"DATE","ADMIN_DOSE1_DAILY","ADMIN_DOSE1_CUMULATIVE","ADMIN_DOSE2_DAILY","ADMIN_DOSE2_CUMULATIVE","ADMIN_SINGLE_DAILY","ADMIN_SINGLE_CUMULATIVE","ADMIN_ALLDOSES_DAILY","ADMIN_ALLDOSES_7DAYAVG","ADMIN_ALLDOSES_CUMULATIVE","INCOMPLETE"
"2020-12-14",78,78,0,0,0,0,78,,78,0
"2020-12-15",2050,2128,3,3,4,4,2057,,2135,0
"2020-12-16",4571,6699,14,17,1,5,4586,,6721,0
"2020-12-17",4653,11352,15,32,0,5,4668,,11389,0
"2020-12-18",5799,17151,28,60,2,7,5829,,17218,0
"2020-12-19",1686,18837,5,65,3,10,1694,,18912,0
"2020-12-20",1108,19945,2,67,1,11,1111,2860.43,20023,0
"2020-12-21",6269,26214,12,79,1,12,6282,3746.71,26305,0
"2020-12-22",9773,35987,23,102,2,14,9798,4852.57,36103,0
"2020-12-23",14235,50222,42,144,2,16,14279,6237.29,50382,0
"2020-12-24",7202,57424,52,196,1,17,7255,6606.86,57637,0
"2020-12-25",179,57603,0,196,0,17,179,5799.71,57816,0
"2020-12-26",4330,61933,35,231,0,17,4365,6181.29,62181,0
"2020-12-27",3829,65762,9,240,0,17,3838,6570.86,66019,0
"2020-12-28",10976,76738,39,279,1,18,11016,7247.14,77035,0
"2020-12-29",10697,87435,29,308,2,20,10728,7380,87763,0
"2020-12-30",12783,100218,47,355,0,20,12830,7173,100593,0
"2020-12-31",7239,107457,23,378,0,20,7262,7174,107855,0
"2021-01-01",179,107636,2,380,1,21,182,7174.43,108037,0
"2021-01-02",3805,111441,10,390,2,23,3817,7096.14,111854,0
"2021-01-03",3524,114965,21,411,1,24,3546,7054.43,115400,0
"2021-01-04",12197,127162,795,1206,0,24,12992,7336.71,128392,0
"2021-01-05",13989,141151,2159,3365,0,24,16148,8111,144540,0
"2021-01-06",17720,158871,3895,7260,0,24,21615,9366,166155,0
"2021-01-07",16429,175300,5138,12398,3,27,21570,11410,187725,0
"2021-01-08",16457,191757,5373,17771,0,27,21830,14502.57,209555,0
"2021-01-09",7655,199412,1444,19215,1,28,9100,15257.29,218655,0
"2021-01-10",7888,207300,960,20175,0,28,8848,16014.71,227503,0
"2021-01-11",25628,232928,7317,27492,1,29,32946,18865.29,260449,0
"2021-01-12",27901,260829,7796,35288,1,30,35698,21658.14,296147,0
"2021-01-13",31445,292274,9323,44611,1,31,40769,24394.43,336916,0
"2021-01-14",35522,327796,5277,49888,1,32,40800,27141.57,377716,0
"2021-01-15",28985,356781,3570,53458,2,34,32557,28674,410273,0
"2021-01-16",30155,386936,2316,55774,0,34,32471,32012.71,442744,0
"2021-01-17",23822,410758,1570,57344,0,34,25392,34376.14,468136,0
"2021-01-18",26918,437676,2343,59687,0,34,29261,33849.71,497397,0
"2021-01-19",33926,471602,9531,69218,1,35,43458,34958.29,540855,0
"2021-01-20",34450,506052,9368,78586,1,36,43819,35394,584674,0
"2021-01-21",25196,531248,7981,86567,0,36,33177,34305,617851,0
"2021-01-22",24247,555495,4348,90915,0,36,28595,33739,646446,0
"2021-01-23",15302,570797,3190,94105,0,36,18492,31742,664938,0
"2021-01-24",6966,577763,3406,97511,0,36,10372,29596.29,675310,0
"2021-01-25",13019,590782,11698,109209,0,36,24717,28947.14,700027,0
"2021-01-26",16333,607115,10583,119792,0,36,26916,26584,726943,0
"2021-01-27",20349,627464,12194,131986,0,36,32543,24973.14,759486,0
"2021-01-28",30415,657879,12679,144665,0,36,43094,26389.86,802580,0
"2021-01-29",31348,689227,11278,155943,0,36,42626,28394.29,845206,0
"2021-01-30",18427,707654,3668,159611,0,36,22095,28909,867301,0
"2021-01-31",12939,720593,2853,162464,0,36,15792,29683.29,883093,0
"2021-02-01",1122,721715,5287,167751,2,38,6411,27068.14,889504,0
"2021-02-02",2785,724500,9250,177001,2,40,12037,24942.57,901541,0
"2021-02-03",16194,740694,20754,197755,3,43,36951,25572.29,938492,0
"2021-02-04",26745,767439,19192,216947,2,45,45939,25978.71,984431,0
"2021-02-05",27260,794699,19597,236544,0,45,46857,26583.14,1031288,0
"2021-02-06",22753,817452,11083,247627,0,45,33836,28260.43,1065124,0
"2021-02-07",12037,829489,8152,255779,0,45,20189,28888.57,1085313,0
"2021-02-08",16738,846227,23166,278945,2,47,39906,33673.57,1125219,0
"2021-02-09",16976,863203,27676,306621,2,49,44654,38333.14,1169873,0
"2021-02-10",19425,882628,28816,335437,1,50,48242,39946.14,1218115,0
"2021-02-11",27680,910308,32954,368391,2,52,60636,42045.71,1278751,0
"2021-02-12",38261,948569,30188,398579,3,55,68452,45130.71,1347203,0
"2021-02-13",27771,976340,24838,423417,2,57,52611,47812.86,1399814,0
"2021-02-14",16203,992543,23427,446844,0,57,39630,50590.14,1439444,0
"2021-02-15",12619,1005162,10288,457132,1,58,22908,48161.86,1462352,0
"2021-02-16",14054,1019216,26210,483342,0,58,40264,47534.71,1502616,0
"2021-02-17",16114,1035330,21657,504999,1,59,37772,46039,1540388,0
"2021-02-18",11977,1047307,24594,529593,22,81,36593,42604.29,1576981,0
"2021-02-19",13053,1060360,23566,553159,39,120,36658,38062.29,1613639,0
"2021-02-20",11143,1071503,25812,578971,6,126,36961,35826.57,1650600,0
"2021-02-21",6279,1077782,17285,596256,15,141,23579,33533.57,1674179,0
"2021-02-22",12681,1090463,11623,607879,2,143,24306,33733.29,1698485,0
"2021-02-23",24926,1115389,13941,621820,1,144,38868,33533.86,1737353,0
"2021-02-24",35982,1151371,19831,641651,0,144,55813,36111.14,1793166,0
"2021-02-25",54359,1205730,29624,671275,7,151,83990,42882.14,1877156,0
"2021-02-26",62641,1268371,31025,702300,4,155,93670,51026.71,1970826,0
"2021-02-27",51148,1319519,22111,724411,49,204,73308,56219.14,2044134,0
"2021-02-28",44643,1364162,13424,737835,4,208,58071,61146.57,2102205,0
"2021-03-01",39020,1403182,12114,749949,8,216,51142,64980.29,2153347,0
"2021-03-02",46781,1449963,11858,761807,7,223,58646,67805.71,2211993,0
"2021-03-03",48215,1498178,15448,777255,16,239,63679,68929.43,2275672,0
"2021-03-04",59468,1557646,22170,799425,1088,1327,82726,68748.86,2358398,0
"2021-03-05",60598,1618244,23708,823133,3109,4436,87415,67855.29,2445813,0
"2021-03-06",46900,1665144,18416,841549,5432,9868,70748,67489.57,2516561,0
"2021-03-07",35947,1701091,14551,856100,6238,16106,56736,67298.86,2573297,0
"2021-03-08",39347,1740438,14303,870403,8547,24653,62197,68878.14,2635494,0
"2021-03-09",38790,1779228,12088,882491,7768,32421,58646,68878.14,2694140,0
"2021-03-10",51344,1830572,14344,896835,5048,37469,70736,69886.29,2764876,0
"2021-03-11",59826,1890398,20764,917599,4570,42039,85160,70234,2850036,0
"2021-03-12",51915,1942313,29354,946953,4134,46173,85403,69946.57,2935439,0
"2021-03-13",40495,1982808,26333,973286,5102,51275,71930,70115.43,3007369,0
"2021-03-14",30652,2013460,15514,988800,4545,55820,50711,69254.71,3058080,0
"2021-03-15",33324,2046784,16302,1005102,4785,60605,54411,68142.43,3112491,0
"2021-03-16",38404,2085188,19457,1024559,4914,65519,62775,68732.29,3175266,0
"2021-03-17",42372,2127560,23698,1048257,4243,69762,70313,68671.86,3245579,0
"2021-03-18",50327,2177887,25762,1074019,5282,75044,81371,68130.57,3326950,0
"2021-03-19",47584,2225471,28809,1102828,5616,80660,82009,67645.71,3408959,0
"2021-03-20",38612,2264083,24955,1127783,4682,85342,68249,67119.86,3477208,0
"2021-03-21",29239,2293322,18532,1146315,771,86113,48542,66810,3525750,0
"2021-03-22",33715,2327037,25617,1171932,4023,90136,63355,68087.71,3589105,0
"2021-03-23",38234,2365271,31555,1203487,4202,94338,73991,69690,3663096,0
"2021-03-24",41352,2406623,36311,1239798,4826,99164,82489,71429.43,3745585,0
"2021-03-25",43236,2449859,49086,1288884,5036,104200,97358,73713.29,3842943,0
"2021-03-26",38348,2488207,53690,1342574,4299,108499,96337,75760.14,3939280,0
"2021-03-27",35701,2523908,44000,1386574,2919,111418,82620,77813.14,4021900,0
"2021-03-28",26386,2550294,32982,1419556,1475,112893,60843,79570.43,4082743,0
"2021-03-29",34700,2584994,37114,1456670,3248,116141,75062,81242.86,4157805,0
"2021-03-30",40352,2625346,40534,1497204,3699,119840,84585,82756.29,4242390,0
"2021-03-31",49270,2674616,43367,1540571,7422,127262,100059,85266.29,4342449,0
"2021-04-01",50532,2725148,52920,1593491,11164,138426,114616,87731.71,4457065,0
"2021-04-02",43537,2768685,52888,1646379,11876,150302,108301,89440.86,4565366,0
"2021-04-03",39107,2807792,38369,1684748,9773,160075,87249,90102.14,4652615,0
"2021-04-04",26493,2834285,23835,1708583,3862,163937,54190,89151.71,4706805,0
"2021-04-05",41701,2875986,33704,1742287,11112,175049,86517,90788.14,4793322,0
"2021-04-06",52975,2928961,34419,1776706,13105,188154,100499,93061.57,4893821,0
"2021-04-07",55360,2984321,39743,1816449,14324,202478,109427,94399.86,5003248,0
"2021-04-08",59074,3043395,45557,1862006,16238,218716,120869,95293.14,5124117,0
"2021-04-09",56383,3099778,43751,1905757,17370,236086,117504,96607.86,5241621,0
"2021-04-10",49200,3148978,35383,1941140,12591,248677,97174,98025.71,5338795,0
"2021-04-11",38118,3187096,28700,1969840,7530,256207,74348,100905.43,5413143,0
"2021-04-12",46487,3233583,31514,2001354,13423,269630,91424,101606.43,5504567,0
"2021-04-13",52368,3285951,33409,2034763,362,269992,86139,99555,5590706,0
"2021-04-14",50005,3335956,39546,2074309,20,270012,89571,96718.43,5680277,0
"2021-04-15",51989,3387945,43228,2117537,13,270025,95230,93055.71,5775507,0
"2021-04-16",51041,3438986,41887,2159424,29,270054,92957,89549,5868464,0
"2021-04-17",43760,3482746,35449,2194873,3,270057,79212,86983,5947676,0
"2021-04-18",28617,3511363,29249,2224122,7,270064,57873,84629.43,6005549,0
"2021-04-19",37348,3548711,36138,2260260,22,270086,73508,82070,6079057,0
"2021-04-20",40711,3589422,39334,2299594,18,270104,80063,81202,6159120,0
"2021-04-21",38867,3628289,45595,2345189,12,270116,84474,80473.86,6243594,0
"2021-04-22",38474,3666763,48538,2393727,4,270120,87016,79300.43,6330610,0
"2021-04-23",39612,3706375,43983,2437710,5,270125,83600,77963.71,6414210,0
"2021-04-24",31864,3738239,41319,2479029,44,270169,73227,77108.71,6487437,0
"2021-04-25",18395,3756634,31140,2510169,84,270253,49619,75929.57,6537056,0
"2021-04-26",26855,3783489,40426,2550595,1013,271266,68294,75184.71,6605350,0
"2021-04-27",28563,3812052,46758,2597353,1690,272956,77011,74748.71,6682361,0
"2021-04-28",27103,3839155,56390,2653743,2132,275088,85625,74913.14,6767986,0
"2021-04-29",28706,3867861,56743,2710486,2126,277214,87575,74993,6855561,0
"2021-04-30",30156,3898017,51526,2762012,2023,279237,83705,75008,6939266,0
"2021-05-01",22512,3920529,44237,2806249,1165,280402,67914,74249,7007180,0
"2021-05-02",11937,3932466,36526,2842775,1078,281480,49541,74237.86,7056721,0
"2021-05-03",17998,3950464,52711,2895486,2375,283855,73084,74922.14,7129805,0
"2021-05-04",22729,3973193,56296,2951782,2316,286171,81341,75540.71,7211146,0
"2021-05-05",21496,3994689,48491,3000273,2302,288473,72289,73635.57,7283435,0
"2021-05-06",20696,4015385,49845,3050118,2499,290972,73040,71559.14,7356475,0
"2021-05-07",21309,4036694,51779,3101897,2791,293763,75879,70441.14,7432354,0
"2021-05-08",16660,4053354,41638,3143535,1834,295597,60132,69329.43,7492486,0
"2021-05-09",7985,4061339,29349,3172884,1260,296857,38594,67765.57,7531080,0
"2021-05-10",14376,4075715,38254,3211138,2348,299205,54978,65179,7586058,0
"2021-05-11",19946,4095661,42790,3253928,2505,301710,65241,62879,7651299,0
"2021-05-12",17828,4113489,40256,3294184,3583,305293,61667,61361.57,7712966,0
"2021-05-13",24947,4138436,40201,3334385,3218,308511,68366,60693.86,7781332,0
"2021-05-14",26986,4165422,42627,3377012,3524,312035,73137,60302.14,7854469,0
"2021-05-15",23683,4189105,34718,3411730,3357,315392,61758,60534.43,7916227,0
"2021-05-16",15542,4204647,19333,3431063,2499,317891,37374,60360.14,7953601,0
"2021-05-17",22628,4227275,28881,3459944,3243,321134,54752,60327.86,8008353,0
"2021-05-18",24594,4251869,31720,3491664,3385,324519,59699,59536.14,8068052,0
"2021-05-19",24193,4276062,29550,3521214,3025,327544,56768,58836.29,8124820,0
"2021-05-20",24141,4300203,29861,3551075,3131,330675,57133,57231.57,8181953,0
"2021-05-21",24674,4324877,31694,3582769,3052,333727,59420,55272,8241373,0
"2021-05-22",20004,4344881,24222,3606991,2522,336249,46748,53127.71,8288121,0
"2021-05-23",11239,4356120,13677,3620668,1408,337657,26324,51549.14,8314445,0
"2021-05-24",18844,4374964,22973,3643641,2743,340400,44560,50093.14,8359005,0
"2021-05-25",19425,4394389,23190,3666831,2588,342988,45203,48022.29,8404208,0
"2021-05-26",18725,4413114,20921,3687752,2684,345672,42330,45959.71,8446538,0
"2021-05-27",18428,4431542,21056,3708808,2521,348193,42005,43798.57,8488543,0
"2021-05-28",17874,4449416,22737,3731545,2725,350918,43336,41500.86,8531879,0
"2021-05-29",12708,4462124,17724,3749269,1752,352670,32184,39420.29,8564063,0
"2021-05-30",7041,4469165,8921,3758190,1073,353743,17035,38093.29,8581098,0
"2021-05-31",4758,4473923,6873,3765063,1010,354753,12641,33533.43,8593739,0
"2021-06-01",16044,4489967,25015,3790078,2157,356910,43216,33249.57,8636955,0
"2021-06-02",15325,4505292,20249,3810327,2087,358997,37661,32582.57,8674616,0
"2021-06-03",15016,4520308,23633,3833960,2276,361273,40925,32428.29,8715541,0
"2021-06-04",14707,4535015,25800,3859760,2476,363749,42983,32377.86,8758524,0
"2021-06-05",10978,4545993,21947,3881707,1802,365551,34727,32741.14,8793251,0
"2021-06-06",6463,4552456,14383,3896090,1220,366771,22066,33459.86,8815317,0
"2021-06-07",11725,4564181,21604,3917694,2368,369139,35697,36753.57,8851014,0
"2021-06-08",12651,4576832,23843,3941537,2058,371197,38552,36087.29,8889566,0
"2021-06-09",11141,4587973,22848,3964385,2283,373480,36272,35888.86,8925838,0
"2021-06-10",12079,4600052,22053,3986438,2456,375936,36588,35269.29,8962426,0
"2021-06-11",12704,4612756,24955,4011393,2462,378398,40121,34860.43,9002547,0
"2021-06-12",10190,4622946,19218,4030611,1879,380277,31287,34369,9033834,0
"2021-06-13",4256,4627202,10912,4041523,1219,381496,16387,33557.71,9050221,0
"2021-06-14",10198,4637400,19096,4060619,2042,383538,31336,32934.71,9081557,0
"2021-06-15",11888,4649288,20860,4081479,1937,385475,34685,32382.29,9116242,0
"2021-06-16",11593,4660881,19299,4100778,1951,387426,32843,31892.43,9149085,0
"2021-06-17",11043,4671924,18617,4119395,1964,389390,31624,31183.29,9180709,0
"2021-06-18",12172,4684096,18343,4137738,2109,391499,32624,30112.29,9213333,0
"2021-06-19",8503,4692599,13455,4151193,1457,392956,23415,28987.71,9236748,0
"2021-06-20",4354,4696953,7156,4158349,923,393879,12433,28422.86,9249181,0
"2021-06-21",10181,4707134,9917,4168266,1794,395673,21892,27073.71,9271073,0
"2021-06-22",9835,4716969,15543,4183809,1579,397252,26957,25969.71,9298030,0
"2021-06-23",10326,4727295,15025,4198834,1856,399108,27207,25164.57,9325237,0
"2021-06-24",9683,4736978,14598,4213432,1794,400902,26075,24371.86,9351312,0
"2021-06-25",10588,4747566,14274,4227706,1710,402612,26572,23507.29,9377884,0
"2021-06-26",7832,4755398,10376,4238082,1235,403847,19443,22939.86,9397327,0
"2021-06-27",5031,4760429,5968,4244050,794,404641,11793,22848.43,9409120,0
"2021-06-28",9036,4769465,10231,4254281,1527,406168,20794,22691.57,9429914,0
"2021-06-29",9748,4779213,12201,4266482,1341,407509,23290,22167.71,9453204,0
"2021-06-30",9429,4788642,10834,4277316,1477,408986,21740,21386.71,9474944,0
"2021-07-01",9355,4797997,10822,4288138,1415,410401,21592,20746.29,9496536,0
"2021-07-02",9675,4807672,11308,4299446,1535,411936,22518,20167.14,9519054,0
"2021-07-03",7053,4814725,8347,4307793,1192,413128,16592,19759.86,9535646,0
"2021-07-04",1296,4816021,1322,4309115,567,413695,3185,18530.14,9538831,0
"2021-07-05",6482,4822503,7054,4316169,1205,414900,14741,17665.43,9553572,0
"2021-07-06",9525,4832028,12702,4328871,1297,416197,23524,17698.86,9577096,0
"2021-07-07",8659,4840687,10967,4339838,1406,417603,21032,17597.71,9598128,0
"2021-07-08",8179,4848866,10086,4349924,1255,418858,19520,17301.71,9617648,0
"2021-07-09",8356,4857222,10711,4360635,1273,420131,20340,16990.57,9637988,0
"2021-07-10",7109,4864331,8575,4369210,1130,421261,16814,17022.29,9654802,0
"2021-07-11",4113,4868444,4520,4373730,701,421962,9334,17900.71,9664136,0
"2021-07-12",8419,4876863,9451,4383181,1235,423197,19105,18524.14,9683241,0
"2021-07-13",9446,4886309,9267,4392448,946,424143,19659,17972,9702900,0
"2021-07-14",8984,4895293,9448,4401896,1000,425143,19432,17743.43,9722332,0
"2021-07-15",8743,4904036,9048,4410944,1043,426186,18834,17645.43,9741166,0
"2021-07-16",9214,4913250,9686,4420630,967,427153,19867,17577.86,9761033,0
"2021-07-17",6857,4920107,7342,4427972,789,427942,14988,17317,9776021,0
"2021-07-18",4260,4924367,4272,4432244,568,428510,9100,17283.57,9785121,0
"2021-07-19",9077,4933444,8381,4440625,993,429503,18451,17190.14,9803572,0
"2021-07-20",10578,4944022,8669,4449294,989,430492,20236,17272.57,9823808,0
"2021-07-21",10058,4954080,8657,4457951,903,431395,19618,17299.14,9843426,0
"2021-07-22",10642,4964722,8445,4466396,1038,432433,20125,17483.57,9863551,0
"2021-07-23",11209,4975931,8785,4475181,1101,433534,21095,17659,9884646,0
"2021-07-24",7413,4983344,6697,4481878,669,434203,14779,17629.14,9899425,0
"2021-07-25",5486,4988830,2104,4483982,506,434709,8096,17485.71,9907521,0
"2021-07-26",10869,4999699,6944,4490926,853,435562,18666,17516.43,9926187,0
"2021-07-27",12052,5011751,8520,4499446,849,436411,21421,17685.71,9947608,0
"2021-07-28",11963,5023714,7956,4507402,933,437344,20852,17862,9968460,0
"2021-07-29",10929,5034643,7339,4514741,973,438317,19241,17735.71,9987701,0
"2021-07-30",14914,5049557,7928,4522669,1136,439453,23978,18147.57,10011679,0
"2021-07-31",9754,5059311,6272,4528941,813,440266,16839,18441.86,10028518,0
"2021-08-01",6496,5065807,3293,4532234,554,440820,10343,18762.86,10038861,0
"2021-08-02",13422,5079229,7112,4539346,838,441658,21372,19149.43,10060233,0
"2021-08-03",15356,5094585,8304,4547650,1006,442664,24666,19613,10084899,0
"2021-08-04",17147,5111732,8008,4555658,1422,444086,26577,20430.86,10111476,0
"2021-08-05",17777,5129509,7786,4563444,1335,445421,26898,21524.71,10138374,0
"2021-08-06",18138,5147647,8283,4571727,1217,446638,27638,22047.57,10166012,0
"2021-08-07",13349,5160996,5973,4577700,794,447432,20116,22515.71,10186128,0
"2021-08-08",9321,5170317,3815,4581515,396,447828,13532,22971.29,10199660,0
"2021-08-09",21257,5191574,8426,4589941,955,448783,30638,24295,10230298,0
"2021-08-10",18850,5210424,9214,4599155,886,449669,28950,24907,10259248,0
"2021-08-11",15553,5225977,8225,4607380,810,450479,24588,24622.86,10283836,0
"2021-08-12",15024,5241001,8862,4616242,920,451399,24806,24324,10308642,0
"2021-08-13",14862,5255863,9150,4625392,900,452299,24912,23934.57,10333554,0
"2021-08-14",10409,5266272,6342,4631734,618,452917,17369,23542.14,10350923,0
"2021-08-15",6707,5272979,4450,4636184,671,453588,11828,23298.71,10362751,0
"2021-08-16",15670,5288649,9184,4645368,1139,454727,25993,22635.14,10388744,0
"2021-08-17",17713,5306362,10344,4655712,1197,455924,29254,22678.57,10417998,0
"2021-08-18",17422,5323784,10198,4665910,1216,457140,28836,23285.43,10446834,0
"2021-08-19",16217,5340001,9348,4675258,1297,458437,26862,23579.14,10473696,0
"2021-08-20",16118,5356119,11388,4686646,1216,459653,28722,24123.43,10502418,0
"2021-08-21",11139,5367258,7954,4694600,845,460498,19938,24490.43,10522356,0
"2021-08-22",4078,5371336,3878,4698478,260,460758,8216,23974.43,10530572,0
"2021-08-23",15477,5386813,11626,4710104,994,461752,28097,24275,10558669,0
"2021-08-24",16809,5403622,12424,4722528,972,462724,30205,24410.86,10588874,0
"2021-08-25",14444,5418066,12249,4734777,1080,463804,27773,24259,10616647,0
"2021-08-26",16025,5434091,13849,4748626,1051,464855,30925,24839.43,10647572,0
"2021-08-27",14681,5448772,14615,4763241,936,465791,30232,25055.14,10677804,0
"2021-08-28",10683,5459455,11369,4774610,821,466612,22873,25474.43,10700677,0
"2021-08-29",7211,5466666,7435,4782045,521,467133,15167,26467.43,10715844,0
"2021-08-30",15394,5482060,16650,4798695,1050,468183,33094,27181.29,10748938,0
"2021-08-31",15355,5497415,15723,4814418,927,469110,32005,27438.43,10780943,0
"2021-09-01",14522,5511937,13712,4828130,964,470074,29198,27642,10810141,0
"2021-09-02",14182,5526119,12294,4840424,868,470942,27344,27130.43,10837485,0
"2021-09-03",14792,5540911,14029,4854453,927,471869,29748,27061.29,10867233,0
"2021-09-04",9571,5550482,9230,4863683,650,472519,19451,26572.43,10886684,0
"2021-09-05",6786,5557268,5466,4869149,420,472939,12672,26216,10899356,0
"2021-09-06",5182,5562450,4437,4873586,350,473289,9969,22912.43,10909325,0
"2021-09-07",15260,5577710,17286,4890872,881,474170,33427,23115.57,10942752,0
"2021-09-08",15889,5593599,14493,4905365,1036,475206,31418,23432.71,10974170,0
"2021-09-09",15818,5609417,14396,4919761,1009,476215,31223,23986.86,11005393,0
"2021-09-10",18122,5627539,14873,4934634,1155,477370,34150,24615.71,11039543,0
"2021-09-11",12295,5639834,9988,4944622,829,478199,23112,25138.71,11062655,0
"2021-09-12",8402,5648236,4954,4949576,701,478900,14057,25336.57,11076712,0
"2021-09-13",16389,5664625,12312,4961888,841,479741,29542,28132.71,11106254,0
"2021-09-14",15767,5680392,13003,4974891,774,480515,29544,27578,11135798,120000
"2021-09-15",15099,5695491,12092,4986983,662,481177,27853,27068.71,11163651,120000
"2021-09-16",14807,5710298,13255,5000238,1089,482266,29151,26772.71,11192802,120000
"2021-09-17",13719,5724017,13134,5013372,799,483065,27652,25844.43,11220454,120000
"2021-09-18",9602,5733619,9669,5023041,723,483788,19994,25399,11240448,120000
"2021-09-19",5006,5738625,4841,5027882,486,484274,10333,24867,11250781,120000
"2021-09-20",3762,5742387,3768,5031650,474,484748,8004,21790.14,11258785,120000
