"DATE","ADMIN_DOSE1_DAILY","ADMIN_DOSE1_CUMULATIVE","ADMIN_DOSE2_DAILY","ADMIN_DOSE2_CUMULATIVE","ADMIN_SINGLE_DAILY","ADMIN_SINGLE_CUMULATIVE","ADMIN_ADDITIONAL1_DAILY","ADMIN_ADDITIONAL1_CUMULATIVE","ADMIN_ADDITIONAL2_DAILY","ADMIN_ADDITIONAL2_CUMULATIVE","ADMIN_ADDITIONAL_DAILY","ADMIN_ADDITIONAL_CUMULATIVE","ADMIN_ALLDOSES_DAILY","ADMIN_ALLDOSES_7DAYAVG","ADMIN_ALLDOSES_CUMULATIVE","INCOMPLETE"
"2020-12-14",79,79,0,0,0,0,0,0,0,0,0,0,79,,79,0
"2020-12-15",2051,2130,6,6,4,4,0,0,0,0,0,0,2061,,2140,0
"2020-12-16",4606,6736,15,21,1,5,1,1,0,0,1,1,4623,,6763,0
"2020-12-17",4657,11393,18,39,0,5,1,2,0,0,1,2,4676,,11439,0
"2020-12-18",5832,17225,18,57,2,7,2,4,0,0,2,4,5854,,17293,0
"2020-12-19",1689,18914,7,64,3,10,0,4,0,0,0,4,1699,,18992,0
"2020-12-20",1116,20030,2,66,1,11,0,4,0,0,0,4,1119,2873,20111,0
"2020-12-21",6341,26371,20,86,0,11,5,9,0,0,5,9,6366,3771.14,26477,0
"2020-12-22",9794,36165,27,113,2,13,1,10,0,0,1,10,9824,4880.14,36301,0
"2020-12-23",14273,50438,36,149,3,16,1,11,0,0,1,11,14313,6264.43,50614,0
"2020-12-24",7197,57635,26,175,1,17,0,11,0,0,0,11,7224,6628.43,57838,0
"2020-12-25",180,57815,0,175,0,17,1,12,0,0,1,12,181,5818,58019,0
"2020-12-26",4388,62203,45,220,0,17,1,13,0,0,1,13,4434,6208.71,62453,0
"2020-12-27",3870,66073,14,234,0,17,1,14,0,0,1,14,3885,6603.86,66338,0
"2020-12-28",10993,77066,49,283,1,18,2,16,0,0,2,16,11045,7272.29,77383,0
"2020-12-29",10718,87784,35,318,2,20,2,18,0,0,2,18,10757,7405.57,88140,0
"2020-12-30",12824,100608,44,362,0,20,0,18,0,0,0,18,12868,7199.14,101008,0
"2020-12-31",7262,107870,34,396,1,21,0,18,0,0,0,18,7297,7209.57,108305,0
"2021-01-01",181,108051,2,398,1,22,3,21,0,0,3,21,187,7210.43,108492,0
"2021-01-02",3809,111860,10,408,2,24,2,23,0,0,2,23,3823,7123.14,112315,0
"2021-01-03",3542,115402,24,432,2,26,1,24,0,0,1,24,3569,7078,115884,0
"2021-01-04",12256,127658,807,1239,2,28,6,30,0,0,6,30,13071,7367.43,128955,0
"2021-01-05",14091,141749,2190,3429,2,30,13,43,1,1,14,44,16297,8158.86,145252,0
"2021-01-06",17801,159550,3925,7354,1,31,29,72,8,9,37,81,21764,9429.71,167016,0
"2021-01-07",16551,176101,5171,12525,4,35,45,117,3,12,48,129,21774,11497.86,188790,0
"2021-01-08",16620,192721,5455,17980,0,35,33,150,4,16,37,166,22112,14630,210902,0
"2021-01-09",7652,200373,1462,19442,1,36,7,157,2,18,9,175,9124,15387.29,220026,0
"2021-01-10",7881,208254,983,20425,0,36,10,167,0,18,10,185,8874,16145.14,228900,0
"2021-01-11",25825,234079,7454,27879,2,38,48,215,8,26,56,241,33337,19040.29,262237,0
"2021-01-12",28257,262336,7858,35737,1,39,44,259,5,31,49,290,36165,21878.57,298402,0
"2021-01-13",31723,294059,9387,45124,1,40,57,316,4,35,61,351,41172,24651.14,339574,0
"2021-01-14",35813,329872,5318,50442,1,41,30,346,7,42,37,388,41169,27421.86,380743,0
"2021-01-15",29266,359138,3703,54145,2,43,31,377,5,47,36,424,33007,28978.29,413750,0
"2021-01-16",30289,389427,2378,56523,0,43,24,401,6,53,30,454,32697,32345.86,446447,0
"2021-01-17",23748,413175,1630,58153,0,43,19,420,1,54,20,474,25398,34706.43,471845,0
"2021-01-18",27103,440278,2412,60565,0,43,36,456,7,61,43,517,29558,34166.57,501403,0
"2021-01-19",34295,474573,9629,70194,1,44,69,525,6,67,75,592,44000,35285.86,545403,0
"2021-01-20",34868,509441,9493,79687,1,45,58,583,4,71,62,654,44424,35750.43,589827,0
"2021-01-21",25591,535032,8092,87779,2,47,49,632,5,76,54,708,33739,34689,623566,0
"2021-01-22",24755,559787,4382,92161,1,48,32,664,7,83,39,747,29177,34141.86,652743,0
"2021-01-23",15743,575530,3224,95385,0,48,10,674,2,85,12,759,18979,32182.14,671722,0
"2021-01-24",7179,582709,3453,98838,0,48,19,693,1,86,20,779,10652,30075.57,682374,0
"2021-01-25",13412,596121,11819,110657,0,48,65,758,12,98,77,856,25308,29468.43,707682,0
"2021-01-26",16764,612885,10752,121409,0,48,68,826,2,100,70,926,27586,27123.57,735268,0
"2021-01-27",20836,633721,12355,133764,0,48,53,879,8,108,61,987,33252,25527.57,768520,0
"2021-01-28",30764,664485,12848,146612,0,48,80,959,16,124,96,1083,43708,26951.71,812228,0
"2021-01-29",31693,696178,11507,158119,0,48,79,1038,10,134,89,1172,43289,28967.71,855517,0
"2021-01-30",18706,714884,3743,161862,0,48,20,1058,2,136,22,1194,22471,29466.57,877988,0
"2021-01-31",13017,727901,2923,164785,1,49,29,1087,4,140,33,1227,15974,30226.86,893962,0
"2021-02-01",1179,729080,5370,170155,4,53,35,1122,4,144,39,1266,6592,27553.14,900554,0
"2021-02-02",2827,731907,9475,179630,2,55,47,1169,4,148,51,1317,12355,25377.29,912909,0
"2021-02-03",16348,748255,21246,200876,4,59,202,1371,19,167,221,1538,37819,26029.71,950728,0
"2021-02-04",27046,775301,19650,220526,3,62,200,1571,10,177,210,1748,46909,26487,997637,0
"2021-02-05",27591,802892,20041,240567,0,62,179,1750,15,192,194,1942,47826,27135.14,1045463,0
"2021-02-06",22991,825883,11246,251813,0,62,110,1860,12,204,122,2064,34359,28833.43,1079822,0
"2021-02-07",12040,837923,8284,260097,1,63,91,1951,14,218,105,2169,20430,29470,1100252,0
"2021-02-08",16958,854881,23519,283616,2,65,232,2183,34,252,266,2435,40745,34349,1140997,0
"2021-02-09",17190,872071,28108,311724,2,67,337,2520,42,294,379,2814,45679,39109.57,1186676,0
"2021-02-10",19591,891662,29311,341035,2,69,255,2775,49,343,304,3118,49208,40736.57,1235884,0
"2021-02-11",27848,919510,33472,374507,2,71,337,3112,57,400,394,3512,61716,42851.86,1297600,0
"2021-02-12",38390,957900,30803,405310,3,74,352,3464,38,438,390,3902,69586,45960.43,1367186,0
"2021-02-13",28005,985905,25316,430626,2,76,304,3768,52,490,356,4258,53679,48720.43,1420865,0
"2021-02-14",16278,1002183,23733,454359,0,76,264,4032,31,521,295,4553,40306,51559.86,1461171,0
"2021-02-15",12795,1014978,10528,464887,2,78,171,4203,23,544,194,4747,23519,49099,1484690,0
"2021-02-16",14242,1029220,26730,491617,0,78,322,4525,35,579,357,5104,41329,48477.57,1526019,0
"2021-02-17",16392,1045612,22197,513814,1,79,281,4806,37,616,318,5422,38908,47006.14,1564927,0
"2021-02-18",12151,1057763,24995,538809,21,100,288,5094,42,658,330,5752,37497,43546.29,1602424,0
"2021-02-19",13261,1071024,23938,562747,39,139,303,5397,44,702,347,6099,37585,38974.71,1640009,0
"2021-02-20",11354,1082378,26073,588820,6,145,327,5724,78,780,405,6504,37838,36711.71,1677847,0
"2021-02-21",6360,1088738,17420,606240,15,160,287,6011,44,824,331,6835,24126,34400.29,1701973,0
"2021-02-22",13045,1101783,11847,618087,2,162,125,6136,19,843,144,6979,25038,34617.29,1727011,0
"2021-02-23",25250,1127033,14146,632233,1,163,156,6292,34,877,190,7169,39587,34368.43,1766598,0
"2021-02-24",36359,1163392,20395,652628,0,163,227,6519,38,915,265,7434,57019,36955.71,1823617,0
"2021-02-25",54619,1218011,30394,683022,6,169,397,6916,63,978,460,7894,85479,43810.29,1909096,0
"2021-02-26",62865,1280876,31871,714893,4,173,415,7331,78,1056,493,8387,95233,52045.71,2004329,0
"2021-02-27",51303,1332179,22746,737639,47,220,334,7665,52,1108,386,8773,74482,57280.57,2078811,0
"2021-02-28",44590,1376769,13826,751465,7,227,204,7869,34,1142,238,9011,58661,62214.14,2137472,0
"2021-03-01",39319,1416088,12777,764242,10,237,168,8037,26,1168,194,9205,52300,66108.71,2189772,0
"2021-03-02",47082,1463170,12579,776821,7,244,159,8196,14,1182,173,9378,59841,69002.14,2249613,0
"2021-03-03",48606,1511776,16155,792976,17,261,147,8343,21,1203,168,9546,64946,70134.57,2314559,0
"2021-03-04",59819,1571595,22822,815798,1092,1353,271,8614,34,1237,305,9851,84038,69928.71,2398597,0
"2021-03-05",60988,1632583,24283,840081,3109,4462,334,8948,35,1272,369,10220,88749,69002.43,2487346,0
"2021-03-06",47175,1679758,18883,858964,5451,9913,240,9188,36,1308,276,10496,71785,68617.14,2559131,0
"2021-03-07",36042,1715800,14882,873846,6246,16159,229,9417,20,1328,249,10745,57419,68439.71,2616550,0
"2021-03-08",39631,1755431,14680,888526,8563,24722,313,9730,91,1419,404,11149,63278,70008,2679828,0
"2021-03-09",39106,1794537,12856,901382,7762,32484,180,9910,33,1452,213,11362,59937,70021.71,2739765,0
"2021-03-10",51830,1846367,15356,916738,5066,37550,225,10135,32,1484,257,11619,72509,71102.14,2812274,0
"2021-03-11",59989,1906356,21822,938560,4619,42169,247,10382,49,1533,296,11915,86726,71486.14,2899000,0
"2021-03-12",52202,1958558,30311,968871,4183,46352,375,10757,85,1618,460,12375,87156,71258.57,2986156,0
"2021-03-13",40652,1999210,26688,995559,5110,51462,323,11080,51,1669,374,12749,72824,71407,3058980,0
"2021-03-14",30717,2029927,15970,1011529,4525,55987,242,11322,27,1696,269,13018,51481,70558.71,3110461,0
"2021-03-15",33591,2063518,17258,1028787,4712,60699,233,11555,33,1729,266,13284,55827,69494.29,3166288,0
"2021-03-16",38672,2102190,20514,1049301,4927,65626,256,11811,35,1764,291,13575,64404,70132.43,3230692,0
"2021-03-17",42619,2144809,24796,1074097,4244,69870,342,12153,37,1801,379,13954,72038,70065.14,3302730,0
"2021-03-18",50449,2195258,26809,1100906,5237,75107,368,12521,60,1861,428,14382,82923,69521.86,3385653,0
"2021-03-19",47796,2243054,29962,1130868,5625,80732,389,12910,71,1932,460,14842,83843,69048.57,3469496,0
"2021-03-20",38712,2281766,25841,1156709,4687,85419,295,13205,59,1991,354,15196,69594,68587.14,3539090,0
"2021-03-21",29304,2311070,19355,1176064,769,86188,224,13429,44,2035,268,15464,49696,68332.14,3588786,0
"2021-03-22",33867,2344937,26742,1202806,4037,90225,261,13690,38,2073,299,15763,64945,69634.71,3653731,0
"2021-03-23",38436,2383373,32844,1235650,4218,94443,293,13983,56,2129,349,16112,75847,71269.43,3729578,0
"2021-03-24",41498,2424871,37606,1273256,4848,99291,329,14312,62,2191,391,16503,84343,73027.29,3813921,0
"2021-03-25",43403,2468274,50805,1324061,5055,104346,473,14785,86,2277,559,17062,99822,75441.43,3913743,0
"2021-03-26",38503,2506777,55518,1379579,4309,108655,526,15311,97,2374,623,17685,98953,77600,4012696,0
"2021-03-27",35737,2542514,45758,1425337,2939,111594,417,15728,82,2456,499,18184,84933,79791.29,4097629,0
"2021-03-28",26390,2568904,34459,1459796,1482,113076,335,16063,65,2521,400,18584,62731,81653.43,4160360,0
"2021-03-29",34816,2603720,38874,1498670,3246,116322,342,16405,110,2631,452,19036,77388,83431,4237748,0
"2021-03-30",40512,2644232,41926,1540596,3714,120036,339,16744,65,2696,404,19440,86556,84960.86,4324304,0
"2021-03-31",49398,2693630,44873,1585469,7440,127476,402,17146,88,2784,490,19930,102201,87512,4426505,0
"2021-04-01",50781,2744411,53954,1639423,11276,138752,500,17646,84,2868,584,20514,116595,89908.14,4543100,0
"2021-04-02",43759,2788170,53889,1693312,11971,150723,548,18194,73,2941,621,21135,110240,91520.57,4653340,0
"2021-04-03",39253,2827423,39220,1732532,9860,160583,332,18526,58,2999,390,21525,88723,92062,4742063,0
"2021-04-04",26558,2853981,24788,1757320,3903,164486,224,18750,49,3048,273,21798,55522,91032.14,4797585,0
"2021-04-05",41886,2895867,34489,1791809,11198,175684,371,19121,60,3108,431,22229,88004,92548.71,4885589,0
"2021-04-06",53269,2949136,35616,1827425,13218,188902,432,19553,74,3182,506,22735,102609,94842,4988198,0
"2021-04-07",55508,3004644,40701,1868126,14391,203293,398,19951,80,3262,478,23213,111078,96110.14,5099276,0
"2021-04-08",59264,3063908,46598,1914724,16341,219634,519,20470,85,3347,604,23817,122807,96997.57,5222083,0
"2021-04-09",56652,3120560,44962,1959686,17559,237193,515,20985,76,3423,591,24408,119764,98358.14,5341847,0
"2021-04-10",49347,3169907,35649,1995335,12727,249920,388,21373,61,3484,449,24857,98172,99708,5440019,0
"2021-04-11",38182,3208089,28820,2024155,7681,257601,295,21668,57,3541,352,25209,75035,102495.57,5515054,0
"2021-04-12",46637,3254726,31846,2056001,13502,271103,465,22133,64,3605,529,25738,92514,103139.86,5607568,0
"2021-04-13",52548,3307274,33791,2089792,368,271471,393,22526,62,3667,455,26193,87162,100933.14,5694730,0
"2021-04-14",50148,3357422,39960,2129752,20,271491,369,22895,71,3738,440,26633,90568,98003.14,5785298,0
"2021-04-15",52120,3409542,43685,2173437,16,271507,454,23349,104,3842,558,27191,96379,94227.71,5881677,0
"2021-04-16",51187,3460729,42216,2215653,32,271539,427,23776,68,3910,495,27686,93930,90537.14,5975607,0
"2021-04-17",43837,3504566,35697,2251350,3,271542,363,24139,83,3993,446,28132,79983,87938.71,6055590,0
"2021-04-18",28607,3533173,29369,2280719,7,271549,252,24391,64,4057,316,28448,58299,85547.86,6113889,0
"2021-04-19",37470,3570643,36451,2317170,22,271571,323,24714,64,4121,387,28835,74330,82950.14,6188219,0
"2021-04-20",40813,3611456,39630,2356800,19,271590,313,25027,78,4199,391,29226,80853,82048.86,6269072,0
"2021-04-21",38900,3650356,46017,2402817,16,271606,497,25524,97,4296,594,29820,85527,81328.71,6354599,0
"2021-04-22",38493,3688849,48963,2451780,9,271615,338,25862,74,4370,412,30232,87877,80114.14,6442476,0
"2021-04-23",39696,3728545,44382,2496162,3,271618,349,26211,73,4443,422,30654,84503,78767.43,6526979,0
"2021-04-24",31949,3760494,41603,2537765,44,271662,276,26487,63,4506,339,30993,73935,77903.43,6600914,0
"2021-04-25",18424,3778918,31226,2568991,86,271748,196,26683,57,4563,253,31246,49989,76716.29,6650903,0
"2021-04-26",26969,3805887,40739,2609730,1013,272761,284,26967,86,4649,370,31616,69091,75967.86,6719994,0
"2021-04-27",28575,3834462,47145,2656875,1698,274459,349,27316,91,4740,440,32056,77858,75540,6797852,0
"2021-04-28",27033,3861495,56847,2713722,2147,276606,430,27746,100,4840,530,32586,86557,75687.14,6884409,0
"2021-04-29",28613,3890108,57200,2770922,2149,278755,366,28112,100,4940,466,33052,88428,75765.86,6972837,0
"2021-04-30",30120,3920228,51998,2822920,2055,280810,279,28391,74,5014,353,33405,84526,75769.14,7057363,0
"2021-05-01",22480,3942708,44542,2867462,1177,281987,231,28622,64,5078,295,33700,68494,74991.86,7125857,0
"2021-05-02",11924,3954632,36655,2904117,1081,283068,140,28762,54,5132,194,33894,49854,74972.57,7175711,0
"2021-05-03",18024,3972656,53033,2957150,2383,285451,251,29013,92,5224,343,34237,73783,75642.86,7249494,0
"2021-05-04",22736,3995392,56648,3013798,2331,287782,267,29280,116,5340,383,34620,82098,76248.57,7331592,0
"2021-05-05",21476,4016868,48769,3062567,2313,290095,308,29588,101,5441,409,35029,72967,74307.14,7404559,0
"2021-05-06",20678,4037546,50184,3112751,2508,292603,269,29857,88,5529,357,35386,73727,72207,7478286,0
"2021-05-07",21251,4058797,52096,3164847,2813,295416,308,30165,77,5606,385,35771,76545,71066.86,7554831,0
"2021-05-08",16630,4075427,41870,3206717,1835,297251,230,30395,68,5674,298,36069,60633,69943.86,7615464,0
"2021-05-09",7973,4083400,29416,3236133,1260,298511,147,30542,56,5730,203,36272,38852,68372.14,7654316,0
"2021-05-10",14386,4097786,38536,3274669,2355,300866,233,30775,90,5820,323,36595,55600,65774.57,7709916,0
"2021-05-11",19912,4117698,43062,3317731,2514,303380,282,31057,85,5905,367,36962,65855,63454.14,7775771,0
"2021-05-12",17812,4135510,40549,3358280,3596,306976,227,31284,78,5983,305,37267,62262,61924.86,7838033,0
"2021-05-13",24974,4160484,40432,3398712,3230,310206,260,31544,76,6059,336,37603,68972,61245.57,7907005,0
"2021-05-14",27038,4187522,42927,3441639,3537,313743,261,31805,96,6155,357,37960,73859,60861.86,7980864,0
"2021-05-15",23651,4211173,34919,3476558,3365,317108,253,32058,75,6230,328,38288,62263,61094.71,8043127,0
"2021-05-16",15524,4226697,19454,3496012,2496,319604,121,32179,45,6275,166,38454,37640,60921.57,8080767,0
"2021-05-17",22673,4249370,29146,3525158,3256,322860,177,32356,67,6342,244,38698,55319,60881.43,8136086,0
"2021-05-18",24638,4274008,31911,3557069,3406,326266,238,32594,72,6414,310,39008,60265,60082.86,8196351,0
"2021-05-19",24190,4298198,29721,3586790,3040,329306,225,32819,48,6462,273,39281,57224,59363.14,8253575,0
"2021-05-20",24152,4322350,30100,3616890,3163,332469,262,33081,86,6548,348,39629,57763,57761.86,8311338,0
"2021-05-21",24679,4347029,32003,3648893,3056,335525,244,33325,58,6606,302,39931,60040,55787.71,8371378,0
"2021-05-22",20021,4367050,24364,3673257,2525,338050,163,33488,49,6655,212,40143,47122,53624.71,8418500,0
"2021-05-23",11232,4378282,13734,3686991,1411,339461,92,33580,32,6687,124,40267,26501,52033.43,8445001,0
"2021-05-24",18875,4397157,23161,3710152,2756,342217,213,33793,55,6742,268,40535,45060,50567.86,8490061,0
"2021-05-25",19429,4416586,23382,3733534,2603,344820,172,33965,57,6799,229,40764,45643,48479,8535704,0
"2021-05-26",18783,4435369,21092,3754626,2696,347516,199,34164,48,6847,247,41011,42818,46421,8578522,0
"2021-05-27",18471,4453840,21279,3775905,2529,350045,181,34345,59,6906,240,41251,42519,44243.29,8621041,0
"2021-05-28",17861,4471701,22887,3798792,2751,352796,187,34532,53,6959,240,41491,43739,41914.57,8664780,0
"2021-05-29",12709,4484410,17810,3816602,1755,354551,106,34638,39,6998,145,41636,32419,39814.14,8697199,0
"2021-05-30",7030,4491440,8949,3825551,1074,355625,48,34686,17,7015,65,41701,17118,38473.71,8714317,0
"2021-05-31",4742,4496182,6924,3832475,1012,356637,64,34750,17,7032,81,41782,12759,33859.29,8727076,0
"2021-06-01",16046,4512228,25199,3857674,2177,358814,151,34901,43,7075,194,41976,43616,33569.71,8770692,0
"2021-06-02",15355,4527583,20391,3878065,2095,360909,139,35040,48,7123,187,42163,38028,32885.43,8808720,0
"2021-06-03",15004,4542587,23826,3901891,2281,363190,128,35168,43,7166,171,42334,41282,32708.71,8850002,0
"2021-06-04",14722,4557309,26000,3927891,2492,365682,144,35312,40,7206,184,42518,43398,32660,8893400,0
"2021-06-05",10993,4568302,22090,3949981,1806,367488,115,35427,28,7234,143,42661,35032,33033.29,8928432,0
"2021-06-06",6444,4574746,14485,3964466,1222,368710,88,35515,13,7247,101,42762,22252,33766.71,8950684,0
"2021-06-07",11705,4586451,21783,3986249,2378,371088,139,35654,37,7284,176,42938,36042,37092.86,8986726,0
"2021-06-08",12636,4599087,24024,4010273,2072,373160,120,35774,46,7330,166,43104,38898,36418.86,9025624,0
"2021-06-09",11136,4610223,23027,4033300,2299,375459,135,35909,40,7370,175,43279,36637,36220.14,9062261,0
"2021-06-10",12067,4622290,22234,4055534,2462,377921,138,36047,59,7429,197,43476,36960,35602.71,9099221,0
"2021-06-11",12710,4635000,25122,4080656,2484,380405,156,36203,58,7487,214,43690,40530,35193,9139751,0
"2021-06-12",10166,4645166,19315,4099971,1888,382293,93,36296,42,7529,135,43825,31504,34689,9171255,0
"2021-06-13",4257,4649423,10936,4110907,1219,383512,41,36337,22,7551,63,43888,16475,33863.71,9187730,0
"2021-06-14",10209,4659632,19240,4130147,2043,385555,128,36465,51,7602,179,44067,31671,33239.29,9219401,0
"2021-06-15",11885,4671517,21015,4151162,1943,387498,131,36596,40,7642,171,44238,35014,32684.43,9254415,0
"2021-06-16",11586,4683103,19412,4170574,1957,389455,140,36736,68,7710,208,44446,33163,32188.14,9287578,0
"2021-06-17",11025,4694128,18761,4189335,1973,391428,123,36859,35,7745,158,44604,31917,31467.71,9319495,0
"2021-06-18",12167,4706295,18502,4207837,2116,393544,113,36972,36,7781,149,44753,32934,30382.57,9352429,0
"2021-06-19",8498,4714793,13517,4221354,1459,395003,83,37055,21,7802,104,44857,23578,29250.29,9376007,0
"2021-06-20",4336,4719129,7158,4228512,924,395927,36,37091,17,7819,53,44910,12471,28678.29,9388478,0
"2021-06-21",10162,4729291,10011,4238523,1807,397734,68,37159,27,7846,95,45005,22075,27307.43,9410553,0
"2021-06-22",9839,4739130,15640,4254163,1589,399323,105,37264,28,7874,133,45138,27201,26191.29,9437754,0
"2021-06-23",10313,4749443,15185,4269348,1863,401186,102,37366,30,7904,132,45270,27493,25381.29,9465247,0
"2021-06-24",9686,4759129,14699,4284047,1799,402985,119,37485,26,7930,145,45415,26329,24583,9491576,0
"2021-06-25",10590,4769719,14387,4298434,1721,404706,111,37596,38,7968,149,45564,26847,23713.43,9518423,0
"2021-06-26",7802,4777521,10464,4308898,1251,405957,74,37670,24,7992,98,45662,19615,23147.29,9538038,0
"2021-06-27",5001,4782522,6002,4314900,795,406752,33,37703,14,8006,47,45709,11845,23057.86,9549883,0
"2021-06-28",9036,4791558,10345,4325245,1526,408278,108,37811,26,8032,134,45843,21041,22910.14,9570924,0
"2021-06-29",9744,4801302,12322,4337567,1347,409625,122,37933,31,8063,153,45996,23566,22390.86,9594490,0
"2021-06-30",9435,4810737,10929,4348496,1487,411112,147,38080,16,8079,163,46159,22014,21608.14,9616504,0
"2021-07-01",9396,4820133,10929,4359425,1434,412546,126,38206,24,8103,150,46309,21909,20976.71,9638413,0
"2021-07-02",9693,4829826,11452,4370877,1541,414087,118,38324,22,8125,140,46449,22826,20402.29,9661239,0
"2021-07-03",7056,4836882,8422,4379299,1193,415280,76,38400,17,8142,93,46542,16764,19995,9678003,0
"2021-07-04",1288,4838170,1335,4380634,567,415847,9,38409,3,8145,12,46554,3202,18760.29,9681205,0
"2021-07-05",6497,4844667,7106,4387740,1208,417055,63,38472,22,8167,85,46639,14896,17882.43,9696101,0
"2021-07-06",9512,4854179,12851,4400591,1316,418371,114,38586,37,8204,151,46790,23830,17920.14,9719931,0
"2021-07-07",8667,4862846,11110,4411701,1419,419790,122,38708,19,8223,141,46931,21337,17823.43,9741268,0
"2021-07-08",8209,4871055,10193,4421894,1260,421050,107,38815,21,8244,128,47059,19790,17520.71,9761058,0
"2021-07-09",8374,4879429,10833,4432727,1278,422328,90,38905,18,8262,108,47167,20593,17201.71,9781651,0
"2021-07-10",7104,4886533,8633,4441360,1132,423460,62,38967,20,8282,82,47249,16951,17228.43,9798602,0
"2021-07-11",4105,4890638,4540,4445900,703,424163,34,39001,6,8288,40,47289,9388,18112.14,9807990,0
"2021-07-12",8448,4899086,9560,4455460,1251,425414,82,39083,23,8311,105,47394,19364,18750.43,9827354,0
"2021-07-13",9459,4908545,9393,4464853,952,426366,105,39188,34,8345,139,47533,19943,18195.14,9847297,0
"2021-07-14",9000,4917545,9532,4474385,1011,427377,105,39293,21,8366,126,47659,19669,17956.86,9866966,0
"2021-07-15",8790,4926335,9156,4483541,1054,428431,81,39374,19,8385,100,47759,19100,17858.29,9886066,0
"2021-07-16",9242,4935577,9762,4493303,980,429411,102,39476,30,8415,132,47891,20116,17790.14,9906182,0
"2021-07-17",6842,4942419,7387,4500690,803,430214,80,39556,19,8434,99,47990,15131,17530.14,9921313,0
"2021-07-18",4256,4946675,4284,4504974,576,430790,35,39591,13,8447,48,48038,9164,17498.14,9930477,0
"2021-07-19",9120,4955795,8478,4513452,999,431789,91,39682,22,8469,113,48151,18710,17404.71,9949187,0
"2021-07-20",10649,4966444,8758,4522210,991,432780,95,39777,25,8494,120,48271,20518,17486.86,9969705,0
"2021-07-21",10049,4976493,8765,4530975,903,433683,146,39923,33,8527,179,48450,19896,17519.29,9989601,0
"2021-07-22",10687,4987180,8587,4539562,1046,434729,144,40067,25,8552,169,48619,20489,17717.71,10010090,0
"2021-07-23",11252,4998432,8881,4548443,1114,435843,139,40206,23,8575,162,48781,21409,17902.43,10031499,0
"2021-07-24",7403,5005835,6738,4555181,670,436513,82,40288,24,8599,106,48887,14917,17871.86,10046416,0
"2021-07-25",5477,5011312,2126,4557307,509,437022,58,40346,4,8603,62,48949,8174,17730.43,10054590,0
"2021-07-26",10872,5022184,7004,4564311,859,437881,109,40455,20,8623,129,49078,18864,17752.43,10073454,0
"2021-07-27",12054,5034238,8566,4572877,857,438738,134,40589,38,8661,172,49250,21649,17914,10095103,0
"2021-07-28",11991,5046229,8049,4580926,950,439688,131,40720,27,8688,158,49408,21148,18092.86,10116251,0
"2021-07-29",10934,5057163,7431,4588357,984,440672,133,40853,38,8726,171,49579,19520,17954.43,10135771,0
"2021-07-30",14955,5072118,8013,4596370,1151,441823,181,41034,31,8757,212,49791,24331,18371.86,10160102,0
"2021-07-31",9725,5081843,6316,4602686,815,442638,121,41155,20,8777,141,49932,16997,18669,10177099,0
"2021-08-01",6503,5088346,3309,4605995,564,443202,81,41236,20,8797,101,50033,10477,18998,10187576,0
"2021-08-02",13449,5101795,7158,4613153,847,444049,144,41380,17,8814,161,50194,21615,19391,10209191,0
"2021-08-03",15412,5117207,8387,4621540,1109,445158,144,41524,37,8851,181,50375,25089,19882.43,10234280,0
"2021-08-04",17263,5134470,8125,4629665,1454,446612,181,41705,34,8885,215,50590,27057,20726.57,10261337,0
"2021-08-05",17866,5152336,7931,4637596,1367,447979,160,41865,20,8905,180,50770,27344,21844.29,10288681,0
"2021-08-06",18172,5170508,8411,4646007,1233,449212,165,42030,32,8937,197,50967,28013,22370.29,10316694,0
"2021-08-07",13388,5183896,6014,4652021,799,450011,99,42129,28,8965,127,51094,20328,22846.14,10337022,0
"2021-08-08",9310,5193206,3835,4655856,400,450411,82,42211,10,8975,92,51186,13637,23297.57,10350659,0
"2021-08-09",21344,5214550,8527,4664383,965,451376,166,42377,34,9009,200,51386,31036,24643.43,10381695,0
"2021-08-10",18920,5233470,9328,4673711,946,452322,179,42556,33,9042,212,51598,29406,25260.14,10411101,0
"2021-08-11",15648,5249118,8308,4682019,853,453175,129,42685,45,9087,174,51772,24983,24963.86,10436084,0
"2021-08-12",15040,5264158,8981,4691000,940,454115,171,42856,36,9123,207,51979,25168,24653,10461252,0
"2021-08-13",14928,5279086,9291,4700291,920,455035,239,43095,37,9160,276,52255,25415,24281.86,10486667,0
"2021-08-14",10406,5289492,6406,4706697,625,455660,529,43624,40,9200,569,52824,18006,23950.14,10504673,0
"2021-08-15",6694,5296186,4478,4711175,676,456336,567,44191,33,9233,600,53424,12448,23780.29,10517121,0
"2021-08-16",15721,5311907,9301,4720476,1150,457486,1318,45509,65,9298,1383,54807,27555,23283,10544676,0
"2021-08-17",17768,5329675,10436,4730912,1225,458711,1768,47277,84,9382,1852,56659,31281,23550.86,10575957,0
"2021-08-18",17506,5347181,10362,4741274,1261,459972,1988,49265,94,9476,2082,58741,31211,24440.57,10607168,0
"2021-08-19",16297,5363478,9520,4750794,1315,461287,1954,51219,65,9541,2019,60760,29151,25009.57,10636319,0
"2021-08-20",16280,5379758,11537,4762331,1254,462541,1859,53078,84,9625,1943,62703,31014,25809.43,10667333,0
"2021-08-21",11148,5390906,8040,4770371,878,463419,1057,54135,56,9681,1113,63816,21179,26262.71,10688512,0
"2021-08-22",4081,5394987,3901,4774272,262,463681,514,54649,34,9715,548,64364,8792,25740.43,10697304,0
"2021-08-23",15583,5410570,11798,4786070,1023,464704,1547,56196,75,9790,1622,65986,30026,26093.43,10727330,0
"2021-08-24",16915,5427485,12594,4798664,1006,465710,1775,57971,76,9866,1851,67837,32366,26248.43,10759696,0
"2021-08-25",14583,5442068,12445,4811109,1111,466821,1565,59536,76,9942,1641,69478,29780,26044,10789476,0
"2021-08-26",16164,5458232,14083,4825192,1072,467893,1771,61307,67,10009,1838,71316,33157,26616.29,10822633,0
"2021-08-27",14884,5473116,14820,4840012,971,468864,1669,62976,74,10083,1743,73059,32418,26816.86,10855051,0
"2021-08-28",10682,5483798,11522,4851534,835,469699,1014,63990,45,10128,1059,74118,24098,27233.86,10879149,0
"2021-08-29",7218,5491016,7495,4859029,541,470240,778,64768,57,10185,835,74953,16089,28276.29,10895238,0
"2021-08-30",15524,5506540,16927,4875956,1076,471316,1791,66559,86,10271,1877,76830,35404,29044.57,10930642,0
"2021-08-31",15519,5522059,15954,4891910,951,472267,1970,68529,87,10358,2057,78887,34481,29346.71,10965123,0
"2021-09-01",14834,5536893,14098,4906008,1021,473288,1809,70338,60,10418,1869,80756,31822,29638.43,10996945,0
"2021-09-02",14328,5551221,12522,4918530,896,474184,1705,72043,61,10479,1766,82522,29512,29117.71,11026457,0
"2021-09-03",15016,5566237,14308,4932838,974,475158,1894,73937,69,10548,1963,84485,32261,29095.29,11058718,0
"2021-09-04",9647,5575884,9406,4942244,688,475846,974,74911,34,10582,1008,85493,20749,28616.86,11079467,0
"2021-09-05",6803,5582687,5515,4947759,438,476284,710,75621,16,10598,726,86219,13482,28244.43,11092949,0
"2021-09-06",5195,5587882,4512,4952271,358,476642,270,75891,11,10609,281,86500,10346,24664.71,11103295,0
"2021-09-07",15577,5603459,17703,4969974,912,477554,1554,77445,87,10696,1641,88141,35833,24857.86,11139128,0
"2021-09-08",16163,5619622,14825,4984799,1072,478626,1770,79215,83,10779,1853,89994,33913,25156.57,11173041,0
"2021-09-09",16111,5635733,14751,4999550,1047,479673,1914,81129,73,10852,1987,91981,33896,25782.86,11206937,0
"2021-09-10",18375,5654108,15390,5014940,1208,480881,1971,83100,81,10933,2052,94033,37025,26463.43,11243962,0
"2021-09-11",12637,5666745,10348,5025288,958,481839,1027,84127,48,10981,1075,95108,25018,27073.29,11268980,0
"2021-09-12",8540,5675285,5052,5030340,766,482605,690,84817,29,11010,719,95827,15077,27301.14,11284057,0
"2021-09-13",16934,5692219,12960,5043300,976,483581,1652,86469,53,11063,1705,97532,32575,30476.71,11316632,0
"2021-09-14",16269,5708488,13676,5056976,886,484467,1595,88064,55,11118,1650,99182,32481,29997.86,11349113,0
"2021-09-15",15543,5724031,12882,5069858,727,485194,1567,89631,78,11196,1645,100827,30797,29552.71,11379910,0
"2021-09-16",15342,5739373,13910,5083768,1210,486404,1456,91087,66,11262,1522,102349,31984,29279.57,11411894,0
"2021-09-17",14438,5753811,13963,5097731,922,487326,1827,92914,56,11318,1883,104232,31206,28448.29,11443100,0
"2021-09-18",10000,5763811,10180,5107911,913,488239,1046,93960,41,11359,1087,105319,22180,28042.86,11465280,0
"2021-09-19",6179,5769990,6071,5113982,558,488797,747,94707,29,11388,776,106095,13584,27829.57,11478864,0
"2021-09-20",12676,5782666,12630,5126612,1068,489865,1921,96628,58,11446,1979,108074,28353,27226.43,11507217,0
"2021-09-21",12233,5794899,12769,5139381,1109,490974,2025,98653,78,11524,2103,110177,28214,26616.86,11535431,0
"2021-09-22",12822,5807721,12008,5151389,1089,492063,1683,100336,67,11591,1750,111927,27669,26170,11563100,0
"2021-09-23",14939,5822660,12760,5164149,1639,493702,2265,102601,73,11664,2338,114265,31676,26126,11594776,0
"2021-09-24",16447,5839107,13367,5177516,1636,495338,4626,107227,113,11777,4739,119004,36189,26837.86,11630965,0
"2021-09-25",10541,5849648,9024,5186540,1018,496356,3463,110690,75,11852,3538,122542,24121,27115.14,11655086,0
"2021-09-26",6302,5855950,5761,5192301,773,497129,2426,113116,55,11907,2481,125023,15317,27362.71,11670403,0
"2021-09-27",14163,5870113,8055,5200356,1155,498284,9061,122177,157,12064,9218,134241,32591,27968.14,11702994,0
"2021-09-28",11147,5881260,11780,5212136,902,499186,9912,132089,174,12238,10086,144327,33915,28782.57,11736909,0
"2021-09-29",11608,5892868,12193,5224329,1205,500391,9454,141543,162,12400,9616,153943,34622,29775.86,11771531,0
"2021-09-30",12239,5905107,12605,5236934,1338,501729,9748,151291,172,12572,9920,163863,36102,30408.14,11807633,0
"2021-10-01",12646,5917753,13431,5250365,1284,503013,10268,161559,147,12719,10415,174278,37776,30634.86,11845409,0
"2021-10-02",7730,5925483,9975,5260340,865,503878,4243,165802,75,12794,4318,178596,22888,30458.71,11868297,0
"2021-10-03",5076,5930559,6156,5266496,593,504471,2613,168415,56,12850,2669,181265,14494,30341.14,11882791,0
"2021-10-04",9908,5940467,11023,5277519,913,505384,9527,177942,140,12990,9667,190932,31511,30186.86,11914302,0
"2021-10-05",10158,5950625,11739,5289258,972,506356,9936,187878,175,13165,10111,201043,32980,30053.29,11947282,0
"2021-10-06",9914,5960539,11057,5300315,937,507293,9935,197813,154,13319,10089,211132,31997,29678.29,11979279,0
"2021-10-07",9660,5970199,12196,5312511,853,508146,10191,208004,170,13489,10361,221493,33070,29245.14,12012349,0
"2021-10-08",9458,5979657,12174,5324685,941,509087,10907,218911,163,13652,11070,232563,33643,28654.71,12045992,0
"2021-10-09",6257,5985914,8276,5332961,649,509736,4121,223032,91,13743,4212,236775,19394,28155.57,12065386,0
"2021-10-10",3542,5989456,5030,5337991,458,510194,2433,225465,42,13785,2475,239250,11505,27728.57,12076891,0
"2021-10-11",7620,5997076,9330,5347321,728,510922,8889,234354,159,13944,9048,248298,26726,27045,12103617,0
"2021-10-12",8078,6005154,10996,5358317,891,511813,10513,244867,181,14125,10694,258992,30659,26713.43,12134276,0
"2021-10-13",7152,6012306,10148,5368465,869,512682,8800,253667,175,14300,8975,267967,27144,26020.14,12161420,0
"2021-10-14",7442,6019748,11114,5379579,836,513518,10118,263785,160,14460,10278,278245,29670,25534.43,12191090,0
"2021-10-15",7725,6027473,11858,5391437,823,514341,10824,274609,166,14626,10990,289235,31396,25213.43,12222486,0
"2021-10-16",4864,6032337,7468,5398905,666,515007,3844,278453,65,14691,3909,293144,16907,24858.14,12239393,0
"2021-10-17",3061,6035398,4473,5403378,411,515418,2452,280905,41,14732,2493,295637,10438,24705.71,12249831,0
"2021-10-18",7049,6042447,10664,5414042,796,516214,9486,290391,173,14905,9659,305296,28168,24911.71,12277999,0
"2021-10-19",6576,6049023,8947,5422989,804,517018,9089,299480,168,15073,9257,314553,25584,24186.71,12303583,0
"2021-10-20",6534,6055557,9376,5432365,975,517993,9990,309470,171,15244,10161,324714,27046,24172.71,12330629,0
"2021-10-21",7027,6062584,9384,5441749,858,518851,10844,320314,150,15394,10994,335708,28263,23971.71,12358892,0
"2021-10-22",8123,6070707,10342,5452091,1026,519877,16353,336667,210,15604,16563,352271,36054,24637.14,12394946,0
"2021-10-23",5168,6075875,6457,5458548,690,520567,9127,345794,112,15716,9239,361510,21554,25301,12416500,0
"2021-10-24",3274,6079149,3972,5462520,769,521336,6155,351949,75,15791,6230,367740,14245,25844.86,12430745,0
"2021-10-25",8772,6087921,8739,5471259,1150,522486,19249,371198,289,16080,19538,387278,38199,27277.86,12468944,0
"2021-10-26",8202,6096123,7722,5478981,1258,523744,17291,388489,259,16339,17550,404828,34732,28584.71,12503676,0
"2021-10-27",10559,6106682,8393,5487374,1604,525348,20860,409349,309,16648,21169,425997,41725,30681.71,12545401,0
"2021-10-28",11329,6118011,8035,5495409,1793,527141,20847,430196,312,16960,21159,447156,42316,32689.29,12587717,0
"2021-10-29",11838,6129849,8238,5503647,1957,529098,22538,452734,316,17276,22854,470010,44887,33951.14,12632604,0
"2021-10-30",4628,6134477,5058,5508705,930,530028,11171,463905,160,17436,11331,481341,21947,34007.29,12654551,0
"2021-10-31",2664,6137141,2702,5511407,544,530572,6638,470543,97,17533,6735,488076,12645,33778.71,12667196,0
"2021-11-01",7140,6144281,6954,5518361,1089,531661,20383,490926,317,17850,20700,508776,35883,33447.86,12703079,0
"2021-11-02",6584,6150865,6593,5524954,1054,532715,20780,511706,263,18113,21043,529819,35274,33525.29,12738353,0
"2021-11-03",6852,6157717,6679,5531633,1026,533741,20632,532338,300,18413,20932,550751,35489,32634.43,12773842,0
"2021-11-04",9313,6167030,6278,5537911,995,534736,22362,554700,343,18756,22705,573456,39291,32202.29,12813133,0
"2021-11-05",11059,6178089,6723,5544634,1051,535787,23764,578464,344,19100,24108,597564,42941,31924.29,12856074,0
"2021-11-06",11135,6189224,4051,5548685,594,536381,12593,591057,165,19265,12758,610322,28538,32865.86,12884612,0
"2021-11-07",7257,6196481,2287,5550972,577,536958,7106,598163,93,19358,7199,617521,17320,33533.71,12901932,0
"2021-11-08",15055,6211536,5676,5556648,864,537822,19515,617678,272,19630,19787,637308,41382,34319.29,12943314,0
"2021-11-09",16151,6227687,5390,5562038,660,538482,20516,638194,267,19897,20783,658091,42984,35420.71,12986298,0
"2021-11-10",16931,6244618,5321,5567359,683,539165,22650,660844,288,20185,22938,681029,45873,36904.14,13032171,0
"2021-11-11",12574,6257192,5188,5572547,759,539924,22087,682931,279,20464,22366,703395,40887,37132.14,13073058,0
"2021-11-12",16894,6274086,5686,5578233,705,540629,23401,706332,349,20813,23750,727145,47035,37717,13120093,0
"2021-11-13",9940,6284026,3664,5581897,463,541092,13325,719657,179,20992,13504,740649,27571,37578.86,13147664,0
"2021-11-14",6012,6290038,2292,5584189,325,541417,7933,727590,76,21068,8009,748658,16638,37481.43,13164302,0
"2021-11-15",13218,6303256,5974,5590163,690,542107,25112,752702,350,21418,25462,774120,45344,38047.43,13209646,0
"2021-11-16",9967,6313223,5781,5595944,656,542763,30670,783372,414,21832,31084,805204,47488,38690.86,13257134,0
"2021-11-17",10309,6323532,6671,5602615,681,543444,31424,814796,401,22233,31825,837029,49486,39207,13306620,0
"2021-11-18",10730,6334262,6542,5609157,858,544302,33018,847814,438,22671,33456,870485,51586,40735.43,13358206,0
"2021-11-19",12028,6346290,6550,5615707,715,545017,36243,884057,445,23116,36688,907173,55981,42013.43,13414187,0
"2021-11-20",9332,6355622,3417,5619124,513,545530,22517,906574,248,23364,22765,929938,36027,43221.43,13450214,0
"2021-11-21",4951,6360573,1887,5621011,288,545818,13204,919778,146,23510,13350,943288,20476,43769.71,13470690,0
"2021-11-22",10441,6371014,5787,5626798,750,546568,35930,955708,430,23940,36360,979648,53338,44911.71,13524028,0
"2021-11-23",9796,6380810,4782,5631580,636,547204,33520,989228,364,24304,33884,1013532,49098,45141.71,13573126,0
"2021-11-24",8710,6389520,4751,5636331,650,547854,25927,1015155,276,24580,26203,1039735,40314,43831.43,13613440,0
"2021-11-25",448,6389968,326,5636657,80,547934,1003,1016158,9,24589,1012,1040747,1866,36728.57,13615306,0
"2021-11-26",8059,6398027,6989,5643646,528,548462,26596,1042754,285,24874,26881,1067628,42457,34796.57,13657763,0
"2021-11-27",6685,6404712,6835,5650481,371,548833,18841,1061595,218,25092,19059,1086687,32950,34357,13690713,0
"2021-11-28",4084,6408796,5792,5656273,282,549115,11890,1073485,116,25208,12006,1098693,22164,34598.14,13712877,0
"2021-11-29",9118,6417914,11000,5667273,687,549802,35078,1108563,421,25629,35499,1134192,56304,35021.86,13769181,0
"2021-11-30",10518,6428432,11435,5678708,512,550314,37787,1146350,481,26110,38268,1172460,60733,36684,13829914,0
"2021-12-01",11197,6439629,10985,5689693,724,551038,40352,1186702,432,26542,40784,1213244,63690,40023.43,13893604,0
"2021-12-02",11661,6451290,11040,5700733,627,551665,42165,1228867,444,26986,42609,1255853,65937,49176.43,13959541,0
"2021-12-03",13494,6464784,12890,5713623,675,552340,47939,1276806,508,27494,48447,1304300,75506,53897.71,14035047,0
"2021-12-04",9858,6474642,11291,5724914,567,552907,30679,1307485,298,27792,30977,1335277,52693,56718.14,14087740,0
"2021-12-05",5760,6480402,5706,5730620,270,553177,16661,1324146,125,27917,16786,1352063,28522,57626.43,14116262,0
"2021-12-06",12345,6492747,9957,5740577,600,553777,43246,1367392,434,28351,43680,1395743,66582,59094.71,14182844,0
"2021-12-07",12593,6505340,9260,5749837,625,554402,43044,1410436,489,28840,43533,1439276,66011,59848.71,14248855,0
"2021-12-08",13537,6518877,8775,5758612,554,554956,40790,1451226,460,29300,41250,1480526,64116,59909.57,14312971,0
"2021-12-09",13506,6532383,8752,5767364,555,555511,40820,1492046,480,29780,41300,1521826,64113,59649,14377084,0
"2021-12-10",14041,6546424,10142,5777506,671,556182,43670,1535716,483,30263,44153,1565979,69007,58720.57,14446091,0
"2021-12-11",10285,6556709,8126,5785632,405,556587,26696,1562412,273,30536,26969,1592948,45785,57733.71,14491876,0
"2021-12-12",6018,6562727,3855,5789487,288,556875,15172,1577584,131,30667,15303,1608251,25464,57296.86,14517340,0
"2021-12-13",12235,6574962,7429,5796916,658,557533,37883,1615467,386,31053,38269,1646520,58591,56155.29,14575931,0
"2021-12-14",12231,6587193,6959,5803875,731,558264,38158,1653625,418,31471,38576,1685096,58497,55081.86,14634428,0
"2021-12-15",12107,6599300,6242,5810117,755,559019,38137,1691762,480,31951,38617,1723713,57721,54168.29,14692149,0
"2021-12-16",13139,6612439,4271,5814388,740,559759,41051,1732813,434,32385,41485,1765198,59635,53528.57,14751784,0
"2021-12-17",15952,6628391,6930,5821318,620,560379,46781,1779594,465,32850,47246,1812444,70748,53777.29,14822532,0
"2021-12-18",13029,6641420,5716,5827034,432,560811,30621,1810215,266,33116,30887,1843331,50064,54388.57,14872596,0
"2021-12-19",7021,6648441,2995,5830029,326,561137,18007,1828222,169,33285,18176,1861507,28518,54824.86,14901114,0
"2021-12-20",16863,6665304,5862,5835891,746,561883,47455,1875677,556,33841,48011,1909518,71482,56666.43,14972596,0
"2021-12-21",17977,6683281,6572,5842463,806,562689,48917,1924594,573,34414,49490,1959008,74845,59001.86,15047441,0
"2021-12-22",18539,6701820,6564,5849027,939,563628,49683,1974277,523,34937,50206,2009214,76248,61648.57,15123689,0
"2021-12-23",19041,6720861,6482,5855509,930,564558,45837,2020114,510,35447,46347,2055561,72800,63529.29,15196489,0
"2021-12-24",9243,6730104,2953,5858462,598,565156,20597,2040711,211,35658,20808,2076369,33602,58222.71,15230091,0
"2021-12-25",344,6730448,63,5858525,31,565187,427,2041138,8,35666,435,2076804,873,51195.43,15230964,0
"2021-12-26",7966,6738414,3928,5862453,340,565527,17283,2058421,172,35838,17455,2094259,29689,51362.71,15260653,0
"2021-12-27",21790,6760204,9204,5871657,933,566460,43441,2101862,539,36377,43980,2138239,75907,51994.86,15336560,0
"2021-12-28",20161,6780365,8329,5879986,699,567159,47583,2149445,597,36974,48180,2186419,77369,52355.43,15413929,0
"2021-12-29",18504,6798869,7672,5887658,607,567766,45572,2195017,472,37446,46044,2232463,72827,51866.71,15486756,0
"2021-12-30",16890,6815759,7420,5895078,587,568353,44848,2239865,571,38017,45419,2277882,70316,51511.86,15557072,0
"2021-12-31",5357,6821116,2808,5897886,193,568546,14771,2254636,176,38193,14947,2292829,23305,50040.86,15580377,0
"2022-01-01",243,6821359,147,5898033,12,568558,501,2255137,21,38214,522,2293351,924,50048.14,15581301,0
"2022-01-02",6433,6827792,5021,5903054,153,568711,10977,2266114,110,38324,11087,2304438,22694,49048.86,15603995,0
"2022-01-03",14135,6841927,8495,5911549,514,569225,26929,2293043,323,38647,27252,2331690,50396,45404.43,15654391,0
"2022-01-04",12867,6854794,8108,5919657,414,569639,27193,2320236,349,38996,27542,2359232,48931,41341.86,15703322,0
"2022-01-05",11426,6866220,7000,5926657,382,570021,25907,2346143,302,39298,26209,2385441,45017,37369,15748339,0
"2022-01-06",11473,6877693,7383,5934040,483,570504,27534,2373677,328,39626,27862,2413303,47201,34066.86,15795540,0
"2022-01-07",10392,6888085,8417,5942457,338,570842,25028,2398705,312,39938,25340,2438643,44487,37092.86,15840027,0
"2022-01-08",7863,6895948,8565,5951022,310,571152,19459,2418164,175,40113,19634,2458277,36372,42156.86,15876399,0
"2022-01-09",4130,6900078,3842,5954864,214,571366,10064,2428228,92,40205,10156,2468433,18342,41535.14,15894741,0
"2022-01-10",10180,6910258,8190,5963054,490,571856,24603,2452831,298,40503,24901,2493334,43761,40587.29,15938502,0
"2022-01-11",8892,6919150,7987,5971041,521,572377,21028,2473859,278,40781,21306,2514640,38706,39126.57,15977208,0
"2022-01-12",8937,6928087,8319,5979360,427,572804,22335,2496194,285,41066,22620,2537260,40303,38453.14,16017511,0
"2022-01-13",9044,6937131,8865,5988225,451,573255,22874,2519068,314,41380,23188,2560448,41548,37645.57,16059059,0
"2022-01-14",10105,6947236,8119,5996344,476,573731,26441,2545509,316,41696,26757,2587205,45457,37784.14,16104516,0
"2022-01-15",6209,6953445,4308,6000652,178,573909,15145,2560654,175,41871,15320,2602525,26015,36304.57,16130531,0
"2022-01-16",2921,6956366,3249,6003901,95,574004,7824,2568478,82,41953,7906,2610431,14171,35708.71,16144702,0
"2022-01-17",6081,6962447,6755,6010656,363,574367,14682,2583160,214,42167,14896,2625327,28095,33470.71,16172797,0
"2022-01-18",8163,6970610,10317,6020973,396,574763,19667,2602827,315,42482,19982,2645309,38858,33492.43,16211655,0
"2022-01-19",7464,6978074,9250,6030223,304,575067,17718,2620545,269,42751,17987,2663296,35005,32735.57,16246660,0
"2022-01-20",6283,6984357,8560,6038783,305,575372,15251,2635796,241,42992,15492,2678788,30640,31177.29,16277300,0
"2022-01-21",7574,6991931,7503,6046286,276,575648,18508,2654304,279,43271,18787,2697575,34140,29560.57,16311440,0
"2022-01-22",5189,6997120,4940,6051226,131,575779,11320,2665624,125,43396,11445,2709020,21705,28944.86,16333145,0
"2022-01-23",2811,6999931,3328,6054554,97,575876,6229,2671853,76,43472,6305,2715325,12541,28712,16345686,0
"2022-01-24",6371,7006302,8204,6062758,262,576138,15072,2686925,235,43707,15307,2730632,30144,29004.71,16375830,0
"2022-01-25",6187,7012489,7931,6070689,233,576371,14695,2701620,255,43962,14950,2745582,29301,27639.43,16405131,0
"2022-01-26",5755,7018244,7169,6077858,289,576660,14016,2715636,210,44172,14226,2759808,27439,26558.57,16432570,0
"2022-01-27",5258,7023502,7093,6084951,321,576981,14082,2729718,228,44400,14310,2774118,26982,26036,16459552,0
"2022-01-28",6259,7029761,7873,6092824,203,577184,16132,2745850,234,44634,16366,2790484,30701,25544.71,16490253,0
"2022-01-29",841,7030602,728,6093552,28,577212,2538,2748388,39,44673,2577,2793061,4174,23040.29,16494427,0
"2022-01-30",2097,7032699,3022,6096574,103,577315,4536,2752924,63,44736,4599,2797660,9821,22651.71,16504248,0
"2022-01-31",5006,7037705,6592,6103166,220,577535,11384,2764308,197,44933,11581,2809241,23399,21688.14,16527647,0
"2022-02-01",4834,7042539,6430,6109596,219,577754,10714,2775022,217,45150,10931,2820172,22414,20704.29,16550061,0
"2022-02-02",4257,7046796,5930,6115526,213,577967,11236,2786258,239,45389,11475,2831647,21875,19909.43,16571936,0
"2022-02-03",4226,7051022,5813,6121339,216,578183,11217,2797475,200,45589,11417,2843064,21672,19150.86,16593608,0
"2022-02-04",4768,7055790,7112,6128451,214,578397,13218,2810693,235,45824,13453,2856517,25547,18414.57,16619155,0
"2022-02-05",3584,7059374,6049,6134500,110,578507,8576,2819269,149,45973,8725,2865242,18468,20456.57,16637623,0
"2022-02-06",2063,7061437,2137,6136637,121,578628,4635,2823904,102,46075,4737,2869979,9058,20347.57,16646681,0
"2022-02-07",4158,7065595,4727,6141364,205,578833,10131,2834035,231,46306,10362,2880341,19452,19783.71,16666133,0
"2022-02-08",4222,7069817,5610,6146974,214,579047,11327,2845362,300,46606,11627,2891968,21673,19677.86,16687806,0
"2022-02-09",4134,7073951,5406,6152380,222,579269,11663,2857025,250,46856,11913,2903881,21675,19649.29,16709481,0
"2022-02-10",3996,7077947,5122,6157502,245,579514,12198,2869223,282,47138,12480,2916361,21843,19673.71,16731324,0
"2022-02-11",4521,7082468,5802,6163304,195,579709,13731,2882954,316,47454,14047,2930408,24565,19533.43,16755889,0
"2022-02-12",3258,7085726,4339,6167643,97,579806,8810,2891764,213,47667,9023,2939431,16717,19283.29,16772606,0
"2022-02-13",1522,7087248,1543,6169186,41,579847,4880,2896644,109,47776,4989,2944420,8095,19145.71,16780701,0
"2022-02-14",2983,7090231,3625,6172811,167,580014,10569,2907213,323,48099,10892,2955312,17667,18890.71,16798368,0
"2022-02-15",3560,7093791,4071,6176882,175,580189,12784,2919997,278,48377,13062,2968374,20868,18775.71,16819236,0
"2022-02-16",3664,7097455,3906,6180788,200,580389,15721,2935718,290,48667,16011,2984385,23781,19076.57,16843017,0
"2022-02-17",4036,7101491,4080,6184868,162,580551,18272,2953990,357,49024,18629,3003014,26907,19800,16869924,0
"2022-02-18",4475,7105966,4783,6189651,190,580741,21532,2975522,449,49473,21981,3024995,31429,20780.57,16901353,0
"2022-02-19",3255,7109221,2180,6191831,65,580806,11179,2986701,215,49688,11394,3036389,16894,20805.86,16918247,0
"2022-02-20",1861,7111082,1447,6193278,59,580865,6578,2993279,112,49800,6690,3043079,10057,21086.14,16928304,0
"2022-02-21",3084,7114166,2695,6195973,95,580960,8350,3001629,227,50027,8577,3051656,14451,20626.71,16942755,0
"2022-02-22",4382,7118548,4253,6200226,175,581135,10831,3012460,250,50277,11081,3062737,19891,20487.14,16962646,0
"2022-02-23",4267,7122815,3789,6204015,145,581280,10665,3023125,239,50516,10904,3073641,19105,19819.14,16981751,0
"2022-02-24",3798,7126613,3657,6207672,108,581388,10190,3033315,227,50743,10417,3084058,17980,18543.86,16999731,0
"2022-02-25",3619,7130232,3621,6211293,134,581522,9981,3043296,233,50976,10214,3094272,17588,16566.57,17017319,0
"2022-02-26",2838,7133070,2579,6213872,74,581596,9512,3052808,153,51129,9665,3103937,15156,16318.29,17032475,0
"2022-02-27",1773,7134843,1373,6215245,52,581648,6266,3059074,100,51229,6366,3110303,9564,16247.86,17042039,0
"2022-02-28",3802,7138645,3133,6218378,141,581789,13131,3072205,246,51475,13377,3123680,20453,17105.29,17062492,0
"2022-03-01",2137,7140782,2627,6221005,103,581892,5172,3077377,185,51660,5357,3129037,10224,15724.29,17072716,0
"2022-03-02",1841,7142623,2439,6223444,106,581998,4129,3081506,208,51868,4337,3133374,8723,14241.14,17081439,0
"2022-03-03",1935,7144558,2554,6225998,106,582104,3797,3085303,168,52036,3965,3137339,8560,12895.43,17089999,0
"2022-03-04",2123,7146681,2874,6228872,66,582170,4330,3089633,207,52243,4537,3141876,9600,11754.29,17099599,0
"2022-03-05",1612,7148293,2122,6230994,43,582213,3318,3092951,115,52358,3433,3145309,7210,10619.14,17106809,0
"2022-03-06",799,7149092,879,6231873,30,582243,1622,3094573,55,52413,1677,3146986,3385,9736.43,17110194,0
"2022-03-07",1668,7150760,1786,6233659,86,582329,3497,3098070,161,52574,3658,3150644,7198,7842.86,17117392,0
"2022-03-08",1550,7152310,1893,6235552,79,582408,3124,3101194,149,52723,3273,3153917,6795,7353,17124187,0
"2022-03-09",1269,7153579,1677,6237229,79,582487,2584,3103778,130,52853,2714,3156631,5739,6926.71,17129926,0
"2022-03-10",1421,7155000,2099,6239328,85,582572,2955,3106733,163,53016,3118,3159749,6723,6664.29,17136649,0
"2022-03-11",1602,7156602,2273,6241601,81,582653,3213,3109946,187,53203,3400,3163149,7356,6343.71,17144005,0
"2022-03-12",879,7157481,1414,6243015,40,582693,2005,3111951,75,53278,2080,3165229,4413,5944.14,17148418,0
"2022-03-13",626,7158107,757,6243772,28,582721,1291,3113242,47,53325,1338,3166567,2749,5853.29,17151167,0
"2022-03-14",1373,7159480,1605,6245377,83,582804,2989,3116231,207,53532,3196,3169763,6257,5718.86,17157424,0
"2022-03-15",1360,7160840,1926,6247303,63,582867,3067,3119298,230,53762,3297,3173060,6646,5697.57,17164070,0
"2022-03-16",1400,7162240,2067,6249370,94,582961,3133,3122431,296,54058,3429,3176489,6990,5876.29,17171060,0
"2022-03-17",1184,7163424,1808,6251178,70,583031,2759,3125190,266,54324,3025,3179514,6087,5785.43,17177147,0
"2022-03-18",1594,7165018,2217,6253395,80,583111,3769,3128959,415,54739,4184,3183698,8075,5888.14,17185222,0
"2022-03-19",1113,7166131,1734,6255129,54,583165,2598,3131557,226,54965,2824,3186522,5725,6075.57,17190947,0
"2022-03-20",614,7166745,627,6255756,33,583198,1463,3133020,185,55150,1648,3188170,2922,6100.29,17193869,0
"2022-03-21",1421,7168166,1550,6257306,72,583270,3056,3136076,356,55506,3412,3191582,6455,6128.57,17200324,0
"2022-03-22",1341,7169507,1554,6258860,101,583371,2903,3138979,344,55850,3247,3194829,6243,6071,17206567,0
"2022-03-23",1261,7170768,1361,6260221,66,583437,2919,3141898,374,56224,3293,3198122,5981,5926.86,17212548,0
"2022-03-24",1211,7171979,1299,6261520,90,583527,2519,3144417,266,56490,2785,3200907,5385,5826.57,17217933,0
"2022-03-25",1391,7173370,1630,6263150,62,583589,3263,3147680,379,56869,3642,3204549,6725,5633.71,17224658,0
"2022-03-26",928,7174298,1162,6264312,36,583625,2304,3149984,250,57119,2554,3207103,4680,5484.43,17229338,0
"2022-03-27",574,7174872,528,6264840,29,583654,1312,3151296,204,57323,1516,3208619,2647,5445.14,17231985,0
"2022-03-28",1086,7175958,1164,6266004,69,583723,2438,3153734,365,57688,2803,3211422,5122,5254.71,17237107,0
"2022-03-29",1052,7177010,1105,6267109,85,583808,2514,3156248,880,58568,3394,3214816,5636,5168,17242743,0
"2022-03-30",1250,7178260,1141,6268250,98,583906,3066,3159314,3403,61971,6469,3221285,8958,5593.29,17251701,0
"2022-03-31",1288,7179548,1260,6269510,57,583963,3166,3162480,5505,67476,8671,3229956,11276,6434.86,17262977,0
"2022-04-01",1431,7180979,1500,6271010,76,584039,3248,3165728,6900,74376,10148,3240104,13155,7353.43,17276132,0
"2022-04-02",912,7181891,913,6271923,33,584072,2096,3167824,4524,78900,6620,3246724,8478,7896,17284610,0
"2022-04-03",560,7182451,499,6272422,28,584100,1223,3169047,3050,81950,4273,3250997,5360,8283.57,17289970,0
"2022-04-04",1356,7183807,1308,6273730,61,584161,2735,3171782,7695,89645,10430,3261427,13155,9431.14,17303125,0
"2022-04-05",1305,7185112,1163,6274893,66,584227,2856,3174638,7480,97125,10336,3271763,12870,10464.57,17315995,0
"2022-04-06",1346,7186458,1181,6276074,61,584288,2624,3177262,6948,104073,9572,3281335,12160,10922,17328155,0
"2022-04-07",1211,7187669,1067,6277141,57,584345,2379,3179641,6603,110676,8982,3290317,11317,10927.86,17339472,0
"2022-04-08",1488,7189157,1405,6278546,62,584407,3172,3182813,8779,119455,11951,3302268,14906,11178,17354378,0
"2022-04-09",920,7190077,924,6279470,29,584436,2078,3184891,4940,124395,7018,3309286,8891,11237,17363269,0
"2022-04-10",586,7190663,460,6279930,25,584461,1170,3186061,2893,127288,4063,3313349,5134,11204.71,17368403,0
"2022-04-11",1320,7191983,1238,6281168,59,584520,2669,3188730,7790,135078,10459,3323808,13076,11193.43,17381479,0
"2022-04-12",1216,7193199,1061,6282229,73,584593,2526,3191256,7409,142487,9935,3333743,12285,11109.86,17393764,0
"2022-04-13",1244,7194443,1081,6283310,59,584652,2516,3193772,7535,150022,10051,3343794,12435,11149.14,17406199,0
"2022-04-14",1273,7195716,1100,6284410,59,584711,2442,3196214,6568,156590,9010,3352804,11442,11167,17417641,0
"2022-04-15",1346,7197062,1098,6285508,53,584764,2567,3198781,6616,163206,9183,3361987,11680,10706.14,17429321,0
"2022-04-16",864,7197926,654,6286162,33,584797,1643,3200424,3676,166882,5319,3367306,6870,10417.43,17436191,0
"2022-04-17",347,7198273,202,6286364,27,584824,640,3201064,1154,168036,1794,3369100,2370,10022.57,17438561,0
"2022-04-18",1393,7199666,1118,6287482,82,584906,2585,3203649,6411,174447,8996,3378096,11589,9810.14,17450150,0
"2022-04-19",1419,7201085,939,6288421,72,584978,2573,3206222,5739,180186,8312,3386408,10742,9589.71,17460892,0
"2022-04-20",1321,7202406,1159,6289580,65,585043,2715,3208937,6621,186807,9336,3395744,11881,9510.57,17472773,0
"2022-04-21",1229,7203635,1063,6290643,53,585096,2329,3211266,5332,192139,7661,3403405,10006,9305.43,17482779,0
"2022-04-22",1218,7204853,1025,6291668,46,585142,2203,3213469,5635,197774,7838,3411243,10127,9083.57,17492906,0
"2022-04-23",718,7205571,751,6292419,59,585201,1426,3214895,3345,201119,4771,3416014,6299,9002,17499205,0
"2022-04-24",442,7206013,338,6292757,27,585228,813,3215708,1811,202930,2624,3418638,3431,9153.57,17502636,0
"2022-04-25",1032,7207045,917,6293674,64,585292,1852,3217560,5086,208016,6938,3425576,8951,8776.71,17511587,0
"2022-04-26",948,7207993,860,6294534,76,585368,1754,3219314,4685,212701,6439,3432015,8323,8431.14,17519910,0
"2022-04-27",1041,7209034,1025,6295559,80,585448,1929,3221243,5203,217904,7132,3439147,9278,8059.29,17529188,0
"2022-04-28",1090,7210124,989,6296548,50,585498,2007,3223250,4725,222629,6732,3445879,8861,7895.71,17538049,0
"2022-04-29",1190,7211314,1108,6297656,60,585558,2162,3225412,5387,228016,7549,3453428,9907,7864.29,17547956,0
"2022-04-30",730,7212044,741,6298397,43,585601,1395,3226807,2952,230968,4347,3457775,5861,7801.71,17553817,0
"2022-05-01",447,7212491,366,6298763,20,585621,767,3227574,1654,232622,2421,3460196,3254,7776.43,17557071,0
"2022-05-02",1061,7213552,796,6299559,52,585673,1670,3229244,3814,236436,5484,3465680,7393,7553.86,17564464,0
"2022-05-03",1123,7214675,862,6300421,61,585734,1999,3231243,4856,241292,6855,3472535,8901,7636.43,17573365,0
"2022-05-04",1022,7215697,885,6301306,48,585782,1913,3233156,4630,245922,6543,3479078,8498,7525,17581863,0
"2022-05-05",1064,7216761,952,6302258,86,585868,1923,3235079,4868,250790,6791,3485869,8893,7529.57,17590756,0
"2022-05-06",1095,7217856,960,6303218,51,585919,1867,3236946,4383,255173,6250,3492119,8356,7308,17599112,0
"2022-05-07",662,7218518,591,6303809,32,585951,1204,3238150,2425,257598,3629,3495748,4914,7172.71,17604026,0
"2022-05-08",417,7218935,247,6304056,17,585968,666,3238816,1380,258978,2046,3497794,2727,7097.43,17606753,0
"2022-05-09",1087,7220022,947,6305003,60,586028,1887,3240703,4420,263398,6307,3504101,8401,7241.43,17615154,0
"2022-05-10",1098,7221120,931,6305934,54,586082,1988,3242691,4710,268108,6698,3510799,8781,7224.29,17623935,0
"2022-05-11",1095,7222215,981,6306915,44,586126,1940,3244631,4826,272934,6766,3517565,8886,7279.71,17632821,0
"2022-05-12",1105,7223320,951,6307866,60,586186,2004,3246635,4654,277588,6658,3524223,8774,7262.71,17641595,0
"2022-05-13",1165,7224485,1040,6308906,44,586230,2061,3248696,4782,282370,6843,3531066,9092,7367.86,17650687,0
"2022-05-14",832,7225317,670,6309576,31,586261,1472,3250168,2943,285313,4415,3535481,5948,7515.57,17656635,0
"2022-05-15",512,7225829,357,6309933,21,586282,923,3251091,1645,286958,2568,3538049,3458,7620,17660093,0
"2022-05-16",1233,7227062,861,6310794,62,586344,1827,3252918,3854,290812,5681,3543730,7837,7539.43,17667930,0
"2022-05-17",1298,7228360,928,6311722,79,586423,2052,3254970,4870,295682,6922,3550652,9227,7603.14,17677157,0
"2022-05-18",1250,7229610,902,6312624,82,586505,2064,3257034,4916,300598,6980,3557632,9214,7650,17686371,0
"2022-05-19",1172,7230782,883,6313507,35,586540,2118,3259152,4710,305308,6828,3564460,8918,7670.57,17695289,0
"2022-05-20",1205,7231987,960,6314467,74,586614,2366,3261518,5185,310493,7551,3572011,9790,7770.29,17705079,0
"2022-05-21",839,7232826,649,6315116,23,586637,1725,3263243,3287,313780,5012,3577023,6523,7852.43,17711602,0
"2022-05-22",513,7233339,291,6315407,22,586659,1134,3264377,1838,315618,2972,3579995,3798,7901,17715400,0
"2022-05-23",1228,7234567,891,6316298,47,586706,2187,3266564,4693,320311,6880,3586875,9046,8073.71,17724446,0
"2022-05-24",1436,7236003,941,6317239,66,586772,2294,3268858,4464,324775,6758,3593633,9201,8070,17733647,0
"2022-05-25",1442,7237445,958,6318197,56,586828,2261,3271119,4235,329010,6496,3600129,8952,8032.57,17742599,0
"2022-05-26",1183,7238628,876,6319073,60,586888,2262,3273381,4127,333137,6389,3606518,8508,7974,17751107,0
"2022-05-27",1259,7239887,959,6320032,38,586926,2490,3275871,3893,337030,6383,3612901,8639,7809.57,17759746,0
"2022-05-28",720,7240607,518,6320550,19,586945,1779,3277650,2060,339090,3839,3616740,5096,7605.71,17764842,0
"2022-05-29",476,7241083,218,6320768,11,586956,762,3278412,1116,340206,1878,3618618,2583,7432.14,17767425,0
"2022-05-30",91,7241174,58,6320826,6,586962,139,3278551,145,340351,284,3618902,439,6202.57,17767864,0
"2022-05-31",1142,7242316,917,6321743,51,587013,1881,3280432,3054,343405,4935,3623837,7045,5894.57,17774909,0
"2022-06-01",1160,7243476,848,6322591,63,587076,1965,3282397,3407,346812,5372,3629209,7443,5679,17782352,0
"2022-06-02",1036,7244512,802,6323393,72,587148,1823,3284220,3157,349969,4980,3634189,6890,5447.86,17789242,0
"2022-06-03",1171,7245683,891,6324284,47,587195,2055,3286275,3476,353445,5531,3639720,7640,5305.14,17796882,0
"2022-06-04",728,7246411,583,6324867,26,587221,1546,3287821,1894,355339,3440,3643160,4777,5259.57,17801659,0
"2022-06-05",449,7246860,298,6325165,1,587222,879,3288700,978,356317,1857,3645017,2605,5262.71,17804264,0
"2022-06-06",1127,7247987,826,6325991,64,587286,1752,3290452,2726,359043,4478,3649495,6495,6127.86,17810759,0
"2022-06-07",1030,7249017,767,6326758,70,587356,1766,3292218,2554,361597,4320,3653815,6187,6005.29,17816946,0
"2022-06-08",1097,7250114,835,6327593,75,587431,1868,3294086,2729,364326,4597,3658412,6604,5885.43,17823550,0
"2022-06-09",1146,7251260,839,6328432,61,587492,2214,3296300,2681,367007,4895,3663307,6941,5892.71,17830491,0
"2022-06-10",1055,7252315,820,6329252,75,587567,1879,3298179,2812,369819,4691,3667998,6641,5750,17837132,0
"2022-06-11",683,7252998,507,6329759,25,587592,1317,3299496,1502,371321,2819,3670817,4034,5643.86,17841166,0
"2022-06-12",351,7253349,285,6330044,20,587612,880,3300376,768,372089,1648,3672465,2304,5600.86,17843470,0
"2022-06-13",1038,7254387,766,6330810,63,587675,1567,3301943,2175,374264,3742,3676207,5609,5474.29,17849079,0
"2022-06-14",943,7255330,817,6331627,55,587730,1661,3303604,2487,376751,4148,3680355,5963,5442.29,17855042,0
"2022-06-15",980,7256310,854,6332481,39,587769,1642,3305246,2400,379151,4042,3684397,5915,5343.86,17860957,0
"2022-06-16",944,7257254,777,6333258,59,587828,1810,3307056,2344,381495,4154,3688551,5934,5200,17866891,0
"2022-06-17",903,7258157,793,6334051,45,587873,1746,3308802,2386,383881,4132,3692683,5873,5090.29,17872764,0
"2022-06-18",665,7258822,521,6334572,26,587899,1274,3310076,1291,385172,2565,3695248,3777,5053.57,17876541,0
"2022-06-19",353,7259175,236,6334808,16,587915,725,3310801,603,385775,1328,3696576,1933,5000.57,17878474,0
"2022-06-20",838,7260013,489,6335297,41,587956,1562,3312363,1611,387386,3173,3699749,4541,4848,17883015,0
"2022-06-21",1137,7261150,728,6336025,50,588006,1675,3314038,2120,389506,3795,3703544,5710,4811.86,17888725,0
"2022-06-22",1970,7263120,818,6336843,46,588052,1682,3315720,1981,391487,3663,3707207,6497,4895,17895222,0
"2022-06-23",2110,7265230,750,6337593,64,588116,1689,3317409,2140,393627,3829,3711036,6753,5012,17901975,0
"2022-06-24",2174,7267404,756,6338349,48,588164,1618,3319027,2134,395761,3752,3714788,6730,5134.43,17908705,0
"2022-06-25",2140,7269544,487,6338836,15,588179,1231,3320258,1133,396894,2364,3717152,5006,5310,17913711,0
"2022-06-26",1214,7270758,247,6339083,14,588193,679,3320937,530,397424,1209,3718361,2684,5417.29,17916395,0
"2022-06-27",1528,7272286,649,6339732,60,588253,1452,3322389,1601,399025,3053,3721414,5290,5524.29,17921685,0
"2022-06-28",1690,7273976,828,6340560,53,588306,1844,3324233,2122,401147,3966,3725380,6537,5642.43,17928222,0
"2022-06-29",1835,7275811,764,6341324,48,588354,1677,3325910,1913,403060,3590,3728970,6237,5605.29,17934459,0
"2022-06-30",1851,7277662,799,6342123,46,588400,1726,3327636,2090,405150,3816,3732786,6512,5570.86,17940971,0
"2022-07-01",1574,7279236,589,6342712,25,588425,1379,3329015,1716,406866,3095,3735881,5283,5364.14,17946254,0
"2022-07-02",972,7280208,378,6343090,18,588443,830,3329845,924,407790,1754,3737635,3122,5095,17949376,0
"2022-07-03",529,7280737,205,6343295,7,588450,459,3330304,484,408274,943,3738578,1684,4952.14,17951060,0
"2022-07-04",35,7280772,26,6343321,1,588451,30,3330334,38,408312,68,3738646,130,4215,17951190,0
"2022-07-05",1275,7282047,747,6344068,35,588486,1390,3331724,1729,410041,3119,3741765,5176,4020.57,17956366,0
"2022-07-06",1601,7283648,674,6344742,44,588530,1420,3333144,1809,411850,3229,3744994,5548,3922.14,17961914,0
"2022-07-07",1556,7285204,711,6345453,47,588577,1511,3334655,1977,413827,3488,3748482,5802,3820.71,17967716,0
"2022-07-08",1616,7286820,642,6346095,37,588614,1460,3336115,1956,415783,3416,3751898,5711,3881.86,17973427,0
"2022-07-09",979,7287799,407,6346502,25,588639,875,3336990,1337,417120,2212,3754110,3623,3953.43,17977050,0
"2022-07-10",643,7288442,184,6346686,17,588656,425,3337415,657,417777,1082,3755192,1926,3988,17978976,0
"2022-07-11",1378,7289820,626,6347312,49,588705,1419,3338834,2182,419959,3601,3758793,5654,4777.14,17984630,0
"2022-07-12",1392,7291212,682,6347994,45,588750,1384,3340218,2485,422444,3869,3762662,5988,4893.14,17990618,0
"2022-07-13",1593,7292805,718,6348712,35,588785,1476,3341694,2766,425210,4242,3766904,6588,5041.71,17997206,0
"2022-07-14",1556,7294361,829,6349541,47,588832,1579,3343273,3031,428241,4610,3771514,7042,5218.86,18004248,0
"2022-07-15",1592,7295953,914,6350455,44,588876,1544,3344817,3021,431262,4565,3776079,7115,5419.43,18011363,0
"2022-07-16",876,7296829,573,6351028,9,588885,966,3345783,1679,432941,2645,3778724,4103,5488,18015466,0
"2022-07-17",546,7297375,291,6351319,16,588901,528,3346311,1162,434103,1690,3780414,2543,5576.14,18018009,0
"2022-07-18",1376,7298751,833,6352152,43,588944,1411,3347722,2414,436517,3825,3784239,6077,5636.57,18024086,0
"2022-07-19",1421,7300172,965,6353117,50,588994,1525,3349247,2756,439273,4281,3788520,6717,5740.71,18030803,0
"2022-07-20",1361,7301533,1455,6354572,50,589044,1322,3350569,2338,441611,3660,3792180,6526,5731.86,18037329,0
"2022-07-21",1323,7302856,1418,6355990,45,589089,1374,3351943,2326,443937,3700,3795880,6486,5652.43,18043815,0
"2022-07-22",1417,7304273,1539,6357529,37,589126,1532,3353475,2817,446754,4349,3800229,7342,5684.86,18051157,0
"2022-07-23",903,7305176,1087,6358616,15,589141,987,3354462,1539,448293,2526,3802755,4531,5746,18055688,0
"2022-07-24",489,7305665,638,6359254,14,589155,499,3354961,797,449090,1296,3804051,2437,5730.86,18058125,0
"2022-07-25",1205,7306870,760,6360014,56,589211,1246,3356207,2030,451120,3276,3807327,5297,5619.43,18063422,0
"2022-07-26",1203,7308073,1007,6361021,39,589250,1440,3357647,2377,453497,3817,3811144,6066,5526.43,18069488,0
"2022-07-27",1300,7309373,1253,6362274,40,589290,1369,3359016,2147,455644,3516,3814660,6109,5466.86,18075597,0
"2022-07-28",1283,7310656,1389,6363663,68,589358,1388,3360404,2151,457795,3539,3818199,6279,5437.29,18081876,0
"2022-07-29",1299,7311955,1403,6365066,65,589423,1318,3361722,2081,459876,3399,3821598,6166,5269.29,18088042,0
"2022-07-30",718,7312673,713,6365779,23,589446,777,3362499,931,460807,1708,3823306,3162,5073.71,18091204,0
"2022-07-31",414,7313087,586,6366365,13,589459,485,3362984,568,461375,1053,3824359,2066,5020.71,18093270,0
"2022-08-01",1200,7314287,887,6367252,53,589512,1300,3364284,1455,462830,2755,3827114,4895,4963.29,18098165,0
"2022-08-02",1200,7315487,995,6368247,70,589582,1306,3365590,1560,464390,2866,3829980,5131,4829.71,18103296,120000
"2022-08-03",1226,7316713,1142,6369389,35,589617,1286,3366876,1403,465793,2689,3832669,5092,4684.43,18108388,120000
"2022-08-04",1124,7317837,1115,6370504,45,589662,1159,3368035,1246,467039,2405,3835074,4689,4457.29,18113077,120000
"2022-08-05",1239,7319076,1367,6371871,39,589701,1250,3369285,1302,468341,2552,3837626,5197,4318.86,18118274,120000
"2022-08-06",629,7319705,806,6372677,10,589711,709,3369994,686,469027,1395,3839021,2840,4272.86,18121114,120000
"2022-08-07",367,7320072,440,6373117,12,589723,398,3370392,323,469350,721,3839742,1540,4197.71,18122654,120000
"2022-08-08",364,7320436,346,6373463,27,589750,378,3370770,327,469677,705,3840447,1442,3704.43,18124096,120000
