"DATE","ADMIN_DOSE1_DAILY","ADMIN_DOSE1_CUMULATIVE","ADMIN_DOSE2_DAILY","ADMIN_DOSE2_CUMULATIVE","ADMIN_SINGLE_DAILY","ADMIN_SINGLE_CUMULATIVE","ADMIN_ADDITIONAL1_DAILY","ADMIN_ADDITIONAL1_CUMULATIVE","ADMIN_ADDITIONAL2_DAILY","ADMIN_ADDITIONAL2_CUMULATIVE","ADMIN_ADDITIONAL_DAILY","ADMIN_ADDITIONAL_CUMULATIVE","ADMIN_BIVALENT_ADDITIONAL_DAILY","ADMIN_BIVALENT_ADDITIONAL_CUMULATIVE","ADMIN_ALLDOSES_DAILY","ADMIN_ALLDOSES_7DAYAVG","ADMIN_ALLDOSES_CUMULATIVE","ADMIN_ALLDOSES_PRIMARY","INCOMPLETE"
2020-12-14,79,79,0,0,2,2,0,0,0,0,0,0,0,0,81,,81,81,0
2020-12-15,2052,2131,7,7,5,7,0,0,0,0,0,0,0,0,2064,,2145,2145,0
2020-12-16,4604,6735,17,24,4,11,1,1,0,0,1,1,0,0,4626,,6771,6770,0
2020-12-17,4661,11396,18,42,2,13,1,2,0,0,1,2,0,0,4682,,11453,11451,0
2020-12-18,5834,17230,22,64,2,15,2,4,0,0,2,4,0,0,5860,,17313,17309,0
2020-12-19,1688,18918,9,73,3,18,0,4,0,0,0,4,0,0,1700,,19013,19009,0
2020-12-20,1118,20036,2,75,1,19,0,4,0,0,0,4,0,0,1121,2876.29,20134,20130,0
2020-12-21,6391,26427,23,98,0,19,4,8,0,0,4,8,0,0,6418,3781.57,26552,26544,0
2020-12-22,9766,36193,28,126,2,21,1,9,0,0,1,9,0,0,9797,4886.29,36349,36340,0
2020-12-23,14275,50468,38,164,3,24,0,9,0,0,0,9,0,0,14316,6270.57,50665,50656,0
2020-12-24,7170,57638,28,192,1,25,0,9,0,0,0,9,0,0,7199,6630.14,57864,57855,0
2020-12-25,180,57818,0,192,0,25,1,10,0,0,1,10,0,0,181,5818.86,58045,58035,0
2020-12-26,4391,62209,48,240,0,25,1,11,0,0,1,11,0,0,4440,6210.29,62485,62474,0
2020-12-27,3869,66078,15,255,0,25,1,12,0,0,1,12,0,0,3885,6605.14,66370,66358,0
2020-12-28,10991,77069,51,306,1,26,3,15,0,0,3,15,0,0,11046,7266.29,77416,77401,0
2020-12-29,10712,87781,37,343,2,28,3,18,0,0,3,18,0,0,10754,7403,88170,88152,0
2020-12-30,12819,100600,45,388,0,28,0,18,0,0,0,18,0,0,12864,7195.57,101034,101016,0
2020-12-31,7258,107858,38,426,1,29,0,18,0,0,0,18,0,0,7297,7209.57,108331,108313,0
2021-01-01,178,108036,2,428,1,30,3,21,0,0,3,21,0,0,184,7210,108515,108494,0
2021-01-02,3810,111846,10,438,3,33,2,23,0,0,2,23,0,0,3825,7122.14,112340,112317,0
2021-01-03,3545,115391,24,462,2,35,1,24,0,0,1,24,0,0,3572,7077.43,115912,115888,0
2021-01-04,12248,127639,812,1274,2,37,7,31,0,0,7,31,0,0,13069,7366.43,128981,128950,0
2021-01-05,14085,141724,2198,3472,2,39,14,45,1,1,15,46,0,0,16300,8158.71,145281,145235,0
2021-01-06,17794,159518,3929,7401,1,40,33,78,8,9,41,87,0,0,21765,9430.29,167046,166959,0
2021-01-07,16538,176056,5186,12587,4,44,46,124,3,12,49,136,0,0,21777,11498.86,188823,188687,0
2021-01-08,16609,192665,5464,18051,0,44,37,161,5,17,42,178,0,0,22115,14631.86,210938,210760,0
2021-01-09,7647,200312,1464,19515,1,45,9,170,2,19,11,189,0,0,9123,15388.71,220061,219872,0
2021-01-10,7878,208190,980,20495,0,45,14,184,0,19,14,203,0,0,8872,16145.86,228933,228730,0
2021-01-11,25809,233999,7462,27957,2,47,59,243,6,25,65,268,0,0,33338,19041.43,262271,262003,0
2021-01-12,28240,262239,7868,35825,1,48,46,289,4,29,50,318,0,0,36159,21878.43,298430,298112,0
2021-01-13,31697,293936,9424,45249,1,49,60,349,5,34,65,383,0,0,41187,24653,339617,339234,0
2021-01-14,35793,329729,5307,50556,1,50,33,382,7,41,40,423,0,0,41141,27419.29,380758,380335,0
2021-01-15,29246,358975,3716,54272,2,52,33,415,6,47,39,462,0,0,33003,28974.71,413761,413299,0
2021-01-16,30257,389232,2398,56670,0,52,25,440,6,53,31,493,0,0,32686,32340.86,446447,445954,0
2021-01-17,23725,412957,1646,58316,0,52,20,460,1,54,21,514,0,0,25392,34700.86,471839,471325,0
2021-01-18,27078,440035,2429,60745,0,52,37,497,7,61,44,558,0,0,29552,34160,501391,500833,0
2021-01-19,34264,474299,9646,70391,1,53,73,570,8,69,81,639,0,0,43992,35279,545383,544744,0
2021-01-20,34844,509143,9505,79896,1,54,62,632,3,72,65,704,0,0,44415,35740.14,589798,589094,0
2021-01-21,25570,534713,8100,87996,2,56,55,687,5,77,60,764,0,0,33732,34681.71,623530,622766,0
2021-01-22,24738,559451,4388,92384,1,57,32,719,7,84,39,803,0,0,29166,34133.57,652696,651893,0
2021-01-23,15733,575184,3226,95610,0,57,12,731,2,86,14,817,0,0,18973,32174.57,671669,670852,0
2021-01-24,7169,582353,3460,99070,0,57,20,751,1,87,21,838,0,0,10650,30068.57,682319,681481,0
2021-01-25,13389,595742,11834,110904,0,57,70,821,13,100,83,921,0,0,25306,29462,707625,706704,0
2021-01-26,16747,612489,10764,121668,0,57,69,890,3,103,73,994,0,0,27584,27118,735209,734216,0
2021-01-27,20818,633307,12354,134022,0,57,55,945,9,112,64,1058,0,0,33238,25521.29,768447,767390,0
2021-01-28,30726,664033,12858,146880,0,57,86,1031,16,128,102,1160,0,0,43689,26943.71,812136,810977,0
2021-01-29,31663,695696,11517,158397,0,57,85,1116,11,139,96,1256,0,0,43276,28959.43,855412,854157,0
2021-01-30,18705,714401,3744,162141,0,57,23,1139,2,141,26,1282,0,0,22475,29459.71,877887,876607,0
2021-01-31,13005,727406,2931,165072,1,58,28,1167,5,146,33,1315,0,0,15970,30219.71,893857,892544,0
2021-02-01,1180,728586,5399,170471,4,62,38,1205,4,150,42,1357,0,0,6625,27551,900482,899127,0
2021-02-02,2823,731409,9441,179912,2,64,55,1260,3,153,58,1415,0,0,12324,25371,912806,911393,0
2021-02-03,16340,747749,21234,201146,4,68,216,1476,22,175,238,1653,0,0,37816,26025,950622,948971,0
2021-02-04,27030,774779,19653,220799,3,71,213,1689,10,185,223,1876,0,0,46909,26485,997531,995657,0
2021-02-05,27574,802353,20030,240829,0,71,197,1886,16,201,214,2090,0,0,47818,27133.86,1045349,1043262,0
2021-02-06,22970,825323,11252,252081,0,71,118,2004,13,214,131,2221,0,0,34353,28830.71,1079702,1077484,0
2021-02-07,12027,837350,8285,260366,1,72,99,2103,13,227,113,2334,0,0,20426,29467.29,1100128,1097798,0
2021-02-08,16934,854284,23526,283892,2,74,241,2344,37,264,279,2613,0,0,40741,34341,1140869,1138261,0
2021-02-09,17182,871466,28086,311978,2,76,362,2706,42,306,407,3020,0,0,45677,39105.71,1186546,1183534,0
2021-02-10,19577,891043,29305,341283,2,78,273,2979,52,358,328,3348,0,0,49213,40733.86,1235759,1232422,0
2021-02-11,27826,918869,33453,374736,2,80,360,3339,59,417,419,3767,0,0,61702,42847.14,1297461,1293705,0
2021-02-12,38343,957212,30810,405546,3,83,369,3708,43,460,413,4180,0,0,69569,45954.43,1367030,1362862,0
2021-02-13,27977,985189,25317,430863,2,85,317,4025,59,519,377,4557,0,0,53674,48714.57,1420704,1416160,0
2021-02-14,16256,1001445,23722,454585,0,85,282,4307,35,554,317,4874,0,0,40295,51553,1460999,1456138,0
2021-02-15,12787,1014232,10524,465109,2,87,184,4491,24,578,209,5083,0,0,23522,49093.14,1484521,1479452,0
2021-02-16,14229,1028461,26706,491815,0,87,345,4836,41,619,387,5470,0,0,41322,48471,1525843,1520388,0
2021-02-17,16376,1044837,22194,514009,1,88,289,5125,43,662,332,5802,0,0,38903,46998.14,1564746,1558959,0
2021-02-18,12131,1056968,24983,538992,21,109,309,5434,46,708,355,6157,0,0,37490,43539.29,1602236,1596094,0
2021-02-19,13235,1070203,23924,562916,38,147,317,5751,49,757,366,6523,0,0,37563,38967,1639799,1633291,0
2021-02-20,11338,1081541,26070,588986,7,154,341,6092,79,836,422,6945,0,0,37838,36704.71,1677637,1670709,0
2021-02-21,6345,1087886,17410,606396,15,169,306,6398,46,882,353,7298,0,0,24123,34394.43,1701760,1694480,0
2021-02-22,13040,1100926,11834,618230,2,171,134,6532,22,904,156,7454,0,0,25032,34610.14,1726792,1719356,0
2021-02-23,25221,1126147,14149,632379,1,172,170,6702,35,939,206,7660,0,0,39578,34361,1766370,1758729,0
2021-02-24,36316,1162463,20408,652787,0,172,236,6938,43,982,280,7940,0,0,57004,36946.86,1823374,1815454,0
2021-02-25,54509,1216972,30453,683240,6,178,417,7355,66,1048,484,8424,0,0,85452,43798.57,1908826,1900423,0
2021-02-26,62782,1279754,31900,715140,4,182,432,7787,79,1127,514,8938,0,0,95200,52032.43,2004026,1995112,0
2021-02-27,51254,1331008,22753,737893,47,229,359,8146,54,1181,414,9352,0,0,74468,57265.29,2078494,2069167,0
2021-02-28,44542,1375550,13853,751746,7,236,210,8356,37,1218,247,9599,0,0,58649,62197.57,2137143,2127569,0
2021-03-01,39297,1414847,12785,764531,10,246,173,8529,24,1242,197,9796,0,0,52289,66091.43,2189432,2179661,0
2021-03-02,47069,1461916,12577,777108,7,253,160,8689,18,1260,178,9974,0,0,59831,68984.71,2249263,2239314,0
2021-03-03,48587,1510503,16151,793259,17,270,160,8849,21,1281,181,10155,0,0,64936,70117.86,2314199,2304069,0
2021-03-04,59792,1570295,22819,816078,1092,1362,278,9127,38,1319,318,10473,0,0,84021,69913.43,2398220,2387774,0
2021-03-05,60941,1631236,24294,840372,3107,4469,337,9464,36,1355,375,10848,0,0,88717,68987.29,2486937,2476118,0
2021-03-06,47144,1678380,18886,859258,5451,9920,247,9711,42,1397,289,11137,0,0,71770,68601.86,2558707,2547599,0
2021-03-07,36013,1714393,14887,874145,6243,16163,242,9953,23,1420,267,11404,0,0,57410,68424.86,2616117,2604744,0
2021-03-08,39600,1753993,14687,888832,8554,24717,325,10278,93,1513,423,11827,0,0,63264,69992.71,2679381,2667590,0
2021-03-09,39079,1793072,12858,901690,7758,32475,189,10467,35,1548,225,12052,0,0,59920,70005.43,2739301,2727286,0
2021-03-10,51803,1844875,15369,917059,5064,37539,230,10697,34,1582,266,12318,0,0,72502,71086.29,2811803,2799524,0
2021-03-11,59957,1904832,21826,938885,4618,42157,260,10957,48,1630,310,12628,0,0,86711,71470.57,2898514,2885927,0
2021-03-12,52168,1957000,30303,969188,4182,46339,391,11348,91,1721,482,13110,0,0,87135,71244.57,2985649,2972580,0
2021-03-13,40633,1997633,26678,995866,5110,51449,341,11689,56,1777,397,13507,0,0,72819,71394.43,3058468,3045002,0
2021-03-14,30695,2028328,15969,1011835,4522,55971,257,11946,28,1805,287,13794,0,0,51474,70546.43,3109942,3096191,0
2021-03-15,33578,2061906,17257,1029092,4702,60673,246,12192,33,1838,279,14073,0,0,55816,69482.43,3165758,3151728,0
2021-03-16,38656,2100562,20510,1049602,4922,65595,272,12464,37,1875,310,14383,0,0,64398,70122.14,3230156,3215817,0
2021-03-17,42597,2143159,24782,1074384,4242,69837,358,12822,43,1918,402,14785,0,0,72023,70053.71,3302179,3287439,0
2021-03-18,50405,2193564,26809,1101193,5224,75061,391,13213,65,1983,456,15241,0,0,82894,69508.43,3385073,3369877,0
2021-03-19,47756,2241320,29967,1131160,5622,80683,411,13624,75,2058,486,15727,0,0,83832,69036.57,3468905,3453223,0
2021-03-20,38687,2280007,25835,1156995,4681,85364,313,13937,60,2118,374,16101,0,0,69577,68573.43,3538482,3522427,0
2021-03-21,29282,2309289,19354,1176349,769,86133,233,14170,45,2163,278,16379,0,0,49683,68317.57,3588165,3571832,0
2021-03-22,33846,2343135,26753,1203102,4037,90170,261,14431,38,2201,300,16679,0,0,64937,69620.57,3653102,3636470,0
2021-03-23,38413,2381548,32850,1235952,4213,94383,305,14736,55,2256,364,17043,0,0,75840,71255.14,3728942,3711950,0
2021-03-24,41467,2423015,37614,1273566,4843,99226,342,15078,65,2321,410,17453,0,0,84334,73013.86,3813276,3795877,0
2021-03-25,43383,2466398,50779,1324345,5050,104276,497,15575,89,2410,590,18043,0,0,99802,75429.29,3913078,3895093,0
2021-03-26,38479,2504877,55495,1379840,4307,108583,547,16122,107,2517,658,18701,0,0,98939,77587.43,4012017,3993378,0
2021-03-27,35716,2540593,45741,1425581,2938,111521,441,16563,86,2603,528,19229,0,0,84923,79779.71,4096940,4077774,0
2021-03-28,26371,2566964,34445,1460026,1480,113001,354,16917,67,2670,425,19654,0,0,62721,81642.29,4159661,4140074,0
2021-03-29,34797,2601761,38856,1498882,3243,116244,367,17284,115,2785,483,20137,0,0,77379,83419.71,4237040,4216971,0
2021-03-30,40481,2642242,41924,1540806,3712,119956,353,17637,66,2851,420,20557,0,0,86537,84947.86,4323577,4303089,0
2021-03-31,49364,2691606,44875,1585681,7438,127394,424,18061,87,2938,511,21068,0,0,102188,87498.43,4425765,4404766,0
2021-04-01,50755,2742361,53940,1639621,11272,138666,521,18582,86,3024,611,21679,0,0,116578,89895,4542343,4520737,0
2021-04-02,43745,2786106,53870,1693491,11964,150630,566,19148,72,3096,643,22322,0,0,110222,91506.86,4652565,4630321,0
2021-04-03,39235,2825341,39206,1732697,9859,160489,353,19501,60,3156,414,22736,0,0,88714,92048.43,4741279,4718622,0
2021-04-04,26546,2851887,24778,1757475,3902,164391,233,19734,51,3207,284,23020,0,0,55510,91018.29,4796789,4773848,0
2021-04-05,41857,2893744,34476,1791951,11194,175585,395,20129,61,3268,457,23477,0,0,87984,92533.29,4884773,4861376,0
2021-04-06,53233,2946977,35616,1827567,13212,188797,453,20582,79,3347,533,24010,0,0,102594,94827.14,4987367,4963438,0
2021-04-07,55468,3002445,40706,1868273,14387,203184,418,21000,83,3430,503,24513,0,0,111064,96095.14,5098431,5074001,0
2021-04-08,59231,3061676,46580,1914853,16335,219519,548,21548,88,3518,637,25150,0,0,122783,96981.57,5221214,5196148,0
2021-04-09,56620,3118296,44946,1959799,17555,237074,546,22094,80,3598,631,25781,0,0,119752,98343,5340966,5315274,0
2021-04-10,49324,3167620,35641,1995440,12716,249790,406,22500,65,3663,475,26256,0,0,98156,99691.86,5439122,5412959,0
2021-04-11,38154,3205774,28826,2024266,7679,257469,304,22804,61,3724,366,26622,0,0,75025,102479.71,5514147,5487619,0
2021-04-12,46615,3252389,31834,2056100,13493,270962,480,23284,69,3793,549,27171,0,0,92491,103123.57,5606638,5579561,0
2021-04-13,52527,3304916,33789,2089889,369,271331,416,23700,65,3858,482,27653,0,0,87167,100919.71,5693805,5666247,0
2021-04-14,50126,3355042,39955,2129844,20,271351,377,24077,79,3937,457,28110,0,0,90558,97990.29,5784363,5756349,0
2021-04-15,52101,3407143,43689,2173533,16,271367,465,24542,107,4044,577,28687,0,0,96384,94219,5880747,5852161,0
2021-04-16,51172,3458315,42200,2215733,31,271398,452,24994,75,4119,530,29217,0,0,93933,90530.57,5974680,5945567,0
2021-04-17,43823,3502138,35687,2251420,3,271401,379,25373,85,4204,466,29683,0,0,79979,87933.86,6054659,6025082,0
2021-04-18,28594,3530732,29360,2280780,7,271408,268,25641,67,4271,336,30019,0,0,58297,85544.14,6112956,6083044,0
2021-04-19,37440,3568172,36445,2317225,21,271429,348,25989,71,4342,421,30440,0,0,74327,82949.29,6187283,6156952,0
2021-04-20,40785,3608957,39626,2356851,19,271448,323,26312,83,4425,407,30847,0,0,80837,82045,6268120,6237383,0
2021-04-21,38871,3647828,46026,2402877,17,271465,512,26824,99,4524,612,31459,0,0,85526,81326.14,6353646,6322298,0
2021-04-22,38471,3686299,48956,2451833,9,271474,356,27180,78,4602,436,31895,0,0,87873,80110.29,6441519,6409737,0
2021-04-23,39679,3725978,44382,2496215,3,271477,365,27545,76,4678,443,32338,0,0,84507,78763.71,6526026,6493803,0
2021-04-24,31921,3757899,41602,2537817,44,271521,291,27836,62,4740,354,32692,0,0,73921,77898.29,6599947,6567371,0
2021-04-25,18412,3776311,31213,2569030,87,271608,207,28043,63,4803,270,32962,0,0,49982,76710.43,6649929,6617083,0
2021-04-26,26952,3803263,40715,2609745,1012,272620,310,28353,96,4899,411,33373,0,0,69090,75962.29,6719019,6685767,0
2021-04-27,28549,3831812,47128,2656873,1696,274316,378,28731,99,4998,482,33855,0,0,77855,75536.29,6796874,6763145,0
2021-04-28,27007,3858819,56840,2713713,2146,276462,457,29188,102,5100,562,34417,0,0,86555,75683.29,6883429,6849141,0
2021-04-29,28580,3887399,57200,2770913,2150,278612,380,29568,104,5204,486,34903,0,0,88416,75760.86,6971845,6937073,0
2021-04-30,30098,3917497,51991,2822904,2060,280672,294,29862,75,5279,370,35273,0,0,84520,75762.71,7056365,7021224,0
2021-05-01,22472,3939969,44534,2867438,1177,281849,237,30099,68,5347,307,35580,0,0,68490,74986.86,7124855,7089409,0
2021-05-02,11916,3951885,36635,2904073,1081,282930,156,30255,59,5406,217,35797,0,0,49849,74967.86,7174704,7139043,0
2021-05-03,18006,3969891,53017,2957090,2380,285310,271,30526,94,5500,367,36164,0,0,73772,75636.71,7248476,7212450,0
2021-05-04,22723,3992614,56641,3013731,2332,287642,277,30803,118,5618,396,36560,0,0,82093,76242.14,7330569,7294148,0
2021-05-05,21470,4014084,48754,3062485,2313,289955,319,31122,105,5723,425,36985,0,0,72963,74300.43,7403532,7366687,0
2021-05-06,20669,4034753,50176,3112661,2508,292463,283,31405,92,5815,379,37364,0,0,73732,72202.71,7477264,7440044,0
2021-05-07,21230,4055983,52102,3164763,2812,295275,323,31728,81,5896,405,37769,0,0,76549,71064,7553813,7516189,0
2021-05-08,16616,4072599,41865,3206628,1834,297109,238,31966,73,5969,311,38080,0,0,60626,69940.57,7614439,7576504,0
2021-05-09,7967,4080566,29403,3236031,1260,298369,158,32124,56,6025,214,38294,0,0,38844,68368.43,7653283,7615134,0
2021-05-10,14369,4094935,38526,3274557,2356,300725,252,32376,94,6119,350,38644,0,0,55602,65772.71,7708885,7670390,0
2021-05-11,19889,4114824,43056,3317613,2512,303237,297,32673,89,6208,391,39035,0,0,65849,63452.14,7774734,7735853,0
2021-05-12,17809,4132633,40531,3358144,3595,306832,245,32918,82,6290,327,39362,0,0,62262,61923.43,7836996,7797788,0
2021-05-13,24940,4157573,40427,3398571,3229,310061,276,33194,82,6372,360,39722,0,0,68957,61241.29,7905953,7866387,0
2021-05-14,27003,4184576,42942,3441513,3535,313596,279,33473,95,6467,376,40098,0,0,73856,60856.57,7979809,7939869,0
2021-05-15,23637,4208213,34921,3476434,3364,316960,262,33735,75,6542,338,40436,0,0,62260,61090,8042069,8001792,0
2021-05-16,15513,4223726,19461,3495895,2496,319456,123,33858,47,6589,171,40607,0,0,37641,60918.14,8079710,8039263,0
2021-05-17,22660,4246386,29136,3525031,3252,322708,191,34049,73,6662,264,40871,0,0,55312,60876.71,8135022,8094311,0
2021-05-18,24613,4270999,31902,3556933,3402,326110,249,34298,84,6746,333,41204,0,0,60250,60076.86,8195272,8154228,0
2021-05-19,24169,4295168,29730,3586663,3040,329150,234,34532,51,6797,286,41490,0,0,57225,59357.29,8252497,8211168,0
2021-05-20,24131,4319299,30102,3616765,3163,332313,276,34808,90,6887,371,41861,0,0,57767,57758.71,8310264,8268569,0
2021-05-21,24661,4343960,32004,3648769,3057,335370,253,35061,63,6950,319,42180,0,0,60041,55785.14,8370305,8328294,0
2021-05-22,20008,4363968,24373,3673142,2523,337893,171,35232,48,6998,220,42400,0,0,47124,53622.86,8417429,8375199,0
2021-05-23,11223,4375191,13735,3686877,1411,339304,95,35327,32,7030,129,42529,0,0,26498,52031,8443927,8401570,0
2021-05-24,18853,4394044,23167,3710044,2757,342061,223,35550,55,7085,281,42810,0,0,45058,50566.14,8488985,8446350,0
2021-05-25,19413,4413457,23385,3733429,2601,344662,179,35729,59,7144,238,43048,0,0,45637,48478.57,8534622,8491749,0
2021-05-26,18772,4432229,21089,3754518,2698,347360,205,35934,49,7193,256,43304,0,0,42815,46420,8577437,8534310,0
2021-05-27,18450,4450679,21284,3775802,2530,349890,185,36119,62,7255,248,43552,0,0,42512,44240.71,8619949,8576575,0
2021-05-28,17851,4468530,22876,3798678,2751,352641,193,36312,59,7314,253,43805,0,0,43731,41910.71,8663680,8620054,0
2021-05-29,12701,4481231,17815,3816493,1755,354396,107,36419,39,7353,147,43952,0,0,32418,39809.86,8696098,8652326,0
2021-05-30,7023,4488254,8952,3825445,1074,355470,49,36468,16,7369,65,44017,0,0,17114,38469.29,8713212,8669375,0
2021-05-31,4739,4492993,6922,3832367,1011,356481,66,36534,18,7387,84,44101,0,0,12756,33854.71,8725968,8682047,0
2021-06-01,16041,4509034,25190,3857557,2177,358658,160,36694,44,7431,208,44309,0,0,43616,33566,8769584,8725459,0
2021-06-02,15352,4524386,20400,3877957,2095,360753,141,36835,47,7478,188,44497,0,0,38035,32883.14,8807619,8763306,0
2021-06-03,14991,4539377,23823,3901780,2280,363033,135,36970,45,7523,183,44680,0,0,41277,32706.71,8848896,8804403,0
2021-06-04,14708,4554085,26003,3927783,2492,365525,152,37122,42,7565,195,44875,0,0,43399,32659.29,8892295,8847608,0
2021-06-05,10979,4565064,22103,3949886,1806,367331,117,37239,29,7594,147,45022,0,0,35035,33033.14,8927330,8882497,0
2021-06-06,6443,4571507,14483,3964369,1222,368553,92,37331,13,7607,106,45128,0,0,22254,33767.43,8949584,8904646,0
2021-06-07,11693,4583200,21781,3986150,2378,370931,146,37477,39,7646,188,45316,0,0,36040,37093.71,8985624,8940501,0
2021-06-08,12621,4595821,24018,4010168,2071,373002,129,37606,47,7693,177,45493,0,0,38887,36418.14,9024511,8979212,0
2021-06-09,11120,4606941,23024,4033192,2300,375302,142,37748,44,7737,188,45681,0,0,36632,36217.71,9061143,9015658,0
2021-06-10,12054,4618995,22233,4055425,2461,377763,147,37895,64,7801,211,45892,0,0,36960,35601,9098103,9052407,0
2021-06-11,12691,4631686,25127,4080552,2483,380246,161,38056,63,7864,225,46117,0,0,40526,35190.57,9138629,9092709,0
2021-06-12,10158,4641844,19318,4099870,1888,382134,97,38153,45,7909,144,46261,0,0,31508,34686.71,9170137,9124075,0
2021-06-13,4249,4646093,10939,4110809,1219,383353,42,38195,21,7930,63,46324,0,0,16472,33860.71,9186609,9140484,0
2021-06-14,10199,4656292,19240,4130049,2040,385393,136,38331,53,7983,189,46513,0,0,31668,33236.14,9218277,9171963,0
2021-06-15,11878,4668170,21013,4151062,1942,387335,133,38464,41,8024,176,46689,0,0,35010,32682.29,9253287,9206799,0
2021-06-16,11581,4679751,19400,4170462,1956,389291,153,38617,74,8098,227,46916,0,0,33164,32186.86,9286451,9239736,0
2021-06-17,11015,4690766,18759,4189221,1973,391264,132,38749,35,8133,169,47085,0,0,31916,31466.29,9318367,9271485,0
2021-06-18,12163,4702929,18494,4207715,2115,393379,121,38870,37,8170,159,47244,0,0,32932,30381.43,9351299,9304259,0
2021-06-19,8490,4711419,13517,4221232,1459,394838,91,38961,22,8192,113,47357,0,0,23579,29248.71,9374878,9327725,0
2021-06-20,4333,4715752,7159,4228391,924,395762,37,38998,16,8208,53,47410,0,0,12469,28676.86,9387347,9340141,0
2021-06-21,10152,4725904,10014,4238405,1807,397569,73,39071,28,8236,102,47512,0,0,22075,27306.43,9409422,9362115,0
2021-06-22,9828,4735732,15643,4254048,1588,399157,108,39179,30,8266,138,47650,0,0,27197,26190.29,9436619,9389174,0
2021-06-23,10303,4746035,15188,4269236,1862,401019,103,39282,31,8297,135,47785,0,0,27488,25379.43,9464107,9416528,0
2021-06-24,9677,4755712,14702,4283938,1798,402817,125,39407,27,8324,154,47939,0,0,26331,24581.57,9490438,9442707,0
2021-06-25,10583,4766295,14382,4298320,1720,404537,122,39529,38,8362,160,48099,0,0,26845,23712,9517283,9469392,0
2021-06-26,7798,4774093,10465,4308785,1249,405786,79,39608,23,8385,103,48202,0,0,19615,23145.71,9536898,9488905,0
2021-06-27,4997,4779090,6002,4314787,795,406581,34,39642,15,8400,50,48252,0,0,11844,23056.43,9548742,9500700,0
2021-06-28,9028,4788118,10351,4325138,1526,408107,110,39752,26,8426,137,48389,0,0,21042,22908.86,9569784,9521606,0
2021-06-29,9726,4797844,12332,4337470,1347,409454,126,39878,34,8460,161,48550,0,0,23566,22390.14,9593350,9545012,0
2021-06-30,9424,4807268,10931,4348401,1486,410940,151,40029,18,8478,172,48722,0,0,22013,21608,9615363,9566856,0
2021-07-01,9391,4816659,10927,4359328,1434,412374,132,40161,25,8503,159,48881,0,0,21911,20976.57,9637274,9588610,0
2021-07-02,9688,4826347,11456,4370784,1541,413915,119,40280,21,8524,140,49021,0,0,22826,20402.43,9660100,9611296,0
2021-07-03,7058,4833405,8423,4379207,1192,415107,79,40359,17,8541,96,49117,0,0,16769,19995.86,9676869,9627969,0
2021-07-04,1286,4834691,1335,4380542,567,415674,11,40370,3,8544,14,49131,0,0,3202,18761.29,9680071,9631157,0
2021-07-05,6492,4841183,7108,4387650,1207,416881,67,40437,22,8566,89,49220,0,0,14896,17883.29,9694967,9645964,0
2021-07-06,9505,4850688,12853,4400503,1315,418196,117,40554,38,8604,156,49376,0,0,23829,17920.86,9718796,9669638,0
2021-07-07,8661,4859349,11107,4411610,1418,419614,129,40683,21,8625,150,49526,0,0,21336,17824.14,9740132,9690824,0
2021-07-08,8216,4867565,10190,4421800,1258,420872,111,40794,23,8648,136,49662,0,0,19800,17522.57,9759932,9710490,0
2021-07-09,8370,4875935,10831,4432631,1280,422152,92,40886,20,8668,112,49774,0,0,20593,17203.57,9780525,9730971,0
2021-07-10,7097,4883032,8636,4441267,1131,423283,68,40954,21,8689,90,49864,0,0,16954,17230,9797479,9747836,0
2021-07-11,4104,4887136,4540,4445807,701,423984,38,40992,6,8695,44,49908,0,0,9389,18113.86,9806868,9757181,0
2021-07-12,8446,4895582,9563,4455370,1251,425235,85,41077,23,8718,108,50016,0,0,19368,18752.71,9826236,9776441,0
2021-07-13,9457,4905039,9394,4464764,952,426187,109,41186,36,8754,147,50163,0,0,19950,18198.57,9846186,9796246,0
2021-07-14,8991,4914030,9534,4474298,1010,427197,110,41296,22,8776,136,50299,0,0,19671,17960.71,9865857,9815785,0
2021-07-15,8790,4922820,9156,4483454,1052,428249,85,41381,20,8796,106,50405,0,0,19104,17861.29,9884961,9834784,0
2021-07-16,9247,4932067,9764,4493218,980,429229,104,41485,30,8826,134,50539,0,0,20125,17794.43,9905086,9854775,0
2021-07-17,6838,4938905,7388,4500606,803,430032,80,41565,21,8847,101,50640,0,0,15130,17533.86,9920216,9869804,0
2021-07-18,4252,4943157,4286,4504892,575,430607,36,41601,14,8861,50,50690,0,0,9163,17501.57,9929379,9878917,0
2021-07-19,9118,4952275,8486,4513378,999,431606,93,41694,22,8883,116,50806,0,0,18719,17408.86,9948098,9897521,0
2021-07-20,10637,4962912,8761,4522139,991,432597,96,41790,25,8908,122,50928,0,0,20511,17489,9968609,9917911,0
2021-07-21,10050,4972962,8776,4530915,904,433501,149,41939,33,8941,182,51110,0,0,19912,17523.43,9988521,9937641,0
2021-07-22,10685,4983647,8584,4539499,1045,434546,146,42085,27,8968,174,51284,0,0,20488,17721.14,10009009,9957956,0
2021-07-23,11245,4994892,8887,4548386,1114,435660,140,42225,23,8991,165,51449,0,0,21411,17904.86,10030420,9979204,0
2021-07-24,7400,5002292,6741,4555127,670,436330,82,42307,26,9017,109,51558,0,0,14920,17874.86,10045340,9994016,0
2021-07-25,5471,5007763,2130,4557257,509,436839,58,42365,4,9021,62,51620,0,0,8172,17733.29,10053512,10002126,0
2021-07-26,10865,5018628,7010,4564267,856,437695,113,42478,20,9041,133,51753,0,0,18864,17754,10072376,10020857,0
2021-07-27,12058,5030686,8572,4572839,856,438551,140,42618,41,9082,182,51935,0,0,21668,17919.29,10094044,10042344,0
2021-07-28,12002,5042688,8057,4580896,950,439501,138,42756,29,9111,168,52103,0,0,21177,18100,10115221,10063354,0
2021-07-29,10923,5053611,7437,4588333,983,440484,139,42895,41,9152,184,52287,0,0,19527,17962.71,10134748,10082701,0
2021-07-30,14945,5068556,8014,4596347,1151,441635,188,43083,32,9184,222,52509,0,0,24332,18380,10159080,10106813,0
2021-07-31,9718,5078274,6324,4602671,815,442450,122,43205,21,9205,144,52653,0,0,17001,18677.29,10176081,10123671,0
2021-08-01,6497,5084771,3313,4605984,564,443014,81,43286,22,9227,103,52756,0,0,10477,19006.57,10186558,10134045,0
2021-08-02,13447,5098218,7155,4613139,845,443859,150,43436,19,9246,169,52925,0,0,21616,19399.71,10208174,10155492,0
2021-08-03,15401,5113619,8393,4621532,1109,444968,145,43581,39,9285,185,53110,0,0,25088,19888.29,10233262,10180396,0
2021-08-04,17253,5130872,8136,4629668,1454,446422,183,43764,36,9321,219,53329,0,0,27062,20729,10260324,10207239,0
2021-08-05,17879,5148751,7936,4637604,1371,447793,162,43926,22,9343,184,53513,0,0,27370,21849.43,10287694,10234425,0
2021-08-06,18168,5166919,8422,4646026,1230,449023,171,44097,32,9375,203,53716,0,0,28023,22376.71,10315717,10262245,0
2021-08-07,13375,5180294,6019,4652045,800,449823,105,44202,29,9404,134,53850,0,0,20328,22852,10336045,10282439,0
2021-08-08,9308,5189602,3834,4655879,400,450223,84,44286,10,9414,94,53944,0,0,13636,23303.29,10349681,10295981,0
2021-08-09,21333,5210935,8529,4664408,965,451188,178,44464,34,9448,213,54157,0,0,31040,24649.57,10380721,10326809,0
2021-08-10,18943,5229878,9332,4673740,946,452134,182,44646,34,9482,217,54374,0,0,29438,25271,10410159,10356031,0
2021-08-11,15642,5245520,8313,4682053,853,452987,132,44778,46,9528,179,54553,0,0,24987,24974.57,10435146,10380840,0
2021-08-12,15047,5260567,8989,4691042,942,453929,179,44957,37,9565,218,54771,0,0,25196,24664,10460342,10405820,0
2021-08-13,14912,5275479,9293,4700335,919,454848,247,45204,39,9604,287,55058,0,0,25412,24291,10485754,10430946,0
2021-08-14,10392,5285871,6413,4706748,625,455473,537,45741,41,9645,581,55639,0,0,18011,23960,10503765,10448379,0
2021-08-15,6687,5292558,4483,4711231,676,456149,568,46309,33,9678,605,56244,0,0,12451,23790.71,10516216,10460229,0
2021-08-16,15697,5308255,9311,4720542,1149,457298,1330,47639,67,9745,1402,57646,0,0,27559,23293.43,10543775,10486391,0
2021-08-17,17754,5326009,10457,4730999,1229,458527,1779,49418,85,9830,1879,59525,0,0,31319,23562.14,10575094,10515846,0
2021-08-18,17477,5343486,10382,4741381,1262,459789,2003,51421,91,9921,2105,61630,0,0,31226,24453.43,10606320,10544978,0
2021-08-19,16283,5359769,9531,4750912,1315,461104,1962,53383,69,9990,2045,63675,0,0,29174,25021.71,10635494,10572121,0
2021-08-20,16258,5376027,11542,4762454,1252,462356,1871,55254,89,10079,1974,65649,0,0,31026,25823.71,10666520,10601187,0
2021-08-21,11141,5387168,8039,4770493,878,463234,1069,56323,53,10132,1129,66778,0,0,21187,26277.43,10687707,10621252,0
2021-08-22,4075,5391243,3903,4774396,261,463495,520,56843,33,10165,557,67335,0,0,8796,25755.29,10696503,10629495,0
2021-08-23,15570,5406813,11810,4786206,1022,464517,1553,58396,78,10243,1644,68979,0,0,30047,26110.71,10726550,10657911,0
2021-08-24,16901,5423714,12599,4798805,1007,465524,1777,60173,82,10325,1867,70846,0,0,32374,26261.43,10758924,10688426,0
2021-08-25,14559,5438273,12456,4811261,1112,466636,1573,61746,82,10407,1670,72516,0,0,29797,26057.29,10788721,10716568,0
2021-08-26,16142,5454415,14101,4825362,1070,467706,1782,63528,71,10478,1865,74381,0,0,33178,26629.29,10821899,10747893,0
2021-08-27,14866,5469281,14828,4840190,971,468677,1678,65206,76,10554,1762,76143,0,0,32427,26829.43,10854326,10778566,0
2021-08-28,10674,5479955,11522,4851712,835,469512,1022,66228,47,10601,1070,77213,0,0,24101,27245.71,10878427,10801598,0
2021-08-29,7208,5487163,7499,4859211,541,470053,782,67010,58,10659,849,78062,0,0,16097,28288.71,10894524,10816855,0
2021-08-30,15508,5502671,16932,4876143,1076,471129,1800,68810,94,10753,1902,79964,0,0,35418,29056,10929942,10850379,0
2021-08-31,15497,5518168,15961,4892104,952,472081,1983,70793,91,10844,2084,82048,0,0,34494,29358.86,10964436,10882799,0
2021-09-01,14820,5532988,14114,4906218,1020,473101,1815,72608,62,10906,1887,83935,0,0,31841,29650.86,10996277,10912763,0
2021-09-02,14307,5547295,12525,4918743,896,473997,1717,74325,65,10971,1798,85733,0,0,29526,29129.14,11025803,10940507,0
2021-09-03,14990,5562285,14315,4933058,974,474971,1902,76227,74,11045,1982,87715,0,0,32261,29105.43,11058064,10970792,0
2021-09-04,9640,5571925,9404,4942462,688,475659,982,77209,34,11079,1021,88736,0,0,20753,28627.14,11078817,10990529,0
2021-09-05,6790,5578715,5512,4947974,438,476097,720,77929,18,11097,739,89475,0,0,13479,28253.14,11092296,11003270,0
2021-09-06,5195,5583910,4511,4952485,358,476455,274,78203,11,11108,287,89762,0,0,10351,24672.14,11102647,11013336,0
2021-09-07,15557,5599467,17699,4970184,912,477367,1564,79767,95,11203,1667,91429,0,0,35835,24863.71,11138482,11047512,0
2021-09-08,16145,5615612,14829,4985013,1069,478436,1787,81554,84,11287,1882,93311,0,0,33925,25161.43,11172407,11079566,0
2021-09-09,16093,5631705,14758,4999771,1048,479484,1923,83477,78,11365,2012,95323,0,0,33911,25787.86,11206318,11111476,0
2021-09-10,18346,5650051,15403,5015174,1207,480691,1982,85459,83,11448,2072,97395,0,0,37028,26468.86,11243346,11146439,0
2021-09-11,12624,5662675,10350,5025524,958,481649,1037,86496,50,11498,1093,98488,0,0,25025,27079.14,11268371,11170377,0
2021-09-12,8532,5671207,5053,5030577,765,482414,694,87190,32,11530,727,99215,0,0,15077,27307.43,11283448,11184728,0
2021-09-13,16917,5688124,12968,5043545,976,483390,1663,88853,52,11582,1725,100940,0,0,32586,30483.86,11316034,11215599,0
2021-09-14,16257,5704381,13676,5057221,887,484277,1604,90457,57,11639,1673,102613,0,0,32494,30006.57,11348528,11246432,0
2021-09-15,15508,5719889,12898,5070119,727,485004,1575,92032,85,11724,1669,104282,0,0,30802,29560.43,11379330,11275574,0
2021-09-16,15322,5735211,13920,5084039,1209,486213,1473,93505,68,11792,1548,105830,0,0,31999,29287.29,11411329,11306032,0
2021-09-17,14424,5749635,13953,5097992,922,487135,1849,95354,61,11853,1912,107742,0,0,31211,28456.29,11442540,11335333,0
2021-09-18,9983,5759618,10190,5108182,913,488048,1055,96409,42,11895,1101,108843,0,0,22187,28050.86,11464727,11356423,0
2021-09-19,6166,5765784,6078,5114260,558,488606,749,97158,28,11923,782,109625,0,0,13584,27837.57,11478311,11369230,0
2021-09-20,12658,5778442,12634,5126894,1068,489674,1929,99087,62,11985,2000,111625,0,0,28361,27234,11506672,11395600,0
2021-09-21,12217,5790659,12772,5139666,1108,490782,2037,101124,82,12067,2135,113760,0,0,28232,26625.14,11534904,11421713,0
2021-09-22,12813,5803472,12009,5151675,1088,491870,1693,102817,69,12136,1768,115528,0,0,27678,26178.86,11562582,11447629,0
2021-09-23,14913,5818385,12770,5164445,1639,493509,2276,105093,76,12212,2359,117887,0,0,31681,26133.43,11594263,11476958,0
2021-09-24,16625,5835010,13362,5177807,1636,495145,4631,109724,128,12340,4777,122664,0,0,36400,26874.71,11630663,11508599,0
2021-09-25,10519,5845529,9033,5186840,1017,496162,3462,113186,84,12424,3562,126226,0,0,24131,27152.43,11654794,11529184,0
2021-09-26,6287,5851816,5768,5192608,773,496935,2424,115610,62,12486,2498,128724,0,0,15326,27401.29,11670120,11542024,0
2021-09-27,14127,5865943,8065,5200673,1155,498090,9086,124696,166,12652,9301,138025,0,0,32649,28013.86,11702769,11565421,0
2021-09-28,11099,5877042,11790,5212463,901,498991,9936,134632,185,12837,10160,148185,0,0,33950,28830.71,11736719,11589250,0
2021-09-29,11585,5888627,12196,5224659,1204,500195,9462,144094,180,13017,9676,157861,0,0,34661,29828.29,11771380,11614269,0
2021-09-30,12206,5900833,12613,5237272,1337,501532,9768,153862,184,13201,9986,167847,0,0,36142,30465.57,11807522,11640459,0
2021-10-01,12609,5913442,13430,5250702,1284,502816,10296,164158,157,13358,10491,178338,0,0,37814,30667.57,11845336,11667820,0
2021-10-02,7715,5921157,9983,5260685,865,503681,4249,168407,82,13440,4355,182693,0,0,22918,30494.29,11868254,11686407,0
2021-10-03,5052,5926209,6158,5266843,593,504274,2627,171034,60,13500,2697,185390,1,1,14501,30376.43,11882755,11698220,0
2021-10-04,9894,5936103,11017,5277860,914,505188,9542,180576,152,13652,9730,195120,0,1,31555,30220.14,11914310,11720081,0
2021-10-05,10129,5946232,11734,5289594,972,506160,9961,190537,181,13833,10185,205305,1,2,33021,30087.43,11947331,11742959,0
2021-10-06,9862,5956094,11051,5300645,937,507097,9955,200492,164,13997,10156,215461,0,2,32007,29708.29,11979338,11764847,0
2021-10-07,9590,5965684,12154,5312799,850,507947,10184,210676,183,14180,10401,225862,0,2,32995,29258.71,12012333,11787475,0
2021-10-08,9425,5975109,12181,5324980,940,508887,10927,221603,168,14348,11134,236996,0,2,33680,28668.14,12046013,11810060,0
2021-10-09,6223,5981332,8243,5333223,643,509530,4130,225733,92,14440,4239,241235,0,2,19348,28158.14,12065361,11825186,0
2021-10-10,3528,5984860,5029,5338252,458,509988,2439,228172,48,14488,2495,243730,0,2,11510,27730.86,12076871,11834209,0
2021-10-11,7587,5992447,9341,5347593,728,510716,8911,237083,166,14654,9101,252831,0,2,26757,27045.43,12103628,11851889,0
2021-10-12,8039,6000486,10999,5358592,891,511607,10541,247624,188,14842,10770,263601,0,2,30699,26713.71,12134327,11871859,0
2021-10-13,7121,6007607,10149,5368741,869,512476,8817,256441,186,15028,9033,272634,0,2,27172,26023,12161499,11890028,0
2021-10-14,7402,6015009,11116,5379857,837,513313,10135,266576,171,15199,10346,282980,0,2,29701,25552.43,12191200,11909423,0
2021-10-15,7700,6022709,11859,5391716,823,514136,10861,277437,177,15376,11071,294051,0,2,31453,25234.29,12222653,11929838,0
2021-10-16,4853,6027562,7465,5399181,665,514801,3855,281292,67,15443,3934,297985,0,2,16917,24887,12239570,11942833,0
2021-10-17,3047,6030609,4468,5403649,411,515212,2463,283755,46,15489,2516,300501,0,2,10442,24734.43,12250012,11950766,0
2021-10-18,7013,6037622,10671,5414320,797,516009,9502,293257,189,15678,9725,310226,0,2,28206,24941.43,12278218,11969281,0
2021-10-19,6544,6044166,8945,5423265,803,516812,9110,302367,182,15860,9333,319559,1,3,25626,24216.71,12303844,11985614,0
2021-10-20,6511,6050677,9373,5432638,975,517787,10004,312371,181,16041,10223,329782,2,5,27083,24204,12330927,12002510,0
2021-10-21,7000,6057677,9385,5442023,857,518644,10874,323245,160,16201,11069,340851,1,6,28312,24005.57,12359239,12019787,0
2021-10-22,8072,6065749,10344,5452367,1025,519669,16378,339623,231,16432,16663,357514,0,6,36104,24670,12395343,12039282,0
2021-10-23,5147,6070896,6453,5458820,690,520359,9141,348764,117,16549,9279,366793,0,6,21569,25334.57,12416912,12051593,0
2021-10-24,3246,6074142,3967,5462787,766,521125,6177,354941,82,16631,6285,373078,0,6,14264,25880.57,12431176,12059598,0
2021-10-25,8904,6083046,8746,5471533,1152,522277,19287,374228,307,16938,19668,392746,0,6,38470,27346.86,12469646,12078474,0
2021-10-26,8141,6091187,7725,5479258,1258,523535,17317,391545,285,17223,17672,410418,0,6,34796,28656.86,12504442,12095668,0
2021-10-27,10493,6101680,8390,5487648,1604,525139,20899,412444,336,17559,21306,431724,0,6,41793,30758.29,12546235,12116226,0
2021-10-28,11255,6112935,8026,5495674,1793,526932,20909,433353,330,17889,21308,453032,0,6,42382,32768.29,12588617,12137369,0
2021-10-29,11796,6124731,8225,5503899,1967,528899,22584,455937,357,18246,23013,476045,1,7,45003,34039.57,12633620,12159430,0
2021-10-30,4592,6129323,5062,5508961,932,529831,11205,467142,167,18413,11412,487457,0,7,21998,34100.86,12655618,12170056,0
2021-10-31,2643,6131966,2699,5511660,544,530375,6651,473793,107,18520,6782,494239,1,8,12668,33872.86,12668286,12175965,0
2021-11-01,7061,6139027,6954,5518614,1085,531460,20432,494225,344,18864,20837,515076,1,9,35938,33511.14,12704224,12191126,0
2021-11-02,6519,6145546,6586,5525200,1055,532515,20824,515049,284,19148,21186,536262,0,9,35347,33589.86,12739571,12205365,0
2021-11-03,6777,6152323,6675,5531875,1025,533540,20690,535739,317,19465,21084,557346,0,9,35563,32699.86,12775134,12219921,0
2021-11-04,9248,6161571,6275,5538150,997,534537,22431,558170,356,19821,22870,580216,0,9,39390,32272.43,12814524,12236524,0
2021-11-05,11011,6172582,6716,5544866,1049,535586,23814,581984,362,20183,24260,604476,0,9,43036,31991.43,12857560,12255384,0
2021-11-06,11134,6183716,4051,5548917,593,536179,12616,594600,179,20362,12832,617308,0,9,28610,32936,12886170,12271199,0
2021-11-07,7222,6190938,2287,5551204,577,536756,7122,601722,100,20462,7237,624545,0,9,17323,33601,12903493,12281300,0
2021-11-08,15015,6205953,5678,5556882,862,537618,19544,621266,291,20753,19902,644447,1,10,41458,34389.57,12944951,12302922,0
2021-11-09,16096,6222049,5383,5562265,658,538276,20562,641828,286,21039,20930,665377,0,10,43067,35492.43,12988018,12325141,0
2021-11-10,16854,6238903,5322,5567587,682,538958,22722,664550,298,21337,23091,688468,0,10,45949,36976.14,13033967,12348070,0
2021-11-11,12481,6251384,5188,5572775,760,539718,22159,686709,300,21637,22528,710996,0,10,40957,37200,13074924,12366568,0
2021-11-12,16816,6268200,5684,5578459,705,540423,23489,710198,361,21998,23928,734924,1,11,47134,37785.43,13122058,12389851,0
2021-11-13,9910,6278110,3660,5582119,464,540887,13370,723568,186,22184,13601,748525,0,11,27635,37646.14,13149693,12403930,0
2021-11-14,5974,6284084,2285,5584404,324,541211,7962,731530,82,22266,8065,756590,0,11,16648,37549.71,13166341,12412534,0
2021-11-15,13165,6297249,5973,5590377,688,541899,25184,756714,370,22636,25633,782223,0,11,45459,38121.29,13211800,12432439,0
2021-11-16,9868,6307117,5777,5596154,652,542551,30741,787455,447,23083,31268,813491,0,11,47567,38764.14,13259367,12448818,0
2021-11-17,10196,6317313,6669,5602823,680,543231,31522,818977,433,23516,32046,845537,0,11,49591,39284.43,13308958,12466454,0
2021-11-18,10621,6327934,6522,5609345,854,544085,33129,852106,477,23993,33703,879240,0,11,51700,40819.14,13360658,12484548,0
2021-11-19,11889,6339823,6550,5615895,707,544792,36373,888479,475,24468,36939,916179,0,11,56085,42097.86,13416743,12503785,0
2021-11-20,9271,6349094,3413,5619308,512,545304,22584,911063,265,24733,22901,939080,0,11,36097,43306.71,13452840,12517033,0
2021-11-21,4886,6353980,1886,5621194,288,545592,13256,924319,157,24890,13438,952518,1,12,20499,43856.86,13473339,12524118,0
2021-11-22,10315,6364295,5781,5626975,748,546340,36029,960348,455,25345,36576,989094,0,12,53420,44994.14,13526759,12541054,0
2021-11-23,9670,6373965,4778,5631753,631,546971,33621,993969,395,25740,34088,1023182,0,12,49168,45222.86,13575927,12556206,0
2021-11-24,8607,6382572,4746,5636499,648,547619,26003,1019972,295,26035,26369,1049551,1,13,40371,43905.71,13616298,12570278,0
2021-11-25,447,6383019,329,5636828,80,547699,1004,1020976,9,26044,1013,1050564,0,13,1869,36787,13618167,12571134,0
2021-11-26,7984,6391003,7006,5643834,528,548227,26657,1047633,314,26358,27028,1077592,0,13,42546,34852.86,13660713,12586709,0
2021-11-27,6632,6397635,6861,5650695,370,548597,18896,1066529,230,26588,19164,1096756,0,13,33028,34414.43,13693741,12600611,0
2021-11-28,4026,6401661,5791,5656486,279,548876,11946,1078475,124,26712,12090,1108846,0,13,22186,34655.43,13715927,12610727,0
2021-11-29,8986,6410647,11018,5667504,684,549560,35164,1113639,466,27178,35708,1144554,1,14,56397,35080.71,13772324,12631493,0
2021-11-30,10388,6421035,11446,5678950,510,550070,37882,1151521,512,27690,38508,1183062,0,14,60852,36749.86,13833176,12653951,0
2021-12-01,11051,6432086,10982,5689932,724,550794,40494,1192015,444,28134,41036,1224098,0,14,63795,40096.14,13896971,12676808,0
2021-12-02,11512,6443598,11055,5700987,625,551419,42342,1234357,478,28612,42918,1267016,0,14,66110,49273.43,13963081,12700098,0
2021-12-03,13331,6456929,12914,5713901,665,552084,48122,1282479,549,29161,48775,1315791,1,15,75686,54007.71,14038767,12727112,0
2021-12-04,9739,6466668,11321,5725222,564,552648,30776,1313255,314,29475,31144,1346935,0,15,52768,56827.71,14091535,12748790,0
2021-12-05,5685,6472353,5703,5730925,270,552918,16719,1329974,133,29608,16888,1363823,0,15,28547,57736.43,14120082,12760485,0
2021-12-06,12197,6484550,9992,5740917,599,553517,43389,1373363,473,30081,43955,1407778,0,15,66744,59214.57,14186826,12783367,0
2021-12-07,12471,6497021,9259,5750176,623,554140,43200,1416563,528,30609,43818,1451596,0,15,66171,59974.43,14252997,12805810,0
2021-12-08,13422,6510443,8778,5758954,555,554695,40925,1457488,501,31110,41508,1493104,0,15,64263,60041.29,14317260,12828647,0
2021-12-09,13358,6523801,8760,5767714,551,555246,40985,1498473,507,31617,41591,1534695,0,15,64261,59777.14,14381521,12851416,0
2021-12-10,13922,6537723,10161,5777875,666,555912,43825,1542298,544,32161,44457,1579152,0,15,69207,58851.57,14450728,12876254,0
2021-12-11,10188,6547911,8155,5786030,404,556316,26782,1569080,294,32455,27126,1606278,0,15,45874,57866.71,14496602,12895052,0
2021-12-12,5968,6553879,3857,5789887,287,556603,15210,1584290,138,32593,15373,1621651,0,15,25485,57429.29,14522087,12905189,0
2021-12-13,12095,6565974,7435,5797322,655,557258,38042,1622332,412,33005,38538,1660189,0,15,58723,56283.43,14580810,12925458,0
2021-12-14,12130,6578104,6946,5804268,730,557988,38290,1660622,457,33462,38815,1699004,0,15,58622,55205,14639432,12945333,0
2021-12-15,11975,6590079,6245,5810513,754,558742,38290,1698912,499,33961,38870,1737874,0,15,57845,54288.14,14697277,12964389,0
2021-12-16,13055,6603134,4265,5814778,737,559479,41259,1740171,472,34433,41805,1779679,0,15,59862,53659.71,14757139,12982520,0
2021-12-17,15817,6618951,6945,5821723,617,560096,46957,1787128,491,34924,47545,1827224,0,15,70924,53905,14828063,13005996,0
2021-12-18,12930,6631881,5733,5827456,432,560528,30713,1817841,282,35206,31053,1858277,1,16,50148,54515.57,14878211,13025148,0
2021-12-19,6954,6638835,2994,5830450,326,560854,18059,1835900,182,35388,18273,1876550,0,16,28547,54953,14906758,13035454,0
2021-12-20,16690,6655525,5856,5836306,745,561599,47661,1883561,588,35976,48330,1924880,0,16,71621,56795.57,14978379,13058826,0
2021-12-21,17820,6673345,6579,5842885,806,562405,49076,1932637,615,36591,49770,1974650,0,16,74976,59131.86,15053355,13084111,0
2021-12-22,18465,6691810,6554,5849439,938,563343,49850,1982487,551,37142,50480,2025130,1,17,76438,61788,15129793,13110147,0
2021-12-23,18923,6710733,6489,5855928,929,564272,46032,2028519,545,37687,46644,2071774,0,17,72985,63662.71,15202778,13136555,0
2021-12-24,9178,6719911,2957,5858885,598,564870,20662,2049181,213,37900,20909,2092683,0,17,33642,58336.71,15236420,13149322,0
2021-12-25,342,6720253,63,5858948,31,564901,427,2049608,8,37908,436,2093119,0,17,872,51297.29,15237292,13149759,0
2021-12-26,7912,6728165,3932,5862880,341,565242,17320,2066928,179,38087,17530,2110649,0,17,29715,51464.14,15267007,13161975,0
2021-12-27,21695,6749860,9213,5872093,934,566176,43569,2110497,575,38662,44217,2154866,0,17,76059,52098.14,15343066,13193890,0
2021-12-28,20037,6769897,8343,5880436,700,566876,47718,2158215,631,39293,48438,2203304,0,17,77518,52461.29,15420584,13223059,0
2021-12-29,18417,6788314,7675,5888111,606,567482,45701,2203916,501,39794,46277,2249581,0,17,72975,51966.57,15493559,13249832,0
2021-12-30,16803,6805117,7444,5895555,588,568070,44945,2248861,603,40397,45638,2295219,0,17,70474,51607.86,15564033,13274758,0
2021-12-31,5339,6810456,2818,5898373,193,568263,14801,2263662,189,40586,15012,2310231,0,17,23362,50139.29,15587395,13283130,0
2022-01-01,244,6810700,149,5898522,12,568275,504,2264166,36,40622,544,2310775,0,17,949,50150.29,15588344,13283539,0
2022-01-02,6401,6817101,5020,5903542,153,568428,11011,2275177,111,40733,11137,2321912,0,17,22711,49149.71,15611055,13295128,0
2022-01-03,14065,6831166,8525,5912067,515,568943,27039,2302216,354,41087,27437,2349349,2,19,50544,45504.71,15661599,13318277,0
2022-01-04,12764,6843930,8128,5920195,414,569357,27321,2329537,373,41460,27753,2377102,12,31,49068,41440.43,15710667,13339639,0
2022-01-05,11276,6855206,7034,5927229,386,569743,26039,2355576,320,41780,26403,2403505,0,31,45100,37458.29,15755767,13358380,0
2022-01-06,11301,6866507,7399,5934628,485,570228,27687,2383263,363,42143,28102,2431607,2,33,47288,34146,15803055,13377616,0
2022-01-07,10107,6876614,8457,5943085,339,570567,25250,2408513,333,42476,25617,2457224,0,33,44521,37168.71,15847576,13396554,0
2022-01-08,7637,6884251,8605,5951690,311,570878,19650,2428163,193,42669,19860,2477084,0,33,36414,42235.14,15883990,13413125,0
2022-01-09,4098,6888349,3845,5955535,214,571092,10086,2438249,98,42767,10195,2487279,1,34,18355,41612.86,15902345,13421295,0
2022-01-10,10124,6898473,8202,5963737,490,571582,24660,2462909,311,43078,25022,2512301,1,35,43838,40654.86,15946183,13440161,0
2022-01-11,8825,6907298,7990,5971727,522,572104,21085,2483994,299,43377,21428,2533729,0,35,38769,39183.57,15984952,13457546,0
2022-01-12,8884,6916182,8334,5980061,427,572531,22411,2506405,294,43671,22740,2556469,1,36,40387,38510.29,16025339,13475227,0
2022-01-13,8976,6925158,8872,5988933,451,572982,22966,2529371,343,44014,23347,2579816,1,37,41649,37704.71,16066988,13493566,0
2022-01-14,10052,6935210,8130,5997063,474,573456,26496,2555867,342,44356,26880,2606696,0,37,45536,37849.71,16112524,13512264,0
2022-01-15,6181,6941391,4321,6001384,180,573636,15172,2571039,186,44542,15381,2622077,0,37,26063,36371,16138587,13522969,0
2022-01-16,2887,6944278,3251,6004635,95,573731,7844,2578883,90,44632,7944,2630021,0,37,14178,35774.29,16152765,13529213,0
2022-01-17,6031,6950309,6759,6011394,363,574094,14727,2593610,224,44856,14970,2644991,0,37,28123,33529.29,16180888,13542385,0
2022-01-18,8106,6958415,10328,6021722,393,574487,19715,2613325,330,45186,20076,2665067,0,37,38903,33548.43,16219791,13561243,0
2022-01-19,7400,6965815,9268,6030990,303,574790,17764,2631089,285,45471,18081,2683148,1,38,35053,32786.43,16254844,13578246,0
2022-01-20,6218,6972033,8569,6039559,305,575095,15309,2646398,258,45729,15594,2698742,0,38,30687,31220.43,16285531,13593366,0
2022-01-21,7506,6979539,7525,6047084,276,575371,18555,2664953,294,46023,18874,2717616,1,39,34181,29598.29,16319712,13608697,0
2022-01-22,5168,6984707,4954,6052038,132,575503,11346,2676299,133,46156,11504,2729120,0,39,21758,28983.29,16341470,13618976,0
2022-01-23,2777,6987484,3338,6055376,97,575600,6252,2682551,78,46234,6338,2735458,0,39,12550,28750.71,16354020,13625196,0
2022-01-24,6316,6993800,8215,6063591,262,575862,15106,2697657,253,46487,15386,2750844,0,39,30180,29044.57,16384200,13640017,0
2022-01-25,6131,6999931,7963,6071554,230,576092,14744,2712401,294,46781,15072,2765916,0,39,29396,27686.43,16413596,13654375,0
2022-01-26,5706,7005637,7190,6078744,287,576379,14050,2726451,225,47006,14303,2780219,0,39,27486,26605.43,16441082,13667586,0
2022-01-27,5202,7010839,7101,6085845,320,576699,14126,2740577,242,47248,14407,2794626,0,39,27030,26083,16468112,13680248,0
2022-01-28,6206,7017045,7887,6093732,205,576904,16164,2756741,247,47495,16434,2811060,1,40,30733,25590.43,16498845,13694569,0
2022-01-29,833,7017878,729,6094461,28,576932,2544,2759285,40,47535,2587,2813647,0,40,4177,23078.86,16503022,13696162,0
2022-01-30,2070,7019948,3025,6097486,103,577035,4556,2763841,64,47599,4625,2818272,0,40,9823,22689.29,16512845,13701365,0
2022-01-31,4969,7024917,6598,6104084,219,577254,11416,2775257,207,47806,11638,2829910,0,40,23424,21724.14,16536269,13713166,0
2022-02-01,4794,7029711,6458,6110542,220,577474,10741,2785998,223,48029,10983,2840893,1,41,22456,20732.71,16558725,13724657,0
2022-02-02,4242,7033953,5937,6116479,212,577686,11261,2797259,243,48272,11522,2852415,0,41,21913,19936.57,16580638,13735066,0
2022-02-03,4198,7038151,5819,6122298,216,577902,11239,2808498,207,48479,11473,2863888,1,42,21707,19176.14,16602345,13745326,0
2022-02-04,4729,7042880,7121,6129419,214,578116,13258,2821756,242,48721,13526,2877414,0,42,25590,18441.43,16627935,13757416,0
2022-02-05,3551,7046431,6083,6135502,109,578225,8608,2830364,159,48880,8782,2886196,0,42,18525,20491.14,16646460,13767174,0
2022-02-06,2047,7048478,2138,6137640,120,578345,4653,2835017,105,48985,4762,2890958,0,42,9068,20383.29,16655528,13771484,0
2022-02-07,4117,7052595,4751,6142391,205,578550,10153,2845170,238,49223,10416,2901374,0,42,19489,19821.14,16675017,13780582,0
2022-02-08,4180,7056775,5607,6147998,214,578764,11356,2856526,316,49539,11697,2913071,0,42,21698,19712.86,16696715,13790608,0
2022-02-09,4104,7060879,5405,6153403,221,578985,11686,2868212,259,49798,11970,2925041,0,42,21700,19682.43,16718415,13800363,0
2022-02-10,3961,7064840,5129,6158532,243,579228,12214,2880426,295,50093,12539,2937580,0,42,21872,19706,16740287,13809726,0
2022-02-11,4488,7069328,5810,6164342,195,579423,13756,2894182,328,50421,14116,2951696,0,42,24609,19565.86,16764896,13820251,0
2022-02-12,3233,7072561,4352,6168694,97,579520,8828,2903010,220,50641,9059,2960755,0,42,16741,19311,16781637,13827944,0
2022-02-13,1508,7074069,1544,6170238,41,579561,4888,2907898,115,50756,5008,2965763,0,42,8101,19172.86,16789738,13831042,0
2022-02-14,2956,7077025,3633,6173871,167,579728,10591,2918489,331,51087,10949,2976712,1,43,17706,18918.14,16807444,13837825,0
2022-02-15,3514,7080539,4076,6177947,174,579902,12805,2931294,294,51381,13115,2989827,0,43,20879,18801.14,16828323,13845605,0
2022-02-16,3609,7084148,3913,6181860,199,580101,15769,2947063,300,51681,16104,3005931,0,43,23825,19104.71,16852148,13853361,0
2022-02-17,3985,7088133,4081,6185941,162,580263,18367,2965430,378,52059,18775,3024706,0,43,27003,19837.71,16879151,13861619,0
2022-02-18,4421,7092554,4794,6190735,190,580453,21561,2986991,469,52528,22053,3046759,1,44,31459,20816.29,16910610,13871047,0
2022-02-19,3231,7095785,2187,6192922,65,580518,11204,2998195,221,52749,11436,3058195,0,44,16919,20841.71,16927529,13876541,0
2022-02-20,1841,7097626,1446,6194368,59,580577,6600,3004795,116,52865,6723,3064918,0,44,10069,21122.86,16937598,13879894,0
2022-02-21,3070,7100696,2695,6197063,93,580670,8368,3013163,237,53102,8618,3073536,0,44,14476,20661.43,16952074,13885765,0
2022-02-22,4358,7105054,4266,6201329,174,580844,10849,3024012,258,53360,11126,3084662,0,44,19924,20525,16971998,13894582,0
2022-02-23,4230,7109284,3791,6205120,145,580989,10696,3034708,241,53601,10955,3095617,1,45,19122,19853.14,16991120,13902766,0
2022-02-24,3778,7113062,3662,6208782,108,581097,10204,3044912,242,53843,10464,3106081,1,46,18013,18568.86,17009133,13910332,0
2022-02-25,3583,7116645,3637,6212419,135,581232,9998,3054910,248,54091,10259,3116340,0,46,17614,16591,17026747,13917700,0
2022-02-26,2813,7119458,2592,6215011,73,581305,9528,3064438,162,54253,9699,3126039,0,46,15177,16342.14,17041924,13923187,0
2022-02-27,1760,7121218,1373,6216384,52,581357,6277,3070715,102,54355,6386,3132425,0,46,9571,16271,17051495,13926379,0
2022-02-28,3762,7124980,3137,6219521,140,581497,13160,3083875,259,54614,13443,3145868,0,46,20482,17129,17071977,13933442,0
2022-03-01,2112,7127092,2632,6222153,103,581600,5194,3089069,189,54803,5390,3151258,0,46,10237,15745.14,17082214,13938296,0
2022-03-02,1822,7128914,2448,6224601,107,581707,4149,3093218,211,55014,4371,3155629,0,46,8748,14263.14,17090962,13942684,0
2022-03-03,1926,7130840,2564,6227165,106,581813,3808,3097026,171,55185,3993,3159622,0,46,8589,12916.86,17099551,13947294,0
2022-03-04,2110,7132950,2884,6230049,66,581879,4338,3101364,213,55398,4563,3164185,0,46,9623,11775.29,17109174,13952366,0
2022-03-05,1608,7134558,2128,6232177,43,581922,3321,3104685,119,55517,3443,3167628,0,46,7222,10638.86,17116396,13956148,0
2022-03-06,792,7135350,881,6233058,30,581952,1628,3106313,54,55571,1686,3169314,0,46,3389,9755.71,17119785,13957855,0
2022-03-07,1657,7137007,1788,6234846,87,582039,3508,3109821,163,55734,3685,3172999,0,46,7217,7860.71,17127002,13961401,0
2022-03-08,1540,7138547,1898,6236744,81,582120,3130,3112951,155,55889,3297,3176296,0,46,6816,7372,17133818,13964932,0
2022-03-09,1260,7139807,1684,6238428,80,582200,2596,3115547,128,56017,2730,3179026,0,46,5754,6944.29,17139572,13967962,0
2022-03-10,1408,7141215,2097,6240525,84,582284,2977,3118524,165,56182,3151,3182177,0,46,6740,6680.14,17146312,13971560,0
2022-03-11,1595,7142810,2278,6242803,81,582365,3217,3121741,190,56372,3425,3185602,0,46,7379,6359.57,17153691,13975532,0
2022-03-12,875,7143685,1419,6244222,42,582407,2012,3123753,75,56447,2090,3187692,0,46,4426,5960.14,17158117,13977871,0
2022-03-13,624,7144309,757,6244979,28,582435,1292,3125045,49,56496,1344,3189036,0,46,2753,5869.29,17160870,13979283,0
2022-03-14,1357,7145666,1616,6246595,84,582519,3002,3128047,208,56704,3232,3192268,0,46,6289,5736.71,17167159,13982362,0
2022-03-15,1353,7147019,1924,6248519,63,582582,3071,3131118,238,56942,3316,3195584,0,46,6656,5713.86,17173815,13985709,0
2022-03-16,1395,7148414,2060,6250579,94,582676,3148,3134266,296,57238,3460,3199044,0,46,7009,5893.14,17180824,13989274,0
2022-03-17,1191,7149605,1808,6252387,71,582747,2766,3137032,268,57506,3048,3202092,0,46,6118,5804.29,17186942,13992358,0
2022-03-18,1577,7151182,2221,6254608,79,582826,3781,3140813,422,57928,4209,3206301,1,47,8087,5905.43,17195029,13996241,0
2022-03-19,1102,7152284,1736,6256344,54,582880,2607,3143420,230,58158,2843,3209144,0,47,5735,6092.43,17200764,13999139,0
2022-03-20,603,7152887,630,6256974,33,582913,1471,3144891,186,58344,1661,3210805,0,47,2927,6117.29,17203691,14000409,0
2022-03-21,1409,7154296,1561,6258535,73,582986,3064,3147955,361,58705,3447,3214252,1,48,6491,6146.14,17210182,14003474,0
2022-03-22,1340,7155636,1553,6260088,101,583087,2907,3150862,350,59055,3267,3217519,0,48,6261,6089.71,17216443,14006478,0
2022-03-23,1256,7156892,1359,6261447,66,583153,2926,3153788,374,59429,3310,3220829,0,48,5991,5944.29,17222434,14009169,0
2022-03-24,1207,7158099,1299,6262746,90,583243,2519,3156307,277,59706,2805,3223634,0,48,5401,5841.86,17227835,14011774,0
2022-03-25,1379,7159478,1638,6264384,62,583305,3269,3159576,386,60092,3668,3227302,0,48,6747,5650.43,17234582,14014866,0
2022-03-26,921,7160399,1169,6265553,36,583341,2311,3161887,254,60346,2573,3229875,0,48,4699,5502.43,17239281,14017000,0
2022-03-27,574,7160973,527,6266080,29,583370,1314,3163201,204,60550,1520,3231395,0,48,2650,5462.86,17241931,14018132,0
2022-03-28,1071,7162044,1170,6267250,69,583439,2444,3165645,366,60916,2829,3234224,0,48,5139,5269.71,17247070,14020461,0
2022-03-29,1043,7163087,1107,6268357,84,583523,2515,3168160,886,61802,3422,3237646,1,49,5656,5183.29,17252726,14022715,0
2022-03-30,1235,7164322,1140,6269497,99,583622,3064,3171224,3412,65214,6567,3244213,0,49,9041,5619,17261767,14025280,0
2022-03-31,1274,7165596,1251,6270748,58,583680,3163,3174387,5534,70748,8836,3253049,0,49,11420,6478.86,17273187,14028003,0
2022-04-01,1421,7167017,1487,6272235,77,583757,3244,3177631,6926,77674,10326,3263375,0,49,13311,7416.57,17286498,14031144,0
2022-04-02,904,7167921,909,6273144,33,583790,2085,3179716,4541,82215,6724,3270099,0,49,8570,7969.57,17295068,14033088,0
2022-04-03,553,7168474,490,6273634,28,583818,1219,3180935,3061,85276,4344,3274443,0,49,5415,8364.57,17300483,14034223,0
2022-04-04,1343,7169817,1299,6274933,62,583880,2725,3183660,7723,92999,10605,3285048,0,49,13309,9531.71,17313792,14037084,0
2022-04-05,1289,7171106,1153,6276086,66,583946,2843,3186503,7503,100502,10523,3295571,0,49,13031,10585.29,17326823,14039769,0
2022-04-06,1327,7172433,1174,6277260,61,584007,2628,3189131,6956,107458,9751,3305322,0,49,12313,11052.71,17339136,14042498,0
2022-04-07,1198,7173631,1061,6278321,57,584064,2378,3191509,6628,114086,9155,3314477,1,50,11472,11060.14,17350608,14044963,0
2022-04-08,1470,7175101,1410,6279731,61,584125,3169,3194678,8792,122878,12160,3326637,0,50,15101,11315.86,17365709,14048103,0
2022-04-09,907,7176008,925,6280656,29,584154,2081,3196759,4960,127838,7127,3333764,0,50,8988,11375.57,17374697,14050050,0
2022-04-10,573,7176581,459,6281115,25,584179,1169,3197928,2902,130740,4134,3337898,0,50,5191,11343.57,17379888,14051170,0
2022-04-11,1305,7177886,1223,6282338,61,584240,2651,3200579,7842,138582,10650,3348548,0,50,13239,11333.57,17393127,14053916,0
2022-04-12,1210,7179096,1054,6283392,73,584313,2513,3203092,7456,146038,10142,3358690,0,50,12479,11254.71,17405606,14056426,0
2022-04-13,1227,7180323,1073,6284465,61,584374,2511,3205603,7552,153590,10216,3368906,0,50,12577,11292.43,17418183,14058940,0
2022-04-14,1259,7181582,1095,6285560,58,584432,2443,3208046,6596,160186,9168,3378074,1,51,11581,11308,17429764,14061481,0
2022-04-15,1333,7182915,1092,6286652,53,584485,2553,3210599,6636,166822,9322,3387396,0,51,11800,10836.43,17441564,14064092,0
2022-04-16,853,7183768,652,6287304,34,584519,1641,3212240,3692,170514,5401,3392797,0,51,6940,10543.86,17448504,14065699,0
2022-04-17,345,7184113,201,6287505,27,584546,636,3212876,1159,171673,1819,3394616,0,51,2392,10144,17450896,14066296,0
2022-04-18,1376,7185489,1111,6288616,82,584628,2581,3215457,6418,178091,9142,3403758,0,51,11711,9925.71,17462607,14069008,0
2022-04-19,1406,7186895,933,6289549,71,584699,2569,3218026,5768,183859,8440,3412198,0,51,10850,9693,17473457,14071521,0
2022-04-20,1295,7188190,1151,6290700,66,584765,2711,3220737,6650,190509,9504,3421702,0,51,12016,9612.86,17485473,14074176,0
2022-04-21,1224,7189414,1061,6291761,53,584818,2339,3223076,5400,195909,7859,3429561,1,52,10198,9415.29,17495671,14076634,0
2022-04-22,1230,7190644,1038,6292799,46,584864,2239,3225315,5784,201693,8140,3437701,0,52,10454,9223,17506125,14079065,0
2022-04-23,710,7191354,751,6293550,59,584923,1427,3226742,3353,205046,4847,3442548,0,52,6367,9141.14,17512492,14080652,0
2022-04-24,445,7191799,344,6293894,27,584950,812,3227554,1845,206891,2690,3445238,0,52,3506,9300.29,17515998,14081501,0
2022-04-25,1036,7192835,917,6294811,64,585014,1849,3229403,5095,211986,7058,3452296,0,52,9076,8923.86,17525074,14083633,0
2022-04-26,946,7193781,856,6295667,76,585090,1748,3231151,4696,216682,6539,3458835,0,52,8417,8576.29,17533491,14085606,0
2022-04-27,1034,7194815,1020,6296687,80,585170,1924,3233075,5219,221901,7264,3466099,0,52,9398,8202.29,17542889,14087861,0
2022-04-28,1080,7195895,986,6297673,50,585220,2006,3235081,4748,226649,6868,3472967,1,53,8986,8029.14,17551875,14090092,0
2022-04-29,1171,7197066,1102,6298775,60,585280,2157,3237238,5437,232086,7712,3480679,0,53,10045,7970.71,17561920,14092543,0
2022-04-30,723,7197789,742,6299517,50,585330,1392,3238630,2966,235052,4407,3485086,0,53,5922,7907.14,17567842,14094107,0
2022-05-01,445,7198234,366,6299883,20,585350,766,3239396,1656,236708,2454,3487540,0,53,3285,7875.57,17571127,14094970,0
2022-05-02,1042,7199276,791,6300674,52,585402,1675,3241071,3821,240529,5567,3493107,2,55,7453,7643.71,17578580,14096925,0
2022-05-03,1116,7200392,864,6301538,61,585463,1994,3243065,4870,245399,6962,3500069,0,55,9003,7727.43,17587583,14099064,0
2022-05-04,1003,7201395,881,6302419,48,585511,1924,3244989,4678,250077,6697,3506766,0,55,8629,7617.57,17596212,14101091,0
2022-05-05,1070,7202465,952,6303371,86,585597,1927,3246916,4890,254967,6917,3513683,0,55,9025,7623.14,17605237,14103299,0
2022-05-06,1095,7203560,956,6304327,51,585648,1858,3248774,4403,259370,6339,3520022,2,57,8441,7394,17613678,14105477,0
2022-05-07,659,7204219,590,6304917,32,585680,1205,3249979,2433,261803,3679,3523701,1,58,4960,7256.57,17618638,14106798,0
2022-05-08,410,7204629,243,6305160,17,585697,665,3250644,1389,263192,2076,3525777,0,58,2746,7179.57,17621384,14107490,0
2022-05-09,1075,7205704,946,6306106,60,585757,1889,3252533,4437,267629,6421,3532198,0,58,8502,7329.43,17629886,14109666,0
2022-05-10,1093,7206797,928,6307034,54,585811,1978,3254511,4722,272351,6809,3539007,0,58,8884,7312.43,17638770,14111850,0
2022-05-11,1082,7207879,969,6308003,44,585855,1942,3256453,4844,277195,6890,3545897,0,58,8985,7363.29,17647755,14114049,0
2022-05-12,1099,7208978,950,6308953,60,585915,2001,3258454,4669,281864,6771,3552668,0,58,8880,7342.57,17656635,14116259,0
2022-05-13,1153,7210131,1037,6309990,44,585959,2074,3260528,4810,286674,6977,3559645,0,58,9211,7452.57,17665846,14118586,0
2022-05-14,826,7210957,671,6310661,31,585990,1468,3261996,2965,289639,4475,3564120,0,58,6003,7601.57,17671849,14120156,0
2022-05-15,508,7211465,354,6311015,22,586012,924,3262920,1650,291289,2600,3566720,0,58,3484,7707,17675333,14121066,0
2022-05-16,1222,7212687,855,6311870,62,586074,1831,3264751,3870,295159,5766,3572486,1,59,7906,7621.86,17683239,14123270,0
2022-05-17,1282,7213969,931,6312801,79,586153,2046,3266797,4900,300059,7040,3579526,1,60,9333,7686,17692572,14125656,0
2022-05-18,1233,7215202,898,6313699,82,586235,2062,3268859,4948,305007,7124,3586650,1,61,9338,7736.43,17701910,14127983,0
2022-05-19,1157,7216359,881,6314580,36,586271,2117,3270976,4731,309738,6935,3593585,0,61,9009,7754.86,17710919,14130144,0
2022-05-20,1195,7217554,958,6315538,73,586344,2369,3273345,5216,314954,7697,3601282,2,63,9927,7857.14,17720846,14132484,0
2022-05-21,831,7218385,647,6316185,24,586368,1726,3275071,3312,318266,5099,3606381,0,63,6601,7942.57,17727447,14134047,0
2022-05-22,506,7218891,292,6316477,22,586390,1136,3276207,1839,320105,3010,3609391,0,63,3830,7992,17731277,14134902,0
2022-05-23,1215,7220106,885,6317362,52,586442,2189,3278396,4712,324817,7004,3616395,1,64,9157,8170.71,17740434,14137157,0
2022-05-24,1402,7221508,934,6318296,66,586508,2306,3280702,4491,329308,6904,3623299,0,64,9307,8167,17749741,14139667,0
2022-05-25,1410,7222918,956,6319252,57,586565,2264,3282966,4276,333584,6642,3629941,0,64,9066,8128.14,17758807,14142193,0
2022-05-26,1166,7224084,889,6320141,60,586625,2274,3285240,4155,337739,6497,3636438,1,65,8614,8071.71,17767421,14144377,0
2022-05-27,1242,7225326,954,6321095,38,586663,2496,3287736,3926,341665,6501,3642939,0,65,8736,7901.57,17776157,14146691,0
2022-05-28,710,7226036,516,6321611,19,586682,1784,3289520,2069,343734,3893,3646832,0,65,5138,7692.57,17781295,14147976,0
2022-05-29,469,7226505,216,6321827,11,586693,761,3290281,1127,344861,1908,3648740,0,65,2604,7517.43,17783899,14148692,0
2022-05-30,91,7226596,62,6321889,6,586699,138,3290419,144,345005,284,3649024,2,67,445,6272.86,17784344,14148853,0
2022-05-31,1135,7227731,918,6322807,51,586750,1901,3292320,3054,348059,5016,3654040,0,67,7120,5960.43,17791464,14151018,0
2022-06-01,1152,7228883,850,6323657,63,586813,1970,3294290,3434,351493,5479,3659519,0,67,7544,5743,17799008,14153158,0
2022-06-02,1025,7229908,799,6324456,72,586885,1827,3296117,3179,354672,5068,3664587,0,67,6964,5507.29,17805972,14155116,0
2022-06-03,1154,7231062,894,6325350,47,586932,2073,3298190,3494,358166,5637,3670224,0,67,7732,5363.86,17813704,14157281,0
2022-06-04,720,7231782,584,6325934,26,586958,1560,3299750,1907,360073,3503,3673727,0,67,4835,5320.57,17818539,14158649,0
2022-06-05,447,7232229,297,6326231,1,586959,881,3300631,981,361054,1871,3675598,0,67,2616,5322.29,17821155,14159403,0
2022-06-06,1120,7233349,829,6327060,65,587024,1758,3302389,2746,363800,4556,3680154,0,67,6570,6197.29,17827725,14161469,0
2022-06-07,1017,7234366,773,6327833,70,587094,1795,3304184,2569,366369,4412,3684566,0,67,6273,6076.29,17833998,14163378,0
2022-06-08,1089,7235455,836,6328669,75,587169,1878,3306062,2751,369120,4694,3689260,1,68,6694,5954.86,17840692,14165442,0
2022-06-09,1135,7236590,840,6329509,62,587231,2230,3308292,2692,371812,4975,3694235,0,68,7012,5961.71,17847704,14167532,0
2022-06-10,1045,7237635,816,6330325,76,587307,1881,3310173,2834,374646,4772,3699007,0,68,6709,5815.57,17854413,14169526,0
2022-06-11,678,7238313,507,6330832,25,587332,1333,3311506,1505,376151,2865,3701872,0,68,4075,5707,17858488,14170763,0
2022-06-12,349,7238662,287,6331119,21,587353,876,3312382,776,376927,1661,3703533,0,68,2318,5664.43,17860806,14171429,0
2022-06-13,1027,7239689,767,6331886,62,587415,1584,3313966,2189,379116,3813,3707346,0,68,5670,5535.86,17866476,14173326,0
2022-06-14,972,7240661,833,6332719,65,587480,1693,3315659,2505,381621,4261,3711607,0,68,6131,5515.57,17872607,14175259,0
2022-06-15,968,7241629,865,6333584,39,587519,1666,3317325,2428,384049,4155,3715762,0,68,6027,5420.29,17878634,14177192,0
2022-06-16,960,7242589,777,6334361,59,587578,1835,3319160,2365,386414,4257,3720019,1,69,6053,5283.29,17884687,14179044,0
2022-06-17,898,7243487,797,6335158,48,587626,1772,3320932,2405,388819,4223,3724242,1,70,5968,5177.43,17890655,14180834,0
2022-06-18,657,7244144,523,6335681,26,587652,1285,3322217,1296,390115,2611,3726853,2,72,3817,5140.57,17894472,14182068,0
2022-06-19,345,7244489,232,6335913,16,587668,728,3322945,610,390725,1350,3728203,0,72,1943,5087,17896415,14182673,0
2022-06-20,828,7245317,489,6336402,41,587709,1581,3324526,1610,392335,3231,3731434,0,72,4589,4932.57,17901004,14184071,0
2022-06-21,1129,7246446,739,6337141,49,587758,1704,3326230,2142,394477,3903,3735337,0,72,5822,4888.43,17906826,14186047,0
2022-06-22,1957,7248403,836,6337977,47,587805,1710,3327940,1996,396473,3749,3739086,0,72,6589,4968.71,17913415,14188930,0
2022-06-23,2119,7250522,763,6338740,66,587871,1703,3329643,2158,398631,3912,3742998,0,72,6860,5084,17920275,14191929,0
2022-06-24,2167,7252689,760,6339500,48,587919,1626,3331269,2161,400792,3835,3746833,0,72,6810,5204.29,17927085,14194952,0
2022-06-25,2136,7254825,499,6339999,15,587934,1238,3332507,1142,401934,2396,3749229,0,72,5049,5380.29,17932134,14197621,0
2022-06-26,1208,7256033,248,6340247,14,587948,687,3333194,531,402465,1224,3750453,0,72,2694,5487.57,17934828,14199097,0
2022-06-27,1530,7257563,656,6340903,60,588008,1472,3334666,1655,404120,3168,3753621,0,72,5415,5605.57,17940243,14201385,0
2022-06-28,1686,7259249,830,6341733,57,588065,1867,3336533,2144,406264,4057,3757678,0,72,6630,5721,17946873,14204004,0
2022-06-29,1855,7261104,777,6342510,48,588113,1719,3338252,1928,408192,3686,3761364,0,72,6366,5689.14,17953239,14206723,0
2022-06-30,1866,7262970,807,6343317,46,588159,1736,3339988,2134,410326,3914,3765278,0,72,6633,5656.71,17959872,14209486,0
2022-07-01,1605,7264575,597,6343914,26,588185,1400,3341388,1729,412055,3163,3768441,0,72,5391,5454,17965263,14211748,0
2022-07-02,979,7265554,390,6344304,19,588204,841,3342229,940,412995,1799,3770240,1,73,3187,5188,17968450,14213153,0
2022-07-03,529,7266083,205,6344509,7,588211,461,3342690,486,413481,950,3771190,0,73,1691,5044.71,17970141,14213897,0
2022-07-04,36,7266119,25,6344534,1,588212,31,3342721,38,413519,69,3771259,0,73,131,4289.86,17970272,14213959,0
2022-07-05,1296,7267415,757,6345291,35,588247,1406,3344127,1739,415258,3176,3774435,0,73,5264,4094.71,17975536,14216078,0
2022-07-06,1612,7269027,677,6345968,44,588291,1443,3345570,1844,417102,3329,3777764,0,73,5662,3994.14,17981198,14218453,0
2022-07-07,1591,7270618,713,6346681,48,588339,1527,3347097,2002,419104,3567,3781331,0,73,5919,3892.14,17987117,14220843,0
2022-07-08,1633,7272251,651,6347332,37,588376,1476,3348573,1979,421083,3505,3784836,0,73,5827,3954.43,17992944,14223215,0
2022-07-09,985,7273236,435,6347767,26,588402,884,3349457,1347,422430,2262,3787098,0,73,3708,4028.86,17996652,14224692,0
2022-07-10,637,7273873,187,6347954,17,588419,430,3349887,659,423089,1099,3788197,0,73,1940,4064.43,17998592,14225543,0
2022-07-11,1395,7275268,634,6348588,49,588468,1446,3351333,2212,425301,3693,3791890,0,73,5771,4870.14,18004363,14227656,0
2022-07-12,1407,7276675,687,6349275,45,588513,1404,3352737,2514,427815,3993,3795883,0,73,6132,4994.14,18010495,14229870,0
2022-07-13,1614,7278289,726,6350001,37,588550,1525,3354262,2841,430656,4431,3800314,0,73,6808,5157.86,18017303,14232312,0
2022-07-14,1588,7279877,842,6350843,47,588597,1605,3355867,3064,433720,4747,3805061,1,74,7225,5344.43,18024528,14234867,0
2022-07-15,1615,7281492,937,6351780,47,588644,1577,3357444,3060,436780,4697,3809758,0,74,7296,5554.29,18031824,14237526,0
2022-07-16,881,7282373,586,6352366,9,588653,985,3358429,1702,438482,2717,3812475,1,75,4194,5623.71,18036018,14239032,0
2022-07-17,550,7282923,289,6352655,16,588669,527,3358956,1166,439648,1719,3814194,0,75,2574,5714.29,18038592,14239913,0
2022-07-18,1403,7284326,843,6353498,45,588714,1430,3360386,2464,442112,3952,3818146,0,75,6243,5781.71,18044835,14242262,0
2022-07-19,1440,7285766,976,6354474,51,588765,1543,3361929,2803,444915,4438,3822584,0,75,6905,5892.14,18051740,14244821,0
2022-07-20,1379,7287145,1483,6355957,50,588815,1355,3363284,2397,447312,3814,3826398,0,75,6727,5880.57,18058467,14247796,0
2022-07-21,1333,7288478,1435,6357392,50,588865,1396,3364680,2364,449676,3809,3830207,0,75,6627,5795.14,18065094,14250663,0
2022-07-22,1428,7289906,1569,6358961,42,588907,1563,3366243,2857,452533,4503,3834710,0,75,7542,5830.29,18072636,14253785,0
2022-07-23,906,7290812,1103,6360064,17,588924,999,3367242,1554,454087,2589,3837299,3,78,4618,5890.86,18077254,14255847,0
2022-07-24,483,7291295,642,6360706,14,588938,504,3367746,805,454892,1317,3838616,0,78,2457,5874.14,18079711,14256995,0
2022-07-25,1230,7292525,764,6361470,59,588997,1264,3369010,2064,456956,3382,3841998,0,78,5435,5758.71,18085146,14259102,0
2022-07-26,1234,7293759,1022,6362492,41,589038,1478,3370488,2445,459401,3982,3845980,0,78,6279,5669.29,18091425,14261458,0
2022-07-27,1318,7295077,1279,6363771,42,589080,1392,3371880,2194,461595,3647,3849627,3,81,6290,5606.86,18097715,14264159,0
2022-07-28,1312,7296389,1424,6365195,72,589152,1425,3373305,2217,463812,3692,3853319,1,82,6501,5588.86,18104216,14267017,0
2022-07-29,1318,7297707,1431,6366626,64,589216,1361,3374666,2161,465973,3565,3856884,0,82,6378,5422.57,18110594,14269873,0
2022-07-30,738,7298445,720,6367346,25,589241,795,3375461,961,466934,1778,3858662,0,82,3264,5229.14,18113858,14271381,0
2022-07-31,422,7298867,590,6367936,14,589255,488,3375949,571,467505,1065,3859727,0,82,2091,5176.86,18115949,14272413,0
2022-08-01,1245,7300112,914,6368850,55,589310,1333,3377282,1510,469015,2889,3862616,1,83,5104,5129.57,18121053,14274673,0
2022-08-02,1230,7301342,1013,6369863,73,589383,1350,3378632,1601,470616,2998,3865614,0,83,5314,4991.71,18126367,14277036,0
2022-08-03,1263,7302605,1190,6371053,41,589424,1344,3379976,1532,472148,2916,3868530,1,84,5411,4866.14,18131778,14279570,0
2022-08-04,1190,7303795,1187,6372240,58,589482,1288,3381264,1460,473608,2779,3871309,0,84,5214,4682.29,18136992,14282036,0
2022-08-05,1316,7305111,1451,6373691,49,589531,1316,3382580,1442,475050,2782,3874091,0,84,5598,4570.86,18142590,14284876,0
2022-08-06,696,7305807,844,6374535,14,589545,766,3383346,777,475827,1568,3875659,0,84,3123,4550.71,18145713,14286456,0
2022-08-07,389,7306196,454,6374989,14,589559,428,3383774,358,476185,797,3876456,0,84,1654,4488.29,18147367,14287324,0
2022-08-08,1191,7307387,934,6375923,70,589629,1279,3385053,1187,477372,2496,3878952,0,84,4691,4429.29,18152058,14289549,0
2022-08-09,1134,7308521,890,6376813,38,589667,1232,3386285,1162,478534,2427,3881379,1,85,4490,4311.57,18156548,14291644,0
2022-08-10,1222,7309743,1115,6377928,59,589726,1260,3387545,1247,479781,2542,3883921,0,85,4938,4244,18161486,14294075,0
2022-08-11,1279,7311022,1071,6378999,84,589810,1212,3388757,1279,481060,2530,3886451,0,85,4964,4208.29,18166450,14296548,0
2022-08-12,1293,7312315,1411,6380410,55,589865,1269,3390026,1249,482309,2550,3889001,0,85,5309,4167,18171759,14299339,0
2022-08-13,755,7313070,790,6381200,15,589880,763,3390789,634,482943,1415,3890416,0,85,2975,4145.86,18174734,14300917,0
2022-08-14,468,7313538,477,6381677,20,589900,405,3391194,283,483226,691,3891107,0,85,1656,4146.14,18176390,14301885,0
2022-08-15,1246,7314784,1067,6382744,60,589960,1318,3392512,991,484217,2350,3893457,1,86,4724,4150.86,18181114,14304299,0
2022-08-16,1304,7316088,869,6383613,50,590010,1371,3393883,1079,485296,2482,3895939,0,86,4706,4181.71,18185820,14306555,0
2022-08-17,1212,7317300,959,6384572,39,590049,1237,3395120,1005,486301,2281,3898220,1,87,4492,4118,18190312,14308804,0
2022-08-18,1168,7318468,944,6385516,45,590094,1269,3396389,949,487250,2243,3900463,0,87,4400,4037.43,18194712,14310986,0
2022-08-19,1254,7319722,1136,6386652,34,590128,1121,3397510,978,488228,2130,3902593,6,93,4560,3930.43,18199272,14313441,0
2022-08-20,590,7320312,492,6387144,16,590144,636,3398146,517,488745,1166,3903759,1,94,2265,3829,18201537,14314552,0
2022-08-21,358,7320670,243,6387387,9,590153,382,3398528,267,489012,652,3904411,0,94,1262,3772.71,18202799,14315165,0
2022-08-22,1221,7321891,923,6388310,40,590193,1238,3399766,888,489900,2153,3906564,0,94,4337,3717.43,18207136,14317376,0
2022-08-23,1238,7323129,1050,6389360,48,590241,1384,3401150,962,490862,2374,3908938,3,97,4713,3718.43,18211849,14319740,0
2022-08-24,1265,7324394,1016,6390376,29,590270,1295,3402445,822,491684,2143,3911081,1,98,4455,3713.14,18216304,14322077,0
2022-08-25,1221,7325615,995,6391371,66,590336,1194,3403639,813,492497,2023,3913104,4,102,4308,3700,18220612,14324374,0
2022-08-26,1187,7326802,1179,6392550,56,590392,1194,3404833,780,493277,1995,3915099,1,103,4417,3679.57,18225029,14326816,0
2022-08-27,694,7327496,543,6393093,14,590406,685,3405518,404,493681,1102,3916201,4,107,2357,3692.71,18227386,14328080,0
2022-08-28,378,7327874,240,6393333,10,590416,442,3405960,228,493909,673,3916874,0,107,1301,3698.29,18228687,14328711,0
2022-08-29,1253,7329127,981,6394314,41,590457,1231,3407191,689,494598,1941,3918815,0,107,4217,3681.14,18232904,14331008,0
2022-08-30,1267,7330394,942,6395256,36,590493,1273,3408464,766,495364,2070,3920885,2,109,4317,3624.57,18237221,14333284,0
2022-08-31,1152,7331546,1014,6396270,43,590536,1105,3409569,573,495937,1699,3922584,0,109,3909,3546.57,18241130,14335515,0
2022-09-01,1026,7332572,964,6397234,51,590587,810,3410379,456,496393,1280,3923864,6,115,3328,3406.57,18244458,14337571,0
2022-09-02,976,7333548,1022,6398256,32,590619,595,3410974,176,496569,778,3924642,92,207,2885,3187.71,18247343,14339593,0
2022-09-03,533,7334081,450,6398706,12,590631,370,3411344,50,496619,424,3925066,314,521,1684,3091.57,18249027,14340543,0
2022-09-04,252,7334333,212,6398918,10,590641,189,3411533,25,496644,216,3925282,312,833,959,3042.71,18249986,14340976,0
2022-09-05,78,7334411,71,6398989,7,590648,44,3411577,16,496660,61,3925343,9,842,226,2472.57,18250212,14341133,0
2022-09-06,1129,7335540,1229,6400218,51,590699,638,3412215,130,496790,777,3926120,1269,2111,4236,2461,18254448,14343332,0
2022-09-07,1473,7337013,1380,6401598,38,590737,486,3412701,156,496946,662,3926782,6446,8557,9122,3205.71,18263570,14345366,0
2022-09-08,1525,7338538,1196,6402794,36,590773,253,3412954,111,497057,380,3927162,7827,16384,9846,4136.86,18273416,14347021,0
2022-09-09,1549,7340087,1609,6404403,49,590822,285,3413239,122,497179,438,3927600,9889,26273,12372,5492.14,18285788,14349097,0
2022-09-10,843,7340930,839,6405242,12,590834,270,3413509,45,497224,328,3927928,5318,31591,6759,6217.14,18292547,14350223,0
2022-09-11,495,7341425,440,6405682,11,590845,86,3413595,30,497254,125,3928053,3941,35532,4529,6727.14,18297076,14350695,0
2022-09-12,1670,7343095,1438,6407120,39,590884,206,3413801,92,497346,332,3928385,11659,47191,13542,8629.43,18310618,14352280,0
2022-09-13,1398,7344493,1271,6408391,33,590917,221,3414022,118,497464,388,3928773,9734,56925,11739,9701.29,18322357,14353946,0
2022-09-14,1410,7345903,1270,6409661,32,590949,226,3414248,125,497589,390,3929163,11028,67953,13077,10266.29,18335434,14355644,0
2022-09-15,1560,7347463,1280,6410941,23,590972,227,3414475,109,497698,371,3929534,12085,80038,14108,10875.14,18349542,14357331,0
2022-09-16,1682,7349145,1629,6412570,27,590999,270,3414745,156,497854,481,3930015,13806,93844,16267,11431.57,18365809,14359366,0
2022-09-17,800,7349945,866,6413436,12,591011,275,3415020,78,497932,376,3930391,7003,100847,8412,11667.71,18374221,14360422,0
2022-09-18,518,7350463,410,6413846,7,591018,74,3415094,26,497958,113,3930504,4483,105330,4975,11731.43,18379196,14360814,0
2022-09-19,1549,7352012,1324,6415170,29,591047,227,3415321,98,498056,351,3930855,13811,119141,15515,12013.29,18394711,14362193,0
2022-09-20,1438,7353450,1252,6416422,27,591074,223,3415544,91,498147,360,3931215,13211,132352,15014,12481.14,18409725,14363682,0
2022-09-21,1665,7355115,1352,6417774,31,591105,261,3415805,131,498278,426,3931641,14941,147293,16850,13020.14,18426575,14365199,0
2022-09-22,1470,7356585,1259,6419033,28,591133,174,3415979,139,498417,358,3931999,13231,160524,15051,13154.86,18441626,14366706,0
2022-09-23,1731,7358316,1648,6420681,24,591157,252,3416231,145,498562,460,3932459,16948,177472,19250,13581,18460876,14368611,0
2022-09-24,799,7359115,888,6421569,8,591165,272,3416503,68,498630,359,3932818,7507,184979,8856,13644.43,18469732,14369620,0
2022-09-25,484,7359599,391,6421960,1,591166,72,3416575,47,498677,128,3932946,4508,189487,4995,13647.29,18474727,14369988,0
2022-09-26,1568,7361167,1244,6423204,16,591182,290,3416865,144,498821,492,3933438,15012,204499,16711,13818.14,18491438,14371253,0
2022-09-27,1530,7362697,1307,6424511,26,591208,283,3417148,172,498993,491,3933929,14157,218656,16148,13980.14,18507586,14372789,0
2022-09-28,1619,7364316,1295,6425806,18,591226,190,3417338,186,499179,430,3934359,15510,234166,17287,14042.57,18524873,14374190,0
2022-09-29,1674,7365990,1298,6427104,19,591245,179,3417517,96,499275,312,3934671,15375,249541,17224,14353,18542097,14375764,0
2022-09-30,1636,7367626,1550,6428654,13,591258,183,3417700,177,499452,406,3935077,16485,266026,18654,14267.86,18560751,14377573,0
2022-10-01,719,7368345,669,6429323,5,591263,138,3417838,34,499486,181,3935258,7053,273079,7942,14137.29,18568693,14378290,0
2022-10-02,511,7368856,427,6429750,5,591268,48,3417886,45,499531,107,3935365,4428,277507,4838,14114.86,18573531,14378607,0
2022-10-03,1550,7370406,1188,6430938,23,591291,156,3418042,113,499644,316,3935681,14572,292079,15976,14009.86,18589507,14379742,0
2022-10-04,1377,7371783,1157,6432095,15,591306,150,3418192,121,499765,299,3935980,13403,305482,14798,13817,18604305,14380866,0
2022-10-05,1588,7373371,1283,6433378,17,591323,283,3418475,164,499929,500,3936480,14866,320348,16691,13731.86,18620996,14382244,0
2022-10-06,1484,7374855,1249,6434627,19,591342,166,3418641,160,500089,385,3936865,14956,335304,16619,13645.43,18637615,14383581,0
2022-10-07,1661,7376516,1427,6436054,15,591357,171,3418812,135,500224,367,3937232,17112,352416,19073,13705.29,18656688,14385236,0
2022-10-08,760,7377276,680,6436734,4,591361,146,3418958,62,500286,225,3937457,7714,360130,8642,13805.29,18665330,14385956,0
2022-10-09,485,7377761,409,6437143,5,591366,47,3419005,55,500341,120,3937577,4693,364823,5118,13845.29,18670448,14386279,0
2022-10-10,1543,7379304,1251,6438394,14,591380,174,3419179,120,500461,333,3937910,15206,380029,16510,13921.57,18686958,14387289,0
2022-10-11,1637,7380941,1100,6439494,19,591399,178,3419357,154,500615,388,3938298,14322,394351,15856,14072.71,18702814,14388491,0
2022-10-12,1863,7382804,1320,6440814,17,591416,134,3419491,186,500801,387,3938685,16281,410632,17886,14243.43,18720700,14389776,0
2022-10-13,1613,7384417,1150,6441964,28,591444,135,3419626,201,501002,407,3939092,14036,424668,15573,14094,18736273,14390977,0
2022-10-14,1812,7386229,1536,6443500,25,591469,130,3419756,181,501183,364,3939456,17208,441876,19191,14110.86,18755464,14392649,0
2022-10-15,766,7386995,638,6444138,9,591478,90,3419846,68,501251,179,3939635,7615,449491,8472,14086.57,18763936,14393348,0
2022-10-16,564,7387559,410,6444548,3,591481,25,3419871,65,501316,121,3939756,4726,454217,5169,14093.86,18769105,14393701,0
2022-10-17,1814,7389373,1250,6445798,18,591499,83,3419954,116,501432,236,3939992,16073,470290,17394,14220.14,18786499,14394823,0
2022-10-18,1682,7391055,1170,6446968,20,591519,100,3420054,135,501567,282,3940274,14639,484929,16011,14242.29,18802510,14395960,0
2022-10-19,2083,7393138,1330,6448298,21,591540,84,3420138,142,501709,289,3940563,16232,501161,17704,14216.29,18820214,14397206,0
2022-10-20,1682,7394820,1166,6449464,11,591551,89,3420227,147,501856,303,3940866,15402,516563,16851,14398.86,18837065,14398419,0
2022-10-21,1801,7396621,1345,6450809,12,591563,92,3420319,150,502006,297,3941163,16736,533299,18405,14286.57,18855470,14399846,0
2022-10-22,740,7397361,667,6451476,9,591572,44,3420363,46,502052,100,3941263,7689,540988,8418,14278.86,18863888,14400485,0
2022-10-23,519,7397880,370,6451846,3,591575,21,3420384,39,502091,69,3941332,4802,545790,5079,14266,18868967,14400702,0
2022-10-24,1740,7399620,1207,6453053,19,591594,70,3420454,111,502202,223,3941555,15558,561348,16843,14187.29,18885810,14401806,0
2022-10-25,1659,7401279,1187,6454240,12,591606,94,3420548,109,502311,232,3941787,15039,576387,16343,14234.71,18902153,14402907,0
2022-10-26,1854,7403133,1329,6455569,11,591617,90,3420638,168,502479,334,3942121,16818,593205,18288,14318.14,18920441,14404119,0
2022-10-27,1580,7404713,1074,6456643,13,591630,91,3420729,127,502606,271,3942392,15113,608318,16411,14255.29,18936852,14405199,0
2022-10-28,1696,7406409,1424,6458067,17,591647,108,3420837,153,502759,320,3942712,16762,625080,18577,14279.86,18955429,14406753,0
2022-10-29,693,7407102,542,6458609,9,591656,69,3420906,57,502816,140,3942852,7745,632825,8414,14279.29,18963843,14407296,0
2022-10-30,519,7407621,306,6458915,3,591659,19,3420925,57,502873,92,3942944,4491,637316,4779,14236.43,18968622,14407508,0
2022-10-31,1673,7409294,1105,6460020,8,591667,47,3420972,126,502999,217,3943161,14593,651909,15539,14050.14,18984161,14408281,0
2022-11-01,1665,7410959,1021,6461041,18,591685,78,3421050,127,503126,237,3943398,13621,665530,14938,13849.43,18999099,14409393,0
2022-11-02,1732,7412691,1120,6462161,17,591702,90,3421140,123,503249,255,3943653,14874,680404,16146,13543.43,19015245,14410452,0
2022-11-03,1421,7414112,1030,6463191,14,591716,84,3421224,167,503416,328,3943981,12623,693027,13902,13185,19029147,14411480,0
2022-11-04,1736,7415848,1216,6464407,14,591730,101,3421325,139,503555,275,3944256,15433,708460,17032,12964.29,19046179,14412839,0
2022-11-05,824,7416672,529,6464936,6,591736,65,3421390,82,503637,161,3944417,7045,715505,7757,12870.43,19053936,14413404,0
2022-11-06,407,7417079,331,6465267,4,591740,20,3421410,49,503686,106,3944523,4072,719577,4412,12818,19058348,14413675,0
2022-11-07,1638,7418717,1065,6466332,14,591754,75,3421485,101,503787,213,3944736,13219,732796,14381,12652.57,19072729,14414661,0
2022-11-08,1531,7420248,1008,6467340,8,591762,97,3421582,132,503919,270,3945006,12069,744865,13333,12423.29,19086062,14415696,0
2022-11-09,1570,7421818,1056,6468396,9,591771,86,3421668,114,504033,247,3945253,12191,757056,13456,12039,19099518,14416761,0
2022-11-10,1483,7423301,1010,6469406,14,591785,73,3421741,147,504180,276,3945529,12351,769407,13627,11999.71,19113145,14417817,0
2022-11-11,1499,7424800,1074,6470480,11,591796,101,3421842,102,504282,224,3945753,12874,782281,14302,11609.71,19127447,14419042,0
2022-11-12,671,7425471,513,6470993,2,591798,57,3421899,61,504343,128,3945881,6430,788711,7049,11508.57,19134496,14419543,0
2022-11-13,495,7425966,340,6471333,4,591802,15,3421914,68,504411,98,3945979,3892,792603,4209,11479.57,19138705,14419777,0
2022-11-14,1441,7427407,1023,6472356,19,591821,59,3421973,113,504524,203,3946182,11628,804231,12741,11245.29,19151446,14420718,0
2022-11-15,1488,7428895,999,6473355,15,591836,104,3422077,164,504688,294,3946476,11273,815504,12654,11148.29,19164100,14421831,0
2022-11-16,1598,7430493,1033,6474388,21,591857,66,3422143,146,504834,248,3946724,11561,827065,12809,11055.86,19176909,14422867,0
2022-11-17,1420,7431913,975,6475363,10,591867,72,3422215,189,505023,302,3947026,10539,837604,11868,10804.57,19188777,14423935,0
2022-11-18,1582,7433495,1101,6476464,12,591879,68,3422283,118,505141,216,3947242,12404,850008,13995,10760.71,19202772,14425340,0
2022-11-19,677,7434172,436,6476900,4,591883,57,3422340,62,505203,129,3947371,5912,855920,6569,10692.14,19209341,14425878,0
2022-11-20,475,7434647,304,6477204,4,591887,12,3422352,35,505238,64,3947435,3538,859458,3838,10639.14,19213179,14426131,0
2022-11-21,1516,7436163,918,6478122,4,591891,51,3422403,81,505319,149,3947584,10391,869849,11367,10442.86,19224546,14426975,0
2022-11-22,1269,7437432,817,6478939,7,591898,53,3422456,92,505411,163,3947747,9264,879113,10289,10105,19234835,14427855,0
2022-11-23,1289,7438721,734,6479673,11,591909,65,3422521,80,505491,171,3947918,8672,887785,9612,9648.29,19244447,14428650,0
2022-11-24,18,7438739,10,6479683,2,591911,0,3422521,6,505497,8,3947926,112,887897,137,7972.43,19244584,14428669,0
2022-11-25,679,7439418,475,6480158,14,591925,37,3422558,55,505552,111,3948037,5682,893579,6419,6890.14,19251003,14429314,0
2022-11-26,591,7440009,378,6480536,2,591927,15,3422573,43,505595,62,3948099,4896,898475,5331,6713.29,19256334,14429691,0
2022-11-27,396,7440405,218,6480754,1,591928,11,3422584,23,505618,49,3948148,3170,901645,3351,6643.71,19259685,14429838,0
2022-11-28,947,7441352,698,6481452,10,591938,59,3422643,65,505683,145,3948293,6950,908595,7918,6151,19267603,14430682,0
2022-11-29,925,7442277,709,6482161,8,591946,46,3422689,72,505755,144,3948437,6929,915524,7966,5819.14,19275569,14431601,0
2022-11-30,1212,7443489,865,6483026,16,591962,50,3422739,54,505809,123,3948560,8724,924248,9732,5836.29,19285301,14432505,0
2022-12-01,1127,7444616,767,6483793,13,591975,61,3422800,96,505905,183,3948743,8468,932716,9538,7179.29,19294839,14433418,0
2022-12-02,1315,7445931,971,6484764,14,591989,70,3422870,105,506010,195,3948938,10217,942933,11544,7911.43,19306383,14434570,0
2022-12-03,614,7446545,422,6485186,12,592001,42,3422912,42,506052,87,3949025,4950,947883,5476,7932.14,19311859,14435012,0
2022-12-04,418,7446963,283,6485469,4,592005,7,3422919,26,506078,40,3949065,3269,951152,3496,7952.86,19315355,14435206,0
2022-12-05,1161,7448124,767,6486236,15,592020,62,3422981,71,506149,149,3949214,8600,959752,9610,8194.57,19324965,14436083,0
2022-12-06,1163,7449287,764,6487000,13,592033,69,3423050,89,506238,176,3949390,8128,967880,9127,8360.43,19334092,14436924,0
2022-12-07,1207,7450494,751,6487751,12,592045,62,3423112,81,506319,163,3949553,8296,976176,9314,8300.71,19343406,14437799,0
2022-12-08,1101,7451595,740,6488491,14,592059,69,3423181,77,506396,166,3949719,8671,984847,9701,8324,19353107,14438683,0
2022-12-09,1230,7452825,971,6489462,13,592072,81,3423262,103,506499,210,3949929,10406,995253,11773,8356.71,19364880,14439866,0
2022-12-10,677,7453502,461,6489923,7,592079,36,3423298,74,506573,128,3950057,6146,1001399,6714,8533.57,19371594,14440324,0
2022-12-11,431,7453933,263,6490186,4,592083,11,3423309,35,506608,56,3950113,3683,1005082,3885,8589.14,19375479,14440480,0
2022-12-12,1333,7455266,802,6490988,19,592102,78,3423387,105,506713,209,3950322,9972,1015054,11019,8790.43,19386498,14441344,0
2022-12-13,1275,7456541,843,6491831,17,592119,54,3423441,101,506814,190,3950512,9695,1024749,10752,9022.57,19397250,14442246,0
2022-12-14,1192,7457733,831,6492662,12,592131,67,3423508,99,506913,192,3950704,9634,1034383,10614,9208.29,19407864,14443060,0
2022-12-15,1191,7458924,695,6493357,11,592142,62,3423570,109,507022,186,3950890,8445,1042828,9415,9167.43,19417279,14443859,0
2022-12-16,1202,7460126,805,6494162,12,592154,69,3423639,126,507148,217,3951107,9357,1052185,10532,8990.14,19427811,14444839,0
2022-12-17,651,7460777,464,6494626,8,592162,31,3423670,36,507184,80,3951187,5831,1058016,6305,8931.71,19434116,14445246,0
2022-12-18,440,7461217,230,6494856,2,592164,15,3423685,23,507207,48,3951235,3402,1061418,3609,8892.29,19437725,14445415,0
2022-12-19,1223,7462440,775,6495631,7,592171,57,3423742,84,507291,155,3951390,8907,1070325,9841,8724,19447566,14446208,0
2022-12-20,1208,7463648,762,6496393,18,592189,83,3423825,138,507429,277,3951667,8584,1078909,9717,8576.14,19457283,14447120,0
2022-12-21,1091,7464739,695,6497088,16,592205,54,3423879,95,507524,180,3951847,8282,1087191,9159,8368.29,19466442,14447848,0
2022-12-22,989,7465728,588,6497676,4,592209,44,3423923,73,507597,134,3951981,6938,1094129,7671,8119.14,19474113,14448464,0
2022-12-23,830,7466558,505,6498181,11,592220,41,3423964,58,507655,112,3952093,5915,1100044,6521,7546.14,19480634,14448971,0
2022-12-24,191,7466749,112,6498293,1,592221,2,3423966,15,507670,20,3952113,1377,1101421,1496,6859.14,19482130,14449073,0
2022-12-25,8,7466757,3,6498296,0,592221,2,3423968,0,507670,2,3952115,29,1101450,37,6348.86,19482167,14449079,0
2022-12-26,572,7467329,269,6498565,16,592237,19,3423987,22,507692,44,3952159,3305,1104755,3616,5459.57,19485783,14449349,0
2022-12-27,1085,7468414,604,6499169,13,592250,55,3424042,60,507752,124,3952283,7233,1111988,8032,5218.86,19493815,14450033,0
2022-12-28,1062,7469476,560,6499729,8,592258,58,3424100,64,507816,132,3952415,6988,1118976,7783,5022.29,19501598,14450706,0
2022-12-29,1014,7470490,585,6500314,9,592267,50,3424150,90,507906,163,3952578,6593,1125569,7425,4987.14,19509023,14451398,0
2022-12-30,950,7471440,539,6500853,9,592276,49,3424199,50,507956,109,3952687,6133,1131702,6859,5035.43,19515882,14452025,0
2022-12-31,307,7471747,167,6501020,4,592280,17,3424216,10,507966,30,3952717,1812,1133514,1990,5106,19517872,14452176,0
2023-01-01,20,7471767,9,6501029,0,592280,3,3424219,5,507971,8,3952725,59,1133573,87,5113.14,19517959,14452196,0
2023-01-02,654,7472421,328,6501357,10,592290,14,3424233,24,507995,44,3952769,3655,1137228,4002,5168.29,19521961,14452505,0
2023-01-03,968,7473389,593,6501950,9,592299,41,3424274,58,508053,111,3952880,5480,1142708,6268,4916.29,19528229,14453194,0
2023-01-04,1106,7474495,676,6502626,17,592316,53,3424327,63,508116,134,3953014,6179,1148887,7059,4812.86,19535288,14453958,0
2023-01-05,1009,7475504,588,6503214,23,592339,35,3424362,89,508205,143,3953157,5766,1154653,6696,4708.71,19541984,14454764,0
2023-01-06,1049,7476553,781,6503995,17,592356,50,3424412,81,508286,142,3953299,6502,1161155,7553,4807.86,19549537,14455684,0
2023-01-07,602,7477155,430,6504425,8,592364,23,3424435,34,508320,63,3953362,4454,1165609,4914,5225.57,19554451,14456087,0
2023-01-08,375,7477530,246,6504671,4,592368,12,3424447,29,508349,45,3953407,2560,1168169,2770,5608.86,19557221,14456256,0
2023-01-09,955,7478485,584,6505255,17,592385,52,3424499,41,508390,102,3953509,5608,1173777,6452,5958.86,19563673,14457007,0
2023-01-10,860,7479345,642,6505897,8,592393,49,3424548,85,508475,151,3953660,5341,1179118,6250,5956.29,19569923,14457782,0
2023-01-11,876,7480221,554,6506451,21,592414,46,3424594,68,508543,137,3953797,5166,1184284,5979,5802,19575902,14458481,0
2023-01-12,777,7480998,496,6506947,24,592438,54,3424648,120,508663,197,3953994,4536,1188820,5481,5628.43,19581383,14459252,0
2023-01-13,800,7481798,555,6507502,11,592449,69,3424717,58,508721,143,3954137,5375,1194195,6264,5444.29,19587647,14460014,0
2023-01-14,510,7482308,280,6507782,10,592459,27,3424744,31,508752,60,3954197,3228,1197423,3633,5261.29,19591280,14460361,0
2023-01-15,285,7482593,151,6507933,6,592465,16,3424760,23,508775,54,3954251,1793,1199216,1998,5151,19593278,14460527,0
2023-01-16,500,7483093,308,6508241,11,592476,31,3424791,27,508802,63,3954314,2776,1201992,3212,4688.14,19596490,14460905,0
2023-01-17,803,7483896,477,6508718,19,592495,49,3424840,73,508875,135,3954449,3832,1205824,4700,4466.71,19601190,14461651,0
2023-01-18,799,7484695,479,6509197,16,592511,48,3424888,61,508936,116,3954565,3732,1209556,4539,4261,19605729,14462349,0
2023-01-19,658,7485353,431,6509628,6,592517,50,3424938,34,508970,103,3954668,3167,1212723,3914,4037.14,19609643,14463012,0
2023-01-20,708,7486061,488,6510116,23,592540,40,3424978,39,509009,86,3954754,3746,1216469,4531,3789.57,19614174,14463718,0
2023-01-21,370,7486431,195,6510311,12,592552,20,3424998,12,509021,33,3954787,1895,1218364,2205,3585.57,19616379,14463996,0
2023-01-22,226,7486657,62,6510373,5,592557,0,3424998,2,509023,3,3954790,863,1219227,969,3438.57,19617348,14464100,0
2023-01-23,641,7487298,331,6510704,12,592569,14,3425012,45,509068,66,3954856,2707,1221934,3370,3461.14,19620718,14464704,0
2023-01-24,576,7487874,393,6511097,17,592586,37,3425049,33,509101,83,3954939,3057,1224991,3708,3319.43,19624426,14465285,0
2023-01-25,602,7488476,364,6511461,21,592607,33,3425082,41,509142,86,3955025,2708,1227699,3386,3154.71,19627812,14465889,0
2023-01-26,558,7489034,352,6511813,18,592625,35,3425117,51,509193,102,3955127,2695,1230394,3357,3075.14,19631169,14466465,0
2023-01-27,564,7489598,437,6512250,11,592636,35,3425152,49,509242,91,3955218,2820,1233214,3557,2936,19634726,14467118,0
2023-01-28,359,7489957,187,6512437,5,592641,24,3425176,39,509281,70,3955288,1588,1234802,1926,2896.14,19636652,14467393,0
2023-01-29,237,7490194,118,6512555,3,592644,12,3425188,10,509291,26,3955314,991,1235793,1144,2921.14,19637796,14467524,0
2023-01-30,600,7490794,400,6512955,18,592662,40,3425228,37,509328,80,3955394,2505,1238298,3229,2901,19641025,14468171,0
2023-01-31,512,7491306,356,6513311,12,592674,30,3425258,49,509377,91,3955485,2439,1240737,3069,2809.71,19644094,14468722,0
2023-02-01,485,7491791,339,6513650,16,592690,40,3425298,44,509421,92,3955577,2324,1243061,2970,2750.29,19647064,14469284,0
2023-02-02,462,7492253,349,6513999,13,592703,34,3425332,35,509456,77,3955654,2156,1245217,2777,2667.43,19649841,14469836,0
2023-02-03,544,7492797,393,6514392,14,592717,27,3425359,35,509491,69,3955723,2363,1247580,3067,2597.43,19652908,14470478,0
2023-02-04,243,7493040,158,6514550,11,592728,14,3425373,16,509507,31,3955754,1141,1248721,1403,2522.71,19654311,14470710,0
2023-02-05,201,7493241,96,6514646,0,592728,2,3425375,15,509522,19,3955773,855,1249576,973,2498.29,19655284,14470811,0
2023-02-06,598,7493839,313,6514959,9,592737,29,3425404,27,509549,65,3955838,2254,1251830,2831,2441.43,19658115,14471332,0
2023-02-07,478,7494317,364,6515323,5,592742,28,3425432,35,509584,71,3955909,2336,1254166,2936,2422.43,19661051,14471869,0
2023-02-08,453,7494770,320,6515643,4,592746,27,3425459,36,509620,69,3955978,2316,1256482,2878,2409.29,19663929,14472368,0
2023-02-09,477,7495247,348,6515991,3,592749,38,3425497,46,509666,98,3956076,2055,1258537,2710,2399.71,19666639,14472939,0
2023-02-10,496,7495743,389,6516380,2,592751,30,3425527,33,509699,87,3956163,2276,1260813,2965,2385.14,19669604,14473565,0
2023-02-11,294,7496037,197,6516577,7,592758,22,3425549,25,509724,48,3956211,1345,1262158,1663,2422.29,19671267,14473836,0
2023-02-12,184,7496221,81,6516658,0,592758,6,3425555,0,509724,10,3956221,707,1262865,820,2400.43,19672087,14473943,0
2023-02-13,443,7496664,293,6516951,4,592762,21,3425576,26,509750,51,3956272,1757,1264622,2319,2327.29,19674406,14474458,0
2023-02-14,398,7497062,272,6517223,6,592768,30,3425606,22,509772,57,3956329,1692,1266314,2222,2225.29,19676628,14474936,0
2023-02-15,405,7497467,289,6517512,10,592778,24,3425630,28,509800,64,3956393,1745,1268059,2262,2137.29,19678890,14475401,0
2023-02-16,360,7497827,244,6517756,5,592783,27,3425657,19,509819,51,3956444,1630,1269689,2106,2051,19680996,14475831,0
2023-02-17,397,7498224,313,6518069,5,592788,24,3425681,32,509851,63,3956507,1696,1271385,2267,1951.29,19683263,14476346,0
2023-02-18,199,7498423,117,6518186,5,592793,13,3425694,4,509855,18,3956525,1005,1272390,1191,1883.86,19684454,14476515,0
2023-02-19,120,7498543,55,6518241,2,592795,6,3425700,6,509861,14,3956539,541,1272931,612,1854.14,19685066,14476574,0
2023-02-20,314,7498857,160,6518401,3,592798,10,3425710,17,509878,28,3956567,1159,1274090,1424,1726.29,19686490,14476812,0
2023-02-21,378,7499235,286,6518687,5,592803,25,3425735,34,509912,64,3956631,1534,1275624,2072,1704.86,19688562,14477291,0
2023-02-22,401,7499636,277,6518964,8,592811,39,3425774,26,509938,69,3956700,1640,1277264,2174,1692.29,19690736,14477760,0
2023-02-23,388,7500024,251,6519215,10,592821,26,3425800,31,509969,71,3956771,1479,1278743,2023,1680.43,19692759,14478247,0
2023-02-24,365,7500389,325,6519540,4,592825,30,3425830,26,509995,63,3956834,1737,1280480,2297,1684.71,19695056,14478751,0
2023-02-25,163,7500552,123,6519663,2,592827,9,3425839,13,510008,24,3956858,778,1281258,973,1653.57,19696029,14478924,0
2023-02-26,92,7500644,48,6519711,0,592827,8,3425847,5,510013,17,3956875,468,1281726,535,1642.57,19696564,14478978,0
2023-02-27,377,7501021,300,6520011,4,592831,31,3425878,20,510033,54,3956929,1492,1283218,2012,1726.57,19698576,14479447,0
2023-02-28,355,7501376,238,6520249,8,592839,30,3425908,27,510060,62,3956991,1333,1284551,1814,1689.71,19700390,14479871,0
2023-03-01,387,7501763,291,6520540,7,592846,25,3425933,20,510080,51,3957042,1444,1285995,1982,1662.29,19702372,14480364,0
2023-03-02,374,7502137,293,6520833,9,592855,20,3425953,23,510103,50,3957092,1331,1287326,1873,1640.86,19704245,14480863,0
2023-03-03,404,7502541,315,6521148,10,592865,26,3425979,25,510128,58,3957150,1599,1288925,2192,1625.86,19706437,14481405,0
2023-03-04,199,7502740,122,6521270,4,592869,10,3425989,16,510144,28,3957178,795,1289720,1028,1633.71,19707465,14481612,0
2023-03-05,125,7502865,60,6521330,2,592871,4,3425993,6,510150,14,3957192,464,1290184,558,1637,19708023,14481696,0
2023-03-06,407,7503272,264,6521594,12,592883,22,3426015,16,510166,41,3957233,1385,1291569,1893,1620,19709916,14482166,0
2023-03-07,362,7503634,244,6521838,5,592888,22,3426037,30,510196,61,3957294,1306,1292875,1771,1613.86,19711687,14482579,0
2023-03-08,370,7504004,244,6522082,3,592891,35,3426072,30,510226,69,3957363,1340,1294215,1836,1593,19713523,14483010,0
2023-03-09,360,7504364,242,6522324,4,592895,16,3426088,24,510250,46,3957409,1262,1295477,1747,1575,19715270,14483455,0
2023-03-10,301,7504665,282,6522606,3,592898,9,3426097,20,510270,37,3957446,1395,1296872,1849,1526,19717119,14483880,0
2023-03-11,187,7504852,88,6522694,3,592901,18,3426115,4,510274,23,3957469,687,1297559,872,1503.71,19717991,14484043,0
2023-03-12,109,7504961,47,6522741,1,592902,4,3426119,7,510281,17,3957486,435,1297994,517,1497.86,19718508,14484114,0
2023-03-13,333,7505294,201,6522942,7,592909,11,3426130,13,510294,25,3957511,1127,1299121,1522,1444.86,19720030,14484485,0
2023-03-14,285,7505579,182,6523124,5,592914,15,3426145,11,510305,32,3957543,1064,1300185,1416,1394.14,19721446,14484811,0
2023-03-15,329,7505908,269,6523393,3,592917,9,3426154,13,510318,23,3957566,1229,1301414,1678,1371.57,19723124,14485238,0
2023-03-16,302,7506210,242,6523635,9,592926,14,3426168,15,510333,35,3957601,1164,1302578,1588,1348.86,19724712,14485633,0
2023-03-17,327,7506537,265,6523900,5,592931,20,3426188,8,510341,29,3957630,1269,1303847,1701,1327.71,19726413,14486037,0
2023-03-18,158,7506695,101,6524001,2,592933,8,3426196,5,510346,14,3957644,669,1304516,834,1322.29,19727247,14486189,0
2023-03-19,114,7506809,56,6524057,1,592934,3,3426199,3,510349,9,3957653,366,1304882,451,1312.86,19727698,14486268,0
2023-03-20,341,7507150,212,6524269,7,592941,29,3426228,15,510364,45,3957698,1213,1306095,1611,1325.57,19729309,14486622,0
2023-03-21,342,7507492,191,6524460,7,592948,23,3426251,18,510382,43,3957741,1123,1307218,1531,1342,19730840,14486989,0
2023-03-22,316,7507808,226,6524686,6,592954,12,3426263,11,510393,25,3957766,1127,1308345,1526,1320.29,19732366,14487365,0
2023-03-23,272,7508080,203,6524889,1,592955,20,3426283,12,510405,35,3957801,1014,1309359,1408,1294.57,19733774,14487727,0
2023-03-24,313,7508393,256,6525145,8,592963,19,3426302,19,510424,41,3957842,1124,1310483,1589,1278.57,19735363,14488154,0
2023-03-25,130,7508523,117,6525262,1,592964,9,3426311,9,510433,18,3957860,587,1311070,736,1264.57,19736099,14488285,0
2023-03-26,80,7508603,41,6525303,2,592966,4,3426315,4,510437,9,3957869,351,1311421,410,1258.71,19736509,14488336,0
2023-03-27,283,7508886,233,6525536,3,592969,14,3426329,11,510448,26,3957895,1008,1312429,1404,1229.14,19737913,14488707,0
2023-03-28,283,7509169,181,6525717,10,592979,20,3426349,9,510457,32,3957927,1010,1313439,1364,1205.29,19739277,14489032,0
2023-03-29,296,7509465,186,6525903,5,592984,13,3426362,9,510466,22,3957949,1061,1314500,1418,1189.86,19740695,14489367,0
2023-03-30,256,7509721,185,6526088,2,592986,17,3426379,10,510476,31,3957980,965,1315465,1312,1176.14,19742007,14489687,0
2023-03-31,296,7510017,260,6526348,7,592993,22,3426401,20,510496,43,3958023,1018,1316483,1480,1160.57,19743487,14490107,0
2023-04-01,122,7510139,66,6526414,3,592996,8,3426409,5,510501,15,3958038,526,1317009,654,1148.86,19744141,14490222,0
2023-04-02,92,7510231,35,6526449,0,592996,5,3426414,3,510504,9,3958047,273,1317282,339,1138.71,19744480,14490280,0
2023-04-03,275,7510506,157,6526606,8,593004,19,3426433,15,510519,40,3958087,886,1318168,1205,1110.29,19745685,14490565,0
2023-04-04,284,7510790,187,6526793,3,593007,13,3426446,10,510529,26,3958113,862,1319030,1210,1088.29,19746895,14490890,0
2023-04-05,269,7511059,155,6526948,8,593015,17,3426463,7,510536,26,3958139,983,1320013,1276,1068,19748171,14491159,0
2023-04-06,343,7511402,159,6527107,9,593024,17,3426480,5,510541,22,3958161,977,1320990,1311,1067.86,19749482,14491471,0
2023-04-07,246,7511648,146,6527253,5,593029,12,3426492,8,510549,20,3958181,748,1321738,1044,1005.57,19750526,14491747,0
2023-04-08,172,7511820,104,6527357,1,593030,5,3426497,10,510559,16,3958197,553,1322291,690,1010.71,19751216,14491869,0
2023-04-09,68,7511888,23,6527380,0,593030,0,3426497,4,510563,4,3958201,204,1322495,246,997.43,19751462,14491907,0
2023-04-10,285,7512173,180,6527560,6,593036,19,3426516,9,510572,28,3958229,884,1323379,1211,998.29,19752673,14492206,0
2023-04-11,271,7512444,153,6527713,5,593041,15,3426531,9,510581,27,3958256,908,1324287,1212,998.57,19753885,14492486,0
2023-04-12,268,7512712,164,6527877,5,593046,15,3426546,8,510589,25,3958281,812,1325099,1146,980,19755031,14492797,0
2023-04-13,249,7512961,137,6528014,8,593054,12,3426558,7,510596,20,3958301,837,1325936,1140,955.57,19756171,14493081,0
2023-04-14,242,7513203,198,6528212,2,593056,6,3426564,10,510606,18,3958319,842,1326778,1168,973.29,19757339,14493391,0
2023-04-15,121,7513324,95,6528307,6,593062,3,3426567,7,510613,11,3958330,408,1327186,554,953.86,19757893,14493527,0
2023-04-16,75,7513399,31,6528338,0,593062,0,3426567,1,510614,1,3958331,264,1327450,305,962.29,19758198,14493567,0
2023-04-17,230,7513629,139,6528477,3,593065,7,3426574,3,510617,10,3958341,710,1328160,990,930.71,19759188,14493837,0
2023-04-18,216,7513845,128,6528605,6,593071,9,3426583,10,510627,20,3958361,747,1328907,975,896.86,19760163,14494046,0
2023-04-19,199,7514044,116,6528721,5,593076,6,3426589,9,510636,15,3958376,808,1329715,967,871.29,19761130,14494190,0
2023-04-20,231,7514275,143,6528864,2,593078,14,3426603,19,510655,35,3958411,913,1330628,1078,862.43,19762208,14494322,0
2023-04-21,231,7514506,147,6529011,6,593084,14,3426617,9,510664,25,3958436,1093,1331721,1215,869.14,19763423,14494421,0
2023-04-22,107,7514613,66,6529077,3,593087,8,3426625,4,510668,13,3958449,475,1332196,541,867.29,19763964,14494475,0
2023-04-23,73,7514686,47,6529124,1,593088,1,3426626,2,510670,4,3958453,282,1332478,310,868,19764274,14494500,0
2023-04-24,235,7514921,158,6529282,2,593090,11,3426637,7,510677,21,3958474,1017,1333495,1126,887.43,19765400,14494591,0
2023-04-25,244,7515165,147,6529429,6,593096,12,3426649,12,510689,27,3958501,1064,1334559,1168,915,19766568,14494671,0
2023-04-26,219,7515384,135,6529564,5,593101,6,3426655,5,510694,13,3958514,960,1335519,1028,923.71,19767596,14494728,0
2023-04-27,278,7515662,169,6529733,1,593102,11,3426666,18,510712,31,3958545,1070,1336589,1159,935.29,19768755,14494788,0
2023-04-28,251,7515913,189,6529922,2,593104,11,3426677,16,510728,32,3958577,1143,1337732,1236,938.29,19769991,14494854,0
2023-04-29,141,7516054,67,6529989,2,593106,4,3426681,6,510734,10,3958587,519,1338251,573,942.86,19770564,14494898,0
2023-04-30,97,7516151,30,6530019,1,593107,6,3426687,3,510737,10,3958597,307,1338558,328,945.43,19770892,14494910,0
2023-05-01,309,7516460,162,6530181,2,593109,9,3426696,9,510746,20,3958617,1080,1339638,1171,951.86,19772063,14494983,0
2023-05-02,251,7516711,146,6530327,3,593112,11,3426707,6,510752,19,3958636,1016,1340654,1071,938,19773134,14495021,0
2023-05-03,254,7516965,148,6530475,1,593113,13,3426720,10,510762,24,3958660,971,1341625,1046,940.57,19774180,14495073,0
2023-05-04,237,7517202,164,6530639,0,593113,12,3426732,8,510770,24,3958684,1055,1342680,1125,935.71,19775305,14495123,0
2023-05-05,303,7517505,161,6530800,1,593114,6,3426738,11,510781,18,3958702,1122,1343802,1172,926.57,19776477,14495156,0
2023-05-06,132,7517637,79,6530879,0,593114,13,3426751,8,510789,23,3958725,494,1344296,557,924.29,19777034,14495198,0
2023-05-07,77,7517714,36,6530915,0,593114,0,3426751,6,510795,7,3958732,296,1344592,311,921.86,19777345,14495207,0
2023-05-08,264,7517978,150,6531065,0,593114,8,3426759,10,510805,18,3958750,1003,1345595,1055,905.29,19778400,14495241,0
2023-05-09,254,7518232,129,6531194,0,593114,5,3426764,4,510809,13,3958763,992,1346587,1030,899.43,19779430,14495270,0
2023-05-10,244,7518476,130,6531324,1,593115,6,3426770,14,510823,21,3958784,1044,1347631,1102,907.43,19780532,14495308,0
2023-05-11,228,7518704,134,6531458,1,593116,11,3426781,23,510846,39,3958823,1044,1348675,1119,906.57,19781651,14495349,0
2023-05-12,165,7518869,133,6531591,1,593117,4,3426785,10,510856,17,3958840,877,1349552,913,869.57,19782564,14495371,0
2023-05-13,98,7518967,50,6531641,0,593117,1,3426786,5,510861,6,3958846,388,1349940,411,848.71,19782975,14495388,0
2023-05-14,59,7519026,23,6531664,0,593117,2,3426788,0,510861,3,3958849,194,1350134,204,833.43,19783179,14495396,0
2023-05-15,209,7519235,133,6531797,0,593117,4,3426792,8,510869,13,3958862,837,1350971,894,810.43,19784073,14495441,0
2023-05-16,250,7519485,110,6531907,0,593117,6,3426798,7,510876,14,3958876,804,1351775,852,785,19784925,14495476,0
2023-05-17,210,7519695,110,6532017,0,593117,4,3426802,5,510881,11,3958887,884,1352659,931,760.57,19785856,14495514,0
2023-05-18,221,7519916,108,6532125,0,593117,12,3426814,14,510895,29,3958916,766,1353425,826,718.71,19786682,14495548,0
2023-05-19,192,7520108,125,6532250,0,593117,9,3426823,10,510905,21,3958937,824,1354249,868,712.29,19787550,14495573,0
2023-05-20,126,7520234,44,6532294,0,593117,4,3426827,5,510910,10,3958947,364,1354613,395,710,19787945,14495595,0
2023-05-21,62,7520296,18,6532312,0,593117,2,3426829,1,510911,4,3958951,185,1354798,195,708.71,19788140,14495602,0
2023-05-22,222,7520518,99,6532411,0,593117,4,3426833,3,510914,7,3958958,795,1355593,822,698.43,19788962,14495622,0
2023-05-23,213,7520731,103,6532514,0,593117,12,3426845,6,510920,19,3958977,734,1356327,788,689.29,19789750,14495658,0
2023-05-24,217,7520948,128,6532642,2,593119,11,3426856,8,510928,22,3958999,819,1357146,870,680.57,19790620,14495690,0
2023-05-25,186,7521134,99,6532741,1,593120,4,3426860,6,510934,10,3959009,737,1357883,762,671.43,19791382,14495705,0
2023-05-26,178,7521312,143,6532884,0,593120,8,3426868,6,510940,15,3959024,750,1358633,796,661.14,19792178,14495737,0
2023-05-27,106,7521418,47,6532931,0,593120,5,3426873,6,510946,14,3959038,340,1358973,372,657.86,19792550,14495758,0
2023-05-28,52,7521470,16,6532947,1,593121,0,3426873,0,510946,0,3959038,187,1359160,192,657.43,19792742,14495763,0
2023-05-29,11,7521481,10,6532957,0,593121,1,3426874,0,510946,1,3959039,37,1359197,44,546.29,19792786,14495769,0
2023-05-30,220,7521701,113,6533070,0,593121,4,3426878,2,510948,7,3959046,796,1359993,824,551.43,19793610,14495791,0
2023-05-31,181,7521882,114,6533184,0,593121,8,3426886,2,510950,10,3959056,731,1360724,758,535.43,19794368,14495808,0
2023-06-01,183,7522065,90,6533274,1,593122,1,3426887,6,510956,7,3959063,705,1361429,726,530.29,19795094,14495822,0
2023-06-02,227,7522292,105,6533379,0,593122,7,3426894,2,510958,9,3959072,764,1362193,793,529.86,19795887,14495842,0
2023-06-03,89,7522381,37,6533416,0,593122,2,3426896,0,510958,2,3959074,348,1362541,363,528.57,19796250,14495855,0
2023-06-04,66,7522447,18,6533434,0,593122,2,3426898,3,510961,5,3959079,204,1362745,215,531.86,19796465,14495861,0
2023-06-05,199,7522646,95,6533529,0,593122,4,3426902,4,510965,10,3959089,710,1363455,740,631.29,19797205,14495883,0
2023-06-06,167,7522813,101,6533630,0,593122,8,3426910,3,510968,12,3959101,672,1364127,696,613,19797901,14495896,0
2023-06-07,174,7522987,98,6533728,2,593124,7,3426917,7,510975,14,3959115,714,1364841,743,610.86,19798644,14495911,0
2023-06-08,177,7523164,76,6533804,1,593125,3,3426920,10,510985,13,3959128,577,1365418,607,593.86,19799251,14495928,0
2023-06-09,165,7523329,102,6533906,0,593125,12,3426932,10,510995,22,3959150,696,1366114,733,585.29,19799984,14495943,0
2023-06-10,112,7523441,35,6533941,0,593125,2,3426934,2,510997,5,3959155,306,1366420,326,580,19800310,14495959,0
2023-06-11,53,7523494,15,6533956,0,593125,0,3426934,0,510997,0,3959155,175,1366595,181,575.14,19800491,14495965,0
2023-06-12,163,7523657,92,6534048,1,593126,8,3426942,2,510999,11,3959166,654,1367249,675,565.86,19801166,14495976,0
2023-06-13,172,7523829,89,6534137,0,593126,1,3426943,4,511003,5,3959171,659,1367908,674,562.71,19801840,14495986,0
2023-06-14,167,7523996,103,6534240,0,593126,9,3426952,2,511005,11,3959182,727,1368635,757,564.71,19802597,14496005,0
2023-06-15,155,7524151,90,6534330,2,593128,7,3426959,3,511008,11,3959193,655,1369290,676,574.57,19803273,14496016,0
2023-06-16,204,7524355,88,6534418,0,593128,3,3426962,0,511008,3,3959196,645,1369935,664,564.71,19803937,14496032,0
2023-06-17,80,7524435,25,6534443,0,593128,2,3426964,2,511010,5,3959201,255,1370190,268,556.43,19804205,14496041,0
2023-06-18,58,7524493,16,6534459,0,593128,1,3426965,0,511010,1,3959202,152,1370342,156,552.86,19804361,14496044,0
2023-06-19,97,7524590,42,6534501,0,593128,2,3426967,2,511012,5,3959207,412,1370754,420,516.43,19804781,14496048,0
2023-06-20,166,7524756,92,6534593,1,593129,4,3426971,1,511013,5,3959212,641,1371395,653,513.43,19805434,14496055,0
2023-06-21,156,7524912,79,6534672,0,593129,10,3426981,1,511014,11,3959223,623,1372018,648,497.86,19806082,14496069,0
2023-06-22,185,7525097,56,6534728,0,593129,5,3426986,2,511016,7,3959230,589,1372607,605,487.71,19806687,14496078,0
2023-06-23,150,7525247,82,6534810,0,593129,5,3426991,0,511016,6,3959236,568,1373175,581,475.86,19807268,14496086,0
2023-06-24,64,7525311,28,6534838,0,593129,1,3426992,3,511019,5,3959241,242,1373417,256,474.14,19807524,14496096,0
2023-06-25,39,7525350,10,6534848,0,593129,1,3426993,5,511024,6,3959247,98,1373515,119,468.86,19807643,14496111,0
2023-06-26,132,7525482,67,6534915,1,593130,10,3427003,1,511025,11,3959258,510,1374025,538,485.71,19808181,14496128,0
2023-06-27,127,7525609,66,6534981,0,593130,6,3427009,1,511026,8,3959266,485,1374510,505,464.57,19808686,14496141,0
2023-06-28,151,7525760,76,6535057,0,593130,7,3427016,2,511028,9,3959275,632,1375142,654,465.43,19809340,14496154,0
2023-06-29,158,7525918,66,6535123,0,593130,3,3427019,5,511033,8,3959283,551,1375693,571,460.57,19809911,14496166,0
2023-06-30,160,7526078,68,6535191,0,593130,3,3427022,4,511037,8,3959291,534,1376227,548,455.86,19810459,14496173,0
2023-07-01,53,7526131,26,6535217,0,593130,1,3427023,0,511037,1,3959292,195,1376422,206,448.71,19810665,14496183,0
2023-07-02,37,7526168,8,6535225,0,593130,0,3427023,0,511037,0,3959292,112,1376534,118,448.57,19810783,14496189,0
2023-07-03,121,7526289,56,6535281,0,593130,8,3427031,3,511040,11,3959303,433,1376967,451,436.14,19811234,14496196,0
2023-07-04,1,7526290,2,6535283,0,593130,0,3427031,0,511040,0,3959303,4,1376971,4,364.57,19811238,14496196,0
2023-07-05,137,7526427,58,6535341,1,593131,6,3427037,0,511040,6,3959309,488,1377459,498,342.29,19811736,14496200,0
2023-07-06,146,7526573,62,6535403,0,593131,6,3427043,2,511042,8,3959317,452,1377911,470,327.86,19812206,14496210,0
2023-07-07,157,7526730,85,6535488,0,593131,4,3427047,1,511043,5,3959322,538,1378449,546,327.57,19812752,14496213,0
2023-07-08,76,7526806,22,6535510,0,593131,1,3427048,4,511047,6,3959328,200,1378649,218,329.29,19812970,14496226,0
2023-07-09,22,7526828,9,6535519,0,593131,0,3427048,0,511047,0,3959328,90,1378739,90,325.29,19813060,14496226,0
2023-07-10,147,7526975,63,6535582,1,593132,3,3427051,2,511049,6,3959334,461,1379200,489,330.71,19813549,14496249,0
2023-07-11,125,7527100,67,6535649,0,593132,5,3427056,2,511051,7,3959341,465,1379665,482,399,19814031,14496259,0
2023-07-12,154,7527254,65,6535714,0,593132,2,3427058,1,511052,3,3959344,535,1380200,546,405.86,19814577,14496267,0
2023-07-13,125,7527379,44,6535758,0,593132,3,3427061,3,511055,6,3959350,397,1380597,409,397.14,19814986,14496273,0
2023-07-14,139,7527518,71,6535829,0,593132,2,3427063,2,511057,4,3959354,484,1381081,496,390,19815482,14496281,120000
2023-07-15,77,7527595,20,6535849,0,593132,2,3427065,2,511059,4,3959358,192,1381273,206,388.29,19815688,14496291,120000
2023-07-16,38,7527633,5,6535854,0,593132,0,3427065,0,511059,0,3959358,90,1381363,90,388.29,19815778,14496291,120000
2023-07-17,135,7527768,66,6535920,0,593132,1,3427066,1,511060,2,3959360,423,1381786,436,380.71,19816214,14496302,120000
2023-07-18,123,7527891,70,6535990,0,593132,4,3427070,2,511062,6,3959366,401,1382187,415,371.14,19816629,14496310,120000
2023-07-19,108,7527999,74,6536064,1,593133,2,3427072,4,511066,6,3959372,418,1382605,434,355.14,19817063,14496320,120000
2023-07-20,57,7528056,28,6536092,0,593133,4,3427076,1,511067,5,3959377,172,1382777,183,322.86,19817246,14496326,120000
