"DATE","ADMIN_DOSE1_DAILY","ADMIN_DOSE1_CUMULATIVE","ADMIN_DOSE2_DAILY","ADMIN_DOSE2_CUMULATIVE","ADMIN_SINGLE_DAILY","ADMIN_SINGLE_CUMULATIVE","ADMIN_ADDITIONAL1_DAILY","ADMIN_ADDITIONAL1_CUMULATIVE","ADMIN_ADDITIONAL2_DAILY","ADMIN_ADDITIONAL2_CUMULATIVE","ADMIN_ADDITIONAL_DAILY","ADMIN_ADDITIONAL_CUMULATIVE","ADMIN_BIVALENT_ADDITIONAL_DAILY","ADMIN_BIVALENT_ADDITIONAL_CUMULATIVE","ADMIN_ALLDOSES_DAILY","ADMIN_ALLDOSES_7DAYAVG","ADMIN_ALLDOSES_CUMULATIVE","ADMIN_ALLDOSES_PRIMARY","INCOMPLETE"
2020-12-14,79,79,0,0,2,2,0,0,0,0,0,0,0,0,81,,81,81,0
2020-12-15,2052,2131,7,7,5,7,0,0,0,0,0,0,0,0,2064,,2145,2145,0
2020-12-16,4605,6736,16,23,4,11,1,1,0,0,1,1,0,0,4626,,6771,6770,0
2020-12-17,4661,11397,18,41,2,13,1,2,0,0,1,2,0,0,4682,,11453,11451,0
2020-12-18,5836,17233,18,59,2,15,2,4,0,0,2,4,0,0,5858,,17311,17307,0
2020-12-19,1687,18920,9,68,3,18,0,4,0,0,0,4,0,0,1699,,19010,19006,0
2020-12-20,1117,20037,2,70,1,19,0,4,0,0,0,4,0,0,1120,2875.71,20130,20126,0
2020-12-21,6391,26428,21,91,0,19,5,9,0,0,5,9,0,0,6417,3780.86,26547,26538,0
2020-12-22,9764,36192,29,120,2,21,1,10,0,0,1,10,0,0,9796,4885.43,36343,36333,0
2020-12-23,14276,50468,37,157,3,24,0,10,0,0,0,10,0,0,14316,6269.71,50659,50649,0
2020-12-24,7170,57638,28,185,1,25,0,10,0,0,0,10,0,0,7199,6629.29,57858,57848,0
2020-12-25,180,57818,0,185,0,25,1,11,0,0,1,11,0,0,181,5818.29,58039,58028,0
2020-12-26,4393,62211,45,230,0,25,1,12,0,0,1,12,0,0,4439,6209.71,62478,62466,0
2020-12-27,3870,66081,14,244,0,25,1,13,0,0,1,13,0,0,3885,6604.71,66363,66350,0
2020-12-28,10992,77073,51,295,1,26,3,16,0,0,3,16,0,0,11047,7266.14,77410,77394,0
2020-12-29,10712,87785,37,332,2,28,3,19,0,0,3,19,0,0,10754,7403,88164,88145,0
2020-12-30,12822,100607,44,376,0,28,0,19,0,0,0,19,0,0,12866,7195.86,101030,101011,0
2020-12-31,7258,107865,38,414,1,29,0,19,0,0,0,19,0,0,7297,7209.86,108327,108308,0
2021-01-01,178,108043,2,416,1,30,3,22,0,0,3,22,0,0,184,7210.29,108511,108489,0
2021-01-02,3809,111852,10,426,3,33,2,24,0,0,2,24,0,0,3824,7122.43,112335,112311,0
2021-01-03,3542,115394,24,450,2,35,1,25,0,0,1,25,0,0,3569,7077.29,115904,115879,0
2021-01-04,12253,127647,809,1259,2,37,7,32,0,0,7,32,0,0,13071,7366.43,128975,128943,0
2021-01-05,14090,141737,2196,3455,2,39,14,46,1,1,15,47,0,0,16303,8159.14,145278,145231,0
2021-01-06,17796,159533,3930,7385,1,40,31,77,8,9,39,86,0,0,21766,9430.57,167044,166958,0
2021-01-07,16538,176071,5184,12569,4,44,46,123,3,12,49,135,0,0,21775,11498.86,188819,188684,0
2021-01-08,16610,192681,5461,18030,0,44,36,159,4,16,40,175,0,0,22111,14631.29,210930,210755,0
2021-01-09,7649,200330,1465,19495,1,45,7,166,2,18,9,184,0,0,9124,15388.43,220054,219870,0
2021-01-10,7880,208210,979,20474,0,45,14,180,0,18,14,198,0,0,8873,16146.14,228927,228729,0
2021-01-11,25809,234019,7459,27933,2,47,56,236,8,26,64,262,0,0,33334,19040.86,262261,261999,0
2021-01-12,28244,262263,7866,35799,1,48,45,281,4,30,49,311,0,0,36160,21877.57,298421,298110,0
2021-01-13,31707,293970,9420,45219,1,49,59,340,5,35,64,375,0,0,41192,24652.71,339613,339238,0
2021-01-14,35799,329769,5297,50516,1,50,35,375,8,43,43,418,0,0,41140,27419.14,380753,380335,0
2021-01-15,29247,359016,3716,54232,2,52,32,407,5,48,37,455,0,0,33002,28975,413755,413300,0
2021-01-16,30267,389283,2395,56627,0,52,24,431,6,54,30,485,0,0,32692,32341.86,446447,445962,0
2021-01-17,23733,413016,1642,58269,0,52,20,451,1,55,21,506,0,0,25396,34702.29,471843,471337,0
2021-01-18,27087,440103,2426,60695,0,52,37,488,7,62,44,550,0,0,29558,34162.86,501401,500851,0
2021-01-19,34277,474380,9639,70334,1,53,71,559,7,69,78,628,0,0,43995,35282.14,545396,544768,0
2021-01-20,34852,509232,9504,79838,1,54,61,620,3,72,64,692,0,0,44421,35743.43,589817,589125,0
2021-01-21,25577,534809,8097,87935,2,56,55,675,5,77,60,752,0,0,33736,34685.71,623553,622801,0
2021-01-22,24744,559553,4386,92321,1,57,31,706,7,84,38,790,0,0,29169,34138.14,652722,651932,0
2021-01-23,15740,575293,3225,95546,0,57,11,717,2,86,13,803,0,0,18978,32179,671700,670897,0
2021-01-24,7174,582467,3458,99004,0,57,19,736,1,87,20,823,0,0,10652,30072.71,682352,681529,0
2021-01-25,13400,595867,11828,110832,0,57,68,804,13,100,81,904,0,0,25309,29465.71,707661,706757,0
2021-01-26,16751,612618,10762,121594,0,57,70,874,3,103,74,978,0,0,27587,27121.71,735248,734271,0
2021-01-27,20829,633447,12357,133951,0,57,53,927,9,112,62,1040,0,0,33250,25525.86,768498,767459,0
2021-01-28,30749,664196,12858,146809,0,57,82,1009,16,128,98,1138,0,0,43708,26950.43,812206,811069,0
2021-01-29,31678,695874,11511,158320,0,57,84,1093,11,139,95,1233,0,0,43284,28966.86,855490,854258,0
2021-01-30,18705,714579,3744,162064,0,57,22,1115,2,141,25,1258,0,0,22474,29466.29,877964,876708,0
2021-01-31,13007,727586,2928,164992,1,58,29,1144,5,146,34,1292,0,0,15970,30226,893934,892644,0
2021-02-01,1180,728766,5401,170393,4,62,36,1180,4,150,40,1332,0,0,6625,27556.86,900559,899229,0
2021-02-02,2821,731587,9445,179838,2,64,51,1231,3,153,54,1386,0,0,12322,25376.14,912881,911497,0
2021-02-03,16342,747929,21237,201075,4,68,214,1445,21,174,235,1621,0,0,37818,26028.71,950699,949080,0
2021-02-04,27037,774966,19647,220722,3,71,210,1655,10,184,220,1841,0,0,46907,26485.71,997606,995767,0
2021-02-05,27577,802543,20032,240754,0,71,191,1846,15,199,207,2048,0,0,47816,27133.14,1045422,1043377,0
2021-02-06,22977,825520,11250,252004,0,71,116,1962,12,211,128,2176,0,0,34355,28830.43,1079777,1077604,0
2021-02-07,12029,837549,8286,260290,1,72,97,2059,13,224,111,2287,0,0,20427,29467.14,1100204,1097921,0
2021-02-08,16944,854493,23521,283811,2,74,239,2298,35,259,275,2562,0,0,40742,34341,1140946,1138389,0
2021-02-09,17298,871791,28090,311901,2,76,354,2652,42,301,399,2961,0,0,45789,39122,1186735,1183782,0
2021-02-10,19584,891375,29304,341205,2,78,269,2921,52,353,324,3285,0,0,49215,40750.14,1235950,1232676,0
2021-02-11,27830,919205,33462,374667,2,80,350,3271,58,411,408,3693,0,0,61704,42864,1297654,1293972,0
2021-02-12,38351,957556,30814,405481,3,83,361,3632,41,452,403,4096,0,0,69571,45971.86,1367225,1363141,0
2021-02-13,27985,985541,25313,430794,2,85,315,3947,57,509,373,4469,0,0,53674,48731.71,1420899,1416443,0
2021-02-14,16261,1001802,23722,454516,0,85,278,4225,34,543,312,4781,0,0,40295,51570,1461194,1456426,0
2021-02-15,12792,1014594,10525,465041,2,87,178,4403,24,567,203,4984,0,0,23522,49110,1484716,1479746,0
2021-02-16,14233,1028827,26709,491750,0,87,341,4744,41,608,383,5367,0,0,41325,48472.29,1526041,1520689,0
2021-02-17,16381,1045208,22195,513945,1,88,288,5032,40,648,328,5695,0,0,38905,46999.43,1564946,1559266,0
2021-02-18,12138,1057346,24983,538928,21,109,303,5335,45,693,348,6043,0,0,37490,43540.29,1602436,1596408,0
2021-02-19,13245,1070591,23929,562857,38,147,314,5649,47,740,361,6404,0,0,37573,38969.14,1640009,1633620,0
2021-02-20,11347,1081938,26070,588927,6,153,335,5984,77,817,414,6818,0,0,37838,36706.86,1677847,1671046,0
2021-02-21,6357,1088295,17409,606336,15,168,295,6279,46,863,342,7160,0,0,24123,34396.57,1701970,1694828,0
2021-02-22,13041,1101336,11837,618173,2,170,134,6413,20,883,154,7314,0,0,25034,34612.57,1727004,1719708,0
2021-02-23,25242,1126578,14136,632309,1,171,166,6579,35,918,202,7516,0,0,39582,34363.57,1766586,1759089,0
2021-02-24,36340,1162918,20397,652706,0,171,230,6809,42,960,273,7789,0,0,57010,36950,1823596,1815827,0
2021-02-25,54576,1217494,30401,683107,6,177,409,7218,65,1025,475,8264,0,0,85458,43802.57,1909054,1900811,0
2021-02-26,62827,1280321,31876,714983,4,181,419,7637,79,1104,501,8765,0,0,95208,52036.14,2004262,1995521,0
2021-02-27,51267,1331588,22745,737728,47,228,355,7992,53,1157,409,9174,0,0,74468,57269,2078730,2069581,0
2021-02-28,44558,1376146,13845,751573,7,235,206,8198,37,1194,243,9417,0,0,58653,62201.86,2137383,2127991,0
2021-03-01,39305,1415451,12784,764357,10,245,170,8368,24,1218,194,9611,0,0,52293,66096,2189676,2180090,0
2021-03-02,47074,1462525,12581,776938,7,252,158,8526,14,1232,172,9783,0,0,59834,68989.14,2249510,2239752,0
2021-03-03,48591,1511116,16153,793091,17,269,154,8680,21,1253,175,9958,0,0,64936,70121.43,2314446,2304513,0
2021-03-04,59801,1570917,22816,815907,1092,1361,276,8956,36,1289,313,10271,0,0,84022,69916.29,2398468,2388223,0
2021-03-05,60953,1631870,24285,840192,3107,4468,338,9294,37,1326,377,10648,0,0,88722,68989.71,2487190,2476570,0
2021-03-06,47153,1679023,18882,859074,5451,9919,244,9538,41,1367,285,10933,0,0,71771,68604.43,2558961,2548056,0
2021-03-07,36026,1715049,14879,873953,6244,16163,239,9777,21,1388,262,11195,0,0,57411,68427,2616372,2605207,0
2021-03-08,39608,1754657,14685,888638,8558,24721,319,10096,92,1480,416,11611,0,0,63267,69994.71,2679639,2668063,0
2021-03-09,39082,1793739,12859,901497,7759,32480,185,10281,35,1515,221,11832,0,0,59921,70007.14,2739560,2727764,0
2021-03-10,51814,1845553,15362,916859,5064,37544,228,10509,35,1550,265,12097,0,0,72505,71088.43,2812065,2800006,0
2021-03-11,59961,1905514,21825,938684,4619,42163,258,10767,48,1598,308,12405,0,0,86713,71472.86,2898778,2886413,0
2021-03-12,52179,1957693,30301,968985,4181,46344,391,11158,86,1684,477,12882,0,0,87138,71246.57,2985916,2973074,0
2021-03-13,40636,1998329,26684,995669,5110,51454,334,11492,54,1738,388,13270,0,0,72819,71396.29,3058735,3045505,0
2021-03-14,30699,2029028,15972,1011641,4523,55977,250,11742,28,1766,280,13550,0,0,51475,70548.29,3110210,3096702,0
2021-03-15,33696,2062724,17260,1028901,4707,60684,241,11983,33,1799,274,13824,0,0,55937,69501.14,3166147,3152365,0
2021-03-16,38659,2101383,20515,1049416,4925,65609,265,12248,36,1835,302,14126,0,0,64401,70141.14,3230548,3216465,0
2021-03-17,42602,2143985,24788,1074204,4243,69852,352,12600,41,1876,394,14520,0,0,72027,70072.86,3302575,3288099,0
2021-03-18,50415,2194400,26806,1101010,5228,75080,386,12986,63,1939,449,14969,0,0,82898,69527.86,3385473,3370548,0
2021-03-19,47765,2242165,29969,1130979,5624,80704,403,13389,73,2012,476,15445,0,0,83835,69056,3469308,3453907,0
2021-03-20,38696,2280861,25833,1156812,4683,85387,305,13694,60,2072,366,15811,0,0,69578,68593,3538886,3523120,0
2021-03-21,29285,2310146,19357,1176169,769,86156,231,13925,44,2116,275,16086,0,0,49686,68337.43,3588572,3572531,0
2021-03-22,33851,2343997,26746,1202915,4037,90193,266,14191,40,2156,307,16393,0,0,64942,69623.86,3653514,3637167,0
2021-03-23,38416,2382413,32850,1235765,4215,94408,302,14493,53,2209,359,16752,0,0,75840,71258,3729354,3712652,0
2021-03-24,41473,2423886,37616,1273381,4843,99251,337,14830,64,2273,404,17156,0,0,84336,73016.43,3813690,3796587,0
2021-03-25,43390,2467276,50782,1324163,5050,104301,491,15321,88,2361,583,17739,0,0,99805,75431.71,3913495,3895813,0
2021-03-26,38487,2505763,55496,1379659,4307,108608,545,15866,103,2464,652,18391,0,0,98942,77589.86,4012437,3994107,0
2021-03-27,35726,2541489,45741,1425400,2938,111546,433,16299,85,2549,519,18910,0,0,84924,79782.14,4097361,4078513,0
2021-03-28,26374,2567863,34453,1459853,1482,113028,344,16643,66,2615,414,19324,0,0,62723,81644.57,4160084,4140826,0
2021-03-29,34806,2602669,38857,1498710,3245,116273,360,17003,114,2729,475,19799,0,0,77383,83421.86,4237467,4217735,0
2021-03-30,40489,2643158,41921,1540631,3712,119985,350,17353,67,2796,418,20217,0,0,86540,84950.43,4324007,4303858,0
2021-03-31,49368,2692526,44877,1585508,7438,127423,419,17772,85,2881,504,20721,0,0,102187,87500.57,4426194,4405541,0
2021-04-01,50764,2743290,53950,1639458,11272,138695,507,18279,85,2966,596,21317,0,0,116582,89897.29,4542776,4521531,0
2021-04-02,43750,2787040,53875,1693333,11967,150662,557,18836,71,3037,633,21950,0,0,110225,91509.14,4653001,4631128,0
2021-04-03,39234,2826274,39214,1732547,9860,160522,343,19179,61,3098,405,22355,0,0,88713,92050.43,4741714,4719437,0
2021-04-04,26549,2852823,24781,1757328,3903,164425,229,19408,50,3148,279,22634,0,0,55512,91020.29,4797226,4774670,0
2021-04-05,41863,2894686,34480,1791808,11195,175620,390,19798,60,3208,451,23085,0,0,87989,92535.43,4885215,4862209,0
2021-04-06,53243,2947929,35615,1827423,13215,188835,445,20243,79,3287,525,23610,0,0,102598,94829.43,4987813,4964283,0
2021-04-07,55478,3003407,40709,1868132,14385,203220,413,20656,82,3369,497,24107,0,0,111069,96098.29,5098882,5074857,0
2021-04-08,59235,3062642,46587,1914719,16337,219557,535,21191,88,3457,624,24731,0,0,122783,96984.14,5221665,5197017,0
2021-04-09,56626,3119268,44953,1959672,17556,237113,538,21729,80,3537,623,25354,0,0,119758,98346,5341423,5316157,0
2021-04-10,49331,3168599,35644,1995316,12718,249831,400,22129,63,3600,467,25821,0,0,98160,99695.57,5439583,5413854,0
2021-04-11,38160,3206759,28828,2024144,7679,257510,296,22425,62,3662,359,26180,0,0,75026,102483.29,5514609,5488522,0
2021-04-12,46623,3253382,31839,2055983,13497,271007,474,22899,69,3731,543,26723,0,0,92502,103128,5607111,5580481,0
2021-04-13,52526,3305908,33796,2089779,369,271376,402,23301,64,3795,467,27190,0,0,87158,100922.29,5694269,5667173,0
2021-04-14,50117,3356025,39957,2129736,20,271396,372,23673,79,3874,452,27642,0,0,90546,97990.43,5784815,5757268,0
2021-04-15,52097,3408122,43689,2173425,16,271412,460,24133,107,3981,572,28214,0,0,96375,94217.86,5881190,5853076,0
2021-04-16,51178,3459300,42201,2215626,32,271444,444,24577,72,4053,519,28733,0,0,93930,90528.14,5975120,5946490,0
2021-04-17,43825,3503125,35693,2251319,3,271447,372,24949,84,4137,458,29191,0,0,79979,87930.86,6055099,6026013,0
2021-04-18,28595,3531720,29362,2280681,7,271454,265,25214,66,4203,332,29523,0,0,58296,85540.86,6113395,6083978,0
2021-04-19,37447,3569167,36452,2317133,22,271476,337,25551,68,4271,407,29930,0,0,74328,82944.57,6187723,6157901,0
2021-04-20,40801,3609968,39626,2356759,19,271495,318,25869,82,4353,401,30331,0,0,80847,82043,6268570,6238348,0
2021-04-21,38877,3648845,46024,2402783,17,271512,508,26377,97,4450,606,30937,0,0,85524,81325.57,6354094,6323267,0
2021-04-22,38480,3687325,48964,2451747,9,271521,349,26726,77,4527,428,31365,0,0,87882,80112.29,6441976,6410723,0
2021-04-23,39683,3727008,44388,2496135,3,271524,357,27083,75,4602,434,31799,0,0,84508,78766.29,6526484,6494799,0
2021-04-24,31926,3758934,41605,2537740,44,271568,287,27370,62,4664,349,32148,0,0,73924,77901.29,6600408,6568374,0
2021-04-25,18413,3777347,31218,2568958,87,271655,204,27574,61,4725,265,32413,0,0,49983,76713.71,6650391,6618092,0
2021-04-26,26957,3804304,40722,2609680,1012,272667,303,27877,93,4818,401,32814,0,0,69092,75965.71,6719483,6686788,0
2021-04-27,28556,3832860,47131,2656811,1698,274365,372,28249,96,4914,473,33287,0,0,77858,75538.71,6797341,6764178,0
2021-04-28,27011,3859871,56843,2713654,2145,276510,448,28697,103,5017,554,33841,0,0,86554,75685.86,6883895,6850181,0
2021-04-29,28587,3888458,57203,2770857,2149,278659,377,29074,101,5118,480,34321,0,0,88419,75762.57,6972314,6938122,0
2021-04-30,30104,3918562,51991,2822848,2059,280718,293,29367,75,5193,369,34690,0,0,84524,75764.86,7056838,7022278,0
2021-05-01,22473,3941035,44538,2867386,1177,281895,237,29604,65,5258,304,34994,0,0,68492,74988.86,7125330,7090468,0
2021-05-02,11916,3952951,36641,2904027,1081,282976,155,29759,55,5313,212,35206,0,0,49850,74969.86,7175180,7140108,0
2021-05-03,18008,3970959,53026,2957053,2381,285357,265,30024,93,5406,360,35566,0,0,73777,75639.14,7248957,7213527,0
2021-05-04,22729,3993688,56646,3013699,2331,287688,272,30296,116,5522,389,35955,0,0,82095,76244.43,7331052,7295234,0
2021-05-05,21476,4015164,48752,3062451,2313,290001,318,30614,104,5626,423,36378,0,0,72965,74303.14,7404017,7367777,0
2021-05-06,20668,4035832,50178,3112629,2507,292508,281,30895,90,5716,375,36753,0,0,73728,72204.43,7477745,7441134,0
2021-05-07,21234,4057066,52103,3164732,2811,295319,320,31215,79,5795,400,37153,0,0,76548,71065,7554293,7517283,0
2021-05-08,16620,4073686,41865,3206597,1835,297154,237,31452,72,5867,309,37462,0,0,60629,69941.71,7614922,7577603,0
2021-05-09,7968,4081654,29405,3236002,1260,298414,155,31607,56,5923,211,37673,0,0,38844,68369.43,7653766,7616236,0
2021-05-10,14375,4096029,38524,3274526,2356,300770,250,31857,93,6016,347,38020,0,0,55602,65773,7709368,7671495,0
2021-05-11,19896,4115925,43065,3317591,2513,303283,289,32146,88,6104,382,38402,0,0,65856,63453.14,7775224,7736974,0
2021-05-12,17812,4133737,40538,3358129,3595,306878,240,32386,80,6184,320,38722,0,0,62265,61924.57,7837489,7798919,0
2021-05-13,24959,4158696,40422,3398551,3229,310107,271,32657,80,6264,353,39075,0,0,68963,61243.86,7906452,7867531,0
2021-05-14,27005,4185701,42944,3441495,3536,313643,275,32932,95,6359,372,39447,0,0,73857,60859.43,7980309,7941018,0
2021-05-15,23635,4209336,34921,3476416,3364,317007,261,33193,75,6434,337,39784,0,0,62257,61092,8042566,8002939,0
2021-05-16,15519,4224855,19455,3495871,2496,319503,123,33316,47,6481,171,39955,0,0,37641,60920.14,8080207,8040410,0
2021-05-17,22666,4247521,29139,3525010,3253,322756,188,33504,70,6551,258,40213,0,0,55316,60879.29,8135523,8095468,0
2021-05-18,24617,4272138,31909,3556919,3402,326158,244,33748,81,6632,325,40538,0,0,60253,60078.86,8195776,8155396,0
2021-05-19,24176,4296314,29726,3586645,3041,329199,232,33980,48,6680,282,40820,0,0,57225,59358.86,8253001,8212341,0
2021-05-20,24136,4320450,30105,3616750,3163,332362,272,34252,88,6768,365,41185,0,0,57769,57759.71,8310770,8269750,0
2021-05-21,24667,4345117,32004,3648754,3057,335419,251,34503,61,6829,315,41500,0,0,60043,55786.29,8370813,8329481,0
2021-05-22,20014,4365131,24371,3673125,2523,337942,167,34670,49,6878,217,41717,0,0,47125,53624.57,8417938,8376390,0
2021-05-23,11226,4376357,13734,3686859,1411,339353,94,34764,32,6910,128,41845,0,0,26499,52032.86,8444437,8402763,0
2021-05-24,18860,4395217,23164,3710023,2757,342110,220,34984,55,6965,278,42123,0,0,45059,50567.57,8489496,8447547,0
2021-05-25,19423,4414640,23384,3733407,2602,344712,175,35159,59,7024,234,42357,0,0,45643,48480.43,8535139,8492956,0
2021-05-26,18776,4433416,21088,3754495,2698,347410,205,35364,49,7073,256,42613,0,0,42818,46422.29,8577957,8535520,0
2021-05-27,18455,4451871,21283,3775778,2531,349941,183,35547,60,7133,244,42857,0,0,42513,44242.86,8620470,8577790,0
2021-05-28,17854,4469725,22880,3798658,2751,352692,190,35737,59,7192,250,43107,0,0,43735,41913.14,8664205,8621276,0
2021-05-29,12703,4482428,17813,3816471,1754,354446,107,35844,40,7232,148,43255,0,0,32418,39812.14,8696623,8653547,0
2021-05-30,7024,4489452,8950,3825421,1074,355520,49,35893,17,7249,66,43321,0,0,17114,38471.43,8713737,8670595,0
2021-05-31,4740,4494192,6922,3832343,1011,356531,65,35958,18,7267,83,43404,0,0,12756,33856.71,8726493,8683268,0
2021-06-01,16047,4510239,25190,3857533,2177,358708,158,36116,42,7309,204,43608,0,0,43618,33567.43,8770111,8726686,0
2021-06-02,15351,4525590,20400,3877933,2095,360803,141,36257,47,7356,188,43796,0,0,38034,32884,8808145,8764532,0
2021-06-03,14996,4540586,23825,3901758,2280,363083,131,36388,45,7401,178,43974,0,0,41279,32707.71,8849424,8805635,0
2021-06-04,14708,4555294,26003,3927761,2492,365575,151,36539,42,7443,194,44168,0,0,43397,32659.43,8892821,8848839,0
2021-06-05,10981,4566275,22102,3949863,1806,367381,115,36654,29,7472,145,44313,0,0,35034,33033.14,8927855,8883729,0
2021-06-06,6444,4572719,14486,3964349,1222,368603,88,36742,13,7485,102,44415,0,0,22254,33767.43,8950109,8905882,0
2021-06-07,11695,4584414,21791,3986140,2378,370981,142,36884,37,7522,182,44597,0,0,36046,37094.57,8986155,8941749,0
2021-06-08,12624,4597038,24022,4010162,2071,373052,126,37010,47,7569,174,44771,0,0,38891,36419.29,9025046,8980467,0
2021-06-09,11127,4608165,23027,4033189,2300,375352,139,37149,43,7612,184,44955,0,0,36638,36219.86,9061684,9016923,0
2021-06-10,12055,4620220,22239,4055428,2462,377814,142,37291,61,7673,203,45158,0,0,36959,35602.71,9098643,9053679,0
2021-06-11,12698,4632918,25124,4080552,2483,380297,159,37450,62,7735,222,45380,0,0,40527,35192.71,9139170,9093985,0
2021-06-12,10159,4643077,19318,4099870,1888,382185,96,37546,43,7778,141,45521,0,0,31506,34688.71,9170676,9125352,0
2021-06-13,4253,4647330,10936,4110806,1219,383404,42,37588,21,7799,63,45584,0,0,16471,33862.57,9187147,9141760,0
2021-06-14,10204,4657534,19237,4130043,2042,385446,131,37719,53,7852,184,45768,0,0,31667,33237,9218814,9173243,0
2021-06-15,11881,4669415,21019,4151062,1942,387388,131,37850,41,7893,173,45941,0,0,35015,32683.29,9253829,9208086,0
2021-06-16,11581,4680996,19403,4170465,1956,389344,149,37999,75,7968,224,46165,0,0,33164,32187,9286993,9241026,0
2021-06-17,11020,4692016,18760,4189225,1973,391317,127,38126,35,8003,164,46329,0,0,31917,31466.71,9318910,9272781,0
2021-06-18,12166,4704182,18495,4207720,2115,393432,119,38245,37,8040,157,46486,0,0,32933,30381.86,9351843,9305558,0
2021-06-19,8492,4712674,13516,4221236,1459,394891,89,38334,21,8061,110,46596,0,0,23577,29249.14,9375420,9329025,0
2021-06-20,4334,4717008,7159,4228395,924,395815,37,38371,16,8077,53,46649,0,0,12470,28677.57,9387890,9341442,0
2021-06-21,10153,4727161,10012,4238407,1806,397621,72,38443,28,8105,101,46750,0,0,22072,27306.86,9409962,9363414,0
2021-06-22,9829,4736990,15647,4254054,1588,399209,105,38548,30,8135,135,46885,0,0,27199,26190.29,9437161,9390478,0
2021-06-23,10306,4747296,15191,4269245,1863,401072,102,38650,31,8166,134,47019,0,0,27494,25380.29,9464655,9417839,0
2021-06-24,9682,4756978,14702,4283947,1798,402870,122,38772,26,8192,150,47169,0,0,26332,24582.43,9490987,9444023,0
2021-06-25,10584,4767562,14387,4298334,1721,404591,116,38888,38,8230,154,47323,0,0,26846,23712.86,9517833,9470715,0
2021-06-26,7797,4775359,10465,4308799,1249,405840,78,38966,23,8253,102,47425,0,0,19613,23146.57,9537446,9490227,0
2021-06-27,4998,4780357,6002,4314801,795,406635,34,39000,14,8267,49,47474,0,0,11844,23057.14,9549290,9502023,0
2021-06-28,9031,4789388,10346,4325147,1526,408161,109,39109,27,8294,137,47611,0,0,21040,22909.71,9570330,9522927,0
2021-06-29,9730,4799118,12332,4337479,1347,409508,126,39235,32,8326,160,47771,0,0,23569,22391.14,9593899,9546338,0
2021-06-30,9426,4808544,10933,4348412,1486,410994,150,39385,18,8344,171,47942,0,0,22016,21608.57,9615915,9568186,0
2021-07-01,9394,4817938,10922,4359334,1434,412428,134,39519,26,8370,162,48104,0,0,21912,20977.14,9637827,9589938,0
2021-07-02,9687,4827625,11458,4370792,1541,413969,119,39638,21,8391,140,48244,0,0,22827,20403,9660654,9612625,0
2021-07-03,7054,4834679,8422,4379214,1192,415161,79,39717,17,8408,96,48340,0,0,16764,19996,9677418,9629293,0
2021-07-04,1288,4835967,1334,4380548,567,415728,10,39727,3,8411,13,48353,0,0,3202,18761.43,9680620,9632482,0
2021-07-05,6492,4842459,7108,4387656,1207,416935,67,39794,22,8433,89,48442,0,0,14896,17883.71,9695516,9647289,0
2021-07-06,9507,4851966,12853,4400509,1315,418250,118,39912,38,8471,157,48599,0,0,23832,17921.29,9719348,9670965,0
2021-07-07,8661,4860627,11111,4411620,1418,419668,128,40040,20,8491,148,48747,0,0,21338,17824.43,9740686,9692155,0
2021-07-08,8218,4868845,10195,4421815,1258,420926,108,40148,22,8513,132,48879,0,0,19803,17523.14,9760489,9711828,0
2021-07-09,8371,4877216,10833,4432648,1280,422206,90,40238,20,8533,110,48989,0,0,20594,17204.14,9781083,9732312,0
2021-07-10,7099,4884315,8635,4441283,1131,423337,66,40304,20,8553,87,49076,0,0,16952,17231,9798035,9749178,0
2021-07-11,4103,4888418,4540,4445823,701,424038,37,40341,6,8559,43,49119,0,0,9387,18114.57,9807422,9758522,0
2021-07-12,8444,4896862,9561,4455384,1251,425289,84,40425,23,8582,107,49226,0,0,19363,18752.71,9826785,9777778,0
2021-07-13,9459,4906321,9392,4464776,952,426241,109,40534,35,8617,146,49372,0,0,19949,18198,9846734,9797583,0
2021-07-14,8994,4915315,9534,4474310,1010,427251,107,40641,23,8640,134,49506,0,0,19672,17960,9866406,9817125,0
2021-07-15,8793,4924108,9156,4483466,1052,428303,83,40724,20,8660,104,49610,0,0,19105,17860.29,9885511,9836127,0
2021-07-16,9247,4933355,9763,4493229,981,429284,102,40826,29,8689,131,49741,0,0,20122,17792.86,9905633,9856118,0
2021-07-17,6839,4940194,7386,4500615,803,430087,80,40906,20,8709,100,49841,0,0,15128,17532.29,9920761,9871146,0
2021-07-18,4253,4944447,4285,4504900,575,430662,36,40942,14,8723,50,49891,0,0,9163,17500.29,9929924,9880259,0
2021-07-19,9120,4953567,8484,4513384,999,431661,91,41033,22,8745,114,50005,0,0,18717,17408,9948641,9898863,0
2021-07-20,10641,4964208,8761,4522145,991,432652,96,41129,25,8770,122,50127,0,0,20515,17488.86,9969156,9919257,0
2021-07-21,10054,4974262,8771,4530916,904,433556,149,41278,33,8803,182,50309,0,0,19911,17523,9989067,9938986,0
2021-07-22,10686,4984948,8584,4539500,1046,434602,146,41424,27,8830,174,50483,0,0,20490,17720.86,10009557,9959303,0
2021-07-23,11247,4996195,8887,4548387,1114,435716,138,41562,23,8853,163,50646,0,0,21411,17905,10030968,9980553,0
2021-07-24,7399,5003594,6739,4555126,670,436386,82,41644,26,8879,109,50755,0,0,14917,17874.86,10045885,9995362,0
2021-07-25,5473,5009067,2129,4557255,509,436895,58,41702,4,8883,62,50817,0,0,8173,17733.43,10054058,10003473,0
2021-07-26,10866,5019933,7009,4564264,857,437752,111,41813,20,8903,131,50948,0,0,18863,17754.29,10072921,10022205,0
2021-07-27,12065,5031998,8572,4572836,857,438609,136,41949,41,8944,178,51126,0,0,21672,17919.57,10094593,10043700,0
2021-07-28,12011,5044009,8052,4580888,950,439559,136,42085,29,8973,166,51292,0,0,21179,18100.71,10115772,10064714,0
2021-07-29,10929,5054938,7432,4588320,983,440542,136,42221,40,9013,180,51472,0,0,19524,17962.71,10135296,10084062,0
2021-07-30,14948,5069886,8017,4596337,1151,441693,186,42407,31,9044,219,51691,0,0,24335,18380.43,10159631,10108180,0
2021-07-31,9720,5079606,6320,4602657,815,442508,123,42530,20,9064,144,51835,0,0,16999,18677.86,10176630,10125036,0
2021-08-01,6498,5086104,3313,4605970,564,443072,81,42611,21,9085,102,51937,0,0,10477,19007,10187107,10135411,0
2021-08-02,13447,5099551,7154,4613124,846,443918,150,42761,19,9104,169,52106,0,0,21616,19400.29,10208723,10156858,0
2021-08-03,15405,5114956,8392,4621516,1109,445027,144,42905,39,9143,184,52290,0,0,25090,19888.57,10233813,10181765,0
2021-08-04,17259,5132215,8130,4629646,1454,446481,183,43088,36,9179,219,52509,0,0,27062,20729,10260875,10208608,0
2021-08-05,17884,5150099,7934,4637580,1371,447852,159,43247,21,9200,180,52689,0,0,27369,21849.71,10288244,10235797,0
2021-08-06,18174,5168273,8419,4645999,1231,449083,170,43417,32,9232,202,52891,0,0,28026,22377,10316270,10263621,0
2021-08-07,13379,5181652,6019,4652018,799,449882,102,43519,29,9261,131,53022,0,0,20328,22852.57,10336598,10283818,0
2021-08-08,9309,5190961,3834,4655852,400,450282,84,43603,10,9271,94,53116,0,0,13637,23304,10350235,10297361,0
2021-08-09,21337,5212298,8527,4664379,965,451247,175,43778,35,9306,211,53327,0,0,31040,24650.29,10381275,10328191,0
2021-08-10,18945,5231243,9333,4673712,946,452193,180,43958,33,9339,214,53541,0,0,29438,25271.43,10410713,10357416,0
2021-08-11,15643,5246886,8313,4682025,853,453046,131,44089,45,9384,177,53718,0,0,24986,24974.86,10435699,10382226,0
2021-08-12,15052,5261938,8989,4691014,942,453988,178,44267,35,9419,215,53933,0,0,25198,24664.71,10460897,10407211,0
2021-08-13,14917,5276855,9292,4700306,919,454907,246,44513,38,9457,285,54218,0,0,25414,24291.57,10486311,10432341,0
2021-08-14,10393,5287248,6412,4706718,625,455532,535,45048,41,9498,579,54797,0,0,18009,23960.29,10504320,10449774,0
2021-08-15,6688,5293936,4485,4711203,676,456208,567,45615,33,9531,604,55401,0,0,12453,23791.14,10516773,10461627,0
2021-08-16,15705,5309641,9308,4720511,1149,457357,1329,46944,66,9597,1400,56801,0,0,27562,23294.29,10544335,10487794,0
2021-08-17,17758,5327399,10460,4730971,1229,458586,1773,48717,85,9682,1873,58674,0,0,31320,23563.14,10575655,10517256,0
2021-08-18,17480,5344879,10380,4741351,1261,459847,2001,50718,92,9774,2104,60778,0,0,31225,24454.43,10606880,10546388,0
2021-08-19,16286,5361165,9530,4750881,1315,461162,1960,52678,67,9841,2040,62818,0,0,29171,25022,10636051,10573532,0
2021-08-20,16265,5377430,11541,4762422,1252,462414,1869,54547,86,9927,1969,64787,0,0,31027,25823.86,10667078,10602604,0
2021-08-21,11142,5388572,8041,4770463,878,463292,1066,55613,53,9980,1126,65913,0,0,21187,26277.86,10688265,10622672,0
2021-08-22,4077,5392649,3903,4774366,261,463553,519,56132,33,10013,556,66469,0,0,8797,25755.57,10697062,10630917,0
2021-08-23,15573,5408222,11811,4786177,1022,464575,1551,57683,77,10090,1641,68110,0,0,30048,26110.71,10727110,10659337,0
2021-08-24,16912,5425134,12597,4798774,1007,465582,1777,59460,81,10171,1866,69976,0,0,32382,26262.43,10759492,10689861,0
2021-08-25,14566,5439700,12455,4811229,1112,466694,1569,61029,81,10252,1665,71641,0,0,29798,26058.57,10789290,10718009,0
2021-08-26,16146,5455846,14101,4825330,1071,467765,1780,62809,69,10321,1861,73502,0,0,33179,26631.14,10822469,10749339,0
2021-08-27,14873,5470719,14827,4840157,971,468736,1676,64485,75,10396,1759,75261,0,0,32430,26831.57,10854899,10780018,0
2021-08-28,10674,5481393,11524,4851681,835,469571,1020,65505,46,10442,1067,76328,0,0,24100,27247.71,10878999,10803052,0
2021-08-29,7209,5488602,7499,4859180,541,470112,781,66286,59,10501,849,77177,0,0,16098,28290.71,10895097,10818310,0
2021-08-30,15514,5504116,16925,4876105,1076,471188,1797,68083,94,10595,1899,79076,0,0,35414,29057.29,10930511,10851833,0
2021-08-31,15502,5519618,15961,4892066,951,472139,1982,70065,90,10685,2082,81158,0,0,34496,29359.29,10965007,10884257,0
2021-09-01,14826,5534444,14111,4906177,1020,473159,1814,71879,62,10747,1886,83044,0,0,31843,29651.43,10996850,10914224,0
2021-09-02,14312,5548756,12526,4918703,896,474055,1715,73594,64,10811,1795,84839,0,0,29529,29130,11026379,10941974,0
2021-09-03,14997,5563753,14316,4933019,974,475029,1901,75495,72,10883,1979,86818,0,0,32266,29106.57,11058645,10972267,0
2021-09-04,9644,5573397,9405,4942424,688,475717,978,76473,34,10917,1017,87835,0,0,20754,28628.57,11079399,10992009,0
2021-09-05,6794,5580191,5511,4947935,438,476155,719,77192,18,10935,738,88573,0,0,13481,28254.71,11092880,11004753,0
2021-09-06,5194,5585385,4511,4952446,358,476513,274,77466,11,10946,287,88860,0,0,10350,24674.14,11103230,11014818,0
2021-09-07,15565,5600950,17702,4970148,912,477425,1562,79028,92,11038,1662,90522,0,0,35841,24866.29,11139071,11049005,0
2021-09-08,16151,5617101,14830,4984978,1070,478495,1782,80810,83,11121,1877,92399,0,0,33928,25164.14,11172999,11081068,0
2021-09-09,16093,5633194,14758,4999736,1047,479542,1923,82733,76,11197,2010,94409,0,0,33908,25789.71,11206907,11112977,0
2021-09-10,18353,5651547,15402,5015138,1207,480749,1980,84713,83,11280,2070,96479,0,0,37032,26470.57,11243939,11147946,0
2021-09-11,12631,5664178,10351,5025489,958,481707,1031,85744,49,11329,1086,97565,0,0,25026,27080.86,11268965,11171892,0
2021-09-12,8533,5672711,5053,5030542,765,482472,694,86438,31,11360,726,98291,0,0,15077,27308.86,11284042,11186244,0
2021-09-13,16920,5689631,12966,5043508,976,483448,1662,88100,52,11412,1724,100015,0,0,32586,30485.43,11316628,11217116,0
2021-09-14,16261,5705892,13678,5057186,886,484334,1602,89702,57,11469,1671,101686,0,0,32496,30007.57,11349124,11247953,0
2021-09-15,15515,5721407,12893,5070079,727,485061,1577,91279,82,11551,1668,103354,0,0,30803,29561.14,11379927,11277097,0
2021-09-16,15332,5736739,13916,5083995,1210,486271,1470,92749,69,11620,1545,104899,0,0,32003,29289,11411930,11307561,0
2021-09-17,14428,5751167,13955,5097950,922,487193,1844,94593,58,11678,1904,106803,0,0,31209,28457.14,11443139,11336868,0
2021-09-18,9990,5761157,10187,5108137,913,488106,1052,95645,42,11720,1098,107901,0,0,22188,28051.71,11465327,11357962,0
2021-09-19,6170,5767327,6077,5114214,558,488664,748,96393,28,11748,781,108682,0,0,13586,27838.71,11478913,11370772,0
2021-09-20,12664,5779991,12632,5126846,1068,489732,1926,98319,62,11810,1997,110679,0,0,28361,27235.14,11507274,11397145,0
2021-09-21,12216,5792207,12774,5139620,1108,490840,2037,100356,79,11889,2131,112810,0,0,28229,26625.57,11535503,11423258,0
2021-09-22,12818,5805025,12007,5151627,1090,491930,1691,102047,69,11958,1766,114576,0,0,27681,26179.57,11563184,11449179,0
2021-09-23,14919,5819944,12767,5164394,1639,493569,2274,104321,76,12034,2357,116933,0,0,31682,26133.71,11594866,11478511,0
2021-09-24,16493,5836437,13366,5177760,1636,495205,4628,108949,126,12160,4773,121706,0,0,36268,26856.43,11631134,11510025,0
2021-09-25,10522,5846959,9030,5186790,1017,496222,3465,112414,80,12240,3562,125268,0,0,24131,27134,11655265,11530611,0
2021-09-26,6288,5853247,5768,5192558,773,496995,2425,114839,61,12301,2497,127765,0,0,15326,27382.57,11670591,11543451,0
2021-09-27,14131,5867378,8064,5200622,1155,498150,9086,123925,162,12463,9298,137063,0,0,32649,27995.14,11703240,11566852,0
2021-09-28,11107,5878485,11788,5212410,901,499051,9936,133861,182,12645,10157,147220,0,0,33953,28812.86,11737193,11590687,0
2021-09-29,11595,5890080,12196,5224606,1205,500256,9459,143320,174,12819,9667,156887,0,0,34664,29810.43,11771857,11615718,0
2021-09-30,12212,5902292,12610,5237216,1338,501594,9768,153088,180,12999,9983,166870,0,0,36143,30447.71,11808000,11641913,0
2021-10-01,12619,5914911,13430,5250646,1284,502878,10291,163379,154,13153,10481,177351,0,0,37814,30668.57,11845814,11669282,0
2021-10-02,7720,5922631,9980,5260626,865,503743,4246,167625,82,13235,4352,181703,0,0,22917,30495.14,11868731,11687871,0
2021-10-03,5056,5927687,6160,5266786,593,504336,2623,170248,59,13294,2692,184395,1,1,14502,30377.43,11883233,11699690,0
2021-10-04,9900,5937587,11019,5277805,914,505250,9538,179786,148,13442,9724,194119,0,1,31557,30221.43,11914790,11721561,0
2021-10-05,10133,5947720,11734,5289539,972,506222,9964,189750,180,13622,10186,204305,1,2,33026,30089,11947816,11744442,0
2021-10-06,9870,5957590,11053,5300592,937,507159,9952,199702,161,13783,10148,214453,0,2,32008,29709.57,11979824,11766337,0
2021-10-07,9594,5967184,12159,5312751,850,508009,10188,209890,173,13956,10395,224848,0,2,32998,29260.29,12012822,11788974,0
2021-10-08,9428,5976612,12186,5324937,941,508950,10921,220811,165,14121,11125,235973,0,2,33680,28669.71,12046502,11811568,0
2021-10-09,6228,5982840,8240,5333177,643,509593,4131,224942,89,14210,4237,240210,0,2,19348,28159.86,12065850,11826696,0
2021-10-10,3529,5986369,5029,5338206,458,510051,2440,227382,47,14257,2495,242705,0,2,11511,27732.57,12077361,11835720,0
2021-10-11,7594,5993963,9338,5347544,728,510779,8903,236285,166,14423,9094,251799,0,2,26754,27046.43,12104115,11853405,0
2021-10-12,8050,6002013,10994,5358538,891,511670,10534,246819,187,14610,10762,262561,0,2,30697,26713.71,12134812,11873381,0
2021-10-13,7129,6009142,10148,5368686,869,512539,8815,255634,182,14792,9027,271588,0,2,27173,26023,12161985,11891557,0
2021-10-14,7404,6016546,11122,5379808,837,513376,10133,265767,164,14956,10337,281925,0,2,29700,25551.86,12191685,11910960,0
2021-10-15,7704,6024250,11858,5391666,823,514199,10862,276629,175,15131,11070,292995,0,2,31455,25234,12223140,11931378,0
2021-10-16,4853,6029103,7467,5399133,665,514864,3851,280480,67,15198,3930,296925,0,2,16915,24886.43,12240055,11944375,0
2021-10-17,3049,6032152,4472,5403605,411,515275,2459,282939,44,15242,2510,299435,0,2,10442,24733.71,12250497,11952314,0
2021-10-18,7016,6039168,10670,5414275,797,516072,9502,292441,187,15429,9723,309158,0,2,28206,24941.14,12278703,11970831,0
2021-10-19,6548,6045716,8946,5423221,803,516875,9110,301551,176,15605,9326,318484,1,3,25624,24216.43,12304327,11987168,0
2021-10-20,6517,6052233,9370,5432591,975,517850,10003,311554,180,15785,10222,328706,3,6,27086,24204,12331413,12004068,0
2021-10-21,7010,6059243,9387,5441978,858,518708,10866,322420,159,15944,11058,339764,1,7,28314,24006,12359727,12021356,0
2021-10-22,8085,6067328,10343,5452321,1026,519734,16373,338793,223,16167,16650,356414,0,7,36104,24670.14,12395831,12040864,0
2021-10-23,5150,6072478,6456,5458777,690,520424,9134,347927,120,16287,9274,365688,0,7,21570,25335.14,12417401,12053180,0
2021-10-24,3247,6075725,3966,5462743,767,521191,6179,354106,80,16367,6284,371972,1,8,14265,25881.29,12431666,12061185,0
2021-10-25,8778,6084503,8745,5471488,1152,522343,19288,373394,301,16668,19657,391629,0,8,38332,27327.86,12469998,12079928,0
2021-10-26,8153,6092656,7722,5479210,1258,523601,17319,390713,278,16946,17667,409296,0,8,34800,28638.71,12504798,12097131,0
2021-10-27,10502,6103158,8395,5487605,1605,525206,20901,411614,327,17273,21297,430593,0,8,41799,30740.57,12546597,12117702,0
2021-10-28,11261,6114419,8030,5495635,1793,526999,20903,432517,326,17599,21295,451888,0,8,42379,32749.86,12588976,12138852,0
2021-10-29,11808,6126227,8228,5503863,1968,528967,22579,455096,349,17948,23000,474888,1,9,45006,34021.57,12633982,12160929,0
2021-10-30,4600,6130827,5064,5508927,932,529899,11198,466294,168,18116,11404,486292,0,9,22000,34083,12655982,12171563,0
2021-10-31,2646,6133473,2700,5511627,544,530443,6651,472945,104,18220,6778,493070,1,10,12668,33854.86,12668650,12177475,0
2021-11-01,7075,6140548,6956,5518583,1085,531528,20432,493377,334,18554,20825,513895,1,11,35942,33513.43,12704592,12192650,0
2021-11-02,6527,6147075,6586,5525169,1055,532583,20821,514198,280,18834,21176,535071,0,11,35344,33591.14,12739936,12206893,0
2021-11-03,6792,6153867,6681,5531850,1026,533609,20679,534877,316,19150,21070,556141,0,11,35571,32701.43,12775507,12221469,0
2021-11-04,9257,6163124,6278,5538128,994,534603,22417,557294,351,19501,22851,578992,0,11,39380,32273,12814887,12238081,0
2021-11-05,11003,6174127,6719,5544847,1050,535653,23806,581100,359,19860,24247,603239,0,11,43019,31989.14,12857906,12256935,0
2021-11-06,11099,6185226,4049,5548896,594,536247,12618,593718,174,20034,12829,616068,0,11,28571,32927.86,12886477,12272714,0
2021-11-07,7228,6192454,2287,5551183,577,536824,7122,600840,97,20131,7234,623302,0,11,17326,33593.29,12903803,12282821,0
2021-11-08,15021,6207475,5679,5556862,862,537686,19540,620380,287,20418,19894,643196,1,12,41457,34381.14,12945260,12304450,0
2021-11-09,16107,6223582,5385,5562247,659,538345,20566,640946,279,20697,20925,664121,0,12,43076,35485.71,12988336,12326681,0
2021-11-10,16877,6240459,5321,5567568,682,539027,22716,663662,293,20990,23079,687200,0,12,45959,36969.71,13034295,12349631,0
2021-11-11,12502,6252961,5180,5572748,760,539787,22156,685818,291,21281,22516,709716,0,12,40958,37195.14,13075253,12368142,0
2021-11-12,16939,6269900,5686,5578434,705,540492,23479,709297,358,21639,23914,733630,1,13,47245,37798.86,13122498,12391549,0
2021-11-13,9903,6279803,3662,5582096,464,540956,13364,722661,184,21823,13591,747221,0,13,27620,37663,13150118,12405621,0
2021-11-14,5984,6285787,2284,5584380,324,541280,7955,730616,81,21904,8057,755278,0,13,16649,37566.29,13166767,12414234,0
2021-11-15,13173,6298960,5978,5590358,689,541969,25172,755788,368,22272,25621,780899,0,13,45461,38138.29,13212228,12434155,0
2021-11-16,9888,6308848,5781,5596139,653,542622,30732,786520,440,22712,31249,812148,0,13,47572,38780.57,13259800,12450555,0
2021-11-17,10219,6319067,6667,5602806,681,543303,31513,818033,425,23137,32027,844175,0,13,49594,39299.86,13309394,12468211,0
2021-11-18,10649,6329716,6527,5609333,855,544158,33105,851138,461,23598,33663,877838,0,13,51694,40833.57,13361088,12486339,0
2021-11-19,11904,6341620,6551,5615884,708,544866,36355,887493,465,24063,36911,914749,0,13,56074,42094.86,13417162,12505593,0
2021-11-20,9264,6350884,3415,5619299,512,545378,22579,910072,259,24322,22890,937639,0,13,36081,43303.57,13453243,12518836,0
2021-11-21,4899,6355783,1886,5621185,288,545666,13247,923319,155,24477,13427,951066,1,14,20501,43853.86,13473744,12525934,0
2021-11-22,10335,6366118,5781,5626966,750,546416,36023,959342,445,24922,36559,987625,0,14,53426,44991.71,13527170,12542892,0
2021-11-23,9699,6375817,4781,5631747,632,547048,33610,992952,384,25306,34066,1021691,0,14,49179,45221.29,13576349,12558077,0
2021-11-24,8622,6384439,4747,5636494,648,547696,25997,1018949,288,25594,26356,1048047,1,15,40374,43904.14,13616723,12572165,0
2021-11-25,447,6384886,328,5636822,80,547776,1004,1019953,9,25603,1013,1049060,0,15,1868,36786.14,13618591,12573020,0
2021-11-26,8003,6392889,6989,5643811,528,548304,26646,1046599,307,25910,27010,1076070,0,15,42530,34851.29,13661121,12588597,0
2021-11-27,6631,6399520,6830,5650641,370,548674,18900,1065499,226,26136,19162,1095232,0,15,32994,34410.29,13694115,12602465,0
2021-11-28,4034,6403554,5791,5656432,281,548955,11938,1077437,123,26259,12080,1107312,0,15,22186,34651,13716301,12612590,0
2021-11-29,9007,6412561,11009,5667441,684,549639,35157,1112594,451,26710,35685,1142997,1,16,56386,35073.86,13772687,12633367,0
2021-11-30,10411,6422972,11445,5678886,512,550151,37892,1150486,499,27209,38504,1181501,0,16,60872,36744.29,13833559,12655848,0
2021-12-01,11073,6434045,10984,5689870,724,550875,40480,1190966,441,27650,41024,1222525,0,16,63806,40091.71,13897365,12678733,0
2021-12-02,11546,6445591,11049,5700919,624,551499,42299,1233265,457,28107,42854,1265379,0,16,66073,49263.86,13963438,12702050,0
2021-12-03,13364,6458955,12906,5713825,664,552163,48092,1281357,528,28635,48723,1314102,1,17,75658,53996.43,14039096,12729087,0
2021-12-04,9764,6468719,11292,5725117,564,552727,30765,1312122,311,28946,31129,1345231,0,17,52749,56818.57,14091845,12750760,0
2021-12-05,5702,6474421,5702,5730819,270,552997,16709,1328831,130,29076,16875,1362106,0,17,28549,57727.57,14120394,12762470,0
2021-12-06,12233,6486654,9984,5740803,599,553596,43390,1372221,458,29534,43939,1406045,0,17,66755,59208.86,14187149,12785377,0
2021-12-07,12482,6499136,9256,5750059,623,554219,43175,1415396,516,30050,43780,1449825,0,17,66141,59961.57,14253290,12807827,0
2021-12-08,13438,6512574,8776,5758835,555,554774,40916,1456312,482,30532,41478,1491303,0,17,64247,60024.57,14317537,12830676,0
2021-12-09,13386,6525960,8760,5767595,551,555325,40954,1497266,497,31029,41548,1532851,0,17,64245,59763.43,14381782,12853470,0
2021-12-10,13935,6539895,10150,5777745,667,555992,43800,1541066,505,31534,44395,1577246,0,17,69147,58833.29,14450929,12878312,0
2021-12-11,10202,6550097,8131,5785876,405,556397,26764,1567830,288,31822,27102,1604348,0,17,45841,57846.43,14496770,12897101,0
2021-12-12,5977,6556074,3857,5789733,287,556684,15204,1583034,136,31958,15364,1619712,0,17,25485,57408.71,14522255,12907246,0
2021-12-13,12113,6568187,7433,5797166,655,557339,38028,1621062,404,32362,38514,1658226,0,17,58715,56260.14,14580970,12927529,0
2021-12-14,12155,6580342,6950,5804116,730,558069,38279,1659341,443,32805,38788,1697014,0,17,58623,55186.14,14639593,12947430,0
2021-12-15,12007,6592349,6246,5810362,756,558825,38263,1697604,496,33301,38839,1735853,0,17,57849,54272.14,14697442,12966520,0
2021-12-16,13082,6605431,4269,5814631,737,559562,41236,1738840,470,33771,41780,1777633,0,17,59868,53646.86,14757310,12984682,0
2021-12-17,15849,6621280,6942,5821573,618,560180,46936,1785776,482,34253,47514,1825147,0,17,70923,53900.57,14828233,13008187,0
2021-12-18,12946,6634226,5718,5827291,432,560612,30688,1816464,279,34532,31024,1856171,1,18,50120,54511.86,14878353,13027339,0
2021-12-19,6968,6641194,2995,5830286,326,560938,18055,1834519,175,34707,18261,1874432,0,18,28550,54949.71,14906903,13037659,0
2021-12-20,16740,6657934,5856,5836142,745,561683,47620,1882139,577,35284,48277,1922709,0,18,71618,56793,14978521,13061080,0
2021-12-21,17871,6675805,6578,5842720,806,562489,49040,1931179,595,35879,49714,1972423,0,18,74969,59128.14,15053490,13086414,0
2021-12-22,18484,6694289,6554,5849274,938,563427,49835,1981014,540,36419,50455,2022878,1,19,76432,61782.86,15129922,13112470,0
2021-12-23,18946,6713235,6487,5855761,930,564357,46000,2027014,537,36956,46603,2069481,0,19,72966,63654,15202888,13138899,0
2021-12-24,9186,6722421,2953,5858714,598,564955,20650,2047664,213,37169,20895,2090376,0,19,33632,58326.71,15236520,13151668,0
2021-12-25,342,6722763,63,5858777,31,564986,427,2048091,8,37177,436,2090812,0,19,872,51291.29,15237392,13152105,0
2021-12-26,7922,6730685,3932,5862709,341,565327,17312,2065403,178,37355,17522,2108334,0,19,29717,51458,15267109,13164332,0
2021-12-27,21696,6752381,9205,5871914,931,566258,43554,2108957,562,37917,44189,2152523,0,19,76021,52087,15343130,13196237,0
2021-12-28,20048,6772429,8339,5880253,701,566959,47695,2156652,624,38541,48407,2200930,0,19,77495,52447.86,15420625,13225413,0
2021-12-29,18426,6790855,7668,5887921,606,567565,45670,2202322,492,39033,46236,2247166,0,19,72936,51948.43,15493561,13252187,0
2021-12-30,16819,6807674,7434,5895355,588,568153,44929,2247251,594,39627,45609,2292775,0,19,70450,51589,15564011,13277114,0
2021-12-31,5339,6813013,2812,5898167,192,568345,14789,2262040,188,39815,14999,2307774,0,19,23342,50119,15587353,13285479,0
2022-01-01,244,6813257,147,5898314,12,568357,502,2262542,22,39837,528,2308302,0,19,931,50127.43,15588284,13285886,0
2022-01-02,6407,6819664,5020,5903334,153,568510,11005,2273547,111,39948,11132,2319434,0,19,22712,49126.71,15610996,13297482,0
2022-01-03,14091,6833755,8512,5911846,515,569025,27020,2300567,345,40293,27409,2346843,2,21,50529,45485,15661525,13320644,0
2022-01-04,12787,6846542,8131,5919977,415,569440,27302,2327869,370,40663,27731,2374574,77,98,49128,41432.57,15710653,13342023,0
2022-01-05,11282,6857824,7023,5927000,384,569824,26036,2353905,317,40980,26394,2400968,0,98,45083,37453.57,15755736,13360753,0
2022-01-06,11317,6869141,7397,5934397,485,570309,27662,2381567,357,41337,28072,2429040,2,100,47272,34142.43,15803008,13380004,0
2022-01-07,10120,6879261,8457,5942854,339,570648,25236,2406803,330,41667,25601,2454641,0,100,44518,37167.57,15847526,13398956,0
2022-01-08,7654,6886915,8591,5951445,311,570959,19629,2426432,189,41856,19835,2474476,0,100,36392,42233.43,15883918,13415530,0
2022-01-09,4109,6891024,3845,5955290,214,571173,10079,2436511,97,41953,10187,2484663,1,101,18356,41611.14,15902274,13423709,0
2022-01-10,10141,6901165,8196,5963486,490,571663,24636,2461147,312,42265,24999,2509662,1,102,43826,40653.57,15946100,13442586,0
2022-01-11,8837,6910002,7993,5971479,522,572185,21076,2482223,295,42560,21415,2531077,0,102,38769,39173.71,15984869,13459984,0
2022-01-12,8896,6918898,8328,5979807,428,572613,22397,2504620,291,42851,22723,2553800,1,103,40376,38501.29,16025245,13477671,0
2022-01-13,9000,6927898,8869,5988676,451,573064,22950,2527570,338,43189,23323,2577123,1,104,41645,37697.43,16066890,13496027,0
2022-01-14,10064,6937962,8126,5996802,474,573538,26473,2554043,341,43530,26856,2603979,0,104,45520,37840.57,16112410,13514733,0
2022-01-15,6182,6944144,4311,6001113,179,573717,15165,2569208,184,43714,15371,2619350,0,104,26043,36362.14,16138453,13525427,0
2022-01-16,2896,6947040,3248,6004361,95,573812,7840,2577048,88,43802,7938,2627288,0,104,14177,35765.14,16152630,13531676,0
2022-01-17,6037,6953077,6755,6011116,363,574175,14716,2591764,223,44025,14956,2642244,0,104,28111,33520.14,16180741,13544848,0
2022-01-18,8123,6961200,10322,6021438,394,574569,19707,2611471,324,44349,20060,2662304,0,104,38899,33538.71,16219640,13563716,0
2022-01-19,7418,6968618,9260,6030698,303,574872,17749,2629220,281,44630,18062,2680366,0,104,35044,32777,16254684,13580730,0
2022-01-20,6237,6974855,8561,6039259,305,575177,15298,2644518,252,44882,15577,2695943,0,104,30680,31210.57,16285364,13595860,0
2022-01-21,7525,6982380,7515,6046774,276,575453,18540,2663058,291,45173,18855,2714798,0,104,34171,29589.29,16319535,13611200,0
2022-01-22,5174,6987554,4934,6051708,132,575585,11337,2674395,131,45304,11493,2726291,0,104,21733,28973.57,16341268,13621465,0
2022-01-23,2786,6990340,3334,6055042,97,575682,6247,2680642,77,45381,6332,2732623,0,104,12549,28741,16353817,13627690,0
2022-01-24,6335,6996675,8208,6063250,262,575944,15093,2695735,247,45628,15367,2747990,0,104,30172,29035.43,16383989,13642522,0
2022-01-25,6153,7002828,7949,6071199,231,576175,14726,2710461,263,45891,15020,2763010,0,104,29353,27671.71,16413342,13656886,0
2022-01-26,5727,7008555,7181,6078380,288,576463,14033,2724494,215,46106,14275,2777285,0,104,27471,26589.86,16440813,13670109,0
2022-01-27,5226,7013781,7093,6085473,320,576783,14111,2738605,238,46344,14388,2791673,0,104,27027,26068,16467840,13682787,0
2022-01-28,6221,7020002,7883,6093356,205,576988,16151,2754756,242,46586,16416,2808089,1,105,30726,25575.86,16498566,13697119,0
2022-01-29,836,7020838,729,6094085,28,577016,2542,2757298,40,46626,2585,2810674,0,105,4178,23068,16502744,13698715,0
2022-01-30,2075,7022913,3025,6097110,103,577119,4554,2761852,62,46688,4620,2815294,0,105,9823,22678.57,16512567,13703922,0
2022-01-31,4983,7027896,6595,6103705,219,577338,11409,2773261,201,46889,11625,2826919,0,105,23422,21714.29,16535989,13715734,0
2022-02-01,4806,7032702,6453,6110158,220,577558,10731,2783992,222,47111,10971,2837890,1,106,22450,20728.14,16558439,13727230,0
2022-02-02,4251,7036953,5939,6116097,212,577770,11255,2795247,243,47354,11516,2849406,0,106,21918,19934.86,16580357,13737650,0
2022-02-03,4207,7041160,5819,6121916,216,577986,11237,2806484,205,47559,11467,2860873,1,107,21709,19175.14,16602066,13747916,0
2022-02-04,4734,7045894,7118,6129034,214,578200,13242,2819726,240,47799,13507,2874380,0,107,25573,18439,16627639,13760007,0
2022-02-05,3560,7049454,6056,6135090,110,578310,8590,2828316,158,47957,8764,2883144,0,107,18490,20483.57,16646129,13769749,0
2022-02-06,2052,7051506,2139,6137229,120,578430,4648,2832964,104,48061,4756,2887900,0,107,9068,20375.71,16655197,13774065,0
2022-02-07,4124,7055630,4747,6141976,205,578635,10147,2843111,237,48298,10409,2898309,0,107,19485,19813.29,16674682,13783166,0
2022-02-08,4194,7059824,5610,6147586,214,578849,11344,2854455,312,48610,11682,2909991,0,107,21700,19706.14,16696382,13793210,0
2022-02-09,4113,7063937,5403,6152989,221,579070,11676,2866131,260,48870,11960,2921951,0,107,21697,19674.57,16718079,13802971,0
2022-02-10,3966,7067903,5127,6158116,243,579313,12210,2878341,292,49162,12531,2934482,0,107,21867,19697.14,16739946,13812336,0
2022-02-11,4495,7072398,5815,6163931,195,579508,13745,2892086,327,49489,14103,2948585,0,107,24608,19559.29,16764554,13822872,0
2022-02-12,3242,7075640,4343,6168274,97,579605,8822,2900908,215,49704,9048,2957633,0,107,16730,19307.86,16781284,13830565,0
2022-02-13,1510,7077150,1543,6169817,41,579646,4889,2905797,113,49817,5007,2962640,0,107,8101,19169.71,16789385,13833664,0
2022-02-14,2967,7080117,3624,6173441,167,579813,10588,2916385,328,50145,10942,2973582,1,108,17701,18914.86,16807086,13840448,0
2022-02-15,3520,7083637,4076,6177517,174,579987,12807,2929192,288,50433,13111,2986693,0,108,20881,18797.86,16827967,13848234,0
2022-02-16,3626,7087263,3908,6181425,199,580186,15763,2944955,296,50729,16095,3002788,0,108,23828,19102.29,16851795,13856003,0
2022-02-17,4110,7091373,4081,6185506,161,580347,18360,2963315,370,51099,18760,3021548,0,108,27112,19851.57,16878907,13864385,0
2022-02-18,4434,7095807,4790,6190296,191,580538,21559,2984874,462,51561,22043,3043591,0,108,31458,20830.14,16910365,13873822,0
2022-02-19,3240,7099047,2182,6192478,65,580603,11197,2996071,217,51778,11425,3055016,0,108,16912,20856.14,16927277,13879320,0
2022-02-20,1844,7100891,1445,6193923,59,580662,6597,3002668,115,51893,6719,3061735,0,108,10067,21137,16937344,13882675,0
2022-02-21,3075,7103966,2694,6196617,94,580756,8363,3011031,234,52127,8610,3070345,0,108,14473,20675.86,16951817,13888551,0
2022-02-22,4363,7108329,4258,6200875,174,580930,10848,3021879,256,52383,11120,3081465,0,108,19915,20537.86,16971732,13897362,0
2022-02-23,4236,7112565,3792,6204667,145,581075,10687,3032566,244,52627,10947,3092412,0,108,19120,19865.29,16990852,13905551,0
2022-02-24,3782,7116347,3663,6208330,108,581183,10203,3042769,233,52860,10455,3102867,0,108,18008,18564.71,17008860,13913123,0
2022-02-25,3595,7119942,3634,6211964,135,581318,9993,3052762,245,53105,10251,3113118,0,108,17615,16587.14,17026475,13920500,0
2022-02-26,2819,7122761,2582,6214546,74,581392,9528,3062290,160,53265,9696,3122814,0,108,15171,16338.43,17041646,13925983,0
2022-02-27,1764,7124525,1373,6215919,52,581444,6273,3068563,101,53366,6381,3129195,0,108,9570,16267.43,17051216,13929179,0
2022-02-28,3769,7128294,3137,6219056,140,581584,13155,3081718,254,53620,13432,3142627,0,108,20478,17125.29,17071694,13936248,0
2022-03-01,2117,7130411,2631,6221687,103,581687,5192,3086910,186,53806,5385,3148012,0,108,10236,15742.57,17081930,13941106,0
2022-03-02,1824,7132235,2448,6224135,107,581794,4146,3091056,211,54017,4368,3152380,0,108,8747,14260.71,17090677,13945496,0
2022-03-03,1931,7134166,2561,6226696,106,581900,3806,3094862,171,54188,3990,3156370,0,108,8588,12915,17099265,13950107,0
2022-03-04,2116,7136282,2878,6229574,66,581966,4334,3099196,209,54397,4556,3160926,0,108,9616,11772.29,17108881,13955180,0
2022-03-05,1609,7137891,2124,6231698,43,582009,3318,3102514,119,54516,3440,3164366,0,108,7216,10635.86,17116097,13958959,0
2022-03-06,793,7138684,881,6232579,30,582039,1627,3104141,55,54571,1685,3166051,0,108,3389,9752.86,17119486,13960666,0
2022-03-07,1660,7140344,1789,6234368,87,582126,3505,3107646,162,54733,3681,3169732,0,108,7217,7858.43,17126703,13964216,0
2022-03-08,1544,7141888,1899,6236267,80,582206,3129,3110775,152,54885,3293,3173025,0,108,6816,7369.86,17133519,13967751,0
2022-03-09,1259,7143147,1683,6237950,80,582286,2595,3113370,130,55015,2730,3175755,0,108,5752,6942,17139271,13970778,0
2022-03-10,1409,7144556,2098,6240048,85,582371,2973,3116343,164,55179,3146,3178901,0,108,6738,6677.71,17146009,13974379,0
2022-03-11,1593,7146149,2277,6242325,81,582452,3217,3119560,190,55369,3425,3182326,0,108,7376,6357.71,17153385,13978348,0
2022-03-12,875,7147024,1417,6243742,42,582494,2010,3121570,75,55444,2088,3184414,0,108,4422,5958.57,17157807,13980685,0
2022-03-13,624,7147648,756,6244498,28,582522,1293,3122863,48,55492,1344,3185758,0,108,2752,5867.57,17160559,13982096,0
2022-03-14,1363,7149011,1615,6246113,84,582606,2998,3125861,207,55699,3226,3188984,0,108,6288,5734.86,17166847,13985179,0
2022-03-15,1353,7150364,1925,6248038,63,582669,3073,3128934,235,55934,3315,3192299,0,108,6656,5712,17173503,13988527,0
2022-03-16,1394,7151758,2061,6250099,94,582763,3150,3132084,294,56228,3461,3195760,0,108,7010,5891.71,17180513,13992093,0
2022-03-17,1190,7152948,1808,6251907,71,582834,2765,3134849,268,56496,3047,3198807,0,108,6116,5802.86,17186629,13995176,0
2022-03-18,1579,7154527,2219,6254126,79,582913,3779,3138628,421,56917,4206,3203013,0,108,8083,5903.86,17194712,13999059,0
2022-03-19,1104,7155631,1736,6255862,54,582967,2605,3141233,230,57147,2840,3205853,0,108,5734,6091.29,17200446,14001958,0
2022-03-20,604,7156235,631,6256493,33,583000,1470,3142703,186,57333,1660,3207513,0,108,2928,6116.43,17203374,14003230,0
2022-03-21,1414,7157649,1558,6258051,73,583073,3063,3145766,359,57692,3444,3210957,1,109,6490,6145.29,17209864,14006297,0
2022-03-22,1341,7158990,1553,6259604,101,583174,2908,3148674,349,58041,3267,3214224,0,109,6262,6089,17216126,14009302,0
2022-03-23,1257,7160247,1360,6260964,66,583240,2921,3151595,376,58417,3306,3217530,0,109,5989,5943.14,17222115,14011994,0
2022-03-24,1208,7161455,1299,6262263,90,583330,2521,3154116,273,58690,2804,3220334,0,109,5401,5841,17227516,14014601,0
2022-03-25,1378,7162833,1633,6263896,62,583392,3269,3157385,385,59075,3667,3224001,0,109,6740,5649.14,17234256,14017687,0
2022-03-26,923,7163756,1166,6265062,36,583428,2309,3159694,254,59329,2571,3226572,0,109,4696,5500.86,17238952,14019820,0
2022-03-27,574,7164330,528,6265590,29,583457,1315,3161009,202,59531,1519,3228091,0,109,2650,5461.14,17241602,14020953,0
2022-03-28,1074,7165404,1170,6266760,69,583526,2442,3163451,366,59897,2826,3230917,0,109,5139,5268.14,17246741,14023284,0
2022-03-29,1045,7166449,1106,6267866,85,583611,2515,3165966,886,60783,3421,3234338,1,110,5657,5181.71,17252398,14025539,0
2022-03-30,1237,7167686,1138,6269004,99,583710,3063,3169029,3411,64194,6564,3240902,0,110,9038,5617.29,17261436,14028103,0
2022-03-31,1275,7168961,1249,6270253,57,583767,3163,3172192,5531,69725,8832,3249734,0,110,11414,6476.29,17272850,14030823,0
2022-04-01,1423,7170384,1487,6271740,77,583844,3245,3175437,6922,76647,10323,3260057,0,110,13310,7414.86,17286160,14033966,0
2022-04-02,905,7171289,909,6272649,33,583877,2086,3177523,4542,81189,6723,3266780,0,110,8570,7968.29,17294730,14035908,0
2022-04-03,553,7171842,492,6273141,28,583905,1222,3178745,3058,84247,4342,3271122,0,110,5415,8363.29,17300145,14037043,0
2022-04-04,1346,7173188,1302,6274443,61,583966,2720,3181465,7720,91967,10595,3281717,0,110,13304,9529.71,17313449,14039907,0
2022-04-05,1292,7174480,1154,6275597,66,584032,2845,3184310,7501,99468,10520,3292237,0,110,13032,10583.29,17326481,14042593,0
2022-04-06,1332,7175812,1174,6276771,61,584093,2624,3186934,6965,106433,9749,3301986,0,110,12316,11051.57,17338797,14045320,0
2022-04-07,1204,7177016,1060,6277831,57,584150,2376,3189310,6628,113061,9151,3311137,0,110,11472,11059.86,17350269,14047788,0
2022-04-08,1475,7178491,1406,6279237,61,584211,3166,3192476,8793,121854,12153,3323290,0,110,15095,11314.86,17365364,14050924,0
2022-04-09,908,7179399,925,6280162,29,584240,2079,3194555,4957,126811,7120,3330410,0,110,8982,11373.71,17374346,14052870,0
2022-04-10,578,7179977,460,6280622,25,584265,1166,3195721,2903,129714,4130,3334540,0,110,5193,11342,17379539,14053994,0
2022-04-11,1305,7181282,1225,6281847,61,584326,2654,3198375,7840,137554,10647,3345187,0,110,13238,11332.57,17392777,14056738,0
2022-04-12,1213,7182495,1057,6282904,73,584399,2520,3200895,7447,145001,10139,3355326,0,110,12482,11254,17405259,14059253,0
2022-04-13,1229,7183724,1074,6283978,60,584459,2511,3203406,7551,152552,10211,3365537,0,110,12574,11290.86,17417833,14061765,0
2022-04-14,1263,7184987,1093,6285071,58,584517,2442,3205848,6598,159150,9167,3374704,0,110,11581,11306.43,17429414,14064306,0
2022-04-15,1331,7186318,1094,6286165,53,584570,2555,3208403,6633,165783,9318,3384022,0,110,11796,10835.14,17441210,14066914,0
2022-04-16,855,7187173,652,6286817,34,584604,1643,3210046,3690,169473,5400,3389422,0,110,6941,10543.57,17448151,14068522,0
2022-04-17,345,7187518,201,6287018,27,584631,638,3210684,1158,170631,1819,3391241,0,110,2392,10143.43,17450543,14069118,0
2022-04-18,1380,7188898,1114,6288132,82,584713,2584,3213268,6414,177045,9136,3400377,0,110,11712,9925.43,17462255,14071832,0
2022-04-19,1411,7190309,935,6289067,71,584784,2576,3215844,5760,182805,8438,3408815,0,110,10855,9693,17473110,14074351,0
2022-04-20,1299,7191608,1152,6290219,65,584849,2707,3218551,6649,189454,9497,3418312,0,110,12013,9612.86,17485123,14077008,0
2022-04-21,1225,7192833,1061,6291280,53,584902,2338,3220889,5397,194851,7855,3426167,0,110,10194,9414.71,17495317,14079467,0
2022-04-22,1234,7194067,1040,6292320,46,584948,2239,3223128,5783,200634,8135,3434302,0,110,10456,9223.29,17505773,14081901,0
2022-04-23,710,7194777,749,6293069,59,585007,1429,3224557,3352,203986,4847,3439149,0,110,6365,9141,17512138,14083485,0
2022-04-24,440,7195217,336,6293405,27,585034,808,3225365,1821,205807,2660,3441809,0,110,3463,9294,17515601,14084319,0
2022-04-25,1037,7196254,916,6294321,64,585098,1851,3227216,5091,210898,7055,3448864,0,110,9072,8916.86,17524673,14086449,0
2022-04-26,948,7197202,857,6295178,76,585174,1747,3228963,4696,215594,6538,3455402,0,110,8419,8568.86,17533092,14088425,0
2022-04-27,1034,7198236,1021,6296199,80,585254,1925,3230888,5216,220810,7262,3462664,0,110,9397,8195.14,17542489,14090681,0
2022-04-28,1081,7199317,986,6297185,50,585304,2002,3232890,4742,225552,6857,3469521,0,110,8974,8020.86,17551463,14092911,0
2022-04-29,1174,7200491,1100,6298285,60,585364,2156,3235046,5436,230988,7707,3477228,0,110,10041,7961.57,17561504,14095360,0
2022-04-30,723,7201214,742,6299027,50,585414,1391,3236437,2967,233955,4404,3481632,0,110,5919,7897.86,17567423,14096921,0
2022-05-01,445,7201659,366,6299393,20,585434,766,3237203,1656,235611,2454,3484086,0,110,3285,7872.43,17570708,14097784,0
2022-05-02,1045,7202704,792,6300185,52,585486,1677,3238880,3821,239432,5566,3489652,2,112,7456,7641.57,17578164,14099740,0
2022-05-03,1117,7203821,862,6301047,61,585547,1995,3240875,4871,244303,6963,3496615,0,112,9003,7725,17587167,14101877,0
2022-05-04,1006,7204827,881,6301928,48,585595,1925,3242800,4681,248984,6696,3503311,0,112,8631,7615.57,17595798,14103902,0
2022-05-05,1071,7205898,953,6302881,86,585681,1928,3244728,4883,253867,6910,3510221,0,112,9020,7622.14,17604818,14106111,0
2022-05-06,1095,7206993,955,6303836,51,585732,1860,3246588,4403,258270,6340,3516561,2,114,8441,7393.57,17613259,14108287,0
2022-05-07,659,7207652,590,6304426,32,585764,1204,3247792,2435,260705,3678,3520239,0,114,4959,7256.43,17618218,14109607,0
2022-05-08,411,7208063,243,6304669,17,585781,665,3248457,1388,262093,2075,3522314,0,114,2746,7179.43,17620964,14110300,0
2022-05-09,1077,7209140,943,6305612,60,585841,1894,3250351,4427,266520,6414,3528728,0,114,8494,7327.71,17629458,14112473,0
2022-05-10,1094,7210234,929,6306541,54,585895,1981,3252332,4721,271241,6808,3535536,0,114,8885,7310.86,17638343,14114656,0
2022-05-11,1084,7211318,972,6307513,44,585939,1945,3254277,4843,276084,6887,3542423,0,114,8987,7361.71,17647330,14116855,0
2022-05-12,1099,7212417,949,6308462,60,585999,2001,3256278,4668,280752,6769,3549192,0,114,8877,7341.29,17656207,14119063,0
2022-05-13,1153,7213570,1040,6309502,44,586043,2072,3258350,4813,285565,6976,3556168,0,114,9213,7451.57,17665420,14121391,0
2022-05-14,823,7214393,669,6310171,31,586074,1467,3259817,2955,288520,4464,3560632,0,114,5987,7598.43,17671407,14122956,0
2022-05-15,508,7214901,355,6310526,22,586096,925,3260742,1649,290169,2600,3563232,0,114,3485,7704,17674892,14123867,0
2022-05-16,1227,7216128,854,6311380,62,586158,1830,3262572,3866,294035,5761,3568993,1,115,7905,7619.86,17682797,14126075,0
2022-05-17,1287,7217415,932,6312312,79,586237,2045,3264617,4897,298932,7036,3576029,1,116,9335,7684.14,17692132,14128467,0
2022-05-18,1236,7218651,899,6313211,82,586319,2063,3266680,4944,303876,7117,3583146,1,117,9335,7733.86,17701467,14130794,0
2022-05-19,1157,7219808,882,6314093,36,586355,2118,3268798,4730,308606,6934,3590080,0,117,9009,7752.71,17710476,14132955,0
2022-05-20,1194,7221002,960,6315053,73,586428,2370,3271168,5208,313814,7692,3597772,0,117,9921,7853.86,17720397,14135298,0
2022-05-21,830,7221832,646,6315699,23,586451,1720,3272888,3307,317121,5088,3602860,0,117,6588,7939.71,17726985,14136859,0
2022-05-22,507,7222339,292,6315991,22,586473,1135,3274023,1840,318961,3009,3605869,0,117,3830,7989,17730815,14137714,0
2022-05-23,1218,7223557,884,6316875,52,586525,2189,3276212,4713,323674,7002,3612871,1,118,9157,8167.86,17739972,14139968,0
2022-05-24,1405,7224962,936,6317811,66,586591,2304,3278516,4492,328166,6898,3619769,0,118,9306,8163.71,17749278,14142478,0
2022-05-25,1414,7226376,955,6318766,56,586647,2261,3280777,4275,332441,6637,3626406,0,118,9063,8124.86,17758341,14145005,0
2022-05-26,1171,7227547,889,6319655,60,586707,2271,3283048,4154,336595,6493,3632899,1,119,8615,8068.57,17766956,14147194,0
2022-05-27,1242,7228789,958,6320613,38,586745,2498,3285546,3923,340518,6496,3639395,0,119,8735,7899.14,17775691,14149508,0
2022-05-28,711,7229500,517,6321130,19,586764,1783,3287329,2064,342582,3887,3643282,0,119,5134,7691.43,17780825,14150795,0
2022-05-29,472,7229972,216,6321346,11,586775,760,3288089,1127,343709,1906,3645188,0,119,2605,7516.43,17783430,14151513,0
2022-05-30,91,7230063,61,6321407,6,586781,139,3288228,144,343853,285,3645473,1,120,444,6271.71,17783874,14151673,0
2022-05-31,1137,7231200,918,6322325,51,586832,1900,3290128,3055,346908,5014,3650487,0,120,7120,5959.43,17790994,14153838,0
2022-06-01,1153,7232353,851,6323176,63,586895,1972,3292100,3429,350337,5475,3655962,0,120,7542,5742.14,17798536,14155979,0
2022-06-02,1031,7233384,799,6323975,72,586967,1826,3293926,3176,353513,5063,3661025,0,120,6965,5506.43,17805501,14157942,0
2022-06-03,1160,7234544,894,6324869,47,587014,2069,3295995,3498,357011,5633,3666658,0,120,7734,5363.43,17813235,14160109,0
2022-06-04,723,7235267,582,6325451,26,587040,1555,3297550,1907,358918,3497,3670155,0,120,4830,5320,17818065,14161477,0
2022-06-05,449,7235716,297,6325748,1,587041,880,3298430,981,359899,1870,3672025,0,120,2617,5321.71,17820682,14162233,0
2022-06-06,1124,7236840,826,6326574,64,587105,1754,3300184,2748,362647,4552,3676577,0,120,6566,6196.29,17827248,14164297,0
2022-06-07,1020,7237860,770,6327344,70,587175,1792,3301976,2567,365214,4406,3680983,0,120,6266,6074.29,17833514,14166204,0
2022-06-08,1094,7238954,835,6328179,75,587250,1876,3303852,2750,367964,4688,3685671,1,121,6693,5953,17840207,14168270,0
2022-06-09,1139,7240093,838,6329017,62,587312,2229,3306081,2696,370660,4977,3690648,0,121,7016,5960.29,17847223,14170361,0
2022-06-10,1048,7241141,817,6329834,75,587387,1879,3307960,2831,373491,4766,3695414,0,121,6706,5813.43,17853929,14172357,0
2022-06-11,678,7241819,508,6330342,25,587412,1326,3309286,1504,374995,2857,3698271,0,121,4068,5704.57,17857997,14173595,0
2022-06-12,351,7242170,287,6330629,21,587433,877,3310163,773,375768,1660,3699931,0,121,2319,5662,17860316,14174264,0
2022-06-13,1028,7243198,769,6331398,63,587496,1578,3311741,2187,377955,3805,3703736,0,121,5666,5533.43,17865982,14176165,0
2022-06-14,971,7244169,833,6332231,64,587560,1694,3313435,2504,380459,4259,3707995,0,121,6127,5513.57,17872109,14178094,0
2022-06-15,969,7245138,865,6333096,39,587599,1665,3315100,2426,382885,4150,3712145,0,121,6023,5417.86,17878132,14180026,0
2022-06-16,961,7246099,775,6333871,59,587658,1834,3316934,2370,385255,4258,3716403,1,122,6053,5280.29,17884185,14181874,0
2022-06-17,898,7246997,797,6334668,48,587706,1774,3318708,2402,387657,4220,3720623,0,122,5964,5174.29,17890149,14183662,0
2022-06-18,658,7247655,521,6335189,26,587732,1280,3319988,1297,388954,2605,3723228,1,123,3810,5137.43,17893959,14184894,0
2022-06-19,346,7248001,234,6335423,16,587748,728,3320716,609,389563,1349,3724577,0,123,1945,5084,17895904,14185502,0
2022-06-20,832,7248833,487,6335910,41,587789,1577,3322293,1613,391176,3228,3727805,0,123,4588,4930,17900492,14186900,0
2022-06-21,1134,7249967,741,6336651,50,587839,1697,3323990,2143,393319,3897,3731702,0,123,5823,4886.57,17906315,14188883,0
2022-06-22,1961,7251928,833,6337484,46,587885,1708,3325698,1996,395315,3747,3735449,0,123,6587,4967.14,17912902,14191766,0
2022-06-23,2121,7254049,764,6338248,65,587950,1702,3327400,2154,397469,3906,3739355,0,123,6857,5082,17919759,14194767,0
2022-06-24,2172,7256221,761,6339009,48,587998,1623,3329023,2158,399627,3829,3743184,0,123,6810,5202.86,17926569,14197796,0
2022-06-25,2138,7258359,497,6339506,15,588013,1234,3330257,1143,400770,2390,3745574,0,123,5044,5379.14,17931613,14200463,0
2022-06-26,1210,7259569,247,6339753,14,588027,686,3330943,532,401302,1224,3746798,0,123,2695,5486.29,17934308,14201940,0
2022-06-27,1532,7261101,653,6340406,60,588087,1468,3332411,1654,402956,3163,3749961,0,123,5408,5603.43,17939716,14204226,0
2022-06-28,1691,7262792,829,6341235,57,588144,1861,3334272,2143,405099,4049,3754010,0,123,6626,5718.14,17946342,14206848,0
2022-06-29,1858,7264650,777,6342012,48,588192,1717,3335989,1925,407024,3682,3757692,0,123,6365,5686.43,17952707,14209571,0
2022-06-30,1868,7266518,807,6342819,46,588238,1733,3337722,2132,409156,3910,3761602,0,123,6631,5654.14,17959338,14212337,0
2022-07-01,1602,7268120,597,6343416,26,588264,1395,3339117,1729,410885,3157,3764759,0,123,5382,5450.14,17964720,14214595,0
2022-07-02,977,7269097,389,6343805,18,588282,836,3339953,940,411825,1794,3766553,0,123,3178,5183.57,17967898,14215997,0
2022-07-03,530,7269627,205,6344010,7,588289,459,3340412,487,412312,949,3767502,0,123,1691,5040.14,17969589,14216742,0
2022-07-04,36,7269663,25,6344035,1,588290,31,3340443,38,412350,69,3767571,0,123,131,4286.29,17969720,14216804,0
2022-07-05,1297,7270960,758,6344793,35,588325,1405,3341848,1738,414088,3174,3770745,0,123,5264,4091.71,17974984,14218925,0
2022-07-06,1612,7272572,678,6345471,44,588369,1443,3343291,1842,415930,3325,3774070,0,123,5659,3990.86,17980643,14221299,0
2022-07-07,1592,7274164,712,6346183,48,588417,1529,3344820,2000,417930,3568,3777638,0,123,5920,3889.29,17986563,14223690,0
2022-07-08,1633,7275797,650,6346833,37,588454,1473,3346293,1979,419909,3501,3781139,0,123,5823,3952.29,17992386,14226061,0
2022-07-09,983,7276780,433,6347266,26,588480,881,3347174,1347,421256,2259,3783398,0,123,3701,4027,17996087,14227534,0
2022-07-10,638,7277418,187,6347453,17,588497,430,3347604,659,421915,1099,3784497,0,123,1941,4062.71,17998028,14228386,0
2022-07-11,1396,7278814,634,6348087,49,588546,1441,3349045,2213,424128,3688,3788185,0,123,5767,4867.86,18003795,14230499,0
2022-07-12,1404,7280218,687,6348774,45,588591,1403,3350448,2512,426640,3989,3792174,0,123,6125,4990.86,18009920,14232709,0
2022-07-13,1618,7281836,726,6349500,37,588628,1522,3351970,2836,429476,4423,3796597,0,123,6804,5154.43,18016724,14235155,0
2022-07-14,1586,7283422,842,6350342,47,588675,1602,3353572,3060,432536,4736,3801333,0,123,7212,5339,18023936,14237705,0
2022-07-15,1613,7285035,939,6351281,47,588722,1571,3355143,3050,435586,4681,3806014,0,123,7280,5547.14,18031216,14240364,0
2022-07-16,883,7285918,584,6351865,9,588731,979,3356122,1697,437283,2707,3808721,1,124,4184,5616.14,18035400,14241871,0
2022-07-17,550,7286468,290,6352155,16,588747,527,3356649,1167,438450,1718,3810439,0,124,2574,5706.57,18037974,14242751,0
2022-07-18,1405,7287873,845,6353000,45,588792,1429,3358078,2466,440916,3951,3814390,0,124,6246,5775,18044220,14245102,0
2022-07-19,1441,7289314,975,6353975,51,588843,1537,3359615,2802,443718,4432,3818822,0,124,6899,5885.57,18051119,14247662,0
2022-07-20,1380,7290694,1485,6355460,50,588893,1352,3360967,2394,446112,3807,3822629,0,124,6723,5874,18057842,14250639,0
2022-07-21,1334,7292028,1436,6356896,50,588943,1394,3362361,2364,448476,3805,3826434,0,124,6625,5790.14,18064467,14253506,0
2022-07-22,1428,7293456,1568,6358464,41,588984,1564,3363925,2853,451329,4499,3830933,0,124,7536,5826.71,18072003,14256625,0
2022-07-23,903,7294359,1099,6359563,17,589001,994,3364919,1555,452884,2584,3833517,3,127,4606,5887,18076609,14258679,0
2022-07-24,483,7294842,642,6360205,14,589015,504,3365423,805,453689,1317,3834834,0,127,2457,5870.29,18079066,14259827,0
2022-07-25,1230,7296072,766,6360971,59,589074,1261,3366684,2063,455752,3378,3838212,0,127,5433,5754.14,18084499,14261936,0
2022-07-26,1233,7297305,1022,6361993,41,589115,1471,3368155,2443,458195,3972,3842184,0,127,6269,5664.14,18090768,14264291,0
2022-07-27,1319,7298624,1279,6363272,42,589157,1388,3369543,2190,460385,3639,3845823,2,129,6283,5601.29,18097051,14266994,0
2022-07-28,1311,7299935,1422,6364694,71,589228,1425,3370968,2217,462602,3692,3849515,1,130,6497,5583,18103548,14269848,0
2022-07-29,1318,7301253,1430,6366124,64,589292,1358,3372326,2157,464759,3559,3853074,0,130,6372,5416.71,18109920,14272705,0
2022-07-30,739,7301992,716,6366840,25,589317,792,3373118,961,465720,1773,3854847,0,130,3256,5223.86,18113176,14274208,0
2022-07-31,422,7302414,590,6367430,14,589331,488,3373606,571,466291,1065,3855912,0,130,2091,5171.57,18115267,14275240,0
2022-08-01,1242,7303656,913,6368343,55,589386,1328,3374934,1509,467800,2882,3858794,1,131,5093,5123,18120360,14277495,0
2022-08-02,1231,7304887,1014,6369357,73,589459,1346,3376280,1598,469398,2990,3861784,0,131,5308,4985.71,18125668,14279859,0
2022-08-03,1267,7306154,1189,6370546,41,589500,1341,3377621,1531,470929,2911,3864695,1,132,5409,4860.86,18131077,14282395,0
2022-08-04,1191,7307345,1188,6371734,57,589557,1287,3378908,1457,472386,2773,3867468,0,132,5209,4676.86,18136286,14284860,0
2022-08-05,1318,7308663,1450,6373184,49,589606,1312,3380220,1441,473827,2777,3870245,0,132,5594,4565.71,18141880,14287701,0
2022-08-06,695,7309358,843,6374027,14,589620,762,3380982,777,474604,1564,3871809,0,132,3117,4545.86,18144997,14289279,0
2022-08-07,390,7309748,457,6374484,14,589634,425,3381407,358,474962,794,3872603,0,132,1655,4483.57,18146652,14290151,0
2022-08-08,1196,7310944,932,6375416,70,589704,1274,3382681,1178,476140,2482,3875085,0,132,4680,4424.57,18151332,14292379,0
2022-08-09,1136,7312080,893,6376309,38,589742,1228,3383909,1160,477300,2420,3877505,0,132,4487,4307.29,18155819,14294478,0
2022-08-10,1221,7313301,1109,6377418,59,589801,1259,3385168,1247,478547,2540,3880045,0,132,4929,4238.71,18160748,14296901,0
2022-08-11,1281,7314582,1068,6378486,84,589885,1211,3386379,1279,479826,2528,3882573,0,132,4961,4203.29,18165709,14299372,0
2022-08-12,1301,7315883,1406,6379892,55,589940,1267,3387646,1247,481073,2547,3885120,0,132,5309,4162.57,18171018,14302167,0
2022-08-13,758,7316641,786,6380678,15,589955,762,3388408,631,481704,1412,3886532,0,132,2971,4141.71,18173989,14303745,0
2022-08-14,473,7317114,478,6381156,20,589975,405,3388813,281,481985,689,3887221,0,132,1660,4142.43,18175649,14304719,0
2022-08-15,1246,7318360,1063,6382219,60,590035,1315,3390128,990,482975,2346,3889567,1,133,4716,4147.57,18180365,14307129,0
2022-08-16,1310,7319670,868,6383087,50,590085,1366,3391494,1078,484053,2476,3892043,0,133,4705,4178.71,18185070,14309390,0
2022-08-17,1213,7320883,958,6384045,39,590124,1235,3392729,1005,485058,2279,3894322,1,134,4490,4116,18189560,14311639,0
2022-08-18,1169,7322052,945,6384990,45,590169,1267,3393996,948,486006,2240,3896562,0,134,4399,4035.71,18193959,14313823,0
2022-08-19,1255,7323307,1131,6386121,34,590203,1116,3395112,978,486984,2124,3898686,6,140,4550,3927.29,18198509,14316273,0
2022-08-20,587,7323894,493,6386614,16,590219,630,3395742,504,487488,1147,3899833,1,141,2244,3823.43,18200753,14317382,0
2022-08-21,358,7324252,243,6386857,9,590228,382,3396124,267,487755,652,3900485,0,141,1262,3766.57,18202015,14317995,0
2022-08-22,1221,7325473,922,6387779,40,590268,1233,3397357,889,488644,2149,3902634,0,141,4332,3711.71,18206347,14320205,0
2022-08-23,1242,7326715,1050,6388829,48,590316,1378,3398735,962,489606,2368,3905002,3,144,4711,3712.57,18211058,14322573,0
2022-08-24,1267,7327982,1016,6389845,29,590345,1294,3400029,821,490427,2141,3907143,0,144,4454,3707.43,18215512,14324912,0
2022-08-25,1222,7329204,993,6390838,66,590411,1186,3401215,813,491240,2015,3909158,4,148,4299,3693.14,18219811,14327208,0
2022-08-26,1189,7330393,1179,6392017,56,590467,1193,3402408,779,492019,1993,3911151,1,149,4417,3674.14,18224228,14329652,0
2022-08-27,696,7331089,541,6392558,14,590481,673,3403081,404,492423,1090,3912241,3,152,2344,3688.43,18226572,14330916,0
2022-08-28,381,7331470,237,6392795,10,590491,443,3403524,227,492650,673,3912914,0,152,1301,3694,18227873,14331547,0
2022-08-29,1257,7332727,976,6393771,41,590532,1218,3404742,682,493332,1921,3914835,0,152,4196,3674.57,18232069,14333843,0
2022-08-30,1268,7333995,941,6394712,36,590568,1270,3406012,766,494098,2067,3916902,2,154,4314,3617.86,18236383,14336119,0
2022-08-31,1156,7335151,1013,6395725,43,590611,1102,3407114,572,494670,1695,3918597,0,154,3908,3539.86,18240291,14338353,0
2022-09-01,1027,7336178,962,6396687,51,590662,809,3407923,454,495124,1277,3919874,5,159,3323,3400.43,18243614,14340408,0
2022-09-02,977,7337155,1021,6397708,32,590694,592,3408515,175,495299,774,3920648,92,251,2881,3181,18246495,14342430,0
2022-09-03,530,7337685,448,6398156,12,590706,368,3408883,50,495349,422,3921070,314,565,1677,3085.71,18248172,14343375,0
2022-09-04,252,7337937,212,6398368,10,590716,189,3409072,25,495374,216,3921286,312,877,959,3036.86,18249131,14343808,0
2022-09-05,78,7338015,71,6398439,7,590723,44,3409116,16,495390,61,3921347,9,886,226,2469.71,18249357,14343965,0
2022-09-06,1127,7339142,1227,6399666,51,590774,634,3409750,130,495520,773,3922120,1269,2155,4226,2457.14,18253583,14346158,0
2022-09-07,1476,7340618,1382,6401048,38,590812,481,3410231,148,495668,649,3922769,6446,8601,9107,3199.86,18262690,14348190,0
2022-09-08,1527,7342145,1198,6402246,36,590848,251,3410482,110,495778,377,3923146,7797,16398,9814,4127.14,18272504,14349846,0
2022-09-09,1555,7343700,1610,6403856,48,590896,281,3410763,122,495900,434,3923580,9882,26280,12363,5481.71,18284867,14351924,0
2022-09-10,845,7344545,835,6404691,12,590908,264,3411027,44,495944,322,3923902,5316,31596,6747,6206,18291614,14353047,0
2022-09-11,495,7345040,442,6405133,11,590919,86,3411113,30,495974,125,3924027,3942,35538,4530,6716.14,18296144,14353519,0
2022-09-12,1677,7346717,1440,6406573,39,590958,205,3411318,91,496065,330,3924357,11658,47196,13540,8618.14,18309684,14355105,0
2022-09-13,1401,7348118,1272,6407845,33,590991,219,3411537,114,496179,382,3924739,9732,56928,11731,9690.29,18321415,14356771,0
2022-09-14,1411,7349529,1273,6409118,31,591022,225,3411762,123,496302,387,3925126,11022,67950,13065,10255.71,18334480,14358466,0
2022-09-15,1567,7351096,1285,6410403,22,591044,225,3411987,112,496414,372,3925498,12084,80034,14106,10868.86,18348586,14360151,0
2022-09-16,1692,7352788,1636,6412039,27,591071,269,3412256,155,496569,479,3925977,13803,93837,16263,11426,18364849,14362187,0
2022-09-17,802,7353590,869,6412908,12,591083,273,3412529,77,496646,373,3926350,6999,100836,8411,11663.71,18373260,14363249,0
2022-09-18,522,7354112,413,6413321,7,591090,74,3412603,26,496672,113,3926463,4480,105316,4972,11726.86,18378232,14363641,0
2022-09-19,1561,7355673,1325,6414646,29,591119,225,3412828,96,496768,347,3926810,13812,119128,15513,12008.71,18393745,14365021,0
2022-09-20,1444,7357117,1253,6415899,27,591146,219,3413047,90,496858,357,3927167,13216,132344,15014,12477.71,18408759,14366510,0
2022-09-21,1667,7358784,1352,6417251,31,591177,261,3413308,131,496989,426,3927593,14907,147251,16814,13013.29,18425573,14368025,0
2022-09-22,1469,7360253,1263,6418514,28,591205,173,3413481,138,497127,359,3927952,13226,160477,15043,13147.14,18440616,14369531,0
2022-09-23,1750,7362003,1652,6420166,24,591229,250,3413731,135,497262,448,3928400,16916,177393,19208,13567.86,18459824,14371438,0
2022-09-24,801,7362804,888,6421054,8,591237,267,3413998,67,497329,353,3928753,7486,184879,8837,13628.71,18468661,14372455,0
2022-09-25,485,7363289,395,6421449,1,591238,72,3414070,47,497376,128,3928881,4508,189387,4994,13631.86,18473655,14372822,0
2022-09-26,1577,7364866,1248,6422697,16,591254,284,3414354,144,497520,485,3929366,15013,204400,16706,13802.29,18490361,14374087,0
2022-09-27,1541,7366407,1308,6424005,26,591280,281,3414635,166,497686,483,3929849,14152,218552,16134,13962.29,18506495,14375622,0
2022-09-28,1618,7368025,1302,6425307,18,591298,189,3414824,184,497870,427,3930276,15497,234049,17270,14027.43,18523765,14377022,0
2022-09-29,1683,7369708,1301,6426608,19,591317,176,3415000,101,497971,313,3930589,15367,249416,17221,14338.57,18540986,14378599,0
2022-09-30,1646,7371354,1557,6428165,13,591330,181,3415181,174,498145,401,3930990,16486,265902,18650,14258.86,18559636,14380408,0
2022-10-01,720,7372074,669,6428834,5,591335,132,3415313,35,498180,176,3931166,7041,272943,7932,14129.57,18567568,14381132,0
2022-10-02,514,7372588,428,6429262,5,591340,48,3415361,45,498225,107,3931273,4429,277372,4838,14107.29,18572406,14381448,0
2022-10-03,1556,7374144,1189,6430451,23,591363,155,3415516,114,498339,315,3931588,14567,291939,15969,14002,18588375,14382581,0
2022-10-04,1383,7375527,1156,6431607,15,591378,150,3415666,120,498459,298,3931886,13401,305340,14798,13811.14,18603173,14383708,0
2022-10-05,1596,7377123,1286,6432893,17,591395,280,3415946,164,498623,497,3932383,14864,320204,16688,13728,18619861,14385088,0
2022-10-06,1495,7378618,1249,6434142,19,591414,166,3416112,161,498784,385,3932768,14955,335159,16623,13642.57,18636484,14386429,0
2022-10-07,1666,7380284,1428,6435570,15,591429,170,3416282,134,498918,366,3933134,17103,352262,19065,13701.86,18655549,14388087,0
2022-10-08,764,7381048,681,6436251,4,591433,144,3416426,62,498980,223,3933357,7696,359958,8626,13801,18664175,14388811,0
2022-10-09,492,7381540,410,6436661,5,591438,47,3416473,54,499034,119,3933476,4694,364652,5118,13841,18669293,14389134,0
2022-10-10,1550,7383090,1248,6437909,14,591452,174,3416647,116,499150,329,3933805,15195,379847,16490,13915.43,18685783,14390139,0
2022-10-11,1645,7384735,1104,6439013,19,591471,178,3416825,152,499302,385,3934190,14305,394152,15837,14063.86,18701620,14391341,0
2022-10-12,1863,7386598,1323,6440336,17,591488,134,3416959,182,499484,383,3934573,16262,410414,17859,14231.14,18719479,14392622,0
2022-10-13,1620,7388218,1149,6441485,28,591516,134,3417093,199,499683,404,3934977,14010,424424,15541,14076.57,18735020,14393820,0
2022-10-14,1818,7390036,1542,6443027,25,591541,130,3417223,179,499862,362,3935339,17191,441615,19176,14092.43,18754196,14395496,0
2022-10-15,772,7390808,637,6443664,9,591550,90,3417313,68,499930,179,3935518,7599,449214,8455,14068,18762651,14396194,0
2022-10-16,565,7391373,411,6444075,3,591553,25,3417338,65,499995,121,3935639,4727,453941,5170,14075.43,18767821,14396547,0
2022-10-17,1820,7393193,1254,6445329,18,591571,82,3417420,117,500112,236,3935875,16066,470007,17385,14203.29,18785206,14397667,0
2022-10-18,1692,7394885,1171,6446500,20,591591,101,3417521,141,500253,290,3936165,14623,484630,16010,14228,18801216,14398812,0
2022-10-19,2099,7396984,1327,6447827,21,591612,84,3417605,142,500395,289,3936454,16223,500853,17697,14204.86,18818913,14400060,0
2022-10-20,1696,7398680,1167,6448994,10,591622,88,3417693,152,500547,308,3936762,15390,516243,16844,14391,18835757,14401274,0
2022-10-21,1812,7400492,1346,6450340,11,591633,93,3417786,150,500697,300,3937062,16729,532972,18394,14279.29,18854151,14402696,0
2022-10-22,746,7401238,669,6451009,9,591642,44,3417830,46,500743,100,3937162,7676,540648,8406,14272.29,18862557,14403336,0
2022-10-23,523,7401761,369,6451378,3,591645,21,3417851,39,500782,69,3937231,4806,545454,5083,14259.86,18867640,14403553,0
2022-10-24,1748,7403509,1212,6452590,19,591664,71,3417922,112,500894,224,3937455,15543,560997,16830,14180.57,18884470,14404657,0
2022-10-25,1667,7405176,1186,6453776,12,591676,94,3418016,111,501005,234,3937689,15022,576019,16329,14226.14,18900799,14405759,0
2022-10-26,1859,7407035,1328,6455104,11,591687,90,3418106,171,501176,339,3938028,16798,592817,18273,14308.43,18919072,14406973,0
2022-10-27,1589,7408624,1073,6456177,13,591700,96,3418202,138,501314,289,3938317,15066,607883,16392,14243.86,18935464,14408065,0
2022-10-28,1706,7410330,1420,6457597,17,591717,107,3418309,153,501467,318,3938635,16749,624632,18562,14267.86,18954026,14409618,0
2022-10-29,697,7411027,545,6458142,9,591726,69,3418378,58,501525,141,3938776,7732,632364,8410,14268.43,18962436,14410169,0
2022-10-30,523,7411550,305,6458447,3,591729,19,3418397,57,501582,92,3938868,4490,636854,4778,14224.86,18967214,14410381,0
2022-10-31,1678,7413228,1111,6459558,8,591737,47,3418444,127,501709,218,3939086,14570,651424,15518,14037.43,18982732,14411155,0
2022-11-01,1669,7414897,1024,6460582,18,591755,78,3418522,129,501838,238,3939324,13604,665028,14921,13836.29,18997653,14412265,0
2022-11-02,1743,7416640,1127,6461709,17,591772,89,3418611,122,501960,253,3939577,14867,679895,16139,13531.43,19013792,14413326,0
2022-11-03,1422,7418062,1036,6462745,14,591786,84,3418695,165,502125,326,3939903,12611,692506,13885,13173.29,19027677,14414351,0
2022-11-04,1744,7419806,1223,6463968,14,591800,101,3418796,141,502266,275,3940178,15428,707934,17032,12954.71,19044709,14415713,0
2022-11-05,824,7420630,532,6464500,6,591806,67,3418863,80,502346,161,3940339,7029,714963,7749,12860.29,19052458,14416286,0
2022-11-06,407,7421037,330,6464830,4,591810,20,3418883,49,502395,106,3940445,4068,719031,4411,12807.86,19056869,14416560,0
2022-11-07,1638,7422675,1067,6465897,14,591824,75,3418958,99,502494,210,3940655,13211,732242,14370,12643.86,19071239,14417545,0
2022-11-08,1536,7424211,1012,6466909,7,591831,97,3419055,130,502624,268,3940923,12057,744299,13319,12415,19084558,14418580,0
2022-11-09,1571,7425782,1058,6467967,9,591840,85,3419140,114,502738,246,3941169,12181,756480,13443,12029.86,19098001,14419643,0
2022-11-10,1485,7427267,1010,6468977,14,591854,73,3419213,147,502885,277,3941446,12272,768752,13556,11982.86,19111557,14420707,0
2022-11-11,1507,7428774,1080,6470057,11,591865,98,3419311,101,502986,220,3941666,12829,781581,14261,11587,19125818,14421940,0
2022-11-12,673,7429447,516,6470573,2,591867,57,3419368,61,503047,128,3941794,6429,788010,7052,11487.43,19132870,14422445,0
2022-11-13,495,7429942,343,6470916,4,591871,15,3419383,68,503115,98,3941892,3892,791902,4210,11458.71,19137080,14422680,0
2022-11-14,1447,7431389,1028,6471944,19,591890,59,3419442,114,503229,204,3942096,11626,803528,12740,11225.86,19149820,14423621,0
2022-11-15,1490,7432879,1005,6472949,15,591905,103,3419545,166,503395,294,3942390,11280,814808,12660,11131.71,19162480,14424732,0
2022-11-16,1610,7434489,1035,6473984,21,591926,67,3419612,145,503540,247,3942637,11570,826378,12815,11042,19175295,14425765,0
2022-11-17,1401,7435890,972,6474956,10,591936,65,3419677,166,503706,272,3942909,10519,836897,11792,10790,19187087,14426807,0
2022-11-18,1572,7437462,1097,6476053,12,591948,68,3419745,118,503824,217,3943126,12330,849227,13922,10741.57,19201009,14428213,0
2022-11-19,679,7438141,439,6476492,4,591952,57,3419802,60,503884,126,3943252,5898,855125,6564,10671.86,19207573,14428762,0
2022-11-20,474,7438615,310,6476802,4,591956,12,3419814,35,503919,65,3943317,3541,858666,3841,10619.14,19211414,14429015,0
2022-11-21,1518,7440133,919,6477721,4,591960,51,3419865,81,504000,149,3943466,10396,869062,11369,10423.29,19222783,14429856,0
2022-11-22,1270,7441403,818,6478539,7,591967,53,3419918,88,504088,157,3943623,9259,878321,10273,10082.29,19233056,14430729,0
2022-11-23,1294,7442697,734,6479273,11,591978,63,3419981,75,504163,164,3943787,8676,886997,9607,9624,19242663,14431522,0
2022-11-24,18,7442715,9,6479282,2,591980,0,3419981,6,504169,8,3943795,111,887108,136,7958.86,19242799,14431541,0
2022-11-25,679,7443394,474,6479756,13,591993,37,3420018,54,504223,111,3943906,5681,892789,6413,6886.14,19249212,14432182,0
2022-11-26,590,7443984,379,6480135,2,591995,15,3420033,42,504265,62,3943968,4891,897680,5329,6709.71,19254541,14432563,0
2022-11-27,399,7444383,219,6480354,1,591996,10,3420043,23,504288,48,3944016,3172,900852,3360,6641,19257901,14432718,0
2022-11-28,952,7445335,698,6481052,9,592005,57,3420100,63,504351,140,3944156,6960,907812,7920,6148.29,19265821,14433558,0
2022-11-29,926,7446261,707,6481759,8,592013,45,3420145,73,504424,144,3944300,6933,914745,7968,5819,19273789,14434475,0
2022-11-30,1215,7447476,867,6482626,16,592029,49,3420194,53,504477,123,3944423,8726,923471,9732,5836.86,19283521,14435379,0
2022-12-01,1129,7448605,768,6483394,11,592040,60,3420254,95,504572,182,3944605,8482,931953,9545,7181,19293066,14436287,0
2022-12-02,1319,7449924,969,6484363,14,592054,70,3420324,103,504675,194,3944799,10227,942180,11550,7914.86,19304616,14437437,0
2022-12-03,611,7450535,420,6484783,12,592066,42,3420366,41,504716,86,3944885,4936,947116,5460,7933.57,19310076,14437878,0
2022-12-04,417,7450952,281,6485064,4,592070,7,3420373,26,504742,40,3944925,3277,950393,3501,7953.71,19313577,14438069,0
2022-12-05,1160,7452112,769,6485833,15,592085,56,3420429,69,504811,141,3945066,8609,959002,9607,8194.71,19323184,14438942,0
2022-12-06,1173,7453285,765,6486598,13,592098,63,3420492,87,504898,169,3945235,8150,967152,9141,8362.29,19332325,14439783,0
2022-12-07,1214,7454499,753,6487351,12,592110,63,3420555,80,504978,165,3945400,8313,975465,9334,8305.43,19341659,14440661,0
2022-12-08,1108,7455607,742,6488093,14,592124,67,3420622,76,505054,165,3945565,8690,984155,9718,8330.14,19351377,14441546,0
2022-12-09,1249,7456856,971,6489064,13,592137,81,3420703,102,505156,209,3945774,10418,994573,11785,8363.71,19363162,14442730,0
2022-12-10,679,7457535,461,6489525,7,592144,38,3420741,75,505231,131,3945905,6140,1000713,6716,8543.14,19369878,14443193,0
2022-12-11,431,7457966,262,6489787,4,592148,11,3420752,35,505266,56,3945961,3686,1004399,3888,8598.43,19373766,14443349,0
2022-12-12,1338,7459304,802,6490589,19,592167,78,3420830,105,505371,208,3946169,9985,1014384,11031,8801.86,19384797,14444212,0
2022-12-13,1268,7460572,841,6491430,17,592184,50,3420880,98,505469,177,3946346,9725,1024109,10755,9032.43,19395552,14445094,0
2022-12-14,1196,7461768,829,6492259,12,592196,67,3420947,99,505568,193,3946539,9647,1033756,10624,9216.71,19406176,14445905,0
2022-12-15,1196,7462964,698,6492957,10,592206,57,3421004,108,505676,181,3946720,8454,1042210,9414,9173.29,19415590,14446700,0
2022-12-16,1202,7464166,803,6493760,12,592218,67,3421071,124,505800,214,3946934,9375,1051585,10544,8996,19426134,14447678,0
2022-12-17,657,7464823,461,6494221,8,592226,29,3421100,35,505835,78,3947012,5805,1057390,6278,8933.43,19432412,14448087,0
2022-12-18,454,7465277,236,6494457,2,592228,14,3421114,23,505858,47,3947059,3465,1060855,3670,8902.29,19436082,14448255,0
2022-12-19,1211,7466488,780,6495237,7,592235,50,3421164,80,505938,144,3947203,8918,1069773,9820,8729.29,19445902,14449027,0
2022-12-20,1212,7467700,758,6495995,18,592253,82,3421246,138,506076,277,3947480,8580,1078353,9707,8579.57,19455609,14449934,0
2022-12-21,1093,7468793,693,6496688,16,592269,49,3421295,93,506169,172,3947652,8275,1086628,9144,8368.14,19464753,14450661,0
2022-12-22,996,7469789,585,6497273,4,592273,42,3421337,72,506241,132,3947784,6926,1093554,7654,8116.71,19472407,14451275,0
2022-12-23,832,7470621,509,6497782,11,592284,40,3421377,57,506298,110,3947894,5880,1099434,6483,7536.57,19478890,14451781,0
2022-12-24,191,7470812,111,6497893,1,592285,2,3421379,15,506313,20,3947914,1378,1100812,1498,6853.71,19480388,14451884,0
2022-12-25,5,7470817,3,6497896,0,592285,0,3421379,0,506313,0,3947914,29,1100841,32,6334,19480420,14451887,0
2022-12-26,571,7471388,268,6498164,16,592301,14,3421393,22,506335,41,3947955,3294,1104135,3599,5445.29,19484019,14452156,0
2022-12-27,1086,7472474,606,6498770,13,592314,55,3421448,58,506393,123,3948078,7220,1111355,8017,5203.86,19492036,14452840,0
2022-12-28,1066,7473540,561,6499331,8,592322,53,3421501,62,506455,125,3948203,6980,1118335,7765,5006.86,19499801,14453510,0
2022-12-29,1014,7474554,584,6499915,9,592331,47,3421548,87,506542,158,3948361,6582,1124917,7403,4971,19507204,14454197,0
2022-12-30,954,7475508,537,6500452,9,592340,47,3421595,47,506589,104,3948465,6121,1131038,6840,5022,19514044,14454822,0
2022-12-31,306,7475814,166,6500618,4,592344,16,3421611,10,506599,29,3948494,1807,1132845,1984,5091.43,19516028,14454973,0
2023-01-01,15,7475829,9,6500627,0,592344,1,3421612,5,506604,6,3948500,54,1132899,76,5097.71,19516104,14454989,0
2023-01-02,657,7476486,326,6500953,10,592354,14,3421626,23,506627,43,3948543,3659,1136558,4004,5155.57,19520108,14455297,0
2023-01-03,966,7477452,587,6501540,9,592363,41,3421667,55,506682,110,3948653,5461,1142019,6240,4901.71,19526348,14455980,0
2023-01-04,1087,7478539,672,6502212,17,592380,50,3421717,60,506742,129,3948782,6099,1148118,6959,4786.57,19533307,14456730,0
2023-01-05,1005,7479544,585,6502797,23,592403,34,3421751,86,506828,140,3948922,5727,1153845,6643,4678,19539950,14457526,0
2023-01-06,1051,7480595,775,6503572,17,592420,49,3421800,81,506909,142,3949064,6482,1160327,7526,4776,19547476,14458440,0
2023-01-07,605,7481200,432,6504004,8,592428,18,3421818,34,506943,58,3949122,4432,1164759,4893,5191.57,19552369,14458849,0
2023-01-08,379,7481579,244,6504248,4,592432,12,3421830,29,506972,48,3949170,2556,1167315,2768,5576.14,19555137,14459020,0
2023-01-09,951,7482530,559,6504807,17,592449,49,3421879,39,507011,98,3949268,5591,1172906,6409,5919.71,19561546,14459750,0
2023-01-10,841,7483371,636,6505443,8,592457,47,3421926,65,507076,125,3949393,5289,1178195,6150,5906.86,19567696,14460499,0
2023-01-11,861,7484232,546,6505989,21,592478,45,3421971,53,507129,118,3949511,5162,1183357,5936,5760.71,19573632,14461175,0
2023-01-12,741,7484973,484,6506473,24,592502,45,3422016,79,507208,141,3949652,4501,1187858,5342,5574.86,19578974,14461892,0
2023-01-13,805,7485778,555,6507028,11,592513,66,3422082,56,507264,139,3949791,5345,1193203,6231,5389.86,19585205,14462656,0
2023-01-14,505,7486283,280,6507308,10,592523,25,3422107,30,507294,57,3949848,3211,1196414,3608,5206.29,19588813,14462998,0
2023-01-15,281,7486564,148,6507456,4,592527,15,3422122,22,507316,52,3949900,1787,1198201,1980,5093.71,19590793,14463154,0
2023-01-16,501,7487065,297,6507753,11,592538,31,3422153,26,507342,64,3949964,2745,1200946,3174,4631.57,19593967,14463526,0
2023-01-17,793,7487858,472,6508225,19,592557,48,3422201,74,507416,135,3950099,3805,1204751,4660,4418.71,19598627,14464259,0
2023-01-18,797,7488655,474,6508699,14,592571,47,3422248,61,507477,115,3950214,3728,1208479,4523,4216.86,19603150,14464946,0
2023-01-19,654,7489309,429,6509128,6,592577,48,3422296,32,507509,99,3950313,3157,1211636,3893,4009.86,19607043,14465602,0
2023-01-20,673,7489982,461,6509589,22,592599,38,3422334,38,507547,83,3950396,3595,1215231,4351,3741.29,19611394,14466282,0
2023-01-21,366,7490348,190,6509779,12,592611,16,3422350,12,507559,29,3950425,1867,1217098,2162,3534.71,19613556,14466549,0
2023-01-22,222,7490570,63,6509842,5,592616,0,3422350,2,507561,3,3950428,866,1217964,966,3389.86,19614522,14466647,0
2023-01-23,637,7491207,332,6510174,12,592628,14,3422364,45,507606,67,3950495,2716,1220680,3374,3418.43,19617896,14467246,0
2023-01-24,571,7491778,386,6510560,15,592643,35,3422399,33,507639,81,3950576,3008,1223688,3648,3273.86,19621544,14467818,0
2023-01-25,593,7492371,345,6510905,19,592662,31,3422430,36,507675,80,3950656,2653,1226341,3302,3099.43,19624846,14468400,0
2023-01-26,559,7492930,345,6511250,18,592680,33,3422463,50,507725,100,3950756,2668,1229009,3322,3017.86,19628168,14468971,0
2023-01-27,560,7493490,434,6511684,11,592691,34,3422497,45,507770,87,3950843,2791,1231800,3519,2899,19631687,14469620,0
2023-01-28,357,7493847,181,6511865,5,592696,21,3422518,38,507808,67,3950910,1535,1233335,1873,2857.71,19633560,14469899,0
2023-01-29,230,7494077,114,6511979,2,592698,10,3422528,10,507818,24,3950934,958,1234293,1107,2877.86,19634667,14470028,0
2023-01-30,597,7494674,388,6512367,18,592716,37,3422565,35,507853,75,3951009,2464,1236757,3173,2849.14,19637840,14470665,0
2023-01-31,499,7495173,347,6512714,11,592727,28,3422593,46,507899,86,3951095,2389,1239146,2998,2756.29,19640838,14471200,0
2023-02-01,469,7495642,327,6513041,15,592742,39,3422632,42,507941,89,3951184,2278,1241424,2898,2698.57,19643736,14471739,0
2023-02-02,452,7496094,334,6513375,13,592755,34,3422666,33,507974,77,3951261,2113,1243537,2713,2611.57,19646449,14472272,0
2023-02-03,526,7496620,386,6513761,12,592767,24,3422690,32,508006,61,3951322,2298,1245835,2967,2532.71,19649416,14472885,120000
2023-02-04,234,7496854,153,6513914,7,592774,13,3422703,14,508020,28,3951350,1128,1246963,1374,2461.43,19650790,14473104,120000
2023-02-05,199,7497053,95,6514009,0,592774,2,3422705,14,508034,18,3951368,848,1247811,960,2440.43,19651750,14473200,120000
2023-02-06,570,7497623,300,6514309,6,592780,26,3422731,28,508062,63,3951431,2220,1250031,2766,2382.29,19654516,14473692,120000
2023-02-07,451,7498074,355,6514664,4,592784,22,3422753,30,508092,59,3951490,2235,1252266,2800,2354,19657316,14474205,120000
2023-02-08,400,7498474,304,6514968,3,592787,27,3422780,29,508121,61,3951551,2128,1254394,2626,2315.14,19659942,14474647,120000
2023-02-09,158,7498632,144,6515112,0,592787,18,3422798,16,508137,38,3951589,775,1255169,1044,2076.71,19660986,14474882,120000
