"DATE","ADMIN_DOSE1_DAILY","ADMIN_DOSE1_CUMULATIVE","ADMIN_DOSE2_DAILY","ADMIN_DOSE2_CUMULATIVE","ADMIN_SINGLE_DAILY","ADMIN_SINGLE_CUMULATIVE","ADMIN_ADDITIONAL1_DAILY","ADMIN_ADDITIONAL1_CUMULATIVE","ADMIN_ADDITIONAL2_DAILY","ADMIN_ADDITIONAL2_CUMULATIVE","ADMIN_ADDITIONAL_DAILY","ADMIN_ADDITIONAL_CUMULATIVE","ADMIN_ALLDOSES_DAILY","ADMIN_ALLDOSES_7DAYAVG","ADMIN_ALLDOSES_CUMULATIVE","INCOMPLETE"
"2020-12-14",79,79,0,0,0,0,0,0,0,0,0,0,79,,79,0
"2020-12-15",2051,2130,6,6,5,5,0,0,0,0,0,0,2062,,2141,0
"2020-12-16",4607,6737,14,20,3,8,1,1,0,0,1,1,4625,,6766,0
"2020-12-17",4657,11394,18,38,1,9,1,2,0,0,1,2,4677,,11443,0
"2020-12-18",5832,17226,18,56,2,11,2,4,0,0,2,4,5854,,17297,0
"2020-12-19",1689,18915,7,63,3,14,0,4,0,0,0,4,1699,,18996,0
"2020-12-20",1116,20031,2,65,1,15,0,4,0,0,0,4,1119,2873.57,20115,0
"2020-12-21",6343,26374,20,85,0,15,5,9,0,0,5,9,6368,3772,26483,0
"2020-12-22",9795,36169,27,112,2,17,1,10,0,0,1,10,9825,4881,36308,0
"2020-12-23",14274,50443,35,147,3,20,0,10,0,0,0,10,14312,6264.86,50620,0
"2020-12-24",7195,57638,26,173,1,21,0,10,0,0,0,10,7222,6628.43,57842,0
"2020-12-25",180,57818,0,173,0,21,1,11,0,0,1,11,181,5818,58023,0
"2020-12-26",4388,62206,45,218,0,21,1,12,0,0,1,12,4434,6208.71,62457,0
"2020-12-27",3870,66076,14,232,0,21,1,13,0,0,1,13,3885,6603.86,66342,0
"2020-12-28",10992,77068,49,281,1,22,2,15,0,0,2,15,11044,7271.86,77386,0
"2020-12-29",10717,87785,35,316,2,24,2,17,0,0,2,17,10756,7404.86,88142,0
"2020-12-30",12824,100609,44,360,0,24,0,17,0,0,0,17,12868,7198.57,101010,0
"2020-12-31",7262,107871,34,394,1,25,0,17,0,0,0,17,7297,7209.29,108307,0
"2021-01-01",181,108052,2,396,1,26,3,20,0,0,3,20,187,7210.14,108494,0
"2021-01-02",3809,111861,10,406,3,29,2,22,0,0,2,22,3824,7123,112318,0
"2021-01-03",3542,115403,24,430,2,31,1,23,0,0,1,23,3569,7077.86,115887,0
"2021-01-04",12256,127659,806,1236,2,33,7,30,0,0,7,30,13071,7367.43,128958,0
"2021-01-05",14091,141750,2191,3427,2,35,12,42,1,1,13,43,16297,8159,145255,0
"2021-01-06",17801,159551,3925,7352,1,36,29,71,8,9,37,80,21764,9429.86,167019,0
"2021-01-07",16550,176101,5171,12523,4,40,45,116,3,12,48,128,21773,11497.86,188792,0
"2021-01-08",16617,192718,5456,17979,0,40,34,150,4,16,38,166,22111,14629.86,210903,0
"2021-01-09",7651,200369,1462,19441,1,41,7,157,2,18,9,175,9123,15386.86,220026,0
"2021-01-10",7882,208251,982,20423,0,41,10,167,0,18,10,185,8874,16144.71,228900,0
"2021-01-11",25825,234076,7454,27877,2,43,49,216,8,26,57,242,33338,19040,262238,0
"2021-01-12",28257,262333,7859,35736,1,44,44,260,4,30,48,290,36165,21878.29,298403,0
"2021-01-13",31723,294056,9391,45127,1,45,57,317,4,34,61,351,41176,24651.43,339579,0
"2021-01-14",35815,329871,5313,50440,1,46,30,347,7,41,37,388,41166,27421.86,380745,0
"2021-01-15",29267,359138,3703,54143,2,48,31,378,5,46,36,424,33008,28978.57,413753,0
"2021-01-16",30289,389427,2378,56521,0,48,24,402,6,52,30,454,32697,32346.29,446450,0
"2021-01-17",23748,413175,1630,58151,0,48,19,421,1,53,20,474,25398,34706.86,471848,0
"2021-01-18",27102,440277,2413,60564,0,48,36,457,7,60,43,517,29558,34166.86,501406,0
"2021-01-19",34297,474574,9629,70193,1,49,69,526,6,66,75,592,44002,35286.43,545408,0
"2021-01-20",34868,509442,9493,79686,1,50,58,584,4,70,62,654,44424,35750.43,589832,0
"2021-01-21",25590,535032,8093,87779,2,52,49,633,5,75,54,708,33739,34689.43,623571,0
"2021-01-22",24754,559786,4382,92161,1,53,32,665,7,82,39,747,29176,34142,652747,0
"2021-01-23",15743,575529,3224,95385,0,53,10,675,2,84,12,759,18979,32182.29,671726,0
"2021-01-24",7179,582708,3453,98838,0,53,19,694,1,85,20,779,10652,30075.71,682378,0
"2021-01-25",13412,596120,11819,110657,0,53,65,759,12,97,77,856,25308,29468.57,707686,0
"2021-01-26",16764,612884,10752,121409,0,53,68,827,2,99,70,926,27586,27123.43,735272,0
"2021-01-27",20836,633720,12355,133764,0,53,53,880,8,107,61,987,33252,25527.43,768524,0
"2021-01-28",30764,664484,12846,146610,0,53,81,961,16,123,97,1084,43707,26951.43,812231,0
"2021-01-29",31692,696176,11507,158117,0,53,79,1040,10,133,89,1173,43288,28967.43,855519,0
"2021-01-30",18705,714881,3744,161861,0,53,20,1060,2,135,22,1195,22471,29466.29,877990,0
"2021-01-31",13017,727898,2923,164784,1,54,29,1089,4,139,33,1228,15974,30226.57,893964,0
"2021-02-01",1179,729077,5370,170154,4,58,35,1124,4,143,39,1267,6592,27552.86,900556,0
"2021-02-02",2827,731904,9475,179629,2,60,47,1171,4,147,51,1318,12355,25377,912911,0
"2021-02-03",16348,748252,21247,200876,4,64,201,1372,20,167,221,1539,37820,26029.57,950731,0
"2021-02-04",27045,775297,19650,220526,3,67,200,1572,10,177,210,1749,46908,26486.86,997639,0
"2021-02-05",27591,802888,20039,240565,0,67,180,1752,15,192,195,1944,47825,27135,1045464,0
"2021-02-06",22991,825879,11246,251811,0,67,110,1862,12,204,122,2066,34359,28833.29,1079823,0
"2021-02-07",12041,837920,8283,260094,1,68,91,1953,14,218,105,2171,20430,29469.86,1100253,0
"2021-02-08",16956,854876,23518,283612,2,70,235,2188,34,252,269,2440,40745,34348.86,1140998,0
"2021-02-09",17190,872066,28109,311721,2,72,337,2525,42,294,379,2819,45680,39109.57,1186678,0
"2021-02-10",19591,891657,29313,341034,2,74,253,2778,49,343,302,3121,49208,40736.43,1235886,0
"2021-02-11",27849,919506,33472,374506,2,76,337,3115,56,399,393,3514,61716,42851.86,1297602,0
"2021-02-12",38389,957895,30804,405310,3,79,352,3467,38,437,390,3904,69586,45960.57,1367188,0
"2021-02-13",28005,985900,25315,430625,2,81,305,3772,52,489,357,4261,53679,48720.57,1420867,0
"2021-02-14",16277,1002177,23735,454360,0,81,263,4035,31,520,294,4555,40306,51560,1461173,0
"2021-02-15",12795,1014972,10527,464887,2,83,173,4208,23,543,196,4751,23520,49099.29,1484693,0
"2021-02-16",14242,1029214,26730,491617,0,83,322,4530,35,578,357,5108,41329,48477.71,1526022,0
"2021-02-17",16392,1045606,22195,513812,1,84,282,4812,37,615,319,5427,38907,47006.14,1564929,0
"2021-02-18",12150,1057756,24995,538807,21,105,288,5100,42,657,330,5757,37496,43546.14,1602425,0
"2021-02-19",13261,1071017,23936,562743,39,144,304,5404,44,701,348,6105,37584,38974.43,1640009,0
"2021-02-20",11353,1082370,26073,588816,6,150,327,5731,78,779,405,6510,37837,36711.29,1677846,0
"2021-02-21",6360,1088730,17420,606236,15,165,287,6018,44,823,331,6841,24126,34399.86,1701972,0
"2021-02-22",13045,1101775,11847,618083,2,167,125,6143,19,842,144,6985,25038,34616.71,1727010,0
"2021-02-23",25249,1127024,14146,632229,1,168,156,6299,34,876,190,7175,39586,34367.71,1766596,0
"2021-02-24",36359,1163383,20396,652625,0,168,226,6525,38,914,264,7439,57019,36955.14,1823615,0
"2021-02-25",54619,1218002,30394,683019,6,174,397,6922,63,977,460,7899,85479,43809.86,1909094,0
"2021-02-26",62864,1280866,31870,714889,4,178,415,7337,78,1055,493,8392,95231,52045.14,2004325,0
"2021-02-27",51301,1332167,22747,737636,47,225,334,7671,52,1107,386,8778,74481,57280,2078806,0
"2021-02-28",44588,1376755,13829,751465,7,232,204,7875,34,1141,238,9016,58662,62213.71,2137468,0
"2021-03-01",39318,1416073,12779,764244,10,242,168,8043,25,1166,193,9209,52300,66108.29,2189768,0
"2021-03-02",47083,1463156,12578,776822,7,249,159,8202,14,1180,173,9382,59841,69001.86,2249609,0
"2021-03-03",48606,1511762,16156,792978,17,266,147,8349,21,1201,168,9550,64947,70134.43,2314556,0
"2021-03-04",59819,1571581,22823,815801,1092,1358,269,8618,34,1235,303,9853,84037,69928.43,2398593,0
"2021-03-05",60987,1632568,24284,840085,3109,4467,333,8951,35,1270,368,10221,88748,69002.29,2487341,0
"2021-03-06",47175,1679743,18882,858967,5451,9918,241,9192,36,1306,277,10498,71785,68617.14,2559126,0
"2021-03-07",36041,1715784,14884,873851,6246,16164,228,9420,20,1326,248,10746,57419,68439.57,2616545,0
"2021-03-08",39630,1755414,14680,888531,8563,24727,314,9734,91,1417,405,11151,63278,70007.86,2679823,0
"2021-03-09",39106,1794520,12855,901386,7762,32489,180,9914,34,1451,214,11365,59937,70021.57,2739760,0
"2021-03-10",51828,1846348,15358,916744,5066,37555,225,10139,32,1483,257,11622,72509,71101.86,2812269,0
"2021-03-11",59989,1906337,21823,938567,4619,42174,247,10386,48,1531,295,11917,86726,71486,2898995,0
"2021-03-12",52201,1958538,30312,968879,4182,46356,376,10762,85,1616,461,12378,87156,71258.57,2986151,0
"2021-03-13",40650,1999188,26689,995568,5110,51466,324,11086,51,1667,375,12753,72824,71407,3058975,0
"2021-03-14",30718,2029906,15969,1011537,4525,55991,243,11329,27,1694,270,13023,51482,70558.86,3110457,0
"2021-03-15",33589,2063495,17259,1028796,4711,60702,235,11564,33,1727,268,13291,55827,69494.43,3166284,0
"2021-03-16",38671,2102166,20515,1049311,4927,65629,256,11820,35,1762,291,13582,64404,70132.57,3230688,0
"2021-03-17",42619,2144785,24796,1074107,4244,69873,342,12162,37,1799,379,13961,72038,70065.29,3302726,0
"2021-03-18",50448,2195233,26807,1100914,5236,75109,371,12533,60,1859,431,14392,82922,69521.86,3385648,0
"2021-03-19",47794,2243027,29965,1130879,5624,80733,390,12923,70,1929,460,14852,83843,69048.57,3469491,0
"2021-03-20",38713,2281740,25838,1156717,4686,85419,296,13219,59,1988,355,15207,69592,68586.86,3539083,0
"2021-03-21",29304,2311044,19355,1176072,769,86188,224,13443,44,2032,268,15475,49696,68331.71,3588779,0
"2021-03-22",33866,2344910,26742,1202814,4037,90225,262,13705,38,2070,300,15775,64945,69634.29,3653724,0
"2021-03-23",38435,2383345,32844,1235658,4218,94443,294,13999,55,2125,349,16124,75846,71268.86,3729570,0
"2021-03-24",41498,2424843,37607,1273265,4848,99291,329,14328,62,2187,391,16515,84344,73026.86,3813914,0
"2021-03-25",43403,2468246,50806,1324071,5055,104346,473,14801,86,2273,559,17074,99823,75441.29,3913737,0
"2021-03-26",38504,2506750,55516,1379587,4309,108655,527,15328,98,2371,625,17699,98954,77600,4012691,0
"2021-03-27",35737,2542487,45759,1425346,2939,111594,417,15745,82,2453,499,18198,84934,79791.71,4097625,0
"2021-03-28",26390,2568877,34459,1459805,1482,113076,334,16079,66,2519,400,18598,62731,81653.86,4160356,0
"2021-03-29",34816,2603693,38871,1498676,3246,116322,344,16423,111,2630,455,19053,77388,83431.43,4237744,0
"2021-03-30",40512,2644205,41925,1540601,3714,120036,340,16763,65,2695,405,19458,86556,84961.43,4324300,0
"2021-03-31",49397,2693602,44875,1585476,7441,127477,403,17166,87,2782,490,19948,102203,87512.71,4426503,0
"2021-04-01",50781,2744383,53956,1639432,11276,138753,499,17665,84,2866,583,20531,116596,89908.86,4543099,0
"2021-04-02",43757,2788140,53890,1693322,11971,150724,548,18213,72,2938,620,21151,110238,91520.86,4653337,0
"2021-04-03",39250,2827390,39221,1732543,9859,160583,333,18546,58,2996,391,21542,88721,92061.86,4742058,0
"2021-04-04",26556,2853946,24790,1757333,3903,164486,224,18770,49,3045,273,21815,55522,91032,4797580,0
"2021-04-05",41885,2895831,34488,1791821,11198,175684,371,19141,61,3106,432,22247,88003,92548.43,4885583,0
"2021-04-06",53266,2949097,35618,1827439,13218,188902,432,19573,74,3180,506,22753,102608,94841.57,4988191,0
"2021-04-07",55508,3004605,40699,1868138,14389,203291,402,19975,80,3260,482,23235,111078,96109.43,5099269,0
"2021-04-08",59261,3063866,46600,1914738,16341,219632,520,20495,85,3345,605,23840,122807,96996.71,5222076,0
"2021-04-09",56651,3120517,44960,1959698,17559,237191,518,21013,76,3421,594,24434,119764,98357.57,5341840,0
"2021-04-10",49346,3169863,35651,1995349,12726,249917,388,21401,60,3481,448,24882,98171,99707.57,5440011,0
"2021-04-11",38181,3208044,28820,2024169,7682,257599,294,21695,57,3538,351,25233,75034,102495,5515045,0
"2021-04-12",46637,3254681,31844,2056013,13501,271100,466,22161,65,3603,531,25764,92513,103139.29,5607558,0
"2021-04-13",52548,3307229,33790,2089803,368,271468,394,22555,63,3666,457,26221,87163,100932.86,5694721,0
"2021-04-14",50146,3357375,39960,2129763,20,271488,368,22923,73,3739,441,26662,90567,98002.71,5785288,0
"2021-04-15",52119,3409494,43686,2173449,16,271504,454,23377,104,3843,558,27220,96379,94227.29,5881667,0
"2021-04-16",51189,3460683,42214,2215663,32,271536,427,23804,68,3911,495,27715,93930,90536.71,5975597,0
"2021-04-17",43835,3504518,35699,2251362,3,271539,363,24167,83,3994,446,28161,79983,87938.43,6055580,0
"2021-04-18",28607,3533125,29369,2280731,7,271546,252,24419,64,4058,316,28477,58299,85547.71,6113879,0
"2021-04-19",37468,3570593,36453,2317184,22,271568,323,24742,64,4122,387,28864,74330,82950.14,6188209,0
"2021-04-20",40813,3611406,39629,2356813,19,271587,314,25056,78,4200,392,29256,80853,82048.71,6269062,0
"2021-04-21",38898,3650304,46017,2402830,16,271603,498,25554,97,4297,595,29851,85526,81328.57,6354588,0
"2021-04-22",38492,3688796,48961,2451791,9,271612,340,25894,74,4371,414,30265,87876,80113.86,6442464,0
"2021-04-23",39696,3728492,44381,2496172,3,271615,350,26244,73,4444,423,30688,84503,78767.14,6526967,0
"2021-04-24",31947,3760439,41605,2537777,44,271659,276,26520,63,4507,339,31027,73935,77903.14,6600902,0
"2021-04-25",18423,3778862,31226,2569003,86,271745,197,26717,57,4564,254,31281,49989,76716,6650891,0
"2021-04-26",26968,3805830,40740,2609743,1013,272758,284,27001,86,4650,370,31651,69091,75967.57,6719982,0
"2021-04-27",28575,3834405,47143,2656886,1698,274456,351,27352,92,4742,443,32094,77859,75539.86,6797841,0
"2021-04-28",27032,3861437,56843,2713729,2147,276603,432,27784,100,4842,532,32626,86554,75686.71,6884395,0
"2021-04-29",28613,3890050,57200,2770929,2149,278752,366,28150,101,4943,467,33093,88429,75765.71,6972824,0
"2021-04-30",30119,3920169,51994,2822923,2055,280807,283,28433,74,5017,357,33450,84525,75768.86,7057349,0
"2021-05-01",22478,3942647,44541,2867464,1177,281984,233,28666,64,5081,297,33747,68493,74991.43,7125842,0
"2021-05-02",11922,3954569,36656,2904120,1081,283065,141,28807,54,5135,195,33942,49854,74972.14,7175696,0
"2021-05-03",18024,3972593,53032,2957152,2383,285448,252,29059,92,5227,344,34286,73783,75642.43,7249479,0
"2021-05-04",22741,3995334,56650,3013802,2331,287779,267,29326,116,5343,383,34669,82105,76249,7331584,0
"2021-05-05",21479,4016813,48769,3062571,2313,290092,309,29635,100,5443,409,35078,72970,74308.43,7404554,0
"2021-05-06",20680,4037493,50180,3112751,2508,292600,271,29906,89,5532,360,35438,73728,72208.29,7478282,0
"2021-05-07",21252,4058745,52098,3164849,2813,295413,308,30214,76,5608,384,35822,76547,71068.57,7554829,0
"2021-05-08",16629,4075374,41870,3206719,1835,297248,231,30445,68,5676,299,36121,60633,69945.71,7615462,0
"2021-05-09",7973,4083347,29414,3236133,1260,298508,149,30594,56,5732,205,36326,38852,68374,7654314,0
"2021-05-10",14385,4097732,38537,3274670,2355,300863,233,30827,90,5822,323,36649,55600,65776.43,7709914,0
"2021-05-11",19912,4117644,43064,3317734,2514,303377,281,31108,85,5907,366,37015,65856,63455.14,7775770,0
"2021-05-12",17820,4135464,40548,3358282,3596,306973,227,31335,79,5986,306,37321,62270,61926.57,7838040,0
"2021-05-13",24972,4160436,40433,3398715,3230,310203,260,31595,76,6062,336,37657,68971,61247,7907011,0
"2021-05-14",27037,4187473,42926,3441641,3537,313740,262,31857,96,6158,358,38015,73858,60862.86,7980869,0
"2021-05-15",23651,4211124,34920,3476561,3365,317105,252,32109,75,6233,327,38342,62263,61095.71,8043132,0
"2021-05-16",15523,4226647,19455,3496016,2496,319601,121,32230,45,6278,166,38508,37640,60922.57,8080772,0
"2021-05-17",22673,4249320,29146,3525162,3255,322856,178,32408,67,6345,245,38753,55319,60882.43,8136091,0
"2021-05-18",24638,4273958,31911,3557073,3406,326262,238,32646,72,6417,310,39063,60265,60083.71,8196356,0
"2021-05-19",24193,4298151,29719,3586792,3040,329302,227,32873,47,6464,274,39337,57226,59363.14,8253582,0
"2021-05-20",24152,4322303,30100,3616892,3162,332464,262,33135,86,6550,348,39685,57762,57761.86,8311344,0
"2021-05-21",24679,4346982,32002,3648894,3056,335520,245,33380,58,6608,303,39988,60040,55787.86,8371384,0
"2021-05-22",20021,4367003,24365,3673259,2525,338045,163,33543,48,6656,211,40199,47122,53624.86,8418506,0
"2021-05-23",11233,4378236,13733,3686992,1411,339456,93,33636,32,6688,125,40324,26502,52033.71,8445008,0
"2021-05-24",18875,4397111,23160,3710152,2756,342212,213,33849,56,6744,269,40593,45060,50568.14,8490068,0
"2021-05-25",19429,4416540,23383,3733535,2603,344815,171,34020,57,6801,228,40821,45643,48479.29,8535711,0
"2021-05-26",18787,4435327,21092,3754627,2696,347511,199,34219,48,6849,247,41068,42822,46421.57,8578533,0
"2021-05-27",18471,4453798,21280,3775907,2529,350040,179,34398,60,6909,239,41307,42519,44244,8621052,0
"2021-05-28",17862,4471660,22886,3798793,2751,352791,187,34585,54,6963,241,41548,43740,41915.43,8664792,0
"2021-05-29",12709,4484369,17810,3816603,1755,354546,105,34690,39,7002,144,41692,32418,39814.86,8697210,0
"2021-05-30",7030,4491399,8949,3825552,1074,355620,48,34738,17,7019,65,41757,17118,38474.29,8714328,0
"2021-05-31",4742,4496141,6924,3832476,1012,356632,64,34802,17,7036,81,41838,12759,33859.86,8727087,0
"2021-06-01",16046,4512187,25198,3857674,2177,358809,151,34953,43,7079,194,42032,43615,33570.14,8770702,0
"2021-06-02",15356,4527543,20396,3878070,2095,360904,139,35092,48,7127,187,42219,38034,32886.14,8808736,0
"2021-06-03",15004,4542547,23825,3901895,2281,363185,128,35220,43,7170,171,42390,41281,32709.29,8850017,0
"2021-06-04",14722,4557269,25997,3927892,2492,365677,144,35364,40,7210,184,42574,43395,32660,8893412,0
"2021-06-05",10992,4568261,22091,3949983,1806,367483,115,35479,28,7238,143,42717,35032,33033.43,8928444,0
"2021-06-06",6443,4574704,14484,3964467,1222,368705,89,35568,13,7251,102,42819,22251,33766.71,8950695,0
"2021-06-07",11704,4586408,21782,3986249,2378,371083,140,35708,37,7288,177,42996,36041,37092.71,8986736,0
"2021-06-08",12636,4599044,24024,4010273,2072,373155,120,35828,46,7334,166,43162,38898,36418.86,9025634,0
"2021-06-09",11134,4610178,23028,4033301,2299,375454,135,35963,40,7374,175,43337,36636,36219.14,9062270,0
"2021-06-10",12064,4622242,22235,4055536,2462,377916,140,36103,59,7433,199,43536,36960,35601.86,9099230,0
"2021-06-11",12710,4634952,25123,4080659,2484,380400,156,36259,58,7491,214,43750,40531,35192.71,9139761,0
"2021-06-12",10165,4645117,19316,4099975,1888,382288,93,36352,42,7533,135,43885,31504,34688.71,9171265,0
"2021-06-13",4257,4649374,10936,4110911,1219,383507,41,36393,22,7555,63,43948,16475,33863.57,9187740,0
"2021-06-14",10209,4659583,19240,4130151,2043,385550,128,36521,51,7606,179,44127,31671,33239.29,9219411,0
"2021-06-15",11884,4671467,21017,4151168,1943,387493,131,36652,40,7646,171,44298,35015,32684.57,9254426,0
"2021-06-16",11586,4683053,19413,4170581,1957,389450,140,36792,68,7714,208,44506,33164,32188.57,9287590,0
"2021-06-17",11025,4694078,18761,4189342,1973,391423,123,36915,35,7749,158,44664,31917,31468.14,9319507,0
"2021-06-18",12166,4706244,18500,4207842,2116,393539,115,37030,36,7785,151,44815,32933,30382.71,9352440,0
"2021-06-19",8498,4714742,13517,4221359,1459,394998,83,37113,21,7806,104,44919,23578,29250.43,9376018,0
"2021-06-20",4336,4719078,7158,4228517,924,395922,36,37149,17,7823,53,44972,12471,28678.43,9388489,0
"2021-06-21",10162,4729240,10011,4238528,1807,397729,68,37217,27,7850,95,45067,22075,27307.57,9410564,0
"2021-06-22",9839,4739079,15640,4254168,1589,399318,105,37322,28,7878,133,45200,27201,26191.29,9437765,0
"2021-06-23",10311,4749390,15187,4269355,1863,401181,102,37424,30,7908,132,45332,27493,25381.14,9465258,0
"2021-06-24",9685,4759075,14700,4284055,1799,402980,119,37543,26,7934,145,45477,26329,24582.86,9491587,0
"2021-06-25",10589,4769664,14388,4298443,1721,404701,112,37655,38,7972,150,45627,26848,23713.57,9518435,0
"2021-06-26",7801,4777465,10465,4308908,1251,405952,74,37729,24,7996,98,45725,19615,23147.43,9538050,0
"2021-06-27",5001,4782466,6002,4314910,795,406747,33,37762,14,8010,47,45772,11845,23058,9549895,0
"2021-06-28",9035,4791501,10346,4325256,1526,408273,108,37870,26,8036,134,45906,21041,22910.29,9570936,0
"2021-06-29",9739,4801240,12326,4337582,1347,409620,123,37993,31,8067,154,46060,23566,22391,9594502,0
"2021-06-30",9434,4810674,10930,4348512,1487,411107,147,38140,16,8083,163,46223,22014,21608.29,9616516,0
"2021-07-01",9395,4820069,10929,4359441,1434,412541,127,38267,24,8107,151,46374,21909,20976.86,9638425,0
"2021-07-02",9693,4829762,11452,4370893,1541,414082,118,38385,22,8129,140,46514,22826,20402.29,9661251,0
"2021-07-03",7056,4836818,8421,4379314,1193,415275,77,38462,17,8146,94,46608,16764,19995,9678015,0
"2021-07-04",1288,4838106,1335,4380649,567,415842,9,38471,3,8149,12,46620,3202,18760.29,9681217,0
"2021-07-05",6497,4844603,7106,4387755,1208,417050,63,38534,22,8171,85,46705,14896,17882.43,9696113,0
"2021-07-06",9512,4854115,12851,4400606,1316,418366,114,38648,37,8208,151,46856,23830,17920.14,9719943,0
"2021-07-07",8666,4862781,11110,4411716,1419,419785,123,38771,19,8227,142,46998,21337,17823.43,9741280,0
"2021-07-08",8220,4871001,10192,4421908,1260,421045,108,38879,21,8248,129,47127,19801,17522.29,9761081,0
"2021-07-09",8373,4879374,10835,4432743,1278,422323,90,38969,18,8266,108,47235,20594,17203.43,9781675,0
"2021-07-10",7103,4886477,8634,4441377,1132,423455,62,39031,20,8286,82,47317,16951,17230.14,9798626,0
"2021-07-11",4105,4890582,4540,4445917,703,424158,34,39065,6,8292,40,47357,9388,18113.86,9808014,0
"2021-07-12",8450,4899032,9560,4455477,1251,425409,82,39147,23,8315,105,47462,19366,18752.43,9827380,0
"2021-07-13",9462,4908494,9393,4464870,952,426361,105,39252,34,8349,139,47601,19946,18197.57,9847326,0
"2021-07-14",9001,4917495,9531,4474401,1011,427372,105,39357,21,8370,126,47727,19669,17959.29,9866995,0
"2021-07-15",8792,4926287,9158,4483559,1054,428426,79,39436,19,8389,98,47825,19102,17859.43,9886097,0
"2021-07-16",9247,4935534,9762,4493321,981,429407,102,39538,29,8418,131,47956,20121,17791.86,9906218,0
"2021-07-17",6841,4942375,7387,4500708,803,430210,80,39618,19,8437,99,48055,15130,17531.71,9921348,0
"2021-07-18",4256,4946631,4284,4504992,576,430786,35,39653,13,8450,48,48103,9164,17499.71,9930512,0
"2021-07-19",9120,4955751,8478,4513470,999,431785,91,39744,22,8472,113,48216,18710,17406,9949222,0
"2021-07-20",10648,4966399,8758,4522228,991,432776,95,39839,25,8497,120,48336,20517,17487.57,9969739,0
"2021-07-21",10060,4976459,8766,4530994,904,433680,146,39985,33,8530,179,48515,19909,17521.86,9989648,0
"2021-07-22",10689,4987148,8588,4539582,1046,434726,144,40129,25,8555,169,48684,20492,17720.43,10010140,0
"2021-07-23",11252,4998400,8881,4548463,1114,435840,139,40268,23,8578,162,48846,21409,17904.43,10031549,0
"2021-07-24",7403,5005803,6738,4555201,670,436510,82,40350,24,8602,106,48952,14917,17874,10046466,0
"2021-07-25",5477,5011280,2126,4557327,509,437019,58,40408,4,8606,62,49014,8174,17732.57,10054640,0
"2021-07-26",10873,5022153,7005,4564332,859,437878,109,40517,20,8626,129,49143,18866,17754.86,10073506,0
"2021-07-27",12068,5034221,8567,4572899,857,438735,134,40651,38,8664,172,49315,21664,17918.71,10095170,0
"2021-07-28",12017,5046238,8051,4580950,950,439685,132,40783,27,8691,159,49474,21177,18099.86,10116347,0
"2021-07-29",10934,5057172,7431,4588381,984,440669,133,40916,38,8729,171,49645,19520,17961,10135867,0
"2021-07-30",14954,5072126,8014,4596395,1151,441820,181,41097,31,8760,212,49857,24331,18378.43,10160198,0
"2021-07-31",9725,5081851,6316,4602711,815,442635,121,41218,20,8780,141,49998,16997,18675.57,10177195,0
"2021-08-01",6501,5088352,3311,4606022,564,443199,81,41299,20,8800,101,50099,10477,19004.57,10187672,0
"2021-08-02",13449,5101801,7157,4613179,846,444045,145,41444,18,8818,163,50262,21615,19397.29,10209287,0
"2021-08-03",15411,5117212,8387,4621566,1109,445154,144,41588,38,8856,182,50444,25089,19886.57,10234376,0
"2021-08-04",17263,5134475,8127,4629693,1454,446608,181,41769,34,8890,215,50659,27059,20726.86,10261435,0
"2021-08-05",17887,5152362,7927,4637620,1370,447978,162,41931,20,8910,182,50841,27366,21847.71,10288801,0
"2021-08-06",18182,5170544,8415,4646035,1233,449211,165,42096,32,8942,197,51038,28027,22375.71,10316828,0
"2021-08-07",13387,5183931,6015,4652050,799,450010,99,42195,28,8970,127,51165,20328,22851.57,10337156,0
"2021-08-08",9310,5193241,3835,4655885,400,450410,82,42277,10,8980,92,51257,13637,23303,10350793,0
"2021-08-09",21347,5214588,8525,4664410,965,451375,169,42446,34,9014,203,51460,31040,24649.43,10381833,0
"2021-08-10",18949,5233537,9330,4673740,946,452321,179,42625,33,9047,212,51672,29437,25270.57,10411270,0
"2021-08-11",15648,5249185,8311,4682051,853,453174,128,42753,45,9092,173,51845,24985,24974.29,10436255,0
"2021-08-12",15061,5264246,8984,4691035,942,454116,172,42925,34,9126,206,52051,25193,24663.86,10461448,0
"2021-08-13",14928,5279174,9289,4700324,920,455036,240,43165,37,9163,277,52328,25414,24290.57,10486862,0
"2021-08-14",10401,5289575,6407,4706731,625,455661,530,43695,40,9203,570,52898,18003,23958.43,10504865,0
"2021-08-15",6694,5296269,4478,4711209,676,456337,567,44262,33,9236,600,53498,12448,23788.57,10517313,0
"2021-08-16",15720,5311989,9301,4720510,1150,457487,1318,45580,65,9301,1383,54881,27554,23290.57,10544867,0
"2021-08-17",17774,5329763,10456,4730966,1229,458716,1769,47349,84,9385,1853,56734,31312,23558.43,10576179,0
"2021-08-18",17498,5347261,10374,4741340,1260,459976,1986,49335,95,9480,2081,58815,31213,24448.14,10607392,0
"2021-08-19",16296,5363557,9527,4750867,1315,461291,1955,51290,65,9545,2020,60835,29158,25014.57,10636550,0
"2021-08-20",16283,5379840,11539,4762406,1254,462545,1859,53149,84,9629,1943,62778,31019,25815.29,10667569,0
"2021-08-21",11148,5390988,8040,4770446,878,463423,1058,54207,56,9685,1114,63892,21180,26269.14,10688749,0
"2021-08-22",4080,5395068,3901,4774347,262,463685,515,54722,34,9719,549,64441,8792,25746.86,10697541,0
"2021-08-23",15585,5410653,11804,4786151,1023,464708,1547,56269,75,9794,1622,66063,30034,26101.14,10727575,0
"2021-08-24",16913,5427566,12596,4798747,1006,465714,1775,58044,76,9870,1851,67914,32366,26251.71,10759941,0
"2021-08-25",14579,5442145,12449,4811196,1111,466825,1565,59609,76,9946,1641,69555,29780,26047,10789721,0
"2021-08-26",16157,5458302,14095,4825291,1071,467896,1772,61381,67,10013,1839,71394,33162,26619,10822883,0
"2021-08-27",14881,5473183,14825,4840116,971,468867,1671,63052,74,10087,1745,73139,32422,26819.43,10855305,0
"2021-08-28",10682,5483865,11523,4851639,835,469702,1014,64066,45,10132,1059,74198,24099,27236.43,10879404,0
"2021-08-29",7218,5491083,7495,4859134,541,470243,778,64844,57,10189,835,75033,16089,28278.86,10895493,0
"2021-08-30",15524,5506607,16927,4876061,1076,471319,1791,66635,86,10275,1877,76910,35404,29046,10930897,0
"2021-08-31",15514,5522121,15959,4892020,951,472270,1971,68606,87,10362,2058,78968,34482,29348.29,10965379,0
"2021-09-01",14829,5536950,14103,4906123,1020,473290,1809,70415,61,10423,1870,80838,31822,29640,10997201,0
"2021-09-02",14323,5551273,12527,4918650,896,474186,1706,72121,61,10484,1767,82605,29513,29118.71,11026714,0
"2021-09-03",15015,5566288,14307,4932957,974,475160,1896,74017,69,10553,1965,84570,32261,29095.71,11058975,0
"2021-09-04",9647,5575935,9404,4942361,688,475848,975,74992,34,10587,1009,85579,20748,28617,11079723,0
"2021-09-05",6803,5582738,5514,4947875,438,476286,711,75703,16,10603,727,86306,13482,28244.57,11093205,0
"2021-09-06",5196,5587934,4512,4952387,358,476644,270,75973,11,10614,281,86587,10347,24665,11103552,0
"2021-09-07",15575,5603509,17704,4970091,912,477556,1553,77526,87,10701,1640,88227,35831,24857.71,11139383,0
"2021-09-08",16161,5619670,14826,4984917,1072,478628,1771,79297,83,10784,1854,90081,33913,25156.43,11173296,0
"2021-09-09",16109,5635779,14751,4999668,1047,479675,1914,81211,74,10858,1988,92069,33895,25782.43,11207191,0
"2021-09-10",18372,5654151,15392,5015060,1208,480883,1971,83182,82,10940,2053,94122,37025,26463,11244216,0
"2021-09-11",12637,5666788,10348,5025408,958,481841,1028,84210,48,10988,1076,95198,25019,27073.14,11269235,0
"2021-09-12",8540,5675328,5052,5030460,766,482607,690,84900,29,11017,719,95917,15077,27301,11284312,0
"2021-09-13",16931,5692259,12962,5043422,976,483583,1653,86553,53,11070,1706,97623,32575,30476.43,11316887,0
"2021-09-14",16268,5708527,13676,5057098,886,484469,1595,88148,55,11125,1650,99273,32480,29997.71,11349367,0
"2021-09-15",15542,5724069,12880,5069978,727,485196,1570,89718,78,11203,1648,100921,30797,29552.57,11380164,0
"2021-09-16",15341,5739410,13910,5083888,1209,486405,1458,91176,66,11269,1524,102445,31984,29279.57,11412148,0
"2021-09-17",14435,5753845,13964,5097852,922,487327,1828,93004,57,11326,1885,104330,31206,28448.29,11443354,0
"2021-09-18",10000,5763845,10183,5108035,913,488240,1046,94050,41,11367,1087,105417,22183,28043.14,11465537,0
"2021-09-19",6178,5770023,6072,5114107,558,488798,747,94797,29,11396,776,106193,13584,27829.86,11479121,0
"2021-09-20",12676,5782699,12629,5126736,1068,489866,1922,96719,58,11454,1980,108173,28353,27226.71,11507474,0
"2021-09-21",12233,5794932,12769,5139505,1109,490975,2025,98744,78,11532,2103,110276,28214,26617.29,11535688,0
"2021-09-22",12822,5807754,12008,5151513,1089,492064,1683,100427,67,11599,1750,112026,27669,26170.43,11563357,0
"2021-09-23",14938,5822692,12760,5164273,1639,493703,2266,102693,73,11672,2339,114365,31676,26126.43,11595033,0
"2021-09-24",16447,5839139,13367,5177640,1636,495339,4626,107319,113,11785,4739,119104,36189,26838.29,11631222,0
"2021-09-25",10541,5849680,9024,5186664,1018,496357,3463,110782,75,11860,3538,122642,24121,27115.14,11655343,0
"2021-09-26",6301,5855981,5762,5192426,773,497130,2425,113207,56,11916,2481,125123,15317,27362.71,11670660,0
"2021-09-27",14160,5870141,8055,5200481,1155,498285,9064,122271,157,12073,9221,134344,32591,27968.14,11703251,0
"2021-09-28",11143,5881284,11782,5212263,902,499187,9912,132183,176,12249,10088,144432,33915,28782.57,11737166,0
"2021-09-29",11606,5892890,12194,5224457,1205,500392,9454,141637,162,12411,9616,154048,34621,29775.71,11771787,0
"2021-09-30",12239,5905129,12605,5237062,1338,501730,9747,151384,173,12584,9920,163968,36102,30408,11807889,0
"2021-10-01",12643,5917772,13432,5250494,1284,503014,10269,161653,148,12732,10417,174385,37776,30634.71,11845665,0
"2021-10-02",7730,5925502,9975,5260469,865,503879,4243,165896,75,12807,4318,178703,22888,30458.57,11868553,0
"2021-10-03",5076,5930578,6156,5266625,593,504472,2613,168509,56,12863,2669,181372,14494,30341,11883047,0
"2021-10-04",9909,5940487,11022,5277647,913,505385,9528,178037,140,13003,9668,191040,31512,30186.86,11914559,0
"2021-10-05",10157,5950644,11739,5289386,972,506357,9938,187975,175,13178,10113,201153,32981,30053.43,11947540,0
"2021-10-06",9903,5960547,11052,5300438,936,507293,9930,197905,155,13333,10085,211238,31976,29675.57,11979516,0
"2021-10-07",9617,5970164,12154,5312592,850,508143,10179,208084,167,13500,10346,221584,32967,29227.71,12012483,0
"2021-10-08",9457,5979621,12175,5324767,941,509084,10908,218992,163,13663,11071,232655,33644,28637.43,12046127,0
"2021-10-09",6245,5985866,8237,5333004,643,509727,4115,223107,87,13750,4202,236857,19327,28128.71,12065454,0
"2021-10-10",3542,5989408,5030,5338034,458,510185,2433,225540,43,13793,2476,239333,11506,27701.86,12076960,0
"2021-10-11",7620,5997028,9328,5347362,728,510913,8891,234431,160,13953,9051,248384,26727,27018.29,12103687,0
"2021-10-12",8074,6005102,10998,5358360,891,511804,10514,244945,180,14133,10694,259078,30657,26686.29,12134344,0
"2021-10-13",7151,6012253,10148,5368508,869,512673,8797,253742,178,14311,8975,268053,27143,25995.86,12161487,0
"2021-10-14",7441,6019694,11114,5379622,836,513509,10119,263861,160,14471,10279,278332,29670,25524.86,12191157,0
"2021-10-15",7723,6027417,11851,5391473,823,514332,10823,274684,167,14638,10990,289322,31387,25202.43,12222544,0
"2021-10-16",4863,6032280,7469,5398942,666,514998,3844,278528,65,14703,3909,293231,16907,24856.71,12239451,0
"2021-10-17",3061,6035341,4473,5403415,411,515409,2452,280980,41,14744,2493,295724,10438,24704.14,12249889,0
"2021-10-18",7049,6042390,10666,5414081,796,516205,9485,290465,173,14917,9658,305382,28169,24910.14,12278058,0
"2021-10-19",6577,6048967,8947,5423028,804,517009,9088,299553,168,15085,9256,314638,25584,24185.43,12303642,0
"2021-10-20",6534,6055501,9375,5432403,975,517984,9993,309546,170,15255,10163,324801,27047,24171.71,12330689,0
"2021-10-21",7028,6062529,9384,5441787,858,518842,10844,320390,150,15405,10994,335795,28264,23970.86,12358953,0
"2021-10-22",8121,6070650,10342,5452129,1026,519868,16353,336743,211,15616,16564,352359,36053,24637.43,12395006,0
"2021-10-23",5168,6075818,6457,5458586,690,520558,9125,345868,114,15730,9239,361598,21554,25301.29,12416560,0
"2021-10-24",3274,6079092,3971,5462557,769,521327,6156,352024,75,15805,6231,367829,14245,25845.14,12430805,0
"2021-10-25",8767,6087859,8740,5471297,1150,522477,19249,371273,291,16096,19540,387369,38197,27277.71,12469002,0
"2021-10-26",8200,6096059,7722,5479019,1258,523735,17292,388565,260,16356,17552,404921,34732,28584.57,12503734,0
"2021-10-27",10557,6106616,8390,5487409,1604,525339,20861,409426,312,16668,21173,426094,41724,30681.29,12545458,0
"2021-10-28",11329,6117945,8033,5495442,1793,527132,20848,430274,313,16981,21161,447255,42316,32688.71,12587774,0
"2021-10-29",11856,6129801,8239,5503681,1957,529089,22541,452815,318,17299,22859,470114,44911,33954.14,12632685,0
"2021-10-30",4633,6134434,5061,5508742,930,530019,11170,463985,162,17461,11332,481446,21956,34011.57,12654641,0
"2021-10-31",2664,6137098,2702,5511444,544,530563,6637,470622,98,17559,6735,488181,12645,33783,12667286,0
"2021-11-01",7139,6144237,6956,5518400,1089,531652,20383,491005,317,17876,20700,508881,35884,33452.57,12703170,0
"2021-11-02",6581,6150818,6591,5524991,1054,532706,20786,511791,263,18139,21049,529930,35275,33530.14,12738445,0
"2021-11-03",6851,6157669,6680,5531671,1026,533732,20633,532424,300,18439,20933,550863,35490,32639.57,12773935,0
"2021-11-04",9311,6166980,6279,5537950,995,534727,22366,554790,344,18783,22710,573573,39295,32208,12813230,0
"2021-11-05",11056,6178036,6723,5544673,1051,535778,23764,578554,344,19127,24108,597681,42938,31926.14,12856168,0
"2021-11-06",11134,6189170,4051,5548724,594,536372,12594,591148,165,19292,12759,610440,28538,32866.43,12884706,0
"2021-11-07",7257,6196427,2286,5551010,577,536949,7108,598256,93,19385,7201,617641,17321,33534.43,12902027,0
"2021-11-08",15056,6211483,5679,5556689,864,537813,19517,617773,272,19657,19789,637430,41388,34320.71,12943415,0
"2021-11-09",16149,6227632,5389,5562078,660,538473,20517,638290,267,19924,20784,658214,42982,35421.71,12986397,0
"2021-11-10",16934,6244566,5320,5567398,683,539156,22653,660943,288,20212,22941,681155,45878,36905.71,13032275,0
"2021-11-11",12573,6257139,5188,5572586,759,539915,22087,683030,279,20491,22366,703521,40886,37133,13073161,0
"2021-11-12",16898,6274037,5686,5578272,705,540620,23404,706434,350,20841,23754,727275,47043,37719.43,13120204,0
"2021-11-13",9939,6283976,3663,5581935,463,541083,13328,719762,179,21020,13507,740782,27572,37581.43,13147776,0
"2021-11-14",6011,6289987,2292,5584227,325,541408,7935,727697,75,21095,8010,748792,16638,37483.86,13164414,0
"2021-11-15",13212,6303199,5975,5590202,690,542098,25116,752813,351,21446,25467,774259,45344,38049,13209758,0
"2021-11-16",9966,6313165,5782,5595984,655,542753,30671,783484,414,21860,31085,805344,47488,38692.71,13257246,0
"2021-11-17",10305,6323470,6670,5602654,681,543434,31427,814911,403,22263,31830,837174,49486,39208.14,13306732,0
"2021-11-18",10729,6334199,6542,5609196,857,544291,33017,847928,440,22703,33457,870631,51585,40736.57,13358317,0
"2021-11-19",12025,6346224,6550,5615746,715,545006,36245,884173,446,23149,36691,907322,55981,42013.43,13414298,0
"2021-11-20",9329,6355553,3418,5619164,513,545519,22515,906688,251,23400,22766,930088,36026,43221.14,13450324,0
"2021-11-21",4947,6360500,1888,5621052,288,545807,13206,919894,146,23546,13352,943440,20475,43769.29,13470799,0
"2021-11-22",10433,6370933,5788,5626840,750,546557,35935,955829,431,23977,36366,979806,53337,44911.14,13524136,0
"2021-11-23",9789,6380722,4780,5631620,636,547193,33529,989358,364,24341,33893,1013699,49098,45141.14,13573234,0
"2021-11-24",8709,6389431,4751,5636371,650,547843,25925,1015283,277,24618,26202,1039901,40312,43830.57,13613546,0
"2021-11-25",448,6389879,326,5636697,80,547923,1003,1016286,9,24627,1012,1040913,1866,36727.86,13615412,0
"2021-11-26",8060,6397939,6988,5643685,528,548451,26597,1042883,285,24912,26882,1067795,42458,34796,13657870,0
"2021-11-27",6683,6404622,6833,5650518,371,548822,18842,1061725,220,25132,19062,1086857,32949,34356.43,13690819,0
"2021-11-28",4082,6408704,5792,5656310,282,549104,11890,1073615,116,25248,12006,1098863,22162,34597.43,13712981,0
"2021-11-29",9112,6417816,11003,5667313,687,549791,35080,1108695,422,25670,35502,1134365,56304,35021.29,13769285,0
"2021-11-30",10515,6428331,11437,5678750,512,550303,37785,1146480,484,26154,38269,1172634,60733,36683.43,13830018,0
"2021-12-01",11193,6439524,10981,5689731,724,551027,40355,1186835,432,26586,40787,1213421,63685,40022.43,13893703,0
"2021-12-02",11658,6451182,11040,5700771,626,551653,42168,1229003,445,27031,42613,1256034,65937,49175.43,13959640,0
"2021-12-03",13484,6464666,12891,5713662,675,552328,47950,1276953,507,27538,48457,1304491,75507,53896.71,14035147,0
"2021-12-04",9857,6474523,11291,5724953,567,552895,30679,1307632,298,27836,30977,1335468,52692,56717.14,14087839,0
"2021-12-05",5759,6480282,5706,5730659,270,553165,16661,1324293,126,27962,16787,1352255,28522,57625.71,14116361,0
"2021-12-06",12343,6492625,9955,5740614,600,553765,43246,1367539,436,28398,43682,1395937,66580,59093.71,14182941,0
"2021-12-07",12589,6505214,9259,5749873,625,554390,43049,1410588,488,28886,43537,1439474,66010,59847.57,14248951,0
"2021-12-08",13532,6518746,8774,5758647,554,554944,40796,1451384,460,29346,41256,1480730,64116,59909.14,14313067,0
"2021-12-09",13497,6532243,8751,5767398,555,555499,40830,1492214,478,29824,41308,1522038,64111,59648.29,14377178,0
"2021-12-10",14035,6546278,10146,5777544,670,556169,43673,1535887,483,30307,44156,1566194,69007,58719.71,14446185,0
"2021-12-11",10281,6556559,8127,5785671,405,556574,26699,1562586,273,30580,26972,1593166,45785,57733,14491970,0
"2021-12-12",6018,6562577,3854,5789525,288,556862,15172,1577758,130,30710,15302,1608468,25462,57295.86,14517432,0
"2021-12-13",12231,6574808,7431,5796956,658,557520,37884,1615642,387,31097,38271,1646739,58591,56154.57,14576023,0
"2021-12-14",12238,6587046,6959,5803915,731,558251,38160,1653802,421,31518,38581,1685320,58509,55083,14634532,0
"2021-12-15",12105,6599151,6241,5810156,755,559006,38138,1691940,480,31998,38618,1723938,57719,54169.14,14692251,0
"2021-12-16",13142,6612293,4271,5814427,740,559746,41056,1732996,433,32431,41489,1765427,59642,53530.71,14751893,0
"2021-12-17",15948,6628241,6931,5821358,620,560366,46788,1779784,469,32900,47257,1812684,70756,53780.57,14822649,0
"2021-12-18",13027,6641268,5717,5827075,432,560798,30624,1810408,265,33165,30889,1843573,50065,54392,14872714,0
"2021-12-19",7019,6648287,2994,5830069,326,561124,18008,1828416,170,33335,18178,1861751,28517,54828.43,14901231,0
"2021-12-20",16864,6665151,5867,5835936,746,561870,47461,1875877,560,33895,48021,1909772,71498,56672.29,14972729,0
"2021-12-21",17969,6683120,6572,5842508,806,562676,48920,1924797,574,34469,49494,1959266,74841,59005.43,15047570,0
"2021-12-22",18548,6701668,6566,5849074,939,563615,49714,1974511,521,34990,50235,2009501,76288,61658.14,15123858,0
"2021-12-23",19039,6720707,6486,5855560,930,564545,45868,2020379,511,35501,46379,2055880,72834,63542.71,15196692,0
"2021-12-24",9238,6729945,2954,5858514,598,565143,20600,2040979,211,35712,20811,2076691,33601,58234.86,15230293,0
"2021-12-25",344,6730289,63,5858577,31,565174,427,2041406,8,35720,435,2077126,873,51207.43,15231166,0
"2021-12-26",7964,6738253,3927,5862504,340,565514,17284,2058690,172,35892,17456,2094582,29687,51374.57,15260853,0
"2021-12-27",21789,6760042,9203,5871707,934,566448,43451,2102141,539,36431,43990,2138572,75916,52005.71,15336769,0
"2021-12-28",20161,6780203,8328,5880035,699,567147,47586,2149727,598,37029,48184,2186756,77372,52367.29,15414141,0
"2021-12-29",18502,6798705,7672,5887707,607,567754,45573,2195300,472,37501,46045,2232801,72826,51872.71,15486967,0
"2021-12-30",16889,6815594,7420,5895127,587,568341,44848,2240148,572,38073,45420,2278221,70316,51513,15557283,0
"2021-12-31",5357,6820951,2808,5897935,193,568534,14771,2254919,177,38250,14948,2293169,23306,50042.29,15580589,0
"2022-01-01",243,6821194,147,5898082,12,568546,501,2255420,21,38271,522,2293691,924,50049.57,15581513,0
"2022-01-02",6432,6827626,5021,5903103,153,568699,10978,2266398,110,38381,11088,2304779,22694,49050.57,15604207,0
"2022-01-03",14133,6841759,8498,5911601,514,569213,26935,2293333,323,38704,27258,2332037,50403,45405.86,15654610,0
"2022-01-04",12847,6854606,8111,5919712,414,569627,27212,2320545,351,39055,27563,2359600,48935,41343.43,15703545,0
"2022-01-05",11408,6866014,7001,5926713,382,570009,25924,2346469,302,39357,26226,2385826,45017,37370.71,15748562,0
"2022-01-06",11464,6877478,7383,5934096,483,570492,27541,2374010,329,39686,27870,2413696,47200,34068.43,15795762,0
"2022-01-07",10385,6887863,8418,5942514,338,570830,25036,2399046,312,39998,25348,2439044,44489,37094.57,15840251,0
"2022-01-08",7854,6895717,8564,5951078,310,571140,19468,2418514,176,40174,19644,2458688,36372,42158.57,15876623,0
"2022-01-09",4129,6899846,3842,5954920,214,571354,10066,2428580,91,40265,10157,2468845,18342,41536.86,15894965,0
"2022-01-10",10177,6910023,8190,5963110,490,571844,24609,2453189,298,40563,24907,2493752,43764,40588.43,15938729,0
"2022-01-11",8890,6918913,7986,5971096,521,572365,21029,2474218,278,40841,21307,2515059,38704,39126.86,15977433,0
"2022-01-12",8938,6927851,8322,5979418,427,572792,22337,2496555,286,41127,22623,2537682,40310,38454.43,16017743,0
"2022-01-13",9042,6936893,8866,5988284,451,573243,22876,2519431,314,41441,23190,2560872,41549,37647.14,16059292,0
"2022-01-14",10106,6946999,8120,5996404,476,573719,26439,2545870,317,41758,26756,2587628,45458,37785.57,16104750,0
"2022-01-15",6209,6953208,4307,6000711,178,573897,15143,2561013,176,41934,15319,2602947,26013,36305.71,16130763,0
"2022-01-16",2918,6956126,3249,6003960,95,573992,7825,2568838,83,42017,7908,2610855,14170,35709.71,16144933,0
"2022-01-17",6078,6962204,6755,6010715,363,574355,14682,2583520,214,42231,14896,2625751,28092,33470.86,16173025,0
"2022-01-18",8160,6970364,10321,6021036,396,574751,19669,2603189,314,42545,19983,2645734,38860,33493.14,16211885,0
"2022-01-19",7460,6977824,9250,6030286,304,575055,17722,2620911,268,42813,17990,2663724,35004,32735.14,16246889,0
"2022-01-20",6280,6984104,8559,6038845,305,575360,15254,2636165,241,43054,15495,2679219,30639,31176.57,16277528,0
"2022-01-21",7569,6991673,7506,6046351,276,575636,18512,2654677,280,43334,18792,2698011,34143,29560.14,16311671,0
"2022-01-22",5187,6996860,4938,6051289,131,575767,11320,2665997,127,43461,11447,2709458,21703,28944.43,16333374,0
"2022-01-23",2811,6999671,3327,6054616,97,575864,6229,2672226,76,43537,6305,2715763,12540,28711.57,16345914,0
"2022-01-24",6368,7006039,8205,6062821,262,576126,15074,2687300,235,43772,15309,2731072,30144,29004.71,16376058,0
"2022-01-25",6186,7012225,7932,6070753,233,576359,14696,2701996,255,44027,14951,2746023,29302,27639.29,16405360,0
"2022-01-26",5751,7017976,7172,6077925,289,576648,14019,2716015,210,44237,14229,2760252,27441,26558.86,16432801,0
"2022-01-27",5256,7023232,7092,6085017,321,576969,14086,2730101,228,44465,14314,2774566,26983,26036.57,16459784,0
"2022-01-28",6256,7029488,7872,6092889,203,577172,16135,2746236,234,44699,16369,2790935,30700,25544.71,16490484,0
"2022-01-29",840,7030328,728,6093617,28,577200,2539,2748775,39,44738,2578,2793513,4174,23040.57,16494658,0
"2022-01-30",2097,7032425,3022,6096639,103,577303,4536,2753311,63,44801,4599,2798112,9821,22652.14,16504479,0
"2022-01-31",5003,7037428,6593,6103232,220,577523,11388,2764699,197,44998,11585,2809697,23401,21688.86,16527880,0
"2022-02-01",4832,7042260,6435,6109667,219,577742,10718,2775417,215,45213,10933,2820630,22419,20705.57,16550299,0
"2022-02-02",4257,7046517,5929,6115596,213,577955,11236,2786653,239,45452,11475,2832105,21874,19910.29,16572173,0
"2022-02-03",4226,7050743,5814,6121410,216,578171,11219,2797872,199,45651,11418,2843523,21674,19151.86,16593847,0
"2022-02-04",4767,7055510,7113,6128523,214,578385,13216,2811088,238,45889,13454,2856977,25548,18415.86,16619395,0
"2022-02-05",3583,7059093,6047,6134570,110,578495,8577,2819665,150,46039,8727,2865704,18467,20457.71,16637862,0
"2022-02-06",2064,7061157,2137,6136707,121,578616,4635,2824300,102,46141,4737,2870441,9059,20348.86,16646921,0
"2022-02-07",4158,7065315,4728,6141435,205,578821,10131,2834431,231,46372,10362,2880803,19453,19784.86,16666374,0
"2022-02-08",4218,7069533,5610,6147045,214,579035,11330,2845761,300,46672,11630,2892433,21672,19678.14,16688046,0
"2022-02-09",4134,7073667,5404,6152449,222,579257,11663,2857424,251,46923,11914,2904347,21674,19649.57,16709720,0
"2022-02-10",3995,7077662,5123,6157572,245,579502,12199,2869623,283,47206,12482,2916829,21845,19674,16731565,0
"2022-02-11",4521,7082183,5803,6163375,195,579697,13730,2883353,317,47523,14047,2930876,24566,19533.71,16756131,0
"2022-02-12",3258,7085441,4341,6167716,97,579794,8810,2892163,213,47736,9023,2939899,16719,19284,16772850,0
"2022-02-13",1522,7086963,1544,6169260,41,579835,4880,2897043,109,47845,4989,2944888,8096,19146.43,16780946,0
"2022-02-14",2984,7089947,3624,6172884,167,580002,10569,2907612,323,48168,10892,2955780,17667,18891.29,16798613,0
"2022-02-15",3558,7093505,4072,6176956,175,580177,12785,2920397,278,48446,13063,2968843,20868,18776.43,16819481,0
"2022-02-16",3661,7097166,3907,6180863,200,580377,15721,2936118,291,48737,16012,2984855,23780,19077.29,16843261,0
"2022-02-17",4036,7101202,4081,6184944,162,580539,18278,2954396,355,49092,18633,3003488,26912,19801.14,16870173,0
"2022-02-18",4471,7105673,4786,6189730,190,580729,21533,2975929,450,49542,21983,3025471,31430,20781.71,16901603,0
"2022-02-19",3254,7108927,2180,6191910,65,580794,11178,2987107,217,49759,11395,3036866,16894,20806.71,16918497,0
"2022-02-20",1861,7110788,1444,6193354,59,580853,6581,2993688,112,49871,6693,3043559,10057,21086.86,16928554,0
"2022-02-21",3085,7113873,2695,6196049,95,580948,8350,3002038,228,50099,8578,3052137,14453,20627.71,16943007,0
"2022-02-22",4382,7118255,4252,6200301,175,581123,10833,3012871,249,50348,11082,3063219,19891,20488.14,16962898,0
"2022-02-23",4265,7122520,3787,6204088,145,581268,10668,3023539,238,50586,10906,3074125,19103,19820,16982001,0
"2022-02-24",3796,7126316,3656,6207744,108,581376,10192,3033731,228,50814,10420,3084545,17980,18544,16999981,0
"2022-02-25",3617,7129933,3627,6211371,134,581510,9978,3043709,238,51052,10216,3094761,17594,16567.43,17017575,0
"2022-02-26",2838,7132771,2578,6213949,74,581584,9512,3053221,153,51205,9665,3104426,15155,16319,17032730,0
"2022-02-27",1772,7134543,1372,6215321,52,581636,6267,3059488,100,51305,6367,3110793,9563,16248.43,17042293,0
"2022-02-28",3802,7138345,3132,6218453,141,581777,13133,3072621,246,51551,13379,3124172,20454,17105.71,17062747,0
"2022-03-01",2136,7140481,2626,6221079,103,581880,5174,3077795,185,51736,5359,3129531,10224,15724.71,17072971,0
"2022-03-02",1841,7142322,2439,6223518,106,581986,4129,3081924,208,51944,4337,3133868,8723,14241.86,17081694,0
"2022-03-03",1934,7144256,2556,6226074,106,582092,3797,3085721,169,52113,3966,3137834,8562,12896.43,17090256,0
"2022-03-04",2123,7146379,2874,6228948,66,582158,4329,3090050,207,52320,4536,3142370,9599,11754.29,17099855,0
"2022-03-05",1612,7147991,2124,6231072,43,582201,3318,3093368,115,52435,3433,3145803,7212,10619.57,17107067,0
"2022-03-06",798,7148789,879,6231951,30,582231,1622,3094990,56,52491,1678,3147481,3385,9737,17110452,0
"2022-03-07",1668,7150457,1786,6233737,86,582317,3497,3098487,161,52652,3658,3151139,7198,7843.29,17117650,0
"2022-03-08",1550,7152007,1893,6235630,79,582396,3125,3101612,149,52801,3274,3154413,6796,7353.57,17124446,0
"2022-03-09",1267,7153274,1677,6237307,79,582475,2585,3104197,130,52931,2715,3157128,5738,6927.14,17130184,0
"2022-03-10",1419,7154693,2100,6239407,85,582560,2957,3107154,162,53093,3119,3160247,6723,6664.43,17136907,0
"2022-03-11",1601,7156294,2274,6241681,81,582641,3213,3110367,187,53280,3400,3163647,7356,6344,17144263,0
"2022-03-12",880,7157174,1414,6243095,40,582681,2005,3112372,75,53355,2080,3165727,4414,5944.29,17148677,0
"2022-03-13",624,7157798,757,6243852,28,582709,1292,3113664,47,53402,1339,3167066,2748,5853.29,17151425,0
"2022-03-14",1372,7159170,1607,6245459,83,582792,2989,3116653,207,53609,3196,3170262,6258,5719,17157683,0
"2022-03-15",1361,7160531,1926,6247385,63,582855,3067,3119720,230,53839,3297,3173559,6647,5697.71,17164330,0
"2022-03-16",1400,7161931,2066,6249451,94,582949,3133,3122853,296,54135,3429,3176988,6989,5876.43,17171319,0
"2022-03-17",1193,7163124,1808,6251259,70,583019,2759,3125612,266,54401,3025,3180013,6096,5786.86,17177415,0
"2022-03-18",1593,7164717,2218,6253477,80,583099,3770,3129382,416,54817,4186,3184199,8077,5889.86,17185492,0
"2022-03-19",1114,7165831,1733,6255210,54,583153,2600,3131982,227,55044,2827,3187026,5728,6077.57,17191220,0
"2022-03-20",614,7166445,627,6255837,33,583186,1461,3133443,187,55231,1648,3188674,2922,6102.43,17194142,0
"2022-03-21",1419,7167864,1553,6257390,72,583258,3056,3136499,357,55588,3413,3192087,6457,6130.86,17200599,0
"2022-03-22",1346,7169210,1555,6258945,101,583359,2902,3139401,345,55933,3247,3195334,6249,6074,17206848,0
"2022-03-23",1261,7170471,1361,6260306,66,583425,2919,3142320,374,56307,3293,3198627,5981,5930,17212829,0
"2022-03-24",1214,7171685,1297,6261603,90,583515,2520,3144840,267,56574,2787,3201414,5388,5828.86,17218217,0
"2022-03-25",1391,7173076,1630,6263233,62,583577,3263,3148103,379,56953,3642,3205056,6725,5635.71,17224942,0
"2022-03-26",927,7174003,1162,6264395,36,583613,2308,3150411,250,57203,2558,3207614,4683,5486.43,17229625,0
"2022-03-27",574,7174577,528,6264923,29,583642,1312,3151723,204,57407,1516,3209130,2647,5447.14,17232272,0
"2022-03-28",1086,7175663,1164,6266087,69,583711,2438,3154161,365,57772,2803,3211933,5122,5256.43,17237394,0
"2022-03-29",1052,7176715,1105,6267192,85,583796,2514,3156675,880,58652,3394,3215327,5636,5168.86,17243030,0
"2022-03-30",1249,7177964,1141,6268333,98,583894,3067,3159742,3403,62055,6470,3221797,8958,5594.14,17251988,0
"2022-03-31",1290,7179254,1259,6269592,57,583951,3165,3162907,5508,67563,8673,3230470,11279,6435.71,17263267,0
"2022-04-01",1431,7180685,1499,6271091,76,584027,3249,3166156,6900,74463,10149,3240619,13155,7354.29,17276422,0
"2022-04-02",911,7181596,912,6272003,33,584060,2096,3168252,4525,78988,6621,3247240,8477,7896.29,17284899,0
"2022-04-03",560,7182156,499,6272502,28,584088,1222,3169474,3050,82038,4272,3251512,5359,8283.71,17290258,0
"2022-04-04",1355,7183511,1307,6273809,61,584149,2736,3172210,7697,89735,10433,3261945,13156,9431.43,17303414,0
"2022-04-05",1305,7184816,1162,6274971,66,584215,2856,3175066,7480,97215,10336,3272281,12869,10464.71,17316283,0
"2022-04-06",1345,7186161,1181,6276152,61,584276,2625,3177691,6948,104163,9573,3281854,12160,10922.14,17328443,0
"2022-04-07",1210,7187371,1067,6277219,57,584333,2378,3180069,6604,110767,8982,3290836,11316,10927.43,17339759,0
"2022-04-08",1482,7188853,1408,6278627,61,584394,3176,3183245,8776,119543,11952,3302788,14903,11177.14,17354662,0
"2022-04-09",916,7189769,924,6279551,29,584423,2083,3185328,4941,124484,7024,3309812,8893,11236.57,17363555,0
"2022-04-10",584,7190353,461,6280012,25,584448,1171,3186499,2893,127377,4064,3313876,5134,11204.43,17368689,0
"2022-04-11",1313,7191666,1238,6281250,59,584507,2669,3189168,7796,135173,10465,3324341,13075,11192.86,17381764,0
"2022-04-12",1223,7192889,1059,6282309,73,584580,2526,3191694,7411,142584,9937,3334278,12292,11110.43,17394056,0
"2022-04-13",1240,7194129,1080,6283389,59,584639,2518,3194212,7537,150121,10055,3344333,12434,11149.57,17406490,0
"2022-04-14",1275,7195404,1101,6284490,59,584698,2447,3196659,6570,156691,9017,3353350,11452,11169,17417942,0
"2022-04-15",1339,7196743,1099,6285589,53,584751,2571,3199230,6618,163309,9189,3362539,11680,10708.57,17429622,0
"2022-04-16",861,7197604,654,6286243,33,584784,1645,3200875,3678,166987,5323,3367862,6871,10419.71,17436493,0
"2022-04-17",347,7197951,202,6286445,27,584811,640,3201515,1154,168141,1794,3369656,2370,10024.86,17438863,0
"2022-04-18",1393,7199344,1118,6287563,82,584893,2586,3204101,6410,174551,8996,3378652,11589,9812.57,17450452,0
"2022-04-19",1425,7200769,939,6288502,72,584965,2573,3206674,5739,180290,8312,3386964,10748,9592,17461200,0
"2022-04-20",1320,7202089,1160,6289662,65,585030,2716,3209390,6621,186911,9337,3396301,11882,9513.14,17473082,0
"2022-04-21",1230,7203319,1066,6290728,53,585083,2331,3211721,5335,192246,7666,3403967,10015,9307.86,17483097,0
"2022-04-22",1218,7204537,1025,6291753,46,585129,2203,3213924,5634,197880,7837,3411804,10126,9085.86,17493223,0
"2022-04-23",718,7205255,751,6292504,59,585188,1427,3215351,3345,201225,4772,3416576,6300,9004.29,17499523,0
"2022-04-24",442,7205697,338,6292842,27,585215,813,3216164,1811,203036,2624,3419200,3431,9155.86,17502954,0
"2022-04-25",1032,7206729,918,6293760,64,585279,1853,3218017,5087,208123,6940,3426140,8954,8779.43,17511908,0
"2022-04-26",952,7207681,860,6294620,76,585355,1752,3219769,4686,212809,6438,3432578,8326,8433.43,17520234,0
"2022-04-27",1041,7208722,1025,6295645,80,585435,1929,3221698,5203,218012,7132,3439710,9278,8061.43,17529512,0
"2022-04-28",1092,7209814,989,6296634,50,585485,2007,3223705,4725,222737,6732,3446442,8863,7896.86,17538375,0
"2022-04-29",1190,7211004,1108,6297742,60,585545,2161,3225866,5388,228125,7549,3453991,9907,7865.57,17548282,0
"2022-04-30",730,7211734,742,6298484,43,585588,1395,3227261,2951,231076,4346,3458337,5861,7802.86,17554143,0
"2022-05-01",445,7212179,366,6298850,20,585608,767,3228028,1655,232731,2422,3460759,3253,7777.43,17557396,0
"2022-05-02",1061,7213240,796,6299646,52,585660,1671,3229699,3812,236543,5483,3466242,7392,7554.29,17564788,0
"2022-05-03",1126,7214366,864,6300510,61,585721,1999,3231698,4856,241399,6855,3473097,8906,7637.14,17573694,0
"2022-05-04",1022,7215388,885,6301395,48,585769,1916,3233614,4642,246041,6558,3479655,8513,7527.86,17582207,0
"2022-05-05",1070,7216458,953,6302348,86,585855,1922,3235536,4869,250910,6791,3486446,8900,7533.14,17591107,0
"2022-05-06",1093,7217551,960,6303308,51,585906,1868,3237404,4384,255294,6252,3492698,8356,7311.57,17599463,0
"2022-05-07",661,7218212,592,6303900,32,585938,1203,3238607,2426,257720,3629,3496327,4914,7176.29,17604377,0
"2022-05-08",417,7218629,247,6304147,17,585955,665,3239272,1381,259101,2046,3498373,2727,7101.14,17607104,0
"2022-05-09",1087,7219716,948,6305095,60,586015,1888,3241160,4420,263521,6308,3504681,8403,7245.57,17615507,0
"2022-05-10",1098,7220814,931,6306026,54,586069,1986,3243146,4712,268233,6698,3511379,8781,7227.71,17624288,0
"2022-05-11",1095,7221909,982,6307008,44,586113,1940,3245086,4825,273058,6765,3518144,8886,7281,17633174,0
"2022-05-12",1107,7223016,951,6307959,60,586173,2002,3247088,4655,277713,6657,3524801,8775,7263.14,17641949,0
"2022-05-13",1166,7224182,1041,6309000,44,586217,2061,3249149,4782,282495,6843,3531644,9094,7368.57,17651043,0
"2022-05-14",832,7225014,670,6309670,31,586248,1471,3250620,2943,285438,4414,3536058,5947,7516.14,17656990,0
"2022-05-15",512,7225526,357,6310027,21,586269,924,3251544,1644,287082,2568,3538626,3458,7620.57,17660448,0
"2022-05-16",1233,7226759,861,6310888,62,586331,1827,3253371,3853,290935,5680,3544306,7836,7539.57,17668284,0
"2022-05-17",1301,7228060,928,6311816,79,586410,2050,3255421,4871,295806,6921,3551227,9229,7603.57,17677513,0
"2022-05-18",1250,7229310,902,6312718,82,586492,2064,3257485,4916,300722,6980,3558207,9214,7650.43,17686727,0
"2022-05-19",1173,7230483,883,6313601,36,586528,2119,3259604,4712,305434,6831,3565038,8923,7671.57,17695650,0
"2022-05-20",1205,7231688,960,6314561,74,586602,2365,3261969,5187,310621,7552,3572590,9791,7771.14,17705441,0
"2022-05-21",838,7232526,649,6315210,23,586625,1725,3263694,3287,313908,5012,3577602,6522,7853.29,17711963,0
"2022-05-22",513,7233039,291,6315501,22,586647,1134,3264828,1838,315746,2972,3580574,3798,7901.86,17715761,0
"2022-05-23",1227,7234266,892,6316393,47,586694,2187,3267015,4693,320439,6880,3587454,9046,8074.71,17724807,0
"2022-05-24",1438,7235704,941,6317334,66,586760,2294,3269309,4467,324906,6761,3594215,9206,8071.43,17734013,0
"2022-05-25",1441,7237145,960,6318294,56,586816,2262,3271571,4237,329143,6499,3600714,8956,8034.57,17742969,0
"2022-05-26",1184,7238329,880,6319174,60,586876,2262,3273833,4129,333272,6391,3607105,8515,7976.29,17751484,0
"2022-05-27",1258,7239587,958,6320132,38,586914,2491,3276324,3892,337164,6383,3613488,8637,7811.43,17760121,0
"2022-05-28",720,7240307,518,6320650,19,586933,1779,3278103,2060,339224,3839,3617327,5096,7607.71,17765217,0
"2022-05-29",476,7240783,218,6320868,11,586944,761,3278864,1117,340341,1878,3619205,2583,7434.14,17767800,0
"2022-05-30",91,7240874,57,6320925,6,586950,139,3279003,145,340486,284,3619489,438,6204.43,17768238,0
"2022-05-31",1142,7242016,919,6321844,51,587001,1883,3280886,3056,343542,4939,3624428,7051,5896.57,17775289,0
"2022-06-01",1160,7243176,849,6322693,63,587064,1966,3282852,3407,346949,5373,3629801,7445,5680.71,17782734,0
"2022-06-02",1038,7244214,802,6323495,72,587136,1822,3284674,3158,350107,4980,3634781,6892,5448.86,17789626,0
"2022-06-03",1170,7245384,891,6324386,47,587183,2056,3286730,3478,353585,5534,3640315,7642,5306.71,17797268,0
"2022-06-04",729,7246113,583,6324969,26,587209,1548,3288278,1893,355478,3441,3643756,4779,5261.43,17802047,0
"2022-06-05",450,7246563,297,6325266,1,587210,881,3289159,977,356455,1858,3645614,2606,5264.71,17804653,0
"2022-06-06",1127,7247690,826,6326092,64,587274,1752,3290911,2727,359182,4479,3650093,6496,6130.14,17811149,0
"2022-06-07",1030,7248720,767,6326859,70,587344,1770,3292681,2554,361736,4324,3654417,6191,6007.29,17817340,0
"2022-06-08",1099,7249819,835,6327694,75,587419,1871,3294552,2729,364465,4600,3659017,6609,5887.86,17823949,0
"2022-06-09",1147,7250966,839,6328533,61,587480,2216,3296768,2680,367145,4896,3663913,6943,5895.14,17830892,0
"2022-06-10",1055,7252021,820,6329353,75,587555,1879,3298647,2812,369957,4691,3668604,6641,5752.14,17837533,0
"2022-06-11",682,7252703,507,6329860,25,587580,1318,3299965,1502,371459,2820,3671424,4034,5645.71,17841567,0
"2022-06-12",352,7253055,287,6330147,21,587601,880,3300845,768,372227,1648,3673072,2308,5603.14,17843875,0
"2022-06-13",1038,7254093,766,6330913,63,587664,1566,3302411,2177,374404,3743,3676815,5610,5476.57,17849485,0
"2022-06-14",954,7255047,829,6331742,55,587719,1675,3304086,2487,376891,4162,3680977,6000,5449.29,17855485,0
"2022-06-15",982,7256029,863,6332605,39,587758,1651,3305737,2402,379293,4053,3685030,5937,5353.29,17861422,0
"2022-06-16",954,7256983,780,6333385,59,587817,1822,3307559,2348,381641,4170,3689200,5963,5213.29,17867385,0
"2022-06-17",903,7257886,795,6334180,47,587864,1746,3309305,2386,384027,4132,3693332,5877,5104.14,17873262,0
"2022-06-18",665,7258551,521,6334701,26,587890,1274,3310579,1291,385318,2565,3695897,3777,5067.43,17877039,0
"2022-06-19",353,7258904,236,6334937,16,587906,725,3311304,603,385921,1328,3697225,1933,5013.86,17878972,0
"2022-06-20",838,7259742,489,6335426,41,587947,1565,3312869,1611,387532,3176,3700401,4544,4861.57,17883516,0
"2022-06-21",1137,7260879,733,6336159,50,587997,1689,3314558,2121,389653,3810,3704211,5730,4823,17889246,0
"2022-06-22",1972,7262851,822,6336981,46,588043,1690,3316248,1981,391634,3671,3707882,6511,4905,17895757,0
"2022-06-23",2127,7264978,758,6337739,64,588107,1694,3317942,2141,393775,3835,3711717,6784,5022.29,17902541,0
"2022-06-24",2177,7267155,755,6338494,48,588155,1618,3319560,2134,395909,3752,3715469,6732,5144.43,17909273,0
"2022-06-25",2141,7269296,487,6338981,15,588170,1232,3320792,1133,397042,2365,3717834,5008,5320.29,17914281,0
"2022-06-26",1213,7270509,249,6339230,14,588184,680,3321472,530,397572,1210,3719044,2686,5427.86,17916967,0
"2022-06-27",1530,7272039,651,6339881,60,588244,1455,3322927,1619,399191,3074,3722118,5315,5538,17922282,0
"2022-06-28",1690,7273729,831,6340712,53,588297,1843,3324770,2122,401313,3965,3726083,6539,5653.57,17928821,0
"2022-06-29",1854,7275583,768,6341480,48,588345,1709,3326479,1912,403225,3621,3729704,6291,5622.14,17935112,0
"2022-06-30",1861,7277444,801,6342281,46,588391,1730,3328209,2107,405332,3837,3733541,6545,5588,17941657,0
"2022-07-01",1581,7279025,592,6342873,25,588416,1383,3329592,1715,407047,3098,3736639,5296,5382.86,17946953,0
"2022-07-02",972,7279997,379,6343252,18,588434,830,3330422,925,407972,1755,3738394,3124,5113.71,17950077,0
"2022-07-03",529,7280526,205,6343457,7,588441,459,3330881,485,408457,944,3739338,1685,4970.71,17951762,0
"2022-07-04",35,7280561,26,6343483,1,588442,30,3330911,38,408495,68,3739406,130,4230,17951892,0
"2022-07-05",1276,7281837,748,6344231,35,588477,1390,3332301,1731,410226,3121,3742527,5180,4035.86,17957072,0
"2022-07-06",1608,7283445,678,6344909,44,588521,1440,3333741,1823,412049,3263,3745790,5593,3936.14,17962665,0
"2022-07-07",1579,7285024,716,6345625,48,588569,1513,3335254,1983,414032,3496,3749286,5839,3835.29,17968504,0
"2022-07-08",1621,7286645,642,6346267,37,588606,1462,3336716,1960,415992,3422,3752708,5722,3896.14,17974226,0
"2022-07-09",980,7287625,411,6346678,26,588632,876,3337592,1339,417331,2215,3754923,3632,3968.71,17977858,0
"2022-07-10",642,7288267,184,6346862,17,588649,426,3338018,658,417989,1084,3756007,1927,4003.29,17979785,0
"2022-07-11",1387,7289654,630,6347492,49,588698,1423,3339441,2190,420179,3613,3759620,5679,4796,17985464,0
"2022-07-12",1395,7291049,683,6348175,45,588743,1389,3340830,2494,422673,3883,3763503,6006,4914,17991470,0
"2022-07-13",1604,7292653,726,6348901,36,588779,1498,3342328,2774,425447,4272,3767775,6638,5063.29,17998108,0
"2022-07-14",1576,7294229,834,6349735,47,588826,1585,3343913,3038,428485,4623,3772398,7080,5240.57,18005188,0
"2022-07-15",1602,7295831,917,6350652,45,588871,1548,3345461,3029,431514,4577,3776975,7141,5443.29,18012329,0
"2022-07-16",880,7296711,576,6351228,9,588880,970,3346431,1685,433199,2655,3779630,4120,5513,18016449,0
"2022-07-17",546,7297257,291,6351519,16,588896,529,3346960,1163,434362,1692,3781322,2545,5601.29,18018994,0
"2022-07-18",1387,7298644,839,6352358,45,588941,1418,3348378,2421,436783,3839,3785161,6110,5662.86,18025104,0
"2022-07-19",1426,7300070,967,6353325,51,588992,1530,3349908,2763,439546,4293,3789454,6737,5767.29,18031841,0
"2022-07-20",1371,7301441,1469,6354794,50,589042,1331,3351239,2353,441899,3684,3793138,6574,5758.14,18038415,0
"2022-07-21",1327,7302768,1425,6356219,46,589088,1380,3352619,2337,444236,3717,3796855,6515,5677.43,18044930,0
"2022-07-22",1417,7304185,1547,6357766,41,589129,1535,3354154,2826,447062,4361,3801216,7366,5709.57,18052296,0
"2022-07-23",901,7305086,1089,6358855,16,589145,991,3355145,1546,448608,2537,3803753,4543,5770,18056839,0
"2022-07-24",490,7305576,638,6359493,14,589159,500,3355645,799,449407,1299,3805052,2441,5755.14,18059280,0
"2022-07-25",1204,7306780,763,6360256,57,589216,1250,3356895,2037,451444,3287,3808339,5311,5641,18064591,0
"2022-07-26",1211,7307991,1006,6361262,40,589256,1448,3358343,2401,453845,3849,3812188,6106,5550.86,18070697,0
"2022-07-27",1298,7309289,1259,6362521,40,589296,1373,3359716,2154,455999,3527,3815715,6124,5486.57,18076821,0
"2022-07-28",1282,7310571,1398,6363919,69,589365,1402,3361118,2168,458167,3570,3819285,6319,5458.57,18083140,0
"2022-07-29",1311,7311882,1410,6365329,64,589429,1331,3362449,2103,460270,3434,3822719,6219,5294.71,18089359,0
"2022-07-30",717,7312599,711,6366040,23,589452,781,3363230,938,461208,1719,3824438,3170,5098.57,18092529,0
"2022-07-31",415,7313014,586,6366626,14,589466,486,3363716,568,461776,1054,3825492,2069,5045.43,18094598,0
"2022-08-01",1207,7314221,894,6367520,54,589520,1308,3365024,1462,463238,2770,3828262,4925,4990.29,18099523,0
"2022-08-02",1207,7315428,999,6368519,72,589592,1322,3366346,1566,464804,2888,3831150,5166,4856,18104689,0
"2022-08-03",1232,7316660,1156,6369675,41,589633,1302,3367648,1417,466221,2719,3833869,5148,4716.57,18109837,0
"2022-08-04",1147,7317807,1146,6370821,52,589685,1228,3368876,1337,467558,2565,3836434,4910,4515.29,18114747,0
"2022-08-05",1257,7319064,1389,6372210,43,589728,1261,3370137,1314,468872,2575,3839009,5264,4378.86,18120011,0
"2022-08-06",661,7319725,827,6373037,14,589742,727,3370864,694,469566,1421,3840430,2923,4343.57,18122934,0
"2022-08-07",382,7320107,453,6373490,13,589755,416,3371280,335,469901,751,3841181,1599,4276.43,18124533,0
"2022-08-08",1139,7321246,896,6374386,63,589818,1204,3372484,1080,470981,2284,3843465,4382,4198.86,18128915,0
"2022-08-09",1095,7322341,864,6375250,33,589851,1148,3373632,1058,472039,2206,3845671,4198,4060.57,18133113,0
"2022-08-10",1172,7323513,1074,6376324,54,589905,1199,3374831,1100,473139,2299,3847970,4599,3982.14,18137712,120000
"2022-08-11",1261,7324774,999,6377323,71,589976,1086,3375917,1091,474230,2177,3850147,4508,3924.71,18142220,120000
"2022-08-12",1264,7326038,1346,6378669,45,590021,1176,3377093,1111,475341,2287,3852434,4942,3878.71,18147162,120000
"2022-08-13",739,7326777,757,6379426,13,590034,722,3377815,540,475881,1262,3853696,2771,3857,18149933,120000
"2022-08-14",496,7327273,471,6379897,20,590054,381,3378196,264,476145,645,3854341,1632,3861.71,18151565,120000
"2022-08-15",923,7328196,850,6380747,32,590086,884,3379080,640,476785,1524,3855865,3329,3711.29,18154894,120000
"2022-08-16",456,7328652,320,6381067,12,590098,471,3379551,370,477155,841,3856706,1629,3344.29,18156523,120000
