"DATE","ADMIN_DOSE1_DAILY","ADMIN_DOSE1_CUMULATIVE","ADMIN_DOSE2_DAILY","ADMIN_DOSE2_CUMULATIVE","ADMIN_SINGLE_DAILY","ADMIN_SINGLE_CUMULATIVE","ADMIN_ADDITIONAL1_DAILY","ADMIN_ADDITIONAL1_CUMULATIVE","ADMIN_ADDITIONAL2_DAILY","ADMIN_ADDITIONAL2_CUMULATIVE","ADMIN_ADDITIONAL_DAILY","ADMIN_ADDITIONAL_CUMULATIVE","ADMIN_ALLDOSES_DAILY","ADMIN_ALLDOSES_7DAYAVG","ADMIN_ALLDOSES_CUMULATIVE","INCOMPLETE"
"2020-12-14",79,79,0,0,0,0,0,0,0,0,0,0,79,,79,0
"2020-12-15",2052,2131,6,6,4,4,0,0,0,0,0,0,2062,,2141,0
"2020-12-16",4603,6734,13,19,1,5,1,1,0,0,1,1,4618,,6759,0
"2020-12-17",4655,11389,17,36,0,5,1,2,0,0,1,2,4673,,11432,0
"2020-12-18",5834,17223,19,55,2,7,2,4,0,0,2,4,5857,,17289,0
"2020-12-19",1689,18912,7,62,3,10,0,4,0,0,0,4,1699,,18988,0
"2020-12-20",1116,20028,2,64,1,11,0,4,0,0,0,4,1119,2872.43,20107,0
"2020-12-21",6340,26368,18,82,0,11,5,9,0,0,5,9,6363,3770.14,26470,0
"2020-12-22",9795,36163,27,109,2,13,1,10,0,0,1,10,9825,4879.14,36295,0
"2020-12-23",14276,50439,34,143,3,16,1,11,0,0,1,11,14314,6264.29,50609,0
"2020-12-24",7201,57640,24,167,1,17,0,11,0,0,0,11,7226,6629,57835,0
"2020-12-25",180,57820,0,167,0,17,1,12,0,0,1,12,181,5818.14,58016,0
"2020-12-26",4389,62209,42,209,0,17,1,13,0,0,1,13,4432,6208.57,62448,0
"2020-12-27",3869,66078,14,223,0,17,1,14,0,0,1,14,3884,6603.57,66332,0
"2020-12-28",10995,77073,49,272,1,18,2,16,0,0,2,16,11047,7272.71,77379,0
"2020-12-29",10720,87793,34,306,2,20,2,18,0,0,2,18,10758,7406,88137,0
"2020-12-30",12824,100617,45,351,0,20,0,18,0,0,0,18,12869,7199.57,101006,0
"2020-12-31",7262,107879,31,382,1,21,0,18,0,0,0,18,7294,7209.29,108300,0
"2021-01-01",181,108060,2,384,1,22,3,21,0,0,3,21,187,7210.14,108487,0
"2021-01-02",3809,111869,10,394,2,24,2,23,0,0,2,23,3823,7123.14,112310,0
"2021-01-03",3541,115410,24,418,2,26,1,24,0,0,1,24,3568,7078,115878,0
"2021-01-04",12256,127666,807,1225,2,28,6,30,0,0,6,30,13071,7367.14,128949,0
"2021-01-05",14085,141751,2191,3416,2,30,11,41,1,1,12,42,16290,8157.43,145239,0
"2021-01-06",17803,159554,3927,7343,1,31,30,71,6,7,36,78,21767,9428.57,167006,0
"2021-01-07",16552,176106,5169,12512,4,35,45,116,4,11,49,127,21774,11497.14,188780,0
"2021-01-08",16619,192725,5455,17967,0,35,33,149,4,15,37,164,22111,14629.14,210891,0
"2021-01-09",7652,200377,1462,19429,1,36,7,156,2,17,9,173,9124,15386.43,220015,0
"2021-01-10",7881,208258,983,20412,0,36,10,166,0,17,10,183,8874,16144.43,228889,0
"2021-01-11",25827,234085,7454,27866,2,38,48,214,8,25,56,239,33339,19039.86,262228,0
"2021-01-12",28262,262347,7857,35723,1,39,45,259,2,27,47,286,36167,21879.43,298395,0
"2021-01-13",31726,294073,9386,45109,1,40,52,311,4,31,56,342,41169,24651.14,339564,0
"2021-01-14",35811,329884,5323,50432,1,41,29,340,7,38,36,378,41171,27422.14,380735,0
"2021-01-15",29268,359152,3705,54137,2,43,32,372,4,42,36,414,33011,28979.29,413746,0
"2021-01-16",30287,389439,2384,56521,0,43,24,396,5,47,29,443,32700,32347.29,446446,0
"2021-01-17",23751,413190,1624,58145,0,43,18,414,1,48,19,462,25394,34707.29,471840,0
"2021-01-18",27109,440299,2412,60557,1,44,34,448,7,55,41,503,29563,34167.86,501403,0
"2021-01-19",34296,474595,9625,70182,1,45,71,519,5,60,76,579,43998,35286.57,545401,0
"2021-01-20",34867,509462,9496,79678,1,46,59,578,4,64,63,642,44427,35752,589828,0
"2021-01-21",25593,535055,8093,87771,2,48,48,626,5,69,53,695,33741,34690.57,623569,0
"2021-01-22",24755,559810,4382,92153,1,49,31,657,7,76,38,733,29176,34142.71,652745,0
"2021-01-23",15745,575555,3222,95375,0,49,9,666,2,78,11,744,18978,32182.43,671723,0
"2021-01-24",7176,582731,3452,98827,0,49,19,685,1,79,20,764,10648,30075.86,682371,0
"2021-01-25",13412,596143,11821,110648,0,49,65,750,10,89,75,839,25308,29468,707679,0
"2021-01-26",16766,612909,10752,121400,0,49,67,817,2,91,69,908,27587,27123.57,735266,0
"2021-01-27",20835,633744,12359,133759,0,49,50,867,7,98,57,965,33251,25527,768517,0
"2021-01-28",30763,664507,12847,146606,0,49,81,948,16,114,97,1062,43707,26950.71,812224,0
"2021-01-29",31696,696203,11500,158106,0,49,78,1026,10,124,88,1150,43284,28966.14,855508,0
"2021-01-30",18710,714913,3740,161846,0,49,21,1047,2,126,23,1173,22473,29465.43,877981,0
"2021-01-31",13023,727936,2918,164764,1,50,28,1075,4,130,32,1205,15974,30226.29,893955,0
"2021-02-01",1180,729116,5368,170132,4,54,35,1110,4,134,39,1244,6591,27552.43,900546,0
"2021-02-02",2827,731943,9473,179605,2,56,48,1158,4,138,52,1296,12354,25376.29,912900,0
"2021-02-03",16349,748292,21243,200848,4,60,202,1360,18,156,220,1516,37816,26028.43,950716,0
"2021-02-04",27048,775340,19650,220498,3,63,199,1559,10,166,209,1725,46910,26486,997626,0
"2021-02-05",27601,802941,20028,240526,0,63,185,1744,16,182,201,1926,47830,27135.43,1045456,0
"2021-02-06",22993,825934,11246,251772,0,63,110,1854,11,193,121,2047,34360,28833.57,1079816,0
"2021-02-07",12043,837977,8282,260054,1,64,91,1945,13,206,104,2151,20430,29470.14,1100246,0
"2021-02-08",16968,854945,23511,283565,2,66,234,2179,33,239,267,2418,40748,34349.71,1140994,0
"2021-02-09",17195,872140,28109,311674,2,68,331,2510,43,282,374,2792,45680,39110.57,1186674,0
"2021-02-10",19590,891730,29313,340987,2,70,258,2768,49,331,307,3099,49212,40738.57,1235886,0
"2021-02-11",27850,919580,33469,374456,2,72,342,3110,58,389,400,3499,61721,42854.43,1297607,0
"2021-02-12",38397,957977,30795,405251,3,75,354,3464,39,428,393,3892,69588,45962.71,1367195,0
"2021-02-13",28006,985983,25311,430562,2,77,311,3775,50,478,361,4253,53680,48722.71,1420875,0
"2021-02-14",16282,1002265,23733,454295,0,77,257,4032,32,510,289,4542,40304,51561.86,1461179,0
"2021-02-15",12795,1015060,10526,464821,2,79,168,4200,24,534,192,4734,23515,49100,1484694,0
"2021-02-16",14239,1029299,26732,491553,0,79,320,4520,36,570,356,5090,41327,48478.14,1526021,0
"2021-02-17",16394,1045693,22192,513745,1,80,284,4804,37,607,321,5411,38908,47006.14,1564929,0
"2021-02-18",12153,1057846,24992,538737,21,101,286,5090,43,650,329,5740,37495,43545.29,1602424,0
"2021-02-19",13265,1071111,23931,562668,39,140,304,5394,44,694,348,6088,37583,38973.14,1640007,0
"2021-02-20",11352,1082463,26073,588741,6,146,326,5720,78,772,404,6492,37835,36709.57,1677842,0
"2021-02-21",6363,1088826,17421,606162,15,161,283,6003,42,814,325,6817,24124,34398.14,1701966,0
"2021-02-22",13041,1101867,11848,618010,2,163,125,6128,19,833,144,6961,25035,34615.29,1727001,0
"2021-02-23",25244,1127111,14149,632159,1,164,159,6287,35,868,194,7155,39588,34366.86,1766589,0
"2021-02-24",36363,1163474,20388,652547,0,164,223,6510,36,904,259,7414,57010,36952.86,1823599,0
"2021-02-25",54617,1218091,30387,682934,6,170,392,6902,67,971,459,7873,85469,43806.29,1909068,0
"2021-02-26",62873,1280964,31873,714807,4,174,407,7309,75,1046,482,8355,95232,52041.86,2004300,0
"2021-02-27",51295,1332259,22752,737559,47,221,332,7641,51,1097,383,8738,74477,57276.43,2078777,0
"2021-02-28",44595,1376854,13823,751382,7,228,202,7843,33,1130,235,8973,58660,62210.14,2137437,0
"2021-03-01",39318,1416172,12777,764159,10,238,166,8009,25,1155,191,9164,52296,66104.57,2189733,0
"2021-03-02",47085,1463257,12573,776732,7,245,160,8169,14,1169,174,9338,59839,68997.57,2249572,0
"2021-03-03",48607,1511864,16157,792889,17,262,147,8316,21,1190,168,9506,64949,70131.71,2314521,0
"2021-03-04",59818,1571682,22822,815711,1092,1354,271,8587,35,1225,306,9812,84038,69927.29,2398559,0
"2021-03-05",60990,1632672,24282,839993,3109,4463,327,8914,35,1260,362,10174,88743,69000.29,2487302,0
"2021-03-06",47180,1679852,18884,858877,5451,9914,236,9150,34,1294,270,10444,71785,68615.71,2559087,0
"2021-03-07",36047,1715899,14874,873751,6245,16159,230,9380,20,1314,250,10694,57416,68438,2616503,0
"2021-03-08",39629,1755528,14672,888423,8564,24723,314,9694,91,1405,405,11099,63270,70005.71,2679773,0
"2021-03-09",39108,1794636,12846,901269,7764,32487,178,9872,33,1438,211,11310,59929,70018.57,2739702,0
"2021-03-10",51832,1846468,15340,916609,5067,37554,228,10100,31,1469,259,11569,72498,71097,2812200,0
"2021-03-11",59992,1906460,21805,938414,4618,42172,253,10353,48,1517,301,11870,86716,71479.57,2898916,0
"2021-03-12",52206,1958666,30309,968723,4183,46355,373,10726,80,1597,453,12323,87151,71252.14,2986067,0
"2021-03-13",40651,1999317,26683,995406,5109,51464,325,11051,54,1651,379,12702,72822,71400.29,3058889,0
"2021-03-14",30717,2030034,15969,1011375,4527,55991,237,11288,26,1677,263,12965,51476,70551.71,3110365,0
"2021-03-15",33590,2063624,17252,1028627,4717,60708,233,11521,32,1709,265,13230,55824,69488,3166189,0
"2021-03-16",38680,2102304,20500,1049127,4925,65633,256,11777,36,1745,292,13522,64397,70126.29,3230586,0
"2021-03-17",42619,2144923,24787,1073914,4247,69880,339,12116,37,1782,376,13898,72029,70059.29,3302615,0
"2021-03-18",50456,2195379,26799,1100713,5239,75119,363,12479,61,1843,424,14322,82918,69516.71,3385533,0
"2021-03-19",47795,2243174,29953,1130666,5624,80743,389,12868,69,1912,458,14780,83830,69042.29,3469363,0
"2021-03-20",38714,2281888,25828,1156494,4687,85430,297,13165,61,1973,358,15138,69587,68580.14,3538950,0
"2021-03-21",29302,2311190,19356,1175850,770,86200,219,13384,42,2015,261,15399,49689,68324.86,3588639,0
"2021-03-22",33872,2345062,26729,1202579,4037,90237,260,13644,37,2052,297,15696,64935,69626.43,3653574,0
"2021-03-23",38437,2383499,32839,1235418,4219,94456,290,13934,56,2108,346,16042,75841,71261.29,3729415,0
"2021-03-24",41501,2425000,37593,1273011,4850,99306,327,14261,63,2171,390,16432,84334,73019.14,3813749,0
"2021-03-25",43418,2468418,50776,1323787,5055,104361,469,14730,86,2257,555,16987,99804,75431.43,3913553,0
"2021-03-26",38508,2506926,55500,1379287,4310,108671,524,15254,98,2355,622,17609,98940,77590,4012493,0
"2021-03-27",35739,2542665,45746,1425033,2939,111610,412,15666,81,2436,493,18102,84917,79780,4097410,0
"2021-03-28",26393,2569058,34450,1459483,1482,113092,328,15994,62,2498,390,18492,62715,81640.86,4160125,0
"2021-03-29",34821,2603879,38862,1498345,3247,116339,341,16335,109,2607,450,18942,77380,83418.71,4237505,0
"2021-03-30",40517,2644396,41911,1540256,3714,120053,337,16672,66,2673,403,19345,86545,84947.86,4324050,0
"2021-03-31",49397,2693793,44856,1585112,7442,127495,397,17069,87,2760,484,19829,102179,87497.14,4426229,0
"2021-04-01",50786,2744579,53941,1639053,11275,138770,501,17570,81,2841,582,20411,116584,89894.29,4542813,0
"2021-04-02",43762,2788341,53885,1692938,11971,150741,543,18113,70,2911,613,21024,110231,91507.29,4653044,0
"2021-04-03",39256,2827597,39209,1732147,9860,160601,336,18449,59,2970,395,21419,88720,92050.57,4741764,0
"2021-04-04",26560,2854157,24777,1756924,3902,164503,224,18673,49,3019,273,21692,55512,91021.57,4797276,0
"2021-04-05",41888,2896045,34485,1791409,11196,175699,370,19043,60,3079,430,22122,87999,92538.57,4885275,0
"2021-04-06",53270,2949315,35617,1827026,13222,188921,426,19469,70,3149,496,22618,102605,94832.86,4987880,0
"2021-04-07",55520,3004835,40689,1867715,14389,203310,392,19861,77,3226,469,23087,111067,96102.57,5098947,0
"2021-04-08",59270,3064105,46585,1914300,16340,219650,513,20374,78,3304,591,23678,122786,96988.57,5221733,0
"2021-04-09",56647,3120752,44958,1959258,17551,237201,513,20887,77,3381,590,24268,119746,98347.86,5341479,0
"2021-04-10",49354,3170106,35640,1994898,12728,249929,387,21274,61,3442,448,24716,98170,99697.86,5439649,0
"2021-04-11",38188,3208294,28816,2023714,7684,257613,293,21567,56,3498,349,25065,75037,102487.14,5514686,0
"2021-04-12",46642,3254936,31849,2055563,13496,271109,463,22030,63,3561,526,25591,92513,103132,5607199,0
"2021-04-13",52545,3307481,33791,2089354,368,271477,395,22425,60,3621,455,26046,87159,100925.43,5694358,0
"2021-04-14",50151,3357632,39959,2129313,20,271497,365,22790,68,3689,433,26479,90563,97996.29,5784921,0
"2021-04-15",52129,3409761,43678,2172991,16,271513,451,23241,103,3792,554,27033,96377,94223.57,5881298,0
"2021-04-16",51188,3460949,42217,2215208,32,271545,417,23658,66,3858,483,27516,93920,90534.14,5975218,0
"2021-04-17",43843,3504792,35691,2250899,3,271548,364,24022,83,3941,447,27963,79984,87936.14,6055202,0
"2021-04-18",28610,3533402,29373,2280272,7,271555,249,24271,61,4002,310,28273,58300,85545.14,6113502,0
"2021-04-19",37476,3570878,36448,2316720,22,271577,322,24593,61,4063,383,28656,74329,82947.43,6187831,0
"2021-04-20",40811,3611689,39629,2356349,19,271596,313,24906,74,4137,387,29043,80846,82045.57,6268677,0
"2021-04-21",38908,3650597,46010,2402359,16,271612,491,25397,95,4232,586,29629,85520,81325.14,6354197,0
"2021-04-22",38499,3689096,48962,2451321,9,271621,334,25731,75,4307,409,30038,87879,80111.14,6442076,0
"2021-04-23",39703,3728799,44383,2495704,4,271625,345,26076,69,4376,414,30452,84504,78766,6526580,0
"2021-04-24",31953,3760752,41602,2537306,44,271669,275,26351,60,4436,335,30787,73934,77901.71,6600514,0
"2021-04-25",18423,3779175,31230,2568536,86,271755,191,26542,55,4491,246,31033,49985,76713.86,6650499,0
"2021-04-26",26972,3806147,40737,2609273,1013,272768,282,26824,82,4573,364,31397,69086,75964.86,6719585,0
"2021-04-27",28574,3834721,47143,2656416,1697,274465,348,27172,92,4665,440,31837,77854,75537.43,6797439,0
"2021-04-28",27048,3861769,56836,2713252,2148,276613,425,27597,98,4763,523,32360,86555,75685.29,6883994,0
"2021-04-29",28611,3890380,57201,2770453,2148,278761,362,27959,99,4862,461,32821,88421,75762.71,6972415,0
"2021-04-30",30125,3920505,51987,2822440,2056,280817,281,28240,73,4935,354,33175,84522,75765.29,7056937,0
"2021-05-01",22482,3942987,44550,2866990,1177,281994,223,28463,63,4998,286,33461,68495,74988.29,7125432,0
"2021-05-02",11928,3954915,36654,2903644,1080,283074,136,28599,55,5053,191,33652,49853,74969.43,7175285,0
"2021-05-03",18033,3972948,53022,2956666,2383,285457,256,28855,88,5141,344,33996,73782,75640.29,7249067,0
"2021-05-04",22739,3995687,56650,3013316,2330,287787,263,29118,112,5253,375,34371,82094,76246,7331161,0
"2021-05-05",21479,4017166,48798,3062114,2313,290100,309,29427,98,5351,407,34778,72997,74309.14,7404158,0
"2021-05-06",20682,4037848,50181,3112295,2507,292607,269,29696,82,5433,351,35129,73721,72209.14,7477879,0
"2021-05-07",21257,4059105,52098,3164393,2813,295420,307,30003,70,5503,377,35506,76545,71069.57,7554424,0
"2021-05-08",16634,4075739,41870,3206263,1835,297255,227,30230,66,5569,293,35799,60632,69946.29,7615056,0
"2021-05-09",7977,4083716,29413,3235676,1260,298515,148,30378,55,5624,203,36002,38853,68374.86,7653909,0
"2021-05-10",14391,4098107,38541,3274217,2355,300870,230,30608,86,5710,316,36318,55603,65777.86,7709512,0
"2021-05-11",19916,4118023,43058,3317275,2514,303384,280,30888,83,5793,363,36681,65851,63457.43,7775363,0
"2021-05-12",17813,4135836,40534,3357809,3596,306980,230,31118,76,5869,306,36987,62249,61922,7837612,0
"2021-05-13",24975,4160811,40433,3398242,3230,310210,259,31377,74,5943,333,37320,68971,61243.43,7906583,0
"2021-05-14",27024,4187835,42913,3441155,3537,313747,283,31660,94,6037,377,37697,73851,60858.57,7980434,0
"2021-05-15",23650,4211485,34914,3476069,3366,317113,249,31909,74,6111,323,38020,62253,61090.14,8042687,0
"2021-05-16",15529,4227014,19443,3495512,2497,319610,125,32034,46,6157,171,38191,37640,60916.86,8080327,0
"2021-05-17",22676,4249690,29139,3524651,3257,322867,177,32211,66,6223,243,38434,55315,60875.71,8135642,0
"2021-05-18",24637,4274327,31907,3556558,3404,326271,236,32447,71,6294,307,38741,60255,60076.29,8195897,0
"2021-05-19",24195,4298522,29715,3586273,3040,329311,222,32669,46,6340,268,39009,57218,59357.57,8253115,0
"2021-05-20",24156,4322678,30084,3616357,3162,332473,272,32941,99,6439,371,39380,57773,57757.86,8310888,0
"2021-05-21",24687,4347365,32001,3648358,3060,335533,253,33194,60,6499,313,39693,60061,55787.86,8370949,0
"2021-05-22",20024,4367389,24357,3672715,2525,338058,161,33355,47,6546,208,39901,47114,53625.14,8418063,0
"2021-05-23",11234,4378623,13732,3686447,1411,339469,93,33448,32,6578,125,40026,26502,52034,8444565,0
"2021-05-24",18881,4397504,23156,3709603,2757,342226,213,33661,52,6630,265,40291,45059,50568.86,8489624,0
"2021-05-25",19433,4416937,23378,3732981,2601,344827,177,33838,70,6700,247,40538,45659,48483.71,8535283,0
"2021-05-26",18787,4435724,21087,3754068,2696,347523,199,34037,52,6752,251,40789,42821,46427,8578104,0
"2021-05-27",18472,4454196,21274,3775342,2529,350052,189,34226,63,6815,252,41041,42527,44249,8620631,0
"2021-05-28",17864,4472060,22887,3798229,2751,352803,187,34413,53,6868,240,41281,43742,41917.71,8664373,0
"2021-05-29",12710,4484770,17810,3816039,1755,354558,104,34517,39,6907,143,41424,32418,39818.29,8696791,0
"2021-05-30",7032,4491802,8949,3824988,1074,355632,47,34564,17,6924,64,41488,17119,38477.86,8713910,0
"2021-05-31",4743,4496545,6924,3831912,1012,356644,64,34628,16,6940,80,41568,12759,33863.57,8726669,0
"2021-06-01",16045,4512590,25195,3857107,2175,358819,152,34780,40,6980,192,41760,43607,33570.43,8770276,0
"2021-06-02",15352,4527942,20388,3877495,2093,360912,137,34917,47,7027,184,41944,38017,32884.14,8808293,0
"2021-06-03",15009,4542951,23817,3901312,2280,363192,130,35047,43,7070,173,42117,41279,32705.86,8849572,0
"2021-06-04",14731,4557682,25985,3927297,2492,365684,140,35187,38,7108,178,42295,43386,32655,8892958,0
"2021-06-05",10991,4568673,22086,3949383,1806,367490,112,35299,30,7138,142,42437,35025,33027.43,8927983,0
"2021-06-06",6446,4575119,14468,3963851,1222,368712,86,35385,13,7151,99,42536,22235,33758.29,8950218,0
"2021-06-07",11709,4586828,21788,3985639,2379,371091,138,35523,36,7187,174,42710,36050,37085.57,8986268,0
"2021-06-08",12647,4599475,24020,4009659,2072,373163,117,35640,44,7231,161,42871,38900,36413.14,9025168,0
"2021-06-09",11142,4610617,23026,4032685,2298,375461,131,35771,39,7270,170,43041,36636,36215.86,9061804,0
"2021-06-10",12071,4622688,22232,4054917,2462,377923,140,35911,56,7326,196,43237,36961,35599,9098765,0
"2021-06-11",12703,4635391,25123,4080040,2483,380406,151,36062,58,7384,209,43446,40518,35189.29,9139283,0
"2021-06-12",10167,4645558,19306,4099346,1888,382294,94,36156,37,7421,131,43577,31492,34684.57,9170775,0
"2021-06-13",4258,4649816,10935,4110281,1219,383513,41,36197,20,7441,61,43638,16473,33861.43,9187248,0
"2021-06-14",10208,4660024,19245,4129526,2042,385555,127,36324,51,7492,178,43816,31673,33236.14,9218921,0
"2021-06-15",11886,4671910,21008,4150534,1943,387498,132,36456,41,7533,173,43989,35010,32680.43,9253931,0
"2021-06-16",11591,4683501,19410,4169944,1956,389454,138,36594,66,7599,204,44193,33161,32184,9287092,0
"2021-06-17",11025,4694526,18763,4188707,1971,391425,120,36714,34,7633,154,44347,31913,31462.86,9319005,0
"2021-06-18",12168,4706694,18500,4207207,2116,393541,113,36827,35,7668,148,44495,32932,30379.14,9351937,0
"2021-06-19",8499,4715193,13520,4220727,1459,395000,81,36908,20,7688,101,44596,23579,29248.71,9375516,0
"2021-06-20",4335,4719528,7159,4227886,924,395924,37,36945,17,7705,54,44650,12472,28677.14,9387988,0
"2021-06-21",10162,4729690,10009,4237895,1806,397730,68,37013,28,7733,96,44746,22073,27305.71,9410061,0
"2021-06-22",9836,4739526,15641,4253536,1589,399319,104,37117,27,7760,131,44877,27197,26189.57,9437258,0
"2021-06-23",10315,4749841,15186,4268722,1860,401179,101,37218,28,7788,129,45006,27490,25379.43,9464748,0
"2021-06-24",9690,4759531,14697,4283419,1799,402978,118,37336,25,7813,143,45149,26329,24581.71,9491077,0
"2021-06-25",10591,4770122,14383,4297802,1720,404698,110,37446,37,7850,147,45296,26841,23711.57,9517918,0
"2021-06-26",7805,4777927,10463,4308265,1247,405945,74,37520,23,7873,97,45393,19612,23144.86,9537530,0
"2021-06-27",5001,4782928,6002,4314267,795,406740,32,37552,14,7887,46,45439,11844,23055.14,9549374,0
"2021-06-28",9032,4791960,10345,4324612,1524,408264,106,37658,26,7913,132,45571,21033,22906.57,9570407,0
"2021-06-29",9749,4801709,12316,4336928,1347,409611,123,37781,27,7940,150,45721,23562,22387.29,9593969,0
"2021-06-30",9431,4811140,10927,4347855,1481,411092,146,37927,16,7956,162,45883,22001,21603.14,9615970,0
"2021-07-01",9398,4820538,10928,4358783,1431,412523,125,38052,24,7980,149,46032,21906,20971.29,9637876,0
"2021-07-02",9696,4830234,11438,4370221,1541,414064,120,38172,23,8003,143,46175,22818,20396.57,9660694,0
"2021-07-03",7059,4837293,8421,4378642,1193,415257,75,38247,16,8019,91,46266,16764,19989.71,9677458,0
"2021-07-04",1288,4838581,1336,4379978,567,415824,8,38255,3,8022,11,46277,3202,18755.14,9680660,0
"2021-07-05",6495,4845076,7105,4387083,1208,417032,64,38319,19,8041,83,46360,14891,17877.71,9695551,0
"2021-07-06",9511,4854587,12851,4399934,1316,418348,115,38434,34,8075,149,46509,23827,17915.57,9719378,0
"2021-07-07",8671,4863258,11108,4411042,1419,419767,121,38555,17,8092,138,46647,21336,17820.57,9740714,0
"2021-07-08",8208,4871466,10190,4421232,1260,421027,107,38662,21,8113,128,46775,19786,17517.71,9760500,0
"2021-07-09",8377,4879843,10833,4432065,1279,422306,88,38750,17,8130,105,46880,20594,17200,9781094,0
"2021-07-10",7107,4886950,8628,4440693,1132,423438,63,38813,20,8150,83,46963,16950,17226.57,9798044,0
"2021-07-11",4105,4891055,4539,4445232,703,424141,34,38847,6,8156,40,47003,9387,18110.14,9807431,0
"2021-07-12",8455,4899510,9554,4454786,1250,425391,81,38928,20,8176,101,47104,19360,18748.57,9826791,0
"2021-07-13",9464,4908974,9389,4464175,951,426342,104,39032,33,8209,137,47241,19941,18193.43,9846732,0
"2021-07-14",9002,4917976,9531,4473706,1009,427351,102,39134,19,8228,121,47362,19663,17954.43,9866395,0
"2021-07-15",8791,4926767,9152,4482858,1051,428402,83,39217,16,8244,99,47461,19093,17855.43,9885488,0
"2021-07-16",9243,4936010,9761,4492619,978,429380,102,39319,31,8275,133,47594,20115,17787,9905603,0
"2021-07-17",6845,4942855,7385,4500004,802,430182,79,39398,19,8294,98,47692,15130,17527,9920733,0
"2021-07-18",4259,4947114,4283,4504287,569,430751,35,39433,14,8308,49,47741,9160,17494.57,9929893,0
"2021-07-19",9126,4956240,8467,4512754,999,431750,89,39522,20,8328,109,47850,18701,17400.43,9948594,0
"2021-07-20",10651,4966891,8758,4521512,991,432741,93,39615,24,8352,117,47967,20517,17482.71,9969111,0
"2021-07-21",10053,4976944,8763,4530275,903,433644,145,39760,30,8382,175,48142,19894,17515.71,9989005,0
"2021-07-22",10688,4987632,8583,4538858,1045,434689,142,39902,25,8407,167,48309,20483,17714.29,10009488,0
"2021-07-23",11254,4998886,8880,4547738,1114,435803,137,40039,22,8429,159,48468,21407,17898.86,10030895,0
"2021-07-24",7404,5006290,6735,4554473,670,436473,81,40120,21,8450,102,48570,14911,17867.57,10045806,0
"2021-07-25",5478,5011768,2125,4556598,509,436982,59,40179,4,8454,63,48633,8175,17726.86,10053981,0
"2021-07-26",10875,5022643,7000,4563598,859,437841,109,40288,16,8470,125,48758,18859,17749.43,10072840,0
"2021-07-27",12057,5034700,8566,4572164,857,438698,132,40420,34,8504,166,48924,21646,17910.71,10094486,0
"2021-07-28",11994,5046694,8048,4580212,950,439648,131,40551,24,8528,155,49079,21147,18089.71,10115633,0
"2021-07-29",10935,5057629,7428,4587640,984,440632,132,40683,39,8567,171,49250,19518,17951.86,10135151,0
"2021-07-30",14955,5072584,8009,4595649,1150,441782,181,40864,27,8594,208,49458,24322,18368.29,10159473,0
"2021-07-31",9731,5082315,6310,4601959,816,442598,119,40983,19,8613,138,49596,16995,18666,10176468,0
"2021-08-01",6504,5088819,3308,4605267,564,443162,81,41064,19,8632,100,49696,10476,18994.71,10186944,0
"2021-08-02",13451,5102270,7153,4612420,847,444009,144,41208,18,8650,162,49858,21613,19388.14,10208557,0
"2021-08-03",15415,5117685,8383,4620803,1109,445118,143,41351,32,8682,175,50033,25082,19879,10233639,0
"2021-08-04",17260,5134945,8124,4628927,1454,446572,179,41530,29,8711,208,50241,27046,20721.71,10260685,0
"2021-08-05",17863,5152808,7927,4636854,1366,447938,162,41692,17,8728,179,50420,27335,21838.43,10288020,0
"2021-08-06",18181,5170989,8412,4645266,1233,449171,162,41854,29,8757,191,50611,28017,22366.29,10316037,0
"2021-08-07",13388,5184377,6014,4651280,799,449970,100,41954,27,8784,127,50738,20328,22842.43,10336365,0
"2021-08-08",9308,5193685,3838,4655118,399,450369,82,42036,8,8792,90,50828,13635,23293.71,10350000,0
"2021-08-09",21341,5215026,8526,4663644,963,451332,169,42205,32,8824,201,51029,31031,24639.14,10381031,0
"2021-08-10",18922,5233948,9331,4672975,947,452279,173,42378,32,8856,205,51234,29405,25256.71,10410436,0
"2021-08-11",15649,5249597,8309,4681284,853,453132,128,42506,37,8893,165,51399,24976,24961,10435412,0
"2021-08-12",15046,5264643,8976,4690260,940,454072,170,42676,31,8924,201,51600,25163,24650.71,10460575,0
"2021-08-13",14927,5279570,9290,4699550,921,454993,238,42914,35,8959,273,51873,25411,24278.43,10485986,0
"2021-08-14",10410,5289980,6404,4705954,625,455618,529,43443,38,8997,567,52440,18006,23946.71,10503992,0
"2021-08-15",6697,5296677,4475,4710429,676,456294,567,44010,30,9027,597,53037,12445,23776.71,10516437,0
"2021-08-16",15725,5312402,9294,4719723,1149,457443,1320,45330,60,9087,1380,54417,27548,23279.14,10543985,0
"2021-08-17",17779,5330181,10435,4730158,1223,458666,1764,47094,76,9163,1840,56257,31277,23546.57,10575262,0
"2021-08-18",17510,5347691,10359,4740517,1261,459927,1985,49079,90,9253,2075,58332,31205,24436.43,10606467,0
"2021-08-19",16306,5363997,9516,4750033,1315,461242,1947,51026,62,9315,2009,60341,29146,25005.43,10635613,0
"2021-08-20",16286,5380283,11537,4761570,1254,462496,1851,52877,81,9396,1932,62273,31009,25805.14,10666622,0
"2021-08-21",11152,5391435,8043,4769613,878,463374,1053,53930,52,9448,1105,63378,21178,26258.29,10687800,0
"2021-08-22",4081,5395516,3901,4773514,262,463636,514,54444,30,9478,544,63922,8788,25735.86,10696588,0
"2021-08-23",15582,5411098,11793,4785307,1023,464659,1545,55989,72,9550,1617,65539,30015,26088.29,10726603,0
"2021-08-24",16915,5428013,12599,4797906,1006,465665,1772,57761,72,9622,1844,67383,32364,26243.57,10758967,0
"2021-08-25",14588,5442601,12440,4810346,1110,466775,1562,59323,74,9696,1636,69019,29774,26039.14,10788741,0
"2021-08-26",16170,5458771,14084,4824430,1072,467847,1766,61089,64,9760,1830,70849,33156,26612,10821897,0
"2021-08-27",14886,5473657,14822,4839252,971,468818,1664,62753,72,9832,1736,72585,32415,26812.86,10854312,0
"2021-08-28",10685,5484342,11522,4850774,836,469654,1008,63761,42,9874,1050,73635,24093,27229.29,10878405,0
"2021-08-29",7220,5491562,7495,4858269,541,470195,776,64537,54,9928,830,74465,16086,28271.86,10894491,0
"2021-08-30",15527,5507089,16926,4875195,1077,471272,1790,66327,78,10006,1868,76333,35398,29040.86,10929889,0
"2021-08-31",15522,5522611,15950,4891145,951,472223,1969,68296,84,10090,2053,78386,34476,29342.57,10964365,0
"2021-09-01",14831,5537442,14097,4905242,1021,473244,1804,70100,59,10149,1863,80249,31812,29633.71,10996177,0
"2021-09-02",14337,5551779,12520,4917762,896,474140,1697,71797,59,10208,1756,82005,29509,29112.71,11025686,0
"2021-09-03",15016,5566795,14297,4932059,974,475114,1892,73689,68,10276,1960,83965,32247,29088.71,11057933,0
"2021-09-04",9646,5576441,9407,4941466,688,475802,967,74656,34,10310,1001,84966,20742,28610,11078675,0
"2021-09-05",6802,5583243,5512,4946978,438,476240,709,75365,12,10322,721,85687,13473,28236.71,11092148,0
"2021-09-06",5197,5588440,4512,4951490,358,476598,270,75635,11,10333,281,85968,10348,24658.14,11102496,0
"2021-09-07",15572,5604012,17694,4969184,912,477510,1546,77181,83,10416,1629,87597,35807,24848.29,11138303,0
"2021-09-08",16164,5620176,14824,4984008,1073,478583,1763,78944,75,10491,1838,89435,33899,25146.43,11172202,0
"2021-09-09",16118,5636294,14747,4998755,1047,479630,1906,80850,69,10560,1975,91410,33887,25771.86,11206089,0
"2021-09-10",18371,5654665,15389,5014144,1208,480838,1968,82818,79,10639,2047,93457,37015,26453,11243104,0
"2021-09-11",12633,5667298,10346,5024490,958,481796,1022,83840,47,10686,1069,94526,25006,27062.14,11268110,0
"2021-09-12",8533,5675831,5051,5029541,766,482562,688,84528,28,10714,716,95242,15066,27289.71,11283176,0
"2021-09-13",16936,5692767,12946,5042487,977,483539,1646,86174,53,10767,1699,96941,32558,30462.57,11315734,0
"2021-09-14",16274,5709041,13676,5056163,886,484425,1591,87765,48,10815,1639,98580,32475,29986.57,11348209,0
"2021-09-15",15546,5724587,12871,5069034,727,485152,1565,89330,81,10896,1646,100226,30790,29542.43,11378999,0
"2021-09-16",15344,5739931,13903,5082937,1210,486362,1451,90781,64,10960,1515,101741,31972,29268.86,11410971,0
"2021-09-17",14437,5754368,13962,5096899,922,487284,1825,92606,54,11014,1879,103620,31200,28438.14,11442171,0
"2021-09-18",10005,5764373,10173,5107072,913,488197,1046,93652,38,11052,1084,104704,22175,28033.71,11464346,0
"2021-09-19",6178,5770551,6071,5113143,558,488755,744,94396,28,11080,772,105476,13579,27821.29,11477925,0
"2021-09-20",12680,5783231,12628,5125771,1068,489823,1919,96315,54,11134,1973,107449,28349,27220,11506274,0
"2021-09-21",12238,5795469,12769,5138540,1109,490932,2018,98333,74,11208,2092,109541,28208,26610.43,11534482,0
"2021-09-22",12825,5808294,11999,5150539,1089,492021,1682,100015,66,11274,1748,111289,27661,26163.43,11562143,0
"2021-09-23",14946,5823240,12754,5163293,1639,493660,2261,102276,73,11347,2334,113623,31673,26120.71,11593816,0
"2021-09-24",16452,5839692,13365,5176658,1633,495293,4622,106898,110,11457,4732,118355,36182,26832.43,11629998,0
"2021-09-25",10545,5850237,9023,5185681,1018,496311,3450,110348,78,11535,3528,121883,24114,27109.43,11654112,0
"2021-09-26",6304,5856541,5764,5191445,774,497085,2419,112767,54,11589,2473,124356,15315,27357.43,11669427,0
"2021-09-27",14165,5870706,8054,5199499,1155,498240,9042,121809,157,11746,9199,133555,32573,27960.86,11702000,0
"2021-09-28",11154,5881860,11775,5211274,901,499141,9896,131705,167,11913,10063,143618,33893,28773,11735893,0
"2021-09-29",11608,5893468,12193,5223467,1206,500347,9438,141143,155,12068,9593,153211,34600,29764.29,11770493,0
"2021-09-30",12246,5905714,12599,5236066,1338,501685,9722,150865,170,12238,9892,163103,36075,30393.14,11806568,0
"2021-10-01",12651,5918365,13428,5249494,1284,502969,10251,161116,143,12381,10394,173497,37757,30618.14,11844325,0
"2021-10-02",7739,5926104,9971,5259465,865,503834,4232,165348,76,12457,4308,177805,22883,30442.29,11867208,0
"2021-10-03",5080,5931184,6155,5265620,593,504427,2608,167956,52,12509,2660,180465,14488,30324.14,11881696,0
"2021-10-04",9916,5941100,11023,5276643,913,505340,9505,177461,138,12647,9643,190108,31495,30170.14,11913191,0
"2021-10-05",10175,5951275,11732,5288375,972,506312,9925,187386,166,12813,10091,200199,32970,30038.29,11946161,0
"2021-10-06",9926,5961201,11055,5299430,937,507249,9912,197298,148,12961,10060,210259,31978,29663.71,11978139,0
"2021-10-07",9672,5970873,12191,5311621,852,508101,10177,207475,165,13126,10342,220601,33057,29232.57,12011196,0
"2021-10-08",9469,5980342,12172,5323793,942,509043,10895,218370,152,13278,11047,231648,33630,28643,12044826,0
"2021-10-09",6266,5986608,8276,5332069,649,509692,4110,222480,87,13365,4197,235845,19388,28143.71,12064214,0
"2021-10-10",3545,5990153,5023,5337092,458,510150,2431,224911,40,13405,2471,238316,11497,27716.43,12075711,0
"2021-10-11",7628,5997781,9330,5346422,728,510878,8882,233793,151,13556,9033,247349,26719,27034.14,12102430,0
"2021-10-12",8079,6005860,11001,5357423,891,511769,10496,244289,175,13731,10671,258020,30642,26701.57,12133072,0
"2021-10-13",7166,6013026,10142,5367565,869,512638,8784,253073,170,13901,8954,266974,27131,26009.14,12160203,0
"2021-10-14",7454,6020480,11110,5378675,836,513474,10095,263168,156,14057,10251,277225,29651,25522.57,12189854,0
"2021-10-15",7736,6028216,11863,5390538,823,514297,10794,273962,159,14216,10953,288178,31375,25200.43,12221229,0
"2021-10-16",4870,6033086,7464,5398002,666,514963,3829,277791,67,14283,3896,292074,16896,24844.43,12238125,0
"2021-10-17",3060,6036146,4474,5402476,411,515374,2447,280238,40,14323,2487,294561,10432,24692.29,12248557,0
"2021-10-18",7060,6043206,10662,5413138,796,516170,9458,289696,159,14482,9617,304178,28135,24894.57,12276692,0
"2021-10-19",6581,6049787,8943,5422081,804,516974,9068,298764,159,14641,9227,313405,25555,24167.86,12302247,0
"2021-10-20",6545,6056332,9377,5431458,975,517949,9968,308732,165,14806,10133,323538,27030,24153.43,12329277,0
"2021-10-21",7038,6063370,9378,5440836,858,518807,10830,319562,142,14948,10972,334510,28246,23952.71,12357523,0
"2021-10-22",8139,6071509,10344,5451180,1027,519834,16323,335885,208,15156,16531,351041,36041,24619.29,12393564,0
"2021-10-23",5176,6076685,6458,5457638,690,520524,9113,344998,109,15265,9222,360263,21546,25283.57,12415110,0
"2021-10-24",3278,6079963,3971,5461609,770,521294,6146,351144,74,15339,6220,366483,14239,25827.43,12429349,0
"2021-10-25",8787,6088750,8742,5470351,1149,522443,19236,370380,276,15615,19512,385995,38190,27263.86,12467539,0
"2021-10-26",8212,6096962,7725,5478076,1259,523702,17277,387657,251,15866,17528,403523,34724,28573.71,12502263,0
"2021-10-27",10582,6107544,8392,5486468,1604,525306,20831,408488,299,16165,21130,424653,41708,30670.57,12543971,0
"2021-10-28",11344,6118888,8039,5494507,1793,527099,20820,429308,305,16470,21125,445778,42301,32678.43,12586272,0
"2021-10-29",11849,6130737,8241,5502748,1963,529062,22515,451823,306,16776,22821,468599,44874,33940.29,12631146,0
"2021-10-30",4637,6135374,5058,5507806,932,529994,11152,462975,156,16932,11308,479907,21935,33995.86,12653081,0
"2021-10-31",2667,6138041,2702,5510508,544,530538,6633,469608,93,17025,6726,486633,12639,33767.29,12665720,0
"2021-11-01",7153,6145194,6960,5517468,1089,531627,20362,489970,306,17331,20668,507301,35870,33435.86,12701590,0
"2021-11-02",6596,6151790,6588,5524056,1055,532682,20753,510723,258,17589,21011,528312,35250,33511,12736840,0
"2021-11-03",6863,6158653,6680,5530736,1026,533708,20610,531333,282,17871,20892,549204,35461,32618.57,12772301,0
"2021-11-04",9320,6167973,6280,5537016,995,534703,22341,553674,332,18203,22673,571877,39268,32185.29,12811569,0
"2021-11-05",11072,6179045,6723,5543739,1051,535754,23744,577418,331,18534,24075,595952,42921,31906.29,12854490,0
"2021-11-06",11137,6190182,4053,5547792,594,536348,12581,589999,156,18690,12737,608689,28521,32847.14,12883011,0
"2021-11-07",7259,6197441,2286,5550078,577,536925,7100,597099,88,18778,7188,615877,17310,33514.43,12900321,0
"2021-11-08",15064,6212505,5678,5555756,866,537791,19495,616594,265,19043,19760,635637,41368,34299.86,12941689,0
"2021-11-09",16162,6228667,5388,5561144,661,538452,20497,637091,257,19300,20754,656391,42965,35402,12984654,0
"2021-11-10",16951,6245618,5324,5566468,684,539136,22617,659708,276,19576,22893,679284,45852,36886.43,13030506,0
"2021-11-11",12593,6258211,5190,5571658,760,539896,22061,681769,276,19852,22337,701621,40880,37116.71,13071386,0
"2021-11-12",16909,6275120,5686,5577344,707,540603,23372,705141,349,20201,23721,725342,47023,37702.71,13118409,0
"2021-11-13",9952,6285072,3664,5581008,465,541068,13314,718455,169,20370,13483,738825,27564,37566,13145973,0
"2021-11-14",6026,6291098,2293,5583301,325,541393,7920,726375,72,20442,7992,746817,16636,37469.71,13162609,0
"2021-11-15",13251,6304349,5970,5589271,690,542083,25082,751457,335,20777,25417,772234,45328,38035.43,13207937,0
"2021-11-16",9992,6314341,5787,5595058,655,542738,30641,782098,399,21176,31040,803274,47474,38679.57,13255411,0
"2021-11-17",10330,6324671,6678,5601736,681,543419,31382,813480,392,21568,31774,835048,49463,39195.43,13304874,0
"2021-11-18",10748,6335419,6548,5608284,860,544279,32973,846453,420,21988,33393,868441,51549,40719.57,13356423,0
"2021-11-19",12044,6347463,6558,5614842,715,544994,36224,882677,426,22414,36650,905091,55967,41997.29,13412390,0
"2021-11-20",9355,6356818,3419,5618261,514,545508,22488,905165,241,22655,22729,927820,36017,43204.86,13448407,0
"2021-11-21",4971,6361789,1887,5620148,287,545795,13188,918353,141,22796,13329,941149,20474,43753.14,13468881,0
"2021-11-22",10468,6372257,5792,5625940,752,546547,35887,954240,412,23208,36299,977448,53311,44893.57,13522192,0
"2021-11-23",9828,6382085,4779,5630719,637,547184,33489,987729,352,23560,33841,1011289,49085,45123.71,13571277,0
"2021-11-24",8736,6390821,4753,5635472,651,547835,25891,1013620,262,23822,26153,1037442,40293,43813.71,13611570,0
"2021-11-25",450,6391271,325,5635797,80,547915,1001,1014621,8,23830,1009,1038451,1864,36715.86,13613434,0
"2021-11-26",8078,6399349,6987,5642784,531,548446,26562,1041183,276,24106,26838,1065289,42434,34782.57,13655868,0
"2021-11-27",6695,6406044,6836,5649620,371,548817,18824,1060007,205,24311,19029,1084318,32931,34341.71,13688799,0
"2021-11-28",4087,6410131,5783,5655403,281,549098,11867,1071874,112,24423,11979,1096297,22130,34578.29,13710929,0
"2021-11-29",9118,6419249,10983,5666386,687,549785,35001,1106875,403,24826,35404,1131701,56192,34989.86,13767121,0
"2021-11-30",10541,6429790,11434,5677820,513,550298,37759,1144634,465,25291,38224,1169925,60712,36650.86,13827833,0
"2021-12-01",11212,6441002,10981,5688801,723,551021,40308,1184942,412,25703,40720,1210645,63636,39985.57,13891469,0
"2021-12-02",11691,6452693,11026,5699827,626,551647,42122,1227064,434,26137,42556,1253201,65899,49133.43,13957368,0
"2021-12-03",13532,6466225,12883,5712710,677,552324,47885,1274949,493,26630,48378,1301579,75470,53852.86,14032838,0
"2021-12-04",9870,6476095,11289,5723999,567,552891,30652,1305601,286,26916,30938,1332517,52664,56671.86,14085502,0
"2021-12-05",5770,6481865,5704,5729703,270,553161,16644,1322245,119,27035,16763,1349280,28507,57582.86,14114009,0
"2021-12-06",12374,6494239,9955,5739658,601,553762,43204,1365449,414,27449,43618,1392898,66548,59062.29,14180557,0
"2021-12-07",12640,6506879,9252,5748910,624,554386,43002,1408451,473,27922,43475,1436373,65991,59816.43,14246548,0
"2021-12-08",13573,6520452,8761,5757671,554,554940,40762,1449213,447,28369,41209,1477582,64097,59882.29,14310645,0
"2021-12-09",13545,6533997,8758,5766429,556,555496,40782,1489995,455,28824,41237,1518819,64096,59624.71,14374741,0
"2021-12-10",14071,6548068,10138,5776567,670,556166,43625,1533620,473,29297,44098,1562917,68977,58697.14,14443718,0
"2021-12-11",10287,6558355,8116,5784683,405,556571,26683,1560303,259,29556,26942,1589859,45750,57709.43,14489468,0
"2021-12-12",6035,6564390,3854,5788537,288,556859,15149,1575452,130,29686,15279,1605138,25456,57273.57,14514924,0
"2021-12-13",12266,6576656,7425,5795962,656,557515,37844,1613296,372,30058,38216,1643354,58563,56132.86,14573487,0
"2021-12-14",12272,6588928,6954,5802916,731,558246,38110,1651406,412,30470,38522,1681876,58479,55059.71,14631966,0
"2021-12-15",12146,6601074,6241,5809157,756,559002,38083,1689489,460,30930,38543,1720419,57686,54143.86,14689652,0
"2021-12-16",13158,6614232,4275,5813432,742,559744,41010,1730499,420,31350,41430,1761849,59605,53502.29,14749257,0
"2021-12-17",15980,6630212,6933,5820365,621,560365,46722,1777221,440,31790,47162,1809011,70696,53747.86,14819953,0
"2021-12-18",13045,6643257,5719,5826084,432,560797,30584,1807805,251,32041,30835,1839846,50031,54359.43,14869984,0
"2021-12-19",7035,6650292,2994,5829078,326,561123,17989,1825794,159,32200,18148,1857994,28503,54794.71,14898487,0
"2021-12-20",16895,6667187,5864,5834942,747,561870,47395,1873189,526,32726,47921,1905915,71427,56632.43,14969914,0
"2021-12-21",17994,6685181,6570,5841512,806,562676,48856,1922045,552,33278,49408,1955323,74778,58960.86,15044692,0
"2021-12-22",18582,6703763,6562,5848074,938,563614,49600,1971645,498,33776,50098,2005421,76180,61602.86,15120872,0
"2021-12-23",19074,6722837,6482,5854556,929,564543,45783,2017428,489,34265,46272,2051693,72757,63481.71,15193629,0
"2021-12-24",9243,6732080,2953,5857509,598,565141,20586,2038014,196,34461,20782,2072475,33576,58178.86,15227205,0
"2021-12-25",343,6732423,64,5857573,31,565172,426,2038440,8,34469,434,2072909,872,51156.14,15228077,0
"2021-12-26",7978,6740401,3928,5861501,341,565513,17266,2055706,163,34632,17429,2090338,29676,51323.71,15257753,0
"2021-12-27",21817,6762218,9206,5870707,932,566445,43395,2099101,518,35150,43913,2134251,75868,51958.14,15333621,0
"2021-12-28",20182,6782400,8323,5879030,698,567143,47543,2146644,579,35729,48122,2182373,77325,52322,15410946,0
"2021-12-29",18517,6800917,7667,5886697,607,567750,45501,2192145,457,36186,45958,2228331,72749,51831.86,15483695,0
"2021-12-30",16893,6817810,7419,5894116,584,568334,44792,2236937,552,36738,45344,2273675,70240,51472.29,15553935,0
"2021-12-31",5363,6823173,2807,5896923,193,568527,14755,2251692,166,36904,14921,2288596,23284,50002,15577219,0
"2022-01-01",242,6823415,146,5897069,11,568538,498,2252190,13,36917,511,2289107,910,50007.43,15578129,0
"2022-01-02",6440,6829855,5017,5902086,153,568691,10973,2263163,100,37017,11073,2300180,22683,49008.43,15600812,0
"2022-01-03",14178,6844033,8472,5910558,515,569206,26861,2290024,281,37298,27142,2327322,50307,45356.86,15651119,0
"2022-01-04",13083,6857116,8081,5918639,412,569618,27003,2317027,336,37634,27339,2354661,48915,41298.29,15700034,0
"2022-01-05",11597,6868713,6979,5925618,384,570002,25752,2342779,287,37921,26039,2380700,44999,37334,15745033,0
"2022-01-06",11528,6880241,7380,5932998,485,570487,27441,2370220,312,38233,27753,2408453,47146,34034.86,15792179,0
"2022-01-07",10457,6890698,8419,5941417,337,570824,24964,2395184,295,38528,25259,2433712,44472,37061.71,15836651,0
"2022-01-08",7919,6898617,8555,5949972,310,571134,19408,2414592,166,38694,19574,2453286,36358,42125.71,15873009,0
"2022-01-09",4137,6902754,3844,5953816,214,571348,10057,2424649,86,38780,10143,2463429,18338,41505,15891347,0
"2022-01-10",10180,6912934,8186,5962002,490,571838,24593,2449242,278,39058,24871,2488300,43727,40565,15935074,0
"2022-01-11",8907,6921841,7992,5969994,520,572358,20984,2470226,266,39324,21250,2509550,38669,39101.29,15973743,0
"2022-01-12",8951,6930792,8314,5978308,428,572786,22308,2492534,277,39601,22585,2532135,40278,38426.86,16014021,0
"2022-01-13",9045,6939837,8853,5987161,449,573235,22831,2515365,293,39894,23124,2555259,41471,37616.14,16055492,0
"2022-01-14",10125,6949962,8119,5995280,476,573711,26399,2541764,302,40196,26701,2581960,45421,37751.71,16100913,0
"2022-01-15",6211,6956173,4306,5999586,178,573889,15147,2556911,165,40361,15312,2597272,26007,36273,16126920,0
"2022-01-16",2924,6959097,3251,6002837,95,573984,7814,2564725,78,40439,7892,2605164,14162,35676.43,16141082,0
"2022-01-17",6087,6965184,6761,6009598,363,574347,14651,2579376,205,40644,14856,2620020,28067,33439.29,16169149,0
"2022-01-18",8173,6973357,10298,6019896,397,574744,19627,2599003,310,40954,19937,2639957,38805,33458.71,16207954,0
"2022-01-19",7492,6980849,9241,6029137,305,575049,17688,2616691,256,41210,17944,2657901,34982,32702.14,16242936,0
"2022-01-20",6295,6987144,8560,6037697,305,575354,15232,2631923,227,41437,15459,2673360,30619,31151.86,16273555,0
"2022-01-21",7580,6994724,7491,6045188,276,575630,18482,2650405,268,41705,18750,2692110,34097,29534.14,16307652,0
"2022-01-22",5195,6999919,4933,6050121,131,575761,11297,2661702,117,41822,11414,2703524,21673,28915,16329325,0
"2022-01-23",2817,7002736,3328,6053449,97,575858,6222,2667924,74,41896,6296,2709820,12538,28683,16341863,0
"2022-01-24",6381,7009117,8192,6061641,262,576120,15060,2682984,229,42125,15289,2725109,30124,28976.86,16371987,0
"2022-01-25",6200,7015317,7926,6069567,232,576352,14669,2697653,251,42376,14920,2740029,29278,27615.86,16401265,0
"2022-01-26",5760,7021077,7162,6076729,289,576641,14006,2711659,198,42574,14204,2754233,27415,26534.86,16428680,0
"2022-01-27",5275,7026352,7083,6083812,321,576962,14057,2725716,222,42796,14279,2768512,26958,26011.86,16455638,0
"2022-01-28",6270,7032622,7857,6091669,203,577165,16104,2741820,226,43022,16330,2784842,30660,25520.86,16486298,0
"2022-01-29",842,7033464,727,6092396,28,577193,2535,2744355,38,43060,2573,2787415,4170,23020.43,16490468,0
"2022-01-30",2099,7035563,3022,6095418,103,577296,4531,2748886,61,43121,4592,2792007,9816,22631.57,16500284,0
"2022-01-31",5006,7040569,6591,6102009,219,577515,11358,2760244,192,43313,11550,2803557,23366,21666.14,16523650,0
"2022-02-01",4847,7045416,6438,6108447,219,577734,10690,2770934,202,43515,10892,2814449,22396,20683,16546046,0
"2022-02-02",4252,7049668,5916,6114363,214,577948,11212,2782146,232,43747,11444,2825893,21826,19884.57,16567872,0
"2022-02-03",4238,7053906,5797,6120160,216,578164,11208,2793354,192,43939,11400,2837293,21651,19126.43,16589523,0
"2022-02-04",4789,7058695,7105,6127265,214,578378,13195,2806549,232,44171,13427,2850720,25535,18394.29,16615058,0
"2022-02-05",3587,7062282,6042,6133307,110,578488,8561,2815110,143,44314,8704,2859424,18443,20433.29,16633501,0
"2022-02-06",2064,7064346,2135,6135442,121,578609,4629,2819739,102,44416,4731,2864155,9051,20324,16642552,0
"2022-02-07",4156,7068502,4724,6140166,205,578814,10124,2829863,225,44641,10349,2874504,19434,19762.29,16661986,0
"2022-02-08",4236,7072738,5602,6145768,214,579028,11313,2841176,299,44940,11612,2886116,21664,19657.71,16683650,0
"2022-02-09",4144,7076882,5397,6151165,222,579250,11648,2852824,241,45181,11889,2898005,21652,19632.86,16705302,0
"2022-02-10",4002,7080884,5114,6156279,245,579495,12180,2865004,273,45454,12453,2910458,21814,19656.14,16727116,0
"2022-02-11",4523,7085407,5800,6162079,194,579689,13718,2878722,306,45760,14024,2924482,24541,19514.14,16751657,0
"2022-02-12",3259,7088666,4338,6166417,96,579785,8796,2887518,209,45969,9005,2933487,16698,19264.86,16768355,0
"2022-02-13",1519,7090185,1542,6167959,41,579826,4879,2892397,102,46071,4981,2938468,8083,19126.57,16776438,0
"2022-02-14",2990,7093175,3619,6171578,165,579991,10553,2902950,317,46388,10870,2949338,17644,18870.86,16794082,0
"2022-02-15",3568,7096743,4066,6175644,176,580167,12759,2915709,276,46664,13035,2962373,20845,18753.86,16814927,0
"2022-02-16",3673,7100416,3898,6179542,200,580367,15686,2931395,284,46948,15970,2978343,23741,19052.29,16838668,0
"2022-02-17",4055,7104471,4080,6183622,162,580529,18250,2949645,348,47296,18598,2996941,26895,19778.14,16865563,0
"2022-02-18",4483,7108954,4776,6188398,190,580719,21522,2971167,440,47736,21962,3018903,31411,20759.57,16896974,0
"2022-02-19",3260,7112214,2178,6190576,65,580784,11164,2982331,210,47946,11374,3030277,16877,20785.14,16913851,0
"2022-02-20",1864,7114078,1444,6192020,59,580843,6573,2988904,110,48056,6683,3036960,10050,21066.14,16923901,0
"2022-02-21",3091,7117169,2686,6194706,95,580938,8345,2997249,216,48272,8561,3045521,14433,20607.43,16938334,0
"2022-02-22",4398,7121567,4241,6198947,175,581113,10811,3008060,244,48516,11055,3056576,19869,20468,16958203,0
"2022-02-23",4276,7125843,3787,6202734,145,581258,10647,3018707,230,48746,10877,3067453,19085,19802.86,16977288,0
"2022-02-24",3788,7129631,3650,6206384,108,581366,10172,3028879,227,48973,10399,3077852,17945,18524.29,16995233,0
"2022-02-25",3622,7133253,3618,6210002,134,581500,9972,3038851,224,49197,10196,3088048,17570,16547,17012803,0
"2022-02-26",2846,7136099,2579,6212581,74,581574,9504,3048355,149,49346,9653,3097701,15152,16300.57,17027955,0
"2022-02-27",1777,7137876,1372,6213953,52,581626,6266,3054621,96,49442,6362,3104063,9563,16231,17037518,0
"2022-02-28",3819,7141695,3129,6217082,140,581766,13108,3067729,242,49684,13350,3117413,20438,17088.86,17057956,0
"2022-03-01",2135,7143830,2613,6219695,103,581869,5159,3072888,179,49863,5338,3122751,10189,15706,17068145,0
"2022-03-02",1835,7145665,2434,6222129,106,581975,4115,3077003,204,50067,4319,3127070,8694,14221.57,17076839,0
"2022-03-03",1936,7147601,2557,6224686,106,582081,3792,3080795,167,50234,3959,3131029,8558,12880.57,17085397,0
"2022-03-04",2121,7149722,2869,6227555,66,582147,4319,3085114,205,50439,4524,3135553,9580,11739.14,17094977,0
"2022-03-05",1611,7151333,2123,6229678,43,582190,3309,3088423,109,50548,3418,3138971,7195,10602.43,17102172,0
"2022-03-06",801,7152134,878,6230556,30,582220,1621,3090044,54,50602,1675,3140646,3384,9719.71,17105556,0
"2022-03-07",1666,7153800,1782,6232338,86,582306,3491,3093535,157,50759,3648,3144294,7182,7826,17112738,0
"2022-03-08",1549,7155349,1891,6234229,80,582386,3119,3096654,146,50905,3265,3147559,6785,7339.71,17119523,0
"2022-03-09",1267,7156616,1665,6235894,79,582465,2574,3099228,129,51034,2703,3150262,5714,6914,17125237,0
"2022-03-10",1423,7158039,2097,6237991,85,582550,2947,3102175,157,51191,3104,3153366,6709,6649.86,17131946,0
"2022-03-11",1605,7159644,2266,6240257,81,582631,3206,3105381,184,51375,3390,3156756,7342,6330.14,17139288,0
"2022-03-12",879,7160523,1411,6241668,40,582671,1997,3107378,71,51446,2068,3158824,4398,5930.57,17143686,0
"2022-03-13",625,7161148,757,6242425,27,582698,1291,3108669,48,51494,1339,3160163,2748,5839.71,17146434,0
"2022-03-14",1378,7162526,1599,6244024,83,582781,2985,3111654,204,51698,3189,3163352,6249,5706.43,17152683,0
"2022-03-15",1361,7163887,1921,6245945,63,582844,3069,3114723,225,51923,3294,3166646,6639,5685.57,17159322,0
"2022-03-16",1398,7165285,2065,6248010,94,582938,3124,3117847,292,52215,3416,3170062,6973,5865.43,17166295,0
"2022-03-17",1183,7166468,1809,6249819,70,583008,2751,3120598,262,52477,3013,3173075,6075,5774.86,17172370,0
"2022-03-18",1585,7168053,2187,6252006,80,583088,3754,3124352,412,52889,4166,3177241,8018,5871.43,17180388,0
"2022-03-19",1114,7169167,1729,6253735,54,583142,2586,3126938,222,53111,2808,3180049,5705,6058.14,17186093,0
"2022-03-20",613,7169780,627,6254362,33,583175,1461,3128399,183,53294,1644,3181693,2917,6082.29,17189010,0
"2022-03-21",1422,7171202,1551,6255913,73,583248,3044,3131443,348,53642,3392,3185085,6438,6109.29,17195448,0
"2022-03-22",1345,7172547,1547,6257460,101,583349,2892,3134335,337,53979,3229,3188314,6222,6049.71,17201670,0
"2022-03-23",1263,7173810,1350,6258810,66,583415,2908,3137243,368,54347,3276,3191590,5955,5904.29,17207625,0
"2022-03-24",1213,7175023,1295,6260105,89,583504,2510,3139753,260,54607,2770,3194360,5367,5803.14,17212992,0
"2022-03-25",1389,7176412,1624,6261729,62,583566,3254,3143007,372,54979,3626,3197986,6701,5615,17219693,0
"2022-03-26",929,7177341,1159,6262888,36,583602,2290,3145297,249,55228,2539,3200525,4663,5466.14,17224356,0
"2022-03-27",574,7177915,526,6263414,29,583631,1311,3146608,201,55429,1512,3202037,2641,5426.71,17226997,0
"2022-03-28",1085,7179000,1156,6264570,68,583699,2436,3149044,354,55783,2790,3204827,5099,5235.43,17232096,0
"2022-03-29",1051,7180051,1105,6265675,85,583784,2502,3151546,869,56652,3371,3208198,5612,5148.29,17237708,0
"2022-03-30",1247,7181298,1140,6266815,98,583882,3049,3154595,3357,60009,6406,3214604,8891,5567.71,17246599,0
"2022-03-31",1286,7182584,1257,6268072,57,583939,3154,3157749,5434,65443,8588,3223192,11188,6399.29,17257787,0
"2022-04-01",1434,7184018,1490,6269562,76,584015,3242,3160991,6821,72264,10063,3233255,13063,7308.14,17270850,0
"2022-04-02",914,7184932,911,6270473,33,584048,2090,3163081,4464,76728,6554,3239809,8412,7843.71,17279262,0
"2022-04-03",559,7185491,499,6270972,28,584076,1222,3164303,3030,79758,4252,3244061,5338,8229,17284600,0
"2022-04-04",1354,7186845,1309,6272281,60,584136,2723,3167026,7598,87356,10321,3254382,13044,9364,17297644,0
"2022-04-05",1300,7188145,1158,6273439,66,584202,2852,3169878,7375,94731,10227,3264609,12751,10383.86,17310395,0
"2022-04-06",1316,7189461,1186,6274625,58,584260,2611,3172489,6861,101592,9472,3274081,12032,10832.57,17322427,0
"2022-04-07",1212,7190673,1059,6275684,54,584314,2369,3174858,6517,108109,8886,3282967,11211,10835.86,17333638,0
"2022-04-08",1489,7192162,1397,6277081,62,584376,3153,3178011,8643,116752,11796,3294763,14744,11076,17348382,0
"2022-04-09",937,7193099,916,6277997,28,584404,2056,3180067,4874,121626,6930,3301693,8811,11133,17357193,0
"2022-04-10",592,7193691,462,6278459,25,584429,1168,3181235,2858,124484,4026,3305719,5105,11099.71,17362298,0
"2022-04-11",1338,7195029,1227,6279686,59,584488,2648,3183883,7654,132138,10302,3316021,12926,11082.86,17375224,0
"2022-04-12",1211,7196240,1053,6280739,73,584561,2519,3186402,7310,139448,9829,3325850,12166,10999.29,17387390,0
"2022-04-13",1262,7197502,1063,6281802,58,584619,2492,3188894,7411,146859,9903,3335753,12286,11035.57,17399676,0
"2022-04-14",1279,7198781,1094,6282896,59,584678,2423,3191317,6497,153356,8920,3344673,11352,11055.71,17411028,0
"2022-04-15",1345,7200126,1090,6283986,53,584731,2551,3193868,6514,159870,9065,3353738,11553,10599.86,17422581,0
"2022-04-16",872,7200998,651,6284637,31,584762,1633,3195501,3617,163487,5250,3358988,6804,10313.14,17429385,0
"2022-04-17",348,7201346,203,6284840,27,584789,638,3196139,1139,164626,1777,3360765,2355,9920.29,17431740,0
"2022-04-18",1385,7202731,1111,6285951,82,584871,2574,3198713,6317,170943,8891,3369656,11469,9712.14,17443209,0
"2022-04-19",1412,7204143,933,6286884,72,584943,2564,3201277,5657,176600,8221,3377877,10638,9493.86,17453847,0
"2022-04-20",1315,7205458,1140,6288024,65,585008,2672,3203949,6535,183135,9207,3387084,11727,9414,17465574,0
"2022-04-21",1221,7206679,1060,6289084,52,585060,2317,3206266,5245,188380,7562,3394646,9895,9205.86,17475469,0
"2022-04-22",1217,7207896,1018,6290102,46,585106,2195,3208461,5528,193908,7723,3402369,10004,8984.57,17485473,0
"2022-04-23",721,7208617,747,6290849,59,585165,1423,3209884,3287,197195,4710,3407079,6237,8903.57,17491710,0
"2022-04-24",442,7209059,338,6291187,27,585192,811,3210695,1795,198990,2606,3409685,3413,9054.71,17495123,0
"2022-04-25",1025,7210084,909,6292096,64,585256,1847,3212542,4994,203984,6841,3416526,8839,8679,17503962,0
"2022-04-26",942,7211026,854,6292950,76,585332,1746,3214288,4599,208583,6345,3422871,8217,8333.14,17512179,0
"2022-04-27",1037,7212063,992,6293942,78,585410,1922,3216210,5094,213677,7016,3429887,9123,7961.14,17521302,0
"2022-04-28",1085,7213148,984,6294926,49,585459,1995,3218205,4681,218358,6676,3436563,8794,7803.86,17530096,0
"2022-04-29",1190,7214338,1099,6296025,61,585520,2149,3220354,5271,223629,7420,3443983,9770,7770.43,17539866,0
"2022-04-30",722,7215060,745,6296770,43,585563,1392,3221746,2932,226561,4324,3448307,5834,7712.86,17545700,0
"2022-05-01",450,7215510,370,6297140,21,585584,760,3222506,1634,228195,2394,3450701,3235,7687.43,17548935,0
"2022-05-02",1052,7216562,792,6297932,52,585636,1666,3224172,3735,231930,5401,3456102,7297,7467.14,17556232,0
"2022-05-03",1117,7217679,853,6298785,60,585696,1968,3226140,4767,236697,6735,3462837,8765,7545.43,17564997,0
"2022-05-04",1014,7218693,883,6299668,48,585744,1899,3228039,4540,241237,6439,3469276,8384,7439.86,17573381,0
"2022-05-05",1047,7219740,949,6300617,86,585830,1925,3229964,4806,246043,6731,3476007,8813,7442.57,17582194,0
"2022-05-06",1087,7220827,937,6301554,50,585880,1859,3231823,4299,250342,6158,3482165,8232,7222.86,17590426,0
"2022-05-07",655,7221482,587,6302141,30,585910,1195,3233018,2398,252740,3593,3485758,4865,7084.43,17595291,0
"2022-05-08",415,7221897,249,6302390,17,585927,669,3233687,1362,254102,2031,3487789,2712,7009.71,17598003,0
"2022-05-09",1074,7222971,938,6303328,62,585989,1866,3235553,4338,258440,6204,3493993,8278,7149.86,17606281,0
"2022-05-10",1095,7224066,926,6304254,54,586043,1983,3237536,4629,263069,6612,3500605,8687,7138.71,17614968,0
"2022-05-11",1089,7225155,970,6305224,44,586087,1918,3239454,4737,267806,6655,3507260,8758,7192.14,17623726,0
"2022-05-12",1095,7226250,942,6306166,58,586145,1994,3241448,4560,272366,6554,3513814,8649,7168.71,17632375,0
"2022-05-13",1159,7227409,1034,6307200,43,586188,2049,3243497,4713,277079,6762,3520576,8998,7278.14,17641373,0
"2022-05-14",820,7228229,668,6307868,31,586219,1459,3244956,2874,279953,4333,3524909,5852,7419.14,17647225,0
"2022-05-15",512,7228741,354,6308222,20,586239,912,3245868,1662,281615,2574,3527483,3460,7526,17650685,0
"2022-05-16",1219,7229960,843,6309065,59,586298,1807,3247675,3758,285373,5565,3533048,7686,7441.43,17658371,0
"2022-05-17",1296,7231256,917,6309982,79,586377,2033,3249708,4777,290150,6810,3539858,9102,7500.71,17667473,0
"2022-05-18",1242,7232498,903,6310885,82,586459,2051,3251759,4823,294973,6874,3546732,9101,7549.71,17676574,0
"2022-05-19",1161,7233659,867,6311752,35,586494,2098,3253857,4634,299607,6732,3553464,8795,7570.57,17685369,0
"2022-05-20",1181,7234840,945,6312697,73,586567,2342,3256199,5077,304684,7419,3560883,9618,7659.14,17694987,0
"2022-05-21",833,7235673,646,6313343,23,586590,1702,3257901,3220,307904,4922,3565805,6424,7740.86,17701411,0
"2022-05-22",511,7236184,287,6313630,21,586611,1130,3259031,1815,309719,2945,3568750,3764,7784.29,17705175,0
"2022-05-23",1214,7237398,886,6314516,44,586655,2154,3261185,4595,314314,6749,3575499,8893,7956.71,17714068,0
"2022-05-24",1422,7238820,921,6315437,61,586716,2212,3263397,4348,318662,6560,3582059,8964,7937,17723032,0
"2022-05-25",1424,7240244,952,6316389,52,586768,2228,3265625,4133,322795,6361,3588420,8789,7892.43,17731821,0
"2022-05-26",1172,7241416,849,6317238,58,586826,2239,3267864,4011,326806,6250,3594670,8329,7825.86,17740150,0
"2022-05-27",1232,7242648,935,6318173,36,586862,2464,3270328,3749,330555,6213,3600883,8416,7654.14,17748566,0
"2022-05-28",708,7243356,505,6318678,19,586881,1740,3272068,2007,332562,3747,3604630,4979,7447.71,17753545,0
"2022-05-29",475,7243831,213,6318891,11,586892,760,3272828,1106,333668,1866,3606496,2565,7276.43,17756110,0
"2022-05-30",85,7243916,54,6318945,6,586898,134,3272962,140,333808,274,3606770,419,6065.86,17756529,0
"2022-05-31",1113,7245029,890,6319835,49,586947,1845,3274807,2911,336719,4756,3611526,6808,5757.86,17763337,0
"2022-06-01",1117,7246146,832,6320667,59,587006,1932,3276739,3304,340023,5236,3616762,7244,5537.14,17770581,0
"2022-06-02",1009,7247155,786,6321453,69,587075,1779,3278518,3071,343094,4850,3621612,6714,5306.43,17777295,0
"2022-06-03",1153,7248308,871,6322324,47,587122,2012,3280530,3364,346458,5376,3626988,7447,5168,17784742,120000
"2022-06-04",720,7249028,570,6322894,21,587143,1536,3282066,1831,348289,3367,3630355,4678,5125,17789420,120000
"2022-06-05",442,7249470,290,6323184,1,587144,843,3282909,943,349232,1786,3632141,2519,5118.43,17791939,120000
"2022-06-06",1104,7250574,803,6323987,59,587203,1704,3284613,2564,351796,4268,3636409,6234,5949.14,17798173,120000
"2022-06-07",976,7251550,731,6324718,61,587264,1702,3286315,2415,354211,4117,3640526,5885,5817.29,17804058,120000
"2022-06-08",1035,7252585,784,6325502,64,587328,1745,3288060,2507,356718,4252,3644778,6135,5658.86,17810193,120000
"2022-06-09",392,7252977,293,6325795,16,587344,757,3288817,934,357652,1691,3646469,2392,5041.43,17812585,120000
