"DATE","ADMIN_DOSE1_DAILY","ADMIN_DOSE1_CUMULATIVE","ADMIN_DOSE2_DAILY","ADMIN_DOSE2_CUMULATIVE","ADMIN_SINGLE_DAILY","ADMIN_SINGLE_CUMULATIVE","ADMIN_ADDITIONAL1_DAILY","ADMIN_ADDITIONAL1_CUMULATIVE","ADMIN_ADDITIONAL2_DAILY","ADMIN_ADDITIONAL2_CUMULATIVE","ADMIN_ADDITIONAL_DAILY","ADMIN_ADDITIONAL_CUMULATIVE","ADMIN_BIVALENT_ADDITIONAL_DAILY","ADMIN_BIVALENT_ADDITIONAL_CUMULATIVE","ADMIN_ALLDOSES_DAILY","ADMIN_ALLDOSES_7DAYAVG","ADMIN_ALLDOSES_CUMULATIVE","ADMIN_ALLDOSES_PRIMARY","INCOMPLETE"
2020-12-14,79,79,0,0,2,2,0,0,0,0,0,0,0,0,81,,81,81,0
2020-12-15,2052,2131,7,7,5,7,0,0,0,0,0,0,0,0,2064,,2145,2145,0
2020-12-16,4604,6735,17,24,4,11,1,1,0,0,1,1,0,0,4626,,6771,6770,0
2020-12-17,4661,11396,18,42,2,13,1,2,0,0,1,2,0,0,4682,,11453,11451,0
2020-12-18,5833,17229,23,65,2,15,2,4,0,0,2,4,0,0,5860,,17313,17309,0
2020-12-19,1687,18916,10,75,3,18,0,4,0,0,0,4,0,0,1700,,19013,19009,0
2020-12-20,1118,20034,2,77,1,19,0,4,0,0,0,4,0,0,1121,2876.29,20134,20130,0
2020-12-21,6392,26426,22,99,0,19,4,8,0,0,4,8,0,0,6418,3781.57,26552,26544,0
2020-12-22,9765,36191,29,128,2,21,1,9,0,0,1,9,0,0,9797,4886.29,36349,36340,0
2020-12-23,14273,50464,39,167,3,24,0,9,0,0,0,9,0,0,14315,6270.43,50664,50655,0
2020-12-24,7170,57634,28,195,1,25,0,9,0,0,0,9,0,0,7199,6630,57863,57854,0
2020-12-25,180,57814,0,195,0,25,1,10,0,0,1,10,0,0,181,5818.71,58044,58034,0
2020-12-26,4392,62206,48,243,0,25,1,11,0,0,1,11,0,0,4441,6210.29,62485,62474,0
2020-12-27,3868,66074,16,259,0,25,1,12,0,0,1,12,0,0,3885,6605.14,66370,66358,0
2020-12-28,10991,77065,51,310,1,26,3,15,0,0,3,15,0,0,11046,7266.29,77416,77401,0
2020-12-29,10711,87776,38,348,2,28,3,18,0,0,3,18,0,0,10754,7403,88170,88152,0
2020-12-30,12819,100595,45,393,0,28,0,18,0,0,0,18,0,0,12864,7195.71,101034,101016,0
2020-12-31,7257,107852,38,431,1,29,0,18,0,0,0,18,0,0,7296,7209.57,108330,108312,0
2021-01-01,178,108030,2,433,1,30,3,21,0,0,3,21,0,0,184,7210,108514,108493,0
2021-01-02,3810,111840,10,443,3,33,2,23,0,0,2,23,0,0,3825,7122,112339,112316,0
2021-01-03,3544,115384,25,468,2,35,1,24,0,0,1,24,0,0,3572,7077.29,115911,115887,0
2021-01-04,12249,127633,812,1280,2,37,7,31,0,0,7,31,0,0,13070,7366.43,128981,128950,0
2021-01-05,14084,141717,2199,3479,2,39,14,45,1,1,15,46,0,0,16300,8158.71,145281,145235,0
2021-01-06,17795,159512,3928,7407,1,40,33,78,8,9,41,87,0,0,21765,9430.29,167046,166959,0
2021-01-07,16539,176051,5185,12592,4,44,46,124,3,12,49,136,0,0,21777,11499,188823,188687,0
2021-01-08,16611,192662,5461,18053,0,44,38,162,5,17,43,179,0,0,22115,14632,210938,210759,0
2021-01-09,7647,200309,1464,19517,1,45,9,171,2,19,11,190,0,0,9123,15388.86,220061,219871,0
2021-01-10,7876,208185,979,20496,0,45,15,186,0,19,15,205,0,0,8870,16145.71,228931,228726,0
2021-01-11,25808,233993,7462,27958,2,47,59,245,6,25,65,270,0,0,33337,19041,262268,261998,0
2021-01-12,28238,262231,7868,35826,1,48,47,292,4,29,51,321,0,0,36158,21877.86,298426,298105,0
2021-01-13,31702,293933,9418,45244,1,49,60,352,6,35,66,387,0,0,41187,24652.43,339613,339226,0
2021-01-14,35789,329722,5308,50552,1,50,34,386,7,42,41,428,0,0,41139,27418.43,380752,380324,0
2021-01-15,29245,358967,3716,54268,2,52,33,419,6,48,39,467,0,0,33002,28973.71,413754,413287,0
2021-01-16,30251,389218,2404,56672,0,52,25,444,6,54,31,498,0,0,32686,32339.86,446440,445942,0
2021-01-17,23723,412941,1648,58320,0,52,20,464,1,55,21,519,0,0,25392,34700.14,471832,471313,0
2021-01-18,27076,440017,2431,60751,0,52,37,501,7,62,44,563,0,0,29552,34159.43,501384,500821,0
2021-01-19,34259,474276,9649,70400,1,53,74,575,8,70,82,645,0,0,43991,35278.43,545375,544730,0
2021-01-20,34841,509117,9505,79905,1,54,62,637,3,73,65,710,0,0,44412,35739.14,589787,589077,0
2021-01-21,25571,534688,8097,88002,2,56,57,694,5,78,62,772,0,0,33732,34681,623519,622747,0
2021-01-22,24738,559426,4387,92389,1,57,32,726,7,85,39,811,0,0,29165,34132.86,652684,651873,0
2021-01-23,15730,575156,3229,95618,0,57,12,738,2,87,14,825,0,0,18973,32173.86,671657,670832,0
2021-01-24,7167,582323,3460,99078,0,57,21,759,1,88,22,847,0,0,10649,30067.71,682306,681459,0
2021-01-25,13389,595712,11831,110909,0,57,72,831,13,101,85,932,0,0,25305,29461,707611,706679,0
2021-01-26,16747,612459,10763,121672,0,57,70,901,4,105,75,1007,0,0,27585,27117.29,735196,734190,0
2021-01-27,20820,633279,12355,134027,0,57,57,958,9,114,66,1073,0,0,33241,25521.43,768437,767365,0
2021-01-28,30723,664002,12860,146887,0,57,86,1044,16,130,102,1175,0,0,43688,26943.71,812125,810951,0
2021-01-29,31663,695665,11514,158401,0,57,86,1130,11,141,97,1272,0,0,43274,28959.29,855399,854128,0
2021-01-30,18704,714369,3744,162145,0,57,23,1153,2,143,26,1298,0,0,22474,29459.43,877873,876577,0
2021-01-31,13002,727371,2932,165077,1,58,30,1183,5,148,35,1333,0,0,15970,30219.57,893843,892512,0
2021-02-01,1180,728551,5400,170477,4,62,38,1221,4,152,42,1375,0,0,6626,27551.14,900469,899096,0
2021-02-02,2823,731374,9442,179919,2,64,54,1275,3,155,57,1432,0,0,12324,25371,912793,911363,0
2021-02-03,16339,747713,21236,201155,4,68,213,1488,22,177,235,1667,0,0,37814,26024.29,950607,948942,0
2021-02-04,27032,774745,19653,220808,3,71,212,1700,10,187,222,1889,0,0,46910,26484.57,997517,995630,0
2021-02-05,27574,802319,20030,240838,0,71,197,1897,16,203,214,2103,0,0,47818,27133.71,1045335,1043235,0
2021-02-06,22970,825289,11251,252089,0,71,118,2015,13,216,131,2234,0,0,34352,28830.57,1079687,1077456,0
2021-02-07,12027,837316,8284,260373,1,72,99,2114,13,229,113,2347,0,0,20425,29467,1100112,1097769,0
2021-02-08,16934,854250,23525,283898,2,74,240,2354,37,266,278,2625,0,0,40739,34340.29,1140851,1138231,0
2021-02-09,17182,871432,28086,311984,2,76,362,2716,42,308,407,3032,0,0,45677,39105,1186528,1183504,0
2021-02-10,19577,891009,29303,341287,2,78,274,2990,53,361,330,3362,0,0,49213,40733.43,1235741,1232390,0
2021-02-11,27827,918836,33452,374739,2,80,359,3349,59,420,418,3780,0,0,61701,42846.43,1297442,1293673,0
2021-02-12,38348,957184,30803,405542,3,83,372,3721,42,462,415,4195,0,0,69569,45953.71,1367011,1362828,0
2021-02-13,27979,985163,25314,430856,2,85,317,4038,60,522,378,4573,0,0,53674,48714,1420685,1416125,0
2021-02-14,16255,1001418,23716,454572,0,85,288,4326,36,558,324,4897,0,0,40295,51552.57,1460980,1456096,0
2021-02-15,12785,1014203,10526,465098,2,87,184,4510,24,582,209,5106,0,0,23522,49093,1484502,1479410,0
2021-02-16,14227,1028430,26703,491801,0,87,347,4857,42,624,390,5496,0,0,41320,48470.57,1525822,1520341,0
2021-02-17,16375,1044805,22190,513991,1,88,290,5147,44,668,334,5830,0,0,38900,46997.29,1564722,1558907,0
2021-02-18,12132,1056937,24980,538971,21,109,312,5459,46,714,358,6188,0,0,37491,43538.71,1602213,1596040,0
2021-02-19,13233,1070170,23923,562894,38,147,319,5778,49,763,368,6556,0,0,37562,38966.29,1639775,1633234,0
2021-02-20,11339,1081509,26068,588962,7,154,342,6120,79,842,423,6979,0,0,37838,36704,1677613,1670651,0
2021-02-21,6345,1087854,17410,606372,15,169,303,6423,49,891,353,7332,0,0,24123,34393.71,1701736,1694422,0
2021-02-22,13038,1100892,11830,618202,2,171,137,6560,23,914,160,7492,0,0,25030,34609.14,1726766,1719292,0
2021-02-23,25221,1126113,14146,632348,1,172,171,6731,36,950,208,7700,0,0,39577,34360.14,1766343,1758662,0
2021-02-24,36316,1162429,20410,652758,0,172,232,6963,43,993,276,7976,0,0,57002,36946.14,1823345,1815389,0
2021-02-25,54509,1216938,30451,683209,6,178,417,7380,66,1059,484,8460,0,0,85450,43797.43,1908795,1900356,0
2021-02-26,62780,1279718,31904,715113,4,182,430,7810,79,1138,511,8971,0,0,95199,52031.29,2003994,1995046,0
2021-02-27,51246,1330964,22760,737873,47,229,358,8168,53,1191,412,9383,0,0,74465,57263.71,2078459,2069100,0
2021-02-28,44541,1375505,13852,751725,7,236,212,8380,37,1228,249,9632,0,0,58649,62196,2137108,2127500,0
2021-03-01,39295,1414800,12783,764508,10,246,175,8555,24,1252,199,9831,0,0,52287,66089.86,2189395,2179588,0
2021-03-02,47070,1461870,12575,777083,7,253,161,8716,17,1269,178,10009,0,0,59830,68983.14,2249225,2239240,0
2021-03-03,48589,1510459,16150,793233,17,270,159,8875,21,1290,180,10189,0,0,64936,70116.57,2314161,2303996,0
2021-03-04,59793,1570252,22816,816049,1092,1362,280,9155,38,1328,320,10509,0,0,84021,69912.43,2398182,2387699,0
2021-03-05,60937,1631189,24298,840347,3107,4469,338,9493,35,1363,375,10884,0,0,88717,68986.43,2486899,2476043,0
2021-03-06,47143,1678332,18885,859232,5451,9920,248,9741,42,1405,290,11174,0,0,71769,68601.29,2558668,2547522,0
2021-03-07,36013,1714345,14885,874117,6242,16162,245,9986,23,1428,270,11444,0,0,57410,68424.29,2616078,2604664,0
2021-03-08,39597,1753942,14688,888805,8554,24716,328,10314,92,1520,425,11869,0,0,63264,69992.43,2679342,2667508,0
2021-03-09,39077,1793019,12860,901665,7757,32473,190,10504,35,1555,226,12095,0,0,59920,70005.29,2739262,2727203,0
2021-03-10,51803,1844822,15369,917034,5064,37537,230,10734,34,1589,266,12361,0,0,72502,71086.14,2811764,2799441,0
2021-03-11,59957,1904779,21827,938861,4618,42155,260,10994,48,1637,310,12671,0,0,86712,71470.57,2898476,2885845,0
2021-03-12,52166,1956945,30306,969167,4182,46337,390,11384,91,1728,481,13152,0,0,87135,71244.57,2985611,2972499,0
2021-03-13,40633,1997578,26680,995847,5110,51447,340,11724,56,1784,396,13548,0,0,72819,71394.57,3058430,3044922,0
2021-03-14,30692,2028270,15974,1011821,4522,55969,255,11979,28,1812,285,13833,0,0,51474,70546.57,3109904,3096113,0
2021-03-15,33578,2061848,17254,1029075,4701,60670,250,12229,33,1845,283,14116,0,0,55816,69482.57,3165720,3151646,0
2021-03-16,38658,2100506,20507,1049582,4922,65592,272,12501,37,1882,310,14426,0,0,64397,70122.14,3230117,3215734,0
2021-03-17,42592,2143098,24786,1074368,4242,69834,357,12858,43,1925,401,14827,0,0,72021,70053.43,3302138,3287355,0
2021-03-18,50404,2193502,26810,1101178,5224,75058,392,13250,64,1989,456,15283,0,0,82894,69508,3385032,3369793,0
2021-03-19,47757,2241259,29964,1131142,5621,80679,412,13662,77,2066,489,15772,0,0,83832,69036.14,3468864,3453136,0
2021-03-20,38686,2279945,25835,1156977,4680,85359,314,13976,60,2126,375,16147,0,0,69576,68572.86,3538440,3522338,0
2021-03-21,29282,2309227,19351,1176328,769,86128,236,14212,45,2171,281,16428,0,0,49683,68317,3588123,3571740,0
2021-03-22,33847,2343074,26752,1203080,4036,90164,260,14472,39,2210,300,16728,0,0,64936,69619.86,3653059,3636377,0
2021-03-23,38410,2381484,32851,1235931,4213,94377,307,14779,55,2265,366,17094,0,0,75840,71254.57,3728899,3711855,0
2021-03-24,41467,2422951,37613,1273544,4843,99220,343,15122,65,2330,411,17505,0,0,84334,73013.57,3813233,3795781,0
2021-03-25,43382,2466333,50782,1324326,5049,104269,496,15618,89,2419,589,18094,0,0,99802,75429,3913035,3894998,0
2021-03-26,38478,2504811,55494,1379820,4305,108574,549,16167,107,2526,660,18754,0,0,98937,77586.86,4011972,3993279,0
2021-03-27,35715,2540526,45740,1425560,2938,111512,441,16608,87,2613,529,19283,0,0,84922,79779.14,4096894,4077673,0
2021-03-28,26370,2566896,34443,1460003,1480,112992,357,16965,67,2680,428,19711,0,0,62721,81641.71,4159615,4139970,0
2021-03-29,34799,2601695,38852,1498855,3242,116234,369,17334,115,2795,485,20196,0,0,77378,83419.14,4236993,4216864,0
2021-03-30,40480,2642175,41926,1540781,3712,119946,353,17687,65,2860,419,20615,0,0,86537,84947.29,4323530,4302983,0
2021-03-31,49362,2691537,44874,1585655,7438,127384,427,18114,87,2947,514,21129,0,0,102188,87497.86,4425718,4404657,0
2021-04-01,50752,2742289,53943,1639598,11272,138656,520,18634,86,3033,610,21739,0,0,116577,89894.29,4542295,4520628,0
2021-04-02,43742,2786031,53869,1693467,11964,150620,568,19202,72,3105,645,22384,0,0,110220,91506.14,4652515,4630208,0
2021-04-03,39236,2825267,39204,1732671,9859,160479,354,19556,60,3165,415,22799,0,0,88714,92047.86,4741229,4718508,0
2021-04-04,26546,2851813,24777,1757448,3902,164381,234,19790,51,3216,285,23084,0,0,55510,91017.71,4796739,4773733,0
2021-04-05,41857,2893670,34474,1791922,11193,175574,398,20188,61,3277,460,23544,0,0,87984,92532.86,4884723,4861258,0
2021-04-06,53231,2946901,35617,1827539,13211,188785,455,20643,79,3356,535,24079,0,0,102594,94826.71,4987317,4963318,0
2021-04-07,55467,3002368,40705,1868244,14385,203170,422,21065,83,3439,507,24586,0,0,111064,96094.71,5098381,5073877,0
2021-04-08,59228,3061596,46581,1914825,16335,219505,547,21612,88,3527,636,25222,0,0,122780,96980.86,5221161,5196022,0
2021-04-09,56621,3118217,44943,1959768,17555,237060,547,22159,81,3608,633,25855,0,0,119752,98342.57,5340913,5315146,0
2021-04-10,49324,3167541,35640,1995408,12715,249775,407,22566,66,3674,477,26332,0,0,98156,99691.43,5439069,5412829,0
2021-04-11,38153,3205694,28826,2024234,7679,257454,302,22868,62,3736,365,26697,0,0,75023,102479,5514092,5487488,0
2021-04-12,46614,3252308,31834,2056068,13493,270947,480,23348,69,3805,549,27246,0,0,92490,103122.71,5606582,5579429,0
2021-04-13,52525,3304833,33791,2089859,369,271316,414,23762,65,3870,480,27726,0,0,87165,100918.57,5693747,5666115,0
2021-04-14,50127,3354960,39949,2129808,20,271336,380,24142,80,3950,461,28187,0,0,90557,97989,5784304,5756212,0
2021-04-15,52100,3407060,43689,2173497,16,271352,466,24608,107,4057,578,28765,0,0,96384,94218.14,5880688,5852023,0
2021-04-16,51170,3458230,42195,2215692,31,271383,455,25063,76,4133,534,29299,0,0,93930,90529.29,5974618,5945422,0
2021-04-17,43820,3502050,35687,2251379,3,271386,380,25443,85,4218,467,29766,0,0,79977,87932.29,6054595,6024934,0
2021-04-18,28590,3530640,29366,2280745,7,271393,268,25711,65,4283,334,30100,0,0,58297,85542.86,6112892,6082898,0
2021-04-19,37438,3568078,36447,2317192,21,271414,347,26058,71,4354,420,30520,0,0,74326,82948,6187218,6156806,0
2021-04-20,40784,3608862,39625,2356817,19,271433,324,26382,84,4438,409,30929,0,0,80837,82044,6268055,6237235,0
2021-04-21,38872,3647734,46023,2402840,17,271450,513,26895,100,4538,614,31543,0,0,85526,81325.29,6353581,6322148,0
2021-04-22,38472,3686206,48951,2451791,9,271459,357,27252,80,4618,439,31982,0,0,87872,80109.29,6441453,6409583,0
2021-04-23,39677,3725883,44383,2496174,3,271462,364,27616,76,4694,442,32424,0,0,84505,78762.86,6525958,6493648,0
2021-04-24,31922,3757805,41599,2537773,44,271506,292,27908,62,4756,355,32779,0,0,73920,77897.57,6599878,6567214,0
2021-04-25,18411,3776216,31214,2568987,87,271593,207,28115,63,4819,270,33049,0,0,49982,76709.71,6649860,6616926,0
2021-04-26,26953,3803169,40716,2609703,1012,272605,309,28424,95,4914,409,33458,0,0,69090,75961.71,6718950,6685612,0
2021-04-27,28547,3831716,47125,2656828,1696,274301,382,28806,99,5013,486,33944,0,0,77854,75535.57,6796804,6762985,0
2021-04-28,27005,3858721,56840,2713668,2145,276446,458,29264,104,5117,565,34509,0,0,86555,75682.57,6883359,6848978,0
2021-04-29,28579,3887300,57198,2770866,2149,278595,384,29648,103,5220,489,34998,0,0,88415,75760.14,6971774,6936906,0
2021-04-30,30097,3917397,51987,2822853,2059,280654,296,29944,76,5296,373,35371,0,0,84517,75761.86,7056291,7021051,0
2021-05-01,22472,3939869,44534,2867387,1177,281831,237,30181,68,5364,307,35678,0,0,68490,74986.14,7124781,7089236,0
2021-05-02,11915,3951784,36635,2904022,1081,282912,155,30336,60,5424,217,35895,0,0,49848,74967,7174629,7138869,0
2021-05-03,18006,3969790,53016,2957038,2381,285293,270,30606,94,5518,366,36261,0,0,73771,75635.71,7248400,7212276,0
2021-05-04,22723,3992513,56640,3013678,2332,287625,277,30883,119,5637,397,36658,0,0,82093,76241.29,7330493,7293973,0
2021-05-05,21470,4013983,48753,3062431,2313,289938,319,31202,105,5742,425,37083,0,0,72962,74299.43,7403455,7366511,0
2021-05-06,20669,4034652,50174,3112605,2508,292446,284,31486,92,5834,380,37463,0,0,73731,72201.71,7477186,7439866,0
2021-05-07,21230,4055882,52100,3164705,2812,295258,324,31810,81,5915,406,37869,0,0,76548,71063.29,7553734,7516009,0
2021-05-08,16617,4072499,41860,3206565,1834,297092,240,32050,74,5989,314,38183,0,0,60625,69939.71,7614359,7576320,0
2021-05-09,7967,4080466,29400,3235965,1260,298352,160,32210,56,6045,216,38399,0,0,38843,68367.57,7653202,7614947,0
2021-05-10,14367,4094833,38526,3274491,2356,300708,253,32463,94,6139,351,38750,0,0,55601,65771.86,7708803,7670201,0
2021-05-11,19889,4114722,43055,3317546,2512,303220,296,32759,89,6228,390,39140,0,0,65847,63451,7774650,7735663,0
2021-05-12,17807,4132529,40533,3358079,3595,306815,244,33003,81,6309,325,39465,0,0,62260,61922.14,7836910,7797598,0
2021-05-13,24937,4157466,40432,3398511,3229,310044,274,33277,81,6390,357,39822,0,0,68956,61240,7905866,7866199,0
2021-05-14,27002,4184468,42942,3441453,3535,313579,279,33556,96,6486,377,40199,0,0,73856,60855.43,7979722,7939680,0
2021-05-15,23638,4208106,34920,3476373,3364,316943,263,33819,75,6561,339,40538,0,0,62261,61089.14,8041983,8001603,0
2021-05-16,15513,4223619,19458,3495831,2496,319439,125,33944,48,6609,174,40712,0,0,37641,60917.43,8079624,8039071,0
2021-05-17,22659,4246278,29136,3524967,3252,322691,192,34136,73,6682,265,40977,0,0,55312,60876.14,8134936,8094118,0
2021-05-18,24613,4270891,31900,3556867,3402,326093,249,34385,85,6767,334,41311,0,0,60249,60076.43,8195185,8154033,0
2021-05-19,24167,4295058,29729,3586596,3039,329132,235,34620,51,6818,287,41598,0,0,57222,59356.71,8252407,8210969,0
2021-05-20,24128,4319186,30106,3616702,3163,332295,275,34895,89,6907,369,41967,0,0,57766,57758.14,8310173,8268371,0
2021-05-21,24661,4343847,32001,3648703,3057,335352,253,35148,64,6971,320,42287,0,0,60039,55784.29,8370212,8328093,0
2021-05-22,20008,4363855,24373,3673076,2523,337875,171,35319,48,7019,220,42507,0,0,47124,53621.86,8417336,8374998,0
2021-05-23,11222,4375077,13736,3686812,1411,339286,95,35414,32,7051,129,42636,0,0,26498,52030,8443834,8401369,0
2021-05-24,18852,4393929,23167,3709979,2757,342043,223,35637,55,7106,281,42917,0,0,45057,50565,8488891,8446148,0
2021-05-25,19413,4413342,23382,3733361,2601,344644,180,35817,59,7165,239,43156,0,0,45635,48477.29,8534526,8491544,0
2021-05-26,18773,4432115,21088,3754449,2698,347342,205,36022,49,7214,256,43412,0,0,42815,46419.14,8577341,8534105,0
2021-05-27,18450,4450565,21282,3775731,2530,349872,186,36208,62,7276,249,43661,0,0,42511,44239.86,8619852,8576368,0
2021-05-28,17850,4468415,22876,3798607,2751,352623,193,36401,59,7335,253,43914,0,0,43730,41910,8663582,8619846,0
2021-05-29,12699,4481114,17815,3816422,1755,354378,109,36510,39,7374,149,44063,0,0,32418,39809.14,8696000,8652116,0
2021-05-30,7023,4488137,8950,3825372,1074,355452,50,36560,16,7390,66,44129,0,0,17113,38468.43,8713113,8669163,0
2021-05-31,4739,4492876,6922,3832294,1011,356463,66,36626,18,7408,84,44213,0,0,12756,33854,8725869,8681835,0
2021-06-01,16042,4508918,25189,3857483,2177,358640,160,36786,42,7450,206,44419,0,0,43614,33565.29,8769483,8725247,0
2021-06-02,15351,4524269,20398,3877881,2095,360735,141,36927,47,7497,188,44607,0,0,38032,32882,8807515,8763091,0
2021-06-03,14990,4539259,23821,3901702,2280,363015,137,37064,45,7542,184,44791,0,0,41275,32705.43,8848790,8804184,0
2021-06-04,14708,4553967,26002,3927704,2492,365507,152,37216,43,7585,196,44987,0,0,43399,32658.14,8892189,8847388,0
2021-06-05,10977,4564944,22105,3949809,1806,367313,117,37333,29,7614,147,45134,0,0,35035,33032,8927224,8882277,0
2021-06-06,6441,4571385,14485,3964294,1222,368535,92,37425,13,7627,106,45240,0,0,22254,33766.43,8949478,8904426,0
2021-06-07,11692,4583077,21783,3986077,2378,370913,147,37572,38,7665,188,45428,0,0,36041,37092.86,8985519,8940282,0
2021-06-08,12619,4595696,24019,4010096,2071,372984,129,37701,46,7711,176,45604,0,0,38885,36417.29,9024404,8978992,0
2021-06-09,11120,4606816,23021,4033117,2300,375284,142,37843,44,7755,188,45792,0,0,36629,36216.86,9061033,9015435,0
2021-06-10,12054,4618870,22230,4055347,2461,377745,148,37991,64,7819,212,46004,0,0,36958,35600.14,9097991,9052181,0
2021-06-11,12689,4631559,25126,4080473,2483,380228,162,38153,63,7882,226,46230,0,0,40524,35189.43,9138515,9092480,0
2021-06-12,10158,4641717,19318,4099791,1888,382116,97,38250,45,7927,144,46374,0,0,31508,34685.57,9170023,9123846,0
2021-06-13,4249,4645966,10938,4110729,1219,383335,43,38293,21,7948,64,46438,0,0,16472,33859.57,9186495,9140254,0
2021-06-14,10199,4656165,19239,4129968,2040,385375,136,38429,53,8001,189,46627,0,0,31667,33234.71,9218162,9171732,0
2021-06-15,11876,4668041,21015,4150983,1942,387317,132,38561,42,8043,175,46802,0,0,35009,32681,9253171,9206567,0
2021-06-16,11581,4679622,19400,4170383,1956,389273,153,38714,74,8117,227,47029,0,0,33164,32186,9286335,9239504,0
2021-06-17,11014,4690636,18760,4189143,1973,391246,133,38847,35,8152,170,47199,0,0,31917,31465.86,9318252,9271253,0
2021-06-18,12163,4702799,18492,4207635,2115,393361,123,38970,37,8189,161,47360,0,0,32932,30381.29,9351184,9304025,0
2021-06-19,8490,4711289,13516,4221151,1459,394820,91,39061,23,8212,114,47474,0,0,23579,29248.57,9374763,9327490,0
2021-06-20,4333,4715622,7159,4228310,924,395744,37,39098,16,8228,53,47527,0,0,12469,28676.71,9387232,9339906,0
2021-06-21,10151,4725773,10014,4238324,1807,397551,73,39171,28,8256,102,47629,0,0,22074,27306.29,9409306,9361879,0
2021-06-22,9826,4735599,15644,4253968,1588,399139,109,39280,29,8285,138,47767,0,0,27196,26190.14,9436502,9388937,0
2021-06-23,10303,4745902,15186,4269154,1862,401001,104,39384,31,8316,136,47903,0,0,27487,25379.14,9463989,9416289,0
2021-06-24,9676,4755578,14702,4283856,1798,402799,125,39509,27,8343,154,48057,0,0,26330,24581,9490319,9442467,0
2021-06-25,10581,4766159,14382,4298238,1720,404519,121,39630,38,8381,159,48216,0,0,26842,23711,9517161,9469150,0
2021-06-26,7798,4773957,10465,4308703,1249,405768,79,39709,23,8404,103,48319,0,0,19615,23144.71,9536776,9488663,0
2021-06-27,4998,4778955,6001,4314704,795,406563,34,39743,15,8419,50,48369,0,0,11844,23055.43,9548620,9500458,0
2021-06-28,9027,4787982,10352,4325056,1526,408089,110,39853,26,8445,137,48506,0,0,21042,22908,9569662,9521364,0
2021-06-29,9724,4797706,12332,4337388,1347,409436,126,39979,34,8479,161,48667,0,0,23564,22389.14,9593226,9544768,0
2021-06-30,9426,4807132,10927,4348315,1486,410922,151,40130,18,8497,172,48839,0,0,22011,21606.86,9615237,9566610,0
2021-07-01,9390,4816522,10926,4359241,1434,412356,134,40264,25,8522,161,49000,0,0,21911,20975.57,9637148,9588362,0
2021-07-02,9688,4826210,11457,4370698,1541,413897,119,40383,21,8543,140,49140,0,0,22827,20402,9659975,9611049,0
2021-07-03,7057,4833267,8424,4379122,1192,415089,79,40462,17,8560,96,49236,0,0,16769,19995.43,9676744,9627722,0
2021-07-04,1286,4834553,1335,4380457,567,415656,11,40473,3,8563,14,49250,0,0,3202,18760.86,9679946,9630910,0
2021-07-05,6492,4841045,7108,4387565,1208,416864,67,40540,22,8585,89,49339,0,0,14897,17883,9694843,9645718,0
2021-07-06,9505,4850550,12853,4400418,1315,418179,117,40657,38,8623,156,49495,0,0,23829,17920.86,9718672,9669392,0
2021-07-07,8661,4859211,11106,4411524,1418,419597,129,40786,20,8643,149,49644,0,0,21334,17824.14,9740006,9690577,0
2021-07-08,8216,4867427,10190,4421714,1258,420855,111,40897,23,8666,136,49780,0,0,19800,17522.57,9759806,9710243,0
2021-07-09,8369,4875796,10832,4432546,1280,422135,92,40989,20,8686,112,49892,0,0,20593,17203.43,9780399,9730724,0
2021-07-10,7097,4882893,8636,4441182,1130,423265,68,41057,21,8707,90,49982,0,0,16953,17229.71,9797352,9747588,0
2021-07-11,4104,4886997,4540,4445722,701,423966,38,41095,6,8713,44,50026,0,0,9389,18113.57,9806741,9756933,0
2021-07-12,8444,4895441,9562,4455284,1251,425217,85,41180,23,8736,108,50134,0,0,19365,18751.86,9826106,9776190,0
2021-07-13,9457,4904898,9393,4464677,952,426169,109,41289,36,8772,147,50281,0,0,19949,18197.57,9846055,9795994,0
2021-07-14,8988,4913886,9535,4474212,1010,427179,110,41399,22,8794,136,50417,0,0,19669,17959.71,9865724,9815531,0
2021-07-15,8789,4922675,9155,4483367,1052,428231,85,41484,20,8814,106,50523,0,0,19102,17860,9884826,9834528,0
2021-07-16,9246,4931921,9765,4493132,980,429211,104,41588,30,8844,134,50657,0,0,20125,17793.14,9904951,9854519,0
2021-07-17,6838,4938759,7388,4500520,803,430014,80,41668,21,8865,101,50758,0,0,15130,17532.71,9920081,9869548,0
2021-07-18,4251,4943010,4287,4504807,575,430589,37,41705,13,8878,50,50808,0,0,9163,17500.43,9929244,9878661,0
2021-07-19,9118,4952128,8486,4513293,999,431588,93,41798,22,8900,116,50924,0,0,18719,17408.14,9947963,9897265,0
2021-07-20,10637,4962765,8756,4522049,991,432579,96,41894,27,8927,124,51048,0,0,20508,17488,9968471,9917650,0
2021-07-21,10049,4972814,8777,4530826,904,433483,149,42043,33,8960,182,51230,0,0,19912,17522.71,9988383,9937380,0
2021-07-22,10685,4983499,8584,4539410,1045,434528,146,42189,27,8987,174,51404,0,0,20488,17720.71,10008871,9957695,0
2021-07-23,11244,4994743,8887,4548297,1114,435642,140,42329,23,9010,165,51569,0,0,21410,17904.29,10030281,9978942,0
2021-07-24,7399,5002142,6741,4555038,670,436312,83,42412,26,9036,110,51679,0,0,14920,17874.29,10045201,9993753,0
2021-07-25,5471,5007613,2130,4557168,509,436821,58,42470,4,9040,62,51741,0,0,8172,17732.71,10053373,10001863,0
2021-07-26,10865,5018478,7010,4564178,856,437677,113,42583,20,9060,133,51874,0,0,18864,17753.43,10072237,10020594,0
2021-07-27,12057,5030535,8573,4572751,856,438533,140,42723,41,9101,182,52056,0,0,21668,17919.14,10093905,10042081,0
2021-07-28,12001,5042536,8058,4580809,950,439483,138,42861,29,9130,168,52224,0,0,21177,18099.86,10115082,10063091,0
2021-07-29,10922,5053458,7438,4588247,983,440466,139,43000,41,9171,184,52408,0,0,19527,17962.57,10134609,10082438,0
2021-07-30,14945,5068403,8014,4596261,1151,441617,188,43188,32,9203,222,52630,0,0,24332,18380,10158941,10106550,0
2021-07-31,9718,5078121,6323,4602584,815,442432,122,43310,21,9224,144,52774,0,0,17000,18677.14,10175941,10123407,0
2021-08-01,6496,5084617,3313,4605897,564,442996,81,43391,22,9246,103,52877,0,0,10476,19006.29,10186417,10133780,0
2021-08-02,13448,5098065,7152,4613049,845,443841,150,43541,19,9265,169,53046,0,0,21614,19399.14,10208031,10155225,0
2021-08-03,15399,5113464,8393,4621442,1109,444950,146,43687,39,9304,186,53232,0,0,25087,19887.57,10233118,10180127,0
2021-08-04,17252,5130716,8133,4629575,1454,446404,184,43871,36,9340,220,53452,0,0,27059,20727.86,10260177,10206966,0
2021-08-05,17878,5148594,7935,4637510,1371,447775,163,44034,22,9362,185,53637,0,0,27369,21848.14,10287546,10234150,0
2021-08-06,18168,5166762,8420,4645930,1229,449004,174,44208,32,9394,206,53843,0,0,28023,22375.43,10315569,10261967,0
2021-08-07,13376,5180138,6019,4651949,800,449804,105,44313,29,9423,134,53977,0,0,20329,22851,10335898,10282162,0
2021-08-08,9309,5189447,3834,4655783,400,450204,84,44397,10,9433,94,54071,0,0,13637,23302.57,10349535,10295705,0
2021-08-09,21330,5210777,8530,4664313,965,451169,178,44575,34,9467,213,54284,0,0,31038,24648.86,10380573,10326531,0
2021-08-10,18944,5229721,9332,4673645,946,452115,182,44757,34,9501,217,54501,0,0,29439,25270.57,10410012,10355754,0
2021-08-11,15641,5245362,8314,4681959,853,452968,132,44889,46,9547,179,54680,0,0,24987,24974.57,10434999,10380563,0
2021-08-12,15046,5260408,8988,4690947,942,453910,180,45069,37,9584,219,54899,0,0,25195,24664,10460194,10405541,0
2021-08-13,14912,5275320,9294,4700241,919,454829,247,45316,38,9622,286,55185,0,0,25412,24291,10485606,10430668,0
2021-08-14,10392,5285712,6413,4706654,625,455454,537,45853,41,9663,581,55766,0,0,18011,23959.86,10503617,10448101,0
2021-08-15,6687,5292399,4482,4711136,676,456130,568,46421,34,9697,606,56372,0,0,12451,23790.43,10516068,10459950,0
2021-08-16,15692,5308091,9315,4720451,1149,457279,1330,47751,67,9764,1402,57774,0,0,27558,23293.29,10543626,10486111,0
2021-08-17,17755,5325846,10457,4730908,1229,458508,1778,49529,85,9849,1878,59652,0,0,31319,23561.86,10574945,10515567,0
2021-08-18,17476,5343322,10381,4741289,1262,459770,2004,51533,91,9940,2106,61758,0,0,31225,24453,10606170,10544697,0
2021-08-19,16283,5359605,9530,4750819,1315,461085,1961,53494,69,10009,2044,63802,0,0,29172,25021.14,10635342,10571839,0
2021-08-20,16257,5375862,11541,4762360,1252,462337,1872,55366,90,10099,1976,65778,0,0,31026,25823.14,10666368,10600903,0
2021-08-21,11143,5387005,8038,4770398,878,463215,1069,56435,53,10152,1129,66907,0,0,21188,26277,10687556,10620969,0
2021-08-22,4075,5391080,3903,4774301,261,463476,519,56954,34,10186,557,67464,0,0,8796,25754.86,10696352,10629212,0
2021-08-23,15570,5406650,11810,4786111,1022,464498,1553,58507,78,10264,1644,69108,0,0,30047,26110.43,10726399,10657628,0
2021-08-24,16900,5423550,12597,4798708,1007,465505,1777,60284,83,10347,1868,70976,0,0,32372,26260.86,10758771,10688140,0
2021-08-25,14558,5438108,12455,4811163,1112,466617,1575,61859,82,10429,1672,72648,0,0,29797,26056.86,10788568,10716280,0
2021-08-26,16139,5454247,14100,4825263,1070,467687,1785,63644,71,10500,1868,74516,0,0,33177,26629,10821745,10747601,0
2021-08-27,14866,5469113,14825,4840088,971,468658,1680,65324,76,10576,1764,76280,0,0,32426,26829,10854171,10778271,0
2021-08-28,10673,5479786,11523,4851611,835,469493,1023,66347,47,10623,1071,77351,0,0,24102,27245.29,10878273,10801303,0
2021-08-29,7208,5486994,7500,4859111,541,470034,782,67129,58,10681,849,78200,0,0,16098,28288.43,10894371,10816561,0
2021-08-30,15505,5502499,16931,4876042,1076,471110,1799,68928,96,10777,1903,80103,0,0,35415,29055.29,10929786,10850081,0
2021-08-31,15495,5517994,15961,4892003,952,472062,1982,70910,92,10869,2084,82187,0,0,34492,29358.14,10964278,10882499,0
2021-09-01,14819,5532813,14114,4906117,1020,473082,1816,72726,62,10931,1888,84075,0,0,31841,29650.14,10996119,10912462,0
2021-09-02,14306,5547119,12525,4918642,896,473978,1718,74444,65,10996,1799,85874,0,0,29526,29128.57,11025645,10940205,0
2021-09-03,14989,5562108,14317,4932959,974,474952,1902,76346,73,11069,1981,87855,0,0,32261,29105,11057906,10970491,0
2021-09-04,9640,5571748,9405,4942364,688,475640,982,77328,34,11103,1021,88876,0,0,20754,28626.71,11078660,10990229,0
2021-09-05,6790,5578538,5511,4947875,438,476078,720,78048,19,11122,740,89616,0,0,13479,28252.57,11092139,11002969,0
2021-09-06,5195,5583733,4510,4952385,358,476436,275,78323,11,11133,288,89904,0,0,10351,24672,11102490,11013034,0
2021-09-07,15554,5599287,17699,4970084,912,477348,1565,79888,96,11229,1669,91573,0,0,35834,24863.71,11138324,11047207,0
2021-09-08,16140,5615427,14829,4984913,1069,478417,1791,81679,83,11312,1885,93458,0,0,33923,25161.14,11172247,11079256,0
2021-09-09,16093,5631520,14759,4999672,1048,479465,1922,83601,78,11390,2011,95469,0,0,33911,25787.57,11206158,11111167,0
2021-09-10,18345,5649865,15403,5015075,1207,480672,1983,85584,82,11472,2072,97541,0,0,37027,26468.43,11243185,11146129,0
2021-09-11,12624,5662489,10350,5025425,958,481630,1037,86621,50,11522,1093,98634,0,0,25025,27078.57,11268210,11170067,0
2021-09-12,8531,5671020,5054,5030479,765,482395,694,87315,32,11554,727,99361,0,0,15077,27306.86,11283287,11184418,0
2021-09-13,16917,5687937,12967,5043446,976,483371,1664,88979,53,11607,1727,101088,0,0,32587,30483.43,11315874,11215288,0
2021-09-14,16256,5704193,13676,5057122,887,484258,1604,90583,57,11664,1674,102762,0,0,32494,30006.29,11348368,11246121,0
2021-09-15,15505,5719698,12900,5070022,727,484985,1576,92159,86,11750,1671,104433,0,0,30803,29560.57,11379171,11275262,0
2021-09-16,15322,5735020,13918,5083940,1209,486194,1473,93632,69,11819,1549,105982,0,0,31998,29287.29,11411169,11305718,0
2021-09-17,14423,5749443,13951,5097891,922,487116,1849,95481,61,11880,1912,107894,0,0,31208,28456,11442377,11335016,0
2021-09-18,9982,5759425,10191,5108082,913,488029,1053,96534,43,11923,1100,108994,0,0,22186,28050.43,11464563,11356106,0
2021-09-19,6166,5765591,6078,5114160,557,488586,750,97284,28,11951,783,109777,0,0,13584,27837.14,11478147,11368912,0
2021-09-20,12656,5778247,12635,5126795,1068,489654,1929,99213,62,12013,2000,111777,0,0,28360,27233.29,11506507,11395281,0
2021-09-21,12214,5790461,12771,5139566,1108,490762,2040,101253,81,12094,2137,113914,0,0,28230,26624.14,11534737,11421390,0
2021-09-22,12812,5803273,12007,5151573,1088,491850,1694,102947,69,12163,1769,115683,0,0,27676,26177.43,11562413,11447303,0
2021-09-23,14911,5818184,12769,5164342,1639,493489,2276,105223,77,12240,2360,118043,0,0,31679,26131.86,11594092,11476629,0
2021-09-24,16423,5834607,13361,5177703,1636,495125,4631,109854,129,12369,4778,122821,0,0,36198,26844.71,11630290,11508067,0
2021-09-25,10517,5845124,9033,5186736,1017,496142,3463,113317,83,12452,3563,126384,0,0,24130,27122.43,11654420,11528651,0
2021-09-26,6288,5851412,5768,5192504,773,496915,2423,115740,62,12514,2497,128881,0,0,15326,27371.29,11669746,11541492,0
2021-09-27,14125,5865537,8066,5200570,1155,498070,9086,124826,166,12680,9301,138182,0,0,32648,27983.86,11702394,11564888,0
2021-09-28,11095,5876632,11790,5212360,901,498971,9937,134763,185,12865,10160,148342,0,0,33946,28800.43,11736340,11588712,0
2021-09-29,11583,5888215,12196,5224556,1204,500175,9463,144226,182,13047,9679,158021,0,0,34662,29798.43,11771002,11613729,0
2021-09-30,12205,5900420,12609,5237165,1337,501512,9770,153996,184,13231,9988,168009,0,0,36139,30435.57,11807141,11639914,0
2021-10-01,12608,5913028,13431,5250596,1284,502796,10296,164292,158,13389,10490,178499,0,0,37813,30666.29,11844954,11667273,0
2021-10-02,7713,5920741,9981,5260577,865,503661,4251,168543,83,13472,4358,182857,0,0,22917,30493,11867871,11685856,0
2021-10-03,5052,5925793,6158,5266735,593,504254,2628,171171,60,13532,2698,185555,0,0,14501,30375.14,11882372,11697669,0
2021-10-04,9894,5935687,11017,5277752,913,505167,9544,180715,151,13683,9731,195286,0,0,31555,30219,11913927,11719529,0
2021-10-05,10128,5945815,11734,5289486,972,506139,9958,190673,182,13865,10183,205469,0,0,33017,30086.29,11946944,11742406,0
2021-10-06,9861,5955676,11050,5300536,937,507076,9960,200633,162,14027,10158,215627,0,0,32007,29707,11978951,11764291,0
2021-10-07,9589,5965265,12152,5312688,850,507926,10185,210818,184,14211,10403,226030,0,0,32994,29257.71,12011945,11786916,0
2021-10-08,9421,5974686,12181,5324869,940,508866,10930,221748,167,14378,11136,237166,0,0,33678,28667,12045623,11809497,0
2021-10-09,6222,5980908,8243,5333112,643,509509,4131,225879,92,14470,4240,241406,0,0,19348,28157.14,12064971,11824622,0
2021-10-10,3527,5984435,5028,5338140,458,509967,2439,228318,50,14520,2497,243903,0,0,11510,27729.86,12076481,11833643,0
2021-10-11,7586,5992021,9339,5347479,728,510695,8912,237230,167,14687,9103,253006,0,0,26756,27044.29,12103237,11851320,0
2021-10-12,8038,6000059,10997,5358476,891,511586,10543,247773,187,14874,10771,263777,0,0,30697,26712.86,12133934,11871287,0
2021-10-13,7121,6007180,10149,5368625,869,512455,8816,256589,187,15061,9033,272810,0,0,27172,26022.14,12161106,11889456,0
2021-10-14,7399,6014579,11116,5379741,837,513292,10136,266725,170,15231,10346,283156,0,0,29698,25551.29,12190804,11908848,0
2021-10-15,7699,6022278,11858,5391599,823,514115,10862,277587,176,15407,11071,294227,0,0,31451,25233.14,12222255,11929261,0
2021-10-16,4853,6027131,7464,5399063,665,514780,3856,281443,67,15474,3935,298162,0,0,16917,24885.86,12239172,11942255,0
2021-10-17,3046,6030177,4469,5403532,411,515191,2463,283906,46,15520,2516,300678,0,0,10442,24733.29,12249614,11950188,0
2021-10-18,7011,6037188,10672,5414204,797,515988,9502,293408,190,15710,9726,310404,0,0,28206,24940.43,12277820,11968702,0
2021-10-19,6542,6043730,8945,5423149,803,516791,9112,302520,182,15892,9335,319739,0,0,25625,24215.86,12303445,11985033,0
2021-10-20,6509,6050239,9372,5432521,975,517766,10002,312522,183,16075,10223,329962,0,0,27079,24202.57,12330524,12001927,0
2021-10-21,6998,6057237,9384,5441905,857,518623,10878,323400,159,16234,11072,341034,0,0,28311,24004.43,12358835,12019201,0
2021-10-22,8069,6065306,10341,5452246,1025,519648,16384,339784,229,16463,16667,357701,0,0,36102,24668.86,12394937,12038690,0
2021-10-23,5146,6070452,6452,5458698,690,520338,9141,348925,117,16580,9279,366980,0,0,21567,25333.14,12416504,12050999,0
2021-10-24,3246,6073698,3967,5462665,766,521104,6177,355102,83,16663,6285,373265,0,0,14264,25879.14,12430768,12059003,0
2021-10-25,8700,6082398,8745,5471410,1152,522256,19289,374391,308,16971,19670,392935,0,0,38267,27316.43,12469035,12077673,0
2021-10-26,8139,6090537,7723,5479133,1258,523514,17319,391710,284,17255,17674,410609,0,0,34794,28626.29,12503829,12094864,0
2021-10-27,10489,6101026,8392,5487525,1604,525118,20896,412606,338,17593,21307,431916,0,0,41792,30728.14,12545621,12115422,0
2021-10-28,11250,6112276,8025,5495550,1793,526911,20909,433515,333,17926,21310,453226,0,0,42378,32737.71,12587999,12136558,0
2021-10-29,11793,6124069,8227,5503777,1967,528878,22586,456101,355,18281,23013,476239,0,0,45001,34009,12633000,12158618,0
2021-10-30,4589,6128658,5062,5508839,932,529810,11207,467308,167,18448,11414,487653,0,0,21997,34070.43,12654997,12169241,0
2021-10-31,2637,6131295,2699,5511538,544,530354,6654,473962,107,18555,6785,494438,0,0,12665,33842,12667662,12175145,0
2021-11-01,7057,6138352,6954,5518492,1085,531439,20434,494396,346,18901,20840,515278,0,0,35936,33509,12703598,12190301,0
2021-11-02,6516,6144868,6586,5525078,1055,532494,20826,515222,282,19183,21188,536466,0,0,35346,33587.86,12738944,12204539,0
2021-11-03,6772,6151640,6674,5531752,1025,533519,20695,535917,316,19499,21088,557554,0,0,35561,32697.71,12774505,12219089,0
2021-11-04,9244,6160884,6273,5538025,997,534516,22435,558352,355,19854,22872,580426,0,0,39386,32270.29,12813891,12235685,0
2021-11-05,11004,6171888,6716,5544741,1049,535565,23816,582168,364,20218,24264,604690,0,0,43033,31989.14,12856924,12254538,0
2021-11-06,11130,6183018,4051,5548792,593,536158,12620,594788,178,20396,12835,617525,0,0,28609,32933.71,12885533,12270349,0
2021-11-07,7220,6190238,2288,5551080,577,536735,7123,601911,99,20495,7237,624762,0,0,17322,33599,12902855,12280449,0
2021-11-08,15014,6205252,5677,5556757,862,537597,19545,621456,290,20785,19902,644664,0,0,41455,34387.43,12944310,12302069,0
2021-11-09,16087,6221339,5384,5562141,658,538255,20566,642022,287,21072,20935,665599,0,0,43064,35490,12987374,12324280,0
2021-11-10,16842,6238181,5322,5567463,682,538937,22727,664749,298,21370,23096,688695,0,0,45942,36973,13033316,12347197,0
2021-11-11,12475,6250656,5189,5572652,760,539697,22159,686908,302,21672,22532,711227,0,0,40956,37197.29,13074272,12365692,0
2021-11-12,16810,6267466,5684,5578336,705,540402,23486,710394,364,22036,23929,735156,0,0,47128,37782.29,13121400,12388970,0
2021-11-13,9909,6277375,3660,5581996,464,540866,13372,723766,185,22221,13602,748758,0,0,27635,37643.14,13149035,12403048,0
2021-11-14,5972,6283347,2285,5584281,324,541190,7962,731728,83,22304,8066,756824,0,0,16647,37546.71,13165682,12411650,0
2021-11-15,13158,6296505,5974,5590255,688,541878,25181,756909,373,22677,25633,782457,0,0,45453,38117.86,13211135,12431549,0
2021-11-16,9863,6306368,5777,5596032,652,542530,30743,787652,447,23124,31269,813726,0,0,47563,38760.57,13258698,12447922,0
2021-11-17,10192,6316560,6669,5602701,680,543210,31523,819175,432,23556,32047,845773,0,0,49588,39281.43,13308286,12465555,0
2021-11-18,10616,6327176,6521,5609222,854,544064,33132,852307,476,24032,33705,879478,0,0,51696,40815.71,13359982,12483643,0
2021-11-19,11883,6339059,6548,5615770,707,544771,36380,888687,477,24509,36948,916426,0,0,56086,42095.43,13416068,12502872,0
2021-11-20,9269,6348328,3414,5619184,512,545283,22585,911272,265,24774,22902,939328,0,0,36097,43304.29,13452165,12516119,0
2021-11-21,4882,6353210,1886,5621070,288,545571,13259,924531,159,24933,13443,952771,0,0,20499,43854.57,13472664,12523200,0
2021-11-22,10309,6363519,5779,5626849,748,546319,36030,960561,458,25391,36581,989352,0,0,53417,44992.29,13526081,12540129,0
2021-11-23,9668,6373187,4777,5631626,631,546950,33619,994180,401,25792,34092,1023444,0,0,49169,45221.71,13575250,12555278,0
2021-11-24,8605,6381792,4744,5636370,647,547597,26004,1020184,296,26088,26372,1049816,0,0,40368,43904.57,13615618,12569346,0
2021-11-25,446,6382238,329,5636699,80,547677,1004,1021188,9,26097,1013,1050829,0,0,1868,36786.29,13617486,12570201,0
2021-11-26,7981,6390219,7005,5643704,528,548205,26656,1047844,317,26414,27030,1077859,0,0,42544,34851.71,13660030,12585772,0
2021-11-27,6629,6396848,6860,5650564,370,548575,18896,1066740,231,26645,19165,1097024,0,0,33025,34412.86,13693055,12599670,0
2021-11-28,4021,6400869,5793,5656357,279,548854,11946,1078686,124,26769,12092,1109116,0,0,22185,34653.71,13715240,12609785,0
2021-11-29,8984,6409853,11019,5667376,684,549538,35166,1113852,464,27233,35708,1144824,0,0,56395,35079.14,13771635,12630550,0
2021-11-30,10375,6420228,11451,5678827,510,550048,37881,1151733,513,27746,38508,1183332,0,0,60844,36747,13832479,12653000,0
2021-12-01,11045,6431273,10984,5689811,724,550772,40496,1192229,444,28190,41038,1224370,0,0,63793,40093.43,13896272,12675853,0
2021-12-02,11499,6442772,11054,5700865,625,551397,42348,1234577,476,28666,42922,1267292,0,0,66100,49269.43,13962372,12699129,0
2021-12-03,13317,6456089,12917,5713782,665,552062,48127,1282704,549,29215,48782,1316074,0,0,75681,54003.29,14038053,12726134,0
2021-12-04,9733,6465822,11321,5725103,564,552626,30781,1313485,316,29531,31150,1347224,0,0,52768,56823.71,14090821,12747805,0
2021-12-05,5681,6471503,5703,5730806,270,552896,16720,1330205,134,29665,16891,1364115,0,0,28545,57732.29,14119366,12759496,0
2021-12-06,12191,6483694,9987,5740793,599,553495,43393,1373598,472,30137,43959,1408074,0,0,66737,59209.71,14186103,12782368,0
2021-12-07,12464,6496158,9256,5750049,623,554118,43199,1416797,529,30666,43818,1451892,0,0,66161,59969.29,14252264,12804801,0
2021-12-08,13413,6509571,8778,5758827,555,554673,40924,1457721,505,31171,41512,1493404,0,0,64258,60035.71,14316522,12827630,0
2021-12-09,13346,6522917,8759,5767586,551,555224,40994,1498715,509,31680,41602,1535006,0,0,64259,59772.71,14380781,12850386,0
2021-12-10,13908,6536825,10160,5777746,666,555890,43834,1542549,546,32226,44468,1579474,0,0,69203,58847.29,14449984,12875209,0
2021-12-11,10184,6547009,8156,5785902,404,556294,26783,1569332,293,32519,27126,1606600,0,0,45871,57862,14495855,12894004,0
2021-12-12,5963,6552972,3859,5789761,287,556581,15211,1584543,138,32657,15374,1621974,0,0,25483,57424.57,14521338,12904138,0
2021-12-13,12088,6565060,7435,5797196,654,557235,38046,1622589,411,33068,38540,1660514,0,0,58717,56278.86,14580055,12924398,0
2021-12-14,12124,6577184,6949,5804145,729,557964,38294,1660883,455,33523,38817,1699331,0,0,58620,55201.57,14638675,12944269,0
2021-12-15,11966,6589150,6247,5810392,754,558718,38294,1699177,501,34024,38877,1738208,0,0,57845,54285.43,14696520,12963319,0
2021-12-16,13046,6602196,4267,5814659,737,559455,41265,1740442,472,34496,41811,1780019,0,0,59861,53657.14,14756381,12981443,0
2021-12-17,15815,6618011,6942,5821601,617,560072,46961,1787403,491,34987,47551,1827570,0,0,70925,53903.14,14827306,13004916,0
2021-12-18,12930,6630941,5731,5827332,432,560504,30711,1818114,284,35271,31053,1858623,0,0,50146,54513.86,14877452,13024067,0
2021-12-19,6947,6637888,2992,5830324,326,560830,18067,1836181,183,35454,18282,1876905,0,0,28547,54951.57,14905999,13034364,0
2021-12-20,16681,6654569,5855,5836179,745,561575,47667,1883848,588,36042,48336,1925241,0,0,71617,56794.43,14977616,13057726,0
2021-12-21,17817,6672386,6576,5842755,806,562381,49078,1932926,619,36661,49776,1975017,0,0,74976,59131,15052592,13083005,0
2021-12-22,18461,6690847,6552,5849307,938,563319,49849,1982775,553,37214,50481,2025498,0,0,76432,61786.29,15129024,13109035,0
2021-12-23,18919,6709766,6491,5855798,929,564248,46034,2028809,548,37762,46648,2072146,0,0,72987,63661.43,15202011,13135440,0
2021-12-24,9176,6718942,2956,5858754,598,564846,20665,2049474,213,37975,20912,2093058,0,0,33642,58335.29,15235653,13148204,0
2021-12-25,342,6719284,63,5858817,31,564877,427,2049901,8,37983,436,2093494,0,0,872,51296.14,15236525,13148641,0
2021-12-26,7911,6727195,3932,5862749,341,565218,17320,2067221,179,38162,17530,2111024,0,0,29714,51462.86,15266239,13160856,0
2021-12-27,21689,6748884,9208,5871957,934,566152,43570,2110791,575,38737,44218,2155242,0,0,76049,52096,15342288,13192760,0
2021-12-28,20028,6768912,8344,5880301,700,566852,47725,2158516,631,39368,48444,2203686,0,0,77516,52458.86,15419804,13221920,0
2021-12-29,18400,6787312,7674,5887975,606,567458,45716,2204232,503,39871,46294,2249980,0,0,72974,51964.86,15492778,13248675,0
2021-12-30,16795,6804107,7442,5895417,588,568046,44946,2249178,605,40476,45641,2295621,0,0,70467,51604.86,15563245,13273591,0
2021-12-31,5338,6809445,2818,5898235,193,568239,14801,2263979,190,40666,15013,2310634,0,0,23362,50136.29,15586607,13281962,0
2022-01-01,244,6809689,149,5898384,12,568251,504,2264483,36,40702,544,2311178,0,0,949,50147.29,15587556,13282371,0
2022-01-02,6396,6816085,5019,5903403,153,568404,11015,2275498,112,40814,11142,2322320,0,0,22710,49146.71,15610266,13293954,0
2022-01-03,14056,6830141,8523,5911926,515,568919,27043,2302541,353,41167,27441,2349761,0,0,50535,45501.86,15660801,13317093,0
2022-01-04,12756,6842897,8129,5920055,414,569333,27323,2329864,374,41541,27756,2377517,0,0,49055,41436,15709856,13338451,0
2022-01-05,11271,6854168,7035,5927090,386,569719,26040,2355904,323,41864,26407,2403924,0,0,45099,37453.86,15754955,13357187,0
2022-01-06,11296,6865464,7399,5934489,485,570204,27690,2383594,364,42228,28106,2432030,0,0,47286,34142.29,15802241,13376419,0
2022-01-07,10105,6875569,8458,5942947,339,570543,25250,2408844,334,42562,25618,2457648,0,0,44521,37165,15846762,13395356,0
2022-01-08,7635,6883204,8604,5951551,311,570854,19649,2428493,193,42755,19860,2477508,0,0,36411,42231,15883173,13411925,0
2022-01-09,4097,6887301,3846,5955397,214,571068,10084,2438577,101,42856,10196,2487704,0,0,18355,41608.86,15901528,13420095,0
2022-01-10,10121,6897422,8200,5963597,490,571558,24660,2463237,312,43168,25023,2512727,0,0,43834,40651.57,15945362,13438957,0
2022-01-11,8821,6906243,7989,5971586,522,572080,21087,2484324,298,43466,21430,2534157,0,0,38766,39181.71,15984128,13456338,0
2022-01-12,8881,6915124,8333,5979919,427,572507,22413,2506737,295,43761,22743,2556900,0,0,40385,38508.29,16024513,13474015,0
2022-01-13,8974,6924098,8874,5988793,451,572958,22964,2529701,345,44106,23347,2580247,0,0,41648,37702.86,16066161,13492354,0
2022-01-14,10048,6934146,8131,5996924,474,573432,26498,2556199,344,44450,26883,2607130,0,0,45536,37847.86,16111697,13511048,0
2022-01-15,6181,6940327,4322,6001246,180,573612,15171,2571370,188,44638,15382,2622512,0,0,26065,36369.86,16137762,13521754,0
2022-01-16,2885,6943212,3251,6004497,95,573707,7844,2579214,91,44729,7945,2630457,0,0,14177,35773,16151939,13527996,0
2022-01-17,6029,6949241,6758,6011255,363,574070,14729,2593943,225,44954,14973,2645430,0,0,28123,33528.57,16180062,13541165,0
2022-01-18,8104,6957345,10325,6021580,393,574463,19717,2613660,330,45284,20078,2665508,0,0,38900,33547.71,16218962,13560018,0
2022-01-19,7399,6964744,9266,6030846,303,574766,17764,2631424,287,45571,18084,2683592,0,0,35052,32785.86,16254014,13577019,0
2022-01-20,6216,6970960,8568,6039414,305,575071,15310,2646734,260,45831,15597,2699189,0,0,30687,31220,16284701,13592136,0
2022-01-21,7504,6978464,7519,6046933,276,575347,18560,2665294,295,46126,18880,2718069,0,0,34179,29597.57,16318880,13607460,0
2022-01-22,5164,6983628,4956,6051889,132,575479,11347,2676641,133,46259,11505,2729574,0,0,21757,28982.14,16340637,13617737,0
2022-01-23,2776,6986404,3338,6055227,97,575576,6253,2682894,78,46337,6339,2735913,0,0,12550,28749.71,16353187,13623956,0
2022-01-24,6314,6992718,8214,6063441,262,575838,15107,2698001,255,46592,15389,2751302,0,0,30180,29043.57,16383367,13638774,0
2022-01-25,6131,6998849,7960,6071401,230,576068,14743,2712744,296,46888,15073,2766375,0,0,29394,27685.57,16412761,13653129,0
2022-01-26,5705,7004554,7189,6078590,287,576355,14052,2726796,225,47113,14305,2780680,0,0,27486,26604.71,16440247,13666338,0
2022-01-27,5196,7009750,7103,6085693,320,576675,14129,2740925,240,47353,14408,2795088,0,0,27027,26081.86,16467274,13678996,0
2022-01-28,6204,7015954,7886,6093579,205,576880,16165,2757090,246,47599,16434,2811522,0,0,30729,25589,16498003,13693314,0
2022-01-29,833,7016787,729,6094308,28,576908,2544,2759634,40,47639,2587,2814109,0,0,4177,23077.57,16502180,13694907,0
2022-01-30,2070,7018857,3025,6097333,103,577011,4557,2764191,64,47703,4625,2818734,0,0,9823,22688,16512003,13700109,0
2022-01-31,4968,7023825,6600,6103933,219,577230,11413,2775604,208,47911,11636,2830370,0,0,23423,21722.71,16535426,13711911,0
2022-02-01,4795,7028620,6456,6110389,220,577450,10741,2786345,223,48134,10982,2841352,0,0,22454,20731.29,16557880,13723401,0
2022-02-02,4240,7032860,5937,6116326,212,577662,11261,2797606,243,48377,11522,2852874,0,0,21911,19934.86,16579791,13733808,0
2022-02-03,4197,7037057,5819,6122145,216,577878,11239,2808845,207,48584,11473,2864347,0,0,21706,19174.71,16601497,13744068,0
2022-02-04,4728,7041785,7119,6129264,214,578092,13258,2822103,242,48826,13526,2877873,0,0,25587,18440.14,16627084,13756155,0
2022-02-05,3550,7045335,6083,6135347,109,578201,8609,2830712,159,48985,8783,2886656,0,0,18525,20489.86,16645609,13765912,0
2022-02-06,2045,7047380,2138,6137485,120,578321,4655,2835367,105,49090,4764,2891420,0,0,9068,20382,16654677,13770220,0
2022-02-07,4114,7051494,4751,6142236,205,578526,10156,2845523,238,49328,10419,2901839,0,0,19489,19820,16674166,13779315,0
2022-02-08,4178,7055672,5604,6147840,214,578740,11359,2856882,317,49645,11702,2913541,0,0,21698,19712,16695864,13789337,0
2022-02-09,4102,7059774,5404,6153244,221,578961,11687,2868569,259,49904,11970,2925511,0,0,21697,19681.43,16717561,13799088,0
2022-02-10,3958,7063732,5130,6158374,243,579204,12216,2880785,295,50199,12541,2938052,0,0,21872,19705.14,16739433,13808449,0
2022-02-11,4483,7068215,5808,6164182,195,579399,13759,2894544,328,50527,14120,2952172,0,0,24606,19565,16764039,13818968,0
2022-02-12,3231,7071446,4352,6168534,97,579496,8825,2903369,224,50751,9060,2961232,0,0,16740,19310,16780779,13826659,0
2022-02-13,1508,7072954,1544,6170078,41,579537,4888,2908257,115,50866,5008,2966240,0,0,8101,19171.86,16788880,13829757,0
2022-02-14,2956,7075910,3632,6173710,167,579704,10589,2918846,332,51198,10948,2977188,0,0,17703,18916.71,16806583,13836539,0
2022-02-15,3512,7079422,4075,6177785,174,579878,12806,2931652,294,51492,13116,2990304,0,0,20877,18799.43,16827460,13844316,0
2022-02-16,3609,7083031,3912,6181697,199,580077,15770,2947422,300,51792,16105,3006409,0,0,23825,19103.43,16851285,13852071,0
2022-02-17,3983,7087014,4082,6185779,162,580239,18367,2965789,378,52170,18775,3025184,0,0,27002,19836.29,16878287,13860328,0
2022-02-18,4417,7091431,4797,6190576,190,580429,21562,2987351,470,52640,22055,3047239,0,0,31459,20815.29,16909746,13869755,0
2022-02-19,3229,7094660,2187,6192763,65,580494,11206,2998557,221,52861,11438,3058677,0,0,16919,20840.86,16926665,13875247,0
2022-02-20,1841,7096501,1446,6194209,59,580553,6600,3005157,116,52977,6723,3065400,0,0,10069,21122,16936734,13878600,0
2022-02-21,3069,7099570,2694,6196903,93,580646,8369,3013526,236,53213,8618,3074018,0,0,14474,20660.71,16951208,13884469,0
2022-02-22,4354,7103924,4268,6201171,174,580820,10852,3024378,256,53469,11127,3085145,0,0,19923,20524.43,16971131,13893284,0
2022-02-23,4230,7108154,3791,6204962,145,580965,10695,3035073,243,53712,10955,3096100,0,0,19121,19852.43,16990252,13901467,0
2022-02-24,3778,7111932,3658,6208620,108,581073,10209,3045282,242,53954,10469,3106569,0,0,18013,18568.29,17008265,13909029,0
2022-02-25,3581,7115513,3636,6212256,135,581208,10000,3055282,248,54202,10261,3116830,0,0,17613,16590.29,17025878,13916394,0
2022-02-26,2809,7118322,2593,6214849,73,581281,9531,3064813,163,54365,9703,3126533,0,0,15178,16341.57,17041056,13921878,0
2022-02-27,1759,7120081,1374,6216223,52,581333,6275,3071088,104,54469,6386,3132919,0,0,9571,16270.43,17050627,13925070,0
2022-02-28,3762,7123843,3137,6219360,140,581473,13160,3084248,258,54727,13442,3146361,0,0,20481,17128.57,17071108,13932133,0
2022-03-01,2111,7125954,2632,6221992,103,581576,5195,3089443,189,54916,5391,3151752,0,0,10237,15744.86,17081345,13936986,0
2022-03-02,1822,7127776,2448,6224440,107,581683,4149,3093592,211,55127,4371,3156123,0,0,8748,14263,17090093,13941374,0
2022-03-03,1925,7129701,2565,6227005,106,581789,3808,3097400,171,55298,3993,3160116,0,0,8589,12916.71,17098682,13945984,0
2022-03-04,2110,7131811,2883,6229888,66,581855,4338,3101738,213,55511,4563,3164679,0,0,9622,11775.14,17108304,13951055,0
2022-03-05,1608,7133419,2129,6232017,43,581898,3322,3105060,119,55630,3444,3168123,0,0,7224,10638.86,17115528,13954838,0
2022-03-06,792,7134211,881,6232898,30,581928,1626,3106686,55,55685,1684,3169807,0,0,3387,9755.43,17118915,13956544,0
2022-03-07,1656,7135867,1788,6234686,87,582015,3509,3110195,162,55847,3685,3173492,0,0,7216,7860.43,17126131,13960089,0
2022-03-08,1542,7137409,1898,6236584,81,582096,3129,3113324,155,56002,3296,3176788,0,0,6817,7371.86,17132948,13963622,0
2022-03-09,1260,7138669,1686,6238270,80,582176,2595,3115919,128,56130,2729,3179517,0,0,5755,6944.29,17138703,13966654,0
2022-03-10,1407,7140076,2097,6240367,84,582260,2978,3118897,165,56295,3152,3182669,0,0,6740,6680.14,17145443,13970251,0
2022-03-11,1595,7141671,2279,6242646,81,582341,3217,3122114,190,56485,3425,3186094,0,0,7380,6359.86,17152823,13974224,0
2022-03-12,871,7142542,1421,6244067,42,582383,2013,3124127,74,56559,2090,3188184,0,0,4424,5959.86,17157247,13976561,0
2022-03-13,623,7143165,757,6244824,28,582411,1292,3125419,49,56608,1344,3189528,0,0,2752,5869.14,17159999,13977972,0
2022-03-14,1357,7144522,1615,6246439,84,582495,3001,3128420,209,56817,3232,3192760,0,0,6288,5736.57,17166287,13981050,0
2022-03-15,1355,7145877,1925,6248364,63,582558,3070,3131490,237,57054,3315,3196075,0,0,6658,5713.86,17172945,13984401,0
2022-03-16,1395,7147272,2062,6250426,94,582652,3146,3134636,297,57351,3459,3199534,0,0,7010,5893.14,17179955,13987968,0
2022-03-17,1189,7148461,1810,6252236,71,582723,2766,3137402,269,57620,3049,3202583,0,0,6119,5804.43,17186074,13991052,0
2022-03-18,1577,7150038,2221,6254457,79,582802,3779,3141181,422,58042,4207,3206790,0,0,8084,5905,17194158,13994935,0
2022-03-19,1100,7151138,1737,6256194,54,582856,2608,3143789,231,58273,2844,3209634,0,0,5735,6092.29,17199893,13997831,0
2022-03-20,602,7151740,631,6256825,33,582889,1470,3145259,186,58459,1660,3211294,0,0,2926,6117.14,17202819,13999101,0
2022-03-21,1408,7153148,1561,6258386,73,582962,3064,3148323,363,58822,3448,3214742,0,0,6490,6146,17209309,14002164,0
2022-03-22,1339,7154487,1553,6259939,101,583063,2908,3151231,350,59172,3268,3218010,0,0,6261,6089.29,17215570,14005167,0
2022-03-23,1256,7155743,1359,6261298,66,583129,2927,3154158,375,59547,3312,3221322,0,0,5993,5944,17221563,14007858,0
2022-03-24,1206,7156949,1300,6262598,90,583219,2520,3156678,278,59825,2807,3224129,0,0,5403,5841.71,17226966,14010463,0
2022-03-25,1379,7158328,1638,6264236,62,583281,3271,3159949,385,60210,3669,3227798,0,0,6748,5650.86,17233714,14013555,0
2022-03-26,920,7159248,1170,6265406,36,583317,2310,3162259,256,60466,2574,3230372,0,0,4700,5503,17238414,14015689,0
2022-03-27,575,7159823,527,6265933,29,583346,1313,3163572,205,60671,1520,3231892,0,0,2651,5463.71,17241065,14016822,0
2022-03-28,1070,7160893,1170,6267103,69,583415,2443,3166015,367,61038,2829,3234721,0,0,5138,5270.57,17246203,14019150,0
2022-03-29,1041,7161934,1106,6268209,84,583499,2516,3168531,885,61923,3423,3238144,0,0,5654,5183.86,17251857,14021403,0
2022-03-30,1235,7163169,1139,6269348,99,583598,3065,3171596,3410,65333,6568,3244712,0,0,9041,5619.29,17260898,14023969,0
2022-03-31,1274,7164443,1246,6270594,58,583656,3163,3174759,5538,70871,8840,3253552,0,0,11419,6478.71,17272317,14026687,0
2022-04-01,1420,7165863,1484,6272078,77,583733,3243,3178002,6929,77800,10328,3263880,0,0,13309,7416,17285626,14029824,0
2022-04-02,904,7166767,909,6272987,33,583766,2085,3180087,4543,82343,6724,3270604,0,0,8570,7968.86,17294196,14031766,0
2022-04-03,553,7167320,490,6273477,28,583794,1218,3181305,3063,85406,4344,3274948,0,0,5415,8363.71,17299611,14032900,0
2022-04-04,1344,7168664,1298,6274775,62,583856,2726,3184031,7723,93129,10605,3285553,0,0,13309,9531,17312920,14035760,0
2022-04-05,1288,7169952,1153,6275928,66,583922,2841,3186872,7505,100634,10524,3296077,0,0,13031,10584.86,17325951,14038445,0
2022-04-06,1327,7171279,1174,6277102,61,583983,2628,3189500,6958,107592,9749,3305826,0,0,12311,11052,17338262,14041170,0
2022-04-07,1199,7172478,1058,6278160,57,584040,2379,3191879,6628,114220,9158,3314984,0,0,11472,11059.57,17349734,14043635,0
2022-04-08,1469,7173947,1409,6279569,61,584101,3170,3195049,8792,123012,12162,3327146,0,0,15101,11315.57,17364835,14046774,0
2022-04-09,906,7174853,923,6280492,29,584130,2081,3197130,4963,127975,7130,3334276,0,0,8988,11375.29,17373823,14048718,0
2022-04-10,573,7175426,459,6280951,25,584155,1168,3198298,2903,130878,4134,3338410,0,0,5191,11343.29,17379014,14049838,0
2022-04-11,1302,7176728,1224,6282175,61,584216,2654,3200952,7842,138720,10653,3349063,0,0,13240,11333.43,17392254,14052582,0
2022-04-12,1210,7177938,1051,6283226,73,584289,2512,3203464,7459,146179,10144,3359207,0,0,12478,11254.43,17404732,14055089,0
2022-04-13,1226,7179164,1073,6284299,61,584350,2512,3205976,7552,153731,10217,3369424,0,0,12577,11292.43,17417309,14057602,0
2022-04-14,1259,7180423,1095,6285394,58,584408,2442,3208418,6593,160324,9168,3378592,0,0,11580,11307.86,17428889,14060147,0
2022-04-15,1333,7181756,1092,6286486,53,584461,2552,3210970,6636,166960,9322,3387914,0,0,11800,10836.29,17440689,14062759,0
2022-04-16,853,7182609,652,6287138,34,584495,1641,3212611,3691,170651,5400,3393314,0,0,6939,10543.57,17447628,14064366,0
2022-04-17,345,7182954,201,6287339,27,584522,636,3213247,1159,171810,1819,3395133,0,0,2392,10143.71,17450020,14064963,0
2022-04-18,1375,7184329,1108,6288447,82,584604,2581,3215828,6420,178230,9145,3404278,0,0,11710,9925.14,17461730,14067672,0
2022-04-19,1405,7185734,932,6289379,71,584675,2569,3218397,5770,184000,8442,3412720,0,0,10850,9692.57,17472580,14070183,0
2022-04-20,1294,7187028,1150,6290529,66,584741,2710,3221107,6649,190649,9503,3422223,0,0,12013,9612,17484593,14072837,0
2022-04-21,1223,7188251,1061,6291590,53,584794,2340,3223447,5402,196051,7861,3430084,0,0,10198,9414.57,17494791,14075293,0
2022-04-22,1230,7189481,1038,6292628,46,584840,2238,3225685,5784,201835,8139,3438223,0,0,10453,9222.14,17505244,14077724,0
2022-04-23,709,7190190,752,6293380,59,584899,1427,3227112,3353,205188,4847,3443070,0,0,6367,9140.43,17511611,14079311,0
2022-04-24,445,7190635,344,6293724,27,584926,812,3227924,1844,207032,2690,3445760,0,0,3506,9299.57,17515117,14080161,0
2022-04-25,1036,7191671,917,6294641,64,584990,1850,3229774,5097,212129,7060,3452820,0,0,9078,8923.57,17524195,14082292,0
2022-04-26,946,7192617,857,6295498,76,585066,1749,3231523,4700,216829,6540,3459360,0,0,8419,8576.29,17532614,14084262,0
2022-04-27,1034,7193651,1020,6296518,80,585146,1924,3233447,5218,222047,7264,3466624,0,0,9398,8202.71,17542012,14086518,0
2022-04-28,1080,7194731,985,6297503,50,585196,2008,3235455,4746,226793,6869,3473493,0,0,8985,8029.43,17550997,14088749,0
2022-04-29,1170,7195901,1102,6298605,60,585256,2158,3237613,5436,232229,7713,3481206,0,0,10045,7971.14,17561042,14091200,0
2022-04-30,723,7196624,741,6299346,50,585306,1392,3239005,2967,235196,4408,3485614,0,0,5922,7907.57,17566964,14092763,0
2022-05-01,445,7197069,366,6299712,20,585326,766,3239771,1656,236852,2454,3488068,0,0,3285,7876,17570249,14093626,0
2022-05-02,1042,7198111,791,6300503,52,585378,1673,3241444,3824,240676,5565,3493633,0,0,7450,7643.43,17577699,14095579,0
2022-05-03,1115,7199226,863,6301366,61,585439,1994,3243438,4871,245547,6964,3500597,0,0,9003,7726.86,17586702,14097717,0
2022-05-04,1002,7200228,880,6302246,48,585487,1925,3245363,4679,250226,6697,3507294,0,0,8627,7616.71,17595329,14099740,0
2022-05-05,1069,7201297,951,6303197,86,585573,1931,3247294,4891,255117,6922,3514216,0,0,9028,7622.86,17604357,14101946,0
2022-05-06,1091,7202388,956,6304153,51,585624,1859,3249153,4403,259520,6341,3520557,0,0,8439,7393.43,17612796,14104123,0
2022-05-07,659,7203047,589,6304742,32,585656,1205,3250358,2435,261955,3680,3524237,0,0,4960,7256,17617756,14105443,0
2022-05-08,409,7203456,243,6304985,17,585673,666,3251024,1389,263344,2077,3526314,0,0,2746,7179,17620502,14106134,0
2022-05-09,1075,7204531,946,6305931,60,585733,1891,3252915,4436,267780,6422,3532736,0,0,8503,7329.43,17629005,14108310,0
2022-05-10,1093,7205624,927,6306858,54,585787,1978,3254893,4723,272503,6810,3539546,0,0,8884,7312.43,17637889,14110493,0
2022-05-11,1082,7206706,970,6307828,44,585831,1941,3256834,4839,277342,6887,3546433,0,0,8983,7363.29,17646872,14112696,0
2022-05-12,1098,7207804,950,6308778,60,585891,2002,3258836,4668,282010,6772,3553205,0,0,8880,7342.14,17655752,14114906,0
2022-05-13,1152,7208956,1037,6309815,44,585935,2073,3260909,4810,286820,6977,3560182,0,0,9210,7452.29,17664962,14117233,0
2022-05-14,826,7209782,672,6310487,31,585966,1468,3262377,2965,289785,4475,3564657,0,0,6004,7601.43,17670966,14118804,0
2022-05-15,507,7210289,355,6310842,22,585988,923,3263300,1650,291435,2599,3567256,0,0,3483,7706.71,17674449,14119714,0
2022-05-16,1222,7211511,855,6311697,62,586050,1831,3265131,3870,295305,5766,3573022,0,0,7905,7621.29,17682354,14121918,0
2022-05-17,1281,7212792,931,6312628,79,586129,2046,3267177,4900,300205,7040,3580062,0,0,9331,7685.14,17691685,14124303,0
2022-05-18,1232,7214024,897,6313525,82,586211,2063,3269240,4948,305153,7125,3587187,0,0,9336,7735.57,17701021,14126628,0
2022-05-19,1157,7215181,881,6314406,36,586247,2116,3271356,4733,309886,6935,3594122,0,0,9009,7754,17710030,14128788,0
2022-05-20,1194,7216375,958,6315364,73,586320,2372,3273728,5214,315100,7697,3601819,0,0,9924,7856,17719954,14131126,0
2022-05-21,829,7217204,647,6316011,24,586344,1727,3275455,3313,318413,5101,3606920,0,0,6601,7941.29,17726555,14132687,0
2022-05-22,506,7217710,292,6316303,22,586366,1136,3276591,1839,320252,3010,3609930,0,0,3830,7990.86,17730385,14133542,0
2022-05-23,1215,7218925,885,6317188,52,586418,2189,3278780,4711,324963,7003,3616933,0,0,9155,8169.43,17739540,14135797,0
2022-05-24,1399,7220324,934,6318122,66,586484,2307,3281087,4494,329457,6908,3623841,0,0,9308,8166.14,17748848,14138304,0
2022-05-25,1409,7221733,954,6319076,57,586541,2265,3283352,4278,333735,6646,3630487,0,0,9067,8127.71,17757915,14140828,0
2022-05-26,1164,7222897,888,6319964,60,586601,2274,3285626,4156,337891,6499,3636986,0,0,8612,8071,17766527,14143010,0
2022-05-27,1240,7224137,953,6320917,38,586639,2498,3288124,3926,341817,6504,3643490,0,0,8736,7901.29,17775263,14145322,0
2022-05-28,709,7224846,517,6321434,19,586658,1785,3289909,2067,343884,3893,3647383,0,0,5138,7692.29,17780401,14146608,0
2022-05-29,468,7225314,214,6321648,11,586669,763,3290672,1128,345012,1911,3649294,0,0,2604,7517.14,17783005,14147321,0
2022-05-30,91,7225405,62,6321710,6,586675,138,3290810,144,345156,284,3649578,0,0,443,6272.57,17783448,14147482,0
2022-05-31,1135,7226540,918,6322628,51,586726,1902,3292712,3052,348208,5016,3654594,0,0,7120,5960,17790568,14149648,0
2022-06-01,1151,7227691,851,6323479,63,586789,1969,3294681,3433,351641,5477,3660071,0,0,7542,5742.14,17798110,14151788,0
2022-06-02,1024,7228715,799,6324278,72,586861,1828,3296509,3179,354820,5069,3665140,0,0,6964,5506.71,17805074,14153745,0
2022-06-03,1154,7229869,894,6325172,47,586908,2072,3298581,3496,358316,5638,3670778,0,0,7733,5363.43,17812807,14155910,0
2022-06-04,718,7230587,585,6325757,26,586934,1560,3300141,1908,360224,3504,3674282,0,0,4835,5320.14,17817642,14157277,0
2022-06-05,447,7231034,297,6326054,1,586935,881,3301022,981,361205,1871,3676153,0,0,2616,5321.86,17820258,14158031,0
2022-06-06,1120,7232154,827,6326881,65,587000,1757,3302779,2748,363953,4557,3680710,0,0,6569,6197,17826827,14160095,0
2022-06-07,1017,7233171,773,6327654,70,587070,1794,3304573,2570,366523,4412,3685122,0,0,6273,6076,17833100,14162004,0
2022-06-08,1088,7234259,835,6328489,75,587145,1877,3306450,2753,369276,4695,3689817,0,0,6693,5954.71,17839793,14164067,0
2022-06-09,1133,7235392,841,6329330,62,587207,2230,3308680,2695,371971,4977,3694794,0,0,7013,5961.71,17846806,14166155,0
2022-06-10,1043,7236435,816,6330146,76,587283,1881,3310561,2835,374806,4773,3699567,0,0,6708,5815.29,17853514,14168147,0
2022-06-11,678,7237113,507,6330653,25,587308,1332,3311893,1506,376312,2865,3702432,0,0,4075,5706.71,17857589,14169384,0
2022-06-12,349,7237462,287,6330940,21,587329,876,3312769,775,377087,1661,3704093,0,0,2318,5664.14,17859907,14170051,0
2022-06-13,1026,7238488,767,6331707,62,587391,1585,3314354,2190,379277,3814,3707907,0,0,5670,5535.71,17865577,14171946,0
2022-06-14,971,7239459,833,6332540,65,587456,1694,3316048,2506,381783,4263,3712170,0,0,6132,5515.57,17871709,14173878,0
2022-06-15,968,7240427,865,6333405,39,587495,1666,3317714,2428,384211,4155,3716325,0,0,6027,5420.43,17877736,14175811,0
2022-06-16,957,7241384,778,6334183,59,587554,1837,3319551,2366,386577,4259,3720584,0,0,6053,5283.29,17883789,14177661,0
2022-06-17,897,7242281,797,6334980,48,587602,1772,3321323,2407,388984,4223,3724807,0,0,5966,5177.29,17889755,14179448,0
2022-06-18,651,7242932,524,6335504,26,587628,1287,3322610,1297,390281,2615,3727422,0,0,3816,5140.29,17893571,14180680,0
2022-06-19,345,7243277,231,6335735,16,587644,730,3323340,609,390890,1351,3728773,0,0,1943,5086.71,17895514,14181284,0
2022-06-20,829,7244106,489,6336224,41,587685,1581,3324921,1612,392502,3233,3732006,0,0,4592,4932.71,17900106,14182683,0
2022-06-21,1129,7245235,739,6336963,49,587734,1703,3326624,2143,394645,3904,3735910,0,0,5823,4888.57,17905929,14184660,0
2022-06-22,1957,7247192,837,6337800,47,587781,1710,3328334,1996,396641,3749,3739659,0,0,6590,4969,17912519,14187544,0
2022-06-23,2118,7249310,764,6338564,66,587847,1703,3330037,2158,398799,3913,3743572,0,0,6861,5084.43,17919380,14190544,0
2022-06-24,2167,7251477,761,6339325,48,587895,1626,3331663,2162,400961,3836,3747408,0,0,6812,5205.29,17926192,14193568,0
2022-06-25,2136,7253613,499,6339824,15,587910,1239,3332902,1143,402104,2397,3749805,0,0,5050,5381.57,17931242,14196236,0
2022-06-26,1209,7254822,248,6340072,14,587924,687,3333589,531,402635,1224,3751029,0,0,2695,5489,17933937,14197713,0
2022-06-27,1527,7256349,656,6340728,60,587984,1472,3335061,1658,404293,3170,3754199,0,0,5414,5606.43,17939351,14199997,0
2022-06-28,1685,7258034,829,6341557,57,588041,1869,3336930,2145,406438,4060,3758259,0,0,6631,5721.86,17945982,14202614,0
2022-06-29,1856,7259890,777,6342334,48,588089,1719,3338649,1928,408366,3686,3761945,0,0,6367,5690,17952349,14205334,0
2022-06-30,1865,7261755,807,6343141,46,588135,1736,3340385,2135,410501,3915,3765860,0,0,6633,5657.43,17958982,14208096,0
2022-07-01,1606,7263361,599,6343740,26,588161,1400,3341785,1729,412230,3161,3769021,0,0,5392,5454.57,17964374,14210359,0
2022-07-02,979,7264340,389,6344129,19,588180,843,3342628,940,413170,1801,3770822,0,0,3188,5188.57,17967562,14211764,0
2022-07-03,529,7264869,205,6344334,7,588187,461,3343089,485,413655,950,3771772,0,0,1691,5045.14,17969253,14212509,0
2022-07-04,36,7264905,25,6344359,1,588188,30,3343119,38,413693,68,3771840,0,0,130,4290.29,17969383,14212571,0
2022-07-05,1295,7266200,757,6345116,35,588223,1407,3344526,1739,415432,3177,3775017,0,0,5264,4095,17974647,14214689,0
2022-07-06,1612,7267812,677,6345793,44,588267,1443,3345969,1845,417277,3330,3778347,0,0,5663,3994.43,17980310,14217064,0
2022-07-07,1594,7269406,713,6346506,48,588315,1526,3347495,2001,419278,3566,3781913,0,0,5921,3892.71,17986231,14219458,0
2022-07-08,1633,7271039,651,6347157,37,588352,1476,3348971,1979,421257,3505,3785418,0,0,5827,3954.86,17992058,14221830,0
2022-07-09,985,7272024,436,6347593,26,588378,883,3349854,1347,422604,2261,3787679,0,0,3708,4029.14,17995766,14223308,0
2022-07-10,637,7272661,187,6347780,17,588395,430,3350284,659,423263,1099,3788778,0,0,1940,4064.71,17997706,14224159,0
2022-07-11,1396,7274057,635,6348415,49,588444,1447,3351731,2214,425477,3696,3792474,0,0,5776,4871.29,18003482,14226274,0
2022-07-12,1405,7275462,688,6349103,45,588489,1405,3353136,2515,427992,3994,3796468,0,0,6132,4995.29,18009614,14228486,0
2022-07-13,1615,7277077,725,6349828,37,588526,1524,3354660,2842,430834,4431,3800899,0,0,6808,5158.86,18016422,14230928,0
2022-07-14,1586,7278663,843,6350671,47,588573,1607,3356267,3064,433898,4749,3805648,0,0,7226,5345.29,18023648,14233483,0
2022-07-15,1615,7280278,937,6351608,47,588620,1578,3357845,3059,436957,4698,3810346,0,0,7297,5555.29,18030945,14236143,0
2022-07-16,880,7281158,586,6352194,9,588629,987,3358832,1701,438658,2718,3813064,0,0,4193,5624.57,18035138,14237648,0
2022-07-17,550,7281708,288,6352482,16,588645,527,3359359,1167,439825,1720,3814784,0,0,2574,5715.14,18037712,14238528,0
2022-07-18,1401,7283109,844,6353326,45,588690,1431,3360790,2464,442289,3953,3818737,0,0,6243,5781.86,18043955,14240876,0
2022-07-19,1442,7284551,977,6354303,51,588741,1545,3362335,2803,445092,4440,3823177,0,0,6910,5893,18050865,14243438,0
2022-07-20,1379,7285930,1483,6355786,50,588791,1355,3363690,2396,447488,3813,3826990,0,0,6726,5881.29,18057591,14246413,0
2022-07-21,1333,7287263,1435,6357221,50,588841,1395,3365085,2364,449852,3808,3830798,0,0,6626,5795.57,18064217,14249280,0
2022-07-22,1428,7288691,1570,6358791,42,588883,1563,3366648,2857,452709,4503,3835301,0,0,7543,5830.71,18071760,14252403,0
2022-07-23,908,7289599,1102,6359893,17,588900,999,3367647,1553,454262,2589,3837890,0,0,4616,5891.14,18076376,14254467,0
2022-07-24,483,7290082,642,6360535,14,588914,504,3368151,805,455067,1317,3839207,0,0,2457,5874.43,18078833,14255615,0
2022-07-25,1231,7291313,764,6361299,59,588973,1264,3369415,2065,457132,3382,3842589,0,0,5436,5759.14,18084269,14257722,0
2022-07-26,1233,7292546,1020,6362319,41,589014,1478,3370893,2445,459577,3984,3846573,0,0,6278,5668.86,18090547,14260077,0
2022-07-27,1319,7293865,1278,6363597,42,589056,1392,3372285,2196,461773,3648,3850221,0,0,6288,5606.29,18096835,14262777,0
2022-07-28,1311,7295176,1424,6365021,72,589128,1425,3373710,2217,463990,3692,3853913,0,0,6499,5588.14,18103334,14265634,0
2022-07-29,1318,7296494,1432,6366453,64,589192,1361,3375071,2161,466151,3565,3857478,0,0,6379,5421.86,18109713,14268491,0
2022-07-30,739,7297233,719,6367172,25,589217,796,3375867,961,467112,1780,3859258,0,0,3266,5229,18112979,14270000,0
2022-07-31,422,7297655,590,6367762,14,589231,488,3376355,571,467683,1065,3860323,0,0,2091,5176.71,18115070,14271032,0
2022-08-01,1244,7298899,915,6368677,55,589286,1336,3377691,1511,469194,2892,3863215,0,0,5106,5129.57,18120176,14273291,0
2022-08-02,1229,7300128,1014,6369691,73,589359,1352,3379043,1602,470796,3000,3866215,0,0,5316,4992.14,18125492,14275653,0
2022-08-03,1262,7301390,1191,6370882,41,589400,1344,3380387,1532,472328,2916,3869131,0,0,5410,4866.71,18130902,14278187,0
2022-08-04,1190,7302580,1188,6372070,58,589458,1289,3381676,1460,473788,2780,3871911,0,0,5216,4683.43,18136118,14280654,0
2022-08-05,1314,7303894,1453,6373523,49,589507,1316,3382992,1443,475231,2783,3874694,0,0,5599,4572,18141717,14283494,0
2022-08-06,696,7304590,844,6374367,14,589521,766,3383758,777,476008,1568,3876262,0,0,3123,4551.57,18144840,14285074,0
2022-08-07,390,7304980,454,6374821,14,589535,428,3384186,358,476366,797,3877059,0,0,1655,4489.29,18146495,14285943,0
2022-08-08,1191,7306171,936,6375757,70,589605,1279,3385465,1187,477553,2496,3879555,0,0,4693,4430.29,18151188,14288170,0
2022-08-09,1133,7307304,891,6376648,38,589643,1232,3386697,1162,478715,2427,3881982,0,0,4489,4312.14,18155677,14290265,0
2022-08-10,1222,7308526,1115,6377763,59,589702,1260,3387957,1247,479962,2542,3884524,0,0,4938,4244.71,18160615,14292696,0
2022-08-11,1275,7309801,1072,6378835,84,589786,1212,3389169,1279,481241,2530,3887054,0,0,4961,4208.29,18165576,14295166,0
2022-08-12,1293,7311094,1412,6380247,55,589841,1268,3390437,1249,482490,2549,3889603,0,0,5309,4166.86,18170885,14297958,0
2022-08-13,754,7311848,791,6381038,15,589856,763,3391200,634,483124,1415,3891018,0,0,2975,4145.71,18173860,14299536,0
2022-08-14,467,7312315,477,6381515,20,589876,405,3391605,283,483407,691,3891709,0,0,1655,4145.71,18175515,14300503,0
2022-08-15,1243,7313558,1068,6382583,60,589936,1319,3392924,991,484398,2351,3894060,0,0,4722,4149.86,18180237,14302915,0
2022-08-16,1303,7314861,871,6383454,50,589986,1371,3394295,1079,485477,2482,3896542,0,0,4707,4181,18184944,14305172,0
2022-08-17,1212,7316073,961,6384415,39,590025,1235,3395530,1004,486481,2278,3898820,0,0,4490,4117,18189434,14307423,0
2022-08-18,1169,7317242,945,6385360,45,590070,1268,3396798,949,487430,2242,3901062,0,0,4401,4037,18193835,14309607,0
2022-08-19,1254,7318496,1136,6386496,34,590104,1120,3397918,980,488410,2130,3903192,0,0,4554,3929.14,18198389,14312061,0
2022-08-20,590,7319086,492,6386988,16,590120,636,3398554,517,488927,1166,3904358,0,0,2264,3827.57,18200653,14313172,0
2022-08-21,358,7319444,243,6387231,9,590129,383,3398937,267,489194,653,3905011,0,0,1263,3771.57,18201916,14313785,0
2022-08-22,1221,7320665,923,6388154,40,590169,1237,3400174,889,490083,2153,3907164,0,0,4337,3716.57,18206253,14315996,0
2022-08-23,1236,7321901,1049,6389203,48,590217,1385,3401559,962,491045,2375,3909539,0,0,4709,3716.86,18210962,14318358,0
2022-08-24,1265,7323166,1017,6390220,29,590246,1296,3402855,822,491867,2143,3911682,0,0,4455,3711.86,18215417,14320695,0
2022-08-25,1220,7324386,994,6391214,66,590312,1195,3404050,813,492680,2024,3913706,0,0,4304,3698,18219721,14322991,0
2022-08-26,1187,7325573,1178,6392392,56,590368,1193,3405243,781,493461,1996,3915702,0,0,4417,3678.43,18224138,14325434,0
2022-08-27,694,7326267,542,6392934,14,590382,685,3405928,404,493865,1102,3916804,0,0,2352,3691,18226490,14326697,0
2022-08-28,378,7326645,240,6393174,10,590392,442,3406370,228,494093,673,3917477,0,0,1301,3696.43,18227791,14327328,0
2022-08-29,1253,7327898,982,6394156,41,590433,1231,3407601,690,494783,1942,3919419,0,0,4219,3679.57,18232010,14329626,0
2022-08-30,1268,7329166,942,6395098,36,590469,1273,3408874,767,495550,2070,3921489,0,0,4316,3623.43,18236326,14331902,0
2022-08-31,1154,7330320,1014,6396112,42,590511,1109,3409983,574,496124,1703,3923192,0,0,3914,3546.14,18240240,14334133,0
2022-09-01,1028,7331348,963,6397075,51,590562,810,3410793,457,496581,1281,3924473,0,0,3324,3406.14,18243564,14336190,0
2022-09-02,977,7332325,1024,6398099,32,590594,594,3411387,176,496757,777,3925250,92,92,2887,3187.57,18246451,14338215,0
2022-09-03,531,7332856,450,6398549,12,590606,372,3411759,50,496807,426,3925676,314,406,1684,3092.14,18248135,14339163,0
2022-09-04,252,7333108,211,6398760,10,590616,189,3411948,26,496833,217,3925893,312,718,959,3043.29,18249094,14339595,0
2022-09-05,78,7333186,71,6398831,7,590623,44,3411992,16,496849,61,3925954,9,727,226,2472.86,18249320,14339752,0
2022-09-06,1128,7334314,1228,6400059,51,590674,639,3412631,130,496979,778,3926732,1269,1996,4236,2461.43,18253556,14341950,0
2022-09-07,1471,7335785,1380,6401439,38,590712,487,3413118,156,497135,663,3927395,6444,8440,9120,3205.14,18262676,14343983,0
2022-09-08,1525,7337310,1197,6402636,36,590748,254,3413372,110,497245,380,3927775,7829,16269,9847,4137,18272523,14345637,0
2022-09-09,1548,7338858,1609,6404245,49,590797,286,3413658,123,497368,440,3928215,9890,26159,12375,5492.43,18284898,14347713,0
2022-09-10,843,7339701,839,6405084,12,590809,271,3413929,45,497413,329,3928544,5319,31478,6761,6217.71,18291659,14348839,0
2022-09-11,495,7340196,438,6405522,11,590820,86,3414015,30,497443,125,3928669,3941,35419,4529,6727.71,18296188,14349311,0
2022-09-12,1669,7341865,1435,6406957,39,590859,206,3414221,92,497535,332,3929001,11659,47078,13541,8629.86,18309729,14350895,0
2022-09-13,1397,7343262,1271,6408228,33,590892,221,3414442,118,497653,388,3929389,9734,56812,11739,9701.71,18321468,14352561,0
2022-09-14,1406,7344668,1269,6409497,32,590924,224,3414666,126,497779,389,3929778,11030,67842,13078,10267.14,18334546,14354259,0
2022-09-15,1557,7346225,1279,6410776,23,590947,227,3414893,109,497888,371,3930149,12084,79926,14108,10875.86,18348654,14355947,0
2022-09-16,1686,7347911,1626,6412402,27,590974,270,3415163,157,498045,482,3930631,13804,93730,16267,11431.86,18364921,14357983,0
2022-09-17,800,7348711,865,6413267,12,590986,275,3415438,78,498123,376,3931007,7003,100733,8412,11667.71,18373333,14359039,0
2022-09-18,518,7349229,410,6413677,7,590993,74,3415512,26,498149,113,3931120,4485,105218,4977,11731.71,18378310,14359431,0
2022-09-19,1550,7350779,1319,6414996,29,591022,229,3415741,98,498247,353,3931473,13813,119031,15517,12014,18393827,14360808,0
2022-09-20,1437,7352216,1251,6416247,27,591049,222,3415963,92,498339,360,3931833,13212,132243,15015,12482,18408842,14362297,0
2022-09-21,1666,7353882,1351,6417598,31,591080,261,3416224,131,498470,426,3932259,14941,147184,16850,13020.86,18425692,14363814,0
2022-09-22,1469,7355351,1260,6418858,28,591108,174,3416398,138,498608,357,3932616,13229,160413,15048,13155.14,18440740,14365321,0
2022-09-23,1730,7357081,1649,6420507,24,591132,252,3416650,145,498753,460,3933076,16948,177361,19249,13581.14,18459989,14367225,0
2022-09-24,801,7357882,888,6421395,8,591140,272,3416922,68,498821,359,3933435,7510,184871,8860,13645.14,18468849,14368235,0
2022-09-25,484,7358366,391,6421786,1,591141,72,3416994,47,498868,128,3933563,4508,189379,4995,13647.71,18473844,14368603,0
2022-09-26,1566,7359932,1244,6423030,16,591157,290,3417284,144,499012,492,3934055,15012,204391,16711,13818.29,18490555,14369868,0
2022-09-27,1528,7361460,1309,6424339,26,591183,283,3417567,172,499184,491,3934546,14158,218549,16150,13980.43,18506705,14371405,0
2022-09-28,1618,7363078,1292,6425631,18,591201,190,3417757,186,499370,430,3934976,15509,234058,17286,14042.71,18523991,14372806,0
2022-09-29,1670,7364748,1302,6426933,19,591220,178,3417935,96,499466,311,3935287,15376,249434,17226,14353.86,18541217,14374382,0
2022-09-30,1632,7366380,1547,6428480,13,591233,182,3418117,177,499643,405,3935692,16486,265920,18654,14268.86,18559871,14376191,0
2022-10-01,718,7367098,669,6429149,5,591238,138,3418255,34,499677,181,3935873,7053,272973,7942,14137.71,18567813,14376908,0
2022-10-02,511,7367609,427,6429576,5,591243,49,3418304,45,499722,108,3935981,4428,277401,4839,14115.43,18572652,14377225,0
2022-10-03,1550,7369159,1187,6430763,23,591266,156,3418460,113,499835,316,3936297,14571,291972,15975,14010.29,18588627,14378360,0
2022-10-04,1378,7370537,1153,6431916,15,591281,150,3418610,121,499956,299,3936596,13403,305375,14798,13817.14,18603425,14379484,0
2022-10-05,1587,7372124,1284,6433200,17,591298,284,3418894,163,500119,501,3937097,14867,320242,16692,13732.29,18620117,14380862,0
2022-10-06,1485,7373609,1246,6434446,19,591317,166,3419060,159,500278,384,3937481,14956,335198,16618,13645.43,18636735,14382199,0
2022-10-07,1655,7375264,1427,6435873,15,591332,171,3419231,136,500414,368,3937849,17112,352310,19075,13705.57,18655810,14383855,0
2022-10-08,760,7376024,680,6436553,4,591336,146,3419377,62,500476,225,3938074,7714,360024,8643,13805.71,18664453,14384576,0
2022-10-09,485,7376509,408,6436961,5,591341,47,3419424,55,500531,120,3938194,4695,364719,5120,13845.86,18669573,14384899,0
2022-10-10,1543,7378052,1253,6438214,14,591355,174,3419598,120,500651,333,3938527,15203,379922,16507,13921.86,18686080,14385909,0
2022-10-11,1632,7379684,1102,6439316,19,591374,181,3419779,153,500804,390,3938917,14321,394243,15855,14072.86,18701935,14387109,0
2022-10-12,1862,7381546,1326,6440642,17,591391,135,3419914,186,500990,387,3939304,16282,410525,17890,14244,18719825,14388396,0
2022-10-13,1612,7383158,1149,6441791,28,591419,136,3420050,201,501191,408,3939712,14036,424561,15574,14094.86,18735399,14389597,0
2022-10-14,1811,7384969,1539,6443330,25,591444,130,3420180,181,501372,364,3940076,17209,441770,19193,14111.71,18754592,14391270,0
2022-10-15,763,7385732,639,6443969,9,591453,93,3420273,68,501440,182,3940258,7617,449387,8477,14088,18763069,14391969,0
2022-10-16,562,7386294,411,6444380,3,591456,26,3420299,65,501505,122,3940380,4727,454114,5170,14095.14,18768239,14392321,0
2022-10-17,1814,7388108,1252,6445632,18,591474,83,3420382,116,501621,236,3940616,16074,470188,17396,14222.14,18785635,14393444,0
2022-10-18,1682,7389790,1172,6446804,20,591494,100,3420482,135,501756,282,3940898,14639,484827,16011,14244.43,18801646,14394581,0
2022-10-19,2084,7391874,1331,6448135,21,591515,84,3420566,142,501898,289,3941187,16232,501059,17705,14218,18819351,14395828,0
2022-10-20,1682,7393556,1166,6449301,11,591526,89,3420655,147,502045,303,3941490,15404,516463,16853,14400.71,18836204,14397041,0
2022-10-21,1800,7395356,1345,6450646,12,591538,92,3420747,150,502195,297,3941787,16737,533200,18409,14288.71,18854613,14398471,0
2022-10-22,740,7396096,666,6451312,9,591547,44,3420791,46,502241,100,3941887,7690,540890,8419,14280.43,18863032,14399110,0
2022-10-23,520,7396616,370,6451682,3,591550,21,3420812,39,502280,69,3941956,4804,545694,5081,14267.71,18868113,14399327,0
2022-10-24,1738,7398354,1208,6452890,19,591569,70,3420882,111,502391,223,3942179,15558,561252,16843,14188.71,18884956,14400431,0
2022-10-25,1658,7400012,1186,6454076,12,591581,95,3420977,109,502500,233,3942412,15039,576291,16344,14236.29,18901300,14401532,0
2022-10-26,1852,7401864,1333,6455409,11,591592,90,3421067,168,502668,334,3942746,16818,593109,18290,14319.86,18919590,14402746,0
2022-10-27,1578,7403442,1075,6456484,13,591605,91,3421158,127,502795,271,3943017,15116,608225,16415,14257.29,18936005,14403827,0
2022-10-28,1697,7405139,1426,6457910,17,591622,108,3421266,153,502948,320,3943337,16763,624988,18579,14281.57,18954584,14405382,0
2022-10-29,693,7405832,544,6458454,9,591631,69,3421335,58,503006,141,3943478,7747,632735,8417,14281.29,18963001,14405925,0
2022-10-30,518,7406350,306,6458760,3,591634,19,3421354,57,503063,92,3943570,4491,637226,4779,14238.14,18967780,14406137,0
2022-10-31,1674,7408024,1108,6459868,8,591642,48,3421402,126,503189,217,3943787,14595,651821,15541,14052.14,18983321,14406909,0
2022-11-01,1664,7409688,1022,6460890,18,591660,78,3421480,128,503317,238,3944025,13621,665442,14940,13851.57,18998261,14408022,0
2022-11-02,1731,7411419,1119,6462009,17,591677,90,3421570,123,503440,255,3944280,14874,680316,16146,13545.29,19014407,14409081,0
2022-11-03,1417,7412836,1034,6463043,14,591691,84,3421654,167,503607,328,3944608,12623,692939,13904,13186.57,19028311,14410111,0
2022-11-04,1735,7414571,1215,6464258,14,591705,101,3421755,139,503746,275,3944883,15431,708370,17029,12965.14,19045340,14411469,0
2022-11-05,825,7415396,529,6464787,6,591711,66,3421821,82,503828,162,3945045,7046,715416,7759,12871.14,19053099,14412034,0
2022-11-06,406,7415802,329,6465116,4,591715,20,3421841,50,503878,107,3945152,4072,719488,4412,12818.71,19057511,14412304,0
2022-11-07,1638,7417440,1064,6466180,14,591729,75,3421916,101,503979,213,3945365,13222,732710,14384,12653.43,19071895,14413290,0
2022-11-08,1528,7418968,1007,6467187,8,591737,97,3422013,132,504111,270,3945635,12069,744779,13334,12424,19085229,14414326,0
2022-11-09,1565,7420533,1058,6468245,9,591746,86,3422099,114,504225,247,3945882,12190,756969,13455,12039.57,19098684,14415391,0
2022-11-10,1483,7422016,1013,6469258,14,591760,73,3422172,147,504372,276,3946158,12354,769323,13630,12000.43,19112314,14416447,0
2022-11-11,1500,7423516,1072,6470330,11,591771,101,3422273,102,504474,224,3946382,12878,782201,14304,11611.14,19126618,14417670,0
2022-11-12,669,7424185,512,6470842,2,591773,57,3422330,61,504535,128,3946510,6430,788631,7049,11509.71,19133667,14418171,0
2022-11-13,495,7424680,339,6471181,4,591777,15,3422345,68,504603,98,3946608,3893,792524,4210,11480.86,19137877,14418405,0
2022-11-14,1440,7426120,1024,6472205,19,591796,59,3422404,113,504716,203,3946811,11630,804154,12745,11246.71,19150622,14419348,0
2022-11-15,1492,7427612,1000,6473205,15,591811,103,3422507,165,504881,294,3947105,11275,815429,12657,11150,19163279,14420462,0
2022-11-16,1595,7429207,1032,6474237,21,591832,66,3422573,146,505027,248,3947353,11562,826991,12810,11057.86,19176089,14421498,0
2022-11-17,1420,7430627,977,6475214,10,591842,72,3422645,189,505216,302,3947655,10538,837529,11868,10806.14,19187957,14422567,0
2022-11-18,1580,7432207,1102,6476316,12,591854,68,3422713,118,505334,216,3947871,12402,849931,13993,10761.71,19201950,14423972,0
2022-11-19,677,7432884,436,6476752,4,591858,57,3422770,63,505397,129,3948000,5912,855843,6569,10693.14,19208519,14424509,0
2022-11-20,475,7433359,303,6477055,4,591862,12,3422782,35,505432,64,3948064,3539,859382,3839,10640.14,19212358,14424762,0
2022-11-21,1516,7434875,920,6477975,4,591866,51,3422833,81,505513,149,3948213,10391,869773,11369,10443.57,19223727,14425608,0
2022-11-22,1270,7436145,816,6478791,7,591873,53,3422886,92,505605,163,3948376,9266,879039,10294,10106,19234021,14426491,0
2022-11-23,1286,7437431,733,6479524,11,591884,64,3422950,80,505685,170,3948546,8673,887712,9612,9649.14,19243633,14427286,0
2022-11-24,18,7437449,10,6479534,2,591886,0,3422950,6,505691,8,3948554,112,887824,137,7973.29,19243770,14427305,0
2022-11-25,680,7438129,476,6480010,14,591900,37,3422987,55,505746,111,3948665,5682,893506,6421,6891.57,19250191,14427952,0
2022-11-26,591,7438720,378,6480388,2,591902,15,3423002,43,505789,62,3948727,4897,898403,5332,6714.86,19255523,14428329,0
2022-11-27,395,7439115,219,6480607,1,591903,11,3423013,23,505812,49,3948776,3175,901578,3357,6646,19258880,14428477,0
2022-11-28,947,7440062,698,6481305,10,591913,59,3423072,65,505877,145,3948921,6950,908528,7918,6153,19266798,14429321,0
2022-11-29,925,7440987,709,6482014,8,591921,46,3423118,72,505949,143,3949064,6928,915456,7965,5820.29,19274763,14430240,0
2022-11-30,1207,7442194,867,6482881,16,591937,51,3423169,54,506003,124,3949188,8726,924182,9735,5837.86,19284498,14431144,0
2022-12-01,1128,7443322,771,6483652,13,591950,61,3423230,96,506099,183,3949371,8469,932651,9542,7181.43,19294040,14432060,0
2022-12-02,1314,7444636,971,6484623,14,591964,70,3423300,104,506203,195,3949566,10218,942869,11545,7913.43,19305585,14433213,0
2022-12-03,613,7445249,424,6485047,12,591976,42,3423342,42,506245,87,3949653,4952,947821,5479,7934.43,19311064,14433656,0
2022-12-04,417,7445666,284,6485331,4,591980,7,3423349,26,506271,40,3949693,3269,951090,3496,7954.29,19314560,14433850,0
2022-12-05,1161,7446827,765,6486096,15,591995,62,3423411,71,506342,149,3949842,8601,959691,9611,8196.14,19324171,14434727,0
2022-12-06,1162,7447989,766,6486862,13,592008,69,3423480,89,506431,176,3950018,8130,967821,9129,8362.43,19333300,14435568,0
2022-12-07,1206,7449195,753,6487615,12,592020,62,3423542,81,506512,163,3950181,8297,976118,9315,8302.43,19342615,14436443,0
2022-12-08,1102,7450297,742,6488357,14,592034,69,3423611,77,506589,166,3950347,8673,984791,9704,8325.57,19352319,14437328,0
2022-12-09,1227,7451524,972,6489329,13,592047,81,3423692,103,506692,210,3950557,10407,995198,11773,8358.14,19364092,14438510,0
2022-12-10,678,7452202,460,6489789,7,592054,36,3423728,74,506766,128,3950685,6145,1001343,6714,8534.57,19370806,14438969,0
2022-12-11,431,7452633,263,6490052,4,592058,11,3423739,35,506801,56,3950741,3686,1005029,3888,8590.57,19374694,14439125,0
2022-12-12,1332,7453965,803,6490855,19,592077,78,3423817,105,506906,209,3950950,9969,1014998,11017,8791.43,19385711,14439990,0
2022-12-13,1273,7455238,843,6491698,17,592094,54,3423871,101,507007,190,3951140,9695,1024693,10753,9023.43,19396464,14440893,0
2022-12-14,1194,7456432,832,6492530,12,592106,67,3423938,99,507106,193,3951333,9636,1034329,10618,9209.57,19407082,14441709,0
2022-12-15,1192,7457624,693,6493223,11,592117,61,3423999,109,507215,185,3951518,8444,1042773,9414,9168.14,19416496,14442509,0
2022-12-16,1202,7458826,804,6494027,12,592129,69,3424068,126,507341,217,3951735,9358,1052131,10533,8991,19427029,14443489,0
2022-12-17,651,7459477,464,6494491,8,592137,31,3424099,36,507377,80,3951815,5831,1057962,6305,8932.57,19433334,14443896,0
2022-12-18,439,7459916,231,6494722,2,592139,15,3424114,23,507400,48,3951863,3402,1061364,3609,8892.71,19436943,14444065,0
2022-12-19,1222,7461138,775,6495497,8,592147,56,3424170,84,507484,154,3952017,8906,1070270,9842,8724.86,19446785,14444861,0
2022-12-20,1207,7462345,761,6496258,18,592165,83,3424253,138,507622,277,3952294,8584,1078854,9717,8576.86,19456502,14445773,0
2022-12-21,1090,7463435,695,6496953,16,592181,54,3424307,95,507717,180,3952474,8282,1087136,9158,8368.29,19465660,14446500,0
2022-12-22,987,7464422,589,6497542,4,592185,44,3424351,73,507790,134,3952608,6940,1094076,7674,8119.71,19473334,14447117,0
2022-12-23,832,7465254,503,6498045,11,592196,41,3424392,58,507848,112,3952720,5915,1099991,6521,7546.57,19479855,14447624,0
2022-12-24,190,7465444,113,6498158,1,592197,2,3424394,15,507863,20,3952740,1377,1101368,1496,6859.57,19481351,14447726,0
2022-12-25,8,7465452,3,6498161,0,592197,2,3424396,0,507863,2,3952742,29,1101397,37,6349.29,19481388,14447732,0
2022-12-26,573,7466025,269,6498430,16,592213,19,3424415,22,507885,44,3952786,3306,1104703,3618,5460.14,19485006,14448003,0
2022-12-27,1084,7467109,607,6499037,13,592226,56,3424471,60,507945,125,3952911,7236,1111939,8036,5220,19493042,14448687,0
2022-12-28,1062,7468171,562,6499599,8,592234,58,3424529,64,508009,132,3953043,6989,1118928,7785,5023.86,19500827,14449361,0
2022-12-29,1009,7469180,587,6500186,9,592243,50,3424579,90,508099,163,3953206,6592,1125520,7425,4988.29,19508252,14450054,0
2022-12-30,950,7470130,539,6500725,9,592252,49,3424628,51,508150,110,3953316,6132,1131652,6860,5036.71,19515112,14450682,0
2022-12-31,307,7470437,168,6500893,4,592256,17,3424645,10,508160,30,3953346,1813,1133465,1991,5107.43,19517103,14450833,0
2023-01-01,22,7470459,9,6500902,0,592256,3,3424648,5,508165,8,3953354,59,1133524,89,5114.86,19517192,14450855,0
2023-01-02,654,7471113,329,6501231,10,592266,14,3424662,24,508189,44,3953398,3655,1137179,4003,5169.86,19521195,14451165,0
2023-01-03,968,7472081,594,6501825,9,592275,42,3424704,58,508247,112,3953510,5480,1142659,6271,4917.71,19527466,14451856,0
2023-01-04,1109,7473190,677,6502502,17,592292,52,3424756,63,508310,133,3953643,6180,1148839,7063,4814.57,19534529,14452624,0
2023-01-05,1009,7474199,590,6503092,23,592315,36,3424792,89,508399,144,3953787,5769,1154608,6702,4711.29,19541231,14453432,0
2023-01-06,1053,7475252,779,6503871,17,592332,49,3424841,81,508480,141,3953928,6500,1161108,7552,4810.14,19548783,14454354,0
2023-01-07,601,7475853,430,6504301,8,592340,23,3424864,34,508514,63,3953991,4454,1165562,4914,5227.71,19553697,14454757,0
2023-01-08,376,7476229,246,6504547,4,592344,12,3424876,29,508543,45,3954036,2561,1168123,2771,5610.86,19556468,14454926,0
2023-01-09,955,7477184,582,6505129,17,592361,52,3424928,41,508584,102,3954138,5607,1173730,6452,5960.71,19562920,14455678,0
2023-01-10,860,7478044,645,6505774,8,592369,49,3424977,85,508669,151,3954289,5342,1179072,6253,5958.14,19569173,14456455,0
2023-01-11,880,7478924,550,6506324,21,592390,46,3425023,68,508737,137,3954426,5166,1184238,5980,5803.43,19575153,14457155,0
2023-01-12,778,7479702,494,6506818,24,592414,54,3425077,121,508858,198,3954624,4535,1188773,5481,5629,19580634,14457926,0
2023-01-13,801,7480503,557,6507375,11,592425,69,3425146,58,508916,143,3954767,5377,1194150,6267,5445.43,19586901,14458689,0
2023-01-14,510,7481013,280,6507655,10,592435,27,3425173,31,508947,60,3954827,3230,1197380,3635,5262.71,19590536,14459036,0
2023-01-15,286,7481299,152,6507807,6,592441,16,3425189,23,508970,54,3954881,1793,1199173,1999,5152.43,19592535,14459203,0
2023-01-16,500,7481799,308,6508115,11,592452,32,3425221,27,508997,64,3954945,2776,1201949,3213,4689.71,19595748,14459581,0
2023-01-17,804,7482603,476,6508591,19,592471,49,3425270,73,509070,135,3955080,3833,1205782,4701,4468,19600449,14460327,0
2023-01-18,802,7483405,478,6509069,16,592487,48,3425318,60,509130,116,3955196,3734,1209516,4542,4262.57,19604991,14461027,0
2023-01-19,658,7484063,430,6509499,6,592493,50,3425368,34,509164,103,3955299,3170,1212686,3917,4039.14,19608908,14461690,0
2023-01-20,708,7484771,489,6509988,23,592516,40,3425408,39,509203,86,3955385,3746,1216432,4533,3791.43,19613441,14462398,0
2023-01-21,370,7485141,197,6510185,12,592528,20,3425428,12,509215,33,3955418,1894,1218326,2206,3587.29,19615647,14462678,0
2023-01-22,226,7485367,62,6510247,5,592533,0,3425428,2,509217,3,3955421,864,1219190,970,3440.29,19616617,14462782,0
2023-01-23,642,7486009,329,6510576,12,592545,14,3425442,45,509262,66,3955487,2707,1221897,3370,3462.71,19619987,14463386,0
2023-01-24,576,7486585,393,6510969,17,592562,38,3425480,34,509296,85,3955572,3059,1224956,3711,3321.29,19623698,14463966,0
2023-01-25,601,7487186,365,6511334,21,592583,32,3425512,41,509337,85,3955657,2707,1227663,3385,3156,19627083,14464571,0
2023-01-26,557,7487743,353,6511687,18,592601,35,3425547,51,509388,102,3955759,2696,1230359,3359,3076.29,19630442,14465148,0
2023-01-27,566,7488309,437,6512124,11,592612,35,3425582,49,509437,91,3955850,2822,1233181,3560,2937.29,19634002,14465802,0
2023-01-28,360,7488669,187,6512311,5,592617,24,3425606,39,509476,70,3955920,1589,1234770,1928,2897.57,19635930,14466078,0
2023-01-29,237,7488906,117,6512428,3,592620,13,3425619,10,509486,27,3955947,991,1235761,1144,2922.43,19637074,14466208,0
2023-01-30,600,7489506,401,6512829,18,592638,40,3425659,36,509522,79,3956026,2504,1238265,3227,2902,19640301,14466855,0
2023-01-31,512,7490018,356,6513185,12,592650,31,3425690,49,509571,92,3956118,2439,1240704,3070,2810.43,19643371,14467406,0
2023-02-01,485,7490503,341,6513526,16,592666,40,3425730,44,509615,92,3956210,2327,1243031,2975,2751.86,19646346,14467970,0
2023-02-02,461,7490964,351,6513877,13,592679,34,3425764,35,509650,77,3956287,2157,1245188,2780,2669.14,19649126,14468524,0
2023-02-03,543,7491507,394,6514271,14,592693,27,3425791,35,509685,69,3956356,2364,1247552,3069,2599,19652195,14469167,0
2023-02-04,243,7491750,158,6514429,12,592705,14,3425805,16,509701,31,3956387,1141,1248693,1404,2524.14,19653599,14469400,0
2023-02-05,201,7491951,97,6514526,0,592705,3,3425808,16,509717,21,3956408,855,1249548,975,2500,19654574,14469501,0
2023-02-06,598,7492549,317,6514843,9,592714,29,3425837,27,509744,65,3956473,2253,1251801,2834,2443.86,19657408,14470026,0
2023-02-07,481,7493030,362,6515205,5,592719,28,3425865,35,509779,71,3956544,2337,1254138,2938,2425,19660346,14470564,0
2023-02-08,456,7493486,322,6515527,4,592723,27,3425892,36,509815,69,3956613,2317,1256455,2883,2411.86,19663229,14471067,0
2023-02-09,475,7493961,350,6515877,3,592726,38,3425930,46,509861,98,3956711,2058,1258513,2713,2402.29,19665942,14471638,0
2023-02-10,495,7494456,391,6516268,2,592728,30,3425960,33,509894,87,3956798,2278,1260791,2969,2388,19668911,14472266,0
2023-02-11,294,7494750,198,6516466,7,592735,22,3425982,25,509919,48,3956846,1346,1262137,1665,2425.29,19670576,14472538,0
2023-02-12,184,7494934,81,6516547,0,592735,6,3425988,0,509919,10,3956856,707,1262844,820,2403.14,19671396,14472645,0
2023-02-13,444,7495378,293,6516840,4,592739,21,3426009,26,509945,51,3956907,1758,1264602,2322,2330,19673718,14473162,0
2023-02-14,401,7495779,274,6517114,6,592745,30,3426039,22,509967,57,3956964,1696,1266298,2229,2228.71,19675947,14473643,0
2023-02-15,405,7496184,290,6517404,10,592755,24,3426063,28,509995,64,3957028,1746,1268044,2264,2140.29,19678211,14474109,0
2023-02-16,361,7496545,243,6517647,6,592761,26,3426089,19,510014,50,3957078,1629,1269673,2106,2053.57,19680317,14474541,0
2023-02-17,398,7496943,312,6517959,6,592767,24,3426113,32,510046,63,3957141,1696,1271369,2267,1953.29,19682584,14475056,0
2023-02-18,198,7497141,119,6518078,5,592772,13,3426126,4,510050,18,3957159,1005,1272374,1192,1885.71,19683776,14475226,0
2023-02-19,120,7497261,55,6518133,2,592774,6,3426132,6,510056,14,3957173,540,1272914,611,1855.86,19684387,14475285,0
2023-02-20,315,7497576,160,6518293,3,592777,10,3426142,17,510073,28,3957201,1160,1274074,1426,1727.86,19685813,14475524,0
2023-02-21,379,7497955,286,6518579,5,592782,25,3426167,34,510107,64,3957265,1535,1275609,2074,1705.71,19687887,14476004,0
2023-02-22,407,7498362,278,6518857,8,592790,39,3426206,26,510133,69,3957334,1641,1277250,2182,1694,19690069,14476480,0
2023-02-23,388,7498750,252,6519109,10,592800,26,3426232,31,510164,71,3957405,1480,1278730,2025,1682.43,19692094,14476968,0
2023-02-24,365,7499115,325,6519434,4,592804,30,3426262,26,510190,63,3957468,1738,1280468,2298,1686.86,19694392,14477472,0
2023-02-25,163,7499278,123,6519557,2,592806,10,3426272,13,510203,25,3957493,778,1281246,974,1655.71,19695366,14477645,0
2023-02-26,92,7499370,49,6519606,0,592806,8,3426280,5,510208,17,3957510,472,1281718,539,1645.43,19695905,14477699,0
2023-02-27,376,7499746,301,6519907,4,592810,32,3426312,20,510228,55,3957565,1497,1283215,2018,1730,19697923,14478168,0
2023-02-28,356,7500102,240,6520147,8,592818,30,3426342,27,510255,62,3957627,1335,1284550,1818,1693.43,19699741,14478594,0
2023-03-01,386,7500488,292,6520439,7,592825,26,3426368,20,510275,52,3957679,1445,1285995,1985,1665.29,19701726,14479088,0
2023-03-02,376,7500864,295,6520734,11,592836,20,3426388,23,510298,50,3957729,1332,1287327,1879,1644.43,19703605,14479592,0
2023-03-03,404,7501268,318,6521052,10,592846,26,3426414,25,510323,58,3957787,1601,1288928,2196,1629.86,19705801,14480136,0
2023-03-04,199,7501467,123,6521175,4,592850,10,3426424,16,510339,28,3957815,799,1289727,1033,1638.29,19706834,14480344,0
2023-03-05,125,7501592,60,6521235,2,592852,4,3426428,6,510345,14,3957829,464,1290191,558,1641,19707392,14480428,0
2023-03-06,408,7502000,263,6521498,12,592864,22,3426450,16,510361,41,3957870,1385,1291576,1894,1623.29,19709286,14480899,0
2023-03-07,361,7502361,246,6521744,6,592870,22,3426472,30,510391,61,3957931,1306,1292882,1773,1616.86,19711059,14481314,0
2023-03-08,370,7502731,244,6521988,3,592873,35,3426507,30,510421,69,3958000,1355,1294237,1851,1597.71,19712910,14481745,0
2023-03-09,361,7503092,245,6522233,4,592877,16,3426523,24,510445,46,3958046,1266,1295503,1754,1579.86,19714664,14482193,0
2023-03-10,303,7503395,283,6522516,3,592880,10,3426533,20,510465,38,3958084,1397,1296900,1853,1530.86,19716517,14482619,0
2023-03-11,187,7503582,88,6522604,3,592883,18,3426551,4,510469,23,3958107,687,1297587,872,1507.86,19717389,14482782,0
2023-03-12,109,7503691,47,6522651,1,592884,4,3426555,7,510476,17,3958124,435,1298022,517,1502,19717906,14482853,0
2023-03-13,333,7504024,201,6522852,7,592891,11,3426566,13,510489,25,3958149,1130,1299152,1525,1449.29,19719431,14483224,0
2023-03-14,286,7504310,184,6523036,5,592896,15,3426581,11,510500,32,3958181,1065,1300217,1419,1398.71,19720850,14483552,0
2023-03-15,331,7504641,271,6523307,3,592899,9,3426590,13,510513,23,3958204,1231,1301448,1683,1374.71,19722533,14483982,0
2023-03-16,302,7504943,246,6523553,9,592908,14,3426604,15,510528,35,3958239,1167,1302615,1595,1352,19724128,14484381,0
2023-03-17,327,7505270,266,6523819,5,592913,20,3426624,8,510536,29,3958268,1278,1303893,1710,1331.57,19725838,14484785,0
2023-03-18,159,7505429,100,6523919,2,592915,8,3426632,5,510541,14,3958282,672,1304565,841,1327.14,19726679,14484941,0
2023-03-19,114,7505543,56,6523975,1,592916,3,3426635,3,510544,9,3958291,366,1304931,451,1317.71,19727130,14485020,0
2023-03-20,344,7505887,214,6524189,7,592923,29,3426664,15,510559,45,3958336,1219,1306150,1618,1331,19728748,14485375,0
2023-03-21,343,7506230,190,6524379,7,592930,23,3426687,18,510577,43,3958379,1127,1307277,1535,1347.57,19730283,14485742,0
2023-03-22,315,7506545,227,6524606,6,592936,12,3426699,11,510588,25,3958404,1131,1308408,1530,1325.71,19731813,14486118,0
2023-03-23,272,7506817,203,6524809,1,592937,21,3426720,12,510600,37,3958441,1017,1309425,1413,1299.71,19733226,14486481,0
2023-03-24,312,7507129,256,6525065,8,592945,19,3426739,19,510619,41,3958482,1129,1310554,1594,1283.14,19734820,14486908,0
2023-03-25,131,7507260,117,6525182,1,592946,9,3426748,9,510628,18,3958500,592,1311146,741,1268.86,19735561,14487039,0
2023-03-26,92,7507352,44,6525226,2,592948,4,3426752,4,510632,9,3958509,390,1311536,452,1269,19736013,14487093,0
2023-03-27,283,7507635,233,6525459,3,592951,14,3426766,11,510643,26,3958535,1012,1312548,1408,1239,19737421,14487464,0
2023-03-28,283,7507918,182,6525641,10,592961,20,3426786,9,510652,32,3958567,1018,1313566,1373,1215.86,19738794,14487790,0
2023-03-29,298,7508216,187,6525828,5,592966,13,3426799,9,510661,22,3958589,1076,1314642,1435,1202.29,19740229,14488127,0
2023-03-30,259,7508475,185,6526013,2,592968,17,3426816,10,510671,31,3958620,980,1315622,1327,1190,19741556,14488447,0
2023-03-31,298,7508773,259,6526272,7,592975,23,3426839,20,510691,44,3958664,1031,1316653,1495,1175.86,19743051,14488868,0
2023-04-01,122,7508895,66,6526338,3,592978,8,3426847,5,510696,15,3958679,528,1317181,659,1164.14,19743710,14488986,0
2023-04-02,92,7508987,35,6526373,0,592978,5,3426852,3,510699,10,3958689,273,1317454,340,1148.14,19744050,14489045,0
2023-04-03,277,7509264,158,6526531,8,592986,19,3426871,15,510714,40,3958729,897,1318351,1217,1120.86,19745267,14489331,0
2023-04-04,284,7509548,192,6526723,3,592989,13,3426884,10,510724,26,3958755,871,1319222,1224,1099.57,19746491,14489661,0
2023-04-05,269,7509817,156,6526879,8,592997,17,3426901,7,510731,27,3958782,989,1320211,1284,1078,19747775,14489932,0
2023-04-06,344,7510161,161,6527040,9,593006,17,3426918,5,510736,22,3958804,988,1321199,1324,1077.57,19749099,14490246,0
2023-04-07,246,7510407,146,6527186,5,593011,12,3426930,9,510745,21,3958825,752,1321951,1049,1013.86,19750148,14490522,0
2023-04-08,172,7510579,105,6527291,1,593012,5,3426935,10,510755,16,3958841,554,1322505,696,1019.14,19750844,14490649,0
2023-04-09,68,7510647,23,6527314,0,593012,0,3426935,4,510759,4,3958845,204,1322709,246,1005.71,19751090,14490687,0
2023-04-10,284,7510931,180,6527494,6,593018,19,3426954,9,510768,28,3958873,890,1323599,1217,1005.71,19752307,14490986,0
2023-04-11,272,7511203,154,6527648,5,593023,15,3426969,9,510777,28,3958901,913,1324512,1219,1005,19753526,14491268,0
2023-04-12,288,7511491,165,6527813,5,593028,15,3426984,8,510785,25,3958926,825,1325337,1177,989.71,19754703,14491597,0
2023-04-13,249,7511740,141,6527954,8,593036,13,3426997,7,510792,21,3958947,851,1326188,1156,965.71,19755859,14491882,0
2023-04-14,244,7511984,198,6528152,2,593038,6,3427003,10,510802,18,3958965,853,1327041,1181,984.57,19757040,14492194,0
2023-04-15,121,7512105,95,6528247,6,593044,3,3427006,7,510809,11,3958976,408,1327449,556,964.57,19757596,14492332,0
2023-04-16,76,7512181,31,6528278,0,593044,0,3427006,1,510810,1,3958977,266,1327715,307,973.29,19757903,14492372,0
2023-04-17,231,7512412,141,6528419,3,593047,7,3427013,3,510813,11,3958988,713,1328428,995,941.57,19758898,14492644,0
2023-04-18,221,7512633,127,6528546,6,593053,9,3427022,10,510823,22,3959010,756,1329184,988,908.57,19759886,14492857,0
2023-04-19,198,7512831,114,6528660,5,593058,7,3427029,9,510832,16,3959026,923,1330107,1082,895,19760968,14493000,0
2023-04-20,231,7513062,141,6528801,2,593060,14,3427043,19,510851,38,3959064,1277,1331384,1445,936.29,19762413,14493135,0
2023-04-21,232,7513294,135,6528936,6,593066,14,3427057,9,510860,29,3959093,1757,1333141,1883,1036.57,19764296,14493238,0
2023-04-22,109,7513403,58,6528994,3,593069,8,3427065,4,510864,13,3959106,948,1334089,1012,1101.71,19765308,14493290,0
2023-04-23,73,7513476,46,6529040,1,593070,1,3427066,2,510866,4,3959110,601,1334690,628,1147.57,19765936,14493314,0
2023-04-24,238,7513714,147,6529187,2,593072,11,3427077,7,510873,22,3959132,1793,1336483,1902,1277.14,19767838,14493405,0
2023-04-25,248,7513962,140,6529327,6,593078,12,3427089,11,510884,27,3959159,1790,1338273,1893,1406.43,19769731,14493485,0
2023-04-26,223,7514185,130,6529457,5,593083,7,3427096,5,510889,21,3959180,1653,1339926,1731,1499.14,19771462,14493551,0
2023-04-27,280,7514465,162,6529619,1,593084,11,3427107,17,510906,45,3959225,1815,1341741,1918,1566.71,19773380,14493626,0
2023-04-28,252,7514717,173,6529792,2,593086,11,3427118,17,510923,36,3959261,2029,1343770,2118,1600.29,19775498,14493687,0
2023-04-29,142,7514859,63,6529855,2,593088,5,3427123,6,510929,12,3959273,910,1344680,967,1593.86,19776465,14493733,0
2023-04-30,97,7514956,27,6529882,1,593089,6,3427129,3,510932,10,3959283,546,1345226,567,1585.14,19777032,14493745,0
2023-05-01,311,7515267,153,6530035,2,593091,12,3427141,9,510941,23,3959306,1926,1347152,2018,1601.71,19779050,14493816,0
2023-05-02,251,7515518,137,6530172,3,593094,11,3427152,6,510947,21,3959327,1784,1348936,1839,1594,19780889,14493854,0
2023-05-03,259,7515777,144,6530316,1,593095,14,3427166,10,510957,26,3959353,1742,1350678,1819,1606.57,19782708,14493907,0
2023-05-04,239,7516016,156,6530472,0,593095,13,3427179,8,510965,28,3959381,1978,1352656,2051,1625.57,19784759,14493959,0
2023-05-05,303,7516319,158,6530630,1,593096,6,3427185,11,510976,19,3959400,2122,1354778,2176,1633.86,19786935,14493996,0
2023-05-06,132,7516451,74,6530704,0,593096,13,3427198,8,510984,24,3959424,970,1355748,1033,1643.29,19787968,14494038,0
2023-05-07,78,7516529,34,6530738,0,593096,0,3427198,6,510990,7,3959431,626,1356374,642,1654,19788610,14494048,0
2023-05-08,267,7516796,139,6530877,0,593096,8,3427206,10,511000,19,3959450,1997,1358371,2052,1658.86,19790662,14494085,0
2023-05-09,259,7517055,124,6531001,0,593096,5,3427211,4,511004,18,3959468,1749,1360120,1792,1652.14,19792454,14494119,0
2023-05-10,245,7517300,123,6531124,1,593097,6,3427217,13,511017,26,3959494,1887,1362007,1950,1670.86,19794404,14494163,0
2023-05-11,228,7517528,127,6531251,1,593098,11,3427228,23,511040,41,3959535,1818,1363825,1893,1648.29,19796297,14494204,0
2023-05-12,167,7517695,122,6531373,1,593099,5,3427233,10,511050,26,3959561,1558,1365383,1602,1566.29,19797899,14494233,0
2023-05-13,98,7517793,48,6531421,0,593099,1,3427234,4,511054,8,3959569,700,1366083,725,1522.29,19798624,14494253,0
2023-05-14,59,7517852,20,6531441,0,593099,2,3427236,0,511054,3,3959572,362,1366445,372,1483.71,19798996,14494261,0
2023-05-15,209,7518061,121,6531562,0,593099,4,3427240,8,511062,18,3959590,1450,1367895,1510,1406.29,19800506,14494309,0
2023-05-16,250,7518311,100,6531662,0,593099,6,3427246,7,511069,15,3959605,1347,1369242,1397,1349.86,19801903,14494346,0
2023-05-17,210,7518521,103,6531765,0,593099,4,3427250,4,511073,12,3959617,1408,1370650,1454,1279,19803357,14494384,0
2023-05-18,221,7518742,99,6531864,0,593099,12,3427262,13,511086,32,3959649,1258,1371908,1320,1197.14,19804677,14494421,0
2023-05-19,196,7518938,123,6531987,0,593099,9,3427271,10,511096,28,3959677,1496,1373404,1547,1189.29,19806224,14494453,0
2023-05-20,126,7519064,39,6532026,0,593099,4,3427275,5,511101,10,3959687,686,1374090,715,1187.86,19806939,14494473,0
2023-05-21,62,7519126,16,6532042,0,593099,2,3427277,1,511102,4,3959691,350,1374440,360,1186.14,19807299,14494480,0
2023-05-22,221,7519347,94,6532136,0,593099,4,3427281,3,511105,7,3959698,1304,1375744,1330,1160.43,19808629,14494499,0
2023-05-23,214,7519561,102,6532238,0,593099,12,3427293,6,511111,21,3959719,1247,1376991,1305,1147.29,19809934,14494539,0
2023-05-24,219,7519780,118,6532356,2,593101,11,3427304,8,511119,25,3959744,1228,1378219,1281,1122.57,19811215,14494573,0
2023-05-25,187,7519967,91,6532447,1,593102,4,3427308,6,511125,15,3959759,1207,1379426,1237,1110.71,19812452,14494593,0
2023-05-26,180,7520147,130,6532577,0,593102,8,3427316,6,511131,17,3959776,1227,1380653,1274,1071.71,19813726,14494626,0
2023-05-27,108,7520255,44,6532621,0,593102,5,3427321,6,511137,15,3959791,532,1381185,564,1050.14,19814290,14494647,0
2023-05-28,52,7520307,13,6532634,1,593103,0,3427321,0,511137,0,3959791,310,1381495,315,1043.71,19814605,14494652,0
2023-05-29,11,7520318,5,6532639,0,593103,1,3427322,0,511137,1,3959792,61,1381556,65,863,19814670,14494655,0
2023-05-30,221,7520539,105,6532744,0,593103,4,3427326,2,511139,8,3959800,1237,1382793,1268,857.71,19815938,14494680,0
2023-05-31,182,7520721,108,6532852,0,593103,8,3427334,2,511141,13,3959813,1120,1383913,1149,838.86,19817087,14494699,0
2023-06-01,185,7520906,86,6532938,1,593104,1,3427335,6,511147,8,3959821,1161,1385074,1183,831.14,19818270,14494714,0
2023-06-02,229,7521135,98,6533036,0,593104,8,3427343,2,511149,10,3959831,1166,1386240,1196,820,19819466,14494734,0
2023-06-03,89,7521224,33,6533069,0,593104,1,3427344,0,511149,1,3959832,547,1386787,562,819.71,19820028,14494748,0
2023-06-04,66,7521290,14,6533083,0,593104,2,3427346,3,511152,5,3959837,304,1387091,315,819.71,19820343,14494754,0
2023-06-05,202,7521492,88,6533171,0,593104,4,3427350,4,511156,12,3959849,1105,1388196,1137,972.86,19821480,14494778,0
2023-06-06,168,7521660,97,6533268,0,593104,8,3427358,3,511159,13,3959862,1008,1389204,1033,939.29,19822513,14494792,0
2023-06-07,175,7521835,94,6533362,2,593106,7,3427365,7,511166,15,3959877,973,1390177,1004,918.57,19823517,14494809,0
2023-06-08,177,7522012,73,6533435,1,593107,4,3427369,10,511176,14,3959891,817,1390994,849,870.86,19824366,14494827,0
2023-06-09,166,7522178,97,6533532,0,593107,11,3427380,10,511186,24,3959915,1018,1392012,1058,851.14,19825424,14494846,0
2023-06-10,114,7522292,33,6533565,0,593107,2,3427382,2,511188,5,3959920,423,1392435,445,834.43,19825869,14494864,0
2023-06-11,54,7522346,13,6533578,0,593107,0,3427382,0,511188,0,3959920,251,1392686,258,826.29,19826127,14494871,0
2023-06-12,167,7522513,81,6533659,1,593108,8,3427390,1,511189,11,3959931,964,1393650,984,804.43,19827111,14494882,0
2023-06-13,173,7522686,86,6533745,0,593108,1,3427391,3,511192,4,3959935,915,1394565,929,789.57,19828040,14494892,0
2023-06-14,199,7522885,98,6533843,0,593108,9,3427400,1,511193,11,3959946,1044,1395609,1077,800,19829117,14494915,0
2023-06-15,157,7523042,81,6533924,2,593110,7,3427407,3,511196,11,3959957,963,1396572,984,819.29,19830101,14494926,0
2023-06-16,205,7523247,83,6534007,0,593110,3,3427410,0,511196,4,3959961,911,1397483,932,801.29,19831033,14494944,0
2023-06-17,81,7523328,22,6534029,0,593110,2,3427412,2,511198,5,3959966,400,1397883,413,796.71,19831446,14494953,0
2023-06-18,58,7523386,16,6534045,0,593110,1,3427413,0,511198,1,3959967,224,1398107,229,792.57,19831675,14494957,0
2023-06-19,99,7523485,34,6534079,0,593110,2,3427415,2,511200,5,3959972,631,1398738,639,743.29,19832314,14494961,0
2023-06-20,170,7523655,89,6534168,1,593111,5,3427420,1,511201,6,3959978,911,1399649,924,742.57,19833238,14494968,0
2023-06-21,156,7523811,74,6534242,0,593111,10,3427430,1,511202,12,3959990,874,1400523,900,717.29,19834138,14494983,0
2023-06-22,186,7523997,50,6534292,0,593111,5,3427435,2,511204,7,3959997,814,1401337,830,695.29,19834968,14494992,0
2023-06-23,149,7524146,75,6534367,0,593111,5,3427440,0,511204,7,3960004,794,1402131,807,677.43,19835775,14495000,0
2023-06-24,64,7524210,26,6534393,0,593111,1,3427441,3,511207,5,3960009,327,1402458,341,667.14,19836116,14495010,0
2023-06-25,39,7524249,10,6534403,0,593111,1,3427442,5,511212,6,3960015,174,1402632,195,662.29,19836311,14495025,0
2023-06-26,131,7524380,61,6534464,1,593112,9,3427451,1,511213,11,3960026,768,1403400,795,684.57,19837106,14495042,0
2023-06-27,131,7524511,62,6534526,0,593112,6,3427457,0,511213,7,3960033,713,1404113,733,657.29,19837839,14495056,0
2023-06-28,154,7524665,66,6534592,0,593112,7,3427464,2,511215,9,3960042,807,1404920,827,646.86,19838666,14495067,0
2023-06-29,161,7524826,64,6534656,0,593112,3,3427467,5,511220,8,3960050,756,1405676,776,639.14,19839442,14495079,0
2023-06-30,166,7524992,65,6534721,0,593112,3,3427470,4,511224,8,3960058,690,1406366,705,624.57,19840147,14495087,0
2023-07-01,55,7525047,26,6534747,0,593112,3,3427473,0,511224,3,3960061,287,1406653,301,618.86,19840448,14495098,0
2023-07-02,38,7525085,8,6534755,0,593112,0,3427473,0,511224,0,3960061,163,1406816,169,615.14,19840617,14495104,0
2023-07-03,123,7525208,51,6534806,0,593112,8,3427481,2,511226,10,3960071,571,1407387,589,585.71,19841206,14495112,0
2023-07-04,1,7525209,2,6534808,1,593113,0,3427481,0,511226,0,3960071,9,1407396,10,482.43,19841216,14495113,0
2023-07-05,141,7525350,50,6534858,1,593114,6,3427487,0,511226,6,3960077,614,1408010,624,453.43,19841840,14495117,0
2023-07-06,148,7525498,54,6534912,0,593114,6,3427493,2,511228,8,3960085,624,1408634,642,434.29,19842482,14495127,0
2023-07-07,157,7525655,77,6534989,0,593114,4,3427497,1,511229,6,3960091,686,1409320,696,433,19843178,14495132,0
2023-07-08,78,7525733,21,6535010,0,593114,1,3427498,4,511233,6,3960097,257,1409577,276,429.43,19843454,14495146,0
2023-07-09,23,7525756,7,6535017,0,593114,0,3427498,0,511233,0,3960097,115,1409692,115,421.71,19843569,14495146,0
2023-07-10,149,7525905,59,6535076,1,593115,3,3427501,1,511234,5,3960102,616,1410308,641,429.14,19844210,14495167,0
2023-07-11,132,7526037,65,6535141,0,593115,5,3427506,2,511236,7,3960109,610,1410918,627,517.29,19844837,14495177,0
2023-07-12,156,7526193,62,6535203,0,593115,2,3427508,2,511238,4,3960113,656,1411574,668,523.57,19845505,14495185,0
2023-07-13,127,7526320,44,6535247,0,593115,3,3427511,3,511241,7,3960120,504,1412078,517,505.71,19846022,14495192,0
2023-07-14,141,7526461,69,6535316,0,593115,4,3427515,2,511243,8,3960128,608,1412686,625,495.57,19846647,14495203,0
2023-07-15,77,7526538,17,6535333,0,593115,1,3427516,2,511245,3,3960131,244,1412930,257,492.86,19846904,14495213,0
2023-07-16,38,7526576,4,6535337,0,593115,0,3427516,0,511245,0,3960131,113,1413043,113,492.57,19847017,14495213,0
2023-07-17,137,7526713,54,6535391,0,593115,2,3427518,1,511246,4,3960135,559,1413602,572,482.71,19847589,14495223,0
2023-07-18,127,7526840,61,6535452,0,593115,4,3427522,2,511248,6,3960141,548,1414150,560,473.14,19848149,14495229,0
2023-07-19,113,7526953,73,6535525,1,593116,2,3427524,4,511252,6,3960147,551,1414701,568,458.86,19848717,14495240,0
2023-07-20,155,7527108,52,6535577,0,593116,12,3427536,3,511255,17,3960164,531,1415232,561,465.14,19849278,14495255,0
2023-07-21,141,7527249,72,6535649,0,593116,1,3427537,0,511255,2,3960166,587,1415819,592,460.43,19849870,14495259,0
2023-07-22,79,7527328,19,6535668,0,593116,3,3427540,0,511255,3,3960169,193,1416012,230,456.57,19850100,14495293,0
2023-07-23,30,7527358,11,6535679,0,593116,1,3427541,0,511255,1,3960170,101,1416113,102,455,19850202,14495293,0
2023-07-24,156,7527514,42,6535721,0,593116,7,3427548,0,511255,8,3960178,582,1416695,593,458,19850795,14495297,0
2023-07-25,105,7527619,35,6535756,0,593116,0,3427548,1,511256,1,3960179,483,1417178,488,447.71,19851283,14495301,0
2023-07-26,137,7527756,53,6535809,1,593117,6,3427554,2,511258,8,3960187,562,1417740,578,449.14,19851861,14495309,0
2023-07-27,133,7527889,50,6535859,1,593118,6,3427560,1,511259,7,3960194,492,1418232,506,441.29,19852367,14495316,0
2023-07-28,116,7528005,60,6535919,0,593118,3,3427563,2,511261,5,3960199,488,1418720,500,428.14,19852867,14495323,0
2023-07-29,56,7528061,12,6535931,0,593118,0,3427563,4,511265,4,3960203,210,1418930,225,427.43,19853092,14495334,0
2023-07-30,37,7528098,15,6535946,0,593118,1,3427564,0,511265,1,3960204,151,1419081,154,434.86,19853246,14495336,0
2023-07-31,146,7528244,70,6536016,0,593118,1,3427565,2,511267,4,3960208,585,1419666,606,436.71,19853852,14495354,0
2023-08-01,121,7528365,57,6536073,0,593118,2,3427567,2,511269,4,3960212,575,1420241,582,450.14,19854434,14495357,0
2023-08-02,150,7528515,46,6536119,0,593118,2,3427569,2,511271,4,3960216,544,1420785,558,447.29,19854992,14495367,0
2023-08-03,123,7528638,61,6536180,0,593118,4,3427573,1,511272,5,3960221,541,1421326,552,453.86,19855544,14495373,0
2023-08-04,121,7528759,53,6536233,0,593118,1,3427574,1,511273,3,3960224,625,1421951,635,473.14,19856179,14495381,0
2023-08-05,74,7528833,7,6536240,0,593118,5,3427579,2,511275,8,3960232,295,1422246,311,485.43,19856490,14495390,0
2023-08-06,37,7528870,5,6536245,0,593118,0,3427579,0,511275,0,3960232,166,1422412,166,487.14,19856656,14495390,0
2023-08-07,197,7529067,53,6536298,0,593118,3,3427582,3,511278,8,3960240,713,1423125,726,504.29,19857382,14495397,0
2023-08-08,188,7529255,61,6536359,1,593119,6,3427588,1,511279,7,3960247,713,1423838,727,525,19858109,14495404,0
2023-08-09,165,7529420,51,6536410,0,593119,6,3427594,2,511281,8,3960255,708,1424546,727,549.14,19858836,14495415,0
2023-08-10,164,7529584,57,6536467,0,593119,2,3427596,0,511281,2,3960257,643,1425189,655,563.86,19859491,14495425,0
2023-08-11,177,7529761,66,6536533,0,593119,0,3427596,1,511282,1,3960258,709,1425898,722,576.29,19860213,14495437,0
2023-08-12,95,7529856,24,6536557,0,593119,0,3427596,0,511282,1,3960259,299,1426197,312,576.43,19860525,14495450,0
2023-08-13,64,7529920,6,6536563,0,593119,1,3427597,1,511283,2,3960261,162,1426359,166,576.43,19860691,14495452,0
2023-08-14,195,7530115,60,6536623,0,593119,4,3427601,0,511283,4,3960265,696,1427055,703,573.14,19861394,14495455,0
2023-08-15,179,7530294,49,6536672,0,593119,3,3427604,2,511285,7,3960272,622,1427677,633,559.71,19862027,14495461,0
2023-08-16,144,7530438,59,6536731,0,593119,2,3427606,4,511289,10,3960282,662,1428339,685,553.71,19862712,14495478,0
2023-08-17,164,7530602,55,6536786,0,593119,6,3427612,3,511292,12,3960294,603,1428942,623,549.14,19863335,14495489,0
2023-08-18,187,7530789,59,6536845,0,593119,2,3427614,0,511292,4,3960298,707,1429649,714,548,19864049,14495494,0
2023-08-19,73,7530862,17,6536862,0,593119,0,3427614,1,511293,1,3960299,285,1429934,290,544.86,19864339,14495498,0
2023-08-20,54,7530916,13,6536875,0,593119,2,3427616,6,511299,15,3960314,171,1430105,191,548.43,19864530,14495510,0
2023-08-21,178,7531094,56,6536931,0,593119,1,3427617,4,511303,9,3960323,587,1430692,600,533.71,19865130,14495518,0
2023-08-22,126,7531220,60,6536991,0,593119,1,3427618,3,511306,4,3960327,476,1431168,490,513.29,19865620,14495528,0
2023-08-23,160,7531380,73,6537064,0,593119,4,3427622,5,511311,9,3960336,628,1431796,647,507.86,19866267,14495538,0
2023-08-24,149,7531529,53,6537117,0,593119,4,3427626,0,511311,7,3960343,506,1432302,528,494.29,19866795,14495556,0
2023-08-25,151,7531680,50,6537167,0,593119,0,3427626,3,511314,7,3960350,469,1432771,485,461.57,19867280,14495569,0
2023-08-26,60,7531740,26,6537193,0,593119,0,3427626,0,511314,0,3960350,246,1433017,253,456.29,19867533,14495576,0
2023-08-27,52,7531792,13,6537206,0,593119,0,3427626,1,511315,1,3960351,156,1433173,159,451.71,19867692,14495578,0
2023-08-28,187,7531979,70,6537276,0,593119,2,3427628,5,511320,12,3960363,578,1433751,600,451.71,19868292,14495593,0
2023-08-29,186,7532165,42,6537318,0,593119,3,3427631,3,511323,10,3960373,542,1434293,560,461.71,19868852,14495605,0
2023-08-30,183,7532348,57,6537375,0,593119,1,3427632,3,511326,6,3960379,549,1434842,569,450.57,19869421,14495621,0
2023-08-31,146,7532494,38,6537413,0,593119,4,3427636,2,511328,8,3960387,487,1435329,508,447.71,19869929,14495636,0
2023-09-01,150,7532644,61,6537474,0,593119,1,3427637,4,511332,9,3960396,576,1435905,594,463.29,19870523,14495649,120000
2023-09-02,85,7532729,18,6537492,0,593119,1,3427638,0,511332,3,3960399,305,1436210,311,471.57,19870834,14495654,120000
2023-09-03,49,7532778,5,6537497,0,593119,0,3427638,1,511333,5,3960404,164,1436374,169,473,19871003,14495658,120000
2023-09-04,7,7532785,1,6537498,0,593119,0,3427638,0,511333,0,3960404,28,1436402,28,391.29,19871031,14495658,120000
2023-09-05,185,7532970,50,6537548,0,593119,5,3427643,3,511336,12,3960416,530,1436932,553,390.29,19871584,14495673,120000
2023-09-06,171,7533141,59,6537607,0,593119,9,3427652,1,511337,11,3960427,551,1437483,568,390.14,19872152,14495680,120000
2023-09-07,59,7533200,18,6537625,0,593119,3,3427655,0,511337,4,3960431,181,1437664,186,344.14,19872338,14495682,120000
