"DATE","ADMIN_DOSE1_DAILY","ADMIN_DOSE1_CUMULATIVE","ADMIN_DOSE2_DAILY","ADMIN_DOSE2_CUMULATIVE","ADMIN_SINGLE_DAILY","ADMIN_SINGLE_CUMULATIVE","ADMIN_ADDITIONAL1_DAILY","ADMIN_ADDITIONAL1_CUMULATIVE","ADMIN_ADDITIONAL2_DAILY","ADMIN_ADDITIONAL2_CUMULATIVE","ADMIN_ADDITIONAL_DAILY","ADMIN_ADDITIONAL_CUMULATIVE","ADMIN_BIVALENT_ADDITIONAL_DAILY","ADMIN_BIVALENT_ADDITIONAL_CUMULATIVE","ADMIN_ALLDOSES_DAILY","ADMIN_ALLDOSES_7DAYAVG","ADMIN_ALLDOSES_CUMULATIVE","ADMIN_ALLDOSES_PRIMARY","INCOMPLETE"
2020-12-14,79,79,0,0,2,2,0,0,0,0,0,0,0,0,81,,81,81,0
2020-12-15,2052,2131,7,7,5,7,0,0,0,0,0,0,0,0,2064,,2145,2145,0
2020-12-16,4605,6736,16,23,4,11,1,1,0,0,1,1,0,0,4626,,6771,6770,0
2020-12-17,4661,11397,18,41,2,13,1,2,0,0,1,2,0,0,4682,,11453,11451,0
2020-12-18,5835,17232,19,60,2,15,2,4,0,0,2,4,0,0,5858,,17311,17307,0
2020-12-19,1688,18920,9,69,3,18,0,4,0,0,0,4,0,0,1700,,19011,19007,0
2020-12-20,1117,20037,2,71,1,19,0,4,0,0,0,4,0,0,1120,2875.86,20131,20127,0
2020-12-21,6389,26426,23,94,0,19,5,9,0,0,5,9,0,0,6417,3781,26548,26539,0
2020-12-22,9765,36191,28,122,2,21,1,10,0,0,1,10,0,0,9796,4885.57,36344,36334,0
2020-12-23,14276,50467,37,159,3,24,0,10,0,0,0,10,0,0,14316,6269.86,50660,50650,0
2020-12-24,7170,57637,28,187,1,25,0,10,0,0,0,10,0,0,7199,6629.43,57859,57849,0
2020-12-25,180,57817,0,187,0,25,1,11,0,0,1,11,0,0,181,5818.43,58040,58029,0
2020-12-26,4391,62208,47,234,0,25,1,12,0,0,1,12,0,0,4439,6209.71,62479,62467,0
2020-12-27,3870,66078,14,248,0,25,1,13,0,0,1,13,0,0,3885,6604.71,66364,66351,0
2020-12-28,10992,77070,51,299,1,26,3,16,0,0,3,16,0,0,11047,7266.14,77411,77395,0
2020-12-29,10712,87782,37,336,2,28,3,19,0,0,3,19,0,0,10754,7403,88165,88146,0
2020-12-30,12822,100604,44,380,0,28,0,19,0,0,0,19,0,0,12866,7195.86,101031,101012,0
2020-12-31,7259,107863,37,417,1,29,0,19,0,0,0,19,0,0,7297,7209.86,108328,108309,0
2021-01-01,178,108041,2,419,1,30,3,22,0,0,3,22,0,0,184,7210.29,108512,108490,0
2021-01-02,3809,111850,10,429,3,33,2,24,0,0,2,24,0,0,3824,7122.43,112336,112312,0
2021-01-03,3542,115392,24,453,2,35,1,25,0,0,1,25,0,0,3569,7077.29,115905,115880,0
2021-01-04,12252,127644,810,1263,2,37,7,32,0,0,7,32,0,0,13071,7366.43,128976,128944,0
2021-01-05,14090,141734,2196,3459,2,39,14,46,1,1,15,47,0,0,16303,8159.14,145279,145232,0
2021-01-06,17796,159530,3930,7389,1,40,31,77,8,9,39,86,0,0,21766,9430.57,167045,166959,0
2021-01-07,16539,176069,5183,12572,4,44,46,123,3,12,49,135,0,0,21775,11498.86,188820,188685,0
2021-01-08,16609,192678,5462,18034,0,44,36,159,4,16,40,175,0,0,22111,14631.29,210931,210756,0
2021-01-09,7649,200327,1464,19498,1,45,7,166,3,19,10,185,0,0,9124,15388.43,220055,219870,0
2021-01-10,7880,208207,979,20477,0,45,13,179,0,19,13,198,0,0,8872,16146,228927,228729,0
2021-01-11,25808,234015,7460,27937,2,47,56,235,8,27,64,262,0,0,33334,19040.71,262261,261999,0
2021-01-12,28242,262257,7868,35805,1,48,45,280,4,31,49,311,0,0,36160,21877.43,298421,298110,0
2021-01-13,31703,293960,9422,45227,1,49,59,339,5,36,64,375,0,0,41190,24652.29,339611,339236,0
2021-01-14,35798,329758,5302,50529,1,50,34,373,7,43,41,416,0,0,41142,27419,380753,380337,0
2021-01-15,29249,359007,3715,54244,2,52,32,405,5,48,37,453,0,0,33003,28975,413756,413303,0
2021-01-16,30266,389273,2396,56640,0,52,24,429,6,54,30,483,0,0,32692,32341.86,446448,445965,0
2021-01-17,23730,413003,1645,58285,0,52,20,449,1,55,21,504,0,0,25396,34702.43,471844,471340,0
2021-01-18,27087,440090,2425,60710,0,52,37,486,7,62,44,548,0,0,29557,34162.86,501401,500853,0
2021-01-19,34275,474365,9640,70350,1,53,72,558,7,69,79,627,0,0,43995,35282.14,545396,544769,0
2021-01-20,34852,509217,9503,79853,1,54,62,620,3,72,65,692,0,0,44421,35743.71,589817,589125,0
2021-01-21,25576,534793,8099,87952,2,56,54,674,5,77,59,751,0,0,33736,34685.71,623553,622802,0
2021-01-22,24744,559537,4386,92338,1,57,31,705,7,84,38,789,0,0,29169,34138,652722,651933,0
2021-01-23,15740,575277,3224,95562,0,57,12,717,2,86,14,803,0,0,18978,32178.86,671700,670897,0
2021-01-24,7174,582451,3458,99020,0,57,19,736,1,87,20,823,0,0,10652,30072.57,682352,681529,0
2021-01-25,13400,595851,11828,110848,0,57,68,804,13,100,81,904,0,0,25309,29465.71,707661,706757,0
2021-01-26,16748,612599,10766,121614,0,57,69,873,3,103,73,977,0,0,27587,27121.71,735248,734272,0
2021-01-27,20828,633427,12357,133971,0,57,53,926,9,112,62,1039,0,0,33249,25525.71,768497,767459,0
2021-01-28,30748,664175,12858,146829,0,57,82,1008,16,128,98,1137,0,0,43707,26950.14,812204,811068,0
2021-01-29,31676,695851,11512,158341,0,57,84,1092,11,139,95,1232,0,0,43283,28966.43,855487,854256,0
2021-01-30,18705,714556,3744,162085,0,57,22,1114,2,141,25,1257,0,0,22474,29465.86,877961,876706,0
2021-01-31,13006,727562,2929,165014,1,58,29,1143,5,146,34,1291,0,0,15970,30225.57,893931,892642,0
2021-02-01,1180,728742,5400,170414,4,62,37,1180,4,150,41,1332,0,0,6625,27556.43,900556,899226,0
2021-02-02,2822,731564,9443,179857,2,64,53,1233,3,153,56,1388,0,0,12323,25375.86,912879,911493,0
2021-02-03,16342,747906,21237,201094,4,68,213,1446,22,175,235,1623,0,0,37818,26028.57,950697,949076,0
2021-02-04,27035,774941,19651,220745,3,71,209,1655,10,185,219,1842,0,0,46908,26485.86,997605,995765,0
2021-02-05,27576,802517,20031,240776,0,71,194,1849,15,200,210,2052,0,0,47817,27133.57,1045422,1043373,0
2021-02-06,22975,825492,11251,252027,0,71,116,1965,12,212,128,2180,0,0,34354,28830.71,1079776,1077599,0
2021-02-07,12030,837522,8285,260312,1,72,97,2062,12,224,110,2290,0,0,20426,29467.29,1100202,1097916,0
2021-02-08,16943,854465,23522,283834,2,74,239,2301,35,259,275,2565,0,0,40742,34341.14,1140944,1138384,0
2021-02-09,17327,871792,28091,311925,2,76,353,2654,42,301,398,2963,0,0,45818,39126.14,1186762,1183807,0
2021-02-10,19584,891376,29298,341223,2,78,272,2926,54,355,329,3292,0,0,49214,40754.14,1235976,1232695,0
2021-02-11,27830,919206,33459,374682,2,80,352,3278,58,413,410,3702,0,0,61703,42867.71,1297679,1293988,0
2021-02-12,38352,957558,30812,405494,3,83,361,3639,41,454,403,4105,0,0,69570,45975.29,1367249,1363156,0
2021-02-13,27986,985544,25313,430807,2,85,314,3953,57,511,372,4477,0,0,53674,48735.29,1420923,1416459,0
2021-02-14,16260,1001804,23720,454527,0,85,280,4233,35,546,315,4792,0,0,40295,51573.71,1461218,1456439,0
2021-02-15,12791,1014595,10527,465054,2,87,178,4411,24,570,203,4995,0,0,23523,49113.86,1484741,1479760,0
2021-02-16,14232,1028827,26706,491760,0,87,342,4753,42,612,385,5380,0,0,41323,48471.71,1526064,1520699,0
2021-02-17,16381,1045208,22194,513954,1,88,288,5041,41,653,329,5709,0,0,38905,46999,1564969,1559275,0
2021-02-18,12138,1057346,24983,538937,21,109,303,5344,45,698,348,6057,0,0,37490,43540,1602459,1596417,0
2021-02-19,13239,1070585,23925,562862,38,147,315,5659,48,746,363,6420,0,0,37565,38967.86,1640024,1633619,0
2021-02-20,11347,1081932,26067,588929,7,154,337,5996,78,824,417,6837,0,0,37839,36705.71,1677863,1671043,0
2021-02-21,6357,1088289,17408,606337,15,169,296,6292,46,870,343,7180,0,0,24123,34395.43,1701986,1694824,0
2021-02-22,13048,1101337,11830,618167,2,171,134,6426,20,890,154,7334,0,0,25034,34611.29,1727020,1719704,0
2021-02-23,25240,1126577,14135,632302,1,172,167,6593,35,925,203,7537,0,0,39580,34362.29,1766600,1759082,0
2021-02-24,36336,1162913,20396,652698,0,172,233,6826,42,967,276,7813,0,0,57008,36948.43,1823608,1815815,0
2021-02-25,54573,1217486,30403,683101,6,178,410,7236,64,1031,475,8288,0,0,85457,43800.86,1909065,1900798,0
2021-02-26,62823,1280309,31877,714978,4,182,420,7656,78,1109,501,8789,0,0,95205,52035.14,2004270,1995505,0
2021-02-27,51262,1331571,22752,737730,47,229,353,8009,53,1162,407,9196,0,0,74468,57267.86,2078738,2069567,0
2021-02-28,44556,1376127,13845,751575,7,236,206,8215,37,1199,243,9439,0,0,58651,62200.43,2137389,2127975,0
2021-03-01,39303,1415430,12784,764359,10,246,170,8385,24,1223,194,9633,0,0,52291,66094.29,2189680,2180072,0
2021-03-02,47072,1462502,12582,776941,7,253,158,8543,15,1238,173,9806,0,0,59834,68987.71,2249514,2239733,0
2021-03-03,48589,1511091,16153,793094,17,270,156,8699,21,1259,177,9983,0,0,64936,70120.29,2314450,2304492,0
2021-03-04,59800,1570891,22816,815910,1092,1362,277,8976,36,1295,314,10297,0,0,84022,69915.29,2398472,2388201,0
2021-03-05,60952,1631843,24288,840198,3107,4469,337,9313,36,1331,375,10672,0,0,88722,68989.14,2487194,2476550,0
2021-03-06,47151,1678994,18883,859081,5451,9920,245,9558,41,1372,286,10958,0,0,71771,68603.86,2558965,2548035,0
2021-03-07,36024,1715018,14882,873963,6244,16164,238,9796,21,1393,261,11219,0,0,57411,68426.71,2616376,2605187,0
2021-03-08,39608,1754626,14683,888646,8558,24722,320,10116,92,1485,417,11636,0,0,63266,69994.57,2679642,2668041,0
2021-03-09,39082,1793708,12860,901506,7759,32481,184,10300,35,1520,220,11856,0,0,59921,70007,2739563,2727743,0
2021-03-10,51812,1845520,15364,916870,5064,37545,228,10528,34,1554,264,12120,0,0,72504,71088.14,2812067,2799985,0
2021-03-11,59959,1905479,21826,938696,4619,42164,258,10786,48,1602,308,12428,0,0,86712,71472.43,2898779,2886391,0
2021-03-12,52173,1957652,30308,969004,4182,46346,387,11173,87,1689,474,12902,0,0,87137,71246,2985916,2973054,0
2021-03-13,40635,1998287,26684,995688,5110,51456,334,11507,55,1744,389,13291,0,0,72819,71395.71,3058735,3045484,0
2021-03-14,30695,2028982,15974,1011662,4523,55979,250,11757,29,1773,281,13572,0,0,51474,70547.57,3110209,3096679,0
2021-03-15,33720,2062702,17260,1028922,4705,60684,242,11999,33,1806,275,13847,0,0,55960,69503.86,3166169,3152364,0
2021-03-16,38657,2101359,20517,1049439,4925,65609,265,12264,36,1842,302,14149,0,0,64401,70143.86,3230570,3216464,0
2021-03-17,42600,2143959,24788,1074227,4243,69852,353,12617,41,1883,395,14544,0,0,72026,70075.57,3302596,3288096,0
2021-03-18,50411,2194370,26809,1101036,5226,75078,386,13003,64,1947,450,14994,0,0,82896,69530.43,3385492,3370542,0
2021-03-19,47766,2242136,29966,1131002,5623,80701,405,13408,73,2020,478,15472,0,0,83834,69058.57,3469326,3453898,0
2021-03-20,38695,2280831,25830,1156832,4683,85384,308,13716,60,2080,369,15841,0,0,69577,68595.43,3538903,3523107,0
2021-03-21,29285,2310116,19355,1176187,769,86153,230,13946,44,2124,274,16115,0,0,49683,68339.57,3588586,3572516,0
2021-03-22,33850,2343966,26753,1202940,4037,90190,261,14207,38,2162,300,16415,0,0,64941,69622.57,3653527,3637158,0
2021-03-23,38413,2382379,32849,1235789,4215,94405,304,14511,54,2216,362,16777,0,0,75839,71256.57,3729366,3712639,0
2021-03-24,41470,2423849,37617,1273406,4843,99248,338,14849,64,2280,405,17182,0,0,84335,73015,3813701,3796572,0
2021-03-25,43388,2467237,50781,1324187,5050,104298,492,15341,89,2369,585,17767,0,0,99804,75430.43,3913505,3895795,0
2021-03-26,38488,2505725,55494,1379681,4307,108605,546,15887,103,2472,653,18420,0,0,98942,77588.71,4012447,3994088,0
2021-03-27,35722,2541447,45741,1425422,2938,111543,437,16324,84,2556,522,18942,0,0,84923,79781,4097370,4078490,0
2021-03-28,26373,2567820,34454,1459876,1482,113025,344,16668,66,2622,414,19356,0,0,62723,81643.86,4160093,4140803,0
2021-03-29,34804,2602624,38858,1498734,3244,116269,361,17029,115,2737,477,19833,0,0,77383,83421.29,4237476,4217710,0
2021-03-30,40486,2643110,41920,1540654,3712,119981,352,17381,67,2804,420,20253,0,0,86538,84949.71,4324014,4303829,0
2021-03-31,49367,2692477,44877,1585531,7438,127419,419,17800,85,2889,504,20757,0,0,102186,87499.86,4426200,4405511,0
2021-04-01,50762,2743239,53948,1639479,11272,138691,510,18310,85,2974,599,21356,0,0,116581,89896.57,4542781,4521497,0
2021-04-02,43750,2786989,53872,1693351,11966,150657,558,18868,72,3046,635,21991,0,0,110223,91508.14,4653004,4631090,0
2021-04-03,39235,2826224,39211,1732562,9860,160517,347,19215,60,3106,408,22399,0,0,88714,92049.71,4741718,4719397,0
2021-04-04,26549,2852773,24779,1757341,3902,164419,231,19446,50,3156,281,22680,0,0,55511,91019.43,4797229,4774627,0
2021-04-05,41860,2894633,34482,1791823,11195,175614,392,19838,60,3216,453,23133,0,0,87990,92534.71,4885219,4862165,0
2021-04-06,53243,2947876,35611,1827434,13214,188828,448,20286,80,3296,529,23662,0,0,102597,94828.86,4987816,4964234,0
2021-04-07,55479,3003355,40707,1868141,14385,203213,414,20700,82,3378,498,24160,0,0,111069,96097.86,5098885,5074807,0
2021-04-08,59237,3062592,46584,1914725,16337,219550,536,21236,88,3466,625,24785,0,0,122783,96983.86,5221668,5196966,0
2021-04-09,56626,3119218,44952,1959677,17556,237106,539,21775,80,3546,624,25409,0,0,119758,98346,5341426,5316105,0
2021-04-10,49331,3168549,35640,1995317,12717,249823,402,22177,63,3609,469,25878,0,0,98157,99695,5439583,5413797,0
2021-04-11,38159,3206708,28825,2024142,7679,257502,299,22476,62,3671,362,26240,0,0,75025,102482.71,5514608,5488461,0
2021-04-12,46621,3253329,31837,2055979,13495,270997,477,22953,69,3740,546,26786,0,0,92499,103126.86,5607107,5580414,0
2021-04-13,52535,3305864,33796,2089775,369,271366,403,23356,64,3804,468,27254,0,0,87168,100922.71,5694275,5667115,0
2021-04-14,50131,3355995,39956,2129731,20,271386,372,23728,79,3883,452,27706,0,0,90559,97992.71,5784834,5757223,0
2021-04-15,52106,3408101,43690,2173421,16,271402,462,24190,108,3991,575,28281,0,0,96388,94222,5881222,5853041,0
2021-04-16,51179,3459280,42201,2215622,32,271434,444,24634,72,4063,519,28800,0,0,93931,90532.43,5975153,5946456,0
2021-04-17,43825,3503105,35694,2251316,3,271437,372,25006,84,4147,458,29258,0,0,79980,87935.71,6055133,6025980,0
2021-04-18,28595,3531700,29363,2280679,7,271444,265,25271,65,4212,331,29589,0,0,58296,85545.86,6113429,6083946,0
2021-04-19,37447,3569147,36451,2317130,22,271466,338,25609,68,4280,408,29997,0,0,74328,82950,6187757,6157868,0
2021-04-20,40798,3609945,39622,2356752,19,271485,321,25930,85,4365,407,30404,0,0,80846,82046.86,6268603,6238308,0
2021-04-21,38875,3648820,46027,2402779,17,271502,507,26437,98,4463,606,31010,0,0,85525,81327.71,6354128,6323228,0
2021-04-22,38479,3687299,48961,2451740,9,271511,350,26787,78,4541,430,31440,0,0,87880,80112.29,6442008,6410680,0
2021-04-23,39684,3726983,44388,2496128,3,271514,357,27144,75,4616,434,31874,0,0,84509,78766.29,6526517,6494757,0
2021-04-24,31925,3758908,41603,2537731,44,271558,287,27431,62,4678,350,32224,0,0,73922,77900.86,6600439,6568330,0
2021-04-25,18412,3777320,31220,2568951,87,271645,203,27634,61,4739,264,32488,0,0,49983,76713.29,6650422,6618049,0
2021-04-26,26956,3804276,40719,2609670,1012,272657,307,27941,93,4832,405,32893,0,0,69092,75965.29,6719514,6686741,0
2021-04-27,28554,3832830,47131,2656801,1696,274353,374,28315,96,4928,475,33368,0,0,77856,75538.14,6797370,6764127,0
2021-04-28,27009,3859839,56844,2713645,2146,276499,449,28764,100,5028,552,33920,0,0,86552,75684.86,6883922,6850130,0
2021-04-29,28585,3888424,57205,2770850,2149,278648,377,29141,100,5128,479,34399,0,0,88418,75761.71,6972340,6938071,0
2021-04-30,30101,3918525,51993,2822843,2059,280707,294,29435,75,5203,370,34769,0,0,84524,75763.86,7056864,7022226,0
2021-05-01,22474,3940999,44538,2867381,1177,281884,236,29671,65,5268,303,35072,0,0,68492,74988.14,7125356,7090417,0
2021-05-02,11915,3952914,36641,2904022,1081,282965,154,29825,56,5324,212,35284,0,0,49849,74969,7175205,7140056,0
2021-05-03,18008,3970922,53026,2957048,2381,285346,265,30090,92,5416,359,35643,0,0,73776,75638.14,7248981,7213475,0
2021-05-04,22728,3993650,56643,3013691,2331,287677,275,30365,116,5532,392,36035,0,0,82094,76243.57,7331075,7295178,0
2021-05-05,21473,4015123,48754,3062445,2313,289990,318,30683,104,5636,423,36458,0,0,72964,74302.43,7404039,7367720,0
2021-05-06,20670,4035793,50176,3112621,2507,292497,283,30966,91,5727,378,36836,0,0,73731,72204.29,7477770,7441077,0
2021-05-07,21233,4057026,52105,3164726,2812,295309,320,31286,79,5806,400,37236,0,0,76550,71065.14,7554320,7517228,0
2021-05-08,16617,4073643,41866,3206592,1835,297144,236,31522,73,5879,309,37545,0,0,60627,69941.57,7614947,7577546,0
2021-05-09,7968,4081611,29406,3235998,1260,298404,154,31676,56,5935,210,37755,0,0,38844,68369.43,7653791,7616180,0
2021-05-10,14374,4095985,38524,3274522,2356,300760,251,31927,93,6028,348,38103,0,0,55602,65773.14,7709393,7671438,0
2021-05-11,19897,4115882,43062,3317584,2512,303272,291,32218,89,6117,385,38488,0,0,65856,63453.43,7775249,7736914,0
2021-05-12,17811,4133693,40538,3358122,3595,306867,241,32459,80,6197,321,38809,0,0,62265,61925,7837514,7798858,0
2021-05-13,24957,4158650,40422,3398544,3229,310096,273,32732,81,6278,356,39165,0,0,68964,61244,7906478,7867468,0
2021-05-14,27005,4185655,42946,3441490,3536,313632,275,33007,95,6373,372,39537,0,0,73859,60859.57,7980337,7940957,0
2021-05-15,23638,4209293,34920,3476410,3364,316996,262,33269,75,6448,338,39875,0,0,62260,61092.86,8042597,8002880,0
2021-05-16,15520,4224813,19456,3495866,2496,319492,122,33391,47,6495,170,40045,0,0,37642,60921.14,8080239,8040353,0
2021-05-17,22663,4247476,29140,3525006,3253,322745,188,33579,71,6566,259,40304,0,0,55315,60880.14,8135554,8095409,0
2021-05-18,24615,4272091,31907,3556913,3402,326147,245,33824,82,6648,327,40631,0,0,60251,60079.43,8195805,8155333,0
2021-05-19,24176,4296267,29724,3586637,3041,329188,233,34057,49,6697,283,40914,0,0,57224,59359.29,8253029,8212275,0
2021-05-20,24135,4320402,30104,3616741,3163,332351,272,34329,88,6785,365,41279,0,0,57767,57759.71,8310796,8269682,0
2021-05-21,24665,4345067,32006,3648747,3057,335408,251,34580,61,6846,315,41594,0,0,60043,55786,8370839,8329413,0
2021-05-22,20014,4365081,24372,3673119,2523,337931,167,34747,48,6894,216,41810,0,0,47125,53623.86,8417964,8376323,0
2021-05-23,11226,4376307,13733,3686852,1411,339342,94,34841,33,6927,129,41939,0,0,26499,52032,8444463,8402695,0
2021-05-24,18857,4395164,23164,3710016,2757,342099,221,35062,55,6982,279,42218,0,0,45057,50566.57,8489520,8447476,0
2021-05-25,19420,4414584,23387,3733403,2601,344700,176,35238,59,7041,235,42453,0,0,45643,48479.71,8535163,8492884,0
2021-05-26,18774,4433358,21089,3754492,2698,347398,205,35443,49,7090,256,42709,0,0,42817,46421.57,8577980,8535447,0
2021-05-27,18455,4451813,21282,3775774,2531,349929,182,35625,62,7152,245,42954,0,0,42513,44242.43,8620493,8577716,0
2021-05-28,17855,4469668,22878,3798652,2751,352680,191,35816,59,7211,251,43205,0,0,43735,41912.71,8664228,8621201,0
2021-05-29,12702,4482370,17816,3816468,1754,354434,106,35922,39,7250,146,43351,0,0,32418,39811.71,8696646,8653474,0
2021-05-30,7025,4489395,8950,3825418,1074,355508,50,35972,16,7266,66,43417,0,0,17115,38471.14,8713761,8670523,0
2021-05-31,4740,4494135,6922,3832340,1011,356519,65,36037,18,7284,83,43500,0,0,12756,33856.71,8726517,8683196,0
2021-06-01,16046,4510181,25190,3857530,2177,358696,158,36195,43,7327,205,43705,0,0,43618,33567.43,8770135,8726613,0
2021-06-02,15351,4525532,20401,3877931,2095,360791,141,36336,47,7374,188,43893,0,0,38035,32884.29,8808170,8764460,0
2021-06-03,14993,4540525,23825,3901756,2280,363071,132,36468,45,7419,179,44072,0,0,41277,32707.71,8849447,8805560,0
2021-06-04,14709,4555234,26004,3927760,2492,365563,151,36619,42,7461,194,44266,0,0,43399,32659.71,8892846,8848766,0
2021-06-05,10980,4566214,22103,3949863,1806,367369,115,36734,29,7490,145,44411,0,0,35034,33033.43,8927880,8883656,0
2021-06-06,6443,4572657,14487,3964350,1222,368591,89,36823,12,7502,102,44513,0,0,22254,33767.57,8950134,8905809,0
2021-06-07,11695,4584352,21790,3986140,2378,370969,143,36966,37,7539,183,44696,0,0,36046,37094.71,8986180,8941675,0
2021-06-08,12625,4596977,24021,4010161,2071,373040,127,37093,46,7585,174,44870,0,0,38891,36419.43,9025071,8980393,0
2021-06-09,11125,4608102,23029,4033190,2300,375340,139,37232,42,7627,183,45053,0,0,36637,36219.71,9061708,9016849,0
2021-06-10,12054,4620156,22239,4055429,2462,377802,143,37375,61,7688,204,45257,0,0,36959,35602.86,9098667,9053604,0
2021-06-11,12697,4632853,25125,4080554,2483,380285,159,37534,62,7750,222,45479,0,0,40527,35192.57,9139194,9093910,0
2021-06-12,10159,4643012,19317,4099871,1888,382173,96,37630,44,7794,142,45621,0,0,31506,34688.57,9170700,9125276,0
2021-06-13,4249,4647261,10938,4110809,1219,383392,42,37672,21,7815,63,45684,0,0,16469,33862.14,9187169,9141682,0
2021-06-14,10202,4657463,19239,4130048,2041,385433,132,37804,53,7868,185,45869,0,0,31667,33236.57,9218836,9173164,0
2021-06-15,11880,4669343,21018,4151066,1942,387375,132,37936,42,7910,175,46044,0,0,35015,32682.86,9253851,9208005,0
2021-06-16,11581,4680924,19403,4170469,1956,389331,149,38085,74,7984,223,46267,0,0,33163,32186.57,9287014,9240945,0
2021-06-17,11019,4691943,18759,4189228,1973,391304,128,38213,37,8021,167,46434,0,0,31918,31466.43,9318932,9272698,0
2021-06-18,12166,4704109,18494,4207722,2115,393419,120,38333,37,8058,158,46592,0,0,32933,30381.57,9351865,9305474,0
2021-06-19,8492,4712601,13518,4221240,1459,394878,88,38421,21,8079,109,46701,0,0,23578,29249,9375443,9328943,0
2021-06-20,4333,4716934,7160,4228400,924,395802,37,38458,16,8095,53,46754,0,0,12470,28677.71,9387913,9341360,0
2021-06-21,10153,4727087,10013,4238413,1806,397608,72,38530,28,8123,101,46855,0,0,22073,27307.14,9409986,9363333,0
2021-06-22,9829,4736916,15647,4254060,1588,399196,106,38636,29,8152,135,46990,0,0,27199,26190.57,9437185,9390397,0
2021-06-23,10306,4747222,15189,4269249,1862,401058,104,38740,31,8183,136,47126,0,0,27493,25380.57,9464678,9417755,0
2021-06-24,9682,4756904,14702,4283951,1798,402856,123,38863,26,8209,151,47277,0,0,26333,24582.71,9491011,9443939,0
2021-06-25,10584,4767488,14385,4298336,1720,404576,117,38980,39,8248,156,47433,0,0,26845,23713,9517856,9470628,0
2021-06-26,7797,4775285,10465,4308801,1249,405825,78,39058,23,8271,102,47535,0,0,19613,23146.57,9537469,9490140,0
2021-06-27,4997,4780282,6002,4314803,795,406620,34,39092,15,8286,50,47585,0,0,11844,23057.14,9549313,9501935,0
2021-06-28,9031,4789313,10348,4325151,1526,408146,110,39202,26,8312,137,47722,0,0,21042,22909.86,9570355,9522841,0
2021-06-29,9730,4799043,12333,4337484,1347,409493,126,39328,33,8345,160,47882,0,0,23570,22391.43,9593925,9546252,0
2021-06-30,9425,4808468,10933,4348417,1486,410979,150,39478,18,8363,171,48053,0,0,22015,21608.86,9615940,9568099,0
2021-07-01,9392,4817860,10924,4359341,1434,412413,135,39613,25,8388,162,48215,0,0,21912,20977.29,9637852,9589851,0
2021-07-02,9687,4827547,11459,4370800,1541,413954,119,39732,21,8409,140,48355,0,0,22828,20403.43,9660680,9612539,0
2021-07-03,7056,4834603,8422,4379222,1192,415146,79,39811,17,8426,96,48451,0,0,16766,19996.71,9677446,9629209,0
2021-07-04,1287,4835890,1335,4380557,567,415713,10,39821,3,8429,13,48464,0,0,3202,18762.14,9680648,9632398,0
2021-07-05,6492,4842382,7106,4387663,1207,416920,68,39889,22,8451,90,48554,0,0,14895,17884,9695543,9647203,0
2021-07-06,9507,4851889,12854,4400517,1315,418235,118,40007,38,8489,157,48711,0,0,23833,17921.57,9719376,9670880,0
2021-07-07,8661,4860550,11110,4411627,1418,419653,128,40135,21,8510,149,48860,0,0,21338,17824.86,9740714,9692069,0
2021-07-08,8218,4868768,10194,4421821,1258,420911,109,40244,22,8532,133,48993,0,0,19803,17523.57,9760517,9711741,0
2021-07-09,8370,4877138,10834,4432655,1280,422191,90,40334,20,8552,110,49103,0,0,20594,17204.43,9781111,9732225,0
2021-07-10,7099,4884237,8637,4441292,1131,423322,66,40400,20,8572,87,49190,0,0,16954,17231.29,9798065,9749093,0
2021-07-11,4104,4888341,4540,4445832,701,424023,38,40438,6,8578,44,49234,0,0,9389,18115.14,9807454,9758438,0
2021-07-12,8447,4896788,9564,4455396,1251,425274,84,40522,23,8601,107,49341,0,0,19369,18754.29,9826823,9777700,0
2021-07-13,9457,4906245,9394,4464790,952,426226,109,40631,35,8636,146,49487,0,0,19949,18199.43,9846772,9797505,0
2021-07-14,8992,4915237,9537,4474327,1010,427236,107,40738,22,8658,133,49620,0,0,19672,17961.43,9866444,9817048,0
2021-07-15,8792,4924029,9158,4483485,1052,428288,83,40821,20,8678,104,49724,0,0,19106,17861.86,9885550,9836051,0
2021-07-16,9248,4933277,9763,4493248,981,429269,102,40923,29,8707,131,49855,0,0,20123,17794.57,9905673,9856043,0
2021-07-17,6837,4940114,7388,4500636,803,430072,80,41003,20,8727,100,49955,0,0,15128,17533.71,9920801,9871071,0
2021-07-18,4253,4944367,4285,4504921,575,430647,36,41039,14,8741,50,50005,0,0,9163,17501.43,9929964,9880184,0
2021-07-19,9119,4953486,8484,4513405,999,431646,93,41132,22,8763,116,50121,0,0,18718,17408.43,9948682,9898787,0
2021-07-20,10640,4964126,8761,4522166,991,432637,96,41228,25,8788,122,50243,0,0,20514,17489.14,9969196,9919180,0
2021-07-21,10053,4974179,8770,4530936,904,433541,151,41379,33,8821,184,50427,0,0,19911,17523.29,9989107,9938907,0
2021-07-22,10686,4984865,8584,4539520,1046,434587,146,41525,27,8848,174,50601,0,0,20490,17721,10009597,9959224,0
2021-07-23,11247,4996112,8886,4548406,1114,435701,140,41665,23,8871,165,50766,0,0,21412,17905.14,10031009,9980473,0
2021-07-24,7399,5003511,6739,4555145,670,436371,82,41747,26,8897,109,50875,0,0,14917,17875,10045926,9995282,0
2021-07-25,5471,5008982,2130,4557275,509,436880,58,41805,4,8901,62,50937,0,0,8172,17733.43,10054098,10003392,0
2021-07-26,10865,5019847,7009,4564284,856,437736,112,41917,20,8921,132,51069,0,0,18862,17754,10072960,10022122,0
2021-07-27,12064,5031911,8572,4572856,856,438592,138,42055,41,8962,180,51249,0,0,21672,17919.43,10094632,10043615,0
2021-07-28,12011,5043922,8053,4580909,950,439542,136,42191,29,8991,166,51415,0,0,21180,18100.71,10115812,10064630,0
2021-07-29,10929,5054851,7433,4588342,983,440525,136,42327,41,9032,181,51596,0,0,19526,17963,10135338,10083979,0
2021-07-30,14947,5069798,8016,4596358,1151,441676,186,42513,32,9064,220,51816,0,0,24334,18380.43,10159672,10108095,0
2021-07-31,9719,5079517,6323,4602681,815,442491,122,42635,20,9084,143,51959,0,0,17000,18678,10176672,10124953,0
2021-08-01,6498,5086015,3313,4605994,564,443055,81,42716,21,9105,102,52061,0,0,10477,19007.29,10187149,10135328,0
2021-08-02,13447,5099462,7154,4613148,846,443901,150,42866,19,9124,169,52230,0,0,21616,19400.71,10208765,10156775,0
2021-08-03,15405,5114867,8392,4621540,1109,445010,144,43010,39,9163,184,52414,0,0,25090,19889,10233855,10181682,0
2021-08-04,17258,5132125,8131,4629671,1454,446464,183,43193,36,9199,219,52633,0,0,27062,20729.29,10260917,10208525,0
2021-08-05,17884,5150009,7934,4637605,1371,447835,159,43352,21,9220,180,52813,0,0,27369,21849.71,10288286,10235714,0
2021-08-06,18173,5168182,8420,4646025,1231,449066,170,43522,32,9252,202,53015,0,0,28026,22377.14,10316312,10263538,0
2021-08-07,13378,5181560,6017,4652042,799,449865,103,43625,30,9282,133,53148,0,0,20327,22852.43,10336639,10283732,0
2021-08-08,9309,5190869,3834,4655876,400,450265,84,43709,10,9292,94,53242,0,0,13637,23303.86,10350276,10297275,0
2021-08-09,21333,5212202,8530,4664406,965,451230,177,43886,34,9326,212,53454,0,0,31040,24650.14,10381316,10328104,0
2021-08-10,18944,5231146,9333,4673739,946,452176,180,44066,33,9359,214,53668,0,0,29437,25271.14,10410753,10357328,0
2021-08-11,15642,5246788,8314,4682053,853,453029,131,44197,45,9404,177,53845,0,0,24986,24974.57,10435739,10382138,0
2021-08-12,15052,5261840,8988,4691041,942,453971,179,44376,35,9439,216,54061,0,0,25198,24664.43,10460937,10407122,0
2021-08-13,14916,5276756,9292,4700333,919,454890,247,44623,38,9477,286,54347,0,0,25414,24291.29,10486351,10432251,0
2021-08-14,10393,5287149,6411,4706744,625,455515,536,45159,41,9518,580,54927,0,0,18009,23960.14,10504360,10449683,0
2021-08-15,6689,5293838,4484,4711228,676,456191,567,45726,33,9551,604,55531,0,0,12453,23791,10516813,10461536,0
2021-08-16,15705,5309543,9308,4720536,1149,457340,1329,47055,66,9617,1400,56931,0,0,27562,23294.14,10544375,10487703,0
2021-08-17,17756,5327299,10459,4730995,1229,458569,1776,48831,85,9702,1876,58807,0,0,31320,23563.14,10575695,10517162,0
2021-08-18,17480,5344779,10382,4741377,1261,459830,2001,50832,91,9793,2103,60910,0,0,31226,24454.57,10606921,10546296,0
2021-08-19,16284,5361063,9531,4750908,1315,461145,1961,52793,67,9860,2041,62951,0,0,29171,25022.14,10636092,10573439,0
2021-08-20,16264,5377327,11542,4762450,1252,462397,1869,54662,86,9946,1969,64920,0,0,31027,25824,10667119,10602511,0
2021-08-21,11142,5388469,8040,4770490,878,463275,1066,55728,54,10000,1127,66047,0,0,21187,26278,10688306,10622578,0
2021-08-22,4076,5392545,3903,4774393,261,463536,519,56247,33,10033,556,66603,0,0,8796,25755.57,10697102,10630822,0
2021-08-23,15572,5408117,11812,4786205,1022,464558,1552,57799,77,10110,1642,68245,0,0,30049,26110.86,10727151,10659242,0
2021-08-24,16913,5425030,12596,4798801,1007,465565,1777,59576,81,10191,1866,70111,0,0,32382,26262.57,10759533,10689766,0
2021-08-25,14563,5439593,12456,4811257,1112,466677,1569,61145,82,10273,1666,71777,0,0,29797,26058.43,10789330,10717912,0
2021-08-26,16142,5455735,14102,4825359,1071,467748,1780,62925,70,10343,1862,73639,0,0,33177,26630.71,10822507,10749239,0
2021-08-27,14873,5470608,14825,4840184,971,468719,1677,64602,76,10419,1761,75400,0,0,32430,26831.14,10854937,10779916,0
2021-08-28,10674,5481282,11524,4851708,835,469554,1020,65622,46,10465,1067,76467,0,0,24100,27247.29,10879037,10802950,0
2021-08-29,7208,5488490,7500,4859208,541,470095,782,66404,58,10523,849,77316,0,0,16098,28290.43,10895135,10818208,0
2021-08-30,15511,5504001,16927,4876135,1076,471171,1799,68203,94,10617,1901,79217,0,0,35415,29057,10930550,10851730,0
2021-08-31,15502,5519503,15961,4892096,951,472122,1982,70185,90,10707,2082,81299,0,0,34496,29359,10965046,10884154,0
2021-09-01,14826,5534329,14110,4906206,1020,473142,1815,72000,62,10769,1887,83186,0,0,31843,29651.29,10996889,10914120,0
2021-09-02,14311,5548640,12526,4918732,896,474038,1715,73715,64,10833,1795,84981,0,0,29528,29130,11026417,10941869,0
2021-09-03,14997,5563637,14316,4933048,974,475012,1901,75616,72,10905,1979,86960,0,0,32266,29106.57,11058683,10972162,0
2021-09-04,9643,5573280,9405,4942453,688,475700,979,76595,34,10939,1018,87978,0,0,20754,28628.57,11079437,10991903,0
2021-09-05,6793,5580073,5512,4947965,438,476138,720,77315,17,10956,738,88716,0,0,13481,28254.71,11092918,11004647,0
2021-09-06,5194,5585267,4511,4952476,358,476496,274,77589,11,10967,287,89003,0,0,10350,24674,11103268,11014712,0
2021-09-07,15563,5600830,17703,4970179,912,477408,1562,79151,93,11060,1663,90666,0,0,35841,24866.14,11139109,11048898,0
2021-09-08,16150,5616980,14831,4985010,1070,478478,1782,80933,83,11143,1877,92543,0,0,33928,25164,11173037,11080961,0
2021-09-09,16093,5633073,14757,4999767,1047,479525,1922,82855,78,11221,2011,94554,0,0,33908,25789.71,11206945,11112869,0
2021-09-10,18350,5651423,15403,5015170,1207,480732,1981,84836,83,11304,2071,96625,0,0,37031,26470.43,11243976,11147836,0
2021-09-11,12630,5664053,10351,5025521,958,481690,1030,85866,50,11354,1086,97711,0,0,25025,27080.57,11269001,11171781,0
2021-09-12,8533,5672586,5052,5030573,765,482455,694,86560,32,11386,727,98438,0,0,15077,27308.57,11284078,11186132,0
2021-09-13,16920,5689506,12965,5043538,976,483431,1663,88223,52,11438,1725,100163,0,0,32586,30485.14,11316664,11217003,0
2021-09-14,16260,5705766,13678,5057216,886,484317,1603,89826,57,11495,1672,101835,0,0,32496,30007.29,11349160,11247839,0
2021-09-15,15512,5721278,12895,5070111,727,485044,1577,91403,83,11578,1669,103504,0,0,30803,29560.86,11379963,11276982,0
2021-09-16,15330,5736608,13915,5084026,1210,486254,1471,92874,68,11646,1546,105050,0,0,32001,29288.43,11411964,11307444,0
2021-09-17,14427,5751035,13955,5097981,922,487176,1845,94719,58,11704,1905,106955,0,0,31209,28456.71,11443173,11336750,0
2021-09-18,9988,5761023,10189,5108170,913,488089,1052,95771,42,11746,1098,108053,0,0,22188,28051.43,11465361,11357844,0
2021-09-19,6168,5767191,6077,5114247,558,488647,748,96519,29,11775,782,108835,0,0,13585,27838.29,11478946,11370652,0
2021-09-20,12663,5779854,12632,5126879,1068,489715,1927,98446,62,11837,1998,110833,0,0,28361,27234.71,11507307,11397024,0
2021-09-21,12216,5792070,12774,5139653,1108,490823,2036,100482,80,11917,2131,112964,0,0,28229,26625.14,11535536,11423137,0
2021-09-22,12817,5804887,12007,5151660,1090,491913,1691,102173,69,11986,1766,114730,0,0,27680,26179,11563216,11449057,0
2021-09-23,14918,5819805,12768,5164428,1639,493552,2274,104447,76,12062,2357,117087,0,0,31682,26133.43,11594898,11478389,0
2021-09-24,16514,5836319,13368,5177796,1636,495188,4628,109075,127,12189,4774,121861,0,0,36292,26859.57,11631190,11509926,0
2021-09-25,10519,5846838,9033,5186829,1017,496205,3465,112540,81,12270,3562,125423,0,0,24131,27137.14,11655321,11530511,0
2021-09-26,6288,5853126,5768,5192597,773,496978,2425,114965,61,12331,2497,127920,0,0,15326,27385.86,11670647,11543351,0
2021-09-27,14129,5867255,8066,5200663,1155,498133,9084,124049,163,12494,9297,137217,0,0,32648,27998.29,11703295,11566752,0
2021-09-28,11106,5878361,11788,5212451,901,499034,9936,133985,182,12676,10157,147374,0,0,33952,28815.86,11737247,11590586,0
2021-09-29,11591,5889952,12195,5224646,1205,500239,9462,143447,174,12850,9670,157044,0,0,34662,29813.29,11771909,11615612,0
2021-09-30,12212,5902164,12612,5237258,1338,501577,9768,153215,181,13031,9983,167027,0,0,36145,30450.86,11808054,11641808,0
2021-10-01,12617,5914781,13431,5250689,1284,502861,10291,163506,155,13186,10482,177509,0,0,37814,30668.29,11845868,11669176,0
2021-10-02,7717,5922498,9983,5260672,865,503726,4246,167752,82,13268,4352,181861,0,0,22917,30494.86,11868785,11687765,0
2021-10-03,5055,5927553,6159,5266831,593,504319,2623,170375,61,13329,2694,184555,1,1,14502,30377.14,11883287,11699582,0
2021-10-04,9899,5937452,11019,5277850,914,505233,9539,179914,150,13479,9725,194280,0,1,31557,30221.29,11914844,11721450,0
2021-10-05,10132,5947584,11735,5289585,972,506205,9964,189878,179,13658,10186,204466,1,2,33026,30089,11947870,11744332,0
2021-10-06,9868,5957452,11052,5300637,937,507142,9952,199830,162,13820,10151,214617,0,2,32008,29709.86,11979878,11766226,0
2021-10-07,9592,5967044,12158,5312795,850,507992,10186,210016,177,13997,10396,225013,0,2,32996,29260,12012874,11788859,0
2021-10-08,9427,5976471,12184,5324979,941,508933,10922,220938,166,14163,11127,236140,0,2,33679,28669.29,12046553,11811450,0
2021-10-09,6226,5982697,8240,5333219,643,509576,4133,225071,89,14252,4239,240379,0,2,19348,28159.43,12065901,11826576,0
2021-10-10,3529,5986226,5028,5338247,458,510034,2439,227510,48,14300,2495,242874,0,2,11510,27732,12077411,11835599,0
2021-10-11,7592,5993818,9339,5347586,728,510762,8905,236415,166,14466,9095,251969,0,2,26754,27045.86,12104165,11853282,0
2021-10-12,8049,6001867,10994,5358580,891,511653,10536,246951,187,14653,10764,262733,0,2,30698,26713.29,12134863,11873257,0
2021-10-13,7128,6008995,10147,5368727,869,512522,8815,255766,185,14838,9030,271763,0,2,27174,26022.71,12162037,11891431,0
2021-10-14,7402,6016397,11120,5379847,837,513359,10138,265904,164,15002,10342,282105,0,2,29701,25552,12191738,11910830,0
2021-10-15,7703,6024100,11857,5391704,823,514182,10863,276767,175,15177,11071,293176,0,2,31454,25234.14,12223192,11931246,0
2021-10-16,4853,6028953,7465,5399169,665,514847,3854,280621,67,15244,3933,297109,0,2,16916,24886.71,12240108,11944241,0
2021-10-17,3049,6032002,4471,5403640,411,515258,2460,283081,44,15288,2511,299620,0,2,10442,24734.14,12250550,11952179,0
2021-10-18,7015,6039017,10672,5414312,797,516055,9501,292582,187,15475,9722,309342,0,2,28206,24941.57,12278756,11970697,0
2021-10-19,6546,6045563,8948,5423260,803,516858,9109,301691,177,15652,9326,318668,1,3,25624,24216.71,12304380,11987034,0
2021-10-20,6516,6052079,9371,5432631,975,517833,10004,311695,180,15832,10222,328890,3,6,27086,24204.14,12331466,12003933,0
2021-10-21,7004,6059083,9387,5442018,858,518691,10871,322566,159,15991,11064,339954,1,7,28314,24006,12359780,12021216,0
2021-10-22,8080,6067163,10345,5452363,1026,519717,16378,338944,222,16213,16654,356608,0,7,36105,24670.43,12395885,12040721,0
2021-10-23,5150,6072313,6456,5458819,690,520407,9137,348081,118,16331,9275,365883,0,7,21571,25335.43,12417456,12053037,0
2021-10-24,3247,6075560,3966,5462785,767,521174,6178,354259,81,16412,6284,372167,1,8,14265,25881.57,12431721,12061042,0
2021-10-25,8799,6084359,8747,5471532,1152,522326,19289,373548,302,16714,19661,391828,0,8,38359,27332,12470080,12079810,0
2021-10-26,8150,6092509,7723,5479255,1258,523584,17319,390867,279,16993,17668,409496,0,8,34799,28642.71,12504879,12097011,0
2021-10-27,10501,6103010,8394,5487649,1604,525188,20901,411768,329,17322,21300,430796,0,8,41799,30744.57,12546678,12117580,0
2021-10-28,11258,6114268,8029,5495678,1793,526981,20905,432673,327,17649,21299,452095,0,8,42379,32753.86,12589057,12138727,0
2021-10-29,11804,6126072,8228,5503906,1968,528949,22579,455252,350,17999,23001,475096,1,9,45003,34025,12634060,12160800,0
2021-10-30,4599,6130671,5063,5508969,932,529881,11198,466450,169,18168,11406,486502,0,9,22000,34086.29,12656060,12171433,0
2021-10-31,2645,6133316,2700,5511669,544,530425,6650,473100,106,18274,6779,493281,1,10,12668,33858.14,12668728,12177344,0
2021-11-01,7069,6140385,6953,5518622,1085,531510,20437,493537,335,18609,20832,514113,1,11,35940,33512.57,12704668,12192511,0
2021-11-02,6524,6146909,6586,5525208,1055,532565,20823,514360,281,18890,21180,535293,0,11,35345,33590.57,12740013,12206752,0
2021-11-03,6789,6153698,6682,5531890,1026,533591,20681,535041,315,19205,21071,556364,0,11,35570,32700.71,12775583,12221326,0
2021-11-04,9261,6162959,6279,5538169,994,534585,22415,557456,353,19558,22851,579215,0,11,39385,32273,12814968,12237943,0
2021-11-05,11017,6173976,6719,5544888,1050,535635,23803,581259,362,19920,24248,603463,0,11,43034,31991.71,12858002,12256812,0
2021-11-06,11122,6185098,4049,5548937,594,536229,12618,593877,175,20095,12830,616293,0,11,28595,32933.86,12886597,12272614,0
2021-11-07,7225,6192323,2287,5551224,577,536806,7124,601001,98,20193,7237,623530,0,11,17326,33599.29,12903923,12282718,0
2021-11-08,15021,6207344,5679,5556903,862,537668,19540,620541,288,20481,19896,643426,1,12,41459,34387.71,12945382,12304348,0
2021-11-09,16105,6223449,5385,5562288,659,538327,20568,641109,279,20760,20929,664355,0,12,43078,35492.43,12988460,12326579,0
2021-11-10,16871,6240320,5323,5567611,682,539009,22716,663825,294,21054,23081,687436,0,12,45957,36976.29,13034417,12349526,0
2021-11-11,12497,6252817,5183,5572794,760,539769,22161,685986,291,21345,22521,709957,0,12,40961,37201.43,13075378,12368035,0
2021-11-12,16963,6269780,5687,5578481,705,540474,23481,709467,358,21703,23916,733873,1,13,47272,37806.86,13122650,12391467,0
2021-11-13,9904,6279684,3661,5582142,464,540938,13365,722832,185,21888,13593,747466,0,13,27622,37667.86,13150272,12405539,0
2021-11-14,5982,6285666,2283,5584425,324,541262,7956,730788,82,21970,8059,755525,0,13,16648,37571,13166920,12414149,0
2021-11-15,13166,6298832,5979,5590404,689,541951,25176,755964,369,22339,25625,781150,0,13,45459,38142.43,13212379,12434063,0
2021-11-16,9883,6308715,5780,5596184,653,542604,30737,786701,441,22780,31255,812405,0,13,47572,38784.43,13259951,12450457,0
2021-11-17,10212,6318927,6668,5602852,681,543285,31514,818215,427,23207,32030,844435,0,13,49591,39303.57,13309542,12468107,0
2021-11-18,10643,6329570,6528,5609380,855,544140,33106,851321,462,23669,33664,878099,0,13,51690,40836.29,13361232,12486229,0
2021-11-19,11902,6341472,6551,5615931,707,544847,36356,887677,467,24136,36916,915015,0,13,56076,42094,13417308,12505482,0
2021-11-20,9264,6350736,3415,5619346,512,545359,22580,910257,260,24396,22892,937907,0,13,36083,43302.71,13453391,12518725,0
2021-11-21,4896,6355632,1886,5621232,288,545647,13248,923505,156,24552,13430,951337,1,14,20501,43853.14,13473892,12525821,0
2021-11-22,10327,6365959,5780,5627012,748,546395,36031,959536,448,25000,36571,987908,0,14,53427,44991.43,13527319,12542769,0
2021-11-23,9690,6375649,4780,5631792,632,547027,33615,993151,388,25388,34075,1021983,0,14,49178,45220.86,13576497,12557944,0
2021-11-24,8617,6384266,4748,5636540,648,547675,26002,1019153,287,25675,26360,1048343,1,15,40374,43904.14,13616871,12572028,0
2021-11-25,447,6384713,328,5636868,80,547755,1004,1020157,9,25684,1013,1049356,0,15,1868,36786.71,13618739,12572883,0
2021-11-26,7999,6392712,7004,5643872,528,548283,26649,1046806,308,25992,27014,1076370,0,15,42545,34853.71,13661284,12588471,0
2021-11-27,6634,6399346,6845,5650717,370,548653,18899,1065705,227,26219,19163,1095533,0,15,33013,34415.14,13694297,12602358,0
2021-11-28,4033,6403379,5791,5656508,279,548932,11943,1077648,122,26341,12084,1107617,0,15,22187,34656,13716484,12612480,0
2021-11-29,8999,6412378,11018,5667526,684,549616,35160,1112808,455,26796,35691,1143308,1,16,56393,35079.71,13772877,12633257,0
2021-11-30,10404,6422782,11446,5678972,511,550127,37899,1150707,499,27295,38511,1181819,0,16,60872,36750.29,13833749,12655731,0
2021-12-01,11069,6433851,10984,5689956,724,550851,40490,1191197,442,27737,41031,1222850,0,16,63809,40098.14,13897558,12678608,0
2021-12-02,11530,6445381,11052,5701008,624,551475,42306,1233503,458,28195,42863,1265713,0,16,66069,49269.71,13963627,12701913,0
2021-12-03,13359,6458740,12902,5713910,664,552139,48100,1281603,531,28726,48734,1314447,1,17,75660,54000.43,14039287,12728941,0
2021-12-04,9749,6468489,11307,5725217,564,552703,30774,1312377,311,29037,31139,1345586,0,17,52759,56821.29,14092046,12750615,0
2021-12-05,5700,6474189,5703,5730920,270,552973,16711,1329088,131,29168,16878,1362464,0,17,28551,57730.43,14120597,12762324,0
2021-12-06,12224,6486413,9984,5740904,599,553572,43394,1372482,461,29629,43946,1406410,0,17,66753,59210.43,14187350,12785222,0
2021-12-07,12478,6498891,9256,5750160,623,554195,43179,1415661,518,30147,43784,1450194,0,17,66141,59963.14,14253491,12807666,0
2021-12-08,13431,6512322,8777,5758937,555,554750,40917,1456578,487,30634,41485,1491679,0,17,64248,60025.86,14317739,12830510,0
2021-12-09,13377,6525699,8756,5767693,551,555301,40964,1497542,499,31133,41560,1533239,0,17,64244,59765.14,14381983,12853291,0
2021-12-10,13932,6539631,10150,5777843,666,555967,43798,1541340,511,31644,44397,1577636,0,17,69145,58834.43,14451128,12878127,0
2021-12-11,10197,6549828,8136,5785979,405,556372,26768,1568108,287,31931,27105,1604741,0,17,45844,57846.57,14496972,12896916,0
2021-12-12,5975,6555803,3857,5789836,287,556659,15205,1583313,137,32068,15366,1620107,0,17,25485,57408.57,14522457,12907059,0
2021-12-13,12106,6567909,7431,5797267,655,557314,38033,1621346,407,32475,38524,1658631,0,17,58716,56260.43,14581173,12927335,0
2021-12-14,12142,6580051,6950,5804217,730,558044,38287,1659633,446,32921,38799,1697430,0,17,58621,55186.14,14639794,12947223,0
2021-12-15,11999,6592050,6245,5810462,755,558799,38272,1697905,495,33416,38847,1736277,0,17,57847,54271.71,14697641,12966303,0
2021-12-16,13074,6605124,4271,5814733,737,559536,41243,1739148,470,33886,41786,1778063,0,17,59868,53646.57,14757509,12984458,0
2021-12-17,15845,6620969,6945,5821678,618,560154,46937,1786085,486,34372,47519,1825582,0,17,70927,53901.14,14828436,13007962,0
2021-12-18,12944,6633913,5721,5827399,432,560586,30699,1816784,279,34651,31035,1856617,1,18,50132,54513.71,14878568,13027115,0
2021-12-19,6965,6640878,2995,5830394,326,560912,18057,1834841,176,34827,18264,1874881,0,18,28550,54951.57,14907118,13037432,0
2021-12-20,16736,6657614,5855,5836249,745,561657,47627,1882468,581,35408,48289,1923170,0,18,71625,56795.71,14978743,13060849,0
2021-12-21,17858,6675472,6578,5842827,806,562463,49063,1931531,598,36006,49740,1972910,0,18,74982,59133,15053725,13086170,0
2021-12-22,18480,6693952,6556,5849383,938,563401,49835,1981366,542,36548,50456,2023366,1,19,76431,61787.86,15130156,13112223,0
2021-12-23,18935,6712887,6488,5855871,930,564331,46013,2027379,535,37083,46614,2069980,0,19,72967,63659.14,15203123,13138642,0
2021-12-24,9183,6722070,2955,5858826,598,564929,20652,2048031,213,37296,20898,2090878,0,19,33634,58331.57,15236757,13151411,0
2021-12-25,342,6722412,63,5858889,31,564960,427,2048458,8,37304,436,2091314,0,19,872,51294.43,15237629,13151848,0
2021-12-26,7919,6730331,3931,5862820,341,565301,17316,2065774,179,37483,17526,2108840,0,19,29717,51461.14,15267346,13164070,0
2021-12-27,21694,6752025,9206,5872026,931,566232,43555,2109329,565,38048,44193,2153033,0,19,76024,52089.57,15343370,13195974,0
2021-12-28,20046,6772071,8337,5880363,700,566932,47704,2157033,625,38673,48417,2201450,0,19,77500,52449.29,15420870,13225145,0
2021-12-29,18419,6790490,7668,5888031,606,567538,45678,2202711,492,39165,46244,2247694,0,19,72937,51950.14,15493807,13251912,0
2021-12-30,16810,6807300,7436,5895467,588,568126,44936,2247647,594,39759,45616,2293310,0,19,70450,51590.57,15564257,13276832,0
2021-12-31,5336,6812636,2811,5898278,192,568318,14793,2262440,188,39947,15003,2308313,0,19,23342,50120.29,15587599,13285193,0
2022-01-01,244,6812880,147,5898425,12,568330,502,2262942,22,39969,528,2308841,0,19,931,50128.71,15588530,13285600,0
2022-01-02,6404,6819284,5020,5903445,153,568483,11008,2273950,111,40080,11135,2319976,0,19,22712,49128,15611242,13297193,0
2022-01-03,14087,6833371,8515,5911960,515,568998,27022,2300972,346,40426,27412,2347388,2,21,50531,45486.14,15661773,13320354,0
2022-01-04,12783,6846154,8132,5920092,414,569412,27306,2328278,371,40797,27736,2375124,77,98,49129,41433.14,15710902,13341729,0
2022-01-05,11283,6857437,7025,5927117,384,569796,26035,2354313,317,41114,26394,2401518,0,98,45086,37454.43,15755988,13360463,0
2022-01-06,11314,6868751,7399,5934516,485,570281,27666,2381979,357,41471,28075,2429593,2,100,47274,34143.57,15803262,13379712,0
2022-01-07,10117,6878868,8456,5942972,339,570620,25239,2407218,332,41803,25606,2455199,0,100,44519,37168.86,15847781,13398660,0
2022-01-08,7647,6886515,8593,5951565,311,570931,19635,2426853,189,41992,19841,2475040,0,100,36393,42234.86,15884174,13415229,0
2022-01-09,4108,6890623,3845,5955410,214,571145,10080,2436933,97,42089,10188,2485228,1,101,18356,41612.57,15902530,13423407,0
2022-01-10,10137,6900760,8198,5963608,490,571635,24642,2461575,310,42399,25003,2510231,1,102,43828,40655,15946358,13442282,0
2022-01-11,8835,6909595,7990,5971598,522,572157,21080,2482655,295,42694,21419,2531650,0,102,38768,39174.86,15985126,13459675,0
2022-01-12,8893,6918488,8329,5979927,428,572585,22400,2505055,291,42985,22726,2554376,1,103,40377,38502.14,16025503,13477360,0
2022-01-13,8997,6927485,8869,5988796,451,573036,22951,2528006,337,43322,23324,2577700,1,104,41643,37697.71,16067146,13495714,0
2022-01-14,10059,6937544,8124,5996920,474,573510,26482,2554488,340,43662,26864,2604564,0,104,45521,37840.86,16112667,13514413,0
2022-01-15,6184,6943728,4314,6001234,180,573690,15165,2569653,185,43847,15373,2619937,0,104,26051,36363.43,16138718,13525114,0
2022-01-16,2895,6946623,3248,6004482,95,573785,7840,2577493,88,43935,7938,2627875,0,104,14176,35766.29,16152894,13531362,0
2022-01-17,6036,6952659,6754,6011236,363,574148,14718,2592211,223,44158,14959,2642834,0,104,28112,33521.14,16181006,13544533,0
2022-01-18,8121,6960780,10323,6021559,394,574542,19708,2611919,325,44483,20063,2662897,0,104,38901,33540.14,16219907,13563401,0
2022-01-19,7416,6968196,9260,6030819,303,574845,17754,2629673,281,44764,18068,2680965,0,104,35048,32778.86,16254955,13580414,0
2022-01-20,6234,6974430,8562,6039381,305,575150,15293,2644966,256,45020,15576,2696541,0,104,30677,31212.29,16285632,13595542,0
2022-01-21,7525,6981955,7519,6046900,276,575426,18542,2663508,292,45312,18858,2715399,1,105,34178,29591.86,16319810,13610885,0
2022-01-22,5173,6987128,4933,6051833,132,575558,11342,2674850,131,45443,11498,2726897,0,105,21736,28975.43,16341546,13621148,0
2022-01-23,2785,6989913,3334,6055167,97,575655,6248,2681098,78,45521,6334,2733231,0,105,12550,28743.14,16354096,13627372,0
2022-01-24,6330,6996243,8208,6063375,262,575917,15096,2696194,248,45769,15371,2748602,0,105,30171,29037.29,16384267,13642199,0
2022-01-25,6147,7002390,7949,6071324,231,576148,14728,2710922,265,46034,15025,2763627,0,105,29352,27673.14,16413619,13656558,0
2022-01-26,5718,7008108,7183,6078507,288,576436,14041,2724963,216,46250,14284,2777911,0,105,27473,26591,16441092,13669774,0
2022-01-27,5220,7013328,7097,6085604,320,576756,14115,2739078,237,46487,14391,2792302,0,105,27028,26069.71,16468120,13682450,0
2022-01-28,6216,7019544,7883,6093487,205,576961,16157,2755235,241,46728,16421,2808723,1,106,30726,25576.57,16498846,13696777,0
2022-01-29,836,7020380,729,6094216,28,576989,2542,2757777,40,46768,2585,2811308,0,106,4178,23068.29,16503024,13698373,0
2022-01-30,2073,7022453,3024,6097240,103,577092,4555,2762332,64,46832,4623,2815931,0,106,9823,22678.71,16512847,13703577,0
2022-01-31,4983,7027436,6595,6103835,219,577311,11408,2773740,203,47035,11626,2827557,0,106,23423,21714.71,16536270,13715389,0
2022-02-01,4801,7032237,6455,6110290,220,577531,10733,2784473,223,47258,10974,2838531,1,107,22450,20728.71,16558720,13726882,0
2022-02-02,4248,7036485,5936,6116226,212,577743,11261,2795734,243,47501,11522,2850053,0,107,21918,19935.14,16580638,13737296,0
2022-02-03,4206,7040691,5818,6122044,216,577959,11236,2806970,205,47706,11467,2861520,1,108,21707,19175,16602345,13747561,0
2022-02-04,4734,7045425,7119,6129163,214,578173,13245,2820215,240,47946,13511,2875031,0,108,25578,18439.57,16627923,13759654,0
2022-02-05,3554,7048979,6061,6135224,110,578283,8596,2828811,159,48105,8770,2883801,0,108,18495,20484.86,16646418,13769394,0
2022-02-06,2051,7051030,2139,6137363,120,578403,4648,2833459,105,48210,4757,2888558,0,108,9068,20377,16655486,13773709,0
2022-02-07,4118,7055148,4750,6142113,205,578608,10151,2843610,237,48447,10413,2898971,0,108,19486,19814.57,16674972,13782807,0
2022-02-08,4190,7059338,5609,6147722,214,578822,11348,2854958,313,48760,11686,2910657,0,108,21699,19707.29,16696671,13792845,0
2022-02-09,4110,7063448,5405,6153127,221,579043,11679,2866637,260,49020,11963,2922620,0,108,21699,19676,16718370,13802605,0
2022-02-10,3966,7067414,5128,6158255,243,579286,12212,2878849,292,49312,12533,2935153,0,108,21870,19699.29,16740240,13811971,0
2022-02-11,4492,7071906,5814,6164069,195,579481,13751,2892600,328,49640,14111,2949264,0,108,24612,19561.29,16764852,13822504,0
2022-02-12,3241,7075147,4343,6168412,97,579578,8821,2901421,217,49857,9049,2958313,0,108,16730,19309.14,16781582,13830196,0
2022-02-13,1511,7076658,1543,6169955,41,579619,4889,2906310,113,49970,5007,2963320,0,108,8102,19171.14,16789684,13833296,0
2022-02-14,2964,7079622,3624,6173579,166,579785,10592,2916902,327,50297,10945,2974265,1,109,17700,18916,16807384,13840076,0
2022-02-15,3521,7083143,4074,6177653,174,579959,12810,2929712,288,50585,13114,2987379,0,109,20883,18799.43,16828267,13847861,0
2022-02-16,3620,7086763,3908,6181561,199,580158,15767,2945479,298,50883,16100,3003479,0,109,23827,19103.43,16852094,13855623,0
2022-02-17,4132,7090895,4080,6185641,161,580319,18363,2963842,372,51255,18765,3022244,0,109,27138,19856,16879232,13864026,0
2022-02-18,4431,7095326,4791,6190432,191,580510,21559,2985401,464,51719,22045,3044289,0,109,31458,20834,16910690,13873461,0
2022-02-19,3234,7098560,2183,6192615,65,580575,11200,2996601,218,51937,11429,3055718,0,109,16911,20859.86,16927601,13878954,0
2022-02-20,1844,7100404,1445,6194060,59,580634,6599,3003200,114,52051,6720,3062438,0,109,10068,21140.71,16937669,13882309,0
2022-02-21,3073,7103477,2693,6196753,94,580728,8365,3011565,235,52286,8613,3071051,0,109,14473,20679.71,16952142,13888182,0
2022-02-22,4362,7107839,4257,6201010,174,580902,10847,3022412,257,52543,11121,3082172,0,109,19914,20541.29,16972056,13896992,0
2022-02-23,4234,7112073,3791,6204801,145,581047,10689,3033101,245,52788,10950,3093122,1,110,19121,19869,16991177,13905178,0
2022-02-24,3780,7115853,3663,6208464,108,581155,10204,3043305,234,53022,10457,3103579,0,110,18008,18564.71,17009185,13912748,0
2022-02-25,3595,7119448,3634,6212098,135,581290,9994,3053299,245,53267,10252,3113831,0,110,17616,16587.29,17026801,13920125,0
2022-02-26,2817,7122265,2584,6214682,74,581364,9526,3062825,161,53428,9696,3123527,0,110,15171,16338.71,17041972,13925609,0
2022-02-27,1764,7124029,1373,6216055,52,581416,6274,3069099,101,53529,6382,3129909,0,110,9571,16267.71,17051543,13928805,0
2022-02-28,3769,7127798,3135,6219190,140,581556,13151,3082250,257,53786,13432,3143341,0,110,20476,17125.29,17072019,13935873,0
2022-03-01,2117,7129915,2631,6221821,103,581659,5192,3087442,186,53972,5385,3148726,0,110,10236,15742.71,17082255,13940731,0
2022-03-02,1823,7131738,2448,6224269,107,581766,4146,3091588,213,54185,4370,3153096,0,110,8748,14260.86,17091003,13945120,0
2022-03-03,1930,7133668,2564,6226833,106,581872,3805,3095393,171,54356,3989,3157085,0,110,8589,12915.29,17099592,13949733,0
2022-03-04,2115,7135783,2879,6229712,66,581938,4334,3099727,211,54567,4557,3161642,0,110,9617,11772.57,17109209,13954805,0
2022-03-05,1612,7137395,2125,6231837,43,581981,3318,3103045,119,54686,3440,3165082,0,110,7220,10636.71,17116429,13958588,0
2022-03-06,793,7138188,881,6232718,30,582011,1627,3104672,55,54741,1685,3166767,0,110,3389,9753.57,17119818,13960295,0
2022-03-07,1660,7139848,1788,6234506,87,582098,3506,3108178,162,54903,3682,3170449,0,110,7217,7859.43,17127035,13963844,0
2022-03-08,1544,7141392,1899,6236405,80,582178,3128,3111306,153,55056,3293,3173742,0,110,6816,7370.86,17133851,13967379,0
2022-03-09,1259,7142651,1684,6238089,80,582258,2595,3113901,130,55186,2730,3176472,0,110,5753,6943,17139604,13970407,0
2022-03-10,1409,7144060,2097,6240186,85,582343,2973,3116874,164,55350,3146,3179618,0,110,6737,6678.43,17146341,13974007,0
2022-03-11,1594,7145654,2278,6242464,81,582424,3217,3120091,190,55540,3425,3183043,0,110,7378,6358.57,17153719,13977978,0
2022-03-12,875,7146529,1416,6243880,42,582466,2011,3122102,75,55615,2089,3185132,0,110,4422,5958.86,17158141,13980314,0
2022-03-13,625,7147154,757,6244637,28,582494,1292,3123394,49,55664,1344,3186476,0,110,2754,5868.14,17160895,13981727,0
2022-03-14,1361,7148515,1615,6246252,84,582578,2999,3126393,208,55872,3228,3189704,0,110,6288,5735.43,17167183,13984808,0
2022-03-15,1354,7149869,1924,6248176,63,582641,3073,3129466,236,56108,3316,3193020,0,110,6657,5712.71,17173840,13988156,0
2022-03-16,1394,7151263,2061,6250237,94,582735,3150,3132616,295,56403,3461,3196481,0,110,7010,5892.29,17180850,13991721,0
2022-03-17,1190,7152453,1808,6252045,71,582806,2764,3135380,269,56672,3047,3199528,0,110,6116,5803.57,17186966,13994804,0
2022-03-18,1578,7154031,2219,6254264,79,582885,3780,3139160,421,57093,4207,3203735,1,111,8084,5904.43,17195050,13998686,0
2022-03-19,1103,7155134,1734,6255998,54,582939,2607,3141767,229,57322,2841,3206576,0,111,5732,6091.57,17200782,14001582,0
2022-03-20,604,7155738,631,6256629,33,582972,1469,3143236,186,57508,1659,3208235,0,111,2927,6116.29,17203709,14002854,0
2022-03-21,1413,7157151,1559,6258188,73,583045,3061,3146297,359,57867,3443,3211678,1,112,6489,6145,17210198,14005922,0
2022-03-22,1340,7158491,1553,6259741,101,583146,2908,3149205,350,58217,3268,3214946,0,112,6262,6088.57,17216460,14008926,0
2022-03-23,1257,7159748,1360,6261101,66,583212,2922,3152127,375,58592,3307,3218253,0,112,5990,5942.86,17222450,14011619,0
2022-03-24,1207,7160955,1300,6262401,90,583302,2521,3154648,274,58866,2805,3221058,0,112,5402,5840.86,17227852,14014226,0
2022-03-25,1377,7162332,1635,6264036,62,583364,3269,3157917,385,59251,3667,3224725,0,112,6741,5649,17234593,14017313,0
2022-03-26,922,7163254,1167,6265203,36,583400,2310,3160227,254,59505,2572,3227297,0,112,4697,5501.14,17239290,14019446,0
2022-03-27,574,7163828,528,6265731,29,583429,1314,3161541,202,59707,1519,3228816,0,112,2650,5461.57,17241940,14020580,0
2022-03-28,1073,7164901,1170,6266901,69,583498,2443,3163984,366,60073,2827,3231643,0,112,5139,5268.71,17247079,14022910,0
2022-03-29,1044,7165945,1107,6268008,84,583582,2516,3166500,886,60959,3422,3235065,1,113,5657,5182.29,17252736,14025164,0
2022-03-30,1238,7167183,1138,6269146,98,583680,3064,3169564,3412,64371,6565,3241630,0,113,9039,5617.86,17261775,14027727,0
2022-03-31,1275,7168458,1249,6270395,57,583737,3164,3172728,5533,69904,8834,3250464,0,113,11416,6477,17273191,14030446,0
2022-04-01,1422,7169880,1487,6271882,77,583814,3243,3175971,6923,76827,10323,3260787,0,113,13309,7415.29,17286500,14033589,0
2022-04-02,904,7170784,909,6272791,33,583847,2086,3178057,4541,81368,6723,3267510,0,113,8569,7968.43,17295069,14035531,0
2022-04-03,553,7171337,492,6273283,28,583875,1222,3179279,3057,84425,4342,3271852,0,113,5415,8363.43,17300484,14036667,0
2022-04-04,1346,7172683,1303,6274586,62,583937,2721,3182000,7721,92146,10595,3282447,0,113,13306,9530.14,17313790,14039531,0
2022-04-05,1292,7173975,1154,6275740,66,584003,2844,3184844,7501,99647,10520,3292967,0,113,13032,10583.71,17326822,14042218,0
2022-04-06,1330,7175305,1174,6276914,61,584064,2625,3187469,6965,106612,9751,3302718,0,113,12316,11051.86,17339138,14044944,0
2022-04-07,1202,7176507,1061,6277975,57,584121,2377,3189846,6628,113240,9150,3311868,1,114,11471,11059.71,17350609,14047409,0
2022-04-08,1474,7177981,1408,6279383,61,584182,3166,3193012,8793,122033,12154,3324022,0,114,15097,11315.14,17365706,14050547,0
2022-04-09,907,7178888,924,6280307,29,584211,2080,3195092,4959,126992,7122,3331144,0,114,8982,11374.14,17374688,14052490,0
2022-04-10,575,7179463,461,6280768,25,584236,1167,3196259,2901,129893,4130,3335274,0,114,5191,11342.14,17379879,14053613,0
2022-04-11,1305,7180768,1225,6281993,61,584297,2654,3198913,7838,137731,10646,3345920,0,114,13237,11332.29,17393116,14056358,0
2022-04-12,1213,7181981,1055,6283048,73,584370,2521,3201434,7447,145178,10141,3356061,0,114,12482,11253.71,17405598,14058872,0
2022-04-13,1228,7183209,1074,6284122,60,584430,2512,3203946,7550,152728,10212,3366273,0,114,12574,11290.57,17418172,14061384,0
2022-04-14,1261,7184470,1095,6285217,58,584488,2443,3206389,6598,159326,9169,3375442,0,114,11583,11306.57,17429755,14063926,0
2022-04-15,1331,7185801,1093,6286310,53,584541,2555,3208944,6635,165961,9319,3384761,0,114,11796,10835,17441551,14066532,0
2022-04-16,855,7186656,651,6286961,34,584575,1643,3210587,3691,169652,5401,3390162,0,114,6941,10543.43,17448492,14068139,0
2022-04-17,345,7187001,201,6287162,27,584602,637,3211224,1159,170811,1819,3391981,0,114,2392,10143.57,17450884,14068735,0
2022-04-18,1378,7188379,1112,6288274,82,584684,2583,3213807,6420,177231,9143,3401124,0,114,11715,9926.14,17462599,14071447,0
2022-04-19,1409,7189788,935,6289209,71,584755,2574,3216381,5763,182994,8438,3409562,0,114,10853,9693.43,17473452,14073963,0
2022-04-20,1297,7191085,1151,6290360,65,584820,2708,3219089,6649,189643,9499,3419061,0,114,12012,9613.14,17485464,14076618,0
2022-04-21,1225,7192310,1061,6291421,53,584873,2338,3221427,5396,195039,7854,3426915,1,115,10194,9414.71,17495658,14079077,0
2022-04-22,1234,7193544,1039,6292460,46,584919,2239,3223666,5781,200820,8136,3435051,0,115,10456,9223.29,17506114,14081513,0
2022-04-23,709,7194253,749,6293209,59,584978,1428,3225094,3352,204172,4846,3439897,0,115,6364,9140.86,17512478,14083097,0
2022-04-24,439,7194692,336,6293545,27,585005,809,3225903,1820,205992,2661,3442558,0,115,3463,9293.86,17515941,14083931,0
2022-04-25,1037,7195729,917,6294462,64,585069,1851,3227754,5092,211084,7056,3449614,0,115,9074,8916.57,17525015,14086062,0
2022-04-26,948,7196677,857,6295319,76,585145,1747,3229501,4696,215780,6539,3456153,0,115,8420,8569,17533435,14088039,0
2022-04-27,1034,7197711,1021,6296340,80,585225,1926,3231427,5217,220997,7264,3463417,0,115,9399,8195.71,17542834,14090295,0
2022-04-28,1081,7198792,988,6297328,50,585275,2006,3233433,4746,225743,6865,3470282,0,115,8984,8022.86,17551818,14092527,0
2022-04-29,1173,7199965,1101,6298429,60,585335,2156,3235589,5435,231178,7706,3477988,0,115,10040,7963.43,17561858,14094976,0
2022-04-30,723,7200688,743,6299172,50,585385,1391,3236980,2967,234145,4404,3482392,0,115,5920,7900,17567778,14096538,0
2022-05-01,445,7201133,366,6299538,20,585405,766,3237746,1656,235801,2454,3484846,0,115,3285,7874.57,17571063,14097401,0
2022-05-02,1045,7202178,792,6300330,52,585457,1677,3239423,3818,239619,5566,3490412,2,117,7456,7643.43,17578519,14099360,0
2022-05-03,1117,7203295,863,6301193,61,585518,1995,3241418,4870,244489,6963,3497375,0,117,9004,7726.86,17587523,14101499,0
2022-05-04,1003,7204298,881,6302074,48,585566,1927,3243345,4679,249168,6696,3504071,0,117,8628,7616.71,17596151,14103521,0
2022-05-05,1072,7205370,953,6303027,86,585652,1927,3245272,4884,254052,6911,3510982,0,117,9022,7622.14,17605173,14105732,0
2022-05-06,1095,7206465,956,6303983,51,585703,1861,3247133,4402,258454,6340,3517322,2,119,8442,7393.86,17613615,14107909,0
2022-05-07,659,7207124,591,6304574,32,585735,1204,3248337,2435,260889,3678,3521000,1,120,4960,7256.71,17618575,14109229,0
2022-05-08,411,7207535,243,6304817,17,585752,664,3249001,1389,262278,2075,3523075,0,120,2746,7179.71,17621321,14109922,0
2022-05-09,1077,7208612,943,6305760,60,585812,1893,3250894,4429,266707,6413,3529488,0,120,8493,7327.86,17629814,14112093,0
2022-05-10,1094,7209706,929,6306689,54,585866,1979,3252873,4721,271428,6807,3536295,0,120,8884,7310.71,17638698,14114277,0
2022-05-11,1084,7210790,972,6307661,44,585910,1943,3254816,4844,276272,6887,3543182,0,120,8987,7362,17647685,14116477,0
2022-05-12,1098,7211888,948,6308609,60,585970,2002,3256818,4665,280937,6767,3549949,0,120,8873,7340.71,17656558,14118683,0
2022-05-13,1153,7213041,1039,6309648,44,586014,2074,3258892,4810,285747,6977,3556926,0,120,9213,7450.86,17665771,14121012,0
2022-05-14,823,7213864,669,6310317,31,586045,1468,3260360,2955,288702,4465,3561391,0,120,5988,7597.71,17671759,14122577,0
2022-05-15,508,7214372,355,6310672,22,586067,924,3261284,1650,290352,2600,3563991,0,120,3485,7703.29,17675244,14123488,0
2022-05-16,1226,7215598,853,6311525,62,586129,1832,3263116,3867,294219,5763,3569754,1,121,7905,7619.29,17683149,14125693,0
2022-05-17,1285,7216883,932,6312457,79,586208,2047,3265163,4897,299116,7039,3576793,1,122,9336,7683.86,17692485,14128084,0
2022-05-18,1236,7218119,899,6313356,82,586290,2062,3267225,4942,304058,7117,3583910,1,123,9335,7733.57,17701820,14130414,0
2022-05-19,1157,7219276,881,6314237,36,586326,2118,3269343,4732,308790,6936,3590846,0,123,9010,7753.14,17710830,14132574,0
2022-05-20,1194,7220470,959,6315196,73,586399,2371,3271714,5210,314000,7693,3598539,1,124,9922,7854.43,17720752,14134914,0
2022-05-21,829,7221299,648,6315844,23,586422,1722,3273436,3307,317307,5090,3603629,0,124,6591,7940.57,17727343,14136476,0
2022-05-22,507,7221806,291,6316135,22,586444,1135,3274571,1841,319148,3010,3606639,0,124,3830,7989.86,17731173,14137330,0
2022-05-23,1216,7223022,884,6317019,52,586496,2190,3276761,4713,323861,7002,3613641,1,125,9155,8168.43,17740328,14139581,0
2022-05-24,1405,7224427,935,6317954,66,586562,2306,3279067,4492,328353,6901,3620542,0,125,9308,8164.43,17749636,14142091,0
2022-05-25,1411,7225838,955,6318909,56,586618,2264,3281331,4275,332628,6640,3627182,0,125,9063,8125.57,17758699,14144615,0
2022-05-26,1170,7227008,890,6319799,60,586678,2272,3283603,4154,336782,6494,3633676,1,126,8616,8069.29,17767315,14146804,0
2022-05-27,1242,7228250,957,6320756,38,586716,2498,3286101,3925,340707,6498,3640174,0,126,8736,7899.86,17776051,14149117,0
2022-05-28,711,7228961,517,6321273,19,586735,1784,3287885,2064,342771,3888,3644062,0,126,5135,7691.86,17781186,14150404,0
2022-05-29,472,7229433,216,6321489,11,586746,760,3288645,1126,343897,1906,3645968,0,126,2605,7516.86,17783791,14151123,0
2022-05-30,91,7229524,62,6321551,6,586752,139,3288784,144,344041,285,3646253,1,127,445,6272.57,17784236,14151284,0
2022-05-31,1135,7230659,918,6322469,51,586803,1901,3290685,3055,347096,5016,3651269,0,127,7120,5960,17791356,14153448,0
2022-06-01,1153,7231812,850,6323319,63,586866,1973,3292658,3428,350524,5476,3656745,0,127,7542,5742.71,17798898,14155589,0
2022-06-02,1029,7232841,800,6324119,72,586938,1827,3294485,3176,353700,5064,3661809,0,127,6965,5506.86,17805863,14157551,0
2022-06-03,1160,7234001,894,6325013,47,586985,2067,3296552,3499,357199,5633,3667442,0,127,7734,5363.71,17813597,14159719,0
2022-06-04,722,7234723,584,6325597,26,587011,1556,3298108,1907,359106,3498,3670940,0,127,4832,5320.43,17818429,14161088,0
2022-06-05,448,7235171,297,6325894,1,587012,879,3298987,982,360088,1870,3672810,0,127,2616,5322,17821045,14161843,0
2022-06-06,1123,7236294,826,6326720,64,587076,1756,3300743,2747,362835,4553,3677363,0,127,6566,6196.43,17827611,14163906,0
2022-06-07,1019,7237313,771,6327491,70,587146,1793,3302536,2568,365403,4408,3681771,0,127,6268,6074.71,17833879,14165813,0
2022-06-08,1093,7238406,834,6328325,75,587221,1877,3304413,2753,368156,4692,3686463,1,128,6695,5953.71,17840574,14167877,0
2022-06-09,1139,7239545,838,6329163,62,587283,2230,3306643,2694,370850,4976,3691439,0,128,7015,5960.86,17847589,14169968,0
2022-06-10,1047,7240592,816,6329979,75,587358,1880,3308523,2831,373681,4768,3696207,0,128,6706,5814,17854295,14171963,0
2022-06-11,678,7241270,508,6330487,25,587383,1330,3309853,1504,375185,2861,3699068,0,128,4072,5705.43,17858367,14173201,0
2022-06-12,351,7241621,287,6330774,21,587404,877,3310730,773,375958,1660,3700728,0,128,2319,5663,17860686,14173870,0
2022-06-13,1029,7242650,769,6331543,62,587466,1579,3312309,2187,378145,3806,3704534,0,128,5667,5534.57,17866353,14175771,0
2022-06-14,973,7243623,832,6332375,64,587530,1693,3314002,2504,380649,4260,3708794,0,128,6129,5514.71,17872482,14177703,0
2022-06-15,969,7244592,865,6333240,39,587569,1666,3315668,2425,383074,4151,3712945,0,128,6024,5418.86,17878506,14179636,0
2022-06-16,961,7245553,775,6334015,59,587628,1834,3317502,2370,385444,4257,3717202,1,129,6052,5281.29,17884558,14181483,0
2022-06-17,898,7246451,798,6334813,48,587676,1774,3319276,2402,387846,4220,3721422,0,129,5965,5175.43,17890523,14183272,0
2022-06-18,658,7247109,521,6335334,26,587702,1281,3320557,1297,389143,2606,3724028,1,130,3811,5138.14,17894334,14184504,0
2022-06-19,346,7247455,232,6335566,16,587718,728,3321285,610,389753,1350,3725378,0,130,1944,5084.57,17896278,14185110,0
2022-06-20,832,7248287,487,6336053,41,587759,1578,3322863,1613,391366,3229,3728607,0,130,4589,4930.57,17900867,14186508,0
2022-06-21,1132,7249419,741,6336794,49,587808,1699,3324562,2143,393509,3898,3732505,0,130,5821,4886.57,17906688,14188487,0
2022-06-22,1960,7251379,833,6337627,46,587854,1708,3326270,1996,395505,3748,3736253,0,130,6587,4967,17913275,14191370,0
2022-06-23,2118,7253497,763,6338390,65,587919,1702,3327972,2156,397661,3910,3740163,0,130,6857,5082,17920132,14194369,0
2022-06-24,2170,7255667,761,6339151,48,587967,1625,3329597,2157,399818,3831,3743994,0,130,6810,5202.71,17926942,14197397,0
2022-06-25,2136,7257803,496,6339647,15,587982,1235,3330832,1145,400963,2394,3746388,0,130,5045,5379,17931987,14200062,0
2022-06-26,1209,7259012,248,6339895,14,587996,687,3331519,532,401495,1225,3747613,0,130,2696,5486.43,17934683,14201539,0
2022-06-27,1532,7260544,653,6340548,60,588056,1470,3332989,1654,403149,3165,3750778,0,130,5410,5603.71,17940093,14203825,0
2022-06-28,1691,7262235,829,6341377,57,588113,1861,3334850,2143,405292,4049,3754827,0,130,6626,5718.71,17946719,14206447,0
2022-06-29,1858,7264093,776,6342153,48,588161,1717,3336567,1926,407218,3683,3758510,0,130,6365,5687,17953084,14209169,0
2022-06-30,1868,7265961,806,6342959,46,588207,1734,3338301,2135,409353,3913,3762423,0,130,6633,5655,17959717,14211933,0
2022-07-01,1605,7267566,597,6343556,26,588233,1395,3339696,1729,411082,3157,3765580,0,130,5385,5451.43,17965102,14214194,0
2022-07-02,976,7268542,389,6343945,18,588251,836,3340532,940,412022,1794,3767374,0,130,3177,5184.57,17968279,14215595,0
2022-07-03,530,7269072,205,6344150,7,588258,460,3340992,486,412508,949,3768323,0,130,1691,5041,17969970,14216340,0
2022-07-04,36,7269108,25,6344175,1,588259,31,3341023,38,412546,69,3768392,0,130,131,4286.86,17970101,14216402,0
2022-07-05,1296,7270404,758,6344933,35,588294,1406,3342429,1738,414284,3175,3771567,0,130,5264,4092.29,17975365,14218522,0
2022-07-06,1612,7272016,678,6345611,44,588338,1443,3343872,1842,416126,3326,3774893,0,130,5660,3991.57,17981025,14220897,0
2022-07-07,1592,7273608,712,6346323,48,588386,1528,3345400,2001,418127,3568,3778461,0,130,5920,3889.71,17986945,14223288,0
2022-07-08,1633,7275241,650,6346973,37,588423,1473,3346873,1979,420106,3501,3781962,0,130,5823,3952.29,17992768,14225659,0
2022-07-09,984,7276225,434,6347407,26,588449,882,3347755,1348,421454,2261,3784223,0,130,3705,4027.71,17996473,14227134,0
2022-07-10,637,7276862,187,6347594,17,588466,430,3348185,659,422113,1099,3785322,0,130,1940,4063.29,17998413,14227985,0
2022-07-11,1395,7278257,636,6348230,49,588515,1444,3349629,2214,424327,3692,3789014,0,130,5772,4869.14,18004185,14230099,0
2022-07-12,1406,7279663,687,6348917,45,588560,1405,3351034,2514,426841,3992,3793006,0,130,6130,4992.86,18010315,14232310,0
2022-07-13,1618,7281281,724,6349641,37,588597,1522,3352556,2840,429681,4427,3797433,0,130,6806,5156.57,18017121,14234754,0
2022-07-14,1588,7282869,842,6350483,47,588644,1605,3354161,3064,432745,4746,3802179,0,130,7224,5342.86,18024345,14237309,0
2022-07-15,1614,7284483,938,6351421,47,588691,1575,3355736,3054,435799,4689,3806868,0,130,7288,5552.14,18031633,14239968,0
2022-07-16,883,7285366,585,6352006,9,588700,981,3356717,1701,437500,2712,3809580,1,131,4190,5621.43,18035823,14241475,0
2022-07-17,550,7285916,289,6352295,16,588716,527,3357244,1168,438668,1719,3811299,0,131,2574,5712,18038397,14242354,0
2022-07-18,1405,7287321,844,6353139,45,588761,1428,3358672,2468,441136,3952,3815251,0,131,6246,5779.71,18044643,14244704,0
2022-07-19,1439,7288760,975,6354114,51,588812,1542,3360214,2805,443941,4440,3819691,0,131,6905,5890.43,18051548,14247262,0
2022-07-20,1382,7290142,1485,6355599,50,588862,1352,3361566,2395,446336,3808,3823499,0,131,6726,5879,18058274,14250241,0
2022-07-21,1334,7291476,1436,6357035,50,588912,1397,3362963,2363,448699,3808,3827307,0,131,6628,5793.86,18064902,14253109,0
2022-07-22,1429,7292905,1569,6358604,41,588953,1564,3364527,2855,451554,4502,3831809,0,131,7541,5830,18072443,14256231,0
2022-07-23,905,7293810,1099,6359703,17,588970,994,3365521,1555,453109,2584,3834393,3,134,4608,5889.71,18077051,14258287,0
2022-07-24,483,7294293,642,6360345,14,588984,504,3366025,805,453914,1317,3835710,0,134,2457,5873,18079508,14259435,0
2022-07-25,1230,7295523,766,6361111,59,589043,1261,3367286,2063,455977,3378,3839088,0,134,5433,5756.86,18084941,14261544,0
2022-07-26,1232,7296755,1024,6362135,41,589084,1474,3368760,2445,458422,3977,3843065,0,134,6275,5666.86,18091216,14263900,0
2022-07-27,1320,7298075,1279,6363414,42,589126,1390,3370150,2190,460612,3641,3846706,2,136,6286,5604,18097502,14266604,0
2022-07-28,1312,7299387,1422,6364836,72,589198,1425,3371575,2217,462829,3692,3850398,1,137,6499,5585.57,18104001,14269460,0
2022-07-29,1319,7300706,1431,6366267,64,589262,1359,3372934,2158,464987,3561,3853959,0,137,6376,5419.14,18110377,14272319,0
2022-07-30,739,7301445,718,6366985,25,589287,792,3373726,962,465949,1774,3855733,0,137,3259,5226.43,18113636,14273824,0
2022-07-31,422,7301867,590,6367575,14,589301,488,3374214,571,466520,1065,3856798,0,137,2091,5174.14,18115727,14274856,0
2022-08-01,1243,7303110,912,6368487,55,589356,1328,3375542,1511,468031,2884,3859682,1,138,5095,5125.86,18120822,14277111,0
2022-08-02,1230,7304340,1014,6369501,73,589429,1348,3376890,1600,469631,2992,3862674,0,138,5309,4987.86,18126131,14279472,0
2022-08-03,1265,7305605,1190,6370691,41,589470,1343,3378233,1532,471163,2914,3865588,1,139,5411,4862.86,18131542,14282007,0
2022-08-04,1191,7306796,1189,6371880,57,589527,1285,3379518,1459,472622,2774,3868362,0,139,5211,4678.86,18136753,14284474,0
2022-08-05,1318,7308114,1450,6373330,49,589576,1314,3380832,1441,474063,2779,3871141,0,139,5596,4567.43,18142349,14287315,0
2022-08-06,696,7308810,843,6374173,14,589590,765,3381597,777,474840,1567,3872708,0,139,3121,4547.71,18145470,14288894,0
2022-08-07,390,7309200,456,6374629,14,589604,425,3382022,358,475198,794,3873502,0,139,1654,4485.29,18147124,14289765,0
2022-08-08,1195,7310395,932,6375561,70,589674,1277,3383299,1183,476381,2491,3875993,0,139,4688,4427.14,18151812,14291993,0
2022-08-09,1136,7311531,893,6376454,38,589712,1231,3384530,1160,477541,2423,3878416,0,139,4490,4310.14,18156302,14294092,0
2022-08-10,1222,7312753,1113,6377567,59,589771,1261,3385791,1247,478788,2543,3880959,0,139,4937,4242.43,18161239,14296521,0
2022-08-11,1281,7314034,1069,6378636,84,589855,1212,3387003,1279,480067,2529,3883488,0,139,4963,4207,18166202,14298993,0
2022-08-12,1296,7315330,1409,6380045,55,589910,1267,3388270,1248,481315,2547,3886035,0,139,5307,4165.71,18171509,14301785,0
2022-08-13,758,7316088,786,6380831,15,589925,763,3389033,631,481946,1413,3887448,0,139,2972,4144.43,18174481,14303363,0
2022-08-14,470,7316558,476,6381307,20,589945,406,3389439,282,482228,691,3888139,0,139,1657,4144.86,18176138,14304332,0
2022-08-15,1246,7317804,1063,6382370,60,590005,1315,3390754,990,483218,2346,3890485,1,140,4716,4148.86,18180854,14306742,0
2022-08-16,1308,7319112,869,6383239,50,590055,1366,3392120,1078,484296,2476,3892961,0,140,4704,4179.43,18185558,14309002,0
2022-08-17,1213,7320325,958,6384197,39,590094,1236,3393356,1005,485301,2280,3895241,1,141,4491,4115.71,18190049,14311251,0
2022-08-18,1168,7321493,946,6385143,45,590139,1267,3394623,948,486249,2240,3897481,0,141,4399,4035.14,18194448,14313435,0
2022-08-19,1255,7322748,1133,6386276,34,590173,1117,3395740,978,487227,2125,3899606,6,147,4553,3927.43,18199001,14315887,0
2022-08-20,590,7323338,494,6386770,16,590189,634,3396374,514,487741,1161,3900767,1,148,2262,3826,18201263,14317000,0
2022-08-21,358,7323696,243,6387013,9,590198,381,3396755,268,488009,652,3901419,0,148,1262,3769.57,18202525,14317613,0
2022-08-22,1221,7324917,923,6387936,40,590238,1234,3397989,889,488898,2150,3903569,0,148,4334,3715,18206859,14319824,0
2022-08-23,1242,7326159,1050,6388986,48,590286,1379,3399368,962,489860,2369,3905938,3,151,4712,3716.14,18211571,14322192,0
2022-08-24,1267,7327426,1016,6390002,29,590315,1295,3400663,821,490681,2142,3908080,0,151,4455,3711,18216026,14324531,0
2022-08-25,1222,7328648,994,6390996,66,590381,1186,3401849,813,491494,2015,3910095,4,155,4300,3696.86,18220326,14326828,0
2022-08-26,1188,7329836,1179,6392175,56,590437,1193,3403042,780,492274,1994,3912089,1,156,4417,3677.43,18224743,14329271,0
2022-08-27,695,7330531,543,6392718,14,590451,676,3403718,404,492678,1093,3913182,3,159,2348,3689.71,18227091,14330536,0
2022-08-28,381,7330912,236,6392954,10,590461,443,3404161,228,492906,674,3913856,0,159,1301,3695.29,18228392,14331166,0
2022-08-29,1257,7332169,982,6393936,41,590502,1220,3405381,688,493594,1929,3915785,0,159,4210,3677.57,18232602,14333468,0
2022-08-30,1268,7333437,941,6394877,36,590538,1270,3406651,766,494360,2067,3917852,2,161,4314,3620.71,18236916,14335744,0
2022-08-31,1154,7334591,1015,6395892,43,590581,1103,3407754,572,494932,1696,3919548,0,161,3909,3542.71,18240825,14337978,0
2022-09-01,1026,7335617,962,6396854,51,590632,809,3408563,456,495388,1279,3920827,5,166,3324,3403.29,18244149,14340032,0
2022-09-02,977,7336594,1021,6397875,32,590664,592,3409155,175,495563,774,3921601,92,258,2881,3183.86,18247030,14342054,0
2022-09-03,530,7337124,448,6398323,12,590676,369,3409524,50,495613,423,3922024,314,572,1678,3088.14,18248708,14342999,0
2022-09-04,252,7337376,212,6398535,10,590686,189,3409713,25,495638,216,3922240,312,884,959,3039.29,18249667,14343432,0
2022-09-05,78,7337454,71,6398606,7,590693,44,3409757,16,495654,61,3922301,9,893,226,2470.14,18249893,14343589,0
2022-09-06,1127,7338581,1227,6399833,51,590744,634,3410391,130,495784,773,3923074,1269,2162,4226,2457.57,18254119,14345782,0
2022-09-07,1474,7340055,1383,6401216,38,590782,482,3410873,155,495939,657,3923731,6447,8609,9117,3201.57,18263236,14347815,0
2022-09-08,1525,7341580,1198,6402414,36,590818,252,3411125,111,496050,379,3924110,7797,16406,9816,4129,18273052,14349471,0
2022-09-09,1554,7343134,1611,6404025,49,590867,283,3411408,122,496172,436,3924546,9891,26297,12375,5485.29,18285427,14351550,0
2022-09-10,847,7343981,836,6404861,12,590879,265,3411673,44,496216,322,3924868,5316,31613,6750,6209.86,18292177,14352675,0
2022-09-11,494,7344475,441,6405302,11,590890,86,3411759,30,496246,125,3924993,3942,35555,4530,6720,18296707,14353147,0
2022-09-12,1676,7346151,1439,6406741,39,590929,205,3411964,91,496337,330,3925323,11657,47212,13537,8621.57,18310244,14354731,0
2022-09-13,1400,7347551,1274,6408015,33,590962,220,3412184,115,496452,384,3925707,9732,56944,11734,9694.14,18321978,14356398,0
2022-09-14,1409,7348960,1270,6409285,31,590993,225,3412409,123,496575,387,3926094,11027,67971,13069,10258.71,18335047,14358092,0
2022-09-15,1566,7350526,1284,6410569,22,591015,227,3412636,112,496687,374,3926468,12084,80055,14108,10871.86,18349155,14359777,0
2022-09-16,1690,7352216,1633,6412202,27,591042,270,3412906,155,496842,480,3926948,13804,93859,16264,11427.43,18365419,14361812,0
2022-09-17,801,7353017,868,6413070,12,591054,272,3413178,76,496918,371,3927319,7001,100860,8411,11664.71,18373830,14362874,0
2022-09-18,522,7353539,412,6413482,7,591061,74,3413252,26,496944,113,3927432,4480,105340,4971,11727.71,18378801,14363265,0
2022-09-19,1558,7355097,1324,6414806,29,591090,227,3413479,96,497040,349,3927781,13810,119150,15512,12009.86,18394313,14364644,0
2022-09-20,1442,7356539,1252,6416058,27,591117,221,3413700,90,497130,359,3928140,13214,132364,15014,12478.43,18409327,14366133,0
2022-09-21,1668,7358207,1352,6417410,31,591148,261,3413961,131,497261,426,3928566,14935,147299,16842,13017.43,18426169,14367648,0
2022-09-22,1472,7359679,1262,6418672,28,591176,174,3414135,138,497399,360,3928926,13225,160524,15046,13151.43,18441215,14369157,0
2022-09-23,1741,7361420,1654,6420326,24,591200,252,3414387,143,497542,458,3929384,16945,177469,19246,13577.43,18460461,14371063,0
2022-09-24,801,7362221,887,6421213,8,591208,268,3414655,66,497608,354,3929738,7499,184968,8851,13640.29,18469312,14372081,0
2022-09-25,485,7362706,395,6421608,1,591209,72,3414727,47,497655,128,3929866,4508,189476,4995,13643.71,18474307,14372449,0
2022-09-26,1574,7364280,1246,6422854,16,591225,286,3415013,144,497799,487,3930353,15012,204488,16709,13814.71,18491016,14373716,0
2022-09-27,1538,7365818,1307,6424161,26,591251,281,3415294,168,497967,485,3930838,14158,218646,16141,13975.71,18507157,14375250,0
2022-09-28,1619,7367437,1302,6425463,18,591269,190,3415484,185,498152,429,3931267,15511,234157,17287,14039.29,18524444,14376651,0
2022-09-29,1681,7369118,1301,6426764,19,591288,176,3415660,101,498253,314,3931581,15369,249526,17224,14350.43,18541668,14378229,0
2022-09-30,1645,7370763,1556,6428320,13,591301,180,3415840,174,498427,400,3931981,16484,266010,18648,14265,18560316,14380039,0
2022-10-01,721,7371484,668,6428988,5,591306,133,3415973,35,498462,177,3932158,7046,273056,7938,14134.57,18568254,14380763,0
2022-10-02,512,7371996,429,6429417,5,591311,48,3416021,45,498507,107,3932265,4428,277484,4838,14112.14,18573092,14381080,0
2022-10-03,1553,7373549,1192,6430609,23,591334,156,3416177,112,498619,315,3932580,14567,292051,15972,14006.86,18589064,14382217,0
2022-10-04,1381,7374930,1155,6431764,15,591349,150,3416327,120,498739,298,3932878,13399,305450,14796,13814.71,18603860,14383344,0
2022-10-05,1594,7376524,1287,6433051,17,591366,280,3416607,164,498903,497,3933375,14865,320315,16689,13729.29,18620549,14384724,0
2022-10-06,1494,7378018,1249,6434300,19,591385,166,3416773,161,499064,385,3933760,14954,335269,16622,13643.29,18637171,14386065,0
2022-10-07,1664,7379682,1427,6435727,15,591400,170,3416943,134,499198,365,3934125,17104,352373,19065,13702.86,18656236,14387722,0
2022-10-08,762,7380444,680,6436407,4,591404,145,3417088,62,499260,224,3934349,7705,360078,8637,13802.71,18664873,14388447,0
2022-10-09,492,7380936,410,6436817,5,591409,47,3417135,54,499314,119,3934468,4694,364772,5118,13842.71,18669991,14388770,0
2022-10-10,1549,7382485,1250,6438067,14,591423,174,3417309,120,499434,334,3934802,15204,379976,16507,13919.14,18686498,14389779,0
2022-10-11,1640,7384125,1105,6439172,19,591442,178,3417487,154,499588,388,3935190,14317,394293,15850,14069.71,18702348,14390980,0
2022-10-12,1867,7385992,1322,6440494,17,591459,134,3417621,186,499774,387,3935577,16277,410570,17880,14239.86,18720228,14392263,0
2022-10-13,1620,7387612,1149,6441643,28,591487,135,3417756,200,499974,406,3935983,14037,424607,15572,14089.86,18735800,14393463,0
2022-10-14,1817,7389429,1542,6443185,25,591512,130,3417886,179,500153,362,3936345,17203,441810,19188,14107.43,18754988,14395139,0
2022-10-15,771,7390200,639,6443824,9,591521,90,3417976,68,500221,179,3936524,7610,449420,8469,14083.43,18763457,14395840,0
2022-10-16,565,7390765,411,6444235,3,591524,25,3418001,65,500286,121,3936645,4726,454146,5169,14090.71,18768626,14396193,0
2022-10-17,1819,7392584,1253,6445488,18,591542,82,3418083,117,500403,236,3936881,16073,470219,17395,14217.57,18786021,14397316,0
2022-10-18,1692,7394276,1171,6446659,20,591562,102,3418185,139,500542,288,3937169,14633,484852,16018,14241.57,18802039,14398460,0
2022-10-19,2094,7396370,1328,6447987,21,591583,84,3418269,141,500683,289,3937458,16230,501082,17703,14216.29,18819742,14399708,0
2022-10-20,1693,7398063,1168,6449155,11,591594,88,3418357,152,500835,307,3937765,15394,516476,16850,14398.86,18836592,14400924,0
2022-10-21,1806,7399869,1347,6450502,12,591606,93,3418450,150,500985,299,3938064,16737,533213,18404,14286.86,18854996,14402348,0
2022-10-22,747,7400616,667,6451169,9,591615,44,3418494,46,501031,100,3938164,7686,540899,8417,14279.43,18863413,14402989,0
2022-10-23,522,7401138,369,6451538,3,591618,21,3418515,39,501070,69,3938233,4804,545703,5081,14266.86,18868494,14403206,0
2022-10-24,1748,7402886,1211,6452749,19,591637,71,3418586,112,501182,224,3938457,15550,561253,16838,14187.29,18885332,14404311,0
2022-10-25,1664,7404550,1189,6453938,12,591649,94,3418680,110,501292,233,3938690,15028,576281,16337,14232.86,18901669,14405416,0
2022-10-26,1857,7406407,1329,6455267,11,591660,90,3418770,171,501463,339,3939029,16811,593092,18286,14316.14,18919955,14406630,0
2022-10-27,1586,7407993,1075,6456342,13,591673,96,3418866,138,501601,288,3939317,15080,608172,16406,14252.71,18936361,14407722,0
2022-10-28,1704,7409697,1423,6457765,17,591690,107,3418973,153,501754,318,3939635,16762,624934,18576,14277.29,18954937,14409276,0
2022-10-29,697,7410394,543,6458308,9,591699,69,3419042,58,501812,141,3939776,7738,632672,8415,14277,18963352,14409826,0
2022-10-30,521,7410915,305,6458613,3,591702,19,3419061,57,501869,92,3939868,4490,637162,4778,14233.71,18968130,14410038,0
2022-10-31,1679,7412594,1110,6459723,8,591710,47,3419108,127,501996,218,3940086,14578,651740,15526,14046.29,18983656,14410812,0
2022-11-01,1668,7414262,1022,6460745,18,591728,78,3419186,129,502125,238,3940324,13612,665352,14930,13845.29,18998586,14411923,0
2022-11-02,1742,7416004,1127,6461872,17,591745,89,3419275,122,502247,253,3940577,14874,680226,16146,13539.57,19014732,14412984,0
2022-11-03,1423,7417427,1034,6462906,14,591759,84,3419359,165,502412,326,3940903,12622,692848,13897,13181.14,19028629,14414010,0
2022-11-04,1742,7419169,1222,6464128,14,591773,100,3419459,141,502553,274,3941177,15434,708282,17038,12961.43,19045667,14415373,0
2022-11-05,826,7419995,533,6464661,6,591779,67,3419526,80,502633,161,3941338,7038,715320,7761,12868,19053428,14415949,0
2022-11-06,408,7420403,330,6464991,4,591783,20,3419546,49,502682,106,3941444,4070,719390,4413,12815.86,19057841,14416223,0
2022-11-07,1642,7422045,1071,6466062,14,591797,75,3419621,100,502782,211,3941655,13222,732612,14385,12652.86,19072226,14417211,0
2022-11-08,1534,7423579,1010,6467072,8,591805,97,3419718,131,502913,269,3941924,12064,744676,13328,12424,19085554,14418247,0
2022-11-09,1571,7425150,1059,6468131,9,591814,85,3419803,114,503027,246,3942170,12195,756871,13458,12040,19099012,14419311,0
2022-11-10,1484,7426634,1008,6469139,14,591828,73,3419876,147,503174,277,3942447,12279,769150,13563,11992.29,19112575,14420375,0
2022-11-11,1507,7428141,1077,6470216,11,591839,99,3419975,101,503275,221,3942668,12835,781985,14267,11596.43,19126842,14421607,0
2022-11-12,672,7428813,516,6470732,2,591841,57,3420032,61,503336,128,3942796,6434,788419,7058,11496,19133900,14422113,0
2022-11-13,497,7429310,342,6471074,4,591845,15,3420047,68,503404,98,3942894,3895,792314,4213,11467.43,19138113,14422348,0
2022-11-14,1447,7430757,1027,6472101,19,591864,59,3420106,114,503518,204,3943098,11636,803950,12752,11234.14,19150865,14423291,0
2022-11-15,1490,7432247,1004,6473105,15,591879,103,3420209,165,503683,293,3943391,11281,815231,12661,11138.86,19163526,14424403,0
2022-11-16,1607,7433854,1034,6474139,21,591900,67,3420276,144,503827,247,3943638,11570,826801,12816,11047.14,19176342,14425438,0
2022-11-17,1403,7435257,973,6475112,10,591910,66,3420342,166,503993,273,3943911,10536,837337,11815,10797.43,19188157,14426485,0
2022-11-18,1587,7436844,1102,6476214,12,591922,68,3420410,117,504110,216,3944127,12411,849748,14003,10759.71,19202160,14427892,0
2022-11-19,681,7437525,439,6476653,4,591926,57,3420467,61,504171,127,3944254,5908,855656,6575,10690.71,19208735,14428441,0
2022-11-20,474,7437999,308,6476961,4,591930,12,3420479,35,504206,65,3944319,3541,859197,3840,10637.43,19212575,14428693,0
2022-11-21,1524,7439523,920,6477881,4,591934,51,3420530,81,504287,149,3944468,10411,869608,11387,10442.43,19223962,14429537,0
2022-11-22,1271,7440794,818,6478699,7,591941,53,3420583,88,504375,157,3944625,9267,878875,10283,10102.71,19234245,14430412,0
2022-11-23,1293,7442087,734,6479433,11,591952,64,3420647,75,504450,165,3944790,8679,887554,9613,9645.14,19243858,14431207,0
2022-11-24,18,7442105,10,6479443,2,591954,0,3420647,6,504456,8,3944798,113,887667,138,7977,19243996,14431226,0
2022-11-25,680,7442785,474,6479917,13,591967,36,3420683,54,504510,110,3944908,5687,893354,6418,6893.43,19250414,14431867,0
2022-11-26,590,7443375,379,6480296,2,591969,15,3420698,42,504552,62,3944970,4894,898248,5332,6715.86,19255746,14432248,0
2022-11-27,399,7443774,219,6480515,1,591970,11,3420709,23,504575,49,3945019,3172,901420,3362,6647.57,19259108,14432404,0
2022-11-28,952,7444726,697,6481212,10,591980,57,3420766,63,504638,140,3945159,6966,908386,7928,6153.43,19267036,14433246,0
2022-11-29,927,7445653,708,6481920,8,591988,45,3420811,73,504711,144,3945303,6945,915331,7981,5824.57,19275017,14434164,0
2022-11-30,1213,7446866,869,6482789,16,592004,50,3420861,53,504764,124,3945427,8743,924074,9750,5844.14,19284767,14435068,0
2022-12-01,1130,7447996,767,6483556,11,592015,60,3420921,96,504860,183,3945610,8487,932561,9555,7189.43,19294322,14435980,0
2022-12-02,1317,7449313,973,6484529,14,592029,70,3420991,103,504963,194,3945804,10234,942795,11560,7924,19305882,14437133,0
2022-12-03,618,7449931,420,6484949,12,592041,42,3421033,42,505005,87,3945891,4952,947747,5481,7945.29,19311363,14437578,0
2022-12-04,418,7450349,283,6485232,4,592045,7,3421040,26,505031,40,3945931,3278,951025,3504,7965.57,19314867,14437771,0
2022-12-05,1165,7451514,770,6486002,15,592060,62,3421102,71,505102,149,3946080,8616,959641,9628,8208.43,19324495,14438650,0
2022-12-06,1174,7452688,768,6486770,13,592073,67,3421169,87,505189,173,3946253,8155,967796,9156,8376.29,19333651,14439497,0
2022-12-07,1214,7453902,752,6487522,12,592085,63,3421232,81,505270,166,3946419,8325,976121,9349,8319,19343000,14440377,0
2022-12-08,1106,7455008,740,6488262,14,592099,68,3421300,77,505347,167,3946586,8703,984824,9734,8344.57,19352734,14441263,0
2022-12-09,1239,7456247,972,6489234,13,592112,81,3421381,102,505449,209,3946795,10433,995257,11798,8378.57,19364532,14442445,0
2022-12-10,681,7456928,461,6489695,7,592119,38,3421419,75,505524,131,3946926,6143,1001400,6722,8555.86,19371254,14442911,0
2022-12-11,432,7457360,263,6489958,4,592123,11,3421430,35,505559,56,3946982,3690,1005090,3893,8611.43,19375147,14443068,0
2022-12-12,1338,7458698,803,6490761,19,592142,78,3421508,106,505665,209,3947191,9996,1015086,11044,8813.71,19386191,14443932,0
2022-12-13,1269,7459967,843,6491604,17,592159,50,3421558,97,505762,177,3947368,9740,1024826,10772,9044.57,19396963,14444817,0
2022-12-14,1198,7461165,830,6492434,12,592171,67,3421625,99,505861,193,3947561,9650,1034476,10631,9227.71,19407594,14445632,0
2022-12-15,1192,7462357,697,6493131,11,592182,57,3421682,108,505969,181,3947742,8457,1042933,9419,9182.71,19417013,14446429,0
2022-12-16,1203,7463560,806,6493937,12,592194,67,3421749,124,506093,214,3947956,9386,1052319,10556,9005.29,19427569,14447408,0
2022-12-17,656,7464216,462,6494399,8,592202,29,3421778,35,506128,77,3948033,5807,1058126,6279,8942,19433848,14447816,0
2022-12-18,441,7464657,230,6494629,2,592204,14,3421792,23,506151,47,3948080,3402,1061528,3607,8901.14,19437455,14447984,0
2022-12-19,1213,7465870,783,6495412,7,592211,51,3421843,80,506231,145,3948225,8932,1070460,9845,8729.86,19447300,14448766,0
2022-12-20,1213,7467083,761,6496173,18,592229,82,3421925,138,506369,277,3948502,8588,1079048,9720,8579.57,19457020,14449678,0
2022-12-21,1096,7468179,696,6496869,16,592245,50,3421975,94,506463,174,3948676,8289,1087337,9162,8369.71,19466182,14450407,0
2022-12-22,994,7469173,587,6497456,4,592249,42,3422017,72,506535,132,3948808,6934,1094271,7665,8119.14,19473847,14451024,0
2022-12-23,832,7470005,508,6497964,11,592260,40,3422057,57,506592,110,3948918,5886,1100157,6489,7538.14,19480336,14451530,0
2022-12-24,191,7470196,112,6498076,1,592261,2,3422059,15,506607,20,3948938,1381,1101538,1502,6855.71,19481838,14451634,0
2022-12-25,5,7470201,3,6498079,0,592261,0,3422059,0,506607,0,3948938,29,1101567,32,6345,19481870,14451637,0
2022-12-26,571,7470772,268,6498347,16,592277,14,3422073,22,506629,41,3948979,3296,1104863,3601,5453,19485471,14451906,0
2022-12-27,1088,7471860,606,6498953,13,592290,55,3422128,58,506687,123,3949102,7223,1112086,8022,5210.43,19493493,14452592,0
2022-12-28,1065,7472925,563,6499516,8,592298,55,3422183,63,506750,128,3949230,6988,1119074,7779,5012.86,19501272,14453265,0
2022-12-29,1016,7473941,584,6500100,9,592307,47,3422230,88,506838,159,3949389,6585,1125659,7409,4976.29,19508681,14453954,0
2022-12-30,952,7474893,537,6500637,9,592316,47,3422277,47,506885,104,3949493,6126,1131785,6844,5027,19515525,14454578,0
2022-12-31,306,7475199,167,6500804,4,592320,16,3422293,10,506895,30,3949523,1807,1133592,1987,5096.29,19517512,14454732,0
2023-01-01,15,7475214,9,6500813,0,592320,2,3422295,5,506900,7,3949530,54,1133646,77,5102.71,19517589,14454748,0
2023-01-02,653,7475867,328,6501141,10,592330,14,3422309,23,506923,43,3949573,3666,1137312,4011,5161.29,19521600,14455056,0
2023-01-03,968,7476835,591,6501732,9,592339,41,3422350,55,506978,110,3949683,5467,1142779,6252,4908.43,19527852,14455745,0
2023-01-04,1091,7477926,675,6502407,17,592356,50,3422400,60,507038,129,3949812,6108,1148887,6975,4793.57,19534827,14456502,0
2023-01-05,1012,7478938,587,6502994,23,592379,34,3422434,88,507126,142,3949954,5742,1154629,6668,4687.71,19541495,14457306,0
2023-01-06,1056,7479994,777,6503771,17,592396,49,3422483,81,507207,142,3950096,6502,1161131,7554,4789.14,19549049,14458228,0
2023-01-07,604,7480598,431,6504202,8,592404,18,3422501,34,507241,58,3950154,4435,1165566,4897,5204.86,19553946,14458638,0
2023-01-08,379,7480977,245,6504447,4,592408,12,3422513,29,507270,48,3950202,2564,1168130,2776,5590.43,19556722,14458809,0
2023-01-09,950,7481927,571,6505018,17,592425,50,3422563,40,507310,100,3950302,5612,1173742,6440,5937.43,19563162,14459547,0
2023-01-10,846,7482773,641,6505659,8,592433,47,3422610,65,507375,125,3950427,5313,1179055,6180,5927.14,19569342,14460302,0
2023-01-11,867,7483640,549,6506208,21,592454,44,3422654,53,507428,117,3950544,5175,1184230,5953,5781.14,19575295,14460983,0
2023-01-12,747,7484387,488,6506696,24,592478,46,3422700,79,507507,142,3950686,4517,1188747,5366,5595.14,19580661,14461707,0
2023-01-13,805,7485192,553,6507249,11,592489,66,3422766,56,507563,139,3950825,5361,1194108,6247,5408.43,19586908,14462471,0
2023-01-14,511,7485703,281,6507530,10,592499,25,3422791,30,507593,57,3950882,3218,1197326,3623,5226.43,19590531,14462821,0
2023-01-15,287,7485990,150,6507680,6,592505,15,3422806,22,507615,52,3950934,1791,1199117,1993,5114.57,19592524,14462986,0
2023-01-16,501,7486491,306,6507986,11,592516,31,3422837,26,507641,64,3950998,2767,1201884,3203,4652.14,19595727,14463365,0
2023-01-17,804,7487295,477,6508463,19,592535,48,3422885,74,507715,135,3951133,3816,1205700,4684,4438.43,19600411,14464111,0
2023-01-18,802,7488097,478,6508941,16,592551,48,3422933,61,507776,116,3951249,3740,1209440,4548,4237.71,19604959,14464810,0
2023-01-19,656,7488753,430,6509371,6,592557,50,3422983,32,507808,101,3951350,3159,1212599,3900,4028.29,19608859,14465469,0
2023-01-20,709,7489462,486,6509857,23,592580,38,3423021,38,507846,83,3951433,3732,1216331,4506,3779.57,19613365,14466167,0
2023-01-21,370,7489832,194,6510051,12,592592,16,3423037,12,507858,29,3951462,1870,1218201,2173,3572.43,19615538,14466442,0
2023-01-22,225,7490057,63,6510114,5,592597,0,3423037,2,507860,3,3951465,865,1219066,969,3426.14,19616507,14466544,0
2023-01-23,642,7490699,333,6510447,12,592609,14,3423051,45,507905,67,3951532,2720,1221786,3384,3452,19619891,14467149,0
2023-01-24,577,7491276,392,6510839,17,592626,36,3423087,33,507938,82,3951614,3029,1224815,3680,3308.57,19623571,14467731,0
2023-01-25,598,7491874,354,6511193,21,592647,31,3423118,36,507974,80,3951694,2684,1227499,3343,3136.43,19626914,14468323,0
2023-01-26,559,7492433,350,6511543,18,592665,34,3423152,50,508024,101,3951795,2686,1230185,3344,3057,19630258,14468897,0
2023-01-27,561,7492994,439,6511982,11,592676,34,3423186,45,508069,87,3951882,2817,1233002,3548,2920.14,19633806,14469549,0
2023-01-28,359,7493353,186,6512168,5,592681,21,3423207,38,508107,67,3951949,1557,1234559,1895,2880.43,19635701,14469828,0
2023-01-29,237,7493590,118,6512286,3,592684,10,3423217,10,508117,24,3951973,978,1235537,1129,2903.29,19636830,14469959,0
2023-01-30,595,7494185,393,6512679,18,592702,37,3423254,35,508152,75,3952048,2492,1238029,3201,2877.14,19640031,14470596,0
2023-01-31,504,7494689,353,6513032,12,592714,28,3423282,47,508199,87,3952135,2424,1240453,3042,2786,19643073,14471139,0
2023-02-01,477,7495166,334,6513366,15,592729,39,3423321,42,508241,89,3952224,2310,1242763,2940,2728.43,19646013,14471688,0
2023-02-02,463,7495629,345,6513711,13,592742,34,3423355,34,508275,78,3952302,2153,1244916,2769,2646.29,19648782,14472236,0
2023-02-03,540,7496169,394,6514105,12,592754,25,3423380,32,508307,65,3952367,2353,1247269,3044,2574.29,19651826,14472870,0
2023-02-04,241,7496410,154,6514259,10,592764,13,3423393,14,508321,28,3952395,1148,1248417,1405,2504.29,19653231,14473100,0
2023-02-05,203,7496613,96,6514355,0,592764,2,3423395,14,508335,18,3952413,863,1249280,980,2483,19654211,14473201,0
2023-02-06,594,7497207,310,6514665,9,592773,27,3423422,27,508362,63,3952476,2262,1251542,2837,2431,19657048,14473722,0
2023-02-07,474,7497681,363,6515028,4,592777,27,3423449,31,508393,65,3952541,2320,1253862,2906,2411.57,19659954,14474250,0
2023-02-08,446,7498127,321,6515349,4,592781,27,3423476,29,508422,61,3952602,2301,1256163,2848,2398.43,19662802,14474741,0
2023-02-09,464,7498591,345,6515694,3,592784,34,3423510,36,508458,80,3952682,2051,1258214,2669,2384.14,19665471,14475289,0
2023-02-10,494,7499085,389,6516083,2,592786,29,3423539,32,508490,85,3952767,2263,1260477,2944,2369.86,19668415,14475909,0
2023-02-11,295,7499380,195,6516278,7,592793,21,3423560,22,508512,46,3952813,1331,1261808,1649,2404.71,19670064,14476184,0
2023-02-12,180,7499560,81,6516359,0,592793,5,3423565,0,508512,9,3952822,706,1262514,817,2381.43,19670881,14476290,0
2023-02-13,443,7500003,293,6516652,4,592797,18,3423583,24,508536,48,3952870,1752,1264266,2307,2305.71,19673188,14476803,0
2023-02-14,396,7500399,272,6516924,6,592803,26,3423609,20,508556,51,3952921,1660,1265926,2186,2202.86,19675374,14477283,0
2023-02-15,400,7500799,289,6517213,10,592813,24,3423633,27,508583,64,3952985,1734,1267660,2246,2116.86,19677620,14477744,0
2023-02-16,353,7501152,238,6517451,4,592817,26,3423659,17,508600,49,3953034,1615,1269275,2075,2032,19679695,14478161,0
2023-02-17,390,7501542,307,6517758,3,592820,24,3423683,31,508631,62,3953096,1675,1270950,2235,1930.71,19681930,14478666,0
2023-02-18,192,7501734,116,6517874,5,592825,14,3423697,3,508634,20,3953116,993,1271943,1178,1863.43,19683108,14478834,0
2023-02-19,121,7501855,55,6517929,2,592827,6,3423703,6,508640,16,3953132,531,1272474,605,1833.14,19683713,14478896,0
2023-02-20,302,7502157,151,6518080,3,592830,8,3423711,16,508656,27,3953159,1143,1273617,1390,1702.14,19685103,14479119,0
2023-02-21,370,7502527,281,6518361,4,592834,22,3423733,33,508689,60,3953219,1503,1275120,2031,1680,19687134,14479592,0
2023-02-22,383,7502910,268,6518629,6,592840,39,3423772,26,508715,69,3953288,1615,1276735,2125,1662.71,19689259,14480037,0
2023-02-23,378,7503288,246,6518875,10,592850,25,3423797,28,508743,67,3953355,1443,1278178,1970,1647.71,19691229,14480511,0
2023-02-24,352,7503640,319,6519194,4,592854,29,3423826,25,508768,62,3953417,1680,1279858,2227,1646.57,19693456,14481004,0
2023-02-25,158,7503798,121,6519315,2,592856,8,3423834,13,508781,23,3953440,764,1280622,957,1615,19694413,14481176,0
2023-02-26,91,7503889,43,6519358,0,592856,7,3423841,3,508784,15,3953455,462,1281084,520,1602.86,19694933,14481224,0
2023-02-27,372,7504261,289,6519647,4,592860,30,3423871,20,508804,54,3953509,1481,1282565,1989,1688.43,19696922,14481682,0
2023-02-28,345,7504606,235,6519882,8,592868,29,3423900,27,508831,61,3953570,1254,1283819,1725,1644.71,19698647,14482097,0
2023-03-01,379,7504985,273,6520155,6,592874,22,3423922,18,508849,46,3953616,1418,1285237,1929,1616.71,19700576,14482568,0
2023-03-02,356,7505341,288,6520443,8,592882,20,3423942,22,508871,49,3953665,1293,1286530,1813,1594.29,19702389,14483046,0
2023-03-03,379,7505720,309,6520752,10,592892,25,3423967,26,508897,58,3953723,1555,1288085,2123,1579.43,19704512,14483563,120000
2023-03-04,195,7505915,117,6520869,4,592896,10,3423977,16,508913,28,3953751,788,1288873,1017,1588,19705529,14483766,120000
2023-03-05,121,7506036,58,6520927,2,592898,4,3423981,5,508918,14,3953765,468,1289341,558,1593.43,19706087,14483847,120000
2023-03-06,396,7506432,257,6521184,12,592910,23,3424004,16,508934,44,3953809,1349,1290690,1846,1573,19707933,14484305,120000
2023-03-07,345,7506777,234,6521418,5,592915,21,3424025,25,508959,57,3953866,1248,1291938,1689,1567.86,19709622,14484700,120000
2023-03-08,346,7507123,227,6521645,3,592918,32,3424057,28,508987,65,3953931,1252,1293190,1714,1537.14,19711336,14485102,120000
2023-03-09,135,7507258,110,6521755,1,592919,7,3424064,11,508998,22,3953953,469,1293659,688,1376.43,19712024,14485303,120000
