"DATE","ADMIN_DOSE1_DAILY","ADMIN_DOSE1_CUMULATIVE","ADMIN_DOSE2_DAILY","ADMIN_DOSE2_CUMULATIVE","ADMIN_SINGLE_DAILY","ADMIN_SINGLE_CUMULATIVE","ADMIN_ADDITIONAL_DAILY","ADMIN_ADDITIONAL_CUMULATIVE","ADMIN_ALLDOSES_DAILY","ADMIN_ALLDOSES_7DAYAVG","ADMIN_ALLDOSES_CUMULATIVE","INCOMPLETE"
"2020-12-14",79,79,0,0,0,0,0,0,79,,79,0
"2020-12-15",2052,2131,5,5,4,4,0,0,2061,,2140,0
"2020-12-16",4601,6732,14,19,1,5,1,1,4617,,6757,0
"2020-12-17",4656,11388,17,36,0,5,1,2,4674,,11431,0
"2020-12-18",5833,17221,20,56,2,7,3,5,5858,,17289,0
"2020-12-19",1690,18911,6,62,3,10,0,5,1699,,18988,0
"2020-12-20",1116,20027,2,64,1,11,0,5,1119,2872.43,20107,0
"2020-12-21",6336,26363,17,81,0,11,5,10,6358,3769.43,26465,0
"2020-12-22",9799,36162,25,106,2,13,1,11,9827,4878.86,36292,0
"2020-12-23",14272,50434,35,141,3,16,1,12,14311,6263.71,50603,0
"2020-12-24",7202,57636,25,166,1,17,0,12,7228,6628.57,57831,0
"2020-12-25",180,57816,0,166,0,17,1,13,181,5817.57,58012,0
"2020-12-26",4393,62209,41,207,0,17,1,14,4435,6208.43,62447,0
"2020-12-27",3868,66077,13,220,0,17,1,15,3882,6603.14,66329,0
"2020-12-28",10995,77072,46,266,1,18,3,18,11045,7272.71,77374,0
"2020-12-29",10724,87796,31,297,2,20,2,20,10759,7405.86,88133,0
"2020-12-30",12840,100636,43,340,0,20,0,20,12883,7201.86,101016,0
"2020-12-31",7264,107900,31,371,1,21,0,20,7296,7211.57,108312,0
"2021-01-01",184,108084,6,377,1,22,3,23,194,7213.43,108506,0
"2021-01-02",3817,111901,10,387,2,24,1,24,3830,7127,112336,0
"2021-01-03",3544,115445,24,411,2,26,1,25,3571,7082.57,115907,0
"2021-01-04",12259,127704,804,1215,2,28,6,31,13071,7372,128978,0
"2021-01-05",14084,141788,2191,3406,2,30,10,41,16287,8161.71,145265,0
"2021-01-06",17814,159602,3919,7325,1,31,29,70,21763,9430.29,167028,0
"2021-01-07",16548,176150,5173,12498,4,35,46,116,21771,11498.14,188799,0
"2021-01-08",16631,192781,5450,17948,0,35,30,146,22111,14629.14,210910,0
"2021-01-09",7660,200441,1459,19407,1,36,8,154,9128,15386,220038,0
"2021-01-10",7899,208340,979,20386,0,36,9,163,8887,16145.43,228925,0
"2021-01-11",25850,234190,7452,27838,2,38,45,208,33349,19042.29,262274,0
"2021-01-12",28268,262458,7854,35692,1,39,43,251,36166,21882.14,298440,0
"2021-01-13",31737,294195,9373,45065,1,40,53,304,41164,24653.71,339604,0
"2021-01-14",35814,330009,5321,50386,2,42,26,330,41163,27424,380767,0
"2021-01-15",29280,359289,3708,54094,2,44,29,359,33019,28982.29,413786,0
"2021-01-16",30305,389594,2376,56470,0,44,24,383,32705,32350.43,446491,0
"2021-01-17",23787,413381,1611,58081,0,44,16,399,25414,34711.43,471905,0
"2021-01-18",27152,440533,2402,60483,0,44,35,434,29589,34174.29,501494,0
"2021-01-19",34331,474864,9617,70100,1,45,65,499,44014,35295.43,545508,0
"2021-01-20",34906,509770,9491,79591,1,46,56,555,44454,35765.43,589962,0
"2021-01-21",25628,535398,8088,87679,2,48,45,600,33763,34708.29,623725,0
"2021-01-22",24753,560151,4382,92061,1,49,29,629,29165,34157.71,652890,0
"2021-01-23",15740,575891,3223,95284,0,49,11,640,18974,32196.14,671864,0
"2021-01-24",7179,583070,3449,98733,0,49,16,656,10644,30086.14,682508,0
"2021-01-25",13419,596489,11812,110545,0,49,62,718,25293,29472.43,707801,0
"2021-01-26",16774,613263,10743,121288,0,49,62,780,27579,27124.57,735380,0
"2021-01-27",20845,634108,12350,133638,0,49,48,828,33243,25523,768623,0
"2021-01-28",30773,664881,12835,146473,0,49,79,907,43687,26940.71,812310,0
"2021-01-29",31706,696587,11486,157959,0,49,73,980,43265,28955,855575,0
"2021-01-30",18722,715309,3735,161694,0,49,21,1001,22478,29455.57,878053,0
"2021-01-31",13032,728341,2910,164604,1,50,25,1026,15968,30216.14,894021,0
"2021-02-01",1179,729520,5368,169972,3,53,34,1060,6584,27543.43,900605,0
"2021-02-02",2823,732343,9469,179441,2,55,51,1111,12345,25367.14,912950,0
"2021-02-03",16361,748704,21227,200668,4,59,202,1313,37794,26017.29,950744,0
"2021-02-04",27048,775752,19641,220309,3,62,194,1507,46886,26474.29,997630,0
"2021-02-05",27616,803368,20017,240326,0,62,173,1680,47806,27123,1045436,0
"2021-02-06",23000,826368,11234,251560,0,62,107,1787,34341,28817.71,1079777,0
"2021-02-07",12055,838423,8276,259836,1,63,83,1870,20415,29453,1100192,0
"2021-02-08",17013,855436,23487,283323,2,65,223,2093,40725,34330.29,1140917,0
"2021-02-09",17214,872650,28106,311429,2,67,321,2414,45643,39087.14,1186560,0
"2021-02-10",19610,892260,29292,340721,2,69,270,2684,49174,40712.86,1235734,0
"2021-02-11",27861,920121,33479,374200,2,71,329,3013,61671,42825,1297405,0
"2021-02-12",38433,958554,30770,404970,3,74,343,3356,69549,45931.14,1366954,0
"2021-02-13",28017,986571,25303,430273,2,76,300,3656,53622,48685.57,1420576,0
"2021-02-14",16304,1002875,23719,453992,0,76,251,3907,40274,51522.57,1460850,0
"2021-02-15",12805,1015680,10514,464506,2,78,164,4071,23485,49059.71,1484335,0
"2021-02-16",14267,1029947,26719,491225,0,78,309,4380,41295,48438.57,1525630,0
"2021-02-17",16420,1046367,22164,513389,1,79,277,4657,38862,46965.43,1564492,0
"2021-02-18",12169,1058536,24961,538350,21,100,285,4942,37436,43503.29,1601928,0
"2021-02-19",13288,1071824,23916,562266,39,139,295,5237,37538,38930.29,1639466,0
"2021-02-20",11359,1083183,26070,588336,6,145,321,5558,37756,36663.71,1677222,0
"2021-02-21",6362,1089545,17433,605769,15,160,276,5834,24086,34351.14,1701308,0
"2021-02-22",13043,1102588,11842,617611,2,162,124,5958,25011,34569.14,1726319,0
"2021-02-23",25246,1127834,14143,631754,1,163,157,6115,39547,34319.43,1765866,0
"2021-02-24",36358,1164192,20361,652115,0,163,209,6324,56928,36900.29,1822794,0
"2021-02-25",54618,1218810,30349,682464,6,169,380,6704,85353,43745.57,1908147,0
"2021-02-26",62907,1281717,31823,714287,4,173,388,7092,95122,51971.86,2003269,0
"2021-02-27",51317,1333034,22722,737009,47,220,322,7414,74408,57207.86,2077677,0
"2021-02-28",44622,1377656,13773,750782,6,226,193,7607,58594,62137.57,2136271,0
"2021-03-01",39323,1416979,12740,763522,9,235,161,7768,52233,66026.43,2188504,0
"2021-03-02",47084,1464063,12542,776064,7,242,155,7923,59788,68918,2248292,0
"2021-03-03",48604,1512667,16114,792178,17,259,148,8071,64883,70054.43,2313175,0
"2021-03-04",59833,1572500,22767,814945,1092,1351,268,8339,83960,69855.43,2397135,0
"2021-03-05",61000,1633500,24247,839192,3111,4462,325,8664,88683,68935.57,2485818,0
"2021-03-06",47175,1680675,18862,858054,5451,9913,231,8895,71719,68551.43,2557537,0
"2021-03-07",36060,1716735,14833,872887,6248,16161,224,9119,57365,68375.86,2614902,0
"2021-03-08",39623,1756358,14657,887544,8567,24728,306,9425,63153,69935.86,2678055,0
"2021-03-09",39110,1795468,12781,900325,7770,32498,182,9607,59843,69943.71,2737898,0
"2021-03-10",51839,1847307,15259,915584,5066,37564,211,9818,72375,71014,2810273,0
"2021-03-11",60006,1907313,21748,937332,4617,42181,248,10066,86619,71393.86,2896892,0
"2021-03-12",52217,1959530,30256,967588,4181,46362,375,10441,87029,71157.57,2983921,0
"2021-03-13",40666,2000196,26664,994252,5112,51474,315,10756,72757,71305.86,3056678,0
"2021-03-14",30728,2030924,15936,1010188,4531,56005,236,10992,51431,70458.14,3108109,0
"2021-03-15",33593,2064517,17199,1027387,4725,60730,236,11228,55753,69401,3163862,0
"2021-03-16",38694,2103211,20443,1047830,4927,65657,243,11471,64307,70038.71,3228169,0
"2021-03-17",42635,2145846,24736,1072566,4246,69903,324,11795,71941,69976.71,3300110,0
"2021-03-18",50488,2196334,26728,1099294,5244,75147,347,12142,82807,69432.14,3382917,0
"2021-03-19",47818,2244152,29880,1129174,5627,80774,370,12512,83695,68955.86,3466612,0
"2021-03-20",38719,2282871,25767,1154941,4690,85464,279,12791,69455,68484.14,3536067,0
"2021-03-21",29313,2312184,19294,1174235,770,86234,212,13003,49589,68221,3585656,0
"2021-03-22",33866,2346050,26676,1200911,4038,90272,258,13261,64838,69518.86,3650494,0
"2021-03-23",38439,2384489,32784,1233695,4221,94493,273,13534,75717,71148.86,3726211,0
"2021-03-24",41511,2426000,37518,1271213,4847,99340,314,13848,84190,72898.71,3810401,0
"2021-03-25",43431,2469431,50669,1321882,5051,104391,451,14299,99602,75298,3910003,0
"2021-03-26",38516,2507947,55381,1377263,4308,108699,507,14806,98712,77443.29,4008715,0
"2021-03-27",35761,2543708,45625,1422888,2939,111638,393,15199,84718,79623.71,4093433,0
"2021-03-28",26403,2570111,34350,1457238,1482,113120,311,15510,62546,81474.71,4155979,0
"2021-03-29",34839,2604950,38732,1495970,3248,116368,328,15838,77147,83233.14,4233126,0
"2021-03-30",40540,2645490,41835,1537805,3713,120081,323,16161,86411,84760.86,4319537,0
"2021-03-31",49426,2694916,44784,1582589,7441,127522,384,16545,102035,87310.14,4421572,0
"2021-04-01",50777,2745693,53911,1636500,11278,138800,486,17031,116452,89717.29,4538024,0
"2021-04-02",43766,2789459,53844,1690344,11977,150777,526,17557,110113,91346,4648137,0
"2021-04-03",39272,2828731,39165,1729509,9860,160637,329,17886,88626,91904.29,4736763,0
"2021-04-04",26565,2855296,24672,1754181,3901,164538,220,18106,55358,90877.43,4792121,0
"2021-04-05",41887,2897183,34400,1788581,11189,175727,357,18463,87833,92404,4879954,0
"2021-04-06",53290,2950473,35518,1824099,13221,188948,412,18875,102441,94694,4982395,0
"2021-04-07",55528,3006001,40647,1864746,14385,203333,381,19256,110941,95966.29,5093336,0
"2021-04-08",59287,3065288,46524,1911270,16338,219671,494,19750,122643,96850.71,5215979,0
"2021-04-09",56650,3121938,44911,1956181,17549,237220,486,20236,119596,98205.43,5335575,0
"2021-04-10",49379,3171317,35627,1991808,12728,249948,372,20608,98106,99559.71,5433681,0
"2021-04-11",38202,3209519,28806,2020614,7684,257632,276,20884,74968,102361.14,5508649,0
"2021-04-12",46650,3256169,31837,2052451,13494,271126,447,21331,92428,103017.57,5601077,0
"2021-04-13",52574,3308743,33766,2086217,366,271492,382,21713,87088,100824.29,5688165,0
"2021-04-14",50182,3358925,39942,2126159,20,271512,350,22063,90494,97903.29,5778659,0
"2021-04-15",52154,3411079,43665,2169824,15,271527,437,22500,96271,94135.86,5874930,0
"2021-04-16",51199,3462278,42222,2212046,32,271559,399,22899,93852,90458.14,5968782,0
"2021-04-17",43863,3506141,35683,2247729,3,271562,355,23254,79904,87857.86,6048686,0
"2021-04-18",28626,3534767,29371,2277100,7,271569,233,23487,58237,85467.71,6106923,0
"2021-04-19",37493,3572260,36437,2313537,22,271591,301,23788,74253,82871.29,6181176,0
"2021-04-20",40825,3613085,39637,2353174,19,271610,287,24075,80768,81968.43,6261944,0
"2021-04-21",38924,3652009,45947,2399121,15,271625,481,24556,85367,81236,6347311,0
"2021-04-22",38533,3690542,48943,2448064,9,271634,317,24873,87802,80026.14,6435113,0
"2021-04-23",39726,3730268,44345,2492409,5,271639,340,25213,84416,78678.14,6519529,0
"2021-04-24",31975,3762243,41600,2534009,44,271683,261,25474,73880,77817.57,6593409,0
"2021-04-25",18432,3780675,31232,2565241,86,271769,178,25652,49928,76630.57,6643337,0
"2021-04-26",26982,3807657,40726,2605967,1013,272782,268,25920,68989,75878.57,6712326,0
"2021-04-27",28579,3836236,47120,2653087,1696,274478,335,26255,77730,75444.57,6790056,0
"2021-04-28",27066,3863302,56820,2709907,2144,276622,421,26676,86451,75599.43,6876507,0
"2021-04-29",28630,3891932,57173,2767080,2144,278766,345,27021,88292,75669.43,6964799,0
"2021-04-30",30140,3922072,51973,2819053,2056,280822,272,27293,84441,75673,7049240,0
"2021-05-01",22484,3944556,44543,2863596,1176,281998,225,27518,68428,74894.14,7117668,0
"2021-05-02",11934,3956490,36646,2900242,1080,283078,132,27650,49792,74874.71,7167460,0
"2021-05-03",18042,3974532,53007,2953249,2383,285461,243,27893,73675,75544.14,7241135,0
"2021-05-04",22750,3997282,56639,3009888,2327,287788,247,28140,81963,76148.86,7323098,0
"2021-05-05",21489,4018771,48784,3058672,2311,290099,304,28444,72888,74211.29,7395986,0
"2021-05-06",20698,4039469,50166,3108838,2509,292608,261,28705,73634,72117.29,7469620,0
"2021-05-07",21277,4060746,52077,3160915,2812,295420,289,28994,76455,70976.43,7546075,0
"2021-05-08",16636,4077382,41878,3202793,1835,297255,215,29209,60564,69853,7606639,0
"2021-05-09",7982,4085364,29415,3232208,1260,298515,144,29353,38801,68282.86,7645440,0
"2021-05-10",14402,4099766,38535,3270743,2355,300870,218,29571,55510,65687.86,7700950,0
"2021-05-11",19940,4119706,43041,3313784,2514,303384,277,29848,65772,63374.86,7766722,0
"2021-05-12",17821,4137527,40533,3354317,3594,306978,223,30071,62171,61843.86,7828893,0
"2021-05-13",24993,4162520,40423,3394740,3227,310205,255,30326,68898,61167.29,7897791,0
"2021-05-14",27038,4189558,42897,3437637,3535,313740,276,30602,73746,60780.29,7971537,0
"2021-05-15",23665,4213223,34918,3472555,3367,317107,230,30832,62180,61011.14,8033717,0
"2021-05-16",15548,4228771,19433,3491988,2496,319603,122,30954,37599,60839.43,8071316,0
"2021-05-17",22685,4251456,29131,3521119,3256,322859,172,31126,55244,60801.43,8126560,0
"2021-05-18",24651,4276107,31892,3553011,3402,326261,227,31353,60172,60001.43,8186732,0
"2021-05-19",24222,4300329,29700,3582711,3038,329299,212,31565,57172,59287.29,8243904,0
"2021-05-20",24178,4324507,30072,3612783,3159,332458,263,31828,57672,57683.57,8301576,0
"2021-05-21",24701,4349208,31984,3644767,3062,335520,240,32068,59987,55718,8361563,0
"2021-05-22",20033,4369241,24349,3669116,2526,338046,153,32221,47061,53558.14,8408624,0
"2021-05-23",11246,4380487,13718,3682834,1411,339457,96,32317,26471,51968.43,8435095,0
"2021-05-24",18895,4399382,23138,3705972,2760,342217,208,32525,45001,50505.14,8480096,0
"2021-05-25",19447,4418829,23368,3729340,2604,344821,171,32696,45590,48422,8525686,0
"2021-05-26",18791,4437620,21073,3750413,2695,347516,193,32889,42752,46362,8568438,0
"2021-05-27",18485,4456105,21257,3771670,2530,350046,188,33077,42460,44188.86,8610898,0
"2021-05-28",17883,4473988,22885,3794555,2752,352798,179,33256,43699,41862,8654597,0
"2021-05-29",12717,4486705,17799,3812354,1755,354553,100,33356,32371,39763.43,8686968,0
"2021-05-30",7034,4493739,8947,3821301,1074,355627,44,33400,17099,38424.57,8704067,0
"2021-05-31",4743,4498482,6925,3828226,1011,356638,63,33463,12742,33816.14,8716809,0
"2021-06-01",16055,4514537,25192,3853418,2174,358812,142,33605,43563,33526.57,8760372,0
"2021-06-02",15362,4529899,20382,3873800,2094,360906,137,33742,37975,32844.14,8798347,0
"2021-06-03",15017,4544916,23814,3897614,2281,363187,115,33857,41227,32668,8839574,0
"2021-06-04",14737,4559653,25973,3923587,2491,365678,140,33997,43341,32616.86,8882915,0
"2021-06-05",11004,4570657,22074,3945661,1806,367484,106,34103,34990,32991,8917905,0
"2021-06-06",6452,4577109,14461,3960122,1222,368706,82,34185,22217,33722.14,8940122,0
"2021-06-07",11724,4588833,21768,3981890,2379,371085,141,34326,36012,37046.43,8976134,0
"2021-06-08",12667,4601500,24001,4005891,2072,373157,115,34441,38855,36373.86,9014989,0
"2021-06-09",11161,4612661,23011,4028902,2298,375455,129,34570,36599,36177.29,9051588,0
"2021-06-10",12082,4624743,22226,4051128,2461,377916,135,34705,36904,35559.71,9088492,0
"2021-06-11",12722,4637465,25092,4076220,2483,380399,150,34855,40447,35146.29,9128939,0
"2021-06-12",10173,4647638,19303,4095523,1889,382288,87,34942,31452,34640.86,9160391,0
"2021-06-13",4260,4651898,10935,4106458,1219,383507,40,34982,16454,33817.57,9176845,0
"2021-06-14",10226,4662124,19224,4125682,2042,385549,121,35103,31613,33189.14,9208458,0
"2021-06-15",11894,4674018,21000,4146682,1943,387492,123,35226,34960,32632.71,9243418,0
"2021-06-16",11601,4685619,19398,4166080,1958,389450,133,35359,33090,32131.43,9276508,0
"2021-06-17",11031,4696650,18741,4184821,1969,391419,120,35479,31861,31411,9308369,0
"2021-06-18",12174,4708824,18493,4203314,2113,393532,110,35589,32890,30331.43,9341259,0
"2021-06-19",8505,4717329,13524,4216838,1460,394992,74,35663,23563,29204.43,9364822,0
"2021-06-20",4338,4721667,7163,4224001,924,395916,34,35697,12459,28633.71,9377281,0
"2021-06-21",10174,4731841,9993,4233994,1806,397722,66,35763,22039,27266,9399320,0
"2021-06-22",9847,4741688,15634,4249628,1589,399311,99,35862,27169,26153,9426489,0
"2021-06-23",10331,4752019,15170,4264798,1861,401172,100,35962,27462,25349,9453951,0
"2021-06-24",9702,4761721,14681,4279479,1798,402970,113,36075,26294,24553.71,9480245,0
"2021-06-25",10603,4772324,14376,4293855,1718,404688,108,36183,26805,23684.43,9507050,0
"2021-06-26",7809,4780133,10456,4304311,1246,405934,74,36257,19585,23116.14,9526635,0
"2021-06-27",5005,4785138,5997,4310308,796,406730,32,36289,11830,23026.29,9538465,0
"2021-06-28",9041,4794179,10338,4320646,1524,408254,105,36394,21008,22879,9559473,0
"2021-06-29",9756,4803935,12307,4332953,1347,409601,120,36514,23530,22359.14,9583003,0
"2021-06-30",9431,4813366,10918,4343871,1480,411081,143,36657,21972,21574.86,9604975,0
"2021-07-01",9405,4822771,10918,4354789,1430,412511,124,36781,21877,20943.86,9626852,0
"2021-07-02",9698,4832469,11430,4366219,1540,414051,122,36903,22790,20370.29,9649642,0
"2021-07-03",7060,4839529,8418,4374637,1193,415244,76,36979,16747,19964.86,9666389,0
"2021-07-04",1290,4840819,1335,4375972,567,415811,8,36987,3200,18732,9669589,0
"2021-07-05",6497,4847316,7096,4383068,1208,417019,65,37052,14866,17854.57,9684455,0
"2021-07-06",9521,4856837,12838,4395906,1317,418336,113,37165,23789,17891.57,9708244,0
"2021-07-07",8681,4865518,11101,4407007,1419,419755,118,37283,21319,17798.29,9729563,0
"2021-07-08",8214,4873732,10187,4417194,1260,421015,105,37388,19766,17496.71,9749329,0
"2021-07-09",8378,4882110,10822,4428016,1279,422294,89,37477,20568,17179.29,9769897,0
"2021-07-10",7114,4889224,8623,4436639,1132,423426,64,37541,16933,17205.86,9786830,0
"2021-07-11",4106,4893330,4538,4441177,703,424129,34,37575,9381,18088.86,9796211,0
"2021-07-12",8460,4901790,9541,4450718,1250,425379,73,37648,19324,18725.71,9815535,0
"2021-07-13",9473,4911263,9377,4460095,951,426330,102,37750,19903,18170.57,9835438,0
"2021-07-14",9009,4920272,9523,4469618,1009,427339,104,37854,19645,17931.43,9855083,0
"2021-07-15",8801,4929073,9141,4478759,1052,428391,81,37935,19075,17832.71,9874158,0
"2021-07-16",9245,4938318,9757,4488516,978,429369,103,38038,20083,17763.43,9894241,0
"2021-07-17",6851,4945169,7378,4495894,801,430170,78,38116,15108,17502.71,9909349,0
"2021-07-18",4261,4949430,4285,4500179,569,430739,35,38151,9150,17469.71,9918499,0
"2021-07-19",9126,4958556,8460,4508639,998,431737,86,38237,18670,17376.29,9937169,0
"2021-07-20",10656,4969212,8751,4517390,991,432728,85,38322,20483,17459.14,9957652,0
"2021-07-21",10063,4979275,8748,4526138,904,433632,139,38461,19854,17489,9977506,0
"2021-07-22",10692,4989967,8576,4534714,1044,434676,141,38602,20453,17685.86,9997959,0
"2021-07-23",11255,5001222,8874,4543588,1113,435789,133,38735,21375,17870.43,10019334,0
"2021-07-24",7408,5008630,6730,4550318,670,436459,80,38815,14888,17839,10034222,0
"2021-07-25",5480,5014110,2119,4552437,509,436968,58,38873,8166,17698.43,10042388,0
"2021-07-26",10888,5024998,6980,4559417,859,437827,107,38980,18834,17721.86,10061222,0
"2021-07-27",12066,5037064,8564,4567981,857,438684,129,39109,21616,17883.71,10082838,0
"2021-07-28",11997,5049061,8041,4576022,951,439635,133,39242,21122,18064.86,10103960,0
"2021-07-29",10946,5060007,7427,4583449,983,440618,130,39372,19486,17926.71,10123446,0
"2021-07-30",14956,5074963,7999,4591448,1149,441767,179,39551,24283,18342.14,10147729,0
"2021-07-31",9743,5084706,6302,4597750,815,442582,118,39669,16978,18640.71,10164707,0
"2021-08-01",6506,5091212,3309,4601059,564,443146,79,39748,10458,18968.14,10175165,0
"2021-08-02",13457,5104669,7151,4608210,848,443994,141,39889,21597,19362.86,10196762,0
"2021-08-03",15422,5120091,8373,4616583,1106,445100,145,40034,25046,19852.86,10221808,0
"2021-08-04",17262,5137353,8115,4624698,1456,446556,174,40208,27007,20693.57,10248815,0
"2021-08-05",17884,5155237,7905,4632603,1365,447921,161,40369,27315,21812,10276130,0
"2021-08-06",18190,5173427,8401,4641004,1233,449154,159,40528,27983,22340.57,10304113,0
"2021-08-07",13376,5186803,5999,4647003,798,449952,95,40623,20268,22810.57,10324381,0
"2021-08-08",9317,5196120,3827,4650830,399,450351,76,40699,13619,23262.14,10338000,0
"2021-08-09",21338,5217458,8523,4659353,963,451314,166,40865,30990,24604,10368990,0
"2021-08-10",18933,5236391,9319,4668672,949,452263,166,41031,29367,25221.29,10398357,0
"2021-08-11",15655,5252046,8306,4676978,852,453115,120,41151,24933,24925,10423290,0
"2021-08-12",15062,5267108,8971,4685949,937,454052,161,41312,25131,24613,10448421,0
"2021-08-13",14933,5282041,9273,4695222,921,454973,233,41545,25360,24238.29,10473781,0
"2021-08-14",10420,5292461,6408,4701630,626,455599,520,42065,17974,23910.57,10491755,0
"2021-08-15",6699,5299160,4472,4706102,676,456275,564,42629,12411,23738,10504166,0
"2021-08-16",15730,5314890,9283,4715385,1149,457424,1311,43940,27473,23235.57,10531639,0
"2021-08-17",17781,5332671,10439,4725824,1218,458642,1745,45685,31183,23495,10562822,0
"2021-08-18",17495,5350166,10346,4736170,1254,459896,1968,47653,31063,24370.71,10593885,0
"2021-08-19",16330,5366496,9504,4745674,1316,461212,1928,49581,29078,24934.57,10622963,0
"2021-08-20",16303,5382799,11525,4757199,1254,462466,1840,51421,30922,25729.14,10653885,0
"2021-08-21",11166,5393965,8035,4765234,877,463343,1045,52466,21123,26179,10675008,0
"2021-08-22",4089,5398054,3902,4769136,262,463605,511,52977,8764,25658,10683772,0
"2021-08-23",15591,5413645,11788,4780924,1023,464628,1534,54511,29936,26009.86,10713708,0
"2021-08-24",16927,5430572,12590,4793514,1006,465634,1767,56278,32290,26168,10745998,0
"2021-08-25",14603,5445175,12427,4805941,1111,466745,1548,57826,29689,25971.71,10775687,0
"2021-08-26",16191,5461366,14059,4820000,1072,467817,1752,59578,33074,26542.57,10808761,0
"2021-08-27",14855,5476221,14806,4834806,972,468789,1649,61227,32282,26736.86,10841043,0
"2021-08-28",10713,5486934,11498,4846304,836,469625,1000,62227,24047,27154.57,10865090,0
"2021-08-29",7228,5494162,7487,4853791,541,470166,766,62993,16022,28191.43,10881112,0
"2021-08-30",15547,5509709,16899,4870690,1076,471242,1778,64771,35300,28957.71,10916412,0
"2021-08-31",15540,5525249,15933,4886623,952,472194,1943,66714,34368,29254.57,10950780,0
"2021-09-01",14847,5540096,14086,4900709,1019,473213,1782,68496,31734,29546.71,10982514,0
"2021-09-02",14360,5554456,12507,4913216,896,474109,1678,70174,29441,29027.71,11011955,0
"2021-09-03",15027,5569483,14288,4927504,973,475082,1873,72047,32161,29010.43,11044116,0
"2021-09-04",9655,5579138,9400,4936904,688,475770,956,73003,20699,28532.14,11064815,0
"2021-09-05",6818,5585956,5506,4942410,438,476208,696,73699,13458,28165.86,11078273,0
"2021-09-06",5203,5591159,4505,4946915,358,476566,267,73966,10333,24599.14,11088606,0
"2021-09-07",15588,5606747,17682,4964597,913,477479,1525,75491,35708,24790.57,11124314,0
"2021-09-08",16213,5622960,14790,4979387,1073,478552,1743,77234,33819,25088.43,11158133,0
"2021-09-09",16132,5639092,14729,4994116,1047,479599,1888,79122,33796,25710.57,11191929,0
"2021-09-10",18390,5657482,15371,5009487,1209,480808,1952,81074,36922,26390.71,11228851,0
"2021-09-11",12651,5670133,10342,5019829,959,481767,1013,82087,24965,27000.14,11253816,0
"2021-09-12",8549,5678682,5042,5024871,766,482533,682,82769,15039,27226,11268855,0
"2021-09-13",16956,5695638,12938,5037809,973,483506,1625,84394,32492,30391.57,11301347,0
"2021-09-14",16293,5711931,13658,5051467,886,484392,1573,85967,32410,29920.43,11333757,0
"2021-09-15",15589,5727520,12830,5064297,728,485120,1559,87526,30706,29475.71,11364463,0
"2021-09-16",15366,5742886,13896,5078193,1211,486331,1429,88955,31902,29205.14,11396365,0
"2021-09-17",14473,5757359,13924,5092117,922,487253,1811,90766,31130,28377.71,11427495,0
"2021-09-18",10021,5767380,10165,5102282,915,488168,1038,91804,22139,27974,11449634,0
"2021-09-19",6191,5773571,6066,5108348,557,488725,735,92539,13549,27761.14,11463183,0
"2021-09-20",12702,5786273,12620,5120968,1070,489795,1900,94439,28292,27161.14,11491475,0
"2021-09-21",12259,5798532,12754,5133722,1111,490906,1998,96437,28122,26548.57,11519597,0
"2021-09-22",12860,5811392,11972,5145694,1090,491996,1650,98087,27572,26100.86,11547169,0
"2021-09-23",14964,5826356,12735,5158429,1637,493633,2222,100309,31558,26051.71,11578727,0
"2021-09-24",16478,5842834,13339,5171768,1632,495265,4524,104833,35973,26743.57,11614700,0
"2021-09-25",10577,5853411,9012,5180780,1018,496283,3381,108214,23988,27007.71,11638688,0
"2021-09-26",6333,5859744,5751,5186531,773,497056,2377,110591,15234,27248.43,11653922,0
"2021-09-27",14204,5873948,8039,5194570,1154,498210,8865,119456,32262,27815.57,11686184,0
"2021-09-28",11189,5885137,11752,5206322,901,499111,9685,129141,33527,28587.71,11719711,0
"2021-09-29",11645,5896782,12173,5218495,1204,500315,9252,138393,34274,29545.14,11753985,0
"2021-09-30",12282,5909064,12585,5231080,1339,501654,9553,147946,35759,30145.29,11789744,0
"2021-10-01",12685,5921749,13417,5244497,1281,502935,10137,158083,37520,30366.29,11827264,0
"2021-10-02",7749,5929498,9975,5254472,864,503799,4165,162248,22753,30189.86,11850017,0
"2021-10-03",5085,5934583,6161,5260633,594,504393,2571,164819,14411,30072.29,11864428,0
"2021-10-04",9951,5944534,11012,5271645,913,505306,9388,174207,31264,29929.71,11895692,0
"2021-10-05",10202,5954736,11742,5283387,973,506279,9832,184039,32749,29818.57,11928441,0
"2021-10-06",9952,5964688,11039,5294426,937,507216,9831,193870,31759,29459.29,11960200,0
"2021-10-07",9714,5974402,12177,5306603,852,508068,10076,203946,32819,29039.29,11993019,0
"2021-10-08",9524,5983926,12133,5318736,943,509011,10786,214732,33386,28448.71,12026405,0
"2021-10-09",6284,5990210,8276,5327012,649,509660,4045,218777,19254,27948.86,12045659,0
"2021-10-10",3555,5993765,5019,5332031,458,510118,2396,221173,11428,27522.71,12057087,0
"2021-10-11",7650,6001415,9331,5341362,728,510846,8819,229992,26528,26846.14,12083615,0
"2021-10-12",8094,6009509,10989,5352351,890,511736,10400,240392,30373,26506.71,12113988,0
"2021-10-13",7207,6016716,10140,5362491,870,512606,8648,249040,26865,25807.57,12140853,0
"2021-10-14",7485,6024201,11103,5373594,836,513442,9954,258994,29378,25316,12170231,0
"2021-10-15",7763,6031964,11860,5385454,823,514265,10652,269646,31098,24989.14,12201329,0
"2021-10-16",4880,6036844,7456,5392910,666,514931,3763,273409,16765,24633.57,12218094,0
"2021-10-17",3067,6039911,4475,5397385,411,515342,2405,275814,10358,24480.71,12228452,0
"2021-10-18",7099,6047010,10649,5408034,798,516140,9297,285111,27843,24668.57,12256295,0
"2021-10-19",6664,6053674,8931,5416965,805,516945,8890,294001,25290,23942.43,12281585,0
"2021-10-20",6576,6060250,9365,5426330,973,517918,9845,303846,26759,23927.29,12308344,0
"2021-10-21",7076,6067326,9376,5435706,859,518777,10701,314547,28012,23732.14,12336356,0
"2021-10-22",8188,6075514,10338,5446044,1025,519802,16200,330747,35751,24396.86,12372107,0
"2021-10-23",5209,6080723,6459,5452503,690,520492,9044,339791,21402,25059.29,12393509,0
"2021-10-24",3298,6084021,3964,5456467,770,521262,6124,345915,14156,25601.86,12407665,0
"2021-10-25",8847,6092868,8751,5465218,1148,522410,19103,365018,37849,27031.29,12445514,0
"2021-10-26",8253,6101121,7726,5472944,1259,523669,17160,382178,34398,28332.43,12479912,0
"2021-10-27",10651,6111772,8387,5481331,1604,525273,20648,402826,41290,30408.29,12521202,0
"2021-10-28",11407,6123179,8031,5489362,1790,527063,20693,423519,41921,32395.29,12563123,0
"2021-10-29",11918,6135097,8235,5497597,1965,529028,22365,445884,44483,33642.71,12607606,0
"2021-10-30",4674,6139771,5049,5502646,934,529962,11082,456966,21739,33690.86,12629345,0
"2021-10-31",2687,6142458,2702,5505348,545,530507,6586,463552,12520,33457.14,12641865,0
"2021-11-01",7217,6149675,6952,5512300,1090,531597,20221,483773,35480,33118.71,12677345,0
"2021-11-02",6661,6156336,6575,5518875,1053,532650,20602,504375,34891,33189.14,12712236,0
"2021-11-03",6936,6163272,6657,5525532,1029,533679,20467,524842,35089,32303.29,12747325,0
"2021-11-04",9377,6172649,6264,5531796,996,534675,22196,547038,38833,31862.14,12786158,0
"2021-11-05",11158,6183807,6719,5538515,1053,535728,23582,570620,42512,31580.57,12828670,0
"2021-11-06",11160,6194967,4044,5542559,593,536321,12515,583135,28312,32519.57,12856982,0
"2021-11-07",7287,6202254,2273,5544832,576,536897,7059,590194,17195,33187.43,12874177,0
"2021-11-08",15127,6217381,5668,5550500,867,537764,19377,609571,41039,33981.57,12915216,0
"2021-11-09",16224,6233605,5375,5555875,662,538426,20396,629967,42657,35091,12957873,0
"2021-11-10",17021,6250626,5312,5561187,684,539110,22453,652420,45470,36574,13003343,0
"2021-11-11",12644,6263270,5189,5566376,760,539870,21885,674305,40478,36809,13043821,0
"2021-11-12",16979,6280249,5666,5572042,710,540580,23226,697531,46581,37390.29,13090402,0
"2021-11-13",9989,6290238,3666,5575708,466,541046,13269,710800,27390,37258.57,13117792,0
"2021-11-14",6060,6296298,2293,5578001,325,541371,7892,718692,16570,37169.29,13134362,0
"2021-11-15",13332,6309630,5968,5583969,690,542061,24967,743659,44957,37729,13179319,0
"2021-11-16",10171,6319801,5778,5589747,655,542716,30391,774050,46995,38348.71,13226314,0
"2021-11-17",10598,6330399,6674,5596421,690,543406,31048,805098,49010,38854.43,13275324,0
"2021-11-18",11026,6341425,6538,5602959,864,544270,32607,837705,51035,40362.57,13326359,0
"2021-11-19",12323,6353748,6547,5609506,719,544989,35904,873609,55493,41635.71,13381852,0
"2021-11-20",9535,6363283,3417,5612923,513,545502,22245,895854,35710,42824.29,13417562,0
"2021-11-21",5089,6368372,1886,5614809,289,545791,13048,908902,20312,43358.86,13437874,0
"2021-11-22",10718,6379090,5781,5620590,754,546545,35547,944449,52800,44479.29,13490674,0
"2021-11-23",9972,6389062,4776,5625366,636,547181,33251,977700,48635,44713.57,13539309,0
"2021-11-24",8812,6397874,4751,5630117,651,547832,25778,1003478,39992,43425.29,13579301,0
"2021-11-25",459,6398333,324,5630441,80,547912,991,1004469,1854,36399.43,13581155,0
"2021-11-26",8356,6406689,6969,5637410,533,548445,26244,1030713,42102,34486.43,13623257,0
"2021-11-27",6857,6413546,6801,5644211,375,548820,18564,1049277,32597,34041.71,13655854,0
"2021-11-28",4231,6417777,5766,5649977,286,549106,11667,1060944,21950,34275.71,13677804,0
"2021-11-29",9514,6427291,10965,5660942,690,549796,34484,1095428,55653,34683.29,13733457,0
"2021-11-30",10779,6438070,11407,5672349,514,550310,37360,1132788,60060,36315.43,13793517,0
"2021-12-01",11416,6449486,10946,5683295,724,551034,40069,1172857,63155,39624.43,13856672,0
"2021-12-02",11978,6461464,11003,5694298,629,551663,41605,1214462,65215,48676,13921887,0
"2021-12-03",14035,6475499,12817,5707115,682,552345,47262,1261724,74796,53346.57,13996683,0
"2021-12-04",10144,6485643,11183,5718298,570,552915,30236,1291960,52133,56137.43,14048816,0
"2021-12-05",5860,6491503,5701,5723999,271,553186,16509,1308469,28341,57050.43,14077157,0
"2021-12-06",12825,6504328,9903,5733902,608,553794,42671,1351140,66007,58529.57,14143164,0
"2021-12-07",13099,6517427,9206,5743108,631,554425,42438,1393578,65374,59288.71,14208538,0
"2021-12-08",13927,6531354,8728,5751836,557,554982,40337,1433915,63549,59345,14272087,0
"2021-12-09",13803,6545157,8731,5760567,559,555541,40403,1474318,63496,59099.43,14335583,0
"2021-12-10",14523,6559680,10076,5770643,667,556208,43078,1517396,68344,58177.71,14403927,0
"2021-12-11",10489,6570169,8036,5778679,405,556613,26450,1543846,45380,57213,14449307,0
"2021-12-12",6107,6576276,3848,5782527,287,556900,15063,1558909,25305,56779.29,14474612,0
"2021-12-13",12418,6588694,7397,5789924,656,557556,37639,1596548,58110,55651.14,14532722,0
"2021-12-14",12407,6601101,6932,5796856,732,558288,37909,1634457,57980,54594.86,14590702,0
"2021-12-15",12475,6613576,6234,5803090,752,559040,37701,1672158,57162,53682.43,14647864,0
"2021-12-16",13666,6627242,4221,5807311,738,559778,40344,1712502,58969,53035.71,14706833,0
"2021-12-17",16617,6643859,6890,5814201,622,560400,45910,1758412,70039,53277.86,14776872,0
"2021-12-18",13329,6657188,5697,5819898,433,560833,30224,1788636,49683,53892.57,14826555,0
"2021-12-19",7188,6664376,2984,5822882,330,561163,17808,1806444,28310,54321.86,14854865,0
"2021-12-20",17506,6681882,5834,5828716,752,561915,46708,1853152,70800,56134.71,14925665,0
"2021-12-21",18518,6700400,6524,5835240,810,562725,48184,1901336,74036,58428.43,14999701,0
"2021-12-22",18976,6719376,6549,5841789,937,563662,49046,1950382,75508,61049.29,15075209,0
"2021-12-23",19258,6738634,6471,5848260,928,564590,45429,1995811,72086,62923.14,15147295,0
"2021-12-24",9477,6748111,2949,5851209,596,565186,20295,2016106,33317,57677.14,15180612,0
"2021-12-25",343,6748454,65,5851274,32,565218,420,2016526,860,50702.43,15181472,0
"2021-12-26",8200,6756654,3910,5855184,341,565559,17048,2033574,29499,50872.29,15210971,0
"2021-12-27",21874,6778528,9184,5864368,931,566490,43200,2076774,75189,51499.29,15286160,0
"2021-12-28",20244,6798772,8303,5872671,694,567184,47340,2124114,76581,51862.86,15362741,0
"2021-12-29",18566,6817338,7638,5880309,605,567789,45286,2169400,72095,51375.29,15434836,0
"2021-12-30",16925,6834263,7404,5887713,580,568369,44604,2214004,69513,51007.71,15504349,0
"2021-12-31",5357,6839620,2790,5890503,193,568562,14651,2228655,22991,49532.57,15527340,0
"2022-01-01",234,6839854,139,5890642,11,568573,483,2229138,867,49533.57,15528207,0
"2022-01-02",6473,6846327,5006,5895648,153,568726,10941,2240079,22573,48544.14,15550780,0
"2022-01-03",14219,6860546,8462,5904110,512,569238,26692,2266771,49885,44929.29,15600665,0
"2022-01-04",13167,6873713,8057,5912167,411,569649,26811,2293582,48446,40910,15649111,0
"2022-01-05",11714,6885427,6944,5919111,382,570031,25566,2319148,44606,36983,15693717,0
"2022-01-06",11652,6897079,7327,5926438,480,570511,27251,2346399,46710,33725.43,15740427,0
"2022-01-07",10540,6907619,8390,5934828,336,570847,24783,2371182,44049,36733.71,15784476,0
"2022-01-08",7982,6915601,8514,5943342,310,571157,19300,2390482,36106,41767.86,15820582,0
"2022-01-09",4174,6919775,3837,5947179,215,571372,10012,2400494,18238,41148.57,15838820,0
"2022-01-10",10266,6930041,8151,5955330,484,571856,24448,2424942,43349,40214.86,15882169,0
"2022-01-11",8977,6939018,7945,5963275,519,572375,20837,2445779,38278,38762.29,15920447,0
"2022-01-12",8996,6948014,8293,5971568,426,572801,22192,2467971,39907,38091,15960354,0
"2022-01-13",9113,6957127,8788,5980356,448,573249,22600,2490571,40949,37268,16001303,0
"2022-01-14",10142,6967269,8021,5988377,472,573721,26032,2516603,44667,37356.29,16045970,0
"2022-01-15",6217,6973486,4247,5992624,175,573896,14895,2531498,25534,35846,16071504,0
"2022-01-16",2946,6976432,3237,5995861,96,573992,7780,2539278,14059,35249,16085563,0
"2022-01-17",6104,6982536,6702,6002563,359,574351,14538,2553816,27703,33013.86,16113266,0
"2022-01-18",8142,6990678,10083,6012646,392,574743,19246,2573062,37863,32954.57,16151129,0
"2022-01-19",7540,6998218,9172,6021818,305,575048,17568,2590630,34585,32194.29,16185714,0
"2022-01-20",6313,7004531,8474,6030292,303,575351,15028,2605658,30118,30647,16215832,0
"2022-01-21",7664,7012195,7449,6037741,278,575629,18304,2623962,33695,29079.57,16249527,0
"2022-01-22",5225,7017420,4911,6042652,130,575759,11245,2635207,21511,28504.86,16271038,0
"2022-01-23",2826,7020246,3315,6045967,97,575856,6192,2641399,12430,28272.14,16283468,0
"2022-01-24",6428,7026674,8137,6054104,258,576114,14942,2656341,29765,28566.71,16313233,0
"2022-01-25",6239,7032913,7886,6061990,233,576347,14559,2670900,28917,27288.71,16342150,0
"2022-01-26",5780,7038693,7121,6069111,282,576629,13885,2684785,27068,26214.86,16369218,0
"2022-01-27",5262,7043955,6994,6076105,312,576941,13907,2698692,26475,25694.43,16395693,0
"2022-01-28",6321,7050276,7778,6083883,205,577146,15983,2714675,30287,25207.57,16425980,0
"2022-01-29",851,7051127,699,6084582,27,577173,2503,2717178,4080,22717.43,16430060,0
"2022-01-30",2116,7053243,2985,6087567,102,577275,4510,2721688,9713,22329.29,16439773,0
"2022-01-31",5042,7058285,6531,6094098,217,577492,11247,2732935,23037,21368.14,16462810,0
"2022-02-01",4844,7063129,6388,6100486,217,577709,10600,2743535,22049,20387,16484859,0
"2022-02-02",4282,7067411,5891,6106377,214,577923,11111,2754646,21498,19591.29,16506357,0
"2022-02-03",4232,7071643,5733,6112110,217,578140,11059,2765705,21241,18843.57,16527598,0
"2022-02-04",4775,7076418,7040,6119150,213,578353,13065,2778770,25093,18101.57,16552691,0
"2022-02-05",3604,7080022,6004,6125154,109,578462,8511,2787281,18228,20122.71,16570919,0
"2022-02-06",2030,7082052,2124,6127278,119,578581,4580,2791861,8853,19999.86,16579772,0
"2022-02-07",4175,7086227,4674,6131952,200,578781,10039,2801900,19088,19435.71,16598860,0
"2022-02-08",4219,7090446,5538,6137490,206,578987,11130,2813030,21093,19299.14,16619953,0
"2022-02-09",4101,7094547,5323,6142813,220,579207,11416,2824446,21060,19236.57,16641013,0
"2022-02-10",3904,7098451,5032,6147845,233,579440,11749,2836195,20918,19190.43,16661931,0
"2022-02-11",4505,7102956,5745,6153590,189,579629,13517,2849712,23956,19028,16685887,0
"2022-02-12",3276,7106232,4294,6157884,95,579724,8703,2858415,16368,18762.29,16702255,0
"2022-02-13",1531,7107763,1529,6159413,36,579760,4839,2863254,7935,18631.14,16710190,0
"2022-02-14",2984,7110747,3570,6162983,157,579917,10350,2873604,17061,18341.57,16727251,0
"2022-02-15",3565,7114312,3978,6166961,174,580091,12409,2886013,20126,18203.43,16747377,0
"2022-02-16",3635,7117947,3753,6170714,186,580277,15215,2901228,22789,18450.43,16770166,0
"2022-02-17",3968,7121915,3988,6174702,155,580432,17679,2918907,25790,19146.43,16795956,120000
"2022-02-18",4441,7126356,4670,6179372,183,580615,20773,2939680,30067,20019.43,16826023,120000
"2022-02-19",3242,7129598,2154,6181526,65,580680,10910,2950590,16371,20019.86,16842394,120000
"2022-02-20",1892,7131490,1440,6182966,56,580736,6455,2957045,9843,20292.43,16852237,120000
"2022-02-21",3111,7134601,2598,6185564,87,580823,8052,2965097,13848,19833.43,16866085,120000
"2022-02-22",4342,7138943,4007,6189571,147,580970,10372,2975469,18868,19653.71,16884953,120000
"2022-02-23",1665,7140608,1455,6191026,52,581022,4659,2980128,7831,17516.86,16892784,120000
