"DATE","ADMIN_DOSE1_DAILY","ADMIN_DOSE1_CUMULATIVE","ADMIN_DOSE2_DAILY","ADMIN_DOSE2_CUMULATIVE","ADMIN_SINGLE_DAILY","ADMIN_SINGLE_CUMULATIVE","ADMIN_ADDITIONAL1_DAILY","ADMIN_ADDITIONAL1_CUMULATIVE","ADMIN_ADDITIONAL2_DAILY","ADMIN_ADDITIONAL2_CUMULATIVE","ADMIN_ADDITIONAL_DAILY","ADMIN_ADDITIONAL_CUMULATIVE","ADMIN_BIVALENT_ADDITIONAL_DAILY","ADMIN_BIVALENT_ADDITIONAL_CUMULATIVE","ADMIN_ALLDOSES_DAILY","ADMIN_ALLDOSES_7DAYAVG","ADMIN_ALLDOSES_CUMULATIVE","ADMIN_ALLDOSES_PRIMARY","INCOMPLETE"
2020-12-14,79,79,0,0,2,2,0,0,0,0,0,0,0,0,81,,81,81,0
2020-12-15,2052,2131,7,7,5,7,0,0,0,0,0,0,0,0,2064,,2145,2145,0
2020-12-16,4604,6735,17,24,4,11,1,1,0,0,1,1,0,0,4626,,6771,6770,0
2020-12-17,4661,11396,18,42,2,13,1,2,0,0,1,2,0,0,4682,,11453,11451,0
2020-12-18,5833,17229,23,65,2,15,2,4,0,0,2,4,0,0,5860,,17313,17309,0
2020-12-19,1687,18916,10,75,3,18,0,4,0,0,0,4,0,0,1700,,19013,19009,0
2020-12-20,1118,20034,2,77,1,19,0,4,0,0,0,4,0,0,1121,2876.29,20134,20130,0
2020-12-21,6392,26426,22,99,0,19,4,8,0,0,4,8,0,0,6418,3781.57,26552,26544,0
2020-12-22,9765,36191,29,128,2,21,1,9,0,0,1,9,0,0,9797,4886.29,36349,36340,0
2020-12-23,14274,50465,39,167,3,24,0,9,0,0,0,9,0,0,14316,6270.57,50665,50656,0
2020-12-24,7170,57635,28,195,1,25,0,9,0,0,0,9,0,0,7199,6630.14,57864,57855,0
2020-12-25,180,57815,0,195,0,25,1,10,0,0,1,10,0,0,181,5818.86,58045,58035,0
2020-12-26,4392,62207,48,243,0,25,1,11,0,0,1,11,0,0,4441,6210.43,62486,62475,0
2020-12-27,3868,66075,16,259,0,25,1,12,0,0,1,12,0,0,3885,6605.29,66371,66359,0
2020-12-28,10991,77066,51,310,1,26,3,15,0,0,3,15,0,0,11046,7266.43,77417,77402,0
2020-12-29,10712,87778,37,347,2,28,3,18,0,0,3,18,0,0,10754,7403.14,88171,88153,0
2020-12-30,12819,100597,45,392,0,28,0,18,0,0,0,18,0,0,12864,7195.71,101035,101017,0
2020-12-31,7258,107855,38,430,1,29,0,18,0,0,0,18,0,0,7297,7209.71,108332,108314,0
2021-01-01,178,108033,2,432,1,30,3,21,0,0,3,21,0,0,184,7210.14,108516,108495,0
2021-01-02,3810,111843,10,442,3,33,2,23,0,0,2,23,0,0,3825,7122.14,112341,112318,0
2021-01-03,3543,115386,26,468,2,35,1,24,0,0,1,24,0,0,3572,7077.43,115913,115889,0
2021-01-04,12249,127635,812,1280,2,37,7,31,0,0,7,31,0,0,13070,7366.57,128983,128952,0
2021-01-05,14085,141720,2198,3478,2,39,14,45,1,1,15,46,0,0,16300,8158.86,145283,145237,0
2021-01-06,17795,159515,3928,7406,1,40,33,78,8,9,41,87,0,0,21765,9430.43,167048,166961,0
2021-01-07,16539,176054,5185,12591,4,44,46,124,3,12,49,136,0,0,21777,11499,188825,188689,0
2021-01-08,16611,192665,5461,18052,0,44,38,162,5,17,43,179,0,0,22115,14632,210940,210761,0
2021-01-09,7647,200312,1464,19516,1,45,9,171,2,19,11,190,0,0,9123,15388.86,220063,219873,0
2021-01-10,7876,208188,980,20496,0,45,14,185,0,19,14,204,0,0,8870,16145.71,228933,228729,0
2021-01-11,25809,233997,7462,27958,2,47,59,244,6,25,65,269,0,0,33338,19041.14,262271,262002,0
2021-01-12,28240,262237,7867,35825,1,48,47,291,4,29,51,320,0,0,36159,21878.14,298430,298110,0
2021-01-13,31702,293939,9418,45243,1,49,60,351,6,35,66,386,0,0,41187,24652.71,339617,339231,0
2021-01-14,35793,329732,5305,50548,1,50,34,385,7,42,41,427,0,0,41140,27418.86,380757,380330,0
2021-01-15,29245,358977,3716,54264,2,52,33,418,6,48,39,466,0,0,33002,28974.14,413759,413293,0
2021-01-16,30252,389229,2403,56667,0,52,25,443,6,54,31,497,0,0,32686,32340.29,446445,445948,0
2021-01-17,23722,412951,1649,58316,0,52,20,463,1,55,21,518,0,0,25392,34700.57,471837,471319,0
2021-01-18,27078,440029,2429,60745,0,52,37,500,7,62,44,562,0,0,29552,34159.71,501389,500827,0
2021-01-19,34262,474291,9647,70392,1,53,73,573,8,70,81,643,0,0,43991,35278.57,545380,544737,0
2021-01-20,34841,509132,9505,79897,1,54,62,635,3,73,65,708,0,0,44412,35739.29,589792,589084,0
2021-01-21,25571,534703,8098,87995,2,56,56,691,5,78,61,769,0,0,33732,34681,623524,622755,0
2021-01-22,24738,559441,4387,92382,1,57,32,723,7,85,39,808,0,0,29165,34132.86,652689,651881,0
2021-01-23,15733,575174,3226,95608,0,57,12,735,2,87,14,822,0,0,18973,32173.86,671662,670840,0
2021-01-24,7167,582341,3461,99069,0,57,20,755,1,88,21,843,0,0,10649,30067.71,682311,681468,0
2021-01-25,13390,595731,11832,110901,0,57,71,826,13,101,84,927,0,0,25306,29461.14,707617,706690,0
2021-01-26,16747,612478,10764,121665,0,57,70,896,3,104,74,1001,0,0,27585,27117.43,735202,734202,0
2021-01-27,20820,633298,12355,134020,0,57,57,953,9,113,66,1067,0,0,33241,25521.57,768443,767377,0
2021-01-28,30721,664019,12862,146882,0,57,86,1039,16,129,102,1169,0,0,43688,26943.86,812131,810963,0
2021-01-29,31664,695683,11515,158397,0,57,85,1124,11,140,96,1265,0,0,43275,28959.57,855406,854142,0
2021-01-30,18704,714387,3744,162141,0,57,23,1147,2,142,26,1291,0,0,22474,29459.71,877880,876591,0
2021-01-31,13002,727389,2932,165073,1,58,30,1177,5,147,35,1326,0,0,15970,30219.86,893850,892526,0
2021-02-01,1180,728569,5400,170473,4,62,38,1215,4,151,42,1368,0,0,6626,27551.29,900476,899110,0
2021-02-02,2823,731392,9442,179915,2,64,54,1269,3,154,57,1425,0,0,12324,25371.14,912800,911377,0
2021-02-03,16341,747733,21236,201151,4,68,213,1482,22,176,235,1660,0,0,37816,26024.71,950616,948958,0
2021-02-04,27032,774765,19652,220803,3,71,212,1694,11,187,223,1883,0,0,46910,26485,997526,995645,0
2021-02-05,27574,802339,20031,240834,0,71,196,1890,16,203,213,2096,0,0,47818,27134,1045344,1043251,0
2021-02-06,22972,825311,11250,252084,0,71,118,2008,13,216,131,2227,0,0,34353,28831,1079697,1077473,0
2021-02-07,12027,837338,8284,260368,1,72,99,2107,13,229,113,2340,0,0,20425,29467.43,1100122,1097786,0
2021-02-08,16933,854271,23526,283894,2,74,241,2348,37,266,279,2619,0,0,40740,34340.86,1140862,1138248,0
2021-02-09,17181,871452,28088,311982,2,76,361,2709,42,308,406,3025,0,0,45677,39105.57,1186539,1183522,0
2021-02-10,19576,891028,29304,341286,2,78,275,2984,52,360,330,3355,0,0,49213,40733.71,1235752,1232408,0
2021-02-11,27827,918855,33455,374741,2,80,357,3341,59,419,416,3771,0,0,61702,42846.86,1297454,1293694,0
2021-02-12,38348,957203,30805,405546,3,83,370,3711,42,461,413,4184,0,0,69569,45954.14,1367023,1362851,0
2021-02-13,27979,985182,25314,430860,2,85,318,4029,59,520,378,4562,0,0,53674,48714.29,1420697,1416148,0
2021-02-14,16256,1001438,23716,454576,0,85,287,4316,36,556,323,4885,0,0,40295,51552.86,1460992,1456120,0
2021-02-15,12787,1014225,10524,465100,2,87,184,4500,24,580,209,5094,0,0,23522,49093.14,1484514,1479434,0
2021-02-16,14229,1028454,26703,491803,0,87,346,4846,42,622,389,5483,0,0,41321,48470.86,1525835,1520367,0
2021-02-17,16374,1044828,22192,513995,1,88,290,5136,43,665,333,5816,0,0,38900,46997.57,1564735,1558934,0
2021-02-18,12132,1056960,24981,538976,21,109,311,5447,46,711,357,6173,0,0,37491,43538.86,1602226,1596068,0
2021-02-19,13234,1070194,23923,562899,38,147,319,5766,49,760,368,6541,0,0,37563,38966.57,1639789,1633263,0
2021-02-20,11339,1081533,26069,588968,7,154,341,6107,79,839,422,6963,0,0,37838,36704.29,1677627,1670681,0
2021-02-21,6344,1087877,17412,606380,15,169,303,6410,48,887,352,7315,0,0,24123,34394,1701750,1694453,0
2021-02-22,13040,1100917,11833,618213,2,171,135,6545,22,909,157,7472,0,0,25032,34609.71,1726782,1719328,0
2021-02-23,25221,1126138,14147,632360,1,172,171,6716,35,944,207,7679,0,0,39577,34360.57,1766359,1758699,0
2021-02-24,36316,1162454,20411,652771,0,172,231,6947,43,987,275,7954,0,0,57002,36946.57,1823361,1815427,0
2021-02-25,54509,1216963,30451,683222,6,178,417,7364,66,1053,484,8438,0,0,85450,43797.86,1908811,1900394,0
2021-02-26,62781,1279744,31904,715126,4,182,429,7793,79,1132,510,8948,0,0,95199,52031.57,2004010,1995085,0
2021-02-27,51249,1330993,22758,737884,47,229,357,8150,54,1186,412,9360,0,0,74466,57264.14,2078476,2069140,0
2021-02-28,44541,1375534,13853,751737,7,236,211,8361,37,1223,248,9608,0,0,58649,62196.43,2137125,2127541,0
2021-03-01,39296,1414830,12783,764520,10,246,174,8535,24,1247,198,9806,0,0,52287,66090,2189412,2179630,0
2021-03-02,47070,1461900,12576,777096,7,253,161,8696,17,1264,178,9984,0,0,59831,68983.43,2249243,2239283,0
2021-03-03,48589,1510489,16150,793246,17,270,159,8855,21,1285,180,10164,0,0,64936,70116.86,2314179,2304039,0
2021-03-04,59794,1570283,22816,816062,1092,1362,279,9134,38,1323,319,10483,0,0,84021,69912.71,2398200,2387743,0
2021-03-05,60937,1631220,24297,840359,3107,4469,339,9473,35,1358,376,10859,0,0,88717,68986.71,2486917,2476086,0
2021-03-06,47144,1678364,18884,859243,5451,9920,248,9721,43,1401,291,11150,0,0,71770,68601.57,2558687,2547565,0
2021-03-07,36014,1714378,14886,874129,6243,16163,242,9963,23,1424,267,11417,0,0,57410,68424.57,2616097,2604710,0
2021-03-08,39598,1753976,14689,888818,8554,24717,325,10288,93,1517,423,11840,0,0,63264,69992.71,2679361,2667556,0
2021-03-09,39078,1793054,12859,901677,7757,32474,189,10477,36,1553,226,12066,0,0,59920,70005.43,2739281,2727251,0
2021-03-10,51803,1844857,15367,917044,5064,37538,231,10708,35,1588,268,12334,0,0,72502,71086.29,2811783,2799487,0
2021-03-11,59957,1904814,21827,938871,4618,42156,260,10968,48,1636,310,12644,0,0,86712,71470.71,2898495,2885891,0
2021-03-12,52167,1956981,30306,969177,4182,46338,389,11357,91,1727,480,13124,0,0,87135,71244.71,2985630,2972546,0
2021-03-13,40633,1997614,26678,995855,5110,51448,342,11699,56,1783,398,13522,0,0,72819,71394.57,3058449,3044967,0
2021-03-14,30693,2028307,15970,1011825,4522,55970,256,11955,30,1813,288,13810,0,0,51474,70546.57,3109923,3096155,0
2021-03-15,33577,2061884,17257,1029082,4702,60672,247,12202,33,1846,280,14090,0,0,55816,69482.57,3165739,3151691,0
2021-03-16,38657,2100541,20509,1049591,4922,65594,271,12473,37,1883,309,14399,0,0,64397,70122.14,3230136,3215780,0
2021-03-17,42593,2143134,24785,1074376,4242,69836,357,12830,43,1926,401,14800,0,0,72021,70053.43,3302157,3287401,0
2021-03-18,50404,2193538,26811,1101187,5224,75060,391,13221,64,1990,455,15255,0,0,82894,69508,3385051,3369840,0
2021-03-19,47759,2241297,29963,1131150,5621,80681,412,13633,76,2066,488,15743,0,0,83832,69036.14,3468883,3453184,0
2021-03-20,38686,2279983,25836,1156986,4680,85361,314,13947,60,2126,375,16118,0,0,69577,68573,3538460,3522387,0
2021-03-21,29283,2309266,19350,1176336,769,86130,235,14182,46,2172,281,16399,0,0,49683,68317.14,3588143,3571789,0
2021-03-22,33847,2343113,26752,1203088,4037,90167,261,14443,38,2210,300,16699,0,0,64937,69620.14,3653080,3636427,0
2021-03-23,38410,2381523,32851,1235939,4213,94380,307,14750,55,2265,366,17065,0,0,75840,71254.86,3728920,3711905,0
2021-03-24,41468,2422991,37613,1273552,4843,99223,342,15092,65,2330,410,17475,0,0,84334,73013.86,3813254,3795832,0
2021-03-25,43382,2466373,50783,1324335,5049,104272,496,15588,88,2418,588,18063,0,0,99802,75429.29,3913056,3895050,0
2021-03-26,38477,2504850,55495,1379830,4306,108578,549,16137,106,2524,659,18722,0,0,98937,77587.14,4011993,3993332,0
2021-03-27,35715,2540565,45741,1425571,2938,111516,442,16579,86,2610,529,19251,0,0,84923,79779.43,4096916,4077727,0
2021-03-28,26369,2566934,34444,1460015,1480,112996,357,16936,67,2677,428,19679,0,0,62721,81642,4159637,4140024,0
2021-03-29,34799,2601733,38853,1498868,3242,116238,368,17304,115,2792,484,20163,0,0,77378,83419.29,4237015,4216919,0
2021-03-30,40481,2642214,41925,1540793,3712,119950,353,17657,65,2857,419,20582,0,0,86537,84947.43,4323552,4303038,0
2021-03-31,49362,2691576,44876,1585669,7438,127388,425,18082,87,2944,512,21094,0,0,102188,87498,4425740,4404714,0
2021-04-01,50753,2742329,53941,1639610,11272,138660,521,18603,87,3031,612,21706,0,0,116578,89894.57,4542318,4520684,0
2021-04-02,43742,2786071,53868,1693478,11964,150624,569,19172,72,3103,646,22352,0,0,110220,91506.43,4652538,4630263,0
2021-04-03,39236,2825307,39206,1732684,9859,160483,352,19524,60,3163,413,22765,0,0,88714,92048,4741252,4718565,0
2021-04-04,26546,2851853,24778,1757462,3902,164385,233,19757,51,3214,284,23049,0,0,55510,91017.86,4796762,4773791,0
2021-04-05,41857,2893710,34473,1791935,11193,175578,398,20155,62,3276,461,23510,0,0,87984,92533,4884746,4861315,0
2021-04-06,53233,2946943,35614,1827549,13211,188789,456,20611,79,3355,536,24046,0,0,102594,94826.86,4987340,4963374,0
2021-04-07,55469,3002412,40704,1868253,14384,203173,422,21033,83,3438,507,24553,0,0,111064,96094.86,5098404,5073933,0
2021-04-08,59232,3061644,46579,1914832,16335,219508,547,21580,88,3526,636,25189,0,0,122782,96981.14,5221186,5196080,0
2021-04-09,56621,3118265,44945,1959777,17555,237063,546,22126,80,3606,631,25820,0,0,119752,98342.86,5340938,5315206,0
2021-04-10,49324,3167589,35639,1995416,12715,249778,407,22533,67,3673,478,26298,0,0,98156,99691.71,5439094,5412888,0
2021-04-11,38154,3205743,28827,2024243,7680,257458,301,22834,61,3734,363,26661,0,0,75024,102479.43,5514118,5487550,0
2021-04-12,46613,3252356,31835,2056078,13493,270951,480,23314,69,3803,549,27210,0,0,92490,103123.14,5606608,5579491,0
2021-04-13,52528,3304884,33788,2089866,369,271320,416,23730,65,3868,482,27692,0,0,87167,100919.29,5693775,5666177,0
2021-04-14,50126,3355010,39952,2129818,20,271340,378,24108,79,3947,458,28150,0,0,90556,97989.57,5784331,5756276,0
2021-04-15,52100,3407110,43689,2173507,16,271356,466,24574,107,4054,578,28728,0,0,96384,94218.43,5880715,5852087,0
2021-04-16,51170,3458280,42194,2215701,31,271387,455,25029,76,4130,534,29262,0,0,93929,90529.43,5974644,5945485,0
2021-04-17,43820,3502100,35687,2251388,3,271390,380,25409,85,4215,467,29729,0,0,79977,87932.43,6054621,6024997,0
2021-04-18,28591,3530691,29364,2280752,7,271397,269,25678,65,4280,335,30064,0,0,58297,85542.86,6112918,6082960,0
2021-04-19,37438,3568129,36447,2317199,21,271418,347,26025,71,4351,420,30484,0,0,74326,82948,6187244,6156868,0
2021-04-20,40784,3608913,39626,2356825,19,271437,323,26348,84,4435,408,30892,0,0,80837,82043.71,6268081,6237298,0
2021-04-21,38872,3647785,46023,2402848,17,271454,513,26861,100,4535,614,31506,0,0,85526,81325.14,6353607,6322211,0
2021-04-22,38472,3686257,48950,2451798,9,271463,357,27218,81,4616,440,31946,0,0,87872,80109.14,6441479,6409645,0
2021-04-23,39678,3725935,44383,2496181,3,271466,364,27582,76,4692,442,32388,0,0,84506,78763,6525985,6493711,0
2021-04-24,31922,3757857,41599,2537780,44,271510,293,27875,62,4754,356,32744,0,0,73921,77897.86,6599906,6567277,0
2021-04-25,18411,3776268,31214,2568994,87,271597,207,28082,63,4817,270,33014,0,0,49982,76710,6649888,6616989,0
2021-04-26,26953,3803221,40717,2609711,1012,272609,308,28390,95,4912,408,33422,0,0,69090,75962,6718978,6685676,0
2021-04-27,28548,3831769,47127,2656838,1696,274305,379,28769,100,5012,484,33906,0,0,77855,75536,6796833,6763052,0
2021-04-28,27006,3858775,56841,2713679,2146,276451,458,29227,102,5114,563,34469,0,0,86556,75683.14,6883389,6849048,0
2021-04-29,28579,3887354,57200,2770879,2150,278601,383,29610,103,5217,488,34957,0,0,88417,75761,6971806,6936979,0
2021-04-30,30098,3917452,51989,2822868,2060,280661,296,29906,75,5292,372,35329,0,0,84520,75763,7056326,7021128,0
2021-05-01,22472,3939924,44534,2867402,1177,281838,237,30143,68,5360,307,35636,0,0,68490,74987.14,7124816,7089313,0
2021-05-02,11915,3951839,36635,2904037,1081,282919,155,30298,60,5420,217,35853,0,0,49848,74968,7174664,7138946,0
2021-05-03,18006,3969845,53014,2957051,2381,285300,272,30570,94,5514,368,36221,0,0,73771,75636.71,7248435,7212351,0
2021-05-04,22723,3992568,56640,3013691,2332,287632,277,30847,119,5633,397,36618,0,0,82093,76242.14,7330528,7294048,0
2021-05-05,21470,4014038,48752,3062443,2313,289945,319,31166,105,5738,425,37043,0,0,72961,74300,7403489,7366585,0
2021-05-06,20669,4034707,50176,3112619,2508,292453,284,31450,90,5828,378,37421,0,0,73731,72202,7477220,7439942,0
2021-05-07,21230,4055937,52099,3164718,2812,295265,325,31775,81,5909,407,37828,0,0,76548,71063.14,7553768,7516084,0
2021-05-08,16617,4072554,41860,3206578,1834,297099,240,32015,74,5983,314,38142,0,0,60625,69939.57,7614393,7576395,0
2021-05-09,7967,4080521,29401,3235979,1260,298359,159,32174,56,6039,215,38357,0,0,38843,68367.43,7653236,7615023,0
2021-05-10,14368,4094889,38525,3274504,2356,300715,253,32427,94,6133,351,38708,0,0,55601,65771.71,7708837,7670277,0
2021-05-11,19890,4114779,43057,3317561,2512,303227,295,32722,89,6222,389,39097,0,0,65849,63451.14,7774686,7735742,0
2021-05-12,17807,4132586,40533,3358094,3595,306822,244,32966,81,6303,325,39422,0,0,62260,61922.43,7836946,7797677,0
2021-05-13,24941,4157527,40429,3398523,3229,310051,274,33240,81,6384,357,39779,0,0,68957,61240.43,7905903,7866279,0
2021-05-14,27002,4184529,42940,3441463,3535,313586,280,33520,96,6480,378,40157,0,0,73855,60855.71,7979758,7939758,0
2021-05-15,23637,4208166,34919,3476382,3364,316950,264,33784,75,6555,340,40497,0,0,62260,61089.29,8042018,8001679,0
2021-05-16,15512,4223678,19458,3495840,2496,319446,125,33909,48,6603,174,40671,0,0,37640,60917.43,8079658,8039146,0
2021-05-17,22659,4246337,29136,3524976,3252,322698,192,34101,73,6676,265,40936,0,0,55312,60876.14,8134970,8094193,0
2021-05-18,24613,4270950,31901,3556877,3402,326100,249,34350,85,6761,334,41270,0,0,60250,60076.29,8195220,8154109,0
2021-05-19,24170,4295120,29729,3586606,3040,329140,234,34584,51,6812,286,41556,0,0,57225,59357,8252445,8211049,0
2021-05-20,24128,4319248,30106,3616712,3163,332303,275,34859,89,6901,369,41925,0,0,57766,57758.29,8310211,8268451,0
2021-05-21,24660,4343908,32003,3648715,3057,335360,253,35112,64,6965,320,42245,0,0,60040,55784.71,8370251,8328174,0
2021-05-22,20008,4363916,24373,3673088,2523,337883,171,35283,48,7013,220,42465,0,0,47124,53622.43,8417375,8375079,0
2021-05-23,11222,4375138,13736,3686824,1411,339294,95,35378,32,7045,129,42594,0,0,26498,52030.71,8443873,8401450,0
2021-05-24,18852,4393990,23167,3709991,2757,342051,223,35601,55,7100,281,42875,0,0,45057,50565.71,8488930,8446229,0
2021-05-25,19414,4413404,23384,3733375,2601,344652,179,35780,59,7159,238,43113,0,0,45637,48478.14,8534567,8491628,0
2021-05-26,18774,4432178,21086,3754461,2698,347350,206,35986,49,7208,257,43370,0,0,42815,46419.57,8577382,8534188,0
2021-05-27,18450,4450628,21284,3775745,2530,349880,185,36171,62,7270,248,43618,0,0,42512,44240.43,8619894,8576453,0
2021-05-28,17850,4468478,22876,3798621,2751,352631,194,36365,59,7329,254,43872,0,0,43731,41910.57,8663625,8619931,0
2021-05-29,12699,4481177,17816,3816437,1755,354386,108,36473,39,7368,148,44020,0,0,32418,39809.71,8696043,8652202,0
2021-05-30,7023,4488200,8950,3825387,1074,355460,50,36523,16,7384,66,44086,0,0,17113,38469,8713156,8669249,0
2021-05-31,4739,4492939,6922,3832309,1011,356471,66,36589,18,7402,84,44170,0,0,12756,33854.57,8725912,8681921,0
2021-06-01,16042,4508981,25190,3857499,2177,358648,160,36749,42,7444,206,44376,0,0,43615,33565.71,8769527,8725334,0
2021-06-02,15352,4524333,20398,3877897,2095,360743,141,36890,47,7491,188,44564,0,0,38033,32882.57,8807560,8763179,0
2021-06-03,14991,4539324,23822,3901719,2280,363023,137,37027,45,7536,184,44748,0,0,41277,32706.14,8848837,8804274,0
2021-06-04,14709,4554033,26001,3927720,2492,365515,152,37179,43,7579,196,44944,0,0,43399,32658.71,8892236,8847478,0
2021-06-05,10979,4565012,22104,3949824,1806,367321,117,37296,29,7608,147,45091,0,0,35036,33032.71,8927272,8882368,0
2021-06-06,6443,4571455,14484,3964308,1222,368543,92,37388,13,7621,106,45197,0,0,22255,33767.29,8949527,8904518,0
2021-06-07,11692,4583147,21782,3986090,2378,370921,147,37535,38,7659,188,45385,0,0,36040,37093.57,8985567,8940373,0
2021-06-08,12619,4595766,24019,4010109,2071,372992,129,37664,46,7705,176,45561,0,0,38885,36417.86,9024452,8979083,0
2021-06-09,11120,4606886,23024,4033133,2300,375292,142,37806,44,7749,188,45749,0,0,36632,36217.71,9061084,9015529,0
2021-06-10,12054,4618940,22231,4055364,2461,377753,148,37954,63,7812,211,45960,0,0,36958,35600.71,9098042,9052276,0
2021-06-11,12690,4631630,25127,4080491,2483,380236,161,38115,63,7875,225,46185,0,0,40525,35190.14,9138567,9092577,0
2021-06-12,10158,4641788,19318,4099809,1888,382124,97,38212,45,7920,144,46329,0,0,31508,34686.14,9170075,9123943,0
2021-06-13,4249,4646037,10938,4110747,1219,383343,43,38255,21,7941,64,46393,0,0,16472,33860,9186547,9140351,0
2021-06-14,10199,4656236,19239,4129986,2040,385383,136,38391,53,7994,189,46582,0,0,31667,33235.29,9218214,9171829,0
2021-06-15,11877,4668113,21015,4151001,1942,387325,132,38523,42,8036,175,46757,0,0,35010,32681.71,9253224,9206665,0
2021-06-16,11581,4679694,19401,4170402,1956,389281,153,38676,73,8109,226,46983,0,0,33164,32186.29,9286388,9239603,0
2021-06-17,11014,4690708,18759,4189161,1973,391254,134,38810,35,8144,171,47154,0,0,31917,31466.14,9318305,9271351,0
2021-06-18,12163,4702871,18491,4207652,2115,393369,123,38933,37,8181,161,47315,0,0,32931,30381.29,9351236,9304122,0
2021-06-19,8490,4711361,13516,4221168,1459,394828,91,39024,23,8204,114,47429,0,0,23579,29248.57,9374815,9327587,0
2021-06-20,4333,4715694,7159,4228327,924,395752,37,39061,16,8220,53,47482,0,0,12469,28676.71,9387284,9340003,0
2021-06-21,10151,4725845,10014,4238341,1807,397559,73,39134,28,8248,102,47584,0,0,22074,27306.29,9409358,9361976,0
2021-06-22,9826,4735671,15644,4253985,1588,399147,109,39243,29,8277,138,47722,0,0,27196,26190,9436554,9389034,0
2021-06-23,10303,4745974,15188,4269173,1862,401009,103,39346,31,8308,135,47857,0,0,27488,25379.14,9464042,9416388,0
2021-06-24,9676,4755650,14702,4283875,1798,402807,125,39471,27,8335,154,48011,0,0,26330,24581,9490372,9442566,0
2021-06-25,10581,4766231,14383,4298258,1720,404527,121,39592,38,8373,159,48170,0,0,26843,23711.29,9517215,9469250,0
2021-06-26,7798,4774029,10465,4308723,1249,405776,79,39671,23,8396,103,48273,0,0,19615,23145,9536830,9488763,0
2021-06-27,4998,4779027,6001,4314724,795,406571,34,39705,15,8411,50,48323,0,0,11844,23055.71,9548674,9500558,0
2021-06-28,9027,4788054,10352,4325076,1526,408097,110,39815,26,8437,137,48460,0,0,21042,22908.29,9569716,9521464,0
2021-06-29,9724,4797778,12332,4337408,1347,409444,126,39941,34,8471,161,48621,0,0,23564,22389.43,9593280,9544868,0
2021-06-30,9426,4807204,10927,4348335,1486,410930,151,40092,18,8489,172,48793,0,0,22011,21607,9615291,9566710,0
2021-07-01,9390,4816594,10926,4359261,1434,412364,134,40226,25,8514,161,48954,0,0,21911,20975.71,9637202,9588462,0
2021-07-02,9688,4826282,11457,4370718,1541,413905,119,40345,21,8535,140,49094,0,0,22827,20402,9660029,9611149,0
2021-07-03,7057,4833339,8424,4379142,1192,415097,79,40424,17,8552,96,49190,0,0,16769,19995.43,9676798,9627822,0
2021-07-04,1286,4834625,1335,4380477,567,415664,11,40435,3,8555,14,49204,0,0,3202,18760.86,9680000,9631010,0
2021-07-05,6492,4841117,7108,4387585,1207,416871,67,40502,22,8577,89,49293,0,0,14896,17882.86,9694896,9645817,0
2021-07-06,9505,4850622,12853,4400438,1315,418186,117,40619,38,8615,156,49449,0,0,23829,17920.71,9718725,9669491,0
2021-07-07,8661,4859283,11106,4411544,1418,419604,129,40748,20,8635,149,49598,0,0,21334,17824,9740059,9690676,0
2021-07-08,8216,4867499,10190,4421734,1258,420862,111,40859,23,8658,136,49734,0,0,19800,17522.43,9759859,9710342,0
2021-07-09,8370,4875869,10831,4432565,1280,422142,92,40951,20,8678,112,49846,0,0,20593,17203.29,9780452,9730823,0
2021-07-10,7097,4882966,8636,4441201,1130,423272,68,41019,21,8699,90,49936,0,0,16953,17229.57,9797405,9747687,0
2021-07-11,4104,4887070,4540,4445741,701,423973,38,41057,6,8705,44,49980,0,0,9389,18113.43,9806794,9757032,0
2021-07-12,8446,4895516,9562,4455303,1251,425224,85,41142,23,8728,108,50088,0,0,19367,18752.14,9826161,9776291,0
2021-07-13,9457,4904973,9393,4464696,952,426176,109,41251,36,8764,147,50235,0,0,19949,18197.86,9846110,9796095,0
2021-07-14,8990,4913963,9534,4474230,1010,427186,110,41361,22,8786,136,50371,0,0,19670,17960.14,9865780,9815633,0
2021-07-15,8789,4922752,9155,4483385,1052,428238,85,41446,20,8806,106,50477,0,0,19102,17860.43,9884882,9834630,0
2021-07-16,9246,4931998,9765,4493150,980,429218,104,41550,30,8836,134,50611,0,0,20125,17793.57,9905007,9854621,0
2021-07-17,6838,4938836,7388,4500538,803,430021,80,41630,21,8857,101,50712,0,0,15130,17533.14,9920137,9869650,0
2021-07-18,4251,4943087,4287,4504825,575,430596,37,41667,13,8870,50,50762,0,0,9163,17500.86,9929300,9878763,0
2021-07-19,9118,4952205,8486,4513311,999,431595,93,41760,22,8892,116,50878,0,0,18719,17408.29,9948019,9897367,0
2021-07-20,10637,4962842,8757,4522068,991,432586,96,41856,26,8918,123,51001,0,0,20508,17488.14,9968527,9917753,0
2021-07-21,10050,4972892,8776,4530844,904,433490,149,42005,33,8951,182,51183,0,0,19912,17522.71,9988439,9937483,0
2021-07-22,10685,4983577,8584,4539428,1045,434535,146,42151,27,8978,174,51357,0,0,20488,17720.71,10008927,9957798,0
2021-07-23,11244,4994821,8887,4548315,1114,435649,140,42291,23,9001,165,51522,0,0,21410,17904.29,10030337,9979045,0
2021-07-24,7399,5002220,6741,4555056,670,436319,82,42373,26,9027,109,51631,0,0,14919,17874.14,10045256,9993856,0
2021-07-25,5471,5007691,2130,4557186,509,436828,58,42431,4,9031,62,51693,0,0,8172,17732.57,10053428,10001966,0
2021-07-26,10865,5018556,7010,4564196,856,437684,113,42544,20,9051,133,51826,0,0,18864,17753.29,10072292,10020697,0
2021-07-27,12057,5030613,8573,4572769,856,438540,140,42684,41,9092,182,52008,0,0,21668,17919,10093960,10042184,0
2021-07-28,12001,5042614,8058,4580827,950,439490,138,42822,29,9121,168,52176,0,0,21177,18099.71,10115137,10063194,0
2021-07-29,10922,5053536,7438,4588265,983,440473,139,42961,41,9162,184,52360,0,0,19527,17962.43,10134664,10082541,0
2021-07-30,14945,5068481,8014,4596279,1151,441624,188,43149,32,9194,222,52582,0,0,24332,18379.86,10158996,10106653,0
2021-07-31,9718,5078199,6324,4602603,815,442439,122,43271,21,9215,144,52726,0,0,17001,18677.29,10175997,10123511,0
2021-08-01,6496,5084695,3313,4605916,564,443003,81,43352,22,9237,103,52829,0,0,10476,19006.43,10186473,10133884,0
2021-08-02,13448,5098143,7153,4613069,845,443848,150,43502,19,9256,169,52998,0,0,21615,19399.43,10208088,10155330,0
2021-08-03,15399,5113542,8393,4621462,1109,444957,146,43648,39,9295,186,53184,0,0,25087,19887.86,10233175,10180232,0
2021-08-04,17253,5130795,8135,4629597,1454,446411,183,43831,36,9331,219,53403,0,0,27061,20728.43,10260236,10207074,0
2021-08-05,17879,5148674,7935,4637532,1371,447782,162,43993,22,9353,184,53587,0,0,27369,21848.71,10287605,10234259,0
2021-08-06,18167,5166841,8421,4645953,1229,449011,173,44166,32,9385,205,53792,0,0,28022,22375.86,10315627,10262076,0
2021-08-07,13376,5180217,6019,4651972,800,449811,105,44271,29,9414,134,53926,0,0,20329,22851.29,10335956,10282271,0
2021-08-08,9309,5189526,3834,4655806,400,450211,84,44355,10,9424,94,54020,0,0,13637,23302.86,10349593,10295814,0
2021-08-09,21332,5210858,8530,4664336,965,451176,177,44532,34,9458,212,54232,0,0,31039,24649.14,10380632,10326642,0
2021-08-10,18944,5229802,9332,4673668,946,452122,182,44714,34,9492,217,54449,0,0,29439,25270.86,10410071,10355865,0
2021-08-11,15641,5245443,8314,4681982,853,452975,132,44846,46,9538,179,54628,0,0,24987,24974.57,10435058,10380674,0
2021-08-12,15046,5260489,8988,4690970,942,453917,180,45026,37,9575,219,54847,0,0,25195,24664,10460253,10405652,0
2021-08-13,14912,5275401,9294,4700264,919,454836,247,45273,38,9613,286,55133,0,0,25412,24291.14,10485665,10430779,0
2021-08-14,10392,5285793,6413,4706677,625,455461,537,45810,41,9654,581,55714,0,0,18011,23960,10503676,10448212,0
2021-08-15,6687,5292480,4482,4711159,676,456137,568,46378,34,9688,606,56320,0,0,12451,23790.57,10516127,10460061,0
2021-08-16,15692,5308172,9315,4720474,1149,457286,1331,47709,67,9755,1403,57723,0,0,27559,23293.43,10543686,10486222,0
2021-08-17,17755,5325927,10457,4730931,1229,458515,1778,49487,85,9840,1878,59601,0,0,31319,23562,10575005,10515678,0
2021-08-18,17476,5343403,10380,4741311,1262,459777,2004,51491,91,9931,2106,61707,0,0,31224,24453,10606229,10544807,0
2021-08-19,16283,5359686,9530,4750841,1315,461092,1961,53452,69,10000,2044,63751,0,0,29172,25021.14,10635401,10571949,0
2021-08-20,16257,5375943,11541,4762382,1252,462344,1872,55324,90,10090,1976,65727,0,0,31026,25823.14,10666427,10601013,0
2021-08-21,11144,5387087,8038,4770420,878,463222,1069,56393,53,10143,1129,66856,0,0,21189,26277.14,10687616,10621080,0
2021-08-22,4075,5391162,3903,4774323,261,463483,520,56913,33,10176,557,67413,0,0,8796,25755,10696412,10629323,0
2021-08-23,15570,5406732,11810,4786133,1022,464505,1553,58466,77,10253,1643,69056,0,0,30046,26110.29,10726458,10657739,0
2021-08-24,16899,5423631,12598,4798731,1007,465512,1777,60243,83,10336,1868,70924,0,0,32372,26260.71,10758830,10688251,0
2021-08-25,14558,5438189,12455,4811186,1112,466624,1575,61818,82,10418,1672,72596,0,0,29797,26056.86,10788627,10716391,0
2021-08-26,16140,5454329,14102,4825288,1070,467694,1783,63601,71,10489,1866,74462,0,0,33178,26629.14,10821805,10747715,0
2021-08-27,14866,5469195,14825,4840113,971,468665,1680,65281,76,10565,1764,76226,0,0,32426,26829.14,10854231,10778385,0
2021-08-28,10673,5479868,11523,4851636,835,469500,1023,66304,47,10612,1071,77297,0,0,24102,27245.29,10878333,10801417,0
2021-08-29,7208,5487076,7500,4859136,541,470041,782,67086,58,10670,849,78146,0,0,16098,28288.43,10894431,10816675,0
2021-08-30,15506,5502582,16932,4876068,1076,471117,1799,68885,95,10765,1902,80048,0,0,35416,29055.57,10929847,10850197,0
2021-08-31,15496,5518078,15961,4892029,952,472069,1983,70868,91,10856,2084,82132,0,0,34493,29358.57,10964340,10882616,0
2021-09-01,14819,5532897,14114,4906143,1020,473089,1816,72684,62,10918,1888,84020,0,0,31841,29650.57,10996181,10912579,0
2021-09-02,14306,5547203,12525,4918668,896,473985,1718,74402,65,10983,1799,85819,0,0,29526,29128.86,11025707,10940322,0
2021-09-03,14989,5562192,14316,4932984,974,474959,1903,76305,73,11056,1982,87801,0,0,32261,29105.29,11057968,10970607,0
2021-09-04,9640,5571832,9405,4942389,688,475647,982,77287,34,11090,1021,88822,0,0,20754,28627,11078722,10990345,0
2021-09-05,6790,5578622,5511,4947900,438,476085,720,78007,19,11109,740,89562,0,0,13479,28252.86,11092201,11003085,0
2021-09-06,5195,5583817,4510,4952410,358,476443,275,78282,11,11120,288,89850,0,0,10351,24672.14,11102552,11013150,0
2021-09-07,15556,5599373,17698,4970108,912,477355,1565,79847,96,11216,1669,91519,0,0,35835,24863.86,11138387,11047324,0
2021-09-08,16141,5615514,14829,4984937,1069,478424,1791,81638,83,11299,1885,93404,0,0,33924,25161.43,11172311,11079374,0
2021-09-09,16093,5631607,14759,4999696,1048,479472,1922,83560,78,11377,2011,95415,0,0,33911,25787.86,11206222,11111285,0
2021-09-10,18345,5649952,15403,5015099,1207,480679,1983,85543,82,11459,2072,97487,0,0,37027,26468.71,11243249,11146247,0
2021-09-11,12624,5662576,10351,5025450,958,481637,1037,86580,50,11509,1093,98580,0,0,25026,27079,11268275,11170186,0
2021-09-12,8532,5671108,5053,5030503,765,482402,694,87274,32,11541,727,99307,0,0,15077,27307.29,11283352,11184537,0
2021-09-13,16917,5688025,12967,5043470,976,483378,1664,88938,53,11594,1727,101034,0,0,32587,30483.86,11315939,11215407,0
2021-09-14,16256,5704281,13676,5057146,887,484265,1605,90543,57,11651,1674,102708,0,0,32494,30006.57,11348433,11246239,0
2021-09-15,15506,5719787,12899,5070045,727,484992,1575,92118,87,11738,1671,104379,0,0,30803,29560.71,11379236,11275380,0
2021-09-16,15322,5735109,13918,5083963,1209,486201,1473,93591,69,11807,1549,105928,0,0,31998,29287.43,11411234,11305836,0
2021-09-17,14424,5749533,13952,5097915,922,487123,1849,95440,61,11868,1912,107840,0,0,31210,28456.43,11442444,11335136,0
2021-09-18,9983,5759516,10190,5108105,913,488036,1053,96493,44,11912,1101,108941,0,0,22187,28050.86,11464631,11356226,0
2021-09-19,6166,5765682,6078,5114183,558,488594,749,97242,28,11940,782,109723,0,0,13584,27837.57,11478215,11369033,0
2021-09-20,12657,5778339,12634,5126817,1068,489662,1929,99171,62,12002,2000,111723,0,0,28360,27233.71,11506575,11395402,0
2021-09-21,12215,5790554,12771,5139588,1108,490770,2039,101210,81,12083,2136,113859,0,0,28230,26624.57,11534805,11421512,0
2021-09-22,12812,5803366,12007,5151595,1088,491858,1694,102904,69,12152,1769,115628,0,0,27676,26177.86,11562481,11447425,0
2021-09-23,14912,5818278,12769,5164364,1639,493497,2276,105180,77,12229,2360,117988,0,0,31680,26132.43,11594161,11476752,0
2021-09-24,16656,5834934,13361,5177725,1636,495133,4631,109811,129,12358,4778,122766,0,0,36431,26878.29,11630592,11508423,0
2021-09-25,10518,5845452,9033,5186758,1017,496150,3462,113273,84,12442,3562,126328,0,0,24130,27155.86,11654722,11529007,0
2021-09-26,6288,5851740,5768,5192526,773,496923,2423,115696,62,12504,2497,128825,0,0,15326,27404.71,11670048,11541848,0
2021-09-27,14125,5865865,8066,5200592,1155,498078,9086,124782,166,12670,9301,138126,0,0,32648,28017.29,11702696,11565244,0
2021-09-28,11096,5876961,11790,5212382,901,498979,9937,134719,185,12855,10161,148287,0,0,33948,28834.14,11736644,11589070,0
2021-09-29,11585,5888546,12195,5224577,1204,500183,9462,144181,182,13037,9678,157965,0,0,34662,29832.14,11771306,11614088,0
2021-09-30,12205,5900751,12611,5237188,1337,501520,9768,153949,184,13221,9986,167951,0,0,36139,30469.14,11807445,11640275,0
2021-10-01,12608,5913359,13431,5250619,1284,502804,10296,164245,158,13379,10490,178441,0,0,37813,30666.57,11845258,11667634,0
2021-10-02,7715,5921074,9981,5260600,865,503669,4250,168495,83,13462,4357,182798,0,0,22918,30493.43,11868176,11686219,0
2021-10-03,5052,5926126,6159,5266759,593,504262,2627,171122,60,13522,2697,185495,0,0,14501,30375.57,11882677,11698033,0
2021-10-04,9894,5936020,11017,5277776,913,505175,9544,180666,151,13673,9731,195226,0,0,31555,30219.43,11914232,11719893,0
2021-10-05,10128,5946148,11734,5289510,972,506147,9959,190625,182,13855,10184,205410,0,0,33018,30086.57,11947250,11742770,0
2021-10-06,9860,5956008,11050,5300560,937,507084,9960,200585,163,14018,10159,215569,0,0,32007,29707.29,11979257,11764654,0
2021-10-07,9589,5965597,12152,5312712,850,507934,10185,210770,184,14202,10403,225972,0,0,32994,29258,12012251,11787279,0
2021-10-08,9423,5975020,12182,5324894,940,508874,10927,221697,167,14369,11134,237106,0,0,33679,28667.43,12045930,11809864,0
2021-10-09,6223,5981243,8243,5333137,643,509517,4130,225827,92,14461,4239,241345,0,0,19348,28157.43,12065278,11824990,0
2021-10-10,3527,5984770,5028,5338165,458,509975,2439,228266,50,14511,2497,243842,0,0,11510,27730.14,12076788,11834011,0
2021-10-11,7587,5992357,9340,5347505,728,510703,8911,237177,166,14677,9101,252943,0,0,26756,27044.57,12103544,11851690,0
2021-10-12,8038,6000395,10997,5358502,891,511594,10544,247721,186,14863,10771,263714,0,0,30697,26713,12134241,11871657,0
2021-10-13,7121,6007516,10149,5368651,869,512463,8815,256536,187,15050,9033,272747,0,0,27172,26022.29,12161413,11889827,0
2021-10-14,7400,6014916,11116,5379767,837,513300,10137,266673,169,15219,10347,283094,0,0,29700,25551.71,12191113,11909221,0
2021-10-15,7699,6022615,11858,5391625,823,514123,10862,277535,176,15395,11071,294165,0,0,31451,25233.43,12222564,11929634,0
2021-10-16,4853,6027468,7464,5399089,665,514788,3856,281391,67,15462,3935,298100,0,0,16917,24886.14,12239481,11942628,0
2021-10-17,3047,6030515,4467,5403556,411,515199,2464,283855,46,15508,2517,300617,0,0,10442,24733.57,12249923,11950560,0
2021-10-18,7012,6037527,10672,5414228,797,515996,9501,293356,190,15698,9725,310342,0,0,28206,24940.71,12278129,11969075,0
2021-10-19,6544,6044071,8945,5423173,803,516799,9109,302465,183,15881,9333,319675,0,0,25625,24216.14,12303754,11985408,0
2021-10-20,6510,6050581,9372,5432545,975,517774,10000,312465,184,16065,10222,329897,0,0,27079,24202.86,12330833,12002303,0
2021-10-21,6998,6057579,9385,5441930,857,518631,10877,323342,159,16224,11071,340968,0,0,28311,24004.43,12359144,12019578,0
2021-10-22,8071,6065650,10342,5452272,1025,519656,16381,339723,229,16453,16664,357632,0,0,36102,24668.86,12395246,12039070,0
2021-10-23,5147,6070797,6452,5458724,690,520346,9140,348863,117,16570,9278,366910,0,0,21567,25333.14,12416813,12051380,0
2021-10-24,3246,6074043,3967,5462691,766,521112,6178,355041,82,16652,6285,373195,0,0,14264,25879.14,12431077,12059384,0
2021-10-25,8934,6082977,8745,5471436,1152,522264,19289,374330,308,16960,19670,392865,0,0,38501,27349.86,12469578,12078288,0
2021-10-26,8141,6091118,7724,5479160,1258,523522,17319,391649,283,17243,17672,410537,0,0,34795,28659.86,12504373,12095481,0
2021-10-27,10490,6101608,8392,5487552,1604,525126,20895,412544,338,17581,21306,431843,0,0,41792,30761.71,12546165,12116040,0
2021-10-28,11254,6112862,8025,5495577,1793,526919,20906,433450,332,17913,21306,453149,0,0,42378,32771.29,12588543,12137180,0
2021-10-29,11793,6124655,8227,5503804,1967,528886,22585,456035,355,18268,23012,476161,0,0,45000,34042.43,12633543,12159240,0
2021-10-30,4589,6129244,5063,5508867,932,529818,11205,467240,168,18436,11413,487574,0,0,21997,34103.86,12655540,12169864,0
2021-10-31,2641,6131885,2699,5511566,544,530362,6652,473892,107,18543,6783,494357,0,0,12667,33875.71,12668207,12175772,0
2021-11-01,7059,6138944,6953,5518519,1085,531447,20434,494326,345,18888,20839,515196,0,0,35936,33509.29,12704143,12190929,0
2021-11-02,6516,6145460,6587,5525106,1055,532502,20828,515154,281,19169,21188,536384,0,0,35347,33588.14,12739490,12205167,0
2021-11-03,6774,6152234,6674,5531780,1025,533527,20695,535849,314,19483,21086,557470,0,0,35561,32698,12775051,12219719,0
2021-11-04,9248,6161482,6274,5538054,997,534524,22430,558279,357,19840,22869,580339,0,0,39388,32270.86,12814439,12236320,0
2021-11-05,11007,6172489,6717,5544771,1049,535573,23815,582094,363,20203,24262,604601,0,0,43035,31990.14,12857474,12255177,0
2021-11-06,11131,6183620,4051,5548822,593,536166,12619,594713,178,20381,12834,617435,0,0,28609,32934.71,12886083,12270989,0
2021-11-07,7221,6190841,2287,5551109,577,536743,7123,601836,99,20480,7237,624672,0,0,17322,33599.71,12903405,12281089,0
2021-11-08,15015,6205856,5678,5556787,862,537605,19543,621379,290,20770,19900,644572,0,0,41455,34388.14,12944860,12302711,0
2021-11-09,16090,6221946,5385,5562172,658,538263,20565,641944,286,21056,20933,665505,0,0,43066,35490.86,12987926,12324926,0
2021-11-10,16846,6238792,5323,5567495,682,538945,22725,664669,297,21353,23092,688597,0,0,45943,36974,13033869,12347847,0
2021-11-11,12474,6251266,5189,5572684,760,539705,22160,686829,300,21653,22531,711128,0,0,40954,37197.71,13074823,12366341,0
2021-11-12,16812,6268078,5684,5578368,705,540410,23484,710313,364,22017,23927,735055,0,0,47128,37782.43,13121951,12389621,0
2021-11-13,9910,6277988,3660,5582028,464,540874,13371,723684,185,22202,13601,748656,0,0,27635,37643.29,13149586,12403700,0
2021-11-14,5972,6283960,2285,5584313,324,541198,7963,731647,82,22284,8066,756722,0,0,16647,37546.86,13166233,12412302,0
2021-11-15,13162,6297122,5974,5590287,688,541886,25182,756829,372,22656,25633,782355,0,0,45457,38118.57,13211690,12432205,0
2021-11-16,9864,6306986,5777,5596064,652,542538,30743,787572,447,23103,31269,813624,0,0,47564,38761.14,13259254,12448579,0
2021-11-17,10196,6317182,6669,5602733,680,543218,31521,819093,431,23534,32045,845669,0,0,49590,39282.14,13308844,12466217,0
2021-11-18,10617,6327799,6522,5609255,854,544072,33129,852222,477,24011,33703,879372,0,0,51696,40816.71,13360540,12484307,0
2021-11-19,11885,6339684,6550,5615805,707,544779,36378,888600,475,24486,36944,916316,0,0,56086,42096.43,13416626,12503540,0
2021-11-20,9269,6348953,3414,5619219,512,545291,22585,911185,265,24751,22902,939218,0,0,36097,43305.29,13452723,12516787,0
2021-11-21,4884,6353837,1886,5621105,288,545579,13257,924442,158,24909,13440,952658,0,0,20498,43855.43,13473221,12523870,0
2021-11-22,10311,6364148,5782,5626887,748,546327,36030,960472,454,25363,36576,989234,0,0,53417,44992.57,13526638,12540803,0
2021-11-23,9668,6373816,4777,5631664,631,546958,33620,994092,399,25762,34092,1023326,0,0,49169,45221.86,13575807,12555953,0
2021-11-24,8607,6382423,4744,5636408,647,547605,26002,1020094,296,26058,26370,1049696,0,0,40368,43904.43,13616175,12570023,0
2021-11-25,447,6382870,330,5636738,80,547685,1003,1021097,9,26067,1012,1050708,0,0,1869,36786.29,13618044,12570880,0
2021-11-26,7982,6390852,7004,5643742,528,548213,26656,1047753,316,26383,27029,1077737,0,0,42543,34851.57,13660587,12586451,0
2021-11-27,6629,6397481,6861,5650603,370,548583,18897,1066650,231,26614,19166,1096903,0,0,33027,34413,13693614,12600350,0
2021-11-28,4023,6401504,5793,5656396,279,548862,11944,1078594,125,26739,12090,1108993,0,0,22185,34654,13715799,12610466,0
2021-11-29,8984,6410488,11020,5667416,684,549546,35166,1113760,464,27203,35708,1144701,0,0,56396,35079.57,13772195,12631232,0
2021-11-30,10375,6420863,11452,5678868,510,550056,37880,1151640,513,27716,38507,1183208,0,0,60844,36747.43,13833039,12653683,0
2021-12-01,11047,6431910,10984,5689852,724,550780,40495,1192135,443,28159,41036,1224244,0,0,63793,40093.86,13896832,12676538,0
2021-12-02,11505,6443415,11053,5700905,625,551405,42346,1234481,476,28635,42920,1267164,0,0,66103,49270.14,13962935,12699819,0
2021-12-03,13322,6456737,12915,5713820,665,552070,48125,1282606,547,29182,48778,1315942,0,0,75680,54004,14038615,12726827,0
2021-12-04,9738,6466475,11322,5725142,564,552634,30776,1313382,315,29497,31145,1347087,0,0,52769,56824.29,14091384,12748505,0
2021-12-05,5683,6472158,5702,5730844,270,552904,16722,1330104,133,29630,16891,1363978,0,0,28546,57733,14119930,12760196,0
2021-12-06,12195,6484353,9991,5740835,599,553503,43388,1373492,474,30104,43955,1407933,0,0,66741,59210.86,14186671,12783075,0
2021-12-07,12465,6496818,9257,5750092,623,554126,43201,1416693,527,30631,43818,1451751,0,0,66163,59970.71,14252834,12805510,0
2021-12-08,13416,6510234,8778,5758870,555,554681,40924,1457617,503,31134,41510,1493261,0,0,64259,60037.29,14317093,12828342,0
2021-12-09,13347,6523581,8761,5767631,551,555232,40992,1498609,508,31642,41599,1534860,0,0,64259,59773.86,14381352,12851101,0
2021-12-10,13918,6537499,10162,5777793,666,555898,43825,1542434,546,32188,44459,1579319,0,0,69206,58849,14450558,12875936,0
2021-12-11,10186,6547685,8156,5785949,404,556302,26780,1569214,293,32481,27124,1606443,0,0,45871,57863.57,14496429,12894734,0
2021-12-12,5964,6553649,3859,5789808,287,556589,15211,1584425,138,32619,15374,1621817,0,0,25484,57426.14,14521913,12904869,0
2021-12-13,12090,6565739,7435,5797243,654,557243,38047,1622472,411,33030,38541,1660358,0,0,58720,56280.29,14580633,12925131,0
2021-12-14,12128,6577867,6949,5804192,729,557972,38290,1660762,456,33486,38814,1699172,0,0,58621,55202.86,14639254,12945006,0
2021-12-15,11967,6589834,6247,5810439,754,558726,38294,1699056,501,33987,38877,1738049,0,0,57846,54286.71,14697100,12964057,0
2021-12-16,13051,6602885,4266,5814705,737,559463,41261,1740317,472,34459,41807,1779856,0,0,59861,53658.43,14756961,12982185,0
2021-12-17,15814,6618699,6945,5821650,617,560080,46959,1787276,492,34951,47549,1827405,0,0,70925,53904,14827886,13005659,0
2021-12-18,12930,6631629,5731,5827381,432,560512,30711,1817987,284,35235,31053,1858458,0,0,50146,54514.71,14878032,13024810,0
2021-12-19,6949,6638578,2994,5830375,326,560838,18063,1836050,183,35418,18278,1876736,0,0,28547,54952.29,14906579,13035111,0
2021-12-20,16686,6655264,5857,5836232,745,561583,47663,1883713,587,36005,48331,1925067,0,0,71619,56795,14978198,13058480,0
2021-12-21,17818,6673082,6575,5842807,806,562389,49081,1932794,617,36622,49776,1974843,0,0,74976,59131.43,15053174,13083758,0
2021-12-22,18466,6691548,6552,5849359,938,563327,49848,1982642,553,37175,50480,2025323,0,0,76436,61787.14,15129610,13109793,0
2021-12-23,18919,6710467,6491,5855850,929,564256,46034,2028676,547,37722,46647,2071970,0,0,72986,63662.14,15202596,13136198,0
2021-12-24,9176,6719643,2957,5858807,598,564854,20663,2049339,214,37936,20911,2092881,0,0,33642,58336,15236238,13148963,0
2021-12-25,342,6719985,63,5858870,31,564885,427,2049766,8,37944,436,2093317,0,0,872,51296.86,15237110,13149400,0
2021-12-26,7913,6727898,3932,5862802,341,565226,17318,2067084,179,38123,17528,2110845,0,0,29714,51463.57,15266824,13161617,0
2021-12-27,21692,6749590,9211,5872013,934,566160,43567,2110651,575,38698,44215,2155060,0,0,76052,52096.86,15342876,13193527,0
2021-12-28,20030,6769620,8344,5880357,700,566860,47724,2158375,631,39329,48443,2203503,0,0,77517,52459.86,15420393,13222689,0
2021-12-29,18402,6788022,7676,5888033,606,567466,45712,2204087,502,39831,46289,2249792,0,0,72973,51965.14,15493366,13249448,0
2021-12-30,16799,6804821,7444,5895477,588,568054,44942,2249029,605,40436,45637,2295429,0,0,70469,51605.57,15563835,13274370,0
2021-12-31,5338,6810159,2819,5898296,193,568247,14800,2263829,190,40626,15012,2310441,0,0,23362,50137,15587197,13282742,0
2022-01-01,244,6810403,149,5898445,12,568259,504,2264333,36,40662,544,2310985,0,0,949,50148,15588146,13283151,0
2022-01-02,6398,6816801,5020,5903465,153,568412,11014,2275347,111,40773,11140,2322125,0,0,22711,49147.57,15610857,13294737,0
2022-01-03,14059,6830860,8526,5911991,515,568927,27041,2302388,354,41127,27439,2349564,0,0,50539,45502.86,15661396,13317881,0
2022-01-04,12759,6843619,8128,5920119,414,569341,27320,2329708,374,41501,27753,2377317,0,0,49054,41436.71,15710450,13339241,0
2022-01-05,11274,6854893,7035,5927154,386,569727,26039,2355747,322,41823,26405,2403722,0,0,45100,37454.86,15755550,13357980,0
2022-01-06,11298,6866191,7399,5934553,485,570212,27690,2383437,363,42186,28105,2431827,0,0,47287,34143.14,15802837,13377214,0
2022-01-07,10107,6876298,8457,5943010,339,570551,25249,2408686,334,42520,25617,2457444,0,0,44521,37165.86,15847358,13396152,0
2022-01-08,7635,6883933,8604,5951614,311,570862,19648,2428334,193,42713,19859,2477303,0,0,36410,42231.71,15883768,13412721,0
2022-01-09,4098,6888031,3845,5955459,214,571076,10083,2438417,101,42814,10195,2487498,0,0,18354,41609.29,15902122,13420891,0
2022-01-10,10121,6898152,8202,5963661,490,571566,24660,2463077,312,43126,25023,2512521,0,0,43836,40651.71,15945958,13439755,0
2022-01-11,8822,6906974,7989,5971650,522,572088,21086,2484163,298,43424,21429,2533950,0,0,38766,39182,15984724,13457137,0
2022-01-12,8882,6915856,8334,5979984,427,572515,22413,2506576,295,43719,22743,2556693,0,0,40387,38508.71,16025111,13474816,0
2022-01-13,8974,6924830,8874,5988858,451,572966,22965,2529541,344,44063,23347,2580040,0,0,41648,37703.14,16066759,13493155,0
2022-01-14,10048,6934878,8131,5996989,474,573440,26497,2556038,343,44406,26881,2606921,0,0,45534,37847.86,16112293,13511849,0
2022-01-15,6181,6941059,4322,6001311,180,573620,15173,2571211,185,44591,15382,2622303,0,0,26065,36370,16138358,13522556,0
2022-01-16,2887,6943946,3250,6004561,95,573715,7844,2579055,90,44681,7944,2630247,0,0,14177,35773.29,16152535,13528799,0
2022-01-17,6029,6949975,6761,6011322,363,574078,14726,2593781,224,44905,14970,2645217,0,0,28123,33528.57,16180658,13541972,0
2022-01-18,8104,6958079,10326,6021648,393,574471,19717,2613498,330,45235,20078,2665295,0,0,38901,33547.86,16219559,13560826,0
2022-01-19,7399,6965478,9267,6030915,303,574774,17764,2631262,286,45521,18083,2683378,0,0,35052,32785.71,16254611,13577828,0
2022-01-20,6217,6971695,8569,6039484,305,575079,15307,2646569,260,45781,15594,2698972,0,0,30686,31219.71,16285297,13592947,0
2022-01-21,7504,6979199,7520,6047004,276,575355,18559,2665128,295,46076,18879,2717851,0,0,34179,29597.57,16319476,13608272,0
2022-01-22,5164,6984363,4956,6051960,132,575487,11347,2676475,133,46209,11505,2729356,0,0,21757,28982.14,16341233,13618549,0
2022-01-23,2776,6987139,3338,6055298,97,575584,6253,2682728,78,46287,6339,2735695,0,0,12550,28749.71,16353783,13624768,0
2022-01-24,6314,6993453,8215,6063513,262,575846,15107,2697835,255,46542,15389,2751084,0,0,30181,29043.71,16383964,13639587,0
2022-01-25,6131,6999584,7961,6071474,230,576076,14741,2712576,296,46838,15072,2766156,0,0,29394,27685.57,16413358,13653944,0
2022-01-26,5705,7005289,7190,6078664,287,576363,14052,2726628,225,47063,14305,2780461,0,0,27487,26604.86,16440845,13667154,0
2022-01-27,5198,7010487,7102,6085766,320,576683,14128,2740756,240,47303,14407,2794868,0,0,27027,26082.14,16467872,13679813,0
2022-01-28,6204,7016691,7886,6093652,205,576888,16164,2756920,247,47550,16434,2811302,0,0,30729,25589.29,16498601,13694131,0
2022-01-29,833,7017524,729,6094381,28,576916,2544,2759464,40,47590,2587,2813889,0,0,4177,23077.86,16502778,13695724,0
2022-01-30,2070,7019594,3025,6097406,103,577019,4557,2764021,64,47654,4625,2818514,0,0,9823,22688.29,16512601,13700926,0
2022-01-31,4969,7024563,6600,6104006,219,577238,11413,2775434,207,47861,11635,2830149,0,0,23423,21722.86,16536024,13712729,0
2022-02-01,4796,7029359,6457,6110463,220,577458,10740,2786174,223,48084,10981,2841130,0,0,22455,20731.57,16558479,13724221,0
2022-02-02,4241,7033600,5937,6116400,212,577670,11261,2797435,243,48327,11522,2852652,0,0,21912,19935.14,16580391,13734629,0
2022-02-03,4197,7037797,5819,6122219,216,577886,11240,2808675,206,48533,11473,2864125,0,0,21706,19175,16602097,13744889,0
2022-02-04,4728,7042525,7120,6129339,214,578100,13258,2821933,243,48776,13526,2877651,0,0,25588,18440.57,16627685,13756976,0
2022-02-05,3551,7046076,6083,6135422,109,578209,8608,2830541,158,48934,8781,2886432,0,0,18524,20490.14,16646209,13766734,0
2022-02-06,2046,7048122,2138,6137560,120,578329,4654,2835195,105,49039,4763,2891195,0,0,9068,20382.29,16655277,13771043,0
2022-02-07,4115,7052237,4751,6142311,205,578534,10155,2845350,238,49277,10418,2901613,0,0,19489,19820.29,16674766,13780139,0
2022-02-08,4178,7056415,5606,6147917,214,578748,11358,2856708,316,49593,11700,2913313,0,0,21698,19712.14,16696464,13790163,0
2022-02-09,4103,7060518,5405,6153322,221,578969,11686,2868394,259,49852,11970,2925283,0,0,21699,19681.71,16718163,13799917,0
2022-02-10,3958,7064476,5130,6158452,243,579212,12216,2880610,295,50147,12541,2937824,0,0,21872,19705.43,16740035,13809278,0
2022-02-11,4484,7068960,5810,6164262,195,579407,13758,2894368,328,50475,14118,2951942,0,0,24607,19565.29,16764642,13819799,0
2022-02-12,3231,7072191,4352,6168614,97,579504,8829,2903197,220,50695,9060,2961002,0,0,16740,19310.43,16781382,13827490,0
2022-02-13,1508,7073699,1544,6170158,41,579545,4888,2908085,115,50810,5008,2966010,0,0,8101,19172.29,16789483,13830588,0
2022-02-14,2956,7076655,3633,6173791,167,579712,10589,2918674,332,51142,10948,2976958,0,0,17704,18917.29,16807187,13837371,0
2022-02-15,3514,7080169,4074,6177865,174,579886,12804,2931478,294,51436,13114,2990072,0,0,20876,18799.86,16828063,13845149,0
2022-02-16,3609,7083778,3912,6181777,199,580085,15771,2947249,300,51736,16106,3006178,0,0,23826,19103.71,16851889,13852904,0
2022-02-17,3984,7087762,4081,6185858,162,580247,18366,2965615,378,52114,18775,3024953,0,0,27002,19836.57,16878891,13861162,0
2022-02-18,4419,7092181,4795,6190653,190,580437,21562,2987177,469,52583,22054,3047007,0,0,31458,20815.29,16910349,13870589,0
2022-02-19,3230,7095411,2187,6192840,65,580502,11206,2998383,220,52803,11437,3058444,0,0,16919,20840.86,16927268,13876082,0
2022-02-20,1841,7097252,1446,6194286,59,580561,6600,3004983,115,52918,6723,3065167,0,0,10069,21122,16937337,13879436,0
2022-02-21,3069,7100321,2694,6196980,93,580654,8369,3013352,236,53154,8618,3073785,0,0,14474,20660.57,16951811,13885305,0
2022-02-22,4354,7104675,4268,6201248,174,580828,10851,3024203,256,53410,11126,3084911,0,0,19922,20524.29,16971733,13894120,0
2022-02-23,4230,7108905,3791,6205039,145,580973,10696,3034899,242,53652,10955,3095866,0,0,19121,19852.14,16990854,13902303,0
2022-02-24,3778,7112683,3659,6208698,108,581081,10209,3045108,241,53893,10468,3106334,0,0,18013,18568,17008867,13909866,0
2022-02-25,3582,7116265,3637,6212335,135,581216,9998,3055106,248,54141,10259,3116593,0,0,17613,16590.14,17026480,13917233,0
2022-02-26,2810,7119075,2593,6214928,73,581289,9531,3064637,162,54303,9702,3126295,0,0,15178,16341.43,17041658,13922718,0
2022-02-27,1759,7120834,1374,6216302,52,581341,6276,3070913,103,54406,6386,3132681,0,0,9571,16270.29,17051229,13925910,0
2022-02-28,3762,7124596,3137,6219439,140,581481,13160,3084073,258,54664,13442,3146123,0,0,20481,17128.43,17071710,13932973,0
2022-03-01,2112,7126708,2632,6222071,103,581584,5194,3089267,189,54853,5390,3151513,0,0,10237,15744.86,17081947,13937827,0
2022-03-02,1822,7128530,2448,6224519,107,581691,4149,3093416,211,55064,4371,3155884,0,0,8748,14263,17090695,13942215,0
2022-03-03,1925,7130455,2564,6227083,106,581797,3808,3097224,171,55235,3993,3159877,0,0,8588,12916.57,17099283,13946824,0
2022-03-04,2110,7132565,2884,6229967,66,581863,4338,3101562,213,55448,4563,3164440,0,0,9623,11775.14,17108906,13951896,0
2022-03-05,1608,7134173,2129,6232096,43,581906,3322,3104884,119,55567,3444,3167884,0,0,7224,10638.86,17116130,13955679,0
2022-03-06,792,7134965,881,6232977,30,581936,1626,3106510,55,55622,1684,3169568,0,0,3387,9755.43,17119517,13957385,0
2022-03-07,1657,7136622,1788,6234765,87,582023,3509,3110019,162,55784,3685,3173253,0,0,7217,7860.57,17126734,13960931,0
2022-03-08,1541,7138163,1898,6236663,81,582104,3129,3113148,155,55939,3296,3176549,0,0,6816,7371.86,17133550,13964463,0
2022-03-09,1259,7139422,1686,6238349,80,582184,2595,3115743,128,56067,2729,3179278,0,0,5754,6944.14,17139304,13967494,0
2022-03-10,1407,7140829,2097,6240446,84,582268,2978,3118721,165,56232,3152,3182430,0,0,6740,6680.14,17146044,13971091,0
2022-03-11,1595,7142424,2278,6242724,81,582349,3217,3121938,190,56422,3425,3185855,0,0,7379,6359.57,17153423,13975063,0
2022-03-12,873,7143297,1420,6244144,42,582391,2012,3123950,74,56496,2089,3187944,0,0,4424,5959.57,17157847,13977401,0
2022-03-13,623,7143920,757,6244901,28,582419,1293,3125243,48,56544,1344,3189288,0,0,2752,5868.86,17160599,13978812,0
2022-03-14,1358,7145278,1616,6246517,84,582503,3000,3128243,209,56753,3231,3192519,0,0,6289,5736.29,17166888,13981892,0
2022-03-15,1354,7146632,1924,6248441,63,582566,3070,3131313,238,56991,3315,3195834,0,0,6656,5713.43,17173544,13985240,0
2022-03-16,1395,7148027,2061,6250502,94,582660,3146,3134459,297,57288,3459,3199293,0,0,7009,5892.71,17180553,13988806,0
2022-03-17,1188,7149215,1810,6252312,71,582731,2766,3137225,269,57557,3049,3202342,0,0,6118,5803.86,17186671,13991889,0
2022-03-18,1577,7150792,2221,6254533,79,582810,3779,3141004,423,57980,4208,3206550,0,0,8085,5904.71,17194756,13995772,0
2022-03-19,1101,7151893,1736,6256269,54,582864,2607,3143611,231,58211,2843,3209393,0,0,5734,6091.86,17200490,13998668,0
2022-03-20,602,7152495,631,6256900,33,582897,1470,3145081,186,58397,1660,3211053,0,0,2926,6116.71,17203416,13999938,0
2022-03-21,1408,7153903,1561,6258461,73,582970,3064,3148145,363,58760,3448,3214501,0,0,6490,6145.43,17209906,14003001,0
2022-03-22,1340,7155243,1553,6260014,101,583071,2907,3151052,350,59110,3267,3217768,0,0,6261,6089,17216167,14006005,0
2022-03-23,1256,7156499,1358,6261372,66,583137,2926,3153978,375,59485,3311,3221079,0,0,5991,5943.57,17222158,14008695,0
2022-03-24,1206,7157705,1298,6262670,90,583227,2520,3156498,278,59763,2807,3223886,0,0,5401,5841.14,17227559,14011298,0
2022-03-25,1378,7159083,1638,6264308,62,583289,3271,3159769,385,60148,3669,3227555,0,0,6747,5650,17234306,14014389,0
2022-03-26,920,7160003,1170,6265478,36,583325,2311,3162080,255,60403,2574,3230129,0,0,4700,5502.29,17239006,14016523,0
2022-03-27,574,7160577,527,6266005,29,583354,1314,3163394,204,60607,1520,3231649,0,0,2650,5462.86,17241656,14017655,0
2022-03-28,1070,7161647,1170,6267175,69,583423,2443,3165837,367,60974,2829,3234478,0,0,5138,5269.71,17246794,14019983,0
2022-03-29,1041,7162688,1106,6268281,84,583507,2516,3168353,885,61859,3423,3237901,0,0,5654,5183,17252448,14022236,0
2022-03-30,1235,7163923,1139,6269420,99,583606,3065,3171418,3412,65271,6567,3244468,0,0,9040,5618.57,17261488,14024799,0
2022-03-31,1274,7165197,1250,6270670,58,583664,3162,3174580,5536,70807,8837,3253305,0,0,11420,6478.43,17272908,14027521,0
2022-04-01,1420,7166617,1487,6272157,77,583741,3242,3177822,6928,77735,10327,3263632,0,0,13311,7416.14,17286219,14030662,0
2022-04-02,904,7167521,909,6273066,33,583774,2085,3179907,4543,82278,6724,3270356,0,0,8570,7969,17294789,14032604,0
2022-04-03,553,7168074,490,6273556,28,583802,1219,3181126,3062,85340,4344,3274700,0,0,5415,8364,17300204,14033738,0
2022-04-04,1343,7169417,1299,6274855,62,583864,2725,3183851,7724,93064,10605,3285305,0,0,13309,9531.29,17313513,14036598,0
2022-04-05,1288,7170705,1153,6276008,66,583930,2844,3186695,7504,100568,10525,3295830,0,0,13032,10585.29,17326545,14039282,0
2022-04-06,1327,7172032,1174,6277182,61,583991,2627,3189322,6958,107526,9748,3305578,0,0,12310,11052.43,17338855,14042007,0
2022-04-07,1198,7173230,1060,6278242,57,584048,2379,3191701,6627,114153,9156,3314734,0,0,11471,11059.71,17350326,14044472,0
2022-04-08,1470,7174700,1407,6279649,61,584109,3170,3194871,8792,122945,12162,3326896,0,0,15100,11315.29,17365426,14047610,0
2022-04-09,906,7175606,925,6280574,29,584138,2081,3196952,4961,127906,7128,3334024,0,0,8988,11375,17374414,14049556,0
2022-04-10,573,7176179,459,6281033,25,584163,1168,3198120,2903,130809,4134,3338158,0,0,5191,11343,17379605,14050676,0
2022-04-11,1302,7177481,1224,6282257,61,584224,2654,3200774,7843,138652,10653,3348811,0,0,13240,11333.14,17392845,14053419,0
2022-04-12,1210,7178691,1053,6283310,73,584297,2512,3203286,7458,146110,10143,3358954,0,0,12479,11254.14,17405324,14055928,0
2022-04-13,1227,7179918,1073,6284383,61,584358,2512,3205798,7550,153660,10216,3369170,0,0,12577,11292.29,17417901,14058443,0
2022-04-14,1259,7181177,1095,6285478,58,584416,2443,3208241,6592,160252,9165,3378335,0,0,11577,11307.43,17429478,14060985,0
2022-04-15,1333,7182510,1092,6286570,53,584469,2553,3210794,6635,166887,9322,3387657,0,0,11800,10836,17441278,14063597,0
2022-04-16,853,7183363,652,6287222,34,584503,1641,3212435,3691,170578,5401,3393058,0,0,6940,10543.43,17448218,14065205,0
2022-04-17,345,7183708,201,6287423,27,584530,636,3213071,1159,171737,1819,3394877,0,0,2392,10143.57,17450610,14065802,0
2022-04-18,1375,7185083,1110,6288533,82,584612,2581,3215652,6419,178156,9143,3404020,0,0,11710,9925,17462320,14068512,0
2022-04-19,1405,7186488,932,6289465,71,584683,2569,3218221,5770,183926,8442,3412462,0,0,10850,9692.29,17473170,14071023,0
2022-04-20,1294,7187782,1150,6290615,66,584749,2710,3220931,6651,190577,9505,3421967,0,0,12015,9612,17485185,14073677,0
2022-04-21,1223,7189005,1061,6291676,53,584802,2339,3223270,5402,195979,7860,3429827,0,0,10197,9414.86,17495382,14076133,0
2022-04-22,1230,7190235,1038,6292714,46,584848,2238,3225508,5786,201765,8139,3437966,0,0,10453,9222.43,17505835,14078562,0
2022-04-23,709,7190944,752,6293466,59,584907,1427,3226935,3353,205118,4847,3442813,0,0,6367,9140.57,17512202,14080149,0
2022-04-24,445,7191389,344,6293810,27,584934,812,3227747,1844,206962,2689,3445502,0,0,3505,9299.57,17515707,14080998,0
2022-04-25,1036,7192425,916,6294726,64,584998,1850,3229597,5098,212060,7060,3452562,0,0,9077,8923.43,17524784,14083127,0
2022-04-26,946,7193371,856,6295582,76,585074,1749,3231346,4698,216758,6540,3459102,0,0,8418,8576,17533202,14085098,0
2022-04-27,1034,7194405,1020,6296602,80,585154,1924,3233270,5218,221976,7264,3466366,0,0,9398,8202.14,17542600,14087354,0
2022-04-28,1080,7195485,985,6297587,50,585204,2007,3235277,4747,226723,6869,3473235,0,0,8985,8029,17551585,14089585,0
2022-04-29,1170,7196655,1102,6298689,60,585264,2158,3237435,5437,232160,7713,3480948,0,0,10045,7970.71,17561630,14092035,0
2022-04-30,723,7197378,742,6299431,50,585314,1392,3238827,2966,235126,4407,3485355,0,0,5922,7907.14,17567552,14093599,0
2022-05-01,445,7197823,366,6299797,20,585334,766,3239593,1656,236782,2454,3487809,0,0,3285,7875.71,17570837,14094462,0
2022-05-02,1042,7198865,791,6300588,52,585386,1673,3241266,3823,240605,5564,3493373,0,0,7449,7643.14,17578286,14096415,0
2022-05-03,1115,7199980,864,6301452,61,585447,1994,3243260,4870,245475,6963,3500336,0,0,9003,7726.71,17587289,14098554,0
2022-05-04,1002,7200982,881,6302333,48,585495,1925,3245185,4678,250153,6696,3507032,0,0,8627,7616.57,17595916,14100578,0
2022-05-05,1070,7202052,952,6303285,86,585581,1928,3247113,4890,255043,6917,3513949,0,0,9025,7622.29,17604941,14102785,0
2022-05-06,1093,7203145,956,6304241,51,585632,1858,3248971,4403,259446,6339,3520288,0,0,8439,7392.86,17613380,14104963,0
2022-05-07,659,7203804,589,6304830,32,585664,1205,3250176,2434,261880,3679,3523967,0,0,4959,7255.29,17618339,14106283,0
2022-05-08,409,7204213,243,6305073,17,585681,666,3250842,1389,263269,2077,3526044,0,0,2746,7178.29,17621085,14106974,0
2022-05-09,1074,7205287,946,6306019,60,585741,1890,3252732,4437,267706,6422,3532466,0,0,8502,7328.71,17629587,14109149,0
2022-05-10,1093,7206380,928,6306947,54,585795,1977,3254709,4722,272428,6808,3539274,0,0,8883,7311.57,17638470,14111333,0
2022-05-11,1082,7207462,970,6307917,44,585839,1942,3256651,4840,277268,6888,3546162,0,0,8984,7362.57,17647454,14113535,0
2022-05-12,1098,7208560,950,6308867,60,585899,2001,3258652,4670,281938,6772,3552934,0,0,8880,7341.86,17656334,14115744,0
2022-05-13,1153,7209713,1037,6309904,44,585943,2073,3260725,4810,286748,6977,3559911,0,0,9211,7452.14,17665545,14118072,0
2022-05-14,825,7210538,672,6310576,31,585974,1468,3262193,2965,289713,4475,3564386,0,0,6003,7601.29,17671548,14119642,0
2022-05-15,508,7211046,355,6310931,22,585996,924,3263117,1649,291362,2599,3566985,0,0,3484,7706.71,17675032,14120553,0
2022-05-16,1222,7212268,855,6311786,62,586058,1831,3264948,3870,295232,5766,3572751,0,0,7905,7621.43,17682937,14122757,0
2022-05-17,1282,7213550,931,6312717,79,586137,2045,3266993,4900,300132,7039,3579790,0,0,9331,7685.43,17692268,14125143,0
2022-05-18,1233,7214783,897,6313614,82,586219,2062,3269055,4949,305081,7125,3586915,0,0,9337,7735.86,17701605,14127469,0
2022-05-19,1157,7215940,881,6314495,36,586255,2117,3271172,4732,309813,6935,3593850,0,0,9009,7754.29,17710614,14129629,0
2022-05-20,1194,7217134,958,6315453,73,586328,2370,3273542,5215,315028,7697,3601547,0,0,9924,7856.14,17720538,14131968,0
2022-05-21,830,7217964,647,6316100,24,586352,1726,3275268,3313,318341,5100,3606647,0,0,6601,7941.57,17727139,14133530,0
2022-05-22,506,7218470,292,6316392,22,586374,1136,3276404,1839,320180,3010,3609657,0,0,3830,7991,17730969,14134385,0
2022-05-23,1215,7219685,885,6317277,52,586426,2189,3278593,4711,324891,7003,3616660,0,0,9155,8169.57,17740124,14136640,0
2022-05-24,1400,7221085,934,6318211,66,586492,2306,3280899,4494,329385,6907,3623567,0,0,9308,8166.29,17749432,14139148,0
2022-05-25,1410,7222495,955,6319166,57,586549,2264,3283163,4278,333663,6644,3630211,0,0,9067,8127.71,17758499,14141673,0
2022-05-26,1165,7223660,887,6320053,60,586609,2274,3285437,4155,337818,6498,3636709,0,0,8611,8070.86,17767110,14143855,0
2022-05-27,1240,7224900,954,6321007,38,586647,2497,3287934,3926,341744,6503,3643212,0,0,8736,7901.14,17775846,14146168,0
2022-05-28,709,7225609,517,6321524,19,586666,1784,3289718,2068,343812,3892,3647104,0,0,5137,7692,17780983,14147453,0
2022-05-29,468,7226077,214,6321738,11,586677,763,3290481,1128,344940,1911,3649015,0,0,2604,7516.86,17783587,14148166,0
2022-05-30,91,7226168,62,6321800,6,586683,138,3290619,144,345084,284,3649299,0,0,443,6272.29,17784030,14148327,0
2022-05-31,1135,7227303,918,6322718,51,586734,1902,3292521,3052,348136,5016,3654315,0,0,7120,5959.71,17791150,14150493,0
2022-06-01,1151,7228454,851,6323569,63,586797,1969,3294490,3433,351569,5477,3659792,0,0,7542,5741.86,17798692,14152633,0
2022-06-02,1024,7229478,799,6324368,72,586869,1828,3296318,3179,354748,5069,3664861,0,0,6964,5506.57,17805656,14154590,0
2022-06-03,1154,7230632,894,6325262,47,586916,2073,3298391,3495,358243,5638,3670499,0,0,7733,5363.29,17813389,14156755,0
2022-06-04,718,7231350,586,6325848,26,586942,1560,3299951,1907,360150,3503,3674002,0,0,4835,5320.14,17818224,14158123,0
2022-06-05,447,7231797,297,6326145,1,586943,881,3300832,981,361131,1871,3675873,0,0,2616,5321.86,17820840,14158877,0
2022-06-06,1120,7232917,828,6326973,65,587008,1758,3302590,2747,363878,4558,3680431,0,0,6571,6197.29,17827411,14160943,0
2022-06-07,1017,7233934,773,6327746,70,587078,1795,3304385,2569,366447,4412,3684843,0,0,6273,6076.29,17833684,14162852,0
2022-06-08,1088,7235022,836,6328582,75,587153,1877,3306262,2752,369199,4694,3689537,0,0,6693,5955,17840377,14164916,0
2022-06-09,1134,7236156,840,6329422,62,587215,2230,3308492,2693,371892,4975,3694512,0,0,7011,5961.71,17847388,14167004,0
2022-06-10,1043,7237199,816,6330238,76,587291,1881,3310373,2835,374727,4773,3699285,0,0,6708,5815.29,17854096,14168996,0
2022-06-11,678,7237877,507,6330745,25,587316,1333,3311706,1504,376231,2865,3702150,0,0,4075,5706.71,17858171,14170234,0
2022-06-12,349,7238226,287,6331032,21,587337,876,3312582,775,377006,1661,3703811,0,0,2318,5664.14,17860489,14170901,0
2022-06-13,1026,7239252,767,6331799,62,587399,1585,3314167,2190,379196,3814,3707625,0,0,5670,5535.43,17866159,14172796,0
2022-06-14,971,7240223,833,6332632,65,587464,1693,3315860,2506,381702,4262,3711887,0,0,6131,5515.14,17872290,14174728,0
2022-06-15,968,7241191,865,6333497,39,587503,1666,3317526,2428,384130,4155,3716042,0,0,6027,5420,17878317,14176661,0
2022-06-16,959,7242150,777,6334274,59,587562,1835,3319361,2366,386496,4257,3720299,0,0,6052,5283,17884369,14178512,0
2022-06-17,897,7243047,797,6335071,48,587610,1772,3321133,2407,388903,4223,3724522,0,0,5966,5177,17890335,14180299,0
2022-06-18,652,7243699,524,6335595,26,587636,1286,3322419,1296,390199,2612,3727134,0,0,3814,5139.71,17894149,14181531,0
2022-06-19,345,7244044,231,6335826,16,587652,730,3323149,609,390808,1351,3728485,0,0,1943,5086.14,17896092,14182135,0
2022-06-20,829,7244873,489,6336315,41,587693,1581,3324730,1611,392419,3231,3731716,0,0,4590,4931.86,17900682,14183533,0
2022-06-21,1129,7246002,739,6337054,49,587742,1703,3326433,2143,394562,3904,3735620,0,0,5823,4887.86,17906505,14185510,0
2022-06-22,1957,7247959,836,6337890,47,587789,1710,3328143,1996,396558,3749,3739369,0,0,6589,4968.14,17913094,14188393,0
2022-06-23,2119,7250078,763,6338653,66,587855,1703,3329846,2158,398716,3913,3743282,0,0,6861,5083.71,17919955,14191393,0
2022-06-24,2167,7252245,760,6339413,48,587903,1625,3331471,2162,400878,3835,3747117,0,0,6810,5204.29,17926765,14194416,0
2022-06-25,2136,7254381,499,6339912,15,587918,1239,3332710,1143,402021,2397,3749514,0,0,5050,5380.86,17931815,14197084,0
2022-06-26,1209,7255590,248,6340160,14,587932,687,3333397,531,402552,1224,3750738,0,0,2695,5488.29,17934510,14198561,0
2022-06-27,1527,7257117,656,6340816,60,587992,1473,3334870,1657,404209,3170,3753908,0,0,5414,5606,17939924,14200845,0
2022-06-28,1686,7258803,829,6341645,57,588049,1868,3336738,2145,406354,4059,3757967,0,0,6631,5721.43,17946555,14203463,0
2022-06-29,1856,7260659,777,6342422,48,588097,1719,3338457,1928,408282,3686,3761653,0,0,6367,5689.71,17952922,14206183,0
2022-06-30,1866,7262525,807,6343229,46,588143,1735,3340192,2135,410417,3914,3765567,0,0,6633,5657.14,17959555,14208946,0
2022-07-01,1604,7264129,598,6343827,26,588169,1400,3341592,1730,412147,3162,3768729,0,0,5390,5454.29,17964945,14211206,0
2022-07-02,980,7265109,388,6344215,19,588188,842,3342434,940,413087,1800,3770529,0,0,3187,5188.14,17968132,14212611,0
2022-07-03,529,7265638,205,6344420,7,588195,461,3342895,485,413572,949,3771478,0,0,1690,5044.57,17969822,14213355,0
2022-07-04,36,7265674,25,6344445,1,588196,30,3342925,38,413610,68,3771546,0,0,130,4289.71,17969952,14213417,0
2022-07-05,1295,7266969,757,6345202,35,588231,1407,3344332,1739,415349,3177,3774723,0,0,5264,4094.43,17975216,14215535,0
2022-07-06,1612,7268581,677,6345879,44,588275,1442,3345774,1845,417194,3329,3778052,0,0,5662,3993.71,17980878,14217910,0
2022-07-07,1592,7270173,713,6346592,48,588323,1526,3347300,2002,419196,3566,3781618,0,0,5919,3891.71,17986797,14220301,0
2022-07-08,1633,7271806,651,6347243,37,588360,1476,3348776,1979,421175,3505,3785123,0,0,5827,3954.14,17992624,14222673,0
2022-07-09,985,7272791,435,6347678,26,588386,884,3349660,1347,422522,2262,3787385,0,0,3708,4028.57,17996332,14224150,0
2022-07-10,637,7273428,187,6347865,17,588403,430,3350090,659,423181,1099,3788484,0,0,1940,4064.29,17998272,14225001,0
2022-07-11,1395,7274823,634,6348499,49,588452,1447,3351537,2213,425394,3695,3792179,0,0,5773,4870.43,18004045,14227114,0
2022-07-12,1405,7276228,688,6349187,45,588497,1405,3352942,2515,427909,3994,3796173,0,0,6132,4994.43,18010177,14229326,0
2022-07-13,1615,7277843,726,6349913,37,588534,1524,3354466,2841,430750,4430,3800603,0,0,6808,5158.14,18016985,14231769,0
2022-07-14,1585,7279428,842,6350755,47,588581,1607,3356073,3064,433814,4749,3805352,0,0,7224,5344.57,18024209,14234322,0
2022-07-15,1615,7281043,937,6351692,47,588628,1577,3357650,3059,436873,4697,3810049,0,0,7296,5554.43,18031505,14236982,0
2022-07-16,881,7281924,586,6352278,9,588637,986,3358636,1701,438574,2717,3812766,0,0,4193,5623.71,18035698,14238488,0
2022-07-17,550,7282474,289,6352567,16,588653,527,3359163,1166,439740,1719,3814485,0,0,2574,5714.29,18038272,14239369,0
2022-07-18,1402,7283876,844,6353411,45,588698,1430,3360593,2464,442204,3952,3818437,0,0,6243,5781.43,18044515,14241718,0
2022-07-19,1440,7285316,976,6354387,51,588749,1545,3362138,2803,445007,4440,3822877,0,0,6907,5892.14,18051422,14244277,0
2022-07-20,1378,7286694,1482,6355869,50,588799,1355,3363493,2396,447403,3813,3826690,0,0,6724,5880.14,18058146,14247250,0
2022-07-21,1333,7288027,1435,6357304,50,588849,1395,3364888,2364,449767,3808,3830498,0,0,6626,5794.71,18064772,14250117,0
2022-07-22,1428,7289455,1569,6358873,42,588891,1562,3366450,2857,452624,4502,3835000,0,0,7541,5829.71,18072313,14253239,0
2022-07-23,907,7290362,1102,6359975,17,588908,999,3367449,1553,454177,2589,3837589,0,0,4615,5890,18076928,14255302,0
2022-07-24,483,7290845,642,6360617,14,588922,504,3367953,805,454982,1317,3838906,0,0,2457,5873.29,18079385,14256450,0
2022-07-25,1230,7292075,764,6361381,59,588981,1264,3369217,2064,457046,3382,3842288,0,0,5435,5757.86,18084820,14258557,0
2022-07-26,1233,7293308,1021,6362402,41,589022,1478,3370695,2445,459491,3983,3846271,0,0,6278,5668,18091098,14260912,0
2022-07-27,1318,7294626,1279,6363681,42,589064,1392,3372087,2195,461686,3647,3849918,0,0,6287,5605.57,18097385,14263612,0
2022-07-28,1311,7295937,1424,6365105,72,589136,1425,3373512,2217,463903,3692,3853610,0,0,6499,5587.43,18103884,14266469,0
2022-07-29,1318,7297255,1432,6366537,64,589200,1361,3374873,2161,466064,3565,3857175,0,0,6379,5421.43,18110263,14269326,0
2022-07-30,738,7297993,719,6367256,25,589225,796,3375669,961,467025,1780,3858955,0,0,3265,5228.57,18113528,14270834,0
2022-07-31,422,7298415,590,6367846,14,589239,488,3376157,571,467596,1065,3860020,0,0,2091,5176.29,18115619,14271866,0
2022-08-01,1245,7299660,914,6368760,55,589294,1335,3377492,1510,469106,2890,3862910,0,0,5104,5129,18120723,14274125,0
2022-08-02,1229,7300889,1014,6369774,73,589367,1351,3378843,1602,470708,2999,3865909,0,0,5315,4991.43,18126038,14276487,0
2022-08-03,1262,7302151,1191,6370965,41,589408,1344,3380187,1532,472240,2916,3868825,0,0,5410,4866.14,18131448,14279021,0
2022-08-04,1190,7303341,1188,6372153,58,589466,1288,3381475,1460,473700,2779,3871604,0,0,5215,4682.71,18136663,14281488,0
2022-08-05,1315,7304656,1453,6373606,49,589515,1316,3382791,1442,475142,2782,3874386,0,0,5599,4571.29,18142262,14284329,0
2022-08-06,696,7305352,844,6374450,14,589529,766,3383557,777,475919,1568,3875954,0,0,3123,4551,18145385,14285909,0
2022-08-07,390,7305742,454,6374904,14,589543,428,3383985,358,476277,797,3876751,0,0,1655,4488.71,18147040,14286778,0
2022-08-08,1191,7306933,935,6375839,70,589613,1279,3385264,1187,477464,2496,3879247,0,0,4692,4429.86,18151732,14289004,0
2022-08-09,1133,7308066,891,6376730,38,589651,1232,3386496,1162,478626,2427,3881674,0,0,4489,4311.86,18156221,14291099,0
2022-08-10,1222,7309288,1115,6377845,59,589710,1260,3387756,1247,479873,2542,3884216,0,0,4938,4244.43,18161159,14293530,0
2022-08-11,1277,7310565,1071,6378916,84,589794,1212,3388968,1279,481152,2530,3886746,0,0,4962,4208.29,18166121,14296001,0
2022-08-12,1293,7311858,1412,6380328,55,589849,1268,3390236,1249,482401,2549,3889295,0,0,5309,4166.86,18171430,14298793,0
2022-08-13,754,7312612,790,6381118,15,589864,763,3390999,634,483035,1415,3890710,0,0,2974,4145.57,18174404,14300370,0
2022-08-14,467,7313079,477,6381595,20,589884,405,3391404,283,483318,691,3891401,0,0,1655,4145.57,18176059,14301337,0
2022-08-15,1243,7314322,1067,6382662,60,589944,1319,3392723,991,484309,2351,3893752,0,0,4721,4149.71,18180780,14303748,0
2022-08-16,1304,7315626,869,6383531,50,589994,1371,3394094,1079,485388,2482,3896234,0,0,4706,4180.71,18185486,14306004,0
2022-08-17,1212,7316838,959,6384490,39,590033,1236,3395330,1004,486392,2279,3898513,0,0,4489,4116.57,18189975,14308253,0
2022-08-18,1169,7318007,945,6385435,45,590078,1268,3396598,949,487341,2242,3900755,0,0,4401,4036.43,18194376,14310437,0
2022-08-19,1254,7319261,1135,6386570,34,590112,1121,3397719,979,488320,2130,3902885,0,0,4553,3928.43,18198929,14312890,0
2022-08-20,590,7319851,492,6387062,16,590128,636,3398355,517,488837,1166,3904051,0,0,2264,3827,18201193,14314001,0
2022-08-21,358,7320209,243,6387305,9,590137,382,3398737,267,489104,652,3904703,0,0,1262,3770.86,18202455,14314614,0
2022-08-22,1221,7321430,923,6388228,40,590177,1238,3399975,888,489992,2153,3906856,0,0,4337,3716,18206792,14316825,0
2022-08-23,1236,7322666,1050,6389278,48,590225,1385,3401360,962,490954,2375,3909231,0,0,4710,3716.57,18211502,14319188,0
2022-08-24,1265,7323931,1017,6390295,29,590254,1296,3402656,822,491776,2144,3911375,0,0,4456,3711.86,18215958,14321526,0
2022-08-25,1220,7325151,995,6391290,66,590320,1194,3403850,813,492589,2023,3913398,0,0,4304,3698,18220262,14323823,0
2022-08-26,1187,7326338,1178,6392468,56,590376,1193,3405043,780,493369,1995,3915393,0,0,4416,3678.43,18224678,14326266,0
2022-08-27,694,7327032,542,6393010,14,590390,685,3405728,404,493773,1102,3916495,0,0,2352,3691,18227030,14327529,0
2022-08-28,378,7327410,240,6393250,10,590400,442,3406170,228,494001,673,3917168,0,0,1301,3696.57,18228331,14328160,0
2022-08-29,1253,7328663,981,6394231,41,590441,1231,3407401,689,494690,1941,3919109,0,0,4217,3679.43,18232548,14330457,0
2022-08-30,1267,7329930,942,6395173,36,590477,1273,3408674,767,495457,2070,3921179,0,0,4315,3623,18236863,14332732,0
2022-08-31,1154,7331084,1014,6396187,42,590519,1107,3409781,574,496031,1701,3922880,0,0,3912,3545.29,18240775,14334963,0
2022-09-01,1028,7332112,963,6397150,51,590570,809,3410590,456,496487,1279,3924159,0,0,3322,3405,18244097,14337020,0
2022-09-02,975,7333087,1024,6398174,32,590602,594,3411184,176,496663,777,3924936,92,92,2885,3186.29,18246982,14339043,0
2022-09-03,532,7333619,449,6398623,12,590614,372,3411556,50,496713,426,3925362,314,406,1684,3090.86,18248666,14339991,0
2022-09-04,252,7333871,212,6398835,10,590624,189,3411745,25,496738,216,3925578,312,718,959,3042,18249625,14340424,0
2022-09-05,78,7333949,71,6398906,7,590631,44,3411789,16,496754,61,3925639,9,727,226,2471.86,18249851,14340581,0
2022-09-06,1128,7335077,1228,6400134,51,590682,639,3412428,130,496884,778,3926417,1269,1996,4236,2460.57,18254087,14342779,0
2022-09-07,1473,7336550,1379,6401513,38,590720,486,3412914,156,497040,662,3927079,6446,8442,9122,3204.86,18263209,14344813,0
2022-09-08,1525,7338075,1197,6402710,36,590756,254,3413168,110,497150,380,3927459,7828,16270,9846,4136.86,18273055,14346467,0
2022-09-09,1548,7339623,1609,6404319,49,590805,286,3413454,123,497273,440,3927899,9890,26160,12374,5492.43,18285429,14348542,0
2022-09-10,843,7340466,839,6405158,12,590817,271,3413725,45,497318,329,3928228,5318,31478,6760,6217.57,18292189,14349668,0
2022-09-11,495,7340961,438,6405596,11,590828,86,3413811,30,497348,125,3928353,3941,35419,4529,6727.57,18296718,14350140,0
2022-09-12,1670,7342631,1435,6407031,39,590867,206,3414017,92,497440,332,3928685,11659,47078,13540,8629.57,18310258,14351723,0
2022-09-13,1397,7344028,1271,6408302,33,590900,221,3414238,118,497558,388,3929073,9734,56812,11739,9701.43,18321997,14353389,0
2022-09-14,1408,7345436,1269,6409571,32,590932,224,3414462,126,497684,389,3929462,11030,67842,13078,10266.57,18335075,14355087,0
2022-09-15,1559,7346995,1279,6410850,23,590955,227,3414689,109,497793,371,3929833,12084,79926,14107,10875.29,18349182,14356774,0
2022-09-16,1686,7348681,1626,6412476,27,590982,269,3414958,157,497950,481,3930314,13804,93730,16265,11431.14,18365447,14358809,0
2022-09-17,800,7349481,865,6413341,12,590994,275,3415233,78,498028,376,3930690,7003,100733,8412,11667.14,18373859,14359865,0
2022-09-18,518,7349999,410,6413751,7,591001,74,3415307,26,498054,113,3930803,4485,105218,4977,11731.14,18378836,14360257,0
2022-09-19,1550,7351549,1320,6415071,29,591030,229,3415536,98,498152,353,3931156,13813,119031,15517,12013.57,18394353,14361634,0
2022-09-20,1438,7352987,1250,6416321,27,591057,223,3415759,91,498243,360,3931516,13212,132243,15015,12481.57,18409368,14363123,0
2022-09-21,1666,7354653,1351,6417672,31,591088,261,3416020,131,498374,426,3931942,14941,147184,16850,13020.43,18426218,14364640,0
2022-09-22,1469,7356122,1260,6418932,28,591116,174,3416194,138,498512,357,3932299,13229,160413,15048,13154.86,18441266,14366147,0
2022-09-23,1732,7357854,1648,6420580,24,591140,252,3416446,145,498657,460,3932759,16947,177360,19248,13581,18460514,14368051,0
2022-09-24,799,7358653,888,6421468,8,591148,272,3416718,68,498725,359,3933118,7506,184866,8855,13644.29,18469369,14369060,0
2022-09-25,484,7359137,391,6421859,1,591149,72,3416790,47,498772,128,3933246,4508,189374,4995,13646.86,18474364,14369428,0
2022-09-26,1567,7360704,1244,6423103,16,591165,290,3417080,144,498916,492,3933738,15012,204386,16711,13817.43,18491075,14370693,0
2022-09-27,1529,7362233,1308,6424411,26,591191,283,3417363,172,499088,491,3934229,14158,218544,16149,13979.43,18507224,14372229,0
2022-09-28,1620,7363853,1292,6425703,18,591209,190,3417553,186,499274,430,3934659,15510,234054,17287,14041.86,18524511,14373630,0
2022-09-29,1670,7365523,1301,6427004,19,591228,178,3417731,96,499370,311,3934970,15375,249429,17224,14352.71,18541735,14375205,0
2022-09-30,1635,7367158,1547,6428551,13,591241,182,3417913,177,499547,405,3935375,16484,265913,18652,14267.57,18560387,14377014,0
2022-10-01,718,7367876,669,6429220,5,591246,138,3418051,34,499581,181,3935556,7053,272966,7942,14137.14,18568329,14377731,0
2022-10-02,511,7368387,427,6429647,5,591251,48,3418099,45,499626,107,3935663,4428,277394,4838,14114.71,18573167,14378048,0
2022-10-03,1550,7369937,1187,6430834,23,591274,156,3418255,113,499739,316,3935979,14572,291966,15976,14009.71,18589143,14379183,0
2022-10-04,1378,7371315,1154,6431988,15,591289,150,3418405,121,499860,299,3936278,13403,305369,14798,13816.71,18603941,14380307,0
2022-10-05,1587,7372902,1284,6433272,17,591306,284,3418689,163,500023,501,3936779,14867,320236,16692,13731.71,18620633,14381685,0
2022-10-06,1485,7374387,1248,6434520,19,591325,166,3418855,159,500182,384,3937163,14956,335192,16618,13645.14,18637251,14383022,0
2022-10-07,1656,7376043,1427,6435947,15,591340,171,3419026,136,500318,368,3937531,17110,352302,19072,13705.14,18656323,14384677,0
2022-10-08,760,7376803,680,6436627,4,591344,146,3419172,62,500380,225,3937756,7713,360015,8641,13805,18664964,14385397,0
2022-10-09,485,7377288,408,6437035,5,591349,47,3419219,55,500435,120,3937876,4694,364709,5119,13845.14,18670083,14385720,0
2022-10-10,1543,7378831,1253,6438288,14,591363,174,3419393,120,500555,333,3938209,15204,379913,16508,13921.14,18686591,14386730,0
2022-10-11,1632,7380463,1102,6439390,19,591382,181,3419574,153,500708,390,3938599,14321,394234,15855,14072.14,18702446,14387930,0
2022-10-12,1862,7382325,1324,6440714,17,591399,135,3419709,186,500894,387,3938986,16283,410517,17889,14243.14,18720335,14389215,0
2022-10-13,1612,7383937,1149,6441863,28,591427,136,3419845,201,501095,408,3939394,14035,424552,15572,14093.71,18735907,14390415,0
2022-10-14,1811,7385748,1538,6443401,25,591452,130,3419975,181,501276,364,3939758,17209,441761,19192,14110.86,18755099,14392087,0
2022-10-15,764,7386512,638,6444039,9,591461,93,3420068,68,501344,182,3939940,7617,449378,8477,14087.43,18763576,14392786,0
2022-10-16,562,7387074,411,6444450,3,591464,26,3420094,65,501409,122,3940062,4726,454104,5169,14094.57,18768745,14393138,0
2022-10-17,1815,7388889,1251,6445701,18,591482,83,3420177,116,501525,236,3940298,16074,470178,17395,14221.29,18786140,14394260,0
2022-10-18,1682,7390571,1172,6446873,20,591502,100,3420277,135,501660,282,3940580,14639,484817,16011,14243.57,18802151,14395397,0
2022-10-19,2085,7392656,1331,6448204,21,591523,84,3420361,142,501802,289,3940869,16232,501049,17705,14217.29,18819856,14396644,0
2022-10-20,1681,7394337,1168,6449372,11,591534,89,3420450,147,501949,303,3941172,15403,516452,16852,14400.14,18836708,14397857,0
2022-10-21,1797,7396134,1346,6450718,12,591546,92,3420542,150,502099,297,3941469,16736,533188,18405,14287.71,18855113,14399284,0
2022-10-22,740,7396874,666,6451384,9,591555,44,3420586,46,502145,100,3941569,7690,540878,8419,14279.43,18863532,14399923,0
2022-10-23,520,7397394,370,6451754,3,591558,21,3420607,39,502184,69,3941638,4804,545682,5081,14266.86,18868613,14400140,0
2022-10-24,1739,7399133,1207,6452961,19,591577,70,3420677,111,502295,223,3941861,15558,561240,16843,14188,18885456,14401244,0
2022-10-25,1658,7400791,1186,6454147,12,591589,95,3420772,109,502404,233,3942094,15039,576279,16344,14235.57,18901800,14402345,0
2022-10-26,1852,7402643,1331,6455478,11,591600,90,3420862,168,502572,334,3942428,16818,593097,18288,14318.86,18920088,14403557,0
2022-10-27,1578,7404221,1075,6456553,13,591613,91,3420953,127,502699,271,3942699,15116,608213,16414,14256.29,18936502,14404637,0
2022-10-28,1697,7405918,1426,6457979,17,591630,108,3421061,153,502852,320,3943019,16763,624976,18578,14281,18955080,14406191,0
2022-10-29,693,7406611,544,6458523,9,591639,69,3421130,58,502910,141,3943160,7748,632724,8418,14280.86,18963498,14406734,0
2022-10-30,519,7407130,306,6458829,3,591642,19,3421149,57,502967,92,3943252,4491,637215,4779,14237.71,18968277,14406946,0
2022-10-31,1674,7408804,1108,6459937,8,591650,48,3421197,126,503093,217,3943469,14595,651810,15541,14051.71,18983818,14407718,0
2022-11-01,1664,7410468,1020,6460957,18,591668,78,3421275,128,503221,238,3943707,13620,665430,14936,13850.57,18998754,14408828,0
2022-11-02,1731,7412199,1119,6462076,17,591685,90,3421365,123,503344,255,3943962,14874,680304,16146,13544.57,19014900,14409887,0
2022-11-03,1417,7413616,1034,6463110,14,591699,84,3421449,167,503511,328,3944290,12623,692927,13904,13186,19028804,14410917,0
2022-11-04,1735,7415351,1215,6464325,14,591713,101,3421550,139,503650,275,3944565,15432,708359,17030,12964.86,19045834,14412275,0
2022-11-05,824,7416175,529,6464854,6,591719,66,3421616,82,503732,162,3944727,7045,715404,7758,12870.57,19053592,14412840,0
2022-11-06,406,7416581,329,6465183,4,591723,20,3421636,50,503782,107,3944834,4072,719476,4412,12818.14,19058004,14413110,0
2022-11-07,1638,7418219,1065,6466248,14,591737,75,3421711,101,503883,213,3945047,13220,732696,14382,12652.57,19072386,14414096,0
2022-11-08,1529,7419748,1009,6467257,8,591745,97,3421808,132,504015,270,3945317,12070,744766,13334,12423.71,19085720,14415131,0
2022-11-09,1566,7421314,1058,6468315,9,591754,86,3421894,114,504129,247,3945564,12189,756955,13454,12039.14,19099174,14416196,0
2022-11-10,1483,7422797,1013,6469328,14,591768,73,3421967,147,504276,276,3945840,12354,769309,13630,12000,19112804,14417252,0
2022-11-11,1499,7424296,1073,6470401,11,591779,101,3422068,102,504378,224,3946064,12874,782183,14300,11610,19127104,14418475,0
2022-11-12,669,7424965,513,6470914,2,591781,57,3422125,61,504439,128,3946192,6430,788613,7049,11508.71,19134153,14418976,0
2022-11-13,495,7425460,339,6471253,4,591785,15,3422140,68,504507,98,3946290,3893,792506,4210,11479.86,19138363,14419210,0
2022-11-14,1440,7426900,1023,6472276,19,591804,59,3422199,113,504620,203,3946493,11629,804135,12742,11245.57,19151105,14420151,0
2022-11-15,1491,7428391,1000,6473276,15,591819,103,3422302,165,504785,294,3946787,11274,815409,12655,11148.57,19163760,14421264,0
2022-11-16,1596,7429987,1032,6474308,21,591840,66,3422368,146,504931,248,3947035,11563,826972,12811,11056.71,19176571,14422300,0
2022-11-17,1420,7431407,977,6475285,10,591850,72,3422440,189,505120,302,3947337,10539,837511,11869,10805.14,19188440,14423369,0
2022-11-18,1581,7432988,1102,6476387,12,591862,68,3422508,118,505238,216,3947553,12403,849914,13994,10761.43,19202434,14424774,0
2022-11-19,677,7433665,436,6476823,4,591866,57,3422565,63,505301,129,3947682,5911,855825,6568,10692.71,19209002,14425311,0
2022-11-20,475,7434140,303,6477126,4,591870,12,3422577,35,505336,64,3947746,3538,859363,3838,10639.57,19212840,14425564,0
2022-11-21,1515,7435655,920,6478046,4,591874,51,3422628,81,505417,149,3947895,10391,869754,11367,10443.14,19224207,14426408,0
2022-11-22,1271,7436926,816,6478862,7,591881,53,3422681,92,505509,163,3948058,9264,879018,10292,10105.57,19234499,14427291,0
2022-11-23,1287,7438213,733,6479595,11,591892,64,3422745,80,505589,170,3948228,8673,887691,9612,9648.57,19244111,14428086,0
2022-11-24,18,7438231,10,6479605,2,591894,0,3422745,6,505595,8,3948236,112,887803,137,7972.57,19244248,14428105,0
2022-11-25,679,7438910,475,6480080,14,591908,37,3422782,55,505650,111,3948347,5683,893486,6420,6890.57,19250668,14428750,0
2022-11-26,591,7439501,378,6480458,2,591910,15,3422797,43,505693,62,3948409,4896,898382,5331,6713.86,19255999,14429127,0
2022-11-27,395,7439896,219,6480677,1,591911,11,3422808,23,505716,49,3948458,3171,901553,3353,6644.57,19259352,14429275,0
2022-11-28,947,7440843,698,6481375,10,591921,59,3422867,65,505781,145,3948603,6950,908503,7918,6151.86,19267270,14430119,0
2022-11-29,925,7441768,709,6482084,8,591929,46,3422913,72,505853,143,3948746,6928,915431,7964,5819.29,19275234,14431037,0
2022-11-30,1209,7442977,866,6482950,16,591945,51,3422964,54,505907,124,3948870,8724,924155,9733,5836.57,19284967,14431941,0
2022-12-01,1128,7444105,770,6483720,13,591958,61,3423025,96,506003,183,3949053,8468,932623,9540,7179.86,19294507,14432856,0
2022-12-02,1314,7445419,971,6484691,14,591972,70,3423095,105,506108,195,3949248,10217,942840,11543,7911.71,19306050,14434007,0
2022-12-03,613,7446032,424,6485115,12,591984,42,3423137,42,506150,87,3949335,4951,947791,5478,7932.71,19311528,14434450,0
2022-12-04,418,7446450,284,6485399,4,591988,7,3423144,26,506176,40,3949375,3269,951060,3496,7953.14,19315024,14434644,0
2022-12-05,1161,7447611,765,6486164,15,592003,62,3423206,71,506247,149,3949524,8600,959660,9610,8194.86,19324634,14435521,0
2022-12-06,1162,7448773,766,6486930,13,592016,69,3423275,89,506336,176,3949700,8129,967789,9128,8361.14,19333762,14436362,0
2022-12-07,1206,7449979,753,6487683,12,592028,62,3423337,81,506417,163,3949863,8297,976086,9315,8301.43,19343077,14437237,0
2022-12-08,1101,7451080,742,6488425,14,592042,69,3423406,77,506494,166,3950029,8672,984758,9703,8324.71,19352780,14438122,0
2022-12-09,1228,7452308,973,6489398,13,592055,81,3423487,103,506597,210,3950239,10407,995165,11773,8357.57,19364553,14439304,0
2022-12-10,677,7452985,460,6489858,7,592062,36,3423523,74,506671,128,3950367,6145,1001310,6713,8534,19371266,14439762,0
2022-12-11,431,7453416,263,6490121,4,592066,11,3423534,35,506706,56,3950423,3683,1004993,3885,8589.57,19375151,14439918,0
2022-12-12,1334,7454750,803,6490924,19,592085,78,3423612,105,506811,209,3950632,9970,1014963,11018,8790.71,19386169,14440783,0
2022-12-13,1273,7456023,843,6491767,17,592102,54,3423666,101,506912,190,3950822,9695,1024658,10752,9022.71,19396921,14441685,0
2022-12-14,1194,7457217,830,6492597,12,592114,67,3423733,99,507011,193,3951015,9636,1034294,10617,9208.71,19407538,14442500,0
2022-12-15,1192,7458409,694,6493291,11,592125,60,3423793,109,507120,184,3951199,8443,1042737,9413,9167.29,19416951,14443301,0
2022-12-16,1203,7459612,804,6494095,12,592137,69,3423862,126,507246,217,3951416,9357,1052094,10532,8990,19427483,14444281,0
2022-12-17,651,7460263,464,6494559,8,592145,31,3423893,36,507282,80,3951496,5831,1057925,6305,8931.71,19433788,14444688,0
2022-12-18,439,7460702,231,6494790,2,592147,15,3423908,23,507305,48,3951544,3402,1061327,3609,8892.29,19437397,14444857,0
2022-12-19,1222,7461924,775,6495565,8,592155,56,3423964,84,507389,154,3951698,8907,1070234,9842,8724.29,19447239,14445652,0
2022-12-20,1208,7463132,762,6496327,18,592173,83,3424047,138,507527,277,3951975,8584,1078818,9717,8576.43,19456956,14446564,0
2022-12-21,1091,7464223,695,6497022,16,592189,54,3424101,95,507622,180,3952155,8281,1087099,9157,8367.86,19466113,14447291,0
2022-12-22,988,7465211,589,6497611,4,592193,44,3424145,73,507695,134,3952289,6940,1094039,7674,8119.43,19473787,14447908,0
2022-12-23,832,7466043,503,6498114,11,592204,41,3424186,58,507753,112,3952401,5915,1099954,6521,7546.43,19480308,14448415,0
2022-12-24,190,7466233,113,6498227,1,592205,2,3424188,15,507768,20,3952421,1377,1101331,1496,6859.43,19481804,14448517,0
2022-12-25,8,7466241,3,6498230,0,592205,2,3424190,0,507768,2,3952423,29,1101360,37,6349.14,19481841,14448523,0
2022-12-26,572,7466813,269,6498499,16,592221,19,3424209,22,507790,44,3952467,3306,1104666,3617,5459.86,19485458,14448793,0
2022-12-27,1085,7467898,607,6499106,13,592234,56,3424265,60,507850,125,3952592,7236,1111902,8036,5219.71,19493494,14449477,0
2022-12-28,1062,7468960,562,6499668,8,592242,58,3424323,64,507914,132,3952724,6989,1118891,7785,5023.71,19501279,14450151,0
2022-12-29,1011,7469971,585,6500253,9,592251,50,3424373,90,508004,163,3952887,6592,1125483,7424,4988,19508703,14450843,0
2022-12-30,950,7470921,538,6500791,9,592260,49,3424422,50,508054,109,3952996,6133,1131616,6859,5036.29,19515562,14451470,0
2022-12-31,307,7471228,168,6500959,4,592264,17,3424439,10,508064,30,3953026,1813,1133429,1991,5107,19517553,14451621,0
2023-01-01,22,7471250,9,6500968,0,592264,3,3424442,5,508069,8,3953034,59,1133488,89,5114.43,19517642,14451643,0
2023-01-02,654,7471904,329,6501297,10,592274,14,3424456,24,508093,44,3953078,3655,1137143,4003,5169.57,19521645,14451953,0
2023-01-03,968,7472872,594,6501891,9,592283,42,3424498,58,508151,112,3953190,5480,1142623,6271,4917.43,19527916,14452644,0
2023-01-04,1106,7473978,677,6502568,17,592300,52,3424550,63,508214,133,3953323,6179,1148802,7059,4813.71,19534975,14453409,0
2023-01-05,1009,7474987,590,6503158,23,592323,36,3424586,89,508303,144,3953467,5768,1154570,6701,4710.43,19541676,14454217,0
2023-01-06,1053,7476040,779,6503937,17,592340,49,3424635,81,508384,141,3953608,6500,1161070,7552,4809.43,19549228,14455139,0
2023-01-07,601,7476641,430,6504367,8,592348,23,3424658,34,508418,63,3953671,4454,1165524,4914,5227,19554142,14455542,0
2023-01-08,375,7477016,246,6504613,4,592352,12,3424670,29,508447,45,3953716,2560,1168084,2770,5610,19556912,14455711,0
2023-01-09,955,7477971,582,6505195,17,592369,52,3424722,41,508488,102,3953818,5608,1173692,6451,5959.71,19563363,14456461,0
2023-01-10,860,7478831,645,6505840,8,592377,49,3424771,85,508573,151,3953969,5342,1179034,6252,5957,19569615,14457237,0
2023-01-11,879,7479710,550,6506390,21,592398,46,3424817,68,508641,137,3954106,5165,1184199,5978,5802.57,19575593,14457936,0
2023-01-12,778,7480488,494,6506884,24,592422,54,3424871,121,508762,198,3954304,4535,1188734,5481,5628.29,19581074,14458707,0
2023-01-13,800,7481288,557,6507441,11,592433,69,3424940,58,508820,143,3954447,5376,1194110,6265,5444.43,19587339,14459469,0
2023-01-14,509,7481797,280,6507721,10,592443,27,3424967,31,508851,60,3954507,3228,1197338,3632,5261.29,19590971,14459815,0
2023-01-15,285,7482082,152,6507873,6,592449,16,3424983,23,508874,54,3954561,1792,1199130,1997,5150.86,19592968,14459981,0
2023-01-16,500,7482582,308,6508181,11,592460,32,3425015,27,508901,64,3954625,2776,1201906,3213,4688.29,19596181,14460359,0
2023-01-17,804,7483386,476,6508657,19,592479,49,3425064,73,508974,135,3954760,3832,1205738,4700,4466.57,19600881,14461105,0
2023-01-18,800,7484186,478,6509135,16,592495,48,3425112,60,509034,116,3954876,3733,1209471,4540,4261.14,19605421,14461804,0
2023-01-19,658,7484844,430,6509565,6,592501,50,3425162,34,509068,103,3954979,3168,1212639,3915,4037.43,19609336,14462467,0
2023-01-20,708,7485552,489,6510054,23,592524,40,3425202,39,509107,86,3955065,3746,1216385,4533,3790,19613869,14463175,0
2023-01-21,370,7485922,197,6510251,12,592536,20,3425222,12,509119,33,3955098,1894,1218279,2206,3586.29,19616075,14463455,0
2023-01-22,226,7486148,62,6510313,5,592541,0,3425222,2,509121,3,3955101,863,1219142,969,3439.43,19617044,14463559,0
2023-01-23,642,7486790,329,6510642,12,592553,14,3425236,45,509166,66,3955167,2707,1221849,3370,3461.86,19620414,14464163,0
2023-01-24,576,7487366,393,6511035,17,592570,38,3425274,34,509200,85,3955252,3058,1224907,3710,3320.43,19624124,14464743,0
2023-01-25,602,7487968,364,6511399,21,592591,32,3425306,41,509241,85,3955337,2708,1227615,3385,3155.43,19627509,14465347,0
2023-01-26,557,7488525,353,6511752,18,592609,35,3425341,51,509292,102,3955439,2696,1230311,3359,3076,19630868,14465924,0
2023-01-27,565,7489090,437,6512189,11,592620,35,3425376,49,509341,91,3955530,2821,1233132,3559,2936.86,19634427,14466578,0
2023-01-28,360,7489450,187,6512376,5,592625,24,3425400,39,509380,70,3955600,1589,1234721,1928,2897.14,19636355,14466854,0
2023-01-29,237,7489687,117,6512493,3,592628,13,3425413,10,509390,27,3955627,991,1235712,1144,2922.14,19637499,14466984,0
2023-01-30,600,7490287,401,6512894,18,592646,40,3425453,36,509426,79,3955706,2504,1238216,3227,2901.71,19640726,14467631,0
2023-01-31,512,7490799,356,6513250,12,592658,31,3425484,49,509475,92,3955798,2439,1240655,3070,2810.29,19643796,14468182,0
2023-02-01,485,7491284,340,6513590,16,592674,40,3425524,44,509519,92,3955890,2327,1242982,2973,2751.43,19646769,14468744,0
2023-02-02,462,7491746,350,6513940,13,592687,34,3425558,35,509554,77,3955967,2156,1245138,2778,2668.43,19649547,14469297,0
2023-02-03,543,7492289,394,6514334,14,592701,27,3425585,35,509589,69,3956036,2363,1247501,3068,2598.29,19652615,14469940,0
2023-02-04,243,7492532,158,6514492,12,592713,14,3425599,16,509605,31,3956067,1141,1248642,1404,2523.43,19654019,14470173,0
2023-02-05,201,7492733,97,6514589,0,592713,3,3425602,16,509621,21,3956088,855,1249497,975,2499.29,19654994,14470274,0
2023-02-06,598,7493331,314,6514903,9,592722,29,3425631,27,509648,65,3956153,2253,1251750,2831,2442.71,19657825,14470796,0
2023-02-07,480,7493811,362,6515265,5,592727,28,3425659,35,509683,71,3956224,2337,1254087,2937,2423.71,19660762,14471333,0
2023-02-08,456,7494267,321,6515586,4,592731,27,3425686,36,509719,69,3956293,2317,1256404,2882,2410.71,19663644,14471835,0
2023-02-09,475,7494742,350,6515936,3,592734,38,3425724,46,509765,98,3956391,2057,1258461,2712,2401.29,19666356,14472406,0
2023-02-10,496,7495238,389,6516325,2,592736,30,3425754,33,509798,87,3956478,2278,1260739,2968,2387,19669324,14473033,0
2023-02-11,294,7495532,197,6516522,7,592743,22,3425776,25,509823,48,3956526,1345,1262084,1663,2424,19670987,14473304,0
2023-02-12,184,7495716,81,6516603,0,592743,6,3425782,0,509823,10,3956536,707,1262791,820,2401.86,19671807,14473411,0
2023-02-13,443,7496159,293,6516896,4,592747,21,3425803,26,509849,51,3956587,1758,1264549,2321,2329,19674128,14473927,0
2023-02-14,401,7496560,272,6517168,6,592753,30,3425833,22,509871,57,3956644,1695,1266244,2226,2227.43,19676354,14474406,0
2023-02-15,405,7496965,290,6517458,10,592763,24,3425857,28,509899,64,3956708,1746,1267990,2264,2139.14,19678618,14474872,0
2023-02-16,361,7497326,244,6517702,6,592769,26,3425883,19,509918,50,3956758,1630,1269620,2107,2052.71,19680725,14475304,0
2023-02-17,398,7497724,312,6518014,6,592775,24,3425907,32,509950,63,3956821,1696,1271316,2267,1952.57,19682992,14475819,0
2023-02-18,199,7497923,117,6518131,5,592780,13,3425920,4,509954,18,3956839,1005,1272321,1191,1885.14,19684183,14475988,0
2023-02-19,120,7498043,55,6518186,2,592782,6,3425926,6,509960,14,3956853,540,1272861,611,1855.29,19684794,14476047,0
2023-02-20,315,7498358,160,6518346,3,592785,10,3425936,17,509977,28,3956881,1160,1274021,1426,1727.43,19686220,14476286,0
2023-02-21,378,7498736,286,6518632,5,592790,25,3425961,34,510011,64,3956945,1535,1275556,2073,1705.57,19688293,14476765,0
2023-02-22,406,7499142,278,6518910,8,592798,39,3426000,26,510037,69,3957014,1641,1277197,2181,1693.71,19690474,14477240,0
2023-02-23,388,7499530,252,6519162,10,592808,26,3426026,31,510068,71,3957085,1480,1278677,2025,1682,19692499,14477728,0
2023-02-24,366,7499896,324,6519486,4,592812,30,3426056,26,510094,63,3957148,1738,1280415,2298,1686.43,19694797,14478232,0
2023-02-25,163,7500059,122,6519608,2,592814,10,3426066,13,510107,25,3957173,778,1281193,973,1655.29,19695770,14478404,0
2023-02-26,92,7500151,49,6519657,0,592814,8,3426074,5,510112,17,3957190,472,1281665,539,1645,19696309,14478458,0
2023-02-27,376,7500527,300,6519957,4,592818,32,3426106,20,510132,55,3957245,1495,1283160,2015,1729.14,19698324,14478926,0
2023-02-28,356,7500883,239,6520196,8,592826,30,3426136,27,510159,62,3957307,1334,1284494,1817,1692.57,19700141,14479352,0
2023-03-01,387,7501270,291,6520487,7,592833,25,3426161,20,510179,51,3957358,1444,1285938,1982,1664.14,19702123,14479845,0
2023-03-02,375,7501645,293,6520780,11,592844,20,3426181,23,510202,50,3957408,1331,1287269,1876,1642.86,19703999,14480347,0
2023-03-03,404,7502049,317,6521097,10,592854,26,3426207,25,510227,58,3957466,1601,1288870,2195,1628.14,19706194,14480890,0
2023-03-04,199,7502248,123,6521220,4,592858,10,3426217,16,510243,28,3957494,799,1289669,1033,1636.71,19707227,14481098,0
2023-03-05,125,7502373,60,6521280,2,592860,4,3426221,6,510249,14,3957508,464,1290133,558,1639.43,19707785,14481182,0
2023-03-06,408,7502781,263,6521543,12,592872,22,3426243,16,510265,41,3957549,1385,1291518,1894,1622.14,19709679,14481653,0
2023-03-07,361,7503142,245,6521788,6,592878,22,3426265,30,510295,61,3957610,1306,1292824,1772,1615.71,19711451,14482067,0
2023-03-08,370,7503512,244,6522032,3,592881,35,3426300,30,510325,69,3957679,1353,1294177,1849,1596.71,19713300,14482498,0
2023-03-09,360,7503872,245,6522277,4,592885,16,3426316,24,510349,46,3957725,1265,1295442,1753,1579.14,19715053,14482946,0
2023-03-10,303,7504175,282,6522559,3,592888,10,3426326,20,510369,38,3957763,1397,1296839,1852,1530.14,19716905,14483371,0
2023-03-11,187,7504362,88,6522647,3,592891,18,3426344,4,510373,23,3957786,687,1297526,872,1507.14,19717777,14483534,0
2023-03-12,109,7504471,47,6522694,1,592892,4,3426348,7,510380,17,3957803,435,1297961,517,1501.29,19718294,14483605,0
2023-03-13,333,7504804,201,6522895,7,592899,11,3426359,13,510393,25,3957828,1129,1299090,1524,1448.43,19719818,14483976,0
2023-03-14,285,7505089,184,6523079,5,592904,15,3426374,11,510404,32,3957860,1065,1300155,1418,1397.86,19721236,14484303,0
2023-03-15,331,7505420,271,6523350,3,592907,9,3426383,13,510417,23,3957883,1231,1301386,1683,1374.14,19722919,14484733,0
2023-03-16,302,7505722,246,6523596,9,592916,14,3426397,15,510432,35,3957918,1164,1302550,1592,1351.14,19724511,14485132,0
2023-03-17,327,7506049,266,6523862,5,592921,20,3426417,8,510440,29,3957947,1278,1303828,1710,1330.86,19726221,14485536,0
2023-03-18,159,7506208,100,6523962,2,592923,8,3426425,5,510445,14,3957961,672,1304500,841,1326.43,19727062,14485692,0
2023-03-19,114,7506322,56,6524018,1,592924,3,3426428,3,510448,9,3957970,366,1304866,451,1317,19727513,14485771,0
2023-03-20,343,7506665,214,6524232,7,592931,29,3426457,15,510463,45,3958015,1219,1306085,1617,1330.29,19729130,14486125,0
2023-03-21,342,7507007,191,6524423,7,592938,23,3426480,18,510481,43,3958058,1126,1307211,1534,1346.86,19730664,14486492,0
2023-03-22,316,7507323,226,6524649,6,592944,12,3426492,11,510492,25,3958083,1131,1308342,1530,1325,19732194,14486868,0
2023-03-23,272,7507595,203,6524852,1,592945,21,3426513,12,510504,37,3958120,1017,1309359,1413,1299.43,19733607,14487231,0
2023-03-24,312,7507907,256,6525108,8,592953,19,3426532,19,510523,41,3958161,1129,1310488,1594,1282.86,19735201,14487658,0
2023-03-25,131,7508038,117,6525225,1,592954,9,3426541,9,510532,18,3958179,592,1311080,741,1268.57,19735942,14487789,0
2023-03-26,92,7508130,44,6525269,2,592956,4,3426545,4,510536,9,3958188,390,1311470,452,1268.71,19736394,14487843,0
2023-03-27,283,7508413,233,6525502,3,592959,14,3426559,11,510547,26,3958214,1012,1312482,1408,1238.86,19737802,14488214,0
2023-03-28,283,7508696,182,6525684,10,592969,20,3426579,9,510556,32,3958246,1018,1313500,1373,1215.86,19739175,14488540,0
2023-03-29,298,7508994,187,6525871,5,592974,13,3426592,9,510565,22,3958268,1076,1314576,1435,1202.29,19740610,14488877,0
2023-03-30,259,7509253,185,6526056,2,592976,17,3426609,10,510575,31,3958299,979,1315555,1326,1189.86,19741936,14489197,0
2023-03-31,296,7509549,260,6526316,7,592983,23,3426632,20,510595,44,3958343,1031,1316586,1493,1175.43,19743429,14489616,0
2023-04-01,122,7509671,66,6526382,3,592986,8,3426640,5,510600,15,3958358,528,1317114,659,1163.71,19744088,14489734,0
2023-04-02,92,7509763,35,6526417,0,592986,5,3426645,3,510603,10,3958368,273,1317387,340,1147.71,19744428,14489793,0
2023-04-03,277,7510040,157,6526574,8,592994,19,3426664,15,510618,40,3958408,896,1318283,1216,1120.29,19745644,14490079,0
2023-04-04,284,7510324,192,6526766,3,592997,13,3426677,10,510628,26,3958434,870,1319153,1223,1098.86,19746867,14490409,0
2023-04-05,269,7510593,155,6526921,8,593005,17,3426694,7,510635,27,3958461,989,1320142,1283,1077.14,19748150,14490679,0
2023-04-06,343,7510936,161,6527082,9,593014,17,3426711,5,510640,22,3958483,985,1321127,1320,1076.29,19749470,14490992,0
2023-04-07,246,7511182,146,6527228,5,593019,12,3426723,9,510649,21,3958504,752,1321879,1049,1012.86,19750519,14491268,0
2023-04-08,172,7511354,105,6527333,1,593020,5,3426728,10,510659,16,3958520,554,1322433,696,1018.14,19751215,14491395,0
2023-04-09,68,7511422,23,6527356,0,593020,0,3426728,4,510663,4,3958524,204,1322637,246,1004.71,19751461,14491433,0
2023-04-10,284,7511706,180,6527536,6,593026,19,3426747,9,510672,28,3958552,890,1323527,1217,1004.86,19752678,14491732,0
2023-04-11,272,7511978,153,6527689,5,593031,15,3426762,9,510681,28,3958580,913,1324440,1218,1004.14,19753896,14492013,0
2023-04-12,288,7512266,166,6527855,5,593036,15,3426777,8,510689,25,3958605,826,1325266,1178,989.14,19755074,14492342,0
2023-04-13,249,7512515,137,6527992,8,593044,13,3426790,7,510696,21,3958626,845,1326111,1149,964.71,19756223,14492626,0
2023-04-14,242,7512757,198,6528190,2,593046,6,3426796,10,510706,18,3958644,853,1326964,1179,983.29,19757402,14492936,0
2023-04-15,121,7512878,95,6528285,6,593052,3,3426799,7,510713,11,3958655,408,1327372,556,963.29,19757958,14493074,0
2023-04-16,76,7512954,31,6528316,0,593052,0,3426799,1,510714,1,3958656,266,1327638,307,972,19758265,14493114,0
2023-04-17,231,7513185,140,6528456,3,593055,7,3426806,3,510717,11,3958667,713,1328351,994,940.14,19759259,14493385,0
2023-04-18,217,7513402,127,6528583,6,593061,9,3426815,10,510727,22,3958689,754,1329105,984,906.71,19760243,14493596,0
2023-04-19,198,7513600,112,6528695,5,593066,7,3426822,9,510736,16,3958705,923,1330028,1080,892.71,19761323,14493737,0
2023-04-20,231,7513831,140,6528835,2,593068,14,3426836,19,510755,38,3958743,1277,1331305,1444,934.86,19762767,14493871,0
2023-04-21,232,7514063,135,6528970,6,593074,14,3426850,9,510764,29,3958772,1757,1333062,1882,1035.29,19764649,14493973,0
2023-04-22,109,7514172,58,6529028,3,593077,8,3426858,4,510768,13,3958785,948,1334010,1012,1100.43,19765661,14494025,0
2023-04-23,73,7514245,46,6529074,1,593078,1,3426859,2,510770,4,3958789,601,1334611,628,1146.29,19766289,14494049,0
2023-04-24,236,7514481,147,6529221,2,593080,11,3426870,7,510777,22,3958811,1790,1336401,1899,1275.57,19768188,14494140,0
2023-04-25,248,7514729,140,6529361,6,593086,12,3426882,11,510788,27,3958838,1789,1338190,1892,1405.29,19770080,14494220,0
2023-04-26,221,7514950,128,6529489,5,593091,7,3426889,5,510793,21,3958859,1650,1339840,1726,1497.57,19771806,14494284,0
2023-04-27,280,7515230,159,6529648,1,593092,11,3426900,17,510810,45,3958904,1810,1341650,1913,1564.57,19773719,14494359,0
2023-04-28,251,7515481,173,6529821,2,593094,11,3426911,16,510826,35,3958939,2028,1343678,2116,1598,19775835,14494420,0
2023-04-29,142,7515623,63,6529884,2,593096,5,3426916,6,510832,12,3958951,910,1344588,967,1591.57,19776802,14494466,0
2023-04-30,97,7515720,27,6529911,1,593097,6,3426922,3,510835,10,3958961,546,1345134,567,1582.86,19777369,14494478,0
2023-05-01,309,7516029,152,6530063,2,593099,12,3426934,9,510844,23,3958984,1922,1347056,2014,1599.29,19779383,14494549,0
2023-05-02,251,7516280,137,6530200,3,593102,11,3426945,6,510850,21,3959005,1780,1348836,1835,1591.14,19781218,14494587,0
2023-05-03,257,7516537,142,6530342,1,593103,14,3426959,10,510860,26,3959031,1738,1350574,1815,1603.86,19783033,14494640,0
2023-05-04,238,7516775,155,6530497,0,593103,13,3426972,8,510868,28,3959059,1975,1352549,2048,1623.14,19785081,14494692,0
2023-05-05,303,7517078,157,6530654,1,593104,6,3426978,11,510879,19,3959078,2122,1354671,2175,1631.57,19787256,14494728,0
2023-05-06,132,7517210,74,6530728,0,593104,13,3426991,8,510887,24,3959102,970,1355641,1033,1641,19788289,14494770,0
2023-05-07,77,7517287,34,6530762,0,593104,0,3426991,6,510893,7,3959109,626,1356267,641,1651.57,19788930,14494779,0
2023-05-08,266,7517553,140,6530902,0,593104,8,3426999,10,510903,19,3959128,1994,1358261,2049,1656.57,19790979,14494816,0
2023-05-09,259,7517812,122,6531024,0,593104,5,3427004,4,510907,18,3959146,1744,1360005,1787,1649.71,19792766,14494850,0
2023-05-10,245,7518057,123,6531147,1,593105,6,3427010,13,510920,26,3959172,1887,1361892,1950,1669,19794716,14494894,0
2023-05-11,228,7518285,127,6531274,1,593106,11,3427021,23,510943,41,3959213,1817,1363709,1892,1646.71,19796608,14494935,0
2023-05-12,166,7518451,122,6531396,1,593107,5,3427026,10,510953,26,3959239,1556,1365265,1600,1564.57,19798208,14494964,0
2023-05-13,98,7518549,48,6531444,0,593107,1,3427027,4,510957,8,3959247,700,1365965,725,1520.57,19798933,14494984,0
2023-05-14,59,7518608,20,6531464,0,593107,2,3427029,0,510957,3,3959250,362,1366327,372,1482.14,19799305,14494992,0
2023-05-15,210,7518818,120,6531584,0,593107,4,3427033,8,510965,18,3959268,1448,1367775,1508,1404.86,19800813,14495040,0
2023-05-16,250,7519068,100,6531684,0,593107,6,3427039,7,510972,15,3959283,1347,1369122,1397,1349.14,19802210,14495077,0
2023-05-17,210,7519278,101,6531785,0,593107,4,3427043,4,510976,12,3959295,1406,1370528,1452,1278,19803662,14495115,0
2023-05-18,221,7519499,99,6531884,0,593107,12,3427055,13,510989,32,3959327,1258,1371786,1320,1196.29,19804982,14495152,0
2023-05-19,194,7519693,121,6532005,0,593107,9,3427064,10,510999,28,3959355,1491,1373277,1542,1188,19806524,14495184,0
2023-05-20,126,7519819,39,6532044,0,593107,4,3427068,5,511004,10,3959365,686,1373963,715,1186.57,19807239,14495204,0
2023-05-21,62,7519881,16,6532060,0,593107,2,3427070,1,511005,4,3959369,350,1374313,360,1184.86,19807599,14495211,0
2023-05-22,221,7520102,94,6532154,0,593107,4,3427074,3,511008,7,3959376,1301,1375614,1327,1159,19808926,14495230,0
2023-05-23,213,7520315,100,6532254,0,593107,12,3427086,6,511014,21,3959397,1240,1376854,1298,1144.86,19810224,14495270,0
2023-05-24,218,7520533,117,6532371,2,593109,11,3427097,8,511022,25,3959422,1224,1378078,1277,1119.86,19811501,14495304,0
2023-05-25,186,7520719,90,6532461,1,593110,4,3427101,6,511028,15,3959437,1205,1379283,1235,1107.71,19812736,14495324,0
2023-05-26,179,7520898,129,6532590,0,593110,8,3427109,6,511034,17,3959454,1224,1380507,1271,1069,19814007,14495357,0
2023-05-27,108,7521006,44,6532634,0,593110,5,3427114,6,511040,15,3959469,532,1381039,564,1047.43,19814571,14495378,0
2023-05-28,52,7521058,13,6532647,1,593111,0,3427114,0,511040,0,3959469,310,1381349,315,1041,19814886,14495383,0
2023-05-29,11,7521069,5,6532652,0,593111,1,3427115,0,511040,1,3959470,61,1381410,65,860.71,19814951,14495386,0
2023-05-30,221,7521290,104,6532756,0,593111,4,3427119,2,511042,8,3959478,1236,1382646,1267,856.29,19816218,14495411,0
2023-05-31,182,7521472,107,6532863,0,593111,8,3427127,2,511044,13,3959491,1116,1383762,1145,837.43,19817363,14495430,0
2023-06-01,182,7521654,83,6532946,1,593112,1,3427128,6,511050,8,3959499,1154,1384916,1176,829,19818539,14495445,0
2023-06-02,228,7521882,94,6533040,0,593112,8,3427136,2,511052,10,3959509,1160,1386076,1190,817.43,19819729,14495465,0
2023-06-03,89,7521971,33,6533073,0,593112,1,3427137,0,511052,1,3959510,547,1386623,562,817.14,19820291,14495479,0
2023-06-04,66,7522037,14,6533087,0,593112,2,3427139,3,511055,5,3959515,304,1386927,315,817.14,19820606,14495485,0
2023-06-05,202,7522239,88,6533175,0,593112,4,3427143,4,511059,12,3959527,1104,1388031,1136,970.14,19821742,14495509,0
2023-06-06,168,7522407,93,6533268,0,593112,8,3427151,3,511062,13,3959540,1004,1389035,1029,936.14,19822771,14495523,0
2023-06-07,175,7522582,93,6533361,2,593114,7,3427158,7,511069,15,3959555,971,1390006,1002,915.71,19823773,14495540,0
2023-06-08,178,7522760,73,6533434,1,593115,4,3427162,10,511079,14,3959569,817,1390823,849,869,19824622,14495558,0
2023-06-09,165,7522925,97,6533531,0,593115,11,3427173,10,511089,24,3959593,1016,1391839,1056,849.86,19825678,14495577,0
2023-06-10,114,7523039,33,6533564,0,593115,2,3427175,2,511091,5,3959598,423,1392262,445,833.14,19826123,14495595,0
2023-06-11,54,7523093,13,6533577,0,593115,0,3427175,0,511091,0,3959598,251,1392513,258,825,19826381,14495602,0
2023-06-12,165,7523258,80,6533657,1,593116,8,3427183,1,511092,11,3959609,960,1393473,980,802.71,19827361,14495613,0
2023-06-13,173,7523431,84,6533741,0,593116,1,3427184,3,511095,4,3959613,912,1394385,926,788,19828287,14495623,0
2023-06-14,171,7523602,97,6533838,0,593116,9,3427193,1,511096,11,3959624,1010,1395395,1043,793.86,19829330,14495646,0
2023-06-15,157,7523759,82,6533920,2,593118,7,3427200,3,511099,11,3959635,962,1396357,983,813,19830313,14495657,0
2023-06-16,205,7523964,82,6534002,0,593118,3,3427203,0,511099,4,3959639,909,1397266,930,795,19831243,14495675,0
2023-06-17,81,7524045,22,6534024,0,593118,2,3427205,2,511101,5,3959644,400,1397666,413,790.43,19831656,14495684,0
2023-06-18,58,7524103,16,6534040,0,593118,1,3427206,0,511101,1,3959645,224,1397890,229,786.29,19831885,14495688,0
2023-06-19,99,7524202,34,6534074,0,593118,2,3427208,2,511103,5,3959650,631,1398521,639,737.57,19832524,14495692,0
2023-06-20,167,7524369,88,6534162,1,593119,5,3427213,1,511104,6,3959656,905,1399426,918,736.43,19833442,14495699,0
2023-06-21,156,7524525,74,6534236,0,593119,10,3427223,1,511105,12,3959668,873,1400299,899,715.86,19834341,14495714,0
2023-06-22,186,7524711,51,6534287,0,593119,5,3427228,2,511107,7,3959675,814,1401113,830,694,19835171,14495723,0
2023-06-23,150,7524861,75,6534362,0,593119,5,3427233,0,511107,7,3959682,793,1401906,807,676.43,19835978,14495732,0
2023-06-24,64,7524925,26,6534388,0,593119,1,3427234,3,511110,5,3959687,327,1402233,341,666.14,19836319,14495742,0
2023-06-25,37,7524962,10,6534398,0,593119,1,3427235,5,511115,6,3959693,172,1402405,193,661,19836512,14495757,0
2023-06-26,131,7525093,60,6534458,1,593120,9,3427244,1,511116,11,3959704,766,1403171,793,683,19837305,14495774,0
2023-06-27,128,7525221,62,6534520,0,593120,6,3427250,0,511116,7,3959711,710,1403881,730,656.14,19838035,14495788,0
2023-06-28,153,7525374,66,6534586,0,593120,7,3427257,2,511118,9,3959720,806,1404687,826,645.71,19838861,14495799,0
2023-06-29,158,7525532,63,6534649,0,593120,3,3427260,5,511123,8,3959728,750,1405437,770,637.14,19839631,14495811,0
2023-06-30,166,7525698,66,6534715,0,593120,3,3427263,4,511127,8,3959736,689,1406126,704,622.43,19840335,14495819,0
2023-07-01,55,7525753,26,6534741,0,593120,2,3427265,0,511127,2,3959738,287,1406413,300,616.57,19840635,14495830,0
2023-07-02,37,7525790,8,6534749,0,593120,0,3427265,0,511127,0,3959738,162,1406575,168,613,19840803,14495836,0
2023-07-03,123,7525913,51,6534800,0,593120,8,3427273,2,511129,10,3959748,571,1407146,589,583.86,19841392,14495844,0
2023-07-04,1,7525914,2,6534802,1,593121,0,3427273,0,511129,0,3959748,9,1407155,10,481,19841402,14495845,0
2023-07-05,141,7526055,48,6534850,1,593122,6,3427279,0,511129,6,3959754,610,1407765,620,451.57,19842022,14495849,0
2023-07-06,146,7526201,53,6534903,0,593122,6,3427285,2,511131,8,3959762,616,1408381,634,432.14,19842656,14495859,0
2023-07-07,158,7526359,77,6534980,0,593122,4,3427289,1,511132,6,3959768,685,1409066,695,430.86,19843351,14495864,0
2023-07-08,78,7526437,21,6535001,0,593122,1,3427290,4,511136,6,3959774,257,1409323,276,427.43,19843627,14495878,0
2023-07-09,23,7526460,7,6535008,0,593122,0,3427290,0,511136,0,3959774,115,1409438,115,419.86,19843742,14495878,0
2023-07-10,149,7526609,59,6535067,1,593123,3,3427293,1,511137,5,3959779,616,1410054,641,427.29,19844383,14495899,0
2023-07-11,129,7526738,64,6535131,0,593123,5,3427298,2,511139,7,3959786,606,1410660,622,514.71,19845005,14495908,0
2023-07-12,156,7526894,62,6535193,0,593123,2,3427300,1,511140,3,3959789,656,1411316,667,521.43,19845672,14495916,0
2023-07-13,127,7527021,43,6535236,0,593123,3,3427303,3,511143,7,3959796,502,1411818,515,504.43,19846187,14495923,0
2023-07-14,140,7527161,67,6535303,0,593123,4,3427307,2,511145,8,3959804,605,1412423,622,494,19846809,14495934,0
2023-07-15,77,7527238,17,6535320,0,593123,1,3427308,2,511147,3,3959807,244,1412667,257,491.29,19847066,14495944,0
2023-07-16,38,7527276,4,6535324,0,593123,0,3427308,0,511147,0,3959807,113,1412780,113,491,19847179,14495944,0
2023-07-17,137,7527413,54,6535378,0,593123,1,3427309,1,511148,3,3959810,559,1413339,571,481,19847750,14495954,0
2023-07-18,127,7527540,61,6535439,0,593123,4,3427313,2,511150,6,3959816,548,1413887,560,472.14,19848310,14495960,0
2023-07-19,113,7527653,70,6535509,1,593124,2,3427315,4,511154,6,3959822,547,1414434,564,457.43,19848874,14495971,0
2023-07-20,155,7527808,52,6535561,0,593124,12,3427327,3,511157,17,3959839,530,1414964,560,463.86,19849434,14495986,0
2023-07-21,140,7527948,71,6535632,0,593124,1,3427328,0,511157,2,3959841,585,1415549,590,459.29,19850024,14495990,0
2023-07-22,79,7528027,19,6535651,0,593124,3,3427331,0,511157,3,3959844,193,1415742,230,455.43,19850254,14496024,0
2023-07-23,30,7528057,11,6535662,0,593124,1,3427332,0,511157,1,3959845,101,1415843,102,453.86,19850356,14496024,0
2023-07-24,155,7528212,42,6535704,0,593124,7,3427339,0,511157,8,3959853,581,1416424,592,456.86,19850948,14496028,0
2023-07-25,104,7528316,34,6535738,0,593124,0,3427339,1,511158,1,3959854,456,1416880,461,442.71,19851409,14496032,0
2023-07-26,137,7528453,53,6535791,1,593125,6,3427345,2,511160,8,3959862,534,1417414,553,441.14,19851962,14496043,0
2023-07-27,132,7528585,47,6535838,1,593126,6,3427351,1,511161,7,3959869,486,1417900,500,432.57,19852462,14496050,0
2023-07-28,116,7528701,60,6535898,0,593126,2,3427353,2,511163,4,3959873,488,1418388,499,419.57,19852961,14496057,0
2023-07-29,56,7528757,12,6535910,0,593126,0,3427353,4,511167,4,3959877,209,1418597,224,418.71,19853185,14496068,0
2023-07-30,37,7528794,15,6535925,0,593126,1,3427354,0,511167,1,3959878,151,1418748,154,426.14,19853339,14496070,0
2023-07-31,145,7528939,70,6535995,0,593126,1,3427355,2,511169,4,3959882,585,1419333,605,428,19853944,14496087,0
2023-08-01,121,7529060,57,6536052,0,593126,2,3427357,2,511171,4,3959886,575,1419908,582,445.29,19854526,14496090,0
2023-08-02,150,7529210,46,6536098,0,593126,2,3427359,2,511173,4,3959890,543,1420451,557,445.86,19855083,14496100,0
2023-08-03,122,7529332,61,6536159,0,593126,4,3427363,1,511174,5,3959895,540,1420991,550,453,19855633,14496105,0
2023-08-04,121,7529453,53,6536212,0,593126,1,3427364,1,511175,3,3959898,625,1421616,635,472.43,19856268,14496113,0
2023-08-05,74,7529527,7,6536219,0,593126,5,3427369,2,511177,8,3959906,294,1421910,310,484.71,19856578,14496122,0
2023-08-06,37,7529564,5,6536224,0,593126,0,3427369,0,511177,0,3959906,166,1422076,166,486.43,19856744,14496122,0
2023-08-07,197,7529761,53,6536277,0,593126,3,3427372,3,511180,8,3959914,714,1422790,727,503.86,19857471,14496129,0
2023-08-08,187,7529948,61,6536338,1,593127,6,3427378,1,511181,7,3959921,712,1423502,726,524.43,19858197,14496136,0
2023-08-09,165,7530113,50,6536388,0,593127,6,3427384,2,511183,8,3959929,700,1424202,719,547.57,19858916,14496147,0
2023-08-10,161,7530274,56,6536444,0,593127,2,3427386,0,511183,2,3959931,638,1424840,649,561.71,19859565,14496156,0
2023-08-11,177,7530451,67,6536511,0,593127,0,3427386,1,511184,1,3959932,709,1425549,721,574,19860286,14496167,0
2023-08-12,95,7530546,24,6536535,0,593127,0,3427386,0,511184,1,3959933,299,1425848,312,574.29,19860598,14496180,0
2023-08-13,64,7530610,6,6536541,0,593127,1,3427387,1,511185,2,3959935,162,1426010,166,574.29,19860764,14496182,0
2023-08-14,195,7530805,60,6536601,0,593127,4,3427391,0,511185,4,3959939,694,1426704,701,570.57,19861465,14496185,0
2023-08-15,177,7530982,49,6536650,0,593127,3,3427394,2,511187,7,3959946,616,1427320,627,556.43,19862092,14496191,0
2023-08-16,143,7531125,59,6536709,0,593127,2,3427396,4,511191,10,3959956,659,1427979,682,551.14,19862774,14496208,0
2023-08-17,164,7531289,55,6536764,0,593127,6,3427402,3,511194,12,3959968,602,1428581,621,547.14,19863395,14496218,0
2023-08-18,185,7531474,59,6536823,0,593127,2,3427404,0,511194,4,3959972,700,1429281,707,545.14,19864102,14496223,120000
2023-08-19,72,7531546,17,6536840,0,593127,0,3427404,1,511195,1,3959973,284,1429565,289,541.86,19864391,14496227,120000
2023-08-20,54,7531600,13,6536853,0,593127,2,3427406,6,511201,15,3959988,170,1429735,191,545.43,19864582,14496240,120000
2023-08-21,178,7531778,54,6536907,0,593127,1,3427407,4,511205,9,3959997,585,1430320,597,530.57,19865179,14496247,120000
2023-08-22,122,7531900,57,6536964,0,593127,1,3427408,3,511208,4,3960001,470,1430790,478,509.29,19865657,14496251,120000
2023-08-23,155,7532055,68,6537032,0,593127,2,3427410,5,511213,7,3960008,609,1431399,626,501.29,19866283,14496261,120000
2023-08-24,53,7532108,19,6537051,0,593127,3,3427413,3,511216,7,3960015,173,1431572,188,439.43,19866471,14496270,120000
