"DATE","ADMIN_DOSE1_DAILY","ADMIN_DOSE1_CUMULATIVE","ADMIN_DOSE2_DAILY","ADMIN_DOSE2_CUMULATIVE","ADMIN_SINGLE_DAILY","ADMIN_SINGLE_CUMULATIVE","ADMIN_ADDITIONAL_DAILY","ADMIN_ADDITIONAL_CUMULATIVE","ADMIN_ALLDOSES_DAILY","ADMIN_ALLDOSES_7DAYAVG","ADMIN_ALLDOSES_CUMULATIVE","INCOMPLETE"
"2020-12-14",79,79,0,0,0,0,0,0,79,,79,0
"2020-12-15",2052,2131,6,6,4,4,0,0,2062,,2141,0
"2020-12-16",4603,6734,13,19,1,5,1,1,4618,,6759,0
"2020-12-17",4655,11389,17,36,0,5,1,2,4673,,11432,0
"2020-12-18",5833,17222,20,56,2,7,2,4,5857,,17289,0
"2020-12-19",1689,18911,7,63,3,10,0,4,1699,,18988,0
"2020-12-20",1116,20027,2,65,1,11,0,4,1119,2872.43,20107,0
"2020-12-21",6338,26365,18,83,0,11,6,10,6362,3770,26469,0
"2020-12-22",9795,36160,28,111,2,13,1,11,9826,4879.14,36295,0
"2020-12-23",14273,50433,36,147,3,16,1,12,14313,6264.14,50608,0
"2020-12-24",7200,57633,25,172,1,17,0,12,7226,6628.86,57834,0
"2020-12-25",180,57813,0,172,0,17,1,13,181,5818,58015,0
"2020-12-26",4390,62203,42,214,0,17,1,14,4433,6208.57,62448,0
"2020-12-27",3868,66071,14,228,0,17,1,15,3883,6603.43,66331,0
"2020-12-28",10995,77066,49,277,1,18,2,17,11047,7272.71,77378,0
"2020-12-29",10719,87785,34,311,2,20,2,19,10757,7405.71,88135,0
"2020-12-30",12822,100607,47,358,0,20,0,19,12869,7199.43,101004,0
"2020-12-31",7264,107871,30,388,1,21,0,19,7295,7209.29,108299,0
"2021-01-01",181,108052,2,390,1,22,3,22,187,7210.14,108486,0
"2021-01-02",3810,111862,10,400,2,24,1,23,3823,7123,112309,0
"2021-01-03",3543,115405,23,423,2,26,1,24,3569,7078.14,115878,0
"2021-01-04",12257,127662,805,1228,2,28,6,30,13070,7367.14,128948,0
"2021-01-05",14086,141748,2191,3419,2,30,12,42,16291,8157.71,145239,0
"2021-01-06",17807,159555,3923,7342,1,31,30,72,21761,9428,167000,0
"2021-01-07",16547,176102,5172,12514,4,35,45,117,21768,11495.57,188768,0
"2021-01-08",16618,192720,5456,17970,0,35,32,149,22106,14626.86,210874,0
"2021-01-09",7649,200369,1463,19433,1,36,7,156,9120,15383.57,219994,0
"2021-01-10",7883,208252,981,20414,0,36,10,166,8874,16141.43,228868,0
"2021-01-11",25824,234076,7458,27872,2,38,48,214,33332,19036,262200,0
"2021-01-12",28263,262339,7859,35731,1,39,45,259,36168,21875.57,298368,0
"2021-01-13",31726,294065,9386,45117,1,40,53,312,41166,24647.71,339534,0
"2021-01-14",35807,329872,5328,50445,1,41,28,340,41164,27418.57,380698,0
"2021-01-15",29267,359139,3706,54151,2,43,31,371,33006,28975.71,413704,0
"2021-01-16",30291,389430,2379,56530,0,43,24,395,32694,32343.43,446398,0
"2021-01-17",23754,413184,1622,58152,0,43,18,413,25394,34703.43,471792,0
"2021-01-18",27106,440290,2415,60567,0,43,34,447,29555,34163.86,501347,0
"2021-01-19",34299,474589,9623,70190,1,44,71,518,43994,35281.86,545341,0
"2021-01-20",34866,509455,9495,79685,1,45,60,578,44422,35747,589763,0
"2021-01-21",25593,535048,8090,87775,2,47,48,626,33733,34685.43,623496,0
"2021-01-22",24755,559803,4383,92158,1,48,32,658,29171,34137.57,652667,0
"2021-01-23",15742,575545,3224,95382,0,48,10,668,18976,32177.86,671643,0
"2021-01-24",7178,582723,3450,98832,0,48,19,687,10647,30071.14,682290,0
"2021-01-25",13415,596138,11820,110652,0,48,63,750,25298,29463,707588,0
"2021-01-26",16766,612904,10749,121401,0,48,69,819,27584,27118.71,735172,0
"2021-01-27",20834,633738,12356,133757,0,48,50,869,33240,25521.29,768412,0
"2021-01-28",30766,664504,12843,146600,0,48,81,950,43690,26943.71,812102,0
"2021-01-29",31694,696198,11496,158096,0,48,79,1029,43269,28957.71,855371,0
"2021-01-30",18716,714914,3738,161834,0,48,20,1049,22474,29457.43,877845,0
"2021-01-31",13025,727939,2918,164752,1,49,27,1076,15971,30218,893816,0
"2021-02-01",1179,729118,5368,170120,4,53,35,1111,6586,27544.86,900402,0
"2021-02-02",2829,731947,9469,179589,2,55,50,1161,12350,25368.57,912752,0
"2021-02-03",16348,748295,21238,200827,4,59,203,1364,37793,26019,950545,0
"2021-02-04",27044,775339,19648,220475,3,62,200,1564,46895,26476.86,997440,0
"2021-02-05",27604,802943,20027,240502,0,62,183,1747,47814,27126.14,1045254,0
"2021-02-06",22993,825936,11249,251751,0,62,108,1855,34350,28822.71,1079604,0
"2021-02-07",12046,837982,8281,260032,1,63,87,1942,20415,29457.57,1100019,0
"2021-02-08",16965,854947,23512,283544,2,65,231,2173,40710,34332.43,1140729,0
"2021-02-09",17200,872147,28108,311652,2,67,328,2501,45638,39087.86,1186367,0
"2021-02-10",19597,891744,29300,340952,2,69,261,2762,49160,40711.71,1235527,0
"2021-02-11",27847,919591,33465,374417,2,71,347,3109,61661,42821.14,1297188,0
"2021-02-12",38407,957998,30787,405204,3,74,354,3463,69551,45926.43,1366739,0
"2021-02-13",28007,986005,25306,430510,2,76,305,3768,53620,48679.29,1420359,0
"2021-02-14",16285,1002290,23726,454236,0,76,260,4028,40271,51515.86,1460630,0
"2021-02-15",12798,1015088,10527,464763,2,78,166,4194,23493,49056.29,1484123,0
"2021-02-16",14241,1029329,26727,491490,0,78,320,4514,41288,48434.86,1525411,0
"2021-02-17",16403,1045732,22180,513670,1,79,287,4801,38871,46965,1564282,0
"2021-02-18",12157,1057889,24987,538657,21,100,282,5083,37447,43505.86,1601729,0
"2021-02-19",13266,1071155,23932,562589,39,139,300,5383,37537,38932.43,1639266,0
"2021-02-20",11351,1082506,26070,588659,6,145,326,5709,37753,36665.71,1677019,0
"2021-02-21",6361,1088867,17425,606084,15,160,282,5991,24083,34353.14,1701102,0
"2021-02-22",13040,1101907,11849,617933,2,162,123,6114,25014,34570.43,1726116,0
"2021-02-23",25243,1127150,14148,632081,1,163,159,6273,39551,34322.29,1765667,0
"2021-02-24",36359,1163509,20369,652450,0,163,218,6491,56946,36904.43,1822613,0
"2021-02-25",54623,1218132,30365,682815,6,169,394,6885,85388,43753.14,1908001,0
"2021-02-26",62878,1281010,31854,714669,4,173,401,7286,95137,51981.71,2003138,0
"2021-02-27",51298,1332308,22742,737411,47,220,328,7614,74415,57219.14,2077553,0
"2021-02-28",44599,1376907,13804,751215,7,227,204,7818,58614,62152.14,2136167,0
"2021-03-01",39314,1416221,12764,763979,10,237,166,7984,52254,66043.57,2188421,0
"2021-03-02",47084,1463305,12560,776539,7,244,161,8145,59812,68938,2248233,0
"2021-03-03",48604,1511909,16144,792683,17,261,146,8291,64911,70075.86,2313144,0
"2021-03-04",59822,1571731,22803,815486,1092,1353,265,8556,83982,69875,2397126,0
"2021-03-05",60994,1632725,24258,839744,3109,4462,331,8887,88692,68954.29,2485818,0
"2021-03-06",47177,1679902,18876,858620,5448,9910,239,9126,71740,68572.14,2557558,0
"2021-03-07",36045,1715947,14862,873482,6247,16157,228,9354,57382,68396.14,2614940,0
"2021-03-08",39628,1755575,14660,888142,8564,24721,312,9666,63164,69954.71,2678104,0
"2021-03-09",39106,1794681,12814,900956,7767,32488,176,9842,59863,69962,2737967,0
"2021-03-10",51835,1846516,15306,916262,5068,37556,225,10067,72434,71036.71,2810401,0
"2021-03-11",60001,1906517,21781,938043,4618,42174,250,10317,86650,71417.86,2897051,0
"2021-03-12",52199,1958716,30290,968333,4183,46357,371,10688,87043,71182.29,2984094,0
"2021-03-13",40661,1999377,26672,995005,5109,51466,324,11012,72766,71328.86,3056860,0
"2021-03-14",30720,2030097,15947,1010952,4529,55995,237,11249,51433,70479,3108293,0
"2021-03-15",33590,2063687,17237,1028189,4717,60712,235,11484,55779,69424,3164072,0
"2021-03-16",38679,2102366,20476,1048665,4925,65637,260,11744,64340,70063.57,3228412,0
"2021-03-17",42626,2144992,24760,1073425,4247,69884,334,12078,71967,69996.86,3300379,0
"2021-03-18",50466,2195458,26770,1100195,5240,75124,363,12441,82839,69452.43,3383218,0
"2021-03-19",47807,2243265,29912,1130107,5623,80747,385,12826,83727,68978.71,3466945,0
"2021-03-20",38712,2281977,25807,1155914,4689,85436,292,13118,69500,68512.14,3536445,0
"2021-03-21",29303,2311280,19330,1175244,771,86207,218,13336,49622,68253.43,3586067,0
"2021-03-22",33870,2345150,26711,1201955,4037,90244,261,13597,64879,69553.43,3650946,0
"2021-03-23",38440,2383590,32814,1234769,4223,94467,282,13879,75759,71184.71,3726705,0
"2021-03-24",41509,2425099,37550,1272319,4849,99316,327,14206,84235,72937.29,3810940,0
"2021-03-25",43424,2468523,50731,1323050,5053,104369,463,14669,99671,75341.86,3910611,0
"2021-03-26",38516,2507039,55445,1378495,4310,108679,521,15190,98792,77494,4009403,0
"2021-03-27",35751,2542790,45695,1424190,2939,111618,408,15598,84793,79678.71,4094196,0
"2021-03-28",26400,2569190,34395,1458585,1481,113099,325,15923,62601,81532.86,4156797,0
"2021-03-29",34830,2604020,38809,1497394,3248,116347,339,16262,77226,83296.71,4234023,0
"2021-03-30",40514,2644534,41901,1539295,3715,120062,320,16582,86450,84824,4320473,0
"2021-03-31",49408,2693942,44829,1584124,7440,127502,395,16977,102072,87372.14,4422545,0
"2021-04-01",50787,2744729,53920,1638044,11275,138777,497,17474,116479,89773.29,4539024,0
"2021-04-02",43767,2788496,53845,1691889,11973,150750,547,18021,110132,91393.29,4649156,0
"2021-04-03",39263,2827759,39184,1731073,9861,160611,336,18357,88644,91943.43,4737800,0
"2021-04-04",26565,2854324,24730,1755803,3902,164513,223,18580,55420,90917.57,4793220,0
"2021-04-05",41887,2896211,34434,1790237,11196,175709,368,18948,87885,92440.29,4881105,0
"2021-04-06",53284,2949495,35568,1825805,13223,188932,425,19373,102500,94733.14,4983605,0
"2021-04-07",55519,3005014,40673,1866478,14389,203321,388,19761,110969,96004.14,5094574,0
"2021-04-08",59278,3064292,46555,1913033,16337,219658,508,20269,122678,96889.71,5217252,0
"2021-04-09",56655,3120947,44937,1957970,17547,237205,503,20772,119642,98248.29,5336894,0
"2021-04-10",49361,3170308,35636,1993606,12727,249932,381,21153,98105,99599.86,5434999,0
"2021-04-11",38189,3208497,28811,2022417,7685,257617,291,21444,74976,102393.57,5509975,0
"2021-04-12",46647,3255144,31845,2054262,13496,271113,454,21898,92442,103044.57,5602417,0
"2021-04-13",52555,3307699,33783,2088045,368,271481,387,22285,87093,100843.57,5689510,0
"2021-04-14",50161,3357860,39957,2128002,20,271501,357,22642,90495,97918.71,5780005,0
"2021-04-15",52132,3409992,43670,2171672,16,271517,455,23097,96273,94146.57,5876278,0
"2021-04-16",51194,3461186,42221,2213893,32,271549,409,23506,93856,90462.86,5970134,0
"2021-04-17",43848,3505034,35687,2249580,3,271552,360,23866,79898,87861.86,6050032,0
"2021-04-18",28611,3533645,29374,2278954,7,271559,247,24113,58239,85470.86,6108271,0
"2021-04-19",37482,3571127,36453,2315407,22,271581,309,24422,74266,82874.29,6182537,0
"2021-04-20",40814,3611941,39627,2355034,19,271600,305,24727,80765,81970.29,6263302,0
"2021-04-21",38919,3650860,46003,2401037,15,271615,486,25213,85423,81245.71,6348725,0
"2021-04-22",38515,3689375,48948,2449985,9,271624,331,25544,87803,80035.71,6436528,0
"2021-04-23",39716,3729091,44368,2494353,4,271628,349,25893,84437,78690.14,6520965,0
"2021-04-24",31964,3761055,41596,2535949,44,271672,275,26168,73879,77830.29,6594844,0
"2021-04-25",18427,3779482,31230,2567179,86,271758,187,26355,49930,76643.29,6644774,0
"2021-04-26",26977,3806459,40729,2607908,1013,272771,284,26639,69003,75891.43,6713777,0
"2021-04-27",28579,3835038,47142,2655050,1699,274470,344,26983,77764,75462.71,6791541,0
"2021-04-28",27058,3862096,56830,2711880,2147,276617,421,27404,86456,75610.29,6877997,0
"2021-04-29",28620,3890716,57194,2769074,2145,278762,361,27765,88320,75684.14,6966317,0
"2021-04-30",30131,3920847,51985,2821059,2056,280818,276,28041,84448,75685.71,7050765,0
"2021-05-01",22484,3943331,44550,2865609,1177,281995,224,28265,68435,74908,7119200,0
"2021-05-02",11929,3955260,36656,2902265,1080,283075,132,28397,49797,74889,7168997,0
"2021-05-03",18039,3973299,53014,2955279,2383,285458,250,28647,73686,75558,7242683,0
"2021-05-04",22744,3996043,56643,3011922,2330,287788,259,28906,81976,76159.71,7324659,0
"2021-05-05",21480,4017523,48793,3060715,2312,290100,312,29218,72897,74222.71,7397556,0
"2021-05-06",20688,4038211,50176,3110891,2508,292608,267,29485,73639,72125.43,7471195,0
"2021-05-07",21262,4059473,52099,3162990,2813,295421,304,29789,76478,70986.86,7547673,0
"2021-05-08",16636,4076109,41874,3204864,1835,297256,223,30012,60568,69863,7608241,0
"2021-05-09",7976,4084085,29413,3234277,1260,298516,148,30160,38797,68291.57,7647038,0
"2021-05-10",14399,4098484,38538,3272815,2356,300872,223,30383,55516,65695.86,7702554,0
"2021-05-11",19928,4118412,43046,3315861,2515,303387,280,30663,65769,63380.57,7768323,0
"2021-05-12",17815,4136227,40534,3356395,3596,306983,228,30891,62173,61848.57,7830496,0
"2021-05-13",24983,4161210,40431,3396826,3230,310213,255,31146,68899,61171.43,7899395,0
"2021-05-14",27032,4188242,42907,3439733,3538,313751,278,31424,73755,60782.43,7973150,0
"2021-05-15",23658,4211900,34918,3474651,3366,317117,246,31670,62188,61013.86,8035338,0
"2021-05-16",15541,4227441,19436,3494087,2497,319614,126,31796,37600,60842.86,8072938,0
"2021-05-17",22678,4250119,29142,3523229,3257,322871,175,31971,55252,60805.14,8128190,0
"2021-05-18",24643,4274762,31900,3555129,3404,326275,238,32209,60185,60007.43,8188375,0
"2021-05-19",24204,4298966,29707,3584836,3040,329315,222,32431,57173,59293.14,8245548,0
"2021-05-20",24163,4323129,30082,3614918,3160,332475,267,32698,57672,57689.29,8303220,0
"2021-05-21",24694,4347823,32002,3646920,3060,335535,243,32941,59999,55724.14,8363219,0
"2021-05-22",20030,4367853,24358,3671278,2525,338060,156,33097,47069,53564.29,8410288,0
"2021-05-23",11238,4379091,13731,3685009,1411,339471,94,33191,26474,51974.86,8436762,0
"2021-05-24",18885,4397976,23150,3708159,2757,342228,214,33405,45006,50511.14,8481768,0
"2021-05-25",19445,4417421,23372,3731531,2601,344829,175,33580,45593,48426.57,8527361,0
"2021-05-26",18790,4436211,21082,3752613,2695,347524,199,33779,42766,46368.43,8570127,0
"2021-05-27",18477,4454688,21266,3773879,2530,350054,191,33970,42464,44195.86,8612591,0
"2021-05-28",17870,4472558,22890,3796769,2752,352806,183,34153,43695,41866.71,8656286,0
"2021-05-29",12715,4485273,17803,3814572,1755,354561,104,34257,32377,39767.86,8688663,0
"2021-05-30",7033,4492306,8949,3823521,1074,355635,47,34304,17103,38429.14,8705766,0
"2021-05-31",4741,4497047,6925,3830446,1012,356647,63,34367,12741,33819.86,8718507,0
"2021-06-01",16046,4513093,25197,3855643,2174,358821,150,34517,43567,33530.43,8762074,0
"2021-06-02",15357,4528450,20387,3876030,2093,360914,138,34655,37975,32846,8800049,0
"2021-06-03",15012,4543462,23817,3899847,2280,363194,124,34779,41233,32670.14,8841282,0
"2021-06-04",14734,4558196,25982,3925829,2492,365686,144,34923,43352,32621.14,8884634,0
"2021-06-05",10995,4569191,22081,3947910,1806,367492,115,35038,34997,32995.43,8919631,0
"2021-06-06",6449,4575640,14466,3962376,1222,368714,84,35122,22221,33726.57,8941852,0
"2021-06-07",11715,4587355,21783,3984159,2379,371093,138,35260,36015,37051.43,8977867,0
"2021-06-08",12660,4600015,24016,4008175,2072,373165,116,35376,38864,36379.57,9016731,0
"2021-06-09",11151,4611166,23023,4031198,2298,375463,130,35506,36602,36183.43,9053333,0
"2021-06-10",12075,4623241,22230,4053428,2462,377925,139,35645,36906,35565.29,9090239,0
"2021-06-11",12711,4635952,25112,4078540,2482,380407,153,35798,40458,35151.86,9130697,0
"2021-06-12",10170,4646122,19304,4097844,1888,382295,93,35891,31455,34645.86,9162152,0
"2021-06-13",4259,4650381,10935,4108779,1220,383515,42,35933,16456,33822.29,9178608,0
"2021-06-14",10219,4660600,19235,4128014,2042,385557,126,36059,31622,33194.71,9210230,0
"2021-06-15",11892,4672492,21008,4149022,1943,387500,123,36182,34966,32637.86,9245196,0
"2021-06-16",11594,4684086,19403,4168425,1957,389457,138,36320,33092,32136.43,9278288,0
"2021-06-17",11025,4695111,18760,4187185,1971,391428,119,36439,31875,31417.71,9310163,0
"2021-06-18",12174,4707285,18495,4205680,2115,393543,113,36552,32897,30337.57,9343060,0
"2021-06-19",8504,4715789,13520,4219200,1459,395002,80,36632,23563,29210.14,9366623,0
"2021-06-20",4336,4720125,7162,4226362,924,395926,36,36668,12458,28639,9379081,0
"2021-06-21",10165,4730290,10005,4236367,1806,397732,66,36734,22042,27270.43,9401123,0
"2021-06-22",9839,4740129,15642,4252009,1589,399321,103,36837,27173,26157.14,9428296,0
"2021-06-23",10320,4750449,15184,4267193,1862,401183,101,36938,27467,25353.57,9455763,0
"2021-06-24",9694,4760143,14696,4281889,1799,402982,115,37053,26304,24557.71,9482067,0
"2021-06-25",10593,4770736,14384,4296273,1718,404700,109,37162,26804,23687.29,9508871,0
"2021-06-26",7811,4778547,10459,4306732,1246,405946,74,37236,19590,23119.71,9528461,0
"2021-06-27",5004,4783551,5998,4312730,796,406742,32,37268,11830,23030,9540291,0
"2021-06-28",9036,4792587,10344,4323074,1524,408266,104,37372,21008,22882.29,9561299,0
"2021-06-29",9751,4802338,12311,4335385,1347,409613,125,37497,23534,22362.43,9584833,0
"2021-06-30",9430,4811768,10927,4346312,1481,411094,146,37643,21984,21579.14,9606817,0
"2021-07-01",9400,4821168,10927,4357239,1431,412525,124,37767,21882,20947.43,9628699,0
"2021-07-02",9698,4830866,11438,4368677,1541,414066,121,37888,22798,20375.14,9651497,0
"2021-07-03",7062,4837928,8418,4377095,1193,415259,77,37965,16750,19969.43,9668247,0
"2021-07-04",1288,4839216,1335,4378430,567,415826,8,37973,3198,18736.29,9671445,0
"2021-07-05",6495,4845711,7102,4385532,1208,417034,66,38039,14871,17859.57,9686316,0
"2021-07-06",9515,4855226,12849,4398381,1317,418351,114,38153,23795,17896.86,9710111,0
"2021-07-07",8674,4863900,11107,4409488,1419,419770,121,38274,21321,17802.14,9731432,0
"2021-07-08",8211,4872111,10194,4419682,1260,421030,106,38380,19771,17500.57,9751203,0
"2021-07-09",8380,4880491,10829,4430511,1279,422309,87,38467,20575,17183,9771778,0
"2021-07-10",7110,4887601,8627,4439138,1132,423441,63,38530,16932,17209,9788710,0
"2021-07-11",4104,4891705,4540,4443678,703,424144,34,38564,9381,18092.29,9798091,0
"2021-07-12",8454,4900159,9552,4453230,1250,425394,80,38644,19336,18730.14,9817427,0
"2021-07-13",9471,4909630,9383,4462613,951,426345,104,38748,19909,18175,9837336,0
"2021-07-14",9006,4918636,9526,4472139,1009,427354,103,38851,19644,17935.43,9856980,0
"2021-07-15",8796,4927432,9148,4481287,1052,428406,81,38932,19077,17836.29,9876057,0
"2021-07-16",9243,4936675,9763,4491050,978,429384,102,39034,20086,17766.43,9896143,0
"2021-07-17",6847,4943522,7388,4498438,802,430186,78,39112,15115,17506.86,9911258,0
"2021-07-18",4260,4947782,4284,4502722,569,430755,34,39146,9147,17473.43,9920405,0
"2021-07-19",9128,4956910,8471,4511193,999,431754,87,39233,18685,17380.43,9939090,0
"2021-07-20",10653,4967563,8757,4519950,991,432745,91,39324,20492,17463.71,9959582,0
"2021-07-21",10054,4977617,8761,4528711,903,433648,144,39468,19862,17494.86,9979444,0
"2021-07-22",10688,4988305,8581,4537292,1044,434692,142,39610,20455,17691.71,9999899,0
"2021-07-23",11259,4999564,8881,4546173,1114,435806,134,39744,21388,17877.71,10021287,0
"2021-07-24",7405,5006969,6734,4552907,670,436476,83,39827,14892,17845.86,10036179,0
"2021-07-25",5481,5012450,2122,4555029,509,436985,59,39886,8171,17706.43,10044350,0
"2021-07-26",10879,5023329,7000,4562029,859,437844,110,39996,18848,17729.71,10063198,0
"2021-07-27",12060,5035389,8567,4570596,857,438701,132,40128,21616,17890.29,10084814,0
"2021-07-28",11998,5047387,8048,4578644,950,439651,129,40257,21125,18070.71,10105939,0
"2021-07-29",10941,5058328,7426,4586070,983,440634,129,40386,19479,17931.29,10125418,0
"2021-07-30",14957,5073285,8009,4594079,1150,441784,180,40566,24296,18346.71,10149714,0
"2021-07-31",9732,5083017,6311,4600390,816,442600,118,40684,16977,18644.57,10166691,0
"2021-08-01",6505,5089522,3309,4603699,564,443164,79,40763,10457,18971.14,10177148,0
"2021-08-02",13453,5102975,7154,4610853,848,444012,144,40907,21599,19364.14,10198747,0
"2021-08-03",15422,5118397,8382,4619235,1109,445121,145,41052,25058,19855.86,10223805,0
"2021-08-04",17264,5135661,8122,4627357,1454,446575,177,41229,27017,20697.57,10250822,0
"2021-08-05",17869,5153530,7922,4635279,1365,447940,161,41390,27317,21817.29,10278139,0
"2021-08-06",18184,5171714,8409,4643688,1233,449173,165,41555,27991,22345.14,10306130,0
"2021-08-07",13388,5185102,6017,4649705,799,449972,97,41652,20301,22820,10326431,0
"2021-08-08",9312,5194414,3833,4653538,399,450371,79,41731,13623,23272.29,10340054,0
"2021-08-09",21343,5215757,8528,4662066,963,451334,169,41900,31003,24615.71,10371057,0
"2021-08-10",18927,5234684,9328,4671394,950,452284,171,42071,29376,25232.57,10400433,0
"2021-08-11",15653,5250337,8309,4679703,853,453137,125,42196,24940,24935.86,10425373,0
"2021-08-12",15054,5265391,8977,4688680,939,454076,168,42364,25138,24624.57,10450511,0
"2021-08-13",14929,5280320,9286,4697966,921,454997,238,42602,25374,24250.71,10475885,0
"2021-08-14",10415,5290735,6408,4704374,626,455623,526,43128,17975,23918.43,10493860,0
"2021-08-15",6698,5297433,4475,4708849,677,456300,567,43695,12417,23746.14,10506277,0
"2021-08-16",15727,5313160,9289,4718138,1149,457449,1319,45014,27484,23243.43,10533761,0
"2021-08-17",17783,5330943,10438,4728576,1223,458672,1757,46771,31201,23504.14,10564962,0
"2021-08-18",17514,5348457,10359,4738935,1260,459932,1979,48750,31112,24385.86,10596074,0
"2021-08-19",16309,5364766,9520,4748455,1316,461248,1944,50694,29089,24950.29,10625163,0
"2021-08-20",16291,5381057,11539,4759994,1254,462502,1847,52541,30931,25744.14,10656094,0
"2021-08-21",11158,5392215,8038,4768032,877,463379,1050,53591,21123,26193.86,10677217,0
"2021-08-22",4085,5396300,3903,4771935,262,463641,513,54104,8763,25671.86,10685980,0
"2021-08-23",15585,5411885,11796,4783731,1023,464664,1542,55646,29946,26023.57,10715926,0
"2021-08-24",16920,5428805,12591,4796322,1006,465670,1772,57418,32289,26179,10748215,0
"2021-08-25",14588,5443393,12438,4808760,1111,466781,1561,58979,29698,25977,10777913,0
"2021-08-26",16171,5459564,14083,4822843,1072,467853,1761,60740,33087,26548.14,10811000,0
"2021-08-27",14886,5474450,14820,4837663,972,468825,1655,62395,32333,26748.43,10843333,0
"2021-08-28",10687,5485137,11513,4849176,836,469661,1011,63406,24047,27166.14,10867380,0
"2021-08-29",7217,5492354,7493,4856669,541,470202,771,64177,16022,28203.14,10883402,0
"2021-08-30",15527,5507881,16923,4873592,1077,471279,1783,65960,35310,28969.43,10918712,0
"2021-08-31",15527,5523408,15946,4889538,952,472231,1957,67917,34382,29268.43,10953094,0
"2021-09-01",14842,5538250,14095,4903633,1021,473252,1792,69709,31750,29561.57,10984844,0
"2021-09-02",14347,5552597,12514,4916147,896,474148,1691,71400,29448,29041.71,11014292,0
"2021-09-03",15018,5567615,14299,4930446,974,475122,1888,73288,32179,29019.71,11046471,0
"2021-09-04",9653,5577268,9404,4939850,688,475810,962,74250,20707,28542.57,11067178,0
"2021-09-05",6807,5584075,5513,4945363,438,476248,704,74954,13462,28176.86,11080640,0
"2021-09-06",5201,5589276,4507,4949870,358,476606,270,75224,10336,24609.14,11090976,0
"2021-09-07",15581,5604857,17689,4967559,913,477519,1537,76761,35720,24800.29,11126696,0
"2021-09-08",16177,5621034,14819,4982378,1073,478592,1751,78512,33820,25096,11160516,0
"2021-09-09",16124,5637158,14744,4997122,1047,479639,1900,80412,33815,25719.86,11194331,0
"2021-09-10",18375,5655533,15391,5012513,1208,480847,1963,82375,36937,26399.57,11231268,0
"2021-09-11",12644,5668177,10343,5022856,958,481805,1018,83393,24963,27007.57,11256231,0
"2021-09-12",8538,5676715,5050,5027906,766,482571,687,84080,15041,27233.14,11271272,0
"2021-09-13",16943,5693658,12946,5040852,975,483546,1640,85720,32504,30400,11303776,0
"2021-09-14",16279,5709937,13669,5054521,886,484432,1587,87307,32421,29928.71,11336197,0
"2021-09-15",15552,5725489,12871,5067392,728,485160,1562,88869,30713,29484.86,11366910,0
"2021-09-16",15349,5740838,13906,5081298,1211,486371,1441,90310,31907,29212.29,11398817,0
"2021-09-17",14440,5755278,13963,5095261,922,487293,1818,92128,31143,28384.57,11429960,0
"2021-09-18",10007,5765285,10171,5105432,913,488206,1044,93172,22135,27980.57,11452095,0
"2021-09-19",6183,5771468,6069,5111501,557,488763,743,93915,13552,27767.86,11465647,0
"2021-09-20",12687,5784155,12631,5124132,1069,489832,1907,95822,28294,27166.43,11493941,0
"2021-09-21",12245,5796400,12768,5136900,1111,490943,2012,97834,28136,26554.29,11522077,0
"2021-09-22",12842,5809242,11988,5148888,1091,492034,1668,99502,27589,26108,11549666,0
"2021-09-23",14963,5824205,12750,5161638,1639,493673,2242,101744,31594,26063.29,11581260,0
"2021-09-24",16468,5840673,13354,5174992,1632,495305,4597,106341,36051,26764.43,11617311,0
"2021-09-25",10552,5851225,9021,5184013,1018,496323,3434,109775,24025,27034.43,11641336,0
"2021-09-26",6315,5857540,5758,5189771,773,497096,2410,112185,15256,27277.86,11656592,0
"2021-09-27",14182,5871722,8049,5197820,1155,498251,8978,121163,32364,27859.29,11688956,0
"2021-09-28",11167,5882889,11772,5209592,901,499152,9817,130980,33657,28648,11722613,0
"2021-09-29",11627,5894516,12189,5221781,1205,500357,9370,140350,34391,29619.71,11757004,0
"2021-09-30",12260,5906776,12594,5234375,1338,501695,9657,150007,35849,30227.57,11792853,0
"2021-10-01",12668,5919444,13425,5247800,1284,502979,10194,160201,37571,30444.71,11830424,0
"2021-10-02",7738,5927182,9975,5257775,864,503843,4197,164398,22774,30266,11853198,0
"2021-10-03",5084,5932266,6157,5263932,594,504437,2599,166997,14434,30148.57,11867632,0
"2021-10-04",9926,5942192,11029,5274961,913,505350,9448,176445,31316,29998.86,11898948,0
"2021-10-05",10188,5952380,11742,5286703,972,506322,9875,186320,32777,29873.14,11931725,0
"2021-10-06",9933,5962313,11053,5297756,937,507259,9880,196200,31803,29503.43,11963528,0
"2021-10-07",9685,5971998,12185,5309941,852,508111,10137,206337,32859,29076.29,11996387,0
"2021-10-08",9487,5981485,12169,5322110,943,509054,10837,217174,33436,28485.57,12029823,0
"2021-10-09",6278,5987763,8276,5330386,649,509703,4078,221252,19281,27986.57,12049104,0
"2021-10-10",3547,5991310,5022,5335408,458,510161,2411,223663,11438,27558.57,12060542,0
"2021-10-11",7641,5998951,9330,5344738,728,510889,8855,232518,26554,26878.29,12087096,0
"2021-10-12",8092,6007043,11003,5355741,891,511780,10446,242964,30432,26543.29,12117528,0
"2021-10-13",7183,6014226,10142,5365883,869,512649,8714,251678,26908,25844,12144436,0
"2021-10-14",7464,6021690,11111,5376994,836,513485,10036,261714,29447,25356.57,12173883,0
"2021-10-15",7748,6029438,11869,5388863,823,514308,10717,272431,31157,25031,12205040,0
"2021-10-16",4874,6034312,7464,5396327,666,514974,3792,276223,16796,24676,12221836,0
"2021-10-17",3063,6037375,4474,5400801,411,515385,2426,278649,10374,24524,12232210,0
"2021-10-18",7081,6044456,10657,5411458,797,516182,9373,288022,27908,24717.43,12260118,0
"2021-10-19",6597,6051053,8942,5420400,806,516988,9011,297033,25356,23992.29,12285474,0
"2021-10-20",6562,6057615,9376,5429776,975,517963,9897,306930,26810,23978.29,12312284,0
"2021-10-21",7057,6064672,9379,5439155,859,518822,10766,317696,28061,23780.29,12340345,0
"2021-10-22",8163,6072835,10341,5449496,1026,519848,16277,333973,35807,24444.57,12376152,0
"2021-10-23",5195,6078030,6461,5455957,690,520538,9085,343058,21431,25106.71,12397583,0
"2021-10-24",3285,6081315,3971,5459928,770,521308,6137,349195,14163,25648,12411746,0
"2021-10-25",8817,6090132,8747,5468675,1147,522455,19199,368394,37910,27076.86,12449656,0
"2021-10-26",8235,6098367,7728,5476403,1259,523714,17237,385631,34459,28377.29,12484115,0
"2021-10-27",10609,6108976,8395,5484798,1604,525318,20786,406417,41394,30460.71,12525509,0
"2021-10-28",11374,6120350,8039,5492837,1793,527111,20768,427185,41974,32448.29,12567483,0
"2021-10-29",11883,6132233,8244,5501081,1963,529074,22462,449647,44552,33697.57,12612035,0
"2021-10-30",4651,6136884,5054,5506135,934,530008,11132,460779,21771,33746.14,12633806,0
"2021-10-31",2673,6139557,2706,5508841,545,530553,6604,467383,12528,33512.57,12646334,0
"2021-11-01",7193,6146750,6954,5515795,1089,531642,20305,487688,35541,33174.14,12681875,0
"2021-11-02",6625,6153375,6589,5522384,1055,532697,20692,508380,34961,33245.86,12716836,0
"2021-11-03",6903,6160278,6680,5529064,1028,533725,20547,528927,35158,32355,12751994,0
"2021-11-04",9348,6169626,6276,5535340,997,534722,22283,551210,38904,31916.43,12790898,0
"2021-11-05",11112,6180738,6721,5542061,1052,535774,23693,574903,42578,31634.43,12833476,0
"2021-11-06",11151,6191889,4051,5546112,593,536367,12564,587467,28359,32575.57,12861835,0
"2021-11-07",7279,6199168,2282,5548394,577,536944,7080,594547,17218,33245.57,12879053,0
"2021-11-08",15107,6214275,5678,5554072,867,537811,19434,613981,41086,34037.71,12920139,0
"2021-11-09",16202,6230477,5378,5559450,661,538472,20466,634447,42707,35144.29,12962846,0
"2021-11-10",16998,6247475,5327,5564777,685,539157,22552,656999,45562,36630.57,13008408,0
"2021-11-11",12623,6260098,5196,5569973,761,539918,22005,679004,40585,36870.71,13048993,0
"2021-11-12",16946,6277044,5682,5575655,708,540626,23336,702340,46672,37455.57,13095665,0
"2021-11-13",9969,6287013,3667,5579322,465,541091,13291,715631,27392,37317.43,13123057,0
"2021-11-14",6039,6293052,2293,5581615,325,541416,7911,723542,16568,37224.57,13139625,0
"2021-11-15",13291,6306343,5969,5587584,690,542106,25018,748560,44968,37779.14,13184593,0
"2021-11-16",10027,6316370,5791,5593375,655,542761,30576,779136,47049,38399.43,13231642,0
"2021-11-17",10370,6326740,6676,5600051,681,543442,31296,810432,49023,38893.86,13280665,0
"2021-11-18",10793,6337533,6551,5606602,861,544303,32916,843348,51121,40399,13331786,0
"2021-11-19",12098,6349631,6554,5613156,716,545019,36166,879514,55534,41665,13387320,0
"2021-11-20",9389,6359020,3421,5616577,514,545533,22449,901963,35773,42862.29,13423093,0
"2021-11-21",4996,6364016,1892,5618469,288,545821,13161,915124,20337,43400.71,13443430,0
"2021-11-22",10521,6374537,5789,5624258,752,546573,35770,950894,52832,44524.14,13496262,0
"2021-11-23",9877,6384414,4780,5629038,637,547210,33416,984310,48710,44761.43,13544972,0
"2021-11-24",8772,6393186,4759,5633797,651,547861,25847,1010157,40029,43476.57,13585001,0
"2021-11-25",453,6393639,324,5634121,80,547941,997,1011154,1854,36438.43,13586855,0
"2021-11-26",8112,6401751,6988,5641109,528,548469,26517,1037671,42145,34525.71,13629000,0
"2021-11-27",6715,6408466,6832,5647941,373,548842,18764,1056435,32684,34084.43,13661684,0
"2021-11-28",4104,6412570,5781,5653722,282,549124,11841,1068276,22008,34323.14,13683692,0
"2021-11-29",9176,6421746,10989,5664711,688,549812,34894,1103170,55747,34739.57,13739439,0
"2021-11-30",10585,6432331,11432,5676143,513,550325,37665,1140835,60195,36380.29,13799634,0
"2021-12-01",11285,6443616,10967,5687110,723,551048,40220,1181055,63195,39689.71,13862829,0
"2021-12-02",11725,6455341,11029,5698139,626,551674,42019,1223074,65399,48767.57,13928228,0
"2021-12-03",13606,6468947,12875,5711014,676,552350,47789,1270863,74946,53453.43,14003174,0
"2021-12-04",9912,6478859,11279,5722293,567,552917,30583,1301446,52341,56261.57,14055515,0
"2021-12-05",5792,6484651,5704,5727997,269,553186,16614,1318060,28379,57171.71,14083894,0
"2021-12-06",12452,6497103,9945,5737942,602,553788,43117,1361177,66116,58653,14150010,0
"2021-12-07",12692,6509795,9247,5747189,626,554414,42943,1404120,65508,59412,14215518,0
"2021-12-08",13663,6523458,8749,5755938,556,554970,40652,1444772,63620,59472.71,14279138,0
"2021-12-09",13601,6537059,8761,5764699,558,555528,40704,1485476,63624,59219.14,14342762,0
"2021-12-10",14155,6551214,10129,5774828,672,556200,43519,1528995,68475,58294.71,14411237,0
"2021-12-11",10318,6561532,8117,5782945,405,556605,26653,1555648,45493,57316.43,14456730,0
"2021-12-12",6058,6567590,3856,5786801,288,556893,15129,1570777,25331,56881,14482061,0
"2021-12-13",12324,6579914,7418,5794219,657,557550,37770,1608547,58169,55745.71,14540230,0
"2021-12-14",12309,6592223,6961,5801180,731,558281,38059,1646606,58060,54681.71,14598290,0
"2021-12-15",12231,6604454,6238,5807418,755,559036,37985,1684591,57209,53765.86,14655499,0
"2021-12-16",13228,6617682,4266,5811684,734,559770,40888,1725479,59116,53121.86,14714615,0
"2021-12-17",16115,6633797,6930,5818614,620,560390,46563,1772042,70228,53372.29,14784843,0
"2021-12-18",13087,6646884,5714,5824328,432,560822,30515,1802557,49748,53980.14,14834591,0
"2021-12-19",7064,6653948,2994,5827322,327,561149,17959,1820516,28344,54410.57,14862935,0
"2021-12-20",16998,6670946,5869,5833191,746,561895,47276,1867792,70889,56227.71,14933824,0
"2021-12-21",18064,6689010,6561,5839752,807,562702,48781,1916573,74213,58535.29,15008037,0
"2021-12-22",18667,6707677,6555,5846307,938,563640,49496,1966069,75656,61170.57,15083693,0
"2021-12-23",19115,6726792,6481,5852788,930,564570,45723,2011792,72249,63046.71,15155942,0
"2021-12-24",9258,6736050,2953,5855741,598,565168,20562,2032354,33371,57781.43,15189313,0
"2021-12-25",344,6736394,65,5855806,31,565199,422,2032776,862,50797.71,15190175,0
"2021-12-26",7993,6744387,3927,5859733,341,565540,17252,2050028,29513,50964.71,15219688,0
"2021-12-27",21874,6766261,9200,5868933,933,566473,43331,2093359,75338,51600.29,15295026,0
"2021-12-28",20233,6786494,8321,5877254,698,567171,47480,2140839,76732,51960.14,15371758,0
"2021-12-29",18556,6805050,7659,5884913,607,567778,45442,2186281,72264,51475.57,15444022,0
"2021-12-30",16929,6821979,7414,5892327,582,568360,44742,2231023,69667,51106.71,15513689,0
"2021-12-31",5377,6827356,2798,5895125,193,568553,14722,2245745,23090,49638,15536779,0
"2022-01-01",237,6827593,146,5895271,11,568564,498,2246243,892,49642.29,15537671,0
"2022-01-02",6455,6834048,5011,5900282,153,568717,10960,2257203,22579,48651.71,15560250,0
"2022-01-03",14210,6848258,8479,5908761,515,569232,26814,2284017,50018,45034.57,15610268,0
"2022-01-04",13133,6861391,8065,5916826,412,569644,26939,2310956,48549,41008.43,15658817,0
"2022-01-05",11656,6873047,6965,5923791,385,570029,25691,2336647,44697,37070.29,15703514,0
"2022-01-06",11592,6884639,7363,5931154,480,570509,27393,2364040,46828,33807.57,15750342,0
"2022-01-07",10497,6895136,8414,5939568,337,570846,24908,2388948,44156,36817,15794498,0
"2022-01-08",7956,6903092,8548,5948116,310,571156,19361,2408309,36175,41857.43,15830673,0
"2022-01-09",4157,6907249,3841,5951957,214,571370,10040,2418349,18252,41239.29,15848925,0
"2022-01-10",10216,6917465,8181,5960138,489,571859,24526,2442875,43412,40295.57,15892337,0
"2022-01-11",8953,6926418,7971,5968109,520,572379,20944,2463819,38388,38844,15930725,0
"2022-01-12",9009,6935427,8305,5976414,428,572807,22251,2486070,39993,38172,15970718,0
"2022-01-13",9109,6944536,8851,5985265,449,573256,22771,2508841,41180,37365.14,16011898,0
"2022-01-14",10158,6954694,8114,5993379,476,573732,26353,2535194,45101,37500.14,16056999,0
"2022-01-15",6224,6960918,4304,5997683,178,573910,15117,2550311,25823,36021.29,16082822,0
"2022-01-16",2938,6963856,3251,6000934,93,574003,7799,2558110,14081,35425.43,16096903,0
"2022-01-17",6108,6969964,6756,6007690,363,574366,14618,2572728,27845,33201.57,16124748,0
"2022-01-18",8220,6978184,10297,6017987,397,574763,19562,2592290,38476,33214.14,16163224,0
"2022-01-19",7542,6985726,9231,6027218,306,575069,17627,2609917,34706,32458.86,16197930,0
"2022-01-20",6345,6992071,8565,6035783,304,575373,15146,2625063,30360,30913.14,16228290,0
"2022-01-21",7651,6999722,7488,6043271,277,575650,18404,2643467,33820,29301.57,16262110,0
"2022-01-22",5211,7004933,4923,6048194,131,575781,11280,2654747,21545,28690.43,16283655,0
"2022-01-23",2823,7007756,3326,6051520,97,575878,6214,2660961,12460,28458.86,16296115,0
"2022-01-24",6423,7014179,8190,6059710,261,576139,14993,2675954,29867,28747.71,16325982,0
"2022-01-25",6221,7020400,7917,6067627,232,576371,14652,2690606,29022,27397.14,16355004,0
"2022-01-26",5793,7026193,7152,6074779,290,576661,13963,2704569,27198,26324.57,16382202,0
"2022-01-27",5280,7031473,7084,6081863,321,576982,14028,2718597,26713,25803.57,16408915,0
"2022-01-28",6311,7037784,7851,6089714,205,577187,16064,2734661,30431,25319.43,16439346,0
"2022-01-29",847,7038631,726,6090440,28,577215,2521,2737182,4122,22830.43,16443468,0
"2022-01-30",2104,7040735,3018,6093458,103,577318,4526,2741708,9751,22443.43,16453219,0
"2022-01-31",5038,7045773,6587,6100045,219,577537,11317,2753025,23161,21485.43,16476380,0
"2022-02-01",4858,7050631,6438,6106483,219,577756,10662,2763687,22177,20507.57,16498557,0
"2022-02-02",4278,7054909,5919,6112402,214,577970,11173,2774860,21584,19705.57,16520141,0
"2022-02-03",4245,7059154,5789,6118191,217,578187,11168,2786028,21419,18949.29,16541560,0
"2022-02-04",4796,7063950,7091,6125282,214,578401,13151,2799179,25252,18209.43,16566812,0
"2022-02-05",3600,7067550,6041,6131323,110,578511,8544,2807723,18295,20234.14,16585107,0
"2022-02-06",2071,7069621,2133,6133456,121,578632,4622,2812345,8947,20119.29,16594054,0
"2022-02-07",4170,7073791,4721,6138177,205,578837,10108,2822453,19204,19554,16613258,0
"2022-02-08",4244,7078035,5595,6143772,213,579050,11263,2833716,21315,19430.86,16634573,0
"2022-02-09",4153,7082188,5392,6149164,222,579272,11609,2845325,21376,19401.14,16655949,0
"2022-02-10",4007,7086195,5110,6154274,244,579516,12132,2857457,21493,19411.71,16677442,0
"2022-02-11",4540,7090735,5796,6160070,194,579710,13696,2871153,24226,19265.14,16701668,0
"2022-02-12",3270,7094005,4331,6164401,96,579806,8779,2879932,16476,19005.29,16718144,0
"2022-02-13",1524,7095529,1542,6165943,41,579847,4877,2884809,7984,18867.71,16726128,0
"2022-02-14",3008,7098537,3615,6169558,165,580012,10540,2895349,17328,18599.71,16743456,0
"2022-02-15",3575,7102112,4058,6173616,176,580188,12739,2908088,20548,18490.14,16764004,0
"2022-02-16",3686,7105798,3887,6177503,196,580384,15664,2923752,23433,18784,16787437,0
"2022-02-17",4065,7109863,4075,6181578,164,580548,18217,2941969,26521,19502.29,16813958,0
"2022-02-18",4501,7114364,4771,6186349,190,580738,21504,2963473,30966,20465.14,16844924,0
"2022-02-19",3268,7117632,2178,6188527,65,580803,11151,2974624,16662,20491.71,16861586,0
"2022-02-20",1867,7119499,1444,6189971,59,580862,6568,2981192,9938,20770.86,16871524,0
"2022-02-21",3111,7122610,2685,6192656,95,580957,8332,2989524,14223,20327.29,16885747,0
"2022-02-22",4411,7127021,4242,6196898,175,581132,10793,3000317,19621,20194.86,16905368,0
"2022-02-23",4290,7131311,3780,6200678,144,581276,10622,3010939,18836,19538.14,16924204,0
"2022-02-24",3781,7135092,3648,6204326,108,581384,10160,3021099,17697,18277.57,16941901,0
"2022-02-25",3635,7138727,3608,6207934,135,581519,9953,3031052,17331,16329.71,16959232,0
"2022-02-26",2858,7141585,2575,6210509,74,581593,9490,3040542,14997,16091.86,16974229,0
"2022-02-27",1779,7143364,1372,6211881,52,581645,6262,3046804,9465,16024.29,16983694,0
"2022-02-28",3834,7147198,3123,6215004,140,581785,13083,3059887,20180,16875.29,17003874,0
"2022-03-01",2136,7149334,2608,6217612,102,581887,5152,3065039,9998,15500.57,17013872,0
"2022-03-02",1838,7151172,2420,6220032,105,581992,4101,3069140,8464,14018.86,17022336,0
"2022-03-03",1942,7153114,2549,6222581,106,582098,3783,3072923,8380,12687.86,17030716,0
"2022-03-04",2108,7155222,2865,6225446,67,582165,4308,3077231,9348,11547.43,17040064,0
"2022-03-05",1612,7156834,2119,6227565,43,582208,3303,3080534,7077,10416,17047141,0
"2022-03-06",803,7157637,878,6228443,30,582238,1616,3082150,3327,9539.14,17050468,0
"2022-03-07",1675,7159312,1779,6230222,85,582323,3477,3085627,7016,7658.57,17057484,0
"2022-03-08",1551,7160863,1894,6232116,79,582402,3113,3088740,6637,7178.43,17064121,0
"2022-03-09",1268,7162131,1662,6233778,78,582480,2568,3091308,5576,6765.86,17069697,0
"2022-03-10",1426,7163557,2094,6235872,85,582565,2939,3094247,6544,6503.57,17076241,0
"2022-03-11",1609,7165166,2262,6238134,80,582645,3196,3097443,7147,6189.14,17083388,0
"2022-03-12",881,7166047,1412,6239546,40,582685,1996,3099439,4329,5796.57,17087717,0
"2022-03-13",627,7166674,755,6240301,26,582711,1290,3100729,2698,5706.71,17090415,0
"2022-03-14",1387,7168061,1594,6241895,83,582794,2974,3103703,6038,5567,17096453,0
"2022-03-15",1348,7169409,1920,6243815,63,582857,3067,3106770,6398,5532.86,17102851,0
"2022-03-16",1398,7170807,2059,6245874,94,582951,3119,3109889,6670,5689.14,17109521,0
"2022-03-17",1180,7171987,1810,6247684,70,583021,2745,3112634,5805,5583.57,17115326,0
"2022-03-18",1588,7173575,2168,6249852,80,583101,3752,3116386,7588,5646.57,17122914,0
"2022-03-19",1115,7174690,1726,6251578,54,583155,2584,3118970,5479,5810.86,17128393,0
"2022-03-20",612,7175302,630,6252208,32,583187,1459,3120429,2733,5815.86,17131126,0
"2022-03-21",1422,7176724,1546,6253754,73,583260,3040,3123469,6081,5822,17137207,0
"2022-03-22",1338,7178062,1543,6255297,101,583361,2885,3126354,5867,5746.14,17143074,0
"2022-03-23",1258,7179320,1343,6256640,66,583427,2903,3129257,5570,5589,17148644,0
"2022-03-24",1216,7180536,1291,6257931,89,583516,2504,3131761,5100,5488.29,17153744,0
"2022-03-25",1389,7181925,1608,6259539,61,583577,3245,3135006,6303,5304.71,17160047,0
"2022-03-26",926,7182851,1152,6260691,36,583613,2288,3137294,4402,5150.86,17164449,0
"2022-03-27",575,7183426,525,6261216,29,583642,1310,3138604,2439,5108.86,17166888,0
"2022-03-28",1084,7184510,1148,6262364,68,583710,2428,3141032,4728,4915.57,17171616,0
"2022-03-29",1054,7185564,1101,6263465,86,583796,2497,3143529,4738,4754.29,17176354,0
"2022-03-30",1248,7186812,1130,6264595,96,583892,3046,3146575,5520,4747.14,17181874,0
"2022-03-31",1242,7188054,1242,6265837,57,583949,3139,3149714,5680,4830,17187554,0
"2022-04-01",1393,7189447,1483,6267320,69,584018,3224,3152938,6169,4810.86,17193723,0
"2022-04-02",882,7190329,906,6268226,33,584051,2083,3155021,3904,4739.71,17197627,0
"2022-04-03",545,7190874,495,6268721,28,584079,1218,3156239,2286,4717.86,17199913,0
"2022-04-04",1321,7192195,1303,6270024,60,584139,2706,3158945,5390,4812.43,17205303,0
"2022-04-05",1275,7193470,1142,6271166,68,584207,2852,3161797,5337,4898,17210640,0
"2022-04-06",1274,7194744,1169,6272335,57,584264,2605,3164402,5105,4838.71,17215745,0
"2022-04-07",1192,7195936,1060,6273395,54,584318,2366,3166768,4672,4694.71,17220417,0
"2022-04-08",1472,7197408,1384,6274779,56,584374,3119,3169887,6031,4675,17226448,0
"2022-04-09",938,7198346,917,6275696,28,584402,2042,3171929,3925,4678,17230373,0
"2022-04-10",593,7198939,459,6276155,25,584427,1168,3173097,2245,4672.14,17232618,0
"2022-04-11",1332,7200271,1217,6277372,59,584486,2634,3175731,5242,4651,17237860,0
"2022-04-12",1197,7201468,1043,6278415,72,584558,2454,3178185,4766,4569.43,17242626,0
"2022-04-13",1258,7202726,1060,6279475,58,584616,2493,3180678,4869,4535.71,17247495,0
"2022-04-14",1259,7203985,1078,6280553,51,584667,2355,3183033,4743,4545.86,17252238,0
"2022-04-15",1329,7205314,1082,6281635,49,584716,2536,3185569,4996,4398,17257234,0
"2022-04-16",869,7206183,644,6282279,27,584743,1628,3187197,3168,4289.86,17260402,0
"2022-04-17",346,7206529,201,6282480,25,584768,629,3187826,1201,4140.71,17261603,0
"2022-04-18",1356,7207885,1100,6283580,80,584848,2557,3190383,5093,4119.43,17266696,0
"2022-04-19",1393,7209278,928,6284508,70,584918,2530,3192913,4921,4141.57,17271617,0
"2022-04-20",1286,7210564,1114,6285622,62,584980,2597,3195510,5059,4168.71,17276676,0
"2022-04-21",1198,7211762,1041,6286663,50,585030,2281,3197791,4570,4144,17281246,120000
"2022-04-22",1195,7212957,993,6287656,42,585072,2153,3199944,4383,4056.43,17285629,120000
"2022-04-23",711,7213668,734,6288390,40,585112,1400,3201344,2885,4016,17288514,120000
"2022-04-24",439,7214107,336,6288726,26,585138,802,3202146,1603,4073.43,17290117,120000
"2022-04-25",996,7215103,887,6289613,53,585191,1799,3203945,3735,3879.43,17293852,120000
"2022-04-26",899,7216002,818,6290431,60,585251,1672,3205617,3449,3669.14,17297301,120000
"2022-04-27",317,7216319,317,6290748,16,585267,681,3206298,1331,3136.57,17298632,120000
