"DATE","ADMIN_DOSE1_DAILY","ADMIN_DOSE1_CUMULATIVE","ADMIN_DOSE2_DAILY","ADMIN_DOSE2_CUMULATIVE","ADMIN_SINGLE_DAILY","ADMIN_SINGLE_CUMULATIVE","ADMIN_ADDITIONAL1_DAILY","ADMIN_ADDITIONAL1_CUMULATIVE","ADMIN_ADDITIONAL2_DAILY","ADMIN_ADDITIONAL2_CUMULATIVE","ADMIN_ADDITIONAL_DAILY","ADMIN_ADDITIONAL_CUMULATIVE","ADMIN_ALLDOSES_DAILY","ADMIN_ALLDOSES_7DAYAVG","ADMIN_ALLDOSES_CUMULATIVE","INCOMPLETE"
"2020-12-14",79,79,0,0,0,0,0,0,0,0,0,0,79,,79,0
"2020-12-15",2051,2130,6,6,4,4,0,0,0,0,0,0,2061,,2140,0
"2020-12-16",4606,6736,15,21,1,5,1,1,0,0,1,1,4623,,6763,0
"2020-12-17",4657,11393,18,39,0,5,1,2,0,0,1,2,4676,,11439,0
"2020-12-18",5832,17225,18,57,2,7,2,4,0,0,2,4,5854,,17293,0
"2020-12-19",1689,18914,7,64,3,10,0,4,0,0,0,4,1699,,18992,0
"2020-12-20",1116,20030,2,66,1,11,0,4,0,0,0,4,1119,2873,20111,0
"2020-12-21",6343,26373,20,86,0,11,5,9,0,0,5,9,6368,3771.43,26479,0
"2020-12-22",9795,36168,27,113,2,13,1,10,0,0,1,10,9825,4880.57,36304,0
"2020-12-23",14272,50440,36,149,3,16,1,11,0,0,1,11,14312,6264.71,50616,0
"2020-12-24",7195,57635,26,175,1,17,0,11,0,0,0,11,7222,6628.43,57838,0
"2020-12-25",180,57815,0,175,0,17,1,12,0,0,1,12,181,5818,58019,0
"2020-12-26",4388,62203,45,220,0,17,1,13,0,0,1,13,4434,6208.71,62453,0
"2020-12-27",3870,66073,14,234,0,17,1,14,0,0,1,14,3885,6603.86,66338,0
"2020-12-28",10992,77065,49,283,1,18,2,16,0,0,2,16,11044,7271.86,77382,0
"2020-12-29",10717,87782,35,318,2,20,2,18,0,0,2,18,10756,7404.86,88138,0
"2020-12-30",12824,100606,44,362,0,20,0,18,0,0,0,18,12868,7198.57,101006,0
"2020-12-31",7261,107867,35,397,1,21,0,18,0,0,0,18,7297,7209.29,108303,0
"2021-01-01",181,108048,2,399,1,22,3,21,0,0,3,21,187,7210.14,108490,0
"2021-01-02",3809,111857,10,409,2,24,2,23,0,0,2,23,3823,7122.86,112313,0
"2021-01-03",3542,115399,24,433,2,26,1,24,0,0,1,24,3569,7077.71,115882,0
"2021-01-04",12256,127655,807,1240,2,28,6,30,0,0,6,30,13071,7367.29,128953,0
"2021-01-05",14091,141746,2190,3430,2,30,13,43,1,1,14,44,16297,8158.86,145250,0
"2021-01-06",17801,159547,3925,7355,1,31,29,72,8,9,37,81,21764,9429.71,167014,0
"2021-01-07",16550,176097,5171,12526,4,35,45,117,3,12,48,129,21773,11497.71,188787,0
"2021-01-08",16619,192716,5456,17982,0,35,33,150,4,16,37,166,22112,14629.86,210899,0
"2021-01-09",7651,200367,1462,19444,1,36,7,157,2,18,9,175,9123,15387,220022,0
"2021-01-10",7882,208249,982,20426,0,36,10,167,0,18,10,185,8874,16144.86,228896,0
"2021-01-11",25825,234074,7454,27880,2,38,49,216,8,26,57,242,33338,19040.14,262234,0
"2021-01-12",28256,262330,7859,35739,1,39,44,260,5,31,49,291,36165,21878.43,298399,0
"2021-01-13",31723,294053,9390,45129,1,40,57,317,4,35,61,352,41175,24651.43,339574,0
"2021-01-14",35815,329868,5313,50442,1,41,30,347,7,42,37,389,41166,27421.86,380740,0
"2021-01-15",29266,359134,3703,54145,2,43,31,378,5,47,36,425,33007,28978.29,413747,0
"2021-01-16",30289,389423,2378,56523,0,43,24,402,6,53,30,455,32697,32346,446444,0
"2021-01-17",23748,413171,1630,58153,0,43,19,421,1,54,20,475,25398,34706.57,471842,0
"2021-01-18",27103,440274,2412,60565,0,43,36,457,7,61,43,518,29558,34166.57,501400,0
"2021-01-19",34296,474570,9629,70194,1,44,69,526,6,67,75,593,44001,35286,545401,0
"2021-01-20",34868,509438,9493,79687,1,45,58,584,4,71,62,655,44424,35750.14,589825,0
"2021-01-21",25590,535028,8093,87780,2,47,49,633,5,76,54,709,33739,34689.14,623564,0
"2021-01-22",24755,559783,4382,92162,1,48,32,665,7,83,39,748,29177,34142,652741,0
"2021-01-23",15742,575525,3225,95387,0,48,10,675,2,85,12,760,18979,32182.29,671720,0
"2021-01-24",7179,582704,3453,98840,0,48,19,694,1,86,20,780,10652,30075.71,682372,0
"2021-01-25",13413,596117,11818,110658,0,48,65,759,12,98,77,857,25308,29468.57,707680,0
"2021-01-26",16764,612881,10752,121410,0,48,68,827,2,100,70,927,27586,27123.57,735266,0
"2021-01-27",20836,633717,12355,133765,0,48,53,880,8,108,61,988,33252,25527.57,768518,0
"2021-01-28",30764,664481,12847,146612,0,48,80,960,16,124,96,1084,43707,26951.57,812225,0
"2021-01-29",31691,696172,11508,158120,0,48,79,1039,10,134,89,1173,43288,28967.43,855513,0
"2021-01-30",18706,714878,3742,161862,0,48,21,1060,2,136,23,1196,22471,29466.29,877984,0
"2021-01-31",13016,727894,2924,164786,1,49,29,1089,4,140,33,1229,15974,30226.57,893958,0
"2021-02-01",1179,729073,5370,170156,4,53,35,1124,4,144,39,1268,6592,27552.86,900550,0
"2021-02-02",2827,731900,9475,179631,2,55,47,1171,4,148,51,1319,12355,25377,912905,0
"2021-02-03",16347,748247,21247,200878,4,59,202,1373,19,167,221,1540,37819,26029.43,950724,0
"2021-02-04",27044,775291,19651,220529,3,62,200,1573,10,177,210,1750,46908,26486.71,997632,0
"2021-02-05",27591,802882,20041,240570,0,62,179,1752,15,192,194,1944,47826,27135,1045458,0
"2021-02-06",22991,825873,11246,251816,0,62,110,1862,12,204,122,2066,34359,28833.29,1079817,0
"2021-02-07",12041,837914,8283,260099,1,63,91,1953,14,218,105,2171,20430,29469.86,1100247,0
"2021-02-08",16957,854871,23520,283619,2,65,232,2185,34,252,266,2437,40745,34348.86,1140992,0
"2021-02-09",17190,872061,28110,311729,2,67,336,2521,42,294,378,2815,45680,39109.57,1186672,0
"2021-02-10",19590,891651,29308,341037,2,69,258,2779,50,344,308,3123,49208,40736.57,1235880,0
"2021-02-11",27848,919499,33473,374510,2,71,337,3116,56,400,393,3516,61716,42852,1297596,0
"2021-02-12",38388,957887,30805,405315,3,74,352,3468,38,438,390,3906,69586,45960.57,1367182,0
"2021-02-13",28005,985892,25316,430631,2,76,304,3772,52,490,356,4262,53679,48720.57,1420861,0
"2021-02-14",16278,1002170,23733,454364,0,76,264,4036,31,521,295,4557,40306,51560,1461167,0
"2021-02-15",12795,1014965,10527,464891,2,78,172,4208,23,544,195,4752,23519,49099.14,1484686,0
"2021-02-16",14242,1029207,26730,491621,0,78,322,4530,35,579,357,5109,41329,48477.57,1526015,0
"2021-02-17",16392,1045599,22197,513818,1,79,281,4811,37,616,318,5427,38908,47006.14,1564923,0
"2021-02-18",12151,1057750,24995,538813,21,100,288,5099,42,658,330,5757,37497,43546.29,1602420,0
"2021-02-19",13261,1071011,23938,562751,39,139,303,5402,44,702,347,6104,37585,38974.71,1640005,0
"2021-02-20",11354,1082365,26070,588821,6,145,330,5732,78,780,408,6512,37838,36711.71,1677843,0
"2021-02-21",6360,1088725,17420,606241,15,160,287,6019,44,824,331,6843,24126,34400.29,1701969,0
"2021-02-22",13045,1101770,11846,618087,2,162,126,6145,19,843,145,6988,25038,34617.29,1727007,0
"2021-02-23",25249,1127019,14146,632233,1,163,156,6301,34,877,190,7178,39586,34368.29,1766593,0
"2021-02-24",36359,1163378,20394,652627,0,163,228,6529,38,915,266,7444,57019,36955.57,1823612,0
"2021-02-25",54619,1217997,30394,683021,6,169,397,6926,63,978,460,7904,85479,43810.14,1909091,0
"2021-02-26",62863,1280860,31870,714891,4,173,416,7342,78,1056,494,8398,95231,52045.29,2004322,0
"2021-02-27",51301,1332161,22747,737638,47,220,335,7677,52,1108,387,8785,74482,57280.14,2078804,0
"2021-02-28",44589,1376750,13825,751463,7,227,204,7881,36,1144,240,9025,58661,62213.71,2137465,0
"2021-03-01",39319,1416069,12777,764240,10,237,169,8050,25,1169,194,9219,52300,66108.29,2189765,0
"2021-03-02",47081,1463150,12580,776820,7,244,158,8208,15,1184,173,9392,59841,69001.86,2249606,0
"2021-03-03",48607,1511757,16155,792975,17,261,147,8355,21,1205,168,9560,64947,70134.43,2314553,0
"2021-03-04",59819,1571576,22822,815797,1092,1353,270,8625,34,1239,304,9864,84037,69928.43,2398590,0
"2021-03-05",60988,1632564,24283,840080,3109,4462,334,8959,35,1274,369,10233,88749,69002.43,2487339,0
"2021-03-06",47175,1679739,18883,858963,5451,9913,240,9199,36,1310,276,10509,71785,68617.14,2559124,0
"2021-03-07",36042,1715781,14883,873846,6246,16159,228,9427,20,1330,248,10757,57419,68439.71,2616543,0
"2021-03-08",39631,1755412,14679,888525,8563,24722,314,9741,91,1421,405,11162,63278,70008,2679821,0
"2021-03-09",39106,1794518,12855,901380,7762,32484,180,9921,34,1455,214,11376,59937,70021.71,2739758,0
"2021-03-10",51829,1846347,15356,916736,5066,37550,226,10147,32,1487,258,11634,72509,71102,2812267,0
"2021-03-11",59989,1906336,21823,938559,4619,42169,247,10394,48,1535,295,11929,86726,71486.14,2898993,0
"2021-03-12",52202,1958538,30311,968870,4182,46351,376,10770,85,1620,461,12390,87156,71258.57,2986149,0
"2021-03-13",40651,1999189,26687,995557,5110,51461,324,11094,52,1672,376,12766,72824,71407,3058973,0
"2021-03-14",30718,2029907,15970,1011527,4525,55986,242,11336,27,1699,269,13035,51482,70558.86,3110455,0
"2021-03-15",33590,2063497,17258,1028785,4712,60698,234,11570,33,1732,267,13302,55827,69494.43,3166282,0
"2021-03-16",38671,2102168,20515,1049300,4927,65625,256,11826,35,1767,291,13593,64404,70132.57,3230686,0
"2021-03-17",42618,2144786,24797,1074097,4244,69869,342,12168,37,1804,379,13972,72038,70065.29,3302724,0
"2021-03-18",50449,2195235,26807,1100904,5236,75105,370,12538,60,1864,430,14402,82922,69521.86,3385646,0
"2021-03-19",47795,2243030,29962,1130866,5625,80730,390,12928,71,1935,461,14863,83843,69048.57,3469489,0
"2021-03-20",38712,2281742,25839,1156705,4686,85416,296,13224,59,1994,355,15218,69592,68586.86,3539081,0
"2021-03-21",29304,2311046,19355,1176060,769,86185,224,13448,44,2038,268,15486,49696,68331.71,3588777,0
"2021-03-22",33865,2344911,26743,1202803,4037,90222,262,13710,38,2076,300,15786,64945,69634.29,3653722,0
"2021-03-23",38436,2383347,32842,1235645,4218,94440,294,14004,56,2132,350,16136,75846,71268.86,3729568,0
"2021-03-24",41500,2424847,37605,1273250,4848,99288,331,14335,62,2194,393,16529,84346,73027.14,3813914,0
"2021-03-25",43404,2468251,50804,1324054,5055,104343,474,14809,86,2280,560,17089,99823,75441.57,3913737,0
"2021-03-26",38503,2506754,55517,1379571,4309,108652,528,15337,97,2377,625,17714,98954,77600.29,4012691,0
"2021-03-27",35737,2542491,45759,1425330,2939,111591,417,15754,82,2459,499,18213,84934,79792,4097625,0
"2021-03-28",26390,2568881,34459,1459789,1482,113073,335,16089,65,2524,400,18613,62731,81654.14,4160356,0
"2021-03-29",34816,2603697,38874,1498663,3246,116319,342,16431,110,2634,452,19065,77388,83431.71,4237744,0
"2021-03-30",40512,2644209,41925,1540588,3714,120033,340,16771,65,2699,405,19470,86556,84961.71,4324300,0
"2021-03-31",49398,2693607,44873,1585461,7440,127473,403,17174,88,2787,491,19961,102202,87512.57,4426502,0
"2021-04-01",50782,2744389,53955,1639416,11276,138749,498,17672,85,2872,583,20544,116596,89908.71,4543098,0
"2021-04-02",43756,2788145,53890,1693306,11971,150720,548,18220,73,2945,621,21165,110238,91520.71,4653336,0
"2021-04-03",39252,2827397,39221,1732527,9859,160579,332,18552,58,3003,390,21555,88722,92061.86,4742058,0
"2021-04-04",26558,2853955,24788,1757315,3903,164482,224,18776,49,3052,273,21828,55522,91032,4797580,0
"2021-04-05",41886,2895841,34489,1791804,11198,175680,371,19147,60,3112,431,22259,88004,92548.57,4885584,0
"2021-04-06",53268,2949109,35616,1827420,13218,188898,432,19579,74,3186,506,22765,102608,94841.71,4988192,0
"2021-04-07",55507,3004616,40699,1868119,14391,203289,401,19980,80,3266,481,23246,111078,96109.71,5099270,0
"2021-04-08",59263,3063879,46598,1914717,16341,219630,520,20500,85,3351,605,23851,122807,96997,5222077,0
"2021-04-09",56650,3120529,44963,1959680,17559,237189,516,21016,76,3427,592,24443,119764,98357.86,5341841,0
"2021-04-10",49347,3169876,35649,1995329,12726,249915,389,21405,60,3487,449,24892,98171,99707.71,5440012,0
"2021-04-11",38181,3208057,28820,2024149,7681,257596,295,21700,57,3544,352,25244,75034,102495.14,5515046,0
"2021-04-12",46637,3254694,31843,2055992,13502,271098,467,22167,65,3609,532,25776,92514,103139.43,5607560,0
"2021-04-13",52548,3307242,33790,2089782,368,271466,394,22561,63,3672,457,26233,87163,100933,5694723,0
"2021-04-14",50145,3357387,39962,2129744,20,271486,370,22931,71,3743,441,26674,90568,98003,5785291,0
"2021-04-15",52119,3409506,43686,2173430,16,271502,454,23385,104,3847,558,27232,96379,94227.57,5881670,0
"2021-04-16",51187,3460693,42215,2215645,32,271534,427,23812,69,3916,496,27728,93930,90537,5975600,0
"2021-04-17",43835,3504528,35697,2251342,3,271537,365,24177,83,3999,448,28176,79983,87938.71,6055583,0
"2021-04-18",28606,3533134,29370,2280712,7,271544,252,24429,64,4063,316,28492,58299,85548,6113882,0
"2021-04-19",37468,3570602,36453,2317165,22,271566,323,24752,64,4127,387,28879,74330,82950.29,6188212,0
"2021-04-20",40812,3611414,39627,2356792,19,271585,316,25068,78,4205,394,29273,80852,82048.71,6269064,0
"2021-04-21",38898,3650312,46018,2402810,16,271601,498,25566,97,4302,595,29868,85527,81328.57,6354591,0
"2021-04-22",38492,3688804,48963,2451773,9,271610,338,25904,74,4376,412,30280,87876,80113.86,6442467,0
"2021-04-23",39696,3728500,44381,2496154,3,271613,350,26254,73,4449,423,30703,84503,78767.14,6526970,0
"2021-04-24",31949,3760449,41603,2537757,44,271657,276,26530,63,4512,339,31042,73935,77903.14,6600905,0
"2021-04-25",18424,3778873,31226,2568983,86,271743,196,26726,57,4569,253,31295,49989,76716,6650894,0
"2021-04-26",26969,3805842,40739,2609722,1013,272756,284,27010,86,4655,370,31665,69091,75967.57,6719985,0
"2021-04-27",28575,3834417,47142,2656864,1698,274454,352,27362,92,4747,444,32109,77859,75540,6797844,0
"2021-04-28",27031,3861448,56846,2713710,2147,276601,431,27793,99,4846,530,32639,86554,75686.71,6884398,0
"2021-04-29",28613,3890061,57201,2770911,2149,278750,366,28159,100,4946,466,33105,88429,75765.71,6972827,0
"2021-04-30",30119,3920180,51994,2822905,2055,280805,281,28440,76,5022,357,33462,84525,75768.86,7057352,0
"2021-05-01",22479,3942659,44541,2867446,1177,281982,232,28672,65,5087,297,33759,68494,74991.57,7125846,0
"2021-05-02",11922,3954581,36657,2904103,1081,283063,140,28812,54,5141,194,33953,49854,74972.29,7175700,0
"2021-05-03",18024,3972605,53033,2957136,2383,285446,251,29063,92,5233,343,34296,73783,75642.57,7249483,0
"2021-05-04",22734,3995339,56650,3013786,2331,287777,267,29330,116,5349,383,34679,82098,76248.14,7331581,0
"2021-05-05",21477,4016816,48767,3062553,2313,290090,310,29640,101,5450,411,35090,72968,74307.29,7404549,0
"2021-05-06",20678,4037494,50182,3112735,2508,292598,271,29911,88,5538,359,35449,73727,72207,7478276,0
"2021-05-07",21251,4058745,52094,3164829,2813,295411,310,30221,78,5616,388,35837,76546,71067.14,7554822,0
"2021-05-08",16630,4075375,41869,3206698,1835,297246,231,30452,68,5684,299,36136,60633,69944.14,7615455,0
"2021-05-09",7973,4083348,29413,3236111,1260,298506,150,30602,56,5740,206,36342,38852,68372.43,7654307,0
"2021-05-10",14386,4097734,38536,3274647,2355,300861,233,30835,90,5830,323,36665,55600,65774.86,7709907,0
"2021-05-11",19913,4117647,43062,3317709,2514,303375,282,31117,85,5915,367,37032,65856,63454.57,7775763,0
"2021-05-12",17812,4135459,40546,3358255,3596,306971,229,31346,79,5994,308,37340,62262,61925.14,7838025,0
"2021-05-13",24973,4160432,40431,3398686,3230,310201,260,31606,77,6071,337,37677,68971,61245.71,7906996,0
"2021-05-14",27036,4187468,42927,3441613,3537,313738,261,31867,96,6167,357,38034,73857,60861.57,7980853,0
"2021-05-15",23651,4211119,34919,3476532,3365,317103,253,32120,75,6242,328,38362,62263,61094.43,8043116,0
"2021-05-16",15523,4226642,19454,3495986,2496,319599,121,32241,45,6287,166,38528,37639,60921.14,8080755,0
"2021-05-17",22672,4249314,29146,3525132,3256,322855,177,32418,67,6354,244,38772,55318,60880.86,8136073,0
"2021-05-18",24638,4273952,31911,3557043,3406,326261,238,32656,72,6426,310,39082,60265,60082.14,8196338,0
"2021-05-19",24190,4298142,29720,3586763,3040,329301,226,32882,48,6474,274,39356,57224,59362.43,8253562,0
"2021-05-20",24152,4322294,30100,3616863,3162,332463,262,33144,86,6560,348,39704,57762,57761.14,8311324,0
"2021-05-21",24679,4346973,32002,3648865,3056,335519,245,33389,58,6618,303,40007,60040,55787.29,8371364,0
"2021-05-22",20021,4366994,24366,3673231,2525,338044,162,33551,48,6666,210,40217,47122,53624.29,8418486,0
"2021-05-23",11232,4378226,13733,3686964,1411,339455,93,33644,32,6698,125,40342,26501,52033.14,8444987,0
"2021-05-24",18875,4397101,23160,3710124,2756,342211,214,33858,55,6753,269,40611,45060,50567.71,8490047,0
"2021-05-25",19429,4416530,23382,3733506,2603,344814,172,34030,57,6810,229,40840,45643,48478.86,8535690,0
"2021-05-26",18783,4435313,21092,3754598,2696,347510,199,34229,48,6858,247,41087,42818,46420.86,8578508,0
"2021-05-27",18471,4453784,21279,3775877,2529,350039,181,34410,59,6917,240,41327,42519,44243.29,8621027,0
"2021-05-28",17861,4471645,22886,3798763,2751,352790,187,34597,54,6971,241,41568,43739,41914.57,8664766,0
"2021-05-29",12709,4484354,17810,3816573,1755,354545,106,34703,39,7010,145,41713,32419,39814.14,8697185,0
"2021-05-30",7030,4491384,8949,3825522,1074,355619,48,34751,17,7027,65,41778,17118,38473.71,8714303,0
"2021-05-31",4742,4496126,6924,3832446,1012,356631,64,34815,17,7044,81,41859,12759,33859.29,8727062,0
"2021-06-01",16046,4512172,25197,3857643,2177,358808,152,34967,43,7087,195,42054,43615,33569.57,8770677,0
"2021-06-02",15355,4527527,20392,3878035,2095,360903,139,35106,48,7135,187,42241,38029,32885.43,8808706,0
"2021-06-03",15003,4542530,23825,3901860,2281,363184,128,35234,43,7178,171,42412,41280,32708.43,8849986,0
"2021-06-04",14722,4557252,25998,3927858,2492,365676,144,35378,40,7218,184,42596,43396,32659.43,8893382,0
"2021-06-05",10992,4568244,22091,3949949,1806,367482,115,35493,28,7246,143,42739,35032,33032.71,8928414,0
"2021-06-06",6443,4574687,14484,3964433,1222,368704,88,35581,13,7259,101,42840,22250,33765.86,8950664,0
"2021-06-07",11703,4586390,21784,3986217,2378,371082,139,35720,37,7296,176,43016,36041,37091.86,8986705,0
"2021-06-08",12636,4599026,24024,4010241,2072,373154,120,35840,46,7342,166,43182,38898,36418,9025603,0
"2021-06-09",11135,4610161,23028,4033269,2299,375453,135,35975,40,7382,175,43357,36637,36219.14,9062240,0
"2021-06-10",12065,4622226,22235,4055504,2462,377915,139,36114,59,7441,198,43555,36960,35602,9099200,0
"2021-06-11",12710,4634936,25123,4080627,2484,380399,156,36270,58,7499,214,43769,40531,35192.71,9139731,0
"2021-06-12",10166,4645102,19315,4099942,1888,382287,93,36363,42,7541,135,43904,31504,34688.71,9171235,0
"2021-06-13",4257,4649359,10936,4110878,1219,383506,41,36404,22,7563,63,43967,16475,33863.71,9187710,0
"2021-06-14",10209,4659568,19240,4130118,2043,385549,128,36532,51,7614,179,44146,31671,33239.43,9219381,0
"2021-06-15",11883,4671451,21018,4151136,1943,387492,131,36663,40,7654,171,44317,35015,32684.71,9254396,0
"2021-06-16",11587,4683038,19412,4170548,1957,389449,140,36803,68,7722,208,44525,33164,32188.57,9287560,0
"2021-06-17",11025,4694063,18761,4189309,1973,391422,123,36926,35,7757,158,44683,31917,31468.14,9319477,0
"2021-06-18",12166,4706229,18501,4207810,2116,393538,114,37040,36,7793,150,44833,32933,30382.71,9352410,0
"2021-06-19",8498,4714727,13517,4221327,1459,394997,83,37123,21,7814,104,44937,23578,29250.43,9375988,0
"2021-06-20",4336,4719063,7158,4228485,924,395921,36,37159,17,7831,53,44990,12471,28678.43,9388459,0
"2021-06-21",10162,4729225,10011,4238496,1807,397728,68,37227,27,7858,95,45085,22075,27307.57,9410534,0
"2021-06-22",9839,4739064,15640,4254136,1589,399317,105,37332,28,7886,133,45218,27201,26191.29,9437735,0
"2021-06-23",10312,4749376,15186,4269322,1863,401180,102,37434,30,7916,132,45350,27493,25381.14,9465228,0
"2021-06-24",9686,4759062,14699,4284021,1799,402979,119,37553,26,7942,145,45495,26329,24582.86,9491557,0
"2021-06-25",10590,4769652,14388,4298409,1721,404700,111,37664,38,7980,149,45644,26848,23713.57,9518405,0
"2021-06-26",7801,4777453,10465,4308874,1251,405951,74,37738,24,8004,98,45742,19615,23147.43,9538020,0
"2021-06-27",5001,4782454,6002,4314876,795,406746,33,37771,14,8018,47,45789,11845,23058,9549865,0
"2021-06-28",9036,4791490,10344,4325220,1526,408272,109,37880,26,8044,135,45924,21041,22910.29,9570906,0
"2021-06-29",9743,4801233,12323,4337543,1347,409619,122,38002,31,8075,153,46077,23566,22391,9594472,0
"2021-06-30",9435,4810668,10929,4348472,1487,411106,147,38149,16,8091,163,46240,22014,21608.29,9616486,0
"2021-07-01",9396,4820064,10928,4359400,1434,412540,127,38276,24,8115,151,46391,21909,20976.86,9638395,0
"2021-07-02",9693,4829757,11452,4370852,1541,414081,118,38394,22,8137,140,46531,22826,20402.29,9661221,0
"2021-07-03",7056,4836813,8422,4379274,1193,415274,76,38470,17,8154,93,46624,16764,19995,9677985,0
"2021-07-04",1288,4838101,1335,4380609,567,415841,9,38479,3,8157,12,46636,3202,18760.29,9681187,0
"2021-07-05",6497,4844598,7106,4387715,1208,417049,63,38542,22,8179,85,46721,14896,17882.43,9696083,0
"2021-07-06",9512,4854110,12850,4400565,1316,418365,114,38656,37,8216,151,46872,23829,17920,9719912,0
"2021-07-07",8666,4862776,11110,4411675,1419,419784,123,38779,19,8235,142,47014,21337,17823.29,9741249,0
"2021-07-08",8209,4870985,10193,4421868,1260,421044,107,38886,21,8256,128,47142,19790,17520.57,9761039,0
"2021-07-09",8374,4879359,10835,4432703,1278,422322,90,38976,18,8274,108,47250,20595,17201.86,9781634,0
"2021-07-10",7104,4886463,8633,4441336,1132,423454,62,39038,20,8294,82,47332,16951,17228.57,9798585,0
"2021-07-11",4105,4890568,4540,4445876,703,424157,34,39072,6,8300,40,47372,9388,18112.29,9807973,0
"2021-07-12",8448,4899016,9560,4455436,1251,425408,82,39154,23,8323,105,47477,19364,18750.57,9827337,0
"2021-07-13",9459,4908475,9393,4464829,952,426360,105,39259,34,8357,139,47616,19943,18195.43,9847280,0
"2021-07-14",9001,4917476,9531,4474360,1011,427371,105,39364,21,8378,126,47742,19669,17957.14,9866949,0
"2021-07-15",8789,4926265,9156,4483516,1054,428425,81,39445,19,8397,100,47842,19099,17858.43,9886048,0
"2021-07-16",9242,4935507,9762,4493278,981,429406,102,39547,29,8426,131,47973,20116,17790,9906164,0
"2021-07-17",6842,4942349,7387,4500665,803,430209,80,39627,19,8445,99,48072,15131,17530,9921295,0
"2021-07-18",4256,4946605,4284,4504949,576,430785,35,39662,13,8458,48,48120,9164,17498,9930459,0
"2021-07-19",9120,4955725,8478,4513427,999,431784,91,39753,22,8480,113,48233,18710,17404.57,9949169,0
"2021-07-20",10648,4966373,8758,4522185,991,432775,95,39848,25,8505,120,48353,20517,17486.57,9969686,0
"2021-07-21",10049,4976422,8765,4530950,903,433678,146,39994,33,8538,179,48532,19896,17519,9989582,0
"2021-07-22",10686,4987108,8588,4539538,1046,434724,144,40138,25,8563,169,48701,20489,17717.57,10010071,0
"2021-07-23",11252,4998360,8881,4548419,1114,435838,139,40277,23,8586,162,48863,21409,17902.29,10031480,0
"2021-07-24",7403,5005763,6738,4555157,670,436508,82,40359,24,8610,106,48969,14917,17871.71,10046397,0
"2021-07-25",5477,5011240,2126,4557283,509,437017,58,40417,4,8614,62,49031,8174,17730.29,10054571,0
"2021-07-26",10872,5022112,7004,4564287,859,437876,109,40526,20,8634,129,49160,18864,17752.29,10073435,0
"2021-07-27",12054,5034166,8566,4572853,857,438733,134,40660,38,8672,172,49332,21649,17914,10095084,0
"2021-07-28",11989,5046155,8051,4580904,950,439683,131,40791,27,8699,158,49490,21148,18092.86,10116232,0
"2021-07-29",10933,5057088,7431,4588335,984,440667,133,40924,38,8737,171,49661,19519,17954.29,10135751,0
"2021-07-30",14955,5072043,8013,4596348,1151,441818,181,41105,31,8768,212,49873,24331,18371.71,10160082,0
"2021-07-31",9725,5081768,6316,4602664,815,442633,121,41226,20,8788,141,50014,16997,18668.86,10177079,0
"2021-08-01",6502,5088270,3310,4605974,564,443197,81,41307,20,8808,101,50115,10477,18997.86,10187556,0
"2021-08-02",13449,5101719,7157,4613131,847,444044,144,41451,18,8826,162,50277,21615,19390.86,10209171,0
"2021-08-03",15411,5117130,8387,4621518,1109,445153,144,41595,38,8864,182,50459,25089,19882.29,10234260,0
"2021-08-04",17264,5134394,8127,4629645,1454,446607,181,41776,34,8898,215,50674,27060,20726.86,10261320,0
"2021-08-05",17885,5152279,7929,4637574,1370,447977,160,41936,20,8918,180,50854,27364,21847.57,10288684,0
"2021-08-06",18185,5170464,8412,4645986,1233,449210,165,42101,32,8950,197,51051,28027,22375.57,10316711,0
"2021-08-07",13388,5183852,6014,4652000,799,450009,99,42200,28,8978,127,51178,20328,22851.43,10337039,0
"2021-08-08",9310,5193162,3835,4655835,400,450409,82,42282,10,8988,92,51270,13637,23302.86,10350676,0
"2021-08-09",21347,5214509,8527,4664362,965,451374,167,42449,34,9022,201,51471,31040,24649.29,10381716,0
"2021-08-10",18932,5233441,9329,4673691,946,452320,179,42628,33,9055,212,51683,29419,25267.86,10411135,0
"2021-08-11",15649,5249090,8310,4682001,853,453173,128,42756,45,9100,173,51856,24985,24971.43,10436120,0
"2021-08-12",15040,5264130,8982,4690983,940,454113,171,42927,35,9135,206,52062,25168,24657.71,10461288,0
"2021-08-13",14929,5279059,9289,4700272,920,455033,240,43167,37,9172,277,52339,25415,24284.57,10486703,0
"2021-08-14",10404,5289463,6406,4706678,625,455658,530,43697,40,9212,570,52909,18005,23952.71,10504708,0
"2021-08-15",6694,5296157,4478,4711156,676,456334,567,44264,33,9245,600,53509,12448,23782.86,10517156,0
"2021-08-16",15722,5311879,9300,4720456,1150,457484,1318,45582,65,9310,1383,54892,27555,23285,10544711,0
"2021-08-17",17768,5329647,10436,4730892,1225,458709,1768,47350,84,9394,1852,56744,31281,23551,10575992,0
"2021-08-18",17507,5347154,10360,4741252,1260,459969,1988,49338,95,9489,2083,58827,31210,24440.29,10607202,0
"2021-08-19",16296,5363450,9522,4750774,1315,461284,1954,51292,65,9554,2019,60846,29152,25009.43,10636354,0
"2021-08-20",16280,5379730,11537,4762311,1254,462538,1859,53151,84,9638,1943,62789,31014,25809.29,10667368,0
"2021-08-21",11148,5390878,8040,4770351,878,463416,1057,54208,56,9694,1113,63902,21179,26262.71,10688547,0
"2021-08-22",4080,5394958,3901,4774252,262,463678,515,54723,34,9728,549,64451,8792,25740.43,10697339,0
"2021-08-23",15582,5410540,11799,4786051,1023,464701,1547,56270,75,9803,1622,66073,30026,26093.43,10727365,0
"2021-08-24",16913,5427453,12596,4798647,1006,465707,1775,58045,76,9879,1851,67924,32366,26248.43,10759731,0
"2021-08-25",14579,5442032,12449,4811096,1111,466818,1565,59610,76,9955,1641,69565,29780,26044.14,10789511,0
"2021-08-26",16156,5458188,14091,4825187,1071,467889,1771,61381,67,10022,1838,71403,33156,26616.14,10822667,0
"2021-08-27",14877,5473065,14825,4840012,971,468860,1670,63051,74,10096,1744,73147,32417,26816.57,10855084,0
"2021-08-28",10683,5483748,11522,4851534,835,469695,1014,64065,45,10141,1059,74206,24099,27233.71,10879183,0
"2021-08-29",7218,5490966,7495,4859029,541,470236,778,64843,57,10198,835,75041,16089,28276.14,10895272,0
"2021-08-30",15524,5506490,16927,4875956,1076,471312,1791,66634,86,10284,1877,76918,35404,29044.43,10930676,0
"2021-08-31",15513,5522003,15959,4891915,951,472263,1971,68605,87,10371,2058,78976,34481,29346.57,10965157,0
"2021-09-01",14831,5536834,14101,4906016,1020,473283,1809,70414,61,10432,1870,80846,31822,29638.29,10996979,0
"2021-09-02",14328,5551162,12523,4918539,896,474179,1705,72119,61,10493,1766,82612,29513,29117.86,11026492,0
"2021-09-03",15015,5566177,14306,4932845,974,475153,1896,74015,69,10562,1965,84577,32260,29095.43,11058752,0
"2021-09-04",9647,5575824,9405,4942250,688,475841,974,74989,34,10596,1008,85585,20748,28616.71,11079500,0
"2021-09-05",6803,5582627,5515,4947765,438,476279,711,75700,16,10612,727,86312,13483,28244.43,11092983,0
"2021-09-06",5196,5587823,4512,4952277,358,476637,270,75970,11,10623,281,86593,10347,24664.86,11103330,0
"2021-09-07",15577,5603400,17702,4969979,912,477549,1553,77523,87,10710,1640,88233,35831,24857.71,11139161,0
"2021-09-08",16161,5619561,14825,4984804,1072,478621,1771,79294,83,10793,1854,90087,33912,25156.29,11173073,0
"2021-09-09",16110,5635671,14753,4999557,1047,479668,1913,81207,73,10866,1986,92073,33896,25782.43,11206969,0
"2021-09-10",18374,5654045,15391,5014948,1208,480876,1971,83178,81,10947,2052,94125,37025,26463.14,11243994,0
"2021-09-11",12637,5666682,10348,5025296,958,481834,1028,84206,48,10995,1076,95201,25019,27073.29,11269013,0
"2021-09-12",8540,5675222,5052,5030348,766,482600,690,84896,29,11024,719,95920,15077,27301,11284090,0
"2021-09-13",16933,5692155,12960,5043308,976,483576,1653,86549,53,11077,1706,97626,32575,30476.43,11316665,0
"2021-09-14",16268,5708423,13677,5056985,886,484462,1595,88144,55,11132,1650,99276,32481,29997.86,11349146,0
"2021-09-15",15543,5723966,12881,5069866,727,485189,1568,89712,78,11210,1646,100922,30797,29552.86,11379943,0
"2021-09-16",15342,5739308,13910,5083776,1209,486398,1457,91169,66,11276,1523,102445,31984,29279.71,11411927,0
"2021-09-17",14436,5753744,13963,5097739,922,487320,1827,92996,56,11332,1883,104328,31204,28448.14,11443131,0
"2021-09-18",9999,5763743,10181,5107920,913,488233,1047,94043,41,11373,1088,105416,22181,28042.71,11465312,0
"2021-09-19",6178,5769921,6072,5113992,558,488791,747,94790,29,11402,776,106192,13584,27829.43,11478896,0
"2021-09-20",12676,5782597,12630,5126622,1068,489859,1921,96711,58,11460,1979,108171,28353,27226.29,11507249,0
"2021-09-21",12233,5794830,12768,5139390,1109,490968,2026,98737,78,11538,2104,110275,28214,26616.71,11535463,0
"2021-09-22",12822,5807652,12008,5151398,1089,492057,1683,100420,67,11605,1750,112025,27669,26169.86,11563132,0
"2021-09-23",14938,5822590,12760,5164158,1639,493696,2266,102686,73,11678,2339,114364,31676,26125.86,11594808,0
"2021-09-24",16446,5839036,13368,5177526,1636,495332,4626,107312,113,11791,4739,119103,36189,26838,11630997,0
"2021-09-25",10541,5849577,9024,5186550,1018,496350,3463,110775,75,11866,3538,122641,24121,27115.14,11655118,0
"2021-09-26",6302,5855879,5761,5192311,773,497123,2426,113201,55,11921,2481,125122,15317,27362.71,11670435,0
"2021-09-27",14163,5870042,8054,5200365,1155,498278,9060,122261,158,12079,9218,134340,32590,27968,11703025,0
"2021-09-28",11145,5881187,11781,5212146,902,499180,9912,132173,174,12253,10086,144426,33914,28782.29,11736939,0
"2021-09-29",11608,5892795,12193,5224339,1205,500385,9454,141627,161,12414,9615,154041,34621,29775.43,11771560,0
"2021-09-30",12238,5905033,12605,5236944,1338,501723,9749,151376,172,12586,9921,163962,36102,30407.71,11807662,0
"2021-10-01",12645,5917678,13432,5250376,1284,503007,10269,161645,147,12733,10416,174378,37777,30634.57,11845439,0
"2021-10-02",7730,5925408,9975,5260351,865,503872,4243,165888,75,12808,4318,178696,22888,30458.43,11868327,0
"2021-10-03",5086,5930494,6157,5266508,593,504465,2613,168501,56,12864,2669,181365,14505,30342.43,11882832,0
"2021-10-04",9908,5940402,11023,5277531,913,505378,9527,178028,140,13004,9667,191032,31511,30188.29,11914343,0
"2021-10-05",10157,5950559,11739,5289270,972,506350,9937,187965,175,13179,10112,201144,32980,30054.86,11947323,0
"2021-10-06",9920,5960479,11061,5300331,937,507287,9933,197898,154,13333,10087,211231,32005,29681.14,11979328,0
"2021-10-07",9658,5970137,12173,5312504,850,508137,10180,208078,169,13502,10349,221580,33030,29242.29,12012358,0
"2021-10-08",9457,5979594,12173,5324677,941,509078,10908,218986,163,13665,11071,232651,33642,28651.57,12046000,0
"2021-10-09",6264,5985858,8270,5332947,649,509727,4121,223107,91,13756,4212,236863,19395,28152.57,12065395,0
"2021-10-10",3542,5989400,5030,5337977,458,510185,2433,225540,42,13798,2475,239338,11505,27724,12076900,0
"2021-10-11",7620,5997020,9329,5347306,728,510913,8890,234430,159,13957,9049,248387,26726,27040.43,12103626,0
"2021-10-12",8076,6005096,10996,5358302,891,511804,10514,244944,181,14138,10695,259082,30658,26708.71,12134284,0
"2021-10-13",7151,6012247,10148,5368450,869,512673,8799,253743,176,14314,8975,268057,27143,26014.14,12161427,0
"2021-10-14",7448,6019695,11114,5379564,836,513509,10116,263859,161,14475,10277,278334,29675,25534.86,12191102,0
"2021-10-15",7730,6027425,11858,5391422,823,514332,10823,274682,166,14641,10989,289323,31400,25214.57,12222502,0
"2021-10-16",4862,6032287,7469,5398891,666,514998,3845,278527,65,14706,3910,293233,16907,24859.14,12239409,0
"2021-10-17",3061,6035348,4473,5403364,411,515409,2452,280979,41,14747,2493,295726,10438,24706.71,12249847,0
"2021-10-18",7049,6042397,10664,5414028,796,516205,9485,290464,174,14921,9659,305385,28168,24912.71,12278015,0
"2021-10-19",6576,6048973,8946,5422974,804,517009,9089,299553,169,15090,9258,314643,25584,24187.86,12303599,0
"2021-10-20",6534,6055507,9376,5432350,975,517984,9991,309544,170,15260,10161,324804,27046,24174,12330645,0
"2021-10-21",7028,6062535,9383,5441733,858,518842,10844,320388,149,15409,10993,335797,28262,23972.14,12358907,0
"2021-10-22",8122,6070657,10341,5452074,1026,519868,16353,336741,211,15620,16564,352361,36053,24636.86,12394960,0
"2021-10-23",5168,6075825,6457,5458531,690,520558,9126,345867,113,15733,9239,361600,21554,25300.71,12416514,0
"2021-10-24",3274,6079099,3972,5462503,769,521327,6155,352022,75,15808,6230,367830,14245,25844.57,12430759,0
"2021-10-25",8770,6087869,8740,5471243,1150,522477,19247,371269,290,16098,19537,387367,38197,27277.29,12468956,0
"2021-10-26",8202,6096071,7722,5478965,1258,523735,17291,388560,259,16357,17550,404917,34732,28584.14,12503688,0
"2021-10-27",10559,6106630,8393,5487358,1604,525339,20859,409419,310,16667,21169,426086,41725,30681.14,12545413,0
"2021-10-28",11329,6117959,8033,5495391,1793,527132,20846,430265,314,16981,21160,447246,42315,32688.71,12587728,0
"2021-10-29",11863,6129822,8239,5503630,1957,529089,22539,452804,318,17299,22857,470103,44916,33954.86,12632644,0
"2021-10-30",4634,6134456,5061,5508691,930,530019,11170,463974,161,17460,11331,481434,21956,34012.29,12654600,0
"2021-10-31",2664,6137120,2702,5511393,544,530563,6638,470612,97,17557,6735,488169,12645,33783.71,12667245,0
"2021-11-01",7140,6144260,6954,5518347,1089,531652,20383,490995,317,17874,20700,508869,35883,33453.14,12703128,0
"2021-11-02",6582,6150842,6592,5524939,1054,532706,20783,511778,264,18138,21047,529916,35275,33530.71,12738403,0
"2021-11-03",6852,6157694,6679,5531618,1026,533732,20630,532408,302,18440,20932,550848,35489,32639.86,12773892,0
"2021-11-04",9313,6167007,6278,5537896,995,534727,22364,554772,343,18783,22707,573555,39293,32208.14,12813185,0
"2021-11-05",11055,6178062,6723,5544619,1051,535778,23765,578537,343,19126,24108,597663,42937,31925.43,12856122,0
"2021-11-06",11133,6189195,4051,5548670,594,536372,12594,591131,165,19291,12759,610422,28537,32865.57,12884659,0
"2021-11-07",7257,6196452,2286,5550956,577,536949,7108,598239,93,19384,7201,617623,17321,33533.57,12901980,0
"2021-11-08",15056,6211508,5679,5556635,864,537813,19515,617754,272,19656,19787,637410,41386,34319.71,12943366,0
"2021-11-09",16150,6227658,5389,5562024,660,538473,20515,638269,268,19924,20783,658193,42982,35420.71,12986348,0
"2021-11-10",16936,6244594,5320,5567344,683,539156,22650,660919,288,20212,22938,681131,45877,36904.71,13032225,0
"2021-11-11",12574,6257168,5188,5572532,759,539915,22086,683005,278,20490,22364,703495,40885,37132.14,13073110,0
"2021-11-12",16899,6274067,5686,5578218,705,540620,23402,706407,350,20840,23752,727247,47042,37718.57,13120152,0
"2021-11-13",9938,6284005,3662,5581880,463,541083,13327,719734,180,21020,13507,740754,27570,37580.43,13147722,0
"2021-11-14",6011,6290016,2292,5584172,325,541408,7934,727668,76,21096,8010,748764,16638,37482.86,13164360,0
"2021-11-15",13213,6303229,5975,5590147,690,542098,25115,752783,350,21446,25465,774229,45343,38048.14,13209703,0
"2021-11-16",9966,6313195,5782,5595929,656,542754,30670,783453,414,21860,31084,805313,47488,38691.86,13257191,0
"2021-11-17",10304,6323499,6670,5602599,681,543435,31428,814881,402,22262,31830,837143,49485,39207.29,13306676,0
"2021-11-18",10730,6334229,6542,5609141,857,544292,33018,847899,440,22702,33458,870601,51587,40736.14,13358263,0
"2021-11-19",12026,6346255,6550,5615691,715,545007,36242,884141,447,23149,36689,907290,55980,42013,13414243,0
"2021-11-20",9329,6355584,3418,5619109,513,545520,22517,906658,250,23399,22767,930057,36027,43221.14,13450270,0
"2021-11-21",4949,6360533,1888,5620997,288,545808,13205,919863,146,23545,13351,943408,20476,43769.43,13470746,0
"2021-11-22",10436,6370969,5788,5626785,750,546558,35930,955793,430,23975,36360,979768,53334,44911,13524080,0
"2021-11-23",9794,6380763,4782,5631567,636,547194,33522,989315,364,24339,33886,1013654,49098,45141,13573178,0
"2021-11-24",8710,6389473,4751,5636318,650,547844,25925,1015240,276,24615,26201,1039855,40312,43830.57,13613490,0
"2021-11-25",448,6389921,326,5636644,80,547924,1003,1016243,9,24624,1012,1040867,1866,36727.57,13615356,0
"2021-11-26",8059,6397980,6988,5643632,528,548452,26596,1042839,285,24909,26881,1067748,42456,34795.57,13657812,0
"2021-11-27",6684,6404664,6835,5650467,371,548823,18841,1061680,219,25128,19060,1086808,32950,34356,13690762,0
"2021-11-28",4084,6408748,5792,5656259,282,549105,11890,1073570,116,25244,12006,1098814,22164,34597.14,13712926,0
"2021-11-29",9116,6417864,10999,5667258,687,549792,35080,1108650,421,25665,35501,1134315,56303,35021.29,13769229,0
"2021-11-30",10518,6428382,11435,5678693,512,550304,37786,1146436,481,26146,38267,1172582,60732,36683.29,13829961,0
"2021-12-01",11194,6439576,10986,5689679,724,551028,40353,1186789,431,26577,40784,1213366,63688,40022.71,13893649,0
"2021-12-02",11658,6451234,11041,5700720,627,551655,42165,1228954,444,27021,42609,1255975,65935,49175.43,13959584,0
"2021-12-03",13490,6464724,12889,5713609,675,552330,47942,1276896,509,27530,48451,1304426,75505,53896.71,14035089,0
"2021-12-04",9857,6474581,11291,5724900,567,552897,30678,1307574,298,27828,30976,1335402,52691,56716.86,14087780,0
"2021-12-05",5758,6480339,5706,5730606,270,553167,16660,1324234,126,27954,16786,1352188,28520,57624.86,14116300,0
"2021-12-06",12343,6492682,9954,5740560,600,553767,43246,1367480,436,28390,43682,1395870,66579,59092.86,14182879,0
"2021-12-07",12591,6505273,9260,5749820,625,554392,43046,1410526,489,28879,43535,1439405,66011,59847,14248890,0
"2021-12-08",13534,6518807,8775,5758595,554,554946,40795,1451321,458,29337,41253,1480658,64116,59908.14,14313006,0
"2021-12-09",13501,6532308,8752,5767347,555,555501,40825,1492146,479,29816,41304,1521962,64112,59647.71,14377118,0
"2021-12-10",14037,6546345,10145,5777492,671,556172,43671,1535817,483,30299,44154,1566116,69007,58719.43,14446125,0
"2021-12-11",10282,6556627,8126,5785618,405,556577,26698,1562515,273,30572,26971,1593087,45784,57732.71,14491909,0
"2021-12-12",6018,6562645,3854,5789472,288,556865,15172,1577687,131,30703,15303,1608390,25463,57296,14517372,0
"2021-12-13",12232,6574877,7431,5796903,658,557523,37885,1615572,386,31089,38271,1646661,58592,56155,14575964,0
"2021-12-14",12237,6587114,6959,5803862,731,558254,38158,1653730,420,31509,38578,1685239,58505,55082.71,14634469,0
"2021-12-15",12106,6599220,6242,5810104,755,559009,38135,1691865,482,31991,38617,1723856,57720,54169,14692189,0
"2021-12-16",13146,6612366,4270,5814374,740,559749,41051,1732916,434,32425,41485,1765341,59641,53530.29,14751830,0
"2021-12-17",15956,6628322,6932,5821306,620,560369,46780,1779696,470,32895,47250,1812591,70758,53780.43,14822588,0
"2021-12-18",13027,6641349,5717,5827023,432,560801,30623,1810319,265,33160,30888,1843479,50064,54391.86,14872652,0
"2021-12-19",7020,6648369,2994,5830017,326,561127,18008,1828327,170,33330,18178,1861657,28518,54828.29,14901170,0
"2021-12-20",16866,6665235,5868,5835885,746,561873,47456,1875783,560,33890,48016,1909673,71496,56671.71,14972666,0
"2021-12-21",17975,6683210,6572,5842457,806,562679,48916,1924699,574,34464,49490,1959163,74843,59005.71,15047509,0
"2021-12-22",18549,6701759,6563,5849020,939,563618,49693,1974392,524,34988,50217,2009380,76268,61655.43,15123777,0
"2021-12-23",19042,6720801,6484,5855504,930,564548,45861,2020253,512,35500,46373,2055753,72829,63539.43,15196606,0
"2021-12-24",9240,6730041,2954,5858458,598,565146,20596,2040849,212,35712,20808,2076561,33600,58231.14,15230206,0
"2021-12-25",344,6730385,63,5858521,31,565177,427,2041276,8,35720,435,2076996,873,51203.86,15231079,0
"2021-12-26",7965,6738350,3926,5862447,340,565517,17284,2058560,172,35892,17456,2094452,29687,51370.86,15260766,0
"2021-12-27",21796,6760146,9204,5871651,933,566450,43444,2102004,539,36431,43983,2138435,75916,52002.29,15336682,0
"2021-12-28",20162,6780308,8329,5879980,699,567149,47584,2149588,599,37030,48183,2186618,77373,52363.71,15414055,0
"2021-12-29",18504,6798812,7671,5887651,607,567756,45571,2195159,472,37502,46043,2232661,72825,51871.86,15486880,0
"2021-12-30",16889,6815701,7420,5895071,587,568343,44850,2240009,571,38073,45421,2278082,70317,51513,15557197,0
"2021-12-31",5357,6821058,2808,5897879,193,568536,14771,2254780,177,38250,14948,2293030,23306,50042.43,15580503,0
"2022-01-01",243,6821301,147,5898026,12,568548,501,2255281,21,38271,522,2293552,924,50049.71,15581427,0
"2022-01-02",6432,6827733,5021,5903047,153,568701,10978,2266259,110,38381,11088,2304640,22694,49050.71,15604121,0
"2022-01-03",14135,6841868,8495,5911542,514,569215,26935,2293194,324,38705,27259,2331899,50403,45406,15654524,0
"2022-01-04",12847,6854715,8112,5919654,414,569629,27211,2320405,351,39056,27562,2359461,48935,41343.43,15703459,0
"2022-01-05",11410,6866125,6998,5926652,382,570011,25923,2346328,302,39358,26225,2385686,45015,37370.57,15748474,0
"2022-01-06",11470,6877595,7383,5934035,483,570494,27537,2373865,328,39686,27865,2413551,47201,34068.29,15795675,0
"2022-01-07",10387,6887982,8418,5942453,338,570832,25033,2398898,312,39998,25345,2438896,44488,37094.29,15840163,0
"2022-01-08",7854,6895836,8566,5951019,310,571142,19466,2418364,176,40174,19642,2458538,36372,42158.29,15876535,0
"2022-01-09",4129,6899965,3842,5954861,214,571356,10063,2428427,93,40267,10156,2468694,18341,41536.43,15894876,0
"2022-01-10",10179,6910144,8190,5963051,490,571846,24605,2453032,298,40565,24903,2493597,43762,40587.71,15938638,0
"2022-01-11",8891,6919035,7985,5971036,521,572367,21028,2474060,280,40845,21308,2514905,38705,39126.29,15977343,0
"2022-01-12",8940,6927975,8319,5979355,427,572794,22337,2496397,287,41132,22624,2537529,40310,38454.14,16017653,0
"2022-01-13",9043,6937018,8865,5988220,451,573245,22874,2519271,314,41446,23188,2560717,41547,37646.43,16059200,0
"2022-01-14",10105,6947123,8119,5996339,476,573721,26439,2545710,316,41762,26755,2587472,45455,37784.57,16104655,0
"2022-01-15",6209,6953332,4307,6000646,178,573899,15145,2560855,175,41937,15320,2602792,26014,36304.86,16130669,0
"2022-01-16",2920,6956252,3249,6003895,95,573994,7825,2568680,82,42019,7907,2610699,14171,35709.14,16144840,0
"2022-01-17",6079,6962331,6754,6010649,363,574357,14683,2583363,214,42233,14897,2625596,28093,33470.71,16172933,0
"2022-01-18",8161,6970492,10322,6020971,396,574753,19668,2603031,314,42547,19982,2645578,38861,33493,16211794,0
"2022-01-19",7461,6977953,9250,6030221,304,575057,17719,2620750,270,42817,17989,2663567,35004,32735,16246798,0
"2022-01-20",6283,6984236,8560,6038781,305,575362,15251,2636001,241,43058,15492,2679059,30640,31176.86,16277438,0
"2022-01-21",7571,6991807,7505,6046286,276,575638,18511,2654512,279,43337,18790,2697849,34142,29560.71,16311580,0
"2022-01-22",5188,6996995,4939,6051225,131,575769,11321,2665833,126,43463,11447,2709296,21705,28945.14,16333285,0
"2022-01-23",2811,6999806,3328,6054553,97,575866,6229,2672062,76,43539,6305,2715601,12541,28712.29,16345826,0
"2022-01-24",6370,7006176,8204,6062757,262,576128,15073,2687135,235,43774,15308,2730909,30144,29005.29,16375970,0
"2022-01-25",6186,7012362,7932,6070689,233,576361,14695,2701830,255,44029,14950,2745859,29301,27639.57,16405271,0
"2022-01-26",5753,7018115,7171,6077860,289,576650,14018,2715848,209,44238,14227,2760086,27440,26559,16432711,0
"2022-01-27",5258,7023373,7092,6084952,321,576971,14084,2729932,228,44466,14312,2774398,26983,26036.57,16459694,0
"2022-01-28",6257,7029630,7874,6092826,203,577174,16132,2746064,235,44701,16367,2790765,30701,25545,16490395,0
"2022-01-29",840,7030470,728,6093554,28,577202,2539,2748603,39,44740,2578,2793343,4174,23040.57,16494569,0
"2022-01-30",2097,7032567,3022,6096576,103,577305,4536,2753139,63,44803,4599,2797942,9821,22652,16504390,0
"2022-01-31",5004,7037571,6593,6103169,220,577525,11388,2764527,197,45000,11585,2809527,23402,21688.86,16527792,0
"2022-02-01",4833,7042404,6434,6109603,219,577744,10715,2775242,218,45218,10933,2820460,22419,20705.71,16550211,0
"2022-02-02",4257,7046661,5929,6115532,213,577957,11235,2786477,240,45458,11475,2831935,21874,19910.57,16572085,0
"2022-02-03",4226,7050887,5814,6121346,216,578173,11218,2797695,200,45658,11418,2843353,21674,19152.14,16593759,0
"2022-02-04",4767,7055654,7112,6128458,214,578387,13217,2810912,236,45894,13453,2856806,25546,18415.71,16619305,0
"2022-02-05",3584,7059238,6049,6134507,110,578497,8575,2819487,150,46044,8725,2865531,18468,20457.71,16637773,0
"2022-02-06",2064,7061302,2137,6136644,121,578618,4633,2824120,104,46148,4737,2870268,9059,20348.86,16646832,0
"2022-02-07",4158,7065460,4727,6141371,205,578823,10131,2834251,231,46379,10362,2880630,19452,19784.57,16666284,0
"2022-02-08",4220,7069680,5609,6146980,214,579037,11328,2845579,300,46679,11628,2892258,21671,19677.71,16687955,0
"2022-02-09",4134,7073814,5405,6152385,222,579259,11663,2857242,251,46930,11914,2904172,21675,19649.29,16709630,0
"2022-02-10",3997,7077811,5123,6157508,245,579504,12197,2869439,283,47213,12480,2916652,21845,19673.71,16731475,0
"2022-02-11",4521,7082332,5802,6163310,195,579699,13730,2883169,317,47530,14047,2930699,24565,19533.57,16756040,0
"2022-02-12",3258,7085590,4341,6167651,97,579796,8811,2891980,212,47742,9023,2939722,16719,19283.71,16772759,0
"2022-02-13",1522,7087112,1544,6169195,41,579837,4879,2896859,110,47852,4989,2944711,8096,19146.14,16780855,0
"2022-02-14",2984,7090096,3624,6172819,167,580004,10569,2907428,323,48175,10892,2955603,17667,18891.14,16798522,0
"2022-02-15",3559,7093655,4071,6176890,175,580179,12784,2920212,278,48453,13062,2968665,20867,18776.29,16819389,0
"2022-02-16",3662,7097317,3907,6180797,200,580379,15719,2935931,291,48744,16010,2984675,23779,19076.86,16843168,0
"2022-02-17",4037,7101354,4081,6184878,162,580541,18277,2954208,355,49099,18632,3003307,26912,19800.71,16870080,0
"2022-02-18",4472,7105826,4784,6189662,190,580731,21531,2975739,451,49550,21982,3025289,31428,20781.14,16901508,0
"2022-02-19",3255,7109081,2181,6191843,65,580796,11178,2986917,216,49766,11394,3036683,16895,20806.29,16918403,0
"2022-02-20",1861,7110942,1444,6193287,59,580855,6580,2993497,113,49879,6693,3043376,10057,21086.43,16928460,0
"2022-02-21",3084,7114026,2695,6195982,95,580950,8350,3001847,228,50107,8578,3051954,14452,20627.14,16942912,0
"2022-02-22",4381,7118407,4252,6200234,175,581125,10832,3012679,250,50357,11082,3063036,19890,20487.57,16962802,0
"2022-02-23",4267,7122674,3788,6204022,145,581270,10664,3023343,241,50598,10905,3073941,19105,19819.86,16981907,0
"2022-02-24",3797,7126471,3656,6207678,108,581378,10192,3033535,227,50825,10419,3084360,17980,18543.86,16999887,0
"2022-02-25",3617,7130088,3627,6211305,134,581512,9979,3043514,237,51062,10216,3094576,17594,16567.57,17017481,0
"2022-02-26",2838,7132926,2578,6213883,74,581586,9512,3053026,154,51216,9666,3104242,15156,16319.14,17032637,0
"2022-02-27",1773,7134699,1373,6215256,52,581638,6265,3059291,101,51317,6366,3110608,9564,16248.71,17042201,0
"2022-02-28",3802,7138501,3133,6218389,141,581779,13129,3072420,248,51565,13377,3123985,20453,17106,17062654,0
"2022-03-01",2137,7140638,2627,6221016,103,581882,5172,3077592,185,51750,5357,3129342,10224,15725.14,17072878,0
"2022-03-02",1841,7142479,2439,6223455,106,581988,4129,3081721,208,51958,4337,3133679,8723,14242,17081601,0
"2022-03-03",1934,7144413,2555,6226010,106,582094,3797,3085518,169,52127,3966,3137645,8561,12896.43,17090162,0
"2022-03-04",2123,7146536,2874,6228884,66,582160,4330,3089848,207,52334,4537,3142182,9600,11754.43,17099762,0
"2022-03-05",1613,7148149,2123,6231007,43,582203,3318,3093166,115,52449,3433,3145615,7212,10619.57,17106974,0
"2022-03-06",799,7148948,879,6231886,30,582233,1622,3094788,55,52504,1677,3147292,3385,9736.86,17110359,0
"2022-03-07",1668,7150616,1786,6233672,86,582319,3497,3098285,161,52665,3658,3150950,7198,7843.29,17117557,0
"2022-03-08",1550,7152166,1892,6235564,79,582398,3124,3101409,149,52814,3273,3154223,6794,7353.29,17124351,0
"2022-03-09",1267,7153433,1677,6237241,79,582477,2585,3103994,130,52944,2715,3156938,5738,6926.86,17130089,0
"2022-03-10",1420,7154853,2100,6239341,85,582562,2954,3106948,164,53108,3118,3160056,6723,6664.29,17136812,0
"2022-03-11",1601,7156454,2274,6241615,81,582643,3213,3110161,187,53295,3400,3163456,7356,6343.71,17144168,0
"2022-03-12",880,7157334,1414,6243029,40,582683,2004,3112165,76,53371,2080,3165536,4414,5944,17148582,0
"2022-03-13",625,7157959,757,6243786,28,582711,1291,3113456,47,53418,1338,3166874,2748,5853,17151330,0
"2022-03-14",1373,7159332,1605,6245391,83,582794,2989,3116445,207,53625,3196,3170070,6257,5718.57,17157587,0
"2022-03-15",1361,7160693,1926,6247317,63,582857,3067,3119512,230,53855,3297,3173367,6647,5697.57,17164234,0
"2022-03-16",1400,7162093,2066,6249383,94,582951,3132,3122644,297,54152,3429,3176796,6989,5876.29,17171223,0
"2022-03-17",1191,7163284,1807,6251190,70,583021,2759,3125403,266,54418,3025,3179821,6093,5786.29,17177316,0
"2022-03-18",1594,7164878,2218,6253408,80,583101,3770,3129173,415,54833,4185,3184006,8077,5889.29,17185393,0
"2022-03-19",1114,7165992,1734,6255142,54,583155,2600,3131773,226,55059,2826,3186832,5728,6077,17191121,0
"2022-03-20",614,7166606,627,6255769,33,583188,1462,3133235,186,55245,1648,3188480,2922,6101.86,17194043,0
"2022-03-21",1419,7168025,1553,6257322,72,583260,3056,3136291,357,55602,3413,3191893,6457,6130.43,17200500,0
"2022-03-22",1346,7169371,1556,6258878,101,583361,2902,3139193,344,55946,3246,3195139,6249,6073.57,17206749,0
"2022-03-23",1261,7170632,1361,6260239,66,583427,2919,3142112,374,56320,3293,3198432,5981,5929.57,17212730,0
"2022-03-24",1213,7171845,1297,6261536,90,583517,2519,3144631,268,56588,2787,3201219,5387,5828.71,17218117,0
"2022-03-25",1391,7173236,1630,6263166,62,583579,3263,3147894,379,56967,3642,3204861,6725,5635.57,17224842,0
"2022-03-26",927,7174163,1162,6264328,36,583615,2307,3150201,251,57218,2558,3207419,4683,5486.29,17229525,0
"2022-03-27",574,7174737,528,6264856,29,583644,1312,3151513,204,57422,1516,3208935,2647,5447,17232172,0
"2022-03-28",1086,7175823,1164,6266020,69,583713,2438,3153951,364,57786,2802,3211737,5121,5256.14,17237293,0
"2022-03-29",1052,7176875,1105,6267125,85,583798,2514,3156465,880,58666,3394,3215131,5636,5168.57,17242929,0
"2022-03-30",1249,7178124,1141,6268266,98,583896,3067,3159532,3403,62069,6470,3221601,8958,5593.86,17251887,0
"2022-03-31",1290,7179414,1260,6269526,57,583953,3165,3162697,5505,67574,8670,3230271,11277,6435.29,17263164,0
"2022-04-01",1431,7180845,1500,6271026,76,584029,3248,3165945,6900,74474,10148,3240419,13155,7353.86,17276319,0
"2022-04-02",912,7181757,913,6271939,33,584062,2096,3168041,4524,78998,6620,3247039,8478,7896,17284797,0
"2022-04-03",560,7182317,499,6272438,28,584090,1223,3169264,3050,82048,4273,3251312,5360,8283.57,17290157,0
"2022-04-04",1355,7183672,1307,6273745,61,584151,2737,3172001,7696,89744,10433,3261745,13156,9431.43,17303313,0
"2022-04-05",1305,7184977,1163,6274908,66,584217,2856,3174857,7479,97223,10335,3272080,12869,10464.71,17316182,0
"2022-04-06",1346,7186323,1181,6276089,61,584278,2624,3177481,6947,104170,9571,3281651,12159,10922,17328341,0
"2022-04-07",1210,7187533,1067,6277156,57,584335,2378,3179859,6604,110774,8982,3290633,11316,10927.57,17339657,0
"2022-04-08",1485,7189018,1406,6278562,62,584397,3174,3183033,8779,119553,11953,3302586,14906,11177.71,17354563,0
"2022-04-09",918,7189936,924,6279486,29,584426,2080,3185113,4940,124493,7020,3309606,8891,11236.71,17363454,0
"2022-04-10",585,7190521,460,6279946,25,584451,1171,3186284,2893,127386,4064,3313670,5134,11204.43,17368588,0
"2022-04-11",1315,7191836,1239,6281185,59,584510,2670,3188954,7792,135178,10462,3324132,13075,11192.86,17381663,0
"2022-04-12",1223,7193059,1061,6282246,73,584583,2527,3191481,7410,142588,9937,3334069,12294,11110.71,17393957,0
"2022-04-13",1242,7194301,1080,6283326,59,584642,2517,3193998,7536,150124,10053,3344122,12434,11150,17406391,0
"2022-04-14",1277,7195578,1101,6284427,59,584701,2446,3196444,6568,156692,9014,3353136,11451,11169.29,17417842,0
"2022-04-15",1341,7196919,1099,6285526,53,584754,2569,3199013,6618,163310,9187,3362323,11680,10708.43,17429522,0
"2022-04-16",862,7197781,654,6286180,33,584787,1644,3200657,3677,166987,5321,3367644,6870,10419.71,17436392,0
"2022-04-17",347,7198128,202,6286382,27,584814,640,3201297,1154,168141,1794,3369438,2370,10024.86,17438762,0
"2022-04-18",1393,7199521,1118,6287500,82,584896,2585,3203882,6410,174551,8995,3378433,11588,9812.43,17450350,0
"2022-04-19",1425,7200946,939,6288439,72,584968,2573,3206455,5739,180290,8312,3386745,10748,9591.57,17461098,0
"2022-04-20",1320,7202266,1160,6289599,65,585033,2716,3209171,6619,186909,9335,3396080,11880,9512.43,17472978,0
"2022-04-21",1230,7203496,1066,6290665,53,585086,2332,3211503,5334,192243,7666,3403746,10015,9307.29,17482993,0
"2022-04-22",1218,7204714,1025,6291690,46,585132,2203,3213706,5634,197877,7837,3411583,10126,9085.29,17493119,0
"2022-04-23",718,7205432,751,6292441,59,585191,1427,3215133,3345,201222,4772,3416355,6300,9003.86,17499419,0
"2022-04-24",442,7205874,338,6292779,27,585218,813,3215946,1811,203033,2624,3418979,3431,9155.43,17502850,0
"2022-04-25",1032,7206906,918,6293697,64,585282,1853,3217799,5086,208119,6939,3425918,8953,8779,17511803,0
"2022-04-26",952,7207858,860,6294557,76,585358,1752,3219551,4686,212805,6438,3432356,8326,8433,17520129,0
"2022-04-27",1041,7208899,1025,6295582,80,585438,1928,3221479,5203,218008,7131,3439487,9277,8061.14,17529406,0
"2022-04-28",1092,7209991,989,6296571,50,585488,2006,3223485,4725,222733,6731,3446218,8862,7896.43,17538268,0
"2022-04-29",1190,7211181,1108,6297679,60,585548,2162,3225647,5386,228119,7548,3453766,9906,7865,17548174,0
"2022-04-30",730,7211911,741,6298420,43,585591,1396,3227043,2952,231071,4348,3458114,5862,7802.43,17554036,0
"2022-05-01",447,7212358,366,6298786,20,585611,767,3227810,1654,232725,2421,3460535,3254,7777.14,17557290,0
"2022-05-02",1061,7213419,796,6299582,52,585663,1669,3229479,3815,236540,5484,3466019,7393,7554.29,17564683,0
"2022-05-03",1126,7214545,864,6300446,61,585724,1999,3231478,4856,241396,6855,3472874,8906,7637.14,17573589,0
"2022-05-04",1022,7215567,885,6301331,48,585772,1916,3233394,4640,246036,6556,3479430,8511,7527.71,17582100,0
"2022-05-05",1067,7216634,953,6302284,86,585858,1923,3235317,4868,250904,6791,3486221,8897,7532.71,17590997,0
"2022-05-06",1095,7217729,961,6303245,51,585909,1867,3237184,4382,255286,6249,3492470,8356,7311.29,17599353,0
"2022-05-07",661,7218390,591,6303836,32,585941,1204,3238388,2425,257711,3629,3496099,4913,7175.71,17604266,0
"2022-05-08",417,7218807,247,6304083,17,585958,665,3239053,1381,259092,2046,3498145,2727,7100.43,17606993,0
"2022-05-09",1087,7219894,947,6305030,60,586018,1888,3240941,4420,263512,6308,3504453,8402,7244.57,17615395,0
"2022-05-10",1098,7220992,931,6305961,54,586072,1988,3242929,4710,268222,6698,3511151,8781,7226.71,17624176,0
"2022-05-11",1095,7222087,981,6306942,44,586116,1940,3244869,4826,273048,6766,3517917,8886,7280.29,17633062,0
"2022-05-12",1107,7223194,951,6307893,60,586176,2002,3246871,4656,277704,6658,3524575,8776,7263,17641838,0
"2022-05-13",1164,7224358,1041,6308934,44,586220,2061,3248932,4782,282486,6843,3531418,9092,7368.14,17650930,0
"2022-05-14",832,7225190,670,6309604,31,586251,1471,3250403,2944,285430,4415,3535833,5948,7516,17656878,0
"2022-05-15",512,7225702,357,6309961,21,586272,923,3251326,1645,287075,2568,3538401,3458,7620.43,17660336,0
"2022-05-16",1233,7226935,861,6310822,62,586334,1827,3253153,3853,290928,5680,3544081,7836,7539.57,17668172,0
"2022-05-17",1302,7228237,927,6311749,79,586413,2051,3255204,4871,295799,6922,3551003,9230,7603.71,17677402,0
"2022-05-18",1250,7229487,902,6312651,82,586495,2064,3257268,4916,300715,6980,3557983,9214,7650.57,17686616,0
"2022-05-19",1173,7230660,882,6313533,36,586531,2118,3259386,4711,305426,6829,3564812,8920,7671.14,17695536,0
"2022-05-20",1207,7231867,960,6314493,74,586605,2365,3261751,5186,310612,7551,3572363,9792,7771.14,17705328,0
"2022-05-21",840,7232707,649,6315142,23,586628,1725,3263476,3286,313898,5011,3577374,6523,7853.29,17711851,0
"2022-05-22",513,7233220,291,6315433,22,586650,1134,3264610,1839,315737,2973,3580347,3799,7902,17715650,0
"2022-05-23",1227,7234447,892,6316325,47,586697,2187,3266797,4693,320430,6880,3587227,9046,8074.86,17724696,0
"2022-05-24",1438,7235885,941,6317266,66,586763,2294,3269091,4466,324896,6760,3593987,9205,8071.29,17733901,0
"2022-05-25",1441,7237326,960,6318226,56,586819,2263,3271354,4234,329130,6497,3600484,8954,8034.14,17742855,0
"2022-05-26",1185,7238511,878,6319104,60,586879,2263,3273617,4127,333257,6390,3606874,8513,7976,17751368,0
"2022-05-27",1259,7239770,958,6320062,38,586917,2491,3276108,3893,337150,6384,3613258,8639,7811.29,17760007,0
"2022-05-28",720,7240490,518,6320580,19,586936,1779,3277887,2060,339210,3839,3617097,5096,7607.43,17765103,0
"2022-05-29",475,7240965,218,6320798,11,586947,761,3278648,1117,340327,1878,3618975,2582,7433.57,17767685,0
"2022-05-30",91,7241056,57,6320855,6,586953,138,3278786,146,340473,284,3619259,438,6203.86,17768123,0
"2022-05-31",1143,7242199,917,6321772,51,587004,1883,3280669,3055,343528,4938,3624197,7049,5895.86,17775172,0
"2022-06-01",1159,7243358,849,6322621,63,587067,1966,3282635,3406,346934,5372,3629569,7443,5680,17782615,0
"2022-06-02",1037,7244395,802,6323423,72,587139,1822,3284457,3158,350092,4980,3634549,6891,5448.29,17789506,0
"2022-06-03",1171,7245566,890,6324313,47,587186,2055,3286512,3477,353569,5532,3640081,7640,5305.57,17797146,0
"2022-06-04",728,7246294,583,6324896,26,587212,1546,3288058,1894,355463,3440,3643521,4777,5260,17801923,0
"2022-06-05",450,7246744,297,6325193,1,587213,880,3288938,978,356441,1858,3645379,2606,5263.43,17804529,0
"2022-06-06",1127,7247871,826,6326019,64,587277,1752,3290690,2727,359168,4479,3649858,6496,6128.86,17811025,0
"2022-06-07",1031,7248902,766,6326785,70,587347,1767,3292457,2555,361723,4322,3654180,6189,6006,17817214,0
"2022-06-08",1098,7250000,835,6327620,75,587422,1870,3294327,2730,364453,4600,3658780,6608,5886.71,17823822,0
"2022-06-09",1147,7251147,839,6328459,61,587483,2214,3296541,2680,367133,4894,3663674,6941,5893.86,17830763,0
"2022-06-10",1055,7252202,820,6329279,75,587558,1879,3298420,2809,369942,4688,3668362,6638,5750.71,17837401,0
"2022-06-11",683,7252885,507,6329786,25,587583,1315,3299735,1504,371446,2819,3671181,4034,5644.57,17841435,0
"2022-06-12",352,7253237,285,6330071,21,587604,880,3300615,768,372214,1648,3672829,2306,5601.71,17843741,0
"2022-06-13",1038,7254275,766,6330837,63,587667,1567,3302182,2176,374390,3743,3676572,5610,5475.14,17849351,0
"2022-06-14",951,7255226,817,6331654,55,587722,1663,3303845,2487,376877,4150,3680722,5973,5444.29,17855324,0
"2022-06-15",979,7256205,854,6332508,39,587761,1642,3305487,2402,379279,4044,3684766,5916,5345.43,17861240,0
"2022-06-16",945,7257150,775,6333283,59,587820,1810,3307297,2347,381626,4157,3688923,5936,5201.86,17867176,0
"2022-06-17",903,7258053,793,6334076,47,587867,1746,3309043,2386,384012,4132,3693055,5875,5092.86,17873051,0
"2022-06-18",665,7258718,521,6334597,26,587893,1274,3310317,1291,385303,2565,3695620,3777,5056.14,17876828,0
"2022-06-19",353,7259071,236,6334833,16,587909,725,3311042,603,385906,1328,3696948,1933,5002.86,17878761,0
"2022-06-20",838,7259909,489,6335322,41,587950,1562,3312604,1611,387517,3173,3700121,4541,4850.14,17883302,0
"2022-06-21",1137,7261046,729,6336051,50,588000,1675,3314279,2121,389638,3796,3703917,5712,4812.86,17889014,0
"2022-06-22",1971,7263017,817,6336868,46,588046,1682,3315961,1981,391619,3663,3707580,6497,4895.86,17895511,0
"2022-06-23",2119,7265136,751,6337619,64,588110,1689,3317650,2140,393759,3829,3711409,6763,5014,17902274,0
"2022-06-24",2173,7267309,756,6338375,48,588158,1618,3319268,2134,395893,3752,3715161,6729,5136,17909003,0
"2022-06-25",2140,7269449,487,6338862,15,588173,1232,3320500,1134,397027,2366,3717527,5008,5311.86,17914011,0
"2022-06-26",1214,7270663,248,6339110,14,588187,679,3321179,531,397558,1210,3718737,2686,5419.43,17916697,0
"2022-06-27",1529,7272192,648,6339758,60,588247,1452,3322631,1602,399160,3054,3721791,5291,5526.57,17921988,0
"2022-06-28",1690,7273882,830,6340588,53,588300,1842,3324473,2123,401283,3965,3725756,6538,5644.57,17928526,0
"2022-06-29",1839,7275721,765,6341353,48,588348,1678,3326151,1912,403195,3590,3729346,6242,5608.14,17934768,0
"2022-06-30",1854,7277575,798,6342151,46,588394,1727,3327878,2090,405285,3817,3733163,6515,5572.71,17941283,0
"2022-07-01",1579,7279154,590,6342741,25,588419,1381,3329259,1716,407001,3097,3736260,5291,5367.29,17946574,0
"2022-07-02",972,7280126,378,6343119,18,588437,830,3330089,925,407926,1755,3738015,3123,5098,17949697,0
"2022-07-03",529,7280655,205,6343324,7,588444,459,3330548,484,408410,943,3738958,1684,4954.86,17951381,0
"2022-07-04",35,7280690,26,6343350,1,588445,30,3330578,38,408448,68,3739026,130,4217.57,17951511,0
"2022-07-05",1276,7281966,748,6344098,35,588480,1390,3331968,1732,410180,3122,3742148,5181,4023.71,17956692,0
"2022-07-06",1600,7283566,675,6344773,44,588524,1419,3333387,1812,411992,3231,3745379,5550,3924.86,17962242,0
"2022-07-07",1573,7285139,713,6345486,48,588572,1511,3334898,1981,413973,3492,3748871,5826,3826.43,17968068,0
"2022-07-08",1619,7286758,642,6346128,37,588609,1461,3336359,1957,415930,3418,3752289,5716,3887.14,17973784,0
"2022-07-09",980,7287738,410,6346538,25,588634,876,3337235,1337,417267,2213,3754502,3628,3959.29,17977412,0
"2022-07-10",643,7288381,184,6346722,17,588651,426,3337661,658,417925,1084,3755586,1928,3994.14,17979340,0
"2022-07-11",1380,7289761,630,6347352,49,588700,1421,3339082,2188,420113,3609,3759195,5668,4785.29,17985008,0
"2022-07-12",1394,7291155,683,6348035,45,588745,1388,3340470,2492,422605,3880,3763075,6002,4902.57,17991010,0
"2022-07-13",1593,7292748,719,6348754,36,588781,1477,3341947,2768,425373,4245,3767320,6593,5051.57,17997603,0
"2022-07-14",1566,7294314,832,6349586,47,588828,1582,3343529,3038,428411,4620,3771940,7065,5228.57,18004668,0
"2022-07-15",1596,7295910,915,6350501,44,588872,1545,3345074,3028,431439,4573,3776513,7128,5430.29,18011796,0
"2022-07-16",874,7296784,574,6351075,9,588881,968,3346042,1684,433123,2652,3779165,4109,5499,18015905,0
"2022-07-17",546,7297330,291,6351366,16,588897,529,3346571,1162,434285,1691,3780856,2544,5587,18018449,0
"2022-07-18",1384,7298714,837,6352203,45,588942,1415,3347986,2420,436705,3835,3784691,6101,5648.86,18024550,0
"2022-07-19",1422,7300136,967,6353170,51,588993,1529,3349515,2764,439469,4293,3788984,6733,5753.29,18031283,0
"2022-07-20",1365,7301501,1456,6354626,50,589043,1324,3350839,2341,441810,3665,3792649,6536,5745.14,18037819,0
"2022-07-21",1328,7302829,1419,6356045,45,589088,1375,3352214,2328,444138,3703,3796352,6495,5663.71,18044314,0
"2022-07-22",1417,7304246,1543,6357588,39,589127,1535,3353749,2820,446958,4355,3800707,7354,5696,18051668,0
"2022-07-23",902,7305148,1086,6358674,16,589143,987,3354736,1543,448501,2530,3803237,4534,5756.71,18056202,0
"2022-07-24",489,7305637,638,6359312,14,589157,498,3355234,798,449299,1296,3804533,2437,5741.43,18058639,0
"2022-07-25",1204,7306841,763,6360075,56,589213,1249,3356483,2034,451333,3283,3807816,5306,5627.86,18063945,0
"2022-07-26",1206,7308047,1008,6361083,40,589253,1441,3357924,2384,453717,3825,3811641,6079,5534.43,18070024,0
"2022-07-27",1298,7309345,1256,6362339,40,589293,1372,3359296,2151,455868,3523,3815164,6117,5474.57,18076141,0
"2022-07-28",1286,7310631,1392,6363731,69,589362,1394,3360690,2152,458020,3546,3818710,6293,5445.71,18082434,0
"2022-07-29",1303,7311934,1408,6365139,65,589427,1321,3362011,2087,460107,3408,3822118,6184,5278.57,18088618,0
"2022-07-30",717,7312651,714,6365853,23,589450,777,3362788,935,461042,1712,3823830,3166,5083.14,18091784,0
"2022-07-31",415,7313066,586,6366439,13,589463,485,3363273,568,461610,1053,3824883,2067,5030.29,18093851,0
"2022-08-01",1204,7314270,892,6367331,54,589517,1304,3364577,1457,463067,2761,3827644,4911,4973.86,18098762,0
"2022-08-02",1202,7315472,998,6368329,72,589589,1315,3365892,1566,464633,2881,3830525,5153,4841.57,18103915,0
"2022-08-03",1229,7316701,1146,6369475,38,589627,1293,3367185,1409,466042,2702,3833227,5115,4698.43,18109030,0
"2022-08-04",1143,7317844,1136,6370611,50,589677,1215,3368400,1322,467364,2537,3835764,4866,4494.57,18113896,0
"2022-08-05",1255,7319099,1376,6371987,41,589718,1258,3369658,1305,468669,2563,3838327,5235,4359,18119131,120000
"2022-08-06",662,7319761,822,6372809,14,589732,724,3370382,693,469362,1417,3839744,2915,4323.14,18122046,120000
"2022-08-07",383,7320144,450,6373259,12,589744,416,3370798,332,469694,748,3840492,1593,4255.43,18123639,120000
"2022-08-08",1135,7321279,891,6374150,61,589805,1196,3371994,1077,470771,2273,3842765,4360,4176.71,18127999,120000
"2022-08-09",1082,7322361,851,6375001,34,589839,1134,3373128,1055,471826,2189,3844954,4156,4034.29,18132155,120000
"2022-08-10",1142,7323503,1052,6376053,46,589885,1161,3374289,1065,472891,2226,3847180,4466,3941.57,18136621,120000
"2022-08-11",405,7323908,434,6376487,28,589913,360,3374649,406,473297,766,3847946,1633,3479.71,18138254,120000
