"DATE","ADMIN_DOSE1_DAILY","ADMIN_DOSE1_CUMULATIVE","ADMIN_DOSE2_DAILY","ADMIN_DOSE2_CUMULATIVE","ADMIN_SINGLE_DAILY","ADMIN_SINGLE_CUMULATIVE","ADMIN_ADDITIONAL1_DAILY","ADMIN_ADDITIONAL1_CUMULATIVE","ADMIN_ADDITIONAL2_DAILY","ADMIN_ADDITIONAL2_CUMULATIVE","ADMIN_ADDITIONAL_DAILY","ADMIN_ADDITIONAL_CUMULATIVE","ADMIN_ALLDOSES_DAILY","ADMIN_ALLDOSES_7DAYAVG","ADMIN_ALLDOSES_CUMULATIVE","ADMIN_ALLDOSES_PRIMARY","INCOMPLETE"
2020-12-14,79,79,0,0,2,2,0,0,0,0,0,0,81,,81,81,0
2020-12-15,2051,2130,6,6,5,7,0,0,0,0,0,0,2062,,2143,2143,0
2020-12-16,4607,6737,15,21,4,11,1,1,0,0,1,1,4627,,6770,6769,0
2020-12-17,4659,11396,18,39,2,13,1,2,0,0,1,2,4680,,11450,11448,0
2020-12-18,5833,17229,18,57,2,15,2,4,0,0,2,4,5855,,17305,17301,0
2020-12-19,1688,18917,8,65,3,18,0,4,0,0,0,4,1699,,19004,19000,0
2020-12-20,1116,20033,2,67,1,19,0,4,0,0,0,4,1119,2874.71,20123,20119,0
2020-12-21,6392,26425,20,87,0,19,5,9,0,0,5,9,6417,3779.86,26540,26531,0
2020-12-22,9768,36193,28,115,2,21,1,10,0,0,1,10,9799,4885.14,36339,36329,0
2020-12-23,14278,50471,35,150,3,24,0,10,0,0,0,10,14316,6269.29,50655,50645,0
2020-12-24,7174,57645,26,176,1,25,0,10,0,0,0,10,7201,6629.43,57856,57846,0
2020-12-25,180,57825,0,176,0,25,1,11,0,0,1,11,181,5818.86,58037,58026,0
2020-12-26,4391,62216,45,221,0,25,1,12,0,0,1,12,4437,6210,62474,62462,0
2020-12-27,3870,66086,14,235,0,25,1,13,0,0,1,13,3885,6605.14,66359,66346,0
2020-12-28,10992,77078,51,286,1,26,3,16,0,0,3,16,11047,7266.57,77406,77390,0
2020-12-29,10715,87793,36,322,2,28,3,19,0,0,3,19,10756,7403.29,88162,88143,0
2020-12-30,12821,100614,46,368,0,28,0,19,0,0,0,19,12867,7196.29,101029,101010,0
2020-12-31,7260,107874,36,404,1,29,0,19,0,0,0,19,7297,7210,108326,108307,0
2021-01-01,180,108054,2,406,1,30,3,22,0,0,3,22,186,7210.71,108512,108490,0
2021-01-02,3809,111863,10,416,3,33,2,24,0,0,2,24,3824,7123.14,112336,112312,0
2021-01-03,3542,115405,24,440,2,35,1,25,0,0,1,25,3569,7078,115905,115880,0
2021-01-04,12255,127660,808,1248,2,37,7,32,0,0,7,32,13072,7367.29,128977,128945,0
2021-01-05,14091,141751,2194,3442,2,39,12,44,1,1,13,45,16300,8159.29,145277,145232,0
2021-01-06,17797,159548,3927,7369,1,40,31,75,8,9,39,84,21764,9430.29,167041,166957,0
2021-01-07,16544,176092,5177,12546,4,44,46,121,3,12,49,133,21774,11498.43,188815,188682,0
2021-01-08,16614,192706,5459,18005,0,44,35,156,4,16,39,172,22112,14630.71,210927,210755,0
2021-01-09,7651,200357,1463,19468,1,45,7,163,2,18,9,181,9124,15387.86,220051,219870,0
2021-01-10,7880,208237,983,20451,0,45,11,174,0,18,11,192,8874,16145.71,228925,228733,0
2021-01-11,25819,234056,7458,27909,2,47,50,224,8,26,58,250,33337,19040.71,262262,262012,0
2021-01-12,28250,262306,7862,35771,1,48,45,269,4,30,49,299,36162,21878.14,298424,298125,0
2021-01-13,31712,294018,9420,45191,1,49,58,327,4,34,62,361,41195,24654,339619,339258,0
2021-01-14,35799,329817,5303,50494,1,50,33,360,7,41,40,401,41143,27421,380762,380361,0
2021-01-15,29255,359072,3712,54206,2,52,31,391,5,46,36,437,33005,28977.14,413767,413330,0
2021-01-16,30278,389350,2388,56594,0,52,24,415,6,52,30,467,32696,32344.57,446463,445996,0
2021-01-17,23738,413088,1638,58232,0,52,19,434,1,53,20,487,25396,34704.86,471859,471372,0
2021-01-18,27091,440179,2424,60656,0,52,36,470,7,60,43,530,29559,34165.14,501418,500888,0
2021-01-19,34290,474469,9633,70289,1,53,71,541,6,66,77,607,44001,35285,545419,544812,0
2021-01-20,34862,509331,9497,79786,1,54,60,601,4,70,64,671,44424,35746.29,589843,589172,0
2021-01-21,25586,534917,8096,87882,2,56,51,652,5,75,56,727,33740,34688.71,623583,622856,0
2021-01-22,24743,559660,4387,92269,1,57,33,685,8,83,41,768,29172,34141.14,652755,651987,0
2021-01-23,15740,575400,3227,95496,0,57,10,695,2,85,12,780,18979,32181.57,671734,670954,0
2021-01-24,7175,582575,3457,98953,0,57,19,714,1,86,20,800,10652,30075.29,682386,681586,0
2021-01-25,13408,595983,11821,110774,0,57,68,782,12,98,80,880,25309,29468.14,707695,706815,0
2021-01-26,16755,612738,10760,121534,0,57,69,851,3,101,72,952,27587,27123.29,735282,734330,0
2021-01-27,20834,633572,12357,133891,0,57,52,903,10,111,62,1014,33253,25527.43,768535,767521,0
2021-01-28,30759,664331,12851,146742,0,57,82,985,16,127,98,1112,43711,26951.86,812246,811134,0
2021-01-29,31682,696013,11512,158254,0,57,84,1069,11,138,95,1207,43289,28968.57,855535,854328,0
2021-01-30,18710,714723,3742,161996,0,57,20,1089,2,140,22,1229,22474,29467.86,878009,876780,0
2021-01-31,13012,727735,2924,164920,1,58,30,1119,5,145,35,1264,15972,30227.86,893981,892717,0
2021-02-01,1180,728915,5400,170320,4,62,36,1155,4,149,40,1304,6624,27558.57,900605,899301,0
2021-02-02,2821,731736,9450,179770,2,64,46,1201,4,153,50,1354,12323,25378,912928,911574,0
2021-02-03,16345,748081,21242,201012,4,68,210,1411,20,173,230,1584,37821,26030.57,950749,949165,0
2021-02-04,27038,775119,19650,220662,3,71,206,1617,10,183,216,1800,46907,26487.14,997656,995856,0
2021-02-05,27582,802701,20033,240695,0,71,187,1804,15,198,202,2002,47817,27134,1045473,1043471,0
2021-02-06,22984,825685,11254,251949,0,71,112,1916,12,210,124,2126,34362,28832.29,1079835,1077709,0
2021-02-07,12037,837722,8284,260233,1,72,94,2010,14,224,108,2234,20430,29469.14,1100265,1098031,0
2021-02-08,16949,854671,23520,283753,2,74,238,2248,34,258,272,2506,40743,34343.29,1141008,1138502,0
2021-02-09,17202,871873,28099,311852,2,76,349,2597,42,300,391,2897,45694,39110.57,1186702,1183805,0
2021-02-10,19593,891466,29295,341147,2,78,275,2872,48,348,323,3220,49214,40738.14,1235916,1232696,0
2021-02-11,27836,919302,33467,374614,2,80,346,3218,56,404,402,3622,61709,42852.71,1297625,1294003,0
2021-02-12,38371,957673,30803,405417,3,83,362,3580,40,444,402,4024,69579,45961.57,1367204,1363180,0
2021-02-13,27998,985671,25307,430724,2,85,312,3892,58,502,370,4394,53678,48721,1420882,1416488,0
2021-02-14,16271,1001942,23722,454446,0,85,274,4166,33,535,307,4701,40300,51559.57,1461182,1456481,0
2021-02-15,12798,1014740,10522,464968,2,87,177,4343,24,559,201,4902,23523,49099.57,1484705,1479803,0
2021-02-16,14238,1028978,26722,491690,0,87,330,4673,38,597,368,5270,41328,48475.86,1526033,1520763,0
2021-02-17,16386,1045364,22201,513891,1,88,284,4957,37,634,321,5591,38909,47003.71,1564942,1559351,0
2021-02-18,12143,1057507,24988,538879,21,109,297,5254,45,679,342,5933,37494,43544.43,1602436,1596503,0
2021-02-19,13257,1070764,23925,562804,38,147,312,5566,46,725,358,6291,37578,38972.86,1640014,1633723,0
2021-02-20,11351,1082115,26070,588874,6,153,332,5898,78,803,410,6701,37838,36710,1677852,1671151,0
2021-02-21,6358,1088473,17413,606287,15,168,291,6189,46,849,337,7038,24123,34399,1701975,1694937,0
2021-02-22,13042,1101515,11839,618126,2,170,131,6320,20,869,151,7189,25034,34614.86,1727009,1719820,0
2021-02-23,25247,1126762,14139,632265,1,171,159,6479,37,906,196,7385,39584,34365.71,1766593,1759208,0
2021-02-24,36353,1163115,20388,652653,0,171,231,6710,43,949,274,7659,57015,36952.29,1823608,1815949,0
2021-02-25,54598,1217713,30396,683049,6,177,409,7119,63,1012,472,8131,85472,43806.29,1909080,1900949,0
2021-02-26,62844,1280557,31869,714918,4,181,418,7537,79,1091,497,8628,95214,52040,2004294,1995666,0
2021-02-27,51279,1331836,22751,737669,47,228,345,7882,52,1143,397,9025,74474,57273.71,2078768,2069743,0
2021-02-28,44574,1376410,13840,751509,7,235,204,8086,36,1179,240,9265,58661,62207.71,2137429,2128164,0
2021-03-01,39311,1415721,12781,764290,10,245,169,8255,25,1204,194,9459,52296,66102.29,2189725,2180266,0
2021-03-02,47077,1462798,12580,776870,7,252,157,8412,14,1218,171,9630,59835,68995.29,2249560,2239930,0
2021-03-03,48599,1511397,16152,793022,17,269,153,8565,21,1239,174,9804,64942,70127.71,2314502,2304698,0
2021-03-04,59817,1571214,22815,815837,1092,1361,275,8840,36,1275,311,10115,84035,69922.43,2398537,2388422,0
2021-03-05,60969,1632183,24282,840119,3108,4469,339,9179,38,1313,377,10492,88736,68997,2487273,2476781,0
2021-03-06,47166,1679349,18882,859001,5451,9920,245,9424,37,1350,282,10774,71781,68612.29,2559054,2548280,0
2021-03-07,36033,1715382,14880,873881,6245,16165,236,9660,21,1371,257,11031,57415,68434.29,2616469,2605438,0
2021-03-08,39614,1754996,14685,888566,8559,24724,319,9979,92,1463,411,11442,63269,70001.86,2679738,2668296,0
2021-03-09,39100,1794096,12854,901420,7758,32482,186,10165,34,1497,220,11662,59932,70015.71,2739670,2728008,0
2021-03-10,51822,1845918,15356,916776,5065,37547,232,10397,32,1529,264,11926,72507,71096.43,2812177,2800251,0
2021-03-11,59978,1905896,21820,938596,4619,42166,253,10650,49,1578,302,12228,86719,71479.86,2898896,2886668,0
2021-03-12,52192,1958088,30299,968895,4182,46348,387,11037,85,1663,472,12700,87145,71252.57,2986041,2973341,0
2021-03-13,40644,1998732,26687,995582,5109,51457,329,11366,53,1716,382,13082,72822,71401.29,3058863,3045781,0
2021-03-14,30709,2029441,15968,1011550,4526,55983,245,11611,30,1746,275,13357,51479,70553.29,3110342,3096985,0
2021-03-15,33599,2063040,17262,1028812,4707,60690,239,11850,33,1779,272,13629,55840,69492,3166182,3152553,0
2021-03-16,38666,2101706,20517,1049329,4925,65615,262,12112,35,1814,297,13926,64405,70131,3230587,3216661,0
2021-03-17,42608,2144314,24790,1074119,4244,69859,350,12462,40,1854,390,14316,72032,70063.14,3302619,3288303,0
2021-03-18,50430,2194744,26808,1100927,5232,75091,378,12840,62,1916,440,14756,82910,69519,3385529,3370773,0
2021-03-19,47780,2242524,29970,1130897,5626,80717,395,13235,70,1986,465,15221,83842,69047.14,3469371,3454150,0
2021-03-20,38702,2281226,25835,1156732,4684,85401,299,13534,61,2047,360,15581,69581,68584.14,3538952,3523371,0
2021-03-21,29294,2310520,19357,1176089,769,86170,227,13761,45,2092,272,15853,49692,68328.86,3588644,3572791,0
2021-03-22,33861,2344381,26742,1202831,4037,90207,265,14026,38,2130,303,16156,64944,69629.43,3653588,3637432,0
2021-03-23,38421,2382802,32847,1235678,4216,94423,302,14328,53,2183,355,16511,75839,71262.86,3729427,3712916,0
2021-03-24,41488,2424290,37613,1273291,4845,99268,334,14662,63,2246,397,16908,84343,73021.57,3813770,3796862,0
2021-03-25,43396,2467686,50796,1324087,5053,104321,481,15143,90,2336,571,17479,99816,75436.71,3913586,3896107,0
2021-03-26,38495,2506181,55502,1379589,4308,108629,541,15684,99,2435,640,18119,98945,77594.29,4012531,3994412,0
2021-03-27,35733,2541914,45744,1425333,2938,111567,428,16112,83,2518,511,18630,84926,79786.43,4097457,4078827,0
2021-03-28,26385,2568299,34451,1459784,1482,113049,342,16454,66,2584,408,19038,62726,81648.43,4160183,4141145,0
2021-03-29,34811,2603110,38864,1498648,3246,116295,352,16806,112,2696,464,19502,77385,83425.71,4237568,4218066,0
2021-03-30,40502,2643612,41928,1540576,3713,120008,345,17151,64,2760,409,19911,86552,84956.14,4324120,4304209,0
2021-03-31,49386,2692998,44877,1585453,7438,127446,407,17558,86,2846,493,20404,102194,87506.29,4426314,4405910,0
2021-04-01,50771,2743769,53958,1639411,11278,138724,498,18056,85,2931,583,20987,116590,89902.57,4542904,4521917,0
2021-04-02,43753,2787522,53887,1693298,11969,150693,554,18610,69,3000,623,21610,110232,91515,4653136,4631526,0
2021-04-03,39245,2826767,39217,1732515,9859,160552,339,18949,58,3058,397,22007,88718,92056.71,4741854,4719847,0
2021-04-04,26553,2853320,24785,1757300,3903,164455,229,19178,50,3108,279,22286,55520,91027.29,4797374,4775088,0
2021-04-05,41878,2895198,34484,1791784,11199,175654,376,19554,61,3169,437,22723,87998,92543.43,4885372,4862649,0
2021-04-06,53258,2948456,35615,1827399,13217,188871,438,19992,77,3246,515,23238,102605,94836.71,4987977,4964739,0
2021-04-07,55491,3003947,40706,1868105,14387,203258,410,20402,81,3327,491,23729,111075,96105.43,5099052,5075323,0
2021-04-08,59250,3063197,46598,1914703,16337,219595,527,20929,86,3413,613,24342,122798,96992.29,5221850,5197508,0
2021-04-09,56637,3119834,44957,1959660,17556,237151,528,21457,77,3490,605,24947,119755,98352.71,5341605,5316658,0
2021-04-10,49341,3169175,35640,1995300,12721,249872,396,21853,61,3551,457,25404,98159,99701.43,5439764,5414360,0
2021-04-11,38174,3207349,28826,2024126,7680,257552,296,22149,58,3609,354,25758,75034,102489.14,5514798,5489040,0
2021-04-12,46627,3253976,31841,2055967,13499,271051,470,22619,68,3677,538,26296,92505,103133,5607303,5581007,0
2021-04-13,52543,3306519,33785,2089752,369,271420,403,23022,63,3740,466,26762,87163,100927,5694466,5667704,0
2021-04-14,50134,3356653,39956,2129708,20,271440,372,23394,76,3816,448,27210,90558,97996,5785024,5757814,0
2021-04-15,52113,3408766,43684,2173392,16,271456,458,23852,106,3922,564,27774,96378,94221.71,5881402,5853628,0
2021-04-16,51183,3459949,42211,2215603,32,271488,437,24289,71,3993,508,28282,93934,90533,5975336,5947054,0
2021-04-17,43831,3503780,35694,2251297,3,271491,368,24657,85,4078,453,28735,79981,87936.14,6055317,6026582,0
2021-04-18,28598,3532378,29365,2280662,7,271498,260,24917,66,4144,326,29061,58296,85545,6113613,6084552,0
2021-04-19,37455,3569833,36455,2317117,22,271520,329,25246,66,4210,395,29456,74327,82948.14,6187940,6158484,0
2021-04-20,40808,3610641,39628,2356745,19,271539,317,25563,81,4291,398,29854,80853,82046.71,6268793,6238939,0
2021-04-21,38889,3649530,46019,2402764,16,271555,504,26067,97,4388,601,30455,85525,81327.71,6354318,6323863,0
2021-04-22,38487,3688017,48964,2451728,9,271564,343,26410,75,4463,418,30873,87879,80113.57,6442197,6411324,0
2021-04-23,39691,3727708,44387,2496115,3,271567,351,26761,76,4539,427,31300,84508,78767,6526705,6495405,0
2021-04-24,31937,3759645,41604,2537719,44,271611,279,27040,64,4603,343,31643,73928,77902.29,6600633,6568990,0
2021-04-25,18414,3778059,31230,2568949,87,271698,198,27238,58,4661,256,31899,49987,76715.29,6650620,6618721,0
2021-04-26,26964,3805023,40732,2609681,1012,272710,294,27532,88,4749,382,32281,69090,75967.14,6719710,6687429,0
2021-04-27,28569,3833592,47137,2656818,1699,274409,359,27891,95,4844,454,32735,77859,75539.43,6797569,6764834,0
2021-04-28,27023,3860615,56846,2713664,2146,276555,442,28333,99,4943,541,33276,86556,75686.71,6884125,6850849,0
2021-04-29,28601,3889216,57203,2770867,2148,278703,370,28703,98,5041,468,33744,88420,75764,6972545,6938801,0
2021-04-30,30116,3919332,51988,2822855,2058,280761,287,28990,74,5115,361,34105,84524,75766.29,7057069,7022964,0
2021-05-01,22476,3941808,44539,2867394,1177,281938,236,29226,64,5179,300,34405,68492,74989.71,7125561,7091156,0
2021-05-02,11920,3953728,36653,2904047,1081,283019,145,29371,54,5233,199,34604,49853,74970.57,7175414,7140810,0
2021-05-03,18015,3971743,53030,2957077,2383,285402,258,29629,91,5324,349,34953,73778,75640.29,7249192,7214239,0
2021-05-04,22732,3994475,56653,3013730,2331,287733,268,29897,116,5440,384,35337,82100,76246.14,7331292,7295955,0
2021-05-05,21474,4015949,48765,3062495,2313,290046,314,30211,104,5544,418,35755,72970,74305.29,7404262,7368507,0
2021-05-06,20673,4036622,50177,3112672,2508,292554,278,30489,91,5635,369,36124,73727,72206.29,7477989,7441865,0
2021-05-07,21243,4057865,52097,3164769,2812,295366,316,30805,79,5714,395,36519,76547,71066.71,7554536,7518017,0
2021-05-08,16627,4074492,41862,3206631,1835,297201,236,31041,73,5787,309,36828,60633,69944,7615169,7578341,0
2021-05-09,7968,4082460,29411,3236042,1260,298461,151,31192,57,5844,208,37036,38847,68371.71,7654016,7616980,0
2021-05-10,14379,4096839,38528,3274570,2356,300817,243,31435,93,5937,336,37372,55599,65774.71,7709615,7672243,0
2021-05-11,19907,4116746,43063,3317633,2514,303331,284,31719,86,6023,370,37742,65854,63453.86,7775469,7737727,0
2021-05-12,17820,4134566,40540,3358173,3595,306926,234,31953,80,6103,314,38056,62269,61925.14,7837738,7799682,0
2021-05-13,24965,4159531,40434,3398607,3229,310155,260,32213,78,6181,338,38394,68966,61245,7906704,7868310,0
2021-05-14,27013,4186544,42942,3441549,3537,313692,270,32483,97,6278,367,38761,73859,60861,7980563,7941802,0
2021-05-15,23648,4210192,34921,3476470,3365,317057,251,32734,76,6354,327,39088,62261,61093.57,8042824,8003736,0
2021-05-16,15519,4225711,19450,3495920,2496,319553,125,32859,47,6401,172,39260,37637,60920.71,8080461,8041201,0
2021-05-17,22668,4248379,29143,3525063,3253,322806,185,33044,69,6470,254,39514,55318,60880.57,8135779,8096265,0
2021-05-18,24626,4273005,31908,3556971,3405,326211,241,33285,76,6546,317,39831,60256,60080.86,8196035,8156204,0
2021-05-19,24185,4297190,29726,3586697,3041,329252,227,33512,48,6594,275,40106,57227,59360.57,8253262,8213156,0
2021-05-20,24149,4321339,30102,3616799,3163,332415,266,33778,87,6681,353,40459,57767,57760.71,8311029,8270570,0
2021-05-21,24671,4346010,32002,3648801,3057,335472,251,34029,61,6742,312,40771,60042,55786.86,8371071,8330300,0
2021-05-22,20014,4366024,24371,3673172,2524,337996,165,34194,48,6790,213,40984,47122,53624.14,8418193,8377209,0
2021-05-23,11228,4377252,13734,3686906,1411,339407,93,34287,32,6822,125,41109,26498,52032.86,8444691,8403582,0
2021-05-24,18868,4396120,23161,3710067,2757,342164,216,34503,55,6877,271,41380,45057,50567,8489748,8448368,0
2021-05-25,19427,4415547,23382,3733449,2602,344766,173,34676,58,6935,231,41611,45642,48479.29,8535390,8493779,0
2021-05-26,18780,4434327,21092,3754541,2697,347463,201,34877,48,6983,249,41860,42818,46420.86,8578208,8536348,0
2021-05-27,18462,4452789,21279,3775820,2530,349993,183,35060,60,7043,243,42103,42514,44241.86,8620722,8578619,0
2021-05-28,17857,4470646,22883,3798703,2751,352744,187,35247,57,7100,244,42347,43735,41912.29,8664457,8622110,0
2021-05-29,12706,4483352,17814,3816517,1755,354499,105,35352,39,7139,144,42491,32419,39811.86,8696876,8654385,0
2021-05-30,7027,4490379,8949,3825466,1074,355573,50,35402,17,7156,67,42558,17117,38471.71,8713993,8671435,0
2021-05-31,4741,4495120,6922,3832388,1013,356586,64,35466,17,7173,81,42639,12757,33857.43,8726750,8684111,0
2021-06-01,16048,4511168,25192,3857580,2176,358762,156,35622,43,7216,199,42838,43615,33567.86,8770365,8727527,0
2021-06-02,15355,4526523,20396,3877976,2095,360857,140,35762,48,7264,188,43026,38034,32884.43,8808399,8765373,0
2021-06-03,15001,4541524,23826,3901802,2280,363137,128,35890,45,7309,173,43199,41280,32708.14,8849679,8806480,0
2021-06-04,14716,4556240,25999,3927801,2492,365629,147,36037,42,7351,189,43388,43396,32659.71,8893075,8849687,0
2021-06-05,10987,4567227,22096,3949897,1806,367435,115,36152,28,7379,143,43531,35032,33033,8928107,8884576,0
2021-06-06,6444,4573671,14486,3964383,1222,368657,89,36241,13,7392,102,43633,22254,33766.86,8950361,8906728,0
2021-06-07,11698,4585369,21786,3986169,2378,371035,141,36382,37,7429,178,43811,36040,37093,8986401,8942590,0
2021-06-08,12631,4598000,24023,4010192,2071,373106,124,36506,46,7475,170,43981,38895,36418.71,9025296,8981315,0
2021-06-09,11134,4609134,23026,4033218,2299,375405,136,36642,40,7515,176,44157,36635,36218.86,9061931,9017774,0
2021-06-10,12059,4621193,22240,4055458,2462,377867,139,36781,59,7574,198,44355,36959,35601.57,9098890,9054535,0
2021-06-11,12703,4633896,25123,4080581,2483,380350,160,36941,60,7634,220,44575,40529,35192,9139419,9094844,0
2021-06-12,10161,4644057,19319,4099900,1888,382238,93,37034,44,7678,137,44712,31505,34688.14,9170924,9126212,0
2021-06-13,4257,4648314,10932,4110832,1219,383457,42,37076,22,7700,64,44776,16472,33862.14,9187396,9142620,0
2021-06-14,10207,4658521,19239,4130071,2043,385500,127,37203,52,7752,179,44955,31668,33237.57,9219064,9174109,0
2021-06-15,11882,4670403,21017,4151088,1943,387443,132,37335,41,7793,173,45128,35015,32683.29,9254079,9208951,0
2021-06-16,11584,4681987,19408,4170496,1957,389400,145,37480,70,7863,215,45343,33164,32187.43,9287243,9241900,0
2021-06-17,11020,4693007,18761,4189257,1973,391373,126,37606,35,7898,161,45504,31915,31466.86,9319158,9273654,0
2021-06-18,12167,4705174,18501,4207758,2115,393488,114,37720,35,7933,149,45653,32932,30381.57,9352090,9306437,0
2021-06-19,8493,4713667,13517,4221275,1459,394947,86,37806,21,7954,107,45760,23576,29248.86,9375666,9329906,0
2021-06-20,4336,4718003,7158,4228433,924,395871,36,37842,17,7971,53,45813,12471,28677.29,9388137,9342324,0
2021-06-21,10160,4728163,10009,4238442,1807,397678,70,37912,27,7998,97,45910,22073,27306.57,9410210,9364300,0
2021-06-22,9836,4737999,15643,4254085,1589,399267,105,38017,28,8026,133,46043,27201,26190.29,9437411,9391368,0
2021-06-23,10308,4748307,15187,4269272,1863,401130,103,38120,31,8057,134,46177,27492,25380,9464903,9418726,0
2021-06-24,9685,4757992,14700,4283972,1798,402928,120,38240,26,8083,146,46323,26329,24582,9491232,9444909,0
2021-06-25,10586,4768578,14389,4298361,1721,404649,113,38353,38,8121,151,46474,26847,23712.71,9518079,9471605,0
2021-06-26,7798,4776376,10465,4308826,1250,405899,77,38430,25,8146,102,46576,19615,23146.86,9537694,9491118,0
2021-06-27,5000,4781376,6002,4314828,795,406694,34,38464,14,8160,48,46624,11845,23057.43,9549539,9502915,0
2021-06-28,9033,4790409,10345,4325173,1526,408220,109,38573,26,8186,135,46759,21039,22909.71,9570578,9523819,0
2021-06-29,9735,4800144,12328,4337501,1347,409567,124,38697,32,8218,156,46915,23566,22390.43,9594144,9547229,0
2021-06-30,9432,4809576,10930,4348431,1486,411053,148,38845,16,8234,164,47079,22012,21607.57,9616156,9569077,0
2021-07-01,9396,4818972,10926,4359357,1434,412487,131,38976,24,8258,155,47234,21911,20976.43,9638067,9590833,0
2021-07-02,9691,4828663,11455,4370812,1541,414028,119,39095,21,8279,140,47374,22828,20402.29,9660895,9613521,0
2021-07-03,7054,4835717,8422,4379234,1192,415220,79,39174,17,8296,96,47470,16764,19995,9677659,9630189,0
2021-07-04,1288,4837005,1335,4380569,567,415787,9,39183,3,8299,12,47482,3202,18760.29,9680861,9633379,0
2021-07-05,6494,4843499,7107,4387676,1208,416995,65,39248,22,8321,87,47569,14896,17882.71,9695757,9648188,0
2021-07-06,9511,4853010,12849,4400525,1315,418310,118,39366,38,8359,156,47725,23831,17920.57,9719588,9671863,0
2021-07-07,8665,4861675,11111,4411636,1419,419729,124,39490,19,8378,143,47868,21338,17824.29,9740926,9693058,0
2021-07-08,8217,4869892,10196,4421832,1259,420988,108,39598,22,8400,130,47998,19802,17523,9760728,9712730,0
2021-07-09,8373,4878265,10833,4432665,1279,422267,89,39687,20,8420,109,48107,20594,17203.86,9781322,9733215,0
2021-07-10,7102,4885367,8634,4441299,1131,423398,65,39752,20,8440,85,48192,16952,17230.71,9798274,9750082,0
2021-07-11,4105,4889472,4539,4445838,701,424099,36,39788,6,8446,42,48234,9387,18114.29,9807661,9759427,0
2021-07-12,8446,4897918,9560,4455398,1252,425351,83,39871,23,8469,106,48340,19364,18752.57,9827025,9778685,0
2021-07-13,9463,4907381,9393,4464791,952,426303,106,39977,35,8504,141,48481,19949,18198,9846974,9798493,0
2021-07-14,8997,4916378,9533,4474324,1011,427314,106,40083,22,8526,128,48609,19669,17959.57,9866643,9818034,0
2021-07-15,8795,4925173,9155,4483479,1054,428368,80,40163,19,8545,99,48708,19103,17859.71,9885746,9837038,0
2021-07-16,9247,4934420,9762,4493241,981,429349,102,40265,29,8574,131,48839,20121,17792.14,9905867,9857028,0
2021-07-17,6840,4941260,7386,4500627,803,430152,79,40344,20,8594,99,48938,15128,17531.57,9920995,9872057,0
2021-07-18,4254,4945514,4286,4504913,576,430728,35,40379,13,8607,48,48986,9164,17499.71,9930159,9881173,0
2021-07-19,9119,4954633,8480,4513393,999,431727,91,40470,22,8629,113,49099,18711,17406.43,9948870,9899771,0
2021-07-20,10643,4965276,8760,4522153,991,432718,95,40565,25,8654,120,49219,20514,17487.14,9969384,9920165,0
2021-07-21,10059,4975335,8767,4530920,904,433622,147,40712,33,8687,180,49399,19910,17521.57,9989294,9939895,0
2021-07-22,10686,4986021,8585,4539505,1046,434668,145,40857,26,8713,171,49570,20488,17719.43,10009782,9960212,0
2021-07-23,11248,4997269,8884,4548389,1114,435782,139,40996,23,8736,162,49732,21408,17903.29,10031190,9981458,0
2021-07-24,7398,5004667,6739,4555128,670,436452,82,41078,26,8762,108,49840,14915,17872.86,10046105,9996265,0
2021-07-25,5474,5010141,2128,4557256,509,436961,58,41136,4,8766,62,49902,8173,17731.29,10054278,10004376,0
2021-07-26,10869,5021010,7006,4564262,859,437820,110,41246,20,8786,130,50032,18864,17753.14,10073142,10023110,0
2021-07-27,12067,5033077,8570,4572832,857,438677,135,41381,40,8826,175,50207,21669,17918.14,10094811,10044604,0
2021-07-28,12014,5045091,8052,4580884,950,439627,133,41514,28,8854,161,50368,21177,18099.14,10115988,10065620,0
2021-07-29,10931,5056022,7434,4588318,984,440611,134,41648,39,8893,173,50541,19522,17961.14,10135510,10084969,0
2021-07-30,14954,5070976,8014,4596332,1151,441762,183,41831,31,8924,214,50755,24333,18379,10159843,10109088,0
2021-07-31,9721,5080697,6317,4602649,815,442577,125,41956,20,8944,145,50900,16998,18676.57,10176841,10125941,0
2021-08-01,6500,5087197,3312,4605961,564,443141,81,42037,20,8964,101,51001,10477,19005.71,10187318,10136317,0
2021-08-02,13447,5100644,7154,4613115,846,443987,149,42186,19,8983,168,51169,21615,19398.71,10208933,10157764,0
2021-08-03,15412,5116056,8389,4621504,1109,445096,143,42329,38,9021,181,51350,25091,19887.57,10234024,10182674,0
2021-08-04,17262,5133318,8131,4629635,1454,446550,181,42510,35,9056,216,51566,27063,20728.43,10261087,10209521,0
2021-08-05,17886,5151204,7932,4637567,1370,447920,159,42669,21,9077,180,51746,27368,21849.29,10288455,10236709,0
2021-08-06,18179,5169383,8416,4645983,1232,449152,167,42836,32,9109,199,51945,28026,22376.86,10316481,10264536,0
2021-08-07,13381,5182764,6018,4652001,799,449951,101,42937,28,9137,129,52074,20327,22852.43,10336808,10284734,0
2021-08-08,9309,5192073,3835,4655836,400,450351,83,43020,10,9147,93,52167,13637,23303.86,10350445,10298278,0
2021-08-09,21344,5213417,8527,4664363,965,451316,170,43190,34,9181,204,52371,31040,24650.29,10381485,10329114,0
2021-08-10,18947,5232364,9329,4673692,946,452262,180,43370,33,9214,213,52584,29435,25270.86,10410920,10358336,0
2021-08-11,15643,5248007,8311,4682003,853,453115,129,43499,45,9259,174,52758,24981,24973.43,10435901,10383143,0
2021-08-12,15055,5263062,8990,4690993,942,454057,174,43673,35,9294,209,52967,25196,24663.14,10461097,10408130,0
2021-08-13,14919,5277981,9293,4700286,919,454976,246,43919,37,9331,283,53250,25415,24290.14,10486512,10433262,0
2021-08-14,10397,5288378,6410,4706696,625,455601,534,44453,39,9370,573,53823,18005,23958.43,10504517,10450694,0
2021-08-15,6691,5295069,4481,4711177,676,456277,567,45020,33,9403,600,54423,12448,23788.57,10516965,10462542,0
2021-08-16,15712,5310781,9303,4720480,1150,457427,1325,46345,65,9468,1390,55813,27555,23290.71,10544520,10488707,0
2021-08-17,17764,5328545,10459,4730939,1229,458656,1771,48116,85,9553,1856,57669,31308,23558.29,10575828,10518159,0
2021-08-18,17491,5346036,10377,4741316,1260,459916,1994,50110,93,9646,2087,59756,31215,24448.86,10607043,10547287,0
2021-08-19,16292,5362328,9525,4750841,1315,461231,1960,52070,66,9712,2026,61782,29158,25014.86,10636201,10574419,0
2021-08-20,16277,5378605,11537,4762378,1254,462485,1864,53934,87,9799,1951,63733,31019,25815.43,10667220,10603487,0
2021-08-21,11146,5389751,8036,4770414,878,463363,1064,54998,54,9853,1118,64851,21178,26268.71,10688398,10623547,0
2021-08-22,4077,5393828,3903,4774317,261,463624,517,55515,34,9887,551,65402,8792,25746.43,10697190,10631788,0
2021-08-23,15579,5409407,11807,4786124,1022,464646,1550,57065,76,9963,1626,67028,30035,26100.71,10727225,10660197,0
2021-08-24,16915,5426322,12598,4798722,1006,465652,1774,58839,79,10042,1853,68881,32372,26252.71,10759597,10690716,0
2021-08-25,14572,5440894,12452,4811174,1112,466764,1566,60405,80,10122,1646,70527,29782,26048,10789379,10718852,0
2021-08-26,16149,5457043,14098,4825272,1071,467835,1776,62181,68,10190,1844,72371,33162,26620,10822541,10750170,0
2021-08-27,14878,5471921,14825,4840097,971,468806,1673,63854,74,10264,1747,74118,32421,26820.29,10854962,10780844,0
2021-08-28,10678,5482599,11522,4851619,835,469641,1017,64871,45,10309,1062,75180,24097,27237.29,10879059,10803879,0
2021-08-29,7216,5489815,7493,4859112,541,470182,780,65651,58,10367,838,76018,16088,28279.57,10895147,10819129,0
2021-08-30,15520,5505335,16927,4876039,1076,471258,1791,67442,90,10457,1881,77899,35404,29046.57,10930551,10852652,0
2021-08-31,15506,5520841,15961,4892000,952,472210,1976,69418,89,10546,2065,79964,34484,29348.29,10965035,10885071,0
2021-09-01,14828,5535669,14107,4906107,1020,473230,1810,71228,62,10608,1872,81836,31827,29640.43,10996862,10915026,0
2021-09-02,14318,5549987,12525,4918632,896,474126,1712,72940,62,10670,1774,83610,29513,29119.14,11026375,10942765,0
2021-09-03,15006,5564993,14311,4932943,974,475100,1896,74836,70,10740,1966,85576,32257,29095.71,11058632,10973056,0
2021-09-04,9647,5574640,9405,4942348,688,475788,976,75812,34,10774,1010,86586,20750,28617.57,11079382,10992796,0
2021-09-05,6797,5581437,5513,4947861,438,476226,715,76527,17,10791,732,87318,13480,28245,11092862,11005544,0
2021-09-06,5196,5586633,4511,4952372,358,476584,272,76799,11,10802,283,87601,10348,24665.57,11103210,11015609,0
2021-09-07,15573,5602206,17699,4970071,912,477496,1558,78357,91,10893,1649,89250,35833,24858.29,11139043,11049793,0
2021-09-08,16154,5618360,14829,4984900,1071,478567,1777,80134,83,10976,1860,91110,33914,25156.43,11172957,11081847,0
2021-09-09,16102,5634462,14755,4999655,1046,479613,1921,82055,74,11050,1995,93105,33898,25782.86,11206855,11113750,0
2021-09-10,18362,5652824,15396,5015051,1207,480820,1977,84032,81,11131,2058,95163,37023,26463.71,11243878,11148715,0
2021-09-11,12633,5665457,10350,5025401,958,481778,1028,85060,49,11180,1077,96240,25018,27073.43,11268896,11172656,0
2021-09-12,8537,5673994,5052,5030453,765,482543,692,85752,30,11210,722,96962,15076,27301.43,11283972,11187010,0
2021-09-13,16928,5690922,12963,5043416,976,483519,1656,87408,53,11263,1709,98671,32576,30476.86,11316548,11217877,0
2021-09-14,16262,5707184,13676,5057092,886,484405,1598,89006,56,11319,1654,100325,32478,29997.57,11349026,11248701,0
2021-09-15,15528,5722712,12889,5069981,727,485132,1570,90576,81,11400,1651,101976,30795,29552,11379821,11277845,0
2021-09-16,15333,5738045,13914,5083895,1210,486342,1463,92039,67,11467,1530,103506,31987,29279,11411808,11308302,0
2021-09-17,14432,5752477,13960,5097855,922,487264,1836,93875,57,11524,1893,105399,31207,28448.14,11443015,11337616,0
2021-09-18,9992,5762469,10186,5108041,913,488177,1051,94926,41,11565,1092,106491,22183,28043.14,11465198,11358707,0
2021-09-19,6175,5768644,6074,5114115,558,488735,748,95674,28,11593,776,107267,13583,27829.86,11478781,11371514,0
2021-09-20,12669,5781313,12633,5126748,1068,489803,1928,97602,58,11651,1986,109253,28356,27227,11507137,11397884,0
2021-09-21,12224,5793537,12773,5139521,1108,490911,2034,99636,76,11727,2110,111363,28215,26618,11535352,11423989,0
2021-09-22,12819,5806356,12005,5151526,1090,492001,1687,101323,70,11797,1757,113120,27671,26171.71,11563023,11449903,0
2021-09-23,14927,5821283,12765,5164291,1639,493640,2267,103590,74,11871,2341,115461,31672,26126.71,11594695,11479234,0
2021-09-24,16438,5837721,13367,5177658,1636,495276,4628,108218,119,11990,4747,120208,36188,26838.29,11630883,11510675,0
2021-09-25,10531,5848252,9025,5186683,1018,496294,3465,111683,77,12067,3542,123750,24116,27114.43,11654999,11531249,0
2021-09-26,6297,5854549,5764,5192447,773,497067,2421,114104,60,12127,2481,126231,15315,27361.86,11670314,11544083,0
2021-09-27,14141,5868690,8063,5200510,1155,498222,9077,123181,161,12288,9238,135469,32598,27967.86,11702912,11567443,0
2021-09-28,11120,5879810,11784,5212294,902,499124,9934,133115,178,12466,10112,145581,33918,28782.57,11736830,11591249,0
2021-09-29,11601,5891411,12191,5224485,1205,500329,9455,142570,169,12635,9624,155205,34622,29775.57,11771452,11616247,0
2021-09-30,12225,5903636,12607,5237092,1338,501667,9757,152327,176,12811,9933,165138,36103,30408.57,11807555,11642417,0
2021-10-01,12628,5916264,13431,5250523,1284,502951,10280,162607,152,12963,10432,175570,37775,30635.29,11845330,11669760,0
2021-10-02,7724,5923988,9977,5260500,865,503816,4247,166854,77,13040,4324,179894,22890,30460.14,11868220,11688326,0
2021-10-03,5063,5929051,6157,5266657,593,504409,2621,169475,58,13098,2679,182573,14492,30342.57,11882712,11700139,0
2021-10-04,9904,5938955,11022,5277679,913,505322,9531,179006,144,13242,9675,192248,31514,30187.71,11914226,11721978,0
2021-10-05,10144,5949099,11734,5289413,972,506294,9956,188962,178,13420,10134,202382,32984,30054.29,11947210,11744828,0
2021-10-06,9886,5958985,11052,5300465,936,507230,9940,198902,158,13578,10098,212480,31972,29675.71,11979182,11766702,0
2021-10-07,9603,5968588,12154,5312619,850,508080,10188,209090,171,13749,10359,222839,32966,29227.57,12012148,11789309,0
2021-10-08,9439,5978027,12180,5324799,941,509021,10916,220006,165,13914,11081,233920,33641,28637,12045789,11811869,0
2021-10-09,6235,5984262,8237,5333036,643,509664,4127,224133,88,14002,4215,238135,19330,28128.43,12065119,11826984,0
2021-10-10,3534,5987796,5029,5338065,458,510122,2438,226571,45,14047,2483,240618,11504,27701.57,12076623,11836005,0
2021-10-11,7609,5995405,9336,5347401,728,510850,8896,235467,163,14210,9059,249677,26732,27018.43,12103355,11853678,0
2021-10-12,8065,6003470,10995,5358396,891,511741,10524,245991,182,14392,10706,260383,30657,26686,12134012,11873629,0
2021-10-13,7140,6010610,10149,5368545,869,512610,8804,254795,182,14574,8986,269369,27144,25996.29,12161156,11891787,0
2021-10-14,7417,6018027,11118,5379663,837,513447,10134,264929,161,14735,10295,279664,29667,25525,12190823,11911159,0
2021-10-15,7709,6025736,11855,5391518,823,514270,10835,275764,169,14904,11004,290668,31391,25203.57,12222214,11931546,0
2021-10-16,4860,6030596,7468,5398986,666,514936,3846,279610,66,14970,3912,294580,16906,24857.29,12239120,11944540,0
2021-10-17,3054,6033650,4474,5403460,411,515347,2453,282063,43,15013,2496,297076,10435,24704.57,12249555,11952479,0
2021-10-18,7035,6040685,10671,5414131,796,516143,9486,291549,183,15196,9669,306745,28171,24910.14,12277726,11970981,0
2021-10-19,6561,6047246,8945,5423076,804,516947,9100,300649,174,15370,9274,316019,25584,24185.43,12303310,11987291,0
2021-10-20,6523,6053769,9370,5432446,975,517922,10003,310652,176,15546,10179,326198,27047,24171.57,12330357,12004159,0
2021-10-21,7017,6060786,9385,5441831,858,518780,10859,321511,156,15702,11015,337213,28275,23972.71,12358632,12021419,0
2021-10-22,8104,6068890,10344,5452175,1026,519806,16358,337869,220,15922,16578,353791,36052,24638.57,12394684,12040893,0
2021-10-23,5161,6074051,6460,5458635,690,520496,9127,346996,114,16036,9241,363032,21552,25302.29,12416236,12053204,0
2021-10-24,3261,6077312,3967,5462602,769,521265,6170,353166,76,16112,6246,369278,14243,25846.29,12430479,12061201,0
2021-10-25,8738,6086050,8740,5471342,1150,522415,19272,372438,298,16410,19570,388848,38198,27278.71,12468677,12079829,0
2021-10-26,8178,6094228,7724,5479066,1258,523673,17302,389740,269,16679,17571,406419,34731,28585.43,12503408,12096989,0
2021-10-27,10521,6104749,8393,5487459,1605,525278,20883,410623,321,17000,21204,427623,41723,30682,12545131,12117508,0
2021-10-28,11297,6116046,8029,5495488,1793,527071,20870,431493,322,17322,21192,448815,42311,32687.14,12587442,12138627,0
2021-10-29,11831,6127877,8231,5503719,1960,529031,22553,454046,336,17658,22889,471704,44912,33952.86,12632354,12160650,0
2021-10-30,4616,6132493,5065,5508784,930,529961,11181,465227,168,17826,11349,483053,21960,34011.14,12654314,12171261,0
2021-10-31,2652,6135145,2698,5511482,544,530505,6648,471875,102,17928,6750,489803,12644,33782.71,12666958,12177155,0
2021-11-01,7104,6142249,6952,5518434,1087,531592,20412,492287,327,18255,20739,510542,35882,33451.86,12702840,12192298,0
2021-11-02,6551,6148800,6588,5525022,1054,532646,20803,513090,272,18527,21075,531617,35268,33528.57,12738108,12206491,0
2021-11-03,6827,6155627,6680,5531702,1026,533672,20653,533743,308,18835,20961,552578,35496,32639,12773604,12221026,0
2021-11-04,9281,6164908,6280,5537982,995,534667,22392,556135,344,19179,22736,575314,39292,32207.71,12812896,12237582,0
2021-11-05,11020,6175928,6719,5544701,1051,535718,23787,579922,354,19533,24141,599455,42931,31924.71,12855827,12256372,0
2021-11-06,11114,6187042,4051,5548752,594,536312,12610,592532,171,19704,12781,612236,28540,32864.71,12884367,12272131,0
2021-11-07,7238,6194280,2286,5551038,577,536889,7121,599653,96,19800,7217,619453,17318,33532.43,12901685,12282232,0
2021-11-08,15038,6209318,5675,5556713,863,537752,19531,619184,279,20079,19810,639263,41386,34318.71,12943071,12303808,0
2021-11-09,16126,6225444,5385,5562098,660,538412,20541,639725,274,20353,20815,660078,42986,35421.29,12986057,12325979,0
2021-11-10,16902,6242346,5320,5567418,683,539095,22681,662406,287,20640,22968,683046,45873,36903.71,13031930,12348884,0
2021-11-11,12539,6254885,5180,5572598,759,539854,22114,684520,288,20928,22402,705448,40880,37130.57,13072810,12367362,0
2021-11-12,16871,6271756,5685,5578283,705,540559,23438,707958,356,21284,23794,729242,47055,37719.71,13119865,12390623,0
2021-11-13,9917,6281673,3662,5581945,463,541022,13354,721312,180,21464,13534,742776,27576,37582,13147441,12404665,0
2021-11-14,6001,6287674,2289,5584234,324,541346,7942,729254,78,21542,8020,750796,16634,37484.29,13164075,12413279,0
2021-11-15,13206,6300880,5971,5590205,690,542036,25138,754392,362,21904,25500,776296,45367,38053,13209442,12433146,0
2021-11-16,9927,6310807,5781,5595986,654,542690,30702,785094,427,22331,31129,807425,47492,38696.71,13256934,12449509,0
2021-11-17,10250,6321057,6668,5602654,681,543371,31472,816566,417,22748,31889,839314,49488,39213.14,13306422,12467108,0
2021-11-18,10683,6331740,6532,5609186,856,544227,33059,849625,457,23205,33516,872830,51587,40742.71,13358009,12485179,0
2021-11-19,11959,6343699,6551,5615737,710,544937,36302,885927,455,23660,36757,909587,55977,42017.29,13413986,12504399,0
2021-11-20,9296,6352995,3416,5619153,513,545450,22541,908468,256,23916,22797,932384,36022,43223.86,13450008,12517624,0
2021-11-21,4922,6357917,1887,5621040,288,545738,13227,921695,150,24066,13377,945761,20474,43772.43,13470482,12524721,0
2021-11-22,10385,6368302,5784,5626824,750,546488,35978,957673,436,24502,36414,982175,53334,44910.57,13523816,12541641,0
2021-11-23,9741,6378043,4785,5631609,634,547122,33568,991241,370,24872,33938,1016113,49099,45140.14,13572915,12556802,0
2021-11-24,8660,6386703,4747,5636356,648,547770,25972,1017213,283,25155,26255,1042368,40310,43829,13613225,12570857,0
2021-11-25,448,6387151,327,5636683,80,547850,1002,1018215,9,25164,1011,1043379,1866,36726,13615091,12571712,0
2021-11-26,8038,6395189,6984,5643667,528,548378,26616,1044831,297,25461,26913,1070292,42463,34795.43,13657554,12587262,0
2021-11-27,6660,6401849,6832,5650499,371,548749,18873,1063704,220,25681,19093,1089385,32957,34357.57,13690511,12601126,0
2021-11-28,4052,6405901,5789,5656288,281,549030,11923,1075627,119,25800,12042,1101427,22164,34599,13712675,12611248,0
2021-11-29,9067,6414968,11004,5667292,686,549716,35107,1110734,437,26237,35544,1136971,56301,35022.86,13768976,12632005,0
2021-11-30,10454,6425422,11441,5678733,513,550229,37839,1148573,491,26728,38330,1175301,60738,36685.57,13829714,12654413,0
2021-12-01,11133,6436555,10990,5689723,725,550954,40403,1188976,441,27169,40844,1216145,63693,40026,13893407,12677262,0
2021-12-02,11603,6448158,11039,5700762,626,551580,42224,1231200,446,27615,42670,1258815,65938,49179.14,13959345,12700530,0
2021-12-03,13416,6461574,12900,5713662,674,552254,48000,1279200,519,28134,48519,1307334,75509,53900,14034854,12727520,0
2021-12-04,9811,6471385,11293,5724955,566,552820,30725,1309925,302,28436,31027,1338361,52697,56720,14087551,12749190,0
2021-12-05,5728,6477113,5703,5730658,270,553090,16686,1326611,130,28566,16816,1355177,28517,57627.57,14116068,12760891,0
2021-12-06,12287,6489400,9984,5740642,599,553689,43297,1369908,444,29010,43741,1398918,66611,59100.43,14182679,12783761,0
2021-12-07,12539,6501939,9256,5749898,624,554313,43098,1413006,503,29513,43601,1442519,66020,59855,14248699,12806180,0
2021-12-08,13474,6515413,8775,5758673,555,554868,40852,1453858,470,29983,41322,1483841,64126,59916.86,14312825,12828984,0
2021-12-09,13433,6528846,8757,5767430,554,555422,40872,1494730,489,30472,41361,1525202,64105,59655,14376930,12851728,0
2021-12-10,13989,6542835,10148,5777578,669,556091,43718,1538448,490,30962,44208,1569410,69014,58727.14,14445944,12876534,0
2021-12-11,10244,6553079,8129,5785707,405,556496,26733,1565181,281,31243,27014,1596424,45793,57740.86,14491737,12895313,0
2021-12-12,6003,6559082,3856,5789563,287,556783,15177,1580358,137,31380,15314,1611738,25460,57304.14,14517197,12905459,0
2021-12-13,12172,6571254,7432,5796995,655,557438,37936,1618294,393,31773,38329,1650067,58588,56158,14575785,12925718,0
2021-12-14,12195,6583449,6953,5803948,730,558168,38204,1656498,431,32204,38635,1688702,58513,55085.57,14634298,12945596,0
2021-12-15,12055,6595504,6248,5810196,756,558924,38181,1694679,487,32691,38668,1727370,57728,54171.57,14692026,12964656,0
2021-12-16,13135,6608639,4268,5814464,739,559663,41171,1735850,452,33143,41623,1768993,59765,53551.57,14751791,12982798,0
2021-12-17,15904,6624543,6934,5821398,619,560282,46845,1782695,474,33617,47319,1816312,70776,53803.29,14822567,13006255,0
2021-12-18,12993,6637536,5717,5827115,432,560714,30651,1813346,268,33885,30919,1847231,50061,54413,14872628,13025397,0
2021-12-19,6996,6644532,2991,5830106,326,561040,18031,1831377,173,34058,18204,1865435,28517,54849.71,14901145,13035710,0
2021-12-20,16811,6661343,5859,5835965,746,561786,47527,1878904,565,34623,48092,1913527,71508,56695.43,14972653,13059126,0
2021-12-21,17933,6679276,6572,5842537,804,562590,48954,1927858,586,35209,49540,1963067,74849,59029.14,15047502,13084435,0
2021-12-22,18515,6697791,6560,5849097,937,563527,49766,1977624,531,35740,50297,2013364,76309,61683.57,15123811,13110447,0
2021-12-23,18996,6716787,6483,5855580,930,564457,45913,2023537,528,36268,46441,2059805,72850,63552.86,15196661,13136856,0
2021-12-24,9214,6726001,2952,5858532,598,565055,20619,2044156,213,36481,20832,2080637,33596,58241.43,15230257,13149620,0
2021-12-25,344,6726345,63,5858595,31,565086,427,2044583,8,36489,435,2081072,873,51214.57,15231130,13150058,0
2021-12-26,7949,6734294,3925,5862520,340,565426,17296,2061879,175,36664,17471,2098543,29685,51381.43,15260815,13162272,0
2021-12-27,21748,6756042,9206,5871726,934,566360,43488,2105367,553,37217,44041,2142584,75929,52013,15336744,13194160,0
2021-12-28,20127,6776169,8330,5880056,702,567062,47609,2152976,612,37829,48221,2190805,77380,52374.57,15414124,13223319,0
2021-12-29,18480,6794649,7671,5887727,607,567669,45621,2198597,483,38312,46104,2236909,72862,51882.14,15486986,13250077,0
2021-12-30,16872,6811521,7425,5895152,588,568257,44896,2243493,581,38893,45477,2282386,70362,51526.71,15557348,13274962,0
2021-12-31,5348,6816869,2809,5897961,193,568450,14773,2258266,183,39076,14956,2297342,23306,50056.71,15580654,13283312,0
2022-01-01,244,6817113,147,5898108,12,568462,502,2258768,22,39098,524,2297866,927,50064.43,15581581,13283715,0
2022-01-02,6421,6823534,5023,5903131,153,568615,10989,2269757,110,39208,11099,2308965,22696,49066,15604277,13295312,0
2022-01-03,14118,6837652,8503,5911634,514,569129,26980,2296737,344,39552,27324,2336289,50459,45427.43,15654736,13318447,0
2022-01-04,12809,6850461,8126,5919760,415,569544,27253,2323990,364,39916,27617,2363906,48967,41368.43,15703703,13339797,0
2022-01-05,11321,6861782,7018,5926778,382,569926,25999,2349989,312,40228,26311,2390217,45032,37392.71,15748735,13358518,0
2022-01-06,11343,6873125,7395,5934173,483,570409,27643,2377632,341,40569,27984,2418201,47205,34084.57,15795940,13377739,0
2022-01-07,10189,6883314,8446,5942619,339,570748,25178,2402810,324,40893,25502,2443703,44477,37109,15840417,13396714,0
2022-01-08,7692,6891006,8582,5951201,310,571058,19606,2422416,181,41074,19787,2463490,36372,42172.57,15876789,13413299,0
2022-01-09,4117,6895123,3843,5955044,214,571272,10074,2432490,93,41167,10167,2473657,18341,41550.43,15895130,13421473,0
2022-01-10,10163,6905286,8192,5963236,490,571762,24625,2457115,307,41474,24932,2498589,43777,40595.86,15938907,13440318,0
2022-01-11,8867,6914153,7989,5971225,521,572283,21044,2478159,288,41762,21332,2519921,38711,39130.71,15977618,13457697,0
2022-01-12,8925,6923078,8331,5979556,427,572710,22370,2500529,289,42051,22659,2542580,40342,38460.71,16017960,13475380,0
2022-01-13,9023,6932101,8866,5988422,452,573162,22910,2523439,319,42370,23229,2565809,41571,37655.86,16059531,13493722,0
2022-01-14,10089,6942190,8123,5996545,475,573637,26460,2549899,332,42702,26792,2592601,45479,37799,16105010,13512409,0
2022-01-15,6201,6948391,4310,6000855,178,573815,15151,2565050,179,42881,15330,2607931,26019,36320,16131029,13523098,0
2022-01-16,2906,6951297,3249,6004104,95,573910,7831,2572881,85,42966,7916,2615847,14166,35723.57,16145195,13529348,0
2022-01-17,6052,6957349,6752,6010856,363,574273,14699,2587580,219,43185,14918,2630765,28085,33481.86,16173280,13542515,0
2022-01-18,8144,6965493,10323,6021179,396,574669,19681,2607261,315,43500,19996,2650761,38859,33503,16212139,13561378,0
2022-01-19,7439,6972932,9248,6030427,303,574972,17735,2624996,273,43773,18008,2668769,34999,32739.71,16247138,13578369,0
2022-01-20,6258,6979190,8559,6038986,305,575277,15274,2640270,249,44022,15523,2684292,30645,31178.86,16277783,13593491,0
2022-01-21,7549,6986739,7513,6046499,276,575553,18523,2658793,284,44306,18807,2703099,34145,29559.71,16311928,13608829,0
2022-01-22,5183,6991922,4934,6051433,131,575684,11332,2670125,127,44433,11459,2714558,21707,28943.71,16333635,13619077,0
2022-01-23,2803,6994725,3329,6054762,97,575781,6236,2676361,76,44509,6312,2720870,12541,28711.57,16346176,13625306,0
2022-01-24,6352,7001077,8203,6062965,262,576043,15084,2691445,242,44751,15326,2736196,30143,29005.57,16376319,13640123,0
2022-01-25,6172,7007249,7940,6070905,231,576274,14707,2706152,261,45012,14968,2751164,29311,27641.57,16405630,13654466,0
2022-01-26,5738,7012987,7180,6078085,289,576563,14026,2720178,211,45223,14237,2765401,27444,26562.29,16433074,13667673,0
2022-01-27,5238,7018225,7091,6085176,321,576884,14101,2734279,234,45457,14335,2779736,26985,26039.43,16460059,13680323,0
2022-01-28,6240,7024465,7879,6093055,203,577087,16140,2750419,238,45695,16378,2796114,30700,25547.29,16490759,13694645,0
2022-01-29,839,7025304,728,6093783,28,577115,2540,2752959,39,45734,2579,2798693,4174,23042.57,16494933,13696240,0
2022-01-30,2087,7027391,3023,6096806,103,577218,4544,2757503,63,45797,4607,2803300,9820,22653.86,16504753,13701453,0
2022-01-31,4995,7032386,6593,6103399,220,577438,11399,2768902,200,45997,11599,2814899,23407,21691.57,16528160,13713261,0
2022-02-01,4819,7037205,6442,6109841,220,577658,10726,2779628,219,46216,10945,2825844,22426,20708,16550586,13724742,0
2022-02-02,4252,7041457,5943,6115784,212,577870,11248,2790876,244,46460,11492,2837336,21899,19915.86,16572485,13735149,0
2022-02-03,4216,7045673,5817,6121601,216,578086,11231,2802107,198,46658,11429,2848765,21678,19157.71,16594163,13745398,0
2022-02-04,4753,7050426,7118,6128719,214,578300,13228,2815335,238,46896,13466,2862231,25551,18422.14,16619714,13757483,0
2022-02-05,3568,7053994,6051,6134770,110,578410,8584,2823919,156,47052,8740,2870971,18469,20464.29,16638183,13767212,0
2022-02-06,2058,7056052,2138,6136908,121,578531,4643,2828562,103,47155,4746,2875717,9064,20356.29,16647247,13771530,0
2022-02-07,4144,7060196,4736,6141644,205,578736,10143,2838705,232,47387,10375,2886092,19460,19792.43,16666707,13780615,0
2022-02-08,4207,7064403,5609,6147253,214,578950,11334,2850039,308,47695,11642,2897734,21672,19684.71,16688379,13790645,0
2022-02-09,4123,7068526,5406,6152659,223,579173,11669,2861708,256,47951,11925,2909659,21677,19653,16710056,13800397,0
2022-02-10,3976,7072502,5127,6157786,244,579417,12211,2873919,286,48237,12497,2922156,21844,19676.71,16731900,13809744,0
2022-02-11,4501,7077003,5811,6163597,194,579611,13741,2887660,325,48562,14066,2936222,24572,19536.86,16756472,13820250,0
2022-02-12,3256,7080259,4343,6167940,97,579708,8810,2896470,214,48776,9024,2945246,16720,19287,16773192,13827946,0
2022-02-13,1517,7081776,1544,6169484,41,579749,4883,2901353,111,48887,4994,2950240,8096,19148.71,16781288,13831048,0
2022-02-14,2972,7084748,3627,6173111,167,579916,10578,2911931,325,49212,10903,2961143,17669,18892.86,16798957,13837814,0
2022-02-15,3536,7088284,4079,6177190,175,580091,12794,2924725,283,49495,13077,2974220,20867,18777.86,16819824,13845604,0
2022-02-16,3640,7091924,3908,6181098,200,580291,15736,2940461,297,49792,16033,2990253,23781,19078.43,16843605,13853352,0
2022-02-17,4029,7095953,4084,6185182,162,580453,18332,2958793,363,50155,18695,3008948,26970,19810.71,16870575,13861627,0
2022-02-18,4453,7100406,4785,6189967,189,580642,21542,2980335,460,50615,22002,3030950,31429,20790.29,16902004,13871054,0
2022-02-19,3248,7103654,2183,6192150,65,580707,11184,2991519,218,50833,11402,3042352,16898,20815.71,16918902,13876550,0
2022-02-20,1846,7105500,1444,6193594,59,580766,6593,2998112,115,50948,6708,3049060,10057,21095.86,16928959,13879899,0
2022-02-21,3080,7108580,2695,6196289,95,580861,8353,3006465,233,51181,8586,3057646,14456,20636.86,16943415,13885769,0
2022-02-22,4371,7112951,4258,6200547,174,581035,10841,3017306,251,51432,11092,3068738,19895,20498,16963310,13894572,0
2022-02-23,4253,7117204,3791,6204338,145,581180,10675,3027981,241,51673,10916,3079654,19105,19830,16982415,13902761,0
2022-02-24,3789,7120993,3661,6207999,108,581288,10199,3038180,229,51902,10428,3090082,17986,18546.57,17000401,13910319,0
2022-02-25,3603,7124596,3634,6211633,135,581423,9988,3048168,240,52142,10228,3100310,17600,16571,17018001,13917691,0
2022-02-26,2827,7127423,2582,6214215,74,581497,9523,3057691,155,52297,9678,3109988,15161,16322.86,17033162,13923174,0
2022-02-27,1767,7129190,1375,6215590,52,581549,6267,3063958,104,52401,6371,3116359,9565,16252.57,17042727,13926368,0
2022-02-28,3783,7132973,3140,6218730,141,581690,13139,3077097,251,52652,13390,3129749,20454,17109.43,17063181,13933432,0
2022-03-01,2122,7135095,2632,6221362,103,581793,5186,3082283,187,52839,5373,3135122,10230,15728.71,17073411,13938289,0
2022-03-02,1833,7136928,2445,6223807,107,581900,4136,3086419,209,53048,4345,3139467,8730,14246.57,17082141,13942674,0
2022-03-03,1936,7138864,2559,6226366,106,582006,3798,3090217,171,53219,3969,3143436,8570,12901.43,17090711,13947275,0
2022-03-04,2118,7140982,2876,6229242,66,582072,4331,3094548,208,53427,4539,3147975,9599,11758.43,17100310,13952335,0
2022-03-05,1612,7142594,2123,6231365,43,582115,3317,3097865,118,53545,3435,3151410,7213,10623,17107523,13956113,0
2022-03-06,798,7143392,879,6232244,30,582145,1624,3099489,55,53600,1679,3153089,3386,9740.29,17110909,13957820,0
2022-03-07,1661,7145053,1789,6234033,87,582232,3503,3102992,160,53760,3663,3156752,7200,7846.86,17118109,13961357,0
2022-03-08,1548,7146601,1896,6235929,79,582311,3126,3106118,152,53912,3278,3160030,6801,7357,17124910,13964880,0
2022-03-09,1263,7147864,1682,6237611,80,582391,2591,3108709,129,54041,2720,3162750,5745,6930.57,17130655,13967905,0
2022-03-10,1415,7149279,2100,6239711,85,582476,2964,3111673,164,54205,3128,3165878,6728,6667.43,17137383,13971505,0
2022-03-11,1595,7150874,2275,6241986,81,582557,3214,3114887,189,54394,3403,3169281,7354,6346.71,17144737,13975456,0
2022-03-12,877,7151751,1415,6243401,42,582599,2009,3116896,75,54469,2084,3171365,4418,5947.43,17149155,13977790,0
2022-03-13,624,7152375,756,6244157,28,582627,1292,3118188,48,54517,1340,3172705,2748,5856.29,17151903,13979198,0
2022-03-14,1369,7153744,1611,6245768,83,582710,2990,3121178,208,54725,3198,3175903,6261,5722.14,17158164,13982261,0
2022-03-15,1356,7155100,1927,6247695,63,582773,3068,3124246,233,54958,3301,3179204,6647,5700.14,17164811,13985607,0
2022-03-16,1399,7156499,2065,6249760,94,582867,3140,3127386,295,55253,3435,3182639,6993,5878.43,17171804,13989165,0
2022-03-17,1194,7157693,1807,6251567,71,582938,2763,3130149,268,55521,3031,3185670,6103,5789.14,17177907,13992237,0
2022-03-18,1589,7159282,2218,6253785,79,583017,3773,3133922,418,55939,4191,3189861,8077,5892.43,17185984,13996123,0
2022-03-19,1109,7160391,1732,6255517,54,583071,2605,3136527,227,56166,2832,3192693,5727,6079.43,17191711,13999018,0
2022-03-20,608,7160999,630,6256147,33,583104,1467,3137994,186,56352,1653,3194346,2924,6104.57,17194635,14000289,0
2022-03-21,1420,7162419,1552,6257699,72,583176,3060,3141054,358,56710,3418,3197764,6462,6133.29,17201097,14003333,0
2022-03-22,1343,7163762,1554,6259253,101,583277,2906,3143960,345,57055,3251,3201015,6249,6076.43,17207346,14006331,0
2022-03-23,1259,7165021,1361,6260614,66,583343,2922,3146882,373,57428,3295,3204310,5981,5931.86,17213327,14009017,0
2022-03-24,1212,7166233,1299,6261913,90,583433,2520,3149402,270,57698,2790,3207100,5391,5830.14,17218718,14011618,0
2022-03-25,1382,7167615,1633,6263546,62,583495,3268,3152670,382,58080,3650,3210750,6727,5637.29,17225445,14014695,0
2022-03-26,927,7168542,1164,6264710,36,583531,2308,3154978,251,58331,2559,3213309,4686,5488.57,17230131,14016822,0
2022-03-27,573,7169115,528,6265238,29,583560,1315,3156293,202,58533,1517,3214826,2647,5449,17232778,14017952,0
2022-03-28,1080,7170195,1167,6266405,69,583629,2441,3158734,364,58897,2805,3217631,5121,5257.43,17237899,14020268,0
2022-03-29,1051,7171246,1103,6267508,85,583714,2510,3161244,884,59781,3394,3221025,5633,5169.43,17243532,14022507,0
2022-03-30,1242,7172488,1139,6268647,99,583813,3063,3164307,3411,63192,6474,3227499,8954,5594.14,17252486,14024987,0
2022-03-31,1281,7173769,1254,6269901,57,583870,3166,3167473,5514,68706,8680,3236179,11273,6434.43,17263759,14027580,0
2022-04-01,1422,7175191,1491,6271392,76,583946,3247,3170720,6911,75617,10158,3246337,13147,7351.57,17276906,14030569,0
2022-04-02,909,7176100,908,6272300,33,583979,2089,3172809,4535,80152,6624,3252961,8474,7892.71,17285380,14032419,0
2022-04-03,555,7176655,494,6272794,28,584007,1221,3174030,3056,83208,4277,3257238,5354,8279.43,17290734,14033496,0
2022-04-04,1352,7178007,1307,6274101,61,584068,2725,3176755,7710,90918,10435,3267673,13155,9427.14,17303889,14036216,0
2022-04-05,1301,7179308,1158,6275259,66,584134,2844,3179599,7490,98408,10334,3278007,12859,10459.43,17316748,14038741,0
2022-04-06,1336,7180644,1176,6276435,61,584195,2625,3182224,6960,105368,9585,3287592,12158,10917.14,17328906,14041314,0
2022-04-07,1206,7181850,1064,6277499,57,584252,2378,3184602,6612,111980,8990,3296582,11317,10923.43,17340223,14043641,0
2022-04-08,1480,7183330,1407,6278906,61,584313,3165,3187767,8791,120771,11956,3308538,14904,11174.43,17355127,14046589,0
2022-04-09,911,7184241,924,6279830,29,584342,2082,3189849,4950,125721,7032,3315570,8896,11234.71,17364023,14048453,0
2022-04-10,579,7184820,459,6280289,25,584367,1167,3191016,2902,128623,4069,3319639,5132,11203,17369155,14049516,0
2022-04-11,1307,7186127,1234,6281523,61,584428,2660,3193676,7826,136449,10486,3330125,13088,11193.43,17382243,14052118,0
2022-04-12,1215,7187342,1055,6282578,73,584501,2524,3196200,7436,143885,9960,3340085,12303,11114,17394546,14054461,0
2022-04-13,1237,7188579,1078,6283656,59,584560,2517,3198717,7539,151424,10056,3350141,12430,11152.86,17406976,14056835,0
2022-04-14,1267,7189846,1094,6284750,59,584619,2442,3201159,6587,158011,9029,3359170,11449,11171.71,17418425,14059255,0
2022-04-15,1334,7191180,1095,6285845,53,584672,2564,3203723,6631,164642,9195,3368365,11677,10710.71,17430102,14061737,0
2022-04-16,857,7192037,653,6286498,34,584706,1644,3205367,3685,168327,5329,3373694,6873,10421.71,17436975,14063281,0
2022-04-17,345,7192382,201,6286699,27,584733,638,3206005,1158,169485,1796,3375490,2369,10027,17439344,14063854,0
2022-04-18,1387,7193769,1115,6287814,82,584815,2585,3208590,6410,175895,8995,3384485,11579,9811.43,17450923,14066438,0
2022-04-19,1416,7195185,934,6288748,71,584886,2580,3211170,5751,181646,8331,3392816,10752,9589.86,17461675,14068859,0
2022-04-20,1308,7196493,1158,6289906,65,584951,2708,3213878,6637,188283,9345,3402161,11876,9510.71,17473551,14071390,0
2022-04-21,1219,7197712,1065,6290971,53,585004,2334,3216212,5342,193625,7676,3409837,10013,9305.57,17483564,14073727,0
2022-04-22,1211,7198923,1024,6291995,46,585050,2200,3218412,5652,199277,7852,3417689,10134,9085.14,17493698,14076009,0
2022-04-23,713,7199636,748,6292743,59,585109,1429,3219841,3350,202627,4779,3422468,6299,9003.14,17499997,14077529,0
2022-04-24,441,7200077,336,6293079,27,585136,811,3220652,1816,204443,2627,3425095,3431,9154.86,17503428,14078333,0
2022-04-25,1036,7201113,915,6293994,64,585200,1852,3222504,5089,209532,6941,3432036,8956,8780.14,17512384,14080348,0
2022-04-26,950,7202063,858,6294852,76,585276,1747,3224251,4697,214229,6444,3438480,8328,8433.86,17520712,14082232,0
2022-04-27,1037,7203100,1023,6295875,80,585356,1927,3226178,5210,219439,7137,3445617,9277,8062.57,17529989,14084372,0
2022-04-28,1089,7204189,986,6296861,50,585406,2002,3228180,4734,224173,6736,3452353,8861,7898,17538850,14086497,0
2022-04-29,1180,7205369,1102,6297963,60,585466,2162,3230342,5405,229578,7567,3459920,9909,7865.86,17548759,14088839,0
2022-04-30,725,7206094,744,6298707,50,585516,1394,3231736,2964,232542,4358,3464278,5877,7805.57,17554636,14090358,0
2022-05-01,445,7206539,365,6299072,20,585536,766,3232502,1656,234198,2422,3466700,3252,7780,17557888,14091188,0
2022-05-02,1052,7207591,791,6299863,52,585588,1676,3234178,3812,238010,5488,3472188,7383,7555.29,17565271,14093083,0
2022-05-03,1121,7208712,862,6300725,61,585649,1998,3236176,4863,242873,6861,3479049,8905,7637.71,17574176,14095127,0
2022-05-04,1016,7209728,883,6301608,48,585697,1930,3238106,4661,247534,6591,3485640,8538,7532.14,17582714,14097074,0
2022-05-05,1074,7210802,957,6302565,87,585784,1927,3240033,4876,252410,6803,3492443,8921,7540.71,17591635,14099192,0
2022-05-06,1094,7211896,958,6303523,51,585835,1861,3241894,4394,256804,6255,3498698,8358,7319.14,17599993,14101295,0
2022-05-07,660,7212556,591,6304114,32,585867,1202,3243096,2430,259234,3632,3502330,4915,7181.71,17604908,14102578,0
2022-05-08,413,7212969,244,6304358,17,585884,667,3243763,1385,260619,2052,3504382,2726,7106.57,17607634,14103252,0
2022-05-09,1083,7214052,947,6305305,60,585944,1891,3245654,4425,265044,6316,3510698,8406,7252.71,17616040,14105342,0
2022-05-10,1098,7215150,930,6306235,54,585998,1984,3247638,4716,269760,6700,3517398,8782,7235.14,17624822,14107424,0
2022-05-11,1091,7216241,976,6307211,44,586042,1941,3249579,4837,274597,6778,3524176,8889,7285.29,17633711,14109535,0
2022-05-12,1107,7217348,949,6308160,60,586102,1997,3251576,4661,279258,6658,3530834,8774,7264.29,17642485,14111651,0
2022-05-13,1161,7218509,1041,6309201,44,586146,2062,3253638,4792,284050,6854,3537688,9100,7370.29,17651585,14113897,0
2022-05-14,830,7219339,669,6309870,31,586177,1466,3255104,2950,287000,4416,3542104,5946,7517.57,17657531,14115427,0
2022-05-15,510,7219849,357,6310227,22,586199,923,3256027,1648,288648,2571,3544675,3460,7622.43,17660991,14116316,0
2022-05-16,1231,7221080,856,6311083,62,586261,1828,3257855,3858,292506,5686,3550361,7835,7540.86,17668826,14118465,0
2022-05-17,1292,7222372,932,6312015,79,586340,2042,3259897,4890,297396,6932,3557293,9235,7605.57,17678061,14120768,0
2022-05-18,1243,7223615,902,6312917,82,586422,2061,3261958,4935,302331,6996,3564289,9223,7653.29,17687284,14122995,0
2022-05-19,1163,7224778,881,6313798,36,586458,2119,3264077,4722,307053,6841,3571130,8921,7674.29,17696205,14125075,0
2022-05-20,1199,7225977,967,6314765,73,586531,2368,3266445,5202,312255,7570,3578700,9811,7775.86,17706016,14127316,0
2022-05-21,837,7226814,648,6315413,23,586554,1722,3268167,3296,315551,5018,3583718,6527,7858.86,17712543,14128825,0
2022-05-22,509,7227323,292,6315705,22,586576,1135,3269302,1837,317388,2972,3586690,3795,7906.71,17716338,14129648,0
2022-05-23,1222,7228545,889,6316594,52,586628,2189,3271491,4702,322090,6891,3593581,9054,8080.86,17725392,14131811,0
2022-05-24,1417,7229962,940,6317534,66,586694,2296,3273787,4481,326571,6777,3600358,9201,8076,17734593,14134235,0
2022-05-25,1428,7231390,956,6318490,56,586750,2257,3276044,4259,330830,6516,3606874,8957,8038,17743550,14136676,0
2022-05-26,1178,7232568,889,6319379,60,586810,2261,3278305,4145,334975,6406,3613280,8534,7982.71,17752084,14138804,0
2022-05-27,1249,7233817,961,6320340,38,586848,2497,3280802,3913,338888,6410,3619690,8659,7818.14,17760743,14141053,0
2022-05-28,715,7234532,518,6320858,19,586867,1781,3282583,2066,340954,3847,3623537,5099,7614.14,17765842,14142305,0
2022-05-29,476,7235008,215,6321073,11,586878,760,3283343,1123,342077,1883,3625420,2585,7441.29,17768427,14143007,0
2022-05-30,91,7235099,59,6321132,6,586884,138,3283481,145,342222,283,3625703,439,6210.57,17768866,14143163,0
2022-05-31,1142,7236241,920,6322052,51,586935,1892,3285373,3057,345279,4949,3630652,7062,5905,17775928,14145276,0
2022-06-01,1157,7237398,852,6322904,63,586998,1969,3287342,3419,348698,5388,3636040,7460,5691.14,17783388,14147348,0
2022-06-02,1036,7238434,801,6323705,72,587070,1822,3289164,3166,351864,4988,3641028,6897,5457.29,17790285,14149257,0
2022-06-03,1171,7239605,896,6324601,47,587117,2065,3291229,3489,355353,5554,3646582,7668,5315.71,17797953,14151371,0
2022-06-04,727,7240332,582,6325183,26,587143,1554,3292783,1903,357256,3457,3650039,4794,5272.14,17802747,14152708,0
2022-06-05,450,7240782,297,6325480,1,587144,880,3293663,978,358234,1858,3651897,2606,5275.14,17805353,14153456,0
2022-06-06,1127,7241909,828,6326308,64,587208,1752,3295415,2734,360968,4486,3656383,6505,6141.71,17811858,14155475,0
2022-06-07,1027,7242936,770,6327078,70,587278,1787,3297202,2561,363529,4348,3660731,6215,6020.71,17818073,14157342,0
2022-06-08,1096,7244032,838,6327916,75,587353,1875,3299077,2741,366270,4616,3665347,6626,5901.57,17824699,14159352,0
2022-06-09,1142,7245174,839,6328755,61,587414,2220,3301297,2686,368956,4906,3670253,6948,5908.86,17831647,14161394,0
2022-06-10,1050,7246224,818,6329573,75,587489,1881,3303178,2823,371779,4704,3674957,6647,5763,17838294,14163337,0
2022-06-11,681,7246905,508,6330081,25,587514,1325,3304503,1499,373278,2824,3677781,4038,5655,17842332,14164551,0
2022-06-12,352,7247257,288,6330369,21,587535,878,3305381,771,374049,1649,3679430,2310,5612.71,17844642,14165212,0
2022-06-13,1029,7248286,768,6331137,63,587598,1573,3306954,2186,376235,3759,3683189,5620,5486.29,17850262,14167073,0
2022-06-14,967,7249253,834,6331971,64,587662,1681,3308635,2498,378733,4179,3687368,6044,5461.86,17856306,14168938,0
2022-06-15,972,7250225,867,6332838,39,587701,1664,3310299,2415,381148,4079,3691447,5957,5366.29,17862263,14170816,0
2022-06-16,961,7251186,777,6333615,59,587760,1831,3312130,2365,383513,4196,3695643,5993,5229.86,17868256,14172613,0
2022-06-17,906,7252092,795,6334410,48,587808,1767,3313897,2395,385908,4162,3699805,5912,5124.86,17874168,14174363,0
2022-06-18,663,7252755,522,6334932,26,587834,1280,3315177,1291,387199,2571,3702376,3782,5088.29,17877950,14175574,0
2022-06-19,349,7253104,236,6335168,16,587850,727,3315904,605,387804,1332,3703708,1933,5034.43,17879883,14176175,0
2022-06-20,836,7253940,487,6335655,41,587891,1572,3317476,1613,389417,3185,3706893,4549,4881.43,17884432,14177539,0
2022-06-21,1138,7255078,741,6336396,50,587941,1696,3319172,2139,391556,3835,3710728,5765,4841.57,17890197,14179469,0
2022-06-22,1965,7257043,835,6337231,46,587987,1706,3320878,1992,393548,3698,3714426,6544,4925.43,17896741,14182315,0
2022-06-23,2118,7259161,762,6337993,65,588052,1698,3322576,2152,395700,3850,3718276,6796,5040.14,17903537,14185261,0
2022-06-24,2183,7261344,756,6338749,48,588100,1624,3324200,2146,397846,3770,3722046,6757,5160.86,17910294,14188248,0
2022-06-25,2139,7263483,497,6339246,15,588115,1232,3325432,1144,398990,2376,3724422,5031,5339.29,17915325,14190903,0
2022-06-26,1214,7264697,249,6339495,14,588129,684,3326116,529,399519,1213,3725635,2690,5447.43,17918015,14192380,0
2022-06-27,1533,7266230,653,6340148,60,588189,1463,3327579,1649,401168,3112,3728747,5358,5563,17923373,14194626,0
2022-06-28,1694,7267924,830,6340978,55,588244,1856,3329435,2140,403308,3996,3732743,6575,5678.71,17929948,14197205,0
2022-06-29,1860,7269784,776,6341754,48,588292,1718,3331153,1919,405227,3637,3736380,6321,5646.86,17936269,14199889,0
2022-06-30,1868,7271652,807,6342561,46,588338,1729,3332882,2128,407355,3857,3740237,6578,5615.71,17942847,14202610,0
2022-07-01,1601,7273253,597,6343158,26,588364,1389,3334271,1723,409078,3112,3743349,5336,5412.71,17948183,14204834,0
2022-07-02,980,7274233,388,6343546,18,588382,836,3335107,938,410016,1774,3745123,3160,5145.43,17951343,14206220,0
2022-07-03,530,7274763,206,6343752,7,588389,458,3335565,487,410503,945,3746068,1688,5002.29,17953031,14206963,0
2022-07-04,36,7274799,25,6343777,1,588390,31,3335596,38,410541,69,3746137,131,4255.57,17953162,14207025,0
2022-07-05,1292,7276091,757,6344534,35,588425,1403,3336999,1740,412281,3143,3749280,5227,4063,17958389,14209109,0
2022-07-06,1613,7277704,683,6345217,44,588469,1442,3338441,1835,414116,3277,3752557,5617,3962.43,17964006,14211449,0
2022-07-07,1592,7279296,714,6345931,48,588517,1527,3339968,1998,416114,3525,3756082,5879,3862.57,17969885,14213803,0
2022-07-08,1632,7280928,653,6346584,37,588554,1471,3341439,1973,418087,3444,3759526,5768,3924.29,17975653,14216127,0
2022-07-09,983,7281911,424,6347008,26,588580,877,3342316,1342,419429,2219,3761745,3652,3994.57,17979305,14217560,0
2022-07-10,639,7282550,187,6347195,17,588597,429,3342745,661,420090,1090,3762835,1933,4029.57,17981238,14218403,0
2022-07-11,1396,7283946,635,6347830,49,588646,1436,3344181,2208,422298,3644,3766479,5724,4828.57,17986962,14220483,0
2022-07-12,1400,7285346,687,6348517,45,588691,1398,3345579,2512,424810,3910,3770389,6042,4945,17993004,14222615,0
2022-07-13,1620,7286966,728,6349245,36,588727,1521,3347100,2817,427627,4338,3774727,6722,5102.86,17999726,14224999,0
2022-07-14,1593,7288559,841,6350086,47,588774,1599,3348699,3054,430681,4653,3779380,7135,5282.29,18006861,14227481,0
2022-07-15,1612,7290171,939,6351025,47,588821,1568,3350267,3047,433728,4615,3783995,7213,5488.71,18014074,14230079,0
2022-07-16,883,7291054,583,6351608,9,588830,978,3351245,1692,435420,2670,3786665,4145,5559.14,18018219,14231554,0
2022-07-17,550,7291604,291,6351899,16,588846,529,3351774,1164,436584,1693,3788358,2550,5647.29,18020769,14232411,0
2022-07-18,1398,7293002,842,6352741,45,588891,1432,3353206,2448,439032,3880,3792238,6165,5710.29,18026934,14234696,0
2022-07-19,1440,7294442,977,6353718,51,588942,1536,3354742,2796,441828,4332,3796570,6800,5818.57,18033734,14237164,0
2022-07-20,1385,7295827,1479,6355197,50,588992,1345,3356087,2390,444218,3735,3800305,6650,5808.29,18040384,14240079,0
2022-07-21,1335,7297162,1433,6356630,50,589042,1391,3357478,2361,446579,3752,3804057,6570,5727.57,18046954,14242897,0
2022-07-22,1431,7298593,1569,6358199,41,589083,1558,3359036,2850,449429,4408,3808465,7449,5761.29,18054403,14245938,0
2022-07-23,905,7299498,1098,6359297,17,589100,993,3360029,1552,450981,2545,3811010,4565,5821.29,18058968,14247958,0
2022-07-24,487,7299985,642,6359939,14,589114,501,3360530,804,451785,1305,3812315,2449,5806.86,18061417,14249102,0
2022-07-25,1217,7301202,766,6360705,59,589173,1263,3361793,2055,453840,3318,3815633,5360,5691.86,18066777,14251144,0
2022-07-26,1232,7302434,1020,6361725,41,589214,1470,3363263,2438,456278,3908,3819541,6201,5606.29,18072978,14253437,0
2022-07-27,1319,7303753,1277,6363002,42,589256,1386,3364649,2188,458466,3574,3823115,6214,5544,18079192,14256077,0
2022-07-28,1312,7305065,1417,6364419,71,589327,1425,3366074,2219,460685,3644,3826759,6444,5526,18085636,14258877,0
2022-07-29,1317,7306382,1429,6365848,64,589391,1356,3367430,2149,462834,3505,3830264,6316,5364.14,18091952,14261688,0
2022-07-30,723,7307105,715,6366563,25,589416,789,3368219,951,463785,1740,3832004,3206,5170,18095158,14263154,0
2022-07-31,423,7307528,590,6367153,14,589430,488,3368707,570,464355,1058,3833062,2085,5118,18097243,14264181,0
2022-08-01,1222,7308750,911,6368064,55,589485,1326,3370033,1505,465860,2831,3835893,5019,5069.29,18102262,14266369,0
2022-08-02,1225,7309975,1014,6369078,73,589558,1342,3371375,1594,467454,2936,3838829,5248,4933.14,18107510,14268681,0
2022-08-03,1264,7311239,1189,6370267,41,589599,1339,3372714,1522,468976,2861,3841690,5355,4810.43,18112865,14271175,0
2022-08-04,1184,7312423,1181,6371448,57,589656,1283,3373997,1448,470424,2731,3844421,5153,4626,18118018,14273597,0
2022-08-05,1307,7313730,1444,6372892,49,589705,1313,3375310,1436,471860,2749,3847170,5549,4516.43,18123567,14276397,0
2022-08-06,687,7314417,841,6373733,14,589719,759,3376069,771,472631,1530,3848700,3073,4497.43,18126640,14277940,0
2022-08-07,391,7314808,456,6374189,14,589733,422,3376491,352,472983,774,3849474,1635,4433.14,18128275,14278801,0
2022-08-08,1182,7315990,934,6375123,70,589803,1270,3377761,1171,474154,2441,3851915,4627,4377.14,18132902,14280987,0
2022-08-09,1123,7317113,891,6376014,38,589841,1226,3378987,1158,475312,2384,3854299,4436,4261.14,18137338,14283039,0
2022-08-10,1211,7318324,1110,6377124,59,589900,1254,3380241,1245,476557,2499,3856798,4879,4193.14,18142217,14285419,0
2022-08-11,1294,7319618,1064,6378188,84,589984,1210,3381451,1277,477834,2487,3859285,4929,4161.14,18147146,14287861,0
2022-08-12,1313,7320931,1406,6379594,54,590038,1262,3382713,1247,479081,2509,3861794,5282,4123,18152428,14290634,0
2022-08-13,755,7321686,783,6380377,15,590053,760,3383473,628,479709,1388,3863182,2941,4104.14,18155369,14292187,0
2022-08-14,481,7322167,478,6380855,19,590072,403,3383876,280,479989,683,3863865,1661,4107.86,18157030,14293165,0
2022-08-15,1259,7323426,1053,6381908,60,590132,1309,3385185,988,480977,2297,3866162,4669,4113.86,18161699,14295537,0
2022-08-16,1303,7324729,864,6382772,50,590182,1358,3386543,1072,482049,2430,3868592,4647,4144,18166346,14297754,0
2022-08-17,1208,7325937,954,6383726,39,590221,1229,3387772,996,483045,2225,3870817,4426,4079.29,18170772,14299955,0
2022-08-18,1157,7327094,941,6384667,45,590266,1264,3389036,942,483987,2206,3873023,4349,3996.43,18175121,14302098,0
2022-08-19,1250,7328344,1129,6385796,34,590300,1116,3390152,974,484961,2090,3875113,4503,3885.14,18179624,14304511,0
2022-08-20,581,7328925,486,6386282,16,590316,629,3390781,499,485460,1128,3876241,2211,3780.86,18181835,14305594,0
2022-08-21,356,7329281,244,6386526,9,590325,380,3391161,266,485726,646,3876887,1255,3722.86,18183090,14306203,0
2022-08-22,1204,7330485,916,6387442,38,590363,1228,3392389,881,486607,2109,3878996,4267,3665.43,18187357,14308361,0
2022-08-23,1226,7331711,1046,6388488,47,590410,1375,3393764,960,487567,2335,3881331,4655,3666.57,18192012,14310681,0
2022-08-24,1263,7332974,1008,6389496,29,590439,1283,3395047,819,488386,2102,3883433,4403,3663.29,18196415,14312982,0
2022-08-25,1213,7334187,975,6390471,65,590504,1183,3396230,810,489196,1993,3885426,4246,3648.57,18200661,14315235,0
2022-08-26,1177,7335364,1166,6391637,53,590557,1184,3397414,779,489975,1963,3887389,4359,3628,18205020,14317631,0
2022-08-27,692,7336056,536,6392173,13,590570,670,3398084,404,490379,1074,3888463,2315,3642.86,18207335,14318872,0
2022-08-28,374,7336430,232,6392405,10,590580,444,3398528,225,490604,669,3889132,1285,3647.14,18208620,14319488,0
2022-08-29,1248,7337678,963,6393368,41,590621,1210,3399738,678,491282,1888,3891020,4141,3629.14,18212761,14321741,0
2022-08-30,1261,7338939,935,6394303,36,590657,1259,3400997,763,492045,2022,3893042,4254,3571.86,18217015,14323973,0
2022-08-31,1138,7340077,1000,6395303,43,590700,1101,3402098,567,492612,1668,3894710,3850,3492.86,18220865,14326155,0
2022-09-01,1014,7341091,952,6396255,51,590751,803,3402901,452,493064,1255,3895965,3272,3353.71,18224137,14328172,0
2022-09-02,956,7342047,1002,6397257,29,590780,585,3403486,171,493235,756,3896721,2743,3122.86,18226880,14330159,0
2022-09-03,494,7342541,428,6397685,12,590792,361,3403847,50,493285,411,3897132,1345,2984.29,18228225,14331093,0
2022-09-04,225,7342766,195,6397880,10,590802,189,3404036,27,493312,216,3897348,646,2893,18228871,14331523,0
2022-09-05,74,7342840,69,6397949,7,590809,45,3404081,16,493328,61,3897409,211,2331.57,18229082,14331673,0
2022-09-06,965,7343805,1141,6399090,49,590858,627,3404708,131,493459,758,3898167,2918,2140.71,18232000,14333833,0
2022-09-07,901,7344706,1009,6400099,38,590896,473,3405181,149,493608,622,3898789,2587,1960.29,18234587,14335798,0
2022-09-08,782,7345488,750,6400849,36,590932,247,3405428,111,493719,358,3899147,1964,1773.43,18236551,14337404,0
2022-09-09,775,7346263,1051,6401900,48,590980,272,3405700,120,493839,392,3899539,2381,1721.71,18238932,14339393,0
2022-09-10,431,7346694,590,6402490,12,590992,257,3405957,45,493884,302,3899841,1391,1728.29,18240323,14340482,0
2022-09-11,192,7346886,214,6402704,11,591003,84,3406041,30,493914,114,3899955,563,1716.43,18240886,14340931,0
2022-09-12,685,7347571,742,6403446,37,591040,201,3406242,92,494006,293,3900248,1826,1947.14,18242712,14342464,0
2022-09-13,668,7348239,748,6404194,31,591071,219,3406461,112,494118,331,3900579,1886,1799.71,18244598,14344019,0
2022-09-14,649,7348888,790,6404984,30,591101,219,3406680,121,494239,340,3900919,1939,1707.14,18246537,14345618,0
2022-09-15,725,7349613,710,6405694,21,591122,221,3406901,108,494347,329,3901248,1939,1703.57,18248476,14347228,0
2022-09-16,707,7350320,964,6406658,27,591149,271,3407172,167,494514,438,3901686,2379,1703.29,18250855,14349169,0
2022-09-17,338,7350658,559,6407217,12,591161,271,3407443,79,494593,350,3902036,1365,1699.57,18252220,14350184,0
2022-09-18,162,7350820,178,6407395,7,591168,72,3407515,27,494620,99,3902135,471,1686.43,18252691,14350556,0
2022-09-19,630,7351450,613,6408008,28,591196,221,3407736,94,494714,315,3902450,1654,1661.86,18254345,14351895,0
2022-09-20,603,7352053,672,6408680,27,591223,212,3407948,90,494804,302,3902752,1726,1639,18256071,14353319,0
2022-09-21,623,7352676,648,6409328,31,591254,256,3408204,133,494937,389,3903141,1843,1625.29,18257914,14354773,0
2022-09-22,581,7353257,637,6409965,28,591282,168,3408372,138,495075,306,3903447,1750,1598.29,18259664,14356217,0
2022-09-23,644,7353901,910,6410875,24,591306,250,3408622,147,495222,397,3903844,2227,1576.57,18261891,14358047,0
2022-09-24,329,7354230,558,6411433,8,591314,260,3408882,68,495290,328,3904172,1322,1570.43,18263213,14359041,0
2022-09-25,138,7354368,166,6411599,1,591315,72,3408954,48,495338,120,3904292,471,1570.43,18263684,14359392,0
2022-09-26,530,7354898,521,6412120,16,591331,280,3409234,150,495488,430,3904722,1622,1565.86,18265306,14360584,0
2022-09-27,611,7355509,645,6412765,26,591357,277,3409511,169,495657,446,3905168,1917,1593.14,18267223,14362055,0
2022-09-28,510,7356019,596,6413361,17,591374,189,3409700,186,495843,375,3905543,1700,1572.71,18268923,14363380,0
2022-09-29,643,7356662,649,6414010,19,591393,171,3409871,104,495947,275,3905818,1798,1579.57,18270721,14364903,0
2022-09-30,588,7357250,820,6414830,13,591406,182,3410053,186,496133,368,3906186,2113,1563.29,18272834,14366648,0
2022-10-01,239,7357489,347,6415177,5,591411,132,3410185,35,496168,167,3906353,864,1497.86,18273698,14367345,0
2022-10-02,121,7357610,148,6415325,5,591416,46,3410231,46,496214,92,3906445,387,1485.86,18274085,14367640,0
2022-10-03,500,7358110,436,6415761,23,591439,156,3410387,118,496332,274,3906719,1337,1445.14,18275422,14368703,0
2022-10-04,478,7358588,495,6416256,15,591454,148,3410535,124,496456,272,3906991,1348,1363.86,18276770,14369779,0
2022-10-05,526,7359114,597,6416853,16,591470,276,3410811,167,496623,443,3907434,1743,1370,18278513,14371079,0
2022-10-06,526,7359640,597,6417450,19,591489,165,3410976,161,496784,326,3907760,1589,1340.14,18280102,14372342,0
2022-10-07,555,7360195,651,6418101,15,591504,168,3411144,148,496932,316,3908076,1890,1308.29,18281992,14373916,0
2022-10-08,244,7360439,361,6418462,4,591508,141,3411285,65,496997,206,3908282,888,1311.71,18282880,14374598,0
2022-10-09,105,7360544,155,6418617,5,591513,46,3411331,55,497052,101,3908383,400,1313.57,18283280,14374897,0
2022-10-10,365,7360909,433,6419050,14,591527,170,3411501,115,497167,285,3908668,1226,1297.71,18284506,14375838,0
2022-10-11,494,7361403,479,6419529,18,591545,173,3411674,129,497296,302,3908970,1404,1305.71,18285910,14376940,0
2022-10-12,468,7361871,537,6420066,15,591560,123,3411797,152,497448,275,3909245,1437,1262,18287347,14378102,0
2022-10-13,476,7362347,466,6420532,26,591586,127,3411924,176,497624,303,3909548,1370,1230.71,18288717,14379169,0
2022-10-14,507,7362854,721,6421253,24,591610,130,3412054,196,497820,326,3909874,1914,1234.14,18290631,14380757,0
2022-10-15,230,7363084,321,6421574,8,591618,86,3412140,66,497886,152,3910026,797,1221.14,18291428,14381402,0
2022-10-16,105,7363189,157,6421731,3,591621,25,3412165,65,497951,90,3910116,393,1220.14,18291821,14381705,0
2022-10-17,474,7363663,431,6422162,17,591638,78,3412243,115,498066,193,3910309,1239,1222,18293060,14382751,0
2022-10-18,423,7364086,493,6422655,17,591655,92,3412335,142,498208,234,3910543,1292,1206,18294352,14383809,0
2022-10-19,504,7364590,480,6423135,19,591674,83,3412418,141,498349,224,3910767,1353,1194,18295705,14384938,0
2022-10-20,477,7365067,481,6423616,8,591682,77,3412495,140,498489,217,3910984,1306,1184.86,18297011,14386027,0
2022-10-21,449,7365516,530,6424146,4,591686,85,3412580,153,498642,238,3911222,1533,1130.43,18298544,14387322,0
2022-10-22,203,7365719,282,6424428,8,591694,35,3412615,38,498680,73,3911295,649,1109.29,18299193,14387898,0
2022-10-23,77,7365796,91,6424519,3,591697,21,3412636,35,498715,56,3911351,246,1088.29,18299439,14388088,0
2022-10-24,464,7366260,397,6424916,16,591713,67,3412703,109,498824,176,3911527,1173,1078.86,18300612,14389085,120000
2022-10-25,444,7366704,414,6425330,8,591721,85,3412788,106,498930,191,3911718,1185,1063.57,18301797,14390079,120000
2022-10-26,397,7367101,398,6425728,7,591728,89,3412877,169,499099,258,3911976,1227,1045.57,18303024,14391048,120000
2022-10-27,161,7367262,157,6425885,4,591732,36,3412913,54,499153,90,3912066,475,926.86,18303499,14391433,120000
