"DATE","ADMIN_DOSE1_DAILY","ADMIN_DOSE1_CUMULATIVE","ADMIN_DOSE2_DAILY","ADMIN_DOSE2_CUMULATIVE","ADMIN_SINGLE_DAILY","ADMIN_SINGLE_CUMULATIVE","ADMIN_ADDITIONAL_DAILY","ADMIN_ADDITIONAL_CUMULATIVE","ADMIN_ALLDOSES_DAILY","ADMIN_ALLDOSES_7DAYAVG","ADMIN_ALLDOSES_CUMULATIVE","INCOMPLETE"
"2020-12-14",79,79,0,0,0,0,0,0,79,,79,0
"2020-12-15",2052,2131,5,5,4,4,0,0,2061,,2140,0
"2020-12-16",4601,6732,14,19,1,5,1,1,4617,,6757,0
"2020-12-17",4656,11388,17,36,0,5,1,2,4674,,11431,0
"2020-12-18",5833,17221,20,56,2,7,3,5,5858,,17289,0
"2020-12-19",1690,18911,6,62,3,10,0,5,1699,,18988,0
"2020-12-20",1116,20027,2,64,1,11,0,5,1119,2872.43,20107,0
"2020-12-21",6336,26363,17,81,0,11,5,10,6358,3769.43,26465,0
"2020-12-22",9799,36162,25,106,2,13,1,11,9827,4878.86,36292,0
"2020-12-23",14271,50433,35,141,3,16,1,12,14310,6263.57,50602,0
"2020-12-24",7203,57636,24,165,1,17,0,12,7228,6628.43,57830,0
"2020-12-25",180,57816,0,165,0,17,1,13,181,5817.43,58011,0
"2020-12-26",4393,62209,41,206,0,17,1,14,4435,6208.29,62446,0
"2020-12-27",3868,66077,13,219,0,17,1,15,3882,6603,66328,0
"2020-12-28",10995,77072,46,265,1,18,3,18,11045,7272.57,77373,0
"2020-12-29",10725,87797,30,295,2,20,2,20,10759,7405.71,88132,0
"2020-12-30",12840,100637,43,338,0,20,0,20,12883,7201.86,101015,0
"2020-12-31",7264,107901,31,369,1,21,0,20,7296,7211.57,108311,0
"2021-01-01",184,108085,6,375,1,22,3,23,194,7213.43,108505,0
"2021-01-02",3817,111902,10,385,2,24,1,24,3830,7127,112335,0
"2021-01-03",3543,115445,24,409,2,26,1,25,3570,7082.43,115905,0
"2021-01-04",12258,127703,805,1214,2,28,6,31,13071,7371.86,128976,0
"2021-01-05",14084,141787,2191,3405,2,30,10,41,16287,8161.57,145263,0
"2021-01-06",17814,159601,3919,7324,1,31,29,70,21763,9430.14,167026,0
"2021-01-07",16548,176149,5174,12498,4,35,45,115,21771,11498,188797,0
"2021-01-08",16631,192780,5450,17948,0,35,30,145,22111,14629,210908,0
"2021-01-09",7660,200440,1459,19407,1,36,8,153,9128,15385.86,220036,0
"2021-01-10",7899,208339,979,20386,0,36,9,162,8887,16145.43,228923,0
"2021-01-11",25850,234189,7452,27838,2,38,45,207,33349,19042.29,262272,0
"2021-01-12",28268,262457,7854,35692,1,39,43,250,36166,21882.14,298438,0
"2021-01-13",31737,294194,9374,45066,1,40,53,303,41165,24653.86,339603,0
"2021-01-14",35814,330008,5321,50387,2,42,26,329,41163,27424.14,380766,0
"2021-01-15",29281,359289,3709,54096,2,44,28,357,33020,28982.57,413786,0
"2021-01-16",30305,389594,2376,56472,0,44,24,381,32705,32350.71,446491,0
"2021-01-17",23787,413381,1611,58083,0,44,16,397,25414,34711.71,471905,0
"2021-01-18",27150,440531,2404,60487,0,44,35,432,29589,34174.57,501494,0
"2021-01-19",34332,474863,9616,70103,1,45,65,497,44014,35295.71,545508,0
"2021-01-20",34909,509772,9487,79590,1,46,57,554,44454,35765.57,589962,0
"2021-01-21",25628,535400,8088,87678,2,48,46,600,33764,34708.57,623726,0
"2021-01-22",24756,560156,4379,92057,1,49,29,629,29165,34157.86,652891,0
"2021-01-23",15740,575896,3222,95279,0,49,11,640,18973,32196.14,671864,0
"2021-01-24",7180,583076,3449,98728,0,49,15,655,10644,30086.14,682508,0
"2021-01-25",13419,596495,11811,110539,0,49,62,717,25292,29472.29,707800,0
"2021-01-26",16774,613269,10742,121281,0,49,63,780,27579,27124.43,735379,0
"2021-01-27",20846,634115,12349,133630,0,49,48,828,33243,25522.86,768622,0
"2021-01-28",30773,664888,12836,146466,0,49,78,906,43687,26940.43,812309,0
"2021-01-29",31708,696596,11484,157950,0,49,73,979,43265,28954.71,855574,0
"2021-01-30",18722,715318,3735,161685,0,49,21,1000,22478,29455.43,878052,0
"2021-01-31",13033,728351,2909,164594,1,50,25,1025,15968,30216,894020,0
"2021-02-01",1179,729530,5368,169962,3,53,34,1059,6584,27543.43,900604,0
"2021-02-02",2823,732353,9469,179431,2,55,51,1110,12345,25367.14,912949,0
"2021-02-03",16362,748715,21229,200660,4,59,200,1310,37795,26017.43,950744,0
"2021-02-04",27048,775763,19641,220301,3,62,194,1504,46886,26474.43,997630,0
"2021-02-05",27617,803380,20016,240317,0,62,173,1677,47806,27123.14,1045436,0
"2021-02-06",22999,826379,11235,251552,0,62,107,1784,34341,28817.86,1079777,0
"2021-02-07",12057,838436,8276,259828,1,63,83,1867,20417,29453.43,1100194,0
"2021-02-08",17013,855449,23488,283316,2,65,222,2089,40725,34330.71,1140919,0
"2021-02-09",17214,872663,28106,311422,2,67,321,2410,45643,39087.57,1186562,0
"2021-02-10",19612,892275,29297,340719,2,69,263,2673,49174,40713.14,1235736,0
"2021-02-11",27861,920136,33479,374198,2,71,329,3002,61671,42825.29,1297407,0
"2021-02-12",38435,958571,30772,404970,3,74,341,3343,69551,45931.71,1366958,0
"2021-02-13",28018,986589,25303,430273,2,76,299,3642,53622,48686.14,1420580,0
"2021-02-14",16305,1002894,23720,453993,0,76,249,3891,40274,51522.86,1460854,0
"2021-02-15",12805,1015699,10514,464507,2,78,165,4056,23486,49060.14,1484340,0
"2021-02-16",14267,1029966,26721,491228,0,78,307,4363,41295,48439,1525635,0
"2021-02-17",16420,1046386,22166,513394,1,79,275,4638,38862,46965.86,1564497,0
"2021-02-18",12170,1058556,24965,538359,21,100,282,4920,37438,43504,1601935,0
"2021-02-19",13288,1071844,23920,562279,39,139,294,5214,37541,38931.14,1639476,0
"2021-02-20",11359,1083203,26070,588349,6,145,320,5534,37755,36664.43,1677231,0
"2021-02-21",6362,1089565,17435,605784,15,160,274,5808,24086,34351.86,1701317,0
"2021-02-22",13044,1102609,11845,617629,2,162,120,5928,25011,34569.71,1726328,0
"2021-02-23",25246,1127855,14147,631776,1,163,156,6084,39550,34320.43,1765878,0
"2021-02-24",36358,1164213,20363,652139,0,163,207,6291,56928,36901.29,1822806,0
"2021-02-25",54619,1218832,30350,682489,6,169,378,6669,85353,43746.29,1908159,0
"2021-02-26",62909,1281741,31822,714311,4,173,387,7056,95122,51972.14,2003281,0
"2021-02-27",51320,1333061,22718,737029,47,220,323,7379,74408,57208.29,2077689,0
"2021-02-28",44623,1377684,13774,750803,6,226,191,7570,58594,62138,2136283,0
"2021-03-01",39323,1417007,12741,763544,9,235,160,7730,52233,66026.86,2188516,0
"2021-03-02",47085,1464092,12542,776086,7,242,155,7885,59789,68918.14,2248305,0
"2021-03-03",48605,1512697,16116,792202,17,259,146,8031,64884,70054.71,2313189,0
"2021-03-04",59837,1572534,22768,814970,1092,1351,265,8296,83962,69856,2397151,0
"2021-03-05",61004,1633538,24249,839219,3111,4462,320,8616,88684,68936.29,2485835,0
"2021-03-06",47176,1680714,18861,858080,5451,9913,230,8846,71718,68552,2557553,0
"2021-03-07",36059,1716773,14835,872915,6248,16161,224,9070,57366,68376.57,2614919,0
"2021-03-08",39624,1756397,14657,887572,8567,24728,305,9375,63153,69936.57,2678072,0
"2021-03-09",39110,1795507,12784,900356,7770,32498,179,9554,59843,69944.29,2737915,0
"2021-03-10",51840,1847347,15259,915615,5066,37564,210,9764,72375,71014.43,2810290,0
"2021-03-11",60008,1907355,21749,937364,4617,42181,245,10009,86619,71394,2896909,0
"2021-03-12",52217,1959572,30258,967622,4181,46362,372,10381,87028,71157.43,2983937,0
"2021-03-13",40669,2000241,26663,994285,5112,51474,313,10694,72757,71305.86,3056694,0
"2021-03-14",30728,2030969,15937,1010222,4532,56006,234,10928,51431,70458,3108125,0
"2021-03-15",33593,2064562,17201,1027423,4725,60731,234,11162,55753,69400.86,3163878,0
"2021-03-16",38695,2103257,20441,1047864,4927,65658,244,11406,64307,70038.57,3228185,0
"2021-03-17",42635,2145892,24738,1072602,4246,69904,322,11728,71941,69976.57,3300126,0
"2021-03-18",50490,2196382,26728,1099330,5244,75148,346,12074,82808,69432.14,3382934,0
"2021-03-19",47818,2244200,29881,1129211,5627,80775,368,12442,83694,68955.86,3466628,0
"2021-03-20",38720,2282920,25768,1154979,4691,85466,275,12717,69454,68484,3536082,0
"2021-03-21",29315,2312235,19294,1174273,770,86236,211,12928,49590,68221,3585672,0
"2021-03-22",33867,2346102,26676,1200949,4038,90274,257,13185,64838,69518.86,3650510,0
"2021-03-23",38438,2384540,32786,1233735,4221,94495,272,13457,75717,71148.86,3726227,0
"2021-03-24",41511,2426051,37518,1271253,4848,99343,310,13767,84187,72898.29,3810414,0
"2021-03-25",43435,2469486,50668,1321921,5051,104394,450,14217,99604,75297.71,3910018,0
"2021-03-26",38516,2508002,55387,1377308,4308,108702,504,14721,98715,77443.57,4008733,0
"2021-03-27",35761,2543763,45628,1422936,2939,111641,389,15110,84717,79624,4093450,0
"2021-03-28",26403,2570166,34349,1457285,1482,113123,313,15423,62547,81475,4155997,0
"2021-03-29",34838,2605004,38736,1496021,3248,116371,325,15748,77147,83233.43,4233144,0
"2021-03-30",40541,2645545,41838,1537859,3713,120084,320,16068,86412,84761.29,4319556,0
"2021-03-31",49427,2694972,44787,1582646,7441,127525,381,16449,102036,87311.14,4421592,0
"2021-04-01",50777,2745749,53917,1636563,11279,138804,481,16930,116454,89718.29,4538046,0
"2021-04-02",43766,2789515,53846,1690409,11977,150781,524,17454,110113,91346.57,4648159,0
"2021-04-03",39274,2828789,39165,1729574,9859,160640,327,17781,88625,91904.86,4736784,0
"2021-04-04",26566,2855355,24671,1754245,3901,164541,219,18000,55357,90877.71,4792141,0
"2021-04-05",41888,2897243,34401,1788646,11188,175729,355,18355,87832,92404.14,4879973,0
"2021-04-06",53291,2950534,35522,1824168,13220,188949,409,18764,102442,94694.14,4982415,0
"2021-04-07",55528,3006062,40648,1864816,14385,203334,380,19144,110941,95966.29,5093356,0
"2021-04-08",59288,3065350,46524,1911340,16339,219673,493,19637,122644,96850.57,5216000,0
"2021-04-09",56651,3122001,44911,1956251,17550,237223,485,20122,119597,98205.43,5335597,0
"2021-04-10",49380,3171381,35632,1991883,12728,249951,365,20487,98105,99559.71,5433702,0
"2021-04-11",38203,3209584,28806,2020689,7684,257635,275,20762,74968,102361.29,5508670,0
"2021-04-12",46651,3256235,31836,2052525,13494,271129,446,21208,92427,103017.71,5601097,0
"2021-04-13",52574,3308809,33767,2086292,366,271495,381,21589,87088,100824.29,5688185,0
"2021-04-14",50183,3358992,39942,2126234,20,271515,349,21938,90494,97903.29,5778679,0
"2021-04-15",52153,3411145,43671,2169905,15,271530,434,22372,96273,94136,5874952,0
"2021-04-16",51202,3462347,42220,2212125,32,271562,398,22770,93852,90458.14,5968804,0
"2021-04-17",43865,3506212,35681,2247806,3,271565,355,23125,79904,87858,6048708,0
"2021-04-18",28628,3534840,29371,2277177,7,271572,231,23356,58237,85467.86,6106945,0
"2021-04-19",37494,3572334,36435,2313612,22,271594,302,23658,74253,82871.57,6181198,0
"2021-04-20",40825,3613159,39638,2353250,19,271613,286,23944,80768,81968.71,6261966,0
"2021-04-21",38928,3652087,45945,2399195,15,271628,480,24424,85368,81236.43,6347334,0
"2021-04-22",38533,3690620,48942,2448137,9,271637,317,24741,87801,80026.14,6435135,0
"2021-04-23",39727,3730347,44345,2492482,5,271642,339,25080,84416,78678.14,6519551,0
"2021-04-24",31975,3762322,41602,2534084,44,271686,259,25339,73880,77817.57,6593431,0
"2021-04-25",18432,3780754,31233,2565317,86,271772,176,25515,49927,76630.43,6643358,0
"2021-04-26",26984,3807738,40724,2606041,1013,272785,268,25783,68989,75878.43,6712347,0
"2021-04-27",28580,3836318,47120,2653161,1696,274481,334,26117,77730,75444.43,6790077,0
"2021-04-28",27066,3863384,56823,2709984,2144,276625,419,26536,86452,75599.29,6876529,0
"2021-04-29",28632,3892016,57175,2767159,2144,278769,342,26878,88293,75669.57,6964822,0
"2021-04-30",30139,3922155,51975,2819134,2056,280825,271,27149,84441,75673.14,7049263,0
"2021-05-01",22485,3944640,44543,2863677,1176,282001,225,27374,68429,74894.43,7117692,0
"2021-05-02",11934,3956574,36649,2900326,1080,283081,131,27505,49794,74875.43,7167486,0
"2021-05-03",18043,3974617,53007,2953333,2383,285464,242,27747,73675,75544.86,7241161,0
"2021-05-04",22752,3997369,56639,3009972,2327,287791,247,27994,81965,76149.86,7323126,0
"2021-05-05",21489,4018858,48784,3058756,2311,290102,303,28297,72887,74212,7396013,0
"2021-05-06",20698,4039556,50169,3108925,2509,292611,258,28555,73634,72117.86,7469647,0
"2021-05-07",21277,4060833,52078,3161003,2812,295423,289,28844,76456,70977.14,7546103,0
"2021-05-08",16636,4077469,41880,3202883,1835,297258,214,29058,60565,69853.71,7606668,0
"2021-05-09",7982,4085451,29417,3232300,1260,298518,143,29201,38802,68283.43,7645470,0
"2021-05-10",14403,4099854,38535,3270835,2355,300873,217,29418,55510,65688.43,7700980,0
"2021-05-11",19940,4119794,43041,3313876,2514,303387,276,29694,65771,63375,7766751,0
"2021-05-12",17821,4137615,40534,3354410,3594,306981,222,29916,62171,61844.14,7828922,0
"2021-05-13",24993,4162608,40420,3394830,3227,310208,256,30172,68896,61167.29,7897818,0
"2021-05-14",27038,4189646,42901,3437731,3535,313743,273,30445,73747,60780.29,7971565,0
"2021-05-15",23665,4213311,34918,3472649,3367,317110,230,30675,62180,61011,8033745,0
"2021-05-16",15550,4228861,19435,3492084,2496,319606,121,30796,37602,60839.57,8071347,0
"2021-05-17",22685,4251546,29132,3521216,3256,322862,172,30968,55245,60801.71,8126592,0
"2021-05-18",24651,4276197,31893,3553109,3402,326264,226,31194,60172,60001.86,8186764,0
"2021-05-19",24224,4300421,29701,3582810,3038,329302,211,31405,57174,59288,8243938,0
"2021-05-20",24181,4324602,30071,3612881,3159,332461,261,31666,57672,57684.57,8301610,0
"2021-05-21",24702,4349304,31986,3644867,3062,335523,238,31904,59988,55719,8361598,0
"2021-05-22",20036,4369340,24348,3669215,2526,338049,153,32057,47063,53559.43,8408661,0
"2021-05-23",11247,4380587,13719,3682934,1411,339460,95,32152,26472,51969.43,8435133,0
"2021-05-24",18896,4399483,23138,3706072,2760,342220,208,32360,45002,50506.14,8480135,0
"2021-05-25",19447,4418930,23368,3729440,2604,344824,171,32531,45590,48423,8525725,0
"2021-05-26",18792,4437722,21072,3750512,2695,347519,194,32725,42753,46362.86,8568478,0
"2021-05-27",18486,4456208,21259,3771771,2530,350049,185,32910,42460,44189.71,8610938,0
"2021-05-28",17883,4474091,22886,3794657,2752,352801,180,33090,43701,41863,8654639,0
"2021-05-29",12717,4486808,17800,3812457,1755,354556,100,33190,32372,39764.29,8687011,0
"2021-05-30",7034,4493842,8948,3821405,1074,355630,43,33233,17099,38425.29,8704110,0
"2021-05-31",4743,4498585,6925,3828330,1011,356641,63,33296,12742,33816.71,8716852,0
"2021-06-01",16055,4514640,25191,3853521,2174,358815,143,33439,43563,33527.14,8760415,0
"2021-06-02",15362,4530002,20382,3873903,2094,360909,136,33575,37974,32844.43,8798389,0
"2021-06-03",15017,4545019,23814,3897717,2282,363191,114,33689,41227,32668.29,8839616,0
"2021-06-04",14737,4559756,25973,3923690,2491,365682,140,33829,43341,32616.86,8882957,0
"2021-06-05",11005,4570761,22073,3945763,1806,367488,107,33936,34991,32991,8917948,0
"2021-06-06",6454,4577215,14465,3960228,1222,368710,80,34016,22221,33722.71,8940169,0
"2021-06-07",11725,4588940,21767,3981995,2379,371089,142,34158,36013,37047.14,8976182,0
"2021-06-08",12668,4601608,24002,4005997,2072,373161,114,34272,38856,36374.71,9015038,0
"2021-06-09",11162,4612770,23009,4029006,2298,375459,130,34402,36599,36178.29,9051637,0
"2021-06-10",12083,4624853,22225,4051231,2461,377920,135,34537,36904,35560.71,9088541,0
"2021-06-11",12722,4637575,25094,4076325,2483,380403,148,34685,40447,35147.29,9128988,0
"2021-06-12",10174,4647749,19305,4095630,1889,382292,85,34770,31453,34641.86,9160441,0
"2021-06-13",4260,4652009,10936,4106566,1219,383511,40,34810,16455,33818.14,9176896,0
"2021-06-14",10226,4662235,19224,4125790,2042,385553,122,34932,31614,33189.71,9208510,0
"2021-06-15",11895,4674130,20999,4146789,1943,387496,123,35055,34960,32633.14,9243470,0
"2021-06-16",11603,4685733,19396,4166185,1958,389454,134,35189,33091,32132,9276561,0
"2021-06-17",11031,4696764,18746,4184931,1969,391423,115,35304,31861,31411.57,9308422,0
"2021-06-18",12174,4708938,18494,4203425,2113,393536,111,35415,32892,30332.29,9341314,0
"2021-06-19",8505,4717443,13526,4216951,1460,394996,74,35489,23565,29205.43,9364879,0
"2021-06-20",4338,4721781,7163,4224114,924,395920,34,35523,12459,28634.57,9377338,0
"2021-06-21",10174,4731955,9995,4234109,1805,397725,65,35588,22039,27266.71,9399377,0
"2021-06-22",9847,4741802,15635,4249744,1589,399314,98,35686,27169,26153.71,9426546,0
"2021-06-23",10333,4752135,15169,4264913,1861,401175,100,35786,27463,25349.71,9454009,0
"2021-06-24",9702,4761837,14682,4279595,1798,402973,113,35899,26295,24554.57,9480304,0
"2021-06-25",10603,4772440,14376,4293971,1718,404691,108,36007,26805,23685,9507109,0
"2021-06-26",7809,4780249,10456,4304427,1246,405937,74,36081,19585,23116.43,9526694,0
"2021-06-27",5005,4785254,5997,4310424,796,406733,32,36113,11830,23026.57,9538524,0
"2021-06-28",9042,4794296,10337,4320761,1524,408257,105,36218,21008,22879.29,9559532,0
"2021-06-29",9756,4804052,12308,4333069,1347,409604,120,36338,23531,22359.57,9583063,0
"2021-06-30",9431,4813483,10918,4343987,1480,411084,143,36481,21972,21575.14,9605035,0
"2021-07-01",9407,4822890,10916,4354903,1430,412514,124,36605,21877,20944,9626912,0
"2021-07-02",9698,4832588,11430,4366333,1540,414054,122,36727,22790,20370.43,9649702,0
"2021-07-03",7061,4839649,8417,4374750,1193,415247,76,36803,16747,19965,9666449,0
"2021-07-04",1290,4840939,1335,4376085,567,415814,8,36811,3200,18732.14,9669649,0
"2021-07-05",6497,4847436,7096,4383181,1208,417022,65,36876,14866,17854.71,9684515,0
"2021-07-06",9521,4856957,12837,4396018,1317,418339,113,36989,23788,17891.43,9708303,0
"2021-07-07",8681,4865638,11101,4407119,1419,419758,118,37107,21319,17798.14,9729622,0
"2021-07-08",8214,4873852,10187,4417306,1260,421018,105,37212,19766,17496.57,9749388,0
"2021-07-09",8379,4882231,10821,4428127,1279,422297,89,37301,20568,17179.14,9769956,0
"2021-07-10",7110,4889341,8624,4436751,1132,423429,63,37364,16929,17205.14,9786885,0
"2021-07-11",4106,4893447,4538,4441289,703,424132,34,37398,9381,18088.14,9796266,0
"2021-07-12",8460,4901907,9539,4450828,1250,425382,74,37472,19323,18724.86,9815589,0
"2021-07-13",9475,4911382,9375,4460203,951,426333,102,37574,19903,18169.86,9835492,0
"2021-07-14",9010,4920392,9524,4469727,1009,427342,102,37676,19645,17930.71,9855137,0
"2021-07-15",8801,4929193,9141,4478868,1052,428394,81,37757,19075,17832,9874212,0
"2021-07-16",9245,4938438,9759,4488627,978,429372,101,37858,20083,17762.71,9894295,0
"2021-07-17",6853,4945291,7377,4496004,801,430173,77,37935,15108,17502.57,9909403,0
"2021-07-18",4261,4949552,4285,4500289,569,430742,35,37970,9150,17469.57,9918553,0
"2021-07-19",9127,4958679,8459,4508748,998,431740,86,38056,18670,17376.29,9937223,0
"2021-07-20",10658,4969337,8749,4517497,991,432731,85,38141,20483,17459.14,9957706,0
"2021-07-21",10064,4979401,8748,4526245,904,433635,138,38279,19854,17489,9977560,0
"2021-07-22",10692,4990093,8576,4534821,1044,434679,141,38420,20453,17685.86,9998013,0
"2021-07-23",11256,5001349,8874,4543695,1113,435792,132,38552,21375,17870.43,10019388,0
"2021-07-24",7409,5008758,6730,4550425,670,436462,80,38632,14889,17839.14,10034277,0
"2021-07-25",5480,5014238,2119,4552544,509,436971,58,38690,8166,17698.57,10042443,0
"2021-07-26",10888,5025126,6980,4559524,859,437830,107,38797,18834,17722,10061277,0
"2021-07-27",12066,5037192,8564,4568088,857,438687,129,38926,21616,17883.86,10082893,0
"2021-07-28",11997,5049189,8041,4576129,951,439638,133,39059,21122,18065,10104015,0
"2021-07-29",10946,5060135,7426,4583555,983,440621,130,39189,19485,17926.71,10123500,0
"2021-07-30",14959,5075094,7997,4591552,1149,441770,178,39367,24283,18342.14,10147783,0
"2021-07-31",9744,5084838,6302,4597854,815,442585,117,39484,16978,18640.57,10164761,0
"2021-08-01",6507,5091345,3308,4601162,564,443149,79,39563,10458,18968,10175219,0
"2021-08-02",13455,5104800,7151,4608313,848,443997,143,39706,21597,19362.71,10196816,0
"2021-08-03",15423,5120223,8369,4616682,1106,445103,145,39851,25043,19852.29,10221859,0
"2021-08-04",17262,5137485,8116,4624798,1456,446559,173,40024,27007,20693,10248866,0
"2021-08-05",17884,5155369,7906,4632704,1365,447924,160,40184,27315,21811.57,10276181,0
"2021-08-06",18192,5173561,8399,4641103,1233,449157,159,40343,27983,22340.14,10304164,0
"2021-08-07",13376,5186937,5999,4647102,798,449955,95,40438,20268,22810.14,10324432,0
"2021-08-08",9318,5196255,3826,4650928,399,450354,77,40515,13620,23261.86,10338052,0
"2021-08-09",21338,5217593,8523,4659451,964,451318,166,40681,30991,24603.86,10369043,0
"2021-08-10",18934,5236527,9318,4668769,949,452267,166,40847,29367,25221.57,10398410,0
"2021-08-11",15656,5252183,8305,4677074,852,453119,120,40967,24933,24925.29,10423343,0
"2021-08-12",15063,5267246,8970,4686044,937,454056,161,41128,25131,24613.29,10448474,0
"2021-08-13",14934,5282180,9272,4695316,921,454977,233,41361,25360,24238.57,10473834,0
"2021-08-14",10421,5292601,6407,4701723,626,455603,520,41881,17974,23910.86,10491808,0
"2021-08-15",6699,5299300,4472,4706195,676,456279,564,42445,12411,23738.14,10504219,0
"2021-08-16",15730,5315030,9283,4715478,1149,457428,1311,43756,27473,23235.57,10531692,0
"2021-08-17",17782,5332812,10438,4725916,1218,458646,1745,45501,31183,23495,10562875,0
"2021-08-18",17492,5350304,10346,4736262,1254,459900,1967,47468,31059,24370.14,10593934,0
"2021-08-19",16330,5366634,9506,4745768,1316,461216,1927,49395,29079,24934.14,10623013,0
"2021-08-20",16303,5382937,11525,4757293,1254,462470,1840,51235,30922,25728.71,10653935,0
"2021-08-21",11167,5394104,8034,4765327,877,463347,1046,52281,21124,26178.71,10675059,0
"2021-08-22",4090,5398194,3902,4769229,262,463609,510,52791,8764,25657.71,10683823,0
"2021-08-23",15591,5413785,11786,4781015,1023,464632,1534,54325,29934,26009.29,10713757,0
"2021-08-24",16927,5430712,12590,4793605,1006,465638,1767,56092,32290,26167.43,10746047,0
"2021-08-25",14605,5445317,12424,4806029,1111,466749,1548,57640,29688,25971.57,10775735,0
"2021-08-26",16191,5461508,14059,4820088,1072,467821,1751,59391,33073,26542.14,10808808,0
"2021-08-27",14855,5476363,14806,4834894,972,468793,1649,61040,32282,26736.43,10841090,0
"2021-08-28",10714,5487077,11497,4846391,836,469629,1000,62040,24047,27154,10865137,0
"2021-08-29",7229,5494306,7488,4853879,541,470170,764,62804,16022,28190.86,10881159,0
"2021-08-30",15548,5509854,16898,4870777,1076,471246,1778,64582,35300,28957.43,10916459,0
"2021-08-31",15544,5525398,15930,4886707,952,472198,1942,66524,34368,29254.29,10950827,0
"2021-09-01",14847,5540245,14086,4900793,1019,473217,1781,68305,31733,29546.43,10982560,0
"2021-09-02",14362,5554607,12507,4913300,896,474113,1676,69981,29441,29027.57,11012001,0
"2021-09-03",15027,5569634,14288,4927588,973,475086,1873,71854,32161,29010.29,11044162,0
"2021-09-04",9655,5579289,9400,4936988,688,475774,956,72810,20699,28532,11064861,0
"2021-09-05",6818,5586107,5506,4942494,438,476212,696,73506,13458,28165.71,11078319,0
"2021-09-06",5203,5591310,4505,4946999,358,476570,266,73772,10332,24598.86,11088651,0
"2021-09-07",15588,5606898,17682,4964681,913,477483,1525,75297,35708,24790.29,11124359,0
"2021-09-08",16213,5623111,14791,4979472,1073,478556,1742,77039,33819,25088.29,11158178,0
"2021-09-09",16132,5639243,14729,4994201,1047,479603,1889,78928,33797,25710.57,11191975,0
"2021-09-10",18391,5657634,15371,5009572,1209,480812,1951,80879,36922,26390.71,11228897,0
"2021-09-11",12651,5670285,10342,5019914,959,481771,1013,81892,24965,27000.14,11253862,0
"2021-09-12",8548,5678833,5043,5024957,766,482537,682,82574,15039,27226,11268901,0
"2021-09-13",16956,5695789,12938,5037895,973,483510,1625,84199,32492,30391.71,11301393,0
"2021-09-14",16293,5712082,13655,5051550,886,484396,1573,85772,32407,29920.14,11333800,0
"2021-09-15",15591,5727673,12830,5064380,728,485124,1557,87329,30706,29475.43,11364506,0
"2021-09-16",15367,5743040,13896,5078276,1211,486335,1428,88757,31902,29204.71,11396408,0
"2021-09-17",14473,5757513,13925,5092201,922,487257,1810,90567,31130,28377.29,11427538,0
"2021-09-18",10021,5767534,10165,5102366,915,488172,1038,91605,22139,27973.57,11449677,0
"2021-09-19",6191,5773725,6066,5108432,557,488729,735,92340,13549,27760.71,11463226,0
"2021-09-20",12702,5786427,12620,5121052,1070,489799,1900,94240,28292,27160.71,11491518,0
"2021-09-21",12259,5798686,12758,5133810,1111,490910,1995,96235,28123,26548.71,11519641,0
"2021-09-22",12861,5811547,11972,5145782,1090,492000,1649,97884,27572,26101,11547213,0
"2021-09-23",14963,5826510,12736,5158518,1637,493637,2222,100106,31558,26051.86,11578771,0
"2021-09-24",16478,5842988,13338,5171856,1632,495269,4526,104632,35974,26743.86,11614745,0
"2021-09-25",10579,5853567,9012,5180868,1018,496287,3381,108013,23990,27008.29,11638735,0
"2021-09-26",6333,5859900,5751,5186619,773,497060,2377,110390,15234,27249,11653969,0
"2021-09-27",14204,5874104,8038,5194657,1154,498214,8866,119256,32262,27816.14,11686231,0
"2021-09-28",11189,5885293,11753,5206410,901,499115,9683,128939,33526,28588,11719757,0
"2021-09-29",11645,5896938,12173,5218583,1204,500319,9254,138193,34276,29545.71,11754033,0
"2021-09-30",12282,5909220,12584,5231167,1339,501658,9553,147746,35758,30145.71,11789791,0
"2021-10-01",12683,5921903,13418,5244585,1281,502939,10135,157881,37517,30366.14,11827308,0
"2021-10-02",7749,5929652,9975,5254560,864,503803,4165,162046,22753,30189.43,11850061,0
"2021-10-03",5085,5934737,6161,5260721,594,504397,2571,164617,14411,30071.86,11864472,0
"2021-10-04",9951,5944688,11012,5271733,913,505310,9389,174006,31265,29929.43,11895737,0
"2021-10-05",10202,5954890,11743,5283476,973,506283,9831,183837,32749,29818.43,11928486,0
"2021-10-06",9952,5964842,11039,5294515,937,507220,9834,193671,31762,29459.29,11960248,0
"2021-10-07",9713,5974555,12178,5306693,852,508072,10076,203747,32819,29039.43,11993067,0
"2021-10-08",9524,5984079,12133,5318826,943,509015,10786,214533,33386,28449.29,12026453,0
"2021-10-09",6284,5990363,8276,5327102,649,509664,4047,218580,19256,27949.71,12045709,0
"2021-10-10",3555,5993918,5020,5332122,458,510122,2395,220975,11428,27523.57,12057137,0
"2021-10-11",7650,6001568,9332,5341454,728,510850,8819,229794,26529,26847,12083666,0
"2021-10-12",8094,6009662,10987,5352441,890,511740,10401,240195,30372,26507.43,12114038,0
"2021-10-13",7207,6016869,10140,5362581,870,512610,8649,248844,26866,25808,12140904,0
"2021-10-14",7485,6024354,11104,5373685,836,513446,9954,258798,29379,25316.57,12170283,0
"2021-10-15",7763,6032117,11860,5385545,822,514268,10652,269450,31097,24989.57,12201380,0
"2021-10-16",4880,6036997,7456,5393001,666,514934,3765,273215,16767,24634,12218147,0
"2021-10-17",3067,6040064,4475,5397476,411,515345,2405,275620,10358,24481.14,12228505,0
"2021-10-18",7099,6047163,10648,5408124,798,516143,9300,284920,27845,24669.14,12256350,0
"2021-10-19",6666,6053829,8929,5417053,805,516948,8891,293811,25291,23943.29,12281641,0
"2021-10-20",6575,6060404,9365,5426418,973,517921,9845,303656,26758,23927.86,12308399,0
"2021-10-21",7077,6067481,9377,5435795,859,518780,10700,314356,28013,23732.71,12336412,0
"2021-10-22",8189,6075670,10338,5446133,1025,519805,16200,330556,35752,24397.71,12372164,0
"2021-10-23",5209,6080879,6460,5452593,690,520495,9043,339599,21402,25059.86,12393566,0
"2021-10-24",3298,6084177,3965,5456558,770,521265,6122,345721,14155,25602.29,12407721,0
"2021-10-25",8848,6093025,8752,5465310,1148,522413,19105,364826,37853,27032,12445574,0
"2021-10-26",8253,6101278,7725,5473035,1259,523672,17164,381990,34401,28333.43,12479975,0
"2021-10-27",10651,6111929,8386,5481421,1604,525276,20649,402639,41290,30409.43,12521265,0
"2021-10-28",11407,6123336,8031,5489452,1785,527061,20694,423333,41917,32395.71,12563182,0
"2021-10-29",11918,6135254,8235,5497687,1965,529026,22370,445703,44488,33643.71,12607670,0
"2021-10-30",4674,6139928,5050,5502737,934,529960,11081,456784,21739,33691.86,12629409,0
"2021-10-31",2689,6142617,2702,5505439,545,530505,6585,463369,12521,33458.43,12641930,0
"2021-11-01",7219,6149836,6952,5512391,1090,531595,20219,483588,35480,33119.43,12677410,0
"2021-11-02",6662,6156498,6574,5518965,1053,532648,20603,504191,34892,33189.57,12712302,0
"2021-11-03",6936,6163434,6657,5525622,1029,533677,20468,524659,35090,32303.86,12747392,0
"2021-11-04",9377,6172811,6264,5531886,996,534673,22196,546855,38833,31863.29,12786225,0
"2021-11-05",11163,6183974,6719,5538605,1052,535725,23579,570434,42513,31581.14,12828738,0
"2021-11-06",11160,6195134,4044,5542649,593,536318,12516,582950,28313,32520.29,12857051,0
"2021-11-07",7287,6202421,2273,5544922,576,536894,7059,590009,17195,33188,12874246,0
"2021-11-08",15127,6217548,5669,5550591,867,537761,19379,609388,41042,33982.57,12915288,0
"2021-11-09",16225,6233773,5376,5555967,662,538423,20396,629784,42659,35092.14,12957947,0
"2021-11-10",17022,6250795,5312,5561279,684,539107,22452,652236,45470,36575,13003417,0
"2021-11-11",12646,6263441,5191,5566470,760,539867,21883,674119,40480,36810.29,13043897,0
"2021-11-12",16982,6280423,5666,5572136,710,540577,23226,697345,46584,37391.86,13090481,0
"2021-11-13",9990,6290413,3666,5575802,466,541043,13267,710612,27389,37259.86,13117870,0
"2021-11-14",6060,6296473,2293,5578095,325,541368,7892,718504,16570,37170.57,13134440,0
"2021-11-15",13334,6309807,5968,5584063,690,542058,24967,743471,44959,37730.14,13179399,0
"2021-11-16",10173,6319980,5779,5589842,655,542713,30391,773862,46998,38350,13226397,0
"2021-11-17",10599,6330579,6674,5596516,690,543403,31050,804912,49013,38856.14,13275410,0
"2021-11-18",11026,6341605,6539,5603055,865,544268,32609,837521,51039,40364.57,13326449,0
"2021-11-19",12325,6353930,6547,5609602,719,544987,35906,873427,55497,41637.86,13381946,0
"2021-11-20",9536,6363466,3418,5613020,513,545500,22245,895672,35712,42826.86,13417658,0
"2021-11-21",5090,6368556,1889,5614909,289,545789,13046,908718,20314,43361.71,13437972,0
"2021-11-22",10718,6379274,5784,5620693,754,546543,35548,944266,52804,44482.43,13490776,0
"2021-11-23",9974,6389248,4780,5625473,637,547180,33245,977511,48636,44716.43,13539412,0
"2021-11-24",8813,6398061,4751,5630224,651,547831,25778,1003289,39993,43427.86,13579405,0
"2021-11-25",459,6398520,324,5630548,80,547911,991,1004280,1854,36401.43,13581259,0
"2021-11-26",8358,6406878,6969,5637517,533,548444,26244,1030524,42104,34488.14,13623363,0
"2021-11-27",6857,6413735,6804,5644321,376,548820,18564,1049088,32601,34043.71,13655964,0
"2021-11-28",4232,6417967,5767,5650088,286,549106,11667,1060755,21952,34277.71,13677916,0
"2021-11-29",9516,6427483,10965,5661053,690,549796,34486,1095241,55657,34685.29,13733573,0
"2021-11-30",10780,6438263,11410,5672463,514,550310,37360,1132601,60064,36317.86,13793637,0
"2021-12-01",11418,6449681,10949,5683412,724,551034,40067,1172668,63158,39627.14,13856795,0
"2021-12-02",11974,6461655,11005,5694417,629,551663,41600,1214268,65208,48677.71,13922003,0
"2021-12-03",14037,6475692,12819,5707236,682,552345,47259,1261527,74797,53348.14,13996800,0
"2021-12-04",10142,6485834,11185,5718421,570,552915,30236,1291763,52133,56138.43,14048933,0
"2021-12-05",5860,6491694,5700,5724121,271,553186,16510,1308273,28341,57051.14,14077274,0
"2021-12-06",12826,6504520,9904,5734025,607,553793,42674,1350947,66011,58530.29,14143285,0
"2021-12-07",13100,6517620,9209,5743234,631,554424,42435,1393382,65375,59289,14208660,0
"2021-12-08",13928,6531548,8729,5751963,557,554981,40335,1433717,63549,59344.86,14272209,0
"2021-12-09",13805,6545353,8731,5760694,555,555536,40400,1474117,63491,59099.57,14335700,0
"2021-12-10",14524,6559877,10077,5770771,667,556203,43076,1517193,68344,58177.71,14404044,0
"2021-12-11",10491,6570368,8040,5778811,405,556608,26449,1543642,45385,57213.71,14449429,0
"2021-12-12",6108,6576476,3849,5782660,287,556895,15061,1558703,25305,56780,14474734,0
"2021-12-13",12422,6588898,7396,5790056,656,557551,37635,1596338,58109,55651.14,14532843,0
"2021-12-14",12408,6601306,6936,5796992,732,558283,37905,1634243,57981,54594.86,14590824,0
"2021-12-15",12477,6613783,6233,5803225,752,559035,37695,1671938,57157,53681.71,14647981,0
"2021-12-16",13671,6627454,4222,5807447,737,559772,40341,1712279,58971,53036,14706952,0
"2021-12-17",16620,6644074,6887,5814334,622,560394,45911,1758190,70040,53278.29,14776992,0
"2021-12-18",13328,6657402,5695,5820029,432,560826,30216,1788406,49671,53890.57,14826663,0
"2021-12-19",7187,6664589,2985,5823014,330,561156,17800,1806206,28302,54318.71,14854965,0
"2021-12-20",17505,6682094,5834,5828848,752,561908,46695,1852901,70786,56129.71,14925751,0
"2021-12-21",18516,6700610,6522,5835370,810,562718,48161,1901062,74009,58419.43,14999760,0
"2021-12-22",18974,6719584,6554,5841924,937,563655,49039,1950101,75504,61040.43,15075264,0
"2021-12-23",19252,6738836,6472,5848396,925,564580,45412,1995513,72061,62910.43,15147325,0
"2021-12-24",9474,6748310,2952,5851348,595,565175,20292,2015805,33313,57663.71,15180638,0
"2021-12-25",343,6748653,65,5851413,32,565207,421,2016226,861,50690.86,15181499,0
"2021-12-26",8200,6756853,3910,5855323,341,565548,17047,2033273,29498,50861.71,15210997,0
"2021-12-27",21872,6778725,9190,5864513,931,566479,43187,2076460,75180,51489.43,15286177,0
"2021-12-28",20246,6798971,8306,5872819,693,567172,47328,2123788,76573,51855.71,15362750,0
"2021-12-29",18567,6817538,7640,5880459,605,567777,45283,2169071,72095,51368.71,15434845,0
"2021-12-30",16925,6834463,7411,5887870,580,568357,44596,2213667,69512,51004.57,15504357,0
"2021-12-31",5359,6839822,2790,5890660,193,568550,14649,2228316,22991,49530,15527348,0
"2022-01-01",234,6840056,139,5890799,11,568561,483,2228799,867,49530.86,15528215,0
"2022-01-02",6473,6846529,5006,5895805,153,568714,10941,2239740,22573,48541.57,15550788,0
"2022-01-03",14217,6860746,8460,5904265,512,569226,26693,2266433,49882,44927.57,15600670,0
"2022-01-04",13168,6873914,8059,5912324,409,569635,26800,2293233,48436,40908,15649106,0
"2022-01-05",11714,6885628,6941,5919265,381,570016,25555,2318788,44591,36978.86,15693697,0
"2022-01-06",11652,6897280,7330,5926595,480,570496,27226,2346014,46688,33718.29,15740385,0
"2022-01-07",10537,6907817,8386,5934981,336,570832,24773,2370787,44032,36724.14,15784417,0
"2022-01-08",7983,6915800,8511,5943492,310,571142,19296,2390083,36100,41757.43,15820517,0
"2022-01-09",4173,6919973,3827,5947319,215,571357,10003,2400086,18218,41135.29,15838735,0
"2022-01-10",10265,6930238,8153,5955472,484,571841,24442,2424528,43344,40201.29,15882079,0
"2022-01-11",8974,6939212,7945,5963417,519,572360,20836,2445364,38274,38749.57,15920353,0
"2022-01-12",8997,6948209,8290,5971707,426,572786,22177,2467541,39890,38078,15960243,0
"2022-01-13",9106,6957315,8781,5980488,448,573234,22598,2490139,40933,37255.86,16001176,0
"2022-01-14",10139,6967454,8022,5988510,472,573706,26031,2516170,44664,37346.14,16045840,0
"2022-01-15",6216,6973670,4250,5992760,175,573881,14898,2531068,25539,35837.43,16071379,0
"2022-01-16",2946,6976616,3237,5995997,96,573977,7781,2538849,14060,35243.43,16085439,0
"2022-01-17",6097,6982713,6701,6002698,359,574336,14532,2553381,27689,33007,16113128,0
"2022-01-18",8141,6990854,10079,6012777,393,574729,19238,2572619,37851,32946.57,16150979,0
"2022-01-19",7534,6998388,9171,6021948,305,575034,17564,2590183,34574,32187.14,16185553,0
"2022-01-20",6315,7004703,8471,6030419,303,575337,15030,2605213,30119,30642.29,16215672,0
"2022-01-21",7662,7012365,7450,6037869,278,575615,18276,2623489,33666,29071.14,16249338,0
"2022-01-22",5226,7017591,4911,6042780,130,575745,11248,2634737,21515,28496.29,16270853,0
"2022-01-23",2824,7020415,3313,6046093,97,575842,6196,2640933,12430,28263.43,16283283,0
"2022-01-24",6429,7026844,8134,6054227,258,576100,14943,2655876,29764,28559.86,16313047,0
"2022-01-25",6240,7033084,7886,6062113,233,576333,14557,2670433,28916,27283.43,16341963,0
"2022-01-26",5781,7038865,7121,6069234,282,576615,13874,2684307,27058,26209.71,16369021,0
"2022-01-27",5262,7044127,6994,6076228,311,576926,13900,2698207,26467,25688,16395488,0
"2022-01-28",6319,7050446,7779,6084007,206,577132,15982,2714189,30286,25205.14,16425774,0
"2022-01-29",851,7051297,697,6084704,27,577159,2500,2716689,4075,22713.71,16429849,0
"2022-01-30",2116,7053413,2984,6087688,102,577261,4512,2721201,9714,22325.71,16439563,0
"2022-01-31",5040,7058453,6534,6094222,217,577478,11246,2732447,23037,21364.71,16462600,0
"2022-02-01",4843,7063296,6386,6100608,214,577692,10595,2743042,22038,20382.14,16484638,0
"2022-02-02",4281,7067577,5882,6106490,214,577906,11104,2754146,21481,19585.43,16506119,0
"2022-02-03",4231,7071808,5727,6112217,217,578123,11059,2765205,21234,18837.86,16527353,0
"2022-02-04",4774,7076582,7039,6119256,213,578336,13059,2778264,25085,18094.86,16552438,0
"2022-02-05",3599,7080181,5996,6125252,109,578445,8500,2786764,18204,20113.29,16570642,0
"2022-02-06",2030,7082211,2120,6127372,119,578564,4580,2791344,8849,19989.71,16579491,0
"2022-02-07",4163,7086374,4662,6132034,199,578763,10021,2801365,19045,19419.43,16598536,0
"2022-02-08",4220,7090594,5537,6137571,206,578969,11126,2812491,21089,19283.86,16619625,0
"2022-02-09",4097,7094691,5318,6142889,220,579189,11383,2823874,21018,19217.71,16640643,0
"2022-02-10",3908,7098599,5030,6147919,233,579422,11744,2835618,20915,19172.14,16661558,0
"2022-02-11",4503,7103102,5741,6153660,189,579611,13488,2849106,23921,19005.86,16685479,0
"2022-02-12",3270,7106372,4291,6157951,94,579705,8685,2857791,16340,18739.57,16701819,0
"2022-02-13",1528,7107900,1528,6159479,36,579741,4839,2862630,7931,18608.43,16709750,0
"2022-02-14",2977,7110877,3570,6163049,157,579898,10336,2872966,17040,18322,16726790,0
"2022-02-15",3557,7114434,3967,6167016,174,580072,12387,2885353,20085,18178.57,16746875,0
"2022-02-16",3626,7118060,3739,6170755,186,580258,15178,2900531,22729,18423,16769604,120000
"2022-02-17",3917,7121977,3963,6174718,153,580411,17414,2917945,25447,19070.43,16795051,120000
"2022-02-18",4408,7126385,4650,6179368,177,580588,20597,2938542,29832,19914.86,16824883,120000
"2022-02-19",3233,7129618,2147,6181515,65,580653,10909,2949451,16354,19916.86,16841237,120000
"2022-02-20",1890,7131508,1431,6182946,52,580705,6455,2955906,9828,20187.86,16851065,120000
"2022-02-21",3066,7134574,2547,6185493,85,580790,7896,2963802,13594,19695.57,16864659,120000
"2022-02-22",2090,7136664,1900,6187393,50,580840,5386,2969188,9426,18172.86,16874085,120000
