"DATE","ADMIN_DOSE1_DAILY","ADMIN_DOSE1_CUMULATIVE","ADMIN_DOSE2_DAILY","ADMIN_DOSE2_CUMULATIVE","ADMIN_SINGLE_DAILY","ADMIN_SINGLE_CUMULATIVE","ADMIN_ADDITIONAL1_DAILY","ADMIN_ADDITIONAL1_CUMULATIVE","ADMIN_ADDITIONAL2_DAILY","ADMIN_ADDITIONAL2_CUMULATIVE","ADMIN_ADDITIONAL_DAILY","ADMIN_ADDITIONAL_CUMULATIVE","ADMIN_ALLDOSES_DAILY","ADMIN_ALLDOSES_7DAYAVG","ADMIN_ALLDOSES_CUMULATIVE","INCOMPLETE"
"2020-12-14",79,79,0,0,0,0,0,0,0,0,0,0,79,,79,0
"2020-12-15",2051,2130,6,6,4,4,0,0,0,0,0,0,2061,,2140,0
"2020-12-16",4607,6737,14,20,1,5,1,1,0,0,1,1,4623,,6763,0
"2020-12-17",4657,11394,18,38,0,5,1,2,0,0,1,2,4676,,11439,0
"2020-12-18",5832,17226,18,56,2,7,2,4,0,0,2,4,5854,,17293,0
"2020-12-19",1689,18915,7,63,3,10,0,4,0,0,0,4,1699,,18992,0
"2020-12-20",1116,20031,2,65,1,11,0,4,0,0,0,4,1119,2873,20111,0
"2020-12-21",6341,26372,20,85,0,11,5,9,0,0,5,9,6366,3771.14,26477,0
"2020-12-22",9795,36167,26,111,2,13,1,10,0,0,1,10,9824,4880.14,36301,0
"2020-12-23",14272,50439,36,147,3,16,1,11,0,0,1,11,14312,6264.29,50613,0
"2020-12-24",7198,57637,25,172,1,17,0,11,0,0,0,11,7224,6628.29,57837,0
"2020-12-25",180,57817,0,172,0,17,1,12,0,0,1,12,181,5817.86,58018,0
"2020-12-26",4388,62205,45,217,0,17,1,13,0,0,1,13,4434,6208.57,62452,0
"2020-12-27",3870,66075,14,231,0,17,1,14,0,0,1,14,3885,6603.71,66337,0
"2020-12-28",10993,77068,49,280,1,18,2,16,0,0,2,16,11045,7272.14,77382,0
"2020-12-29",10717,87785,35,315,2,20,2,18,0,0,2,18,10756,7405.29,88138,0
"2020-12-30",12826,100611,44,359,0,20,0,18,0,0,0,18,12870,7199.29,101008,0
"2020-12-31",7262,107873,34,393,1,21,0,18,0,0,0,18,7297,7209.71,108305,0
"2021-01-01",181,108054,2,395,1,22,3,21,0,0,3,21,187,7210.57,108492,0
"2021-01-02",3809,111863,10,405,2,24,2,23,0,0,2,23,3823,7123.29,112315,0
"2021-01-03",3541,115404,25,430,2,26,1,24,0,0,1,24,3569,7078.14,115884,0
"2021-01-04",12255,127659,807,1237,2,28,6,30,0,0,6,30,13070,7367.43,128954,0
"2021-01-05",14090,141749,2191,3428,2,30,12,42,1,1,13,43,16296,8158.86,145250,0
"2021-01-06",17801,159550,3925,7353,1,31,29,71,8,9,37,80,21764,9429.43,167014,0
"2021-01-07",16551,176101,5171,12524,4,35,45,116,3,12,48,128,21774,11497.57,188788,0
"2021-01-08",16620,192721,5455,17979,0,35,33,149,4,16,37,165,22112,14629.71,210900,0
"2021-01-09",7652,200373,1462,19441,1,36,7,156,2,18,9,174,9124,15387,220024,0
"2021-01-10",7881,208254,983,20424,0,36,10,166,0,18,10,184,8874,16144.86,228898,0
"2021-01-11",25825,234079,7455,27879,2,38,48,214,8,26,56,240,33338,19040.29,262236,0
"2021-01-12",28258,262337,7860,35739,1,39,44,258,3,29,47,287,36166,21878.86,298402,0
"2021-01-13",31721,294058,9389,45128,1,40,56,314,4,33,60,347,41171,24651.29,339573,0
"2021-01-14",35815,329873,5316,50444,1,41,31,345,7,40,38,385,41170,27422.14,380743,0
"2021-01-15",29265,359138,3703,54147,2,43,32,377,5,45,37,422,33007,28978.57,413750,0
"2021-01-16",30289,389427,2378,56525,0,43,25,402,6,51,31,453,32698,32346.29,446448,0
"2021-01-17",23748,413175,1630,58155,0,43,19,421,1,52,20,473,25398,34706.86,471846,0
"2021-01-18",27105,440280,2412,60567,1,44,33,454,7,59,40,513,29558,34166.86,501404,0
"2021-01-19",34294,474574,9628,70195,1,45,69,523,6,65,75,588,43998,35285.71,545402,0
"2021-01-20",34868,509442,9494,79689,1,46,58,581,4,69,62,650,44425,35750.57,589827,0
"2021-01-21",25591,535033,8092,87781,2,48,49,630,5,74,54,704,33739,34689,623566,0
"2021-01-22",24755,559788,4382,92163,1,49,32,662,7,81,39,743,29177,34141.86,652743,0
"2021-01-23",15743,575531,3225,95388,0,49,9,671,2,83,11,754,18979,32182,671722,0
"2021-01-24",7178,582709,3452,98840,0,49,20,691,1,84,21,775,10651,30075.29,682373,0
"2021-01-25",13410,596119,11821,110661,0,49,65,756,12,96,77,852,25308,29468.14,707681,0
"2021-01-26",16766,612885,10749,121410,0,49,69,825,2,98,71,923,27586,27123.57,735267,0
"2021-01-27",20836,633721,12356,133766,0,49,52,877,8,106,60,983,33252,25527.43,768519,0
"2021-01-28",30764,664485,12848,146614,0,49,80,957,16,122,96,1079,43708,26951.57,812227,0
"2021-01-29",31693,696178,11507,158121,0,49,78,1035,10,132,88,1167,43288,28967.43,855515,0
"2021-01-30",18707,714885,3743,161864,0,49,20,1055,2,134,22,1189,22472,29466.43,877987,0
"2021-01-31",13018,727903,2921,164785,1,50,30,1085,4,138,34,1223,15974,30226.86,893961,0
"2021-02-01",1179,729082,5368,170153,4,54,36,1121,4,142,40,1263,6591,27553,900552,0
"2021-02-02",2827,731909,9475,179628,2,56,47,1168,4,146,51,1314,12355,25377.14,912907,0
"2021-02-03",16349,748258,21244,200872,4,60,204,1372,19,165,223,1537,37820,26029.71,950727,0
"2021-02-04",27047,775305,19649,220521,3,63,200,1572,10,175,210,1747,46909,26487,997636,0
"2021-02-05",27593,802898,20041,240562,0,63,177,1749,15,190,192,1939,47826,27135.29,1045462,0
"2021-02-06",22992,825890,11246,251808,0,63,110,1859,12,202,122,2061,34360,28833.57,1079822,0
"2021-02-07",12042,837932,8282,260090,1,64,92,1951,13,215,105,2166,20430,29470.14,1100252,0
"2021-02-08",16958,854890,23522,283612,2,66,230,2181,34,249,264,2430,40746,34349.43,1140998,0
"2021-02-09",17190,872080,28111,311723,2,68,334,2515,42,291,376,2806,45679,39110,1186677,0
"2021-02-10",19593,891673,29310,341033,2,70,255,2770,49,340,304,3110,49209,40737,1235886,0
"2021-02-11",27846,919519,33475,374508,2,72,336,3106,57,397,393,3503,61716,42852.29,1297602,0
"2021-02-12",38395,957914,30797,405305,3,75,354,3460,38,435,392,3895,69587,45961,1367189,0
"2021-02-13",28008,985922,25312,430617,2,77,306,3766,52,487,358,4253,53680,48721,1420869,0
"2021-02-14",16279,1002201,23734,454351,0,77,262,4028,31,518,293,4546,40306,51560.43,1461175,0
"2021-02-15",12795,1014996,10529,464880,2,79,170,4198,23,541,193,4739,23519,49099.43,1484694,0
"2021-02-16",14241,1029237,26731,491611,0,79,322,4520,35,576,357,5096,41329,48478,1526023,0
"2021-02-17",16393,1045630,22197,513808,1,80,281,4801,37,613,318,5414,38909,47006.57,1564932,0
"2021-02-18",12151,1057781,24994,538802,21,101,288,5089,44,657,332,5746,37498,43546.86,1602430,0
"2021-02-19",13261,1071042,23938,562740,39,140,303,5392,44,701,347,6093,37585,38975.14,1640015,0
"2021-02-20",11354,1082396,26075,588815,6,146,325,5717,78,779,403,6496,37838,36712,1677853,0
"2021-02-21",6360,1088756,17420,606235,15,161,286,6003,45,824,331,6827,24126,34400.57,1701979,0
"2021-02-22",13044,1101800,11846,618081,2,163,127,6130,19,843,146,6973,25038,34617.57,1727017,0
"2021-02-23",25250,1127050,14145,632226,1,164,157,6287,34,877,191,7164,39587,34368.71,1766604,0
"2021-02-24",36359,1163409,20396,652622,0,164,226,6513,38,915,264,7428,57019,36955.86,1823623,0
"2021-02-25",54619,1218028,30395,683017,6,170,395,6908,63,978,458,7886,85478,43810.14,1909101,0
"2021-02-26",62866,1280894,31874,714891,4,174,411,7319,78,1056,489,8375,95233,52045.57,2004334,0
"2021-02-27",51300,1332194,22748,737639,47,221,334,7653,52,1108,386,8761,74481,57280.29,2078815,0
"2021-02-28",44590,1376784,13827,751466,7,228,203,7856,34,1142,237,8998,58661,62213.86,2137476,0
"2021-03-01",39322,1416106,12778,764244,10,238,165,8021,26,1168,191,9189,52301,66108.57,2189777,0
"2021-03-02",47084,1463190,12576,776820,7,245,161,8182,14,1182,175,9364,59842,69002.14,2249619,0
"2021-03-03",48605,1511795,16157,792977,17,262,147,8329,20,1202,167,9531,64946,70134.57,2314565,0
"2021-03-04",59822,1571617,22822,815799,1092,1354,271,8600,34,1236,305,9836,84041,69929.29,2398606,0
"2021-03-05",60989,1632606,24285,840084,3109,4463,333,8933,34,1270,367,10203,88750,69003.14,2487356,0
"2021-03-06",47175,1679781,18884,858968,5451,9914,239,9172,36,1306,275,10478,71785,68618,2559141,0
"2021-03-07",36041,1715822,14883,873851,6246,16160,229,9401,20,1326,249,10727,57419,68440.57,2616560,0
"2021-03-08",39631,1755453,14678,888529,8563,24723,314,9715,91,1417,405,11132,63277,70008.57,2679837,0
"2021-03-09",39107,1794560,12857,901386,7763,32486,178,9893,34,1451,212,11344,59939,70022.43,2739776,0
"2021-03-10",51834,1846394,15352,916738,5066,37552,226,10119,32,1483,258,11602,72510,71103,2812286,0
"2021-03-11",59991,1906385,21819,938557,4619,42171,248,10367,50,1533,298,11900,86727,71486.71,2899013,0
"2021-03-12",52206,1958591,30309,968866,4183,46354,375,10742,84,1617,459,12359,87157,71259.14,2986170,0
"2021-03-13",40652,1999243,26688,995554,5110,51464,323,11065,51,1668,374,12733,72824,71407.57,3058994,0
"2021-03-14",30718,2029961,15969,1011523,4525,55989,242,11307,27,1695,269,13002,51481,70559.29,3110475,0
"2021-03-15",33591,2063552,17256,1028779,4712,60701,235,11542,33,1728,268,13270,55827,69495,3166302,0
"2021-03-16",38675,2102227,20511,1049290,4925,65626,258,11800,35,1763,293,13563,64404,70132.86,3230706,0
"2021-03-17",42621,2144848,24795,1074085,4246,69872,340,12140,37,1800,377,13940,72039,70065.57,3302745,0
"2021-03-18",50451,2195299,26809,1100894,5237,75109,366,12506,60,1860,426,14366,82923,69522.14,3385668,0
"2021-03-19",47795,2243094,29962,1130856,5624,80733,389,12895,71,1931,460,14826,83841,69048.43,3469509,0
"2021-03-20",38712,2281806,25841,1156697,4687,85420,295,13190,59,1990,354,15180,69594,68587,3539103,0
"2021-03-21",29302,2311108,19355,1176052,769,86189,224,13414,45,2035,269,15449,49695,68331.86,3588798,0
"2021-03-22",33867,2344975,26743,1202795,4037,90226,261,13675,37,2072,298,15747,64945,69634.43,3653743,0
"2021-03-23",38433,2383408,32847,1235642,4219,94445,293,13968,55,2127,348,16095,75847,71269.14,3729590,0
"2021-03-24",41497,2424905,37606,1273248,4848,99293,328,14296,63,2190,391,16486,84342,73026.71,3813932,0
"2021-03-25",43405,2468310,50804,1324052,5055,104348,473,14769,86,2276,559,17045,99823,75441,3913755,0
"2021-03-26",38504,2506814,55518,1379570,4310,108658,525,15294,97,2373,622,17667,98954,77600,4012709,0
"2021-03-27",35737,2542551,45759,1425329,2939,111597,416,15710,82,2455,498,18165,84933,79791.29,4097642,0
"2021-03-28",26390,2568941,34459,1459788,1482,113079,334,16044,66,2521,400,18565,62731,81653.57,4160373,0
"2021-03-29",34817,2603758,38873,1498661,3246,116325,342,16386,110,2631,452,19017,77388,83431.14,4237761,0
"2021-03-30",40514,2644272,41926,1540587,3715,120040,338,16724,65,2696,403,19420,86558,84961.29,4324319,0
"2021-03-31",49400,2693672,44873,1585460,7440,127480,402,17126,87,2783,489,19909,102202,87512.71,4426521,0
"2021-04-01",50782,2744454,53954,1639414,11276,138756,499,17625,84,2867,583,20492,116595,89908.71,4543116,0
"2021-04-02",43760,2788214,53892,1693306,11972,150728,544,18169,72,2939,616,21108,110240,91521,4653356,0
"2021-04-03",39252,2827466,39221,1732527,9860,160588,333,18502,58,2997,391,21499,88724,92062.57,4742080,0
"2021-04-04",26559,2854025,24787,1757314,3903,164491,224,18726,49,3046,273,21772,55522,91032.71,4797602,0
"2021-04-05",41889,2895914,34488,1791802,11198,175689,370,19096,60,3106,430,22202,88005,92549.43,4885607,0
"2021-04-06",53272,2949186,35616,1827418,13221,188910,427,19523,74,3180,501,22703,102610,94842.57,4988217,0
"2021-04-07",55513,3004699,40705,1868123,14392,203302,393,19916,79,3259,472,23175,111082,96111.14,5099299,0
"2021-04-08",59268,3063967,46598,1914721,16343,219645,517,20433,84,3343,601,23776,122810,96999,5222109,0
"2021-04-09",56653,3120620,44960,1959681,17557,237202,514,20947,77,3420,591,24367,119761,98359.14,5341870,0
"2021-04-10",49346,3169966,35648,1995329,12728,249930,389,21336,61,3481,450,24817,98172,99708.86,5440042,0
"2021-04-11",38182,3208148,28819,2024148,7682,257612,294,21630,59,3540,353,25170,75036,102496.57,5515078,0
"2021-04-12",46639,3254787,31846,2055994,13502,271114,465,22095,64,3604,529,25699,92516,103141,5607594,0
"2021-04-13",52547,3307334,33792,2089786,368,271482,393,22488,63,3667,456,26155,87163,100934.29,5694757,0
"2021-04-14",50150,3357484,39957,2129743,20,271502,369,22857,71,3738,440,26595,90567,98003.57,5785324,0
"2021-04-15",52123,3409607,43683,2173426,16,271518,452,23309,104,3842,556,27151,96378,94227.57,5881702,0
"2021-04-16",51191,3460798,42214,2215640,32,271550,425,23734,68,3910,493,27644,93930,90537.43,5975632,0
"2021-04-17",43840,3504638,35694,2251334,3,271553,364,24098,83,3993,447,28091,79984,87939.14,6055616,0
"2021-04-18",28608,3533246,29372,2280706,7,271560,251,24349,62,4055,313,28404,58300,85548.29,6113916,0
"2021-04-19",37473,3570719,36450,2317156,22,271582,322,24671,65,4120,387,28791,74332,82950.57,6188248,0
"2021-04-20",40814,3611533,39627,2356783,19,271601,314,24985,79,4199,393,29184,80853,82049.14,6269101,0
"2021-04-21",38901,3650434,46019,2402802,16,271617,494,25479,97,4296,591,29775,85527,81329.14,6354628,0
"2021-04-22",38495,3688929,48964,2451766,9,271626,336,25815,74,4370,410,30185,87878,80114.86,6442506,0
"2021-04-23",39698,3728627,44383,2496149,3,271629,347,26162,72,4442,419,30604,84503,78768.14,6527009,0
"2021-04-24",31949,3760576,41602,2537751,44,271673,278,26440,63,4505,341,30945,73936,77904.14,6600945,0
"2021-04-25",18425,3779001,31226,2568977,86,271759,195,26635,57,4562,252,31197,49989,76716.86,6650934,0
"2021-04-26",26971,3805972,40738,2609715,1013,272772,284,26919,85,4647,369,31566,69091,75968.14,6720025,0
"2021-04-27",28579,3834551,47145,2656860,1698,274470,346,27265,91,4738,437,32003,77859,75540.43,6797884,0
"2021-04-28",27037,3861588,56848,2713708,2148,276618,425,27690,101,4839,526,32529,86559,75687.86,6884443,0
"2021-04-29",28613,3890201,57203,2770911,2149,278767,366,28056,100,4939,466,32995,88431,75766.86,6972874,0
"2021-04-30",30122,3920323,51996,2822907,2054,280821,280,28336,72,5011,352,33347,84524,75769.86,7057398,0
"2021-05-01",22480,3942803,44543,2867450,1177,281998,231,28567,64,5075,295,33642,68495,74992.57,7125893,0
"2021-05-02",11925,3954728,36655,2904105,1081,283079,139,28706,55,5130,194,33836,49855,74973.43,7175748,0
"2021-05-03",18024,3972752,53033,2957138,2383,285462,251,28957,93,5223,344,34180,73784,75643.86,7249532,0
"2021-05-04",22738,3995490,56644,3013782,2330,287792,270,29227,115,5338,385,34565,82097,76249.29,7331629,0
"2021-05-05",21475,4016965,48766,3062548,2313,290105,308,29535,100,5438,408,34973,72962,74306.86,7404591,0
"2021-05-06",20680,4037645,50182,3112730,2508,292613,269,29804,88,5526,357,35330,73727,72206.29,7478318,0
"2021-05-07",21254,4058899,52095,3164825,2813,295426,307,30111,76,5602,383,35713,76545,71066.43,7554863,0
"2021-05-08",16632,4075531,41869,3206694,1835,297261,230,30341,68,5670,298,36011,60634,69943.43,7615497,0
"2021-05-09",7975,4083506,29413,3236107,1260,298521,147,30488,56,5726,203,36214,38851,68371.43,7654348,0
"2021-05-10",14388,4097894,38535,3274642,2355,300876,233,30721,90,5816,323,36537,55601,65773.86,7709949,0
"2021-05-11",19913,4117807,43066,3317708,2514,303390,280,31001,85,5901,365,36902,65858,63454,7775807,0
"2021-05-12",17813,4135620,40550,3358258,3596,306986,226,31227,78,5979,304,37206,62263,61925.57,7838070,0
"2021-05-13",24976,4160596,40433,3398691,3230,310216,258,31485,75,6054,333,37539,68972,61246.29,7907042,0
"2021-05-14",27040,4187636,42925,3441616,3536,313752,264,31749,94,6148,358,37897,73859,60862.57,7980901,0
"2021-05-15",23651,4211287,34921,3476537,3365,317117,252,32001,75,6223,327,38224,62264,61095.43,8043165,0
"2021-05-16",15526,4226813,19454,3495991,2496,319613,121,32122,45,6268,166,38390,37642,60922.71,8080807,0
"2021-05-17",22674,4249487,29144,3525135,3256,322869,177,32299,67,6335,244,38634,55318,60882.29,8136125,0
"2021-05-18",24641,4274128,31911,3557046,3406,326275,236,32535,72,6407,308,38942,60266,60083.43,8196391,0
"2021-05-19",24190,4298318,29723,3586769,3041,329316,224,32759,46,6453,270,39212,57224,59363.57,8253615,0
"2021-05-20",24155,4322473,30100,3616869,3163,332479,259,33018,86,6539,345,39557,57763,57762.29,8311378,0
"2021-05-21",24680,4347153,32003,3648872,3056,335535,242,33260,58,6597,300,39857,60039,55788,8371417,0
"2021-05-22",20022,4367175,24362,3673234,2525,338060,164,33424,49,6646,213,40070,47122,53624.86,8418539,0
"2021-05-23",11234,4378409,13733,3686967,1411,339471,92,33516,32,6678,124,40194,26502,52033.43,8445041,0
"2021-05-24",18878,4397287,23157,3710124,2756,342227,214,33730,55,6733,269,40463,45060,50568,8490101,0
"2021-05-25",19432,4416719,23381,3733505,2602,344829,171,33901,57,6790,228,40691,45643,48479,8535744,0
"2021-05-26",18784,4435503,21091,3754596,2696,347525,199,34100,48,6838,247,40938,42818,46421,8578562,0
"2021-05-27",18472,4453975,21278,3775874,2529,350054,181,34281,59,6897,240,41178,42519,44243.29,8621081,0
"2021-05-28",17864,4471839,22889,3798763,2751,352805,184,34465,53,6950,237,41415,43741,41915,8664822,0
"2021-05-29",12709,4484548,17810,3816573,1755,354560,106,34571,39,6989,145,41560,32419,39814.57,8697241,0
"2021-05-30",7030,4491578,8950,3825523,1074,355634,48,34619,18,7007,66,41626,17120,38474.29,8714361,0
"2021-05-31",4742,4496320,6925,3832448,1012,356646,64,34683,17,7024,81,41707,12760,33860,8727121,0
"2021-06-01",16047,4512367,25199,3857647,2177,358823,151,34834,43,7067,194,41901,43617,33570.57,8770738,0
"2021-06-02",15353,4527720,20391,3878038,2095,360918,139,34973,48,7115,187,42088,38026,32886,8808764,0
"2021-06-03",15008,4542728,23824,3901862,2281,363199,127,35100,43,7158,170,42258,41283,32709.43,8850047,0
"2021-06-04",14723,4557451,26001,3927863,2492,365691,142,35242,41,7199,183,42441,43399,32660.57,8893446,0
"2021-06-05",10995,4568446,22090,3949953,1806,367497,115,35357,28,7227,143,42584,35034,33034.14,8928480,0
"2021-06-06",6446,4574892,14483,3964436,1222,368719,88,35445,13,7240,101,42685,22252,33767.29,8950732,0
"2021-06-07",11706,4586598,21784,3986220,2378,371097,138,35583,37,7277,175,42860,36043,37093.43,8986775,0
"2021-06-08",12637,4599235,24027,4010247,2072,373169,119,35702,46,7323,165,43025,38901,36419.71,9025676,0
"2021-06-09",11138,4610373,23028,4033275,2299,375468,133,35835,39,7362,172,43197,36637,36221.29,9062313,0
"2021-06-10",12067,4622440,22237,4055512,2462,377930,139,35974,56,7418,195,43392,36961,35603.86,9099274,0
"2021-06-11",12711,4635151,25119,4080631,2484,380414,156,36130,58,7476,214,43606,40528,35193.71,9139802,0
"2021-06-12",10167,4645318,19313,4099944,1888,382302,94,36224,42,7518,136,43742,31504,34689.43,9171306,0
"2021-06-13",4257,4649575,10936,4110880,1219,383521,41,36265,22,7540,63,43805,16475,33864.14,9187781,0
"2021-06-14",10209,4659784,19240,4130120,2043,385564,127,36392,51,7591,178,43983,31670,33239.43,9219451,0
"2021-06-15",11888,4671672,21014,4151134,1943,387507,131,36523,40,7631,171,44154,35016,32684.43,9254467,0
"2021-06-16",11588,4683260,19412,4170546,1957,389464,139,36662,68,7699,207,44361,33164,32188.29,9287631,0
"2021-06-17",11026,4694286,18762,4189308,1973,391437,122,36784,35,7734,157,44518,31918,31467.86,9319549,0
"2021-06-18",12168,4706454,18502,4207810,2116,393553,113,36897,36,7770,149,44667,32935,30383.14,9352484,0
"2021-06-19",8498,4714952,13518,4221328,1459,395012,83,36980,21,7791,104,44771,23579,29251,9376063,0
"2021-06-20",4336,4719288,7158,4228486,924,395936,36,37016,17,7808,53,44824,12471,28679,9388534,0
"2021-06-21",10162,4729450,10011,4238497,1807,397743,68,37084,27,7835,95,44919,22075,27308.29,9410609,0
"2021-06-22",9837,4739287,15641,4254138,1589,399332,105,37189,28,7863,133,45052,27200,26191.71,9437809,0
"2021-06-23",10313,4749600,15189,4269327,1863,401195,102,37291,30,7893,132,45184,27497,25382.14,9465306,0
"2021-06-24",9687,4759287,14699,4284026,1799,402994,119,37410,25,7918,144,45328,26329,24583.71,9491635,0
"2021-06-25",10591,4769878,14386,4298412,1721,404715,111,37521,38,7956,149,45477,26847,23714,9518482,0
"2021-06-26",7802,4777680,10463,4308875,1251,405966,74,37595,24,7980,98,45575,19614,23147.57,9538096,0
"2021-06-27",5001,4782681,6002,4314877,795,406761,33,37628,14,7994,47,45622,11845,23058.14,9549941,0
"2021-06-28",9036,4791717,10347,4325224,1526,408287,106,37734,26,8020,132,45754,21041,22910.43,9570982,0
"2021-06-29",9744,4801461,12321,4337545,1347,409634,122,37856,31,8051,153,45907,23565,22391.14,9594547,0
"2021-06-30",9435,4810896,10928,4348473,1486,411120,147,38003,16,8067,163,46070,22012,21607.57,9616559,0
"2021-07-01",9399,4820295,10932,4359405,1434,412554,123,38126,24,8091,147,46217,21912,20976.57,9638471,0
"2021-07-02",9694,4829989,11451,4370856,1541,414095,118,38244,22,8113,140,46357,22826,20402.14,9661297,0
"2021-07-03",7056,4837045,8423,4379279,1193,415288,75,38319,17,8130,92,46449,16764,19995,9678061,0
"2021-07-04",1288,4838333,1336,4380615,567,415855,8,38327,3,8133,11,46460,3202,18760.29,9681263,0
"2021-07-05",6498,4844831,7105,4387720,1208,417063,63,38390,22,8155,85,46545,14896,17882.43,9696159,0
"2021-07-06",9513,4854344,12851,4400571,1316,418379,114,38504,38,8193,152,46697,23832,17920.57,9719991,0
"2021-07-07",8670,4863014,11108,4411679,1419,419798,121,38625,19,8212,140,46837,21337,17824.14,9741328,0
"2021-07-08",8210,4871224,10193,4421872,1260,421058,106,38731,22,8234,128,46965,19791,17521.14,9761119,0
"2021-07-09",8376,4879600,10832,4432704,1278,422336,90,38821,18,8252,108,47073,20594,17202.29,9781713,0
"2021-07-10",7104,4886704,8633,4441337,1132,423468,62,38883,20,8272,82,47155,16951,17229,9798664,0
"2021-07-11",4105,4890809,4539,4445876,703,424171,34,38917,6,8278,40,47195,9387,18112.57,9808051,0
"2021-07-12",8449,4899258,9558,4455434,1251,425422,82,38999,23,8301,105,47300,19363,18750.71,9827414,0
"2021-07-13",9460,4908718,9394,4464828,952,426374,105,39104,34,8335,139,47439,19945,18195.43,9847359,0
"2021-07-14",9000,4917718,9532,4474360,1011,427385,105,39209,21,8356,126,47565,19669,17957.14,9867028,0
"2021-07-15",8790,4926508,9156,4483516,1054,428439,81,39290,19,8375,100,47665,19100,17858.43,9886128,0
"2021-07-16",9242,4935750,9762,4493278,980,429419,102,39392,30,8405,132,47797,20116,17790.14,9906244,0
"2021-07-17",6842,4942592,7387,4500665,803,430222,80,39472,19,8424,99,47896,15131,17530.14,9921375,0
"2021-07-18",4256,4946848,4284,4504949,576,430798,35,39507,13,8437,48,47944,9164,17498.29,9930539,0
"2021-07-19",9121,4955969,8477,4513426,999,431797,91,39598,22,8459,113,48057,18710,17405,9949249,0
"2021-07-20",10649,4966618,8758,4522184,991,432788,94,39692,26,8485,120,48177,20518,17486.86,9969767,0
"2021-07-21",10049,4976667,8766,4530950,903,433691,145,39837,33,8518,178,48355,19896,17519.29,9989663,0
"2021-07-22",10687,4987354,8587,4539537,1046,434737,144,39981,25,8543,169,48524,20489,17717.71,10010152,0
"2021-07-23",11254,4998608,8880,4548417,1114,435851,137,40118,23,8566,160,48684,21408,17902.29,10031560,0
"2021-07-24",7404,5006012,6737,4555154,670,436521,81,40199,24,8590,105,48789,14916,17871.57,10046476,0
"2021-07-25",5479,5011491,2125,4557279,509,437030,58,40257,3,8593,61,48850,8174,17730.14,10054650,0
"2021-07-26",10872,5022363,7004,4564283,859,437889,109,40366,20,8613,129,48979,18864,17752.14,10073514,0
"2021-07-27",12055,5034418,8570,4572853,857,438746,133,40499,38,8651,171,49150,21653,17914.29,10095167,0
"2021-07-28",11992,5046410,8051,4580904,950,439696,131,40630,25,8676,156,49306,21149,18093.29,10116316,0
"2021-07-29",10936,5057346,7431,4588335,984,440680,133,40763,38,8714,171,49477,19522,17955.14,10135838,0
"2021-07-30",14954,5072300,8014,4596349,1150,441830,180,40943,31,8745,211,49688,24329,18372.43,10160167,0
"2021-07-31",9726,5082026,6315,4602664,816,442646,119,41062,21,8766,140,49828,16997,18669.71,10177164,0
"2021-08-01",6503,5088529,3309,4605973,564,443210,81,41143,20,8786,101,49929,10477,18998.71,10187641,0
"2021-08-02",13451,5101980,7155,4613128,848,444058,143,41286,17,8803,160,50089,21614,19391.57,10209255,0
"2021-08-03",15412,5117392,8388,4621516,1109,445167,144,41430,37,8840,181,50270,25090,19882.57,10234345,0
"2021-08-04",17264,5134656,8126,4629642,1454,446621,181,41611,34,8874,215,50485,27059,20726.86,10261404,0
"2021-08-05",17868,5152524,7932,4637574,1367,447988,160,41771,19,8893,179,50664,27346,21844.57,10288750,0
"2021-08-06",18174,5170698,8412,4645986,1233,449221,164,41935,32,8925,196,50860,28015,22371.14,10316765,0
"2021-08-07",13387,5184085,6014,4652000,799,450020,99,42034,28,8953,127,50987,20327,22846.86,10337092,0
"2021-08-08",9309,5193394,3835,4655835,400,450420,82,42116,10,8963,92,51079,13636,23298.14,10350728,0
"2021-08-09",21343,5214737,8528,4664363,964,451384,167,42283,34,8997,201,51280,31036,24644.14,10381764,0
"2021-08-10",18921,5233658,9328,4673691,947,452331,177,42460,33,9030,210,51490,29406,25260.71,10411170,0
"2021-08-11",15651,5249309,8306,4681997,853,453184,128,42588,45,9075,173,51663,24983,24964.14,10436153,0
"2021-08-12",15042,5264351,8981,4690978,940,454124,171,42759,36,9111,207,51870,25170,24653.29,10461323,0
"2021-08-13",14926,5279277,9290,4700268,920,455044,240,42999,37,9148,277,52147,25413,24281.57,10486736,0
"2021-08-14",10406,5289683,6406,4706674,625,455669,529,43528,40,9188,569,52716,18006,23950,10504742,0
"2021-08-15",6693,5296376,4480,4711154,676,456345,566,44094,33,9221,599,53315,12448,23780.29,10517190,0
"2021-08-16",15721,5312097,9301,4720455,1150,457495,1319,45413,64,9285,1383,54698,27555,23283,10544745,0
"2021-08-17",17771,5329868,10438,4730893,1225,458720,1764,47177,84,9369,1848,56546,31282,23551,10576027,0
"2021-08-18",17507,5347375,10362,4741255,1261,459981,1986,49163,94,9463,2080,58626,31210,24440.57,10607237,0
"2021-08-19",16299,5363674,9526,4750781,1315,461296,1949,51112,66,9529,2015,60641,29155,25009.86,10636392,0
"2021-08-20",16280,5379954,11537,4762318,1254,462550,1859,52971,82,9611,1941,62582,31012,25809.71,10667404,0
"2021-08-21",11150,5391104,8038,4770356,878,463428,1058,54029,56,9667,1114,63696,21180,26263.14,10688584,0
"2021-08-22",4081,5395185,3902,4774258,262,463690,513,54542,34,9701,547,64243,8792,25740.86,10697376,0
"2021-08-23",15585,5410770,11798,4786056,1023,464713,1546,56088,74,9775,1620,65863,30026,26093.86,10727402,0
"2021-08-24",16916,5427686,12595,4798651,1006,465719,1772,57860,77,9852,1849,67712,32366,26248.71,10759768,0
"2021-08-25",14587,5442273,12444,4811095,1110,466829,1564,59424,76,9928,1640,69352,29781,26044.57,10789549,0
"2021-08-26",16165,5458438,14084,4825179,1072,467901,1771,61195,67,9995,1838,71190,33159,26616.57,10822708,0
"2021-08-27",14883,5473321,14822,4840001,971,468872,1668,62863,73,10068,1741,72931,32417,26817.29,10855125,0
"2021-08-28",10683,5484004,11522,4851523,835,469707,1013,63876,45,10113,1058,73989,24098,27234.14,10879223,0
"2021-08-29",7218,5491222,7495,4859018,541,470248,778,64654,57,10170,835,74824,16089,28276.57,10895312,0
"2021-08-30",15522,5506744,16926,4875944,1077,471325,1793,66447,84,10254,1877,76701,35402,29044.57,10930714,0
"2021-08-31",15525,5522269,15952,4891896,951,472276,1969,68416,86,10340,2055,78756,34483,29347,10965197,0
"2021-09-01",14835,5537104,14099,4905995,1020,473296,1807,70223,60,10400,1867,80623,31821,29638.43,10997018,0
"2021-09-02",14332,5551436,12519,4918514,896,474192,1703,71926,61,10461,1764,82387,29511,29117.29,11026529,0
"2021-09-03",15019,5566455,14303,4932817,974,475166,1893,73819,69,10530,1962,84349,32258,29094.57,11058787,0
"2021-09-04",9647,5576102,9406,4942223,688,475854,974,74793,34,10564,1008,85357,20749,28616.14,11079536,0
"2021-09-05",6803,5582905,5515,4947738,438,476292,710,75503,16,10580,726,86083,13482,28243.71,11093018,0
"2021-09-06",5196,5588101,4513,4952251,358,476650,270,75773,11,10591,281,86364,10348,24664.57,11103366,0
"2021-09-07",15578,5603679,17695,4969946,912,477562,1555,77328,87,10678,1642,88006,35827,24856.57,11139193,0
"2021-09-08",16166,5619845,14823,4984769,1072,478634,1768,79096,83,10761,1851,89857,33912,25155.29,11173105,0
"2021-09-09",16113,5635958,14751,4999520,1047,479681,1913,81009,73,10834,1986,91843,33897,25781.86,11207002,0
"2021-09-10",18377,5654335,15391,5014911,1208,480889,1970,82979,81,10915,2051,93894,37027,26463.14,11244029,0
"2021-09-11",12640,5666975,10347,5025258,958,481847,1026,84005,48,10963,1074,94968,25019,27073.14,11269048,0
"2021-09-12",8539,5675514,5051,5030309,766,482613,690,84695,29,10992,719,95687,15075,27300.71,11284123,0
"2021-09-13",16932,5692446,12960,5043269,976,483589,1650,86345,54,11046,1704,97391,32572,30475.57,11316695,0
"2021-09-14",16271,5708717,13675,5056944,886,484475,1594,87939,55,11101,1649,99040,32481,29997.57,11349176,0
"2021-09-15",15549,5724266,12879,5069823,727,485202,1565,89504,78,11179,1643,100683,30798,29552.71,11379974,0
"2021-09-16",15342,5739608,13910,5083733,1210,486412,1455,90959,66,11245,1521,102204,31983,29279.29,11411957,0
"2021-09-17",14438,5754046,13963,5097696,922,487334,1826,92785,56,11301,1882,104086,31205,28447.57,11443162,0
"2021-09-18",10001,5764047,10177,5107873,913,488247,1046,93831,41,11342,1087,105173,22178,28041.71,11465340,0
"2021-09-19",6179,5770226,6071,5113944,558,488805,747,94578,29,11371,776,105949,13584,27828.71,11478924,0
"2021-09-20",12676,5782902,12629,5126573,1068,489873,1920,96498,59,11430,1979,107928,28352,27225.86,11507276,0
"2021-09-21",12236,5795138,12772,5139345,1109,490982,2017,98515,80,11510,2097,110025,28214,26616.29,11535490,0
"2021-09-22",12823,5807961,12008,5151353,1090,492072,1681,100196,67,11577,1748,111773,27669,26169.29,11563159,0
"2021-09-23",14944,5822905,12756,5164109,1639,493711,2265,102461,73,11650,2338,114111,31677,26125.57,11594836,0
"2021-09-24",16452,5839357,13368,5177477,1636,495347,4623,107084,113,11763,4736,118847,36192,26838,11631028,0
"2021-09-25",10541,5849898,9024,5186501,1018,496365,3463,110547,75,11838,3538,122385,24121,27115.57,11655149,0
"2021-09-26",6304,5856202,5760,5192261,773,497138,2425,112972,55,11893,2480,124865,15317,27363.14,11670466,0
"2021-09-27",14165,5870367,8053,5200314,1155,498293,9060,122032,157,12050,9217,134082,32590,27968.57,11703056,0
"2021-09-28",11149,5881516,11778,5212092,902,499195,9913,131945,174,12224,10087,144169,33916,28783.14,11736972,0
"2021-09-29",11608,5893124,12195,5224287,1205,500400,9452,141397,163,12387,9615,153784,34623,29776.57,11771595,0
"2021-09-30",12240,5905364,12606,5236893,1338,501738,9746,151143,172,12559,9918,163702,36102,30408.71,11807697,0
"2021-10-01",12649,5918013,13430,5250323,1284,503022,10266,161409,147,12706,10413,174115,37776,30635,11845473,0
"2021-10-02",7733,5925746,9976,5260299,865,503887,4240,165649,75,12781,4315,178430,22889,30459,11868362,0
"2021-10-03",5077,5930823,6156,5266455,593,504480,2613,168262,56,12837,2669,181099,14495,30341.57,11882857,0
"2021-10-04",9908,5940731,11023,5277478,913,505393,9524,177786,141,12978,9665,190764,31509,30187.14,11914366,0
"2021-10-05",10164,5950895,11740,5289218,972,506365,9930,187716,174,13152,10104,200868,32980,30053.43,11947346,0
"2021-10-06",9918,5960813,11059,5300277,937,507302,9931,197647,154,13306,10085,210953,31999,29678.57,11979345,0
"2021-10-07",9665,5970478,12197,5312474,853,508155,10190,207837,170,13476,10360,221313,33075,29246.14,12012420,0
"2021-10-08",9459,5979937,12176,5324650,942,509097,10904,218741,161,13637,11065,232378,33642,28655.57,12046062,0
"2021-10-09",6259,5986196,8277,5332927,649,509746,4120,222861,89,13726,4209,236587,19394,28156.29,12065456,0
"2021-10-10",3543,5989739,5029,5337956,458,510204,2435,225296,41,13767,2476,239063,11506,27729.29,12076962,0
"2021-10-11",7624,5997363,9331,5347287,728,510932,8885,234181,158,13925,9043,248106,26726,27046,12103688,0
"2021-10-12",8077,6005440,10998,5358285,891,511823,10512,244693,179,14104,10691,258797,30657,26714.14,12134345,0
"2021-10-13",7153,6012593,10150,5368435,869,512692,8800,253493,175,14279,8975,267772,27147,26021,12161492,0
"2021-10-14",7446,6020039,11114,5379549,836,513528,10114,263607,160,14439,10274,278046,29670,25534.57,12191162,0
"2021-10-15",7727,6027766,11864,5391413,823,514351,10818,274425,164,14603,10982,289028,31396,25213.71,12222558,0
"2021-10-16",4865,6032631,7468,5398881,666,515017,3843,278268,65,14668,3908,292936,16907,24858.43,12239465,0
"2021-10-17",3061,6035692,4473,5403354,411,515428,2452,280720,41,14709,2493,295429,10438,24705.86,12249903,0
"2021-10-18",7051,6042743,10665,5414019,796,516224,9483,290203,173,14882,9656,305085,28168,24911.86,12278071,0
"2021-10-19",6576,6049319,8944,5422963,804,517028,9089,299292,169,15051,9258,314343,25582,24186.86,12303653,0
"2021-10-20",6536,6055855,9375,5432338,975,518003,9987,309279,171,15222,10158,324501,27044,24172.14,12330697,0
"2021-10-21",7029,6062884,9384,5441722,858,518861,10843,320122,150,15372,10993,335494,28264,23971.29,12358961,0
"2021-10-22",8130,6071014,10341,5452063,1026,519887,16345,336467,211,15583,16556,352050,36053,24636.57,12395014,0
"2021-10-23",5171,6076185,6457,5458520,690,520577,9122,345589,112,15695,9234,361284,21552,25300.14,12416566,0
"2021-10-24",3277,6079462,3971,5462491,770,521347,6153,351742,75,15770,6228,367512,14246,25844.14,12430812,0
"2021-10-25",8773,6088235,8738,5471229,1150,522497,19250,370992,289,16059,19539,387051,38200,27277.29,12469012,0
"2021-10-26",8204,6096439,7723,5478952,1258,523755,17289,388281,258,16317,17547,404598,34732,28584.43,12503744,0
"2021-10-27",10567,6107006,8394,5487346,1604,525359,20853,409134,308,16625,21161,425759,41726,30681.86,12545470,0
"2021-10-28",11331,6118337,8038,5495384,1793,527152,20843,429977,310,16935,21153,446912,42315,32689.14,12587785,0
"2021-10-29",11842,6130179,8239,5503623,1957,529109,22533,452510,314,17249,22847,469759,44885,33950.86,12632670,0
"2021-10-30",4631,6134810,5058,5508681,930,530039,11169,463679,159,17408,11328,481087,21947,34007.29,12654617,0
"2021-10-31",2665,6137475,2702,5511383,544,530583,6636,470315,98,17506,6734,487821,12645,33778.57,12667262,0
"2021-11-01",7140,6144615,6955,5518338,1089,531672,20382,490697,318,17824,20700,508521,35884,33447.71,12703146,0
"2021-11-02",6587,6151202,6594,5524932,1054,532726,20778,511475,261,18085,21039,529560,35274,33525.14,12738420,0
"2021-11-03",6855,6158057,6679,5531611,1026,533752,20630,532105,299,18384,20929,550489,35489,32634.14,12773909,0
"2021-11-04",9321,6167378,6279,5537890,995,534747,22354,554459,341,18725,22695,573184,39290,32202,12813199,0
"2021-11-05",11065,6178443,6723,5544613,1051,535798,23758,578217,344,19069,24102,597286,42941,31924.29,12856140,0
"2021-11-06",11138,6189581,4050,5548663,594,536392,12588,590805,164,19233,12752,610038,28534,32865.29,12884674,0
"2021-11-07",7258,6196839,2287,5550950,577,536969,7105,597910,93,19326,7198,617236,17320,33533.14,12901994,0
"2021-11-08",15059,6211898,5678,5556628,865,537834,19507,617417,273,19599,19780,637016,41382,34318.57,12943376,0
"2021-11-09",16159,6228057,5390,5562018,660,538494,20509,637926,268,19867,20777,657793,42986,35420.29,12986362,0
"2021-11-10",16936,6244993,5325,5567343,683,539177,22643,660569,289,20156,22932,680725,45876,36904.14,13032238,0
"2021-11-11",12579,6257572,5189,5572532,759,539936,22080,682649,279,20435,22359,703084,40886,37132.14,13073124,0
"2021-11-12",16900,6274472,5688,5578220,705,540641,23393,706042,350,20785,23743,726827,47036,37717.14,13120160,0
"2021-11-13",9947,6284419,3662,5581882,463,541104,13321,719363,179,20964,13500,740327,27572,37579.71,13147732,0
"2021-11-14",6015,6290434,2292,5584174,325,541429,7931,727294,75,21039,8006,748333,16638,37482.29,13164370,0
"2021-11-15",13225,6303659,5975,5590149,690,542119,25105,752399,350,21389,25455,773788,45345,38048.43,13209715,0
"2021-11-16",9976,6313635,5782,5595931,656,542775,30665,783064,412,21801,31077,804865,47491,38692,13257206,0
"2021-11-17",10314,6323949,6675,5602606,681,543456,31417,814481,402,22203,31819,836684,49489,39208.14,13306695,0
"2021-11-18",10742,6334691,6544,5609150,858,544314,33008,847489,437,22640,33445,870129,51589,40737.14,13358284,0
"2021-11-19",12031,6346722,6550,5615700,715,545029,36240,883729,444,23084,36684,906813,55980,42014.86,13414264,0
"2021-11-20",9336,6356058,3419,5619119,513,545542,22510,906239,249,23333,22759,929572,36027,43222.71,13450291,0
"2021-11-21",4956,6361014,1887,5621006,288,545830,13202,919441,144,23477,13346,942918,20477,43771.14,13470768,0
"2021-11-22",10450,6371464,5792,5626798,751,546581,35914,955355,431,23908,36345,979263,53338,44913,13524106,0
"2021-11-23",9812,6381276,4782,5631580,636,547217,33506,988861,362,24270,33868,1013131,49098,45142.57,13573204,0
"2021-11-24",8714,6389990,4752,5636332,651,547868,25916,1014777,278,24548,26194,1039325,40311,43831.43,13613515,0
"2021-11-25",449,6390439,325,5636657,80,547948,1003,1015780,9,24557,1012,1040337,1866,36728.14,13615381,0
"2021-11-26",8065,6398504,6991,5643648,529,548477,26587,1042367,283,24840,26870,1067207,42455,34796,13657836,0
"2021-11-27",6687,6405191,6838,5650486,371,548848,18839,1061206,216,25056,19055,1086262,32951,34356.57,13690787,0
"2021-11-28",4088,6409279,5795,5656281,282,549130,11885,1073091,115,25171,12000,1098262,22165,34597.71,13712952,0
"2021-11-29",9132,6418411,11000,5667281,687,549817,35066,1108157,419,25590,35485,1133747,56304,35021.43,13769256,0
"2021-11-30",10525,6428936,11438,5678719,513,550330,37779,1145936,479,26069,38258,1172005,60734,36683.71,13829990,0
"2021-12-01",11206,6440142,10986,5689705,724,551054,40346,1186282,428,26497,40774,1212779,63690,40023.57,13893680,0
"2021-12-02",11672,6451814,11040,5700745,627,551681,42157,1228439,441,26938,42598,1255377,65937,49176.57,13959617,0
"2021-12-03",13509,6465323,12890,5713635,676,552357,47924,1276363,508,27446,48432,1303809,75507,53898.29,14035124,0
"2021-12-04",9863,6475186,11293,5724928,567,552924,30674,1307037,296,27742,30970,1334779,52693,56718.57,14087817,0
"2021-12-05",5761,6480947,5709,5730637,271,553195,16658,1323695,124,27866,16782,1351561,28523,57626.86,14116340,0
"2021-12-06",12355,6493302,9960,5740597,600,553795,43238,1366933,430,28296,43668,1395229,66583,59095.29,14182923,0
"2021-12-07",12612,6505914,9259,5749856,625,554420,43028,1409961,488,28784,43516,1438745,66012,59849.29,14248935,0
"2021-12-08",13546,6519460,8778,5758634,555,554975,40783,1450744,459,29243,41242,1479987,64121,59910.86,14313056,0
"2021-12-09",13518,6532978,8756,5767390,554,555529,40808,1491552,481,29724,41289,1521276,64117,59650.86,14377173,0
"2021-12-10",14048,6547026,10146,5777536,671,556200,43666,1535218,481,30205,44147,1565423,69012,58723,14446185,0
"2021-12-11",10286,6557312,8124,5785660,405,556605,26693,1561911,272,30477,26965,1592388,45780,57735.43,14491965,0
"2021-12-12",6021,6563333,3855,5789515,290,556895,15169,1577080,130,30607,15299,1607687,25465,57298.57,14517430,0
"2021-12-13",12249,6575582,7428,5796943,658,557553,37872,1614952,383,30990,38255,1645942,58590,56156.71,14576020,0
"2021-12-14",12244,6587826,6958,5803901,731,558284,38146,1653098,419,31409,38565,1684507,58498,55083.29,14634518,0
"2021-12-15",12124,6599950,6240,5810141,755,559039,38124,1691222,478,31887,38602,1723109,57721,54169,14692239,0
"2021-12-16",13146,6613096,4271,5814412,740,559779,41043,1732265,434,32321,41477,1764586,59634,53528.57,14751873,0
"2021-12-17",15960,6629056,6931,5821343,620,560399,46766,1779031,465,32786,47231,1811817,70742,53775.71,14822615,0
"2021-12-18",13036,6642092,5718,5827061,432,560831,30614,1809645,265,33051,30879,1842696,50065,54387.86,14872680,0
"2021-12-19",7023,6649115,2994,5830055,327,561158,18006,1827651,169,33220,18175,1860871,28519,54824.14,14901199,0
"2021-12-20",16879,6665994,5867,5835922,746,561904,47438,1875089,556,33776,47994,1908865,71486,56666.43,14972685,0
"2021-12-21",17984,6683978,6576,5842498,806,562710,48906,1923995,570,34346,49476,1958341,74842,59001.29,15047527,0
"2021-12-22",18549,6702527,6561,5849059,938,563648,49670,1973665,517,34863,50187,2008528,76235,61646.14,15123762,0
"2021-12-23",19051,6721578,6480,5855539,930,564578,45823,2019488,509,35372,46332,2054860,72793,63526,15196555,0
"2021-12-24",9248,6730826,2953,5858492,598,565176,20591,2040079,210,35582,20801,2075661,33600,58220,15230155,0
"2021-12-25",344,6731170,63,5858555,31,565207,427,2040506,8,35590,435,2076096,873,51192.57,15231028,0
"2021-12-26",7974,6739144,3931,5862486,340,565547,17276,2057782,171,35761,17447,2093543,29692,51360.14,15260720,0
"2021-12-27",21791,6760935,9204,5871690,933,566480,43433,2101215,537,36298,43970,2137513,75898,51990.43,15336618,0
"2021-12-28",20170,6781105,8328,5880018,699,567179,47568,2148783,596,36894,48164,2185677,77361,52350.29,15413979,0
"2021-12-29",18514,6799619,7670,5887688,607,567786,45548,2194331,472,37366,46020,2231697,72811,51861.14,15486790,0
"2021-12-30",16897,6816516,7420,5895108,587,568373,44840,2239171,571,37937,45411,2277108,70315,51507.14,15557105,0
"2021-12-31",5361,6821877,2809,5897917,193,568566,14767,2253938,176,38113,14943,2292051,23306,50036.57,15580411,0
"2022-01-01",243,6822120,147,5898064,12,568578,501,2254439,21,38134,522,2292573,924,50043.86,15581335,0
"2022-01-02",6435,6828555,5022,5903086,153,568731,10974,2265413,110,38244,11084,2303657,22694,49044.14,15604029,0
"2022-01-03",14138,6842693,8497,5911583,514,569245,26925,2292338,318,38562,27243,2330900,50392,45400.43,15654421,0
"2022-01-04",12886,6855579,8107,5919690,414,569659,27177,2319515,347,38909,27524,2358424,48931,41339,15703352,0
"2022-01-05",11472,6867051,6998,5926688,382,570041,25872,2345387,299,39208,26171,2384595,45023,37369.29,15748375,0
"2022-01-06",11486,6878537,7387,5934075,483,570524,27519,2372906,325,39533,27844,2412439,47200,34067.14,15795575,0
"2022-01-07",10399,6888936,8420,5942495,338,570862,25020,2397926,311,39844,25331,2437770,44488,37093.14,15840063,0
"2022-01-08",7873,6896809,8569,5951064,310,571172,19450,2417376,175,40019,19625,2457395,36377,42157.86,15876440,0
"2022-01-09",4134,6900943,3843,5954907,214,571386,10061,2427437,91,40110,10152,2467547,18343,41536.29,15894783,0
"2022-01-10",10184,6911127,8191,5963098,490,571876,24600,2452037,294,40404,24894,2492441,43759,40588.71,15938542,0
"2022-01-11",8900,6920027,8000,5971098,521,572397,21023,2473060,277,40681,21300,2513741,38721,39130.14,15977263,0
"2022-01-12",8937,6928964,8318,5979416,427,572824,22335,2495395,287,40968,22622,2536363,40304,38456,16017567,0
"2022-01-13",9046,6938010,8866,5988282,451,573275,22876,2518271,309,41277,23185,2559548,41548,37648.57,16059115,0
"2022-01-14",10111,6948121,8118,5996400,476,573751,26436,2544707,313,41590,26749,2586297,45454,37786.57,16104569,0
"2022-01-15",6210,6954331,4310,6000710,178,573929,15142,2559849,175,41765,15317,2601614,26015,36306.29,16130584,0
"2022-01-16",2921,6957252,3248,6003958,95,574024,7822,2567671,83,41848,7905,2609519,14169,35710,16144753,0
"2022-01-17",6083,6963335,6759,6010717,363,574387,14676,2582347,214,42062,14890,2624409,28095,33472.29,16172848,0
"2022-01-18",8168,6971503,10317,6021034,396,574783,19660,2602007,316,42378,19976,2644385,38857,33491.71,16211705,0
"2022-01-19",7469,6978972,9251,6030285,304,575087,17715,2619722,267,42645,17982,2662367,35006,32734.86,16246711,0
"2022-01-20",6282,6985254,8561,6038846,305,575392,15248,2634970,241,42886,15489,2677856,30637,31176.14,16277348,0
"2022-01-21",7578,6992832,7504,6046350,276,575668,18506,2653476,278,43164,18784,2696640,34142,29560.14,16311490,0
"2022-01-22",5192,6998024,4940,6051290,131,575799,11316,2664792,125,43289,11441,2708081,21704,28944.29,16333194,0
"2022-01-23",2812,7000836,3326,6054616,97,575896,6228,2671020,77,43366,6305,2714386,12540,28711.57,16345734,0
"2022-01-24",6372,7007208,8203,6062819,262,576158,15073,2686093,234,43600,15307,2729693,30144,29004.29,16375878,0
"2022-01-25",6189,7013397,7937,6070756,233,576391,14689,2700782,255,43855,14944,2744637,29303,27639.43,16405181,0
"2022-01-26",5756,7019153,7174,6077930,289,576680,14014,2714796,207,44062,14221,2758858,27440,26558.57,16432621,0
"2022-01-27",5262,7024415,7093,6085023,321,577001,14078,2728874,228,44290,14306,2773164,26982,26036.43,16459603,0
"2022-01-28",6264,7030679,7868,6092891,203,577204,16131,2745005,233,44523,16364,2789528,30699,25544.57,16490302,0
"2022-01-29",843,7031522,727,6093618,28,577232,2537,2747542,39,44562,2576,2792104,4174,23040.29,16494476,0
"2022-01-30",2096,7033618,3021,6096639,103,577335,4536,2752078,63,44625,4599,2796703,9819,22651.57,16504295,0
"2022-01-31",5008,7038626,6597,6103236,220,577555,11375,2763453,197,44822,11572,2808275,23397,21687.71,16527692,0
"2022-02-01",4836,7043462,6437,6109673,219,577774,10710,2774163,216,45038,10926,2819201,22418,20704.14,16550110,0
"2022-02-02",4258,7047720,5931,6115604,213,577987,11235,2785398,235,45273,11470,2830671,21872,19908.71,16571982,0
"2022-02-03",4228,7051948,5811,6121415,216,578203,11216,2796614,199,45472,11415,2842086,21670,19149.86,16593652,0
"2022-02-04",4775,7056723,7114,6128529,214,578417,13218,2809832,235,45707,13453,2855539,25556,18415.14,16619208,0
"2022-02-05",3587,7060310,6051,6134580,110,578527,8573,2818405,149,45856,8722,2864261,18470,20457.43,16637678,0
"2022-02-06",2064,7062374,2133,6136713,121,578648,4638,2823043,102,45958,4740,2869001,9058,20348.71,16646736,0
"2022-02-07",4159,7066533,4726,6141439,205,578853,10131,2833174,232,46190,10363,2879364,19453,19785.29,16666189,0
"2022-02-08",4223,7070756,5606,6147045,214,579067,11329,2844503,301,46491,11630,2890994,21673,19678.86,16687862,0
"2022-02-09",4139,7074895,5404,6152449,222,579289,11663,2856166,249,46740,11912,2902906,21677,19651,16709539,0
"2022-02-10",4001,7078896,5120,6157569,245,579534,12195,2868361,282,47022,12477,2915383,21843,19675.71,16731382,0
"2022-02-11",4521,7083417,5806,6163375,195,579729,13731,2882092,312,47334,14043,2929426,24565,19534.14,16755947,0
"2022-02-12",3258,7086675,4340,6167715,97,579826,8810,2890902,213,47547,9023,2938449,16718,19283.86,16772665,0
"2022-02-13",1522,7088197,1542,6169257,41,579867,4882,2895784,107,47654,4989,2943438,8094,19146.14,16780759,0
"2022-02-14",2985,7091182,3626,6172883,167,580034,10567,2906351,323,47977,10890,2954328,17668,18891.14,16798427,0
"2022-02-15",3560,7094742,4069,6176952,175,580209,12782,2919133,279,48256,13061,2967389,20865,18775.71,16819292,0
"2022-02-16",3666,7098408,3902,6180854,200,580409,15718,2934851,291,48547,16009,2983398,23777,19075.71,16843069,0
"2022-02-17",4038,7102446,4080,6184934,162,580571,18268,2953119,357,48904,18625,3002023,26905,19798.86,16869974,0
"2022-02-18",4477,7106923,4783,6189717,190,580761,21533,2974652,447,49351,21980,3024003,31430,20779.57,16901404,0
"2022-02-19",3256,7110179,2178,6191895,65,580826,11179,2985831,216,49567,11395,3035398,16894,20804.71,16918298,0
"2022-02-20",1862,7112041,1446,6193341,59,580885,6577,2992408,111,49678,6688,3042086,10055,21084.86,16928353,0
"2022-02-21",3089,7115130,2693,6196034,95,580980,8347,3000755,227,49905,8574,3050660,14451,20625.29,16942804,0
"2022-02-22",4383,7119513,4247,6200281,175,581155,10833,3011588,249,50154,11082,3061742,19887,20485.57,16962691,0
"2022-02-23",4270,7123783,3791,6204072,145,581300,10661,3022249,238,50392,10899,3072641,19105,19818.14,16981796,0
"2022-02-24",3794,7127577,3657,6207729,108,581408,10186,3032435,230,50622,10416,3083057,17975,18542.43,16999771,0
"2022-02-25",3619,7131196,3621,6211350,134,581542,9980,3042415,234,50856,10214,3093271,17588,16565,17017359,0
"2022-02-26",2840,7134036,2576,6213926,74,581616,9513,3051928,155,51011,9668,3102939,15158,16317,17032517,0
"2022-02-27",1774,7135810,1370,6215296,52,581668,6269,3058197,99,51110,6368,3109307,9564,16246.86,17042081,0
"2022-02-28",3807,7139617,3130,6218426,141,581809,13129,3071326,247,51357,13376,3122683,20454,17104.43,17062535,0
"2022-03-01",2139,7141756,2627,6221053,103,581912,5169,3076495,182,51539,5351,3128034,10220,15723.43,17072755,0
"2022-03-02",1842,7143598,2440,6223493,106,582018,4128,3080623,207,51746,4335,3132369,8723,14240.29,17081478,0
"2022-03-03",1936,7145534,2555,6226048,106,582124,3795,3084418,169,51915,3964,3136333,8561,12895.43,17090039,0
"2022-03-04",2122,7147656,2872,6228920,66,582190,4328,3088746,207,52122,4535,3140868,9595,11753.57,17099634,0
"2022-03-05",1612,7149268,2125,6231045,43,582233,3317,3092063,115,52237,3432,3144300,7212,10618.43,17106846,0
"2022-03-06",799,7150067,879,6231924,30,582263,1622,3093685,55,52292,1677,3145977,3385,9735.71,17110231,0
"2022-03-07",1669,7151736,1786,6233710,86,582349,3496,3097181,161,52453,3657,3149634,7198,7842,17117429,0
"2022-03-08",1550,7153286,1893,6235603,79,582428,3123,3100304,149,52602,3272,3152906,6794,7352.57,17124223,0
"2022-03-09",1269,7154555,1673,6237276,79,582507,2584,3102888,131,52733,2715,3155621,5736,6925.86,17129959,0
"2022-03-10",1421,7155976,2098,6239374,85,582592,2954,3105842,164,52897,3118,3158739,6722,6663.14,17136681,0
"2022-03-11",1603,7157579,2272,6241646,81,582673,3213,3109055,187,53084,3400,3162139,7356,6343.29,17144037,0
"2022-03-12",880,7158459,1414,6243060,40,582713,2004,3111059,75,53159,2079,3164218,4413,5943.43,17148450,0
"2022-03-13",626,7159085,757,6243817,27,582740,1292,3112351,47,53206,1339,3165557,2749,5852.57,17151199,0
"2022-03-14",1375,7160460,1605,6245422,83,582823,2987,3115338,205,53411,3192,3168749,6255,5717.86,17157454,0
"2022-03-15",1361,7161821,1924,6247346,63,582886,3068,3118406,229,53640,3297,3172046,6645,5696.57,17164099,0
"2022-03-16",1402,7163223,2065,6249411,94,582980,3132,3121538,296,53936,3428,3175474,6989,5875.57,17171088,0
"2022-03-17",1185,7164408,1806,6251217,70,583050,2758,3124296,266,54202,3024,3178498,6085,5784.57,17177173,0
"2022-03-18",1595,7166003,2211,6253428,80,583130,3769,3128065,415,54617,4184,3182682,8070,5886.57,17185243,0
"2022-03-19",1113,7167116,1735,6255163,54,583184,2599,3130664,225,54842,2824,3185506,5726,6074.14,17190969,0
"2022-03-20",614,7167730,627,6255790,33,583217,1463,3132127,185,55027,1648,3187154,2922,6098.86,17193891,0
"2022-03-21",1421,7169151,1550,6257340,72,583289,3056,3135183,355,55382,3411,3190565,6454,6127.29,17200345,0
"2022-03-22",1341,7170492,1553,6258893,101,583390,2903,3138086,344,55726,3247,3193812,6242,6069.71,17206587,0
"2022-03-23",1263,7171755,1361,6260254,66,583456,2917,3141003,374,56100,3291,3197103,5981,5925.71,17212568,0
"2022-03-24",1211,7172966,1299,6261553,90,583546,2520,3143523,266,56366,2786,3199889,5386,5825.86,17217954,0
"2022-03-25",1391,7174357,1629,6263182,62,583608,3263,3146786,379,56745,3642,3203531,6724,5633.57,17224678,0
"2022-03-26",928,7175285,1163,6264345,36,583644,2303,3149089,250,56995,2553,3206084,4680,5484.14,17229358,0
"2022-03-27",574,7175859,528,6264873,29,583673,1312,3150401,204,57199,1516,3207600,2647,5444.86,17232005,0
"2022-03-28",1087,7176946,1165,6266038,69,583742,2437,3152838,364,57563,2801,3210401,5122,5254.57,17237127,0
"2022-03-29",1052,7177998,1104,6267142,85,583827,2515,3155353,881,58444,3396,3213797,5637,5168.14,17242764,0
"2022-03-30",1250,7179248,1144,6268286,98,583925,3067,3158420,3399,61843,6466,3220263,8958,5593.43,17251722,0
"2022-03-31",1291,7180539,1262,6269548,57,583982,3165,3161585,5500,67343,8665,3228928,11275,6434.71,17262997,0
"2022-04-01",1435,7181974,1498,6271046,76,584058,3250,3164835,6895,74238,10145,3239073,13154,7353.29,17276151,0
"2022-04-02",913,7182887,914,6271960,33,584091,2096,3166931,4521,78759,6617,3245690,8477,7895.71,17284628,0
"2022-04-03",560,7183447,501,6272461,28,584119,1222,3168153,3050,81809,4272,3249962,5361,8283.43,17289989,0
"2022-04-04",1355,7184802,1308,6273769,62,584181,2735,3170888,7691,89500,10426,3260388,13151,9430.43,17303140,0
"2022-04-05",1306,7186108,1166,6274935,66,584247,2855,3173743,7477,96977,10332,3270720,12870,10463.71,17316010,0
"2022-04-06",1344,7187452,1185,6276120,61,584308,2624,3176367,6946,103923,9570,3280290,12160,10921.14,17328170,0
"2022-04-07",1216,7188668,1067,6277187,57,584365,2379,3178746,6598,110521,8977,3289267,11317,10927.14,17339487,0
"2022-04-08",1493,7190161,1406,6278593,62,584427,3170,3181916,8770,119291,11940,3301207,14901,11176.71,17354388,0
"2022-04-09",923,7191084,924,6279517,29,584456,2074,3183990,4940,124231,7014,3308221,8890,11235.71,17363278,0
"2022-04-10",588,7191672,461,6279978,25,584481,1169,3185159,2891,127122,4060,3312281,5134,11203.29,17368412,0
"2022-04-11",1333,7193005,1238,6281216,59,584540,2665,3187824,7781,134903,10446,3322727,13076,11192.57,17381488,0
"2022-04-12",1220,7194225,1065,6282281,73,584613,2531,3190355,7395,142298,9926,3332653,12284,11108.86,17393772,0
"2022-04-13",1251,7195476,1083,6283364,59,584672,2512,3192867,7524,149822,10036,3342689,12429,11147.29,17406201,0
"2022-04-14",1279,7196755,1104,6284468,59,584731,2437,3195304,6569,156391,9006,3351695,11448,11166,17417649,0
"2022-04-15",1352,7198107,1100,6285568,53,584784,2565,3197869,6609,163000,9174,3360869,11679,10705.71,17429328,0
"2022-04-16",871,7198978,656,6286224,33,584817,1640,3199509,3671,166671,5311,3366180,6871,10417.29,17436199,0
"2022-04-17",347,7199325,202,6286426,27,584844,639,3200148,1154,167825,1793,3367973,2369,10022.29,17438568,0
"2022-04-18",1393,7200718,1120,6287546,82,584926,2587,3202735,6406,174231,8993,3376966,11588,9809.71,17450156,0
"2022-04-19",1420,7202138,940,6288486,72,584998,2574,3205309,5735,179966,8309,3385275,10741,9589.29,17460897,0
"2022-04-20",1319,7203457,1150,6289636,65,585063,2678,3207987,6614,186580,9292,3394567,11826,9503.14,17472723,0
"2022-04-21",1229,7204686,1063,6290699,53,585116,2330,3210317,5331,191911,7661,3402228,10006,9297.14,17482729,0
"2022-04-22",1219,7205905,1026,6291725,46,585162,2202,3212519,5632,197543,7834,3410062,10125,9075.14,17492854,0
"2022-04-23",718,7206623,752,6292477,59,585221,1427,3213946,3344,200887,4771,3414833,6300,8993.57,17499154,0
"2022-04-24",443,7207066,339,6292816,27,585248,814,3214760,1806,202693,2620,3417453,3429,9145,17502583,0
"2022-04-25",1032,7208098,916,6293732,64,585312,1854,3216614,5086,207779,6940,3424393,8952,8768.43,17511535,0
"2022-04-26",949,7209047,859,6294591,76,585388,1754,3218368,4685,212464,6439,3430832,8323,8423,17519858,0
"2022-04-27",1041,7210088,1027,6295618,80,585468,1932,3220300,5196,217660,7128,3437960,9276,8058.71,17529134,0
"2022-04-28",1091,7211179,990,6296608,50,585518,2006,3222306,4724,222384,6730,3444690,8861,7895.14,17537995,0
"2022-04-29",1192,7212371,1108,6297716,60,585578,2161,3224467,5386,227770,7547,3452237,9907,7864,17547902,0
"2022-04-30",729,7213100,743,6298459,43,585621,1393,3225860,2949,230719,4342,3456579,5857,7800.71,17553759,0
"2022-05-01",447,7213547,366,6298825,20,585641,767,3226627,1654,232373,2421,3459000,3254,7775.71,17557013,0
"2022-05-02",1062,7214609,796,6299621,52,585693,1672,3228299,3811,236184,5483,3464483,7393,7553,17564406,0
"2022-05-03",1124,7215733,868,6300489,61,585754,1997,3230296,4850,241034,6847,3471330,8900,7635.43,17573306,0
"2022-05-04",1023,7216756,885,6301374,48,585802,1912,3232208,4627,245661,6539,3477869,8495,7523.86,17581801,0
"2022-05-05",1060,7217816,952,6302326,86,585888,1926,3234134,4864,250525,6790,3484659,8888,7527.71,17590689,0
"2022-05-06",1096,7218912,961,6303287,51,585939,1867,3236001,4381,254906,6248,3490907,8356,7306.14,17599045,0
"2022-05-07",662,7219574,592,6303879,32,585971,1204,3237205,2424,257330,3628,3494535,4914,7171.43,17603959,0
"2022-05-08",417,7219991,247,6304126,17,585988,667,3237872,1380,258710,2047,3496582,2728,7096.29,17606687,0
"2022-05-09",1087,7221078,950,6305076,60,586048,1886,3239758,4419,263129,6305,3502887,8402,7240.43,17615089,0
"2022-05-10",1098,7222176,939,6306015,54,586102,1988,3241746,4707,267836,6695,3509582,8786,7224.14,17623875,0
"2022-05-11",1095,7223271,981,6306996,44,586146,1941,3243687,4823,272659,6764,3516346,8884,7279.71,17632759,0
"2022-05-12",1104,7224375,951,6307947,58,586204,2003,3245690,4654,277313,6657,3523003,8770,7262.86,17641529,0
"2022-05-13",1166,7225541,1041,6308988,44,586248,2061,3247751,4780,282093,6841,3529844,9092,7368,17650621,0
"2022-05-14",832,7226373,671,6309659,31,586279,1472,3249223,2940,285033,4412,3534256,5946,7515.43,17656567,0
"2022-05-15",512,7226885,358,6310017,21,586300,923,3250146,1644,286677,2567,3536823,3458,7619.71,17660025,0
"2022-05-16",1232,7228117,862,6310879,62,586362,1826,3251972,3853,290530,5679,3542502,7835,7538.71,17667860,0
"2022-05-17",1300,7229417,929,6311808,79,586441,2053,3254025,4868,295398,6921,3549423,9229,7602,17677089,0
"2022-05-18",1249,7230666,903,6312711,82,586523,2063,3256088,4913,300311,6976,3556399,9210,7648.57,17686299,0
"2022-05-19",1171,7231837,880,6313591,35,586558,2117,3258205,4710,305021,6827,3563226,8913,7669,17695212,0
"2022-05-20",1205,7233042,963,6314554,74,586632,2366,3260571,5180,310201,7546,3570772,9788,7768.43,17705000,0
"2022-05-21",838,7233880,648,6315202,23,586655,1727,3262298,3285,313486,5012,3575784,6521,7850.57,17711521,0
"2022-05-22",514,7234394,291,6315493,22,586677,1135,3263433,1835,315321,2970,3578754,3797,7899,17715318,0
"2022-05-23",1229,7235623,892,6316385,47,586724,2187,3265620,4690,320011,6877,3585631,9045,8071.86,17724363,0
"2022-05-24",1436,7237059,940,6317325,66,586790,2295,3267915,4462,324473,6757,3592388,9199,8067.57,17733562,0
"2022-05-25",1442,7238501,959,6318284,56,586846,2263,3270178,4236,328709,6499,3598887,8956,8031.29,17742518,0
"2022-05-26",1184,7239685,872,6319156,60,586906,2261,3272439,4124,332833,6385,3605272,8501,7972.43,17751019,0
"2022-05-27",1259,7240944,960,6320116,38,586944,2491,3274930,3891,336724,6382,3611654,8639,7808.29,17759658,0
"2022-05-28",722,7241666,518,6320634,19,586963,1778,3276708,2059,338783,3837,3615491,5096,7604.71,17764754,0
"2022-05-29",476,7242142,216,6320850,11,586974,763,3277471,1116,339899,1879,3617370,2582,7431.14,17767336,0
"2022-05-30",92,7242234,57,6320907,6,586980,139,3277610,143,340042,282,3617652,437,6201.43,17767773,0
"2022-05-31",1144,7243378,916,6321823,51,587031,1881,3279491,3052,343094,4933,3622585,7044,5893.57,17774817,0
"2022-06-01",1160,7244538,849,6322672,63,587094,1963,3281454,3402,346496,5365,3627950,7437,5676.57,17782254,0
"2022-06-02",1035,7245573,804,6323476,72,587166,1823,3283277,3155,349651,4978,3632928,6889,5446.29,17789143,0
"2022-06-03",1172,7246745,892,6324368,47,587213,2053,3285330,3475,353126,5528,3638456,7639,5303.43,17796782,0
"2022-06-04",728,7247473,583,6324951,26,587239,1548,3286878,1892,355018,3440,3641896,4777,5257.86,17801559,0
"2022-06-05",450,7247923,297,6325248,1,587240,878,3287756,978,355996,1856,3643752,2604,5261,17804163,0
"2022-06-06",1128,7249051,830,6326078,64,587304,1752,3289508,2719,358715,4471,3648223,6493,6126.14,17810656,0
"2022-06-07",1030,7250081,769,6326847,70,587374,1767,3291275,2549,361264,4316,3652539,6185,6003.43,17816841,0
"2022-06-08",1095,7251176,835,6327682,75,587449,1867,3293142,2724,363988,4591,3657130,6596,5883.29,17823437,0
"2022-06-09",1149,7252325,837,6328519,61,587510,2212,3295354,2676,366664,4888,3662018,6935,5889.86,17830372,0
"2022-06-10",1057,7253382,816,6329335,75,587585,1881,3297235,2809,369473,4690,3666708,6638,5746.86,17837010,0
"2022-06-11",684,7254066,510,6329845,24,587609,1315,3298550,1499,370972,2814,3669522,4032,5640.43,17841042,0
"2022-06-12",351,7254417,286,6330131,20,587629,879,3299429,767,371739,1646,3671168,2303,5597.43,17843345,0
"2022-06-13",1038,7255455,765,6330896,63,587692,1568,3300997,2171,373910,3739,3674907,5605,5470.57,17848950,0
"2022-06-14",943,7256398,819,6331715,55,587747,1659,3302656,2484,376394,4143,3679050,5960,5438.43,17854910,0
"2022-06-15",981,7257379,853,6332568,39,587786,1637,3304293,2400,378794,4037,3683087,5910,5340.43,17860820,0
"2022-06-16",944,7258323,779,6333347,59,587845,1807,3306100,2339,381133,4146,3687233,5928,5196.57,17866748,0
"2022-06-17",903,7259226,791,6334138,44,587889,1746,3307846,2385,383518,4131,3691364,5869,5086.71,17872617,0
"2022-06-18",665,7259891,519,6334657,26,587915,1276,3309122,1289,384807,2565,3693929,3775,5050,17876392,0
"2022-06-19",354,7260245,236,6334893,16,587931,724,3309846,603,385410,1327,3695256,1933,4997.14,17878325,0
"2022-06-20",838,7261083,488,6335381,41,587972,1559,3311405,1607,387017,3166,3698422,4533,4844,17882858,0
"2022-06-21",1135,7262218,727,6336108,50,588022,1674,3313079,2115,389132,3789,3702211,5701,4807,17888559,0
"2022-06-22",1966,7264184,821,6336929,45,588067,1681,3314760,1977,391109,3658,3705869,6490,4889.86,17895049,0
"2022-06-23",2108,7266292,746,6337675,64,588131,1687,3316447,2139,393248,3826,3709695,6744,5006.43,17901793,0
"2022-06-24",2170,7268462,757,6338432,48,588179,1616,3318063,2124,395372,3740,3713435,6715,5127.29,17908508,0
"2022-06-25",2140,7270602,487,6338919,15,588194,1231,3319294,1131,396503,2362,3715797,5004,5302.86,17913512,0
"2022-06-26",1213,7271815,248,6339167,14,588208,679,3319973,529,397032,1208,3717005,2683,5410,17916195,0
"2022-06-27",1519,7273334,649,6339816,60,588268,1450,3321423,1603,398635,3053,3720058,5281,5516.86,17921476,0
"2022-06-28",1688,7275022,828,6340644,50,588318,1842,3323265,2116,400751,3958,3724016,6524,5634.43,17928000,0
"2022-06-29",1830,7276852,765,6341409,48,588366,1677,3324942,1908,402659,3585,3727601,6228,5597,17934228,0
"2022-06-30",1842,7278694,800,6342209,46,588412,1722,3326664,2087,404746,3809,3731410,6497,5561.71,17940725,0
"2022-07-01",1563,7280257,590,6342799,22,588434,1376,3328040,1713,406459,3089,3734499,5264,5354.43,17945989,0
"2022-07-02",971,7281228,378,6343177,16,588450,832,3328872,925,407384,1757,3736256,3122,5085.57,17949111,0
"2022-07-03",529,7281757,206,6343383,5,588455,459,3329331,482,407866,941,3737197,1681,4942.43,17950792,0
"2022-07-04",35,7281792,26,6343409,1,588456,30,3329361,38,407904,68,3737265,130,4206.57,17950922,0
"2022-07-05",1268,7283060,747,6344156,35,588491,1389,3330750,1726,409630,3115,3740380,5165,4012.43,17956087,0
"2022-07-06",1599,7284659,675,6344831,44,588535,1412,3332162,1792,411422,3204,3743584,5522,3911.57,17961609,0
"2022-07-07",1545,7286204,708,6345539,45,588580,1501,3333663,1964,413386,3465,3747049,5763,3806.71,17967372,0
"2022-07-08",1606,7287810,640,6346179,37,588617,1456,3335119,1949,415335,3405,3750454,5688,3867.29,17973060,0
"2022-07-09",966,7288776,406,6346585,25,588642,875,3335994,1336,416671,2211,3752665,3608,3936.71,17976668,0
"2022-07-10",643,7289419,184,6346769,16,588658,424,3336418,656,417327,1080,3753745,1923,3971.29,17978591,0
"2022-07-11",1365,7290784,623,6347392,49,588707,1414,3337832,2181,419508,3595,3757340,5632,4757.29,17984223,0
"2022-07-12",1386,7292170,681,6348073,45,588752,1385,3339217,2482,421990,3867,3761207,5979,4873.57,17990202,0
"2022-07-13",1579,7293749,716,6348789,35,588787,1469,3340686,2699,424689,4168,3765375,6498,5013,17996700,0
"2022-07-14",1554,7295303,828,6349617,47,588834,1566,3342252,3004,427693,4570,3769945,6999,5189.57,18003699,0
"2022-07-15",1581,7296884,916,6350533,41,588875,1543,3343795,3013,430706,4556,3774501,7094,5390.43,18010793,0
"2022-07-16",875,7297759,569,6351102,9,588884,958,3344753,1689,432395,2647,3777148,4100,5460.71,18014893,0
"2022-07-17",545,7298304,292,6351394,16,588900,526,3345279,1157,433552,1683,3778831,2536,5548.29,18017429,0
"2022-07-18",1370,7299674,831,6352225,43,588943,1408,3346687,2412,435964,3820,3782651,6064,5610,18023493,0
"2022-07-19",1420,7301094,958,6353183,48,588991,1516,3348203,2755,438719,4271,3786922,6697,5712.57,18030190,0
"2022-07-20",1358,7302452,1449,6354632,50,589041,1305,3349508,2330,441049,3635,3790557,6492,5711.71,18036682,0
"2022-07-21",1307,7303759,1398,6356030,45,589086,1346,3350854,2279,443328,3625,3794182,6375,5622.57,18043057,120000
"2022-07-22",1390,7305149,1513,6357543,35,589121,1491,3352345,2783,446111,4274,3798456,7212,5639.43,18050269,120000
"2022-07-23",883,7306032,1067,6358610,15,589136,973,3353318,1520,447631,2493,3800949,4458,5690.57,18054727,120000
"2022-07-24",476,7306508,626,6359236,13,589149,486,3353804,791,448422,1277,3802226,2392,5670,18057119,120000
"2022-07-25",1182,7307690,733,6359969,45,589194,1224,3355028,1994,450416,3218,3805444,5178,5543.43,18062297,120000
"2022-07-26",1163,7308853,967,6360936,25,589219,1387,3356415,2279,452695,3666,3809110,5821,5418.29,18068118,120000
"2022-07-27",507,7309360,492,6361428,10,589229,458,3356873,781,453476,1239,3810349,2248,4812,18070366,120000
