"DATE","ADMIN_DOSE1_DAILY","ADMIN_DOSE1_CUMULATIVE","ADMIN_DOSE2_DAILY","ADMIN_DOSE2_CUMULATIVE","ADMIN_SINGLE_DAILY","ADMIN_SINGLE_CUMULATIVE","ADMIN_ADDITIONAL_DAILY","ADMIN_ADDITIONAL_CUMULATIVE","ADMIN_ALLDOSES_DAILY","ADMIN_ALLDOSES_7DAYAVG","ADMIN_ALLDOSES_CUMULATIVE","INCOMPLETE"
"2020-12-14",79,79,0,0,0,0,0,0,79,,79,0
"2020-12-15",2052,2131,6,6,4,4,0,0,2062,,2141,0
"2020-12-16",4603,6734,13,19,1,5,1,1,4618,,6759,0
"2020-12-17",4655,11389,17,36,0,5,1,2,4673,,11432,0
"2020-12-18",5833,17222,20,56,2,7,2,4,5857,,17289,0
"2020-12-19",1689,18911,7,63,3,10,0,4,1699,,18988,0
"2020-12-20",1116,20027,2,65,1,11,0,4,1119,2872.43,20107,0
"2020-12-21",6338,26365,18,83,0,11,6,10,6362,3770,26469,0
"2020-12-22",9796,36161,27,110,2,13,1,11,9826,4879.14,36295,0
"2020-12-23",14273,50434,36,146,3,16,1,12,14313,6264.14,50608,0
"2020-12-24",7200,57634,25,171,1,17,0,12,7226,6628.86,57834,0
"2020-12-25",180,57814,0,171,0,17,1,13,181,5818,58015,0
"2020-12-26",4390,62204,42,213,0,17,1,14,4433,6208.57,62448,0
"2020-12-27",3868,66072,14,227,0,17,1,15,3883,6603.43,66331,0
"2020-12-28",10996,77068,49,276,1,18,2,17,11048,7272.86,77379,0
"2020-12-29",10719,87787,34,310,2,20,2,19,10757,7405.86,88136,0
"2020-12-30",12823,100610,46,356,0,20,0,19,12869,7199.57,101005,0
"2020-12-31",7264,107874,30,386,1,21,0,19,7295,7209.43,108300,0
"2021-01-01",181,108055,2,388,1,22,3,22,187,7210.29,108487,0
"2021-01-02",3810,111865,10,398,2,24,1,23,3823,7123.14,112310,0
"2021-01-03",3543,115408,23,421,2,26,1,24,3569,7078.29,115879,0
"2021-01-04",12256,127664,806,1227,2,28,6,30,13070,7367.14,128949,0
"2021-01-05",14086,141750,2191,3418,2,30,12,42,16291,8157.71,145240,0
"2021-01-06",17807,159557,3923,7341,1,31,30,72,21761,9428,167001,0
"2021-01-07",16547,176104,5172,12513,4,35,45,117,21768,11495.57,188769,0
"2021-01-08",16618,192722,5456,17969,0,35,32,149,22106,14626.86,210875,0
"2021-01-09",7649,200371,1463,19432,1,36,7,156,9120,15383.57,219995,0
"2021-01-10",7883,208254,981,20413,0,36,10,166,8874,16141.43,228869,0
"2021-01-11",25824,234078,7458,27871,2,38,48,214,33332,19036,262201,0
"2021-01-12",28263,262341,7860,35731,1,39,44,258,36168,21875.57,298369,0
"2021-01-13",31726,294067,9386,45117,1,40,53,311,41166,24647.71,339535,0
"2021-01-14",35806,329873,5329,50446,1,41,28,339,41164,27418.57,380699,0
"2021-01-15",29267,359140,3706,54152,2,43,31,370,33006,28975.71,413705,0
"2021-01-16",30291,389431,2379,56531,0,43,24,394,32694,32343.43,446399,0
"2021-01-17",23754,413185,1621,58152,0,43,18,412,25393,34703.29,471792,0
"2021-01-18",27106,440291,2415,60567,0,43,34,446,29555,34163.71,501347,0
"2021-01-19",34299,474590,9623,70190,1,44,71,517,43994,35281.71,545341,0
"2021-01-20",34866,509456,9496,79686,1,45,59,576,44422,35746.86,589763,0
"2021-01-21",25593,535049,8090,87776,2,47,48,624,33733,34685.29,623496,0
"2021-01-22",24755,559804,4383,92159,1,48,32,656,29171,34137.43,652667,0
"2021-01-23",15741,575545,3225,95384,0,48,10,666,18976,32177.71,671643,0
"2021-01-24",7178,582723,3450,98834,0,48,19,685,10647,30071.14,682290,0
"2021-01-25",13415,596138,11820,110654,0,48,63,748,25298,29463,707588,0
"2021-01-26",16765,612903,10750,121404,0,48,69,817,27584,27118.71,735172,0
"2021-01-27",20835,633738,12356,133760,0,48,50,867,33241,25521.43,768413,0
"2021-01-28",30766,664504,12843,146603,0,48,81,948,43690,26943.86,812103,0
"2021-01-29",31694,696198,11496,158099,0,48,79,1027,43269,28957.86,855372,0
"2021-01-30",18716,714914,3738,161837,0,48,20,1047,22474,29457.57,877846,0
"2021-01-31",13025,727939,2918,164755,1,49,27,1074,15971,30218.14,893817,0
"2021-02-01",1179,729118,5368,170123,4,53,35,1109,6586,27545,900403,0
"2021-02-02",2829,731947,9468,179591,2,55,51,1160,12350,25368.71,912753,0
"2021-02-03",16346,748293,21240,200831,4,59,203,1363,37793,26019,950546,0
"2021-02-04",27044,775337,19648,220479,3,62,200,1563,46895,26476.86,997441,0
"2021-02-05",27604,802941,20028,240507,0,62,183,1746,47815,27126.29,1045256,0
"2021-02-06",22993,825934,11249,251756,0,62,108,1854,34350,28822.86,1079606,0
"2021-02-07",12046,837980,8281,260037,1,63,87,1941,20415,29457.71,1100021,0
"2021-02-08",16965,854945,23512,283549,2,65,231,2172,40710,34332.57,1140731,0
"2021-02-09",17200,872145,28108,311657,2,67,328,2500,45638,39088,1186369,0
"2021-02-10",19598,891743,29300,340957,2,69,261,2761,49161,40712,1235530,0
"2021-02-11",27847,919590,33465,374422,2,71,347,3108,61661,42821.43,1297191,0
"2021-02-12",38407,957997,30786,405208,3,74,355,3463,69551,45926.57,1366742,0
"2021-02-13",28007,986004,25306,430514,2,76,305,3768,53620,48679.43,1420362,0
"2021-02-14",16285,1002289,23726,454240,0,76,260,4028,40271,51516,1460633,0
"2021-02-15",12798,1015087,10527,464767,2,78,166,4194,23493,49056.43,1484126,0
"2021-02-16",14242,1029329,26727,491494,0,78,320,4514,41289,48435.14,1525415,0
"2021-02-17",16402,1045731,22180,513674,1,79,287,4801,38870,46965,1564285,0
"2021-02-18",12157,1057888,24987,538661,21,100,282,5083,37447,43505.86,1601732,0
"2021-02-19",13266,1071154,23930,562591,39,139,302,5385,37537,38932.43,1639269,0
"2021-02-20",11351,1082505,26069,588660,6,145,327,5712,37753,36665.71,1677022,0
"2021-02-21",6361,1088866,17423,606083,15,160,284,5996,24083,34353.14,1701105,0
"2021-02-22",13040,1101906,11847,617930,2,162,125,6121,25014,34570.43,1726119,0
"2021-02-23",25243,1127149,14148,632078,1,163,159,6280,39551,34322.14,1765670,0
"2021-02-24",36359,1163508,20370,652448,0,163,218,6498,56947,36904.57,1822617,0
"2021-02-25",54623,1218131,30365,682813,6,169,395,6893,85389,43753.43,1908006,0
"2021-02-26",62878,1281009,31854,714667,4,173,401,7294,95137,51982,2003143,0
"2021-02-27",51298,1332307,22742,737409,47,220,328,7622,74415,57219.43,2077558,0
"2021-02-28",44600,1376907,13804,751213,7,227,204,7826,58615,62152.57,2136173,0
"2021-03-01",39314,1416221,12764,763977,10,237,166,7992,52254,66044,2188427,0
"2021-03-02",47085,1463306,12560,776537,7,244,161,8153,59813,68938.57,2248240,0
"2021-03-03",48603,1511909,16145,792682,17,261,146,8299,64911,70076.29,2313151,0
"2021-03-04",59821,1571730,22804,815486,1092,1353,265,8564,83982,69875.29,2397133,0
"2021-03-05",60994,1632724,24258,839744,3109,4462,331,8895,88692,68954.57,2485825,0
"2021-03-06",47177,1679901,18875,858619,5449,9911,240,9135,71741,68572.57,2557566,0
"2021-03-07",36044,1715945,14863,873482,6247,16158,228,9363,57382,68396.43,2614948,0
"2021-03-08",39627,1755572,14661,888143,8564,24722,312,9675,63164,69955,2678112,0
"2021-03-09",39106,1794678,12814,900957,7767,32489,176,9851,59863,69962.14,2737975,0
"2021-03-10",51835,1846513,15305,916262,5068,37557,226,10077,72434,71036.86,2810409,0
"2021-03-11",60000,1906513,21782,938044,4618,42175,250,10327,86650,71418,2897059,0
"2021-03-12",52198,1958711,30290,968334,4183,46358,372,10699,87043,71182.43,2984102,0
"2021-03-13",40661,1999372,26672,995006,5109,51467,324,11023,72766,71328.86,3056868,0
"2021-03-14",30720,2030092,15946,1010952,4529,55996,238,11261,51433,70479,3108301,0
"2021-03-15",33590,2063682,17237,1028189,4717,60713,235,11496,55779,69424,3164080,0
"2021-03-16",38679,2102361,20476,1048665,4925,65638,261,11757,64341,70063.71,3228421,0
"2021-03-17",42625,2144986,24759,1073424,4247,69885,335,12092,71966,69996.86,3300387,0
"2021-03-18",50466,2195452,26770,1100194,5240,75125,363,12455,82839,69452.43,3383226,0
"2021-03-19",47807,2243259,29912,1130106,5623,80748,385,12840,83727,68978.71,3466953,0
"2021-03-20",38711,2281970,25807,1155913,4689,85437,292,13132,69499,68512,3536452,0
"2021-03-21",29302,2311272,19331,1175244,771,86208,218,13350,49622,68253.29,3586074,0
"2021-03-22",33870,2345142,26711,1201955,4037,90245,261,13611,64879,69553.29,3650953,0
"2021-03-23",38440,2383582,32813,1234768,4223,94468,284,13895,75760,71184.57,3726713,0
"2021-03-24",41509,2425091,37549,1272317,4849,99317,328,14223,84235,72937.29,3810948,0
"2021-03-25",43424,2468515,50731,1323048,5053,104370,463,14686,99671,75341.86,3910619,0
"2021-03-26",38516,2507031,55446,1378494,4310,108680,520,15206,98792,77494,4009411,0
"2021-03-27",35751,2542782,45695,1424189,2939,111619,408,15614,84793,79678.86,4094204,0
"2021-03-28",26400,2569182,34395,1458584,1481,113100,325,15939,62601,81533,4156805,0
"2021-03-29",34830,2604012,38809,1497393,3248,116348,339,16278,77226,83296.86,4234031,0
"2021-03-30",40514,2644526,41901,1539294,3715,120063,320,16598,86450,84824,4320481,0
"2021-03-31",49408,2693934,44827,1584121,7440,127503,397,16995,102072,87372.14,4422553,0
"2021-04-01",50787,2744721,53919,1638040,11275,138778,497,17492,116478,89773.14,4539031,0
"2021-04-02",43766,2788487,53845,1691885,11973,150751,548,18040,110132,91393.14,4649163,0
"2021-04-03",39262,2827749,39185,1731070,9861,160612,335,18375,88643,91943.14,4737806,0
"2021-04-04",26565,2854314,24731,1755801,3902,164514,222,18597,55420,90917.29,4793226,0
"2021-04-05",41887,2896201,34433,1790234,11196,175710,368,18965,87884,92439.86,4881110,0
"2021-04-06",53285,2949486,35567,1825801,13224,188934,424,19389,102500,94732.71,4983610,0
"2021-04-07",55519,3005005,40672,1866473,14389,203323,389,19778,110969,96003.71,5094579,0
"2021-04-08",59278,3064283,46554,1913027,16337,219660,509,20287,122678,96889.43,5217257,0
"2021-04-09",56655,3120938,44936,1957963,17547,237207,504,20791,119642,98248,5336899,0
"2021-04-10",49360,3170298,35637,1993600,12728,249935,381,21172,98106,99599.86,5435005,0
"2021-04-11",38189,3208487,28810,2022410,7685,257620,291,21463,74975,102393.43,5509980,0
"2021-04-12",46646,3255133,31844,2054254,13496,271116,455,21918,92441,103044.43,5602421,0
"2021-04-13",52555,3307688,33782,2088036,368,271484,388,22306,87093,100843.43,5689514,0
"2021-04-14",50161,3357849,39956,2127992,20,271504,357,22663,90494,97918.43,5780008,0
"2021-04-15",52130,3409979,43673,2171665,16,271520,455,23118,96274,94146.43,5876282,0
"2021-04-16",51195,3461174,42219,2213884,32,271552,410,23528,93856,90462.71,5970138,0
"2021-04-17",43848,3505022,35687,2249571,3,271555,360,23888,79898,87861.57,6050036,0
"2021-04-18",28611,3533633,29373,2278944,7,271562,247,24135,58238,85470.57,6108274,0
"2021-04-19",37482,3571115,36453,2315397,22,271584,309,24444,74266,82874.14,6182540,0
"2021-04-20",40814,3611929,39627,2355024,19,271603,305,24749,80765,81970.14,6263305,0
"2021-04-21",38918,3650847,46004,2401028,15,271618,486,25235,85423,81245.71,6348728,0
"2021-04-22",38514,3689361,48949,2449977,9,271627,331,25566,87803,80035.57,6436531,0
"2021-04-23",39714,3729075,44369,2494346,4,271631,349,25915,84436,78689.86,6520967,0
"2021-04-24",31964,3761039,41594,2535940,44,271675,277,26192,73879,77830,6594846,0
"2021-04-25",18427,3779466,31230,2567170,86,271761,187,26379,49930,76643.14,6644776,0
"2021-04-26",26977,3806443,40729,2607899,1013,272774,284,26663,69003,75891.29,6713779,0
"2021-04-27",28579,3835022,47143,2655042,1699,274473,344,27007,77765,75462.71,6791544,0
"2021-04-28",27058,3862080,56829,2711871,2147,276620,422,27429,86456,75610.29,6878000,0
"2021-04-29",28620,3890700,57194,2769065,2145,278765,361,27790,88320,75684.14,6966320,0
"2021-04-30",30131,3920831,51984,2821049,2056,280821,277,28067,84448,75685.86,7050768,0
"2021-05-01",22484,3943315,44550,2865599,1177,281998,224,28291,68435,74908.14,7119203,0
"2021-05-02",11929,3955244,36656,2902255,1080,283078,132,28423,49797,74889.14,7169000,0
"2021-05-03",18039,3973283,53014,2955269,2383,285461,250,28673,73686,75558.14,7242686,0
"2021-05-04",22744,3996027,56643,3011912,2330,287791,259,28932,81976,76159.71,7324662,0
"2021-05-05",21480,4017507,48793,3060705,2312,290103,312,29244,72897,74222.71,7397559,0
"2021-05-06",20687,4038194,50176,3110881,2508,292611,267,29511,73638,72125.29,7471197,0
"2021-05-07",21262,4059456,52100,3162981,2813,295424,303,29814,76478,70986.71,7547675,0
"2021-05-08",16636,4076092,41875,3204856,1835,297259,222,30036,60568,69862.86,7608243,0
"2021-05-09",7975,4084067,29414,3234270,1260,298519,148,30184,38797,68291.43,7647040,0
"2021-05-10",14399,4098466,38538,3272808,2356,300875,223,30407,55516,65695.71,7702556,0
"2021-05-11",19927,4118393,43047,3315855,2515,303390,280,30687,65769,63380.43,7768325,0
"2021-05-12",17815,4136208,40534,3356389,3596,306986,228,30915,62173,61848.43,7830498,0
"2021-05-13",24983,4161191,40430,3396819,3230,310216,256,31171,68899,61171.43,7899397,0
"2021-05-14",27032,4188223,42907,3439726,3538,313754,278,31449,73755,60782.43,7973152,0
"2021-05-15",23658,4211881,34917,3474643,3366,317120,247,31696,62188,61013.86,8035340,0
"2021-05-16",15540,4227421,19437,3494080,2497,319617,126,31822,37600,60842.86,8072940,0
"2021-05-17",22679,4250100,29143,3523223,3257,322874,175,31997,55254,60805.43,8128194,0
"2021-05-18",24643,4274743,31900,3555123,3404,326278,238,32235,60185,60007.71,8188379,0
"2021-05-19",24205,4298948,29706,3584829,3040,329318,222,32457,57173,59293.43,8245552,0
"2021-05-20",24162,4323110,30082,3614911,3160,332478,268,32725,57672,57689.57,8303224,0
"2021-05-21",24694,4347804,32001,3646912,3060,335538,244,32969,59999,55724.43,8363223,0
"2021-05-22",20030,4367834,24357,3671269,2525,338063,157,33126,47069,53564.57,8410292,0
"2021-05-23",11238,4379072,13731,3685000,1411,339474,94,33220,26474,51975.14,8436766,0
"2021-05-24",18885,4397957,23150,3708150,2757,342231,214,33434,45006,50511.14,8481772,0
"2021-05-25",19445,4417402,23372,3731522,2601,344832,175,33609,45593,48426.57,8527365,0
"2021-05-26",18790,4436192,21082,3752604,2695,347527,199,33808,42766,46368.43,8570131,0
"2021-05-27",18477,4454669,21266,3773870,2530,350057,191,33999,42464,44195.86,8612595,0
"2021-05-28",17870,4472539,22890,3796760,2752,352809,183,34182,43695,41866.71,8656290,0
"2021-05-29",12715,4485254,17803,3814563,1755,354564,104,34286,32377,39767.86,8688667,0
"2021-05-30",7033,4492287,8948,3823511,1074,355638,48,34334,17103,38429.14,8705770,0
"2021-05-31",4741,4497028,6925,3830436,1012,356650,63,34397,12741,33819.86,8718511,0
"2021-06-01",16045,4513073,25197,3855633,2174,358824,150,34547,43566,33530.29,8762077,0
"2021-06-02",15357,4528430,20387,3876020,2093,360917,138,34685,37975,32845.86,8800052,0
"2021-06-03",15012,4543442,23816,3899836,2280,363197,125,34810,41233,32670,8841285,0
"2021-06-04",14734,4558176,25982,3925818,2492,365689,144,34954,43352,32621,8884637,0
"2021-06-05",10995,4569171,22081,3947899,1806,367495,115,35069,34997,32995.29,8919634,0
"2021-06-06",6449,4575620,14466,3962365,1222,368717,84,35153,22221,33726.43,8941855,0
"2021-06-07",11714,4587334,21783,3984148,2379,371096,139,35292,36015,37051.29,8977870,0
"2021-06-08",12660,4599994,24016,4008164,2072,373168,116,35408,38864,36379.57,9016734,0
"2021-06-09",11151,4611145,23024,4031188,2298,375466,129,35537,36602,36183.43,9053336,0
"2021-06-10",12075,4623220,22229,4053417,2462,377928,139,35676,36905,35565.14,9090241,0
"2021-06-11",12711,4635931,25112,4078529,2482,380410,153,35829,40458,35151.71,9130699,0
"2021-06-12",10170,4646101,19302,4097831,1888,382298,95,35924,31455,34645.71,9162154,0
"2021-06-13",4259,4650360,10935,4108766,1220,383518,42,35966,16456,33822.14,9178610,0
"2021-06-14",10219,4660579,19235,4128001,2042,385560,126,36092,31622,33194.57,9210232,0
"2021-06-15",11892,4672471,21008,4149009,1943,387503,123,36215,34966,32637.71,9245198,0
"2021-06-16",11594,4684065,19403,4168412,1957,389460,138,36353,33092,32136.29,9278290,0
"2021-06-17",11025,4695090,18760,4187172,1971,391431,119,36472,31875,31417.71,9310165,0
"2021-06-18",12174,4707264,18495,4205667,2115,393546,113,36585,32897,30337.57,9343062,0
"2021-06-19",8504,4715768,13520,4219187,1459,395005,80,36665,23563,29210.14,9366625,0
"2021-06-20",4336,4720104,7161,4226348,924,395929,37,36702,12458,28639,9379083,0
"2021-06-21",10165,4730269,10004,4236352,1806,397735,67,36769,22042,27270.43,9401125,0
"2021-06-22",9839,4740108,15642,4251994,1589,399324,103,36872,27173,26157.14,9428298,0
"2021-06-23",10320,4750428,15184,4267178,1862,401186,101,36973,27467,25353.57,9455765,0
"2021-06-24",9694,4760122,14696,4281874,1799,402985,115,37088,26304,24557.71,9482069,0
"2021-06-25",10593,4770715,14384,4296258,1718,404703,109,37197,26804,23687.29,9508873,0
"2021-06-26",7811,4778526,10459,4306717,1246,405949,74,37271,19590,23119.71,9528463,0
"2021-06-27",5004,4783530,5998,4312715,796,406745,32,37303,11830,23030,9540293,0
"2021-06-28",9036,4792566,10344,4323059,1524,408269,104,37407,21008,22882.29,9561301,0
"2021-06-29",9751,4802317,12311,4335370,1347,409616,125,37532,23534,22362.43,9584835,0
"2021-06-30",9430,4811747,10927,4346297,1481,411097,146,37678,21984,21579.14,9606819,0
"2021-07-01",9400,4821147,10927,4357224,1431,412528,124,37802,21882,20947.43,9628701,0
"2021-07-02",9698,4830845,11438,4368662,1541,414069,121,37923,22798,20375.14,9651499,0
"2021-07-03",7062,4837907,8418,4377080,1193,415262,77,38000,16750,19969.43,9668249,0
"2021-07-04",1288,4839195,1335,4378415,567,415829,8,38008,3198,18736.29,9671447,0
"2021-07-05",6495,4845690,7102,4385517,1208,417037,66,38074,14871,17859.57,9686318,0
"2021-07-06",9515,4855205,12849,4398366,1317,418354,114,38188,23795,17896.86,9710113,0
"2021-07-07",8674,4863879,11107,4409473,1419,419773,121,38309,21321,17802.14,9731434,0
"2021-07-08",8211,4872090,10194,4419667,1260,421033,106,38415,19771,17500.57,9751205,0
"2021-07-09",8380,4880470,10829,4430496,1279,422312,87,38502,20575,17183,9771780,0
"2021-07-10",7110,4887580,8627,4439123,1132,423444,63,38565,16932,17209,9788712,0
"2021-07-11",4104,4891684,4540,4443663,703,424147,34,38599,9381,18092.29,9798093,0
"2021-07-12",8454,4900138,9552,4453215,1250,425397,80,38679,19336,18730.14,9817429,0
"2021-07-13",9471,4909609,9383,4462598,951,426348,104,38783,19909,18175,9837338,0
"2021-07-14",9006,4918615,9526,4472124,1009,427357,103,38886,19644,17935.43,9856982,0
"2021-07-15",8794,4927409,9150,4481274,1052,428409,81,38967,19077,17836.29,9876059,0
"2021-07-16",9243,4936652,9763,4491037,978,429387,102,39069,20086,17766.43,9896145,0
"2021-07-17",6847,4943499,7388,4498425,802,430189,78,39147,15115,17506.86,9911260,0
"2021-07-18",4260,4947759,4284,4502709,569,430758,34,39181,9147,17473.43,9920407,0
"2021-07-19",9128,4956887,8471,4511180,999,431757,87,39268,18685,17380.43,9939092,0
"2021-07-20",10653,4967540,8757,4519937,991,432748,91,39359,20492,17463.71,9959584,0
"2021-07-21",10054,4977594,8761,4528698,903,433651,144,39503,19862,17494.86,9979446,0
"2021-07-22",10688,4988282,8581,4537279,1044,434695,142,39645,20455,17691.71,9999901,0
"2021-07-23",11259,4999541,8881,4546160,1114,435809,134,39779,21388,17877.71,10021289,0
"2021-07-24",7406,5006947,6732,4552892,670,436479,84,39863,14892,17845.86,10036181,0
"2021-07-25",5481,5012428,2122,4555014,509,436988,59,39922,8171,17706.43,10044352,0
"2021-07-26",10879,5023307,7000,4562014,859,437847,110,40032,18848,17729.71,10063200,0
"2021-07-27",12060,5035367,8567,4570581,857,438704,132,40164,21616,17890.29,10084816,0
"2021-07-28",11998,5047365,8048,4578629,950,439654,129,40293,21125,18070.71,10105941,0
"2021-07-29",10941,5058306,7426,4586055,983,440637,129,40422,19479,17931.29,10125420,0
"2021-07-30",14958,5073264,8009,4594064,1150,441787,180,40602,24297,18346.86,10149717,0
"2021-07-31",9732,5082996,6311,4600375,816,442603,118,40720,16977,18644.71,10166694,0
"2021-08-01",6505,5089501,3309,4603684,564,443167,79,40799,10457,18971.29,10177151,0
"2021-08-02",13453,5102954,7154,4610838,848,444015,144,40943,21599,19364.29,10198750,0
"2021-08-03",15421,5118375,8383,4619221,1109,445124,145,41088,25058,19856,10223808,0
"2021-08-04",17264,5135639,8122,4627343,1454,446578,177,41265,27017,20697.71,10250825,0
"2021-08-05",17869,5153508,7922,4635265,1365,447943,161,41426,27317,21817.43,10278142,0
"2021-08-06",18184,5171692,8409,4643674,1233,449176,165,41591,27991,22345.14,10306133,0
"2021-08-07",13388,5185080,6017,4649691,799,449975,97,41688,20301,22820,10326434,0
"2021-08-08",9312,5194392,3833,4653524,399,450374,79,41767,13623,23272.29,10340057,0
"2021-08-09",21343,5215735,8528,4662052,963,451337,169,41936,31003,24615.71,10371060,0
"2021-08-10",18927,5234662,9328,4671380,950,452287,171,42107,29376,25232.57,10400436,0
"2021-08-11",15653,5250315,8309,4679689,853,453140,125,42232,24940,24935.86,10425376,0
"2021-08-12",15054,5265369,8977,4688666,939,454079,168,42400,25138,24624.57,10450514,0
"2021-08-13",14929,5280298,9286,4697952,921,455000,238,42638,25374,24250.71,10475888,0
"2021-08-14",10415,5290713,6409,4704361,626,455626,525,43163,17975,23918.43,10493863,0
"2021-08-15",6698,5297411,4475,4708836,677,456303,567,43730,12417,23746.14,10506280,0
"2021-08-16",15727,5313138,9289,4718125,1149,457452,1319,45049,27484,23243.43,10533764,0
"2021-08-17",17783,5330921,10438,4728563,1223,458675,1757,46806,31201,23504.14,10564965,0
"2021-08-18",17514,5348435,10359,4738922,1260,459935,1979,48785,31112,24385.86,10596077,0
"2021-08-19",16308,5364743,9521,4748443,1316,461251,1944,50729,29089,24950.29,10625166,0
"2021-08-20",16291,5381034,11539,4759982,1254,462505,1847,52576,30931,25744.14,10656097,0
"2021-08-21",11158,5392192,8037,4768019,877,463382,1051,53627,21123,26193.86,10677220,0
"2021-08-22",4085,5396277,3903,4771922,262,463644,513,54140,8763,25671.86,10685983,0
"2021-08-23",15586,5411863,11796,4783718,1023,464667,1540,55680,29945,26023.43,10715928,0
"2021-08-24",16920,5428783,12591,4796309,1006,465673,1772,57452,32289,26178.86,10748217,0
"2021-08-25",14588,5443371,12438,4808747,1111,466784,1561,59013,29698,25976.86,10777915,0
"2021-08-26",16171,5459542,14082,4822829,1072,467856,1762,60775,33087,26548,10811002,0
"2021-08-27",14885,5474427,14821,4837650,972,468828,1655,62430,32333,26748.29,10843335,0
"2021-08-28",10687,5485114,11513,4849163,836,469664,1011,63441,24047,27166,10867382,0
"2021-08-29",7217,5492331,7493,4856656,541,470205,771,64212,16022,28203,10883404,0
"2021-08-30",15527,5507858,16923,4873579,1077,471282,1783,65995,35310,28969.43,10918714,0
"2021-08-31",15526,5523384,15947,4889526,952,472234,1956,67951,34381,29268.29,10953095,0
"2021-09-01",14843,5538227,14095,4903621,1021,473255,1793,69744,31752,29561.71,10984847,0
"2021-09-02",14346,5552573,12514,4916135,896,474151,1692,71436,29448,29041.86,11014295,0
"2021-09-03",15018,5567591,14298,4930433,974,475125,1889,73325,32179,29019.86,11046474,0
"2021-09-04",9653,5577244,9404,4939837,688,475813,962,74287,20707,28542.71,11067181,0
"2021-09-05",6807,5584051,5513,4945350,438,476251,704,74991,13462,28177,11080643,0
"2021-09-06",5201,5589252,4507,4949857,358,476609,270,75261,10336,24609.29,11090979,0
"2021-09-07",15581,5604833,17689,4967546,913,477522,1537,76798,35720,24800.57,11126699,0
"2021-09-08",16178,5621011,14819,4982365,1073,478595,1751,78549,33821,25096.14,11160520,0
"2021-09-09",16124,5637135,14744,4997109,1047,479642,1900,80449,33815,25720,11194335,0
"2021-09-10",18375,5655510,15391,5012500,1208,480850,1963,82412,36937,26399.71,11231272,0
"2021-09-11",12643,5668153,10343,5022843,958,481808,1018,83430,24962,27007.57,11256234,0
"2021-09-12",8537,5676690,5050,5027893,766,482574,688,84118,15041,27233.14,11271275,0
"2021-09-13",16943,5693633,12946,5040839,975,483549,1640,85758,32504,30400,11303779,0
"2021-09-14",16279,5709912,13669,5054508,886,484435,1587,87345,32421,29928.71,11336200,0
"2021-09-15",15552,5725464,12871,5067379,728,485163,1562,88907,30713,29484.71,11366913,0
"2021-09-16",15348,5740812,13906,5081285,1211,486374,1442,90349,31907,29212.14,11398820,0
"2021-09-17",14440,5755252,13963,5095248,922,487296,1818,92167,31143,28384.43,11429963,0
"2021-09-18",10007,5765259,10171,5105419,913,488209,1044,93211,22135,27980.57,11452098,0
"2021-09-19",6183,5771442,6069,5111488,557,488766,743,93954,13552,27767.86,11465650,0
"2021-09-20",12687,5784129,12631,5124119,1069,489835,1907,95861,28294,27166.43,11493944,0
"2021-09-21",12245,5796374,12767,5136886,1111,490946,2013,97874,28136,26554.29,11522080,0
"2021-09-22",12842,5809216,11988,5148874,1091,492037,1668,99542,27589,26108,11549669,0
"2021-09-23",14962,5824178,12751,5161625,1639,493676,2242,101784,31594,26063.29,11581263,0
"2021-09-24",16468,5840646,13354,5174979,1632,495308,4597,106381,36051,26764.43,11617314,0
"2021-09-25",10552,5851198,9021,5184000,1018,496326,3434,109815,24025,27034.43,11641339,0
"2021-09-26",6314,5857512,5758,5189758,773,497099,2411,112226,15256,27277.86,11656595,0
"2021-09-27",14182,5871694,8049,5197807,1155,498254,8978,121204,32364,27859.29,11688959,0
"2021-09-28",11167,5882861,11770,5209577,901,499155,9817,131021,33655,28647.71,11722614,0
"2021-09-29",11627,5894488,12188,5221765,1205,500360,9371,140392,34391,29619.43,11757005,0
"2021-09-30",12260,5906748,12594,5234359,1338,501698,9658,150050,35850,30227.43,11792855,0
"2021-10-01",12668,5919416,13425,5247784,1284,502982,10194,160244,37571,30444.57,11830426,0
"2021-10-02",7738,5927154,9975,5257759,864,503846,4197,164441,22774,30265.86,11853200,0
"2021-10-03",5084,5932238,6157,5263916,594,504440,2599,167040,14434,30148.43,11867634,0
"2021-10-04",9926,5942164,11029,5274945,913,505353,9447,176487,31315,29998.57,11898949,0
"2021-10-05",10188,5952352,11743,5286688,972,506325,9875,186362,32778,29873.29,11931727,0
"2021-10-06",9933,5962285,11052,5297740,937,507262,9881,196243,31803,29503.57,11963530,0
"2021-10-07",9685,5971970,12185,5309925,852,508114,10137,206380,32859,29076.29,11996389,0
"2021-10-08",9486,5981456,12170,5322095,943,509057,10837,217217,33436,28485.57,12029825,0
"2021-10-09",6278,5987734,8276,5330371,649,509706,4078,221295,19281,27986.57,12049106,0
"2021-10-10",3547,5991281,5022,5335393,458,510164,2412,223707,11439,27558.71,12060545,0
"2021-10-11",7641,5998922,9330,5344723,728,510892,8855,232562,26554,26878.57,12087099,0
"2021-10-12",8092,6007014,11002,5355725,891,511783,10447,243009,30432,26543.43,12117531,0
"2021-10-13",7182,6014196,10142,5365867,869,512652,8715,251724,26908,25844.14,12144439,0
"2021-10-14",7464,6021660,11110,5376977,836,513488,10037,261761,29447,25356.71,12173886,0
"2021-10-15",7748,6029408,11869,5388846,823,514311,10717,272478,31157,25031.14,12205043,0
"2021-10-16",4874,6034282,7464,5396310,666,514977,3792,276270,16796,24676.14,12221839,0
"2021-10-17",3063,6037345,4474,5400784,411,515388,2426,278696,10374,24524,12232213,0
"2021-10-18",7081,6044426,10657,5411441,797,516185,9374,288070,27909,24717.57,12260122,0
"2021-10-19",6597,6051023,8942,5420383,806,516991,9011,297081,25356,23992.43,12285478,0
"2021-10-20",6562,6057585,9375,5429758,975,517966,9898,306979,26810,23978.43,12312288,0
"2021-10-21",7057,6064642,9379,5439137,859,518825,10766,317745,28061,23780.43,12340349,0
"2021-10-22",8163,6072805,10341,5449478,1026,519851,16277,334022,35807,24444.71,12376156,0
"2021-10-23",5195,6078000,6461,5455939,690,520541,9085,343107,21431,25106.86,12397587,0
"2021-10-24",3285,6081285,3971,5459910,770,521311,6136,349243,14162,25648,12411749,0
"2021-10-25",8817,6090102,8747,5468657,1147,522458,19200,368443,37911,27076.86,12449660,0
"2021-10-26",8235,6098337,7727,5476384,1259,523717,17239,385682,34460,28377.43,12484120,0
"2021-10-27",10607,6108944,8393,5484777,1604,525321,20789,406471,41393,30460.71,12525513,0
"2021-10-28",11374,6120318,8039,5492816,1793,527114,20769,427240,41975,32448.43,12567488,0
"2021-10-29",11882,6132200,8243,5501059,1963,529077,22464,449704,44552,33697.71,12612040,0
"2021-10-30",4651,6136851,5054,5506113,934,530011,11132,460836,21771,33746.29,12633811,0
"2021-10-31",2673,6139524,2706,5508819,545,530556,6604,467440,12528,33512.86,12646339,0
"2021-11-01",7193,6146717,6954,5515773,1089,531645,20305,487745,35541,33174.29,12681880,0
"2021-11-02",6625,6153342,6589,5522362,1055,532700,20692,508437,34961,33245.86,12716841,0
"2021-11-03",6901,6160243,6680,5529042,1028,533728,20548,528985,35157,32355,12751998,0
"2021-11-04",9349,6169592,6276,5535318,997,534725,22283,551268,38905,31916.43,12790903,0
"2021-11-05",11110,6180702,6721,5542039,1052,535777,23693,574961,42576,31634.14,12833479,0
"2021-11-06",11150,6191852,4051,5546090,593,536370,12565,587526,28359,32575.29,12861838,0
"2021-11-07",7279,6199131,2282,5548372,577,536947,7080,594606,17218,33245.29,12879056,0
"2021-11-08",15106,6214237,5678,5554050,867,537814,19434,614040,41085,34037.29,12920141,0
"2021-11-09",16198,6230435,5378,5559428,661,538475,20466,634506,42703,35143.29,12962844,0
"2021-11-10",16997,6247432,5326,5564754,685,539160,22554,657060,45562,36629.71,13008406,0
"2021-11-11",12624,6260056,5195,5569949,761,539921,22007,679067,40587,36870,13048993,0
"2021-11-12",16942,6276998,5682,5575631,708,540629,23332,702399,46664,37454,13095657,0
"2021-11-13",9969,6286967,3667,5579298,465,541094,13291,715690,27392,37315.86,13123049,0
"2021-11-14",6039,6293006,2293,5581591,325,541419,7911,723601,16568,37223,13139617,0
"2021-11-15",13290,6306296,5969,5587560,690,542109,25019,748620,44968,37777.71,13184585,0
"2021-11-16",10023,6316319,5792,5593352,655,542764,30580,779200,47050,38398.71,13231635,0
"2021-11-17",10369,6326688,6676,5600028,681,543445,31297,810497,49023,38893.14,13280658,0
"2021-11-18",10792,6337480,6551,5606579,861,544306,32916,843413,51120,40397.86,13331778,0
"2021-11-19",12097,6349577,6554,5613133,716,545022,36166,879579,55533,41664.86,13387311,0
"2021-11-20",9389,6358966,3421,5616554,514,545536,22451,902030,35775,42862.43,13423086,0
"2021-11-21",4996,6363962,1892,5618446,288,545824,13161,915191,20337,43400.86,13443423,0
"2021-11-22",10520,6374482,5790,5624236,752,546576,35766,950957,52828,44523.71,13496251,0
"2021-11-23",9876,6384358,4780,5629016,637,547213,33417,984374,48710,44760.86,13544961,0
"2021-11-24",8770,6393128,4759,5633775,651,547864,25847,1010221,40027,43475.71,13584988,0
"2021-11-25",453,6393581,324,5634099,80,547944,997,1011218,1854,36437.71,13586842,0
"2021-11-26",8111,6401692,6988,5641087,528,548472,26516,1037734,42143,34524.86,13628985,0
"2021-11-27",6715,6408407,6831,5647918,373,548845,18766,1056500,32685,34083.43,13661670,0
"2021-11-28",4104,6412511,5780,5653698,282,549127,11841,1068341,22007,34322,13683677,0
"2021-11-29",9175,6421686,10989,5664687,688,549815,34896,1103237,55748,34739.14,13739425,0
"2021-11-30",10584,6432270,11432,5676119,513,550328,37666,1140903,60195,36379.86,13799620,0
"2021-12-01",11283,6443553,10967,5687086,723,551051,40220,1181123,63193,39689.29,13862813,0
"2021-12-02",11727,6455280,11027,5698113,626,551677,42020,1223143,65400,48767.29,13928213,0
"2021-12-03",13603,6468883,12871,5710984,676,552353,47792,1270935,74942,53452.86,14003155,0
"2021-12-04",9911,6478794,11279,5722263,567,552920,30584,1301519,52341,56260.86,14055496,0
"2021-12-05",5792,6484586,5704,5727967,269,553189,16615,1318134,28380,57171.29,14083876,0
"2021-12-06",12450,6497036,9945,5737912,602,553791,43119,1361253,66116,58652.43,14149992,0
"2021-12-07",12691,6509727,9249,5747161,626,554417,42941,1404194,65507,59411.29,14215499,0
"2021-12-08",13662,6523389,8748,5755909,556,554973,40652,1444846,63618,59472,14279117,0
"2021-12-09",13601,6536990,8761,5764670,558,555531,40704,1485550,63624,59218.29,14342741,0
"2021-12-10",14157,6551147,10128,5774798,672,556203,43518,1529068,68475,58294.43,14411216,0
"2021-12-11",10318,6561465,8117,5782915,405,556608,26652,1555720,45492,57316,14456708,0
"2021-12-12",6058,6567523,3856,5786771,288,556896,15129,1570849,25331,56880.43,14482039,0
"2021-12-13",12322,6579845,7418,5794189,657,557553,37771,1608620,58168,55745,14540207,0
"2021-12-14",12309,6592154,6961,5801150,731,558284,38057,1646677,58058,54680.86,14598265,0
"2021-12-15",12231,6604385,6238,5807388,755,559039,37985,1684662,57209,53765.29,14655474,0
"2021-12-16",13225,6617610,4266,5811654,734,559773,40893,1725555,59118,53121.57,14714592,0
"2021-12-17",16114,6633724,6930,5818584,620,560393,46561,1772116,70225,53371.57,14784817,0
"2021-12-18",13085,6646809,5714,5824298,432,560825,30517,1802633,49748,53979.57,14834565,0
"2021-12-19",7063,6653872,2994,5827292,327,561152,17960,1820593,28344,54410,14862909,0
"2021-12-20",16996,6670868,5869,5833161,747,561899,47276,1867869,70888,56227.14,14933797,0
"2021-12-21",18064,6688932,6560,5839721,807,562706,48781,1916650,74212,58534.86,15008009,0
"2021-12-22",18665,6707597,6556,5846277,938,563644,49498,1966148,75657,61170.29,15083666,0
"2021-12-23",19115,6726712,6480,5852757,930,564574,45724,2011872,72249,63046.14,15155915,0
"2021-12-24",9258,6735970,2953,5855710,598,565172,20562,2032434,33371,57781.29,15189286,0
"2021-12-25",344,6736314,65,5855775,31,565203,422,2032856,862,50797.57,15190148,0
"2021-12-26",7993,6744307,3927,5859702,341,565544,17250,2050106,29511,50964.29,15219659,0
"2021-12-27",21874,6766181,9200,5868902,933,566477,43330,2093436,75337,51599.86,15294996,0
"2021-12-28",20232,6786413,8321,5877223,698,567175,47480,2140916,76731,51959.71,15371727,0
"2021-12-29",18556,6804969,7659,5884882,607,567782,45444,2186360,72266,51475.29,15443993,0
"2021-12-30",16929,6821898,7414,5892296,582,568364,44741,2231101,69666,51106.29,15513659,0
"2021-12-31",5379,6827277,2802,5895098,193,568557,14724,2245825,23098,49638.71,15536757,0
"2022-01-01",237,6827514,146,5895244,11,568568,498,2246323,892,49643,15537649,0
"2022-01-02",6455,6833969,5011,5900255,153,568721,10960,2257283,22579,48652.71,15560228,0
"2022-01-03",14209,6848178,8481,5908736,515,569236,26814,2284097,50019,45035.86,15610247,0
"2022-01-04",13129,6861307,8068,5916804,412,569648,26941,2311038,48550,41010,15658797,0
"2022-01-05",11655,6872962,6963,5923767,385,570033,25693,2336731,44696,37071.43,15703493,0
"2022-01-06",11587,6884549,7363,5931130,480,570513,27398,2364129,46828,33808.86,15750321,0
"2022-01-07",10497,6895046,8414,5939544,337,570850,24909,2389038,44157,36817.29,15794478,0
"2022-01-08",7955,6903001,8548,5948092,310,571160,19362,2408400,36175,41857.71,15830653,0
"2022-01-09",4156,6907157,3841,5951933,214,571374,10042,2418442,18253,41239.71,15848906,0
"2022-01-10",10215,6917372,8181,5960114,489,571863,24528,2442970,43413,40296,15892319,0
"2022-01-11",8952,6926324,7970,5968084,520,572383,20943,2463913,38385,38843.86,15930704,0
"2022-01-12",9007,6935331,8306,5976390,428,572811,22252,2486165,39993,38172,15970697,0
"2022-01-13",9108,6944439,8851,5985241,449,573260,22771,2508936,41179,37365,16011876,0
"2022-01-14",10157,6954596,8114,5993355,476,573736,26353,2535289,45100,37499.71,16056976,0
"2022-01-15",6224,6960820,4304,5997659,178,573914,15117,2550406,25823,36020.86,16082799,0
"2022-01-16",2938,6963758,3251,6000910,93,574007,7800,2558206,14082,35425,16096881,0
"2022-01-17",6106,6969864,6758,6007668,363,574370,14618,2572824,27845,33201,16124726,0
"2022-01-18",8220,6978084,10297,6017965,397,574767,19562,2592386,38476,33214,16163202,0
"2022-01-19",7542,6985626,9231,6027196,306,575073,17627,2610013,34706,32458.71,16197908,0
"2022-01-20",6345,6991971,8565,6035761,304,575377,15146,2625159,30360,30913.14,16228268,0
"2022-01-21",7651,6999622,7487,6043248,277,575654,18403,2643562,33818,29301.43,16262086,0
"2022-01-22",5211,7004833,4923,6048171,131,575785,11279,2654841,21544,28690.14,16283630,0
"2022-01-23",2823,7007656,3326,6051497,97,575882,6214,2661055,12460,28458.43,16296090,0
"2022-01-24",6423,7014079,8190,6059687,261,576143,14993,2676048,29867,28747.29,16325957,0
"2022-01-25",6221,7020300,7917,6067604,232,576375,14651,2690699,29021,27396.57,16354978,0
"2022-01-26",5791,7026091,7153,6074757,290,576665,13962,2704661,27196,26323.71,16382174,0
"2022-01-27",5280,7031371,7084,6081841,321,576986,14027,2718688,26712,25802.57,16408886,0
"2022-01-28",6310,7037681,7851,6089692,205,577191,16062,2734750,30428,25318.29,16439314,0
"2022-01-29",847,7038528,726,6090418,28,577219,2521,2737271,4122,22829.43,16443436,0
"2022-01-30",2104,7040632,3018,6093436,103,577322,4526,2741797,9751,22442.43,16453187,0
"2022-01-31",5037,7045669,6586,6100022,219,577541,11318,2753115,23160,21484.29,16476347,0
"2022-02-01",4858,7050527,6437,6106459,219,577760,10661,2763776,22175,20506.29,16498522,0
"2022-02-02",4278,7054805,5919,6112378,214,577974,11172,2774948,21583,19704.43,16520105,0
"2022-02-03",4244,7059049,5789,6118167,217,578191,11169,2786117,21419,18948.29,16541524,0
"2022-02-04",4795,7063844,7091,6125258,214,578405,13150,2799267,25250,18208.57,16566774,0
"2022-02-05",3599,7067443,6041,6131299,110,578515,8544,2807811,18294,20233.14,16585068,0
"2022-02-06",2071,7069514,2133,6133432,121,578636,4622,2812433,8947,20118.29,16594015,0
"2022-02-07",4170,7073684,4720,6138152,205,578841,10108,2822541,19203,19553,16613218,0
"2022-02-08",4247,7077931,5598,6143750,214,579055,11262,2833803,21321,19431,16634539,0
"2022-02-09",4156,7082087,5392,6149142,225,579280,11611,2845414,21384,19402.57,16655923,0
"2022-02-10",4003,7086090,5111,6154253,244,579524,12137,2857551,21495,19413.43,16677418,0
"2022-02-11",4540,7090630,5796,6160049,194,579718,13696,2871247,24226,19267.14,16701644,0
"2022-02-12",3270,7093900,4330,6164379,96,579814,8779,2880026,16475,19007.29,16718119,0
"2022-02-13",1524,7095424,1541,6165920,41,579855,4877,2884903,7983,18869.57,16726102,0
"2022-02-14",3007,7098431,3616,6169536,165,580020,10539,2895442,17327,18601.57,16743429,0
"2022-02-15",3575,7102006,4058,6173594,176,580196,12739,2908181,20548,18491.14,16763977,0
"2022-02-16",3686,7105692,3887,6177481,196,580392,15666,2923847,23435,18784.14,16787412,0
"2022-02-17",4065,7109757,4075,6181556,164,580556,18217,2942064,26521,19502.14,16813933,0
"2022-02-18",4501,7114258,4771,6186327,190,580746,21500,2963564,30962,20464.43,16844895,0
"2022-02-19",3268,7117526,2178,6188505,65,580811,11150,2974714,16661,20491,16861556,0
"2022-02-20",1867,7119393,1444,6189949,59,580870,6568,2981282,9938,20770.29,16871494,0
"2022-02-21",3111,7122504,2685,6192634,95,580965,8332,2989614,14223,20326.86,16885717,0
"2022-02-22",4411,7126915,4242,6196876,175,581140,10793,3000407,19621,20194.43,16905338,0
"2022-02-23",4290,7131205,3779,6200655,144,581284,10622,3011029,18835,19537.29,16924173,0
"2022-02-24",3783,7134988,3648,6204303,108,581392,10160,3021189,17699,18277,16941872,0
"2022-02-25",3634,7138622,3607,6207910,135,581527,9952,3031141,17328,16329.29,16959200,0
"2022-02-26",2859,7141481,2575,6210485,74,581601,9489,3040630,14997,16091.57,16974197,0
"2022-02-27",1779,7143260,1372,6211857,52,581653,6262,3046892,9465,16024,16983662,0
"2022-02-28",3834,7147094,3123,6214980,140,581793,13081,3059973,20178,16874.71,17003840,0
"2022-03-01",2136,7149230,2608,6217588,102,581895,5152,3065125,9998,15500,17013838,0
"2022-03-02",1838,7151068,2420,6220008,105,582000,4101,3069226,8464,14018.43,17022302,0
"2022-03-03",1941,7153009,2550,6222558,106,582106,3782,3073008,8379,12687,17030681,0
"2022-03-04",2111,7155120,2865,6225423,67,582173,4308,3077316,9351,11547.43,17040032,0
"2022-03-05",1612,7156732,2119,6227542,43,582216,3303,3080619,7077,10416,17047109,0
"2022-03-06",803,7157535,878,6228420,30,582246,1616,3082235,3327,9539.14,17050436,0
"2022-03-07",1674,7159209,1780,6230200,85,582331,3477,3085712,7016,7658.86,17057452,0
"2022-03-08",1551,7160760,1894,6232094,79,582410,3113,3088825,6637,7178.71,17064089,0
"2022-03-09",1268,7162028,1662,6233756,78,582488,2567,3091392,5575,6766,17069664,0
"2022-03-10",1425,7163453,2094,6235850,85,582573,2939,3094331,6543,6503.71,17076207,0
"2022-03-11",1609,7165062,2262,6238112,80,582653,3195,3097526,7146,6188.71,17083353,0
"2022-03-12",881,7165943,1412,6239524,40,582693,1996,3099522,4329,5796.14,17087682,0
"2022-03-13",627,7166570,755,6240279,26,582719,1290,3100812,2698,5706.29,17090380,0
"2022-03-14",1386,7167956,1594,6241873,83,582802,2974,3103786,6037,5566.43,17096417,0
"2022-03-15",1349,7169305,1920,6243793,63,582865,3068,3106854,6400,5532.57,17102817,0
"2022-03-16",1398,7170703,2060,6245853,94,582959,3119,3109973,6671,5689.14,17109488,0
"2022-03-17",1180,7171883,1810,6247663,70,583029,2745,3112718,5805,5583.71,17115293,0
"2022-03-18",1588,7173471,2169,6249832,80,583109,3752,3116470,7589,5647,17122882,0
"2022-03-19",1115,7174586,1726,6251558,54,583163,2584,3119054,5479,5811.29,17128361,0
"2022-03-20",612,7175198,630,6252188,32,583195,1459,3120513,2733,5816.29,17131094,0
"2022-03-21",1423,7176621,1546,6253734,73,583268,3040,3123553,6082,5822.71,17137176,0
"2022-03-22",1341,7177962,1544,6255278,101,583369,2886,3126439,5872,5747.29,17143048,0
"2022-03-23",1259,7179221,1342,6256620,66,583435,2904,3129343,5571,5590.14,17148619,0
"2022-03-24",1216,7180437,1291,6257911,89,583524,2504,3131847,5100,5489.43,17153719,0
"2022-03-25",1389,7181826,1609,6259520,61,583585,3245,3135092,6304,5305.86,17160023,0
"2022-03-26",926,7182752,1153,6260673,36,583621,2287,3137379,4402,5152,17164425,0
"2022-03-27",575,7183327,525,6261198,29,583650,1310,3138689,2439,5110,17166864,0
"2022-03-28",1084,7184411,1148,6262346,68,583718,2428,3141117,4728,4916.57,17171592,0
"2022-03-29",1055,7185466,1101,6263447,86,583804,2498,3143615,4740,4754.86,17176332,0
"2022-03-30",1249,7186715,1131,6264578,96,583900,3046,3146661,5522,4747.86,17181854,0
"2022-03-31",1243,7187958,1242,6265820,57,583957,3139,3149800,5681,4830.86,17187535,0
"2022-04-01",1394,7189352,1483,6267303,70,584027,3226,3153026,6173,4812.14,17193708,0
"2022-04-02",882,7190234,906,6268209,33,584060,2083,3155109,3904,4741,17197612,0
"2022-04-03",544,7190778,495,6268704,28,584088,1219,3156328,2286,4719.14,17199898,0
"2022-04-04",1320,7192098,1303,6270007,60,584148,2707,3159035,5390,4813.71,17205288,0
"2022-04-05",1275,7193373,1143,6271150,68,584216,2851,3161886,5337,4899,17210625,0
"2022-04-06",1273,7194646,1169,6272319,58,584274,2605,3164491,5105,4839.43,17215730,0
"2022-04-07",1192,7195838,1060,6273379,54,584328,2366,3166857,4672,4695.29,17220402,0
"2022-04-08",1497,7197335,1385,6274764,56,584384,3120,3169977,6058,4678.86,17226460,0
"2022-04-09",938,7198273,917,6275681,28,584412,2042,3172019,3925,4681.86,17230385,0
"2022-04-10",593,7198866,459,6276140,25,584437,1168,3173187,2245,4676,17232630,0
"2022-04-11",1332,7200198,1217,6277357,59,584496,2634,3175821,5242,4654.86,17237872,0
"2022-04-12",1196,7201394,1043,6278400,72,584568,2454,3178275,4765,4573.14,17242637,0
"2022-04-13",1258,7202652,1061,6279461,58,584626,2493,3180768,4870,4539.57,17247507,0
"2022-04-14",1261,7203913,1080,6280541,51,584677,2356,3183124,4748,4550.43,17252255,0
"2022-04-15",1329,7205242,1082,6281623,49,584726,2535,3185659,4995,4398.57,17257250,0
"2022-04-16",869,7206111,644,6282267,27,584753,1628,3187287,3168,4290.43,17260418,0
"2022-04-17",347,7206458,202,6282469,25,584778,630,3187917,1204,4141.71,17261622,0
"2022-04-18",1360,7207818,1102,6283571,80,584858,2558,3190475,5100,4121.43,17266722,0
"2022-04-19",1394,7209212,931,6284502,70,584928,2538,3193013,4933,4145.43,17271655,0
"2022-04-20",1290,7210502,1119,6285621,64,584992,2599,3195612,5072,4174.29,17276727,0
"2022-04-21",1202,7211704,1046,6286667,50,585042,2287,3197899,4585,4151,17281312,0
"2022-04-22",1196,7212900,995,6287662,42,585084,2158,3200057,4391,4064.71,17285703,120000
"2022-04-23",713,7213613,737,6288399,39,585123,1400,3201457,2889,4024.86,17288592,120000
"2022-04-24",440,7214053,337,6288736,26,585149,803,3202260,1606,4082.29,17290198,120000
"2022-04-25",1003,7215056,894,6289630,54,585203,1805,3204065,3756,3890.29,17293954,120000
"2022-04-26",903,7215959,834,6290464,61,585264,1708,3205773,3506,3686.43,17297460,120000
"2022-04-27",985,7216944,951,6291415,59,585323,1796,3207569,3791,3503.43,17301251,120000
"2022-04-28",316,7217260,314,6291729,19,585342,608,3208177,1257,3028,17302508,120000
