"DATE","ADMIN_DOSE1_DAILY","ADMIN_DOSE1_CUMULATIVE","ADMIN_DOSE2_DAILY","ADMIN_DOSE2_CUMULATIVE","ADMIN_SINGLE_DAILY","ADMIN_SINGLE_CUMULATIVE","ADMIN_ADDITIONAL_DAILY","ADMIN_ADDITIONAL_CUMULATIVE","ADMIN_ALLDOSES_DAILY","ADMIN_ALLDOSES_7DAYAVG","ADMIN_ALLDOSES_CUMULATIVE","INCOMPLETE"
"2020-12-14",79,79,0,0,0,0,0,0,79,,79,0
"2020-12-15",2052,2131,5,5,4,4,0,0,2061,,2140,0
"2020-12-16",4602,6733,13,18,1,5,1,1,4617,,6757,0
"2020-12-17",4655,11388,17,35,0,5,1,2,4673,,11430,0
"2020-12-18",5833,17221,20,55,2,7,2,4,5857,,17287,0
"2020-12-19",1689,18910,7,62,3,10,0,4,1699,,18986,0
"2020-12-20",1116,20026,2,64,1,11,0,4,1119,2872.14,20105,0
"2020-12-21",6339,26365,17,81,0,11,6,10,6362,3769.71,26467,0
"2020-12-22",9797,36162,27,108,2,13,1,11,9827,4879.14,36294,0
"2020-12-23",14273,50435,35,143,3,16,1,12,14312,6264.14,50606,0
"2020-12-24",7200,57635,25,168,1,17,0,12,7226,6628.86,57832,0
"2020-12-25",180,57815,0,168,0,17,1,13,181,5818,58013,0
"2020-12-26",4390,62205,43,211,0,17,1,14,4434,6208.71,62447,0
"2020-12-27",3868,66073,13,224,0,17,1,15,3882,6603.43,66329,0
"2020-12-28",10992,77065,50,274,1,18,3,18,11046,7272.57,77375,0
"2020-12-29",10723,87788,32,306,2,20,2,20,10759,7405.71,88134,0
"2020-12-30",12826,100614,44,350,0,20,0,20,12870,7199.71,101004,0
"2020-12-31",7262,107876,30,380,1,21,0,20,7293,7209.29,108297,0
"2021-01-01",181,108057,2,382,1,22,3,23,187,7210.14,108484,0
"2021-01-02",3810,111867,10,392,2,24,1,24,3823,7122.86,112307,0
"2021-01-03",3542,115409,23,415,2,26,1,25,3568,7078,115875,0
"2021-01-04",12257,127666,805,1220,2,28,6,31,13070,7367.14,128945,0
"2021-01-05",14083,141749,2193,3413,2,30,10,41,16288,8157,145233,0
"2021-01-06",17809,159558,3922,7335,1,31,29,70,21761,9427.14,166994,0
"2021-01-07",16548,176106,5173,12508,4,35,45,115,21770,11495.29,188764,0
"2021-01-08",16620,192726,5454,17962,0,35,32,147,22106,14626.57,210870,0
"2021-01-09",7649,200375,1464,19426,1,36,7,154,9121,15383.43,219991,0
"2021-01-10",7884,208259,981,20407,0,36,10,164,8875,16141.57,228866,0
"2021-01-11",25818,234077,7457,27864,2,38,47,211,33324,19035,262190,0
"2021-01-12",28264,262341,7860,35724,1,39,43,254,36168,21875,298358,0
"2021-01-13",31722,294063,9377,45101,1,40,54,308,41154,24645.43,339512,0
"2021-01-14",35804,329867,5327,50428,1,41,28,336,41160,27415.43,380672,0
"2021-01-15",29269,359136,3703,54131,2,43,32,368,33006,28972.57,413678,0
"2021-01-16",30291,389427,2380,56511,0,43,23,391,32694,32340.14,446372,0
"2021-01-17",23757,413184,1619,58130,0,43,18,409,25394,34700,471766,0
"2021-01-18",27110,440294,2410,60540,0,43,34,443,29554,34161.43,501320,0
"2021-01-19",34302,474596,9620,70160,1,44,67,510,43990,35278.86,545310,0
"2021-01-20",34865,509461,9494,79654,1,45,58,568,44418,35745.14,589728,0
"2021-01-21",25594,535055,8090,87744,2,47,48,616,33734,34684.29,623462,0
"2021-01-22",24755,559810,4385,92129,1,48,29,645,29170,34136.29,652632,0
"2021-01-23",15742,575552,3224,95353,0,48,10,655,18976,32176.57,671608,0
"2021-01-24",7180,582732,3448,98801,0,48,18,673,10646,30069.71,682254,0
"2021-01-25",13415,596147,11815,110616,0,48,63,736,25293,29461,707547,0
"2021-01-26",16769,612916,10745,121361,0,48,66,802,27580,27116.71,735127,0
"2021-01-27",20832,633748,12357,133718,0,48,49,851,33238,25519.57,768365,0
"2021-01-28",30764,664512,12845,146563,0,48,80,931,43689,26941.71,812054,0
"2021-01-29",31693,696205,11497,158060,0,48,76,1007,43266,28955.43,855320,0
"2021-01-30",18715,714920,3738,161798,0,48,20,1027,22473,29455,877793,0
"2021-01-31",13025,727945,2915,164713,1,49,30,1057,15971,30215.71,893764,0
"2021-02-01",1178,729123,5368,170081,4,53,35,1092,6585,27543.14,900349,0
"2021-02-02",2827,731950,9467,179548,2,55,50,1142,12346,25366.86,912695,0
"2021-02-03",16351,748301,21235,200783,4,59,201,1343,37791,26017.29,950486,0
"2021-02-04",27043,775344,19648,220431,3,62,198,1541,46892,26474.86,997378,0
"2021-02-05",27602,802946,20023,240454,0,62,181,1722,47806,27123.43,1045184,0
"2021-02-06",22992,825938,11245,251699,0,62,108,1830,34345,28819.43,1079529,0
"2021-02-07",12045,837983,8280,259979,1,63,87,1917,20413,29454,1099942,0
"2021-02-08",16970,854953,23508,283487,2,65,232,2149,40712,34329.29,1140654,0
"2021-02-09",17200,872153,28108,311595,2,67,327,2476,45637,39085.14,1186291,0
"2021-02-10",19596,891749,29303,340898,2,69,258,2734,49159,40709.14,1235450,0
"2021-02-11",27849,919598,33465,374363,2,71,345,3079,61661,42819,1297111,0
"2021-02-12",38412,958010,30788,405151,3,74,347,3426,69550,45925.29,1366661,0
"2021-02-13",28011,986021,25301,430452,2,76,305,3731,53619,48678.71,1420280,0
"2021-02-14",16286,1002307,23725,454177,0,76,257,3988,40268,51515.14,1460548,0
"2021-02-15",12798,1015105,10522,464699,2,78,165,4153,23487,49054.43,1484035,0
"2021-02-16",14241,1029346,26727,491426,0,78,315,4468,41283,48432.43,1525318,0
"2021-02-17",16408,1045754,22171,513597,1,79,286,4754,38866,46962,1564184,0
"2021-02-18",12156,1057910,24988,538585,21,100,278,5032,37443,43502.29,1601627,0
"2021-02-19",13270,1071180,23927,562512,39,139,293,5325,37529,38927.86,1639156,0
"2021-02-20",11352,1082532,26075,588587,6,145,322,5647,37755,36661.57,1676911,0
"2021-02-21",6360,1088892,17425,606012,15,160,281,5928,24081,34349.14,1700992,0
"2021-02-22",13040,1101932,11847,617859,2,162,122,6050,25011,34566.86,1726003,0
"2021-02-23",25244,1127176,14148,632007,1,163,157,6207,39550,34319.29,1765553,0
"2021-02-24",36358,1163534,20357,652364,0,163,215,6422,56930,36899.86,1822483,0
"2021-02-25",54619,1218153,30346,682710,6,169,389,6811,85360,43745.14,1907843,0
"2021-02-26",62882,1281035,31839,714549,4,173,395,7206,95120,51972.43,2002963,0
"2021-02-27",51301,1332336,22735,737284,47,220,328,7534,74411,57209,2077374,0
"2021-02-28",44603,1376939,13790,751074,7,227,201,7735,58601,62140.43,2135975,0
"2021-03-01",39316,1416255,12748,763822,10,237,168,7903,52242,66030.57,2188217,0
"2021-03-02",47082,1463337,12546,776368,7,244,157,8060,59792,68922.29,2248009,0
"2021-03-03",48607,1511944,16125,792493,17,261,148,8208,64897,70060.43,2312906,0
"2021-03-04",59825,1571769,22790,815283,1092,1353,262,8470,83969,69861.71,2396875,0
"2021-03-05",60991,1632760,24249,839532,3109,4462,329,8799,88678,68941.43,2485553,0
"2021-03-06",47180,1679940,18865,858397,5448,9910,233,9032,71726,68557.86,2557279,0
"2021-03-07",36041,1715981,14857,873254,6247,16157,226,9258,57371,68382.14,2614650,0
"2021-03-08",39617,1755598,14662,887916,8566,24723,306,9564,63151,69940.57,2677801,0
"2021-03-09",39102,1794700,12792,900708,7765,32488,181,9745,59840,69947.43,2737641,0
"2021-03-10",51833,1846533,15275,915983,5069,37557,221,9966,72398,71019,2810039,0
"2021-03-11",60003,1906536,21763,937746,4618,42175,249,10215,86633,71399.57,2896672,0
"2021-03-12",52200,1958736,30276,968022,4183,46358,368,10583,87027,71163.71,2983699,0
"2021-03-13",40661,1999397,26670,994692,5109,51467,322,10905,72762,71311.71,3056461,0
"2021-03-14",30722,2030119,15939,1010631,4528,55995,236,11141,51425,70462.29,3107886,0
"2021-03-15",33590,2063709,17220,1027851,4722,60717,234,11375,55766,69407.29,3163652,0
"2021-03-16",38673,2102382,20464,1048315,4925,65642,256,11631,64318,70047,3227970,0
"2021-03-17",42623,2145005,24744,1073059,4247,69889,335,11966,71949,69982.86,3299919,0
"2021-03-18",50473,2195478,26740,1099799,5239,75128,363,12329,82815,69437.43,3382734,0
"2021-03-19",47809,2243287,29893,1129692,5624,80752,386,12715,83712,68963.86,3466446,0
"2021-03-20",38713,2282000,25779,1155471,4690,85442,289,13004,69471,68493.71,3535917,0
"2021-03-21",29307,2311307,19304,1174775,771,86213,216,13220,49598,68232.71,3585515,0
"2021-03-22",33866,2345173,26690,1201465,4038,90251,259,13479,64853,69530.86,3650368,0
"2021-03-23",38443,2383616,32788,1234253,4221,94472,282,13761,75734,71161.71,3726102,0
"2021-03-24",41511,2425127,37539,1271792,4849,99321,320,14081,84219,72914.57,3810321,0
"2021-03-25",43425,2468552,50706,1322498,5053,104374,457,14538,99641,75318.29,3909962,0
"2021-03-26",38514,2507066,55411,1377909,4311,108685,516,15054,98752,77466.86,4008714,0
"2021-03-27",35754,2542820,45660,1423569,2939,111624,405,15459,84758,79650.71,4093472,0
"2021-03-28",26401,2569221,34367,1457936,1481,113105,323,15782,62572,81504.14,4156044,0
"2021-03-29",34837,2604058,38769,1496705,3248,116353,336,16118,77190,83266.57,4233234,0
"2021-03-30",40519,2644577,41880,1538585,3714,120067,319,16437,86432,84794.86,4319666,0
"2021-03-31",49411,2693988,44812,1583397,7441,127508,392,16829,102056,87343,4421722,0
"2021-04-01",50784,2744772,53913,1637310,11273,138781,494,17323,116464,89746.29,4538186,0
"2021-04-02",43766,2788538,53840,1691150,11973,150754,542,17865,110121,91370.43,4648307,0
"2021-04-03",39265,2827803,39174,1730324,9861,160615,334,18199,88634,91924.14,4736941,0
"2021-04-04",26565,2854368,24689,1755013,3901,164516,220,18419,55375,90896,4792316,0
"2021-04-05",41886,2896254,34413,1789426,11195,175711,362,18781,87856,92419.71,4880172,0
"2021-04-06",53284,2949538,35537,1824963,13221,188932,423,19204,102465,94710.14,4982637,0
"2021-04-07",55519,3005057,40664,1865627,14386,203318,387,19591,110956,95981.57,5093593,0
"2021-04-08",59281,3064338,46543,1912170,16336,219654,504,20095,122664,96867.29,5216257,0
"2021-04-09",56653,3120991,44927,1957097,17549,237203,496,20591,119625,98225,5335882,0
"2021-04-10",49364,3170355,35636,1992733,12727,249930,376,20967,98103,99577.71,5433985,0
"2021-04-11",38194,3208549,28810,2021543,7686,257616,285,21252,74975,102377.71,5508960,0
"2021-04-12",46650,3255199,31838,2053381,13495,271111,454,21706,92437,103032.14,5601397,0
"2021-04-13",52562,3307761,33776,2087157,368,271479,384,22090,87090,100835.71,5688487,0
"2021-04-14",50162,3357923,39953,2127110,20,271499,356,22446,90491,97912.14,5778978,0
"2021-04-15",52136,3410059,43667,2170777,16,271515,450,22896,96269,94141.43,5875247,0
"2021-04-16",51194,3461253,42219,2212996,32,271547,406,23302,93851,90459.43,5969098,0
"2021-04-17",43850,3505103,35682,2248678,3,271550,361,23663,79896,87858.43,6048994,0
"2021-04-18",28613,3533716,29372,2278050,7,271557,245,23908,58237,85467.29,6107231,0
"2021-04-19",37486,3571202,36441,2314491,22,271579,307,24215,74256,82870,6181487,0
"2021-04-20",40816,3612018,39630,2354121,19,271598,296,24511,80761,81965.86,6262248,0
"2021-04-21",38912,3650930,45961,2400082,15,271613,479,24990,85367,81233.86,6347615,0
"2021-04-22",38520,3689450,48943,2449025,9,271622,332,25322,87804,80024.57,6435419,0
"2021-04-23",39714,3729164,44369,2493394,4,271626,346,25668,84433,78679.14,6519852,0
"2021-04-24",31966,3761130,41595,2534989,44,271670,274,25942,73879,77819.57,6593731,0
"2021-04-25",18428,3779558,31230,2566219,86,271756,185,26127,49929,76632.71,6643660,0
"2021-04-26",26979,3806537,40724,2606943,1013,272769,283,26410,68999,75881.71,6712659,0
"2021-04-27",28574,3835111,47126,2654069,1696,274465,342,26752,77738,75449.86,6790397,0
"2021-04-28",27056,3862167,56832,2710901,2146,276611,420,27172,86454,75605.14,6876851,0
"2021-04-29",28622,3890789,57178,2768079,2145,278756,361,27533,88306,75676.86,6965157,0
"2021-04-30",30131,3920920,51982,2820061,2056,280812,274,27807,84443,75678.29,7049600,0
"2021-05-01",22485,3943405,44548,2864609,1176,281988,224,28031,68433,74900.29,7118033,0
"2021-05-02",11931,3955336,36652,2901261,1080,283068,132,28163,49795,74881.14,7167828,0
"2021-05-03",18038,3973374,53018,2954279,2383,285451,244,28407,73683,75550.29,7241511,0
"2021-05-04",22750,3996124,56643,3010922,2330,287781,255,28662,81978,76156,7323489,0
"2021-05-05",21480,4017604,48790,3059712,2310,290091,310,28972,72890,74218.29,7396379,0
"2021-05-06",20695,4038299,50172,3109884,2509,292600,261,29233,73637,72122.71,7470016,0
"2021-05-07",21265,4059564,52095,3161979,2813,295413,299,29532,76472,70984,7546488,0
"2021-05-08",16636,4076200,41876,3203855,1835,297248,221,29753,60568,69860.43,7607056,0
"2021-05-09",7977,4084177,29409,3233264,1260,298508,151,29904,38797,68289.29,7645853,0
"2021-05-10",14402,4098579,38539,3271803,2356,300864,220,30124,55517,65694.14,7701370,0
"2021-05-11",19929,4118508,43048,3314851,2514,303378,279,30403,65770,63378.71,7767140,0
"2021-05-12",17815,4136323,40534,3355385,3595,306973,226,30629,62170,61847.29,7829310,0
"2021-05-13",24985,4161308,40429,3395814,3230,310203,255,30884,68899,61170.43,7898209,0
"2021-05-14",27035,4188343,42905,3438719,3536,313739,278,31162,73754,60782.14,7971963,0
"2021-05-15",23662,4212005,34916,3473635,3366,317105,244,31406,62188,61013.57,8034151,0
"2021-05-16",15546,4227551,19433,3493068,2497,319602,124,31530,37600,60842.57,8071751,0
"2021-05-17",22680,4250231,29142,3522210,3257,322859,173,31703,55252,60804.71,8127003,0
"2021-05-18",24645,4274876,31900,3554110,3404,326263,234,31937,60183,60006.57,8187186,0
"2021-05-19",24210,4299086,29709,3583819,3039,329302,218,32155,57176,59293.14,8244362,0
"2021-05-20",24166,4323252,30084,3613903,3160,332462,264,32419,57674,57689.57,8302036,0
"2021-05-21",24695,4347947,32000,3645903,3059,335521,242,32661,59996,55724.14,8362032,0
"2021-05-22",20032,4367979,24355,3670258,2525,338046,155,32816,47067,53564,8409099,0
"2021-05-23",11239,4379218,13725,3683983,1411,339457,97,32913,26472,51974.29,8435571,0
"2021-05-24",18887,4398105,23146,3707129,2757,342214,216,33129,45006,50510.57,8480577,0
"2021-05-25",19445,4417550,23373,3730502,2601,344815,174,33303,45593,48426.29,8526170,0
"2021-05-26",18790,4436340,21078,3751580,2695,347510,201,33504,42764,46367.43,8568934,0
"2021-05-27",18479,4454819,21265,3772845,2530,350040,191,33695,42465,44194.71,8611399,0
"2021-05-28",17876,4472695,22888,3795733,2752,352792,183,33878,43699,41866.57,8655098,0
"2021-05-29",12715,4485410,17804,3813537,1755,354547,102,33980,32376,39767.86,8687474,0
"2021-05-30",7033,4492443,8949,3822486,1074,355621,44,34024,17100,38429,8704574,0
"2021-05-31",4741,4497184,6926,3829412,1011,356632,63,34087,12741,33819.71,8717315,0
"2021-06-01",16049,4513233,25197,3854609,2174,358806,149,34236,43569,33530.57,8760884,0
"2021-06-02",15358,4528591,20384,3874993,2092,360898,139,34375,37973,32846.14,8798857,0
"2021-06-03",15011,4543602,23816,3898809,2280,363178,121,34496,41228,32669.43,8840085,0
"2021-06-04",14735,4558337,25980,3924789,2492,365670,142,34638,43349,32619.43,8883434,0
"2021-06-05",10998,4569335,22081,3946870,1806,367476,111,34749,34996,32993.71,8918430,0
"2021-06-06",6451,4575786,14467,3961337,1222,368698,81,34830,22221,33725.29,8940651,0
"2021-06-07",11718,4587504,21781,3983118,2379,371077,139,34969,36017,37050.43,8976668,0
"2021-06-08",12660,4600164,24014,4007132,2072,373149,116,35085,38862,36378,9015530,0
"2021-06-09",11155,4611319,23021,4030153,2298,375447,130,35215,36604,36182.43,9052134,0
"2021-06-10",12078,4623397,22227,4052380,2462,377909,137,35352,36904,35564.71,9089038,0
"2021-06-11",12714,4636111,25110,4077490,2482,380391,151,35503,40457,35151.57,9129495,0
"2021-06-12",10170,4646281,19303,4096793,1888,382279,93,35596,31454,34645.57,9160949,0
"2021-06-13",4259,4650540,10935,4107728,1220,383499,41,35637,16455,33821.86,9177404,0
"2021-06-14",10219,4660759,19237,4126965,2042,385541,124,35761,31622,33194,9209026,0
"2021-06-15",11894,4672653,21007,4147972,1943,387484,123,35884,34967,32637.57,9243993,0
"2021-06-16",11593,4684246,19402,4167374,1958,389442,138,36022,33091,32135.71,9277084,0
"2021-06-17",11028,4695274,18756,4186130,1970,391412,117,36139,31871,31416.71,9308955,0
"2021-06-18",12171,4707445,18496,4204626,2115,393527,113,36252,32895,30336.43,9341850,0
"2021-06-19",8505,4715950,13520,4218146,1460,394987,79,36331,23564,29209.29,9365414,0
"2021-06-20",4336,4720286,7162,4225308,924,395911,36,36367,12458,28638.29,9377872,0
"2021-06-21",10166,4730452,10003,4235311,1806,397717,67,36434,22042,27269.71,9399914,0
"2021-06-22",9842,4740294,15639,4250950,1590,399307,102,36536,27173,26156.29,9427087,0
"2021-06-23",10321,4750615,15182,4266132,1861,401168,102,36638,27466,25352.71,9454553,0
"2021-06-24",9694,4760309,14694,4280826,1798,402966,116,36754,26302,24557.14,9480855,0
"2021-06-25",10594,4770903,14383,4295209,1718,404684,109,36863,26804,23687,9507659,0
"2021-06-26",7811,4778714,10459,4305668,1246,405930,74,36937,19590,23119.29,9527249,0
"2021-06-27",5004,4783718,5998,4311666,796,406726,32,36969,11830,23029.57,9539079,0
"2021-06-28",9036,4792754,10343,4322009,1524,408250,104,37073,21007,22881.71,9560086,0
"2021-06-29",9752,4802506,12311,4334320,1348,409598,123,37196,23534,22361.86,9583620,0
"2021-06-30",9430,4811936,10928,4345248,1480,411078,145,37341,21983,21578.57,9605603,0
"2021-07-01",9401,4821337,10925,4356173,1431,412509,124,37465,21881,20947,9627484,0
"2021-07-02",9695,4831032,11436,4367609,1541,414050,122,37587,22794,20374.14,9650278,0
"2021-07-03",7062,4838094,8420,4376029,1193,415243,75,37662,16750,19968.43,9667028,0
"2021-07-04",1289,4839383,1335,4377364,567,415810,8,37670,3199,18735.43,9670227,0
"2021-07-05",6495,4845878,7101,4384465,1208,417018,66,37736,14870,17858.71,9685097,0
"2021-07-06",9519,4855397,12847,4397312,1317,418335,113,37849,23796,17896.14,9708893,0
"2021-07-07",8677,4864074,11107,4408419,1419,419754,119,37968,21322,17801.71,9730215,0
"2021-07-08",8211,4872285,10194,4418613,1260,421014,107,38075,19772,17500.43,9749987,0
"2021-07-09",8381,4880666,10827,4429440,1279,422293,87,38162,20574,17183.29,9770561,0
"2021-07-10",7112,4887778,8623,4438063,1133,423426,65,38227,16933,17209.43,9787494,0
"2021-07-11",4105,4891883,4539,4442602,703,424129,35,38262,9382,18092.71,9796876,0
"2021-07-12",8454,4900337,9552,4452154,1250,425379,79,38341,19335,18730.57,9816211,0
"2021-07-13",9471,4909808,9382,4461536,951,426330,103,38444,19907,18175,9836118,0
"2021-07-14",9007,4918815,9525,4471061,1009,427339,103,38547,19644,17935.29,9855762,0
"2021-07-15",8796,4927611,9149,4480210,1052,428391,80,38627,19077,17836,9874839,0
"2021-07-16",9245,4936856,9762,4489972,978,429369,101,38728,20086,17766.29,9894925,0
"2021-07-17",6848,4943704,7384,4497356,802,430171,78,38806,15112,17506.14,9910037,0
"2021-07-18",4260,4947964,4284,4501640,569,430740,34,38840,9147,17472.57,9919184,0
"2021-07-19",9129,4957093,8470,4510110,999,431739,87,38927,18685,17379.71,9937869,0
"2021-07-20",10656,4967749,8753,4518863,991,432730,91,39018,20491,17463.14,9958360,0
"2021-07-21",10055,4977804,8763,4527626,903,433633,141,39159,19862,17494.29,9978222,0
"2021-07-22",10687,4988491,8580,4536206,1044,434677,142,39301,20453,17690.86,9998675,0
"2021-07-23",11260,4999751,8878,4545084,1114,435791,135,39436,21387,17876.71,10020062,0
"2021-07-24",7407,5007158,6734,4551818,670,436461,82,39518,14893,17845.43,10034955,0
"2021-07-25",5481,5012639,2122,4553940,509,436970,59,39577,8171,17706,10043126,0
"2021-07-26",10880,5023519,6999,4560939,859,437829,109,39686,18847,17729.14,10061973,0
"2021-07-27",12059,5035578,8565,4569504,857,438686,131,39817,21612,17889.29,10083585,0
"2021-07-28",11999,5047577,8047,4577551,950,439636,130,39947,21126,18069.86,10104711,0
"2021-07-29",10940,5058517,7427,4584978,983,440619,129,40076,19479,17930.71,10124190,0
"2021-07-30",14957,5073474,8005,4592983,1149,441768,180,40256,24291,18345.57,10148481,0
"2021-07-31",9736,5083210,6310,4599293,816,442584,116,40372,16978,18643.43,10165459,0
"2021-08-01",6506,5089716,3308,4602601,564,443148,79,40451,10457,18970,10175916,0
"2021-08-02",13454,5103170,7154,4609755,848,443996,143,40594,21599,19363.14,10197515,0
"2021-08-03",15424,5118594,8381,4618136,1107,445103,145,40739,25057,19855.29,10222572,0
"2021-08-04",17265,5135859,8122,4626258,1454,446557,177,40916,27018,20697,10249590,0
"2021-08-05",17869,5153728,7921,4634179,1365,447922,161,41077,27316,21816.57,10276906,0
"2021-08-06",18185,5171913,8409,4642588,1233,449155,164,41241,27991,22345.14,10304897,0
"2021-08-07",13390,5185303,6014,4648602,799,449954,97,41338,20300,22819.71,10325197,0
"2021-08-08",9312,5194615,3833,4652435,399,450353,79,41417,13623,23272,10338820,0
"2021-08-09",21339,5215954,8529,4660964,963,451316,169,41586,31000,24615,10369820,0
"2021-08-10",18927,5234881,9328,4670292,950,452266,168,41754,29373,25231.57,10399193,0
"2021-08-11",15655,5250536,8306,4678598,852,453118,125,41879,24938,24934.43,10424131,0
"2021-08-12",15055,5265591,8976,4687574,938,454056,167,42046,25136,24623,10449267,0
"2021-08-13",14930,5280521,9286,4696860,921,454977,236,42282,25373,24249,10474640,0
"2021-08-14",10416,5290937,6407,4703267,626,455603,523,42805,17972,23916.43,10492612,0
"2021-08-15",6697,5297634,4474,4707741,677,456280,567,43372,12415,23743.86,10505027,0
"2021-08-16",15726,5313360,9288,4717029,1149,457429,1315,44687,27478,23240.71,10532505,0
"2021-08-17",17784,5331144,10438,4727467,1221,458650,1752,46439,31195,23501,10563700,0
"2021-08-18",17519,5348663,10355,4737822,1260,459910,1977,48416,31111,24382.86,10594811,0
"2021-08-19",16313,5364976,9519,4747341,1316,461226,1942,50358,29090,24947.71,10623901,0
"2021-08-20",16295,5381271,11533,4758874,1254,462480,1846,52204,30928,25741.29,10654829,0
"2021-08-21",11160,5392431,8041,4766915,877,463357,1047,53251,21125,26191.71,10675954,0
"2021-08-22",4086,5396517,3904,4770819,262,463619,511,53762,8763,25670,10684717,0
"2021-08-23",15584,5412101,11795,4782614,1023,464642,1540,55302,29942,26022,10714659,0
"2021-08-24",16922,5429023,12593,4795207,1006,465648,1767,57069,32288,26178.14,10746947,0
"2021-08-25",14588,5443611,12434,4807641,1111,466759,1561,58630,29694,25975.71,10776641,0
"2021-08-26",16173,5459784,14082,4821723,1072,467831,1757,60387,33084,26546.29,10809725,0
"2021-08-27",14892,5474676,14818,4836541,972,468803,1649,62036,32331,26746.71,10842056,0
"2021-08-28",10690,5485366,11511,4848052,836,469639,1009,63045,24046,27164,10866102,0
"2021-08-29",7220,5492586,7494,4855546,541,470180,769,63814,16024,28201.29,10882126,0
"2021-08-30",15532,5508118,16918,4872464,1077,471257,1781,65595,35308,28967.86,10917434,0
"2021-08-31",15530,5523648,15942,4888406,952,472209,1954,67549,34378,29266.43,10951812,0
"2021-09-01",14839,5538487,14099,4902505,1021,473230,1787,69336,31746,29559.57,10983558,0
"2021-09-02",14349,5552836,12516,4915021,896,474126,1686,71022,29447,29040,11013005,0
"2021-09-03",15016,5567852,14298,4929319,974,475100,1887,72909,32175,29017.71,11045180,0
"2021-09-04",9655,5577507,9405,4938724,688,475788,957,73866,20705,28540.43,11065885,0
"2021-09-05",6808,5584315,5512,4944236,438,476226,701,74567,13459,28174,11079344,0
"2021-09-06",5203,5589518,4507,4948743,358,476584,267,74834,10335,24606.43,11089679,0
"2021-09-07",15585,5605103,17687,4966430,913,477497,1529,76363,35714,24797.29,11125393,0
"2021-09-08",16181,5621284,14823,4981253,1073,478570,1748,78111,33825,25094.29,11159218,0
"2021-09-09",16127,5637411,14742,4995995,1048,479618,1896,80007,33813,25718,11193031,0
"2021-09-10",18376,5655787,15390,5011385,1209,480827,1959,81966,36934,26397.86,11229965,0
"2021-09-11",12647,5668434,10343,5021728,958,481785,1015,82981,24963,27006.14,11254928,0
"2021-09-12",8544,5676978,5047,5026775,766,482551,683,83664,15040,27232,11269968,0
"2021-09-13",16944,5693922,12946,5039721,974,483525,1634,85298,32498,30398.14,11302466,0
"2021-09-14",16284,5710206,13667,5053388,886,484411,1585,86883,32422,29927.86,11334888,0
"2021-09-15",15561,5725767,12863,5066251,728,485139,1562,88445,30714,29483.43,11365602,0
"2021-09-16",15355,5741122,13905,5080156,1212,486351,1436,89881,31908,29211.29,11397510,0
"2021-09-17",14438,5755560,13962,5094118,922,487273,1816,91697,31138,28383.29,11428648,0
"2021-09-18",10013,5765573,10168,5104286,913,488186,1043,92740,22137,27979.57,11450785,0
"2021-09-19",6184,5771757,6067,5110353,557,488743,742,93482,13550,27766.71,11464335,0
"2021-09-20",12693,5784450,12627,5122980,1069,489812,1904,95386,28293,27166,11492628,0
"2021-09-21",12250,5796700,12767,5135747,1111,490923,2004,97390,28132,26553.14,11520760,0
"2021-09-22",12850,5809550,11985,5147732,1091,492014,1653,99043,27579,26105.29,11548339,0
"2021-09-23",14964,5824514,12748,5160480,1639,493653,2234,101277,31585,26059.14,11579924,0
"2021-09-24",16470,5840984,13356,5173836,1632,495285,4561,105838,36019,26756.43,11615943,0
"2021-09-25",10558,5851542,9020,5182856,1018,496303,3396,109234,23992,27021.43,11639935,0
"2021-09-26",6323,5857865,5755,5188611,773,497076,2384,111618,15235,27262.14,11655170,0
"2021-09-27",14188,5872053,8046,5196657,1155,498231,8895,120513,32284,27832.29,11687454,0
"2021-09-28",11174,5883227,11769,5208426,901,499132,9720,130233,33564,28608.29,11721018,0
"2021-09-29",11631,5894858,12183,5220609,1205,500337,9284,139517,34303,29568.86,11755321,0
"2021-09-30",12262,5907120,12589,5233198,1338,501675,9597,149114,35786,30169,11791107,0
"2021-10-01",12674,5919794,13421,5246619,1284,502959,10155,159269,37534,30385.43,11828641,0
"2021-10-02",7744,5927538,9974,5256593,864,503823,4173,163442,22755,30208.71,11851396,0
"2021-10-03",5084,5932622,6158,5262751,594,504417,2578,166020,14414,30091.43,11865810,0
"2021-10-04",9932,5942554,11030,5273781,913,505330,9410,175430,31285,29948.71,11897095,0
"2021-10-05",10192,5952746,11747,5285528,972,506302,9844,185274,32755,29833.14,11929850,0
"2021-10-06",9938,5962684,11052,5296580,937,507239,9843,195117,31770,29471.29,11961620,0
"2021-10-07",9692,5972376,12183,5308763,852,508091,10102,205219,32829,29048.86,11994449,0
"2021-10-08",9495,5981871,12164,5320927,943,509034,10802,216021,33404,28458.86,12027853,0
"2021-10-09",6282,5988153,8276,5329203,649,509683,4054,220075,19261,27959.71,12047114,0
"2021-10-10",3550,5991703,5021,5334224,458,510141,2400,222475,11429,27533.29,12058543,0
"2021-10-11",7644,5999347,9330,5343554,728,510869,8837,231312,26539,26855.29,12085082,0
"2021-10-12",8096,6007443,11001,5354555,890,511759,10408,241720,30395,26518.14,12115477,0
"2021-10-13",7190,6014633,10143,5364698,869,512628,8668,250388,26870,25818.14,12142347,0
"2021-10-14",7467,6022100,11107,5375805,836,513464,9986,260374,29396,25327.71,12171743,0
"2021-10-15",7753,6029853,11866,5387671,823,514287,10673,271047,31115,25000.71,12202858,0
"2021-10-16",4876,6034729,7462,5395133,666,514953,3778,274825,16782,24646.57,12219640,0
"2021-10-17",3064,6037793,4475,5399608,411,515364,2412,277237,10362,24494.14,12230002,0
"2021-10-18",7089,6044882,10658,5410266,797,516161,9327,286564,27871,24684.43,12257873,0
"2021-10-19",6601,6051483,8942,5419208,806,516967,8964,295528,25313,23958.43,12283186,0
"2021-10-20",6571,6058054,9372,5428580,975,517942,9867,305395,26785,23946.29,12309971,0
"2021-10-21",7065,6065119,9378,5437958,859,518801,10723,316118,28025,23750.43,12337996,0
"2021-10-22",8174,6073293,10348,5448306,1026,519827,16251,332369,35799,24419.57,12373795,0
"2021-10-23",5205,6078498,6459,5454765,690,520517,9070,341439,21424,25082.71,12395219,0
"2021-10-24",3288,6081786,3968,5458733,770,521287,6130,347569,14156,25624.71,12409375,0
"2021-10-25",8834,6090620,8751,5467484,1148,522435,19174,366743,37907,27058.43,12447282,0
"2021-10-26",8254,6098874,7726,5475210,1259,523694,17217,383960,34456,28364.57,12481738,0
"2021-10-27",10632,6109506,8397,5483607,1604,525298,20756,404716,41389,30450.86,12523127,0
"2021-10-28",11382,6120888,8040,5491647,1794,527092,20740,425456,41956,32441,12565083,0
"2021-10-29",11903,6132791,8246,5499893,1964,529056,22436,447892,44549,33691,12609632,0
"2021-10-30",4658,6137449,5051,5504944,934,529990,11118,459010,21761,33739.14,12631393,0
"2021-10-31",2678,6140127,2703,5507647,545,530535,6597,465607,12523,33505.86,12643916,0
"2021-11-01",7201,6147328,6952,5514599,1090,531625,20285,485892,35528,33166,12679444,0
"2021-11-02",6643,6153971,6584,5521183,1053,532678,20658,506550,34938,33234.86,12714382,0
"2021-11-03",6912,6160883,6677,5527860,1028,533706,20522,527072,35139,32342,12749521,0
"2021-11-04",9360,6170243,6275,5534135,996,534702,22251,549323,38882,31902.86,12788403,0
"2021-11-05",11129,6181372,6723,5540858,1052,535754,23679,573002,42583,31622,12830986,0
"2021-11-06",11147,6192519,4052,5544910,593,536347,12559,585561,28351,32563.43,12859337,0
"2021-11-07",7284,6199803,2283,5547193,576,536923,7073,592634,17216,33233.86,12876553,0
"2021-11-08",15116,6214919,5678,5552871,867,537790,19422,612056,41083,34027.43,12917636,0
"2021-11-09",16215,6231134,5379,5558250,661,538451,20452,632508,42707,35137.29,12960343,0
"2021-11-10",17011,6248145,5330,5563580,684,539135,22539,655047,45564,36626.57,13005907,0
"2021-11-11",12637,6260782,5194,5568774,760,539895,21978,677025,40569,36867.57,13046476,0
"2021-11-12",16958,6277740,5682,5574456,709,540604,23325,700350,46674,37452,13093150,0
"2021-11-13",9976,6287716,3665,5578121,465,541069,13284,713634,27390,37314.71,13120540,0
"2021-11-14",6043,6293759,2294,5580415,325,541394,7903,721537,16565,37221.71,13137105,0
"2021-11-15",13303,6307062,5972,5586387,690,542084,25002,746539,44967,37776.57,13182072,0
"2021-11-16",10037,6317099,5795,5592182,655,542739,30545,777084,47032,38394.43,13229104,0
"2021-11-17",10391,6327490,6675,5598857,682,543421,31267,808351,49015,38887.43,13278119,0
"2021-11-18",10799,6338289,6547,5605404,861,544282,32901,841252,51108,40393,13329227,0
"2021-11-19",12105,6350394,6552,5611956,717,544999,36140,877392,55514,41655.86,13384741,0
"2021-11-20",9385,6359779,3421,5615377,514,545513,22424,899816,35744,42849.29,13420485,0
"2021-11-21",5007,6364786,1893,5617270,288,545801,13151,912967,20339,43388.43,13440824,0
"2021-11-22",10545,6375331,5790,5623060,753,546554,35741,948708,52829,44511.57,13493653,0
"2021-11-23",9886,6385217,4781,5627841,635,547189,33374,982082,48676,44746.43,13542329,0
"2021-11-24",8779,6393996,4761,5632602,651,547840,25837,1007919,40028,43462.57,13582357,0
"2021-11-25",452,6394448,324,5632926,80,547920,997,1008916,1853,36426.14,13584210,0
"2021-11-26",8121,6402569,6989,5639915,528,548448,26506,1035422,42144,34516.14,13626354,0
"2021-11-27",6728,6409297,6810,5646725,373,548821,18750,1054172,32661,34075.71,13659015,0
"2021-11-28",4116,6413413,5781,5652506,282,549103,11821,1065993,22000,34313,13681015,0
"2021-11-29",9191,6422604,10982,5663488,688,549791,34860,1100853,55721,34726.14,13736736,0
"2021-11-30",10603,6433207,11419,5674907,512,550303,37617,1138470,60151,36365.43,13796887,0
"2021-12-01",11315,6444522,10960,5685867,723,551026,40187,1178657,63185,39673.57,13860072,0
"2021-12-02",11754,6456276,11016,5696883,626,551652,41966,1220623,65362,48746.29,13925434,0
"2021-12-03",13625,6469901,12853,5709736,676,552328,47761,1268384,74915,53427.86,14000349,0
"2021-12-04",9920,6479821,11234,5720970,567,552895,30560,1298944,52281,56230.71,14052630,0
"2021-12-05",5797,6485618,5705,5726675,270,553165,16612,1315556,28384,57142.71,14081014,0
"2021-12-06",12469,6498087,9940,5736615,603,553768,43091,1358647,66103,58625.86,14147117,0
"2021-12-07",12703,6510790,9212,5745827,625,554393,42901,1401548,65441,59381.57,14212558,0
"2021-12-08",13678,6524468,8746,5754573,556,554949,40623,1442171,63603,59441.29,14276161,0
"2021-12-09",13617,6538085,8751,5763324,558,555507,40677,1482848,63603,59190,14339764,0
"2021-12-10",14168,6552253,10107,5773431,668,556175,43473,1526321,68416,58261.57,14408180,0
"2021-12-11",10331,6562584,8053,5781484,405,556580,26639,1552960,45428,57282.57,14453608,0
"2021-12-12",6070,6568654,3856,5785340,288,556868,15114,1568074,25328,56846,14478936,0
"2021-12-13",12348,6581002,7413,5792753,657,557525,37753,1605827,58171,55712.86,14537107,0
"2021-12-14",12327,6593329,6942,5799695,734,558259,38039,1643866,58042,54655.86,14595149,0
"2021-12-15",12258,6605587,6239,5805934,755,559014,37966,1681832,57218,53743.71,14652367,0
"2021-12-16",13244,6618831,4249,5810183,734,559748,40863,1722695,59090,53099,14711457,0
"2021-12-17",16133,6634964,6922,5817105,620,560368,46531,1769226,70206,53354.71,14781663,0
"2021-12-18",13091,6648055,5716,5822821,432,560800,30480,1799706,49719,53967.71,14831382,0
"2021-12-19",7073,6655128,2985,5825806,327,561127,17936,1817642,28321,54395.29,14859703,0
"2021-12-20",17014,6672142,5867,5831673,746,561873,47254,1864896,70881,56211,14930584,0
"2021-12-21",18075,6690217,6552,5838225,808,562681,48715,1913611,74150,58512.14,15004734,0
"2021-12-22",18667,6708884,6550,5844775,938,563619,49449,1963060,75604,61138.71,15080338,0
"2021-12-23",19122,6728006,6471,5851246,929,564548,45680,2008740,72202,63011.86,15152540,0
"2021-12-24",9263,6737269,2953,5854199,598,565146,20554,2029294,33368,57749.29,15185908,0
"2021-12-25",343,6737612,65,5854264,31,565177,422,2029716,861,50769.57,15186769,0
"2021-12-26",8001,6745613,3925,5858189,341,565518,17243,2046959,29510,50939.43,15216279,0
"2021-12-27",21889,6767502,9199,5867388,933,566451,43317,2090276,75338,51576.14,15291617,0
"2021-12-28",20237,6787739,8315,5875703,698,567149,47450,2137726,76700,51940.43,15368317,0
"2021-12-29",18554,6806293,7651,5883354,607,567756,45400,2183126,72212,51455.86,15440529,0
"2021-12-30",16932,6823225,7406,5890760,579,568335,44706,2227832,69623,51087.43,15510152,0
"2021-12-31",5373,6828598,2792,5893552,193,568528,14703,2242535,23061,49615,15533213,0
"2022-01-01",237,6828835,145,5893697,11,568539,498,2243033,891,49619.29,15534104,0
"2022-01-02",6457,6835292,5008,5898705,153,568692,10965,2253998,22583,48629.71,15556687,0
"2022-01-03",14215,6849507,8472,5907177,515,569207,26797,2280795,49999,45009.86,15606686,0
"2022-01-04",13159,6862666,8055,5915232,412,569619,26905,2307700,48531,40985.71,15655217,0
"2022-01-05",11686,6874352,6951,5922183,385,570004,25656,2333356,44678,37052.29,15699895,0
"2022-01-06",11618,6885970,7348,5929531,480,570484,27361,2360717,46807,33792.86,15746702,0
"2022-01-07",10522,6896492,8412,5937943,336,570820,24876,2385593,44146,36805,15790848,0
"2022-01-08",7981,6904473,8528,5946471,310,571130,19345,2404938,36164,41844,15827012,0
"2022-01-09",4161,6908634,3842,5950313,214,571344,10036,2414974,18253,41225.43,15845265,0
"2022-01-10",10224,6918858,8173,5958486,489,571833,24514,2439488,43400,40282.71,15888665,0
"2022-01-11",8964,6927822,7966,5966452,520,572353,20930,2460418,38380,38832.57,15927045,0
"2022-01-12",9013,6936835,8302,5974754,429,572782,22236,2482654,39980,38161.43,15967025,0
"2022-01-13",9112,6945947,8826,5983580,449,573231,22726,2505380,41113,37348,16008138,0
"2022-01-14",10131,6956078,8063,5991643,474,573705,26160,2531540,44828,37445.43,16052966,0
"2022-01-15",6205,6962283,4259,5995902,178,573883,14923,2546463,25565,35931.29,16078531,0
"2022-01-16",2938,6965221,3252,5999154,93,573976,7800,2554263,14083,35335.57,16092614,0
"2022-01-17",6115,6971336,6748,6005902,363,574339,14607,2568870,27833,33111.71,16120447,0
"2022-01-18",8145,6979481,10146,6016048,397,574736,19328,2588198,38016,33059.71,16158463,0
"2022-01-19",7551,6987032,9224,6025272,305,575041,17617,2605815,34697,32305,16193160,0
"2022-01-20",6351,6993383,8557,6033829,303,575344,15138,2620953,30349,30767.29,16223509,0
"2022-01-21",7659,7001042,7483,6041312,277,575621,18377,2639330,33796,29191.29,16257305,0
"2022-01-22",5221,7006263,4921,6046233,131,575752,11270,2650600,21543,28616.71,16278848,0
"2022-01-23",2828,7009091,3325,6049558,97,575849,6209,2656809,12459,28384.71,16291307,0
"2022-01-24",6425,7015516,8184,6057742,261,576110,14990,2671799,29860,28674.29,16321167,0
"2022-01-25",6226,7021742,7919,6065661,232,576342,14631,2686430,29008,27387.43,16350175,0
"2022-01-26",5798,7027540,7145,6072806,291,576633,13953,2700383,27187,26314.57,16377362,0
"2022-01-27",5283,7032823,7070,6079876,320,576953,14025,2714408,26698,25793,16404060,0
"2022-01-28",6318,7039141,7847,6087723,205,577158,16057,2730465,30427,25311.71,16434487,0
"2022-01-29",848,7039989,724,6088447,28,577186,2522,2732987,4122,22823,16438609,0
"2022-01-30",2107,7042096,3016,6091463,103,577289,4526,2737513,9752,22436.29,16448361,0
"2022-01-31",5042,7047138,6583,6098046,218,577507,11307,2748820,23150,21477.71,16471511,0
"2022-02-01",4860,7051998,6430,6104476,219,577726,10655,2759475,22164,20500,16493675,0
"2022-02-02",4279,7056277,5919,6110395,214,577940,11175,2770650,21587,19700,16515262,0
"2022-02-03",4246,7060523,5787,6116182,217,578157,11162,2781812,21412,18944.86,16536674,0
"2022-02-04",4801,7065324,7087,6123269,214,578371,13148,2794960,25250,18205.29,16561924,0
"2022-02-05",3605,7068929,6034,6129303,110,578481,8548,2803508,18297,20230.29,16580221,0
"2022-02-06",2073,7071002,2131,6131434,121,578602,4622,2808130,8947,20115.29,16589168,0
"2022-02-07",4176,7075178,4718,6136152,205,578807,10103,2818233,19202,19551.29,16608370,0
"2022-02-08",4250,7079428,5590,6141742,213,579020,11256,2829489,21309,19429.14,16629679,0
"2022-02-09",4153,7083581,5381,6147123,222,579242,11607,2841096,21363,19397.14,16651042,0
"2022-02-10",4005,7087586,5097,6152220,243,579485,12105,2853201,21450,19402.57,16672492,0
"2022-02-11",4544,7092130,5796,6158016,194,579679,13678,2866879,24212,19254.29,16696704,0
"2022-02-12",3274,7095404,4328,6162344,96,579775,8771,2875650,16469,18993.14,16713173,0
"2022-02-13",1527,7096931,1542,6163886,41,579816,4873,2880523,7983,18855.43,16721156,0
"2022-02-14",3002,7099933,3614,6167500,165,579981,10530,2891053,17311,18585.29,16738467,0
"2022-02-15",3587,7103520,4055,6171555,177,580158,12718,2903771,20537,18475,16759004,0
"2022-02-16",3695,7107215,3887,6175442,195,580353,15626,2919397,23403,18766.43,16782407,0
"2022-02-17",4052,7111267,4077,6179519,160,580513,18148,2937545,26437,19478.86,16808844,0
"2022-02-18",4500,7115767,4773,6184292,188,580701,21488,2959033,30949,20441.29,16839793,0
"2022-02-19",3270,7119037,2177,6186469,65,580766,11134,2970167,16646,20466.57,16856439,0
"2022-02-20",1868,7120905,1444,6187913,59,580825,6564,2976731,9935,20745.43,16866374,0
"2022-02-21",3120,7124025,2683,6190596,95,580920,8311,2985042,14209,20302.29,16880583,0
"2022-02-22",4418,7128443,4238,6194834,174,581094,10782,2995824,19612,20170.14,16900195,0
"2022-02-23",4291,7132734,3772,6198606,144,581238,10620,3006444,18827,19516.43,16919022,0
"2022-02-24",3773,7136507,3647,6202253,105,581343,10145,3016589,17670,18264,16936692,0
"2022-02-25",3633,7140140,3601,6205854,135,581478,9942,3026531,17311,16315.71,16954003,0
"2022-02-26",2856,7142996,2572,6208426,74,581552,9488,3036019,14990,16079.14,16968993,0
"2022-02-27",1781,7144777,1367,6209793,52,581604,6264,3042283,9464,16011.86,16978457,0
"2022-02-28",3825,7148602,3114,6212907,140,581744,13081,3055364,20160,16862,16998617,0
"2022-03-01",2125,7150727,2604,6215511,102,581846,5145,3060509,9976,15485.43,17008593,0
"2022-03-02",1832,7152559,2413,6217924,105,581951,4099,3064608,8449,14002.86,17017042,0
"2022-03-03",1936,7154495,2544,6220468,106,582057,3775,3068383,8361,12673,17025403,0
"2022-03-04",2099,7156594,2852,6223320,67,582124,4303,3072686,9321,11531.57,17034724,0
"2022-03-05",1610,7158204,2112,6225432,43,582167,3294,3075980,7059,10398.57,17041783,0
"2022-03-06",801,7159005,877,6226309,30,582197,1616,3077596,3324,9521.43,17045107,0
"2022-03-07",1668,7160673,1772,6228081,85,582282,3467,3081063,6992,7640.29,17052099,0
"2022-03-08",1542,7162215,1892,6229973,77,582359,3106,3084169,6617,7160.43,17058716,0
"2022-03-09",1259,7163474,1660,6231633,77,582436,2563,3086732,5559,6747.57,17064275,0
"2022-03-10",1427,7164901,2082,6233715,85,582521,2931,3089663,6525,6485.29,17070800,0
"2022-03-11",1599,7166500,2258,6235973,80,582601,3178,3092841,7115,6170.14,17077915,0
"2022-03-12",879,7167379,1408,6237381,39,582640,1994,3094835,4320,5778.86,17082235,0
"2022-03-13",625,7168004,754,6238135,26,582666,1289,3096124,2694,5688.86,17084929,0
"2022-03-14",1383,7169387,1584,6239719,83,582749,2966,3099090,6016,5549.43,17090945,0
"2022-03-15",1342,7170729,1913,6241632,62,582811,3058,3102148,6375,5514.86,17097320,0
"2022-03-16",1394,7172123,2042,6243674,94,582905,3114,3105262,6644,5669.86,17103964,0
"2022-03-17",1171,7173294,1798,6245472,69,582974,2728,3107990,5766,5561.43,17109730,0
"2022-03-18",1573,7174867,2147,6247619,80,583054,3734,3111724,7534,5621.29,17117264,0
"2022-03-19",1109,7175976,1714,6249333,53,583107,2581,3114305,5457,5783.71,17122721,0
"2022-03-20",613,7176589,629,6249962,32,583139,1459,3115764,2733,5789.29,17125454,0
"2022-03-21",1419,7178008,1532,6251494,72,583211,3013,3118777,6036,5792.14,17131490,0
"2022-03-22",1328,7179336,1533,6253027,101,583312,2862,3121639,5824,5713.43,17137314,0
"2022-03-23",1257,7180593,1331,6254358,66,583378,2883,3124522,5537,5555.29,17142851,0
"2022-03-24",1196,7181789,1277,6255635,73,583451,2479,3127001,5025,5449.43,17147876,0
"2022-03-25",1378,7183167,1592,6257227,61,583512,3225,3130226,6256,5266.86,17154132,0
"2022-03-26",923,7184090,1144,6258371,38,583550,2271,3132497,4376,5112.43,17158508,0
"2022-03-27",573,7184663,526,6258897,24,583574,1307,3133804,2430,5069.14,17160938,0
"2022-03-28",1078,7185741,1130,6260027,59,583633,2411,3136215,4678,4875.14,17165616,0
"2022-03-29",1038,7186779,1091,6261118,73,583706,2477,3138692,4679,4711.57,17170295,0
"2022-03-30",1235,7188014,1115,6262233,89,583795,3008,3141700,5447,4698.71,17175742,0
"2022-03-31",1220,7189234,1215,6263448,52,583847,3085,3144785,5572,4776.86,17181314,120000
"2022-04-01",1364,7190598,1438,6264886,65,583912,3168,3147953,6035,4745.29,17187349,120000
"2022-04-02",875,7191473,894,6265780,30,583942,2067,3150020,3866,4672.43,17191215,120000
"2022-04-03",542,7192015,487,6266267,27,583969,1198,3151218,2254,4647.29,17193469,120000
"2022-04-04",1294,7193309,1256,6267523,52,584021,2631,3153849,5233,4726.57,17198702,120000
"2022-04-05",1244,7194553,1074,6268597,61,584082,2666,3156515,5045,4778.86,17203747,120000
"2022-04-06",362,7194915,371,6268968,16,584098,803,3157318,1552,4222.43,17205299,120000
