"DATE","ADMIN_DOSE1_DAILY","ADMIN_DOSE1_CUMULATIVE","ADMIN_DOSE2_DAILY","ADMIN_DOSE2_CUMULATIVE","ADMIN_SINGLE_DAILY","ADMIN_SINGLE_CUMULATIVE","ADMIN_ADDITIONAL_DAILY","ADMIN_ADDITIONAL_CUMULATIVE","ADMIN_ALLDOSES_DAILY","ADMIN_ALLDOSES_7DAYAVG","ADMIN_ALLDOSES_CUMULATIVE","INCOMPLETE"
"2020-12-14",79,79,0,0,0,0,0,0,79,,79,0
"2020-12-15",2051,2130,6,6,4,4,0,0,2061,,2140,0
"2020-12-16",4602,6732,13,19,1,5,1,1,4617,,6757,0
"2020-12-17",4656,11388,17,36,0,5,1,2,4674,,11431,0
"2020-12-18",5833,17221,21,57,2,7,2,4,5858,,17289,0
"2020-12-19",1690,18911,6,63,3,10,0,4,1699,,18988,0
"2020-12-20",1115,20026,2,65,1,11,0,4,1118,2872.29,20106,0
"2020-12-21",6336,26362,17,82,0,11,5,9,6358,3769.29,26464,0
"2020-12-22",9798,36160,25,107,2,13,1,10,9826,4878.57,36290,0
"2020-12-23",14271,50431,35,142,3,16,1,11,14310,6263.29,50600,0
"2020-12-24",7201,57632,26,168,1,17,0,11,7228,6628.14,57828,0
"2020-12-25",180,57812,0,168,0,17,1,12,181,5817.14,58009,0
"2020-12-26",4394,62206,40,208,0,17,1,13,4435,6208,62444,0
"2020-12-27",3869,66075,13,221,0,17,0,13,3882,6602.86,66326,0
"2020-12-28",10995,77070,46,267,1,18,3,16,11045,7272.43,77371,0
"2020-12-29",10725,87795,30,297,2,20,2,18,10759,7405.71,88130,0
"2020-12-30",12840,100635,43,340,0,20,0,18,12883,7201.86,101013,0
"2020-12-31",7265,107900,31,371,1,21,0,18,7297,7211.71,108310,0
"2021-01-01",188,108088,2,373,1,22,3,21,194,7213.57,108504,0
"2021-01-02",3817,111905,10,383,2,24,1,22,3830,7127.14,112334,0
"2021-01-03",3543,115448,23,406,2,26,1,23,3569,7082.43,115903,0
"2021-01-04",12259,127707,804,1210,2,28,7,30,13072,7372,128975,0
"2021-01-05",14083,141790,2188,3398,2,30,13,43,16286,8161.57,145261,0
"2021-01-06",17815,159605,3917,7315,1,31,30,73,21763,9430.14,167024,0
"2021-01-07",16545,176150,5176,12491,4,35,47,120,21772,11498,188796,0
"2021-01-08",16628,192778,5454,17945,0,35,28,148,22110,14628.86,210906,0
"2021-01-09",7661,200439,1457,19402,1,36,9,157,9128,15385.71,220034,0
"2021-01-10",7901,208340,976,20378,0,36,9,166,8886,16145.29,228920,0
"2021-01-11",25851,234191,7449,27827,2,38,46,212,33348,19041.86,262268,0
"2021-01-12",28270,262461,7849,35676,1,39,44,256,36164,21881.57,298432,0
"2021-01-13",31740,294201,9369,45045,1,40,54,310,41164,24653.14,339596,0
"2021-01-14",35814,330015,5321,50366,2,42,25,335,41162,27423.14,380758,0
"2021-01-15",29280,359295,3708,54074,2,44,28,363,33018,28981.43,413776,0
"2021-01-16",30308,389603,2372,56446,0,44,24,387,32704,32349.43,446480,0
"2021-01-17",23793,413396,1607,58053,0,44,15,402,25415,34710.71,471895,0
"2021-01-18",27153,440549,2401,60454,0,44,34,436,29588,34173.57,501483,0
"2021-01-19",34331,474880,9615,70069,1,45,64,500,44011,35294.57,545494,0
"2021-01-20",34907,509787,9486,79555,1,46,57,557,44451,35764.14,589945,0
"2021-01-21",25629,535416,8087,87642,2,48,45,602,33763,34707.14,623708,0
"2021-01-22",24756,560172,4379,92021,1,49,27,629,29163,34156.43,652871,0
"2021-01-23",15742,575914,3219,95240,0,49,11,640,18972,32194.71,671843,0
"2021-01-24",7180,583094,3450,98690,0,49,15,655,10645,30084.71,682488,0
"2021-01-25",13418,596512,11806,110496,0,49,63,718,25287,29470.29,707775,0
"2021-01-26",16774,613286,10741,121237,0,49,63,781,27578,27122.71,735353,0
"2021-01-27",20847,634133,12346,133583,0,49,49,830,33242,25521.43,768595,0
"2021-01-28",30778,664911,12823,146406,0,49,87,917,43688,26939.29,812283,0
"2021-01-29",31708,696619,11480,157886,0,49,75,992,43263,28953.57,855546,0
"2021-01-30",18726,715345,3730,161616,0,49,22,1014,22478,29454.43,878024,0
"2021-01-31",13035,728380,2903,164519,1,50,28,1042,15967,30214.71,893991,0
"2021-02-01",1180,729560,5363,169882,3,53,38,1080,6584,27542.86,900575,0
"2021-02-02",2822,732382,9470,179352,2,55,50,1130,12344,25366.57,912919,0
"2021-02-03",16361,748743,21228,200580,4,59,199,1329,37792,26016.57,950711,0
"2021-02-04",27052,775795,19640,220220,3,62,192,1521,46887,26473.57,997598,0
"2021-02-05",27617,803412,20010,240230,0,62,175,1696,47802,27122,1045400,0
"2021-02-06",22999,826411,11236,251466,0,62,105,1801,34340,28816.57,1079740,0
"2021-02-07",12056,838467,8272,259738,1,63,85,1886,20414,29451.86,1100154,0
"2021-02-08",17017,855484,23479,283217,2,65,225,2111,40723,34328.86,1140877,0
"2021-02-09",17215,872699,28108,311325,2,67,314,2425,45639,39085.29,1186516,0
"2021-02-10",19612,892311,29231,340556,2,69,327,2752,49172,40711,1235688,0
"2021-02-11",27867,920178,33475,374031,2,71,328,3080,61672,42823.14,1297360,0
"2021-02-12",38437,958615,30768,404799,3,74,343,3423,69551,45930.14,1366911,0
"2021-02-13",28019,986634,25298,430097,2,76,306,3729,53625,48685.14,1420536,0
"2021-02-14",16307,1002941,23713,453810,0,76,255,3984,40275,51522.43,1460811,0
"2021-02-15",12807,1015748,10496,464306,2,78,178,4162,23483,49059.57,1484294,0
"2021-02-16",14267,1030015,26704,491010,0,78,321,4483,41292,48438.57,1525586,0
"2021-02-17",16424,1046439,22143,513153,1,79,294,4777,38862,46965.71,1564448,0
"2021-02-18",12172,1058611,24955,538108,21,100,291,5068,37439,43503.86,1601887,0
"2021-02-19",13291,1071902,23920,562028,39,139,287,5355,37537,38930.43,1639424,0
"2021-02-20",11360,1083262,26075,588103,6,145,317,5672,37758,36663.71,1677182,0
"2021-02-21",6364,1089626,17432,605535,15,160,274,5946,24085,34350.86,1701267,0
"2021-02-22",13046,1102672,11843,617378,2,162,120,6066,25011,34569.14,1726278,0
"2021-02-23",25247,1127919,14150,631528,1,163,154,6220,39552,34320.57,1765830,0
"2021-02-24",36362,1164281,20357,651885,0,163,209,6429,56928,36901.43,1822758,0
"2021-02-25",54621,1218902,30353,682238,6,169,376,6805,85356,43746.71,1908114,0
"2021-02-26",62911,1281813,31815,714053,4,173,386,7191,95116,51972.29,2003230,0
"2021-02-27",51323,1333136,22719,736772,47,220,318,7509,74407,57207.86,2077637,0
"2021-02-28",44629,1377765,13769,750541,6,226,188,7697,58592,62137.43,2136229,0
"2021-03-01",39321,1417086,12740,763281,9,235,162,7859,52232,66026.14,2188461,0
"2021-03-02",47084,1464170,12541,775822,7,242,151,8010,59783,68916.29,2248244,0
"2021-03-03",48609,1512779,16114,791936,17,259,145,8155,64885,70053,2313129,0
"2021-03-04",59847,1572626,22762,814698,1092,1351,265,8420,83966,69854.43,2397095,0
"2021-03-05",61005,1633631,24245,838943,3112,4463,324,8744,88686,68935.86,2485781,0
"2021-03-06",47180,1680811,18851,857794,5451,9914,235,8979,71717,68551.57,2557498,0
"2021-03-07",36062,1716873,14825,872619,6248,16162,229,9208,57364,68376.14,2614862,0
"2021-03-08",39626,1756499,14636,887255,8567,24729,324,9532,63153,69936.29,2678015,0
"2021-03-09",39112,1795611,12768,900023,7770,32499,194,9726,59844,69945,2737859,0
"2021-03-10",51843,1847454,15244,915267,5067,37566,220,9946,72374,71014.86,2810233,0
"2021-03-11",60013,1907467,21731,936998,4618,42184,260,10206,86622,71394.29,2896855,0
"2021-03-12",52216,1959683,30245,967243,4183,46367,381,10587,87025,71157,2983880,0
"2021-03-13",40671,2000354,26646,993889,5112,51479,328,10915,72757,71305.57,3056637,0
"2021-03-14",30729,2031083,15918,1009807,4533,56012,242,11157,51422,70456.71,3108059,0
"2021-03-15",33595,2064678,17192,1026999,4725,60737,242,11399,55754,69399.71,3163813,0
"2021-03-16",38700,2103378,20425,1047424,4926,65663,251,11650,64302,70036.57,3228115,0
"2021-03-17",42636,2146014,24725,1072149,4246,69909,328,11978,71935,69973.86,3300050,0
"2021-03-18",50491,2196505,26723,1098872,5243,75152,350,12328,82807,69428.86,3382857,0
"2021-03-19",47820,2244325,29873,1128745,5626,80778,368,12696,83687,68952,3466544,0
"2021-03-20",38724,2283049,25757,1154502,4691,85469,282,12978,69454,68480.14,3535998,0
"2021-03-21",29316,2312365,19287,1173789,770,86239,211,13189,49584,68217.57,3585582,0
"2021-03-22",33874,2346239,26663,1200452,4039,90278,261,13450,64837,69515.14,3650419,0
"2021-03-23",38443,2384682,32782,1233234,4222,94500,267,13717,75714,71145.43,3726133,0
"2021-03-24",41515,2426197,37512,1270746,4847,99347,310,14027,84184,72895.29,3810317,0
"2021-03-25",43439,2469636,50675,1321421,5051,104398,438,14465,99603,75294.71,3909920,0
"2021-03-26",38520,2508156,55385,1376806,4309,108707,505,14970,98719,77442.14,4008639,0
"2021-03-27",35761,2543917,45627,1422433,2940,111647,383,15353,84711,79621.71,4093350,0
"2021-03-28",26404,2570321,34344,1456777,1482,113129,312,15665,62542,81472.86,4155892,0
"2021-03-29",34842,2605163,38731,1495508,3248,116377,322,15987,77143,83230.86,4233035,0
"2021-03-30",40548,2645711,41845,1537353,3712,120089,306,16293,86411,84759,4319446,0
"2021-03-31",49431,2695142,44775,1582128,7442,127531,375,16668,102023,87307.43,4421469,0
"2021-04-01",50778,2745920,53918,1636046,11277,138808,476,17144,116449,89714,4537918,0
"2021-04-02",43772,2789692,53843,1689889,11977,150785,519,17663,110111,91341.43,4648029,0
"2021-04-03",39280,2828972,39160,1729049,9859,160644,323,17986,88622,91900.14,4736651,0
"2021-04-04",26566,2855538,24665,1753714,3901,164545,219,18205,55351,90872.86,4792002,0
"2021-04-05",41891,2897429,34398,1788112,11190,175735,352,18557,87831,92399.71,4879833,0
"2021-04-06",53295,2950724,35508,1823620,13217,188952,409,18966,102429,94688,4982262,0
"2021-04-07",55540,3006264,40645,1864265,14387,203339,375,19341,110947,95962.86,5093209,0
"2021-04-08",59294,3065558,46514,1910779,16338,219677,491,19832,122637,96846.86,5215846,0
"2021-04-09",56652,3122210,44903,1955682,17548,237225,488,20320,119591,98201.14,5335437,0
"2021-04-10",49380,3171590,35630,1991312,12732,249957,362,20682,98104,99555.71,5433541,0
"2021-04-11",38208,3209798,28806,2020118,7684,257641,274,20956,74972,102358.71,5508513,0
"2021-04-12",46657,3256455,31843,2051961,13495,271136,438,21394,92433,103016.14,5600946,0
"2021-04-13",52582,3309037,33767,2085728,368,271504,378,21772,87095,100825.57,5688041,0
"2021-04-14",50188,3359225,39940,2125668,20,271524,353,22125,90501,97904.71,5778542,0
"2021-04-15",52151,3411376,43673,2169341,15,271539,433,22558,96272,94138.29,5874814,0
"2021-04-16",51204,3462580,42222,2211563,32,271571,397,22955,93855,90461.71,5968669,0
"2021-04-17",43868,3506448,35685,2247248,3,271574,351,23306,79907,87862.14,6048576,0
"2021-04-18",28629,3535077,29377,2276625,7,271581,229,23535,58242,85472.14,6106818,0
"2021-04-19",37498,3572575,36439,2313064,22,271603,298,23833,74257,82875.57,6181075,0
"2021-04-20",40822,3613397,39644,2352708,19,271622,285,24118,80770,81972,6261845,0
"2021-04-21",38927,3652324,45946,2398654,14,271636,475,24593,85362,81237.86,6347207,0
"2021-04-22",38533,3690857,48942,2447596,9,271645,316,24909,87800,80027.57,6435007,0
"2021-04-23",39731,3730588,44348,2491944,5,271650,335,25244,84419,78679.57,6519426,0
"2021-04-24",31982,3762570,41605,2533549,44,271694,257,25501,73888,77819.71,6593314,0
"2021-04-25",18435,3781005,31231,2564780,86,271780,178,25679,49930,76632.29,6643244,0
"2021-04-26",26985,3807990,40729,2605509,1013,272793,261,25940,68988,75879.57,6712232,0
"2021-04-27",28582,3836572,47122,2652631,1696,274489,332,26272,77732,75445.57,6789964,0
"2021-04-28",27072,3863644,56836,2709467,2145,276634,410,26682,86463,75602.86,6876427,0
"2021-04-29",28634,3892278,57179,2766646,2144,278778,340,27022,88297,75673.86,6964724,0
"2021-04-30",30140,3922418,51979,2818625,2056,280834,270,27292,84445,75677.57,7049169,0
"2021-05-01",22488,3944906,44547,2863172,1176,282010,220,27512,68431,74898,7117600,0
"2021-05-02",11934,3956840,36653,2899825,1080,283090,125,27637,49792,74878.29,7167392,0
"2021-05-03",18045,3974885,53011,2952836,2383,285473,240,27877,73679,75548.43,7241071,0
"2021-05-04",22763,3997648,56635,3009471,2327,287800,245,28122,81970,76153.86,7323041,0
"2021-05-05",21491,4019139,48786,3058257,2311,290111,297,28419,72885,74214.14,7395926,0
"2021-05-06",20700,4039839,50163,3108420,2509,292620,260,28679,73632,72119.14,7469558,0
"2021-05-07",21278,4061117,52077,3160497,2809,295429,292,28971,76456,70977.86,7546014,0
"2021-05-08",16635,4077752,41879,3202376,1835,297264,216,29187,60565,69854.14,7606579,0
"2021-05-09",7982,4085734,29418,3231794,1260,298524,137,29324,38797,68283.43,7645376,0
"2021-05-10",14407,4100141,38536,3270330,2355,300879,217,29541,55515,65688.57,7700891,0
"2021-05-11",19942,4120083,43038,3313368,2514,303393,273,29814,65767,63373.86,7766658,0
"2021-05-12",17821,4137904,40534,3353902,3594,306987,223,30037,62172,61843.43,7828830,0
"2021-05-13",24993,4162897,40419,3394321,3227,310214,254,30291,68893,61166.43,7897723,0
"2021-05-14",27041,4189938,42904,3437225,3535,313749,271,30562,73751,60780,7971474,0
"2021-05-15",23667,4213605,34925,3472150,3367,317116,228,30790,62187,61011.71,8033661,0
"2021-05-16",15552,4229157,19434,3491584,2497,319613,120,30910,37603,60841.14,8071264,0
"2021-05-17",22692,4251849,29129,3520713,3257,322870,168,31078,55246,60802.71,8126510,0
"2021-05-18",24650,4276499,31897,3552610,3402,326272,227,31305,60176,60004,8186686,0
"2021-05-19",24225,4300724,29702,3582312,3038,329310,212,31517,57177,59290.43,8243863,0
"2021-05-20",24182,4324906,30070,3612382,3159,332469,259,31776,57670,57687.14,8301533,0
"2021-05-21",24701,4349607,31989,3644371,3062,335531,236,32012,59988,55721,8361521,0
"2021-05-22",20036,4369643,24352,3668723,2526,338057,151,32163,47065,53560.71,8408586,0
"2021-05-23",11246,4380889,13718,3682441,1411,339468,96,32259,26471,51970.43,8435057,0
"2021-05-24",18898,4399787,23135,3705576,2760,342228,211,32470,45004,50507.29,8480061,0
"2021-05-25",19448,4419235,23367,3728943,2603,344831,173,32643,45591,48423.71,8525652,0
"2021-05-26",18792,4438027,21070,3750013,2695,347526,195,32838,42752,46363,8568404,0
"2021-05-27",18489,4456516,21258,3771271,2530,350056,183,33021,42460,44190.14,8610864,0
"2021-05-28",17887,4474403,22884,3794155,2753,352809,178,33199,43702,41863.57,8654566,0
"2021-05-29",12715,4487118,17801,3811956,1755,354564,99,33298,32370,39764.29,8686936,0
"2021-05-30",7036,4494154,8943,3820899,1074,355638,44,33342,17097,38425.14,8704033,0
"2021-05-31",4747,4498901,6922,3827821,1011,356649,62,33404,12742,33816.29,8716775,0
"2021-06-01",16058,4514959,25190,3853011,2174,358823,143,33547,43565,33526.86,8760340,0
"2021-06-02",15363,4530322,20380,3873391,2093,360916,137,33684,37973,32844.14,8798313,0
"2021-06-03",15017,4545339,23812,3897203,2282,363198,115,33799,41226,32667.86,8839539,0
"2021-06-04",14739,4560078,25969,3923172,2491,365689,140,33939,43339,32616,8882878,0
"2021-06-05",11004,4571082,22071,3945243,1806,367495,111,34050,34992,32990.57,8917870,0
"2021-06-06",6457,4577539,14460,3959703,1222,368717,82,34132,22221,33722.57,8940091,0
"2021-06-07",11727,4589266,21764,3981467,2379,371096,143,34275,36013,37047,8976104,0
"2021-06-08",12669,4601935,23993,4005460,2072,373168,117,34392,38851,36373.57,9014955,0
"2021-06-09",11165,4613100,23005,4028465,2298,375466,131,34523,36599,36177.29,9051554,0
"2021-06-10",12084,4625184,22222,4050687,2462,377928,135,34658,36903,35559.71,9088457,0
"2021-06-11",12723,4637907,25092,4075779,2483,380411,151,34809,40449,35146.86,9128906,0
"2021-06-12",10176,4648083,19301,4095080,1889,382300,87,34896,31453,34641.29,9160359,0
"2021-06-13",4258,4652341,10935,4106015,1219,383519,40,34936,16452,33817.14,9176811,0
"2021-06-14",10227,4662568,19226,4125241,2042,385561,120,35056,31615,33188.86,9208426,0
"2021-06-15",11895,4674463,20999,4146240,1943,387504,122,35178,34959,32632.86,9243385,0
"2021-06-16",11604,4686067,19395,4165635,1958,389462,134,35312,33091,32131.71,9276476,0
"2021-06-17",11032,4697099,18746,4184381,1969,391431,116,35428,31863,31411.71,9308339,0
"2021-06-18",12175,4709274,18490,4202871,2113,393544,113,35541,32891,30332,9341230,0
"2021-06-19",8503,4717777,13527,4216398,1460,395004,73,35614,23563,29204.86,9364793,0
"2021-06-20",4338,4722115,7162,4223560,924,395928,35,35649,12459,28634.43,9377252,0
"2021-06-21",10176,4732291,9993,4233553,1805,397733,65,35714,22039,27266.43,9399291,0
"2021-06-22",9848,4742139,15635,4249188,1589,399322,99,35813,27171,26153.86,9426462,0
"2021-06-23",10334,4752473,15168,4264356,1861,401183,100,35913,27463,25349.86,9453925,0
"2021-06-24",9704,4762177,14680,4279036,1798,402981,113,36026,26295,24554.43,9480220,0
"2021-06-25",10603,4772780,14376,4293412,1718,404699,107,36133,26804,23684.86,9507024,0
"2021-06-26",7810,4780590,10454,4303866,1245,405944,73,36206,19582,23116.14,9526606,0
"2021-06-27",5005,4785595,5997,4309863,796,406740,32,36238,11830,23026.29,9538436,0
"2021-06-28",9042,4794637,10336,4320199,1524,408264,106,36344,21008,22879,9559444,0
"2021-06-29",9758,4804395,12305,4332504,1347,409611,121,36465,23531,22359,9582975,0
"2021-06-30",9432,4813827,10916,4343420,1480,411091,144,36609,21972,21574.57,9604947,0
"2021-07-01",9410,4823237,10914,4354334,1430,412521,122,36731,21876,20943.29,9626823,0
"2021-07-02",9697,4832934,11431,4365765,1541,414062,122,36853,22791,20370,9649614,0
"2021-07-03",7061,4839995,8417,4374182,1193,415255,76,36929,16747,19965,9666361,0
"2021-07-04",1290,4841285,1335,4375517,567,415822,8,36937,3200,18732.14,9669561,0
"2021-07-05",6497,4847782,7097,4382614,1208,417030,65,37002,14867,17854.86,9684428,0
"2021-07-06",9523,4857305,12832,4395446,1317,418347,115,37117,23787,17891.43,9708215,0
"2021-07-07",8685,4865990,11098,4406544,1418,419765,118,37235,21319,17798.14,9729534,0
"2021-07-08",8210,4874200,10188,4416732,1260,421025,106,37341,19764,17496.43,9749298,0
"2021-07-09",8380,4882580,10820,4427552,1279,422304,89,37430,20568,17178.86,9769866,0
"2021-07-10",7109,4889689,8621,4436173,1132,423436,65,37495,16927,17204.57,9786793,0
"2021-07-11",4105,4893794,4539,4440712,703,424139,33,37528,9380,18087.43,9796173,0
"2021-07-12",8460,4902254,9538,4450250,1250,425389,74,37602,19322,18723.86,9815495,0
"2021-07-13",9475,4911729,9374,4459624,951,426340,101,37703,19901,18168.71,9835396,0
"2021-07-14",9009,4920738,9522,4469146,1009,427349,102,37805,19642,17929.14,9855038,0
"2021-07-15",8801,4929539,9139,4478285,1052,428401,81,37886,19073,17830.43,9874111,0
"2021-07-16",9249,4938788,9760,4488045,978,429379,98,37984,20085,17761.43,9894196,0
"2021-07-17",6854,4945642,7376,4495421,801,430180,78,38062,15109,17501.71,9909305,0
"2021-07-18",4261,4949903,4287,4499708,569,430749,33,38095,9150,17468.86,9918455,0
"2021-07-19",9127,4959030,8459,4508167,999,431748,85,38180,18670,17375.71,9937125,0
"2021-07-20",10657,4969687,8749,4516916,991,432739,86,38266,20483,17458.86,9957608,0
"2021-07-21",10064,4979751,8750,4525666,904,433643,136,38402,19854,17489.14,9977462,0
"2021-07-22",10691,4990442,8576,4534242,1044,434687,142,38544,20453,17686.29,9997915,0
"2021-07-23",11256,5001698,8873,4543115,1113,435800,134,38678,21376,17870.71,10019291,0
"2021-07-24",7409,5009107,6732,4549847,670,436470,80,38758,14891,17839.57,10034182,0
"2021-07-25",5481,5014588,2119,4551966,509,436979,58,38816,8167,17699.14,10042349,0
"2021-07-26",10890,5025478,6977,4558943,859,437838,107,38923,18833,17722.43,10061182,0
"2021-07-27",12066,5037544,8564,4567507,857,438695,131,39054,21618,17884.57,10082800,0
"2021-07-28",11999,5049543,8038,4575545,951,439646,133,39187,21121,18065.57,10103921,0
"2021-07-29",10946,5060489,7427,4582972,982,440628,128,39315,19483,17927,10123404,0
"2021-07-30",14961,5075450,7996,4590968,1149,441777,177,39492,24283,18342.29,10147687,0
"2021-07-31",9746,5085196,6299,4597267,815,442592,117,39609,16977,18640.29,10164664,0
"2021-08-01",6510,5091706,3305,4600572,564,443156,79,39688,10458,18967.57,10175122,0
"2021-08-02",13455,5105161,7151,4607723,848,444004,143,39831,21597,19362.43,10196719,0
"2021-08-03",15427,5120588,8365,4616088,1106,445110,143,39974,25041,19851.43,10221760,0
"2021-08-04",17265,5137853,8111,4624199,1455,446565,174,40148,27005,20692,10248765,0
"2021-08-05",17883,5155736,7908,4632107,1365,447930,159,40307,27315,21810.86,10276080,0
"2021-08-06",18193,5173929,8400,4640507,1233,449163,158,40465,27984,22339.57,10304064,0
"2021-08-07",13376,5187305,6001,4646508,797,449960,95,40560,20269,22809.86,10324333,0
"2021-08-08",9319,5196624,3826,4650334,399,450359,77,40637,13621,23261.71,10337954,0
"2021-08-09",21338,5217962,8523,4658857,965,451324,165,40802,30991,24603.71,10368945,0
"2021-08-10",18933,5236895,9317,4668174,948,452272,165,40967,29363,25221.14,10398308,0
"2021-08-11",15658,5252553,8302,4676476,851,453123,120,41087,24931,24924.86,10423239,0
"2021-08-12",15060,5267613,8969,4685445,937,454060,162,41249,25128,24612.43,10448367,0
"2021-08-13",14936,5282549,9269,4694714,921,454981,232,41481,25358,24237.29,10473725,0
"2021-08-14",10422,5292971,6404,4701118,626,455607,520,42001,17972,23909.14,10491697,0
"2021-08-15",6699,5299670,4471,4705589,676,456283,565,42566,12411,23736.29,10504108,0
"2021-08-16",15732,5315402,9282,4714871,1149,457432,1309,43875,27472,23233.57,10531580,0
"2021-08-17",17782,5333184,10437,4725308,1218,458650,1747,45622,31184,23493.71,10562764,0
"2021-08-18",17494,5350678,10342,4735650,1253,459903,1966,47588,31055,24368.57,10593819,0
"2021-08-19",16332,5367010,9504,4745154,1316,461219,1926,49514,29078,24932.86,10622897,0
"2021-08-20",16302,5383312,11525,4756679,1254,462473,1842,51356,30923,25727.86,10653820,0
"2021-08-21",11169,5394481,8032,4764711,877,463350,1047,52403,21125,26178.29,10674945,0
"2021-08-22",4091,5398572,3902,4768613,262,463612,509,52912,8764,25657.29,10683709,0
"2021-08-23",15593,5414165,11787,4780400,1023,464635,1532,54444,29935,26009.14,10713644,0
"2021-08-24",16928,5431093,12588,4792988,1006,465641,1768,56212,32290,26167.14,10745934,0
"2021-08-25",14604,5445697,12424,4805412,1111,466752,1549,57761,29688,25971.86,10775622,0
"2021-08-26",16192,5461889,14061,4819473,1072,467824,1750,59511,33075,26542.86,10808697,0
"2021-08-27",14858,5476747,14806,4834279,970,468794,1650,61161,32284,26737.29,10840981,0
"2021-08-28",10713,5487460,11498,4845777,836,469630,999,62160,24046,27154.57,10865027,0
"2021-08-29",7229,5494689,7488,4853265,541,470171,766,62926,16024,28191.71,10881051,0
"2021-08-30",15547,5510236,16898,4870163,1076,471247,1778,64704,35299,28958,10916350,0
"2021-08-31",15545,5525781,15928,4886091,952,472199,1945,66649,34370,29255.14,10950720,0
"2021-09-01",14852,5540633,14086,4900177,1019,473218,1778,68427,31735,29547.57,10982455,0
"2021-09-02",14361,5554994,12506,4912683,897,474115,1678,70105,29442,29028.57,11011897,0
"2021-09-03",15028,5570022,14290,4926973,973,475088,1869,71974,32160,29010.86,11044057,0
"2021-09-04",9655,5579677,9398,4936371,688,475776,956,72930,20697,28532.43,11064754,0
"2021-09-05",6818,5586495,5506,4941877,438,476214,696,73626,13458,28165.86,11078212,0
"2021-09-06",5205,5591700,4505,4946382,358,476572,265,73891,10333,24599.29,11088545,0
"2021-09-07",15592,5607292,17678,4964060,913,477485,1523,75414,35706,24790.14,11124251,0
"2021-09-08",16217,5623509,14788,4978848,1073,478558,1741,77155,33819,25087.86,11158070,0
"2021-09-09",16134,5639643,14727,4993575,1047,479605,1888,79043,33796,25709.86,11191866,0
"2021-09-10",18391,5658034,15369,5008944,1209,480814,1954,80997,36923,26390.29,11228789,0
"2021-09-11",12652,5670686,10343,5019287,959,481773,1012,82009,24966,27000.14,11253755,0
"2021-09-12",8548,5679234,5043,5024330,766,482539,683,82692,15040,27226.14,11268795,0
"2021-09-13",16959,5696193,12935,5037265,973,483512,1626,84318,32493,30391.86,11301288,0
"2021-09-14",16295,5712488,13654,5050919,885,484397,1572,85890,32406,29920.43,11333694,0
"2021-09-15",15597,5728085,12825,5063744,729,485126,1558,87448,30709,29476.14,11364403,0
"2021-09-16",15369,5743454,13896,5077640,1211,486337,1426,88874,31902,29205.57,11396305,0
"2021-09-17",14472,5757926,13927,5091567,922,487259,1807,90681,31128,28377.71,11427433,0
"2021-09-18",10022,5767948,10163,5101730,915,488174,1038,91719,22138,27973.71,11449571,0
"2021-09-19",6192,5774140,6065,5107795,557,488731,734,92453,13548,27760.57,11463119,0
"2021-09-20",12703,5786843,12618,5120413,1071,489802,1899,94352,28291,27160.29,11491410,0
"2021-09-21",12257,5799100,12757,5133170,1111,490913,1998,96350,28123,26548.43,11519533,0
"2021-09-22",12858,5811958,11972,5145142,1090,492003,1649,97999,27569,26099.86,11547102,0
"2021-09-23",14960,5826918,12737,5157879,1638,493641,2219,100218,31554,26050.14,11578656,0
"2021-09-24",16480,5843398,13341,5171220,1632,495273,4526,104744,35979,26743.14,11614635,0
"2021-09-25",10581,5853979,9009,5180229,1017,496290,3382,108126,23989,27007.57,11638624,0
"2021-09-26",6334,5860313,5752,5185981,773,497063,2376,110502,15235,27248.57,11653859,0
"2021-09-27",14205,5874518,8036,5194017,1154,498217,8869,119371,32264,27816.14,11686123,0
"2021-09-28",11194,5885712,11753,5205770,901,499118,9677,129048,33525,28587.86,11719648,0
"2021-09-29",11639,5897351,12172,5217942,1203,500321,9221,138269,34235,29540.14,11753883,0
"2021-09-30",12286,5909637,12586,5230528,1339,501660,9549,147818,35760,30141,11789643,0
"2021-10-01",12685,5922322,13413,5243941,1281,502941,10135,157953,37514,30360.29,11827157,0
"2021-10-02",7750,5930072,9976,5253917,864,503805,4161,162114,22751,30183.43,11849908,0
"2021-10-03",5087,5935159,6160,5260077,594,504399,2569,164683,14410,30065.57,11864318,0
"2021-10-04",9951,5945110,11016,5271093,914,505313,9387,174070,31268,29923.29,11895586,0
"2021-10-05",10204,5955314,11743,5282836,973,506286,9829,183899,32749,29812.43,11928335,0
"2021-10-06",9951,5965265,11038,5293874,937,507223,9831,193730,31757,29458.43,11960092,0
"2021-10-07",9710,5974975,12180,5306054,852,508075,10078,203808,32820,29038.43,11992912,0
"2021-10-08",9525,5984500,12133,5318187,943,509018,10787,214595,33388,28449,12026300,0
"2021-10-09",6285,5990785,8277,5326464,648,509666,4051,218646,19261,27950.43,12045561,0
"2021-10-10",3556,5994341,5020,5331484,458,510124,2394,221040,11428,27524.43,12056989,0
"2021-10-11",7652,6001993,9331,5340815,728,510852,8826,229866,26537,26848.57,12083526,0
"2021-10-12",8097,6010090,10986,5351801,890,511742,10399,240265,30372,26509,12113898,0
"2021-10-13",7209,6017299,10138,5361939,870,512612,8640,248905,26857,25809,12140755,0
"2021-10-14",7488,6024787,11102,5373041,836,513448,9951,258856,29377,25317.14,12170132,0
"2021-10-15",7764,6032551,11861,5384902,822,514270,10650,269506,31097,24989.86,12201229,0
"2021-10-16",4882,6037433,7456,5392358,665,514935,3760,273266,16763,24633,12217992,0
"2021-10-17",3070,6040503,4472,5396830,411,515346,2406,275672,10359,24480.29,12228351,0
"2021-10-18",7102,6047605,10647,5407477,798,516144,9299,284971,27846,24667.29,12256197,0
"2021-10-19",6667,6054272,8931,5416408,805,516949,8889,293860,25292,23941.57,12281489,0
"2021-10-20",6580,6060852,9365,5425773,973,517922,9838,303698,26756,23927.14,12308245,0
"2021-10-21",7079,6067931,9378,5435151,859,518781,10693,314391,28009,23731.71,12336254,0
"2021-10-22",8191,6076122,10336,5445487,1025,519806,16198,330589,35750,24396.43,12372004,0
"2021-10-23",5211,6081333,6460,5451947,690,520496,9043,339632,21404,25059.43,12393408,0
"2021-10-24",3298,6084631,3964,5455911,770,521266,6123,345755,14155,25601.71,12407563,0
"2021-10-25",8854,6093485,8754,5464665,1148,522414,19096,364851,37852,27031.14,12445415,0
"2021-10-26",8258,6101743,7723,5472388,1259,523673,17161,382012,34401,28332.43,12479816,0
"2021-10-27",10655,6112398,8386,5480774,1604,525277,20644,402656,41289,30408.57,12521105,0
"2021-10-28",11414,6123812,8030,5488804,1784,527061,20672,423328,41900,32393,12563005,0
"2021-10-29",11921,6135733,8236,5497040,1965,529026,22371,445699,44493,33642,12607498,0
"2021-10-30",4675,6140408,5052,5502092,936,529962,11080,456779,21743,33690.43,12629241,0
"2021-10-31",2691,6143099,2702,5504794,545,530507,6590,463369,12528,33458,12641769,0
"2021-11-01",7223,6150322,6952,5511746,1090,531597,20210,483579,35475,33118.43,12677244,0
"2021-11-02",6665,6156987,6574,5518320,1054,532651,20603,504182,34896,33189.14,12712140,0
"2021-11-03",6939,6163926,6658,5524978,1029,533680,20472,524654,35098,32304.71,12747238,0
"2021-11-04",9380,6173306,6263,5531241,996,534676,22193,546847,38832,31866.43,12786070,0
"2021-11-05",11167,6184473,6715,5537956,1052,535728,23563,570410,42497,31581.29,12828567,0
"2021-11-06",11163,6195636,4044,5542000,593,536321,12517,582927,28317,32520.43,12856884,0
"2021-11-07",7285,6202921,2273,5544273,576,536897,7057,589984,17191,33186.57,12874075,0
"2021-11-08",15132,6218053,5670,5549943,867,537764,19372,609356,41041,33981.71,12915116,0
"2021-11-09",16230,6234283,5377,5555320,662,538426,20387,629743,42656,35090.29,12957772,0
"2021-11-10",17031,6251314,5314,5560634,684,539110,22444,652187,45473,36572.43,13003245,0
"2021-11-11",12648,6263962,5191,5565825,758,539868,21879,674066,40476,36807.29,13043721,0
"2021-11-12",16985,6280947,5666,5571491,710,540578,23227,697293,46588,37391.71,13090309,0
"2021-11-13",9994,6290941,3664,5575155,466,541044,13271,710564,27395,37260,13117704,0
"2021-11-14",6061,6297002,2295,5577450,325,541369,7890,718454,16571,37171.43,13134275,0
"2021-11-15",13341,6310343,5970,5583420,689,542058,24958,743412,44958,37731,13179233,0
"2021-11-16",10180,6320523,5784,5589204,655,542713,30372,773784,46991,38350.29,13226224,0
"2021-11-17",10612,6331135,6673,5595877,690,543403,31040,804824,49015,38856.29,13275239,0
"2021-11-18",11032,6342167,6539,5602416,865,544268,32596,837420,51032,40364.29,13326271,0
"2021-11-19",12330,6354497,6546,5608962,719,544987,35906,873326,55501,41637.57,13381772,0
"2021-11-20",9540,6364037,3419,5612381,514,545501,22240,895566,35713,42825.86,13417485,0
"2021-11-21",5097,6369134,1888,5614269,290,545791,13043,908609,20318,43361.14,13437803,0
"2021-11-22",10721,6379855,5781,5620050,755,546546,35516,944125,52773,44477.57,13490576,0
"2021-11-23",9987,6389842,4781,5624831,636,547182,33238,977363,48642,44713.43,13539218,0
"2021-11-24",8821,6398663,4752,5629583,652,547834,25774,1003137,39999,43425.43,13579217,0
"2021-11-25",459,6399122,324,5629907,80,547914,991,1004128,1854,36400,13581071,0
"2021-11-26",8365,6407487,6969,5636876,533,548447,26236,1030364,42103,34486,13623174,0
"2021-11-27",6857,6414344,6807,5643683,376,548823,18569,1048933,32609,34042.57,13655783,0
"2021-11-28",4240,6418584,5765,5649448,286,549109,11657,1060590,21948,34275.43,13677731,0
"2021-11-29",9523,6428107,10966,5660414,690,549799,34478,1095068,55657,34687.43,13733388,0
"2021-11-30",10801,6438908,11413,5671827,514,550313,37337,1132405,60065,36319.29,13793453,0
"2021-12-01",11427,6450335,10947,5682774,724,551037,40055,1172460,63153,39627,13856606,0
"2021-12-02",11982,6462317,11006,5693780,628,551665,41541,1214001,65157,48670.29,13921763,0
"2021-12-03",14054,6476371,12816,5706596,682,552347,47233,1261234,74785,53339.14,13996548,0
"2021-12-04",10154,6486525,11184,5717780,571,552918,30222,1291456,52131,56128,14048679,0
"2021-12-05",5869,6492394,5700,5723480,270,553188,16505,1307961,28344,57041.71,14077023,0
"2021-12-06",12842,6505236,9903,5733383,607,553795,42649,1350610,66001,58519.43,14143024,0
"2021-12-07",13115,6518351,9207,5742590,632,554427,42409,1393019,65363,59276.29,14208387,0
"2021-12-08",13946,6532297,8730,5751320,557,554984,40319,1433338,63552,59333.29,14271939,0
"2021-12-09",13820,6546117,8731,5760051,553,555537,40374,1473712,63478,59093.43,14335417,0
"2021-12-10",14543,6560660,10080,5770131,667,556204,43056,1516768,68346,58173.57,14403763,0
"2021-12-11",10507,6571167,8041,5778172,405,556609,26425,1543193,45378,57208.86,14449141,0
"2021-12-12",6112,6577279,3850,5782022,287,556896,15054,1558247,25303,56774.43,14474444,0
"2021-12-13",12440,6589719,7398,5789420,656,557552,37617,1595864,58111,55647.29,14532555,0
"2021-12-14",12442,6602161,6931,5796351,730,558282,37871,1633735,57974,54591.71,14590529,0
"2021-12-15",12515,6614676,6241,5802592,754,559036,37643,1671378,57153,53677.57,14647682,0
"2021-12-16",13682,6628358,4222,5806814,737,559773,40290,1711668,58931,53028,14706613,0
"2021-12-17",16620,6644978,6876,5813690,622,560395,45858,1757526,69976,53260.86,14776589,0
"2021-12-18",13350,6658328,5696,5819386,432,560827,30192,1787718,49670,53874,14826259,0
"2021-12-19",7196,6665524,2982,5822368,330,561157,17789,1805507,28297,54301.71,14854556,0
"2021-12-20",17549,6683073,5841,5828209,753,561910,46641,1852148,70784,56112.14,14925340,0
"2021-12-21",18553,6701626,6520,5834729,809,562719,48105,1900253,73987,58399.71,14999327,0
"2021-12-22",18989,6720615,6552,5841281,938,563657,48993,1949246,75472,61016.71,15074799,0
"2021-12-23",19256,6739871,6480,5847761,926,564583,45339,1994585,72001,62883.86,15146800,0
"2021-12-24",9480,6749351,2952,5850713,595,565178,20261,2014846,33288,57642.71,15180088,0
"2021-12-25",343,6749694,65,5850778,32,565210,422,2015268,862,50670.14,15180950,0
"2021-12-26",8204,6757898,3911,5854689,341,565551,17042,2032310,29498,50841.71,15210448,0
"2021-12-27",21878,6779776,9189,5863878,931,566482,43165,2075475,75163,51467.29,15285611,0
"2021-12-28",20260,6800036,8302,5872180,693,567175,47303,2122778,76558,51834.57,15362169,0
"2021-12-29",18558,6818594,7628,5879808,603,567778,45217,2167995,72006,51339.43,15434175,0
"2021-12-30",16940,6835534,7417,5887225,580,568358,44554,2212549,69491,50980.86,15503666,0
"2021-12-31",5368,6840902,2791,5890016,193,568551,14633,2227182,22985,49509,15526651,0
"2022-01-01",233,6841135,137,5890153,11,568562,483,2227665,864,49509.29,15527515,0
"2022-01-02",6473,6847608,5005,5895158,153,568715,10926,2238591,22557,48517.71,15550072,0
"2022-01-03",14237,6861845,8465,5903623,515,569230,26642,2265233,49859,44902.86,15599931,0
"2022-01-04",13207,6875052,8060,5911683,409,569639,26746,2291979,48422,40883.43,15648353,0
"2022-01-05",11739,6886791,6938,5918621,381,570020,25515,2317494,44573,36964.43,15692926,0
"2022-01-06",11717,6898508,7330,5925951,481,570501,27147,2344641,46675,33705,15739601,0
"2022-01-07",10594,6909102,8374,5934325,336,570837,24697,2369338,44001,36707.29,15783602,0
"2022-01-08",7988,6917090,8506,5942831,311,571148,19281,2388619,36086,41739,15819688,0
"2022-01-09",4195,6921285,3827,5946658,215,571363,9981,2398600,18218,41119.14,15837906,0
"2022-01-10",10403,6931688,8154,5954812,484,571847,24295,2422895,43336,40187.29,15881242,0
"2022-01-11",9028,6940716,7942,5962754,519,572366,20782,2443677,38271,38737.14,15919513,0
"2022-01-12",9022,6949738,8290,5971044,426,572792,22122,2465799,39860,38063.86,15959373,0
"2022-01-13",9121,6958859,8780,5979824,447,573239,22554,2488353,40902,37239.14,16000275,0
"2022-01-14",10174,6969033,8017,5987841,472,573711,25985,2514338,44648,37331.57,16044923,0
"2022-01-15",6222,6975255,4251,5992092,176,573887,14886,2529224,25535,35824.29,16070458,0
"2022-01-16",2991,6978246,3236,5995328,96,573983,7738,2536962,14061,35230.43,16084519,0
"2022-01-17",6197,6984443,6696,6002024,359,574342,14429,2551391,27681,32994,16112200,0
"2022-01-18",8237,6992680,10065,6012089,395,574737,19128,2570519,37825,32930.29,16150025,0
"2022-01-19",7744,7000424,9166,6021255,309,575046,17338,2587857,34557,32172.71,16184582,0
"2022-01-20",6417,7006841,8465,6029720,304,575350,14903,2602760,30089,30628,16214671,0
"2022-01-21",7655,7014496,7441,6037161,279,575629,18247,2621007,33622,29052.86,16248293,0
"2022-01-22",5271,7019767,4922,6042083,131,575760,11199,2632206,21523,28479.71,16269816,0
"2022-01-23",2920,7022687,3303,6045386,97,575857,6108,2638314,12428,28246.43,16282244,0
"2022-01-24",6554,7029241,8120,6053506,258,576115,14811,2653125,29743,28541,16311987,0
"2022-01-25",6286,7035527,7871,6061377,234,576349,14493,2667618,28884,27263.71,16340871,0
"2022-01-26",5779,7041306,7113,6068490,282,576631,13862,2681480,27036,26189.29,16367907,0
"2022-01-27",5267,7046573,6983,6075473,311,576942,13880,2695360,26441,25668.14,16394348,0
"2022-01-28",6301,7052874,7766,6083239,205,577147,15956,2711316,30228,25183.29,16424576,0
"2022-01-29",849,7053723,696,6083935,26,577173,2496,2713812,4067,22689.57,16428643,0
"2022-01-30",2131,7055854,2982,6086917,103,577276,4494,2718306,9710,22301.29,16438353,0
"2022-01-31",5065,7060919,6521,6093438,218,577494,11176,2729482,22980,21335.14,16461333,0
"2022-02-01",4876,7065795,6353,6099791,213,577707,10482,2739964,21924,20340.86,16483257,0
"2022-02-02",4385,7070180,5863,6105654,213,577920,10980,2750944,21441,19541.57,16504698,0
"2022-02-03",4255,7074435,5708,6111362,216,578136,10950,2761894,21129,18782.71,16525827,0
"2022-02-04",4725,7079160,6992,6118354,201,578337,12984,2774878,24902,18021.86,16550729,0
"2022-02-05",3591,7082751,5975,6124329,106,578443,8465,2783343,18137,20031.86,16568866,0
"2022-02-06",2030,7084781,2120,6126449,118,578561,4576,2787919,8844,19908.14,16577710,0
"2022-02-07",4203,7088984,4625,6131074,189,578750,9933,2797852,18950,19332.43,16596660,0
"2022-02-08",4240,7093224,5487,6136561,200,578950,11024,2808876,20951,19193.43,16617611,0
"2022-02-09",4103,7097327,5258,6141819,218,579168,11164,2820040,20743,19093.71,16638354,0
"2022-02-10",3942,7101269,4994,6146813,232,579400,11582,2831622,20750,19039.57,16659104,0
"2022-02-11",4515,7105784,5694,6152507,178,579578,13286,2844908,23673,18864,16682777,120000
"2022-02-12",3284,7109068,4268,6156775,71,579649,8564,2853472,16187,18585.43,16698964,120000
"2022-02-13",1510,7110578,1513,6158288,29,579678,4814,2858286,7866,18445.71,16706830,120000
"2022-02-14",2943,7113521,3535,6161823,139,579817,10209,2868495,16826,18142.29,16723656,120000
"2022-02-15",3511,7117032,3918,6165741,146,579963,12080,2880575,19655,17957.14,16743311,120000
"2022-02-16",3181,7120213,3294,6169035,164,580127,13316,2893891,19955,17844.57,16763266,120000
"2022-02-17",1383,7121596,1260,6170295,70,580197,7217,2901108,9930,16298.86,16773196,120000
