"DATE","ADMIN_DOSE1_DAILY","ADMIN_DOSE1_CUMULATIVE","ADMIN_DOSE2_DAILY","ADMIN_DOSE2_CUMULATIVE","ADMIN_SINGLE_DAILY","ADMIN_SINGLE_CUMULATIVE","ADMIN_ADDITIONAL1_DAILY","ADMIN_ADDITIONAL1_CUMULATIVE","ADMIN_ADDITIONAL2_DAILY","ADMIN_ADDITIONAL2_CUMULATIVE","ADMIN_ADDITIONAL_DAILY","ADMIN_ADDITIONAL_CUMULATIVE","ADMIN_BIVALENT_ADDITIONAL_DAILY","ADMIN_BIVALENT_ADDITIONAL_CUMULATIVE","ADMIN_ALLDOSES_DAILY","ADMIN_ALLDOSES_7DAYAVG","ADMIN_ALLDOSES_CUMULATIVE","ADMIN_ALLDOSES_PRIMARY","INCOMPLETE"
2020-12-14,79,79,0,0,2,2,0,0,0,0,0,0,0,0,81,,81,81,0
2020-12-15,2052,2131,7,7,5,7,0,0,0,0,0,0,0,0,2064,,2145,2145,0
2020-12-16,4604,6735,17,24,4,11,1,1,0,0,1,1,0,0,4626,,6771,6770,0
2020-12-17,4661,11396,18,42,2,13,1,2,0,0,1,2,0,0,4682,,11453,11451,0
2020-12-18,5836,17232,20,62,2,15,2,4,0,0,2,4,0,0,5860,,17313,17309,0
2020-12-19,1688,18920,9,71,3,18,0,4,0,0,0,4,0,0,1700,,19013,19009,0
2020-12-20,1118,20038,2,73,1,19,0,4,0,0,0,4,0,0,1121,2876.29,20134,20130,0
2020-12-21,6391,26429,23,96,0,19,4,8,0,0,4,8,0,0,6418,3781.57,26552,26544,0
2020-12-22,9766,36195,28,124,2,21,1,9,0,0,1,9,0,0,9797,4886.29,36349,36340,0
2020-12-23,14276,50471,37,161,3,24,0,9,0,0,0,9,0,0,14316,6270.57,50665,50656,0
2020-12-24,7170,57641,28,189,1,25,0,9,0,0,0,9,0,0,7199,6630.14,57864,57855,0
2020-12-25,180,57821,0,189,0,25,1,10,0,0,1,10,0,0,181,5818.86,58045,58035,0
2020-12-26,4391,62212,48,237,0,25,1,11,0,0,1,11,0,0,4440,6210.29,62485,62474,0
2020-12-27,3869,66081,15,252,0,25,1,12,0,0,1,12,0,0,3885,6605.14,66370,66358,0
2020-12-28,10991,77072,52,304,1,26,3,15,0,0,3,15,0,0,11047,7266.43,77417,77402,0
2020-12-29,10712,87784,37,341,2,28,3,18,0,0,3,18,0,0,10754,7403.14,88171,88153,0
2020-12-30,12822,100606,44,385,0,28,0,18,0,0,0,18,0,0,12866,7196,101037,101019,0
2020-12-31,7259,107865,37,422,1,29,0,18,0,0,0,18,0,0,7297,7210,108334,108316,0
2021-01-01,178,108043,2,424,1,30,3,21,0,0,3,21,0,0,184,7210.43,108518,108497,0
2021-01-02,3809,111852,10,434,3,33,2,23,0,0,2,23,0,0,3824,7122.43,112342,112319,0
2021-01-03,3543,115395,24,458,2,35,1,24,0,0,1,24,0,0,3570,7077.43,115912,115888,0
2021-01-04,12251,127646,810,1268,2,37,7,31,0,0,7,31,0,0,13070,7366.43,128982,128951,0
2021-01-05,14088,141734,2197,3465,2,39,14,45,1,1,15,46,0,0,16302,8159,145284,145238,0
2021-01-06,17795,159529,3929,7394,1,40,32,77,8,9,40,86,0,0,21765,9430.29,167049,166963,0
2021-01-07,16540,176069,5184,12578,4,44,46,123,3,12,49,135,0,0,21777,11498.86,188826,188691,0
2021-01-08,16611,192680,5463,18041,0,44,36,159,5,17,41,176,0,0,22115,14631.86,210941,210765,0
2021-01-09,7649,200329,1465,19506,1,45,7,166,2,19,9,185,0,0,9124,15389,220065,219880,0
2021-01-10,7879,208208,979,20485,0,45,14,180,0,19,14,199,0,0,8872,16146.43,228937,228738,0
2021-01-11,25809,234017,7461,27946,2,47,59,239,6,25,65,264,0,0,33337,19041.71,262274,262010,0
2021-01-12,28240,262257,7868,35814,1,48,46,285,4,29,50,314,0,0,36159,21878.43,298433,298119,0
2021-01-13,31700,293957,9423,45237,1,49,59,344,5,34,64,378,0,0,41188,24653.14,339621,339243,0
2021-01-14,35796,329753,5305,50542,1,50,33,377,7,41,40,418,0,0,41142,27419.57,380763,380345,0
2021-01-15,29247,359000,3715,54257,2,52,33,410,6,47,39,457,0,0,33003,28975,413766,413309,0
2021-01-16,30258,389258,2397,56654,0,52,25,435,6,53,31,488,0,0,32686,32341,446452,445964,0
2021-01-17,23725,412983,1646,58300,0,52,20,455,1,54,21,509,0,0,25392,34701,471844,471335,0
2021-01-18,27082,440065,2425,60725,0,52,37,492,7,61,44,553,0,0,29552,34160.29,501396,500843,0
2021-01-19,34269,474334,9642,70367,1,53,72,564,8,69,80,633,0,0,43992,35279.29,545388,544755,0
2021-01-20,34848,509182,9504,79871,1,54,62,626,3,72,65,698,0,0,44418,35740.71,589806,589108,0
2021-01-21,25575,534757,8097,87968,2,56,55,681,5,77,60,758,0,0,33734,34682.43,623540,622782,0
2021-01-22,24740,559497,4389,92357,1,57,31,712,7,84,38,796,0,0,29168,34134.57,652708,651912,0
2021-01-23,15734,575231,3225,95582,0,57,12,724,2,86,14,810,0,0,18973,32175.57,671681,670871,0
2021-01-24,7169,582400,3459,99041,0,57,19,743,1,87,20,830,0,0,10648,30069.29,682329,681499,0
2021-01-25,13392,595792,11834,110875,0,57,68,811,13,100,81,911,0,0,25307,29462.86,707636,706725,0
2021-01-26,16746,612538,10764,121639,0,57,69,880,3,103,73,984,0,0,27583,27118.71,735219,734236,0
2021-01-27,20819,633357,12356,133995,0,57,54,934,9,112,63,1047,0,0,33240,25521.86,768459,767413,0
2021-01-28,30729,664086,12860,146855,0,57,84,1018,16,128,100,1147,0,0,43692,26944.43,812151,811005,0
2021-01-29,31668,695754,11514,158369,0,57,84,1102,11,139,95,1242,0,0,43277,28960,855428,854187,0
2021-01-30,18706,714460,3743,162112,0,57,23,1125,2,141,26,1268,0,0,22475,29460.29,877903,876637,0
2021-01-31,13006,727466,2930,165042,1,58,28,1153,5,146,33,1301,0,0,15970,30220.57,893873,892574,0
2021-02-01,1180,728646,5401,170443,4,62,36,1189,4,150,40,1341,0,0,6625,27551.71,900498,899159,0
2021-02-02,2823,731469,9442,179885,2,64,54,1243,3,153,57,1398,0,0,12324,25371.86,912822,911426,0
2021-02-03,16343,747812,21234,201119,4,68,214,1457,22,175,236,1634,0,0,37817,26025.71,950639,949007,0
2021-02-04,27033,774845,19654,220773,3,71,211,1668,10,185,221,1855,0,0,46911,26485.57,997550,995697,0
2021-02-05,27577,802422,20030,240803,0,71,195,1863,16,201,212,2067,0,0,47819,27134.43,1045369,1043305,0
2021-02-06,22975,825397,11250,252053,0,71,117,1980,12,213,129,2196,0,0,34354,28831.43,1079723,1077530,0
2021-02-07,12029,837426,8286,260339,1,72,97,2077,12,225,110,2306,0,0,20426,29468,1100149,1097847,0
2021-02-08,16933,854359,23530,283869,2,74,240,2317,36,261,277,2583,0,0,40742,34341.86,1140891,1138313,0
2021-02-09,17184,871543,28091,311960,2,76,356,2673,42,303,401,2984,0,0,45678,39106.71,1186569,1183593,0
2021-02-10,19578,891121,29304,341264,2,78,271,2944,54,357,328,3312,0,0,49213,40734.71,1235782,1232481,0
2021-02-11,27827,918948,33460,374724,2,80,353,3297,58,415,411,3723,0,0,61702,42847.71,1297484,1293772,0
2021-02-12,38348,957296,30811,405535,3,83,365,3662,41,456,407,4130,0,0,69569,45954.86,1367053,1362935,0
2021-02-13,27981,985277,25319,430854,2,85,312,3974,58,514,371,4501,0,0,53674,48714.86,1420727,1416239,0
2021-02-14,16257,1001534,23721,454575,0,85,282,4256,35,549,317,4818,0,0,40295,51553.29,1461022,1456217,0
2021-02-15,12789,1014323,10527,465102,2,87,179,4435,24,573,204,5022,0,0,23522,49093.29,1484544,1479536,0
2021-02-16,14230,1028553,26707,491809,0,87,343,4778,42,615,386,5408,0,0,41323,48471.14,1525867,1520474,0
2021-02-17,16378,1044931,22195,514004,1,88,288,5066,42,657,330,5738,0,0,38904,46998.43,1564771,1559048,0
2021-02-18,12134,1057065,24982,538986,21,109,307,5373,46,703,353,6091,0,0,37490,43539.57,1602261,1596185,0
2021-02-19,13238,1070303,23920,562906,38,147,319,5692,49,752,368,6459,0,0,37564,38967.43,1639825,1633381,0
2021-02-20,11341,1081644,26071,588977,7,154,338,6030,79,831,419,6878,0,0,37839,36705.29,1677664,1670803,0
2021-02-21,6346,1087990,17413,606390,15,169,303,6333,45,876,349,7227,0,0,24123,34395,1701787,1694578,0
2021-02-22,13041,1101031,11835,618225,2,171,133,6466,21,897,154,7381,0,0,25032,34610.71,1726819,1719456,0
2021-02-23,25225,1126256,14150,632375,1,172,168,6634,35,932,204,7585,0,0,39581,34361.86,1766400,1758834,0
2021-02-24,36323,1162579,20404,652779,0,172,235,6869,42,974,278,7863,0,0,57005,36947.71,1823405,1815562,0
2021-02-25,54515,1217094,30460,683239,6,178,411,7280,64,1038,476,8339,0,0,85457,43800.14,1908862,1900544,0
2021-02-26,62788,1279882,31904,715143,4,182,424,7704,79,1117,506,8845,0,0,95202,52034.14,2004064,1995243,0
2021-02-27,51259,1331141,22753,737896,47,229,355,8059,53,1170,409,9254,0,0,74468,57266.86,2078532,2069303,0
2021-02-28,44548,1375689,13852,751748,7,236,206,8265,37,1207,243,9497,0,0,58650,62199.29,2137182,2127710,0
2021-03-01,39302,1414991,12783,764531,10,246,172,8437,24,1231,196,9693,0,0,52291,66093.43,2189473,2179805,0
2021-03-02,47072,1462063,12579,777110,7,253,158,8595,17,1248,175,9868,0,0,59833,68986.57,2249306,2239463,0
2021-03-03,48591,1510654,16151,793261,17,270,157,8752,21,1269,178,10046,0,0,64937,70119.71,2314243,2304222,0
2021-03-04,59797,1570451,22815,816076,1092,1362,277,9029,37,1306,316,10362,0,0,84020,69914.43,2398263,2387928,0
2021-03-05,60951,1631402,24288,840364,3107,4469,337,9366,36,1342,375,10737,0,0,88721,68988.57,2486984,2476276,0
2021-03-06,47149,1678551,18882,859246,5451,9920,246,9612,42,1384,288,11025,0,0,71770,68603.14,2558754,2547758,0
2021-03-07,36022,1714573,14882,874128,6244,16164,237,9849,23,1407,262,11287,0,0,57410,68426,2616164,2604908,0
2021-03-08,39604,1754177,14686,888814,8557,24721,321,10170,92,1499,418,11705,0,0,63265,69993.71,2679429,2667760,0
2021-03-09,39080,1793257,12861,901675,7759,32480,186,10356,35,1534,222,11927,0,0,59922,70006.43,2739351,2727461,0
2021-03-10,51809,1845066,15365,917040,5065,37545,228,10584,34,1568,264,12191,0,0,72503,71087.29,2811854,2799702,0
2021-03-11,59961,1905027,21821,938861,4619,42164,261,10845,48,1616,311,12502,0,0,86712,71471.86,2898566,2886105,0
2021-03-12,52170,1957197,30308,969169,4182,46346,389,11234,86,1702,475,12977,0,0,87135,71245.29,2985701,2972765,0
2021-03-13,40634,1997831,26683,995852,5110,51456,336,11570,55,1757,391,13368,0,0,72819,71395.14,3058520,3045193,0
2021-03-14,30694,2028525,15972,1011824,4523,55979,254,11824,28,1785,284,13652,0,0,51474,70547.14,3109994,3096385,0
2021-03-15,33580,2062105,17258,1029082,4702,60681,243,12067,33,1818,276,13928,0,0,55816,69483,3165810,3151925,0
2021-03-16,38658,2100763,20517,1049599,4924,65605,266,12333,36,1854,303,14231,0,0,64402,70123,3230212,3216025,0
2021-03-17,42600,2143363,24785,1074384,4242,69847,355,12688,42,1896,398,14629,0,0,72025,70054.71,3302237,3287653,0
2021-03-18,50407,2193770,26810,1101194,5226,75073,388,13076,64,1960,452,15081,0,0,82895,69509.43,3385132,3370096,0
2021-03-19,47762,2241532,29966,1131160,5623,80696,406,13482,74,2034,480,15561,0,0,83832,69037.57,3468964,3453448,0
2021-03-20,38691,2280223,25832,1156992,4683,85379,310,13792,60,2094,371,15932,0,0,69577,68574.43,3538541,3522655,0
2021-03-21,29284,2309507,19355,1176347,769,86148,231,14023,44,2138,275,16207,0,0,49683,68318.57,3588224,3572063,0
2021-03-22,33849,2343356,26752,1203099,4037,90185,261,14284,38,2176,300,16507,0,0,64939,69621.86,3653163,3636703,0
2021-03-23,38414,2381770,32848,1235947,4214,94399,305,14589,54,2230,363,16870,0,0,75839,71255.71,3729002,3712183,0
2021-03-24,41470,2423240,37615,1273562,4843,99242,340,14929,64,2294,407,17277,0,0,84335,73014.29,3813337,3796114,0
2021-03-25,43383,2466623,50784,1324346,5050,104292,494,15423,88,2382,586,17863,0,0,99803,75429.71,3913140,3895335,0
2021-03-26,38484,2505107,55493,1379839,4307,108599,545,15968,108,2490,657,18520,0,0,98941,77588.14,4012081,3993623,0
2021-03-27,35717,2540824,45744,1425583,2938,111537,439,16407,84,2574,524,19044,0,0,84923,79780.43,4097004,4078023,0
2021-03-28,26372,2567196,34450,1460033,1481,113018,347,16754,67,2641,418,19462,0,0,62721,81643,4159725,4140330,0
2021-03-29,34803,2601999,38856,1498889,3244,116262,363,17117,115,2756,479,19941,0,0,77382,83420.57,4237107,4217234,0
2021-03-30,40482,2642481,41926,1540815,3712,119974,351,17468,65,2821,417,20358,0,0,86537,84948.86,4323644,4303355,0
2021-03-31,49367,2691848,44879,1585694,7438,127412,419,17887,85,2906,504,20862,0,0,102188,87499.29,4425832,4405039,0
2021-04-01,50758,2742606,53946,1639640,11272,138684,514,18401,85,2991,603,21465,0,0,116579,89895.86,4542411,4521019,0
2021-04-02,43749,2786355,53868,1693508,11965,150649,563,18964,72,3063,640,22105,0,0,110222,91507.43,4652633,4630606,0
2021-04-03,39236,2825591,39207,1732715,9860,160509,351,19315,60,3123,412,22517,0,0,88715,92049.14,4741348,4718910,0
2021-04-04,26548,2852139,24778,1757493,3902,164411,232,19547,50,3173,282,22799,0,0,55510,91019,4796858,4774138,0
2021-04-05,41859,2893998,34479,1791972,11194,175605,393,19940,61,3234,455,23254,0,0,87987,92534,4884845,4861671,0
2021-04-06,53240,2947238,35614,1827586,13213,188818,449,20389,79,3313,529,23783,0,0,102596,94828.14,4987441,4963739,0
2021-04-07,55474,3002712,40705,1868291,14387,203205,416,20805,83,3396,501,24284,0,0,111067,96096.57,5098508,5074307,0
2021-04-08,59233,3061945,46584,1914875,16337,219542,541,21346,87,3483,629,24913,0,0,122783,96982.86,5221291,5196462,0
2021-04-09,56625,3118570,44945,1959820,17556,237098,543,21889,81,3564,629,25542,0,0,119755,98344.71,5341046,5315593,0
2021-04-10,49330,3167900,35639,1995459,12716,249814,405,22294,62,3626,471,26013,0,0,98156,99693.43,5439202,5413282,0
2021-04-11,38156,3206056,28825,2024284,7679,257493,302,22596,62,3688,365,26378,0,0,75025,102481.29,5514227,5487943,0
2021-04-12,46617,3252673,31837,2056121,13494,270987,477,23073,69,3757,546,26924,0,0,92494,103125.14,5606721,5579891,0
2021-04-13,52530,3305203,33795,2089916,369,271356,409,23482,64,3821,474,27398,0,0,87168,100921.14,5693889,5666586,0
2021-04-14,50129,3355332,39955,2129871,20,271376,373,23855,80,3901,454,27852,0,0,90558,97991.29,5784447,5756691,0
2021-04-15,52105,3407437,43689,2173560,16,271392,463,24318,108,4009,576,28428,0,0,96387,94220.43,5880834,5852507,0
2021-04-16,51175,3458612,42201,2215761,32,271424,448,24766,73,4082,524,28952,0,0,93932,90531.43,5974766,5945918,0
2021-04-17,43825,3502437,35688,2251449,3,271427,378,25144,84,4166,464,29416,0,0,79980,87934.86,6054746,6025436,0
2021-04-18,28594,3531031,29363,2280812,7,271434,267,25411,65,4231,333,29749,0,0,58297,85545.14,6113043,6083401,0
2021-04-19,37443,3568474,36450,2317262,21,271455,344,25755,68,4299,414,30163,0,0,74328,82950,6187371,6157317,0
2021-04-20,40790,3609264,39624,2356886,19,271474,321,26076,84,4383,406,30569,0,0,80839,82045.86,6268210,6237751,0
2021-04-21,38872,3648136,46029,2402915,17,271491,508,26584,98,4481,607,31176,0,0,85525,81326.86,6353735,6322670,0
2021-04-22,38474,3686610,48957,2451872,9,271500,355,26939,80,4561,437,31613,0,0,87878,80111.29,6441613,6410113,0
2021-04-23,39681,3726291,44388,2496260,3,271503,360,27299,75,4636,437,32050,0,0,84509,78765.14,6526122,6494187,0
2021-04-24,31922,3758213,41604,2537864,44,271547,286,27585,64,4700,351,32401,0,0,73921,77899.57,6600043,6567758,0
2021-04-25,18411,3776624,31217,2569081,87,271634,205,27790,61,4761,266,32667,0,0,49981,76711.57,6650024,6617473,0
2021-04-26,26955,3803579,40720,2609801,1012,272646,306,28096,92,4853,404,33071,0,0,69091,75963.43,6719115,6686166,0
2021-04-27,28551,3832130,47126,2656927,1696,274342,378,28474,98,4951,481,33552,0,0,77854,75537,6796969,6763544,0
2021-04-28,27007,3859137,56843,2713770,2146,276488,454,28928,101,5052,558,34110,0,0,86554,75684,6883523,6849543,0
2021-04-29,28584,3887721,57204,2770974,2150,278638,378,29306,101,5153,481,34591,0,0,88419,75761.29,6971942,6937483,0
2021-04-30,30099,3917820,51993,2822967,2059,280697,294,29600,75,5228,370,34961,0,0,84522,75763.14,7056464,7021636,0
2021-05-01,22474,3940294,44537,2867504,1177,281874,236,29836,66,5294,304,35265,0,0,68492,74987.57,7124956,7089826,0
2021-05-02,11916,3952210,36638,2904142,1081,282955,155,29991,57,5351,214,35479,0,0,49849,74968.71,7174805,7139463,0
2021-05-03,18006,3970216,53022,2957164,2381,285336,267,30258,94,5445,363,35842,0,0,73774,75637.71,7248579,7212876,0
2021-05-04,22724,3992940,56644,3013808,2331,287667,275,30533,118,5563,394,36236,0,0,82094,76243.43,7330673,7294577,0
2021-05-05,21472,4014412,48754,3062562,2313,289980,320,30853,104,5667,425,36661,0,0,72965,74302.14,7403638,7367118,0
2021-05-06,20672,4035084,50176,3112738,2508,292488,283,31136,91,5758,378,37039,0,0,73734,72204.29,7477372,7440478,0
2021-05-07,21232,4056316,52104,3164842,2812,295300,320,31456,80,5838,401,37440,0,0,76549,71065.29,7553921,7516627,0
2021-05-08,16616,4072932,41866,3206708,1834,297134,238,31694,72,5910,310,37750,0,0,60626,69941.57,7614547,7576943,0
2021-05-09,7968,4080900,29404,3236112,1260,298394,156,31850,56,5966,212,37962,0,0,38844,68369.43,7653391,7615575,0
2021-05-10,14372,4095272,38522,3274634,2356,300750,252,32102,94,6060,350,38312,0,0,55601,65773.29,7708992,7670830,0
2021-05-11,19896,4115168,43057,3317691,2512,303262,295,32397,88,6148,388,38700,0,0,65854,63453.29,7774846,7736301,0
2021-05-12,17810,4132978,40534,3358225,3595,306857,244,32641,80,6228,324,39024,0,0,62263,61924.43,7837109,7798240,0
2021-05-13,24945,4157923,40427,3398652,3229,310086,274,32915,82,6310,358,39382,0,0,68959,61242.29,7906068,7866843,0
2021-05-14,27004,4184927,42944,3441596,3535,313621,277,33192,95,6405,374,39756,0,0,73857,60857.71,7979925,7940328,0
2021-05-15,23638,4208565,34922,3476518,3364,316985,261,33453,75,6480,337,40093,0,0,62261,61091.29,8042186,8002253,0
2021-05-16,15518,4224083,19457,3495975,2496,319481,123,33576,48,6528,172,40265,0,0,37643,60919.71,8079829,8039725,0
2021-05-17,22662,4246745,29138,3525113,3252,322733,191,33767,72,6600,263,40528,0,0,55315,60878.86,8135144,8094777,0
2021-05-18,24612,4271357,31902,3557015,3402,326135,248,34015,84,6684,332,40860,0,0,60248,60078,8195392,8154693,0
2021-05-19,24171,4295528,29731,3586746,3040,329175,234,34249,50,6734,285,41145,0,0,57227,59358.57,8252619,8211636,0
2021-05-20,24133,4319661,30104,3616850,3163,332338,274,34523,90,6824,369,41514,0,0,57769,57760,8310388,8269041,0
2021-05-21,24665,4344326,32003,3648853,3057,335395,253,34776,63,6887,319,41833,0,0,60044,55786.71,8370432,8328769,0
2021-05-22,20010,4364336,24373,3673226,2523,337918,169,34945,48,6935,218,42051,0,0,47124,53624.29,8417556,8375676,0
2021-05-23,11225,4375561,13733,3686959,1411,339329,95,35040,32,6967,129,42180,0,0,26498,52032.14,8444054,8402047,0
2021-05-24,18857,4394418,23165,3710124,2757,342086,221,35261,55,7022,279,42459,0,0,45058,50566.86,8489112,8446829,0
2021-05-25,19417,4413835,23384,3733508,2601,344687,179,35440,59,7081,238,42697,0,0,45640,48480,8534752,8492231,0
2021-05-26,18773,4432608,21090,3754598,2698,347385,205,35645,49,7130,256,42953,0,0,42817,46421.43,8577569,8534794,0
2021-05-27,18453,4451061,21283,3775881,2531,349916,183,35828,62,7192,246,43199,0,0,42513,44242,8620082,8577062,0
2021-05-28,17854,4468915,22876,3798757,2751,352667,192,36020,59,7251,252,43451,0,0,43733,41911.86,8663815,8620544,0
2021-05-29,12701,4481616,17817,3816574,1755,354422,106,36126,39,7290,146,43597,0,0,32419,39811.14,8696234,8652818,0
2021-05-30,7025,4488641,8951,3825525,1074,355496,49,36175,16,7306,65,43662,0,0,17115,38470.71,8713349,8669868,0
2021-05-31,4739,4493380,6923,3832448,1011,356507,65,36240,18,7324,83,43745,0,0,12756,33856.14,8726105,8682541,0
2021-06-01,16047,4509427,25189,3857637,2177,358684,159,36399,42,7366,205,43950,0,0,43618,33567.29,8769723,8725958,0
2021-06-02,15351,4524778,20401,3878038,2095,360779,141,36540,47,7413,188,44138,0,0,38035,32884.14,8807758,8763805,0
2021-06-03,14994,4539772,23824,3901862,2280,363059,133,36673,45,7458,180,44318,0,0,41278,32707.71,8849036,8804905,0
2021-06-04,14710,4554482,26003,3927865,2492,365551,151,36824,42,7500,194,44512,0,0,43400,32660.14,8892436,8848112,0
2021-06-05,10978,4565460,22104,3949969,1806,367357,115,36939,29,7529,145,44657,0,0,35033,33033.57,8927469,8883001,0
2021-06-06,6443,4571903,14486,3964455,1222,368579,90,37029,12,7541,103,44760,0,0,22254,33767.71,8949723,8905153,0
2021-06-07,11695,4583598,21782,3986237,2378,370957,146,37175,37,7578,186,44946,0,0,36041,37094.14,8985764,8941011,0
2021-06-08,12624,4596222,24020,4010257,2071,373028,127,37302,46,7624,174,45120,0,0,38889,36418.57,9024653,8979727,0
2021-06-09,11124,4607346,23025,4033282,2300,375328,141,37443,43,7667,186,45306,0,0,36635,36218.57,9061288,9016178,0
2021-06-10,12053,4619399,22235,4055517,2461,377789,147,37590,63,7730,210,45516,0,0,36960,35601.71,9098248,9052928,0
2021-06-11,12693,4632092,25128,4080645,2483,380272,161,37751,62,7792,224,45740,0,0,40528,35191.43,9138776,9093233,0
2021-06-12,10158,4642250,19318,4099963,1888,382160,97,37848,44,7836,143,45883,0,0,31507,34687.71,9170283,9124599,0
2021-06-13,4249,4646499,10939,4110902,1219,383379,42,37890,21,7857,63,45946,0,0,16472,33861.71,9186755,9141008,0
2021-06-14,10201,4656700,19240,4130142,2040,385419,135,38025,53,7910,188,46134,0,0,31669,33237.14,9218424,9172489,0
2021-06-15,11880,4668580,21017,4151159,1942,387361,131,38156,41,7951,174,46308,0,0,35014,32683.57,9253438,9207331,0
2021-06-16,11581,4680161,19403,4170562,1956,389317,151,38307,74,8025,225,46533,0,0,33165,32187.86,9286603,9240271,0
2021-06-17,11017,4691178,18758,4189320,1973,391290,133,38440,35,8060,170,46703,0,0,31918,31467.57,9318521,9272021,0
2021-06-18,12166,4703344,18493,4207813,2115,393405,120,38560,37,8097,158,46861,0,0,32933,30382.57,9351454,9304797,0
2021-06-19,8490,4711834,13517,4221330,1459,394864,90,38650,22,8119,112,46973,0,0,23578,29249.86,9375032,9328263,0
2021-06-20,4333,4716167,7160,4228490,924,395788,37,38687,16,8135,53,47026,0,0,12470,28678.14,9387502,9340680,0
2021-06-21,10153,4726320,10014,4238504,1806,397594,72,38759,28,8163,101,47127,0,0,22074,27307.43,9409576,9362654,0
2021-06-22,9828,4736148,15647,4254151,1588,399182,107,38866,29,8192,136,47263,0,0,27199,26191,9436775,9389717,0
2021-06-23,10305,4746453,15188,4269339,1862,401044,104,38970,31,8223,136,47399,0,0,27491,25380.43,9464266,9417073,0
2021-06-24,9679,4756132,14702,4284041,1798,402842,124,39094,27,8250,153,47552,0,0,26332,24582.43,9490598,9443254,0
2021-06-25,10584,4766716,14386,4298427,1720,404562,118,39212,38,8288,156,47708,0,0,26846,23712.86,9517444,9469944,0
2021-06-26,7798,4774514,10465,4308892,1249,405811,79,39291,23,8311,103,47811,0,0,19615,23146.71,9537059,9489457,0
2021-06-27,4997,4779511,6002,4314894,795,406606,34,39325,15,8326,50,47861,0,0,11844,23057.29,9548903,9501252,0
2021-06-28,9032,4788543,10348,4325242,1526,408132,110,39435,26,8352,137,47998,0,0,21043,22910,9569946,9522159,0
2021-06-29,9729,4798272,12333,4337575,1347,409479,126,39561,33,8385,160,48158,0,0,23569,22391.43,9593515,9545569,0
2021-06-30,9424,4807696,10933,4348508,1486,410965,151,39712,18,8403,172,48330,0,0,22015,21609.14,9615530,9567415,0
2021-07-01,9392,4817088,10926,4359434,1434,412399,133,39845,25,8428,160,48490,0,0,21912,20977.71,9637442,9589169,0
2021-07-02,9688,4826776,11458,4370892,1541,413940,119,39964,21,8449,140,48630,0,0,22828,20403.71,9660270,9611857,0
2021-07-03,7057,4833833,8420,4379312,1192,415132,81,40045,17,8466,98,48728,0,0,16767,19996.86,9677037,9628526,0
2021-07-04,1286,4835119,1335,4380647,567,415699,11,40056,3,8469,14,48742,0,0,3202,18762.29,9680239,9631714,0
2021-07-05,6491,4841610,7108,4387755,1207,416906,67,40123,22,8491,89,48831,0,0,14895,17884,9695134,9646520,0
2021-07-06,9507,4851117,12855,4400610,1315,418221,117,40240,38,8529,156,48987,0,0,23833,17921.71,9718967,9670198,0
2021-07-07,8661,4859778,11109,4411719,1418,419639,128,40368,21,8550,149,49136,0,0,21337,17824.86,9740304,9691386,0
2021-07-08,8218,4867996,10191,4421910,1258,420897,110,40478,23,8573,135,49271,0,0,19802,17523.43,9760106,9711055,0
2021-07-09,8369,4876365,10835,4432745,1280,422177,90,40568,20,8593,110,49381,0,0,20594,17204.29,9780700,9731539,0
2021-07-10,7098,4883463,8637,4441382,1131,423308,67,40635,20,8613,88,49469,0,0,16954,17231,9797654,9748406,0
2021-07-11,4104,4887567,4540,4445922,701,424009,38,40673,6,8619,44,49513,0,0,9389,18114.86,9807043,9757751,0
2021-07-12,8447,4896014,9564,4455486,1251,425260,84,40757,23,8642,107,49620,0,0,19369,18754,9826412,9777013,0
2021-07-13,9457,4905471,9394,4464880,952,426212,109,40866,36,8678,147,49767,0,0,19950,18199.29,9846362,9796818,0
2021-07-14,8990,4914461,9536,4474416,1010,427222,109,40975,22,8700,135,49902,0,0,19671,17961.29,9866033,9816358,0
2021-07-15,8792,4923253,9157,4483573,1052,428274,83,41058,20,8720,104,50006,0,0,19105,17861.71,9885138,9835360,0
2021-07-16,9248,4932501,9764,4493337,981,429255,102,41160,29,8749,131,50137,0,0,20124,17794.57,9905262,9855353,0
2021-07-17,6838,4939339,7389,4500726,803,430058,80,41240,21,8770,101,50238,0,0,15131,17534.14,9920393,9870383,0
2021-07-18,4253,4943592,4285,4505011,575,430633,36,41276,14,8784,50,50288,0,0,9163,17501.86,9929556,9879496,0
2021-07-19,9118,4952710,8486,4513497,999,431632,93,41369,22,8806,116,50404,0,0,18719,17409,9948275,9898100,0
2021-07-20,10639,4963349,8762,4522259,991,432623,96,41465,25,8831,122,50526,0,0,20514,17489.57,9968789,9918493,0
2021-07-21,10050,4973399,8775,4531034,904,433527,149,41614,33,8864,182,50708,0,0,19911,17523.86,9988700,9938222,0
2021-07-22,10686,4984085,8584,4539618,1046,434573,146,41760,27,8891,174,50882,0,0,20490,17721.71,10009190,9958539,0
2021-07-23,11246,4995331,8888,4548506,1114,435687,139,41899,23,8914,164,51046,0,0,21412,17905.71,10030602,9979789,0
2021-07-24,7400,5002731,6740,4555246,670,436357,82,41981,26,8940,109,51155,0,0,14919,17875.43,10045521,9994600,0
2021-07-25,5470,5008201,2130,4557376,509,436866,58,42039,4,8944,62,51217,0,0,8171,17733.71,10053692,10002709,0
2021-07-26,10865,5019066,7010,4564386,856,437722,112,42151,20,8964,132,51349,0,0,18863,17754.29,10072555,10021440,0
2021-07-27,12060,5031126,8573,4572959,856,438578,140,42291,41,9005,182,51531,0,0,21671,17919.57,10094226,10042930,0
2021-07-28,12006,5043132,8056,4581015,950,439528,137,42428,29,9034,167,51698,0,0,21179,18100.71,10115405,10063943,0
2021-07-29,10925,5054057,7437,4588452,983,440511,138,42566,41,9075,183,51881,0,0,19528,17963.29,10134933,10083292,0
2021-07-30,14947,5069004,8014,4596466,1151,441662,187,42753,32,9107,221,52102,0,0,24333,18380.57,10159266,10107406,0
2021-07-31,9717,5078721,6324,4602790,815,442477,122,42875,21,9128,144,52246,0,0,17000,18677.86,10176266,10124263,0
2021-08-01,6497,5085218,3313,4606103,564,443041,81,42956,22,9150,103,52349,0,0,10477,19007.29,10186743,10134637,0
2021-08-02,13448,5098666,7155,4613258,845,443886,150,43106,19,9169,169,52518,0,0,21617,19400.71,10208360,10156085,0
2021-08-03,15402,5114068,8393,4621651,1109,444995,145,43251,39,9208,185,52703,0,0,25089,19889,10233449,10180990,0
2021-08-04,17255,5131323,8133,4629784,1454,446449,183,43434,36,9244,219,52922,0,0,27061,20729.29,10260510,10207832,0
2021-08-05,17882,5149205,7933,4637717,1371,447820,161,43595,22,9266,183,53105,0,0,27369,21849.43,10287879,10235018,0
2021-08-06,18172,5167377,8421,4646138,1230,449050,171,43766,32,9298,203,53308,0,0,28026,22377,10315905,10262841,0
2021-08-07,13376,5180753,6019,4652157,800,449850,105,43871,29,9327,134,53442,0,0,20329,22852.57,10336234,10283036,0
2021-08-08,9308,5190061,3834,4655991,400,450250,84,43955,10,9337,94,53536,0,0,13636,23303.86,10349870,10296578,0
2021-08-09,21335,5211396,8529,4664520,965,451215,178,44133,34,9371,213,53749,0,0,31042,24650.29,10380912,10327408,0
2021-08-10,18946,5230342,9333,4673853,946,452161,180,44313,33,9404,214,53963,0,0,29439,25271.71,10410351,10356634,0
2021-08-11,15644,5245986,8312,4682165,853,453014,132,44445,46,9450,179,54142,0,0,24988,24975.57,10435339,10381444,0
2021-08-12,15048,5261034,8991,4691156,942,453956,179,44624,35,9485,216,54358,0,0,25197,24665.29,10460536,10406427,0
2021-08-13,14914,5275948,9293,4700449,919,454875,247,44871,38,9523,286,54644,0,0,25413,24292,10485949,10431555,0
2021-08-14,10392,5286340,6413,4706862,625,455500,536,45407,41,9564,580,55224,0,0,18010,23960.71,10503959,10448988,0
2021-08-15,6688,5293028,4484,4711346,676,456176,567,45974,33,9597,604,55828,0,0,12452,23791.57,10516411,10460840,0
2021-08-16,15699,5308727,9312,4720658,1149,457325,1331,47305,66,9663,1402,57230,0,0,27562,23294.43,10543973,10487005,0
2021-08-17,17756,5326483,10457,4731115,1229,458554,1777,49082,85,9748,1877,59107,0,0,31319,23563,10575292,10516462,0
2021-08-18,17480,5343963,10382,4741497,1262,459816,2002,51084,91,9839,2104,61211,0,0,31228,24454.43,10606520,10545597,0
2021-08-19,16283,5360246,9530,4751027,1315,461131,1962,53046,69,9908,2045,63256,0,0,29173,25022.43,10635693,10572739,0
2021-08-20,16261,5376507,11544,4762571,1252,462383,1870,54916,86,9994,1970,65226,0,0,31027,25824.43,10666720,10601810,0
2021-08-21,11141,5387648,8039,4770610,878,463261,1069,55985,53,10047,1129,66355,0,0,21187,26278.29,10687907,10621875,0
2021-08-22,4076,5391724,3902,4774512,261,463522,520,56505,33,10080,557,66912,0,0,8796,25756,10696703,10630118,0
2021-08-23,15571,5407295,11809,4786321,1022,464544,1553,58058,77,10157,1644,68556,0,0,30047,26111,10726750,10658535,0
2021-08-24,16908,5424203,12598,4798919,1007,465551,1778,59836,81,10238,1867,70423,0,0,32380,26262.57,10759130,10689056,0
2021-08-25,14560,5438763,12457,4811376,1112,466663,1571,61407,82,10320,1668,72091,0,0,29797,26058.14,10788927,10717200,0
2021-08-26,16143,5454906,14102,4825478,1071,467734,1779,63186,71,10391,1862,73953,0,0,33178,26630.29,10822105,10748528,0
2021-08-27,14872,5469778,14825,4840303,971,468705,1678,64864,76,10467,1762,75715,0,0,32430,26830.71,10854535,10779204,0
2021-08-28,10675,5480453,11523,4851826,835,469540,1022,65886,47,10514,1070,76785,0,0,24103,27247.29,10878638,10802238,0
2021-08-29,7209,5487662,7498,4859324,541,470081,782,66668,58,10572,849,77634,0,0,16097,28290.29,10894735,10817495,0
2021-08-30,15508,5503170,16933,4876257,1076,471157,1800,68468,93,10665,1902,79536,0,0,35419,29057.71,10930154,10851021,0
2021-08-31,15498,5518668,15963,4892220,952,472109,1983,70451,90,10755,2083,81619,0,0,34496,29360,10964650,10883444,0
2021-09-01,14826,5533494,14112,4906332,1020,473129,1815,72266,62,10817,1887,83506,0,0,31845,29652.57,10996495,10913412,0
2021-09-02,14308,5547802,12525,4918857,896,474025,1717,73983,65,10882,1798,85304,0,0,29527,29131,11026022,10941157,0
2021-09-03,14995,5562797,14314,4933171,974,474999,1903,75886,72,10954,1981,87285,0,0,32264,29107.29,11058286,10971446,0
2021-09-04,9641,5572438,9405,4942576,688,475687,981,76867,34,10988,1020,88305,0,0,20754,28628.86,11079040,10991185,0
2021-09-05,6790,5579228,5513,4948089,438,476125,720,77587,17,11005,738,89043,0,0,13479,28254.86,11092519,11003927,0
2021-09-06,5195,5584423,4511,4952600,358,476483,274,77861,11,11016,287,89330,0,0,10351,24673.71,11102870,11013993,0
2021-09-07,15561,5599984,17700,4970300,912,477395,1564,79425,95,11111,1667,90997,0,0,35840,24865.71,11138710,11048174,0
2021-09-08,16147,5616131,14832,4985132,1070,478465,1782,81207,84,11195,1878,92875,0,0,33927,25163.14,11172637,11080235,0
2021-09-09,16092,5632223,14760,4999892,1048,479513,1922,83129,78,11273,2011,94886,0,0,33911,25789.43,11206548,11112146,0
2021-09-10,18348,5650571,15403,5015295,1207,480720,1982,85111,83,11356,2072,96958,0,0,37030,26470.29,11243578,11147111,0
2021-09-11,12625,5663196,10351,5025646,958,481678,1035,86146,50,11406,1091,98049,0,0,25025,27080.43,11268603,11171051,0
2021-09-12,8532,5671728,5053,5030699,765,482443,694,86840,32,11438,727,98776,0,0,15077,27308.71,11283680,11185402,0
2021-09-13,16919,5688647,12966,5043665,976,483419,1662,88502,52,11490,1724,100500,0,0,32585,30485,11316265,11216273,0
2021-09-14,16259,5704906,13677,5057342,887,484306,1604,90106,57,11547,1673,102173,0,0,32496,30007.29,11348761,11247108,0
2021-09-15,15508,5720414,12898,5070240,727,485033,1575,91681,85,11632,1669,103842,0,0,30802,29560.86,11379563,11276250,0
2021-09-16,15327,5735741,13917,5084157,1209,486242,1473,93154,68,11700,1548,105390,0,0,32001,29288,11411564,11306710,0
2021-09-17,14424,5750165,13954,5098111,922,487164,1848,95002,60,11760,1910,107300,0,0,31210,28456.57,11442774,11336012,0
2021-09-18,9984,5760149,10189,5108300,913,488077,1055,96057,42,11802,1101,108401,0,0,22187,28051.14,11464961,11357102,0
2021-09-19,6168,5766317,6077,5114377,558,488635,749,96806,28,11830,782,109183,0,0,13585,27838,11478546,11369910,0
2021-09-20,12661,5778978,12632,5127009,1068,489703,1928,98734,62,11892,1999,111182,0,0,28361,27234.57,11506907,11396281,0
2021-09-21,12216,5791194,12771,5139780,1108,490811,2037,100771,82,11974,2135,113317,0,0,28230,26625.14,11535137,11422392,0
2021-09-22,12815,5804009,12009,5151789,1089,491900,1691,102462,69,12043,1766,115083,0,0,27679,26179,11562816,11448311,0
2021-09-23,14915,5818924,12770,5164559,1639,493539,2274,104736,76,12119,2357,117440,0,0,31681,26133.29,11594497,11477642,0
2021-09-24,16567,5835491,13366,5177925,1636,495175,4629,109365,128,12247,4776,122216,0,0,36345,26866.86,11630842,11509230,0
2021-09-25,10520,5846011,9034,5186959,1017,496192,3464,112829,82,12329,3562,125778,0,0,24133,27144.86,11654975,11529817,0
2021-09-26,6289,5852300,5767,5192726,773,496965,2426,115255,61,12390,2498,128276,0,0,15327,27393.71,11670302,11542657,0
2021-09-27,14127,5866427,8067,5200793,1155,498120,9086,124341,164,12554,9299,137575,0,0,32649,28006.29,11702951,11566056,0
2021-09-28,11102,5877529,11791,5212584,901,499021,9937,134278,182,12736,10158,147733,0,0,33952,28823.71,11736903,11589889,0
2021-09-29,11586,5889115,12197,5224781,1205,500226,9464,143742,174,12910,9672,157405,0,0,34660,29821,11771563,11614911,0
2021-09-30,12211,5901326,12610,5237391,1338,501564,9768,153510,184,13094,9986,167391,0,0,36145,30458.71,11807708,11641104,0
2021-10-01,12612,5913938,13432,5250823,1284,502848,10294,163804,157,13251,10488,177879,0,0,37816,30668.86,11845524,11668469,0
2021-10-02,7715,5921653,9983,5260806,865,503713,4249,168053,82,13333,4355,182234,0,0,22918,30495.29,11868442,11687056,0
2021-10-03,5054,5926707,6158,5266964,593,504306,2625,170678,60,13393,2695,184929,1,1,14501,30377.29,11882943,11698871,0
2021-10-04,9896,5936603,11019,5277983,914,505220,9539,180217,151,13544,9726,194655,0,1,31555,30221,11914498,11720736,0
2021-10-05,10132,5946735,11735,5289718,972,506192,9963,190180,180,13724,10185,204840,1,2,33025,30088.57,11947523,11743617,0
2021-10-06,9866,5956601,11052,5300770,937,507129,9953,200133,163,13887,10153,214993,0,2,32009,29709.86,11979532,11765510,0
2021-10-07,9592,5966193,12155,5312925,850,507979,10186,210319,180,14067,10399,225392,0,2,32996,29260,12012528,11788140,0
2021-10-08,9427,5975620,12183,5325108,940,508919,10925,221244,166,14233,11130,236522,0,2,33680,28669.14,12046208,11810729,0
2021-10-09,6224,5981844,8241,5333349,643,509562,4132,225376,91,14324,4240,240762,0,2,19348,28159.14,12065556,11825854,0
2021-10-10,3529,5985373,5028,5338377,458,510020,2440,227816,47,14371,2495,243257,0,2,11510,27731.86,12077066,11834877,0
2021-10-11,7589,5992962,9341,5347718,728,510748,8907,236723,166,14537,9097,252354,0,2,26755,27046.14,12103821,11852559,0
2021-10-12,8044,6001006,10997,5358715,891,511639,10538,247261,189,14726,10767,263121,0,2,30699,26713.86,12134520,11872531,0
2021-10-13,7126,6008132,10149,5368864,869,512508,8817,256078,184,14910,9031,272152,0,2,27175,26023.29,12161695,11890705,0
2021-10-14,7402,6015534,11119,5379983,837,513345,10136,266214,166,15076,10342,282494,0,2,29700,25552.43,12191395,11910103,0
2021-10-15,7702,6023236,11859,5391842,823,514168,10861,277075,176,15252,11071,293565,0,2,31455,25234.57,12222850,11930521,0
2021-10-16,4853,6028089,7466,5399308,665,514833,3854,280929,67,15319,3933,297498,0,2,16917,24887.29,12239767,11943517,0
2021-10-17,3047,6031136,4472,5403780,411,515244,2461,283390,44,15363,2512,300010,0,2,10442,24734.71,12250209,11951454,0
2021-10-18,7015,6038151,10672,5414452,797,516041,9500,292890,188,15551,9723,309733,0,2,28207,24942.14,12278416,11969973,0
2021-10-19,6545,6044696,8946,5423398,803,516844,9111,302001,179,15730,9331,319064,1,3,25626,24217.43,12304042,11986308,0
2021-10-20,6512,6051208,9373,5432771,975,517819,10006,312007,180,15910,10224,329288,2,5,27085,24204.57,12331127,12003205,0
2021-10-21,7001,6058209,9386,5442157,857,518676,10874,322881,159,16069,11068,340356,1,6,28313,24006.43,12359440,12020484,0
2021-10-22,8074,6066283,10346,5452503,1025,519701,16377,339258,229,16298,16660,357016,0,6,36105,24670.71,12395545,12039983,0
2021-10-23,5150,6071433,6452,5458955,690,520391,9141,348399,115,16413,9278,366294,0,6,21570,25335.43,12417115,12052297,0
2021-10-24,3247,6074680,3966,5462921,766,521157,6177,354576,82,16495,6285,372579,0,6,14264,25881.43,12431379,12060302,0
2021-10-25,8848,6083528,8747,5471668,1152,522309,19290,373866,302,16797,19663,392242,0,6,38410,27339,12469789,12079120,0
2021-10-26,8145,6091673,7724,5479392,1258,523567,17320,391186,281,17078,17671,409913,0,6,34798,28649.29,12504587,12096317,0
2021-10-27,10496,6102169,8392,5487784,1604,525171,20905,412091,332,17410,21307,431220,0,6,41799,30751.29,12546386,12116879,0
2021-10-28,11257,6113426,8029,5495813,1793,526964,20906,432997,328,17738,21303,452523,0,6,42382,32761.14,12588768,12138027,0
2021-10-29,11801,6125227,8227,5504040,1968,528932,22581,455578,352,18090,23005,475528,1,7,45003,34032.29,12633771,12160096,0
2021-10-30,4593,6129820,5061,5509101,932,529864,11206,466784,168,18258,11414,486942,0,7,22000,34093.71,12655771,12170722,0
2021-10-31,2643,6132463,2700,5511801,544,530408,6653,473437,105,18363,6781,493723,1,8,12668,33865.71,12668439,12176631,0
2021-11-01,7068,6139531,6953,5518754,1085,531493,20437,493874,338,18701,20834,514557,1,9,35941,33513,12704380,12191796,0
2021-11-02,6520,6146051,6587,5525341,1055,532548,20826,514700,281,18982,21183,535740,0,9,35346,33591.29,12739726,12206035,0
2021-11-03,6784,6152835,6677,5532018,1025,533573,20688,535388,315,19297,21079,556819,0,9,35567,32701,12775293,12220599,0
2021-11-04,9253,6162088,6276,5538294,995,534568,22427,557815,354,19651,22864,579683,0,9,39388,32273.29,12814681,12237206,0
2021-11-05,11014,6173102,6717,5545011,1049,535617,23811,581626,361,20012,24256,603939,0,9,43036,31992.29,12857717,12256070,0
2021-11-06,11136,6184238,4050,5549061,593,536210,12616,594242,179,20191,12832,616771,0,9,28611,32936.71,12886328,12271886,0
2021-11-07,7222,6191460,2287,5551348,577,536787,7125,601367,99,20290,7239,624010,0,9,17325,33602,12903653,12281987,0
2021-11-08,15018,6206478,5678,5557026,862,537649,19544,620911,290,20580,19901,643911,1,10,41460,34390.43,12945113,12303612,0
2021-11-09,16095,6222573,5385,5562411,658,538307,20567,641478,284,20864,20934,664845,0,10,43072,35494.14,12988185,12325833,0
2021-11-10,16861,6239434,5320,5567731,682,538989,22724,664202,295,21159,23090,687935,0,10,45953,36977.86,13034138,12348767,0
2021-11-11,12488,6251922,5185,5572916,760,539749,22165,686367,293,21452,22527,710462,0,10,40960,37202.43,13075098,12367269,0
2021-11-12,17009,6268931,5685,5578601,705,540454,23487,709854,360,21812,23925,734387,1,11,47325,37815.14,13122423,12390746,0
2021-11-13,9916,6278847,3661,5582262,464,540918,13368,723222,185,21997,13596,747983,0,11,27637,37676,13150060,12404830,0
2021-11-14,5977,6284824,2285,5584547,324,541242,7959,731181,82,22079,8062,756045,0,11,16648,37579.29,13166708,12413437,0
2021-11-15,13166,6297990,5976,5590523,688,541930,25183,756364,369,22448,25631,781676,0,11,45461,38150.86,13212169,12433346,0
2021-11-16,9877,6307867,5777,5596300,653,542583,30739,787103,445,22893,31261,812937,0,11,47570,38793.43,13259739,12449732,0
2021-11-17,10203,6318070,6667,5602967,680,543263,31524,818627,428,23321,32042,844979,0,11,49592,39313.29,13309331,12467372,0
2021-11-18,10633,6328703,6522,5609489,854,544117,33132,851759,465,23786,33694,878673,0,11,51703,40848,13361034,12485478,0
2021-11-19,11899,6340602,6546,5616035,706,544823,36371,888130,474,24260,36936,915609,0,11,56087,42099.71,13417121,12504720,0
2021-11-20,9277,6349879,3413,5619448,512,545335,22582,910712,262,24522,22896,938505,0,11,36098,43308.43,13453219,12517974,0
2021-11-21,4890,6354769,1887,5621335,288,545623,13251,923963,157,24679,13433,951938,1,12,20499,43858.57,13473718,12525064,0
2021-11-22,10319,6365088,5782,5627117,748,546371,36032,959995,452,25131,36576,988514,0,12,53425,44996.29,13527143,12542005,0
2021-11-23,9678,6374766,4780,5631897,632,547003,33624,993619,388,25519,34084,1022598,0,12,49175,45225.57,13576318,12557168,0
2021-11-24,8612,6383378,4747,5636644,648,547651,26004,1019623,291,25810,26366,1048964,1,13,40374,43908.71,13616692,12571246,0
2021-11-25,447,6383825,329,5636973,80,547731,1004,1020627,9,25819,1013,1049977,0,13,1869,36789.57,13618561,12572102,0
2021-11-26,7991,6391816,7005,5643978,528,548259,26656,1047283,311,26130,27024,1077001,0,13,42548,34855.43,13661109,12587683,0
2021-11-27,6635,6398451,6860,5650838,370,548629,18897,1066180,229,26359,19164,1096165,0,13,33030,34417.14,13694139,12601587,0
2021-11-28,4028,6402479,5791,5656629,279,548908,11947,1078127,122,26481,12089,1108254,0,13,22187,34658.29,13716326,12611705,0
2021-11-29,8995,6411474,11016,5667645,684,549592,35166,1113293,459,26940,35702,1143956,1,14,56398,35083,13772724,12632477,0
2021-11-30,10396,6421870,11444,5679089,510,550102,37891,1151184,505,27445,38509,1182465,0,14,60859,36752.14,13833583,12654940,0
2021-12-01,11057,6432927,10983,5690072,724,550826,40496,1191680,442,27887,41037,1223502,0,14,63803,40099.14,13897386,12677805,0
2021-12-02,11516,6444443,11055,5701127,625,551451,42349,1234029,471,28358,42919,1266421,0,14,66115,49277.14,13963501,12701100,0
2021-12-03,13345,6457788,12910,5714037,664,552115,48121,1282150,543,28901,48769,1315190,1,15,75689,54011.57,14039190,12728124,0
2021-12-04,9741,6467529,11322,5725359,564,552679,30776,1312926,312,29213,31142,1346332,0,15,52769,56831.43,14091959,12749805,0
2021-12-05,5694,6473223,5703,5731062,270,552949,16714,1329640,131,29344,16881,1363213,0,15,28549,57740.29,14120508,12761509,0
2021-12-06,12209,6485432,9991,5741053,599,553548,43390,1373030,467,29811,43949,1407162,0,15,66749,59219,14187257,12784401,0
2021-12-07,12477,6497909,9259,5750312,623,554171,43203,1416233,521,30332,43813,1450975,0,15,66172,59978,14253429,12806849,0
2021-12-08,13429,6511338,8780,5759092,555,554726,40928,1457161,494,30826,41504,1492479,0,15,64268,60044.43,14317697,12829695,0
2021-12-09,13369,6524707,8757,5767849,551,555277,40984,1498145,504,31330,41586,1534065,0,15,64264,59780,14381961,12852471,0
2021-12-10,13928,6538635,10162,5778011,666,555943,43822,1541967,541,31871,44451,1578516,0,15,69207,58854,14451168,12877315,0
2021-12-11,10196,6548831,8155,5786166,405,556348,26777,1568744,292,32163,27119,1605635,0,15,45876,57869.29,14497044,12896122,0
2021-12-12,5972,6554803,3857,5790023,287,556635,15208,1583952,137,32300,15369,1621004,0,15,25485,57431.57,14522529,12906262,0
2021-12-13,12100,6566903,7437,5797460,655,557290,38039,1621991,406,32706,38529,1659533,0,15,58721,56284.71,14581250,12926538,0
2021-12-14,12134,6579037,6948,5804408,730,558020,38295,1660286,448,33154,38811,1698344,0,15,58624,55206.43,14639874,12946419,0
2021-12-15,11983,6591020,6244,5810652,754,558774,38288,1698574,498,33652,38867,1737211,0,15,57849,54289.43,14697723,12965482,0
2021-12-16,13063,6604083,4266,5814918,737,559511,41258,1739832,469,34121,41801,1779012,0,15,59867,53661.29,14757590,12983622,0
2021-12-17,15826,6619909,6946,5821864,617,560128,46954,1786786,486,34607,47536,1826548,0,15,70925,53906.71,14828515,13007107,0
2021-12-18,12938,6632847,5734,5827598,432,560560,30709,1817495,280,34887,31046,1857594,1,16,50150,54517.29,14878665,13026267,0
2021-12-19,6959,6639806,2994,5830592,326,560886,18059,1835554,181,35068,18271,1875865,0,16,28550,54955.14,14907215,13036577,0
2021-12-20,16707,6656513,5856,5836448,745,561631,47654,1883208,585,35653,48320,1924185,0,16,71628,56799,14978843,13059966,0
2021-12-21,17833,6674346,6575,5843023,806,562437,49082,1932290,605,36258,49766,1973951,0,16,74981,59135.71,15053824,13085260,0
2021-12-22,18471,6692817,6557,5849580,938,563375,49841,1982131,547,36805,50467,2024418,1,17,76434,61790.71,15130258,13111305,0
2021-12-23,18929,6711746,6486,5856066,930,564305,46030,2028161,541,37346,46637,2071055,0,17,72982,63664.29,15203240,13137716,0
2021-12-24,9178,6720924,2958,5859024,598,564903,20659,2048820,212,37558,20905,2091960,0,17,33639,58337.71,15236879,13150484,0
2021-12-25,342,6721266,63,5859087,31,564934,427,2049247,8,37566,436,2092396,0,17,872,51298,15237751,13150921,0
2021-12-26,7914,6729180,3932,5863019,341,565275,17319,2066566,179,37745,17529,2109925,0,17,29716,51464.57,15267467,13163139,0
2021-12-27,21691,6750871,9213,5872232,934,566209,43569,2110135,569,38314,44211,2154136,0,17,76049,52096.14,15343516,13195050,0
2021-12-28,20046,6770917,8343,5880575,700,566909,47712,2157847,627,38941,48428,2202564,0,17,77517,52458.43,15421033,13224228,0
2021-12-29,18421,6789338,7676,5888251,606,567515,45694,2203541,498,39439,46267,2248831,0,17,72970,51963.57,15494003,13251006,0
2021-12-30,16811,6806149,7444,5895695,588,568103,44944,2248485,598,40037,45630,2294461,0,17,70474,51605.29,15564477,13275938,0
2021-12-31,5336,6811485,2820,5898515,193,568296,14799,2263284,188,40225,15009,2309470,0,17,23358,50136.57,15587835,13284309,0
2022-01-01,244,6811729,149,5898664,12,568308,504,2263788,36,40261,544,2310014,0,17,949,50147.57,15588784,13284718,0
2022-01-02,6402,6818131,5020,5903684,153,568461,11011,2274799,111,40372,11137,2321151,0,17,22712,49147,15611496,13296308,0
2022-01-03,14074,6832205,8528,5912212,515,568976,27033,2301832,349,40721,27426,2348577,2,19,50545,45503.57,15662041,13319469,0
2022-01-04,12767,6844972,8128,5920340,414,569390,27319,2329151,372,41093,27750,2376327,12,31,49068,41439.43,15711109,13340834,0
2022-01-05,11281,6856253,7032,5927372,386,569776,26040,2355191,317,41410,26400,2402727,0,31,45100,37458,15756209,13359577,0
2022-01-06,11305,6867558,7401,5934773,485,570261,27678,2382869,361,41771,28091,2430818,2,33,47283,34145,15803492,13378819,0
2022-01-07,10113,6877671,8460,5943233,339,570600,25244,2408113,331,42102,25609,2456427,0,33,44522,37168.43,15848014,13397766,0
2022-01-08,7640,6885311,8606,5951839,311,570911,19646,2427759,193,42295,19856,2476283,0,33,36414,42234.86,15884428,13414341,0
2022-01-09,4102,6889413,3844,5955683,214,571125,10082,2437841,100,42395,10193,2486476,1,34,18356,41612.57,15902784,13422514,0
2022-01-10,10135,6899548,8201,5963884,490,571615,24649,2462490,309,42704,25009,2511485,1,35,43835,40654,15946619,13441390,0
2022-01-11,8833,6908381,7989,5971873,522,572137,21082,2483572,298,43002,21424,2532909,0,35,38772,39183.14,15985391,13458782,0
2022-01-12,8886,6917267,8333,5980206,427,572564,22408,2505980,294,43296,22737,2555646,1,36,40385,38509.57,16025776,13476464,0
2022-01-13,8984,6926251,8872,5989078,451,573015,22960,2528940,338,43634,23336,2578982,1,37,41646,37704.29,16067422,13494811,0
2022-01-14,10056,6936307,8125,5997203,474,573489,26493,2555433,341,43975,26876,2605858,0,37,45531,37848.43,16112953,13513508,0
2022-01-15,6183,6942490,4320,6001523,180,573669,15172,2570605,186,44161,15381,2621239,0,37,26064,36369.86,16139017,13524214,0
2022-01-16,2888,6945378,3250,6004773,95,573764,7846,2578451,88,44249,7943,2629182,0,37,14177,35772.86,16153194,13530457,0
2022-01-17,6036,6951414,6759,6011532,363,574127,14725,2593176,224,44473,14967,2644149,0,37,28125,33528.57,16181319,13543633,0
2022-01-18,8110,6959524,10326,6021858,393,574520,19717,2612893,327,44800,20075,2664224,0,37,38904,33547.43,16220223,13562493,0
2022-01-19,7403,6966927,9265,6031123,303,574823,17762,2630655,285,45085,18079,2682303,1,38,35051,32785.43,16255274,13579496,0
2022-01-20,6224,6973151,8568,6039691,305,575128,15306,2645961,257,45342,15590,2697893,0,38,30688,31220,16285962,13594621,0
2022-01-21,7510,6980661,7524,6047215,276,575404,18553,2664514,293,45635,18871,2716764,1,39,34181,29598.57,16320143,13609955,0
2022-01-22,5173,6985834,4953,6052168,132,575536,11344,2675858,131,45766,11500,2728264,0,39,21758,28983.43,16341901,13620238,0
2022-01-23,2778,6988612,3337,6055505,97,575633,6251,2682109,79,45845,6338,2734602,0,39,12550,28751,16354451,13626458,0
2022-01-24,6322,6994934,8215,6063720,262,575895,15102,2697211,252,46097,15381,2749983,0,39,30181,29044.71,16384632,13641285,0
2022-01-25,6139,7001073,7957,6071677,230,576125,14742,2711953,292,46389,15068,2765051,0,39,29394,27686.14,16414026,13655645,0
2022-01-26,5709,7006782,7190,6078867,288,576413,14044,2725997,225,46614,14297,2779348,0,39,27484,26605.14,16441510,13668860,0
2022-01-27,5208,7011990,7097,6085964,320,576733,14122,2740119,243,46857,14404,2793752,0,39,27029,26082.43,16468539,13681524,0
2022-01-28,6210,7018200,7887,6093851,205,576938,16164,2756283,243,47100,16430,2810182,1,40,30733,25589.86,16499272,13695849,0
2022-01-29,834,7019034,729,6094580,28,576966,2544,2758827,40,47140,2587,2812769,0,40,4178,23078.43,16503450,13697443,0
2022-01-30,2072,7021106,3025,6097605,103,577069,4556,2763383,64,47204,4624,2817393,0,40,9824,22689,16513274,13702647,0
2022-01-31,4974,7026080,6595,6104200,219,577288,11415,2774798,204,47408,11634,2829027,0,40,23422,21723.43,16536696,13714450,0
2022-02-01,4796,7030876,6458,6110658,220,577508,10741,2785539,222,47630,10981,2840008,1,41,22456,20732.29,16559152,13725942,0
2022-02-02,4246,7035122,5936,6116594,212,577720,11262,2796801,243,47873,11523,2851531,0,41,21917,19937,16581069,13736354,0
2022-02-03,4201,7039323,5819,6122413,216,577936,11239,2808040,207,48080,11472,2863003,1,42,21709,19177,16602778,13746616,0
2022-02-04,4728,7044051,7121,6129534,214,578150,13251,2821291,241,48321,13517,2876520,0,42,25580,18440.86,16628358,13758704,0
2022-02-05,3557,7047608,6080,6135614,110,578260,8606,2829897,158,48479,8779,2885299,0,42,18526,20490.57,16646884,13768466,0
2022-02-06,2048,7049656,2138,6137752,120,578380,4652,2834549,105,48584,4761,2890060,0,42,9068,20382.57,16655952,13772777,0
2022-02-07,4119,7053775,4750,6142502,205,578585,10152,2844701,238,48822,10415,2900475,0,42,19489,19820.71,16675441,13781876,0
2022-02-08,4184,7057959,5608,6148110,214,578799,11351,2856052,316,49138,11692,2912167,0,42,21698,19712.43,16697139,13791907,0
2022-02-09,4106,7062065,5405,6153515,221,579020,11685,2867737,259,49397,11968,2924135,0,42,21700,19681.43,16718839,13801663,0
2022-02-10,3963,7066028,5128,6158643,243,579263,12217,2879954,292,49689,12538,2936673,0,42,21872,19704.71,16740711,13811026,0
2022-02-11,4490,7070518,5812,6164455,195,579458,13756,2893710,327,50016,14115,2950788,0,42,24612,19566.43,16765323,13821555,0
2022-02-12,3239,7073757,4353,6168808,97,579555,8824,2902534,219,50235,9054,2959842,0,42,16743,19311.71,16782066,13829255,0
2022-02-13,1510,7075267,1543,6170351,41,579596,4889,2907423,113,50348,5007,2964849,0,42,8101,19173.57,16790167,13832354,0
2022-02-14,2958,7078225,3630,6173981,167,579763,10593,2918016,330,50678,10950,2975799,1,43,17706,18918.86,16807873,13839136,0
2022-02-15,3517,7081742,4077,6178058,174,579937,12807,2930823,291,50969,13114,2988913,0,43,20882,18802.29,16828755,13846920,0
2022-02-16,3615,7085357,3910,6181968,199,580136,15768,2946591,299,51268,16102,3005015,0,43,23826,19106,16852581,13854679,0
2022-02-17,3987,7089344,4082,6186050,162,580298,18372,2964963,374,51642,18776,3023791,0,43,27007,19839.57,16879588,13862940,0
2022-02-18,4424,7093768,4791,6190841,190,580488,21566,2986529,467,52109,22057,3045848,1,44,31463,20818.29,16911051,13872369,0
2022-02-19,3232,7097000,2186,6193027,65,580553,11204,2997733,219,52328,11434,3057282,0,44,16917,20843.14,16927968,13877863,0
2022-02-20,1844,7098844,1446,6194473,59,580612,6598,3004331,115,52443,6720,3064002,0,44,10069,21124.29,16938037,13881219,0
2022-02-21,3071,7101915,2697,6197170,93,580705,8367,3012698,236,52679,8616,3072618,0,44,14477,20663,16952514,13887093,0
2022-02-22,4359,7106274,4266,6201436,174,580879,10851,3023549,258,52937,11126,3083744,0,44,19925,20526.29,16972439,13895909,0
2022-02-23,4230,7110504,3792,6205228,145,581024,10695,3034244,243,53180,10955,3094699,1,45,19123,19854.43,16991562,13904093,0
2022-02-24,3780,7114284,3663,6208891,108,581132,10203,3044447,241,53421,10462,3105161,1,46,18014,18569.71,17009576,13911662,0
2022-02-25,3587,7117871,3637,6212528,135,581267,9996,3054443,248,53669,10257,3115418,0,46,17616,16591.57,17027192,13919034,0
2022-02-26,2817,7120688,2591,6215119,74,581341,9527,3063970,161,53830,9696,3125114,0,46,15178,16343.14,17042370,13924524,0
2022-02-27,1763,7122451,1373,6216492,52,581393,6274,3070244,102,53932,6383,3131497,0,46,9571,16272,17051941,13927719,0
2022-02-28,3767,7126218,3138,6219630,140,581533,13154,3083398,259,54191,13437,3144934,0,46,20482,17129.86,17072423,13934788,0
2022-03-01,2115,7128333,2633,6222263,102,581635,5192,3088590,188,54379,5387,3150321,0,46,10237,15745.86,17082660,13939645,0
2022-03-02,1822,7130155,2449,6224712,107,581742,4149,3092739,211,54590,4371,3154692,0,46,8749,14263.86,17091409,13944034,0
2022-03-03,1928,7132083,2564,6227276,106,581848,3806,3096545,172,54762,3992,3158684,0,46,8590,12917.57,17099999,13948646,0
2022-03-04,2113,7134196,2883,6230159,66,581914,4337,3100882,211,54973,4560,3163244,0,46,9622,11775.57,17109621,13953720,0
2022-03-05,1609,7135805,2128,6232287,43,581957,3320,3104202,119,55092,3442,3166686,0,46,7222,10639,17116843,13957503,0
2022-03-06,793,7136598,881,6233168,30,581987,1627,3105829,55,55147,1685,3168371,0,46,3389,9755.86,17120232,13959210,0
2022-03-07,1658,7138256,1788,6234956,87,582074,3507,3109336,162,55309,3683,3172054,0,46,7216,7860.71,17127448,13962757,0
2022-03-08,1541,7139797,1898,6236854,80,582154,3131,3112467,154,55463,3297,3175351,0,46,6816,7372,17134264,13966288,0
2022-03-09,1260,7141057,1685,6238539,80,582234,2596,3115063,129,55592,2731,3178082,0,46,5756,6944.43,17140020,13969319,0
2022-03-10,1408,7142465,2098,6240637,85,582319,2973,3118036,165,55757,3147,3181229,0,46,6738,6679.86,17146758,13972919,0
2022-03-11,1595,7144060,2278,6242915,81,582400,3217,3121253,190,55947,3425,3184654,0,46,7379,6359.43,17154137,13976891,0
2022-03-12,876,7144936,1419,6244334,42,582442,2011,3123264,75,56022,2089,3186743,0,46,4426,5960,17158563,13979231,0
2022-03-13,624,7145560,757,6245091,28,582470,1291,3124555,49,56071,1343,3188086,0,46,2752,5869,17161315,13980643,0
2022-03-14,1359,7146919,1616,6246707,84,582554,3001,3127556,209,56280,3231,3191317,0,46,6290,5736.71,17167605,13983723,0
2022-03-15,1353,7148272,1926,6248633,63,582617,3071,3130627,236,56516,3315,3194632,0,46,6657,5714,17174262,13987073,0
2022-03-16,1395,7149667,2060,6250693,94,582711,3150,3133777,296,56812,3462,3198094,0,46,7011,5893.29,17181273,13990638,0
2022-03-17,1191,7150858,1808,6252501,70,582781,2766,3136543,268,57080,3048,3201142,0,46,6117,5804.57,17187390,13993721,0
2022-03-18,1577,7152435,2222,6254723,79,582860,3781,3140324,421,57501,4208,3205350,1,47,8087,5905.71,17195477,13997605,0
2022-03-19,1102,7153537,1736,6256459,54,582914,2607,3142931,231,57732,2843,3208193,0,47,5735,6092.71,17201212,14000502,0
2022-03-20,604,7154141,630,6257089,33,582947,1470,3144401,186,57918,1660,3209853,0,47,2927,6117.71,17204139,14001773,0
2022-03-21,1412,7155553,1560,6258649,73,583020,3062,3147463,361,58279,3445,3213298,1,48,6491,6146.43,17210630,14004840,0
2022-03-22,1340,7156893,1553,6260202,101,583121,2907,3150370,350,58629,3267,3216565,0,48,6261,6089.86,17216891,14007844,0
2022-03-23,1256,7158149,1361,6261563,66,583187,2923,3153293,375,59004,3308,3219873,0,48,5991,5944.14,17222882,14010537,0
2022-03-24,1207,7159356,1300,6262863,90,583277,2521,3155814,274,59278,2805,3222678,0,48,5402,5842,17228284,14013144,0
2022-03-25,1379,7160735,1636,6264499,62,583339,3269,3159083,386,59664,3668,3226346,0,48,6745,5650.29,17235029,14016234,0
2022-03-26,921,7161656,1169,6265668,36,583375,2311,3161394,254,59918,2573,3228919,0,48,4699,5502.29,17239728,14018368,0
2022-03-27,574,7162230,528,6266196,29,583404,1314,3162708,203,60121,1519,3230438,0,48,2650,5462.71,17242378,14019501,0
2022-03-28,1071,7163301,1170,6267366,69,583473,2445,3165153,366,60487,2829,3233267,0,48,5139,5269.57,17247517,14021829,0
2022-03-29,1044,7164345,1107,6268473,84,583557,2517,3167670,885,61372,3423,3236690,1,49,5658,5183.43,17253175,14024084,0
2022-03-30,1236,7165581,1138,6269611,99,583656,3065,3170735,3412,64784,6568,3243258,0,49,9041,5619.14,17262216,14026648,0
2022-03-31,1275,7166856,1250,6270861,58,583714,3163,3173898,5533,70317,8835,3252093,0,49,11419,6478.71,17273635,14029371,0
2022-04-01,1422,7168278,1487,6272348,77,583791,3246,3177144,6923,77240,10327,3262420,0,49,13313,7417,17286948,14032515,0
2022-04-02,905,7169183,911,6273259,33,583824,2085,3179229,4540,81780,6722,3269142,0,49,8571,7970.14,17295519,14034461,0
2022-04-03,553,7169736,491,6273750,28,583852,1220,3180449,3060,84840,4344,3273486,0,49,5416,8365.29,17300935,14035597,0
2022-04-04,1344,7171080,1301,6275051,62,583914,2722,3183171,7723,92563,10600,3284086,0,49,13307,9532.14,17314242,14038459,0
2022-04-05,1290,7172370,1154,6276205,66,583980,2846,3186017,7502,100065,10523,3294609,0,49,13033,10585.71,17327275,14041144,0
2022-04-06,1328,7173698,1175,6277380,61,584041,2626,3188643,6961,107026,9749,3304358,0,49,12313,11053.14,17339588,14043870,0
2022-04-07,1198,7174896,1061,6278441,57,584098,2378,3191021,6628,113654,9155,3313513,1,50,11472,11060.71,17351060,14046335,0
2022-04-08,1472,7176368,1411,6279852,61,584159,3168,3194189,8794,122448,12158,3325671,0,50,15102,11316.29,17366162,14049475,0
2022-04-09,907,7177275,925,6280777,29,584188,2083,3196272,4959,127407,7127,3332798,0,50,8988,11375.86,17375150,14051421,0
2022-04-10,573,7177848,459,6281236,25,584213,1169,3197441,2903,130310,4134,3336932,0,50,5191,11343.71,17380341,14052540,0
2022-04-11,1305,7179153,1225,6282461,61,584274,2653,3200094,7843,138153,10651,3347583,0,50,13242,11334.43,17393583,14055286,0
2022-04-12,1211,7180364,1054,6283515,73,584347,2521,3202615,7449,145602,10143,3357726,0,50,12481,11255.57,17406064,14057797,0
2022-04-13,1227,7181591,1074,6284589,60,584407,2513,3205128,7552,153154,10215,3367941,0,50,12576,11293.14,17418640,14060308,0
2022-04-14,1261,7182852,1095,6285684,58,584465,2442,3207570,6595,159749,9166,3377107,1,51,11581,11308.71,17430221,14062851,0
2022-04-15,1332,7184184,1093,6286777,53,584518,2555,3210125,6635,166384,9322,3386429,0,51,11800,10837,17442021,14065461,0
2022-04-16,853,7185037,651,6287428,34,584552,1642,3211767,3694,170078,5402,3391831,0,51,6940,10544.43,17448961,14067065,0
2022-04-17,345,7185382,201,6287629,27,584579,637,3212404,1159,171237,1819,3393650,0,51,2392,10144.57,17451353,14067661,0
2022-04-18,1378,7186760,1113,6288742,82,584661,2581,3214985,6419,177656,9142,3402792,0,51,11715,9926.43,17463068,14070376,0
2022-04-19,1408,7188168,932,6289674,71,584732,2574,3217559,5766,183422,8443,3411235,0,51,10854,9694,17473922,14072890,0
2022-04-20,1297,7189465,1150,6290824,65,584797,2712,3220271,6648,190070,9503,3420738,0,51,12015,9613.86,17485937,14075545,0
2022-04-21,1224,7190689,1062,6291886,53,584850,2339,3222610,5402,195472,7859,3428597,1,52,10199,9416.43,17496136,14078002,0
2022-04-22,1231,7191920,1038,6292924,46,584896,2240,3224850,5785,201257,8139,3436736,0,52,10454,9224.14,17506590,14080431,0
2022-04-23,711,7192631,751,6293675,59,584955,1428,3226278,3353,204610,4847,3441583,0,52,6368,9142.43,17512958,14082018,0
2022-04-24,445,7193076,344,6294019,27,584982,812,3227090,1845,206455,2690,3444273,0,52,3506,9301.57,17516464,14082867,0
2022-04-25,1037,7194113,916,6294935,64,585046,1850,3228940,5094,211549,7058,3451331,0,52,9076,8924.57,17525540,14084999,0
2022-04-26,947,7195060,856,6295791,76,585122,1748,3230688,4695,216244,6539,3457870,0,52,8418,8576.57,17533958,14086974,0
2022-04-27,1034,7196094,1021,6296812,80,585202,1924,3232612,5219,221463,7264,3465134,0,52,9399,8202.86,17543357,14089230,0
2022-04-28,1080,7197174,988,6297800,50,585252,2007,3234619,4747,226210,6867,3472001,1,53,8987,8029.71,17552344,14091462,0
2022-04-29,1173,7198347,1102,6298902,60,585312,2157,3236776,5439,231649,7711,3479712,0,53,10046,7971.43,17562390,14093912,0
2022-04-30,724,7199071,743,6299645,50,585362,1391,3238167,2966,234615,4404,3484116,0,53,5921,7907.57,17568311,14095476,0
2022-05-01,445,7199516,366,6300011,20,585382,766,3238933,1656,236271,2454,3486570,0,53,3285,7876,17571596,14096339,0
2022-05-02,1045,7200561,790,6300801,52,585434,1674,3240607,3823,240094,5568,3492138,2,55,7456,7644.57,17579052,14098296,0
2022-05-03,1118,7201679,863,6301664,61,585495,1993,3242600,4871,244965,6962,3499100,0,55,9004,7728.29,17588056,14100436,0
2022-05-04,1003,7202682,882,6302546,48,585543,1925,3244525,4682,249647,6697,3505797,0,55,8630,7618.43,17596686,14102459,0
2022-05-05,1070,7203752,952,6303498,86,585629,1928,3246453,4888,254535,6916,3512713,0,55,9024,7623.71,17605710,14104667,0
2022-05-06,1095,7204847,956,6304454,51,585680,1859,3248312,4403,258938,6340,3519053,2,57,8442,7394.57,17614152,14106845,0
2022-05-07,659,7205506,590,6305044,32,585712,1205,3249517,2435,261373,3680,3522733,1,58,4961,7257.43,17619113,14108165,0
2022-05-08,411,7205917,243,6305287,17,585729,664,3250181,1389,262762,2075,3524808,0,58,2746,7180.43,17621859,14108858,0
2022-05-09,1077,7206994,944,6306231,60,585789,1892,3252073,4437,267199,6422,3531230,0,58,8503,7330,17630362,14111032,0
2022-05-10,1093,7208087,928,6307159,54,585843,1979,3254052,4723,271922,6810,3538040,0,58,8885,7313,17639247,14113215,0
2022-05-11,1084,7209171,972,6308131,44,585887,1941,3255993,4845,276767,6888,3544928,0,58,8988,7364.14,17648235,14115417,0
2022-05-12,1099,7210270,949,6309080,60,585947,2002,3257995,4667,281434,6770,3551698,0,58,8878,7343.29,17657113,14117626,0
2022-05-13,1153,7211423,1039,6310119,44,585991,2073,3260068,4812,286246,6978,3558676,0,58,9214,7453.57,17666327,14119955,0
2022-05-14,827,7212250,671,6310790,31,586022,1468,3261536,2964,289210,4474,3563150,0,58,6003,7602.43,17672330,14121526,0
2022-05-15,508,7212758,355,6311145,22,586044,924,3262460,1650,290860,2600,3565750,0,58,3485,7708,17675815,14122437,0
2022-05-16,1223,7213981,855,6312000,62,586106,1832,3264292,3869,294729,5765,3571515,1,59,7906,7622.71,17683721,14124641,0
2022-05-17,1284,7215265,932,6312932,79,586185,2047,3266339,4899,299628,7040,3578555,1,60,9336,7687.14,17693057,14127030,0
2022-05-18,1235,7216500,898,6313830,82,586267,2063,3268402,4946,304574,7124,3585679,1,61,9340,7737.43,17702397,14129360,0
2022-05-19,1157,7217657,880,6314710,36,586303,2118,3270520,4733,309307,6937,3592616,0,61,9010,7756.29,17711407,14131519,0
2022-05-20,1196,7218853,960,6315670,73,586376,2370,3272890,5213,314520,7694,3600310,1,62,9926,7858,17721333,14133861,0
2022-05-21,831,7219684,647,6316317,23,586399,1726,3274616,3312,317832,5099,3605409,0,62,6600,7943.29,17727933,14135423,0
2022-05-22,506,7220190,292,6316609,22,586421,1135,3275751,1841,319673,3010,3608419,0,62,3830,7992.57,17731763,14136277,0
2022-05-23,1216,7221406,884,6317493,52,586473,2191,3277942,4713,324386,7005,3615424,1,63,9158,8171.43,17740921,14138530,0
2022-05-24,1404,7222810,934,6318427,66,586539,2306,3280248,4494,328880,6904,3622328,0,63,9309,8167.57,17750230,14141039,0
2022-05-25,1410,7224220,956,6319383,56,586595,2265,3282513,4276,333156,6641,3628969,0,63,9064,8128.14,17759294,14143562,0
2022-05-26,1167,7225387,890,6320273,60,586655,2273,3284786,4156,337312,6497,3635466,1,64,8616,8071.86,17767910,14145748,0
2022-05-27,1244,7226631,956,6321229,38,586693,2495,3287281,3927,341239,6499,3641965,0,64,8738,7902.14,17776648,14148064,0
2022-05-28,710,7227341,517,6321746,19,586712,1784,3289065,2067,343306,3891,3645856,0,64,5137,7693.14,17781785,14149350,0
2022-05-29,472,7227813,216,6321962,11,586723,760,3289825,1126,344432,1906,3647762,0,64,2605,7518.14,17784390,14150069,0
2022-05-30,91,7227904,62,6322024,6,586729,138,3289963,144,344576,284,3648046,2,66,445,6273.43,17784835,14150230,0
2022-05-31,1135,7229039,918,6322942,51,586780,1901,3291864,3054,347630,5016,3653062,0,66,7120,5960.71,17791955,14152395,0
2022-06-01,1152,7230191,850,6323792,63,586843,1968,3293832,3434,351064,5478,3658540,0,66,7543,5743.43,17799498,14154536,0
2022-06-02,1026,7231217,799,6324591,72,586915,1828,3295660,3178,354242,5068,3663608,0,66,6965,5507.57,17806463,14156495,0
2022-06-03,1156,7232373,895,6325486,47,586962,2071,3297731,3496,357738,5636,3669244,0,66,7734,5364.14,17814197,14158662,0
2022-06-04,721,7233094,584,6326070,26,586988,1559,3299290,1907,359645,3502,3672746,0,66,4835,5321,17819032,14160031,0
2022-06-05,448,7233542,297,6326367,1,586989,880,3300170,981,360626,1870,3674616,0,66,2616,5322.57,17821648,14160786,0
2022-06-06,1121,7234663,828,6327195,64,587053,1758,3301928,2747,363373,4555,3679171,0,66,6568,6197.29,17828216,14162849,0
2022-06-07,1017,7235680,772,6327967,70,587123,1797,3303725,2569,365942,4413,3683584,0,66,6273,6076.29,17834489,14164756,0
2022-06-08,1090,7236770,836,6328803,75,587198,1877,3305602,2754,368696,4693,3688277,1,67,6694,5955,17841183,14166818,0
2022-06-09,1138,7237908,839,6329642,62,587260,2230,3307832,2693,371389,4975,3693252,0,67,7014,5962,17848197,14168909,0
2022-06-10,1045,7238953,816,6330458,75,587335,1882,3309714,2833,374222,4772,3698024,0,67,6708,5815.43,17854905,14170902,0
2022-06-11,678,7239631,507,6330965,25,587360,1333,3311047,1505,375727,2865,3700889,0,67,4075,5706.86,17858980,14172139,0
2022-06-12,350,7239981,287,6331252,21,587381,876,3311923,775,376502,1661,3702550,0,67,2319,5664.43,17861299,14172807,0
2022-06-13,1028,7241009,768,6332020,62,587443,1581,3313504,2189,378691,3810,3706360,0,67,5669,5536,17866968,14174706,0
2022-06-14,973,7241982,833,6332853,64,587507,1693,3315197,2505,381196,4260,3710620,0,67,6130,5515.57,17873098,14176638,0
2022-06-15,969,7242951,865,6333718,39,587546,1666,3316863,2428,383624,4153,3714773,0,67,6026,5420.14,17879124,14178570,0
2022-06-16,960,7243911,776,6334494,59,587605,1835,3318698,2367,385991,4256,3719029,1,68,6051,5282.57,17885175,14180418,0
2022-06-17,899,7244810,797,6335291,48,587653,1772,3320470,2405,388396,4222,3723251,1,69,5968,5176.86,17891143,14182208,0
2022-06-18,659,7245469,522,6335813,26,587679,1284,3321754,1297,389693,2610,3725861,2,71,3817,5140,17894960,14183442,0
2022-06-19,346,7245815,231,6336044,16,587695,728,3322482,611,390304,1351,3727212,0,71,1944,5086.43,17896904,14184047,0
2022-06-20,828,7246643,490,6336534,41,587736,1580,3324062,1612,391916,3231,3730443,0,71,4590,4932.29,17901494,14185445,0
2022-06-21,1130,7247773,740,6337274,49,587785,1703,3325765,2143,394059,3902,3734345,0,71,5822,4888.29,17907316,14187421,0
2022-06-22,1958,7249731,836,6338110,46,587831,1710,3327475,1996,396055,3749,3738094,0,71,6589,4968.71,17913905,14190304,0
2022-06-23,2117,7251848,763,6338873,66,587897,1704,3329179,2157,398212,3913,3742007,0,71,6859,5084.14,17920764,14193302,0
2022-06-24,2169,7254017,761,6339634,48,587945,1625,3330804,2157,400369,3830,3745837,0,71,6808,5204.14,17927572,14196328,0
2022-06-25,2137,7256154,497,6340131,15,587960,1237,3332041,1143,401512,2396,3748233,0,71,5048,5380,17932620,14198996,0
2022-06-26,1209,7257363,248,6340379,14,587974,687,3332728,531,402043,1224,3749457,0,71,2695,5487.29,17935315,14200473,0
2022-06-27,1531,7258894,655,6341034,60,588034,1474,3334202,1653,403696,3169,3752626,0,71,5416,5605.29,17940731,14202762,0
2022-06-28,1689,7260583,829,6341863,57,588091,1864,3336066,2145,405841,4054,3756680,0,71,6629,5720.57,17947360,14205382,0
2022-06-29,1857,7262440,777,6342640,48,588139,1718,3337784,1928,407769,3686,3760366,0,71,6368,5689,17953728,14208104,0
2022-06-30,1866,7264306,807,6343447,46,588185,1735,3339519,2134,409903,3913,3764279,0,71,6632,5656.57,17960360,14210867,0
2022-07-01,1606,7265912,597,6344044,26,588211,1399,3340918,1728,411631,3160,3767439,0,71,5389,5453.86,17965749,14213129,0
2022-07-02,979,7266891,390,6344434,19,588230,840,3341758,941,412572,1799,3769238,1,72,3187,5188,17968936,14214534,0
2022-07-03,529,7267420,205,6344639,7,588237,461,3342219,486,413058,950,3770188,0,72,1691,5044.57,17970627,14215278,0
2022-07-04,36,7267456,25,6344664,1,588238,31,3342250,38,413096,69,3770257,0,72,131,4289.57,17970758,14215340,0
2022-07-05,1296,7268752,757,6345421,35,588273,1406,3343656,1739,414835,3175,3773432,0,72,5263,4094.43,17976021,14217458,0
2022-07-06,1612,7270364,677,6346098,44,588317,1443,3345099,1843,416678,3329,3776761,0,72,5662,3993.57,17981683,14219834,0
2022-07-07,1591,7271955,713,6346811,48,588365,1528,3346627,2002,418680,3569,3780330,0,72,5921,3892,17987604,14222225,0
2022-07-08,1633,7273588,651,6347462,37,588402,1475,3348102,1980,420660,3504,3783834,0,72,5826,3954.43,17993430,14224596,0
2022-07-09,985,7274573,435,6347897,26,588428,884,3348986,1347,422007,2262,3786096,0,72,3708,4028.86,17997138,14226073,0
2022-07-10,637,7275210,187,6348084,17,588445,430,3349416,659,422666,1099,3787195,0,72,1940,4064.43,17999078,14226924,0
2022-07-11,1395,7276605,634,6348718,49,588494,1445,3350861,2214,424880,3693,3790888,0,72,5771,4870.14,18004849,14229036,0
2022-07-12,1407,7278012,687,6349405,45,588539,1405,3352266,2514,427394,3994,3794882,0,72,6133,4994.43,18010982,14231250,0
2022-07-13,1614,7279626,725,6350130,37,588576,1524,3353790,2841,430235,4430,3799312,0,72,6806,5157.86,18017788,14233691,0
2022-07-14,1588,7281214,842,6350972,47,588623,1605,3355395,3063,433298,4746,3804058,0,72,7224,5344,18025012,14236247,0
2022-07-15,1615,7282829,937,6351909,47,588670,1579,3356974,3056,436354,4695,3808753,0,72,7294,5553.71,18032306,14238906,0
2022-07-16,881,7283710,586,6352495,9,588679,985,3357959,1701,438055,2716,3811469,1,73,4193,5623,18036499,14240412,0
2022-07-17,550,7284260,289,6352784,16,588695,527,3358486,1168,439223,1719,3813188,0,73,2574,5713.57,18039073,14241291,0
2022-07-18,1404,7285664,844,6353628,45,588740,1429,3359915,2465,441688,3951,3817139,0,73,6244,5781.14,18045317,14243641,0
2022-07-19,1439,7287103,976,6354604,51,588791,1543,3361458,2804,444492,4439,3821578,0,73,6905,5891.43,18052222,14246199,0
2022-07-20,1383,7288486,1485,6356089,50,588841,1352,3362810,2394,446886,3808,3825386,0,73,6727,5880.14,18058949,14249180,0
2022-07-21,1333,7289819,1436,6357525,50,588891,1397,3364207,2362,449248,3808,3829194,0,73,6627,5794.86,18065576,14252048,0
2022-07-22,1429,7291248,1570,6359095,42,588933,1563,3365770,2856,452104,4502,3833696,0,73,7543,5830.43,18073119,14255172,0
2022-07-23,907,7292155,1103,6360198,17,588950,998,3366768,1555,453659,2588,3836284,3,76,4618,5891.14,18077737,14257234,0
2022-07-24,483,7292638,642,6360840,14,588964,504,3367272,805,454464,1317,3837601,0,76,2457,5874.43,18080194,14258382,0
2022-07-25,1230,7293868,765,6361605,59,589023,1263,3368535,2064,456528,3381,3840982,0,76,5435,5758.86,18085629,14260490,0
2022-07-26,1233,7295101,1023,6362628,41,589064,1478,3370013,2445,458973,3981,3844963,0,76,6278,5669.29,18091907,14262845,0
2022-07-27,1319,7296420,1279,6363907,42,589106,1395,3371408,2191,461164,3647,3848610,3,79,6291,5607,18098198,14265547,0
2022-07-28,1312,7297732,1424,6365331,72,589178,1425,3372833,2217,463381,3692,3852302,1,80,6501,5589,18104699,14268405,0
2022-07-29,1318,7299050,1432,6366763,64,589242,1359,3374192,2161,465542,3563,3855865,0,80,6377,5422.43,18111076,14271262,0
2022-07-30,738,7299788,720,6367483,25,589267,794,3374986,962,466504,1778,3857643,0,80,3264,5229,18114340,14272770,0
2022-07-31,422,7300210,590,6368073,14,589281,488,3375474,571,467075,1065,3858708,0,80,2091,5176.71,18116431,14273802,0
2022-08-01,1245,7301455,913,6368986,55,589336,1334,3376808,1510,468585,2890,3861598,1,81,5104,5129.43,18121535,14276061,0
2022-08-02,1229,7302684,1015,6370001,73,589409,1349,3378157,1601,470186,2996,3864594,0,81,5313,4991.57,18126848,14278424,0
2022-08-03,1263,7303947,1191,6371192,41,589450,1343,3379500,1532,471718,2915,3867509,1,82,5411,4865.86,18132259,14280959,0
2022-08-04,1190,7305137,1188,6372380,58,589508,1289,3380789,1458,473176,2778,3870287,0,82,5214,4682,18137473,14283426,0
2022-08-05,1315,7306452,1452,6373832,49,589557,1317,3382106,1442,474618,2783,3873070,0,82,5599,4570.86,18143072,14286266,0
2022-08-06,696,7307148,843,6374675,14,589571,766,3382872,777,475395,1568,3874638,0,82,3122,4550.57,18146194,14287845,0
2022-08-07,390,7307538,454,6375129,14,589585,427,3383299,358,475753,796,3875434,0,82,1654,4488.14,18147848,14288714,0
2022-08-08,1193,7308731,934,6376063,70,589655,1279,3384578,1185,476938,2494,3877928,0,82,4691,4429.14,18152539,14290941,0
2022-08-09,1134,7309865,890,6376953,38,589693,1233,3385811,1162,478100,2428,3880356,1,83,4491,4311.71,18157030,14293036,0
2022-08-10,1222,7311087,1115,6378068,59,589752,1261,3387072,1247,479347,2543,3882899,0,83,4939,4244.29,18161969,14295467,0
2022-08-11,1281,7312368,1070,6379138,84,589836,1212,3388284,1280,480627,2530,3885429,0,83,4965,4208.71,18166934,14297940,0
2022-08-12,1293,7313661,1411,6380549,55,589891,1269,3389553,1249,481876,2550,3887979,0,83,5309,4167.29,18172243,14300731,0
2022-08-13,755,7314416,789,6381338,15,589906,764,3390317,634,482510,1416,3889395,0,83,2975,4146.29,18175218,14302308,0
2022-08-14,469,7314885,477,6381815,20,589926,406,3390723,282,482792,691,3890086,0,83,1657,4146.71,18176875,14303277,0
2022-08-15,1247,7316132,1066,6382881,60,589986,1318,3392041,992,483784,2351,3892437,1,84,4725,4151.57,18181600,14305691,0
2022-08-16,1306,7317438,868,6383749,50,590036,1370,3393411,1078,484862,2480,3894917,0,84,4705,4182.14,18186305,14307948,0
2022-08-17,1213,7318651,960,6384709,39,590075,1235,3394646,1005,485867,2279,3897196,1,85,4492,4118.29,18190797,14310199,0
2022-08-18,1168,7319819,944,6385653,45,590120,1269,3395915,949,486816,2243,3899439,0,85,4400,4037.57,18195197,14312381,0
2022-08-19,1254,7321073,1136,6386789,34,590154,1121,3397036,978,487794,2130,3901569,6,91,4560,3930.57,18199757,14314836,0
2022-08-20,591,7321664,493,6387282,16,590170,635,3397671,516,488310,1164,3902733,1,92,2265,3829.14,18202022,14315949,0
2022-08-21,358,7322022,243,6387525,9,590179,382,3398053,267,488577,652,3903385,0,92,1262,3772.71,18203284,14316562,0
2022-08-22,1221,7323243,924,6388449,40,590219,1237,3399290,889,489466,2153,3905538,0,92,4338,3717.43,18207622,14318774,0
2022-08-23,1239,7324482,1050,6389499,48,590267,1383,3400673,962,490428,2373,3907911,3,95,4713,3718.57,18212335,14321139,0
2022-08-24,1265,7325747,1016,6390515,29,590296,1296,3401969,821,491249,2143,3910054,0,95,4454,3713.14,18216789,14323476,0
2022-08-25,1220,7326967,995,6391510,66,590362,1192,3403161,813,492062,2021,3912075,4,99,4305,3699.57,18221094,14325772,0
2022-08-26,1188,7328155,1179,6392689,56,590418,1192,3404353,781,492843,1994,3914069,1,100,4417,3679.14,18225511,14328215,0
2022-08-27,695,7328850,542,6393231,14,590432,685,3405038,404,493247,1102,3915171,4,104,2357,3692.29,18227868,14329479,0
2022-08-28,378,7329228,240,6393471,10,590442,442,3405480,228,493475,673,3915844,0,104,1301,3697.86,18229169,14330110,0
2022-08-29,1253,7330481,982,6394453,41,590483,1230,3406710,689,494164,1940,3917784,0,104,4217,3680.57,18233386,14332408,0
2022-08-30,1267,7331748,942,6395395,36,590519,1273,3407983,766,494930,2070,3919854,2,106,4317,3624,18237703,14334684,0
2022-08-31,1154,7332902,1014,6396409,43,590562,1105,3409088,573,495503,1699,3921553,0,106,3911,3546.43,18241614,14336917,0
2022-09-01,1027,7333929,963,6397372,51,590613,810,3409898,456,495959,1280,3922833,5,111,3327,3406.71,18244941,14338973,0
2022-09-02,977,7334906,1020,6398392,32,590645,595,3410493,175,496134,777,3923610,92,203,2883,3187.57,18247824,14340994,0
2022-09-03,532,7335438,450,6398842,12,590657,370,3410863,50,496184,424,3924034,314,517,1683,3091.29,18249507,14341943,0
2022-09-04,252,7335690,212,6399054,10,590667,189,3411052,25,496209,216,3924250,312,829,959,3042.43,18250466,14342376,0
2022-09-05,78,7335768,71,6399125,7,590674,44,3411096,16,496225,61,3924311,9,838,226,2472.29,18250692,14342533,0
2022-09-06,1129,7336897,1227,6400352,51,590725,636,3411732,130,496355,775,3925086,1269,2107,4232,2460.14,18254924,14344730,0
2022-09-07,1474,7338371,1380,6401732,38,590763,484,3412216,156,496511,660,3925746,6445,8552,9119,3204.14,18264043,14346764,0
2022-09-08,1521,7339892,1196,6402928,36,590799,253,3412469,111,496622,380,3926126,7796,16348,9816,4131.14,18273859,14348420,0
2022-09-09,1551,7341443,1611,6404539,49,590848,285,3412754,122,496744,438,3926564,9888,26236,12371,5486.57,18286230,14350496,0
2022-09-10,844,7342287,839,6405378,12,590860,270,3413024,45,496789,328,3926892,5317,31553,6758,6211.57,18292988,14351622,0
2022-09-11,494,7342781,441,6405819,11,590871,86,3413110,30,496819,125,3927017,3940,35493,4528,6721.43,18297516,14352094,0
2022-09-12,1671,7344452,1437,6407256,39,590910,206,3413316,92,496911,332,3927349,11658,47151,13540,8623.43,18311056,14353678,0
2022-09-13,1398,7345850,1271,6408527,33,590943,221,3413537,118,497029,388,3927737,9734,56885,11738,9695.71,18322794,14355343,0
2022-09-14,1409,7347259,1271,6409798,32,590975,226,3413763,125,497154,390,3928127,11027,67912,13076,10261,18335870,14357041,0
2022-09-15,1562,7348821,1281,6411079,23,590998,227,3413990,109,497263,371,3928498,12084,79996,14108,10874.14,18349978,14358729,0
2022-09-16,1683,7350504,1630,6412709,27,591025,270,3414260,157,497420,482,3928980,13806,93802,16268,11430.86,18366246,14360764,0
2022-09-17,800,7351304,867,6413576,12,591037,275,3414535,78,497498,376,3929356,7003,100805,8412,11667.14,18374658,14361820,0
2022-09-18,519,7351823,411,6413987,7,591044,74,3414609,26,497524,113,3929469,4484,105289,4976,11731.14,18379634,14362212,0
2022-09-19,1550,7353373,1325,6415312,29,591073,227,3414836,98,497622,351,3929820,13811,119100,15514,12013.14,18395148,14363590,0
2022-09-20,1439,7354812,1250,6416562,27,591100,223,3415059,91,497713,361,3930181,13214,132314,15017,12481.57,18410165,14365079,0
2022-09-21,1666,7356478,1351,6417913,31,591131,259,3415318,131,497844,424,3930605,14939,147253,16845,13020,18427010,14366595,0
2022-09-22,1470,7357948,1261,6419174,28,591159,174,3415492,139,497983,358,3930963,13231,160484,15051,13154.71,18442061,14368102,0
2022-09-23,1735,7359683,1649,6420823,24,591183,252,3415744,145,498128,460,3931423,16945,177429,19248,13580.43,18461309,14370008,0
2022-09-24,799,7360482,887,6421710,8,591191,272,3416016,68,498196,359,3931782,7505,184934,8854,13643.57,18470163,14371017,0
2022-09-25,484,7360966,392,6422102,1,591192,72,3416088,47,498243,128,3931910,4508,189442,4995,13646.29,18475158,14371385,0
2022-09-26,1571,7362537,1245,6423347,16,591208,290,3416378,144,498387,492,3932402,15014,204456,16713,13817.57,18491871,14372650,0
2022-09-27,1534,7364071,1308,6424655,26,591234,283,3416661,174,498561,493,3932895,14160,218616,16153,13979.86,18508024,14374186,0
2022-09-28,1618,7365689,1299,6425954,18,591252,190,3416851,186,498747,429,3933324,15511,234127,17286,14042.86,18525310,14375585,0
2022-09-29,1678,7367367,1298,6427252,19,591271,179,3417030,96,498843,312,3933636,15374,249501,17222,14353,18542532,14377158,0
2022-09-30,1639,7369006,1554,6428806,13,591284,182,3417212,177,499020,405,3934041,16485,265986,18653,14268,18561185,14378967,0
2022-10-01,719,7369725,669,6429475,5,591289,138,3417350,34,499054,181,3934222,7053,273039,7942,14137.71,18569127,14379684,0
2022-10-02,511,7370236,428,6429903,5,591294,48,3417398,45,499099,107,3934329,4428,277467,4838,14115.29,18573965,14380001,0
2022-10-03,1551,7371787,1189,6431092,23,591317,156,3417554,113,499212,316,3934645,14571,292038,15975,14009.86,18589940,14381136,0
2022-10-04,1381,7373168,1157,6432249,15,591332,149,3417703,121,499333,298,3934943,13401,305439,14795,13815.86,18604735,14382260,0
2022-10-05,1590,7374758,1284,6433533,17,591349,283,3417986,164,499497,500,3935443,14864,320303,16689,13730.57,18621424,14383638,0
2022-10-06,1487,7376245,1249,6434782,19,591368,166,3418152,161,499658,385,3935828,14955,335258,16618,13644.29,18638042,14384974,0
2022-10-07,1662,7377907,1427,6436209,15,591383,171,3418323,135,499793,367,3936195,17109,352367,19070,13703.86,18657112,14386629,0
2022-10-08,762,7378669,680,6436889,4,591387,146,3418469,62,499855,225,3936420,7714,360081,8642,13803.86,18665754,14387349,0
2022-10-09,488,7379157,408,6437297,5,591392,47,3418516,55,499910,120,3936540,4694,364775,5119,13844,18670873,14387672,0
2022-10-10,1544,7380701,1251,6438548,14,591406,174,3418690,120,500030,333,3936873,15206,379981,16509,13920.29,18687382,14388681,0
2022-10-11,1638,7382339,1101,6439649,19,591425,178,3418868,154,500184,388,3937261,14319,394300,15853,14071.43,18703235,14389883,0
2022-10-12,1865,7384204,1321,6440970,17,591442,134,3419002,186,500370,387,3937648,16283,410583,17887,14242.57,18721122,14391167,0
2022-10-13,1616,7385820,1150,6442120,28,591470,135,3419137,201,500571,407,3938055,14038,424621,15575,14093.57,18736697,14392368,0
2022-10-14,1815,7387635,1539,6443659,25,591495,130,3419267,181,500752,364,3938419,17210,441831,19194,14111.29,18755891,14394041,0
2022-10-15,766,7388401,639,6444298,9,591504,90,3419357,68,500820,179,3938598,7614,449445,8470,14086.71,18764361,14394739,0
2022-10-16,564,7388965,410,6444708,3,591507,25,3419382,65,500885,121,3938719,4725,454170,5168,14093.71,18769529,14395092,0
2022-10-17,1814,7390779,1250,6445958,18,591525,83,3419465,116,501001,236,3938955,16074,470244,17395,14220.29,18786924,14396214,0
2022-10-18,1686,7392465,1170,6447128,20,591545,100,3419565,135,501136,282,3939237,14639,484883,16011,14242.86,18802935,14397351,0
2022-10-19,2087,7394552,1329,6448457,21,591566,84,3419649,142,501278,289,3939526,16232,501115,17704,14216.71,18820639,14398597,0
2022-10-20,1687,7396239,1166,6449623,11,591577,88,3419737,147,501425,302,3939828,15402,516517,16850,14398.86,18837489,14399810,0
2022-10-21,1802,7398041,1344,6450967,12,591589,93,3419830,150,501575,298,3940126,16735,533252,18403,14285.86,18855892,14401235,0
2022-10-22,742,7398783,668,6451635,9,591598,44,3419874,46,501621,100,3940226,7690,540942,8419,14278.57,18864311,14401874,0
2022-10-23,519,7399302,370,6452005,3,591601,21,3419895,39,501660,69,3940295,4803,545745,5080,14266,18869391,14402091,0
2022-10-24,1743,7401045,1207,6453212,19,591620,70,3419965,112,501772,224,3940519,15559,561304,16846,14187.57,18886237,14403196,0
2022-10-25,1661,7402706,1189,6454401,12,591632,94,3420059,110,501882,233,3940752,15044,576348,16349,14235.86,18902586,14404297,0
2022-10-26,1855,7404561,1330,6455731,11,591643,90,3420149,168,502050,334,3941086,16818,593166,18288,14319.29,18920874,14405509,0
2022-10-27,1581,7406142,1074,6456805,13,591656,91,3420240,128,502178,272,3941358,15117,608283,16416,14257.29,18937290,14406589,0
2022-10-28,1700,7407842,1425,6458230,17,591673,107,3420347,153,502331,319,3941677,16763,625046,18577,14282.14,18955867,14408143,0
2022-10-29,696,7408538,544,6458774,9,591682,69,3420416,57,502388,140,3941817,7743,632789,8413,14281.29,18964280,14408687,0
2022-10-30,521,7409059,305,6459079,3,591685,19,3420435,57,502445,92,3941909,4491,637280,4779,14238.29,18969059,14408899,0
2022-10-31,1676,7410735,1105,6460184,8,591693,47,3420482,126,502571,217,3942126,14593,651873,15538,14051.43,18984597,14409671,0
2022-11-01,1665,7412400,1021,6461205,18,591711,78,3420560,127,502698,237,3942363,13622,665495,14937,13849.71,18999534,14410781,0
2022-11-02,1736,7414136,1124,6462329,17,591728,91,3420651,122,502820,255,3942618,14873,680368,16145,13543.57,19015679,14411840,0
2022-11-03,1421,7415557,1032,6463361,14,591742,84,3420735,167,502987,328,3942946,12623,692991,13902,13184.43,19029581,14412868,0
2022-11-04,1740,7417297,1218,6464579,14,591756,101,3420836,140,503127,275,3943221,15432,708423,17031,12963.57,19046612,14414226,0
2022-11-05,824,7418121,529,6465108,6,591762,65,3420901,82,503209,161,3943382,7044,715467,7756,12869.71,19054368,14414791,0
2022-11-06,408,7418529,330,6465438,4,591766,20,3420921,49,503258,106,3943488,4072,719539,4412,12817.29,19058780,14415062,0
2022-11-07,1639,7420168,1068,6466506,14,591780,75,3420996,101,503359,212,3943700,13219,732758,14380,12651.86,19073160,14416047,0
2022-11-08,1531,7421699,1009,6467515,8,591788,97,3421093,132,503491,270,3943970,12065,744823,13329,12422.14,19086489,14417082,0
2022-11-09,1571,7423270,1059,6468574,9,591797,85,3421178,114,503605,246,3944216,12191,757014,13455,12037.86,19099944,14418147,0
2022-11-10,1486,7424756,1009,6469583,14,591811,73,3421251,147,503752,276,3944492,12343,769357,13619,11997.43,19113563,14419203,0
2022-11-11,1501,7426257,1076,6470659,11,591822,101,3421352,102,503854,224,3944716,12873,782230,14302,11607.57,19127865,14420429,0
2022-11-12,672,7426929,513,6471172,2,591824,57,3421409,61,503915,128,3944844,6429,788659,7048,11506.43,19134913,14420930,0
2022-11-13,496,7427425,340,6471512,4,591828,15,3421424,68,503983,98,3944942,3893,792552,4210,11477.57,19139123,14421164,0
2022-11-14,1444,7428869,1024,6472536,19,591847,59,3421483,114,504097,204,3945146,11629,804181,12743,11243.71,19151866,14422105,0
2022-11-15,1487,7430356,999,6473535,15,591862,103,3421586,164,504261,293,3945439,11272,815453,12650,11146.71,19164516,14423216,0
2022-11-16,1600,7431956,1034,6474569,21,591883,66,3421652,147,504408,249,3945688,11561,827014,12809,11054.43,19177325,14424251,0
2022-11-17,1421,7433377,976,6475545,10,591893,72,3421724,189,504597,302,3945990,10538,837552,11866,10804,19189191,14425318,0
2022-11-18,1585,7434962,1102,6476647,12,591905,69,3421793,117,504714,216,3946206,12405,849957,13997,10760.43,19203188,14426724,0
2022-11-19,677,7435639,437,6477084,4,591909,57,3421850,63,504777,129,3946335,5910,855867,6567,10691.71,19209755,14427261,0
2022-11-20,476,7436115,306,6477390,4,591913,12,3421862,35,504812,64,3946399,3538,859405,3838,10638.57,19213593,14427514,0
2022-11-21,1519,7437634,920,6478310,4,591917,51,3421913,81,504893,149,3946548,10395,869800,11371,10442.57,19224964,14428358,0
2022-11-22,1271,7438905,816,6479126,7,591924,53,3421966,92,504985,163,3946711,9265,879065,10290,10105.43,19235254,14429238,0
2022-11-23,1292,7440197,734,6479860,11,591935,65,3422031,79,505064,170,3946881,8670,887735,9610,9648.43,19244864,14430034,0
2022-11-24,18,7440215,10,6479870,2,591937,0,3422031,6,505070,8,3946889,112,887847,137,7972.86,19245001,14430053,0
2022-11-25,681,7440896,475,6480345,14,591951,37,3422068,55,505125,111,3947000,5683,893530,6420,6890.43,19251421,14430698,0
2022-11-26,591,7441487,379,6480724,2,591953,15,3422083,43,505168,62,3947062,4895,898425,5330,6713.71,19256751,14431075,0
2022-11-27,397,7441884,219,6480943,1,591954,11,3422094,23,505191,49,3947111,3170,901595,3351,6644.14,19260102,14431222,0
2022-11-28,950,7442834,696,6481639,10,591964,58,3422152,64,505255,143,3947254,6945,908540,7911,6149.86,19268013,14432066,0
2022-11-29,927,7443761,708,6482347,8,591972,46,3422198,73,505328,145,3947399,6930,915470,7968,5818.14,19275981,14432985,0
2022-11-30,1213,7444974,867,6483214,16,591988,50,3422248,54,505382,123,3947522,8725,924195,9732,5835.57,19285713,14433888,0
2022-12-01,1129,7446103,767,6483981,13,592001,61,3422309,96,505478,183,3947705,8467,932662,9536,7178.29,19295249,14434800,0
2022-12-02,1315,7447418,974,6484955,14,592015,70,3422379,105,505583,195,3947900,10211,942873,11539,7909.57,19306788,14435953,0
2022-12-03,614,7448032,422,6485377,12,592027,42,3422421,42,505625,87,3947987,4949,947822,5474,7930.14,19312262,14436394,0
2022-12-04,418,7448450,283,6485660,4,592031,7,3422428,26,505651,40,3948027,3269,951091,3495,7950.71,19315757,14436587,0
2022-12-05,1161,7449611,769,6486429,15,592046,62,3422490,71,505722,149,3948176,8603,959694,9613,8193.86,19325370,14437464,0
2022-12-06,1168,7450779,764,6487193,13,592059,69,3422559,89,505811,176,3948352,8130,967824,9129,8359.71,19334499,14438305,0
2022-12-07,1210,7451989,752,6487945,12,592071,62,3422621,81,505892,163,3948515,8296,976120,9315,8300.14,19343814,14439181,0
2022-12-08,1102,7453091,740,6488685,14,592085,69,3422690,76,505968,165,3948680,8670,984790,9699,8323.43,19353513,14440065,0
2022-12-09,1236,7454327,971,6489656,13,592098,81,3422771,103,506071,210,3948890,10404,995194,11770,8356.43,19365283,14441247,0
2022-12-10,678,7455005,462,6490118,7,592105,36,3422807,74,506145,128,3949018,6144,1001338,6712,8533.29,19371995,14441705,0
2022-12-11,432,7455437,263,6490381,4,592109,11,3422818,35,506180,56,3949074,3682,1005020,3884,8588.86,19375879,14441861,0
2022-12-12,1334,7456771,804,6491185,19,592128,78,3422896,105,506285,209,3949283,9969,1014989,11016,8789.29,19386895,14442725,0
2022-12-13,1276,7458047,846,6492031,17,592145,54,3422950,101,506386,190,3949473,9694,1024683,10751,9021,19397646,14443627,0
2022-12-14,1194,7459241,831,6492862,12,592157,67,3423017,99,506485,193,3949666,9632,1034315,10612,9206.29,19408258,14444441,0
2022-12-15,1192,7460433,698,6493560,11,592168,62,3423079,109,506594,186,3949852,8444,1042759,9415,9165.71,19417673,14445241,0
2022-12-16,1202,7461635,807,6494367,12,592180,69,3423148,126,506720,217,3950069,9359,1052118,10534,8989.14,19428207,14446221,0
2022-12-17,652,7462287,462,6494829,8,592188,31,3423179,36,506756,80,3950149,5830,1057948,6304,8930.86,19434511,14446628,0
2022-12-18,441,7462728,230,6495059,2,592190,15,3423194,23,506779,48,3950197,3402,1061350,3609,8891.57,19438120,14446797,0
2022-12-19,1223,7463951,777,6495836,7,592197,56,3423250,84,506863,154,3950351,8906,1070256,9839,8723.43,19447959,14447590,0
2022-12-20,1210,7465161,763,6496599,18,592215,83,3423333,138,507001,277,3950628,8587,1078843,9720,8576.14,19457679,14448502,0
2022-12-21,1092,7466253,695,6497294,16,592231,54,3423387,95,507096,180,3950808,8282,1087125,9159,8368.57,19466838,14449230,0
2022-12-22,990,7467243,589,6497883,4,592235,44,3423431,73,507169,134,3950942,6937,1094062,7671,8119.43,19474509,14449847,0
2022-12-23,832,7468075,505,6498388,11,592246,41,3423472,58,507227,112,3951054,5914,1099976,6520,7546,19481029,14450354,0
2022-12-24,191,7468266,112,6498500,1,592247,2,3423474,15,507242,20,3951074,1378,1101354,1497,6859.29,19482526,14450456,0
2022-12-25,5,7468271,3,6498503,0,592247,0,3423474,0,507242,0,3951074,29,1101383,32,6348.29,19482558,14450459,0
2022-12-26,573,7468844,268,6498771,16,592263,19,3423493,22,507264,44,3951118,3305,1104688,3615,5459.14,19486173,14450728,0
2022-12-27,1089,7469933,605,6499376,13,592276,55,3423548,59,507323,123,3951241,7233,1111921,8032,5218,19494205,14451413,0
2022-12-28,1062,7470995,560,6499936,8,592284,58,3423606,63,507386,131,3951372,6989,1118910,7783,5021.43,19501988,14452086,0
2022-12-29,1016,7472011,585,6500521,9,592293,50,3423656,89,507475,162,3951534,6592,1125502,7422,4985.86,19509410,14452777,0
2022-12-30,950,7472961,539,6501060,9,592302,49,3423705,51,507526,110,3951644,6134,1131636,6860,5034.43,19516270,14453403,0
2022-12-31,306,7473267,167,6501227,4,592306,16,3423721,10,507536,29,3951673,1812,1133448,1988,5104.57,19518258,14453553,0
2023-01-01,19,7473286,9,6501236,0,592306,3,3423724,5,507541,8,3951681,59,1133507,86,5112.29,19518344,14453572,0
2023-01-02,654,7473940,328,6501564,10,592316,14,3423738,24,507565,44,3951725,3653,1137160,4000,5167.29,19522344,14453881,0
2023-01-03,967,7474907,592,6502156,9,592325,41,3423779,58,507623,111,3951836,5480,1142640,6267,4915.14,19528611,14454569,0
2023-01-04,1107,7476014,677,6502833,17,592342,52,3423831,63,507686,133,3951969,6180,1148820,7060,4811.86,19535671,14455334,0
2023-01-05,1010,7477024,588,6503421,23,592365,35,3423866,89,507775,143,3952112,5764,1154584,6694,4707.86,19542365,14456140,0
2023-01-06,1053,7478077,780,6504201,17,592382,50,3423916,81,507856,142,3952254,6504,1161088,7556,4807.29,19549921,14457061,0
2023-01-07,604,7478681,429,6504630,8,592390,23,3423939,34,507890,63,3952317,4454,1165542,4914,5225.29,19554835,14457464,0
2023-01-08,376,7479057,246,6504876,4,592394,12,3423951,29,507919,45,3952362,2560,1168102,2770,5608.71,19557605,14457633,0
2023-01-09,955,7480012,582,6505458,17,592411,52,3424003,41,507960,102,3952464,5607,1173709,6449,5958.57,19564054,14458382,0
2023-01-10,857,7480869,643,6506101,8,592419,49,3424052,85,508045,151,3952615,5332,1179041,6241,5954.86,19570295,14459157,0
2023-01-11,877,7481746,553,6506654,21,592440,46,3424098,68,508113,137,3952752,5162,1184203,5975,5799.86,19576270,14459856,0
2023-01-12,777,7482523,497,6507151,24,592464,54,3424152,120,508233,197,3952949,4534,1188737,5479,5626.29,19581749,14460627,0
2023-01-13,800,7483323,555,6507706,11,592475,69,3424221,58,508291,143,3953092,5373,1194110,6262,5441.43,19588011,14461389,0
2023-01-14,512,7483835,281,6507987,10,592485,27,3424248,31,508322,60,3953152,3227,1197337,3632,5258.29,19591643,14461736,0
2023-01-15,286,7484121,151,6508138,6,592491,15,3424263,22,508344,52,3953204,1792,1199129,1995,5147.57,19593638,14461902,0
2023-01-16,500,7484621,307,6508445,11,592502,31,3424294,27,508371,63,3953267,2773,1201902,3208,4684.57,19596846,14462279,0
2023-01-17,802,7485423,476,6508921,19,592521,49,3424343,74,508445,136,3953403,3833,1205735,4700,4464.43,19601546,14463023,0
2023-01-18,799,7486222,479,6509400,16,592537,48,3424391,61,508506,116,3953519,3729,1209464,4536,4258.86,19606082,14463721,0
2023-01-19,657,7486879,430,6509830,6,592543,50,3424441,34,508540,103,3953622,3163,1212627,3908,4034.43,19609990,14464382,0
2023-01-20,706,7487585,488,6510318,23,592566,40,3424481,39,508579,86,3953708,3745,1216372,4528,3786.71,19614518,14465086,0
2023-01-21,370,7487955,195,6510513,12,592578,20,3424501,12,508591,33,3953741,1893,1218265,2202,3582.43,19616720,14465363,0
2023-01-22,226,7488181,63,6510576,5,592583,0,3424501,2,508593,3,3953744,863,1219128,969,3435.86,19617689,14465467,0
2023-01-23,642,7488823,333,6510909,12,592595,14,3424515,45,508638,66,3953810,2708,1221836,3372,3459.29,19621061,14466072,0
2023-01-24,578,7489401,392,6511301,17,592612,37,3424552,33,508671,83,3953893,3056,1224892,3707,3317.43,19624768,14466653,0
2023-01-25,601,7490002,361,6511662,21,592633,33,3424585,41,508712,86,3953979,2706,1227598,3380,3152.29,19628148,14467253,0
2023-01-26,559,7490561,352,6512014,18,592651,35,3424620,51,508763,102,3954081,2694,1230292,3357,3073.57,19631505,14467830,0
2023-01-27,562,7491123,437,6512451,11,592662,35,3424655,47,508810,89,3954170,2819,1233111,3554,2934.43,19635059,14468483,0
2023-01-28,359,7491482,187,6512638,5,592667,24,3424679,39,508849,70,3954240,1588,1234699,1926,2895,19636985,14468758,0
2023-01-29,237,7491719,118,6512756,3,592670,12,3424691,10,508859,26,3954266,992,1235691,1145,2920.14,19638130,14468889,0
2023-01-30,601,7492320,399,6513155,18,592688,40,3424731,37,508896,80,3954346,2505,1238196,3228,2899.57,19641358,14469535,0
2023-01-31,509,7492829,356,6513511,12,592700,29,3424760,48,508944,89,3954435,2439,1240635,3066,2808,19644424,14470085,0
2023-02-01,482,7493311,337,6513848,16,592716,40,3424800,44,508988,92,3954527,2322,1242957,2963,2748.43,19647387,14470642,0
2023-02-02,462,7493773,349,6514197,13,592729,34,3424834,35,509023,77,3954604,2155,1245112,2776,2665.43,19650163,14471194,0
2023-02-03,545,7494318,392,6514589,14,592743,27,3424861,35,509058,69,3954673,2360,1247472,3064,2595.43,19653227,14471836,0
2023-02-04,243,7494561,158,6514747,11,592754,14,3424875,16,509074,31,3954704,1141,1248613,1403,2520.71,19654630,14472068,0
2023-02-05,201,7494762,96,6514843,0,592754,2,3424877,15,509089,19,3954723,854,1249467,972,2496,19655602,14472169,0
2023-02-06,598,7495360,313,6515156,9,592763,28,3424905,27,509116,64,3954787,2253,1251720,2830,2439.14,19658432,14472691,0
2023-02-07,476,7495836,365,6515521,5,592768,28,3424933,35,509151,71,3954858,2334,1254054,2934,2420.29,19661366,14473228,0
2023-02-08,453,7496289,320,6515841,4,592772,27,3424960,37,509188,70,3954928,2315,1256369,2878,2408.14,19664244,14473727,0
2023-02-09,480,7496769,348,6516189,3,592775,38,3424998,46,509234,97,3955025,2054,1258423,2708,2398.43,19666952,14474297,0
2023-02-10,496,7497265,391,6516580,2,592777,30,3425028,34,509268,88,3955113,2271,1260694,2961,2383.71,19669913,14474923,0
2023-02-11,294,7497559,197,6516777,7,592784,22,3425050,25,509293,48,3955161,1343,1262037,1661,2420.57,19671574,14475194,0
2023-02-12,182,7497741,81,6516858,0,592784,6,3425056,0,509293,10,3955171,706,1262743,818,2398.57,19672392,14475300,0
2023-02-13,443,7498184,293,6517151,4,592788,21,3425077,26,509319,51,3955222,1759,1264502,2320,2325.71,19674712,14475814,0
2023-02-14,397,7498581,272,6517423,6,592794,29,3425106,22,509341,56,3955278,1688,1266190,2218,2223.43,19676930,14476293,0
2023-02-15,405,7498986,290,6517713,10,592804,24,3425130,28,509369,64,3955342,1745,1267935,2262,2135.43,19679192,14476758,0
2023-02-16,360,7499346,244,6517957,5,592809,27,3425157,19,509388,51,3955393,1630,1269565,2106,2049.43,19681298,14477188,0
2023-02-17,397,7499743,312,6518269,5,592814,24,3425181,32,509420,63,3955456,1695,1271260,2265,1950,19683563,14477702,0
2023-02-18,199,7499942,116,6518385,5,592819,13,3425194,4,509424,18,3955474,1003,1272263,1188,1882.43,19684751,14477870,0
2023-02-19,120,7500062,55,6518440,2,592821,6,3425200,6,509430,14,3955488,541,1272804,611,1852.86,19685362,14477928,0
2023-02-20,314,7500376,160,6518600,3,592824,10,3425210,17,509447,28,3955516,1159,1273963,1424,1724.86,19686786,14478166,0
2023-02-21,379,7500755,285,6518885,5,592829,25,3425235,34,509481,64,3955580,1533,1275496,2069,1703.57,19688855,14478643,0
2023-02-22,395,7501150,274,6519159,8,592837,39,3425274,26,509507,69,3955649,1638,1277134,2165,1689.71,19691020,14479105,0
2023-02-23,387,7501537,251,6519410,10,592847,26,3425300,31,509538,71,3955720,1476,1278610,2019,1677.29,19693039,14479591,0
2023-02-24,367,7501904,325,6519735,4,592851,30,3425330,26,509564,63,3955783,1737,1280347,2298,1682,19695337,14480096,0
2023-02-25,163,7502067,123,6519858,2,592853,9,3425339,13,509577,24,3955807,778,1281125,973,1651.29,19696310,14480269,0
2023-02-26,92,7502159,48,6519906,0,592853,8,3425347,5,509582,17,3955824,468,1281593,535,1640.43,19696845,14480323,0
2023-02-27,377,7502536,300,6520206,4,592857,31,3425378,20,509602,54,3955878,1490,1283083,2010,1724.14,19698855,14480792,0
2023-02-28,356,7502892,239,6520445,8,592865,30,3425408,27,509629,62,3955940,1330,1284413,1812,1687.43,19700667,14481217,0
2023-03-01,388,7503280,285,6520730,7,592872,25,3425433,21,509650,52,3955992,1443,1285856,1977,1660.57,19702644,14481705,0
2023-03-02,372,7503652,294,6521024,9,592881,20,3425453,23,509673,50,3956042,1327,1287183,1869,1639.14,19704513,14482204,0
2023-03-03,404,7504056,318,6521342,10,592891,26,3425479,25,509698,58,3956100,1599,1288782,2193,1624.14,19706706,14482747,0
2023-03-04,199,7504255,122,6521464,4,592895,10,3425489,16,509714,28,3956128,793,1289575,1026,1631.71,19707732,14482954,0
2023-03-05,125,7504380,60,6521524,2,592897,4,3425493,6,509720,14,3956142,464,1290039,558,1635,19708290,14483038,0
2023-03-06,402,7504782,264,6521788,12,592909,22,3425515,16,509736,41,3956183,1383,1291422,1886,1617.29,19710176,14483503,0
2023-03-07,361,7505143,244,6522032,5,592914,22,3425537,30,509766,61,3956244,1303,1292725,1768,1611,19711944,14483916,0
2023-03-08,370,7505513,245,6522277,3,592917,34,3425571,30,509796,68,3956312,1337,1294062,1833,1590.43,19713777,14484348,0
2023-03-09,360,7505873,243,6522520,4,592921,16,3425587,24,509820,46,3956358,1258,1295320,1743,1572.43,19715520,14484793,0
2023-03-10,301,7506174,282,6522802,3,592924,9,3425596,19,509839,36,3956394,1394,1296714,1847,1523,19717367,14485218,0
2023-03-11,188,7506362,88,6522890,3,592927,18,3425614,3,509842,22,3956416,685,1297399,869,1500.57,19718236,14485381,0
2023-03-12,109,7506471,47,6522937,1,592928,4,3425618,7,509849,17,3956433,435,1297834,517,1494.71,19718753,14485452,0
2023-03-13,332,7506803,200,6523137,7,592935,11,3425629,13,509862,25,3956458,1126,1298960,1519,1442.29,19720272,14485821,0
2023-03-14,283,7507086,181,6523318,5,592940,15,3425644,11,509873,32,3956490,1060,1300020,1412,1391.43,19721684,14486147,0
2023-03-15,329,7507415,269,6523587,3,592943,9,3425653,13,509886,23,3956513,1227,1301247,1676,1369,19723360,14486574,0
2023-03-16,300,7507715,236,6523823,9,592952,14,3425667,15,509901,35,3956548,1127,1302374,1546,1340.86,19724906,14486964,0
2023-03-17,327,7508042,262,6524085,5,592957,20,3425687,8,509909,29,3956577,1266,1303640,1696,1319.29,19726602,14487366,0
2023-03-18,158,7508200,100,6524185,2,592959,8,3425695,5,509914,14,3956591,668,1304308,832,1314,19727434,14487517,0
2023-03-19,114,7508314,56,6524241,1,592960,3,3425698,3,509917,9,3956600,365,1304673,450,1304.43,19727884,14487596,0
2023-03-20,341,7508655,211,6524452,7,592967,29,3425727,15,509932,45,3956645,1212,1305885,1608,1317.14,19729492,14487948,0
2023-03-21,341,7508996,190,6524642,7,592974,22,3425749,17,509949,41,3956686,1122,1307007,1527,1333.57,19731019,14488314,0
2023-03-22,316,7509312,226,6524868,6,592980,12,3425761,11,509960,25,3956711,1125,1308132,1524,1311.86,19732543,14488690,0
2023-03-23,263,7509575,203,6525071,1,592981,20,3425781,12,509972,35,3956746,996,1309128,1385,1288.86,19733928,14489047,0
2023-03-24,312,7509887,255,6525326,8,592989,19,3425800,18,509990,40,3956786,1120,1310248,1582,1272.57,19735510,14489472,0
2023-03-25,129,7510016,117,6525443,1,592990,9,3425809,9,509999,18,3956804,587,1310835,735,1258.71,19736245,14489602,0
2023-03-26,80,7510096,41,6525484,2,592992,4,3425813,4,510003,9,3956813,351,1311186,410,1253,19736655,14489653,0
2023-03-27,283,7510379,232,6525716,3,592995,14,3425827,11,510014,26,3956839,1000,1312186,1396,1222.71,19738051,14490024,0
2023-03-28,281,7510660,180,6525896,10,593005,20,3425847,9,510023,32,3956871,1006,1313192,1359,1198.71,19739410,14490348,0
2023-03-29,298,7510958,187,6526083,5,593010,13,3425860,9,510032,22,3956893,1055,1314247,1414,1183,19740824,14490685,0
2023-03-30,258,7511216,183,6526266,2,593012,17,3425877,10,510042,31,3956924,958,1315205,1306,1171.71,19742130,14491006,0
2023-03-31,295,7511511,259,6526525,7,593019,22,3425899,20,510062,43,3956967,1015,1316220,1476,1156.57,19743606,14491425,0
2023-04-01,121,7511632,66,6526591,3,593022,9,3425908,5,510067,16,3956983,524,1316744,652,1144.71,19744258,14491539,0
2023-04-02,92,7511724,35,6526626,0,593022,6,3425914,3,510070,10,3956993,271,1317015,338,1134.43,19744596,14491597,0
2023-04-03,273,7511997,154,6526780,8,593030,19,3425933,16,510086,41,3957034,885,1317900,1201,1106.57,19745797,14491878,0
2023-04-04,284,7512281,186,6526966,3,593033,13,3425946,10,510096,26,3957060,862,1318762,1209,1085.14,19747006,14492202,0
2023-04-05,269,7512550,152,6527118,8,593041,17,3425963,7,510103,26,3957086,979,1319741,1271,1064.71,19748277,14492470,0
2023-04-06,340,7512890,157,6527275,9,593050,17,3425980,5,510108,22,3957108,951,1320692,1283,1061.43,19749560,14492780,0
2023-04-07,246,7513136,148,6527423,5,593055,12,3425992,8,510116,20,3957128,747,1321439,1044,999.71,19750604,14493057,0
2023-04-08,172,7513308,104,6527527,1,593056,5,3425997,10,510126,16,3957144,552,1321991,689,1005,19751293,14493179,0
2023-04-09,68,7513376,23,6527550,0,593056,0,3425997,4,510130,4,3957148,203,1322194,245,991.71,19751538,14493217,0
2023-04-10,285,7513661,180,6527730,6,593062,19,3426016,9,510139,28,3957176,884,1323078,1211,993.14,19752749,14493516,0
2023-04-11,271,7513932,151,6527881,5,593067,15,3426031,9,510148,27,3957203,908,1323986,1209,993.14,19753958,14493793,0
2023-04-12,270,7514202,164,6528045,5,593072,15,3426046,8,510156,25,3957228,811,1324797,1147,975.43,19755105,14494106,0
2023-04-13,255,7514457,136,6528181,8,593080,12,3426058,7,510163,20,3957248,835,1325632,1143,955.43,19756248,14494395,0
2023-04-14,240,7514697,198,6528379,2,593082,6,3426064,10,510173,18,3957266,841,1326473,1167,973,19757415,14494705,0
2023-04-15,119,7514816,94,6528473,6,593088,3,3426067,7,510180,11,3957277,407,1326880,551,953.29,19757966,14494839,0
2023-04-16,75,7514891,31,6528504,0,593088,0,3426067,1,510181,1,3957278,263,1327143,304,961.71,19758270,14494879,0
2023-04-17,234,7515125,137,6528641,3,593091,7,3426074,3,510184,10,3957288,708,1327851,992,930.43,19759262,14495153,0
2023-04-18,212,7515337,128,6528769,6,593097,9,3426083,10,510194,20,3957308,732,1328583,959,894.71,19760221,14495361,0
2023-04-19,193,7515530,115,6528884,5,593102,6,3426089,9,510203,15,3957323,805,1329388,960,868,19761181,14495501,0
2023-04-20,223,7515753,143,6529027,2,593104,14,3426103,19,510222,35,3957358,905,1330293,1065,856.86,19762246,14495628,0
2023-04-21,231,7515984,147,6529174,6,593110,13,3426116,9,510231,24,3957382,1090,1331383,1211,863.14,19763457,14495727,0
2023-04-22,106,7516090,65,6529239,3,593113,9,3426125,4,510235,14,3957396,472,1331855,539,861.43,19763996,14495781,0
2023-04-23,73,7516163,47,6529286,1,593114,2,3426127,2,510237,5,3957401,281,1332136,310,862.29,19764306,14495806,0
2023-04-24,230,7516393,159,6529445,2,593116,11,3426138,7,510244,21,3957422,1007,1333143,1115,879.86,19765421,14495896,0
2023-04-25,241,7516634,147,6529592,6,593122,12,3426150,12,510256,27,3957449,1054,1334197,1158,908.29,19766579,14495976,0
2023-04-26,220,7516854,131,6529723,5,593127,6,3426156,5,510261,13,3957462,950,1335147,1016,916.29,19767595,14496031,0
2023-04-27,276,7517130,170,6529893,1,593128,11,3426167,18,510279,31,3957493,1066,1336213,1154,929,19768749,14496090,0
2023-04-28,248,7517378,188,6530081,2,593130,11,3426178,16,510295,32,3957525,1126,1337339,1218,930,19769967,14496155,0
2023-04-29,140,7517518,68,6530149,2,593132,4,3426182,6,510301,10,3957535,519,1337858,572,934.71,19770539,14496198,0
2023-04-30,97,7517615,29,6530178,1,593133,6,3426188,3,510304,10,3957545,307,1338165,327,937.14,19770866,14496209,0
2023-05-01,304,7517919,160,6530338,2,593135,7,3426195,9,510313,18,3957563,1072,1339237,1154,942.71,19772020,14496275,0
2023-05-02,249,7518168,146,6530484,3,593138,11,3426206,6,510319,19,3957582,1004,1340241,1059,928.57,19773079,14496313,0
2023-05-03,255,7518423,147,6530631,1,593139,13,3426219,10,510329,24,3957606,965,1341206,1040,932,19774119,14496365,0
2023-05-04,237,7518660,165,6530796,0,593139,12,3426231,8,510337,24,3957630,1050,1342256,1121,927.29,19775240,14496416,0
2023-05-05,302,7518962,160,6530956,1,593140,6,3426237,11,510348,18,3957648,1112,1343368,1164,919.57,19776404,14496451,0
2023-05-06,129,7519091,79,6531035,0,593140,13,3426250,8,510356,23,3957671,491,1343859,554,917,19776958,14496493,0
2023-05-07,77,7519168,36,6531071,0,593140,0,3426250,6,510362,7,3957678,296,1344155,311,914.71,19777269,14496502,0
2023-05-08,261,7519429,150,6531221,0,593140,8,3426258,10,510372,18,3957696,999,1345154,1049,899.71,19778318,14496534,0
2023-05-09,243,7519672,128,6531349,0,593140,5,3426263,4,510376,13,3957709,974,1346128,1012,893,19779330,14496563,0
2023-05-10,236,7519908,124,6531473,1,593141,7,3426270,13,510389,21,3957730,1029,1347157,1083,899.14,19780413,14496597,0
2023-05-11,222,7520130,129,6531602,1,593142,11,3426281,22,510411,38,3957768,1028,1348185,1098,895.86,19781511,14496634,0
2023-05-12,163,7520293,131,6531733,1,593143,4,3426285,10,510421,17,3957785,860,1349045,896,857.57,19782407,14496656,120000
2023-05-13,93,7520386,48,6531781,0,593143,2,3426287,5,510426,7,3957792,377,1349422,401,835.71,19782808,14496673,120000
2023-05-14,59,7520445,23,6531804,0,593143,2,3426289,0,510426,3,3957795,192,1349614,202,820.14,19783010,14496681,120000
2023-05-15,204,7520649,128,6531932,0,593143,4,3426293,9,510435,15,3957810,822,1350436,876,795.43,19783886,14496722,120000
2023-05-16,232,7520881,106,6532038,0,593143,5,3426298,7,510442,13,3957823,765,1351201,811,766.71,19784697,14496756,120000
2023-05-17,182,7521063,101,6532139,0,593143,4,3426302,6,510448,12,3957835,811,1352012,850,733.43,19785547,14496785,120000
2023-05-18,93,7521156,44,6532183,0,593143,4,3426306,9,510457,15,3957850,316,1352328,345,625.86,19785892,14496801,120000
