"DATE","ADMIN_DOSE1_DAILY","ADMIN_DOSE1_CUMULATIVE","ADMIN_DOSE2_DAILY","ADMIN_DOSE2_CUMULATIVE","ADMIN_SINGLE_DAILY","ADMIN_SINGLE_CUMULATIVE","ADMIN_ADDITIONAL_DAILY","ADMIN_ADDITIONAL_CUMULATIVE","ADMIN_ALLDOSES_DAILY","ADMIN_ALLDOSES_7DAYAVG","ADMIN_ALLDOSES_CUMULATIVE","INCOMPLETE"
"2020-12-14",79,79,0,0,0,0,0,0,79,,79,0
"2020-12-15",2051,2130,6,6,4,4,0,0,2061,,2140,0
"2020-12-16",4601,6731,13,19,1,5,1,1,4616,,6756,0
"2020-12-17",4656,11387,17,36,0,5,1,2,4674,,11430,0
"2020-12-18",5833,17220,20,56,2,7,2,4,5857,,17287,0
"2020-12-19",1690,18910,6,62,3,10,0,4,1699,,18986,0
"2020-12-20",1116,20026,2,64,1,11,0,4,1119,2872.14,20105,0
"2020-12-21",6334,26360,19,83,0,11,5,9,6358,3769.14,26463,0
"2020-12-22",9796,36156,28,111,2,13,1,10,9827,4878.57,36290,0
"2020-12-23",14272,50428,35,146,3,16,1,11,14311,6263.57,50601,0
"2020-12-24",7200,57628,26,172,1,17,0,11,7227,6628.29,57828,0
"2020-12-25",180,57808,0,172,0,17,1,12,181,5817.43,58009,0
"2020-12-26",4391,62199,42,214,0,17,1,13,4434,6208.14,62443,0
"2020-12-27",3868,66067,13,227,0,17,1,14,3882,6602.86,66325,0
"2020-12-28",10996,77063,46,273,1,18,3,17,11046,7272.57,77371,0
"2020-12-29",10724,87787,31,304,2,20,2,19,10759,7405.71,88130,0
"2020-12-30",12839,100626,43,347,0,20,0,19,12882,7201.57,101012,0
"2020-12-31",7262,107888,31,378,1,21,0,19,7294,7211.14,108306,0
"2021-01-01",184,108072,2,380,1,22,3,22,190,7212.43,108496,0
"2021-01-02",3816,111888,10,390,2,24,1,23,3829,7126,112325,0
"2021-01-03",3544,115432,23,413,2,26,1,24,3570,7081.43,115895,0
"2021-01-04",12257,127689,804,1217,2,28,7,31,13070,7370.57,128965,0
"2021-01-05",14077,141766,2192,3409,2,30,15,46,16286,8160.14,145251,0
"2021-01-06",17813,159579,3917,7326,1,31,31,77,21762,9428.71,167013,0
"2021-01-07",16544,176123,5178,12504,4,35,45,122,21771,11496.86,188784,0
"2021-01-08",16631,192754,5451,17955,0,35,30,152,22112,14628.57,210896,0
"2021-01-09",7658,200412,1461,19416,1,36,8,160,9128,15385.57,220024,0
"2021-01-10",7897,208309,977,20393,0,36,10,170,8884,16144.71,228908,0
"2021-01-11",25842,234151,7450,27843,2,38,48,218,33342,19040.71,262250,0
"2021-01-12",28270,262421,7852,35695,1,39,43,261,36166,21880.71,298416,0
"2021-01-13",31735,294156,9372,45067,1,40,54,315,41162,24652.14,339578,0
"2021-01-14",35806,329962,5329,50396,1,41,29,344,41165,27422.71,380743,0
"2021-01-15",29284,359246,3704,54100,2,43,30,374,33020,28981,413763,0
"2021-01-16",30298,389544,2377,56477,0,43,25,399,32700,32348.43,446463,0
"2021-01-17",23777,413321,1615,58092,0,43,17,416,25409,34709.14,471872,0
"2021-01-18",27143,440464,2402,60494,0,43,34,450,29579,34171.57,501451,0
"2021-01-19",34317,474781,9618,70112,1,44,65,515,44001,35290.86,545452,0
"2021-01-20",34893,509674,9494,79606,1,45,57,572,44445,35759.86,589897,0
"2021-01-21",25620,535294,8086,87692,2,47,46,618,33754,34701.14,623651,0
"2021-01-22",24754,560048,4380,92072,1,48,31,649,29166,34150.57,652817,0
"2021-01-23",15742,575790,3221,95293,0,48,11,660,18974,32189.71,671791,0
"2021-01-24",7180,582970,3447,98740,0,48,17,677,10644,30080.43,682435,0
"2021-01-25",13416,596386,11811,110551,0,48,64,741,25291,29467.86,707726,0
"2021-01-26",16774,613160,10736,121287,0,48,67,808,27577,27121.57,735303,0
"2021-01-27",20844,634004,12350,133637,0,48,49,857,33243,25521.29,768546,0
"2021-01-28",30771,664775,12835,146472,0,48,81,938,43687,26940.29,812233,0
"2021-01-29",31709,696484,11483,157955,0,48,72,1010,43264,28954.29,855497,0
"2021-01-30",18723,715207,3733,161688,0,48,22,1032,22478,29454.86,877975,0
"2021-01-31",13032,728239,2908,164596,1,49,27,1059,15968,30215.43,893943,0
"2021-02-01",1179,729418,5363,169959,4,53,38,1097,6584,27543,900527,0
"2021-02-02",2824,732242,9470,179429,2,55,49,1146,12345,25367,912872,0
"2021-02-03",16362,748604,21227,200656,4,59,197,1343,37790,26016.57,950662,0
"2021-02-04",27045,775649,19639,220295,3,62,200,1543,46887,26473.71,997549,0
"2021-02-05",27614,803263,20017,240312,0,62,176,1719,47807,27122.71,1045356,0
"2021-02-06",22997,826260,11235,251547,0,62,110,1829,34342,28817.57,1079698,0
"2021-02-07",12053,838313,8277,259824,1,63,83,1912,20414,29452.71,1100112,0
"2021-02-08",17005,855318,23488,283312,2,65,224,2136,40719,34329.14,1140831,0
"2021-02-09",17211,872529,28105,311417,2,67,320,2456,45638,39085.29,1186469,0
"2021-02-10",19608,892137,29144,340561,2,69,413,2869,49167,40710.57,1235636,0
"2021-02-11",27855,919992,33473,374034,2,71,337,3206,61667,42822,1297303,0
"2021-02-12",38426,958418,30767,404801,3,74,349,3555,69545,45927.43,1366848,0
"2021-02-13",28017,986435,25298,430099,2,76,304,3859,53621,48681.57,1420469,0
"2021-02-14",16297,1002732,23710,453809,0,76,263,4122,40270,51518.14,1460739,0
"2021-02-15",12803,1015535,10508,464317,2,78,172,4294,23485,49056.14,1484224,0
"2021-02-16",14264,1029799,26717,491034,0,78,312,4606,41293,48435.43,1525517,0
"2021-02-17",16418,1046217,22161,513195,1,79,280,4886,38860,46963,1564377,0
"2021-02-18",12168,1058385,24963,538158,21,100,287,5173,37439,43501.86,1601816,0
"2021-02-19",13283,1071668,23912,562070,39,139,302,5475,37536,38929.14,1639352,0
"2021-02-20",11356,1083024,26066,588136,6,145,327,5802,37755,36662.57,1677107,0
"2021-02-21",6363,1089387,17433,605569,15,160,275,6077,24086,34350.57,1701193,0
"2021-02-22",13042,1102429,11836,617405,2,162,130,6207,25010,34568.43,1726203,0
"2021-02-23",25245,1127674,14143,631548,1,163,161,6368,39550,34319.43,1765753,0
"2021-02-24",36352,1164026,20365,651913,0,163,211,6579,56928,36900.57,1822681,0
"2021-02-25",54621,1218647,30343,682256,6,169,380,6959,85350,43745,1908031,0
"2021-02-26",62896,1281543,31823,714079,4,173,396,7355,95119,51971.14,2003150,0
"2021-02-27",51314,1332857,22728,736807,47,220,319,7674,74408,57207.29,2077558,0
"2021-02-28",44617,1377474,13775,750582,6,226,195,7869,58593,62136.86,2136151,0
"2021-03-01",39320,1416794,12738,763320,9,235,165,8034,52232,66025.71,2188383,0
"2021-03-02",47083,1463877,12542,775862,7,242,156,8190,59788,68916.86,2248171,0
"2021-03-03",48606,1512483,16115,791977,17,259,146,8336,64884,70053.43,2313055,0
"2021-03-04",59835,1572318,22772,814749,1092,1351,260,8596,83959,69854.71,2397014,0
"2021-03-05",60999,1633317,24242,838991,3112,4463,330,8926,88683,68935.29,2485697,0
"2021-03-06",47174,1680491,18864,857855,5451,9914,229,9155,71718,68551,2557415,0
"2021-03-07",36058,1716549,14835,872690,6248,16162,225,9380,57366,68375.71,2614781,0
"2021-03-08",39623,1756172,14652,887342,8566,24728,309,9689,63150,69935.43,2677931,0
"2021-03-09",39103,1795275,12783,900125,7768,32496,183,9872,59837,69942.43,2737768,0
"2021-03-10",51841,1847116,15253,915378,5070,37566,211,10083,72375,71012.57,2810143,0
"2021-03-11",60005,1907121,21750,937128,4618,42184,244,10327,86617,71392.29,2896760,0
"2021-03-12",52208,1959329,30263,967391,4181,46365,369,10696,87021,71154.86,2983781,0
"2021-03-13",40664,1999993,26663,994054,5113,51478,314,11010,72754,71302.86,3056535,0
"2021-03-14",30727,2030720,15936,1009990,4531,56009,233,11243,51427,70454.43,3107962,0
"2021-03-15",33593,2064313,17200,1027190,4725,60734,238,11481,55756,69398.14,3163718,0
"2021-03-16",38692,2103005,20438,1047628,4926,65660,251,11732,64307,70036.71,3228025,0
"2021-03-17",42635,2145640,24737,1072365,4246,69906,323,12055,71941,69974.71,3299966,0
"2021-03-18",50485,2196125,26729,1099094,5242,75148,350,12405,82806,69430.29,3382772,0
"2021-03-19",47815,2243940,29874,1128968,5628,80776,377,12782,83694,68955,3466466,0
"2021-03-20",38719,2282659,25763,1154731,4689,85465,283,13065,69454,68483.57,3535920,0
"2021-03-21",29310,2311969,19294,1174025,771,86236,213,13278,49588,68220.86,3585508,0
"2021-03-22",33867,2345836,26674,1200699,4038,90274,259,13537,64838,69518.29,3650346,0
"2021-03-23",38439,2384275,32783,1233482,4221,94495,272,13809,75715,71148,3726061,0
"2021-03-24",41512,2425787,37516,1270998,4848,99343,313,14122,84189,72897.71,3810250,0
"2021-03-25",43433,2469220,50668,1321666,5051,104394,448,14570,99600,75296.86,3909850,0
"2021-03-26",38512,2507732,55385,1377051,4309,108703,507,15077,98713,77442.43,4008563,0
"2021-03-27",35761,2543493,45626,1422677,2939,111642,391,15468,84717,79622.86,4093280,0
"2021-03-28",26402,2569895,34350,1457027,1482,113124,312,15780,62546,81474,4155826,0
"2021-03-29",34839,2604734,38731,1495758,3248,116372,324,16104,77142,83231.71,4232968,0
"2021-03-30",40537,2645271,41843,1537601,3713,120085,315,16419,86408,84759.29,4319376,0
"2021-03-31",49423,2694694,44787,1582388,7441,127526,385,16804,102036,87308.86,4421412,0
"2021-04-01",50775,2745469,53920,1636308,11276,138802,482,17286,116453,89716.43,4537865,0
"2021-04-02",43768,2789237,53839,1690147,11976,150778,527,17813,110110,91344.57,4647975,0
"2021-04-03",39271,2828508,39164,1729311,9861,160639,329,18142,88625,91902.86,4736600,0
"2021-04-04",26562,2855070,24675,1753986,3901,164540,220,18362,55358,90876,4791958,0
"2021-04-05",41888,2896958,34407,1788393,11190,175730,353,18715,87838,92404,4879796,0
"2021-04-06",53291,2950249,35513,1823906,13220,188950,415,19130,102439,94694.14,4982235,0
"2021-04-07",55526,3005775,40655,1864561,14384,203334,379,19509,110944,95966.71,5093179,0
"2021-04-08",59277,3065052,46534,1911095,16337,219671,492,20001,122640,96850.57,5215819,0
"2021-04-09",56650,3121702,44914,1956009,17548,237219,486,20487,119598,98206,5335417,0
"2021-04-10",49370,3171072,35630,1991639,12728,249947,374,20861,98102,99559.86,5433519,0
"2021-04-11",38206,3209278,28804,2020443,7685,257632,275,21136,74970,102361.57,5508489,0
"2021-04-12",46655,3255933,31836,2052279,13496,271128,447,21583,92434,103018.14,5600923,0
"2021-04-13",52571,3308504,33768,2086047,367,271495,382,21965,87088,100825.14,5688011,0
"2021-04-14",50181,3358685,39940,2125987,20,271515,354,22319,90495,97903.86,5778506,0
"2021-04-15",52150,3410835,43671,2169658,15,271530,436,22755,96272,94137,5874778,0
"2021-04-16",51201,3462036,42220,2211878,32,271562,398,23153,93851,90458.86,5968629,0
"2021-04-17",43859,3505895,35683,2247561,3,271565,355,23508,79900,87858.57,6048529,0
"2021-04-18",28622,3534517,29372,2276933,7,271572,236,23744,58237,85468.14,6106766,0
"2021-04-19",37492,3572009,36437,2313370,22,271594,303,24047,74254,82871,6181020,0
"2021-04-20",40826,3612835,39637,2353007,19,271613,286,24333,80768,81968.14,6261788,0
"2021-04-21",38922,3651757,45954,2398961,15,271628,476,24809,85367,81235.57,6347155,0
"2021-04-22",38531,3690288,48942,2447903,9,271637,319,25128,87801,80025.43,6434956,0
"2021-04-23",39721,3730009,44352,2492255,5,271642,339,25467,84417,78677.71,6519373,0
"2021-04-24",31975,3761984,41601,2533856,44,271686,259,25726,73879,77817.57,6593252,0
"2021-04-25",18431,3780415,31232,2565088,86,271772,180,25906,49929,76630.71,6643181,0
"2021-04-26",26984,3807399,40728,2605816,1013,272785,267,26173,68992,75879,6712173,0
"2021-04-27",28579,3835978,47124,2652940,1696,274481,333,26506,77732,75445.29,6789905,0
"2021-04-28",27067,3863045,56825,2709765,2146,276627,416,26922,86454,75600.57,6876359,0
"2021-04-29",28629,3891674,57168,2766933,2145,278772,352,27274,88294,75671,6964653,0
"2021-04-30",30133,3921807,51977,2818910,2056,280828,273,27547,84439,75674.14,7049092,0
"2021-05-01",22484,3944291,44543,2863453,1176,282004,223,27770,68426,74895.14,7117518,0
"2021-05-02",11934,3956225,36651,2900104,1080,283084,129,27899,49794,74875.86,7167312,0
"2021-05-03",18042,3974267,53010,2953114,2384,285468,241,28140,73677,75545.14,7240989,0
"2021-05-04",22752,3997019,56637,3009751,2329,287797,250,28390,81968,76150.29,7322957,0
"2021-05-05",21487,4018506,48787,3058538,2311,290108,302,28692,72887,74212.14,7395844,0
"2021-05-06",20698,4039204,50170,3108708,2509,292617,256,28948,73633,72117.71,7469477,0
"2021-05-07",21275,4060479,52081,3160789,2812,295429,290,29238,76458,70977.57,7545935,0
"2021-05-08",16636,4077115,41878,3202667,1835,297264,216,29454,60565,69854.57,7606500,0
"2021-05-09",7979,4085094,29418,3232085,1260,298524,143,29597,38800,68284,7645300,0
"2021-05-10",14402,4099496,38535,3270620,2355,300879,219,29816,55511,65688.86,7700811,0
"2021-05-11",19939,4119435,43045,3313665,2514,303393,274,30090,65772,63375.14,7766583,0
"2021-05-12",17820,4137255,40536,3354201,3595,306988,222,30312,62173,61844.57,7828756,0
"2021-05-13",24990,4162245,40423,3394624,3227,310215,256,30568,68896,61167.86,7897652,0
"2021-05-14",27036,4189281,42905,3437529,3535,313750,274,30842,73750,60781,7971402,0
"2021-05-15",23663,4212944,34919,3472448,3366,317116,233,31075,62181,61011.86,8033583,0
"2021-05-16",15547,4228491,19434,3491882,2496,319612,121,31196,37598,60840.14,8071181,0
"2021-05-17",22683,4251174,29135,3521017,3256,322868,170,31366,55244,60802,8126425,0
"2021-05-18",24651,4275825,31899,3552916,3402,326270,225,31591,60177,60002.71,8186602,0
"2021-05-19",24223,4300048,29697,3582613,3038,329308,216,31807,57174,59288.57,8243776,0
"2021-05-20",24179,4324227,30071,3612684,3159,332467,262,32069,57671,57685,8301447,0
"2021-05-21",24700,4348927,31984,3644668,3062,335529,242,32311,59988,55719,8361435,0
"2021-05-22",20032,4368959,24351,3669019,2526,338055,155,32466,47064,53559.43,8408499,0
"2021-05-23",11242,4380201,13722,3682741,1411,339466,95,32561,26470,51969.71,8434969,0
"2021-05-24",18894,4399095,23137,3705878,2759,342225,211,32772,45001,50506.43,8479970,0
"2021-05-25",19446,4418541,23371,3729249,2604,344829,171,32943,45592,48422.86,8525562,0
"2021-05-26",18794,4437335,21072,3750321,2695,347524,196,33139,42757,46363.29,8568319,0
"2021-05-27",18486,4455821,21257,3771578,2530,350054,189,33328,42462,44190.57,8610781,0
"2021-05-28",17883,4473704,22887,3794465,2752,352806,178,33506,43700,41863.71,8654481,0
"2021-05-29",12716,4486420,17801,3812266,1755,354561,100,33606,32372,39764.86,8686853,0
"2021-05-30",7033,4493453,8949,3821215,1074,355635,43,33649,17099,38426.14,8703952,0
"2021-05-31",4743,4498196,6926,3828141,1011,356646,62,33711,12742,33817.71,8716694,0
"2021-06-01",16053,4514249,25191,3853332,2174,358820,145,33856,43563,33527.86,8760257,0
"2021-06-02",15360,4529609,20381,3873713,2094,360914,137,33993,37972,32844.29,8798229,0
"2021-06-03",15016,4544625,23811,3897524,2281,363195,117,34110,41225,32667.57,8839454,0
"2021-06-04",14737,4559362,25972,3923496,2491,365686,141,34251,43341,32616.29,8882795,0
"2021-06-05",11004,4570366,22073,3945569,1806,367492,107,34358,34990,32990.29,8917785,0
"2021-06-06",6452,4576818,14464,3960033,1222,368714,80,34438,22218,33721.57,8940003,0
"2021-06-07",11724,4588542,21768,3981801,2379,371093,140,34578,36011,37045.71,8976014,0
"2021-06-08",12667,4601209,24000,4005801,2072,373165,116,34694,38855,36373.14,9014869,0
"2021-06-09",11160,4612369,23012,4028813,2298,375463,129,34823,36599,36177,9051468,0
"2021-06-10",12082,4624451,22225,4051038,2461,377924,136,34959,36904,35559.71,9088372,0
"2021-06-11",12721,4637172,25096,4076134,2483,380407,149,35108,40449,35146.57,9128821,0
"2021-06-12",10174,4647346,19303,4095437,1888,382295,88,35196,31453,34641.29,9160274,0
"2021-06-13",4260,4651606,10933,4106370,1219,383514,42,35238,16454,33817.86,9176728,0
"2021-06-14",10225,4661831,19225,4125595,2042,385556,123,35361,31615,33189.86,9208343,0
"2021-06-15",11894,4673725,21001,4146596,1942,387498,122,35483,34959,32633.29,9243302,0
"2021-06-16",11603,4685328,19395,4165991,1958,389456,134,35617,33090,32132,9276392,0
"2021-06-17",11031,4696359,18745,4184736,1969,391425,115,35732,31860,31411.43,9308252,0
"2021-06-18",12175,4708534,18492,4203228,2113,393538,110,35842,32890,30331.57,9341142,0
"2021-06-19",8503,4717037,13526,4216754,1460,394998,74,35916,23563,29204.43,9364705,0
"2021-06-20",4338,4721375,7163,4223917,924,395922,34,35950,12459,28633.71,9377164,0
"2021-06-21",10175,4731550,9993,4233910,1806,397728,65,36015,22039,27265.71,9399203,0
"2021-06-22",9846,4741396,15634,4249544,1590,399318,98,36113,27168,26152.71,9426371,0
"2021-06-23",10330,4751726,15171,4264715,1861,401179,100,36213,27462,25348.71,9453833,0
"2021-06-24",9702,4761428,14684,4279399,1798,402977,113,36326,26297,24554,9480130,0
"2021-06-25",10602,4772030,14376,4293775,1718,404695,108,36434,26804,23684.57,9506934,0
"2021-06-26",7811,4779841,10456,4304231,1246,405941,74,36508,19587,23116.57,9526521,0
"2021-06-27",5005,4784846,5997,4310228,796,406737,32,36540,11830,23026.71,9538351,0
"2021-06-28",9040,4793886,10339,4320567,1524,408261,105,36645,21008,22879.43,9559359,0
"2021-06-29",9754,4803640,12309,4332876,1347,409608,120,36765,23530,22359.71,9582889,0
"2021-06-30",9431,4813071,10918,4343794,1480,411088,144,36909,21973,21575.57,9604862,0
"2021-07-01",9402,4822473,10923,4354717,1430,412518,123,37032,21878,20944.29,9626740,0
"2021-07-02",9699,4832172,11432,4366149,1539,414057,123,37155,22793,20371.29,9649533,0
"2021-07-03",7061,4839233,8418,4374567,1193,415250,75,37230,16747,19965.57,9666280,0
"2021-07-04",1290,4840523,1335,4375902,567,415817,8,37238,3200,18732.71,9669480,0
"2021-07-05",6497,4847020,7097,4382999,1208,417025,65,37303,14867,17855.43,9684347,0
"2021-07-06",9520,4856540,12839,4395838,1317,418342,114,37417,23790,17892.57,9708137,0
"2021-07-07",8682,4865222,11099,4406937,1419,419761,117,37534,21317,17798.86,9729454,0
"2021-07-08",8212,4873434,10190,4417127,1260,421021,105,37639,19767,17497.29,9749221,0
"2021-07-09",8378,4881812,10822,4427949,1279,422300,89,37728,20568,17179.43,9769789,0
"2021-07-10",7114,4888926,8622,4436571,1133,423433,64,37792,16933,17206,9786722,0
"2021-07-11",4105,4893031,4539,4441110,703,424136,33,37825,9380,18088.86,9796102,0
"2021-07-12",8456,4901487,9545,4450655,1251,425387,73,37898,19325,18725.71,9815427,0
"2021-07-13",9473,4910960,9378,4460033,951,426338,102,38000,19904,18170.57,9835331,0
"2021-07-14",9009,4919969,9526,4469559,1009,427347,101,38101,19645,17931.71,9854976,0
"2021-07-15",8802,4928771,9141,4478700,1052,428399,80,38181,19075,17832.86,9874051,0
"2021-07-16",9245,4938016,9759,4488459,978,429377,101,38282,20083,17763.57,9894134,0
"2021-07-17",6852,4944868,7380,4495839,801,430178,78,38360,15111,17503.29,9909245,0
"2021-07-18",4260,4949128,4285,4500124,569,430747,34,38394,9148,17470.14,9918393,0
"2021-07-19",9131,4958259,8460,4508584,998,431745,90,38484,18679,17377.86,9937072,0
"2021-07-20",10658,4968917,8749,4517333,991,432736,90,38574,20488,17461.29,9957560,0
"2021-07-21",10064,4978981,8749,4526082,904,433640,138,38712,19855,17491.29,9977415,0
"2021-07-22",10690,4989671,8578,4534660,1044,434684,142,38854,20454,17688.29,9997869,0
"2021-07-23",11258,5000929,8876,4543536,1113,435797,133,38987,21380,17873.57,10019249,0
"2021-07-24",7408,5008337,6731,4550267,670,436467,80,39067,14889,17841.86,10034138,0
"2021-07-25",5480,5013817,2119,4552386,509,436976,58,39125,8166,17701.57,10042304,0
"2021-07-26",10888,5024705,6982,4559368,858,437834,107,39232,18835,17723.86,10061139,0
"2021-07-27",12067,5036772,8564,4567932,857,438691,129,39361,21617,17885.14,10082756,0
"2021-07-28",11995,5048767,8044,4575976,951,439642,130,39491,21120,18065.86,10103876,0
"2021-07-29",10945,5059712,7427,4583403,983,440625,128,39619,19483,17927.14,10123359,0
"2021-07-30",14955,5074667,8003,4591406,1149,441774,179,39798,24286,18342.29,10147645,0
"2021-07-31",9741,5084408,6303,4597709,815,442589,117,39915,16976,18640.43,10164621,0
"2021-08-01",6506,5090914,3309,4601018,564,443153,79,39994,10458,18967.86,10175079,0
"2021-08-02",13458,5104372,7148,4608166,848,444001,143,40137,21597,19362.43,10196676,0
"2021-08-03",15421,5119793,8376,4616542,1106,445107,143,40280,25046,19852.29,10221722,0
"2021-08-04",17264,5137057,8116,4624658,1454,446561,175,40455,27009,20693.57,10248731,0
"2021-08-05",17878,5154935,7913,4632571,1365,447926,159,40614,27315,21812.43,10276046,0
"2021-08-06",18185,5173120,8404,4640975,1233,449159,160,40774,27982,22340.43,10304028,0
"2021-08-07",13376,5186496,5998,4646973,798,449957,95,40869,20267,22810.57,10324295,0
"2021-08-08",9317,5195813,3828,4650801,399,450356,76,40945,13620,23262.29,10337915,0
"2021-08-09",21339,5217152,8523,4659324,963,451319,166,41111,30991,24604.29,10368906,0
"2021-08-10",18931,5236083,9322,4668646,949,452268,166,41277,29368,25221.71,10398274,0
"2021-08-11",15655,5251738,8306,4676952,852,453120,121,41398,24934,24925.29,10423208,0
"2021-08-12",15061,5266799,8972,4685924,937,454057,161,41559,25131,24613.29,10448339,0
"2021-08-13",14931,5281730,9273,4695197,921,454978,237,41796,25362,24239,10473701,0
"2021-08-14",10419,5292149,6409,4701606,626,455604,519,42315,17973,23911.29,10491674,0
"2021-08-15",6698,5298847,4472,4706078,676,456280,565,42880,12411,23738.57,10504085,0
"2021-08-16",15728,5314575,9281,4715359,1149,457429,1311,44191,27469,23235.43,10531554,0
"2021-08-17",17779,5332354,10439,4725798,1218,458647,1744,45935,31180,23494.29,10562734,0
"2021-08-18",17493,5349847,10349,4736147,1254,459901,1967,47902,31063,24369.86,10593797,0
"2021-08-19",16325,5366172,9509,4745656,1316,461217,1930,49832,29080,24934,10622877,0
"2021-08-20",16302,5382474,11530,4757186,1254,462471,1843,51675,30929,25729.29,10653806,0
"2021-08-21",11166,5393640,8035,4765221,877,463348,1045,52720,21123,26179.29,10674929,0
"2021-08-22",4089,5397729,3902,4769123,262,463610,511,53231,8764,25658.29,10683693,0
"2021-08-23",15588,5413317,11789,4780912,1023,464633,1535,54766,29935,26010.57,10713628,0
"2021-08-24",16927,5430244,12588,4793500,1006,465639,1768,56534,32289,26169,10745917,0
"2021-08-25",14603,5444847,12425,4805925,1111,466750,1549,58083,29688,25972.57,10775605,0
"2021-08-26",16180,5461027,14070,4819995,1073,467823,1752,59835,33075,26543.29,10808680,0
"2021-08-27",14850,5475877,14810,4834805,972,468795,1649,61484,32281,26736.43,10840961,0
"2021-08-28",10706,5486583,11504,4846309,836,469631,1000,62484,24046,27154,10865007,0
"2021-08-29",7227,5493810,7488,4853797,541,470172,767,63251,16023,28191,10881030,0
"2021-08-30",15542,5509352,16905,4870702,1076,471248,1779,65030,35302,28957.71,10916332,0
"2021-08-31",15537,5524889,15936,4886638,952,472200,1944,66974,34369,29254.86,10950701,0
"2021-09-01",14846,5539735,14089,4900727,1019,473219,1782,68756,31736,29547.43,10982437,0
"2021-09-02",14356,5554091,12512,4913239,896,474115,1679,70435,29443,29028.57,11011880,0
"2021-09-03",15026,5569117,14287,4927526,974,475089,1874,72309,32161,29011.43,11044041,0
"2021-09-04",9652,5578769,9403,4936929,688,475777,955,73264,20698,28533.14,11064739,0
"2021-09-05",6815,5585584,5509,4942438,438,476215,696,73960,13458,28166.71,11078197,0
"2021-09-06",5203,5590787,4506,4946944,358,476573,267,74227,10334,24599.86,11088531,0
"2021-09-07",15589,5606376,17680,4964624,913,477486,1524,75751,35706,24790.86,11124237,0
"2021-09-08",16209,5622585,14792,4979416,1073,478559,1746,77497,33820,25088.57,11158057,0
"2021-09-09",16129,5638714,14734,4994150,1047,479606,1889,79386,33799,25710.86,11191856,0
"2021-09-10",18386,5657100,15376,5009526,1209,480815,1953,81339,36924,26391.29,11228780,0
"2021-09-11",12650,5669750,10342,5019868,959,481774,1013,82352,24964,27000.71,11253744,0
"2021-09-12",8548,5678298,5043,5024911,766,482540,682,83034,15039,27226.57,11268783,0
"2021-09-13",16954,5695252,12937,5037848,973,483513,1627,84661,32491,30391.86,11301274,0
"2021-09-14",16290,5711542,13659,5051507,886,484399,1573,86234,32408,29920.71,11333682,0
"2021-09-15",15586,5727128,12833,5064340,728,485127,1557,87791,30704,29475.57,11364386,0
"2021-09-16",15363,5742491,13898,5078238,1211,486338,1432,89223,31904,29204.86,11396290,0
"2021-09-17",14473,5756964,13927,5092165,922,487260,1808,91031,31130,28377.14,11427420,0
"2021-09-18",10019,5766983,10166,5102331,915,488175,1038,92069,22138,27973.43,11449558,0
"2021-09-19",6191,5773174,6066,5108397,557,488732,735,92804,13549,27760.57,11463107,0
"2021-09-20",12701,5785875,12620,5121017,1070,489802,1900,94704,28291,27160.57,11491398,0
"2021-09-21",12259,5798134,12755,5133772,1111,490913,1998,96702,28123,26548.43,11519521,0
"2021-09-22",12860,5810994,11972,5145744,1090,492003,1648,98350,27570,26100.71,11547091,0
"2021-09-23",14964,5825958,12732,5158476,1637,493640,2223,100573,31556,26051,11578647,0
"2021-09-24",16477,5842435,13339,5171815,1632,495272,4529,105102,35977,26743.43,11614624,0
"2021-09-25",10575,5853010,9013,5180828,1016,496288,3385,108487,23989,27007.86,11638613,0
"2021-09-26",6332,5859342,5751,5186579,773,497061,2378,110865,15234,27248.57,11653847,0
"2021-09-27",14203,5873545,8039,5194618,1154,498215,8866,119731,32262,27815.86,11686109,0
"2021-09-28",11187,5884732,11755,5206373,901,499116,9684,129415,33527,28587.86,11719636,0
"2021-09-29",11644,5896376,12174,5218547,1205,500321,9250,138665,34273,29545.43,11753909,0
"2021-09-30",12281,5908657,12584,5231131,1338,501659,9558,148223,35761,30146.14,11789670,0
"2021-10-01",12685,5921342,13412,5244543,1281,502940,10139,158362,37517,30366.14,11827187,0
"2021-10-02",7748,5929090,9974,5254517,864,503804,4167,162529,22753,30189.57,11849940,0
"2021-10-03",5085,5934175,6160,5260677,594,504398,2570,165099,14409,30071.71,11864349,0
"2021-10-04",9951,5944126,11013,5271690,913,505311,9386,174485,31263,29929,11895612,0
"2021-10-05",10202,5954328,11742,5283432,973,506284,9832,184317,32749,29817.86,11928361,0
"2021-10-06",9951,5964279,11039,5294471,937,507221,9829,194146,31756,29458.29,11960117,0
"2021-10-07",9715,5973994,12177,5306648,852,508073,10078,204224,32822,29038.43,11992939,0
"2021-10-08",9522,5983516,12135,5318783,943,509016,10789,215013,33389,28448.71,12026328,0
"2021-10-09",6285,5989801,8275,5327058,649,509665,4049,219062,19258,27949.43,12045586,0
"2021-10-10",3554,5993355,5020,5332078,458,510123,2397,221459,11429,27523.71,12057015,0
"2021-10-11",7651,6001006,9332,5341410,728,510851,8819,230278,26530,26847.57,12083545,0
"2021-10-12",8095,6009101,10987,5352397,890,511741,10401,240679,30373,26508.14,12113918,0
"2021-10-13",7206,6016307,10142,5362539,870,512611,8647,249326,26865,25809.43,12140783,0
"2021-10-14",7485,6023792,11103,5373642,836,513447,9955,259281,29379,25317.57,12170162,0
"2021-10-15",7761,6031553,11858,5385500,823,514270,10653,269934,31095,24989.86,12201257,0
"2021-10-16",4880,6036433,7456,5392956,666,514936,3765,273699,16767,24634,12218024,0
"2021-10-17",3067,6039500,4476,5397432,411,515347,2405,276104,10359,24481.14,12228383,0
"2021-10-18",7098,6046598,10648,5408080,798,516145,9303,285407,27847,24669.29,12256230,0
"2021-10-19",6664,6053262,8929,5417009,805,516950,8896,294303,25294,23943.71,12281524,0
"2021-10-20",6585,6059847,9367,5426376,975,517925,9844,304147,26771,23930.29,12308295,0
"2021-10-21",7078,6066925,9375,5435751,859,518784,10704,314851,28016,23735.57,12336311,0
"2021-10-22",8187,6075112,10337,5446088,1025,519809,16197,331048,35746,24400,12372057,0
"2021-10-23",5209,6080321,6460,5452548,690,520499,9043,340091,21402,25062.14,12393459,0
"2021-10-24",3297,6083618,3965,5456513,770,521269,6126,346217,14158,25604.86,12407617,0
"2021-10-25",8846,6092464,8751,5465264,1148,522417,19103,365320,37848,27033.57,12445465,0
"2021-10-26",8252,6100716,7725,5472989,1259,523676,17164,382484,34400,28334.43,12479865,0
"2021-10-27",10649,6111365,8389,5481378,1604,525280,20650,403134,41292,30408.86,12521157,0
"2021-10-28",11406,6122771,8034,5489412,1792,527072,20700,423834,41932,32396.86,12563089,0
"2021-10-29",11914,6134685,8235,5497647,1965,529037,22374,446208,44488,33645.71,12607577,0
"2021-10-30",4673,6139358,5049,5502696,934,529971,11088,457296,21744,33694.57,12629321,0
"2021-10-31",2685,6142043,2703,5505399,545,530516,6592,463888,12525,33461.29,12641846,0
"2021-11-01",7218,6149261,6950,5512349,1090,531606,20228,484116,35486,33123.86,12677332,0
"2021-11-02",6661,6155922,6574,5518923,1053,532659,20601,504717,34889,33193.71,12712221,0
"2021-11-03",6936,6162858,6660,5525583,1028,533687,20472,525189,35096,32308.57,12747317,0
"2021-11-04",9376,6172234,6268,5531851,996,534683,22202,547391,38842,31867.14,12786159,0
"2021-11-05",11157,6183391,6720,5538571,1053,535736,23576,570967,42506,31584,12828665,0
"2021-11-06",11158,6194549,4042,5542613,593,536329,12519,583486,28312,32522.29,12856977,0
"2021-11-07",7287,6201836,2274,5544887,576,536905,7062,590548,17199,33190,12874176,0
"2021-11-08",15126,6216962,5669,5550556,867,537772,19376,609924,41038,33983.14,12915214,0
"2021-11-09",16221,6233183,5375,5555931,662,538434,20400,630324,42658,35093,12957872,0
"2021-11-10",17023,6250206,5326,5561257,684,539118,22462,652786,45495,36578.57,13003367,0
"2021-11-11",12647,6262853,5188,5566445,760,539878,21898,674684,40493,36814.43,13043860,0
"2021-11-12",16981,6279834,5664,5572109,710,540588,23230,697914,46585,37397.14,13090445,0
"2021-11-13",9987,6289821,3665,5575774,466,541054,13268,711182,27386,37264.86,13117831,0
"2021-11-14",6059,6295880,2291,5578065,325,541379,7892,719074,16567,37174.57,13134398,0
"2021-11-15",13333,6309213,5970,5584035,690,542069,24958,744032,44951,37733.57,13179349,0
"2021-11-16",10171,6319384,5778,5589813,655,542724,30391,774423,46995,38353.14,13226344,0
"2021-11-17",10595,6329979,6674,5596487,689,543413,31060,805483,49018,38856.43,13275362,0
"2021-11-18",11025,6341004,6537,5603024,864,544277,32624,838107,51050,40364.57,13326412,0
"2021-11-19",12321,6353325,6545,5609569,719,544996,35916,874023,55501,41638.29,13381913,0
"2021-11-20",9534,6362859,3416,5612985,513,545509,22249,896272,35712,42827.71,13417625,0
"2021-11-21",5089,6367948,1885,5614870,289,545798,13047,909319,20310,43362.43,13437935,0
"2021-11-22",10715,6378663,5785,5620655,754,546552,35551,944870,52805,44484.43,13490740,0
"2021-11-23",9971,6388634,4773,5625428,636,547188,33258,978128,48638,44719.14,13539378,0
"2021-11-24",8811,6397445,4755,5630183,651,547839,25785,1003913,40002,43431.14,13579380,0
"2021-11-25",459,6397904,324,5630507,80,547919,990,1004903,1853,36403,13581233,0
"2021-11-26",8361,6406265,6971,5637478,533,548452,26264,1031167,42129,34492.71,13623362,0
"2021-11-27",6862,6413127,6807,5644285,376,548828,18610,1049777,32655,34056,13656017,0
"2021-11-28",4239,6417366,5769,5650054,286,549114,11709,1061486,22003,34297.86,13678020,0
"2021-11-29",9515,6426881,10967,5661021,690,549804,34517,1096003,55689,34709.86,13733709,0
"2021-11-30",10772,6437653,11405,5672426,514,550318,37376,1133379,60067,36342.57,13793776,0
"2021-12-01",11411,6449064,10947,5683373,724,551042,40077,1173456,63159,39650.71,13856935,0
"2021-12-02",11974,6461038,11006,5694379,629,551671,41613,1215069,65222,48703.43,13922157,0
"2021-12-03",14029,6475067,12811,5707190,682,552353,47275,1262344,74797,53370.29,13996954,0
"2021-12-04",10142,6485209,11186,5718376,570,552923,30239,1292583,52137,56153.43,14049091,0
"2021-12-05",5860,6491069,5699,5724075,271,553194,16512,1309095,28342,57059,14077433,0
"2021-12-06",12824,6503893,9906,5733981,607,553801,42686,1351781,66023,58535.29,14143456,0
"2021-12-07",13089,6516982,9200,5743181,631,554432,42452,1394233,65372,59293.14,14208828,0
"2021-12-08",13923,6530905,8726,5751907,560,554992,40352,1434585,63561,59350.57,14272389,0
"2021-12-09",13799,6544704,8733,5760640,559,555551,40415,1475000,63506,59105.43,14335895,0
"2021-12-10",14521,6559225,10071,5770711,668,556219,43098,1518098,68358,58185.57,14404253,0
"2021-12-11",10488,6569713,8039,5778750,405,556624,26459,1544557,45391,57221.86,14449644,0
"2021-12-12",6103,6575816,3847,5782597,287,556911,15085,1559642,25322,56790.43,14474966,0
"2021-12-13",12414,6588230,7396,5789993,657,557568,37653,1597295,58120,55661.43,14533086,0
"2021-12-14",12406,6600636,6927,5796920,733,558301,37915,1635210,57981,54605.57,14591067,0
"2021-12-15",12475,6613111,6239,5803159,753,559054,37712,1672922,57179,53693.86,14648246,0
"2021-12-16",13664,6626775,4225,5807384,737,559791,40354,1713276,58980,53047.29,14707226,0
"2021-12-17",16606,6643381,6892,5814276,621,560412,45933,1759209,70052,53289.29,14777278,0
"2021-12-18",13322,6656703,5698,5819974,433,560845,30231,1789440,49684,53902.57,14826962,0
"2021-12-19",7186,6663889,2983,5822957,330,561175,17816,1807256,28315,54330.14,14855277,0
"2021-12-20",17505,6681394,5836,5828793,752,561927,46708,1853964,70801,56141.71,14926078,0
"2021-12-21",18521,6699915,6518,5835311,808,562735,48202,1902166,74049,58437.14,15000127,0
"2021-12-22",18972,6718887,6546,5841857,938,563673,49064,1951230,75520,61057.29,15075647,0
"2021-12-23",19260,6738147,6460,5848317,928,564601,45466,1996696,72114,62933.57,15147761,0
"2021-12-24",9476,6747623,2945,5851262,596,565197,20304,2017000,33321,57686.29,15181082,0
"2021-12-25",343,6747966,65,5851327,32,565229,420,2017420,860,50711.43,15181942,0
"2021-12-26",8200,6756166,3908,5855235,341,565570,17050,2034470,29499,50880.57,15211441,0
"2021-12-27",21874,6778040,9181,5864416,932,566502,43235,2077705,75222,51512.14,15286663,0
"2021-12-28",20259,6798299,8302,5872718,695,567197,47362,2125067,76618,51879.14,15363281,0
"2021-12-29",18572,6816871,7639,5880357,605,567802,45321,2170388,72137,51395.86,15435418,0
"2021-12-30",16935,6833806,7394,5887751,579,568381,44625,2215013,69533,51027.14,15504951,0
"2021-12-31",5360,6839166,2786,5890537,193,568574,14669,2229682,23008,49553.86,15527959,0
"2022-01-01",235,6839401,139,5890676,11,568585,484,2230166,869,49555.14,15528828,0
"2022-01-02",6471,6845872,5007,5895683,153,568738,10942,2241108,22573,48565.71,15551401,0
"2022-01-03",14223,6860095,8463,5904146,512,569250,26705,2267813,49903,44948.71,15601304,0
"2022-01-04",13171,6873266,8049,5912195,411,569661,26828,2294641,48459,40926,15649763,0
"2022-01-05",11709,6884975,6941,5919136,383,570044,25581,2320222,44614,36994.14,15694377,0
"2022-01-06",11650,6896625,7334,5926470,480,570524,27259,2347481,46723,33735.57,15741100,0
"2022-01-07",10538,6907163,8393,5934863,336,570860,24792,2372273,44059,36742.86,15785159,0
"2022-01-08",7994,6915157,8519,5943382,310,571170,19310,2391583,36133,41780.57,15821292,0
"2022-01-09",4175,6919332,3834,5947216,215,571385,10019,2401602,18243,41162,15839535,0
"2022-01-10",10264,6929596,8148,5955364,484,571869,24456,2426058,43352,40226.14,15882887,0
"2022-01-11",8975,6938571,7947,5963311,520,572389,20844,2446902,38286,38772.86,15921173,0
"2022-01-12",9005,6947576,8292,5971603,427,572816,22197,2469099,39921,38102.43,15961094,0
"2022-01-13",9123,6956699,8793,5980396,449,573265,22636,2491735,41001,37285,16002095,0
"2022-01-14",10151,6966850,8023,5988419,473,573738,26071,2517806,44718,37379.14,16046813,0
"2022-01-15",6217,6973067,4247,5992666,175,573913,14906,2532712,25545,35866.57,16072358,0
"2022-01-16",2947,6976014,3248,5995914,95,574008,7785,2540497,14075,35271.14,16086433,0
"2022-01-17",6109,6982123,6710,6002624,359,574367,14555,2555052,27733,33039.86,16114166,0
"2022-01-18",8147,6990270,10096,6012720,392,574759,19255,2574307,37890,32983.29,16152056,0
"2022-01-19",7537,6997807,9174,6021894,305,575064,17581,2591888,34597,32222.71,16186653,0
"2022-01-20",6312,7004119,8479,6030373,303,575367,15055,2606943,30149,30672.43,16216802,0
"2022-01-21",7663,7011782,7451,6037824,278,575645,18330,2625273,33722,29101.57,16250524,0
"2022-01-22",5224,7017006,4910,6042734,130,575775,11261,2636534,21525,28527.29,16272049,0
"2022-01-23",2831,7019837,3319,6046053,97,575872,6203,2642737,12450,28295.14,16284499,0
"2022-01-24",6430,7026267,8142,6054195,258,576130,14957,2657694,29787,28588.57,16314286,0
"2022-01-25",6237,7032504,7886,6062081,233,576363,14574,2672268,28930,27308.57,16343216,0
"2022-01-26",5788,7038292,7122,6069203,284,576647,13901,2686169,27095,26236.86,16370311,0
"2022-01-27",5266,7043558,6998,6076201,312,576959,13922,2700091,26498,25715.29,16396809,0
"2022-01-28",6319,7049877,7778,6083979,205,577164,16007,2716098,30309,25227.71,16427118,0
"2022-01-29",850,7050727,699,6084678,27,577191,2507,2718605,4083,22736,16431201,0
"2022-01-30",2113,7052840,2990,6087668,102,577293,4515,2723120,9720,22346,16440921,0
"2022-01-31",5039,7057879,6536,6094204,217,577510,11260,2734380,23052,21383.86,16463973,0
"2022-02-01",4848,7062727,6390,6100594,218,577728,10608,2744988,22064,20403,16486037,0
"2022-02-02",4282,7067009,5885,6106479,213,577941,11130,2756118,21510,19605.14,16507547,0
"2022-02-03",4235,7071244,5733,6112212,217,578158,11071,2767189,21256,18856.29,16528803,0
"2022-02-04",4790,7076034,7060,6119272,213,578371,13116,2780305,25179,18123.43,16553982,0
"2022-02-05",3606,7079640,6011,6125283,110,578481,8524,2788829,18251,20147.43,16572233,0
"2022-02-06",2029,7081669,2126,6127409,121,578602,4590,2793419,8866,20025.43,16581099,0
"2022-02-07",4176,7085845,4688,6132097,202,578804,10058,2803477,19124,19464.29,16600223,0
"2022-02-08",4228,7090073,5556,6137653,209,579013,11178,2814655,21171,19336.71,16621394,0
"2022-02-09",4121,7094194,5337,6142990,222,579235,11490,2826145,21170,19288.14,16642564,0
"2022-02-10",3929,7098123,5048,6148038,234,579469,11832,2837977,21043,19257.71,16663607,0
"2022-02-11",4508,7102631,5757,6153795,190,579659,13563,2851540,24018,19091.86,16687625,0
"2022-02-12",3261,7105892,4301,6158096,96,579755,8727,2860267,16385,18825.29,16704010,0
"2022-02-13",1530,7107422,1534,6159630,40,579795,4854,2865121,7958,18695.57,16711968,0
"2022-02-14",2992,7110414,3572,6163202,159,579954,10383,2875504,17106,18407.29,16729074,0
"2022-02-15",3590,7114004,4004,6167206,176,580130,12518,2888022,20288,18281.14,16749362,0
"2022-02-16",3661,7117665,3822,6171028,190,580320,15395,2903417,23068,18552.29,16772430,0
"2022-02-17",3996,7121661,4017,6175045,158,580478,17794,2921211,25965,19255.43,16798395,0
"2022-02-18",4465,7126126,4688,6179733,182,580660,20950,2942161,30285,20150.71,16828680,0
"2022-02-19",3253,7129379,2173,6181906,65,580725,11028,2953189,16519,20169.86,16845199,0
"2022-02-20",1872,7131251,1437,6183343,57,580782,6510,2959699,9876,20443.86,16855075,0
"2022-02-21",3082,7134333,2645,6185988,89,580871,8195,2967894,14011,20001.71,16869086,120000
"2022-02-22",4362,7138695,4126,6190114,161,581032,10616,2978510,19265,19855.57,16888351,120000
"2022-02-23",4209,7142904,3648,6193762,139,581171,10372,2988882,18368,19184.14,16906719,120000
"2022-02-24",3742,7146646,3535,6197297,90,581261,9875,2998757,17242,17938,16923961,120000
"2022-02-25",3489,7150135,3423,6200720,105,581366,9642,3008399,16659,15991.43,16940620,120000
"2022-02-26",2784,7152919,2480,6203200,64,581430,9223,3017622,14551,15710.29,16955171,120000
"2022-02-27",788,7153707,532,6203732,19,581449,2713,3020335,4052,14878.29,16959223,120000
