"DATE","ADMIN_DOSE1_DAILY","ADMIN_DOSE1_CUMULATIVE","ADMIN_DOSE2_DAILY","ADMIN_DOSE2_CUMULATIVE","ADMIN_SINGLE_DAILY","ADMIN_SINGLE_CUMULATIVE","ADMIN_ADDITIONAL_DAILY","ADMIN_ADDITIONAL_CUMULATIVE","ADMIN_ALLDOSES_DAILY","ADMIN_ALLDOSES_7DAYAVG","ADMIN_ALLDOSES_CUMULATIVE","INCOMPLETE"
"2020-12-14",79,79,0,0,0,0,0,0,79,,79,0
"2020-12-15",2051,2130,7,7,4,4,0,0,2062,,2141,0
"2020-12-16",4603,6733,13,20,1,5,1,1,4618,,6759,0
"2020-12-17",4655,11388,17,37,0,5,1,2,4673,,11432,0
"2020-12-18",5834,17222,19,56,2,7,2,4,5857,,17289,0
"2020-12-19",1689,18911,7,63,3,10,0,4,1699,,18988,0
"2020-12-20",1116,20027,2,65,1,11,0,4,1119,2872.43,20107,0
"2020-12-21",6339,26366,18,83,0,11,5,9,6362,3770,26469,0
"2020-12-22",9795,36161,27,110,2,13,1,10,9825,4879,36294,0
"2020-12-23",14275,50436,35,145,3,16,1,11,14314,6264.14,50608,0
"2020-12-24",7201,57637,24,169,1,17,0,11,7226,6628.86,57834,0
"2020-12-25",180,57817,0,169,0,17,1,12,181,5818,58015,0
"2020-12-26",4389,62206,42,211,0,17,1,13,4432,6208.43,62447,0
"2020-12-27",3868,66074,14,225,0,17,1,14,3883,6603.29,66330,0
"2020-12-28",10994,77068,50,275,1,18,2,16,11047,7272.57,77377,0
"2020-12-29",10719,87787,34,309,2,20,2,18,10757,7405.71,88134,0
"2020-12-30",12823,100610,46,355,0,20,0,18,12869,7199.29,101003,0
"2020-12-31",7262,107872,31,386,1,21,0,18,7294,7209,108297,0
"2021-01-01",181,108053,2,388,1,22,3,21,187,7209.86,108484,0
"2021-01-02",3809,111862,10,398,2,24,2,23,3823,7122.86,112307,0
"2021-01-03",3542,115404,24,422,2,26,1,24,3569,7078,115876,0
"2021-01-04",12257,127661,805,1227,2,28,7,31,13071,7367.14,128947,0
"2021-01-05",14084,141745,2191,3418,2,30,12,43,16289,8157.43,145236,0
"2021-01-06",17804,159549,3925,7343,1,31,30,73,21760,9427.57,166996,0
"2021-01-07",16550,176099,5169,12512,4,35,45,118,21768,11495.29,188764,0
"2021-01-08",16618,192717,5457,17969,0,35,32,150,22107,14626.71,210871,0
"2021-01-09",7651,200368,1462,19431,1,36,7,157,9121,15383.57,219992,0
"2021-01-10",7882,208250,983,20414,0,36,10,167,8875,16141.57,228867,0
"2021-01-11",25828,234078,7454,27868,2,38,48,215,33332,19036,262199,0
"2021-01-12",28263,262341,7857,35725,1,39,44,259,36165,21875.43,298364,0
"2021-01-13",31729,294070,9384,45109,1,40,52,311,41166,24647.71,339530,0
"2021-01-14",35810,329880,5324,50433,1,41,28,339,41163,27418.43,380693,0
"2021-01-15",29268,359148,3705,54138,2,43,32,371,33007,28975.57,413700,0
"2021-01-16",30291,389439,2380,56518,0,43,25,396,32696,32343.43,446396,0
"2021-01-17",23753,413192,1623,58141,0,43,18,414,25394,34703.29,471790,0
"2021-01-18",27108,440300,2412,60553,0,43,35,449,29555,34163.71,501345,0
"2021-01-19",34300,474600,9624,70177,1,44,71,520,43996,35282.43,545341,0
"2021-01-20",34871,509471,9493,79670,1,45,59,579,44424,35747.86,589765,0
"2021-01-21",25590,535061,8093,87763,2,47,47,626,33732,34686.29,623497,0
"2021-01-22",24756,559817,4382,92145,1,48,31,657,29170,34138.14,652667,0
"2021-01-23",15743,575560,3222,95367,0,48,10,667,18975,32178,671642,0
"2021-01-24",7176,582736,3452,98819,0,48,19,686,10647,30071.29,682289,0
"2021-01-25",13414,596150,11818,110637,0,48,65,751,25297,29463,707586,0
"2021-01-26",16766,612916,10752,121389,0,48,67,818,27585,27118.57,735171,0
"2021-01-27",20836,633752,12358,133747,0,48,49,867,33243,25521.29,768414,0
"2021-01-28",30761,664513,12848,146595,0,48,80,947,43689,26943.71,812103,0
"2021-01-29",31696,696209,11497,158092,0,48,80,1027,43273,28958.43,855376,0
"2021-01-30",18714,714923,3738,161830,0,48,20,1047,22472,29458,877848,0
"2021-01-31",13024,727947,2917,164747,1,49,28,1075,15970,30218.43,893818,0
"2021-02-01",1180,729127,5369,170116,4,53,35,1110,6588,27545.71,900406,0
"2021-02-02",2828,731955,9472,179588,2,55,48,1158,12350,25369.29,912756,0
"2021-02-03",16348,748303,21243,200831,4,59,201,1359,37796,26019.71,950552,0
"2021-02-04",27046,775349,19650,220481,3,62,198,1557,46897,26478,997449,0
"2021-02-05",27598,802947,20034,240515,0,62,183,1740,47815,27126.86,1045264,0
"2021-02-06",22992,825939,11248,251763,0,62,108,1848,34348,28823.43,1079612,0
"2021-02-07",12045,837984,8281,260044,1,63,90,1938,20417,29458.71,1100029,0
"2021-02-08",16966,854950,23515,283559,2,65,230,2168,40713,34333.71,1140742,0
"2021-02-09",17196,872146,28109,311668,2,67,331,2499,45638,39089.14,1186380,0
"2021-02-10",19592,891738,29311,340979,2,69,258,2757,49163,40713,1235543,0
"2021-02-11",27848,919586,33468,374447,2,71,342,3099,61660,42822,1297203,0
"2021-02-12",38402,957988,30791,405238,3,74,355,3454,69551,45927.14,1366754,0
"2021-02-13",28003,985991,25310,430548,2,76,310,3764,53625,48681,1420379,0
"2021-02-14",16280,1002271,23730,454278,0,76,260,4024,40270,51517.14,1460649,0
"2021-02-15",12796,1015067,10530,464808,2,78,164,4188,23492,49057,1484141,0
"2021-02-16",14241,1029308,26732,491540,0,78,319,4507,41292,48436.14,1525433,0
"2021-02-17",16399,1045707,22185,513725,1,79,284,4791,38869,46965.57,1564302,0
"2021-02-18",12155,1057862,24989,538714,21,100,286,5077,37451,43507.14,1601753,0
"2021-02-19",13264,1071126,23934,562648,39,139,302,5379,37539,38934,1639292,0
"2021-02-20",11353,1082479,26072,588720,6,145,324,5703,37755,36666.86,1677047,0
"2021-02-21",6363,1088842,17424,606144,15,160,282,5985,24084,34354.57,1701131,0
"2021-02-22",13040,1101882,11849,617993,2,162,125,6110,25016,34572.29,1726147,0
"2021-02-23",25245,1127127,14148,632141,1,163,159,6269,39553,34323.86,1765700,0
"2021-02-24",36362,1163489,20384,652525,0,163,221,6490,56967,36909.29,1822667,0
"2021-02-25",54621,1218110,30378,682903,6,169,393,6883,85398,43758.86,1908065,0
"2021-02-26",62876,1280986,31866,714769,4,173,407,7290,95153,51989.43,2003218,0
"2021-02-27",51302,1332288,22744,737513,47,220,331,7621,74424,57227.86,2077642,0
"2021-02-28",44599,1376887,13813,751326,7,227,204,7825,58623,62162,2136265,0
"2021-03-01",39316,1416203,12774,764100,10,237,166,7991,52266,66054.86,2188531,0
"2021-03-02",47083,1463286,12573,776673,7,244,161,8152,59824,68950.71,2248355,0
"2021-03-03",48607,1511893,16152,792825,17,261,146,8298,64922,70087.14,2313277,0
"2021-03-04",59824,1571717,22813,815638,1092,1353,269,8567,83998,69887.14,2397275,0
"2021-03-05",60991,1632708,24280,839918,3109,4462,328,8895,88708,68966.43,2485983,0
"2021-03-06",47181,1679889,18877,858795,5451,9913,237,9132,71746,68583.86,2557729,0
"2021-03-07",36047,1715936,14874,873669,6245,16158,228,9360,57394,68408.29,2615123,0
"2021-03-08",39632,1755568,14666,888335,8564,24722,311,9671,63173,69966.43,2678296,0
"2021-03-09",39105,1794673,12843,901178,7764,32486,177,9848,59889,69975.71,2738185,0
"2021-03-10",51834,1846507,15327,916505,5067,37553,229,10077,72457,71052.14,2810642,0
"2021-03-11",59995,1906502,21798,938303,4618,42171,255,10332,86666,71433.29,2897308,0
"2021-03-12",52207,1958709,30308,968611,4183,46354,369,10701,87067,71198.86,2984375,0
"2021-03-13",40656,1999365,26684,995295,5108,51462,324,11025,72772,71345.43,3057147,0
"2021-03-14",30719,2030084,15965,1011260,4527,55989,237,11262,51448,70496,3108595,0
"2021-03-15",33592,2063676,17244,1028504,4716,60705,235,11497,55787,69440.86,3164382,0
"2021-03-16",38680,2102356,20489,1048993,4925,65630,260,11757,64354,70078.71,3228736,0
"2021-03-17",42623,2144979,24776,1073769,4248,69878,334,12091,71981,70010.71,3300717,0
"2021-03-18",50462,2195441,26791,1100560,5240,75118,364,12455,82857,69466.57,3383574,0
"2021-03-19",47802,2243243,29935,1130495,5625,80743,389,12844,83751,68992.86,3467325,0
"2021-03-20",38711,2281954,25826,1156321,4688,85431,295,13139,69520,68528.29,3536845,0
"2021-03-21",29302,2311256,19350,1175671,770,86201,218,13357,49640,68270,3586485,0
"2021-03-22",33873,2345129,26726,1202397,4037,90238,260,13617,64896,69571.29,3651381,0
"2021-03-23",38439,2383568,32834,1235231,4219,94457,288,13905,75780,71203.57,3727161,0
"2021-03-24",41505,2425073,37578,1272809,4849,99306,327,14232,84259,72957.57,3811420,0
"2021-03-25",43418,2468491,50773,1323582,5055,104361,466,14698,99712,75365.43,3911132,0
"2021-03-26",38508,2506999,55494,1379076,4310,108671,524,15222,98836,77520.43,4009968,0
"2021-03-27",35745,2542744,45732,1424808,2939,111610,409,15631,84825,79706.86,4094793,0
"2021-03-28",26396,2569140,34438,1459246,1482,113092,327,15958,62643,81564.43,4157436,0
"2021-03-29",34825,2603965,38850,1498096,3248,116340,341,16299,77264,83331.29,4234700,0
"2021-03-30",40516,2644481,41908,1540004,3713,120053,331,16630,86468,84858.14,4321168,0
"2021-03-31",49405,2693886,44845,1584849,7441,127494,396,17026,102087,87405,4423255,0
"2021-04-01",50787,2744673,53931,1638780,11277,138771,499,17525,116494,89802.43,4539749,0
"2021-04-02",43761,2788434,53874,1692654,11970,150741,546,18071,110151,91418.86,4649900,0
"2021-04-03",39261,2827695,39201,1731855,9861,160602,334,18405,88657,91966.29,4738557,0
"2021-04-04",26562,2854257,24770,1756625,3902,164504,222,18627,55456,90939.57,4794013,0
"2021-04-05",41887,2896144,34477,1791102,11196,175700,367,18994,87927,92462.86,4881940,0
"2021-04-06",53276,2949420,35604,1826706,13223,188923,423,19417,102526,94756.86,4984466,0
"2021-04-07",55522,3004942,40682,1867388,14389,203312,396,19813,110989,96028.57,5095455,0
"2021-04-08",59276,3064218,46572,1913960,16340,219652,510,20323,122698,96914.86,5218153,0
"2021-04-09",56649,3120867,44957,1958917,17547,237199,509,20832,119662,98273.57,5337815,0
"2021-04-10",49356,3170223,35638,1994555,12728,249927,385,21217,98107,99623.57,5435922,0
"2021-04-11",38189,3208412,28811,2023366,7684,257611,295,21512,74979,102412.57,5510901,0
"2021-04-12",46644,3255056,31850,2055216,13495,271106,460,21972,92449,103058.57,5603350,0
"2021-04-13",52549,3307605,33791,2089007,368,271474,390,22362,87098,100854.57,5690448,0
"2021-04-14",50151,3357756,39961,2128968,20,271494,364,22726,90496,97927,5780944,0
"2021-04-15",52130,3409886,43673,2172641,16,271510,453,23179,96272,94151.86,5877216,0
"2021-04-16",51190,3461076,42220,2214861,32,271542,412,23591,93854,90465,5971070,0
"2021-04-17",43846,3504922,35686,2250547,3,271545,364,23955,79899,87863.86,6050969,0
"2021-04-18",28610,3533532,29374,2279921,7,271552,249,24204,58240,85472.57,6109209,0
"2021-04-19",37476,3571008,36450,2316371,22,271574,319,24523,74267,82875.14,6183476,0
"2021-04-20",40812,3611820,39630,2356001,19,271593,311,24834,80772,81971.43,6264248,0
"2021-04-21",38910,3650730,46010,2402011,15,271608,487,25321,85422,81246.57,6349670,0
"2021-04-22",38506,3689236,48959,2450970,9,271617,332,25653,87806,80037.14,6437476,0
"2021-04-23",39707,3728943,44376,2495346,4,271621,345,25998,84432,78691.14,6521908,0
"2021-04-24",31958,3760901,41602,2536948,44,271665,273,26271,73877,77830.86,6595785,0
"2021-04-25",18426,3779327,31228,2568176,86,271751,191,26462,49931,76643.86,6645716,0
"2021-04-26",26976,3806303,40734,2608910,1013,272764,283,26745,69006,75892.29,6714722,0
"2021-04-27",28577,3834880,47140,2656050,1697,274461,347,27092,77761,75462.14,6792483,0
"2021-04-28",27055,3861935,56834,2712884,2148,276609,422,27514,86459,75610.29,6878942,0
"2021-04-29",28614,3890549,57200,2770084,2148,278757,359,27873,88321,75683.86,6967263,0
"2021-04-30",30128,3920677,51987,2822071,2056,280813,277,28150,84448,75686.14,7051711,0
"2021-05-01",22483,3943160,44551,2866622,1177,281990,222,28372,68433,74908.43,7120144,0
"2021-05-02",11929,3955089,36657,2903279,1080,283070,134,28506,49800,74889.71,7169944,0
"2021-05-03",18035,3973124,53022,2956301,2383,285453,251,28757,73691,75559,7243635,0
"2021-05-04",22741,3995865,56648,3012949,2330,287783,260,29017,81979,76161.57,7325614,0
"2021-05-05",21479,4017344,48799,3061748,2312,290095,307,29324,72897,74224.14,7398511,0
"2021-05-06",20686,4038030,50181,3111929,2507,292602,268,29592,73642,72127.14,7472153,0
"2021-05-07",21259,4059289,52098,3164027,2813,295415,304,29896,76474,70988,7548627,0
"2021-05-08",16637,4075926,41867,3205894,1835,297250,228,30124,60567,69864.29,7609194,0
"2021-05-09",7977,4083903,29413,3235307,1260,298510,148,30272,38798,68292.57,7647992,0
"2021-05-10",14396,4098299,38534,3273841,2356,300866,230,30502,55516,65696.14,7703508,0
"2021-05-11",19920,4118219,43052,3316893,2514,303380,281,30783,65767,63380.14,7769275,0
"2021-05-12",17817,4136036,40530,3357423,3596,306976,228,31011,62171,61847.86,7831446,0
"2021-05-13",24978,4161014,40429,3397852,3230,310206,258,31269,68895,61169.71,7900341,0
"2021-05-14",27027,4188041,42912,3440764,3537,313743,279,31548,73755,60781.29,7974096,0
"2021-05-15",23653,4211694,34914,3475678,3366,317109,246,31794,62179,61011.57,8036275,0
"2021-05-16",15535,4227229,19439,3495117,2497,319606,125,31919,37596,60839.86,8073871,0
"2021-05-17",22677,4249906,29139,3524256,3258,322864,176,32095,55250,60801.86,8129121,0
"2021-05-18",24643,4274549,31904,3556160,3404,326268,235,32330,60186,60004.57,8189307,0
"2021-05-19",24200,4298749,29709,3585869,3040,329308,223,32553,57172,59290.43,8246479,0
"2021-05-20",24161,4322910,30080,3615949,3162,332470,272,32825,57675,57687.57,8304154,0
"2021-05-21",24690,4347600,32002,3647951,3060,335530,249,33074,60001,55722.71,8364155,0
"2021-05-22",20027,4367627,24355,3672306,2525,338055,160,33234,47067,53563.86,8411222,0
"2021-05-23",11237,4378864,13732,3686038,1411,339466,93,33327,26473,51974.86,8437695,0
"2021-05-24",18884,4397748,23151,3709189,2757,342223,214,33541,45006,50511.43,8482701,0
"2021-05-25",19439,4417187,23375,3732564,2601,344824,177,33718,45592,48426.57,8528293,0
"2021-05-26",18789,4435976,21083,3753647,2696,347520,199,33917,42767,46368.71,8571060,0
"2021-05-27",18475,4454451,21267,3774914,2530,350050,189,34106,42461,44195.29,8613521,0
"2021-05-28",17870,4472321,22887,3797801,2752,352802,186,34292,43695,41865.86,8657216,0
"2021-05-29",12712,4485033,17807,3815608,1755,354557,103,34395,32377,39767.29,8689593,0
"2021-05-30",7032,4492065,8948,3824556,1074,355631,47,34442,17101,38428.43,8706694,0
"2021-05-31",4742,4496807,6925,3831481,1012,356643,65,34507,12744,33819.57,8719438,0
"2021-06-01",16042,4512849,25195,3856676,2175,358818,151,34658,43563,33529.71,8763001,0
"2021-06-02",15355,4528204,20389,3877065,2093,360911,137,34795,37974,32845,8800975,0
"2021-06-03",15010,4543214,23817,3900882,2280,363191,125,34920,41232,32669.43,8842207,0
"2021-06-04",14731,4557945,25984,3926866,2493,365684,141,35061,43349,32620,8885556,0
"2021-06-05",10994,4568939,22086,3948952,1806,367490,111,35172,34997,32994.29,8920553,0
"2021-06-06",6449,4575388,14466,3963418,1222,368712,84,35256,22221,33725.71,8942774,0
"2021-06-07",11713,4587101,21784,3985202,2380,371092,137,35393,36014,37050,8978788,0
"2021-06-08",12652,4599753,24019,4009221,2072,373164,116,35509,38859,36378,9017647,0
"2021-06-09",11149,4610902,23022,4032243,2297,375461,129,35638,36597,36181.29,9054244,0
"2021-06-10",12072,4622974,22231,4054474,2462,377923,139,35777,36904,35563,9091148,0
"2021-06-11",12709,4635683,25118,4079592,2483,380406,150,35927,40460,35150.29,9131608,0
"2021-06-12",10168,4645851,19305,4098897,1888,382294,94,36021,31455,34644.29,9163063,0
"2021-06-13",4260,4650111,10933,4109830,1219,383513,41,36062,16453,33820.29,9179516,0
"2021-06-14",10215,4660326,19241,4129071,2042,385555,126,36188,31624,33193.14,9211140,0
"2021-06-15",11890,4672216,21006,4150077,1943,387498,128,36316,34967,32637.14,9246107,0
"2021-06-16",11592,4683808,19408,4169485,1956,389454,138,36454,33094,32136.71,9279201,0
"2021-06-17",11027,4694835,18762,4188247,1971,391425,119,36573,31879,31418.86,9311080,0
"2021-06-18",12170,4707005,18497,4206744,2116,393541,113,36686,32896,30338.29,9343976,0
"2021-06-19",8502,4715507,13516,4220260,1459,395000,82,36768,23559,29210.29,9367535,0
"2021-06-20",4336,4719843,7158,4227418,924,395924,37,36805,12455,28639.14,9379990,0
"2021-06-21",10163,4730006,10007,4237425,1806,397730,68,36873,22044,27270.57,9402034,0
"2021-06-22",9835,4739841,15641,4253066,1589,399319,105,36978,27170,26156.71,9429204,0
"2021-06-23",10317,4750158,15184,4268250,1860,401179,101,37079,27462,25352.14,9456666,0
"2021-06-24",9692,4759850,14696,4282946,1799,402978,117,37196,26304,24555.71,9482970,0
"2021-06-25",10592,4770442,14384,4297330,1718,404696,110,37306,26804,23685.43,9509774,0
"2021-06-26",7806,4778248,10465,4307795,1246,405942,73,37379,19590,23118.43,9529364,0
"2021-06-27",5002,4783250,6001,4313796,796,406738,31,37410,11830,23029.14,9541194,0
"2021-06-28",9034,4792284,10345,4324141,1524,408262,105,37515,21008,22881.14,9562202,0
"2021-06-29",9750,4802034,12311,4336452,1347,409609,127,37642,23535,22361.86,9585737,0
"2021-06-30",9431,4811465,10926,4347378,1481,411090,146,37788,21984,21579.29,9607721,0
"2021-07-01",9399,4820864,10927,4358305,1431,412521,125,37913,21882,20947.57,9629603,0
"2021-07-02",9697,4830561,11435,4369740,1541,414062,121,38034,22794,20374.71,9652397,0
"2021-07-03",7060,4837621,8419,4378159,1193,415255,75,38109,16747,19968.57,9669144,0
"2021-07-04",1288,4838909,1336,4379495,567,415822,8,38117,3199,18735.57,9672343,0
"2021-07-05",6496,4845405,7104,4386599,1208,417030,64,38181,14872,17859,9687215,0
"2021-07-06",9514,4854919,12849,4399448,1316,418346,115,38296,23794,17896,9711009,0
"2021-07-07",8674,4863593,11105,4410553,1419,419765,121,38417,21319,17801,9732328,0
"2021-07-08",8210,4871803,10190,4420743,1260,421025,106,38523,19766,17498.71,9752094,0
"2021-07-09",8378,4880181,10833,4431576,1279,422304,88,38611,20578,17182.14,9772672,0
"2021-07-10",7109,4887290,8628,4440204,1132,423436,62,38673,16931,17208.43,9789603,0
"2021-07-11",4104,4891394,4539,4444743,703,424139,34,38707,9380,18091.43,9798983,0
"2021-07-12",8453,4899847,9555,4454298,1250,425389,80,38787,19338,18729.43,9818321,0
"2021-07-13",9468,4909315,9383,4463681,951,426340,104,38891,19906,18174,9838227,0
"2021-07-14",9003,4918318,9526,4473207,1009,427349,103,38994,19641,17934.29,9857868,0
"2021-07-15",8793,4927111,9151,4482358,1051,428400,82,39076,19077,17835.86,9876945,0
"2021-07-16",9242,4936353,9761,4492119,978,429378,101,39177,20082,17765,9897027,0
"2021-07-17",6845,4943198,7385,4499504,802,430180,78,39255,15110,17504.86,9912137,0
"2021-07-18",4259,4947457,4283,4503787,569,430749,35,39290,9146,17471.43,9921283,0
"2021-07-19",9127,4956584,8467,4512254,999,431748,88,39378,18681,17377.57,9939964,0
"2021-07-20",10653,4967237,8756,4521010,991,432739,93,39471,20493,17461.43,9960457,0
"2021-07-21",10053,4977290,8762,4529772,903,433642,145,39616,19863,17493.14,9980320,0
"2021-07-22",10687,4987977,8582,4538354,1045,434687,142,39758,20456,17690.14,10000776,0
"2021-07-23",11255,4999232,8878,4547232,1114,435801,137,39895,21384,17876.14,10022160,0
"2021-07-24",7405,5006637,6734,4553966,670,436471,81,39976,14890,17844.71,10037050,0
"2021-07-25",5480,5012117,2123,4556089,509,436980,59,40035,8171,17705.43,10045221,0
"2021-07-26",10878,5022995,6999,4563088,859,437839,109,40144,18845,17728.86,10064066,0
"2021-07-27",12060,5035055,8564,4571652,857,438696,132,40276,21613,17888.86,10085679,0
"2021-07-28",11997,5047052,8047,4579699,950,439646,129,40405,21123,18068.86,10106802,0
"2021-07-29",10939,5057991,7424,4587123,983,440629,132,40537,19478,17929.14,10126280,0
"2021-07-30",14958,5072949,8007,4595130,1150,441779,180,40717,24295,18345,10150575,0
"2021-07-31",9730,5082679,6311,4601441,816,442595,119,40836,16976,18643,10167551,0
"2021-08-01",6504,5089183,3309,4604750,564,443159,79,40915,10456,18969.43,10178007,0
"2021-08-02",13450,5102633,7154,4611904,847,444006,145,41060,21596,19362.43,10199603,0
"2021-08-03",15416,5118049,8382,4620286,1109,445115,143,41203,25050,19853.43,10224653,0
"2021-08-04",17263,5135312,8120,4628406,1454,446569,179,41382,27016,20695.29,10251669,0
"2021-08-05",17867,5153179,7924,4636330,1366,447935,161,41543,27318,21815.29,10278987,0
"2021-08-06",18184,5171363,8410,4644740,1233,449168,162,41705,27989,22343,10306976,0
"2021-08-07",13389,5184752,6016,4650756,799,449967,97,41802,20301,22818,10327277,0
"2021-08-08",9310,5194062,3836,4654592,399,450366,82,41884,13627,23271,10340904,0
"2021-08-09",21342,5215404,8526,4663118,963,451329,169,42053,31000,24614.43,10371904,0
"2021-08-10",18923,5234327,9330,4672448,950,452279,171,42224,29374,25232.14,10401278,0
"2021-08-11",15650,5249977,8308,4680756,853,453132,128,42352,24939,24935.43,10426217,0
"2021-08-12",15051,5265028,8976,4689732,940,454072,168,42520,25135,24623.57,10451352,0
"2021-08-13",14928,5279956,9290,4699022,921,454993,237,42757,25376,24250.29,10476728,0
"2021-08-14",10411,5290367,6404,4705426,625,455618,528,43285,17968,23917,10494696,0
"2021-08-15",6698,5297065,4475,4709901,676,456294,566,43851,12415,23743.86,10507111,0
"2021-08-16",15729,5312794,9291,4719192,1149,457443,1318,45169,27487,23242,10534598,0
"2021-08-17",17779,5330573,10435,4729627,1223,458666,1764,46933,31201,23503,10565799,0
"2021-08-18",17510,5348083,10363,4739990,1261,459927,1980,48913,31114,24385.14,10596913,0
"2021-08-19",16307,5364390,9517,4749507,1315,461242,1946,50859,29085,24949.43,10625998,0
"2021-08-20",16288,5380678,11537,4761044,1254,462496,1850,52709,30929,25742.71,10656927,0
"2021-08-21",11156,5391834,8039,4769083,878,463374,1051,53760,21124,26193.57,10678051,0
"2021-08-22",4083,5395917,3899,4772982,262,463636,514,54274,8758,25671.14,10686809,0
"2021-08-23",15584,5411501,11793,4784775,1023,464659,1544,55818,29944,26022.14,10716753,0
"2021-08-24",16918,5428419,12596,4797371,1006,465665,1771,57589,32291,26177.86,10749044,0
"2021-08-25",14587,5443006,12440,4809811,1110,466775,1563,59152,29700,25975.86,10778744,0
"2021-08-26",16170,5459176,14084,4823895,1072,467847,1766,60918,33092,26548.29,10811836,0
"2021-08-27",14889,5474065,14823,4838718,972,468819,1659,62577,32343,26750.29,10844179,0
"2021-08-28",10690,5484755,11516,4850234,836,469655,1009,63586,24051,27168.43,10868230,0
"2021-08-29",7221,5491976,7494,4857728,541,470196,775,64361,16031,28207.43,10884261,0
"2021-08-30",15532,5507508,16923,4874651,1077,471273,1788,66149,35320,28975.43,10919581,0
"2021-08-31",15525,5523033,15949,4890600,951,472224,1965,68114,34390,29275.29,10953971,0
"2021-09-01",14835,5537868,14095,4904695,1021,473245,1800,69914,31751,29568.29,10985722,0
"2021-09-02",14343,5552211,12518,4917213,896,474141,1695,71609,29452,29048.29,11015174,0
"2021-09-03",15017,5567228,14298,4931511,974,475115,1891,73500,32180,29025,11047354,0
"2021-09-04",9650,5576878,9404,4940915,688,475803,963,74463,20705,28547,11068059,0
"2021-09-05",6803,5583681,5514,4946429,438,476241,707,75170,13462,28180,11081521,0
"2021-09-06",5200,5588881,4509,4950938,358,476599,270,75440,10337,24611,11091858,0
"2021-09-07",15578,5604459,17693,4968631,912,477511,1541,76981,35724,24801.57,11127582,0
"2021-09-08",16172,5620631,14820,4983451,1073,478584,1759,78740,33824,25097.71,11161406,0
"2021-09-09",16124,5636755,14742,4998193,1047,479631,1903,80643,33816,25721.14,11195222,0
"2021-09-10",18375,5655130,15390,5013583,1208,480839,1965,82608,36938,26400.86,11232160,0
"2021-09-11",12640,5667770,10345,5023928,958,481797,1018,83626,24961,27008.86,11257121,0
"2021-09-12",8536,5676306,5050,5028978,766,482563,689,84315,15041,27234.43,11272162,0
"2021-09-13",16938,5693244,12949,5041927,976,483539,1642,85957,32505,30401.29,11304667,0
"2021-09-14",16276,5709520,13676,5055603,886,484425,1589,87546,32427,29930.29,11337094,0
"2021-09-15",15548,5725068,12870,5068473,728,485153,1563,89109,30709,29485.29,11367803,0
"2021-09-16",15347,5740415,13902,5082375,1211,486364,1450,90559,31910,29213,11399713,0
"2021-09-17",14441,5754856,13961,5096336,922,487286,1820,92379,31144,28385.29,11430857,0
"2021-09-18",10005,5764861,10174,5106510,913,488199,1046,93425,22138,27982,11452995,0
"2021-09-19",6179,5771040,6071,5112581,558,488757,743,94168,13551,27769.14,11466546,0
"2021-09-20",12682,5783722,12632,5125213,1069,489826,1913,96081,28296,27167.86,11494842,0
"2021-09-21",12242,5795964,12770,5137983,1110,490936,2012,98093,28134,26554.57,11522976,0
"2021-09-22",12832,5808796,11995,5149978,1090,492026,1675,99768,27592,26109.29,11550568,0
"2021-09-23",14949,5823745,12757,5162735,1639,493665,2256,102024,31601,26065.14,11582169,0
"2021-09-24",16457,5840202,13366,5176101,1633,495298,4618,106642,36074,26769.43,11618243,0
"2021-09-25",10548,5850750,9024,5185125,1018,496316,3445,110087,24035,27040.43,11642278,0
"2021-09-26",6308,5857058,5761,5190886,774,497090,2416,112503,15259,27284.43,11657537,0
"2021-09-27",14173,5871231,8055,5198941,1155,498245,9021,121524,32404,27871.29,11689941,0
"2021-09-28",11158,5882389,11773,5210714,901,499146,9877,131401,33709,28667.71,11723650,0
"2021-09-29",11616,5894005,12193,5222907,1206,500352,9423,140824,34438,29645.71,11758088,0
"2021-09-30",12253,5906258,12598,5235505,1339,501691,9701,150525,35891,30258.57,11793979,0
"2021-10-01",12661,5918919,13427,5248932,1284,502975,10238,160763,37610,30478,11831589,0
"2021-10-02",7740,5926659,9973,5258905,865,503840,4223,164986,22801,30301.71,11854390,0
"2021-10-03",5080,5931739,6155,5265060,593,504433,2607,167593,14435,30184,11868825,0
"2021-10-04",9921,5941660,11025,5276085,913,505346,9494,177087,31353,30033.86,11900178,0
"2021-10-05",10180,5951840,11734,5287819,972,506318,9910,186997,32796,29903.43,11932974,0
"2021-10-06",9930,5961770,11053,5298872,937,507255,9905,196902,31825,29530.14,11964799,0
"2021-10-07",9680,5971450,12189,5311061,852,508107,10164,207066,32885,29100.71,11997684,0
"2021-10-08",9476,5980926,12169,5323230,943,509050,10881,217947,33469,28509.14,12031153,0
"2021-10-09",6272,5987198,8273,5331503,649,509699,4105,222052,19299,28008.86,12050452,0
"2021-10-10",3546,5990744,5024,5336527,458,510157,2421,224473,11449,27582.29,12061901,0
"2021-10-11",7636,5998380,9332,5345859,728,510885,8874,233347,26570,26899,12088471,0
"2021-10-12",8084,6006464,11001,5356860,891,511776,10474,243821,30450,26563.86,12118921,0
"2021-10-13",7177,6013641,10139,5366999,869,512645,8757,252578,26942,25866.29,12145863,0
"2021-10-14",7461,6021102,11112,5378111,835,513480,10079,262657,29487,25380.86,12175350,0
"2021-10-15",7745,6028847,11864,5389975,823,514303,10766,273423,31198,25056.43,12206548,0
"2021-10-16",4871,6033718,7464,5397439,666,514969,3821,277244,16822,24702.57,12223370,0
"2021-10-17",3060,6036778,4474,5401913,411,515380,2442,279686,10387,24550.86,12233757,0
"2021-10-18",7066,6043844,10660,5412573,796,516176,9434,289120,27956,24748.86,12261713,0
"2021-10-19",6588,6050432,8942,5421515,805,516981,9053,298173,25388,24025.71,12287101,0
"2021-10-20",6552,6056984,9378,5430893,975,517956,9953,308126,26858,24013.71,12313959,0
"2021-10-21",7046,6064030,9378,5440271,859,518815,10817,318943,28100,23815.57,12342059,0
"2021-10-22",8144,6072174,10344,5450615,1027,519842,16312,335255,35827,24476.86,12377886,0
"2021-10-23",5185,6077359,6456,5457071,690,520532,9104,344359,21435,25135.86,12399321,0
"2021-10-24",3279,6080638,3971,5461042,770,521302,6144,350503,14164,25675.43,12413485,0
"2021-10-25",8802,6089440,8746,5469788,1148,522450,19217,369720,37913,27097.86,12451398,0
"2021-10-26",8220,6097660,7728,5477516,1259,523709,17265,386985,34472,28395.57,12485870,0
"2021-10-27",10590,6108250,8395,5485911,1604,525313,20814,407799,41403,30473.43,12527273,0
"2021-10-28",11358,6119608,8039,5493950,1793,527106,20809,428608,41999,32459,12569272,0
"2021-10-29",11862,6131470,8245,5502195,1963,529069,22494,451102,44564,33707.14,12613836,0
"2021-10-30",4642,6136112,5057,5507252,934,530003,11149,462251,21782,33756.71,12635618,0
"2021-10-31",2669,6138781,2704,5509956,544,530547,6615,468866,12532,33523.57,12648150,0
"2021-11-01",7174,6145955,6953,5516909,1089,531636,20341,489207,35557,33187,12683707,0
"2021-11-02",6611,6152566,6589,5523498,1055,532691,20732,509939,34987,33260.57,12718694,0
"2021-11-03",6871,6159437,6681,5530179,1027,533718,20596,530535,35175,32370.86,12753869,0
"2021-11-04",9328,6168765,6278,5536457,995,534713,22331,552866,38932,31932.71,12792801,0
"2021-11-05",11086,6179851,6724,5543181,1053,535766,23727,576593,42590,31650.71,12835391,0
"2021-11-06",11142,6190993,4051,5547232,593,536359,12576,589169,28362,32590.71,12863753,0
"2021-11-07",7266,6198259,2286,5549518,577,536936,7096,596265,17225,33261.14,12880978,0
"2021-11-08",15081,6213340,5680,5555198,867,537803,19479,615744,41107,34054,12922085,0
"2021-11-09",16177,6229517,5388,5560586,661,538464,20486,636230,42712,35157.57,12964797,0
"2021-11-10",16966,6246483,5323,5565909,685,539149,22608,658838,45582,36644.29,13010379,0
"2021-11-11",12609,6259092,5192,5571101,760,539909,22042,680880,40603,36883,13050982,0
"2021-11-12",16924,6276016,5684,5576785,708,540617,23357,704237,46673,37466.29,13097655,0
"2021-11-13",9960,6285976,3663,5580448,465,541082,13303,717540,27391,37327.57,13125046,0
"2021-11-14",6030,6292006,2296,5582744,325,541407,7915,725455,16566,37233.43,13141612,0
"2021-11-15",13260,6305266,5971,5588715,690,542097,25072,750527,44993,37788.57,13186605,0
"2021-11-16",10009,6315275,5788,5594503,655,542752,30612,781139,47064,38410.29,13233669,0
"2021-11-17",10347,6325622,6678,5601181,681,543433,31372,812511,49078,38909.71,13282747,0
"2021-11-18",10772,6336394,6547,5607728,860,544293,32950,845461,51129,40413.43,13333876,0
"2021-11-19",12061,6348455,6556,5614284,716,545009,36206,881667,55539,41680,13389415,0
"2021-11-20",9369,6357824,3421,5617705,514,545523,22479,904146,35783,42878.86,13425198,0
"2021-11-21",4988,6362812,1891,5619596,287,545810,13170,917316,20336,43417.43,13445534,0
"2021-11-22",10490,6373302,5794,5625390,752,546562,35867,953183,52903,44547.43,13498437,0
"2021-11-23",9859,6383161,4779,5630169,637,547199,33458,986641,48733,44785.86,13547170,0
"2021-11-24",8757,6391918,4753,5634922,651,547850,25874,1012515,40035,43494,13587205,0
"2021-11-25",452,6392370,325,5635247,80,547930,1000,1013515,1857,36455.14,13589062,0
"2021-11-26",8091,6400461,6989,5642236,528,548458,26549,1040064,42157,34543.43,13631219,0
"2021-11-27",6707,6407168,6834,5649070,372,548830,18806,1058870,32719,34105.71,13663938,0
"2021-11-28",4094,6411262,5782,5654852,281,549111,11857,1070727,22014,34345.43,13685952,0
"2021-11-29",9134,6420396,10990,5665842,688,549799,34966,1105693,55778,34756.14,13741730,0
"2021-11-30",10567,6430963,11433,5677275,513,550312,37730,1143423,60243,36400.43,13801973,0
"2021-12-01",11233,6442196,10984,5688259,723,551035,40282,1183705,63222,39712.86,13865195,0
"2021-12-02",11715,6453911,11026,5699285,626,551661,42085,1225790,65452,48797.86,13930647,0
"2021-12-03",13553,6467464,12879,5712164,677,552338,47864,1273654,74973,53485.86,14005620,0
"2021-12-04",9890,6477354,11286,5723450,567,552905,30621,1304275,52364,56292.29,14057984,0
"2021-12-05",5781,6483135,5702,5729152,269,553174,16631,1320906,28383,57202.14,14086367,0
"2021-12-06",12407,6495542,9953,5739105,602,553776,43172,1364078,66134,58681.57,14152501,0
"2021-12-07",12664,6508206,9255,5748360,624,554400,42981,1407059,65524,59436,14218025,0
"2021-12-08",13599,6521805,8761,5757121,554,554954,40730,1447789,63644,59496.29,14281669,0
"2021-12-09",13571,6535376,8762,5765883,557,555511,40750,1488539,63640,59237.43,14345309,0
"2021-12-10",14106,6549482,10133,5776016,671,556182,43588,1532127,68498,58312.43,14413807,0
"2021-12-11",10302,6559784,8118,5784134,405,556587,26672,1558799,45497,57331.43,14459304,0
"2021-12-12",6046,6565830,3855,5787989,288,556875,15142,1573941,25331,56895.43,14484635,0
"2021-12-13",12281,6578111,7419,5795408,656,557531,37830,1611771,58186,55760,14542821,0
"2021-12-14",12293,6590404,6961,5802369,731,558262,38087,1649858,58072,54695.43,14600893,0
"2021-12-15",12175,6602579,6240,5808609,756,559018,38051,1687909,57222,53778,14658115,0
"2021-12-16",13191,6615770,4273,5812882,742,559760,40959,1728868,59165,53138.71,14717280,0
"2021-12-17",16020,6631790,6932,5819814,620,560380,46683,1775551,70255,53389.71,14787535,0
"2021-12-18",13063,6644853,5716,5825530,432,560812,30558,1806109,49769,54000,14837304,0
"2021-12-19",7052,6651905,2995,5828525,326,561138,17975,1824084,28348,54431,14865652,0
"2021-12-20",16933,6668838,5872,5834397,747,561885,47350,1871434,70902,56247.57,14936554,0
"2021-12-21",18027,6686865,6574,5840971,806,562691,48823,1920257,74230,58555.86,15010784,0
"2021-12-22",18616,6705481,6565,5847536,938,563629,49571,1969828,75690,61194.14,15086474,0
"2021-12-23",19099,6724580,6479,5854015,929,564558,45760,2015588,72267,63065.86,15158741,0
"2021-12-24",9251,6733831,2950,5856965,598,565156,20585,2036173,33384,57798.57,15192125,0
"2021-12-25",344,6734175,64,5857029,31,565187,424,2036597,863,50812,15192988,0
"2021-12-26",7985,6742160,3927,5860956,341,565528,17259,2053856,29512,50978.29,15222500,0
"2021-12-27",21848,6764008,9205,5870161,933,566461,43363,2097219,75349,51613.57,15297849,0
"2021-12-28",20205,6784213,8329,5878490,698,567159,47512,2144731,76744,51972.71,15374593,0
"2021-12-29",18540,6802753,7666,5886156,607,567766,45484,2190215,72297,51488,15446890,0
"2021-12-30",16910,6819663,7418,5893574,583,568349,44776,2234991,69687,51119.43,15516577,0
"2021-12-31",5372,6825035,2808,5896382,193,568542,14744,2249735,23117,49652.71,15539694,0
"2022-01-01",239,6825274,146,5896528,11,568553,498,2250233,894,49657.14,15540588,0
"2022-01-02",6447,6831721,5015,5901543,153,568706,10969,2261202,22584,48667.43,15563172,0
"2022-01-03",14201,6845922,8477,5910020,515,569221,26836,2288038,50029,45050.29,15613201,0
"2022-01-04",13115,6859037,8070,5918090,412,569633,26967,2315005,48564,41024.57,15661765,0
"2022-01-05",11635,6870672,6973,5925063,385,570018,25717,2340722,44710,37083.57,15706475,0
"2022-01-06",11562,6882234,7368,5932431,485,570503,27426,2368148,46841,33819.86,15753316,0
"2022-01-07",10480,6892714,8416,5940847,337,570840,24942,2393090,44175,36828.14,15797491,0
"2022-01-08",7948,6900662,8550,5949397,310,571150,19388,2412478,36196,41871.29,15833687,0
"2022-01-09",4149,6904811,3843,5953240,214,571364,10046,2422524,18252,41252.43,15851939,0
"2022-01-10",10191,6915002,8183,5961423,490,571854,24577,2447101,43441,40311.29,15895380,0
"2022-01-11",8926,6923928,7988,5969411,520,572374,20972,2468073,38406,38860.14,15933786,0
"2022-01-12",8967,6932895,8317,5977728,428,572802,22290,2490363,40002,38187.57,15973788,0
"2022-01-13",9063,6941958,8856,5986584,451,573253,22815,2513178,41185,37379.57,16014973,0
"2022-01-14",10141,6952099,8118,5994702,476,573729,26387,2539565,45122,37514.86,16060095,0
"2022-01-15",6218,6958317,4305,5999007,178,573907,15142,2554707,25843,36035.86,16085938,0
"2022-01-16",2928,6961245,3252,6002259,95,574002,7809,2562516,14084,35440.43,16100022,0
"2022-01-17",6099,6967344,6756,6009015,363,574365,14642,2577158,27860,33214.57,16127882,0
"2022-01-18",8183,6975527,10299,6019314,396,574761,19610,2596768,38488,33226.29,16166370,0
"2022-01-19",7504,6983031,9239,6028553,306,575067,17676,2614444,34725,32472.43,16201095,0
"2022-01-20",6310,6989341,8564,6037117,305,575372,15204,2629648,30383,30929.29,16231478,0
"2022-01-21",7594,6996935,7489,6044606,276,575648,18470,2648118,33829,29316,16265307,0
"2022-01-22",5202,7002137,4932,6049538,131,575779,11292,2659410,21557,28703.71,16286864,0
"2022-01-23",2822,7004959,3326,6052864,97,575876,6217,2665627,12462,28472,16299326,0
"2022-01-24",6393,7011352,8192,6061056,262,576138,15038,2680665,29885,28761.29,16329211,0
"2022-01-25",6213,7017565,7922,6068978,232,576370,14659,2695324,29026,27409.57,16358237,0
"2022-01-26",5769,7023334,7159,6076137,290,576660,13995,2709319,27213,26336.43,16385450,0
"2022-01-27",5280,7028614,7084,6083221,321,576981,14052,2723371,26737,25815.57,16412187,0
"2022-01-28",6279,7034893,7854,6091075,203,577184,16099,2739470,30435,25330.71,16442622,0
"2022-01-29",847,7035740,728,6091803,28,577212,2529,2741999,4132,22841.43,16446754,0
"2022-01-30",2100,7037840,3021,6094824,103,577315,4530,2746529,9754,22454.57,16456508,0
"2022-01-31",5016,7042856,6592,6101416,219,577534,11346,2757875,23173,21495.71,16479681,0
"2022-02-01",4850,7047706,6437,6107853,219,577753,10682,2768557,22188,20518.86,16501869,0
"2022-02-02",4256,7051962,5922,6113775,214,577967,11204,2779761,21596,19716.43,16523465,0
"2022-02-03",4243,7056205,5796,6119571,217,578184,11199,2790960,21455,18961.86,16544920,0
"2022-02-04",4792,7060997,7107,6126678,214,578398,13185,2804145,25298,18228,16570218,0
"2022-02-05",3595,7064592,6043,6132721,110,578508,8556,2812701,18304,20252.57,16588522,0
"2022-02-06",2066,7066658,2136,6134857,121,578629,4627,2817328,8950,20137.71,16597472,0
"2022-02-07",4161,7070819,4723,6139580,205,578834,10119,2827447,19208,19571.29,16616680,0
"2022-02-08",4238,7075057,5602,6145182,214,579048,11286,2838733,21340,19450.14,16638020,0
"2022-02-09",4145,7079202,5395,6150577,222,579270,11645,2850378,21407,19423.14,16659427,0
"2022-02-10",4009,7083211,5113,6155690,245,579515,12175,2862553,21542,19435.57,16680969,0
"2022-02-11",4534,7087745,5800,6161490,194,579709,13710,2876263,24238,19284.14,16705207,0
"2022-02-12",3261,7091006,4338,6165828,96,579805,8796,2885059,16491,19025.14,16721698,0
"2022-02-13",1521,7092527,1543,6167371,41,579846,4878,2889937,7983,18887,16729681,0
"2022-02-14",2992,7095519,3619,6170990,165,580011,10553,2900490,17329,18618.57,16747010,0
"2022-02-15",3570,7099089,4066,6175056,176,580187,12755,2913245,20567,18508.14,16767577,0
"2022-02-16",3671,7102760,3898,6178954,200,580387,15681,2928926,23450,18800,16791027,0
"2022-02-17",4058,7106818,4079,6183033,164,580551,18242,2947168,26543,19514.43,16817570,0
"2022-02-18",4494,7111312,4776,6187809,190,580741,21509,2968677,30969,20476,16848539,0
"2022-02-19",3262,7114574,2179,6189988,63,580804,11156,2979833,16660,20500.14,16865199,0
"2022-02-20",1867,7116441,1445,6191433,59,580863,6570,2986403,9941,20779.86,16875140,0
"2022-02-21",3097,7119538,2687,6194120,95,580958,8345,2994748,14224,20336.29,16889364,0
"2022-02-22",4404,7123942,4244,6198364,175,581133,10807,3005555,19630,20202.43,16908994,0
"2022-02-23",4284,7128226,3785,6202149,145,581278,10638,3016193,18852,19545.57,16927846,0
"2022-02-24",3785,7132011,3651,6205800,108,581386,10169,3026362,17713,18284.14,16945559,0
"2022-02-25",3625,7135636,3618,6209418,134,581520,9962,3036324,17339,16337,16962898,0
"2022-02-26",2851,7138487,2578,6211996,74,581594,9499,3045823,15002,16100.14,16977900,0
"2022-02-27",1778,7140265,1373,6213369,52,581646,6265,3052088,9468,16032.57,16987368,0
"2022-02-28",3821,7144086,3126,6216495,141,581787,13102,3065190,20190,16884.86,17007558,0
"2022-03-01",2137,7146223,2611,6219106,103,581890,5158,3070348,10009,15510.43,17017567,0
"2022-03-02",1835,7148058,2430,6221536,106,581996,4113,3074461,8484,14029.29,17026051,0
"2022-03-03",1940,7149998,2558,6224094,106,582102,3785,3078246,8389,12697.29,17034440,0
"2022-03-04",2119,7152117,2868,6226962,66,582168,4317,3082563,9370,11558.86,17043810,0
"2022-03-05",1612,7153729,2124,6229086,43,582211,3307,3085870,7086,10428,17050896,0
"2022-03-06",801,7154530,878,6229964,30,582241,1619,3087489,3328,9550.86,17054224,0
"2022-03-07",1671,7156201,1781,6231745,86,582327,3486,3090975,7024,7670,17061248,0
"2022-03-08",1551,7157752,1892,6233637,81,582408,3116,3094091,6640,7188.71,17067888,0
"2022-03-09",1266,7159018,1666,6235303,79,582487,2572,3096663,5583,6774.29,17073471,0
"2022-03-10",1423,7160441,2098,6237401,85,582572,2945,3099608,6551,6511.71,17080022,0
"2022-03-11",1606,7162047,2268,6239669,81,582653,3206,3102814,7161,6196.14,17087183,0
"2022-03-12",879,7162926,1412,6241081,40,582693,1997,3104811,4328,5802.14,17091511,0
"2022-03-13",626,7163552,756,6241837,26,582719,1292,3106103,2700,5712.43,17094211,0
"2022-03-14",1383,7164935,1597,6243434,83,582802,2981,3109084,6044,5572.43,17100255,0
"2022-03-15",1358,7166293,1923,6245357,63,582865,3068,3112152,6412,5539.86,17106667,0
"2022-03-16",1398,7167691,2064,6247421,94,582959,3123,3115275,6679,5696.43,17113346,0
"2022-03-17",1183,7168874,1809,6249230,70,583029,2749,3118024,5811,5590.71,17119157,0
"2022-03-18",1589,7170463,2179,6251409,80,583109,3757,3121781,7605,5654.14,17126762,0
"2022-03-19",1114,7171577,1728,6253137,54,583163,2587,3124368,5483,5819.14,17132245,0
"2022-03-20",613,7172190,629,6253766,33,583196,1459,3125827,2734,5824,17134979,0
"2022-03-21",1423,7173613,1549,6255315,73,583269,3043,3128870,6088,5830.29,17141067,0
"2022-03-22",1342,7174955,1546,6256861,101,583370,2890,3131760,5879,5754.14,17146946,0
"2022-03-23",1257,7176212,1352,6258213,66,583436,2909,3134669,5584,5597.71,17152530,0
"2022-03-24",1216,7177428,1295,6259508,89,583525,2507,3137176,5107,5497.14,17157637,0
"2022-03-25",1389,7178817,1617,6261125,61,583586,3254,3140430,6321,5313.71,17163958,0
"2022-03-26",930,7179747,1156,6262281,36,583622,2292,3142722,4414,5161,17168372,0
"2022-03-27",575,7180322,525,6262806,29,583651,1311,3144033,2440,5119,17170812,0
"2022-03-28",1084,7181406,1154,6263960,68,583719,2433,3146466,4739,4926.29,17175551,0
"2022-03-29",1057,7182463,1104,6265064,86,583805,2501,3148967,4748,4764.71,17180299,0
"2022-03-30",1249,7183712,1139,6266203,98,583903,3053,3152020,5539,4758.29,17185838,0
"2022-03-31",1268,7184980,1251,6267454,57,583960,3153,3155173,5729,4847.14,17191567,0
"2022-04-01",1426,7186406,1494,6268948,74,584034,3240,3158413,6234,4834.71,17197801,0
"2022-04-02",909,7187315,915,6269863,33,584067,2094,3160507,3951,4768.57,17201752,0
"2022-04-03",556,7187871,496,6270359,28,584095,1227,3161734,2307,4749.57,17204059,0
"2022-04-04",1352,7189223,1307,6271666,60,584155,2722,3164456,5441,4849.86,17209500,0
"2022-04-05",1297,7190520,1156,6272822,68,584223,2856,3167312,5377,4939.71,17214877,0
"2022-04-06",1301,7191821,1186,6274008,58,584281,2620,3169932,5165,4886.29,17220042,0
"2022-04-07",1210,7193031,1063,6275071,54,584335,2369,3172301,4696,4738.71,17224738,0
"2022-04-08",1491,7194522,1394,6276465,57,584392,3153,3175454,6095,4718.86,17230833,0
"2022-04-09",938,7195460,919,6277384,28,584420,2055,3177509,3940,4717.29,17234773,0
"2022-04-10",594,7196054,462,6277846,25,584445,1170,3178679,2251,4709.29,17237024,0
"2022-04-11",1339,7197393,1229,6279075,59,584504,2646,3181325,5273,4685.29,17242297,0
"2022-04-12",1210,7198603,1049,6280124,73,584577,2518,3183843,4850,4610,17247147,0
"2022-04-13",1265,7199868,1065,6281189,58,584635,2497,3186340,4885,4570,17252032,0
"2022-04-14",1279,7201147,1093,6282282,59,584694,2421,3188761,4852,4592.29,17256884,0
"2022-04-15",1336,7202483,1090,6283372,52,584746,2556,3191317,5034,4440.71,17261918,0
"2022-04-16",876,7203359,650,6284022,31,584777,1633,3192950,3190,4333.57,17265108,0
"2022-04-17",349,7203708,203,6284225,27,584804,636,3193586,1215,4185.57,17266323,0
"2022-04-18",1383,7205091,1111,6285336,82,584886,2579,3196165,5155,4168.71,17271478,0
"2022-04-19",1412,7206503,933,6286269,70,584956,2570,3198735,4985,4188,17276463,0
"2022-04-20",1310,7207813,1134,6287403,66,585022,2667,3201402,5177,4229.71,17281640,0
"2022-04-21",1221,7209034,1060,6288463,52,585074,2323,3203725,4656,4201.71,17286296,0
"2022-04-22",1217,7210251,1015,6289478,46,585120,2197,3205922,4475,4121.86,17290771,0
"2022-04-23",723,7210974,749,6290227,59,585179,1420,3207342,2951,4087.71,17293722,0
"2022-04-24",442,7211416,339,6290566,27,585206,809,3208151,1617,4145.14,17295339,0
"2022-04-25",1023,7212439,909,6291475,64,585270,1844,3209995,3840,3957.29,17299179,0
"2022-04-26",926,7213365,848,6292323,76,585346,1747,3211742,3597,3759,17302776,0
"2022-04-27",1029,7214394,977,6293300,78,585424,1921,3213663,4005,3591.57,17306781,0
"2022-04-28",1075,7215469,974,6294274,48,585472,1985,3215648,4082,3509.57,17310863,0
"2022-04-29",933,7216402,954,6295228,58,585530,1722,3217370,3667,3394.14,17314530,0
"2022-04-30",721,7217123,741,6295969,43,585573,1390,3218760,2895,3386.14,17317425,0
"2022-05-01",449,7217572,372,6296341,20,585593,757,3219517,1598,3383.43,17319023,0
"2022-05-02",1042,7218614,795,6297136,51,585644,1662,3221179,3550,3342,17322573,0
"2022-05-03",1106,7219720,848,6297984,60,585704,1964,3223143,3978,3396.43,17326551,0
"2022-05-04",1010,7220730,876,6298860,48,585752,1896,3225039,3830,3371.43,17330381,0
"2022-05-05",1039,7221769,948,6299808,79,585831,1922,3226961,3988,3358,17334369,0
"2022-05-06",1077,7222846,926,6300734,47,585878,1852,3228813,3902,3391.57,17338271,0
"2022-05-07",648,7223494,587,6301321,29,585907,1192,3230005,2456,3328.86,17340727,0
"2022-05-08",417,7223911,248,6301569,17,585924,669,3230674,1351,3293.57,17342078,0
"2022-05-09",1066,7224977,932,6302501,61,585985,1867,3232541,3926,3347.29,17346004,0
"2022-05-10",1074,7226051,915,6303416,49,586034,1961,3234502,3999,3350.29,17350003,0
"2022-05-11",1082,7227133,966,6304382,39,586073,1904,3236406,3991,3373.29,17353994,0
"2022-05-12",1079,7228212,932,6305314,56,586129,1965,3238371,4032,3379.57,17358026,0
"2022-05-13",1152,7229364,1024,6306338,43,586172,2030,3240401,4249,3429.14,17362275,0
"2022-05-14",815,7230179,663,6307001,28,586200,1457,3241858,2963,3501.57,17365238,0
"2022-05-15",503,7230682,353,6307354,20,586220,910,3242768,1786,3563.71,17367024,0
"2022-05-16",1209,7231891,839,6308193,59,586279,1783,3244551,3890,3558.57,17370914,0
"2022-05-17",1271,7233162,901,6309094,77,586356,2008,3246559,4257,3595.43,17375171,120000
"2022-05-18",1208,7234370,892,6309986,78,586434,2029,3248588,4207,3626.29,17379378,120000
"2022-05-19",1123,7235493,839,6310825,32,586466,1997,3250585,3991,3620.43,17383369,120000
"2022-05-20",1173,7236666,896,6311721,71,586537,2284,3252869,4424,3645.43,17387793,120000
"2022-05-21",807,7237473,622,6312343,21,586558,1649,3254518,3099,3664.86,17390892,120000
"2022-05-22",514,7237987,282,6312625,15,586573,1102,3255620,1913,3683,17392805,120000
"2022-05-23",268,7238255,236,6312861,13,586586,531,3256151,1048,3277,17393853,120000
