"DATE","ADMIN_DOSE1_DAILY","ADMIN_DOSE1_CUMULATIVE","ADMIN_DOSE2_DAILY","ADMIN_DOSE2_CUMULATIVE","ADMIN_SINGLE_DAILY","ADMIN_SINGLE_CUMULATIVE","ADMIN_ADDITIONAL1_DAILY","ADMIN_ADDITIONAL1_CUMULATIVE","ADMIN_ADDITIONAL2_DAILY","ADMIN_ADDITIONAL2_CUMULATIVE","ADMIN_ADDITIONAL_DAILY","ADMIN_ADDITIONAL_CUMULATIVE","ADMIN_ALLDOSES_DAILY","ADMIN_ALLDOSES_7DAYAVG","ADMIN_ALLDOSES_CUMULATIVE","ADMIN_ALLDOSES_PRIMARY","INCOMPLETE"
2020-12-14,79,79,0,0,2,2,0,0,0,0,0,0,81,,81,81,0
2020-12-15,2050,2129,7,7,5,7,0,0,0,0,0,0,2062,,2143,2143,0
2020-12-16,4606,6735,15,22,4,11,1,1,0,0,1,1,4626,,6769,6768,0
2020-12-17,4659,11394,18,40,2,13,1,2,0,0,1,2,4680,,11449,11447,0
2020-12-18,5833,17227,18,58,2,15,2,4,0,0,2,4,5855,,17304,17300,0
2020-12-19,1687,18914,8,66,3,18,0,4,0,0,0,4,1698,,19002,18998,0
2020-12-20,1116,20030,2,68,1,19,0,4,0,0,0,4,1119,2874.43,20121,20117,0
2020-12-21,6392,26422,20,88,0,19,5,9,0,0,5,9,6417,3779.57,26538,26529,0
2020-12-22,9768,36190,28,116,2,21,1,10,0,0,1,10,9799,4884.86,36337,36327,0
2020-12-23,14276,50466,36,152,3,24,0,10,0,0,0,10,14315,6269,50652,50642,0
2020-12-24,7174,57640,26,178,1,25,0,10,0,0,0,10,7201,6629.14,57853,57843,0
2020-12-25,180,57820,0,178,0,25,1,11,0,0,1,11,181,5818.57,58034,58023,0
2020-12-26,4392,62212,45,223,0,25,1,12,0,0,1,12,4438,6210,62472,62460,0
2020-12-27,3870,66082,14,237,0,25,1,13,0,0,1,13,3885,6605.14,66357,66344,0
2020-12-28,10993,77075,50,287,1,26,3,16,0,0,3,16,11047,7266.57,77404,77388,0
2020-12-29,10715,87790,36,323,2,28,3,19,0,0,3,19,10756,7403.29,88160,88141,0
2020-12-30,12821,100611,46,369,0,28,0,19,0,0,0,19,12867,7196.43,101027,101008,0
2020-12-31,7259,107870,37,406,1,29,0,19,0,0,0,19,7297,7210.14,108324,108305,0
2021-01-01,180,108050,2,408,1,30,3,22,0,0,3,22,186,7210.86,108510,108488,0
2021-01-02,3808,111858,11,419,3,33,2,24,0,0,2,24,3824,7123.14,112334,112310,0
2021-01-03,3542,115400,24,443,2,35,1,25,0,0,1,25,3569,7078,115903,115878,0
2021-01-04,12255,127655,807,1250,2,37,7,32,0,0,7,32,13071,7367.14,128974,128942,0
2021-01-05,14091,141746,2191,3441,2,39,15,47,1,1,16,48,16300,8159.14,145274,145226,0
2021-01-06,17796,159542,3928,7369,1,40,31,78,8,9,39,87,21764,9430.14,167038,166951,0
2021-01-07,16543,176085,5178,12547,4,44,46,124,3,12,49,136,21774,11498.29,188812,188676,0
2021-01-08,16612,192697,5458,18005,0,44,36,160,4,16,40,176,22110,14630.29,210922,210746,0
2021-01-09,7650,200347,1464,19469,1,45,7,167,2,18,9,185,9124,15387.43,220046,219861,0
2021-01-10,7880,208227,983,20452,0,45,11,178,0,18,11,196,8874,16145.29,228920,228724,0
2021-01-11,25815,234042,7461,27913,2,47,51,229,8,26,59,255,33337,19040.43,262257,262002,0
2021-01-12,28250,262292,7860,35773,1,48,45,274,5,31,50,305,36161,21877.71,298418,298113,0
2021-01-13,31712,294004,9418,45191,1,49,59,333,4,35,63,368,41194,24653.43,339612,339244,0
2021-01-14,35800,329804,5302,50493,1,50,33,366,7,42,40,408,41143,27420.43,380755,380347,0
2021-01-15,29253,359057,3714,54207,2,52,31,397,5,47,36,444,33005,28976.86,413760,413316,0
2021-01-16,30279,389336,2387,56594,0,52,24,421,6,53,30,474,32696,32344.29,446456,445982,0
2021-01-17,23739,413075,1637,58231,0,52,19,440,1,54,20,494,25396,34704.57,471852,471358,0
2021-01-18,27092,440167,2423,60654,0,52,36,476,7,61,43,537,29559,34164.86,501411,500874,0
2021-01-19,34290,474457,9633,70287,1,53,70,546,6,67,76,613,44000,35284.71,545411,544798,0
2021-01-20,34858,509315,9500,79787,1,54,60,606,4,71,64,677,44423,35746,589834,589157,0
2021-01-21,25582,534897,8098,87885,2,56,51,657,5,76,56,733,33738,34688.14,623572,622839,0
2021-01-22,24746,559643,4385,92270,1,57,32,689,8,84,40,773,29172,34140.57,652744,651971,0
2021-01-23,15742,575385,3224,95494,0,57,11,700,2,86,13,786,18979,32181,671723,670937,0
2021-01-24,7176,582561,3456,98950,0,57,19,719,1,87,20,806,10652,30074.71,682375,681569,0
2021-01-25,13407,595968,11824,110774,0,57,66,785,12,99,78,884,25309,29467.57,707684,706800,0
2021-01-26,16753,612721,10762,121536,0,57,70,855,2,101,72,956,27587,27122.86,735271,734315,0
2021-01-27,20833,633554,12357,133893,0,57,54,909,9,110,63,1019,33253,25527.14,768524,767505,0
2021-01-28,30754,664308,12853,146746,0,57,84,993,16,126,100,1119,43710,26951.71,812234,811115,0
2021-01-29,31679,695987,11513,158259,0,57,86,1079,10,136,96,1215,43288,28968.29,855522,854307,0
2021-01-30,18710,714697,3742,162001,0,57,20,1099,2,138,22,1237,22474,29467.57,877996,876759,0
2021-01-31,13011,727708,2926,164927,1,58,29,1128,5,143,34,1271,15972,30227.57,893968,892697,0
2021-02-01,1180,728888,5398,170325,4,62,38,1166,4,147,42,1313,6624,27558.29,900592,899279,0
2021-02-02,2822,731710,9448,179773,2,64,47,1213,4,151,51,1364,12323,25377.71,912915,911551,0
2021-02-03,16344,748054,21239,201012,4,68,213,1426,20,171,233,1597,37820,26030.14,950735,949138,0
2021-02-04,27040,775094,19649,220661,3,71,205,1631,10,181,215,1812,46907,26486.86,997642,995830,0
2021-02-05,27582,802676,20029,240690,0,71,190,1821,15,196,205,2017,47816,27133.71,1045458,1043441,0
2021-02-06,22983,825659,11253,251943,0,71,113,1934,12,208,125,2142,34361,28831.86,1079819,1077677,0
2021-02-07,12037,837696,8283,260226,1,72,94,2028,14,222,108,2250,20429,29468.57,1100248,1097998,0
2021-02-08,16951,854647,23517,283743,2,74,239,2267,34,256,273,2523,40743,34342.71,1140991,1138468,0
2021-02-09,17206,871853,28100,311843,2,76,348,2615,42,298,390,2913,45698,39110.57,1186689,1183776,0
2021-02-10,19591,891444,29295,341138,2,78,274,2889,51,349,325,3238,49214,40738.29,1235903,1232665,0
2021-02-11,27833,919277,33468,374606,2,80,347,3236,56,405,403,3641,61708,42852.71,1297611,1293970,0
2021-02-12,38368,957645,30808,405414,3,83,360,3596,39,444,399,4040,69578,45961.57,1367189,1363149,0
2021-02-13,27997,985642,25309,430723,2,85,311,3907,57,501,368,4408,53677,48721,1420866,1416458,0
2021-02-14,16272,1001914,23723,454446,0,85,271,4178,34,535,305,4713,40300,51559.71,1461166,1456453,0
2021-02-15,12797,1014711,10523,464969,2,87,177,4355,24,559,201,4914,23523,49099.71,1484689,1479775,0
2021-02-16,14237,1028948,26719,491688,0,87,332,4687,38,597,370,5284,41326,48475.14,1526015,1520731,0
2021-02-17,16385,1045333,22199,513887,1,88,286,4973,38,635,324,5608,38909,47003,1564924,1559316,0
2021-02-18,12143,1057476,24986,538873,21,109,299,5272,45,680,344,5952,37494,43543.86,1602418,1596466,0
2021-02-19,13255,1070731,23930,562803,38,147,309,5581,46,726,355,6307,37578,38972.43,1639996,1633689,0
2021-02-20,11350,1082081,26072,588875,6,153,331,5912,78,804,409,6716,37838,36709.71,1677834,1671118,0
2021-02-21,6358,1088439,17414,606289,15,168,288,6200,48,852,336,7052,24123,34398.71,1701957,1694905,0
2021-02-22,13042,1101481,11836,618125,2,170,134,6334,20,872,154,7206,25034,34614.57,1726991,1719785,0
2021-02-23,25248,1126729,14137,632262,1,171,161,6495,36,908,197,7403,39584,34365.71,1766575,1759172,0
2021-02-24,36353,1163082,20385,652647,0,171,235,6730,42,950,277,7680,57015,36952.29,1823590,1815910,0
2021-02-25,54596,1217678,30395,683042,6,177,409,7139,64,1014,473,8153,85470,43806,1909060,1900907,0
2021-02-26,62843,1280521,31870,714912,4,181,418,7557,78,1092,496,8649,95213,52039.57,2004273,1995624,0
2021-02-27,51278,1331799,22752,737664,47,228,344,7901,53,1145,397,9046,74474,57273.29,2078747,2069701,0
2021-02-28,44571,1376370,13838,751502,7,235,207,8108,37,1182,244,9290,58660,62207.14,2137407,2128117,0
2021-03-01,39311,1415681,12782,764284,10,245,168,8276,25,1207,193,9483,52296,66101.71,2189703,2180220,0
2021-03-02,47077,1462758,12580,776864,7,252,157,8433,14,1221,171,9654,59835,68994.71,2249538,2239884,0
2021-03-03,48598,1511356,16152,793016,17,269,154,8587,21,1242,175,9829,64942,70127.14,2314480,2304651,0
2021-03-04,59815,1571171,22819,815835,1092,1361,274,8861,35,1277,309,10138,84035,69922.14,2398515,2388377,0
2021-03-05,60966,1632137,24287,840122,3108,4469,338,9199,37,1314,375,10513,88736,68996.86,2487251,2476738,0
2021-03-06,47166,1679303,18882,859004,5451,9920,246,9445,37,1351,283,10796,71782,68612.29,2559033,2548237,0
2021-03-07,36033,1715336,14879,873883,6245,16165,237,9682,20,1371,257,11053,57414,68434.29,2616447,2605394,0
2021-03-08,39614,1754950,14684,888567,8559,24724,320,10002,92,1463,412,11465,63269,70001.86,2679716,2668251,0
2021-03-09,39095,1794045,12851,901418,7758,32482,189,10191,35,1498,224,11689,59928,70015.14,2739644,2727955,0
2021-03-10,51820,1845865,15360,916778,5064,37546,229,10420,33,1531,262,11951,72506,71095.71,2812150,2800199,0
2021-03-11,59978,1905843,21816,938594,4619,42165,256,10676,48,1579,304,12255,86717,71478.86,2898867,2886612,0
2021-03-12,52190,1958033,30300,968894,4182,46347,387,11063,85,1664,472,12727,87144,71251.43,2986011,2973284,0
2021-03-13,40642,1998675,26685,995579,5109,51456,333,11396,53,1717,386,13113,72822,71400,3058833,3045720,0
2021-03-14,30709,2029384,15966,1011545,4525,55981,250,11646,28,1745,278,13391,51479,70552.14,3110312,3096921,0
2021-03-15,33607,2062991,17262,1028807,4707,60688,237,11883,33,1778,270,13661,55846,69491.71,3166158,3152497,0
2021-03-16,38665,2101656,20515,1049322,4924,65612,265,12148,35,1813,300,13961,64404,70131.14,3230562,3216601,0
2021-03-17,42609,2144265,24794,1074116,4244,69856,347,12495,40,1853,387,14348,72034,70063.71,3302596,3288248,0
2021-03-18,50426,2194691,26808,1100924,5232,75088,381,12876,62,1915,443,14791,82909,69519.71,3385505,3370714,0
2021-03-19,47778,2242469,29968,1130892,5626,80714,398,13274,69,1984,467,15258,83840,69047.71,3469345,3454087,0
2021-03-20,38703,2281172,25833,1156725,4684,85398,300,13574,61,2045,361,15619,69581,68584.71,3538926,3523307,0
2021-03-21,29295,2310467,19357,1176082,769,86167,227,13801,44,2089,271,15890,49692,68329.43,3588618,3572728,0
2021-03-22,33862,2344329,26740,1202822,4037,90204,266,14067,38,2127,304,16194,64944,69629.14,3653562,3637368,0
2021-03-23,38418,2382747,32849,1235671,4216,94420,302,14369,53,2180,355,16549,75838,71262.57,3729400,3712851,0
2021-03-24,41487,2424234,37613,1273284,4845,99265,336,14705,63,2243,399,16948,84344,73021.14,3813744,3796796,0
2021-03-25,43396,2467630,50792,1324076,5053,104318,487,15192,88,2331,575,17523,99816,75436.43,3913560,3896037,0
2021-03-26,38494,2506124,55501,1379577,4308,108626,542,15734,100,2431,642,18165,98945,77594.29,4012505,3994340,0
2021-03-27,35732,2541856,45747,1425324,2938,111564,427,16161,83,2514,510,18675,84927,79786.57,4097432,4078757,0
2021-03-28,26384,2568240,34453,1459777,1482,113046,342,16503,65,2579,407,19082,62726,81648.57,4160158,4141076,0
2021-03-29,34809,2603049,38862,1498639,3246,116292,353,16856,113,2692,466,19548,77383,83425.57,4237541,4217993,0
2021-03-30,40500,2643549,41924,1540563,3713,120005,347,17203,65,2757,412,19960,86549,84955.71,4324090,4304130,0
2021-03-31,49381,2692930,44875,1585438,7438,127443,411,17614,87,2844,498,20458,102192,87505.43,4426282,4405824,0
2021-04-01,50770,2743700,53956,1639394,11277,138720,501,18115,85,2929,586,21044,116589,89901.57,4542871,4521827,0
2021-04-02,43754,2787454,53887,1693281,11969,150689,551,18666,70,2999,621,21665,110231,91513.86,4653102,4631437,0
2021-04-03,39244,2826698,39216,1732497,9859,160548,340,19006,59,3058,399,22064,88718,92055.43,4741820,4719756,0
2021-04-04,26552,2853250,24788,1757285,3903,164451,227,19233,50,3108,277,22341,55520,91026,4797340,4774999,0
2021-04-05,41876,2895126,34485,1791770,11198,175649,377,19610,61,3169,438,22779,87997,92542.29,4885337,4862558,0
2021-04-06,53257,2948383,35614,1827384,13216,188865,441,20051,77,3246,518,23297,102605,94836,4987942,4964645,0
2021-04-07,55490,3003873,40705,1868089,14386,203251,411,20462,81,3327,492,23789,111073,96104.71,5099015,5075226,0
2021-04-08,59249,3063122,46595,1914684,16337,219588,529,20991,86,3413,615,24404,122796,96991.43,5221811,5197407,0
2021-04-09,56637,3119759,44958,1959642,17557,237145,527,21518,77,3490,604,25008,119756,98352.14,5341567,5316559,0
2021-04-10,49340,3169099,35640,1995282,12720,249865,396,21914,63,3553,459,25467,98159,99700.86,5439726,5414259,0
2021-04-11,38174,3207273,28825,2024107,7680,257545,296,22210,59,3612,355,25822,75034,102488.57,5514760,5488938,0
2021-04-12,46626,3253899,31843,2055950,13499,271044,469,22679,68,3680,537,26359,92505,103132.57,5607265,5580906,0
2021-04-13,52543,3306442,33786,2089736,369,271413,401,23080,64,3744,465,26824,87163,100926.57,5694428,5667604,0
2021-04-14,50130,3356572,39956,2129692,20,271433,374,23454,77,3821,451,27275,90557,97995.71,5784985,5757710,0
2021-04-15,52110,3408682,43684,2173376,16,271449,460,23914,106,3927,566,27841,96377,94221.57,5881362,5853521,0
2021-04-16,51183,3459865,42209,2215585,32,271481,438,24352,71,3998,509,28350,93933,90532.57,5975295,5946945,0
2021-04-17,43832,3503697,35693,2251278,3,271484,368,24720,85,4083,453,28803,79981,87935.71,6055276,6026473,0
2021-04-18,28599,3532296,29365,2280643,7,271491,260,24980,65,4148,325,29128,58296,85544.57,6113572,6084444,0
2021-04-19,37453,3569749,36455,2317098,22,271513,329,25309,67,4215,396,29524,74326,82947.57,6187898,6158374,0
2021-04-20,40807,3610556,39627,2356725,19,271532,317,25626,82,4297,399,29923,80852,82046,6268750,6238827,0
2021-04-21,38889,3649445,46018,2402743,16,271548,503,26129,98,4395,601,30524,85524,81327,6354274,6323750,0
2021-04-22,38483,3687928,48965,2451708,9,271557,344,26473,75,4470,419,30943,87877,80112.71,6442151,6411208,0
2021-04-23,39691,3727619,44388,2496096,3,271560,351,26824,75,4545,426,31369,84508,78766.29,6526659,6495290,0
2021-04-24,31936,3759555,41606,2537702,44,271604,280,27104,62,4607,342,31711,73928,77901.57,6600587,6568876,0
2021-04-25,18415,3777970,31228,2568930,87,271691,198,27302,59,4666,257,31968,49987,76714.57,6650574,6618606,0
2021-04-26,26964,3804934,40730,2609660,1012,272703,295,27597,89,4755,384,32352,69090,75966.57,6719664,6687312,0
2021-04-27,28569,3833503,47137,2656797,1699,274402,360,27957,94,4849,454,32806,77859,75539,6797523,6764717,0
2021-04-28,27023,3860526,56846,2713643,2145,276547,443,28400,100,4949,543,33349,86557,75686.57,6884080,6850731,0
2021-04-29,28601,3889127,57204,2770847,2148,278695,369,28769,98,5047,467,33816,88420,75764.14,6972500,6938684,0
2021-04-30,30115,3919242,51990,2822837,2058,280753,286,29055,74,5121,360,34176,84524,75766.43,7057024,7022848,0
2021-05-01,22476,3941718,44539,2867376,1177,281930,236,29291,64,5185,300,34476,68492,74989.86,7125516,7091040,0
2021-05-02,11918,3953636,36653,2904029,1081,283011,145,29436,54,5239,199,34675,49851,74970.43,7175367,7140692,0
2021-05-03,18015,3971651,53024,2957053,2383,285394,262,29698,92,5331,354,35029,73778,75640.14,7249145,7214116,0
2021-05-04,22732,3994383,56653,3013706,2331,287725,269,29967,115,5446,384,35413,82100,76246,7331245,7295832,0
2021-05-05,21474,4015857,48760,3062466,2313,290038,315,30282,104,5550,419,35832,72967,74304.57,7404212,7368380,0
2021-05-06,20673,4036530,50177,3112643,2508,292546,278,30560,91,5641,369,36201,73727,72205.57,7477939,7441738,0
2021-05-07,21241,4057771,52099,3164742,2812,295358,317,30877,80,5721,397,36598,76549,71066.29,7554488,7517890,0
2021-05-08,16627,4074398,41862,3206604,1835,297193,237,31114,72,5793,309,36907,60633,69943.57,7615121,7578214,0
2021-05-09,7968,4082366,29411,3236015,1260,298453,151,31265,57,5850,208,37115,38847,68371.57,7653968,7616853,0
2021-05-10,14379,4096745,38529,3274544,2356,300809,244,31509,92,5942,336,37451,55600,65774.71,7709568,7672117,0
2021-05-11,19906,4116651,43063,3317607,2514,303323,285,31794,86,6028,371,37822,65854,63453.86,7775422,7737600,0
2021-05-12,17819,4134470,40540,3358147,3595,306918,234,32028,79,6107,313,38135,62267,61925.29,7837689,7799554,0
2021-05-13,24965,4159435,40427,3398574,3229,310147,266,32294,78,6185,344,38479,68965,61245,7906654,7868175,0
2021-05-14,27012,4186447,42943,3441517,3536,313683,271,32565,96,6281,367,38846,73858,60860.57,7980512,7941666,0
2021-05-15,23646,4210093,34921,3476438,3365,317048,253,32818,76,6357,329,39175,62261,61093.14,8042773,8003598,0
2021-05-16,15521,4225614,19450,3495888,2496,319544,124,32942,47,6404,171,39346,37638,60920.43,8080411,8041065,0
2021-05-17,22668,4248282,29144,3525032,3253,322797,183,33125,69,6473,252,39598,55317,60880,8135728,8096130,0
2021-05-18,24625,4272907,31909,3556941,3405,326202,241,33366,76,6549,317,39915,60256,60080.29,8195984,8156069,0
2021-05-19,24185,4297092,29726,3586667,3041,329243,227,33593,48,6597,275,40190,57227,59360.29,8253211,8213021,0
2021-05-20,24146,4321238,30105,3616772,3163,332406,265,33858,87,6684,352,40542,57766,57760.43,8310977,8270435,0
2021-05-21,24671,4345909,32004,3648776,3057,335463,248,34106,62,6746,310,40852,60042,55786.71,8371019,8330167,0
2021-05-22,20016,4365925,24367,3673143,2524,337987,165,34271,48,6794,213,41065,47120,53623.71,8418139,8377074,0
2021-05-23,11228,4377153,13733,3686876,1412,339399,93,34364,32,6826,125,41190,26498,52032.29,8444637,8403447,0
2021-05-24,18867,4396020,23160,3710036,2757,342156,218,34582,55,6881,273,41463,45057,50566.57,8489694,8448231,0
2021-05-25,19427,4415447,23382,3733418,2602,344758,173,34755,58,6939,231,41694,45642,48478.86,8535336,8493642,0
2021-05-26,18781,4434228,21091,3754509,2697,347455,201,34956,49,6988,250,41944,42819,46420.57,8578155,8536211,0
2021-05-27,18461,4452689,21279,3775788,2531,349986,183,35139,60,7048,243,42187,42514,44241.71,8620669,8578482,0
2021-05-28,17856,4470545,22881,3798669,2751,352737,189,35328,58,7106,247,42434,43735,41912.14,8664404,8621970,0
2021-05-29,12706,4483251,17814,3816483,1755,354492,105,35433,39,7145,144,42578,32419,39812,8696823,8654245,0
2021-05-30,7027,4490278,8949,3825432,1074,355566,50,35483,17,7162,67,42645,17117,38471.86,8713940,8671295,0
2021-05-31,4741,4495019,6922,3832354,1013,356579,64,35547,17,7179,81,42726,12757,33857.57,8726697,8683971,0
2021-06-01,16048,4511067,25192,3857546,2176,358755,156,35703,43,7222,199,42925,43615,33568,8770312,8727387,0
2021-06-02,15354,4526421,20396,3877942,2095,360850,140,35843,47,7269,187,43112,38032,32884.14,8808344,8765232,0
2021-06-03,15001,4541422,23826,3901768,2280,363130,128,35971,45,7314,173,43285,41280,32707.86,8849624,8806339,0
2021-06-04,14716,4556138,25997,3927765,2492,365622,148,36119,42,7356,190,43475,43395,32659.29,8893019,8849544,0
2021-06-05,10986,4567124,22097,3949862,1806,367428,115,36234,28,7384,143,43618,35032,33032.57,8928051,8884433,0
2021-06-06,6444,4573568,14486,3964348,1222,368650,89,36323,13,7397,102,43720,22254,33766.43,8950305,8906585,0
2021-06-07,11698,4585266,21788,3986136,2378,371028,141,36464,37,7434,178,43898,36042,37092.86,8986347,8942449,0
2021-06-08,12631,4597897,24022,4010158,2071,373099,124,36588,46,7480,170,44068,38894,36418.43,9025241,8981173,0
2021-06-09,11134,4609031,23026,4033184,2299,375398,137,36725,40,7520,177,44245,36636,36219,9061877,9017632,0
2021-06-10,12057,4621088,22241,4055425,2462,377860,139,36864,59,7579,198,44443,36958,35601.57,9098835,9054392,0
2021-06-11,12703,4633791,25125,4080550,2483,380343,158,37022,60,7639,218,44661,40529,35192.14,9139364,9094703,0
2021-06-12,10161,4643952,19320,4099870,1888,382231,93,37115,43,7682,136,44797,31505,34688.29,9170869,9126072,0
2021-06-13,4257,4648209,10932,4110802,1219,383450,42,37157,22,7704,64,44861,16472,33862.29,9187341,9142480,0
2021-06-14,10207,4658416,19237,4130039,2043,385493,127,37284,53,7757,180,45041,31667,33237.29,9219008,9173967,0
2021-06-15,11882,4670298,21016,4151055,1943,387436,133,37417,41,7798,174,45215,35015,32683.14,9254023,9208808,0
2021-06-16,11583,4681881,19409,4170464,1957,389393,145,37562,70,7868,215,45430,33164,32187.14,9287187,9241757,0
2021-06-17,11020,4692901,18760,4189224,1973,391366,126,37688,35,7903,161,45591,31914,31466.57,9319101,9273510,0
2021-06-18,12167,4705068,18501,4207725,2115,393481,114,37802,35,7938,149,45740,32932,30381.29,9352033,9306293,0
2021-06-19,8493,4713561,13517,4221242,1459,394940,86,37888,21,7959,107,45847,23576,29248.57,9375609,9329762,0
2021-06-20,4335,4717896,7159,4228401,924,395864,36,37924,17,7976,53,45900,12471,28677,9388080,9342180,0
2021-06-21,10160,4728056,10010,4238411,1807,397671,69,37993,27,8003,96,45996,22073,27306.43,9410153,9364157,0
2021-06-22,9835,4737891,15644,4254055,1589,399260,105,38098,28,8031,133,46129,27201,26190.14,9437354,9391225,0
2021-06-23,10308,4748199,15187,4269242,1863,401123,102,38200,31,8062,133,46262,27491,25379.71,9464845,9418583,0
2021-06-24,9685,4757884,14698,4283940,1797,402920,121,38321,28,8090,149,46411,26329,24581.86,9491174,9444763,0
2021-06-25,10585,4768469,14388,4298328,1721,404641,113,38434,39,8129,152,46563,26846,23712.43,9518020,9471457,0
2021-06-26,7798,4776267,10466,4308794,1250,405891,76,38510,24,8153,100,46663,19614,23146.43,9537634,9490971,0
2021-06-27,5000,4781267,6002,4314796,795,406686,34,38544,14,8167,48,46711,11845,23057,9549479,9502768,0
2021-06-28,9033,4790300,10345,4325141,1526,408212,109,38653,26,8193,135,46846,21039,22909.29,9570518,9523672,0
2021-06-29,9734,4800034,12329,4337470,1347,409559,124,38777,32,8225,156,47002,23566,22390,9594084,9547082,0
2021-06-30,9432,4809466,10930,4348400,1486,411045,148,38925,16,8241,164,47166,22012,21607.29,9616096,9568930,0
2021-07-01,9396,4818862,10925,4359325,1434,412479,131,39056,24,8265,155,47321,21910,20976,9638006,9590685,0
2021-07-02,9691,4828553,11455,4370780,1541,414020,119,39175,21,8286,140,47461,22828,20402,9660834,9613373,0
2021-07-03,7055,4835608,8421,4379201,1192,415212,79,39254,17,8303,96,47557,16764,19994.86,9677598,9630041,0
2021-07-04,1288,4836896,1335,4380536,567,415779,9,39263,3,8306,12,47569,3202,18760.14,9680800,9633231,0
2021-07-05,6494,4843390,7107,4387643,1208,416987,65,39328,22,8328,87,47656,14896,17882.57,9695696,9648040,0
2021-07-06,9511,4852901,12850,4400493,1315,418302,117,39445,38,8366,155,47811,23831,17920.43,9719527,9671716,0
2021-07-07,8665,4861566,11110,4411603,1419,419721,124,39569,20,8386,144,47955,21338,17824.14,9740865,9692910,0
2021-07-08,8218,4869784,10195,4421798,1259,420980,108,39677,22,8408,130,48085,19802,17523,9760667,9712582,0
2021-07-09,8373,4878157,10833,4432631,1279,422259,89,39766,20,8428,109,48194,20594,17203.86,9781261,9733067,0
2021-07-10,7102,4885259,8634,4441265,1131,423390,65,39831,20,8448,85,48279,16952,17230.71,9798213,9749934,0
2021-07-11,4105,4889364,4539,4445804,701,424091,36,39867,6,8454,42,48321,9387,18114.29,9807600,9759279,0
2021-07-12,8446,4897810,9560,4455364,1252,425343,83,39950,23,8477,106,48427,19364,18752.57,9826964,9778537,0
2021-07-13,9463,4907273,9393,4464757,952,426295,106,40056,35,8512,141,48568,19949,18198,9846913,9798345,0
2021-07-14,8996,4916269,9534,4474291,1011,427306,106,40162,22,8534,128,48696,19669,17959.57,9866582,9817886,0
2021-07-15,8794,4925063,9156,4483447,1054,428360,80,40242,19,8553,99,48795,19103,17859.71,9885685,9836890,0
2021-07-16,9247,4934310,9761,4493208,981,429341,102,40344,29,8582,131,48926,20120,17792,9905805,9856879,0
2021-07-17,6840,4941150,7386,4500594,803,430144,79,40423,20,8602,99,49025,15128,17531.43,9920933,9871908,0
2021-07-18,4254,4945404,4286,4504880,576,430720,35,40458,13,8615,48,49073,9164,17499.57,9930097,9881024,0
2021-07-19,9119,4954523,8480,4513360,999,431719,91,40549,22,8637,113,49186,18711,17406.29,9948808,9899622,0
2021-07-20,10642,4965165,8761,4522121,991,432710,95,40644,25,8662,120,49306,20514,17487,9969322,9920016,0
2021-07-21,10059,4975224,8766,4530887,904,433614,148,40792,33,8695,181,49487,19910,17521.43,9989232,9939745,0
2021-07-22,10686,4985910,8585,4539472,1046,434660,145,40937,26,8721,171,49658,20488,17719.29,10009720,9960062,0
2021-07-23,11248,4997158,8885,4548357,1114,435774,138,41075,23,8744,161,49819,21408,17903.29,10031128,9981309,0
2021-07-24,7398,5004556,6739,4555096,670,436444,82,41157,26,8770,108,49927,14915,17872.86,10046043,9996116,0
2021-07-25,5473,5010029,2129,4557225,509,436953,58,41215,4,8774,62,49989,8173,17731.29,10054216,10004227,0
2021-07-26,10868,5020897,7007,4564232,859,437812,110,41325,20,8794,130,50119,18864,17753.14,10073080,10022961,0
2021-07-27,12067,5032964,8570,4572802,857,438669,136,41461,39,8833,175,50294,21669,17918.14,10094749,10044455,0
2021-07-28,12014,5044978,8052,4580854,950,439619,133,41594,28,8861,161,50455,21177,18099.14,10115926,10065471,0
2021-07-29,10931,5055909,7435,4588289,984,440603,133,41727,39,8900,172,50627,19522,17961.14,10135448,10084821,0
2021-07-30,14954,5070863,8013,4596302,1151,441754,184,41911,31,8931,215,50842,24333,18379,10159781,10108939,0
2021-07-31,9721,5080584,6317,4602619,815,442569,125,42036,20,8951,145,50987,16998,18676.57,10176779,10125792,0
2021-08-01,6500,5087084,3312,4605931,564,443133,81,42117,20,8971,101,51088,10477,19005.71,10187256,10136168,0
2021-08-02,13447,5100531,7155,4613086,846,443979,148,42265,19,8990,167,51255,21615,19398.71,10208871,10157616,0
2021-08-03,15411,5115942,8389,4621475,1109,445088,143,42408,38,9028,181,51436,25090,19887.43,10233961,10182525,0
2021-08-04,17262,5133204,8131,4629606,1454,446542,181,42589,35,9063,216,51652,27063,20728.29,10261024,10209372,0
2021-08-05,17886,5151090,7932,4637538,1370,447912,159,42748,21,9084,180,51832,27368,21849.14,10288392,10236560,0
2021-08-06,18178,5169268,8417,4645955,1232,449144,167,42915,32,9116,199,52031,28026,22376.71,10316418,10264387,0
2021-08-07,13381,5182649,6018,4651973,799,449943,101,43016,28,9144,129,52160,20327,22852.29,10336745,10284585,0
2021-08-08,9309,5191958,3835,4655808,400,450343,83,43099,10,9154,93,52253,13637,23303.71,10350382,10298129,0
2021-08-09,21344,5213302,8527,4664335,965,451308,170,43269,34,9188,204,52457,31040,24650.14,10381422,10328965,0
2021-08-10,18946,5232248,9329,4673664,946,452254,181,43450,33,9221,214,52671,29435,25270.86,10410857,10358186,0
2021-08-11,15644,5247892,8311,4681975,853,453107,129,43579,45,9266,174,52845,24982,24973.57,10435839,10382994,0
2021-08-12,15055,5262947,8989,4690964,942,454049,175,43754,35,9301,210,53055,25196,24663.29,10461035,10407980,0
2021-08-13,14919,5277866,9293,4700257,919,454968,244,43998,38,9339,282,53337,25414,24290.14,10486449,10433112,0
2021-08-14,10396,5288262,6410,4706667,625,455593,535,44533,39,9378,574,53911,18005,23958.43,10504454,10450543,0
2021-08-15,6690,5294952,4482,4711149,676,456269,567,45100,33,9411,600,54511,12448,23788.57,10516902,10462391,0
2021-08-16,15712,5310664,9303,4720452,1150,457419,1326,46426,65,9476,1391,55902,27556,23290.86,10544458,10488556,0
2021-08-17,17762,5328426,10459,4730911,1229,458648,1772,48198,85,9561,1857,57759,31307,23558.29,10575765,10518006,0
2021-08-18,17490,5345916,10378,4741289,1260,459908,1994,50192,93,9654,2087,59846,31215,24448.71,10606980,10547134,0
2021-08-19,16290,5362206,9527,4750816,1315,461223,1960,52152,66,9720,2026,61872,29158,25014.71,10636138,10574266,0
2021-08-20,16275,5378481,11538,4762354,1253,462476,1865,54017,86,9806,1951,63823,31017,25815.14,10667155,10603332,0
2021-08-21,11146,5389627,8036,4770390,878,463354,1064,55081,54,9860,1118,64941,21178,26268.43,10688333,10623392,0
2021-08-22,4077,5393704,3903,4774293,261,463615,517,55598,33,9893,550,65491,8791,25746,10697124,10631633,0
2021-08-23,15577,5409281,11809,4786102,1022,464637,1548,57146,78,9971,1626,67117,30035,26100.14,10727159,10660042,0
2021-08-24,16915,5426196,12598,4798700,1006,465643,1771,58917,80,10051,1851,68968,32370,26252,10759529,10690561,0
2021-08-25,14568,5440764,12454,4811154,1112,466755,1567,60484,80,10131,1647,70615,29781,26047.14,10789310,10718695,0
2021-08-26,16148,5456912,14099,4825253,1071,467826,1776,62260,68,10199,1844,72459,33162,26619.14,10822472,10750013,0
2021-08-27,14878,5471790,14824,4840077,971,468797,1673,63933,75,10274,1748,74207,32421,26819.71,10854893,10780686,0
2021-08-28,10677,5482467,11522,4851599,835,469632,1017,64950,45,10319,1062,75269,24096,27236.57,10878989,10803720,0
2021-08-29,7214,5489681,7494,4859093,541,470173,781,65731,58,10377,839,76108,16088,28279,10895077,10818969,0
2021-08-30,15520,5505201,16927,4876020,1076,471249,1791,67522,90,10467,1881,77989,35404,29046,10930481,10852492,0
2021-08-31,15506,5520707,15961,4891981,952,472201,1976,69498,89,10556,2065,80054,34484,29348,10964965,10884911,0
2021-09-01,14827,5535534,14108,4906089,1020,473221,1811,71309,62,10618,1873,81927,31828,29640.43,10996793,10914866,0
2021-09-02,14317,5549851,12525,4918614,896,474117,1712,73021,62,10680,1774,83701,29512,29119,11026305,10942604,0
2021-09-03,15002,5564853,14311,4932925,974,475091,1898,74919,72,10752,1970,85671,32257,29095.57,11058562,10972891,0
2021-09-04,9646,5574499,9405,4942330,688,475779,976,75895,34,10786,1010,86681,20749,28617.43,11079311,10992630,0
2021-09-05,6796,5581295,5512,4947842,438,476217,717,76612,17,10803,734,87415,13480,28244.86,11092791,11005376,0
2021-09-06,5196,5586491,4511,4952353,358,476575,272,76884,11,10814,283,87698,10348,24665.43,11103139,11015441,0
2021-09-07,15571,5602062,17700,4970053,912,477487,1558,78442,92,10906,1650,89348,35833,24858.14,11138972,11049624,0
2021-09-08,16154,5618216,14829,4984882,1071,478558,1777,80219,83,10989,1860,91208,33914,25156.14,11172886,11081678,0
2021-09-09,16102,5634318,14753,4999635,1047,479605,1921,82140,75,11064,1996,93204,33898,25782.71,11206784,11113580,0
2021-09-10,18363,5652681,15394,5015029,1207,480812,1978,84118,81,11145,2059,95263,37023,26463.57,11243807,11148544,0
2021-09-11,12632,5665313,10350,5025379,958,481770,1029,85147,49,11194,1078,96341,25018,27073.43,11268825,11172484,0
2021-09-12,8537,5673850,5052,5030431,765,482535,692,85839,30,11224,722,97063,15076,27301.43,11283901,11186838,0
2021-09-13,16926,5690776,12963,5043394,976,483511,1658,87497,53,11277,1711,98774,32576,30476.86,11316477,11217703,0
2021-09-14,16262,5707038,13676,5057070,885,484396,1598,89095,56,11333,1654,100428,32477,29997.43,11348954,11248526,0
2021-09-15,15528,5722566,12889,5069959,727,485123,1569,90664,82,11415,1651,102079,30795,29551.86,11379749,11277670,0
2021-09-16,15331,5737897,13914,5083873,1210,486333,1464,92128,66,11481,1530,103609,31985,29278.57,11411734,11308125,0
2021-09-17,14431,5752328,13960,5097833,922,487255,1836,93964,58,11539,1894,105503,31207,28447.71,11442941,11337438,0
2021-09-18,9992,5762320,10187,5108020,913,488168,1051,95015,41,11580,1092,106595,22184,28042.86,11465125,11358530,0
2021-09-19,6175,5768495,6073,5114093,558,488726,748,95763,28,11608,776,107371,13582,27829.43,11478707,11371336,0
2021-09-20,12669,5781164,12632,5126725,1068,489794,1924,97687,61,11669,1985,109356,28354,27226.29,11507061,11397705,0
2021-09-21,12224,5793388,12772,5139497,1108,490902,2034,99721,76,11745,2110,111466,28214,26617.29,11535275,11423809,0
2021-09-22,12819,5806207,12004,5151501,1090,491992,1688,101409,70,11815,1758,113224,27671,26171,11562946,11449722,0
2021-09-23,14927,5821134,12764,5164265,1639,493631,2269,103678,74,11889,2343,115567,31673,26126.43,11594619,11479052,0
2021-09-24,16438,5837572,13364,5177629,1636,495267,4626,108304,122,12011,4748,120315,36186,26837.71,11630805,11510490,0
2021-09-25,10529,5848101,9025,5186654,1018,496285,3467,111771,78,12089,3545,123860,24117,27113.86,11654922,11531062,0
2021-09-26,6295,5854396,5765,5192419,773,497058,2423,114194,60,12149,2483,126343,15316,27361.57,11670238,11543895,0
2021-09-27,14141,5868537,8063,5200482,1155,498213,9077,123271,161,12310,9238,135581,32598,27967.86,11702836,11567255,0
2021-09-28,11118,5879655,11785,5212267,902,499115,9934,133205,178,12488,10112,145693,33917,28782.57,11736753,11591060,0
2021-09-29,11602,5891257,12190,5224457,1205,500320,9456,142661,170,12658,9626,155319,34624,29775.86,11771377,11616058,0
2021-09-30,12221,5903478,12608,5237065,1338,501658,9761,152422,177,12835,9938,165257,36105,30409,11807482,11642225,0
2021-10-01,12627,5916105,13432,5250497,1284,502942,10282,162704,150,12985,10432,175689,37775,30636,11845257,11669568,0
2021-10-02,7724,5923829,9977,5260474,865,503807,4246,166950,78,13063,4324,180013,22890,30460.71,11868147,11688134,0
2021-10-03,5063,5928892,6156,5266630,593,504400,2621,169571,58,13121,2679,182692,14491,30342.86,11882638,11699946,0
2021-10-04,9903,5938795,11022,5277652,913,505313,9534,179105,143,13264,9677,192369,31515,30188.14,11914153,11721784,0
2021-10-05,10143,5948938,11735,5289387,972,506285,9956,189061,179,13443,10135,202504,32985,30055,11947138,11744634,0
2021-10-06,9886,5958824,11052,5300439,936,507221,9939,199000,159,13602,10098,212602,31972,29676.14,11979110,11766508,0
2021-10-07,9601,5968425,12156,5312595,850,508071,10186,209186,173,13775,10359,222961,32966,29227.71,12012076,11789115,0
2021-10-08,9436,5977861,12181,5324776,941,509012,10919,220105,164,13939,11083,234044,33641,28637.14,12045717,11811673,0
2021-10-09,6235,5984096,8237,5333013,643,509655,4127,224232,88,14027,4215,238259,19330,28128.57,12065047,11826788,0
2021-10-10,3532,5987628,5029,5338042,458,510113,2438,226670,47,14074,2485,240744,11504,27701.86,12076551,11835807,0
2021-10-11,7608,5995236,9335,5347377,728,510841,8897,235567,163,14237,9060,249804,26731,27018.43,12103282,11853478,0
2021-10-12,8063,6003299,10995,5358372,891,511732,10525,246092,182,14419,10707,260511,30656,26685.71,12133938,11873427,0
2021-10-13,7139,6010438,10149,5368521,869,512601,8808,254900,179,14598,8987,269498,27144,25996,12161082,11891584,0
2021-10-14,7414,6017852,11120,5379641,837,513438,10133,265033,162,14760,10295,279793,29666,25524.57,12190748,11910955,0
2021-10-15,7708,6025560,11855,5391496,823,514261,10834,275867,170,14930,11004,290797,31390,25203,12222138,11931341,0
2021-10-16,4861,6030421,7469,5398965,666,514927,3846,279713,66,14996,3912,294709,16908,24857,12239046,11944337,0
2021-10-17,3054,6033475,4473,5403438,411,515338,2453,282166,44,15040,2497,297206,10435,24704.29,12249481,11952275,0
2021-10-18,7034,6040509,10671,5414109,796,516134,9484,291650,184,15224,9668,306874,28169,24909.71,12277650,11970776,0
2021-10-19,6561,6047070,8945,5423054,804,516938,9100,300750,174,15398,9274,316148,25584,24185.14,12303234,11987086,0
2021-10-20,6523,6053593,9370,5432424,975,517913,10001,310751,177,15575,10178,326326,27046,24171.14,12330280,12003954,0
2021-10-21,7014,6060607,9386,5441810,858,518771,10861,321612,155,15730,11016,337342,28274,23972.29,12358554,12021212,0
2021-10-22,8103,6068710,10344,5452154,1026,519797,16359,337971,220,15950,16579,353921,36052,24638.29,12394606,12040685,0
2021-10-23,5158,6073868,6460,5458614,690,520487,9129,347100,114,16064,9243,363164,21551,25301.57,12416157,12052993,0
2021-10-24,3260,6077128,3967,5462581,769,521256,6171,353271,76,16140,6247,369411,14243,25845.57,12430400,12060989,0
2021-10-25,8735,6085863,8740,5471321,1150,522406,19273,372544,299,16439,19572,388983,38197,27278.14,12468597,12079614,0
2021-10-26,8177,6094040,7723,5479044,1258,523664,17304,389848,268,16707,17572,406555,34730,28584.71,12503327,12096772,0
2021-10-27,10521,6104561,8395,5487439,1605,525269,20886,410734,320,17027,21206,427761,41727,30682,12545054,12117293,0
2021-10-28,11292,6115853,8026,5495465,1793,527062,20879,431613,322,17349,21201,448962,42312,32687.43,12587366,12138404,0
2021-10-29,11828,6127681,8231,5503696,1960,529022,22555,454168,336,17685,22891,471853,44911,33953,12632277,12160424,0
2021-10-30,4613,6132294,5065,5508761,930,529952,11186,465354,167,17852,11353,483206,21961,34011.57,12654238,12171032,0
2021-10-31,2649,6134943,2699,5511460,544,530496,6647,472001,104,17956,6751,489957,12643,33783,12666881,12176924,0
2021-11-01,7101,6142044,6952,5518412,1087,531583,20416,492417,328,18284,20744,510701,35884,33452.57,12702765,12192064,0
2021-11-02,6549,6148593,6588,5525000,1054,532637,20805,513222,272,18556,21077,531778,35268,33529.43,12738033,12206255,0
2021-11-03,6821,6155414,6680,5531680,1026,533663,20659,533881,309,18865,20968,552746,35497,32639.43,12773530,12220784,0
2021-11-04,9281,6164695,6278,5537958,995,534658,22393,556274,348,19213,22741,575487,39295,32208.43,12812825,12237338,0
2021-11-05,11017,6175712,6719,5544677,1051,535709,23790,580064,354,19567,24144,599631,42931,31925.57,12855756,12256125,0
2021-11-06,11112,6186824,4051,5548728,594,536303,12613,592677,172,19739,12785,612416,28542,32865.71,12884298,12271882,0
2021-11-07,7237,6194061,2286,5551014,577,536880,7119,599796,98,19837,7217,619633,17317,33533.43,12901615,12281982,0
2021-11-08,15036,6209097,5675,5556689,863,537743,19535,619331,280,20117,19815,639448,41389,34319.86,12943004,12303556,0
2021-11-09,16123,6225220,5384,5562073,660,538403,20544,639875,275,20392,20819,660267,42986,35422.43,12985990,12325723,0
2021-11-10,16899,6242119,5318,5567391,683,539086,22683,662558,290,20682,22973,683240,45873,36904.71,13031863,12348623,0
2021-11-11,12534,6254653,5180,5572571,759,539845,22120,684678,285,20967,22405,705645,40878,37130.86,13072741,12367096,0
2021-11-12,16876,6271529,5685,5578256,705,540550,23439,708117,357,21324,23796,729441,47062,37721,13119803,12390362,0
2021-11-13,9913,6281442,3663,5581919,463,541013,13354,721471,184,21508,13538,742979,27577,37583.14,13147380,12404401,0
2021-11-14,5998,6287440,2289,5584208,324,541337,7945,729416,77,21585,8022,751001,16633,37485.43,13164013,12413012,0
2021-11-15,13202,6300642,5972,5590180,690,542027,25136,754552,366,21951,25502,776503,45366,38053.57,13209379,12432876,0
2021-11-16,9920,6310562,5780,5595960,654,542681,30709,785261,426,22377,31135,807638,47490,38697,13256869,12449231,0
2021-11-17,10245,6320807,6669,5602629,681,543362,31474,816735,417,22794,31891,839529,49486,39213.14,13306355,12466826,0
2021-11-18,10677,6331484,6532,5609161,855,544217,33064,849799,460,23254,33524,873053,51588,40743.14,13357943,12484890,0
2021-11-19,11954,6343438,6550,5615711,710,544927,36303,886102,457,23711,36760,909813,55974,42016.29,13413917,12504104,0
2021-11-20,9292,6352730,3416,5619127,513,545440,22542,908644,259,23970,22801,932614,36022,43222.71,13449939,12517325,0
2021-11-21,4919,6357649,1887,5621014,288,545728,13229,921873,152,24122,13381,945995,20475,43771.57,13470414,12524419,0
2021-11-22,10380,6368029,5782,5626796,750,546478,35984,957857,436,24558,36420,982415,53333,44909.71,13523747,12541332,0
2021-11-23,9736,6377765,4782,5631578,634,547112,33574,991431,373,24931,33947,1016362,49100,45139.71,13572847,12556485,0
2021-11-24,8656,6386421,4748,5636326,648,547760,25974,1017405,284,25215,26258,1042620,40310,43828.86,13613157,12570537,0
2021-11-25,448,6386869,328,5636654,80,547840,1002,1018407,9,25224,1011,1043631,1867,36725.86,13615024,12571393,0
2021-11-26,8037,6394906,6984,5643638,528,548368,26612,1045019,301,25525,26913,1070544,42462,34795.57,13657486,12586942,0
2021-11-27,6656,6401562,6831,5650469,371,548739,18874,1063893,221,25746,19095,1089639,32954,34357.29,13690440,12600801,0
2021-11-28,4051,6405613,5789,5656258,281,549020,11924,1075817,120,25866,12044,1101683,22165,34598.71,13712605,12610922,0
2021-11-29,9057,6414670,11007,5667265,686,549706,35113,1110930,440,26306,35553,1137236,56303,35023,13768908,12631672,0
2021-11-30,10443,6425113,11442,5678707,513,550219,37846,1148776,493,26799,38339,1175575,60737,36685.43,13829645,12654070,0
2021-12-01,11126,6436239,10989,5689696,725,550944,40412,1189188,440,27239,40852,1216427,63693,40025.86,13893338,12676911,0
2021-12-02,11599,6447838,11040,5700736,626,551570,42228,1231416,448,27687,42676,1259103,65941,49179.29,13959279,12700176,0
2021-12-03,13407,6461245,12899,5713635,673,552243,48006,1279422,522,28209,48528,1307631,75507,53900,14034786,12727155,0
2021-12-04,9802,6471047,11294,5724929,566,552809,30732,1310154,304,28513,31036,1338667,52698,56720.57,14087484,12748817,0
2021-12-05,5726,6476773,5701,5730630,270,553079,16686,1326840,131,28644,16817,1355484,28514,57627.57,14115998,12760514,0
2021-12-06,12280,6489053,9985,5740615,599,553678,43308,1370148,446,29090,43754,1399238,66618,59101.14,14182616,12783378,0
2021-12-07,12534,6501587,9257,5749872,624,554302,43102,1413250,504,29594,43606,1442844,66021,59856,14248637,12805793,0
2021-12-08,13465,6515052,8778,5758650,555,554857,40863,1454113,471,30065,41334,1484178,64132,59918.71,14312769,12828591,0
2021-12-09,13430,6528482,8757,5767407,554,555411,40876,1494989,489,30554,41365,1525543,64106,59656.57,14376875,12851332,0
2021-12-10,13980,6542462,10148,5777555,669,556080,43727,1538716,492,31046,44219,1569762,69016,58729.29,14445891,12876129,0
2021-12-11,10240,6552702,8132,5785687,405,556485,26737,1565453,279,31325,27016,1596778,45794,57743,14491685,12894907,0
2021-12-12,6002,6558704,3856,5789543,287,556772,15180,1580633,135,31460,15315,1612093,25460,57306.71,14517145,12905052,0
2021-12-13,12168,6570872,7432,5796975,655,557427,37942,1618575,393,31853,38335,1650428,58590,56159.86,14575735,12925307,0
2021-12-14,12191,6583063,6953,5803928,730,558157,38214,1656789,430,32283,38644,1689072,58518,55088,14634253,12945181,0
2021-12-15,12049,6595112,6247,5810175,756,558913,38186,1694975,487,32770,38673,1727745,57726,54172.86,14691979,12964234,0
2021-12-16,13129,6608241,4270,5814445,739,559652,41178,1736153,452,33222,41630,1769375,59768,53553.14,14751747,12982372,0
2021-12-17,15901,6624142,6935,5821380,618,560270,46845,1782998,479,33701,47324,1816699,70778,53804.86,14822525,13005826,0
2021-12-18,12989,6637131,5717,5827097,432,560702,30653,1813651,270,33971,30923,1847622,50061,54414.43,14872586,13024964,0
2021-12-19,6994,6644125,2992,5830089,326,561028,18033,1831684,172,34143,18205,1865827,28517,54851.14,14901103,13035276,0
2021-12-20,16805,6660930,5860,5835949,746,561774,47534,1879218,563,34706,48097,1913924,71508,56696.57,14972611,13058687,0
2021-12-21,17929,6678859,6570,5842519,804,562578,48954,1928172,591,35297,49545,1963469,74848,59029.43,15047459,13083990,0
2021-12-22,18512,6697371,6560,5849079,937,563515,49769,1977941,532,35829,50301,2013770,76310,61684.29,15123769,13109999,0
2021-12-23,18997,6716368,6482,5855561,930,564445,45923,2023864,527,36356,46450,2060220,72859,63554.43,15196628,13136408,0
2021-12-24,9211,6725579,2951,5858512,598,565043,20628,2044492,209,36565,20837,2081057,33597,58242.86,15230225,13149168,0
2021-12-25,344,6725923,63,5858575,31,565074,426,2044918,9,36574,435,2081492,873,51216,15231098,13149606,0
2021-12-26,7947,6733870,3926,5862501,340,565414,17298,2062216,176,36750,17474,2098966,29687,51383.14,15260785,13161819,0
2021-12-27,21747,6755617,9204,5871705,934,566348,43492,2105708,553,37303,44045,2143011,75930,52014.86,15336715,13193704,0
2021-12-28,20123,6775740,8332,5880037,702,567050,47615,2153323,613,37916,48228,2191239,77385,52377.29,15414100,13222861,0
2021-12-29,18473,6794213,7671,5887708,607,567657,45626,2198949,485,38401,46111,2237350,72862,51884.71,15486962,13249612,0
2021-12-30,16864,6811077,7427,5895135,588,568245,44902,2243851,581,38982,45483,2282833,70362,51528,15557324,13274491,0
2021-12-31,5347,6816424,2810,5897945,193,568438,14773,2258624,184,39166,14957,2297790,23307,50058,15580631,13282841,0
2022-01-01,244,6816668,147,5898092,12,568450,502,2259126,22,39188,524,2298314,927,50065.71,15581558,13283244,0
2022-01-02,6420,6823088,5023,5903115,153,568603,10989,2270115,111,39299,11100,2309414,22696,49067,15604254,13294840,0
2022-01-03,14115,6837203,8503,5911618,514,569117,26983,2297098,343,39642,27326,2336740,50458,45428.14,15654712,13317972,0
2022-01-04,12809,6850012,8127,5919745,415,569532,27257,2324355,365,40007,27622,2364362,48973,41369.29,15703685,13339323,0
2022-01-05,11319,6861331,7017,5926762,382,569914,25998,2350353,313,40320,26311,2390673,45029,37393.14,15748714,13358041,0
2022-01-06,11343,6872674,7396,5934158,483,570397,27647,2378000,342,40662,27989,2418662,47211,34085.86,15795925,13377263,0
2022-01-07,10185,6882859,8446,5942604,339,570736,25179,2403179,324,40986,25503,2444165,44474,37109.71,15840399,13396234,0
2022-01-08,7689,6890548,8585,5951189,310,571046,19610,2422789,182,41168,19792,2463957,36377,42174,15876776,13412819,0
2022-01-09,4116,6894664,3842,5955031,214,571260,10074,2432863,93,41261,10167,2474124,18339,41551.57,15895115,13420991,0
2022-01-10,10158,6904822,8191,5963222,490,571750,24630,2457493,304,41565,24934,2499058,43773,40596.57,15938888,13439830,0
2022-01-11,8867,6913689,7989,5971211,521,572271,21050,2478543,290,41855,21340,2520398,38719,39131.71,15977607,13457209,0
2022-01-12,8925,6922614,8331,5979542,427,572698,22368,2500911,287,42142,22655,2543053,40338,38461.57,16017945,13474892,0
2022-01-13,9019,6931633,8867,5988409,451,573149,22924,2523835,319,42461,23243,2566296,41581,37657.29,16059526,13493230,0
2022-01-14,10086,6941719,8122,5996531,475,573624,26462,2550297,333,42794,26795,2593091,45478,37800.71,16105004,13511913,0
2022-01-15,6200,6947919,4310,6000841,178,573802,15154,2565451,178,42972,15332,2608423,26020,36321.14,16131024,13522601,0
2022-01-16,2905,6950824,3249,6004090,95,573897,7834,2573285,85,43057,7919,2616342,14168,35725.29,16145192,13528850,0
2022-01-17,6052,6956876,6752,6010842,363,574260,14699,2587984,220,43277,14919,2631261,28086,33484.29,16173278,13542017,0
2022-01-18,8145,6965021,10322,6021164,396,574656,19689,2607673,314,43591,20003,2651264,38866,33505.29,16212144,13560880,0
2022-01-19,7435,6972456,9248,6030412,303,574959,17736,2625409,275,43866,18011,2669275,34998,32742.43,16247142,13577867,0
2022-01-20,6255,6978711,8560,6038972,305,575264,15279,2640688,249,44115,15528,2684803,30648,31180.57,16277790,13592987,0
2022-01-21,7545,6986256,7515,6046487,276,575540,18525,2659213,285,44400,18810,2703613,34146,29561.71,16311936,13608323,0
2022-01-22,5183,6991439,4934,6051421,131,575671,11332,2670545,127,44527,11459,2715072,21707,28945.57,16333643,13618571,0
2022-01-23,2802,6994241,3329,6054750,97,575768,6236,2676781,76,44603,6312,2721384,12540,28713,16346183,13624799,0
2022-01-24,6349,7000590,8203,6062953,262,576030,15088,2691869,241,44844,15329,2736713,30143,29006.86,16376326,13639613,0
2022-01-25,6173,7006763,7941,6070894,231,576261,14711,2706580,262,45106,14973,2751686,29318,27642.86,16405644,13653958,0
2022-01-26,5737,7012500,7177,6078071,289,576550,14025,2720605,212,45318,14237,2765923,27440,26563.14,16433084,13667161,0
2022-01-27,5234,7017734,7093,6085164,321,576871,14105,2734710,233,45551,14338,2780261,26986,26040,16460070,13679809,0
2022-01-28,6240,7023974,7878,6093042,203,577074,16139,2750849,239,45790,16378,2796639,30699,25547.57,16490769,13694130,0
2022-01-29,838,7024812,728,6093770,28,577102,2541,2753390,39,45829,2580,2799219,4174,23042.86,16494943,13695724,0
2022-01-30,2087,7026899,3023,6096793,103,577205,4545,2757935,62,45891,4607,2803826,9820,22654.29,16504763,13700937,0
2022-01-31,4992,7031891,6591,6103384,220,577425,11403,2769338,200,46091,11603,2815429,23406,21691.86,16528169,13712740,0
2022-02-01,4818,7036709,6443,6109827,220,577645,10723,2780061,222,46313,10945,2826374,22426,20707.29,16550595,13724221,0
2022-02-02,4252,7040961,5943,6115770,212,577857,11251,2791312,244,46557,11495,2837869,21902,19916.14,16572497,13734628,0
2022-02-03,4214,7045175,5818,6121588,216,578073,11230,2802542,199,46756,11429,2849298,21677,19157.71,16594174,13744876,0
2022-02-04,4750,7049925,7118,6128706,214,578287,13229,2815771,239,46995,13468,2862766,25550,18422.14,16619724,13756958,0
2022-02-05,3565,7053490,6050,6134756,110,578397,8587,2824358,155,47150,8742,2871508,18467,20464,16638191,13766683,0
2022-02-06,2058,7055548,2138,6136894,121,578518,4642,2829000,103,47253,4745,2876253,9063,20355.86,16647254,13771001,0
2022-02-07,4144,7059692,4736,6141630,205,578723,10143,2839143,232,47485,10375,2886628,19460,19792.14,16666714,13780086,0
2022-02-08,4206,7063898,5608,6147238,214,578937,11337,2850480,307,47792,11644,2898272,21672,19684.43,16688386,13790114,0
2022-02-09,4123,7068021,5405,6152643,222,579159,11671,2862151,255,48047,11926,2910198,21676,19652.14,16710062,13799864,0
2022-02-10,3976,7071997,5127,6157770,244,579403,12208,2874359,287,48334,12495,2922693,21842,19675.71,16731904,13809211,0
2022-02-11,4501,7076498,5811,6163581,194,579597,13742,2888101,325,48659,14067,2936760,24573,19536.14,16756477,13819717,0
2022-02-12,3256,7079754,4342,6167923,97,579694,8811,2896912,213,48872,9024,2945784,16719,19286.43,16773196,13827412,0
2022-02-13,1516,7081270,1545,6169468,41,579735,4883,2901795,111,48983,4994,2950778,8096,19148.29,16781292,13830514,0
2022-02-14,2971,7084241,3628,6173096,167,579902,10576,2912371,327,49310,10903,2961681,17669,18892.43,16798961,13837280,0
2022-02-15,3535,7087776,4078,6177174,175,580077,12796,2925167,284,49594,13080,2974761,20868,18777.57,16819829,13845068,0
2022-02-16,3638,7091414,3908,6181082,200,580277,15735,2940902,298,49892,16033,2990794,23779,19078,16843608,13852814,0
2022-02-17,4035,7095449,4083,6185165,162,580439,18336,2959238,360,50252,18696,3009490,26976,19811.43,16870584,13861094,0
2022-02-18,4449,7099898,4789,6189954,189,580628,21546,2980784,460,50712,22006,3031496,31433,20791.43,16902017,13870521,0
2022-02-19,3249,7103147,2183,6192137,65,580693,11184,2991968,218,50930,11402,3042898,16899,20817.14,16918916,13876018,0
2022-02-20,1846,7104993,1445,6193582,59,580752,6595,2998563,113,51043,6708,3049606,10058,21097.43,16928974,13879368,0
2022-02-21,3079,7108072,2695,6196277,95,580847,8350,3006913,236,51279,8586,3058192,14455,20638.29,16943429,13885237,0
2022-02-22,4371,7112443,4257,6200534,174,581021,10840,3017753,253,51532,11093,3069285,19895,20499.29,16963324,13894039,0
2022-02-23,4253,7116696,3791,6204325,145,581166,10675,3028428,241,51773,10916,3080201,19105,19831.57,16982429,13902228,0
2022-02-24,3789,7120485,3661,6207986,108,581274,10196,3038624,230,52003,10426,3090627,17984,18547,17000413,13909786,0
2022-02-25,3602,7124087,3634,6211620,135,581409,9990,3048614,237,52240,10227,3100854,17598,16570.57,17018011,13917157,0
2022-02-26,2828,7126915,2582,6214202,74,581483,9523,3058137,155,52395,9678,3110532,15162,16322.43,17033173,13922641,0
2022-02-27,1767,7128682,1375,6215577,52,581535,6270,3064407,101,52496,6371,3116903,9565,16252,17042738,13925835,0
2022-02-28,3783,7132465,3140,6218717,141,581676,13139,3077546,252,52748,13391,3130294,20455,17109.14,17063193,13932899,0
2022-03-01,2122,7134587,2632,6221349,103,581779,5187,3082733,187,52935,5374,3135668,10231,15728.57,17073424,13937756,0
2022-03-02,1832,7136419,2445,6223794,107,581886,4141,3086874,209,53144,4350,3140018,8734,14247,17082158,13942140,0
2022-03-03,1934,7138353,2560,6226354,106,581992,3799,3090673,171,53315,3970,3143988,8570,12902.14,17090728,13946740,0
2022-03-04,2119,7140472,2876,6229230,66,582058,4331,3095004,208,53523,4539,3148527,9600,11759.57,17100328,13951801,0
2022-03-05,1611,7142083,2123,6231353,43,582101,3318,3098322,118,53641,3436,3151963,7213,10624,17107541,13955578,0
2022-03-06,797,7142880,880,6232233,30,582131,1624,3099946,55,53696,1679,3153642,3386,9741.29,17110927,13957285,0
2022-03-07,1661,7144541,1789,6234022,87,582218,3503,3103449,160,53856,3663,3157305,7200,7847.71,17118127,13960822,0
2022-03-08,1548,7146089,1896,6235918,79,582297,3126,3106575,152,54008,3278,3160583,6801,7357.71,17124928,13964345,0
2022-03-09,1265,7147354,1682,6237600,80,582377,2591,3109166,129,54137,2720,3163303,5747,6931,17130675,13967372,0
2022-03-10,1415,7148769,2100,6239700,85,582462,2965,3112131,163,54300,3128,3166431,6728,6667.86,17137403,13970972,0
2022-03-11,1595,7150364,2275,6241975,81,582543,3213,3115344,189,54489,3402,3169833,7353,6346.86,17144756,13974923,0
2022-03-12,877,7151241,1415,6243390,42,582585,2009,3117353,75,54564,2084,3171917,4418,5947.57,17149174,13977257,0
2022-03-13,624,7151865,756,6244146,28,582613,1293,3118646,47,54611,1340,3173257,2748,5856.43,17151922,13978665,0
2022-03-14,1367,7153232,1612,6245758,83,582696,2990,3121636,209,54820,3199,3176456,6261,5722.29,17158183,13981727,0
2022-03-15,1356,7154588,1927,6247685,63,582759,3068,3124704,233,55053,3301,3179757,6647,5700.29,17164830,13985073,0
2022-03-16,1397,7155985,2065,6249750,94,582853,3141,3127845,295,55348,3436,3183193,6992,5878.14,17171822,13988629,0
2022-03-17,1194,7157179,1807,6251557,71,582924,2763,3130608,268,55616,3031,3186224,6103,5788.86,17177925,13991701,0
2022-03-18,1588,7158767,2218,6253775,79,583003,3773,3134381,419,56035,4192,3190416,8077,5892.29,17186002,13995586,0
2022-03-19,1110,7159877,1732,6255507,54,583057,2606,3136987,226,56261,2832,3193248,5728,6079.43,17191730,13998482,0
2022-03-20,608,7160485,630,6256137,33,583090,1467,3138454,186,56447,1653,3194901,2924,6104.57,17194654,13999753,0
2022-03-21,1420,7161905,1553,6257690,72,583162,3059,3141513,360,56807,3419,3198320,6464,6133.57,17201118,14002798,0
2022-03-22,1343,7163248,1554,6259244,101,583263,2906,3144419,345,57152,3251,3201571,6249,6076.71,17207367,14005796,0
2022-03-23,1259,7164507,1361,6260605,66,583329,2922,3147341,373,57525,3295,3204866,5981,5932.29,17213348,14008482,0
2022-03-24,1211,7165718,1299,6261904,90,583419,2520,3149861,270,57795,2790,3207656,5390,5830.43,17218738,14011082,0
2022-03-25,1381,7167099,1633,6263537,62,583481,3268,3153129,383,58178,3651,3211307,6727,5637.57,17225465,14014158,0
2022-03-26,926,7168025,1165,6264702,36,583517,2308,3155437,250,58428,2558,3213865,4685,5488.57,17230150,14016285,0
2022-03-27,573,7168598,528,6265230,29,583546,1315,3156752,202,58630,1517,3215382,2647,5449,17232797,14017415,0
2022-03-28,1080,7169678,1167,6266397,69,583615,2441,3159193,364,58994,2805,3218187,5121,5257.14,17237918,14019731,0
2022-03-29,1051,7170729,1103,6267500,85,583700,2509,3161702,885,59879,3394,3221581,5633,5169.14,17243551,14021970,0
2022-03-30,1242,7171971,1139,6268639,99,583799,3061,3164763,3412,63291,6473,3228054,8953,5593.71,17252504,14024450,0
2022-03-31,1278,7173249,1253,6269892,57,583856,3165,3167928,5516,68807,8681,3236735,11270,6433.71,17263774,14027039,0
2022-04-01,1422,7174671,1491,6271383,76,583932,3248,3171176,6908,75715,10156,3246891,13145,7350.57,17276919,14030028,0
2022-04-02,908,7175579,909,6272292,33,583965,2089,3173265,4536,80251,6625,3253516,8475,7892,17285394,14031878,0
2022-04-03,555,7176134,494,6272786,28,583993,1221,3174486,3057,83308,4278,3257794,5355,8278.86,17290749,14032955,0
2022-04-04,1352,7177486,1307,6274093,61,584054,2723,3177209,7710,91018,10433,3268227,13153,9426.29,17303902,14035675,0
2022-04-05,1299,7178785,1158,6275251,66,584120,2843,3180052,7495,98513,10338,3278565,12861,10458.86,17316763,14038198,0
2022-04-06,1335,7180120,1177,6276428,61,584181,2625,3182677,6960,105473,9585,3288150,12158,10916.71,17328921,14040771,0
2022-04-07,1206,7181326,1064,6277492,57,584238,2377,3185054,6615,112088,8992,3297142,11319,10923.71,17340240,14043098,0
2022-04-08,1478,7182804,1406,6278898,61,584299,3168,3188222,8788,120876,11956,3309098,14901,11174.57,17355141,14046043,0
2022-04-09,912,7183716,924,6279822,29,584328,2082,3190304,4950,125826,7032,3316130,8897,11234.86,17364038,14047908,0
2022-04-10,579,7184295,459,6280281,25,584353,1167,3191471,2902,128728,4069,3320199,5132,11203,17369170,14048971,0
2022-04-11,1307,7185602,1234,6281515,61,584414,2659,3194130,7829,136557,10488,3330687,13090,11194,17382260,14051573,0
2022-04-12,1215,7186817,1057,6282572,73,584487,2522,3196652,7437,143994,9959,3340646,12304,11114.43,17394564,14053918,0
2022-04-13,1236,7188053,1074,6283646,59,584546,2518,3199170,7542,151536,10060,3350706,12429,11153.14,17406993,14056287,0
2022-04-14,1267,7189320,1094,6284740,59,584605,2442,3201612,6588,158124,9030,3359736,11450,11171.86,17418443,14058707,0
2022-04-15,1335,7190655,1095,6285835,53,584658,2563,3204175,6631,164755,9194,3368930,11677,10711.29,17430120,14061190,0
2022-04-16,857,7191512,653,6286488,34,584692,1643,3205818,3686,168441,5329,3374259,6873,10422.14,17436993,14062734,0
2022-04-17,345,7191857,201,6286689,27,584719,638,3206456,1158,169599,1796,3376055,2369,10027.43,17439362,14063307,0
2022-04-18,1387,7193244,1114,6287803,82,584801,2585,3209041,6407,176006,8992,3385047,11575,9811,17450937,14065890,0
2022-04-19,1415,7194659,934,6288737,71,584872,2580,3211621,5751,181757,8331,3393378,10751,9589.14,17461688,14068310,0
2022-04-20,1306,7195965,1156,6289893,65,584937,2708,3214329,6635,188392,9343,3402721,11870,9509.29,17473558,14070837,0
2022-04-21,1219,7197184,1066,6290959,53,584990,2333,3216662,5343,193735,7676,3410397,10014,9304.14,17483572,14073175,0
2022-04-22,1210,7198394,1024,6291983,46,585036,2200,3218862,5653,199388,7853,3418250,10134,9083.71,17493706,14075456,0
2022-04-23,713,7199107,749,6292732,59,585095,1429,3220291,3350,202738,4779,3423029,6300,9001.86,17500006,14076977,0
2022-04-24,441,7199548,336,6293068,27,585122,809,3221100,1818,204556,2627,3425656,3431,9153.57,17503437,14077781,0
2022-04-25,1036,7200584,915,6293983,64,585186,1850,3222950,5093,209649,6943,3432599,8958,8779.71,17512395,14079796,0
2022-04-26,947,7201531,859,6294842,76,585262,1749,3224699,4695,214344,6444,3439043,8326,8433.29,17520721,14081678,0
2022-04-27,1037,7202568,1023,6295865,80,585342,1927,3226626,5208,219552,7135,3446178,9275,8062.57,17529996,14083818,0
2022-04-28,1088,7203656,986,6296851,50,585392,2002,3228628,4734,224286,6736,3452914,8860,7897.71,17538856,14085942,0
2022-04-29,1180,7204836,1101,6297952,60,585452,2161,3230789,5408,229694,7569,3460483,9910,7865.71,17548766,14088283,0
2022-04-30,725,7205561,744,6298696,50,585502,1392,3232181,2965,232659,4357,3464840,5876,7805.14,17554642,14089802,0
2022-05-01,446,7206007,366,6299062,20,585522,766,3232947,1655,234314,2421,3467261,3253,7779.71,17557895,14090634,0
2022-05-02,1052,7207059,789,6299851,52,585574,1676,3234623,3816,238130,5492,3472753,7385,7555,17565280,14092527,0
2022-05-03,1121,7208180,862,6300713,61,585635,1998,3236621,4861,242991,6859,3479612,8903,7637.43,17574183,14094571,0
2022-05-04,1012,7209192,882,6301595,48,585683,1931,3238552,4664,247655,6595,3486207,8537,7532,17582720,14096513,0
2022-05-05,1074,7210266,958,6302553,87,585770,1927,3240479,4876,252531,6803,3493010,8922,7540.86,17591642,14098632,0
2022-05-06,1095,7211361,957,6303510,51,585821,1860,3242339,4397,256928,6257,3499267,8360,7319.43,17600002,14100735,0
2022-05-07,660,7212021,591,6304101,32,585853,1202,3243541,2432,259360,3634,3502901,4917,7182.43,17604919,14102018,0
2022-05-08,413,7212434,244,6304345,17,585870,667,3244208,1385,260745,2052,3504953,2726,7107.14,17607645,14102692,0
2022-05-09,1081,7213515,947,6305292,60,585930,1892,3246100,4427,265172,6319,3511272,8407,7253.14,17616052,14104780,0
2022-05-10,1098,7214613,930,6306222,54,585984,1984,3248084,4714,269886,6698,3517970,8780,7235.57,17624832,14106862,0
2022-05-11,1091,7215704,976,6307198,44,586028,1941,3250025,4836,274722,6777,3524747,8888,7285.71,17633720,14108973,0
2022-05-12,1107,7216811,949,6308147,60,586088,1997,3252022,4662,279384,6659,3531406,8775,7264.71,17642495,14111089,0
2022-05-13,1160,7217971,1040,6309187,44,586132,2062,3254084,4793,284177,6855,3538261,9099,7370.29,17651594,14113333,0
2022-05-14,830,7218801,669,6309856,31,586163,1466,3255550,2951,287128,4417,3542678,5947,7517.43,17657541,14114863,0
2022-05-15,510,7219311,357,6310213,22,586185,923,3256473,1648,288776,2571,3545249,3460,7622.29,17661001,14115752,0
2022-05-16,1231,7220542,856,6311069,62,586247,1828,3258301,3858,292634,5686,3550935,7835,7540.57,17668836,14117901,0
2022-05-17,1290,7221832,932,6312001,79,586326,2043,3260344,4891,297525,6934,3557869,9235,7605.57,17678071,14120202,0
2022-05-18,1243,7223075,902,6312903,82,586408,2061,3262405,4935,302460,6996,3564865,9223,7653.43,17687294,14122429,0
2022-05-19,1163,7224238,881,6313784,36,586444,2119,3264524,4725,307185,6844,3571709,8924,7674.71,17696218,14124509,0
2022-05-20,1199,7225437,967,6314751,73,586517,2368,3266892,5199,312384,7567,3579276,9808,7776,17706026,14126750,0
2022-05-21,837,7226274,647,6315398,23,586540,1722,3268614,3298,315682,5020,3584296,6528,7859,17712554,14128258,0
2022-05-22,509,7226783,292,6315690,22,586562,1135,3269749,1838,317520,2973,3587269,3796,7907,17716350,14129081,0
2022-05-23,1222,7228005,889,6316579,52,586614,2189,3271938,4702,322222,6891,3594160,9054,8081.14,17725404,14131244,0
2022-05-24,1413,7229418,940,6317519,66,586680,2300,3274238,4480,326702,6780,3600940,9200,8076.14,17734604,14133664,0
2022-05-25,1427,7230845,956,6318475,56,586736,2256,3276494,4260,330962,6516,3607456,8956,8038,17743560,14136104,0
2022-05-26,1178,7232023,888,6319363,60,586796,2261,3278755,4148,335110,6409,3613865,8536,7982.57,17752096,14138231,0
2022-05-27,1247,7233270,960,6320323,38,586834,2499,3281254,3915,339025,6414,3620279,8660,7818.57,17760756,14140477,0
2022-05-28,713,7233983,518,6320841,19,586853,1783,3283037,2065,341090,3848,3624127,5098,7614.29,17765854,14141727,0
2022-05-29,476,7234459,215,6321056,11,586864,760,3283797,1123,342213,1883,3626010,2585,7441.29,17768439,14142429,0
2022-05-30,92,7234551,59,6321115,6,586870,139,3283936,145,342358,284,3626294,441,6210.86,17768880,14142586,0
2022-05-31,1142,7235693,919,6322034,51,586921,1893,3285829,3053,345411,4946,3631240,7058,5904.86,17775938,14144698,0
2022-06-01,1157,7236850,852,6322886,63,586984,1967,3287796,3421,348832,5388,3636628,7460,5691.14,17783398,14146770,0
2022-06-02,1036,7237886,799,6323685,72,587056,1823,3289619,3166,351998,4989,3641617,6896,5456.86,17790294,14148677,0
2022-06-03,1169,7239055,896,6324581,47,587103,2065,3291684,3490,355488,5555,3647172,7667,5315,17797961,14150789,0
2022-06-04,726,7239781,582,6325163,26,587129,1555,3293239,1905,357393,3460,3650632,4796,5271.86,17802757,14152125,0
2022-06-05,450,7240231,297,6325460,1,587130,880,3294119,978,358371,1858,3652490,2606,5274.86,17805363,14152873,0
2022-06-06,1128,7241359,828,6326288,64,587194,1751,3295870,2733,361104,4484,3656974,6504,6141,17811867,14154893,0
2022-06-07,1027,7242386,770,6327058,70,587264,1787,3297657,2560,363664,4347,3661321,6214,6020.43,17818081,14156760,0
2022-06-08,1097,7243483,838,6327896,75,587339,1876,3299533,2741,366405,4617,3665938,6628,5901.57,17824709,14158771,0
2022-06-09,1141,7244624,839,6328735,61,587400,2221,3301754,2689,369094,4910,3670848,6951,5909.43,17831660,14160812,0
2022-06-10,1049,7245673,818,6329553,75,587475,1881,3303635,2824,371918,4705,3675553,6647,5763.71,17838307,14162754,0
2022-06-11,681,7246354,508,6330061,25,587500,1325,3304960,1501,373419,2826,3678379,4040,5655.71,17842347,14163968,0
2022-06-12,352,7246706,288,6330349,21,587521,878,3305838,771,374190,1649,3680028,2310,5613.43,17844657,14164629,0
2022-06-13,1029,7247735,769,6331118,63,587584,1574,3307412,2185,376375,3759,3683787,5621,5487.29,17850278,14166491,0
2022-06-14,966,7248701,834,6331952,64,587648,1681,3309093,2500,378875,4181,3687968,6045,5463.14,17856323,14168355,0
2022-06-15,969,7249670,867,6332819,39,587687,1664,3310757,2417,381292,4081,3692049,5956,5367.14,17862279,14170230,0
2022-06-16,961,7250631,777,6333596,59,587746,1829,3312586,2365,383657,4194,3696243,5991,5230,17868270,14172027,0
2022-06-17,906,7251537,796,6334392,48,587794,1767,3314353,2395,386052,4162,3700405,5913,5125.14,17874183,14173778,0
2022-06-18,662,7252199,522,6334914,26,587820,1279,3315632,1292,387344,2571,3702976,3781,5088.14,17877964,14174988,0
2022-06-19,348,7252547,236,6335150,16,587836,727,3316359,605,387949,1332,3704308,1932,5034.14,17879896,14175588,0
2022-06-20,836,7253383,487,6335637,41,587877,1572,3317931,1612,389561,3184,3707492,4548,4880.86,17884444,14176952,0
2022-06-21,1138,7254521,740,6336377,50,587927,1697,3319628,2140,391701,3837,3711329,5766,4841,17890210,14178881,0
2022-06-22,1965,7256486,834,6337211,46,587973,1705,3321333,1992,393693,3697,3715026,6542,4924.71,17896752,14181726,0
2022-06-23,2119,7258605,762,6337973,65,588038,1699,3323032,2150,395843,3849,3718875,6796,5039.71,17903548,14184673,0
2022-06-24,2182,7260787,756,6338729,48,588086,1624,3324656,2151,397994,3775,3722650,6761,5160.86,17910309,14187659,0
2022-06-25,2140,7262927,497,6339226,15,588101,1233,3325889,1142,399136,2375,3725025,5031,5339.43,17915340,14190315,0
2022-06-26,1212,7264139,249,6339475,14,588115,684,3326573,529,399665,1213,3726238,2688,5447.43,17918028,14191790,0
2022-06-27,1534,7265673,653,6340128,60,588175,1461,3328034,1652,401317,3113,3729351,5360,5563.43,17923388,14194037,0
2022-06-28,1690,7267363,829,6340957,57,588232,1857,3329891,2141,403458,3998,3733349,6574,5678.86,17929962,14196613,0
2022-06-29,1861,7269224,776,6341733,48,588280,1718,3331609,1919,405377,3637,3736986,6322,5647.43,17936284,14199298,0
2022-06-30,1869,7271093,808,6342541,46,588326,1730,3333339,2130,407507,3860,3740846,6583,5617,17942867,14202021,0
2022-07-01,1603,7272696,596,6343137,26,588352,1390,3334729,1722,409229,3112,3743958,5337,5413.57,17948204,14204246,0
2022-07-02,978,7273674,387,6343524,18,588370,837,3335566,940,410169,1777,3745735,3160,5146.29,17951364,14205629,0
2022-07-03,530,7274204,206,6343730,7,588377,457,3336023,488,410657,945,3746680,1688,5003.43,17953052,14206372,0
2022-07-04,36,7274240,25,6343755,1,588378,31,3336054,38,410695,69,3746749,131,4256.43,17953183,14206434,0
2022-07-05,1293,7275533,758,6344513,35,588413,1403,3337457,1740,412435,3143,3749892,5229,4064.29,17958412,14208520,0
2022-07-06,1613,7277146,683,6345196,44,588457,1442,3338899,1834,414269,3276,3753168,5616,3963.43,17964028,14210860,0
2022-07-07,1594,7278740,714,6345910,48,588505,1528,3340427,1998,416267,3526,3756694,5882,3863.29,17969910,14213216,0
2022-07-08,1632,7280372,652,6346562,37,588542,1471,3341898,1974,418241,3445,3760139,5768,3924.86,17975678,14215539,0
2022-07-09,982,7281354,424,6346986,26,588568,878,3342776,1342,419583,2220,3762359,3652,3995.14,17979330,14216971,0
2022-07-10,639,7281993,187,6347173,17,588585,429,3343205,661,420244,1090,3763449,1933,4030.14,17981263,14217814,0
2022-07-11,1396,7283389,635,6347808,49,588634,1436,3344641,2209,422453,3645,3767094,5725,4829.29,17986988,14219894,0
2022-07-12,1400,7284789,687,6348495,45,588679,1398,3346039,2511,424964,3909,3771003,6041,4945.29,17993029,14222026,0
2022-07-13,1620,7286409,727,6349222,36,588715,1521,3347560,2819,427783,4340,3775343,6723,5103.43,17999752,14224409,0
2022-07-14,1593,7288002,841,6350063,47,588762,1600,3349160,3052,430835,4652,3779995,7134,5282.29,18006886,14226891,0
2022-07-15,1614,7289616,939,6351002,47,588809,1568,3350728,3047,433882,4615,3784610,7215,5489,18014101,14229491,0
2022-07-16,882,7290498,584,6351586,9,588818,978,3351706,1692,435574,2670,3787280,4145,5559.43,18018246,14230966,0
2022-07-17,550,7291048,290,6351876,16,588834,529,3352235,1165,436739,1694,3788974,2550,5647.57,18020796,14231822,0
2022-07-18,1400,7292448,841,6352717,45,588879,1432,3353667,2449,439188,3881,3792855,6167,5710.71,18026963,14234108,0
2022-07-19,1440,7293888,977,6353694,51,588930,1536,3355203,2796,441984,4332,3797187,6800,5819.14,18033763,14236576,0
2022-07-20,1384,7295272,1478,6355172,50,588980,1347,3356550,2389,444373,3736,3800923,6649,5808.57,18040412,14239489,0
2022-07-21,1335,7296607,1433,6356605,50,589030,1391,3357941,2362,446735,3753,3804676,6571,5728.14,18046983,14242307,0
2022-07-22,1430,7298037,1569,6358174,41,589071,1558,3359499,2850,449585,4408,3809084,7448,5761.43,18054431,14245347,0
2022-07-23,905,7298942,1098,6359272,17,589088,994,3360493,1552,451137,2546,3811630,4566,5821.57,18058997,14247367,0
2022-07-24,487,7299429,642,6359914,14,589102,501,3360994,804,451941,1305,3812935,2449,5807.14,18061446,14248511,0
2022-07-25,1217,7300646,766,6360680,59,589161,1262,3362256,2056,453997,3318,3816253,5360,5691.86,18066806,14250553,0
2022-07-26,1232,7301878,1021,6361701,41,589202,1470,3363726,2440,456437,3910,3820163,6204,5606.71,18073010,14252847,0
2022-07-27,1318,7303196,1276,6362977,42,589244,1387,3365113,2189,458626,3576,3823739,6214,5544.57,18079224,14255485,0
2022-07-28,1311,7304507,1418,6364395,71,589315,1424,3366537,2219,460845,3643,3827382,6443,5526.29,18085667,14258285,0
2022-07-29,1317,7305824,1429,6365824,64,589379,1356,3367893,2149,462994,3505,3830887,6316,5364.57,18091983,14261096,0
2022-07-30,723,7306547,714,6366538,25,589404,789,3368682,949,463943,1738,3832625,3203,5169.86,18095186,14262561,0
2022-07-31,423,7306970,590,6367128,14,589418,488,3369170,570,464513,1058,3833683,2085,5117.86,18097271,14263588,0
2022-08-01,1222,7308192,911,6368039,55,589473,1326,3370496,1503,466016,2829,3836512,5017,5068.86,18102288,14265776,0
2022-08-02,1225,7309417,1014,6369053,73,589546,1343,3371839,1593,467609,2936,3839448,5248,4932.29,18107536,14268088,0
2022-08-03,1264,7310681,1190,6370243,41,589587,1338,3373177,1523,469132,2861,3842309,5356,4809.71,18112892,14270583,0
2022-08-04,1185,7311866,1184,6371427,57,589644,1283,3374460,1454,470586,2737,3845046,5163,4626.86,18118055,14273009,0
2022-08-05,1307,7313173,1446,6372873,49,589693,1313,3375773,1435,472021,2748,3847794,5550,4517.43,18123605,14275811,0
2022-08-06,688,7313861,841,6373714,14,589707,759,3376532,771,472792,1530,3849324,3074,4499,18126679,14277355,0
2022-08-07,390,7314251,457,6374171,14,589721,421,3376953,353,473145,774,3850098,1635,4434.71,18128314,14278216,0
2022-08-08,1182,7315433,933,6375104,70,589791,1271,3378224,1171,474316,2442,3852540,4627,4379,18132941,14280401,0
2022-08-09,1124,7316557,891,6375995,38,589829,1226,3379450,1159,475475,2385,3854925,4438,4263.29,18137379,14282454,0
2022-08-10,1212,7317769,1109,6377104,59,589888,1255,3380705,1244,476719,2499,3857424,4879,4195.14,18142258,14284834,0
2022-08-11,1294,7319063,1064,6378168,84,589972,1210,3381915,1277,477996,2487,3859911,4929,4161.71,18147187,14287276,0
2022-08-12,1312,7320375,1405,6379573,54,590026,1265,3383180,1248,479244,2513,3862424,5284,4123.71,18152471,14290047,0
2022-08-13,756,7321131,783,6380356,15,590041,760,3383940,628,479872,1388,3863812,2942,4104.86,18155413,14291601,0
2022-08-14,481,7321612,478,6380834,19,590060,403,3384343,280,480152,683,3864495,1661,4108.57,18157074,14292579,0
2022-08-15,1258,7322870,1052,6381886,60,590120,1309,3385652,987,481139,2296,3866791,4666,4114.14,18161740,14294949,0
2022-08-16,1303,7324173,865,6382751,50,590170,1357,3387009,1073,482212,2430,3869221,4648,4144.14,18166388,14297167,0
2022-08-17,1208,7325381,954,6383705,39,590209,1230,3388239,997,483209,2227,3871448,4428,4079.71,18170816,14299368,0
2022-08-18,1157,7326538,942,6384647,45,590254,1264,3389503,942,484151,2206,3873654,4350,3997,18175166,14301512,0
2022-08-19,1250,7327788,1128,6385775,34,590288,1115,3390618,976,485127,2091,3875745,4503,3885.43,18179669,14303924,0
2022-08-20,580,7328368,487,6386262,16,590304,629,3391247,498,485625,1127,3876872,2210,3780.86,18181879,14305007,0
2022-08-21,358,7328726,244,6386506,9,590313,381,3391628,266,485891,647,3877519,1258,3723.29,18183137,14305618,0
2022-08-22,1204,7329930,916,6387422,38,590351,1228,3392856,881,486772,2109,3879628,4267,3666.29,18187404,14307776,0
2022-08-23,1228,7331158,1046,6388468,47,590398,1375,3394231,960,487732,2335,3881963,4657,3667.57,18192061,14310098,0
2022-08-24,1264,7332422,1008,6389476,29,590427,1283,3395514,819,488551,2102,3884065,4404,3664.14,18196465,14312400,0
2022-08-25,1213,7333635,975,6390451,66,590493,1182,3396696,811,489362,1993,3886058,4247,3649.43,18200712,14314654,0
2022-08-26,1178,7334813,1167,6391618,53,590546,1184,3397880,779,490141,1963,3888021,4361,3629.14,18205073,14317052,0
2022-08-27,692,7335505,537,6392155,14,590560,670,3398550,403,490544,1073,3889094,2316,3644.29,18207389,14318295,0
2022-08-28,374,7335879,232,6392387,10,590570,444,3398994,225,490769,669,3889763,1285,3648.14,18208674,14318911,0
2022-08-29,1249,7337128,963,6393350,41,590611,1209,3400203,679,491448,1888,3891651,4142,3630.29,18212816,14321165,0
2022-08-30,1260,7338388,935,6394285,36,590647,1260,3401463,763,492211,2023,3893674,4254,3572.71,18217070,14323396,0
2022-08-31,1139,7339527,1000,6395285,43,590690,1102,3402565,567,492778,1669,3895343,3852,3493.86,18220922,14325579,0
2022-09-01,1021,7340548,952,6396237,51,590741,803,3403368,452,493230,1255,3896598,3279,3355.57,18224201,14327603,0
2022-09-02,959,7341507,1004,6397241,29,590770,585,3403953,171,493401,756,3897354,2748,3125.14,18226949,14329595,0
2022-09-03,493,7342000,431,6397672,12,590782,361,3404314,50,493451,411,3897765,1347,2986.71,18228296,14330531,0
2022-09-04,225,7342225,195,6397867,10,590792,189,3404503,27,493478,216,3897981,646,2895.43,18228942,14330961,0
2022-09-05,74,7342299,69,6397936,7,590799,45,3404548,16,493494,61,3898042,211,2333.86,18229153,14331111,0
2022-09-06,966,7343265,1141,6399077,50,590849,628,3405176,131,493625,759,3898801,2921,2143.43,18232074,14333273,0
2022-09-07,902,7344167,1009,6400086,38,590887,475,3405651,150,493775,625,3899426,2591,1963.29,18234665,14335239,0
2022-09-08,782,7344949,750,6400836,36,590923,247,3405898,111,493886,358,3899784,1964,1775.43,18236629,14336845,0
2022-09-09,776,7345725,1053,6401889,48,590971,272,3406170,120,494006,392,3900176,2384,1723.43,18239013,14338837,0
2022-09-10,432,7346157,591,6402480,12,590983,257,3406427,45,494051,302,3900478,1393,1730,18240406,14339928,0
2022-09-11,193,7346350,214,6402694,11,590994,84,3406511,30,494081,114,3900592,564,1718.29,18240970,14340378,0
2022-09-12,685,7347035,742,6403436,37,591031,201,3406712,92,494173,293,3900885,1827,1949.14,18242797,14341912,0
2022-09-13,669,7347704,750,6404186,31,591062,218,3406930,114,494287,332,3901217,1890,1801.86,18244687,14343470,0
2022-09-14,650,7348354,791,6404977,30,591092,219,3407149,121,494408,340,3901557,1941,1709,18246628,14345071,0
2022-09-15,727,7349081,709,6405686,21,591113,222,3407371,108,494516,330,3901887,1941,1705.71,18248569,14346682,0
2022-09-16,711,7349792,967,6406653,27,591140,271,3407642,168,494684,439,3902326,2387,1706.14,18250956,14348630,0
2022-09-17,339,7350131,559,6407212,12,591152,271,3407913,79,494763,350,3902676,1366,1702.29,18252322,14349646,0
2022-09-18,163,7350294,180,6407392,7,591159,72,3407985,28,494791,100,3902776,475,1689.57,18252797,14350021,0
2022-09-19,630,7350924,614,6408006,28,591187,222,3408207,94,494885,316,3903092,1656,1665.14,18254453,14351361,0
2022-09-20,603,7351527,676,6408682,27,591214,212,3408419,91,494976,303,3903395,1731,1642.43,18256184,14352789,0
2022-09-21,625,7352152,647,6409329,31,591245,256,3408675,133,495109,389,3903784,1844,1628.57,18258028,14354244,0
2022-09-22,581,7352733,639,6409968,28,591273,168,3408843,138,495247,306,3904090,1752,1601.57,18259780,14355690,0
2022-09-23,645,7353378,910,6410878,24,591297,250,3409093,147,495394,397,3904487,2228,1578.86,18262008,14357521,0
2022-09-24,329,7353707,558,6411436,8,591305,260,3409353,67,495461,327,3904814,1321,1572.43,18263329,14358515,0
2022-09-25,138,7353845,167,6411603,1,591306,72,3409425,48,495509,120,3904934,472,1572,18263801,14358867,0
2022-09-26,532,7354377,521,6412124,16,591322,281,3409706,150,495659,431,3905365,1625,1567.57,18265426,14360061,0
2022-09-27,616,7354993,646,6412770,26,591348,280,3409986,169,495828,449,3905814,1926,1595.43,18267352,14361538,0
2022-09-28,513,7355506,597,6413367,18,591366,189,3410175,185,496013,374,3906188,1704,1575.43,18269056,14362868,0
2022-09-29,647,7356153,649,6414016,19,591385,171,3410346,104,496117,275,3906463,1803,1582.71,18270859,14364396,0
2022-09-30,589,7356742,822,6414838,13,591398,182,3410528,185,496302,367,3906830,2116,1566.71,18272975,14366145,0
2022-10-01,240,7356982,348,6415186,5,591403,132,3410660,36,496338,168,3906998,866,1501.71,18273841,14366843,0
2022-10-02,122,7357104,148,6415334,5,591408,46,3410706,46,496384,92,3907090,388,1489.71,18274229,14367139,0
2022-10-03,503,7357607,436,6415770,23,591431,156,3410862,118,496502,274,3907364,1340,1449,18275569,14368205,0
2022-10-04,482,7358089,503,6416273,15,591446,148,3411010,123,496625,271,3907635,1359,1368,18276928,14369293,0
2022-10-05,527,7358616,597,6416870,16,591462,276,3411286,167,496792,443,3908078,1744,1373.71,18278672,14370594,0
2022-10-06,526,7359142,598,6417468,19,591481,165,3411451,161,496953,326,3908404,1590,1343.29,18280262,14371858,0
2022-10-07,555,7359697,656,6418124,15,591496,167,3411618,149,497102,316,3908720,1895,1311.71,18282157,14373437,0
2022-10-08,248,7359945,365,6418489,4,591500,141,3411759,64,497166,205,3908925,895,1315.86,18283052,14374127,0
2022-10-09,105,7360050,156,6418645,5,591505,46,3411805,56,497222,102,3909027,402,1317.86,18283454,14374427,0
2022-10-10,367,7360417,435,6419080,14,591519,172,3411977,114,497336,286,3909313,1231,1302.29,18284685,14375372,0
2022-10-11,512,7360929,491,6419571,18,591537,177,3412154,151,497487,328,3909641,1460,1316.71,18286145,14376504,0
2022-10-12,480,7361409,547,6420118,16,591553,131,3412285,182,497669,313,3909954,1499,1281.71,18287644,14377690,0
2022-10-13,505,7361914,477,6420595,28,591581,129,3412414,204,497873,333,3910287,1441,1260.43,18289085,14378798,0
2022-10-14,517,7362431,728,6421323,25,591606,132,3412546,206,498079,338,3910625,1944,1267.43,18291029,14380404,0
2022-10-15,232,7362663,326,6421649,8,591614,88,3412634,66,498145,154,3910779,806,1254.71,18291835,14381056,0
2022-10-16,106,7362769,159,6421808,3,591617,25,3412659,65,498210,90,3910869,396,1253.86,18292231,14381362,0
2022-10-17,486,7363255,440,6422248,17,591634,82,3412741,121,498331,203,3911072,1270,1259.43,18293501,14382429,0
2022-10-18,434,7363689,500,6422748,19,591653,94,3412835,146,498477,240,3911312,1318,1239.14,18294819,14383507,0
2022-10-19,521,7364210,489,6423237,20,591673,86,3412921,151,498628,237,3911549,1393,1224,18296212,14384663,0
2022-10-20,490,7364700,488,6423725,10,591683,79,3413000,154,498782,233,3911782,1344,1210.14,18297556,14385774,0
2022-10-21,467,7365167,543,6424268,7,591690,89,3413089,158,498940,247,3912029,1582,1158.43,18299138,14387109,0
2022-10-22,215,7365382,298,6424566,8,591698,41,3413130,41,498981,82,3912111,686,1141.29,18299824,14387713,0
2022-10-23,78,7365460,94,6424660,3,591701,21,3413151,36,499017,57,3912168,251,1120.57,18300075,14387907,0
2022-10-24,479,7365939,413,6425073,18,591719,71,3413222,115,499132,186,3912354,1218,1113.14,18301293,14388939,0
2022-10-25,462,7366401,448,6425521,11,591730,91,3413313,113,499245,204,3912558,1256,1104.29,18302549,14389991,0
2022-10-26,483,7366884,441,6425962,10,591740,88,3413401,176,499421,264,3912822,1370,1101,18303919,14391097,0
2022-10-27,425,7367309,434,6426396,11,591751,90,3413491,137,499558,227,3913049,1228,1084.43,18305147,14392098,0
2022-10-28,536,7367845,631,6427027,16,591767,98,3413589,162,499720,260,3913309,1726,1105,18306873,14393564,120000
2022-10-29,177,7368022,224,6427251,9,591776,62,3413651,57,499777,119,3913428,611,1094.29,18307484,14394056,120000
2022-10-30,87,7368109,75,6427326,3,591779,19,3413670,59,499836,78,3913506,265,1096.29,18307749,14394243,120000
2022-10-31,333,7368442,310,6427636,6,591785,46,3413716,126,499962,172,3913678,890,1049.43,18308639,14394961,120000
2022-11-01,461,7368903,366,6428002,16,591801,74,3413790,126,500088,200,3913878,1225,1045,18309864,14395986,120000
2022-11-02,368,7369271,349,6428351,10,591811,78,3413868,114,500202,192,3914070,1080,1003.57,18310944,14396874,120000
2022-11-03,183,7369454,148,6428499,4,591815,39,3413907,95,500297,134,3914204,532,904.14,18311476,14397272,120000
