"DATE","ADMIN_DOSE1_DAILY","ADMIN_DOSE1_CUMULATIVE","ADMIN_DOSE2_DAILY","ADMIN_DOSE2_CUMULATIVE","ADMIN_SINGLE_DAILY","ADMIN_SINGLE_CUMULATIVE","ADMIN_ADDITIONAL1_DAILY","ADMIN_ADDITIONAL1_CUMULATIVE","ADMIN_ADDITIONAL2_DAILY","ADMIN_ADDITIONAL2_CUMULATIVE","ADMIN_ADDITIONAL_DAILY","ADMIN_ADDITIONAL_CUMULATIVE","ADMIN_ALLDOSES_DAILY","ADMIN_ALLDOSES_7DAYAVG","ADMIN_ALLDOSES_CUMULATIVE","ADMIN_ALLDOSES_PRIMARY","INCOMPLETE"
"2020-12-14",79,79,0,0,2,2,0,0,0,0,0,0,81,,81,81,0
"2020-12-15",2051,2130,6,6,5,7,0,0,0,0,0,0,2062,,2143,2143,0
"2020-12-16",4606,6736,15,21,4,11,1,1,0,0,1,1,4626,,6769,6768,0
"2020-12-17",4658,11394,18,39,2,13,1,2,0,0,1,2,4679,,11448,11446,0
"2020-12-18",5832,17226,18,57,2,15,2,4,0,0,2,4,5854,,17302,17298,0
"2020-12-19",1689,18915,7,64,3,18,0,4,0,0,0,4,1699,,19001,18997,0
"2020-12-20",1116,20031,2,66,1,19,0,4,0,0,0,4,1119,2874.29,20120,20116,0
"2020-12-21",6343,26374,20,86,0,19,5,9,0,0,5,9,6368,3772.43,26488,26479,0
"2020-12-22",9796,36170,27,113,2,21,1,10,0,0,1,10,9826,4881.57,36314,36304,0
"2020-12-23",14274,50444,35,148,3,24,0,10,0,0,0,10,14312,6265.29,50626,50616,0
"2020-12-24",7195,57639,26,174,1,25,0,10,0,0,0,10,7222,6628.57,57848,57838,0
"2020-12-25",180,57819,0,174,0,25,1,11,0,0,1,11,181,5818.14,58029,58018,0
"2020-12-26",4388,62207,45,219,0,25,1,12,0,0,1,12,4434,6208.86,62463,62451,0
"2020-12-27",3870,66077,14,233,0,25,1,13,0,0,1,13,3885,6604,66348,66335,0
"2020-12-28",10993,77070,49,282,1,26,3,16,0,0,3,16,11046,7272.29,77394,77378,0
"2020-12-29",10717,87787,35,317,2,28,2,18,0,0,2,18,10756,7405.14,88150,88132,0
"2020-12-30",12823,100610,45,362,0,28,0,18,0,0,0,18,12868,7198.86,101018,101000,0
"2020-12-31",7261,107871,35,397,1,29,0,18,0,0,0,18,7297,7209.57,108315,108297,0
"2021-01-01",181,108052,2,399,1,30,3,21,0,0,3,21,187,7210.43,108502,108481,0
"2021-01-02",3809,111861,10,409,3,33,2,23,0,0,2,23,3824,7123.29,112326,112303,0
"2021-01-03",3542,115403,24,433,2,35,1,24,0,0,1,24,3569,7078.14,115895,115871,0
"2021-01-04",12256,127659,806,1239,2,37,7,31,0,0,7,31,13071,7367.43,128966,128935,0
"2021-01-05",14091,141750,2191,3430,2,39,12,43,1,1,13,44,16297,8159,145263,145219,0
"2021-01-06",17799,159549,3925,7355,1,40,31,74,8,9,39,83,21764,9429.86,167027,166944,0
"2021-01-07",16550,176099,5172,12527,4,44,45,119,3,12,48,131,21774,11498,188801,188670,0
"2021-01-08",16616,192715,5457,17984,0,44,34,153,4,16,38,169,22111,14630,210912,210743,0
"2021-01-09",7651,200366,1462,19446,1,45,7,160,2,18,9,178,9123,15387,220035,219857,0
"2021-01-10",7880,208246,984,20430,0,45,11,171,0,18,11,189,8875,16145,228910,228721,0
"2021-01-11",25823,234069,7455,27885,2,47,49,220,8,26,57,246,33337,19040.14,262247,262001,0
"2021-01-12",28251,262320,7862,35747,1,48,44,264,4,30,48,294,36162,21878,298409,298115,0
"2021-01-13",31719,294039,9396,45143,1,49,57,321,4,34,61,355,41177,24651.29,339586,339231,0
"2021-01-14",35812,329851,5315,50458,1,50,31,352,7,41,38,393,41166,27421.57,380752,380359,0
"2021-01-15",29265,359116,3706,54164,2,52,31,383,5,46,36,429,33009,28978.43,413761,413332,0
"2021-01-16",30287,389403,2380,56544,0,52,24,407,6,52,30,459,32697,32346.14,446458,445999,0
"2021-01-17",23744,413147,1633,58177,0,52,19,426,1,53,20,479,25397,34706.43,471855,471376,0
"2021-01-18",27092,440239,2422,60599,0,52,36,462,7,60,43,522,29558,34166.57,501413,500891,0
"2021-01-19",34294,474533,9632,70231,1,53,69,531,6,66,75,597,44002,35286.57,545415,544818,0
"2021-01-20",34866,509399,9497,79728,1,54,57,588,4,70,61,658,44425,35750.57,589840,589182,0
"2021-01-21",25587,534986,8095,87823,2,56,50,638,5,75,55,713,33739,34689.57,623579,622866,0
"2021-01-22",24752,559738,4385,92208,1,57,32,670,7,82,39,752,29177,34142.14,652756,652004,0
"2021-01-23",15740,575478,3226,95434,0,57,10,680,2,84,12,764,18978,32182.29,671734,670970,0
"2021-01-24",7177,582655,3455,98889,0,57,19,699,1,85,20,784,10652,30075.86,682386,681602,0
"2021-01-25",13409,596064,11822,110711,0,57,66,765,12,97,78,862,25309,29468.86,707695,706833,0
"2021-01-26",16758,612822,10758,121469,0,57,68,833,2,99,70,932,27586,27123.71,735281,734349,0
"2021-01-27",20835,633657,12355,133824,0,57,53,886,9,108,62,994,33252,25527.57,768533,767539,0
"2021-01-28",30763,664420,12846,146670,0,57,82,968,16,124,98,1092,43710,26952,812243,811151,0
"2021-01-29",31687,696107,11511,158181,0,57,82,1050,10,134,92,1184,43290,28968.14,855533,854349,0
"2021-01-30",18709,714816,3742,161923,0,57,20,1070,2,136,22,1206,22473,29467.43,878006,876800,0
"2021-01-31",13015,727831,2923,164846,1,58,29,1099,5,141,34,1240,15973,30227.57,893979,892739,0
"2021-02-01",1179,729010,5369,170215,4,62,37,1136,4,145,41,1281,6593,27553.86,900572,899291,0
"2021-02-02",2826,731836,9478,179693,2,64,47,1183,4,149,51,1332,12357,25378.29,912929,911597,0
"2021-02-03",16347,748183,21247,200940,4,68,204,1387,20,169,224,1556,37822,26031.14,950751,949195,0
"2021-02-04",27042,775225,19650,220590,3,71,203,1590,10,179,213,1769,46908,26488,997659,995890,0
"2021-02-05",27588,802813,20037,240627,0,71,183,1773,15,194,198,1967,47823,27135.57,1045482,1043515,0
"2021-02-06",22989,825802,11245,251872,0,71,113,1886,12,206,125,2092,34359,28833.57,1079841,1077749,0
"2021-02-07",12040,837842,8281,260153,1,72,93,1979,14,220,107,2199,20429,29470.14,1100270,1098071,0
"2021-02-08",16952,854794,23518,283671,2,74,237,2216,34,254,271,2470,40743,34348.71,1141013,1138543,0
"2021-02-09",17190,871984,28104,311775,2,76,340,2556,43,297,383,2853,45679,39109,1186692,1183839,0
"2021-02-10",19593,891577,29305,341080,2,78,264,2820,48,345,312,3165,49213,40736.29,1235905,1232740,0
"2021-02-11",27845,919422,33474,374554,2,80,338,3158,57,402,395,3560,61718,42852,1297623,1294063,0
"2021-02-12",38381,957803,30805,405359,3,83,358,3516,38,440,396,3956,69585,45960.86,1367208,1363252,0
"2021-02-13",28001,985804,25315,430674,2,85,307,3823,54,494,361,4317,53680,48721,1420888,1416571,0
"2021-02-14",16277,1002081,23728,454402,0,85,267,4090,32,526,299,4616,40304,51560.29,1461192,1456576,0
"2021-02-15",12794,1014875,10525,464927,2,87,175,4265,24,550,199,4815,23520,49099.86,1484712,1479897,0
"2021-02-16",14242,1029117,26722,491649,0,87,328,4593,37,587,365,5180,41329,48478.43,1526041,1520861,0
"2021-02-17",16390,1045507,22197,513846,1,88,282,4875,38,625,320,5500,38908,47006.29,1564949,1559449,0
"2021-02-18",12145,1057652,24995,538841,21,109,292,5167,42,667,334,5834,37495,43545.86,1602444,1596610,0
"2021-02-19",13261,1070913,23932,562773,39,148,308,5475,45,712,353,6187,37585,38974.43,1640029,1633842,0
"2021-02-20",11353,1082266,26072,588845,6,154,328,5803,78,790,406,6593,37838,36711.29,1677867,1671274,0
"2021-02-21",6361,1088627,17416,606261,15,169,287,6090,46,836,333,6926,24125,34400,1701992,1695066,0
"2021-02-22",13043,1101670,11843,618104,2,171,128,6218,21,857,149,7075,25037,34616.71,1727029,1719954,0
"2021-02-23",25249,1126919,14142,632246,1,172,157,6375,36,893,193,7268,39586,34367.71,1766615,1759347,0
"2021-02-24",36356,1163275,20393,652639,0,172,227,6602,41,934,268,7536,57017,36954.71,1823632,1816096,0
"2021-02-25",54612,1217887,30396,683035,6,178,400,7002,63,997,463,7999,85477,43809.29,1909109,1901110,0
"2021-02-26",62856,1280743,31870,714905,4,182,418,7420,80,1077,498,8497,95228,52044,2004337,1995840,0
"2021-02-27",51289,1332032,22756,737661,47,229,336,7756,52,1129,388,8885,74480,57278.57,2078817,2069932,0
"2021-02-28",44583,1376615,13832,751493,7,236,206,7962,34,1163,240,9125,58662,62212.43,2137479,2128354,0
"2021-03-01",39318,1415933,12778,764271,10,246,168,8130,25,1188,193,9318,52299,66107,2189778,2180460,0
"2021-03-02",47082,1463015,12579,776850,7,253,159,8289,14,1202,173,9491,59841,69000.57,2249619,2240128,0
"2021-03-03",48604,1511619,16156,793006,17,270,148,8437,21,1223,169,9660,64946,70133.29,2314565,2304905,0
"2021-03-04",59820,1571439,22820,815826,1092,1362,273,8710,35,1258,308,9968,84040,69928,2398605,2388637,0
"2021-03-05",60981,1632420,24285,840111,3108,4470,335,9045,36,1294,371,10339,88745,69001.86,2487350,2477011,0
"2021-03-06",47176,1679596,18882,858993,5451,9921,242,9287,36,1330,278,10617,71787,68617.14,2559137,2548520,0
"2021-03-07",36039,1715635,14881,873874,6245,16166,234,9521,20,1350,254,10871,57419,68439.57,2616556,2605685,0
"2021-03-08",39627,1755262,14680,888554,8561,24727,316,9837,92,1442,408,11279,63276,70007.71,2679832,2668553,0
"2021-03-09",39105,1794367,12853,901407,7760,32487,184,10021,34,1476,218,11497,59936,70021.29,2739768,2728271,0
"2021-03-10",51827,1846194,15362,916769,5066,37553,226,10247,32,1508,258,11755,72513,71102.29,2812281,2800526,0
"2021-03-11",59986,1906180,21821,938590,4619,42172,249,10496,48,1556,297,12052,86723,71485.57,2899004,2886952,0
"2021-03-12",52199,1958379,30309,968899,4182,46354,380,10876,85,1641,465,12517,87155,71258.43,2986159,2973642,0
"2021-03-13",40648,1999027,26687,995586,5110,51464,327,11203,53,1694,380,12897,72825,71406.71,3058984,3046087,0
"2021-03-14",30714,2029741,15972,1011558,4526,55990,241,11444,28,1722,269,13166,51482,70558.57,3110466,3097300,0
"2021-03-15",33592,2063333,17260,1028818,4709,60699,236,11680,33,1755,269,13435,55830,69494.86,3166296,3152861,0
"2021-03-16",38670,2102003,20517,1049335,4926,65625,257,11937,35,1790,292,13727,64405,70133.29,3230701,3216974,0
"2021-03-17",42612,2144615,24793,1074128,4244,69869,346,12283,39,1829,385,14112,72034,70064.86,3302735,3288623,0
"2021-03-18",50440,2195055,26813,1100941,5235,75104,372,12655,61,1890,433,14545,82921,69521.71,3385656,3371111,0
"2021-03-19",47792,2242847,29963,1130904,5624,80728,392,13047,70,1960,462,15007,83842,69048.43,3469498,3454491,0
"2021-03-20",38710,2281557,25836,1156740,4685,85413,298,13345,61,2021,359,15366,69590,68586.29,3539088,3523722,0
"2021-03-21",29299,2310856,19358,1176098,769,86182,225,13570,44,2065,269,15635,49695,68331,3588783,3573148,0
"2021-03-22",33866,2344722,26739,1202837,4037,90219,263,13833,39,2104,302,15937,64945,69633.14,3653728,3637791,0
"2021-03-23",38432,2383154,32844,1235681,4216,94435,300,14133,55,2159,355,16292,75847,71267.71,3729575,3713283,0
"2021-03-24",41496,2424650,37610,1273291,4848,99283,328,14461,63,2222,391,16683,84345,73026.43,3813920,3797237,0
"2021-03-25",43402,2468052,50801,1324092,5054,104337,481,14942,87,2309,568,17251,99825,75441.29,3913745,3896494,0
"2021-03-26",38501,2506553,55514,1379606,4309,108646,531,15473,99,2408,630,17881,98954,77600.14,4012699,3994818,0
"2021-03-27",35737,2542290,45753,1425359,2939,111585,421,15894,82,2490,503,18384,84932,79791.86,4097631,4079247,0
"2021-03-28",26387,2568677,34456,1459815,1482,113067,340,16234,65,2555,405,18789,62730,81654,4160361,4141572,0
"2021-03-29",34814,2603491,38869,1498684,3246,116313,348,16582,110,2665,458,19247,77387,83431.43,4237748,4218501,0
"2021-03-30",40506,2643997,41929,1540613,3713,120026,342,16924,64,2729,406,19653,86554,84961,4324302,4304649,0
"2021-03-31",49393,2693390,44877,1585490,7441,127467,405,17329,87,2816,492,20145,102203,87512.14,4426505,4406360,0
"2021-04-01",50775,2744165,53955,1639445,11277,138744,501,17830,85,2901,586,20731,116593,89907.57,4543098,4522367,0
"2021-04-02",43757,2787922,53885,1693330,11970,150714,554,18384,70,2971,624,21355,110236,91519.29,4653334,4631979,0
"2021-04-03",39247,2827169,39220,1732550,9859,160573,337,18721,58,3029,395,21750,88721,92060.57,4742055,4720305,0
"2021-04-04",26555,2853724,24789,1757339,3903,164476,226,18947,49,3078,275,22025,55522,91030.86,4797577,4775552,0
"2021-04-05",41881,2895605,34489,1791828,11198,175674,375,19322,60,3138,435,22460,88003,92547.43,4885580,4863120,0
"2021-04-06",53261,2948866,35616,1827444,13218,188892,434,19756,77,3215,511,22971,102606,94840.57,4988186,4965215,0
"2021-04-07",55501,3004367,40699,1868143,14387,203279,408,20164,83,3298,491,23462,111078,96108.43,5099264,5075802,0
"2021-04-08",59258,3063625,46597,1914740,16340,219619,524,20688,86,3384,610,24072,122805,96995.86,5222069,5197997,0
"2021-04-09",56643,3120268,44963,1959703,17559,237178,520,21208,77,3461,597,24669,119762,98356.71,5341831,5317162,0
"2021-04-10",49344,3169612,35645,1995348,12723,249901,394,21602,61,3522,455,25124,98167,99706.14,5439998,5414874,0
"2021-04-11",38181,3207793,28821,2024169,7682,257583,293,21895,58,3580,351,25475,75035,102493.71,5515033,5489558,0
"2021-04-12",46631,3254424,31846,2056015,13500,271083,468,22363,66,3646,534,26009,92511,103137.71,5607544,5581535,0
"2021-04-13",52545,3306969,33788,2089803,368,271451,400,22763,63,3709,463,26472,87164,100931.71,5694708,5668236,0
"2021-04-14",50142,3357111,39963,2129766,20,271471,369,23132,72,3781,441,26913,90566,98001.43,5785274,5758361,0
"2021-04-15",52117,3409228,43689,2173455,16,271487,455,23587,106,3887,561,27474,96384,94227,5881658,5854184,0
"2021-04-16",51188,3460416,42213,2215668,32,271519,434,24021,70,3957,504,27978,93937,90537.71,5975595,5947617,0
"2021-04-17",43835,3504251,35694,2251362,3,271522,368,24389,84,4041,452,28430,79984,87940.14,6055579,6027149,0
"2021-04-18",28605,3532856,29369,2280731,7,271529,253,24642,65,4106,318,28748,58299,85549.29,6113878,6085130,0
"2021-04-19",37462,3570318,36454,2317185,22,271551,326,24968,65,4171,391,29139,74329,82951.86,6188207,6159068,0
"2021-04-20",40812,3611130,39627,2356812,19,271570,317,25285,81,4252,398,29537,80856,82050.71,6269063,6239526,0
"2021-04-21",38891,3650021,46020,2402832,16,271586,501,25786,97,4349,598,30135,85525,81330.57,6354588,6324453,0
"2021-04-22",38489,3688510,48964,2451796,9,271595,341,26127,74,4423,415,30550,87878,80115.43,6442466,6411916,0
"2021-04-23",39693,3728203,44386,2496182,3,271598,350,26477,75,4498,425,30975,84507,78768.29,6526973,6495998,0
"2021-04-24",31944,3760147,41606,2537788,44,271642,277,26754,62,4560,339,31314,73933,77903.86,6600906,6569592,0
"2021-04-25",18420,3778567,31228,2569016,87,271729,197,26951,58,4618,255,31569,49990,76716.86,6650896,6619327,0
"2021-04-26",26968,3805535,40734,2609750,1012,272741,290,27241,88,4706,378,31947,69092,75968.71,6719988,6688041,0
"2021-04-27",28573,3834108,47138,2656888,1699,274440,356,27597,93,4799,449,32396,77859,75540.57,6797847,6765451,0
"2021-04-28",27028,3861136,56845,2713733,2146,276586,437,28034,99,4898,536,32932,86555,75687.71,6884402,6851470,0
"2021-04-29",28611,3889747,57197,2770930,2148,278734,369,28403,99,4997,468,33400,88424,75765.71,6972826,6939426,0
"2021-04-30",30116,3919863,51989,2822919,2058,280792,285,28688,74,5071,359,33759,84523,75768,7057349,7023590,0
"2021-05-01",22478,3942341,44541,2867460,1177,281969,234,28922,64,5135,298,34057,68494,74991,7125843,7091786,0
"2021-05-02",11921,3954262,36654,2904114,1081,283050,143,29065,54,5189,197,34254,49853,74971.43,7175696,7141442,0
"2021-05-03",18021,3972283,53031,2957145,2383,285433,256,29321,92,5281,348,34602,73784,75641.71,7249480,7214878,0
"2021-05-04",22735,3995018,56655,3013800,2331,287764,268,29589,115,5396,383,34985,82104,76248.14,7331584,7296599,0
"2021-05-05",21479,4016497,48766,3062566,2313,290077,310,29899,102,5498,412,35397,72970,74307.43,7404554,7369157,0
"2021-05-06",20677,4037174,50175,3112741,2508,292585,276,30175,89,5587,365,35762,73725,72207.57,7478279,7442517,0
"2021-05-07",21250,4058424,52095,3164836,2812,295397,311,30486,79,5666,390,36152,76547,71068.14,7554826,7518674,0
"2021-05-08",16628,4075052,41868,3206704,1835,297232,232,30718,69,5735,301,36453,60632,69945,7615458,7579005,0
"2021-05-09",7971,4083023,29413,3236117,1260,298492,151,30869,56,5791,207,36660,38851,68373.29,7654309,7617649,0
"2021-05-10",14381,4097404,38534,3274651,2355,300847,238,31107,92,5883,330,36990,55600,65775.57,7709909,7672919,0
"2021-05-11",19910,4117314,43062,3317713,2514,303361,283,31390,85,5968,368,37358,65854,63454.14,7775763,7738405,0
"2021-05-12",17821,4135135,40546,3358259,3595,306956,233,31623,79,6047,312,37670,62274,61926.14,7838037,7800367,0
"2021-05-13",24969,4160104,40433,3398692,3230,310186,262,31885,77,6124,339,38009,68971,61247,7907008,7868999,0
"2021-05-14",27031,4187135,42925,3441617,3537,313723,267,32152,96,6220,363,38372,73856,60862.57,7980864,7942492,0
"2021-05-15",23650,4210785,34920,3476537,3365,317088,251,32403,76,6296,327,38699,62262,61095.43,8043126,8004427,0
"2021-05-16",15521,4226306,19454,3495991,2496,319584,123,32526,45,6341,168,38867,37639,60922.29,8080765,8041898,0
"2021-05-17",22670,4248976,29147,3525138,3254,322838,182,32708,67,6408,249,39116,55320,60882.29,8136085,8096969,0
"2021-05-18",24634,4273610,31911,3557049,3405,326243,240,32948,73,6481,313,39429,60263,60083.57,8196348,8156919,0
"2021-05-19",24186,4297796,29725,3586774,3040,329283,227,33175,48,6529,275,39704,57226,59362.43,8253574,8213870,0
"2021-05-20",24152,4321948,30101,3616875,3162,332445,264,33439,86,6615,350,40054,57765,57761.57,8311339,8271285,0
"2021-05-21",24677,4346625,32002,3648877,3057,335502,245,33684,60,6675,305,40359,60041,55788,8371380,8331021,0
"2021-05-22",20018,4366643,24369,3673246,2525,338027,163,33847,48,6723,211,40570,47123,53625.29,8418503,8377933,0
"2021-05-23",11230,4377873,13734,3686980,1411,339438,93,33940,32,6755,125,40695,26500,52034,8445003,8404308,0
"2021-05-24",18870,4396743,23164,3710144,2756,342194,213,34153,55,6810,268,40963,45058,50568,8490061,8449098,0
"2021-05-25",19429,4416172,23382,3733526,2603,344797,171,34324,57,6867,228,41191,45642,48479.29,8535703,8494512,0
"2021-05-26",18786,4434958,21092,3754618,2696,347493,199,34523,48,6915,247,41438,42821,46421.43,8578524,8537086,0
"2021-05-27",18466,4453424,21280,3775898,2529,350022,180,34703,61,6976,241,41679,42516,44243,8621040,8579361,0
"2021-05-28",17860,4471284,22883,3798781,2751,352773,187,34890,56,7032,243,41922,43737,41913.86,8664777,8622855,0
"2021-05-29",12707,4483991,17812,3816593,1755,354528,106,34996,39,7071,145,42067,32419,39813.29,8697196,8655129,0
"2021-05-30",7029,4491020,8950,3825543,1074,355602,48,35044,17,7088,65,42132,17118,38473,8714314,8672182,0
"2021-05-31",4742,4495762,6924,3832467,1012,356614,64,35108,17,7105,81,42213,12759,33858.86,8727073,8684860,0
"2021-06-01",16047,4511809,25193,3857660,2176,358790,155,35263,43,7148,198,42411,43614,33569.14,8770687,8728276,0
"2021-06-02",15355,4527164,20397,3878057,2095,360885,139,35402,48,7196,187,42598,38034,32885.29,8808721,8766123,0
"2021-06-03",15003,4542167,23825,3901882,2281,363166,128,35530,44,7240,172,42770,41281,32708.86,8850002,8807232,0
"2021-06-04",14722,4556889,25993,3927875,2492,365658,145,35675,41,7281,186,42956,43393,32659.71,8893395,8850439,0
"2021-06-05",10991,4567880,22090,3949965,1806,367464,115,35790,28,7309,143,43099,35030,33032.71,8928425,8885326,0
"2021-06-06",6442,4574322,14486,3964451,1222,368686,89,35879,13,7322,102,43201,22252,33766.14,8950677,8907476,0
"2021-06-07",11702,4586024,21783,3986234,2378,371064,140,36019,37,7359,177,43378,36040,37092,8986717,8943339,0
"2021-06-08",12634,4598658,24022,4010256,2072,373136,124,36143,46,7405,170,43548,38898,36418.29,9025615,8982067,0
"2021-06-09",11133,4609791,23026,4033282,2299,375435,136,36279,39,7444,175,43723,36633,36218.14,9062248,9018525,0
"2021-06-10",12062,4621853,22238,4055520,2462,377897,138,36417,59,7503,197,43920,36959,35600.71,9099207,9055287,0
"2021-06-11",12709,4634562,25124,4080644,2484,380381,156,36573,58,7561,214,44134,40531,35191.86,9139738,9095604,0
"2021-06-12",10162,4644724,19318,4099962,1888,382269,93,36666,43,7604,136,44270,31504,34688.14,9171242,9126972,0
"2021-06-13",4257,4648981,10933,4110895,1219,383488,41,36707,22,7626,63,44333,16472,33862.43,9187714,9143381,0
"2021-06-14",10208,4659189,19240,4130135,2043,385531,128,36835,52,7678,180,44513,31671,33238.29,9219385,9174872,0
"2021-06-15",11884,4671073,21018,4151153,1943,387474,131,36966,40,7718,171,44684,35016,32683.71,9254401,9209717,0
"2021-06-16",11586,4682659,19411,4170564,1957,389431,143,37109,68,7786,211,44895,33165,32188.29,9287566,9242671,0
"2021-06-17",11024,4693683,18760,4189324,1973,391404,124,37233,35,7821,159,45054,31916,31467.86,9319482,9274428,0
"2021-06-18",12166,4705849,18499,4207823,2115,393519,113,37346,36,7857,149,45203,32929,30381.86,9352411,9307208,0
"2021-06-19",8496,4714345,13517,4221340,1459,394978,84,37430,21,7878,105,45308,23577,29249.43,9375988,9330680,0
"2021-06-20",4336,4718681,7158,4228498,924,395902,36,37466,17,7895,53,45361,12471,28677.86,9388459,9343098,0
"2021-06-21",10164,4728845,10010,4238508,1807,397709,68,37534,27,7922,95,45456,22076,27307.14,9410535,9365079,0
"2021-06-22",9839,4738684,15641,4254149,1589,399298,105,37639,28,7950,133,45589,27202,26190.86,9437737,9392148,0
"2021-06-23",10311,4748995,15186,4269335,1863,401161,103,37742,30,7980,133,45722,27493,25380.57,9465230,9419508,0
"2021-06-24",9684,4758679,14700,4284035,1799,402960,120,37862,26,8006,146,45868,26329,24582.43,9491559,9445691,0
"2021-06-25",10589,4769268,14387,4298422,1721,404681,112,37974,38,8044,150,46018,26847,23713.57,9518406,9472388,0
"2021-06-26",7800,4777068,10466,4308888,1251,405932,74,38048,24,8068,98,46116,19615,23147.57,9538021,9491905,0
"2021-06-27",5001,4782069,6000,4314888,795,406727,34,38082,14,8082,48,46164,11844,23058,9549865,9503701,0
"2021-06-28",9035,4791104,10344,4325232,1526,408253,109,38191,26,8108,135,46299,21040,22910,9570905,9524606,0
"2021-06-29",9737,4800841,12327,4337559,1347,409600,123,38314,32,8140,155,46454,23566,22390.57,9594471,9548017,0
"2021-06-30",9433,4810274,10930,4348489,1487,411087,148,38462,16,8156,164,46618,22014,21607.86,9616485,9569867,0
"2021-07-01",9396,4819670,10929,4359418,1434,412521,130,38592,24,8180,154,46772,21913,20977,9638398,9591626,0
"2021-07-02",9694,4829364,11451,4370869,1541,414062,119,38711,22,8202,141,46913,22828,20402.86,9661226,9614313,0
"2021-07-03",7055,4836419,8419,4379288,1193,415255,78,38789,17,8219,95,47008,16762,19995.29,9677988,9630980,0
"2021-07-04",1288,4837707,1335,4380623,567,415822,9,38798,3,8222,12,47020,3202,18760.71,9681190,9634170,0
"2021-07-05",6496,4844203,7106,4387729,1208,417030,64,38862,22,8244,86,47106,14896,17883,9696086,9648980,0
"2021-07-06",9512,4853715,12853,4400582,1315,418345,115,38977,37,8281,152,47258,23832,17921,9719918,9672660,0
"2021-07-07",8665,4862380,11112,4411694,1419,419764,123,39100,19,8300,142,47400,21338,17824.43,9741256,9693856,0
"2021-07-08",8219,4870599,10193,4421887,1260,421024,108,39208,22,8322,130,47530,19802,17522.86,9761058,9713528,0
"2021-07-09",8373,4878972,10835,4432722,1278,422302,90,39298,18,8340,108,47638,20594,17203.71,9781652,9734014,0
"2021-07-10",7103,4886075,8635,4441357,1132,423434,62,39360,20,8360,82,47720,16952,17230.86,9798604,9750884,0
"2021-07-11",4105,4890180,4540,4445897,702,424136,35,39395,6,8366,41,47761,9388,18114.57,9807992,9760231,0
"2021-07-12",8446,4898626,9563,4455460,1252,425388,82,39477,23,8389,105,47866,19366,18753.14,9827358,9779492,0
"2021-07-13",9463,4908089,9394,4464854,952,426340,105,39582,34,8423,139,48005,19948,18198.29,9847306,9799301,0
"2021-07-14",9000,4917089,9533,4474387,1011,427351,105,39687,21,8444,126,48131,19670,17960,9866976,9818845,0
"2021-07-15",8794,4925883,9156,4483543,1054,428405,80,39767,19,8463,99,48230,19103,17860.14,9886079,9837849,0
"2021-07-16",9247,4935130,9762,4493305,981,429386,102,39869,29,8492,131,48361,20121,17792.57,9906200,9857839,0
"2021-07-17",6840,4941970,7386,4500691,803,430189,80,39949,20,8512,100,48461,15129,17532.14,9921329,9872868,0
"2021-07-18",4255,4946225,4285,4504976,576,430765,35,39984,13,8525,48,48509,9164,17500.14,9930493,9881984,0
"2021-07-19",9119,4955344,8480,4513456,999,431764,91,40075,22,8547,113,48622,18711,17406.57,9949204,9900582,0
"2021-07-20",10646,4965990,8759,4522215,991,432755,95,40170,25,8572,120,48742,20516,17487.71,9969720,9920978,0
"2021-07-21",10060,4976050,8766,4530981,904,433659,147,40317,33,8605,180,48922,19910,17522,9989630,9940708,0
"2021-07-22",10689,4986739,8587,4539568,1046,434705,144,40461,26,8631,170,49092,20492,17720.43,10010122,9961030,0
"2021-07-23",11252,4997991,8881,4548449,1114,435819,139,40600,23,8654,162,49254,21409,17904.43,10031531,9982277,0
"2021-07-24",7399,5005390,6741,4555190,670,436489,83,40683,24,8678,107,49361,14917,17874.14,10046448,9997087,0
"2021-07-25",5475,5010865,2126,4557316,509,436998,59,40742,4,8682,63,49424,8173,17732.57,10054621,10005197,0
"2021-07-26",10870,5021735,7006,4564322,859,437857,109,40851,20,8702,129,49553,18864,17754.43,10073485,10023932,0
"2021-07-27",12068,5033803,8570,4572892,857,438714,134,40985,39,8741,173,49726,21668,17919,10095153,10045427,0
"2021-07-28",12016,5045819,8053,4580945,950,439664,132,41117,27,8768,159,49885,21178,18100.14,10116331,10066446,0
"2021-07-29",10933,5056752,7433,4588378,984,440648,134,41251,39,8807,173,50058,19523,17961.71,10135854,10085796,0
"2021-07-30",14954,5071706,8015,4596393,1151,441799,182,41433,31,8838,213,50271,24333,18379.43,10160187,10109916,0
"2021-07-31",9723,5081429,6317,4602710,815,442614,121,41554,20,8858,141,50412,16996,18676.43,10177183,10126771,0
"2021-08-01",6500,5087929,3312,4606022,564,443178,81,41635,20,8878,101,50513,10477,19005.57,10187660,10137147,0
"2021-08-02",13450,5101379,7155,4613177,846,444024,146,41781,18,8896,164,50677,21615,19398.57,10209275,10158598,0
"2021-08-03",15412,5116791,8389,4621566,1109,445133,143,41924,38,8934,181,50858,25091,19887.57,10234366,10183508,0
"2021-08-04",17262,5134053,8132,4629698,1454,446587,181,42105,34,8968,215,51073,27063,20728.29,10261429,10210356,0
"2021-08-05",17887,5151940,7930,4637628,1370,447957,160,42265,21,8989,181,51254,27368,21849,10288797,10237543,0
"2021-08-06",18179,5170119,8414,4646042,1232,449189,167,42432,32,9021,199,51453,28024,22376.29,10316821,10265368,0
"2021-08-07",13387,5183506,6014,4652056,799,449988,99,42531,28,9049,127,51580,20327,22852.14,10337148,10285568,0
"2021-08-08",9310,5192816,3835,4655891,400,450388,82,42613,10,9059,92,51672,13637,23303.57,10350785,10299113,0
"2021-08-09",21345,5214161,8526,4664417,965,451353,169,42782,34,9093,203,51875,31039,24649.86,10381824,10329949,0
"2021-08-10",18946,5233107,9331,4673748,946,452299,180,42962,33,9126,213,52088,29436,25270.57,10411260,10359172,0
"2021-08-11",15646,5248753,8312,4682060,853,453152,128,43090,45,9171,173,52261,24984,24973.57,10436244,10383983,0
"2021-08-12",15059,5263812,8988,4691048,942,454094,174,43264,34,9205,208,52469,25197,24663.43,10461441,10408972,0
"2021-08-13",14923,5278735,9292,4700340,919,455013,243,43507,37,9242,280,52749,25415,24290.71,10486856,10434107,0
"2021-08-14",10398,5289133,6410,4706750,625,455638,532,44039,40,9282,572,53321,18005,23959,10504861,10451540,0
"2021-08-15",6693,5295826,4479,4711229,676,456314,566,44605,33,9315,599,53920,12447,23789,10517308,10463388,0
"2021-08-16",15716,5311542,9302,4720531,1150,457464,1322,45927,65,9380,1387,55307,27555,23291.29,10544863,10489556,0
"2021-08-17",17770,5329312,10456,4730987,1229,458693,1772,47699,84,9464,1856,57163,31311,23559.14,10576174,10519011,0
"2021-08-18",17495,5346807,10375,4741362,1260,459953,1988,49687,96,9560,2084,59247,31214,24449.14,10607388,10548141,0
"2021-08-19",16293,5363100,9525,4750887,1315,461268,1958,51645,66,9626,2024,61271,29157,25014.86,10636545,10575274,0
"2021-08-20",16281,5379381,11538,4762425,1254,462522,1860,53505,85,9711,1945,63216,31018,25815.29,10667563,10604347,0
"2021-08-21",11148,5390529,8037,4770462,878,463400,1060,54565,57,9768,1117,64333,21180,26268.86,10688743,10624410,0
"2021-08-22",4078,5394607,3903,4774365,261,463661,516,55081,34,9802,550,64883,8792,25746.71,10697535,10632652,0
"2021-08-23",15582,5410189,11807,4786172,1022,464683,1548,56629,75,9877,1623,66506,30035,26101,10727570,10661064,0
"2021-08-24",16912,5427101,12599,4798771,1006,465689,1775,58404,77,9954,1852,68358,32369,26252.14,10759939,10691581,0
"2021-08-25",14575,5441676,12449,4811220,1111,466800,1567,59971,77,10031,1644,70002,29779,26047.14,10789718,10719716,0
"2021-08-26",16153,5457829,14097,4825317,1071,467871,1773,61744,68,10099,1841,71843,33162,26619.29,10822880,10751037,0
"2021-08-27",14878,5472707,14825,4840142,971,468842,1672,63416,74,10173,1746,73589,32420,26819.57,10855300,10781711,0
"2021-08-28",10682,5483389,11524,4851666,835,469677,1014,64430,45,10218,1059,74648,24100,27236.71,10879400,10804752,0
"2021-08-29",7217,5490606,7493,4859159,541,470218,780,65210,58,10276,838,75486,16089,28279.14,10895489,10820003,0
"2021-08-30",15523,5506129,16926,4876085,1076,471294,1792,67002,86,10362,1878,77364,35403,29046,10930892,10853528,0
"2021-08-31",15511,5521640,15958,4892043,952,472246,1973,68975,88,10450,2061,79425,34482,29347.86,10965374,10885949,0
"2021-09-01",14829,5536469,14106,4906149,1020,473266,1809,70784,61,10511,1870,81295,31825,29640.14,10997199,10915904,0
"2021-09-02",14321,5550790,12525,4918674,896,474162,1708,72492,62,10573,1770,83065,29512,29118.71,11026711,10943646,0
"2021-09-03",15011,5565801,14311,4932985,974,475136,1894,74386,70,10643,1964,85029,32260,29095.86,11058971,10973942,0
"2021-09-04",9645,5575446,9405,4942390,688,475824,977,75363,33,10676,1010,86039,20748,28617,11079719,10993680,0
"2021-09-05",6800,5582246,5515,4947905,438,476262,713,76076,16,10692,729,86768,13482,28244.57,11093201,11006433,0
"2021-09-06",5196,5587442,4512,4952417,358,476620,271,76347,11,10703,282,87050,10348,24665.29,11103549,11016499,0
"2021-09-07",15572,5603014,17700,4970117,912,477532,1557,77904,89,10792,1646,88696,35830,24857.86,11139379,11050683,0
"2021-09-08",16158,5619172,14827,4984944,1072,478604,1772,79676,83,10875,1855,90551,33912,25156,11173291,11082740,0
"2021-09-09",16108,5635280,14750,4999694,1047,479651,1916,81592,74,10949,1990,92541,33895,25782.14,11207186,11114645,0
"2021-09-10",18366,5653646,15395,5015089,1208,480859,1975,83567,81,11030,2056,94597,37025,26462.86,11244211,11149614,0
"2021-09-11",12637,5666283,10349,5025438,958,481817,1028,84595,48,11078,1076,95673,25020,27073.14,11269231,11173558,0
"2021-09-12",8538,5674821,5051,5030489,766,482583,691,85286,30,11108,721,96394,15076,27300.86,11284307,11187913,0
"2021-09-13",16929,5691750,12964,5043453,976,483559,1655,86941,53,11161,1708,98102,32577,30476.43,11316884,11218782,0
"2021-09-14",16265,5708015,13675,5057128,886,484445,1597,88538,56,11217,1653,99755,32479,29997.71,11349363,11249608,0
"2021-09-15",15531,5723546,12889,5070017,727,485172,1569,90107,80,11297,1649,101404,30796,29552.57,11380159,11278755,0
"2021-09-16",15338,5738884,13912,5083929,1209,486381,1460,91567,66,11363,1526,102930,31985,29279.71,11412144,11309214,0
"2021-09-17",14434,5753318,13961,5097890,922,487303,1833,93400,58,11421,1891,104821,31208,28448.71,11443352,11338531,0
"2021-09-18",9996,5763314,10186,5108076,913,488216,1047,94447,41,11462,1088,105909,22183,28043.43,11465535,11359626,0
"2021-09-19",6177,5769491,6073,5114149,558,488774,747,95194,29,11491,776,106685,13584,27830.29,11479119,11372434,0
"2021-09-20",12674,5782165,12633,5126782,1068,489842,1924,97118,58,11549,1982,108667,28357,27227.43,11507476,11398809,0
"2021-09-21",12229,5794394,12769,5139551,1109,490951,2030,99148,77,11626,2107,110774,28214,26618.14,11535690,11424916,0
"2021-09-22",12822,5807216,12005,5151556,1090,492041,1685,100833,68,11694,1753,112527,27670,26171.57,11563360,11450833,0
"2021-09-23",14935,5822151,12762,5164318,1639,493680,2268,103101,73,11767,2341,114868,31677,26127.57,11595037,11480169,0
"2021-09-24",16445,5838596,13367,5177685,1636,495316,4629,107730,114,11881,4743,119611,36191,26839.43,11631228,11511617,0
"2021-09-25",10537,5849133,9024,5186709,1018,496334,3465,111195,75,11956,3540,123151,24119,27116,11655347,11532196,0
"2021-09-26",6299,5855432,5762,5192471,773,497107,2423,113618,60,12016,2483,125634,15317,27363.57,11670664,11545030,0
"2021-09-27",14159,5869591,8057,5200528,1155,498262,9067,122685,159,12175,9226,134860,32598,27969.43,11703262,11568402,0
"2021-09-28",11136,5880727,11782,5212310,902,499164,9919,132604,177,12352,10096,144956,33916,28784,11737178,11592222,0
"2021-09-29",11604,5892331,12193,5224503,1205,500369,9453,142057,166,12518,9619,154575,34622,29777.14,11771800,11617225,0
"2021-09-30",12237,5904568,12605,5237108,1338,501707,9748,151805,176,12694,9924,164499,36104,30409.57,11807904,11643405,0
"2021-10-01",12636,5917204,13433,5250541,1284,502991,10272,162077,148,12842,10420,174919,37773,30635.57,11845677,11670758,0
"2021-10-02",7729,5924933,9977,5260518,865,503856,4244,166321,75,12917,4319,179238,22890,30460,11868567,11689329,0
"2021-10-03",5070,5930003,6159,5266677,593,504449,2614,168935,56,12973,2670,181908,14492,30342.14,11883059,11701151,0
"2021-10-04",9907,5939910,11020,5277697,913,505362,9532,178467,141,13114,9673,191581,31513,30187.14,11914572,11722991,0
"2021-10-05",10153,5950063,11739,5289436,972,506334,9943,188410,177,13291,10120,201701,32984,30054,11947556,11745855,0
"2021-10-06",9897,5959960,11050,5300486,936,507270,9934,198344,159,13450,10093,211794,31976,29676,11979532,11767738,0
"2021-10-07",9614,5969574,12154,5312640,850,508120,10181,208525,170,13620,10351,222145,32969,29228.14,12012501,11790356,0
"2021-10-08",9449,5979023,12176,5324816,941,509061,10913,219438,163,13783,11076,233221,33642,28638,12046143,11812922,0
"2021-10-09",6241,5985264,8237,5333053,643,509704,4122,223560,87,13870,4209,237430,19330,28129.43,12065473,11828043,0
"2021-10-10",3538,5988802,5028,5338081,458,510162,2436,225996,45,13915,2481,239911,11505,27702.71,12076978,11837067,0
"2021-10-11",7617,5996419,9335,5347416,728,510890,8888,234884,163,14078,9051,248962,26731,27019.57,12103709,11854747,0
"2021-10-12",8069,6004488,10994,5358410,891,511781,10523,245407,180,14258,10703,259665,30657,26687.14,12134366,11874701,0
"2021-10-13",7148,6011636,10149,5368559,869,512650,8799,254206,179,14437,8978,268643,27144,25996.86,12161510,11892867,0
"2021-10-14",7434,6019070,11114,5379673,836,513486,10124,264330,161,14598,10285,278928,29669,25525.43,12191179,11912251,0
"2021-10-15",7719,6026789,11855,5391528,823,514309,10827,275157,169,14767,10996,289924,31393,25204.14,12222572,11932648,0
"2021-10-16",4862,6031651,7467,5398995,666,514975,3846,279003,66,14833,3912,293836,16907,24858,12239479,11945643,0
"2021-10-17",3055,6034706,4474,5403469,411,515386,2452,281455,43,14876,2495,296331,10435,24705.14,12249914,11953583,0
"2021-10-18",7048,6041754,10666,5414135,796,516182,9483,290938,178,15054,9661,305992,28171,24910.86,12278085,11972093,0
"2021-10-19",6569,6048323,8945,5423080,804,516986,9097,300035,170,15224,9267,315259,25585,24186.29,12303670,11988411,0
"2021-10-20",6530,6054853,9372,5432452,975,517961,9998,310033,174,15398,10172,325431,27049,24172.71,12330719,12005288,0
"2021-10-21",7022,6061875,9386,5441838,858,518819,10850,320883,150,15548,11000,336431,28266,23972.29,12358985,12022554,0
"2021-10-22",8113,6069988,10346,5452184,1026,519845,16357,337240,210,15758,16567,352998,36052,24637.86,12395037,12042039,0
"2021-10-23",5164,6075152,6459,5458643,690,520535,9125,346365,116,15874,9241,362239,21554,25301.71,12416591,12054352,0
"2021-10-24",3269,6078421,3969,5462612,769,521304,6162,352527,76,15950,6238,368477,14245,25846,12430836,12062359,0
"2021-10-25",8753,6087174,8743,5471355,1150,522454,19257,371784,294,16244,19551,388028,38197,27278.29,12469033,12081005,0
"2021-10-26",8193,6095367,7724,5479079,1258,523712,17292,389076,264,16508,17556,405584,34731,28584.86,12503764,12098180,0
"2021-10-27",10545,6105912,8393,5487472,1605,525317,20869,409945,318,16826,21187,426771,41730,30682.14,12545494,12118723,0
"2021-10-28",11318,6117230,8035,5495507,1793,527110,20854,430799,317,17143,21171,447942,42317,32689.43,12587811,12139869,0
"2021-10-29",11845,6129075,8239,5503746,1958,529068,22542,453341,327,17470,22869,470811,44912,33955.14,12632723,12161912,0
"2021-10-30",4628,6133703,5064,5508810,930,529998,11175,464516,162,17632,11337,482148,21959,34013,12654682,12172534,0
"2021-10-31",2662,6136365,2701,5511511,544,530542,6637,471153,99,17731,6736,488884,12643,33784.14,12667325,12178441,0
"2021-11-01",7128,6143493,6954,5518465,1089,531631,20391,491544,323,18054,20714,509598,35885,33453.86,12703210,12193612,0
"2021-11-02",6570,6150063,6588,5525053,1054,532685,20795,512339,267,18321,21062,530660,35274,33531.43,12738484,12207824,0
"2021-11-03",6845,6156908,6681,5531734,1026,533711,20637,532976,304,18625,20941,551601,35495,32640.71,12773979,12222378,0
"2021-11-04",9306,6166214,6278,5538012,996,534707,22372,555348,345,18970,22717,574318,39297,32209.29,12813276,12238958,0
"2021-11-05",11044,6177258,6722,5544734,1051,535758,23767,579115,351,19321,24118,598436,42935,31926.86,12856211,12257775,0
"2021-11-06",11128,6188386,4051,5548785,594,536352,12601,591716,167,19488,12768,611204,28541,32867.14,12884752,12273548,0
"2021-11-07",7250,6195636,2287,5551072,577,536929,7111,598827,95,19583,7206,618410,17320,33535.29,12902072,12283662,0
"2021-11-08",15048,6210684,5678,5556750,864,537793,19522,618349,273,19856,19795,638205,41385,34321,12943457,12305252,0
"2021-11-09",16142,6226826,5389,5562139,660,538453,20518,638867,270,20126,20788,658993,42979,35421.71,12986436,12327443,0
"2021-11-10",16924,6243750,5321,5567460,683,539136,22660,661527,287,20413,22947,681940,45875,36904.57,13032311,12350371,0
"2021-11-11",12557,6256307,5184,5572644,759,539895,22096,683623,285,20698,22381,704321,40881,37130.86,13073192,12368871,0
"2021-11-12",16879,6273186,5686,5578330,705,540600,23419,707042,354,21052,23773,728094,47043,37717.71,13120235,12392141,0
"2021-11-13",9932,6283118,3663,5581993,463,541063,13337,720379,179,21231,13516,741610,27574,37579.57,13147809,12406199,0
"2021-11-14",6007,6289125,2290,5584283,325,541388,7939,728318,76,21307,8015,749625,16637,37482,13164446,12414821,0
"2021-11-15",13208,6302333,5972,5590255,690,542078,25119,753437,357,21664,25476,775101,45346,38047.86,13209792,12434691,0
"2021-11-16",9957,6312290,5780,5596035,654,542732,30679,784116,419,22083,31098,806199,47490,38692.29,13257282,12451083,0
"2021-11-17",10293,6322583,6672,5602707,681,543413,31434,815550,408,22491,31842,838041,49488,39208.43,13306770,12468729,0
"2021-11-18",10718,6333301,6534,5609241,857,544270,33025,848575,451,22942,33476,871517,51585,40737.57,13358355,12486838,0
"2021-11-19",12003,6345304,6546,5615787,715,544985,36263,884838,448,23390,36711,908228,55975,42013.57,13414330,12506102,0
"2021-11-20",9322,6354626,3417,5619204,513,545498,22521,907359,253,23643,22774,931002,36026,43221,13450356,12519354,0
"2021-11-21",4939,6359565,1888,5621092,288,545786,13208,920567,149,23792,13357,944359,20472,43768.86,13470828,12526469,0
"2021-11-22",10417,6369982,5786,5626878,750,546536,35950,956517,434,24226,36384,980743,53338,44910.57,13524166,12543423,0
"2021-11-23",9775,6379757,4784,5631662,636,547172,33539,990056,368,24594,33907,1014650,49103,45141,13573269,12558619,0
"2021-11-24",8696,6388453,4750,5636412,649,547821,25936,1015992,278,24872,26214,1040864,40309,43829.71,13613578,12572714,0
"2021-11-25",448,6388901,328,5636740,80,547901,1003,1016995,9,24881,1012,1041876,1868,36727.29,13615446,12573570,0
"2021-11-26",8056,6396957,6988,5643728,528,548429,26596,1043591,292,25173,26888,1068764,42460,34796.57,13657906,12589142,0
"2021-11-27",6674,6403631,6833,5650561,371,548800,18854,1062445,218,25391,19072,1087836,32951,34357.29,13690857,12603021,0
"2021-11-28",4069,6407700,5791,5656352,282,549082,11901,1074346,117,25508,12018,1099854,22160,34598.43,13713017,12613163,0
"2021-11-29",9093,6416793,11002,5667354,686,549768,35092,1109438,428,25936,35520,1135374,56301,35021.71,13769318,12633944,0
"2021-11-30",10485,6427278,11442,5678796,513,550281,37808,1147246,488,26424,38296,1173670,60736,36683.57,13830054,12656384,0
"2021-12-01",11179,6438457,10983,5689779,725,551006,40368,1187614,435,26859,40803,1214473,63691,40023.86,13893745,12679272,0
"2021-12-02",11645,6450102,11038,5700817,626,551632,42181,1229795,448,27307,42629,1257102,65938,49176.71,13959683,12702581,0
"2021-12-03",13461,6463563,12896,5713713,674,552306,47968,1277763,512,27819,48480,1305582,75511,53898.29,14035194,12729612,0
"2021-12-04",9842,6473405,11290,5725003,567,552873,30695,1308458,299,28118,30994,1336576,52693,56718.57,14087887,12751311,0
"2021-12-05",5751,6479156,5704,5730707,270,553143,16667,1325125,127,28245,16794,1353370,28519,57627,14116406,12763036,0
"2021-12-06",12315,6491471,9964,5740671,600,553743,43272,1368397,439,28684,43711,1397081,66590,59096.86,14182996,12785915,0
"2021-12-07",12573,6504044,9255,5749926,624,554367,43070,1411467,492,29176,43562,1440643,66014,59850.86,14249010,12808367,0
"2021-12-08",13514,6517558,8775,5758701,555,554922,40818,1452285,464,29640,41282,1481925,64126,59913,14313136,12831211,0
"2021-12-09",13474,6531032,8752,5767453,555,555477,40845,1493130,487,30127,41332,1523257,64113,59652.29,14377249,12853992,0
"2021-12-10",14025,6545057,10148,5777601,670,556147,43691,1536821,486,30613,44177,1567434,69020,58725,14446269,12878835,0
"2021-12-11",10270,6555327,8130,5785731,405,556552,26713,1563534,273,30886,26986,1594420,45792,57739.14,14492061,12897641,0
"2021-12-12",6011,6561338,3856,5789587,288,556840,15176,1578710,131,31017,15307,1609727,25462,57302.43,14517523,12907796,0
"2021-12-13",12208,6573546,7434,5797021,657,557497,37901,1616611,390,31407,38291,1648018,58590,56159.57,14576113,12928095,0
"2021-12-14",12223,6585769,6961,5803982,730,558227,38174,1654785,426,31833,38600,1686618,58514,55088.14,14634627,12948009,0
"2021-12-15",12084,6597853,6246,5810228,755,558982,38167,1692952,480,32313,38647,1725265,57733,54174.86,14692360,12967095,0
"2021-12-16",13165,6611018,4271,5814499,742,559724,41137,1734089,442,32755,41579,1766844,59757,53552.57,14752117,12985273,0
"2021-12-17",15933,6626951,6932,5821431,619,560343,46819,1780908,471,33226,47290,1814134,70774,53803.14,14822891,13008757,0
"2021-12-18",13012,6639963,5721,5827152,432,560775,30636,1811544,265,33491,30901,1845035,50066,54413.71,14872957,13027922,0
"2021-12-19",7012,6646975,2992,5830144,326,561101,18016,1829560,171,33662,18187,1863222,28517,54850.14,14901474,13038252,0
"2021-12-20",16847,6663822,5864,5836008,746,561847,47488,1877048,562,34224,48050,1911272,71507,56695.43,14972981,13061709,0
"2021-12-21",17955,6681777,6572,5842580,806,562653,48935,1925983,577,34801,49512,1960784,74845,59028.43,15047826,13087042,0
"2021-12-22",18535,6700312,6561,5849141,938,563591,49747,1975730,530,35331,50277,2011061,76311,61682.43,15124137,13113076,0
"2021-12-23",19028,6719340,6490,5855631,930,564521,45885,2021615,521,35852,46406,2057467,72854,63553.43,15196991,13139524,0
"2021-12-24",9232,6728572,2954,5858585,598,565119,20606,2042221,210,36062,20816,2078283,33600,58242.86,15230591,13152308,0
"2021-12-25",344,6728916,63,5858648,31,565150,427,2042648,8,36070,435,2078718,873,51215.29,15231464,13152746,0
"2021-12-26",7959,6736875,3926,5862574,340,565490,17290,2059938,172,36242,17462,2096180,29687,51382.43,15261151,13164971,0
"2021-12-27",21777,6758652,9202,5871776,934,566424,43459,2103397,548,36790,44007,2140187,75920,52012.86,15337071,13196884,0
"2021-12-28",20156,6778808,8331,5880107,702,567126,47590,2150987,605,37395,48195,2188382,77384,52375.57,15414455,13226073,0
"2021-12-29",18494,6797302,7672,5887779,607,567733,45592,2196579,474,37869,46066,2234448,72839,51879.57,15487294,13252846,0
"2021-12-30",16885,6814187,7424,5895203,588,568321,44856,2241435,577,38446,45433,2279881,70330,51519,15557624,13277743,0
"2021-12-31",5356,6819543,2806,5898009,193,568514,14771,2256206,181,38627,14952,2294833,23307,50048.57,15580931,13286098,0
"2022-01-01",243,6819786,147,5898156,12,568526,501,2256707,21,38648,522,2295355,924,50055.86,15581855,13286500,0
"2022-01-02",6427,6826213,5022,5903178,153,568679,10985,2267692,109,38757,11094,2306449,22696,49057.14,15604551,13298102,0
"2022-01-03",14124,6840337,8502,5911680,514,569193,26954,2294646,341,39098,27295,2333744,50435,45416.43,15654986,13321242,0
"2022-01-04",12815,6853152,8122,5919802,415,569608,27232,2321878,364,39462,27596,2361340,48948,41354.14,15703934,13342594,0
"2022-01-05",11338,6864490,7013,5926815,382,569990,25981,2347859,306,39768,26287,2387627,45020,37380,15748954,13361327,0
"2022-01-06",11380,6875870,7389,5934204,483,570473,27613,2375472,332,40100,27945,2415572,47197,34075.29,15796151,13380579,0
"2022-01-07",10226,6886096,8442,5942646,339,570812,25149,2400621,320,40420,25469,2441041,44477,37099.57,15840628,13399587,0
"2022-01-08",7833,6893929,8564,5951210,310,571122,19486,2420107,179,40599,19665,2460706,36373,42163.71,15877001,13416295,0
"2022-01-09",4124,6898053,3843,5955053,214,571336,10070,2430177,92,40691,10162,2470868,18343,41541.86,15895344,13424476,0
"2022-01-10",10169,6908222,8192,5963245,490,571826,24619,2454796,298,40989,24917,2495785,43768,40589.43,15939112,13443327,0
"2022-01-11",8885,6917107,7988,5971233,521,572347,21028,2475824,285,41274,21313,2517098,38709,39126.71,15977821,13460723,0
"2022-01-12",8930,6926037,8330,5979563,427,572774,22351,2498175,287,41561,22638,2539736,40325,38456,16018146,13478410,0
"2022-01-13",9039,6935076,8866,5988429,452,573226,22893,2521068,317,41878,23210,2562946,41568,37651.86,16059714,13496768,0
"2022-01-14",10095,6945171,8119,5996548,476,573702,26436,2547504,327,42205,26763,2589709,45453,37791.29,16105167,13515458,0
"2022-01-15",6205,6951376,4309,6000857,178,573880,15145,2562649,177,42382,15322,2605031,26014,36311.43,16131181,13526150,0
"2022-01-16",2915,6954291,3249,6004106,95,573975,7826,2570475,83,42465,7909,2612940,14168,35715,16145349,13532409,0
"2022-01-17",6068,6960359,6755,6010861,363,574338,14687,2585162,217,42682,14904,2627844,28090,33475.29,16173439,13545595,0
"2022-01-18",8151,6968510,10321,6021182,396,574734,19674,2604836,316,42998,19990,2647834,38858,33496.57,16212297,13564463,0
"2022-01-19",7451,6975961,9247,6030429,304,575038,17729,2622565,270,43268,17999,2665833,35002,32736.14,16247299,13581466,0
"2022-01-20",6272,6982233,8560,6038989,305,575343,15259,2637824,244,43512,15503,2681336,30640,31175,16277939,13596603,0
"2022-01-21",7559,6989792,7507,6046496,276,575619,18519,2656343,281,43793,18800,2700136,34142,29559.14,16312081,13611945,0
"2022-01-22",5185,6994977,4935,6051431,131,575750,11327,2667670,126,43919,11453,2711589,21704,28943.43,16333785,13622196,0
"2022-01-23",2808,6997785,3327,6054758,97,575847,6233,2673903,76,43995,6309,2717898,12541,28711,16346326,13628428,0
"2022-01-24",6357,7004142,8205,6062963,262,576109,15082,2688985,238,44233,15320,2733218,30144,29004.43,16376470,13643252,0
"2022-01-25",6182,7010324,7938,6070901,232,576341,14695,2703680,260,44493,14955,2748173,29307,27640,16405777,13657604,0
"2022-01-26",5745,7016069,7175,6078076,289,576630,14021,2717701,211,44704,14232,2762405,27441,26559.86,16433218,13670813,0
"2022-01-27",5246,7021315,7091,6085167,321,576951,14091,2731792,230,44934,14321,2776726,26979,26036.86,16460197,13683471,0
"2022-01-28",6249,7027564,7877,6093044,203,577154,16134,2747926,238,45172,16372,2793098,30701,25545.29,16490898,13697800,0
"2022-01-29",840,7028404,727,6093771,28,577182,2539,2750465,39,45211,2578,2795676,4173,23040.86,16495071,13699395,0
"2022-01-30",2094,7030498,3022,6096793,103,577285,4538,2755003,63,45274,4601,2800277,9820,22652.14,16504891,13704614,0
"2022-01-31",5000,7035498,6592,6103385,220,577505,11397,2766400,197,45471,11594,2811871,23406,21689.57,16528297,13716426,0
"2022-02-01",4825,7040323,6441,6109826,219,577724,10722,2777122,217,45688,10939,2822810,22424,20706.29,16550721,13727911,0
"2022-02-02",4254,7044577,5933,6115759,213,577937,11237,2788359,243,45931,11480,2834290,21880,19911.86,16572601,13738311,0
"2022-02-03",4224,7048801,5813,6121572,216,578153,11222,2799581,199,46130,11421,2845711,21674,19154,16594275,13748564,0
"2022-02-04",4759,7053560,7116,6128688,214,578367,13220,2812801,239,46369,13459,2859170,25548,18417.86,16619823,13760653,0
"2022-02-05",3573,7057133,6051,6134739,110,578477,8580,2821381,153,46522,8733,2867903,18467,20459.86,16638290,13770387,0
"2022-02-06",2061,7059194,2139,6136878,121,578598,4637,2826018,102,46624,4739,2872642,9061,20351.43,16647351,13774709,0
"2022-02-07",4148,7063342,4734,6141612,205,578803,10137,2836155,232,46856,10369,2883011,19456,19787.14,16666807,13783796,0
"2022-02-08",4215,7067557,5609,6147221,214,579017,11330,2847485,304,47160,11634,2894645,21672,19679.71,16688479,13793834,0
"2022-02-09",4130,7071687,5403,6152624,223,579240,11665,2859150,255,47415,11920,2906565,21676,19650.57,16710155,13803590,0
"2022-02-10",3989,7075676,5124,6157748,245,579485,12203,2871353,285,47700,12488,2919053,21846,19675.14,16732001,13812948,0
"2022-02-11",4507,7080183,5809,6163557,195,579680,13738,2885091,320,48020,14058,2933111,24569,19535.29,16756570,13823459,0
"2022-02-12",3257,7083440,4342,6167899,97,579777,8810,2893901,213,48233,9023,2942134,16719,19285.57,16773289,13831155,0
"2022-02-13",1519,7084959,1544,6169443,41,579818,4881,2898782,111,48344,4992,2947126,8096,19147.71,16781385,13834259,0
"2022-02-14",2980,7087939,3624,6173067,167,579985,10572,2909354,324,48668,10896,2958022,17667,18892.14,16799052,13841030,0
"2022-02-15",3549,7091488,4076,6177143,175,580160,12787,2922141,281,48949,13068,2971090,20868,18777.29,16819920,13848830,0
"2022-02-16",3647,7095135,3907,6181050,200,580360,15730,2937871,297,49246,16027,2987117,23781,19078,16843701,13856584,0
"2022-02-17",4030,7099165,4079,6185129,162,580522,18280,2956151,359,49605,18639,3005756,26910,19801.43,16870611,13864855,0
"2022-02-18",4465,7103630,4786,6189915,189,580711,21536,2977687,455,50060,21991,3027747,31431,20781.71,16902042,13874295,0
"2022-02-19",3251,7106881,2182,6192097,65,580776,11181,2988868,217,50277,11398,3039145,16896,20807,16918938,13879793,0
"2022-02-20",1854,7108735,1444,6193541,59,580835,6588,2995456,113,50390,6701,3045846,10058,21087.29,16928996,13883150,0
"2022-02-21",3083,7111818,2696,6196237,95,580930,8352,3003808,229,50619,8581,3054427,14455,20628.43,16943451,13889024,0
"2022-02-22",4377,7116195,4250,6200487,175,581105,10838,3014646,251,50870,11089,3065516,19891,20488.86,16963342,13897826,0
"2022-02-23",4259,7120454,3787,6204274,145,581250,10670,3025316,243,51113,10913,3076429,19104,19820.71,16982446,13906017,0
"2022-02-24",3792,7124246,3657,6207931,108,581358,10195,3035511,227,51340,10422,3086851,17979,18544.86,17000425,13913574,0
"2022-02-25",3612,7127858,3629,6211560,135,581493,9984,3045495,236,51576,10220,3097071,17596,16568.43,17018021,13920950,0
"2022-02-26",2835,7130693,2580,6214140,74,581567,9513,3055008,154,51730,9667,3106738,15156,16319.86,17033177,13926439,0
"2022-02-27",1768,7132461,1375,6215515,52,581619,6267,3061275,102,51832,6369,3113107,9564,16249.29,17042741,13929634,0
"2022-02-28",3797,7136258,3135,6218650,141,581760,13134,3074409,249,52081,13383,3126490,20456,17106.57,17063197,13936707,0
"2022-03-01",2133,7138391,2629,6221279,103,581863,5179,3079588,186,52267,5365,3131855,10230,15726.43,17073427,13941572,0
"2022-03-02",1836,7140227,2444,6223723,107,581970,4132,3083720,208,52475,4340,3136195,8727,14244,17082154,13945959,0
"2022-03-03",1936,7142163,2556,6226279,106,582076,3797,3087517,171,52646,3968,3140163,8566,12899.29,17090720,13950557,0
"2022-03-04",2124,7144287,2873,6229152,66,582142,4328,3091845,208,52854,4536,3144699,9599,11756.86,17100319,13955620,0
"2022-03-05",1610,7145897,2123,6231275,43,582185,3319,3095164,116,52970,3435,3148134,7211,10621.86,17107530,13959396,0
"2022-03-06",797,7146694,879,6232154,30,582215,1624,3096788,55,53025,1679,3149813,3385,9739.14,17110915,13961102,0
"2022-03-07",1667,7148361,1787,6233941,86,582301,3499,3100287,160,53185,3659,3153472,7199,7845.29,17118114,13964642,0
"2022-03-08",1550,7149911,1895,6235836,79,582380,3125,3103412,149,53334,3274,3156746,6798,7355,17124912,13968166,0
"2022-03-09",1266,7151177,1679,6237515,79,582459,2588,3106000,130,53464,2718,3159464,5742,6928.57,17130654,13971190,0
"2022-03-10",1419,7152596,2101,6239616,85,582544,2962,3108962,162,53626,3124,3162588,6729,6666.14,17137383,13974795,0
"2022-03-11",1600,7154196,2273,6241889,81,582625,3212,3112174,189,53815,3401,3165989,7355,6345.57,17144738,13978749,0
"2022-03-12",877,7155073,1415,6243304,42,582667,2008,3114182,76,53891,2084,3168073,4418,5946.57,17149156,13981083,0
"2022-03-13",624,7155697,757,6244061,28,582695,1290,3115472,49,53940,1339,3169412,2748,5855.57,17151904,13982492,0
"2022-03-14",1372,7157069,1609,6245670,83,582778,2990,3118462,208,54148,3198,3172610,6262,5721.71,17158166,13985556,0
"2022-03-15",1358,7158427,1928,6247598,63,582841,3069,3121531,230,54378,3299,3175909,6648,5700.29,17164814,13988905,0
"2022-03-16",1396,7159823,2066,6249664,94,582935,3138,3124669,295,54673,3433,3179342,6989,5878.43,17171803,13992461,0
"2022-03-17",1192,7161015,1806,6251470,70,583005,2762,3127431,266,54939,3028,3182370,6096,5788,17177899,13995529,0
"2022-03-18",1593,7162608,2218,6253688,79,583084,3771,3131202,415,55354,4186,3186556,8076,5891,17185975,13999419,0
"2022-03-19",1111,7163719,1731,6255419,54,583138,2603,3133805,227,55581,2830,3189386,5726,6077.86,17191701,14002315,0
"2022-03-20",610,7164329,629,6256048,33,583171,1465,3135270,186,55767,1651,3191037,2923,6102.86,17194624,14003587,0
"2022-03-21",1418,7165747,1555,6257603,72,583243,3059,3138329,357,56124,3416,3194453,6461,6131.29,17201085,14006632,0
"2022-03-22",1345,7167092,1555,6259158,101,583344,2905,3141234,344,56468,3249,3197702,6250,6074.43,17207335,14009633,0
"2022-03-23",1260,7168352,1360,6260518,66,583410,2922,3144156,374,56842,3296,3200998,5982,5930.57,17213317,14012319,0
"2022-03-24",1213,7169565,1299,6261817,90,583500,2520,3146676,269,57111,2789,3203787,5391,5829.86,17218708,14014921,0
"2022-03-25",1385,7170950,1630,6263447,62,583562,3268,3149944,379,57490,3647,3207434,6724,5636.71,17225432,14017998,0
"2022-03-26",927,7171877,1161,6264608,36,583598,2308,3152252,250,57740,2558,3209992,4682,5487.57,17230114,14020122,0
"2022-03-27",573,7172450,527,6265135,29,583627,1313,3153565,203,57943,1516,3211508,2645,5447.86,17232759,14021251,0
"2022-03-28",1085,7173535,1164,6266299,69,583696,2439,3156004,364,58307,2803,3214311,5121,5256.43,17237880,14023569,0
"2022-03-29",1051,7174586,1103,6267402,85,583781,2512,3158516,882,59189,3394,3217705,5633,5168.29,17243513,14025808,0
"2022-03-30",1246,7175832,1142,6268544,98,583879,3063,3161579,3407,62596,6470,3224175,8956,5593.14,17252469,14028294,0
"2022-03-31",1285,7177117,1259,6269803,57,583936,3164,3164743,5507,68103,8671,3232846,11273,6433.43,17263742,14030896,0
"2022-04-01",1428,7178545,1496,6271299,76,584012,3250,3167993,6904,75007,10154,3243000,13154,7352,17276896,14033896,0
"2022-04-02",910,7179455,910,6272209,33,584045,2093,3170086,4529,79536,6622,3249622,8475,7893.86,17285371,14035749,0
"2022-04-03",556,7180011,497,6272706,28,584073,1224,3171310,3051,82587,4275,3253897,5356,8281.14,17290727,14036830,0
"2022-04-04",1351,7181362,1308,6274014,61,584134,2735,3174045,7698,90285,10433,3264330,13153,9428.57,17303880,14039550,0
"2022-04-05",1303,7182665,1161,6275175,66,584200,2848,3176893,7486,97771,10334,3274664,12864,10461.57,17316744,14042080,0
"2022-04-06",1343,7184008,1180,6276355,61,584261,2622,3179515,6958,104729,9580,3284244,12164,10919.86,17328908,14044664,0
"2022-04-07",1208,7185216,1066,6277421,57,584318,2376,3181891,6607,111336,8983,3293227,11314,10925.71,17340222,14046995,0
"2022-04-08",1483,7186699,1408,6278829,61,584379,3170,3185061,8780,120116,11950,3305177,14902,11175.43,17355124,14049947,0
"2022-04-09",913,7187612,926,6279755,29,584408,2080,3187141,4946,125062,7026,3312203,8894,11235.29,17364018,14051815,0
"2022-04-10",584,7188196,461,6280216,25,584433,1168,3188309,2897,127959,4065,3316268,5135,11203.71,17369153,14052885,0
"2022-04-11",1312,7189508,1239,6281455,59,584492,2666,3190975,7805,135764,10471,3326739,13081,11193.43,17382234,14055495,0
"2022-04-12",1222,7190730,1056,6282511,73,584565,2526,3193501,7418,143182,9944,3336683,12295,11112.14,17394529,14057846,0
"2022-04-13",1239,7191969,1080,6283591,59,584624,2518,3196019,7535,150717,10053,3346736,12431,11150.29,17406960,14060224,0
"2022-04-14",1273,7193242,1096,6284687,59,584683,2446,3198465,6575,157292,9021,3355757,11449,11169.57,17418409,14062652,0
"2022-04-15",1338,7194580,1100,6285787,53,584736,2571,3201036,6617,163909,9188,3364945,11679,10709.14,17430088,14065143,0
"2022-04-16",858,7195438,653,6286440,34,584770,1645,3202681,3682,167591,5327,3370272,6872,10420.29,17436960,14066688,0
"2022-04-17",346,7195784,202,6286642,27,584797,638,3203319,1156,168747,1794,3372066,2369,10025.14,17439329,14067263,0
"2022-04-18",1391,7197175,1117,6287759,82,584879,2586,3205905,6413,175160,8999,3381065,11589,9812,17450918,14069853,0
"2022-04-19",1422,7198597,938,6288697,72,584951,2578,3208483,5741,180901,8319,3389384,10751,9591.43,17461669,14072285,0
"2022-04-20",1315,7199912,1159,6289856,65,585016,2715,3211198,6626,187527,9341,3398725,11880,9512.71,17473549,14074824,0
"2022-04-21",1228,7201140,1062,6290918,53,585069,2331,3213529,5335,192862,7666,3406391,10009,9307,17483558,14077167,0
"2022-04-22",1213,7202353,1026,6291944,46,585115,2200,3215729,5643,198505,7843,3414234,10129,9085.57,17493687,14079453,0
"2022-04-23",716,7203069,749,6292693,59,585174,1427,3217156,3346,201851,4773,3419007,6297,9003.43,17499984,14080977,0
"2022-04-24",442,7203511,338,6293031,27,585201,811,3217967,1813,203664,2624,3421631,3431,9155.14,17503415,14081784,0
"2022-04-25",1035,7204546,916,6293947,64,585265,1851,3219818,5090,208754,6941,3428572,8956,8779,17512371,14083799,0
"2022-04-26",952,7205498,859,6294806,76,585341,1749,3221567,4692,213446,6441,3435013,8328,8432.86,17520699,14085686,0
"2022-04-27",1040,7206538,1026,6295832,80,585421,1929,3223496,5205,218651,7134,3442147,9280,8061.43,17529979,14087832,0
"2022-04-28",1091,7207629,988,6296820,50,585471,2004,3225500,4728,223379,6732,3448879,8861,7897.43,17538840,14089961,0
"2022-04-29",1191,7208820,1107,6297927,60,585531,2162,3227662,5391,228770,7553,3456432,9911,7866.29,17548751,14092319,0
"2022-04-30",726,7209546,745,6298672,50,585581,1391,3229053,2962,231732,4353,3460785,5874,7805.86,17554625,14093840,0
"2022-05-01",445,7209991,366,6299038,20,585601,767,3229820,1656,233388,2423,3463208,3254,7780.57,17557879,14094671,0
"2022-05-02",1057,7211048,792,6299830,52,585653,1676,3231496,3813,237201,5489,3468697,7390,7556.86,17565269,14096572,0
"2022-05-03",1122,7212170,864,6300694,61,585714,2000,3233496,4858,242059,6858,3475555,8905,7639.29,17574174,14098619,0
"2022-05-04",1019,7213189,882,6301576,48,585762,1921,3235417,4644,246703,6565,3482120,8514,7529.86,17582688,14100568,0
"2022-05-05",1074,7214263,956,6302532,87,585849,1929,3237346,4871,251574,6800,3488920,8917,7537.86,17591605,14102685,0
"2022-05-06",1095,7215358,961,6303493,51,585900,1867,3239213,4383,255957,6250,3495170,8357,7315.86,17599962,14104792,0
"2022-05-07",660,7216018,593,6304086,32,585932,1205,3240418,2423,258380,3628,3498798,4913,7178.57,17604875,14106077,0
"2022-05-08",416,7216434,246,6304332,17,585949,666,3241084,1380,259760,2046,3500844,2725,7103,17607600,14106756,0
"2022-05-09",1084,7217518,947,6305279,60,586009,1892,3242976,4421,264181,6313,3507157,8404,7247.86,17616004,14108847,0
"2022-05-10",1100,7218618,932,6306211,54,586063,1985,3244961,4713,268894,6698,3513855,8784,7230.57,17624788,14110933,0
"2022-05-11",1095,7219713,979,6307190,44,586107,1946,3246907,4827,273721,6773,3520628,8891,7284.43,17633679,14113051,0
"2022-05-12",1109,7220822,951,6308141,60,586167,2001,3248908,4656,278377,6657,3527285,8777,7264.43,17642456,14115171,0
"2022-05-13",1162,7221984,1043,6309184,44,586211,2063,3250971,4789,283166,6852,3534137,9101,7370.71,17651557,14117420,0
"2022-05-14",831,7222815,670,6309854,31,586242,1472,3252443,2944,286110,4416,3538553,5948,7518.57,17657505,14118952,0
"2022-05-15",512,7223327,357,6310211,22,586264,923,3253366,1646,287756,2569,3541122,3460,7623.57,17660965,14119843,0
"2022-05-16",1232,7224559,858,6311069,62,586326,1830,3255196,3858,291614,5688,3546810,7840,7543,17668805,14121995,0
"2022-05-17",1298,7225857,929,6311998,79,586405,2047,3257243,4876,296490,6923,3553733,9229,7606.57,17678034,14124301,0
"2022-05-18",1247,7227104,902,6312900,82,586487,2065,3259308,4926,301416,6991,3560724,9222,7653.86,17687256,14126532,0
"2022-05-19",1171,7228275,882,6313782,36,586523,2121,3261429,4717,306133,6838,3567562,8927,7675.29,17696183,14128621,0
"2022-05-20",1205,7229480,965,6314747,74,586597,2366,3263795,5194,311327,7560,3575122,9806,7776,17705989,14130867,0
"2022-05-21",839,7230319,650,6315397,23,586620,1724,3265519,3288,314615,5012,3580134,6525,7858.43,17712514,14132380,0
"2022-05-22",511,7230830,290,6315687,22,586642,1136,3266655,1838,316453,2974,3583108,3797,7906.57,17716311,14133203,0
"2022-05-23",1224,7232054,889,6316576,52,586694,2189,3268844,4697,321150,6886,3589994,9051,8079.57,17725362,14135368,0
"2022-05-24",1431,7233485,944,6317520,66,586760,2298,3271142,4466,325616,6764,3596758,9206,8076.29,17734568,14137810,0
"2022-05-25",1435,7234920,958,6318478,56,586816,2264,3273406,4245,329861,6509,3603267,8959,8038.71,17743527,14140260,0
"2022-05-26",1187,7236107,889,6319367,60,586876,2262,3275668,4133,333994,6395,3609662,8532,7982.29,17752059,14142397,0
"2022-05-27",1260,7237367,958,6320325,38,586914,2498,3278166,3898,337892,6396,3616058,8653,7817.57,17760712,14144654,0
"2022-05-28",721,7238088,516,6320841,19,586933,1780,3279946,2063,339955,3843,3619901,5099,7613.86,17765811,14145910,0
"2022-05-29",476,7238564,216,6321057,11,586944,760,3280706,1120,341075,1880,3621781,2583,7440.43,17768394,14146613,0
"2022-05-30",91,7238655,58,6321115,6,586950,138,3280844,145,341220,283,3622064,438,6210,17768832,14146768,0
"2022-05-31",1144,7239799,919,6322034,51,587001,1887,3282731,3055,344275,4942,3627006,7056,5902.86,17775888,14148882,0
"2022-06-01",1164,7240963,850,6322884,63,587064,1967,3284698,3411,347686,5378,3632384,7455,5688,17783343,14150959,0
"2022-06-02",1036,7241999,803,6323687,72,587136,1822,3286520,3161,350847,4983,3637367,6894,5454,17790237,14152870,0
"2022-06-03",1172,7243171,893,6324580,47,587183,2059,3288579,3482,354329,5541,3642908,7653,5311.14,17797890,14154982,0
"2022-06-04",728,7243899,581,6325161,26,587209,1553,3290132,1899,356228,3452,3646360,4789,5266.86,17802679,14156319,0
"2022-06-05",451,7244350,297,6325458,1,587210,879,3291011,979,357207,1858,3648218,2607,5270.29,17805286,14157068,0
"2022-06-06",1127,7245477,826,6326284,64,587274,1753,3292764,2730,359937,4483,3652701,6500,6136.29,17811786,14159085,0
"2022-06-07",1027,7246504,767,6327051,70,587344,1781,3294545,2561,362498,4342,3657043,6206,6014.86,17817992,14160949,0
"2022-06-08",1099,7247603,836,6327887,75,587419,1874,3296419,2737,365235,4611,3661654,6622,5895.86,17824614,14162960,0
"2022-06-09",1147,7248750,839,6328726,61,587480,2219,3298638,2683,367918,4902,3666556,6949,5903.71,17831563,14165007,0
"2022-06-10",1053,7249803,820,6329546,75,587555,1881,3300519,2816,370734,4697,3671253,6645,5759.71,17838208,14166955,0
"2022-06-11",681,7250484,507,6330053,25,587580,1325,3301844,1503,372237,2828,3674081,4041,5652.86,17842249,14168168,0
"2022-06-12",352,7250836,288,6330341,21,587601,879,3302723,770,373007,1649,3675730,2310,5610.43,17844559,14168829,0
"2022-06-13",1034,7251870,771,6331112,63,587664,1570,3304293,2181,375188,3751,3679481,5620,5484.71,17850179,14170698,0
"2022-06-14",968,7252838,832,6331944,64,587728,1681,3305974,2494,377682,4175,3683656,6039,5460.86,17856218,14172562,0
"2022-06-15",980,7253818,867,6332811,39,587767,1659,3307633,2409,380091,4068,3687724,5954,5365.43,17862172,14174448,0
"2022-06-16",960,7254778,780,6333591,59,587826,1825,3309458,2357,382448,4182,3691906,5981,5227.14,17868153,14176247,0
"2022-06-17",909,7255687,795,6334386,48,587874,1752,3311210,2397,384845,4149,3696055,5902,5121,17874055,14178000,0
"2022-06-18",664,7256351,523,6334909,26,587900,1277,3312487,1291,386136,2568,3698623,3781,5083.86,17877836,14179213,0
"2022-06-19",351,7256702,236,6335145,16,587916,727,3313214,603,386739,1330,3699953,1933,5030,17879769,14179816,0
"2022-06-20",837,7257539,490,6335635,41,587957,1569,3314783,1612,388351,3181,3703134,4549,4877,17884318,14181184,0
"2022-06-21",1139,7258678,740,6336375,50,588007,1693,3316476,2130,390481,3823,3706957,5753,4836.14,17890071,14183114,0
"2022-06-22",1972,7260650,829,6337204,46,588053,1694,3318170,1988,392469,3682,3710639,6529,4918.29,17896600,14185961,0
"2022-06-23",2124,7262774,762,6337966,65,588118,1697,3319867,2143,394612,3840,3714479,6792,5034.14,17903392,14188913,0
"2022-06-24",2187,7264961,757,6338723,48,588166,1622,3321489,2144,396756,3766,3718245,6758,5156.43,17910150,14191905,0
"2022-06-25",2139,7267100,495,6339218,15,588181,1233,3322722,1138,397894,2371,3720616,5024,5334,17915174,14194558,0
"2022-06-26",1213,7268313,250,6339468,14,588195,682,3323404,530,398424,1212,3721828,2689,5442,17917863,14196035,0
"2022-06-27",1539,7269852,655,6340123,60,588255,1460,3324864,1643,400067,3103,3724931,5357,5557.43,17923220,14198289,0
"2022-06-28",1694,7271546,833,6340956,54,588309,1848,3326712,2139,402206,3987,3728918,6568,5673.86,17929788,14200870,0
"2022-06-29",1861,7273407,774,6341730,48,588357,1713,3328425,1917,404123,3630,3732548,6313,5643,17936101,14203553,0
"2022-06-30",1867,7275274,806,6342536,46,588403,1731,3330156,2118,406241,3849,3736397,6568,5611,17942669,14206272,0
"2022-07-01",1597,7276871,598,6343134,26,588429,1388,3331544,1722,407963,3110,3739507,5331,5407.14,17948000,14208493,0
"2022-07-02",973,7277844,385,6343519,18,588447,834,3332378,926,408889,1760,3741267,3136,5137.43,17951136,14209869,0
"2022-07-03",530,7278374,205,6343724,7,588454,458,3332836,487,409376,945,3742212,1687,4994.29,17952823,14210611,0
"2022-07-04",36,7278410,26,6343750,1,588455,30,3332866,38,409414,68,3742280,131,4247.71,17952954,14210674,0
"2022-07-05",1284,7279694,754,6344504,35,588490,1402,3334268,1736,411150,3138,3745418,5211,4053.86,17958165,14212747,0
"2022-07-06",1612,7281306,679,6345183,44,588534,1441,3335709,1834,412984,3275,3748693,5610,3953.43,17963775,14215082,0
"2022-07-07",1592,7282898,716,6345899,48,588582,1525,3337234,1994,414978,3519,3752212,5875,3854.43,17969650,14217438,0
"2022-07-08",1631,7284529,649,6346548,37,588619,1468,3338702,1971,416949,3439,3755651,5757,3915.29,17975407,14219756,0
"2022-07-09",983,7285512,422,6346970,26,588645,877,3339579,1341,418290,2218,3757869,3649,3988.57,17979056,14221187,0
"2022-07-10",639,7286151,187,6347157,17,588662,429,3340008,660,418950,1089,3758958,1932,4023.57,17980988,14222030,0
"2022-07-11",1397,7287548,635,6347792,49,588711,1429,3341437,2206,421156,3635,3762593,5716,4821.43,17986704,14224111,0
"2022-07-12",1401,7288949,687,6348479,45,588756,1397,3342834,2510,423666,3907,3766500,6040,4939.86,17992744,14226244,0
"2022-07-13",1620,7290569,729,6349208,36,588792,1511,3344345,2804,426470,4315,3770815,6700,5095.57,17999444,14228629,0
"2022-07-14",1592,7292161,841,6350049,47,588839,1596,3345941,3053,429523,4649,3775464,7130,5274.86,18006574,14231110,0
"2022-07-15",1618,7293779,934,6350983,46,588885,1559,3347500,3041,432564,4600,3780064,7198,5480.71,18013772,14233708,0
"2022-07-16",882,7294661,584,6351567,9,588894,976,3348476,1688,434252,2664,3782728,4139,5550.71,18017911,14235183,0
"2022-07-17",550,7295211,293,6351860,16,588910,529,3349005,1164,435416,1693,3784421,2552,5639.29,18020463,14236042,0
"2022-07-18",1396,7296607,842,6352702,45,588955,1430,3350435,2442,437858,3872,3788293,6155,5702,18026618,14238325,0
"2022-07-19",1441,7298048,976,6353678,51,589006,1537,3351972,2796,440654,4333,3792626,6801,5810.71,18033419,14240793,0
"2022-07-20",1384,7299432,1481,6355159,50,589056,1347,3353319,2383,443037,3730,3796356,6646,5803,18040065,14243709,0
"2022-07-21",1333,7300765,1434,6356593,47,589103,1389,3354708,2358,445395,3747,3800103,6561,5721.71,18046626,14246523,0
"2022-07-22",1432,7302197,1565,6358158,41,589144,1552,3356260,2839,448234,4391,3804494,7429,5754.71,18054055,14249561,0
"2022-07-23",905,7303102,1092,6359250,17,589161,995,3357255,1549,449783,2544,3807038,4558,5814.57,18058613,14251575,0
"2022-07-24",490,7303592,640,6359890,14,589175,501,3357756,803,450586,1304,3808342,2449,5799.86,18061062,14252720,0
"2022-07-25",1213,7304805,767,6360657,59,589234,1258,3359014,2053,452639,3311,3811653,5350,5684.86,18066412,14254759,0
"2022-07-26",1231,7306036,1017,6361674,41,589275,1463,3360477,2427,455066,3890,3815543,6179,5596,18072591,14257048,0
"2022-07-27",1319,7307355,1271,6362945,41,589316,1380,3361857,2184,457250,3564,3819107,6197,5531.86,18078788,14259681,0
"2022-07-28",1309,7308664,1412,6364357,71,589387,1417,3363274,2204,459454,3621,3822728,6413,5510.71,18085201,14262473,0
"2022-07-29",1316,7309980,1427,6365784,64,589451,1346,3364620,2128,461582,3474,3826202,6282,5346.86,18091483,14265281,0
"2022-07-30",724,7310704,714,6366498,25,589476,784,3365404,945,462527,1729,3827931,3195,5152.14,18094678,14266747,0
"2022-07-31",423,7311127,591,6367089,14,589490,487,3365891,570,463097,1057,3828988,2085,5100.14,18096763,14267775,0
"2022-08-01",1224,7312351,906,6367995,55,589545,1320,3367211,1501,464598,2821,3831809,5006,5051,18101769,14269960,0
"2022-08-02",1220,7313571,1011,6369006,73,589618,1333,3368544,1590,466188,2923,3834732,5227,4915,18106996,14272264,0
"2022-08-03",1265,7314836,1183,6370189,41,589659,1336,3369880,1517,467705,2853,3837585,5342,4792.86,18112338,14274753,0
"2022-08-04",1182,7316018,1178,6371367,57,589716,1283,3371163,1445,469150,2728,3840313,5145,4611.71,18117483,14277170,0
"2022-08-05",1301,7317319,1444,6372811,48,589764,1306,3372469,1436,470586,2742,3843055,5535,4505,18123018,14279963,0
"2022-08-06",687,7318006,838,6373649,14,589778,758,3373227,769,471355,1527,3844582,3067,4486.71,18126085,14281503,0
"2022-08-07",392,7318398,456,6374105,14,589792,421,3373648,352,471707,773,3845355,1635,4422.43,18127720,14282365,0
"2022-08-08",1179,7319577,929,6375034,70,589862,1267,3374915,1167,472874,2434,3847789,4612,4366.14,18132332,14284543,0
"2022-08-09",1125,7320702,893,6375927,38,589900,1217,3376132,1148,474022,2365,3850154,4421,4251,18136753,14286599,0
"2022-08-10",1206,7321908,1105,6377032,58,589958,1249,3377381,1238,475260,2487,3852641,4856,4181.57,18141609,14288968,0
"2022-08-11",1294,7323202,1061,6378093,84,590042,1206,3378587,1275,476535,2481,3855122,4920,4149.43,18146529,14291407,0
"2022-08-12",1319,7324521,1402,6379495,54,590096,1259,3379846,1236,477771,2495,3857617,5270,4111.57,18151799,14294182,0
"2022-08-13",754,7325275,779,6380274,15,590111,759,3380605,626,478397,1385,3859002,2933,4092.43,18154732,14295730,0
"2022-08-14",486,7325761,482,6380756,19,590130,404,3381009,279,478676,683,3859685,1670,4097.43,18156402,14296717,0
"2022-08-15",1269,7327030,1038,6381794,60,590190,1286,3382295,976,479652,2262,3861947,4629,4099.86,18161031,14299084,0
"2022-08-16",1297,7328327,862,6382656,50,590240,1358,3383653,1069,480721,2427,3864374,4636,4130.57,18165667,14301293,0
"2022-08-17",1208,7329535,953,6383609,39,590279,1223,3384876,978,481699,2201,3866575,4401,4065.57,18170068,14303493,0
"2022-08-18",1148,7330683,939,6384548,44,590323,1255,3386131,936,482635,2191,3868766,4322,3980.14,18174390,14305624,0
"2022-08-19",1234,7331917,1131,6385679,34,590357,1109,3387240,956,483591,2065,3870831,4464,3865,18178854,14308023,0
"2022-08-20",582,7332499,481,6386160,16,590373,627,3387867,499,484090,1126,3871957,2205,3761,18181059,14309102,0
"2022-08-21",352,7332851,245,6386405,9,590382,376,3388243,263,484353,639,3872596,1245,3700.29,18182304,14309708,0
"2022-08-22",1195,7334046,914,6387319,37,590419,1225,3389468,875,485228,2100,3874696,4246,3645.57,18186550,14311854,0
"2022-08-23",1222,7335268,1041,6388360,47,590466,1372,3390840,952,486180,2324,3877020,4635,3645.43,18191185,14314165,0
"2022-08-24",1258,7336526,1001,6389361,29,590495,1277,3392117,802,486982,2079,3879099,4368,3640.71,18195553,14316454,0
"2022-08-25",1212,7337738,964,6390325,62,590557,1180,3393297,799,487781,1979,3881078,4217,3625.71,18199770,14318692,0
"2022-08-26",1173,7338911,1162,6391487,53,590610,1176,3394473,774,488555,1950,3883028,4338,3607.71,18204108,14321080,0
"2022-08-27",680,7339591,527,6392014,13,590623,669,3395142,402,488957,1071,3884099,2291,3620,18206399,14322300,0
"2022-08-28",371,7339962,232,6392246,10,590633,443,3395585,222,489179,665,3884764,1278,3624.71,18207677,14322913,0
"2022-08-29",1143,7341105,908,6393154,40,590673,1113,3396698,603,489782,1716,3886480,3808,3562.14,18211485,14325005,0
"2022-08-30",1225,7342330,923,6394077,35,590708,1244,3397942,764,490546,2008,3888488,4191,3498.71,18215676,14327188,0
"2022-08-31",1128,7343458,980,6395057,43,590751,1080,3399022,565,491111,1645,3890133,3796,3417,18219472,14329339,0
"2022-09-01",989,7344447,925,6395982,50,590801,793,3399815,450,491561,1243,3891376,3207,3272.71,18222679,14331303,0
"2022-09-02",928,7345375,991,6396973,27,590828,577,3400392,175,491736,752,3892128,2698,3038.43,18225377,14333249,0
"2022-09-03",484,7345859,406,6397379,12,590840,359,3400751,50,491786,409,3892537,1311,2898.43,18226688,14334151,0
"2022-09-04",225,7346084,196,6397575,10,590850,189,3400940,32,491818,221,3892758,652,2809,18227340,14334582,0
"2022-09-05",73,7346157,66,6397641,7,590857,45,3400985,16,491834,61,3892819,207,2294.57,18227547,14334728,0
"2022-09-06",952,7347109,1131,6398772,48,590905,621,3401606,136,491970,757,3893576,2893,2109.14,18230440,14336864,0
"2022-09-07",832,7347941,954,6399726,38,590943,453,3402059,149,492119,602,3894178,2438,1915.14,18232878,14338700,0
"2022-09-08",705,7348646,686,6400412,36,590979,237,3402296,106,492225,343,3894521,1794,1713.29,18234672,14340151,0
"2022-09-09",706,7349352,986,6401398,49,591028,244,3402540,118,492343,362,3894883,2186,1640.14,18236858,14341975,0
"2022-09-10",386,7349738,539,6401937,12,591040,232,3402772,55,492398,287,3895170,1256,1632.29,18238114,14342944,0
"2022-09-11",167,7349905,196,6402133,11,591051,81,3402853,31,492429,112,3895282,504,1611.14,18238618,14343336,0
"2022-09-12",618,7350523,673,6402806,37,591088,187,3403040,91,492520,278,3895560,1667,1819.71,18240285,14344725,0
"2022-09-13",625,7351148,704,6403510,30,591118,211,3403251,110,492630,321,3895881,1780,1660.71,18242065,14346184,0
"2022-09-14",607,7351755,721,6404231,28,591146,209,3403460,119,492749,328,3896209,1802,1569.86,18243867,14347658,120000
"2022-09-15",649,7352404,645,6404876,17,591163,209,3403669,108,492857,317,3896526,1779,1567.71,18245646,14349120,120000
"2022-09-16",658,7353062,870,6405746,19,591182,238,3403907,152,493009,390,3896916,2160,1564,18247806,14350890,120000
"2022-09-17",262,7353324,451,6406197,9,591191,232,3404139,52,493061,284,3897200,1078,1538.57,18248884,14351684,120000
"2022-09-18",130,7353454,145,6406342,7,591198,53,3404192,22,493083,75,3897275,375,1520.14,18249259,14351984,120000
"2022-09-19",535,7353989,508,6406850,21,591219,202,3404394,87,493170,289,3897564,1410,1483.43,18250669,14353105,120000
"2022-09-20",239,7354228,215,6407065,8,591227,68,3404462,71,493241,139,3897703,660,1323.43,18251329,14353626,120000
