"DATE","ADMIN_DOSE1_DAILY","ADMIN_DOSE1_CUMULATIVE","ADMIN_DOSE2_DAILY","ADMIN_DOSE2_CUMULATIVE","ADMIN_SINGLE_DAILY","ADMIN_SINGLE_CUMULATIVE","ADMIN_ADDITIONAL1_DAILY","ADMIN_ADDITIONAL1_CUMULATIVE","ADMIN_ADDITIONAL2_DAILY","ADMIN_ADDITIONAL2_CUMULATIVE","ADMIN_ADDITIONAL_DAILY","ADMIN_ADDITIONAL_CUMULATIVE","ADMIN_ALLDOSES_DAILY","ADMIN_ALLDOSES_7DAYAVG","ADMIN_ALLDOSES_CUMULATIVE","INCOMPLETE"
"2020-12-14",79,79,0,0,0,0,0,0,0,0,0,0,79,,79,0
"2020-12-15",2051,2130,6,6,4,4,0,0,0,0,0,0,2061,,2140,0
"2020-12-16",4607,6737,14,20,1,5,1,1,0,0,1,1,4623,,6763,0
"2020-12-17",4657,11394,18,38,0,5,1,2,0,0,1,2,4676,,11439,0
"2020-12-18",5832,17226,18,56,2,7,2,4,0,0,2,4,5854,,17293,0
"2020-12-19",1689,18915,7,63,3,10,0,4,0,0,0,4,1699,,18992,0
"2020-12-20",1116,20031,2,65,1,11,0,4,0,0,0,4,1119,2873,20111,0
"2020-12-21",6341,26372,20,85,0,11,5,9,0,0,5,9,6366,3771.14,26477,0
"2020-12-22",9795,36167,26,111,2,13,1,10,0,0,1,10,9824,4880.14,36301,0
"2020-12-23",14273,50440,35,146,3,16,1,11,0,0,1,11,14312,6264.29,50613,0
"2020-12-24",7198,57638,25,171,1,17,0,11,0,0,0,11,7224,6628.29,57837,0
"2020-12-25",180,57818,0,171,0,17,1,12,0,0,1,12,181,5817.86,58018,0
"2020-12-26",4388,62206,45,216,0,17,1,13,0,0,1,13,4434,6208.57,62452,0
"2020-12-27",3870,66076,14,230,0,17,1,14,0,0,1,14,3885,6603.71,66337,0
"2020-12-28",10993,77069,49,279,1,18,2,16,0,0,2,16,11045,7272.14,77382,0
"2020-12-29",10718,87787,35,314,2,20,2,18,0,0,2,18,10757,7405.43,88139,0
"2020-12-30",12825,100612,45,359,0,20,0,18,0,0,0,18,12870,7199.43,101009,0
"2020-12-31",7262,107874,34,393,1,21,0,18,0,0,0,18,7297,7209.86,108306,0
"2021-01-01",181,108055,2,395,1,22,3,21,0,0,3,21,187,7210.71,108493,0
"2021-01-02",3809,111864,10,405,2,24,2,23,0,0,2,23,3823,7123.43,112316,0
"2021-01-03",3542,115406,24,429,2,26,1,24,0,0,1,24,3569,7078.29,115885,0
"2021-01-04",12255,127661,807,1236,2,28,6,30,0,0,6,30,13070,7367.57,128955,0
"2021-01-05",14091,141752,2191,3427,2,30,12,42,1,1,13,43,16297,8159,145252,0
"2021-01-06",17801,159553,3925,7352,1,31,29,71,8,9,37,80,21764,9429.57,167016,0
"2021-01-07",16551,176104,5171,12523,4,35,45,116,3,12,48,128,21774,11497.71,188790,0
"2021-01-08",16620,192724,5455,17978,0,35,33,149,4,16,37,165,22112,14629.86,210902,0
"2021-01-09",7652,200376,1462,19440,1,36,7,156,2,18,9,174,9124,15387.14,220026,0
"2021-01-10",7881,208257,983,20423,0,36,10,166,0,18,10,184,8874,16145,228900,0
"2021-01-11",25825,234082,7455,27878,2,38,48,214,8,26,56,240,33338,19040.43,262238,0
"2021-01-12",28258,262340,7859,35737,1,39,44,258,3,29,47,287,36165,21878.71,298403,0
"2021-01-13",31721,294061,9389,45126,1,40,56,314,4,33,60,347,41171,24651.14,339574,0
"2021-01-14",35815,329876,5317,50443,1,41,30,344,7,40,37,384,41170,27422,380744,0
"2021-01-15",29264,359140,3704,54147,2,43,32,376,5,45,37,421,33007,28978.43,413751,0
"2021-01-16",30289,389429,2377,56524,0,43,26,402,6,51,32,453,32698,32346.14,446449,0
"2021-01-17",23749,413178,1629,58153,0,43,19,421,1,52,20,473,25398,34706.71,471847,0
"2021-01-18",27105,440283,2412,60565,0,43,34,455,7,59,41,514,29558,34166.71,501405,0
"2021-01-19",34295,474578,9629,70194,1,44,69,524,6,65,75,589,44000,35286,545405,0
"2021-01-20",34868,509446,9494,79688,1,45,58,582,4,69,62,651,44425,35750.86,589830,0
"2021-01-21",25591,535037,8093,87781,2,47,48,630,5,74,53,704,33739,34689.29,623569,0
"2021-01-22",24755,559792,4382,92163,1,48,32,662,7,81,39,743,29177,34142.14,652746,0
"2021-01-23",15744,575536,3224,95387,0,48,9,671,2,83,11,754,18979,32182.29,671725,0
"2021-01-24",7179,582715,3452,98839,0,48,20,691,1,84,21,775,10652,30075.71,682377,0
"2021-01-25",13412,596127,11819,110658,0,48,65,756,12,96,77,852,25308,29468.57,707685,0
"2021-01-26",16765,612892,10751,121409,0,48,68,824,2,98,70,922,27586,27123.71,735271,0
"2021-01-27",20836,633728,12356,133765,0,48,52,876,8,106,60,982,33252,25527.57,768523,0
"2021-01-28",30764,664492,12847,146612,0,48,81,957,16,122,97,1079,43708,26951.71,812231,0
"2021-01-29",31693,696185,11507,158119,0,48,78,1035,10,132,88,1167,43288,28967.57,855519,0
"2021-01-30",18707,714892,3743,161862,0,48,20,1055,2,134,22,1189,22472,29466.57,877991,0
"2021-01-31",13017,727909,2923,164785,1,49,29,1084,4,138,33,1222,15974,30226.86,893965,0
"2021-02-01",1179,729088,5369,170154,4,53,35,1119,4,142,39,1261,6591,27553,900556,0
"2021-02-02",2827,731915,9475,179629,2,55,47,1166,4,146,51,1312,12355,25377.14,912911,0
"2021-02-03",16348,748263,21246,200875,4,59,203,1369,19,165,222,1534,37820,26029.71,950731,0
"2021-02-04",27047,775310,19649,220524,3,62,200,1569,10,175,210,1744,46909,26487,997640,0
"2021-02-05",27593,802903,20039,240563,0,62,179,1748,15,190,194,1938,47826,27135.29,1045466,0
"2021-02-06",22991,825894,11246,251809,0,62,110,1858,12,202,122,2060,34359,28833.43,1079825,0
"2021-02-07",12042,837936,8282,260091,1,63,92,1950,13,215,105,2165,20430,29470,1100255,0
"2021-02-08",16959,854895,23520,283611,2,65,231,2181,34,249,265,2430,40746,34349.29,1141001,0
"2021-02-09",17189,872084,28110,311721,2,67,336,2517,42,291,378,2808,45679,39109.86,1186680,0
"2021-02-10",19591,891675,29311,341032,2,69,255,2772,49,340,304,3112,49208,40736.71,1235888,0
"2021-02-11",27848,919523,33472,374504,2,71,337,3109,57,397,394,3506,61716,42852,1297604,0
"2021-02-12",38393,957916,30800,405304,3,74,352,3461,38,435,390,3896,69586,45960.57,1367190,0
"2021-02-13",28005,985921,25315,430619,2,76,305,3766,52,487,357,4253,53679,48720.57,1420869,0
"2021-02-14",16280,1002201,23734,454353,0,76,262,4028,31,518,293,4546,40307,51560.14,1461176,0
"2021-02-15",12795,1014996,10529,464882,2,78,170,4198,23,541,193,4739,23519,49099.14,1484695,0
"2021-02-16",14241,1029237,26733,491615,0,78,320,4518,35,576,355,5094,41329,48477.71,1526024,0
"2021-02-17",16392,1045629,22197,513812,1,79,281,4799,37,613,318,5412,38908,47006.29,1564932,0
"2021-02-18",12151,1057780,24994,538806,21,100,288,5087,44,657,332,5744,37498,43546.57,1602430,0
"2021-02-19",13261,1071041,23938,562744,39,139,303,5390,44,701,347,6091,37585,38975,1640015,0
"2021-02-20",11354,1082395,26075,588819,6,145,325,5715,78,779,403,6494,37838,36712,1677853,0
"2021-02-21",6360,1088755,17420,606239,15,160,287,6002,44,823,331,6825,24126,34400.43,1701979,0
"2021-02-22",13044,1101799,11848,618087,2,162,125,6127,19,842,144,6969,25038,34617.43,1727017,0
"2021-02-23",25250,1127049,14145,632232,1,163,157,6284,34,876,191,7160,39587,34368.57,1766604,0
"2021-02-24",36359,1163408,20394,652626,0,163,228,6512,38,914,266,7426,57019,36955.86,1823623,0
"2021-02-25",54620,1218028,30394,683020,6,169,396,6908,63,977,459,7885,85479,43810.29,1909102,0
"2021-02-26",62866,1280894,31873,714893,4,173,412,7320,78,1055,490,8375,95233,52045.71,2004335,0
"2021-02-27",51301,1332195,22747,737640,47,220,333,7653,53,1108,386,8761,74481,57280.43,2078816,0
"2021-02-28",44590,1376785,13826,751466,7,227,204,7857,34,1142,238,8999,58661,62214,2137477,0
"2021-03-01",39321,1416106,12779,764245,10,237,165,8022,26,1168,191,9190,52301,66108.71,2189778,0
"2021-03-02",47084,1463190,12576,776821,7,244,161,8183,14,1182,175,9365,59842,69002.29,2249620,0
"2021-03-03",48606,1511796,16155,792976,17,261,147,8330,21,1203,168,9533,64946,70134.71,2314566,0
"2021-03-04",59821,1571617,22821,815797,1092,1353,270,8600,34,1237,304,9837,84038,69928.86,2398604,0
"2021-03-05",60989,1632606,24283,840080,3109,4462,333,8933,35,1272,368,10205,88749,69002.57,2487353,0
"2021-03-06",47175,1679781,18884,858964,5451,9913,239,9172,36,1308,275,10480,71785,68617.43,2559138,0
"2021-03-07",36041,1715822,14883,873847,6246,16159,229,9401,20,1328,249,10729,57419,68440,2616557,0
"2021-03-08",39629,1755451,14681,888528,8563,24722,313,9714,91,1419,404,11133,63277,70008,2679834,0
"2021-03-09",39106,1794557,12856,901384,7762,32484,180,9894,33,1452,213,11346,59937,70021.57,2739771,0
"2021-03-10",51832,1846389,15353,916737,5066,37550,226,10120,32,1484,258,11604,72509,71102,2812280,0
"2021-03-11",59991,1906380,21821,938558,4619,42169,247,10367,49,1533,296,11900,86727,71486.14,2899007,0
"2021-03-12",52202,1958582,30314,968872,4183,46352,374,10741,84,1617,458,12358,87157,71258.71,2986164,0
"2021-03-13",40654,1999236,26686,995558,5110,51462,323,11064,51,1668,374,12732,72824,71407.14,3058988,0
"2021-03-14",30718,2029954,15969,1011527,4525,55987,242,11306,27,1695,269,13001,51481,70558.86,3110469,0
"2021-03-15",33591,2063545,17256,1028783,4712,60699,235,11541,33,1728,268,13269,55827,69494.57,3166296,0
"2021-03-16",38674,2102219,20512,1049295,4926,65625,257,11798,35,1763,292,13561,64404,70132.71,3230700,0
"2021-03-17",42622,2144841,24794,1074089,4244,69869,342,12140,37,1800,379,13940,72039,70065.57,3302739,0
"2021-03-18",50451,2195292,26809,1100898,5237,75106,366,12506,60,1860,426,14366,82923,69522.14,3385662,0
"2021-03-19",47796,2243088,29960,1130858,5624,80730,390,12896,71,1931,461,14827,83841,69048.43,3469503,0
"2021-03-20",38713,2281801,25839,1156697,4687,85417,296,13192,59,1990,355,15182,69594,68587,3539097,0
"2021-03-21",29304,2311105,19356,1176053,769,86186,223,13415,44,2034,267,15449,49696,68332,3588793,0
"2021-03-22",33867,2344972,26744,1202797,4037,90223,261,13676,37,2071,298,15747,64946,69634.71,3653739,0
"2021-03-23",38434,2383406,32846,1235643,4219,94442,293,13969,55,2126,348,16095,75847,71269.43,3729586,0
"2021-03-24",41498,2424904,37606,1273249,4848,99290,329,14298,62,2188,391,16486,84343,73027.14,3813929,0
"2021-03-25",43405,2468309,50805,1324054,5055,104345,472,14770,86,2274,558,17044,99823,75441.43,3913752,0
"2021-03-26",38503,2506812,55520,1379574,4309,108654,525,15295,97,2371,622,17666,98954,77600.43,4012706,0
"2021-03-27",35737,2542549,45758,1425332,2939,111593,416,15711,83,2454,499,18165,84933,79791.71,4097639,0
"2021-03-28",26391,2568940,34458,1459790,1482,113075,335,16046,65,2519,400,18565,62731,81653.86,4160370,0
"2021-03-29",34817,2603757,38871,1498661,3246,116321,344,16390,110,2629,454,19019,77388,83431.29,4237758,0
"2021-03-30",40514,2644271,41925,1540586,3715,120036,338,16728,65,2694,403,19422,86557,84961.29,4324315,0
"2021-03-31",49400,2693671,44871,1585457,7440,127476,402,17130,88,2782,490,19912,102201,87512.43,4426516,0
"2021-04-01",50782,2744453,53955,1639412,11276,138752,498,17628,84,2866,582,20494,116595,89908.43,4543111,0
"2021-04-02",43760,2788213,53887,1693299,11971,150723,549,18177,73,2939,622,21116,110240,91520.71,4653351,0
"2021-04-03",39253,2827466,39219,1732518,9860,160583,333,18510,58,2997,391,21507,88723,92062.14,4742074,0
"2021-04-04",26558,2854024,24788,1757306,3903,164486,224,18734,49,3046,273,21780,55522,91032.29,4797596,0
"2021-04-05",41888,2895912,34488,1791794,11198,175684,371,19105,60,3106,431,22211,88005,92549,4885601,0
"2021-04-06",53271,2949183,35616,1827410,13220,188904,428,19533,74,3180,502,22713,102609,94842.14,4988210,0
"2021-04-07",55512,3004695,40703,1868113,14391,203295,394,19927,80,3260,474,23187,111080,96110.57,5099290,0
"2021-04-08",59266,3063961,46598,1914711,16342,219637,518,20445,85,3345,603,23790,122809,96998.29,5222099,0
"2021-04-09",56653,3120614,44962,1959673,17558,237195,513,20958,76,3421,589,24379,119762,98358.57,5341861,0
"2021-04-10",49346,3169960,35650,1995323,12727,249922,387,21345,61,3482,448,24827,98171,99708.29,5440032,0
"2021-04-11",38182,3208142,28821,2024144,7682,257604,294,21639,57,3539,351,25178,75036,102496,5515068,0
"2021-04-12",46638,3254780,31846,2055990,13502,271106,466,22105,64,3603,530,25708,92516,103140.43,5607584,0
"2021-04-13",52549,3307329,33791,2089781,368,271474,393,22498,62,3665,455,26163,87163,100933.86,5694747,0
"2021-04-14",50149,3357478,39959,2129740,20,271494,368,22866,72,3737,440,26603,90568,98003.57,5785315,0
"2021-04-15",52122,3409600,43682,2173422,16,271510,454,23320,104,3841,558,27161,96378,94227.71,5881693,0
"2021-04-16",51191,3460791,42214,2215636,32,271542,425,23745,68,3909,493,27654,93930,90537.43,5975623,0
"2021-04-17",43840,3504631,35694,2251330,3,271545,364,24109,83,3992,447,28101,79984,87939.29,6055607,0
"2021-04-18",28608,3533239,29372,2280702,7,271552,251,24360,62,4054,313,28414,58300,85548.43,6113907,0
"2021-04-19",37472,3570711,36451,2317153,22,271574,322,24682,64,4118,386,28800,74331,82950.57,6188238,0
"2021-04-20",40814,3611525,39627,2356780,19,271593,315,24997,78,4196,393,29193,80853,82049.14,6269091,0
"2021-04-21",38901,3650426,46019,2402799,16,271609,494,25491,97,4293,591,29784,85527,81329,6354618,0
"2021-04-22",38494,3688920,48966,2451765,9,271618,335,25826,74,4367,409,30193,87878,80114.71,6442496,0
"2021-04-23",39697,3728617,44383,2496148,3,271621,347,26173,73,4440,420,30613,84503,78768,6526999,0
"2021-04-24",31949,3760566,41604,2537752,44,271665,276,26449,63,4503,339,30952,73936,77904,6600935,0
"2021-04-25",18425,3778991,31226,2568978,86,271751,195,26644,57,4560,252,31204,49989,76716.71,6650924,0
"2021-04-26",26971,3805962,40738,2609716,1013,272764,284,26928,85,4645,369,31573,69091,75968.14,6720015,0
"2021-04-27",28580,3834542,47145,2656861,1698,274462,345,27273,91,4736,436,32009,77859,75540.43,6797874,0
"2021-04-28",27037,3861579,56846,2713707,2148,276610,427,27700,100,4836,527,32536,86558,75687.71,6884432,0
"2021-04-29",28613,3890192,57202,2770909,2149,278759,367,28067,100,4936,467,33003,88431,75766.71,6972863,0
"2021-04-30",30123,3920315,51996,2822905,2055,280814,280,28347,72,5008,352,33355,84526,75770,7057389,0
"2021-05-01",22479,3942794,44540,2867445,1177,281991,233,28580,64,5072,297,33652,68493,74992.43,7125882,0
"2021-05-02",11925,3954719,36655,2904100,1081,283072,139,28719,55,5127,194,33846,49855,74973.29,7175737,0
"2021-05-03",18024,3972743,53033,2957133,2383,285455,251,28970,92,5219,343,34189,73783,75643.57,7249520,0
"2021-05-04",22738,3995481,56645,3013778,2330,287785,269,29239,115,5334,384,34573,82097,76249,7331617,0
"2021-05-05",21475,4016956,48768,3062546,2313,290098,308,29547,100,5434,408,34981,72964,74307,7404581,0
"2021-05-06",20680,4037636,50183,3112729,2508,292606,269,29816,87,5521,356,35337,73727,72206.43,7478308,0
"2021-05-07",21253,4058889,52097,3164826,2813,295419,307,30123,75,5596,382,35719,76545,71066.29,7554853,0
"2021-05-08",16632,4075521,41869,3206695,1835,297254,230,30353,68,5664,298,36017,60634,69943.57,7615487,0
"2021-05-09",7974,4083495,29414,3236109,1260,298514,147,30500,56,5720,203,36220,38851,68371.57,7654338,0
"2021-05-10",14387,4097882,38535,3274644,2355,300869,233,30733,90,5810,323,36543,55600,65774,7709938,0
"2021-05-11",19913,4117795,43064,3317708,2514,303383,281,31014,85,5895,366,36909,65857,63454,7775795,0
"2021-05-12",17813,4135608,40549,3358257,3596,306979,227,31241,78,5973,305,37214,62263,61925.29,7838058,0
"2021-05-13",24975,4160583,40433,3398690,3230,310209,259,31500,75,6048,334,37548,68972,61246,7907030,0
"2021-05-14",27040,4187623,42925,3441615,3537,313746,264,31764,94,6142,358,37906,73860,60862.43,7980890,0
"2021-05-15",23651,4211274,34920,3476535,3365,317111,253,32017,75,6217,328,38234,62264,61095.29,8043154,0
"2021-05-16",15526,4226800,19454,3495989,2496,319607,121,32138,45,6262,166,38400,37642,60922.57,8080796,0
"2021-05-17",22674,4249474,29145,3525134,3256,322863,177,32315,67,6329,244,38644,55319,60882.43,8136115,0
"2021-05-18",24640,4274114,31913,3557047,3406,326269,236,32551,72,6401,308,38952,60267,60083.86,8196382,0
"2021-05-19",24191,4298305,29723,3586770,3041,329310,224,32775,47,6448,271,39223,57226,59364.29,8253608,0
"2021-05-20",24155,4322460,30101,3616871,3163,332473,259,33034,86,6534,345,39568,57764,57763.14,8311372,0
"2021-05-21",24679,4347139,32004,3648875,3056,335529,243,33277,58,6592,301,39869,60040,55788.86,8371412,0
"2021-05-22",20022,4367161,24362,3673237,2525,338054,164,33441,49,6641,213,40082,47122,53625.71,8418534,0
"2021-05-23",11234,4378395,13733,3686970,1411,339465,92,33533,32,6673,124,40206,26502,52034.29,8445036,0
"2021-05-24",18878,4397273,23157,3710127,2756,342221,213,33746,55,6728,268,40474,45059,50568.57,8490095,0
"2021-05-25",19432,4416705,23381,3733508,2602,344823,171,33917,57,6785,228,40702,45643,48479.43,8535738,0
"2021-05-26",18784,4435489,21091,3754599,2696,347519,199,34116,48,6833,247,40949,42818,46421.14,8578556,0
"2021-05-27",18472,4453961,21278,3775877,2529,350048,181,34297,59,6892,240,41189,42519,44243.29,8621075,0
"2021-05-28",17863,4471824,22888,3798765,2751,352799,185,34482,53,6945,238,41427,43740,41914.71,8664815,0
"2021-05-29",12709,4484533,17810,3816575,1755,354554,106,34588,39,6984,145,41572,32419,39814.29,8697234,0
"2021-05-30",7030,4491563,8950,3825525,1074,355628,48,34636,17,7001,65,41637,17119,38473.86,8714353,0
"2021-05-31",4742,4496305,6925,3832450,1012,356640,64,34700,17,7018,81,41718,12760,33859.71,8727113,0
"2021-06-01",16047,4512352,25199,3857649,2177,358817,151,34851,43,7061,194,41912,43617,33570.29,8770730,0
"2021-06-02",15355,4527707,20391,3878040,2095,360912,139,34990,48,7109,187,42099,38028,32886,8808758,0
"2021-06-03",15007,4542714,23825,3901865,2281,363193,127,35117,43,7152,170,42269,41283,32709.43,8850041,0
"2021-06-04",14723,4557437,26001,3927866,2492,365685,142,35259,41,7193,183,42452,43399,32660.71,8893440,0
"2021-06-05",10994,4568431,22091,3949957,1806,367491,115,35374,28,7221,143,42595,35034,33034.29,8928474,0
"2021-06-06",6445,4574876,14484,3964441,1222,368713,88,35462,13,7234,101,42696,22252,33767.57,8950726,0
"2021-06-07",11706,4586582,21783,3986224,2378,371091,138,35600,37,7271,175,42871,36042,37093.57,8986768,0
"2021-06-08",12636,4599218,24028,4010252,2072,373163,120,35720,46,7317,166,43037,38902,36420,9025670,0
"2021-06-09",11137,4610355,23030,4033282,2299,375462,134,35854,39,7356,173,43210,36639,36221.57,9062309,0
"2021-06-10",12067,4622422,22235,4055517,2462,377924,140,35994,58,7414,198,43408,36962,35604.29,9099271,0
"2021-06-11",12712,4635134,25119,4080636,2484,380408,156,36150,58,7472,214,43622,40529,35194.29,9139800,0
"2021-06-12",10167,4645301,19313,4099949,1888,382296,94,36244,42,7514,136,43758,31504,34690,9171304,0
"2021-06-13",4257,4649558,10936,4110885,1219,383515,41,36285,22,7536,63,43821,16475,33864.71,9187779,0
"2021-06-14",10210,4659768,19240,4130125,2043,385558,127,36412,51,7587,178,43999,31671,33240.29,9219450,0
"2021-06-15",11887,4671655,21014,4151139,1943,387501,131,36543,40,7627,171,44170,35015,32685,9254465,0
"2021-06-16",11587,4683242,19412,4170551,1957,389458,140,36683,68,7695,208,44378,33164,32188.57,9287629,0
"2021-06-17",11026,4694268,18762,4189313,1973,391431,122,36805,35,7730,157,44535,31918,31468,9319547,0
"2021-06-18",12168,4706436,18502,4207815,2116,393547,112,36917,36,7766,148,44683,32934,30383,9352481,0
"2021-06-19",8498,4714934,13518,4221333,1459,395006,83,37000,21,7787,104,44787,23579,29250.86,9376060,0
"2021-06-20",4336,4719270,7158,4228491,924,395930,36,37036,17,7804,53,44840,12471,28678.86,9388531,0
"2021-06-21",10162,4729432,10011,4238502,1807,397737,68,37104,27,7831,95,44935,22075,27308,9410606,0
"2021-06-22",9837,4739269,15641,4254143,1589,399326,105,37209,28,7859,133,45068,27200,26191.57,9437806,0
"2021-06-23",10313,4749582,15189,4269332,1863,401189,102,37311,30,7889,132,45200,27497,25382,9465303,0
"2021-06-24",9687,4759269,14699,4284031,1799,402988,119,37430,25,7914,144,45344,26329,24583.57,9491632,0
"2021-06-25",10591,4769860,14386,4298417,1721,404709,111,37541,38,7952,149,45493,26847,23714,9518479,0
"2021-06-26",7803,4777663,10463,4308880,1251,405960,74,37615,24,7976,98,45591,19615,23147.71,9538094,0
"2021-06-27",5001,4782664,6002,4314882,795,406755,33,37648,14,7990,47,45638,11845,23058.29,9549939,0
"2021-06-28",9036,4791700,10346,4325228,1526,408281,107,37755,26,8016,133,45771,21041,22910.57,9570980,0
"2021-06-29",9745,4801445,12320,4337548,1347,409628,122,37877,31,8047,153,45924,23565,22391.29,9594545,0
"2021-06-30",9435,4810880,10929,4348477,1486,411114,147,38024,16,8063,163,46087,22013,21607.86,9616558,0
"2021-07-01",9399,4820279,10932,4359409,1434,412548,123,38147,24,8087,147,46234,21912,20976.86,9638470,0
"2021-07-02",9694,4829973,11451,4370860,1541,414089,118,38265,22,8109,140,46374,22826,20402.43,9661296,0
"2021-07-03",7056,4837029,8423,4379283,1193,415282,75,38340,17,8126,92,46466,16764,19995.14,9678060,0
"2021-07-04",1288,4838317,1335,4380618,567,415849,9,38349,3,8129,12,46478,3202,18760.43,9681262,0
"2021-07-05",6498,4844815,7105,4387723,1208,417057,63,38412,22,8151,85,46563,14896,17882.57,9696158,0
"2021-07-06",9513,4854328,12851,4400574,1316,418373,114,38526,37,8188,151,46714,23831,17920.57,9719989,0
"2021-07-07",8669,4862997,11108,4411682,1419,419792,121,38647,19,8207,140,46854,21336,17823.86,9741325,0
"2021-07-08",8210,4871207,10193,4421875,1260,421052,107,38754,21,8228,128,46982,19791,17520.86,9761116,0
"2021-07-09",8376,4879583,10832,4432707,1278,422330,90,38844,18,8246,108,47090,20594,17202,9781710,0
"2021-07-10",7104,4886687,8633,4441340,1132,423462,62,38906,20,8266,82,47172,16951,17228.71,9798661,0
"2021-07-11",4105,4890792,4540,4445880,703,424165,34,38940,6,8272,40,47212,9388,18112.43,9808049,0
"2021-07-12",8448,4899240,9559,4455439,1251,425416,82,39022,23,8295,105,47317,19363,18750.57,9827412,0
"2021-07-13",9460,4908700,9394,4464833,952,426368,105,39127,34,8329,139,47456,19945,18195.43,9847357,0
"2021-07-14",9000,4917700,9532,4474365,1011,427379,105,39232,21,8350,126,47582,19669,17957.29,9867026,0
"2021-07-15",8790,4926490,9156,4483521,1054,428433,81,39313,19,8369,100,47682,19100,17858.57,9886126,0
"2021-07-16",9242,4935732,9762,4493283,980,429413,102,39415,30,8399,132,47814,20116,17790.29,9906242,0
"2021-07-17",6842,4942574,7387,4500670,803,430216,80,39495,19,8418,99,47913,15131,17530.29,9921373,0
"2021-07-18",4256,4946830,4284,4504954,576,430792,35,39530,13,8431,48,47961,9164,17498.29,9930537,0
"2021-07-19",9121,4955951,8477,4513431,999,431791,91,39621,22,8453,113,48074,18710,17405,9949247,0
"2021-07-20",10649,4966600,8759,4522190,991,432782,94,39715,25,8478,119,48193,20518,17486.86,9969765,0
"2021-07-21",10049,4976649,8766,4530956,903,433685,145,39860,33,8511,178,48371,19896,17519.29,9989661,0
"2021-07-22",10687,4987336,8587,4539543,1046,434731,144,40004,25,8536,169,48540,20489,17717.71,10010150,0
"2021-07-23",11253,4998589,8881,4548424,1114,435845,137,40141,23,8559,160,48700,21408,17902.29,10031558,0
"2021-07-24",7403,5005992,6738,4555162,670,436515,82,40223,24,8583,106,48806,14917,17871.71,10046475,0
"2021-07-25",5479,5011471,2125,4557287,509,437024,57,40280,4,8587,61,48867,8174,17730.29,10054649,0
"2021-07-26",10872,5022343,7004,4564291,859,437883,109,40389,20,8607,129,48996,18864,17752.29,10073513,0
"2021-07-27",12054,5034397,8570,4572861,857,438740,134,40523,38,8645,172,49168,21653,17914.43,10095166,0
"2021-07-28",11992,5046389,8051,4580912,950,439690,131,40654,25,8670,156,49324,21149,18093.43,10116315,0
"2021-07-29",10936,5057325,7431,4588343,984,440674,133,40787,39,8709,172,49496,19523,17955.43,10135838,0
"2021-07-30",14954,5072279,8014,4596357,1150,441824,180,40967,31,8740,211,49707,24329,18372.71,10160167,0
"2021-07-31",9726,5082005,6315,4602672,816,442640,120,41087,20,8760,140,49847,16997,18669.86,10177164,0
"2021-08-01",6503,5088508,3309,4605981,564,443204,81,41168,20,8780,101,49948,10477,18998.86,10187641,0
"2021-08-02",13451,5101959,7155,4613136,848,444052,143,41311,17,8797,160,50108,21614,19391.71,10209255,0
"2021-08-03",15412,5117371,8388,4621524,1109,445161,144,41455,37,8834,181,50289,25090,19882.71,10234345,0
"2021-08-04",17264,5134635,8126,4629650,1454,446615,181,41636,34,8868,215,50504,27059,20727,10261404,0
"2021-08-05",17867,5152502,7932,4637582,1367,447982,161,41797,19,8887,180,50684,27346,21844.57,10288750,0
"2021-08-06",18174,5170676,8412,4645994,1233,449215,164,41961,32,8919,196,50880,28015,22371.14,10316765,0
"2021-08-07",13387,5184063,6014,4652008,799,450014,99,42060,28,8947,127,51007,20327,22846.86,10337092,0
"2021-08-08",9309,5193372,3835,4655843,400,450414,82,42142,10,8957,92,51099,13636,23298.14,10350728,0
"2021-08-09",21345,5214717,8528,4664371,964,451378,167,42309,34,8991,201,51300,31038,24644.43,10381766,0
"2021-08-10",18920,5233637,9328,4673699,947,452325,177,42486,33,9024,210,51510,29405,25260.86,10411171,0
"2021-08-11",15651,5249288,8306,4682005,853,453178,129,42615,45,9069,174,51684,24984,24964.43,10436155,0
"2021-08-12",15042,5264330,8981,4690986,940,454118,171,42786,36,9105,207,51891,25170,24653.57,10461325,0
"2021-08-13",14928,5279258,9289,4700275,920,455038,240,43026,37,9142,277,52168,25414,24282,10486739,0
"2021-08-14",10406,5289664,6406,4706681,625,455663,529,43555,40,9182,569,52737,18006,23950.43,10504745,0
"2021-08-15",6694,5296358,4480,4711161,676,456339,566,44121,32,9214,598,53335,12448,23780.71,10517193,0
"2021-08-16",15723,5312081,9301,4720462,1150,457489,1319,45440,64,9278,1383,54718,27557,23283.43,10544750,0
"2021-08-17",17771,5329852,10436,4730898,1225,458714,1764,47204,85,9363,1849,56567,31281,23551.43,10576031,0
"2021-08-18",17508,5347360,10362,4741260,1261,459975,1986,49190,94,9457,2080,58647,31211,24441,10607242,0
"2021-08-19",16300,5363660,9525,4750785,1315,461290,1949,51139,66,9523,2015,60662,29155,25010.29,10636397,0
"2021-08-20",16280,5379940,11537,4762322,1254,462544,1860,52999,83,9606,1943,62605,31014,25810.29,10667411,0
"2021-08-21",11149,5391089,8038,4770360,878,463422,1058,54057,56,9662,1114,63719,21179,26263.57,10688590,0
"2021-08-22",4081,5395170,3902,4774262,262,463684,513,54570,34,9696,547,64266,8792,25741.29,10697382,0
"2021-08-23",15584,5410754,11798,4786060,1023,464707,1547,56117,74,9770,1621,65887,30026,26094,10727408,0
"2021-08-24",16916,5427670,12593,4798653,1006,465713,1774,57891,77,9847,1851,67738,32366,26249,10759774,0
"2021-08-25",14588,5442258,12444,4811097,1111,466824,1564,59455,76,9923,1640,69378,29783,26045,10789557,0
"2021-08-26",16164,5458422,14085,4825182,1072,467896,1770,61225,67,9990,1837,71215,33158,26616.86,10822715,0
"2021-08-27",14883,5473305,14820,4840002,971,468867,1669,62894,73,10063,1742,72957,32416,26817.14,10855131,0
"2021-08-28",10682,5483987,11522,4851524,835,469702,1014,63908,45,10108,1059,74016,24098,27234.14,10879229,0
"2021-08-29",7218,5491205,7495,4859019,541,470243,778,64686,57,10165,835,74851,16089,28276.57,10895318,0
"2021-08-30",15523,5506728,16926,4875945,1077,471320,1792,66478,85,10250,1877,76728,35403,29044.71,10930721,0
"2021-08-31",15524,5522252,15952,4891897,951,472271,1970,68448,86,10336,2056,78784,34483,29347.14,10965204,0
"2021-09-01",14834,5537086,14100,4905997,1021,473292,1808,70256,60,10396,1868,80652,31823,29638.57,10997027,0
"2021-09-02",14331,5551417,12520,4918517,896,474188,1704,71960,61,10457,1765,82417,29512,29117.71,11026539,0
"2021-09-03",15019,5566436,14306,4932823,974,475162,1893,73853,69,10526,1962,84379,32261,29095.57,11058800,0
"2021-09-04",9647,5576083,9406,4942229,688,475850,974,74827,34,10560,1008,85387,20749,28617.14,11079549,0
"2021-09-05",6803,5582886,5515,4947744,438,476288,710,75537,16,10576,726,86113,13482,28244.71,11093031,0
"2021-09-06",5196,5588082,4513,4952257,358,476646,270,75807,11,10587,281,86394,10348,24665.43,11103379,0
"2021-09-07",15577,5603659,17703,4969960,912,477558,1554,77361,87,10674,1641,88035,35833,24858.29,11139212,0
"2021-09-08",16166,5619825,14824,4984784,1072,478630,1768,79129,83,10757,1851,89886,33913,25156.86,11173125,0
"2021-09-09",16113,5635938,14752,4999536,1047,479677,1912,81041,73,10830,1985,91871,33897,25783.29,11207022,0
"2021-09-10",18377,5654315,15391,5014927,1208,480885,1970,83011,81,10911,2051,93922,37027,26464.14,11244049,0
"2021-09-11",12639,5666954,10347,5025274,958,481843,1027,84038,48,10959,1075,94997,25019,27074.14,11269068,0
"2021-09-12",8540,5675494,5052,5030326,766,482609,690,84728,29,10988,719,95716,15077,27302,11284145,0
"2021-09-13",16933,5692427,12960,5043286,976,483585,1651,86379,54,11042,1705,97421,32574,30477.14,11316719,0
"2021-09-14",16271,5708698,13675,5056961,886,484471,1594,87973,55,11097,1649,99070,32481,29998.29,11349200,0
"2021-09-15",15548,5724246,12880,5069841,727,485198,1565,89538,78,11175,1643,100713,30798,29553.29,11379998,0
"2021-09-16",15342,5739588,13910,5083751,1210,486408,1455,90993,66,11241,1521,102234,31983,29279.86,11411981,0
"2021-09-17",14438,5754026,13963,5097714,922,487330,1827,92820,56,11297,1883,104117,31206,28448.29,11443187,0
"2021-09-18",10002,5764028,10178,5107892,913,488243,1046,93866,41,11338,1087,105204,22180,28042.71,11465367,0
"2021-09-19",6179,5770207,6071,5113963,558,488801,747,94613,29,11367,776,105980,13584,27829.43,11478951,0
"2021-09-20",12676,5782883,12629,5126592,1068,489869,1920,96533,59,11426,1979,107959,28352,27226.29,11507303,0
"2021-09-21",12235,5795118,12772,5139364,1109,490978,2020,98553,78,11504,2098,110057,28214,26616.71,11535517,0
"2021-09-22",12823,5807941,12008,5151372,1090,492068,1681,100234,67,11571,1748,111805,27669,26169.71,11563186,0
"2021-09-23",14944,5822885,12757,5164129,1639,493707,2265,102499,72,11643,2337,114142,31677,26126,11594863,0
"2021-09-24",16451,5839336,13369,5177498,1636,495343,4624,107123,113,11756,4737,118879,36193,26838.43,11631056,0
"2021-09-25",10541,5849877,9025,5186523,1018,496361,3462,110585,75,11831,3537,122416,24121,27115.71,11655177,0
"2021-09-26",6304,5856181,5759,5192282,773,497134,2425,113010,55,11886,2480,124896,15316,27363.14,11670493,0
"2021-09-27",14164,5870345,8053,5200335,1155,498289,9062,122072,157,12043,9219,134115,32591,27968.71,11703084,0
"2021-09-28",11148,5881493,11778,5212113,902,499191,9914,131986,174,12217,10088,144203,33916,28783.29,11737000,0
"2021-09-29",11608,5893101,12194,5224307,1205,500396,9454,141440,162,12379,9616,153819,34623,29776.71,11771623,0
"2021-09-30",12240,5905341,12606,5236913,1338,501734,9747,151187,172,12551,9919,163738,36103,30409,11807726,0
"2021-10-01",12649,5917990,13431,5250344,1284,503018,10266,161453,147,12698,10413,174151,37777,30635.29,11845503,0
"2021-10-02",7732,5925722,9975,5260319,865,503883,4242,165695,75,12773,4317,178468,22889,30459.29,11868392,0
"2021-10-03",5077,5930799,6156,5266475,593,504476,2613,168308,56,12829,2669,181137,14495,30342,11882887,0
"2021-10-04",9908,5940707,11023,5277498,913,505389,9522,177830,142,12971,9664,190801,31508,30187.29,11914395,0
"2021-10-05",10162,5950869,11740,5289238,972,506361,9933,187763,174,13145,10107,200908,32981,30053.71,11947376,0
"2021-10-06",9916,5960785,11060,5300298,937,507298,9932,197695,154,13299,10086,210994,31999,29678.86,11979375,0
"2021-10-07",9664,5970449,12197,5312495,853,508151,10190,207885,170,13469,10360,221354,33074,29246.14,12012449,0
"2021-10-08",9459,5979908,12174,5324669,942,509093,10906,218791,162,13631,11068,232422,33643,28655.57,12046092,0
"2021-10-09",6258,5986166,8277,5332946,649,509742,4121,222912,89,13720,4210,236632,19394,28156.29,12065486,0
"2021-10-10",3543,5989709,5029,5337975,458,510200,2434,225346,42,13762,2476,239108,11506,27729.29,12076992,0
"2021-10-11",7622,5997331,9331,5347306,728,510928,8889,234235,157,13919,9046,248154,26727,27046.29,12103719,0
"2021-10-12",8078,6005409,10998,5358304,891,511819,10512,244747,179,14098,10691,258845,30658,26714.43,12134377,0
"2021-10-13",7153,6012562,10150,5368454,869,512688,8799,253546,176,14274,8975,267820,27147,26021.29,12161524,0
"2021-10-14",7445,6020007,11114,5379568,836,513524,10115,263661,160,14434,10275,278095,29670,25535,12191194,0
"2021-10-15",7726,6027733,11863,5391431,823,514347,10821,274482,164,14598,10985,289080,31397,25214.14,12222591,0
"2021-10-16",4865,6032598,7468,5398899,666,515013,3843,278325,65,14663,3908,292988,16907,24858.86,12239498,0
"2021-10-17",3061,6035659,4473,5403372,411,515424,2452,280777,41,14704,2493,295481,10438,24706.29,12249936,0
"2021-10-18",7051,6042710,10665,5414037,796,516220,9484,290261,172,14876,9656,305137,28168,24912.14,12278104,0
"2021-10-19",6576,6049286,8945,5422982,804,517024,9089,299350,168,15044,9257,314394,25582,24187,12303686,0
"2021-10-20",6534,6055820,9375,5432357,975,517999,9987,309337,172,15216,10159,324553,27043,24172.14,12330729,0
"2021-10-21",7028,6062848,9385,5441742,858,518857,10843,320180,150,15366,10993,335546,28264,23971.29,12358993,0
"2021-10-22",8129,6070977,10341,5452083,1026,519883,16348,336528,209,15575,16557,352103,36053,24636.43,12395046,0
"2021-10-23",5171,6076148,6457,5458540,690,520573,9123,345651,112,15687,9235,361338,21553,25300.14,12416599,0
"2021-10-24",3276,6079424,3972,5462512,769,521342,6153,351804,75,15762,6228,367566,14245,25844,12430844,0
"2021-10-25",8773,6088197,8738,5471250,1150,522492,19251,371055,288,16050,19539,387105,38200,27277.14,12469044,0
"2021-10-26",8204,6096401,7722,5478972,1258,523750,17289,388344,258,16308,17547,404652,34731,28584.14,12503775,0
"2021-10-27",10565,6106966,8393,5487365,1604,525354,20856,409200,307,16615,21163,425815,41725,30681.57,12545500,0
"2021-10-28",11330,6118296,8038,5495403,1793,527147,20845,430045,310,16925,21155,446970,42316,32689,12587816,0
"2021-10-29",11841,6130137,8239,5503642,1956,529103,22534,452579,315,17240,22849,469819,44885,33950.71,12632701,0
"2021-10-30",4629,6134766,5058,5508700,930,530033,11170,463749,160,17400,11330,481149,21947,34007,12654648,0
"2021-10-31",2665,6137431,2702,5511402,544,530577,6637,470386,97,17497,6734,487883,12645,33778.43,12667293,0
"2021-11-01",7140,6144571,6955,5518357,1089,531666,20383,490769,317,17814,20700,508583,35884,33447.57,12703177,0
"2021-11-02",6586,6151157,6594,5524951,1054,532720,20779,511548,261,18075,21040,529623,35274,33525.14,12738451,0
"2021-11-03",6853,6158010,6679,5531630,1026,533746,20631,532179,299,18374,20930,550553,35488,32634.14,12773939,0
"2021-11-04",9315,6167325,6280,5537910,995,534741,22361,554540,342,18716,22703,573256,39293,32202.29,12813232,0
"2021-11-05",11064,6178389,6724,5544634,1051,535792,23758,578298,345,19061,24103,597359,42942,31924.71,12856174,0
"2021-11-06",11135,6189524,4052,5548686,594,536386,12588,590886,164,19225,12752,610111,28533,32865.57,12884707,0
"2021-11-07",7258,6196782,2287,5550973,577,536963,7106,597992,92,19317,7198,617309,17320,33533.43,12902027,0
"2021-11-08",15059,6211841,5678,5556651,865,537828,19510,617502,272,19589,19782,637091,41384,34319.14,12943411,0
"2021-11-09",16156,6227997,5390,5562041,660,538488,20513,638015,267,19856,20780,657871,42986,35420.86,12986397,0
"2021-11-10",16933,6244930,5325,5567366,683,539171,22645,660660,289,20145,22934,680805,45875,36904.71,13032272,0
"2021-11-11",12579,6257509,5189,5572555,759,539930,22081,682741,279,20424,22360,703165,40887,37132.43,13073159,0
"2021-11-12",16900,6274409,5688,5578243,705,540635,23392,706133,350,20774,23742,726907,47035,37717.14,13120194,0
"2021-11-13",9944,6284353,3663,5581906,463,541098,13324,719457,179,20953,13503,740410,27573,37580,13147767,0
"2021-11-14",6014,6290367,2292,5584198,325,541423,7932,727389,76,21029,8008,748418,16639,37482.71,13164406,0
"2021-11-15",13224,6303591,5975,5590173,690,542113,25106,752495,350,21379,25456,773874,45345,38048.57,13209751,0
"2021-11-16",9971,6313562,5782,5595955,656,542769,30667,783162,415,21794,31082,804956,47491,38692.14,13257242,0
"2021-11-17",10314,6323876,6674,5602629,681,543450,31418,814580,402,22196,31820,836776,49489,39208.43,13306731,0
"2021-11-18",10736,6334612,6544,5609173,858,544308,33015,847595,437,22633,33452,870228,51590,40737.43,13358321,0
"2021-11-19",12029,6346641,6550,5615723,715,545023,36243,883838,443,23076,36686,906914,55980,42015.29,13414301,0
"2021-11-20",9333,6355974,3418,5619141,513,545536,22513,906351,248,23324,22761,929675,36025,43222.71,13450326,0
"2021-11-21",4954,6360928,1888,5621029,288,545824,13201,919552,145,23469,13346,943021,20476,43770.86,13470802,0
"2021-11-22",10447,6371375,5792,5626821,751,546575,35919,955471,431,23900,36350,979371,53340,44913,13524142,0
"2021-11-23",9809,6381184,4783,5631604,636,547211,33508,988979,362,24262,33870,1013241,49098,45142.57,13573240,0
"2021-11-24",8713,6389897,4752,5636356,651,547862,25918,1014897,278,24540,26196,1039437,40312,43831.57,13613552,0
"2021-11-25",448,6390345,326,5636682,80,547942,1003,1015900,9,24549,1012,1040449,1866,36728.14,13615418,0
"2021-11-26",8063,6398408,6991,5643673,528,548470,26590,1042490,284,24833,26874,1067323,42456,34796.14,13657874,0
"2021-11-27",6687,6405095,6838,5650511,371,548841,18837,1061327,218,25051,19055,1086378,32951,34357,13690825,0
"2021-11-28",4087,6409182,5795,5656306,282,549123,11886,1073213,116,25167,12002,1098380,22166,34598.43,13712991,0
"2021-11-29",9131,6418313,10999,5667305,687,549810,35068,1108281,418,25585,35486,1133866,56303,35021.71,13769294,0
"2021-11-30",10522,6428835,11439,5678744,513,550323,37781,1146062,479,26064,38260,1172126,60734,36684,13830028,0
"2021-12-01",11204,6440039,10988,5689732,724,551047,40346,1186408,430,26494,40776,1212902,63692,40024,13893720,0
"2021-12-02",11672,6451711,11041,5700773,627,551674,42158,1228566,441,26935,42599,1255501,65939,49177.29,13959659,0
"2021-12-03",13508,6465219,12890,5713663,675,552349,47926,1276492,509,27444,48435,1303936,75508,53899,14035167,0
"2021-12-04",9861,6475080,11295,5724958,567,552916,30677,1307169,296,27740,30973,1334909,52696,56719.71,14087863,0
"2021-12-05",5762,6480842,5707,5730665,271,553187,16659,1323828,124,27864,16783,1351692,28523,57627.86,14116386,0
"2021-12-06",12355,6493197,9962,5740627,600,553787,43237,1367065,432,28296,43669,1395361,66586,59096.86,14182972,0
"2021-12-07",12606,6505803,9261,5749888,625,554412,43030,1410095,489,28785,43519,1438880,66011,59850.71,14248983,0
"2021-12-08",13544,6519347,8778,5758666,555,554967,40784,1450879,459,29244,41243,1480123,64120,59911.86,14313103,0
"2021-12-09",13516,6532863,8756,5767422,554,555521,40809,1491688,481,29725,41290,1521413,64116,59651.43,14377219,0
"2021-12-10",14048,6546911,10145,5777567,670,556191,43665,1535353,482,30207,44147,1565560,69010,58723.14,14446229,0
"2021-12-11",10284,6557195,8125,5785692,405,556596,26695,1562048,273,30480,26968,1592528,45782,57735.43,14492011,0
"2021-12-12",6021,6563216,3855,5789547,290,556886,15169,1577217,130,30610,15299,1607827,25465,57298.57,14517476,0
"2021-12-13",12249,6575465,7427,5796974,658,557544,37872,1615089,385,30995,38257,1646084,58591,56156.43,14576067,0
"2021-12-14",12239,6587704,6959,5803933,731,558275,38148,1653237,418,31413,38566,1684650,58495,55082.71,14634562,0
"2021-12-15",12120,6599824,6242,5810175,755,559030,38126,1691363,479,31892,38605,1723255,57722,54168.71,14692284,0
"2021-12-16",13142,6612966,4272,5814447,740,559770,41048,1732411,433,32325,41481,1764736,59635,53528.57,14751919,0
"2021-12-17",15960,6628926,6931,5821378,620,560390,46768,1779179,465,32790,47233,1811969,70744,53776.29,14822663,0
"2021-12-18",13036,6641962,5717,5827095,432,560822,30613,1809792,266,33056,30879,1842848,50064,54388,14872727,0
"2021-12-19",7023,6648985,2995,5830090,327,561149,18006,1827798,169,33225,18175,1861023,28520,54824.43,14901247,0
"2021-12-20",16875,6665860,5867,5835957,746,561895,47441,1875239,556,33781,47997,1909020,71485,56666.43,14972732,0
"2021-12-21",17984,6683844,6573,5842530,806,562701,48912,1924151,572,34353,49484,1958504,74847,59002.43,15047579,0
"2021-12-22",18552,6702396,6561,5849091,939,563640,49670,1973821,517,34870,50187,2008691,76239,61647.71,15123818,0
"2021-12-23",19049,6721445,6481,5855572,930,564570,45827,2019648,510,35380,46337,2055028,72797,63528,15196615,0
"2021-12-24",9248,6730693,2956,5858528,598,565168,20591,2040239,209,35589,20800,2075828,33602,58222,15230217,0
"2021-12-25",344,6731037,63,5858591,31,565199,427,2040666,8,35597,435,2076263,873,51194.71,15231090,0
"2021-12-26",7971,6739008,3930,5862521,340,565539,17280,2057946,171,35768,17451,2093714,29692,51362.14,15260782,0
"2021-12-27",21794,6760802,9205,5871726,933,566472,43441,2101387,537,36305,43978,2137692,75910,51994.29,15336692,0
"2021-12-28",20173,6780975,8327,5880053,699,567171,47574,2148961,596,36901,48170,2185862,77369,52354.57,15414061,0
"2021-12-29",18512,6799487,7670,5887723,607,567778,45566,2194527,473,37374,46039,2231901,72828,51867.29,15486889,0
"2021-12-30",16894,6816381,7420,5895143,587,568365,44846,2239373,570,37944,45416,2277317,70317,51513,15557206,0
"2021-12-31",5359,6821740,2809,5897952,193,568558,14769,2254142,176,38120,14945,2292262,23306,50042.14,15580512,0
"2022-01-01",243,6821983,147,5898099,12,568570,501,2254643,21,38141,522,2292784,924,50049.43,15581436,0
"2022-01-02",6434,6828417,5022,5903121,153,568723,10974,2265617,110,38251,11084,2303868,22693,49049.57,15604129,0
"2022-01-03",14135,6842552,8498,5911619,514,569237,26926,2292543,319,38570,27245,2331113,50392,45404.14,15654521,0
"2022-01-04",12883,6855435,8106,5919725,414,569651,27179,2319722,348,38918,27527,2358640,48930,41341.43,15703451,0
"2022-01-05",11443,6866878,7001,5926726,382,570033,25895,2345617,300,39218,26195,2384835,45021,37369,15748472,0
"2022-01-06",11485,6878363,7386,5934112,483,570516,27519,2373136,326,39544,27845,2412680,47199,34066.43,15795671,0
"2022-01-07",10393,6888756,8421,5942533,338,570854,25020,2398156,310,39854,25330,2438010,44482,37091.57,15840153,0
"2022-01-08",7873,6896629,8569,5951102,310,571164,19451,2417607,175,40029,19626,2457636,36378,42156.43,15876531,0
"2022-01-09",4133,6900762,3843,5954945,214,571378,10061,2427668,91,40120,10152,2467788,18342,41534.86,15894873,0
"2022-01-10",10184,6910946,8191,5963136,490,571868,24600,2452268,295,40415,24895,2492683,43760,40587.43,15938633,0
"2022-01-11",8898,6919844,8000,5971136,521,572389,21025,2473293,277,40692,21302,2513985,38721,39129,15977354,0
"2022-01-12",8936,6928780,8318,5979454,427,572816,22337,2495630,285,40977,22622,2536607,40303,38455,16017657,0
"2022-01-13",9045,6937825,8867,5988321,451,573267,22874,2518504,311,41288,23185,2559792,41548,37647.71,16059205,0
"2022-01-14",10111,6947936,8117,5996438,476,573743,26440,2544944,314,41602,26754,2586546,45458,37787.14,16104663,0
"2022-01-15",6209,6954145,4310,6000748,178,573921,15145,2560089,173,41775,15318,2601864,26015,36306.71,16130678,0
"2022-01-16",2921,6957066,3248,6003996,95,574016,7824,2567913,82,41857,7906,2609770,14170,35710.71,16144848,0
"2022-01-17",6083,6963149,6758,6010754,363,574379,14677,2582590,214,42071,14891,2624661,28095,33472.86,16172943,0
"2022-01-18",8168,6971317,10317,6021071,396,574775,19660,2602250,316,42387,19976,2644637,38857,33492.29,16211800,0
"2022-01-19",7469,6978786,9251,6030322,304,575079,17716,2619966,267,42654,17983,2662620,35007,32735.71,16246807,0
"2022-01-20",6281,6985067,8562,6038884,305,575384,15249,2635215,241,42895,15490,2678110,30638,31177.14,16277445,0
"2022-01-21",7577,6992644,7504,6046388,276,575660,18506,2653721,279,43174,18785,2696895,34142,29560.57,16311587,0
"2022-01-22",5192,6997836,4939,6051327,131,575791,11317,2665038,125,43299,11442,2708337,21704,28944.71,16333291,0
"2022-01-23",2811,7000647,3326,6054653,97,575888,6231,2671269,75,43374,6306,2714643,12540,28711.86,16345831,0
"2022-01-24",6372,7007019,8204,6062857,262,576150,15073,2686342,234,43608,15307,2729950,30145,29004.71,16375976,0
"2022-01-25",6187,7013206,7937,6070794,233,576383,14690,2701032,256,43864,14946,2744896,29303,27639.86,16405279,0
"2022-01-26",5756,7018962,7175,6077969,289,576672,14013,2715045,207,44071,14220,2759116,27440,26558.86,16432719,0
"2022-01-27",5259,7024221,7096,6085065,321,576993,14080,2729125,228,44299,14308,2773424,26984,26036.86,16459703,0
"2022-01-28",6261,7030482,7871,6092936,203,577196,16132,2745257,233,44532,16365,2789789,30700,25545.14,16490403,0
"2022-01-29",842,7031324,728,6093664,28,577224,2537,2747794,39,44571,2576,2792365,4174,23040.86,16494577,0
"2022-01-30",2096,7033420,3022,6096686,103,577327,4536,2752330,63,44634,4599,2796964,9820,22652.29,16504397,0
"2022-01-31",5009,7038429,6595,6103281,220,577547,11378,2763708,197,44831,11575,2808539,23399,21688.57,16527796,0
"2022-02-01",4836,7043265,6436,6109717,219,577766,10710,2774418,218,45049,10928,2819467,22419,20705.14,16550215,0
"2022-02-02",4258,7047523,5930,6115647,213,577979,11235,2785653,236,45285,11471,2830938,21872,19909.71,16572087,0
"2022-02-03",4228,7051751,5812,6121459,216,578195,11217,2796870,199,45484,11416,2842354,21672,19150.86,16593759,0
"2022-02-04",4771,7056522,7114,6128573,214,578409,13214,2810084,235,45719,13449,2855803,25548,18414.86,16619307,0
"2022-02-05",3586,7060108,6051,6134624,110,578519,8573,2818657,149,45868,8722,2864525,18469,20457,16637776,0
"2022-02-06",2063,7062171,2134,6136758,121,578640,4638,2823295,102,45970,4740,2869265,9058,20348.14,16646834,0
"2022-02-07",4159,7066330,4726,6141484,205,578845,10132,2833427,231,46201,10363,2879628,19453,19784.43,16666287,0
"2022-02-08",4222,7070552,5608,6147092,214,579059,11329,2844756,300,46501,11629,2891257,21673,19677.86,16687960,0
"2022-02-09",4138,7074690,5404,6152496,222,579281,11661,2856417,251,46752,11912,2903169,21676,19649.86,16709636,0
"2022-02-10",3999,7078689,5121,6157617,245,579526,12196,2868613,282,47034,12478,2915647,21843,19674.29,16731479,0
"2022-02-11",4521,7083210,5806,6163423,195,579721,13732,2882345,312,47346,14044,2929691,24566,19534,16756045,0
"2022-02-12",3258,7086468,4340,6167763,97,579818,8809,2891154,213,47559,9022,2938713,16717,19283.71,16772762,0
"2022-02-13",1522,7087990,1542,6169305,41,579859,4882,2896036,107,47666,4989,2943702,8094,19146,16780856,0
"2022-02-14",2985,7090975,3626,6172931,167,580026,10567,2906603,323,47989,10890,2954592,17668,18891,16798524,0
"2022-02-15",3559,7094534,4069,6177000,175,580201,12783,2919386,279,48268,13062,2967654,20865,18775.57,16819389,0
"2022-02-16",3665,7098199,3902,6180902,200,580401,15719,2935105,291,48559,16010,2983664,23777,19075.71,16843166,0
"2022-02-17",4037,7102236,4081,6184983,162,580563,18270,2953375,357,48916,18627,3002291,26907,19799.14,16870073,0
"2022-02-18",4476,7106712,4783,6189766,190,580753,21533,2974908,448,49364,21981,3024272,31430,20779.71,16901503,0
"2022-02-19",3257,7109969,2178,6191944,65,580818,11178,2986086,217,49581,11395,3035667,16895,20805.14,16918398,0
"2022-02-20",1862,7111831,1446,6193390,59,580877,6577,2992663,112,49693,6689,3042356,10056,21085.43,16928454,0
"2022-02-21",3087,7114918,2695,6196085,95,580972,8349,3001012,225,49918,8574,3050930,14451,20625.86,16942905,0
"2022-02-22",4383,7119301,4247,6200332,175,581147,10835,3011847,248,50166,11083,3062013,19888,20486.29,16962793,0
"2022-02-23",4268,7123569,3791,6204123,145,581292,10664,3022511,238,50404,10902,3072915,19106,19819,16981899,0
"2022-02-24",3799,7127368,3656,6207779,108,581400,10188,3032699,229,50633,10417,3083332,17980,18543.71,16999879,0
"2022-02-25",3619,7130987,3621,6211400,134,581534,9981,3042680,234,50867,10215,3093547,17589,16566.43,17017468,0
"2022-02-26",2838,7133825,2577,6213977,74,581608,9516,3052196,152,51019,9668,3103215,15157,16318.14,17032625,0
"2022-02-27",1774,7135599,1370,6215347,52,581660,6268,3058464,100,51119,6368,3109583,9564,16247.86,17042189,0
"2022-02-28",3805,7139404,3131,6218478,141,581801,13130,3071594,247,51366,13377,3122960,20454,17105.43,17062643,0
"2022-03-01",2138,7141542,2627,6221105,103,581904,5170,3076764,183,51549,5353,3128313,10221,15724.43,17072864,0
"2022-03-02",1842,7143384,2440,6223545,106,582010,4128,3080892,207,51756,4335,3132648,8723,14241.14,17081587,0
"2022-03-03",1935,7145319,2554,6226099,106,582116,3797,3084689,168,51924,3965,3136613,8560,12895.43,17090147,0
"2022-03-04",2122,7147441,2872,6228971,66,582182,4328,3089017,207,52131,4535,3141148,9595,11753.43,17099742,0
"2022-03-05",1612,7149053,2124,6231095,43,582225,3318,3092335,115,52246,3433,3144581,7212,10618.43,17106954,0
"2022-03-06",799,7149852,879,6231974,30,582255,1622,3093957,55,52301,1677,3146258,3385,9735.71,17110339,0
"2022-03-07",1669,7151521,1786,6233760,86,582341,3496,3097453,161,52462,3657,3149915,7198,7842,17117537,0
"2022-03-08",1550,7153071,1893,6235653,79,582420,3124,3100577,149,52611,3273,3153188,6795,7352.57,17124332,0
"2022-03-09",1269,7154340,1677,6237330,79,582499,2584,3103161,130,52741,2714,3155902,5739,6926.29,17130071,0
"2022-03-10",1421,7155761,2097,6239427,85,582584,2956,3106117,163,52904,3119,3159021,6722,6663.71,17136793,0
"2022-03-11",1603,7157364,2272,6241699,81,582665,3213,3109330,187,53091,3400,3162421,7356,6343.86,17144149,0
"2022-03-12",879,7158243,1414,6243113,40,582705,2005,3111335,75,53166,2080,3164501,4413,5944,17148562,0
"2022-03-13",626,7158869,757,6243870,27,582732,1292,3112627,47,53213,1339,3165840,2749,5853.14,17151311,0
"2022-03-14",1374,7160243,1607,6245477,83,582815,2988,3115615,205,53418,3193,3169033,6257,5718.71,17157568,0
"2022-03-15",1361,7161604,1925,6247402,63,582878,3066,3118681,230,53648,3296,3172329,6645,5697.29,17164213,0
"2022-03-16",1402,7163006,2066,6249468,94,582972,3132,3121813,296,53944,3428,3175757,6990,5876,17171203,0
"2022-03-17",1186,7164192,1806,6251274,70,583042,2758,3124571,266,54210,3024,3178781,6086,5785.14,17177289,0
"2022-03-18",1595,7165787,2216,6253490,80,583122,3769,3128340,415,54625,4184,3182965,8075,5887.86,17185364,0
"2022-03-19",1113,7166900,1735,6255225,54,583176,2598,3130938,226,54851,2824,3185789,5726,6075.43,17191090,0
"2022-03-20",614,7167514,627,6255852,33,583209,1462,3132400,186,55037,1648,3187437,2922,6100.14,17194012,0
"2022-03-21",1421,7168935,1550,6257402,72,583281,3056,3135456,355,55392,3411,3190848,6454,6128.29,17200466,0
"2022-03-22",1341,7170276,1554,6258956,101,583382,2904,3138360,343,55735,3247,3194095,6243,6070.86,17206709,0
"2022-03-23",1263,7171539,1361,6260317,66,583448,2917,3141277,374,56109,3291,3197386,5981,5926.71,17212690,0
"2022-03-24",1210,7172749,1299,6261616,90,583538,2520,3143797,266,56375,2786,3200172,5385,5826.57,17218075,0
"2022-03-25",1391,7174140,1629,6263245,62,583600,3264,3147061,379,56754,3643,3203815,6725,5633.71,17224800,0
"2022-03-26",928,7175068,1162,6264407,36,583636,2304,3149365,250,57004,2554,3206369,4680,5484.29,17229480,0
"2022-03-27",574,7175642,528,6264935,29,583665,1312,3150677,204,57208,1516,3207885,2647,5445,17232127,0
"2022-03-28",1087,7176729,1165,6266100,69,583734,2437,3153114,364,57572,2801,3210686,5122,5254.71,17237249,0
"2022-03-29",1052,7177781,1104,6267204,85,583819,2515,3155629,880,58452,3395,3214081,5636,5168,17242885,0
"2022-03-30",1250,7179031,1143,6268347,98,583917,3067,3158696,3400,61852,6467,3220548,8958,5593.29,17251843,0
"2022-03-31",1290,7180321,1262,6269609,57,583974,3166,3161862,5500,67352,8666,3229214,11275,6434.71,17263118,0
"2022-04-01",1434,7181755,1498,6271107,76,584050,3250,3165112,6897,74249,10147,3239361,13155,7353.29,17276273,0
"2022-04-02",913,7182668,914,6272021,33,584083,2095,3167207,4523,78772,6618,3245979,8478,7895.86,17284751,0
"2022-04-03",560,7183228,500,6272521,28,584111,1222,3168429,3052,81824,4274,3250253,5362,8283.71,17290113,0
"2022-04-04",1355,7184583,1308,6273829,61,584172,2736,3171165,7692,89516,10428,3260681,13152,9430.86,17303265,0
"2022-04-05",1305,7185888,1165,6274994,66,584238,2856,3174021,7478,96994,10334,3271015,12870,10464.29,17316135,0
"2022-04-06",1344,7187232,1185,6276179,61,584299,2624,3176645,6946,103940,9570,3280585,12160,10921.71,17328295,0
"2022-04-07",1215,7188447,1068,6277247,57,584356,2377,3179022,6599,110539,8976,3289561,11316,10927.57,17339611,0
"2022-04-08",1493,7189940,1405,6278652,62,584418,3172,3182194,8774,119313,11946,3301507,14906,11177.71,17354517,0
"2022-04-09",921,7190861,924,6279576,29,584447,2077,3184271,4940,124253,7017,3308524,8891,11236.71,17363408,0
"2022-04-10",586,7191447,461,6280037,25,584472,1171,3185442,2891,127144,4062,3312586,5134,11204.14,17368542,0
"2022-04-11",1326,7192773,1240,6281277,59,584531,2667,3188109,7785,134929,10452,3323038,13077,11193.43,17381619,0
"2022-04-12",1219,7193992,1065,6282342,73,584604,2529,3190638,7399,142328,9928,3332966,12285,11109.86,17393904,0
"2022-04-13",1249,7195241,1084,6283426,59,584663,2512,3193150,7529,149857,10041,3343007,12433,11148.86,17406337,0
"2022-04-14",1278,7196519,1103,6284529,59,584722,2438,3195588,6567,156424,9005,3352012,11445,11167.29,17417782,0
"2022-04-15",1349,7197868,1100,6285629,53,584775,2566,3198154,6611,163035,9177,3361189,11679,10706.29,17429461,0
"2022-04-16",868,7198736,656,6286285,33,584808,1642,3199796,3673,166708,5315,3366504,6872,10417.86,17436333,0
"2022-04-17",347,7199083,202,6286487,27,584835,639,3200435,1154,167862,1793,3368297,2369,10022.86,17438702,0
"2022-04-18",1393,7200476,1120,6287607,82,584917,2585,3203020,6409,174271,8994,3377291,11589,9810.29,17450291,0
"2022-04-19",1419,7201895,940,6288547,72,584989,2575,3205595,5736,180007,8311,3385602,10742,9589.86,17461033,0
"2022-04-20",1318,7203213,1149,6289696,65,585054,2680,3208275,6614,186621,9294,3394896,11826,9503.14,17472859,0
"2022-04-21",1229,7204442,1063,6290759,53,585107,2330,3210605,5331,191952,7661,3402557,10006,9297.57,17482865,0
"2022-04-22",1219,7205661,1026,6291785,46,585153,2203,3212808,5633,197585,7836,3410393,10127,9075.86,17492992,0
"2022-04-23",718,7206379,752,6292537,59,585212,1426,3214234,3344,200929,4770,3415163,6299,8994,17499291,0
"2022-04-24",443,7206822,339,6292876,27,585239,814,3215048,1808,202737,2622,3417785,3431,9145.71,17502722,0
"2022-04-25",1032,7207854,917,6293793,64,585303,1854,3216902,5085,207822,6939,3424724,8952,8769,17511674,0
"2022-04-26",949,7208803,859,6294652,76,585379,1754,3218656,4685,212507,6439,3431163,8323,8423.43,17519997,0
"2022-04-27",1041,7209844,1027,6295679,80,585459,1932,3220588,5197,217704,7129,3438292,9277,8059.29,17529274,0
"2022-04-28",1091,7210935,990,6296669,50,585509,2006,3222594,4723,222427,6729,3445021,8860,7895.57,17538134,0
"2022-04-29",1191,7212126,1109,6297778,60,585569,2161,3224755,5386,227813,7547,3452568,9907,7864.14,17548041,0
"2022-04-30",730,7212856,743,6298521,43,585612,1395,3226150,2951,230764,4346,3456914,5862,7801.71,17553903,0
"2022-05-01",448,7213304,366,6298887,20,585632,767,3226917,1654,232418,2421,3459335,3255,7776.57,17557158,0
"2022-05-02",1062,7214366,796,6299683,52,585684,1671,3228588,3812,236230,5483,3464818,7393,7553.86,17564551,0
"2022-05-03",1124,7215490,868,6300551,61,585745,1997,3230585,4852,241082,6849,3471667,8902,7636.57,17573453,0
"2022-05-04",1022,7216512,887,6301438,48,585793,1912,3232497,4628,245710,6540,3478207,8497,7525.14,17581950,0
"2022-05-05",1060,7217572,952,6302390,86,585879,1926,3234423,4862,250572,6788,3484995,8886,7528.86,17590836,0
"2022-05-06",1096,7218668,961,6303351,51,585930,1867,3236290,4382,254954,6249,3491244,8357,7307.43,17599193,0
"2022-05-07",662,7219330,591,6303942,32,585962,1204,3237494,2425,257379,3629,3494873,4914,7172,17604107,0
"2022-05-08",417,7219747,246,6304188,17,585979,667,3238161,1380,258759,2047,3496920,2727,7096.57,17606834,0
"2022-05-09",1087,7220834,949,6305137,60,586039,1887,3240048,4419,263178,6306,3503226,8402,7240.71,17615236,0
"2022-05-10",1098,7221932,939,6306076,54,586093,1988,3242036,4705,267883,6693,3509919,8784,7223.86,17624020,0
"2022-05-11",1095,7223027,981,6307057,44,586137,1941,3243977,4824,272707,6765,3516684,8885,7279.29,17632905,0
"2022-05-12",1105,7224132,952,6308009,59,586196,2004,3245981,4654,277361,6658,3523342,8774,7263.29,17641679,0
"2022-05-13",1165,7225297,1041,6309050,44,586240,2061,3248042,4781,282142,6842,3530184,9092,7368.29,17650771,0
"2022-05-14",832,7226129,671,6309721,31,586271,1472,3249514,2942,285084,4414,3534598,5948,7516,17656719,0
"2022-05-15",512,7226641,357,6310078,21,586292,923,3250437,1645,286729,2568,3537166,3458,7620.43,17660177,0
"2022-05-16",1232,7227873,862,6310940,62,586354,1827,3252264,3852,290581,5679,3542845,7835,7539.43,17668012,0
"2022-05-17",1299,7229172,929,6311869,79,586433,2053,3254317,4869,295450,6922,3549767,9229,7603,17677241,0
"2022-05-18",1251,7230423,903,6312772,82,586515,2063,3256380,4914,300364,6977,3556744,9213,7649.86,17686454,0
"2022-05-19",1172,7231595,880,6313652,35,586550,2118,3258498,4711,305075,6829,3563573,8916,7670.14,17695370,0
"2022-05-20",1205,7232800,961,6314613,74,586624,2366,3260864,5183,310258,7549,3571122,9789,7769.71,17705159,0
"2022-05-21",838,7233638,648,6315261,23,586647,1727,3262591,3285,313543,5012,3576134,6521,7851.57,17711680,0
"2022-05-22",514,7234152,291,6315552,22,586669,1135,3263726,1836,315379,2971,3579105,3798,7900.14,17715478,0
"2022-05-23",1229,7235381,892,6316444,47,586716,2187,3265913,4691,320070,6878,3585983,9046,8073.14,17724524,0
"2022-05-24",1435,7236816,941,6317385,66,586782,2295,3268208,4463,324533,6758,3592741,9200,8069,17733724,0
"2022-05-25",1442,7238258,959,6318344,56,586838,2263,3270471,4236,328769,6499,3599240,8956,8032.29,17742680,0
"2022-05-26",1184,7239442,874,6319218,60,586898,2261,3272732,4126,332895,6387,3605627,8505,7973.57,17751185,0
"2022-05-27",1259,7240701,960,6320178,38,586936,2491,3275223,3891,336786,6382,3612009,8639,7809.29,17759824,0
"2022-05-28",721,7241422,518,6320696,19,586955,1778,3277001,2060,338846,3838,3615847,5096,7605.71,17764920,0
"2022-05-29",476,7241898,217,6320913,11,586966,763,3277764,1116,339962,1879,3617726,2583,7432.14,17767503,0
"2022-05-30",92,7241990,57,6320970,6,586972,139,3277903,144,340106,283,3618009,438,6202.43,17767941,0
"2022-05-31",1144,7243134,916,6321886,51,587023,1881,3279784,3052,343158,4933,3622942,7044,5894.43,17774985,0
"2022-06-01",1160,7244294,848,6322734,63,587086,1965,3281749,3402,346560,5367,3628309,7438,5677.57,17782423,0
"2022-06-02",1035,7245329,804,6323538,72,587158,1823,3283572,3155,349715,4978,3633287,6889,5446.71,17789312,0
"2022-06-03",1171,7246500,893,6324431,47,587205,2054,3285626,3474,353189,5528,3638815,7639,5303.86,17796951,0
"2022-06-04",728,7247228,582,6325013,26,587231,1549,3287175,1892,355081,3441,3642256,4777,5258.29,17801728,0
"2022-06-05",450,7247678,298,6325311,1,587232,878,3288053,978,356059,1856,3644112,2605,5261.43,17804333,0
"2022-06-06",1127,7248805,831,6326142,64,587296,1752,3289805,2719,358778,4471,3648583,6493,6126.43,17810826,0
"2022-06-07",1030,7249835,769,6326911,70,587366,1767,3291572,2549,361327,4316,3652899,6185,6003.71,17817011,0
"2022-06-08",1096,7250931,836,6327747,75,587441,1867,3293439,2725,364052,4592,3657491,6599,5883.86,17823610,0
"2022-06-09",1145,7252076,840,6328587,61,587502,2213,3295652,2676,366728,4889,3662380,6935,5890.43,17830545,0
"2022-06-10",1055,7253131,817,6329404,75,587577,1882,3297534,2811,369539,4693,3667073,6640,5747.71,17837185,0
"2022-06-11",683,7253814,510,6329914,25,587602,1316,3298850,1500,371039,2816,3669889,4034,5641.57,17841219,0
"2022-06-12",351,7254165,286,6330200,20,587622,879,3299729,767,371806,1646,3671535,2303,5598.43,17843522,0
"2022-06-13",1038,7255203,766,6330966,63,587685,1568,3301297,2171,373977,3739,3675274,5606,5471.71,17849128,0
"2022-06-14",943,7256146,819,6331785,55,587740,1659,3302956,2484,376461,4143,3679417,5960,5439.57,17855088,0
"2022-06-15",980,7257126,855,6332640,39,587779,1638,3304594,2400,378861,4038,3683455,5912,5341.43,17861000,0
"2022-06-16",943,7258069,778,6333418,59,587838,1808,3306402,2342,381203,4150,3687605,5930,5197.86,17866930,0
"2022-06-17",903,7258972,792,6334210,44,587882,1746,3308148,2385,383588,4131,3691736,5870,5087.86,17872800,0
"2022-06-18",666,7259638,519,6334729,26,587908,1276,3309424,1289,384877,2565,3694301,3776,5051,17876576,0
"2022-06-19",354,7259992,236,6334965,16,587924,724,3310148,603,385480,1327,3695628,1933,4998.14,17878509,0
"2022-06-20",837,7260829,489,6335454,41,587965,1560,3311708,1608,387088,3168,3698796,4535,4845.14,17883044,0
"2022-06-21",1138,7261967,728,6336182,50,588015,1673,3313381,2116,389204,3789,3702585,5705,4808.71,17888749,0
"2022-06-22",1969,7263936,821,6337003,45,588060,1682,3315063,1977,391181,3659,3706244,6494,4891.86,17895243,0
"2022-06-23",2113,7266049,747,6337750,64,588124,1689,3316752,2140,393321,3829,3710073,6753,5009.43,17901996,0
"2022-06-24",2169,7268218,759,6338509,48,588172,1617,3318369,2132,395453,3749,3713822,6725,5131.57,17908721,0
"2022-06-25",2141,7270359,487,6338996,15,588187,1231,3319600,1132,396585,2363,3716185,5006,5307.29,17913727,0
"2022-06-26",1214,7271573,248,6339244,14,588201,679,3320279,529,397114,1208,3717393,2684,5414.57,17916411,0
"2022-06-27",1521,7273094,649,6339893,60,588261,1450,3321729,1603,398717,3053,3720446,5283,5521.43,17921694,0
"2022-06-28",1689,7274783,829,6340722,50,588311,1841,3323570,2117,400834,3958,3724404,6526,5638.71,17928220,0
"2022-06-29",1831,7276614,763,6341485,48,588359,1677,3325247,1912,402746,3589,3727993,6231,5601.14,17934451,0
"2022-06-30",1848,7278462,800,6342285,46,588405,1726,3326973,2089,404835,3815,3731808,6509,5566.29,17940960,0
"2022-07-01",1566,7280028,591,6342876,23,588428,1379,3328352,1714,406549,3093,3734901,5273,5358.86,17946233,0
"2022-07-02",971,7280999,378,6343254,16,588444,831,3329183,924,407473,1755,3736656,3120,5089.43,17949353,0
"2022-07-03",529,7281528,206,6343460,5,588449,459,3329642,482,407955,941,3737597,1681,4946.14,17951034,0
"2022-07-04",35,7281563,26,6343486,1,588450,30,3329672,38,407993,68,3737665,130,4210,17951164,0
"2022-07-05",1270,7282833,747,6344233,35,588485,1390,3331062,1725,409718,3115,3740780,5167,4015.86,17956331,0
"2022-07-06",1598,7284431,674,6344907,44,588529,1414,3332476,1793,411511,3207,3743987,5523,3914.71,17961854,0
"2022-07-07",1550,7285981,707,6345614,46,588575,1502,3333978,1965,413476,3467,3747454,5770,3809.14,17967624,0
"2022-07-08",1614,7287595,642,6346256,37,588612,1458,3335436,1955,415431,3413,3750867,5706,3871,17973330,0
"2022-07-09",978,7288573,406,6346662,25,588637,875,3336311,1337,416768,2212,3753079,3621,3942.57,17976951,0
"2022-07-10",643,7289216,184,6346846,17,588654,425,3336736,657,417425,1082,3754161,1926,3977.57,17978877,0
"2022-07-11",1368,7290584,624,6347470,49,588703,1419,3338155,2182,419607,3601,3757762,5642,4765,17984519,0
"2022-07-12",1387,7291971,681,6348151,45,588748,1385,3339540,2482,422089,3867,3761629,5980,4881.14,17990499,0
"2022-07-13",1583,7293554,720,6348871,35,588783,1472,3341012,2725,424814,4197,3765826,6535,5025.71,17997034,0
"2022-07-14",1552,7295106,830,6349701,47,588830,1574,3342586,3027,427841,4601,3770427,7030,5205.71,18004064,0
"2022-07-15",1585,7296691,916,6350617,42,588872,1544,3344130,3020,430861,4564,3774991,7107,5405.86,18011171,0
"2022-07-16",877,7297568,571,6351188,9,588881,962,3345092,1679,432540,2641,3777632,4098,5474,18015269,0
"2022-07-17",546,7298114,292,6351480,16,588897,526,3345618,1161,433701,1687,3779319,2541,5561.86,18017810,0
"2022-07-18",1373,7299487,831,6352311,43,588940,1408,3347026,2411,436112,3819,3783138,6066,5622.43,18023876,0
"2022-07-19",1420,7300907,961,6353272,48,588988,1524,3348550,2752,438864,4276,3787414,6705,5726,18030581,0
"2022-07-20",1362,7302269,1451,6354723,50,589038,1310,3349860,2335,441199,3645,3791059,6508,5722.14,18037089,0
"2022-07-21",1314,7303583,1412,6356135,45,589083,1365,3351225,2294,443493,3659,3794718,6430,5636.43,18043519,0
"2022-07-22",1408,7304991,1527,6357662,35,589118,1526,3352751,2801,446294,4327,3799045,7297,5663.57,18050816,0
"2022-07-23",900,7305891,1084,6358746,15,589133,985,3353736,1534,447828,2519,3801564,4518,5723.57,18055334,0
"2022-07-24",488,7306379,639,6359385,13,589146,494,3354230,797,448625,1291,3802855,2431,5707.86,18057765,0
"2022-07-25",1205,7307584,756,6360141,55,589201,1243,3355473,2020,450645,3263,3806118,5279,5595.43,18063044,0
"2022-07-26",1197,7308781,1004,6361145,37,589238,1431,3356904,2365,453010,3796,3809914,6034,5499.57,18069078,120000
"2022-07-27",1297,7310078,1248,6362393,40,589278,1364,3358268,2135,455145,3499,3813413,6084,5439,18075162,120000
"2022-07-28",1268,7311346,1361,6363754,66,589344,1321,3359589,2050,457195,3371,3816784,6066,5387,18081228,120000
"2022-07-29",1275,7312621,1386,6365140,60,589404,1295,3360884,2038,459233,3333,3820117,6054,5209.43,18087282,120000
"2022-07-30",702,7313323,670,6365810,23,589427,758,3361642,910,460143,1668,3821785,3063,5001.57,18090345,120000
"2022-07-31",400,7313723,566,6366376,12,589439,478,3362120,563,460706,1041,3822826,2019,4942.71,18092364,120000
"2022-08-01",438,7314161,375,6366751,10,589449,449,3362569,515,461221,964,3823790,1787,4443.86,18094151,120000
