"DATE","ADMIN_DOSE1_DAILY","ADMIN_DOSE1_CUMULATIVE","ADMIN_DOSE2_DAILY","ADMIN_DOSE2_CUMULATIVE","ADMIN_SINGLE_DAILY","ADMIN_SINGLE_CUMULATIVE","ADMIN_ADDITIONAL_DAILY","ADMIN_ADDITIONAL_CUMULATIVE","ADMIN_ALLDOSES_DAILY","ADMIN_ALLDOSES_7DAYAVG","ADMIN_ALLDOSES_CUMULATIVE","INCOMPLETE"
"2020-12-14",79,79,0,0,0,0,0,0,79,,79,0
"2020-12-15",2052,2131,5,5,4,4,0,0,2061,,2140,0
"2020-12-16",4601,6732,13,18,1,5,1,1,4616,,6756,0
"2020-12-17",4656,11388,17,35,0,5,1,2,4674,,11430,0
"2020-12-18",5833,17221,20,55,2,7,2,4,5857,,17287,0
"2020-12-19",1690,18911,6,61,3,10,0,4,1699,,18986,0
"2020-12-20",1115,20026,2,63,1,11,0,4,1118,2872,20104,0
"2020-12-21",6335,26361,17,80,1,12,5,9,6358,3769,26462,0
"2020-12-22",9799,36160,24,104,2,14,1,10,9826,4878.29,36288,0
"2020-12-23",14271,50431,35,139,3,17,1,11,14310,6263.14,50598,0
"2020-12-24",7202,57633,25,164,1,18,0,11,7228,6628,57826,0
"2020-12-25",180,57813,0,164,0,18,1,12,181,5817.14,58007,0
"2020-12-26",4394,62207,40,204,0,18,1,13,4435,6208,62442,0
"2020-12-27",3869,66076,13,217,0,18,0,13,3882,6602.86,66324,0
"2020-12-28",10995,77071,45,262,1,19,3,16,11044,7272.29,77368,0
"2020-12-29",10725,87796,30,292,2,21,2,18,10759,7405.57,88127,0
"2020-12-30",12841,100637,42,334,0,21,0,18,12883,7201.71,101010,0
"2020-12-31",7267,107904,31,365,1,22,0,18,7299,7211.86,108309,0
"2021-01-01",187,108091,2,367,1,23,3,21,193,7213.57,108502,0
"2021-01-02",3817,111908,10,377,2,25,1,22,3830,7127.14,112332,0
"2021-01-03",3543,115451,23,400,2,27,1,23,3569,7082.43,115901,0
"2021-01-04",12259,127710,805,1205,2,29,6,29,13072,7372.14,128973,0
"2021-01-05",14084,141794,2190,3395,2,31,10,39,16286,8161.71,145259,0
"2021-01-06",17815,159609,3918,7313,1,32,29,68,21763,9430.29,167022,0
"2021-01-07",16551,176160,5175,12488,4,36,44,112,21774,11498.14,188796,0
"2021-01-08",16629,192789,5452,17940,0,36,28,140,22109,14629,210905,0
"2021-01-09",7658,200447,1459,19399,1,37,8,148,9126,15385.57,220031,0
"2021-01-10",7902,208349,975,20374,0,37,9,157,8886,16145.14,228917,0
"2021-01-11",25854,234203,7447,27821,2,39,45,202,33348,19041.71,262265,0
"2021-01-12",28274,262477,7847,35668,1,40,43,245,36165,21881.57,298430,0
"2021-01-13",31742,294219,9367,45035,1,41,53,298,41163,24653,339593,0
"2021-01-14",35815,330034,5319,50354,2,43,25,323,41161,27422.57,380754,0
"2021-01-15",29281,359315,3707,54061,2,45,27,350,33017,28980.86,413771,0
"2021-01-16",30311,389626,2372,56433,0,45,22,372,32705,32349.29,446476,0
"2021-01-17",23797,413423,1604,58037,0,45,15,387,25416,34710.71,471892,0
"2021-01-18",27155,440578,2401,60438,0,45,34,421,29590,34173.86,501482,0
"2021-01-19",34331,474909,9611,70049,1,46,65,486,44008,35294.29,545490,0
"2021-01-20",34911,509820,9483,79532,1,47,57,543,44452,35764.14,589942,0
"2021-01-21",25632,535452,8084,87616,2,49,44,587,33762,34707.14,623704,0
"2021-01-22",24761,560213,4375,91991,1,50,27,614,29164,34156.71,652868,0
"2021-01-23",15743,575956,3218,95209,0,50,11,625,18972,32194.86,671840,0
"2021-01-24",7180,583136,3451,98660,0,50,14,639,10645,30084.71,682485,0
"2021-01-25",13420,596556,11803,110463,0,50,63,702,25286,29469.86,707771,0
"2021-01-26",16778,613334,10738,121201,0,50,63,765,27579,27122.86,735350,0
"2021-01-27",20853,634187,12344,133545,0,50,47,812,33244,25521.71,768594,0
"2021-01-28",30779,664966,12839,146384,0,50,72,884,43690,26940,812284,0
"2021-01-29",31711,696677,11482,157866,0,50,71,955,43264,28954.29,855548,0
"2021-01-30",18727,715404,3732,161598,0,50,19,974,22478,29455.14,878026,0
"2021-01-31",13036,728440,2906,164504,1,51,24,998,15967,30215.43,893993,0
"2021-02-01",1180,729620,5368,169872,3,54,33,1031,6584,27543.71,900577,0
"2021-02-02",2822,732442,9473,179345,2,56,47,1078,12344,25367.29,912921,0
"2021-02-03",16367,748809,21231,200576,4,60,191,1269,37793,26017.14,950714,0
"2021-02-04",27053,775862,19642,220218,3,63,190,1459,46888,26474,997602,0
"2021-02-05",27617,803479,20014,240232,0,63,171,1630,47802,27122.29,1045404,0
"2021-02-06",23000,826479,11236,251468,0,63,101,1731,34337,28816.43,1079741,0
"2021-02-07",12057,838536,8275,259743,1,64,81,1812,20414,29451.71,1100155,0
"2021-02-08",17016,855552,23488,283231,2,66,216,2028,40722,34328.57,1140877,0
"2021-02-09",17215,872767,28116,311347,2,68,306,2334,45639,39085,1186516,0
"2021-02-10",19613,892380,29315,340662,2,70,247,2581,49177,40711.29,1235693,0
"2021-02-11",27872,920252,33484,374146,2,72,316,2897,61674,42823.57,1297367,0
"2021-02-12",38439,958691,30784,404930,3,75,327,3224,69553,45930.86,1366920,0
"2021-02-13",28023,986714,25309,430239,2,77,293,3517,53627,48686.57,1420547,0
"2021-02-14",16308,1003022,23725,453964,0,77,243,3760,40276,51524,1460823,0
"2021-02-15",12807,1015829,10519,464483,1,78,157,3917,23484,49061.43,1484307,0
"2021-02-16",14266,1030095,26727,491210,0,78,300,4217,41293,48440.57,1525600,0
"2021-02-17",16423,1046518,22173,513383,1,79,265,4482,38862,46967,1564462,0
"2021-02-18",12173,1058691,24977,538360,21,100,269,4751,37440,43505,1601902,0
"2021-02-19",13292,1071983,23928,562288,39,139,279,5030,37538,38931.43,1639440,0
"2021-02-20",11360,1083343,26083,588371,6,145,310,5340,37759,36664.57,1677199,0
"2021-02-21",6364,1089707,17442,605813,15,160,266,5606,24087,34351.86,1701286,0
"2021-02-22",13047,1102754,11845,617658,2,162,117,5723,25011,34570,1726297,0
"2021-02-23",25247,1128001,14154,631812,1,163,151,5874,39553,34321.43,1765850,0
"2021-02-24",36366,1164367,20361,652173,0,163,203,6077,56930,36902.57,1822780,0
"2021-02-25",54626,1218993,30349,682522,6,169,373,6450,85354,43747.43,1908134,0
"2021-02-26",62916,1281909,31820,714342,4,173,377,6827,95117,51973,2003251,0
"2021-02-27",51333,1333242,22716,737058,47,220,312,7139,74408,57208.57,2077659,0
"2021-02-28",44630,1377872,13769,750827,6,226,188,7327,58593,62138,2136252,0
"2021-03-01",39322,1417194,12743,763570,9,235,158,7485,52232,66026.71,2188484,0
"2021-03-02",47090,1464284,12537,776107,7,242,149,7634,59783,68916.71,2248267,0
"2021-03-03",48615,1512899,16112,792219,17,259,141,7775,64885,70053.14,2313152,0
"2021-03-04",59852,1572751,22766,814985,1092,1351,256,8031,83966,69854.86,2397118,0
"2021-03-05",61016,1633767,24245,839230,3112,4463,313,8344,88686,68936.14,2485804,0
"2021-03-06",47182,1680949,18860,858090,5451,9914,225,8569,71718,68551.86,2557522,0
"2021-03-07",36061,1717010,14838,872928,6248,16162,219,8788,57366,68376.57,2614888,0
"2021-03-08",39629,1756639,14661,887589,8568,24730,297,9085,63155,69937,2678043,0
"2021-03-09",39113,1795752,12790,900379,7769,32499,171,9256,59843,69945.57,2737886,0
"2021-03-10",51849,1847601,15255,915634,5067,37566,202,9458,72373,71015.29,2810259,0
"2021-03-11",60016,1907617,21755,937389,4617,42183,234,9692,86622,71394.71,2896881,0
"2021-03-12",52222,1959839,30263,967652,4183,46366,359,10051,87027,71157.71,2983908,0
"2021-03-13",40674,2000513,26668,994320,5113,51479,302,10353,72757,71306.14,3056665,0
"2021-03-14",30729,2031242,15942,1010262,4533,56012,223,10576,51427,70457.71,3108092,0
"2021-03-15",33595,2064837,17209,1027471,4725,60737,224,10800,55753,69400.29,3163845,0
"2021-03-16",38702,2103539,20438,1047909,4927,65664,237,11037,64304,70037.57,3228149,0
"2021-03-17",42640,2146179,24740,1072649,4247,69911,308,11345,71935,69975,3300084,0
"2021-03-18",50496,2196675,26724,1099373,5243,75154,343,11688,82806,69429.86,3382890,0
"2021-03-19",47822,2244497,29880,1129253,5626,80780,360,12048,83688,68952.86,3466578,0
"2021-03-20",38725,2283222,25766,1155019,4692,85472,272,12320,69455,68481.14,3536033,0
"2021-03-21",29316,2312538,19295,1174314,770,86242,205,12525,49586,68218.14,3585619,0
"2021-03-22",33878,2346416,26665,1200979,4039,90281,256,12781,64838,69516,3650457,0
"2021-03-23",38445,2384861,32783,1233762,4222,94503,264,13045,75714,71146,3726171,0
"2021-03-24",41520,2426381,37517,1271279,4848,99351,301,13346,84186,72896.14,3810357,0
"2021-03-25",43440,2469821,50681,1321960,5051,104402,432,13778,99604,75295.86,3909961,0
"2021-03-26",38519,2508340,55395,1377355,4308,108710,496,14274,98718,77443,4008679,0
"2021-03-27",35763,2544103,45632,1422987,2941,111651,378,14652,84714,79622.86,4093393,0
"2021-03-28",26406,2570509,34345,1457332,1481,113132,311,14963,62543,81473.86,4155936,0
"2021-03-29",34846,2605355,38731,1496063,3249,116381,319,15282,77145,83232,4233081,0
"2021-03-30",40554,2645909,41840,1537903,3714,120095,304,15586,86412,84760.29,4319493,0
"2021-03-31",49430,2695339,44779,1582682,7443,127538,370,15956,102022,87308.29,4421515,0
"2021-04-01",50777,2746116,53924,1636606,11277,138815,468,16424,116446,89714.29,4537961,0
"2021-04-02",43773,2789889,53852,1690458,11977,150792,511,16935,110113,91342.14,4648074,0
"2021-04-03",39280,2829169,39164,1729622,9859,160651,322,17257,88625,91900.86,4736699,0
"2021-04-04",26567,2855736,24664,1754286,3901,164552,219,17476,55351,90873.43,4792050,0
"2021-04-05",41894,2897630,34397,1788683,11191,175743,348,17824,87830,92399.86,4879880,0
"2021-04-06",53300,2950930,35513,1824196,13217,188960,404,18228,102434,94688.71,4982314,0
"2021-04-07",55542,3006472,40647,1864843,14386,203346,374,18602,110949,95964,5093263,0
"2021-04-08",59292,3065764,46521,1911364,16337,219683,484,19086,122634,96848,5215897,0
"2021-04-09",56654,3122418,44908,1956272,17549,237232,482,19568,119593,98202.29,5335490,0
"2021-04-10",49381,3171799,35635,1991907,12732,249964,358,19926,98106,99556.71,5433596,0
"2021-04-11",38208,3210007,28809,2020716,7685,257649,269,20195,74971,102359.57,5508567,0
"2021-04-12",46657,3256664,31841,2052557,13495,271144,438,20633,92431,103016.86,5600998,0
"2021-04-13",52581,3309245,33770,2086327,369,271513,375,21008,87095,100825.57,5688093,0
"2021-04-14",50188,3359433,39945,2126272,20,271533,347,21355,90500,97904.29,5778593,0
"2021-04-15",52155,3411588,43676,2169948,15,271548,428,21783,96274,94138.57,5874867,0
"2021-04-16",51206,3462794,42226,2212174,32,271580,395,22178,93859,90462.29,5968726,0
"2021-04-17",43868,3506662,35686,2247860,3,271583,350,22528,79907,87862.43,6048633,0
"2021-04-18",28630,3535292,29376,2277236,7,271590,229,22757,58242,85472.57,6106875,0
"2021-04-19",37497,3572789,36439,2313675,22,271612,297,23054,74255,82876,6181130,0
"2021-04-20",40822,3613611,39648,2353323,19,271631,281,23335,80770,81972.43,6261900,0
"2021-04-21",38931,3652542,45946,2399269,14,271645,472,23807,85363,81238.57,6347263,0
"2021-04-22",38534,3691076,48942,2448211,9,271654,314,24121,87799,80027.86,6435062,0
"2021-04-23",39731,3730807,44346,2492557,5,271659,334,24455,84416,78678.86,6519478,0
"2021-04-24",31983,3762790,41605,2534162,44,271703,257,24712,73889,77819.14,6593367,0
"2021-04-25",18435,3781225,31234,2565396,86,271789,177,24889,49932,76632,6643299,0
"2021-04-26",26985,3808210,40735,2606131,1013,272802,258,25147,68991,75880,6712290,0
"2021-04-27",28584,3836794,47123,2653254,1696,274498,330,25477,77733,75446.14,6790023,0
"2021-04-28",27077,3863871,56831,2710085,2145,276643,409,25886,86462,75603.14,6876485,0
"2021-04-29",28639,3892510,57177,2767262,2145,278788,338,26224,88299,75674.57,6964784,0
"2021-04-30",30143,3922653,51977,2819239,2055,280843,269,26493,84444,75678.57,7049228,0
"2021-05-01",22489,3945142,44545,2863784,1176,282019,220,26713,68430,74898.71,7117658,0
"2021-05-02",11935,3957077,36652,2900436,1080,283099,124,26837,49791,74878.57,7167449,0
"2021-05-03",18049,3975126,53009,2953445,2383,285482,238,27075,73679,75548.29,7241128,0
"2021-05-04",22765,3997891,56633,3010078,2327,287809,244,27319,81969,76153.43,7323097,0
"2021-05-05",21493,4019384,48783,3058861,2311,290120,297,27616,72884,74213.71,7395981,0
"2021-05-06",20701,4040085,50166,3109027,2509,292629,257,27873,73633,72118.57,7469614,0
"2021-05-07",21278,4061363,52083,3161110,2809,295438,287,28160,76457,70977.57,7546071,0
"2021-05-08",16635,4077998,41882,3202992,1835,297273,213,28373,60565,69854,7606636,0
"2021-05-09",7982,4085980,29418,3232410,1260,298533,138,28511,38798,68283.57,7645434,0
"2021-05-10",14406,4100386,38536,3270946,2355,300888,216,28727,55513,65688.43,7700947,0
"2021-05-11",19944,4120330,43036,3313982,2514,303402,275,29002,65769,63374.14,7766716,0
"2021-05-12",17821,4138151,40539,3354521,3594,306996,221,29223,62175,61844.29,7828891,0
"2021-05-13",24994,4163145,40422,3394943,3226,310222,250,29473,68892,61167,7897783,0
"2021-05-14",27043,4190188,42904,3437847,3535,313757,269,29742,73751,60780.43,7971534,0
"2021-05-15",23668,4213856,34927,3472774,3367,317124,227,29969,62189,61012.43,8033723,0
"2021-05-16",15552,4229408,19434,3492208,2497,319621,120,30089,37603,60841.71,8071326,0
"2021-05-17",22692,4252100,29131,3521339,3257,322878,166,30255,55246,60803.57,8126572,0
"2021-05-18",24653,4276753,31896,3553235,3402,326280,223,30478,60174,60004.29,8186746,0
"2021-05-19",24225,4300978,29706,3582941,3038,329318,208,30686,57177,59290.29,8243923,0
"2021-05-20",24186,4325164,30071,3613012,3160,332478,254,30940,57671,57687.29,8301594,0
"2021-05-21",24703,4349867,31989,3645001,3062,335540,236,31176,59990,55721.43,8361584,0
"2021-05-22",20037,4369904,24352,3669353,2526,338066,152,31328,47067,53561.14,8408651,0
"2021-05-23",11245,4381149,13719,3683072,1411,339477,96,31424,26471,51970.86,8435122,0
"2021-05-24",18900,4400049,23136,3706208,2761,342238,209,31633,45006,50508,8480128,0
"2021-05-25",19448,4419497,23367,3729575,2603,344841,172,31805,45590,48424.57,8525718,0
"2021-05-26",18791,4438288,21070,3750645,2695,347536,195,32000,42751,46363.71,8568469,0
"2021-05-27",18490,4456778,21258,3771903,2530,350066,182,32182,42460,44190.71,8610929,0
"2021-05-28",17887,4474665,22884,3794787,2753,352819,177,32359,43701,41863.71,8654630,0
"2021-05-29",12714,4487379,17801,3812588,1755,354574,99,32458,32369,39764,8686999,0
"2021-05-30",7036,4494415,8945,3821533,1074,355648,42,32500,17097,38424.86,8704096,0
"2021-05-31",4748,4499163,6921,3828454,1011,356659,62,32562,12742,33815.71,8716838,0
"2021-06-01",16059,4515222,25189,3853643,2174,358833,144,32706,43566,33526.57,8760404,0
"2021-06-02",15363,4530585,20381,3874024,2093,360926,136,32842,37973,32844,8798377,0
"2021-06-03",15019,4545604,23810,3897834,2282,363208,115,32957,41226,32667.71,8839603,0
"2021-06-04",14739,4560343,25971,3923805,2491,365699,139,33096,43340,32616.14,8882943,0
"2021-06-05",11004,4571347,22070,3945875,1806,367505,112,33208,34992,32990.86,8917935,0
"2021-06-06",6457,4577804,14462,3960337,1222,368727,81,33289,22222,33723,8940157,0
"2021-06-07",11727,4589531,21764,3982101,2379,371106,142,33431,36012,37047.29,8976169,0
"2021-06-08",12670,4602201,23996,4006097,2071,373177,114,33545,38851,36373.71,9015020,0
"2021-06-09",11167,4613368,23003,4029100,2298,375475,130,33675,36598,36177.29,9051618,0
"2021-06-10",12086,4625454,22222,4051322,2461,377936,134,33809,36903,35559.71,9088521,0
"2021-06-11",12724,4638178,25094,4076416,2483,380419,148,33957,40449,35146.71,9128970,0
"2021-06-12",10176,4648354,19301,4095717,1889,382308,87,34044,31453,34641.14,9160423,0
"2021-06-13",4259,4652613,10936,4106653,1219,383527,40,34084,16454,33817.14,9176877,0
"2021-06-14",10227,4662840,19225,4125878,2042,385569,119,34203,31613,33188.71,9208490,0
"2021-06-15",11895,4674735,20999,4146877,1943,387512,121,34324,34958,32632.57,9243448,0
"2021-06-16",11604,4686339,19394,4166271,1958,389470,134,34458,33090,32131.43,9276538,0
"2021-06-17",11032,4697371,18747,4185018,1969,391439,115,34573,31863,31411.43,9308401,0
"2021-06-18",12175,4709546,18490,4203508,2113,393552,112,34685,32890,30331.57,9341291,0
"2021-06-19",8503,4718049,13528,4217036,1460,395012,73,34758,23564,29204.57,9364855,0
"2021-06-20",4338,4722387,7162,4224198,924,395936,35,34793,12459,28633.86,9377314,0
"2021-06-21",10176,4732563,9994,4234192,1805,397741,65,34858,22040,27266.29,9399354,0
"2021-06-22",9848,4742411,15636,4249828,1589,399330,98,34956,27171,26153.86,9426525,0
"2021-06-23",10334,4752745,15168,4264996,1861,401191,100,35056,27463,25350,9453988,0
"2021-06-24",9705,4762450,14679,4279675,1798,402989,113,35169,26295,24554.57,9480283,0
"2021-06-25",10604,4773054,14375,4294050,1718,404707,107,35276,26804,23685.14,9507087,0
"2021-06-26",7811,4780865,10452,4304502,1245,405952,73,35349,19581,23116.14,9526668,0
"2021-06-27",5005,4785870,5997,4310499,796,406748,32,35381,11830,23026.29,9538498,0
"2021-06-28",9043,4794913,10336,4320835,1524,408272,105,35486,21008,22878.86,9559506,0
"2021-06-29",9761,4804674,12303,4333138,1347,409619,120,35606,23531,22358.86,9583037,0
"2021-06-30",9432,4814106,10916,4344054,1480,411099,144,35750,21972,21574.43,9605009,0
"2021-07-01",9410,4823516,10915,4354969,1429,412528,121,35871,21875,20943,9626884,0
"2021-07-02",9697,4833213,11432,4366401,1540,414068,121,35992,22790,20369.57,9649674,0
"2021-07-03",7062,4840275,8416,4374817,1193,415261,75,36067,16746,19964.57,9666420,0
"2021-07-04",1290,4841565,1335,4376152,567,415828,8,36075,3200,18731.71,9669620,0
"2021-07-05",6498,4848063,7098,4383250,1208,417036,64,36139,14868,17854.57,9684488,0
"2021-07-06",9525,4857588,12832,4396082,1317,418353,114,36253,23788,17891.29,9708276,0
"2021-07-07",8686,4866274,11095,4407177,1417,419770,118,36371,21316,17797.57,9729592,0
"2021-07-08",8212,4874486,10188,4417365,1260,421030,105,36476,19765,17496.14,9749357,0
"2021-07-09",8380,4882866,10819,4428184,1279,422309,89,36565,20567,17178.57,9769924,0
"2021-07-10",7109,4889975,8622,4436806,1132,423441,64,36629,16927,17204.43,9786851,0
"2021-07-11",4106,4894081,4538,4441344,703,424144,33,36662,9380,18087.29,9796231,0
"2021-07-12",8461,4902542,9538,4450882,1250,425394,73,36735,19322,18723.57,9815553,0
"2021-07-13",9475,4912017,9375,4460257,951,426345,100,36835,19901,18168.29,9835454,0
"2021-07-14",9010,4921027,9522,4469779,1009,427354,101,36936,19642,17929.14,9855096,0
"2021-07-15",8801,4929828,9138,4478917,1052,428406,81,37017,19072,17830.14,9874168,0
"2021-07-16",9249,4939077,9760,4488677,978,429384,98,37115,20085,17761.29,9894253,0
"2021-07-17",6855,4945932,7376,4496053,801,430185,77,37192,15109,17501.57,9909362,0
"2021-07-18",4261,4950193,4287,4500340,569,430754,33,37225,9150,17468.71,9918512,0
"2021-07-19",9129,4959322,8458,4508798,999,431753,85,37310,18671,17375.71,9937183,0
"2021-07-20",10658,4969980,8749,4517547,991,432744,86,37396,20484,17459,9957667,0
"2021-07-21",10064,4980044,8749,4526296,904,433648,136,37532,19853,17489.14,9977520,0
"2021-07-22",10694,4990738,8573,4534869,1044,434692,141,37673,20452,17686.29,9997972,0
"2021-07-23",11256,5001994,8873,4543742,1113,435805,134,37807,21376,17870.71,10019348,0
"2021-07-24",7410,5009404,6731,4550473,670,436475,80,37887,14891,17839.57,10034239,0
"2021-07-25",5481,5014885,2119,4552592,509,436984,58,37945,8167,17699.14,10042406,0
"2021-07-26",10890,5025775,6978,4559570,858,437842,107,38052,18833,17722.29,10061239,0
"2021-07-27",12067,5037842,8566,4568136,857,438699,129,38181,21619,17884.43,10082858,0
"2021-07-28",11999,5049841,8039,4576175,951,439650,132,38313,21121,18065.57,10103979,0
"2021-07-29",10946,5060787,7427,4583602,982,440632,127,38440,19482,17927,10123461,0
"2021-07-30",14961,5075748,7996,4591598,1149,441781,177,38617,24283,18342.29,10147744,0
"2021-07-31",9747,5085495,6298,4597896,815,442596,117,38734,16977,18640.29,10164721,0
"2021-08-01",6510,5092005,3306,4601202,564,443160,78,38812,10458,18967.57,10175179,0
"2021-08-02",13455,5105460,7150,4608352,848,444008,143,38955,21596,19362.29,10196775,0
"2021-08-03",15432,5120892,8360,4616712,1098,445106,143,39098,25033,19850,10221808,0
"2021-08-04",17267,5138159,8110,4624822,1456,446562,172,39270,27005,20690.57,10248813,0
"2021-08-05",17883,5156042,7906,4632728,1365,447927,159,39429,27313,21809.29,10276126,0
"2021-08-06",18194,5174236,8400,4641128,1233,449160,157,39586,27984,22338,10304110,0
"2021-08-07",13376,5187612,6001,4647129,797,449957,95,39681,20269,22808.29,10324379,0
"2021-08-08",9320,5196932,3824,4650953,399,450356,77,39758,13620,23260,10337999,0
"2021-08-09",21338,5218270,8525,4659478,965,451321,164,39922,30992,24602.29,10368991,0
"2021-08-10",18934,5237204,9316,4668794,948,452269,165,40087,29363,25220.86,10398354,0
"2021-08-11",15659,5252863,8302,4677096,851,453120,120,40207,24932,24924.71,10423286,0
"2021-08-12",15059,5267922,8972,4686068,937,454057,161,40368,25129,24612.71,10448415,0
"2021-08-13",14937,5282859,9268,4695336,920,454977,232,40600,25357,24237.43,10473772,0
"2021-08-14",10424,5293283,6402,4701738,626,455603,520,41120,17972,23909.29,10491744,0
"2021-08-15",6698,5299981,4469,4706207,676,456279,565,41685,12408,23736.14,10504152,0
"2021-08-16",15734,5315715,9281,4715488,1149,457428,1305,42990,27469,23232.86,10531621,0
"2021-08-17",17783,5333498,10438,4725926,1218,458646,1745,44735,31184,23493,10562805,0
"2021-08-18",17493,5350991,10343,4736269,1253,459899,1966,46701,31055,24367.71,10593860,0
"2021-08-19",16332,5367323,9505,4745774,1316,461215,1927,48628,29080,24932.14,10622940,0
"2021-08-20",16303,5383626,11525,4757299,1254,462469,1842,50470,30924,25727.43,10653864,0
"2021-08-21",11168,5394794,8032,4765331,877,463346,1047,51517,21124,26177.71,10674988,0
"2021-08-22",4091,5398885,3902,4769233,262,463608,509,52026,8764,25657.14,10683752,0
"2021-08-23",15593,5414478,11787,4781020,1023,464631,1530,53556,29933,26009.14,10713685,0
"2021-08-24",16930,5431408,12590,4793610,1006,465637,1764,55320,32290,26167.14,10745975,0
"2021-08-25",14604,5446012,12425,4806035,1111,466748,1546,56866,29686,25971.57,10775661,0
"2021-08-26",16193,5462205,14060,4820095,1073,467821,1749,58615,33075,26542.29,10808736,0
"2021-08-27",14859,5477064,14806,4834901,970,468791,1649,60264,32284,26736.57,10841020,0
"2021-08-28",10714,5487778,11496,4846397,836,469627,999,61263,24045,27153.86,10865065,0
"2021-08-29",7229,5495007,7489,4853886,541,470168,766,62029,16025,28191.14,10881090,0
"2021-08-30",15548,5510555,16896,4870782,1076,471244,1778,63807,35298,28957.57,10916388,0
"2021-08-31",15549,5526104,15927,4886709,952,472196,1942,65749,34370,29254.71,10950758,0
"2021-09-01",14851,5540955,14086,4900795,1019,473215,1779,67528,31735,29547.43,10982493,0
"2021-09-02",14363,5555318,12504,4913299,897,474112,1678,69206,29442,29028.43,11011935,0
"2021-09-03",15028,5570346,14292,4927591,973,475085,1869,71075,32162,29011,11044097,0
"2021-09-04",9655,5580001,9399,4936990,688,475773,956,72031,20698,28532.86,11064795,0
"2021-09-05",6818,5586819,5506,4942496,438,476211,696,72727,13458,28166.14,11078253,0
"2021-09-06",5204,5592023,4505,4947001,358,476569,265,72992,10332,24599.57,11088585,0
"2021-09-07",15593,5607616,17678,4964679,913,477482,1524,74516,35708,24790.71,11124293,0
"2021-09-08",16219,5623835,14786,4979465,1073,478555,1741,76257,33819,25088.43,11158112,0
"2021-09-09",16135,5639970,14726,4994191,1047,479602,1888,78145,33796,25710.43,11191908,0
"2021-09-10",18392,5658362,15366,5009557,1209,480811,1953,80098,36920,26390.14,11228828,0
"2021-09-11",12652,5671014,10342,5019899,959,481770,1012,81110,24965,26999.71,11253793,0
"2021-09-12",8549,5679563,5042,5024941,766,482536,683,81793,15040,27225.71,11268833,0
"2021-09-13",16958,5696521,12937,5037878,973,483509,1624,83417,32492,30391.43,11301325,0
"2021-09-14",16295,5712816,13654,5051532,884,484393,1572,84989,32405,29919.57,11333730,0
"2021-09-15",15599,5728415,12823,5064355,729,485122,1557,86546,30708,29475.14,11364438,0
"2021-09-16",15371,5743786,13895,5078250,1211,486333,1426,87972,31903,29204.71,11396341,0
"2021-09-17",14473,5758259,13925,5092175,922,487255,1807,89779,31127,28377.14,11427468,0
"2021-09-18",10021,5768280,10163,5102338,915,488170,1038,90817,22137,27973.14,11449605,0
"2021-09-19",6193,5774473,6064,5108402,557,488727,734,91551,13548,27760,11463153,0
"2021-09-20",12702,5787175,12618,5121020,1069,489796,1900,93451,28289,27159.57,11491442,0
"2021-09-21",12258,5799433,12754,5133774,1111,490907,1998,95449,28121,26547.57,11519563,0
"2021-09-22",12861,5812294,11971,5145745,1090,491997,1645,97094,27567,26098.86,11547130,0
"2021-09-23",14961,5827255,12737,5158482,1638,493635,2219,99313,31555,26049.14,11578685,0
"2021-09-24",16481,5843736,13340,5171822,1632,495267,4527,103840,35980,26742.43,11614665,0
"2021-09-25",10581,5854317,9010,5180832,1017,496284,3383,107223,23991,27007.29,11638656,0
"2021-09-26",6335,5860652,5752,5186584,773,497057,2374,109597,15234,27248.14,11653890,0
"2021-09-27",14205,5874857,8037,5194621,1154,498211,8867,118464,32263,27815.86,11686153,0
"2021-09-28",11196,5886053,11753,5206374,901,499112,9676,128140,33526,28588,11719679,0
"2021-09-29",11639,5897692,12172,5218546,1203,500315,9224,137364,34238,29541,11753917,0
"2021-09-30",12285,5909977,12585,5231131,1339,501654,9551,146915,35760,30141.71,11789677,0
"2021-10-01",12686,5922663,13417,5244548,1281,502935,10132,157047,37516,30361.14,11827193,0
"2021-10-02",7750,5930413,9976,5254524,864,503799,4162,161209,22752,30184.14,11849945,0
"2021-10-03",5088,5935501,6159,5260683,594,504393,2570,163779,14411,30066.57,11864356,0
"2021-10-04",9951,5945452,11017,5271700,914,505307,9384,173163,31266,29924.14,11895622,0
"2021-10-05",10204,5955656,11745,5283445,973,506280,9829,182992,32751,29813.43,11928373,0
"2021-10-06",9950,5965606,11041,5294486,937,507217,9832,192824,31760,29459.43,11960133,0
"2021-10-07",9712,5975318,12180,5306666,852,508069,10076,202900,32820,29039.43,11992953,0
"2021-10-08",9529,5984847,12132,5318798,943,509012,10784,213684,33388,28449.71,12026341,0
"2021-10-09",6286,5991133,8278,5327076,649,509661,4050,217734,19263,27951.29,12045604,0
"2021-10-10",3556,5994689,5020,5332096,458,510119,2395,220129,11429,27525.29,12057033,0
"2021-10-11",7654,6002343,9330,5341426,728,510847,8824,228953,26536,26849.57,12083569,0
"2021-10-12",8100,6010443,10986,5352412,891,511738,10397,239350,30374,26510,12113943,0
"2021-10-13",7211,6017654,10138,5362550,870,512608,8644,247994,26863,25810.43,12140806,0
"2021-10-14",7487,6025141,11103,5373653,836,513444,9949,257943,29375,25318.29,12170181,0
"2021-10-15",7764,6032905,11862,5385515,822,514266,10646,268589,31094,24990.57,12201275,0
"2021-10-16",4882,6037787,7456,5392971,665,514931,3760,272349,16763,24633.43,12218038,0
"2021-10-17",3070,6040857,4474,5397445,411,515342,2405,274754,10360,24480.71,12228398,0
"2021-10-18",7101,6047958,10648,5408093,798,516140,9300,284054,27847,24668,12256245,0
"2021-10-19",6668,6054626,8931,5417024,805,516945,8891,292945,25295,23942.43,12281540,0
"2021-10-20",6580,6061206,9365,5426389,973,517918,9837,302782,26755,23927,12308295,0
"2021-10-21",7079,6068285,9376,5435765,859,518777,10686,313468,28000,23730.57,12336295,0
"2021-10-22",8192,6076477,10337,5446102,1025,519802,16198,329666,35752,24396,12372047,0
"2021-10-23",5212,6081689,6459,5452561,690,520492,9043,338709,21404,25059,12393451,0
"2021-10-24",3300,6084989,3963,5456524,770,521262,6123,344832,14156,25601.29,12407607,0
"2021-10-25",8854,6093843,8751,5465275,1147,522409,19099,363931,37851,27030.43,12445458,0
"2021-10-26",8259,6102102,7726,5473001,1259,523668,17158,381089,34402,28331.43,12479860,0
"2021-10-27",10658,6112760,8382,5481383,1604,525272,20627,401716,41271,30405.14,12521131,0
"2021-10-28",11416,6124176,8031,5489414,1784,527056,20667,422383,41898,32390.57,12563029,0
"2021-10-29",11926,6136102,8236,5497650,1965,529021,22367,444750,44494,33639.43,12607523,0
"2021-10-30",4675,6140777,5052,5502702,935,529956,11083,455833,21745,33688.14,12629268,0
"2021-10-31",2691,6143468,2703,5505405,545,530501,6593,462426,12532,33456.14,12641800,0
"2021-11-01",7229,6150697,6949,5512354,1090,531591,20207,482633,35475,33116.71,12677275,0
"2021-11-02",6667,6157364,6575,5518929,1054,532645,20600,503233,34896,33187.29,12712171,0
"2021-11-03",6944,6164308,6658,5525587,1029,533674,20471,523704,35102,32306,12747273,0
"2021-11-04",9382,6173690,6264,5531851,996,534670,22192,545896,38834,31868.29,12786107,0
"2021-11-05",11166,6184856,6717,5538568,1052,535722,23557,569453,42492,31582.29,12828599,0
"2021-11-06",11165,6196021,4043,5542611,593,536315,12517,581970,28318,32521.29,12856917,0
"2021-11-07",7287,6203308,2273,5544884,576,536891,7059,589029,17195,33187.43,12874112,0
"2021-11-08",15133,6218441,5671,5550555,867,537758,19365,608394,41036,33981.86,12915148,0
"2021-11-09",16229,6234670,5377,5555932,662,538420,20387,628781,42655,35090.29,12957803,0
"2021-11-10",17034,6251704,5314,5561246,684,539104,22446,651227,45478,36572.57,13003281,0
"2021-11-11",12652,6264356,5190,5566436,758,539862,21881,673108,40481,36807.86,13043762,0
"2021-11-12",16986,6281342,5667,5572103,710,540572,23228,696336,46591,37393.43,13090353,0
"2021-11-13",9994,6291336,3665,5575768,466,541038,13271,709607,27396,37261.71,13117749,0
"2021-11-14",6061,6297397,2296,5578064,325,541363,7890,717497,16572,37172.71,13134321,0
"2021-11-15",13346,6310743,5970,5584034,689,542052,24953,742450,44958,37733,13179279,0
"2021-11-16",10187,6320930,5785,5589819,655,542707,30370,772820,46997,38353.29,13226276,0
"2021-11-17",10619,6331549,6673,5596492,690,543397,31018,803838,49000,38856.43,13275276,0
"2021-11-18",11042,6342591,6538,5603030,865,544262,32588,836426,51033,40363.86,13326309,0
"2021-11-19",12335,6354926,6548,5609578,719,544981,35900,872326,55502,41636.86,13381811,0
"2021-11-20",9543,6364469,3419,5612997,514,545495,22238,894564,35714,42825.14,13417525,0
"2021-11-21",5100,6369569,1888,5614885,290,545785,13043,907607,20321,43360.71,13437846,0
"2021-11-22",10723,6380292,5784,5620669,755,546540,35512,943119,52774,44477.29,13490620,0
"2021-11-23",9997,6390289,4783,5625452,637,547177,33234,976353,48651,44713.57,13539271,0
"2021-11-24",8824,6399113,4754,5630206,653,547830,25769,1002122,40000,43427.86,13579271,0
"2021-11-25",459,6399572,324,5630530,80,547910,990,1003112,1853,36402.14,13581124,0
"2021-11-26",8369,6407941,6968,5637498,533,548443,26240,1029352,42110,34489,13623234,0
"2021-11-27",6869,6414810,6806,5644304,377,548820,18558,1047910,32610,34045.57,13655844,0
"2021-11-28",4242,6419052,5767,5650071,286,549106,11657,1059567,21952,34278.57,13677796,0
"2021-11-29",9529,6428581,10967,5661038,690,549796,34471,1094038,55657,34690.43,13733453,0
"2021-11-30",10806,6439387,11411,5672449,514,550310,37319,1131357,60050,36318.86,13793503,0
"2021-12-01",11434,6450821,10945,5683394,724,551034,40000,1171357,63103,39619.29,13856606,0
"2021-12-02",11990,6462811,11005,5694399,622,551656,41537,1212894,65154,48662.29,13921760,0
"2021-12-03",14049,6476860,12819,5707218,682,552338,47208,1260102,74758,53326.29,13996518,0
"2021-12-04",10162,6487022,11186,5718404,571,552909,30212,1290314,52131,56115,14048649,0
"2021-12-05",5876,6492898,5701,5724105,270,553179,16498,1306812,28345,57028.29,14076994,0
"2021-12-06",12843,6505741,9905,5734010,608,553787,42639,1349451,65995,58505.14,14142989,0
"2021-12-07",13139,6518880,9206,5743216,633,554420,42391,1391842,65369,59265,14208358,0
"2021-12-08",13965,6532845,8730,5751946,558,554978,40302,1432144,63555,59329.57,14271913,0
"2021-12-09",13871,6546716,8730,5760676,551,555529,40316,1472460,63468,59088.71,14335381,0
"2021-12-10",14561,6561277,10081,5770757,667,556196,43031,1515491,68340,58171.86,14403721,0
"2021-12-11",10516,6571793,8041,5778798,405,556601,26421,1541912,45383,57207.86,14449104,0
"2021-12-12",6117,6577910,3851,5782649,287,556888,15051,1556963,25306,56773.71,14474410,0
"2021-12-13",12451,6590361,7399,5790048,656,557544,37611,1594574,58117,55648.29,14532527,0
"2021-12-14",12465,6602826,6931,5796979,730,558274,37850,1632424,57976,54592.14,14590503,0
"2021-12-15",12536,6615362,6239,5803218,753,559027,37611,1670035,57139,53675.57,14647642,0
"2021-12-16",13695,6629057,4222,5807440,739,559766,40276,1710311,58932,53027.57,14706574,0
"2021-12-17",16629,6645686,6874,5814314,622,560388,45849,1756160,69974,53261,14776548,0
"2021-12-18",13365,6659051,5695,5820009,432,560820,30178,1786338,49670,53873.43,14826218,0
"2021-12-19",7203,6666254,2982,5822991,330,561150,17787,1804125,28302,54301.43,14854520,0
"2021-12-20",17570,6683824,5841,5828832,753,561903,46585,1850710,70749,56106,14925269,0
"2021-12-21",18576,6702400,6520,5835352,809,562712,48080,1898790,73985,58393,14999254,0
"2021-12-22",18994,6721394,6553,5841905,938,563650,48952,1947742,75437,61007,15074691,0
"2021-12-23",19261,6740655,6477,5848382,926,564576,45333,1993075,71997,62873.43,15146688,0
"2021-12-24",9484,6750139,2946,5851328,595,565171,20260,2013335,33285,57632.14,15179973,0
"2021-12-25",342,6750481,65,5851393,32,565203,422,2013757,861,50659.43,15180834,0
"2021-12-26",8206,6758687,3911,5855304,340,565543,17038,2030795,29495,50829.86,15210329,0
"2021-12-27",21879,6780566,9179,5864483,931,566474,43158,2073953,75147,51458.14,15285476,0
"2021-12-28",20257,6800823,8300,5872783,692,567166,47281,2121234,76530,51821.71,15362006,0
"2021-12-29",18559,6819382,7617,5880400,602,567768,45186,2166420,71964,51325.57,15433970,0
"2021-12-30",16940,6836322,7409,5887809,578,568346,44547,2210967,69474,50965.14,15503444,0
"2021-12-31",5361,6841683,2790,5890599,192,568538,14631,2225598,22974,49492.14,15526418,0
"2022-01-01",233,6841916,137,5890736,11,568549,482,2226080,863,49492.43,15527281,0
"2022-01-02",6477,6848393,4999,5895735,153,568702,10924,2237004,22553,48500.71,15549834,0
"2022-01-03",14248,6862641,8454,5904189,516,569218,26632,2263636,49850,44886.86,15599684,0
"2022-01-04",13206,6875847,8058,5912247,405,569623,26732,2290368,48401,40868.43,15648085,0
"2022-01-05",11744,6887591,6932,5919179,381,570004,25496,2315864,44553,36952.57,15692638,0
"2022-01-06",11726,6899317,7323,5926502,481,570485,27146,2343010,46676,33695.71,15739314,0
"2022-01-07",10600,6909917,8372,5934874,336,570821,24686,2367696,43994,36698.57,15783308,0
"2022-01-08",8001,6917918,8500,5943374,311,571132,19274,2386970,36086,41730.43,15819394,0
"2022-01-09",4199,6922117,3824,5947198,215,571347,9976,2396946,18214,41110.57,15837608,0
"2022-01-10",10519,6932636,8136,5955334,483,571830,24186,2421132,43324,40178.29,15880932,0
"2022-01-11",9172,6941808,7934,5963268,520,572350,20647,2441779,38273,38731.43,15919205,0
"2022-01-12",9025,6950833,8280,5971548,426,572776,22110,2463889,39841,38058.29,15959046,0
"2022-01-13",9129,6959962,8778,5980326,447,573223,22540,2486429,40894,37232.29,15999940,0
"2022-01-14",10183,6970145,8013,5988339,471,573694,25928,2512357,44595,37318.14,16044535,0
"2022-01-15",6228,6976373,4251,5992590,177,573871,14876,2527233,25532,35810.43,16070067,0
"2022-01-16",2995,6979368,3235,5995825,96,573967,7733,2534966,14059,35216.86,16084126,0
"2022-01-17",6240,6985608,6692,6002517,359,574326,14392,2549358,27683,32982.43,16111809,0
"2022-01-18",8340,6993948,10051,6012568,394,574720,19011,2568369,37796,32914.29,16149605,0
"2022-01-19",7750,7001698,9156,6021724,309,575029,17335,2585704,34550,32158.43,16184155,0
"2022-01-20",6413,7008111,8451,6030175,298,575327,14885,2600589,30047,30608.86,16214202,0
"2022-01-21",7739,7015850,7430,6037605,281,575608,18160,2618749,33610,29039.57,16247812,0
"2022-01-22",5339,7021189,4911,6042516,131,575739,11134,2629883,21515,28465.71,16269327,0
"2022-01-23",2918,7024107,3306,6045822,97,575836,6101,2635984,12422,28231.86,16281749,0
"2022-01-24",6555,7030662,8112,6053934,258,576094,14805,2650789,29730,28524.29,16311479,0
"2022-01-25",6378,7037040,7858,6061792,232,576326,14410,2665199,28878,27250.29,16340357,0
"2022-01-26",5919,7042959,7097,6068889,282,576608,13702,2678901,27000,26171.71,16367357,0
"2022-01-27",5321,7048280,6965,6075854,313,576921,13759,2692660,26358,25644.71,16393715,0
"2022-01-28",6350,7054630,7746,6083600,205,577126,15869,2708529,30170,25153.29,16423885,0
"2022-01-29",872,7055502,694,6084294,27,577153,2477,2711006,4070,22661.14,16427955,0
"2022-01-30",2167,7057669,2983,6087277,103,577256,4458,2715464,9711,22273.86,16437666,0
"2022-01-31",5123,7062792,6504,6093781,218,577474,11064,2726528,22909,21299.43,16460575,0
"2022-02-01",4938,7067730,6344,6100125,212,577686,10402,2736930,21896,20302,16482471,0
"2022-02-02",4367,7072097,5836,6105961,213,577899,10883,2747813,21299,19487.57,16503770,0
"2022-02-03",4285,7076382,5684,6111645,214,578113,10872,2758685,21055,18730,16524825,0
"2022-02-04",4819,7081201,6967,6118612,201,578314,12852,2771537,24839,17968.43,16549664,0
"2022-02-05",3653,7084854,5970,6124582,106,578420,8414,2779951,18143,19978.86,16567807,0
"2022-02-06",2062,7086916,2119,6126701,97,578517,4550,2784501,8828,19852.71,16576635,0
"2022-02-07",4239,7091155,4615,6131316,189,578706,9879,2794380,18922,19283.14,16595557,0
"2022-02-08",4282,7095437,5480,6136796,199,578905,10983,2805363,20944,19147.14,16616501,0
"2022-02-09",4173,7099610,5218,6142014,218,579123,11018,2816381,20627,19051.14,16637128,120000
"2022-02-10",3968,7103578,4966,6146980,212,579335,11493,2827874,20639,18991.71,16657767,120000
"2022-02-11",4504,7108082,5639,6152619,168,579503,13070,2840944,23381,18783.43,16681148,120000
"2022-02-12",3254,7111336,4223,6156842,65,579568,8497,2849441,16039,18482.86,16697187,120000
"2022-02-13",1515,7112851,1503,6158345,29,579597,4780,2854221,7827,18339.86,16705014,120000
"2022-02-14",2928,7115779,3445,6161790,114,579711,9980,2864201,16467,17989.14,16721481,120000
"2022-02-15",1304,7117083,1364,6163154,63,579774,5164,2869365,7895,16125,16729376,120000
