"DATE","ADMIN_DOSE1_DAILY","ADMIN_DOSE1_CUMULATIVE","ADMIN_DOSE2_DAILY","ADMIN_DOSE2_CUMULATIVE","ADMIN_SINGLE_DAILY","ADMIN_SINGLE_CUMULATIVE","ADMIN_ADDITIONAL1_DAILY","ADMIN_ADDITIONAL1_CUMULATIVE","ADMIN_ADDITIONAL2_DAILY","ADMIN_ADDITIONAL2_CUMULATIVE","ADMIN_ADDITIONAL_DAILY","ADMIN_ADDITIONAL_CUMULATIVE","ADMIN_ALLDOSES_DAILY","ADMIN_ALLDOSES_7DAYAVG","ADMIN_ALLDOSES_CUMULATIVE","ADMIN_ALLDOSES_PRIMARY","INCOMPLETE"
"2020-12-14",79,79,0,0,0,0,0,0,0,0,0,0,79,,79,79,0
"2020-12-15",2051,2130,6,6,5,5,0,0,0,0,0,0,2062,,2141,2141,0
"2020-12-16",4606,6736,15,21,3,8,1,1,0,0,1,1,4625,,6766,6765,0
"2020-12-17",4657,11393,18,39,2,10,1,2,0,0,1,2,4678,,11444,11442,0
"2020-12-18",5832,17225,18,57,2,12,2,4,0,0,2,4,5854,,17298,17294,0
"2020-12-19",1689,18914,7,64,3,15,0,4,0,0,0,4,1699,,18997,18993,0
"2020-12-20",1116,20030,2,66,1,16,0,4,0,0,0,4,1119,2873.71,20116,20112,0
"2020-12-21",6343,26373,20,86,0,16,5,9,0,0,5,9,6368,3772.14,26484,26475,0
"2020-12-22",9795,36168,27,113,2,18,1,10,0,0,1,10,9825,4881.14,36309,36299,0
"2020-12-23",14274,50442,35,148,3,21,0,10,0,0,0,10,14312,6265,50621,50611,0
"2020-12-24",7195,57637,26,174,1,22,0,10,0,0,0,10,7222,6628.43,57843,57833,0
"2020-12-25",180,57817,0,174,0,22,1,11,0,0,1,11,181,5818,58024,58013,0
"2020-12-26",4388,62205,45,219,0,22,1,12,0,0,1,12,4434,6208.71,62458,62446,0
"2020-12-27",3870,66075,14,233,0,22,1,13,0,0,1,13,3885,6603.86,66343,66330,0
"2020-12-28",10993,77068,49,282,1,23,3,16,0,0,3,16,11046,7272.14,77389,77373,0
"2020-12-29",10717,87785,35,317,2,25,2,18,0,0,2,18,10756,7405.14,88145,88127,0
"2020-12-30",12823,100608,45,362,0,25,0,18,0,0,0,18,12868,7198.86,101013,100995,0
"2020-12-31",7261,107869,35,397,1,26,0,18,0,0,0,18,7297,7209.57,108310,108292,0
"2021-01-01",181,108050,2,399,1,27,3,21,0,0,3,21,187,7210.43,108497,108476,0
"2021-01-02",3809,111859,10,409,3,30,2,23,0,0,2,23,3824,7123.29,112321,112298,0
"2021-01-03",3542,115401,24,433,2,32,1,24,0,0,1,24,3569,7078.14,115890,115866,0
"2021-01-04",12256,127657,806,1239,2,34,7,31,0,0,7,31,13071,7367.43,128961,128930,0
"2021-01-05",14092,141749,2190,3429,2,36,13,44,1,1,14,45,16298,8159.14,145259,145214,0
"2021-01-06",17800,159549,3925,7354,1,37,30,74,8,9,38,83,21764,9430,167023,166940,0
"2021-01-07",16549,176098,5171,12525,4,41,45,119,3,12,48,131,21772,11497.86,188795,188664,0
"2021-01-08",16616,192714,5457,17982,0,41,34,153,4,16,38,169,22111,14629.86,210906,210737,0
"2021-01-09",7651,200365,1462,19444,1,42,7,160,2,18,9,178,9123,15386.86,220029,219851,0
"2021-01-10",7882,208247,983,20427,0,42,10,170,0,18,10,188,8875,16144.86,228904,228716,0
"2021-01-11",25823,234070,7455,27882,2,44,49,219,8,26,57,245,33337,19040,262241,261996,0
"2021-01-12",28255,262325,7859,35741,1,45,44,263,4,30,48,293,36163,21877.86,298404,298111,0
"2021-01-13",31722,294047,9393,45134,1,46,57,320,4,34,61,354,41177,24651.14,339581,339227,0
"2021-01-14",35814,329861,5314,50448,1,47,30,350,7,41,37,391,41166,27421.71,380747,380356,0
"2021-01-15",29266,359127,3705,54153,2,49,31,381,5,46,36,427,33009,28978.57,413756,413329,0
"2021-01-16",30287,389414,2380,56533,0,49,24,405,6,52,30,457,32697,32346.29,446453,445996,0
"2021-01-17",23745,413159,1632,58165,0,49,19,424,1,53,20,477,25397,34706.57,471850,471373,0
"2021-01-18",27097,440256,2418,60583,0,49,36,460,7,60,43,520,29559,34166.86,501409,500889,0
"2021-01-19",34294,474550,9632,70215,1,50,69,529,6,66,75,595,44002,35286.71,545411,544816,0
"2021-01-20",34866,509416,9496,79711,1,51,57,586,4,70,61,656,44424,35750.57,589835,589179,0
"2021-01-21",25590,535006,8094,87805,2,53,49,635,5,75,54,710,33740,34689.71,623575,622865,0
"2021-01-22",24754,559760,4383,92188,1,54,32,667,7,82,39,749,29177,34142.29,652752,652003,0
"2021-01-23",15741,575501,3226,95414,0,54,10,677,2,84,12,761,18979,32182.57,671731,670970,0
"2021-01-24",7177,582678,3455,98869,0,54,19,696,1,85,20,781,10652,30076.14,682383,681602,0
"2021-01-25",13407,596085,11823,110692,0,54,66,762,12,97,78,859,25308,29468.86,707691,706832,0
"2021-01-26",16760,612845,10756,121448,0,54,68,830,2,99,70,929,27586,27123.71,735277,734348,0
"2021-01-27",20834,633679,12357,133805,0,54,53,883,8,107,61,990,33252,25527.71,768529,767539,0
"2021-01-28",30763,664442,12846,146651,0,54,82,965,16,123,98,1088,43710,26952,812239,811151,0
"2021-01-29",31688,696130,11506,158157,0,54,83,1048,10,133,93,1181,43287,28967.71,855526,854345,0
"2021-01-30",18710,714840,3742,161899,0,54,20,1068,2,135,22,1203,22474,29467,878000,876797,0
"2021-01-31",13017,727857,2923,164822,1,55,29,1097,4,139,33,1236,15974,30227.29,893974,892738,0
"2021-02-01",1179,729036,5369,170191,4,59,36,1133,4,143,40,1276,6592,27553.57,900566,899290,0
"2021-02-02",2826,731862,9477,179668,2,61,47,1180,4,147,51,1327,12356,25377.86,912922,911595,0
"2021-02-03",16347,748209,21246,200914,4,65,203,1383,20,167,223,1550,37820,26030.43,950742,949192,0
"2021-02-04",27042,775251,19651,220565,3,68,203,1586,10,177,213,1763,46909,26487.43,997651,995888,0
"2021-02-05",27588,802839,20039,240604,0,68,182,1768,15,192,197,1960,47824,27135.57,1045475,1043515,0
"2021-02-06",22990,825829,11246,251850,0,68,111,1879,12,204,123,2083,34359,28833.43,1079834,1077751,0
"2021-02-07",12039,837868,8283,260133,1,69,92,1971,14,218,106,2189,20429,29469.86,1100263,1098074,0
"2021-02-08",16953,854821,23520,283653,2,71,235,2206,34,252,269,2458,40744,34348.71,1141007,1138549,0
"2021-02-09",17190,872011,28107,311760,2,73,338,2544,42,294,380,2838,45679,39109.14,1186686,1183848,0
"2021-02-10",19593,891604,29312,341072,2,75,257,2801,48,342,305,3143,49213,40736.71,1235899,1232756,0
"2021-02-11",27845,919449,33475,374547,2,77,338,3139,57,399,395,3538,61719,42852.43,1297618,1294080,0
"2021-02-12",38384,957833,30804,405351,3,80,355,3494,38,437,393,3931,69584,45961,1367202,1363271,0
"2021-02-13",28002,985835,25316,430667,2,82,305,3799,54,491,359,4290,53680,48721.14,1420882,1416592,0
"2021-02-14",16277,1002112,23730,454397,0,82,265,4064,32,523,297,4587,40304,51560.43,1461186,1456599,0
"2021-02-15",12795,1014907,10526,464923,2,84,174,4238,23,546,197,4784,23520,49099.86,1484706,1479922,0
"2021-02-16",14242,1029149,26724,491647,0,84,327,4565,36,582,363,5147,41329,48478.43,1526035,1520888,0
"2021-02-17",16390,1045539,22197,513844,1,85,282,4847,38,620,320,5467,38908,47006.29,1564943,1559476,0
"2021-02-18",12146,1057685,24996,538840,21,106,292,5139,42,662,334,5801,37497,43546,1602440,1596639,0
"2021-02-19",13261,1070946,23935,562775,39,145,304,5443,46,708,350,6151,37585,38974.71,1640025,1633874,0
"2021-02-20",11353,1082299,26072,588847,6,151,328,5771,78,786,406,6557,37838,36711.57,1677863,1671306,0
"2021-02-21",6361,1088660,17418,606265,15,166,287,6058,45,831,332,6889,24126,34400.43,1701989,1695100,0
"2021-02-22",13044,1101704,11845,618110,2,168,127,6185,19,850,146,7035,25037,34617.14,1727026,1719991,0
"2021-02-23",25248,1126952,14144,632254,1,169,157,6342,35,885,192,7227,39586,34368.14,1766612,1759385,0
"2021-02-24",36355,1163307,20393,652647,0,169,228,6570,41,926,269,7496,57017,36955.14,1823629,1816133,0
"2021-02-25",54615,1217922,30395,683042,6,175,400,6970,63,989,463,7959,85479,43809.71,1909108,1901149,0
"2021-02-26",62860,1280782,31872,714914,4,179,416,7386,79,1068,495,8454,95231,52044.86,2004339,1995885,0
"2021-02-27",51291,1332073,22755,737669,47,226,335,7721,52,1120,387,8841,74480,57279.43,2078819,2069978,0
"2021-02-28",44585,1376658,13831,751500,7,233,206,7927,34,1154,240,9081,58663,62213.29,2137482,2128401,0
"2021-03-01",39318,1415976,12778,764278,10,243,168,8095,25,1179,193,9274,52299,66107.86,2189781,2180507,0
"2021-03-02",47083,1463059,12577,776855,7,250,161,8256,14,1193,175,9449,59842,69001.57,2249623,2240174,0
"2021-03-03",48605,1511664,16154,793009,17,267,149,8405,21,1214,170,9619,64946,70134.29,2314569,2304950,0
"2021-03-04",59819,1571483,22822,815831,1092,1359,271,8676,35,1249,306,9925,84039,69928.57,2398608,2388683,0
"2021-03-05",60983,1632466,24285,840116,3108,4467,334,9010,35,1284,369,10294,88745,69002,2487353,2477059,0
"2021-03-06",47177,1679643,18882,858998,5451,9918,242,9252,36,1320,278,10572,71788,68617.43,2559141,2548569,0
"2021-03-07",36039,1715682,14883,873881,6245,16163,232,9484,20,1340,252,10824,57419,68439.71,2616560,2605736,0
"2021-03-08",39627,1755309,14682,888563,8561,24724,314,9798,92,1432,406,11230,63276,70007.86,2679836,2668606,0
"2021-03-09",39105,1794414,12854,901417,7761,32485,183,9981,34,1466,217,11447,59937,70021.43,2739773,2728326,0
"2021-03-10",51827,1846241,15362,916779,5066,37551,225,10206,32,1498,257,11704,72512,71102.29,2812285,2800581,0
"2021-03-11",59988,1906229,21822,938601,4619,42170,248,10454,48,1546,296,12000,86725,71486,2899010,2887010,0
"2021-03-12",52200,1958429,30308,968909,4183,46353,380,10834,85,1631,465,12465,87156,71259,2986166,2973701,0
"2021-03-13",40649,1999078,26689,995598,5110,51463,325,11159,52,1683,377,12842,72825,71407.14,3058991,3046149,0
"2021-03-14",30716,2029794,15966,1011564,4526,55989,245,11404,28,1711,273,13115,51482,70559,3110473,3097358,0
"2021-03-15",33592,2063386,17260,1028824,4710,60699,235,11639,33,1744,268,13383,55830,69495.29,3166303,3152920,0
"2021-03-16",38670,2102056,20516,1049340,4926,65625,257,11896,36,1780,293,13676,64405,70133.57,3230708,3217032,0
"2021-03-17",42615,2144671,24790,1074130,4244,69869,347,12243,39,1819,386,14062,72035,70065.43,3302743,3288681,0
"2021-03-18",50443,2195114,26811,1100941,5235,75104,372,12615,61,1880,433,14495,82922,69522.14,3385665,3371170,0
"2021-03-19",47791,2242905,29966,1130907,5624,80728,392,13007,70,1950,462,14957,83843,69048.86,3469508,3454551,0
"2021-03-20",38711,2281616,25835,1156742,4685,85413,299,13306,60,2010,359,15316,69590,68586.71,3539098,3523782,0
"2021-03-21",29300,2310916,19358,1176100,769,86182,224,13530,44,2054,268,15584,49695,68331.43,3588793,3573209,0
"2021-03-22",33866,2344782,26741,1202841,4037,90219,262,13792,38,2092,300,15884,64945,69633.57,3653738,3637854,0
"2021-03-23",38432,2383214,32842,1235683,4216,94435,301,14093,55,2147,356,16240,75846,71268,3729584,3713344,0
"2021-03-24",41498,2424712,37608,1273291,4848,99283,328,14421,63,2210,391,16631,84345,73026.57,3813929,3797298,0
"2021-03-25",43403,2468115,50803,1324094,5054,104337,478,14899,86,2296,564,17195,99824,75441.14,3913753,3896558,0
"2021-03-26",38503,2506618,55515,1379609,4309,108646,529,15428,99,2395,628,17823,98955,77600,4012708,3994885,0
"2021-03-27",35737,2542355,45754,1425363,2939,111585,420,15848,82,2477,502,18325,84932,79791.71,4097640,4079315,0
"2021-03-28",26387,2568742,34459,1459822,1482,113067,338,16186,65,2542,403,18728,62731,81654,4160371,4141643,0
"2021-03-29",34814,2603556,38871,1498693,3246,116313,346,16532,110,2652,456,19184,77387,83431.43,4237758,4218574,0
"2021-03-30",40508,2644064,41929,1540622,3713,120026,342,16874,64,2716,406,19590,86556,84961.43,4324314,4304724,0
"2021-03-31",49393,2693457,44878,1585500,7441,127467,404,17278,87,2803,491,20081,102203,87512.57,4426517,4406436,0
"2021-04-01",50774,2744231,53956,1639456,11276,138743,501,17779,85,2888,586,20667,116592,89908,4543109,4522442,0
"2021-04-02",43756,2787987,53887,1693343,11970,150713,553,18332,70,2958,623,21290,110236,91519.57,4653345,4632055,0
"2021-04-03",39247,2827234,39221,1732564,9859,160572,336,18668,58,3016,394,21684,88721,92060.86,4742066,4720382,0
"2021-04-04",26555,2853789,24789,1757353,3903,164475,226,18894,49,3065,275,21959,55522,91031,4797588,4775629,0
"2021-04-05",41883,2895672,34486,1791839,11198,175673,376,19270,60,3125,436,22395,88003,92547.57,4885591,4863196,0
"2021-04-06",53264,2948936,35615,1827454,13218,188891,434,19704,77,3202,511,22906,102608,94840.71,4988199,4965293,0
"2021-04-07",55505,3004441,40701,1868155,14388,203279,406,20110,80,3282,486,23392,111080,96108.86,5099279,5075887,0
"2021-04-08",59259,3063700,46598,1914753,16341,219620,522,20632,85,3367,607,23999,122805,96996.43,5222084,5198085,0
"2021-04-09",56646,3120346,44963,1959716,17559,237179,518,21150,77,3444,595,24594,119763,98357.43,5341847,5317253,0
"2021-04-10",49344,3169690,35648,1995364,12723,249902,392,21542,61,3505,453,25047,98168,99707,5440015,5414968,0
"2021-04-11",38181,3207871,28821,2024185,7682,257584,294,21836,57,3562,351,25398,75035,102494.57,5515050,5489652,0
"2021-04-12",46634,3254505,31843,2056028,13501,271085,468,22304,66,3628,534,25932,92512,103138.71,5607562,5581630,0
"2021-04-13",52546,3307051,33791,2089819,368,271453,396,22700,63,3691,459,26391,87164,100932.43,5694726,5668335,0
"2021-04-14",50145,3357196,39960,2129779,20,271473,368,23068,72,3763,440,26831,90565,98001.71,5785291,5758460,0
"2021-04-15",52118,3409314,43686,2173465,16,271489,456,23524,106,3869,562,27393,96383,94227.14,5881674,5854281,0
"2021-04-16",51188,3460502,42215,2215680,32,271521,430,23954,70,3939,500,27893,93935,90537.43,5975609,5947716,0
"2021-04-17",43835,3504337,35697,2251377,3,271524,365,24319,84,4023,449,28342,79984,87939.71,6055593,6027251,0
"2021-04-18",28605,3532942,29369,2280746,7,271531,253,24572,65,4088,318,28660,58299,85548.86,6113892,6085232,0
"2021-04-19",37463,3570405,36453,2317199,22,271553,326,24898,65,4153,391,29051,74329,82951.29,6188221,6159170,0
"2021-04-20",40810,3611215,39629,2356828,19,271572,316,25214,80,4233,396,29447,80854,82049.86,6269075,6239628,0
"2021-04-21",38892,3650107,46020,2402848,16,271588,500,25714,97,4330,597,30044,85525,81329.86,6354600,6324556,0
"2021-04-22",38489,3688596,48964,2451812,9,271597,341,26055,74,4404,415,30459,87878,80114.86,6442478,6412019,0
"2021-04-23",39694,3728290,44384,2496196,3,271600,350,26405,75,4479,425,30884,84506,78767.86,6526984,6496100,0
"2021-04-24",31945,3760235,41605,2537801,44,271644,278,26683,62,4541,340,31224,73934,77903.57,6600918,6569694,0
"2021-04-25",18421,3778656,31227,2569028,87,271731,198,26881,57,4598,255,31479,49990,76716.57,6650908,6619429,0
"2021-04-26",26968,3805624,40737,2609765,1013,272744,287,27168,88,4686,375,31854,69093,75968.57,6720001,6688147,0
"2021-04-27",28573,3834197,47141,2656906,1699,274443,355,27523,92,4778,447,32301,77860,75540.86,6797861,6765560,0
"2021-04-28",27029,3861226,56843,2713749,2146,276589,436,27959,100,4878,536,32837,86554,75687.86,6884415,6851578,0
"2021-04-29",28611,3889837,57197,2770946,2148,278737,370,28329,99,4977,469,33306,88425,75766,6972840,6939534,0
"2021-04-30",30117,3919954,51989,2822935,2058,280795,284,28613,74,5051,358,33664,84523,75768.43,7057363,7023699,0
"2021-05-01",22478,3942432,44542,2867477,1177,281972,233,28846,64,5115,297,33961,68494,74991.29,7125857,7091896,0
"2021-05-02",11922,3954354,36655,2904132,1081,283053,142,28988,54,5169,196,34157,49854,74971.86,7175711,7141554,0
"2021-05-03",18022,3972376,53031,2957163,2383,285436,254,29242,92,5261,346,34503,73783,75641.86,7249494,7214991,0
"2021-05-04",22734,3995110,56654,3013817,2331,287767,269,29511,115,5376,384,34887,82103,76248,7331597,7296710,0
"2021-05-05",21479,4016589,48767,3062584,2313,290080,310,29821,100,5476,410,35297,72969,74307.29,7404566,7369269,0
"2021-05-06",20679,4037268,50177,3112761,2508,292588,274,30095,89,5565,363,35660,73727,72207.57,7478293,7442633,0
"2021-05-07",21252,4058520,52096,3164857,2812,295400,312,30407,77,5642,389,36049,76549,71068.43,7554842,7518793,0
"2021-05-08",16628,4075148,41868,3206725,1835,297235,232,30639,69,5711,301,36350,60632,69945.29,7615474,7579124,0
"2021-05-09",7972,4083120,29412,3236137,1260,298495,151,30790,56,5767,207,36557,38851,68373.43,7654325,7617768,0
"2021-05-10",14383,4097503,38535,3274672,2355,300850,236,31026,91,5858,327,36884,55600,65775.86,7709925,7673041,0
"2021-05-11",19911,4117414,43059,3317731,2514,303364,285,31311,86,5944,371,37255,65855,63454.71,7775780,7738525,0
"2021-05-12",17821,4135235,40547,3358278,3595,306959,231,31542,79,6023,310,37565,62273,61926.71,7838053,7800488,0
"2021-05-13",24969,4160204,40433,3398711,3230,310189,262,31804,77,6100,339,37904,68971,61247.29,7907024,7869120,0
"2021-05-14",27031,4187235,42923,3441634,3537,313726,267,32071,96,6196,363,38267,73854,60862.29,7980878,7942611,0
"2021-05-15",23650,4210885,34921,3476555,3365,317091,251,32322,75,6271,326,38593,62262,61095.14,8043140,8004547,0
"2021-05-16",15520,4226405,19454,3496009,2496,319587,123,32445,45,6316,168,38761,37638,60921.86,8080778,8042017,0
"2021-05-17",22671,4249076,29147,3525156,3254,322841,181,32626,67,6383,248,39009,55320,60881.86,8136098,8097089,0
"2021-05-18",24635,4273711,31910,3557066,3405,326246,241,32867,73,6456,314,39323,60264,60083.14,8196362,8157039,0
"2021-05-19",24187,4297898,29723,3586789,3040,329286,227,33094,48,6504,275,39598,57225,59362,8253587,8213989,0
"2021-05-20",24152,4322050,30101,3616890,3162,332448,264,33358,86,6590,350,39948,57765,57761.14,8311352,8271404,0
"2021-05-21",24677,4346727,32002,3648892,3057,335505,245,33603,60,6650,305,40253,60041,55787.86,8371393,8331140,0
"2021-05-22",20018,4366745,24367,3673259,2525,338030,163,33766,48,6698,211,40464,47121,53624.86,8418514,8378050,0
"2021-05-23",11230,4377975,13735,3686994,1411,339441,92,33858,32,6730,124,40588,26500,52033.71,8445014,8404426,0
"2021-05-24",18871,4396846,23163,3710157,2756,342197,213,34071,55,6785,268,40856,45058,50567.71,8490072,8449216,0
"2021-05-25",19430,4416276,23382,3733539,2603,344800,171,34242,57,6842,228,41084,45643,48479,8535715,8494631,0
"2021-05-26",18786,4435062,21092,3754631,2696,347496,199,34441,48,6890,247,41331,42821,46421.29,8578536,8537205,0
"2021-05-27",18467,4453529,21282,3775913,2529,350025,178,34619,60,6950,238,41569,42516,44242.86,8621052,8579483,0
"2021-05-28",17860,4471389,22884,3798797,2751,352776,188,34807,56,7006,244,41813,43739,41914,8664791,8622978,0
"2021-05-29",12708,4484097,17811,3816608,1755,354531,106,34913,39,7045,145,41958,32419,39813.71,8697210,8655252,0
"2021-05-30",7030,4491127,8949,3825557,1074,355605,48,34961,17,7062,65,42023,17118,38473.43,8714328,8672305,0
"2021-05-31",4742,4495869,6924,3832481,1012,356617,64,35025,17,7079,81,42104,12759,33859.29,8727087,8684983,0
"2021-06-01",16046,4511915,25195,3857676,2177,358794,154,35179,43,7122,197,42301,43615,33569.57,8770702,8728401,0
"2021-06-02",15355,4527270,20397,3878073,2095,360889,139,35318,48,7170,187,42488,38034,32885.71,8808736,8766248,0
"2021-06-03",15004,4542274,23824,3901897,2281,363170,128,35446,44,7214,172,42660,41281,32709.29,8850017,8807357,0
"2021-06-04",14723,4556997,25993,3927890,2492,365662,145,35591,40,7254,185,42845,43393,32659.86,8893410,8850565,0
"2021-06-05",10991,4567988,22090,3949980,1806,367468,116,35707,27,7281,143,42988,35030,33032.86,8928440,8885452,0
"2021-06-06",6443,4574431,14484,3964464,1222,368690,89,35796,13,7294,102,43090,22251,33766.14,8950691,8907601,0
"2021-06-07",11703,4586134,21783,3986247,2378,371068,139,35935,37,7331,176,43266,36040,37092,8986731,8943465,0
"2021-06-08",12634,4598768,24023,4010270,2072,373140,123,36058,46,7377,169,43435,38898,36418.14,9025629,8982194,0
"2021-06-09",11133,4609901,23028,4033298,2299,375439,135,36193,39,7416,174,43609,36634,36218.14,9062263,9018654,0
"2021-06-10",12063,4621964,22237,4055535,2462,377901,138,36331,59,7475,197,43806,36959,35600.71,9099222,9055416,0
"2021-06-11",12709,4634673,25123,4080658,2484,380385,156,36487,58,7533,214,44020,40530,35191.71,9139752,9095732,0
"2021-06-12",10162,4644835,19318,4099976,1888,382273,93,36580,43,7576,136,44156,31504,34688,9171256,9127100,0
"2021-06-13",4257,4649092,10933,4110909,1219,383492,41,36621,22,7598,63,44219,16472,33862.43,9187728,9143509,0
"2021-06-14",10208,4659300,19241,4130150,2043,385535,128,36749,51,7649,179,44398,31671,33238.29,9219399,9175001,0
"2021-06-15",11883,4671183,21018,4151168,1943,387478,131,36880,40,7689,171,44569,35015,32683.57,9254414,9209845,0
"2021-06-16",11588,4682771,19410,4170578,1957,389435,142,37022,68,7757,210,44779,33165,32188,9287579,9242800,0
"2021-06-17",11024,4693795,18761,4189339,1973,391408,123,37145,35,7792,158,44937,31916,31467.57,9319495,9274558,0
"2021-06-18",12166,4705961,18499,4207838,2116,393524,113,37258,36,7828,149,45086,32930,30381.86,9352425,9307339,0
"2021-06-19",8496,4714457,13518,4221356,1459,394983,83,37341,21,7849,104,45190,23577,29249.43,9376002,9330812,0
"2021-06-20",4336,4718793,7158,4228514,924,395907,36,37377,17,7866,53,45243,12471,28677.86,9388473,9343230,0
"2021-06-21",10163,4728956,10010,4238524,1807,397714,68,37445,27,7893,95,45338,22075,27307,9410548,9365210,0
"2021-06-22",9839,4738795,15641,4254165,1589,399303,105,37550,28,7921,133,45471,27202,26190.86,9437750,9392279,0
"2021-06-23",10311,4749106,15186,4269351,1863,401166,103,37653,30,7951,133,45604,27493,25380.57,9465243,9419639,0
"2021-06-24",9684,4758790,14700,4284051,1799,402965,120,37773,26,7977,146,45750,26329,24582.43,9491572,9445822,0
"2021-06-25",10589,4769379,14387,4298438,1721,404686,112,37885,38,8015,150,45900,26847,23713.43,9518419,9472519,0
"2021-06-26",7800,4777179,10466,4308904,1251,405937,74,37959,24,8039,98,45998,19615,23147.43,9538034,9492036,0
"2021-06-27",5001,4782180,6001,4314905,795,406732,33,37992,14,8053,47,46045,11844,23057.86,9549878,9503833,0
"2021-06-28",9035,4791215,10345,4325250,1526,408258,108,38100,26,8079,134,46179,21040,22910,9570918,9524739,0
"2021-06-29",9737,4800952,12326,4337576,1347,409605,124,38224,32,8111,156,46335,23566,22390.57,9594484,9548149,0
"2021-06-30",9434,4810386,10930,4348506,1487,411092,147,38371,16,8127,163,46498,22014,21607.86,9616498,9570000,0
"2021-07-01",9396,4819782,10929,4359435,1434,412526,130,38501,24,8151,154,46652,21913,20977,9638411,9591759,0
"2021-07-02",9693,4829475,11451,4370886,1541,414067,119,38620,22,8173,141,46793,22827,20402.71,9661238,9614445,0
"2021-07-03",7056,4836531,8418,4379304,1193,415260,78,38698,17,8190,95,46888,16762,19995.14,9678000,9631112,0
"2021-07-04",1288,4837819,1335,4380639,567,415827,9,38707,3,8193,12,46900,3202,18760.57,9681202,9634302,0
"2021-07-05",6497,4844316,7106,4387745,1208,417035,63,38770,22,8215,85,46985,14896,17882.86,9696098,9649113,0
"2021-07-06",9513,4853829,12851,4400596,1315,418350,115,38885,37,8252,152,47137,23831,17920.71,9719929,9672792,0
"2021-07-07",8665,4862494,11112,4411708,1419,419769,123,39008,19,8271,142,47279,21338,17824.14,9741267,9693988,0
"2021-07-08",8220,4870714,10193,4421901,1260,421029,107,39115,22,8293,129,47408,19802,17522.57,9761069,9713661,0
"2021-07-09",8373,4879087,10835,4432736,1278,422307,90,39205,18,8311,108,47516,20594,17203.57,9781663,9734147,0
"2021-07-10",7103,4886190,8635,4441371,1132,423439,62,39267,20,8331,82,47598,16952,17230.71,9798615,9751017,0
"2021-07-11",4105,4890295,4540,4445911,702,424141,35,39302,6,8337,41,47639,9388,18114.43,9808003,9760364,0
"2021-07-12",8447,4898742,9562,4455473,1251,425392,83,39385,23,8360,106,47745,19366,18753,9827369,9779624,0
"2021-07-13",9463,4908205,9394,4464867,952,426344,105,39490,34,8394,139,47884,19948,18198.29,9847317,9799433,0
"2021-07-14",9000,4917205,9533,4474400,1011,427355,105,39595,21,8415,126,48010,19670,17960,9866987,9818977,0
"2021-07-15",8793,4925998,9156,4483556,1054,428409,80,39675,19,8434,99,48109,19102,17860,9886089,9837980,0
"2021-07-16",9247,4935245,9762,4493318,981,429390,102,39777,29,8463,131,48240,20121,17792.43,9906210,9857970,0
"2021-07-17",6840,4942085,7386,4500704,803,430193,80,39857,20,8483,100,48340,15129,17532,9921339,9872999,0
"2021-07-18",4256,4946341,4284,4504988,576,430769,35,39892,13,8496,48,48388,9164,17500,9930503,9882115,0
"2021-07-19",9120,4955461,8478,4513466,999,431768,91,39983,22,8518,113,48501,18710,17406.29,9949213,9900712,0
"2021-07-20",10647,4966108,8759,4522225,991,432759,95,40078,25,8543,120,48621,20517,17487.57,9969730,9921109,0
"2021-07-21",10060,4976168,8766,4530991,904,433663,146,40224,33,8576,179,48800,19909,17521.71,9989639,9940839,0
"2021-07-22",10689,4986857,8587,4539578,1046,434709,144,40368,26,8602,170,48970,20492,17720.29,10010131,9961161,0
"2021-07-23",11252,4998109,8881,4548459,1114,435823,139,40507,23,8625,162,49132,21409,17904.29,10031540,9982408,0
"2021-07-24",7400,5005509,6741,4555200,670,436493,82,40589,24,8649,106,49238,14917,17874,10046457,9997219,0
"2021-07-25",5476,5010985,2126,4557326,509,437002,58,40647,4,8653,62,49300,8173,17732.43,10054630,10005330,0
"2021-07-26",10870,5021855,7006,4564332,859,437861,109,40756,20,8673,129,49429,18864,17754.43,10073494,10024065,0
"2021-07-27",12069,5033924,8570,4572902,857,438718,134,40890,38,8711,172,49601,21668,17918.86,10095162,10045561,0
"2021-07-28",12016,5045940,8053,4580955,950,439668,132,41022,27,8738,159,49760,21178,18100.14,10116340,10066580,0
"2021-07-29",10934,5056874,7432,4588387,984,440652,134,41156,38,8776,172,49932,19522,17961.57,10135862,10085930,0
"2021-07-30",14954,5071828,8015,4596402,1151,441803,182,41338,31,8807,213,50145,24333,18379.29,10160195,10110050,0
"2021-07-31",9723,5081551,6317,4602719,815,442618,121,41459,20,8827,141,50286,16996,18676.29,10177191,10126905,0
"2021-08-01",6500,5088051,3312,4606031,564,443182,81,41540,20,8847,101,50387,10477,19005.43,10187668,10137281,0
"2021-08-02",13450,5101501,7156,4613187,846,444028,145,41685,18,8865,163,50550,21615,19398.43,10209283,10158733,0
"2021-08-03",15412,5116913,8389,4621576,1109,445137,143,41828,38,8903,181,50731,25091,19887.43,10234374,10183643,0
"2021-08-04",17264,5134177,8130,4629706,1454,446591,181,42009,34,8937,215,50946,27063,20728.14,10261437,10210491,0
"2021-08-05",17886,5152063,7929,4637635,1370,447961,160,42169,21,8958,181,51127,27366,21848.71,10288803,10237676,0
"2021-08-06",18178,5170241,8414,4646049,1232,449193,167,42336,32,8990,199,51326,28023,22375.86,10316826,10265500,0
"2021-08-07",13387,5183628,6014,4652063,799,449992,99,42435,28,9018,127,51453,20327,22851.71,10337153,10285700,0
"2021-08-08",9310,5192938,3835,4655898,400,450392,82,42517,10,9028,92,51545,13637,23303.14,10350790,10299245,0
"2021-08-09",21346,5214284,8525,4664423,965,451357,169,42686,34,9062,203,51748,31039,24649.43,10381829,10330081,0
"2021-08-10",18946,5233230,9332,4673755,946,452303,180,42866,33,9095,213,51961,29437,25270.29,10411266,10359305,0
"2021-08-11",15646,5248876,8312,4682067,853,453156,128,42994,45,9140,173,52134,24984,24973.29,10436250,10384116,0
"2021-08-12",15063,5263939,8986,4691053,942,454098,172,43166,34,9174,206,52340,25197,24663.43,10461447,10409107,0
"2021-08-13",14924,5278863,9292,4700345,920,455018,241,43407,37,9211,278,52618,25415,24290.86,10486862,10434244,0
"2021-08-14",10398,5289261,6411,4706756,625,455643,531,43938,40,9251,571,53189,18005,23959.14,10504867,10451678,0
"2021-08-15",6693,5295954,4479,4711235,676,456319,567,44505,33,9284,600,53789,12448,23789.29,10517315,10463526,0
"2021-08-16",15718,5311672,9301,4720536,1150,457469,1321,45826,65,9349,1386,55175,27555,23291.57,10544870,10489695,0
"2021-08-17",17770,5329442,10457,4730993,1229,458698,1771,47597,84,9433,1855,57030,31311,23559.29,10576181,10519151,0
"2021-08-18",17495,5346937,10375,4741368,1260,459958,1989,49586,95,9528,2084,59114,31214,24449.29,10607395,10548281,0
"2021-08-19",16295,5363232,9525,4750893,1315,461273,1956,51542,66,9594,2022,61136,29157,25015,10636552,10575416,0
"2021-08-20",16282,5379514,11538,4762431,1254,462527,1859,53401,85,9679,1944,63080,31018,25815.43,10667570,10604490,0
"2021-08-21",11148,5390662,8037,4770468,878,463405,1061,54462,56,9735,1117,64197,21180,26269,10688750,10624553,0
"2021-08-22",4078,5394740,3903,4774371,262,463667,515,54977,34,9769,549,64746,8792,25746.71,10697542,10632796,0
"2021-08-23",15583,5410323,11807,4786178,1023,464690,1547,56524,75,9844,1622,66368,30036,26101.14,10727578,10661210,0
"2021-08-24",16913,5427236,12599,4798777,1006,465696,1774,58298,76,9920,1850,68218,32368,26252.14,10759946,10691728,0
"2021-08-25",14577,5441813,12450,4811227,1111,466807,1564,59862,77,9997,1641,69859,29779,26047.14,10789725,10719866,0
"2021-08-26",16154,5457967,14096,4825323,1071,467878,1773,61635,68,10065,1841,71700,33162,26619.29,10822887,10751187,0
"2021-08-27",14878,5472845,14825,4840148,971,468849,1672,63307,74,10139,1746,73446,32420,26819.57,10855307,10781861,0
"2021-08-28",10681,5483526,11524,4851672,835,469684,1014,64321,45,10184,1059,74505,24099,27236.57,10879406,10804901,0
"2021-08-29",7218,5490744,7493,4859165,541,470225,779,65100,58,10242,837,75342,16089,28279,10895495,10820153,0
"2021-08-30",15523,5506267,16928,4876093,1076,471301,1791,66891,86,10328,1877,77219,35404,29045.86,10930899,10853680,0
"2021-08-31",15512,5521779,15957,4892050,951,472252,1972,68863,88,10416,2060,79279,34480,29347.57,10965379,10886100,0
"2021-09-01",14829,5536608,14105,4906155,1020,473272,1809,70672,61,10477,1870,81149,31824,29639.71,10997203,10916054,0
"2021-09-02",14321,5550929,12525,4918680,896,474168,1708,72380,62,10539,1770,82919,29512,29118.29,11026715,10943796,0
"2021-09-03",15012,5565941,14309,4932989,974,475142,1894,74274,69,10608,1963,84882,32258,29095.14,11058973,10974091,0
"2021-09-04",9646,5575587,9405,4942394,688,475830,976,75250,33,10641,1009,85891,20748,28616.43,11079721,10993830,0
"2021-09-05",6801,5582388,5515,4947909,438,476268,712,75962,16,10657,728,86619,13482,28244,11093203,11006584,0
"2021-09-06",5196,5587584,4512,4952421,358,476626,271,76233,11,10668,282,86901,10348,24664.57,11103551,11016650,0
"2021-09-07",15572,5603156,17702,4970123,912,477538,1556,77789,88,10756,1644,88545,35830,24857.43,11139381,11050836,0
"2021-09-08",16159,5619315,14826,4984949,1072,478610,1772,79561,83,10839,1855,90400,33912,25155.71,11173293,11082893,0
"2021-09-09",16110,5635425,14751,4999700,1047,479657,1915,81476,74,10913,1989,92389,33897,25782.14,11207190,11114801,0
"2021-09-10",18367,5653792,15396,5015096,1208,480865,1973,83449,81,10994,2054,94443,37025,26463.14,11244215,11149772,0
"2021-09-11",12636,5666428,10349,5025445,958,481823,1027,84476,49,11043,1076,95519,25019,27073.29,11269234,11173715,0
"2021-09-12",8538,5674966,5052,5030497,766,482589,691,85167,29,11072,720,96239,15076,27301,11284310,11188071,0
"2021-09-13",16930,5691896,12962,5043459,976,483565,1655,86822,53,11125,1708,97947,32576,30476.43,11316886,11218939,0
"2021-09-14",16265,5708161,13676,5057135,886,484451,1596,88418,56,11181,1652,99599,32479,29997.71,11349365,11249766,0
"2021-09-15",15534,5723695,12888,5070023,727,485178,1568,89986,80,11261,1648,101247,30797,29552.71,11380162,11278915,0
"2021-09-16",15338,5739033,13912,5083935,1209,486387,1460,91446,66,11327,1526,102773,31985,29279.57,11412147,11309374,0
"2021-09-17",14434,5753467,13961,5097896,922,487309,1832,93278,57,11384,1889,104662,31206,28448.29,11443353,11338691,0
"2021-09-18",9997,5763464,10185,5108081,913,488222,1047,94325,41,11425,1088,105750,22183,28043.14,11465536,11359786,0
"2021-09-19",6177,5769641,6073,5114154,558,488780,747,95072,29,11454,776,106526,13584,27830,11479120,11372594,0
"2021-09-20",12675,5782316,12632,5126786,1068,489848,1923,96995,58,11512,1981,108507,28356,27227.14,11507476,11398969,0
"2021-09-21",12231,5794547,12769,5139555,1109,490957,2028,99023,77,11589,2105,110612,28214,26617.86,11535690,11425078,0
"2021-09-22",12821,5807368,12005,5151560,1090,492047,1685,100708,68,11657,1753,112365,27669,26171,11563359,11450994,0
"2021-09-23",14935,5822303,12762,5164322,1639,493686,2268,102976,73,11730,2341,114706,31677,26127,11595036,11480330,0
"2021-09-24",16445,5838748,13368,5177690,1636,495322,4628,107604,114,11844,4742,119448,36191,26839.14,11631227,11511779,0
"2021-09-25",10539,5849287,9024,5186714,1018,496340,3464,111068,75,11919,3539,122987,24120,27115.86,11655347,11532360,0
"2021-09-26",6299,5855586,5762,5192476,773,497113,2424,113492,59,11978,2483,125470,15317,27363.43,11670664,11545194,0
"2021-09-27",14160,5869746,8057,5200533,1155,498268,9068,122560,157,12135,9225,134695,32598,27969.43,11703262,11568567,0
"2021-09-28",11138,5880884,11782,5212315,902,499170,9918,132478,176,12311,10094,144789,33916,28784,11737178,11592389,0
"2021-09-29",11605,5892489,12194,5224509,1205,500375,9452,141930,164,12475,9616,154405,34621,29777.14,11771799,11617394,0
"2021-09-30",12236,5904725,12606,5237115,1338,501713,9746,151676,176,12651,9922,164327,36102,30409.29,11807901,11643574,0
"2021-10-01",12637,5917362,13434,5250549,1284,502997,10270,161946,148,12799,10418,174745,37773,30635.29,11845674,11670929,0
"2021-10-02",7729,5925091,9977,5260526,865,503862,4244,166190,75,12874,4319,179064,22890,30459.57,11868564,11689500,0
"2021-10-03",5071,5930162,6158,5266684,593,504455,2614,168804,57,12931,2671,181735,14493,30341.86,11883057,11701322,0
"2021-10-04",9908,5940070,11021,5277705,913,505368,9528,178332,142,13073,9670,191405,31512,30186.71,11914569,11723164,0
"2021-10-05",10156,5950226,11739,5289444,972,506340,9939,188271,177,13250,10116,201521,32983,30053.43,11947552,11746031,0
"2021-10-06",9898,5960124,11052,5300496,936,507276,9930,198201,158,13408,10088,211609,31974,29675.29,11979526,11767917,0
"2021-10-07",9615,5969739,12155,5312651,850,508126,10180,208381,168,13576,10348,221957,32968,29227.57,12012494,11790537,0
"2021-10-08",9451,5979190,12175,5324826,941,509067,10913,219294,163,13739,11076,233033,33643,28637.57,12046137,11813104,0
"2021-10-09",6243,5985433,8236,5333062,643,509710,4119,223413,87,13826,4206,237239,19328,28128.71,12065465,11828226,0
"2021-10-10",3541,5988974,5028,5338090,458,510168,2434,225847,44,13870,2478,239717,11505,27701.86,12076970,11837253,0
"2021-10-11",7617,5996591,9335,5347425,728,510896,8890,234737,162,14032,9052,248769,26732,27019,12103702,11854933,0
"2021-10-12",8070,6004661,10994,5358419,891,511787,10523,245260,179,14211,10702,259471,30657,26686.71,12134359,11874888,0
"2021-10-13",7149,6011810,10147,5368566,869,512656,8801,254061,177,14388,8978,268449,27143,25996.57,12161502,11893053,0
"2021-10-14",7437,6019247,11114,5379680,836,513492,10122,264183,161,14549,10283,278732,29670,25525.43,12191172,11912440,0
"2021-10-15",7720,6026967,11853,5391533,823,514315,10827,275010,169,14718,10996,289728,31392,25203.86,12222564,11932836,0
"2021-10-16",4863,6031830,7469,5399002,666,514981,3844,278854,65,14783,3909,293637,16907,24858,12239471,11945834,0
"2021-10-17",3056,6034886,4474,5403476,411,515392,2451,281305,43,14826,2494,296131,10435,24705.14,12249906,11953775,0
"2021-10-18",7048,6041934,10666,5414142,796,516188,9484,290789,175,15001,9659,305790,28169,24910.43,12278075,11972285,0
"2021-10-19",6572,6048506,8945,5423087,804,516992,9095,299884,169,15170,9264,315054,25585,24185.86,12303660,11988606,0
"2021-10-20",6530,6055036,9372,5432459,975,517967,9999,309883,173,15343,10172,325226,27049,24172.43,12330709,12005483,0
"2021-10-21",7024,6062060,9385,5441844,858,518825,10847,320730,150,15493,10997,336223,28264,23971.57,12358973,12022750,0
"2021-10-22",8115,6070175,10346,5452190,1026,519851,16355,337085,212,15705,16567,352790,36054,24637.57,12395027,12042237,0
"2021-10-23",5165,6075340,6459,5458649,690,520541,9125,346210,115,15820,9240,362030,21554,25301.43,12416581,12054551,0
"2021-10-24",3272,6078612,3970,5462619,769,521310,6158,352368,75,15895,6233,368263,14244,25845.57,12430825,12062562,0
"2021-10-25",8759,6087371,8742,5471361,1150,522460,19253,371621,294,16189,19547,387810,38198,27278.29,12469023,12081213,0
"2021-10-26",8195,6095566,7722,5479083,1258,523718,17293,388914,262,16451,17555,405365,34730,28584.71,12503753,12098388,0
"2021-10-27",10552,6106118,8393,5487476,1605,525323,20863,409777,317,16768,21180,426545,41730,30682,12545483,12118938,0
"2021-10-28",11325,6117443,8034,5495510,1793,527116,20850,430627,315,17083,21165,447710,42317,32689.57,12587800,12140090,0
"2021-10-29",11848,6129291,8240,5503750,1958,529074,22542,453169,325,17408,22867,470577,44914,33955.29,12632714,12162137,0
"2021-10-30",4632,6133923,5063,5508813,930,530004,11172,464341,162,17570,11334,481911,21959,34013.14,12654673,12172762,0
"2021-10-31",2662,6136585,2702,5511515,544,530548,6637,470978,99,17669,6736,488647,12644,33784.57,12667317,12178670,0
"2021-11-01",7131,6143716,6954,5518469,1089,531637,20391,491369,322,17991,20713,509360,35887,33454.43,12703204,12193844,0
"2021-11-02",6578,6150294,6590,5525059,1054,532691,20789,512158,264,18255,21053,530413,35275,33532.29,12738479,12208066,0
"2021-11-03",6847,6157141,6682,5531741,1026,533717,20635,532793,304,18559,20939,551352,35496,32641.71,12773975,12222623,0
"2021-11-04",9308,6166449,6278,5538019,996,534713,22371,555164,344,18903,22715,574067,39297,32210.29,12813272,12239205,0
"2021-11-05",11047,6177496,6722,5544741,1051,535764,23768,578932,349,19252,24117,598184,42937,31927.86,12856209,12258025,0
"2021-11-06",11129,6188625,4052,5548793,594,536358,12598,591530,168,19420,12766,610950,28541,32868.14,12884750,12273800,0
"2021-11-07",7253,6195878,2286,5551079,577,536935,7110,598640,94,19514,7204,618154,17320,33536.14,12902070,12283916,0
"2021-11-08",15049,6210927,5680,5556759,864,537799,19518,618158,273,19787,19791,637945,41384,34321.43,12943454,12305509,0
"2021-11-09",16145,6227072,5389,5562148,660,538459,20517,638675,268,20055,20785,658730,42979,35422,12986433,12327703,0
"2021-11-10",16927,6243999,5322,5567470,683,539142,22656,661331,287,20342,22943,681673,45875,36904.71,13032308,12350635,0
"2021-11-11",12563,6256562,5185,5572655,759,539901,22094,683425,284,20626,22378,704051,40885,37131.57,13073193,12369142,0
"2021-11-12",16884,6273446,5686,5578341,705,540606,23414,706839,352,20978,23766,727817,47041,37717.86,13120234,12392417,0
"2021-11-13",9936,6283382,3663,5582004,463,541069,13333,720172,178,21156,13511,741328,27573,37579.57,13147807,12406479,0
"2021-11-14",6009,6289391,2290,5584294,325,541394,7938,728110,76,21232,8014,749342,16638,37482.14,13164445,12415103,0
"2021-11-15",13209,6302600,5972,5590266,690,542084,25117,753227,355,21587,25472,774814,45343,38047.71,13209788,12434974,0
"2021-11-16",9961,6312561,5782,5596048,654,542738,30675,783902,415,22002,31090,805904,47488,38691.86,13257276,12451372,0
"2021-11-17",10299,6322860,6673,5602721,681,543419,31427,815329,408,22410,31835,837739,49488,39208,13306764,12469025,0
"2021-11-18",10723,6333583,6538,5609259,857,544276,33021,848350,449,22859,33470,871209,51588,40737,13358352,12487143,0
"2021-11-19",12013,6345596,6546,5615805,715,544991,36253,884603,449,23308,36702,907911,55976,42013.43,13414328,12506417,0
"2021-11-20",9325,6354921,3417,5619222,513,545504,22516,907119,255,23563,22771,930682,36026,43221,13450354,12519672,0
"2021-11-21",4941,6359862,1888,5621110,288,545792,13207,920326,149,23712,13356,944038,20473,43768.86,13470827,12526789,0
"2021-11-22",10426,6370288,5787,5626897,750,546542,35945,956271,432,24144,36377,980415,53341,44911.43,13524168,12543753,0
"2021-11-23",9780,6380068,4784,5631681,636,547178,33531,989802,367,24511,33898,1014313,49099,45141.57,13573267,12558954,0
"2021-11-24",8703,6388771,4750,5636431,650,547828,25926,1015728,280,24791,26206,1040519,40309,43830.29,13613576,12573057,0
"2021-11-25",448,6389219,326,5636757,80,547908,1003,1016731,9,24800,1012,1041531,1866,36727.14,13615442,12573911,0
"2021-11-26",8055,6397274,6988,5643745,528,548436,26598,1043329,290,25090,26888,1068419,42459,34796.14,13657901,12589482,0
"2021-11-27",6675,6403949,6835,5650580,371,548807,18851,1062180,218,25308,19069,1087488,32951,34356.86,13690852,12603364,0
"2021-11-28",4073,6408022,5792,5656372,282,549089,11897,1074077,116,25424,12013,1099501,22160,34597.86,13713012,12613511,0
"2021-11-29",9099,6417121,10999,5667371,687,549776,35090,1109167,426,25850,35516,1135017,56301,35020.71,13769313,12634296,0
"2021-11-30",10494,6427615,11443,5678814,513,550289,37798,1146965,486,26336,38284,1173301,60734,36682.86,13830047,12656746,0
"2021-12-01",11184,6438799,10983,5689797,725,551014,40365,1187330,433,26769,40798,1214099,63691,40023.14,13893738,12679639,0
"2021-12-02",11651,6450450,11037,5700834,626,551640,42175,1229505,446,27215,42621,1256720,65935,49175.86,13959673,12702953,0
"2021-12-03",13470,6463920,12891,5713725,674,552314,47964,1277469,509,27724,48473,1305193,75508,53897.14,14035181,12729988,0
"2021-12-04",9851,6473771,11292,5725017,567,552881,30686,1308155,300,28024,30986,1336179,52696,56717.86,14087877,12751698,0
"2021-12-05",5757,6479528,5704,5730721,270,553151,16661,1324816,127,28151,16788,1352967,28519,57626.29,14116396,12763429,0
"2021-12-06",12325,6491853,9962,5740683,600,553751,43263,1368079,438,28589,43701,1396668,66588,59095.86,14182984,12786316,0
"2021-12-07",12574,6504427,9256,5749939,624,554375,43062,1411141,494,29083,43556,1440224,66010,59849.57,14248994,12808770,0
"2021-12-08",13522,6517949,8775,5758714,555,554930,40810,1451951,462,29545,41272,1481496,64124,59911.43,14313118,12831622,0
"2021-12-09",13480,6531429,8752,5767466,555,555485,40843,1492794,482,30027,41325,1522821,64112,59651,14377230,12854409,0
"2021-12-10",14028,6545457,10150,5777616,670,556155,43684,1536478,487,30514,44171,1566992,69019,58724,14446249,12879257,0
"2021-12-11",10274,6555731,8128,5785744,405,556560,26709,1563187,272,30786,26981,1593973,45789,57737.29,14492038,12898065,0
"2021-12-12",6015,6561746,3855,5789599,288,556848,15174,1578361,131,30917,15305,1609278,25463,57300.71,14517501,12908223,0
"2021-12-13",12216,6573962,7435,5797034,657,557505,37892,1616253,390,31307,38282,1647560,58590,56158.14,14576091,12928531,0
"2021-12-14",12225,6586187,6962,5803996,730,558235,38166,1654419,426,31733,38592,1686152,58509,55086.57,14634600,12948448,0
"2021-12-15",12096,6598283,6247,5810243,755,558990,38147,1692566,479,32212,38626,1724778,57725,54172.43,14692325,12967547,0
"2021-12-16",13168,6611451,4276,5814519,742,559732,41108,1733674,441,32653,41549,1766327,59735,53547.14,14752060,12985733,0
"2021-12-17",15935,6627386,6932,5821451,620,560352,46805,1780479,470,33123,47275,1813602,70762,53796.14,14822822,13009220,0
"2021-12-18",13015,6640401,5722,5827173,432,560784,30630,1811109,266,33389,30896,1844498,50065,54407,14872887,13028389,0
"2021-12-19",7014,6647415,2992,5830165,326,561110,18015,1829124,170,33559,18185,1862683,28517,54843.29,14901404,13038721,0
"2021-12-20",16854,6664269,5867,5836032,746,561856,47479,1876603,561,34120,48040,1910723,71507,56688.57,14972911,13062188,0
"2021-12-21",17961,6682230,6569,5842601,806,562662,48929,1925532,579,34699,49508,1960231,74844,59022.14,15047755,13087524,0
"2021-12-22",18535,6700765,6565,5849166,938,563600,49737,1975269,527,35226,50264,2010495,76302,61676,15124057,13113562,0
"2021-12-23",19035,6719800,6489,5855655,930,564530,45875,2021144,517,35743,46392,2056887,72846,63549,15196903,13140016,0
"2021-12-24",9234,6729034,2954,5858609,598,565128,20603,2041747,210,35953,20813,2077700,33599,58240,15230502,13152802,0
"2021-12-25",344,6729378,63,5858672,31,565159,427,2042174,8,35961,435,2078135,873,51212.57,15231375,13153240,0
"2021-12-26",7959,6737337,3927,5862599,340,565499,17289,2059463,172,36133,17461,2095596,29687,51379.71,15261062,13165466,0
"2021-12-27",21783,6759120,9202,5871801,934,566433,43455,2102918,545,36678,44000,2139596,75919,52010,15336981,13197385,0
"2021-12-28",20159,6779279,8333,5880134,701,567134,47588,2150506,604,37282,48192,2187788,77385,52373,15414366,13226578,0
"2021-12-29",18496,6797775,7673,5887807,607,567741,45582,2196088,475,37757,46057,2233845,72833,51877.43,15487199,13253354,0
"2021-12-30",16886,6814661,7423,5895230,588,568329,44850,2240938,576,38333,45426,2279271,70323,51517,15557522,13278251,0
"2021-12-31",5355,6820016,2806,5898036,193,568522,14771,2255709,180,38513,14951,2294222,23305,50046.43,15580827,13286605,0
"2022-01-01",243,6820259,147,5898183,12,568534,501,2256210,22,38535,523,2294745,925,50053.86,15581752,13287007,0
"2022-01-02",6427,6826686,5023,5903206,153,568687,10982,2267192,110,38645,11092,2305837,22695,49055,15604447,13298610,0
"2022-01-03",14125,6840811,8501,5911707,514,569201,26950,2294142,341,38986,27291,2333128,50431,45413.86,15654878,13321750,0
"2022-01-04",12819,6853630,8122,5919829,415,569616,27232,2321374,360,39346,27592,2360720,48948,41351.43,15703826,13343106,0
"2022-01-05",11339,6864969,7011,5926840,382,569998,25980,2347354,306,39652,26286,2387006,45018,37377.86,15748844,13361838,0
"2022-01-06",11385,6876354,7390,5934230,483,570481,27609,2374963,331,39983,27940,2414946,47198,34074.29,15796042,13381096,0
"2022-01-07",10242,6886596,8442,5942672,339,570820,25138,2400101,319,40302,25457,2440403,44481,37099.43,15840523,13400120,0
"2022-01-08",7838,6894434,8563,5951235,310,571130,19482,2419583,178,40480,19660,2460063,36372,42163.29,15876895,13416832,0
"2022-01-09",4126,6898560,3844,5955079,214,571344,10068,2429651,92,40572,10160,2470223,18344,41541.71,15895239,13425016,0
"2022-01-10",10172,6908732,8192,5963271,490,571834,24615,2454266,297,40869,24912,2495135,43766,40589.57,15939005,13443870,0
"2022-01-11",8886,6917618,7988,5971259,521,572355,21027,2475293,284,41153,21311,2516446,38708,39126.71,15977713,13461267,0
"2022-01-12",8932,6926550,8328,5979587,427,572782,22349,2497642,286,41439,22635,2539081,40322,38455.86,16018035,13478954,0
"2022-01-13",9044,6935594,8865,5988452,451,573233,22887,2520529,315,41754,23202,2562283,41563,37650.86,16059598,13497315,0
"2022-01-14",10100,6945694,8119,5996571,476,573709,26435,2546964,326,42080,26761,2589044,45456,37790.14,16105054,13516010,0
"2022-01-15",6204,6951898,4308,6000879,178,573887,15146,2562110,176,42256,15322,2604366,26012,36310.14,16131066,13526700,0
"2022-01-16",2915,6954813,3249,6004128,95,573982,7826,2569936,83,42339,7909,2612275,14168,35713.57,16145234,13532959,0
"2022-01-17",6071,6960884,6754,6010882,363,574345,14682,2584618,219,42558,14901,2627176,28089,33474,16173323,13546147,0
"2022-01-18",8152,6969036,10323,6021205,396,574741,19672,2604290,316,42874,19988,2647164,38859,33495.57,16212182,13565018,0
"2022-01-19",7454,6976490,9247,6030452,304,575045,17726,2622016,270,43144,17996,2665160,35002,32735.57,16247184,13582024,0
"2022-01-20",6273,6982763,8562,6039014,305,575350,15257,2637273,243,43387,15500,2680660,30640,31175.14,16277824,13597164,0
"2022-01-21",7562,6990325,7509,6046523,276,575626,18515,2655788,280,43667,18795,2699455,34142,29558.86,16311966,13612511,0
"2022-01-22",5184,6995509,4935,6051458,131,575757,11327,2667115,126,43793,11453,2710908,21703,28943.29,16333669,13622761,0
"2022-01-23",2810,6998319,3327,6054785,97,575854,6231,2673346,76,43869,6307,2717215,12541,28710.86,16346210,13628995,0
"2022-01-24",6358,7004677,8205,6062990,262,576116,15081,2688427,238,44107,15319,2732534,30144,29004.43,16376354,13643820,0
"2022-01-25",6183,7010860,7936,6070926,232,576348,14697,2703124,257,44364,14954,2747488,29305,27639.57,16405659,13658171,0
"2022-01-26",5746,7016606,7175,6078101,289,576637,14021,2717145,209,44573,14230,2761718,27440,26559.29,16433099,13671381,0
"2022-01-27",5250,7021856,7092,6085193,321,576958,14090,2731235,228,44801,14318,2776036,26981,26036.57,16460080,13684044,0
"2022-01-28",6250,7028106,7877,6093070,203,577161,16134,2747369,238,45039,16372,2792408,30702,25545.14,16490782,13698374,0
"2022-01-29",840,7028946,728,6093798,28,577189,2539,2749908,39,45078,2578,2794986,4174,23041,16494956,13699970,0
"2022-01-30",2094,7031040,3022,6096820,103,577292,4538,2754446,63,45141,4601,2799587,9820,22652.29,16504776,13705189,0
"2022-01-31",5000,7036040,6593,6103413,220,577512,11395,2765841,197,45338,11592,2811179,23405,21689.57,16528181,13717002,0
"2022-02-01",4827,7040867,6440,6109853,219,577731,10720,2776561,217,45555,10937,2822116,22423,20706.43,16550604,13728488,0
"2022-02-02",4254,7045121,5932,6115785,213,577944,11236,2787797,243,45798,11479,2833595,21878,19911.86,16572482,13738887,0
"2022-02-03",4224,7049345,5815,6121600,216,578160,11221,2799018,200,45998,11421,2845016,21676,19154,16594158,13749142,0
"2022-02-04",4761,7054106,7115,6128715,214,578374,13220,2812238,239,46237,13459,2858475,25549,18417.86,16619707,13761232,0
"2022-02-05",3577,7057683,6049,6134764,110,578484,8581,2820819,151,46388,8732,2867207,18468,20459.86,16638175,13770968,0
"2022-02-06",2062,7059745,2138,6136902,121,578605,4637,2825456,102,46490,4739,2871946,9061,20351.43,16647236,13775290,0
"2022-02-07",4149,7063894,4731,6141633,205,578810,10136,2835592,232,46722,10368,2882314,19453,19786.86,16666689,13784375,0
"2022-02-08",4215,7068109,5609,6147242,214,579024,11333,2846925,302,47024,11635,2893949,21673,19679.71,16688362,13794413,0
"2022-02-09",4130,7072239,5403,6152645,223,579247,11666,2858591,253,47277,11919,2905868,21675,19650.71,16710037,13804169,0
"2022-02-10",3991,7076230,5124,6157769,245,579492,12201,2870792,285,47562,12486,2918354,21846,19675,16731883,13813529,0
"2022-02-11",4511,7080741,5807,6163576,195,579687,13735,2884527,319,47881,14054,2932408,24567,19534.71,16756450,13824042,0
"2022-02-12",3257,7083998,4342,6167918,97,579784,8810,2893337,213,48094,9023,2941431,16719,19284.86,16773169,13831738,0
"2022-02-13",1520,7085518,1544,6169462,41,579825,4880,2898217,111,48205,4991,2946422,8096,19147,16781265,13834843,0
"2022-02-14",2983,7088501,3624,6173086,167,579992,10569,2908786,325,48530,10894,2957316,17668,18892,16798933,13841617,0
"2022-02-15",3551,7092052,4076,6177162,175,580167,12784,2921570,282,48812,13066,2970382,20868,18777,16819801,13849419,0
"2022-02-16",3649,7095701,3908,6181070,200,580367,15730,2937300,295,49107,16025,2986407,23782,19078,16843583,13857176,0
"2022-02-17",4034,7099735,4081,6185151,162,580529,18277,2955577,357,49464,18634,3005041,26911,19801.57,16870494,13865453,0
"2022-02-18",4466,7104201,4788,6189939,189,580718,21536,2977113,452,49916,21988,3027029,31431,20782.14,16901925,13874896,0
"2022-02-19",3251,7107452,2182,6192121,65,580783,11183,2988296,215,50131,11398,3038427,16896,20807.43,16918821,13880394,0
"2022-02-20",1855,7109307,1443,6193564,59,580842,6588,2994884,112,50243,6700,3045127,10057,21087.57,16928878,13883751,0
"2022-02-21",3083,7112390,2695,6196259,95,580937,8352,3003236,229,50472,8581,3053708,14454,20628.43,16943332,13889624,0
"2022-02-22",4377,7116767,4251,6200510,175,581112,10837,3014073,251,50723,11088,3064796,19891,20488.86,16963223,13898427,0
"2022-02-23",4259,7121026,3789,6204299,145,581257,10671,3024744,240,50963,10911,3075707,19104,19820.57,16982327,13906620,0
"2022-02-24",3793,7124819,3657,6207956,108,581365,10193,3034937,227,51190,10420,3086127,17978,18544.43,17000305,13914178,0
"2022-02-25",3613,7128432,3629,6211585,135,581500,9982,3044919,237,51427,10219,3096346,17596,16568,17017901,13921555,0
"2022-02-26",2834,7131266,2579,6214164,74,581574,9515,3054434,152,51579,9667,3106013,15154,16319.14,17033055,13927042,0
"2022-02-27",1770,7133036,1374,6215538,52,581626,6267,3060701,101,51680,6368,3112381,9564,16248.71,17042619,13930238,0
"2022-02-28",3798,7136834,3135,6218673,141,581767,13136,3073837,247,51927,13383,3125764,20457,17106.29,17063076,13937312,0
"2022-03-01",2133,7138967,2629,6221302,103,581870,5179,3079016,185,52112,5364,3131128,10229,15726,17073305,13942177,0
"2022-03-02",1836,7140803,2444,6223746,107,581977,4131,3083147,208,52320,4339,3135467,8726,14243.43,17082031,13946564,0
"2022-03-03",1936,7142739,2556,6226302,106,582083,3798,3086945,170,52490,3968,3139435,8566,12898.86,17090597,13951162,0
"2022-03-04",2124,7144863,2874,6229176,66,582149,4329,3091274,207,52697,4536,3143971,9600,11756.57,17100197,13956226,0
"2022-03-05",1612,7146475,2123,6231299,43,582192,3320,3094594,115,52812,3435,3147406,7213,10622.14,17107410,13960004,0
"2022-03-06",797,7147272,879,6232178,30,582222,1624,3096218,55,52867,1679,3149085,3385,9739.43,17110795,13961710,0
"2022-03-07",1667,7148939,1787,6233965,86,582308,3498,3099716,162,53029,3660,3152745,7200,7845.57,17117995,13965250,0
"2022-03-08",1550,7150489,1894,6235859,79,582387,3125,3102841,149,53178,3274,3156019,6797,7355.29,17124792,13968773,0
"2022-03-09",1266,7151755,1680,6237539,79,582466,2587,3105428,130,53308,2717,3158736,5742,6929,17130534,13971798,0
"2022-03-10",1418,7153173,2101,6239640,85,582551,2961,3108389,162,53470,3123,3161859,6727,6666.29,17137261,13975402,0
"2022-03-11",1601,7154774,2273,6241913,81,582632,3211,3111600,190,53660,3401,3165260,7356,6345.71,17144617,13979357,0
"2022-03-12",877,7155651,1416,6243329,42,582674,2008,3113608,75,53735,2083,3167343,4418,5946.43,17149035,13981692,0
"2022-03-13",624,7156275,757,6244086,28,582702,1291,3114899,48,53783,1339,3168682,2748,5855.43,17151783,13983101,0
"2022-03-14",1374,7157649,1608,6245694,83,582785,2990,3117889,207,53990,3197,3171879,6262,5721.43,17158045,13986166,0
"2022-03-15",1359,7159008,1928,6247622,63,582848,3068,3120957,230,54220,3298,3175177,6648,5700.14,17164693,13989516,0
"2022-03-16",1397,7160405,2066,6249688,94,582942,3137,3124094,295,54515,3432,3178609,6989,5878.29,17171682,13993073,0
"2022-03-17",1193,7161598,1806,6251494,70,583012,2761,3126855,266,54781,3027,3181636,6096,5788.14,17177778,13996142,0
"2022-03-18",1593,7163191,2218,6253712,79,583091,3771,3130626,415,55196,4186,3185822,8076,5891,17185854,14000032,0
"2022-03-19",1112,7164303,1732,6255444,54,583145,2601,3133227,227,55423,2828,3188650,5726,6077.86,17191580,14002930,0
"2022-03-20",610,7164913,629,6256073,33,583178,1465,3134692,186,55609,1651,3190301,2923,6102.86,17194503,14004202,0
"2022-03-21",1420,7166333,1554,6257627,72,583250,3057,3137749,357,55966,3414,3193715,6460,6131.14,17200963,14007248,0
"2022-03-22",1345,7167678,1555,6259182,101,583351,2904,3140653,344,56310,3248,3196963,6249,6074.14,17207212,14010249,0
"2022-03-23",1260,7168938,1360,6260542,66,583417,2922,3143575,374,56684,3296,3200259,5982,5930.29,17213194,14012935,0
"2022-03-24",1213,7170151,1299,6261841,90,583507,2519,3146094,269,56953,2788,3203047,5390,5829.43,17218584,14015537,0
"2022-03-25",1386,7171537,1630,6263471,62,583569,3266,3149360,379,57332,3645,3206692,6723,5636.14,17225307,14018615,0
"2022-03-26",927,7172464,1162,6264633,36,583605,2308,3151668,250,57582,2558,3209250,4683,5487.14,17229990,14020740,0
"2022-03-27",574,7173038,528,6265161,29,583634,1312,3152980,204,57786,1516,3210766,2647,5447.71,17232637,14021871,0
"2022-03-28",1085,7174123,1164,6266325,69,583703,2439,3155419,364,58150,2803,3213569,5121,5256.43,17237758,14024189,0
"2022-03-29",1052,7175175,1104,6267429,85,583788,2513,3157932,880,59030,3393,3216962,5634,5168.57,17243392,14026430,0
"2022-03-30",1246,7176421,1142,6268571,98,583886,3063,3160995,3409,62439,6472,3223434,8958,5593.71,17252350,14028916,0
"2022-03-31",1286,7177707,1259,6269830,57,583943,3167,3164162,5508,67947,8675,3232109,11278,6434.86,17263628,14031519,0
"2022-04-01",1429,7179136,1495,6271325,76,584019,3250,3167412,6902,74849,10152,3242261,13152,7353.29,17276780,14034519,0
"2022-04-02",911,7180047,911,6272236,33,584052,2095,3169507,4528,79377,6623,3248884,8478,7895.43,17285258,14036374,0
"2022-04-03",556,7180603,497,6272733,28,584080,1226,3170733,3049,82426,4275,3253159,5356,8282.43,17290614,14037455,0
"2022-04-04",1352,7181955,1307,6274040,61,584141,2737,3173470,7699,90125,10436,3263595,13156,9430.29,17303770,14040175,0
"2022-04-05",1303,7183258,1161,6275201,66,584207,2853,3176323,7481,97606,10334,3273929,12864,10463.14,17316634,14042705,0
"2022-04-06",1343,7184601,1180,6276381,61,584268,2624,3178947,6956,104562,9580,3283509,12164,10921.14,17328798,14045289,0
"2022-04-07",1207,7185808,1066,6277447,57,584325,2376,3181323,6609,111171,8985,3292494,11315,10926.43,17340113,14047619,0
"2022-04-08",1483,7187291,1407,6278854,61,584386,3171,3184494,8781,119952,11952,3304446,14903,11176.57,17355016,14050570,0
"2022-04-09",914,7188205,924,6279778,29,584415,2082,3186576,4945,124897,7027,3311473,8894,11236,17363910,14052437,0
"2022-04-10",584,7188789,461,6280239,25,584440,1168,3187744,2897,127794,4065,3315538,5135,11204.43,17369045,14053507,0
"2022-04-11",1312,7190101,1239,6281478,59,584499,2667,3190411,7799,135593,10466,3326004,13076,11193,17382121,14056117,0
"2022-04-12",1222,7191323,1057,6282535,73,584572,2526,3192937,7415,143008,9941,3335945,12293,11111.43,17394414,14058469,0
"2022-04-13",1240,7192563,1079,6283614,59,584631,2518,3195455,7535,150543,10053,3345998,12431,11149.57,17406845,14060847,0
"2022-04-14",1274,7193837,1099,6284713,59,584690,2446,3197901,6571,157114,9017,3355015,11449,11168.71,17418294,14063279,0
"2022-04-15",1339,7195176,1100,6285813,53,584743,2574,3200475,6614,163728,9188,3364203,11680,10708.29,17429974,14065771,0
"2022-04-16",858,7196034,654,6286467,34,584777,1646,3202121,3680,167408,5326,3369529,6872,10419.43,17436846,14067317,0
"2022-04-17",346,7196380,202,6286669,27,584804,639,3202760,1156,168564,1795,3371324,2370,10024.43,17439216,14067892,0
"2022-04-18",1392,7197772,1118,6287787,82,584886,2587,3205347,6410,174974,8997,3380321,11589,9812,17450805,14070484,0
"2022-04-19",1423,7199195,938,6288725,72,584958,2578,3207925,5741,180715,8319,3388640,10752,9591.86,17461557,14072917,0
"2022-04-20",1316,7200511,1160,6289885,65,585023,2716,3210641,6625,187340,9341,3397981,11882,9513.43,17473439,14075458,0
"2022-04-21",1229,7201740,1063,6290948,53,585076,2332,3212973,5335,192675,7667,3405648,10012,9308.14,17483451,14077803,0
"2022-04-22",1215,7202955,1026,6291974,46,585122,2202,3215175,5637,198312,7839,3413487,10127,9086.29,17493578,14080091,0
"2022-04-23",717,7203672,749,6292723,59,585181,1427,3216602,3348,201660,4775,3418262,6300,9004.57,17499878,14081616,0
"2022-04-24",442,7204114,338,6293061,27,585208,813,3217415,1811,203471,2624,3420886,3431,9156.14,17503309,14082423,0
"2022-04-25",1033,7205147,916,6293977,64,585272,1851,3219266,5090,208561,6941,3427827,8954,8779.71,17512263,14084436,0
"2022-04-26",952,7206099,858,6294835,76,585348,1750,3221016,4691,213252,6441,3434268,8327,8433.29,17520590,14086322,0
"2022-04-27",1039,7207138,1025,6295860,80,585428,1930,3222946,5203,218455,7133,3441401,9277,8061.14,17529867,14088466,0
"2022-04-28",1092,7208230,988,6296848,50,585478,2006,3224952,4725,223180,6731,3448132,8861,7896.71,17538728,14090596,0
"2022-04-29",1192,7209422,1107,6297955,60,585538,2161,3227113,5392,228572,7553,3455685,9912,7866,17548640,14092955,0
"2022-04-30",727,7210149,744,6298699,50,585588,1392,3228505,2958,231530,4350,3460035,5871,7804.71,17554511,14094476,0
"2022-05-01",445,7210594,366,6299065,20,585608,767,3229272,1656,233186,2423,3462458,3254,7779.43,17557765,14095307,0
"2022-05-02",1058,7211652,793,6299858,52,585660,1676,3230948,3813,236999,5489,3467947,7392,7556.29,17565157,14097210,0
"2022-05-03",1124,7212776,865,6300723,61,585721,1999,3232947,4857,241856,6856,3474803,8906,7639,17574063,14099260,0
"2022-05-04",1019,7213795,883,6301606,48,585769,1920,3234867,4642,246498,6562,3481365,8512,7529.71,17582575,14101210,0
"2022-05-05",1074,7214869,955,6302561,86,585855,1924,3236791,4869,251367,6793,3488158,8908,7536.43,17591483,14103325,0
"2022-05-06",1095,7215964,961,6303522,51,585906,1867,3238658,4384,255751,6251,3494409,8358,7314.43,17599841,14105432,0
"2022-05-07",660,7216624,593,6304115,32,585938,1206,3239864,2423,258174,3629,3498038,4914,7177.71,17604755,14106717,0
"2022-05-08",416,7217040,246,6304361,17,585955,666,3240530,1381,259555,2047,3500085,2726,7102.29,17607481,14107396,0
"2022-05-09",1085,7218125,948,6305309,60,586015,1891,3242421,4420,263975,6311,3506396,8404,7246.86,17615885,14109489,0
"2022-05-10",1099,7219224,932,6306241,54,586069,1987,3244408,4709,268684,6696,3513092,8781,7229,17624666,14111574,0
"2022-05-11",1095,7220319,980,6307221,44,586113,1943,3246351,4827,273511,6770,3519862,8889,7282.86,17633555,14113693,0
"2022-05-12",1108,7221427,951,6308172,60,586173,2002,3248353,4656,278167,6658,3526520,8777,7264.14,17642332,14115812,0
"2022-05-13",1162,7222589,1043,6309215,44,586217,2061,3250414,4785,282952,6846,3533366,9095,7369.43,17651427,14118061,0
"2022-05-14",832,7223421,670,6309885,31,586248,1472,3251886,2942,285894,4414,3537780,5947,7517,17657374,14119594,0
"2022-05-15",512,7223933,357,6310242,22,586270,924,3252810,1645,287539,2569,3540349,3460,7621.86,17660834,14120485,0
"2022-05-16",1232,7225165,860,6311102,62,586332,1830,3254640,3855,291394,5685,3546034,7839,7541.14,17668673,14122639,0
"2022-05-17",1299,7226464,929,6312031,79,586411,2048,3256688,4875,296269,6923,3552957,9230,7605.29,17677903,14124946,0
"2022-05-18",1247,7227711,901,6312932,82,586493,2067,3258755,4917,301186,6984,3559941,9214,7651.71,17687117,14127176,0
"2022-05-19",1173,7228884,882,6313814,36,586529,2119,3260874,4713,305899,6832,3566773,8923,7672.57,17696040,14129267,0
"2022-05-20",1205,7230089,963,6314777,74,586603,2366,3263240,5189,311088,7555,3574328,9799,7773.14,17705839,14131511,0
"2022-05-21",839,7230928,650,6315427,23,586626,1724,3264964,3288,314376,5012,3579340,6525,7855.71,17712364,14133024,0
"2022-05-22",511,7231439,290,6315717,22,586648,1136,3266100,1838,316214,2974,3582314,3797,7903.86,17716161,14133847,0
"2022-05-23",1226,7232665,889,6316606,52,586700,2187,3268287,4695,320909,6882,3589196,9049,8076.71,17725210,14136014,0
"2022-05-24",1435,7234100,944,6317550,66,586766,2296,3270583,4465,325374,6761,3595957,9207,8073.43,17734417,14138460,0
"2022-05-25",1438,7235538,960,6318510,56,586822,2263,3272846,4239,329613,6502,3602459,8957,8036.71,17743374,14140915,0
"2022-05-26",1184,7236722,885,6319395,60,586882,2262,3275108,4131,333744,6393,3608852,8523,7979.57,17751897,14143045,0
"2022-05-27",1259,7237981,957,6320352,38,586920,2493,3277601,3896,337640,6389,3615241,8644,7814.57,17760541,14145300,0
"2022-05-28",721,7238702,515,6320867,19,586939,1781,3279382,2062,339702,3843,3619084,5098,7610.71,17765639,14146555,0
"2022-05-29",476,7239178,218,6321085,11,586950,761,3280143,1117,340819,1878,3620962,2583,7437.29,17768222,14147260,0
"2022-05-30",91,7239269,58,6321143,6,586956,139,3280282,145,340964,284,3621246,439,6207.29,17768661,14147415,0
"2022-05-31",1144,7240413,920,6322063,51,587007,1886,3282168,3052,344016,4938,3626184,7053,5899.57,17775714,14149530,0
"2022-06-01",1162,7241575,849,6322912,63,587070,1967,3284135,3408,347424,5375,3631559,7449,5684.14,17783163,14151604,0
"2022-06-02",1036,7242611,802,6323714,72,587142,1821,3285956,3160,350584,4981,3636540,6891,5451,17790054,14153514,0
"2022-06-03",1172,7243783,894,6324608,47,587189,2055,3288011,3482,354066,5537,3642077,7650,5309,17797704,14155627,0
"2022-06-04",729,7244512,582,6325190,26,587215,1552,3289563,1897,355963,3449,3645526,4788,5264.71,17802492,14156966,0
"2022-06-05",451,7244963,297,6325487,1,587216,881,3290444,977,356940,1858,3647384,2607,5268.14,17805099,14157715,0
"2022-06-06",1127,7246090,828,6326315,64,587280,1753,3292197,2727,359667,4480,3651864,6499,6133.86,17811598,14159734,0
"2022-06-07",1030,7247120,768,6327083,70,587350,1779,3293976,2560,362227,4339,3656203,6207,6013,17817805,14161602,0
"2022-06-08",1100,7248220,837,6327920,75,587425,1873,3295849,2736,364963,4609,3660812,6622,5894.86,17824427,14163615,0
"2022-06-09",1147,7249367,839,6328759,61,587486,2219,3298068,2682,367645,4901,3665713,6948,5903,17831375,14165662,0
"2022-06-10",1053,7250420,820,6329579,75,587561,1879,3299947,2815,370460,4694,3670407,6642,5759,17838017,14167610,0
"2022-06-11",682,7251102,507,6330086,25,587586,1322,3301269,1503,371963,2825,3673232,4039,5652,17842056,14168824,0
"2022-06-12",352,7251454,288,6330374,21,587607,879,3302148,769,372732,1648,3674880,2309,5609.43,17844365,14169485,0
"2022-06-13",1035,7252489,770,6331144,63,587670,1571,3303719,2179,374911,3750,3678630,5619,5483.71,17849984,14171354,0
"2022-06-14",965,7253454,832,6331976,64,587734,1678,3305397,2491,377402,4169,3682799,6030,5458.43,17856014,14173215,0
"2022-06-15",982,7254436,867,6332843,39,587773,1656,3307053,2406,379808,4062,3686861,5950,5362.43,17861964,14175103,0
"2022-06-16",959,7255395,780,6333623,59,587832,1826,3308879,2355,382163,4181,3691042,5979,5224,17867943,14176901,0
"2022-06-17",910,7256305,796,6334419,48,587880,1750,3310629,2396,384559,4146,3695188,5901,5118.14,17873844,14178656,0
"2022-06-18",665,7256970,522,6334941,26,587906,1274,3311903,1291,385850,2565,3697753,3778,5080.86,17877622,14179869,0
"2022-06-19",351,7257321,236,6335177,16,587922,727,3312630,603,386453,1330,3699083,1933,5027.14,17879555,14180472,0
"2022-06-20",838,7258159,490,6335667,41,587963,1569,3314199,1611,388064,3180,3702263,4549,4874.29,17884104,14181841,0
"2022-06-21",1139,7259298,740,6336407,50,588013,1693,3315892,2130,390194,3823,3706086,5753,4834.71,17889857,14183771,0
"2022-06-22",1971,7261269,824,6337231,46,588059,1693,3317585,1986,392180,3679,3709765,6520,4916.14,17896377,14186612,0
"2022-06-23",2122,7263391,761,6337992,65,588124,1694,3319279,2144,394324,3838,3713603,6787,5031.57,17903164,14189561,0
"2022-06-24",2185,7265576,757,6338749,48,588172,1622,3320901,2140,396464,3762,3717365,6752,5153.14,17909916,14192551,0
"2022-06-25",2138,7267714,492,6339241,15,588187,1233,3322134,1138,397602,2371,3719736,5019,5330.43,17914935,14195199,0
"2022-06-26",1211,7268925,251,6339492,14,588201,680,3322814,530,398132,1210,3720946,2686,5438,17917621,14196675,0
"2022-06-27",1539,7270464,653,6340145,60,588261,1458,3324272,1642,399774,3100,3724046,5352,5552.71,17922973,14198927,0
"2022-06-28",1694,7272158,832,6340977,53,588314,1847,3326119,2137,401911,3984,3728030,6563,5668.43,17929536,14201506,0
"2022-06-29",1861,7274019,772,6341749,48,588362,1714,3327833,1914,403825,3628,3731658,6309,5638.29,17935845,14204187,0
"2022-06-30",1863,7275882,804,6342553,46,588408,1731,3329564,2116,405941,3847,3735505,6560,5605.86,17942405,14206900,0
"2022-07-01",1592,7277474,597,6343150,26,588434,1385,3330949,1721,407662,3106,3738611,5321,5401.43,17947726,14209115,0
"2022-07-02",974,7278448,382,6343532,18,588452,831,3331780,926,408588,1757,3740368,3131,5131.71,17950857,14210489,0
"2022-07-03",530,7278978,205,6343737,7,588459,457,3332237,487,409075,944,3741312,1686,4988.86,17952543,14211231,0
"2022-07-04",35,7279013,26,6343763,1,588460,30,3332267,38,409113,68,3741380,130,4242.86,17952673,14211293,0
"2022-07-05",1283,7280296,754,6344517,35,588495,1402,3333669,1736,410849,3138,3744518,5210,4049.57,17957883,14213365,0
"2022-07-06",1612,7281908,678,6345195,44,588539,1442,3335111,1830,412679,3272,3747790,5606,3949.14,17963489,14215699,0
"2022-07-07",1589,7283497,717,6345912,48,588587,1523,3336634,1991,414670,3514,3751304,5868,3850.29,17969357,14218053,0
"2022-07-08",1630,7285127,647,6346559,37,588624,1466,3338100,1970,416640,3436,3754740,5751,3911.71,17975108,14220368,0
"2022-07-09",983,7286110,413,6346972,26,588650,877,3338977,1340,417980,2217,3756957,3639,3984.29,17978747,14221790,0
"2022-07-10",638,7286748,186,6347158,17,588667,428,3339405,660,418640,1088,3758045,1929,4019,17980676,14222631,0
"2022-07-11",1396,7288144,632,6347790,49,588716,1427,3340832,2204,420844,3631,3761676,5708,4815.86,17986384,14224708,0
"2022-07-12",1401,7289545,686,6348476,45,588761,1394,3342226,2508,423352,3902,3765578,6034,4933.57,17992418,14226840,0
"2022-07-13",1618,7291163,725,6349201,36,588797,1509,3343735,2791,426143,4300,3769878,6679,5086.86,17999097,14229219,0
"2022-07-14",1590,7292753,837,6350038,47,588844,1592,3345327,3045,429188,4637,3774515,7112,5264.57,18006209,14231694,0
"2022-07-15",1612,7294365,926,6350964,45,588889,1559,3346886,3039,432227,4598,3779113,7181,5468.86,18013390,14234277,0
"2022-07-16",881,7295246,584,6351548,9,588898,975,3347861,1686,433913,2661,3781774,4135,5539.71,18017525,14235751,0
"2022-07-17",549,7295795,292,6351840,16,588914,529,3348390,1164,435077,1693,3783467,2550,5628.43,18020075,14236608,0
"2022-07-18",1394,7297189,840,6352680,45,588959,1428,3349818,2438,437515,3866,3787333,6145,5690.86,18026220,14238887,0
"2022-07-19",1440,7298629,973,6353653,51,589010,1537,3351355,2792,440307,4329,3791662,6793,5799.29,18033013,14241351,0
"2022-07-20",1382,7300011,1476,6355129,50,589060,1341,3352696,2382,442689,3723,3795385,6632,5792.57,18039645,14244260,0
"2022-07-21",1330,7301341,1431,6356560,47,589107,1385,3354081,2352,445041,3737,3799122,6545,5711.57,18046190,14247068,0
"2022-07-22",1424,7302765,1556,6358116,41,589148,1543,3355624,2834,447875,4377,3803499,7398,5742.57,18053588,14250089,0
"2022-07-23",903,7303668,1091,6359207,17,589165,992,3356616,1546,449421,2538,3806037,4549,5801.71,18058137,14252100,0
"2022-07-24",489,7304157,638,6359845,14,589179,500,3357116,801,450222,1301,3807338,2443,5786.43,18060580,14253242,0
"2022-07-25",1211,7305368,767,6360612,59,589238,1253,3358369,2051,452273,3304,3810642,5341,5671.57,18065921,14255279,0
"2022-07-26",1226,7306594,1014,6361626,40,589278,1460,3359829,2426,454699,3886,3814528,6166,5582,18072087,14257559,0
"2022-07-27",1316,7307910,1271,6362897,41,589319,1377,3361206,2178,456877,3555,3818083,6185,5518.14,18078272,14260189,0
"2022-07-28",1301,7309211,1407,6364304,71,589390,1416,3362622,2188,459065,3604,3821687,6383,5495,18084655,14262968,0
"2022-07-29",1317,7310528,1424,6365728,64,589454,1341,3363963,2118,461183,3459,3825146,6265,5333.14,18090920,14265774,0
"2022-07-30",725,7311253,715,6366443,25,589479,782,3364745,939,462122,1721,3826867,3189,5138.86,18094109,14267242,0
"2022-07-31",418,7311671,587,6367030,14,589493,487,3365232,570,462692,1057,3827924,2076,5086.43,18096185,14268261,0
"2022-08-01",1220,7312891,902,6367932,55,589548,1316,3366548,1489,464181,2805,3830729,4982,5035.14,18101167,14270438,0
"2022-08-02",1219,7314110,1007,6368939,73,589621,1326,3367874,1577,465758,2903,3833632,5202,4897.43,18106369,14272737,0
"2022-08-03",1258,7315368,1170,6370109,41,589662,1312,3369186,1456,467214,2768,3836400,5237,4762,18111606,14275206,0
"2022-08-04",1172,7316540,1159,6371268,53,589715,1252,3370438,1365,468579,2617,3839017,5001,4564.57,18116607,14277590,0
"2022-08-05",1289,7317829,1408,6372676,45,589760,1278,3371716,1332,469911,2610,3841627,5352,4434.14,18121959,14280332,0
"2022-08-06",678,7318507,832,6373508,14,589774,732,3372448,701,470612,1433,3843060,2958,4401.14,18124917,14281857,0
"2022-08-07",389,7318896,455,6373963,14,589788,418,3372866,340,470952,758,3843818,1616,4335.43,18126533,14282715,0
"2022-08-08",1165,7320061,908,6374871,67,589855,1226,3374092,1099,472051,2325,3846143,4465,4261.57,18130998,14284855,0
"2022-08-09",1113,7321174,873,6375744,36,589891,1166,3375258,1081,473132,2247,3848390,4269,4128.29,18135267,14286877,0
"2022-08-10",1199,7322373,1086,6376830,54,589945,1208,3376466,1145,474277,2353,3850743,4692,4050.43,18139959,14289216,0
"2022-08-11",1282,7323655,1031,6377861,78,590023,1171,3377637,1190,475467,2361,3853104,4752,4014.86,18144711,14291607,0
"2022-08-12",1298,7324953,1367,6379228,51,590074,1212,3378849,1167,476634,2379,3855483,5095,3978.14,18149806,14294323,0
"2022-08-13",741,7325694,772,6380000,15,590089,737,3379586,555,477189,1292,3856775,2820,3958.43,18152626,14295851,0
"2022-08-14",491,7326185,481,6380481,19,590108,396,3379982,269,477458,665,3857440,1656,3964.14,18154282,14296842,0
"2022-08-15",1257,7327442,1021,6381502,54,590162,1250,3381232,908,478366,2158,3859598,4490,3967.71,18158772,14299174,0
"2022-08-16",1267,7328709,836,6382338,42,590204,1328,3382560,999,479365,2327,3861925,4472,3996.71,18163244,14301319,0
"2022-08-17",1194,7329903,929,6383267,37,590241,1204,3383764,917,480282,2121,3864046,4281,3938,18167525,14303479,0
"2022-08-18",1131,7331034,921,6384188,43,590284,1231,3384995,865,481147,2096,3866142,4191,3857.86,18171716,14305574,0
"2022-08-19",1214,7332248,1086,6385274,33,590317,1083,3386078,904,482051,1987,3868129,4320,3747.14,18176036,14307907,0
"2022-08-20",572,7332820,474,6385748,15,590332,612,3386690,449,482500,1061,3869190,2122,3647.43,18178158,14308968,0
"2022-08-21",346,7333166,245,6385993,9,590341,371,3387061,252,482752,623,3869813,1223,3585.57,18179381,14309568,0
"2022-08-22",1177,7334343,900,6386893,36,590377,1202,3388263,818,483570,2020,3871833,4133,3534.57,18183514,14311681,0
"2022-08-23",1205,7335548,1015,6387908,42,590419,1346,3389609,868,484438,2214,3874047,4477,3535.29,18187991,14313944,0
"2022-08-24",1245,7336793,980,6388888,28,590447,1249,3390858,750,485188,1999,3876046,4253,3531.29,18192244,14316198,0
"2022-08-25",1173,7337966,927,6389815,59,590506,1158,3392016,753,485941,1911,3877957,4070,3514,18196314,14318357,0
"2022-08-26",1138,7339104,1141,6390956,52,590558,1146,3393162,715,486656,1861,3879818,4192,3495.71,18200506,14320688,0
"2022-08-27",662,7339766,509,6391465,13,590571,654,3393816,366,487022,1020,3880838,2204,3507.43,18202710,14321872,0
"2022-08-28",370,7340136,230,6391695,9,590580,432,3394248,209,487231,641,3881479,1250,3511.29,18203960,14322481,0
"2022-08-29",1107,7341243,893,6392588,39,590619,1072,3395320,552,487783,1624,3883103,3664,3444.29,18207624,14324521,0
"2022-08-30",1198,7342441,907,6393495,31,590650,1220,3396540,682,488465,1902,3885005,4038,3381.57,18211662,14326657,0
"2022-08-31",1102,7343543,952,6394447,39,590689,1043,3397583,525,488990,1568,3886573,3661,3297,18215323,14328750,0
"2022-09-01",953,7344496,892,6395339,41,590730,767,3398350,417,489407,1184,3887757,3070,3154.14,18218393,14330636,0
"2022-09-02",892,7345388,953,6396292,25,590755,541,3398891,149,489556,690,3888447,2560,2921,18220953,14332506,0
"2022-09-03",453,7345841,389,6396681,12,590767,327,3399218,54,489610,381,3888828,1235,2782.57,18222188,14333360,0
"2022-09-04",216,7346057,188,6396869,10,590777,180,3399398,32,489642,212,3889040,626,2693.43,18222814,14333774,0
"2022-09-05",70,7346127,64,6396933,4,590781,38,3399436,12,489654,50,3889090,188,2196.86,18223002,14333912,0
"2022-09-06",900,7347027,1092,6398025,46,590827,590,3400026,117,489771,707,3889797,2750,2012.86,18225752,14335955,120000
"2022-09-07",743,7347770,901,6398926,31,590858,379,3400405,121,489892,500,3890297,2186,1802.14,18227938,14337641,120000
"2022-09-08",592,7348362,605,6399531,30,590888,203,3400608,81,489973,284,3890581,1532,1582.43,18229470,14338889,120000
"2022-09-09",607,7348969,856,6400387,41,590929,192,3400800,87,490060,279,3890860,1858,1482.14,18231328,14340468,120000
"2022-09-10",327,7349296,454,6400841,10,590939,195,3400995,35,490095,230,3891090,1051,1455.86,18232379,14341289,120000
"2022-09-11",139,7349435,175,6401016,6,590945,67,3401062,26,490121,93,3891183,429,1427.71,18232808,14341625,120000
"2022-09-12",227,7349662,235,6401251,17,590962,58,3401120,41,490162,99,3891282,593,1485.57,18233401,14342119,120000
