"DATE","ADMIN_DOSE1_DAILY","ADMIN_DOSE1_CUMULATIVE","ADMIN_DOSE2_DAILY","ADMIN_DOSE2_CUMULATIVE","ADMIN_SINGLE_DAILY","ADMIN_SINGLE_CUMULATIVE","ADMIN_ADDITIONAL1_DAILY","ADMIN_ADDITIONAL1_CUMULATIVE","ADMIN_ADDITIONAL2_DAILY","ADMIN_ADDITIONAL2_CUMULATIVE","ADMIN_ADDITIONAL_DAILY","ADMIN_ADDITIONAL_CUMULATIVE","ADMIN_ALLDOSES_DAILY","ADMIN_ALLDOSES_7DAYAVG","ADMIN_ALLDOSES_CUMULATIVE","INCOMPLETE"
"2020-12-14",79,79,0,0,0,0,0,0,0,0,0,0,79,,79,0
"2020-12-15",2052,2131,6,6,4,4,0,0,0,0,0,0,2062,,2141,0
"2020-12-16",4603,6734,13,19,1,5,1,1,0,0,1,1,4618,,6759,0
"2020-12-17",4656,11390,17,36,0,5,1,2,0,0,1,2,4674,,11433,0
"2020-12-18",5833,17223,19,55,2,7,2,4,0,0,2,4,5856,,17289,0
"2020-12-19",1689,18912,7,62,3,10,0,4,0,0,0,4,1699,,18988,0
"2020-12-20",1116,20028,2,64,1,11,0,4,0,0,0,4,1119,2872.43,20107,0
"2020-12-21",6341,26369,18,82,0,11,5,9,0,0,5,9,6364,3770.29,26471,0
"2020-12-22",9795,36164,27,109,2,13,1,10,0,0,1,10,9825,4879.29,36296,0
"2020-12-23",14277,50441,34,143,3,16,1,11,0,0,1,11,14315,6264.57,50611,0
"2020-12-24",7200,57641,24,167,1,17,0,11,0,0,0,11,7225,6629,57836,0
"2020-12-25",180,57821,0,167,0,17,1,12,0,0,1,12,181,5818.29,58017,0
"2020-12-26",4388,62209,43,210,0,17,1,13,0,0,1,13,4432,6208.71,62449,0
"2020-12-27",3869,66078,14,224,0,17,1,14,0,0,1,14,3884,6603.71,66333,0
"2020-12-28",10994,77072,49,273,1,18,2,16,0,0,2,16,11046,7272.57,77379,0
"2020-12-29",10720,87792,34,307,2,20,2,18,0,0,2,18,10758,7405.86,88137,0
"2020-12-30",12826,100618,44,351,0,20,0,18,0,0,0,18,12870,7199.43,101007,0
"2020-12-31",7261,107879,32,383,1,21,0,18,0,0,0,18,7294,7209.29,108301,0
"2021-01-01",181,108060,2,385,1,22,3,21,0,0,3,21,187,7210.14,108488,0
"2021-01-02",3809,111869,10,395,2,24,2,23,0,0,2,23,3823,7123.14,112311,0
"2021-01-03",3541,115410,24,419,2,26,1,24,0,0,1,24,3568,7078,115879,0
"2021-01-04",12256,127666,806,1225,2,28,6,30,0,0,6,30,13070,7367.14,128949,0
"2021-01-05",14083,141749,2193,3418,2,30,11,41,1,1,12,42,16290,8157.43,145239,0
"2021-01-06",17802,159551,3927,7345,1,31,30,71,6,7,36,78,21766,9428.29,167005,0
"2021-01-07",16552,176103,5170,12515,4,35,45,116,3,10,48,126,21774,11496.86,188779,0
"2021-01-08",16619,192722,5455,17970,0,35,33,149,4,14,37,163,22111,14628.86,210890,0
"2021-01-09",7652,200374,1462,19432,1,36,7,156,2,16,9,172,9124,15386.14,220014,0
"2021-01-10",7881,208255,983,20415,0,36,10,166,0,16,10,182,8874,16144.14,228888,0
"2021-01-11",25827,234082,7454,27869,2,38,48,214,8,24,56,238,33339,19039.71,262227,0
"2021-01-12",28262,262344,7858,35727,1,39,44,258,2,26,46,284,36167,21879.29,298394,0
"2021-01-13",31723,294067,9389,45116,1,40,54,312,4,30,58,342,41171,24651.43,339565,0
"2021-01-14",35810,329877,5323,50439,1,41,28,340,7,37,35,377,41169,27422.14,380734,0
"2021-01-15",29268,359145,3704,54143,2,43,32,372,4,41,36,413,33010,28979.14,413744,0
"2021-01-16",30289,389434,2381,56524,0,43,25,397,5,46,30,443,32700,32347.14,446444,0
"2021-01-17",23752,413186,1623,58147,0,43,18,415,1,47,19,462,25394,34707.14,471838,0
"2021-01-18",27109,440295,2412,60559,1,44,34,449,7,54,41,503,29563,34167.71,501401,0
"2021-01-19",34296,474591,9626,70185,1,45,70,519,5,59,75,578,43998,35286.43,545399,0
"2021-01-20",34869,509460,9496,79681,1,46,59,578,4,63,63,641,44429,35751.86,589828,0
"2021-01-21",25593,535053,8092,87773,2,48,49,627,5,68,54,695,33741,34690.71,623569,0
"2021-01-22",24754,559807,4383,92156,1,49,31,658,7,75,38,733,29176,34143,652745,0
"2021-01-23",15744,575551,3223,95379,0,49,9,667,2,77,11,744,18978,32182.71,671723,0
"2021-01-24",7174,582725,3454,98833,0,49,19,686,1,78,20,764,10648,30076.14,682371,0
"2021-01-25",13412,596137,11820,110653,0,49,66,752,11,89,77,841,25309,29468.43,707680,0
"2021-01-26",16766,612903,10752,121405,0,49,67,819,2,91,69,910,27587,27124,735267,0
"2021-01-27",20836,633739,12356,133761,0,49,51,870,7,98,58,968,33250,25527,768517,0
"2021-01-28",30763,664502,12848,146609,0,49,80,950,16,114,96,1064,43707,26950.71,812224,0
"2021-01-29",31695,696197,11501,158110,0,49,78,1028,10,124,88,1152,43284,28966.14,855508,0
"2021-01-30",18709,714906,3742,161852,0,49,20,1048,2,126,22,1174,22473,29465.43,877981,0
"2021-01-31",13022,727928,2919,164771,1,50,28,1076,4,130,32,1206,15974,30226.29,893955,0
"2021-02-01",1180,729108,5368,170139,4,54,35,1111,4,134,39,1245,6591,27552.29,900546,0
"2021-02-02",2827,731935,9476,179615,2,56,46,1157,4,138,50,1295,12355,25376.29,912901,0
"2021-02-03",16350,748285,21243,200858,4,60,202,1359,19,157,221,1516,37818,26028.86,950719,0
"2021-02-04",27048,775333,19650,220508,3,63,199,1558,10,167,209,1725,46910,26486.43,997629,0
"2021-02-05",27601,802934,20031,240539,0,63,183,1741,15,182,198,1923,47830,27135.86,1045459,0
"2021-02-06",22991,825925,11248,251787,0,63,110,1851,11,193,121,2044,34360,28834,1079819,0
"2021-02-07",12043,837968,8282,260069,1,64,91,1942,13,206,104,2148,20430,29470.57,1100249,0
"2021-02-08",16968,854936,23510,283579,2,66,235,2177,33,239,268,2416,40748,34350.14,1140997,0
"2021-02-09",17193,872129,28109,311688,2,68,333,2510,42,281,375,2791,45679,39110.71,1186676,0
"2021-02-10",19591,891720,29311,340999,2,70,258,2768,50,331,308,3099,49212,40738.43,1235888,0
"2021-02-11",27848,919568,33471,374470,2,72,342,3110,58,389,400,3499,61721,42854.29,1297609,0
"2021-02-12",38395,957963,30797,405267,3,75,354,3464,38,427,392,3891,69587,45962.43,1367196,0
"2021-02-13",28009,985972,25308,430575,2,77,311,3775,50,477,361,4252,53680,48722.43,1420876,0
"2021-02-14",16282,1002254,23731,454306,0,77,258,4033,32,509,290,4542,40303,51561.43,1461179,0
"2021-02-15",12795,1015049,10527,464833,2,79,168,4201,23,532,191,4733,23515,49099.57,1484694,0
"2021-02-16",14240,1029289,26733,491566,0,79,320,4521,35,567,355,5088,41328,48478,1526022,0
"2021-02-17",16394,1045683,22192,513758,1,80,283,4804,37,604,320,5408,38907,47005.86,1564929,0
"2021-02-18",12153,1057836,24992,538750,21,101,286,5090,43,647,329,5737,37495,43545,1602424,0
"2021-02-19",13265,1071101,23932,562682,39,140,303,5393,44,691,347,6084,37583,38973,1640007,0
"2021-02-20",11352,1082453,26075,588757,6,146,325,5718,78,769,403,6487,37836,36709.57,1677843,0
"2021-02-21",6362,1088815,17421,606178,15,161,284,6002,42,811,326,6813,24124,34398.29,1701967,0
"2021-02-22",13043,1101858,11847,618025,2,163,124,6126,20,831,144,6957,25036,34615.57,1727003,0
"2021-02-23",25244,1127102,14148,632173,1,164,160,6286,35,866,195,7152,39588,34367,1766591,0
"2021-02-24",36364,1163466,20388,652561,0,164,224,6510,36,902,260,7412,57012,36953.43,1823603,0
"2021-02-25",54617,1218083,30387,682948,6,170,395,6905,65,967,460,7872,85470,43807,1909073,0
"2021-02-26",62874,1280957,31872,714820,4,174,408,7313,75,1042,483,8355,95233,52042.71,2004306,0
"2021-02-27",51295,1332252,22752,737572,47,221,333,7646,51,1093,384,8739,74478,57277.29,2078784,0
"2021-02-28",44596,1376848,13821,751393,7,228,204,7850,33,1126,237,8976,58661,62211.14,2137445,0
"2021-03-01",39319,1416167,12778,764171,10,238,165,8015,25,1151,190,9166,52297,66105.57,2189742,0
"2021-03-02",47084,1463251,12575,776746,7,245,160,8175,14,1165,174,9340,59840,68998.71,2249582,0
"2021-03-03",48607,1511858,16155,792901,17,262,147,8322,21,1186,168,9508,64947,70132.29,2314529,0
"2021-03-04",59818,1571676,22821,815722,1092,1354,271,8593,34,1220,305,9813,84036,69927.43,2398565,0
"2021-03-05",60990,1632666,24282,840004,3109,4463,328,8921,34,1254,362,10175,88743,69000.29,2487308,0
"2021-03-06",47180,1679846,18884,858888,5451,9914,236,9157,34,1288,270,10445,71785,68615.57,2559093,0
"2021-03-07",36047,1715893,14877,873765,6245,16159,228,9385,20,1308,248,10693,57417,68437.86,2616510,0
"2021-03-08",39628,1755521,14676,888441,8564,24723,313,9698,91,1399,404,11097,63272,70005.71,2679782,0
"2021-03-09",39109,1794630,12845,901286,7764,32487,179,9877,33,1432,212,11309,59930,70018.57,2739712,0
"2021-03-10",51832,1846462,15340,916626,5067,37554,228,10105,31,1463,259,11568,72498,71097.29,2812210,0
"2021-03-11",59993,1906455,21805,938431,4618,42172,252,10357,48,1511,300,11868,86716,71480.14,2898926,0
"2021-03-12",52206,1958661,30309,968740,4183,46355,371,10728,81,1592,452,12320,87150,71252.57,2986076,0
"2021-03-13",40653,1999314,26686,995426,5109,51464,323,11051,51,1643,374,12694,72822,71400.71,3058898,0
"2021-03-14",30717,2030031,15967,1011393,4527,55991,238,11289,27,1670,265,12959,51476,70552,3110374,0
"2021-03-15",33591,2063622,17252,1028645,4717,60708,233,11522,32,1702,265,13224,55825,69488.14,3166199,0
"2021-03-16",38679,2102301,20502,1049147,4925,65633,257,11779,35,1737,292,13516,64398,70126.43,3230597,0
"2021-03-17",42620,2144921,24790,1073937,4247,69880,337,12116,36,1773,373,13889,72030,70059.57,3302627,0
"2021-03-18",50457,2195378,26799,1100736,5239,75119,363,12479,61,1834,424,14313,82919,69517.14,3385546,0
"2021-03-19",47796,2243174,29954,1130690,5624,80743,390,12869,69,1903,459,14772,83833,69043.29,3469379,0
"2021-03-20",38714,2281888,25829,1156519,4687,85430,297,13166,61,1964,358,15130,69588,68581.29,3538967,0
"2021-03-21",29302,2311190,19357,1175876,770,86200,219,13385,42,2006,261,15391,49690,68326.14,3588657,0
"2021-03-22",33871,2345061,26732,1202608,4037,90237,260,13645,37,2043,297,15688,64937,69627.86,3653594,0
"2021-03-23",38437,2383498,32840,1235448,4219,94456,291,13936,55,2098,346,16034,75842,71262.71,3729436,0
"2021-03-24",41498,2424996,37596,1273044,4850,99306,326,14262,62,2160,388,16422,84332,73020.14,3813768,0
"2021-03-25",43418,2468414,50778,1323822,5055,104361,470,14732,85,2245,555,16977,99806,75432.57,3913574,0
"2021-03-26",38509,2506923,55504,1379326,4310,108671,523,15255,97,2342,620,17597,98943,77591.14,4012517,0
"2021-03-27",35739,2542662,45750,1425076,2939,111610,412,15667,82,2424,494,18091,84922,79781.71,4097439,0
"2021-03-28",26392,2569054,34454,1459530,1482,113092,328,15995,62,2486,390,18481,62718,81642.86,4160157,0
"2021-03-29",34821,2603875,38862,1498392,3247,116339,339,16334,110,2596,449,18930,77379,83420.29,4237536,0
"2021-03-30",40514,2644389,41917,1540309,3714,120053,335,16669,66,2662,401,19331,86546,84949.43,4324082,0
"2021-03-31",49399,2693788,44859,1585168,7442,127495,395,17064,86,2748,481,19812,102181,87499.29,4426263,0
"2021-04-01",50784,2744572,53944,1639112,11273,138768,500,17564,81,2829,581,20393,116582,89895.86,4542845,0
"2021-04-02",43762,2788334,53884,1692996,11971,150739,544,18108,69,2898,613,21006,110230,91508.29,4653075,0
"2021-04-03",39257,2827591,39210,1732206,9860,160599,336,18444,57,2955,393,21399,88720,92050.86,4741795,0
"2021-04-04",26561,2854152,24778,1756984,3902,164501,224,18668,49,3004,273,21672,55514,91021.71,4797309,0
"2021-04-05",41889,2896041,34484,1791468,11196,175697,371,19039,60,3064,431,22103,88000,92539,4885309,0
"2021-04-06",53271,2949312,35617,1827085,13220,188917,427,19466,71,3135,498,22601,102606,94833.29,4987915,0
"2021-04-07",55517,3004829,40691,1867776,14390,203307,393,19859,77,3212,470,23071,111068,96102.86,5098983,0
"2021-04-08",59269,3064098,46586,1914362,16340,219647,514,20373,77,3289,591,23662,122786,96989.14,5221769,0
"2021-04-09",56647,3120745,44961,1959323,17551,237198,512,20885,77,3366,589,24251,119748,98348.86,5341517,0
"2021-04-10",49351,3170096,35644,1994967,12728,249926,386,21271,60,3426,446,24697,98169,99698.71,5439686,0
"2021-04-11",38187,3208283,28819,2023786,7683,257609,291,21562,56,3482,347,25044,75036,102487.57,5514722,0
"2021-04-12",46642,3254925,31849,2055635,13497,271106,463,22025,63,3545,526,25570,92514,103132.43,5607236,0
"2021-04-13",52543,3307468,33796,2089431,368,271474,394,22419,59,3604,453,26023,87160,100925.86,5694396,0
"2021-04-14",50151,3357619,39958,2129389,20,271494,366,22785,67,3671,433,26456,90562,97996.43,5784958,0
"2021-04-15",52130,3409749,43676,2173065,16,271510,452,23237,104,3775,556,27012,96378,94223.86,5881336,0
"2021-04-16",51188,3460937,42215,2215280,32,271542,420,23657,65,3840,485,27497,93920,90534.14,5975256,0
"2021-04-17",43842,3504779,35693,2250973,3,271545,363,24020,83,3923,446,27943,79984,87936.29,6055240,0
"2021-04-18",28612,3533391,29371,2280344,7,271552,249,24269,61,3984,310,28253,58300,85545.43,6113540,0
"2021-04-19",37475,3570866,36449,2316793,22,271574,322,24591,61,4045,383,28636,74329,82947.57,6187869,0
"2021-04-20",40812,3611678,39625,2356418,19,271593,314,24905,75,4120,389,29025,80845,82045.43,6268714,0
"2021-04-21",38907,3650585,46010,2402428,16,271609,492,25397,95,4215,587,29612,85520,81325.14,6354234,0
"2021-04-22",38500,3689085,48961,2451389,9,271618,336,25733,73,4288,409,30021,87879,80111,6442113,0
"2021-04-23",39704,3728789,44383,2495772,4,271622,344,26077,69,4357,413,30434,84504,78765.86,6526617,0
"2021-04-24",31952,3760741,41604,2537376,44,271666,275,26352,59,4416,334,30768,73934,77901.57,6600551,0
"2021-04-25",18423,3779164,31231,2568607,86,271752,191,26543,54,4470,245,31013,49985,76713.71,6650536,0
"2021-04-26",26972,3806136,40739,2609346,1013,272765,281,26824,82,4552,363,31376,69087,75964.86,6719623,0
"2021-04-27",28574,3834710,47143,2656489,1697,274462,348,27172,92,4644,440,31816,77854,75537.57,6797477,0
"2021-04-28",27046,3861756,56836,2713325,2148,276610,426,27598,98,4742,524,32340,86554,75685.29,6884031,0
"2021-04-29",28611,3890367,57201,2770526,2148,278758,363,27961,98,4840,461,32801,88421,75762.71,6972452,0
"2021-04-30",30126,3920493,51988,2822514,2056,280814,280,28241,72,4912,352,33153,84522,75765.29,7056974,0
"2021-05-01",22481,3942974,44548,2867062,1177,281991,224,28465,63,4975,287,33440,68493,74988,7125467,0
"2021-05-02",11927,3954901,36654,2903716,1080,283071,137,28602,55,5030,192,33632,49853,74969.14,7175320,0
"2021-05-03",18033,3972934,53025,2956741,2383,285454,254,28856,88,5118,342,33974,73783,75640,7249103,0
"2021-05-04",22738,3995672,56647,3013388,2330,287784,265,29121,114,5232,379,34353,82094,76245.71,7331197,0
"2021-05-05",21478,4017150,48799,3062187,2313,290097,310,29431,98,5330,408,34761,72998,74309.14,7404195,0
"2021-05-06",20684,4037834,50178,3112365,2507,292604,270,29701,82,5412,352,35113,73721,72209.14,7477916,0
"2021-05-07",21258,4059092,52099,3164464,2813,295417,305,30006,70,5482,375,35488,76545,71069.57,7554461,0
"2021-05-08",16634,4075726,41868,3206332,1835,297252,228,30234,67,5549,295,35783,60632,69946.57,7615093,0
"2021-05-09",7977,4083703,29413,3235745,1260,298512,148,30382,56,5605,204,35987,38854,68375.29,7653947,0
"2021-05-10",14391,4098094,38540,3274285,2355,300867,231,30613,86,5691,317,36304,55603,65778.14,7709550,0
"2021-05-11",19916,4118010,43059,3317344,2514,303381,279,30892,83,5774,362,36666,65851,63457.71,7775401,0
"2021-05-12",17812,4135822,40536,3357880,3596,306977,228,31120,76,5850,304,36970,62248,61922,7837649,0
"2021-05-13",24974,4160796,40434,3398314,3230,310207,260,31380,73,5923,333,37303,68971,61243.43,7906620,0
"2021-05-14",27025,4187821,42916,3441230,3537,313744,280,31660,93,6016,373,37676,73851,60858.57,7980471,0
"2021-05-15",23651,4211472,34915,3476145,3366,317110,248,31908,74,6090,322,37998,62254,61090.29,8042725,0
"2021-05-16",15530,4227002,19443,3495588,2497,319607,125,32033,46,6136,171,38169,37641,60917,8080366,0
"2021-05-17",22676,4249678,29139,3524727,3257,322864,177,32210,67,6203,244,38413,55316,60876,8135682,0
"2021-05-18",24635,4274313,31909,3556636,3404,326268,237,32447,70,6273,307,38720,60255,60076.57,8195937,0
"2021-05-19",24195,4298508,29716,3586352,3040,329308,221,32668,46,6319,267,38987,57218,59358,8253155,0
"2021-05-20",24156,4322664,30084,3616436,3162,332470,272,32940,99,6418,371,39358,57773,57758.29,8310928,0
"2021-05-21",24687,4347351,32003,3648439,3060,335530,251,33191,60,6478,311,39669,60061,55788.29,8370989,0
"2021-05-22",20022,4367373,24359,3672798,2525,338055,162,33353,47,6525,209,39878,47115,53625.57,8418104,0
"2021-05-23",11236,4378609,13732,3686530,1411,339466,93,33446,32,6557,125,40003,26504,52034.57,8444608,0
"2021-05-24",18879,4397488,23156,3709686,2757,342223,213,33659,52,6609,265,40268,45057,50569,8489665,0
"2021-05-25",19433,4416921,23378,3733064,2601,344824,177,33836,70,6679,247,40515,45659,48483.86,8535324,0
"2021-05-26",18786,4435707,21085,3754149,2696,347520,199,34035,54,6733,253,40768,42820,46427,8578144,0
"2021-05-27",18472,4454179,21274,3775423,2529,350049,189,34224,63,6796,252,41020,42527,44249,8620671,0
"2021-05-28",17864,4472043,22888,3798311,2751,352800,186,34410,53,6849,239,41259,43742,41917.71,8664413,0
"2021-05-29",12710,4484753,17808,3816119,1755,354555,106,34516,39,6888,145,41404,32418,39818.14,8696831,0
"2021-05-30",7032,4491785,8949,3825068,1074,355629,47,34563,17,6905,64,41468,17119,38477.43,8713950,0
"2021-05-31",4743,4496528,6925,3831993,1012,356641,64,34627,16,6921,80,41548,12760,33863.57,8726710,0
"2021-06-01",16046,4512574,25196,3857189,2175,358816,151,34778,40,6961,191,41739,43608,33570.57,8770318,0
"2021-06-02",15351,4527925,20389,3877578,2094,360910,138,34916,46,7007,184,41923,38018,32884.57,8808336,0
"2021-06-03",15009,4542934,23818,3901396,2280,363190,128,35044,44,7051,172,42095,41279,32706.29,8849615,0
"2021-06-04",14731,4557665,25986,3927382,2492,365682,141,35185,39,7090,180,42275,43389,32655.86,8893004,0
"2021-06-05",10992,4568657,22085,3949467,1806,367488,113,35298,30,7120,143,42418,35026,33028.43,8928030,0
"2021-06-06",6444,4575101,14470,3963937,1222,368710,86,35384,13,7133,99,42517,22235,33759.29,8950265,0
"2021-06-07",11709,4586810,21788,3985725,2379,371089,138,35522,36,7169,174,42691,36050,37086.43,8986315,0
"2021-06-08",12646,4599456,24021,4009746,2072,373161,118,35640,44,7213,162,42853,38901,36414,9025216,0
"2021-06-09",11141,4610597,23025,4032771,2298,375459,133,35773,39,7252,172,43025,36636,36216.57,9061852,0
"2021-06-10",12071,4622668,22231,4055002,2462,377921,140,35913,56,7308,196,43221,36960,35599.57,9098812,0
"2021-06-11",12704,4635372,25123,4080125,2483,380404,151,36064,58,7366,209,43430,40519,35189.57,9139331,0
"2021-06-12",10167,4645539,19306,4099431,1888,382292,94,36158,39,7405,133,43563,31494,34685,9170825,0
"2021-06-13",4258,4649797,10936,4110367,1219,383511,41,36199,21,7426,62,43625,16475,33862.14,9187300,0
"2021-06-14",10208,4660005,19246,4129613,2042,385553,126,36325,51,7477,177,43802,31673,33236.86,9218973,0
"2021-06-15",11886,4671891,21009,4150622,1943,387496,131,36456,41,7518,172,43974,35010,32681,9253983,0
"2021-06-16",11590,4683481,19410,4170032,1956,389452,138,36594,66,7584,204,44178,33160,32184.43,9287143,0
"2021-06-17",11027,4694508,18763,4188795,1972,391424,120,36714,34,7618,154,44332,31916,31463.86,9319059,0
"2021-06-18",12167,4706675,18499,4207294,2116,393540,113,36827,35,7653,148,44480,32930,30379.71,9351989,0
"2021-06-19",8499,4715174,13519,4220813,1459,394999,81,36908,21,7674,102,44582,23579,29249,9375568,0
"2021-06-20",4335,4719509,7159,4227972,924,395923,37,36945,17,7691,54,44636,12472,28677.14,9388040,0
"2021-06-21",10162,4729671,10008,4237980,1806,397729,68,37013,28,7719,96,44732,22072,27305.57,9410112,0
"2021-06-22",9836,4739507,15641,4253621,1589,399318,104,37117,27,7746,131,44863,27197,26189.43,9437309,0
"2021-06-23",10314,4749821,15187,4268808,1860,401178,101,37218,29,7775,130,44993,27491,25379.57,9464800,0
"2021-06-24",9690,4759511,14696,4283504,1799,402977,118,37336,25,7800,143,45136,26328,24581.29,9491128,0
"2021-06-25",10589,4770100,14384,4297888,1722,404699,112,37448,37,7837,149,45285,26844,23711.86,9517972,0
"2021-06-26",7805,4777905,10465,4308353,1247,405946,74,37522,23,7860,97,45382,19614,23145.43,9537586,0
"2021-06-27",5001,4782906,6001,4314354,795,406741,33,37555,14,7874,47,45429,11844,23055.71,9549430,0
"2021-06-28",9032,4791938,10345,4324699,1524,408265,106,37661,26,7900,132,45561,21033,22907.29,9570463,0
"2021-06-29",9749,4801687,12316,4337015,1347,409612,123,37784,28,7928,151,45712,23563,22388.14,9594026,0
"2021-06-30",9431,4811118,10925,4347940,1481,411093,147,37931,16,7944,163,45875,22000,21603.71,9616026,0
"2021-07-01",9397,4820515,10928,4358868,1431,412524,126,38057,24,7968,150,46025,21906,20972,9637932,0
"2021-07-02",9694,4830209,11442,4370310,1541,414065,120,38177,23,7991,143,46168,22820,20397.14,9660752,0
"2021-07-03",7058,4837267,8423,4378733,1193,415258,75,38252,16,8007,91,46259,16765,19990.14,9677517,0
"2021-07-04",1288,4838555,1336,4380069,567,415825,8,38260,3,8010,11,46270,3202,18755.57,9680719,0
"2021-07-05",6495,4845050,7106,4387175,1208,417033,64,38324,19,8029,83,46353,14892,17878.29,9695611,0
"2021-07-06",9512,4854562,12851,4400026,1316,418349,115,38439,34,8063,149,46502,23828,17916.14,9719439,0
"2021-07-07",8672,4863234,11107,4411133,1419,419768,121,38560,18,8081,139,46641,21337,17821.43,9740776,0
"2021-07-08",8208,4871442,10191,4421324,1260,421028,107,38667,21,8102,128,46769,19787,17518.71,9760563,0
"2021-07-09",8378,4879820,10832,4432156,1279,422307,88,38755,17,8119,105,46874,20594,17200.71,9781157,0
"2021-07-10",7107,4886927,8629,4440785,1132,423439,62,38817,20,8139,82,46956,16950,17227.14,9798107,0
"2021-07-11",4105,4891032,4539,4445324,703,424142,34,38851,6,8145,40,46996,9387,18110.71,9807494,0
"2021-07-12",8455,4899487,9554,4454878,1250,425392,81,38932,20,8165,101,47097,19360,18749,9826854,0
"2021-07-13",9462,4908949,9390,4464268,951,426343,105,39037,33,8198,138,47235,19941,18193.71,9846795,0
"2021-07-14",9002,4917951,9532,4473800,1009,427352,102,39139,19,8217,121,47356,19664,17954.71,9866459,0
"2021-07-15",8791,4926742,9153,4482953,1051,428403,82,39221,17,8234,99,47455,19094,17855.71,9885553,0
"2021-07-16",9243,4935985,9761,4492714,978,429381,102,39323,31,8265,133,47588,20115,17787.29,9905668,0
"2021-07-17",6844,4942829,7386,4500100,802,430183,79,39402,19,8284,98,47686,15130,17527.29,9920798,0
"2021-07-18",4258,4947087,4283,4504383,569,430752,35,39437,14,8298,49,47735,9159,17494.71,9929957,0
"2021-07-19",9127,4956214,8467,4512850,999,431751,89,39526,20,8318,109,47844,18702,17400.71,9948659,0
"2021-07-20",10651,4966865,8758,4521608,991,432742,93,39619,24,8342,117,47961,20517,17483,9969176,0
"2021-07-21",10053,4976918,8763,4530371,903,433645,145,39764,30,8372,175,48136,19894,17515.86,9989070,0
"2021-07-22",10688,4987606,8583,4538954,1045,434690,142,39906,25,8397,167,48303,20483,17714.29,10009553,0
"2021-07-23",11254,4998860,8880,4547834,1114,435804,137,40043,22,8419,159,48462,21407,17898.86,10030960,0
"2021-07-24",7404,5006264,6735,4554569,670,436474,81,40124,22,8441,103,48565,14912,17867.71,10045872,0
"2021-07-25",5477,5011741,2126,4556695,509,436983,59,40183,4,8445,63,48628,8175,17727.14,10054047,0
"2021-07-26",10876,5022617,6999,4563694,859,437842,109,40292,16,8461,125,48753,18859,17749.57,10072906,0
"2021-07-27",12057,5034674,8566,4572260,857,438699,132,40424,34,8495,166,48919,21646,17910.86,10094552,0
"2021-07-28",11994,5046668,8048,4580308,950,439649,131,40555,24,8519,155,49074,21147,18089.86,10115699,0
"2021-07-29",10935,5057603,7428,4587736,984,440633,132,40687,39,8558,171,49245,19518,17952,10135217,0
"2021-07-30",14955,5072558,8009,4595745,1150,441783,181,40868,27,8585,208,49453,24322,18368.43,10159539,0
"2021-07-31",9731,5082289,6311,4602056,816,442599,119,40987,20,8605,139,49592,16997,18666.29,10176536,0
"2021-08-01",6503,5088792,3308,4605364,564,443163,81,41068,19,8624,100,49692,10475,18994.86,10187011,0
"2021-08-02",13452,5102244,7153,4612517,847,444010,144,41212,18,8642,162,49854,21614,19388.43,10208625,0
"2021-08-03",15414,5117658,8382,4620899,1109,445119,144,41356,32,8674,176,50030,25081,19879.14,10233706,0
"2021-08-04",17258,5134916,8125,4629024,1454,446573,180,41536,30,8704,210,50240,27047,20722,10260753,0
"2021-08-05",17865,5152781,7927,4636951,1366,447939,161,41697,17,8721,178,50418,27336,21838.86,10288089,0
"2021-08-06",18179,5170960,8412,4645363,1233,449172,162,41859,31,8752,193,50611,28017,22366.71,10316106,0
"2021-08-07",13388,5184348,6013,4651376,799,449971,101,41960,27,8779,128,50739,20328,22842.57,10336434,0
"2021-08-08",9309,5193657,3836,4655212,399,450370,82,42042,8,8787,90,50829,13634,23293.86,10350068,0
"2021-08-09",21341,5214998,8526,4663738,963,451333,168,42210,32,8819,200,51029,31030,24639,10381098,0
"2021-08-10",18921,5233919,9331,4673069,947,452280,174,42384,32,8851,206,51235,29405,25256.71,10410503,0
"2021-08-11",15649,5249568,8307,4681376,853,453133,129,42513,38,8889,167,51402,24976,24960.86,10435479,0
"2021-08-12",15045,5264613,8978,4690354,940,454073,170,42683,31,8920,201,51603,25164,24650.57,10460643,0
"2021-08-13",14926,5279539,9291,4699645,921,454994,238,42921,35,8955,273,51876,25411,24278.29,10486054,0
"2021-08-14",10409,5289948,6406,4706051,625,455619,529,43450,38,8993,567,52443,18007,23946.71,10504061,0
"2021-08-15",6696,5296644,4475,4710526,676,456295,567,44017,30,9023,597,53040,12444,23776.71,10516505,0
"2021-08-16",15725,5312369,9296,4719822,1149,457444,1318,45335,61,9084,1379,54419,27549,23279.43,10544054,0
"2021-08-17",17779,5330148,10435,4730257,1223,458667,1764,47099,76,9160,1840,56259,31277,23546.86,10575331,0
"2021-08-18",17509,5347657,10360,4740617,1261,459928,1984,49083,90,9250,2074,58333,31204,24436.57,10606535,0
"2021-08-19",16305,5363962,9517,4750134,1315,461243,1947,51030,63,9313,2010,60343,29147,25005.57,10635682,0
"2021-08-20",16286,5380248,11537,4761671,1254,462497,1851,52881,81,9394,1932,62275,31009,25805.29,10666691,0
"2021-08-21",11152,5391400,8042,4769713,878,463375,1053,53934,52,9446,1105,63380,21177,26258.14,10687868,0
"2021-08-22",4081,5395481,3901,4773614,262,463637,514,54448,31,9477,545,63925,8789,25736,10696657,0
"2021-08-23",15582,5411063,11790,4785404,1023,464660,1547,55995,72,9549,1619,65544,30014,26088.14,10726671,0
"2021-08-24",16917,5427980,12596,4798000,1006,465666,1772,57767,72,9621,1844,67388,32363,26243.29,10759034,0
"2021-08-25",14587,5442567,12440,4810440,1110,466776,1563,59330,74,9695,1637,69025,29774,26039,10788808,0
"2021-08-26",16170,5458737,14082,4824522,1072,467848,1766,61096,66,9761,1832,70857,33156,26611.71,10821964,0
"2021-08-27",14886,5473623,14820,4839342,971,468819,1665,62761,74,9835,1739,72596,32416,26812.71,10854380,0
"2021-08-28",10685,5484308,11522,4850864,836,469655,1008,63769,42,9877,1050,73646,24093,27229.29,10878473,0
"2021-08-29",7220,5491528,7495,4858359,541,470196,775,64544,55,9932,830,74476,16086,28271.71,10894559,0
"2021-08-30",15525,5507053,16927,4875286,1077,471273,1790,66334,79,10011,1869,76345,35398,29040.86,10929957,0
"2021-08-31",15521,5522574,15950,4891236,951,472224,1969,68303,84,10095,2053,78398,34475,29342.57,10964432,0
"2021-09-01",14833,5537407,14097,4905333,1020,473244,1805,70108,59,10154,1864,80262,31814,29634,10996246,0
"2021-09-02",14337,5551744,12518,4917851,896,474140,1698,71806,60,10214,1758,82020,29509,29113,11025755,0
"2021-09-03",15016,5566760,14300,4932151,974,475114,1892,73698,68,10282,1960,83980,32250,29089.29,11058005,0
"2021-09-04",9646,5576406,9407,4941558,688,475802,967,74665,34,10316,1001,84981,20742,28610.57,11078747,0
"2021-09-05",6802,5583208,5514,4947072,438,476240,707,75372,13,10329,720,85701,13474,28237.43,11092221,0
"2021-09-06",5197,5588405,4512,4951584,358,476598,270,75642,11,10340,281,85982,10348,24658.86,11102569,0
"2021-09-07",15571,5603976,17693,4969277,912,477510,1546,77188,84,10424,1630,87612,35806,24849,11138375,0
"2021-09-08",16164,5620140,14823,4984100,1072,478582,1764,78952,76,10500,1840,89452,33899,25146.86,11172274,0
"2021-09-09",16119,5636259,14745,4998845,1047,479629,1906,80858,70,10570,1976,91428,33887,25772.29,11206161,0
"2021-09-10",18369,5654628,15394,5014239,1208,480837,1967,82825,79,10649,2046,93474,37017,26453.29,11243178,0
"2021-09-11",12632,5667260,10346,5024585,958,481795,1023,83848,47,10696,1070,94544,25006,27062.43,11268184,0
"2021-09-12",8533,5675793,5051,5029636,766,482561,688,84536,28,10724,716,95260,15066,27289.86,11283250,0
"2021-09-13",16935,5692728,12946,5042582,977,483538,1646,86182,53,10777,1699,96959,32557,30462.57,11315807,0
"2021-09-14",16274,5709002,13676,5056258,886,484424,1590,87772,49,10826,1639,98598,32475,29986.71,11348282,0
"2021-09-15",15546,5724548,12872,5069130,727,485151,1565,89337,81,10907,1646,100244,30791,29542.71,11379073,0
"2021-09-16",15343,5739891,13906,5083036,1210,486361,1452,90789,63,10970,1515,101759,31974,29269.43,11411047,0
"2021-09-17",14437,5754328,13962,5096998,922,487283,1825,92614,54,11024,1879,103638,31200,28438.43,11442247,0
"2021-09-18",10004,5764332,10174,5107172,913,488196,1046,93660,38,11062,1084,104722,22175,28034,11464422,0
"2021-09-19",6178,5770510,6071,5113243,558,488754,744,94404,28,11090,772,105494,13579,27821.57,11478001,0
"2021-09-20",12679,5783189,12629,5125872,1068,489822,1919,96323,54,11144,1973,107467,28349,27220.43,11506350,0
"2021-09-21",12238,5795427,12767,5138639,1110,490932,2019,98342,74,11218,2093,109560,28208,26610.86,11534558,0
"2021-09-22",12824,5808251,11999,5150638,1089,492021,1683,100025,66,11284,1749,111309,27661,26163.71,11562219,0
"2021-09-23",14945,5823196,12756,5163394,1639,493660,2260,102285,73,11357,2333,113642,31673,26120.71,11593892,0
"2021-09-24",16451,5839647,13367,5176761,1633,495293,4622,106907,109,11466,4731,118373,36182,26832.43,11630074,0
"2021-09-25",10545,5850192,9023,5185784,1018,496311,3452,110359,76,11542,3528,121901,24114,27109.43,11654188,0
"2021-09-26",6304,5856496,5764,5191548,774,497085,2419,112778,55,11597,2474,124375,15316,27357.57,11669504,0
"2021-09-27",14163,5870659,8053,5199601,1155,498240,9046,121824,157,11754,9203,133578,32574,27961.14,11702078,0
"2021-09-28",11154,5881813,11774,5211375,901,499141,9897,131721,170,11924,10067,143645,33896,28773.71,11735974,0
"2021-09-29",11608,5893421,12193,5223568,1206,500347,9441,141162,155,12079,9596,153241,34603,29765.43,11770577,0
"2021-09-30",12246,5905667,12602,5236170,1339,501686,9723,150885,167,12246,9890,163131,36077,30394.57,11806654,0
"2021-10-01",12649,5918316,13427,5249597,1284,502970,10255,161140,144,12390,10399,173530,37759,30619.86,11844413,0
"2021-10-02",7738,5926054,9970,5259567,865,503835,4232,165372,77,12467,4309,177839,22882,30443.86,11867295,0
"2021-10-03",5081,5931135,6155,5265722,593,504428,2609,167981,53,12520,2662,180501,14491,30326,11881786,0
"2021-10-04",9916,5941051,11021,5276743,913,505341,9507,177488,139,12659,9646,190147,31496,30172,11913282,0
"2021-10-05",10174,5951225,11732,5288475,972,506313,9926,187414,166,12825,10092,200239,32970,30039.71,11946252,0
"2021-10-06",9925,5961150,11055,5299530,937,507250,9916,197330,149,12974,10065,210304,31982,29665.29,11978234,0
"2021-10-07",9671,5970821,12192,5311722,852,508102,10181,207511,165,13139,10346,220650,33061,29234.43,12011295,0
"2021-10-08",9468,5980289,12172,5323894,942,509044,10896,218407,155,13294,11051,231701,33633,28645,12044928,0
"2021-10-09",6265,5986554,8276,5332170,649,509693,4112,222519,88,13382,4200,235901,19390,28146.14,12064318,0
"2021-10-10",3545,5990099,5023,5337193,458,510151,2433,224952,40,13422,2473,238374,11499,27718.71,12075817,0
"2021-10-11",7628,5997727,9330,5346523,728,510879,8881,233833,151,13573,9032,247406,26718,27036.14,12102535,0
"2021-10-12",8078,6005805,11001,5357524,891,511770,10498,244331,178,13751,10676,258082,30646,26704.14,12133181,0
"2021-10-13",7164,6012969,10142,5367666,869,512639,8788,253119,170,13921,8958,267040,27133,26011.43,12160314,0
"2021-10-14",7453,6020422,11110,5378776,836,513475,10101,263220,156,14077,10257,277297,29656,25525,12189970,0
"2021-10-15",7735,6028157,11863,5390639,823,514298,10795,274015,160,14237,10955,288252,31376,25202.57,12221346,0
"2021-10-16",4869,6033026,7464,5398103,666,514964,3834,277849,66,14303,3900,292152,16899,24846.71,12238245,0
"2021-10-17",3061,6036087,4474,5402577,411,515375,2448,280297,40,14343,2488,294640,10434,24694.57,12248679,0
"2021-10-18",7059,6043146,10663,5413240,796,516171,9461,289758,161,14504,9622,304262,28140,24897.71,12276819,0
"2021-10-19",6581,6049727,8943,5422183,804,516975,9071,298829,160,14664,9231,313493,25559,24171,12302378,0
"2021-10-20",6544,6056271,9376,5431559,975,517950,9970,308799,165,14829,10135,323628,27030,24156.29,12329408,0
"2021-10-21",7036,6063307,9378,5440937,858,518808,10832,319631,143,14972,10975,334603,28247,23955,12357655,0
"2021-10-22",8139,6071446,10343,5451280,1027,519835,16328,335959,207,15179,16535,351138,36044,24621.86,12393699,0
"2021-10-23",5176,6076622,6457,5457737,690,520525,9116,345075,109,15288,9225,360363,21548,25286,12415247,0
"2021-10-24",3276,6079898,3972,5461709,770,521295,6148,351223,73,15361,6221,366584,14239,25829.57,12429486,0
"2021-10-25",8786,6088684,8742,5470451,1149,522444,19237,370460,278,15639,19515,386099,38192,27265.57,12467678,0
"2021-10-26",8211,6096895,7723,5478174,1259,523703,17278,387738,251,15890,17529,403628,34722,28574.57,12502400,0
"2021-10-27",10579,6107474,8393,5486567,1604,525307,20835,408573,300,16190,21135,424763,41711,30671.86,12544111,0
"2021-10-28",11342,6118816,8040,5494607,1793,527100,20825,429398,306,16496,21131,445894,42306,32680.29,12586417,0
"2021-10-29",11848,6130664,8241,5502848,1963,529063,22517,451915,310,16806,22827,468721,44879,33942.43,12631296,0
"2021-10-30",4634,6135298,5058,5507906,932,529995,11157,463072,158,16964,11315,480036,21939,33998.29,12653235,0
"2021-10-31",2667,6137965,2702,5510608,544,530539,6633,469705,93,17057,6726,486762,12639,33769.71,12665874,0
"2021-11-01",7152,6145117,6959,5517567,1089,531628,20364,490069,307,17364,20671,507433,35871,33438.14,12701745,0
"2021-11-02",6594,6151711,6587,5524154,1055,532683,20760,510829,259,17623,21019,528452,35255,33514.29,12737000,0
"2021-11-03",6861,6158572,6681,5530835,1026,533709,20613,531442,285,17908,20898,549350,35466,32622.14,12772466,0
"2021-11-04",9319,6167891,6279,5537114,995,534704,22341,553783,334,18242,22675,572025,39268,32188.14,12811734,0
"2021-11-05",11075,6178966,6724,5543838,1051,535755,23747,577530,331,18573,24078,596103,42928,31909.43,12854662,0
"2021-11-06",11134,6190100,4051,5547889,594,536349,12584,590114,159,18732,12743,608846,28522,32849.86,12883184,0
"2021-11-07",7261,6197361,2286,5550175,577,536926,7101,597215,88,18820,7189,616035,17313,33517.57,12900497,0
"2021-11-08",15064,6212425,5681,5555856,866,537792,19497,616712,264,19084,19761,635796,41372,34303.43,12941869,0
"2021-11-09",16162,6228587,5388,5561244,661,538453,20502,637214,257,19341,20759,656555,42970,35405.57,12984839,0
"2021-11-10",16950,6245537,5323,5566567,683,539136,22622,659836,277,19618,22899,679454,45855,36889.71,13030694,0
"2021-11-11",12590,6258127,5189,5571756,760,539896,22066,681902,277,19895,22343,701797,40882,37120.29,13071576,0
"2021-11-12",16909,6275036,5687,5577443,707,540603,23373,705275,348,20243,23721,725518,47024,37705.43,13118600,0
"2021-11-13",9951,6284987,3662,5581105,465,541068,13314,718589,171,20414,13485,739003,27563,37568.43,13146163,0
"2021-11-14",6026,6291013,2293,5583398,325,541393,7920,726509,72,20486,7992,746995,16636,37471.71,13162799,0
"2021-11-15",13248,6304261,5970,5589368,690,542083,25086,751595,334,20820,25420,772415,45328,38036.86,13208127,0
"2021-11-16",9992,6314253,5785,5595153,656,542739,30645,782240,398,21218,31043,803458,47476,38680.57,13255603,0
"2021-11-17",10327,6324580,6678,5601831,681,543420,31388,813628,391,21609,31779,835237,49465,39196.29,13305068,0
"2021-11-18",10748,6335328,6547,5608378,860,544280,32978,846606,424,22033,33402,868639,51557,40721.29,13356625,0
"2021-11-19",12042,6347370,6558,5614936,715,544995,36224,882830,430,22463,36654,905293,55969,41999.14,13412594,0
"2021-11-20",9347,6356717,3418,5618354,513,545508,22499,905329,243,22706,22742,928035,36020,43207.29,13448614,0
"2021-11-21",4969,6361686,1887,5620241,288,545796,13190,918519,142,22848,13332,941367,20476,43755.86,13469090,0
"2021-11-22",10463,6372149,5792,5626033,752,546548,35891,954410,415,23263,36306,977673,53313,44896.57,13522403,0
"2021-11-23",9826,6381975,4780,5630813,636,547184,33493,987903,353,23616,33846,1011519,49088,45126.86,13571491,0
"2021-11-24",8729,6390704,4753,5635566,651,547835,25898,1013801,263,23879,26161,1037680,40294,43816.71,13611785,0
"2021-11-25",449,6391153,325,5635891,80,547915,1003,1014804,8,23887,1011,1038691,1865,36717.86,13613650,0
"2021-11-26",8073,6399226,6989,5642880,531,548446,26568,1041372,276,24163,26844,1065535,42437,34784.71,13656087,0
"2021-11-27",6694,6405920,6835,5649715,371,548817,18831,1060203,206,24369,19037,1084572,32937,34344.29,13689024,0
"2021-11-28",4087,6410007,5781,5655496,281,549098,11871,1072074,112,24481,11983,1096555,22132,34580.86,13711156,0
"2021-11-29",9115,6419122,10984,5666480,687,549785,35004,1107078,406,24887,35410,1131965,56196,34992.71,13767352,0
"2021-11-30",10538,6429660,11434,5677914,513,550298,37764,1144842,463,25350,38227,1170192,60712,36653.29,13828064,0
"2021-12-01",11210,6440870,10984,5688898,723,551021,40311,1185153,415,25765,40726,1210918,63643,39988.86,13891707,0
"2021-12-02",11686,6452556,11028,5699926,626,551647,42128,1227281,436,26201,42564,1253482,65904,49137.29,13957611,0
"2021-12-03",13530,6466086,12886,5712812,677,552324,47888,1275169,493,26694,48381,1301863,75474,53856.86,14033085,0
"2021-12-04",9869,6475955,11289,5724101,567,552891,30658,1305827,287,26981,30945,1332808,52670,56675.86,14085755,0
"2021-12-05",5767,6481722,5705,5729806,270,553161,16647,1322474,120,27101,16767,1349575,28509,57586.86,14114264,0
"2021-12-06",12372,6494094,9956,5739762,601,553762,43209,1365683,416,27517,43625,1393200,66554,59066.57,14180818,0
"2021-12-07",12637,6506731,9255,5749017,624,554386,43006,1408689,474,27991,43480,1436680,65996,59821.43,14246814,0
"2021-12-08",13570,6520301,8761,5757778,554,554940,40761,1449450,449,28440,41210,1477890,64095,59886,14310909,0
"2021-12-09",13540,6533841,8760,5766538,556,555496,40784,1490234,461,28901,41245,1519135,64101,59628.43,14375010,0
"2021-12-10",14069,6547910,10139,5776677,670,556166,43627,1533861,473,29374,44100,1563235,68978,58700.43,14443988,0
"2021-12-11",10287,6558197,8116,5784793,405,556571,26686,1560547,260,29634,26946,1590181,45754,57712.43,14489742,0
"2021-12-12",6033,6564230,3854,5788647,288,556859,15153,1575700,128,29762,15281,1605462,25456,57276.29,14515198,0
"2021-12-13",12263,6576493,7426,5796073,657,557516,37850,1613550,373,30135,38223,1643685,58569,56135.57,14573767,0
"2021-12-14",12271,6588764,6955,5803028,731,558247,38113,1651663,411,30546,38524,1682209,58481,55062,14632248,0
"2021-12-15",12141,6600905,6240,5809268,756,559003,38085,1689748,465,31011,38550,1720759,57687,54146.57,14689935,0
"2021-12-16",13154,6614059,4274,5813542,742,559745,41019,1730767,420,31431,41439,1762198,59609,53504.86,14749544,0
"2021-12-17",15976,6630035,6933,5820475,621,560366,46724,1777491,444,31875,47168,1809366,70698,53750.57,14820242,0
"2021-12-18",13044,6643079,5722,5826197,432,560798,30586,1808077,252,32127,30838,1840204,50036,54362.29,14870278,0
"2021-12-19",7032,6650111,2997,5829194,326,561124,17988,1826065,160,32287,18148,1858352,28503,54797.57,14898781,0
"2021-12-20",16898,6667009,5864,5835058,747,561871,47396,1873461,529,32816,47925,1906277,71434,56635.43,14970215,0
"2021-12-21",17991,6685000,6571,5841629,806,562677,48860,1922321,552,33368,49412,1955689,74780,58963.86,15044995,0
"2021-12-22",18579,6703579,6561,5848190,938,563615,49605,1971926,501,33869,50106,2005795,76184,61606.29,15121179,0
"2021-12-23",19075,6722654,6482,5854672,929,564544,45782,2017708,493,34362,46275,2052070,72761,63485.14,15193940,0
"2021-12-24",9243,6731897,2953,5857625,598,565142,20587,2038295,198,34560,20785,2072855,33579,58182.43,15227519,0
"2021-12-25",343,6732240,64,5857689,31,565173,426,2038721,8,34568,434,2073289,872,51159,15228391,0
"2021-12-26",7978,6740218,3927,5861616,341,565514,17268,2055989,164,34732,17432,2090721,29678,51326.86,15258069,0
"2021-12-27",21812,6762030,9206,5870822,932,566446,43399,2099388,522,35254,43921,2134642,75871,51960.71,15333940,0
"2021-12-28",20179,6782209,8323,5879145,698,567144,47548,2146936,580,35834,48128,2182770,77328,52324.71,15411268,0
"2021-12-29",18517,6800726,7666,5886811,607,567751,45505,2192441,459,36293,45964,2228734,72754,51834.71,15484022,0
"2021-12-30",16892,6817618,7417,5894228,584,568335,44793,2237234,556,36849,45349,2274083,70242,51474.86,15554264,0
"2021-12-31",5363,6822981,2808,5897036,193,568528,14754,2251988,168,37017,14922,2289005,23286,50004.43,15577550,0
"2022-01-01",242,6823223,146,5897182,11,568539,498,2252486,13,37030,511,2289516,910,50009.86,15578460,0
"2022-01-02",6439,6829662,5017,5902199,153,568692,10974,2263460,100,37130,11074,2300590,22683,49010.57,15601143,0
"2022-01-03",14176,6843838,8473,5910672,515,569207,26863,2290323,282,37412,27145,2327735,50309,45358.86,15651452,0
"2022-01-04",13082,6856920,8079,5918751,412,569619,27009,2317332,336,37748,27345,2355080,48918,41300.29,15700370,0
"2022-01-05",11594,6868514,6982,5925733,384,570003,25755,2343087,286,38034,26041,2381121,45001,37335.57,15745371,0
"2022-01-06",11526,6880040,7379,5933112,485,570488,27445,2370532,313,38347,27758,2408879,47148,34036.43,15792519,0
"2022-01-07",10455,6890495,8419,5941531,337,570825,24966,2395498,295,38642,25261,2434140,44472,37063,15836991,0
"2022-01-08",7920,6898415,8556,5950087,310,571135,19410,2414908,167,38809,19577,2453717,36363,42127.71,15873354,0
"2022-01-09",4137,6902552,3845,5953932,214,571349,10054,2424962,88,38897,10142,2463859,18338,41507,15891692,0
"2022-01-10",10179,6912731,8190,5962122,490,571839,24592,2449554,280,39177,24872,2488731,43731,40567.29,15935423,0
"2022-01-11",8906,6921637,7992,5970114,520,572359,20985,2470539,268,39445,21253,2509984,38671,39103.43,15974094,0
"2022-01-12",8951,6930588,8315,5978429,428,572787,22309,2492848,277,39722,22586,2532570,40280,38429,16014374,0
"2022-01-13",9054,6939642,8855,5987284,449,573236,22833,2515681,294,40016,23127,2555697,41485,37620,16055859,0
"2022-01-14",10128,6949770,8119,5995403,476,573712,26407,2542088,304,40320,26711,2582408,45434,37757.43,16101293,0
"2022-01-15",6211,6955981,4306,5999709,178,573890,15147,2557235,165,40485,15312,2597720,26007,36278,16127300,0
"2022-01-16",2923,6958904,3250,6002959,95,573985,7814,2565049,78,40563,7892,2605612,14160,35681.14,16141460,0
"2022-01-17",6086,6964990,6762,6009721,363,574348,14653,2579702,205,40768,14858,2620470,28069,33443.71,16169529,0
"2022-01-18",8177,6973167,10308,6020029,397,574745,19646,2599348,310,41078,19956,2640426,38838,33467.57,16208367,0
"2022-01-19",7489,6980656,9243,6029272,305,575050,17687,2617035,259,41337,17946,2658372,34983,32710.86,16243350,0
"2022-01-20",6293,6986949,8560,6037832,305,575355,15235,2632270,227,41564,15462,2673834,30620,31158.71,16273970,0
"2022-01-21",7579,6994528,7492,6045324,276,575631,18481,2650751,269,41833,18750,2692584,34097,29539.14,16308067,0
"2022-01-22",5196,6999724,4932,6050256,131,575762,11297,2662048,119,41952,11416,2704000,21675,28920.29,16329742,0
"2022-01-23",2816,7002540,3328,6053584,97,575859,6224,2668272,74,42026,6298,2710298,12539,28688.71,16342281,0
"2022-01-24",6380,7008920,8189,6061773,262,576121,15063,2683335,229,42255,15292,2725590,30123,28982.14,16372404,0
"2022-01-25",6198,7015118,7927,6069700,232,576353,14671,2698006,251,42506,14922,2740512,29279,27616.57,16401683,0
"2022-01-26",5759,7020877,7164,6076864,289,576642,14006,2712012,199,42705,14205,2754717,27417,26535.71,16429100,0
"2022-01-27",5271,7026148,7082,6083946,321,576963,14059,2726071,222,42927,14281,2768998,26955,26012.14,16456055,0
"2022-01-28",6269,7032417,7858,6091804,203,577166,16105,2742176,226,43153,16331,2785329,30661,25521.29,16486716,0
"2022-01-29",842,7033259,727,6092531,28,577194,2535,2744711,38,43191,2573,2787902,4170,23020.57,16490886,0
"2022-01-30",2099,7035358,3022,6095553,103,577297,4532,2749243,61,43252,4593,2792495,9817,22631.71,16500703,0
"2022-01-31",5005,7040363,6591,6102144,219,577516,11360,2760603,192,43444,11552,2804047,23367,21666.57,16524070,0
"2022-02-01",4845,7045208,6436,6108580,219,577735,10690,2771293,204,43648,10894,2814941,22394,20683,16546464,0
"2022-02-02",4251,7049459,5916,6114496,214,577949,11214,2782507,231,43879,11445,2826386,21826,19884.29,16568290,0
"2022-02-03",4238,7053697,5799,6120295,216,578165,11208,2793715,192,44071,11400,2837786,21653,19126.86,16589943,0
"2022-02-04",4787,7058484,7105,6127400,214,578379,13197,2806912,232,44303,13429,2851215,25535,18394.57,16615478,0
"2022-02-05",3588,7062072,6044,6133444,110,578489,8561,2815473,144,44447,8705,2859920,18447,20434.14,16633925,0
"2022-02-06",2064,7064136,2135,6135579,121,578610,4630,2820103,102,44549,4732,2864652,9052,20324.86,16642977,0
"2022-02-07",4156,7068292,4723,6140302,205,578815,10125,2830228,226,44775,10351,2875003,19435,19763.14,16662412,0
"2022-02-08",4233,7072525,5605,6145907,214,579029,11313,2841541,299,45074,11612,2886615,21664,19658.86,16684076,0
"2022-02-09",4144,7076669,5397,6151304,222,579251,11649,2853190,241,45315,11890,2898505,21653,19634.14,16705729,0
"2022-02-10",4000,7080669,5115,6156419,245,579496,12185,2865375,272,45587,12457,2910962,21817,19657.57,16727546,0
"2022-02-11",4522,7085191,5803,6162222,194,579690,13719,2879094,308,45895,14027,2924989,24546,19516.29,16752092,0
"2022-02-12",3253,7088444,4341,6166563,97,579787,8796,2887890,210,46105,9006,2933995,16697,19266.29,16768789,0
"2022-02-13",1519,7089963,1542,6168105,41,579828,4879,2892769,102,46207,4981,2938976,8083,19127.86,16776872,0
"2022-02-14",2989,7092952,3619,6171724,166,579994,10555,2903324,317,46524,10872,2949848,17646,18872.29,16794518,0
"2022-02-15",3568,7096520,4067,6175791,176,580170,12760,2916084,272,46796,13032,2962880,20843,18755,16815361,0
"2022-02-16",3673,7100193,3898,6179689,200,580370,15686,2931770,284,47080,15970,2978850,23741,19053.29,16839102,0
"2022-02-17",4055,7104248,4082,6183771,162,580532,18251,2950021,347,47427,18598,2997448,26897,19779,16865999,0
"2022-02-18",4481,7108729,4776,6188547,190,580722,21525,2971546,441,47868,21966,3019414,31413,20760,16897412,0
"2022-02-19",3259,7111988,2178,6190725,65,580787,11165,2982711,210,48078,11375,3030789,16877,20785.71,16914289,0
"2022-02-20",1863,7113851,1444,6192169,59,580846,6576,2989287,110,48188,6686,3037475,10052,21067,16924341,0
"2022-02-21",3092,7116943,2687,6194856,95,580941,8348,2997635,219,48407,8567,3046042,14441,20609.14,16938782,0
"2022-02-22",4394,7121337,4245,6199101,175,581116,10815,3008450,244,48651,11059,3057101,19873,20470.57,16958655,0
"2022-02-23",4276,7125613,3787,6202888,145,581261,10648,3019098,232,48883,10880,3067981,19088,19805.86,16977743,0
"2022-02-24",3790,7129403,3650,6206538,108,581369,10173,3029271,226,49109,10399,3078380,17947,18527.29,16995690,0
"2022-02-25",3622,7133025,3620,6210158,134,581503,9972,3039243,225,49334,10197,3088577,17573,16550.14,17013263,0
"2022-02-26",2845,7135870,2578,6212736,74,581577,9503,3048746,149,49483,9652,3098229,15149,16303.29,17028412,0
"2022-02-27",1776,7137646,1373,6214109,52,581629,6265,3055011,96,49579,6361,3104590,9562,16233.29,17037974,0
"2022-02-28",3819,7141465,3129,6217238,140,581769,13107,3068118,243,49822,13350,3117940,20438,17090,17058412,0
"2022-03-01",2135,7143600,2613,6219851,103,581872,5159,3073277,180,50002,5339,3123279,10190,15706.71,17068602,0
"2022-03-02",1835,7145435,2434,6222285,106,581978,4116,3077393,204,50206,4320,3127599,8695,14222,17077297,0
"2022-03-03",1936,7147371,2557,6224842,107,582085,3792,3081185,167,50373,3959,3131558,8559,12880.86,17085856,0
"2022-03-04",2121,7149492,2870,6227712,66,582151,4321,3085506,205,50578,4526,3136084,9583,11739.43,17095439,0
"2022-03-05",1611,7151103,2124,6229836,43,582194,3310,3088816,109,50687,3419,3139503,7197,10603.43,17102636,0
"2022-03-06",801,7151904,878,6230714,30,582224,1621,3090437,54,50741,1675,3141178,3384,9720.86,17106020,0
"2022-03-07",1665,7153569,1784,6232498,86,582310,3491,3093928,159,50900,3650,3144828,7185,7827.57,17113205,0
"2022-03-08",1549,7155118,1892,6234390,80,582390,3120,3097048,146,51046,3266,3148094,6787,7341.43,17119992,0
"2022-03-09",1268,7156386,1665,6236055,79,582469,2575,3099623,129,51175,2704,3150798,5716,6915.86,17125708,0
"2022-03-10",1422,7157808,2097,6238152,85,582554,2948,3102571,157,51332,3105,3153903,6709,6651.57,17132417,0
"2022-03-11",1608,7159416,2266,6240418,81,582635,3207,3105778,184,51516,3391,3157294,7346,6332,17139763,0
"2022-03-12",878,7160294,1411,6241829,40,582675,1999,3107777,70,51586,2069,3159363,4398,5932.14,17144161,0
"2022-03-13",626,7160920,757,6242586,27,582702,1291,3109068,47,51633,1338,3160701,2748,5841.29,17146909,0
"2022-03-14",1376,7162296,1600,6244186,83,582785,2986,3112054,204,51837,3190,3163891,6249,5707.57,17153158,0
"2022-03-15",1362,7163658,1921,6246107,63,582848,3069,3115123,225,52062,3294,3167185,6640,5686.57,17159798,0
"2022-03-16",1398,7165056,2065,6248172,94,582942,3126,3118249,292,52354,3418,3170603,6975,5866.43,17166773,0
"2022-03-17",1183,7166239,1808,6249980,70,583012,2753,3121002,262,52616,3015,3173618,6076,5776,17172849,0
"2022-03-18",1585,7167824,2189,6252169,80,583092,3756,3124758,413,53029,4169,3177787,8023,5872.71,17180872,0
"2022-03-19",1113,7168937,1729,6253898,54,583146,2586,3127344,222,53251,2808,3180595,5704,6059.29,17186576,0
"2022-03-20",613,7169550,627,6254525,33,583179,1461,3128805,183,53434,1644,3182239,2917,6083.43,17189493,0
"2022-03-21",1422,7170972,1551,6256076,73,583252,3044,3131849,349,53783,3393,3185632,6439,6110.57,17195932,0
"2022-03-22",1345,7172317,1547,6257623,101,583353,2892,3134741,337,54120,3229,3188861,6222,6050.86,17202154,0
"2022-03-23",1261,7173578,1352,6258975,66,583419,2906,3137647,370,54490,3276,3192137,5955,5905.14,17208109,0
"2022-03-24",1212,7174790,1296,6260271,89,583508,2511,3140158,262,54752,2773,3194910,5370,5804.29,17213479,0
"2022-03-25",1389,7176179,1624,6261895,62,583570,3254,3143412,372,55124,3626,3198536,6701,5615.43,17220180,0
"2022-03-26",929,7177108,1159,6263054,36,583606,2289,3145701,249,55373,2538,3201074,4662,5466.57,17224842,0
"2022-03-27",574,7177682,527,6263581,29,583635,1311,3147012,201,55574,1512,3202586,2642,5427.29,17227484,0
"2022-03-28",1085,7178767,1156,6264737,68,583703,2436,3149448,354,55928,2790,3205376,5099,5235.86,17232583,0
"2022-03-29",1051,7179818,1105,6265842,85,583788,2505,3151953,870,56798,3375,3208751,5616,5149.29,17238199,0
"2022-03-30",1247,7181065,1140,6266982,98,583886,3049,3155002,3361,60159,6410,3215161,8895,5569.29,17247094,0
"2022-03-31",1286,7182351,1255,6268237,57,583943,3155,3158157,5437,65596,8592,3223753,11190,6400.71,17258284,0
"2022-04-01",1438,7183789,1492,6269729,76,584019,3242,3161399,6824,72420,10066,3233819,13072,7310.86,17271356,0
"2022-04-02",915,7184704,912,6270641,33,584052,2090,3163489,4468,76888,6558,3240377,8418,7847.43,17279774,0
"2022-04-03",559,7185263,500,6271141,28,584080,1224,3164713,3031,79919,4255,3244632,5342,8233.14,17285116,0
"2022-04-04",1354,7186617,1309,6272450,60,584140,2723,3167436,7604,87523,10327,3254959,13050,9369,17298166,0
"2022-04-05",1302,7187919,1158,6273608,66,584206,2852,3170288,7377,94900,10229,3265188,12755,10388.86,17310921,0
"2022-04-06",1319,7189238,1184,6274792,58,584264,2612,3172900,6867,101767,9479,3274667,12040,10838.14,17322961,0
"2022-04-07",1212,7190450,1060,6275852,54,584318,2368,3175268,6528,108295,8896,3283563,11222,10842.71,17334183,0
"2022-04-08",1498,7191948,1403,6277255,62,584380,3153,3178421,8648,116943,11801,3295364,14764,11084.43,17348947,0
"2022-04-09",936,7192884,917,6278172,28,584408,2057,3180478,4877,121820,6934,3302298,8815,11141.14,17357762,0
"2022-04-10",591,7193475,461,6278633,25,584433,1168,3181646,2861,124681,4029,3306327,5106,11107.43,17362868,0
"2022-04-11",1338,7194813,1227,6279860,59,584492,2649,3184295,7658,132339,10307,3316634,12931,11090.43,17375799,0
"2022-04-12",1214,7196027,1053,6280913,73,584565,2520,3186815,7314,139653,9834,3326468,12174,11007.43,17387973,0
"2022-04-13",1265,7197292,1062,6281975,59,584624,2493,3189308,7416,147069,9909,3336377,12295,11043.86,17400268,0
"2022-04-14",1279,7198571,1094,6283069,59,584683,2422,3191730,6501,153570,8923,3345300,11355,11062.86,17411623,0
"2022-04-15",1346,7199917,1091,6284160,53,584736,2551,3194281,6518,160088,9069,3354369,11559,10605,17423182,0
"2022-04-16",871,7200788,651,6284811,31,584767,1634,3195915,3619,163707,5253,3359622,6806,10318,17429988,0
"2022-04-17",348,7201136,203,6285014,27,584794,638,3196553,1139,164846,1777,3361399,2355,9925,17432343,0
"2022-04-18",1385,7202521,1111,6286125,82,584876,2576,3199129,6320,171166,8896,3370295,11474,9716.86,17443817,0
"2022-04-19",1413,7203934,934,6287059,72,584948,2563,3201692,5663,176829,8226,3378521,10645,9498.43,17454462,0
"2022-04-20",1314,7205248,1140,6288199,65,585013,2671,3204363,6541,183370,9212,3387733,11731,9417.86,17466193,0
"2022-04-21",1222,7206470,1061,6289260,52,585065,2316,3206679,5250,188620,7566,3395299,9901,9210.14,17476094,0
"2022-04-22",1217,7207687,1022,6290282,46,585111,2194,3208873,5533,194153,7727,3403026,10012,8989.14,17486106,0
"2022-04-23",721,7208408,747,6291029,59,585170,1422,3210295,3290,197443,4712,3407738,6239,8908.14,17492345,0
"2022-04-24",443,7208851,338,6291367,27,585197,810,3211105,1797,199240,2607,3410345,3415,9059.57,17495760,0
"2022-04-25",1025,7209876,909,6292276,64,585261,1847,3212952,5002,204242,6849,3417194,8847,8684.29,17504607,0
"2022-04-26",943,7210819,854,6293130,76,585337,1746,3214698,4603,208845,6349,3423543,8222,8338.14,17512829,0
"2022-04-27",1038,7211857,997,6294127,78,585415,1922,3216620,5097,213942,7019,3430562,9132,7966.86,17521961,0
"2022-04-28",1085,7212942,985,6295112,49,585464,1998,3218618,4685,218627,6683,3437245,8802,7809.86,17530763,0
"2022-04-29",1191,7214133,1098,6296210,61,585525,2149,3220767,5276,223903,7425,3444670,9775,7776,17540538,0
"2022-04-30",724,7214857,744,6296954,43,585568,1394,3222161,2933,226836,4327,3448997,5838,7718.71,17546376,0
"2022-05-01",451,7215308,371,6297325,21,585589,761,3222922,1636,228472,2397,3451394,3240,7693.71,17549616,0
"2022-05-02",1052,7216360,792,6298117,52,585641,1669,3224591,3737,232209,5406,3456800,7302,7473,17556918,0
"2022-05-03",1121,7217481,855,6298972,60,585701,1975,3226566,4774,236983,6749,3463549,8785,7553.43,17565703,0
"2022-05-04",1019,7218500,883,6299855,48,585749,1899,3228465,4543,241526,6442,3469991,8392,7447.71,17574095,0
"2022-05-05",1049,7219549,952,6300807,86,585835,1928,3230393,4813,246339,6741,3476732,8828,7451.43,17582923,0
"2022-05-06",1090,7220639,949,6301756,50,585885,1863,3232256,4312,250651,6175,3482907,8264,7235.57,17591187,0
"2022-05-07",659,7221298,588,6302344,30,585915,1200,3233456,2398,253049,3598,3486505,4875,7098,17596062,0
"2022-05-08",415,7221713,249,6302593,17,585932,668,3234124,1364,254413,2032,3488537,2713,7022.71,17598775,0
"2022-05-09",1077,7222790,937,6303530,62,585994,1869,3235993,4345,258758,6214,3494751,8290,7163.86,17607065,0
"2022-05-10",1094,7223884,930,6304460,54,586048,1985,3237978,4633,263391,6618,3501369,8696,7151.14,17615761,0
"2022-05-11",1091,7224975,973,6305433,44,586092,1922,3239900,4745,268136,6667,3508036,8775,7205.86,17624536,0
"2022-05-12",1095,7226070,944,6306377,58,586150,1993,3241893,4564,272700,6557,3514593,8654,7181,17633190,0
"2022-05-13",1160,7227230,1034,6307411,43,586193,2052,3243945,4719,277419,6771,3521364,9008,7287.29,17642198,0
"2022-05-14",824,7228054,668,6308079,31,586224,1464,3245409,2877,280296,4341,3525705,5864,7428.57,17648062,0
"2022-05-15",511,7228565,355,6308434,21,586245,913,3246322,1665,281961,2578,3528283,3465,7536,17651527,0
"2022-05-16",1226,7229791,850,6309284,59,586304,1815,3248137,3765,285726,5580,3533863,7715,7453.86,17659242,0
"2022-05-17",1296,7231087,918,6310202,79,586383,2033,3250170,4782,290508,6815,3540678,9108,7512.71,17668350,0
"2022-05-18",1242,7232329,904,6311106,82,586465,2060,3252230,4834,295342,6894,3547572,9122,7562.29,17677472,0
"2022-05-19",1168,7233497,868,6311974,35,586500,2098,3254328,4644,299986,6742,3554314,8813,7585,17686285,0
"2022-05-20",1186,7234683,946,6312920,73,586573,2353,3256681,5080,305066,7433,3561747,9638,7675,17695923,0
"2022-05-21",835,7235518,646,6313566,23,586596,1702,3258383,3228,308294,4930,3566677,6434,7756.43,17702357,0
"2022-05-22",511,7236029,287,6313853,21,586617,1131,3259514,1816,310110,2947,3569624,3766,7799.43,17706123,0
"2022-05-23",1220,7237249,887,6314740,44,586661,2157,3261671,4605,314715,6762,3576386,8913,7970.57,17715036,0
"2022-05-24",1424,7238673,923,6315663,61,586722,2214,3263885,4371,319086,6585,3582971,8993,7954.14,17724029,0
"2022-05-25",1425,7240098,954,6316617,56,586778,2235,3266120,4145,323231,6380,3589351,8815,7910.29,17732844,0
"2022-05-26",1174,7241272,856,6317473,59,586837,2249,3268369,4039,327270,6288,3595639,8377,7848,17741221,0
"2022-05-27",1238,7242510,945,6318418,36,586873,2468,3270837,3780,331050,6248,3601887,8467,7680.71,17749688,0
"2022-05-28",710,7243220,509,6318927,19,586892,1751,3272588,2018,333068,3769,3605656,5007,7476.86,17754695,0
"2022-05-29",475,7243695,214,6319141,11,586903,761,3273349,1109,334177,1870,3607526,2570,7306,17757265,0
"2022-05-30",86,7243781,54,6319195,6,586909,137,3273486,142,334319,279,3607805,425,6093.43,17757690,0
"2022-05-31",1117,7244898,892,6320087,50,586959,1849,3275335,2939,337258,4788,3612593,6847,5786.86,17764537,0
"2022-06-01",1126,7246024,835,6320922,60,587019,1946,3277281,3334,340592,5280,3617873,7301,5570.57,17771838,0
"2022-06-02",1016,7247040,789,6321711,71,587090,1783,3279064,3094,343686,4877,3622750,6753,5338.57,17778591,0
"2022-06-03",1164,7248204,879,6322590,48,587138,2029,3281093,3437,347123,5466,3628216,7557,5208.57,17786148,0
"2022-06-04",721,7248925,574,6323164,23,587161,1545,3282638,1874,348997,3419,3631635,4737,5170,17790885,0
"2022-06-05",447,7249372,295,6323459,1,587162,872,3283510,962,349959,1834,3633469,2577,5171,17793462,0
"2022-06-06",1116,7250488,813,6324272,62,587224,1730,3285240,2653,352612,4383,3637852,6374,6020.86,17799836,0
"2022-06-07",1005,7251493,747,6325019,66,587290,1733,3286973,2488,355100,4221,3642073,6039,5905.43,17805875,0
"2022-06-08",1066,7252559,804,6325823,72,587362,1828,3288801,2634,357734,4462,3646535,6404,5777.29,17812279,120000
"2022-06-09",1106,7253665,794,6326617,62,587424,2074,3290875,2488,360222,4562,3651097,6524,5744.57,17818803,120000
"2022-06-10",1020,7254685,793,6327410,65,587489,1812,3292687,2669,362891,4481,3655578,6359,5573.43,17825162,120000
"2022-06-11",672,7255357,498,6327908,20,587509,1295,3293982,1462,364353,2757,3658335,3947,5460.57,17829109,120000
"2022-06-12",350,7255707,280,6328188,19,587528,857,3294839,758,365111,1615,3659950,2264,5415.86,17831373,120000
"2022-06-13",1001,7256708,714,6328902,51,587579,1476,3296315,2033,367144,3509,3663459,5275,5258.86,17836648,120000
"2022-06-14",278,7256986,275,6329177,17,587596,526,3296841,1018,368162,1544,3665003,2114,4698.14,17838762,120000
