"DATE","ADMIN_DOSE1_DAILY","ADMIN_DOSE1_CUMULATIVE","ADMIN_DOSE2_DAILY","ADMIN_DOSE2_CUMULATIVE","ADMIN_SINGLE_DAILY","ADMIN_SINGLE_CUMULATIVE","ADMIN_ADDITIONAL_DAILY","ADMIN_ADDITIONAL_CUMULATIVE","ADMIN_ALLDOSES_DAILY","ADMIN_ALLDOSES_7DAYAVG","ADMIN_ALLDOSES_CUMULATIVE","INCOMPLETE"
"2020-12-14",79,79,0,0,0,0,0,0,79,,79,0
"2020-12-15",2052,2131,6,6,4,4,0,0,2062,,2141,0
"2020-12-16",4603,6734,13,19,1,5,1,1,4618,,6759,0
"2020-12-17",4655,11389,17,36,0,5,1,2,4673,,11432,0
"2020-12-18",5833,17222,20,56,2,7,2,4,5857,,17289,0
"2020-12-19",1689,18911,7,63,3,10,0,4,1699,,18988,0
"2020-12-20",1116,20027,2,65,1,11,0,4,1119,2872.43,20107,0
"2020-12-21",6337,26364,19,84,0,11,6,10,6362,3770,26469,0
"2020-12-22",9796,36160,27,111,2,13,1,11,9826,4879.14,36295,0
"2020-12-23",14273,50433,36,147,3,16,1,12,14313,6264.14,50608,0
"2020-12-24",7200,57633,25,172,1,17,0,12,7226,6628.86,57834,0
"2020-12-25",180,57813,0,172,0,17,1,13,181,5818,58015,0
"2020-12-26",4389,62202,42,214,0,17,1,14,4432,6208.43,62447,0
"2020-12-27",3868,66070,14,228,0,17,1,15,3883,6603.29,66330,0
"2020-12-28",10995,77065,50,278,1,18,2,17,11048,7272.71,77378,0
"2020-12-29",10719,87784,34,312,2,20,2,19,10757,7405.71,88135,0
"2020-12-30",12824,100608,45,357,0,20,0,19,12869,7199.43,101004,0
"2020-12-31",7263,107871,30,387,1,21,0,19,7294,7209.14,108298,0
"2021-01-01",181,108052,2,389,1,22,3,22,187,7210,108485,0
"2021-01-02",3810,111862,10,399,2,24,2,24,3824,7123.14,112309,0
"2021-01-03",3543,115405,23,422,2,26,1,25,3569,7078.29,115878,0
"2021-01-04",12257,127662,805,1227,2,28,6,31,13070,7367.14,128948,0
"2021-01-05",14085,141747,2192,3419,2,30,11,42,16290,8157.57,145238,0
"2021-01-06",17807,159554,3924,7343,1,31,30,72,21762,9428,167000,0
"2021-01-07",16546,176100,5173,12516,4,35,45,117,21768,11495.71,188768,0
"2021-01-08",16618,192718,5456,17972,0,35,32,149,22106,14627,210874,0
"2021-01-09",7649,200367,1463,19435,1,36,7,156,9120,15383.57,219994,0
"2021-01-10",7883,208250,981,20416,0,36,10,166,8874,16141.43,228868,0
"2021-01-11",25825,234075,7457,27873,2,38,49,215,33333,19036.14,262201,0
"2021-01-12",28262,262337,7861,35734,1,39,43,258,36167,21875.71,298368,0
"2021-01-13",31731,294068,9382,45116,1,40,52,310,41166,24647.71,339534,0
"2021-01-14",35806,329874,5328,50444,1,41,28,338,41163,27418.43,380697,0
"2021-01-15",29266,359140,3707,54151,2,43,32,370,33007,28975.71,413704,0
"2021-01-16",30291,389431,2380,56531,0,43,25,395,32696,32343.71,446400,0
"2021-01-17",23752,413183,1622,58153,0,43,19,414,25393,34703.57,471793,0
"2021-01-18",27107,440290,2414,60567,0,43,35,449,29556,34164,501349,0
"2021-01-19",34299,474589,9624,70191,1,44,71,520,43995,35282.29,545344,0
"2021-01-20",34868,509457,9494,79685,1,45,59,579,44422,35747.43,589766,0
"2021-01-21",25590,535047,8093,87778,2,47,48,627,33733,34686,623499,0
"2021-01-22",24756,559803,4381,92159,1,48,32,659,29170,34137.86,652669,0
"2021-01-23",15742,575545,3223,95382,0,48,10,669,18975,32177.71,671644,0
"2021-01-24",7178,582723,3450,98832,0,48,19,688,10647,30071.14,682291,0
"2021-01-25",13415,596138,11820,110652,0,48,63,751,25298,29462.86,707589,0
"2021-01-26",16763,612901,10753,121405,0,48,67,818,27583,27118.29,735172,0
"2021-01-27",20835,633736,12356,133761,0,48,50,868,33241,25521,768413,0
"2021-01-28",30766,664502,12845,146606,0,48,79,947,43690,26943.43,812103,0
"2021-01-29",31694,696196,11496,158102,0,48,79,1026,43269,28957.57,855372,0
"2021-01-30",18715,714911,3739,161841,0,48,20,1046,22474,29457.43,877846,0
"2021-01-31",13024,727935,2917,164758,1,49,28,1074,15970,30217.86,893816,0
"2021-02-01",1180,729115,5369,170127,4,53,35,1109,6588,27545,900404,0
"2021-02-02",2827,731942,9470,179597,2,55,50,1159,12349,25368.71,912753,0
"2021-02-03",16347,748289,21240,200837,4,59,201,1360,37792,26018.86,950545,0
"2021-02-04",27046,775335,19650,220487,3,62,198,1558,46897,26477,997442,0
"2021-02-05",27603,802938,20028,240515,0,62,184,1742,47815,27126.43,1045257,0
"2021-02-06",22992,825930,11250,251765,0,62,109,1851,34351,28823.14,1079608,0
"2021-02-07",12047,837977,8281,260046,1,63,88,1939,20417,29458.43,1100025,0
"2021-02-08",16965,854942,23513,283559,2,65,232,2171,40712,34333.29,1140737,0
"2021-02-09",17192,872134,28113,311672,2,67,329,2500,45636,39088.57,1186373,0
"2021-02-10",19596,891730,29302,340974,2,69,260,2760,49160,40712.57,1235533,0
"2021-02-11",27847,919577,33465,374439,2,71,346,3106,61660,42821.57,1297193,0
"2021-02-12",38405,957982,30787,405226,3,74,357,3463,69552,45926.86,1366745,0
"2021-02-13",28005,985987,25308,430534,2,76,306,3769,53621,48679.71,1420366,0
"2021-02-14",16284,1002271,23727,454261,0,76,260,4029,40271,51516,1460637,0
"2021-02-15",12796,1015067,10528,464789,2,78,164,4193,23490,49055.71,1484127,0
"2021-02-16",14241,1029308,26729,491518,0,78,320,4513,41290,48434.86,1525417,0
"2021-02-17",16400,1045708,22183,513701,1,79,286,4799,38870,46964.86,1564287,0
"2021-02-18",12156,1057864,24987,538688,21,100,284,5083,37448,43506,1601735,0
"2021-02-19",13265,1071129,23935,562623,39,139,301,5384,37540,38932.86,1639275,0
"2021-02-20",11352,1082481,26072,588695,6,145,323,5707,37753,36666,1677028,0
"2021-02-21",6362,1088843,17423,606118,15,160,283,5990,24083,34353.43,1701111,0
"2021-02-22",13041,1101884,11846,617964,2,162,127,6117,25016,34571.43,1726127,0
"2021-02-23",25245,1127129,14145,632109,1,163,159,6276,39550,34322.86,1765677,0
"2021-02-24",36360,1163489,20369,652478,0,163,222,6498,56951,36905.86,1822628,0
"2021-02-25",54622,1218111,30374,682852,6,169,391,6889,85393,43755.14,1908021,0
"2021-02-26",62876,1280987,31857,714709,4,173,404,7293,95141,51983.86,2003162,0
"2021-02-27",51300,1332287,22740,737449,47,220,332,7625,74419,57221.86,2077581,0
"2021-02-28",44596,1376883,13809,751258,7,227,206,7831,58618,62155.43,2136199,0
"2021-03-01",39314,1416197,12766,764024,10,237,166,7997,52256,66046.86,2188455,0
"2021-03-02",47081,1463278,12567,776591,7,244,161,8158,59816,68942,2248271,0
"2021-03-03",48605,1511883,16146,792737,17,261,145,8303,64913,70079.43,2313184,0
"2021-03-04",59823,1571706,22809,815546,1092,1353,265,8568,83989,69878.86,2397173,0
"2021-03-05",60992,1632698,24260,839806,3109,4462,332,8900,88693,68957.71,2485866,0
"2021-03-06",47178,1679876,18877,858683,5449,9911,239,9139,71743,68575.43,2557609,0
"2021-03-07",36047,1715923,14863,873546,6247,16158,228,9367,57385,68399.29,2614994,0
"2021-03-08",39629,1755552,14662,888208,8564,24722,311,9678,63166,69957.86,2678160,0
"2021-03-09",39105,1794657,12818,901026,7767,32489,174,9852,59864,69964.71,2738024,0
"2021-03-10",51832,1846489,15313,916339,5068,37557,226,10078,72439,71039.86,2810463,0
"2021-03-11",59997,1906486,21788,938127,4618,42175,251,10329,86654,71420.57,2897117,0
"2021-03-12",52198,1958684,30295,968422,4183,46358,374,10703,87050,71185.86,2984167,0
"2021-03-13",40658,1999342,26674,995096,5109,51467,325,11028,72766,71332,3056933,0
"2021-03-14",30719,2030061,15954,1011050,4528,55995,237,11265,51438,70482.43,3108371,0
"2021-03-15",33590,2063651,17235,1028285,4717,60712,239,11504,55781,69427.43,3164152,0
"2021-03-16",38679,2102330,20480,1048765,4925,65637,262,11766,64346,70067.71,3228498,0
"2021-03-17",42626,2144956,24761,1073526,4247,69884,336,12102,71970,70000.71,3300468,0
"2021-03-18",50468,2195424,26774,1100300,5241,75125,364,12466,82847,69456.86,3383315,0
"2021-03-19",47805,2243229,29916,1130216,5623,80748,387,12853,83731,68982.71,3467046,0
"2021-03-20",38712,2281941,25816,1156032,4690,85438,293,13146,69511,68517.71,3536557,0
"2021-03-21",29302,2311243,19338,1175370,771,86209,217,13363,49628,68259.14,3586185,0
"2021-03-22",33868,2345111,26719,1202089,4037,90246,261,13624,64885,69559.71,3651070,0
"2021-03-23",38440,2383551,32820,1234909,4222,94468,285,13909,75767,71191.29,3726837,0
"2021-03-24",41510,2425061,37561,1272470,4849,99317,325,14234,84245,72944.86,3811082,0
"2021-03-25",43420,2468481,50743,1323213,5055,104372,464,14698,99682,75349.86,3910764,0
"2021-03-26",38514,2506995,55455,1378668,4310,108682,526,15224,98805,77503.29,4009569,0
"2021-03-27",35749,2542744,45709,1424377,2939,111621,407,15631,84804,79688,4094373,0
"2021-03-28",26399,2569143,34404,1458781,1481,113102,328,15959,62612,81542.86,4156985,0
"2021-03-29",34828,2603971,38814,1497595,3248,116350,344,16303,77234,83307,4234219,0
"2021-03-30",40515,2644486,41899,1539494,3714,120064,325,16628,86453,84833.57,4320672,0
"2021-03-31",49407,2693893,44835,1584329,7440,127504,395,17023,102077,87381,4422749,0
"2021-04-01",50786,2744679,53923,1638252,11275,138779,501,17524,116485,89781.43,4539234,0
"2021-04-02",43764,2788443,53852,1692104,11972,150751,550,18074,110138,91400.43,4649372,0
"2021-04-03",39262,2827705,39187,1731291,9861,160612,337,18411,88647,91949.43,4738019,0
"2021-04-04",26565,2854270,24744,1756035,3902,164514,220,18631,55431,90923.57,4793450,0
"2021-04-05",41886,2896156,34439,1790474,11196,175710,370,19001,87891,92446,4881341,0
"2021-04-06",53282,2949438,35575,1826049,13224,188934,424,19425,102505,94739.14,4983846,0
"2021-04-07",55517,3004955,40677,1866726,14389,203323,390,19815,110973,96010,5094819,0
"2021-04-08",59279,3064234,46559,1913285,16337,219660,509,20324,122684,96895.57,5217503,0
"2021-04-09",56652,3120886,44943,1958228,17548,237208,507,20831,119650,98254.43,5337153,0
"2021-04-10",49359,3170245,35638,1993866,12728,249936,384,21215,98109,99606.14,5435262,0
"2021-04-11",38188,3208433,28810,2022676,7685,257621,291,21506,74974,102398,5510236,0
"2021-04-12",46647,3255080,31845,2054521,13494,271115,457,21963,92443,103048.29,5602679,0
"2021-04-13",52553,3307633,33783,2088304,368,271483,390,22353,87094,100846.71,5689773,0
"2021-04-14",50159,3357792,39956,2128260,20,271503,361,22714,90496,97921.43,5780269,0
"2021-04-15",52131,3409923,43673,2171933,16,271519,453,23167,96273,94148.43,5876542,0
"2021-04-16",51195,3461118,42217,2214150,32,271551,412,23579,93856,90463.57,5970398,0
"2021-04-17",43847,3504965,35686,2249836,3,271554,361,23940,79897,87861.86,6050295,0
"2021-04-18",28610,3533575,29372,2279208,7,271561,249,24189,58238,85471,6108533,0
"2021-04-19",37481,3571056,36450,2315658,22,271583,314,24503,74267,82874.43,6182800,0
"2021-04-20",40813,3611869,39628,2355286,19,271602,305,24808,80765,81970.29,6263565,0
"2021-04-21",38917,3650786,46003,2401289,15,271617,488,25296,85423,81245.57,6348988,0
"2021-04-22",38512,3689298,48950,2450239,9,271626,331,25627,87802,80035.43,6436790,0
"2021-04-23",39712,3729010,44367,2494606,4,271630,349,25976,84432,78689.14,6521222,0
"2021-04-24",31962,3760972,41598,2536204,44,271674,274,26250,73878,77829.29,6595100,0
"2021-04-25",18426,3779398,31228,2567432,86,271760,190,26440,49930,76642.43,6645030,0
"2021-04-26",26976,3806374,40731,2608163,1013,272773,285,26725,69005,75890.71,6714035,0
"2021-04-27",28577,3834951,47143,2655306,1698,274471,344,27069,77762,75461.71,6791797,0
"2021-04-28",27056,3862007,56833,2712139,2148,276619,419,27488,86456,75609.29,6878253,0
"2021-04-29",28618,3890625,57195,2769334,2147,278766,361,27849,88321,75683.43,6966574,0
"2021-04-30",30129,3920754,51983,2821317,2056,280822,277,28126,84445,75685.29,7051019,0
"2021-05-01",22483,3943237,44552,2865869,1177,281999,221,28347,68433,74907.43,7119452,0
"2021-05-02",11929,3955166,36657,2902526,1080,283079,131,28478,49797,74888.43,7169249,0
"2021-05-03",18038,3973204,53017,2955543,2382,285461,250,28728,73687,75557.29,7242936,0
"2021-05-04",22747,3995951,56642,3012185,2330,287791,260,28988,81979,76159.71,7324915,0
"2021-05-05",21480,4017431,48794,3060979,2312,290103,310,29298,72896,74222.57,7397811,0
"2021-05-06",20684,4038115,50181,3111160,2508,292611,266,29564,73639,72125.14,7471450,0
"2021-05-07",21260,4059375,52101,3163261,2813,295424,301,29865,76475,70986.57,7547925,0
"2021-05-08",16637,4076012,41873,3205134,1835,297259,223,30088,60568,69863,7608493,0
"2021-05-09",7976,4083988,29413,3234547,1260,298519,148,30236,38797,68291.57,7647290,0
"2021-05-10",14398,4098386,38538,3273085,2356,300875,225,30461,55517,65695.86,7702807,0
"2021-05-11",19926,4118312,43050,3316135,2515,303390,277,30738,65768,63380,7768575,0
"2021-05-12",17817,4136129,40530,3356665,3596,306986,227,30965,62170,61847.71,7830745,0
"2021-05-13",24981,4161110,40429,3397094,3229,310215,257,31222,68896,61170.14,7899641,0
"2021-05-14",27028,4188138,42906,3440000,3537,313752,280,31502,73751,60781,7973392,0
"2021-05-15",23655,4211793,34913,3474913,3366,317118,247,31749,62181,61011.43,8035573,0
"2021-05-16",15539,4227332,19435,3494348,2497,319615,125,31874,37596,60839.86,8073169,0
"2021-05-17",22679,4250011,29140,3523488,3258,322873,174,32048,55251,60801.86,8128420,0
"2021-05-18",24640,4274651,31902,3555390,3404,326277,237,32285,60183,60004,8188603,0
"2021-05-19",24205,4298856,29704,3585094,3040,329317,223,32508,57172,59290,8245775,0
"2021-05-20",24164,4323020,30078,3615172,3161,332478,272,32780,57675,57687,8303450,0
"2021-05-21",24692,4347712,31998,3647170,3060,335538,248,33028,59998,55722.29,8363448,0
"2021-05-22",20028,4367740,24354,3671524,2525,338063,158,33186,47065,53562.86,8410513,0
"2021-05-23",11237,4378977,13731,3685255,1411,339474,94,33280,26473,51973.86,8436986,0
"2021-05-24",18884,4397861,23149,3708404,2757,342231,215,33495,45005,50510.14,8481991,0
"2021-05-25",19442,4417303,23370,3731774,2601,344832,177,33672,45590,48425.43,8527581,0
"2021-05-26",18789,4436092,21080,3752854,2695,347527,200,33872,42764,46367.14,8570345,0
"2021-05-27",18476,4454568,21266,3774120,2530,350057,191,34063,42463,44194,8612808,0
"2021-05-28",17869,4472437,22887,3797007,2752,352809,185,34248,43693,41864.71,8656501,0
"2021-05-29",12715,4485152,17805,3814812,1755,354564,103,34351,32378,39766.57,8688879,0
"2021-05-30",7033,4492185,8947,3823759,1074,355638,47,34398,17101,38427.71,8705980,0
"2021-05-31",4742,4496927,6925,3830684,1012,356650,64,34462,12743,33818.86,8718723,0
"2021-06-01",16041,4512968,25198,3855882,2175,358825,149,34611,43563,33529.29,8762286,0
"2021-06-02",15355,4528323,20387,3876269,2093,360918,138,34749,37973,32844.86,8800259,0
"2021-06-03",15011,4543334,23816,3900085,2280,363198,125,34874,41232,32669,8841491,0
"2021-06-04",14733,4558067,25982,3926067,2492,365690,142,35016,43349,32619.86,8884840,0
"2021-06-05",10994,4569061,22084,3948151,1806,367496,111,35127,34995,32993.71,8919835,0
"2021-06-06",6449,4575510,14464,3962615,1222,368718,84,35211,22219,33724.86,8942054,0
"2021-06-07",11714,4587224,21783,3984398,2379,371097,135,35346,36011,37048.86,8978065,0
"2021-06-08",12659,4599883,24013,4008411,2072,373169,115,35461,38859,36376.86,9016924,0
"2021-06-09",11151,4611034,23025,4031436,2297,375466,128,35589,36601,36180.86,9053525,0
"2021-06-10",12074,4623108,22230,4053666,2462,377928,137,35726,36903,35562.43,9090428,0
"2021-06-11",12709,4635817,25116,4078782,2482,380410,150,35876,40457,35149.29,9130885,0
"2021-06-12",10170,4645987,19304,4098086,1888,382298,92,35968,31454,34643.43,9162339,0
"2021-06-13",4259,4650246,10934,4109020,1219,383517,40,36008,16452,33819.57,9178791,0
"2021-06-14",10218,4660464,19238,4128258,2042,385559,126,36134,31624,33192.86,9210415,0
"2021-06-15",11892,4672356,21002,4149260,1943,387502,126,36260,34963,32636.29,9245378,0
"2021-06-16",11594,4683950,19406,4168666,1957,389459,136,36396,33093,32135.14,9278471,0
"2021-06-17",11024,4694974,18761,4187427,1971,391430,119,36515,31875,31416.86,9310346,0
"2021-06-18",12173,4707147,18494,4205921,2115,393545,113,36628,32895,30336.57,9343241,0
"2021-06-19",8504,4715651,13518,4219439,1459,395004,79,36707,23560,29208.86,9366801,0
"2021-06-20",4336,4719987,7159,4226598,924,395928,36,36743,12455,28637.86,9379256,0
"2021-06-21",10164,4730151,10005,4236603,1806,397734,69,36812,22044,27269.29,9401300,0
"2021-06-22",9838,4739989,15639,4252242,1589,399323,105,36917,27171,26156.14,9428471,0
"2021-06-23",10320,4750309,15180,4267422,1862,401185,101,37018,27463,25351.86,9455934,0
"2021-06-24",9693,4760002,14696,4282118,1799,402984,116,37134,26304,24556,9482238,0
"2021-06-25",10593,4770595,14384,4296502,1718,404702,109,37243,26804,23685.86,9509042,0
"2021-06-26",7807,4778402,10463,4306965,1246,405948,73,37316,19589,23118.57,9528631,0
"2021-06-27",5004,4783406,5998,4312963,796,406744,31,37347,11829,23029.14,9540460,0
"2021-06-28",9036,4792442,10344,4323307,1524,408268,104,37451,21008,22881.14,9561468,0
"2021-06-29",9749,4802191,12312,4335619,1347,409615,126,37577,23534,22361.57,9585002,0
"2021-06-30",9431,4811622,10925,4346544,1481,411096,147,37724,21984,21578.86,9606986,0
"2021-07-01",9399,4821021,10925,4357469,1431,412527,125,37849,21880,20946.86,9628866,0
"2021-07-02",9698,4830719,11435,4368904,1541,414068,121,37970,22795,20374.14,9651661,0
"2021-07-03",7062,4837781,8419,4377323,1193,415261,75,38045,16749,19968.43,9668410,0
"2021-07-04",1288,4839069,1336,4378659,567,415828,8,38053,3199,18735.57,9671609,0
"2021-07-05",6495,4845564,7104,4385763,1208,417036,64,38117,14871,17858.86,9686480,0
"2021-07-06",9515,4855079,12847,4398610,1317,418353,113,38230,23792,17895.71,9710272,0
"2021-07-07",8673,4863752,11106,4409716,1419,419772,121,38351,21319,17800.71,9731591,0
"2021-07-08",8211,4871963,10190,4419906,1260,421032,106,38457,19767,17498.86,9751358,0
"2021-07-09",8379,4880342,10829,4430735,1279,422311,87,38544,20574,17181.57,9771932,0
"2021-07-10",7110,4887452,8626,4439361,1132,423443,63,38607,16931,17207.57,9788863,0
"2021-07-11",4103,4891555,4541,4443902,703,424146,34,38641,9381,18090.71,9798244,0
"2021-07-12",8454,4900009,9553,4453455,1250,425396,80,38721,19337,18728.71,9817581,0
"2021-07-13",9470,4909479,9381,4462836,951,426347,104,38825,19906,18173.57,9837487,0
"2021-07-14",9006,4918485,9525,4472361,1009,427356,102,38927,19642,17934,9857129,0
"2021-07-15",8794,4927279,9150,4481511,1052,428408,81,39008,19077,17835.43,9876206,0
"2021-07-16",9243,4936522,9761,4491272,978,429386,101,39109,20083,17765.29,9896289,0
"2021-07-17",6845,4943367,7386,4498658,802,430188,79,39188,15112,17505.43,9911401,0
"2021-07-18",4260,4947627,4284,4502942,569,430757,33,39221,9146,17471.86,9920547,0
"2021-07-19",9127,4956754,8468,4511410,999,431756,87,39308,18681,17378.14,9939228,0
"2021-07-20",10653,4967407,8756,4520166,991,432747,92,39400,20492,17461.86,9959720,0
"2021-07-21",10053,4977460,8763,4528929,903,433650,144,39544,19863,17493.43,9979583,0
"2021-07-22",10687,4988147,8582,4537511,1044,434694,142,39686,20455,17690.29,10000038,0
"2021-07-23",11257,4999404,8878,4546389,1114,435808,135,39821,21384,17876.14,10021422,0
"2021-07-24",7406,5006810,6733,4553122,670,436478,81,39902,14890,17844.43,10036312,0
"2021-07-25",5480,5012290,2123,4555245,509,436987,59,39961,8171,17705.14,10044483,0
"2021-07-26",10879,5023169,6998,4562243,859,437846,110,40071,18846,17728.71,10063329,0
"2021-07-27",12060,5035229,8563,4570806,857,438703,132,40203,21612,17888.71,10084941,0
"2021-07-28",11999,5047228,8044,4578850,950,439653,129,40332,21122,18068.57,10106063,0
"2021-07-29",10939,5058167,7425,4586275,983,440636,132,40464,19479,17929.14,10125542,0
"2021-07-30",14958,5073125,8007,4594282,1150,441786,179,40643,24294,18344.86,10149836,0
"2021-07-31",9731,5082856,6312,4600594,816,442602,117,40760,16976,18642.86,10166812,0
"2021-08-01",6504,5089360,3308,4603902,564,443166,80,40840,10456,18969.29,10177268,0
"2021-08-02",13451,5102811,7154,4611056,847,444013,145,40985,21597,19362.29,10198865,0
"2021-08-03",15418,5118229,8381,4619437,1109,445122,142,41127,25050,19853.43,10223915,0
"2021-08-04",17262,5135491,8121,4627558,1454,446576,180,41307,27017,20695.57,10250932,0
"2021-08-05",17868,5153359,7922,4635480,1365,447941,162,41469,27317,21815.29,10278249,0
"2021-08-06",18183,5171542,8411,4643891,1233,449174,161,41630,27988,22343,10306237,0
"2021-08-07",13389,5184931,6015,4649906,799,449973,98,41728,20301,22818,10326538,0
"2021-08-08",9311,5194242,3836,4653742,399,450372,81,41809,13627,23271,10340165,0
"2021-08-09",21343,5215585,8525,4662267,963,451335,169,41978,31000,24614.29,10371165,0
"2021-08-10",18925,5234510,9329,4671596,950,452285,171,42149,29375,25232.14,10400540,0
"2021-08-11",15653,5250163,8305,4679901,853,453138,127,42276,24938,24935.14,10425478,0
"2021-08-12",15053,5265216,8976,4688877,939,454077,167,42443,25135,24623.43,10450613,0
"2021-08-13",14927,5280143,9290,4698167,921,454998,237,42680,25375,24250.14,10475988,0
"2021-08-14",10415,5290558,6401,4704568,626,455624,527,43207,17969,23917,10493957,0
"2021-08-15",6697,5297255,4475,4709043,676,456300,566,43773,12414,23743.71,10506371,0
"2021-08-16",15727,5312982,9290,4718333,1149,457449,1318,45091,27484,23241.43,10533855,0
"2021-08-17",17782,5330764,10437,4728770,1223,458672,1759,46850,31201,23502.29,10565056,0
"2021-08-18",17514,5348278,10359,4739129,1261,459933,1978,48828,31112,24384.29,10596168,0
"2021-08-19",16308,5364586,9517,4748646,1315,461248,1946,50774,29086,24948.71,10625254,0
"2021-08-20",16291,5380877,11536,4760182,1254,462502,1846,52620,30927,25741.86,10656181,0
"2021-08-21",11157,5392034,8038,4768220,877,463379,1050,53670,21122,26192.29,10677303,0
"2021-08-22",4085,5396119,3898,4772118,262,463641,514,54184,8759,25670.14,10686062,0
"2021-08-23",15586,5411705,11793,4783911,1023,464664,1540,55724,29942,26021.29,10716004,0
"2021-08-24",16922,5428627,12592,4796503,1006,465670,1771,57495,32291,26177,10748295,0
"2021-08-25",14591,5443218,12436,4808939,1110,466780,1564,59059,29701,25975.43,10777996,0
"2021-08-26",16172,5459390,14083,4823022,1072,467852,1763,60822,33090,26547.43,10811086,0
"2021-08-27",14893,5474283,14822,4837844,972,468824,1658,62480,32345,26750,10843431,0
"2021-08-28",10691,5484974,11515,4849359,836,469660,1008,63488,24050,27168.29,10867481,0
"2021-08-29",7221,5492195,7494,4856853,541,470201,776,64264,16032,28207.29,10883513,0
"2021-08-30",15532,5507727,16925,4873778,1077,471278,1788,66052,35322,28975.86,10918835,0
"2021-08-31",15529,5523256,15946,4889724,952,472230,1960,68012,34387,29275.29,10953222,0
"2021-09-01",14840,5538096,14094,4903818,1021,473251,1798,69810,31753,29568.43,10984975,0
"2021-09-02",14350,5552446,12515,4916333,896,474147,1692,71502,29453,29048.86,11014428,0
"2021-09-03",15018,5567464,14298,4930631,974,475121,1890,73392,32180,29025.29,11046608,0
"2021-09-04",9652,5577116,9405,4940036,688,475809,960,74352,20705,28547.43,11067313,0
"2021-09-05",6807,5583923,5512,4945548,438,476247,706,75058,13463,28180.43,11080776,0
"2021-09-06",5201,5589124,4507,4950055,358,476605,270,75328,10336,24611,11091112,0
"2021-09-07",15579,5604703,17689,4967744,912,477517,1540,76868,35720,24801.43,11126832,0
"2021-09-08",16177,5620880,14819,4982563,1073,478590,1753,78621,33822,25097,11160654,0
"2021-09-09",16123,5637003,14744,4997307,1047,479637,1899,80520,33813,25719.86,11194467,0
"2021-09-10",18376,5655379,15390,5012697,1208,480845,1965,82485,36939,26399.71,11231406,0
"2021-09-11",12642,5668021,10343,5023040,958,481803,1018,83503,24961,27007.71,11256367,0
"2021-09-12",8536,5676557,5049,5028089,766,482569,689,84192,15040,27233,11271407,0
"2021-09-13",16943,5693500,12945,5041034,975,483544,1640,85832,32503,30399.71,11303910,0
"2021-09-14",16278,5709778,13675,5054709,886,484430,1587,87419,32426,29929.14,11336336,0
"2021-09-15",15551,5725329,12868,5067577,728,485158,1561,88980,30708,29484.29,11367044,0
"2021-09-16",15349,5740678,13905,5081482,1211,486369,1445,90425,31910,29212.43,11398954,0
"2021-09-17",14439,5755117,13962,5095444,922,487291,1819,92244,31142,28384.29,11430096,0
"2021-09-18",10008,5765125,10172,5105616,913,488204,1045,93289,22138,27981,11452234,0
"2021-09-19",6182,5771307,6069,5111685,557,488761,743,94032,13551,27768.29,11465785,0
"2021-09-20",12686,5783993,12631,5124316,1069,489830,1909,95941,28295,27167.14,11494080,0
"2021-09-21",12244,5796237,12768,5137084,1111,490941,2013,97954,28136,26554.29,11522216,0
"2021-09-22",12832,5809069,11995,5149079,1090,492031,1671,99625,27588,26108.57,11549804,0
"2021-09-23",14955,5824024,12754,5161833,1639,493670,2245,101870,31593,26063.29,11581397,0
"2021-09-24",16460,5840484,13366,5175199,1632,495302,4602,106472,36060,26765.86,11617457,0
"2021-09-25",10551,5851035,9022,5184221,1018,496320,3438,109910,24029,27036,11641486,0
"2021-09-26",6310,5857345,5761,5189982,773,497093,2409,112319,15253,27279.14,11656739,0
"2021-09-27",14179,5871524,8052,5198034,1155,498248,8987,121306,32373,27861.71,11689112,0
"2021-09-28",11164,5882688,11766,5209800,901,499149,9835,131141,33666,28651.71,11722778,0
"2021-09-29",11621,5894309,12190,5221990,1206,500355,9386,140527,34403,29625.29,11757181,0
"2021-09-30",12259,5906568,12596,5234586,1338,501693,9677,150204,35870,30236.29,11793051,0
"2021-10-01",12667,5919235,13423,5248009,1284,502977,10209,160413,37583,30453.86,11830634,0
"2021-10-02",7739,5926974,9973,5257982,865,503842,4200,164613,22777,30275,11853411,0
"2021-10-03",5082,5932056,6155,5264137,593,504435,2601,167214,14431,30157.57,11867842,0
"2021-10-04",9923,5941979,11026,5275163,913,505348,9465,176679,31327,30008.14,11899169,0
"2021-10-05",10187,5952166,11730,5286893,972,506320,9890,186569,32779,29881.43,11931948,0
"2021-10-06",9935,5962101,11051,5297944,937,507257,9880,196449,31803,29510,11963751,0
"2021-10-07",9684,5971785,12182,5310126,852,508109,10147,206596,32865,29080.71,11996616,0
"2021-10-08",9484,5981269,12172,5322298,943,509052,10843,217439,33442,28489.14,12030058,0
"2021-10-09",6275,5987544,8274,5330572,649,509701,4093,221532,19291,27991.14,12049349,0
"2021-10-10",3546,5991090,5022,5335594,458,510159,2417,223949,11443,27564.29,12060792,0
"2021-10-11",7641,5998731,9330,5344924,728,510887,8859,232808,26558,26883,12087350,0
"2021-10-12",8088,6006819,11003,5355927,891,511778,10458,243266,30440,26548.86,12117790,0
"2021-10-13",7180,6013999,10140,5366067,869,512647,8726,251992,26915,25850.57,12144705,0
"2021-10-14",7464,6021463,11108,5377175,836,513483,10054,262046,29462,25364.43,12174167,0
"2021-10-15",7745,6029208,11864,5389039,823,514306,10737,272783,31169,25039.71,12205336,0
"2021-10-16",4874,6034082,7465,5396504,666,514972,3801,276584,16806,24684.71,12222142,0
"2021-10-17",3063,6037145,4473,5400977,411,515383,2429,279013,10376,24532.29,12232518,0
"2021-10-18",7070,6044215,10659,5411636,796,516179,9397,288410,27922,24727.14,12260440,0
"2021-10-19",6595,6050810,8942,5420578,805,516984,9026,297436,25368,24002.57,12285808,0
"2021-10-20",6561,6057371,9376,5429954,975,517959,9917,307353,26829,23990.29,12312637,0
"2021-10-21",7055,6064426,9379,5439333,859,518818,10779,318132,28072,23791.71,12340709,0
"2021-10-22",8155,6072581,10343,5449676,1027,519845,16292,334424,35817,24455.71,12376526,0
"2021-10-23",5192,6077773,6459,5456135,690,520535,9088,343512,21429,25116.14,12397955,0
"2021-10-24",3284,6081057,3972,5460107,770,521305,6136,349648,14162,25657,12412117,0
"2021-10-25",8809,6089866,8744,5468851,1148,522453,19203,368851,37904,27083,12450021,0
"2021-10-26",8230,6098096,7727,5476578,1259,523712,17254,386105,34470,28383.29,12484491,0
"2021-10-27",10604,6108700,8394,5484972,1604,525316,20795,406900,41397,30464.43,12525888,0
"2021-10-28",11372,6120072,8039,5493011,1793,527109,20778,427678,41982,32451.57,12567870,0
"2021-10-29",11879,6131951,8244,5501255,1962,529071,22468,450146,44553,33699.57,12612423,0
"2021-10-30",4647,6136598,5056,5506311,934,530005,11138,461284,21775,33749,12634198,0
"2021-10-31",2673,6139271,2706,5509017,545,530550,6604,467888,12528,33515.57,12646726,0
"2021-11-01",7188,6146459,6951,5515968,1089,531639,20315,488203,35543,33178.29,12682269,0
"2021-11-02",6624,6153083,6589,5522557,1055,532694,20696,508899,34964,33248.86,12717233,0
"2021-11-03",6900,6159983,6682,5529239,1028,533722,20555,529454,35165,32358.57,12752398,0
"2021-11-04",9345,6169328,6277,5535516,997,534719,22293,551747,38912,31920,12791310,0
"2021-11-05",11104,6180432,6719,5542235,1052,535771,23711,575458,42586,31639,12833896,0
"2021-11-06",11146,6191578,4051,5546286,593,536364,12569,588027,28359,32579.57,12862255,0
"2021-11-07",7277,6198855,2282,5548568,577,536941,7085,595112,17221,33250,12879476,0
"2021-11-08",15093,6213948,5679,5554247,867,537808,19450,614562,41089,34042.29,12920565,0
"2021-11-09",16194,6230142,5380,5559627,661,538469,20467,635029,42702,35147.71,12963267,0
"2021-11-10",16990,6247132,5327,5564954,685,539154,22571,657600,45573,36634.57,13008840,0
"2021-11-11",12619,6259751,5195,5570149,761,539915,22022,679622,40597,36875.29,13049437,0
"2021-11-12",16930,6276681,5685,5575834,708,540623,23346,702968,46669,37458.57,13096106,0
"2021-11-13",9968,6286649,3667,5579501,465,541088,13296,716264,27396,37321,13123502,0
"2021-11-14",6034,6292683,2295,5581796,325,541413,7912,724176,16566,37227.43,13140068,0
"2021-11-15",13272,6305955,5969,5587765,690,542103,25050,749226,44981,37783.43,13185049,0
"2021-11-16",10020,6315975,5791,5593556,655,542758,30595,779821,47061,38406.14,13232110,0
"2021-11-17",10373,6326348,6678,5600234,681,543439,31336,811157,49068,38905.43,13281178,0
"2021-11-18",10787,6337135,6552,5606786,861,544300,32924,844081,51124,40409.29,13332302,0
"2021-11-19",12075,6349210,6556,5613342,716,545016,36184,880265,55531,41675.29,13387833,0
"2021-11-20",9384,6358594,3422,5616764,514,545530,22452,902717,35772,42871.86,13423605,0
"2021-11-21",4993,6363587,1892,5618656,288,545818,13164,915881,20337,43410.57,13443942,0
"2021-11-22",10495,6374082,5794,5624450,752,546570,35803,951684,52844,44533.86,13496786,0
"2021-11-23",9872,6383954,4779,5629229,637,547207,33441,985125,48729,44772.14,13545515,0
"2021-11-24",8765,6392719,4757,5633986,651,547858,25862,1010987,40035,43481.71,13585550,0
"2021-11-25",451,6393170,325,5634311,80,547938,998,1011985,1854,36443.14,13587404,0
"2021-11-26",8107,6401277,6991,5641302,528,548466,26528,1038513,42154,34532.14,13629558,0
"2021-11-27",6714,6407991,6832,5648134,373,548839,18779,1057292,32698,34093,13662256,0
"2021-11-28",4104,6412095,5783,5653917,282,549121,11845,1069137,22014,34332.57,13684270,0
"2021-11-29",9152,6421247,10991,5664908,688,549809,34938,1104075,55769,34750.43,13740039,0
"2021-11-30",10576,6431823,11430,5676338,513,550322,37681,1141756,60200,36389.14,13800239,0
"2021-12-01",11262,6443085,10984,5687322,723,551045,40243,1181999,63212,39700.14,13863451,0
"2021-12-02",11728,6454813,11025,5698347,626,551671,42051,1224050,65430,48782.43,13928881,0
"2021-12-03",13571,6468384,12876,5711223,676,552347,47837,1271887,74960,53469,14003841,0
"2021-12-04",9904,6478288,11283,5722506,567,552914,30601,1302488,52355,56277.14,14056196,0
"2021-12-05",5788,6484076,5703,5728209,269,553183,16624,1319112,28384,57187.14,14084580,0
"2021-12-06",12421,6496497,9949,5738158,602,553785,43159,1362271,66131,58667.43,14150711,0
"2021-12-07",12679,6509176,9255,5747413,625,554410,42961,1405232,65520,59427.43,14216231,0
"2021-12-08",13648,6522824,8759,5756172,555,554965,40681,1445913,63643,59489,14279874,0
"2021-12-09",13591,6536415,8765,5764937,558,555523,40723,1486636,63637,59232.86,14343511,0
"2021-12-10",14123,6550538,10135,5775072,671,556194,43566,1530202,68495,58309.29,14412006,0
"2021-12-11",10316,6560854,8115,5783187,405,556599,26663,1556865,45499,57329.86,14457505,0
"2021-12-12",6056,6566910,3855,5787042,288,556887,15134,1571999,25333,56894,14482838,0
"2021-12-13",12296,6579206,7422,5794464,656,557543,37815,1609814,58189,55759.43,14541027,0
"2021-12-14",12305,6591511,6960,5801424,731,558274,38078,1647892,58074,54695.71,14599101,0
"2021-12-15",12215,6603726,6239,5807663,755,559029,38017,1685909,57226,53779,14656327,0
"2021-12-16",13207,6616933,4272,5811935,742,559771,40913,1726822,59134,53135.71,14715461,0
"2021-12-17",16049,6632982,6935,5818870,620,560391,46642,1773464,70246,53385.86,14785707,0
"2021-12-18",13084,6646066,5716,5824586,432,560823,30535,1803999,49767,53995.57,14835474,0
"2021-12-19",7061,6653127,2993,5827579,326,561149,17969,1821968,28349,54426.43,14863823,0
"2021-12-20",16985,6670112,5873,5833452,747,561896,47297,1869265,70902,56242.57,14934725,0
"2021-12-21",18051,6688163,6564,5840016,806,562702,48806,1918071,74227,58550.14,15008952,0
"2021-12-22",18666,6706829,6563,5846579,938,563640,49523,1967594,75690,61187.86,15084642,0
"2021-12-23",19112,6725941,6480,5853059,930,564570,45743,2013337,72265,63063.71,15156907,0
"2021-12-24",9255,6735196,2951,5856010,598,565168,20578,2033915,33382,57797.43,15190289,0
"2021-12-25",344,6735540,64,5856074,31,565199,424,2034339,863,50811.14,15191152,0
"2021-12-26",7993,6743533,3927,5860001,341,565540,17252,2051591,29513,50977.43,15220665,0
"2021-12-27",21865,6765398,9201,5869202,933,566473,43351,2094942,75350,51612.86,15296015,0
"2021-12-28",20226,6785624,8326,5877528,698,567171,47489,2142431,76739,51971.71,15372754,0
"2021-12-29",18552,6804176,7661,5885189,607,567778,45474,2187905,72294,51486.57,15445048,0
"2021-12-30",16924,6821100,7416,5892605,582,568360,44760,2232665,69682,51117.57,15514730,0
"2021-12-31",5374,6826474,2804,5895409,193,568553,14740,2247405,23111,49650.29,15537841,0
"2022-01-01",237,6826711,146,5895555,11,568564,498,2247903,892,49654.43,15538733,0
"2022-01-02",6453,6833164,5013,5900568,153,568717,10965,2258868,22584,48664.57,15561317,0
"2022-01-03",14208,6847372,8481,5909049,515,569232,26823,2285691,50027,45047,15611344,0
"2022-01-04",13124,6860496,8068,5917117,412,569644,26952,2312643,48556,41020.86,15659900,0
"2022-01-05",11648,6872144,6969,5924086,385,570029,25706,2338349,44708,37080,15704608,0
"2022-01-06",11577,6883721,7365,5931451,485,570514,27412,2365761,46839,33816.71,15751447,0
"2022-01-07",10496,6894217,8413,5939864,337,570851,24930,2390691,44176,36826,15795623,0
"2022-01-08",7955,6902172,8548,5948412,310,571161,19378,2410069,36191,41868.71,15831814,0
"2022-01-09",4155,6906327,3841,5952253,214,571375,10041,2420110,18251,41249.71,15850065,0
"2022-01-10",10207,6916534,8182,5960435,489,571864,24548,2444658,43426,40306.71,15893491,0
"2022-01-11",8943,6925477,7983,5968418,520,572384,20951,2465609,38397,38855.43,15931888,0
"2022-01-12",8994,6934471,8316,5976734,428,572812,22261,2487870,39999,38182.71,15971887,0
"2022-01-13",9100,6943571,8853,5985587,451,573263,22780,2510650,41184,37374.86,16013071,0
"2022-01-14",10154,6953725,8110,5993697,476,573739,26371,2537021,45111,37508.43,16058182,0
"2022-01-15",6225,6959950,4304,5998001,178,573917,15122,2552143,25829,36028.14,16084011,0
"2022-01-16",2936,6962886,3251,6001252,93,574010,7804,2559947,14084,35432.86,16098095,0
"2022-01-17",6105,6968991,6758,6008010,363,574373,14632,2574579,27858,33208.86,16125953,0
"2022-01-18",8216,6977207,10300,6018310,397,574770,19571,2594150,38484,33221.29,16164437,0
"2022-01-19",7541,6984748,9233,6027543,306,575076,17639,2611789,34719,32467,16199156,0
"2022-01-20",6345,6991093,8566,6036109,304,575380,15153,2626942,30368,30921.86,16229524,0
"2022-01-21",7650,6998743,7488,6043597,276,575656,18406,2645348,33820,29308.86,16263344,0
"2022-01-22",5208,7003951,4929,6048526,131,575787,11283,2656631,21551,28697.71,16284895,0
"2022-01-23",2820,7006771,3326,6051852,97,575884,6217,2662848,12460,28465.71,16297355,0
"2022-01-24",6420,7013191,8189,6060041,262,576146,15003,2677851,29874,28753.71,16327229,0
"2022-01-25",6217,7019408,7918,6067959,232,576378,14655,2692506,29022,27402,16356251,0
"2022-01-26",5784,7025192,7157,6075116,290,576668,13969,2706475,27200,26327.86,16383451,0
"2022-01-27",5280,7030472,7081,6082197,321,576989,14035,2720510,26717,25806.29,16410168,0
"2022-01-28",6307,7036779,7851,6090048,204,577193,16069,2736579,30431,25322.14,16440599,0
"2022-01-29",847,7037626,728,6090776,28,577221,2522,2739101,4125,22832.71,16444724,0
"2022-01-30",2101,7039727,3020,6093796,103,577324,4529,2743630,9753,22446,16454477,0
"2022-01-31",5035,7044762,6589,6100385,219,577543,11322,2754952,23165,21487.57,16477642,0
"2022-02-01",4856,7049618,6434,6106819,220,577763,10668,2765620,22178,20509.86,16499820,0
"2022-02-02",4273,7053891,5921,6112740,214,577977,11184,2776804,21592,19708.71,16521412,0
"2022-02-03",4245,7058136,5791,6118531,217,578194,11184,2787988,21437,18954.43,16542849,0
"2022-02-04",4804,7062940,7103,6125634,214,578408,13174,2801162,25295,18220.71,16568144,0
"2022-02-05",3598,7066538,6045,6131679,110,578518,8550,2809712,18303,20246.14,16586447,0
"2022-02-06",2067,7068605,2134,6133813,121,578639,4626,2814338,8948,20131.14,16595395,0
"2022-02-07",4169,7072774,4723,6138536,205,578844,10110,2824448,19207,19565.71,16614602,0
"2022-02-08",4244,7077018,5597,6144133,214,579058,11277,2835725,21332,19444.86,16635934,0
"2022-02-09",4153,7081171,5390,6149523,222,579280,11634,2847359,21399,19417.29,16657333,0
"2022-02-10",4004,7085175,5113,6154636,244,579524,12149,2859508,21510,19427.71,16678843,0
"2022-02-11",4538,7089713,5800,6160436,194,579718,13700,2873208,24232,19275.86,16703075,0
"2022-02-12",3268,7092981,4336,6164772,96,579814,8784,2881992,16484,19016,16719559,0
"2022-02-13",1523,7094504,1543,6166315,41,579855,4877,2886869,7984,18878.29,16727543,0
"2022-02-14",3004,7097508,3618,6169933,165,580020,10542,2897411,17329,18610,16744872,0
"2022-02-15",3578,7101086,4061,6173994,176,580196,12745,2910156,20560,18499.71,16765432,0
"2022-02-16",3682,7104768,3890,6177884,196,580392,15671,2925827,23439,18791.14,16788871,0
"2022-02-17",4064,7108832,4076,6181960,164,580556,18225,2944052,26529,19508.14,16815400,0
"2022-02-18",4499,7113331,4773,6186733,190,580746,21505,2965557,30967,20470.29,16846367,0
"2022-02-19",3265,7116596,2180,6188913,65,580811,11155,2976712,16665,20496.14,16863032,0
"2022-02-20",1866,7118462,1444,6190357,59,580870,6567,2983279,9936,20775,16872968,0
"2022-02-21",3103,7121565,2686,6193043,95,580965,8342,2991621,14226,20331.71,16887194,0
"2022-02-22",4406,7125971,4242,6197285,175,581140,10798,3002419,19621,20197.57,16906815,0
"2022-02-23",4284,7130255,3779,6201064,144,581284,10634,3013053,18841,19540.71,16925656,0
"2022-02-24",3786,7134041,3649,6204713,108,581392,10161,3023214,17704,18280,16943360,0
"2022-02-25",3631,7137672,3615,6208328,135,581527,9960,3033174,17341,16333.43,16960701,0
"2022-02-26",2854,7140526,2577,6210905,74,581601,9494,3042668,14999,16095.43,16975700,0
"2022-02-27",1779,7142305,1371,6212276,52,581653,6260,3048928,9462,16027.71,16985162,0
"2022-02-28",3834,7146139,3124,6215400,141,581794,13089,3062017,20188,16879.43,17005350,0
"2022-03-01",2135,7148274,2606,6218006,103,581897,5158,3067175,10002,15505.29,17015352,0
"2022-03-02",1840,7150114,2425,6220431,105,582002,4104,3071279,8474,14024.29,17023826,0
"2022-03-03",1942,7152056,2553,6222984,106,582108,3786,3075065,8387,12693.29,17032213,0
"2022-03-04",2113,7154169,2866,6225850,67,582175,4311,3079376,9357,11552.71,17041570,0
"2022-03-05",1612,7155781,2124,6227974,43,582218,3304,3082680,7083,10421.86,17048653,0
"2022-03-06",801,7156582,878,6228852,30,582248,1617,3084297,3326,9545.29,17051979,0
"2022-03-07",1674,7158256,1780,6230632,85,582333,3477,3087774,7016,7663.57,17058995,0
"2022-03-08",1552,7159808,1892,6232524,81,582414,3114,3090888,6639,7183.14,17065634,0
"2022-03-09",1268,7161076,1664,6234188,78,582492,2570,3093458,5580,6769.71,17071214,0
"2022-03-10",1426,7162502,2094,6236282,85,582577,2941,3096399,6546,6506.71,17077760,0
"2022-03-11",1609,7164111,2267,6238549,80,582657,3198,3099597,7154,6192,17084914,0
"2022-03-12",880,7164991,1412,6239961,40,582697,1995,3101592,4327,5798.29,17089241,0
"2022-03-13",626,7165617,757,6240718,26,582723,1291,3102883,2700,5708.86,17091941,0
"2022-03-14",1384,7167001,1597,6242315,83,582806,2977,3105860,6041,5569.57,17097982,0
"2022-03-15",1354,7168355,1922,6244237,63,582869,3069,3108929,6408,5536.57,17104390,0
"2022-03-16",1400,7169755,2061,6246298,94,582963,3120,3112049,6675,5693,17111065,0
"2022-03-17",1181,7170936,1810,6248108,70,583033,2748,3114797,5809,5587.71,17116874,0
"2022-03-18",1589,7172525,2175,6250283,80,583113,3753,3118550,7597,5651,17124471,0
"2022-03-19",1116,7173641,1726,6252009,54,583167,2586,3121136,5482,5816,17129953,0
"2022-03-20",612,7174253,630,6252639,32,583199,1458,3122594,2732,5820.57,17132685,0
"2022-03-21",1424,7175677,1550,6254189,73,583272,3040,3125634,6087,5827.14,17138772,0
"2022-03-22",1344,7177021,1546,6255735,101,583373,2887,3128521,5878,5751.43,17144650,0
"2022-03-23",1259,7178280,1348,6257083,66,583439,2906,3131427,5579,5594.86,17150229,0
"2022-03-24",1216,7179496,1292,6258375,89,583528,2504,3133931,5101,5493.71,17155330,0
"2022-03-25",1389,7180885,1612,6259987,61,583589,3249,3137180,6311,5310,17161641,0
"2022-03-26",927,7181812,1155,6261142,36,583625,2290,3139470,4408,5156.57,17166049,0
"2022-03-27",576,7182388,525,6261667,29,583654,1310,3140780,2440,5114.86,17168489,0
"2022-03-28",1087,7183475,1148,6262815,68,583722,2428,3143208,4731,4921.14,17173220,0
"2022-03-29",1059,7184534,1103,6263918,86,583808,2498,3145706,4746,4759.43,17177966,0
"2022-03-30",1252,7185786,1132,6265050,98,583906,3048,3148754,5530,4752.43,17183496,0
"2022-03-31",1253,7187039,1248,6266298,57,583963,3142,3151896,5700,4838,17189196,0
"2022-04-01",1401,7188440,1483,6267781,73,584036,3226,3155122,6183,4819.71,17195379,0
"2022-04-02",886,7189326,907,6268688,33,584069,2085,3157207,3911,4748.71,17199290,0
"2022-04-03",544,7189870,493,6269181,28,584097,1220,3158427,2285,4726.57,17201575,0
"2022-04-04",1324,7191194,1301,6270482,60,584157,2709,3161136,5394,4821.29,17206969,0
"2022-04-05",1273,7192467,1147,6271629,68,584225,2853,3163989,5341,4906.29,17212310,0
"2022-04-06",1277,7193744,1171,6272800,58,584283,2609,3166598,5115,4847,17217425,0
"2022-04-07",1192,7194936,1060,6273860,54,584337,2367,3168965,4673,4700.29,17222098,0
"2022-04-08",1488,7196424,1388,6275248,56,584393,3147,3172112,6079,4685.43,17228177,0
"2022-04-09",940,7197364,917,6276165,28,584421,2043,3174155,3928,4687.86,17232105,0
"2022-04-10",594,7197958,461,6276626,25,584446,1170,3175325,2250,4682.86,17234355,0
"2022-04-11",1337,7199295,1221,6277847,59,584505,2640,3177965,5257,4663.29,17239612,0
"2022-04-12",1215,7200510,1049,6278896,73,584578,2500,3180465,4837,4591.29,17244449,0
"2022-04-13",1262,7201772,1063,6279959,58,584636,2493,3182958,4876,4557.14,17249325,0
"2022-04-14",1265,7203037,1083,6281042,53,584689,2372,3185330,4773,4571.43,17254098,0
"2022-04-15",1334,7204371,1086,6282128,52,584741,2542,3187872,5014,4419.29,17259112,0
"2022-04-16",873,7205244,646,6282774,29,584770,1631,3189503,3179,4312.29,17262291,0
"2022-04-17",348,7205592,202,6282976,26,584796,631,3190134,1207,4163.29,17263498,0
"2022-04-18",1362,7206954,1103,6284079,81,584877,2566,3192700,5112,4142.57,17268610,0
"2022-04-19",1401,7208355,933,6285012,70,584947,2556,3195256,4960,4160.14,17273570,0
"2022-04-20",1297,7209652,1127,6286139,65,585012,2607,3197863,5096,4191.57,17278666,0
"2022-04-21",1208,7210860,1052,6287191,52,585064,2296,3200159,4608,4168,17283274,0
"2022-04-22",1208,7212068,1006,6288197,43,585107,2184,3202343,4441,4086.14,17287715,0
"2022-04-23",715,7212783,742,6288939,42,585149,1411,3203754,2910,4047.71,17290625,0
"2022-04-24",441,7213224,337,6289276,27,585176,809,3204563,1614,4105.86,17292239,0
"2022-04-25",1009,7214233,905,6290181,55,585231,1827,3206390,3796,3917.86,17296035,0
"2022-04-26",917,7215150,842,6291023,66,585297,1734,3208124,3559,3717.71,17299594,0
"2022-04-27",1005,7216155,965,6291988,69,585366,1889,3210013,3928,3550.86,17303522,0
"2022-04-28",1048,7217203,963,6292951,48,585414,1935,3211948,3994,3463.14,17307516,0
"2022-04-29",924,7218127,939,6293890,53,585467,1690,3213638,3606,3343.86,17311122,120000
"2022-04-30",711,7218838,717,6294607,41,585508,1376,3215014,2845,3334.57,17313967,120000
"2022-05-01",442,7219280,363,6294970,20,585528,747,3215761,1572,3328.57,17315539,120000
"2022-05-02",1016,7220296,781,6295751,45,585573,1621,3217382,3463,3281,17319002,120000
"2022-05-03",1052,7221348,814,6296565,54,585627,1854,3219236,3774,3311.71,17322776,120000
"2022-05-04",973,7222321,826,6297391,42,585669,1760,3220996,3601,3265,17326377,120000
"2022-05-05",321,7222642,310,6297701,15,585684,620,3221616,1266,2875.29,17327643,120000
