"DATE","ADMIN_DOSE1_DAILY","ADMIN_DOSE1_CUMULATIVE","ADMIN_DOSE2_DAILY","ADMIN_DOSE2_CUMULATIVE","ADMIN_SINGLE_DAILY","ADMIN_SINGLE_CUMULATIVE","ADMIN_ADDITIONAL_DAILY","ADMIN_ADDITIONAL_CUMULATIVE","ADMIN_ALLDOSES_DAILY","ADMIN_ALLDOSES_7DAYAVG","ADMIN_ALLDOSES_CUMULATIVE","INCOMPLETE"
"2020-12-14",79,79,0,0,0,0,0,0,79,,79,0
"2020-12-15",2052,2131,5,5,4,4,0,0,2061,,2140,0
"2020-12-16",4600,6731,14,19,1,5,1,1,4616,,6756,0
"2020-12-17",4654,11385,17,36,0,5,1,2,4672,,11428,0
"2020-12-18",5832,17217,20,56,2,7,2,4,5856,,17284,0
"2020-12-19",1690,18907,6,62,3,10,0,4,1699,,18983,0
"2020-12-20",1115,20022,2,64,1,11,0,4,1118,2871.57,20101,0
"2020-12-21",6337,26359,14,78,1,12,5,9,6357,3768.43,26458,0
"2020-12-22",9798,36157,25,103,2,14,1,10,9826,4877.71,36284,0
"2020-12-23",14271,50428,34,137,3,17,1,11,14309,6262.43,50593,0
"2020-12-24",7203,57631,25,162,1,18,0,11,7229,6627.71,57822,0
"2020-12-25",180,57811,0,162,0,18,1,12,181,5817,58003,0
"2020-12-26",4395,62206,40,202,0,18,1,13,4436,6208,62439,0
"2020-12-27",3870,66076,12,214,0,18,0,13,3882,6602.86,66321,0
"2020-12-28",10996,77072,44,258,1,19,3,16,11044,7272.43,77365,0
"2020-12-29",10727,87799,28,286,2,21,2,18,10759,7405.71,88124,0
"2020-12-30",12842,100641,41,327,0,21,0,18,12883,7202,101007,0
"2020-12-31",7268,107909,31,358,1,22,0,18,7300,7212.14,108307,0
"2021-01-01",187,108096,2,360,1,23,3,21,193,7213.86,108500,0
"2021-01-02",3817,111913,10,370,2,25,1,22,3830,7127.29,112330,0
"2021-01-03",3542,115455,23,393,2,27,1,23,3568,7082.43,115898,0
"2021-01-04",12257,127712,805,1198,2,29,6,29,13070,7371.86,128968,0
"2021-01-05",14086,141798,2189,3387,2,31,10,39,16287,8161.57,145255,0
"2021-01-06",17814,159612,3917,7304,1,32,30,69,21762,9430,167017,0
"2021-01-07",16551,176163,5173,12477,4,36,42,111,21770,11497.14,188787,0
"2021-01-08",16629,192792,5450,17927,0,36,28,139,22107,14627.71,210894,0
"2021-01-09",7659,200451,1457,19384,1,37,8,147,9125,15384.14,220019,0
"2021-01-10",7901,208352,974,20358,0,37,9,156,8884,16143.57,228903,0
"2021-01-11",25854,234206,7444,27802,2,39,45,201,33345,19040,262248,0
"2021-01-12",28272,262478,7844,35646,1,40,42,243,36159,21878.86,298407,0
"2021-01-13",31743,294221,9362,45008,1,41,51,294,41157,24649.57,339564,0
"2021-01-14",35814,330035,5314,50322,2,43,25,319,41155,27418.86,380719,0
"2021-01-15",29286,359321,3704,54026,2,45,28,347,33020,28977.86,413739,0
"2021-01-16",30313,389634,2369,56395,0,45,21,368,32703,32346.14,446442,0
"2021-01-17",23797,413431,1602,57997,0,45,15,383,25414,34707.57,471856,0
"2021-01-18",27157,440588,2397,60394,0,45,33,416,29587,34170.71,501443,0
"2021-01-19",34329,474917,9610,70004,1,46,66,482,44006,35291.71,545449,0
"2021-01-20",34911,509828,9483,79487,1,47,56,538,44451,35762.29,589900,0
"2021-01-21",25636,535464,8081,87568,1,48,44,582,33762,34706.14,623662,0
"2021-01-22",24764,560228,4374,91942,1,49,27,609,29166,34155.57,652828,0
"2021-01-23",15746,575974,3215,95157,0,49,11,620,18972,32194,671800,0
"2021-01-24",7180,583154,3450,98607,0,49,14,634,10644,30084,682444,0
"2021-01-25",13423,596577,11800,110407,0,49,62,696,25285,29469.43,707729,0
"2021-01-26",16782,613359,10736,121143,0,49,63,759,27581,27123,735310,0
"2021-01-27",20857,634216,12339,133482,1,50,48,807,33245,25522.14,768555,0
"2021-01-28",30787,665003,12834,146316,0,50,72,879,43693,26940.86,812248,0
"2021-01-29",31714,696717,11477,157793,0,50,71,950,43262,28954.57,855510,0
"2021-01-30",18728,715445,3732,161525,0,50,19,969,22479,29455.57,877989,0
"2021-01-31",13037,728482,2902,164427,1,51,24,993,15964,30215.57,893953,0
"2021-02-01",1181,729663,5366,169793,3,54,33,1026,6583,27543.86,900536,0
"2021-02-02",2818,732481,9476,179269,2,56,44,1070,12340,25366.57,912876,0
"2021-02-03",16371,748852,21225,200494,4,60,187,1257,37787,26015.43,950663,0
"2021-02-04",27055,775907,19635,220129,3,63,190,1447,46883,26471.14,997546,0
"2021-02-05",27622,803529,20006,240135,0,63,168,1615,47796,27118.86,1045342,0
"2021-02-06",23000,826529,11237,251372,0,63,100,1715,34337,28812.86,1079679,0
"2021-02-07",12056,838585,8276,259648,0,63,79,1794,20411,29448.14,1100090,0
"2021-02-08",17015,855600,23488,283136,2,65,214,2008,40719,34324.71,1140809,0
"2021-02-09",17216,872816,28112,311248,2,67,304,2312,45634,39081,1186443,0
"2021-02-10",19613,892429,29311,340559,2,69,242,2554,49168,40706.86,1235611,0
"2021-02-11",27875,920304,33486,374045,2,71,311,2865,61674,42819.86,1297285,0
"2021-02-12",38445,958749,30779,404824,3,74,325,3190,69552,45927.86,1366837,0
"2021-02-13",28027,986776,25310,430134,2,76,287,3477,53626,48683.43,1420463,0
"2021-02-14",16307,1003083,23728,453862,0,76,239,3716,40274,51521,1460737,0
"2021-02-15",12809,1015892,10516,464378,1,77,157,3873,23483,49058.71,1484220,0
"2021-02-16",14266,1030158,26730,491108,0,77,296,4169,41292,48438.43,1525512,0
"2021-02-17",16423,1046581,22177,513285,1,78,261,4430,38862,46966.14,1564374,0
"2021-02-18",12173,1058754,24981,538266,21,99,266,4696,37441,43504.29,1601815,0
"2021-02-19",13297,1072051,23930,562196,39,138,275,4971,37541,38931.29,1639356,0
"2021-02-20",11360,1083411,26088,588284,6,144,305,5276,37759,36664.57,1677115,0
"2021-02-21",6368,1089779,17438,605722,15,159,264,5540,24085,34351.86,1701200,0
"2021-02-22",13047,1102826,11843,617565,2,161,118,5658,25010,34570,1726210,0
"2021-02-23",25248,1128074,14154,631719,1,162,151,5809,39554,34321.71,1765764,0
"2021-02-24",36380,1164454,20353,652072,0,162,203,6012,56936,36903.71,1822700,0
"2021-02-25",54614,1219068,30349,682421,6,168,366,6378,85335,43745.71,1908035,0
"2021-02-26",62920,1281988,31817,714238,4,172,372,6750,95113,51970.29,2003148,0
"2021-02-27",51328,1333316,22708,736946,47,219,313,7063,74396,57204.14,2077544,0
"2021-02-28",44633,1377949,13762,750708,6,225,185,7248,58586,62132.86,2136130,0
"2021-03-01",39323,1417272,12738,763446,9,234,155,7403,52225,66020.71,2188355,0
"2021-03-02",47093,1464365,12532,775978,7,241,148,7551,59780,68910.14,2248135,0
"2021-03-03",48616,1512981,16106,792084,17,258,139,7690,64878,70044.71,2313013,0
"2021-03-04",59847,1572828,22761,814845,1092,1350,254,7944,83954,69847.43,2396967,0
"2021-03-05",61024,1633852,24245,839090,3112,4462,301,8245,88682,68928.71,2485649,0
"2021-03-06",47184,1681036,18860,857950,5451,9913,224,8469,71719,68546.29,2557368,0
"2021-03-07",36064,1717100,14834,872784,6248,16161,217,8686,57363,68371.57,2614731,0
"2021-03-08",39632,1756732,14657,887441,8568,24729,297,8983,63154,69932.86,2677885,0
"2021-03-09",39113,1795845,12786,900227,7769,32498,171,9154,59839,69941.29,2737724,0
"2021-03-10",51849,1847694,15250,915477,5068,37566,198,9352,72365,71010.86,2810089,0
"2021-03-11",60018,1907712,21749,937226,4617,42183,232,9584,86616,71391.14,2896705,0
"2021-03-12",52223,1959935,30266,967492,4183,46366,352,9936,87024,71154.29,2983729,0
"2021-03-13",40670,2000605,26672,994164,5112,51478,300,10236,72754,71302.14,3056483,0
"2021-03-14",30729,2031334,15935,1010099,4533,56011,222,10458,51419,70453,3107902,0
"2021-03-15",33596,2064930,17204,1027303,4727,60738,218,10676,55745,69394.57,3163647,0
"2021-03-16",38702,2103632,20425,1047728,4927,65665,240,10916,64294,70031,3227941,0
"2021-03-17",42641,2146273,24732,1072460,4248,69913,307,11223,71928,69968.57,3299869,0
"2021-03-18",50507,2196780,26707,1099167,5242,75155,340,11563,82796,69422.86,3382665,0
"2021-03-19",47828,2244608,29855,1129022,5626,80781,361,11924,83670,68943.71,3466335,0
"2021-03-20",38731,2283339,25757,1154779,4692,85473,269,12193,69449,68471.57,3535784,0
"2021-03-21",29316,2312655,19289,1174068,771,86244,201,12394,49577,68208.43,3585361,0
"2021-03-22",33884,2346539,26651,1200719,4041,90285,254,12648,64830,69506.29,3650191,0
"2021-03-23",38447,2384986,32767,1233486,4222,94507,263,12911,75699,71135.57,3725890,0
"2021-03-24",41520,2426506,37513,1270999,4848,99355,297,13208,84178,72885.57,3810068,0
"2021-03-25",43443,2469949,50657,1321656,5051,104406,429,13637,99580,75283.29,3909648,0
"2021-03-26",38521,2508470,55367,1377023,4308,108714,501,14138,98697,77430,4008345,0
"2021-03-27",35760,2544230,45603,1422626,2941,111655,378,14516,84682,79606.14,4093027,0
"2021-03-28",26410,2570640,34330,1456956,1481,113136,312,14828,62533,81457,4155560,0
"2021-03-29",34848,2605488,38702,1495658,3249,116385,319,15147,77118,83212.43,4232678,0
"2021-03-30",40558,2646046,41823,1537481,3714,120099,304,15451,86399,84741,4319077,0
"2021-03-31",49432,2695478,44760,1582241,7442,127541,370,15821,102004,87287.57,4421081,0
"2021-04-01",50786,2746264,53906,1636147,11278,138819,464,16285,116434,89695.29,4537515,0
"2021-04-02",43776,2790040,53846,1689993,11974,150793,509,16794,110105,91325,4647620,0
"2021-04-03",39277,2829317,39147,1729140,9861,160654,322,17116,88607,91885.71,4736227,0
"2021-04-04",26569,2855886,24650,1753790,3901,164555,216,17332,55336,90857.57,4791563,0
"2021-04-05",41886,2897772,34381,1788171,11191,175746,346,17678,87804,92384.14,4879367,0
"2021-04-06",53298,2951070,35488,1823659,13216,188962,403,18081,102405,94670.71,4981772,0
"2021-04-07",55548,3006618,40624,1864283,14383,203345,374,18455,110929,95945.71,5092701,0
"2021-04-08",59294,3065912,46510,1910793,16335,219680,479,18934,122618,96829.14,5215319,0
"2021-04-09",56654,3122566,44887,1955680,17539,237219,481,19415,119561,98180,5334880,0
"2021-04-10",49381,3171947,35630,1991310,12732,249951,357,19772,98100,99536.14,5432980,0
"2021-04-11",38206,3210153,28811,2020121,7684,257635,269,20041,74970,102341,5507950,0
"2021-04-12",46665,3256818,31836,2051957,13487,271122,432,20473,92420,103000.43,5600370,0
"2021-04-13",52583,3309401,33763,2085720,369,271491,374,20847,87089,100812.43,5687459,0
"2021-04-14",50189,3359590,39945,2125665,20,271511,344,21191,90498,97893.71,5777957,0
"2021-04-15",52151,3411741,43673,2169338,15,271526,425,21616,96264,94128.86,5874221,0
"2021-04-16",51212,3462953,42223,2211561,32,271558,391,22007,93858,90457,5968079,0
"2021-04-17",43871,3506824,35677,2247238,3,271561,342,22349,79893,87856,6047972,0
"2021-04-18",28624,3535448,29374,2276612,7,271568,227,22576,58232,85464.86,6106204,0
"2021-04-19",37498,3572946,36436,2313048,22,271590,293,22869,74249,82869,6180453,0
"2021-04-20",40822,3613768,39645,2352693,19,271609,277,23146,80763,81965.29,6261216,0
"2021-04-21",38940,3652708,45936,2398629,14,271623,470,23616,85360,81231.29,6346576,0
"2021-04-22",38533,3691241,48939,2447568,9,271632,313,23929,87794,80021.29,6434370,0
"2021-04-23",39740,3730981,44342,2491910,5,271637,332,24261,84419,78672.86,6518789,0
"2021-04-24",31984,3762965,41603,2533513,44,271681,256,24517,73887,77814.86,6592676,0
"2021-04-25",18435,3781400,31232,2564745,86,271767,174,24691,49927,76628.43,6642603,0
"2021-04-26",26981,3808381,40731,2605476,1013,272780,255,24946,68980,75875.71,6711583,0
"2021-04-27",28588,3836969,47122,2652598,1696,274476,327,25273,77733,75442.86,6789316,0
"2021-04-28",27086,3864055,56827,2709425,2145,276621,407,25680,86465,75600.71,6875781,0
"2021-04-29",28643,3892698,57164,2766589,2145,278766,339,26019,88291,75671.71,6964072,0
"2021-04-30",30140,3922838,51974,2818563,2055,280821,270,26289,84439,75674.57,7048511,0
"2021-05-01",22489,3945327,44545,2863108,1175,281996,216,26505,68425,74894.29,7116936,0
"2021-05-02",11932,3957259,36648,2899756,1080,283076,124,26629,49784,74873.86,7166720,0
"2021-05-03",18049,3975308,53005,2952761,2383,285459,234,26863,73671,75544,7240391,0
"2021-05-04",22769,3998077,56626,3009387,2328,287787,240,27103,81963,76148.29,7322354,0
"2021-05-05",21493,4019570,48781,3058168,2311,290098,297,27400,72882,74207.86,7395236,0
"2021-05-06",20707,4040277,50164,3108332,2509,292607,251,27651,73631,72113.57,7468867,0
"2021-05-07",21277,4061554,52087,3160419,2809,295416,280,27931,76453,70972.71,7545320,0
"2021-05-08",16636,4078190,41875,3202294,1835,297251,211,28142,60557,69848.71,7605877,0
"2021-05-09",7982,4086172,29416,3231710,1260,298511,136,28278,38794,68278.71,7644671,0
"2021-05-10",14401,4100573,38534,3270244,2355,300866,214,28492,55504,65683.43,7700175,0
"2021-05-11",19947,4120520,43033,3313277,2513,303379,269,28761,65762,63369,7765937,0
"2021-05-12",17813,4138333,40538,3353815,3592,306971,219,28980,62162,61837.57,7828099,0
"2021-05-13",24998,4163331,40418,3394233,3226,310197,247,29227,68889,61160.14,7896988,0
"2021-05-14",27043,4190374,42906,3437139,3535,313732,269,29496,73753,60774.43,7970741,0
"2021-05-15",23670,4214044,34929,3472068,3366,317098,225,29721,62190,61007.71,8032931,0
"2021-05-16",15557,4229601,19429,3491497,2497,319595,118,29839,37601,60837.29,8070532,0
"2021-05-17",22686,4252287,29122,3520619,3255,322850,164,30003,55227,60797.71,8125759,0
"2021-05-18",24654,4276941,31892,3552511,3402,326252,223,30226,60171,59999,8185930,0
"2021-05-19",24231,4301172,29702,3582213,3038,329290,207,30433,57178,59287,8243108,0
"2021-05-20",24188,4325360,30069,3612282,3159,332449,248,30681,57664,57683.43,8300772,0
"2021-05-21",24706,4350066,31982,3644264,3063,335512,237,30918,59988,55717,8360760,0
"2021-05-22",20032,4370098,24350,3668614,2525,338037,152,31070,47059,53555.43,8407819,0
"2021-05-23",11248,4381346,13717,3682331,1410,339447,94,31164,26469,51965.14,8434288,0
"2021-05-24",18897,4400243,23130,3705461,2760,342207,208,31372,44995,50503.43,8479283,0
"2021-05-25",19449,4419692,23363,3728824,2602,344809,173,31545,45587,48420,8524870,0
"2021-05-26",18793,4438485,21068,3749892,2695,347504,195,31740,42751,46359,8567621,0
"2021-05-27",18489,4456974,21256,3771148,2529,350033,183,31923,42457,44186.57,8610078,0
"2021-05-28",17889,4474863,22886,3794034,2752,352785,173,32096,43700,41859.71,8653778,0
"2021-05-29",12712,4487575,17801,3811835,1755,354540,99,32195,32367,39760.86,8686145,0
"2021-05-30",7036,4494611,8946,3820781,1074,355614,40,32235,17096,38421.86,8703241,0
"2021-05-31",4749,4499360,6918,3827699,1011,356625,62,32297,12740,33814,8715981,0
"2021-06-01",16058,4515418,25183,3852882,2172,358797,142,32439,43555,33523.71,8759536,0
"2021-06-02",15362,4530780,20377,3873259,2093,360890,133,32572,37965,32840,8797501,0
"2021-06-03",15022,4545802,23808,3897067,2284,363174,113,32685,41227,32664.29,8838728,0
"2021-06-04",14738,4560540,25970,3923037,2491,365665,139,32824,43338,32612.57,8882066,0
"2021-06-05",11005,4571545,22066,3945103,1806,367471,113,32937,34990,32987.29,8917056,0
"2021-06-06",6456,4578001,14459,3959562,1222,368693,82,33019,22219,33719.14,8939275,0
"2021-06-07",11730,4589731,21765,3981327,2379,371072,141,33160,36015,37044.14,8975290,0
"2021-06-08",12677,4602408,23986,4005313,2071,373143,118,33278,38852,36372.29,9014142,0
"2021-06-09",11166,4613574,23000,4028313,2298,375441,131,33409,36595,36176.57,9050737,0
"2021-06-10",12095,4625669,22209,4050522,2461,377902,132,33541,36897,35558,9087634,0
"2021-06-11",12725,4638394,25093,4075615,2483,380385,147,33688,40448,35145.14,9128082,0
"2021-06-12",10177,4648571,19297,4094912,1890,382275,87,33775,31451,34639.57,9159533,0
"2021-06-13",4260,4652831,10932,4105844,1219,383494,40,33815,16451,33815.57,9175984,0
"2021-06-14",10227,4663058,19217,4125061,2042,385536,123,33938,31609,33186.14,9207593,0
"2021-06-15",11901,4674959,20992,4146053,1942,387478,119,34057,34954,32629.29,9242547,0
"2021-06-16",11606,4686565,19392,4165445,1958,389436,134,34191,33090,32128.57,9275637,0
"2021-06-17",11037,4697602,18739,4184184,1969,391405,114,34305,31859,31408.86,9307496,0
"2021-06-18",12179,4709781,18486,4202670,2113,393518,109,34414,32887,30328.71,9340383,0
"2021-06-19",8509,4718290,13526,4216196,1460,394978,70,34484,23565,29202.14,9363948,0
"2021-06-20",4338,4722628,7162,4223358,924,395902,34,34518,12458,28631.71,9376406,0
"2021-06-21",10176,4732804,9987,4233345,1805,397707,66,34584,22034,27263.86,9398440,0
"2021-06-22",9851,4742655,15627,4248972,1589,399296,96,34680,27163,26150.86,9425603,0
"2021-06-23",10332,4752987,15165,4264137,1861,401157,101,34781,27459,25346.43,9453062,0
"2021-06-24",9709,4762696,14676,4278813,1798,402955,114,34895,26297,24551.86,9479359,0
"2021-06-25",10610,4773306,14375,4293188,1717,404672,105,35000,26807,23683.29,9506166,0
"2021-06-26",7813,4781119,10443,4303631,1244,405916,73,35073,19573,23113,9525739,0
"2021-06-27",5010,4786129,5991,4309622,796,406712,33,35106,11830,23023.29,9537569,0
"2021-06-28",9044,4795173,10333,4319955,1523,408235,105,35211,21005,22876.29,9558574,0
"2021-06-29",9762,4804935,12302,4332257,1348,409583,117,35328,23529,22357.14,9582103,0
"2021-06-30",9427,4814362,10914,4343171,1480,411063,143,35471,21964,21572.14,9604067,0
"2021-07-01",9402,4823764,10911,4354082,1429,412492,119,35590,21861,20938.43,9625928,0
"2021-07-02",9697,4833461,11423,4365505,1538,414030,120,35710,22778,20362.86,9648706,0
"2021-07-03",7061,4840522,8413,4373918,1193,415223,75,35785,16742,19958.43,9665448,0
"2021-07-04",1292,4841814,1334,4375252,567,415790,7,35792,3200,18725.57,9668648,0
"2021-07-05",6499,4848313,7094,4382346,1208,416998,65,35857,14866,17848.57,9683514,0
"2021-07-06",9528,4857841,12830,4395176,1317,418315,113,35970,23788,17885.57,9707302,0
"2021-07-07",8686,4866527,11089,4406265,1417,419732,117,36087,21309,17792,9728611,0
"2021-07-08",8210,4874737,10184,4416449,1260,420992,105,36192,19759,17491.71,9748370,0
"2021-07-09",8381,4883118,10813,4427262,1279,422271,91,36283,20564,17175.43,9768934,0
"2021-07-10",7110,4890228,8620,4435882,1132,423403,63,36346,16925,17201.57,9785859,0
"2021-07-11",4106,4894334,4536,4440418,702,424105,33,36379,9377,18084,9795236,0
"2021-07-12",8461,4902795,9538,4449956,1250,425355,72,36451,19321,18720.43,9814557,0
"2021-07-13",9472,4912267,9374,4459330,951,426306,98,36549,19895,18164.29,9834452,0
"2021-07-14",9012,4921279,9518,4468848,1008,427314,101,36650,19639,17925.71,9854091,0
"2021-07-15",8799,4930078,9135,4477983,1052,428366,82,36732,19068,17827,9873159,0
"2021-07-16",9251,4939329,9759,4487742,978,429344,96,36828,20084,17758.43,9893243,0
"2021-07-17",6858,4946187,7373,4495115,799,430143,76,36904,15106,17498.57,9908349,0
"2021-07-18",4264,4950451,4285,4499400,569,430712,33,36937,9151,17466.29,9917500,0
"2021-07-19",9131,4959582,8452,4507852,999,431711,85,37022,18667,17372.86,9936167,0
"2021-07-20",10659,4970241,8747,4516599,992,432703,84,37106,20482,17456.71,9956649,0
"2021-07-21",10064,4980305,8746,4525345,905,433608,137,37243,19852,17487.14,9976501,0
"2021-07-22",10696,4991001,8558,4533903,1045,434653,141,37384,20440,17683.14,9996941,0
"2021-07-23",11240,5002241,8873,4542776,1113,435766,134,37518,21360,17865.43,10018301,0
"2021-07-24",7411,5009652,6730,4549506,670,436436,80,37598,14891,17834.71,10033192,0
"2021-07-25",5485,5015137,2117,4551623,509,436945,58,37656,8169,17694.43,10041361,0
"2021-07-26",10890,5026027,6974,4558597,859,437804,105,37761,18828,17717.43,10060189,0
"2021-07-27",12064,5038091,8558,4567155,857,438661,130,37891,21609,17878.43,10081798,0
"2021-07-28",11998,5050089,8039,4575194,951,439612,130,38021,21118,18059.29,10102916,0
"2021-07-29",10947,5061036,7419,4582613,982,440594,127,38148,19475,17921.43,10122391,0
"2021-07-30",14960,5075996,7996,4590609,1149,441743,175,38323,24280,18338.57,10146671,0
"2021-07-31",9747,5085743,6297,4596906,815,442558,117,38440,16976,18636.43,10163647,0
"2021-08-01",6510,5092253,3305,4600211,564,443122,77,38517,10456,18963.14,10174103,0
"2021-08-02",13455,5105708,7148,4607359,847,443969,142,38659,21592,19358,10195695,0
"2021-08-03",15433,5121141,8351,4615710,1098,445067,143,38802,25025,19846,10220720,0
"2021-08-04",17266,5138407,8108,4623818,1454,446521,172,38974,27000,20686.29,10247720,0
"2021-08-05",17880,5156287,7909,4631727,1365,447886,155,39129,27309,21805.43,10275029,0
"2021-08-06",18195,5174482,8394,4640121,1234,449120,157,39286,27980,22334,10303009,0
"2021-08-07",13376,5187858,6001,4646122,794,449914,96,39382,20267,22804.14,10323276,0
"2021-08-08",9320,5197178,3823,4649945,398,450312,77,39459,13618,23255.86,10336894,0
"2021-08-09",21336,5218514,8524,4658469,964,451276,166,39625,30990,24598.43,10367884,0
"2021-08-10",18940,5237454,9309,4667778,949,452225,164,39789,29362,25218,10397246,0
"2021-08-11",15656,5253110,8300,4676078,851,453076,118,39907,24925,24921.57,10422171,0
"2021-08-12",15062,5268172,8966,4685044,937,454013,161,40068,25126,24609.71,10447297,0
"2021-08-13",14943,5283115,9257,4694301,918,454931,232,40300,25350,24234,10472647,0
"2021-08-14",10427,5293542,6398,4700699,624,455555,518,40818,17967,23905.43,10490614,0
"2021-08-15",6699,5300241,4468,4705167,675,456230,565,41383,12407,23732.43,10503021,0
"2021-08-16",15734,5315975,9278,4714445,1149,457379,1304,42687,27465,23228.86,10530486,0
"2021-08-17",17785,5333760,10433,4724878,1218,458597,1744,44431,31180,23488.57,10561666,0
"2021-08-18",17492,5351252,10340,4735218,1253,459850,1966,46397,31051,24363.71,10592717,0
"2021-08-19",16338,5367590,9501,4744719,1316,461166,1923,48320,29078,24928.29,10621795,0
"2021-08-20",16306,5383896,11519,4756238,1254,462420,1842,50162,30921,25724.14,10652716,0
"2021-08-21",11158,5395054,8030,4764268,877,463297,1044,51206,21109,26173,10673825,0
"2021-08-22",4091,5399145,3902,4768170,262,463559,508,51714,8763,25652.43,10682588,0
"2021-08-23",15593,5414738,11785,4779955,1023,464582,1528,53242,29929,26004.43,10712517,0
"2021-08-24",16938,5431676,12584,4792539,1006,465588,1763,55005,32291,26163.14,10744808,0
"2021-08-25",14604,5446280,12418,4804957,1111,466699,1541,56546,29674,25966.43,10774482,0
"2021-08-26",16197,5462477,14056,4819013,1072,467771,1749,58295,33074,26537.29,10807556,0
"2021-08-27",14865,5477342,14803,4833816,970,468741,1639,59934,32277,26731,10839833,0
"2021-08-28",10720,5488062,11492,4845308,836,469577,999,60933,24047,27150.71,10863880,0
"2021-08-29",7229,5495291,7492,4852800,541,470118,761,61694,16023,28187.86,10879903,0
"2021-08-30",15550,5510841,16889,4869689,1076,471194,1781,63475,35296,28954.57,10915199,0
"2021-08-31",15557,5526398,15917,4885606,952,472146,1945,65420,34371,29251.71,10949570,0
"2021-09-01",14854,5541252,14081,4899687,1019,473165,1776,67196,31730,29545.43,10981300,0
"2021-09-02",14365,5555617,12503,4912190,898,474063,1674,68870,29440,29026.29,11010740,0
"2021-09-03",15030,5570647,14289,4926479,973,475036,1864,70734,32156,29009,11042896,0
"2021-09-04",9657,5580304,9399,4935878,687,475723,952,71686,20695,28530.14,11063591,0
"2021-09-05",6821,5587125,5505,4941383,438,476161,695,72381,13459,28163.86,11077050,0
"2021-09-06",5205,5592330,4504,4945887,358,476519,264,72645,10331,24597.43,11087381,0
"2021-09-07",15597,5607927,17676,4963563,913,477432,1524,74169,35710,24788.71,11123091,0
"2021-09-08",16221,5624148,14781,4978344,1072,478504,1738,75907,33812,25086.14,11156903,0
"2021-09-09",16139,5640287,14724,4993068,1047,479551,1886,77793,33796,25708.43,11190699,0
"2021-09-10",18397,5658684,15358,5008426,1208,480759,1946,79739,36909,26387.43,11227608,0
"2021-09-11",12657,5671341,10340,5018766,959,481718,1009,80748,24965,26997.43,11252573,0
"2021-09-12",8549,5679890,5043,5023809,766,482484,684,81432,15042,27223.57,11267615,0
"2021-09-13",16956,5696846,12934,5036743,974,483458,1620,83052,32484,30388.29,11300099,0
"2021-09-14",16298,5713144,13649,5050392,884,484342,1572,84624,32403,29915.86,11332502,0
"2021-09-15",15598,5728742,12817,5063209,730,485072,1557,86181,30702,29471.57,11363204,0
"2021-09-16",15373,5744115,13900,5077109,1211,486283,1420,87601,31904,29201.29,11395108,0
"2021-09-17",14473,5758588,13915,5091024,921,487204,1807,89408,31116,28373.71,11426224,0
"2021-09-18",10021,5768609,10163,5101187,914,488118,1037,90445,22135,27969.43,11448359,0
"2021-09-19",6192,5774801,6062,5107249,557,488675,738,91183,13549,27756.14,11461908,0
"2021-09-20",12704,5787505,12615,5119864,1068,489743,1899,93082,28286,27156.43,11490194,0
"2021-09-21",12259,5799764,12753,5132617,1111,490854,1992,95074,28115,26543.86,11518309,0
"2021-09-22",12858,5812622,11965,5144582,1089,491943,1642,96716,27554,26094.14,11545863,0
"2021-09-23",14957,5827579,12734,5157316,1638,493581,2216,98932,31545,26042.86,11577408,0
"2021-09-24",16491,5844070,13326,5170642,1630,495211,4517,103449,35964,26735.43,11613372,0
"2021-09-25",10583,5854653,9008,5179650,1017,496228,3381,106830,23989,27000.29,11637361,0
"2021-09-26",6336,5860989,5748,5185398,773,497001,2374,109204,15231,27240.57,11652592,0
"2021-09-27",14198,5875187,8037,5193435,1154,498155,8861,118065,32250,27806.86,11684842,0
"2021-09-28",11198,5886385,11743,5205178,901,499056,9671,127736,33513,28578,11718355,0
"2021-09-29",11637,5898022,12173,5217351,1201,500257,9218,136954,34229,29531.57,11752584,0
"2021-09-30",12287,5910309,12579,5229930,1340,501597,9538,146492,35744,30131.43,11788328,0
"2021-10-01",12677,5922986,13403,5243333,1282,502879,10123,156615,37485,30348.71,11825813,0
"2021-10-02",7745,5930731,9965,5253298,864,503743,4159,160774,22733,30169.29,11848546,0
"2021-10-03",5084,5935815,6147,5259445,594,504337,2566,163340,14391,30049.29,11862937,0
"2021-10-04",9944,5945759,11005,5270450,913,505250,9380,172720,31242,29905.29,11894179,0
"2021-10-05",10205,5955964,11743,5282193,973,506223,9820,182540,32741,29795,11926920,0
"2021-10-06",9953,5965917,11030,5293223,937,507160,9823,192363,31743,29439.86,11958663,0
"2021-10-07",9710,5975627,12175,5305398,852,508012,10067,202430,32804,29019.86,11991467,0
"2021-10-08",9527,5985154,12121,5317519,943,508955,10782,213212,33373,28432.43,12024840,0
"2021-10-09",6282,5991436,8269,5325788,649,509604,4048,217260,19248,27934.57,12044088,0
"2021-10-10",3549,5994985,5011,5330799,458,510062,2395,219655,11413,27509.14,12055501,0
"2021-10-11",7649,6002634,9329,5340128,728,510790,8818,228473,26524,26835.14,12082025,0
"2021-10-12",8098,6010732,10984,5351112,891,511681,10387,238860,30360,26495,12112385,0
"2021-10-13",7214,6017946,10131,5361243,869,512550,8639,247499,26853,25796.43,12139238,0
"2021-10-14",7485,6025431,11094,5372337,836,513386,9944,257443,29359,25304.29,12168597,0
"2021-10-15",7769,6033200,11847,5384184,821,514207,10633,268076,31070,24975.29,12199667,0
"2021-10-16",4882,6038082,7453,5391637,665,514872,3757,271833,16757,24619.43,12216424,0
"2021-10-17",3070,6041152,4471,5396108,411,515283,2404,274237,10356,24468.43,12226780,0
"2021-10-18",7099,6048251,10645,5406753,797,516080,9293,283530,27834,24655.57,12254614,0
"2021-10-19",6670,6054921,8922,5415675,805,516885,8884,292414,25281,23930,12279895,0
"2021-10-20",6574,6061495,9353,5425028,973,517858,9832,302246,26732,23912.71,12306627,0
"2021-10-21",7074,6068569,9363,5434391,857,518715,10679,312925,27973,23714.71,12334600,0
"2021-10-22",8183,6076752,10322,5444713,1023,519738,16186,329111,35714,24378.14,12370314,0
"2021-10-23",5213,6081965,6453,5451166,690,520428,9034,338145,21390,25040,12391704,0
"2021-10-24",3300,6085265,3953,5455119,770,521198,6113,344258,14136,25580,12405840,0
"2021-10-25",8854,6094119,8745,5463864,1148,522346,19084,363342,37831,27008.14,12443671,0
"2021-10-26",8254,6102373,7719,5471583,1260,523606,17150,380492,34383,28308.43,12478054,0
"2021-10-27",10660,6113033,8375,5479958,1604,525210,20609,401101,41248,30382.14,12519302,0
"2021-10-28",11406,6124439,8023,5487981,1784,526994,20632,421733,41845,32363.86,12561147,0
"2021-10-29",11917,6136356,8227,5496208,1963,528957,22350,444083,44457,33612.86,12605604,0
"2021-10-30",4678,6141034,5044,5501252,934,529891,11058,455141,21714,33659.14,12627318,0
"2021-10-31",2693,6143727,2699,5503951,544,530435,6585,461726,12521,33428.43,12639839,0
"2021-11-01",7226,6150953,6933,5510884,1083,531518,20167,481893,35409,33082.43,12675248,0
"2021-11-02",6666,6157619,6565,5517449,1053,532571,20563,502456,34847,33148.71,12710095,0
"2021-11-03",6942,6164561,6646,5524095,1028,533599,20434,522890,35050,32263.29,12745145,0
"2021-11-04",9372,6173933,6258,5530353,994,534593,22142,545032,38766,31823.43,12783911,0
"2021-11-05",11162,6185095,6712,5537065,1052,535645,23527,568559,42453,31537.14,12826364,0
"2021-11-06",11170,6196265,4040,5541105,592,536237,12512,581071,28314,32480,12854678,0
"2021-11-07",7280,6203545,2270,5543375,576,536813,7049,588120,17175,33144.86,12871853,0
"2021-11-08",15127,6218672,5662,5549037,865,537678,19336,607456,40990,33942.14,12912843,0
"2021-11-09",16233,6234905,5373,5554410,662,538340,20366,627822,42634,35054.57,12955477,0
"2021-11-10",17034,6251939,5308,5559718,684,539024,22419,650241,45445,36539.57,13000922,0
"2021-11-11",12658,6264597,5184,5564902,758,539782,21844,672085,40444,36779.29,13041366,0
"2021-11-12",16985,6281582,5661,5570563,710,540492,23200,695285,46556,37365.43,13087922,0
"2021-11-13",9985,6291567,3664,5574227,466,540958,13262,708547,27377,37231.57,13115299,0
"2021-11-14",6113,6297680,2292,5576519,323,541281,7883,716430,16611,37151,13131910,0
"2021-11-15",13344,6311024,5970,5582489,687,541968,24940,741370,44941,37715.43,13176851,0
"2021-11-16",10209,6321233,5780,5588269,654,542622,30337,771707,46980,38336.29,13223831,0
"2021-11-17",10625,6331858,6671,5594940,690,543312,30981,802688,48967,38839.43,13272798,0
"2021-11-18",11049,6342907,6524,5601464,865,544177,32505,835193,50943,40339.29,13323741,0
"2021-11-19",12353,6355260,6532,5607996,719,544896,35853,871046,55457,41610.86,13379198,0
"2021-11-20",9558,6364818,3415,5611411,513,545409,22217,893263,35703,42800.29,13414901,0
"2021-11-21",5093,6369911,1880,5613291,289,545698,13016,906279,20278,43324.14,13435179,0
"2021-11-22",10738,6380649,5777,5619068,752,546450,35475,941754,52742,44438.57,13487921,0
"2021-11-23",10006,6390655,4779,5623847,639,547089,33188,974942,48612,44671.71,13536533,0
"2021-11-24",8833,6399488,4754,5628601,653,547742,25737,1000679,39977,43387.43,13576510,0
"2021-11-25",460,6399948,324,5628925,79,547821,982,1001661,1845,36373.43,13578355,0
"2021-11-26",8359,6408307,6964,5635889,530,548351,26181,1027842,42034,34455.86,13620389,0
"2021-11-27",6870,6415177,6800,5642689,377,548728,18529,1046371,32576,34009.14,13652965,0
"2021-11-28",4225,6419402,5732,5648421,286,549014,11581,1057952,21824,34230,13674789,0
"2021-11-29",9534,6428936,10944,5659365,690,549704,34379,1092331,55547,34630.71,13730336,0
"2021-11-30",10804,6439740,11398,5670763,516,550220,37171,1129502,59889,36241.71,13790225,0
"2021-12-01",11447,6451187,10924,5681687,720,550940,39887,1169389,62978,39527.57,13853203,0
"2021-12-02",12010,6463197,11002,5692689,622,551562,41496,1210885,65130,48568.29,13918333,0
"2021-12-03",14070,6477267,12808,5705497,683,552245,47074,1257959,74635,53225.57,13992968,0
"2021-12-04",10181,6487448,11173,5716670,572,552817,30149,1288108,52075,56011.14,14045043,0
"2021-12-05",5882,6493330,5742,5722412,270,553087,16473,1304581,28367,56945.86,14073410,0
"2021-12-06",12845,6506175,9891,5732303,608,553695,42559,1347140,65903,58425.29,14139313,0
"2021-12-07",13164,6519339,9180,5741483,634,554329,42281,1389421,65259,59192.43,14204572,0
"2021-12-08",13970,6533309,8703,5750186,559,554888,40200,1429621,63432,59257.29,14268004,0
"2021-12-09",13886,6547195,8721,5758907,550,555438,40247,1469868,63404,59010.71,14331408,0
"2021-12-10",14587,6561782,10067,5768974,667,556105,42960,1512828,68281,58103,14399689,0
"2021-12-11",10522,6572304,8022,5776996,407,556512,26398,1539226,45349,57142.14,14445038,0
"2021-12-12",6118,6578422,3841,5780837,287,556799,15025,1554251,25271,56699.86,14470309,0
"2021-12-13",12446,6590868,7383,5788220,656,557455,37556,1591807,58041,55576.71,14528350,0
"2021-12-14",12605,6603473,6911,5795131,738,558193,37673,1629480,57927,54529.29,14586277,0
"2021-12-15",12713,6616186,6205,5801336,759,558952,37361,1666841,57038,53615.86,14643315,0
"2021-12-16",13695,6629881,4214,5805550,738,559690,40103,1706944,58750,52951,14702065,0
"2021-12-17",16606,6646487,6856,5812406,623,560313,45651,1752595,69736,53158.86,14771801,0
"2021-12-18",13356,6659843,5682,5818088,432,560745,30100,1782695,49570,53761.86,14821371,0
"2021-12-19",7211,6667054,2973,5821061,330,561075,17737,1800432,28251,54187.57,14849622,0
"2021-12-20",17544,6684598,5827,5826888,752,561827,46423,1846855,70546,55974,14920168,0
"2021-12-21",18595,6703193,6497,5833385,807,562634,47764,1894619,73663,58222,14993831,0
"2021-12-22",19216,6722409,6529,5839914,936,563570,48624,1943243,75305,60831.57,15069136,0
"2021-12-23",19521,6741930,6457,5846371,925,564495,44970,1988213,71873,62706.29,15141009,0
"2021-12-24",9456,6751386,2934,5849305,594,565089,20217,2008430,33201,57487,15174210,0
"2021-12-25",343,6751729,64,5849369,32,565121,420,2008850,859,50528.29,15175069,0
"2021-12-26",8193,6759922,3906,5853275,340,565461,17017,2025867,29456,50700.43,15204525,0
"2021-12-27",21856,6781778,9159,5862434,931,566392,43077,2068944,75023,51340,15279548,0
"2021-12-28",20061,6801839,8277,5870711,690,567082,47045,2115989,76073,51684.29,15355621,0
"2021-12-29",18492,6820331,7574,5878285,600,567682,44978,2160967,71644,51161.29,15427265,0
"2021-12-30",16913,6837244,7392,5885677,577,568259,44459,2205426,69341,50799.57,15496606,0
"2021-12-31",5346,6842590,2787,5888464,192,568451,14589,2220015,22914,49330,15519520,0
"2022-01-01",232,6842822,134,5888598,11,568462,483,2220498,860,49330.14,15520380,0
"2022-01-02",6457,6849279,4993,5893591,155,568617,10906,2231404,22511,48338,15542891,0
"2022-01-03",14234,6863513,8430,5902021,515,569132,26599,2258003,49778,44731.57,15592669,0
"2022-01-04",13220,6876733,8028,5910049,398,569530,26656,2284659,48302,40764.29,15640971,0
"2022-01-05",11884,6888617,6909,5916958,383,569913,25300,2309959,44476,36883.14,15685447,0
"2022-01-06",11918,6900535,7284,5924242,484,570397,26895,2336854,46581,33631.71,15732028,0
"2022-01-07",10681,6911216,8338,5932580,334,570731,24549,2361403,43902,36630,15775930,0
"2022-01-08",8037,6919253,8485,5941065,311,571042,19176,2380579,36009,41651.29,15811939,0
"2022-01-09",4299,6923552,3809,5944874,216,571258,9833,2390412,18157,41029.29,15830096,0
"2022-01-10",10535,6934087,8116,5952990,481,571739,24092,2414504,43224,40093,15873320,0
"2022-01-11",9129,6943216,7908,5960898,517,572256,20571,2435075,38125,38639.14,15911445,0
"2022-01-12",9097,6952313,8219,5969117,423,572679,21934,2457009,39673,37953,15951118,0
"2022-01-13",9215,6961528,8718,5977835,449,573128,22309,2479318,40691,37111.57,15991809,0
"2022-01-14",10140,6971668,7988,5985823,471,573599,25844,2505162,44443,37188.86,16036252,0
"2022-01-15",6265,6977933,4232,5990055,175,573774,14780,2519942,25452,35680.71,16061704,0
"2022-01-16",3028,6980961,3219,5993274,96,573870,7686,2527628,14029,35091,16075733,0
"2022-01-17",6241,6987202,6655,5999929,357,574227,14303,2541931,27556,32852.71,16103289,0
"2022-01-18",8322,6995524,9957,6009886,390,574617,18960,2560891,37629,32781.86,16140918,0
"2022-01-19",7760,7003284,9091,6018977,307,574924,17288,2578179,34446,32035.14,16175364,0
"2022-01-20",6475,7009759,8367,6027344,296,575220,14760,2592939,29898,30493.29,16205262,0
"2022-01-21",7787,7017546,7363,6034707,279,575499,17950,2610889,33379,28912.71,16238641,0
"2022-01-22",5213,7022759,4790,6039497,126,575625,10992,2621881,21121,28294,16259762,0
"2022-01-23",2927,7025686,3281,6042778,98,575723,6073,2627954,12379,28058.29,16272141,0
"2022-01-24",6494,7032180,8020,6050798,247,575970,14641,2642595,29402,28322,16301543,0
"2022-01-25",6319,7038499,7731,6058529,223,576193,14173,2656768,28446,27010.14,16329989,0
"2022-01-26",5785,7044284,6954,6065483,272,576465,13380,2670148,26391,25859.43,16356380,0
"2022-01-27",5236,7049520,6869,6072352,280,576745,13540,2683688,25925,25291.86,16382305,0
"2022-01-28",6235,7055755,7561,6079913,198,576943,15495,2699183,29489,24736.14,16411794,120000
"2022-01-29",867,7056622,672,6080585,23,576966,2433,2701616,3995,22289.57,16415789,120000
"2022-01-30",2157,7058779,2958,6083543,97,577063,4400,2706016,9612,21894.29,16425401,120000
"2022-01-31",5044,7063823,6363,6089906,206,577269,10780,2716796,22393,20893,16447794,120000
"2022-02-01",4777,7068600,6144,6096050,164,577433,10048,2726844,21133,19848.29,16468927,120000
"2022-02-02",3846,7072446,5521,6101571,173,577606,9398,2736242,18938,18783.57,16487865,120000
"2022-02-03",1277,7073723,1852,6103423,65,577671,3594,2739836,6788,16049.71,16494653,120000
