"DATE","ADMIN_DOSE1_DAILY","ADMIN_DOSE1_CUMULATIVE","ADMIN_DOSE2_DAILY","ADMIN_DOSE2_CUMULATIVE","ADMIN_SINGLE_DAILY","ADMIN_SINGLE_CUMULATIVE","ADMIN_ADDITIONAL_DAILY","ADMIN_ADDITIONAL_CUMULATIVE","ADMIN_ALLDOSES_DAILY","ADMIN_ALLDOSES_7DAYAVG","ADMIN_ALLDOSES_CUMULATIVE","INCOMPLETE"
"2020-12-14",79,79,0,0,0,0,0,0,79,,79,0
"2020-12-15",2052,2131,5,5,4,4,0,0,2061,,2140,0
"2020-12-16",4601,6732,13,18,1,5,1,1,4616,,6756,0
"2020-12-17",4655,11387,17,35,0,5,1,2,4673,,11429,0
"2020-12-18",5833,17220,20,55,2,7,2,4,5857,,17286,0
"2020-12-19",1690,18910,6,61,3,10,0,4,1699,,18985,0
"2020-12-20",1116,20026,2,63,1,11,0,4,1119,2872,20104,0
"2020-12-21",6338,26364,17,80,0,11,6,10,6361,3769.43,26465,0
"2020-12-22",9797,36161,27,107,2,13,1,11,9827,4878.86,36292,0
"2020-12-23",14273,50434,35,142,3,16,1,12,14312,6264,50604,0
"2020-12-24",7200,57634,25,167,1,17,0,12,7226,6628.71,57830,0
"2020-12-25",180,57814,0,167,0,17,1,13,181,5817.86,58011,0
"2020-12-26",4389,62203,43,210,0,17,1,14,4433,6208.43,62444,0
"2020-12-27",3868,66071,13,223,0,17,1,15,3882,6603.14,66326,0
"2020-12-28",10992,77063,50,273,1,18,3,18,11046,7272.43,77372,0
"2020-12-29",10723,87786,32,305,2,20,2,20,10759,7405.57,88131,0
"2020-12-30",12826,100612,44,349,0,20,0,20,12870,7199.57,101001,0
"2020-12-31",7260,107872,31,380,1,21,0,20,7292,7209,108293,0
"2021-01-01",181,108053,2,382,1,22,3,23,187,7209.86,108480,0
"2021-01-02",3810,111863,10,392,2,24,1,24,3823,7122.71,112303,0
"2021-01-03",3542,115405,23,415,2,26,1,25,3568,7077.86,115871,0
"2021-01-04",12256,127661,806,1221,2,28,6,31,13070,7367,128941,0
"2021-01-05",14082,141743,2193,3414,2,30,10,41,16287,8156.71,145228,0
"2021-01-06",17812,159555,3919,7333,1,31,29,70,21761,9426.86,166989,0
"2021-01-07",16546,176101,5175,12508,4,35,45,115,21770,11495.14,188759,0
"2021-01-08",16622,192723,5453,17961,0,35,31,146,22106,14626.43,210865,0
"2021-01-09",7655,200378,1463,19424,1,36,7,153,9126,15384,219991,0
"2021-01-10",7886,208264,980,20404,0,36,10,163,8876,16142.29,228867,0
"2021-01-11",25825,234089,7456,27860,2,38,47,210,33330,19036.57,262197,0
"2021-01-12",28266,262355,7858,35718,1,39,43,253,36168,21876.71,298365,0
"2021-01-13",31722,294077,9376,45094,1,40,54,307,41153,24647,339518,0
"2021-01-14",35803,329880,5327,50421,1,41,27,334,41158,27416.71,380676,0
"2021-01-15",29270,359150,3704,54125,2,43,32,366,33008,28974.14,413684,0
"2021-01-16",30290,389440,2381,56506,0,43,23,389,32694,32341,446378,0
"2021-01-17",23760,413200,1617,58123,0,43,18,407,25395,34700.86,471773,0
"2021-01-18",27112,440312,2408,60531,0,43,34,441,29554,34161.43,501327,0
"2021-01-19",34307,474619,9616,70147,1,44,66,507,43990,35278.86,545317,0
"2021-01-20",34866,509485,9491,79638,1,45,59,566,44417,35745.14,589734,0
"2021-01-21",25597,535082,8086,87724,2,47,49,615,33734,34684.57,623468,0
"2021-01-22",24759,559841,4381,92105,1,48,29,644,29170,34136.29,652638,0
"2021-01-23",15743,575584,3223,95328,0,48,10,654,18976,32176.57,671614,0
"2021-01-24",7180,582764,3448,98776,0,48,17,671,10645,30069.43,682259,0
"2021-01-25",13415,596179,11814,110590,0,48,64,735,25293,29460.71,707552,0
"2021-01-26",16770,612949,10743,121333,0,48,66,801,27579,27116.29,735131,0
"2021-01-27",20832,633781,12358,133691,0,48,49,850,33239,25519.43,768370,0
"2021-01-28",30767,664548,12842,146533,0,48,80,930,43689,26941.57,812059,0
"2021-01-29",31693,696241,11498,158031,0,48,75,1005,43266,28955.29,855325,0
"2021-01-30",18717,714958,3736,161767,0,48,20,1025,22473,29454.86,877798,0
"2021-01-31",13025,727983,2918,164685,1,49,25,1050,15969,30215.43,893767,0
"2021-02-01",1178,729161,5368,170053,4,53,35,1085,6585,27542.86,900352,0
"2021-02-02",2825,731986,9467,179520,2,55,51,1136,12345,25366.57,912697,0
"2021-02-03",16355,748341,21232,200752,4,59,201,1337,37792,26017,950489,0
"2021-02-04",27044,775385,19645,220397,3,62,200,1537,46892,26474.57,997381,0
"2021-02-05",27604,802989,20019,240416,0,62,182,1719,47805,27123,1045186,0
"2021-02-06",22992,825981,11243,251659,0,62,107,1826,34342,28818.57,1079528,0
"2021-02-07",12048,838029,8276,259935,1,63,86,1912,20411,29453.14,1099939,0
"2021-02-08",16974,855003,23505,283440,2,65,229,2141,40710,34328.14,1140649,0
"2021-02-09",17201,872204,28106,311546,2,67,325,2466,45634,39083.71,1186283,0
"2021-02-10",19598,891802,29302,340848,2,69,255,2721,49157,40707.29,1235440,0
"2021-02-11",27849,919651,33467,374315,2,71,343,3064,61661,42817.14,1297101,0
"2021-02-12",38412,958063,30788,405103,3,74,345,3409,69548,45923.29,1366649,0
"2021-02-13",28013,986076,25304,430407,2,76,302,3711,53621,48677.43,1420270,0
"2021-02-14",16288,1002364,23722,454129,0,76,257,3968,40267,51514,1460537,0
"2021-02-15",12798,1015162,10521,464650,2,78,165,4133,23486,49053.43,1484023,0
"2021-02-16",14242,1029404,26731,491381,0,78,312,4445,41285,48432.14,1525308,0
"2021-02-17",16407,1045811,22172,513553,1,79,281,4726,38861,46961.29,1564169,0
"2021-02-18",12157,1057968,24985,538538,21,100,276,5002,37439,43501,1601608,0
"2021-02-19",13272,1071240,23928,562466,39,139,292,5294,37531,38927.14,1639139,0
"2021-02-20",11351,1082591,26075,588541,6,145,323,5617,37755,36660.57,1676894,0
"2021-02-21",6362,1088953,17427,605968,15,160,278,5895,24082,34348.43,1700976,0
"2021-02-22",13040,1101993,11847,617815,2,162,122,6017,25011,34566.29,1725987,0
"2021-02-23",25244,1127237,14147,631962,1,163,158,6175,39550,34318.43,1765537,0
"2021-02-24",36357,1163594,20356,652318,0,163,213,6388,56926,36899.14,1822463,0
"2021-02-25",54617,1218211,30343,682661,6,169,388,6776,85354,43744.14,1907817,0
"2021-02-26",62884,1281095,31834,714495,4,173,394,7170,95116,51970.57,2002933,0
"2021-02-27",51306,1332401,22733,737228,47,220,323,7493,74409,57206.86,2077342,0
"2021-02-28",44607,1377008,13784,751012,7,227,199,7692,58597,62137.57,2135939,0
"2021-03-01",39319,1416327,12744,763756,10,237,168,7860,52241,66027.57,2188180,0
"2021-03-02",47084,1463411,12542,776298,7,244,157,8017,59790,68919,2247970,0
"2021-03-03",48610,1512021,16122,792420,17,261,146,8163,64895,70057.43,2312865,0
"2021-03-04",59830,1571851,22785,815205,1092,1353,261,8424,83968,69859.43,2396833,0
"2021-03-05",60993,1632844,24245,839450,3110,4463,330,8754,88678,68939.71,2485511,0
"2021-03-06",47179,1680023,18866,858316,5449,9912,232,8986,71726,68556.43,2557237,0
"2021-03-07",36048,1716071,14848,873164,6248,16160,224,9210,57368,68380.86,2614605,0
"2021-03-08",39616,1755687,14661,887825,8565,24725,307,9517,63149,69939.14,2677754,0
"2021-03-09",39104,1794791,12790,900615,7767,32492,176,9693,59837,69945.86,2737591,0
"2021-03-10",51832,1846623,15268,915883,5069,37561,219,9912,72388,71016.29,2809979,0
"2021-03-11",60005,1906628,21756,937639,4618,42179,247,10159,86626,71396,2896605,0
"2021-03-12",52205,1958833,30269,967908,4182,46361,368,10527,87024,71159.71,2983629,0
"2021-03-13",40665,1999498,26667,994575,5110,51471,320,10847,72762,71307.71,3056391,0
"2021-03-14",30722,2030220,15934,1010509,4528,55999,236,11083,51420,70458,3107811,0
"2021-03-15",33588,2063808,17219,1027728,4723,60722,229,11312,55759,69402.29,3163570,0
"2021-03-16",38676,2102484,20466,1048194,4925,65647,250,11562,64317,70042.29,3227887,0
"2021-03-17",42625,2145109,24739,1072933,4246,69893,335,11897,71945,69979,3299832,0
"2021-03-18",50481,2195590,26732,1099665,5240,75133,359,12256,82812,69434.14,3382644,0
"2021-03-19",47811,2243401,29892,1129557,5624,80757,384,12640,83711,68960.86,3466355,0
"2021-03-20",38713,2282114,25774,1155331,4690,85447,288,12928,69465,68489.86,3535820,0
"2021-03-21",29306,2311420,19299,1174630,771,86218,215,13143,49591,68228.57,3585411,0
"2021-03-22",33867,2345287,26686,1201316,4038,90256,258,13401,64849,69527.14,3650260,0
"2021-03-23",38441,2383728,32787,1234103,4221,94477,275,13676,75724,71156.71,3725984,0
"2021-03-24",41510,2425238,37535,1271638,4849,99326,314,13990,84208,72908.57,3810192,0
"2021-03-25",43425,2468663,50687,1322325,5053,104379,455,14445,99620,75309.71,3909812,0
"2021-03-26",38518,2507181,55401,1377726,4311,108690,515,14960,98745,77457.43,4008557,0
"2021-03-27",35755,2542936,45639,1423365,2939,111629,398,15358,84731,79638.29,4093288,0
"2021-03-28",26400,2569336,34365,1457730,1481,113110,318,15676,62564,81491.57,4155852,0
"2021-03-29",34837,2604173,38749,1496479,3248,116358,325,16001,77159,83250.14,4233011,0
"2021-03-30",40521,2644694,41875,1538354,3713,120071,312,16313,86421,84778.29,4319432,0
"2021-03-31",49415,2694109,44804,1583158,7441,127512,388,16701,102048,87326.86,4421480,0
"2021-04-01",50781,2744890,53922,1637080,11273,138785,487,17188,116463,89733,4537943,0
"2021-04-02",43765,2788655,53848,1690928,11973,150758,532,17720,110118,91357.71,4648061,0
"2021-04-03",39265,2827920,39172,1730100,9861,160619,331,18051,88629,91914.57,4736690,0
"2021-04-04",26562,2854482,24687,1754787,3901,164520,222,18273,55372,90887.14,4792062,0
"2021-04-05",41886,2896368,34410,1789197,11195,175715,357,18630,87848,92414.14,4879910,0
"2021-04-06",53283,2949651,35535,1824732,13220,188935,417,19047,102455,94704.71,4982365,0
"2021-04-07",55522,3005173,40663,1865395,14383,203318,386,19433,110954,95977,5093319,0
"2021-04-08",59278,3064451,46545,1911940,16334,219652,499,19932,122656,96861.71,5215975,0
"2021-04-09",56656,3121107,44923,1956863,17549,237201,494,20426,119622,98219.43,5335597,0
"2021-04-10",49368,3170475,35637,1992500,12727,249928,372,20798,98104,99573,5433701,0
"2021-04-11",38196,3208671,28808,2021308,7687,257615,283,21081,74974,102373.29,5508675,0
"2021-04-12",46652,3255323,31837,2053145,13495,271110,452,21533,92436,103028.71,5601111,0
"2021-04-13",52565,3307888,33772,2086917,368,271478,385,21918,87090,100833.71,5688201,0
"2021-04-14",50167,3358055,39947,2126864,20,271498,357,22275,90491,97910.43,5778692,0
"2021-04-15",52145,3410200,43664,2170528,16,271514,445,22720,96270,94141,5874962,0
"2021-04-16",51195,3461395,42222,2212750,32,271546,401,23121,93850,90459.29,5968812,0
"2021-04-17",43852,3505247,35683,2248433,3,271549,361,23482,79899,87858.57,6048711,0
"2021-04-18",28615,3533862,29373,2277806,7,271556,241,23723,58236,85467.43,6106947,0
"2021-04-19",37487,3571349,36442,2314248,22,271578,304,24027,74255,82870.14,6181202,0
"2021-04-20",40818,3612167,39634,2353882,19,271597,292,24319,80763,81966.29,6261965,0
"2021-04-21",38914,3651081,45961,2399843,15,271612,479,24798,85369,81234.57,6347334,0
"2021-04-22",38525,3689606,48944,2448787,9,271621,322,25120,87800,80024.57,6435134,0
"2021-04-23",39718,3729324,44366,2493153,4,271625,343,25463,84431,78679,6519565,0
"2021-04-24",31970,3761294,41596,2534749,44,271669,270,25733,73880,77819.14,6593445,0
"2021-04-25",18428,3779722,31231,2565980,86,271755,183,25916,49928,76632.29,6643373,0
"2021-04-26",26983,3806705,40725,2606705,1013,272768,276,26192,68997,75881.14,6712370,0
"2021-04-27",28578,3835283,47118,2653823,1696,274464,341,26533,77733,75448.29,6790103,0
"2021-04-28",27058,3862341,56831,2710654,2146,276610,415,26948,86450,75602.71,6876553,0
"2021-04-29",28622,3890963,57176,2767830,2145,278755,355,27303,88298,75673.86,6964851,0
"2021-04-30",30131,3921094,51979,2819809,2056,280811,274,27577,84440,75675.14,7049291,0
"2021-05-01",22485,3943579,44551,2864360,1176,281987,220,27797,68432,74896.86,7117723,0
"2021-05-02",11933,3955512,36647,2901007,1080,283067,134,27931,49794,74877.71,7167517,0
"2021-05-03",18037,3973549,53017,2954024,2383,285450,241,28172,73678,75546.43,7241195,0
"2021-05-04",22748,3996297,56642,3010666,2330,287780,255,28427,81975,76152.43,7323170,0
"2021-05-05",21480,4017777,48792,3059458,2311,290091,308,28735,72891,74215.43,7396061,0
"2021-05-06",20695,4038472,50175,3109633,2509,292600,260,28995,73639,72121.29,7469700,0
"2021-05-07",21267,4059739,52092,3161725,2813,295413,299,29294,76471,70982.86,7546171,0
"2021-05-08",16633,4076372,41878,3203603,1835,297248,221,29515,60567,69859.29,7606738,0
"2021-05-09",7977,4084349,29412,3233015,1260,298508,149,29664,38798,68288.43,7645536,0
"2021-05-10",14400,4098749,38538,3271553,2356,300864,219,29883,55513,65693.43,7701049,0
"2021-05-11",19930,4118679,43051,3314604,2514,303378,275,30158,65770,63378.43,7766819,0
"2021-05-12",17816,4136495,40534,3355138,3596,306974,225,30383,62171,61847,7828990,0
"2021-05-13",24986,4161481,40427,3395565,3228,310202,257,30640,68898,61169.71,7897888,0
"2021-05-14",27038,4188519,42905,3438470,3536,313738,276,30916,73755,60781.71,7971643,0
"2021-05-15",23662,4212181,34925,3473395,3366,317104,234,31150,62187,61013.14,8033830,0
"2021-05-16",15547,4227728,19432,3492827,2497,319601,124,31274,37600,60842,8071430,0
"2021-05-17",22679,4250407,29142,3521969,3257,322858,172,31446,55250,60804.43,8126680,0
"2021-05-18",24645,4275052,31904,3553873,3403,326261,229,31675,60181,60006,8186861,0
"2021-05-19",24214,4299266,29707,3583580,3039,329300,217,31892,57177,59292.57,8244038,0
"2021-05-20",24171,4323437,30082,3613662,3160,332460,263,32155,57676,57689.43,8301714,0
"2021-05-21",24697,4348134,31998,3645660,3060,335520,240,32395,59995,55723.71,8361709,0
"2021-05-22",20031,4368165,24355,3670015,2525,338045,155,32550,47066,53563.57,8408775,0
"2021-05-23",11240,4379405,13724,3683739,1411,339456,97,32647,26472,51973.86,8435247,0
"2021-05-24",18886,4398291,23147,3706886,2757,342213,214,32861,45004,50510.14,8480251,0
"2021-05-25",19446,4417737,23371,3730257,2604,344817,173,33034,45594,48426.29,8525845,0
"2021-05-26",18792,4436529,21076,3751333,2696,347513,197,33231,42761,46366.86,8568606,0
"2021-05-27",18481,4455010,21263,3772596,2530,350043,189,33420,42463,44193.57,8611069,0
"2021-05-28",17880,4472890,22885,3795481,2752,352795,182,33602,43699,41865.57,8654768,0
"2021-05-29",12715,4485605,17802,3813283,1755,354550,102,33704,32374,39766.71,8687142,0
"2021-05-30",7034,4492639,8949,3822232,1074,355624,42,33746,17099,38427.71,8704241,0
"2021-05-31",4743,4497382,6923,3829155,1011,356635,64,33810,12741,33818.71,8716982,0
"2021-06-01",16050,4513432,25195,3854350,2174,358809,148,33958,43567,33529.14,8760549,0
"2021-06-02",15356,4528788,20387,3874737,2094,360903,137,34095,37974,32845.29,8798523,0
"2021-06-03",15013,4543801,23813,3898550,2280,363183,121,34216,41227,32668.71,8839750,0
"2021-06-04",14738,4558539,25979,3924529,2491,365674,142,34358,43350,32618.86,8883100,0
"2021-06-05",11002,4569541,22075,3946604,1806,367480,111,34469,34994,32993.14,8918094,0
"2021-06-06",6453,4575994,14466,3961070,1222,368702,80,34549,22221,33724.86,8940315,0
"2021-06-07",11718,4587712,21778,3982848,2379,371081,140,34689,36015,37049.71,8976330,0
"2021-06-08",12662,4600374,24012,4006860,2072,373153,116,34805,38862,36377.57,9015192,0
"2021-06-09",11158,4611532,23020,4029880,2298,375451,130,34935,36606,36182.14,9051798,0
"2021-06-10",12079,4623611,22227,4052107,2461,377912,138,35073,36905,35564.71,9088703,0
"2021-06-11",12714,4636325,25107,4077214,2482,380394,150,35223,40453,35150.86,9129156,0
"2021-06-12",10170,4646495,19302,4096516,1888,382282,93,35316,31453,34645,9160609,0
"2021-06-13",4259,4650754,10936,4107452,1220,383502,41,35357,16456,33821.43,9177065,0
"2021-06-14",10221,4660975,19232,4126684,2042,385544,124,35481,31619,33193.43,9208684,0
"2021-06-15",11894,4672869,21006,4147690,1943,387487,123,35604,34966,32636.86,9243650,0
"2021-06-16",11598,4684467,19400,4167090,1958,389445,137,35741,33093,32135,9276743,0
"2021-06-17",11030,4695497,18758,4185848,1969,391414,115,35856,31872,31416,9308615,0
"2021-06-18",12174,4707671,18494,4204342,2115,393529,111,35967,32894,30336.14,9341509,0
"2021-06-19",8505,4716176,13521,4217863,1460,394989,77,36044,23563,29209,9365072,0
"2021-06-20",4335,4720511,7163,4225026,924,395913,35,36079,12457,28637.71,9377529,0
"2021-06-21",10171,4730682,10003,4235029,1806,397719,65,36144,22045,27270,9399574,0
"2021-06-22",9844,4740526,15637,4250666,1590,399309,102,36246,27173,26156.71,9426747,0
"2021-06-23",10326,4750852,15172,4265838,1861,401170,103,36349,27462,25352.29,9454209,0
"2021-06-24",9694,4760546,14694,4280532,1798,402968,115,36464,26301,24556.43,9480510,0
"2021-06-25",10599,4771145,14379,4294911,1718,404686,108,36572,26804,23686.43,9507314,0
"2021-06-26",7813,4778958,10457,4305368,1246,405932,74,36646,19590,23118.86,9526904,0
"2021-06-27",5005,4783963,5997,4311365,796,406728,32,36678,11830,23029.29,9538734,0
"2021-06-28",9036,4792999,10342,4321707,1524,408252,104,36782,21006,22880.86,9559740,0
"2021-06-29",9753,4802752,12314,4334021,1347,409599,121,36903,23535,22361.14,9583275,0
"2021-06-30",9430,4812182,10927,4344948,1480,411079,145,37048,21982,21578.29,9605257,0
"2021-07-01",9401,4821583,10925,4355873,1430,412509,125,37173,21881,20946.86,9627138,0
"2021-07-02",9696,4831279,11434,4367307,1541,414050,122,37295,22793,20373.86,9649931,0
"2021-07-03",7062,4838341,8419,4375726,1193,415243,76,37371,16750,19968.14,9666681,0
"2021-07-04",1289,4839630,1335,4377061,567,415810,8,37379,3199,18735.14,9669880,0
"2021-07-05",6496,4846126,7101,4384162,1208,417018,65,37444,14870,17858.57,9684750,0
"2021-07-06",9517,4855643,12843,4397005,1317,418335,115,37559,23792,17895.29,9708542,0
"2021-07-07",8681,4864324,11103,4408108,1419,419754,119,37678,21322,17801,9729864,0
"2021-07-08",8210,4872534,10194,4418302,1260,421014,106,37784,19770,17499.43,9749634,0
"2021-07-09",8380,4880914,10827,4429129,1279,422293,88,37872,20574,17182.43,9770208,0
"2021-07-10",7113,4888027,8624,4437753,1133,423426,63,37935,16933,17208.57,9787141,0
"2021-07-11",4105,4892132,4539,4442292,703,424129,35,37970,9382,18091.86,9796523,0
"2021-07-12",8457,4900589,9550,4451842,1250,425379,78,38048,19335,18729.71,9815858,0
"2021-07-13",9472,4910061,9380,4461222,951,426330,103,38151,19906,18174.57,9835764,0
"2021-07-14",9008,4919069,9526,4470748,1009,427339,103,38254,19646,17935.14,9855410,0
"2021-07-15",8799,4927868,9144,4479892,1052,428391,80,38334,19075,17835.86,9874485,0
"2021-07-16",9246,4937114,9762,4489654,978,429369,101,38435,20087,17766.29,9894572,0
"2021-07-17",6849,4943963,7384,4497038,801,430170,78,38513,15112,17506.14,9909684,0
"2021-07-18",4260,4948223,4285,4501323,569,430739,33,38546,9147,17472.57,9918831,0
"2021-07-19",9132,4957355,8466,4509789,999,431738,88,38634,18685,17379.71,9937516,0
"2021-07-20",10658,4968013,8753,4518542,991,432729,90,38724,20492,17463.43,9958008,0
"2021-07-21",10061,4978074,8756,4527298,903,433632,141,38865,19861,17494.14,9977869,0
"2021-07-22",10685,4988759,8582,4535880,1044,434676,140,39005,20451,17690.71,9998320,0
"2021-07-23",11259,5000018,8876,4544756,1114,435790,134,39139,21383,17875.86,10019703,0
"2021-07-24",7409,5007427,6733,4551489,670,436460,81,39220,14893,17844.57,10034596,0
"2021-07-25",5481,5012908,2119,4553608,509,436969,59,39279,8168,17704.71,10042764,0
"2021-07-26",10883,5023791,6991,4560599,859,437828,109,39388,18842,17727.14,10061606,0
"2021-07-27",12063,5035854,8565,4569164,857,438685,129,39517,21614,17887.43,10083220,0
"2021-07-28",11999,5047853,8046,4577210,950,439635,129,39646,21124,18067.86,10104344,0
"2021-07-29",10945,5058798,7424,4584634,983,440618,128,39774,19480,17929.14,10123824,0
"2021-07-30",14957,5073755,8006,4592640,1149,441767,178,39952,24290,18344.43,10148114,0
"2021-07-31",9741,5083496,6305,4598945,816,442583,116,40068,16978,18642.29,10165092,0
"2021-08-01",6505,5090001,3309,4602254,564,443147,79,40147,10457,18969.29,10175549,0
"2021-08-02",13456,5103457,7151,4609405,848,443995,143,40290,21598,19363,10197147,0
"2021-08-03",15422,5118879,8382,4617787,1107,445102,144,40434,25055,19854.57,10222202,0
"2021-08-04",17263,5136142,8120,4625907,1455,446557,177,40611,27015,20696.14,10249217,0
"2021-08-05",17873,5154015,7919,4633826,1365,447922,161,40772,27318,21815.86,10276535,0
"2021-08-06",18181,5172196,8404,4642230,1233,449155,165,40937,27983,22343.43,10304518,0
"2021-08-07",13390,5185586,6014,4648244,799,449954,97,41034,20300,22818,10324818,0
"2021-08-08",9313,5194899,3832,4652076,399,450353,79,41113,13623,23270.29,10338441,0
"2021-08-09",21337,5216236,8530,4660606,963,451316,167,41280,30997,24613,10369438,0
"2021-08-10",18932,5235168,9324,4669930,950,452266,168,41448,29374,25230,10398812,0
"2021-08-11",15659,5250827,8306,4678236,852,453118,123,41571,24940,24933.57,10423752,0
"2021-08-12",15055,5265882,8973,4687209,937,454055,166,41737,25131,24621.14,10448883,0
"2021-08-13",14928,5280810,9279,4696488,921,454976,237,41974,25365,24247.14,10474248,0
"2021-08-14",10416,5291226,6408,4702896,625,455601,521,42495,17970,23914.29,10492218,0
"2021-08-15",6699,5297925,4474,4707370,677,456278,565,43060,12415,23741.71,10504633,0
"2021-08-16",15725,5313650,9285,4716655,1149,457427,1315,44375,27474,23238.43,10532107,0
"2021-08-17",17778,5331428,10439,4727094,1217,458644,1750,46125,31184,23497,10563291,0
"2021-08-18",17523,5348951,10355,4737449,1254,459898,1969,48094,31101,24377.14,10594392,0
"2021-08-19",16317,5365268,9518,4746967,1316,461214,1935,50029,29086,24942.14,10623478,0
"2021-08-20",16297,5381565,11533,4758500,1254,462468,1842,51871,30926,25736.57,10654404,0
"2021-08-21",11162,5392727,8040,4766540,877,463345,1048,52919,21127,26187.57,10675531,0
"2021-08-22",4088,5396815,3904,4770444,262,463607,511,53430,8765,25666.14,10684296,0
"2021-08-23",15583,5412398,11791,4782235,1023,464630,1540,54970,29937,26018,10714233,0
"2021-08-24",16923,5429321,12593,4794828,1006,465636,1768,56738,32290,26176,10746523,0
"2021-08-25",14590,5443911,12434,4807262,1111,466747,1556,58294,29691,25974.57,10776214,0
"2021-08-26",16178,5460089,14074,4821336,1072,467819,1757,60051,33081,26545.29,10809295,0
"2021-08-27",14879,5474968,14815,4836151,972,468791,1649,61700,32315,26743.71,10841610,0
"2021-08-28",10693,5485661,11515,4847666,836,469627,1001,62701,24045,27160.57,10865655,0
"2021-08-29",7221,5492882,7492,4855158,541,470168,769,63470,16023,28197.43,10881678,0
"2021-08-30",15537,5508419,16911,4872069,1078,471246,1777,65247,35303,28964,10916981,0
"2021-08-31",15531,5523950,15938,4888007,952,472198,1950,67197,34371,29261.29,10951352,0
"2021-09-01",14840,5538790,14095,4902102,1021,473219,1784,68981,31740,29554,10983092,0
"2021-09-02",14352,5553142,12514,4914616,896,474115,1681,70662,29443,29034.29,11012535,0
"2021-09-03",15028,5568170,14293,4928909,974,475089,1880,72542,32175,29014.29,11044710,0
"2021-09-04",9651,5577821,9404,4938313,688,475777,955,73497,20698,28536.14,11065408,0
"2021-09-05",6812,5584633,5512,4943825,438,476215,698,74195,13460,28170,11078868,0
"2021-09-06",5204,5589837,4506,4948331,358,476573,266,74461,10334,24603,11089202,0
"2021-09-07",15586,5605423,17682,4966013,913,477486,1527,75988,35708,24794,11124910,0
"2021-09-08",16180,5621603,14822,4980835,1073,478559,1747,77735,33822,25091.43,11158732,0
"2021-09-09",16123,5637726,14737,4995572,1047,479606,1895,79630,33802,25714.14,11192534,0
"2021-09-10",18378,5656104,15386,5010958,1209,480815,1956,81586,36929,26393.29,11229463,0
"2021-09-11",12648,5668752,10342,5021300,958,481773,1016,82602,24964,27002.71,11254427,0
"2021-09-12",8546,5677298,5047,5026347,766,482539,682,83284,15041,27228.57,11269468,0
"2021-09-13",16951,5694249,12941,5039288,973,483512,1630,84914,32495,30394.43,11301963,0
"2021-09-14",16287,5710536,13667,5052955,886,484398,1578,86492,32418,29924.43,11334381,0
"2021-09-15",15574,5726110,12850,5065805,728,485126,1561,88053,30713,29480.29,11365094,0
"2021-09-16",15359,5741469,13903,5079708,1212,486338,1434,89487,31908,29209.71,11397002,0
"2021-09-17",14441,5755910,13957,5093665,922,487260,1814,91301,31134,28381.86,11428136,0
"2021-09-18",10019,5765929,10165,5103830,913,488173,1040,92341,22137,27978,11450273,0
"2021-09-19",6187,5772116,6068,5109898,557,488730,738,93079,13550,27765,11463823,0
"2021-09-20",12697,5784813,12625,5122523,1069,489799,1902,94981,28293,27164.71,11492116,0
"2021-09-21",12252,5797065,12758,5135281,1111,490910,2002,96983,28123,26551.14,11520239,0
"2021-09-22",12854,5809919,11985,5147266,1090,492000,1650,98633,27579,26103.43,11547818,0
"2021-09-23",14964,5824883,12747,5160013,1638,493638,2224,100857,31573,26055.57,11579391,0
"2021-09-24",16473,5841356,13350,5173363,1632,495270,4538,105395,35993,26749.71,11615384,0
"2021-09-25",10568,5851924,9017,5182380,1017,496287,3388,108783,23990,27014.43,11639374,0
"2021-09-26",6328,5858252,5754,5188134,773,497060,2381,111164,15236,27255.29,11654610,0
"2021-09-27",14192,5872444,8046,5196180,1154,498214,8875,120039,32267,27823,11686877,0
"2021-09-28",11178,5883622,11764,5207944,901,499115,9694,129733,33537,28596.43,11720414,0
"2021-09-29",11636,5895258,12178,5220122,1205,500320,9263,138996,34282,29554,11754696,0
"2021-09-30",12271,5907529,12586,5232708,1338,501658,9574,148570,35769,30153.43,11790465,0
"2021-10-01",12679,5920208,13417,5246125,1284,502942,10148,158718,37528,30372.71,11827993,0
"2021-10-02",7747,5927955,9974,5256099,864,503806,4166,162884,22751,30195.71,11850744,0
"2021-10-03",5085,5933040,6158,5262257,594,504400,2574,165458,14411,30077.86,11865155,0
"2021-10-04",9939,5942979,11024,5273281,913,505313,9401,174859,31277,29936.43,11896432,0
"2021-10-05",10197,5953176,11743,5285024,972,506285,9841,184700,32753,29824.43,11929185,0
"2021-10-06",9946,5963122,11048,5296072,937,507222,9836,194536,31767,29465.14,11960952,0
"2021-10-07",9704,5972826,12176,5308248,852,508074,10094,204630,32826,29044.71,11993778,0
"2021-10-08",9510,5982336,12144,5320392,943,509017,10797,215427,33394,28454.14,12027172,0
"2021-10-09",6283,5988619,8277,5328669,649,509666,4050,219477,19259,27955.29,12046431,0
"2021-10-10",3552,5992171,5020,5333689,458,510124,2400,221877,11430,27529.43,12057861,0
"2021-10-11",7649,5999820,9329,5343018,728,510852,8827,230704,26533,26851.71,12084394,0
"2021-10-12",8102,6007922,10993,5354011,890,511742,10409,241113,30394,26514.71,12114788,0
"2021-10-13",7197,6015119,10146,5364157,870,512612,8653,249766,26866,25814.57,12141654,0
"2021-10-14",7474,6022593,11107,5375264,836,513448,9967,259733,29384,25322.86,12171038,0
"2021-10-15",7757,6030350,11859,5387123,823,514271,10664,270397,31103,24995.57,12202141,0
"2021-10-16",4878,6035228,7456,5394579,666,514937,3771,274168,16771,24640.14,12218912,0
"2021-10-17",3066,6038294,4476,5399055,411,515348,2409,276577,10362,24487.57,12229274,0
"2021-10-18",7093,6045387,10651,5409706,798,516146,9315,285892,27857,24676.71,12257131,0
"2021-10-19",6610,6051997,8938,5418644,806,516952,8947,294839,25301,23949.14,12282432,0
"2021-10-20",6576,6058573,9371,5428015,975,517927,9852,304691,26774,23936,12309206,0
"2021-10-21",7072,6065645,9376,5437391,859,518786,10715,315406,28022,23741.43,12337228,0
"2021-10-22",8174,6073819,10347,5447738,1027,519813,16218,331624,35766,24407.57,12372994,0
"2021-10-23",5203,6079022,6461,5454199,690,520503,9046,340670,21400,25068.86,12394394,0
"2021-10-24",3291,6082313,3966,5458165,770,521273,6128,346798,14155,25610.71,12408549,0
"2021-10-25",8832,6091145,8749,5466914,1148,522421,19130,365928,37859,27039.57,12446408,0
"2021-10-26",8244,6099389,7727,5474641,1259,523680,17177,383105,34407,28340.43,12480815,0
"2021-10-27",10632,6110021,8388,5483029,1604,525284,20720,403825,41344,30421.86,12522159,0
"2021-10-28",11394,6121415,8041,5491070,1794,527078,20728,424553,41957,32412.57,12564116,0
"2021-10-29",11898,6133313,8241,5499311,1964,529042,22399,446952,44502,33660.57,12608618,0
"2021-10-30",4657,6137970,5051,5504362,934,529976,11100,458052,21742,33709.43,12630360,0
"2021-10-31",2684,6140654,2703,5507065,545,530521,6593,464645,12525,33476.57,12642885,0
"2021-11-01",7205,6147859,6949,5514014,1090,531611,20238,484883,35482,33137,12678367,0
"2021-11-02",6642,6154501,6582,5520596,1053,532664,20619,505502,34896,33206.86,12713263,0
"2021-11-03",6914,6161415,6670,5527266,1028,533692,20492,525994,35104,32315.43,12748367,0
"2021-11-04",9364,6170779,6272,5533538,996,534688,22213,548207,38845,31870.86,12787212,0
"2021-11-05",11136,6181915,6721,5540259,1052,535740,23622,571829,42531,31589.29,12829743,0
"2021-11-06",11149,6193064,4050,5544309,593,536333,12538,584367,28330,32530.43,12858073,0
"2021-11-07",7286,6200350,2283,5546592,576,536909,7067,591434,17212,33200,12875285,0
"2021-11-08",15114,6215464,5674,5552266,868,537777,19392,610826,41048,33995.14,12916333,0
"2021-11-09",16208,6231672,5374,5557640,662,538439,20409,631235,42653,35103.29,12958986,0
"2021-11-10",17008,6248680,5327,5562967,684,539123,22506,653741,45525,36592,13004511,0
"2021-11-11",12639,6261319,5193,5568160,760,539883,21936,675677,40528,36832.43,13045039,0
"2021-11-12",16959,6278278,5676,5573836,709,540592,23272,698949,46616,37416,13091655,0
"2021-11-13",9978,6288256,3665,5577501,466,541058,13281,712230,27390,37281.71,13119045,0
"2021-11-14",6048,6294304,2292,5579793,325,541383,7899,720129,16564,37189.14,13135609,0
"2021-11-15",13313,6307617,5969,5585762,690,542073,24976,745105,44948,37746.29,13180557,0
"2021-11-16",10058,6317675,5790,5591552,656,542729,30525,775630,47029,38371.43,13227586,0
"2021-11-17",10396,6328071,6672,5598224,682,543411,31258,806888,49008,38869,13276594,0
"2021-11-18",10814,6338885,6548,5604772,861,544272,32878,839766,51101,40379.43,13327695,0
"2021-11-19",12119,6351004,6553,5611325,717,544989,36119,875885,55508,41649.71,13383203,0
"2021-11-20",9392,6360396,3424,5614749,514,545503,22414,898299,35744,42843.14,13418947,0
"2021-11-21",5017,6365413,1892,5616641,288,545791,13143,911442,20340,43382.57,13439287,0
"2021-11-22",10567,6375980,5789,5622430,753,546544,35716,947158,52825,44507.86,13492112,0
"2021-11-23",9908,6385888,4778,5627208,635,547179,33350,980508,48671,44742.43,13540783,0
"2021-11-24",8795,6394683,4758,5631966,651,547830,25820,1006328,40024,43459,13580807,0
"2021-11-25",455,6395138,324,5632290,80,547910,996,1007324,1855,36423.86,13582662,0
"2021-11-26",8127,6403265,6988,5639278,529,548439,26495,1033819,42139,34514,13624801,0
"2021-11-27",6733,6409998,6811,5646089,373,548812,18747,1052566,32664,34074,13657465,0
"2021-11-28",4118,6414116,5781,5651870,283,549095,11818,1064384,22000,34311.14,13679465,0
"2021-11-29",9212,6423328,10979,5662849,687,549782,34838,1099222,55716,34724.14,13735181,0
"2021-11-30",10616,6433944,11414,5674263,513,550295,37566,1136788,60109,36358.14,13795290,0
"2021-12-01",11330,6445274,10952,5685215,723,551018,40176,1176964,63181,39666.29,13858471,0
"2021-12-02",11766,6457040,11015,5696230,626,551644,41872,1218836,65279,48726.86,13923750,0
"2021-12-03",13654,6470694,12850,5709080,676,552320,47726,1266562,74906,53407.86,13998656,0
"2021-12-04",9936,6480630,11228,5720308,567,552887,30550,1297112,52281,56210.29,14050937,0
"2021-12-05",5804,6486434,5704,5726012,270,553157,16606,1313718,28384,57122.29,14079321,0
"2021-12-06",12483,6498917,9932,5735944,603,553760,43082,1356800,66100,58605.71,14145421,0
"2021-12-07",12718,6511635,9210,5745154,625,554385,42888,1399688,65441,59367.43,14210862,0
"2021-12-08",13700,6525335,8739,5753893,556,554941,40604,1440292,63599,59427.14,14274461,0
"2021-12-09",13637,6538972,8747,5762640,558,555499,40659,1480951,63601,59187.43,14338062,0
"2021-12-10",14183,6553155,10101,5772741,667,556166,43447,1524398,68398,58257.71,14406460,0
"2021-12-11",10339,6563494,8049,5780790,405,556571,26640,1551038,45433,57279.43,14451893,0
"2021-12-12",6077,6569571,3855,5784645,288,556859,15111,1566149,25331,56843.29,14477224,0
"2021-12-13",12369,6581940,7404,5792049,657,557516,37741,1603890,58171,55710.57,14535395,0
"2021-12-14",12347,6594287,6941,5798990,734,558250,38010,1641900,58032,54652.14,14593427,0
"2021-12-15",12275,6606562,6240,5805230,755,559005,37944,1679844,57214,53740,14650641,0
"2021-12-16",13272,6619834,4245,5809475,734,559739,40840,1720684,59091,53095.71,14709732,0
"2021-12-17",16151,6635985,6913,5816388,620,560359,46440,1767124,70124,53342.29,14779856,0
"2021-12-18",13103,6649088,5712,5822100,432,560791,30465,1797589,49712,53953.57,14829568,0
"2021-12-19",7088,6656176,2988,5825088,327,561118,17912,1815501,28315,54379.86,14857883,0
"2021-12-20",17043,6673219,5867,5830955,747,561865,47221,1862722,70878,56195.14,14928761,0
"2021-12-21",18090,6691309,6543,5837498,808,562673,48692,1911414,74133,58495.29,15002894,0
"2021-12-22",18679,6709988,6544,5844042,938,563611,49429,1960843,75590,61120.43,15078484,0
"2021-12-23",19148,6729136,6467,5850509,929,564540,45654,2006497,72198,62992.86,15150682,0
"2021-12-24",9264,6738400,2954,5853463,598,565138,20550,2027047,33366,57741.71,15184048,0
"2021-12-25",342,6738742,65,5853528,31,565169,423,2027470,861,50763,15184909,0
"2021-12-26",8002,6746744,3924,5857452,340,565509,17238,2044708,29504,50932.86,15214413,0
"2021-12-27",21898,6768642,9194,5866646,933,566442,43301,2088009,75326,51568.29,15289739,0
"2021-12-28",20245,6788887,8312,5874958,698,567140,47441,2135450,76696,51934.43,15366435,0
"2021-12-29",18565,6807452,7641,5882599,606,567746,45379,2180829,72191,51448.86,15438626,0
"2021-12-30",16931,6824383,7403,5890002,579,568325,44680,2225509,69593,51076.71,15508219,0
"2021-12-31",5374,6829757,2791,5892793,193,568518,14701,2240210,23059,49604.29,15531278,0
"2022-01-01",237,6829994,141,5892934,11,568529,492,2240702,881,49607.14,15532159,0
"2022-01-02",6465,6836459,5003,5897937,153,568682,10959,2251661,22580,48618,15554739,0
"2022-01-03",14216,6850675,8467,5906404,514,569196,26783,2278444,49980,44997.14,15604719,0
"2022-01-04",13182,6863857,8049,5914453,412,569608,26875,2305319,48518,40971.71,15653237,0
"2022-01-05",11703,6875560,6945,5921398,385,569993,25628,2330947,44661,37038.86,15697898,0
"2022-01-06",11632,6887192,7349,5928747,481,570474,27321,2358268,46783,33780.29,15744681,0
"2022-01-07",10533,6897725,8409,5937156,336,570810,24853,2383121,44131,36790.57,15788812,0
"2022-01-08",7988,6905713,8526,5945682,310,571120,19331,2402452,36155,41829.71,15824967,0
"2022-01-09",4163,6909876,3841,5949523,215,571335,10031,2412483,18250,41211.14,15843217,0
"2022-01-10",10240,6920116,8167,5957690,489,571824,24494,2436977,43390,40269.71,15886607,0
"2022-01-11",8975,6929091,7958,5965648,520,572344,20918,2457895,38371,38820.14,15924978,0
"2022-01-12",9012,6938103,8301,5973949,429,572773,22220,2480115,39962,38148.86,15964940,0
"2022-01-13",9114,6947217,8825,5982774,449,573222,22711,2502826,41099,37336.86,16006039,0
"2022-01-14",10136,6957353,8055,5990829,474,573696,26143,2528969,44808,37433.57,16050847,0
"2022-01-15",6210,6963563,4255,5995084,178,573874,14917,2543886,25560,35920,16076407,0
"2022-01-16",2940,6966503,3248,5998332,95,573969,7798,2551684,14081,35324.43,16090488,0
"2022-01-17",6124,6972627,6742,6005074,363,574332,14595,2566279,27824,33100.71,16118312,0
"2022-01-18",8152,6980779,10130,6015204,396,574728,19315,2585594,37993,33046.71,16156305,0
"2022-01-19",7552,6988331,9224,6024428,305,575033,17608,2603202,34689,32293.43,16190994,0
"2022-01-20",6357,6994688,8553,6032981,303,575336,15127,2618329,30340,30756.43,16221334,0
"2022-01-21",7659,7002347,7477,6040458,277,575613,18358,2636687,33771,29179.71,16255105,0
"2022-01-22",5226,7007573,4917,6045375,131,575744,11268,2647955,21542,28605.71,16276647,0
"2022-01-23",2832,7010405,3322,6048697,97,575841,6206,2654161,12457,28373.71,16289104,0
"2022-01-24",6430,7016835,8177,6056874,258,576099,14988,2669149,29853,28663.57,16318957,0
"2022-01-25",6230,7023065,7918,6064792,232,576331,14620,2683769,29000,27378.86,16347957,0
"2022-01-26",5800,7028865,7145,6071937,285,576616,13942,2697711,27172,26305,16375129,0
"2022-01-27",5270,7034135,7063,6079000,320,576936,13988,2711699,26641,25776.57,16401770,0
"2022-01-28",6326,7040461,7843,6086843,205,577141,16047,2727746,30421,25298,16432191,0
"2022-01-29",848,7041309,723,6087566,28,577169,2521,2730267,4120,22809.14,16436311,0
"2022-01-30",2106,7043415,3013,6090579,102,577271,4522,2734789,9743,22421.43,16446054,0
"2022-01-31",5046,7048461,6577,6097156,218,577489,11300,2746089,23141,21462.57,16469195,0
"2022-02-01",4857,7053318,6428,6103584,220,577709,10643,2756732,22148,20483.71,16491343,0
"2022-02-02",4275,7057593,5909,6109493,214,577923,11146,2767878,21544,19679.71,16512887,0
"2022-02-03",4252,7061845,5781,6115274,217,578140,11153,2779031,21403,18931.43,16534290,0
"2022-02-04",4799,7066644,7084,6122358,214,578354,13139,2792170,25236,18190.71,16559526,0
"2022-02-05",3606,7070250,6029,6128387,110,578464,8544,2800714,18289,20214.86,16577815,0
"2022-02-06",2070,7072320,2130,6130517,121,578585,4620,2805334,8941,20100.29,16586756,0
"2022-02-07",4182,7076502,4715,6135232,203,578788,10098,2815432,19198,19537,16605954,0
"2022-02-08",4246,7080748,5589,6140821,212,579000,11246,2826678,21293,19414.86,16627247,0
"2022-02-09",4140,7084888,5367,6146188,222,579222,11579,2838257,21308,19381.14,16648555,0
"2022-02-10",3995,7088883,5094,6151282,240,579462,12046,2850303,21375,19377.14,16669930,0
"2022-02-11",4531,7093414,5788,6157070,193,579655,13663,2863966,24175,19225.57,16694105,0
"2022-02-12",3273,7096687,4326,6161396,96,579751,8770,2872736,16465,18965,16710570,0
"2022-02-13",1531,7098218,1541,6162937,40,579791,4869,2877605,7981,18827.86,16718551,0
"2022-02-14",2997,7101215,3612,6166549,164,579955,10488,2888093,17261,18551.14,16735812,0
"2022-02-15",3588,7104803,4053,6170602,178,580133,12701,2900794,20520,18440.71,16756332,0
"2022-02-16",3701,7108504,3875,6174477,194,580327,15598,2916392,23368,18735,16779700,0
"2022-02-17",4040,7112544,4066,6178543,160,580487,18052,2934444,26318,19441.14,16806018,0
"2022-02-18",4488,7117032,4767,6183310,186,580673,21400,2955844,30841,20393.43,16836859,0
"2022-02-19",3269,7120301,2182,6185492,65,580738,11133,2966977,16649,20419.71,16853508,0
"2022-02-20",1870,7122171,1444,6186936,59,580797,6562,2973539,9935,20698.86,16863443,0
"2022-02-21",3112,7125283,2681,6189617,95,580892,8298,2981837,14186,20259.57,16877629,0
"2022-02-22",4421,7129704,4231,6193848,171,581063,10765,2992602,19588,20126.43,16897217,0
"2022-02-23",4284,7133988,3763,6197611,143,581206,10599,3003201,18789,19472.29,16916006,0
"2022-02-24",3766,7137754,3634,6201245,105,581311,10107,3013308,17612,18228.57,16933618,0
"2022-02-25",3616,7141370,3588,6204833,135,581446,9899,3023207,17238,16285.29,16950856,0
"2022-02-26",2851,7144221,2567,6207400,74,581520,9480,3032687,14972,16045.71,16965828,0
"2022-02-27",1787,7146008,1360,6208760,52,581572,6254,3038941,9453,15976.86,16975281,0
"2022-02-28",3823,7149831,3112,6211872,140,581712,13075,3052016,20150,16828.86,16995431,0
"2022-03-01",2108,7151939,2596,6214468,100,581812,5110,3057126,9914,15446.86,17005345,0
"2022-03-02",1825,7153764,2405,6216873,106,581918,4088,3061214,8424,13966.14,17013769,0
"2022-03-03",1917,7155681,2525,6219398,105,582023,3752,3064966,8299,12635.71,17022068,0
"2022-03-04",2089,7157770,2833,6222231,66,582089,4292,3069258,9280,11498.86,17031348,0
"2022-03-05",1605,7159375,2106,6224337,42,582131,3289,3072547,7042,10366,17038390,0
"2022-03-06",800,7160175,869,6225206,29,582160,1611,3074158,3309,9488.29,17041699,0
"2022-03-07",1663,7161838,1763,6226969,84,582244,3462,3077620,6972,7605.71,17048671,0
"2022-03-08",1534,7163372,1881,6228850,77,582321,3104,3080724,6596,7131.71,17055267,0
"2022-03-09",1244,7164616,1652,6230502,76,582397,2538,3083262,5510,6715.43,17060777,0
"2022-03-10",1415,7166031,2061,6232563,82,582479,2891,3086153,6449,6451.14,17067226,0
"2022-03-11",1587,7167618,2236,6234799,77,582556,3156,3089309,7056,6133.43,17074282,0
"2022-03-12",878,7168496,1404,6236203,36,582592,1976,3091285,4294,5740.86,17078576,0
"2022-03-13",623,7169119,754,6236957,24,582616,1282,3092567,2683,5651.43,17081259,0
"2022-03-14",1378,7170497,1566,6238523,83,582699,2938,3095505,5965,5507.57,17087224,0
"2022-03-15",1324,7171821,1881,6240404,62,582761,3024,3098529,6291,5464,17093515,0
"2022-03-16",1382,7173203,2001,6242405,89,582850,3074,3101603,6546,5612,17100061,120000
"2022-03-17",1138,7174341,1753,6244158,68,582918,2634,3104237,5593,5489.71,17105654,120000
"2022-03-18",1540,7175881,2100,6246258,76,582994,3658,3107895,7374,5535.14,17113028,120000
"2022-03-19",1081,7176962,1672,6247930,37,583031,2528,3110423,5318,5681.43,17118346,120000
"2022-03-20",606,7177568,614,6248544,30,583061,1436,3111859,2686,5681.86,17121032,120000
"2022-03-21",1369,7178937,1487,6250031,59,583120,2864,3114723,5779,5655.29,17126811,120000
"2022-03-22",469,7179406,525,6250556,30,583150,1024,3115747,2048,5049.14,17128859,120000
