"DATE","ADMIN_DOSE1_DAILY","ADMIN_DOSE1_CUMULATIVE","ADMIN_DOSE2_DAILY","ADMIN_DOSE2_CUMULATIVE","ADMIN_SINGLE_DAILY","ADMIN_SINGLE_CUMULATIVE","ADMIN_ADDITIONAL1_DAILY","ADMIN_ADDITIONAL1_CUMULATIVE","ADMIN_ADDITIONAL2_DAILY","ADMIN_ADDITIONAL2_CUMULATIVE","ADMIN_ADDITIONAL_DAILY","ADMIN_ADDITIONAL_CUMULATIVE","ADMIN_ALLDOSES_DAILY","ADMIN_ALLDOSES_7DAYAVG","ADMIN_ALLDOSES_CUMULATIVE","INCOMPLETE"
"2020-12-14",79,79,0,0,0,0,0,0,0,0,0,0,79,,79,0
"2020-12-15",2051,2130,6,6,4,4,0,0,0,0,0,0,2061,,2140,0
"2020-12-16",4607,6737,14,20,1,5,1,1,0,0,1,1,4623,,6763,0
"2020-12-17",4657,11394,18,38,0,5,1,2,0,0,1,2,4676,,11439,0
"2020-12-18",5832,17226,18,56,2,7,2,4,0,0,2,4,5854,,17293,0
"2020-12-19",1689,18915,7,63,3,10,0,4,0,0,0,4,1699,,18992,0
"2020-12-20",1116,20031,2,65,1,11,0,4,0,0,0,4,1119,2873,20111,0
"2020-12-21",6341,26372,20,85,0,11,5,9,0,0,5,9,6366,3771.14,26477,0
"2020-12-22",9795,36167,26,111,2,13,1,10,0,0,1,10,9824,4880.14,36301,0
"2020-12-23",14274,50441,35,146,3,16,1,11,0,0,1,11,14313,6264.43,50614,0
"2020-12-24",7197,57638,26,172,1,17,0,11,0,0,0,11,7224,6628.43,57838,0
"2020-12-25",180,57818,0,172,0,17,1,12,0,0,1,12,181,5818,58019,0
"2020-12-26",4388,62206,45,217,0,17,1,13,0,0,1,13,4434,6208.71,62453,0
"2020-12-27",3870,66076,14,231,0,17,1,14,0,0,1,14,3885,6603.86,66338,0
"2020-12-28",10993,77069,49,280,1,18,2,16,0,0,2,16,11045,7272.29,77383,0
"2020-12-29",10718,87787,35,315,2,20,2,18,0,0,2,18,10757,7405.57,88140,0
"2020-12-30",12825,100612,45,360,0,20,0,18,0,0,0,18,12870,7199.43,101010,0
"2020-12-31",7262,107874,34,394,1,21,0,18,0,0,0,18,7297,7209.86,108307,0
"2021-01-01",181,108055,2,396,1,22,3,21,0,0,3,21,187,7210.71,108494,0
"2021-01-02",3809,111864,10,406,2,24,2,23,0,0,2,23,3823,7123.43,112317,0
"2021-01-03",3542,115406,24,430,2,26,1,24,0,0,1,24,3569,7078.29,115886,0
"2021-01-04",12255,127661,807,1237,2,28,6,30,0,0,6,30,13070,7367.57,128956,0
"2021-01-05",14091,141752,2191,3428,2,30,12,42,1,1,13,43,16297,8159,145253,0
"2021-01-06",17801,159553,3925,7353,1,31,29,71,8,9,37,80,21764,9429.57,167017,0
"2021-01-07",16551,176104,5171,12524,4,35,45,116,3,12,48,128,21774,11497.71,188791,0
"2021-01-08",16620,192724,5455,17979,0,35,33,149,4,16,37,165,22112,14629.86,210903,0
"2021-01-09",7652,200376,1462,19441,1,36,7,156,2,18,9,174,9124,15387.14,220027,0
"2021-01-10",7881,208257,983,20424,0,36,10,166,0,18,10,184,8874,16145,228901,0
"2021-01-11",25825,234082,7455,27879,2,38,48,214,8,26,56,240,33338,19040.43,262239,0
"2021-01-12",28258,262340,7859,35738,1,39,44,258,3,29,47,287,36165,21878.71,298404,0
"2021-01-13",31723,294063,9388,45126,1,40,56,314,4,33,60,347,41172,24651.29,339576,0
"2021-01-14",35812,329875,5319,50445,1,41,30,344,7,40,37,384,41169,27422,380745,0
"2021-01-15",29266,359141,3702,54147,2,43,32,376,5,45,37,421,33007,28978.43,413752,0
"2021-01-16",30289,389430,2377,56524,0,43,26,402,6,51,32,453,32698,32346.14,446450,0
"2021-01-17",23749,413179,1629,58153,0,43,19,421,1,52,20,473,25398,34706.71,471848,0
"2021-01-18",27103,440282,2414,60567,0,43,34,455,7,59,41,514,29558,34166.71,501406,0
"2021-01-19",34295,474577,9629,70196,1,44,69,524,6,65,75,589,44000,35286,545406,0
"2021-01-20",34868,509445,9494,79690,1,45,58,582,4,69,62,651,44425,35750.71,589831,0
"2021-01-21",25591,535036,8092,87782,2,47,48,630,6,75,54,705,33739,34689.29,623570,0
"2021-01-22",24755,559791,4382,92164,1,48,32,662,7,82,39,744,29177,34142.14,652747,0
"2021-01-23",15743,575534,3224,95388,0,48,10,672,2,84,12,756,18979,32182.29,671726,0
"2021-01-24",7178,582712,3454,98842,0,48,19,691,1,85,20,776,10652,30075.71,682378,0
"2021-01-25",13412,596124,11819,110661,0,48,65,756,12,97,77,853,25308,29468.57,707686,0
"2021-01-26",16765,612889,10751,121412,0,48,68,824,2,99,70,923,27586,27123.71,735272,0
"2021-01-27",20836,633725,12356,133768,0,48,52,876,8,107,60,983,33252,25527.57,768524,0
"2021-01-28",30763,664488,12848,146616,0,48,81,957,16,123,97,1080,43708,26951.71,812232,0
"2021-01-29",31694,696182,11506,158122,0,48,78,1035,10,133,88,1168,43288,28967.57,855520,0
"2021-01-30",18706,714888,3743,161865,0,48,20,1055,2,135,22,1190,22471,29466.43,877991,0
"2021-01-31",13017,727905,2923,164788,1,49,29,1084,4,139,33,1223,15974,30226.71,893965,0
"2021-02-01",1179,729084,5370,170158,4,53,35,1119,4,143,39,1262,6592,27553,900557,0
"2021-02-02",2827,731911,9474,179632,2,55,47,1166,4,147,51,1313,12354,25377,912911,0
"2021-02-03",16348,748259,21246,200878,4,59,202,1368,19,166,221,1534,37819,26029.43,950730,0
"2021-02-04",27047,775306,19649,220527,3,62,200,1568,10,176,210,1744,46909,26486.71,997639,0
"2021-02-05",27593,802899,20039,240566,0,62,179,1747,15,191,194,1938,47826,27135,1045465,0
"2021-02-06",22991,825890,11245,251811,0,62,111,1858,12,203,123,2061,34359,28833.29,1079824,0
"2021-02-07",12042,837932,8282,260093,1,63,92,1950,13,216,105,2166,20430,29469.86,1100254,0
"2021-02-08",16959,854891,23520,283613,2,65,231,2181,34,250,265,2431,40746,34349,1141000,0
"2021-02-09",17190,872081,28109,311722,2,67,336,2517,42,292,378,2809,45679,39109.71,1186679,0
"2021-02-10",19591,891672,29312,341034,2,69,254,2771,49,341,303,3112,49208,40736.71,1235887,0
"2021-02-11",27848,919520,33470,374504,2,71,339,3110,57,398,396,3508,61716,42852,1297603,0
"2021-02-12",38393,957913,30800,405304,3,74,352,3462,38,436,390,3898,69586,45960.57,1367189,0
"2021-02-13",28005,985918,25315,430619,2,76,304,3766,53,489,357,4255,53679,48720.57,1420868,0
"2021-02-14",16279,1002197,23733,454352,0,76,262,4028,32,521,294,4549,40306,51560,1461174,0
"2021-02-15",12795,1014992,10529,464881,2,78,170,4198,23,544,193,4742,23519,49099,1484693,0
"2021-02-16",14241,1029233,26732,491613,0,78,321,4519,35,579,356,5098,41329,48477.57,1526022,0
"2021-02-17",16392,1045625,22197,513810,1,79,281,4800,37,616,318,5416,38908,47006.14,1564930,0
"2021-02-18",12151,1057776,24993,538803,21,100,289,5089,43,659,332,5748,37497,43546.29,1602427,0
"2021-02-19",13260,1071036,23938,562741,39,139,303,5392,44,703,347,6095,37584,38974.57,1640011,0
"2021-02-20",11354,1082390,26075,588816,6,145,325,5717,78,781,403,6498,37838,36711.57,1677849,0
"2021-02-21",6360,1088750,17420,606236,15,160,287,6004,44,825,331,6829,24126,34400.14,1701975,0
"2021-02-22",13044,1101794,11848,618084,2,162,125,6129,19,844,144,6973,25038,34617.14,1727013,0
"2021-02-23",25250,1127044,14145,632229,1,163,157,6286,34,878,191,7164,39587,34368.29,1766600,0
"2021-02-24",36359,1163403,20393,652622,0,163,229,6515,38,916,267,7431,57019,36955.57,1823619,0
"2021-02-25",54620,1218023,30393,683015,6,169,397,6912,63,979,460,7891,85479,43810.14,1909098,0
"2021-02-26",62866,1280889,31873,714888,4,173,412,7324,78,1057,490,8381,95233,52045.71,2004331,0
"2021-02-27",51302,1332191,22746,737634,47,220,333,7657,53,1110,386,8767,74481,57280.43,2078812,0
"2021-02-28",44590,1376781,13826,751460,7,227,204,7861,34,1144,238,9005,58661,62214,2137473,0
"2021-03-01",39321,1416102,12778,764238,10,237,166,8027,26,1170,192,9197,52301,66108.71,2189774,0
"2021-03-02",47083,1463185,12577,776815,7,244,160,8187,14,1184,174,9371,59841,69002.14,2249615,0
"2021-03-03",48606,1511791,16155,792970,17,261,147,8334,21,1205,168,9539,64946,70134.57,2314561,0
"2021-03-04",59821,1571612,22821,815791,1092,1353,269,8603,35,1240,304,9843,84038,69928.71,2398599,0
"2021-03-05",60989,1632601,24283,840074,3109,4462,333,8936,35,1275,368,10211,88749,69002.43,2487348,0
"2021-03-06",47175,1679776,18884,858958,5451,9913,239,9175,36,1311,275,10486,71785,68617.29,2559133,0
"2021-03-07",36041,1715817,14883,873841,6246,16159,229,9404,20,1331,249,10735,57419,68439.86,2616552,0
"2021-03-08",39630,1755447,14681,888522,8563,24722,313,9717,91,1422,404,11139,63278,70008,2679830,0
"2021-03-09",39106,1794553,12856,901378,7762,32484,180,9897,33,1455,213,11352,59937,70021.71,2739767,0
"2021-03-10",51831,1846384,15354,916732,5066,37550,226,10123,32,1487,258,11610,72509,71102.14,2812276,0
"2021-03-11",59992,1906376,21821,938553,4619,42169,247,10370,49,1536,296,11906,86728,71486.43,2899004,0
"2021-03-12",52202,1958578,30314,968867,4183,46352,374,10744,84,1620,458,12364,87157,71259,2986161,0
"2021-03-13",40652,1999230,26688,995555,5110,51462,323,11067,51,1671,374,12738,72824,71407.43,3058985,0
"2021-03-14",30718,2029948,15968,1011523,4525,55987,243,11310,27,1698,270,13008,51481,70559.14,3110466,0
"2021-03-15",33591,2063539,17255,1028778,4712,60699,236,11546,33,1731,269,13277,55827,69494.71,3166293,0
"2021-03-16",38673,2102212,20513,1049291,4926,65625,257,11803,35,1766,292,13569,64404,70132.86,3230697,0
"2021-03-17",42622,2144834,24794,1074085,4244,69869,342,12145,37,1803,379,13948,72039,70065.71,3302736,0
"2021-03-18",50450,2195284,26809,1100894,5237,75106,367,12512,60,1863,427,14375,82923,69522.14,3385659,0
"2021-03-19",47796,2243080,29959,1130853,5625,80731,390,12902,71,1934,461,14836,83841,69048.43,3469500,0
"2021-03-20",38713,2281793,25839,1156692,4687,85418,296,13198,59,1993,355,15191,69594,68587,3539094,0
"2021-03-21",29304,2311097,19356,1176048,769,86187,223,13421,44,2037,267,15458,49696,68332,3588790,0
"2021-03-22",33867,2344964,26744,1202792,4037,90224,261,13682,37,2074,298,15756,64946,69634.71,3653736,0
"2021-03-23",38436,2383400,32845,1235637,4218,94442,292,13974,56,2130,348,16104,75847,71269.43,3729583,0
"2021-03-24",41497,2424897,37607,1273244,4848,99290,329,14303,62,2192,391,16495,84343,73027.14,3813926,0
"2021-03-25",43403,2468300,50806,1324050,5055,104345,472,14775,86,2278,558,17053,99822,75441.29,3913748,0
"2021-03-26",38503,2506803,55519,1379569,4309,108654,525,15300,97,2375,622,17675,98953,77600.14,4012701,0
"2021-03-27",35737,2542540,45758,1425327,2939,111593,416,15716,83,2458,499,18174,84933,79791.43,4097634,0
"2021-03-28",26391,2568931,34458,1459785,1482,113075,335,16051,65,2523,400,18574,62731,81653.57,4160365,0
"2021-03-29",34816,2603747,38872,1498657,3246,116321,344,16395,110,2633,454,19028,77388,83431,4237753,0
"2021-03-30",40514,2644261,41925,1540582,3715,120036,338,16733,65,2698,403,19431,86557,84961,4324310,0
"2021-03-31",49400,2693661,44871,1585453,7440,127476,402,17135,88,2786,490,19921,102201,87512.14,4426511,0
"2021-04-01",50781,2744442,53956,1639409,11276,138752,498,17633,84,2870,582,20503,116595,89908.29,4543106,0
"2021-04-02",43760,2788202,53887,1693296,11971,150723,549,18182,73,2943,622,21125,110240,91520.71,4653346,0
"2021-04-03",39253,2827455,39218,1732514,9860,160583,334,18516,58,3001,392,21517,88723,92062.14,4742069,0
"2021-04-04",26558,2854013,24788,1757302,3903,164486,224,18740,49,3050,273,21790,55522,91032.29,4797591,0
"2021-04-05",41886,2895899,34489,1791791,11198,175684,371,19111,60,3110,431,22221,88004,92548.86,4885595,0
"2021-04-06",53268,2949167,35618,1827409,13220,188904,429,19540,74,3184,503,22724,102609,94842,4988204,0
"2021-04-07",55511,3004678,40703,1868112,14391,203295,394,19934,81,3265,475,23199,111080,96110.43,5099284,0
"2021-04-08",59266,3063944,46597,1914709,16342,219637,518,20452,86,3351,604,23803,122809,96998.14,5222093,0
"2021-04-09",56652,3120596,44963,1959672,17559,237196,512,20964,76,3427,588,24391,119762,98358.43,5341855,0
"2021-04-10",49346,3169942,35650,1995322,12727,249923,387,21351,61,3488,448,24839,98171,99708.14,5440026,0
"2021-04-11",38182,3208124,28821,2024143,7682,257605,293,21644,57,3545,350,25189,75035,102495.71,5515061,0
"2021-04-12",46638,3254762,31846,2055989,13502,271107,466,22110,64,3609,530,25719,92516,103140.29,5607577,0
"2021-04-13",52548,3307310,33791,2089780,368,271475,393,22503,62,3671,455,26174,87162,100933.57,5694739,0
"2021-04-14",50149,3357459,39959,2129739,20,271495,368,22871,72,3743,440,26614,90568,98003.29,5785307,0
"2021-04-15",52122,3409581,43681,2173420,16,271511,454,23325,105,3848,559,27173,96378,94227.43,5881685,0
"2021-04-16",51189,3460770,42214,2215634,32,271543,427,23752,68,3916,495,27668,93930,90537.14,5975615,0
"2021-04-17",43840,3504610,35694,2251328,3,271546,364,24116,83,3999,447,28115,79984,87939,6055599,0
"2021-04-18",28608,3533218,29371,2280699,7,271553,252,24368,62,4061,314,28429,58300,85548.29,6113899,0
"2021-04-19",37472,3570690,36449,2317148,22,271575,323,24691,65,4126,388,28817,74331,82950.43,6188230,0
"2021-04-20",40814,3611504,39628,2356776,19,271594,314,25005,78,4204,392,29209,80853,82049.14,6269083,0
"2021-04-21",38901,3650405,46018,2402794,16,271610,494,25499,98,4302,592,29801,85527,81329,6354610,0
"2021-04-22",38493,3688898,48965,2451759,9,271619,336,25835,74,4376,410,30211,87877,80114.57,6442487,0
"2021-04-23",39696,3728594,44384,2496143,3,271622,347,26182,74,4450,421,30632,84504,78768,6526991,0
"2021-04-24",31949,3760543,41604,2537747,44,271666,276,26458,63,4513,339,30971,73936,77904,6600927,0
"2021-04-25",18425,3778968,31227,2568974,86,271752,195,26653,57,4570,252,31223,49990,76716.86,6650917,0
"2021-04-26",26970,3805938,40739,2609713,1013,272765,284,26937,85,4655,369,31592,69091,75968.29,6720008,0
"2021-04-27",28578,3834516,47144,2656857,1698,274463,348,27285,91,4746,439,32031,77859,75540.57,6797867,0
"2021-04-28",27036,3861552,56846,2713703,2148,276611,428,27713,100,4846,528,32559,86558,75687.86,6884425,0
"2021-04-29",28613,3890165,57202,2770905,2149,278760,367,28080,100,4946,467,33026,88431,75767,6972856,0
"2021-04-30",30122,3920287,51997,2822902,2055,280815,280,28360,72,5018,352,33378,84526,75770.14,7057382,0
"2021-05-01",22479,3942766,44540,2867442,1177,281992,233,28593,64,5082,297,33675,68493,74992.57,7125875,0
"2021-05-02",11925,3954691,36654,2904096,1081,283073,140,28733,54,5136,194,33869,49854,74973.14,7175729,0
"2021-05-03",18024,3972715,53032,2957128,2383,285456,251,28984,92,5228,343,34212,73782,75643.29,7249511,0
"2021-05-04",22737,3995452,56646,3013774,2330,287786,268,29252,116,5344,384,34596,82097,76248.71,7331608,0
"2021-05-05",21475,4016927,48769,3062543,2313,290099,308,29560,101,5445,409,35005,72966,74307,7404574,0
"2021-05-06",20679,4037606,50183,3112726,2508,292607,270,29830,87,5532,357,35362,73727,72206.43,7478301,0
"2021-05-07",21251,4058857,52099,3164825,2813,295420,307,30137,75,5607,382,35744,76545,71066.29,7554846,0
"2021-05-08",16631,4075488,41870,3206695,1835,297255,230,30367,68,5675,298,36042,60634,69943.57,7615480,0
"2021-05-09",7973,4083461,29415,3236110,1260,298515,147,30514,56,5731,203,36245,38851,68371.71,7654331,0
"2021-05-10",14386,4097847,38536,3274646,2355,300870,233,30747,90,5821,323,36568,55600,65774.29,7709931,0
"2021-05-11",19912,4117759,43065,3317711,2514,303384,281,31028,85,5906,366,36934,65857,63454.29,7775788,0
"2021-05-12",17812,4135571,40549,3358260,3596,306980,227,31255,78,5984,305,37239,62262,61925.14,7838050,0
"2021-05-13",24974,4160545,40435,3398695,3230,310210,259,31514,75,6059,334,37573,68973,61246,7907023,0
"2021-05-14",27038,4187583,42928,3441623,3537,313747,262,31776,95,6154,357,37930,73860,60862.43,7980883,0
"2021-05-15",23651,4211234,34920,3476543,3365,317112,253,32029,75,6229,328,38258,62264,61095.29,8043147,0
"2021-05-16",15524,4226758,19456,3495999,2496,319608,121,32150,45,6274,166,38424,37642,60922.57,8080789,0
"2021-05-17",22673,4249431,29146,3525145,3256,322864,177,32327,67,6341,244,38668,55319,60882.43,8136108,0
"2021-05-18",24640,4274071,31913,3557058,3406,326270,236,32563,72,6413,308,38976,60267,60083.86,8196375,0
"2021-05-19",24190,4298261,29723,3586781,3041,329311,225,32788,47,6460,272,39248,57226,59364.43,8253601,0
"2021-05-20",24153,4322414,30101,3616882,3163,332474,260,33048,86,6546,346,39594,57763,57763,8311364,0
"2021-05-21",24679,4347093,32003,3648885,3056,335530,244,33292,58,6604,302,39896,60040,55788.71,8371404,0
"2021-05-22",20020,4367113,24364,3673249,2525,338055,164,33456,49,6653,213,40109,47122,53625.57,8418526,0
"2021-05-23",11234,4378347,13732,3686981,1411,339466,92,33548,32,6685,124,40233,26501,52034,8445027,0
"2021-05-24",18877,4397224,23159,3710140,2756,342222,213,33761,55,6740,268,40501,45060,50568.43,8490087,0
"2021-05-25",19429,4416653,23383,3733523,2603,344825,171,33932,57,6797,228,40729,45643,48479.29,8535730,0
"2021-05-26",18784,4435437,21091,3754614,2696,347521,199,34131,48,6845,247,40976,42818,46421,8578548,0
"2021-05-27",18472,4453909,21278,3775892,2529,350050,181,34312,59,6904,240,41216,42519,44243.29,8621067,0
"2021-05-28",17863,4471772,22888,3798780,2751,352801,185,34497,53,6957,238,41454,43740,41914.71,8664807,0
"2021-05-29",12709,4484481,17810,3816590,1755,354556,106,34603,39,6996,145,41599,32419,39814.29,8697226,0
"2021-05-30",7030,4491511,8950,3825540,1074,355630,48,34651,17,7013,65,41664,17119,38474,8714345,0
"2021-05-31",4742,4496253,6924,3832464,1012,356642,64,34715,17,7030,81,41745,12759,33859.57,8727104,0
"2021-06-01",16047,4512300,25199,3857663,2177,358819,151,34866,43,7073,194,41939,43617,33570.14,8770721,0
"2021-06-02",15355,4527655,20391,3878054,2095,360914,139,35005,48,7121,187,42126,38028,32885.86,8808749,0
"2021-06-03",15006,4542661,23825,3901879,2281,363195,128,35133,43,7164,171,42297,41283,32709.29,8850032,0
"2021-06-04",14722,4557383,26000,3927879,2492,365687,145,35278,40,7204,185,42482,43399,32660.57,8893431,0
"2021-06-05",10993,4568376,22089,3949968,1806,367493,116,35394,28,7232,144,42626,35032,33033.86,8928463,0
"2021-06-06",6444,4574820,14485,3964453,1222,368715,88,35482,13,7245,101,42727,22252,33767.14,8950715,0
"2021-06-07",11705,4586525,21784,3986237,2378,371093,138,35620,37,7282,175,42902,36042,37093.29,8986757,0
"2021-06-08",12636,4599161,24027,4010264,2072,373165,121,35741,46,7328,167,43069,38902,36419.71,9025659,0
"2021-06-09",11137,4610298,23029,4033293,2299,375464,134,35875,40,7368,174,43243,36639,36221.29,9062298,0
"2021-06-10",12067,4622365,22235,4055528,2462,377926,140,36015,58,7426,198,43441,36962,35604,9099260,0
"2021-06-11",12711,4635076,25120,4080648,2484,380410,156,36171,58,7484,214,43655,40529,35194,9139789,0
"2021-06-12",10166,4645242,19314,4099962,1888,382298,94,36265,42,7526,136,43791,31504,34690,9171293,0
"2021-06-13",4257,4649499,10936,4110898,1219,383517,41,36306,22,7548,63,43854,16475,33864.71,9187768,0
"2021-06-14",10209,4659708,19241,4130139,2043,385560,127,36433,51,7599,178,44032,31671,33240.29,9219439,0
"2021-06-15",11885,4671593,21016,4151155,1943,387503,131,36564,40,7639,171,44203,35015,32685,9254454,0
"2021-06-16",11586,4683179,19412,4170567,1957,389460,140,36704,68,7707,208,44411,33163,32188.43,9287617,0
"2021-06-17",11025,4694204,18762,4189329,1973,391433,122,36826,35,7742,157,44568,31917,31467.71,9319534,0
"2021-06-18",12167,4706371,18503,4207832,2116,393549,112,36938,36,7778,148,44716,32934,30382.71,9352468,0
"2021-06-19",8498,4714869,13518,4221350,1459,395008,83,37021,21,7799,104,44820,23579,29250.57,9376047,0
"2021-06-20",4336,4719205,7158,4228508,924,395932,36,37057,17,7816,53,44873,12471,28678.57,9388518,0
"2021-06-21",10162,4729367,10011,4238519,1807,397739,68,37125,27,7843,95,44968,22075,27307.71,9410593,0
"2021-06-22",9838,4739205,15641,4254160,1589,399328,105,37230,28,7871,133,45101,27201,26191.43,9437794,0
"2021-06-23",10313,4749518,15188,4269348,1863,401191,102,37332,30,7901,132,45233,27496,25381.86,9465290,0
"2021-06-24",9686,4759204,14700,4284048,1799,402990,119,37451,25,7926,144,45377,26329,24583.57,9491619,0
"2021-06-25",10590,4769794,14387,4298435,1721,404711,111,37562,38,7964,149,45526,26847,23714,9518466,0
"2021-06-26",7803,4777597,10463,4308898,1251,405962,74,37636,24,7988,98,45624,19615,23147.71,9538081,0
"2021-06-27",5001,4782598,6002,4314900,795,406757,33,37669,14,8002,47,45671,11845,23058.29,9549926,0
"2021-06-28",9036,4791634,10346,4325246,1526,408283,107,37776,26,8028,133,45804,21041,22910.57,9570967,0
"2021-06-29",9743,4801377,12322,4337568,1347,409630,122,37898,31,8059,153,45957,23565,22391.14,9594532,0
"2021-06-30",9435,4810812,10929,4348497,1486,411116,147,38045,16,8075,163,46120,22013,21607.86,9616545,0
"2021-07-01",9399,4820211,10932,4359429,1434,412550,123,38168,24,8099,147,46267,21912,20976.86,9638457,0
"2021-07-02",9694,4829905,11451,4370880,1541,414091,118,38286,22,8121,140,46407,22826,20402.43,9661283,0
"2021-07-03",7056,4836961,8422,4379302,1193,415284,75,38361,17,8138,92,46499,16763,19995,9678046,0
"2021-07-04",1288,4838249,1335,4380637,567,415851,9,38370,3,8141,12,46511,3202,18760.29,9681248,0
"2021-07-05",6498,4844747,7105,4387742,1208,417059,63,38433,22,8163,85,46596,14896,17882.43,9696144,0
"2021-07-06",9513,4854260,12850,4400592,1316,418375,114,38547,38,8201,152,46748,23831,17920.43,9719975,0
"2021-07-07",8667,4862927,11110,4411702,1419,419794,121,38668,19,8220,140,46888,21336,17823.71,9741311,0
"2021-07-08",8209,4871136,10193,4421895,1260,421054,107,38775,21,8241,128,47016,19790,17520.57,9761101,0
"2021-07-09",8375,4879511,10833,4432728,1278,422332,90,38865,18,8259,108,47124,20594,17201.71,9781695,0
"2021-07-10",7104,4886615,8633,4441361,1132,423464,62,38927,20,8279,82,47206,16951,17228.57,9798646,0
"2021-07-11",4105,4890720,4540,4445901,703,424167,34,38961,6,8285,40,47246,9388,18112.29,9808034,0
"2021-07-12",8448,4899168,9559,4455460,1251,425418,82,39043,23,8308,105,47351,19363,18750.43,9827397,0
"2021-07-13",9459,4908627,9394,4464854,952,426370,105,39148,34,8342,139,47490,19944,18195.14,9847341,0
"2021-07-14",9000,4917627,9532,4474386,1011,427381,105,39253,21,8363,126,47616,19669,17957,9867010,0
"2021-07-15",8790,4926417,9156,4483542,1054,428435,81,39334,19,8382,100,47716,19100,17858.43,9886110,0
"2021-07-16",9241,4935658,9762,4493304,980,429415,102,39436,30,8412,132,47848,20115,17790,9906225,0
"2021-07-17",6842,4942500,7387,4500691,803,430218,80,39516,19,8431,99,47947,15131,17530,9921356,0
"2021-07-18",4256,4946756,4284,4504975,576,430794,35,39551,13,8444,48,47995,9164,17498,9930520,0
"2021-07-19",9120,4955876,8478,4513453,999,431793,91,39642,22,8466,113,48108,18710,17404.71,9949230,0
"2021-07-20",10649,4966525,8758,4522211,991,432784,95,39737,25,8491,120,48228,20518,17486.71,9969748,0
"2021-07-21",10049,4976574,8766,4530977,903,433687,145,39882,33,8524,178,48406,19896,17519.14,9989644,0
"2021-07-22",10687,4987261,8587,4539564,1046,434733,144,40026,25,8549,169,48575,20489,17717.57,10010133,0
"2021-07-23",11254,4998515,8881,4548445,1114,435847,137,40163,23,8572,160,48735,21409,17902.43,10031542,0
"2021-07-24",7403,5005918,6738,4555183,670,436517,82,40245,24,8596,106,48841,14917,17871.86,10046459,0
"2021-07-25",5479,5011397,2125,4557308,509,437026,57,40302,4,8600,61,48902,8174,17730.43,10054633,0
"2021-07-26",10872,5022269,7004,4564312,859,437885,109,40411,20,8620,129,49031,18864,17752.43,10073497,0
"2021-07-27",12054,5034323,8569,4572881,857,438742,134,40545,38,8658,172,49203,21652,17914.43,10095149,0
"2021-07-28",11992,5046315,8051,4580932,950,439692,131,40676,25,8683,156,49359,21149,18093.43,10116298,0
"2021-07-29",10936,5057251,7430,4588362,984,440676,133,40809,39,8722,172,49531,19522,17955.29,10135820,0
"2021-07-30",14955,5072206,8014,4596376,1151,441827,180,40989,31,8753,211,49742,24331,18372.71,10160151,0
"2021-07-31",9726,5081932,6315,4602691,816,442643,120,41109,20,8773,140,49882,16997,18669.86,10177148,0
"2021-08-01",6503,5088435,3309,4606000,564,443207,81,41190,20,8793,101,49983,10477,18998.86,10187625,0
"2021-08-02",13450,5101885,7157,4613157,848,444055,143,41333,17,8810,160,50143,21615,19391.86,10209240,0
"2021-08-03",15411,5117296,8389,4621546,1109,445164,144,41477,37,8847,181,50324,25090,19883,10234330,0
"2021-08-04",17263,5134559,8126,4629672,1454,446618,181,41658,34,8881,215,50539,27058,20727.14,10261388,0
"2021-08-05",17867,5152426,7930,4637602,1367,447985,161,41819,19,8900,180,50719,27344,21844.57,10288732,0
"2021-08-06",18173,5170599,8412,4646014,1233,449218,164,41983,32,8932,196,50915,28014,22370.71,10316746,0
"2021-08-07",13388,5183987,6014,4652028,799,450017,99,42082,28,8960,127,51042,20328,22846.57,10337074,0
"2021-08-08",9309,5193296,3835,4655863,400,450417,82,42164,10,8970,92,51134,13636,23297.86,10350710,0
"2021-08-09",21344,5214640,8528,4664391,964,451381,166,42330,35,9005,201,51335,31037,24643.86,10381747,0
"2021-08-10",18920,5233560,9328,4673719,947,452328,177,42507,33,9038,210,51545,29405,25260.29,10411152,0
"2021-08-11",15649,5249209,8308,4682027,853,453181,129,42636,45,9083,174,51719,24984,24964,10436136,0
"2021-08-12",15042,5264251,8981,4691008,940,454121,171,42807,36,9119,207,51926,25170,24653.43,10461306,0
"2021-08-13",14928,5279179,9289,4700297,920,455041,240,43047,37,9156,277,52203,25414,24282,10486720,0
"2021-08-14",10406,5289585,6406,4706703,625,455666,529,43576,40,9196,569,52772,18006,23950.29,10504726,0
"2021-08-15",6694,5296279,4480,4711183,676,456342,566,44142,32,9228,598,53370,12448,23780.57,10517174,0
"2021-08-16",15722,5312001,9302,4720485,1150,457492,1318,45460,64,9292,1382,54752,27556,23283.29,10544730,0
"2021-08-17",17771,5329772,10436,4730921,1225,458717,1764,47224,85,9377,1849,56601,31281,23551.29,10576011,0
"2021-08-18",17508,5347280,10362,4741283,1261,459978,1986,49210,94,9471,2080,58681,31211,24440.86,10607222,0
"2021-08-19",16300,5363580,9523,4750806,1315,461293,1952,51162,65,9536,2017,60698,29155,25010.14,10636377,0
"2021-08-20",16279,5379859,11537,4762343,1254,462547,1859,53021,83,9619,1942,62640,31012,25809.86,10667389,0
"2021-08-21",11149,5391008,8038,4770381,878,463425,1058,54079,56,9675,1114,63754,21179,26263.14,10688568,0
"2021-08-22",4081,5395089,3901,4774282,262,463687,514,54593,34,9709,548,64302,8792,25740.86,10697360,0
"2021-08-23",15583,5410672,11799,4786081,1023,464710,1547,56140,74,9783,1621,65923,30026,26093.71,10727386,0
"2021-08-24",16916,5427588,12593,4798674,1006,465716,1774,57914,77,9860,1851,67774,32366,26248.71,10759752,0
"2021-08-25",14585,5442173,12446,4811120,1111,466827,1565,59479,76,9936,1641,69415,29783,26044.71,10789535,0
"2021-08-26",16164,5458337,14085,4825205,1072,467899,1770,61249,67,10003,1837,71252,33158,26616.57,10822693,0
"2021-08-27",14882,5473219,14821,4840026,971,468870,1669,62918,73,10076,1742,72994,32416,26817.14,10855109,0
"2021-08-28",10682,5483901,11522,4851548,835,469705,1014,63932,45,10121,1059,74053,24098,27234.14,10879207,0
"2021-08-29",7218,5491119,7495,4859043,541,470246,778,64710,57,10178,835,74888,16089,28276.57,10895296,0
"2021-08-30",15522,5506641,16925,4875968,1077,471323,1792,66502,86,10264,1878,76766,35402,29044.57,10930698,0
"2021-08-31",15524,5522165,15951,4891919,951,472274,1971,68473,86,10350,2057,78823,34483,29347,10965181,0
"2021-09-01",14834,5536999,14099,4906018,1021,473295,1808,70281,60,10410,1868,80691,31822,29638.29,10997003,0
"2021-09-02",14329,5551328,12522,4918540,896,474191,1704,71985,61,10471,1765,82456,29512,29117.43,11026515,0
"2021-09-03",15019,5566347,14306,4932846,974,475165,1893,73878,69,10540,1962,84418,32261,29095.29,11058776,0
"2021-09-04",9647,5575994,9406,4942252,688,475853,974,74852,34,10574,1008,85426,20749,28616.86,11079525,0
"2021-09-05",6803,5582797,5515,4947767,438,476291,710,75562,16,10590,726,86152,13482,28244.43,11093007,0
"2021-09-06",5196,5587993,4512,4952279,358,476649,270,75832,11,10601,281,86433,10347,24665.14,11103354,0
"2021-09-07",15577,5603570,17703,4969982,912,477561,1554,77386,87,10688,1641,88074,35833,24858,11139187,0
"2021-09-08",16164,5619734,14824,4984806,1072,478633,1770,79156,83,10771,1853,89927,33913,25156.71,11173100,0
"2021-09-09",16113,5635847,14752,4999558,1047,479680,1912,81068,73,10844,1985,91912,33897,25783.14,11206997,0
"2021-09-10",18377,5654224,15390,5014948,1208,480888,1970,83038,81,10925,2051,93963,37026,26463.86,11244023,0
"2021-09-11",12638,5666862,10348,5025296,958,481846,1027,84065,48,10973,1075,95038,25019,27073.86,11269042,0
"2021-09-12",8540,5675402,5052,5030348,766,482612,690,84755,29,11002,719,95757,15077,27301.71,11284119,0
"2021-09-13",16933,5692335,12960,5043308,976,483588,1651,86406,54,11056,1705,97462,32574,30477,11316693,0
"2021-09-14",16271,5708606,13675,5056983,886,484474,1594,88000,55,11111,1649,99111,32481,29998.14,11349174,0
"2021-09-15",15548,5724154,12880,5069863,727,485201,1565,89565,78,11189,1643,100754,30798,29553.14,11379972,0
"2021-09-16",15343,5739497,13911,5083774,1210,486411,1454,91019,66,11255,1520,102274,31984,29279.86,11411956,0
"2021-09-17",14438,5753935,13963,5097737,922,487333,1827,92846,56,11311,1883,104157,31206,28448.43,11443162,0
"2021-09-18",10001,5763936,10179,5107916,913,488246,1046,93892,41,11352,1087,105244,22180,28042.86,11465342,0
"2021-09-19",6179,5770115,6071,5113987,558,488804,747,94639,29,11381,776,106020,13584,27829.57,11478926,0
"2021-09-20",12675,5782790,12630,5126617,1068,489872,1920,96559,59,11440,1979,107999,28352,27226.43,11507278,0
"2021-09-21",12234,5795024,12772,5139389,1109,490981,2020,98579,78,11518,2098,110097,28213,26616.71,11535491,0
"2021-09-22",12823,5807847,12008,5151397,1090,492071,1681,100260,67,11585,1748,111845,27669,26169.71,11563160,0
"2021-09-23",14942,5822789,12758,5164155,1639,493710,2266,102526,72,11657,2338,114183,31677,26125.86,11594837,0
"2021-09-24",16450,5839239,13370,5177525,1636,495346,4624,107150,113,11770,4737,118920,36193,26838.29,11631030,0
"2021-09-25",10541,5849780,9025,5186550,1018,496364,3462,110612,75,11845,3537,122457,24121,27115.57,11655151,0
"2021-09-26",6304,5856084,5759,5192309,773,497137,2425,113037,55,11900,2480,124937,15316,27363,11670467,0
"2021-09-27",14164,5870248,8053,5200362,1155,498292,9062,122099,157,12057,9219,134156,32591,27968.57,11703058,0
"2021-09-28",11148,5881396,11778,5212140,902,499194,9914,132013,174,12231,10088,144244,33916,28783.29,11736974,0
"2021-09-29",11608,5893004,12194,5224334,1205,500399,9454,141467,162,12393,9616,153860,34623,29776.71,11771597,0
"2021-09-30",12240,5905244,12606,5236940,1338,501737,9747,151214,172,12565,9919,163779,36103,30409,11807700,0
"2021-10-01",12648,5917892,13431,5250371,1284,503021,10266,161480,148,12713,10414,174193,37777,30635.29,11845477,0
"2021-10-02",7730,5925622,9976,5260347,865,503886,4243,165723,75,12788,4318,178511,22889,30459.29,11868366,0
"2021-10-03",5077,5930699,6156,5266503,593,504479,2613,168336,56,12844,2669,181180,14495,30342,11882861,0
"2021-10-04",9908,5940607,11023,5277526,913,505392,9524,177860,141,12985,9665,190845,31509,30187.43,11914370,0
"2021-10-05",10161,5950768,11740,5289266,972,506364,9934,187794,174,13159,10108,200953,32981,30053.86,11947351,0
"2021-10-06",9916,5960684,11060,5300326,937,507301,9932,197726,154,13313,10086,211039,31999,29679,11979350,0
"2021-10-07",9664,5970348,12197,5312523,853,508154,10189,207915,170,13483,10359,221398,33073,29246.14,12012423,0
"2021-10-08",9459,5979807,12174,5324697,942,509096,10906,218821,162,13645,11068,232466,33643,28655.57,12046066,0
"2021-10-09",6257,5986064,8276,5332973,649,509745,4122,222943,90,13735,4212,236678,19394,28156.29,12065460,0
"2021-10-10",3543,5989607,5029,5338002,458,510203,2434,225377,42,13777,2476,239154,11506,27729.29,12076966,0
"2021-10-11",7620,5997227,9330,5347332,728,510931,8890,234267,158,13935,9048,248202,26726,27046,12103692,0
"2021-10-12",8078,6005305,10998,5358330,891,511822,10511,244778,180,14115,10691,258893,30658,26714.14,12134350,0
"2021-10-13",7152,6012457,10150,5368480,869,512691,8798,253576,176,14291,8974,267867,27145,26020.71,12161495,0
"2021-10-14",7444,6019901,11114,5379594,836,513527,10116,263692,160,14451,10276,278143,29670,25534.57,12191165,0
"2021-10-15",7726,6027627,11860,5391454,823,514350,10824,274516,164,14615,10988,289131,31397,25213.71,12222562,0
"2021-10-16",4865,6032492,7468,5398922,666,515016,3843,278359,65,14680,3908,293039,16907,24858.43,12239469,0
"2021-10-17",3061,6035553,4473,5403395,411,515427,2452,280811,41,14721,2493,295532,10438,24705.86,12249907,0
"2021-10-18",7050,6042603,10665,5414060,796,516223,9485,290296,172,14893,9657,305189,28168,24911.86,12278075,0
"2021-10-19",6576,6049179,8946,5423006,804,517027,9089,299385,168,15061,9257,314446,25583,24186.86,12303658,0
"2021-10-20",6534,6055713,9375,5432381,975,518002,9987,309372,172,15233,10159,324605,27043,24172.29,12330701,0
"2021-10-21",7028,6062741,9385,5441766,858,518860,10843,320215,150,15383,10993,335598,28264,23971.43,12358965,0
"2021-10-22",8128,6070869,10341,5452107,1026,519886,16349,336564,209,15592,16558,352156,36053,24636.57,12395018,0
"2021-10-23",5168,6076037,6457,5458564,690,520576,9125,345689,113,15705,9238,361394,21553,25300.29,12416571,0
"2021-10-24",3276,6079313,3972,5462536,769,521345,6152,351841,76,15781,6228,367622,14245,25844.14,12430816,0
"2021-10-25",8772,6088085,8739,5471275,1150,522495,19250,371091,289,16070,19539,387161,38200,27277.29,12469016,0
"2021-10-26",8203,6096288,7722,5478997,1258,523753,17290,388381,258,16328,17548,404709,34731,28584.14,12503747,0
"2021-10-27",10565,6106853,8392,5487389,1604,525357,20857,409238,307,16635,21164,425873,41725,30681.57,12545472,0
"2021-10-28",11330,6118183,8038,5495427,1793,527150,20844,430082,311,16946,21155,447028,42316,32689,12587788,0
"2021-10-29",11841,6130024,8238,5503665,1956,529106,22534,452616,316,17262,22850,469878,44885,33950.71,12632673,0
"2021-10-30",4629,6134653,5058,5508723,930,530036,11170,463786,160,17422,11330,481208,21947,34007,12654620,0
"2021-10-31",2665,6137318,2702,5511425,544,530580,6637,470423,97,17519,6734,487942,12645,33778.43,12667265,0
"2021-11-01",7139,6144457,6955,5518380,1089,531669,20384,490807,317,17836,20701,508643,35884,33447.57,12703149,0
"2021-11-02",6586,6151043,6594,5524974,1054,532723,20779,511586,261,18097,21040,529683,35274,33525.14,12738423,0
"2021-11-03",6850,6157893,6679,5531653,1026,533749,20632,532218,300,18397,20932,550615,35487,32634,12773910,0
"2021-11-04",9313,6167206,6280,5537933,995,534744,22361,554579,343,18740,22704,573319,39292,32202,12813202,0
"2021-11-05",11063,6178269,6724,5544657,1051,535795,23759,578338,345,19085,24104,597423,42942,31924.43,12856144,0
"2021-11-06",11133,6189402,4052,5548709,594,536389,12590,590928,164,19249,12754,610177,28533,32865.29,12884677,0
"2021-11-07",7258,6196660,2287,5550996,577,536966,7105,598033,93,19342,7198,617375,17320,33533.14,12901997,0
"2021-11-08",15058,6211718,5678,5556674,865,537831,19511,617544,272,19614,19783,637158,41384,34318.86,12943381,0
"2021-11-09",16154,6227872,5390,5562064,660,538491,20512,638056,267,19881,20779,657937,42983,35420.14,12986364,0
"2021-11-10",16931,6244803,5323,5567387,683,539174,22648,660704,289,20170,22937,680874,45874,36904,13032238,0
"2021-11-11",12578,6257381,5188,5572575,759,539933,22083,682787,279,20449,22362,703236,40887,37131.86,13073125,0
"2021-11-12",16899,6274280,5688,5578263,705,540638,23393,706180,350,20799,23743,726979,47035,37716.57,13120160,0
"2021-11-13",9942,6284222,3663,5581926,463,541101,13324,719504,179,20978,13503,740482,27571,37579.14,13147731,0
"2021-11-14",6014,6290236,2292,5584218,325,541426,7932,727436,76,21054,8008,748490,16639,37481.86,13164370,0
"2021-11-15",13219,6303455,5975,5590193,690,542116,25109,752545,350,21404,25459,773949,45343,38047.43,13209713,0
"2021-11-16",9971,6313426,5782,5595975,656,542772,30666,783211,415,21819,31081,805030,47490,38691.29,13257203,0
"2021-11-17",10312,6323738,6674,5602649,681,543453,31420,814631,402,22221,31822,836852,49489,39207.71,13306692,0
"2021-11-18",10734,6334472,6544,5609193,858,544311,33016,847647,437,22658,33453,870305,51589,40736.57,13358281,0
"2021-11-19",12029,6346501,6549,5615742,715,545026,36243,883890,444,23102,36687,906992,55980,42014.43,13414261,0
"2021-11-20",9332,6355833,3418,5619160,513,545539,22514,906404,248,23350,22762,929754,36025,43222.14,13450286,0
"2021-11-21",4953,6360786,1888,5621048,288,545827,13201,919605,146,23496,13347,943101,20476,43770.29,13470762,0
"2021-11-22",10446,6371232,5788,5626836,750,546577,35923,955528,432,23928,36355,979456,53339,44912.57,13524101,0
"2021-11-23",9806,6381038,4783,5631619,636,547213,33510,989038,363,24291,33873,1013329,49098,45142.29,13573199,0
"2021-11-24",8711,6389749,4751,5636370,651,547864,25922,1014960,278,24569,26200,1039529,40313,43831.43,13613512,0
"2021-11-25",448,6390197,326,5636696,80,547944,1003,1015963,9,24578,1012,1040541,1866,36728.14,13615378,0
"2021-11-26",8062,6398259,6991,5643687,528,548472,26591,1042554,284,24862,26875,1067416,42456,34796.14,13657834,0
"2021-11-27",6687,6404946,6837,5650524,371,548843,18838,1061392,218,25080,19056,1086472,32951,34357,13690785,0
"2021-11-28",4085,6409031,5794,5656318,282,549125,11888,1073280,117,25197,12005,1098477,22166,34598.43,13712951,0
"2021-11-29",9125,6418156,10999,5667317,687,549812,35074,1108354,418,25615,35492,1133969,56303,35021.86,13769254,0
"2021-11-30",10522,6428678,11439,5678756,513,550325,37780,1146134,480,26095,38260,1172229,60734,36684.14,13829988,0
"2021-12-01",11202,6439880,10988,5689744,724,551049,40347,1186481,431,26526,40778,1213007,63692,40024,13893680,0
"2021-12-02",11670,6451550,11040,5700784,627,551676,42161,1228642,441,26967,42602,1255609,65939,49177.29,13959619,0
"2021-12-03",13502,6465052,12890,5713674,675,552351,47930,1276572,510,27477,48440,1304049,75507,53898.86,14035126,0
"2021-12-04",9861,6474913,11295,5724969,567,552918,30675,1307247,297,27774,30972,1335021,52695,56719.43,14087821,0
"2021-12-05",5762,6480675,5707,5730676,271,553189,16659,1323906,124,27898,16783,1351804,28523,57627.57,14116344,0
"2021-12-06",12354,6493029,9961,5740637,600,553789,43239,1367145,432,28330,43671,1395475,66586,59096.57,14182930,0
"2021-12-07",12602,6505631,9259,5749896,625,554414,43036,1410181,489,28819,43525,1439000,66011,59850.43,14248941,0
"2021-12-08",13540,6519171,8778,5758674,555,554969,40788,1450969,459,29278,41247,1480247,64120,59911.57,14313061,0
"2021-12-09",13514,6532685,8754,5767428,555,555524,40809,1491778,482,29760,41291,1521538,64114,59650.86,14377175,0
"2021-12-10",14047,6546732,10144,5777572,670,556194,43666,1535444,482,30242,44148,1565686,69009,58722.57,14446184,0
"2021-12-11",10283,6557015,8124,5785696,405,556599,26696,1562140,273,30515,26969,1592655,45781,57734.86,14491965,0
"2021-12-12",6018,6563033,3855,5789551,289,556888,15172,1577312,130,30645,15302,1607957,25464,57297.86,14517429,0
"2021-12-13",12245,6575278,7428,5796979,658,557546,37875,1615187,385,31030,38260,1646217,58591,56155.71,14576020,0
"2021-12-14",12235,6587513,6958,5803937,731,558277,38150,1653337,418,31448,38568,1684785,58492,55081.57,14634512,0
"2021-12-15",12114,6599627,6241,5810178,755,559032,38131,1691468,479,31927,38610,1723395,57720,54167.29,14692232,0
"2021-12-16",13140,6612767,4270,5814448,740,559772,41050,1732518,435,32362,41485,1764880,59635,53527.43,14751867,0
"2021-12-17",15958,6628725,6930,5821378,620,560392,46770,1779288,465,32827,47235,1812115,70743,53775.14,14822610,0
"2021-12-18",13033,6641758,5716,5827094,432,560824,30616,1809904,266,33093,30882,1842997,50063,54386.86,14872673,0
"2021-12-19",7021,6648779,2995,5830089,327,561151,18006,1827910,169,33262,18175,1861172,28518,54823.14,14901191,0
"2021-12-20",16872,6665651,5865,5835954,746,561897,47447,1875357,555,33817,48002,1909174,71485,56665.14,14972676,0
"2021-12-21",17981,6683632,6573,5842527,806,562703,48913,1924270,574,34391,49487,1958661,74847,59001.57,15047523,0
"2021-12-22",18544,6702176,6560,5849087,939,563642,49678,1973948,518,34909,50196,2008857,76239,61647.14,15123762,0
"2021-12-23",19045,6721221,6482,5855569,930,564572,45830,2019778,510,35419,46340,2055197,72797,63527.43,15196559,0
"2021-12-24",9245,6730466,2955,5858524,598,565170,20594,2040372,210,35629,20804,2076001,33602,58221.57,15230161,0
"2021-12-25",344,6730810,63,5858587,31,565201,427,2040799,8,35637,435,2076436,873,51194.43,15231034,0
"2021-12-26",7967,6738777,3931,5862518,340,565541,17283,2058082,171,35808,17454,2093890,29692,51362.14,15260726,0
"2021-12-27",21792,6760569,9203,5871721,933,566474,43444,2101526,536,36344,43980,2137870,75908,51994,15336634,0
"2021-12-28",20169,6780738,8326,5880047,699,567173,47579,2149105,596,36940,48175,2186045,77369,52354.29,15414003,0
"2021-12-29",18512,6799250,7669,5887716,607,567780,45567,2194672,473,37413,46040,2232085,72828,51867,15486831,0
"2021-12-30",16892,6816142,7421,5895137,587,568367,44845,2239517,571,37984,45416,2277501,70316,51512.57,15557147,0
"2021-12-31",5359,6821501,2808,5897945,193,568560,14770,2254287,176,38160,14946,2292447,23306,50041.71,15580453,0
"2022-01-01",243,6821744,147,5898092,12,568572,501,2254788,21,38181,522,2292969,924,50049,15581377,0
"2022-01-02",6433,6828177,5022,5903114,153,568725,10975,2265763,110,38291,11085,2304054,22693,49049.14,15604070,0
"2022-01-03",14133,6842310,8497,5911611,514,569239,26929,2292692,319,38610,27248,2331302,50392,45404,15654462,0
"2022-01-04",12881,6855191,8105,5919716,414,569653,27181,2319873,348,38958,27529,2358831,48929,41341.14,15703391,0
"2022-01-05",11442,6866633,6998,5926714,382,570035,25897,2345770,301,39259,26198,2385029,45020,37368.57,15748411,0
"2022-01-06",11484,6878117,7387,5934101,483,570518,27520,2373290,326,39585,27846,2412875,47200,34066.29,15795611,0
"2022-01-07",10391,6888508,8421,5942522,338,570856,25022,2398312,311,39896,25333,2438208,44483,37091.57,15840094,0
"2022-01-08",7873,6896381,8568,5951090,310,571166,19451,2417763,175,40071,19626,2457834,36377,42156.29,15876471,0
"2022-01-09",4132,6900513,3842,5954932,214,571380,10063,2427826,91,40162,10154,2467988,18342,41534.71,15894813,0
"2022-01-10",10182,6910695,8190,5963122,490,571870,24601,2452427,297,40459,24898,2492886,43760,40587.29,15938573,0
"2022-01-11",8896,6919591,7998,5971120,521,572391,21029,2473456,277,40736,21306,2514192,38721,39129,15977294,0
"2022-01-12",8935,6928526,8319,5979439,427,572818,22336,2495792,285,41021,22621,2536813,40302,38455,16017596,0
"2022-01-13",9046,6937572,8865,5988304,451,573269,22873,2518665,313,41334,23186,2559999,41548,37647.57,16059144,0
"2022-01-14",10110,6947682,8118,5996422,476,573745,26439,2545104,316,41650,26755,2586754,45459,37787,16104603,0
"2022-01-15",6209,6953891,4310,6000732,178,573923,15144,2560248,174,41824,15318,2602072,26015,36306.71,16130618,0
"2022-01-16",2921,6956812,3248,6003980,95,574018,7825,2568073,82,41906,7907,2609979,14171,35710.86,16144789,0
"2022-01-17",6082,6962894,6758,6010738,363,574381,14678,2582751,214,42120,14892,2624871,28095,33473,16172884,0
"2022-01-18",8165,6971059,10317,6021055,396,574777,19663,2602414,316,42436,19979,2644850,38857,33492.43,16211741,0
"2022-01-19",7466,6978525,9250,6030305,304,575081,17721,2620135,267,42703,17988,2662838,35008,32736.14,16246749,0
"2022-01-20",6281,6984806,8562,6038867,305,575386,15248,2635383,241,42944,15489,2678327,30637,31177.43,16277386,0
"2022-01-21",7574,6992380,7504,6046371,276,575662,18507,2653890,280,43224,18787,2697114,34141,29560.57,16311527,0
"2022-01-22",5191,6997571,4939,6051310,131,575793,11318,2665208,125,43349,11443,2708557,21704,28944.71,16333231,0
"2022-01-23",2811,7000382,3326,6054636,97,575890,6231,2671439,75,43424,6306,2714863,12540,28711.71,16345771,0
"2022-01-24",6372,7006754,8204,6062840,262,576152,15072,2686511,234,43658,15306,2730169,30144,29004.43,16375915,0
"2022-01-25",6187,7012941,7936,6070776,233,576385,14692,2701203,256,43914,14948,2745117,29304,27639.71,16405219,0
"2022-01-26",5755,7018696,7174,6077950,289,576674,14015,2715218,207,44121,14222,2759339,27440,26558.57,16432659,0
"2022-01-27",5258,7023954,7095,6085045,321,576995,14081,2729299,228,44349,14309,2773648,26983,26036.57,16459642,0
"2022-01-28",6262,7030216,7871,6092916,203,577198,16131,2745430,234,44583,16365,2790013,30701,25545.14,16490343,0
"2022-01-29",841,7031057,728,6093644,28,577226,2538,2747968,39,44622,2577,2792590,4174,23040.86,16494517,0
"2022-01-30",2096,7033153,3022,6096666,103,577329,4536,2752504,63,44685,4599,2797189,9820,22652.29,16504337,0
"2022-01-31",5008,7038161,6594,6103260,220,577549,11379,2763883,198,44883,11577,2808766,23399,21688.71,16527736,0
"2022-02-01",4835,7042996,6435,6109695,219,577768,10711,2774594,219,45102,10930,2819696,22419,20705.14,16550155,0
"2022-02-02",4258,7047254,5930,6115625,213,577981,11236,2785830,236,45338,11472,2831168,21873,19909.86,16572028,0
"2022-02-03",4228,7051482,5812,6121437,216,578197,11217,2797047,199,45537,11416,2842584,21672,19151.14,16593700,0
"2022-02-04",4770,7056252,7114,6128551,214,578411,13215,2810262,235,45772,13450,2856034,25548,18415,16619248,0
"2022-02-05",3585,7059837,6050,6134601,110,578521,8575,2818837,149,45921,8724,2864758,18469,20457.14,16637717,0
"2022-02-06",2063,7061900,2134,6136735,121,578642,4637,2823474,102,46023,4739,2869497,9057,20348.14,16646774,0
"2022-02-07",4158,7066058,4727,6141462,205,578847,10132,2833606,231,46254,10363,2879860,19453,19784.43,16666227,0
"2022-02-08",4222,7070280,5609,6147071,214,579061,11328,2844934,300,46554,11628,2891488,21673,19677.86,16687900,0
"2022-02-09",4135,7074415,5406,6152477,222,579283,11662,2856596,251,46805,11913,2903401,21676,19649.71,16709576,0
"2022-02-10",3997,7078412,5121,6157598,245,579528,12198,2868794,282,47087,12480,2915881,21843,19674.14,16731419,0
"2022-02-11",4521,7082933,5804,6163402,195,579723,13731,2882525,315,47402,14046,2929927,24566,19533.86,16755985,0
"2022-02-12",3258,7086191,4340,6167742,97,579820,8809,2891334,213,47615,9022,2938949,16717,19283.57,16772702,0
"2022-02-13",1522,7087713,1541,6169283,41,579861,4882,2896216,107,47722,4989,2943938,8093,19145.86,16780795,0
"2022-02-14",2983,7090696,3626,6172909,167,580028,10569,2906785,323,48045,10892,2954830,17668,18890.86,16798463,0
"2022-02-15",3560,7094256,4070,6176979,175,580203,12784,2919569,279,48324,13063,2967893,20868,18775.86,16819331,0
"2022-02-16",3663,7097919,3903,6180882,200,580403,15720,2935289,291,48615,16011,2983904,23777,19076,16843108,0
"2022-02-17",4037,7101956,4081,6184963,162,580565,18270,2953559,357,48972,18627,3002531,26907,19799.43,16870015,0
"2022-02-18",4476,7106432,4783,6189746,190,580755,21533,2975092,448,49420,21981,3024512,31430,20780,16901445,0
"2022-02-19",3257,7109689,2178,6191924,65,580820,11178,2986270,217,49637,11395,3035907,16895,20805.43,16918340,0
"2022-02-20",1862,7111551,1444,6193368,59,580879,6579,2992849,112,49749,6691,3042598,10056,21085.86,16928396,0
"2022-02-21",3086,7114637,2696,6196064,95,580974,8347,3001196,227,49976,8574,3051172,14451,20626.29,16942847,0
"2022-02-22",4382,7119019,4251,6200315,175,581149,10832,3012028,249,50225,11081,3062253,19889,20486.43,16962736,0
"2022-02-23",4267,7123286,3790,6204105,145,581294,10665,3022693,239,50464,10904,3073157,19106,19819.14,16981842,0
"2022-02-24",3799,7127085,3656,6207761,108,581402,10188,3032881,229,50693,10417,3083574,17980,18543.86,16999822,0
"2022-02-25",3618,7130703,3621,6211382,134,581536,9979,3042860,236,50929,10215,3093789,17588,16566.43,17017410,0
"2022-02-26",2838,7133541,2577,6213959,74,581610,9516,3052376,152,51081,9668,3103457,15157,16318.14,17032567,0
"2022-02-27",1774,7135315,1371,6215330,52,581662,6267,3058643,100,51181,6367,3109824,9564,16247.86,17042131,0
"2022-02-28",3804,7139119,3133,6218463,141,581803,13129,3071772,247,51428,13376,3123200,20454,17105.43,17062585,0
"2022-03-01",2137,7141256,2628,6221091,103,581906,5172,3076944,184,51612,5356,3128556,10224,15724.71,17072809,0
"2022-03-02",1842,7143098,2439,6223530,106,582012,4128,3081072,208,51820,4336,3132892,8723,14241.43,17081532,0
"2022-03-03",1935,7145033,2554,6226084,106,582118,3797,3084869,168,51988,3965,3136857,8560,12895.71,17090092,0
"2022-03-04",2122,7147155,2871,6228955,66,582184,4330,3089199,208,52196,4538,3141395,9597,11754.14,17099689,0
"2022-03-05",1612,7148767,2124,6231079,43,582227,3318,3092517,115,52311,3433,3144828,7212,10619.14,17106901,0
"2022-03-06",799,7149566,879,6231958,30,582257,1622,3094139,55,52366,1677,3146505,3385,9736.43,17110286,0
"2022-03-07",1669,7151235,1786,6233744,86,582343,3496,3097635,161,52527,3657,3150162,7198,7842.71,17117484,0
"2022-03-08",1550,7152785,1893,6235637,79,582422,3124,3100759,149,52676,3273,3153435,6795,7352.86,17124279,0
"2022-03-09",1269,7154054,1677,6237314,79,582501,2584,3103343,130,52806,2714,3156149,5739,6926.57,17130018,0
"2022-03-10",1420,7155474,2097,6239411,85,582586,2957,3106300,163,52969,3120,3159269,6722,6664,17136740,0
"2022-03-11",1602,7157076,2272,6241683,81,582667,3214,3109514,187,53156,3401,3162670,7356,6343.86,17144096,0
"2022-03-12",879,7157955,1414,6243097,40,582707,2003,3111517,77,53233,2080,3164750,4413,5944,17148509,0
"2022-03-13",626,7158581,757,6243854,28,582735,1291,3112808,47,53280,1338,3166088,2749,5853.14,17151258,0
"2022-03-14",1374,7159955,1607,6245461,83,582818,2988,3115796,205,53485,3193,3169281,6257,5718.71,17157515,0
"2022-03-15",1361,7161316,1926,6247387,63,582881,3065,3118861,231,53716,3296,3172577,6646,5697.43,17164161,0
"2022-03-16",1401,7162717,2066,6249453,94,582975,3133,3121994,295,54011,3428,3176005,6989,5876,17171150,0
"2022-03-17",1185,7163902,1807,6251260,70,583045,2758,3124752,266,54277,3024,3179029,6086,5785.14,17177236,0
"2022-03-18",1595,7165497,2216,6253476,80,583125,3769,3128521,415,54692,4184,3183213,8075,5887.86,17185311,0
"2022-03-19",1113,7166610,1735,6255211,54,583179,2598,3131119,226,54918,2824,3186037,5726,6075.43,17191037,0
"2022-03-20",614,7167224,627,6255838,33,583212,1462,3132581,186,55104,1648,3187685,2922,6100.14,17193959,0
"2022-03-21",1421,7168645,1550,6257388,72,583284,3055,3135636,356,55460,3411,3191096,6454,6128.29,17200413,0
"2022-03-22",1341,7169986,1554,6258942,101,583385,2904,3138540,343,55803,3247,3194343,6243,6070.71,17206656,0
"2022-03-23",1261,7171247,1361,6260303,66,583451,2919,3141459,374,56177,3293,3197636,5981,5926.71,17212637,0
"2022-03-24",1210,7172457,1299,6261602,90,583541,2520,3143979,266,56443,2786,3200422,5385,5826.57,17218022,0
"2022-03-25",1391,7173848,1629,6263231,62,583603,3264,3147243,378,56821,3642,3204064,6724,5633.57,17224746,0
"2022-03-26",928,7174776,1162,6264393,36,583639,2304,3149547,250,57071,2554,3206618,4680,5484.14,17229426,0
"2022-03-27",574,7175350,528,6264921,29,583668,1312,3150859,204,57275,1516,3208134,2647,5444.86,17232073,0
"2022-03-28",1087,7176437,1165,6266086,69,583737,2437,3153296,365,57640,2802,3210936,5123,5254.71,17237196,0
"2022-03-29",1052,7177489,1104,6267190,85,583822,2515,3155811,880,58520,3395,3214331,5636,5168,17242832,0
"2022-03-30",1250,7178739,1143,6268333,98,583920,3066,3158877,3401,61921,6467,3220798,8958,5593.29,17251790,0
"2022-03-31",1290,7180029,1262,6269595,57,583977,3165,3162042,5501,67422,8666,3229464,11275,6434.71,17263065,0
"2022-04-01",1431,7181460,1499,6271094,76,584053,3250,3165292,6899,74321,10149,3239613,13155,7353.43,17276220,0
"2022-04-02",913,7182373,914,6272008,33,584086,2095,3167387,4523,78844,6618,3246231,8478,7896,17284698,0
"2022-04-03",560,7182933,500,6272508,28,584114,1222,3168609,3051,81895,4273,3250504,5361,8283.71,17290059,0
"2022-04-04",1355,7184288,1308,6273816,61,584175,2736,3171345,7694,89589,10430,3260934,13154,9431,17303213,0
"2022-04-05",1305,7185593,1164,6274980,66,584241,2856,3174201,7479,97068,10335,3271269,12870,10464.43,17316083,0
"2022-04-06",1344,7186937,1185,6276165,61,584302,2624,3176825,6945,104013,9569,3280838,12159,10921.71,17328242,0
"2022-04-07",1213,7188150,1068,6277233,57,584359,2377,3179202,6602,110615,8979,3289817,11317,10927.71,17339559,0
"2022-04-08",1490,7189640,1405,6278638,62,584421,3173,3182375,8775,119390,11948,3301765,14905,11177.71,17354464,0
"2022-04-09",920,7190560,924,6279562,29,584450,2078,3184453,4940,124330,7018,3308783,8891,11236.71,17363355,0
"2022-04-10",586,7191146,461,6280023,25,584475,1170,3185623,2892,127222,4062,3312845,5134,11204.29,17368489,0
"2022-04-11",1320,7192466,1240,6281263,59,584534,2668,3188291,7789,135011,10457,3323302,13076,11193.14,17381565,0
"2022-04-12",1217,7193683,1067,6282330,73,584607,2527,3190818,7403,142414,9930,3333232,12287,11109.86,17393852,0
"2022-04-13",1244,7194927,1084,6283414,59,584666,2517,3193335,7530,149944,10047,3343279,12434,11149.14,17406286,0
"2022-04-14",1273,7196200,1102,6284516,59,584725,2441,3195776,6570,156514,9011,3352290,11445,11167.43,17417731,0
"2022-04-15",1347,7197547,1100,6285616,53,584778,2563,3198339,6615,163129,9178,3361468,11678,10706.43,17429409,0
"2022-04-16",865,7198412,655,6286271,33,584811,1642,3199981,3677,166806,5319,3366787,6872,10418,17436281,0
"2022-04-17",347,7198759,202,6286473,27,584838,639,3200620,1154,167960,1793,3368580,2369,10023,17438650,0
"2022-04-18",1393,7200152,1120,6287593,82,584920,2585,3203205,6409,174369,8994,3377574,11589,9810.57,17450239,0
"2022-04-19",1419,7201571,940,6288533,72,584992,2574,3205779,5737,180106,8311,3385885,10742,9589.86,17460981,0
"2022-04-20",1330,7202901,1148,6289681,65,585057,2681,3208460,6614,186720,9295,3395180,11838,9504.71,17472819,0
"2022-04-21",1229,7204130,1063,6290744,53,585110,2330,3210790,5331,192051,7661,3402841,10006,9299.14,17482825,0
"2022-04-22",1219,7205349,1026,6291770,46,585156,2203,3212993,5633,197684,7836,3410677,10127,9077.57,17492952,0
"2022-04-23",718,7206067,752,6292522,59,585215,1426,3214419,3344,201028,4770,3415447,6299,8995.71,17499251,0
"2022-04-24",442,7206509,339,6292861,27,585242,813,3215232,1810,202838,2623,3418070,3431,9147.43,17502682,0
"2022-04-25",1032,7207541,917,6293778,64,585306,1853,3217085,5084,207922,6937,3425007,8950,8770.43,17511632,0
"2022-04-26",949,7208490,859,6294637,76,585382,1754,3218839,4685,212607,6439,3431446,8323,8424.86,17519955,0
"2022-04-27",1041,7209531,1027,6295664,80,585462,1929,3220768,5200,217807,7129,3438575,9277,8059,17529232,0
"2022-04-28",1091,7210622,990,6296654,50,585512,2007,3222775,4723,222530,6730,3445305,8861,7895.43,17538093,0
"2022-04-29",1191,7211813,1109,6297763,60,585572,2161,3224936,5386,227916,7547,3452852,9907,7864,17548000,0
"2022-04-30",730,7212543,743,6298506,43,585615,1395,3226331,2951,230867,4346,3457198,5862,7801.57,17553862,0
"2022-05-01",447,7212990,367,6298873,20,585635,767,3227098,1654,232521,2421,3459619,3255,7776.43,17557117,0
"2022-05-02",1061,7214051,797,6299670,52,585687,1671,3228769,3810,236331,5481,3465100,7391,7553.71,17564508,0
"2022-05-03",1123,7215174,868,6300538,61,585748,1997,3230766,4853,241184,6850,3471950,8902,7636.43,17573410,0
"2022-05-04",1022,7216196,887,6301425,48,585796,1912,3232678,4628,245812,6540,3478490,8497,7525,17581907,0
"2022-05-05",1059,7217255,952,6302377,86,585882,1924,3234602,4865,250677,6789,3485279,8886,7528.57,17590793,0
"2022-05-06",1096,7218351,961,6303338,51,585933,1867,3236469,4382,255059,6249,3491528,8357,7307.14,17599150,0
"2022-05-07",662,7219013,591,6303929,32,585965,1204,3237673,2425,257484,3629,3495157,4914,7171.71,17604064,0
"2022-05-08",417,7219430,246,6304175,17,585982,667,3238340,1380,258864,2047,3497204,2727,7096.29,17606791,0
"2022-05-09",1087,7220517,949,6305124,60,586042,1886,3240226,4420,263284,6306,3503510,8402,7240.71,17615193,0
"2022-05-10",1098,7221615,939,6306063,54,586096,1988,3242214,4705,267989,6693,3510203,8784,7223.86,17623977,0
"2022-05-11",1095,7222710,981,6307044,44,586140,1941,3244155,4824,272813,6765,3516968,8885,7279.29,17632862,0
"2022-05-12",1105,7223815,952,6307996,59,586199,2002,3246157,4656,277469,6658,3523626,8774,7263.29,17641636,0
"2022-05-13",1165,7224980,1041,6309037,44,586243,2061,3248218,4781,282250,6842,3530468,9092,7368.29,17650728,0
"2022-05-14",832,7225812,671,6309708,31,586274,1472,3249690,2942,285192,4414,3534882,5948,7516,17656676,0
"2022-05-15",512,7226324,357,6310065,21,586295,923,3250613,1645,286837,2568,3537450,3458,7620.43,17660134,0
"2022-05-16",1234,7227558,863,6310928,62,586357,1826,3252439,3853,290690,5679,3543129,7838,7539.86,17667972,0
"2022-05-17",1299,7228857,929,6311857,79,586436,2052,3254491,4870,295560,6922,3550051,9229,7603.43,17677201,0
"2022-05-18",1251,7230108,903,6312760,82,586518,2063,3256554,4914,300474,6977,3557028,9213,7650.29,17686414,0
"2022-05-19",1172,7231280,881,6313641,35,586553,2119,3258673,4710,305184,6829,3563857,8917,7670.71,17695331,0
"2022-05-20",1204,7232484,962,6314603,74,586627,2366,3261039,5183,310367,7549,3571406,9789,7770.29,17705120,0
"2022-05-21",838,7233322,647,6315250,23,586650,1727,3262766,3285,313652,5012,3576418,6520,7852,17711640,0
"2022-05-22",514,7233836,290,6315540,22,586672,1134,3263900,1838,315490,2972,3579390,3798,7900.57,17715438,0
"2022-05-23",1228,7235064,893,6316433,47,586719,2187,3266087,4691,320181,6878,3586268,9046,8073.14,17724484,0
"2022-05-24",1435,7236499,941,6317374,66,586785,2294,3268381,4465,324646,6759,3593027,9201,8069.14,17733685,0
"2022-05-25",1442,7237941,959,6318333,56,586841,2261,3270642,4236,328882,6497,3599524,8954,8032.14,17742639,0
"2022-05-26",1183,7239124,874,6319207,60,586901,2261,3272903,4127,333009,6388,3605912,8505,7973.29,17751144,0
"2022-05-27",1259,7240383,960,6320167,38,586939,2490,3275393,3891,336900,6381,3612293,8638,7808.86,17759782,0
"2022-05-28",720,7241103,518,6320685,19,586958,1779,3277172,2060,338960,3839,3616132,5096,7605.43,17764878,0
"2022-05-29",476,7241579,217,6320902,11,586969,763,3277935,1116,340076,1879,3618011,2583,7431.86,17767461,0
"2022-05-30",91,7241670,58,6320960,6,586975,139,3278074,144,340220,283,3618294,438,6202.14,17767899,0
"2022-05-31",1141,7242811,919,6321879,51,587026,1880,3279954,3053,343273,4933,3623227,7044,5894,17774943,0
"2022-06-01",1160,7243971,847,6322726,63,587089,1965,3281919,3402,346675,5367,3628594,7437,5677.29,17782380,0
"2022-06-02",1035,7245006,804,6323530,72,587161,1823,3283742,3155,349830,4978,3633572,6889,5446.43,17789269,0
"2022-06-03",1170,7246176,893,6324423,47,587208,2054,3285796,3475,353305,5529,3639101,7639,5303.71,17796908,0
"2022-06-04",728,7246904,582,6325005,26,587234,1547,3287343,1894,355199,3441,3642542,4777,5258.14,17801685,0
"2022-06-05",450,7247354,298,6325303,1,587235,878,3288221,978,356177,1856,3644398,2605,5261.29,17804290,0
"2022-06-06",1127,7248481,830,6326133,64,587299,1752,3289973,2720,358897,4472,3648870,6493,6126.29,17810783,0
"2022-06-07",1030,7249511,769,6326902,70,587369,1766,3291739,2550,361447,4316,3653186,6185,6003.57,17816968,0
"2022-06-08",1096,7250607,836,6327738,75,587444,1867,3293606,2725,364172,4592,3657778,6599,5883.86,17823567,0
"2022-06-09",1145,7251752,840,6328578,61,587505,2213,3295819,2676,366848,4889,3662667,6935,5890.43,17830502,0
"2022-06-10",1055,7252807,817,6329395,75,587580,1882,3297701,2811,369659,4693,3667360,6640,5747.71,17837142,0
"2022-06-11",683,7253490,510,6329905,25,587605,1316,3299017,1500,371159,2816,3670176,4034,5641.57,17841176,0
"2022-06-12",351,7253841,286,6330191,20,587625,879,3299896,767,371926,1646,3671822,2303,5598.43,17843479,0
"2022-06-13",1037,7254878,767,6330958,63,587688,1567,3301463,2172,374098,3739,3675561,5606,5471.71,17849085,0
"2022-06-14",943,7255821,819,6331777,55,587743,1659,3303122,2484,376582,4143,3679704,5960,5439.57,17855045,0
"2022-06-15",979,7256800,854,6332631,39,587782,1640,3304762,2398,378980,4038,3683742,5910,5341.14,17860955,0
"2022-06-16",942,7257742,778,6333409,59,587841,1808,3306570,2344,381324,4152,3687894,5931,5197.71,17866886,0
"2022-06-17",903,7258645,792,6334201,44,587885,1746,3308316,2385,383709,4131,3692025,5870,5087.71,17872756,0
"2022-06-18",666,7259311,520,6334721,26,587911,1274,3309590,1290,384999,2564,3694589,3776,5050.86,17876532,0
"2022-06-19",354,7259665,236,6334957,16,587927,724,3310314,603,385602,1327,3695916,1933,4998,17878465,0
"2022-06-20",838,7260503,489,6335446,41,587968,1560,3311874,1609,387211,3169,3699085,4537,4845.29,17883002,0
"2022-06-21",1137,7261640,729,6336175,50,588018,1673,3313547,2116,389327,3789,3702874,5705,4808.86,17888707,0
"2022-06-22",1969,7263609,821,6336996,46,588064,1682,3315229,1977,391304,3659,3706533,6495,4892.43,17895202,0
"2022-06-23",2113,7265722,747,6337743,64,588128,1689,3316918,2140,393444,3829,3710362,6753,5009.86,17901955,0
"2022-06-24",2170,7267892,759,6338502,48,588176,1617,3318535,2131,395575,3748,3714110,6725,5132,17908680,0
"2022-06-25",2140,7270032,487,6338989,15,588191,1231,3319766,1132,396707,2363,3716473,5005,5307.57,17913685,0
"2022-06-26",1214,7271246,248,6339237,14,588205,679,3320445,529,397236,1208,3717681,2684,5414.86,17916369,0
"2022-06-27",1524,7272770,649,6339886,60,588265,1450,3321895,1603,398839,3053,3720734,5286,5521.86,17921655,0
"2022-06-28",1689,7274459,829,6340715,50,588315,1842,3323737,2118,400957,3960,3724694,6528,5639.43,17928183,0
"2022-06-29",1831,7276290,764,6341479,48,588363,1677,3325414,1912,402869,3589,3728283,6232,5601.86,17934415,0
"2022-06-30",1848,7278138,800,6342279,46,588409,1726,3327140,2088,404957,3814,3732097,6508,5566.86,17940923,0
"2022-07-01",1567,7279705,591,6342870,25,588434,1379,3328519,1714,406671,3093,3735190,5276,5359.86,17946199,0
"2022-07-02",970,7280675,378,6343248,16,588450,831,3329350,924,407595,1755,3736945,3119,5090.43,17949318,0
"2022-07-03",529,7281204,206,6343454,5,588455,459,3329809,482,408077,941,3737886,1681,4947.14,17950999,0
"2022-07-04",35,7281239,26,6343480,1,588456,30,3329839,38,408115,68,3737954,130,4210.57,17951129,0
"2022-07-05",1270,7282509,747,6344227,35,588491,1389,3331228,1726,409841,3115,3741069,5167,4016.14,17956296,0
"2022-07-06",1597,7284106,674,6344901,44,588535,1415,3332643,1793,411634,3208,3744277,5523,3914.86,17961819,0
"2022-07-07",1551,7285657,707,6345608,46,588581,1502,3334145,1966,413600,3468,3747745,5772,3809.71,17967591,0
"2022-07-08",1614,7287271,641,6346249,37,588618,1459,3335604,1955,415555,3414,3751159,5706,3871.14,17973297,0
"2022-07-09",978,7288249,406,6346655,25,588643,875,3336479,1337,416892,2212,3753371,3621,3942.86,17976918,0
"2022-07-10",643,7288892,184,6346839,17,588660,425,3336904,657,417549,1082,3754453,1926,3977.86,17978844,0
"2022-07-11",1373,7290265,625,6347464,49,588709,1419,3338323,2182,419731,3601,3758054,5648,4766.14,17984492,0
"2022-07-12",1388,7291653,682,6348146,45,588754,1383,3339706,2483,422214,3866,3761920,5981,4882.43,17990473,0
"2022-07-13",1583,7293236,720,6348866,35,588789,1471,3341177,2726,424940,4197,3766117,6535,5027,17997008,0
"2022-07-14",1556,7294792,830,6349696,47,588836,1574,3342751,3029,427969,4603,3770720,7036,5207.57,18004044,0
"2022-07-15",1585,7296377,916,6350612,44,588880,1544,3344295,3020,430989,4564,3775284,7109,5408,18011153,0
"2022-07-16",877,7297254,571,6351183,9,588889,962,3345257,1679,432668,2641,3777925,4098,5476.14,18015251,0
"2022-07-17",546,7297800,292,6351475,16,588905,528,3345785,1161,433829,1689,3779614,2543,5564.29,18017794,0
"2022-07-18",1373,7299173,832,6352307,43,588948,1408,3347193,2412,436241,3820,3783434,6068,5624.29,18023862,0
"2022-07-19",1421,7300594,964,6353271,50,588998,1525,3348718,2753,438994,4278,3787712,6713,5728.86,18030575,0
"2022-07-20",1361,7301955,1451,6354722,50,589048,1313,3350031,2336,441330,3649,3791361,6511,5725.43,18037086,0
"2022-07-21",1316,7303271,1413,6356135,45,589093,1365,3351396,2302,443632,3667,3795028,6441,5640.43,18043527,0
"2022-07-22",1410,7304681,1530,6357665,35,589128,1530,3352926,2810,446442,4340,3799368,7315,5669.86,18050842,0
"2022-07-23",900,7305581,1085,6358750,15,589143,986,3353912,1534,447976,2520,3801888,4520,5730.14,18055362,0
"2022-07-24",488,7306069,638,6359388,14,589157,495,3354407,797,448773,1292,3803180,2432,5714.29,18057794,0
"2022-07-25",1202,7307271,758,6360146,55,589212,1245,3355652,2023,450796,3268,3806448,5283,5602.14,18063077,0
"2022-07-26",1198,7308469,1005,6361151,37,589249,1431,3357083,2370,453166,3801,3810249,6041,5506.14,18069118,0
"2022-07-27",1296,7309765,1249,6362400,40,589289,1364,3358447,2135,455301,3499,3813748,6084,5445.14,18075202,120000
"2022-07-28",1279,7311044,1376,6363776,67,589356,1383,3359830,2120,457421,3503,3817251,6225,5414.29,18081427,120000
"2022-07-29",1290,7312334,1394,6365170,64,589420,1310,3361140,2053,459474,3363,3820614,6111,5242.29,18087538,120000
"2022-07-30",705,7313039,673,6365843,23,589443,764,3361904,920,460394,1684,3822298,3085,5037.29,18090623,120000
"2022-07-31",403,7313442,573,6366416,12,589455,484,3362388,563,460957,1047,3823345,2035,4980.57,18092658,120000
"2022-08-01",1201,7314643,852,6367268,46,589501,1257,3363645,1423,462380,2680,3826025,4779,4908.57,18097437,120000
"2022-08-02",489,7315132,412,6367680,34,589535,475,3364120,661,463041,1136,3827161,2071,4341.43,18099508,120000
