"DATE","ADMIN_DOSE1_DAILY","ADMIN_DOSE1_CUMULATIVE","ADMIN_DOSE2_DAILY","ADMIN_DOSE2_CUMULATIVE","ADMIN_SINGLE_DAILY","ADMIN_SINGLE_CUMULATIVE","ADMIN_ADDITIONAL1_DAILY","ADMIN_ADDITIONAL1_CUMULATIVE","ADMIN_ADDITIONAL2_DAILY","ADMIN_ADDITIONAL2_CUMULATIVE","ADMIN_ADDITIONAL_DAILY","ADMIN_ADDITIONAL_CUMULATIVE","ADMIN_BIVALENT_ADDITIONAL_DAILY","ADMIN_BIVALENT_ADDITIONAL_CUMULATIVE","ADMIN_ALLDOSES_DAILY","ADMIN_ALLDOSES_7DAYAVG","ADMIN_ALLDOSES_CUMULATIVE","ADMIN_ALLDOSES_PRIMARY","INCOMPLETE"
2020-12-14,79,79,0,0,2,2,0,0,0,0,0,0,0,0,81,,81,81,0
2020-12-15,2052,2131,7,7,5,7,0,0,0,0,0,0,0,0,2064,,2145,2145,0
2020-12-16,4606,6737,15,22,4,11,1,1,0,0,1,1,0,0,4626,,6771,6770,0
2020-12-17,4660,11397,18,40,2,13,1,2,0,0,1,2,0,0,4681,,11452,11450,0
2020-12-18,5835,17232,18,58,2,15,2,4,0,0,2,4,0,0,5857,,17309,17305,0
2020-12-19,1688,18920,8,66,3,18,0,4,0,0,0,4,0,0,1699,,19008,19004,0
2020-12-20,1117,20037,2,68,1,19,0,4,0,0,0,4,0,0,1120,2875.43,20128,20124,0
2020-12-21,6392,26429,20,88,0,19,5,9,0,0,5,9,0,0,6417,3780.57,26545,26536,0
2020-12-22,9767,36196,28,116,2,21,1,10,0,0,1,10,0,0,9798,4885.43,36343,36333,0
2020-12-23,14278,50474,36,152,3,24,0,10,0,0,0,10,0,0,14317,6269.86,50660,50650,0
2020-12-24,7173,57647,25,177,1,25,0,10,0,0,0,10,0,0,7199,6629.57,57859,57849,0
2020-12-25,180,57827,0,177,0,25,1,11,0,0,1,11,0,0,181,5818.71,58040,58029,0
2020-12-26,4393,62220,45,222,0,25,1,12,0,0,1,12,0,0,4439,6210.14,62479,62467,0
2020-12-27,3870,66090,14,236,0,25,1,13,0,0,1,13,0,0,3885,6605.14,66364,66351,0
2020-12-28,10993,77083,51,287,1,26,3,16,0,0,3,16,0,0,11048,7266.71,77412,77396,0
2020-12-29,10714,87797,36,323,2,28,3,19,0,0,3,19,0,0,10755,7403.43,88167,88148,0
2020-12-30,12822,100619,45,368,0,28,0,19,0,0,0,19,0,0,12867,7196.29,101034,101015,0
2020-12-31,7260,107879,36,404,1,29,0,19,0,0,0,19,0,0,7297,7210.29,108331,108312,0
2021-01-01,180,108059,2,406,1,30,3,22,0,0,3,22,0,0,186,7211,108517,108495,0
2021-01-02,3809,111868,10,416,3,33,2,24,0,0,2,24,0,0,3824,7123.14,112341,112317,0
2021-01-03,3542,115410,24,440,2,35,1,25,0,0,1,25,0,0,3569,7078,115910,115885,0
2021-01-04,12255,127665,807,1247,2,37,7,32,0,0,7,32,0,0,13071,7367,128981,128949,0
2021-01-05,14090,141755,2195,3442,2,39,13,45,2,2,15,47,0,0,16302,8159.43,145283,145236,0
2021-01-06,17798,159553,3929,7371,1,40,31,76,8,10,39,86,0,0,21767,9430.86,167050,166964,0
2021-01-07,16540,176093,5181,12552,4,44,46,122,3,13,49,135,0,0,21774,11499,188824,188689,0
2021-01-08,16611,192704,5461,18013,0,44,35,157,4,17,39,174,0,0,22111,14631.14,210935,210761,0
2021-01-09,7649,200353,1466,19479,1,45,7,164,2,19,9,183,0,0,9125,15388.43,220060,219877,0
2021-01-10,7880,208233,982,20461,0,45,12,176,0,19,12,195,0,0,8874,16146.29,228934,228739,0
2021-01-11,25811,234044,7459,27920,2,47,56,232,8,27,64,259,0,0,33336,19041.29,262270,262011,0
2021-01-12,28245,262289,7863,35783,1,48,47,279,4,31,51,310,0,0,36160,21878.14,298430,298120,0
2021-01-13,31710,293999,9418,45201,1,49,59,338,5,36,64,374,0,0,41193,24653.29,339623,339249,0
2021-01-14,35801,329800,5300,50501,1,50,34,372,7,43,41,415,0,0,41143,27420.29,380766,380351,0
2021-01-15,29250,359050,3715,54216,2,52,32,404,5,48,37,452,0,0,33004,28976.43,413770,413318,0
2021-01-16,30270,389320,2395,56611,0,52,24,428,6,54,30,482,0,0,32695,32343.57,446465,445983,0
2021-01-17,23735,413055,1640,58251,0,52,20,448,1,55,21,503,0,0,25396,34703.86,471861,471358,0
2021-01-18,27087,440142,2427,60678,0,52,37,485,7,62,44,547,0,0,29559,34164.29,501420,500873,0
2021-01-19,34283,474425,9640,70318,1,53,70,555,6,68,76,623,0,0,44000,35284.29,545420,544797,0
2021-01-20,34856,509281,9500,79818,1,54,61,616,4,72,65,688,0,0,44422,35745.57,589842,589154,0
2021-01-21,25579,534860,8098,87916,2,56,51,667,6,78,57,745,0,0,33736,34687.43,623578,622833,0
2021-01-22,24743,559603,4386,92302,1,57,32,699,8,86,40,785,0,0,29170,34139.71,652748,651963,0
2021-01-23,15743,575346,3225,95527,0,57,10,709,2,88,12,797,0,0,18980,32180.43,671728,670931,0
2021-01-24,7174,582520,3458,98985,0,57,19,728,1,89,20,817,0,0,10652,30074.14,682380,681563,0
2021-01-25,13401,595921,11829,110814,0,57,65,793,14,103,79,896,0,0,25309,29467,707689,706793,0
2021-01-26,16751,612672,10761,121575,0,57,70,863,3,106,74,970,0,0,27586,27122.14,735275,734306,0
2021-01-27,20832,633504,12359,133934,0,57,52,915,9,115,61,1031,0,0,33253,25526.57,768528,767498,0
2021-01-28,30750,664254,12856,146790,0,57,82,997,16,131,98,1129,0,0,43707,26951,812235,811107,0
2021-01-29,31680,695934,11512,158302,0,57,83,1080,12,143,95,1224,0,0,43287,28967.71,855522,854299,0
2021-01-30,18710,714644,3742,162044,0,57,21,1101,2,145,24,1248,0,0,22476,29467.14,877998,876752,0
2021-01-31,13008,727652,2928,164972,1,58,29,1130,5,150,34,1282,0,0,15971,30227,893969,892689,0
2021-02-01,1180,728832,5400,170372,4,62,37,1167,4,154,41,1323,0,0,6625,27557.86,900594,899273,0
2021-02-02,2822,731654,9448,179820,2,64,49,1216,3,157,52,1375,0,0,12324,25377.57,912918,911545,0
2021-02-03,16345,747999,21238,201058,4,68,214,1430,21,178,235,1610,0,0,37822,26030.29,950740,949132,0
2021-02-04,27040,775039,19646,220704,3,71,209,1639,10,188,219,1829,0,0,46908,26487.57,997648,995821,0
2021-02-05,27580,802619,20033,240737,0,71,189,1828,15,203,205,2034,0,0,47818,27134.86,1045466,1043435,0
2021-02-06,22983,825602,11250,251987,0,71,116,1944,12,215,128,2162,0,0,34361,28832.71,1079827,1077668,0
2021-02-07,12032,837634,8283,260270,1,72,98,2042,14,229,113,2275,0,0,20429,29469.57,1100256,1097985,0
2021-02-08,16949,854583,23517,283787,2,74,240,2282,35,264,276,2551,0,0,40744,34343.71,1141000,1138454,0
2021-02-09,17243,871826,28094,311881,2,76,353,2635,42,306,398,2949,0,0,45737,39117,1186737,1183796,0
2021-02-10,19585,891411,29302,341183,2,78,270,2905,53,359,326,3275,0,0,49216,40744.71,1235953,1232689,0
2021-02-11,27831,919242,33466,374649,2,80,350,3255,57,416,407,3682,0,0,61708,42859,1297661,1293990,0
2021-02-12,38362,957604,30807,405456,3,83,362,3617,41,457,404,4086,0,0,69576,45967.29,1367237,1363163,0
2021-02-13,27992,985596,25309,430765,2,85,314,3931,58,515,373,4459,0,0,53677,48726.71,1420914,1416468,0
2021-02-14,16264,1001860,23724,454489,0,85,275,4206,34,549,309,4768,0,0,40297,51565,1461211,1456456,0
2021-02-15,12796,1014656,10523,465012,2,87,178,4384,24,573,203,4971,0,0,23524,49105,1484735,1479778,0
2021-02-16,14236,1028892,26713,491725,0,87,337,4721,40,613,378,5349,0,0,41327,48475,1526062,1520728,0
2021-02-17,16382,1045274,22196,513921,1,88,288,5009,38,651,326,5675,0,0,38905,47002,1564967,1559307,0
2021-02-18,12140,1057414,24987,538908,21,109,298,5307,45,696,343,6018,0,0,37491,43542.43,1602458,1596455,0
2021-02-19,13254,1070668,23924,562832,38,147,315,5622,46,742,361,6379,0,0,37577,38971.14,1640035,1633671,0
2021-02-20,11348,1082016,26074,588906,6,153,334,5956,77,819,413,6792,0,0,37842,36709,1677877,1671102,0
2021-02-21,6357,1088373,17411,606317,15,168,293,6249,46,865,340,7132,0,0,24123,34398.43,1702000,1694886,0
2021-02-22,13042,1101415,11836,618153,2,170,135,6384,20,885,155,7287,0,0,25035,34614.29,1727035,1719766,0
2021-02-23,25245,1126660,14137,632290,1,171,163,6547,35,920,199,7486,0,0,39583,34365.14,1766618,1759151,0
2021-02-24,36344,1163004,20393,652683,0,171,233,6780,42,962,276,7762,0,0,57013,36952,1823631,1815889,0
2021-02-25,54585,1217589,30397,683080,6,177,411,7191,65,1027,477,8239,0,0,85465,43805.43,1909096,1900878,0
2021-02-26,62836,1280425,31875,714955,4,181,417,7608,78,1105,498,8737,0,0,95213,52039.14,2004309,1995596,0
2021-02-27,51269,1331694,22755,737710,47,228,350,7958,53,1158,404,9141,0,0,74475,57272.43,2078784,2069668,0
2021-02-28,44566,1376260,13842,751552,7,235,206,8164,37,1195,243,9384,0,0,58658,62206,2137442,2128083,0
2021-03-01,39307,1415567,12785,764337,10,245,168,8332,24,1219,192,9576,0,0,52294,66100.14,2189736,2180185,0
2021-03-02,47072,1462639,12582,776919,7,252,158,8490,14,1233,172,9748,0,0,59833,68993,2249569,2239846,0
2021-03-03,48596,1511235,16151,793070,17,269,155,8645,21,1254,176,9924,0,0,64940,70125.43,2314509,2304610,0
2021-03-04,59808,1571043,22814,815884,1092,1361,277,8922,36,1290,314,10238,0,0,84028,69920.14,2398537,2388325,0
2021-03-05,60962,1632005,24287,840171,3107,4468,338,9260,37,1327,377,10615,0,0,88733,68994.43,2487270,2476683,0
2021-03-06,47162,1679167,18882,859053,5451,9919,245,9505,39,1366,284,10899,0,0,71779,68609.29,2559049,2548178,0
2021-03-07,36031,1715198,14881,873934,6244,16163,238,9743,20,1386,260,11159,0,0,57416,68431.86,2616465,2605336,0
2021-03-08,39611,1754809,14688,888622,8559,24722,318,10061,92,1478,415,11574,0,0,63273,70000.29,2679738,2668199,0
2021-03-09,39088,1793897,12854,901476,7758,32480,187,10248,35,1513,223,11797,0,0,59923,70013.14,2739661,2727900,0
2021-03-10,51817,1845714,15361,916837,5064,37544,230,10478,34,1547,266,12063,0,0,72508,71094.29,2812169,2800144,0
2021-03-11,59969,1905683,21824,938661,4619,42163,255,10733,49,1596,306,12369,0,0,86718,71478.57,2898887,2886558,0
2021-03-12,52183,1957866,30302,968963,4182,46345,389,11122,85,1681,474,12843,0,0,87141,71251.14,2986028,2973225,0
2021-03-13,40637,1998503,26687,995650,5110,51455,332,11454,54,1735,386,13229,0,0,72821,71400,3058849,3045660,0
2021-03-14,30706,2029209,15970,1011620,4525,55980,247,11701,28,1763,277,13506,0,0,51479,70551.86,3110328,3096864,0
2021-03-15,33645,2062854,17259,1028879,4707,60687,242,11943,33,1796,275,13781,0,0,55886,69496.57,3166214,3152475,0
2021-03-16,38663,2101517,20519,1049398,4925,65612,261,12204,35,1831,297,14078,0,0,64404,70136.71,3230618,3216583,0
2021-03-17,42604,2144121,24791,1074189,4244,69856,349,12553,41,1872,391,14469,0,0,72030,70068.43,3302648,3288223,0
2021-03-18,50421,2194542,26808,1100997,5231,75087,383,12936,62,1934,445,14914,0,0,82905,69523.71,3385553,3370683,0
2021-03-19,47773,2242315,29968,1130965,5625,80712,400,13336,72,2006,472,15386,0,0,83839,69052,3469392,3454050,0
2021-03-20,38699,2281014,25835,1156800,4683,85395,303,13639,60,2066,365,15751,0,0,69582,68589.29,3538974,3523269,0
2021-03-21,29288,2310302,19361,1176161,769,86164,229,13868,44,2110,273,16024,0,0,49691,68333.86,3588665,3572687,0
2021-03-22,33858,2344160,26741,1202902,4037,90201,267,14135,38,2148,306,16330,0,0,64943,69627.71,3653608,3637325,0
2021-03-23,38418,2382578,32849,1235751,4216,94417,300,14435,54,2202,358,16688,0,0,75841,71261.57,3729449,3712812,0
2021-03-24,41480,2424058,37615,1273366,4843,99260,337,14772,63,2265,403,17091,0,0,84341,73020.29,3813790,3796753,0
2021-03-25,43393,2467451,50786,1324152,5051,104311,489,15261,88,2353,581,17672,0,0,99811,75435.43,3913601,3895987,0
2021-03-26,38490,2505941,55498,1379650,4307,108618,544,15805,102,2455,650,18322,0,0,98945,77593.43,4012546,3994286,0
2021-03-27,35731,2541672,45740,1425390,2938,111556,432,16237,84,2539,518,18840,0,0,84927,79785.57,4097473,4078697,0
2021-03-28,26380,2568052,34455,1459845,1482,113038,343,16580,65,2604,412,19252,0,0,62729,81648.14,4160202,4141018,0
2021-03-29,34807,2602859,38858,1498703,3245,116283,360,16940,113,2717,474,19726,0,0,77384,83425.43,4237586,4217929,0
2021-03-30,40496,2643355,41924,1540627,3713,119996,348,17288,65,2782,414,20140,0,0,86547,84954.86,4324133,4304063,0
2021-03-31,49380,2692735,44874,1585501,7438,127434,414,17702,87,2869,501,20641,0,0,102193,87505.14,4426326,4405755,0
2021-04-01,50768,2743503,53953,1639454,11275,138709,504,18206,85,2954,593,21234,0,0,116589,89902,4542915,4521755,0
2021-04-02,43750,2787253,53879,1693333,11969,150678,555,18761,71,3025,631,21865,0,0,110229,91514,4653144,4631358,0
2021-04-03,39240,2826493,39214,1732547,9859,160537,342,19103,61,3086,404,22269,0,0,88717,92055.43,4741861,4719672,0
2021-04-04,26550,2853043,24785,1757332,3903,164440,229,19332,50,3136,279,22548,0,0,55517,91025.14,4797378,4774910,0
2021-04-05,41868,2894911,34483,1791815,11196,175636,386,19718,60,3196,447,22995,0,0,87994,92540.86,4885372,4862458,0
2021-04-06,53253,2948164,35612,1827427,13213,188849,445,20163,79,3275,525,23520,0,0,102603,94834.57,4987975,4964537,0
2021-04-07,55488,3003652,40702,1868129,14386,203235,413,20576,82,3357,497,24017,0,0,111073,96103.14,5099048,5075115,0
2021-04-08,59245,3062897,46590,1914719,16337,219572,531,21107,87,3444,619,24636,0,0,122791,96989.14,5221839,5197288,0
2021-04-09,56631,3119528,44956,1959675,17554,237126,534,21641,78,3522,617,25253,0,0,119758,98350.43,5341597,5316434,0
2021-04-10,49337,3168865,35642,1995317,12720,249846,401,22042,61,3583,466,25719,0,0,98165,99700.14,5439762,5414137,0
2021-04-11,38170,3207035,28827,2024144,7680,257526,295,22337,60,3643,356,26075,0,0,75033,102488.14,5514795,5488815,0
2021-04-12,46625,3253660,31841,2055985,13500,271026,471,22808,68,3711,539,26614,0,0,92505,103132.57,5607300,5580781,0
2021-04-13,52534,3306194,33792,2089777,369,271395,401,23209,64,3775,466,27080,0,0,87161,100926.57,5694461,5667477,0
2021-04-14,50122,3356316,39960,2129737,20,271415,371,23580,77,3852,449,27529,0,0,90551,97994.86,5785012,5757580,0
2021-04-15,52104,3408420,43686,2173423,16,271431,460,24040,107,3959,572,28101,0,0,96379,94221.71,5881391,5853392,0
2021-04-16,51180,3459600,42205,2215628,32,271463,442,24482,71,4030,516,28617,0,0,93933,90532.43,5975324,5946812,0
2021-04-17,43832,3503432,35689,2251317,3,271466,371,24853,86,4116,459,29076,0,0,79983,87935,6055307,6026338,0
2021-04-18,28598,3532030,29362,2280679,7,271473,264,25117,66,4182,331,29407,0,0,58298,85544.29,6113605,6084306,0
2021-04-19,37453,3569483,36452,2317131,22,271495,332,25449,68,4250,402,29809,0,0,74329,82947.71,6187934,6158235,0
2021-04-20,40803,3610286,39628,2356759,19,271514,319,25768,81,4331,401,30210,0,0,80851,82046.29,6268785,6238686,0
2021-04-21,38880,3649166,46023,2402782,16,271530,507,26275,97,4428,605,30815,0,0,85524,81328.14,6354309,6323606,0
2021-04-22,38480,3687646,48965,2451747,9,271539,347,26622,77,4505,426,31241,0,0,87881,80114.14,6442190,6411063,0
2021-04-23,39687,3727333,44384,2496131,3,271542,357,26979,74,4579,433,31674,0,0,84507,78767.57,6526697,6495139,0
2021-04-24,31929,3759262,41608,2537739,44,271586,282,27261,62,4641,344,32018,0,0,73925,77902.14,6600622,6568720,0
2021-04-25,18415,3777677,31226,2568965,87,271673,198,27459,61,4702,259,32277,0,0,49987,76714.86,6650609,6618448,0
2021-04-26,26962,3804639,40725,2609690,1012,272685,301,27760,90,4792,396,32673,0,0,69095,75967.14,6719704,6687152,0
2021-04-27,28565,3833204,47135,2656825,1699,274384,363,28123,94,4886,462,33135,0,0,77861,75540,6797565,6764556,0
2021-04-28,27018,3860222,56844,2713669,2144,276528,447,28570,100,4986,550,33685,0,0,86557,75687.57,6884122,6850566,0
2021-04-29,28595,3888817,57208,2770877,2149,278677,373,28943,98,5084,473,34158,0,0,88425,75765.29,6972547,6938520,0
2021-04-30,30111,3918928,51988,2822865,2058,280735,291,29234,74,5158,366,34524,0,0,84524,75767.71,7057071,7022679,0
2021-05-01,22473,3941401,44541,2867406,1177,281912,236,29470,65,5223,303,34827,0,0,68494,74991.86,7125565,7090872,0
2021-05-02,11918,3953319,36648,2904054,1081,282993,148,29618,56,5279,206,35033,0,0,49853,74972.71,7175418,7140521,0
2021-05-03,18009,3971328,53027,2957081,2382,285375,263,29881,93,5372,358,35391,0,0,73778,75641.71,7249196,7213943,0
2021-05-04,22733,3994061,56649,3013730,2331,287706,270,30151,115,5487,386,35777,0,0,82099,76247.14,7331295,7295657,0
2021-05-05,21475,4015536,48755,3062485,2313,290019,316,30467,105,5592,422,36199,0,0,72966,74305.57,7404261,7368202,0
2021-05-06,20672,4036208,50179,3112664,2508,292527,278,30745,90,5682,372,36571,0,0,73731,72206.43,7477992,7441565,0
2021-05-07,21238,4057446,52102,3164766,2812,295339,317,31062,80,5762,397,36968,0,0,76549,71067.14,7554541,7517717,0
2021-05-08,16625,4074071,41865,3206631,1835,297174,235,31297,72,5834,307,37275,0,0,60632,69944,7615173,7578042,0
2021-05-09,7968,4082039,29407,3236038,1260,298434,155,31452,56,5890,211,37486,0,0,38846,68371.57,7654019,7616677,0
2021-05-10,14378,4096417,38528,3274566,2356,300790,246,31698,92,5982,342,37828,0,0,55604,65775.29,7709623,7671943,0
2021-05-11,19899,4116316,43064,3317630,2514,303304,288,31986,88,6070,381,38209,0,0,65858,63455.14,7775481,7737425,0
2021-05-12,17815,4134131,40537,3358167,3595,306899,236,32222,81,6151,317,38526,0,0,62264,61926.29,7837745,7799372,0
2021-05-13,24962,4159093,40427,3398594,3229,310128,267,32489,78,6229,347,38873,0,0,68965,61245.43,7906710,7867992,0
2021-05-14,27010,4186103,42942,3441536,3536,313664,273,32762,97,6326,372,39245,0,0,73860,60861.29,7980570,7941482,0
2021-05-15,23643,4209746,34923,3476459,3364,317028,255,33017,76,6402,332,39577,0,0,62262,61094.14,8042832,8003413,0
2021-05-16,15516,4225262,19454,3495913,2496,319524,124,33141,47,6449,172,39749,0,0,37638,60921.57,8080470,8040880,0
2021-05-17,22665,4247927,29144,3525057,3253,322777,184,33325,71,6520,255,40004,0,0,55317,60880.57,8135787,8095942,0
2021-05-18,24620,4272547,31913,3556970,3405,326182,241,33566,76,6596,317,40321,0,0,60255,60080.14,8196042,8155880,0
2021-05-19,24180,4296727,29725,3586695,3041,329223,231,33797,49,6645,281,40602,0,0,57227,59360.57,8253269,8212827,0
2021-05-20,24140,4320867,30107,3616802,3163,332386,268,34065,87,6732,360,40962,0,0,57770,57761.29,8311039,8270242,0
2021-05-21,24669,4345536,32004,3648806,3057,335443,250,34315,61,6793,314,41276,0,0,60044,55787.57,8371083,8329975,0
2021-05-22,20013,4365549,24368,3673174,2523,337966,168,34483,48,6841,217,41493,0,0,47121,53624.57,8418204,8376880,0
2021-05-23,11226,4376775,13731,3686905,1411,339377,95,34578,32,6873,129,41622,0,0,26497,52033,8444701,8403250,0
2021-05-24,18861,4395636,23162,3710067,2757,342134,220,34798,55,6928,278,41900,0,0,45058,50567.43,8489759,8448033,0
2021-05-25,19424,4415060,23386,3733453,2602,344736,172,34970,59,6987,231,42131,0,0,45643,48480,8535402,8493445,0
2021-05-26,18778,4433838,21092,3754545,2697,347433,203,35173,48,7035,253,42384,0,0,42820,46421.86,8578222,8536014,0
2021-05-27,18455,4452293,21282,3775827,2531,349964,183,35356,61,7096,245,42629,0,0,42513,44242.29,8620735,8578283,0
2021-05-28,17853,4470146,22882,3798709,2751,352715,190,35546,58,7154,249,42878,0,0,43735,41912.43,8664470,8621770,0
2021-05-29,12703,4482849,17817,3816526,1755,354470,105,35651,39,7193,145,43023,0,0,32420,39812.29,8696890,8654046,0
2021-05-30,7025,4489874,8950,3825476,1074,355544,50,35701,17,7210,67,43090,0,0,17116,38472.14,8714006,8671095,0
2021-05-31,4740,4494614,6922,3832398,1012,356556,65,35766,17,7227,82,43172,0,0,12756,33857.57,8726762,8683769,0
2021-06-01,16048,4510662,25192,3857590,2177,358733,156,35922,43,7270,203,43375,0,0,43620,33568.57,8770382,8727190,0
2021-06-02,15351,4526013,20397,3877987,2095,360828,143,36065,47,7317,190,43565,0,0,38033,32884.71,8808415,8765033,0
2021-06-03,14999,4541012,23825,3901812,2280,363108,129,36194,45,7362,176,43741,0,0,41280,32708.57,8849695,8806139,0
2021-06-04,14711,4555723,26003,3927815,2492,365600,148,36342,42,7404,191,43932,0,0,43397,32660.29,8893092,8849346,0
2021-06-05,10983,4566706,22101,3949916,1806,367406,115,36457,28,7432,144,44076,0,0,35034,33033.71,8928126,8884237,0
2021-06-06,6444,4573150,14484,3964400,1222,368628,89,36546,13,7445,103,44179,0,0,22253,33767.57,8950379,8906388,0
2021-06-07,11694,4584844,21791,3986191,2378,371006,141,36687,38,7483,182,44361,0,0,36045,37094.57,8986424,8942254,0
2021-06-08,12627,4597471,24022,4010213,2071,373077,125,36812,47,7530,173,44534,0,0,38893,36419.29,9025317,8980975,0
2021-06-09,11130,4608601,23027,4033240,2299,375376,139,36951,40,7570,181,44715,0,0,36637,36219.86,9061954,9017433,0
2021-06-10,12055,4620656,22240,4055480,2462,377838,140,37091,60,7630,200,44915,0,0,36957,35602.29,9098911,9054190,0
2021-06-11,12701,4633357,25124,4080604,2483,380321,158,37249,61,7691,220,45135,0,0,40528,35192.43,9139439,9094499,0
2021-06-12,10158,4643515,19321,4099925,1888,382209,93,37342,43,7734,138,45273,0,0,31505,34688.29,9170944,9125868,0
2021-06-13,4255,4647770,10933,4110858,1219,383428,42,37384,22,7756,64,45337,0,0,16471,33862.29,9187415,9142275,0
2021-06-14,10202,4657972,19237,4130095,2043,385471,129,37513,53,7809,182,45519,0,0,31664,33236.43,9219079,9173757,0
2021-06-15,11880,4669852,21019,4151114,1943,387414,132,37645,41,7850,174,45693,0,0,35016,32682.57,9254095,9208600,0
2021-06-16,11582,4681434,19405,4170519,1956,389370,148,37793,73,7923,221,45914,0,0,33164,32186.43,9287259,9241543,0
2021-06-17,11019,4692453,18758,4189277,1973,391343,127,37920,35,7958,164,46078,0,0,31914,31466,9319173,9273295,0
2021-06-18,12167,4704620,18497,4207774,2115,393458,116,38036,37,7995,154,46232,0,0,32933,30381,9352106,9306075,0
2021-06-19,8493,4713113,13515,4221289,1459,394917,88,38124,21,8016,109,46341,0,0,23576,29248.29,9375682,9329542,0
2021-06-20,4335,4717448,7158,4228447,924,395841,37,38161,17,8033,54,46395,0,0,12471,28676.86,9388153,9341959,0
2021-06-21,10155,4727603,10013,4238460,1807,397648,69,38230,27,8060,97,46492,0,0,22072,27306.57,9410225,9363935,0
2021-06-22,9834,4737437,15646,4254106,1589,399237,104,38334,29,8089,133,46625,0,0,27202,26190.29,9437427,9391004,0
2021-06-23,10306,4747743,15190,4269296,1863,401100,102,38436,31,8120,134,46759,0,0,27493,25380.14,9464920,9418364,0
2021-06-24,9684,4757427,14701,4283997,1798,402898,121,38557,26,8146,149,46908,0,0,26332,24582.71,9491252,9444549,0
2021-06-25,10584,4768011,14387,4298384,1721,404619,115,38672,38,8184,153,47061,0,0,26845,23713,9518097,9471241,0
2021-06-26,7798,4775809,10464,4308848,1250,405869,77,38749,24,8208,102,47163,0,0,19614,23147,9537711,9490754,0
2021-06-27,4999,4780808,6001,4314849,795,406664,34,38783,14,8222,49,47212,0,0,11844,23057.43,9549555,9502550,0
2021-06-28,9033,4789841,10344,4325193,1526,408190,109,38892,26,8248,136,47348,0,0,21039,22909.86,9570594,9523454,0
2021-06-29,9733,4799574,12329,4337522,1347,409537,125,39017,32,8280,159,47507,0,0,23568,22390.71,9594162,9546865,0
2021-06-30,9429,4809003,10932,4348454,1486,411023,148,39165,17,8297,168,47675,0,0,22015,21608.14,9616177,9568715,0
2021-07-01,9395,4818398,10924,4359378,1434,412457,133,39298,25,8322,160,47835,0,0,21913,20976.86,9638090,9590470,0
2021-07-02,9688,4828086,11457,4370835,1541,413998,119,39417,21,8343,140,47975,0,0,22827,20402.86,9660917,9613157,0
2021-07-03,7055,4835141,8420,4379255,1192,415190,79,39496,18,8361,97,48072,0,0,16764,19995.71,9677681,9629824,0
2021-07-04,1288,4836429,1334,4380589,567,415757,10,39506,3,8364,13,48085,0,0,3202,18761.14,9680883,9633013,0
2021-07-05,6492,4842921,7109,4387698,1207,416964,66,39572,22,8386,88,48173,0,0,14896,17883.57,9695779,9647821,0
2021-07-06,9509,4852430,12853,4400551,1315,418279,117,39689,38,8424,156,48329,0,0,23833,17921.43,9719612,9671499,0
2021-07-07,8664,4861094,11110,4411661,1418,419697,126,39815,20,8444,146,48475,0,0,21338,17824.71,9740950,9692691,0
2021-07-08,8218,4869312,10195,4421856,1259,420956,108,39923,22,8466,132,48607,0,0,19804,17523.43,9760754,9712365,0
2021-07-09,8373,4877685,10832,4432688,1280,422236,90,40013,20,8486,110,48717,0,0,20595,17204.57,9781349,9732850,0
2021-07-10,7102,4884787,8634,4441322,1131,423367,65,40078,20,8506,86,48803,0,0,16953,17231.57,9798302,9749718,0
2021-07-11,4105,4888892,4539,4445861,701,424068,36,40114,6,8512,42,48845,0,0,9387,18115.14,9807689,9759063,0
2021-07-12,8445,4897337,9559,4455420,1251,425319,84,40198,23,8535,107,48952,0,0,19362,18753.14,9827051,9778318,0
2021-07-13,9460,4906797,9393,4464813,952,426271,109,40307,35,8570,146,49098,0,0,19951,18198.57,9847002,9798125,0
2021-07-14,8996,4915793,9534,4474347,1011,427282,106,40413,22,8592,132,49230,0,0,19673,17960.71,9866675,9817670,0
2021-07-15,8794,4924587,9155,4483502,1054,428336,80,40493,20,8612,101,49331,0,0,19104,17860.71,9885779,9836674,0
2021-07-16,9248,4933835,9760,4493262,981,429317,102,40595,29,8641,131,49462,0,0,20120,17792.86,9905899,9856663,0
2021-07-17,6838,4940673,7386,4500648,803,430120,80,40675,20,8661,100,49562,0,0,15127,17532,9921026,9871690,0
2021-07-18,4253,4944926,4286,4504934,576,430696,35,40710,13,8674,48,49610,0,0,9163,17500,9930189,9880805,0
2021-07-19,9120,4954046,8480,4513414,999,431695,91,40801,22,8696,114,49724,0,0,18713,17407.29,9948902,9899405,0
2021-07-20,10642,4964688,8760,4522174,991,432686,96,40897,25,8721,122,49846,0,0,20515,17487.86,9969417,9919799,0
2021-07-21,10055,4974743,8771,4530945,904,433590,148,41045,33,8754,181,50027,0,0,19911,17521.86,9989328,9939529,0
2021-07-22,10684,4985427,8585,4539530,1046,434636,146,41191,27,8781,174,50201,0,0,20489,17719.71,10009817,9959845,0
2021-07-23,11247,4996674,8883,4548413,1114,435750,138,41329,23,8804,163,50364,0,0,21407,17903.57,10031224,9981091,0
2021-07-24,7398,5004072,6739,4555152,670,436420,82,41411,26,8830,109,50473,0,0,14916,17873.43,10046140,9995899,0
2021-07-25,5473,5009545,2128,4557280,509,436929,58,41469,4,8834,62,50535,0,0,8172,17731.86,10054312,10004009,0
2021-07-26,10868,5020413,7005,4564285,859,437788,112,41581,20,8854,132,50667,0,0,18864,17753.43,10073176,10022741,0
2021-07-27,12064,5032477,8573,4572858,857,438645,136,41717,40,8894,177,50844,0,0,21671,17918.57,10094847,10044236,0
2021-07-28,12011,5044488,8054,4580912,950,439595,134,41851,28,8922,163,51007,0,0,21178,18099.57,10116025,10065252,0
2021-07-29,10931,5055419,7435,4588347,983,440578,134,41985,39,8961,177,51184,0,0,19526,17962,10135551,10084605,0
2021-07-30,14953,5070372,8014,4596361,1152,441730,184,42169,31,8992,217,51401,0,0,24336,18380.43,10159887,10108726,0
2021-07-31,9721,5080093,6320,4602681,815,442545,123,42292,20,9012,144,51545,0,0,17000,18678.14,10176887,10125583,0
2021-08-01,6499,5086592,3313,4605994,564,443109,81,42373,21,9033,102,51647,0,0,10478,19007.57,10187365,10135959,0
2021-08-02,13446,5100038,7152,4613146,846,443955,151,42524,19,9052,170,51817,0,0,21614,19400.43,10208979,10157403,0
2021-08-03,15407,5115445,8391,4621537,1109,445064,143,42667,40,9092,184,52001,0,0,25091,19889,10234070,10182311,0
2021-08-04,17261,5132706,8130,4629667,1454,446518,182,42849,35,9127,217,52218,0,0,27062,20729.57,10261132,10209156,0
2021-08-05,17885,5150591,7932,4637599,1370,447888,159,43008,21,9148,180,52398,0,0,27367,21849.71,10288499,10236343,0
2021-08-06,18177,5168768,8417,4646016,1231,449119,169,43177,32,9180,201,52599,0,0,28026,22376.86,10316525,10264168,0
2021-08-07,13380,5182148,6019,4652035,799,449918,101,43278,28,9208,129,52728,0,0,20327,22852.14,10336852,10284366,0
2021-08-08,9309,5191457,3834,4655869,400,450318,84,43362,10,9218,94,52822,0,0,13637,23303.43,10350489,10297909,0
2021-08-09,21344,5212801,8526,4664395,965,451283,172,43534,34,9252,207,53029,0,0,31042,24650.29,10381531,10328745,0
2021-08-10,18946,5231747,9331,4673726,946,452229,180,43714,33,9285,214,53243,0,0,29437,25271.14,10410968,10357969,0
2021-08-11,15642,5247389,8314,4682040,853,453082,130,43844,45,9330,176,53419,0,0,24985,24974.43,10435953,10382779,0
2021-08-12,15054,5262443,8988,4691028,942,454024,177,44021,35,9365,214,53633,0,0,25198,24664.57,10461151,10407765,0
2021-08-13,14919,5277362,9293,4700321,919,454943,245,44266,38,9403,284,53917,0,0,25416,24291.71,10486567,10432898,0
2021-08-14,10395,5287757,6409,4706730,625,455568,534,44800,41,9444,578,54495,0,0,18007,23960.29,10504574,10450330,0
2021-08-15,6689,5294446,4483,4711213,676,456244,567,45367,33,9477,604,55099,0,0,12452,23791,10517026,10462182,0
2021-08-16,15710,5310156,9305,4720518,1150,457394,1326,46693,66,9543,1397,56496,0,0,27562,23293.86,10544588,10488352,0
2021-08-17,17762,5327918,10458,4730976,1229,458623,1773,48466,85,9628,1872,58368,0,0,31321,23563,10575909,10517815,0
2021-08-18,17487,5345405,10377,4741353,1260,459883,1997,50463,93,9721,2101,60469,0,0,31225,24454.43,10607134,10546950,0
2021-08-19,16286,5361691,9530,4750883,1315,461198,1960,52423,67,9788,2040,62509,0,0,29171,25022,10636305,10574094,0
2021-08-20,16269,5377960,11540,4762423,1253,462451,1868,54291,86,9874,1968,64477,0,0,31030,25824,10667335,10603170,0
2021-08-21,11143,5389103,8039,4770462,878,463329,1065,55356,53,9927,1125,65602,0,0,21185,26278,10688520,10623237,0
2021-08-22,4077,5393180,3904,4774366,261,463590,517,55873,34,9961,555,66157,0,0,8797,25755.86,10697317,10631483,0
2021-08-23,15576,5408756,11809,4786175,1022,464612,1550,57423,76,10037,1639,67796,0,0,30047,26110.86,10727364,10659904,0
2021-08-24,16912,5425668,12596,4798771,1007,465619,1776,59199,80,10117,1864,69660,0,0,32379,26262,10759743,10690427,0
2021-08-25,14565,5440233,12454,4811225,1112,466731,1569,60768,79,10196,1663,71323,0,0,29794,26057.57,10789537,10718573,0
2021-08-26,16142,5456375,14100,4825325,1071,467802,1781,62549,68,10264,1860,73183,0,0,33173,26629.29,10822710,10749897,0
2021-08-27,14873,5471248,14827,4840152,971,468773,1675,64224,74,10338,1757,74940,0,0,32428,26829,10855138,10780576,0
2021-08-28,10674,5481922,11524,4851676,835,469608,1018,65242,45,10383,1064,76004,0,0,24097,27245,10879235,10803610,0
2021-08-29,7211,5489133,7498,4859174,541,470149,781,66023,58,10441,848,76852,0,0,16098,28288,10895333,10818869,0
2021-08-30,15516,5504649,16927,4876101,1076,471225,1794,67817,90,10531,1893,78745,0,0,35412,29054.43,10930745,10852397,0
2021-08-31,15505,5520154,15960,4892061,952,472177,1978,69795,89,10620,2077,80822,0,0,34494,29356.57,10965239,10884824,0
2021-09-01,14830,5534984,14109,4906170,1020,473197,1812,71607,63,10683,1885,82707,0,0,31844,29649.43,10997083,10914793,0
2021-09-02,14311,5549295,12529,4918699,896,474093,1715,73322,62,10745,1792,84499,0,0,29528,29128.71,11026611,10942544,0
2021-09-03,14999,5564294,14311,4933010,974,475067,1900,75222,73,10818,1979,86478,0,0,32263,29105.14,11058874,10972834,0
2021-09-04,9645,5573939,9404,4942414,688,475755,977,76199,35,10853,1017,87495,0,0,20754,28627.57,11079628,10992576,0
2021-09-05,6794,5580733,5513,4947927,438,476193,718,76917,17,10870,736,88231,0,0,13481,28253.71,11093109,11005322,0
2021-09-06,5195,5585928,4511,4952438,358,476551,273,77190,11,10881,286,88517,0,0,10350,24673.43,11103459,11015388,0
2021-09-07,15569,5601497,17701,4970139,912,477463,1559,78749,92,10973,1659,90176,0,0,35841,24865.86,11139300,11049578,0
2021-09-08,16151,5617648,14829,4984968,1071,478534,1779,80528,84,11057,1875,92051,0,0,33926,25163.29,11173226,11081641,0
2021-09-09,16096,5633744,14757,4999725,1047,479581,1921,82449,75,11132,2007,94058,0,0,33907,25788.86,11207133,11113552,0
2021-09-10,18355,5652099,15401,5015126,1207,480788,1979,84428,82,11214,2068,96126,0,0,37031,26470,11244164,11148522,0
2021-09-11,12631,5664730,10350,5025476,958,481746,1029,85457,50,11264,1085,97211,0,0,25024,27080,11269188,11172467,0
2021-09-12,8535,5673265,5052,5030528,765,482511,693,86150,31,11295,725,97936,0,0,15077,27308,11284265,11186820,0
2021-09-13,16919,5690184,12967,5043495,976,483487,1660,87810,53,11348,1722,99658,0,0,32584,30484.29,11316849,11217691,0
2021-09-14,16264,5706448,13677,5057172,885,484372,1601,89411,57,11405,1669,101327,0,0,32495,30006.29,11349344,11248528,0
2021-09-15,15520,5721968,12889,5070061,727,485099,1575,90986,82,11487,1666,102993,0,0,30802,29560,11380146,11277673,0
2021-09-16,15330,5737298,13916,5083977,1210,486309,1466,92452,67,11554,1540,104533,0,0,31996,29287,11412142,11308136,0
2021-09-17,14429,5751727,13957,5097934,922,487231,1842,94294,58,11612,1902,106435,0,0,31210,28455.43,11443352,11337446,0
2021-09-18,9990,5761717,10186,5108120,913,488144,1051,95345,44,11656,1099,107534,0,0,22188,28050.29,11465540,11358539,0
2021-09-19,6172,5767889,6075,5114195,558,488702,748,96093,28,11684,781,108315,0,0,13586,27837.29,11479126,11371349,0
2021-09-20,12664,5780553,12633,5126828,1068,489770,1926,98019,62,11746,1997,110312,0,0,28362,27234.14,11507488,11397723,0
2021-09-21,12218,5792771,12774,5139602,1108,490878,2035,100054,78,11824,2128,112440,0,0,28228,26624.57,11535716,11423838,0
2021-09-22,12819,5805590,12005,5151607,1090,491968,1689,101743,70,11894,1765,114205,0,0,27679,26178.43,11563395,11449758,0
2021-09-23,14924,5820514,12765,5164372,1639,493607,2271,104014,74,11968,2352,116557,0,0,31680,26133.29,11595075,11479093,0
2021-09-24,16441,5836955,13366,5177738,1636,495243,4626,108640,126,12094,4771,121328,0,0,36214,26848.14,11631289,11510555,0
2021-09-25,10524,5847479,9027,5186765,1017,496260,3466,112106,81,12175,3563,124891,0,0,24131,27125.71,11655420,11531139,0
2021-09-26,6290,5853769,5767,5192532,773,497033,2423,114529,61,12236,2495,127386,0,0,15325,27374.14,11670745,11543980,0
2021-09-27,14134,5867903,8062,5200594,1155,498188,9084,123613,160,12396,9294,136680,0,0,32646,27986.14,11703391,11567382,0
2021-09-28,11108,5879011,11789,5212383,901,499089,9939,133552,179,12575,10153,146833,0,0,33951,28803.71,11737342,11591215,0
2021-09-29,11596,5890607,12195,5224578,1205,500294,9458,143010,172,12747,9664,156497,0,0,34661,29801.14,11772003,11616246,0
2021-09-30,12216,5902823,12610,5237188,1338,501632,9763,152773,178,12925,9976,166473,0,0,36140,30438.29,11808143,11642445,0
2021-10-01,12625,5915448,13429,5250617,1284,502916,10288,163061,150,13075,10474,176947,0,0,37812,30666.57,11845955,11669819,0
2021-10-02,7720,5923168,9979,5260596,865,503781,4245,167306,80,13155,4351,181298,0,0,22915,30492.86,11868870,11688409,0
2021-10-03,5059,5928227,6157,5266753,593,504374,2623,169929,59,13214,2692,183990,1,1,14502,30375.29,11883372,11700228,0
2021-10-04,9903,5938130,11019,5277772,914,505288,9535,179464,148,13362,9720,193710,0,1,31556,30219.57,11914928,11722101,0
2021-10-05,10136,5948266,11737,5289509,972,506260,9961,189425,179,13541,10182,203892,0,1,33027,30087.57,11947955,11744988,0
2021-10-06,9878,5958144,11049,5300558,936,507196,9947,199372,161,13702,10143,214035,0,1,32006,29708.29,11979961,11766886,0
2021-10-07,9596,5967740,12158,5312716,850,508046,10186,209558,175,13877,10394,224429,0,1,32998,29259.43,12012959,11789523,0
2021-10-08,9432,5977172,12182,5324898,941,508987,10920,220478,166,14043,11126,235555,0,1,33681,28669.29,12046640,11812118,0
2021-10-09,6231,5983403,8238,5333136,643,509630,4128,224606,90,14133,4234,239789,0,1,19346,28159.43,12065986,11827246,0
2021-10-10,3529,5986932,5030,5338166,458,510088,2438,227044,48,14181,2494,242283,0,1,11511,27732.14,12077497,11836271,0
2021-10-11,7602,5994534,9336,5347502,728,510816,8898,235942,166,14347,9087,251370,0,1,26753,27046,12104250,11853960,0
2021-10-12,8056,6002590,10995,5358497,891,511707,10529,246471,184,14531,10755,262125,0,1,30697,26713.14,12134947,11873944,0
2021-10-13,7136,6009726,10149,5368646,869,512576,8809,255280,182,14713,9021,271146,0,1,27175,26023,12162122,11892128,0
2021-10-14,7410,6017136,11120,5379766,837,513413,10132,265412,165,14878,10335,281481,0,1,29702,25552.14,12191824,11911533,0
2021-10-15,7707,6024843,11858,5391624,823,514236,10859,276271,172,15050,11066,292547,0,1,31454,25234,12223278,11931956,0
2021-10-16,4859,6029702,7467,5399091,666,514902,3848,280119,67,15117,3927,296474,0,1,16919,24887.29,12240197,11944960,0
2021-10-17,3050,6032752,4473,5403564,411,515313,2456,282575,44,15161,2507,298981,0,1,10441,24734.43,12250638,11952901,0
2021-10-18,7023,6039775,10670,5414234,796,516109,9496,292071,182,15343,9712,308693,0,1,28201,24941.29,12278839,11971424,0
2021-10-19,6555,6046330,8944,5423178,804,516913,9105,301176,174,15517,9319,318012,1,2,25623,24216.43,12304462,11987767,0
2021-10-20,6522,6052852,9370,5432548,975,517888,10001,311177,178,15695,10218,328230,3,5,27087,24203.86,12331549,12004672,0
2021-10-21,7012,6059864,9386,5441934,858,518746,10862,322039,159,15854,11055,339285,1,6,28312,24005.29,12359861,12021962,0
2021-10-22,8095,6067959,10344,5452278,1026,519772,16365,338404,221,16075,16640,355925,0,6,36105,24669.71,12395966,12041481,0
2021-10-23,5155,6073114,6458,5458736,690,520462,9132,347536,118,16193,9269,365194,0,6,21572,25334.43,12417538,12053803,0
2021-10-24,3253,6076367,3966,5462702,769,521231,6174,353710,79,16272,6277,371471,1,7,14266,25880.86,12431804,12061815,0
2021-10-25,8728,6085095,8746,5471448,1150,522381,19281,372991,301,16573,19651,391122,0,7,38275,27320,12470079,12080508,0
2021-10-26,8164,6093259,7723,5479171,1258,523639,17311,390302,273,16846,17654,408776,0,7,34799,28630.86,12504878,12097723,0
2021-10-27,10514,6103773,8394,5487565,1605,525244,20890,411192,322,17168,21280,430056,0,7,41793,30731.71,12546671,12118304,0
2021-10-28,11271,6115044,8030,5495595,1794,527038,20894,432086,326,17494,21286,451342,0,7,42381,32741.57,12589052,12139465,0
2021-10-29,11818,6126862,8230,5503825,1968,529006,22574,454660,342,17836,22988,474330,1,8,45006,34013.14,12634058,12161554,0
2021-10-30,4605,6131467,5064,5508889,932,529938,11192,465852,167,18003,11399,485729,0,8,22000,34074.29,12656058,12172195,0
2021-10-31,2649,6134116,2699,5511588,544,530482,6648,472500,105,18108,6776,492505,1,9,12668,33846,12668726,12178109,0
2021-11-01,7084,6141200,6953,5518541,1087,531569,20428,492928,333,18441,20816,513321,0,9,35940,33512.43,12704666,12193288,0
2021-11-02,6537,6147737,6587,5525128,1055,532624,20812,513740,278,18719,21165,534486,0,9,35344,33590.29,12740010,12207542,0
2021-11-03,6810,6154547,6679,5531807,1026,533650,20667,534407,315,19034,21056,555542,0,9,35573,32701.71,12775583,12222133,0
2021-11-04,9267,6163814,6278,5538085,995,534645,22410,556817,345,19379,22838,578380,0,9,39378,32272.71,12814961,12238756,0
2021-11-05,11012,6174826,6719,5544804,1051,535696,23799,580616,355,19734,24234,602614,0,9,43016,31988.43,12857977,12257618,0
2021-11-06,11107,6185933,4048,5548852,594,536290,12613,593229,172,19906,12822,615436,0,9,28571,32927.14,12886548,12273404,0
2021-11-07,7231,6193164,2286,5551138,577,536867,7121,600350,98,20004,7234,622670,0,9,17328,33592.86,12903876,12283513,0
2021-11-08,15027,6208191,5677,5556815,863,537730,19539,619889,283,20287,19888,642558,1,10,41456,34380.86,12945332,12305146,0
2021-11-09,16115,6224306,5387,5562202,659,538389,20552,640441,275,20562,20908,663466,0,10,43069,35484.43,12988401,12327388,0
2021-11-10,16878,6241184,5321,5567523,682,539071,22702,663143,292,20854,23063,686529,0,10,45944,36966,13034345,12350338,0
2021-11-11,12515,6253699,5180,5572703,760,539831,22138,685281,289,21143,22497,709026,0,10,40952,37190.86,13075297,12368863,0
2021-11-12,16894,6270593,5687,5578390,705,540536,23467,708748,354,21497,23896,732922,1,11,47183,37786.14,13122480,12392224,0
2021-11-13,9907,6280500,3662,5582052,464,541000,13360,722108,183,21680,13586,746508,0,11,27619,37650.14,13150099,12406300,0
2021-11-14,5985,6286485,2286,5584338,324,541324,7953,730061,80,21760,8054,754562,0,11,16649,37553.14,13166748,12414916,0
2021-11-15,13190,6299675,5974,5590312,690,542014,25161,755222,367,22127,25608,780170,0,11,45462,38125.43,13212210,12434850,0
2021-11-16,9905,6309580,5782,5596094,653,542667,30723,785945,435,22562,31234,811404,1,12,47576,38769.29,13259786,12451267,0
2021-11-17,10234,6319814,6668,5602762,681,543348,31501,817446,421,22983,32011,843415,0,12,49594,39290.71,13309380,12468939,0
2021-11-18,10654,6330468,6531,5609293,855,544203,33092,850538,462,23445,33649,877064,0,12,51689,40824.57,13361069,12487074,0
2021-11-19,11934,6342402,6550,5615843,710,544913,36332,886870,463,23908,36885,913949,0,12,56079,42095.43,13417148,12506358,0
2021-11-20,9276,6351678,3415,5619258,513,545426,22562,909432,260,24168,22874,936823,0,12,36078,43303.86,13453226,12519614,0
2021-11-21,4906,6356584,1887,5621145,288,545714,13243,922675,151,24319,13419,950242,1,13,20501,43854.14,13473727,12526720,0
2021-11-22,10351,6366935,5781,5626926,750,546464,36009,958684,444,24763,36543,986785,0,13,53426,44991.86,13527153,12543693,0
2021-11-23,9718,6376653,4783,5631709,633,547097,33597,992281,378,25141,34047,1020832,0,13,49182,45221.29,13576335,12558900,0
2021-11-24,8637,6385290,4749,5636458,648,547745,25986,1018267,287,25428,26344,1047176,0,13,40378,43904.71,13616713,12573005,0
2021-11-25,447,6385737,328,5636786,80,547825,1003,1019270,9,25437,1012,1048188,0,13,1867,36787.29,13618580,12573860,0
2021-11-26,8016,6393753,6991,5643777,528,548353,26629,1045899,306,25743,26991,1075179,0,13,42526,34851.14,13661106,12589451,0
2021-11-27,6646,6400399,6831,5650608,370,548723,18888,1064787,225,25968,19148,1094327,0,13,32996,34410.86,13694102,12603334,0
2021-11-28,4045,6404444,5788,5656396,281,549004,11930,1076717,123,26091,12072,1106399,0,13,22186,34651.57,13716288,12613467,0
2021-11-29,9034,6413478,11005,5667401,685,549689,35138,1111855,449,26540,35662,1142061,0,13,56386,35074.43,13772674,12634266,0
2021-11-30,10429,6423907,11446,5678847,512,550201,37872,1149727,498,27038,38483,1180544,0,13,60870,36744.14,13833544,12656766,0
2021-12-01,11100,6435007,10986,5689833,724,550925,40451,1190178,438,27476,40989,1221533,0,13,63800,40090.14,13897344,12679677,0
2021-12-02,11583,6446590,11044,5700877,624,551549,42269,1232447,452,27928,42819,1264352,0,13,66070,49262,13963414,12703026,0
2021-12-03,13386,6459976,12907,5713784,667,552216,48069,1280516,524,28452,48697,1313049,1,14,75658,53995.14,14039072,12730090,0
2021-12-04,9783,6469759,11290,5725074,564,552780,30753,1311269,305,28757,31112,1344161,0,14,52749,56817,14091821,12751781,0
2021-12-05,5714,6475473,5704,5730778,270,553050,16696,1327965,132,28889,16863,1361024,0,14,28551,57726.29,14120372,12763504,0
2021-12-06,12261,6487734,9986,5740764,599,553649,43364,1371329,456,29345,43911,1404935,0,14,66757,59207.86,14187129,12786441,0
2021-12-07,12510,6500244,9256,5750020,623,554272,43159,1414488,512,29857,43757,1448692,0,14,66146,59961.57,14253275,12808916,0
2021-12-08,13450,6513694,8777,5758797,555,554827,40905,1455393,480,30337,41464,1490156,0,14,64246,60025.29,14317521,12831777,0
2021-12-09,13415,6527109,8756,5767553,554,555381,40930,1496323,495,30832,41521,1531677,0,14,64246,59764.71,14381767,12854598,0
2021-12-10,13959,6541068,10152,5777705,668,556049,43777,1540100,502,31334,44369,1576046,0,14,69148,58834.71,14450915,12879467,0
2021-12-11,10217,6551285,8131,5785836,405,556454,26754,1566854,283,31617,27086,1603132,0,14,45840,57847.71,14496755,12898270,0
2021-12-12,5985,6557270,3858,5789694,287,556741,15197,1582051,135,31752,15356,1618488,0,14,25486,57409.86,14522241,12908424,0
2021-12-13,12145,6569415,7431,5797125,655,557396,38003,1620054,400,32152,38485,1656973,0,14,58716,56261.14,14580957,12928737,0
2021-12-14,12176,6581591,6951,5804076,730,558126,38252,1658306,440,32592,38760,1695733,0,14,58617,55185.57,14639574,12948662,0
2021-12-15,12028,6593619,6247,5810323,756,558882,38243,1696549,490,33082,38811,1734544,0,14,57843,54270.86,14697417,12967772,0
2021-12-16,13107,6606726,4270,5814593,739,559621,41221,1737770,463,33545,41756,1776300,0,14,59872,53646,14757289,12985960,0
2021-12-17,15883,6622609,6941,5821534,618,560239,46903,1784673,480,34025,47479,1823779,0,14,70921,53899.29,14828210,13009498,0
2021-12-18,12961,6635570,5722,5827256,432,560671,30669,1815342,277,34302,31003,1854782,0,14,50118,54510.43,14878328,13028670,0
2021-12-19,6983,6642553,2994,5830250,326,560997,18043,1833385,172,34474,18246,1873028,0,14,28549,54948,14906877,13039004,0
2021-12-20,16774,6659327,5856,5836106,745,561742,47592,1880977,573,35047,48244,1921272,0,14,71619,56791.29,14978496,13062458,0
2021-12-21,17904,6677231,6575,5842681,804,562546,49012,1929989,590,35637,49681,1970953,0,14,74964,59126.57,15053460,13087820,0
2021-12-22,18502,6695733,6556,5849237,937,563483,49817,1979806,534,36171,50430,2021383,1,15,76426,61781.29,15129886,13113894,0
2021-12-23,18977,6714710,6487,5855724,930,564413,45967,2025773,529,36700,46564,2067947,0,15,72958,63650.71,15202844,13140356,0
2021-12-24,9200,6723910,2951,5858675,598,565011,20639,2046412,213,36913,20885,2088832,0,15,33634,58324,15236478,13153138,0
2021-12-25,344,6724254,63,5858738,31,565042,426,2046838,8,36921,436,2089268,0,15,874,51289.14,15237352,13153578,0
2021-12-26,7936,6732190,3928,5862666,341,565383,17308,2064146,175,37096,17514,2106782,0,15,29719,51456.29,15267071,13165814,0
2021-12-27,21724,6753914,9203,5871869,932,566315,43531,2107677,558,37654,44162,2150944,0,15,76021,52085.14,15343092,13197746,0
2021-12-28,20087,6774001,8339,5880208,702,567017,47657,2155334,622,38276,48366,2199310,0,15,77494,52446.57,15420586,13226961,0
2021-12-29,18451,6792452,7670,5887878,607,567624,45645,2200979,490,38766,46208,2245518,0,15,72936,51948,15493522,13253762,0
2021-12-30,16842,6809294,7428,5895306,588,568212,44916,2245895,589,39355,45591,2291109,0,15,70449,51589.57,15563971,13278706,0
2021-12-31,5344,6814638,2810,5898116,193,568405,14784,2260679,187,39542,14994,2306103,0,15,23341,50119.14,15587312,13287076,0
2022-01-01,244,6814882,147,5898263,12,568417,502,2261181,22,39564,528,2306631,0,15,931,50127.29,15588243,13287483,0
2022-01-02,6417,6821299,5022,5903285,153,568570,10992,2272173,111,39675,11120,2317751,0,15,22712,49126.29,15610955,13299092,0
2022-01-03,14104,6835403,8506,5911791,514,569084,27008,2299181,345,40020,27397,2345148,0,15,50521,45483.43,15661476,13322260,0
2022-01-04,12793,6848196,8128,5919919,415,569499,27289,2326470,369,40389,27714,2372862,0,15,49050,41420,15710526,13343652,0
2022-01-05,11298,6859494,7022,5926941,384,569883,26020,2352490,315,40704,26376,2399238,0,15,45080,37440.57,15755606,13362397,0
2022-01-06,11324,6870818,7394,5934335,485,570368,27663,2380153,348,41052,28064,2427302,0,15,47267,34128.86,15802873,13381653,0
2022-01-07,10130,6880948,8458,5942793,339,570707,25230,2405383,324,41376,25588,2452890,0,15,44516,37153.86,15847389,13400615,0
2022-01-08,7661,6888609,8590,5951383,311,571018,19625,2425008,183,41559,19825,2472715,0,15,36388,42219.14,15883777,13417195,0
2022-01-09,4112,6892721,3842,5955225,214,571232,10082,2435090,95,41654,10187,2482902,0,15,18355,41596.71,15902132,13425373,0
2022-01-10,10148,6902869,8193,5963418,490,571722,24638,2459728,305,41959,24992,2507894,1,16,43823,40639.86,15945955,13444252,0
2022-01-11,8851,6911720,7992,5971410,521,572243,21057,2480785,294,42253,21395,2529289,0,16,38761,39170,15984716,13461662,0
2022-01-12,8911,6920631,8329,5979739,428,572671,22386,2503171,287,42540,22708,2551997,1,17,40377,38498.14,16025093,13479365,0
2022-01-13,9005,6929636,8868,5988607,451,573122,22933,2526104,320,42860,23289,2575286,0,17,41614,37690.57,16066707,13497726,0
2022-01-14,10077,6939713,8126,5996733,475,573597,26467,2552571,334,43194,26843,2602129,0,17,45521,37834.14,16112228,13516446,0
2022-01-15,6190,6945903,4310,6001043,179,573776,15162,2567733,180,43374,15364,2617493,0,17,26043,36356.29,16138271,13527147,0
2022-01-16,2901,6948804,3248,6004291,95,573871,7839,2575572,86,43460,7934,2625427,0,17,14178,35759.57,16152449,13533400,0
2022-01-17,6039,6954843,6752,6011043,363,574234,14709,2590281,221,43681,14948,2640375,0,17,28102,33513.71,16180551,13546572,0
2022-01-18,8134,6962977,10322,6021365,395,574629,19699,2609980,318,43999,20046,2660421,0,17,38897,33533.14,16219448,13565452,0
2022-01-19,7428,6970405,9256,6030621,303,574932,17738,2627718,279,44278,18049,2678470,0,17,35037,32770.29,16254485,13582472,0
2022-01-20,6243,6976648,8562,6039183,305,575237,15289,2643007,253,44531,15568,2694038,0,17,30678,31208,16285163,13597608,0
2022-01-21,7534,6984182,7514,6046697,276,575513,18533,2661540,290,44821,18847,2712885,0,17,34171,29586.57,16319334,13612956,0
2022-01-22,5175,6989357,4936,6051633,131,575644,11337,2672877,128,44949,11489,2724374,0,17,21731,28970.57,16341065,13623222,0
2022-01-23,2792,6992149,3330,6054963,97,575741,6247,2679124,76,45025,6331,2730705,0,17,12550,28738,16353615,13629449,0
2022-01-24,6341,6998490,8205,6063168,262,576003,15091,2694215,244,45269,15362,2746067,0,17,30170,29033.43,16383785,13644284,0
2022-01-25,6160,7004650,7948,6071116,231,576234,14721,2708936,262,45531,15014,2761081,0,17,29353,27670,16413138,13658654,0
2022-01-26,5732,7010382,7181,6078297,289,576523,14028,2722964,214,45745,14269,2775350,0,17,27471,26589.14,16440609,13671883,0
2022-01-27,5234,7015616,7094,6085391,320,576843,14104,2737068,235,45980,14377,2789727,0,17,27025,26067.29,16467634,13684569,0
2022-01-28,6231,7021847,7882,6093273,204,577047,16145,2753213,240,46220,16408,2806135,0,17,30725,25575,16498359,13698909,0
2022-01-29,838,7022685,729,6094002,28,577075,2539,2755752,41,46261,2583,2808718,0,17,4178,23067.43,16502537,13700507,0
2022-01-30,2081,7024766,3023,6097025,103,577178,4551,2760303,62,46323,4616,2813334,0,17,9823,22677.86,16512360,13705717,0
2022-01-31,4988,7029754,6594,6103619,220,577398,11408,2771711,198,46521,11621,2824955,0,17,23423,21714,16535783,13717534,0
2022-02-01,4813,7034567,6448,6110067,220,577618,10728,2782439,221,46742,10967,2835922,0,17,22448,20727.57,16558231,13729033,0
2022-02-02,4251,7038818,5940,6116007,212,577830,11253,2793692,244,46986,11515,2847437,0,17,21918,19934.29,16580149,13739454,0
2022-02-03,4207,7043025,5818,6121825,216,578046,11235,2804927,201,47187,11460,2858897,0,17,21701,19173.71,16601850,13749719,0
2022-02-04,4744,7047769,7118,6128943,214,578260,13237,2818164,239,47426,13500,2872397,0,17,25576,18438.14,16627426,13761819,0
2022-02-05,3560,7051329,6053,6134996,110,578370,8590,2826754,156,47582,8761,2881158,0,17,18484,20481.86,16645910,13771557,0
2022-02-06,2057,7053386,2138,6137134,120,578490,4645,2831399,104,47686,4753,2885911,0,17,9069,20374.14,16654979,13775877,0
2022-02-07,4136,7057522,4740,6141874,205,578695,10145,2841544,234,47920,10404,2896315,0,17,19485,19811.57,16674464,13784983,0
2022-02-08,4201,7061723,5610,6147484,214,578909,11342,2852886,310,48230,11677,2907992,0,17,21702,19705,16696166,13795033,0
2022-02-09,4116,7065839,5405,6152889,222,579131,11676,2864562,258,48488,11957,2919949,0,17,21700,19673.86,16717866,13804799,0
2022-02-10,3973,7069812,5128,6158017,244,579375,12206,2876768,288,48776,12523,2932472,0,17,21868,19697.71,16739734,13814173,0
2022-02-11,4498,7074310,5811,6163828,195,579570,13743,2890511,326,49102,14100,2946572,0,17,24604,19558.86,16764338,13824708,0
2022-02-12,3245,7077555,4344,6168172,97,579667,8815,2899326,217,49319,9043,2955615,0,17,16729,19308.14,16781067,13832405,0
2022-02-13,1513,7079068,1543,6169715,41,579708,4885,2904211,114,49433,5004,2960619,0,17,8101,19169.86,16789168,13835507,0
2022-02-14,2972,7082040,3623,6173338,167,579875,10586,2914797,325,49758,10937,2971556,0,17,17699,18914.71,16806867,13842295,0
2022-02-15,3529,7085569,4077,6177415,174,580049,12801,2927598,288,50046,13105,2984661,0,17,20885,18798,16827752,13850091,0
2022-02-16,3632,7089201,3906,6181321,200,580249,15746,2943344,297,50343,16077,3000738,0,17,23815,19100.14,16851567,13857863,0
2022-02-17,4055,7093256,4083,6185404,161,580410,18362,2961706,363,50706,18755,3019493,0,17,27054,19841,16878621,13866192,0
2022-02-18,4442,7097698,4787,6190191,191,580601,21557,2983263,459,51165,22038,3041531,0,17,31458,20820.14,16910079,13875634,0
2022-02-19,3244,7100942,2183,6192374,65,580666,11193,2994456,216,51381,11420,3052951,0,17,16912,20846.29,16926991,13881137,0
2022-02-20,1846,7102788,1446,6193820,59,580725,6593,3001049,114,51495,6715,3059666,0,17,10066,21127,16937057,13884496,0
2022-02-21,3078,7105866,2695,6196515,95,580820,8355,3009404,234,51729,8602,3068268,0,17,14470,20665.71,16951527,13890377,0
2022-02-22,4365,7110231,4257,6200772,174,580994,10846,3020250,253,51982,11114,3079382,0,17,19910,20526.43,16971437,13899188,0
2022-02-23,4245,7114476,3795,6204567,145,581139,10676,3030926,243,52225,10935,3090317,0,17,19120,19855.71,16990557,13907389,0
2022-02-24,3784,7118260,3661,6208228,108,581247,10201,3041127,231,52456,10451,3100768,0,17,18004,18562.86,17008561,13914961,0
2022-02-25,3601,7121861,3634,6211862,135,581382,9986,3051113,245,52701,10244,3111012,0,17,17614,16585.14,17026175,13922344,0
2022-02-26,2823,7124684,2581,6214443,74,581456,9526,3060639,158,52859,9692,3120704,0,17,15170,16336.29,17041345,13927830,0
2022-02-27,1765,7126449,1373,6215816,52,581508,6273,3066912,101,52960,6381,3127085,0,17,9571,16265.57,17050916,13931027,0
2022-02-28,3778,7130227,3138,6218954,140,581648,13147,3080059,252,53212,13422,3140507,0,17,20478,17123.86,17071394,13938106,0
2022-03-01,2119,7132346,2631,6221585,103,581751,5190,3085249,187,53399,5384,3145891,0,17,10237,15742,17081631,13942966,0
2022-03-02,1829,7134175,2445,6224030,107,581858,4144,3089393,210,53609,4365,3150256,0,17,8746,14260,17090377,13947358,0
2022-03-03,1931,7136106,2560,6226590,106,581964,3802,3093195,171,53780,3986,3154242,0,17,8583,12914.14,17098960,13951968,0
2022-03-04,2119,7138225,2878,6229468,66,582030,4331,3097526,209,53989,4552,3158794,0,17,9615,11771.43,17108575,13957043,0
2022-03-05,1611,7139836,2123,6231591,43,582073,3317,3100843,120,54109,3440,3162234,0,17,7217,10635.29,17115792,13960823,0
2022-03-06,797,7140633,880,6232471,30,582103,1624,3102467,55,54164,1682,3163916,0,17,3389,9752.14,17119181,13962533,0
2022-03-07,1660,7142293,1787,6234258,87,582190,3505,3105972,160,54324,3680,3167596,0,17,7214,7857.29,17126395,13966082,0
2022-03-08,1548,7143841,1897,6236155,80,582270,3126,3109098,153,54477,3290,3170886,0,17,6815,7368.43,17133210,13969618,0
2022-03-09,1262,7145103,1681,6237836,80,582350,2595,3111693,129,54606,2729,3173615,0,17,5752,6940.71,17138962,13972646,0
2022-03-10,1412,7146515,2099,6239935,85,582435,2970,3114663,163,54769,3142,3176757,0,17,6738,6677.14,17145700,13976251,0
2022-03-11,1593,7148108,2276,6242211,81,582516,3214,3117877,190,54959,3422,3180179,0,17,7372,6356.71,17153072,13980219,0
2022-03-12,876,7148984,1416,6243627,42,582558,2010,3119887,75,55034,2088,3182267,0,17,4422,5957.43,17157494,13982556,0
2022-03-13,625,7149609,756,6244383,28,582586,1292,3121179,48,55082,1343,3183610,0,17,2752,5866.43,17160246,13983968,0
2022-03-14,1364,7150973,1613,6245996,83,582669,2995,3124174,208,55290,3222,3186832,0,17,6282,5733.29,17166528,13987047,0
2022-03-15,1354,7152327,1926,6247922,63,582732,3072,3127246,233,55523,3312,3190144,0,17,6655,5710.43,17173183,13990397,0
2022-03-16,1397,7153724,2062,6249984,94,582826,3145,3130391,296,55819,3457,3193601,0,17,7010,5890.14,17180193,13993966,0
2022-03-17,1192,7154916,1808,6251792,71,582897,2764,3133155,268,56087,3046,3196647,0,17,6117,5801.43,17186310,13997051,0
2022-03-18,1587,7156503,2218,6254010,79,582976,3774,3136929,420,56507,4200,3200847,0,17,8084,5903.14,17194394,14000941,0
2022-03-19,1106,7157609,1736,6255746,54,583030,2604,3139533,229,56736,2838,3203685,0,17,5734,6090.57,17200128,14003842,0
2022-03-20,607,7158216,630,6256376,33,583063,1468,3141001,186,56922,1658,3205343,0,17,2928,6115.71,17203056,14005116,0
2022-03-21,1416,7159632,1556,6257932,73,583136,3061,3144062,359,57281,3442,3208785,0,17,6487,6145,17209543,14008183,0
2022-03-22,1343,7160975,1554,6259486,101,583237,2907,3146969,347,57628,3264,3212049,0,17,6262,6088.86,17215805,14011191,0
2022-03-23,1258,7162233,1360,6260846,66,583303,2920,3149889,376,58004,3305,3215354,0,17,5989,5943,17221794,14013884,0
2022-03-24,1211,7163444,1299,6262145,90,583393,2521,3152410,270,58274,2801,3218155,0,17,5401,5840.71,17227195,14016494,0
2022-03-25,1381,7164825,1633,6263778,62,583455,3269,3155679,382,58656,3664,3221819,0,17,6740,5648.71,17233935,14019583,0
2022-03-26,926,7165751,1165,6264943,36,583491,2308,3157987,251,58907,2567,3224386,0,17,4694,5500.14,17238629,14021718,0
2022-03-27,574,7166325,528,6265471,29,583520,1315,3159302,202,59109,1519,3225905,0,17,2650,5460.43,17241279,14022851,0
2022-03-28,1079,7167404,1168,6266639,69,583589,2441,3161743,365,59474,2824,3228729,0,17,5140,5268,17246419,14025185,0
2022-03-29,1049,7168453,1103,6267742,85,583674,2514,3164257,885,60359,3419,3232148,1,18,5656,5181.43,17252075,14027441,0
2022-03-30,1240,7169693,1138,6268880,99,583773,3062,3167319,3413,63772,6561,3238709,0,18,9038,5617,17261113,14030004,0
2022-03-31,1277,7170970,1249,6270129,57,583830,3164,3170483,5524,69296,8827,3247536,0,18,11411,6475.57,17272524,14032727,0
2022-04-01,1420,7172390,1488,6271617,76,583906,3244,3173727,6919,76215,10320,3257856,0,18,13304,7413.29,17285828,14035868,0
2022-04-02,908,7173298,909,6272526,33,583939,2089,3175816,4537,80752,6720,3264576,0,18,8570,7967,17294398,14037812,0
2022-04-03,554,7173852,493,6273019,28,583967,1220,3177036,3058,83810,4341,3268917,0,18,5416,8362.14,17299814,14038950,0
2022-04-04,1349,7175201,1303,6274322,61,584028,2722,3179758,7717,91527,10593,3279510,0,18,13306,9528.71,17313120,14041817,0
2022-04-05,1294,7176495,1153,6275475,66,584094,2844,3182602,7500,99027,10519,3290029,0,18,13032,10582.43,17326152,14044505,0
2022-04-06,1335,7177830,1174,6276649,61,584155,2622,3185224,6967,105994,9746,3299775,0,18,12316,11050.71,17338468,14047232,0
2022-04-07,1207,7179037,1062,6277711,57,584212,2374,3187598,6624,112618,9144,3308919,0,18,11470,11059.14,17349938,14049704,0
2022-04-08,1478,7180515,1406,6279117,61,584273,3164,3190762,8798,121416,12150,3321069,0,18,15095,11315,17365033,14052837,0
2022-04-09,911,7181426,926,6280043,29,584302,2080,3192842,4951,126367,7115,3328184,0,18,8981,11373.71,17374014,14054787,0
2022-04-10,578,7182004,460,6280503,25,584327,1168,3194010,2901,129268,4130,3332314,0,18,5193,11341.86,17379207,14055911,0
2022-04-11,1307,7183311,1226,6281729,61,584388,2656,3196666,7833,137101,10642,3342956,0,18,13236,11331.86,17392443,14058658,0
2022-04-12,1213,7184524,1057,6282786,73,584461,2520,3199186,7445,144546,10137,3353093,0,18,12480,11253,17404923,14061173,0
2022-04-13,1231,7185755,1075,6283861,60,584521,2514,3201700,7542,152088,10206,3363299,0,18,12572,11289.57,17417495,14063689,0
2022-04-14,1262,7187017,1095,6284956,59,584580,2443,3204143,6590,158678,9155,3372454,0,18,11571,11304,17429066,14066227,0
2022-04-15,1332,7188349,1093,6286049,53,584633,2560,3206703,6633,165311,9319,3381773,0,18,11797,10832.86,17440863,14068831,0
2022-04-16,855,7189204,652,6286701,34,584667,1643,3208346,3690,169001,5400,3387173,0,18,6941,10541.43,17447804,14070439,0
2022-04-17,345,7189549,201,6286902,27,584694,638,3208984,1158,170159,1819,3388992,0,18,2392,10141.29,17450196,14071035,0
2022-04-18,1385,7190934,1115,6288017,82,584776,2583,3211567,6411,176570,9132,3398124,0,18,11714,9923.86,17461910,14073755,0
2022-04-19,1414,7192348,935,6288952,71,584847,2577,3214144,5752,182322,8435,3406559,0,18,10855,9691.71,17472765,14076281,0
2022-04-20,1305,7193653,1153,6290105,65,584912,2706,3216850,6644,188966,9486,3416045,0,18,12009,9611.29,17484774,14078940,0
2022-04-21,1225,7194878,1064,6291169,53,584965,2338,3219188,5395,194361,7851,3423896,0,18,10193,9414.43,17494967,14081400,0
2022-04-22,1237,7196115,1040,6292209,46,585011,2240,3221428,5779,200140,8131,3432027,0,18,10455,9222.71,17505422,14083836,0
2022-04-23,712,7196827,749,6292958,59,585070,1427,3222855,3349,203489,4843,3436870,0,18,6363,9140.14,17511785,14085423,0
2022-04-24,441,7197268,336,6293294,27,585097,808,3223663,1819,205308,2658,3439528,0,18,3462,9293,17515247,14086258,0
2022-04-25,1036,7198304,913,6294207,64,585161,1852,3225515,5092,210400,7055,3446583,0,18,9068,8915,17524315,14088382,0
2022-04-26,948,7199252,859,6295066,76,585237,1747,3227262,4693,215093,6532,3453115,0,18,8415,8566.43,17532730,14090357,0
2022-04-27,1037,7200289,1022,6296088,80,585317,1926,3229188,5212,220305,7258,3460373,0,18,9397,8193.29,17542127,14092616,0
2022-04-28,1082,7201371,987,6297075,50,585367,2003,3231191,4741,225046,6856,3467229,1,19,8976,8019.43,17551103,14094847,0
2022-04-29,1178,7202549,1097,6298172,60,585427,2157,3233348,5424,230470,7693,3474922,0,19,10028,7958.43,17561131,14097294,0
2022-04-30,724,7203273,744,6298916,50,585477,1390,3234738,2966,233436,4402,3479324,0,19,5920,7895.14,17567051,14098858,0
2022-05-01,445,7203718,366,6299282,20,585497,766,3235504,1656,235092,2453,3481777,0,19,3284,7869.71,17570335,14099720,0
2022-05-02,1047,7204765,792,6300074,52,585549,1675,3237179,3820,238912,5561,3487338,1,20,7453,7639,17577788,14101677,0
2022-05-03,1118,7205883,863,6300937,61,585610,1994,3239173,4872,243784,6961,3494299,0,20,9003,7723,17586791,14103814,0
2022-05-04,1007,7206890,883,6301820,48,585658,1923,3241096,4676,248460,6689,3500988,0,20,8627,7613,17595418,14105842,0
2022-05-05,1072,7207962,954,6302774,86,585744,1930,3243026,4877,253337,6907,3507895,0,20,9019,7619.14,17604437,14108054,0
2022-05-06,1094,7209056,955,6303729,51,585795,1858,3244884,4403,257740,6339,3514234,1,21,8439,7392.14,17612876,14110231,0
2022-05-07,661,7209717,590,6304319,32,585827,1202,3246086,2433,260173,3674,3517908,0,21,4957,7254.57,17617833,14111553,0
2022-05-08,411,7210128,243,6304562,17,585844,666,3246752,1388,261561,2076,3519984,0,21,2747,7177.86,17620580,14112246,0
2022-05-09,1078,7211206,944,6305506,60,585904,1894,3248646,4428,265989,6415,3526399,0,21,8497,7327,17629077,14114421,0
2022-05-10,1096,7212302,929,6306435,54,585958,1983,3250629,4717,270706,6805,3533204,0,21,8884,7310,17637961,14116605,0
2022-05-11,1086,7213388,972,6307407,44,586002,1942,3252571,4842,275548,6883,3540087,0,21,8985,7361.14,17646946,14118806,0
2022-05-12,1103,7214491,951,6308358,60,586062,2001,3254572,4663,280211,6761,3546848,0,21,8875,7340.57,17655821,14121017,0
2022-05-13,1157,7215648,1042,6309400,44,586106,2067,3256639,4800,285011,6958,3553806,0,21,9201,7449.43,17665022,14123351,0
2022-05-14,828,7216476,668,6310068,31,586137,1466,3258105,2952,287963,4460,3558266,0,21,5987,7596.57,17671009,14124920,0
2022-05-15,510,7216986,357,6310425,22,586159,923,3259028,1646,289609,2595,3560861,0,21,3484,7701.86,17674493,14125835,0
2022-05-16,1227,7218213,855,6311280,62,586221,1830,3260858,3864,293473,5757,3566618,1,22,7902,7616.86,17682395,14128042,0
2022-05-17,1289,7219502,932,6312212,79,586300,2044,3262902,4894,298367,7031,3573649,0,22,9331,7680.71,17691726,14130435,0
2022-05-18,1242,7220744,898,6313110,82,586382,2061,3264963,4938,303305,7109,3580758,0,22,9331,7730.14,17701057,14132767,0
2022-05-19,1160,7221904,882,6313992,36,586418,2117,3267080,4724,308029,6930,3587688,0,22,9008,7749.14,17710065,14134934,0
2022-05-20,1196,7223100,964,6314956,73,586491,2371,3269451,5202,313231,7686,3595374,0,22,9921,7852,17719986,14137282,0
2022-05-21,834,7223934,646,6315602,23,586514,1718,3271169,3305,316536,5084,3600458,0,22,6588,7937.86,17726574,14138847,0
2022-05-22,508,7224442,291,6315893,22,586536,1135,3272304,1837,318373,3006,3603464,0,22,3827,7986.86,17730401,14139702,0
2022-05-23,1221,7225663,886,6316779,52,586588,2186,3274490,4709,323082,6993,3610457,1,23,9153,8165.57,17739554,14141959,0
2022-05-24,1409,7227072,937,6317716,66,586654,2297,3276787,4490,327572,6889,3617346,0,23,9302,8161.43,17748856,14144474,0
2022-05-25,1417,7228489,954,6318670,56,586710,2258,3279045,4270,331842,6629,3623975,0,23,9057,8122.29,17757913,14147003,0
2022-05-26,1173,7229662,889,6319559,60,586770,2266,3281311,4151,335993,6485,3630460,1,24,8609,8065.29,17766522,14149194,0
2022-05-27,1244,7230906,959,6320518,38,586808,2497,3283808,3917,339910,6491,3636951,0,24,8733,7895.57,17775255,14151513,0
2022-05-28,712,7231618,517,6321035,19,586827,1784,3285592,2064,341974,3886,3640837,0,24,5134,7687.86,17780389,14152799,0
2022-05-29,473,7232091,215,6321250,11,586838,760,3286352,1125,343099,1905,3642742,0,24,2604,7513.14,17782993,14153518,0
2022-05-30,92,7232183,60,6321310,6,586844,139,3286491,144,343243,285,3643027,1,25,444,6269,17783437,14153678,0
2022-05-31,1139,7233322,919,6322229,51,586895,1894,3288385,3053,346296,5005,3648032,0,25,7114,5956.43,17790551,14155845,0
2022-06-01,1153,7234475,854,6323083,63,586958,1967,3290352,3429,349725,5468,3653500,0,25,7538,5739.43,17798089,14157987,0
2022-06-02,1033,7235508,799,6323882,72,587030,1823,3292175,3170,352895,5055,3658555,0,25,6959,5503.71,17805048,14159953,0
2022-06-03,1163,7236671,894,6324776,47,587077,2068,3294243,3494,356389,5629,3664184,0,25,7733,5360.86,17812781,14162124,0
2022-06-04,726,7237397,582,6325358,26,587103,1554,3295797,1905,358294,3494,3667678,0,25,4830,5317.43,17817611,14163495,0
2022-06-05,449,7237846,297,6325655,1,587104,880,3296677,979,359273,1868,3669546,0,25,2615,5319,17820226,14164251,0
2022-06-06,1126,7238972,827,6326482,64,587168,1754,3298431,2742,362015,4546,3674092,0,25,6563,6193.14,17826789,14166318,0
2022-06-07,1025,7239997,770,6327252,70,587238,1789,3300220,2564,364579,4400,3678492,0,25,6265,6071.86,17833054,14168230,0
2022-06-08,1094,7241091,835,6328087,75,587313,1877,3302097,2750,367329,4689,3683181,0,25,6694,5951.29,17839748,14170297,0
2022-06-09,1139,7242230,840,6328927,62,587375,2226,3304323,2692,370021,4970,3688151,0,25,7011,5958.71,17846759,14172390,0
2022-06-10,1048,7243278,817,6329744,75,587450,1882,3306205,2827,372848,4764,3692915,0,25,6704,5811.71,17853463,14174385,0
2022-06-11,681,7243959,507,6330251,25,587475,1325,3307530,1504,374352,2855,3695770,0,25,4068,5702.86,17857531,14175624,0
2022-06-12,351,7244310,287,6330538,21,587496,877,3308407,773,375125,1660,3697430,0,25,2319,5660.57,17859850,14176293,0
2022-06-13,1029,7245339,768,6331306,63,587559,1575,3309982,2187,377312,3801,3701231,0,25,5662,5531.86,17865512,14178193,0
2022-06-14,966,7246305,833,6332139,64,587623,1684,3311666,2503,379815,4247,3705478,0,25,6110,5509.71,17871622,14180116,0
2022-06-15,968,7247273,866,6333005,39,587662,1665,3313331,2420,382235,4143,3709621,0,25,6016,5412.86,17877638,14182047,0
2022-06-16,962,7248235,775,6333780,59,587721,1831,3315162,2369,384604,4253,3713874,1,26,6049,5275.43,17883687,14183895,0
2022-06-17,901,7249136,799,6334579,48,587769,1770,3316932,2398,387002,4211,3718085,0,26,5960,5169.14,17889647,14185687,0
2022-06-18,658,7249794,522,6335101,26,587795,1280,3318212,1295,388297,2603,3720688,1,27,3809,5132.14,17893456,14186920,0
2022-06-19,346,7250140,235,6335336,16,587811,727,3318939,608,388905,1347,3722035,0,27,1944,5078.57,17895400,14187529,0
2022-06-20,835,7250975,487,6335823,41,587852,1572,3320511,1615,390520,3224,3725259,0,27,4587,4925,17899987,14188929,0
2022-06-21,1135,7252110,740,6336563,50,587902,1698,3322209,2142,392662,3896,3729155,0,27,5822,4883.86,17905809,14190911,0
2022-06-22,1964,7254074,834,6337397,46,587948,1705,3323914,1992,394654,3740,3732895,0,27,6584,4965,17912393,14193798,0
2022-06-23,2121,7256195,764,6338161,65,588013,1698,3325612,2152,396806,3900,3736795,0,27,6851,5079.57,17919244,14196799,0
2022-06-24,2176,7258371,757,6338918,48,588061,1623,3327235,2156,398962,3828,3740623,0,27,6809,5200.86,17926053,14199829,0
2022-06-25,2139,7260510,497,6339415,15,588076,1234,3328469,1142,400104,2389,3743012,0,27,5044,5377.29,17931097,14202497,0
2022-06-26,1212,7261722,248,6339663,14,588090,686,3329155,530,400634,1223,3744235,0,27,2697,5484.86,17933794,14203978,0
2022-06-27,1531,7263253,654,6340317,60,588150,1462,3330617,1655,402289,3157,3747392,0,27,5402,5601.29,17939196,14206263,0
2022-06-28,1693,7264946,831,6341148,57,588207,1859,3332476,2141,404430,4045,3751437,0,27,6626,5716.14,17945822,14208889,0
2022-06-29,1859,7266805,777,6341925,48,588255,1719,3334195,1925,406355,3683,3755120,0,27,6367,5685.14,17952189,14211612,0
2022-06-30,1869,7268674,807,6342732,46,588301,1730,3335925,2135,408490,3908,3759028,0,27,6630,5653.57,17958819,14214377,0
2022-07-01,1603,7270277,598,6343330,26,588327,1394,3337319,1724,410214,3152,3762180,0,27,5379,5449.29,17964198,14216638,0
2022-07-02,978,7271255,389,6343719,18,588345,836,3338155,940,411154,1793,3763973,0,27,3178,5182.71,17967376,14218040,0
2022-07-03,530,7271785,205,6343924,7,588352,459,3338614,487,411641,949,3764922,0,27,1691,5039,17969067,14218785,0
2022-07-04,36,7271821,25,6343949,1,588353,31,3338645,38,411679,69,3764991,0,27,131,4286,17969198,14218847,0
2022-07-05,1296,7273117,759,6344708,35,588388,1404,3340049,1739,413418,3172,3768163,0,27,5262,4091.14,17974460,14220966,0
2022-07-06,1611,7274728,680,6345388,44,588432,1445,3341494,1841,415259,3325,3771488,0,27,5660,3990.14,17980120,14223340,0
2022-07-07,1592,7276320,713,6346101,48,588480,1529,3343023,2001,417260,3567,3775055,0,27,5920,3888.71,17986040,14225730,0
2022-07-08,1631,7277951,651,6346752,37,588517,1474,3344497,1976,419236,3499,3778554,0,27,5820,3951.71,17991860,14228100,0
2022-07-09,983,7278934,428,6347180,26,588543,878,3345375,1344,420580,2253,3780807,0,27,3690,4024.86,17995550,14229568,0
2022-07-10,637,7279571,187,6347367,17,588560,429,3345804,661,421241,1100,3781907,0,27,1941,4060.57,17997491,14230419,0
2022-07-11,1397,7280968,635,6348002,49,588609,1437,3347241,2213,423454,3686,3785593,0,27,5767,4865.71,18003258,14232536,0
2022-07-12,1404,7282372,688,6348690,45,588654,1399,3348640,2513,425967,3984,3789577,0,27,6121,4988.43,18009379,14234745,0
2022-07-13,1622,7283994,725,6349415,37,588691,1522,3350162,2831,428798,4417,3793994,0,27,6801,5151.43,18016180,14237193,0
2022-07-14,1590,7285584,843,6350258,47,588738,1602,3351764,3058,431856,4731,3798725,0,27,7212,5336,18023392,14239745,0
2022-07-15,1615,7287199,939,6351197,47,588785,1569,3353333,3049,434905,4678,3803403,0,27,7279,5544.43,18030671,14242406,0
2022-07-16,883,7288082,585,6351782,9,588794,980,3354313,1692,436597,2706,3806109,0,27,4183,5614.86,18034854,14243917,0
2022-07-17,550,7288632,290,6352072,16,588810,528,3354841,1167,437764,1719,3807828,0,27,2575,5705.43,18037429,14244797,0
2022-07-18,1404,7290036,841,6352913,45,588855,1432,3356273,2454,440218,3942,3811770,0,27,6232,5771.86,18043661,14247143,0
2022-07-19,1443,7291479,977,6353890,51,588906,1536,3357809,2798,443016,4426,3816196,0,27,6897,5882.71,18050558,14249706,0
2022-07-20,1384,7292863,1482,6355372,50,588956,1351,3359160,2393,445409,3802,3819998,0,27,6719,5871,18057277,14252681,0
2022-07-21,1333,7294196,1434,6356806,50,589006,1394,3360554,2363,447772,3804,3823802,0,27,6621,5786.57,18063898,14255545,0
2022-07-22,1430,7295626,1568,6358374,41,589047,1561,3362115,2853,450625,4495,3828297,0,27,7534,5823,18071432,14258665,0
2022-07-23,902,7296528,1099,6359473,17,589064,995,3363110,1555,452180,2584,3830881,3,30,4605,5883.29,18076037,14260717,0
2022-07-24,485,7297013,643,6360116,14,589078,502,3363612,804,452984,1314,3832195,0,30,2457,5866.43,18078494,14261868,0
2022-07-25,1226,7298239,766,6360882,59,589137,1262,3364874,2061,455045,3376,3835571,0,30,5427,5751.43,18083921,14263972,0
2022-07-26,1232,7299471,1021,6361903,41,589178,1471,3366345,2442,457487,3970,3839541,0,30,6265,5661.14,18090186,14266324,0
2022-07-27,1319,7300790,1277,6363180,42,589220,1388,3367733,2191,459678,3638,3843179,2,32,6280,5598.43,18096466,14269023,0
2022-07-28,1311,7302101,1422,6364602,71,589291,1424,3369157,2219,461897,3690,3846869,1,33,6495,5580.43,18102961,14271874,0
2022-07-29,1317,7303418,1428,6366030,64,589355,1359,3370516,2152,464049,3556,3850425,0,33,6366,5413.57,18109327,14274729,0
2022-07-30,737,7304155,714,6366744,25,589380,789,3371305,952,465001,1761,3852186,0,33,3240,5218.57,18112567,14276228,0
2022-07-31,423,7304578,589,6367333,14,589394,487,3371792,571,465572,1064,3853250,0,33,2090,5166.14,18114657,14277260,0
2022-08-01,1238,7305816,911,6368244,55,589449,1329,3373121,1506,467078,2880,3856130,1,34,5085,5117.29,18119742,14279509,0
2022-08-02,1230,7307046,1013,6369257,73,589522,1347,3374468,1598,468676,2990,3859120,0,34,5306,4980.29,18125048,14281870,0
2022-08-03,1264,7308310,1189,6370446,41,589563,1339,3375807,1527,470203,2906,3862026,0,34,5400,4854.57,18130448,14284404,0
2022-08-04,1193,7309503,1187,6371633,57,589620,1285,3377092,1457,471660,2771,3864797,0,34,5208,4670.71,18135656,14286870,0
2022-08-05,1317,7310820,1449,6373082,49,589669,1309,3378401,1440,473100,2773,3867570,0,34,5588,4559.57,18141244,14289709,0
2022-08-06,696,7311516,843,6373925,14,589683,761,3379162,775,473875,1561,3869131,0,34,3115,4541.71,18144359,14291288,0
2022-08-07,391,7311907,457,6374382,14,589697,422,3379584,354,474229,786,3869917,0,34,1648,4478.57,18146007,14292160,0
2022-08-08,1194,7313101,933,6375315,70,589767,1272,3380856,1174,475403,2476,3872393,0,34,4673,4419.71,18150680,14294387,0
2022-08-09,1135,7314236,893,6376208,38,589805,1227,3382083,1159,476562,2419,3874812,0,34,4485,4302.43,18155165,14296486,0
2022-08-10,1222,7315458,1110,6377318,59,589864,1256,3383339,1246,477808,2536,3877348,0,34,4927,4234.86,18160092,14298911,0
2022-08-11,1283,7316741,1069,6378387,84,589948,1211,3384550,1279,479087,2529,3879877,0,34,4965,4200.14,18165057,14301386,0
2022-08-12,1301,7318042,1408,6379795,55,590003,1266,3385816,1250,480337,2546,3882423,0,34,5310,4160.43,18170367,14304180,0
2022-08-13,760,7318802,784,6380579,15,590018,763,3386579,629,480966,1411,3883834,0,34,2970,4139.71,18173337,14305758,0
2022-08-14,474,7319276,477,6381056,20,590038,405,3386984,281,481247,689,3884523,0,34,1660,4141.43,18174997,14306732,0
2022-08-15,1246,7320522,1061,6382117,60,590098,1314,3388298,990,482237,2344,3886867,1,35,4712,4147,18179709,14309139,0
2022-08-16,1310,7321832,869,6382986,50,590148,1362,3389660,1075,483312,2469,3889336,0,35,4698,4177.43,18184407,14311400,0
2022-08-17,1216,7323048,956,6383942,39,590187,1235,3390895,1004,484316,2277,3891613,0,35,4488,4114.71,18188895,14313649,0
2022-08-18,1167,7324215,945,6384887,45,590232,1267,3392162,945,485261,2238,3893851,0,35,4395,4033.29,18193290,14315832,0
2022-08-19,1255,7325470,1128,6386015,34,590266,1115,3393277,978,486239,2123,3895974,6,41,4546,3924.14,18197836,14318279,0
2022-08-20,584,7326054,493,6386508,16,590282,630,3393907,503,486742,1146,3897120,0,41,2239,3819.71,18200075,14319385,0
2022-08-21,357,7326411,243,6386751,9,590291,382,3394289,267,487009,652,3897772,0,41,1261,3762.71,18201336,14319997,0
2022-08-22,1210,7327621,919,6387670,39,590330,1229,3395518,886,487895,2144,3899916,0,41,4312,3705.57,18205648,14322194,0
2022-08-23,1239,7328860,1050,6388720,48,590378,1375,3396893,962,488857,2365,3902281,3,44,4705,3706.57,18210353,14324559,0
2022-08-24,1266,7330126,1013,6389733,29,590407,1288,3398181,820,489677,2132,3904413,0,44,4441,3699.86,18214794,14326892,0
2022-08-25,1222,7331348,991,6390724,66,590473,1183,3399364,812,490489,2011,3906424,4,48,4293,3685.29,18219087,14329186,0
2022-08-26,1187,7332535,1179,6391903,53,590526,1191,3400555,778,491267,1990,3908414,1,49,4409,3665.71,18223496,14331625,0
2022-08-27,698,7333233,540,6392443,14,590540,670,3401225,404,491671,1087,3909501,2,51,2341,3680.29,18225837,14332890,0
2022-08-28,381,7333614,237,6392680,10,590550,443,3401668,227,491898,673,3910174,0,51,1301,3686,18227138,14333521,0
2022-08-29,1253,7334867,972,6393652,41,590591,1213,3402881,681,492579,1916,3912090,0,51,4183,3667.57,18231321,14335810,0
2022-08-30,1270,7336137,937,6394589,36,590627,1263,3404144,766,493345,2059,3914149,2,53,4304,3610.29,18235625,14338083,0
2022-08-31,1154,7337291,1011,6395600,43,590670,1103,3405247,572,493917,1696,3915845,0,53,3905,3533.71,18239530,14340313,0
2022-09-01,1025,7338316,962,6396562,51,590721,803,3406050,454,494371,1271,3917116,5,58,3314,3393.86,18242844,14342365,0
2022-09-02,977,7339293,1018,6397580,29,590750,588,3406638,172,494543,767,3917883,92,150,2868,3173.71,18245712,14344381,0
2022-09-03,530,7339823,447,6398027,12,590762,367,3407005,50,494593,421,3918304,312,462,1674,3078.43,18247386,14345326,0
2022-09-04,251,7340074,213,6398240,10,590772,188,3407193,25,494618,215,3918519,312,774,958,3029.43,18248344,14345759,0
2022-09-05,78,7340152,70,6398310,7,590779,44,3407237,16,494634,61,3918580,9,783,225,2464,18248569,14345915,0
2022-09-06,1121,7341273,1226,6399536,50,590829,629,3407866,130,494764,769,3919349,1269,2052,4214,2451.14,18252783,14348101,0
2022-09-07,1480,7342753,1384,6400920,38,590867,478,3408344,148,494912,645,3919994,6444,8496,9102,3193.57,18261885,14350133,0
2022-09-08,1529,7344282,1196,6402116,36,590903,250,3408594,111,495023,377,3920371,7796,16292,9805,4120.86,18271690,14351781,0
2022-09-09,1543,7345825,1601,6403717,48,590951,277,3408871,121,495144,429,3920800,9770,26062,12239,5459.57,18283929,14353852,0
2022-09-10,846,7346671,839,6404556,12,590963,262,3409133,44,495188,320,3921120,5314,31376,6743,6183.71,18290672,14354975,0
2022-09-11,498,7347169,439,6404995,11,590974,86,3409219,30,495218,125,3921245,3941,35317,4527,6693.57,18295199,14355445,0
2022-09-12,1683,7348852,1442,6406437,39,591013,203,3409422,90,495308,327,3921572,11656,46973,13536,8595.14,18308735,14357032,0
2022-09-13,1406,7350258,1271,6407708,32,591045,219,3409641,114,495422,382,3921954,9726,56699,11723,9667.86,18320458,14358696,0
2022-09-14,1415,7351673,1275,6408983,31,591076,223,3409864,123,495545,384,3922338,11000,67699,13042,10230.71,18333500,14360392,0
2022-09-15,1567,7353240,1280,6410263,22,591098,223,3410087,112,495657,370,3922708,12062,79761,14077,10841,18347577,14362072,0
2022-09-16,1694,7354934,1637,6411900,27,591125,266,3410353,154,495811,475,3923183,13785,93546,16237,11412.14,18363814,14364104,0
2022-09-17,806,7355740,867,6412767,12,591137,272,3410625,77,495888,372,3923555,6992,100538,8400,11648.86,18372214,14365163,0
2022-09-18,522,7356262,413,6413180,7,591144,74,3410699,26,495914,113,3923668,4480,105018,4972,11712.43,18377186,14365555,0
2022-09-19,1564,7357826,1323,6414503,29,591173,224,3410923,95,496009,345,3924013,13805,118823,15502,11993.29,18392688,14366933,0
2022-09-20,1441,7359267,1253,6415756,27,591200,218,3411141,90,496099,356,3924369,13175,131998,14969,12457,18407657,14368419,0
2022-09-21,1670,7360937,1344,6417100,31,591231,258,3411399,130,496229,421,3924790,14816,146814,16714,12981.57,18424371,14369929,0
2022-09-22,1472,7362409,1263,6418363,28,591259,171,3411570,138,496367,357,3925147,13202,160016,15014,13115.43,18439385,14371432,0
2022-09-23,1750,7364159,1650,6420013,24,591283,249,3411819,136,496503,447,3925594,16860,176876,19146,13531,18458531,14373333,0
2022-09-24,800,7364959,888,6420901,8,591291,267,3412086,67,496570,352,3925946,7474,184350,8822,13591.29,18467353,14374347,0
2022-09-25,486,7365445,395,6421296,1,591292,72,3412158,47,496617,128,3926074,4507,188857,4993,13594.29,18472346,14374714,0
2022-09-26,1581,7367026,1249,6422545,16,591308,281,3412439,143,496760,481,3926555,14993,203850,16681,13762.71,18489027,14375978,0
2022-09-27,1544,7368570,1306,6423851,26,591334,281,3412720,164,496924,481,3927036,14123,217973,16097,13923.86,18505124,14377507,0
2022-09-28,1618,7370188,1297,6425148,18,591352,188,3412908,184,497108,426,3927462,15482,233455,17249,14000.29,18522373,14378902,0
2022-09-29,1685,7371873,1298,6426446,19,591371,173,3413081,101,497209,310,3927772,15352,248807,17198,14312.29,18539571,14380474,0
2022-09-30,1651,7373524,1558,6428004,13,591384,181,3413262,175,497384,402,3928174,16477,265284,18640,14240,18558211,14382281,0
2022-10-01,717,7374241,667,6428671,5,591389,132,3413394,35,497419,176,3928350,7037,272321,7925,14111.86,18566136,14383002,0
2022-10-02,515,7374756,430,6429101,5,591394,46,3413440,45,497464,105,3928455,4428,276749,4836,14089.43,18570972,14383319,0
2022-10-03,1555,7376311,1186,6430287,23,591417,155,3413595,114,497578,315,3928770,14556,291305,15950,13985,18586922,14384444,0
2022-10-04,1388,7377699,1157,6431444,15,591432,150,3413745,120,497698,297,3929067,13366,304671,14762,13794.29,18601684,14385570,0
2022-10-05,1604,7379303,1286,6432730,17,591449,280,3414025,165,497863,498,3929565,14840,319511,16661,13710.29,18618345,14386946,0
2022-10-06,1492,7380795,1249,6433979,19,591468,167,3414192,160,498023,385,3929950,14936,334447,16598,13624.57,18634943,14388281,0
2022-10-07,1672,7382467,1427,6435406,15,591483,168,3414360,133,498156,363,3930313,17057,351504,19013,13677.86,18653956,14389936,0
2022-10-08,765,7383232,682,6436088,4,591487,143,3414503,62,498218,222,3930535,7688,359192,8617,13776.71,18662573,14390660,0
2022-10-09,495,7383727,408,6436496,5,591492,47,3414550,54,498272,119,3930654,4695,363887,5118,13817,18667691,14390982,0
2022-10-10,1552,7385279,1247,6437743,14,591506,172,3414722,117,498389,328,3930982,15174,379061,16463,13890.29,18684154,14391982,0
2022-10-11,1650,7386929,1105,6438848,19,591525,178,3414900,152,498541,385,3931367,14280,393341,15812,14040.29,18699966,14393184,0
2022-10-12,1865,7388794,1312,6440160,17,591542,133,3415033,182,498723,382,3931749,16183,409524,17771,14198.86,18717737,14394457,0
2022-10-13,1626,7390420,1138,6441298,28,591570,130,3415163,195,498918,398,3932147,13942,423466,15460,14036.29,18733197,14395650,0
2022-10-14,1818,7392238,1537,6442835,25,591595,129,3415292,179,499097,362,3932509,17113,440579,19090,14047.29,18752287,14397319,0
2022-10-15,771,7393009,639,6443474,9,591604,90,3415382,68,499165,179,3932688,7591,448170,8447,14023,18760734,14398017,0
2022-10-16,565,7393574,410,6443884,3,591607,25,3415407,65,499230,121,3932809,4729,452899,5169,14030.29,18765903,14398367,0
2022-10-17,1817,7395391,1250,6445134,18,591625,83,3415490,118,499348,237,3933046,16037,468936,17351,14157.14,18783254,14399480,0
2022-10-18,1697,7397088,1165,6446299,20,591645,101,3415591,140,499488,288,3933334,14605,483541,15983,14181.57,18799237,14400617,0
2022-10-19,2105,7399193,1321,6447620,21,591666,83,3415674,144,499632,290,3933624,16181,499722,17646,14163.71,18816883,14401855,0
2022-10-20,1697,7400890,1175,6448795,10,591676,85,3415759,154,499786,306,3933930,15360,515082,16809,14356.43,18833692,14403065,0
2022-10-21,1816,7402706,1349,6450144,11,591687,91,3415850,139,499925,279,3934209,16710,531792,18350,14250.71,18852042,14404475,0
2022-10-22,746,7403452,670,6450814,9,591696,43,3415893,45,499970,97,3934306,7665,539457,8391,14242.71,18860433,14405113,0
2022-10-23,525,7403977,367,6451181,3,591699,21,3415914,39,500009,69,3934375,4791,544248,5066,14228,18865499,14405328,0
2022-10-24,1749,7405726,1211,6452392,19,591718,70,3415984,115,500124,225,3934600,15518,559766,16798,14149,18882297,14406423,0
2022-10-25,1662,7407388,1186,6453578,12,591730,92,3416076,111,500235,232,3934832,14969,574735,16268,14189.71,18898565,14407519,0
2022-10-26,1866,7409254,1333,6454911,11,591741,90,3416166,168,500403,337,3935169,16746,591481,18216,14271.14,18916781,14408731,0
2022-10-27,1589,7410843,1071,6455982,13,591754,95,3416261,137,500540,287,3935456,15018,606499,16338,14203.86,18933119,14409819,0
2022-10-28,1705,7412548,1414,6457396,17,591771,104,3416365,149,500689,307,3935763,16719,623218,18514,14227.29,18951633,14411361,0
2022-10-29,697,7413245,545,6457941,9,591780,68,3416433,58,500747,140,3935903,7721,630939,8395,14227.86,18960028,14411909,0
2022-10-30,523,7413768,305,6458246,3,591783,19,3416452,57,500804,92,3935995,4484,635423,4770,14185.57,18964798,14412119,0
2022-10-31,1682,7415450,1112,6459358,8,591791,48,3416500,126,500930,217,3936212,14553,649976,15500,14000.14,18980298,14412892,0
2022-11-01,1665,7417115,1019,6460377,18,591809,74,3416574,127,501057,231,3936443,13570,663546,14867,13800,18995165,14413988,0
2022-11-02,1739,7418854,1121,6461498,17,591826,87,3416661,119,501176,248,3936691,14826,678372,16076,13494.29,19011241,14415032,0
2022-11-03,1416,7420270,1032,6462530,13,591839,82,3416743,159,501335,316,3937007,12546,690918,13802,13132,19025043,14416047,0
2022-11-04,1750,7422020,1220,6463750,14,591853,101,3416844,141,501476,275,3937282,15408,706326,17009,12917,19042052,14417406,0
2022-11-05,825,7422845,535,6464285,6,591859,67,3416911,80,501556,161,3937443,7025,713351,7745,12824.14,19049797,14417979,0
2022-11-06,407,7423252,330,6464615,4,591863,20,3416931,49,501605,106,3937549,4066,717417,4408,12772.43,19054205,14418252,0
2022-11-07,1640,7424892,1067,6465682,14,591877,75,3417006,99,501704,210,3937759,13190,730607,14343,12607.14,19068548,14419231,0
2022-11-08,1534,7426426,1005,6466687,7,591884,96,3417102,130,501834,260,3938019,11998,742605,13245,12375.43,19081793,14420252,0
2022-11-09,1568,7427994,1049,6467736,9,591893,85,3417187,113,501947,243,3938262,12128,754733,13377,11989.86,19095170,14421303,0
2022-11-10,1484,7429478,1006,6468742,14,591907,71,3417258,146,502093,273,3938535,12178,766911,13453,11940,19108623,14422361,0
2022-11-11,1497,7430975,1071,6469813,11,591918,96,3417354,100,502193,217,3938752,12734,779645,14157,11532.57,19122780,14423588,0
2022-11-12,669,7431644,513,6470326,2,591920,55,3417409,61,502254,126,3938878,6414,786059,7030,11430.43,19129810,14424088,0
2022-11-13,499,7432143,343,6470669,4,591924,16,3417425,68,502322,99,3938977,3881,789940,4200,11400.71,19134010,14424323,0
2022-11-14,1441,7433584,1019,6471688,19,591943,58,3417483,106,502428,195,3939172,11575,801515,12670,11161.71,19146680,14425254,0
2022-11-15,1467,7435051,988,6472676,15,591958,96,3417579,128,502556,244,3939416,11162,812677,12453,11048.57,19159133,14426321,0
2022-11-16,1578,7436629,1020,6473696,20,591978,62,3417641,100,502656,189,3939605,11452,824129,12591,10936.29,19171724,14427298,0
2022-11-17,1376,7438005,966,6474662,10,591988,62,3417703,161,502817,262,3939867,10440,834569,11684,10683.57,19183408,14428319,0
2022-11-18,1553,7439558,1088,6475750,12,592000,65,3417768,110,502927,204,3940071,12172,846741,13732,10622.86,19197140,14429704,0
2022-11-19,680,7440238,439,6476189,4,592004,56,3417824,59,502986,124,3940195,5872,852613,6535,10552.14,19203675,14430252,0
2022-11-20,464,7440702,310,6476499,3,592007,12,3417836,34,503020,64,3940259,3520,856133,3816,10497.29,19207491,14430502,0
2022-11-21,1510,7442212,918,6477417,3,592010,51,3417887,81,503101,149,3940408,10325,866458,11287,10299.71,19218778,14431332,0
2022-11-22,1264,7443476,812,6478229,7,592017,52,3417939,87,503188,154,3940562,9198,875656,10198,9977.57,19228976,14432193,0
2022-11-23,1283,7444759,723,6478952,11,592028,63,3418002,74,503262,163,3940725,8614,884270,9527,9539.86,19238503,14432969,0
2022-11-24,18,7444777,10,6478962,1,592029,0,3418002,6,503268,8,3940733,110,884380,133,7889.71,19238636,14432986,0
2022-11-25,678,7445455,473,6479435,13,592042,35,3418037,52,503320,107,3940840,5640,890020,6364,6837.14,19245000,14433623,0
2022-11-26,585,7446040,375,6479810,2,592044,14,3418051,42,503362,61,3940901,4862,894882,5294,6659.86,19250294,14433999,0
2022-11-27,397,7446437,218,6480028,1,592045,10,3418061,23,503385,48,3940949,3163,898045,3350,6593.29,19253644,14434153,0
2022-11-28,934,7447371,691,6480719,9,592054,56,3418117,60,503445,135,3941084,6880,904925,7826,6098.86,19261470,14434983,0
2022-11-29,893,7448264,698,6481417,8,592062,43,3418160,74,503519,143,3941227,6755,911680,7771,5752.14,19269241,14435882,0
2022-11-30,1183,7449447,865,6482282,14,592076,49,3418209,52,503571,119,3941346,8551,920231,9545,5754.71,19278786,14436775,0
2022-12-01,1101,7450548,759,6483041,11,592087,57,3418266,95,503666,177,3941523,8326,928557,9359,7072.71,19288145,14437656,0
2022-12-02,1298,7451846,949,6483990,13,592100,69,3418335,98,503764,186,3941709,10074,938631,11357,7786,19299502,14438772,0
2022-12-03,583,7452429,416,6484406,12,592112,39,3418374,40,503804,82,3941791,4874,943505,5383,7798.71,19304885,14439202,0
2022-12-04,414,7452843,281,6484687,4,592116,6,3418380,25,503829,38,3941829,3254,946759,3473,7816.29,19308358,14439390,0
2022-12-05,1134,7453977,756,6485443,15,592131,54,3418434,67,503896,137,3941966,8446,955205,9418,8043.71,19317776,14440241,0
2022-12-06,1140,7455117,750,6486193,11,592142,59,3418493,83,503979,161,3942127,7939,963144,8897,8204.57,19326673,14441057,0
2022-12-07,1179,7456296,736,6486929,10,592152,63,3418556,79,504058,161,3942288,7996,971140,8984,8124.43,19335657,14441903,0
2022-12-08,1090,7457386,734,6487663,11,592163,64,3418620,71,504129,156,3942444,8511,979651,9505,8145.29,19345162,14442762,0
2022-12-09,1217,7458603,941,6488604,11,592174,81,3418701,99,504228,205,3942649,10060,989711,11394,8150.57,19356556,14443916,0
2022-12-10,666,7459269,456,6489060,7,592181,37,3418738,74,504302,129,3942778,6005,995716,6571,8320.29,19363127,14444371,0
2022-12-11,417,7459686,258,6489318,3,592184,11,3418749,35,504337,56,3942834,3604,999320,3798,8366.71,19366925,14444519,0
2022-12-12,1301,7460987,779,6490097,16,592200,69,3418818,102,504439,196,3943030,9646,1008966,10656,8543.57,19377581,14445358,0
2022-12-13,1231,7462218,807,6490904,13,592213,50,3418868,88,504527,164,3943194,9341,1018307,10312,8745.71,19387893,14446191,0
2022-12-14,1143,7463361,786,6491690,11,592224,57,3418925,75,504602,153,3943347,8990,1027297,9857,8870.43,19397750,14446926,0
2022-12-15,372,7463733,218,6491908,4,592228,23,3418948,57,504659,88,3943435,2612,1029909,3047,7947.86,19400797,14447281,0
