"DATE","ADMIN_DOSE1_DAILY","ADMIN_DOSE1_CUMULATIVE","ADMIN_DOSE2_DAILY","ADMIN_DOSE2_CUMULATIVE","ADMIN_SINGLE_DAILY","ADMIN_SINGLE_CUMULATIVE","ADMIN_ADDITIONAL1_DAILY","ADMIN_ADDITIONAL1_CUMULATIVE","ADMIN_ADDITIONAL2_DAILY","ADMIN_ADDITIONAL2_CUMULATIVE","ADMIN_ADDITIONAL_DAILY","ADMIN_ADDITIONAL_CUMULATIVE","ADMIN_BIVALENT_ADDITIONAL_DAILY","ADMIN_BIVALENT_ADDITIONAL_CUMULATIVE","ADMIN_ALLDOSES_DAILY","ADMIN_ALLDOSES_7DAYAVG","ADMIN_ALLDOSES_CUMULATIVE","ADMIN_ALLDOSES_PRIMARY","INCOMPLETE"
2020-12-14,79,79,0,0,2,2,0,0,0,0,0,0,0,0,81,,81,81,0
2020-12-15,2052,2131,7,7,5,7,0,0,0,0,0,0,0,0,2064,,2145,2145,0
2020-12-16,4604,6735,17,24,4,11,1,1,0,0,1,1,0,0,4626,,6771,6770,0
2020-12-17,4661,11396,18,42,2,13,1,2,0,0,1,2,0,0,4682,,11453,11451,0
2020-12-18,5836,17232,18,60,2,15,2,4,0,0,2,4,0,0,5858,,17311,17307,0
2020-12-19,1688,18920,9,69,3,18,0,4,0,0,0,4,0,0,1700,,19011,19007,0
2020-12-20,1117,20037,2,71,1,19,0,4,0,0,0,4,0,0,1120,2875.86,20131,20127,0
2020-12-21,6391,26428,22,93,0,19,5,9,0,0,5,9,0,0,6418,3781.14,26549,26540,0
2020-12-22,9766,36194,27,120,2,21,1,10,0,0,1,10,0,0,9796,4885.71,36345,36335,0
2020-12-23,14276,50470,37,157,3,24,0,10,0,0,0,10,0,0,14316,6270,50661,50651,0
2020-12-24,7170,57640,28,185,1,25,0,10,0,0,0,10,0,0,7199,6629.57,57860,57850,0
2020-12-25,180,57820,0,185,0,25,1,11,0,0,1,11,0,0,181,5818.57,58041,58030,0
2020-12-26,4391,62211,47,232,0,25,1,12,0,0,1,12,0,0,4439,6209.86,62480,62468,0
2020-12-27,3870,66081,14,246,0,25,1,13,0,0,1,13,0,0,3885,6604.86,66365,66352,0
2020-12-28,10992,77073,51,297,1,26,3,16,0,0,3,16,0,0,11047,7266.14,77412,77396,0
2020-12-29,10712,87785,37,334,2,28,3,19,0,0,3,19,0,0,10754,7403,88166,88147,0
2020-12-30,12822,100607,44,378,0,28,0,19,0,0,0,19,0,0,12866,7195.86,101032,101013,0
2020-12-31,7259,107866,37,415,1,29,0,19,0,0,0,19,0,0,7297,7209.86,108329,108310,0
2021-01-01,178,108044,2,417,1,30,3,22,0,0,3,22,0,0,184,7210.29,108513,108491,0
2021-01-02,3809,111853,10,427,3,33,2,24,0,0,2,24,0,0,3824,7122.43,112337,112313,0
2021-01-03,3542,115395,24,451,2,35,1,25,0,0,1,25,0,0,3569,7077.29,115906,115881,0
2021-01-04,12252,127647,810,1261,2,37,7,32,0,0,7,32,0,0,13071,7366.43,128977,128945,0
2021-01-05,14089,141736,2197,3458,2,39,14,46,1,1,15,47,0,0,16303,8159.14,145280,145233,0
2021-01-06,17795,159531,3929,7387,1,40,32,78,8,9,40,87,0,0,21765,9430.43,167045,166958,0
2021-01-07,16538,176069,5184,12571,4,44,46,124,3,12,49,136,0,0,21775,11498.71,188820,188684,0
2021-01-08,16609,192678,5462,18033,0,44,36,160,4,16,40,176,0,0,22111,14631.14,210931,210755,0
2021-01-09,7649,200327,1465,19498,1,45,7,167,2,18,9,185,0,0,9124,15388.29,220055,219870,0
2021-01-10,7880,208207,978,20476,0,45,14,181,0,18,14,199,0,0,8872,16145.86,228927,228728,0
2021-01-11,25808,234015,7460,27936,2,47,56,237,8,26,64,263,0,0,33334,19040.57,262261,261998,0
2021-01-12,28243,262258,7868,35804,1,48,44,281,4,30,48,311,0,0,36160,21877.29,298421,298110,0
2021-01-13,31703,293961,9422,45226,1,49,59,340,5,35,64,375,0,0,41190,24652.29,339611,339236,0
2021-01-14,35799,329760,5302,50528,1,50,33,373,7,42,40,415,0,0,41142,27419,380753,380338,0
2021-01-15,29248,359008,3716,54244,2,52,32,405,5,47,37,452,0,0,33003,28975,413756,413304,0
2021-01-16,30267,389275,2396,56640,0,52,24,429,6,53,30,482,0,0,32693,32342,446449,445967,0
2021-01-17,23728,413003,1645,58285,0,52,20,449,1,54,21,503,0,0,25394,34702.29,471843,471340,0
2021-01-18,27085,440088,2425,60710,0,52,37,486,7,61,44,547,0,0,29555,34162.43,501398,500851,0
2021-01-19,34273,474361,9642,70352,1,53,72,558,7,68,79,626,0,0,43995,35281.71,545393,544767,0
2021-01-20,34850,509211,9505,79857,1,54,62,620,3,71,65,691,0,0,44421,35743.29,589814,589123,0
2021-01-21,25577,534788,8097,87954,2,56,55,675,5,76,60,751,0,0,33736,34685.29,623550,622799,0
2021-01-22,24742,559530,4386,92340,1,57,31,706,7,83,38,789,0,0,29167,34137.29,652717,651928,0
2021-01-23,15736,575266,3225,95565,0,57,12,718,2,85,14,803,0,0,18975,32177.57,671692,670889,0
2021-01-24,7172,582438,3458,99023,0,57,19,737,1,86,20,823,0,0,10650,30071.29,682342,681519,0
2021-01-25,13400,595838,11829,110852,0,57,69,806,12,98,81,904,0,0,25310,29464.86,707652,706748,0
2021-01-26,16748,612586,10766,121618,0,57,69,875,3,101,73,977,0,0,27587,27120.86,735239,734263,0
2021-01-27,20828,633414,12358,133976,0,57,53,928,9,110,62,1039,0,0,33250,25525,768489,767451,0
2021-01-28,30749,664163,12856,146832,0,57,84,1012,16,126,100,1139,0,0,43708,26949.57,812197,811059,0
2021-01-29,31676,695839,11512,158344,0,57,84,1096,11,137,95,1234,0,0,43283,28966.14,855480,854247,0
2021-01-30,18706,714545,3743,162087,0,57,22,1118,3,140,26,1260,0,0,22475,29466.14,877955,876697,0
2021-01-31,13006,727551,2930,165017,1,58,28,1146,5,145,33,1293,0,0,15970,30226.14,893925,892634,0
2021-02-01,1180,728731,5402,170419,4,62,35,1181,4,149,39,1332,0,0,6625,27556.86,900550,899220,0
2021-02-02,2823,731554,9443,179862,2,64,53,1234,3,152,56,1388,0,0,12324,25376.43,912874,911488,0
2021-02-03,16343,747897,21236,201098,4,68,213,1447,22,174,235,1623,0,0,37818,26029,950692,949071,0
2021-02-04,27035,774932,19652,220750,3,71,209,1656,10,184,219,1842,0,0,46909,26486.29,997601,995761,0
2021-02-05,27576,802508,20030,240780,0,71,193,1849,17,201,211,2053,0,0,47817,27134,1045418,1043368,0
2021-02-06,22976,825484,11250,252030,0,71,116,1965,12,213,128,2181,0,0,34354,28831,1079772,1077594,0
2021-02-07,12029,837513,8286,260316,1,72,97,2062,12,225,110,2291,0,0,20426,29467.57,1100198,1097911,0
2021-02-08,16940,854453,23525,283841,2,74,239,2301,35,260,275,2566,0,0,40742,34341.43,1140940,1138379,0
2021-02-09,17186,871639,28089,311930,2,76,356,2657,42,302,401,2967,0,0,45678,39106.29,1186618,1183659,0
2021-02-10,19584,891223,29302,341232,2,78,271,2928,52,354,326,3293,0,0,49215,40734.43,1235833,1232551,0
2021-02-11,27829,919052,33460,374692,2,80,352,3280,58,412,410,3703,0,0,61703,42847.86,1297536,1293844,0
2021-02-12,38351,957403,30811,405503,3,83,363,3643,41,453,405,4108,0,0,69570,45955.43,1367106,1363010,0
2021-02-13,27987,985390,25311,430814,2,85,314,3957,58,511,373,4481,0,0,53674,48715.43,1420780,1416312,0
2021-02-14,16257,1001647,23724,454538,0,85,279,4236,35,546,314,4795,0,0,40295,51553.86,1461075,1456293,0
2021-02-15,12791,1014438,10526,465064,2,87,179,4415,24,570,204,4999,0,0,23523,49094,1484598,1479613,0
2021-02-16,14232,1028670,26707,491771,0,87,342,4757,41,611,384,5383,0,0,41323,48471.86,1525921,1520553,0
2021-02-17,16380,1045050,22193,513964,1,88,289,5046,41,652,330,5713,0,0,38904,46998.86,1564825,1559127,0
2021-02-18,12136,1057186,24979,538943,21,109,308,5354,46,698,354,6067,0,0,37490,43539.86,1602315,1596263,0
2021-02-19,13238,1070424,23924,562867,38,147,315,5669,49,747,364,6431,0,0,37564,38967.57,1639879,1633463,0
2021-02-20,11344,1081768,26069,588936,7,154,338,6007,78,825,418,6849,0,0,37839,36705.43,1677718,1670886,0
2021-02-21,6356,1088124,17406,606342,15,169,300,6307,45,870,346,7195,0,0,24123,34395.14,1701841,1694664,0
2021-02-22,13046,1101170,11831,618173,2,171,133,6440,21,891,154,7349,0,0,25033,34610.86,1726874,1719543,0
2021-02-23,25238,1126408,14137,632310,1,172,167,6607,35,926,203,7552,0,0,39580,34361.86,1766454,1758921,0
2021-02-24,36335,1162743,20398,652708,0,172,232,6839,42,968,275,7827,0,0,57008,36948.14,1823462,1815655,0
2021-02-25,54568,1217311,30406,683114,6,178,412,7251,64,1032,477,8304,0,0,85457,43800.57,1908919,1900636,0
2021-02-26,62819,1280130,31875,714989,4,182,424,7675,79,1111,506,8810,0,0,95204,52034.86,2004123,1995337,0
2021-02-27,51262,1331392,22752,737741,47,229,353,8028,53,1164,407,9217,0,0,74468,57267.57,2078591,2069399,0
2021-02-28,44552,1375944,13848,751589,7,236,206,8234,37,1201,243,9460,0,0,58650,62200,2137241,2127806,0
2021-03-01,39302,1415246,12785,764374,10,246,170,8404,24,1225,194,9654,0,0,52291,66094,2189532,2179903,0
2021-03-02,47072,1462318,12580,776954,7,253,158,8562,16,1241,174,9828,0,0,59833,68987.29,2249365,2239562,0
2021-03-03,48589,1510907,16154,793108,17,270,156,8718,21,1262,177,10005,0,0,64937,70120,2314302,2304322,0
2021-03-04,59800,1570707,22812,815920,1092,1362,280,8998,36,1298,317,10322,0,0,84021,69914.86,2398323,2388027,0
2021-03-05,60951,1631658,24288,840208,3107,4469,337,9335,36,1334,375,10697,0,0,88721,68988.71,2487044,2476375,0
2021-03-06,47150,1678808,18884,859092,5451,9920,245,9580,41,1375,286,10983,0,0,71771,68603.43,2558815,2547860,0
2021-03-07,36025,1714833,14881,873973,6244,16164,237,9817,22,1397,261,11244,0,0,57411,68426.43,2616226,2605012,0
2021-03-08,39606,1754439,14685,888658,8557,24721,320,10137,92,1489,417,11661,0,0,63265,69994.14,2679491,2667865,0
2021-03-09,39084,1793523,12858,901516,7759,32480,185,10322,35,1524,221,11882,0,0,59922,70006.86,2739413,2727567,0
2021-03-10,51811,1845334,15363,916879,5064,37544,228,10550,34,1558,264,12146,0,0,72502,71087.57,2811915,2799807,0
2021-03-11,59959,1905293,21825,938704,4619,42163,258,10808,48,1606,308,12454,0,0,86711,71471.86,2898626,2886212,0
2021-03-12,52172,1957465,30307,969011,4182,46345,389,11197,86,1692,475,12929,0,0,87136,71245.43,2985762,2972873,0
2021-03-13,40635,1998100,26686,995697,5110,51455,333,11530,54,1746,387,13316,0,0,72819,71395.14,3058581,3045305,0
2021-03-14,30695,2028795,15972,1011669,4523,55978,252,11782,29,1775,283,13599,0,0,51474,70547,3110055,3096498,0
2021-03-15,33582,2062377,17258,1028927,4702,60680,243,12025,33,1808,276,13875,0,0,55818,69483.14,3165873,3152040,0
2021-03-16,38658,2101035,20517,1049444,4925,65605,265,12290,36,1844,302,14177,0,0,64402,70123.14,3230275,3216141,0
2021-03-17,42600,2143635,24788,1074232,4243,69848,353,12643,41,1885,395,14572,0,0,72026,70055.14,3302301,3287773,0
2021-03-18,50410,2194045,26809,1101041,5226,75074,387,13030,64,1949,451,15023,0,0,82896,69510.14,3385197,3370218,0
2021-03-19,47764,2241809,29965,1131006,5622,80696,407,13437,73,2022,480,15503,0,0,83832,69038.14,3469029,3453570,0
2021-03-20,38695,2280504,25830,1156836,4683,85379,308,13745,60,2082,369,15872,0,0,69577,68575,3538606,3522779,0
2021-03-21,29285,2309789,19354,1176190,769,86148,231,13976,44,2126,275,16147,0,0,49683,68319.14,3588289,3572187,0
2021-03-22,33849,2343638,26753,1202943,4037,90185,260,14236,38,2164,299,16446,0,0,64939,69622.14,3653228,3636828,0
2021-03-23,38411,2382049,32850,1235793,4214,94399,305,14541,54,2218,363,16809,0,0,75838,71255.86,3729066,3712307,0
2021-03-24,41470,2423519,37617,1273410,4843,99242,338,14879,64,2282,405,17214,0,0,84335,73014.29,3813401,3796240,0
2021-03-25,43386,2466905,50781,1324191,5050,104292,494,15373,89,2371,587,17801,0,0,99804,75429.71,3913205,3895461,0
2021-03-26,38485,2505390,55493,1379684,4307,108599,544,15917,107,2478,655,18456,0,0,98940,77588,4012145,3993750,0
2021-03-27,35719,2541109,45743,1425427,2938,111537,438,16355,84,2562,523,18979,0,0,84923,79780.29,4097068,4078151,0
2021-03-28,26374,2567483,34451,1459878,1481,113018,345,16700,67,2629,416,19395,0,0,62722,81643,4159790,4140461,0
2021-03-29,34803,2602286,38857,1498735,3244,116262,363,17063,115,2744,479,19874,0,0,77383,83420.71,4237173,4217366,0
2021-03-30,40486,2642772,41920,1540655,3712,119974,353,17416,65,2809,419,20293,0,0,86537,84949.14,4323710,4303485,0
2021-03-31,49368,2692140,44878,1585533,7438,127412,419,17835,85,2894,504,20797,0,0,102188,87499.57,4425898,4405169,0
2021-04-01,50758,2742898,53948,1639481,11272,138684,512,18347,85,2979,601,21398,0,0,116579,89896,4542477,4521151,0
2021-04-02,43748,2786646,53870,1693351,11965,150649,561,18908,72,3051,638,22036,0,0,110221,91507.57,4652698,4630739,0
2021-04-03,39236,2825882,39207,1732558,9860,160509,351,19259,60,3111,412,22448,0,0,88715,92049.29,4741413,4719043,0
2021-04-04,26548,2852430,24779,1757337,3902,164411,231,19490,50,3161,281,22729,0,0,55510,91019,4796923,4774272,0
2021-04-05,41860,2894290,34481,1791818,11195,175606,391,19881,61,3222,453,23182,0,0,87989,92534.14,4884912,4861809,0
2021-04-06,53241,2947531,35614,1827432,13214,188820,446,20327,80,3302,527,23709,0,0,102596,94828.29,4987508,4963879,0
2021-04-07,55478,3003009,40704,1868136,14384,203204,418,20745,82,3384,502,24211,0,0,111068,96096.86,5098576,5074447,0
2021-04-08,59235,3062244,46584,1914720,16338,219542,537,21282,88,3472,626,24837,0,0,122783,96983.14,5221359,5196605,0
2021-04-09,56626,3118870,44947,1959667,17556,237098,543,21825,80,3552,628,25465,0,0,119757,98345.43,5341116,5315739,0
2021-04-10,49331,3168201,35640,1995307,12716,249814,403,22228,62,3614,469,25934,0,0,98156,99694.14,5439272,5413430,0
2021-04-11,38157,3206358,28824,2024131,7679,257493,302,22530,62,3676,365,26299,0,0,75025,102482,5514297,5488091,0
2021-04-12,46621,3252979,31836,2055967,13495,270988,477,23007,69,3745,546,26845,0,0,92498,103126.14,5606795,5580043,0
2021-04-13,52533,3305512,33793,2089760,369,271357,407,23414,65,3810,473,27318,0,0,87168,100922.14,5693963,5666739,0
2021-04-14,50130,3355642,39957,2129717,20,271377,372,23786,79,3889,452,27770,0,0,90559,97992.29,5784522,5756847,0
2021-04-15,52105,3407747,43688,2173405,16,271393,464,24250,108,3997,577,28347,0,0,96387,94221.43,5880909,5852662,0
2021-04-16,51177,3458924,42203,2215608,32,271425,444,24694,72,4069,519,28866,0,0,93931,90532,5974840,5946077,0
2021-04-17,43825,3502749,35691,2251299,3,271428,375,25069,84,4153,461,29327,0,0,79980,87935.43,6054820,6025598,0
2021-04-18,28593,3531342,29366,2280665,7,271435,264,25333,65,4218,330,29657,0,0,58296,85545.57,6113116,6083565,0
2021-04-19,37445,3568787,36451,2317116,22,271457,340,25673,68,4286,410,30067,0,0,74328,82949.86,6187444,6157485,0
2021-04-20,40795,3609582,39622,2356738,19,271476,322,25995,84,4370,407,30474,0,0,80843,82046.29,6268287,6237922,0
2021-04-21,38871,3648453,46030,2402768,17,271493,508,26503,98,4468,607,31081,0,0,85525,81327.14,6353812,6322841,0
2021-04-22,38479,3686932,48956,2451724,9,271502,353,26856,79,4547,434,31515,0,0,87879,80111.71,6441691,6410288,0
2021-04-23,39683,3726615,44388,2496112,3,271505,358,27214,75,4622,435,31950,0,0,84509,78765.71,6526200,6494364,0
2021-04-24,31922,3758537,41604,2537716,44,271549,288,27502,62,4684,351,32301,0,0,73921,77900.14,6600121,6567935,0
2021-04-25,18411,3776948,31218,2568934,87,271636,204,27706,61,4745,265,32566,0,0,49981,76712.29,6650102,6617651,0
2021-04-26,26954,3803902,40721,2609655,1012,272648,306,28012,93,4838,404,32970,0,0,69091,75964.14,6719193,6686343,0
2021-04-27,28553,3832455,47129,2656784,1696,274344,376,28388,96,4934,477,33447,0,0,77855,75537.29,6797048,6763726,0
2021-04-28,27008,3859463,56845,2713629,2146,276490,450,28838,101,5035,554,34001,0,0,86553,75684.14,6883601,6849728,0
2021-04-29,28584,3888047,57206,2770835,2149,278639,377,29215,101,5136,480,34481,0,0,88419,75761.29,6972020,6937669,0
2021-04-30,30100,3918147,51992,2822827,2059,280698,294,29509,76,5212,371,34852,0,0,84523,75763.29,7056543,7021822,0
2021-05-01,22475,3940622,44536,2867363,1177,281875,237,29746,65,5277,304,35156,0,0,68492,74987.71,7125035,7090012,0
2021-05-02,11915,3952537,36640,2904003,1081,282956,154,29900,57,5334,213,35369,0,0,49849,74968.86,7174884,7139650,0
2021-05-03,18007,3970544,53024,2957027,2381,285337,266,30166,93,5427,361,35730,0,0,73775,75638,7248659,7213066,0
2021-05-04,22728,3993272,56642,3013669,2331,287668,275,30441,117,5544,393,36123,0,0,82094,76243.57,7330753,7294768,0
2021-05-05,21472,4014744,48753,3062422,2313,289981,320,30761,104,5648,425,36548,0,0,72964,74302.29,7403717,7367308,0
2021-05-06,20670,4035414,50176,3112598,2508,292489,283,31044,91,5739,378,36926,0,0,73732,72204.14,7477449,7440666,0
2021-05-07,21232,4056646,52106,3164704,2812,295301,320,31364,79,5818,400,37326,0,0,76550,71065.14,7553999,7516817,0
2021-05-08,16617,4073263,41867,3206571,1834,297135,237,31601,72,5890,309,37635,0,0,60627,69941.57,7614626,7577135,0
2021-05-09,7967,4081230,29405,3235976,1260,298395,156,31757,56,5946,212,37847,0,0,38844,68369.43,7653470,7615767,0
2021-05-10,14374,4095604,38524,3274500,2356,300751,251,32008,93,6039,348,38195,0,0,55602,65773.29,7709072,7671025,0
2021-05-11,19897,4115501,43063,3317563,2512,303263,292,32300,87,6126,384,38579,0,0,65857,63453.71,7774929,7736503,0
2021-05-12,17811,4133312,40536,3358099,3595,306858,243,32543,80,6206,323,38902,0,0,62265,61925.29,7837194,7798445,0
2021-05-13,24952,4158264,40423,3398522,3229,310087,275,32818,81,6287,358,39260,0,0,68962,61243.86,7906156,7867051,0
2021-05-14,27003,4185267,42946,3441468,3536,313623,276,33094,95,6382,373,39633,0,0,73858,60859.29,7980014,7940538,0
2021-05-15,23639,4208906,34921,3476389,3364,316987,261,33355,75,6457,337,39970,0,0,62261,61092.71,8042275,8002463,0
2021-05-16,15519,4224425,19456,3495845,2496,319483,123,33478,47,6504,171,40141,0,0,37642,60921,8079917,8039935,0
2021-05-17,22663,4247088,29137,3524982,3252,322735,191,33669,72,6576,263,40404,0,0,55315,60880,8135232,8094987,0
2021-05-18,24614,4271702,31906,3556888,3402,326137,245,33914,83,6659,328,40732,0,0,60250,60079,8195482,8154909,0
2021-05-19,24175,4295877,29726,3586614,3041,329178,233,34147,50,6709,284,41016,0,0,57226,59359.14,8252708,8211852,0
2021-05-20,24135,4320012,30102,3616716,3163,332341,275,34422,88,6797,368,41384,0,0,57768,57760,8310476,8269257,0
2021-05-21,24664,4344676,32003,3648719,3057,335398,253,34675,63,6860,319,41703,0,0,60043,55786.43,8370519,8328984,0
2021-05-22,20014,4364690,24371,3673090,2523,337921,168,34843,48,6908,217,41920,0,0,47125,53624.14,8417644,8375893,0
2021-05-23,11225,4375915,13733,3686823,1411,339332,95,34938,32,6940,129,42049,0,0,26498,52032.14,8444142,8402264,0
2021-05-24,18857,4394772,23164,3709987,2757,342089,222,35160,55,6995,280,42329,0,0,45058,50566.86,8489200,8447045,0
2021-05-25,19420,4414192,23386,3733373,2601,344690,176,35336,59,7054,235,42564,0,0,45642,48480,8534842,8492452,0
2021-05-26,18774,4432966,21089,3754462,2698,347388,205,35541,49,7103,256,42820,0,0,42817,46421.57,8577659,8535015,0
2021-05-27,18454,4451420,21282,3775744,2531,349919,183,35724,62,7165,246,43066,0,0,42513,44242.29,8620172,8577283,0
2021-05-28,17855,4469275,22878,3798622,2751,352670,191,35915,59,7224,251,43317,0,0,43735,41912.57,8663907,8620768,0
2021-05-29,12702,4481977,17816,3816438,1754,354424,106,36021,39,7263,146,43463,0,0,32418,39811.57,8696325,8653041,0
2021-05-30,7025,4489002,8949,3825387,1074,355498,50,36071,17,7280,67,43530,0,0,17115,38471.14,8713440,8670089,0
2021-05-31,4740,4493742,6922,3832309,1011,356509,65,36136,18,7298,83,43613,0,0,12756,33856.57,8726196,8682762,0
2021-06-01,16047,4509789,25188,3857497,2177,358686,162,36298,41,7339,207,43820,0,0,43619,33567.57,8769815,8726178,0
2021-06-02,15351,4525140,20401,3877898,2095,360781,141,36439,47,7386,188,44008,0,0,38035,32884.43,8807850,8764025,0
2021-06-03,14995,4540135,23823,3901721,2280,363061,133,36572,45,7431,180,44188,0,0,41278,32708,8849128,8805125,0
2021-06-04,14710,4554845,26002,3927723,2492,365553,151,36723,43,7474,195,44383,0,0,43400,32660.14,8892528,8848331,0
2021-06-05,10977,4565822,22104,3949827,1806,367359,115,36838,29,7503,145,44528,0,0,35032,33033.57,8927560,8883219,0
2021-06-06,6443,4572265,14487,3964314,1222,368581,89,36927,12,7515,102,44630,0,0,22254,33767.71,8949814,8905372,0
2021-06-07,11695,4583960,21786,3986100,2378,370959,145,37072,37,7552,185,44815,0,0,36044,37094.57,8985858,8941234,0
2021-06-08,12625,4596585,24020,4010120,2071,373030,128,37200,46,7598,175,44990,0,0,38891,36419.14,9024749,8979951,0
2021-06-09,11124,4607709,23028,4033148,2300,375330,139,37339,43,7641,184,45174,0,0,36636,36219.29,9061385,9016405,0
2021-06-10,12055,4619764,22236,4055384,2462,377792,144,37483,62,7703,206,45380,0,0,36960,35602.43,9098345,9053159,0
2021-06-11,12696,4632460,25125,4080509,2483,380275,160,37643,62,7765,223,45603,0,0,40527,35192,9138872,9093464,0
2021-06-12,10158,4642618,19319,4099828,1888,382163,96,37739,44,7809,142,45745,0,0,31507,34688.43,9170379,9124831,0
2021-06-13,4251,4646869,10937,4110765,1219,383382,42,37781,21,7830,63,45808,0,0,16472,33862.43,9186851,9141240,0
2021-06-14,10201,4657070,19240,4130005,2041,385423,134,37915,53,7883,187,45995,0,0,31669,33237.43,9218520,9172722,0
2021-06-15,11880,4668950,21019,4151024,1942,387365,131,38046,42,7925,174,46169,0,0,35016,32683.86,9253536,9207565,0
2021-06-16,11581,4680531,19402,4170426,1956,389321,150,38196,74,7999,224,46393,0,0,33163,32187.71,9286699,9240504,0
2021-06-17,11019,4691550,18759,4189185,1973,391294,130,38326,35,8034,167,46560,0,0,31918,31467.43,9318617,9272257,0
2021-06-18,12166,4703716,18495,4207680,2115,393409,120,38446,37,8071,158,46718,0,0,32935,30382.86,9351552,9305035,0
2021-06-19,8492,4712208,13517,4221197,1459,394868,89,38535,21,8092,110,46828,0,0,23578,29250.14,9375130,9328503,0
2021-06-20,4333,4716541,7159,4228356,924,395792,38,38573,16,8108,54,46882,0,0,12470,28678.43,9387600,9340919,0
2021-06-21,10153,4726694,10013,4238369,1806,397598,72,38645,28,8136,101,46983,0,0,22073,27307.57,9409673,9362892,0
2021-06-22,9830,4736524,15645,4254014,1588,399186,106,38751,29,8165,135,47118,0,0,27198,26190.71,9436871,9389955,0
2021-06-23,10306,4746830,15188,4269202,1862,401048,104,38855,31,8196,136,47254,0,0,27492,25380.57,9464363,9417312,0
2021-06-24,9681,4756511,14702,4283904,1798,402846,123,38978,27,8223,152,47406,0,0,26333,24582.71,9490696,9443495,0
2021-06-25,10584,4767095,14387,4298291,1720,404566,117,39095,38,8261,155,47561,0,0,26846,23712.86,9517542,9470186,0
2021-06-26,7799,4774894,10464,4308755,1249,405815,79,39174,23,8284,103,47664,0,0,19615,23146.71,9537157,9489699,0
2021-06-27,4997,4779891,6002,4314757,795,406610,34,39208,15,8299,50,47714,0,0,11844,23057.29,9549001,9501494,0
2021-06-28,9033,4788924,10348,4325105,1526,408136,110,39318,26,8325,137,47851,0,0,21044,22910.29,9570045,9522402,0
2021-06-29,9729,4798653,12334,4337439,1347,409483,126,39444,33,8358,160,48011,0,0,23570,22392,9593615,9545813,0
2021-06-30,9424,4808077,10934,4348373,1486,410969,150,39594,18,8376,171,48182,0,0,22015,21609.57,9615630,9567660,0
2021-07-01,9392,4817469,10927,4359300,1434,412403,132,39726,25,8401,159,48341,0,0,21912,20978,9637542,9589415,0
2021-07-02,9688,4827157,11457,4370757,1541,413944,120,39846,21,8422,141,48482,0,0,22828,20404,9660370,9612102,0
2021-07-03,7057,4834214,8422,4379179,1192,415136,79,39925,17,8439,96,48578,0,0,16767,19997.14,9677137,9628773,0
2021-07-04,1286,4835500,1335,4380514,567,415703,11,39936,3,8442,14,48592,0,0,3202,18762.57,9680339,9631961,0
2021-07-05,6492,4841992,7107,4387621,1207,416910,67,40003,22,8464,89,48681,0,0,14895,17884.14,9695234,9646767,0
2021-07-06,9507,4851499,12855,4400476,1315,418225,117,40120,38,8502,156,48837,0,0,23833,17921.71,9719067,9670445,0
2021-07-07,8661,4860160,11109,4411585,1418,419643,129,40249,21,8523,150,48987,0,0,21338,17825,9740405,9691633,0
2021-07-08,8218,4868378,10195,4421780,1258,420901,108,40357,22,8545,132,49119,0,0,19803,17523.71,9760208,9711306,0
2021-07-09,8370,4876748,10834,4432614,1280,422181,90,40447,20,8565,110,49229,0,0,20594,17204.57,9780802,9731790,0
2021-07-10,7099,4883847,8636,4441250,1131,423312,67,40514,20,8585,88,49317,0,0,16954,17231.29,9797756,9748657,0
2021-07-11,4104,4887951,4540,4445790,701,424013,38,40552,6,8591,44,49361,0,0,9389,18115.14,9807145,9758002,0
2021-07-12,8449,4896400,9564,4455354,1251,425264,84,40636,23,8614,107,49468,0,0,19371,18754.57,9826516,9777266,0
2021-07-13,9457,4905857,9395,4464749,952,426216,109,40745,35,8649,146,49614,0,0,19950,18199.86,9846466,9797072,0
2021-07-14,8992,4914849,9537,4474286,1010,427226,107,40852,22,8671,133,49747,0,0,19672,17961.86,9866138,9816615,0
2021-07-15,8792,4923641,9158,4483444,1052,428278,83,40935,20,8691,104,49851,0,0,19106,17862.29,9885244,9835618,0
2021-07-16,9249,4932890,9763,4493207,981,429259,102,41037,29,8720,131,49982,0,0,20124,17795.14,9905368,9855611,0
2021-07-17,6838,4939728,7390,4500597,803,430062,79,41116,21,8741,100,50082,0,0,15131,17534.71,9920499,9870642,0
2021-07-18,4253,4943981,4285,4504882,575,430637,36,41152,14,8755,50,50132,0,0,9163,17502.43,9929662,9879755,0
2021-07-19,9119,4953100,8486,4513368,999,431636,93,41245,22,8777,116,50248,0,0,18720,17409.43,9948382,9898360,0
2021-07-20,10639,4963739,8762,4522130,991,432627,96,41341,25,8802,122,50370,0,0,20514,17490,9968896,9918753,0
2021-07-21,10052,4973791,8773,4530903,904,433531,149,41490,33,8835,182,50552,0,0,19911,17524.14,9988807,9938482,0
2021-07-22,10686,4984477,8584,4539487,1046,434577,146,41636,27,8862,174,50726,0,0,20490,17721.86,10009297,9958799,0
2021-07-23,11247,4995724,8887,4548374,1114,435691,139,41775,23,8885,164,50890,0,0,21412,17905.86,10030709,9980049,0
2021-07-24,7400,5003124,6740,4555114,670,436361,82,41857,26,8911,109,50999,0,0,14919,17875.57,10045628,9994860,0
2021-07-25,5471,5008595,2130,4557244,509,436870,58,41915,4,8915,62,51061,0,0,8172,17734,10053800,10002970,0
2021-07-26,10866,5019461,7009,4564253,856,437726,112,42027,20,8935,132,51193,0,0,18863,17754.43,10072663,10021701,0
2021-07-27,12063,5031524,8572,4572825,856,438582,138,42165,41,8976,180,51373,0,0,21671,17919.71,10094334,10043193,0
2021-07-28,12010,5043534,8054,4580879,950,439532,136,42301,29,9005,166,51539,0,0,21180,18101,10115514,10064208,0
2021-07-29,10930,5054464,7434,4588313,983,440515,136,42437,41,9046,181,51720,0,0,19528,17963.57,10135042,10083559,0
2021-07-30,14947,5069411,8016,4596329,1151,441666,186,42623,32,9078,220,51940,0,0,24334,18381,10159376,10107675,0
2021-07-31,9719,5079130,6323,4602652,815,442481,122,42745,20,9098,143,52083,0,0,17000,18678.29,10176376,10124533,0
2021-08-01,6497,5085627,3313,4605965,564,443045,81,42826,22,9120,103,52186,0,0,10477,19007.57,10186853,10134907,0
2021-08-02,13448,5099075,7156,4613121,846,443891,150,42976,19,9139,169,52355,0,0,21619,19401.29,10208472,10156357,0
2021-08-03,15404,5114479,8393,4621514,1109,445000,144,43120,39,9178,184,52539,0,0,25090,19889.71,10233562,10181264,0
2021-08-04,17257,5131736,8133,4629647,1454,446454,183,43303,36,9214,219,52758,0,0,27063,20730.14,10260625,10208108,0
2021-08-05,17884,5149620,7934,4637581,1371,447825,159,43462,21,9235,180,52938,0,0,27369,21850.29,10287994,10235297,0
2021-08-06,18173,5167793,8421,4646002,1230,449055,171,43633,32,9267,203,53141,0,0,28027,22377.86,10316021,10263121,0
2021-08-07,13378,5181171,6018,4652020,800,449855,104,43737,29,9296,133,53274,0,0,20329,22853.43,10336350,10283317,0
2021-08-08,9309,5190480,3834,4655854,400,450255,84,43821,10,9306,94,53368,0,0,13637,23304.86,10349987,10296860,0
2021-08-09,21335,5211815,8530,4664384,965,451220,177,43998,34,9340,212,53580,0,0,31042,24651,10381029,10327691,0
2021-08-10,18945,5230760,9333,4673717,946,452166,180,44178,33,9373,214,53794,0,0,29438,25272.14,10410467,10356916,0
2021-08-11,15644,5246404,8314,4682031,853,453019,131,44309,45,9418,177,53971,0,0,24988,24975.71,10435455,10381728,0
2021-08-12,15049,5261453,8991,4691022,942,453961,179,44488,35,9453,216,54187,0,0,25198,24665.57,10460653,10406712,0
2021-08-13,14915,5276368,9291,4700313,919,454880,248,44736,38,9491,287,54474,0,0,25413,24292.14,10486066,10431839,0
2021-08-14,10393,5286761,6412,4706725,625,455505,536,45272,41,9532,580,55054,0,0,18010,23960.86,10504076,10449272,0
2021-08-15,6688,5293449,4485,4711210,676,456181,567,45839,33,9565,604,55658,0,0,12453,23791.71,10516529,10461125,0
2021-08-16,15703,5309152,9311,4720521,1149,457330,1329,47168,66,9631,1400,57058,0,0,27563,23294.71,10544092,10487293,0
2021-08-17,17757,5326909,10457,4730978,1229,458559,1777,48945,85,9716,1877,58935,0,0,31320,23563.57,10575412,10516751,0
2021-08-18,17480,5344389,10381,4741359,1261,459820,2002,50947,91,9807,2104,61039,0,0,31226,24454.71,10606638,10545884,0
2021-08-19,16283,5360672,9532,4750891,1315,461135,1961,52908,67,9874,2041,63080,0,0,29171,25022.29,10635809,10573027,0
2021-08-20,16262,5376934,11543,4762434,1252,462387,1870,54778,86,9960,1970,65050,0,0,31027,25824.29,10666836,10602098,0
2021-08-21,11141,5388075,8041,4770475,878,463265,1068,55846,53,10013,1128,66178,0,0,21188,26278.29,10688024,10622165,0
2021-08-22,4076,5392151,3902,4774377,261,463526,520,56366,33,10046,557,66735,0,0,8796,25755.86,10696820,10630408,0
2021-08-23,15572,5407723,11811,4786188,1022,464548,1552,57918,77,10123,1642,68377,0,0,30048,26110.86,10726868,10658827,0
2021-08-24,16910,5424633,12597,4798785,1007,465555,1777,59695,81,10204,1866,70243,0,0,32380,26262.29,10759248,10689349,0
2021-08-25,14561,5439194,12457,4811242,1112,466667,1570,61265,82,10286,1667,71910,0,0,29797,26058.14,10789045,10717494,0
2021-08-26,16143,5455337,14100,4825342,1072,467739,1779,63044,70,10356,1861,73771,0,0,33176,26630.29,10822221,10748821,0
2021-08-27,14873,5470210,14825,4840167,971,468710,1677,64721,76,10432,1761,75532,0,0,32430,26830.71,10854651,10779498,0
2021-08-28,10675,5480885,11523,4851690,835,469545,1022,65743,46,10478,1069,76601,0,0,24102,27247,10878753,10802532,0
2021-08-29,7209,5488094,7499,4859189,541,470086,782,66525,58,10536,849,77450,0,0,16098,28290.14,10894851,10817790,0
2021-08-30,15510,5503604,16931,4876120,1076,471162,1799,68324,94,10630,1901,79351,0,0,35418,29057.29,10930269,10851315,0
2021-08-31,15502,5519106,15961,4892081,951,472113,1982,70306,90,10720,2082,81433,0,0,34496,29359.57,10964765,10883739,0
2021-09-01,14825,5533931,14112,4906193,1020,473133,1815,72121,62,10782,1887,83320,0,0,31844,29652,10996609,10913706,0
2021-09-02,14310,5548241,12525,4918718,896,474029,1716,73837,64,10846,1796,85116,0,0,29527,29130.71,11026136,10941453,0
2021-09-03,14997,5563238,14314,4933032,974,475003,1902,75739,72,10918,1980,87096,0,0,32265,29107.14,11058401,10971744,0
2021-09-04,9641,5572879,9406,4942438,688,475691,980,76719,34,10952,1019,88115,0,0,20754,28628.86,11079155,10991484,0
2021-09-05,6793,5579672,5512,4947950,438,476129,720,77439,17,10969,738,88853,0,0,13481,28255,11092636,11004228,0
2021-09-06,5194,5584866,4511,4952461,358,476487,274,77713,11,10980,287,89140,0,0,10350,24673.86,11102986,11014293,0
2021-09-07,15562,5600428,17703,4970164,912,477399,1563,79276,93,11073,1664,90804,0,0,35841,24866,11138827,11048478,0
2021-09-08,16147,5616575,14832,4984996,1070,478469,1781,81057,84,11157,1877,92681,0,0,33926,25163.43,11172753,11080539,0
2021-09-09,16092,5632667,14758,4999754,1048,479517,1922,82979,78,11235,2011,94692,0,0,33909,25789.43,11206662,11112448,0
2021-09-10,18348,5651015,15402,5015156,1207,480724,1984,84963,83,11318,2074,96766,0,0,37031,26470.29,11243693,11147412,0
2021-09-11,12628,5663643,10351,5025507,958,481682,1032,85995,50,11368,1088,97854,0,0,25025,27080.43,11268718,11171355,0
2021-09-12,8532,5672175,5053,5030560,765,482447,694,86689,32,11400,727,98581,0,0,15077,27308.43,11283795,11185706,0
2021-09-13,16920,5689095,12965,5043525,976,483423,1662,88351,52,11452,1724,100305,0,0,32585,30484.86,11316380,11216577,0
2021-09-14,16260,5705355,13678,5057203,887,484310,1603,89954,57,11509,1672,101977,0,0,32497,30007.14,11348877,11247414,0
2021-09-15,15508,5720863,12898,5070101,727,485037,1576,91530,84,11593,1669,103646,0,0,30802,29560.86,11379679,11276556,0
2021-09-16,15331,5736194,13915,5084016,1210,486247,1470,93000,68,11661,1545,105191,0,0,32001,29288.29,11411680,11307019,0
2021-09-17,14427,5750621,13954,5097970,922,487169,1845,94845,59,11720,1906,107097,0,0,31209,28456.57,11442889,11336324,0
2021-09-18,9986,5760607,10189,5108159,913,488082,1054,95899,42,11762,1100,108197,0,0,22188,28051.29,11465077,11357416,0
2021-09-19,6168,5766775,6078,5114237,558,488640,748,96647,28,11790,781,108978,0,0,13585,27838.14,11478662,11370225,0
2021-09-20,12663,5779438,12632,5126869,1068,489708,1927,98574,62,11852,1998,110976,0,0,28362,27234.86,11507024,11396598,0
2021-09-21,12216,5791654,12774,5139643,1108,490816,2036,100610,80,11932,2131,113107,0,0,28229,26625.14,11535253,11422711,0
2021-09-22,12815,5804469,12008,5151651,1090,491906,1691,102301,69,12001,1766,114873,0,0,27679,26179,11562932,11448630,0
2021-09-23,14916,5819385,12769,5164420,1639,493545,2274,104575,76,12077,2357,117230,0,0,31681,26133.29,11594613,11477961,0
2021-09-24,16541,5835926,13367,5177787,1636,495181,4629,109204,127,12204,4775,122005,0,0,36319,26863.29,11630932,11509524,0
2021-09-25,10520,5846446,9033,5186820,1017,496198,3465,112669,81,12285,3562,125567,0,0,24132,27141,11655064,11530110,0
2021-09-26,6289,5852735,5768,5192588,773,496971,2425,115094,61,12346,2497,128064,0,0,15327,27389.86,11670391,11542951,0
2021-09-27,14127,5866862,8067,5200655,1155,498126,9086,124180,163,12509,9299,137363,0,0,32649,28002.29,11703040,11566351,0
2021-09-28,11104,5877966,11791,5212446,901,499027,9937,134117,181,12690,10157,147520,0,0,33953,28820,11736993,11590186,0
2021-09-29,11589,5889555,12197,5224643,1205,500232,9463,143580,173,12863,9670,157190,0,0,34661,29817.43,11771654,11615211,0
2021-09-30,12211,5901766,12611,5237254,1338,501570,9768,153348,182,13045,9984,167174,0,0,36144,30455,11807798,11641405,0
2021-10-01,12616,5914382,13432,5250686,1284,502854,10291,163639,155,13200,10483,177657,0,0,37815,30668.71,11845613,11668774,0
2021-10-02,7717,5922099,9983,5260669,865,503719,4246,167885,82,13282,4352,182009,0,0,22917,30495.14,11868530,11687363,0
2021-10-03,5054,5927153,6159,5266828,593,504312,2625,170510,60,13342,2695,184704,1,1,14502,30377.29,11883032,11699179,0
2021-10-04,9898,5937051,11018,5277846,914,505226,9540,180050,150,13492,9726,194430,0,1,31556,30221.14,11914588,11721045,0
2021-10-05,10131,5947182,11736,5289582,972,506198,9962,190012,180,13672,10184,204614,1,2,33024,30088.43,11947612,11743926,0
2021-10-06,9868,5957050,11052,5300634,937,507135,9952,199964,163,13835,10152,214766,0,2,32010,29709.71,11979622,11765821,0
2021-10-07,9593,5966643,12158,5312792,850,507985,10185,210149,177,14012,10395,225161,0,2,32996,29260,12012618,11788455,0
2021-10-08,9427,5976070,12184,5324976,941,508926,10922,221071,166,14178,11127,236288,0,2,33679,28669.14,12046297,11811046,0
2021-10-09,6224,5982294,8242,5333218,643,509569,4132,225203,90,14268,4239,240527,0,2,19348,28159.29,12065645,11826172,0
2021-10-10,3529,5985823,5028,5338246,458,510027,2440,227643,47,14315,2495,243022,0,2,11510,27731.86,12077155,11835195,0
2021-10-11,7591,5993414,9339,5347585,728,510755,8906,236549,166,14481,9096,252118,0,2,26754,27045.86,12103909,11852877,0
2021-10-12,8046,6001460,10994,5358579,891,511646,10538,247087,188,14669,10767,262885,0,2,30698,26713.57,12134607,11872849,0
2021-10-13,7128,6008588,10146,5368725,869,512515,8817,255904,184,14853,9031,271916,0,2,27174,26022.71,12161781,11891022,0
2021-10-14,7402,6015990,11120,5379845,837,513352,10136,266040,166,15019,10342,282258,0,2,29701,25552,12191482,11910421,0
2021-10-15,7702,6023692,11857,5391702,823,514175,10863,276903,176,15195,11072,293330,0,2,31454,25234.14,12222936,11930836,0
2021-10-16,4852,6028544,7466,5399168,665,514840,3854,280757,67,15262,3933,297263,0,2,16916,24886.71,12239852,11943831,0
2021-10-17,3049,6031593,4470,5403638,411,515251,2461,283218,44,15306,2512,299775,0,2,10442,24734.14,12250294,11951768,0
2021-10-18,7015,6038608,10672,5414310,797,516048,9501,292719,188,15494,9723,309498,0,2,28207,24941.71,12278501,11970286,0
2021-10-19,6547,6045155,8947,5423257,803,516851,9110,301829,178,15672,9328,318826,1,3,25626,24217.14,12304127,11986623,0
2021-10-20,6516,6051671,9371,5432628,975,517826,10003,311832,180,15852,10222,329048,2,5,27085,24204.43,12331212,12003523,0
2021-10-21,7003,6058674,9388,5442016,857,518683,10873,322705,158,16010,11065,340113,1,6,28314,24006.29,12359526,12020805,0
2021-10-22,8077,6066751,10347,5452363,1026,519709,16374,339079,226,16236,16655,356768,0,6,36105,24670.71,12395631,12040310,0
2021-10-23,5150,6071901,6454,5458817,690,520399,9138,348217,119,16355,9277,366045,0,6,21571,25335.71,12417202,12052624,0
2021-10-24,3247,6075148,3966,5462783,766,521165,6178,354395,81,16436,6285,372330,0,6,14264,25881.71,12431466,12060629,0
2021-10-25,8823,6083971,8748,5471531,1152,522317,19289,373684,302,16738,19662,391992,0,6,38385,27335.71,12469851,12079423,0
2021-10-26,8147,6092118,7724,5479255,1258,523575,17321,391005,279,17017,17670,409662,0,6,34799,28646.14,12504650,12096622,0
2021-10-27,10501,6102619,8394,5487649,1605,525180,20901,411906,329,17346,21300,430962,0,6,41800,30748.29,12546450,12117192,0
2021-10-28,11258,6113877,8029,5495678,1793,526973,20902,432808,330,17676,21301,452263,0,6,42381,32757.86,12588831,12138341,0
2021-10-29,11803,6125680,8228,5503906,1968,528941,22578,455386,352,18028,23002,475265,1,7,45003,34029,12633834,12160413,0
2021-10-30,4596,6130276,5062,5508968,932,529873,11201,466587,170,18198,11410,486675,0,7,22000,34090.29,12655834,12171042,0
2021-10-31,2644,6132920,2700,5511668,544,530417,6652,473239,105,18303,6780,493455,1,8,12668,33862.29,12668502,12176952,0
2021-11-01,7069,6139989,6953,5518621,1085,531502,20436,493675,337,18640,20832,514287,1,9,35940,33513,12704442,12192118,0
2021-11-02,6522,6146511,6585,5525206,1055,532557,20824,514499,281,18921,21182,535469,0,9,35345,33591,12739787,12206358,0
2021-11-03,6787,6153298,6682,5531888,1026,533583,20682,535181,315,19236,21073,556542,0,9,35570,32701,12775357,12220931,0
2021-11-04,9256,6162554,6281,5538169,994,534577,22419,557600,354,19590,22856,579398,0,9,39387,32273.29,12814744,12237545,0
2021-11-05,11018,6173572,6719,5544888,1050,535627,23805,581405,361,19951,24249,603647,0,9,43036,31992.29,12857780,12256415,0
2021-11-06,11137,6184709,4050,5548938,594,536221,12615,594020,177,20128,12829,616476,0,9,28610,32936.57,12886390,12272233,0
2021-11-07,7224,6191933,2287,5551225,577,536798,7124,601144,99,20227,7238,623714,0,9,17326,33602,12903716,12282336,0
2021-11-08,15021,6206954,5679,5556904,862,537660,19539,620683,289,20516,19896,643610,1,10,41459,34390.43,12945175,12303966,0
2021-11-09,16103,6223057,5386,5562290,658,538318,20565,641248,282,20798,20929,664539,0,10,43076,35494.86,12988251,12326195,0
2021-11-10,16867,6239924,5322,5567612,682,539000,22721,663969,294,21092,23085,687624,0,10,45956,36978.57,13034207,12349136,0
2021-11-11,12493,6252417,5184,5572796,760,539760,22162,686131,292,21384,22523,710147,0,10,40960,37203.29,13075167,12367642,0
2021-11-12,16990,6269407,5687,5578483,705,540465,23480,709611,360,21744,23917,734064,1,11,47300,37812.43,13122467,12391101,0
2021-11-13,9917,6279324,3661,5582144,464,540929,13367,722978,184,21928,13594,747658,0,11,27636,37673.29,13150103,12405186,0
2021-11-14,5981,6285305,2283,5584427,324,541253,7957,730935,82,22010,8060,755718,0,11,16648,37576.43,13166751,12413795,0
2021-11-15,13170,6298475,5979,5590406,689,541942,25177,756112,369,22379,25626,781344,0,11,45464,38148.57,13212215,12433713,0
2021-11-16,9880,6308355,5779,5596185,653,542595,30737,786849,443,22822,31258,812602,0,11,47572,38790.86,13259787,12450105,0
2021-11-17,10212,6318567,6666,5602851,680,543275,31521,818370,426,23248,32036,844638,0,11,49594,39310.57,13309381,12467752,0
2021-11-18,10640,6329207,6527,5609378,854,544129,33110,851480,463,23711,33669,878307,0,11,51690,40843.43,13361071,12485869,0
2021-11-19,11904,6341111,6550,5615928,707,544836,36361,887841,473,24184,36926,915233,0,11,56087,42098.71,13417158,12505122,0
2021-11-20,9281,6350392,3414,5619342,512,545348,22581,910422,261,24445,22894,938127,0,11,36101,43308,13453259,12518381,0
2021-11-21,4894,6355286,1886,5621228,288,545636,13251,923673,156,24601,13432,951559,1,12,20501,43858.43,13473760,12525474,0
2021-11-22,10322,6365608,5782,5627010,748,546384,36033,959706,448,25049,36573,988132,0,12,53425,44995.71,13527185,12542418,0
2021-11-23,9685,6375293,4780,5631790,632,547016,33617,993323,387,25436,34077,1022209,0,12,49175,45224.71,13576360,12557589,0
2021-11-24,8617,6383910,4750,5636540,648,547664,26000,1019323,290,25726,26361,1048570,1,13,40377,43908,13616737,12571675,0
2021-11-25,447,6384357,329,5636869,80,547744,1004,1020327,9,25735,1013,1049583,0,13,1869,36790.71,13618606,12572531,0
2021-11-26,7997,6392354,7006,5643875,528,548272,26650,1046977,308,26043,27016,1076599,0,13,42547,34856.43,13661153,12588120,0
2021-11-27,6636,6398990,6860,5650735,370,548642,18899,1065876,227,26270,19164,1095763,0,13,33031,34417.86,13694184,12602025,0
2021-11-28,4031,6403021,5791,5656526,279,548921,11944,1077820,122,26392,12086,1107849,0,13,22187,34658.71,13716371,12612146,0
2021-11-29,9001,6412022,11019,5667545,684,549605,35161,1112981,455,26847,35693,1143542,1,14,56398,35083.43,13772769,12632927,0
2021-11-30,10402,6422424,11447,5678992,511,550116,37902,1150883,500,27347,38516,1182058,0,14,60876,36755,13833645,12655401,0
2021-12-01,11062,6433486,10987,5689979,724,550840,40496,1191379,441,27788,41037,1223095,0,14,63811,40102.71,13897456,12678275,0
2021-12-02,11524,6445010,11052,5701031,624,551464,42310,1233689,462,28250,42870,1265965,0,14,66070,49274.29,13963526,12701573,0
2021-12-03,13354,6458364,12909,5713940,664,552128,48105,1281794,534,28784,48743,1314708,1,15,75671,54006.29,14039197,12728604,0
2021-12-04,9756,6468120,11322,5725262,564,552692,30774,1312568,312,29096,31140,1345848,0,15,52782,56827.86,14091979,12750300,0
2021-12-05,5696,6473816,5704,5730966,270,552962,16714,1329282,131,29227,16881,1362729,0,15,28551,57737,14120530,12762006,0
2021-12-06,12219,6486035,9993,5740959,599,553561,43390,1372672,464,29691,43946,1406675,0,15,66758,59217,14187288,12784910,0
2021-12-07,12475,6498510,9253,5750212,623,554184,43183,1415855,521,30212,43792,1450467,0,15,66143,59969.43,14253431,12807349,0
2021-12-08,13436,6511946,8781,5758993,555,554739,40920,1456775,486,30698,41488,1491955,0,15,64260,60033.57,14317691,12830203,0
2021-12-09,13371,6525317,8757,5767750,551,555290,40965,1497740,501,31199,41565,1533520,0,15,64245,59772.86,14381936,12852982,0
2021-12-10,13931,6539248,10163,5777913,666,555956,43803,1541543,512,31711,44403,1577923,0,15,69163,58843.14,14451099,12877830,0
2021-12-11,10202,6549450,8159,5786072,405,556361,26774,1568317,287,31998,27111,1605034,0,15,45878,57856.86,14496977,12896647,0
2021-12-12,5973,6555423,3859,5789931,287,556648,15206,1583523,137,32135,15367,1620401,0,15,25486,57419,14522463,12906790,0
2021-12-13,12105,6567528,7435,5797366,655,557303,38037,1621560,408,32543,38529,1658930,0,15,58724,56271.29,14581187,12927069,0
2021-12-14,12140,6579668,6950,5804316,730,558033,38287,1659847,448,32991,38803,1697733,0,15,58624,55197.14,14639811,12946958,0
2021-12-15,11993,6591661,6248,5810564,755,558788,38277,1698124,497,33488,38854,1736587,0,15,57851,54281.57,14697662,12966035,0
2021-12-16,13070,6604731,4270,5814834,737,559525,41248,1739372,470,33958,41791,1778378,0,15,59868,53656.29,14757530,12984185,0
2021-12-17,15839,6620570,6947,5821781,617,560142,46946,1786318,485,34443,47527,1825905,0,15,70930,53908.71,14828460,13007684,0
2021-12-18,12944,6633514,5735,5827516,432,560574,30705,1817023,279,34722,31041,1856946,1,16,50152,54519.29,14878612,13026851,0
2021-12-19,6963,6640477,2995,5830511,326,560900,18058,1835081,177,34899,18266,1875212,0,16,28550,54957,14907162,13037166,0
2021-12-20,16725,6657202,5858,5836369,745,561645,47635,1882716,585,35484,48302,1923514,0,16,71630,56800.71,14978792,13060576,0
2021-12-21,17843,6675045,6580,5842949,806,562451,49074,1931790,602,36086,49754,1973268,0,16,74984,59137.86,15053776,13085884,0
2021-12-22,18475,6693520,6557,5849506,938,563389,49840,1981630,543,36629,50462,2023730,1,17,76433,61792.43,15130209,13111933,0
2021-12-23,18933,6712453,6488,5855994,930,564319,46013,2027643,537,37166,46616,2070346,0,17,72967,63663.71,15203176,13138350,0
2021-12-24,9184,6721637,2959,5858953,598,564917,20651,2048294,214,37380,20899,2091245,0,17,33640,58336.57,15236816,13151125,0
2021-12-25,342,6721979,63,5859016,31,564948,427,2048721,8,37388,436,2091681,0,17,872,51296.57,15237688,13151562,0
2021-12-26,7917,6729896,3932,5862948,341,565289,17319,2066040,178,37566,17528,2109209,0,17,29718,51463.43,15267406,13163783,0
2021-12-27,21693,6751589,9216,5872164,934,566223,43565,2109605,568,38134,44206,2153415,0,17,76049,52094.71,15343455,13195699,0
2021-12-28,20052,6771641,8345,5880509,700,566923,47707,2157312,626,38760,48422,2201837,0,17,77519,52456.86,15420974,13224885,0
2021-12-29,18420,6790061,7674,5888183,606,567529,45683,2202995,496,39256,46253,2248090,0,17,72953,51959.71,15493927,13251659,0
2021-12-30,16817,6806878,7444,5895627,588,568117,44936,2247931,597,39853,45620,2293710,0,17,70470,51603,15564397,13276596,0
2021-12-31,5337,6812215,2819,5898446,193,568310,14795,2262726,189,40042,15006,2308716,0,17,23355,50133.71,15587752,13284967,0
2022-01-01,244,6812459,147,5898593,12,568322,502,2263228,22,40064,528,2309244,0,17,931,50142.14,15588683,13285374,0
2022-01-02,6403,6818862,5021,5903614,153,568475,11008,2274236,111,40175,11135,2320379,0,17,22712,49141.29,15611395,13296967,0
2022-01-03,14081,6832943,8521,5912135,515,568990,27026,2301262,348,40523,27419,2347798,2,19,50538,45496.86,15661933,13320129,0
2022-01-04,12773,6845716,8130,5920265,414,569404,27307,2328569,372,40895,27738,2375536,12,31,49064,41431.86,15710997,13341502,0
2022-01-05,11283,6856999,7031,5927296,385,569789,26037,2354606,316,41211,26396,2401932,0,31,45096,37452.29,15756093,13360245,0
2022-01-06,11310,6868309,7398,5934694,485,570274,27668,2382274,358,41569,28078,2430010,2,33,47272,34138.29,15803365,13379489,0
2022-01-07,10116,6878425,8460,5943154,339,570613,25244,2407518,330,41899,25608,2455618,0,33,44524,37162.43,15847889,13398439,0
2022-01-08,7644,6886069,8609,5951763,311,570924,19641,2427159,192,42091,19850,2475468,0,33,36415,42231.57,15884304,13415021,0
2022-01-09,4105,6890174,3844,5955607,214,571138,10081,2437240,99,42190,10191,2485659,1,34,18357,41609.43,15902661,13423197,0
2022-01-10,10138,6900312,8202,5963809,490,571628,24645,2461885,310,42500,25006,2510665,1,35,43836,40652,15946497,13442077,0
2022-01-11,8833,6909145,7990,5971799,522,572150,21082,2482967,296,42796,21422,2532087,0,35,38771,39181.57,15985268,13459470,0
2022-01-12,8887,6918032,8332,5980131,427,572577,22405,2505372,295,43091,22735,2554822,1,36,40383,38508.29,16025651,13477152,0
2022-01-13,8992,6927024,8869,5989000,451,573028,22955,2528327,337,43428,23330,2578152,1,37,41645,37704.43,16067296,13495504,0
2022-01-14,10059,6937083,8127,5997127,474,573502,26486,2554813,340,43768,26868,2605020,0,37,45528,37847.86,16112824,13514206,0
2022-01-15,6185,6943268,4320,6001447,180,573682,15167,2569980,187,43955,15377,2620397,0,37,26062,36368.86,16138886,13524914,0
2022-01-16,2893,6946161,3250,6004697,95,573777,7840,2577820,89,44044,7939,2628336,0,37,14178,35771.86,16153064,13531163,0
2022-01-17,6037,6952198,6756,6011453,363,574140,14723,2592543,224,44268,14965,2643301,0,37,28121,33526.86,16181185,13544337,0
2022-01-18,8115,6960313,10324,6021777,394,574534,19713,2612256,326,44594,20070,2663371,0,37,38903,33545.71,16220088,13563201,0
2022-01-19,7409,6967722,9262,6031039,303,574837,17756,2630012,285,44879,18074,2681445,0,37,35048,32783.57,16255136,13580208,0
2022-01-20,6229,6973951,8562,6039601,305,575142,15298,2645310,257,45136,15582,2697027,0,37,30679,31217,16285815,13595332,0
2022-01-21,7517,6981468,7520,6047121,276,575418,18548,2663858,294,45430,18867,2715894,1,38,34180,29595.86,16319995,13610669,0
2022-01-22,5172,6986640,4953,6052074,132,575550,11344,2675202,131,45561,11500,2727394,0,38,21757,28980.86,16341752,13620951,0
2022-01-23,2782,6989422,3335,6055409,97,575647,6249,2681451,79,45640,6336,2733730,0,38,12550,28748.29,16354302,13627173,0
2022-01-24,6327,6995749,8212,6063621,262,575909,15099,2696550,248,45888,15374,2749104,0,38,30176,29041.86,16384478,13642002,0
2022-01-25,6144,7001893,7950,6071571,231,576140,14730,2711280,266,46154,15028,2764132,0,38,29353,27677.57,16413831,13656359,0
2022-01-26,5715,7007608,7185,6078756,288,576428,14040,2725320,219,46373,14286,2778418,0,38,27474,26595.57,16441305,13669574,0
2022-01-27,5217,7012825,7099,6085855,320,576748,14115,2739435,239,46612,14393,2792811,0,38,27029,26074.14,16468334,13682249,0
2022-01-28,6212,7019037,7887,6093742,205,576953,16159,2755594,243,46855,16425,2809236,1,39,30730,25581.29,16499064,13696576,0
2022-01-29,835,7019872,729,6094471,28,576981,2543,2758137,40,46895,2586,2811822,0,39,4178,23070,16503242,13698171,0
2022-01-30,2073,7021945,3025,6097496,103,577084,4555,2762692,64,46959,4623,2816445,0,39,9824,22680.57,16513066,13703376,0
2022-01-31,4976,7026921,6596,6104092,219,577303,11413,2774105,203,47162,11631,2828076,0,39,23422,21715.71,16536488,13715182,0
2022-02-01,4797,7031718,6456,6110548,220,577523,10737,2784842,222,47384,10977,2839053,1,40,22451,20729.71,16558939,13726673,0
2022-02-02,4247,7035965,5936,6116484,212,577735,11262,2796104,243,47627,11523,2850576,0,40,21918,19936,16580857,13737086,0
2022-02-03,4202,7040167,5819,6122303,216,577951,11236,2807340,207,47834,11469,2862045,1,41,21707,19175.71,16602564,13747349,0
2022-02-04,4733,7044900,7121,6129424,214,578165,13245,2820585,241,48075,13512,2875557,0,41,25580,18440,16628144,13759443,0
2022-02-05,3559,7048459,6079,6135503,110,578275,8599,2829184,158,48233,8772,2884329,0,41,18520,20488.86,16646664,13769206,0
2022-02-06,2051,7050510,2139,6137642,120,578395,4648,2833832,105,48338,4757,2889086,0,41,9068,20380.86,16655732,13773521,0
2022-02-07,4120,7054630,4750,6142392,205,578600,10151,2843983,237,48575,10413,2899499,0,41,19488,19818.86,16675220,13782621,0
2022-02-08,4188,7058818,5610,6148002,214,578814,11349,2855332,313,48888,11687,2911186,0,41,21699,19711.43,16696919,13792658,0
2022-02-09,4109,7062927,5406,6153408,221,579035,11683,2867015,259,49147,11966,2923152,0,41,21702,19680.57,16718621,13802418,0
2022-02-10,3965,7066892,5128,6158536,243,579278,12211,2879226,294,49441,12534,2935686,0,41,21870,19703.86,16740491,13811783,0
2022-02-11,4493,7071385,5812,6164348,195,579473,13751,2892977,327,49768,14110,2949796,0,41,24610,19565.29,16765101,13822315,0
2022-02-12,3242,7074627,4351,6168699,97,579570,8824,2901801,217,49985,9052,2958848,0,41,16742,19311.29,16781843,13830016,0
2022-02-13,1511,7076138,1543,6170242,41,579611,4888,2906689,113,50098,5006,2963854,0,41,8101,19173.14,16789944,13833116,0
2022-02-14,2961,7079099,3627,6173869,167,579778,10592,2917281,328,50426,10946,2974800,1,42,17702,18918,16807646,13839897,0
2022-02-15,3520,7082619,4076,6177945,174,579952,12807,2930088,290,50716,13113,2987913,0,42,20883,18801.43,16828529,13847683,0
2022-02-16,3616,7086235,3911,6181856,199,580151,15767,2945855,298,51014,16100,3004013,0,42,23826,19104.86,16852355,13855444,0
2022-02-17,3990,7090225,4082,6185938,162,580313,18367,2964222,373,51387,18770,3022783,0,42,27004,19838.29,16879359,13863708,0
2022-02-18,4428,7094653,4792,6190730,191,580504,21564,2985786,462,51849,22048,3044831,1,43,31460,20816.86,16910819,13873141,0
2022-02-19,3237,7097890,2186,6192916,65,580569,11200,2996986,219,52068,11430,3056261,0,43,16918,20842,16927737,13878640,0
2022-02-20,1844,7099734,1446,6194362,59,580628,6599,3003585,114,52182,6720,3062981,0,43,10069,21123.14,16937806,13881996,0
2022-02-21,3073,7102807,2695,6197057,94,580722,8367,3011952,236,52418,8616,3071597,0,43,14478,20662.57,16952284,13887871,0
2022-02-22,4362,7107169,4263,6201320,174,580896,10849,3022801,258,52676,11124,3082721,0,43,19923,20525.43,16972207,13896687,0
2022-02-23,4231,7111400,3794,6205114,145,581041,10692,3033493,243,52919,10952,3093673,1,44,19123,19853.57,16991330,13904874,0
2022-02-24,3781,7115181,3662,6208776,108,581149,10203,3043696,236,53155,10457,3104130,0,44,18008,18568.43,17009338,13912443,0
2022-02-25,3590,7118771,3636,6212412,135,581284,9995,3053691,246,53401,10254,3114384,0,44,17615,16590.57,17026953,13919817,0
2022-02-26,2817,7121588,2591,6215003,74,581358,9527,3063218,161,53562,9696,3124080,0,44,15178,16342,17042131,13925307,0
2022-02-27,1763,7123351,1373,6216376,52,581410,6275,3069493,101,53663,6383,3130463,0,44,9571,16270.86,17051702,13928502,0
2022-02-28,3770,7127121,3138,6219514,140,581550,13154,3082647,257,53920,13435,3143898,0,44,20483,17128.71,17072185,13935574,0
2022-03-01,2117,7129238,2630,6222144,102,581652,5194,3087841,186,54106,5387,3149285,0,44,10236,15744.86,17082421,13940430,0
2022-03-02,1822,7131060,2449,6224593,107,581759,4148,3091989,212,54318,4371,3153656,0,44,8749,14262.86,17091170,13944819,0
2022-03-03,1930,7132990,2564,6227157,106,581865,3805,3095794,171,54489,3990,3157646,0,44,8590,12917.43,17099760,13949433,0
2022-03-04,2115,7135105,2883,6230040,66,581931,4335,3100129,211,54700,4558,3162204,0,44,9622,11775.57,17109382,13954509,0
2022-03-05,1611,7136716,2127,6232167,43,581974,3319,3103448,119,54819,3441,3165645,0,44,7222,10639,17116604,13958293,0
2022-03-06,793,7137509,881,6233048,30,582004,1627,3105075,55,54874,1685,3167330,0,44,3389,9755.86,17119993,13960000,0
2022-03-07,1659,7139168,1788,6234836,87,582091,3508,3108583,161,55035,3683,3171013,0,44,7217,7860.71,17127210,13963548,0
2022-03-08,1542,7140710,1900,6236736,80,582171,3130,3111713,153,55188,3295,3174308,0,44,6817,7372.29,17134027,13967082,0
2022-03-09,1259,7141969,1684,6238420,80,582251,2596,3114309,130,55318,2731,3177039,0,44,5754,6944.43,17139781,13970110,0
2022-03-10,1408,7143377,2098,6240518,85,582336,2974,3117283,164,55482,3147,3180186,0,44,6738,6679.86,17146519,13973710,0
2022-03-11,1594,7144971,2278,6242796,81,582417,3217,3120500,190,55672,3425,3183611,0,44,7378,6359.29,17153897,13977681,0
2022-03-12,876,7145847,1419,6244215,42,582459,2011,3122511,75,55747,2089,3185700,0,44,4426,5959.86,17158323,13980021,0
2022-03-13,624,7146471,757,6244972,28,582487,1292,3123803,49,55796,1344,3187044,0,44,2753,5869,17161076,13981433,0
2022-03-14,1360,7147831,1616,6246588,84,582571,3000,3126803,208,56004,3229,3190273,0,44,6289,5736.43,17167365,13984514,0
2022-03-15,1354,7149185,1924,6248512,63,582634,3073,3129876,236,56240,3316,3193589,0,44,6657,5713.57,17174022,13987862,0
2022-03-16,1394,7150579,2061,6250573,94,582728,3149,3133025,296,56536,3461,3197050,0,44,7010,5893,17181032,13991427,0
2022-03-17,1191,7151770,1808,6252381,70,582798,2766,3135791,268,56804,3048,3200098,0,44,6117,5804.29,17187149,13994510,0
2022-03-18,1577,7153347,2222,6254603,79,582877,3781,3139572,421,57225,4208,3204306,1,45,8087,5905.57,17195236,13998394,0
2022-03-19,1103,7154450,1738,6256341,54,582931,2606,3142178,229,57454,2840,3207146,0,45,5735,6092.57,17200971,14001294,0
2022-03-20,604,7155054,630,6256971,33,582964,1470,3143648,186,57640,1660,3208806,0,45,2927,6117.43,17203898,14002565,0
2022-03-21,1412,7156466,1562,6258533,73,583037,3062,3146710,359,57999,3443,3212249,1,46,6491,6146.29,17210389,14005634,0
2022-03-22,1340,7157806,1553,6260086,101,583138,2908,3149618,350,58349,3268,3215517,0,46,6262,6089.86,17216651,14008638,0
2022-03-23,1258,7159064,1360,6261446,66,583204,2922,3152540,375,58724,3307,3218824,0,46,5991,5944.29,17222642,14011332,0
2022-03-24,1206,7160270,1300,6262746,90,583294,2521,3155061,274,58998,2805,3221629,0,46,5401,5842,17228043,14013938,0
2022-03-25,1379,7161649,1636,6264382,62,583356,3270,3158331,386,59384,3669,3225298,0,46,6746,5650.43,17234789,14017028,0
2022-03-26,922,7162571,1168,6265550,36,583392,2310,3160641,255,59639,2573,3227871,0,46,4699,5502.43,17239488,14019162,0
2022-03-27,574,7163145,528,6266078,29,583421,1314,3161955,203,59842,1519,3229390,0,46,2650,5462.86,17242138,14020295,0
2022-03-28,1071,7164216,1170,6267248,69,583490,2445,3164400,366,60208,2829,3232219,0,46,5139,5269.71,17247277,14022623,0
2022-03-29,1043,7165259,1107,6268355,84,583574,2516,3166916,886,61094,3423,3235642,1,47,5657,5183.29,17252934,14024877,0
2022-03-30,1236,7166495,1139,6269494,99,583673,3065,3169981,3411,64505,6566,3242208,0,47,9040,5618.86,17261974,14027441,0
2022-03-31,1274,7167769,1250,6270744,57,583730,3163,3173144,5532,70037,8834,3251042,0,47,11416,6478.14,17273390,14030162,0
2022-04-01,1423,7169192,1487,6272231,77,583807,3244,3176388,6922,76959,10323,3261365,0,47,13310,7415.86,17286700,14033306,0
2022-04-02,906,7170098,910,6273141,33,583840,2087,3178475,4540,81499,6723,3268088,0,47,8572,7969.14,17295272,14035251,0
2022-04-03,553,7170651,492,6273633,28,583868,1221,3179696,3059,84558,4343,3272431,0,47,5416,8364.29,17300688,14036387,0
2022-04-04,1346,7171997,1302,6274935,62,583930,2721,3182417,7722,92280,10597,3283028,0,47,13307,9531.14,17313995,14039251,0
2022-04-05,1289,7173286,1154,6276089,66,583996,2845,3185262,7502,99782,10522,3293550,0,47,13031,10584.57,17327026,14041935,0
2022-04-06,1329,7174615,1175,6277264,61,584057,2626,3187888,6963,106745,9751,3303301,0,47,12316,11052.57,17339342,14044662,0
2022-04-07,1200,7175815,1061,6278325,57,584114,2378,3190266,6628,113373,9152,3312453,1,48,11471,11060.43,17350813,14047126,0
2022-04-08,1472,7177287,1410,6279735,61,584175,3167,3193433,8791,122164,12154,3324607,0,48,15097,11315.71,17365910,14050265,0
2022-04-09,908,7178195,925,6280660,29,584204,2080,3195513,4958,127122,7123,3331730,0,48,8985,11374.71,17374895,14052212,0
2022-04-10,574,7178769,460,6281120,25,584229,1167,3196680,2902,130024,4131,3335861,0,48,5190,11342.43,17380085,14053333,0
2022-04-11,1306,7180075,1225,6282345,61,584290,2653,3199333,7838,137862,10647,3346508,0,48,13239,11332.71,17393324,14056081,0
2022-04-12,1212,7181287,1055,6283400,73,584363,2521,3201854,7447,145309,10141,3356649,0,48,12481,11254.14,17405805,14058594,0
2022-04-13,1228,7182515,1075,6284475,60,584423,2512,3204366,7550,152859,10213,3366862,0,48,12576,11291.29,17418381,14061108,0
2022-04-14,1261,7183776,1096,6285571,58,584481,2442,3206808,6594,159453,9167,3376029,1,49,11583,11307.29,17429964,14063654,0
2022-04-15,1332,7185108,1094,6286665,53,584534,2555,3209363,6634,166087,9320,3385349,0,49,11799,10836.14,17441763,14066264,0
2022-04-16,853,7185961,652,6287317,34,584568,1642,3211005,3694,169781,5402,3390751,0,49,6941,10544.14,17448704,14067869,0
2022-04-17,345,7186306,201,6287518,27,584595,637,3211642,1159,170940,1819,3392570,0,49,2392,10144.43,17451096,14068465,0
2022-04-18,1378,7187684,1110,6288628,82,584677,2583,3214225,6419,177359,9143,3401713,0,49,11713,9926.43,17462809,14071176,0
2022-04-19,1409,7189093,934,6289562,71,584748,2575,3216800,5763,183122,8440,3410153,0,49,10854,9694,17473663,14073692,0
2022-04-20,1295,7190388,1150,6290712,65,584813,2712,3219512,6649,189771,9503,3419656,0,49,12013,9613.57,17485676,14076344,0
2022-04-21,1224,7191612,1060,6291772,53,584866,2339,3221851,5398,195169,7856,3427512,1,50,10194,9415.14,17495870,14078800,0
2022-04-22,1233,7192845,1040,6292812,46,584912,2240,3224091,5784,200953,8138,3435650,0,50,10457,9223.43,17506327,14081233,0
2022-04-23,710,7193555,750,6293562,59,584971,1427,3225518,3353,204306,4846,3440496,0,50,6365,9141.14,17512692,14082818,0
2022-04-24,445,7194000,343,6293905,27,584998,812,3226330,1845,206151,2690,3443186,0,50,3505,9300.14,17516197,14083666,0
2022-04-25,1037,7195037,917,6294822,64,585062,1851,3228181,5092,211243,7057,3450243,0,50,9075,8923.29,17525272,14085798,0
2022-04-26,948,7195985,857,6295679,76,585138,1747,3229928,4696,215939,6538,3456781,0,50,8419,8575.43,17533691,14087774,0
2022-04-27,1034,7197019,1021,6296700,80,585218,1926,3231854,5217,221156,7264,3464045,0,50,9399,8202,17543090,14090030,0
2022-04-28,1080,7198099,988,6297688,50,585268,2007,3233861,4745,225901,6866,3470911,0,50,8985,8029.29,17552075,14092263,0
2022-04-29,1172,7199271,1102,6298790,60,585328,2155,3236016,5438,231339,7709,3478620,0,50,10043,7970.14,17562118,14094713,0
2022-04-30,724,7199995,744,6299534,50,585378,1391,3237407,2967,234306,4404,3483024,0,50,5922,7906.86,17568040,14096277,0
2022-05-01,445,7200440,366,6299900,20,585398,766,3238173,1656,235962,2454,3485478,0,50,3285,7875.43,17571325,14097140,0
2022-05-02,1045,7201485,791,6300691,52,585450,1677,3239850,3820,239782,5567,3491045,2,52,7456,7644.14,17578781,14099097,0
2022-05-03,1117,7202602,863,6301554,61,585511,1994,3241844,4872,244654,6963,3498008,0,52,9004,7727.71,17587785,14101235,0
2022-05-04,1003,7203605,882,6302436,48,585559,1927,3243771,4681,249335,6698,3504706,0,52,8631,7618,17596416,14103258,0
2022-05-05,1073,7204678,952,6303388,86,585645,1928,3245699,4884,254219,6912,3511618,0,52,9023,7623.43,17605439,14105469,0
2022-05-06,1095,7205773,957,6304345,51,585696,1859,3247558,4403,258622,6339,3517957,2,54,8442,7394.71,17613881,14107647,0
2022-05-07,659,7206432,590,6304935,32,585728,1205,3248763,2436,261058,3680,3521637,1,55,4961,7257.43,17618842,14108966,0
2022-05-08,411,7206843,243,6305178,17,585745,664,3249427,1389,262447,2075,3523712,0,55,2746,7180.43,17621588,14109659,0
2022-05-09,1077,7207920,943,6306121,60,585805,1894,3251321,4436,266883,6421,3530133,0,55,8501,7329.71,17630089,14111830,0
2022-05-10,1095,7209015,929,6307050,54,585859,1979,3253300,4722,271605,6807,3536940,0,55,8885,7312.71,17638974,14114014,0
2022-05-11,1084,7210099,971,6308021,44,585903,1944,3255244,4843,276448,6888,3543828,0,55,8987,7363.57,17647961,14116214,0
2022-05-12,1098,7211197,949,6308970,60,585963,2002,3257246,4665,281113,6768,3550596,0,55,8875,7342.43,17656836,14118422,0
2022-05-13,1153,7212350,1039,6310009,44,586007,2074,3259320,4810,285923,6977,3557573,0,55,9213,7452.57,17666049,14120751,0
2022-05-14,827,7213177,671,6310680,31,586038,1470,3260790,2961,288884,4473,3562046,0,55,6002,7601.29,17672051,14122322,0
2022-05-15,508,7213685,355,6311035,22,586060,924,3261714,1650,290534,2600,3564646,0,55,3485,7706.86,17675536,14123233,0
2022-05-16,1225,7214910,854,6311889,62,586122,1831,3263545,3868,294402,5763,3570409,1,56,7905,7621.71,17683441,14125438,0
2022-05-17,1284,7216194,932,6312821,79,586201,2047,3265592,4898,299300,7040,3577449,1,57,9336,7686.14,17692777,14127828,0
2022-05-18,1236,7217430,900,6313721,82,586283,2063,3267655,4944,304244,7120,3584569,1,58,9339,7736.43,17702116,14130159,0
2022-05-19,1157,7218587,881,6314602,36,586319,2118,3269773,4732,308976,6936,3591505,0,58,9010,7755.71,17711126,14132319,0
2022-05-20,1197,7219784,959,6315561,73,586392,2370,3272143,5211,314187,7692,3599197,1,59,9924,7857.29,17721050,14134661,0
2022-05-21,829,7220613,647,6316208,23,586415,1729,3273872,3308,317495,5098,3604295,0,59,6597,7942.29,17727647,14136221,0
2022-05-22,506,7221119,292,6316500,22,586437,1136,3275008,1841,319336,3010,3607305,0,59,3830,7991.57,17731477,14137074,0
2022-05-23,1217,7222336,885,6317385,52,586489,2190,3277198,4712,324048,7002,3614307,1,60,9157,8170.43,17740634,14139328,0
2022-05-24,1403,7223739,935,6318320,66,586555,2307,3279505,4493,328541,6903,3621210,0,60,9308,8166.43,17749942,14141836,0
2022-05-25,1411,7225150,955,6319275,56,586611,2264,3281769,4275,332816,6640,3627850,0,60,9063,8127,17759005,14144360,0
2022-05-26,1168,7226318,890,6320165,60,586671,2274,3284043,4154,336970,6496,3634346,1,61,8616,8070.71,17767621,14146547,0
2022-05-27,1243,7227561,956,6321121,38,586709,2498,3286541,3924,340894,6498,3640844,0,61,8736,7901,17776357,14148861,0
2022-05-28,711,7228272,517,6321638,19,586728,1786,3288327,2064,342958,3890,3644734,0,61,5137,7692.43,17781494,14150148,0
2022-05-29,472,7228744,216,6321854,11,586739,760,3289087,1126,344084,1906,3646640,0,61,2605,7517.43,17784099,14150867,0
2022-05-30,91,7228835,62,6321916,6,586745,139,3289226,144,344228,285,3646925,1,62,445,6272.86,17784544,14151028,0
2022-05-31,1135,7229970,918,6322834,51,586796,1901,3291127,3055,347283,5016,3651941,0,62,7120,5960.29,17791664,14153192,0
2022-06-01,1152,7231122,850,6323684,63,586859,1973,3293100,3430,350713,5478,3657419,0,62,7543,5743.14,17799207,14155332,0
2022-06-02,1029,7232151,797,6324481,72,586931,1829,3294929,3176,353889,5067,3662486,0,62,6965,5507.29,17806172,14157292,0
2022-06-03,1159,7233310,894,6325375,47,586978,2069,3296998,3499,357388,5634,3668120,0,62,7734,5364.14,17813906,14159458,0
2022-06-04,722,7234032,584,6325959,26,587004,1558,3298556,1909,359297,3502,3671622,0,62,4836,5321.14,17818742,14160827,0
2022-06-05,448,7234480,297,6326256,1,587005,880,3299436,981,360278,1870,3673492,0,62,2616,5322.71,17821358,14161582,0
2022-06-06,1123,7235603,826,6327082,64,587069,1757,3301193,2747,363025,4554,3678046,0,62,6567,6197.29,17827925,14163645,0
2022-06-07,1018,7236621,771,6327853,70,587139,1799,3302992,2568,365593,4414,3682460,0,62,6274,6076.43,17834199,14165552,0
2022-06-08,1091,7237712,835,6328688,75,587214,1877,3304869,2754,368347,4693,3687153,1,63,6694,5955.14,17840893,14167614,0
2022-06-09,1139,7238851,838,6329526,62,587276,2230,3307099,2694,371041,4976,3692129,0,63,7015,5962.29,17847908,14169705,0
2022-06-10,1045,7239896,817,6330343,75,587351,1882,3308981,2831,373872,4770,3696899,0,63,6707,5815.57,17854615,14171699,0
2022-06-11,678,7240574,508,6330851,25,587376,1333,3310314,1504,375376,2864,3699763,0,63,4075,5706.86,17858690,14172937,0
2022-06-12,350,7240924,288,6331139,21,587397,877,3311191,773,376149,1660,3701423,0,63,2319,5664.43,17861009,14173606,0
2022-06-13,1029,7241953,769,6331908,62,587459,1580,3312771,2188,378337,3808,3705231,0,63,5669,5536.14,17866678,14175507,0
2022-06-14,974,7242927,832,6332740,64,587523,1693,3314464,2506,380843,4260,3709491,0,63,6130,5515.57,17872808,14177438,0
2022-06-15,968,7243895,865,6333605,39,587562,1667,3316131,2427,383270,4153,3713644,0,63,6025,5420,17878833,14179369,0
2022-06-16,961,7244856,775,6334380,59,587621,1835,3317966,2368,385638,4258,3717902,1,64,6053,5282.57,17884886,14181218,0
2022-06-17,899,7245755,797,6335177,48,587669,1774,3319740,2404,388042,4222,3722124,1,65,5968,5177,17890854,14183007,0
2022-06-18,658,7246413,521,6335698,26,587695,1284,3321024,1297,389339,2609,3724733,1,66,3814,5139.71,17894668,14184239,0
2022-06-19,346,7246759,231,6335929,16,587711,728,3321752,611,389950,1351,3726084,0,66,1944,5086.14,17896612,14184844,0
2022-06-20,832,7247591,487,6336416,41,587752,1578,3323330,1613,391563,3229,3729313,0,66,4589,4931.86,17901201,14186242,0
2022-06-21,1132,7248723,741,6337157,49,587801,1700,3325030,2143,393706,3899,3733212,0,66,5822,4887.86,17907023,14188221,0
2022-06-22,1958,7250681,835,6337992,46,587847,1710,3326740,1996,395702,3749,3736961,0,66,6588,4968.29,17913611,14191103,0
2022-06-23,2117,7252798,763,6338755,66,587913,1704,3328444,2156,397858,3912,3740873,0,66,6858,5083.29,17920469,14194101,0
2022-06-24,2169,7254967,761,6339516,48,587961,1626,3330070,2157,400015,3831,3744704,0,66,6809,5203.43,17927278,14197127,0
2022-06-25,2138,7257105,497,6340013,15,587976,1238,3331308,1142,401157,2396,3747100,0,66,5049,5379.86,17932327,14199796,0
2022-06-26,1209,7258314,248,6340261,14,587990,687,3331995,531,401688,1224,3748324,0,66,2695,5487.14,17935022,14201273,0
2022-06-27,1532,7259846,652,6340913,60,588050,1473,3333468,1654,403342,3168,3751492,0,66,5413,5604.86,17940435,14203559,0
2022-06-28,1691,7261537,828,6341741,57,588107,1863,3335331,2144,405486,4052,3755544,0,66,6628,5720,17947063,14206180,0
2022-06-29,1857,7263394,776,6342517,48,588155,1719,3337050,1926,407412,3685,3759229,0,66,6366,5688.29,17953429,14208901,0
2022-06-30,1867,7265261,807,6343324,46,588201,1735,3338785,2134,409546,3913,3763142,0,66,6633,5656.14,17960062,14211665,0
2022-07-01,1607,7266868,597,6343921,26,588227,1398,3340183,1728,411274,3159,3766301,0,66,5389,5453.29,17965451,14213928,0
2022-07-02,979,7267847,390,6344311,19,588246,841,3341024,940,412214,1799,3768100,1,67,3187,5187.29,17968638,14215333,0
2022-07-03,529,7268376,205,6344516,7,588253,461,3341485,486,412700,950,3769050,0,67,1691,5043.86,17970329,14216077,0
2022-07-04,36,7268412,25,6344541,1,588254,31,3341516,38,412738,69,3769119,0,67,131,4289.29,17970460,14216139,0
2022-07-05,1296,7269708,758,6345299,35,588289,1406,3342922,1738,414476,3175,3772294,0,67,5264,4094.43,17975724,14218259,0
2022-07-06,1613,7271321,678,6345977,44,588333,1443,3344365,1843,416319,3327,3775621,0,67,5662,3993.86,17981386,14220635,0
2022-07-07,1592,7272913,713,6346690,48,588381,1527,3345892,2004,418323,3570,3779191,0,67,5923,3892.43,17987309,14223027,0
2022-07-08,1634,7274547,652,6347342,37,588418,1475,3347367,1979,420302,3503,3782694,0,67,5827,3955,17993136,14225400,0
2022-07-09,984,7275531,435,6347777,26,588444,884,3348251,1347,421649,2262,3784956,0,67,3707,4029.29,17996843,14226876,0
2022-07-10,637,7276168,187,6347964,17,588461,430,3348681,659,422308,1099,3786055,0,67,1940,4064.86,17998783,14227727,0
2022-07-11,1395,7277563,636,6348600,49,588510,1445,3350126,2213,424521,3692,3789747,0,67,5772,4870.71,18004555,14229841,0
2022-07-12,1408,7278971,687,6349287,45,588555,1405,3351531,2514,427035,3992,3793739,0,67,6132,4994.71,18010687,14232054,0
2022-07-13,1616,7280587,724,6350011,37,588592,1523,3353054,2841,429876,4429,3798168,0,67,6806,5158.14,18017493,14234496,0
2022-07-14,1588,7282175,842,6350853,47,588639,1605,3354659,3064,432940,4746,3802914,1,68,7224,5344,18024717,14237050,0
2022-07-15,1615,7283790,938,6351791,47,588686,1578,3356237,3054,435994,4691,3807605,0,68,7291,5553.14,18032008,14239709,0
2022-07-16,881,7284671,586,6352377,9,588695,985,3357222,1701,437695,2716,3810321,1,69,4193,5622.57,18036201,14241215,0
2022-07-17,550,7285221,289,6352666,16,588711,527,3357749,1168,438863,1719,3812040,0,69,2574,5713.14,18038775,14242094,0
2022-07-18,1405,7286626,844,6353510,45,588756,1430,3359179,2467,441330,3954,3815994,0,69,6248,5781.14,18045023,14244445,0
2022-07-19,1438,7288064,976,6354486,51,588807,1544,3360723,2805,444135,4442,3820436,0,69,6907,5891.86,18051930,14247003,0
2022-07-20,1383,7289447,1485,6355971,50,588857,1352,3362075,2394,446529,3808,3824244,0,69,6727,5880.57,18058657,14249984,0
2022-07-21,1334,7290781,1436,6357407,50,588907,1397,3363472,2363,448892,3808,3828052,0,69,6628,5795.43,18065285,14252852,0
2022-07-22,1429,7292210,1570,6358977,42,588949,1564,3365036,2855,451747,4502,3832554,0,69,7543,5831.43,18072828,14255976,0
2022-07-23,908,7293118,1103,6360080,17,588966,997,3366033,1555,453302,2587,3835141,3,72,4618,5892.14,18077446,14258039,0
2022-07-24,483,7293601,642,6360722,14,588980,504,3366537,805,454107,1317,3836458,0,72,2457,5875.43,18079903,14259187,0
2022-07-25,1230,7294831,766,6361488,59,589039,1263,3367800,2064,456171,3380,3839838,0,72,5435,5759.29,18085338,14261295,0
2022-07-26,1234,7296065,1023,6362511,41,589080,1478,3369278,2445,458616,3981,3843819,0,72,6279,5669.57,18091617,14263651,0
2022-07-27,1320,7297385,1279,6363790,42,589122,1395,3370673,2190,460806,3646,3847465,2,74,6290,5607.14,18097907,14266354,0
2022-07-28,1312,7298697,1423,6365213,72,589194,1425,3372098,2217,463023,3692,3851157,1,75,6500,5588.86,18104407,14269211,0
2022-07-29,1319,7300016,1432,6366645,64,589258,1360,3373458,2159,465182,3562,3854719,0,75,6377,5422.29,18110784,14272069,0
2022-07-30,740,7300756,720,6367365,25,589283,795,3374253,962,466144,1777,3856496,0,75,3265,5229,18114049,14273577,0
2022-07-31,422,7301178,590,6367955,14,589297,488,3374741,571,466715,1065,3857561,0,75,2091,5176.71,18116140,14274609,0
2022-08-01,1244,7302422,913,6368868,55,589352,1334,3376075,1510,468225,2890,3860451,1,76,5103,5129.29,18121243,14276867,0
2022-08-02,1229,7303651,1015,6369883,73,589425,1350,3377425,1600,469825,2996,3863447,0,76,5313,4991.29,18126556,14279230,0
2022-08-03,1265,7304916,1190,6371073,41,589466,1343,3378768,1532,471357,2914,3866361,1,77,5411,4865.71,18131967,14281765,0
2022-08-04,1191,7306107,1189,6372262,58,589524,1289,3380057,1459,472816,2778,3869139,0,77,5216,4682.29,18137183,14284233,0
2022-08-05,1317,7307424,1451,6373713,49,589573,1316,3381373,1442,474258,2782,3871921,0,77,5599,4571.14,18142782,14287074,0
2022-08-06,696,7308120,843,6374556,14,589587,766,3382139,777,475035,1568,3873489,0,77,3122,4550.71,18145904,14288653,0
2022-08-07,390,7308510,454,6375010,14,589601,427,3382566,358,475393,796,3874285,0,77,1654,4488.29,18147558,14289522,0
2022-08-08,1194,7309704,933,6375943,70,589671,1278,3383844,1185,476578,2493,3876778,0,77,4690,4429.29,18152248,14291749,0
2022-08-09,1135,7310839,892,6376835,38,589709,1233,3385077,1161,477739,2426,3879204,1,78,4492,4312,18156740,14293846,0
2022-08-10,1222,7312061,1115,6377950,59,589768,1261,3386338,1247,478986,2543,3881747,0,78,4939,4244.57,18161679,14296277,0
2022-08-11,1281,7313342,1069,6379019,84,589852,1213,3387551,1280,480266,2531,3884278,0,78,4965,4208.71,18166644,14298749,0
2022-08-12,1295,7314637,1410,6380429,55,589907,1268,3388819,1248,481514,2548,3886826,0,78,5308,4167.14,18171952,14301541,0
2022-08-13,756,7315393,789,6381218,15,589922,766,3389585,632,482146,1416,3888242,0,78,2976,4146.29,18174928,14303119,0
2022-08-14,470,7315863,476,6381694,20,589942,406,3389991,282,482428,691,3888933,0,78,1657,4146.71,18176585,14304088,0
2022-08-15,1247,7317110,1065,6382759,60,590002,1318,3391309,991,483419,2350,3891283,1,79,4723,4151.43,18181308,14306501,0
2022-08-16,1308,7318418,870,6383629,50,590052,1368,3392677,1078,484497,2478,3893761,0,79,4707,4182.14,18186015,14308762,0
2022-08-17,1213,7319631,960,6384589,39,590091,1236,3393913,1004,485501,2279,3896040,1,80,4492,4118.29,18190507,14311013,0
2022-08-18,1168,7320799,945,6385534,45,590136,1268,3395181,948,486449,2241,3898281,0,80,4399,4037.43,18194906,14313196,0
2022-08-19,1256,7322055,1135,6386669,34,590170,1120,3396301,979,487428,2129,3900410,6,86,4560,3930.57,18199466,14315651,0
2022-08-20,591,7322646,494,6387163,16,590186,636,3396937,514,487942,1163,3901573,1,87,2265,3829,18201731,14316765,0
2022-08-21,358,7323004,243,6387406,9,590195,382,3397319,267,488209,652,3902225,0,87,1262,3772.57,18202993,14317378,0
2022-08-22,1221,7324225,924,6388330,40,590235,1237,3398556,889,489098,2153,3904378,0,87,4338,3717.57,18207331,14319590,0
2022-08-23,1241,7325466,1050,6389380,48,590283,1383,3399939,962,490060,2373,3906751,3,90,4715,3718.71,18212046,14321957,0
2022-08-24,1265,7326731,1016,6390396,29,590312,1296,3401235,821,490881,2143,3908894,0,90,4454,3713.29,18216500,14324294,0
2022-08-25,1222,7327953,995,6391391,66,590378,1191,3402426,813,491694,2020,3910914,4,94,4306,3700,18220806,14326592,0
2022-08-26,1188,7329141,1179,6392570,56,590434,1193,3403619,780,492474,1994,3912908,1,95,4417,3679.57,18225223,14329035,0
2022-08-27,695,7329836,542,6393112,14,590448,685,3404304,404,492878,1102,3914010,4,99,2357,3692.71,18227580,14330299,0
2022-08-28,378,7330214,240,6393352,10,590458,442,3404746,228,493106,673,3914683,0,99,1301,3698.29,18228881,14330930,0
2022-08-29,1255,7331469,983,6394335,41,590499,1229,3405975,688,493794,1938,3916621,0,99,4218,3681.14,18233099,14333231,0
2022-08-30,1268,7332737,941,6395276,36,590535,1273,3407248,766,494560,2070,3918691,2,101,4317,3624.29,18237416,14335507,0
2022-08-31,1154,7333891,1015,6396291,43,590578,1106,3408354,573,495133,1700,3920391,0,101,3913,3547,18241329,14337741,0
2022-09-01,1027,7334918,962,6397253,51,590629,810,3409164,456,495589,1280,3921671,5,106,3326,3407,18244655,14339796,0
2022-09-02,977,7335895,1021,6398274,32,590661,594,3409758,175,495764,776,3922447,92,198,2883,3187.86,18247538,14341818,0
2022-09-03,532,7336427,450,6398724,12,590673,370,3410128,50,495814,424,3922871,314,512,1683,3091.57,18249221,14342767,0
2022-09-04,252,7336679,212,6398936,10,590683,189,3410317,25,495839,216,3923087,312,824,959,3042.71,18250180,14343200,0
2022-09-05,78,7336757,71,6399007,7,590690,44,3410361,16,495855,61,3923148,9,833,226,2472.43,18250406,14343357,0
2022-09-06,1129,7337886,1229,6400236,51,590741,635,3410996,130,495985,774,3923922,1269,2102,4232,2460.29,18254638,14345555,0
2022-09-07,1475,7339361,1383,6401619,38,590779,484,3411480,155,496140,659,3924581,6447,8549,9120,3204.14,18263758,14347589,0
2022-09-08,1524,7340885,1196,6402815,36,590815,253,3411733,111,496251,380,3924961,7796,16345,9816,4131.29,18273574,14349245,0
2022-09-09,1553,7342438,1610,6404425,49,590864,285,3412018,122,496373,438,3925399,9891,26236,12373,5487,18285947,14351320,0
2022-09-10,846,7343284,839,6405264,12,590876,270,3412288,45,496418,328,3925727,5316,31552,6758,6212,18292705,14352447,0
2022-09-11,494,7343778,441,6405705,11,590887,86,3412374,30,496448,125,3925852,3942,35494,4530,6722.14,18297235,14352919,0
2022-09-12,1675,7345453,1438,6407143,39,590926,205,3412579,91,496539,330,3926182,11657,47151,13538,8623.86,18310773,14354504,0
2022-09-13,1401,7346854,1274,6408417,33,590959,221,3412800,117,496656,387,3926569,9733,56884,11736,9695.86,18322509,14356169,0
2022-09-14,1408,7348262,1271,6409688,31,590990,225,3413025,123,496779,387,3926956,11026,67910,13069,10260,18335578,14357864,0
2022-09-15,1563,7349825,1282,6410970,22,591012,227,3413252,111,496890,373,3927329,12083,79993,14107,10873,18349685,14359550,0
2022-09-16,1686,7351511,1631,6412601,27,591039,270,3413522,157,497047,482,3927811,13805,93798,16266,11429.14,18365951,14361584,0
2022-09-17,800,7352311,868,6413469,12,591051,275,3413797,77,497124,375,3928186,7003,100801,8410,11665.14,18374361,14362639,0
2022-09-18,521,7352832,411,6413880,7,591058,74,3413871,26,497150,113,3928299,4484,105285,4976,11728.86,18379337,14363031,0
2022-09-19,1553,7354385,1324,6415204,29,591087,227,3414098,97,497247,350,3928649,13814,119099,15516,12011.43,18394853,14364409,0
2022-09-20,1441,7355826,1251,6416455,27,591114,221,3414319,90,497337,359,3929008,13215,132314,15015,12479.86,18409868,14365898,0
2022-09-21,1666,7357492,1351,6417806,31,591145,261,3414580,131,497468,426,3929434,14937,147251,16844,13019.14,18426712,14367413,0
2022-09-22,1469,7358961,1261,6419067,28,591173,174,3414754,139,497607,360,3929794,13225,160476,15047,13153.43,18441759,14368922,0
2022-09-23,1740,7360701,1652,6420719,24,591197,252,3415006,145,497752,460,3930254,16946,177422,19249,13579.57,18461008,14370828,0
2022-09-24,800,7361501,887,6421606,8,591205,272,3415278,68,497820,359,3930613,7505,184927,8854,13643,18469862,14371837,0
2022-09-25,485,7361986,394,6422000,1,591206,72,3415350,47,497867,128,3930741,4509,189436,4996,13645.86,18474858,14372205,0
2022-09-26,1573,7363559,1246,6423246,16,591222,289,3415639,144,498011,490,3931231,15013,204449,16712,13816.71,18491570,14373471,0
2022-09-27,1538,7365097,1310,6424556,26,591248,283,3415922,174,498185,493,3931724,14159,218608,16153,13979.29,18507723,14375008,0
2022-09-28,1619,7366716,1299,6425855,18,591266,190,3416112,186,498371,429,3932153,15511,234119,17286,14042.43,18525009,14376407,0
2022-09-29,1679,7368395,1299,6427154,19,591285,177,3416289,100,498471,314,3932467,15371,249490,17222,14353.14,18542231,14377981,0
2022-09-30,1642,7370037,1554,6428708,13,591298,182,3416471,177,498648,405,3932872,16485,265975,18653,14268,18560884,14379790,0
2022-10-01,721,7370758,668,6429376,5,591303,138,3416609,34,498682,181,3933053,7053,273028,7943,14137.86,18568827,14380508,0
2022-10-02,511,7371269,428,6429804,5,591308,48,3416657,45,498727,107,3933160,4428,277456,4838,14115.29,18573665,14380825,0
2022-10-03,1551,7372820,1192,6430996,23,591331,156,3416813,112,498839,315,3933475,14569,292025,15972,14009.57,18589637,14381960,0
2022-10-04,1380,7374200,1157,6432153,15,591346,150,3416963,120,498959,298,3933773,13400,305425,14794,13815.43,18604431,14383084,0
2022-10-05,1593,7375793,1285,6433438,17,591363,283,3417246,164,499123,500,3934273,14864,320289,16689,13730.14,18621120,14384462,0
2022-10-06,1489,7377282,1250,6434688,19,591382,166,3417412,161,499284,385,3934658,14954,335243,16617,13643.71,18637737,14385798,0
2022-10-07,1660,7378942,1427,6436115,15,591397,171,3417583,135,499419,368,3935026,17108,352351,19067,13702.86,18656804,14387451,0
2022-10-08,762,7379704,680,6436795,4,591401,146,3417729,62,499481,225,3935251,7710,360061,8638,13802.14,18665442,14388171,0
2022-10-09,490,7380194,410,6437205,5,591406,47,3417776,56,499537,121,3935372,4693,364754,5119,13842.29,18670561,14388494,0
2022-10-10,1548,7381742,1250,6438455,14,591420,174,3417950,120,499657,333,3935705,15203,379957,16505,13918.43,18687066,14389502,0
2022-10-11,1640,7383382,1102,6439557,19,591439,178,3418128,154,499811,388,3936093,14321,394278,15855,14070,18702921,14390704,0
2022-10-12,1866,7385248,1322,6440879,17,591456,134,3418262,186,499997,387,3936480,16280,410558,17883,14240.57,18720804,14391987,0
2022-10-13,1618,7386866,1150,6442029,28,591484,135,3418397,201,500198,407,3936887,14038,424596,15573,14091.43,18736377,14393186,0
2022-10-14,1817,7388683,1541,6443570,25,591509,130,3418527,179,500377,362,3937249,17203,441799,19185,14108.29,18755562,14394859,0
2022-10-15,768,7389451,639,6444209,9,591518,90,3418617,68,500445,179,3937428,7612,449411,8468,14084,18764030,14395557,0
2022-10-16,565,7390016,411,6444620,3,591521,25,3418642,65,500510,121,3937549,4725,454136,5168,14091,18769198,14395910,0
2022-10-17,1817,7391833,1250,6445870,18,591539,82,3418724,116,500626,235,3937784,16075,470211,17394,14218,18786592,14397031,0
2022-10-18,1691,7393524,1169,6447039,20,591559,101,3418825,139,500765,287,3938071,14634,484845,16013,14240.57,18802605,14398170,0
2022-10-19,2092,7395616,1329,6448368,21,591580,84,3418909,143,500908,290,3938361,16231,501076,17705,14215.14,18820310,14399417,0
2022-10-20,1688,7397304,1167,6449535,11,591591,88,3418997,151,501059,306,3938667,15396,516472,16850,14397.57,18837160,14400632,0
2022-10-21,1807,7399111,1345,6450880,12,591603,93,3419090,150,501209,298,3938965,16739,533211,18406,14286.29,18855566,14402056,0
2022-10-22,744,7399855,668,6451548,9,591612,44,3419134,46,501255,100,3939065,7689,540900,8418,14279.14,18863984,14402695,0
2022-10-23,521,7400376,369,6451917,3,591615,21,3419155,39,501294,69,3939134,4803,545703,5080,14266.57,18869064,14402912,0
2022-10-24,1745,7402121,1210,6453127,19,591634,71,3419226,112,501406,224,3939358,15558,561261,16845,14188.14,18885909,14404016,0
2022-10-25,1662,7403783,1189,6454316,12,591646,94,3419320,110,501516,233,3939591,15042,576303,16345,14235.57,18902254,14405115,0
2022-10-26,1857,7405640,1329,6455645,11,591657,90,3419410,171,501687,339,3939930,16814,593117,18288,14318.86,18920542,14406328,0
2022-10-27,1586,7407226,1075,6456720,13,591670,95,3419505,138,501825,288,3940218,15085,608202,16407,14255.57,18936949,14407417,0
2022-10-28,1701,7408927,1423,6458143,17,591687,107,3419612,153,501978,319,3940537,16765,624967,18572,14279.29,18955521,14408964,0
2022-10-29,696,7409623,544,6458687,9,591696,69,3419681,57,502035,140,3940677,7742,632709,8412,14278.43,18963933,14409508,0
2022-10-30,521,7410144,305,6458992,3,591699,19,3419700,57,502092,92,3940769,4490,637199,4778,14235.29,18968711,14409720,0
2022-10-31,1679,7411823,1108,6460100,8,591707,47,3419747,127,502219,218,3940987,14591,651790,15537,14048.43,18984248,14410492,0
2022-11-01,1667,7413490,1023,6461123,18,591725,78,3419825,132,502351,242,3941229,13616,665406,14936,13847.14,18999184,14411602,0
2022-11-02,1741,7415231,1125,6462248,17,591742,91,3419916,122,502473,255,3941484,14874,680280,16146,13541.14,19015330,14412661,0
2022-11-03,1421,7416652,1033,6463281,14,591756,84,3420000,167,502640,328,3941812,12623,692903,13901,13183.14,19029231,14413688,0
2022-11-04,1740,7418392,1220,6464501,14,591770,101,3420101,141,502781,275,3942087,15434,708337,17033,12963.29,19046264,14415045,0
2022-11-05,825,7419217,529,6465030,6,591776,67,3420168,80,502861,161,3942248,7042,715379,7755,12869.43,19054019,14415611,0
2022-11-06,408,7419625,330,6465360,4,591780,20,3420188,49,502910,106,3942354,4071,719450,4411,12817,19058430,14415882,0
2022-11-07,1640,7421265,1070,6466430,14,591794,75,3420263,101,503011,212,3942566,13220,732670,14381,12651.86,19072811,14416867,0
2022-11-08,1532,7422797,1009,6467439,8,591802,97,3420360,132,503143,270,3942836,12066,744736,13330,12422.43,19086141,14417902,0
2022-11-09,1571,7424368,1058,6468497,9,591811,85,3420445,114,503257,246,3943082,12190,756926,13454,12037.86,19099595,14418967,0
2022-11-10,1484,7425852,1006,6469503,14,591825,73,3420518,147,503404,276,3943358,12280,769206,13555,11988.43,19113150,14420022,0
2022-11-11,1505,7427357,1077,6470580,11,591836,100,3420618,102,503506,223,3943581,12835,782041,14264,11592.86,19127414,14421249,0
2022-11-12,672,7428029,513,6471093,2,591838,57,3420675,61,503567,128,3943709,6429,788470,7047,11491.71,19134461,14421749,0
2022-11-13,497,7428526,340,6471433,4,591842,15,3420690,68,503635,98,3943807,3894,792364,4211,11463.14,19138672,14421983,0
2022-11-14,1445,7429971,1026,6472459,19,591861,59,3420749,114,503749,204,3944011,11630,803994,12744,11229.29,19151416,14422924,0
2022-11-15,1490,7431461,999,6473458,15,591876,103,3420852,164,503913,292,3944303,11272,815266,12650,11132.14,19164066,14424035,0
2022-11-16,1607,7433068,1034,6474492,21,591897,66,3420918,146,504059,248,3944551,11558,826824,12807,11039.71,19176873,14425072,0
2022-11-17,1423,7434491,976,6475468,10,591907,72,3420990,189,504248,302,3944853,10537,837361,11866,10798.43,19188739,14426140,0
2022-11-18,1586,7436077,1103,6476571,12,591919,68,3421058,117,504365,215,3945068,12404,849765,13994,10759.86,19202733,14427545,0
2022-11-19,680,7436757,439,6477010,4,591923,57,3421115,63,504428,129,3945197,5912,855677,6569,10691.57,19209302,14428082,0
2022-11-20,475,7437232,307,6477317,4,591927,12,3421127,35,504463,64,3945261,3538,859215,3836,10638,19213138,14428333,0
2022-11-21,1521,7438753,922,6478239,4,591931,51,3421178,81,504544,149,3945410,10395,869610,11371,10441.86,19224509,14429177,0
2022-11-22,1273,7440026,816,6479055,7,591938,53,3421231,92,504636,163,3945573,9262,878872,10287,10104.29,19234796,14430057,0
2022-11-23,1292,7441318,735,6479790,11,591949,65,3421296,79,504715,170,3945743,8670,887542,9610,9647.57,19244406,14430853,0
2022-11-24,18,7441336,10,6479800,2,591951,0,3421296,6,504721,8,3945751,112,887654,137,7972,19244543,14430872,0
2022-11-25,681,7442017,475,6480275,14,591965,36,3421332,54,504775,109,3945860,5683,893337,6416,6889.43,19250959,14431515,0
2022-11-26,590,7442607,379,6480654,2,591967,15,3421347,43,504818,62,3945922,4896,898233,5330,6712.43,19256289,14431891,0
2022-11-27,398,7443005,219,6480873,1,591968,11,3421358,23,504841,49,3945971,3170,901403,3351,6643.14,19259640,14432038,0
2022-11-28,951,7443956,698,6481571,10,591978,58,3421416,65,504906,143,3946114,6944,908347,7911,6148.86,19267551,14432882,0
2022-11-29,928,7444884,708,6482279,8,591986,46,3421462,73,504979,145,3946259,6929,915276,7967,5817.43,19275518,14433801,0
2022-11-30,1213,7446097,868,6483147,16,592002,50,3421512,54,505033,123,3946382,8726,924002,9732,5834.86,19285250,14434703,0
2022-12-01,1129,7447226,769,6483916,13,592015,61,3421573,96,505129,183,3946565,8466,932468,9535,7177.43,19294785,14435615,0
2022-12-02,1316,7448542,973,6484889,14,592029,70,3421643,105,505234,195,3946760,10208,942676,11535,7908.71,19306320,14436767,0
2022-12-03,617,7449159,422,6485311,12,592041,42,3421685,42,505276,87,3946847,4946,947622,5471,7928.86,19311791,14437208,0
2022-12-04,418,7449577,283,6485594,4,592045,7,3421692,26,505302,40,3946887,3270,950892,3496,7949.57,19315287,14437401,0
2022-12-05,1162,7450739,769,6486363,15,592060,62,3421754,71,505373,149,3947036,8601,959493,9611,8192.43,19324898,14438278,0
2022-12-06,1169,7451908,767,6487130,13,592073,67,3421821,89,505462,174,3947210,8128,967621,9127,8358.14,19334025,14439121,0
2022-12-07,1211,7453119,752,6487882,12,592085,63,3421884,81,505543,164,3947374,8294,975915,9314,8298.43,19343339,14439997,0
2022-12-08,1105,7454224,740,6488622,14,592099,69,3421953,76,505619,165,3947539,8669,984584,9698,8321.71,19353037,14440881,0
2022-12-09,1238,7455462,971,6489593,13,592112,81,3422034,102,505721,209,3947748,10403,994987,11767,8354.86,19364804,14442062,0
2022-12-10,678,7456140,462,6490055,7,592119,36,3422070,74,505795,128,3947876,6144,1001131,6712,8532.14,19371516,14442520,0
2022-12-11,432,7456572,263,6490318,4,592123,11,3422081,35,505830,56,3947932,3683,1004814,3885,8587.71,19375401,14442676,0
2022-12-12,1336,7457908,804,6491122,19,592142,78,3422159,105,505935,209,3948141,9969,1014783,11016,8788.43,19386417,14443540,0
2022-12-13,1276,7459184,846,6491968,17,592159,54,3422213,102,506037,189,3948330,9694,1024477,10750,9020.29,19397167,14444440,0
2022-12-14,1195,7460379,830,6492798,12,592171,68,3422281,99,506136,194,3948524,9632,1034109,10613,9205.86,19407780,14445254,0
2022-12-15,1193,7461572,697,6493495,11,592182,62,3422343,109,506245,186,3948710,8439,1042548,9408,9164.43,19417188,14446052,0
2022-12-16,1202,7462774,807,6494302,12,592194,69,3422412,126,506371,217,3948927,9359,1051907,10533,8988.14,19427721,14447031,0
2022-12-17,654,7463428,462,6494764,8,592202,31,3422443,36,506407,80,3949007,5830,1057737,6303,8929.71,19434024,14447437,0
2022-12-18,441,7463869,230,6494994,2,592204,15,3422458,23,506430,48,3949055,3402,1061139,3608,8890.14,19437632,14447605,0
2022-12-19,1226,7465095,782,6495776,7,592211,55,3422513,84,506514,153,3949208,8906,1070045,9840,8722.14,19447472,14448400,0
2022-12-20,1212,7466307,761,6496537,18,592229,83,3422596,138,506652,277,3949485,8588,1078633,9720,8575,19457192,14449311,0
2022-12-21,1095,7467402,696,6497233,16,592245,54,3422650,95,506747,180,3949665,8281,1086914,9159,8367.29,19466351,14450040,0
2022-12-22,993,7468395,587,6497820,4,592249,44,3422694,73,506820,135,3949800,6936,1093850,7670,8119,19474021,14450657,0
2022-12-23,832,7469227,507,6498327,11,592260,41,3422735,58,506878,112,3949912,5914,1099764,6520,7545.71,19480541,14451164,0
2022-12-24,191,7469418,112,6498439,1,592261,2,3422737,15,506893,20,3949932,1378,1101142,1497,6859.14,19482038,14451266,0
2022-12-25,5,7469423,3,6498442,0,592261,0,3422737,0,506893,0,3949932,29,1101171,32,6348.29,19482070,14451269,0
2022-12-26,572,7469995,269,6498711,16,592277,19,3422756,22,506915,44,3949976,3303,1104474,3613,5458.71,19485683,14451538,0
2022-12-27,1089,7471084,606,6499317,13,592290,55,3422811,59,506974,123,3950099,7234,1111708,8033,5217.71,19493716,14452223,0
2022-12-28,1064,7472148,560,6499877,8,592298,57,3422868,63,507037,130,3950229,6986,1118694,7779,5020.57,19501495,14452896,0
2022-12-29,1013,7473161,585,6500462,9,592307,50,3422918,89,507126,162,3950391,6591,1125285,7418,4984.57,19508913,14453584,0
2022-12-30,950,7474111,539,6501001,9,592316,49,3422967,51,507177,110,3950501,6133,1131418,6859,5033,19515772,14454210,0
2022-12-31,306,7474417,167,6501168,4,592320,16,3422983,10,507187,29,3950530,1812,1133230,1988,5103.14,19517760,14454360,0
2023-01-01,16,7474433,9,6501177,0,592320,3,3422986,5,507192,8,3950538,58,1133288,83,5110.43,19517843,14454377,0
2023-01-02,654,7475087,328,6501505,10,592330,14,3423000,23,507215,43,3950581,3654,1136942,4000,5165.71,19521843,14454686,0
2023-01-03,967,7476054,591,6502096,9,592339,41,3423041,57,507272,110,3950691,5478,1142420,6263,4912.86,19528106,14455373,0
2023-01-04,1104,7477158,678,6502774,17,592356,50,3423091,63,507335,131,3950822,6179,1148599,7054,4809.29,19535160,14456135,0
2023-01-05,1011,7478169,589,6503363,23,592379,34,3423125,89,507424,142,3950964,5764,1154363,6693,4705.71,19541853,14456941,0
2023-01-06,1056,7479225,777,6504140,17,592396,50,3423175,81,507505,142,3951106,6503,1160866,7555,4805.14,19549408,14457862,0
2023-01-07,605,7479830,429,6504569,8,592404,23,3423198,34,507539,63,3951169,4454,1165320,4914,5223.14,19554322,14458265,0
2023-01-08,380,7480210,245,6504814,4,592408,12,3423210,29,507568,45,3951214,2560,1167880,2770,5607,19557092,14458434,0
2023-01-09,954,7481164,582,6505396,17,592425,52,3423262,41,507609,102,3951316,5603,1173483,6443,5956,19563535,14459181,0
2023-01-10,855,7482019,643,6506039,8,592433,49,3423311,84,507693,150,3951466,5332,1178815,6238,5952.43,19569773,14459954,0
2023-01-11,876,7482895,553,6506592,21,592454,46,3423357,68,507761,137,3951603,5161,1183976,5973,5798,19575746,14460652,0
2023-01-12,777,7483672,497,6507089,24,592478,53,3423410,120,507881,196,3951799,4533,1188509,5475,5624,19581221,14461421,0
2023-01-13,804,7484476,555,6507644,11,592489,69,3423479,58,507939,143,3951942,5371,1193880,6262,5439.29,19587483,14462185,0
2023-01-14,511,7484987,281,6507925,10,592499,27,3423506,31,507970,60,3952002,3227,1197107,3630,5255.86,19591113,14462530,0
2023-01-15,287,7485274,151,6508076,6,592505,15,3423521,22,507992,52,3952054,1793,1198900,1996,5145.29,19593109,14462696,0
2023-01-16,501,7485775,307,6508383,11,592516,31,3423552,27,508019,63,3952117,2772,1201672,3207,4683,19596316,14463073,0
2023-01-17,804,7486579,476,6508859,19,592535,49,3423601,74,508093,136,3952253,3834,1205506,4702,4463.57,19601018,14463818,0
2023-01-18,801,7487380,477,6509336,16,592551,48,3423649,61,508154,116,3952369,3726,1209232,4532,4257.71,19605550,14464515,0
2023-01-19,656,7488036,430,6509766,6,592557,50,3423699,34,508188,103,3952472,3162,1212394,3905,4033.43,19609455,14465174,0
2023-01-20,701,7488737,487,6510253,23,592580,40,3423739,39,508227,86,3952558,3740,1216134,4518,3784.29,19613973,14465873,0
2023-01-21,367,7489104,196,6510449,12,592592,20,3423759,12,508239,33,3952591,1890,1218024,2194,3579.14,19616167,14466145,0
2023-01-22,227,7489331,63,6510512,5,592597,0,3423759,2,508241,3,3952594,863,1218887,969,3432.43,19617136,14466249,0
2023-01-23,643,7489974,333,6510845,12,592609,14,3423773,45,508286,66,3952660,2707,1221594,3372,3456,19620508,14466855,0
2023-01-24,579,7490553,391,6511236,17,592626,37,3423810,33,508319,83,3952743,3055,1224649,3706,3313.71,19624214,14467436,0
2023-01-25,599,7491152,360,6511596,21,592647,32,3423842,40,508359,84,3952827,2700,1227349,3370,3147.71,19627584,14468034,0
2023-01-26,560,7491712,352,6511948,18,592665,35,3423877,51,508410,102,3952929,2694,1230043,3357,3069.43,19630941,14468611,0
2023-01-27,561,7492273,439,6512387,11,592676,35,3423912,47,508457,89,3953018,2816,1232859,3551,2931.29,19634492,14469264,0
2023-01-28,359,7492632,186,6512573,5,592681,24,3423936,39,508496,70,3953088,1588,1234447,1925,2892.86,19636417,14469538,0
2023-01-29,237,7492869,118,6512691,3,592684,12,3423948,10,508506,26,3953114,992,1235439,1145,2918,19637562,14469669,0
2023-01-30,599,7493468,394,6513085,18,592702,40,3423988,37,508543,80,3953194,2501,1237940,3219,2896.14,19640781,14470310,0
2023-01-31,508,7493976,354,6513439,12,592714,29,3424017,48,508591,89,3953283,2439,1240379,3063,2804.29,19643844,14470857,0
2023-02-01,480,7494456,334,6513773,16,592730,40,3424057,44,508635,92,3953375,2316,1242695,2953,2744.71,19646797,14471410,0
2023-02-02,463,7494919,345,6514118,13,592743,34,3424091,35,508670,77,3953452,2152,1244847,2768,2660.57,19649565,14471957,0
2023-02-03,545,7495464,394,6514512,12,592755,26,3424117,34,508704,67,3953519,2358,1247205,3058,2590.14,19652623,14472597,0
2023-02-04,243,7495707,154,6514666,11,592766,13,3424130,14,508718,28,3953547,1141,1248346,1397,2514.71,19654020,14472826,0
2023-02-05,201,7495908,96,6514762,0,592766,2,3424132,15,508733,19,3953566,854,1249200,972,2490,19654992,14472927,0
2023-02-06,598,7496506,310,6515072,9,592775,28,3424160,27,508760,64,3953630,2252,1251452,2827,2434,19657819,14473447,0
2023-02-07,478,7496984,364,6515436,5,592780,28,3424188,34,508794,70,3953700,2331,1253783,2931,2415.14,19660750,14473985,0
2023-02-08,453,7497437,321,6515757,4,592784,27,3424215,37,508831,70,3953770,2315,1256098,2879,2404.57,19663629,14474485,0
2023-02-09,478,7497915,348,6516105,3,592787,38,3424253,46,508877,98,3953868,2052,1258150,2705,2395.57,19666334,14475054,0
2023-02-10,495,7498410,388,6516493,2,592789,30,3424283,34,508911,88,3953956,2271,1260421,2957,2381.14,19669291,14475676,0
2023-02-11,296,7498706,198,6516691,7,592796,22,3424305,25,508936,48,3954004,1343,1261764,1663,2419.14,19670954,14475949,0
2023-02-12,181,7498887,81,6516772,0,592796,6,3424311,0,508936,10,3954014,703,1262467,815,2396.71,19671769,14476055,0
2023-02-13,445,7499332,292,6517064,4,592800,21,3424332,25,508961,50,3954064,1758,1264225,2318,2324,19674087,14476569,0
2023-02-14,397,7499729,272,6517336,6,592806,29,3424361,22,508983,56,3954120,1689,1265914,2219,2222.29,19676306,14477048,0
2023-02-15,405,7500134,290,6517626,10,592816,25,3424386,27,509010,64,3954184,1744,1267658,2261,2134,19678567,14477513,0
2023-02-16,360,7500494,244,6517870,5,592821,27,3424413,19,509029,51,3954235,1631,1269289,2106,2048.43,19680673,14477942,0
2023-02-17,398,7500892,310,6518180,5,592826,24,3424437,32,509061,63,3954298,1691,1270980,2261,1949,19682934,14478456,0
2023-02-18,201,7501093,115,6518295,5,592831,13,3424450,4,509065,18,3954316,1003,1271983,1189,1881.29,19684123,14478625,0
2023-02-19,120,7501213,55,6518350,2,592833,6,3424456,6,509071,14,3954330,541,1272524,611,1852.14,19684734,14478683,0
2023-02-20,315,7501528,160,6518510,3,592836,9,3424465,17,509088,27,3954357,1158,1273682,1421,1724,19686155,14478920,0
2023-02-21,377,7501905,284,6518794,5,592841,25,3424490,34,509122,64,3954421,1532,1275214,2066,1702.14,19688221,14479395,0
2023-02-22,393,7502298,275,6519069,8,592849,39,3424529,26,509148,69,3954490,1635,1276849,2160,1687.71,19690381,14479855,0
2023-02-23,387,7502685,250,6519319,10,592859,26,3424555,30,509178,70,3954560,1475,1278324,2016,1674.86,19692397,14480340,0
2023-02-24,367,7503052,326,6519645,4,592863,30,3424585,25,509203,62,3954622,1734,1280058,2295,1679.71,19694692,14480846,0
2023-02-25,163,7503215,122,6519767,2,592865,9,3424594,13,509216,24,3954646,776,1280834,970,1648.43,19695662,14481018,0
2023-02-26,92,7503307,46,6519813,0,592865,8,3424602,5,509221,17,3954663,468,1281302,533,1637.29,19696195,14481070,0
2023-02-27,375,7503682,295,6520108,4,592869,30,3424632,20,509241,53,3954716,1486,1282788,2000,1720,19698195,14481534,0
2023-02-28,355,7504037,239,6520347,8,592877,30,3424662,27,509268,62,3954778,1313,1284101,1795,1681.29,19699990,14481959,0
2023-03-01,388,7504425,281,6520628,6,592883,25,3424687,21,509289,52,3954830,1442,1285543,1969,1654,19701959,14482440,0
2023-03-02,369,7504794,292,6520920,9,592892,20,3424707,23,509312,50,3954880,1319,1286862,1857,1631.29,19703816,14482935,0
2023-03-03,396,7505190,317,6521237,10,592902,26,3424733,26,509338,58,3954938,1596,1288458,2181,1615,19705997,14483468,0
2023-03-04,198,7505388,121,6521358,4,592906,10,3424743,16,509354,28,3954966,792,1289250,1023,1622.57,19707020,14483673,0
2023-03-05,124,7505512,61,6521419,2,592908,4,3424747,6,509360,14,3954980,464,1289714,557,1626,19707577,14483756,0
2023-03-06,400,7505912,262,6521681,12,592920,23,3424770,16,509376,42,3955022,1380,1291094,1881,1609,19709458,14484218,0
2023-03-07,362,7506274,244,6521925,5,592925,22,3424792,30,509406,61,3955083,1301,1292395,1767,1605,19711225,14484632,0
2023-03-08,371,7506645,246,6522171,3,592928,33,3424825,29,509435,66,3955149,1336,1293731,1832,1585.43,19713057,14485066,0
2023-03-09,359,7507004,240,6522411,4,592932,16,3424841,24,509459,46,3955195,1250,1294981,1730,1567.29,19714787,14485506,0
2023-03-10,302,7507306,281,6522692,3,592935,9,3424850,19,509478,36,3955231,1388,1296369,1841,1518.71,19716628,14485931,0
2023-03-11,187,7507493,87,6522779,3,592938,18,3424868,3,509481,22,3955253,683,1297052,865,1496.14,19717493,14486092,0
2023-03-12,109,7507602,46,6522825,1,592939,4,3424872,7,509488,17,3955270,427,1297479,509,1489.29,19718002,14486163,0
2023-03-13,331,7507933,199,6523024,7,592946,11,3424883,13,509501,25,3955295,1126,1298605,1517,1437.29,19719519,14486530,0
2023-03-14,282,7508215,179,6523203,5,592951,15,3424898,11,509512,32,3955327,1057,1299662,1406,1385.71,19720925,14486853,0
2023-03-15,329,7508544,269,6523472,3,592954,9,3424907,13,509525,23,3955350,1223,1300885,1672,1362.86,19722597,14487280,0
2023-03-16,295,7508839,232,6523704,9,592963,14,3424921,14,509539,34,3955384,1121,1302006,1533,1334.71,19724130,14487664,0
2023-03-17,326,7509165,262,6523966,5,592968,20,3424941,8,509547,29,3955413,1262,1303268,1692,1313.43,19725822,14488066,0
2023-03-18,156,7509321,100,6524066,2,592970,9,3424950,5,509552,15,3955428,660,1303928,825,1307.71,19726647,14488217,0
2023-03-19,112,7509433,56,6524122,1,592971,3,3424953,3,509555,9,3955437,365,1304293,448,1299,19727095,14488294,0
2023-03-20,333,7509766,208,6524330,7,592978,30,3424983,16,509571,47,3955484,1208,1305501,1595,1310.14,19728690,14488635,0
2023-03-21,335,7510101,188,6524518,7,592985,22,3425005,17,509588,41,3955525,1109,1306610,1511,1325.14,19730201,14488998,0
2023-03-22,311,7510412,225,6524743,6,592991,12,3425017,11,509599,25,3955550,1122,1307732,1515,1302.71,19731716,14489368,0
2023-03-23,259,7510671,204,6524947,1,592992,18,3425035,12,509611,33,3955583,992,1308724,1378,1280.57,19733094,14489724,0
2023-03-24,305,7510976,254,6525201,8,593000,20,3425055,18,509629,41,3955624,1109,1309833,1566,1262.57,19734660,14490143,0
2023-03-25,128,7511104,118,6525319,1,593001,6,3425061,9,509638,15,3955639,581,1310414,725,1248.29,19735385,14490272,0
2023-03-26,81,7511185,40,6525359,2,593003,3,3425064,5,509643,9,3955648,344,1310758,403,1241.86,19735788,14490323,0
2023-03-27,278,7511463,224,6525583,3,593006,13,3425077,11,509654,25,3955673,995,1311753,1377,1210.71,19737165,14490681,0
2023-03-28,280,7511743,179,6525762,10,593016,20,3425097,9,509663,32,3955705,995,1312748,1344,1186.86,19738509,14491001,0
2023-03-29,301,7512044,186,6525948,5,593021,13,3425110,9,509672,22,3955727,1041,1313789,1400,1170.43,19739909,14491338,0
2023-03-30,246,7512290,177,6526125,2,593023,18,3425128,10,509682,31,3955758,938,1314727,1267,1154.57,19741176,14491639,0
2023-03-31,284,7512574,256,6526381,7,593030,22,3425150,20,509702,43,3955801,1006,1315733,1451,1138.14,19742627,14492042,120000
2023-04-01,115,7512689,65,6526446,3,593033,10,3425160,6,509708,18,3955819,511,1316244,634,1125.14,19743261,14492149,120000
2023-04-02,93,7512782,35,6526481,0,593033,6,3425166,4,509712,11,3955830,269,1316513,335,1115.43,19743596,14492205,120000
2023-04-03,279,7513061,153,6526634,7,593040,18,3425184,17,509729,41,3955871,863,1317376,1186,1088.14,19744782,14492493,120000
2023-04-04,264,7513325,172,6526806,2,593042,12,3425196,10,509739,25,3955896,790,1318166,1106,1054.14,19745888,14492787,120000
2023-04-05,268,7513593,142,6526948,8,593050,16,3425212,8,509747,26,3955922,921,1319087,1202,1025.86,19747090,14493044,120000
2023-04-06,118,7513711,69,6527017,1,593051,6,3425218,5,509752,11,3955933,351,1319438,501,916.43,19747591,14493183,120000
