"DATE","ADMIN_DOSE1_DAILY","ADMIN_DOSE1_CUMULATIVE","ADMIN_DOSE2_DAILY","ADMIN_DOSE2_CUMULATIVE","ADMIN_SINGLE_DAILY","ADMIN_SINGLE_CUMULATIVE","ADMIN_ADDITIONAL1_DAILY","ADMIN_ADDITIONAL1_CUMULATIVE","ADMIN_ADDITIONAL2_DAILY","ADMIN_ADDITIONAL2_CUMULATIVE","ADMIN_ADDITIONAL_DAILY","ADMIN_ADDITIONAL_CUMULATIVE","ADMIN_ALLDOSES_DAILY","ADMIN_ALLDOSES_7DAYAVG","ADMIN_ALLDOSES_CUMULATIVE","ADMIN_ALLDOSES_PRIMARY","INCOMPLETE"
2020-12-14,79,79,0,0,2,2,0,0,0,0,0,0,81,,81,81,0
2020-12-15,2051,2130,6,6,5,7,0,0,0,0,0,0,2062,,2143,2143,0
2020-12-16,4607,6737,15,21,4,11,1,1,0,0,1,1,4627,,6770,6769,0
2020-12-17,4659,11396,18,39,2,13,1,2,0,0,1,2,4680,,11450,11448,0
2020-12-18,5833,17229,18,57,2,15,2,4,0,0,2,4,5855,,17305,17301,0
2020-12-19,1688,18917,8,65,3,18,0,4,0,0,0,4,1699,,19004,19000,0
2020-12-20,1116,20033,2,67,1,19,0,4,0,0,0,4,1119,2874.71,20123,20119,0
2020-12-21,6344,26377,20,87,0,19,5,9,0,0,5,9,6369,3773,26492,26483,0
2020-12-22,9796,36173,28,115,2,21,1,10,0,0,1,10,9827,4882.29,36319,36309,0
2020-12-23,14275,50448,35,150,3,24,0,10,0,0,0,10,14313,6266,50632,50622,0
2020-12-24,7197,57645,26,176,1,25,0,10,0,0,0,10,7224,6629.43,57856,57846,0
2020-12-25,180,57825,0,176,0,25,1,11,0,0,1,11,181,5818.86,58037,58026,0
2020-12-26,4390,62215,45,221,0,25,1,12,0,0,1,12,4436,6209.86,62473,62461,0
2020-12-27,3870,66085,14,235,0,25,1,13,0,0,1,13,3885,6605,66358,66345,0
2020-12-28,10994,77079,49,284,1,26,3,16,0,0,3,16,11047,7273.29,77405,77389,0
2020-12-29,10716,87795,35,319,2,28,3,19,0,0,3,19,10756,7406,88161,88142,0
2020-12-30,12823,100618,45,364,0,28,0,19,0,0,0,19,12868,7199.57,101029,101010,0
2020-12-31,7259,107877,37,401,1,29,0,19,0,0,0,19,7297,7210,108326,108307,0
2021-01-01,180,108057,2,403,1,30,3,22,0,0,3,22,186,7210.71,108512,108490,0
2021-01-02,3809,111866,10,413,3,33,2,24,0,0,2,24,3824,7123.29,112336,112312,0
2021-01-03,3542,115408,24,437,2,35,1,25,0,0,1,25,3569,7078.14,115905,115880,0
2021-01-04,12254,127662,809,1246,2,37,7,32,0,0,7,32,13072,7367.43,128977,128945,0
2021-01-05,14092,141754,2193,3439,2,39,12,44,1,1,13,45,16300,8159.43,145277,145232,0
2021-01-06,17798,159552,3927,7366,1,40,31,75,8,9,39,84,21765,9430.43,167042,166958,0
2021-01-07,16548,176100,5173,12539,4,44,47,122,3,12,50,134,21775,11498.71,188817,188683,0
2021-01-08,16614,192714,5459,17998,0,44,34,156,5,17,39,173,22112,14631,210929,210756,0
2021-01-09,7651,200365,1463,19461,1,45,7,163,2,19,9,182,9124,15388.14,220053,219871,0
2021-01-10,7880,208245,984,20445,0,45,11,174,0,19,11,193,8875,16146.14,228928,228735,0
2021-01-11,25817,234062,7460,27905,2,47,50,224,8,27,58,251,33337,19041.14,262265,262014,0
2021-01-12,28251,262313,7863,35768,1,48,44,268,4,31,48,299,36163,21878.71,298428,298129,0
2021-01-13,31718,294031,9398,45166,1,49,58,326,4,35,62,361,41179,24652.14,339607,339246,0
2021-01-14,35808,329839,5316,50482,1,50,31,357,7,42,38,399,41163,27421.86,380770,380371,0
2021-01-15,29258,359097,3709,54191,2,52,32,389,5,47,37,436,33006,28978.14,413776,413340,0
2021-01-16,30282,389379,2384,56575,0,52,24,413,6,53,30,466,32696,32345.57,446472,446006,0
2021-01-17,23740,413119,1637,58212,0,52,19,432,1,54,20,486,25397,34705.86,471869,471383,0
2021-01-18,27093,440212,2422,60634,0,52,36,468,7,61,43,529,29559,34166.14,501428,500899,0
2021-01-19,34293,474505,9633,70267,1,53,69,537,6,67,75,604,44002,35286,545430,544826,0
2021-01-20,34863,509368,9499,79766,1,54,58,595,4,71,62,666,44425,35749.71,589855,589189,0
2021-01-21,25589,534957,8096,87862,2,56,51,646,5,76,56,722,33743,34689.71,623598,622876,0
2021-01-22,24749,559706,4384,92246,1,57,32,678,8,84,40,762,29174,34142.29,652772,652010,0
2021-01-23,15739,575445,3228,95474,0,57,10,688,2,86,12,774,18979,32182.71,671751,670977,0
2021-01-24,7177,582622,3455,98929,0,57,19,707,1,87,20,794,10652,30076.29,682403,681609,0
2021-01-25,13405,596027,11826,110755,0,57,66,773,12,99,78,872,25309,29469.14,707712,706840,0
2021-01-26,16756,612783,10760,121515,0,57,69,842,2,101,71,943,27587,27124.14,735299,734356,0
2021-01-27,20833,633616,12357,133872,0,57,54,896,9,110,63,1006,33253,25528.14,768552,767546,0
2021-01-28,30759,664375,12850,146722,0,57,83,979,16,126,99,1105,43711,26952.14,812263,811158,0
2021-01-29,31686,696061,11513,158235,0,57,83,1062,10,136,93,1198,43292,28969,855555,854357,0
2021-01-30,18707,714768,3745,161980,0,57,20,1082,2,138,22,1220,22474,29468.29,878029,876809,0
2021-01-31,13013,727781,2924,164904,1,58,29,1111,5,143,34,1254,15972,30228.29,894001,892747,0
2021-02-01,1179,728960,5368,170272,4,62,37,1148,4,147,41,1295,6592,27554.43,900593,899298,0
2021-02-02,2825,731785,9477,179749,2,64,49,1197,4,151,53,1348,12357,25378.71,912950,911602,0
2021-02-03,16347,748132,21244,200993,4,68,207,1404,20,171,227,1575,37822,26031.43,950772,949197,0
2021-02-04,27038,775170,19648,220641,3,71,207,1611,10,181,217,1792,46906,26487.86,997678,995886,0
2021-02-05,27584,802754,20039,240680,0,71,183,1794,15,196,198,1990,47821,27134.86,1045499,1043509,0
2021-02-06,22986,825740,11249,251929,0,71,113,1907,13,209,126,2116,34361,28833,1079860,1077744,0
2021-02-07,12039,837779,8284,260213,1,72,91,1998,15,224,106,2222,20430,29469.86,1100290,1098068,0
2021-02-08,16948,854727,23522,283735,2,74,238,2236,34,258,272,2494,40744,34348.71,1141034,1138540,0
2021-02-09,17194,871921,28105,311840,2,76,341,2577,43,301,384,2878,45685,39109.86,1186719,1183841,0
2021-02-10,19593,891514,29303,341143,2,78,268,2845,48,349,316,3194,49215,40737.43,1235934,1232740,0
2021-02-11,27838,919352,33474,374617,2,80,342,3187,56,405,398,3592,61714,42852.86,1297648,1294056,0
2021-02-12,38376,957728,30802,405419,3,83,362,3549,40,445,402,3994,69583,45961.71,1367231,1363237,0
2021-02-13,27998,985726,25313,430732,2,85,308,3857,56,501,364,4358,53678,48721.29,1420909,1416551,0
2021-02-14,16274,1002000,23723,454455,0,85,274,4131,32,533,306,4664,40303,51560.29,1461212,1456548,0
2021-02-15,12797,1014797,10520,464975,2,87,178,4309,25,558,203,4867,23522,49100,1484734,1479867,0
2021-02-16,14238,1029035,26721,491696,0,87,330,4639,39,597,369,5236,41328,48477.57,1526062,1520826,0
2021-02-17,16388,1045423,22201,513897,1,88,283,4922,37,634,320,5556,38910,47005.43,1564972,1559416,0
2021-02-18,12144,1057567,24991,538888,21,109,295,5217,44,678,339,5895,37495,43545.57,1602467,1596572,0
2021-02-19,13259,1070826,23928,562816,39,148,310,5527,46,724,356,6251,37582,38974,1640049,1633798,0
2021-02-20,11351,1082177,26071,588887,6,154,331,5858,78,802,409,6660,37838,36711.14,1677887,1671227,0
2021-02-21,6359,1088536,17411,606298,15,169,293,6151,46,848,339,6999,24124,34399.86,1702011,1695012,0
2021-02-22,13043,1101579,11836,618134,2,171,134,6285,20,868,154,7153,25035,34616,1727046,1719893,0
2021-02-23,25247,1126826,14141,632275,1,172,159,6444,36,904,195,7348,39585,34367,1766631,1759283,0
2021-02-24,36354,1163180,20389,652664,0,172,231,6675,42,946,273,7621,57016,36953.57,1823647,1816026,0
2021-02-25,54603,1217783,30399,683063,6,178,404,7079,63,1009,467,8088,85475,43807.86,1909122,1901034,0
2021-02-26,62850,1280633,31867,714930,4,182,421,7500,79,1088,500,8588,95221,52042,2004343,1995755,0
2021-02-27,51284,1331917,22752,737682,47,229,343,7843,52,1140,395,8983,74478,57276.29,2078821,2069838,0
2021-02-28,44574,1376491,13840,751522,7,236,205,8048,35,1175,240,9223,58661,62210.14,2137482,2128259,0
2021-03-01,39316,1415807,12780,764302,10,246,168,8216,25,1200,193,9416,52299,66105,2189781,2180365,0
2021-03-02,47079,1462886,12581,776883,7,253,157,8373,14,1214,171,9587,59838,68998.29,2249619,2240032,0
2021-03-03,48601,1511487,16156,793039,17,270,151,8524,21,1235,172,9759,64946,70131.14,2314565,2304806,0
2021-03-04,59814,1571301,22823,815862,1092,1362,274,8798,35,1270,309,10068,84038,69925.86,2398603,2388535,0
2021-03-05,60972,1632273,24286,840148,3108,4470,339,9137,36,1306,375,10443,88741,69000.14,2487344,2476901,0
2021-03-06,47174,1679447,18877,859025,5451,9921,246,9383,37,1343,283,10726,71785,68615.43,2559129,2548403,0
2021-03-07,36039,1715486,14880,873905,6245,16166,234,9617,20,1363,254,10980,57418,68437.86,2616547,2605567,0
2021-03-08,39618,1755104,14683,888588,8560,24726,320,9937,92,1455,412,11392,63273,70005.57,2679820,2668428,0
2021-03-09,39101,1794205,12853,901441,7760,32486,185,10122,35,1490,220,11612,59934,70019.29,2739754,2728142,0
2021-03-10,51819,1846024,15363,916804,5066,37552,227,10349,32,1522,259,11871,72507,71099.43,2812261,2800390,0
2021-03-11,59978,1906002,21823,938627,4619,42171,253,10602,48,1570,301,12172,86721,71482.71,2898982,2886810,0
2021-03-12,52193,1958195,30306,968933,4182,46353,383,10985,85,1655,468,12640,87149,71255.29,2986131,2973491,0
2021-03-13,40646,1998841,26689,995622,5109,51462,329,11314,53,1708,382,13022,72826,71404,3058957,3045935,0
2021-03-14,30709,2029550,15970,1011592,4526,55988,246,11560,29,1737,275,13297,51481,70555.86,3110438,3097141,0
2021-03-15,33592,2063142,17260,1028852,4707,60695,237,11797,33,1770,270,13567,55829,69492.43,3166267,3152700,0
2021-03-16,38667,2101809,20516,1049368,4926,65621,262,12059,35,1805,297,13864,64406,70131.29,3230673,3216809,0
2021-03-17,42609,2144418,24793,1074161,4244,69865,348,12407,39,1844,387,14251,72033,70063.57,3302706,3288455,0
2021-03-18,50435,2194853,26808,1100969,5235,75100,376,12783,63,1907,439,14690,82917,69520.14,3385623,3370933,0
2021-03-19,47785,2242638,29969,1130938,5624,80724,394,13177,69,1976,463,15153,83842,69047.71,3469465,3454312,0
2021-03-20,38707,2281345,25838,1156776,4685,85409,299,13476,60,2036,359,15512,69589,68585.29,3539054,3523542,0
2021-03-21,29295,2310640,19357,1176133,769,86178,226,13702,45,2081,271,15783,49692,68329.71,3588746,3572963,0
2021-03-22,33861,2344501,26744,1202877,4037,90215,264,13966,38,2119,302,16085,64945,69632,3653691,3637606,0
2021-03-23,38427,2382928,32847,1235724,4216,94431,302,14268,53,2172,355,16440,75845,71266.14,3729536,3713096,0
2021-03-24,41493,2424421,37613,1273337,4845,99276,330,14598,63,2235,393,16833,84344,73024.86,3813880,3797047,0
2021-03-25,43398,2467819,50796,1324133,5054,104330,485,15083,87,2322,572,17405,99820,75439.57,3913700,3896295,0
2021-03-26,38498,2506317,55506,1379639,4309,108639,538,15621,99,2421,637,18042,98950,77597.86,4012650,3994608,0
2021-03-27,35735,2542052,45750,1425389,2939,111578,423,16044,84,2505,507,18549,84931,79789.57,4097581,4079032,0
2021-03-28,26386,2568438,34456,1459845,1482,113060,340,16384,66,2571,406,18955,62730,81652.14,4160311,4141356,0
2021-03-29,34811,2603249,38869,1498714,3246,116306,350,16734,110,2681,460,19415,77386,83429.43,4237697,4218282,0
2021-03-30,40506,2643755,41924,1540638,3713,120019,346,17080,64,2745,410,19825,86553,84959.14,4324250,4304425,0
2021-03-31,49386,2693141,44875,1585513,7438,127457,410,17490,87,2832,497,20322,102196,87509.43,4426446,4406124,0
2021-04-01,50771,2743912,53957,1639470,11278,138735,500,17990,86,2918,586,20908,116592,89905.43,4543038,4522130,0
2021-04-02,43757,2787669,53884,1693354,11970,150705,553,18543,70,2988,623,21531,110234,91517.43,4653272,4631741,0
2021-04-03,39245,2826914,39218,1732572,9859,160564,339,18882,58,3046,397,21928,88719,92058.57,4741991,4720063,0
2021-04-04,26555,2853469,24785,1757357,3903,164467,228,19110,51,3097,279,22207,55522,91028.86,4797513,4775306,0
2021-04-05,41879,2895348,34484,1791841,11198,175665,378,19488,61,3158,439,22646,88000,92545.14,4885513,4862867,0
2021-04-06,53260,2948608,35615,1827456,13218,188883,437,19925,77,3235,514,23160,102607,94838.57,4988120,4964960,0
2021-04-07,55497,3004105,40703,1868159,14388,203271,410,20335,80,3315,490,23650,111078,96107.43,5099198,5075548,0
2021-04-08,59254,3063359,46597,1914756,16340,219611,524,20859,88,3403,612,24262,122803,96994.71,5222001,5197739,0
2021-04-09,56641,3120000,44959,1959715,17559,237170,525,21384,77,3480,602,24864,119761,98355.71,5341762,5316898,0
2021-04-10,49342,3169342,35642,1995357,12722,249892,396,21780,62,3542,458,25322,98164,99705,5439926,5414604,0
2021-04-11,38177,3207519,28821,2024178,7681,257573,298,22078,58,3600,356,25678,75035,102492.57,5514961,5489283,0
2021-04-12,46630,3254149,31845,2056023,13500,271073,469,22547,67,3667,536,26214,92511,103137,5607472,5581258,0
2021-04-13,52544,3306693,33788,2089811,368,271441,400,22947,63,3730,463,26677,87163,100930.71,5694635,5667958,0
2021-04-14,50139,3356832,39959,2129770,20,271461,369,23316,75,3805,444,27121,90562,97999.86,5785197,5758076,0
2021-04-15,52114,3408946,43689,2173459,16,271477,456,23772,106,3911,562,27683,96382,94225.43,5881579,5853896,0
2021-04-16,51184,3460130,42213,2215672,32,271509,434,24206,71,3982,505,28188,93934,90535.86,5975513,5947325,0
2021-04-17,43832,3503962,35695,2251367,3,271512,368,24574,84,4066,452,28640,79982,87938.43,6055495,6026855,0
2021-04-18,28602,3532564,29364,2280731,7,271519,259,24833,66,4132,325,28965,58298,85547.43,6113793,6084828,0
2021-04-19,37458,3570022,36452,2317183,22,271541,330,25163,66,4198,396,29361,74328,82949.86,6188121,6158760,0
2021-04-20,40807,3610829,39630,2356813,19,271560,317,25480,81,4279,398,29759,80854,82048.57,6268975,6239216,0
2021-04-21,38890,3649719,46018,2402831,16,271576,504,25984,97,4376,601,30360,85525,81329,6354500,6324140,0
2021-04-22,38488,3688207,48965,2451796,9,271585,343,26327,74,4450,417,30777,87880,80114.43,6442380,6411603,0
2021-04-23,39694,3727901,44386,2496182,3,271588,351,26678,75,4525,426,31203,84509,78768,6526889,6495686,0
2021-04-24,31941,3759842,41602,2537784,44,271632,280,26958,64,4589,344,31547,73931,77903.57,6600820,6569273,0
2021-04-25,18417,3778259,31229,2569013,87,271719,198,27156,58,4647,256,31803,49989,76716.57,6650809,6619006,0
2021-04-26,26964,3805223,40733,2609746,1012,272731,293,27449,88,4735,381,32184,69090,75968.29,6719899,6687715,0
2021-04-27,28570,3833793,47140,2656886,1699,274430,358,27807,94,4829,452,32636,77861,75540.71,6797760,6765124,0
2021-04-28,27022,3860815,56851,2713737,2146,276576,440,28247,99,4928,539,33175,86558,75688.29,6884318,6851143,0
2021-04-29,28605,3889420,57202,2770939,2148,278724,369,28616,99,5027,468,33643,88423,75765.86,6972741,6939098,0
2021-04-30,30114,3919534,51990,2822929,2058,280782,285,28901,75,5102,360,34003,84523,75767.86,7057264,7023261,0
2021-05-01,22477,3942011,44539,2867468,1177,281959,235,29136,65,5167,300,34303,68493,74991,7125757,7091454,0
2021-05-02,11921,3953932,36654,2904122,1081,283040,143,29279,54,5221,197,34500,49853,74971.57,7175610,7141110,0
2021-05-03,18017,3971949,53035,2957157,2383,285423,255,29534,91,5312,346,34846,73782,75641.86,7249392,7214546,0
2021-05-04,22735,3994684,56654,3013811,2331,287754,268,29802,116,5428,384,35230,82104,76248,7331496,7296266,0
2021-05-05,21476,4016160,48767,3062578,2313,290067,311,30113,103,5531,414,35644,72970,74306.86,7404466,7368822,0
2021-05-06,20673,4036833,50177,3112755,2508,292575,277,30390,91,5622,368,36012,73726,72207.29,7478192,7442180,0
2021-05-07,21246,4058079,52097,3164852,2812,295387,315,30705,79,5701,394,36406,76549,71068.14,7554741,7518335,0
2021-05-08,16628,4074707,41864,3206716,1835,297222,234,30939,72,5773,306,36712,60633,69945.29,7615374,7578662,0
2021-05-09,7967,4082674,29414,3236130,1260,298482,151,31090,56,5829,207,36919,38848,68373.14,7654222,7617303,0
2021-05-10,14380,4097054,38530,3274660,2356,300838,242,31332,92,5921,334,37253,55600,65775.71,7709822,7672569,0
2021-05-11,19906,4116960,43062,3317722,2514,303352,285,31617,86,6007,371,37624,65853,63454.14,7775675,7738051,0
2021-05-12,17820,4134780,40544,3358266,3595,306947,234,31851,80,6087,314,37938,62273,61926,7837948,7800010,0
2021-05-13,24968,4159748,40435,3398701,3230,310177,259,32110,77,6164,336,38274,68969,61246.43,7906917,7868643,0
2021-05-14,27014,4186762,42940,3441641,3538,313715,271,32381,96,6260,367,38641,73859,60862.14,7980776,7942135,0
2021-05-15,23648,4210410,34922,3476563,3365,317080,251,32632,76,6336,327,38968,62262,61094.86,8043038,8004070,0
2021-05-16,15522,4225932,19453,3496016,2496,319576,124,32756,45,6381,169,39137,37640,60922.29,8080678,8041541,0
2021-05-17,22669,4248601,29147,3525163,3254,322830,183,32939,68,6449,251,39388,55321,60882.43,8135999,8096611,0
2021-05-18,24630,4273231,31910,3557073,3405,326235,241,33180,75,6524,316,39704,60261,60083.57,8196260,8156556,0
2021-05-19,24185,4297416,29725,3586798,3041,329276,227,33407,48,6572,275,39979,57226,59362.57,8253486,8213507,0
2021-05-20,24149,4321565,30103,3616901,3163,332439,267,33674,86,6658,353,40332,57768,57762.43,8311254,8270922,0
2021-05-21,24674,4346239,32003,3648904,3057,335496,248,33922,61,6719,309,40641,60043,55788.71,8371297,8330656,0
2021-05-22,20018,4366257,24367,3673271,2524,338020,165,34087,48,6767,213,40854,47122,53625.86,8418419,8377565,0
2021-05-23,11229,4377486,13735,3687006,1411,339431,93,34180,32,6799,125,40979,26500,52034.43,8444919,8403940,0
2021-05-24,18872,4396358,23162,3710168,2756,342187,214,34394,55,6854,269,41248,45059,50568.43,8489978,8448730,0
2021-05-25,19429,4415787,23381,3733549,2602,344789,173,34567,57,6911,230,41478,45642,48480,8535620,8494142,0
2021-05-26,18783,4434570,21093,3754642,2697,347486,200,34767,48,6959,248,41726,42821,46422.14,8578441,8536715,0
2021-05-27,18463,4453033,21279,3775921,2529,350015,183,34950,60,7019,243,41969,42514,44243,8620955,8578986,0
2021-05-28,17860,4470893,22882,3798803,2751,352766,188,35138,55,7074,243,42212,43736,41913.43,8664691,8622479,0
2021-05-29,12706,4483599,17814,3816617,1755,354521,105,35243,39,7113,144,42356,32419,39813,8697110,8654754,0
2021-05-30,7029,4490628,8948,3825565,1074,355595,49,35292,18,7131,67,42423,17118,38472.71,8714228,8671805,0
2021-05-31,4742,4495370,6923,3832488,1013,356608,63,35355,17,7148,80,42503,12758,33858.29,8726986,8684483,0
2021-06-01,16048,4511418,25192,3857680,2176,358784,157,35512,43,7191,200,42703,43616,33568.86,8770602,8727899,0
2021-06-02,15355,4526773,20395,3878075,2095,360879,141,35653,48,7239,189,42892,38034,32885,8808636,8765744,0
2021-06-03,15002,4541775,23827,3901902,2280,363159,128,35781,44,7283,172,43064,41281,32708.86,8849917,8806853,0
2021-06-04,14718,4556493,25996,3927898,2492,365651,147,35928,42,7325,189,43253,43395,32660.14,8893312,8850059,0
2021-06-05,10988,4567481,22093,3949991,1806,367457,116,36044,28,7353,144,43397,35031,33033.29,8928343,8884946,0
2021-06-06,6444,4573925,14486,3964477,1222,368679,89,36133,13,7366,102,43499,22254,33767,8950597,8907098,0
2021-06-07,11700,4585625,21786,3986263,2378,371057,141,36274,37,7403,178,43677,36042,37093.29,8986639,8942962,0
2021-06-08,12632,4598257,24021,4010284,2072,373129,126,36400,46,7449,172,43849,38897,36419.14,9025536,8981687,0
2021-06-09,11133,4609390,23027,4033311,2299,375428,136,36536,40,7489,176,44025,36635,36219.29,9062171,9018146,0
2021-06-10,12059,4621449,22239,4055550,2462,377890,139,36675,59,7548,198,44223,36958,35601.71,9099129,9054906,0
2021-06-11,12704,4634153,25126,4080676,2483,380373,158,36833,59,7607,217,44440,40530,35192.43,9139659,9095219,0
2021-06-12,10162,4644315,19319,4099995,1888,382261,93,36926,43,7650,136,44576,31505,34688.71,9171164,9126588,0
2021-06-13,4257,4648572,10932,4110927,1219,383480,41,36967,22,7672,63,44639,16471,33862.57,9187635,9142996,0
2021-06-14,10207,4658779,19239,4130166,2043,385523,128,37095,52,7724,180,44819,31669,33237.86,9219304,9174485,0
2021-06-15,11881,4670660,21020,4151186,1943,387466,131,37226,40,7764,171,44990,35015,32683.29,9254319,9209329,0
2021-06-16,11585,4682245,19409,4170595,1957,389423,144,37370,70,7834,214,45204,33165,32187.57,9287484,9242280,0
2021-06-17,11022,4693267,18758,4189353,1973,391396,127,37497,36,7870,163,45367,31916,31467.29,9319400,9274033,0
2021-06-18,12165,4705432,18502,4207855,2115,393511,113,37610,36,7906,149,45516,32931,30381.71,9352331,9306815,0
2021-06-19,8493,4713925,13516,4221371,1459,394970,86,37696,21,7927,107,45623,23575,29248.86,9375906,9330283,0
2021-06-20,4335,4718260,7159,4228530,924,395894,36,37732,17,7944,53,45676,12471,28677.43,9388377,9342701,0
2021-06-21,10161,4728421,10013,4238543,1807,397701,68,37800,27,7971,95,45771,22076,27307,9410453,9364682,0
2021-06-22,9837,4738258,15642,4254185,1589,399290,105,37905,28,7999,133,45904,27201,26190.71,9437654,9391750,0
2021-06-23,10309,4748567,15187,4269372,1863,401153,102,38007,31,8030,133,46037,27492,25380.29,9465146,9419109,0
2021-06-24,9683,4758250,14701,4284073,1799,402952,120,38127,26,8056,146,46183,26329,24582.14,9491475,9445292,0
2021-06-25,10585,4768835,14390,4298463,1721,404673,113,38240,38,8094,151,46334,26847,23713,9518322,9471988,0
2021-06-26,7799,4776634,10467,4308930,1250,405923,76,38316,24,8118,100,46434,19616,23147.43,9537938,9491504,0
2021-06-27,5000,4781634,6002,4314932,795,406718,34,38350,14,8132,48,46482,11845,23058,9549783,9503301,0
2021-06-28,9034,4790668,10344,4325276,1526,408244,109,38459,27,8159,136,46618,21040,22910,9570823,9524205,0
2021-06-29,9736,4800404,12328,4337604,1347,409591,123,38582,32,8191,155,46773,23566,22390.71,9594389,9547616,0
2021-06-30,9432,4809836,10930,4348534,1487,411078,148,38730,16,8207,164,46937,22013,21608,9616402,9569465,0
2021-07-01,9396,4819232,10927,4359461,1434,412512,131,38861,24,8231,155,47092,21912,20977,9638314,9591222,0
2021-07-02,9692,4828924,11453,4370914,1541,414053,119,38980,22,8253,141,47233,22828,20402.86,9661142,9613909,0
2021-07-03,7055,4835979,8421,4379335,1192,415245,79,39059,17,8270,96,47329,16764,19995.43,9677906,9630577,0
2021-07-04,1288,4837267,1335,4380670,567,415812,9,39068,3,8273,12,47341,3202,18760.71,9681108,9633767,0
2021-07-05,6494,4843761,7106,4387776,1208,417020,65,39133,23,8296,88,47429,14896,17883,9696004,9648575,0
2021-07-06,9511,4853272,12851,4400627,1315,418335,117,39250,37,8333,154,47583,23831,17920.86,9719835,9672252,0
2021-07-07,8663,4861935,11113,4411740,1419,419754,124,39374,19,8352,143,47726,21338,17824.43,9741173,9693447,0
2021-07-08,8219,4870154,10193,4421933,1260,421014,109,39483,22,8374,131,47857,19803,17523.14,9760976,9713119,0
2021-07-09,8373,4878527,10835,4432768,1278,422292,90,39573,18,8392,108,47965,20594,17204,9781570,9733605,0
2021-07-10,7102,4885629,8635,4441403,1131,423423,64,39637,20,8412,84,48049,16952,17230.86,9798522,9750473,0
2021-07-11,4105,4889734,4539,4445942,702,424125,36,39673,6,8418,42,48091,9388,18114.57,9807910,9759819,0
2021-07-12,8446,4898180,9561,4455503,1252,425377,83,39756,23,8441,106,48197,19365,18753,9827275,9779078,0
2021-07-13,9463,4907643,9392,4464895,952,426329,106,39862,35,8476,141,48338,19948,18198.29,9847223,9798885,0
2021-07-14,8999,4916642,9532,4474427,1011,427340,106,39968,21,8497,127,48465,19669,17959.86,9866892,9818427,0
2021-07-15,8795,4925437,9155,4483582,1054,428394,80,40048,19,8516,99,48564,19103,17859.86,9885995,9837431,0
2021-07-16,9247,4934684,9762,4493344,981,429375,101,40149,29,8545,130,48694,20120,17792.14,9906115,9857421,0
2021-07-17,6841,4941525,7385,4500729,803,430178,80,40229,20,8565,100,48794,15129,17531.71,9921244,9872450,0
2021-07-18,4255,4945780,4285,4505014,576,430754,35,40264,13,8578,48,48842,9164,17499.71,9930408,9881566,0
2021-07-19,9119,4954899,8481,4513495,999,431753,91,40355,22,8600,113,48955,18712,17406.43,9949120,9900165,0
2021-07-20,10643,4965542,8759,4522254,991,432744,96,40451,25,8625,121,49076,20514,17487.29,9969634,9920558,0
2021-07-21,10059,4975601,8767,4531021,904,433648,147,40598,33,8658,180,49256,19910,17521.71,9989544,9940288,0
2021-07-22,10687,4986288,8587,4539608,1046,434694,145,40743,26,8684,171,49427,20491,17720,10010035,9960608,0
2021-07-23,11250,4997538,8883,4548491,1114,435808,139,40882,23,8707,162,49589,21409,17904.14,10031444,9981855,0
2021-07-24,7399,5004937,6740,4555231,670,436478,82,40964,26,8733,108,49697,14917,17873.86,10046361,9996664,0
2021-07-25,5475,5010412,2126,4557357,509,436987,59,41023,4,8737,63,49760,8173,17732.29,10054534,10004774,0
2021-07-26,10868,5021280,7006,4564363,859,437846,110,41133,20,8757,130,49890,18863,17753.86,10073397,10023507,0
2021-07-27,12068,5033348,8571,4572934,857,438703,134,41267,39,8796,173,50063,21669,17918.86,10095066,10045003,0
2021-07-28,12016,5045364,8050,4580984,950,439653,134,41401,28,8824,162,50225,21178,18100,10116244,10066019,0
2021-07-29,10931,5056295,7434,4588418,984,440637,135,41536,39,8863,174,50399,19523,17961.71,10135767,10085368,0
2021-07-30,14954,5071249,8015,4596433,1151,441788,182,41718,31,8894,213,50612,24333,18379.43,10160100,10109488,0
2021-07-31,9721,5080970,6319,4602752,815,442603,123,41841,20,8914,143,50755,16998,18676.71,10177098,10126343,0
2021-08-01,6500,5087470,3312,4606064,564,443167,81,41922,20,8934,101,50856,10477,19005.86,10187575,10136719,0
2021-08-02,13449,5100919,7154,4613218,846,444013,147,42069,19,8953,166,51022,21615,19399,10209190,10158168,0
2021-08-03,15413,5116332,8387,4621605,1109,445122,144,42213,38,8991,182,51204,25091,19887.86,10234281,10183077,0
2021-08-04,17262,5133594,8132,4629737,1454,446576,181,42394,34,9025,215,51419,27063,20728.57,10261344,10209925,0
2021-08-05,17886,5151480,7932,4637669,1370,447946,159,42553,21,9046,180,51599,27368,21849.29,10288712,10237113,0
2021-08-06,18180,5169660,8416,4646085,1232,449178,167,42720,32,9078,199,51798,28027,22377,10316739,10264941,0
2021-08-07,13382,5183042,6018,4652103,799,449977,99,42819,28,9106,127,51925,20326,22852.43,10337065,10285140,0
2021-08-08,9308,5192350,3835,4655938,400,450377,83,42902,10,9116,93,52018,13636,23303.71,10350701,10298683,0
2021-08-09,21344,5213694,8527,4664465,965,451342,169,43071,34,9150,203,52221,31039,24650,10381740,10329519,0
2021-08-10,18946,5232640,9329,4673794,946,452288,180,43251,33,9183,213,52434,29434,25270.43,10411174,10358740,0
2021-08-11,15644,5248284,8311,4682105,853,453141,130,43381,45,9228,175,52609,24983,24973.29,10436157,10383548,0
2021-08-12,15057,5263341,8988,4691093,942,454083,174,43555,35,9263,209,52818,25196,24663,10461353,10408535,0
2021-08-13,14919,5278260,9294,4700387,919,455002,245,43800,37,9300,282,53100,25415,24289.86,10486768,10433668,0
2021-08-14,10397,5288657,6410,4706797,625,455627,534,44334,39,9339,573,53673,18005,23958.29,10504773,10451100,0
2021-08-15,6692,5295349,4480,4711277,676,456303,567,44901,33,9372,600,54273,12448,23788.57,10517221,10462948,0
2021-08-16,15712,5311061,9302,4720579,1150,457453,1325,46226,65,9437,1390,55663,27554,23290.71,10544775,10489112,0
2021-08-17,17766,5328827,10458,4731037,1229,458682,1773,47999,84,9521,1857,57520,31310,23558.71,10576085,10518565,0
2021-08-18,17494,5346321,10376,4741413,1260,459942,1992,49991,93,9614,2085,59605,31215,24449,10607300,10547695,0
2021-08-19,16291,5362612,9527,4750940,1315,461257,1959,51950,66,9680,2025,61630,29158,25015,10636458,10574828,0
2021-08-20,16279,5378891,11536,4762476,1254,462511,1863,53813,86,9766,1949,63579,31018,25815.43,10667476,10603897,0
2021-08-21,11147,5390038,8036,4770512,878,463389,1064,54877,55,9821,1119,64698,21180,26269,10688656,10623958,0
2021-08-22,4078,5394116,3903,4774415,261,463650,516,55393,34,9855,550,65248,8792,25746.71,10697448,10632200,0
2021-08-23,15579,5409695,11808,4786223,1022,464672,1549,56942,76,9931,1625,66873,30035,26101.14,10727483,10660610,0
2021-08-24,16914,5426609,12600,4798823,1006,465678,1774,58716,78,10009,1852,68725,32372,26252.86,10759855,10691130,0
2021-08-25,14572,5441181,12452,4811275,1111,466789,1566,60282,79,10088,1645,70370,29780,26047.86,10789635,10719265,0
2021-08-26,16150,5457331,14098,4825373,1071,467860,1775,62057,68,10156,1843,72213,33162,26619.86,10822797,10750584,0
2021-08-27,14879,5472210,14825,4840198,971,468831,1672,63729,74,10230,1746,73959,32421,26820.29,10855218,10781259,0
2021-08-28,10679,5482889,11521,4851719,835,469666,1017,64746,45,10275,1062,75021,24097,27237,10879315,10804294,0
2021-08-29,7216,5490105,7492,4859211,541,470207,780,65526,58,10333,838,75859,16087,28279.14,10895402,10819543,0
2021-08-30,15522,5505627,16926,4876137,1076,471283,1791,67317,89,10422,1880,77739,35404,29046.14,10930806,10853067,0
2021-08-31,15508,5521135,15960,4892097,952,472235,1976,69293,88,10510,2064,79803,34484,29347.86,10965290,10885487,0
2021-09-01,14827,5535962,14106,4906203,1020,473255,1812,71105,61,10571,1873,81676,31826,29640.14,10997116,10915440,0
2021-09-02,14318,5550280,12524,4918727,896,474151,1713,72818,61,10632,1774,83450,29512,29118.71,11026628,10943178,0
2021-09-03,15007,5565287,14311,4933038,974,475125,1896,74714,70,10702,1966,85416,32258,29095.43,11058886,10973470,0
2021-09-04,9646,5574933,9406,4942444,688,475813,976,75690,34,10736,1010,86426,20750,28617.29,11079636,10993210,0
2021-09-05,6800,5581733,5513,4947957,438,476251,714,76404,17,10753,731,87157,13482,28245.14,11093118,11005961,0
2021-09-06,5196,5586929,4511,4952468,358,476609,272,76676,11,10764,283,87440,10348,24665.71,11103466,11016026,0
2021-09-07,15573,5602502,17700,4970168,912,477521,1558,78234,90,10854,1648,89088,35833,24858.43,11139299,11050211,0
2021-09-08,16156,5618658,14830,4984998,1071,478592,1775,80009,83,10937,1858,90946,33915,25156.86,11173214,11082268,0
2021-09-09,16106,5634764,14752,4999750,1047,479639,1919,81928,74,11011,1993,92939,33898,25783.43,11207112,11114173,0
2021-09-10,18365,5653129,15394,5015144,1207,480846,1977,83905,81,11092,2058,94997,37024,26464.29,11244136,11149139,0
2021-09-11,12635,5665764,10350,5025494,958,481804,1028,84933,49,11141,1077,96074,25020,27074.29,11269156,11173082,0
2021-09-12,8537,5674301,5052,5030546,765,482569,692,85625,30,11171,722,96796,15076,27302,11284232,11187436,0
2021-09-13,16929,5691230,12963,5043509,976,483545,1656,87281,53,11224,1709,98505,32577,30477.57,11316809,11218304,0
2021-09-14,16263,5707493,13676,5057185,886,484431,1598,88879,56,11280,1654,100159,32479,29998.43,11349288,11249129,0
2021-09-15,15530,5723023,12887,5070072,727,485158,1570,90449,81,11361,1651,101810,30795,29552.71,11380083,11278273,0
2021-09-16,15335,5738358,13913,5083985,1210,486368,1463,91912,66,11427,1529,103339,31987,29279.71,11412070,11308731,0
2021-09-17,14434,5752792,13958,5097943,922,487290,1837,93749,57,11484,1894,105233,31208,28448.86,11443278,11338045,0
2021-09-18,9994,5762786,10185,5108128,913,488203,1051,94800,41,11525,1092,106325,22184,28043.71,11465462,11359137,0
2021-09-19,6176,5768962,6073,5114201,558,488761,748,95548,28,11553,776,107101,13583,27830.43,11479045,11371944,0
2021-09-20,12671,5781633,12632,5126833,1068,489829,1928,97476,58,11611,1986,109087,28357,27227.57,11507402,11398315,0
2021-09-21,12224,5793857,12773,5139606,1108,490937,2034,99510,76,11687,2110,111197,28215,26618.43,11535617,11424420,0
2021-09-22,12819,5806676,12006,5151612,1090,492027,1686,101196,69,11756,1755,112952,27670,26172,11563287,11450335,0
2021-09-23,14932,5821608,12763,5164375,1639,493666,2267,103463,74,11830,2341,115293,31675,26127.43,11594962,11479669,0
2021-09-24,16441,5838049,13366,5177741,1636,495302,4627,108090,118,11948,4745,120038,36188,26838.86,11631150,11511112,0
2021-09-25,10534,5848583,9025,5186766,1018,496320,3463,111553,77,12025,3540,123578,24117,27115,11655267,11531689,0
2021-09-26,6298,5854881,5764,5192530,773,497093,2422,113975,60,12085,2482,126060,15317,27362.71,11670584,11544524,0
2021-09-27,14145,5869026,8061,5200591,1155,498248,9076,123051,159,12244,9235,135295,32597,27968.43,11703181,11567886,0
2021-09-28,11124,5880150,11784,5212375,902,499150,9932,132983,177,12421,10109,145404,33919,28783.29,11737100,11591696,0
2021-09-29,11600,5891750,12192,5224567,1205,500355,9458,142441,167,12588,9625,155029,34623,29776.57,11771723,11616694,0
2021-09-30,12231,5903981,12606,5237173,1338,501693,9755,152196,176,12764,9931,164960,36106,30409.57,11807829,11642869,0
2021-10-01,12631,5916612,13435,5250608,1284,502977,10274,162470,151,12915,10425,175385,37775,30636.29,11845604,11670219,0
2021-10-02,7726,5924338,9977,5260585,865,503842,4246,166716,76,12991,4322,179707,22890,30461,11868494,11688787,0
2021-10-03,5065,5929403,6158,5266743,593,504435,2619,169335,58,13049,2677,182384,14493,30343.29,11882987,11700603,0
2021-10-04,9907,5939310,11022,5277765,913,505348,9529,178864,144,13193,9673,192057,31515,30188.71,11914502,11722445,0
2021-10-05,10146,5949456,11734,5289499,972,506320,9955,188819,177,13370,10132,202189,32984,30055.14,11947486,11745297,0
2021-10-06,9891,5959347,11052,5300551,936,507256,9939,198758,157,13527,10096,212285,31975,29676.86,11979461,11767176,0
2021-10-07,9608,5968955,12155,5312706,850,508106,10184,208942,171,13698,10355,222640,32968,29228.57,12012429,11789789,0
2021-10-08,9443,5978398,12179,5324885,941,509047,10913,219855,163,13861,11076,233716,33639,28637.71,12046068,11812352,0
2021-10-09,6236,5984634,8237,5333122,643,509690,4126,223981,87,13948,4213,237929,19329,28129,12065397,11827468,0
2021-10-10,3536,5988170,5028,5338150,458,510148,2437,226418,45,13993,2482,240411,11504,27702,12076901,11836490,0
2021-10-11,7611,5995781,9337,5347487,728,510876,8894,235312,163,14156,9057,249468,26733,27018.86,12103634,11854166,0
2021-10-12,8066,6003847,10995,5358482,891,511767,10523,245835,182,14338,10705,260173,30657,26686.43,12134291,11874118,0
2021-10-13,7146,6010993,10148,5368630,869,512636,8805,254640,177,14515,8982,269155,27145,25996.43,12161436,11892281,0
2021-10-14,7423,6018416,11119,5379749,837,513473,10128,264768,160,14675,10288,279443,29667,25524.86,12191103,11911660,0
2021-10-15,7713,6026129,11855,5391604,823,514296,10831,275599,170,14845,11001,290444,31392,25203.86,12222495,11932051,0
2021-10-16,4862,6030991,7468,5399072,666,514962,3845,279444,66,14911,3911,294355,16907,24857.86,12239402,11945047,0
2021-10-17,3054,6034045,4474,5403546,411,515373,2453,281897,43,14954,2496,296851,10435,24705.14,12249837,11952986,0
2021-10-18,7040,6041085,10667,5414213,796,516169,9487,291384,181,15135,9668,306519,28171,24910.57,12278008,11971489,0
2021-10-19,6562,6047647,8945,5423158,804,516973,9098,300482,173,15308,9271,315790,25582,24185.57,12303590,11987800,0
2021-10-20,6524,6054171,9371,5432529,975,517948,10002,310484,175,15483,10177,325967,27047,24171.57,12330637,12004670,0
2021-10-21,7018,6061189,9386,5441915,858,518806,10859,321343,153,15636,11012,336979,28274,23972.57,12358911,12021932,0
2021-10-22,8106,6069295,10345,5452260,1026,519832,16357,337700,218,15854,16575,353554,36052,24638.29,12394963,12041409,0
2021-10-23,5162,6074457,6459,5458719,690,520522,9126,346826,114,15968,9240,362794,21551,25301.71,12416514,12053720,0
2021-10-24,3262,6077719,3968,5462687,769,521291,6171,352997,75,16043,6246,369040,14245,25846,12430759,12061719,0
2021-10-25,8743,6086462,8740,5471427,1150,522441,19268,372265,296,16339,19564,388604,38197,27278.29,12468956,12080352,0
2021-10-26,8181,6094643,7724,5479151,1258,523699,17302,389567,269,16608,17571,406175,34734,28585.71,12503690,12097515,0
2021-10-27,10534,6105177,8393,5487544,1605,525304,20874,410441,319,16927,21193,427368,41725,30682.57,12545415,12118047,0
2021-10-28,11302,6116479,8028,5495572,1793,527097,20875,431316,320,17247,21195,448563,42318,32688.86,12587733,12139170,0
2021-10-29,11837,6128316,8236,5503808,1960,529057,22548,453864,331,17578,22879,471442,44913,33954.71,12632646,12161204,0
2021-10-30,4619,6132935,5064,5508872,930,529987,11180,465044,167,17745,11347,482789,21960,34013.14,12654606,12171817,0
2021-10-31,2652,6135587,2700,5511572,544,530531,6647,471691,101,17846,6748,489537,12644,33784.43,12667250,12177713,0
2021-11-01,7114,6142701,6952,5518524,1088,531619,20403,492094,323,18169,20726,510263,35880,33453.43,12703130,12192867,0
2021-11-02,6555,6149256,6587,5525111,1054,532673,20804,512898,269,18438,21073,531336,35269,33529.86,12738399,12207063,0
2021-11-03,6830,6156086,6679,5531790,1026,533699,20651,533549,308,18746,20959,552295,35496,32640,12773895,12221600,0
2021-11-04,9289,6165375,6278,5538068,995,534694,22386,555935,346,19092,22732,575027,39294,32208,12813189,12238162,0
2021-11-05,11030,6176405,6720,5544788,1051,535745,23777,579712,356,19448,24133,599160,42934,31925.29,12856123,12256963,0
2021-11-06,11121,6187526,4052,5548840,594,536339,12605,592317,168,19616,12773,611933,28540,32865.29,12884663,12272730,0
2021-11-07,7243,6194769,2286,5551126,577,536916,7118,599435,95,19711,7213,619146,17319,33533.14,12901982,12282836,0
2021-11-08,15044,6209813,5676,5556802,864,537780,19527,618962,276,19987,19803,638949,41387,34319.86,12943369,12304420,0
2021-11-09,16128,6225941,5385,5562187,660,538440,20530,639492,271,20258,20801,659750,42974,35420.57,12986343,12326593,0
2021-11-10,16906,6242847,5321,5567508,683,539123,22673,662165,290,20548,22963,682713,45873,36903,13032216,12349503,0
2021-11-11,12547,6255394,5181,5572689,759,539882,22107,684272,286,20834,22393,705106,40880,37129.57,13073096,12367990,0
2021-11-12,16864,6272258,5686,5578375,705,540587,23432,707704,357,21191,23789,728895,47044,37716.71,13120140,12391245,0
2021-11-13,9928,6282186,3661,5582036,463,541050,13342,721046,180,21371,13522,742417,27574,37578.71,13147714,12405297,0
2021-11-14,6004,6288190,2289,5584325,324,541374,7942,728988,76,21447,8018,750435,16635,37481,13164349,12413914,0
2021-11-15,13213,6301403,5969,5590294,690,542064,25135,754123,358,21805,25493,775928,45365,38049.29,13209714,12433786,0
2021-11-16,9937,6311340,5780,5596074,654,542718,30694,784817,425,22230,31119,807047,47491,38694.57,13257205,12450158,0
2021-11-17,10266,6321606,6670,5602744,681,543399,31459,816276,412,22642,31871,838918,49488,39211,13306693,12467775,0
2021-11-18,10697,6332303,6534,5609278,856,544255,33048,849324,456,23098,33504,872422,51591,40741.14,13358284,12485862,0
2021-11-19,11976,6344279,6547,5615825,710,544965,36292,885616,453,23551,36745,909167,55978,42017.43,13414262,12505095,0
2021-11-20,9302,6353581,3416,5619241,513,545478,22536,908152,255,23806,22791,931958,36022,43224.29,13450284,12518326,0
2021-11-21,4934,6358515,1887,5621128,288,545766,13213,921365,150,23956,13363,945321,20472,43772.43,13470756,12525435,0
2021-11-22,10394,6368909,5786,5626914,750,546516,35971,957336,434,24390,36405,981726,53336,44911.14,13524092,12542366,0
2021-11-23,9748,6378657,4784,5631698,634,547150,33565,990901,370,24760,33935,1015661,49102,45141.29,13573194,12557533,0
2021-11-24,8670,6387327,4750,5636448,648,547798,25956,1016857,283,25043,26239,1041900,40307,43829.71,13613501,12571601,0
2021-11-25,448,6387775,328,5636776,80,547878,1003,1017860,9,25052,1012,1042912,1868,36726.43,13615369,12572457,0
2021-11-26,8043,6395818,6982,5643758,528,548406,26607,1044467,297,25349,26904,1069816,42457,34794.86,13657826,12588010,0
2021-11-27,6665,6402483,6832,5650590,371,548777,18864,1063331,220,25569,19084,1088900,32953,34356.43,13690779,12601879,0
2021-11-28,4057,6406540,5791,5656381,281,549058,11916,1075247,119,25688,12035,1100935,22164,34598.14,13712943,12612008,0
2021-11-29,9077,6415617,11004,5667385,686,549744,35105,1110352,434,26122,35539,1136474,56306,35022.43,13769249,12632775,0
2021-11-30,10467,6426084,11442,5678827,513,550257,37826,1148178,490,26612,38316,1174790,60738,36684.71,13829987,12655197,0
2021-12-01,11152,6437236,10987,5689814,725,550982,40390,1188568,438,27050,40828,1215618,63693,40025.57,13893680,12678062,0
2021-12-02,11615,6448851,11037,5700851,626,551608,42214,1230782,447,27497,42661,1258279,65939,49178.57,13959619,12701340,0
2021-12-03,13431,6462282,12895,5713746,674,552282,47995,1278777,515,28012,48510,1306789,75510,53900.43,14035129,12728340,0
2021-12-04,9817,6472099,11291,5725037,566,552848,30714,1309491,303,28315,31017,1337806,52691,56720.14,14087820,12750014,0
2021-12-05,5735,6477834,5701,5730738,270,553118,16679,1326170,131,28446,16810,1354616,28516,57627.57,14116336,12761720,0
2021-12-06,12297,6490131,9987,5740725,600,553718,43286,1369456,444,28890,43730,1398346,66614,59100.14,14182950,12784604,0
2021-12-07,12557,6502688,9254,5749979,624,554342,43087,1412543,496,29386,43583,1441929,66018,59854.43,14248968,12807039,0
2021-12-08,13490,6516178,8777,5758756,555,554897,40840,1453383,467,29853,41307,1483236,64129,59916.71,14313097,12829861,0
2021-12-09,13451,6529629,8752,5767508,555,555452,40856,1494239,490,30343,41346,1524582,64104,59654.57,14377201,12852619,0
2021-12-10,13997,6543626,10147,5777655,669,556121,43715,1537954,490,30833,44205,1568787,69018,58727.14,14446219,12877432,0
2021-12-11,10255,6553881,8130,5785785,405,556526,26728,1564682,276,31109,27004,1595791,45795,57742,14492014,12896223,0
2021-12-12,6007,6559888,3855,5789640,287,556813,15178,1579860,135,31244,15313,1611104,25462,57305.71,14517476,12906372,0
2021-12-13,12182,6572070,7431,5797071,657,557470,37925,1617785,393,31637,38318,1649422,58588,56159.14,14576064,12926642,0
2021-12-14,12206,6584276,6956,5804027,730,558200,38194,1655979,428,32065,38622,1688044,58514,55087.14,14634578,12946534,0
2021-12-15,12065,6596341,6246,5810273,755,558955,38177,1694156,484,32549,38661,1726705,57728,54172.71,14692306,12965601,0
2021-12-16,13148,6609489,4268,5814541,741,559696,41155,1735311,450,32999,41605,1768310,59762,53552.43,14752068,12983758,0
2021-12-17,15908,6625397,6938,5821479,619,560315,46837,1782148,474,33473,47311,1815621,70776,53803.57,14822844,13007223,0
2021-12-18,12996,6638393,5719,5827198,432,560747,30646,1812794,269,33742,30915,1846536,50062,54413.14,14872906,13026370,0
2021-12-19,7003,6645396,2992,5830190,326,561073,18027,1830821,172,33914,18199,1864735,28520,54850,14901426,13036691,0
2021-12-20,16823,6662219,5863,5836053,746,561819,47513,1878334,566,34480,48079,1912814,71511,56696.14,14972937,13060123,0
2021-12-21,17943,6680162,6574,5842627,805,562624,48942,1927276,584,35064,49526,1962340,74848,59029.57,15047785,13085445,0
2021-12-22,18519,6698681,6562,5849189,938,563562,49759,1977035,530,35594,50289,2012629,76308,61683.86,15124093,13111464,0
2021-12-23,19010,6717691,6484,5855673,930,564492,45900,2022935,526,36120,46426,2059055,72850,63553.57,15196943,13137888,0
2021-12-24,9223,6726914,2952,5858625,598,565090,20613,2043548,210,36330,20823,2079878,33596,58242.14,15230539,13150661,0
2021-12-25,344,6727258,63,5858688,31,565121,427,2043975,8,36338,435,2080313,873,51215.14,15231412,13151099,0
2021-12-26,7952,6735210,3924,5862612,340,565461,17296,2061271,174,36512,17470,2097783,29686,51381.71,15261098,13163315,0
2021-12-27,21767,6756977,9203,5871815,934,566395,43474,2104745,552,37064,44026,2141809,75930,52013,15337028,13195219,0
2021-12-28,20138,6777115,8332,5880147,702,567097,47605,2152350,607,37671,48212,2190021,77384,52375.29,15414412,13224391,0
2021-12-29,18490,6795605,7671,5887818,607,567704,45610,2197960,482,38153,46092,2236113,72860,51882.71,15487272,13251159,0
2021-12-30,16883,6812488,7424,5895242,588,568292,44883,2242843,581,38734,45464,2281577,70359,51526.86,15557631,13276054,0
2021-12-31,5352,6817840,2808,5898050,193,568485,14775,2257618,181,38915,14956,2296533,23309,50057.29,15580940,13284407,0
2022-01-01,244,6818084,147,5898197,12,568497,501,2258119,22,38937,523,2297056,926,50064.86,15581866,13284810,0
2022-01-02,6424,6824508,5022,5903219,153,568650,10988,2269107,109,39046,11097,2308153,22696,49066.29,15604562,13296409,0
2022-01-03,14121,6838629,8502,5911721,514,569164,26974,2296081,344,39390,27318,2335471,50455,45427,15655017,13319546,0
2022-01-04,12813,6851442,8125,5919846,415,569579,27251,2323332,362,39752,27613,2363084,48966,41367.29,15703983,13340899,0
2022-01-05,11319,6862761,7016,5926862,382,569961,25991,2349323,309,40061,26300,2389384,45017,37389.71,15749000,13359616,0
2022-01-06,11360,6874121,7389,5934251,482,570443,27624,2376947,337,40398,27961,2417345,47192,34080.14,15796192,13378847,0
2022-01-07,10200,6884321,8443,5942694,339,570782,25166,2402113,322,40720,25488,2442833,44471,37103.29,15840663,13397830,0
2022-01-08,7719,6892040,8580,5951274,310,571092,19573,2421686,179,40899,19752,2462585,36362,42165.57,15877025,13414440,0
2022-01-09,4120,6896160,3843,5955117,214,571306,10073,2431759,92,40991,10165,2472750,18342,41543.57,15895367,13422617,0
2022-01-10,10166,6906326,8193,5963310,490,571796,24622,2456381,302,41293,24924,2497674,43773,40589,15939140,13441466,0
2022-01-11,8871,6915197,7988,5971298,521,572317,21042,2477423,286,41579,21328,2519002,38710,39123.86,15977850,13458848,0
2022-01-12,8924,6924121,8328,5979626,427,572744,22359,2499782,287,41866,22646,2541648,40325,38453.57,16018175,13476527,0
2022-01-13,9028,6933149,8867,5988493,452,573196,22905,2522687,318,42184,23223,2564871,41571,37650.57,16059746,13494875,0
2022-01-14,10092,6943241,8120,5996613,476,573672,26456,2549143,328,42512,26784,2591655,45472,37793.57,16105218,13513563,0
2022-01-15,6201,6949442,4308,6000921,178,573850,15145,2564288,180,42692,15325,2606980,26012,36315,16131230,13524250,0
2022-01-16,2912,6952354,3249,6004170,95,573945,7828,2572116,84,42776,7912,2614892,14168,35718.71,16145398,13530506,0
2022-01-17,6059,6958413,6755,6010925,363,574308,14694,2586810,217,42993,14911,2629803,28088,33478,16173486,13543683,0
2022-01-18,8145,6966558,10324,6021249,396,574704,19682,2606492,313,43306,19995,2649798,38860,33499.43,16212346,13562548,0
2022-01-19,7443,6974001,9249,6030498,304,575008,17729,2624221,273,43579,18002,2667800,34999,32738.57,16247345,13579545,0
2022-01-20,6262,6980263,8559,6039057,305,575313,15269,2639490,249,43828,15518,2683318,30644,31177.57,16277989,13594671,0
2022-01-21,7557,6987820,7513,6046570,276,575589,18517,2658007,284,44112,18801,2702119,34147,29559.71,16312136,13610017,0
2022-01-22,5183,6993003,4934,6051504,131,575720,11327,2669334,127,44239,11454,2713573,21702,28944,16333838,13620265,0
2022-01-23,2806,6995809,3329,6054833,97,575817,6233,2675567,76,44315,6309,2719882,12541,28711.57,16346379,13626497,0
2022-01-24,6355,7002164,8204,6063037,262,576079,15083,2690650,240,44555,15323,2735205,30144,29005.29,16376523,13641318,0
2022-01-25,6173,7008337,7937,6070974,231,576310,14699,2705349,262,44817,14961,2750166,29302,27639.86,16405825,13655659,0
2022-01-26,5739,7014076,7179,6078153,289,576599,14024,2719373,211,45028,14235,2764401,27442,26560.29,16433267,13668866,0
2022-01-27,5242,7019318,7091,6085244,321,576920,14099,2733472,231,45259,14330,2778731,26984,26037.43,16460251,13681520,0
2022-01-28,6242,7025560,7879,6093123,203,577123,16136,2749608,237,45496,16373,2795104,30697,25544.57,16490948,13695844,0
2022-01-29,839,7026399,728,6093851,28,577151,2540,2752148,39,45535,2579,2797683,4174,23040.57,16495122,13697439,0
2022-01-30,2088,7028487,3024,6096875,103,577254,4542,2756690,63,45598,4605,2802288,9820,22651.86,16504942,13702654,0
2022-01-31,4996,7033483,6593,6103468,220,577474,11399,2768089,199,45797,11598,2813886,23407,21689.43,16528349,13714463,0
2022-02-01,4821,7038304,6443,6109911,220,577694,10721,2778810,220,46017,10941,2824827,22425,20707,16550774,13725947,0
2022-02-02,4251,7042555,5938,6115849,212,577906,11242,2790052,243,46260,11485,2836312,21886,19913.29,16572660,13736348,0
2022-02-03,4219,7046774,5816,6121665,216,578122,11227,2801279,199,46459,11426,2847738,21677,19155.14,16594337,13746599,0
2022-02-04,4753,7051527,7115,6128780,214,578336,13226,2814505,239,46698,13465,2861203,25547,18419.43,16619884,13758681,0
2022-02-05,3569,7055096,6051,6134831,110,578446,8582,2823087,156,46854,8738,2869941,18468,20461.43,16638352,13768411,0
2022-02-06,2060,7057156,2138,6136969,121,578567,4642,2827729,102,46956,4744,2874685,9064,20353.43,16647416,13772731,0
2022-02-07,4144,7061300,4738,6141707,205,578772,10143,2837872,233,47189,10376,2885061,19463,19790,16666879,13781818,0
2022-02-08,4212,7065512,5609,6147316,214,578986,11331,2849203,305,47494,11636,2896697,21671,19682.29,16688550,13791853,0
2022-02-09,4128,7069640,5405,6152721,223,579209,11665,2860868,255,47749,11920,2908617,21676,19652.29,16710226,13801609,0
2022-02-10,3981,7073621,5124,6157845,245,579454,12209,2873077,285,48034,12494,2921111,21844,19676.14,16732070,13810959,0
2022-02-11,4503,7078124,5809,6163654,195,579649,13741,2886818,323,48357,14064,2935175,24571,19536.71,16756641,13821466,0
2022-02-12,3256,7081380,4343,6167997,97,579746,8810,2895628,213,48570,9023,2944198,16719,19286.86,16773360,13829162,0
2022-02-13,1519,7082899,1543,6169540,41,579787,4881,2900509,111,48681,4992,2949190,8095,19148.43,16781455,13832265,0
2022-02-14,2975,7085874,3627,6173167,167,579954,10576,2911085,325,49006,10901,2960091,17670,18892.29,16799125,13839034,0
2022-02-15,3542,7089416,4078,6177245,175,580129,12791,2923876,282,49288,13073,2973164,20868,18777.57,16819993,13846829,0
2022-02-16,3643,7093059,3908,6181153,200,580329,15735,2939611,294,49582,16029,2989193,23780,19078.14,16843773,13854580,0
2022-02-17,4029,7097088,4079,6185232,162,580491,18329,2957940,360,49942,18689,3007882,26959,19808.86,16870732,13862850,0
2022-02-18,4460,7101548,4784,6190016,189,580680,21541,2979481,458,50400,21999,3029881,31432,20789,16902164,13872283,0
2022-02-19,3248,7104796,2183,6192199,65,580745,11182,2990663,219,50619,11401,3041282,16897,20814.43,16919061,13877779,0
2022-02-20,1848,7106644,1445,6193644,59,580804,6593,2997256,113,50732,6706,3047988,10058,21094.86,16929119,13881131,0
2022-02-21,3082,7109726,2694,6196338,95,580899,8352,3005608,232,50964,8584,3056572,14455,20635.57,16943574,13887002,0
2022-02-22,4375,7114101,4255,6200593,175,581074,10837,3016445,252,51216,11089,3067661,19894,20496.43,16963468,13895807,0
2022-02-23,4256,7118357,3788,6204381,145,581219,10675,3027120,240,51456,10915,3078576,19104,19828.43,16982572,13903996,0
2022-02-24,3788,7122145,3658,6208039,108,581327,10199,3037319,228,51684,10427,3089003,17981,18545.86,17000553,13911550,0
2022-02-25,3608,7125753,3631,6211670,135,581462,9984,3047303,240,51924,10224,3099227,17598,16569.57,17018151,13918924,0
2022-02-26,2827,7128580,2580,6214250,74,581536,9525,3056828,152,52076,9677,3108904,15158,16321.14,17033309,13924405,0
2022-02-27,1767,7130347,1375,6215625,52,581588,6268,3063096,103,52179,6371,3115275,9565,16250.71,17042874,13927599,0
2022-02-28,3789,7134136,3138,6218763,141,581729,13141,3076237,248,52427,13389,3128664,20457,17108.14,17063331,13934667,0
2022-03-01,2125,7136261,2630,6221393,103,581832,5185,3081422,186,52613,5371,3134035,10229,15727.43,17073560,13939525,0
2022-03-02,1836,7138097,2444,6223837,107,581939,4134,3085556,209,52822,4343,3138378,8730,14245.43,17082290,13943912,0
2022-03-03,1933,7140030,2558,6226395,106,582045,3799,3089355,170,52992,3969,3142347,8566,12900.43,17090856,13948509,0
2022-03-04,2122,7142152,2874,6229269,66,582111,4330,3093685,208,53200,4538,3146885,9600,11757.86,17100456,13953571,0
2022-03-05,1612,7143764,2123,6231392,43,582154,3319,3097004,117,53317,3436,3150321,7214,10623,17107670,13957349,0
2022-03-06,798,7144562,879,6232271,30,582184,1624,3098628,55,53372,1679,3152000,3386,9740.29,17111056,13959056,0
2022-03-07,1665,7146227,1787,6234058,86,582270,3500,3102128,161,53533,3661,3155661,7199,7846.29,17118255,13962594,0
2022-03-08,1546,7147773,1895,6235953,79,582349,3126,3105254,152,53685,3278,3158939,6798,7356.14,17125053,13966114,0
2022-03-09,1266,7149039,1679,6237632,80,582429,2589,3107843,129,53814,2718,3161657,5743,6929.43,17130796,13969139,0
2022-03-10,1417,7150456,2101,6239733,85,582514,2962,3110805,163,53977,3125,3164782,6728,6666.86,17137524,13972742,0
2022-03-11,1597,7152053,2275,6242008,81,582595,3212,3114017,189,54166,3401,3168183,7354,6346,17144878,13976695,0
2022-03-12,877,7152930,1415,6243423,42,582637,2009,3116026,75,54241,2084,3170267,4418,5946.57,17149296,13979029,0
2022-03-13,624,7153554,757,6244180,28,582665,1292,3117318,47,54288,1339,3171606,2748,5855.43,17152044,13980438,0
2022-03-14,1369,7154923,1611,6245791,83,582748,2990,3120308,209,54497,3199,3174805,6262,5721.57,17158306,13983501,0
2022-03-15,1357,7156280,1927,6247718,63,582811,3069,3123377,231,54728,3300,3178105,6647,5700,17164953,13986848,0
2022-03-16,1396,7157676,2066,6249784,94,582905,3138,3126515,295,55023,3433,3181538,6989,5878,17171942,13990404,0
2022-03-17,1193,7158869,1807,6251591,70,582975,2764,3129279,267,55290,3031,3184569,6101,5788.43,17178043,13993474,0
2022-03-18,1590,7160459,2218,6253809,79,583054,3774,3133053,417,55707,4191,3188760,8078,5891.86,17186121,13997361,0
2022-03-19,1110,7161569,1733,6255542,54,583108,2604,3135657,227,55934,2831,3191591,5728,6079,17191849,14000258,0
2022-03-20,608,7162177,630,6256172,33,583141,1467,3137124,185,56119,1652,3193243,2923,6104,17194772,14001529,0
2022-03-21,1419,7163596,1554,6257726,72,583213,3060,3140184,358,56477,3418,3196661,6463,6132.71,17201235,14004574,0
2022-03-22,1344,7164940,1554,6259280,101,583314,2906,3143090,345,56822,3251,3199912,6250,6076,17207485,14007573,0
2022-03-23,1260,7166200,1360,6260640,66,583380,2921,3146011,373,57195,3294,3203206,5980,5931.86,17213465,14010259,0
2022-03-24,1212,7167412,1299,6261939,90,583470,2520,3148531,270,57465,2790,3205996,5391,5830.43,17218856,14012860,0
2022-03-25,1384,7168796,1632,6263571,62,583532,3268,3151799,379,57844,3647,3209643,6725,5637.14,17225581,14015938,0
2022-03-26,926,7169722,1163,6264734,36,583568,2308,3154107,251,58095,2559,3212202,4684,5488,17230265,14018063,0
2022-03-27,573,7170295,528,6265262,29,583597,1315,3155422,202,58297,1517,3213719,2647,5448.57,17232912,14019193,0
2022-03-28,1082,7171377,1166,6266428,69,583666,2440,3157862,364,58661,2804,3216523,5121,5256.86,17238033,14021510,0
2022-03-29,1051,7172428,1103,6267531,85,583751,2511,3160373,882,59543,3393,3219916,5632,5168.57,17243665,14023749,0
2022-03-30,1242,7173670,1140,6268671,99,583850,3064,3163437,3412,62955,6476,3226392,8957,5593.86,17252622,14026230,0
2022-03-31,1282,7174952,1253,6269924,57,583907,3166,3166603,5512,68467,8678,3235070,11271,6433.86,17263893,14028823,0
2022-04-01,1423,7176375,1490,6271414,76,583983,3246,3169849,6916,75383,10162,3245232,13151,7351.86,17277044,14031812,0
2022-04-02,909,7177284,908,6272322,33,584016,2092,3171941,4533,79916,6625,3251857,8475,7893.43,17285519,14033662,0
2022-04-03,554,7177838,495,6272817,28,584044,1221,3173162,3054,82970,4275,3256132,5352,8279.86,17290871,14034739,0
2022-04-04,1353,7179191,1307,6274124,61,584105,2727,3175889,7706,90676,10433,3266565,13154,9427.43,17304025,14037460,0
2022-04-05,1302,7180493,1158,6275282,66,584171,2845,3178734,7488,98164,10333,3276898,12859,10459.86,17316884,14039986,0
2022-04-06,1339,7181832,1175,6276457,61,584232,2625,3181359,6961,105125,9586,3286484,12161,10917.57,17329045,14042561,0
2022-04-07,1206,7183038,1065,6277522,57,584289,2379,3183738,6611,111736,8990,3295474,11318,10924.29,17340363,14044889,0
2022-04-08,1482,7184520,1407,6278929,61,584350,3165,3186903,8789,120525,11954,3307428,14904,11174.71,17355267,14047839,0
2022-04-09,910,7185430,923,6279852,29,584379,2081,3188984,4949,125474,7030,3314458,8892,11234.29,17364159,14049701,0
2022-04-10,579,7186009,461,6280313,25,584404,1167,3190151,2899,128373,4066,3318524,5131,11202.71,17369290,14050766,0
2022-04-11,1309,7187318,1236,6281549,59,584463,2660,3192811,7820,136193,10480,3329004,13084,11192.71,17382374,14053370,0
2022-04-12,1217,7188535,1055,6282604,73,584536,2523,3195334,7432,143625,9955,3338959,12300,11112.86,17394674,14055715,0
2022-04-13,1237,7189772,1079,6283683,59,584595,2517,3197851,7532,151157,10049,3349008,12424,11150.43,17407098,14058090,0
2022-04-14,1270,7191042,1096,6284779,58,584653,2442,3200293,6580,157737,9022,3358030,11446,11168.71,17418544,14060514,0
2022-04-15,1335,7192377,1098,6285877,53,584706,2570,3202863,6620,164357,9190,3367220,11676,10707.57,17430220,14063000,0
2022-04-16,857,7193234,653,6286530,34,584740,1643,3204506,3684,168041,5327,3372547,6871,10418.86,17437091,14064544,0
2022-04-17,345,7193579,201,6286731,27,584767,638,3205144,1158,169199,1796,3374343,2369,10024.29,17439460,14065117,0
2022-04-18,1387,7194966,1117,6287848,82,584849,2587,3207731,6411,175610,8998,3383341,11584,9810,17451044,14067703,0
2022-04-19,1418,7196384,934,6288782,71,584920,2580,3210311,5748,181358,8328,3391669,10751,9588.71,17461795,14070126,0
2022-04-20,1312,7197696,1157,6289939,65,584985,2709,3213020,6637,187995,9346,3401015,11880,9511,17473675,14072660,0
2022-04-21,1222,7198918,1065,6291004,53,585038,2334,3215354,5340,193335,7674,3408689,10014,9306.43,17483689,14075000,0
2022-04-22,1213,7200131,1024,6292028,46,585084,2200,3217554,5648,198983,7848,3416537,10132,9085.86,17493821,14077284,0
2022-04-23,715,7200846,749,6292777,59,585143,1427,3218981,3347,202330,4774,3421311,6297,9003.86,17500118,14078807,0
2022-04-24,442,7201288,336,6293113,27,585170,810,3219791,1817,204147,2627,3423938,3432,9155.71,17503550,14079612,0
2022-04-25,1036,7202324,916,6294029,64,585234,1851,3221642,5090,209237,6941,3430879,8957,8780.43,17512507,14081628,0
2022-04-26,952,7203276,859,6294888,76,585310,1747,3223389,4695,213932,6442,3437321,8329,8434.43,17520836,14083515,0
2022-04-27,1038,7204314,1023,6295911,80,585390,1928,3225317,5211,219143,7139,3444460,9280,8063,17530116,14085656,0
2022-04-28,1090,7205404,986,6296897,50,585440,2001,3227318,4735,223878,6736,3451196,8862,7898.43,17538978,14087782,0
2022-04-29,1183,7206587,1103,6298000,60,585500,2165,3229483,5400,229278,7565,3458761,9911,7866.86,17548889,14090128,0
2022-04-30,726,7207313,743,6298743,50,585550,1393,3230876,2963,232241,4356,3463117,5875,7806.57,17554764,14091647,0
2022-05-01,445,7207758,366,6299109,20,585570,766,3231642,1656,233897,2422,3465539,3253,7781,17558017,14092478,0
2022-05-02,1051,7208809,791,6299900,52,585622,1677,3233319,3814,237711,5491,3471030,7385,7556.43,17565402,14094372,0
2022-05-03,1121,7209930,864,6300764,61,585683,1998,3235317,4862,242573,6860,3477890,8906,7638.86,17574308,14096418,0
2022-05-04,1018,7210948,881,6301645,48,585731,1929,3237246,4663,247236,6592,3484482,8539,7533,17582847,14098365,0
2022-05-05,1075,7212023,956,6302601,87,585818,1927,3239173,4875,252111,6802,3491284,8920,7541.29,17591767,14100483,0
2022-05-06,1094,7213117,961,6303562,51,585869,1863,3241036,4387,256498,6250,3497534,8356,7319.14,17600123,14102589,0
2022-05-07,660,7213777,591,6304153,32,585901,1203,3242239,2428,258926,3631,3501165,4914,7181.86,17605037,14103872,0
2022-05-08,414,7214191,244,6304397,17,585918,667,3242906,1384,260310,2051,3503216,2726,7106.57,17607763,14104547,0
2022-05-09,1083,7215274,945,6305342,60,585978,1890,3244796,4427,264737,6317,3509533,8405,7252.29,17616168,14106635,0
2022-05-10,1098,7216372,931,6306273,54,586032,1984,3246780,4715,269452,6699,3516232,8782,7234.57,17624950,14108718,0
2022-05-11,1091,7217463,978,6307251,44,586076,1943,3248723,4832,274284,6775,3523007,8888,7284.43,17633838,14110831,0
2022-05-12,1108,7218571,950,6308201,60,586136,1997,3250720,4663,278947,6660,3529667,8778,7264.14,17642616,14112949,0
2022-05-13,1161,7219732,1041,6309242,44,586180,2060,3252780,4793,283740,6853,3536520,9099,7370.29,17651715,14115195,0
2022-05-14,831,7220563,670,6309912,31,586211,1468,3254248,2949,286689,4417,3540937,5949,7518.14,17657664,14116727,0
2022-05-15,513,7221076,357,6310269,22,586233,923,3255171,1646,288335,2569,3543506,3461,7623.14,17661125,14117619,0
2022-05-16,1231,7222307,858,6311127,62,586295,1830,3257001,3853,292188,5683,3549189,7834,7541.57,17668959,14119770,0
2022-05-17,1294,7223601,934,6312061,79,586374,2044,3259045,4884,297072,6928,3556117,9235,7606.29,17678194,14122077,0
2022-05-18,1244,7224845,902,6312963,82,586456,2062,3261107,4935,302007,6997,3563114,9225,7654.43,17687419,14124305,0
2022-05-19,1166,7226011,882,6313845,36,586492,2120,3263227,4720,306727,6840,3569954,8924,7675.29,17696343,14126389,0
2022-05-20,1202,7227213,965,6314810,74,586566,2367,3265594,5198,311925,7565,3577519,9808,7776.57,17706151,14128632,0
2022-05-21,837,7228050,650,6315460,23,586589,1722,3267316,3292,315217,5014,3582533,6525,7858.86,17712676,14130143,0
2022-05-22,509,7228559,292,6315752,22,586611,1135,3268451,1838,317055,2973,3585506,3796,7906.71,17716472,14130966,0
2022-05-23,1223,7229782,889,6316641,52,586663,2188,3270639,4698,321753,6886,3592392,9050,8080.43,17725522,14133130,0
2022-05-24,1423,7231205,943,6317584,66,586729,2295,3272934,4477,326230,6772,3599164,9205,8076.14,17734727,14135563,0
2022-05-25,1432,7232637,958,6318542,56,586785,2260,3275194,4251,330481,6511,3605675,8958,8038,17743685,14138010,0
2022-05-26,1182,7233819,889,6319431,60,586845,2260,3277454,4137,334618,6397,3612072,8529,7981.57,17752214,14140142,0
2022-05-27,1253,7235072,959,6320390,38,586883,2498,3279952,3910,338528,6408,3618480,8659,7817.43,17760873,14142393,0
2022-05-28,717,7235789,518,6320908,19,586902,1783,3281735,2063,340591,3846,3622326,5100,7613.86,17765973,14143647,0
2022-05-29,476,7236265,216,6321124,11,586913,760,3282495,1121,341712,1881,3624207,2584,7440.71,17768557,14144350,0
2022-05-30,91,7236356,58,6321182,6,586919,138,3282633,145,341857,283,3624490,438,6210.43,17768995,14144505,0
2022-05-31,1143,7237499,919,6322101,51,586970,1890,3284523,3056,344913,4946,3629436,7059,5903.86,17776054,14146618,0
2022-06-01,1163,7238662,850,6322951,63,587033,1969,3286492,3415,348328,5384,3634820,7460,5689.86,17783514,14148694,0
2022-06-02,1036,7239698,803,6323754,72,587105,1823,3288315,3164,351492,4987,3639807,6898,5456.86,17790412,14150605,0
2022-06-03,1172,7240870,894,6324648,47,587152,2064,3290379,3485,354977,5549,3645356,7662,5314.43,17798074,14152718,0
2022-06-04,728,7241598,582,6325230,26,587178,1554,3291933,1903,356880,3457,3648813,4795,5270.86,17802869,14154056,0
2022-06-05,450,7242048,297,6325527,1,587179,880,3292813,978,357858,1858,3650671,2606,5274,17805475,14154804,0
2022-06-06,1128,7243176,827,6326354,64,587243,1752,3294565,2733,360591,4485,3655156,6504,6140.57,17811979,14156823,0
2022-06-07,1028,7244204,769,6327123,70,587313,1784,3296349,2561,363152,4345,3659501,6212,6019.57,17818191,14158690,0
2022-06-08,1099,7245303,837,6327960,75,587388,1873,3298222,2738,365890,4611,3664112,6623,5900,17824814,14160702,0
2022-06-09,1146,7246449,839,6328799,61,587449,2221,3300443,2681,368571,4902,3669014,6948,5907.14,17831762,14162748,0
2022-06-10,1050,7247499,821,6329620,75,587524,1881,3302324,2818,371389,4699,3673713,6645,5761.86,17838407,14164694,0
2022-06-11,680,7248179,508,6330128,25,587549,1325,3303649,1503,372892,2828,3676541,4041,5654.14,17842448,14165907,0
2022-06-12,352,7248531,288,6330416,21,587570,878,3304527,771,373663,1649,3678190,2310,5611.86,17844758,14166568,0
2022-06-13,1031,7249562,770,6331186,63,587633,1573,3306100,2182,375845,3755,3681945,5620,5485.57,17850378,14168433,0
2022-06-14,970,7250532,833,6332019,64,587697,1680,3307780,2497,378342,4177,3686122,6044,5461.57,17856422,14170300,0
2022-06-15,978,7251510,866,6332885,39,587736,1659,3309439,2410,380752,4069,3690191,5952,5365.71,17862374,14172183,0
2022-06-16,961,7252471,777,6333662,59,587795,1830,3311269,2364,383116,4194,3694385,5991,5229,17868365,14173980,0
2022-06-17,906,7253377,795,6334457,48,587843,1762,3313031,2396,385512,4158,3698543,5908,5123.71,17874273,14175730,0
2022-06-18,663,7254040,523,6334980,26,587869,1277,3314308,1292,386804,2569,3701112,3781,5086.57,17878054,14176942,0
2022-06-19,351,7254391,236,6335216,16,587885,726,3315034,604,387408,1330,3702442,1933,5032.71,17879987,14177545,0
2022-06-20,836,7255227,488,6335704,41,587926,1572,3316606,1612,389020,3184,3705626,4549,4879.71,17884536,14178910,0
2022-06-21,1140,7256367,741,6336445,50,587976,1696,3318302,2141,391161,3837,3709463,5769,4840.43,17890305,14180842,0
2022-06-22,1968,7258335,831,6337276,46,588022,1700,3320002,1990,393151,3690,3713153,6535,4923.71,17896840,14183687,0
2022-06-23,2122,7260457,762,6338038,65,588087,1698,3321700,2153,395304,3851,3717004,6801,5039.43,17903641,14186637,0
2022-06-24,2185,7262642,756,6338794,48,588135,1625,3323325,2147,397451,3772,3720776,6761,5161.29,17910402,14189626,0
2022-06-25,2139,7264781,496,6339290,15,588150,1235,3324560,1142,398593,2377,3723153,5031,5339.86,17915433,14192280,0
2022-06-26,1213,7265994,249,6339539,14,588164,683,3325243,529,399122,1212,3724365,2688,5447.71,17918121,14193756,0
2022-06-27,1539,7267533,653,6340192,60,588224,1462,3326705,1647,400769,3109,3727474,5361,5563.71,17923482,14196008,0
2022-06-28,1692,7269225,830,6341022,54,588278,1854,3328559,2145,402914,3999,3731473,6575,5678.86,17930057,14198584,0
2022-06-29,1860,7271085,774,6341796,48,588326,1716,3330275,1919,404833,3635,3735108,6317,5647.71,17936374,14201266,0
2022-06-30,1867,7272952,807,6342603,46,588372,1729,3332004,2127,406960,3856,3738964,6576,5615.57,17942950,14203986,0
2022-07-01,1601,7274553,598,6343201,26,588398,1389,3333393,1721,408681,3110,3742074,5335,5411.86,17948285,14206211,0
2022-07-02,979,7275532,388,6343589,18,588416,836,3334229,939,409620,1775,3743849,3160,5144.57,17951445,14207596,0
2022-07-03,530,7276062,205,6343794,7,588423,458,3334687,487,410107,945,3744794,1687,5001.57,17953132,14208338,0
2022-07-04,36,7276098,25,6343819,1,588424,31,3334718,38,410145,69,3744863,131,4254.43,17953263,14208400,0
2022-07-05,1291,7277389,756,6344575,35,588459,1404,3336122,1739,411884,3143,3748006,5225,4061.57,17958488,14210482,0
2022-07-06,1614,7279003,679,6345254,44,588503,1442,3337564,1835,413719,3277,3751283,5614,3961.14,17964102,14212819,0
2022-07-07,1592,7280595,714,6345968,48,588551,1527,3339091,1998,415717,3525,3754808,5879,3861.57,17969981,14215173,0
2022-07-08,1632,7282227,652,6346620,37,588588,1470,3340561,1972,417689,3442,3758250,5765,3923,17975746,14217496,0
2022-07-09,982,7283209,423,6347043,26,588614,877,3341438,1342,419031,2219,3760469,3650,3993,17979396,14218927,0
2022-07-10,638,7283847,187,6347230,17,588631,429,3341867,659,419690,1088,3761557,1930,4027.71,17981326,14219769,0
2022-07-11,1394,7285241,635,6347865,49,588680,1435,3343302,2209,421899,3644,3765201,5722,4826.43,17987048,14221847,0
2022-07-12,1402,7286643,686,6348551,45,588725,1396,3344698,2512,424411,3908,3769109,6041,4943,17993089,14223980,0
2022-07-13,1623,7288266,729,6349280,36,588761,1514,3346212,2813,427224,4327,3773436,6715,5100.29,17999804,14226368,0
2022-07-14,1597,7289863,841,6350121,47,588808,1598,3347810,3053,430277,4651,3778087,7137,5280,18006941,14228854,0
2022-07-15,1616,7291479,941,6351062,47,588855,1564,3349374,3045,433322,4609,3782696,7213,5486.86,18014154,14231458,0
2022-07-16,881,7292360,584,6351646,9,588864,978,3350352,1692,435014,2670,3785366,4144,5557.43,18018298,14232932,0
2022-07-17,550,7292910,292,6351938,16,588880,529,3350881,1165,436179,1694,3787060,2552,5646.29,18020850,14233790,0
2022-07-18,1398,7294308,841,6352779,45,588925,1431,3352312,2448,438627,3879,3790939,6163,5709.29,18027013,14236074,0
2022-07-19,1441,7295749,976,6353755,51,588976,1537,3353849,2797,441424,4334,3795273,6802,5818,18033815,14238542,0
2022-07-20,1384,7297133,1481,6355236,50,589026,1345,3355194,2388,443812,3733,3799006,6649,5808.57,18040464,14241458,0
2022-07-21,1335,7298468,1430,6356666,50,589076,1392,3356586,2363,446175,3755,3802761,6570,5727.57,18047034,14244273,0
2022-07-22,1432,7299900,1569,6358235,41,589117,1556,3358142,2847,449022,4403,3807164,7445,5760.71,18054479,14247315,0
2022-07-23,905,7300805,1098,6359333,17,589134,994,3359136,1551,450573,2545,3809709,4565,5820.86,18059044,14249335,0
2022-07-24,488,7301293,642,6359975,14,589148,502,3359638,803,451376,1305,3811014,2450,5806.29,18061494,14250480,0
2022-07-25,1218,7302511,766,6360741,59,589207,1262,3360900,2052,453428,3314,3814328,5357,5691.14,18066851,14252523,0
2022-07-26,1232,7303743,1021,6361762,41,589248,1466,3362366,2436,455864,3902,3818230,6196,5604.57,18073047,14254817,0
2022-07-27,1319,7305062,1276,6363038,41,589289,1384,3363750,2187,458051,3571,3821801,6209,5541.71,18079256,14257455,0
2022-07-28,1311,7306373,1418,6364456,71,589360,1424,3365174,2214,460265,3638,3825439,6438,5522.86,18085694,14260255,0
2022-07-29,1317,7307690,1429,6365885,64,589424,1355,3366529,2148,462413,3503,3828942,6314,5361.29,18092008,14263066,0
2022-07-30,725,7308415,715,6366600,25,589449,787,3367316,950,463363,1737,3830679,3205,5167,18095213,14264534,0
2022-07-31,423,7308838,590,6367190,14,589463,488,3367804,570,463933,1058,3831737,2085,5114.86,18097298,14265561,0
2022-08-01,1224,7310062,911,6368101,55,589518,1325,3369129,1504,465437,2829,3834566,5019,5066.57,18102317,14267751,0
2022-08-02,1224,7311286,1014,6369115,73,589591,1340,3370469,1595,467032,2935,3837501,5246,4930.86,18107563,14270062,0
2022-08-03,1267,7312553,1185,6370300,41,589632,1338,3371807,1521,468553,2859,3840360,5352,4808.43,18112915,14272555,0
2022-08-04,1184,7313737,1181,6371481,57,589689,1283,3373090,1448,470001,2731,3843091,5153,4624.86,18118068,14274977,0
2022-08-05,1305,7315042,1444,6372925,49,589738,1310,3374400,1436,471437,2746,3845837,5544,4514.86,18123612,14277775,0
2022-08-06,688,7315730,840,6373765,14,589752,759,3375159,769,472206,1528,3847365,3071,4495.71,18126683,14279318,0
2022-08-07,391,7316121,456,6374221,14,589766,422,3375581,352,472558,774,3848139,1635,4431.43,18128318,14280179,0
2022-08-08,1179,7317300,931,6375152,70,589836,1268,3376849,1170,473728,2438,3850577,4618,4374.14,18132936,14282359,0
2022-08-09,1126,7318426,895,6376047,38,589874,1223,3378072,1158,474886,2381,3852958,4440,4259,18137376,14284418,0
2022-08-10,1211,7319637,1110,6377157,58,589932,1250,3379322,1245,476131,2495,3855453,4874,4190.71,18142250,14286797,0
2022-08-11,1295,7320932,1063,6378220,84,590016,1209,3380531,1281,477412,2490,3857943,4932,4159.14,18147182,14289239,0
2022-08-12,1314,7322246,1408,6379628,54,590070,1263,3381794,1246,478658,2509,3860452,5285,4122.14,18152467,14292015,0
2022-08-13,746,7322992,780,6380408,15,590085,760,3382554,628,479286,1388,3861840,2929,4101.86,18155396,14293556,0
2022-08-14,482,7323474,484,6380892,19,590104,404,3382958,279,479565,683,3862523,1668,4106.57,18157064,14294541,0
2022-08-15,1262,7324736,1050,6381942,60,590164,1308,3384266,987,480552,2295,3864818,4667,4113.57,18161731,14296913,0
2022-08-16,1303,7326039,864,6382806,50,590214,1359,3385625,1070,481622,2429,3867247,4646,4143,18166377,14299130,0
2022-08-17,1208,7327247,954,6383760,39,590253,1226,3386851,993,482615,2219,3869466,4420,4078.14,18170797,14301331,0
2022-08-18,1155,7328402,942,6384702,45,590298,1263,3388114,943,483558,2206,3871672,4348,3994.71,18175145,14303473,0
2022-08-19,1249,7329651,1131,6385833,34,590332,1117,3389231,971,484529,2088,3873760,4502,3882.86,18179647,14305887,0
2022-08-20,581,7330232,486,6386319,16,590348,629,3389860,498,485027,1127,3874887,2210,3780.14,18181857,14306970,0
2022-08-21,354,7330586,245,6386564,9,590357,378,3390238,265,485292,643,3875530,1251,3720.57,18183108,14307578,0
2022-08-22,1201,7331787,915,6387479,37,590394,1227,3391465,882,486174,2109,3877639,4262,3662.71,18187370,14309731,0
2022-08-23,1225,7333012,1045,6388524,47,590441,1373,3392838,958,487132,2331,3879970,4649,3663.14,18192019,14312049,0
2022-08-24,1263,7334275,1007,6389531,29,590470,1284,3394122,817,487949,2101,3882071,4401,3660.43,18196420,14314349,0
2022-08-25,1213,7335488,973,6390504,65,590535,1184,3395306,811,488760,1995,3884066,4246,3645.86,18200666,14316600,0
2022-08-26,1177,7336665,1165,6391669,53,590588,1185,3396491,778,489538,1963,3886029,4358,3625.29,18205024,14318995,0
2022-08-27,691,7337356,536,6392205,13,590601,670,3397161,403,489941,1073,3887102,2313,3640,18207337,14320235,0
2022-08-28,373,7337729,232,6392437,10,590611,442,3397603,226,490167,668,3887770,1283,3644.57,18208620,14320850,0
2022-08-29,1246,7338975,961,6393398,40,590651,1207,3398810,675,490842,1882,3889652,4130,3625.71,18212750,14323098,0
2022-08-30,1256,7340231,936,6394334,36,590687,1255,3400065,764,491606,2019,3891671,4247,3568.29,18216997,14325326,0
2022-08-31,1139,7341370,997,6395331,43,590730,1099,3401164,565,492171,1664,3893335,3844,3488.71,18220841,14327506,0
2022-09-01,1016,7342386,948,6396279,51,590781,803,3401967,450,492621,1253,3894588,3268,3349,18224109,14329521,0
2022-09-02,955,7343341,1002,6397281,28,590809,584,3402551,171,492792,755,3895343,2740,3117.86,18226849,14331506,0
2022-09-03,491,7343832,425,6397706,12,590821,359,3402910,49,492841,408,3895751,1336,2978.29,18228185,14332434,0
2022-09-04,225,7344057,195,6397901,10,590831,189,3403099,27,492868,216,3895967,646,2887.29,18228831,14332864,0
2022-09-05,73,7344130,69,6397970,7,590838,45,3403144,16,492884,61,3896028,210,2327.29,18229041,14333013,0
2022-09-06,966,7345096,1140,6399110,49,590887,627,3403771,130,493014,757,3896785,2917,2137.29,18231958,14335173,0
2022-09-07,899,7345995,1006,6400116,38,590925,473,3404244,148,493162,621,3897406,2581,1956.86,18234539,14337133,0
2022-09-08,778,7346773,746,6400862,36,590961,247,3404491,111,493273,358,3897764,1956,1769.43,18236495,14338731,0
2022-09-09,773,7347546,1051,6401913,48,591009,270,3404761,119,493392,389,3898153,2375,1717.29,18238870,14340717,0
2022-09-10,431,7347977,589,6402502,12,591021,257,3405018,45,493437,302,3898455,1389,1724.86,18240259,14341804,0
2022-09-11,193,7348170,213,6402715,11,591032,84,3405102,30,493467,114,3898569,563,1713,18240822,14342253,0
2022-09-12,683,7348853,740,6403455,37,591069,201,3405303,92,493559,293,3898862,1821,1943.14,18242643,14343781,0
2022-09-13,669,7349522,745,6404200,31,591100,219,3405522,110,493669,329,3899191,1882,1795.29,18244525,14345334,0
2022-09-14,644,7350166,786,6404986,30,591130,218,3405740,120,493789,338,3899529,1928,1702,18246453,14346924,0
2022-09-15,721,7350887,708,6405694,21,591151,218,3405958,108,493897,326,3899855,1929,1698.14,18248382,14348527,0
2022-09-16,706,7351593,960,6406654,24,591175,270,3406228,164,494061,434,3900289,2367,1697,18250749,14350460,0
2022-09-17,332,7351925,548,6407202,11,591186,267,3406495,79,494140,346,3900635,1343,1690.43,18252092,14351457,0
2022-09-18,160,7352085,177,6407379,7,591193,72,3406567,27,494167,99,3900734,468,1676.86,18252560,14351826,0
2022-09-19,626,7352711,612,6407991,28,591221,220,3406787,94,494261,314,3901048,1648,1652.14,18254208,14353160,0
2022-09-20,602,7353313,670,6408661,26,591247,210,3406997,90,494351,300,3901348,1720,1629,18255928,14354580,0
2022-09-21,617,7353930,645,6409306,31,591278,256,3407253,133,494484,389,3901737,1834,1615.57,18257762,14356025,0
2022-09-22,580,7354510,638,6409944,24,591302,167,3407420,136,494620,303,3902040,1743,1589,18259505,14357465,0
2022-09-23,644,7355154,907,6410851,24,591326,250,3407670,148,494768,398,3902438,2221,1568.14,18261726,14359288,0
2022-09-24,317,7355471,545,6411396,7,591333,260,3407930,68,494836,328,3902766,1297,1561.57,18263023,14360257,0
2022-09-25,138,7355609,165,6411561,1,591334,72,3408002,48,494884,120,3902886,470,1561.86,18263493,14360607,0
2022-09-26,525,7356134,518,6412079,16,591350,280,3408282,148,495032,428,3903314,1612,1556.71,18265105,14361791,0
2022-09-27,604,7356738,646,6412725,25,591375,276,3408558,168,495200,444,3903758,1907,1583.43,18267012,14363254,0
2022-09-28,513,7357251,588,6413313,16,591391,186,3408744,184,495384,370,3904128,1688,1562.57,18268700,14364572,0
2022-09-29,641,7357892,638,6413951,18,591409,172,3408916,107,495491,279,3904407,1786,1568.71,18270486,14366079,0
2022-09-30,581,7358473,819,6414770,13,591422,182,3409098,183,495674,365,3904772,2098,1551.14,18272584,14367812,0
2022-10-01,238,7358711,340,6415110,5,591427,130,3409228,35,495709,165,3904937,850,1487.29,18273434,14368497,0
2022-10-02,121,7358832,148,6415258,5,591432,46,3409274,46,495755,92,3905029,387,1475.43,18273821,14368792,0
2022-10-03,499,7359331,431,6415689,22,591454,155,3409429,118,495873,273,3905302,1329,1435,18275150,14369848,0
2022-10-04,472,7359803,493,6416182,13,591467,147,3409576,125,495998,272,3905574,1338,1353.71,18276488,14370914,0
2022-10-05,523,7360326,595,6416777,15,591482,275,3409851,167,496165,442,3906016,1736,1360.57,18278224,14372208,0
2022-10-06,523,7360849,592,6417369,17,591499,165,3410016,161,496326,326,3906342,1579,1331,18279803,14373461,0
2022-10-07,548,7361397,648,6418017,15,591514,165,3410181,144,496470,309,3906651,1872,1298.71,18281675,14375024,120000
2022-10-08,243,7361640,355,6418372,3,591517,140,3410321,66,496536,206,3906857,878,1302.71,18282553,14375696,120000
2022-10-09,105,7361745,155,6418527,4,591521,45,3410366,60,496596,105,3906962,403,1305,18282956,14375994,120000
2022-10-10,357,7362102,427,6418954,13,591534,166,3410532,120,496716,286,3907248,1210,1288,18284166,14376918,120000
2022-10-11,479,7362581,465,6419419,16,591550,172,3410704,125,496841,297,3907545,1364,1291.71,18285530,14377985,120000
2022-10-12,413,7362994,487,6419906,8,591558,111,3410815,141,496982,252,3907797,1297,1229,18286827,14379030,120000
2022-10-13,205,7363199,188,6420094,6,591564,55,3410870,111,497093,166,3907963,618,1091.71,18287445,14379482,120000
