"DATE","ADMIN_DOSE1_DAILY","ADMIN_DOSE1_CUMULATIVE","ADMIN_DOSE2_DAILY","ADMIN_DOSE2_CUMULATIVE","ADMIN_SINGLE_DAILY","ADMIN_SINGLE_CUMULATIVE","ADMIN_ADDITIONAL_DAILY","ADMIN_ADDITIONAL_CUMULATIVE","ADMIN_ALLDOSES_DAILY","ADMIN_ALLDOSES_7DAYAVG","ADMIN_ALLDOSES_CUMULATIVE","INCOMPLETE"
"2020-12-14",79,79,0,0,0,0,0,0,79,,79,0
"2020-12-15",2052,2131,6,6,4,4,0,0,2062,,2141,0
"2020-12-16",4603,6734,13,19,1,5,1,1,4618,,6759,0
"2020-12-17",4655,11389,17,36,0,5,1,2,4673,,11432,0
"2020-12-18",5834,17223,19,55,2,7,2,4,5857,,17289,0
"2020-12-19",1689,18912,7,62,3,10,0,4,1699,,18988,0
"2020-12-20",1116,20028,2,64,1,11,0,4,1119,2872.43,20107,0
"2020-12-21",6340,26368,18,82,0,11,5,9,6363,3770.14,26470,0
"2020-12-22",9795,36163,27,109,2,13,1,10,9825,4879.14,36295,0
"2020-12-23",14276,50439,34,143,3,16,1,11,14314,6264.29,50609,0
"2020-12-24",7201,57640,24,167,1,17,0,11,7226,6629,57835,0
"2020-12-25",180,57820,0,167,0,17,1,12,181,5818.14,58016,0
"2020-12-26",4389,62209,42,209,0,17,1,13,4432,6208.57,62448,0
"2020-12-27",3869,66078,14,223,0,17,1,14,3884,6603.57,66332,0
"2020-12-28",10995,77073,49,272,1,18,2,16,11047,7272.71,77379,0
"2020-12-29",10720,87793,34,306,2,20,2,18,10758,7406,88137,0
"2020-12-30",12824,100617,45,351,0,20,0,18,12869,7199.57,101006,0
"2020-12-31",7262,107879,31,382,1,21,0,18,7294,7209.29,108300,0
"2021-01-01",181,108060,2,384,1,22,3,21,187,7210.14,108487,0
"2021-01-02",3809,111869,10,394,2,24,2,23,3823,7123.14,112310,0
"2021-01-03",3540,115409,24,418,2,26,1,24,3567,7077.86,115877,0
"2021-01-04",12256,127665,807,1225,2,28,6,30,13071,7367,128948,0
"2021-01-05",14085,141750,2191,3416,2,30,11,41,16289,8157.14,145237,0
"2021-01-06",17803,159553,3926,7342,1,31,30,71,21760,9427.29,166997,0
"2021-01-07",16552,176105,5169,12511,4,35,45,116,21770,11495.29,188767,0
"2021-01-08",16619,192724,5455,17966,0,35,33,149,22107,14626.71,210874,0
"2021-01-09",7652,200376,1462,19428,1,36,7,156,9122,15383.71,219996,0
"2021-01-10",7881,208257,983,20411,0,36,10,166,8874,16141.86,228870,0
"2021-01-11",25827,234084,7454,27865,2,38,48,214,33331,19036.14,262201,0
"2021-01-12",28263,262347,7857,35722,1,39,44,258,36165,21875.57,298366,0
"2021-01-13",31728,294075,9385,45107,1,40,52,310,41166,24647.86,339532,0
"2021-01-14",35811,329886,5324,50431,1,41,28,338,41164,27418.43,380696,0
"2021-01-15",29269,359155,3704,54135,2,43,32,370,33007,28975.57,413703,0
"2021-01-16",30288,389443,2383,56518,0,43,24,394,32695,32343.14,446398,0
"2021-01-17",23754,413197,1622,58140,0,43,18,412,25394,34703.14,471792,0
"2021-01-18",27109,440306,2412,60552,1,44,34,446,29556,34163.86,501348,0
"2021-01-19",34296,474602,9625,70177,1,45,71,517,43993,35282.14,545341,0
"2021-01-20",34869,509471,9494,79671,1,46,59,576,44423,35747.43,589764,0
"2021-01-21",25593,535064,8092,87763,2,48,48,624,33735,34686.14,623499,0
"2021-01-22",24756,559820,4381,92144,1,49,31,655,29169,34137.86,652668,0
"2021-01-23",15745,575565,3222,95366,0,49,9,664,18976,32178,671644,0
"2021-01-24",7176,582741,3451,98817,0,49,19,683,10646,30071.14,682290,0
"2021-01-25",13413,596154,11819,110636,0,49,65,748,25297,29462.71,707587,0
"2021-01-26",16766,612920,10752,121388,0,49,67,815,27585,27118.71,735172,0
"2021-01-27",20835,633755,12359,133747,0,49,50,865,33244,25521.71,768416,0
"2021-01-28",30763,664518,12848,146595,0,49,80,945,43691,26944,812107,0
"2021-01-29",31696,696214,11500,158095,0,49,78,1023,43274,28959,855381,0
"2021-01-30",18710,714924,3741,161836,0,49,20,1043,22471,29458.29,877852,0
"2021-01-31",13023,727947,2918,164754,1,50,28,1071,15970,30218.86,893822,0
"2021-02-01",1180,729127,5369,170123,4,54,35,1106,6588,27546.14,900410,0
"2021-02-02",2827,731954,9472,179595,2,56,49,1155,12350,25369.71,912760,0
"2021-02-03",16350,748304,21242,200837,4,60,202,1357,37798,26020.29,950558,0
"2021-02-04",27048,775352,19651,220488,3,63,198,1555,46900,26478.71,997458,0
"2021-02-05",27601,802953,20031,240519,0,63,183,1738,47815,27127.43,1045273,0
"2021-02-06",22994,825947,11245,251764,0,63,110,1848,34349,28824.29,1079622,0
"2021-02-07",12043,837990,8282,260046,1,64,91,1939,20417,29459.57,1100039,0
"2021-02-08",16969,854959,23511,283557,2,66,233,2172,40715,34334.86,1140754,0
"2021-02-09",17195,872154,28112,311669,2,68,329,2501,45638,39090.29,1186392,0
"2021-02-10",19592,891746,29314,340983,2,70,255,2756,49163,40713.86,1235555,0
"2021-02-11",27850,919596,33469,374452,2,72,342,3098,61663,42822.86,1297218,0
"2021-02-12",38398,957994,30797,405249,3,75,352,3450,69550,45927.86,1366768,0
"2021-02-13",28006,986000,25312,430561,2,77,310,3760,53630,48682.29,1420398,0
"2021-02-14",16282,1002282,23733,454294,0,77,257,4017,40272,51518.71,1460670,0
"2021-02-15",12797,1015079,10529,464823,2,79,164,4181,23492,49058.29,1484162,0
"2021-02-16",14239,1029318,26732,491555,0,79,320,4501,41291,48437.29,1525453,0
"2021-02-17",16396,1045714,22190,513745,1,80,284,4785,38871,46967,1564324,0
"2021-02-18",12153,1057867,24994,538739,21,101,285,5070,37453,43508.43,1601777,0
"2021-02-19",13265,1071132,23932,562671,39,140,303,5373,37539,38935.43,1639316,0
"2021-02-20",11352,1082484,26073,588744,6,146,326,5699,37757,36667.86,1677073,0
"2021-02-21",6363,1088847,17421,606165,15,161,283,5982,24082,34355,1701155,0
"2021-02-22",13041,1101888,11848,618013,2,163,125,6107,25016,34572.71,1726171,0
"2021-02-23",25245,1127133,14149,632162,1,164,158,6265,39553,34324.43,1765724,0
"2021-02-24",36364,1163497,20388,652550,0,164,222,6487,56974,36910.57,1822698,0
"2021-02-25",54617,1218114,30390,682940,6,170,392,6879,85405,43760.86,1908103,0
"2021-02-26",62873,1280987,31872,714812,4,174,408,7287,95157,51992,2003260,0
"2021-02-27",51296,1332283,22751,737563,47,221,332,7619,74426,57230.43,2077686,0
"2021-02-28",44595,1376878,13820,751383,7,228,203,7822,58625,62165.14,2136311,0
"2021-03-01",39318,1416196,12778,764161,10,238,166,7988,52272,66058.86,2188583,0
"2021-03-02",47084,1463280,12573,776734,7,245,160,8148,59824,68954.71,2248407,0
"2021-03-03",48608,1511888,16157,792891,17,262,146,8294,64928,70091,2313335,0
"2021-03-04",59818,1571706,22822,815713,1092,1354,270,8564,84002,69890.57,2397337,0
"2021-03-05",60989,1632695,24282,839995,3109,4463,327,8891,88707,68969.14,2486044,0
"2021-03-06",47182,1679877,18882,858877,5451,9914,236,9127,71751,68587,2557795,0
"2021-03-07",36047,1715924,14876,873753,6245,16159,228,9355,57396,68411.43,2615191,0
"2021-03-08",39630,1755554,14672,888425,8564,24723,313,9668,63179,69969.57,2678370,0
"2021-03-09",39108,1794662,12847,901272,7764,32487,177,9845,59896,69979.86,2738266,0
"2021-03-10",51832,1846494,15339,916611,5067,37554,228,10073,72466,71056.71,2810732,0
"2021-03-11",59992,1906486,21806,938417,4618,42172,251,10324,86667,71437.43,2897399,0
"2021-03-12",52207,1958693,30310,968727,4182,46354,371,10695,87070,71203.57,2984469,0
"2021-03-13",40654,1999347,26683,995410,5109,51463,323,11018,72769,71349,3057238,0
"2021-03-14",30717,2030064,15969,1011379,4527,55990,237,11255,51450,70499.57,3108688,0
"2021-03-15",33591,2063655,17252,1028631,4717,60707,232,11487,55792,69444.29,3164480,0
"2021-03-16",38680,2102335,20499,1049130,4925,65632,257,11744,64361,70082.14,3228841,0
"2021-03-17",42619,2144954,24788,1073918,4247,69879,338,12082,71992,70014.43,3300833,0
"2021-03-18",50458,2195412,26797,1100715,5239,75118,363,12445,82857,69470.14,3383690,0
"2021-03-19",47797,2243209,29951,1130666,5624,80742,389,12834,83761,68997.43,3467451,0
"2021-03-20",38714,2281923,25830,1156496,4687,85429,296,13130,69527,68534.29,3536978,0
"2021-03-21",29302,2311225,19355,1175851,770,86199,219,13349,49646,68276.57,3586624,0
"2021-03-22",33872,2345097,26729,1202580,4037,90236,260,13609,64898,69577.43,3651522,0
"2021-03-23",38437,2383534,32841,1235421,4219,94455,290,13899,75787,71209.71,3727309,0
"2021-03-24",41501,2425035,37595,1273016,4850,99305,325,14224,84271,72963.86,3811580,0
"2021-03-25",43420,2468455,50774,1323790,5055,104360,470,14694,99719,75372.71,3911299,0
"2021-03-26",38509,2506964,55501,1379291,4310,108670,523,15217,98843,77527.29,4010142,0
"2021-03-27",35739,2542703,45748,1425039,2939,111609,410,15627,84836,79714.29,4094978,0
"2021-03-28",26393,2569096,34450,1459489,1482,113091,328,15955,62653,81572.43,4157631,0
"2021-03-29",34821,2603917,38862,1498351,3247,116338,341,16296,77271,83340,4234902,0
"2021-03-30",40517,2644434,41915,1540266,3714,120052,332,16628,86478,84867.29,4321380,0
"2021-03-31",49400,2693834,44854,1585120,7442,127494,396,17024,102092,87413.14,4423472,0
"2021-04-01",50788,2744622,53939,1639059,11276,138770,500,17524,116503,89810.86,4539975,0
"2021-04-02",43762,2788384,53885,1692944,11971,150741,543,18067,110161,91427.71,4650136,0
"2021-04-03",39256,2827640,39210,1732154,9860,160601,335,18402,88661,91974.14,4738797,0
"2021-04-04",26562,2854202,24777,1756931,3902,164503,223,18625,55464,90947.14,4794261,0
"2021-04-05",41888,2896090,34486,1791417,11196,175699,368,18993,87938,92471,4882199,0
"2021-04-06",53271,2949361,35616,1827033,13222,188921,425,19418,102534,94764.71,4984733,0
"2021-04-07",55521,3004882,40687,1867720,14389,203310,393,19811,110990,96035.86,5095723,0
"2021-04-08",59272,3064154,46584,1914304,16340,219650,512,20323,122708,96922.29,5218431,0
"2021-04-09",56648,3120802,44959,1959263,17552,237202,512,20835,119671,98280.86,5338102,0
"2021-04-10",49354,3170156,35642,1994905,12728,249930,386,21221,98110,99630.71,5436212,0
"2021-04-11",38187,3208343,28816,2023721,7684,257614,293,21514,74980,102418.71,5511192,0
"2021-04-12",46642,3254985,31850,2055571,13496,271110,462,21976,92450,103063.29,5603642,0
"2021-04-13",52545,3307530,33792,2089363,368,271478,395,22371,87100,100858.43,5690742,0
"2021-04-14",50152,3357682,39960,2129323,20,271498,364,22735,90496,97930.71,5781238,0
"2021-04-15",52128,3409810,43678,2173001,16,271514,452,23187,96274,94154.43,5877512,0
"2021-04-16",51188,3460998,42219,2215220,32,271546,416,23603,93855,90466.43,5971367,0
"2021-04-17",43844,3504842,35690,2250910,3,271549,364,23967,79901,87865.14,6051268,0
"2021-04-18",28610,3533452,29373,2280283,7,271556,249,24216,58239,85473.57,6109507,0
"2021-04-19",37476,3570928,36447,2316730,22,271578,322,24538,74267,82876,6183774,0
"2021-04-20",40812,3611740,39629,2356359,19,271597,312,24850,80772,81972,6264546,0
"2021-04-21",38909,3650649,46009,2402368,16,271613,491,25341,85425,81247.57,6349971,0
"2021-04-22",38500,3689149,48964,2451332,9,271622,334,25675,87807,80038,6437778,0
"2021-04-23",39703,3728852,44383,2495715,4,271626,345,26020,84435,78692.29,6522213,0
"2021-04-24",31953,3760805,41604,2537319,44,271670,274,26294,73875,77831.43,6596088,0
"2021-04-25",18424,3779229,31230,2568549,86,271756,191,26485,49931,76644.57,6646019,0
"2021-04-26",26970,3806199,40738,2609287,1013,272769,281,26766,69002,75892.43,6715021,0
"2021-04-27",28575,3834774,47142,2656429,1697,274466,348,27114,77762,75462.43,6792783,0
"2021-04-28",27048,3861822,56839,2713268,2148,276614,423,27537,86458,75610,6879241,0
"2021-04-29",28613,3890435,57200,2770468,2148,278762,361,27898,88322,75683.57,6967563,0
"2021-04-30",30125,3920560,51989,2822457,2056,280818,279,28177,84449,75685.57,7052012,0
"2021-05-01",22482,3943042,44550,2867007,1177,281995,223,28400,68432,74908,7120444,0
"2021-05-02",11927,3954969,36655,2903662,1080,283075,135,28535,49797,74888.86,7170241,0
"2021-05-03",18034,3973003,53022,2956684,2383,285458,255,28790,73694,75559.14,7243935,0
"2021-05-04",22740,3995743,56648,3013332,2330,287788,263,29053,81981,76161.86,7325916,0
"2021-05-05",21479,4017222,48800,3062132,2313,290101,307,29360,72899,74224.86,7398815,0
"2021-05-06",20684,4037906,50178,3112310,2507,292608,269,29629,73638,72127.14,7472453,0
"2021-05-07",21258,4059164,52097,3164407,2813,295421,306,29935,76474,70987.86,7548927,0
"2021-05-08",16634,4075798,41870,3206277,1835,297256,227,30162,60566,69864.14,7609493,0
"2021-05-09",7977,4083775,29413,3235690,1260,298516,148,30310,38798,68292.86,7648291,0
"2021-05-10",14391,4098166,38539,3274229,2355,300871,230,30540,55515,65695.86,7703806,0
"2021-05-11",19914,4118080,43058,3317287,2514,303385,280,30820,65766,63379.43,7769572,0
"2021-05-12",17813,4135893,40534,3357821,3596,306981,230,31050,62173,61847.14,7831745,0
"2021-05-13",24975,4160868,40434,3398255,3230,310211,259,31309,68898,61170,7900643,0
"2021-05-14",27026,4187894,42914,3441169,3537,313748,282,31591,73759,60782.14,7974402,0
"2021-05-15",23652,4211546,34913,3476082,3366,317114,248,31839,62179,61012.57,8036581,0
"2021-05-16",15530,4227076,19443,3495525,2496,319610,125,31964,37594,60840.57,8074175,0
"2021-05-17",22675,4249751,29138,3524663,3257,322867,176,32140,55246,60802.14,8129421,0
"2021-05-18",24636,4274387,31908,3556571,3404,326271,236,32376,60184,60004.71,8189605,0
"2021-05-19",24195,4298582,29714,3586285,3040,329311,222,32598,57171,59290.14,8246776,0
"2021-05-20",24156,4322738,30086,3616371,3162,332473,271,32869,57675,57686.86,8304451,0
"2021-05-21",24686,4347424,32002,3648373,3060,335533,253,33122,60001,55721.43,8364452,0
"2021-05-22",20025,4367449,24356,3672729,2525,338058,161,33283,47067,53562.57,8411519,0
"2021-05-23",11235,4378684,13731,3686460,1411,339469,93,33376,26470,51973.43,8437989,0
"2021-05-24",18882,4397566,23156,3709616,2757,342226,213,33589,45008,50510.86,8482997,0
"2021-05-25",19433,4416999,23378,3732994,2601,344827,177,33766,45589,48425.86,8528586,0
"2021-05-26",18786,4435785,21087,3754081,2696,347523,199,33965,42768,46368.29,8571354,0
"2021-05-27",18472,4454257,21275,3775356,2529,350052,188,34153,42464,44195.29,8613818,0
"2021-05-28",17864,4472121,22888,3798244,2751,352803,186,34339,43689,41865,8657507,0
"2021-05-29",12711,4484832,17810,3816054,1755,354558,103,34442,32379,39766.71,8689886,0
"2021-05-30",7032,4491864,8949,3825003,1074,355632,47,34489,17102,38428.43,8706988,0
"2021-05-31",4743,4496607,6924,3831927,1012,356644,64,34553,12743,33819.14,8719731,0
"2021-06-01",16045,4512652,25196,3857123,2175,358819,151,34704,43567,33530.29,8763298,0
"2021-06-02",15352,4528004,20390,3877513,2093,360912,137,34841,37972,32845.14,8801270,0
"2021-06-03",15009,4543013,23818,3901331,2280,363192,129,34970,41236,32669.71,8842506,0
"2021-06-04",14732,4557745,25986,3927317,2492,365684,140,35110,43350,32621.29,8885856,0
"2021-06-05",10992,4568737,22087,3949404,1806,367490,111,35221,34996,32995.14,8920852,0
"2021-06-06",6446,4575183,14468,3963872,1222,368712,86,35307,22222,33726.57,8943074,0
"2021-06-07",11710,4586893,21786,3985658,2379,371091,138,35445,36013,37050.86,8979087,0
"2021-06-08",12647,4599540,24020,4009678,2072,373163,117,35562,38856,36377.86,9017943,0
"2021-06-09",11142,4610682,23024,4032702,2298,375461,131,35693,36595,36181.14,9054538,0
"2021-06-10",12071,4622753,22232,4054934,2462,377923,140,35833,36905,35562.43,9091443,0
"2021-06-11",12703,4635456,25123,4080057,2483,380406,151,35984,40460,35149.57,9131903,0
"2021-06-12",10167,4645623,19306,4099363,1888,382294,94,36078,31455,34643.71,9163358,0
"2021-06-13",4257,4649880,10935,4110298,1219,383513,41,36119,16452,33819.43,9179810,0
"2021-06-14",10209,4660089,19245,4129543,2042,385555,127,36246,31623,33192.29,9211433,0
"2021-06-15",11886,4671975,21007,4150550,1943,387498,132,36378,34968,32636.86,9246401,0
"2021-06-16",11590,4683565,19409,4169959,1956,389454,138,36516,33093,32136.57,9279494,0
"2021-06-17",11026,4694591,18764,4188723,1971,391425,120,36636,31881,31418.86,9311375,0
"2021-06-18",12168,4706759,18500,4207223,2116,393541,112,36748,32896,30338.29,9344271,0
"2021-06-19",8500,4715259,13519,4220742,1459,395000,81,36829,23559,29210.29,9367830,0
"2021-06-20",4335,4719594,7159,4227901,924,395924,37,36866,12455,28639.29,9380285,0
"2021-06-21",10163,4729757,10008,4237909,1806,397730,68,36934,22045,27271,9402330,0
"2021-06-22",9836,4739593,15641,4253550,1589,399319,104,37038,27170,26157,9429500,0
"2021-06-23",10315,4749908,15186,4268736,1860,401179,101,37139,27462,25352.57,9456962,0
"2021-06-24",9690,4759598,14697,4283433,1799,402978,118,37257,26304,24555.86,9483266,0
"2021-06-25",10592,4770190,14385,4297818,1719,404697,109,37366,26805,23685.71,9510071,0
"2021-06-26",7805,4777995,10465,4308283,1247,405944,74,37440,19591,23118.86,9529662,0
"2021-06-27",5001,4782996,6002,4314285,795,406739,32,37472,11830,23029.57,9541492,0
"2021-06-28",9032,4792028,10345,4324630,1524,408263,106,37578,21007,22881.29,9562499,0
"2021-06-29",9748,4801776,12316,4336946,1347,409610,123,37701,23534,22361.86,9586033,0
"2021-06-30",9431,4811207,10927,4347873,1481,411091,146,37847,21985,21579.43,9608018,0
"2021-07-01",9398,4820605,10928,4358801,1431,412522,125,37972,21882,20947.71,9629900,0
"2021-07-02",9696,4830301,11438,4370239,1541,414063,120,38092,22795,20374.86,9652695,0
"2021-07-03",7059,4837360,8421,4378660,1193,415256,75,38167,16748,19968.71,9669443,0
"2021-07-04",1288,4838648,1335,4379995,567,415823,8,38175,3198,18735.57,9672641,0
"2021-07-05",6495,4845143,7105,4387100,1208,417031,64,38239,14872,17859.14,9687513,0
"2021-07-06",9511,4854654,12851,4399951,1316,418347,115,38354,23793,17896.14,9711306,0
"2021-07-07",8672,4863326,11107,4411058,1419,419766,121,38475,21319,17801,9732625,0
"2021-07-08",8208,4871534,10191,4421249,1260,421026,107,38582,19766,17498.71,9752391,0
"2021-07-09",8377,4879911,10833,4432082,1279,422305,88,38670,20577,17181.86,9772968,0
"2021-07-10",7107,4887018,8629,4440711,1132,423437,62,38732,16930,17207.86,9789898,0
"2021-07-11",4104,4891122,4539,4445250,703,424140,34,38766,9380,18091,9799278,0
"2021-07-12",8453,4899575,9555,4454805,1250,425390,80,38846,19338,18729,9818616,0
"2021-07-13",9464,4909039,9389,4464194,951,426341,104,38950,19908,18174,9838524,0
"2021-07-14",9002,4918041,9530,4473724,1009,427350,102,39052,19643,17934.57,9858167,0
"2021-07-15",8791,4926832,9152,4482876,1051,428401,83,39135,19077,17836.14,9877244,0
"2021-07-16",9243,4936075,9761,4492637,978,429379,102,39237,20084,17765.71,9897328,0
"2021-07-17",6845,4942920,7385,4500022,802,430181,79,39316,15111,17505.86,9912439,0
"2021-07-18",4259,4947179,4283,4504305,569,430750,35,39351,9146,17472.43,9921585,0
"2021-07-19",9126,4956305,8467,4512772,999,431749,89,39440,18681,17378.57,9940266,0
"2021-07-20",10652,4966957,8756,4521528,991,432740,93,39533,20492,17462,9960758,0
"2021-07-21",10053,4977010,8763,4530291,903,433643,145,39678,19864,17493.57,9980622,0
"2021-07-22",10688,4987698,8583,4538874,1045,434688,142,39820,20458,17690.86,10001080,0
"2021-07-23",11254,4998952,8880,4547754,1114,435802,137,39957,21385,17876.71,10022465,0
"2021-07-24",7404,5006356,6735,4554489,670,436472,81,40038,14890,17845.14,10037355,0
"2021-07-25",5478,5011834,2125,4556614,509,436981,59,40097,8171,17705.86,10045526,0
"2021-07-26",10878,5022712,6997,4563611,859,437840,109,40206,18843,17729,10064369,0
"2021-07-27",12056,5034768,8566,4572177,857,438697,132,40338,21611,17888.86,10085980,0
"2021-07-28",11995,5046763,8048,4580225,950,439647,130,40468,21123,18068.71,10107103,0
"2021-07-29",10935,5057698,7428,4587653,983,440630,132,40600,19478,17928.71,10126581,0
"2021-07-30",14955,5072653,8009,4595662,1150,441780,181,40781,24295,18344.43,10150876,0
"2021-07-31",9730,5082383,6310,4601972,816,442596,119,40900,16975,18642.29,10167851,0
"2021-08-01",6503,5088886,3308,4605280,564,443160,81,40981,10456,18968.71,10178307,0
"2021-08-02",13450,5102336,7153,4612433,847,444007,144,41125,21594,19361.71,10199901,0
"2021-08-03",15415,5117751,8383,4620816,1109,445116,143,41268,25050,19853,10224951,0
"2021-08-04",17260,5135011,8124,4628940,1454,446570,179,41447,27017,20695,10251968,0
"2021-08-05",17863,5152874,7927,4636867,1366,447936,162,41609,27318,21815,10279286,0
"2021-08-06",18181,5171055,8412,4645279,1233,449169,162,41771,27988,22342.57,10307274,0
"2021-08-07",13388,5184443,6014,4651293,799,449968,100,41871,20301,22817.71,10327575,0
"2021-08-08",9308,5193751,3838,4655131,399,450367,82,41953,13627,23270.71,10341202,0
"2021-08-09",21341,5215092,8526,4663657,963,451330,169,42122,30999,24614.29,10372201,0
"2021-08-10",18922,5234014,9331,4672988,948,452278,173,42295,29374,25232,10401575,0
"2021-08-11",15649,5249663,8309,4681297,853,453131,128,42423,24939,24935.14,10426514,0
"2021-08-12",15048,5264711,8976,4690273,940,454071,170,42593,25134,24623.14,10451648,0
"2021-08-13",14928,5279639,9289,4699562,921,454992,238,42831,25376,24250,10477024,0
"2021-08-14",10411,5290050,6403,4705965,625,455617,529,43360,17968,23916.71,10494992,0
"2021-08-15",6697,5296747,4475,4710440,676,456293,567,43927,12415,23743.57,10507407,0
"2021-08-16",15724,5312471,9295,4719735,1149,457442,1319,45246,27487,23241.86,10534894,0
"2021-08-17",17779,5330250,10434,4730169,1223,458665,1764,47010,31200,23502.71,10566094,0
"2021-08-18",17510,5347760,10360,4740529,1261,459926,1984,48994,31115,24385,10597209,0
"2021-08-19",16306,5364066,9516,4750045,1315,461241,1947,50941,29084,24949.29,10626293,0
"2021-08-20",16286,5380352,11538,4761583,1254,462495,1851,52792,30929,25742.57,10657222,0
"2021-08-21",11153,5391505,8042,4769625,878,463373,1053,53845,21126,26193.71,10678348,0
"2021-08-22",4081,5395586,3901,4773526,262,463635,515,54360,8759,25671.43,10687107,0
"2021-08-23",15582,5411168,11793,4785319,1023,464658,1545,55905,29943,26022.29,10717050,0
"2021-08-24",16917,5428085,12599,4797918,1006,465664,1771,57676,32293,26178.43,10749343,0
"2021-08-25",14587,5442672,12440,4810358,1110,466774,1562,59238,29699,25976.14,10779042,0
"2021-08-26",16170,5458842,14084,4824442,1072,467846,1766,61004,33092,26548.71,10812134,0
"2021-08-27",14886,5473728,14822,4839264,971,468817,1664,62668,32343,26750.71,10844477,0
"2021-08-28",10685,5484413,11522,4850786,836,469653,1008,63676,24051,27168.57,10868528,0
"2021-08-29",7220,5491633,7495,4858281,541,470194,776,64452,16032,28207.57,10884560,0
"2021-08-30",15527,5507160,16926,4875207,1077,471271,1790,66242,35320,28975.71,10919880,0
"2021-08-31",15521,5522681,15950,4891157,951,472222,1969,68211,34391,29275.43,10954271,0
"2021-09-01",14832,5537513,14095,4905252,1021,473243,1804,70015,31752,29568.71,10986023,0
"2021-09-02",14337,5551850,12521,4917773,896,474139,1698,71713,29452,29048.71,11015475,0
"2021-09-03",15017,5566867,14297,4932070,974,475113,1892,73605,32180,29025.43,11047655,0
"2021-09-04",9648,5576515,9407,4941477,688,475801,964,74569,20707,28547.71,11068362,0
"2021-09-05",6803,5583318,5513,4946990,438,476239,708,75277,13462,28180.57,11081824,0
"2021-09-06",5198,5588516,4511,4951501,358,476597,270,75547,10337,24611.57,11092161,0
"2021-09-07",15572,5604088,17694,4969195,912,477509,1546,77093,35724,24802,11127885,0
"2021-09-08",16165,5620253,14824,4984019,1073,478582,1763,78856,33825,25098.14,11161710,0
"2021-09-09",16118,5636371,14747,4998766,1047,479629,1907,80763,33819,25722,11195529,0
"2021-09-10",18371,5654742,15389,5014155,1208,480837,1967,82730,36935,26401.29,11232464,0
"2021-09-11",12635,5667377,10347,5024502,958,481795,1021,83751,24961,27009,11257425,0
"2021-09-12",8532,5675909,5051,5029553,766,482561,688,84439,15037,27234,11272462,0
"2021-09-13",16936,5692845,12947,5042500,976,483537,1645,86084,32504,30400.71,11304966,0
"2021-09-14",16275,5709120,13676,5056176,886,484423,1590,87674,32427,29929.71,11337393,0
"2021-09-15",15546,5724666,12871,5069047,727,485150,1565,89239,30709,29484.57,11368102,0
"2021-09-16",15344,5740010,13904,5082951,1210,486360,1451,90690,31909,29211.71,11400011,0
"2021-09-17",14438,5754448,13962,5096913,922,487282,1824,92514,31146,28384.71,11431157,0
"2021-09-18",10005,5764453,10173,5107086,913,488195,1046,93560,22137,27981.29,11453294,0
"2021-09-19",6178,5770631,6071,5113157,558,488753,744,94304,13551,27769,11466845,0
"2021-09-20",12680,5783311,12629,5125786,1068,489821,1918,96222,28295,27167.71,11495140,0
"2021-09-21",12238,5795549,12768,5138554,1110,490931,2017,98239,28133,26554.29,11523273,0
"2021-09-22",12825,5808374,11999,5150553,1089,492020,1682,99921,27595,26109.43,11550868,0
"2021-09-23",14946,5823320,12756,5163309,1639,493659,2260,102181,31601,26065.43,11582469,0
"2021-09-24",16452,5839772,13366,5176675,1633,495292,4623,106804,36074,26769.43,11618543,0
"2021-09-25",10545,5850317,9024,5185699,1018,496310,3451,110255,24038,27041,11642581,0
"2021-09-26",6304,5856621,5764,5191463,774,497084,2419,112674,15261,27285.29,11657842,0
"2021-09-27",14167,5870788,8052,5199515,1155,498239,9042,121716,32416,27874,11690258,0
"2021-09-28",11154,5881942,11775,5211290,901,499140,9898,131614,33728,28673.29,11723986,0
"2021-09-29",11609,5893551,12193,5223483,1206,500346,9437,141051,34445,29651.86,11758431,0
"2021-09-30",12246,5905797,12599,5236082,1338,501684,9723,150774,35906,30266.86,11794337,0
"2021-10-01",12652,5918449,13427,5249509,1284,502968,10250,161024,37613,30486.71,11831950,0
"2021-10-02",7739,5926188,9972,5259481,865,503833,4232,165256,22808,30311,11854758,0
"2021-10-03",5081,5931269,6155,5265636,593,504426,2608,167864,14437,30193.29,11869195,0
"2021-10-04",9916,5941185,11024,5276660,913,505339,9504,177368,31357,30042,11900552,0
"2021-10-05",10176,5951361,11734,5288394,972,506311,9921,187289,32803,29909.86,11933355,0
"2021-10-06",9928,5961289,11054,5299448,937,507248,9913,197202,31832,29536.57,11965187,0
"2021-10-07",9675,5970964,12189,5311637,852,508100,10177,207379,32893,29106.14,11998080,0
"2021-10-08",9471,5980435,12172,5323809,942,509042,10894,218273,33479,28515.57,12031559,0
"2021-10-09",6267,5986702,8276,5332085,649,509691,4109,222382,19301,28014.57,12050860,0
"2021-10-10",3545,5990247,5023,5337108,458,510149,2431,224813,11457,27588.86,12062317,0
"2021-10-11",7629,5997876,9330,5346438,728,510877,8882,233695,26569,26904.86,12088886,0
"2021-10-12",8079,6005955,11001,5357439,891,511768,10496,244191,30467,26571.14,12119353,0
"2021-10-13",7167,6013122,10141,5367580,869,512637,8783,252974,26960,25875.14,12146313,0
"2021-10-14",7455,6020577,11110,5378690,836,513473,10095,263069,29496,25389.86,12175809,0
"2021-10-15",7738,6028315,11863,5390553,823,514296,10792,273861,31216,25066.57,12207025,0
"2021-10-16",4871,6033186,7464,5398017,666,514962,3829,277690,16830,24713.57,12223855,0
"2021-10-17",3060,6036246,4474,5402491,411,515373,2447,280137,10392,24561.43,12234247,0
"2021-10-18",7062,6043308,10663,5413154,796,516169,9455,289592,27976,24762.43,12262223,0
"2021-10-19",6581,6049889,8943,5422097,805,516974,9068,298660,25397,24038.14,12287620,0
"2021-10-20",6547,6056436,9377,5431474,975,517949,9964,308624,26863,24024.29,12314483,0
"2021-10-21",7037,6063473,9378,5440852,859,518808,10830,319454,28104,23825.43,12342587,0
"2021-10-22",8139,6071612,10345,5451197,1027,519835,16323,335777,35834,24485.14,12378421,0
"2021-10-23",5176,6076788,6458,5457655,690,520525,9113,344890,21437,25143.29,12399858,0
"2021-10-24",3278,6080066,3971,5461626,770,521295,6146,351036,14165,25682.29,12414023,0
"2021-10-25",8793,6088859,8744,5470370,1149,522444,19232,370268,37918,27102.57,12451941,0
"2021-10-26",8213,6097072,7726,5478096,1259,523703,17278,387546,34476,28399.57,12486417,0
"2021-10-27",10582,6107654,8393,5486489,1604,525307,20831,408377,41410,30477.71,12527827,0
"2021-10-28",11346,6119000,8040,5494529,1793,527100,20819,429196,41998,32462.57,12569825,0
"2021-10-29",11849,6130849,8242,5502771,1963,529063,22514,451710,44568,33710.29,12614393,0
"2021-10-30",4638,6135487,5058,5507829,932,529995,11154,462864,21782,33759.57,12636175,0
"2021-10-31",2667,6138154,2702,5510531,544,530539,6632,469496,12545,33528.14,12648720,0
"2021-11-01",7154,6145308,6959,5517490,1089,531628,20361,489857,35563,33191.71,12684283,0
"2021-11-02",6598,6151906,6588,5524078,1055,532683,20752,510609,34993,33265.57,12719276,0
"2021-11-03",6864,6158770,6681,5530759,1026,533709,20607,531216,35178,32375.29,12754454,0
"2021-11-04",9322,6168092,6279,5537038,995,534704,22340,553556,38936,31937.86,12793390,0
"2021-11-05",11073,6179165,6723,5543761,1051,535755,23745,577301,42592,31655.57,12835982,0
"2021-11-06",11137,6190302,4053,5547814,594,536349,12580,589881,28364,32595.86,12864346,0
"2021-11-07",7262,6197564,2286,5550100,577,536926,7099,596980,17224,33264.29,12881570,0
"2021-11-08",15067,6212631,5678,5555778,866,537792,19493,616473,41104,34055.86,12922674,0
"2021-11-09",16168,6228799,5388,5561166,661,538453,20496,636969,42713,35158.71,12965387,0
"2021-11-10",16953,6245752,5324,5566490,684,539137,22617,659586,45578,36644.43,13010965,0
"2021-11-11",12596,6258348,5190,5571680,760,539897,22057,681643,40603,36882.57,13051568,0
"2021-11-12",16913,6275261,5686,5577366,707,540604,23369,705012,46675,37465.86,13098243,0
"2021-11-13",9956,6285217,3664,5581030,465,541069,13312,718324,27397,37327.71,13125640,0
"2021-11-14",6027,6291244,2293,5583323,325,541394,7921,726245,16566,37233.71,13142206,0
"2021-11-15",13257,6304501,5970,5589293,690,542084,25079,751324,44996,37789.71,13187202,0
"2021-11-16",9991,6314492,5788,5595081,655,542739,30638,781962,47072,38412.43,13234274,0
"2021-11-17",10331,6324823,6679,5601760,681,543420,31383,813345,49074,38911.86,13283348,0
"2021-11-18",10750,6335573,6548,5608308,860,544280,32973,846318,51131,40415.86,13334479,0
"2021-11-19",12047,6347620,6558,5614866,715,544995,36222,882540,55542,41682.57,13390021,0
"2021-11-20",9356,6356976,3419,5618285,514,545509,22488,905028,35777,42879.71,13425798,0
"2021-11-21",4971,6361947,1887,5620172,287,545796,13188,918216,20333,43417.86,13446131,0
"2021-11-22",10474,6372421,5792,5625964,752,546548,35884,954100,52902,44547.29,13499033,0
"2021-11-23",9832,6382253,4779,5630743,637,547185,33486,987586,48734,44784.71,13547767,0
"2021-11-24",8737,6390990,4755,5635498,651,547836,25889,1013475,40032,43493,13587799,0
"2021-11-25",452,6391442,325,5635823,80,547916,1000,1014475,1857,36453.86,13589656,0
"2021-11-26",8079,6399521,6988,5642811,531,548447,26561,1041036,42159,34542,13631815,0
"2021-11-27",6696,6406217,6835,5649646,371,548818,18826,1059862,32728,34106.43,13664543,0
"2021-11-28",4088,6410305,5781,5655427,281,549099,11866,1071728,22016,34346.86,13686559,0
"2021-11-29",9119,6419424,10982,5666409,687,549786,34999,1106727,55787,34759,13742346,0
"2021-11-30",10543,6429967,11434,5677843,513,550299,37757,1144484,60247,36403.71,13802593,0
"2021-12-01",11216,6441183,10981,5688824,723,551022,40307,1184791,63227,39717.29,13865820,0
"2021-12-02",11697,6452880,11022,5699846,626,551648,42121,1226912,65466,48804.29,13931286,0
"2021-12-03",13535,6466415,12881,5712727,677,552325,47882,1274794,74975,53492.29,14006261,0
"2021-12-04",9873,6476288,11286,5724013,567,552892,30650,1305444,52376,56299.14,14058637,0
"2021-12-05",5772,6482060,5702,5729715,269,553161,16643,1322087,28386,57209.14,14087023,0
"2021-12-06",12382,6494442,9954,5739669,601,553762,43198,1365285,66135,58687.43,14153158,0
"2021-12-07",12643,6507085,9254,5748923,624,554386,42999,1408284,65520,59440.71,14218678,0
"2021-12-08",13578,6520663,8762,5757685,554,554940,40755,1449039,63649,59501,14282327,0
"2021-12-09",13547,6534210,8757,5766442,557,555497,40782,1489821,63643,59240.57,14345970,0
"2021-12-10",14078,6548288,10137,5776579,670,556167,43621,1533442,68506,58316.43,14414476,0
"2021-12-11",10288,6558576,8117,5784696,405,556572,26684,1560126,45494,57333.29,14459970,0
"2021-12-12",6035,6564611,3853,5788549,288,556860,15152,1575278,25328,56896.43,14485298,0
"2021-12-13",12271,6576882,7422,5795971,656,557516,37843,1613121,58192,55761.71,14543490,0
"2021-12-14",12274,6589156,6955,5802926,731,558247,38111,1651232,58071,54697.57,14601561,0
"2021-12-15",12147,6601303,6240,5809166,756,559003,38082,1689314,57225,53779.86,14658786,0
"2021-12-16",13166,6614469,4275,5813441,742,559745,41004,1730318,59187,53143.29,14717973,0
"2021-12-17",15995,6630464,6933,5820374,621,560366,46708,1777026,70257,53393.43,14788230,0
"2021-12-18",13049,6643513,5719,5826093,432,560798,30582,1807608,49782,54006,14838012,0
"2021-12-19",7035,6650548,2995,5829088,326,561124,17989,1825597,28345,54437,14866357,0
"2021-12-20",16900,6667448,5864,5834952,747,561871,47389,1872986,70900,56252.43,14937257,0
"2021-12-21",17998,6685446,6569,5841521,806,562677,48855,1921841,74228,58560.57,15011485,0
"2021-12-22",18585,6704031,6561,5848082,938,563615,49597,1971438,75681,61197.14,15087166,0
"2021-12-23",19076,6723107,6482,5854564,929,564544,45783,2017221,72270,63066.14,15159436,0
"2021-12-24",9246,6732353,2950,5857514,598,565142,20587,2037808,33381,57798.14,15192817,0
"2021-12-25",343,6732696,64,5857578,31,565173,426,2038234,864,50809.86,15193681,0
"2021-12-26",7978,6740674,3927,5861505,341,565514,17267,2055501,29513,50976.71,15223194,0
"2021-12-27",21820,6762494,9205,5870710,932,566446,43392,2098893,75349,51612.29,15298543,0
"2021-12-28",20186,6782680,8325,5879035,698,567144,47538,2146431,76747,51972.14,15375290,0
"2021-12-29",18523,6801203,7668,5886703,607,567751,45497,2191928,72295,51488.43,15447585,0
"2021-12-30",16895,6818098,7416,5894119,584,568335,44795,2236723,69690,51119.86,15517275,0
"2021-12-31",5363,6823461,2808,5896927,193,568528,14754,2251477,23118,49653.71,15540393,0
"2022-01-01",240,6823701,146,5897073,11,568539,498,2251975,895,49658.14,15541288,0
"2022-01-02",6439,6830140,5017,5902090,153,568692,10973,2262948,22582,48668,15563870,0
"2022-01-03",14179,6844319,8474,5910564,515,569207,26858,2289806,50026,45050.43,15613896,0
"2022-01-04",13088,6857407,8078,5918642,412,569619,27001,2316807,48579,41026.43,15662475,0
"2022-01-05",11605,6869012,6979,5925621,384,570003,25745,2342552,44713,37086.14,15707188,0
"2022-01-06",11534,6880546,7378,5932999,485,570488,27437,2369989,46834,33821,15754022,0
"2022-01-07",10461,6891007,8417,5941416,337,570825,24963,2394952,44178,36829.57,15798200,0
"2022-01-08",7927,6898934,8552,5949968,310,571135,19408,2414360,36197,41872.71,15834397,0
"2022-01-09",4137,6903071,3843,5953811,214,571349,10058,2424418,18252,41254.14,15852649,0
"2022-01-10",10183,6913254,8186,5961997,490,571839,24592,2449010,43451,40314.86,15896100,0
"2022-01-11",8909,6922163,7992,5969989,520,572359,20984,2469994,38405,38861.43,15934505,0
"2022-01-12",8956,6931119,8313,5978302,428,572787,22304,2492298,40001,38188.29,15974506,0
"2022-01-13",9049,6940168,8854,5987156,449,573236,22825,2515123,41177,37380.14,16015683,0
"2022-01-14",10126,6950294,8119,5995275,476,573712,26400,2541523,45121,37514.86,16060804,0
"2022-01-15",6211,6956505,4305,5999580,178,573890,15146,2556669,25840,36035.29,16086644,0
"2022-01-16",2924,6959429,3251,6002831,95,573985,7814,2564483,14084,35439.86,16100728,0
"2022-01-17",6087,6965516,6761,6009592,363,574348,14652,2579135,27863,33213,16128591,0
"2022-01-18",8175,6973691,10298,6019890,397,574745,19621,2598756,38491,33225.29,16167082,0
"2022-01-19",7493,6981184,9242,6029132,305,575050,17684,2616440,34724,32471.43,16201806,0
"2022-01-20",6295,6987479,8560,6037692,305,575355,15232,2631672,30392,30930.71,16232198,0
"2022-01-21",7582,6995061,7489,6045181,276,575631,18478,2650150,33825,29317,16266023,0
"2022-01-22",5195,7000256,4934,6050115,131,575762,11296,2661446,21556,28705,16287579,0
"2022-01-23",2817,7003073,3326,6053441,97,575859,6222,2667668,12462,28473.29,16300041,0
"2022-01-24",6381,7009454,8190,6061631,262,576121,15055,2682723,29888,28762.57,16329929,0
"2022-01-25",6201,7015655,7926,6069557,232,576353,14669,2697392,29028,27410.71,16358957,0
"2022-01-26",5762,7021417,7159,6076716,289,576642,14006,2711398,27216,26338.14,16386173,0
"2022-01-27",5276,7026693,7083,6083799,321,576963,14054,2725452,26734,25815.57,16412907,0
"2022-01-28",6271,7032964,7856,6091655,203,577166,16101,2741553,30431,25330.71,16443338,0
"2022-01-29",842,7033806,727,6092382,28,577194,2535,2744088,4132,22841.57,16447470,0
"2022-01-30",2099,7035905,3022,6095404,103,577297,4532,2748620,9756,22455,16457226,0
"2022-01-31",5008,7040913,6591,6101995,219,577516,11357,2759977,23175,21496,16480401,0
"2022-02-01",4847,7045760,6438,6108433,219,577735,10690,2770667,22194,20519.71,16502595,0
"2022-02-02",4252,7050012,5916,6114349,214,577949,11213,2781880,21595,19716.71,16524190,0
"2022-02-03",4238,7054250,5797,6120146,216,578165,11208,2793088,21459,18963.14,16545649,0
"2022-02-04",4789,7059039,7106,6127252,214,578379,13194,2806282,25303,18230.57,16570952,0
"2022-02-05",3589,7062628,6042,6133294,110,578489,8561,2814843,18302,20254.86,16589254,0
"2022-02-06",2064,7064692,2136,6135430,121,578610,4629,2819472,8950,20139.71,16598204,0
"2022-02-07",4157,7068849,4725,6140155,205,578815,10121,2829593,19208,19573,16617412,0
"2022-02-08",4236,7073085,5602,6145757,214,579029,11314,2840907,21366,19454.71,16638778,0
"2022-02-09",4143,7077228,5397,6151154,222,579251,11648,2852555,21410,19428.29,16660188,0
"2022-02-10",4006,7081234,5115,6156269,245,579496,12177,2864732,21543,19440.29,16681731,0
"2022-02-11",4524,7085758,5800,6162069,194,579690,13718,2878450,24236,19287.86,16705967,0
"2022-02-12",3259,7089017,4338,6166407,96,579786,8796,2887246,16489,19028.86,16722456,0
"2022-02-13",1520,7090537,1542,6167949,41,579827,4878,2892124,7981,18890.43,16730437,0
"2022-02-14",2990,7093527,3619,6171568,165,579992,10555,2902679,17329,18622,16747766,0
"2022-02-15",3567,7097094,4066,6175634,176,580168,12761,2915440,20570,18508.29,16768336,0
"2022-02-16",3672,7100766,3897,6179531,200,580368,15687,2931127,23456,18800.57,16791792,0
"2022-02-17",4055,7104821,4079,6183610,162,580530,18250,2949377,26546,19515.29,16818338,0
"2022-02-18",4482,7109303,4776,6188386,190,580720,21522,2970899,30970,20477.29,16849308,0
"2022-02-19",3260,7112563,2178,6190564,65,580785,11163,2982062,16666,20502.57,16865974,0
"2022-02-20",1864,7114427,1444,6192008,59,580844,6574,2988636,9941,20782.57,16875915,0
"2022-02-21",3092,7117519,2687,6194695,95,580939,8348,2996984,14222,20338.71,16890137,0
"2022-02-22",4401,7121920,4240,6198935,175,581114,10811,3007795,19627,20204,16909764,0
"2022-02-23",4277,7126197,3787,6202722,145,581259,10646,3018441,18855,19546.71,16928619,0
"2022-02-24",3787,7129984,3649,6206371,108,581367,10174,3028615,17718,18285.57,16946337,0
"2022-02-25",3623,7133607,3619,6209990,134,581501,9971,3038586,17347,16339.43,16963684,0
"2022-02-26",2848,7136455,2579,6212569,74,581575,9502,3048088,15003,16101.86,16978687,0
"2022-02-27",1777,7138232,1373,6213942,52,581627,6266,3054354,9468,16034.29,16988155,0
"2022-02-28",3820,7142052,3128,6217070,140,581767,13107,3067461,20195,16887.57,17008350,0
"2022-03-01",2135,7144187,2613,6219683,103,581870,5160,3072621,10011,15513.86,17018361,0
"2022-03-02",1834,7146021,2435,6222118,106,581976,4116,3076737,8491,14033.29,17026852,0
"2022-03-03",1936,7147957,2557,6224675,106,582082,3792,3080529,8391,12700.86,17035243,0
"2022-03-04",2121,7150078,2869,6227544,66,582148,4320,3084849,9376,11562.14,17044619,0
"2022-03-05",1611,7151689,2123,6229667,43,582191,3309,3088158,7086,10431.14,17051705,0
"2022-03-06",800,7152489,878,6230545,30,582221,1621,3089779,3329,9554.14,17055034,0
"2022-03-07",1667,7154156,1782,6232327,86,582307,3490,3093269,7025,7672.71,17062059,0
"2022-03-08",1549,7155705,1892,6234219,80,582387,3118,3096387,6639,7191,17068698,0
"2022-03-09",1266,7156971,1665,6235884,79,582466,2574,3098961,5584,6775.71,17074282,0
"2022-03-10",1423,7158394,2097,6237981,85,582551,2946,3101907,6551,6512.86,17080833,0
"2022-03-11",1605,7159999,2266,6240247,81,582632,3206,3105113,7158,6196,17087991,0
"2022-03-12",879,7160878,1411,6241658,40,582672,1997,3107110,4327,5801.86,17092318,0
"2022-03-13",625,7161503,757,6242415,27,582699,1292,3108402,2701,5712.14,17095019,0
"2022-03-14",1378,7162881,1599,6244014,83,582782,2985,3111387,6045,5572.14,17101064,0
"2022-03-15",1361,7164242,1921,6245935,63,582845,3069,3114456,6414,5540,17107478,0
"2022-03-16",1398,7165640,2064,6247999,94,582939,3124,3117580,6680,5696.57,17114158,0
"2022-03-17",1183,7166823,1809,6249808,70,583009,2752,3120332,5814,5591.29,17119972,0
"2022-03-18",1585,7168408,2185,6251993,80,583089,3755,3124087,7605,5655.14,17127577,0
"2022-03-19",1114,7169522,1729,6253722,54,583143,2587,3126674,5484,5820.43,17133061,0
"2022-03-20",613,7170135,627,6254349,33,583176,1461,3128135,2734,5825.14,17135795,0
"2022-03-21",1422,7171557,1551,6255900,73,583249,3044,3131179,6090,5831.57,17141885,0
"2022-03-22",1345,7172902,1547,6257447,101,583350,2892,3134071,5885,5756,17147770,0
"2022-03-23",1261,7174163,1350,6258797,66,583416,2908,3136979,5585,5599.57,17153355,0
"2022-03-24",1215,7175378,1294,6260091,89,583505,2510,3139489,5108,5498.71,17158463,0
"2022-03-25",1389,7176767,1624,6261715,62,583567,3254,3142743,6329,5316.43,17164792,0
"2022-03-26",929,7177696,1159,6262874,36,583603,2290,3145033,4414,5163.57,17169206,0
"2022-03-27",574,7178270,526,6263400,29,583632,1311,3146344,2440,5121.57,17171646,0
"2022-03-28",1085,7179355,1153,6264553,68,583700,2436,3148780,4742,4929,17176388,0
"2022-03-29",1053,7180408,1106,6265659,85,583785,2502,3151282,4746,4766.29,17181134,0
"2022-03-30",1248,7181656,1139,6266798,98,583883,3049,3154331,5534,4759,17186668,0
"2022-03-31",1287,7182943,1256,6268054,57,583940,3154,3157485,5754,4851.29,17192422,0
"2022-04-01",1435,7184378,1493,6269547,76,584016,3242,3160727,6246,4839.43,17198668,0
"2022-04-02",914,7185292,911,6270458,33,584049,2090,3162817,3948,4772.86,17202616,0
"2022-04-03",559,7185851,499,6270957,28,584077,1223,3164040,2309,4754.14,17204925,0
"2022-04-04",1357,7187208,1307,6272264,60,584137,2723,3166763,5447,4854.86,17210372,0
"2022-04-05",1300,7188508,1158,6273422,66,584203,2852,3169615,5376,4944.86,17215748,0
"2022-04-06",1315,7189823,1185,6274607,58,584261,2613,3172228,5171,4893,17220919,0
"2022-04-07",1213,7191036,1059,6275666,54,584315,2370,3174598,4696,4741.86,17225615,0
"2022-04-08",1489,7192525,1397,6277063,62,584377,3153,3177751,6101,4721.14,17231716,0
"2022-04-09",938,7193463,916,6277979,28,584405,2056,3179807,3938,4719.71,17235654,0
"2022-04-10",592,7194055,462,6278441,25,584430,1168,3180975,2247,4710.86,17237901,0
"2022-04-11",1337,7195392,1228,6279669,59,584489,2649,3183624,5273,4686,17243174,0
"2022-04-12",1212,7196604,1052,6280721,73,584562,2519,3186143,4856,4611.71,17248030,0
"2022-04-13",1262,7197866,1063,6281784,58,584620,2491,3188634,4874,4569.29,17252904,0
"2022-04-14",1280,7199146,1092,6282876,59,584679,2421,3191055,4852,4591.57,17257756,0
"2022-04-15",1346,7200492,1091,6283967,52,584731,2551,3193606,5040,4440,17262796,0
"2022-04-16",873,7201365,650,6284617,31,584762,1633,3195239,3187,4332.71,17265983,0
"2022-04-17",348,7201713,203,6284820,27,584789,638,3195877,1216,4185.43,17267199,0
"2022-04-18",1385,7203098,1110,6285930,82,584871,2577,3198454,5154,4168.43,17272353,0
"2022-04-19",1411,7204509,933,6286863,72,584943,2563,3201017,4979,4186,17277332,0
"2022-04-20",1313,7205822,1138,6288001,65,585008,2672,3203689,5188,4230.86,17282520,0
"2022-04-21",1220,7207042,1060,6289061,52,585060,2316,3206005,4648,4201.71,17287168,0
"2022-04-22",1217,7208259,1018,6290079,46,585106,2195,3208200,4476,4121.14,17291644,0
"2022-04-23",722,7208981,747,6290826,59,585165,1422,3209622,2950,4087.29,17294594,0
"2022-04-24",442,7209423,338,6291164,27,585192,811,3210433,1618,4144.71,17296212,0
"2022-04-25",1025,7210448,909,6292073,64,585256,1846,3212279,3844,3957.57,17300056,0
"2022-04-26",936,7211384,852,6292925,76,585332,1746,3214025,3610,3762,17303666,0
"2022-04-27",1035,7212419,990,6293915,78,585410,1917,3215942,4020,3595.14,17307686,0
"2022-04-28",1080,7213499,981,6294896,49,585459,1991,3217933,4101,3517,17311787,0
"2022-04-29",1189,7214688,1096,6295992,61,585520,2126,3220059,4472,3516.43,17316259,0
"2022-04-30",722,7215410,743,6296735,43,585563,1390,3221449,2898,3509,17319157,0
"2022-05-01",449,7215859,371,6297106,21,585584,757,3222206,1598,3506.14,17320755,0
"2022-05-02",1049,7216908,792,6297898,52,585636,1665,3223871,3558,3465.29,17324313,0
"2022-05-03",1111,7218019,851,6298749,60,585696,1964,3225835,3986,3519,17328299,0
"2022-05-04",1011,7219030,881,6299630,48,585744,1898,3227733,3838,3493,17332137,0
"2022-05-05",1048,7220078,948,6300578,84,585828,1927,3229660,4007,3479.57,17336144,0
"2022-05-06",1085,7221163,935,6301513,50,585878,1857,3231517,3927,3401.71,17340071,0
"2022-05-07",652,7221815,587,6302100,30,585908,1194,3232711,2463,3339.57,17342534,0
"2022-05-08",416,7222231,249,6302349,17,585925,669,3233380,1351,3304.29,17343885,0
"2022-05-09",1068,7223299,936,6303285,62,585987,1862,3235242,3928,3357.14,17347813,0
"2022-05-10",1095,7224394,923,6304208,54,586041,1978,3237220,4050,3366.29,17351863,0
"2022-05-11",1085,7225479,971,6305179,44,586085,1916,3239136,4016,3391.71,17355879,0
"2022-05-12",1092,7226571,940,6306119,58,586143,1992,3241128,4082,3402.43,17359961,0
"2022-05-13",1152,7227723,1032,6307151,43,586186,2035,3243163,4262,3450.29,17364223,0
"2022-05-14",819,7228542,667,6307818,31,586217,1457,3244620,2974,3523.29,17367197,0
"2022-05-15",512,7229054,354,6308172,20,586237,913,3245533,1799,3587.29,17368996,0
"2022-05-16",1217,7230271,843,6309015,59,586296,1799,3247332,3918,3585.86,17372914,0
"2022-05-17",1293,7231564,913,6309928,79,586375,2031,3249363,4316,3623.86,17377230,0
"2022-05-18",1238,7232802,901,6310829,81,586456,2051,3251414,4271,3660.29,17381501,0
"2022-05-19",1158,7233960,865,6311694,35,586491,2084,3253498,4142,3668.86,17385643,0
"2022-05-20",1179,7235139,944,6312638,73,586564,2343,3255841,4539,3708.43,17390182,0
"2022-05-21",834,7235973,645,6313283,23,586587,1697,3257538,3199,3740.57,17393381,0
"2022-05-22",512,7236485,288,6313571,21,586608,1129,3258667,1950,3762.14,17395331,0
"2022-05-23",1214,7237699,884,6314455,44,586652,2152,3260819,4294,3815.86,17399625,0
"2022-05-24",1423,7239122,919,6315374,61,586713,2209,3263028,4612,3858.14,17404237,0
"2022-05-25",1420,7240542,950,6316324,48,586761,2228,3265256,4646,3911.71,17408883,0
"2022-05-26",1170,7241712,845,6317169,56,586817,2224,3267480,4295,3933.57,17413178,0
"2022-05-27",1230,7242942,928,6318097,36,586853,2457,3269937,4651,3949.57,17417829,0
"2022-05-28",706,7243648,500,6318597,18,586871,1733,3271670,2957,3915,17420786,0
"2022-05-29",473,7244121,213,6318810,11,586882,760,3272430,1457,3844.57,17422243,0
"2022-05-30",85,7244206,54,6318864,6,586888,134,3272564,279,3271,17422522,0
"2022-05-31",1104,7245310,879,6319743,48,586936,1836,3274400,3867,3164.57,17426389,120000
"2022-06-01",1109,7246419,824,6320567,58,586994,1919,3276319,3910,3059.43,17430299,120000
"2022-06-02",985,7247404,757,6321324,65,587059,1693,3278012,3500,2945.86,17433799,120000
"2022-06-03",1135,7248539,856,6322180,43,587102,1989,3280001,4023,2856.14,17437822,120000
"2022-06-04",706,7249245,558,6322738,19,587121,1513,3281514,2796,2833.14,17440618,120000
"2022-06-05",423,7249668,278,6323016,2,587123,828,3282342,1531,2843.71,17442149,120000
"2022-06-06",248,7249916,240,6323256,13,587136,410,3282752,911,2934,17443060,120000
