"DATE","ADMIN_DOSE1_DAILY","ADMIN_DOSE1_CUMULATIVE","ADMIN_DOSE2_DAILY","ADMIN_DOSE2_CUMULATIVE","ADMIN_SINGLE_DAILY","ADMIN_SINGLE_CUMULATIVE","ADMIN_ADDITIONAL1_DAILY","ADMIN_ADDITIONAL1_CUMULATIVE","ADMIN_ADDITIONAL2_DAILY","ADMIN_ADDITIONAL2_CUMULATIVE","ADMIN_ADDITIONAL_DAILY","ADMIN_ADDITIONAL_CUMULATIVE","ADMIN_BIVALENT_ADDITIONAL_DAILY","ADMIN_BIVALENT_ADDITIONAL_CUMULATIVE","ADMIN_ALLDOSES_DAILY","ADMIN_ALLDOSES_7DAYAVG","ADMIN_ALLDOSES_CUMULATIVE","ADMIN_ALLDOSES_PRIMARY","INCOMPLETE"
2020-12-14,79,79,0,0,2,2,0,0,0,0,0,0,0,0,81,,81,81,0
2020-12-15,2052,2131,7,7,5,7,0,0,0,0,0,0,0,0,2064,,2145,2145,0
2020-12-16,4604,6735,17,24,4,11,1,1,0,0,1,1,0,0,4626,,6771,6770,0
2020-12-17,4661,11396,18,42,2,13,1,2,0,0,1,2,0,0,4682,,11453,11451,0
2020-12-18,5833,17229,23,65,2,15,2,4,0,0,2,4,0,0,5860,,17313,17309,0
2020-12-19,1687,18916,10,75,3,18,0,4,0,0,0,4,0,0,1700,,19013,19009,0
2020-12-20,1118,20034,2,77,1,19,0,4,0,0,0,4,0,0,1121,2876.29,20134,20130,0
2020-12-21,6392,26426,22,99,0,19,4,8,0,0,4,8,0,0,6418,3781.57,26552,26544,0
2020-12-22,9765,36191,29,128,2,21,1,9,0,0,1,9,0,0,9797,4886.29,36349,36340,0
2020-12-23,14273,50464,39,167,3,24,0,9,0,0,0,9,0,0,14315,6270.43,50664,50655,0
2020-12-24,7170,57634,28,195,1,25,0,9,0,0,0,9,0,0,7199,6630,57863,57854,0
2020-12-25,180,57814,0,195,0,25,1,10,0,0,1,10,0,0,181,5818.71,58044,58034,0
2020-12-26,4392,62206,48,243,0,25,1,11,0,0,1,11,0,0,4441,6210.29,62485,62474,0
2020-12-27,3868,66074,16,259,0,25,1,12,0,0,1,12,0,0,3885,6605.14,66370,66358,0
2020-12-28,10991,77065,51,310,1,26,3,15,0,0,3,15,0,0,11046,7266.29,77416,77401,0
2020-12-29,10712,87777,37,347,2,28,3,18,0,0,3,18,0,0,10754,7403,88170,88152,0
2020-12-30,12819,100596,45,392,0,28,0,18,0,0,0,18,0,0,12864,7195.71,101034,101016,0
2020-12-31,7258,107854,38,430,1,29,0,18,0,0,0,18,0,0,7297,7209.71,108331,108313,0
2021-01-01,178,108032,2,432,1,30,3,21,0,0,3,21,0,0,184,7210.14,108515,108494,0
2021-01-02,3810,111842,10,442,3,33,2,23,0,0,2,23,0,0,3825,7122.14,112340,112317,0
2021-01-03,3544,115386,25,467,2,35,1,24,0,0,1,24,0,0,3572,7077.43,115912,115888,0
2021-01-04,12249,127635,812,1279,2,37,7,31,0,0,7,31,0,0,13070,7366.57,128982,128951,0
2021-01-05,14085,141720,2197,3476,2,39,15,46,1,1,16,47,0,0,16300,8158.86,145282,145235,0
2021-01-06,17795,159515,3928,7404,1,40,33,79,8,9,41,88,0,0,21765,9430.43,167047,166959,0
2021-01-07,16539,176054,5185,12589,4,44,46,125,3,12,49,137,0,0,21777,11499,188824,188687,0
2021-01-08,16611,192665,5461,18050,0,44,38,163,5,17,43,180,0,0,22115,14632,210939,210759,0
2021-01-09,7646,200311,1465,19515,1,45,9,172,2,19,11,191,0,0,9123,15388.86,220062,219871,0
2021-01-10,7876,208187,980,20495,0,45,14,186,0,19,14,205,0,0,8870,16145.71,228932,228727,0
2021-01-11,25809,233996,7461,27956,2,47,60,246,6,25,66,271,0,0,33338,19041.14,262270,261999,0
2021-01-12,28239,262235,7867,35823,1,48,47,293,4,29,51,322,0,0,36158,21878,298428,298106,0
2021-01-13,31700,293935,9420,45243,1,49,60,353,6,35,66,388,0,0,41187,24652.57,339615,339227,0
2021-01-14,35791,329726,5306,50549,1,50,34,387,7,42,41,429,0,0,41139,27418.57,380754,380325,0
2021-01-15,29245,358971,3716,54265,2,52,33,420,6,48,39,468,0,0,33002,28973.86,413756,413288,0
2021-01-16,30252,389223,2403,56668,0,52,25,445,6,54,31,499,0,0,32686,32340,446442,445943,0
2021-01-17,23723,412946,1648,58316,0,52,20,465,1,55,21,520,0,0,25392,34700.29,471834,471314,0
2021-01-18,27077,440023,2430,60746,0,52,37,502,7,62,44,564,0,0,29552,34159.43,501386,500822,0
2021-01-19,34261,474284,9647,70393,1,53,74,576,8,70,82,646,0,0,43991,35278.43,545377,544731,0
2021-01-20,34840,509124,9506,79899,1,54,62,638,3,73,65,711,0,0,44412,35739.14,589789,589078,0
2021-01-21,25571,534695,8097,87996,2,56,57,695,5,78,62,773,0,0,33732,34681,623521,622748,0
2021-01-22,24738,559433,4387,92383,1,57,32,727,7,85,39,812,0,0,29165,34132.86,652686,651874,0
2021-01-23,15733,575166,3225,95608,0,57,13,740,2,87,15,827,0,0,18973,32173.86,671659,670832,0
2021-01-24,7167,582333,3461,99069,0,57,20,760,1,88,21,848,0,0,10649,30067.71,682308,681460,0
2021-01-25,13390,595723,11831,110900,0,57,72,832,13,101,85,933,0,0,25306,29461.14,707614,706681,0
2021-01-26,16747,612470,10764,121664,0,57,70,902,3,104,74,1007,0,0,27585,27117.43,735199,734193,0
2021-01-27,20820,633290,12355,134019,0,57,57,959,9,113,66,1073,0,0,33241,25521.57,768440,767368,0
2021-01-28,30723,664013,12859,146878,0,57,87,1046,16,129,103,1176,0,0,43688,26943.86,812128,810953,0
2021-01-29,31663,695676,11516,158394,0,57,85,1131,11,140,96,1272,0,0,43275,28959.57,855403,854132,0
2021-01-30,18704,714380,3744,162138,0,57,23,1154,2,142,26,1298,0,0,22474,29459.71,877877,876581,0
2021-01-31,13002,727382,2932,165070,1,58,30,1184,5,147,35,1333,0,0,15970,30219.86,893847,892516,0
2021-02-01,1180,728562,5400,170470,4,62,38,1222,4,151,42,1375,0,0,6626,27551.29,900473,899100,0
2021-02-02,2823,731385,9442,179912,2,64,54,1276,3,154,57,1432,0,0,12324,25371.14,912797,911367,0
2021-02-03,16341,747726,21235,201147,4,68,214,1490,22,176,236,1668,0,0,37816,26024.71,950613,948947,0
2021-02-04,27032,774758,19653,220800,3,71,212,1702,10,186,222,1890,0,0,46910,26485,997523,995635,0
2021-02-05,27574,802332,20030,240830,0,71,197,1899,16,202,214,2104,0,0,47818,27134,1045341,1043240,0
2021-02-06,22972,825304,11249,252079,0,71,118,2017,14,216,132,2236,0,0,34353,28831,1079694,1077461,0
2021-02-07,12025,837329,8286,260365,1,72,99,2116,13,229,113,2349,0,0,20425,29467.43,1100119,1097774,0
2021-02-08,16932,854261,23528,283893,2,74,240,2356,37,266,278,2627,0,0,40740,34340.86,1140859,1138237,0
2021-02-09,17181,871442,28088,311981,2,76,361,2717,42,308,406,3033,0,0,45677,39105.57,1186536,1183511,0
2021-02-10,19577,891019,29302,341283,2,78,276,2993,52,360,331,3364,0,0,49213,40733.71,1235749,1232396,0
2021-02-11,27825,918844,33454,374737,2,80,359,3352,59,419,418,3782,0,0,61701,42846.71,1297450,1293679,0
2021-02-12,38348,957192,30805,405542,3,83,370,3722,42,461,413,4195,0,0,69569,45954,1367019,1362836,0
2021-02-13,27978,985170,25317,430859,2,85,316,4038,59,520,376,4571,0,0,53674,48714.14,1420693,1416135,0
2021-02-14,16257,1001427,23715,454574,0,85,287,4325,36,556,323,4894,0,0,40295,51552.71,1460988,1456107,0
2021-02-15,12786,1014213,10525,465099,2,87,184,4509,24,580,209,5103,0,0,23522,49093,1484510,1479421,0
2021-02-16,14228,1028441,26702,491801,0,87,347,4856,43,623,391,5494,0,0,41321,48470.71,1525831,1520352,0
2021-02-17,16374,1044815,22193,513994,1,88,290,5146,42,665,332,5826,0,0,38900,46997.43,1564731,1558920,0
2021-02-18,12132,1056947,24981,538975,21,109,311,5457,46,711,357,6183,0,0,37491,43538.86,1602222,1596054,0
2021-02-19,13234,1070181,23922,562897,38,147,320,5777,49,760,369,6552,0,0,37563,38966.57,1639785,1633248,0
2021-02-20,11339,1081520,26067,588964,7,154,343,6120,79,839,424,6976,0,0,37838,36704.29,1677623,1670664,0
2021-02-21,6345,1087865,17411,606375,15,169,303,6423,48,887,352,7328,0,0,24123,34394,1701746,1694436,0
2021-02-22,13038,1100903,11833,618208,2,171,135,6558,22,909,157,7485,0,0,25030,34609.43,1726776,1719309,0
2021-02-23,25221,1126124,14146,632354,1,172,171,6729,36,945,208,7693,0,0,39577,34360.29,1766353,1758679,0
2021-02-24,36316,1162440,20411,652765,0,172,231,6960,43,988,275,7968,0,0,57002,36946.29,1823355,1815407,0
2021-02-25,54509,1216949,30451,683216,6,178,417,7377,66,1054,484,8452,0,0,85450,43797.57,1908805,1900374,0
2021-02-26,62780,1279729,31904,715120,4,182,430,7807,79,1133,511,8963,0,0,95199,52031.29,2004004,1995064,0
2021-02-27,51247,1330976,22759,737879,47,229,357,8164,54,1187,412,9375,0,0,74465,57263.71,2078469,2069118,0
2021-02-28,44541,1375517,13852,751731,7,236,212,8376,37,1224,249,9624,0,0,58649,62196,2137118,2127518,0
2021-03-01,39296,1414813,12782,764513,10,246,175,8551,24,1248,199,9823,0,0,52287,66089.86,2189405,2179606,0
2021-03-02,47070,1461883,12575,777088,7,253,162,8713,17,1265,179,10002,0,0,59831,68983.29,2249236,2239258,0
2021-03-03,48589,1510472,16149,793237,17,270,160,8873,21,1286,181,10183,0,0,64936,70116.71,2314172,2304013,0
2021-03-04,59792,1570264,22817,816054,1092,1362,280,9153,38,1324,320,10503,0,0,84021,69912.57,2398193,2387716,0
2021-03-05,60938,1631202,24296,840350,3107,4469,338,9491,36,1360,376,10879,0,0,88717,68986.57,2486910,2476059,0
2021-03-06,47143,1678345,18886,859236,5451,9920,247,9738,42,1402,289,11168,0,0,71769,68601.43,2558679,2547539,0
2021-03-07,36014,1714359,14886,874122,6243,16163,242,9980,23,1425,267,11435,0,0,57410,68424.43,2616089,2604684,0
2021-03-08,39597,1753956,14689,888811,8554,24717,326,10306,93,1518,424,11859,0,0,63264,69992.57,2679353,2667529,0
2021-03-09,39079,1793035,12855,901666,7757,32474,193,10499,35,1553,229,12088,0,0,59920,70005.29,2739273,2727221,0
2021-03-10,51803,1844838,15369,917035,5064,37538,230,10729,34,1587,266,12354,0,0,72502,71086.14,2811775,2799459,0
2021-03-11,59957,1904795,21825,938860,4618,42156,262,10991,48,1635,312,12666,0,0,86712,71470.57,2898487,2885861,0
2021-03-12,52166,1956961,30306,969166,4182,46338,389,11380,92,1727,481,13147,0,0,87135,71244.57,2985622,2972515,0
2021-03-13,40633,1997594,26679,995845,5110,51448,341,11721,56,1783,397,13544,0,0,72819,71394.57,3058441,3044937,0
2021-03-14,30692,2028286,15970,1011815,4522,55970,259,11980,28,1811,289,13833,0,0,51474,70546.57,3109915,3096124,0
2021-03-15,33578,2061864,17255,1029070,4702,60672,248,12228,33,1844,281,14114,0,0,55816,69482.57,3165731,3151659,0
2021-03-16,38658,2100522,20508,1049578,4922,65594,272,12500,37,1881,310,14424,0,0,64398,70122.29,3230129,3215748,0
2021-03-17,42592,2143114,24785,1074363,4242,69836,358,12858,43,1924,402,14826,0,0,72021,70053.57,3302150,3287368,0
2021-03-18,50403,2193517,26811,1101174,5224,75060,392,13250,64,1988,456,15282,0,0,82894,69508.14,3385044,3369806,0
2021-03-19,47758,2241275,29964,1131138,5621,80681,412,13662,76,2064,488,15770,0,0,83832,69036.29,3468876,3453150,0
2021-03-20,38685,2279960,25836,1156974,4681,85362,313,13975,60,2124,374,16144,0,0,69576,68573,3538452,3522353,0
2021-03-21,29283,2309243,19350,1176324,769,86131,236,14211,45,2169,281,16425,0,0,49683,68317.14,3588135,3571755,0
2021-03-22,33847,2343090,26753,1203077,4037,90168,260,14471,38,2207,299,16724,0,0,64937,69620.14,3653072,3636394,0
2021-03-23,38410,2381500,32850,1235927,4213,94381,307,14778,56,2263,367,17091,0,0,75840,71254.71,3728912,3711871,0
2021-03-24,41468,2422968,37612,1273539,4843,99224,343,15121,65,2328,411,17502,0,0,84334,73013.71,3813246,3795797,0
2021-03-25,43382,2466350,50781,1324320,5049,104273,497,15618,89,2417,590,18092,0,0,99802,75429.14,3913048,3895013,0
2021-03-26,38478,2504828,55494,1379814,4305,108578,548,16166,108,2525,660,18752,0,0,98937,77587,4011985,3993294,0
2021-03-27,35715,2540543,45741,1425555,2938,111516,441,16607,86,2611,528,19280,0,0,84922,79779.29,4096907,4077689,0
2021-03-28,26370,2566913,34443,1459998,1480,112996,357,16964,67,2678,428,19708,0,0,62721,81641.86,4159628,4139986,0
2021-03-29,34799,2601712,38852,1498850,3242,116238,369,17333,115,2793,485,20193,0,0,77378,83419.14,4237006,4216880,0
2021-03-30,40480,2642192,41926,1540776,3712,119950,353,17686,65,2858,419,20612,0,0,86537,84947.29,4323543,4302999,0
2021-03-31,49363,2691555,44875,1585651,7438,127388,425,18111,87,2945,512,21124,0,0,102188,87497.86,4425731,4404675,0
2021-04-01,50753,2742308,53942,1639593,11272,138660,521,18632,86,3031,611,21735,0,0,116578,89894.43,4542309,4520646,0
2021-04-02,43741,2786049,53870,1693463,11964,150624,568,19200,72,3103,645,22380,0,0,110220,91506.29,4652529,4630226,0
2021-04-03,39235,2825284,39204,1732667,9859,160483,354,19554,60,3163,415,22795,0,0,88713,92047.86,4741242,4718525,0
2021-04-04,26546,2851830,24777,1757444,3902,164385,234,19788,51,3214,285,23080,0,0,55510,91017.71,4796752,4773750,0
2021-04-05,41857,2893687,34474,1791918,11193,175578,398,20186,61,3275,460,23540,0,0,87984,92532.86,4884736,4861275,0
2021-04-06,53231,2946918,35618,1827536,13211,188789,454,20640,79,3354,534,24074,0,0,102594,94826.71,4987330,4963336,0
2021-04-07,55469,3002387,40703,1868239,14385,203174,421,21061,84,3438,507,24581,0,0,111064,96094.71,5098394,5073895,0
2021-04-08,59230,3061617,46581,1914820,16335,219509,547,21608,88,3526,636,25217,0,0,122782,96981,5221176,5196042,0
2021-04-09,56620,3118237,44945,1959765,17555,237064,547,22155,80,3606,632,25849,0,0,119752,98342.71,5340928,5315167,0
2021-04-10,49324,3167561,35639,1995404,12715,249779,408,22563,66,3672,478,26327,0,0,98156,99691.71,5439084,5412849,0
2021-04-11,38154,3205715,28827,2024231,7680,257459,301,22864,61,3733,363,26690,0,0,75024,102479.43,5514108,5487511,0
2021-04-12,46614,3252329,31834,2056065,13493,270952,480,23344,69,3802,549,27239,0,0,92490,103123.14,5606598,5579452,0
2021-04-13,52526,3304855,33789,2089854,369,271321,415,23759,66,3868,482,27721,0,0,87166,100919.14,5693764,5666137,0
2021-04-14,50127,3354982,39950,2129804,20,271341,379,24138,80,3948,460,28181,0,0,90557,97989.57,5784321,5756235,0
2021-04-15,52100,3407082,43687,2173491,16,271357,467,24605,108,4056,580,28761,0,0,96384,94218.43,5880705,5852044,0
2021-04-16,51169,3458251,42195,2215686,31,271388,456,25061,76,4132,535,29296,0,0,93930,90529.57,5974635,5945442,0
2021-04-17,43820,3502071,35687,2251373,3,271391,380,25441,85,4217,467,29763,0,0,79977,87932.57,6054612,6024954,0
2021-04-18,28590,3530661,29366,2280739,7,271398,268,25709,65,4282,334,30097,0,0,58297,85543,6112909,6082918,0
2021-04-19,37438,3568099,36447,2317186,21,271419,347,26056,71,4353,420,30517,0,0,74326,82948.14,6187235,6156826,0
2021-04-20,40784,3608883,39626,2356812,19,271438,323,26379,84,4437,408,30925,0,0,80837,82044,6268072,6237256,0
2021-04-21,38872,3647755,46024,2402836,17,271455,513,26892,99,4536,613,31538,0,0,85526,81325.29,6353598,6322170,0
2021-04-22,38472,3686227,48951,2451787,9,271464,357,27249,80,4616,439,31977,0,0,87872,80109.29,6441470,6409605,0
2021-04-23,39677,3725904,44382,2496169,3,271467,364,27613,77,4693,443,32420,0,0,84505,78762.86,6525975,6493669,0
2021-04-24,31922,3757826,41599,2537768,44,271511,293,27906,62,4755,356,32776,0,0,73921,77897.71,6599896,6567235,0
2021-04-25,18411,3776237,31214,2568982,87,271598,207,28113,63,4818,270,33046,0,0,49982,76709.86,6649878,6616947,0
2021-04-26,26953,3803190,40717,2609699,1012,272610,308,28421,95,4913,408,33454,0,0,69090,75961.86,6718968,6685634,0
2021-04-27,28548,3831738,47125,2656824,1696,274306,381,28802,100,5013,486,33940,0,0,77855,75535.86,6796823,6763008,0
2021-04-28,27006,3858744,56841,2713665,2145,276451,458,29260,103,5116,564,34504,0,0,86556,75683,6883379,6849003,0
2021-04-29,28579,3887323,57199,2770864,2150,278601,384,29644,103,5219,489,34993,0,0,88417,75760.86,6971796,6936933,0
2021-04-30,30095,3917418,51988,2822852,2060,280661,296,29940,76,5295,373,35366,0,0,84517,75762.57,7056313,7021078,0
2021-05-01,22472,3939890,44534,2867386,1177,281838,237,30177,68,5363,307,35673,0,0,68490,74986.71,7124803,7089263,0
2021-05-02,11915,3951805,36635,2904021,1081,282919,155,30332,60,5423,217,35890,0,0,49848,74967.57,7174651,7138896,0
2021-05-03,18006,3969811,53015,2957036,2381,285300,271,30603,94,5517,367,36257,0,0,73771,75636.29,7248422,7212302,0
2021-05-04,22723,3992534,56641,3013677,2332,287632,277,30880,118,5635,396,36653,0,0,82093,76241.71,7330515,7294000,0
2021-05-05,21470,4014004,48753,3062430,2313,289945,319,31199,105,5740,425,37078,0,0,72962,74299.71,7403477,7366538,0
2021-05-06,20669,4034673,50176,3112606,2508,292453,284,31483,90,5830,378,37456,0,0,73731,72201.71,7477208,7439895,0
2021-05-07,21230,4055903,52099,3164705,2812,295265,325,31808,81,5911,407,37863,0,0,76548,71063.29,7553756,7516037,0
2021-05-08,16617,4072520,41860,3206565,1834,297099,240,32048,74,5985,314,38177,0,0,60625,69939.71,7614381,7576348,0
2021-05-09,7967,4080487,29401,3235966,1260,298359,159,32207,56,6041,215,38392,0,0,38843,68367.57,7653224,7614976,0
2021-05-10,14368,4094855,38525,3274491,2356,300715,253,32460,94,6135,351,38743,0,0,55601,65771.86,7708825,7670230,0
2021-05-11,19889,4114744,43055,3317546,2512,303227,295,32755,90,6225,390,39133,0,0,65847,63451,7774672,7735692,0
2021-05-12,17807,4132551,40533,3358079,3595,306822,244,32999,81,6306,325,39458,0,0,62260,61922.14,7836932,7797627,0
2021-05-13,24939,4157490,40430,3398509,3229,310051,274,33273,81,6387,357,39815,0,0,68956,61240,7905888,7866228,0
2021-05-14,27002,4184492,42941,3441450,3535,313586,279,33552,96,6483,377,40192,0,0,73855,60855.29,7979743,7939708,0
2021-05-15,23637,4208129,34919,3476369,3364,316950,264,33816,75,6558,340,40532,0,0,62260,61088.86,8042003,8001629,0
2021-05-16,15513,4223642,19458,3495827,2496,319446,125,33941,48,6606,174,40706,0,0,37641,60917.14,8079644,8039097,0
2021-05-17,22659,4246301,29136,3524963,3252,322698,192,34133,73,6679,265,40971,0,0,55312,60875.86,8134956,8094144,0
2021-05-18,24613,4270914,31901,3556864,3402,326100,249,34382,85,6764,334,41305,0,0,60250,60076.29,8195206,8154060,0
2021-05-19,24169,4295083,29729,3586593,3039,329139,235,34617,51,6815,287,41592,0,0,57224,59356.86,8252430,8210998,0
2021-05-20,24129,4319212,30105,3616698,3163,332302,275,34892,89,6904,369,41961,0,0,57766,57758.29,8310196,8268400,0
2021-05-21,24661,4343873,32001,3648699,3057,335359,253,35145,64,6968,320,42281,0,0,60039,55784.57,8370235,8328122,0
2021-05-22,20008,4363881,24373,3673072,2523,337882,171,35316,48,7016,220,42501,0,0,47124,53622.29,8417359,8375027,0
2021-05-23,11222,4375103,13736,3686808,1411,339293,95,35411,32,7048,129,42630,0,0,26498,52030.43,8443857,8401398,0
2021-05-24,18852,4393955,23167,3709975,2757,342050,223,35634,55,7103,281,42911,0,0,45057,50565.43,8488914,8446177,0
2021-05-25,19414,4413369,23383,3733358,2601,344651,180,35814,59,7162,239,43150,0,0,45637,48477.86,8534551,8491575,0
2021-05-26,18773,4432142,21088,3754446,2698,347349,205,36019,49,7211,256,43406,0,0,42815,46419.43,8577366,8534136,0
2021-05-27,18450,4450592,21284,3775730,2530,349879,185,36204,62,7273,248,43654,0,0,42512,44240.29,8619878,8576401,0
2021-05-28,17850,4468442,22874,3798604,2751,352630,195,36399,59,7332,255,43909,0,0,43730,41910.43,8663608,8619877,0
2021-05-29,12699,4481141,17816,3816420,1755,354385,108,36507,39,7371,148,44057,0,0,32418,39809.57,8696026,8652148,0
2021-05-30,7023,4488164,8950,3825370,1074,355459,50,36557,16,7387,66,44123,0,0,17113,38468.86,8713139,8669195,0
2021-05-31,4739,4492903,6922,3832292,1011,356470,66,36623,18,7405,84,44207,0,0,12756,33854.43,8725895,8681867,0
2021-06-01,16042,4508945,25189,3857481,2177,358647,160,36783,42,7447,206,44413,0,0,43614,33565.43,8769509,8725279,0
2021-06-02,15352,4524297,20398,3877879,2095,360742,141,36924,47,7494,188,44601,0,0,38033,32882.29,8807542,8763124,0
2021-06-03,14990,4539287,23822,3901701,2280,363022,137,37061,45,7539,184,44785,0,0,41276,32705.71,8848818,8804218,0
2021-06-04,14708,4553995,26003,3927704,2492,365514,152,37213,42,7581,195,44980,0,0,43399,32658.43,8892217,8847423,0
2021-06-05,10979,4564974,22104,3949808,1806,367320,117,37330,29,7610,147,45127,0,0,35036,33032.43,8927253,8882313,0
2021-06-06,6442,4571416,14484,3964292,1222,368542,93,37423,13,7623,107,45234,0,0,22255,33767,8949508,8904462,0
2021-06-07,11692,4583108,21784,3986076,2378,370920,146,37569,38,7661,187,45421,0,0,36041,37093.43,8985549,8940319,0
2021-06-08,12619,4595727,24018,4010094,2071,372991,130,37699,46,7707,177,45598,0,0,38885,36417.86,9024434,8979028,0
2021-06-09,11120,4606847,23023,4033117,2300,375291,142,37841,44,7751,188,45786,0,0,36631,36217.57,9061065,9015473,0
2021-06-10,12054,4618901,22230,4055347,2461,377752,148,37989,64,7815,212,45998,0,0,36958,35600.71,9098023,9052219,0
2021-06-11,12690,4631591,25126,4080473,2483,380235,162,38151,63,7878,226,46224,0,0,40525,35190.14,9138548,9092519,0
2021-06-12,10158,4641749,19318,4099791,1888,382123,97,38248,45,7923,144,46368,0,0,31508,34686.14,9170056,9123885,0
2021-06-13,4249,4645998,10938,4110729,1219,383342,43,38291,21,7944,64,46432,0,0,16472,33860,9186528,9140293,0
2021-06-14,10199,4656197,19238,4129967,2040,385382,136,38427,53,7997,189,46621,0,0,31666,33235,9218194,9171770,0
2021-06-15,11876,4668073,21015,4150982,1942,387324,132,38559,42,8039,175,46796,0,0,35009,32681.29,9253203,9206605,0
2021-06-16,11581,4679654,19401,4170383,1956,389280,153,38712,73,8112,226,47022,0,0,33164,32186,9286367,9239543,0
2021-06-17,11014,4690668,18760,4189143,1973,391253,133,38845,35,8147,170,47192,0,0,31917,31465.86,9318284,9271292,0
2021-06-18,12163,4702831,18492,4207635,2115,393368,123,38968,37,8184,161,47353,0,0,32932,30381.14,9351216,9304064,0
2021-06-19,8490,4711321,13516,4221151,1459,394827,91,39059,23,8207,114,47467,0,0,23579,29248.43,9374795,9327529,0
2021-06-20,4333,4715654,7159,4228310,924,395751,37,39096,16,8223,53,47520,0,0,12469,28676.57,9387264,9339945,0
2021-06-21,10151,4725805,10014,4238324,1807,397558,73,39169,28,8251,102,47622,0,0,22074,27306.29,9409338,9361918,0
2021-06-22,9826,4735631,15644,4253968,1588,399146,109,39278,29,8280,138,47760,0,0,27196,26190.14,9436534,9388976,0
2021-06-23,10303,4745934,15188,4269156,1862,401008,103,39381,31,8311,135,47895,0,0,27488,25379.29,9464022,9416330,0
2021-06-24,9676,4755610,14702,4283858,1798,402806,125,39506,27,8338,154,48049,0,0,26330,24581.14,9490352,9442508,0
2021-06-25,10582,4766192,14382,4298240,1720,404526,121,39627,38,8376,159,48208,0,0,26843,23711.29,9517195,9469192,0
2021-06-26,7798,4773990,10465,4308705,1249,405775,79,39706,23,8399,103,48311,0,0,19615,23145,9536810,9488705,0
2021-06-27,4998,4778988,6001,4314706,795,406570,34,39740,15,8414,50,48361,0,0,11844,23055.71,9548654,9500500,0
2021-06-28,9027,4788015,10352,4325058,1526,408096,110,39850,26,8440,137,48498,0,0,21042,22908.29,9569696,9521406,0
2021-06-29,9724,4797739,12332,4337390,1347,409443,126,39976,34,8474,161,48659,0,0,23564,22389.43,9593260,9544810,0
2021-06-30,9426,4807165,10927,4348317,1486,410929,151,40127,18,8492,172,48831,0,0,22011,21607,9615271,9566652,0
2021-07-01,9390,4816555,10925,4359242,1434,412363,135,40262,25,8517,162,48993,0,0,21911,20975.71,9637182,9588403,0
2021-07-02,9688,4826243,11457,4370699,1541,413904,119,40381,21,8538,140,49133,0,0,22827,20402,9660009,9611090,0
2021-07-03,7057,4833300,8424,4379123,1192,415096,79,40460,17,8555,96,49229,0,0,16769,19995.43,9676778,9627763,0
2021-07-04,1286,4834586,1335,4380458,567,415663,11,40471,3,8558,14,49243,0,0,3202,18760.86,9679980,9630951,0
2021-07-05,6492,4841078,7108,4387566,1208,416871,67,40538,22,8580,89,49332,0,0,14897,17883,9694877,9645759,0
2021-07-06,9504,4850582,12854,4400420,1315,418186,117,40655,38,8618,156,49488,0,0,23829,17920.86,9718706,9669433,0
2021-07-07,8661,4859243,11106,4411526,1418,419604,129,40784,20,8638,149,49637,0,0,21334,17824.14,9740040,9690618,0
2021-07-08,8216,4867459,10190,4421716,1258,420862,111,40895,23,8661,136,49773,0,0,19800,17522.57,9759840,9710284,0
2021-07-09,8369,4875828,10832,4432548,1280,422142,92,40987,20,8681,112,49885,0,0,20593,17203.43,9780433,9730765,0
2021-07-10,7097,4882925,8636,4441184,1130,423272,68,41055,21,8702,90,49975,0,0,16953,17229.71,9797386,9747629,0
2021-07-11,4104,4887029,4540,4445724,701,423973,38,41093,6,8708,44,50019,0,0,9389,18113.57,9806775,9756974,0
2021-07-12,8445,4895474,9562,4455286,1251,425224,85,41178,23,8731,108,50127,0,0,19366,18752,9826141,9776232,0
2021-07-13,9457,4904931,9393,4464679,952,426176,109,41287,36,8767,147,50274,0,0,19949,18197.71,9846090,9796036,0
2021-07-14,8989,4913920,9534,4474213,1010,427186,110,41397,22,8789,136,50410,0,0,19669,17959.86,9865759,9815573,0
2021-07-15,8789,4922709,9155,4483368,1052,428238,85,41482,20,8809,106,50516,0,0,19102,17860.14,9884861,9834570,0
2021-07-16,9246,4931955,9765,4493133,980,429218,104,41586,30,8839,134,50650,0,0,20125,17793.29,9904986,9854561,0
2021-07-17,6838,4938793,7388,4500521,803,430021,80,41666,21,8860,101,50751,0,0,15130,17532.86,9920116,9869590,0
2021-07-18,4251,4943044,4287,4504808,575,430596,37,41703,13,8873,50,50801,0,0,9163,17500.57,9929279,9878703,0
2021-07-19,9118,4952162,8486,4513294,999,431595,93,41796,22,8895,116,50917,0,0,18719,17408.14,9947998,9897307,0
2021-07-20,10637,4962799,8757,4522051,991,432586,96,41892,26,8921,123,51040,0,0,20508,17488,9968506,9917693,0
2021-07-21,10050,4972849,8776,4530827,904,433490,149,42041,33,8954,182,51222,0,0,19912,17522.71,9988418,9937423,0
2021-07-22,10685,4983534,8584,4539411,1045,434535,146,42187,27,8981,174,51396,0,0,20488,17720.71,10008906,9957738,0
2021-07-23,11244,4994778,8887,4548298,1114,435649,140,42327,23,9004,165,51561,0,0,21410,17904.29,10030316,9978985,0
2021-07-24,7400,5002178,6741,4555039,670,436319,82,42409,26,9030,109,51670,0,0,14920,17874.29,10045236,9993797,0
2021-07-25,5471,5007649,2130,4557169,509,436828,58,42467,4,9034,62,51732,0,0,8172,17732.71,10053408,10001907,0
2021-07-26,10865,5018514,7010,4564179,856,437684,113,42580,20,9054,133,51865,0,0,18864,17753.43,10072272,10020638,0
2021-07-27,12057,5030571,8573,4572752,856,438540,140,42720,41,9095,182,52047,0,0,21668,17919.14,10093940,10042125,0
2021-07-28,12001,5042572,8058,4580810,950,439490,138,42858,29,9124,168,52215,0,0,21177,18099.86,10115117,10063135,0
2021-07-29,10922,5053494,7437,4588247,983,440473,140,42998,41,9165,185,52400,0,0,19527,17962.57,10134644,10082481,0
2021-07-30,14945,5068439,8014,4596261,1151,441624,188,43186,32,9197,222,52622,0,0,24332,18380,10158976,10106593,0
2021-07-31,9718,5078157,6324,4602585,815,442439,122,43308,21,9218,144,52766,0,0,17001,18677.29,10175977,10123451,0
2021-08-01,6496,5084653,3313,4605898,564,443003,81,43389,22,9240,103,52869,0,0,10476,19006.43,10186453,10133824,0
2021-08-02,13448,5098101,7152,4613050,845,443848,150,43539,19,9259,169,53038,0,0,21614,19399.29,10208067,10155269,0
2021-08-03,15399,5113500,8393,4621443,1109,444957,146,43685,39,9298,186,53224,0,0,25087,19887.71,10233154,10180171,0
2021-08-04,17252,5130752,8134,4629577,1454,446411,183,43868,36,9334,219,53443,0,0,27059,20728,10260213,10207011,0
2021-08-05,17879,5148631,7935,4637512,1371,447782,162,44030,22,9356,184,53627,0,0,27369,21848.29,10287582,10234196,0
2021-08-06,18167,5166798,8419,4645931,1229,449011,175,44205,32,9388,207,53834,0,0,28022,22375.43,10315604,10262011,0
2021-08-07,13376,5180174,6019,4651950,800,449811,105,44310,29,9417,134,53968,0,0,20329,22850.86,10335933,10282206,0
2021-08-08,9309,5189483,3834,4655784,400,450211,84,44394,10,9427,94,54062,0,0,13637,23302.43,10349570,10295749,0
2021-08-09,21331,5210814,8530,4664314,965,451176,178,44572,34,9461,213,54275,0,0,31039,24648.86,10380609,10326576,0
2021-08-10,18944,5229758,9332,4673646,946,452122,182,44754,34,9495,217,54492,0,0,29439,25270.57,10410048,10355799,0
2021-08-11,15641,5245399,8314,4681960,853,452975,132,44886,46,9541,179,54671,0,0,24987,24974.57,10435035,10380608,0
2021-08-12,15046,5260445,8988,4690948,942,453917,180,45066,37,9578,219,54890,0,0,25195,24664,10460230,10405586,0
2021-08-13,14912,5275357,9294,4700242,919,454836,247,45313,38,9616,286,55176,0,0,25412,24291.14,10485642,10430713,0
2021-08-14,10392,5285749,6413,4706655,625,455461,537,45850,41,9657,581,55757,0,0,18011,23960,10503653,10448146,0
2021-08-15,6687,5292436,4482,4711137,676,456137,567,46417,34,9691,606,56363,0,0,12451,23790.57,10516104,10459996,0
2021-08-16,15692,5308128,9314,4720451,1149,457286,1330,47747,68,9759,1403,57766,0,0,27558,23293.29,10543662,10486156,0
2021-08-17,17755,5325883,10457,4730908,1229,458515,1778,49525,85,9844,1878,59644,0,0,31319,23561.86,10574981,10515612,0
2021-08-18,17476,5343359,10381,4741289,1262,459777,2004,51529,91,9935,2106,61750,0,0,31225,24453,10606206,10544742,0
2021-08-19,16283,5359642,9530,4750819,1315,461092,1961,53490,69,10004,2044,63794,0,0,29172,25021.14,10635378,10571884,0
2021-08-20,16257,5375899,11541,4762360,1252,462344,1872,55362,90,10094,1976,65770,0,0,31026,25823.14,10666404,10600948,0
2021-08-21,11144,5387043,8038,4770398,878,463222,1069,56431,53,10147,1129,66899,0,0,21189,26277.14,10687593,10621015,0
2021-08-22,4075,5391118,3903,4774301,261,463483,520,56951,33,10180,557,67456,0,0,8796,25755,10696389,10629258,0
2021-08-23,15570,5406688,11810,4786111,1022,464505,1553,58504,78,10258,1644,69100,0,0,30047,26110.57,10726436,10657674,0
2021-08-24,16900,5423588,12597,4798708,1007,465512,1777,60281,83,10341,1868,70968,0,0,32372,26261,10758808,10688186,0
2021-08-25,14558,5438146,12455,4811163,1112,466624,1575,61856,82,10423,1672,72640,0,0,29797,26057,10788605,10716326,0
2021-08-26,16140,5454286,14101,4825264,1070,467694,1783,63639,71,10494,1866,74506,0,0,33177,26629.14,10821782,10747649,0
2021-08-27,14866,5469152,14824,4840088,971,468665,1680,65319,76,10570,1764,76270,0,0,32425,26829,10854207,10778318,0
2021-08-28,10673,5479825,11523,4851611,835,469500,1023,66342,47,10617,1071,77341,0,0,24102,27245.14,10878309,10801350,0
2021-08-29,7208,5487033,7500,4859111,541,470041,782,67124,58,10675,849,78190,0,0,16098,28288.29,10894407,10816608,0
2021-08-30,15505,5502538,16932,4876043,1076,471117,1799,68923,96,10771,1903,80093,0,0,35416,29055.29,10929823,10850129,0
2021-08-31,15495,5518033,15962,4892005,952,472069,1983,70906,91,10862,2084,82177,0,0,34493,29358.29,10964316,10882548,0
2021-09-01,14819,5532852,14114,4906119,1020,473089,1816,72722,62,10924,1888,84065,0,0,31841,29650.29,10996157,10912511,0
2021-09-02,14306,5547158,12525,4918644,896,473985,1718,74440,65,10989,1799,85864,0,0,29526,29128.71,11025683,10940254,0
2021-09-03,14989,5562147,14317,4932961,974,474959,1902,76342,73,11062,1981,87845,0,0,32261,29105.29,11057944,10970540,0
2021-09-04,9640,5571787,9405,4942366,688,475647,982,77324,34,11096,1021,88866,0,0,20754,28627,11078698,10990278,0
2021-09-05,6790,5578577,5511,4947877,438,476085,720,78044,19,11115,740,89606,0,0,13479,28252.86,11092177,11003018,0
2021-09-06,5195,5583772,4510,4952387,358,476443,275,78319,11,11126,288,89894,0,0,10351,24672.14,11102528,11013083,0
2021-09-07,15555,5599327,17698,4970085,912,477355,1565,79884,96,11222,1669,91563,0,0,35834,24863.71,11138362,11047256,0
2021-09-08,16140,5615467,14829,4984914,1069,478424,1792,81676,83,11305,1886,93449,0,0,33924,25161.29,11172286,11079305,0
2021-09-09,16093,5631560,14759,4999673,1048,479472,1922,83598,78,11383,2011,95460,0,0,33911,25787.71,11206197,11111216,0
2021-09-10,18345,5649905,15402,5015075,1207,480679,1983,85581,82,11465,2072,97532,0,0,37026,26468.43,11243223,11146177,0
2021-09-11,12624,5662529,10350,5025425,958,481637,1037,86618,50,11515,1093,98625,0,0,25025,27078.57,11268248,11170115,0
2021-09-12,8531,5671060,5054,5030479,765,482402,694,87312,32,11547,727,99352,0,0,15077,27306.86,11283325,11184466,0
2021-09-13,16917,5687977,12967,5043446,976,483378,1664,88976,53,11600,1727,101079,0,0,32587,30483.43,11315912,11215336,0
2021-09-14,16256,5704233,13676,5057122,887,484265,1605,90581,57,11657,1674,102753,0,0,32494,30006.29,11348406,11246168,0
2021-09-15,15504,5719737,12900,5070022,727,484992,1576,92157,86,11743,1671,104424,0,0,30802,29560.29,11379208,11275308,0
2021-09-16,15322,5735059,13918,5083940,1209,486201,1473,93630,69,11812,1549,105973,0,0,31998,29287,11411206,11305764,0
2021-09-17,14424,5749483,13952,5097892,922,487123,1849,95479,61,11873,1912,107885,0,0,31210,28456.14,11442416,11335064,0
2021-09-18,9982,5759465,10191,5108083,913,488036,1054,96533,43,11916,1101,108986,0,0,22187,28050.71,11464603,11356154,0
2021-09-19,6166,5765631,6078,5114161,557,488593,750,97283,28,11944,783,109769,0,0,13584,27837.43,11478187,11368960,0
2021-09-20,12656,5778287,12634,5126795,1068,489661,1929,99212,63,12007,2001,111770,0,0,28360,27233.57,11506547,11395328,0
2021-09-21,12215,5790502,12771,5139566,1108,490769,2039,101251,81,12088,2136,113906,0,0,28230,26624.43,11534777,11421438,0
2021-09-22,12812,5803314,12007,5151573,1088,491857,1694,102945,69,12157,1769,115675,0,0,27676,26177.86,11562453,11447351,0
2021-09-23,14911,5818225,12769,5164342,1639,493496,2276,105221,77,12234,2360,118035,0,0,31679,26132.29,11594132,11476677,0
2021-09-24,16423,5834648,13361,5177703,1636,495132,4631,109852,129,12363,4778,122813,0,0,36198,26844.86,11630330,11508115,0
2021-09-25,10517,5845165,9033,5186736,1017,496149,3463,113315,83,12446,3563,126376,0,0,24130,27122.43,11654460,11528699,0
2021-09-26,6288,5851453,5768,5192504,773,496922,2423,115738,62,12508,2497,128873,0,0,15326,27371.29,11669786,11541540,0
2021-09-27,14125,5865578,8066,5200570,1155,498077,9086,124824,166,12674,9301,138174,0,0,32648,27983.86,11702434,11564936,0
2021-09-28,11095,5876673,11790,5212360,901,498978,9937,134761,185,12859,10161,148335,0,0,33947,28800.57,11736381,11588761,0
2021-09-29,11583,5888256,12196,5224556,1204,500182,9463,144224,182,13041,9679,158014,0,0,34662,29798.57,11771043,11613778,0
2021-09-30,12205,5900461,12609,5237165,1337,501519,9770,153994,184,13225,9988,168002,0,0,36139,30435.71,11807182,11639963,0
2021-10-01,12608,5913069,13431,5250596,1284,502803,10296,164290,158,13383,10490,178492,0,0,37813,30666.43,11844995,11667322,0
2021-10-02,7714,5920783,9981,5260577,865,503668,4250,168540,83,13466,4357,182849,0,0,22917,30493.14,11867912,11685906,0
2021-10-03,5052,5925835,6158,5266735,593,504261,2628,171168,60,13526,2698,185547,0,0,14501,30375.29,11882413,11697719,0
2021-10-04,9894,5935729,11017,5277752,913,505174,9544,180712,151,13677,9731,195278,0,0,31555,30219.14,11913968,11719579,0
2021-10-05,10128,5945857,11734,5289486,972,506146,9959,190671,182,13859,10184,205462,0,0,33018,30086.43,11946986,11742456,0
2021-10-06,9861,5955718,11050,5300536,937,507083,9959,200630,163,14022,10158,215620,0,0,32007,29707.14,11978993,11764341,0
2021-10-07,9589,5965307,12152,5312688,850,507933,10185,210815,184,14206,10403,226023,0,0,32994,29257.86,12011987,11786966,0
2021-10-08,9421,5974728,12182,5324870,940,508873,10930,221745,167,14373,11136,237159,0,0,33679,28667.29,12045666,11809548,0
2021-10-09,6222,5980950,8243,5333113,643,509516,4131,225876,92,14465,4240,241399,0,0,19348,28157.43,12065014,11824673,0
2021-10-10,3526,5984476,5029,5338142,458,509974,2439,228315,50,14515,2497,243896,0,0,11510,27730.14,12076524,11833694,0
2021-10-11,7586,5992062,9339,5347481,728,510702,8913,237228,166,14681,9103,252999,0,0,26756,27044.57,12103280,11851371,0
2021-10-12,8038,6000100,10997,5358478,891,511593,10543,247771,187,14868,10771,263770,0,0,30697,26713,12133977,11871338,0
2021-10-13,7121,6007221,10149,5368627,869,512462,8815,256586,187,15055,9033,272803,0,0,27172,26022.29,12161149,11889508,0
2021-10-14,7400,6014621,11116,5379743,837,513299,10136,266722,170,15225,10346,283149,0,0,29699,25551.57,12190848,11908901,0
2021-10-15,7699,6022320,11858,5391601,823,514122,10862,277584,176,15401,11071,294220,0,0,31451,25233.29,12222299,11929314,0
2021-10-16,4853,6027173,7464,5399065,665,514787,3856,281440,67,15468,3935,298155,0,0,16917,24886,12239216,11942308,0
2021-10-17,3046,6030219,4469,5403534,411,515198,2463,283903,46,15514,2516,300671,0,0,10442,24733.43,12249658,11950241,0
2021-10-18,7011,6037230,10672,5414206,797,515995,9500,293403,192,15706,9726,310397,0,0,28206,24940.57,12277864,11968755,0
2021-10-19,6544,6043774,8945,5423151,803,516798,9109,302512,182,15888,9333,319730,0,0,25625,24216,12303489,11985089,0
2021-10-20,6509,6050283,9372,5432523,975,517773,10002,312514,183,16071,10223,329953,0,0,27079,24202.71,12330568,12001983,0
2021-10-21,6998,6057281,9385,5441908,857,518630,10877,323391,159,16230,11071,341024,0,0,28311,24004.43,12358879,12019258,0
2021-10-22,8070,6065351,10342,5452250,1025,519655,16382,339773,229,16459,16665,357689,0,0,36102,24668.86,12394981,12038749,0
2021-10-23,5145,6070496,6453,5458703,690,520345,9140,348913,117,16576,9279,366968,0,0,21567,25333.14,12416548,12051059,0
2021-10-24,3246,6073742,3967,5462670,766,521111,6178,355091,82,16658,6285,373253,0,0,14264,25879.14,12430812,12059063,0
2021-10-25,8701,6082443,8745,5471415,1152,522263,19289,374380,308,16966,19670,392923,0,0,38268,27316.57,12469080,12077734,0
2021-10-26,8140,6090583,7724,5479139,1258,523521,17319,391699,283,17249,17672,410595,0,0,34794,28626.43,12503874,12094926,0
2021-10-27,10489,6101072,8392,5487531,1604,525125,20895,412594,338,17587,21307,431902,0,0,41792,30728.29,12545666,12115485,0
2021-10-28,11254,6112326,8025,5495556,1793,526918,20905,433499,332,17919,21305,453207,0,0,42377,32737.71,12588043,12136625,0
2021-10-29,11794,6124120,8227,5503783,1967,528885,22585,456084,355,18274,23012,476219,0,0,45001,34009,12633044,12158686,0
2021-10-30,4589,6128709,5062,5508845,932,529817,11206,467290,166,18440,11413,487632,0,0,21996,34070.29,12655040,12169310,0
2021-10-31,2640,6131349,2698,5511543,544,530361,6653,473943,108,18548,6785,494417,0,0,12667,33842.14,12667707,12175216,0
2021-11-01,7057,6138406,6954,5518497,1085,531446,20435,494378,345,18893,20840,515257,0,0,35936,33509,12703643,12190372,0
2021-11-02,6516,6144922,6587,5525084,1055,532501,20826,515204,282,19175,21187,536444,0,0,35346,33587.86,12738989,12204610,0
2021-11-03,6774,6151696,6674,5531758,1025,533526,20693,535897,316,19491,21086,557530,0,0,35561,32697.71,12774550,12219162,0
2021-11-04,9246,6160942,6273,5538031,997,534523,22433,558330,355,19846,22870,580400,0,0,39386,32270.43,12813936,12235760,0
2021-11-05,11007,6171949,6717,5544748,1049,535572,23814,582144,364,20210,24262,604662,0,0,43035,31989.57,12856971,12254617,0
2021-11-06,11131,6183080,4051,5548799,593,536165,12618,594762,178,20388,12833,617495,0,0,28608,32934.14,12885579,12270429,0
2021-11-07,7221,6190301,2287,5551086,577,536742,7123,601885,99,20487,7237,624732,0,0,17322,33599.14,12902901,12280529,0
2021-11-08,15014,6205315,5677,5556763,862,537604,19545,621430,290,20777,19902,644634,0,0,41455,34387.57,12944356,12302149,0
2021-11-09,16088,6221403,5385,5562148,658,538262,20565,641995,287,21064,20934,665568,0,0,43065,35490.29,12987421,12324362,0
2021-11-10,16843,6238246,5322,5567470,682,538944,22725,664720,300,21364,23095,688663,0,0,45942,36973.29,13033363,12347279,0
2021-11-11,12474,6250720,5189,5572659,760,539704,22158,686878,303,21667,22532,711195,0,0,40955,37197.43,13074318,12365773,0
2021-11-12,16810,6267530,5684,5578343,705,540409,23486,710364,365,22032,23929,735124,0,0,47128,37782.14,13121446,12389050,0
2021-11-13,9910,6277440,3659,5582002,464,540873,13371,723735,186,22218,13602,748726,0,0,27635,37643.14,13149081,12403128,0
2021-11-14,5971,6283411,2285,5584287,324,541197,7962,731697,83,22301,8066,756792,0,0,16646,37546.57,13165727,12411729,0
2021-11-15,13161,6296572,5974,5590261,688,541885,25182,756879,372,22673,25633,782425,0,0,45456,38118.14,13211183,12431631,0
2021-11-16,9863,6306435,5777,5596038,652,542537,30742,787621,448,23121,31269,813694,0,0,47563,38760.71,13258746,12448004,0
2021-11-17,10195,6316630,6669,5602707,680,543217,31521,819142,432,23553,32046,845740,0,0,49590,39281.86,13308336,12465641,0
2021-11-18,10617,6327247,6521,5609228,854,544071,33131,852273,476,24029,33704,879444,0,0,51696,40816.29,13360032,12483730,0
2021-11-19,11884,6339131,6549,5615777,707,544778,36378,888651,477,24506,36946,916390,0,0,56086,42096,13416118,12502961,0
2021-11-20,9269,6348400,3414,5619191,512,545290,22585,911236,265,24771,22902,939292,0,0,36097,43304.86,13452215,12516208,0
2021-11-21,4883,6353283,1886,5621077,288,545578,13258,924494,158,24929,13441,952733,0,0,20498,43855.14,13472713,12523290,0
2021-11-22,10309,6363592,5779,5626856,748,546326,36034,960528,455,25384,36581,989314,0,0,53417,44992.43,13526130,12540218,0
2021-11-23,9668,6373260,4777,5631633,631,546957,33620,994148,400,25784,34092,1023406,0,0,49169,45221.86,13575299,12555367,0
2021-11-24,8606,6381866,4744,5636377,647,547604,26002,1020150,296,26080,26370,1049776,0,0,40367,43904.29,13615666,12569436,0
2021-11-25,447,6382313,330,5636707,80,547684,1003,1021153,9,26089,1012,1050788,0,0,1869,36786.14,13617535,12570293,0
2021-11-26,7982,6390295,7005,5643712,528,548212,26654,1047807,317,26406,27029,1077817,0,0,42544,34851.57,13660079,12585866,0
2021-11-27,6629,6396924,6856,5650568,370,548582,18895,1066702,232,26638,19165,1096982,0,0,33021,34412.14,13693100,12599760,0
2021-11-28,4021,6400945,5793,5656361,279,548861,11945,1078647,126,26764,12092,1109074,0,0,22185,34653.14,13715285,12609874,0
2021-11-29,8984,6409929,11019,5667380,684,549545,35167,1113814,464,27228,35709,1144783,0,0,56396,35078.71,13771681,12630639,0
2021-11-30,10375,6420304,11452,5678832,510,550055,37880,1151694,513,27741,38507,1183290,0,0,60844,36746.57,13832525,12653090,0
2021-12-01,11046,6431350,10983,5689815,724,550779,40494,1192188,444,28185,41037,1224327,0,0,63792,40093,13896317,12675944,0
2021-12-02,11503,6442853,11049,5700864,625,551404,42347,1234535,475,28660,42920,1267247,0,0,66097,49268.43,13962414,12699219,0
2021-12-03,13319,6456172,12916,5713780,665,552069,48126,1282661,550,29210,48780,1316027,0,0,75680,54002.14,14038094,12726223,0
2021-12-04,9733,6465905,11320,5725100,564,552633,30781,1313442,315,29525,31150,1347177,0,0,52767,56823,14090861,12747894,0
2021-12-05,5683,6471588,5701,5730801,270,552903,16721,1330163,133,29658,16891,1364068,0,0,28545,57731.57,14119406,12759585,0
2021-12-06,12191,6483779,9988,5740789,599,553502,43393,1373556,473,30131,43959,1408027,0,0,66738,59209,14186144,12782457,0
2021-12-07,12465,6496244,9257,5750046,623,554125,43199,1416755,528,30659,43817,1451844,0,0,66162,59968.71,14252306,12804892,0
2021-12-08,13412,6509656,8778,5758824,555,554680,40926,1457681,503,31162,41512,1493356,0,0,64257,60035.14,14316563,12827720,0
2021-12-09,13346,6523002,8759,5767583,551,555231,40994,1498675,508,31670,41602,1534958,0,0,64259,59772.57,14380822,12850477,0
2021-12-10,13912,6536914,10161,5777744,666,555897,43831,1542506,546,32216,44465,1579423,0,0,69205,58847.57,14450027,12875305,0
2021-12-11,10185,6547099,8156,5785900,404,556301,26782,1569288,293,32509,27125,1606548,0,0,45871,57862.43,14495898,12894101,0
2021-12-12,5963,6553062,3859,5789759,287,556588,15210,1584498,139,32648,15374,1621922,0,0,25483,57425,14521381,12904235,0
2021-12-13,12089,6565151,7435,5797194,654,557242,38046,1622544,411,33059,38540,1660462,0,0,58718,56279.29,14580099,12924496,0
2021-12-14,12126,6577277,6947,5804141,729,557971,38295,1660839,455,33514,38818,1699280,0,0,58621,55202,14638720,12944367,0
2021-12-15,11967,6589244,6247,5810388,754,558725,38294,1699133,501,34015,38877,1738157,0,0,57846,54286.14,14696566,12963418,0
2021-12-16,13049,6602293,4266,5814654,737,559462,41262,1740395,473,34488,41809,1779966,0,0,59861,53657.86,14756427,12981544,0
2021-12-17,15816,6618109,6942,5821596,617,560079,46962,1787357,491,34979,47551,1827517,0,0,70926,53903.71,14827353,13005017,0
2021-12-18,12931,6631040,5731,5827327,432,560511,30710,1818067,284,35263,31052,1858569,0,0,50146,54514.43,14877499,13024169,0
2021-12-19,6947,6637987,2992,5830319,326,560837,18067,1836134,183,35446,18282,1876851,0,0,28547,54952.14,14906046,13034466,0
2021-12-20,16682,6654669,5855,5836174,745,561582,47668,1883802,588,36034,48337,1925188,0,0,71619,56795.14,14977665,13057829,0
2021-12-21,17817,6672486,6576,5842750,806,562388,49079,1932881,619,36653,49776,1974964,0,0,74976,59131.57,15052641,13083107,0
2021-12-22,18465,6690951,6552,5849302,938,563326,49849,1982730,553,37206,50481,2025445,0,0,76436,61787.29,15129077,13109141,0
2021-12-23,18920,6709871,6491,5855793,929,564255,46033,2028763,548,37754,46647,2072092,0,0,72987,63662.43,15202064,13135547,0
2021-12-24,9176,6719047,2957,5858750,598,564853,20664,2049427,213,37967,20911,2093003,0,0,33642,58336.14,15235706,13148312,0
2021-12-25,342,6719389,63,5858813,31,564884,427,2049854,8,37975,436,2093439,0,0,872,51297,15236578,13148749,0
2021-12-26,7911,6727300,3932,5862745,341,565225,17320,2067174,179,38154,17530,2110969,0,0,29714,51463.71,15266292,13160964,0
2021-12-27,21689,6748989,9210,5871955,934,566159,43569,2110743,576,38730,44218,2155187,0,0,76051,52096.86,15342343,13192870,0
2021-12-28,20030,6769019,8344,5880299,700,566859,47721,2158464,633,39363,48443,2203630,0,0,77517,52459.86,15419860,13222033,0
2021-12-29,18402,6787421,7673,5887972,606,567465,45715,2204179,502,39865,46293,2249923,0,0,72974,51965.29,15492834,13248790,0
2021-12-30,16798,6804219,7442,5895414,588,568053,44943,2249122,604,40469,45637,2295560,0,0,70466,51605.14,15563300,13273709,0
2021-12-31,5338,6809557,2819,5898233,193,568246,14800,2263922,190,40659,15012,2310572,0,0,23362,50136.57,15586662,13282081,0
2022-01-01,244,6809801,149,5898382,12,568258,504,2264426,36,40695,544,2311116,0,0,949,50147.57,15587611,13282490,0
2022-01-02,6397,6816198,5019,5903401,153,568411,11014,2275440,111,40806,11140,2322256,0,0,22709,49146.86,15610320,13294074,0
2022-01-03,14058,6830256,8523,5911924,515,568926,27043,2302483,353,41159,27441,2349697,0,0,50537,45502,15660857,13317215,0
2022-01-04,12758,6843014,8129,5920053,414,569340,27321,2329804,373,41532,27753,2377450,0,0,49054,41435.86,15709911,13338575,0
2022-01-05,11271,6854285,7035,5927088,386,569726,26040,2355844,323,41855,26407,2403857,0,0,45099,37453.71,15755010,13357311,0
2022-01-06,11297,6865582,7399,5934487,485,570211,27689,2383533,363,42218,28104,2431961,0,0,47285,34142.14,15802295,13376544,0
2022-01-07,10105,6875687,8458,5942945,339,570550,25250,2408783,334,42552,25618,2457579,0,0,44521,37164.86,15846816,13395481,0
2022-01-08,7635,6883322,8604,5951549,311,570861,19648,2428431,194,42746,19860,2477439,0,0,36411,42230.86,15883227,13412050,0
2022-01-09,4098,6887420,3846,5955395,214,571075,10083,2438514,101,42847,10195,2487634,0,0,18355,41608.86,15901582,13420221,0
2022-01-10,10121,6897541,8202,5963597,490,571565,24658,2463172,313,43160,25023,2512657,0,0,43836,40651.57,15945418,13439086,0
2022-01-11,8821,6906362,7990,5971587,522,572087,21087,2484259,298,43458,21430,2534087,0,0,38767,39182,15984185,13456468,0
2022-01-12,8881,6915243,8334,5979921,427,572514,22413,2506672,295,43753,22743,2556830,0,0,40386,38508.71,16024571,13474146,0
2022-01-13,8974,6924217,8874,5988795,451,572965,22964,2529636,345,44098,23347,2580177,0,0,41648,37703.43,16066219,13492485,0
2022-01-14,10048,6934265,8131,5996926,474,573439,26496,2556132,345,44443,26882,2607059,0,0,45535,37848.29,16111754,13511179,0
2022-01-15,6181,6940446,4322,6001248,180,573619,15174,2571306,185,44628,15382,2622441,0,0,26065,36370.29,16137819,13521885,0
2022-01-16,2887,6943333,3250,6004498,95,573714,7844,2579150,90,44718,7944,2630385,0,0,14177,35773.43,16151996,13528128,0
2022-01-17,6029,6949362,6758,6011256,363,574077,14729,2593879,224,44942,14972,2645357,0,0,28122,33528.57,16180118,13541297,0
2022-01-18,8104,6957466,10324,6021580,393,574470,19717,2613596,330,45272,20078,2665435,0,0,38899,33547.43,16219017,13560149,0
2022-01-19,7399,6964865,9266,6030846,303,574773,17764,2631360,287,45559,18084,2683519,0,0,35052,32785.43,16254069,13577150,0
2022-01-20,6216,6971081,8568,6039414,305,575078,15310,2646670,260,45819,15597,2699116,0,0,30687,31219.57,16284756,13592267,0
2022-01-21,7504,6978585,7520,6046934,276,575354,18558,2665228,296,46115,18879,2717995,0,0,34179,29597.29,16318935,13607592,0
2022-01-22,5164,6983749,4956,6051890,132,575486,11346,2676574,134,46249,11505,2729500,0,0,21757,28981.86,16340692,13617869,0
2022-01-23,2776,6986525,3338,6055228,97,575583,6253,2682827,78,46327,6339,2735839,0,0,12550,28749.43,16353242,13624088,0
2022-01-24,6314,6992839,8215,6063443,262,575845,15108,2697935,254,46581,15389,2751228,0,0,30181,29043.57,16383423,13638907,0
2022-01-25,6131,6998970,7960,6071403,230,576075,14744,2712679,295,46876,15073,2766301,0,0,29394,27685.71,16412817,13653262,0
2022-01-26,5704,7004674,7190,6078593,287,576362,14052,2726731,225,47101,14305,2780606,0,0,27486,26604.86,16440303,13666471,0
2022-01-27,5197,7009871,7103,6085696,320,576682,14128,2740859,240,47341,14407,2795013,0,0,27027,26082,16467330,13679130,0
2022-01-28,6204,7016075,7886,6093582,205,576887,16165,2757024,246,47587,16434,2811447,0,0,30729,25589.14,16498059,13693448,0
2022-01-29,833,7016908,729,6094311,28,576915,2544,2759568,40,47627,2587,2814034,0,0,4177,23077.71,16502236,13695041,0
2022-01-30,2070,7018978,3025,6097336,103,577018,4557,2764125,64,47691,4625,2818659,0,0,9823,22688.14,16512059,13700243,0
2022-01-31,4969,7023947,6600,6103936,219,577237,11412,2775537,208,47899,11635,2830294,0,0,23423,21722.71,16535482,13712046,0
2022-02-01,4795,7028742,6457,6110393,220,577457,10740,2786277,223,48122,10981,2841275,0,0,22454,20731.29,16557936,13723537,0
2022-02-02,4240,7032982,5937,6116330,212,577669,11261,2797538,243,48365,11522,2852797,0,0,21911,19934.86,16579847,13733944,0
2022-02-03,4197,7037179,5819,6122149,216,577885,11240,2808778,206,48571,11473,2864270,0,0,21706,19174.71,16601553,13744204,0
2022-02-04,4728,7041907,7119,6129268,214,578099,13258,2822036,243,48814,13527,2877797,0,0,25588,18440.29,16627141,13756291,0
2022-02-05,3551,7045458,6083,6135351,109,578208,8608,2830644,159,48973,8782,2886579,0,0,18525,20490,16645666,13766049,0
2022-02-06,2045,7047503,2138,6137489,120,578328,4655,2835299,105,49078,4764,2891343,0,0,9068,20382.14,16654734,13770357,0
2022-02-07,4114,7051617,4751,6142240,205,578533,10156,2845455,238,49316,10419,2901762,0,0,19489,19820.14,16674223,13779452,0
2022-02-08,4178,7055795,5604,6147844,214,578747,11360,2856815,316,49632,11702,2913464,0,0,21698,19712.14,16695921,13789474,0
2022-02-09,4103,7059898,5405,6153249,221,578968,11686,2868501,259,49891,11969,2925433,0,0,21698,19681.71,16717619,13799227,0
2022-02-10,3958,7063856,5130,6158379,243,579211,12216,2880717,295,50186,12541,2937974,0,0,21872,19705.43,16739491,13808588,0
2022-02-11,4483,7068339,5809,6164188,195,579406,13759,2894476,328,50514,14119,2952093,0,0,24606,19565.14,16764097,13819107,0
2022-02-12,3231,7071570,4352,6168540,97,579503,8827,2903303,222,50736,9060,2961153,0,0,16740,19310.14,16780837,13826798,0
2022-02-13,1508,7073078,1544,6170084,41,579544,4888,2908191,115,50851,5008,2966161,0,0,8101,19172,16788938,13829896,0
2022-02-14,2956,7076034,3633,6173717,167,579711,10589,2918780,332,51183,10948,2977109,0,0,17704,18917,16806642,13836679,0
2022-02-15,3513,7079547,4075,6177792,174,579885,12805,2931585,294,51477,13115,2990224,0,0,20877,18799.71,16827519,13844457,0
2022-02-16,3609,7083156,3911,6181703,199,580084,15770,2947355,300,51777,16105,3006329,0,0,23824,19103.43,16851343,13852211,0
2022-02-17,3983,7087139,4082,6185785,162,580246,18367,2965722,378,52155,18775,3025104,0,0,27002,19836.29,16878345,13860468,0
2022-02-18,4418,7091557,4797,6190582,190,580436,21561,2987283,470,52625,22054,3047158,0,0,31459,20815.29,16909804,13869896,0
2022-02-19,3230,7094787,2187,6192769,65,580501,11206,2998489,220,52845,11437,3058595,0,0,16919,20840.86,16926723,13875389,0
2022-02-20,1841,7096628,1446,6194215,59,580560,6600,3005089,116,52961,6723,3065318,0,0,10069,21122,16936792,13878742,0
2022-02-21,3069,7099697,2694,6196909,93,580653,8369,3013458,236,53197,8618,3073936,0,0,14474,20660.57,16951266,13884611,0
2022-02-22,4354,7104051,4267,6201176,174,580827,10851,3024309,256,53453,11126,3085062,0,0,19921,20524,16971187,13893425,0
2022-02-23,4230,7108281,3791,6204967,145,580972,10694,3035003,244,53697,10955,3096017,0,0,19121,19852.14,16990308,13901608,0
2022-02-24,3778,7112059,3658,6208625,108,581080,10210,3045213,241,53938,10469,3106486,0,0,18013,18568,17008321,13909170,0
2022-02-25,3581,7115640,3637,6212262,135,581215,9998,3055211,249,54187,10260,3116746,0,0,17613,16590,17025934,13916536,0
2022-02-26,2810,7118450,2593,6214855,73,581288,9531,3064742,162,54349,9702,3126448,0,0,15178,16341.29,17041112,13922021,0
2022-02-27,1759,7120209,1374,6216229,52,581340,6276,3071018,103,54452,6386,3132834,0,0,9571,16270.14,17050683,13925213,0
2022-02-28,3762,7123971,3137,6219366,140,581480,13160,3084178,258,54710,13442,3146276,0,0,20481,17128.29,17071164,13932276,0
2022-03-01,2111,7126082,2632,6221998,103,581583,5195,3089373,189,54899,5391,3151667,0,0,10237,15744.86,17081401,13937129,0
2022-03-02,1822,7127904,2448,6224446,107,581690,4149,3093522,211,55110,4371,3156038,0,0,8748,14263,17090149,13941517,0
2022-03-03,1925,7129829,2565,6227011,106,581796,3808,3097330,171,55281,3993,3160031,0,0,8589,12916.71,17098738,13946127,0
2022-03-04,2110,7131939,2883,6229894,66,581862,4337,3101667,214,55495,4563,3164594,0,0,9622,11775.14,17108360,13951198,0
2022-03-05,1608,7133547,2129,6232023,43,581905,3322,3104989,119,55614,3444,3168038,0,0,7224,10638.86,17115584,13954981,0
2022-03-06,792,7134339,881,6232904,30,581935,1626,3106615,55,55669,1684,3169722,0,0,3387,9755.43,17118971,13956687,0
2022-03-07,1657,7135996,1788,6234692,87,582022,3509,3110124,162,55831,3685,3173407,0,0,7217,7860.57,17126188,13960233,0
2022-03-08,1542,7137538,1898,6236590,81,582103,3129,3113253,155,55986,3296,3176703,0,0,6817,7372,17133005,13963766,0
2022-03-09,1260,7138798,1686,6238276,80,582183,2594,3115847,129,56115,2729,3179432,0,0,5755,6944.43,17138760,13966798,0
2022-03-10,1407,7140205,2097,6240373,84,582267,2978,3118825,165,56280,3152,3182584,0,0,6740,6680.29,17145500,13970395,0
2022-03-11,1595,7141800,2279,6242652,81,582348,3217,3122042,190,56470,3425,3186009,0,0,7380,6360,17152880,13974368,0
2022-03-12,871,7142671,1421,6244073,42,582390,2013,3124055,74,56544,2090,3188099,0,0,4424,5960,17157304,13976705,0
2022-03-13,623,7143294,757,6244830,28,582418,1293,3125348,48,56592,1344,3189443,0,0,2752,5869.29,17160056,13978116,0
2022-03-14,1358,7144652,1616,6246446,84,582502,3000,3128348,209,56801,3231,3192674,0,0,6289,5736.71,17166345,13981196,0
2022-03-15,1355,7146007,1925,6248371,63,582565,3070,3131418,237,57038,3315,3195989,0,0,6658,5714,17173003,13984547,0
2022-03-16,1395,7147402,2062,6250433,94,582659,3146,3134564,297,57335,3459,3199448,0,0,7010,5893.29,17180013,13988114,0
2022-03-17,1188,7148590,1810,6252243,71,582730,2766,3137330,269,57604,3049,3202497,0,0,6118,5804.43,17186131,13991197,0
2022-03-18,1577,7150167,2221,6254464,79,582809,3779,3141109,422,58026,4207,3206704,0,0,8084,5905,17194215,13995080,0
2022-03-19,1100,7151267,1737,6256201,54,582863,2608,3143717,231,58257,2844,3209548,0,0,5735,6092.29,17199950,13997976,0
2022-03-20,602,7151869,631,6256832,33,582896,1470,3145187,186,58443,1660,3211208,0,0,2926,6117.14,17202876,13999246,0
2022-03-21,1408,7153277,1561,6258393,73,582969,3063,3148250,363,58806,3447,3214655,0,0,6489,6145.71,17209365,14002309,0
2022-03-22,1339,7154616,1553,6259946,101,583070,2907,3151157,350,59156,3267,3217922,0,0,6260,6088.86,17215625,14005312,0
2022-03-23,1256,7155872,1359,6261305,66,583136,2927,3154084,375,59531,3312,3221234,0,0,5993,5943.57,17221618,14008003,0
2022-03-24,1206,7157078,1300,6262605,90,583226,2520,3156604,278,59809,2807,3224041,0,0,5403,5841.43,17227021,14010608,0
2022-03-25,1379,7158457,1638,6264243,62,583288,3271,3159875,385,60194,3669,3227710,0,0,6748,5650.57,17233769,14013700,0
2022-03-26,920,7159377,1170,6265413,36,583324,2311,3162186,255,60449,2574,3230284,0,0,4700,5502.71,17238469,14015834,0
2022-03-27,574,7159951,527,6265940,29,583353,1314,3163500,204,60653,1520,3231804,0,0,2650,5463.29,17241119,14016966,0
2022-03-28,1070,7161021,1171,6267111,69,583422,2443,3165943,367,61020,2829,3234633,0,0,5139,5270.43,17246258,14019295,0
2022-03-29,1041,7162062,1106,6268217,84,583506,2515,3168458,886,61906,3423,3238056,0,0,5654,5183.86,17251912,14021548,0
2022-03-30,1235,7163297,1139,6269356,99,583605,3065,3171523,3412,65318,6568,3244624,0,0,9041,5619.29,17260953,14024112,0
2022-03-31,1274,7164571,1249,6270605,58,583663,3163,3174686,5535,70853,8837,3253461,0,0,11419,6478.71,17272372,14026833,0
2022-04-01,1420,7165991,1486,6272091,77,583740,3242,3177928,6927,77780,10327,3263788,0,0,13310,7416.14,17285682,14029974,0
2022-04-02,904,7166895,909,6273000,33,583773,2085,3180013,4543,82323,6724,3270512,0,0,8570,7969,17294252,14031916,0
2022-04-03,553,7167448,490,6273490,28,583801,1218,3181231,3063,85386,4344,3274856,0,0,5415,8364,17299667,14033050,0
2022-04-04,1344,7168792,1299,6274789,62,583863,2726,3183957,7724,93110,10606,3285462,0,0,13311,9531.43,17312978,14035911,0
2022-04-05,1288,7170080,1153,6275942,66,583929,2843,3186800,7504,100614,10524,3295986,0,0,13031,10585.29,17326009,14038595,0
2022-04-06,1327,7171407,1174,6277116,61,583990,2628,3189428,6957,107571,9749,3305735,0,0,12311,11052.43,17338320,14041321,0
2022-04-07,1199,7172606,1059,6278175,57,584047,2379,3191807,6628,114199,9157,3314892,0,0,11472,11060,17349792,14043786,0
2022-04-08,1469,7174075,1409,6279584,61,584108,3170,3194977,8792,122991,12162,3327054,0,0,15101,11315.86,17364893,14046925,0
2022-04-09,906,7174981,925,6280509,29,584137,2081,3197058,4961,127952,7128,3334182,0,0,8988,11375.57,17373881,14048871,0
2022-04-10,573,7175554,459,6280968,25,584162,1168,3198226,2903,130855,4134,3338316,0,0,5191,11343.57,17379072,14049991,0
2022-04-11,1302,7176856,1224,6282192,61,584223,2655,3200881,7842,138697,10653,3348969,0,0,13240,11333.43,17392312,14052734,0
2022-04-12,1210,7178066,1051,6283243,73,584296,2512,3203393,7460,146157,10145,3359114,0,0,12479,11254.57,17404791,14055241,0
2022-04-13,1227,7179293,1073,6284316,61,584357,2512,3205905,7551,153708,10216,3369330,0,0,12577,11292.57,17417368,14057755,0
2022-04-14,1259,7180552,1095,6285411,58,584415,2443,3208348,6591,160299,9167,3378497,0,0,11579,11307.86,17428947,14060300,0
2022-04-15,1333,7181885,1092,6286503,53,584468,2553,3210901,6635,166934,9322,3387819,0,0,11800,10836.29,17440747,14062912,0
2022-04-16,853,7182738,652,6287155,34,584502,1641,3212542,3692,170626,5401,3393220,0,0,6940,10543.71,17447687,14064519,0
2022-04-17,345,7183083,201,6287356,27,584529,636,3213178,1159,171785,1819,3395039,0,0,2392,10143.86,17450079,14065116,0
2022-04-18,1375,7184458,1110,6288466,82,584611,2581,3215759,6419,178204,9143,3404182,0,0,11710,9925.29,17461789,14067826,0
2022-04-19,1405,7185863,932,6289398,71,584682,2569,3218328,5770,183974,8442,3412624,0,0,10850,9692.57,17472639,14070337,0
2022-04-20,1294,7187157,1150,6290548,66,584748,2710,3221038,6649,190623,9504,3422128,0,0,12014,9612.14,17484653,14072992,0
2022-04-21,1223,7188380,1062,6291610,53,584801,2339,3223377,5402,196025,7860,3429988,0,0,10198,9414.86,17494851,14075449,0
2022-04-22,1230,7189610,1038,6292648,46,584847,2238,3225615,5784,201809,8139,3438127,0,0,10453,9222.43,17505304,14077880,0
2022-04-23,709,7190319,752,6293400,59,584906,1427,3227042,3353,205162,4847,3442974,0,0,6367,9140.57,17511671,14079467,0
2022-04-24,445,7190764,344,6293744,27,584933,812,3227854,1844,207006,2689,3445663,0,0,3505,9299.57,17515176,14080316,0
2022-04-25,1036,7191800,916,6294660,64,584997,1850,3229704,5097,212103,7060,3452723,0,0,9077,8923.43,17524253,14082446,0
2022-04-26,946,7192746,857,6295517,76,585073,1749,3231453,4700,216803,6540,3459263,0,0,8419,8576.14,17532672,14084416,0
2022-04-27,1034,7193780,1020,6296537,80,585153,1924,3233377,5217,222020,7264,3466527,0,0,9398,8202.43,17542070,14086673,0
2022-04-28,1080,7194860,985,6297522,50,585203,2007,3235384,4747,226767,6869,3473396,0,0,8985,8029.14,17551055,14088904,0
2022-04-29,1170,7196030,1102,6298624,60,585263,2158,3237542,5437,232204,7713,3481109,0,0,10045,7970.86,17561100,14091354,0
2022-04-30,723,7196753,742,6299366,50,585313,1392,3238934,2966,235170,4407,3485516,0,0,5922,7907.29,17567022,14092918,0
2022-05-01,445,7197198,366,6299732,20,585333,766,3239700,1656,236826,2454,3487970,0,0,3285,7875.86,17570307,14093781,0
2022-05-02,1042,7198240,791,6300523,52,585385,1673,3241373,3824,240650,5565,3493535,0,0,7450,7643.43,17577757,14095734,0
2022-05-03,1115,7199355,864,6301387,61,585446,1994,3243367,4870,245520,6963,3500498,0,0,9003,7726.86,17586760,14097873,0
2022-05-04,1002,7200357,881,6302268,48,585494,1925,3245292,4678,250198,6696,3507194,0,0,8627,7616.71,17595387,14099897,0
2022-05-05,1069,7201426,951,6303219,86,585580,1930,3247222,4890,255088,6919,3514113,0,0,9025,7622.43,17604412,14102102,0
2022-05-06,1093,7202519,956,6304175,51,585631,1859,3249081,4402,259490,6340,3520453,0,0,8440,7393.14,17612852,14104281,0
2022-05-07,659,7203178,589,6304764,32,585663,1205,3250286,2434,261924,3679,3524132,0,0,4959,7255.57,17617811,14105601,0
2022-05-08,409,7203587,243,6305007,17,585680,666,3250952,1389,263313,2077,3526209,0,0,2746,7178.57,17620557,14106292,0
2022-05-09,1075,7204662,946,6305953,60,585740,1891,3252843,4436,267749,6423,3532632,0,0,8504,7329.14,17629061,14108469,0
2022-05-10,1093,7205755,927,6306880,54,585794,1978,3254821,4723,272472,6810,3539442,0,0,8884,7312.14,17637945,14110652,0
2022-05-11,1082,7206837,970,6307850,44,585838,1940,3256761,4842,277314,6888,3546330,0,0,8984,7363.14,17646929,14112854,0
2022-05-12,1098,7207935,950,6308800,60,585898,2002,3258763,4669,281983,6772,3553102,0,0,8880,7342.43,17655809,14115063,0
2022-05-13,1152,7209087,1037,6309837,44,585942,2073,3260836,4810,286793,6977,3560079,0,0,9210,7452.43,17665019,14117390,0
2022-05-14,825,7209912,672,6310509,31,585973,1468,3262304,2965,289758,4475,3564554,0,0,6003,7601.57,17671022,14118960,0
2022-05-15,507,7210419,355,6310864,22,585995,924,3263228,1649,291407,2599,3567153,0,0,3483,7706.86,17674505,14119870,0
2022-05-16,1222,7211641,855,6311719,62,586057,1831,3265059,3870,295277,5766,3572919,0,0,7905,7621.29,17682410,14122074,0
2022-05-17,1281,7212922,930,6312649,79,586136,2046,3267105,4900,300177,7040,3579959,0,0,9330,7685,17691740,14124458,0
2022-05-18,1233,7214155,897,6313546,82,586218,2062,3269167,4948,305125,7124,3587083,0,0,9336,7735.29,17701076,14126784,0
2022-05-19,1157,7215312,881,6314427,36,586254,2117,3271284,4732,309857,6935,3594018,0,0,9009,7753.71,17710085,14128944,0
2022-05-20,1194,7216506,958,6315385,73,586327,2370,3273654,5215,315072,7697,3601715,0,0,9924,7855.71,17720009,14131283,0
2022-05-21,829,7217335,647,6316032,24,586351,1727,3275381,3313,318385,5101,3606816,0,0,6601,7941.14,17726610,14132844,0
2022-05-22,506,7217841,292,6316324,22,586373,1136,3276517,1839,320224,3010,3609826,0,0,3830,7990.71,17730440,14133699,0
2022-05-23,1215,7219056,885,6317209,52,586425,2189,3278706,4711,324935,7003,3616829,0,0,9155,8169.29,17739595,14135954,0
2022-05-24,1400,7220456,934,6318143,66,586491,2306,3281012,4494,329429,6907,3623736,0,0,9308,8166.14,17748903,14138462,0
2022-05-25,1409,7221865,954,6319097,57,586548,2265,3283277,4278,333707,6646,3630382,0,0,9067,8127.71,17757970,14140986,0
2022-05-26,1165,7223030,888,6319985,60,586608,2273,3285550,4156,337863,6498,3636880,0,0,8612,8071,17766582,14143169,0
2022-05-27,1240,7224270,953,6320938,38,586646,2497,3288047,3927,341790,6504,3643384,0,0,8736,7901.29,17775318,14145481,0
2022-05-28,709,7224979,517,6321455,19,586665,1784,3289831,2068,343858,3892,3647276,0,0,5137,7692.14,17780455,14146766,0
2022-05-29,468,7225447,214,6321669,11,586676,763,3290594,1128,344986,1911,3649187,0,0,2604,7517,17783059,14147479,0
2022-05-30,91,7225538,62,6321731,6,586682,138,3290732,144,345130,284,3649471,0,0,443,6272.43,17783502,14147640,0
2022-05-31,1135,7226673,918,6322649,51,586733,1902,3292634,3052,348182,5016,3654487,0,0,7120,5959.86,17790622,14149806,0
2022-06-01,1151,7227824,851,6323500,63,586796,1969,3294603,3433,351615,5477,3659964,0,0,7542,5742,17798164,14151946,0
2022-06-02,1024,7228848,799,6324299,72,586868,1828,3296431,3179,354794,5069,3665033,0,0,6964,5506.57,17805128,14153903,0
2022-06-03,1154,7230002,894,6325193,47,586915,2072,3298503,3496,358290,5638,3670671,0,0,7733,5363.29,17812861,14156068,0
2022-06-04,718,7230720,586,6325779,26,586941,1560,3300063,1907,360197,3503,3674174,0,0,4835,5320.14,17817696,14157436,0
2022-06-05,447,7231167,297,6326076,1,586942,881,3300944,981,361178,1871,3676045,0,0,2616,5321.86,17820312,14158190,0
2022-06-06,1120,7232287,827,6326903,65,587007,1758,3302702,2747,363925,4558,3680603,0,0,6570,6197.14,17826882,14160255,0
2022-06-07,1016,7233303,774,6327677,70,587077,1795,3304497,2568,366493,4412,3685015,0,0,6273,6076.14,17833155,14162165,0
2022-06-08,1088,7234391,836,6328513,75,587152,1877,3306374,2752,369245,4694,3689709,0,0,6693,5954.86,17839848,14164229,0
2022-06-09,1133,7235524,840,6329353,62,587214,2231,3308605,2693,371938,4976,3694685,0,0,7011,5961.57,17846859,14166316,0
2022-06-10,1043,7236567,816,6330169,76,587290,1881,3310486,2835,374773,4773,3699458,0,0,6708,5815.14,17853567,14168308,0
2022-06-11,678,7237245,507,6330676,25,587315,1333,3311819,1505,376278,2865,3702323,0,0,4075,5706.57,17857642,14169545,0
2022-06-12,349,7237594,287,6330963,21,587336,876,3312695,775,377053,1661,3703984,0,0,2318,5664,17859960,14170212,0
2022-06-13,1026,7238620,767,6331730,62,587398,1585,3314280,2190,379243,3814,3707798,0,0,5670,5535.43,17865630,14172107,0
2022-06-14,971,7239591,833,6332563,65,587463,1694,3315974,2506,381749,4263,3712061,0,0,6132,5515.29,17871762,14174039,0
2022-06-15,968,7240559,865,6333428,39,587502,1666,3317640,2428,384177,4155,3716216,0,0,6027,5420.14,17877789,14175972,0
2022-06-16,958,7241517,777,6334205,59,587561,1836,3319476,2366,386543,4258,3720474,0,0,6052,5283.14,17883841,14177822,0
2022-06-17,897,7242414,797,6335002,48,587609,1772,3321248,2407,388950,4223,3724697,0,0,5966,5177.14,17889807,14179609,0
2022-06-18,650,7243064,524,6335526,26,587635,1287,3322535,1297,390247,2615,3727312,0,0,3815,5140,17893622,14180840,0
2022-06-19,345,7243409,231,6335757,16,587651,730,3323265,609,390856,1351,3728663,0,0,1943,5086.43,17895565,14181444,0
2022-06-20,829,7244238,489,6336246,41,587692,1581,3324846,1611,392467,3231,3731894,0,0,4590,4932.14,17900155,14182842,0
2022-06-21,1129,7245367,739,6336985,49,587741,1703,3326549,2143,394610,3904,3735798,0,0,5823,4888,17905978,14184819,0
2022-06-22,1957,7247324,837,6337822,47,587788,1710,3328259,1996,396606,3749,3739547,0,0,6590,4968.43,17912568,14187703,0
2022-06-23,2118,7249442,764,6338586,66,587854,1703,3329962,2158,398764,3913,3743460,0,0,6861,5084,17919429,14190703,0
2022-06-24,2167,7251609,760,6339346,48,587902,1625,3331587,2162,400926,3835,3747295,0,0,6810,5204.57,17926239,14193726,0
2022-06-25,2136,7253745,499,6339845,15,587917,1239,3332826,1143,402069,2397,3749692,0,0,5050,5381,17931289,14196394,0
2022-06-26,1209,7254954,248,6340093,14,587931,687,3333513,531,402600,1224,3750916,0,0,2695,5488.43,17933984,14197871,0
2022-06-27,1527,7256481,656,6340749,60,587991,1473,3334986,1657,404257,3170,3754086,0,0,5414,5606.14,17939398,14200155,0
2022-06-28,1685,7258166,829,6341578,57,588048,1869,3336855,2145,406402,4060,3758146,0,0,6631,5721.57,17946029,14202772,0
2022-06-29,1856,7260022,777,6342355,48,588096,1719,3338574,1928,408330,3686,3761832,0,0,6367,5689.71,17952396,14205492,0
2022-06-30,1866,7261888,807,6343162,46,588142,1735,3340309,2135,410465,3914,3765746,0,0,6633,5657.14,17959029,14208255,0
2022-07-01,1604,7263492,598,6343760,26,588168,1400,3341709,1729,412194,3161,3768907,0,0,5389,5454.14,17964418,14210515,0
2022-07-02,981,7264473,388,6344148,19,588187,842,3342551,940,413134,1800,3770707,0,0,3188,5188.14,17967606,14211921,0
2022-07-03,529,7265002,205,6344353,7,588194,461,3343012,486,413620,950,3771657,0,0,1691,5044.71,17969297,14212665,0
2022-07-04,36,7265038,25,6344378,1,588195,30,3343042,38,413658,68,3771725,0,0,130,4289.86,17969427,14212727,0
2022-07-05,1295,7266333,757,6345135,35,588230,1407,3344449,1739,415397,3177,3774902,0,0,5264,4094.57,17974691,14214845,0
2022-07-06,1612,7267945,677,6345812,44,588274,1443,3345892,1845,417242,3330,3778232,0,0,5663,3994,17980354,14217220,0
2022-07-07,1592,7269537,713,6346525,48,588322,1526,3347418,2002,419244,3566,3781798,0,0,5919,3892,17986273,14219611,0
2022-07-08,1633,7271170,651,6347176,37,588359,1476,3348894,1979,421223,3505,3785303,0,0,5827,3954.57,17992100,14221983,0
2022-07-09,985,7272155,435,6347611,26,588385,884,3349778,1347,422570,2262,3787565,0,0,3708,4028.86,17995808,14223460,0
2022-07-10,637,7272792,187,6347798,17,588402,430,3350208,659,423229,1099,3788664,0,0,1940,4064.43,17997748,14224311,0
2022-07-11,1395,7274187,634,6348432,49,588451,1447,3351655,2213,425442,3695,3792359,0,0,5773,4870.57,18003521,14226424,0
2022-07-12,1405,7275592,688,6349120,45,588496,1405,3353060,2515,427957,3994,3796353,0,0,6132,4994.57,18009653,14228636,0
2022-07-13,1614,7277206,726,6349846,37,588533,1524,3354584,2841,430798,4430,3800783,0,0,6807,5158,18016460,14231078,0
2022-07-14,1586,7278792,842,6350688,47,588580,1607,3356191,3064,433862,4749,3805532,0,0,7225,5344.57,18023685,14233632,0
2022-07-15,1615,7280407,937,6351625,47,588627,1577,3357768,3059,436921,4697,3810229,0,0,7296,5554.43,18030981,14236292,0
2022-07-16,880,7281287,586,6352211,9,588636,987,3358755,1701,438622,2718,3812947,0,0,4193,5623.71,18035174,14237797,0
2022-07-17,550,7281837,288,6352499,16,588652,527,3359282,1167,439789,1720,3814667,0,0,2574,5714.29,18037748,14238677,0
2022-07-18,1402,7283239,844,6353343,45,588697,1431,3360713,2464,442253,3953,3818620,0,0,6244,5781.57,18043992,14241026,0
2022-07-19,1442,7284681,977,6354320,51,588748,1545,3362258,2803,445056,4440,3823060,0,0,6910,5892.71,18050902,14243588,0
2022-07-20,1379,7286060,1483,6355803,50,588798,1355,3363613,2396,447452,3813,3826873,0,0,6726,5881.14,18057628,14246563,0
2022-07-21,1333,7287393,1435,6357238,50,588848,1395,3365008,2364,449816,3808,3830681,0,0,6626,5795.57,18064254,14249430,0
2022-07-22,1428,7288821,1569,6358807,42,588890,1563,3366571,2857,452673,4503,3835184,0,0,7542,5830.71,18071796,14252552,0
2022-07-23,907,7289728,1102,6359909,17,588907,999,3367570,1553,454226,2589,3837773,0,0,4615,5891,18076411,14254615,0
2022-07-24,483,7290211,642,6360551,14,588921,504,3368074,805,455031,1317,3839090,0,0,2457,5874.29,18078868,14255763,0
2022-07-25,1231,7291442,764,6361315,59,588980,1264,3369338,2064,457095,3382,3842472,0,0,5436,5758.86,18084304,14257871,0
2022-07-26,1233,7292675,1021,6362336,41,589021,1478,3370816,2444,459539,3983,3846455,0,0,6278,5668.57,18090582,14260227,0
2022-07-27,1319,7293994,1279,6363615,42,589063,1392,3372208,2195,461734,3647,3850102,0,0,6288,5606,18096870,14262928,0
2022-07-28,1311,7295305,1424,6365039,72,589135,1425,3373633,2217,463951,3692,3853794,0,0,6499,5587.86,18103369,14265785,0
2022-07-29,1318,7296623,1432,6366471,64,589199,1361,3374994,2161,466112,3565,3857359,0,0,6379,5421.71,18109748,14268642,0
2022-07-30,738,7297361,719,6367190,25,589224,796,3375790,961,467073,1780,3859139,0,0,3265,5228.86,18113013,14270150,0
2022-07-31,422,7297783,590,6367780,14,589238,488,3376278,571,467644,1065,3860204,0,0,2091,5176.57,18115104,14271182,0
2022-08-01,1244,7299027,914,6368694,55,589293,1336,3377614,1511,469155,2892,3863096,0,0,5105,5129.29,18120209,14273440,0
2022-08-02,1229,7300256,1015,6369709,73,589366,1351,3378965,1602,470757,2999,3866095,0,0,5316,4991.86,18125525,14275803,0
2022-08-03,1262,7301518,1191,6370900,41,589407,1344,3380309,1532,472289,2916,3869011,0,0,5410,4866.43,18130935,14278337,0
2022-08-04,1190,7302708,1188,6372088,58,589465,1289,3381598,1460,473749,2780,3871791,0,0,5216,4683.14,18136151,14280804,0
2022-08-05,1315,7304023,1452,6373540,49,589514,1316,3382914,1443,475192,2783,3874574,0,0,5599,4571.71,18141750,14283644,0
2022-08-06,696,7304719,844,6374384,14,589528,766,3383680,777,475969,1568,3876142,0,0,3123,4551.43,18144873,14285224,0
2022-08-07,390,7305109,454,6374838,14,589542,428,3384108,358,476327,797,3876939,0,0,1655,4489.14,18146528,14286093,0
2022-08-08,1191,7306300,935,6375773,70,589612,1279,3385387,1187,477514,2496,3879435,0,0,4692,4430.14,18151220,14288319,0
2022-08-09,1133,7307433,891,6376664,38,589650,1232,3386619,1162,478676,2427,3881862,0,0,4489,4312,18155709,14290414,0
2022-08-10,1222,7308655,1115,6377779,59,589709,1260,3387879,1247,479923,2542,3884404,0,0,4938,4244.57,18160647,14292845,0
2022-08-11,1276,7309931,1071,6378850,84,589793,1212,3389091,1279,481202,2530,3886934,0,0,4961,4208.14,18165608,14295315,0
2022-08-12,1293,7311224,1412,6380262,55,589848,1268,3390359,1248,482450,2548,3889482,0,0,5308,4166.57,18170916,14298107,0
2022-08-13,754,7311978,790,6381052,15,589863,763,3391122,634,483084,1415,3890897,0,0,2974,4145.29,18173890,14299684,0
2022-08-14,467,7312445,477,6381529,20,589883,405,3391527,283,483367,691,3891588,0,0,1655,4145.29,18175545,14300651,0
2022-08-15,1243,7313688,1068,6382597,60,589943,1319,3392846,991,484358,2351,3893939,0,0,4722,4149.57,18180267,14303063,0
2022-08-16,1304,7314992,870,6383467,50,589993,1371,3394217,1079,485437,2482,3896421,0,0,4707,4180.71,18184974,14305320,0
2022-08-17,1212,7316204,960,6384427,39,590032,1235,3395452,1004,486441,2278,3898699,0,0,4489,4116.57,18189463,14307570,0
2022-08-18,1169,7317373,945,6385372,45,590077,1267,3396719,950,487391,2242,3900941,0,0,4401,4036.57,18193864,14309754,0
2022-08-19,1254,7318627,1135,6386507,34,590111,1120,3397839,980,488371,2130,3903071,0,0,4553,3928.71,18198417,14312207,0
2022-08-20,590,7319217,492,6386999,16,590127,636,3398475,517,488888,1166,3904237,0,0,2264,3827.29,18200681,14313318,0
2022-08-21,358,7319575,243,6387242,9,590136,382,3398857,267,489155,652,3904889,0,0,1262,3771.14,18201943,14313931,0
2022-08-22,1221,7320796,923,6388165,40,590176,1238,3400095,888,490043,2153,3907042,0,0,4337,3716.14,18206280,14316142,0
2022-08-23,1236,7322032,1050,6389215,48,590224,1385,3401480,962,491005,2375,3909417,0,0,4710,3716.57,18210990,14318505,0
2022-08-24,1265,7323297,1017,6390232,29,590253,1296,3402776,822,491827,2144,3911561,0,0,4456,3711.86,18215446,14320843,0
2022-08-25,1220,7324517,995,6391227,66,590319,1195,3403971,813,492640,2024,3913585,0,0,4305,3698.14,18219751,14323140,0
2022-08-26,1187,7325704,1177,6392404,56,590375,1193,3405164,780,493420,1995,3915580,0,0,4415,3678.43,18224166,14325582,0
2022-08-27,694,7326398,542,6392946,14,590389,685,3405849,404,493824,1102,3916682,0,0,2352,3691,18226518,14326845,0
2022-08-28,378,7326776,240,6393186,10,590399,442,3406291,228,494052,673,3917355,0,0,1301,3696.57,18227819,14327476,0
2022-08-29,1253,7328029,982,6394168,41,590440,1231,3407522,689,494741,1941,3919296,0,0,4218,3679.57,18232037,14329774,0
2022-08-30,1267,7329296,942,6395110,36,590476,1273,3408795,767,495508,2070,3921366,0,0,4315,3623.14,18236352,14332049,0
2022-08-31,1154,7330450,1014,6396124,42,590518,1107,3409902,574,496082,1701,3923067,0,0,3912,3545.43,18240264,14334280,0
2022-09-01,1028,7331478,963,6397087,51,590569,810,3410712,456,496538,1280,3924347,0,0,3323,3405.14,18243587,14336337,0
2022-09-02,975,7332453,1024,6398111,32,590601,594,3411306,176,496714,777,3925124,92,92,2885,3186.57,18246472,14338360,0
2022-09-03,531,7332984,450,6398561,12,590613,372,3411678,50,496764,426,3925550,314,406,1684,3091.14,18248156,14339308,0
2022-09-04,252,7333236,212,6398773,10,590623,189,3411867,25,496789,216,3925766,312,718,959,3042.29,18249115,14339741,0
2022-09-05,78,7333314,71,6398844,7,590630,44,3411911,16,496805,61,3925827,9,727,226,2472,18249341,14339898,0
2022-09-06,1128,7334442,1228,6400072,51,590681,639,3412550,130,496935,778,3926605,1269,1996,4236,2460.71,18253577,14342096,0
2022-09-07,1471,7335913,1380,6401452,38,590719,487,3413037,156,497091,663,3927268,6445,8441,9121,3204.86,18262698,14344129,0
2022-09-08,1525,7337438,1197,6402649,36,590755,254,3413291,110,497201,380,3927648,7829,16270,9847,4136.86,18272545,14345783,0
2022-09-09,1548,7338986,1608,6404257,49,590804,286,3413577,123,497324,440,3928088,9890,26160,12374,5492.43,18284919,14347858,0
2022-09-10,843,7339829,839,6405096,12,590816,271,3413848,45,497369,329,3928417,5318,31478,6760,6217.57,18291679,14348984,0
2022-09-11,495,7340324,438,6405534,11,590827,86,3413934,30,497399,125,3928542,3941,35419,4529,6727.57,18296208,14349456,0
2022-09-12,1670,7341994,1436,6406970,39,590866,206,3414140,92,497491,332,3928874,11659,47078,13541,8629.71,18309749,14351040,0
2022-09-13,1397,7343391,1271,6408241,33,590899,221,3414361,118,497609,388,3929262,9733,56811,11738,9701.43,18321487,14352706,0
2022-09-14,1406,7344797,1269,6409510,32,590931,224,3414585,126,497735,389,3929651,11029,67840,13077,10266.57,18334564,14354404,0
2022-09-15,1557,7346354,1279,6410789,23,590954,227,3414812,109,497844,371,3930022,12085,79925,14108,10875.29,18348672,14356091,0
2022-09-16,1686,7348040,1626,6412415,27,590981,270,3415082,157,498001,482,3930504,13805,93730,16268,11431.57,18364940,14358127,0
2022-09-17,800,7348840,865,6413280,12,590993,275,3415357,78,498079,376,3930880,7003,100733,8412,11667.57,18373352,14359183,0
2022-09-18,518,7349358,410,6413690,7,591000,74,3415431,26,498105,113,3930993,4485,105218,4977,11731.57,18378329,14359575,0
2022-09-19,1550,7350908,1320,6415010,29,591029,229,3415660,98,498203,353,3931346,13813,119031,15517,12013.86,18393846,14360952,0
2022-09-20,1437,7352345,1251,6416261,27,591056,222,3415882,92,498295,360,3931706,13212,132243,15015,12482,18408861,14362441,0
2022-09-21,1666,7354011,1351,6417612,31,591087,261,3416143,131,498426,426,3932132,14941,147184,16850,13021,18425711,14363958,0
2022-09-22,1469,7355480,1260,6418872,28,591115,174,3416317,138,498564,357,3932489,13229,160413,15048,13155.29,18440759,14365465,0
2022-09-23,1732,7357212,1648,6420520,24,591139,252,3416569,145,498709,460,3932949,16949,177362,19250,13581.29,18460009,14367369,0
2022-09-24,799,7358011,888,6421408,8,591147,272,3416841,68,498777,359,3933308,7507,184869,8856,13644.71,18468865,14368378,0
2022-09-25,484,7358495,391,6421799,1,591148,72,3416913,47,498824,128,3933436,4508,189377,4995,13647.29,18473860,14368746,0
2022-09-26,1567,7360062,1244,6423043,16,591164,290,3417203,144,498968,492,3933928,15012,204389,16711,13817.86,18490571,14370011,0
2022-09-27,1528,7361590,1309,6424352,26,591190,283,3417486,172,499140,491,3934419,14158,218547,16150,13980,18506721,14371548,0
2022-09-28,1619,7363209,1291,6425643,18,591208,190,3417676,186,499326,430,3934849,15510,234057,17287,14042.43,18524008,14372949,0
2022-09-29,1670,7364879,1302,6426945,19,591227,178,3417854,96,499422,311,3935160,15375,249432,17225,14353.43,18541233,14374525,0
2022-09-30,1634,7366513,1547,6428492,13,591240,182,3418036,177,499599,405,3935565,16485,265917,18653,14268.14,18559886,14376334,0
2022-10-01,718,7367231,669,6429161,5,591245,138,3418174,34,499633,181,3935746,7053,272970,7942,14137.57,18567828,14377051,0
2022-10-02,511,7367742,427,6429588,5,591250,48,3418222,45,499678,107,3935853,4428,277398,4838,14115.14,18572666,14377368,0
2022-10-03,1550,7369292,1187,6430775,23,591273,156,3418378,113,499791,316,3936169,14571,291969,15975,14010,18588641,14378503,0
2022-10-04,1378,7370670,1152,6431927,15,591288,150,3418528,121,499912,299,3936468,13403,305372,14797,13816.71,18603438,14379626,0
2022-10-05,1587,7372257,1284,6433211,17,591305,284,3418812,163,500075,501,3936969,14866,320238,16691,13731.57,18620129,14381004,0
2022-10-06,1485,7373742,1246,6434457,19,591324,166,3418978,159,500234,384,3937353,14956,335194,16618,13644.86,18636747,14382341,0
2022-10-07,1656,7375398,1426,6435883,15,591339,171,3419149,136,500370,368,3937721,17112,352306,19075,13705.14,18655822,14383997,0
2022-10-08,760,7376158,680,6436563,4,591343,146,3419295,62,500432,225,3937946,7712,360018,8640,13804.86,18664462,14384717,0
2022-10-09,485,7376643,408,6436971,5,591348,47,3419342,55,500487,120,3938066,4694,364712,5119,13845,18669581,14385040,0
2022-10-10,1543,7378186,1253,6438224,14,591362,174,3419516,120,500607,333,3938399,15202,379914,16506,13920.86,18686087,14386050,0
2022-10-11,1632,7379818,1102,6439326,19,591381,181,3419697,153,500760,390,3938789,14321,394235,15855,14072,18701942,14387250,0
2022-10-12,1862,7381680,1326,6440652,17,591398,135,3419832,186,500946,387,3939176,16282,410517,17890,14243.29,18719832,14388537,0
2022-10-13,1612,7383292,1149,6441801,28,591426,136,3419968,201,501147,408,3939584,14036,424553,15573,14094,18735405,14389737,0
2022-10-14,1811,7385103,1539,6443340,25,591451,130,3420098,181,501328,364,3939948,17209,441762,19193,14110.86,18754598,14391410,0
2022-10-15,764,7385867,638,6443978,9,591460,93,3420191,68,501396,182,3940130,7617,449379,8477,14087.57,18763075,14392109,0
2022-10-16,562,7386429,411,6444389,3,591463,26,3420217,65,501461,122,3940252,4726,454105,5169,14094.71,18768244,14392461,0
2022-10-17,1816,7388245,1251,6445640,18,591481,83,3420300,116,501577,236,3940488,16074,470179,17396,14221.86,18785640,14393584,0
2022-10-18,1682,7389927,1172,6446812,20,591501,100,3420400,135,501712,282,3940770,14639,484818,16011,14244.14,18801651,14394721,0
2022-10-19,2085,7392012,1331,6448143,21,591522,84,3420484,142,501854,289,3941059,16232,501050,17705,14217.71,18819356,14395968,0
2022-10-20,1681,7393693,1166,6449309,11,591533,89,3420573,147,502001,303,3941362,15403,516453,16852,14400.43,18836208,14397181,0
2022-10-21,1799,7395492,1345,6450654,12,591545,92,3420665,150,502151,297,3941659,16736,533189,18407,14288.14,18854615,14398610,0
2022-10-22,740,7396232,666,6451320,9,591554,44,3420709,46,502197,100,3941759,7690,540879,8419,14279.86,18863034,14399249,0
2022-10-23,520,7396752,370,6451690,3,591557,21,3420730,39,502236,69,3941828,4804,545683,5081,14267.29,18868115,14399466,0
2022-10-24,1739,7398491,1207,6452897,19,591576,70,3420800,111,502347,223,3942051,15558,561241,16843,14188.29,18884958,14400570,0
2022-10-25,1658,7400149,1186,6454083,12,591588,95,3420895,109,502456,233,3942284,15039,576280,16344,14235.86,18901302,14401671,0
2022-10-26,1852,7402001,1333,6455416,11,591599,90,3420985,168,502624,334,3942618,16817,593097,18289,14319.29,18919591,14402885,0
2022-10-27,1578,7403579,1075,6456491,13,591612,91,3421076,127,502751,271,3942889,15115,608212,16414,14256.71,18936005,14403966,0
2022-10-28,1697,7405276,1426,6457917,17,591629,108,3421184,153,502904,320,3943209,16764,624976,18580,14281.43,18954585,14405521,0
2022-10-29,693,7405969,544,6458461,9,591638,69,3421253,58,502962,141,3943350,7748,632724,8418,14281.29,18963003,14406064,0
2022-10-30,518,7406487,306,6458767,3,591641,19,3421272,57,503019,92,3943442,4491,637215,4779,14238.14,18967782,14406276,0
2022-10-31,1674,7408161,1108,6459875,8,591649,48,3421320,126,503145,217,3943659,14594,651809,15540,14052,18983322,14407048,0
2022-11-01,1664,7409825,1023,6460898,18,591667,78,3421398,128,503273,238,3943897,13621,665430,14940,13851.43,18998262,14408161,0
2022-11-02,1731,7411556,1119,6462017,17,591684,90,3421488,123,503396,255,3944152,14873,680303,16145,13545.14,19014407,14409220,0
2022-11-03,1417,7412973,1034,6463051,14,591698,84,3421572,167,503563,328,3944480,12620,692923,13901,13186.14,19028308,14410250,0
2022-11-04,1735,7414708,1215,6464266,14,591712,101,3421673,139,503702,275,3944755,15432,708355,17030,12964.71,19045338,14411608,0
2022-11-05,824,7415532,529,6464795,6,591718,66,3421739,82,503784,162,3944917,7045,715400,7758,12870.43,19053096,14412173,0
2022-11-06,406,7415938,329,6465124,4,591722,20,3421759,50,503834,107,3945024,4072,719472,4412,12818,19057508,14412443,0
2022-11-07,1638,7417576,1064,6466188,14,591736,75,3421834,101,503935,213,3945237,13220,732692,14382,12652.57,19071890,14413429,0
2022-11-08,1529,7419105,1007,6467195,8,591744,97,3421931,132,504067,270,3945507,12069,744761,13334,12423.14,19085224,14414465,0
2022-11-09,1565,7420670,1058,6468253,9,591753,86,3422017,114,504181,247,3945754,12190,756951,13455,12038.86,19098679,14415530,0
2022-11-10,1483,7422153,1013,6469266,14,591767,73,3422090,147,504328,276,3946030,12354,769305,13630,12000.14,19112309,14416586,0
2022-11-11,1500,7423653,1073,6470339,11,591778,101,3422191,102,504430,224,3946254,12874,782179,14300,11610.14,19126609,14417809,0
2022-11-12,669,7424322,513,6470852,2,591780,57,3422248,61,504491,128,3946382,6428,788607,7047,11508.57,19133656,14418310,0
2022-11-13,495,7424817,339,6471191,4,591784,15,3422263,68,504559,98,3946480,3893,792500,4210,11479.71,19137866,14418544,0
2022-11-14,1440,7426257,1024,6472215,19,591803,59,3422322,113,504672,203,3946683,11629,804129,12744,11245.71,19150610,14419487,0
2022-11-15,1492,7427749,1000,6473215,15,591818,103,3422425,165,504837,294,3946977,11274,815403,12656,11148.86,19163266,14420601,0
2022-11-16,1595,7429344,1032,6474247,21,591839,66,3422491,146,504983,248,3947225,11563,826966,12811,11056.86,19176077,14421637,0
2022-11-17,1420,7430764,977,6475224,10,591849,72,3422563,189,505172,302,3947527,10539,837505,11869,10805.29,19187946,14422706,0
2022-11-18,1581,7432345,1103,6476327,12,591861,68,3422631,118,505290,216,3947743,12400,849905,13992,10761.29,19201938,14424112,0
2022-11-19,677,7433022,436,6476763,4,591865,57,3422688,63,505353,129,3947872,5912,855817,6569,10693,19208507,14424649,0
2022-11-20,475,7433497,303,6477066,4,591869,12,3422700,35,505388,64,3947936,3538,859355,3838,10639.86,19212345,14424902,0
2022-11-21,1516,7435013,920,6477986,4,591873,51,3422751,81,505469,149,3948085,10391,869746,11369,10443.43,19223714,14425748,0
2022-11-22,1270,7436283,816,6478802,7,591880,53,3422804,92,505561,163,3948248,9266,879012,10293,10105.86,19234007,14426630,0
2022-11-23,1287,7437570,733,6479535,11,591891,64,3422868,80,505641,170,3948418,8673,887685,9612,9648.86,19243619,14427425,0
2022-11-24,18,7437588,10,6479545,2,591893,0,3422868,6,505647,8,3948426,112,887797,137,7972.86,19243756,14427444,0
2022-11-25,679,7438267,476,6480021,14,591907,37,3422905,55,505702,111,3948537,5683,893480,6421,6891.29,19250177,14428090,0
2022-11-26,591,7438858,378,6480399,2,591909,15,3422920,43,505745,62,3948599,4896,898376,5331,6714.43,19255508,14428467,0
2022-11-27,395,7439253,219,6480618,1,591910,11,3422931,23,505768,49,3948648,3171,901547,3353,6645.14,19258861,14428615,0
2022-11-28,947,7440200,698,6481316,10,591920,59,3422990,65,505833,145,3948793,6950,908497,7918,6152.14,19266779,14429459,0
2022-11-29,926,7441126,709,6482025,8,591928,46,3423036,72,505905,143,3948936,6928,915425,7965,5819.57,19274744,14430378,0
2022-11-30,1208,7442334,866,6482891,16,591944,51,3423087,54,505959,124,3949060,8726,924151,9735,5837.14,19284479,14431282,0
2022-12-01,1128,7443462,771,6483662,13,591957,61,3423148,96,506055,183,3949243,8469,932620,9542,7180.71,19294021,14432198,0
2022-12-02,1313,7444775,971,6484633,14,591971,70,3423218,105,506160,195,3949438,10217,942837,11543,7912.43,19305564,14433349,0
2022-12-03,613,7445388,424,6485057,12,591983,42,3423260,42,506202,87,3949525,4951,947788,5478,7933.43,19311042,14433792,0
2022-12-04,418,7445806,284,6485341,4,591987,7,3423267,26,506228,40,3949565,3269,951057,3496,7953.86,19314538,14433986,0
2022-12-05,1161,7446967,765,6486106,15,592002,62,3423329,71,506299,149,3949714,8600,959657,9610,8195.57,19324148,14434863,0
2022-12-06,1162,7448129,766,6486872,13,592015,69,3423398,89,506388,176,3949890,8129,967786,9128,8361.71,19333276,14435704,0
2022-12-07,1206,7449335,753,6487625,12,592027,62,3423460,81,506469,163,3950053,8296,976082,9314,8301.57,19342590,14436579,0
2022-12-08,1102,7450437,742,6488367,14,592041,69,3423529,77,506546,166,3950219,8672,984754,9703,8324.57,19352293,14437464,0
2022-12-09,1227,7451664,972,6489339,13,592054,81,3423610,103,506649,210,3950429,10407,995161,11773,8357.43,19364066,14438646,0
2022-12-10,677,7452341,460,6489799,7,592061,36,3423646,74,506723,128,3950557,6145,1001306,6713,8533.86,19370779,14439104,0
2022-12-11,431,7452772,263,6490062,4,592065,11,3423657,35,506758,56,3950613,3682,1004988,3884,8589.29,19374663,14439260,0
2022-12-12,1333,7454105,803,6490865,19,592084,78,3423735,105,506863,209,3950822,9969,1014957,11017,8790.29,19385680,14440125,0
2022-12-13,1274,7455379,843,6491708,17,592101,54,3423789,101,506964,190,3951012,9695,1024652,10753,9022.43,19396433,14441028,0
2022-12-14,1194,7456573,832,6492540,12,592113,67,3423856,99,507063,193,3951205,9637,1034289,10619,9208.86,19407052,14441844,0
2022-12-15,1192,7457765,694,6493234,11,592124,60,3423916,109,507172,184,3951389,8445,1042734,9415,9167.71,19416467,14442645,0
2022-12-16,1203,7458968,803,6494037,12,592136,69,3423985,126,507298,217,3951606,9358,1052092,10533,8990.57,19427000,14443625,0
2022-12-17,651,7459619,464,6494501,8,592144,31,3424016,36,507334,80,3951686,5831,1057923,6305,8932.29,19433305,14444032,0
2022-12-18,439,7460058,231,6494732,2,592146,15,3424031,23,507357,48,3951734,3402,1061325,3609,8893,19436914,14444201,0
2022-12-19,1222,7461280,775,6495507,8,592154,56,3424087,84,507441,154,3951888,8907,1070232,9842,8725.14,19446756,14444996,0
2022-12-20,1208,7462488,761,6496268,18,592172,83,3424170,138,507579,277,3952165,8584,1078816,9717,8577.14,19456473,14445908,0
2022-12-21,1090,7463578,695,6496963,16,592188,54,3424224,95,507674,180,3952345,8281,1087097,9157,8368.29,19465630,14446635,0
2022-12-22,988,7464566,589,6497552,4,592192,44,3424268,73,507747,134,3952479,6940,1094037,7674,8119.57,19473304,14447252,0
2022-12-23,832,7465398,503,6498055,11,592203,41,3424309,58,507805,112,3952591,5916,1099953,6522,7546.57,19479826,14447759,0
2022-12-24,190,7465588,113,6498168,1,592204,2,3424311,15,507820,20,3952611,1377,1101330,1496,6859.57,19481322,14447861,0
2022-12-25,8,7465596,3,6498171,0,592204,2,3424313,0,507820,2,3952613,29,1101359,37,6349.29,19481359,14447867,0
2022-12-26,572,7466168,269,6498440,16,592220,19,3424332,22,507842,44,3952657,3306,1104665,3617,5460,19484976,14448137,0
2022-12-27,1084,7467252,607,6499047,13,592233,56,3424388,60,507902,125,3952782,7235,1111900,8035,5219.71,19493011,14448821,0
2022-12-28,1062,7468314,562,6499609,8,592241,58,3424446,64,507966,132,3952914,6989,1118889,7785,5023.71,19500796,14449495,0
2022-12-29,1010,7469324,588,6500197,9,592250,50,3424496,90,508056,163,3953077,6592,1125481,7425,4988.14,19508221,14450188,0
2022-12-30,950,7470274,539,6500736,9,592259,49,3424545,50,508106,109,3953186,6133,1131614,6860,5036.43,19515081,14450816,0
2022-12-31,307,7470581,168,6500904,4,592263,17,3424562,10,508116,30,3953216,1813,1133427,1991,5107.14,19517072,14450967,0
2023-01-01,22,7470603,9,6500913,0,592263,3,3424565,5,508121,8,3953224,59,1133486,89,5114.57,19517161,14450989,0
2023-01-02,654,7471257,329,6501242,10,592273,14,3424579,24,508145,44,3953268,3655,1137141,4003,5169.71,19521164,14451299,0
2023-01-03,967,7472224,594,6501836,9,592282,42,3424621,58,508203,112,3953380,5480,1142621,6270,4917.57,19527434,14451989,0
2023-01-04,1106,7473330,677,6502513,17,592299,52,3424673,63,508266,133,3953513,6179,1148800,7059,4813.86,19534493,14452754,0
2023-01-05,1009,7474339,590,6503103,23,592322,36,3424709,89,508355,144,3953657,5767,1154567,6700,4710.29,19541193,14453562,0
2023-01-06,1053,7475392,779,6503882,17,592339,49,3424758,81,508436,141,3953798,6500,1161067,7552,4809.14,19548745,14454484,0
2023-01-07,601,7475993,430,6504312,8,592347,23,3424781,34,508470,63,3953861,4454,1165521,4914,5226.71,19553659,14454887,0
2023-01-08,375,7476368,246,6504558,4,592351,12,3424793,28,508498,44,3953905,2560,1168081,2769,5609.57,19556428,14455056,0
2023-01-09,954,7477322,583,6505141,17,592368,52,3424845,41,508539,102,3954007,5608,1173689,6452,5959.43,19562880,14455807,0
2023-01-10,860,7478182,645,6505786,8,592376,49,3424894,85,508624,151,3954158,5342,1179031,6253,5957,19569133,14456584,0
2023-01-11,880,7479062,550,6506336,21,592397,46,3424940,68,508692,137,3954295,5166,1184197,5980,5802.86,19575113,14457284,0
2023-01-12,778,7479840,494,6506830,24,592421,54,3424994,121,508813,198,3954493,4535,1188732,5481,5628.71,19580594,14458055,0
2023-01-13,800,7480640,557,6507387,11,592432,69,3425063,58,508871,143,3954636,5377,1194109,6266,5445,19586860,14458817,0
2023-01-14,510,7481150,280,6507667,10,592442,27,3425090,31,508902,60,3954696,3229,1197338,3634,5262.14,19590494,14459164,0
2023-01-15,285,7481435,152,6507819,6,592448,16,3425106,23,508925,54,3954750,1793,1199131,1998,5152,19592492,14459330,0
2023-01-16,500,7481935,308,6508127,11,592459,32,3425138,27,508952,64,3954814,2776,1201907,3213,4689.29,19595705,14459708,0
2023-01-17,804,7482739,476,6508603,19,592478,49,3425187,73,509025,135,3954949,3832,1205739,4700,4467.43,19600405,14460454,0
2023-01-18,801,7483540,478,6509081,16,592494,48,3425235,60,509085,116,3955065,3733,1209472,4541,4261.86,19604946,14461154,0
2023-01-19,658,7484198,430,6509511,6,592500,50,3425285,34,509119,103,3955168,3170,1212642,3917,4038.43,19608863,14461817,0
2023-01-20,708,7484906,489,6510000,23,592523,40,3425325,39,509158,86,3955254,3746,1216388,4533,3790.86,19613396,14462525,0
2023-01-21,370,7485276,197,6510197,12,592535,20,3425345,12,509170,33,3955287,1894,1218282,2206,3586.86,19615602,14462805,0
2023-01-22,226,7485502,62,6510259,5,592540,0,3425345,2,509172,3,3955290,863,1219145,969,3439.86,19616571,14462909,0
2023-01-23,642,7486144,329,6510588,12,592552,14,3425359,45,509217,66,3955356,2707,1221852,3370,3462.29,19619941,14463513,0
2023-01-24,576,7486720,393,6510981,17,592569,38,3425397,34,509251,85,3955441,3059,1224911,3711,3321,19623652,14464093,0
2023-01-25,602,7487322,365,6511346,21,592590,32,3425429,41,509292,85,3955526,2708,1227619,3386,3156,19627038,14464698,0
2023-01-26,557,7487879,353,6511699,18,592608,35,3425464,51,509343,102,3955628,2696,1230315,3359,3076.29,19630397,14465275,0
2023-01-27,566,7488445,437,6512136,11,592619,35,3425499,49,509392,91,3955719,2822,1233137,3560,2937.29,19633957,14465929,0
2023-01-28,360,7488805,187,6512323,5,592624,24,3425523,39,509431,70,3955789,1589,1234726,1928,2897.57,19635885,14466205,0
2023-01-29,237,7489042,117,6512440,3,592627,13,3425536,10,509441,27,3955816,991,1235717,1144,2922.57,19637029,14466335,0
2023-01-30,600,7489642,401,6512841,18,592645,40,3425576,36,509477,79,3955895,2504,1238221,3227,2902.14,19640256,14466982,0
2023-01-31,512,7490154,356,6513197,12,592657,31,3425607,49,509526,92,3955987,2439,1240660,3070,2810.57,19643326,14467533,0
2023-02-01,486,7490640,340,6513537,16,592673,40,3425647,44,509570,92,3956079,2327,1242987,2974,2751.71,19646300,14468096,0
2023-02-02,461,7491101,350,6513887,13,592686,34,3425681,35,509605,77,3956156,2157,1245144,2779,2668.86,19649079,14468649,0
2023-02-03,543,7491644,394,6514281,14,592700,27,3425708,35,509640,69,3956225,2363,1247507,3068,2598.57,19652147,14469292,0
2023-02-04,243,7491887,158,6514439,12,592712,14,3425722,16,509656,31,3956256,1141,1248648,1404,2523.71,19653551,14469525,0
2023-02-05,201,7492088,97,6514536,0,592712,3,3425725,16,509672,21,3956277,855,1249503,975,2499.57,19654526,14469626,0
2023-02-06,598,7492686,314,6514850,9,592721,29,3425754,27,509699,65,3956342,2253,1251756,2831,2443,19657357,14470148,0
2023-02-07,481,7493167,362,6515212,5,592726,28,3425782,35,509734,71,3956413,2337,1254093,2938,2424.14,19660295,14470686,0
2023-02-08,456,7493623,322,6515534,4,592730,27,3425809,36,509770,69,3956482,2317,1256410,2883,2411.14,19663178,14471189,0
2023-02-09,475,7494098,350,6515884,3,592733,38,3425847,46,509816,98,3956580,2057,1258467,2712,2401.57,19665890,14471760,0
2023-02-10,496,7494594,390,6516274,2,592735,30,3425877,33,509849,87,3956667,2278,1260745,2969,2387.43,19668859,14472388,0
2023-02-11,294,7494888,197,6516471,7,592742,22,3425899,25,509874,48,3956715,1345,1262090,1663,2424.43,19670522,14472659,0
2023-02-12,184,7495072,81,6516552,0,592742,6,3425905,0,509874,10,3956725,707,1262797,820,2402.29,19671342,14472766,0
2023-02-13,444,7495516,293,6516845,4,592746,21,3425926,26,509900,51,3956776,1758,1264555,2322,2329.57,19673664,14473283,0
2023-02-14,401,7495917,274,6517119,6,592752,30,3425956,22,509922,57,3956833,1696,1266251,2229,2228.29,19675893,14473764,0
2023-02-15,405,7496322,290,6517409,10,592762,24,3425980,28,509950,64,3956897,1746,1267997,2264,2139.86,19678157,14474230,0
2023-02-16,361,7496683,244,6517653,6,592768,26,3426006,19,509969,50,3956947,1630,1269627,2107,2053.43,19680264,14474662,0
2023-02-17,397,7497080,312,6517965,6,592774,24,3426030,32,510001,63,3957010,1696,1271323,2266,1953,19682530,14475176,0
2023-02-18,198,7497278,118,6518083,5,592779,13,3426043,4,510005,18,3957028,1005,1272328,1191,1885.57,19683721,14475345,0
2023-02-19,120,7497398,55,6518138,2,592781,6,3426049,6,510011,14,3957042,540,1272868,611,1855.71,19684332,14475404,0
2023-02-20,315,7497713,160,6518298,3,592784,10,3426059,17,510028,28,3957070,1160,1274028,1426,1727.71,19685758,14475643,0
2023-02-21,379,7498092,286,6518584,5,592789,25,3426084,34,510062,64,3957134,1535,1275563,2074,1705.57,19687832,14476123,0
2023-02-22,407,7498499,278,6518862,8,592797,39,3426123,26,510088,69,3957203,1641,1277204,2182,1693.86,19690014,14476599,0
2023-02-23,388,7498887,252,6519114,10,592807,26,3426149,31,510119,71,3957274,1480,1278684,2025,1682.14,19692039,14477087,0
2023-02-24,365,7499252,325,6519439,4,592811,30,3426179,26,510145,63,3957337,1738,1280422,2298,1686.71,19694337,14477591,0
2023-02-25,163,7499415,122,6519561,2,592813,10,3426189,13,510158,25,3957362,778,1281200,973,1655.57,19695310,14477763,0
2023-02-26,92,7499507,49,6519610,0,592813,8,3426197,5,510163,17,3957379,472,1281672,539,1645.29,19695849,14477817,0
2023-02-27,376,7499883,301,6519911,4,592817,32,3426229,20,510183,55,3957434,1496,1283168,2017,1729.71,19697866,14478286,0
2023-02-28,356,7500239,240,6520151,8,592825,30,3426259,27,510210,62,3957496,1335,1284503,1818,1693.14,19699684,14478712,0
2023-03-01,386,7500625,292,6520443,7,592832,25,3426284,20,510230,51,3957547,1445,1285948,1984,1664.86,19701668,14479206,0
2023-03-02,376,7501001,295,6520738,11,592843,20,3426304,23,510253,50,3957597,1332,1287280,1879,1644,19703547,14479710,0
2023-03-03,404,7501405,318,6521056,10,592853,26,3426330,25,510278,58,3957655,1601,1288881,2196,1629.43,19705743,14480254,0
2023-03-04,199,7501604,123,6521179,4,592857,10,3426340,16,510294,28,3957683,799,1289680,1033,1638,19706776,14480462,0
2023-03-05,125,7501729,60,6521239,2,592859,4,3426344,6,510300,14,3957697,464,1290144,558,1640.71,19707334,14480546,0
2023-03-06,408,7502137,263,6521502,12,592871,22,3426366,16,510316,41,3957738,1385,1291529,1894,1623.14,19709228,14481017,0
2023-03-07,361,7502498,246,6521748,6,592877,22,3426388,30,510346,61,3957799,1306,1292835,1773,1616.71,19711001,14481432,0
2023-03-08,370,7502868,244,6521992,3,592880,35,3426423,30,510376,69,3957868,1355,1294190,1851,1597.71,19712852,14481863,0
2023-03-09,361,7503229,245,6522237,4,592884,16,3426439,24,510400,46,3957914,1266,1295456,1754,1579.86,19714606,14482311,0
2023-03-10,303,7503532,283,6522520,3,592887,10,3426449,20,510420,38,3957952,1397,1296853,1853,1530.86,19716459,14482737,0
2023-03-11,187,7503719,88,6522608,3,592890,18,3426467,4,510424,23,3957975,687,1297540,872,1507.86,19717331,14482900,0
2023-03-12,109,7503828,47,6522655,1,592891,4,3426471,7,510431,17,3957992,435,1297975,517,1502,19717848,14482971,0
2023-03-13,333,7504161,201,6522856,7,592898,11,3426482,13,510444,25,3958017,1130,1299105,1525,1449.29,19719373,14483342,0
2023-03-14,286,7504447,184,6523040,5,592903,15,3426497,11,510455,32,3958049,1065,1300170,1419,1398.71,19720792,14483670,0
2023-03-15,331,7504778,271,6523311,3,592906,9,3426506,13,510468,23,3958072,1231,1301401,1683,1374.71,19722475,14484100,0
2023-03-16,302,7505080,246,6523557,9,592915,14,3426520,15,510483,35,3958107,1167,1302568,1595,1352,19724070,14484499,0
2023-03-17,327,7505407,266,6523823,5,592920,20,3426540,8,510491,29,3958136,1278,1303846,1710,1331.57,19725780,14484903,0
2023-03-18,159,7505566,100,6523923,2,592922,8,3426548,5,510496,14,3958150,672,1304518,841,1327.14,19726621,14485059,0
2023-03-19,114,7505680,56,6523979,1,592923,3,3426551,3,510499,9,3958159,366,1304884,451,1317.71,19727072,14485138,0
2023-03-20,344,7506024,214,6524193,7,592930,29,3426580,15,510514,45,3958204,1219,1306103,1618,1331,19728690,14485493,0
2023-03-21,343,7506367,190,6524383,7,592937,23,3426603,18,510532,43,3958247,1127,1307230,1535,1347.57,19730225,14485860,0
2023-03-22,315,7506682,227,6524610,6,592943,12,3426615,11,510543,25,3958272,1131,1308361,1530,1325.71,19731755,14486236,0
2023-03-23,272,7506954,203,6524813,1,592944,21,3426636,12,510555,37,3958309,1017,1309378,1413,1299.71,19733168,14486599,0
2023-03-24,312,7507266,256,6525069,8,592952,19,3426655,19,510574,41,3958350,1129,1310507,1594,1283.14,19734762,14487026,0
2023-03-25,131,7507397,117,6525186,1,592953,9,3426664,9,510583,18,3958368,592,1311099,741,1268.86,19735503,14487157,0
2023-03-26,92,7507489,44,6525230,2,592955,4,3426668,4,510587,9,3958377,390,1311489,452,1269,19735955,14487211,0
2023-03-27,283,7507772,233,6525463,3,592958,14,3426682,11,510598,26,3958403,1012,1312501,1408,1239,19737363,14487582,0
2023-03-28,283,7508055,182,6525645,10,592968,20,3426702,9,510607,32,3958435,1018,1313519,1373,1215.86,19738736,14487908,0
2023-03-29,298,7508353,187,6525832,5,592973,13,3426715,9,510616,22,3958457,1076,1314595,1435,1202.29,19740171,14488245,0
2023-03-30,259,7508612,185,6526017,2,592975,17,3426732,10,510626,31,3958488,980,1315575,1327,1190,19741498,14488565,0
2023-03-31,297,7508909,260,6526277,7,592982,23,3426755,20,510646,44,3958532,1031,1316606,1494,1175.71,19742992,14488985,0
2023-04-01,122,7509031,66,6526343,3,592985,8,3426763,5,510651,15,3958547,528,1317134,659,1164,19743651,14489103,0
2023-04-02,92,7509123,35,6526378,0,592985,5,3426768,3,510654,10,3958557,273,1317407,340,1148,19743991,14489162,0
2023-04-03,277,7509400,158,6526536,8,592993,19,3426787,15,510669,40,3958597,897,1318304,1218,1120.86,19745209,14489449,0
2023-04-04,285,7509685,191,6526727,3,592996,14,3426801,10,510679,27,3958624,870,1319174,1223,1099.43,19746432,14489778,0
2023-04-05,269,7509954,156,6526883,8,593004,17,3426818,7,510686,27,3958651,989,1320163,1284,1077.86,19747716,14490049,0
2023-04-06,344,7510298,161,6527044,9,593013,17,3426835,5,510691,22,3958673,988,1321151,1324,1077.43,19749040,14490363,0
2023-04-07,246,7510544,146,6527190,5,593018,12,3426847,9,510700,21,3958694,752,1321903,1049,1013.86,19750089,14490639,0
2023-04-08,172,7510716,105,6527295,1,593019,5,3426852,10,510710,16,3958710,554,1322457,696,1019.14,19750785,14490766,0
2023-04-09,68,7510784,23,6527318,0,593019,0,3426852,4,510714,4,3958714,204,1322661,246,1005.71,19751031,14490804,0
2023-04-10,284,7511068,180,6527498,6,593025,19,3426871,9,510723,28,3958742,890,1323551,1217,1005.57,19752248,14491103,0
2023-04-11,272,7511340,154,6527652,5,593030,15,3426886,9,510732,28,3958770,913,1324464,1219,1005,19753467,14491385,0
2023-04-12,288,7511628,165,6527817,5,593035,15,3426901,8,510740,25,3958795,825,1325289,1177,989.71,19754644,14491714,0
2023-04-13,249,7511877,141,6527958,8,593043,13,3426914,7,510747,21,3958816,851,1326140,1156,965.71,19755800,14491999,0
2023-04-14,244,7512121,198,6528156,2,593045,6,3426920,10,510757,18,3958834,853,1326993,1181,984.57,19756981,14492311,0
2023-04-15,121,7512242,95,6528251,6,593051,3,3426923,7,510764,11,3958845,408,1327401,556,964.57,19757537,14492449,0
2023-04-16,76,7512318,31,6528282,0,593051,0,3426923,1,510765,1,3958846,266,1327667,307,973.29,19757844,14492489,0
2023-04-17,231,7512549,141,6528423,3,593054,7,3426930,3,510768,11,3958857,713,1328380,995,941.57,19758839,14492761,0
2023-04-18,221,7512770,127,6528550,6,593060,9,3426939,10,510778,22,3958879,756,1329136,988,908.57,19759827,14492974,0
2023-04-19,198,7512968,114,6528664,5,593065,7,3426946,9,510787,16,3958895,923,1330059,1082,895,19760909,14493117,0
2023-04-20,231,7513199,141,6528805,2,593067,14,3426960,19,510806,38,3958933,1277,1331336,1445,936.29,19762354,14493252,0
2023-04-21,232,7513431,135,6528940,6,593073,14,3426974,9,510815,29,3958962,1757,1333093,1882,1036.43,19764236,14493354,0
2023-04-22,109,7513540,58,6528998,3,593076,8,3426982,4,510819,13,3958975,948,1334041,1012,1101.57,19765248,14493406,0
2023-04-23,73,7513613,46,6529044,1,593077,1,3426983,2,510821,4,3958979,601,1334642,628,1147.43,19765876,14493430,0
2023-04-24,238,7513851,147,6529191,2,593079,11,3426994,7,510828,22,3959001,1793,1336435,1902,1277,19767778,14493521,0
2023-04-25,248,7514099,140,6529331,6,593085,12,3427006,11,510839,27,3959028,1790,1338225,1893,1406.29,19769671,14493601,0
2023-04-26,223,7514322,130,6529461,5,593090,7,3427013,5,510844,21,3959049,1653,1339878,1731,1499,19771402,14493667,0
2023-04-27,280,7514602,162,6529623,1,593091,11,3427024,17,510861,45,3959094,1815,1341693,1918,1566.57,19773320,14493742,0
2023-04-28,252,7514854,173,6529796,2,593093,11,3427035,17,510878,36,3959130,2029,1343722,2118,1600.29,19775438,14493803,0
2023-04-29,142,7514996,63,6529859,2,593095,5,3427040,6,510884,12,3959142,910,1344632,967,1593.86,19776405,14493849,0
2023-04-30,97,7515093,27,6529886,1,593096,6,3427046,3,510887,10,3959152,546,1345178,567,1585.14,19776972,14493861,0
2023-05-01,311,7515404,153,6530039,2,593098,12,3427058,9,510896,23,3959175,1926,1347104,2018,1601.71,19778990,14493932,0
2023-05-02,251,7515655,137,6530176,3,593101,11,3427069,6,510902,21,3959196,1783,1348887,1838,1593.86,19780828,14493970,0
2023-05-03,258,7515913,144,6530320,1,593102,14,3427083,10,510912,26,3959222,1741,1350628,1818,1606.29,19782646,14494023,0
2023-05-04,239,7516152,156,6530476,0,593102,13,3427096,8,510920,28,3959250,1978,1352606,2051,1625.29,19784697,14494075,0
2023-05-05,303,7516455,158,6530634,1,593103,6,3427102,11,510931,19,3959269,2122,1354728,2176,1633.57,19786873,14494112,0
2023-05-06,132,7516587,74,6530708,0,593103,13,3427115,8,510939,24,3959293,970,1355698,1033,1643,19787906,14494154,0
2023-05-07,78,7516665,34,6530742,0,593103,0,3427115,6,510945,7,3959300,626,1356324,642,1653.71,19788548,14494164,0
2023-05-08,267,7516932,140,6530882,0,593103,8,3427123,10,510955,19,3959319,1997,1358321,2052,1658.57,19790600,14494201,0
2023-05-09,260,7517192,123,6531005,0,593103,5,3427128,4,510959,18,3959337,1748,1360069,1791,1651.86,19792391,14494235,0
2023-05-10,245,7517437,123,6531128,1,593104,6,3427134,13,510972,26,3959363,1887,1361956,1950,1670.71,19794341,14494279,0
2023-05-11,228,7517665,127,6531255,1,593105,11,3427145,23,510995,41,3959404,1818,1363774,1893,1648.14,19796234,14494320,0
2023-05-12,167,7517832,121,6531376,1,593106,5,3427150,10,511005,26,3959430,1557,1365331,1601,1566,19797835,14494349,0
2023-05-13,98,7517930,48,6531424,0,593106,1,3427151,4,511009,8,3959438,700,1366031,725,1522,19798560,14494369,0
2023-05-14,59,7517989,20,6531444,0,593106,2,3427153,0,511009,3,3959441,362,1366393,372,1483.43,19798932,14494377,0
2023-05-15,209,7518198,121,6531565,0,593106,4,3427157,8,511017,18,3959459,1450,1367843,1510,1406,19800442,14494425,0
2023-05-16,250,7518448,100,6531665,0,593106,6,3427163,7,511024,15,3959474,1347,1369190,1397,1349.71,19801839,14494462,0
2023-05-17,210,7518658,103,6531768,0,593106,4,3427167,4,511028,12,3959486,1408,1370598,1454,1278.86,19803293,14494500,0
2023-05-18,221,7518879,99,6531867,0,593106,12,3427179,13,511041,32,3959518,1258,1371856,1320,1197,19804613,14494537,0
2023-05-19,196,7519075,123,6531990,0,593106,9,3427188,10,511051,28,3959546,1496,1373352,1547,1189.29,19806160,14494569,0
2023-05-20,126,7519201,39,6532029,0,593106,4,3427192,5,511056,10,3959556,686,1374038,715,1187.86,19806875,14494589,0
2023-05-21,62,7519263,16,6532045,0,593106,2,3427194,1,511057,4,3959560,350,1374388,360,1186.14,19807235,14494596,0
2023-05-22,221,7519484,94,6532139,0,593106,4,3427198,3,511060,7,3959567,1304,1375692,1330,1160.43,19808565,14494615,0
2023-05-23,214,7519698,102,6532241,0,593106,12,3427210,6,511066,21,3959588,1247,1376939,1305,1147.29,19809870,14494655,0
2023-05-24,219,7519917,118,6532359,2,593108,11,3427221,8,511074,25,3959613,1228,1378167,1281,1122.57,19811151,14494689,0
2023-05-25,187,7520104,91,6532450,1,593109,4,3427225,6,511080,15,3959628,1207,1379374,1237,1110.71,19812388,14494709,0
2023-05-26,180,7520284,130,6532580,0,593109,8,3427233,6,511086,17,3959645,1227,1380601,1274,1071.71,19813662,14494742,0
2023-05-27,108,7520392,44,6532624,0,593109,5,3427238,6,511092,15,3959660,532,1381133,564,1050.14,19814226,14494763,0
2023-05-28,52,7520444,13,6532637,1,593110,0,3427238,0,511092,0,3959660,310,1381443,315,1043.71,19814541,14494768,0
2023-05-29,11,7520455,5,6532642,0,593110,1,3427239,0,511092,1,3959661,61,1381504,65,863,19814606,14494771,0
2023-05-30,221,7520676,105,6532747,0,593110,4,3427243,2,511094,8,3959669,1237,1382741,1268,857.71,19815874,14494796,0
2023-05-31,182,7520858,108,6532855,0,593110,8,3427251,2,511096,13,3959682,1120,1383861,1149,838.86,19817023,14494815,0
2023-06-01,185,7521043,86,6532941,1,593111,1,3427252,6,511102,8,3959690,1161,1385022,1183,831.14,19818206,14494830,0
2023-06-02,229,7521272,98,6533039,0,593111,8,3427260,2,511104,10,3959700,1166,1386188,1196,820,19819402,14494850,0
2023-06-03,89,7521361,33,6533072,0,593111,1,3427261,0,511104,1,3959701,547,1386735,562,819.71,19819964,14494864,0
2023-06-04,66,7521427,14,6533086,0,593111,2,3427263,3,511107,5,3959706,304,1387039,315,819.71,19820279,14494870,0
2023-06-05,202,7521629,88,6533174,0,593111,4,3427267,4,511111,12,3959718,1105,1388144,1137,972.86,19821416,14494894,0
2023-06-06,168,7521797,97,6533271,0,593111,8,3427275,3,511114,13,3959731,1008,1389152,1033,939.29,19822449,14494908,0
2023-06-07,175,7521972,94,6533365,2,593113,7,3427282,7,511121,15,3959746,972,1390124,1003,918.43,19823452,14494925,0
2023-06-08,177,7522149,73,6533438,1,593114,4,3427286,10,511131,14,3959760,817,1390941,849,870.71,19824301,14494943,0
2023-06-09,166,7522315,97,6533535,0,593114,11,3427297,10,511141,24,3959784,1018,1391959,1058,851,19825359,14494962,0
2023-06-10,114,7522429,33,6533568,0,593114,2,3427299,2,511143,5,3959789,423,1392382,445,834.29,19825804,14494980,0
2023-06-11,54,7522483,13,6533581,0,593114,0,3427299,0,511143,0,3959789,251,1392633,258,826.14,19826062,14494987,0
2023-06-12,167,7522650,81,6533662,1,593115,8,3427307,1,511144,11,3959800,964,1393597,984,804.29,19827046,14494998,0
2023-06-13,173,7522823,86,6533748,0,593115,1,3427308,3,511147,4,3959804,915,1394512,929,789.43,19827975,14495008,0
2023-06-14,179,7523002,98,6533846,0,593115,9,3427317,1,511148,11,3959815,1024,1395536,1057,797.14,19829032,14495031,0
2023-06-15,157,7523159,81,6533927,2,593117,7,3427324,3,511151,11,3959826,963,1396499,984,816.43,19830016,14495042,0
2023-06-16,205,7523364,82,6534009,0,593117,3,3427327,0,511151,4,3959830,909,1397408,930,798.14,19830946,14495060,0
2023-06-17,81,7523445,22,6534031,0,593117,2,3427329,2,511153,5,3959835,400,1397808,413,793.57,19831359,14495069,0
2023-06-18,58,7523503,16,6534047,0,593117,1,3427330,0,511153,1,3959836,224,1398032,229,789.43,19831588,14495073,0
2023-06-19,99,7523602,34,6534081,0,593117,2,3427332,2,511155,5,3959841,631,1398663,639,740.14,19832227,14495077,0
2023-06-20,170,7523772,89,6534170,1,593118,5,3427337,1,511156,6,3959847,911,1399574,924,739.43,19833151,14495084,0
2023-06-21,156,7523928,74,6534244,0,593118,10,3427347,1,511157,12,3959859,873,1400447,899,716.86,19834050,14495099,0
2023-06-22,186,7524114,50,6534294,0,593118,5,3427352,2,511159,7,3959866,813,1401260,829,694.71,19834879,14495108,0
2023-06-23,150,7524264,75,6534369,0,593118,5,3427357,0,511159,7,3959873,794,1402054,808,677.29,19835687,14495117,0
2023-06-24,64,7524328,26,6534395,0,593118,1,3427358,3,511162,5,3959878,327,1402381,341,667,19836028,14495127,0
2023-06-25,39,7524367,10,6534405,0,593118,1,3427359,5,511167,6,3959884,174,1402555,195,662.14,19836223,14495142,0
2023-06-26,131,7524498,61,6534466,1,593119,9,3427368,1,511168,11,3959895,768,1403323,795,684.43,19837018,14495159,0
2023-06-27,131,7524629,62,6534528,0,593119,6,3427374,0,511168,7,3959902,713,1404036,733,657.14,19837751,14495173,0
2023-06-28,154,7524783,66,6534594,0,593119,7,3427381,2,511170,9,3959911,807,1404843,827,646.86,19838578,14495184,0
2023-06-29,161,7524944,64,6534658,0,593119,3,3427384,5,511175,8,3959919,756,1405599,776,639.29,19839354,14495196,0
2023-06-30,166,7525110,65,6534723,0,593119,3,3427387,4,511179,8,3959927,690,1406289,705,624.57,19840059,14495204,0
2023-07-01,55,7525165,26,6534749,0,593119,2,3427389,0,511179,2,3959929,287,1406576,300,618.71,19840359,14495215,0
2023-07-02,37,7525202,8,6534757,0,593119,0,3427389,0,511179,0,3959929,163,1406739,168,614.86,19840527,14495220,0
2023-07-03,123,7525325,51,6534808,0,593119,8,3427397,2,511181,10,3959939,571,1407310,589,585.43,19841116,14495228,0
2023-07-04,1,7525326,2,6534810,1,593120,0,3427397,0,511181,0,3959939,9,1407319,10,482.14,19841126,14495229,0
2023-07-05,141,7525467,50,6534860,1,593121,6,3427403,0,511181,6,3959945,614,1407933,624,453.14,19841750,14495233,0
2023-07-06,148,7525615,53,6534913,0,593121,6,3427409,2,511183,8,3959953,623,1408556,641,433.86,19842391,14495243,0
2023-07-07,158,7525773,77,6534990,0,593121,4,3427413,1,511184,6,3959959,686,1409242,696,432.57,19843087,14495248,0
2023-07-08,78,7525851,21,6535011,0,593121,1,3427414,4,511188,6,3959965,257,1409499,276,429.14,19843363,14495262,0
2023-07-09,23,7525874,7,6535018,0,593121,0,3427414,0,511188,0,3959965,115,1409614,115,421.57,19843478,14495262,0
2023-07-10,149,7526023,59,6535077,1,593122,3,3427417,1,511189,5,3959970,616,1410230,641,429,19844119,14495283,0
2023-07-11,132,7526155,65,6535142,0,593122,5,3427422,2,511191,7,3959977,610,1410840,627,517.14,19844746,14495293,0
2023-07-12,156,7526311,62,6535204,0,593122,2,3427424,2,511193,4,3959981,656,1411496,668,523.43,19845414,14495301,0
2023-07-13,127,7526438,44,6535248,0,593122,3,3427427,3,511196,7,3959988,503,1411999,516,505.57,19845930,14495308,0
2023-07-14,141,7526579,68,6535316,0,593122,4,3427431,2,511198,8,3959996,607,1412606,624,495.29,19846554,14495319,0
2023-07-15,77,7526656,17,6535333,0,593122,1,3427432,2,511200,3,3959999,244,1412850,257,492.57,19846811,14495329,0
2023-07-16,38,7526694,4,6535337,0,593122,0,3427432,0,511200,0,3959999,113,1412963,113,492.29,19846924,14495329,0
2023-07-17,137,7526831,54,6535391,0,593122,1,3427433,1,511201,3,3960002,559,1413522,571,482.29,19847495,14495339,0
2023-07-18,127,7526958,61,6535452,0,593122,4,3427437,2,511203,6,3960008,548,1414070,560,472.71,19848055,14495345,0
2023-07-19,113,7527071,73,6535525,1,593123,2,3427439,4,511207,6,3960014,551,1414621,568,458.43,19848623,14495356,0
2023-07-20,155,7527226,52,6535577,0,593123,12,3427451,3,511210,17,3960031,531,1415152,561,464.86,19849184,14495371,0
2023-07-21,141,7527367,72,6535649,0,593123,1,3427452,0,511210,2,3960033,587,1415739,592,460.29,19849776,14495375,0
2023-07-22,79,7527446,19,6535668,0,593123,3,3427455,0,511210,3,3960036,193,1415932,230,456.43,19850006,14495409,0
2023-07-23,30,7527476,11,6535679,0,593123,1,3427456,0,511210,1,3960037,101,1416033,102,454.86,19850108,14495409,0
2023-07-24,156,7527632,42,6535721,0,593123,7,3427463,0,511210,8,3960045,582,1416615,593,458,19850701,14495413,0
2023-07-25,104,7527736,34,6535755,0,593123,0,3427463,1,511211,1,3960046,458,1417073,463,444.14,19851164,14495417,0
2023-07-26,137,7527873,53,6535808,1,593124,6,3427469,2,511213,8,3960054,538,1417611,554,442.14,19851718,14495425,0
2023-07-27,133,7528006,50,6535858,1,593125,6,3427475,1,511214,7,3960061,492,1418103,506,434.29,19852224,14495432,0
2023-07-28,116,7528122,60,6535918,0,593125,2,3427477,2,511216,4,3960065,488,1418591,499,421,19852723,14495439,0
2023-07-29,56,7528178,12,6535930,0,593125,0,3427477,4,511220,4,3960069,209,1418800,224,420.14,19852947,14495450,0
2023-07-30,37,7528215,15,6535945,0,593125,1,3427478,0,511220,1,3960070,151,1418951,154,427.57,19853101,14495452,0
2023-07-31,146,7528361,70,6536015,0,593125,1,3427479,2,511222,4,3960074,585,1419536,606,429.43,19853707,14495470,0
2023-08-01,121,7528482,57,6536072,0,593125,2,3427481,2,511224,4,3960078,575,1420111,582,446.43,19854289,14495473,0
2023-08-02,150,7528632,46,6536118,0,593125,2,3427483,2,511226,4,3960082,543,1420654,557,446.86,19854846,14495483,0
2023-08-03,123,7528755,61,6536179,0,593125,4,3427487,1,511227,5,3960087,540,1421194,551,453.29,19855397,14495489,0
2023-08-04,121,7528876,53,6536232,0,593125,1,3427488,1,511228,3,3960090,625,1421819,635,472.71,19856032,14495497,0
2023-08-05,74,7528950,7,6536239,0,593125,5,3427493,2,511230,8,3960098,294,1422113,310,485,19856342,14495506,0
2023-08-06,37,7528987,5,6536244,0,593125,0,3427493,0,511230,0,3960098,166,1422279,166,486.71,19856508,14495506,0
2023-08-07,197,7529184,53,6536297,0,593125,3,3427496,3,511233,8,3960106,714,1422993,727,504,19857235,14495513,0
2023-08-08,187,7529371,61,6536358,1,593126,6,3427502,1,511234,7,3960113,712,1423705,726,524.57,19857961,14495520,0
2023-08-09,165,7529536,51,6536409,0,593126,6,3427508,2,511236,8,3960121,707,1424412,726,548.71,19858687,14495531,0
2023-08-10,162,7529698,56,6536465,0,593126,2,3427510,0,511236,2,3960123,640,1425052,651,563,19859338,14495540,0
2023-08-11,177,7529875,67,6536532,0,593126,0,3427510,1,511237,1,3960124,709,1425761,721,575.29,19860059,14495551,0
2023-08-12,95,7529970,24,6536556,0,593126,0,3427510,0,511237,1,3960125,299,1426060,312,575.57,19860371,14495564,0
2023-08-13,64,7530034,6,6536562,0,593126,1,3427511,1,511238,2,3960127,162,1426222,166,575.57,19860537,14495566,0
2023-08-14,195,7530229,60,6536622,0,593126,4,3427515,0,511238,4,3960131,694,1426916,701,571.86,19861238,14495569,0
2023-08-15,178,7530407,49,6536671,0,593126,3,3427518,2,511240,7,3960138,621,1427537,632,558.43,19861870,14495575,0
2023-08-16,143,7530550,59,6536730,0,593126,2,3427520,4,511244,10,3960148,661,1428198,684,552.43,19862554,14495592,0
2023-08-17,164,7530714,55,6536785,0,593126,6,3427526,3,511247,12,3960160,603,1428801,622,548.29,19863176,14495602,0
2023-08-18,188,7530902,59,6536844,0,593126,2,3427528,0,511247,4,3960164,705,1429506,712,547,19863888,14495607,0
2023-08-19,72,7530974,17,6536861,0,593126,0,3427528,1,511248,1,3960165,284,1429790,289,543.71,19864177,14495611,0
2023-08-20,54,7531028,13,6536874,0,593126,2,3427530,6,511254,15,3960180,171,1429961,191,547.29,19864368,14495623,0
2023-08-21,177,7531205,56,6536930,0,593126,1,3427531,4,511258,9,3960189,586,1430547,599,532.71,19864967,14495631,0
2023-08-22,124,7531329,60,6536990,0,593126,1,3427532,3,511261,4,3960193,474,1431021,488,512.14,19865455,14495641,0
2023-08-23,157,7531486,73,6537063,0,593126,4,3427536,5,511266,9,3960202,625,1431646,644,506.43,19866099,14495651,0
2023-08-24,144,7531630,52,6537115,0,593126,4,3427540,0,511266,7,3960209,492,1432138,514,491,19866613,14495669,0
2023-08-25,149,7531779,48,6537163,0,593126,0,3427540,3,511269,7,3960216,465,1432603,479,457.71,19867092,14495680,120000
2023-08-26,47,7531826,25,6537188,0,593126,0,3427540,0,511269,0,3960216,230,1432833,237,450.29,19867329,14495687,120000
2023-08-27,52,7531878,13,6537201,0,593126,0,3427540,1,511270,1,3960217,156,1432989,159,445.71,19867488,14495689,120000
2023-08-28,185,7532063,70,6537271,0,593126,2,3427542,5,511275,12,3960229,570,1433559,592,444.71,19868080,14495704,120000
2023-08-29,181,7532244,41,6537312,0,593126,3,3427545,3,511278,10,3960239,532,1434091,549,453.43,19868629,14495715,120000
2023-08-30,176,7532420,55,6537367,0,593126,1,3427546,3,511281,6,3960245,527,1434618,546,439.43,19869175,14495730,120000
2023-08-31,52,7532472,13,6537380,0,593126,3,3427549,2,511283,6,3960251,179,1434797,190,393.14,19869365,14495736,120000
