"DATE","ADMIN_DOSE1_DAILY","ADMIN_DOSE1_CUMULATIVE","ADMIN_DOSE2_DAILY","ADMIN_DOSE2_CUMULATIVE","ADMIN_SINGLE_DAILY","ADMIN_SINGLE_CUMULATIVE","ADMIN_ADDITIONAL_DAILY","ADMIN_ADDITIONAL_CUMULATIVE","ADMIN_ALLDOSES_DAILY","ADMIN_ALLDOSES_7DAYAVG","ADMIN_ALLDOSES_CUMULATIVE","INCOMPLETE"
"2020-12-14",79,79,0,0,0,0,0,0,79,,79,0
"2020-12-15",2052,2131,6,6,4,4,0,0,2062,,2141,0
"2020-12-16",4603,6734,13,19,1,5,1,1,4618,,6759,0
"2020-12-17",4655,11389,17,36,0,5,1,2,4673,,11432,0
"2020-12-18",5834,17223,19,55,2,7,2,4,5857,,17289,0
"2020-12-19",1689,18912,7,62,3,10,0,4,1699,,18988,0
"2020-12-20",1116,20028,2,64,1,11,0,4,1119,2872.43,20107,0
"2020-12-21",6339,26367,18,82,0,11,5,9,6362,3770,26469,0
"2020-12-22",9795,36162,27,109,2,13,1,10,9825,4879,36294,0
"2020-12-23",14274,50436,35,144,3,16,1,11,14313,6264,50607,0
"2020-12-24",7201,57637,24,168,1,17,0,11,7226,6628.71,57833,0
"2020-12-25",180,57817,0,168,0,17,1,12,181,5817.86,58014,0
"2020-12-26",4389,62206,42,210,0,17,1,13,4432,6208.29,62446,0
"2020-12-27",3868,66074,14,224,0,17,1,14,3883,6603.14,66329,0
"2020-12-28",10994,77068,50,274,1,18,2,16,11047,7272.43,77376,0
"2020-12-29",10719,87787,34,308,2,20,2,18,10757,7405.57,88133,0
"2020-12-30",12823,100610,46,354,0,20,0,18,12869,7199.29,101002,0
"2020-12-31",7262,107872,31,385,1,21,0,18,7294,7209,108296,0
"2021-01-01",181,108053,2,387,1,22,3,21,187,7209.86,108483,0
"2021-01-02",3809,111862,10,397,2,24,2,23,3823,7122.86,112306,0
"2021-01-03",3542,115404,24,421,2,26,1,24,3569,7078,115875,0
"2021-01-04",12257,127661,806,1227,2,28,6,30,13071,7367.14,128946,0
"2021-01-05",14085,141746,2190,3417,2,30,12,42,16289,8157.43,145235,0
"2021-01-06",17804,159550,3925,7342,1,31,30,72,21760,9427.57,166995,0
"2021-01-07",16550,176100,5169,12511,4,35,45,117,21768,11495.29,188763,0
"2021-01-08",16618,192718,5457,17968,0,35,32,149,22107,14626.71,210870,0
"2021-01-09",7651,200369,1462,19430,1,36,7,156,9121,15383.57,219991,0
"2021-01-10",7882,208251,982,20412,0,36,10,166,8874,16141.43,228865,0
"2021-01-11",25828,234079,7454,27866,2,38,48,214,33332,19035.86,262197,0
"2021-01-12",28264,262343,7857,35723,1,39,44,258,36166,21875.43,298363,0
"2021-01-13",31729,294072,9384,45107,1,40,52,310,41166,24647.71,339529,0
"2021-01-14",35810,329882,5324,50431,1,41,28,338,41163,27418.43,380692,0
"2021-01-15",29268,359150,3705,54136,2,43,32,370,33007,28975.57,413699,0
"2021-01-16",30291,389441,2380,56516,0,43,25,395,32696,32343.43,446395,0
"2021-01-17",23753,413194,1623,58139,0,43,18,413,25394,34703.43,471789,0
"2021-01-18",27108,440302,2411,60550,0,43,35,448,29554,34163.71,501343,0
"2021-01-19",34300,474602,9624,70174,1,44,71,519,43996,35282.29,545339,0
"2021-01-20",34870,509472,9493,79667,1,45,59,578,44423,35747.57,589762,0
"2021-01-21",25590,535062,8093,87760,2,47,47,625,33732,34686,623494,0
"2021-01-22",24756,559818,4382,92142,1,48,31,656,29170,34137.86,652664,0
"2021-01-23",15743,575561,3222,95364,0,48,10,666,18975,32177.71,671639,0
"2021-01-24",7176,582737,3452,98816,0,48,19,685,10647,30071,682286,0
"2021-01-25",13414,596151,11819,110635,0,48,64,749,25297,29462.86,707583,0
"2021-01-26",16766,612917,10752,121387,0,48,67,816,27585,27118.43,735168,0
"2021-01-27",20836,633753,12358,133745,0,48,49,865,33243,25521.29,768411,0
"2021-01-28",30761,664514,12848,146593,0,48,80,945,43689,26943.71,812100,0
"2021-01-29",31695,696209,11498,158091,0,48,79,1024,43272,28958.29,855372,0
"2021-01-30",18714,714923,3738,161829,0,48,20,1044,22472,29457.86,877844,0
"2021-01-31",13024,727947,2917,164746,1,49,28,1072,15970,30218.29,893814,0
"2021-02-01",1180,729127,5369,170115,4,53,35,1107,6588,27545.57,900402,0
"2021-02-02",2828,731955,9472,179587,2,55,48,1155,12350,25369.14,912752,0
"2021-02-03",16349,748304,21242,200829,4,59,201,1356,37796,26019.57,950548,0
"2021-02-04",27046,775350,19650,220479,3,62,198,1554,46897,26477.86,997445,0
"2021-02-05",27598,802948,20034,240513,0,62,183,1737,47815,27126.86,1045260,0
"2021-02-06",22992,825940,11248,251761,0,62,108,1845,34348,28823.43,1079608,0
"2021-02-07",12045,837985,8281,260042,1,63,90,1935,20417,29458.71,1100025,0
"2021-02-08",16967,854952,23513,283555,2,65,230,2165,40712,34333.57,1140737,0
"2021-02-09",17196,872148,28109,311664,2,67,331,2496,45638,39089,1186375,0
"2021-02-10",19592,891740,29310,340974,2,69,257,2753,49161,40712.57,1235536,0
"2021-02-11",27849,919589,33467,374441,2,71,342,3095,61660,42821.57,1297196,0
"2021-02-12",38402,957991,30791,405232,3,74,355,3450,69551,45926.71,1366747,0
"2021-02-13",28004,985995,25309,430541,2,76,310,3760,53625,48680.57,1420372,0
"2021-02-14",16280,1002275,23730,454271,0,76,260,4020,40270,51516.71,1460642,0
"2021-02-15",12796,1015071,10530,464801,2,78,164,4184,23492,49056.71,1484134,0
"2021-02-16",14240,1029311,26731,491532,0,78,320,4504,41291,48435.71,1525425,0
"2021-02-17",16399,1045710,22185,513717,1,79,284,4788,38869,46965.43,1564294,0
"2021-02-18",12154,1057864,24988,538705,21,100,286,5074,37449,43506.71,1601743,0
"2021-02-19",13264,1071128,23936,562641,39,139,300,5374,37539,38933.57,1639282,0
"2021-02-20",11352,1082480,26074,588715,6,145,323,5697,37755,36666.43,1677037,0
"2021-02-21",6364,1088844,17423,606138,15,160,282,5979,24084,34354.14,1701121,0
"2021-02-22",13040,1101884,11849,617987,2,162,125,6104,25016,34571.86,1726137,0
"2021-02-23",25244,1127128,14148,632135,1,163,159,6263,39552,34323.43,1765689,0
"2021-02-24",36359,1163487,20381,652516,0,163,221,6484,56961,36908,1822650,0
"2021-02-25",54621,1218108,30376,682892,6,169,393,6877,85396,43757.57,1908046,0
"2021-02-26",62874,1280982,31861,714753,4,173,407,7284,95146,51987.14,2003192,0
"2021-02-27",51301,1332283,22744,737497,47,220,330,7614,74422,57225.29,2077614,0
"2021-02-28",44599,1376882,13812,751309,7,227,204,7818,58622,62159.29,2136236,0
"2021-03-01",39317,1416199,12773,764082,10,237,166,7984,52266,66052.14,2188502,0
"2021-03-02",47082,1463281,12569,776651,7,244,161,8145,59819,68947.43,2248321,0
"2021-03-03",48607,1511888,16151,792802,17,261,146,8291,64921,70084.57,2313242,0
"2021-03-04",59822,1571710,22811,815613,1092,1353,269,8560,83994,69884.29,2397236,0
"2021-03-05",60989,1632699,24275,839888,3109,4462,328,8888,88701,68963.57,2485937,0
"2021-03-06",47181,1679880,18877,858765,5451,9913,237,9125,71746,68581.29,2557683,0
"2021-03-07",36047,1715927,14871,873636,6245,16158,228,9353,57391,68405.43,2615074,0
"2021-03-08",39631,1755558,14666,888302,8564,24722,310,9663,63171,69963.29,2678245,0
"2021-03-09",39105,1794663,12836,901138,7765,32487,177,9840,59883,69972.43,2738128,0
"2021-03-10",51833,1846496,15324,916462,5067,37554,229,10069,72453,71048.43,2810581,0
"2021-03-11",59996,1906492,21797,938259,4618,42172,255,10324,86666,71430.14,2897247,0
"2021-03-12",52207,1958699,30303,968562,4183,46355,369,10693,87062,71196,2984309,0
"2021-03-13",40657,1999356,26682,995244,5108,51463,324,11017,72771,71342.43,3057080,0
"2021-03-14",30719,2030075,15962,1011206,4527,55990,236,11253,51444,70492.86,3108524,0
"2021-03-15",33589,2063664,17240,1028446,4717,60707,236,11489,55782,69437.29,3164306,0
"2021-03-16",38680,2102344,20488,1048934,4925,65632,260,11749,64353,70075.86,3228659,0
"2021-03-17",42624,2144968,24772,1073706,4248,69880,334,12083,71978,70008,3300637,0
"2021-03-18",50464,2195432,26787,1100493,5240,75120,363,12446,82854,69463.43,3383491,0
"2021-03-19",47802,2243234,29929,1130422,5625,80745,389,12835,83745,68989.57,3467236,0
"2021-03-20",38712,2281946,25821,1156243,4688,85433,294,13129,69515,68524.43,3536751,0
"2021-03-21",29303,2311249,19348,1175591,770,86203,218,13347,49639,68266.57,3586390,0
"2021-03-22",33872,2345121,26725,1202316,4037,90240,259,13606,64893,69568.14,3651283,0
"2021-03-23",38438,2383559,32828,1235144,4219,94459,287,13893,75772,71199.43,3727055,0
"2021-03-24",41505,2425064,37576,1272720,4849,99308,326,14219,84256,72953.43,3811311,0
"2021-03-25",43419,2468483,50763,1323483,5055,104363,466,14685,99703,75360.43,3911014,0
"2021-03-26",38508,2506991,55482,1378965,4310,108673,524,15209,98824,77514.57,4009838,0
"2021-03-27",35745,2542736,45729,1424694,2939,111612,409,15618,84822,79701.29,4094660,0
"2021-03-28",26396,2569132,34430,1459124,1482,113094,327,15945,62635,81557.86,4157295,0
"2021-03-29",34824,2603956,38841,1497965,3248,116342,341,16286,77254,83323.71,4234549,0
"2021-03-30",40517,2644473,41905,1539870,3713,120055,331,16617,86466,84851.43,4321015,0
"2021-03-31",49405,2693878,44841,1584711,7441,127496,395,17012,102082,87398,4423097,0
"2021-04-01",50787,2744665,53929,1638640,11277,138773,499,17511,116492,89796.43,4539589,0
"2021-04-02",43761,2788426,53871,1692511,11970,150743,545,18056,110147,91414,4649736,0
"2021-04-03",39261,2827687,39197,1731708,9861,160604,334,18390,88653,91961.29,4738389,0
"2021-04-04",26561,2854248,24762,1756470,3902,164506,221,18611,55446,90934.29,4793835,0
"2021-04-05",41888,2896136,34466,1790936,11196,175702,367,18978,87917,92457.57,4881752,0
"2021-04-06",53277,2949413,35598,1826534,13223,188925,423,19401,102521,94751.14,4984273,0
"2021-04-07",55520,3004933,40679,1867213,14389,203314,394,19795,110982,96022.57,5095255,0
"2021-04-08",59276,3064209,46567,1913780,16340,219654,509,20304,122692,96908.29,5217947,0
"2021-04-09",56650,3120859,44951,1958731,17547,237201,509,20813,119657,98266.86,5337604,0
"2021-04-10",49357,3170216,35638,1994369,12728,249929,385,21198,98108,99617.57,5435712,0
"2021-04-11",38187,3208403,28812,2023181,7684,257613,295,21493,74978,102407.86,5510690,0
"2021-04-12",46644,3255047,31850,2055031,13496,271109,459,21952,92449,103055.29,5603139,0
"2021-04-13",52549,3307596,33791,2088822,368,271477,387,22339,87095,100851.57,5690234,0
"2021-04-14",50151,3357747,39961,2128783,20,271497,364,22703,90496,97925,5780730,0
"2021-04-15",52129,3409876,43676,2172459,16,271513,452,23155,96273,94150.86,5877003,0
"2021-04-16",51190,3461066,42220,2214679,32,271545,412,23567,93854,90464.71,5970857,0
"2021-04-17",43846,3504912,35686,2250365,3,271548,364,23931,79899,87863.43,6050756,0
"2021-04-18",28609,3533521,29376,2279741,7,271555,248,24179,58240,85472.29,6108996,0
"2021-04-19",37477,3570998,36449,2316190,22,271577,319,24498,74267,82874.86,6183263,0
"2021-04-20",40813,3611811,39629,2355819,19,271596,310,24808,80771,81971.43,6264034,0
"2021-04-21",38910,3650721,46010,2401829,15,271611,488,25296,85423,81246.71,6349457,0
"2021-04-22",38507,3689228,48959,2450788,9,271620,331,25627,87806,80037.14,6437263,0
"2021-04-23",39707,3728935,44376,2495164,4,271624,345,25972,84432,78691.14,6521695,0
"2021-04-24",31959,3760894,41600,2536764,44,271668,274,26246,73877,77830.86,6595572,0
"2021-04-25",18425,3779319,31228,2567992,86,271754,190,26436,49929,76643.57,6645501,0
"2021-04-26",26975,3806294,40734,2608726,1013,272767,284,26720,69006,75892,6714507,0
"2021-04-27",28578,3834872,47140,2655866,1697,274464,347,27067,77762,75462.14,6792269,0
"2021-04-28",27055,3861927,56833,2712699,2148,276612,422,27489,86458,75610,6878727,0
"2021-04-29",28615,3890542,57199,2769898,2148,278760,359,27848,88321,75683.57,6967048,0
"2021-04-30",30128,3920670,51986,2821884,2056,280816,278,28126,84448,75685.86,7051496,0
"2021-05-01",22483,3943153,44551,2866435,1177,281993,222,28348,68433,74908.14,7119929,0
"2021-05-02",11929,3955082,36657,2903092,1080,283073,133,28481,49799,74889.57,7169728,0
"2021-05-03",18036,3973118,53019,2956111,2383,285456,251,28732,73689,75558.57,7243417,0
"2021-05-04",22744,3995862,56644,3012755,2330,287786,260,28992,81978,76160.86,7325395,0
"2021-05-05",21481,4017343,48797,3061552,2312,290098,307,29299,72897,74223.57,7398292,0
"2021-05-06",20687,4038030,50178,3111730,2507,292605,268,29567,73640,72126.29,7471932,0
"2021-05-07",21259,4059289,52100,3163830,2813,295418,303,29870,76475,70987.29,7548407,0
"2021-05-08",16636,4075925,41868,3205698,1835,297253,227,30097,60566,69863.43,7608973,0
"2021-05-09",7976,4083901,29413,3235111,1260,298513,148,30245,38797,68291.71,7647770,0
"2021-05-10",14396,4098297,38533,3273644,2356,300869,230,30475,55515,65695.43,7703285,0
"2021-05-11",19921,4118218,43052,3316696,2514,303383,280,30755,65767,63379.57,7769052,0
"2021-05-12",17818,4136036,40528,3357224,3596,306979,229,30984,62171,61847.29,7831223,0
"2021-05-13",24978,4161014,40429,3397653,3230,310209,258,31242,68895,61169.43,7900118,0
"2021-05-14",27027,4188041,42912,3440565,3537,313746,279,31521,73755,60780.86,7973873,0
"2021-05-15",23653,4211694,34915,3475480,3366,317112,246,31767,62180,61011.43,8036053,0
"2021-05-16",15536,4227230,19437,3494917,2497,319609,125,31892,37595,60839.71,8073648,0
"2021-05-17",22679,4249909,29137,3524054,3258,322867,176,32068,55250,60801.86,8128898,0
"2021-05-18",24643,4274552,31903,3555957,3404,326271,236,32304,60186,60004.57,8189084,0
"2021-05-19",24201,4298753,29708,3585665,3040,329311,223,32527,57172,59290.43,8246256,0
"2021-05-20",24162,4322915,30079,3615744,3162,332473,271,32798,57674,57687.43,8303930,0
"2021-05-21",24690,4347605,32001,3647745,3060,335533,249,33047,60000,55722.43,8363930,0
"2021-05-22",20027,4367632,24355,3672100,2525,338058,160,33207,47067,53563.43,8410997,0
"2021-05-23",11238,4378870,13731,3685831,1411,339469,93,33300,26473,51974.57,8437470,0
"2021-05-24",18884,4397754,23150,3708981,2757,342226,214,33514,45005,50511,8482475,0
"2021-05-25",19440,4417194,23374,3732355,2601,344827,177,33691,45592,48426.14,8528067,0
"2021-05-26",18790,4435984,21082,3753437,2696,347523,199,33890,42767,46368.29,8570834,0
"2021-05-27",18475,4454459,21267,3774704,2530,350053,189,34079,42461,44195,8613295,0
"2021-05-28",17870,4472329,22886,3797590,2752,352805,186,34265,43694,41865.57,8656989,0
"2021-05-29",12714,4485043,17806,3815396,1755,354560,103,34368,32378,39767.14,8689367,0
"2021-05-30",7033,4492076,8947,3824343,1074,355634,46,34414,17100,38428.14,8706467,0
"2021-05-31",4742,4496818,6926,3831269,1012,356646,64,34478,12744,33819.43,8719211,0
"2021-06-01",16042,4512860,25194,3856463,2175,358821,151,34629,43562,33529.43,8762773,0
"2021-06-02",15355,4528215,20389,3876852,2093,360914,137,34766,37974,32844.71,8800747,0
"2021-06-03",15011,4543226,23816,3900668,2280,363194,125,34891,41232,32669.14,8841979,0
"2021-06-04",14732,4557958,25983,3926651,2492,365686,142,35033,43349,32619.86,8885328,0
"2021-06-05",10994,4568952,22086,3948737,1806,367492,111,35144,34997,32994,8920325,0
"2021-06-06",6449,4575401,14466,3963203,1222,368714,84,35228,22221,33725.57,8942546,0
"2021-06-07",11714,4587115,21783,3984986,2380,371094,137,35365,36014,37049.86,8978560,0
"2021-06-08",12656,4599771,24015,4009001,2072,373166,116,35481,38859,36378,9017419,0
"2021-06-09",11150,4610921,23021,4032022,2297,375463,129,35610,36597,36181.29,9054016,0
"2021-06-10",12073,4622994,22229,4054251,2462,377925,139,35749,36903,35562.86,9090919,0
"2021-06-11",12709,4635703,25118,4079369,2483,380408,150,35899,40460,35150.14,9131379,0
"2021-06-12",10168,4645871,19305,4098674,1888,382296,94,35993,31455,34644.14,9162834,0
"2021-06-13",4260,4650131,10934,4109608,1219,383515,41,36034,16454,33820.29,9179288,0
"2021-06-14",10215,4660346,19241,4128849,2042,385557,126,36160,31624,33193.14,9210912,0
"2021-06-15",11892,4672238,21005,4149854,1943,387500,128,36288,34968,32637.29,9245880,0
"2021-06-16",11592,4683830,19408,4169262,1956,389456,138,36426,33094,32136.86,9278974,0
"2021-06-17",11028,4694858,18761,4188023,1971,391427,119,36545,31879,31419.14,9310853,0
"2021-06-18",12170,4707028,18497,4206520,2116,393543,113,36658,32896,30338.57,9343749,0
"2021-06-19",8503,4715531,13516,4220036,1459,395002,81,36739,23559,29210.57,9367308,0
"2021-06-20",4336,4719867,7159,4227195,924,395926,36,36775,12455,28639.29,9379763,0
"2021-06-21",10164,4730031,10006,4237201,1806,397732,68,36843,22044,27270.71,9401807,0
"2021-06-22",9835,4739866,15641,4252842,1589,399321,105,36948,27170,26156.71,9428977,0
"2021-06-23",10317,4750183,15184,4268026,1861,401182,100,37048,27462,25352.14,9456439,0
"2021-06-24",9692,4759875,14697,4282723,1799,402981,116,37164,26304,24555.71,9482743,0
"2021-06-25",10593,4770468,14384,4297107,1718,404699,109,37273,26804,23685.43,9509547,0
"2021-06-26",7806,4778274,10465,4307572,1246,405945,73,37346,19590,23118.43,9529137,0
"2021-06-27",5003,4783277,6000,4313572,796,406741,31,37377,11830,23029.14,9540967,0
"2021-06-28",9034,4792311,10345,4323917,1524,408265,105,37482,21008,22881.14,9561975,0
"2021-06-29",9750,4802061,12311,4336228,1347,409612,127,37609,23535,22361.86,9585510,0
"2021-06-30",9431,4811492,10926,4347154,1481,411093,146,37755,21984,21579.29,9607494,0
"2021-07-01",9399,4820891,10927,4358081,1431,412524,125,37880,21882,20947.57,9629376,0
"2021-07-02",9697,4830588,11435,4369516,1541,414065,121,38001,22794,20374.71,9652170,0
"2021-07-03",7060,4837648,8419,4377935,1193,415258,75,38076,16747,19968.57,9668917,0
"2021-07-04",1288,4838936,1336,4379271,567,415825,8,38084,3199,18735.57,9672116,0
"2021-07-05",6496,4845432,7104,4386375,1208,417033,64,38148,14872,17859,9686988,0
"2021-07-06",9513,4854945,12849,4399224,1316,418349,115,38263,23793,17895.86,9710781,0
"2021-07-07",8673,4863618,11105,4410329,1419,419768,121,38384,21318,17800.71,9732099,0
"2021-07-08",8210,4871828,10190,4420519,1260,421028,106,38490,19766,17498.43,9751865,0
"2021-07-09",8378,4880206,10833,4431352,1279,422307,88,38578,20578,17181.86,9772443,0
"2021-07-10",7110,4887316,8627,4439979,1132,423439,62,38640,16931,17208.14,9789374,0
"2021-07-11",4104,4891420,4539,4444518,703,424142,34,38674,9380,18091.14,9798754,0
"2021-07-12",8452,4899872,9555,4454073,1250,425392,80,38754,19337,18729,9818091,0
"2021-07-13",9468,4909340,9383,4463456,951,426343,104,38858,19906,18173.71,9837997,0
"2021-07-14",9003,4918343,9526,4472982,1009,427352,103,38961,19641,17934.14,9857638,0
"2021-07-15",8793,4927136,9151,4482133,1051,428403,82,39043,19077,17835.71,9876715,0
"2021-07-16",9242,4936378,9761,4491894,978,429381,101,39144,20082,17764.86,9896797,0
"2021-07-17",6845,4943223,7386,4499280,802,430183,78,39222,15111,17504.86,9911908,0
"2021-07-18",4260,4947483,4282,4503562,569,430752,35,39257,9146,17471.43,9921054,0
"2021-07-19",9127,4956610,8467,4512029,999,431751,88,39345,18681,17377.71,9939735,0
"2021-07-20",10653,4967263,8756,4520785,991,432742,93,39438,20493,17461.57,9960228,0
"2021-07-21",10053,4977316,8762,4529547,903,433645,145,39583,19863,17493.29,9980091,0
"2021-07-22",10687,4988003,8582,4538129,1045,434690,142,39725,20456,17690.29,10000547,0
"2021-07-23",11257,4999260,8877,4547006,1114,435804,136,39861,21384,17876.29,10021931,0
"2021-07-24",7405,5006665,6734,4553740,670,436474,81,39942,14890,17844.71,10036821,0
"2021-07-25",5480,5012145,2123,4555863,509,436983,59,40001,8171,17705.43,10044992,0
"2021-07-26",10878,5023023,6999,4562862,859,437842,109,40110,18845,17728.86,10063837,0
"2021-07-27",12060,5035083,8563,4571425,857,438699,132,40242,21612,17888.71,10085449,0
"2021-07-28",11998,5047081,8045,4579470,950,439649,129,40371,21122,18068.57,10106571,0
"2021-07-29",10939,5058020,7424,4586894,983,440632,132,40503,19478,17928.86,10126049,0
"2021-07-30",14957,5072977,8007,4594901,1150,441782,180,40683,24294,18344.57,10150343,0
"2021-07-31",9730,5082707,6311,4601212,816,442598,119,40802,16976,18642.57,10167319,0
"2021-08-01",6504,5089211,3309,4604521,564,443162,79,40881,10456,18969,10177775,0
"2021-08-02",13451,5102662,7153,4611674,847,444009,145,41026,21596,19362,10199371,0
"2021-08-03",15416,5118078,8381,4620055,1109,445118,143,41169,25049,19853,10224420,0
"2021-08-04",17263,5135341,8120,4628175,1454,446572,179,41348,27016,20695,10251436,0
"2021-08-05",17868,5153209,7923,4636098,1366,447938,161,41509,27318,21815,10278754,0
"2021-08-06",18184,5171393,8410,4644508,1233,449171,162,41671,27989,22342.86,10306743,0
"2021-08-07",13389,5184782,6016,4650524,799,449970,97,41768,20301,22817.86,10327044,0
"2021-08-08",9310,5194092,3836,4654360,399,450369,82,41850,13627,23270.86,10340671,0
"2021-08-09",21342,5215434,8526,4662886,963,451332,169,42019,31000,24614.29,10371671,0
"2021-08-10",18924,5234358,9329,4672215,950,452282,171,42190,29374,25232.14,10401045,0
"2021-08-11",15651,5250009,8307,4680522,853,453135,128,42318,24939,24935.43,10425984,0
"2021-08-12",15052,5265061,8976,4689498,940,454075,167,42485,25135,24623.57,10451119,0
"2021-08-13",14928,5279989,9290,4698788,921,454996,237,42722,25376,24250.29,10476495,0
"2021-08-14",10415,5290404,6401,4705189,625,455621,528,43250,17969,23917.14,10494464,0
"2021-08-15",6698,5297102,4475,4709664,676,456297,566,43816,12415,23744,10506879,0
"2021-08-16",15729,5312831,9290,4718954,1149,457446,1318,45134,27486,23242,10534365,0
"2021-08-17",17779,5330610,10435,4729389,1223,458669,1764,46898,31201,23503,10565566,0
"2021-08-18",17510,5348120,10363,4739752,1261,459930,1980,48878,31114,24385.14,10596680,0
"2021-08-19",16307,5364427,9517,4749269,1315,461245,1947,50825,29086,24949.57,10625766,0
"2021-08-20",16288,5380715,11536,4760805,1254,462499,1850,52675,30928,25742.71,10656694,0
"2021-08-21",11156,5391871,8038,4768843,878,463377,1051,53726,21123,26193.29,10677817,0
"2021-08-22",4084,5395955,3898,4772741,262,463639,514,54240,8758,25670.86,10686575,0
"2021-08-23",15585,5411540,11792,4784533,1023,464662,1543,55783,29943,26021.86,10716518,0
"2021-08-24",16919,5428459,12596,4797129,1006,465668,1770,57553,32291,26177.57,10748809,0
"2021-08-25",14588,5443047,12439,4809568,1110,466778,1563,59116,29700,25975.57,10778509,0
"2021-08-26",16170,5459217,14084,4823652,1072,467850,1766,60882,33092,26547.86,10811601,0
"2021-08-27",14889,5474106,14823,4838475,972,468822,1659,62541,32343,26750,10843944,0
"2021-08-28",10690,5484796,11516,4849991,836,469658,1009,63550,24051,27168.29,10867995,0
"2021-08-29",7221,5492017,7494,4857485,541,470199,775,64325,16031,28207.29,10884026,0
"2021-08-30",15532,5507549,16923,4874408,1077,471276,1788,66113,35320,28975.43,10919346,0
"2021-08-31",15527,5523076,15948,4890356,951,472227,1964,68077,34390,29275.29,10953736,0
"2021-09-01",14836,5537912,14095,4904451,1021,473248,1799,69876,31751,29568.29,10985487,0
"2021-09-02",14344,5552256,12518,4916969,896,474144,1694,71570,29452,29048.29,11014939,0
"2021-09-03",15018,5567274,14297,4931266,974,475118,1891,73461,32180,29025,11047119,0
"2021-09-04",9650,5576924,9406,4940672,688,475806,962,74423,20706,28547.14,11067825,0
"2021-09-05",6804,5583728,5513,4946185,438,476244,707,75130,13462,28180.14,11081287,0
"2021-09-06",5200,5588928,4509,4950694,358,476602,270,75400,10337,24611.14,11091624,0
"2021-09-07",15578,5604506,17693,4968387,912,477514,1541,76941,35724,24801.71,11127348,0
"2021-09-08",16177,5620683,14820,4983207,1073,478587,1755,78696,33825,25098,11161173,0
"2021-09-09",16125,5636808,14742,4997949,1047,479634,1901,80597,33815,25721.29,11194988,0
"2021-09-10",18375,5655183,15390,5013339,1208,480842,1965,82562,36938,26401,11231926,0
"2021-09-11",12642,5667825,10344,5023683,958,481800,1017,83579,24961,27008.86,11256887,0
"2021-09-12",8536,5676361,5050,5028733,766,482566,689,84268,15041,27234.43,11271928,0
"2021-09-13",16938,5693299,12949,5041682,976,483542,1642,85910,32505,30401.29,11304433,0
"2021-09-14",16276,5709575,13676,5055358,886,484428,1589,87499,32427,29930.29,11336860,0
"2021-09-15",15548,5725123,12870,5068228,729,485157,1562,89061,30709,29485.14,11367569,0
"2021-09-16",15348,5740471,13903,5082131,1211,486368,1447,90508,31909,29212.86,11399478,0
"2021-09-17",14441,5754912,13961,5096092,922,487290,1820,92328,31144,28385.14,11430622,0
"2021-09-18",10005,5764917,10174,5106266,913,488203,1046,93374,22138,27981.86,11452760,0
"2021-09-19",6181,5771098,6069,5112335,558,488761,743,94117,13551,27769,11466311,0
"2021-09-20",12683,5783781,12631,5124966,1069,489830,1913,96030,28296,27167.71,11494607,0
"2021-09-21",12243,5796024,12769,5137735,1110,490940,2012,98042,28134,26554.43,11522741,0
"2021-09-22",12832,5808856,11995,5149730,1090,492030,1675,99717,27592,26109.14,11550333,0
"2021-09-23",14953,5823809,12756,5162486,1639,493669,2251,101968,31599,26064.86,11581932,0
"2021-09-24",16459,5840268,13365,5175851,1633,495302,4611,106579,36068,26768.29,11618000,0
"2021-09-25",10551,5850819,9023,5184874,1018,496320,3444,110023,24036,27039.43,11642036,0
"2021-09-26",6308,5857127,5761,5190635,774,497094,2414,112437,15257,27283.14,11657293,0
"2021-09-27",14176,5871303,8054,5198689,1155,498249,9007,121444,32392,27868.29,11689685,0
"2021-09-28",11157,5882460,11771,5210460,901,499150,9866,131310,33695,28662.71,11723380,0
"2021-09-29",11617,5894077,12193,5222653,1206,500356,9413,140723,34429,29639.43,11757809,0
"2021-09-30",12254,5906331,12598,5235251,1339,501695,9693,150416,35884,30251.57,11793693,0
"2021-10-01",12661,5918992,13427,5248678,1284,502979,10228,160644,37600,30470.43,11831293,0
"2021-10-02",7740,5926732,9973,5258651,865,503844,4216,164860,22794,30293,11854087,0
"2021-10-03",5080,5931812,6155,5264806,593,504437,2605,167465,14433,30175.29,11868520,0
"2021-10-04",9921,5941733,11025,5275831,913,505350,9484,176949,31343,30025.43,11899863,0
"2021-10-05",10180,5951913,11733,5287564,972,506322,9908,186857,32793,29896.57,11932656,0
"2021-10-06",9931,5961844,11053,5298617,937,507259,9901,196758,31822,29524.14,11964478,0
"2021-10-07",9682,5971526,12188,5310805,852,508111,10160,206918,32882,29095.29,11997360,0
"2021-10-08",9476,5981002,12169,5322974,943,509054,10872,217790,33460,28503.86,12030820,0
"2021-10-09",6273,5987275,8273,5331247,649,509703,4103,221893,19298,28004.43,12050118,0
"2021-10-10",3546,5990821,5024,5336271,458,510161,2419,224312,11447,27577.86,12061565,0
"2021-10-11",7639,5998460,9330,5345601,728,510889,8870,233182,26567,26895.57,12088132,0
"2021-10-12",8087,6006547,11000,5356601,891,511780,10468,243650,30446,26560.29,12118578,0
"2021-10-13",7177,6013724,10139,5366740,869,512649,8753,252403,26938,25862.57,12145516,0
"2021-10-14",7464,6021188,11110,5377850,835,513484,10068,262471,29477,25376.14,12174993,0
"2021-10-15",7746,6028934,11864,5389714,823,514307,10757,273228,31190,25051.86,12206183,0
"2021-10-16",4871,6033805,7464,5397178,666,514973,3816,277044,16817,24697.43,12223000,0
"2021-10-17",3063,6036868,4474,5401652,411,515384,2437,279481,10385,24545.71,12233385,0
"2021-10-18",7067,6043935,10659,5412311,796,516180,9417,288898,27939,24741.71,12261324,0
"2021-10-19",6591,6050526,8940,5421251,805,516985,9044,297942,25380,24018,12286704,0
"2021-10-20",6554,6057080,9378,5430629,975,517960,9938,307880,26845,24004.71,12313549,0
"2021-10-21",7048,6064128,9378,5440007,859,518819,10808,318688,28093,23807,12341642,0
"2021-10-22",8144,6072272,10344,5450351,1025,519844,16307,334995,35820,24468.43,12377462,0
"2021-10-23",5188,6077460,6456,5456807,690,520534,9099,344094,21433,25127.86,12398895,0
"2021-10-24",3280,6080740,3971,5460778,770,521304,6142,350236,14163,25667.57,12413058,0
"2021-10-25",8804,6089544,8746,5469524,1148,522452,19215,369451,37913,27092.43,12450971,0
"2021-10-26",8222,6097766,7727,5477251,1259,523711,17263,386714,34471,28391.14,12485442,0
"2021-10-27",10593,6108359,8393,5485644,1604,525315,20812,407526,41402,30470.71,12526844,0
"2021-10-28",11361,6119720,8039,5493683,1793,527108,20802,428328,41995,32456.71,12568839,0
"2021-10-29",11866,6131586,8245,5501928,1963,529071,22488,450816,44562,33705.57,12613401,0
"2021-10-30",4643,6136229,5057,5506985,934,530005,11146,461962,21780,33755.14,12635181,0
"2021-10-31",2669,6138898,2705,5509690,544,530549,6611,468573,12529,33521.71,12647710,0
"2021-11-01",7178,6146076,6952,5516642,1089,531638,20334,488907,35553,33184.57,12683263,0
"2021-11-02",6614,6152690,6590,5523232,1055,532693,20725,509632,34984,33257.86,12718247,0
"2021-11-03",6872,6159562,6680,5529912,1027,533720,20594,530226,35173,32368,12753420,0
"2021-11-04",9333,6168895,6277,5536189,995,534715,22326,552552,38931,31930.29,12792351,0
"2021-11-05",11092,6179987,6722,5542911,1053,535768,23724,576276,42591,31648.71,12834942,0
"2021-11-06",11143,6191130,4050,5546961,593,536361,12576,588852,28362,32589,12863304,0
"2021-11-07",7270,6198400,2285,5549246,577,536938,7093,595945,17225,33259.86,12880529,0
"2021-11-08",15082,6213482,5680,5554926,867,537805,19478,615423,41107,34053.29,12921636,0
"2021-11-09",16178,6229660,5388,5560314,661,538466,20486,635909,42713,35157.43,12964349,0
"2021-11-10",16967,6246627,5323,5565637,685,539151,22607,658516,45582,36644.43,13009931,0
"2021-11-11",12610,6259237,5192,5570829,760,539911,22041,680557,40603,36883.29,13050534,0
"2021-11-12",16925,6276162,5684,5576513,708,540619,23356,703913,46673,37466.43,13097207,0
"2021-11-13",9962,6286124,3665,5580178,465,541084,13299,717212,27391,37327.71,13124598,0
"2021-11-14",6030,6292154,2296,5582474,325,541409,7914,725126,16565,37233.43,13141163,0
"2021-11-15",13270,6305424,5969,5588443,690,542099,25065,750191,44994,37788.71,13186157,0
"2021-11-16",10011,6315435,5789,5594232,655,542754,30609,780800,47064,38410.29,13233221,0
"2021-11-17",10349,6325784,6679,5600911,681,543435,31368,812168,49077,38909.57,13282298,0
"2021-11-18",10773,6336557,6547,5607458,860,544295,32947,845115,51127,40413,13333425,0
"2021-11-19",12066,6348623,6556,5614014,716,545011,36201,881316,55539,41679.57,13388964,0
"2021-11-20",9375,6357998,3422,5617436,514,545525,22470,903786,35781,42878.14,13424745,0
"2021-11-21",4989,6362987,1892,5619328,287,545812,13168,916954,20336,43416.86,13445081,0
"2021-11-22",10494,6373481,5793,5625121,752,546564,35864,952818,52903,44546.71,13497984,0
"2021-11-23",9863,6383344,4780,5629901,637,547201,33453,986271,48733,44785.14,13546717,0
"2021-11-24",8759,6392103,4752,5634653,651,547852,25873,1012144,40035,43493.43,13586752,0
"2021-11-25",452,6392555,325,5634978,80,547932,1000,1013144,1857,36454.86,13588609,0
"2021-11-26",8095,6400650,6991,5641969,528,548460,26546,1039690,42160,34543.57,13630769,0
"2021-11-27",6711,6407361,6834,5648803,372,548832,18799,1058489,32716,34105.71,13663485,0
"2021-11-28",4097,6411458,5782,5654585,282,549114,11853,1070342,22014,34345.43,13685499,0
"2021-11-29",9140,6420598,10989,5665574,688,549802,34954,1105296,55771,34755.14,13741270,0
"2021-11-30",10570,6431168,11433,5677007,513,550315,37722,1143018,60238,36398.71,13801508,0
"2021-12-01",11238,6442406,10984,5687991,723,551038,40275,1183293,63220,39710.86,13864728,0
"2021-12-02",11716,6454122,11028,5699019,626,551664,42076,1225369,65446,48795,13930174,0
"2021-12-03",13556,6467678,12879,5711898,677,552341,47863,1273232,74975,53482.86,14005149,0
"2021-12-04",9893,6477571,11286,5723184,567,552908,30618,1303850,52364,56289.71,14057513,0
"2021-12-05",5783,6483354,5702,5728886,269,553177,16629,1320479,28383,57199.57,14085896,0
"2021-12-06",12410,6495764,9953,5738839,602,553779,43168,1363647,66133,58679.86,14152029,0
"2021-12-07",12669,6508433,9256,5748095,624,554403,42976,1406623,65525,59435.14,14217554,0
"2021-12-08",13606,6522039,8761,5756856,555,554958,40724,1447347,63646,59496,14281200,0
"2021-12-09",13577,6535616,8762,5765618,557,555515,40745,1488092,63641,59238.14,14344841,0
"2021-12-10",14113,6549729,10134,5775752,671,556186,43580,1531672,68498,58312.86,14413339,0
"2021-12-11",10303,6560032,8117,5783869,405,556591,26672,1558344,45497,57331.86,14458836,0
"2021-12-12",6048,6566080,3855,5787724,288,556879,15140,1573484,25331,56895.86,14484167,0
"2021-12-13",12283,6578363,7422,5795146,656,557535,37827,1611311,58188,55760.86,14542355,0
"2021-12-14",12296,6590659,6962,5802108,731,558266,38083,1649394,58072,54696.14,14600427,0
"2021-12-15",12177,6602836,6240,5808348,756,559022,38049,1687443,57222,53778.43,14657649,0
"2021-12-16",13195,6616031,4273,5812621,742,559764,40953,1728396,59163,53138.71,14716812,0
"2021-12-17",16027,6632058,6933,5819554,620,560384,46675,1775071,70255,53389.71,14787067,0
"2021-12-18",13067,6645125,5717,5825271,432,560816,30553,1805624,49769,54000,14836836,0
"2021-12-19",7052,6652177,2995,5828266,326,561142,17975,1823599,28348,54431,14865184,0
"2021-12-20",16941,6669118,5871,5834137,747,561889,47345,1870944,70904,56247.57,14936088,0
"2021-12-21",18034,6687152,6572,5840709,806,562695,48822,1919766,74234,58556.43,15010322,0
"2021-12-22",18626,6705778,6564,5847273,938,563633,49564,1969330,75692,61195,15086014,0
"2021-12-23",19100,6724878,6478,5853751,929,564562,45760,2015090,72267,63067,15158281,0
"2021-12-24",9254,6734132,2950,5856701,598,565160,20582,2035672,33384,57799.71,15191665,0
"2021-12-25",344,6734476,64,5856765,31,565191,424,2036096,863,50813.14,15192528,0
"2021-12-26",7986,6742462,3927,5860692,341,565532,17258,2053354,29512,50979.43,15222040,0
"2021-12-27",21854,6764316,9205,5869897,933,566465,43359,2096713,75351,51614.71,15297391,0
"2021-12-28",20215,6784531,8328,5878225,698,567163,47503,2144216,76744,51973.29,15374135,0
"2021-12-29",18544,6803075,7666,5885891,607,567770,45480,2189696,72297,51488.29,15446432,0
"2021-12-30",16916,6819991,7418,5893309,583,568353,44770,2234466,69687,51119.71,15516119,0
"2021-12-31",5372,6825363,2808,5896117,193,568546,14742,2249208,23115,49652.71,15539234,0
"2022-01-01",237,6825600,146,5896263,11,568557,498,2249706,892,49656.86,15540126,0
"2022-01-02",6449,6832049,5014,5901277,153,568710,10969,2260675,22585,48667.29,15562711,0
"2022-01-03",14203,6846252,8479,5909756,515,569225,26832,2287507,50029,45049.86,15612740,0
"2022-01-04",13117,6859369,8070,5917826,412,569637,26965,2314472,48564,41024.14,15661304,0
"2022-01-05",11639,6871008,6972,5924798,385,570022,25712,2340184,44708,37082.86,15706012,0
"2022-01-06",11570,6882578,7369,5932167,485,570507,27419,2367603,46843,33819.43,15752855,0
"2022-01-07",10482,6893060,8415,5940582,337,570844,24941,2392544,44175,36828,15797030,0
"2022-01-08",7951,6901011,8549,5949131,310,571154,19387,2411931,36197,41871.57,15833227,0
"2022-01-09",4149,6905160,3843,5952974,214,571368,10046,2421977,18252,41252.57,15851479,0
"2022-01-10",10193,6915353,8184,5961158,490,571858,24573,2446550,43440,40311.29,15894919,0
"2022-01-11",8929,6924282,7988,5969146,521,572379,20968,2467518,38406,38860.14,15933325,0
"2022-01-12",8967,6933249,8317,5977463,428,572807,22290,2489808,40002,38187.86,15973327,0
"2022-01-13",9063,6942312,8859,5986322,451,573258,22812,2512620,41185,37379.57,16014512,0
"2022-01-14",10142,6952454,8119,5994441,476,573734,26385,2539005,45122,37514.86,16059634,0
"2022-01-15",6220,6958674,4305,5998746,178,573912,15140,2554145,25843,36035.71,16085477,0
"2022-01-16",2928,6961602,3252,6001998,95,574007,7810,2561955,14085,35440.43,16099562,0
"2022-01-17",6102,6967704,6757,6008755,363,574370,14641,2576596,27863,33215.14,16127425,0
"2022-01-18",8185,6975889,10299,6019054,396,574766,19608,2596204,38488,33226.86,16165913,0
"2022-01-19",7506,6983395,9237,6028291,306,575072,17676,2613880,34725,32473,16200638,0
"2022-01-20",6302,6989697,8564,6036855,305,575377,15195,2629075,30366,30927.43,16231004,0
"2022-01-21",7595,6997292,7488,6044343,276,575653,18468,2647543,33827,29313.86,16264831,0
"2022-01-22",5202,7002494,4932,6049275,131,575784,11292,2658835,21557,28701.57,16286388,0
"2022-01-23",2822,7005316,3326,6052601,97,575881,6217,2665052,12462,28469.71,16298850,0
"2022-01-24",6392,7011708,8192,6060793,262,576143,15037,2680089,29883,28758.29,16328733,0
"2022-01-25",6212,7017920,7922,6068715,232,576375,14659,2694748,29025,27406.43,16357758,0
"2022-01-26",5769,7023689,7159,6075874,290,576665,13995,2708743,27213,26333.29,16384971,0
"2022-01-27",5280,7028969,7084,6082958,321,576986,14052,2722795,26737,25814.86,16411708,0
"2022-01-28",6279,7035248,7854,6090812,203,577189,16099,2738894,30435,25330.29,16442143,0
"2022-01-29",847,7036095,728,6091540,28,577217,2529,2741423,4132,22841,16446275,0
"2022-01-30",2099,7038194,3021,6094561,103,577320,4529,2745952,9752,22453.86,16456027,0
"2022-01-31",5016,7043210,6593,6101154,219,577539,11345,2757297,23173,21495.29,16479200,0
"2022-02-01",4850,7048060,6438,6107592,219,577758,10681,2767978,22188,20518.57,16501388,0
"2022-02-02",4257,7052317,5922,6113514,214,577972,11203,2779181,21596,19716.14,16522984,0
"2022-02-03",4244,7056561,5796,6119310,217,578189,11198,2790379,21455,18961.57,16544439,0
"2022-02-04",4792,7061353,7107,6126417,214,578403,13185,2803564,25298,18227.71,16569737,0
"2022-02-05",3595,7064948,6044,6132461,110,578513,8555,2812119,18304,20252.29,16588041,0
"2022-02-06",2066,7067014,2136,6134597,121,578634,4627,2816746,8950,20137.71,16596991,0
"2022-02-07",4162,7071176,4723,6139320,205,578839,10118,2826864,19208,19571.29,16616199,0
"2022-02-08",4238,7075414,5603,6144923,214,579053,11285,2838149,21340,19450.14,16637539,0
"2022-02-09",4145,7079559,5395,6150318,222,579275,11645,2849794,21407,19423.14,16658946,0
"2022-02-10",4009,7083568,5114,6155432,245,579520,12177,2861971,21545,19436,16680491,0
"2022-02-11",4535,7088103,5800,6161232,194,579714,13708,2875679,24237,19284.43,16704728,0
"2022-02-12",3262,7091365,4337,6165569,96,579810,8796,2884475,16491,19025.43,16721219,0
"2022-02-13",1521,7092886,1543,6167112,41,579851,4879,2889354,7984,18887.43,16729203,0
"2022-02-14",2994,7095880,3618,6170730,165,580016,10553,2899907,17330,18619.14,16746533,0
"2022-02-15",3571,7099451,4065,6174795,176,580192,12755,2912662,20567,18508.71,16767100,0
"2022-02-16",3672,7103123,3898,6178693,200,580392,15682,2928344,23452,18800.86,16790552,0
"2022-02-17",4058,7107181,4079,6182772,164,580556,18243,2946587,26544,19515,16817096,0
"2022-02-18",4494,7111675,4776,6187548,190,580746,21510,2968097,30970,20476.86,16848066,0
"2022-02-19",3262,7114937,2180,6189728,63,580809,11156,2979253,16661,20501.14,16864727,0
"2022-02-20",1867,7116804,1445,6191173,59,580868,6571,2985824,9942,20780.86,16874669,0
"2022-02-21",3099,7119903,2687,6193860,95,580963,8343,2994167,14224,20337.14,16888893,0
"2022-02-22",4405,7124308,4244,6198104,175,581138,10806,3004973,19630,20203.29,16908523,0
"2022-02-23",4284,7128592,3785,6201889,145,581283,10639,3015612,18853,19546.29,16927376,0
"2022-02-24",3786,7132378,3651,6205540,108,581391,10168,3025780,17713,18284.71,16945089,0
"2022-02-25",3626,7136004,3618,6209158,134,581525,9963,3035743,17341,16337.71,16962430,0
"2022-02-26",2851,7138855,2578,6211736,74,581599,9499,3045242,15002,16100.71,16977432,0
"2022-02-27",1779,7140634,1372,6213108,52,581651,6265,3051507,9468,16033,16986900,0
"2022-02-28",3823,7144457,3127,6216235,141,581792,13099,3064606,20190,16885.29,17007090,0
"2022-03-01",2137,7146594,2611,6218846,103,581895,5158,3069764,10009,15510.86,17017099,0
"2022-03-02",1835,7148429,2431,6221277,106,582001,4112,3073876,8484,14029.57,17025583,0
"2022-03-03",1942,7150371,2558,6223835,106,582107,3785,3077661,8391,12697.86,17033974,0
"2022-03-04",2120,7152491,2867,6226702,66,582173,4316,3081977,9369,11559,17043343,0
"2022-03-05",1613,7154104,2124,6228826,43,582216,3306,3085283,7086,10428.14,17050429,0
"2022-03-06",801,7154905,878,6229704,30,582246,1619,3086902,3328,9551,17053757,0
"2022-03-07",1672,7156577,1781,6231485,86,582332,3485,3090387,7024,7670.14,17060781,0
"2022-03-08",1553,7158130,1892,6233377,81,582413,3115,3093502,6641,7189,17067422,0
"2022-03-09",1266,7159396,1666,6235043,78,582491,2573,3096075,5583,6774.57,17073005,0
"2022-03-10",1425,7160821,2097,6237140,85,582576,2944,3099019,6551,6511.71,17079556,0
"2022-03-11",1606,7162427,2269,6239409,81,582657,3205,3102224,7161,6196.29,17086717,0
"2022-03-12",880,7163307,1412,6240821,40,582697,1996,3104220,4328,5802.29,17091045,0
"2022-03-13",626,7163933,756,6241577,26,582723,1292,3105512,2700,5712.57,17093745,0
"2022-03-14",1383,7165316,1597,6243174,83,582806,2981,3108493,6044,5572.57,17099789,0
"2022-03-15",1358,7166674,1923,6245097,63,582869,3068,3111561,6412,5539.86,17106201,0
"2022-03-16",1398,7168072,2064,6247161,94,582963,3124,3114685,6680,5696.57,17112881,0
"2022-03-17",1183,7169255,1811,6248972,70,583033,2749,3117434,5813,5591.14,17118694,0
"2022-03-18",1590,7170845,2179,6251151,80,583113,3756,3121190,7605,5654.57,17126299,0
"2022-03-19",1115,7171960,1727,6252878,54,583167,2587,3123777,5483,5819.57,17131782,0
"2022-03-20",613,7172573,629,6253507,33,583200,1459,3125236,2734,5824.43,17134516,0
"2022-03-21",1423,7173996,1550,6255057,73,583273,3043,3128279,6089,5830.86,17140605,0
"2022-03-22",1342,7175338,1547,6256604,101,583374,2890,3131169,5880,5754.86,17146485,0
"2022-03-23",1257,7176595,1352,6257956,66,583440,2909,3134078,5584,5598.29,17152069,0
"2022-03-24",1216,7177811,1295,6259251,89,583529,2507,3136585,5107,5497.43,17157176,0
"2022-03-25",1389,7179200,1617,6260868,61,583590,3254,3139839,6321,5314,17163497,0
"2022-03-26",930,7180130,1156,6262024,36,583626,2292,3142131,4414,5161.29,17167911,0
"2022-03-27",576,7180706,525,6262549,29,583655,1310,3143441,2440,5119.29,17170351,0
"2022-03-28",1085,7181791,1151,6263700,68,583723,2433,3145874,4737,4926.14,17175088,0
"2022-03-29",1058,7182849,1104,6264804,86,583809,2500,3148374,4748,4764.43,17179836,0
"2022-03-30",1250,7184099,1139,6265943,98,583907,3054,3151428,5541,4758.29,17185377,0
"2022-03-31",1269,7185368,1253,6267196,57,583964,3152,3154580,5731,4847.43,17191108,0
"2022-04-01",1424,7186792,1495,6268691,74,584038,3241,3157821,6234,4835,17197342,0
"2022-04-02",909,7187701,918,6269609,33,584071,2095,3159916,3955,4769.43,17201297,0
"2022-04-03",557,7188258,497,6270106,28,584099,1227,3161143,2309,4750.71,17203606,0
"2022-04-04",1352,7189610,1307,6271413,60,584159,2723,3163866,5442,4851.43,17209048,0
"2022-04-05",1297,7190907,1156,6272569,68,584227,2860,3166726,5381,4941.86,17214429,0
"2022-04-06",1301,7192208,1185,6273754,58,584285,2623,3169349,5167,4888.43,17219596,0
"2022-04-07",1210,7193418,1065,6274819,54,584339,2370,3171719,4699,4741,17224295,0
"2022-04-08",1491,7194909,1394,6276213,57,584396,3154,3174873,6096,4721.29,17230391,0
"2022-04-09",939,7195848,920,6277133,28,584424,2054,3176927,3941,4719.29,17234332,0
"2022-04-10",594,7196442,462,6277595,25,584449,1170,3178097,2251,4711,17236583,0
"2022-04-11",1341,7197783,1229,6278824,59,584508,2646,3180743,5275,4687.14,17241858,0
"2022-04-12",1210,7198993,1050,6279874,73,584581,2522,3183265,4855,4612,17246713,0
"2022-04-13",1265,7200258,1065,6280939,58,584639,2497,3185762,4885,4571.71,17251598,0
"2022-04-14",1279,7201537,1094,6282033,59,584698,2421,3188183,4853,4593.71,17256451,0
"2022-04-15",1336,7202873,1091,6283124,52,584750,2554,3190737,5033,4441.86,17261484,0
"2022-04-16",875,7203748,651,6283775,31,584781,1634,3192371,3191,4334.71,17264675,0
"2022-04-17",349,7204097,203,6283978,27,584808,637,3193008,1216,4186.86,17265891,0
"2022-04-18",1384,7205481,1111,6285089,82,584890,2578,3195586,5155,4169.71,17271046,0
"2022-04-19",1412,7206893,936,6286025,70,584960,2568,3198154,4986,4188.43,17276032,0
"2022-04-20",1311,7208204,1135,6287160,66,585026,2669,3200823,5181,4230.71,17281213,0
"2022-04-21",1220,7209424,1061,6288221,52,585078,2323,3203146,4656,4202.57,17285869,0
"2022-04-22",1217,7210641,1014,6289235,46,585124,2197,3205343,4474,4122.71,17290343,0
"2022-04-23",723,7211364,749,6289984,59,585183,1420,3206763,2951,4088.43,17293294,0
"2022-04-24",442,7211806,339,6290323,27,585210,809,3207572,1617,4145.71,17294911,0
"2022-04-25",1022,7212828,909,6291232,64,585274,1845,3209417,3840,3957.86,17298751,0
"2022-04-26",926,7213754,849,6292081,76,585350,1750,3211167,3601,3760,17302352,0
"2022-04-27",1030,7214784,977,6293058,78,585428,1921,3213088,4006,3592.14,17306358,0
"2022-04-28",1072,7215856,975,6294033,48,585476,1986,3215074,4081,3510,17310439,0
"2022-04-29",928,7216784,954,6294987,58,585534,1722,3216796,3662,3394,17314101,0
"2022-04-30",721,7217505,740,6295727,43,585577,1390,3218186,2894,3385.86,17316995,0
"2022-05-01",448,7217953,373,6296100,20,585597,755,3218941,1596,3382.86,17318591,0
"2022-05-02",1038,7218991,796,6296896,51,585648,1658,3220599,3543,3340.43,17322134,0
"2022-05-03",1089,7220080,847,6297743,60,585708,1960,3222559,3956,3391.14,17326090,0
"2022-05-04",1010,7221090,876,6298619,48,585756,1894,3224453,3828,3365.71,17329918,0
"2022-05-05",1039,7222129,946,6299565,77,585833,1922,3226375,3984,3351.86,17333902,0
"2022-05-06",1078,7223207,926,6300491,47,585880,1853,3228228,3904,3386.43,17337806,0
"2022-05-07",648,7223855,587,6301078,29,585909,1192,3229420,2456,3323.86,17340262,0
"2022-05-08",417,7224272,248,6301326,17,585926,669,3230089,1351,3288.86,17341613,0
"2022-05-09",1067,7225339,931,6302257,62,585988,1865,3231954,3925,3343.43,17345538,0
"2022-05-10",1075,7226414,916,6303173,49,586037,1961,3233915,4001,3349.86,17349539,0
"2022-05-11",1082,7227496,967,6304140,39,586076,1905,3235820,3993,3373.43,17353532,0
"2022-05-12",1078,7228574,931,6305071,56,586132,1966,3237786,4031,3380.14,17357563,0
"2022-05-13",1152,7229726,1023,6306094,43,586175,2027,3239813,4245,3428.86,17361808,0
"2022-05-14",811,7230537,659,6306753,27,586202,1452,3241265,2949,3499.29,17364757,0
"2022-05-15",503,7231040,352,6307105,20,586222,909,3242174,1784,3561.14,17366541,0
"2022-05-16",1207,7232247,837,6307942,59,586281,1781,3243955,3884,3555.29,17370425,120000
"2022-05-17",1268,7233515,903,6308845,75,586356,2006,3245961,4252,3591.14,17374677,120000
"2022-05-18",1199,7234714,890,6309735,78,586434,2013,3247974,4180,3617.86,17378857,120000
"2022-05-19",1108,7235822,834,6310569,32,586466,1986,3249960,3960,3607.71,17382817,120000
"2022-05-20",1153,7236975,886,6311455,69,586535,2266,3252226,4374,3626.14,17387191,120000
"2022-05-21",789,7237764,616,6312071,21,586556,1629,3253855,3055,3641.29,17390246,120000
"2022-05-22",159,7237923,84,6312155,3,586559,313,3254168,559,3466.29,17390805,120000
