"DATE","ADMIN_DOSE1_DAILY","ADMIN_DOSE1_CUMULATIVE","ADMIN_DOSE2_DAILY","ADMIN_DOSE2_CUMULATIVE","ADMIN_SINGLE_DAILY","ADMIN_SINGLE_CUMULATIVE","ADMIN_ADDITIONAL1_DAILY","ADMIN_ADDITIONAL1_CUMULATIVE","ADMIN_ADDITIONAL2_DAILY","ADMIN_ADDITIONAL2_CUMULATIVE","ADMIN_ADDITIONAL_DAILY","ADMIN_ADDITIONAL_CUMULATIVE","ADMIN_BIVALENT_ADDITIONAL_DAILY","ADMIN_BIVALENT_ADDITIONAL_CUMULATIVE","ADMIN_ALLDOSES_DAILY","ADMIN_ALLDOSES_7DAYAVG","ADMIN_ALLDOSES_CUMULATIVE","ADMIN_ALLDOSES_PRIMARY","INCOMPLETE"
2020-12-14,79,79,0,0,2,2,0,0,0,0,0,0,0,0,81,,81,81,0
2020-12-15,2052,2131,7,7,5,7,0,0,0,0,0,0,0,0,2064,,2145,2145,0
2020-12-16,4604,6735,17,24,4,11,1,1,0,0,1,1,0,0,4626,,6771,6770,0
2020-12-17,4661,11396,18,42,2,13,1,2,0,0,1,2,0,0,4682,,11453,11451,0
2020-12-18,5834,17230,22,64,2,15,2,4,0,0,2,4,0,0,5860,,17313,17309,0
2020-12-19,1688,18918,9,73,3,18,0,4,0,0,0,4,0,0,1700,,19013,19009,0
2020-12-20,1118,20036,2,75,1,19,0,4,0,0,0,4,0,0,1121,2876.29,20134,20130,0
2020-12-21,6391,26427,23,98,0,19,4,8,0,0,4,8,0,0,6418,3781.57,26552,26544,0
2020-12-22,9766,36193,28,126,2,21,1,9,0,0,1,9,0,0,9797,4886.29,36349,36340,0
2020-12-23,14274,50467,39,165,3,24,0,9,0,0,0,9,0,0,14316,6270.57,50665,50656,0
2020-12-24,7169,57636,29,194,1,25,0,9,0,0,0,9,0,0,7199,6630.14,57864,57855,0
2020-12-25,180,57816,0,194,0,25,1,10,0,0,1,10,0,0,181,5818.86,58045,58035,0
2020-12-26,4391,62207,48,242,0,25,1,11,0,0,1,11,0,0,4440,6210.29,62485,62474,0
2020-12-27,3869,66076,15,257,0,25,1,12,0,0,1,12,0,0,3885,6605.14,66370,66358,0
2020-12-28,10990,77066,52,309,1,26,3,15,0,0,3,15,0,0,11046,7266.29,77416,77401,0
2020-12-29,10712,87778,37,346,2,28,3,18,0,0,3,18,0,0,10754,7403,88170,88152,0
2020-12-30,12820,100598,45,391,0,28,0,18,0,0,0,18,0,0,12865,7195.71,101035,101017,0
2020-12-31,7258,107856,38,429,1,29,0,18,0,0,0,18,0,0,7297,7209.71,108332,108314,0
2021-01-01,178,108034,2,431,1,30,3,21,0,0,3,21,0,0,184,7210.14,108516,108495,0
2021-01-02,3810,111844,10,441,3,33,2,23,0,0,2,23,0,0,3825,7122.29,112341,112318,0
2021-01-03,3544,115388,25,466,2,35,1,24,0,0,1,24,0,0,3572,7077.57,115913,115889,0
2021-01-04,12250,127638,811,1277,2,37,7,31,0,0,7,31,0,0,13070,7366.71,128983,128952,0
2021-01-05,14085,141723,2198,3475,2,39,14,45,1,1,15,46,0,0,16300,8159,145283,145237,0
2021-01-06,17794,159517,3929,7404,1,40,33,78,8,9,41,87,0,0,21765,9430.43,167048,166961,0
2021-01-07,16536,176053,5187,12591,4,44,47,125,3,12,50,137,0,0,21777,11499,188825,188688,0
2021-01-08,16609,192662,5464,18055,0,44,37,162,5,17,42,179,0,0,22115,14632,210940,210761,0
2021-01-09,7648,200310,1464,19519,1,45,8,170,2,19,10,189,0,0,9123,15388.86,220063,219874,0
2021-01-10,7879,208189,978,20497,0,45,15,185,0,19,15,204,0,0,8872,16146,228935,228731,0
2021-01-11,25809,233998,7463,27960,2,47,58,243,6,25,64,268,0,0,33338,19041.43,262273,262005,0
2021-01-12,28240,262238,7867,35827,1,48,46,289,5,30,51,319,0,0,36159,21878.43,298432,298113,0
2021-01-13,31698,293936,9423,45250,1,49,61,350,5,35,66,385,0,0,41188,24653.14,339620,339235,0
2021-01-14,35794,329730,5306,50556,1,50,33,383,7,42,40,425,0,0,41141,27419.43,380761,380336,0
2021-01-15,29247,358977,3715,54271,2,52,33,416,6,48,39,464,0,0,33003,28974.86,413764,413300,0
2021-01-16,30256,389233,2399,56670,0,52,25,441,6,54,31,495,0,0,32686,32341,446450,445955,0
2021-01-17,23724,412957,1647,58317,0,52,20,461,1,55,21,516,0,0,25392,34701,471842,471326,0
2021-01-18,27078,440035,2429,60746,0,52,37,498,7,62,44,560,0,0,29552,34160.14,501394,500834,0
2021-01-19,34266,474301,9644,70390,1,53,73,571,8,70,81,641,0,0,43992,35279.14,545386,544745,0
2021-01-20,34844,509145,9505,79895,1,54,63,634,3,73,66,707,0,0,44416,35740.29,589802,589095,0
2021-01-21,25572,534717,8097,87992,2,56,56,690,5,78,61,768,0,0,33732,34681.86,623534,622766,0
2021-01-22,24739,559456,4388,92380,1,57,32,722,7,85,39,807,0,0,29167,34133.86,652701,651894,0
2021-01-23,15731,575187,3228,95608,0,57,12,734,2,87,14,821,0,0,18973,32174.86,671674,670853,0
2021-01-24,7169,582356,3460,99068,0,57,20,754,1,88,21,842,0,0,10650,30068.86,682324,681482,0
2021-01-25,13390,595746,11831,110899,0,57,71,825,14,102,85,927,0,0,25306,29462.29,707630,706703,0
2021-01-26,16746,612492,10762,121661,0,57,70,895,4,106,75,1002,0,0,27583,27118.14,735213,734212,0
2021-01-27,20818,633310,12354,134015,0,57,56,951,9,115,65,1067,0,0,33239,25521.43,768452,767386,0
2021-01-28,30722,664032,12862,146877,0,57,87,1038,16,131,103,1170,0,0,43690,26944,812142,810973,0
2021-01-29,31665,695697,11514,158391,0,57,85,1123,12,143,97,1267,0,0,43276,28959.57,855418,854152,0
2021-01-30,18704,714401,3744,162135,0,57,23,1146,2,145,26,1293,0,0,22474,29459.71,877892,876601,0
2021-01-31,13005,727406,2931,165066,1,58,28,1174,5,150,33,1326,0,0,15970,30219.71,893862,892538,0
2021-02-01,1180,728586,5399,170465,4,62,38,1212,4,154,42,1368,0,0,6625,27551,900487,899121,0
2021-02-02,2823,731409,9442,179907,2,64,54,1266,3,157,57,1425,0,0,12324,25371.14,912811,911388,0
2021-02-03,16341,747750,21232,201139,4,68,218,1484,22,179,240,1665,0,0,37817,26025.14,950628,948965,0
2021-02-04,27031,774781,19651,220790,3,71,214,1698,10,189,224,1889,0,0,46909,26485,997537,995650,0
2021-02-05,27573,802354,20031,240821,0,71,196,1894,17,206,214,2103,0,0,47818,27133.86,1045355,1043255,0
2021-02-06,22970,825324,11252,252073,0,71,117,2011,14,220,131,2234,0,0,34353,28830.86,1079708,1077477,0
2021-02-07,12029,837353,8285,260358,1,72,98,2109,12,232,111,2345,0,0,20426,29467.43,1100134,1097793,0
2021-02-08,16932,854285,23528,283886,2,74,242,2351,37,269,280,2625,0,0,40742,34341.29,1140876,1138256,0
2021-02-09,17182,871467,28088,311974,2,76,361,2712,42,311,406,3031,0,0,45678,39106.14,1186554,1183531,0
2021-02-10,19576,891043,29303,341277,2,78,276,2988,52,363,331,3362,0,0,49213,40734.14,1235767,1232416,0
2021-02-11,27827,918870,33454,374731,2,80,358,3346,59,422,417,3779,0,0,61702,42847.43,1297469,1293701,0
2021-02-12,38345,957215,30810,405541,3,83,367,3713,43,465,411,4190,0,0,69569,45954.71,1367038,1362860,0
2021-02-13,27979,985194,25317,430858,2,85,315,4028,59,524,375,4565,0,0,53674,48714.86,1420712,1416160,0
2021-02-14,16256,1001450,23722,454580,0,85,282,4310,35,559,317,4882,0,0,40295,51553.29,1461007,1456138,0
2021-02-15,12787,1014237,10526,465106,2,87,182,4492,24,583,207,5089,0,0,23522,49093.29,1484529,1479454,0
2021-02-16,14229,1028466,26703,491809,0,87,345,4837,44,627,390,5479,0,0,41322,48471,1525851,1520387,0
2021-02-17,16376,1044842,22193,514002,1,88,290,5127,42,669,332,5811,0,0,38902,46998,1564753,1558957,0
2021-02-18,12131,1056973,24983,538985,21,109,307,5434,48,717,355,6166,0,0,37490,43539.14,1602243,1596092,0
2021-02-19,13236,1070209,23922,562907,38,147,317,5751,50,767,367,6533,0,0,37563,38966.86,1639806,1633288,0
2021-02-20,11339,1081548,26066,588973,7,154,344,6095,79,846,425,6958,0,0,37838,36704.57,1677644,1670703,0
2021-02-21,6345,1087893,17411,606384,15,169,305,6400,46,892,352,7310,0,0,24123,34394.29,1701767,1694475,0
2021-02-22,13039,1100932,11834,618218,2,171,134,6534,23,915,157,7467,0,0,25032,34610,1726799,1719350,0
2021-02-23,25222,1126154,14149,632367,1,172,170,6704,35,950,206,7673,0,0,39579,34361,1766378,1758724,0
2021-02-24,36319,1162473,20407,652774,0,172,234,6938,43,993,278,7951,0,0,57004,36947,1823382,1815451,0
2021-02-25,54509,1216982,30454,683228,6,178,416,7354,66,1059,483,8434,0,0,85452,43798.71,1908834,1900421,0
2021-02-26,62783,1279765,31901,715129,4,182,431,7785,79,1138,513,8947,0,0,95201,52032.71,2004035,1995112,0
2021-02-27,51251,1331016,22754,737883,47,229,361,8146,54,1192,416,9363,0,0,74468,57265.57,2078503,2069165,0
2021-02-28,44544,1375560,13854,751737,7,236,208,8354,37,1229,245,9608,0,0,58650,62198,2137153,2127570,0
2021-03-01,39298,1414858,12785,764522,10,246,173,8527,24,1253,197,9805,0,0,52290,66092,2189443,2179663,0
2021-03-02,47068,1461926,12579,777101,7,253,161,8688,17,1270,178,9983,0,0,59832,68985.29,2249275,2239317,0
2021-03-03,48588,1510514,16152,793253,17,270,157,8845,23,1293,180,10163,0,0,64937,70118.57,2314212,2304074,0
2021-03-04,59793,1570307,22818,816071,1092,1362,277,9122,38,1331,317,10480,0,0,84020,69914,2398232,2387779,0
2021-03-05,60941,1631248,24290,840361,3107,4469,343,9465,37,1368,382,10862,0,0,88720,68988.14,2486952,2476119,0
2021-03-06,47143,1678391,18887,859248,5451,9920,247,9712,42,1410,289,11151,0,0,71770,68602.71,2558722,2547600,0
2021-03-07,36016,1714407,14881,874129,6244,16164,243,9955,24,1434,269,11420,0,0,57410,68425.57,2616132,2604743,0
2021-03-08,39601,1754008,14687,888816,8555,24719,325,10280,92,1526,422,11842,0,0,63265,69993.43,2679397,2667591,0
2021-03-09,39079,1793087,12858,901674,7759,32478,188,10468,36,1562,225,12067,0,0,59921,70006.14,2739318,2727288,0
2021-03-10,51804,1844891,15367,917041,5064,37542,231,10699,34,1596,267,12334,0,0,72502,71086.86,2811820,2799525,0
2021-03-11,59958,1904849,21825,938866,4618,42160,261,10960,48,1644,311,12645,0,0,86712,71471.43,2898532,2885928,0
2021-03-12,52167,1957016,30306,969172,4182,46342,391,11351,89,1733,480,13125,0,0,87135,71245,2985667,2972583,0
2021-03-13,40634,1997650,26680,995852,5109,51451,340,11691,55,1788,395,13520,0,0,72819,71394.86,3058486,3045007,0
2021-03-14,30695,2028345,15970,1011822,4522,55973,256,11947,28,1816,286,13806,0,0,51474,70546.86,3109960,3096197,0
2021-03-15,33577,2061922,17259,1029081,4702,60675,245,12192,33,1849,278,14084,0,0,55816,69482.71,3165776,3151735,0
2021-03-16,38655,2100577,20514,1049595,4923,65598,270,12462,36,1885,307,14391,0,0,64399,70122.43,3230175,3215828,0
2021-03-17,42597,2143174,24786,1074381,4241,69839,356,12818,42,1927,399,14790,0,0,72023,70054,3302198,3287453,0
2021-03-18,50404,2193578,26807,1101188,5224,75063,393,13211,66,1993,459,15249,0,0,82894,69508.57,3385092,3369888,0
2021-03-19,47757,2241335,29966,1131154,5622,80685,411,13622,75,2068,486,15735,0,0,83832,69036.71,3468924,3453234,0
2021-03-20,38688,2280023,25830,1156984,4681,85366,316,13938,61,2129,378,16113,0,0,69577,68573.57,3538501,3522434,0
2021-03-21,29281,2309304,19355,1176339,769,86135,233,14171,45,2174,278,16391,0,0,49683,68317.71,3588184,3571839,0
2021-03-22,33847,2343151,26752,1203091,4037,90172,262,14433,38,2212,301,16692,0,0,64938,69620.86,3653122,3636477,0
2021-03-23,38410,2381561,32847,1235938,4213,94385,310,14743,55,2267,369,17061,0,0,75839,71255.14,3728961,3711951,0
2021-03-24,41468,2423029,37614,1273552,4843,99228,342,15085,64,2331,409,17470,0,0,84334,73013.86,3813295,3795879,0
2021-03-25,43382,2466411,50780,1324332,5050,104278,497,15582,89,2420,590,18060,0,0,99802,75429.29,3913097,3895095,0
2021-03-26,38479,2504890,55494,1379826,4307,108585,547,16129,109,2529,660,18720,0,0,98940,77587.57,4012037,3993379,0
2021-03-27,35714,2540604,45741,1425567,2938,111523,441,16570,88,2617,530,19250,0,0,84923,79779.86,4096960,4077773,0
2021-03-28,26371,2566975,34446,1460013,1481,113004,352,16922,67,2684,423,19673,0,0,62721,81642.43,4159681,4140075,0
2021-03-29,34796,2601771,38857,1498870,3243,116247,367,17289,115,2799,483,20156,0,0,77379,83419.71,4237060,4216972,0
2021-03-30,40480,2642251,41925,1540795,3712,119959,354,17643,65,2864,420,20576,0,0,86537,84948,4323597,4303090,0
2021-03-31,49363,2691614,44873,1585668,7438,127397,426,18069,88,2952,514,21090,0,0,102188,87498.57,4425785,4404764,0
2021-04-01,50757,2742371,53942,1639610,11272,138669,519,18588,85,3037,608,21698,0,0,116579,89895.29,4542364,4520739,0
2021-04-02,43749,2786120,53863,1693473,11964,150633,569,19157,72,3109,646,22344,0,0,110222,91507,4652586,4630320,0
2021-04-03,39234,2825354,39206,1732679,9859,160492,353,19510,61,3170,415,22759,0,0,88714,92048.57,4741300,4718620,0
2021-04-04,26547,2851901,24777,1757456,3902,164394,233,19743,51,3221,284,23043,0,0,55510,91018.43,4796810,4773846,0
2021-04-05,41857,2893758,34475,1791931,11193,175587,396,20139,63,3284,460,23503,0,0,87985,92533.57,4884795,4861372,0
2021-04-06,53234,2946992,35613,1827544,13213,188800,454,20593,79,3363,534,24037,0,0,102594,94827.43,4987389,4963433,0
2021-04-07,55470,3002462,40705,1868249,14386,203186,418,21011,83,3446,503,24540,0,0,111064,96095.43,5098453,5073996,0
2021-04-08,59231,3061693,46577,1914826,16335,219521,549,21560,90,3536,640,25180,0,0,122783,96981.71,5221236,5196140,0
2021-04-09,56619,3118312,44944,1959770,17555,237076,548,22108,80,3616,633,25813,0,0,119751,98343,5340987,5315263,0
2021-04-10,49325,3167637,35641,1995411,12716,249792,407,22515,63,3679,474,26287,0,0,98156,99691.86,5439143,5412949,0
2021-04-11,38153,3205790,28827,2024238,7679,257471,304,22819,61,3740,366,26653,0,0,75025,102479.71,5514168,5487609,0
2021-04-12,46616,3252406,31834,2056072,13493,270964,479,23298,70,3810,549,27202,0,0,92492,103123.57,5606660,5579552,0
2021-04-13,52526,3304932,33792,2089864,369,271333,415,23713,64,3874,480,27682,0,0,87167,100919.71,5693827,5666240,0
2021-04-14,50129,3355061,39950,2129814,20,271353,379,24092,80,3954,460,28142,0,0,90559,97990.43,5784386,5756340,0
2021-04-15,52103,3407164,43686,2173500,16,271369,467,24559,107,4061,579,28721,0,0,96385,94219.29,5880771,5852151,0
2021-04-16,51172,3458336,42198,2215698,32,271401,452,25011,76,4137,531,29252,0,0,93933,90531,5974704,5945556,0
2021-04-17,43820,3502156,35688,2251386,3,271404,380,25391,86,4223,468,29720,0,0,79979,87934.29,6054683,6025069,0
2021-04-18,28593,3530749,29361,2280747,7,271411,268,25659,67,4290,336,30056,0,0,58297,85544.57,6112980,6083031,0
2021-04-19,37437,3568186,36451,2317198,21,271432,345,26004,71,4361,418,30474,0,0,74327,82949.57,6187307,6156942,0
2021-04-20,40785,3608971,39623,2356821,19,271451,325,26329,84,4445,410,30884,0,0,80837,82045.29,6268144,6237370,0
2021-04-21,38872,3647843,46026,2402847,17,271468,511,26840,99,4544,611,31495,0,0,85526,81326.29,6353670,6322286,0
2021-04-22,38473,3686316,48954,2451801,9,271477,356,27196,80,4624,438,31933,0,0,87875,80110.57,6441545,6409725,0
2021-04-23,39679,3725995,44384,2496185,3,271480,365,27561,76,4700,443,32376,0,0,84509,78764.29,6526054,6493793,0
2021-04-24,31921,3757916,41599,2537784,44,271524,288,27849,68,4768,357,32733,0,0,73921,77898.86,6599975,6567358,0
2021-04-25,18412,3776328,31215,2568999,87,271611,207,28056,61,4829,268,33001,0,0,49982,76711,6649957,6617072,0
2021-04-26,26954,3803282,40716,2609715,1012,272623,309,28365,95,4924,409,33410,0,0,69091,75963,6719048,6685759,0
2021-04-27,28547,3831829,47128,2656843,1696,274319,378,28743,100,5024,483,33893,0,0,77854,75536.86,6796902,6763135,0
2021-04-28,27007,3858836,56836,2713679,2146,276465,460,29203,103,5127,566,34459,0,0,86555,75683.86,6883457,6849127,0
2021-04-29,28581,3887417,57201,2770880,2150,278615,380,29583,103,5230,485,34944,0,0,88417,75761.29,6971874,6937061,0
2021-04-30,30098,3917515,51989,2822869,2059,280674,297,29880,75,5305,373,35317,0,0,84520,75762.86,7056394,7021209,0
2021-05-01,22472,3939987,44533,2867402,1177,281851,237,30117,69,5374,308,35625,0,0,68490,74987,7124884,7089393,0
2021-05-02,11916,3951903,36634,2904036,1081,282932,157,30274,57,5431,216,35841,0,0,49847,74967.71,7174731,7139026,0
2021-05-03,18006,3969909,53016,2957052,2380,285312,271,30545,95,5526,368,36209,0,0,73772,75636.43,7248503,7212432,0
2021-05-04,22723,3992632,56640,3013692,2331,287643,277,30822,118,5644,396,36605,0,0,82091,76241.71,7330594,7294128,0
2021-05-05,21469,4014101,48758,3062450,2313,289956,318,31140,104,5748,423,37028,0,0,72964,74300.14,7403558,7366670,0
2021-05-06,20669,4034770,50177,3112627,2508,292464,283,31423,91,5839,378,37406,0,0,73732,72202.29,7477290,7440028,0
2021-05-07,21230,4056000,52103,3164730,2812,295276,322,31745,81,5920,404,37810,0,0,76549,71063.57,7553839,7516174,0
2021-05-08,16616,4072616,41862,3206592,1834,297110,240,31985,74,5994,314,38124,0,0,60626,69940.14,7614465,7576486,0
2021-05-09,7967,4080583,29403,3235995,1260,298370,158,32143,56,6050,214,38338,0,0,38844,68368.29,7653309,7615116,0
2021-05-10,14370,4094953,38520,3274515,2356,300726,256,32399,94,6144,354,38692,0,0,55601,65772.43,7708910,7670367,0
2021-05-11,19892,4114845,43056,3317571,2512,303238,297,32696,89,6233,391,39083,0,0,65852,63452.57,7774762,7735833,0
2021-05-12,17809,4132654,40531,3358102,3595,306833,245,32941,82,6315,327,39410,0,0,62262,61923.71,7837024,7797768,0
2021-05-13,24943,4157597,40424,3398526,3229,310062,276,33217,81,6396,359,39769,0,0,68956,61241.43,7905980,7866367,0
2021-05-14,27002,4184599,42943,3441469,3535,313597,279,33496,95,6491,376,40145,0,0,73856,60856.71,7979836,7939849,0
2021-05-15,23636,4208235,34921,3476390,3364,316961,262,33758,75,6566,338,40483,0,0,62259,61090,8042095,8001771,0
2021-05-16,15512,4223747,19460,3495850,2496,319457,124,33882,47,6613,172,40655,0,0,37640,60918,8079735,8039240,0
2021-05-17,22659,4246406,29139,3524989,3252,322709,191,34073,72,6685,263,40918,0,0,55313,60876.86,8135048,8094290,0
2021-05-18,24611,4271017,31900,3556889,3402,326111,251,34324,84,6769,335,41253,0,0,60248,60076.29,8195296,8154203,0
2021-05-19,24169,4295186,29729,3586618,3040,329151,234,34558,51,6820,286,41539,0,0,57224,59356.57,8252520,8211142,0
2021-05-20,24132,4319318,30102,3616720,3163,332314,276,34834,90,6910,371,41910,0,0,57768,57758.29,8310288,8268544,0
2021-05-21,24662,4343980,32003,3648723,3057,335371,253,35087,63,6973,319,42229,0,0,60041,55784.71,8370329,8328269,0
2021-05-22,20008,4363988,24373,3673096,2523,337894,171,35258,48,7021,220,42449,0,0,47124,53622.57,8417453,8375174,0
2021-05-23,11223,4375211,13735,3686831,1411,339305,95,35353,32,7053,129,42578,0,0,26498,52030.86,8443951,8401545,0
2021-05-24,18856,4394067,23167,3709998,2757,342062,221,35574,55,7108,279,42857,0,0,45059,50566,8489010,8446328,0
2021-05-25,19414,4413481,23384,3733382,2601,344663,179,35753,59,7167,238,43095,0,0,45637,48478.71,8534647,8491727,0
2021-05-26,18772,4432253,21087,3754469,2698,347361,206,35959,51,7218,259,43354,0,0,42816,46420.43,8577463,8534286,0
2021-05-27,18451,4450704,21283,3775752,2530,349891,185,36144,62,7280,248,43602,0,0,42512,44241,8619975,8576551,0
2021-05-28,17851,4468555,22876,3798628,2751,352642,193,36337,59,7339,253,43855,0,0,43731,41911,8663706,8620030,0
2021-05-29,12701,4481256,17815,3816443,1755,354397,107,36444,39,7378,147,44002,0,0,32418,39810.14,8696124,8652302,0
2021-05-30,7025,4488281,8951,3825394,1074,355471,49,36493,16,7394,65,44067,0,0,17115,38469.71,8713239,8669352,0
2021-05-31,4739,4493020,6922,3832316,1011,356482,66,36559,18,7412,84,44151,0,0,12756,33855,8725995,8682024,0
2021-06-01,16043,4509063,25189,3857505,2177,358659,160,36719,43,7455,207,44358,0,0,43616,33566.29,8769611,8725437,0
2021-06-02,15350,4524413,20401,3877906,2095,360754,141,36860,47,7502,188,44546,0,0,38034,32883.14,8807645,8763283,0
2021-06-03,14991,4539404,23825,3901731,2280,363034,134,36994,45,7547,181,44727,0,0,41277,32706.71,8848922,8804381,0
2021-06-04,14706,4554110,26004,3927735,2492,365526,153,37147,42,7589,196,44923,0,0,43399,32659.29,8892321,8847585,0
2021-06-05,10979,4565089,22103,3949838,1806,367332,117,37264,29,7618,147,45070,0,0,35035,33033.14,8927356,8882474,0
2021-06-06,6443,4571532,14482,3964320,1222,368554,92,37356,13,7631,106,45176,0,0,22253,33767.14,8949609,8904622,0
2021-06-07,11695,4583227,21779,3986099,2378,370932,146,37502,38,7669,187,45363,0,0,36039,37093.29,8985648,8940477,0
2021-06-08,12622,4595849,24018,4010117,2071,373003,128,37630,46,7715,175,45538,0,0,38886,36417.57,9024534,8979189,0
2021-06-09,11122,4606971,23022,4033139,2300,375303,142,37772,44,7759,188,45726,0,0,36632,36217.29,9061166,9015635,0
2021-06-10,12054,4619025,22234,4055373,2461,377764,147,37919,63,7822,210,45936,0,0,36960,35600.57,9098126,9052385,0
2021-06-11,12691,4631716,25125,4080498,2483,380247,162,38081,64,7886,227,46163,0,0,40526,35190.14,9138652,9092685,0
2021-06-12,10158,4641874,19317,4099815,1888,382135,97,38178,45,7931,144,46307,0,0,31507,34686.14,9170159,9124050,0
2021-06-13,4249,4646123,10938,4110753,1219,383354,42,38220,21,7952,63,46370,0,0,16471,33860.14,9186630,9140458,0
2021-06-14,10199,4656322,19240,4129993,2040,385394,136,38356,53,8005,189,46559,0,0,31668,33235.71,9218298,9171937,0
2021-06-15,11880,4668202,21013,4151006,1942,387336,133,38489,41,8046,176,46735,0,0,35012,32682.29,9253310,9206775,0
2021-06-16,11581,4679783,19401,4170407,1956,389292,152,38641,74,8120,226,46961,0,0,33164,32186.86,9286474,9239713,0
2021-06-17,11016,4690799,18760,4189167,1973,391265,132,38773,35,8155,169,47130,0,0,31918,31466.57,9318392,9271464,0
2021-06-18,12163,4702962,18494,4207661,2115,393380,121,38894,37,8192,159,47289,0,0,32932,30381.71,9351324,9304238,0
2021-06-19,8490,4711452,13516,4221177,1459,394839,92,38986,22,8214,114,47403,0,0,23579,29249.14,9374903,9327703,0
2021-06-20,4333,4715785,7160,4228337,924,395763,37,39023,16,8230,53,47456,0,0,12470,28677.57,9387373,9340120,0
2021-06-21,10151,4725936,10015,4238352,1806,397569,73,39096,28,8258,102,47558,0,0,22074,27307,9409447,9362093,0
2021-06-22,9829,4735765,15644,4253996,1588,399157,108,39204,29,8287,137,47695,0,0,27198,26190.71,9436645,9389154,0
2021-06-23,10303,4746068,15185,4269181,1862,401019,105,39309,31,8318,137,47832,0,0,27487,25379.71,9464132,9416505,0
2021-06-24,9677,4755745,14702,4283883,1798,402817,125,39434,27,8345,154,47986,0,0,26331,24581.57,9490463,9442684,0
2021-06-25,10584,4766329,14381,4298264,1720,404537,120,39554,39,8384,159,48145,0,0,26844,23711.86,9517307,9469369,0
2021-06-26,7798,4774127,10465,4308729,1249,405786,79,39633,23,8407,103,48248,0,0,19615,23145.57,9536922,9488882,0
2021-06-27,4996,4779123,6003,4314732,795,406581,34,39667,15,8422,50,48298,0,0,11844,23056.14,9548766,9500677,0
2021-06-28,9028,4788151,10351,4325083,1526,408107,110,39777,26,8448,137,48435,0,0,21042,22908.71,9569808,9521583,0
2021-06-29,9728,4797879,12333,4337416,1347,409454,126,39903,34,8482,161,48596,0,0,23569,22390.29,9593377,9544992,0
2021-06-30,9425,4807304,10932,4348348,1486,410940,151,40054,18,8500,172,48768,0,0,22015,21608.57,9615392,9566838,0
2021-07-01,9391,4816695,10927,4359275,1434,412374,132,40186,25,8525,159,48927,0,0,21911,20977.14,9637303,9588592,0
2021-07-02,9688,4826383,11457,4370732,1541,413915,119,40305,21,8546,140,49067,0,0,22827,20403.29,9660130,9611279,0
2021-07-03,7058,4833441,8423,4379155,1192,415107,79,40384,17,8563,96,49163,0,0,16769,19996.71,9676899,9627952,0
2021-07-04,1286,4834727,1335,4380490,567,415674,11,40395,3,8566,14,49177,0,0,3202,18762.14,9680101,9631140,0
2021-07-05,6491,4841218,7108,4387598,1207,416881,67,40462,22,8588,89,49266,0,0,14895,17884,9694996,9645946,0
2021-07-06,9506,4850724,12854,4400452,1315,418196,117,40579,38,8626,156,49422,0,0,23831,17921.43,9718827,9669622,0
2021-07-07,8661,4859385,11107,4411559,1418,419614,129,40708,21,8647,150,49572,0,0,21336,17824.43,9740163,9690808,0
2021-07-08,8216,4867601,10189,4421748,1258,420872,112,40820,23,8670,137,49709,0,0,19800,17522.86,9759963,9710473,0
2021-07-09,8370,4875971,10831,4432579,1280,422152,92,40912,20,8690,112,49821,0,0,20593,17203.71,9780556,9730954,0
2021-07-10,7098,4883069,8636,4441215,1131,423283,67,40979,21,8711,89,49910,0,0,16954,17230.14,9797510,9747820,0
2021-07-11,4104,4887173,4540,4445755,701,423984,38,41017,6,8717,44,49954,0,0,9389,18114,9806899,9757165,0
2021-07-12,8446,4895619,9563,4455318,1251,425235,85,41102,23,8740,108,50062,0,0,19368,18753,9826267,9776425,0
2021-07-13,9456,4905075,9395,4464713,952,426187,109,41211,36,8776,147,50209,0,0,19950,18198.57,9846217,9796230,0
2021-07-14,8991,4914066,9533,4474246,1010,427197,111,41322,22,8798,137,50346,0,0,19671,17960.71,9865888,9815768,0
2021-07-15,8790,4922856,9155,4483401,1052,428249,85,41407,20,8818,106,50452,0,0,19103,17861.14,9884991,9834766,0
2021-07-16,9247,4932103,9765,4493166,980,429229,104,41511,29,8847,133,50585,0,0,20125,17794.29,9905116,9854758,0
2021-07-17,6838,4938941,7389,4500555,803,430032,80,41591,21,8868,101,50686,0,0,15131,17533.86,9920247,9869788,0
2021-07-18,4253,4943194,4284,4504839,575,430607,37,41628,14,8882,51,50737,0,0,9163,17501.57,9929410,9878900,0
2021-07-19,9118,4952312,8486,4513325,999,431606,93,41721,22,8904,116,50853,0,0,18719,17408.86,9948129,9897504,0
2021-07-20,10639,4962951,8762,4522087,991,432597,96,41817,25,8929,122,50975,0,0,20514,17489.43,9968643,9917897,0
2021-07-21,10050,4973001,8776,4530863,904,433501,149,41966,33,8962,182,51157,0,0,19912,17523.86,9988555,9937627,0
2021-07-22,10686,4983687,8585,4539448,1045,434546,146,42112,27,8989,174,51331,0,0,20490,17722,10009045,9957944,0
2021-07-23,11243,4994930,8888,4548336,1114,435660,140,42252,23,9012,165,51496,0,0,21410,17905.57,10030455,9979191,0
2021-07-24,7400,5002330,6740,4555076,670,436330,82,42334,27,9039,110,51606,0,0,14920,17875.43,10045375,9994002,0
2021-07-25,5469,5007799,2130,4557206,509,436839,58,42392,4,9043,62,51668,0,0,8170,17733.57,10053545,10002110,0
2021-07-26,10865,5018664,7010,4564216,856,437695,113,42505,20,9063,133,51801,0,0,18864,17754.29,10072409,10020841,0
2021-07-27,12058,5030722,8573,4572789,856,438551,140,42645,41,9104,182,51983,0,0,21669,17919.29,10094078,10042329,0
2021-07-28,12003,5042725,8057,4580846,950,439501,138,42783,29,9133,168,52151,0,0,21178,18100.14,10115256,10063340,0
2021-07-29,10923,5053648,7437,4588283,983,440484,139,42922,41,9174,184,52335,0,0,19527,17962.57,10134783,10082687,0
2021-07-30,14945,5068593,8012,4596295,1151,441635,189,43111,33,9207,224,52559,0,0,24332,18380,10159115,10106797,0
2021-07-31,9718,5078311,6324,4602619,815,442450,122,43233,20,9227,143,52702,0,0,17000,18677.14,10176115,10123655,0
2021-08-01,6497,5084808,3313,4605932,564,443014,81,43314,22,9249,103,52805,0,0,10477,19006.71,10186592,10134029,0
2021-08-02,13448,5098256,7154,4613086,845,443859,150,43464,19,9268,169,52974,0,0,21616,19399.86,10208208,10155476,0
2021-08-03,15401,5113657,8393,4621479,1109,444968,145,43609,39,9307,185,53159,0,0,25088,19888.29,10233296,10180380,0
2021-08-04,17253,5130910,8136,4629615,1454,446422,183,43792,36,9343,219,53378,0,0,27062,20728.86,10260358,10207223,0
2021-08-05,17880,5148790,7935,4637550,1371,447793,162,43954,22,9365,184,53562,0,0,27370,21849.29,10287728,10234409,0
2021-08-06,18168,5166958,8422,4645972,1230,449023,171,44125,32,9397,203,53765,0,0,28023,22376.57,10315751,10262229,0
2021-08-07,13376,5180334,6019,4651991,800,449823,105,44230,29,9426,134,53899,0,0,20329,22852.14,10336080,10282424,0
2021-08-08,9309,5189643,3834,4655825,400,450223,84,44314,10,9436,94,53993,0,0,13637,23303.57,10349717,10295967,0
2021-08-09,21334,5210977,8529,4664354,965,451188,178,44492,34,9470,213,54206,0,0,31041,24650,10380758,10326796,0
2021-08-10,18946,5229923,9333,4673687,946,452134,180,44672,33,9503,214,54420,0,0,29439,25271.57,10410197,10356022,0
2021-08-11,15641,5245564,8313,4682000,853,452987,132,44804,46,9549,179,54599,0,0,24986,24975,10435183,10380830,0
2021-08-12,15048,5260612,8989,4690989,942,453929,179,44983,37,9586,218,54817,0,0,25197,24664.57,10460380,10405811,0
2021-08-13,14912,5275524,9291,4700280,919,454848,249,45232,39,9625,289,55106,0,0,25412,24291.57,10485792,10430935,0
2021-08-14,10391,5285915,6413,4706693,625,455473,537,45769,41,9666,581,55687,0,0,18010,23960.29,10503802,10448367,0
2021-08-15,6687,5292602,4483,4711176,676,456149,568,46337,33,9699,605,56292,0,0,12451,23790.86,10516253,10460217,0
2021-08-16,15697,5308299,9311,4720487,1149,457298,1330,47667,67,9766,1402,57694,0,0,27559,23293.43,10543812,10486379,0
2021-08-17,17753,5326052,10457,4730944,1229,458527,1779,49446,85,9851,1879,59573,0,0,31318,23561.86,10575130,10515833,0
2021-08-18,17478,5343530,10382,4741326,1262,459789,2003,51449,91,9942,2105,61678,0,0,31227,24453.43,10606357,10544966,0
2021-08-19,16284,5359814,9530,4750856,1315,461104,1962,53411,69,10011,2045,63723,0,0,29174,25021.57,10635531,10572109,0
2021-08-20,16260,5376074,11540,4762396,1252,462356,1871,55282,89,10100,1974,65697,0,0,31026,25823.57,10666557,10601175,0
2021-08-21,11141,5387215,8039,4770435,878,463234,1069,56351,53,10153,1129,66826,0,0,21187,26277.43,10687744,10621240,0
2021-08-22,4076,5391291,3902,4774337,261,463495,520,56871,33,10186,557,67383,0,0,8796,25755.29,10696540,10629483,0
2021-08-23,15570,5406861,11811,4786148,1022,464517,1553,58424,77,10263,1643,69026,0,0,30047,26110.71,10726587,10657900,0
2021-08-24,16903,5423764,12599,4798747,1007,465524,1777,60201,82,10345,1867,70893,0,0,32376,26261.86,10758963,10688417,0
2021-08-25,14559,5438323,12456,4811203,1112,466636,1571,61772,83,10428,1669,72562,0,0,29796,26057.43,10788759,10716559,0
2021-08-26,16142,5454465,14101,4825304,1070,467706,1781,63553,71,10499,1864,74426,0,0,33177,26629.29,10821936,10747884,0
2021-08-27,14867,5469332,14828,4840132,971,468677,1678,65231,76,10575,1761,76187,0,0,32427,26829.43,10854363,10778557,0
2021-08-28,10673,5480005,11525,4851657,835,469512,1022,66253,47,10622,1070,77257,0,0,24103,27246,10878466,10801591,0
2021-08-29,7207,5487212,7501,4859158,541,470053,782,67035,58,10680,849,78106,0,0,16098,28289.14,10894564,10816849,0
2021-08-30,15508,5502720,16933,4876091,1076,471129,1800,68835,94,10774,1902,80008,0,0,35419,29056.57,10929983,10850374,0
2021-08-31,15496,5518216,15963,4892054,952,472081,1983,70818,90,10864,2083,82091,0,0,34494,29359.14,10964477,10882795,0
2021-09-01,14821,5533037,14113,4906167,1020,473101,1815,72633,62,10926,1887,83978,0,0,31841,29651.29,10996318,10912759,0
2021-09-02,14307,5547344,12525,4918692,896,473997,1716,74349,65,10991,1797,85775,0,0,29525,29129.57,11025843,10940503,0
2021-09-03,14993,5562337,14314,4933006,974,474971,1903,76252,73,11064,1982,87757,0,0,32263,29106.14,11058106,10970790,0
2021-09-04,9640,5571977,9405,4942411,688,475659,981,77233,34,11098,1021,88778,0,0,20754,28627.71,11078860,10990529,0
2021-09-05,6790,5578767,5512,4947923,438,476097,720,77953,18,11116,739,89517,0,0,13479,28253.57,11092339,11003270,0
2021-09-06,5195,5583962,4511,4952434,358,476455,274,78227,11,11127,287,89804,0,0,10351,24672.43,11102690,11013336,0
2021-09-07,15555,5599517,17700,4970134,912,477367,1563,79790,95,11222,1666,91470,0,0,35833,24863.71,11138523,11047511,0
2021-09-08,16145,5615662,14829,4984963,1069,478436,1787,81577,84,11306,1882,93352,0,0,33925,25161.43,11172448,11079565,0
2021-09-09,16093,5631755,14760,4999723,1048,479484,1921,83498,78,11384,2011,95363,0,0,33912,25788.14,11206360,11111478,0
2021-09-10,18346,5650101,15402,5015125,1207,480691,1983,85481,82,11466,2072,97435,0,0,37027,26468.71,11243387,11146440,0
2021-09-11,12624,5662725,10350,5025475,958,481649,1037,86518,50,11516,1093,98528,0,0,25025,27078.86,11268412,11170378,0
2021-09-12,8532,5671257,5053,5030528,765,482414,694,87212,32,11548,727,99255,0,0,15077,27307.14,11283489,11184729,0
2021-09-13,16918,5688175,12968,5043496,976,483390,1662,88874,52,11600,1724,100979,0,0,32586,30483.57,11316075,11215601,0
2021-09-14,16257,5704432,13678,5057174,887,484277,1604,90478,57,11657,1673,102652,0,0,32495,30006.71,11348570,11246435,0
2021-09-15,15508,5719940,12897,5070071,727,485004,1575,92053,85,11742,1669,104321,0,0,30801,29560.43,11379371,11275576,0
2021-09-16,15323,5735263,13922,5083993,1209,486213,1472,93525,68,11810,1547,105868,0,0,32001,29287.43,11411372,11306037,0
2021-09-17,14424,5749687,13952,5097945,922,487135,1849,95374,60,11870,1912,107780,0,0,31210,28456.43,11442582,11335338,0
2021-09-18,9983,5759670,10188,5108133,913,488048,1057,96431,42,11912,1103,108883,0,0,22187,28051,11464769,11356426,0
2021-09-19,6166,5765836,6078,5114211,558,488606,750,97181,28,11940,783,109666,0,0,13585,27837.86,11478354,11369233,0
2021-09-20,12658,5778494,12634,5126845,1068,489674,1929,99110,62,12002,2000,111666,0,0,28361,27234.29,11506715,11395603,0
2021-09-21,12218,5790712,12769,5139614,1108,490782,2035,101145,84,12086,2136,113802,0,0,28231,26625.14,11534946,11421715,0
2021-09-22,12812,5803524,12010,5151624,1089,491871,1691,102836,70,12156,1767,115569,0,0,27678,26179,11562624,11447632,0
2021-09-23,14913,5818437,12771,5164395,1639,493510,2275,105111,76,12232,2358,117927,0,0,31681,26133.29,11594305,11476962,0
2021-09-24,16606,5835043,13365,5177760,1636,495146,4630,109741,128,12360,4777,122704,0,0,36384,26872.43,11630689,11508588,0
2021-09-25,10519,5845562,9034,5186794,1017,496163,3462,113203,84,12444,3562,126266,0,0,24132,27150.29,11654821,11529174,0
2021-09-26,6285,5851847,5769,5192563,773,496936,2423,115626,63,12507,2498,128764,0,0,15325,27398.86,11670146,11542013,0
2021-09-27,14126,5865973,8066,5200629,1155,498091,9086,124712,166,12673,9301,138065,0,0,32649,28011.43,11702795,11565410,0
2021-09-28,11098,5877071,11790,5212419,901,498992,9936,134648,186,12859,10161,148226,0,0,33950,28828.43,11736745,11589238,0
2021-09-29,11586,5888657,12196,5224615,1204,500196,9463,144111,177,13036,9674,157900,0,0,34660,29825.86,11771405,11614258,0
2021-09-30,12209,5900866,12612,5237227,1337,501533,9767,153878,184,13220,9985,167885,0,0,36143,30463.29,11807548,11640450,0
2021-10-01,12610,5913476,13430,5250657,1284,502817,10293,164171,158,13378,10490,178375,0,0,37814,30667.57,11845362,11667813,0
2021-10-02,7714,5921190,9983,5260640,865,503682,4248,168419,83,13461,4355,182730,0,0,22917,30494,11868279,11686399,0
2021-10-03,5053,5926243,6158,5266798,593,504275,2625,171044,60,13521,2695,185425,1,1,14500,30376.14,11882779,11698213,0
2021-10-04,9895,5936138,11017,5277815,914,505189,9541,180585,152,13673,9729,195154,0,1,31555,30219.86,11914334,11720075,0
2021-10-05,10130,5946268,11734,5289549,972,506161,9961,190546,181,13854,10185,205339,1,2,33022,30087.29,11947356,11742954,0
2021-10-06,9864,5956132,11051,5300600,937,507098,9954,200500,164,14018,10155,215494,0,2,32008,29708.43,11979364,11764844,0
2021-10-07,9590,5965722,12154,5312754,850,507948,10183,210683,183,14201,10400,225894,0,2,32994,29258.57,12012358,11787472,0
2021-10-08,9425,5975147,12182,5324936,940,508888,10925,221608,168,14369,11132,237026,0,2,33679,28667.86,12046037,11810058,0
2021-10-09,6224,5981371,8242,5333178,643,509531,4131,225739,91,14460,4239,241265,0,2,19348,28158,12065385,11825184,0
2021-10-10,3528,5984899,5029,5338207,458,509989,2439,228178,48,14508,2495,243760,0,2,11510,27730.86,12076895,11834207,0
2021-10-11,7586,5992485,9340,5347547,728,510717,8911,237089,167,14675,9102,252862,0,2,26756,27045.29,12103651,11851885,0
2021-10-12,8042,6000527,10998,5358545,891,511608,10539,247628,188,14863,10768,263630,0,2,30699,26713.43,12134350,11871857,0
2021-10-13,7122,6007649,10148,5368693,869,512477,8818,256446,185,15048,9033,272663,0,2,27172,26022.57,12161522,11890026,0
2021-10-14,7402,6015051,11114,5379807,837,513314,10138,266584,170,15218,10348,283011,0,2,29701,25552.14,12191223,11909419,0
2021-10-15,7701,6022752,11859,5391666,823,514137,10861,277445,176,15394,11070,294081,0,2,31453,25234.14,12222676,11929835,0
2021-10-16,4853,6027605,7466,5399132,665,514802,3854,281299,67,15461,3933,298014,0,2,16917,24886.86,12239593,11942831,0
2021-10-17,3047,6030652,4467,5403599,411,515213,2465,283764,45,15506,2517,300531,0,2,10442,24734.29,12250035,11950763,0
2021-10-18,7013,6037665,10672,5414271,797,516010,9501,293265,188,15694,9723,310254,0,2,28205,24941.29,12278240,11969279,0
2021-10-19,6545,6044210,8945,5423216,803,516813,9109,302374,182,15876,9332,319586,1,3,25626,24216.57,12303866,11985613,0
2021-10-20,6512,6050722,9374,5432590,975,517788,10004,312378,180,16056,10223,329809,2,5,27085,24204.14,12330951,12002512,0
2021-10-21,7002,6057724,9385,5441975,857,518645,10874,323252,160,16216,11069,340878,1,6,28314,24006,12359265,12019791,0
2021-10-22,8074,6065798,10345,5452320,1025,519670,16375,339627,230,16446,16660,357538,0,6,36104,24670.43,12395369,12039290,0
2021-10-23,5148,6070946,6453,5458773,690,520360,9141,348768,116,16562,9278,366816,0,6,21569,25335,12416938,12051602,0
2021-10-24,3245,6074191,3967,5462740,766,521126,6177,354945,82,16644,6285,373101,0,6,14263,25880.86,12431201,12059606,0
2021-10-25,8886,6083077,8746,5471486,1152,522278,19289,374234,306,16950,19668,392769,0,6,38452,27344.71,12469653,12078463,0
2021-10-26,8143,6091220,7724,5479210,1258,523536,17317,391551,285,17235,17672,410441,0,6,34797,28654.86,12504450,12095658,0
2021-10-27,10493,6101713,8392,5487602,1604,525140,20898,412449,335,17570,21305,431746,0,6,41794,30756.14,12546244,12116219,0
2021-10-28,11255,6112968,8026,5495628,1793,526933,20909,433358,330,17900,21308,453054,0,6,42382,32765.86,12588626,12137362,0
2021-10-29,11798,6124766,8225,5503853,1967,528900,22580,455938,357,18257,23010,476064,1,7,45002,34037,12633628,12159426,0
2021-10-30,4592,6129358,5062,5508915,932,529832,11206,467144,166,18423,11413,487477,0,7,21999,34098.43,12655627,12170053,0
2021-10-31,2643,6132001,2699,5511614,544,530376,6650,473794,106,18529,6780,494257,1,8,12666,33870.29,12668293,12175962,0
2021-11-01,7062,6139063,6954,5518568,1085,531461,20434,494228,344,18873,20839,515096,1,9,35941,33511.57,12704234,12191124,0
2021-11-02,6520,6145583,6586,5525154,1055,532516,20824,515052,282,19155,21184,536280,0,9,35346,33590,12739580,12205364,0
2021-11-03,6779,6152362,6675,5531829,1025,533541,20689,535741,316,19471,21083,557363,0,9,35564,32700,12775144,12219923,0
2021-11-04,9247,6161609,6275,5538104,995,534536,22431,558172,355,19826,22869,580232,0,9,39386,32272,12814530,12236523,0
2021-11-05,11011,6172620,6717,5544821,1049,535585,23814,581986,360,20186,24259,604491,0,9,43036,31991.14,12857566,12255385,0
2021-11-06,11134,6183754,4051,5548872,593,536178,12616,594602,180,20366,12833,617324,0,9,28611,32935.71,12886177,12271200,0
2021-11-07,7222,6190976,2287,5551159,577,536755,7123,601725,100,20466,7239,624563,0,9,17325,33601.29,12903502,12281302,0
2021-11-08,15014,6205990,5678,5556837,862,537617,19543,621268,292,20758,19902,644465,1,10,41457,34389.29,12944959,12302923,0
2021-11-09,16096,6222086,5383,5562220,658,538275,20562,641830,283,21041,20928,665393,0,10,43065,35492,12988024,12325143,0
2021-11-10,16854,6238940,5322,5567542,682,538957,22722,664552,297,21338,23090,688483,0,10,45948,36975.43,13033972,12348072,0
2021-11-11,12482,6251422,5188,5572730,760,539717,22160,686712,299,21637,22528,711011,0,10,40958,37200,13074930,12366571,0
2021-11-12,16818,6268240,5683,5578413,705,540422,23488,710200,361,21998,23927,734938,1,11,47134,37785.43,13122064,12389855,0
2021-11-13,9911,6278151,3660,5582073,464,540886,13371,723571,186,22184,13601,748539,0,11,27636,37646.14,13149700,12403934,0
2021-11-14,5975,6284126,2284,5584357,324,541210,7960,731531,83,22267,8064,756603,0,11,16647,37549.29,13166347,12412538,0
2021-11-15,13166,6297292,5974,5590331,688,541898,25182,756713,371,22638,25632,782235,0,11,45460,38121.14,13211807,12432445,0
2021-11-16,9869,6307161,5777,5596108,652,542550,30741,787454,447,23085,31268,813503,0,11,47568,38764.43,13259375,12448825,0
2021-11-17,10196,6317357,6669,5602777,680,543230,31522,818976,432,23517,32045,845548,0,11,49590,39284.71,13308965,12466461,0
2021-11-18,10624,6327981,6523,5609300,854,544084,33127,852103,475,23992,33699,879247,0,11,51700,40819.29,13360665,12484559,0
2021-11-19,11890,6339871,6550,5615850,707,544791,36371,888474,476,24468,36938,916185,0,11,56085,42098,13416750,12503797,0
2021-11-20,9274,6349145,3413,5619263,512,545303,22580,911054,267,24735,22899,939084,0,11,36098,43306.86,13452848,12517048,0
2021-11-21,4889,6354034,1886,5621149,288,545591,13253,924307,157,24892,13435,952519,1,12,20499,43857.14,13473347,12524136,0
2021-11-22,10314,6364348,5782,5626931,748,546339,36027,960334,455,25347,36575,989094,0,12,53419,44994.14,13526766,12541073,0
2021-11-23,9670,6374018,4779,5631710,632,546971,33619,993953,396,25743,34087,1023181,0,12,49169,45222.86,13575935,12556227,0
2021-11-24,8607,6382625,4746,5636456,648,547619,26001,1019954,295,26038,26367,1049548,1,13,40369,43905.57,13616304,12570299,0
2021-11-25,447,6383072,329,5636785,80,547699,1004,1020958,9,26047,1013,1050561,0,13,1869,36786.86,13618173,12571155,0
2021-11-26,7987,6391059,7004,5643789,528,548227,26655,1047613,312,26359,27024,1077585,0,13,42543,34852.29,13660716,12586731,0
2021-11-27,6634,6397693,6861,5650650,370,548597,18898,1066511,229,26588,19165,1096750,0,13,33031,34414.14,13693747,12600635,0
2021-11-28,4026,6401719,5791,5656441,279,548876,11945,1078456,124,26712,12090,1108840,0,13,22186,34655.14,13715933,12610752,0
2021-11-29,8991,6410710,11015,5667456,684,549560,35160,1113616,463,27175,35702,1144542,1,14,56393,35080,13772326,12631521,0
2021-11-30,10389,6421099,11445,5678901,510,550070,37886,1151502,510,27685,38509,1183051,0,14,60853,36749.14,13833179,12653978,0
2021-12-01,11050,6432149,10980,5689881,724,550794,40494,1191996,443,28128,41037,1224088,0,14,63793,40095.43,13896972,12676834,0
2021-12-02,11511,6443660,11054,5700935,625,551419,42347,1234343,476,28604,42921,1267009,0,14,66111,49272.86,13963083,12700122,0
2021-12-03,13334,6456994,12912,5713847,665,552084,48119,1282462,550,29154,48773,1315782,1,15,75685,54007.43,14038768,12727137,0
2021-12-04,9739,6466733,11321,5725168,564,552648,30773,1313235,315,29469,31142,1346924,0,15,52766,56826.71,14091534,12748815,0
2021-12-05,5690,6472423,5703,5730871,270,552918,16714,1329949,134,29603,16884,1363808,0,15,28548,57735.57,14120082,12760515,0
2021-12-06,12200,6484623,9991,5740862,599,553517,43389,1373338,474,30077,43957,1407765,0,15,66748,59214.86,14186830,12783400,0
2021-12-07,12470,6497093,9259,5750121,623,554140,43201,1416539,527,30604,43819,1451584,0,15,66171,59974.57,14253001,12805843,0
2021-12-08,13424,6510517,8778,5758899,555,554695,40922,1457461,500,31104,41505,1493089,0,15,64262,60041.57,14317263,12828683,0
2021-12-09,13364,6523881,8759,5767658,551,555246,40979,1498440,508,31612,41586,1534675,0,15,64261,59777.29,14381524,12851457,0
2021-12-10,13924,6537805,10161,5777819,666,555912,43821,1542261,545,32157,44454,1579129,0,15,69206,58851.71,14450730,12876297,0
2021-12-11,10191,6547996,8154,5785973,405,556317,26781,1569042,293,32450,27124,1606253,0,15,45875,57867.29,14496605,12895098,0
2021-12-12,5970,6553966,3856,5789829,287,556604,15207,1584249,139,32589,15371,1621624,0,15,25484,57429.57,14522089,12905236,0
2021-12-13,12096,6566062,7435,5797264,655,557259,38042,1622291,409,32998,38535,1660159,0,15,58721,56282.86,14580810,12925506,0
2021-12-14,12132,6578194,6946,5804210,730,557989,38286,1660577,458,33456,38813,1698972,0,15,58622,55204.43,14639432,12945384,0
2021-12-15,11978,6590172,6247,5810457,754,558743,38288,1698865,500,33956,38869,1737841,0,15,57849,54288.29,14697281,12964445,0
2021-12-16,13057,6603229,4266,5814723,737,559480,41251,1740116,476,34432,41802,1779643,0,15,59862,53659.86,14757143,12982580,0
2021-12-17,15819,6619048,6946,5821669,617,560097,46956,1787072,490,34922,47543,1827186,0,15,70925,53905.43,14828068,13006059,0
2021-12-18,12931,6631979,5732,5827401,432,560529,30712,1817784,282,35204,31051,1858237,1,16,50146,54515.57,14878214,13025210,0
2021-12-19,6956,6638935,2994,5830395,326,560855,18059,1835843,181,35385,18271,1876508,0,16,28547,54953.14,14906761,13035517,0
2021-12-20,16694,6655629,5854,5836249,745,561600,47658,1883501,588,35973,48327,1924835,0,16,71620,56795.86,14978381,13058891,0
2021-12-21,17824,6673453,6580,5842829,806,562406,49073,1932574,614,36587,49766,1974601,0,16,74977,59132.29,15053358,13084181,0
2021-12-22,18468,6691921,6554,5849383,938,563344,49841,1982415,554,37141,50476,2025077,1,17,76437,61787.71,15129795,13110222,0
2021-12-23,18928,6710849,6489,5855872,929,564273,46028,2028443,546,37687,46640,2071717,0,17,72986,63662.57,15202781,13136634,0
2021-12-24,9179,6720028,2957,5858829,598,564871,20661,2049104,213,37900,20909,2092626,0,17,33643,58336.57,15236424,13149403,0
2021-12-25,342,6720370,63,5858892,31,564902,427,2049531,8,37908,436,2093062,0,17,872,51297.43,15237296,13149840,0
2021-12-26,7911,6728281,3933,5862825,341,565243,17320,2066851,179,38087,17530,2110592,0,17,29715,51464.29,15267011,13162056,0
2021-12-27,21695,6749976,9214,5872039,934,566177,43569,2110420,575,38662,44217,2154809,0,17,76060,52098.57,15343071,13193972,0
2021-12-28,20044,6770020,8345,5880384,700,566877,47713,2158133,631,39293,48433,2203242,0,17,77522,52462.14,15420593,13223150,0
2021-12-29,18420,6788440,7674,5888058,606,567483,45700,2203833,499,39792,46275,2249517,0,17,72975,51967.57,15493568,13249926,0
2021-12-30,16806,6805246,7443,5895501,588,568071,44942,2248775,602,40394,45633,2295150,0,17,70471,51608.29,15564039,13274853,0
2021-12-31,5337,6810583,2818,5898319,193,568264,14801,2263576,189,40583,15012,2310162,0,17,23360,50139.29,15587399,13283223,0
2022-01-01,244,6810827,149,5898468,12,568276,504,2264080,36,40619,544,2310706,0,17,949,50150.29,15588348,13283632,0
2022-01-02,6401,6817228,5020,5903488,153,568429,11012,2275092,111,40730,11138,2321844,0,17,22712,49149.86,15611060,13295221,0
2022-01-03,14069,6831297,8525,5912013,515,568944,27037,2302129,353,41083,27434,2349278,2,19,50545,45504.86,15661605,13318374,0
2022-01-04,12765,6844062,8129,5920142,414,569358,27317,2329446,375,41458,27751,2377029,12,31,49068,41440,15710673,13339738,0
2022-01-05,11278,6855340,7035,5927177,386,569744,26037,2355483,319,41777,26401,2403430,0,31,45101,37458,15755774,13358483,0
2022-01-06,11301,6866641,7399,5934576,485,570229,27688,2383171,361,42138,28101,2431531,2,33,47287,34146,15803061,13377719,0
2022-01-07,10108,6876749,8456,5943032,339,570568,25249,2408420,333,42471,25616,2457147,0,33,44520,37168.86,15847581,13396657,0
2022-01-08,7639,6884388,8604,5951636,311,570879,19648,2428068,193,42664,19858,2477005,0,33,36413,42235.14,15883994,13413229,0
2022-01-09,4099,6888487,3844,5955480,214,571093,10086,2438154,98,42762,10195,2487200,1,34,18355,41612.71,15902349,13421399,0
2022-01-10,10128,6898615,8201,5963681,490,571583,24657,2462811,311,43073,25019,2512219,1,35,43838,40654.57,15946187,13440268,0
2022-01-11,8827,6907442,7990,5971671,522,572105,21084,2483895,299,43372,21427,2533646,0,35,38770,39183.43,15984957,13457655,0
2022-01-12,8884,6916326,8333,5980004,427,572532,22411,2506306,295,43667,22741,2556387,1,36,40387,38510,16025344,13475335,0
2022-01-13,8977,6925303,8872,5988876,451,572983,22965,2529271,343,44010,23346,2579733,1,37,41649,37704.57,16066993,13493675,0
2022-01-14,10052,6935355,8130,5997006,474,573457,26492,2555763,344,44354,26879,2606612,0,37,45535,37849.57,16112528,13512374,0
2022-01-15,6182,6941537,4319,6001325,180,573637,15173,2570936,186,44540,15382,2621994,0,37,26063,36371,16138591,13523078,0
2022-01-16,2887,6944424,3251,6004576,95,573732,7845,2578781,89,44629,7944,2629938,0,37,14178,35774.29,16152769,13529322,0
2022-01-17,6031,6950455,6760,6011336,363,574095,14727,2593508,225,44854,14971,2644909,0,37,28125,33529.57,16180894,13542495,0
2022-01-18,8107,6958562,10328,6021664,393,574488,19712,2613220,333,45187,20076,2664985,0,37,38904,33548.71,16219798,13561354,0
2022-01-19,7401,6965963,9262,6030926,303,574791,17764,2630984,285,45472,18082,2683067,1,38,35049,32786.14,16254847,13578353,0
2022-01-20,6218,6972181,8569,6039495,305,575096,15309,2646293,257,45729,15593,2698660,0,38,30686,31220,16285533,13593473,0
2022-01-21,7507,6979688,7525,6047020,276,575372,18555,2664848,294,46023,18874,2717534,1,39,34182,29598.14,16319715,13608805,0
2022-01-22,5170,6984858,4953,6051973,132,575504,11344,2676192,134,46157,11503,2729037,0,39,21758,28983.14,16341473,13619085,0
2022-01-23,2777,6987635,3338,6055311,97,575601,6252,2682444,78,46235,6338,2735375,0,39,12550,28750.57,16354023,13625305,0
2022-01-24,6317,6993952,8216,6063527,262,575863,15102,2697546,256,46491,15385,2750760,0,39,30181,29044.29,16384204,13640128,0
2022-01-25,6130,7000082,7963,6071490,230,576093,14742,2712288,295,46786,15071,2765831,0,39,29394,27685.71,16413598,13654485,0
2022-01-26,5708,7005790,7189,6078679,288,576381,14046,2726334,226,47012,14301,2780132,0,39,27486,26605.29,16441084,13667699,0
2022-01-27,5202,7010992,7101,6085780,320,576701,14123,2740457,243,47255,14405,2794537,0,39,27028,26082.71,16468112,13680361,0
2022-01-28,6208,7017200,7885,6093665,205,576906,16166,2756623,245,47500,16434,2810971,1,40,30733,25590,16498845,13694682,0
2022-01-29,834,7018034,729,6094394,28,576934,2543,2759166,40,47540,2586,2813557,0,40,4177,23078.43,16503022,13696276,0
2022-01-30,2071,7020105,3024,6097418,103,577037,4557,2763723,64,47604,4625,2818182,0,40,9823,22688.86,16512845,13701478,0
2022-01-31,4970,7025075,6598,6104016,219,577256,11416,2775139,206,47810,11637,2829819,0,40,23424,21723.57,16536269,13713280,0
2022-02-01,4793,7029868,6457,6110473,220,577476,10742,2785881,223,48033,10983,2840802,1,41,22454,20732.14,16558723,13724768,0
2022-02-02,4242,7034110,5937,6116410,212,577688,11260,2797141,244,48277,11522,2852324,0,41,21913,19936,16580636,13735177,0
2022-02-03,4199,7038309,5818,6122228,216,577904,11239,2808380,206,48483,11472,2863796,1,42,21706,19175.71,16602342,13745437,0
2022-02-04,4729,7043038,7120,6129348,214,578118,13251,2821631,241,48724,13517,2877313,0,42,25580,18439.57,16627922,13757525,0
2022-02-05,3552,7046590,6083,6135431,109,578227,8607,2830238,159,48883,8781,2886094,0,42,18525,20489.29,16646447,13767284,0
2022-02-06,2048,7048638,2138,6137569,120,578347,4652,2834890,105,48988,4761,2890855,0,42,9068,20381.43,16655515,13771595,0
2022-02-07,4117,7052755,4751,6142320,205,578552,10153,2845043,238,49226,10416,2901271,0,42,19489,19819.29,16675004,13780693,0
2022-02-08,4180,7056935,5607,6147927,214,578766,11355,2856398,317,49543,11697,2912968,0,42,21698,19711.29,16696702,13790719,0
2022-02-09,4105,7061040,5405,6153332,221,578987,11685,2868083,259,49802,11969,2924937,0,42,21700,19680.86,16718402,13800475,0
2022-02-10,3961,7065001,5129,6158461,243,579230,12213,2880296,295,50097,12538,2937475,0,42,21871,19704.43,16740273,13809838,0
2022-02-11,4489,7069490,5811,6164272,195,579425,13757,2894053,327,50424,14116,2951591,0,42,24611,19566,16764884,13820365,0
2022-02-12,3235,7072725,4352,6168624,97,579522,8826,2902879,220,50644,9057,2960648,0,42,16741,19311.14,16781625,13828060,0
2022-02-13,1508,7074233,1544,6170168,41,579563,4888,2907767,115,50759,5008,2965656,0,42,8101,19173,16789726,13831158,0
2022-02-14,2956,7077189,3633,6173801,167,579730,10592,2918359,331,51090,10950,2976606,1,43,17707,18918.43,16807433,13837941,0
2022-02-15,3515,7080704,4073,6177874,174,579904,12806,2931165,292,51382,13114,2989720,0,43,20876,18801,16828309,13845719,0
2022-02-16,3610,7084314,3913,6181787,199,580103,15766,2946931,300,51682,16103,3005823,0,43,23825,19104.57,16852134,13853478,0
2022-02-17,3985,7088299,4082,6185869,162,580265,18369,2965300,376,52058,18775,3024598,0,43,27004,19837.86,16879138,13861737,0
2022-02-18,4423,7092722,4792,6190661,190,580455,21564,2986864,469,52527,22056,3046654,1,44,31462,20816.57,16910600,13871165,0
2022-02-19,3232,7095954,2186,6192847,65,580520,11203,2998067,222,52749,11436,3058090,0,44,16919,20842,16927519,13876659,0
2022-02-20,1842,7097796,1446,6194293,59,580579,6599,3004666,116,52865,6722,3064812,0,44,10069,21123.14,16937588,13880013,0
2022-02-21,3070,7100866,2696,6196989,93,580672,8369,3013035,236,53101,8618,3073430,0,44,14477,20661.71,16952065,13885885,0
2022-02-22,4358,7105224,4266,6201255,174,580846,10850,3023885,259,53360,11127,3084557,0,44,19925,20525.86,16971990,13894701,0
2022-02-23,4230,7109454,3792,6205047,145,580991,10695,3034580,242,53602,10955,3095512,1,45,19123,19854.14,16991113,13902886,0
2022-02-24,3777,7113231,3663,6208710,108,581099,10203,3044783,241,53843,10462,3105974,1,46,18011,18569.43,17009124,13910452,0
2022-02-25,3585,7116816,3637,6212347,135,581234,9998,3054781,249,54092,10260,3116234,0,46,17617,16591.57,17026741,13917822,0
2022-02-26,2814,7119630,2592,6214939,73,581307,9529,3064310,161,54253,9699,3125933,0,46,15178,16342.86,17041919,13923310,0
2022-02-27,1759,7121389,1373,6216312,52,581359,6277,3070587,102,54355,6386,3132319,0,46,9570,16271.57,17051489,13926501,0
2022-02-28,3765,7125154,3138,6219450,140,581499,13157,3083744,258,54613,13439,3145758,0,46,20482,17129.43,17071971,13933568,0
2022-03-01,2114,7127268,2631,6222081,103,581602,5192,3088936,189,54802,5388,3151146,0,46,10236,15745.29,17082207,13938423,0
2022-03-02,1822,7129090,2449,6224530,107,581709,4148,3093084,211,55013,4370,3155516,0,46,8748,14263.14,17090955,13942812,0
2022-03-03,1927,7131017,2562,6227092,106,581815,3808,3096892,171,55184,3993,3159509,0,46,8588,12917,17099543,13947421,0
2022-03-04,2111,7133128,2884,6229976,66,581881,4336,3101228,214,55398,4562,3164071,0,46,9623,11775,17109166,13952494,0
2022-03-05,1608,7134736,2127,6232103,43,581924,3322,3104550,119,55517,3444,3167515,0,46,7222,10638.43,17116388,13956275,0
2022-03-06,793,7135529,881,6232984,30,581954,1627,3106177,54,55571,1685,3169200,0,46,3389,9755.43,17119777,13957983,0
2022-03-07,1657,7137186,1788,6234772,87,582041,3509,3109686,162,55733,3685,3172885,0,46,7217,7860.43,17126994,13961529,0
2022-03-08,1541,7138727,1898,6236670,81,582122,3129,3112815,155,55888,3296,3176181,0,46,6816,7371.86,17133810,13965061,0
2022-03-09,1260,7139987,1684,6238354,80,582202,2595,3115410,129,56017,2730,3178911,0,46,5754,6944.14,17139564,13968091,0
2022-03-10,1408,7141395,2096,6240450,85,582287,2975,3118385,165,56182,3150,3182061,0,46,6739,6680,17146303,13971690,0
2022-03-11,1595,7142990,2277,6242727,81,582368,3216,3121601,191,56373,3425,3185486,0,46,7378,6359.29,17153681,13975661,0
2022-03-12,875,7143865,1419,6244146,42,582410,2012,3123613,75,56448,2090,3187576,0,46,4426,5959.86,17158107,13978000,0
2022-03-13,624,7144489,757,6244903,28,582438,1292,3124905,49,56497,1344,3188920,0,46,2753,5869,17160860,13979412,0
2022-03-14,1358,7145847,1616,6246519,84,582522,3001,3127906,208,56705,3231,3192151,0,46,6289,5736.43,17167149,13982492,0
2022-03-15,1353,7147200,1924,6248443,63,582585,3071,3130977,238,56943,3316,3195467,0,46,6656,5713.57,17173805,13985839,0
2022-03-16,1395,7148595,2060,6250503,94,582679,3148,3134125,296,57239,3460,3198927,0,46,7009,5892.86,17180814,13989404,0
2022-03-17,1190,7149785,1808,6252311,70,582749,2766,3136891,268,57507,3048,3201975,0,46,6116,5803.86,17186930,13992486,0
2022-03-18,1577,7151362,2223,6254534,79,582828,3780,3140671,422,57929,4208,3206183,1,47,8088,5905.29,17195018,13996371,0
2022-03-19,1102,7152464,1736,6256270,54,582882,2606,3143277,232,58161,2843,3209026,0,47,5735,6092.29,17200753,13999268,0
2022-03-20,604,7153068,629,6256899,33,582915,1470,3144747,186,58347,1660,3210686,0,47,2926,6117,17203679,14000538,0
2022-03-21,1411,7154479,1559,6258458,73,582988,3064,3147811,361,58708,3447,3214133,1,48,6491,6145.86,17210170,14003603,0
2022-03-22,1340,7155819,1553,6260011,101,583089,2907,3150718,350,59058,3267,3217400,0,48,6261,6089.43,17216431,14006607,0
2022-03-23,1256,7157075,1359,6261370,66,583155,2924,3153642,375,59433,3309,3220709,0,48,5990,5943.86,17222421,14009298,0
2022-03-24,1207,7158282,1300,6262670,90,583245,2519,3156161,276,59709,2804,3223513,0,48,5401,5841.71,17227822,14011904,0
2022-03-25,1379,7159661,1638,6264308,62,583307,3268,3159429,387,60096,3668,3227181,0,48,6747,5650.14,17234569,14014996,0
2022-03-26,921,7160582,1169,6265477,36,583343,2310,3161739,254,60350,2572,3229753,0,48,4698,5502,17239267,14017130,0
2022-03-27,574,7161156,528,6266005,29,583372,1314,3163053,203,60553,1519,3231272,0,48,2650,5462.57,17241917,14018263,0
2022-03-28,1071,7162227,1169,6267174,69,583441,2445,3165498,367,60920,2830,3234102,0,48,5139,5269.43,17247056,14020590,0
2022-03-29,1043,7163270,1107,6268281,84,583525,2516,3168014,886,61806,3423,3237525,1,49,5657,5183.14,17252713,14022844,0
2022-03-30,1235,7164505,1140,6269421,99,583624,3064,3171078,3411,65217,6565,3244090,0,49,9039,5618.71,17261752,14025408,0
2022-03-31,1275,7165780,1251,6270672,58,583682,3162,3174240,5532,70749,8834,3252924,0,49,11419,6478.43,17273171,14028133,0
2022-04-01,1421,7167201,1488,6272160,77,583759,3244,3177484,6925,77674,10325,3263249,0,49,13311,7416.14,17286482,14031275,0
2022-04-02,904,7168105,909,6273069,33,583792,2085,3179569,4541,82215,6725,3269974,0,49,8571,7969.43,17295053,14033220,0
2022-04-03,553,7168658,491,6273560,28,583820,1220,3180789,3059,85274,4344,3274318,0,49,5416,8364.57,17300469,14034357,0
2022-04-04,1343,7170001,1299,6274859,62,583882,2725,3183514,7722,92996,10604,3284922,0,49,13308,9531.57,17313777,14037218,0
2022-04-05,1289,7171290,1153,6276012,66,583948,2844,3186358,7499,100495,10520,3295442,0,49,13028,10584.57,17326805,14039903,0
2022-04-06,1327,7172617,1174,6277186,61,584009,2628,3188986,6958,107453,9751,3305193,0,49,12313,11052.29,17339118,14042630,0
2022-04-07,1198,7173815,1061,6278247,57,584066,2377,3191363,6630,114083,9156,3314349,1,50,11473,11060,17350591,14045095,0
2022-04-08,1471,7175286,1411,6279658,61,584127,3169,3194532,8789,122872,12158,3326507,0,50,15101,11315.71,17365692,14048238,0
2022-04-09,907,7176193,925,6280583,29,584156,2081,3196613,4958,127830,7126,3333633,0,50,8987,11375.14,17374679,14050186,0
2022-04-10,573,7176766,459,6281042,25,584181,1169,3197782,2901,130731,4134,3337767,0,50,5191,11343,17379870,14051307,0
2022-04-11,1305,7178071,1223,6282265,61,584242,2651,3200433,7844,138575,10650,3348417,0,50,13239,11333.14,17393109,14054051,0
2022-04-12,1211,7179282,1054,6283319,73,584315,2515,3202948,7453,146028,10141,3358558,0,50,12479,11254.71,17405588,14056562,0
2022-04-13,1227,7180509,1073,6284392,61,584376,2512,3205460,7551,153579,10216,3368774,0,50,12577,11292.43,17418165,14059076,0
2022-04-14,1259,7181768,1095,6285487,58,584434,2442,3207902,6596,160175,9168,3377942,1,51,11581,11307.86,17429746,14061618,0
2022-04-15,1333,7183101,1093,6286580,53,584487,2553,3210455,6634,166809,9321,3387263,0,51,11800,10836.29,17441546,14064231,0
2022-04-16,853,7183954,652,6287232,34,584521,1641,3212096,3691,170500,5401,3392664,0,51,6940,10543.86,17448486,14065839,0
2022-04-17,345,7184299,201,6287433,27,584548,636,3212732,1159,171659,1819,3394483,0,51,2392,10144,17450878,14066436,0
2022-04-18,1376,7185675,1113,6288546,82,584630,2581,3215313,6416,178075,9140,3403623,0,51,11711,9925.71,17462589,14069150,0
2022-04-19,1406,7187081,933,6289479,71,584701,2570,3217883,5767,183842,8439,3412062,0,51,10849,9692.86,17473438,14071662,0
2022-04-20,1296,7188377,1150,6290629,66,584767,2711,3220594,6649,190491,9504,3421566,0,51,12016,9612.71,17485454,14074318,0
2022-04-21,1224,7189601,1061,6291690,53,584820,2340,3222934,5401,195892,7859,3429425,1,52,10198,9415.14,17495652,14076774,0
2022-04-22,1231,7190832,1038,6292728,46,584866,2240,3225174,5783,201675,8140,3437565,0,52,10455,9223,17506107,14079206,0
2022-04-23,711,7191543,751,6293479,59,584925,1427,3226601,3353,205028,4847,3442412,0,52,6368,9141.29,17512475,14080794,0
2022-04-24,445,7191988,344,6293823,27,584952,812,3227413,1845,206873,2690,3445102,0,52,3506,9300.43,17515981,14081643,0
2022-04-25,1036,7193024,917,6294740,64,585016,1849,3229262,5095,211968,7058,3452160,0,52,9076,8924,17525057,14083775,0
2022-04-26,946,7193970,856,6295596,76,585092,1748,3231010,4695,216663,6538,3458698,0,52,8416,8576.43,17533473,14085748,0
2022-04-27,1034,7195004,1020,6296616,80,585172,1924,3232934,5219,221882,7264,3465962,0,52,9398,8202.43,17542871,14088003,0
2022-04-28,1079,7196083,986,6297602,50,585222,2005,3234939,4749,226631,6868,3472830,1,53,8985,8029.14,17551856,14090233,0
2022-04-29,1172,7197255,1102,6298704,60,585282,2157,3237096,5434,232065,7711,3480541,0,53,10045,7970.57,17561901,14092687,0
2022-04-30,723,7197978,742,6299446,50,585332,1392,3238488,2965,235030,4407,3484948,0,53,5922,7906.86,17567823,14094252,0
2022-05-01,445,7198423,366,6299812,20,585352,766,3239254,1655,236685,2454,3487402,0,53,3285,7875.29,17571108,14095116,0
2022-05-02,1043,7199466,790,6300602,52,585404,1675,3240929,3819,240504,5565,3492967,2,55,7451,7643.14,17578559,14097071,0
2022-05-03,1116,7200582,864,6301466,61,585465,1994,3242923,4872,245376,6964,3499931,0,55,9005,7727.29,17587564,14099210,0
2022-05-04,1003,7201585,881,6302347,48,585513,1924,3244847,4677,250053,6697,3506628,0,55,8629,7617.43,17596193,14101238,0
2022-05-05,1070,7202655,952,6303299,86,585599,1928,3246775,4887,254940,6917,3513545,0,55,9025,7623.14,17605218,14103448,0
2022-05-06,1095,7203750,956,6304255,51,585650,1858,3248633,4402,259342,6338,3519883,2,57,8440,7393.86,17613658,14105626,0
2022-05-07,659,7204409,590,6304845,32,585682,1205,3249838,2434,261776,3680,3523563,1,58,4961,7256.57,17618619,14106947,0
2022-05-08,410,7204819,243,6305088,17,585699,664,3250502,1390,263166,2076,3525639,0,58,2746,7179.57,17621365,14107639,0
2022-05-09,1076,7205895,945,6306033,60,585759,1890,3252392,4439,267605,6423,3532062,0,58,8504,7330,17629869,14109814,0
2022-05-10,1093,7206988,928,6306961,54,585813,1978,3254370,4722,272327,6809,3538871,0,58,8884,7312.71,17638753,14111998,0
2022-05-11,1083,7208071,969,6307930,44,585857,1941,3256311,4842,277169,6888,3545759,0,58,8984,7363.43,17647737,14114199,0
2022-05-12,1099,7209170,950,6308880,60,585917,2000,3258311,4668,281837,6770,3552529,0,58,8879,7342.57,17656616,14116410,0
2022-05-13,1153,7210323,1038,6309918,44,585961,2074,3260385,4810,286647,6977,3559506,0,58,9212,7452.86,17665828,14118738,0
2022-05-14,826,7211149,671,6310589,31,585992,1467,3261852,2964,289611,4474,3563980,0,58,6002,7601.57,17671830,14120309,0
2022-05-15,508,7211657,354,6310943,22,586014,924,3262776,1651,291262,2601,3566581,0,58,3485,7707.14,17675315,14121219,0
2022-05-16,1222,7212879,855,6311798,62,586076,1830,3264606,3870,295132,5766,3572347,1,59,7906,7621.71,17683221,14123424,0
2022-05-17,1282,7214161,931,6312729,79,586155,2046,3266652,4900,300032,7039,3579386,1,60,9332,7685.71,17692553,14125809,0
2022-05-18,1233,7215394,898,6313627,82,586237,2064,3268716,4945,304977,7124,3586510,1,61,9338,7736.29,17701891,14128137,0
2022-05-19,1157,7216551,880,6314507,36,586273,2118,3270834,4731,309708,6937,3593447,0,61,9010,7755,17710901,14130298,0
2022-05-20,1195,7217746,959,6315466,73,586346,2370,3273204,5214,314922,7695,3601142,1,62,9925,7856.86,17720826,14132638,0
2022-05-21,831,7218577,647,6316113,24,586370,1726,3274930,3311,318233,5099,3606241,0,62,6601,7942.43,17727427,14134202,0
2022-05-22,506,7219083,292,6316405,22,586392,1136,3276066,1839,320072,3010,3609251,0,62,3830,7991.71,17731257,14135057,0
2022-05-23,1216,7220299,884,6317289,52,586444,2189,3278255,4712,324784,7004,3616255,1,63,9157,8170.43,17740414,14137312,0
2022-05-24,1403,7221702,934,6318223,66,586510,2306,3280561,4490,329274,6904,3623159,0,63,9308,8167,17749722,14139824,0
2022-05-25,1410,7223112,956,6319179,57,586567,2264,3282825,4276,333550,6642,3629801,0,63,9066,8128.14,17758788,14142350,0
2022-05-26,1166,7224278,889,6320068,60,586627,2274,3285099,4154,337704,6497,3636298,1,64,8614,8071.57,17767402,14144535,0
2022-05-27,1242,7225520,955,6321023,38,586665,2495,3287594,3926,341630,6500,3642798,0,64,8736,7901.71,17776138,14146850,0
2022-05-28,710,7226230,517,6321540,19,586684,1783,3289377,2068,343698,3892,3646690,0,64,5138,7692.71,17781276,14148137,0
2022-05-29,468,7226698,216,6321756,11,586695,760,3290137,1127,344825,1907,3648597,0,64,2602,7517.29,17783878,14148852,0
2022-05-30,91,7226789,62,6321818,6,586701,138,3290275,144,344969,284,3648881,2,66,445,6272.71,17784323,14149013,0
2022-05-31,1135,7227924,918,6322736,51,586752,1900,3292175,3053,348022,5014,3653895,0,66,7118,5959.86,17791441,14151178,0
2022-06-01,1151,7229075,850,6323586,63,586815,1969,3294144,3435,351457,5479,3659374,0,66,7543,5742.29,17798984,14153317,0
2022-06-02,1026,7230101,798,6324384,72,586887,1827,3295971,3178,354635,5067,3664441,0,66,6963,5506.43,17805947,14155275,0
2022-06-03,1154,7231255,894,6325278,47,586934,2073,3298044,3493,358128,5636,3670077,0,66,7731,5362.86,17813678,14157440,0
2022-06-04,721,7231976,584,6325862,26,586960,1559,3299603,1907,360035,3502,3673579,0,66,4835,5319.57,17818513,14158809,0
2022-06-05,447,7232423,297,6326159,1,586961,881,3300484,981,361016,1871,3675450,0,66,2616,5321.57,17821129,14159563,0
2022-06-06,1121,7233544,828,6326987,65,587026,1757,3302241,2747,363763,4555,3680005,0,66,6569,6196.43,17827698,14161628,0
2022-06-07,1017,7234561,773,6327760,70,587096,1795,3304036,2569,366332,4412,3684417,0,66,6273,6075.71,17833971,14163537,0
2022-06-08,1090,7235651,836,6328596,75,587171,1877,3305913,2751,369083,4692,3689109,1,67,6693,5954.29,17840664,14165601,0
2022-06-09,1137,7236788,839,6329435,62,587233,2230,3308143,2691,371774,4974,3694083,0,67,7012,5961.29,17847676,14167692,0
2022-06-10,1045,7237833,817,6330252,76,587309,1880,3310023,2834,374608,4771,3698854,0,67,6709,5815.29,17854385,14169687,0
2022-06-11,678,7238511,507,6330759,25,587334,1333,3311356,1504,376112,2865,3701719,0,67,4075,5706.71,17858460,14170925,0
2022-06-12,349,7238860,287,6331046,21,587355,876,3312232,776,376888,1661,3703380,0,67,2318,5664.14,17860778,14171591,0
2022-06-13,1027,7239887,768,6331814,62,587417,1582,3313814,2190,379078,3812,3707192,0,67,5670,5535.71,17866448,14173489,0
2022-06-14,973,7240860,832,6332646,65,587482,1693,3315507,2504,381582,4260,3711452,0,67,6130,5515.29,17872578,14175422,0
2022-06-15,969,7241829,865,6333511,39,587521,1666,3317173,2427,384009,4154,3715606,0,67,6027,5420.14,17878605,14177356,0
2022-06-16,960,7242789,777,6334288,59,587580,1834,3319007,2366,386375,4257,3719863,1,68,6053,5283.14,17884658,14179208,0
2022-06-17,898,7243687,797,6335085,48,587628,1772,3320779,2405,388780,4223,3724086,1,69,5968,5177.29,17890626,14180998,0
2022-06-18,658,7244345,523,6335608,26,587654,1284,3322063,1297,390077,2610,3726696,2,71,3817,5140.43,17894443,14182232,0
2022-06-19,345,7244690,232,6335840,16,587670,728,3322791,610,390687,1350,3728046,0,71,1943,5086.86,17896386,14182837,0
2022-06-20,828,7245518,489,6336329,41,587711,1581,3324372,1609,392296,3230,3731276,0,71,4588,4932.29,17900974,14184235,0
2022-06-21,1129,7246647,739,6337068,49,587760,1703,3326075,2143,394439,3903,3735179,0,71,5822,4888.29,17906796,14186211,0
2022-06-22,1957,7248604,836,6337904,47,587807,1709,3327784,1997,396436,3749,3738928,0,71,6589,4968.57,17913385,14189094,0
2022-06-23,2118,7250722,763,6338667,66,587873,1703,3329487,2159,398595,3913,3742841,0,71,6860,5083.86,17920245,14192092,0
2022-06-24,2167,7252889,760,6339427,48,587921,1626,3331113,2159,400754,3835,3746676,0,71,6810,5204.14,17927055,14195117,0
2022-06-25,2136,7255025,498,6339925,15,587936,1238,3332351,1142,401896,2396,3749072,0,71,5048,5380,17932103,14197785,0
2022-06-26,1208,7256233,248,6340173,14,587950,687,3333038,531,402427,1224,3750296,0,71,2694,5487.29,17934797,14199261,0
2022-06-27,1531,7257764,655,6340828,60,588010,1472,3334510,1654,404081,3168,3753464,0,71,5415,5605.43,17940212,14201550,0
2022-06-28,1686,7259450,830,6341658,57,588067,1867,3336377,2144,406225,4057,3757521,0,71,6630,5720.86,17946842,14204169,0
2022-06-29,1856,7261306,777,6342435,48,588115,1718,3338095,1927,408152,3685,3761206,0,71,6366,5689,17953208,14206890,0
2022-06-30,1866,7263172,807,6343242,46,588161,1735,3339830,2134,410286,3913,3765119,0,71,6632,5656.43,17959840,14209653,0
2022-07-01,1606,7264778,597,6343839,26,588187,1399,3341229,1729,412015,3161,3768280,0,71,5390,5453.57,17965230,14211915,0
2022-07-02,978,7265756,390,6344229,19,588206,841,3342070,940,412955,1799,3770079,1,72,3186,5187.57,17968416,14213319,0
2022-07-03,529,7266285,205,6344434,7,588213,461,3342531,486,413441,950,3771029,0,72,1691,5044.29,17970107,14214063,0
2022-07-04,36,7266321,25,6344459,1,588214,31,3342562,38,413479,69,3771098,0,72,131,4289.43,17970238,14214125,0
2022-07-05,1296,7267617,757,6345216,35,588249,1404,3343966,1741,415220,3176,3774274,0,72,5264,4094.29,17975502,14216244,0
2022-07-06,1612,7269229,677,6345893,44,588293,1443,3345409,1844,417064,3329,3777603,0,72,5662,3993.71,17981164,14218619,0
2022-07-07,1590,7270819,713,6346606,48,588341,1527,3346936,2000,419064,3567,3781170,0,72,5918,3891.71,17987082,14221010,0
2022-07-08,1633,7272452,651,6347257,37,588378,1475,3348411,1980,421044,3504,3784674,0,72,5826,3954,17992908,14223381,0
2022-07-09,985,7273437,435,6347692,26,588404,884,3349295,1347,422391,2262,3786936,0,72,3708,4028.57,17996616,14224858,0
2022-07-10,637,7274074,187,6347879,17,588421,429,3349724,660,423051,1099,3788035,0,72,1940,4064.14,17998556,14225709,0
2022-07-11,1395,7275469,634,6348513,49,588470,1446,3351170,2212,425263,3693,3791728,0,72,5771,4869.86,18004327,14227822,0
2022-07-12,1407,7276876,687,6349200,45,588515,1404,3352574,2514,427777,3993,3795721,0,72,6132,4993.86,18010459,14230036,0
2022-07-13,1614,7278490,726,6349926,37,588552,1525,3354099,2841,430618,4431,3800152,0,72,6808,5157.57,18017267,14232478,0
2022-07-14,1587,7280077,842,6350768,47,588599,1605,3355704,3064,433682,4747,3804899,0,72,7224,5344.14,18024491,14235033,0
2022-07-15,1615,7281692,937,6351705,47,588646,1578,3357282,3059,436741,4697,3809596,0,72,7296,5554.14,18031787,14237692,0
2022-07-16,881,7282573,587,6352292,9,588655,985,3358267,1701,438442,2716,3812312,1,73,4194,5623.57,18035981,14239199,0
2022-07-17,550,7283123,289,6352581,16,588671,527,3358794,1166,439608,1719,3814031,0,73,2574,5714.14,18038555,14240080,0
2022-07-18,1403,7284526,844,6353425,45,588716,1430,3360224,2464,442072,3952,3817983,0,73,6244,5781.71,18044799,14242430,0
2022-07-19,1440,7285966,976,6354401,51,588767,1543,3361767,2803,444875,4439,3822422,0,73,6906,5892.29,18051705,14244990,0
2022-07-20,1380,7287346,1484,6355885,50,588817,1354,3363121,2396,447271,3812,3826234,0,73,6727,5880.71,18058432,14247967,0
2022-07-21,1333,7288679,1435,6357320,50,588867,1397,3364518,2363,449634,3810,3830044,0,73,6628,5795.57,18065060,14250835,0
2022-07-22,1428,7290107,1569,6358889,42,588909,1563,3366081,2857,452491,4503,3834547,0,73,7542,5830.71,18072602,14253957,0
2022-07-23,907,7291014,1103,6359992,17,588926,997,3367078,1555,454046,2588,3837135,3,76,4618,5891.29,18077220,14256020,0
2022-07-24,483,7291497,642,6360634,14,588940,504,3367582,805,454851,1317,3838452,0,76,2457,5874.57,18079677,14257168,0
2022-07-25,1230,7292727,765,6361399,59,588999,1263,3368845,2065,456916,3381,3841833,0,76,5435,5759,18085112,14259275,0
2022-07-26,1234,7293961,1023,6362422,41,589040,1478,3370323,2444,459360,3981,3845814,0,76,6279,5669.43,18091391,14261632,0
2022-07-27,1318,7295279,1278,6363700,42,589082,1394,3371717,2192,461552,3647,3849461,3,79,6289,5606.86,18097680,14264332,0
2022-07-28,1312,7296591,1422,6365122,72,589154,1423,3373140,2219,463771,3692,3853153,1,80,6499,5588.43,18104179,14267188,0
2022-07-29,1318,7297909,1432,6366554,64,589218,1359,3374499,2161,465932,3563,3856716,0,80,6377,5422,18110556,14270045,0
2022-07-30,738,7298647,720,6367274,25,589243,795,3375294,961,466893,1778,3858494,0,80,3264,5228.57,18113820,14271553,0
2022-07-31,421,7299068,590,6367864,14,589257,488,3375782,571,467464,1065,3859559,0,80,2090,5176.14,18115910,14272584,0
2022-08-01,1245,7300313,914,6368778,55,589312,1334,3377116,1509,468973,2890,3862449,1,81,5105,5129,18121015,14274845,0
2022-08-02,1230,7301543,1014,6369792,73,589385,1350,3378466,1601,470574,2997,3865446,0,81,5314,4991.14,18126329,14277208,0
2022-08-03,1263,7302806,1190,6370982,41,589426,1344,3379810,1531,472105,2916,3868362,1,82,5411,4865.71,18131740,14279743,0
2022-08-04,1190,7303996,1188,6372170,58,589484,1288,3381098,1458,473563,2778,3871140,0,82,5214,4682.14,18136954,14282211,0
2022-08-05,1315,7305311,1452,6373622,49,589533,1316,3382414,1441,475004,2781,3873921,0,82,5597,4570.71,18142551,14285051,0
2022-08-06,696,7306007,844,6374466,14,589547,766,3383180,777,475781,1568,3875489,0,82,3123,4550.57,18145674,14286631,0
2022-08-07,390,7306397,454,6374920,14,589561,427,3383607,358,476139,796,3876285,0,82,1654,4488.29,18147328,14287500,0
2022-08-08,1192,7307589,934,6375854,70,589631,1278,3384885,1186,477325,2494,3878779,0,82,4690,4429,18152018,14289726,0
2022-08-09,1134,7308723,890,6376744,38,589669,1232,3386117,1163,478488,2427,3881206,1,83,4490,4311.29,18156508,14291820,0
2022-08-10,1222,7309945,1115,6377859,59,589728,1260,3387377,1248,479736,2543,3883749,0,83,4939,4243.86,18161447,14294251,0
2022-08-11,1279,7311224,1071,6378930,84,589812,1212,3388589,1279,481015,2530,3886279,0,83,4964,4208.14,18166411,14296724,0
2022-08-12,1293,7312517,1411,6380341,55,589867,1269,3389858,1249,482264,2550,3888829,0,83,5309,4167,18171720,14299515,0
2022-08-13,755,7313272,789,6381130,15,589882,762,3390620,636,482900,1415,3890244,0,83,2974,4145.71,18174694,14301091,0
2022-08-14,468,7313740,477,6381607,20,589902,406,3391026,281,483181,690,3890934,0,83,1655,4145.86,18176349,14302059,0
2022-08-15,1247,7314987,1067,6382674,60,589962,1317,3392343,990,484171,2349,3893283,1,84,4724,4150.71,18181073,14304475,0
2022-08-16,1305,7316292,869,6383543,50,590012,1370,3393713,1079,485250,2481,3895764,0,84,4706,4181.57,18185779,14306732,0
2022-08-17,1211,7317503,960,6384503,39,590051,1237,3394950,1005,486255,2281,3898045,1,85,4492,4117.71,18190271,14308981,0
2022-08-18,1168,7318671,944,6385447,45,590096,1268,3396218,948,487203,2243,3900288,0,85,4400,4037.14,18194671,14311165,0
2022-08-19,1254,7319925,1135,6386582,34,590130,1121,3397339,978,488181,2129,3902417,6,91,4558,3929.86,18199229,14313618,0
2022-08-20,591,7320516,493,6387075,16,590146,635,3397974,516,488697,1164,3903581,1,92,2265,3828.57,18201494,14314731,0
2022-08-21,358,7320874,243,6387318,9,590155,382,3398356,267,488964,652,3904233,0,92,1262,3772.43,18202756,14315344,0
2022-08-22,1221,7322095,923,6388241,40,590195,1238,3399594,888,489852,2153,3906386,0,92,4337,3717.14,18207093,14317555,0
2022-08-23,1238,7323333,1050,6389291,48,590243,1383,3400977,962,490814,2374,3908760,3,95,4713,3718.14,18211806,14319920,0
2022-08-24,1265,7324598,1015,6390306,29,590272,1295,3402272,822,491636,2143,3910903,0,95,4453,3712.57,18216259,14322256,0
2022-08-25,1221,7325819,995,6391301,66,590338,1193,3403465,813,492449,2022,3912925,4,99,4307,3699.29,18220566,14324553,0
2022-08-26,1187,7327006,1179,6392480,56,590394,1194,3404659,780,493229,1995,3914920,1,100,4417,3679.14,18224983,14326995,0
2022-08-27,694,7327700,543,6393023,14,590408,685,3405344,403,493632,1102,3916022,4,104,2357,3692.29,18227340,14328260,0
2022-08-28,378,7328078,240,6393263,10,590418,442,3405786,228,493860,673,3916695,0,104,1301,3697.86,18228641,14328891,0
2022-08-29,1253,7329331,982,6394245,41,590459,1230,3407016,689,494549,1940,3918635,0,104,4217,3680.71,18232858,14331189,0
2022-08-30,1267,7330598,942,6395187,36,590495,1273,3408289,765,495314,2068,3920703,2,106,4315,3623.86,18237173,14333464,0
2022-08-31,1154,7331752,1014,6396201,43,590538,1105,3409394,573,495887,1699,3922402,0,106,3911,3546.43,18241084,14335697,0
2022-09-01,1026,7332778,963,6397164,51,590589,810,3410204,456,496343,1280,3923682,5,111,3326,3406.29,18244410,14337752,0
2022-09-02,977,7333755,1021,6398185,32,590621,595,3410799,176,496519,778,3924460,92,203,2885,3187.43,18247295,14339774,0
2022-09-03,533,7334288,450,6398635,12,590633,370,3411169,50,496569,424,3924884,314,517,1684,3091.29,18248979,14340724,0
2022-09-04,252,7334540,212,6398847,10,590643,189,3411358,25,496594,216,3925100,312,829,959,3042.43,18249938,14341157,0
2022-09-05,78,7334618,71,6398918,7,590650,44,3411402,16,496610,61,3925161,9,838,226,2472.29,18250164,14341314,0
2022-09-06,1128,7335746,1228,6400146,51,590701,638,3412040,130,496740,777,3925938,1269,2107,4234,2460.71,18254398,14343511,0
2022-09-07,1474,7337220,1380,6401526,38,590739,485,3412525,156,496896,661,3926599,6445,8552,9120,3204.86,18263518,14345545,0
2022-09-08,1526,7338746,1196,6402722,36,590775,253,3412778,111,497007,380,3926979,7825,16377,9844,4136,18273362,14347200,0
2022-09-09,1549,7340295,1610,6404332,49,590824,285,3413063,122,497129,438,3927417,9889,26266,12372,5491.29,18285734,14349276,0
2022-09-10,844,7341139,838,6405170,12,590836,270,3413333,45,497174,328,3927745,5318,31584,6759,6216.29,18292493,14350402,0
2022-09-11,495,7341634,440,6405610,11,590847,86,3413419,30,497204,125,3927870,3941,35525,4529,6726.29,18297022,14350874,0
2022-09-12,1669,7343303,1438,6407048,39,590886,206,3413625,92,497296,332,3928202,11659,47184,13541,8628.43,18310563,14352458,0
2022-09-13,1398,7344701,1271,6408319,33,590919,221,3413846,118,497414,388,3928590,9733,56917,11738,9700.43,18322301,14354124,0
2022-09-14,1410,7346111,1271,6409590,32,590951,226,3414072,125,497539,390,3928980,11029,67946,13078,10265.86,18335379,14355822,0
2022-09-15,1560,7347671,1280,6410870,23,590974,227,3414299,109,497648,371,3929351,12085,80031,14108,10875,18349487,14357509,0
2022-09-16,1683,7349354,1629,6412499,27,591001,270,3414569,157,497805,482,3929833,13806,93837,16268,11431.57,18365755,14359544,0
2022-09-17,800,7350154,866,6413365,12,591013,275,3414844,78,497883,376,3930209,7003,100840,8412,11667.71,18374167,14360600,0
2022-09-18,518,7350672,410,6413775,7,591020,74,3414918,26,497909,113,3930322,4484,105324,4976,11731.57,18379143,14360992,0
2022-09-19,1549,7352221,1325,6415100,29,591049,227,3415145,98,498007,351,3930673,13811,119135,15515,12013.57,18394658,14362371,0
2022-09-20,1439,7353660,1251,6416351,27,591076,223,3415368,91,498098,361,3931034,13210,132345,15014,12481.57,18409672,14363861,0
2022-09-21,1665,7355325,1352,6417703,31,591107,261,3415629,131,498229,426,3931460,14939,147284,16848,13020.14,18426520,14365378,0
2022-09-22,1470,7356795,1259,6418962,28,591135,174,3415803,139,498368,358,3931818,13231,160515,15051,13154.86,18441571,14366885,0
2022-09-23,1734,7358529,1648,6420610,24,591159,252,3416055,145,498513,460,3932278,16946,177461,19249,13580.71,18460820,14368791,0
2022-09-24,799,7359328,887,6421497,8,591167,272,3416327,68,498581,359,3932637,7505,184966,8853,13643.71,18469673,14369799,0
2022-09-25,484,7359812,391,6421888,1,591168,72,3416399,47,498628,128,3932765,4507,189473,4994,13646.29,18474667,14370167,0
2022-09-26,1568,7361380,1244,6423132,16,591184,290,3416689,144,498772,492,3933257,15012,204485,16711,13817.14,18491378,14371432,0
2022-09-27,1531,7362911,1307,6424439,26,591210,283,3416972,173,498945,492,3933749,14157,218642,16150,13979.43,18507528,14372969,0
2022-09-28,1618,7364529,1295,6425734,18,591228,190,3417162,186,499131,431,3934180,15510,234152,17287,14042.14,18524815,14374370,0
2022-09-29,1677,7366206,1299,6427033,19,591247,179,3417341,96,499227,312,3934492,15375,249527,17223,14352.43,18542038,14375943,0
2022-09-30,1637,7367843,1551,6428584,13,591260,183,3417524,177,499404,406,3934898,16485,266012,18654,14267.43,18560692,14377752,0
2022-10-01,719,7368562,669,6429253,5,591265,138,3417662,34,499438,181,3935079,7053,273065,7942,14137.29,18568634,14378469,0
2022-10-02,511,7369073,426,6429679,5,591270,48,3417710,45,499483,107,3935186,4428,277493,4837,14114.86,18573471,14378785,0
2022-10-03,1550,7370623,1188,6430867,23,591293,156,3417866,113,499596,316,3935502,14571,292064,15975,14009.71,18589446,14379920,0
2022-10-04,1378,7372001,1157,6432024,15,591308,150,3418016,121,499717,299,3935801,13404,305468,14799,13816.71,18604245,14381044,0
2022-10-05,1589,7373590,1284,6433308,17,591325,283,3418299,164,499881,500,3936301,14864,320332,16689,13731.29,18620934,14382422,0
2022-10-06,1486,7375076,1249,6434557,19,591344,166,3418465,160,500041,385,3936686,14956,335288,16619,13645,18637553,14383759,0
2022-10-07,1662,7376738,1426,6435983,15,591359,171,3418636,135,500176,367,3937053,17108,352396,19069,13704.29,18656622,14385414,0
2022-10-08,761,7377499,681,6436664,4,591363,146,3418782,62,500238,225,3937278,7714,360110,8642,13804.29,18665264,14386134,0
2022-10-09,485,7377984,409,6437073,5,591368,47,3418829,55,500293,120,3937398,4693,364803,5118,13844.43,18670382,14386457,0
2022-10-10,1543,7379527,1250,6438323,14,591382,174,3419003,120,500413,333,3937731,15206,380009,16509,13920.71,18686891,14387466,0
2022-10-11,1637,7381164,1100,6439423,19,591401,178,3419181,154,500567,388,3938119,14321,394330,15855,14071.57,18702746,14388668,0
2022-10-12,1863,7383027,1320,6440743,17,591418,134,3419315,186,500753,387,3938506,16281,410611,17886,14242.57,18720632,14389953,0
2022-10-13,1614,7384641,1150,6441893,28,591446,135,3419450,201,500954,407,3938913,14036,424647,15573,14093.14,18736205,14391154,0
2022-10-14,1812,7386453,1538,6443431,25,591471,130,3419580,181,501135,364,3939277,17207,441854,19191,14110.57,18755396,14392827,0
2022-10-15,766,7387219,638,6444069,9,591480,90,3419670,68,501203,179,3939456,7614,449468,8471,14086.14,18763867,14393526,0
2022-10-16,564,7387783,410,6444479,3,591483,25,3419695,65,501268,121,3939577,4726,454194,5169,14093.43,18769036,14393879,0
2022-10-17,1814,7389597,1250,6445729,18,591501,83,3419778,116,501384,236,3939813,16072,470266,17393,14219.71,18786429,14395001,0
2022-10-18,1683,7391280,1169,6446898,20,591521,100,3419878,135,501519,282,3940095,14638,484904,16010,14241.86,18802439,14396138,0
2022-10-19,2084,7393364,1330,6448228,21,591542,84,3419962,142,501661,289,3940384,16232,501136,17704,14215.86,18820143,14397384,0
2022-10-20,1684,7395048,1165,6449393,11,591553,88,3420050,147,501808,302,3940686,15402,516538,16850,14398.29,18836993,14398597,0
2022-10-21,1801,7396849,1346,6450739,12,591565,92,3420142,150,501958,297,3940983,16735,533273,18404,14285.86,18855397,14400024,0
2022-10-22,741,7397590,667,6451406,9,591574,44,3420186,46,502004,100,3941083,7690,540963,8419,14278.43,18863816,14400663,0
2022-10-23,519,7398109,370,6451776,3,591577,21,3420207,39,502043,69,3941152,4803,545766,5080,14265.71,18868896,14400880,0
2022-10-24,1741,7399850,1206,6452982,19,591596,70,3420277,112,502155,224,3941376,15557,561323,16843,14187.14,18885739,14401984,0
2022-10-25,1659,7401509,1187,6454169,12,591608,94,3420371,109,502264,232,3941608,15040,576363,16344,14234.86,18902083,14403085,0
2022-10-26,1854,7403363,1329,6455498,11,591619,90,3420461,168,502432,334,3941942,16816,593179,18286,14318,18920369,14404297,0
2022-10-27,1581,7404944,1074,6456572,13,591632,91,3420552,127,502559,271,3942213,15114,608293,16412,14255.43,18936781,14405377,0
2022-10-28,1697,7406641,1424,6457996,17,591649,107,3420659,152,502711,318,3942531,16762,625055,18575,14279.86,18955356,14406931,0
2022-10-29,693,7407334,543,6458539,9,591658,69,3420728,57,502768,140,3942671,7746,632801,8415,14279.29,18963771,14407474,0
2022-10-30,521,7407855,305,6458844,3,591661,19,3420747,57,502825,92,3942763,4491,637292,4779,14236.29,18968550,14407686,0
2022-10-31,1674,7409529,1105,6459949,8,591669,47,3420794,126,502951,218,3942981,14592,651884,15539,14050,18984089,14408460,0
2022-11-01,1664,7411193,1020,6460969,18,591687,78,3420872,127,503078,237,3943218,13620,665504,14936,13848.86,18999025,14409571,0
2022-11-02,1736,7412929,1120,6462089,17,591704,90,3420962,123,503201,255,3943473,14876,680380,16147,13543.29,19015172,14410629,0
2022-11-03,1421,7414350,1031,6463120,14,591718,84,3421046,167,503368,328,3943801,12622,693002,13902,13184.71,19029074,14411658,0
2022-11-04,1737,7416087,1218,6464338,14,591732,101,3421147,140,503508,275,3944076,15433,708435,17032,12964.29,19046106,14413016,0
2022-11-05,824,7416911,529,6464867,6,591738,65,3421212,82,503590,161,3944237,7044,715479,7756,12870.14,19053862,14413581,0
2022-11-06,407,7417318,331,6465198,4,591742,20,3421232,49,503639,106,3944343,4072,719551,4412,12817.71,19058274,14413852,0
2022-11-07,1638,7418956,1067,6466265,14,591756,75,3421307,101,503740,213,3944556,13220,732771,14382,12652.43,19072656,14414838,0
2022-11-08,1531,7420487,1009,6467274,8,591764,97,3421404,132,503872,270,3944826,12065,744836,13329,12422.86,19085985,14415873,0
2022-11-09,1571,7422058,1056,6468330,9,591773,86,3421490,114,503986,247,3945073,12190,757026,13455,12038.29,19099440,14416938,0
2022-11-10,1484,7423542,1010,6469340,14,591787,73,3421563,147,504133,276,3945349,12349,769375,13625,11998.71,19113065,14417994,0
2022-11-11,1499,7425041,1075,6470415,11,591798,101,3421664,102,504235,224,3945573,12874,782249,14302,11608.71,19127367,14419219,0
2022-11-12,671,7425712,513,6470928,2,591800,57,3421721,61,504296,128,3945701,6429,788678,7048,11507.57,19134415,14419720,0
2022-11-13,495,7426207,340,6471268,4,591804,15,3421736,68,504364,98,3945799,3892,792570,4209,11478.57,19138624,14419954,0
2022-11-14,1441,7427648,1023,6472291,19,591823,59,3421795,113,504477,203,3946002,11629,804199,12742,11244.29,19151366,14420895,0
2022-11-15,1488,7429136,999,6473290,15,591838,104,3421899,164,504641,294,3946296,11271,815470,12651,11147.43,19164017,14422007,0
2022-11-16,1598,7430734,1034,6474324,21,591859,66,3421965,146,504787,248,3946544,11561,827031,12807,11054.86,19176824,14423041,0
2022-11-17,1419,7432153,975,6475299,10,591869,72,3422037,189,504976,302,3946846,10537,837568,11865,10803.43,19188689,14424108,0
2022-11-18,1582,7433735,1102,6476401,12,591881,68,3422105,118,505094,216,3947062,12405,849973,13996,10759.71,19202685,14425513,0
2022-11-19,677,7434412,436,6476837,4,591885,57,3422162,63,505157,129,3947191,5911,855884,6568,10691.14,19209253,14426050,0
2022-11-20,476,7434888,305,6477142,4,591889,12,3422174,35,505192,64,3947255,3538,859422,3838,10638.14,19213091,14426303,0
2022-11-21,1516,7436404,918,6478060,4,591893,51,3422225,81,505273,149,3947404,10393,869815,11369,10442,19224460,14427147,0
2022-11-22,1269,7437673,817,6478877,7,591900,53,3422278,92,505365,163,3947567,9265,879080,10290,10104.71,19234750,14428027,0
2022-11-23,1289,7438962,734,6479611,11,591911,64,3422342,81,505446,171,3947738,8670,887750,9610,9648,19244360,14428822,0
2022-11-24,18,7438980,10,6479621,2,591913,0,3422342,6,505452,8,3947746,112,887862,137,7972.57,19244497,14428841,0
2022-11-25,679,7439659,475,6480096,14,591927,37,3422379,55,505507,110,3947856,5681,893543,6417,6889.86,19250914,14429485,0
2022-11-26,591,7440250,378,6480474,2,591929,15,3422394,43,505550,62,3947918,4895,898438,5330,6713,19256244,14429862,0
2022-11-27,396,7440646,218,6480692,1,591930,11,3422405,23,505573,49,3947967,3170,901608,3351,6643.43,19259595,14430009,0
2022-11-28,948,7441594,699,6481391,10,591940,59,3422464,64,505637,144,3948111,6948,908556,7916,6150.14,19267511,14430854,0
2022-11-29,926,7442520,708,6482099,8,591948,46,3422510,73,505710,145,3948256,6929,915485,7967,5818.29,19275478,14431773,0
2022-11-30,1213,7443733,865,6482964,16,591964,50,3422560,54,505764,123,3948379,8724,924209,9732,5835.71,19285210,14432677,0
2022-12-01,1128,7444861,766,6483730,13,591977,61,3422621,96,505860,183,3948562,8466,932675,9535,7178.29,19294745,14433589,0
2022-12-02,1315,7446176,972,6484702,14,591991,70,3422691,105,505965,195,3948757,10210,942885,11537,7909.71,19306282,14434741,0
2022-12-03,615,7446791,422,6485124,12,592003,42,3422733,42,506007,87,3948844,4949,947834,5475,7930.43,19311757,14435183,0
2022-12-04,418,7447209,283,6485407,4,592007,7,3422740,26,506033,40,3948884,3269,951103,3496,7951.14,19315253,14435377,0
2022-12-05,1161,7448370,768,6486175,15,592022,62,3422802,71,506104,149,3949033,8601,959704,9611,8193.29,19324864,14436254,0
2022-12-06,1163,7449533,764,6486939,13,592035,69,3422871,89,506193,176,3949209,8127,967831,9126,8358.86,19333990,14437095,0
2022-12-07,1207,7450740,751,6487690,12,592047,62,3422933,81,506274,163,3949372,8296,976127,9314,8299.14,19343304,14437970,0
2022-12-08,1101,7451841,740,6488430,14,592061,69,3423002,77,506351,166,3949538,8671,984798,9701,8322.86,19353005,14438854,0
2022-12-09,1231,7453072,971,6489401,13,592074,81,3423083,103,506454,210,3949748,10403,995201,11770,8356.14,19364775,14440037,0
2022-12-10,677,7453749,461,6489862,7,592081,36,3423119,74,506528,128,3949876,6146,1001347,6714,8533.14,19371489,14440495,0
2022-12-11,431,7454180,263,6490125,4,592085,11,3423130,35,506563,56,3949932,3682,1005029,3884,8588.57,19375373,14440651,0
2022-12-12,1333,7455513,804,6490929,19,592104,78,3423208,105,506668,209,3950141,9969,1014998,11016,8789.29,19386389,14441515,0
2022-12-13,1276,7456789,845,6491774,17,592121,54,3423262,101,506769,190,3950331,9696,1024694,10753,9021.71,19397142,14442417,0
2022-12-14,1192,7457981,830,6492604,12,592133,67,3423329,99,506868,193,3950524,9632,1034326,10612,9207.14,19407754,14443231,0
2022-12-15,1191,7459172,695,6493299,11,592144,61,3423390,110,506978,186,3950710,8443,1042769,9413,9166,19417167,14444030,0
2022-12-16,1202,7460374,806,6494105,12,592156,69,3423459,126,507104,217,3950927,9358,1052127,10533,8989.29,19427700,14445010,0
2022-12-17,651,7461025,464,6494569,8,592164,31,3423490,36,507140,80,3951007,5830,1057957,6304,8930.71,19434004,14445417,0
2022-12-18,440,7461465,230,6494799,2,592166,15,3423505,23,507163,48,3951055,3402,1061359,3609,8891.43,19437613,14445586,0
2022-12-19,1222,7462687,775,6495574,7,592173,57,3423562,84,507247,155,3951210,8907,1070266,9840,8723.43,19447453,14446378,0
2022-12-20,1208,7463895,763,6496337,18,592191,83,3423645,138,507385,277,3951487,8585,1078851,9718,8575.57,19457171,14447290,0
2022-12-21,1092,7464987,695,6497032,16,592207,54,3423699,95,507480,180,3951667,8283,1087134,9160,8368.14,19466331,14448018,0
2022-12-22,989,7465976,588,6497620,4,592211,44,3423743,73,507553,134,3951801,6938,1094072,7671,8119.29,19474002,14448634,0
2022-12-23,830,7466806,505,6498125,11,592222,41,3423784,58,507611,112,3951913,5915,1099987,6521,7546.14,19480523,14449141,0
2022-12-24,191,7466997,112,6498237,1,592223,2,3423786,15,507626,20,3951933,1378,1101365,1497,6859.43,19482020,14449243,0
2022-12-25,8,7467005,3,6498240,0,592223,2,3423788,0,507626,2,3951935,29,1101394,37,6349.14,19482057,14449249,0
2022-12-26,572,7467577,269,6498509,16,592239,19,3423807,22,507648,44,3951979,3305,1104699,3616,5460,19485673,14449519,0
2022-12-27,1085,7468662,604,6499113,13,592252,55,3423862,60,507708,124,3952103,7232,1111931,8031,5219,19493704,14450203,0
2022-12-28,1062,7469724,560,6499673,8,592260,58,3423920,63,507771,131,3952234,6988,1118919,7782,5022.14,19501486,14450876,0
2022-12-29,1014,7470738,585,6500258,9,592269,50,3423970,90,507861,163,3952397,6592,1125511,7424,4986.86,19508910,14451568,0
2022-12-30,950,7471688,538,6500796,9,592278,49,3424019,50,507911,109,3952506,6134,1131645,6859,5035.14,19515769,14452194,0
2022-12-31,307,7471995,167,6500963,4,592282,17,3424036,10,507921,30,3952536,1812,1133457,1990,5105.57,19517759,14452345,0
2023-01-01,19,7472014,9,6500972,0,592282,3,3424039,5,507926,8,3952544,59,1133516,86,5112.57,19517845,14452364,0
2023-01-02,654,7472668,328,6501300,10,592292,14,3424053,24,507950,44,3952588,3655,1137171,4002,5167.71,19521847,14452673,0
2023-01-03,967,7473635,592,6501892,9,592301,41,3424094,58,508008,111,3952699,5477,1142648,6265,4915.43,19528112,14453362,0
2023-01-04,1106,7474741,676,6502568,17,592318,52,3424146,63,508071,133,3952832,6179,1148827,7059,4812.14,19535171,14454127,0
2023-01-05,1008,7475749,587,6503155,23,592341,35,3424181,89,508160,143,3952975,5764,1154591,6693,4707.71,19541864,14454932,0
2023-01-06,1049,7476798,781,6503936,17,592358,50,3424231,81,508241,142,3953117,6502,1161093,7553,4806.86,19549417,14455852,0
2023-01-07,602,7477400,430,6504366,8,592366,23,3424254,34,508275,63,3953180,4454,1165547,4914,5224.57,19554331,14456255,0
2023-01-08,376,7477776,246,6504612,4,592370,12,3424266,29,508304,45,3953225,2560,1168107,2770,5608,19557101,14456424,0
2023-01-09,955,7478731,583,6505195,17,592387,52,3424318,41,508345,102,3953327,5609,1173716,6452,5958,19563553,14457174,0
2023-01-10,859,7479590,643,6505838,8,592395,49,3424367,85,508430,151,3953478,5339,1179055,6248,5955.57,19569801,14457949,0
2023-01-11,876,7480466,554,6506392,21,592416,46,3424413,68,508498,137,3953615,5166,1184221,5979,5801.29,19575780,14458648,0
2023-01-12,777,7481243,496,6506888,24,592440,54,3424467,120,508618,197,3953812,4535,1188756,5480,5628,19581260,14459419,0
2023-01-13,800,7482043,555,6507443,11,592451,69,3424536,58,508676,143,3953955,5376,1194132,6265,5444,19587525,14460181,0
2023-01-14,510,7482553,280,6507723,10,592461,27,3424563,31,508707,60,3954015,3228,1197360,3633,5261,19591158,14460528,0
2023-01-15,286,7482839,151,6507874,6,592467,16,3424579,23,508730,54,3954069,1793,1199153,1998,5150.71,19593156,14460694,0
2023-01-16,500,7483339,308,6508182,11,592478,31,3424610,27,508757,63,3954132,2776,1201929,3212,4687.86,19596368,14461072,0
2023-01-17,802,7484141,476,6508658,19,592497,49,3424659,73,508830,135,3954267,3831,1205760,4697,4466.29,19601065,14461816,0
2023-01-18,798,7484939,479,6509137,16,592513,48,3424707,61,508891,116,3954383,3732,1209492,4539,4260.57,19605604,14462514,0
2023-01-19,657,7485596,430,6509567,6,592519,50,3424757,34,508925,103,3954486,3165,1212657,3911,4036.43,19609515,14463176,0
2023-01-20,708,7486304,488,6510055,23,592542,40,3424797,39,508964,86,3954572,3745,1216402,4530,3788.57,19614045,14463882,0
2023-01-21,370,7486674,195,6510250,12,592554,20,3424817,12,508976,33,3954605,1894,1218296,2204,3584.43,19616249,14464160,0
2023-01-22,226,7486900,63,6510313,5,592559,0,3424817,2,508978,3,3954608,863,1219159,969,3437.43,19617218,14464264,0
2023-01-23,641,7487541,332,6510645,12,592571,14,3424831,45,509023,66,3954674,2707,1221866,3371,3460.14,19620589,14464869,0
2023-01-24,576,7488117,393,6511038,17,592588,37,3424868,33,509056,83,3954757,3057,1224923,3708,3318.86,19624297,14465450,0
2023-01-25,602,7488719,365,6511403,21,592609,33,3424901,41,509097,86,3954843,2708,1227631,3386,3154.14,19627683,14466054,0
2023-01-26,558,7489277,351,6511754,18,592627,35,3424936,51,509148,102,3954945,2695,1230326,3356,3074.86,19631039,14466629,0
2023-01-27,564,7489841,437,6512191,11,592638,35,3424971,49,509197,91,3955036,2819,1233145,3556,2935.71,19634595,14467282,0
2023-01-28,359,7490200,187,6512378,5,592643,24,3424995,39,509236,70,3955106,1588,1234733,1926,2896,19636521,14467557,0
2023-01-29,237,7490437,118,6512496,3,592646,12,3425007,10,509246,26,3955132,991,1235724,1144,2921,19637665,14467688,0
2023-01-30,601,7491038,400,6512896,18,592664,40,3425047,37,509283,80,3955212,2506,1238230,3230,2900.86,19640895,14468335,0
2023-01-31,512,7491550,356,6513252,12,592676,30,3425077,49,509332,91,3955303,2438,1240668,3068,2809.43,19643963,14468886,0
2023-02-01,487,7492037,337,6513589,16,592692,40,3425117,44,509376,92,3955395,2323,1242991,2969,2749.86,19646932,14469448,0
2023-02-02,461,7492498,350,6513939,13,592705,34,3425151,35,509411,77,3955472,2156,1245147,2777,2667.14,19649709,14470000,0
2023-02-03,545,7493043,393,6514332,14,592719,27,3425178,35,509446,69,3955541,2363,1247510,3068,2597.43,19652777,14470643,0
2023-02-04,243,7493286,158,6514490,11,592730,14,3425192,16,509462,31,3955572,1141,1248651,1403,2522.71,19654180,14470875,0
2023-02-05,201,7493487,96,6514586,0,592730,2,3425194,15,509477,19,3955591,855,1249506,973,2498.29,19655153,14470976,0
2023-02-06,597,7494084,314,6514900,9,592739,28,3425222,27,509504,64,3955655,2253,1251759,2830,2441.14,19657983,14471498,0
2023-02-07,476,7494560,364,6515264,5,592744,28,3425250,35,509539,71,3955726,2334,1254093,2934,2422,19660917,14472035,0
2023-02-08,453,7495013,320,6515584,4,592748,27,3425277,37,509576,70,3955796,2315,1256408,2878,2409,19663795,14472534,0
2023-02-09,478,7495491,348,6515932,3,592751,38,3425315,46,509622,98,3955894,2054,1258462,2709,2399.29,19666504,14473105,0
2023-02-10,496,7495987,390,6516322,2,592753,30,3425345,34,509656,88,3955982,2276,1260738,2966,2384.71,19669470,14473731,0
2023-02-11,294,7496281,197,6516519,7,592760,22,3425367,25,509681,48,3956030,1345,1262083,1663,2421.86,19671133,14474002,0
2023-02-12,184,7496465,81,6516600,0,592760,6,3425373,0,509681,10,3956040,707,1262790,820,2400,19671953,14474109,0
2023-02-13,443,7496908,293,6516893,4,592764,21,3425394,26,509707,51,3956091,1758,1264548,2320,2327.14,19674273,14474624,0
2023-02-14,398,7497306,272,6517165,6,592770,29,3425423,22,509729,56,3956147,1691,1266239,2220,2225.14,19676493,14475102,0
2023-02-15,405,7497711,289,6517454,10,592780,24,3425447,28,509757,64,3956211,1745,1267984,2262,2137.14,19678755,14475567,0
2023-02-16,360,7498071,244,6517698,5,592785,27,3425474,19,509776,51,3956262,1630,1269614,2106,2051,19680861,14475997,0
2023-02-17,397,7498468,312,6518010,5,592790,24,3425498,32,509808,63,3956325,1696,1271310,2266,1951,19683127,14476511,0
2023-02-18,199,7498667,117,6518127,5,592795,13,3425511,4,509812,18,3956343,1005,1272315,1191,1883.57,19684318,14476680,0
2023-02-19,120,7498787,55,6518182,2,592797,6,3425517,6,509818,14,3956357,541,1272856,612,1853.86,19684930,14476739,0
2023-02-20,314,7499101,160,6518342,3,592800,10,3425527,17,509835,28,3956385,1159,1274015,1424,1725.86,19686354,14476977,0
2023-02-21,378,7499479,285,6518627,5,592805,25,3425552,34,509869,64,3956449,1534,1275549,2071,1704.57,19688425,14477455,0
2023-02-22,399,7499878,276,6518903,8,592813,39,3425591,26,509895,69,3956518,1639,1277188,2171,1691.57,19690596,14477922,0
2023-02-23,388,7500266,251,6519154,10,592823,26,3425617,31,509926,71,3956589,1479,1278667,2023,1679.71,19692619,14478409,0
2023-02-24,365,7500631,325,6519479,4,592827,30,3425647,26,509952,63,3956652,1737,1280404,2297,1684.14,19694916,14478913,0
2023-02-25,163,7500794,123,6519602,2,592829,9,3425656,13,509965,24,3956676,778,1281182,973,1653,19695889,14479086,0
2023-02-26,92,7500886,48,6519650,0,592829,8,3425664,5,509970,17,3956693,468,1281650,535,1642,19696424,14479140,0
2023-02-27,377,7501263,300,6519950,4,592833,31,3425695,20,509990,54,3956747,1492,1283142,2012,1726,19698436,14479609,0
2023-02-28,356,7501619,238,6520188,8,592841,30,3425725,27,510017,62,3956809,1333,1284475,1815,1689.43,19700251,14480034,0
2023-03-01,387,7502006,291,6520479,7,592848,25,3425750,20,510037,51,3956860,1444,1285919,1982,1662.43,19702233,14480527,0
2023-03-02,373,7502379,293,6520772,9,592857,20,3425770,23,510060,50,3956910,1331,1287250,1872,1640.86,19704105,14481025,0
2023-03-03,404,7502783,316,6521088,10,592867,26,3425796,25,510085,58,3956968,1598,1288848,2192,1625.86,19706297,14481568,0
2023-03-04,199,7502982,122,6521210,4,592871,10,3425806,16,510101,28,3956996,795,1289643,1028,1633.71,19707325,14481775,0
2023-03-05,125,7503107,60,6521270,2,592873,4,3425810,6,510107,14,3957010,464,1290107,558,1637,19707883,14481859,0
2023-03-06,404,7503511,264,6521534,12,592885,22,3425832,16,510123,41,3957051,1385,1291492,1890,1619.57,19709773,14482326,0
2023-03-07,362,7503873,244,6521778,5,592890,22,3425854,30,510153,61,3957112,1306,1292798,1771,1613.29,19711544,14482739,0
2023-03-08,370,7504243,245,6522023,3,592893,34,3425888,30,510183,68,3957180,1340,1294138,1836,1592.43,19713380,14483171,0
2023-03-09,360,7504603,242,6522265,4,592897,16,3425904,24,510207,46,3957226,1262,1295400,1747,1574.57,19715127,14483616,0
2023-03-10,301,7504904,282,6522547,3,592900,9,3425913,20,510227,37,3957263,1395,1296795,1849,1525.57,19716976,14484041,0
2023-03-11,188,7505092,88,6522635,3,592903,18,3425931,4,510231,23,3957286,687,1297482,872,1503.29,19717848,14484204,0
2023-03-12,109,7505201,47,6522682,1,592904,4,3425935,7,510238,17,3957303,435,1297917,517,1497.43,19718365,14484275,0
2023-03-13,332,7505533,201,6522883,7,592911,11,3425946,13,510251,25,3957328,1127,1299044,1521,1444.71,19719886,14484645,0
2023-03-14,285,7505818,182,6523065,5,592916,15,3425961,11,510262,32,3957360,1062,1300106,1414,1393.71,19721300,14484971,0
2023-03-15,329,7506147,269,6523334,3,592919,9,3425970,13,510275,23,3957383,1228,1301334,1677,1371,19722977,14485398,0
2023-03-16,301,7506448,240,6523574,9,592928,14,3425984,15,510290,35,3957418,1160,1302494,1582,1347.43,19724559,14485791,0
2023-03-17,327,7506775,265,6523839,5,592933,20,3426004,8,510298,29,3957447,1267,1303761,1699,1326,19726258,14486195,0
2023-03-18,157,7506932,100,6523939,2,592935,8,3426012,5,510303,14,3957461,668,1304429,831,1320.14,19727089,14486345,0
2023-03-19,114,7507046,56,6523995,1,592936,3,3426015,3,510306,9,3957470,366,1304795,451,1310.71,19727540,14486424,0
2023-03-20,340,7507386,212,6524207,7,592943,29,3426044,15,510321,45,3957515,1213,1306008,1610,1323.43,19729150,14486777,0
2023-03-21,341,7507727,192,6524399,7,592950,22,3426066,18,510339,42,3957557,1123,1307131,1530,1340,19730680,14487144,0
2023-03-22,316,7508043,226,6524625,6,592956,12,3426078,11,510350,25,3957582,1127,1308258,1526,1318.43,19732206,14487520,0
2023-03-23,272,7508315,203,6524828,1,592957,20,3426098,12,510362,35,3957617,1010,1309268,1404,1293,19733610,14487882,0
2023-03-24,312,7508627,254,6525082,8,592965,19,3426117,19,510381,41,3957658,1120,1310388,1582,1276.29,19735192,14488306,0
2023-03-25,130,7508757,117,6525199,1,592966,9,3426126,9,510390,18,3957676,587,1310975,736,1262.71,19735928,14488437,0
2023-03-26,80,7508837,41,6525240,2,592968,4,3426130,4,510394,9,3957685,351,1311326,410,1256.86,19736338,14488488,0
2023-03-27,283,7509120,233,6525473,3,592971,14,3426144,11,510405,26,3957711,1009,1312335,1405,1227.57,19737743,14488859,0
2023-03-28,283,7509403,181,6525654,10,592981,20,3426164,9,510414,32,3957743,1011,1313346,1364,1203.86,19739107,14489183,0
2023-03-29,297,7509700,186,6525840,5,592986,13,3426177,9,510423,22,3957765,1059,1314405,1417,1188.29,19740524,14489519,0
2023-03-30,258,7509958,183,6526023,2,592988,17,3426194,10,510433,31,3957796,962,1315367,1309,1174.71,19741833,14489839,0
2023-03-31,295,7510253,260,6526283,7,592995,22,3426216,20,510453,43,3957839,1015,1316382,1477,1159.71,19743310,14490259,0
2023-04-01,121,7510374,66,6526349,3,592998,8,3426224,5,510458,15,3957854,526,1316908,653,1147.86,19743963,14490373,0
2023-04-02,92,7510466,35,6526384,0,592998,6,3426230,3,510461,10,3957864,272,1317180,339,1137.71,19744302,14490431,0
2023-04-03,277,7510743,154,6526538,8,593006,19,3426249,15,510476,40,3957904,886,1318066,1204,1109,19745506,14490715,0
2023-04-04,284,7511027,187,6526725,3,593009,13,3426262,10,510486,26,3957930,862,1318928,1210,1087,19746716,14491040,0
2023-04-05,268,7511295,155,6526880,8,593017,17,3426279,7,510493,26,3957956,982,1319910,1275,1066.71,19747991,14491309,0
2023-04-06,343,7511638,157,6527037,9,593026,17,3426296,5,510498,22,3957978,966,1320876,1299,1065.29,19749290,14491620,0
2023-04-07,246,7511884,146,6527183,5,593031,12,3426308,8,510506,20,3957998,748,1321624,1044,1003.43,19750334,14491896,0
2023-04-08,172,7512056,104,6527287,1,593032,5,3426313,10,510516,16,3958014,553,1322177,690,1008.71,19751024,14492018,0
2023-04-09,68,7512124,23,6527310,0,593032,0,3426313,4,510520,4,3958018,204,1322381,246,995.43,19751270,14492056,0
2023-04-10,285,7512409,180,6527490,6,593038,19,3426332,9,510529,28,3958046,884,1323265,1211,996.43,19752481,14492355,0
2023-04-11,272,7512681,153,6527643,5,593043,15,3426347,9,510538,27,3958073,908,1324173,1212,996.71,19753693,14492635,0
2023-04-12,267,7512948,164,6527807,5,593048,15,3426362,8,510546,25,3958098,812,1324985,1145,978.14,19754838,14492945,0
2023-04-13,251,7513199,137,6527944,8,593056,12,3426374,7,510553,20,3958118,834,1325819,1140,955.43,19755978,14493232,0
2023-04-14,241,7513440,198,6528142,2,593058,6,3426380,10,510563,18,3958136,841,1326660,1167,973,19757145,14493542,0
2023-04-15,121,7513561,95,6528237,6,593064,3,3426383,7,510570,11,3958147,408,1327068,554,953.57,19757699,14493678,0
2023-04-16,75,7513636,31,6528268,0,593064,0,3426383,1,510571,1,3958148,264,1327332,305,962,19758004,14493718,0
2023-04-17,233,7513869,139,6528407,3,593067,7,3426390,3,510574,10,3958158,710,1328042,993,930.86,19758997,14493991,0
2023-04-18,216,7514085,128,6528535,6,593073,9,3426399,10,510584,20,3958178,746,1328788,974,896.86,19759971,14494200,0
2023-04-19,198,7514283,116,6528651,5,593078,6,3426405,9,510593,15,3958193,808,1329596,966,871.29,19760937,14494343,0
2023-04-20,231,7514514,143,6528794,2,593080,14,3426419,19,510612,35,3958228,914,1330510,1079,862.57,19762016,14494475,0
2023-04-21,231,7514745,148,6528942,6,593086,14,3426433,9,510621,25,3958253,1093,1331603,1216,869.57,19763232,14494575,0
2023-04-22,107,7514852,65,6529007,3,593089,9,3426442,4,510625,14,3958267,472,1332075,540,867.57,19763772,14494630,0
2023-04-23,73,7514925,47,6529054,1,593090,2,3426444,2,510627,5,3958272,281,1332356,310,868.29,19764082,14494655,0
2023-04-24,234,7515159,159,6529213,2,593092,11,3426455,7,510634,21,3958293,1012,1333368,1121,886.57,19765203,14494746,0
2023-04-25,244,7515403,147,6529360,6,593098,12,3426467,12,510646,27,3958320,1063,1334431,1167,914.14,19766370,14494826,0
2023-04-26,221,7515624,133,6529493,5,593103,6,3426473,5,510651,13,3958333,960,1335391,1028,923,19767398,14494883,0
2023-04-27,277,7515901,169,6529662,1,593104,11,3426484,18,510669,31,3958364,1068,1336459,1157,934.14,19768555,14494943,0
2023-04-28,251,7516152,189,6529851,2,593106,11,3426495,16,510685,32,3958396,1143,1337602,1236,937,19769791,14495009,0
2023-04-29,141,7516293,67,6529918,2,593108,4,3426499,6,510691,10,3958406,519,1338121,573,941.71,19770364,14495053,0
2023-04-30,97,7516390,29,6529947,1,593109,6,3426505,3,510694,10,3958416,307,1338428,327,944.14,19770691,14495064,0
2023-05-01,309,7516699,161,6530108,2,593111,9,3426514,9,510703,20,3958436,1080,1339508,1170,951.14,19771861,14495136,0
2023-05-02,251,7516950,146,6530254,3,593114,11,3426525,6,510709,19,3958455,1015,1340523,1070,937.29,19772931,14495174,0
2023-05-03,254,7517204,148,6530402,1,593115,13,3426538,10,510719,24,3958479,971,1341494,1046,939.86,19773977,14495226,0
2023-05-04,238,7517442,164,6530566,0,593115,12,3426550,8,510727,24,3958503,1055,1342549,1125,935.29,19775102,14495276,0
2023-05-05,303,7517745,161,6530727,1,593116,6,3426556,11,510738,18,3958521,1122,1343671,1172,926.14,19776274,14495309,0
2023-05-06,132,7517877,79,6530806,0,593116,13,3426569,8,510746,23,3958544,494,1344165,557,923.86,19776831,14495351,0
2023-05-07,77,7517954,36,6530842,0,593116,0,3426569,6,510752,7,3958551,296,1344461,311,921.57,19777142,14495360,0
2023-05-08,264,7518218,150,6530992,0,593116,8,3426577,10,510762,18,3958569,1003,1345464,1055,905.14,19778197,14495394,0
2023-05-09,253,7518471,129,6531121,0,593116,5,3426582,4,510766,13,3958582,992,1346456,1029,899.29,19779226,14495422,0
2023-05-10,244,7518715,130,6531251,1,593117,6,3426588,14,510780,21,3958603,1044,1347500,1102,907.29,19780328,14495460,0
2023-05-11,228,7518943,133,6531384,1,593118,12,3426600,23,510803,40,3958643,1043,1348543,1119,906.43,19781447,14495501,0
2023-05-12,166,7519109,133,6531517,1,593119,4,3426604,10,510813,17,3958660,876,1349419,912,869.29,19782359,14495523,0
2023-05-13,98,7519207,50,6531567,0,593119,1,3426605,5,510818,6,3958666,388,1349807,411,848.43,19782770,14495540,0
2023-05-14,59,7519266,23,6531590,0,593119,2,3426607,0,510818,3,3958669,194,1350001,204,833.14,19782974,14495548,0
2023-05-15,209,7519475,133,6531723,0,593119,4,3426611,9,510827,15,3958684,835,1350836,894,810.14,19783868,14495594,0
2023-05-16,250,7519725,110,6531833,0,593119,6,3426617,7,510834,14,3958698,803,1351639,851,784.71,19784719,14495629,0
2023-05-17,211,7519936,110,6531943,0,593119,4,3426621,5,510839,11,3958709,884,1352523,932,760.43,19785651,14495668,0
2023-05-18,221,7520157,108,6532051,0,593119,12,3426633,14,510853,29,3958738,766,1353289,826,718.57,19786477,14495702,0
2023-05-19,192,7520349,125,6532176,0,593119,9,3426642,11,510864,22,3958760,814,1354103,869,712.43,19787346,14495737,0
2023-05-20,125,7520474,44,6532220,0,593119,4,3426646,5,510869,10,3958770,350,1354453,394,710,19787740,14495772,0
2023-05-21,62,7520536,18,6532238,0,593119,2,3426648,1,510870,4,3958774,180,1354633,195,708.71,19787935,14495784,0
2023-05-22,222,7520758,99,6532337,0,593119,4,3426652,3,510873,7,3958781,794,1355427,821,698.29,19788756,14495804,0
2023-05-23,213,7520971,103,6532440,0,593119,12,3426664,6,510879,19,3958800,734,1356161,788,689.29,19789544,14495840,0
2023-05-24,217,7521188,128,6532568,2,593121,11,3426675,8,510887,22,3958822,819,1356980,870,680.43,19790414,14495872,0
2023-05-25,187,7521375,99,6532667,1,593122,4,3426679,6,510893,10,3958832,737,1357717,762,671.29,19791176,14495887,0
2023-05-26,178,7521553,143,6532810,0,593122,8,3426687,6,510899,15,3958847,749,1358466,795,660.71,19791971,14495919,0
2023-05-27,106,7521659,47,6532857,0,593122,5,3426692,6,510905,14,3958861,340,1358806,372,657.57,19792343,14495940,0
2023-05-28,52,7521711,16,6532873,1,593123,0,3426692,0,510905,0,3958861,187,1358993,192,657.14,19792535,14495945,0
2023-05-29,11,7521722,10,6532883,0,593123,1,3426693,0,510905,1,3958862,37,1359030,44,546.14,19792579,14495951,0
2023-05-30,219,7521941,113,6532996,0,593123,4,3426697,2,510907,7,3958869,796,1359826,823,551.14,19793402,14495972,0
2023-05-31,181,7522122,114,6533110,0,593123,8,3426705,2,510909,10,3958879,731,1360557,758,535.14,19794160,14495989,0
2023-06-01,180,7522302,92,6533202,1,593124,1,3426706,6,510915,7,3958886,702,1361259,722,529.43,19794882,14496002,0
2023-06-02,224,7522526,105,6533307,0,593124,7,3426713,2,510917,9,3958895,746,1362005,788,528.43,19795670,14496035,0
2023-06-03,89,7522615,37,6533344,0,593124,2,3426715,0,510917,2,3958897,342,1362347,363,527.14,19796033,14496054,0
2023-06-04,66,7522681,18,6533362,0,593124,2,3426717,3,510920,5,3958902,202,1362549,215,530.43,19796248,14496062,0
2023-06-05,198,7522879,95,6533457,0,593124,4,3426721,4,510924,10,3958912,709,1363258,738,629.57,19796986,14496083,0
2023-06-06,168,7523047,101,6533558,0,593124,8,3426729,3,510927,12,3958924,675,1363933,699,611.86,19797685,14496096,0
2023-06-07,170,7523217,97,6533655,2,593126,7,3426736,7,510934,14,3958938,707,1364640,734,608.43,19798419,14496109,0
2023-06-08,176,7523393,75,6533730,1,593127,3,3426739,10,510944,13,3958951,559,1365199,603,591.43,19799022,14496140,0
2023-06-09,164,7523557,102,6533832,0,593127,12,3426751,10,510954,22,3958973,689,1365888,731,583.29,19799753,14496160,0
2023-06-10,112,7523669,35,6533867,0,593127,6,3426757,5,510959,12,3958985,295,1366183,329,578.43,19800082,14496183,0
2023-06-11,52,7523721,15,6533882,0,593127,2,3426759,0,510959,2,3958987,174,1366357,182,573.71,19800264,14496189,0
2023-06-12,162,7523883,91,6533973,1,593128,6,3426765,2,510961,9,3958996,652,1367009,671,564.14,19800935,14496200,0
2023-06-13,168,7524051,89,6534062,0,593128,1,3426766,4,510965,5,3959001,650,1367659,663,559,19801598,14496208,0
2023-06-14,163,7524214,102,6534164,0,593128,8,3426774,3,510968,11,3959012,723,1368382,752,561.57,19802350,14496226,0
2023-06-15,152,7524366,85,6534249,2,593130,7,3426781,4,510972,12,3959024,627,1369009,649,568.14,19802999,14496237,0
2023-06-16,199,7524565,88,6534337,0,593130,3,3426784,0,510972,3,3959027,620,1369629,649,556.43,19803648,14496263,0
2023-06-17,79,7524644,25,6534362,0,593130,2,3426786,2,510974,5,3959032,244,1369873,260,546.57,19803908,14496275,0
2023-06-18,61,7524705,14,6534376,0,593130,1,3426787,2,510976,3,3959035,141,1370014,158,543.14,19804066,14496289,0
2023-06-19,97,7524802,41,6534417,0,593130,2,3426789,2,510978,5,3959040,410,1370424,418,507,19804484,14496293,0
2023-06-20,166,7524968,88,6534505,1,593131,3,3426792,1,510979,4,3959044,635,1371059,645,504.43,19805129,14496299,0
2023-06-21,152,7525120,78,6534583,0,593131,11,3426803,1,510980,12,3959056,609,1371668,635,487.71,19805764,14496313,0
2023-06-22,180,7525300,56,6534639,0,593131,5,3426808,2,510982,7,3959063,554,1372222,577,477.43,19806341,14496329,0
2023-06-23,149,7525449,79,6534718,0,593131,5,3426813,0,510982,6,3959069,558,1372780,572,466.43,19806913,14496338,120000
2023-06-24,63,7525512,27,6534745,0,593131,1,3426814,3,510985,5,3959074,226,1373006,248,464.71,19807161,14496356,120000
2023-06-25,39,7525551,9,6534754,0,593131,1,3426815,5,510990,6,3959080,94,1373100,117,458.86,19807278,14496373,120000
2023-06-26,130,7525681,67,6534821,1,593132,10,3426825,1,510991,11,3959091,506,1373606,533,475.29,19807811,14496389,120000
2023-06-27,120,7525801,65,6534886,0,593132,6,3426831,1,510992,8,3959099,471,1374077,491,453.29,19808302,14496402,120000
2023-06-28,137,7525938,69,6534955,0,593132,5,3426836,1,510993,6,3959105,577,1374654,596,447.71,19808898,14496415,120000
2023-06-29,60,7525998,26,6534981,0,593132,1,3426837,4,510997,5,3959110,207,1374861,220,396.71,19809118,14496423,120000
