"DATE","ADMIN_DOSE1_DAILY","ADMIN_DOSE1_CUMULATIVE","ADMIN_DOSE2_DAILY","ADMIN_DOSE2_CUMULATIVE","ADMIN_SINGLE_DAILY","ADMIN_SINGLE_CUMULATIVE","ADMIN_ADDITIONAL1_DAILY","ADMIN_ADDITIONAL1_CUMULATIVE","ADMIN_ADDITIONAL2_DAILY","ADMIN_ADDITIONAL2_CUMULATIVE","ADMIN_ADDITIONAL_DAILY","ADMIN_ADDITIONAL_CUMULATIVE","ADMIN_BIVALENT_ADDITIONAL_DAILY","ADMIN_BIVALENT_ADDITIONAL_CUMULATIVE","ADMIN_ALLDOSES_DAILY","ADMIN_ALLDOSES_7DAYAVG","ADMIN_ALLDOSES_CUMULATIVE","ADMIN_ALLDOSES_PRIMARY","INCOMPLETE"
2020-12-14,79,79,0,0,2,2,0,0,0,0,0,0,0,0,81,,81,81,0
2020-12-15,2052,2131,7,7,5,7,0,0,0,0,0,0,0,0,2064,,2145,2145,0
2020-12-16,4605,6736,16,23,4,11,1,1,0,0,1,1,0,0,4626,,6771,6770,0
2020-12-17,4660,11396,18,41,2,13,1,2,0,0,1,2,0,0,4681,,11452,11450,0
2020-12-18,5835,17231,18,59,2,15,2,4,0,0,2,4,0,0,5857,,17309,17305,0
2020-12-19,1687,18918,8,67,3,18,0,4,0,0,0,4,0,0,1698,,19007,19003,0
2020-12-20,1117,20035,2,69,1,19,0,4,0,0,0,4,0,0,1120,2875.29,20127,20123,0
2020-12-21,6392,26427,20,89,0,19,5,9,0,0,5,9,0,0,6417,3780.43,26544,26535,0
2020-12-22,9767,36194,28,117,2,21,1,10,0,0,1,10,0,0,9798,4885.29,36342,36332,0
2020-12-23,14278,50472,36,153,3,24,0,10,0,0,0,10,0,0,14317,6269.71,50659,50649,0
2020-12-24,7173,57645,25,178,1,25,0,10,0,0,0,10,0,0,7199,6629.43,57858,57848,0
2020-12-25,180,57825,0,178,0,25,1,11,0,0,1,11,0,0,181,5818.57,58039,58028,0
2020-12-26,4393,62218,45,223,0,25,1,12,0,0,1,12,0,0,4439,6210.14,62478,62466,0
2020-12-27,3870,66088,14,237,0,25,1,13,0,0,1,13,0,0,3885,6605.14,66363,66350,0
2020-12-28,10993,77081,51,288,1,26,3,16,0,0,3,16,0,0,11048,7266.71,77411,77395,0
2020-12-29,10714,87795,36,324,2,28,3,19,0,0,3,19,0,0,10755,7403.43,88166,88147,0
2020-12-30,12822,100617,45,369,0,28,0,19,0,0,0,19,0,0,12867,7196.29,101033,101014,0
2020-12-31,7259,107876,37,406,1,29,0,19,0,0,0,19,0,0,7297,7210.29,108330,108311,0
2021-01-01,179,108055,2,408,1,30,3,22,0,0,3,22,0,0,185,7210.86,108515,108493,0
2021-01-02,3809,111864,10,418,3,33,2,24,0,0,2,24,0,0,3824,7123,112339,112315,0
2021-01-03,3542,115406,24,442,2,35,1,25,0,0,1,25,0,0,3569,7077.86,115908,115883,0
2021-01-04,12255,127661,807,1249,2,37,7,32,0,0,7,32,0,0,13071,7366.86,128979,128947,0
2021-01-05,14090,141751,2196,3445,2,39,13,45,1,1,14,46,0,0,16302,8159.29,145281,145235,0
2021-01-06,17798,159549,3929,7374,1,40,31,76,8,9,39,85,0,0,21767,9430.71,167048,166963,0
2021-01-07,16540,176089,5182,12556,4,44,46,122,3,12,49,134,0,0,21775,11499,188823,188689,0
2021-01-08,16611,192700,5461,18017,0,44,35,157,4,16,39,173,0,0,22111,14631.29,210934,210761,0
2021-01-09,7648,200348,1465,19482,1,45,8,165,2,18,10,183,0,0,9124,15388.43,220058,219875,0
2021-01-10,7879,208227,983,20465,0,45,11,176,0,18,11,194,0,0,8873,16146.14,228931,228737,0
2021-01-11,25810,234037,7461,27926,2,47,55,231,8,26,63,257,0,0,33336,19041.14,262267,262010,0
2021-01-12,28246,262283,7862,35788,1,48,47,278,4,30,51,308,0,0,36160,21878,298427,298119,0
2021-01-13,31709,293992,9419,45207,1,49,59,337,5,35,64,372,0,0,41193,24653.14,339620,339248,0
2021-01-14,35801,329793,5300,50507,1,50,33,370,7,42,40,412,0,0,41142,27419.86,380762,380350,0
2021-01-15,29247,359040,3715,54222,2,52,32,402,5,47,37,449,0,0,33001,28975.57,413763,413314,0
2021-01-16,30270,389310,2394,56616,0,52,24,426,6,53,30,479,0,0,32694,32342.71,446457,445978,0
2021-01-17,23735,413045,1640,58256,0,52,20,446,1,54,21,500,0,0,25396,34703.14,471853,471353,0
2021-01-18,27088,440133,2425,60681,0,52,37,483,7,61,44,544,0,0,29558,34163.43,501411,500867,0
2021-01-19,34281,474414,9640,70321,1,53,70,553,6,67,76,620,0,0,43998,35283.14,545409,544789,0
2021-01-20,34857,509271,9499,79820,1,54,62,615,3,70,65,685,0,0,44422,35744.43,589831,589146,0
2021-01-21,25578,534849,8099,87919,2,56,51,666,5,75,56,741,0,0,33735,34686.29,623566,622825,0
2021-01-22,24742,559591,4387,92306,1,57,31,697,8,83,39,780,0,0,29169,34138.86,652735,651955,0
2021-01-23,15741,575332,3227,95533,0,57,10,707,2,85,12,792,0,0,18980,32179.71,671715,670923,0
2021-01-24,7175,582507,3457,98990,0,57,19,726,1,86,20,812,0,0,10652,30073.43,682367,681555,0
2021-01-25,13401,595908,11830,110820,0,57,65,791,13,99,78,890,0,0,25309,29466.43,707676,706786,0
2021-01-26,16752,612660,10761,121581,0,57,69,860,3,102,73,963,0,0,27586,27121.86,735262,734300,0
2021-01-27,20831,633491,12360,133941,0,57,52,912,9,111,61,1024,0,0,33253,25526.29,768515,767492,0
2021-01-28,30750,664241,12855,146796,0,57,82,994,16,127,98,1122,0,0,43706,26950.71,812221,811100,0
2021-01-29,31678,695919,11513,158309,0,57,84,1078,11,138,95,1217,0,0,43286,28967.43,855507,854291,0
2021-01-30,18709,714628,3743,162052,0,57,21,1099,2,140,24,1241,0,0,22476,29466.86,877983,876744,0
2021-01-31,13008,727636,2928,164980,1,58,29,1128,5,145,34,1275,0,0,15971,30226.71,893954,892681,0
2021-02-01,1180,728816,5400,170380,4,62,37,1165,4,149,41,1316,0,0,6625,27557.57,900579,899265,0
2021-02-02,2821,731637,9448,179828,2,64,49,1214,3,152,52,1368,0,0,12323,25377.14,912902,911536,0
2021-02-03,16344,747981,21237,201065,4,68,215,1429,21,173,236,1604,0,0,37821,26029.71,950723,949121,0
2021-02-04,27038,775019,19647,220712,3,71,209,1638,11,184,220,1824,0,0,46908,26487.14,997631,995809,0
2021-02-05,27580,802599,20031,240743,0,71,190,1828,15,199,206,2030,0,0,47817,27134.43,1045448,1043421,0
2021-02-06,22980,825579,11250,251993,0,71,116,1944,12,211,128,2158,0,0,34358,28831.86,1079806,1077651,0
2021-02-07,12031,837610,8284,260277,1,72,97,2041,14,225,112,2270,0,0,20428,29468.57,1100234,1097968,0
2021-02-08,16946,854556,23519,283796,2,74,240,2281,35,260,276,2546,0,0,40743,34342.57,1140977,1138436,0
2021-02-09,17258,871814,28094,311890,2,76,350,2631,42,302,395,2941,0,0,45749,39117.71,1186726,1183793,0
2021-02-10,19586,891400,29301,341191,2,78,270,2901,52,354,325,3266,0,0,49215,40745.43,1235941,1232686,0
2021-02-11,27833,919233,33464,374655,2,80,351,3252,57,411,408,3674,0,0,61709,42859.86,1297650,1293987,0
2021-02-12,38360,957593,30810,405465,3,83,361,3613,40,451,402,4076,0,0,69575,45968.14,1367225,1363161,0
2021-02-13,27993,985586,25311,430776,2,85,311,3924,57,508,369,4445,0,0,53676,48727.86,1420901,1416469,0
2021-02-14,16264,1001850,23720,454496,0,85,277,4201,35,543,312,4757,0,0,40296,51566.14,1461197,1456453,0
2021-02-15,12795,1014645,10524,465020,2,87,178,4379,24,567,203,4960,0,0,23524,49106.29,1484721,1479775,0
2021-02-16,14235,1028880,26713,491733,0,87,336,4715,40,607,377,5337,0,0,41325,48474.29,1526046,1520724,0
2021-02-17,16382,1045262,22196,513929,1,88,288,5003,38,645,326,5663,0,0,38905,47001.43,1564951,1559303,0
2021-02-18,12139,1057401,24987,538916,21,109,297,5300,45,690,342,6005,0,0,37489,43541.43,1602440,1596450,0
2021-02-19,13252,1070653,23928,562844,38,147,313,5613,46,736,359,6364,0,0,37577,38970.29,1640017,1633668,0
2021-02-20,11348,1082001,26070,588914,6,153,336,5949,78,814,416,6780,0,0,37841,36708.14,1677858,1671095,0
2021-02-21,6357,1088358,17408,606322,15,168,296,6245,46,860,343,7123,0,0,24123,34397.71,1701981,1694876,0
2021-02-22,13039,1101397,11841,618163,2,170,133,6378,20,880,153,7276,0,0,25035,34613.57,1727016,1719758,0
2021-02-23,25243,1126640,14136,632299,1,171,165,6543,35,915,201,7477,0,0,39582,34364.57,1766598,1759140,0
2021-02-24,36342,1162982,20395,652694,0,171,232,6775,42,957,275,7752,0,0,57012,36951.29,1823610,1815878,0
2021-02-25,54581,1217563,30402,683096,6,177,407,7182,65,1022,473,8225,0,0,85462,43804.57,1909072,1900868,0
2021-02-26,62830,1280393,31878,714974,4,181,418,7600,77,1099,498,8723,0,0,95210,52037.86,2004282,1995583,0
2021-02-27,51270,1331663,22751,737725,47,228,352,7952,53,1152,406,9129,0,0,74474,57271.14,2078756,2069652,0
2021-02-28,44565,1376228,13839,751564,7,235,208,8160,37,1189,245,9374,0,0,58656,62204.43,2137412,2128063,0
2021-03-01,39306,1415534,12784,764348,10,245,170,8330,24,1213,194,9568,0,0,52294,66098.57,2189706,2180163,0
2021-03-02,47073,1462607,12582,776930,7,252,158,8488,14,1227,172,9740,0,0,59834,68991.71,2249540,2239825,0
2021-03-03,48596,1511203,16153,793083,17,269,152,8640,21,1248,173,9913,0,0,64939,70124.14,2314479,2304591,0
2021-03-04,59804,1571007,22818,815901,1092,1361,275,8915,36,1284,312,10225,0,0,84026,69919,2398505,2388306,0
2021-03-05,60960,1631967,24287,840188,3107,4468,338,9253,36,1320,376,10601,0,0,88730,68993.29,2487235,2476662,0
2021-03-06,47157,1679124,18882,859070,5451,9919,245,9498,40,1360,285,10886,0,0,71775,68607.71,2559010,2548152,0
2021-03-07,36029,1715153,14882,873952,6244,16163,237,9735,21,1381,260,11146,0,0,57415,68430.43,2616425,2605309,0
2021-03-08,39612,1754765,14686,888638,8558,24721,317,10052,93,1474,415,11561,0,0,63271,69998.57,2679696,2668170,0
2021-03-09,39088,1793853,12854,901492,7758,32479,185,10237,36,1510,222,11783,0,0,59922,70011.14,2739618,2727871,0
2021-03-10,51817,1845670,15362,916854,5064,37543,228,10465,34,1544,264,12047,0,0,72507,71092.29,2812125,2800116,0
2021-03-11,59968,1905638,21822,938676,4619,42162,258,10723,48,1592,308,12355,0,0,86717,71476.71,2898842,2886527,0
2021-03-12,52184,1957822,30302,968978,4182,46344,388,11111,85,1677,473,12828,0,0,87141,71249.71,2985983,2973195,0
2021-03-13,40638,1998460,26687,995665,5110,51454,331,11442,54,1731,385,13213,0,0,72821,71399.14,3058804,3045631,0
2021-03-14,30704,2029164,15971,1011636,4524,55978,248,11690,28,1759,278,13491,0,0,51478,70551,3110282,3096833,0
2021-03-15,33656,2062820,17261,1028897,4707,60685,240,11930,33,1792,273,13764,0,0,55897,69497.57,3166179,3152457,0
2021-03-16,38661,2101481,20520,1049417,4924,65609,261,12191,37,1829,299,14063,0,0,64404,70137.86,3230583,3216563,0
2021-03-17,42604,2144085,24791,1074208,4244,69853,350,12541,40,1869,391,14454,0,0,72030,70069.71,3302613,3288203,0
2021-03-18,50418,2194503,26806,1101014,5231,75084,385,12926,62,1931,447,14901,0,0,82902,69524.71,3385515,3370658,0
2021-03-19,47770,2242273,29967,1130981,5625,80709,401,13327,73,2004,474,15375,0,0,83837,69052.71,3469352,3454021,0
2021-03-20,38698,2280971,25838,1156819,4684,85393,301,13628,60,2064,362,15737,0,0,69582,68590,3538934,3523242,0
2021-03-21,29288,2310259,19358,1176177,769,86162,230,13858,44,2108,275,16012,0,0,49690,68334.57,3588624,3572658,0
2021-03-22,33856,2344115,26739,1202916,4037,90199,268,14126,40,2148,309,16321,0,0,64942,69626.71,3653566,3637292,0
2021-03-23,38418,2382533,32848,1235764,4215,94414,302,14428,53,2201,359,16680,0,0,75840,71260.43,3729406,3712777,0
2021-03-24,41480,2424013,37615,1273379,4843,99257,338,14766,63,2264,404,17084,0,0,84342,73019.29,3813748,3796718,0
2021-03-25,43391,2467404,50786,1324165,5050,104307,490,15256,88,2352,582,17666,0,0,99809,75434.57,3913557,3895949,0
2021-03-26,38490,2505894,55497,1379662,4307,108614,545,15801,102,2454,651,18317,0,0,98945,77592.86,4012502,3994247,0
2021-03-27,35729,2541623,45743,1425405,2938,111552,431,16232,83,2537,515,18832,0,0,84925,79784.71,4097427,4078658,0
2021-03-28,26379,2568002,34454,1459859,1482,113034,343,16575,65,2602,412,19244,0,0,62727,81647.14,4160154,4140977,0
2021-03-29,34807,2602809,38861,1498720,3245,116279,358,16933,112,2714,471,19715,0,0,77384,83424.57,4237538,4217891,0
2021-03-30,40495,2643304,41923,1540643,3713,119992,349,17282,65,2779,415,20130,0,0,86546,84954,4324084,4304023,0
2021-03-31,49377,2692681,44875,1585518,7438,127430,415,17697,86,2865,501,20631,0,0,102191,87503.86,4426275,4405713,0
2021-04-01,50768,2743449,53953,1639471,11275,138705,503,18200,85,2950,592,21223,0,0,116588,89900.86,4542863,4521713,0
2021-04-02,43751,2787200,53878,1693349,11969,150674,556,18756,70,3020,631,21854,0,0,110229,91512.86,4653092,4631316,0
2021-04-03,39239,2826439,39216,1732565,9859,160533,342,19098,60,3080,403,22257,0,0,88717,92054.57,4741809,4719631,0
2021-04-04,26550,2852989,24782,1757347,3903,164436,229,19327,51,3131,280,22537,0,0,55515,91024.29,4797324,4774866,0
2021-04-05,41868,2894857,34482,1791829,11195,175631,386,19713,60,3191,447,22984,0,0,87992,92539.71,4885316,4862412,0
2021-04-06,53251,2948108,35614,1827443,13214,188845,443,20156,79,3270,523,23507,0,0,102602,94833.43,4987918,4964492,0
2021-04-07,55486,3003594,40704,1868147,14386,203231,412,20568,82,3352,496,24003,0,0,111072,96102.14,5098990,5075070,0
2021-04-08,59242,3062836,46590,1914737,16337,219568,533,21101,86,3438,620,24623,0,0,122789,96988,5221779,5197240,0
2021-04-09,56629,3119465,44956,1959693,17555,237123,534,21635,78,3516,617,25240,0,0,119757,98349.14,5341536,5316385,0
2021-04-10,49338,3168803,35643,1995336,12719,249842,399,22034,61,3577,464,25704,0,0,98164,99698.71,5439700,5414089,0
2021-04-11,38166,3206969,28827,2024163,7679,257521,296,22330,61,3638,358,26062,0,0,75030,102486.57,5514730,5488762,0
2021-04-12,46624,3253593,31840,2056003,13500,271021,472,22802,68,3706,540,26602,0,0,92504,103131.14,5607234,5580726,0
2021-04-13,52529,3306122,33796,2089799,369,271390,401,23203,64,3770,466,27068,0,0,87160,100925.14,5694394,5667421,0
2021-04-14,50121,3356243,39961,2129760,20,271410,370,23573,76,3846,447,27515,0,0,90549,97993.29,5784943,5757524,0
2021-04-15,52101,3408344,43686,2173446,16,271426,460,24033,107,3953,572,28087,0,0,96376,94220,5881319,5853333,0
2021-04-16,51177,3459521,42204,2215650,32,271458,441,24474,73,4026,517,28604,0,0,93930,90530.43,5975249,5946749,0
2021-04-17,43828,3503349,35694,2251344,3,271461,372,24846,84,4110,458,29062,0,0,79983,87933.14,6055232,6026276,0
2021-04-18,28598,3531947,29361,2280705,7,271468,265,25111,66,4176,332,29394,0,0,58298,85542.86,6113530,6084243,0
2021-04-19,37451,3569398,36453,2317158,22,271490,333,25444,67,4243,402,29796,0,0,74328,82946.29,6187858,6158171,0
2021-04-20,40802,3610200,39630,2356788,19,271509,317,25761,81,4324,399,30195,0,0,80850,82044.86,6268708,6238623,0
2021-04-21,38879,3649079,46023,2402811,16,271525,506,26267,97,4421,604,30799,0,0,85522,81326.71,6354230,6323542,0
2021-04-22,38480,3687559,48966,2451777,9,271534,348,26615,77,4498,427,31226,0,0,87883,80113.43,6442113,6411000,0
2021-04-23,39685,3727244,44386,2496163,3,271537,357,26972,74,4572,433,31659,0,0,84507,78767.29,6526620,6495076,0
2021-04-24,31928,3759172,41609,2537772,44,271581,282,27254,62,4634,344,32003,0,0,73925,77901.86,6600545,6568657,0
2021-04-25,18414,3777586,31224,2568996,87,271668,199,27453,60,4694,259,32262,0,0,49984,76714.14,6650529,6618382,0
2021-04-26,26962,3804548,40723,2609719,1012,272680,302,27755,90,4784,397,32659,0,0,69094,75966.43,6719623,6687084,0
2021-04-27,28562,3833110,47136,2656855,1699,274379,365,28120,94,4878,464,33123,0,0,77861,75539.43,6797484,6764486,0
2021-04-28,27016,3860126,56847,2713702,2144,276523,444,28564,100,4978,547,33670,0,0,86555,75687,6884039,6850497,0
2021-04-29,28591,3888717,57204,2770906,2149,278672,377,28941,99,5077,478,34148,0,0,88422,75764,6972461,6938443,0
2021-04-30,30109,3918826,51989,2822895,2059,280731,289,29230,75,5152,365,34513,0,0,84523,75766.29,7056984,7022602,0
2021-05-01,22473,3941299,44541,2867436,1177,281908,236,29466,65,5217,303,34816,0,0,68494,74990.43,7125478,7090795,0
2021-05-02,11916,3953215,36646,2904082,1081,282989,151,29617,55,5272,208,35024,0,0,49851,74971.43,7175329,7140440,0
2021-05-03,18008,3971223,53032,2957114,2381,285370,260,29877,92,5364,354,35378,0,0,73777,75640.43,7249106,7213865,0
2021-05-04,22732,3993955,56648,3013762,2331,287701,271,30148,115,5479,387,35765,0,0,82098,76245.71,7331204,7295577,0
2021-05-05,21475,4015430,48756,3062518,2313,290014,315,30463,104,5583,420,36185,0,0,72965,74304.29,7404169,7368123,0
2021-05-06,20672,4036102,50179,3112697,2508,292522,278,30741,90,5673,372,36557,0,0,73731,72205.57,7477900,7441486,0
2021-05-07,21236,4057338,52101,3164798,2812,295334,318,31059,80,5753,399,36956,0,0,76548,71066.29,7554448,7517636,0
2021-05-08,16625,4073963,41863,3206661,1835,297169,236,31295,73,5826,309,37265,0,0,60632,69943.14,7615080,7577959,0
2021-05-09,7968,4081931,29407,3236068,1260,298429,155,31450,56,5882,211,37476,0,0,38846,68371,7653926,7616594,0
2021-05-10,14377,4096308,38527,3274595,2356,300785,247,31697,92,5974,343,37819,0,0,55603,65774.71,7709529,7671858,0
2021-05-11,19898,4116206,43064,3317659,2513,303298,289,31986,88,6062,382,38201,0,0,65857,63454.57,7775386,7737338,0
2021-05-12,17815,4134021,40537,3358196,3595,306893,235,32221,81,6143,316,38517,0,0,62263,61925.71,7837649,7799285,0
2021-05-13,24960,4158981,40425,3398621,3229,310122,270,32491,79,6222,351,38868,0,0,68965,61244.86,7906614,7867901,0
2021-05-14,27009,4185990,42941,3441562,3536,313658,273,32764,97,6319,372,39240,0,0,73858,60860.57,7980472,7941389,0
2021-05-15,23640,4209630,34923,3476485,3364,317022,256,33020,76,6395,333,39573,0,0,62260,61093.14,8042732,8003317,0
2021-05-16,15519,4225149,19454,3495939,2496,319518,124,33144,47,6442,172,39745,0,0,37641,60921,8080373,8040787,0
2021-05-17,22666,4247815,29144,3525083,3253,322771,184,33328,70,6512,254,39999,0,0,55317,60880.14,8135690,8095850,0
2021-05-18,24619,4272434,31913,3556996,3404,326175,240,33568,78,6590,318,40317,0,0,60254,60079.71,8195944,8155786,0
2021-05-19,24178,4296612,29727,3586723,3041,329216,230,33798,49,6639,280,40597,0,0,57226,59360.14,8253170,8212733,0
2021-05-20,24139,4320751,30104,3616827,3163,332379,271,34069,88,6727,364,40961,0,0,57770,57760.86,8310940,8270144,0
2021-05-21,24668,4345419,32004,3648831,3057,335436,251,34320,61,6788,315,41276,0,0,60044,55787.43,8370984,8329876,0
2021-05-22,20013,4365432,24373,3673204,2523,337959,167,34487,48,6836,216,41492,0,0,47125,53625.29,8418109,8376786,0
2021-05-23,11227,4376659,13732,3686936,1411,339370,94,34581,33,6869,129,41621,0,0,26499,52033.57,8444608,8403158,0
2021-05-24,18861,4395520,23164,3710100,2757,342127,219,34800,55,6924,277,41898,0,0,45059,50568.14,8489667,8447943,0
2021-05-25,19424,4414944,23386,3733486,2602,344729,172,34972,59,6983,231,42129,0,0,45643,48480.86,8535310,8493355,0
2021-05-26,18777,4433721,21092,3754578,2697,347426,204,35176,48,7031,254,42383,0,0,42820,46422.86,8578130,8535923,0
2021-05-27,18457,4452178,21281,3775859,2531,349957,184,35360,60,7091,245,42628,0,0,42514,44243.43,8620644,8578193,0
2021-05-28,17853,4470031,22882,3798741,2751,352708,190,35550,58,7149,249,42877,0,0,43735,41913.57,8664379,8621680,0
2021-05-29,12703,4482734,17817,3816558,1755,354463,105,35655,39,7188,145,43022,0,0,32420,39812.86,8696799,8653956,0
2021-05-30,7024,4489758,8951,3825509,1074,355537,50,35705,17,7205,67,43089,0,0,17116,38472.43,8713915,8671005,0
2021-05-31,4739,4494497,6922,3832431,1012,356549,65,35770,17,7222,82,43171,0,0,12755,33857.57,8726670,8683678,0
2021-06-01,16048,4510545,25192,3857623,2177,358726,156,35926,42,7264,202,43373,0,0,43619,33568.43,8770289,8727099,0
2021-06-02,15351,4525896,20398,3878021,2095,360821,142,36068,47,7311,189,43562,0,0,38033,32884.57,8808322,8764943,0
2021-06-03,14998,4540894,23817,3901838,2280,363101,130,36198,45,7356,177,43739,0,0,41272,32707.14,8849594,8806040,0
2021-06-04,14710,4555604,25998,3927836,2492,365593,148,36346,42,7398,191,43930,0,0,43391,32658,8892985,8849241,0
2021-06-05,10982,4566586,22095,3949931,1806,367399,115,36461,28,7426,144,44074,0,0,35027,33030.43,8928012,8884125,0
2021-06-06,6444,4573030,14484,3964415,1222,368621,88,36549,13,7439,102,44176,0,0,22252,33764.14,8950264,8906276,0
2021-06-07,11695,4584725,21788,3986203,2378,370999,142,36691,37,7476,182,44358,0,0,36043,37091,8986307,8942140,0
2021-06-08,12627,4597352,24017,4010220,2071,373070,125,36816,47,7523,173,44531,0,0,38888,36415.14,9025195,8980856,0
2021-06-09,11130,4608482,23026,4033246,2299,375369,138,36954,40,7563,180,44711,0,0,36635,36215.43,9061830,9017313,0
2021-06-10,12055,4620537,22240,4055486,2462,377831,141,37095,60,7623,201,44912,0,0,36958,35599.14,9098788,9054070,0
2021-06-11,12699,4633236,25123,4080609,2483,380314,158,37253,62,7685,221,45133,0,0,40526,35189.86,9139314,9094376,0
2021-06-12,10159,4643395,19319,4099928,1888,382202,94,37347,44,7729,140,45273,0,0,31506,34686.86,9170820,9125744,0
2021-06-13,4254,4647649,10933,4110861,1219,383421,42,37389,22,7751,64,45337,0,0,16470,33860.86,9187290,9142150,0
2021-06-14,10203,4657852,19238,4130099,2043,385464,130,37519,53,7804,183,45520,0,0,31667,33235.71,9218957,9173634,0
2021-06-15,11880,4669732,21019,4151118,1943,387407,132,37651,41,7845,174,45694,0,0,35016,32682.57,9253973,9208477,0
2021-06-16,11581,4681313,19405,4170523,1956,389363,148,37799,74,7919,222,45916,0,0,33164,32186.71,9287137,9241419,0
2021-06-17,11019,4692332,18760,4189283,1973,391336,127,37926,35,7954,164,46080,0,0,31916,31466.43,9319053,9273173,0
2021-06-18,12167,4704499,18497,4207780,2115,393451,116,38042,37,7991,154,46234,0,0,32933,30381.71,9351986,9305953,0
2021-06-19,8493,4712992,13516,4221296,1459,394910,88,38130,21,8012,109,46343,0,0,23577,29249,9375563,9329421,0
2021-06-20,4335,4717327,7157,4228453,924,395834,37,38167,17,8029,54,46397,0,0,12470,28677.57,9388033,9341837,0
2021-06-21,10155,4727482,10013,4238466,1807,397641,69,38236,27,8056,97,46494,0,0,22072,27306.86,9410105,9363813,0
2021-06-22,9834,4737316,15645,4254111,1589,399230,104,38340,29,8085,133,46627,0,0,27201,26190.43,9437306,9390881,0
2021-06-23,10305,4747621,15191,4269302,1863,401093,102,38442,31,8116,134,46761,0,0,27493,25380.29,9464799,9418241,0
2021-06-24,9683,4757304,14701,4284003,1798,402891,121,38563,26,8142,149,46910,0,0,26331,24582.43,9491130,9444425,0
2021-06-25,10584,4767888,14387,4298390,1721,404612,116,38679,38,8180,154,47064,0,0,26846,23712.86,9517976,9471117,0
2021-06-26,7798,4775686,10464,4308854,1249,405861,78,38757,24,8204,103,47167,0,0,19614,23146.71,9537590,9490629,0
2021-06-27,4999,4780685,6001,4314855,795,406656,34,38791,14,8218,49,47216,0,0,11844,23057.29,9549434,9502425,0
2021-06-28,9033,4789718,10345,4325200,1526,408182,109,38900,26,8244,136,47352,0,0,21040,22909.86,9570474,9523330,0
2021-06-29,9733,4799451,12328,4337528,1347,409529,126,39026,32,8276,160,47512,0,0,23568,22390.86,9594042,9546740,0
2021-06-30,9428,4808879,10932,4348460,1486,411015,149,39175,17,8293,169,47681,0,0,22015,21608.29,9616057,9568589,0
2021-07-01,9395,4818274,10924,4359384,1434,412449,133,39308,25,8318,160,47841,0,0,21913,20977.14,9637970,9590344,0
2021-07-02,9688,4827962,11457,4370841,1541,413990,119,39427,21,8339,140,47981,0,0,22827,20403,9660797,9613031,0
2021-07-03,7055,4835017,8421,4379262,1192,415182,79,39506,17,8356,96,48077,0,0,16764,19995.86,9677561,9629699,0
2021-07-04,1288,4836305,1334,4380596,567,415749,10,39516,3,8359,13,48090,0,0,3202,18761.29,9680763,9632888,0
2021-07-05,6492,4842797,7109,4387705,1207,416956,66,39582,22,8381,88,48178,0,0,14896,17883.57,9695659,9647696,0
2021-07-06,9509,4852306,12853,4400558,1315,418271,117,39699,38,8419,156,48334,0,0,23833,17921.43,9719492,9671374,0
2021-07-07,8664,4860970,11109,4411667,1418,419689,126,39825,20,8439,146,48480,0,0,21337,17824.57,9740829,9692565,0
2021-07-08,8218,4869188,10194,4421861,1259,420948,108,39933,22,8461,132,48612,0,0,19803,17523.14,9760632,9712238,0
2021-07-09,8372,4877560,10833,4432694,1280,422228,90,40023,20,8481,110,48722,0,0,20595,17204.29,9781227,9732723,0
2021-07-10,7102,4884662,8633,4441327,1131,423359,65,40088,20,8501,86,48808,0,0,16952,17231.14,9798179,9749590,0
2021-07-11,4104,4888766,4539,4445866,701,424060,37,40125,6,8507,43,48851,0,0,9387,18114.71,9807566,9758934,0
2021-07-12,8445,4897211,9559,4455425,1251,425311,84,40209,23,8530,107,48958,0,0,19362,18752.71,9826928,9778189,0
2021-07-13,9460,4906671,9393,4464818,952,426263,109,40318,35,8565,146,49104,0,0,19951,18198.14,9846879,9797996,0
2021-07-14,8996,4915667,9534,4474352,1011,427274,106,40424,22,8587,132,49236,0,0,19673,17960.43,9866552,9817541,0
2021-07-15,8794,4924461,9155,4483507,1054,428328,80,40504,20,8607,101,49337,0,0,19104,17860.57,9885656,9836545,0
2021-07-16,9248,4933709,9760,4493267,981,429309,102,40606,29,8636,131,49468,0,0,20120,17792.71,9905776,9856534,0
2021-07-17,6839,4940548,7385,4500652,803,430112,80,40686,20,8656,100,49568,0,0,15127,17532,9920903,9871561,0
2021-07-18,4253,4944801,4286,4504938,575,430687,36,40722,13,8669,49,49617,0,0,9163,17500,9930066,9880675,0
2021-07-19,9120,4953921,8480,4513418,999,431686,91,40813,22,8691,114,49731,0,0,18713,17407.29,9948779,9899275,0
2021-07-20,10642,4964563,8760,4522178,991,432677,96,40909,25,8716,122,49853,0,0,20515,17487.86,9969294,9919669,0
2021-07-21,10055,4974618,8769,4530947,904,433581,150,41059,33,8749,183,50036,0,0,19911,17521.86,9989205,9939397,0
2021-07-22,10685,4985303,8584,4539531,1046,434627,146,41205,27,8776,174,50210,0,0,20489,17719.71,10009694,9959713,0
2021-07-23,11248,4996551,8883,4548414,1114,435741,138,41343,23,8799,163,50373,0,0,21408,17903.71,10031102,9980960,0
2021-07-24,7398,5003949,6739,4555153,670,436411,82,41425,26,8825,109,50482,0,0,14916,17873.57,10046018,9995768,0
2021-07-25,5472,5009421,2129,4557282,509,436920,58,41483,4,8829,62,50544,0,0,8172,17732,10054190,10003878,0
2021-07-26,10868,5020289,7006,4564288,859,437779,111,41594,20,8849,131,50675,0,0,18864,17753.57,10073054,10022611,0
2021-07-27,12065,5032354,8572,4572860,857,438636,136,41730,40,8889,177,50852,0,0,21671,17918.71,10094725,10044106,0
2021-07-28,12011,5044365,8054,4580914,950,439586,134,41864,28,8917,163,51015,0,0,21178,18099.71,10115903,10065122,0
2021-07-29,10931,5055296,7435,4588349,983,440569,134,41998,39,8956,177,51192,0,0,19526,17962.14,10135429,10084475,0
2021-07-30,14952,5070248,8014,4596363,1151,441720,186,42184,31,8987,219,51411,0,0,24336,18380.43,10159765,10108594,0
2021-07-31,9721,5079969,6320,4602683,815,442535,122,42306,20,9007,143,51554,0,0,16999,18678,10176764,10125451,0
2021-08-01,6499,5086468,3313,4605996,564,443099,81,42387,21,9028,102,51656,0,0,10478,19007.43,10187242,10135827,0
2021-08-02,13446,5099914,7153,4613149,846,443945,150,42537,19,9047,169,51825,0,0,21614,19400.29,10208856,10157272,0
2021-08-03,15406,5115320,8392,4621541,1109,445054,144,42681,39,9086,184,52009,0,0,25091,19888.86,10233947,10182180,0
2021-08-04,17261,5132581,8130,4629671,1454,446508,182,42863,35,9121,217,52226,0,0,27062,20729.43,10261009,10209025,0
2021-08-05,17885,5150466,7932,4637603,1370,447878,159,43022,21,9142,180,52406,0,0,27367,21849.57,10288376,10236212,0
2021-08-06,18177,5168643,8417,4646020,1231,449109,169,43191,32,9174,201,52607,0,0,28026,22376.71,10316402,10264037,0
2021-08-07,13380,5182023,6020,4652040,799,449908,101,43292,28,9202,129,52736,0,0,20328,22852.29,10336730,10284236,0
2021-08-08,9309,5191332,3834,4655874,400,450308,84,43376,10,9212,94,52830,0,0,13637,23303.57,10350367,10297779,0
2021-08-09,21343,5212675,8527,4664401,965,451273,172,43548,34,9246,207,53037,0,0,31042,24650.43,10381409,10328615,0
2021-08-10,18946,5231621,9331,4673732,946,452219,180,43728,33,9279,214,53251,0,0,29437,25271.29,10410846,10357839,0
2021-08-11,15641,5247262,8314,4682046,853,453072,130,43858,45,9324,176,53427,0,0,24984,24974.43,10435830,10382648,0
2021-08-12,15054,5262316,8989,4691035,942,454014,176,44034,35,9359,213,53640,0,0,25198,24664.57,10461028,10407635,0
2021-08-13,14918,5277234,9293,4700328,919,454933,245,44279,38,9397,284,53924,0,0,25415,24291.57,10486443,10432767,0
2021-08-14,10395,5287629,6409,4706737,625,455558,534,44813,41,9438,578,54502,0,0,18007,23960,10504450,10450199,0
2021-08-15,6689,5294318,4483,4711220,676,456234,567,45380,33,9471,604,55106,0,0,12452,23790.71,10516902,10462051,0
2021-08-16,15707,5310025,9306,4720526,1150,457384,1328,46708,66,9537,1399,56505,0,0,27562,23293.57,10544464,10488219,0
2021-08-17,17760,5327785,10459,4730985,1229,458613,1773,48481,85,9622,1872,58377,0,0,31320,23562.57,10575784,10517681,0
2021-08-18,17486,5345271,10377,4741362,1260,459873,1999,50480,92,9714,2102,60479,0,0,31225,24454.14,10607009,10546815,0
2021-08-19,16286,5361557,9530,4750892,1315,461188,1960,52440,67,9781,2040,62519,0,0,29171,25021.71,10636180,10573959,0
2021-08-20,16267,5377824,11540,4762432,1253,462441,1868,54308,86,9867,1968,64487,0,0,31028,25823.57,10667208,10603033,0
2021-08-21,11141,5388965,8040,4770472,878,463319,1066,55374,53,9920,1126,65613,0,0,21185,26277.57,10688393,10623099,0
2021-08-22,4077,5393042,3903,4774375,261,463580,518,55892,34,9954,556,66169,0,0,8797,25755.43,10697190,10631344,0
2021-08-23,15575,5408617,11809,4786184,1022,464602,1550,57442,77,10031,1640,67809,0,0,30047,26110.43,10727237,10659764,0
2021-08-24,16911,5425528,12596,4798780,1007,465609,1777,59219,80,10111,1865,69674,0,0,32379,26261.71,10759616,10690286,0
2021-08-25,14565,5440093,12455,4811235,1112,466721,1568,60787,79,10190,1662,71336,0,0,29794,26057.29,10789410,10718433,0
2021-08-26,16142,5456235,14100,4825335,1071,467792,1781,62568,68,10258,1860,73196,0,0,33173,26629,10822583,10749757,0
2021-08-27,14874,5471109,14826,4840161,971,468763,1675,64243,74,10332,1757,74953,0,0,32428,26829,10855011,10780436,0
2021-08-28,10675,5481784,11523,4851684,835,469598,1018,65261,45,10377,1064,76017,0,0,24097,27245,10879108,10803470,0
2021-08-29,7209,5488993,7498,4859182,541,470139,783,66044,58,10435,850,76867,0,0,16098,28288,10895206,10818727,0
2021-08-30,15516,5504509,16926,4876108,1076,471215,1794,67838,93,10528,1895,78762,0,0,35413,29054.57,10930619,10852253,0
2021-08-31,15504,5520013,15960,4892068,952,472167,1979,69817,89,10617,2078,80840,0,0,34494,29356.71,10965113,10884679,0
2021-09-01,14829,5534842,14109,4906177,1020,473187,1812,71629,63,10680,1885,82725,0,0,31843,29649.43,10996956,10914647,0
2021-09-02,14311,5549153,12528,4918705,896,474083,1716,73345,62,10742,1794,84519,0,0,29529,29128.86,11026485,10942398,0
2021-09-03,14999,5564152,14313,4933018,974,475057,1900,75245,72,10814,1978,86497,0,0,32264,29105.43,11058749,10972690,0
2021-09-04,9645,5573797,9405,4942423,688,475745,976,76221,35,10849,1016,87513,0,0,20754,28627.86,11079503,10992433,0
2021-09-05,6795,5580592,5513,4947936,438,476183,717,76938,17,10866,735,88248,0,0,13481,28254,11092984,11005180,0
2021-09-06,5195,5585787,4511,4952447,358,476541,272,77210,11,10877,286,88534,0,0,10350,24673.57,11103334,11015247,0
2021-09-07,15569,5601356,17701,4970148,912,477453,1559,78769,92,10969,1659,90193,0,0,35841,24866,11139175,11049437,0
2021-09-08,16150,5617506,14830,4984978,1070,478523,1780,80549,84,11053,1876,92069,0,0,33926,25163.57,11173101,11081499,0
2021-09-09,16096,5633602,14757,4999735,1047,479570,1921,82470,75,11128,2007,94076,0,0,33907,25789,11207008,11113410,0
2021-09-10,18354,5651956,15400,5015135,1207,480777,1979,84449,83,11211,2069,96145,0,0,37030,26469.86,11244038,11148378,0
2021-09-11,12630,5664586,10350,5025485,958,481735,1031,85480,49,11260,1086,97231,0,0,25024,27079.86,11269062,11172322,0
2021-09-12,8535,5673121,5052,5030537,765,482500,693,86173,31,11291,725,97956,0,0,15077,27307.86,11284139,11186675,0
2021-09-13,16919,5690040,12966,5043503,976,483476,1661,87834,53,11344,1723,99679,0,0,32584,30484.14,11316723,11217545,0
2021-09-14,16263,5706303,13678,5057181,885,484361,1600,89434,58,11402,1669,101348,0,0,32495,30006.14,11349218,11248382,0
2021-09-15,15517,5721820,12889,5070070,727,485088,1578,91012,82,11484,1669,103017,0,0,30802,29559.86,11380020,11277524,0
2021-09-16,15330,5737150,13914,5083984,1210,486298,1467,92479,70,11554,1543,104560,0,0,31997,29287,11412017,11307984,0
2021-09-17,14429,5751579,13957,5097941,922,487220,1842,94321,58,11612,1902,106462,0,0,31210,28455.57,11443227,11337294,0
2021-09-18,9990,5761569,10187,5108128,913,488133,1052,95373,42,11654,1098,107560,0,0,22188,28050.43,11465415,11358388,0
2021-09-19,6171,5767740,6075,5114203,558,488691,748,96121,28,11682,781,108341,0,0,13585,27837.29,11479000,11371197,0
2021-09-20,12663,5780403,12634,5126837,1068,489759,1926,98047,62,11744,1997,110338,0,0,28362,27234.14,11507362,11397571,0
2021-09-21,12217,5792620,12774,5139611,1108,490867,2036,100083,78,11822,2129,112467,0,0,28228,26624.57,11535590,11423685,0
2021-09-22,12819,5805439,12004,5151615,1090,491957,1690,101773,69,11891,1765,114232,0,0,27678,26178.29,11563268,11449604,0
2021-09-23,14921,5820360,12767,5164382,1639,493596,2272,104045,74,11965,2353,116585,0,0,31680,26133,11594948,11478938,0
2021-09-24,16453,5836813,13366,5177748,1636,495232,4627,108672,126,12091,4772,121357,0,0,36227,26849.71,11631175,11510412,0
2021-09-25,10524,5847337,9028,5186776,1017,496249,3466,112138,80,12171,3562,124919,0,0,24131,27127.29,11655306,11530997,0
2021-09-26,6290,5853627,5768,5192544,773,497022,2423,114561,61,12232,2495,127414,0,0,15326,27376,11670632,11543839,0
2021-09-27,14133,5867760,8064,5200608,1155,498177,9084,123645,160,12392,9294,136708,0,0,32647,27988.14,11703279,11567242,0
2021-09-28,11107,5878867,11787,5212395,901,499078,9941,133586,180,12572,10156,146864,0,0,33951,28805.71,11737230,11591072,0
2021-09-29,11594,5890461,12194,5224589,1205,500283,9460,143046,171,12743,9665,156529,0,0,34659,29803,11771889,11616100,0
2021-09-30,12213,5902674,12611,5237200,1338,501621,9764,152810,178,12921,9977,166506,0,0,36139,30440,11808028,11642297,0
2021-10-01,12624,5915298,13429,5250629,1284,502905,10288,163098,150,13071,10475,176981,0,0,37812,30666.43,11845840,11669671,0
2021-10-02,7720,5923018,9979,5260608,865,503770,4246,167344,80,13151,4351,181332,0,0,22915,30492.71,11868755,11688260,0
2021-10-03,5058,5928076,6158,5266766,593,504363,2623,169967,59,13210,2692,184024,1,1,14502,30375,11883257,11700079,0
2021-10-04,9903,5937979,11019,5277785,914,505277,9536,179503,147,13357,9720,193744,0,1,31556,30219.14,11914813,11721952,0
2021-10-05,10136,5948115,11737,5289522,972,506249,9960,189463,178,13535,10181,203925,1,2,33027,30087.14,11947840,11744840,0
2021-10-06,9877,5957992,11049,5300571,937,507186,9947,199410,160,13695,10142,214067,0,2,32005,29708,11979845,11766738,0
2021-10-07,9597,5967589,12157,5312728,850,508036,10186,209596,175,13870,10394,224461,0,2,32998,29259.29,12012843,11789375,0
2021-10-08,9430,5977019,12185,5324913,941,508977,10918,220514,166,14036,11123,235584,0,2,33679,28668.86,12046522,11811970,0
2021-10-09,6232,5983251,8238,5333151,643,509620,4129,224643,89,14125,4234,239818,0,2,19347,28159.14,12065869,11827099,0
2021-10-10,3529,5986780,5030,5338181,458,510078,2440,227083,47,14172,2495,242313,0,2,11512,27732,12077381,11836124,0
2021-10-11,7597,5994377,9336,5347517,728,510806,8904,235987,165,14337,9092,251405,0,2,26753,27045.86,12104134,11853808,0
2021-10-12,8055,6002432,10995,5358512,891,511697,10529,246516,185,14522,10755,262160,0,2,30696,26712.86,12134830,11873790,0
2021-10-13,7135,6009567,10148,5368660,869,512566,8811,255327,180,14702,9021,271181,0,2,27173,26022.57,12162003,11891972,0
2021-10-14,7410,6016977,11121,5379781,837,513403,10131,265458,163,14865,10333,281514,0,2,29701,25551.57,12191704,11911379,0
2021-10-15,7706,6024683,11859,5391640,823,514226,10858,276316,174,15039,11067,292581,0,2,31455,25233.86,12223159,11931802,0
2021-10-16,4858,6029541,7465,5399105,666,514892,3851,280167,66,15105,3929,296510,0,2,16918,24886.86,12240077,11944803,0
2021-10-17,3050,6032591,4473,5403578,411,515303,2457,282624,44,15149,2508,299018,0,2,10442,24734,12250519,11952744,0
2021-10-18,7020,6039611,10669,5414247,797,516100,9500,292124,184,15333,9718,308736,0,2,28204,24941.29,12278723,11971264,0
2021-10-19,6553,6046164,8945,5423192,804,516904,9106,301230,175,15508,9321,318057,1,3,25624,24216.71,12304347,11987606,0
2021-10-20,6519,6052683,9370,5432562,975,517879,10004,311234,179,15687,10221,328278,3,6,27087,24204.43,12331434,12004507,0
2021-10-21,7012,6059695,9386,5441948,858,518737,10861,322095,160,15847,11055,339333,1,7,28312,24006,12359746,12021797,0
2021-10-22,8093,6067788,10343,5452291,1026,519763,16367,338462,222,16069,16643,355976,0,7,36105,24670.29,12395851,12041313,0
2021-10-23,5152,6072940,6458,5458749,690,520453,9134,347596,118,16187,9272,365248,0,7,21572,25335.14,12417423,12053633,0
2021-10-24,3253,6076193,3965,5462714,769,521222,6174,353770,80,16267,6278,371526,1,8,14266,25881.43,12431689,12061644,0
2021-10-25,8739,6084932,8744,5471458,1150,522372,19285,373055,301,16568,19655,391181,0,8,38288,27322,12469977,12080346,0
2021-10-26,8159,6093091,7724,5479182,1258,523630,17313,390368,275,16843,17658,408839,0,8,34799,28632.71,12504776,12097557,0
2021-10-27,10511,6103602,8394,5487576,1605,525235,20891,411259,326,17169,21285,430124,0,8,41795,30733.86,12546571,12118135,0
2021-10-28,11269,6114871,8029,5495605,1794,527029,20894,432153,328,17497,21288,451412,0,8,42380,32743.57,12588951,12139293,0
2021-10-29,11817,6126688,8230,5503835,1968,528997,22575,454728,344,17841,22991,474403,1,9,45008,34015.43,12633959,12161381,0
2021-10-30,4604,6131292,5064,5508899,932,529929,11192,465920,170,18011,11400,485803,0,9,22000,34076.57,12655959,12172019,0
2021-10-31,2646,6133938,2700,5511599,544,530473,6651,472571,103,18114,6778,492581,1,10,12668,33848.29,12668627,12177932,0
2021-11-01,7084,6141022,6955,5518554,1086,531559,20428,492999,333,18447,20816,513397,0,10,35941,33513,12704568,12193112,0
2021-11-02,6536,6147558,6586,5525140,1055,532614,20815,513814,279,18726,21168,534565,0,10,35345,33591,12739913,12207363,0
2021-11-03,6805,6154363,6681,5531821,1026,533640,20671,534485,314,19040,21059,555624,0,10,35573,32702.14,12775486,12221951,0
2021-11-04,9266,6163629,6278,5538099,994,534634,22412,556897,347,19387,22842,578466,0,10,39380,32273.57,12814866,12238572,0
2021-11-05,11011,6174640,6719,5544818,1051,535685,23801,580698,355,19742,24236,602702,0,10,43017,31989.14,12857883,12257433,0
2021-11-06,11105,6185745,4049,5548867,594,536279,12614,593312,172,19914,12823,615525,0,10,28571,32927.86,12886454,12273218,0
2021-11-07,7231,6192976,2286,5551153,577,536856,7120,600432,98,20012,7233,622758,0,10,17327,33593.43,12903781,12283327,0
2021-11-08,15027,6208003,5676,5556829,863,537719,19542,619974,284,20296,19891,642649,1,11,41458,34381.57,12945239,12304958,0
2021-11-09,16113,6224116,5386,5562215,659,538378,20555,640529,275,20571,20910,663559,0,11,43068,35484.86,12988307,12327196,0
2021-11-10,16877,6240993,5321,5567536,682,539060,22704,663233,291,20862,23064,686623,0,11,45944,36966.43,13034251,12350145,0
2021-11-11,12510,6253503,5179,5572715,760,539820,22144,685377,288,21150,22502,709125,0,11,40951,37190.86,13075202,12368664,0
2021-11-12,16902,6270405,5688,5578403,705,540525,23469,708846,356,21506,23901,733026,1,12,47197,37788,13122399,12392035,0
2021-11-13,9904,6280309,3662,5582065,464,540989,13363,722209,184,21690,13590,746616,0,12,27620,37652.14,13150019,12406108,0
2021-11-14,5984,6286293,2286,5584351,324,541313,7953,730162,80,21770,8054,754670,1,13,16649,37555.29,13166668,12414723,0
2021-11-15,13186,6299479,5974,5590325,691,542004,25165,755327,366,22136,25611,780281,0,13,45462,38127.29,13212130,12434654,0
2021-11-16,9902,6309381,5781,5596106,653,542657,30724,786051,437,22573,31238,811519,0,13,47575,38771.14,13259705,12451068,0
2021-11-17,10231,6319612,6667,5602773,681,543338,31506,817557,420,22993,32014,843533,0,13,49593,39292.43,13309298,12468735,0
2021-11-18,10653,6330265,6531,5609304,855,544193,33094,850651,460,23453,33649,877182,0,13,51688,40826.29,13360986,12486869,0
2021-11-19,11922,6342187,6549,5615853,710,544903,36344,886995,463,23916,36897,914079,0,13,56078,42095,13417064,12506140,0
2021-11-20,9270,6351457,3415,5619268,513,545416,22569,909564,259,24175,22880,936959,0,13,36078,43303.29,13453142,12519390,0
2021-11-21,4905,6356362,1886,5621154,288,545704,13244,922808,153,24328,13421,950380,1,14,20501,43853.57,13473643,12526493,0
2021-11-22,10343,6366705,5782,5626936,750,546454,36015,958823,444,24772,36550,986930,0,14,53426,44991.29,13527069,12543460,0
2021-11-23,9715,6376420,4784,5631720,633,547087,33599,992422,378,25150,34049,1020979,0,14,49182,45220.86,13576251,12558665,0
2021-11-24,8630,6385050,4749,5636469,648,547735,25989,1018411,287,25437,26347,1047326,0,14,40374,43903.86,13616625,12572763,0
2021-11-25,447,6385497,328,5636797,80,547815,1002,1019413,10,25447,1012,1048338,0,14,1867,36786.57,13618492,12573618,0
2021-11-26,8013,6393510,6989,5643786,528,548343,26632,1046045,306,25753,26995,1075333,0,14,42525,34850.43,13661017,12589205,0
2021-11-27,6641,6400151,6830,5650616,370,548713,18892,1064937,225,25978,19153,1094486,0,14,32995,34410,13694012,12603083,0
2021-11-28,4041,6404192,5789,5656405,281,548994,11934,1076871,122,26100,12075,1106561,0,14,22186,34650.71,13716198,12613213,0
2021-11-29,9027,6413219,11007,5667412,685,549679,35145,1112016,446,26546,35666,1142227,1,15,56386,35073.57,13772584,12634007,0
2021-11-30,10424,6423643,11445,5678857,512,550191,37883,1149899,497,27043,38493,1180720,0,15,60874,36743.86,13833458,12656501,0
2021-12-01,11091,6434734,10985,5689842,724,550915,40462,1190361,438,27481,41000,1221720,0,15,63801,40090.57,13897259,12679402,0
2021-12-02,11579,6446313,11043,5700885,624,551539,42275,1232636,454,27935,42826,1264546,0,15,66072,49262.71,13963331,12702745,0
2021-12-03,13380,6459693,12906,5713791,667,552206,48077,1280713,522,28457,48702,1313248,1,16,75656,53995.71,14038987,12729801,0
2021-12-04,9776,6469469,11292,5725083,564,552770,30757,1311470,308,28765,31119,1344367,0,16,52751,56818,14091738,12751487,0
2021-12-05,5709,6475178,5704,5730787,270,553040,16702,1328172,131,28896,16868,1361235,0,16,28551,57727.29,14120289,12763205,0
2021-12-06,12255,6487433,9984,5740771,599,553639,43375,1371547,454,29350,43920,1405155,0,16,66758,59209,14187047,12786134,0
2021-12-07,12506,6499939,9258,5750029,623,554262,43163,1414710,511,29861,43760,1448915,0,16,66147,59962.29,14253194,12808607,0
2021-12-08,13445,6513384,8778,5758807,555,554817,40912,1455622,480,30341,41469,1490384,0,16,64247,60026,14317441,12831462,0
2021-12-09,13407,6526791,8756,5767563,553,555370,40934,1496556,498,30839,41528,1531912,0,16,64244,59764.86,14381685,12854274,0
2021-12-10,13954,6540745,10152,5777715,668,556038,43780,1540336,505,31344,44376,1576288,0,16,69150,58835.43,14450835,12879139,0
2021-12-11,10211,6550956,8130,5785845,405,556443,26760,1567096,283,31627,27092,1603380,0,16,45839,57848,14496674,12897935,0
2021-12-12,5984,6556940,3856,5789701,287,556730,15198,1582294,135,31762,15357,1618737,0,16,25484,57409.86,14522158,12908086,0
2021-12-13,12138,6569078,7432,5797133,655,557385,38006,1620300,402,32164,38492,1657229,0,16,58717,56261.14,14580875,12928395,0
2021-12-14,12171,6581249,6950,5804083,730,558115,38260,1658560,438,32602,38765,1695994,0,16,58616,55185.29,14639491,12948313,0
2021-12-15,12021,6593270,6247,5810330,756,558871,38250,1696810,492,33094,38820,1734814,0,16,57845,54270.71,14697336,12967416,0
2021-12-16,13104,6606374,4270,5814600,738,559609,41229,1738039,464,33558,41765,1776579,0,16,59877,53646.86,14757213,12985600,0
2021-12-17,15869,6622243,6941,5821541,618,560227,46916,1784955,480,34038,47492,1824071,0,16,70920,53899.71,14828133,13009124,0
2021-12-18,12958,6635201,5721,5827262,432,560659,30676,1815631,276,34314,31009,1855080,1,17,50120,54511.29,14878253,13028291,0
2021-12-19,6978,6642179,2994,5830256,326,560985,18046,1833677,174,34488,18251,1873331,0,17,28549,54949.14,14906802,13038620,0
2021-12-20,16761,6658940,5857,5836113,745,561730,47603,1881280,572,35060,48254,1921585,0,17,71617,56792,14978419,13062062,0
2021-12-21,17891,6676831,6576,5842689,805,562535,49024,1930304,593,35653,49696,1971281,0,17,74968,59128,15053387,13087413,0
2021-12-22,18499,6695330,6555,5849244,938,563473,49821,1980125,537,36190,50436,2021717,1,18,76429,61782.86,15129816,13113483,0
2021-12-23,18965,6714295,6486,5855730,930,564403,45990,2026115,529,36719,46585,2068302,0,18,72966,63652.71,15202782,13139930,0
2021-12-24,9194,6723489,2951,5858681,598,565001,20644,2046759,214,36933,20890,2089192,0,18,33633,58326,15236415,13152705,0
2021-12-25,344,6723833,63,5858744,31,565032,427,2047186,8,36941,436,2089628,0,18,874,51290.86,15237289,13153144,0
2021-12-26,7930,6731763,3930,5862674,341,565373,17308,2064494,176,37117,17516,2107144,0,18,29717,51457.71,15267006,13165377,0
2021-12-27,21713,6753476,9202,5871876,932,566305,43541,2108035,558,37675,44173,2151317,0,18,76020,52086.71,15343026,13197298,0
2021-12-28,20073,6773549,8340,5880216,702,567007,47668,2155703,623,38298,48378,2199695,0,18,77493,52447.43,15420519,13226500,0
2021-12-29,18443,6791992,7669,5887885,606,567613,45651,2201354,491,38789,46216,2245911,0,18,72934,51948.14,15493453,13253292,0
2021-12-30,16837,6808829,7430,5895315,588,568201,44918,2246272,590,39379,45594,2291505,0,18,70449,51588.57,15563902,13278233,0
2021-12-31,5342,6814171,2810,5898125,192,568393,14787,2261059,187,39566,14996,2306501,0,18,23340,50118.14,15587242,13286599,0
2022-01-01,244,6814415,147,5898272,12,568405,502,2261561,22,39588,528,2307029,0,18,931,50126.29,15588173,13287006,0
2022-01-02,6414,6820829,5021,5903293,153,568558,10998,2272559,111,39699,11125,2318154,0,18,22713,49125.71,15610886,13298610,0
2022-01-03,14101,6834930,8506,5911799,515,569073,27011,2299570,345,40044,27400,2345554,0,18,50522,45483.14,15661408,13321776,0
2022-01-04,12787,6847717,8130,5919929,415,569488,27296,2326866,367,40411,27720,2373274,0,18,49052,41420.14,15710460,13343165,0
2022-01-05,11291,6859008,7023,5926952,384,569872,26026,2352892,314,40725,26381,2399655,0,18,45079,37440.86,15755539,13361904,0
2022-01-06,11321,6870329,7395,5934347,485,570357,27666,2380558,350,41075,28068,2427723,0,18,47269,34129.43,15802808,13381157,0
2022-01-07,10127,6880456,8460,5942807,339,570696,25225,2405783,329,41404,25588,2453311,0,18,44515,37154.43,15847323,13400118,0
2022-01-08,7658,6888114,8593,5951400,311,571007,19624,2425407,184,41588,19825,2473136,0,18,36388,42219.71,15883711,13416698,0
2022-01-09,4110,6892224,3844,5955244,214,571221,10080,2435487,96,41684,10187,2483323,0,18,18355,41597.14,15902066,13424877,0
2022-01-10,10147,6902371,8196,5963440,490,571711,24635,2460122,305,41989,24991,2508314,1,19,43824,40640.29,15945890,13443760,0
2022-01-11,8850,6911221,7993,5971433,521,572232,21058,2481180,294,42283,21396,2529710,0,19,38762,39170.29,15984652,13461170,0
2022-01-12,8903,6920124,8333,5979766,428,572660,22392,2503572,287,42570,22714,2552424,1,20,40379,38498.86,16025031,13478869,0
2022-01-13,8999,6929123,8867,5988633,451,573111,22938,2526510,323,42893,23296,2575720,0,20,41614,37691,16066645,13497222,0
2022-01-14,10072,6939195,8127,5996760,475,573586,26468,2552978,335,43228,26845,2602565,0,20,45519,37834.43,16112164,13515938,0
2022-01-15,6188,6945383,4312,6001072,179,573765,15161,2568139,179,43407,15362,2617927,0,20,26041,36356.29,16138205,13526639,0
2022-01-16,2901,6948284,3247,6004319,95,573860,7839,2575978,86,43493,7934,2625861,0,20,14177,35759.43,16152382,13532891,0
2022-01-17,6038,6954322,6755,6011074,363,574223,14708,2590686,223,43716,14948,2640809,0,20,28104,33513.71,16180486,13546064,0
2022-01-18,8131,6962453,10325,6021399,395,574618,19697,2610383,320,44036,20046,2660855,0,20,38897,33533,16219383,13564944,0
2022-01-19,7428,6969881,9255,6030654,303,574921,17740,2628123,279,44315,18051,2678906,0,20,35038,32770,16254421,13581963,0
2022-01-20,6242,6976123,8563,6039217,305,575226,15292,2643415,250,44565,15568,2694474,0,20,30678,31207.71,16285099,13597099,0
2022-01-21,7533,6983656,7514,6046731,276,575502,18535,2661950,288,44853,18847,2713321,0,20,34170,29586.43,16319269,13612446,0
2022-01-22,5174,6988830,4936,6051667,131,575633,11339,2673289,128,44981,11491,2724812,0,20,21732,28970.86,16341001,13622711,0
2022-01-23,2791,6991621,3331,6054998,97,575730,6246,2679535,77,45058,6331,2731143,0,20,12550,28738.43,16353551,13628938,0
2022-01-24,6341,6997962,8208,6063206,262,575992,15089,2694624,244,45302,15360,2746503,0,20,30171,29033.71,16383722,13643776,0
2022-01-25,6157,7004119,7951,6071157,231,576223,14721,2709345,263,45565,15015,2761518,0,20,29354,27670.43,16413076,13658146,0
2022-01-26,5730,7009849,7180,6078337,289,576512,14031,2723376,216,45781,14274,2775792,0,20,27473,26589.71,16440549,13671372,0
2022-01-27,5234,7015083,7093,6085430,320,576832,14106,2737482,237,46018,14382,2790174,0,20,27029,26068.43,16467578,13684058,0
2022-01-28,6229,7021312,7882,6093312,205,577037,16146,2753628,240,46258,16409,2806583,0,20,30725,25576.29,16498303,13698397,0
2022-01-29,838,7022150,729,6094041,28,577065,2539,2756167,41,46299,2583,2809166,0,20,4178,23068.57,16502481,13699995,0
2022-01-30,2080,7024230,3026,6097067,103,577168,4549,2760716,62,46361,4614,2813780,0,20,9823,22679,16512304,13705207,0
2022-01-31,4988,7029218,6595,6103662,220,577388,11405,2772121,201,46562,11621,2825401,0,20,23424,21715.14,16535728,13717025,0
2022-02-01,4808,7034026,6450,6110112,220,577608,10730,2782851,221,46783,10969,2836370,0,20,22447,20728.43,16558175,13728521,0
2022-02-02,4251,7038277,5940,6116052,212,577820,11254,2794105,244,47027,11516,2847886,0,20,21919,19935,16580094,13738942,0
2022-02-03,4207,7042484,5817,6121869,216,578036,11236,2805341,202,47229,11463,2859349,0,20,21703,19174.14,16601797,13749207,0
2022-02-04,4741,7047225,7118,6128987,214,578250,13240,2818581,239,47468,13503,2872852,0,20,25576,18438.57,16627373,13761304,0
2022-02-05,3561,7050786,6053,6135040,110,578360,8590,2827171,156,47624,8761,2881613,0,20,18485,20482.43,16645858,13771043,0
2022-02-06,2057,7052843,2138,6137178,120,578480,4644,2831815,104,47728,4752,2886365,0,20,9068,20374.57,16654926,13775363,0
2022-02-07,4133,7056976,4742,6141920,205,578685,10144,2841959,236,47964,10405,2896770,0,20,19485,19811.86,16674411,13784468,0
2022-02-08,4199,7061175,5611,6147531,214,578899,11342,2853301,310,48274,11677,2908447,0,20,21701,19705.29,16696112,13794517,0
2022-02-09,4115,7065290,5404,6152935,222,579121,11678,2864979,258,48532,11960,2920407,0,20,21701,19674.14,16717813,13804282,0
2022-02-10,3971,7069261,5126,6158061,243,579364,12207,2877186,292,48824,12526,2932933,0,20,21866,19697.43,16739679,13813649,0
2022-02-11,4497,7073758,5811,6163872,195,579559,13743,2890929,326,49150,14101,2947034,0,20,24604,19558.57,16764283,13824184,0
2022-02-12,3245,7077003,4343,6168215,97,579656,8819,2899748,215,49365,9045,2956079,0,20,16730,19307.86,16781013,13831880,0
2022-02-13,1511,7078514,1542,6169757,41,579697,4888,2904636,112,49477,5005,2961084,0,20,8099,19169.43,16789112,13834979,0
2022-02-14,2972,7081486,3624,6173381,167,579864,10586,2915222,326,49803,10938,2972022,0,20,17701,18914.57,16806813,13841768,0
2022-02-15,3528,7085014,4079,6177460,174,580038,12800,2928022,286,50089,13102,2985124,0,20,20883,18797.71,16827696,13849565,0
2022-02-16,3630,7088644,3908,6181368,199,580237,15752,2943774,296,50385,16082,3001206,0,20,23819,19100.29,16851515,13857336,0
2022-02-17,4067,7092711,4082,6185450,161,580398,18362,2962136,365,50750,18757,3019963,0,20,27067,19843.29,16878582,13865676,0
2022-02-18,4441,7097152,4787,6190237,191,580589,21557,2983693,462,51212,22041,3042004,0,20,31460,20822.71,16910042,13875117,0
2022-02-19,3244,7100396,2183,6192420,65,580654,11192,2994885,217,51429,11420,3053424,0,20,16912,20848.71,16926954,13880620,0
2022-02-20,1845,7102241,1445,6193865,59,580713,6597,3001482,114,51543,6718,3060142,0,20,10067,21129.86,16937021,13883976,0
2022-02-21,3077,7105318,2695,6196560,95,580808,8357,3009839,234,51777,8604,3068746,0,20,14471,20668.43,16951492,13889856,0
2022-02-22,4364,7109682,4257,6200817,174,580982,10845,3020684,253,52030,11113,3079859,0,20,19908,20529.14,16971400,13898666,0
2022-02-23,4242,7113924,3795,6204612,145,581127,10678,3031362,244,52274,10938,3090797,0,20,19120,19857.86,16990520,13906864,0
2022-02-24,3781,7117705,3662,6208274,108,581235,10200,3041562,234,52508,10453,3101250,0,20,18004,18563.14,17008524,13914434,0
2022-02-25,3600,7121305,3635,6211909,135,581370,9987,3051549,245,52753,10245,3111495,0,20,17615,16585.29,17026139,13921817,0
2022-02-26,2821,7124126,2582,6214491,74,581444,9526,3061075,160,52913,9694,3121189,0,20,15171,16336.57,17041310,13927302,0
2022-02-27,1765,7125891,1373,6215864,52,581496,6273,3067348,102,53015,6382,3127571,0,20,9572,16265.86,17050882,13930499,0
2022-02-28,3775,7129666,3137,6219001,140,581636,13151,3080499,252,53267,13426,3140997,0,20,20478,17124,17071360,13937574,0
2022-03-01,2119,7131785,2631,6221632,103,581739,5190,3085689,187,53454,5384,3146381,0,20,10237,15742.43,17081597,13942434,0
2022-03-02,1829,7133614,2444,6224076,107,581846,4144,3089833,211,53665,4366,3150747,0,20,8746,14260.43,17090343,13946825,0
2022-03-03,1931,7135545,2560,6226636,106,581952,3803,3093636,171,53836,3987,3154734,0,20,8584,12914.71,17098927,13951435,0
2022-03-04,2118,7137663,2878,6229514,66,582018,4332,3097968,209,54045,4553,3159287,0,20,9615,11771.86,17108542,13956509,0
2022-03-05,1611,7139274,2123,6231637,43,582061,3317,3101285,120,54165,3440,3162727,0,20,7217,10635.57,17115759,13960289,0
2022-03-06,796,7140070,880,6232517,30,582091,1625,3102910,55,54220,1683,3164410,0,20,3389,9752.29,17119148,13961998,0
2022-03-07,1660,7141730,1789,6234306,87,582178,3505,3106415,160,54380,3680,3168090,0,20,7216,7857.71,17126364,13965549,0
2022-03-08,1548,7143278,1897,6236203,80,582258,3127,3109542,153,54533,3291,3171381,0,20,6816,7369,17133180,13969085,0
2022-03-09,1262,7144540,1682,6237885,80,582338,2594,3112136,129,54662,2728,3174109,0,20,5752,6941.29,17138932,13972114,0
2022-03-10,1412,7145952,2099,6239984,85,582423,2970,3115106,163,54825,3142,3177251,0,20,6738,6677.57,17145670,13975719,0
2022-03-11,1592,7147544,2277,6242261,81,582504,3214,3118320,190,55015,3422,3180673,0,20,7372,6357.14,17153042,13979687,0
2022-03-12,876,7148420,1416,6243677,42,582546,2010,3120330,75,55090,2088,3182761,0,20,4422,5957.86,17157464,13982024,0
2022-03-13,625,7149045,756,6244433,28,582574,1293,3121623,47,55137,1343,3184104,0,20,2752,5866.86,17160216,13983436,0
2022-03-14,1363,7150408,1615,6246048,83,582657,2996,3124619,208,55345,3224,3187328,0,20,6285,5733.86,17166501,13986517,0
2022-03-15,1354,7151762,1925,6247973,63,582720,3073,3127692,233,55578,3313,3190641,0,20,6655,5710.86,17173156,13989866,0
2022-03-16,1396,7153158,2062,6250035,94,582814,3147,3130839,295,55873,3458,3194099,0,20,7010,5890.57,17180166,13993434,0
2022-03-17,1192,7154350,1808,6251843,71,582885,2764,3133603,268,56141,3046,3197145,0,20,6117,5801.86,17186283,13996519,0
2022-03-18,1583,7155933,2219,6254062,79,582964,3776,3137379,421,56562,4203,3201348,0,20,8084,5903.57,17194367,14000406,0
2022-03-19,1106,7157039,1736,6255798,54,583018,2605,3139984,228,56790,2838,3204186,0,20,5734,6091,17200101,14003307,0
2022-03-20,606,7157645,630,6256428,33,583051,1469,3141453,186,56976,1659,3205845,0,20,2928,6116.14,17203029,14004580,0
2022-03-21,1416,7159061,1557,6257985,73,583124,3061,3144514,360,57336,3442,3209287,0,20,6488,6145.14,17209517,14007647,0
2022-03-22,1343,7160404,1554,6259539,101,583225,2908,3147422,346,57682,3264,3212551,0,20,6262,6089,17215779,14010655,0
2022-03-23,1258,7161662,1360,6260899,66,583291,2921,3150343,375,58057,3305,3215856,0,20,5989,5943.14,17221768,14013348,0
2022-03-24,1211,7162873,1299,6262198,90,583381,2522,3152865,270,58327,2802,3218658,0,20,5402,5841,17227170,14015958,0
2022-03-25,1380,7164253,1633,6263831,62,583443,3270,3156135,382,58709,3665,3222323,0,20,6740,5649,17233910,14019046,0
2022-03-26,926,7165179,1166,6264997,36,583479,2307,3158442,251,58960,2566,3224889,0,20,4694,5500.43,17238604,14021182,0
2022-03-27,574,7165753,528,6265525,29,583508,1315,3159757,202,59162,1519,3226408,0,20,2650,5460.71,17241254,14022315,0
2022-03-28,1079,7166832,1168,6266693,69,583577,2441,3162198,365,59527,2824,3229232,0,20,5140,5268.14,17246394,14024649,0
2022-03-29,1047,7167879,1105,6267798,85,583662,2514,3164712,885,60412,3419,3232651,1,21,5656,5181.57,17252050,14026905,0
2022-03-30,1238,7169117,1138,6268936,99,583761,3064,3167776,3412,63824,6563,3239214,0,21,9038,5617.14,17261088,14029467,0
2022-03-31,1276,7170393,1249,6270185,57,583818,3165,3170941,5525,69349,8828,3248042,0,21,11411,6475.57,17272499,14032188,0
2022-04-01,1424,7171817,1488,6271673,76,583894,3244,3174185,6919,76268,10321,3258363,0,21,13309,7414,17285808,14035334,0
2022-04-02,907,7172724,908,6272581,33,583927,2088,3176273,4540,80808,6723,3265086,0,21,8571,7967.86,17294379,14037277,0
2022-04-03,554,7173278,493,6273074,28,583955,1220,3177493,3059,83867,4341,3269427,0,21,5416,8363,17299795,14038414,0
2022-04-04,1348,7174626,1303,6274377,61,584016,2722,3180215,7718,91585,10594,3280021,0,21,13306,9529.57,17313101,14041280,0
2022-04-05,1294,7175920,1152,6275529,66,584082,2845,3183060,7501,99086,10520,3290541,0,21,13032,10583.29,17326133,14043966,0
2022-04-06,1333,7177253,1174,6276703,61,584143,2624,3185684,6966,106052,9748,3300289,0,21,12316,11051.57,17338449,14046692,0
2022-04-07,1205,7178458,1061,6277764,57,584200,2375,3188059,6626,112678,9146,3309435,0,21,11469,11059.86,17349918,14049160,0
2022-04-08,1478,7179936,1406,6279170,61,584261,3164,3191223,8796,121474,12149,3321584,0,21,15094,11314.86,17365012,14052294,0
2022-04-09,911,7180847,925,6280095,29,584290,2080,3193303,4954,126428,7118,3328702,0,21,8983,11373.71,17373995,14054243,0
2022-04-10,578,7181425,460,6280555,25,584315,1167,3194470,2902,129330,4130,3332832,0,21,5193,11341.86,17379188,14055367,0
2022-04-11,1307,7182732,1226,6281781,61,584376,2655,3197125,7837,137167,10642,3343474,0,21,13236,11331.86,17392424,14058111,0
2022-04-12,1213,7183945,1058,6282839,73,584449,2519,3199644,7446,144613,10135,3353609,0,21,12479,11252.86,17404903,14060625,0
2022-04-13,1230,7185175,1075,6283914,60,584509,2513,3202157,7546,152159,10208,3363817,0,21,12573,11289.57,17417476,14063139,0
2022-04-14,1261,7186436,1094,6285008,59,584568,2444,3204601,6590,158749,9157,3372974,0,21,11571,11304.14,17429047,14065676,0
2022-04-15,1332,7187768,1094,6286102,53,584621,2558,3207159,6635,165384,9319,3382293,0,21,11798,10833.29,17440845,14068281,0
2022-04-16,855,7188623,653,6286755,34,584655,1642,3208801,3690,169074,5399,3387692,0,21,6941,10541.57,17447786,14069890,0
2022-04-17,345,7188968,201,6286956,27,584682,638,3209439,1158,170232,1819,3389511,0,21,2392,10141.43,17450178,14070486,0
2022-04-18,1383,7190351,1114,6288070,82,584764,2583,3212022,6414,176646,9135,3398646,0,21,11714,9924,17461892,14073203,0
2022-04-19,1413,7191764,935,6289005,71,584835,2577,3214599,5757,182403,8436,3407082,0,21,10855,9692,17472747,14075724,0
2022-04-20,1304,7193068,1153,6290158,65,584900,2707,3217306,6645,189048,9491,3416573,0,21,12013,9612,17484760,14078385,0
2022-04-21,1225,7194293,1062,6291220,53,584953,2339,3219645,5396,194444,7853,3424426,0,21,10193,9415.14,17494953,14080843,0
2022-04-22,1236,7195529,1040,6292260,46,584999,2241,3221886,5780,200224,8132,3432558,0,21,10455,9223.29,17505408,14083277,0
2022-04-23,711,7196240,749,6293009,59,585058,1429,3223315,3350,203574,4846,3437404,0,21,6365,9141,17511773,14084863,0
2022-04-24,440,7196680,336,6293345,27,585085,808,3224123,1820,205394,2659,3440063,0,21,3462,9293.86,17515235,14085697,0
2022-04-25,1038,7197718,914,6294259,64,585149,1850,3225973,5093,210487,7055,3447118,0,21,9071,8916.29,17524306,14087825,0
2022-04-26,948,7198666,858,6295117,76,585225,1747,3227720,4694,215181,6535,3453653,0,21,8417,8568,17532723,14089801,0
2022-04-27,1036,7199702,1023,6296140,80,585305,1925,3229645,5213,220394,7258,3460911,0,21,9397,8194.29,17542120,14092060,0
2022-04-28,1082,7200784,987,6297127,50,585355,2003,3231648,4741,225135,6856,3467767,0,21,8975,8020.29,17551095,14094291,0
2022-04-29,1177,7201961,1097,6298224,60,585415,2157,3233805,5425,230560,7694,3475461,0,21,10028,7959.29,17561123,14096737,0
2022-04-30,724,7202685,743,6298967,50,585465,1390,3235195,2969,233529,4403,3479864,0,21,5920,7895.71,17567043,14098298,0
2022-05-01,445,7203130,366,6299333,20,585485,765,3235960,1657,235186,2453,3482317,0,21,3284,7870.29,17570327,14099160,0
2022-05-02,1047,7204177,792,6300125,52,585537,1675,3237635,3820,239006,5561,3487878,1,22,7453,7639.14,17577780,14101117,0
2022-05-03,1118,7205295,863,6300988,61,585598,1994,3239629,4872,243878,6961,3494839,0,22,9003,7722.86,17586783,14103254,0
2022-05-04,1007,7206302,883,6301871,48,585646,1924,3241553,4676,248554,6690,3501529,0,22,8628,7613,17595411,14105282,0
2022-05-05,1072,7207374,955,6302826,86,585732,1928,3243481,4881,253435,6908,3508437,0,22,9021,7619.57,17604432,14107494,0
2022-05-06,1094,7208468,954,6303780,51,585783,1860,3245341,4403,257838,6340,3514777,1,23,8439,7392.57,17612871,14109669,0
2022-05-07,661,7209129,590,6304370,32,585815,1202,3246543,2433,260271,3674,3518451,0,23,4957,7255,17617828,14110991,0
2022-05-08,411,7209540,243,6304613,17,585832,666,3247209,1388,261659,2076,3520527,0,23,2747,7178.29,17620575,14111684,0
2022-05-09,1077,7210617,943,6305556,60,585892,1894,3249103,4430,266089,6414,3526941,0,23,8494,7327,17629069,14113854,0
2022-05-10,1096,7211713,929,6306485,54,585946,1982,3251085,4718,270807,6805,3533746,0,23,8884,7310,17637953,14116038,0
2022-05-11,1086,7212799,972,6307457,44,585990,1942,3253027,4842,275649,6883,3540629,0,23,8985,7361,17646938,14118239,0
2022-05-12,1103,7213902,950,6308407,60,586050,2000,3255027,4666,280315,6763,3547392,0,23,8876,7340.29,17655814,14120449,0
2022-05-13,1157,7215059,1042,6309449,44,586094,2066,3257093,4800,285115,6956,3554348,0,23,9199,7448.86,17665013,14122782,0
2022-05-14,826,7215885,667,6310116,31,586125,1466,3258559,2954,288069,4462,3558810,0,23,5986,7595.86,17670999,14124348,0
2022-05-15,508,7216393,357,6310473,22,586147,924,3259483,1647,289716,2598,3561408,0,23,3485,7701.29,17674484,14125262,0
2022-05-16,1227,7217620,855,6311328,62,586209,1829,3261312,3866,293582,5758,3567166,1,24,7903,7616.86,17682387,14127469,0
2022-05-17,1289,7218909,933,6312261,79,586288,2044,3263356,4894,298476,7031,3574197,0,24,9332,7680.86,17691719,14129863,0
2022-05-18,1240,7220149,900,6313161,82,586370,2062,3265418,4941,303417,7113,3581310,1,25,9336,7731,17701055,14132195,0
2022-05-19,1160,7221309,881,6314042,36,586406,2116,3267534,4729,308146,6931,3588241,0,25,9008,7749.86,17710063,14134358,0
2022-05-20,1196,7222505,963,6315005,73,586479,2371,3269905,5202,313348,7687,3595928,0,25,9921,7853,17719984,14136706,0
2022-05-21,833,7223338,647,6315652,23,586502,1718,3271623,3305,316653,5084,3601012,0,25,6588,7939,17726572,14138271,0
2022-05-22,508,7223846,292,6315944,22,586524,1135,3272758,1839,318492,3008,3604020,0,25,3830,7988.29,17730402,14139127,0
2022-05-23,1221,7225067,886,6316830,52,586576,2185,3274943,4710,323202,6993,3611013,1,26,9153,8166.86,17739555,14141384,0
2022-05-24,1407,7226474,937,6317767,66,586642,2298,3277241,4492,327694,6892,3617905,0,26,9303,8162.71,17748858,14143897,0
2022-05-25,1416,7227890,954,6318721,56,586698,2258,3279499,4270,331964,6629,3624534,0,26,9056,8122.71,17757914,14146425,0
2022-05-26,1173,7229063,889,6319610,60,586758,2265,3281764,4151,336115,6484,3631018,1,27,8608,8065.57,17766522,14148616,0
2022-05-27,1243,7230306,959,6320569,38,586796,2498,3284262,3919,340034,6492,3637510,0,27,8733,7895.86,17775255,14150932,0
2022-05-28,712,7231018,518,6321087,19,586815,1783,3286045,2064,342098,3886,3641396,0,27,5135,7688.29,17780390,14152220,0
2022-05-29,473,7231491,215,6321302,11,586826,760,3286805,1126,343224,1905,3643301,0,27,2604,7513.14,17782994,14152938,0
2022-05-30,91,7231582,61,6321363,6,586832,139,3286944,144,343368,285,3643586,1,28,444,6269,17783438,14153098,0
2022-05-31,1138,7232720,919,6322282,51,586883,1895,3288839,3052,346420,5006,3648592,0,28,7114,5956.29,17790552,14155265,0
2022-06-01,1153,7233873,853,6323135,63,586946,1967,3290806,3429,349849,5469,3654061,0,28,7538,5739.43,17798090,14157407,0
2022-06-02,1033,7234906,799,6323934,72,587018,1823,3292629,3172,353021,5056,3659117,0,28,6960,5504,17805050,14159372,0
2022-06-03,1162,7236068,893,6324827,47,587065,2068,3294697,3497,356518,5631,3664748,0,28,7733,5361.14,17812783,14161540,0
2022-06-04,726,7236794,582,6325409,26,587091,1554,3296251,1905,358423,3494,3668242,0,28,4830,5317.57,17817613,14162911,0
2022-06-05,449,7237243,297,6325706,1,587092,880,3297131,981,359404,1870,3670112,0,28,2617,5319.43,17820230,14163667,0
2022-06-06,1125,7238368,827,6326533,64,587156,1753,3298884,2744,362148,4547,3674659,0,28,6563,6193.57,17826793,14165733,0
2022-06-07,1025,7239393,770,6327303,70,587226,1789,3300673,2564,364712,4400,3679059,0,28,6265,6072.29,17833058,14167645,0
2022-06-08,1094,7240487,835,6328138,75,587301,1877,3302550,2750,367462,4689,3683748,0,28,6694,5951.71,17839752,14169712,0
2022-06-09,1140,7241627,840,6328978,62,587363,2227,3304777,2692,370154,4971,3688719,0,28,7013,5959.29,17846765,14171806,0
2022-06-10,1047,7242674,818,6329796,75,587438,1879,3306656,2829,372983,4764,3693483,0,28,6704,5812.29,17853469,14173802,0
2022-06-11,679,7243353,508,6330304,25,587463,1326,3307982,1504,374487,2856,3696339,0,28,4068,5703.43,17857537,14175040,0
2022-06-12,351,7243704,287,6330591,21,587484,876,3308858,774,375261,1660,3697999,0,28,2319,5660.86,17859856,14175709,0
2022-06-13,1029,7244733,768,6331359,63,587547,1575,3310433,2187,377448,3801,3701800,0,28,5662,5532.14,17865518,14177609,0
2022-06-14,966,7245699,833,6332192,64,587611,1686,3312119,2504,379952,4250,3706050,0,28,6113,5510.43,17871631,14179532,0
2022-06-15,968,7246667,864,6333056,39,587650,1667,3313786,2420,382372,4145,3710195,0,28,6016,5413.57,17877647,14181461,0
2022-06-16,962,7247629,775,6333831,59,587709,1831,3315617,2369,384741,4253,3714448,1,29,6049,5275.86,17883696,14183309,0
2022-06-17,901,7248530,799,6334630,48,587757,1770,3317387,2398,387139,4211,3718659,0,29,5960,5169.57,17889656,14185101,0
2022-06-18,658,7249188,521,6335151,26,587783,1280,3318667,1297,388436,2605,3721264,1,30,3810,5132.71,17893466,14186333,0
2022-06-19,346,7249534,235,6335386,16,587799,727,3319394,608,389044,1347,3722611,0,30,1944,5079.14,17895410,14186942,0
2022-06-20,834,7250368,488,6335874,41,587840,1572,3320966,1614,390658,3224,3725835,0,30,4587,4925.57,17899997,14188343,0
2022-06-21,1135,7251503,740,6336614,50,587890,1698,3322664,2143,392801,3898,3729733,0,30,5824,4884.29,17905821,14190326,0
2022-06-22,1964,7253467,834,6337448,46,587936,1704,3324368,1993,394794,3740,3733473,0,30,6584,4965.43,17912405,14193213,0
2022-06-23,2120,7255587,763,6338211,65,588001,1698,3326066,2153,396947,3901,3737374,0,30,6850,5079.86,17919255,14196212,0
2022-06-24,2173,7257760,758,6338969,48,588049,1623,3327689,2158,399105,3829,3741203,0,30,6808,5201,17926063,14199239,0
2022-06-25,2139,7259899,497,6339466,15,588064,1234,3328923,1142,400247,2389,3743592,0,30,5044,5377.29,17931107,14201907,0
2022-06-26,1212,7261111,248,6339714,14,588078,686,3329609,531,400778,1223,3744815,0,30,2697,5484.86,17933804,14203387,0
2022-06-27,1532,7262643,654,6340368,60,588138,1464,3331073,1654,402432,3158,3747973,0,30,5404,5601.57,17939208,14205673,0
2022-06-28,1692,7264335,831,6341199,57,588195,1857,3332930,2144,404576,4046,3752019,0,30,6626,5716.14,17945834,14208298,0
2022-06-29,1859,7266194,777,6341976,48,588243,1717,3334647,1928,406504,3684,3755703,0,30,6368,5685.29,17952202,14211021,0
2022-06-30,1869,7268063,806,6342782,46,588289,1731,3336378,2133,408637,3908,3759611,0,30,6629,5653.71,17958831,14213786,0
2022-07-01,1602,7269665,598,6343380,26,588315,1394,3337772,1726,410363,3153,3762764,0,30,5379,5449.57,17964210,14216045,0
2022-07-02,978,7270643,389,6343769,18,588333,836,3338608,941,411304,1794,3764558,0,30,3179,5183.14,17967389,14217447,0
2022-07-03,530,7271173,205,6343974,7,588340,459,3339067,487,411791,949,3765507,0,30,1691,5039.43,17969080,14218192,0
2022-07-04,36,7271209,25,6343999,1,588341,31,3339098,38,411829,69,3765576,0,30,131,4286.14,17969211,14218254,0
2022-07-05,1295,7272504,758,6344757,35,588376,1405,3340503,1738,413567,3173,3768749,0,30,5261,4091.14,17974472,14220372,0
2022-07-06,1611,7274115,680,6345437,44,588420,1445,3341948,1841,415408,3325,3772074,0,30,5660,3990,17980132,14222746,0
2022-07-07,1592,7275707,713,6346150,48,588468,1528,3343476,2002,417410,3567,3775641,0,30,5920,3888.71,17986052,14225136,0
2022-07-08,1632,7277339,650,6346800,37,588505,1475,3344951,1976,419386,3500,3779141,0,30,5821,3951.86,17991873,14227506,0
2022-07-09,983,7278322,427,6347227,26,588531,879,3345830,1346,420732,2256,3781397,0,30,3692,4025.14,17995565,14228973,0
2022-07-10,638,7278960,187,6347414,17,588548,429,3346259,659,421391,1098,3782495,0,30,1940,4060.71,17997505,14229825,0
2022-07-11,1397,7280357,635,6348049,49,588597,1437,3347696,2213,423604,3684,3786179,0,30,5765,4865.57,18003270,14231940,0
2022-07-12,1404,7281761,687,6348736,45,588642,1399,3349095,2515,426119,3987,3790166,0,30,6123,4988.71,18009393,14234149,0
2022-07-13,1620,7283381,725,6349461,37,588679,1524,3350619,2830,428949,4418,3794584,0,30,6800,5151.57,18016193,14236595,0
2022-07-14,1589,7284970,842,6350303,47,588726,1602,3352221,3060,432009,4733,3799317,0,30,7212,5336.14,18023405,14239145,0
2022-07-15,1615,7286585,938,6351241,47,588773,1571,3353792,3050,435059,4680,3803997,0,30,7280,5544.57,18030685,14241804,0
2022-07-16,882,7287467,585,6351826,9,588782,981,3354773,1696,436755,2707,3806704,0,30,4183,5614.71,18034868,14243310,0
2022-07-17,550,7288017,290,6352116,16,588798,527,3355300,1168,437923,1719,3808423,0,30,2575,5705.43,18037443,14244190,0
2022-07-18,1404,7289421,841,6352957,45,588843,1431,3356731,2455,440378,3942,3812365,0,30,6232,5772.14,18043675,14246536,0
2022-07-19,1443,7290864,977,6353934,51,588894,1535,3358266,2799,443177,4427,3816792,0,30,6898,5882.86,18050573,14249100,0
2022-07-20,1381,7292245,1483,6355417,50,588944,1352,3359618,2395,445572,3805,3820597,0,30,6720,5871.43,18057293,14252073,0
2022-07-21,1334,7293579,1434,6356851,50,588994,1394,3361012,2363,447935,3804,3824401,0,30,6622,5787.14,18063915,14254938,0
2022-07-22,1429,7295008,1569,6358420,41,589035,1562,3362574,2853,450788,4496,3828897,0,30,7535,5823.57,18071450,14258058,0
2022-07-23,903,7295911,1099,6359519,17,589052,995,3363569,1555,452343,2584,3831481,3,33,4606,5884,18076056,14260111,0
2022-07-24,485,7296396,642,6360161,14,589066,503,3364072,804,453147,1315,3832796,0,33,2457,5867.14,18078513,14261261,0
2022-07-25,1227,7297623,766,6360927,59,589125,1262,3365334,2060,455207,3376,3836172,0,33,5428,5752.29,18083941,14263367,0
2022-07-26,1232,7298855,1021,6361948,41,589166,1471,3366805,2442,457649,3970,3840142,0,33,6265,5661.86,18090206,14265719,0
2022-07-27,1319,7300174,1277,6363225,42,589208,1387,3368192,2192,459841,3638,3843780,2,35,6280,5599,18096486,14268418,0
2022-07-28,1311,7301485,1422,6364647,71,589279,1424,3369616,2217,462058,3689,3847469,1,36,6494,5580.71,18102980,14271270,0
2022-07-29,1317,7302802,1430,6366077,64,589343,1360,3370976,2153,464211,3557,3851026,0,36,6369,5414.14,18109349,14274126,0
2022-07-30,737,7303539,713,6366790,25,589368,790,3371766,952,465163,1762,3852788,0,36,3240,5219,18112589,14275624,0
2022-07-31,422,7303961,590,6367380,14,589382,488,3372254,571,465734,1065,3853853,0,36,2091,5166.71,18114680,14276656,0
2022-08-01,1238,7305199,912,6368292,55,589437,1330,3373584,1505,467239,2880,3856733,1,37,5086,5117.86,18119766,14278906,0
2022-08-02,1230,7306429,1013,6369305,73,589510,1347,3374931,1598,468837,2990,3859723,0,37,5306,4980.86,18125072,14281267,0
2022-08-03,1265,7307694,1190,6370495,41,589551,1339,3376270,1529,470366,2907,3862630,0,37,5403,4855.57,18130475,14283802,0
2022-08-04,1191,7308885,1188,6371683,57,589608,1286,3377556,1457,471823,2772,3865402,0,37,5208,4671.86,18135683,14286267,0
2022-08-05,1318,7310203,1448,6373131,49,589657,1309,3378865,1441,473264,2774,3868176,0,37,5589,4560.43,18141272,14289106,0
2022-08-06,695,7310898,842,6373973,14,589671,762,3379627,777,474041,1564,3869740,0,37,3116,4542.71,18144388,14290683,0
2022-08-07,391,7311289,457,6374430,14,589685,423,3380050,354,474395,787,3870527,0,37,1649,4479.57,18146037,14291555,0
2022-08-08,1194,7312483,933,6375363,70,589755,1272,3381322,1174,475569,2476,3873003,0,37,4673,4420.57,18150710,14293782,0
2022-08-09,1134,7313617,893,6376256,38,589793,1228,3382550,1159,476728,2419,3875422,0,37,4484,4303.14,18155194,14295879,0
2022-08-10,1224,7314841,1109,6377365,59,589852,1257,3383807,1246,477974,2537,3877959,0,37,4929,4235.43,18160123,14298305,0
2022-08-11,1281,7316122,1069,6378434,84,589936,1211,3385018,1278,479252,2529,3880488,0,37,4963,4200.43,18165086,14300779,0
2022-08-12,1301,7317423,1407,6379841,55,589991,1267,3386285,1249,480501,2546,3883034,0,37,5309,4160.43,18170395,14303572,0
2022-08-13,758,7318181,786,6380627,15,590006,763,3387048,629,481130,1411,3884445,0,37,2970,4139.57,18173365,14305150,0
2022-08-14,473,7318654,478,6381105,20,590026,405,3387453,281,481411,689,3885134,0,37,1660,4141.14,18175025,14306124,0
2022-08-15,1246,7319900,1060,6382165,60,590086,1317,3388770,989,482400,2346,3887480,1,38,4713,4146.86,18179738,14308530,0
2022-08-16,1309,7321209,869,6383034,50,590136,1363,3390133,1075,483475,2470,3889950,0,38,4698,4177.43,18184436,14310790,0
2022-08-17,1214,7322423,957,6383991,39,590175,1235,3391368,1005,484480,2278,3892228,0,38,4488,4114.43,18188924,14313038,0
2022-08-18,1168,7323591,945,6384936,45,590220,1267,3392635,946,485426,2238,3894466,0,38,4396,4033.43,18193320,14315221,0
2022-08-19,1254,7324845,1131,6386067,34,590254,1115,3393750,979,486405,2124,3896590,6,44,4549,3924.86,18197869,14317670,0
2022-08-20,586,7325431,493,6386560,16,590270,630,3394380,504,486909,1147,3897737,0,44,2242,3820.86,18200111,14318778,0
2022-08-21,358,7325789,243,6386803,9,590279,382,3394762,267,487176,652,3898389,0,44,1262,3764,18201373,14319391,0
2022-08-22,1219,7327008,920,6387723,40,590319,1232,3395994,887,488063,2147,3900536,0,44,4326,3708.71,18205699,14321598,0
2022-08-23,1240,7328248,1050,6388773,48,590367,1377,3397371,962,489025,2367,3902903,3,47,4708,3710.14,18210407,14323964,0
2022-08-24,1267,7329515,1014,6389787,29,590396,1291,3398662,823,489848,2138,3905041,0,47,4449,3704.57,18214856,14326299,0
2022-08-25,1223,7330738,992,6390779,66,590462,1183,3399845,812,490660,2011,3907052,4,51,4295,3690.14,18219151,14328595,0
2022-08-26,1187,7331925,1179,6391958,53,590515,1192,3401037,778,491438,1991,3909043,1,52,4410,3670.29,18223561,14331034,0
2022-08-27,697,7332622,541,6392499,14,590529,670,3401707,404,491842,1087,3910130,2,54,2341,3684.43,18225902,14332299,0
2022-08-28,381,7333003,237,6392736,10,590539,443,3402150,227,492069,673,3910803,0,54,1301,3690,18227203,14332930,0
2022-08-29,1255,7334258,972,6393708,41,590580,1218,3403368,682,492751,1921,3912724,0,54,4190,3670.57,18231393,14335220,0
2022-08-30,1270,7335528,939,6394647,36,590616,1266,3404634,766,493517,2062,3914786,2,56,4309,3613.57,18235702,14337495,0
2022-08-31,1154,7336682,1012,6395659,43,590659,1103,3405737,572,494089,1696,3916482,0,56,3906,3536,18239608,14339726,0
2022-09-01,1025,7337707,962,6396621,51,590710,804,3406541,454,494543,1272,3917754,5,61,3315,3396,18242923,14341778,0
2022-09-02,977,7338684,1018,6397639,29,590739,590,3407131,175,494718,772,3918526,92,153,2873,3176.43,18245796,14343794,0
2022-09-03,530,7339214,447,6398086,12,590751,367,3407498,50,494768,421,3918947,312,465,1674,3081.14,18247470,14344739,0
2022-09-04,252,7339466,212,6398298,10,590761,188,3407686,25,494793,215,3919162,312,777,958,3032.14,18248428,14345172,0
2022-09-05,78,7339544,71,6398369,7,590768,44,3407730,16,494809,61,3919223,9,786,226,2465.86,18248654,14345329,0
2022-09-06,1122,7340666,1227,6399596,50,590818,629,3408359,130,494939,768,3919991,1269,2055,4215,2452.43,18252869,14347516,0
2022-09-07,1477,7342143,1383,6400979,38,590856,479,3408838,148,495087,646,3920637,6446,8501,9104,3195,18261973,14349547,0
2022-09-08,1529,7343672,1198,6402177,36,590892,251,3409089,111,495198,378,3921015,7795,16296,9808,4122.57,18271781,14351198,0
2022-09-09,1541,7345213,1603,6403780,48,590940,280,3409369,122,495320,433,3921448,9771,26067,12246,5461.57,18284027,14353271,0
2022-09-10,847,7346060,839,6404619,12,590952,263,3409632,44,495364,321,3921769,5316,31383,6746,6186.14,18290773,14354394,0
2022-09-11,497,7346557,441,6405060,11,590963,86,3409718,30,495394,125,3921894,3942,35325,4529,6696.29,18295302,14354865,0
2022-09-12,1682,7348239,1443,6406503,39,591002,205,3409923,90,495484,329,3922223,11660,46985,13542,8598.57,18308844,14356452,0
2022-09-13,1406,7349645,1273,6407776,32,591034,219,3410142,114,495598,382,3922605,9726,56711,11725,9671.43,18320569,14358118,0
2022-09-14,1415,7351060,1274,6409050,31,591065,224,3410366,123,495721,386,3922991,11001,67712,13044,10234.29,18333613,14359814,0
2022-09-15,1567,7352627,1282,6410332,22,591087,224,3410590,112,495833,371,3923362,12064,79776,14083,10845,18347696,14361497,0
2022-09-16,1692,7354319,1638,6411970,27,591114,266,3410856,154,495987,475,3923837,13785,93561,16238,11415.29,18363934,14363530,0
2022-09-17,804,7355123,867,6412837,12,591126,272,3411128,77,496064,372,3924209,6992,100553,8400,11651.57,18372334,14364589,0
2022-09-18,522,7355645,413,6413250,7,591133,74,3411202,26,496090,113,3924322,4480,105033,4972,11714.86,18377306,14364981,0
2022-09-19,1564,7357209,1324,6414574,29,591162,225,3411427,95,496185,346,3924668,13806,118839,15506,11995.43,18392812,14366361,0
2022-09-20,1441,7358650,1252,6415826,27,591189,218,3411645,90,496275,356,3925024,13176,132015,14970,12459,18407782,14367847,0
2022-09-21,1670,7360320,1345,6417171,31,591220,258,3411903,130,496405,421,3925445,14817,146832,16717,12983.71,18424499,14369359,0
2022-09-22,1471,7361791,1261,6418432,28,591248,171,3412074,138,496543,357,3925802,13202,160034,15015,13116.86,18439514,14370863,0
2022-09-23,1750,7363541,1650,6420082,24,591272,249,3412323,136,496679,447,3926249,16864,176898,19151,13533,18458665,14372765,0
2022-09-24,799,7364340,887,6420969,8,591280,267,3412590,67,496746,353,3926602,7475,184373,8825,13593.71,18467490,14373781,0
2022-09-25,484,7364824,395,6421364,1,591281,72,3412662,47,496793,128,3926730,4508,188881,4993,13596.71,18472483,14374147,0
2022-09-26,1578,7366402,1249,6422613,16,591297,284,3412946,144,496937,485,3927215,14996,203877,16687,13765.43,18489170,14375410,0
2022-09-27,1543,7367945,1306,6423919,26,591323,282,3413228,166,497103,484,3927699,14124,218001,16102,13927.14,18505272,14376940,0
2022-09-28,1618,7369563,1298,6425217,18,591341,188,3413416,184,497287,426,3928125,15480,233481,17249,14003.14,18522521,14378337,0
2022-09-29,1685,7371248,1298,6426515,19,591360,173,3413589,101,497388,310,3928435,15351,248832,17199,14315.14,18539720,14379911,0
2022-09-30,1650,7372898,1558,6428073,13,591373,181,3413770,175,497563,402,3928837,16478,265310,18640,14242.14,18558360,14381717,0
2022-10-01,717,7373615,666,6428739,5,591378,132,3413902,35,497598,176,3929013,7035,272345,7923,14113.29,18566283,14382438,0
2022-10-02,515,7374130,430,6429169,5,591383,46,3413948,45,497643,105,3929118,4430,276775,4838,14091.14,18571121,14382755,0
2022-10-03,1555,7375685,1186,6430355,23,591406,155,3414103,114,497757,315,3929433,14558,291333,15953,13986.29,18587074,14383881,0
2022-10-04,1387,7377072,1157,6431512,15,591421,150,3414253,120,497877,297,3929730,13368,304701,14763,13795,18601837,14385006,0
2022-10-05,1604,7378676,1287,6432799,17,591438,280,3414533,164,498041,497,3930227,14843,319544,16665,13711.57,18618502,14386384,0
2022-10-06,1491,7380167,1248,6434047,19,591457,167,3414700,161,498202,386,3930613,14939,334483,16602,13626.29,18635104,14387719,0
2022-10-07,1670,7381837,1426,6435473,15,591472,168,3414868,133,498335,363,3930976,17057,351540,19013,13679.57,18654117,14389374,0
2022-10-08,763,7382600,683,6436156,4,591476,143,3415011,62,498397,222,3931198,7690,359230,8619,13779,18662736,14390098,0
2022-10-09,493,7383093,409,6436565,5,591481,47,3415058,54,498451,119,3931317,4694,363924,5117,13818.86,18667853,14390420,0
2022-10-10,1551,7384644,1249,6437814,14,591495,173,3415231,117,498568,329,3931646,15177,379101,16469,13892.57,18684322,14391422,0
2022-10-11,1650,7386294,1105,6438919,19,591514,178,3415409,152,498720,385,3932031,14283,393384,15815,14042.86,18700137,14392624,0
2022-10-12,1864,7388158,1313,6440232,17,591531,133,3415542,182,498902,382,3932413,16191,409575,17782,14202.43,18717919,14393900,0
2022-10-13,1623,7389781,1143,6441375,28,591559,132,3415674,196,499098,400,3932813,13954,423529,15477,14041.71,18733396,14395095,0
2022-10-14,1818,7391599,1538,6442913,25,591584,130,3415804,179,499277,363,3933176,17114,440643,19095,14053.43,18752491,14396767,0
2022-10-15,771,7392370,639,6443552,9,591593,90,3415894,68,499345,179,3933355,7591,448234,8447,14028.86,18760938,14397465,0
2022-10-16,566,7392936,410,6443962,3,591596,25,3415919,65,499410,121,3933476,4730,452964,5171,14036.57,18766109,14397816,0
2022-10-17,1817,7394753,1249,6445211,18,591614,83,3416002,118,499528,237,3933713,16042,469006,17357,14163.43,18783466,14398930,0
2022-10-18,1698,7396451,1167,6446378,20,591634,101,3416103,141,499669,289,3934002,14609,483615,15991,14188.57,18799457,14400070,0
2022-10-19,2099,7398550,1321,6447699,21,591655,83,3416186,144,499813,290,3934292,16186,499801,17652,14170,18817109,14401309,0
2022-10-20,1696,7400246,1172,6448871,10,591665,85,3416271,153,499966,305,3934597,15365,515166,16814,14361,18833923,14402520,0
2022-10-21,1813,7402059,1349,6450220,11,591676,92,3416363,149,500115,293,3934890,16713,531879,18367,14257,18852290,14403933,0
2022-10-22,747,7402806,669,6450889,9,591685,43,3416406,46,500161,99,3934989,7665,539544,8394,14249.43,18860684,14404573,0
2022-10-23,523,7403329,367,6451256,3,591688,21,3416427,39,500200,69,3935058,4790,544334,5065,14234.29,18865749,14404788,0
2022-10-24,1751,7405080,1211,6452467,19,591707,70,3416497,114,500314,224,3935282,15522,559856,16805,14155.43,18882554,14405887,0
2022-10-25,1660,7406740,1187,6453654,12,591719,93,3416590,111,500425,233,3935515,14990,574846,16288,14197.86,18898842,14406981,0
2022-10-26,1865,7408605,1331,6454985,11,591730,90,3416680,169,500594,338,3935853,16754,591600,18225,14279.71,18917067,14408193,0
2022-10-27,1589,7410194,1072,6456057,13,591743,95,3416775,138,500732,288,3936141,15025,606625,16346,14212.86,18933413,14409281,0
2022-10-28,1706,7411900,1417,6457474,17,591760,104,3416879,150,500882,308,3936449,16732,623357,18531,14236.29,18951944,14410826,0
2022-10-29,696,7412596,545,6458019,9,591769,68,3416947,58,500940,140,3936589,7722,631079,8398,14236.86,18960342,14411376,0
2022-10-30,522,7413118,305,6458324,3,591772,19,3416966,57,500997,92,3936681,4484,635563,4770,14194.71,18965112,14411586,0
2022-10-31,1682,7414800,1112,6459436,8,591780,48,3417014,126,501123,217,3936898,14557,650120,15504,14008.86,18980616,14412359,0
2022-11-01,1670,7416470,1021,6460457,18,591798,75,3417089,129,501252,235,3937133,13572,663692,14880,13807.71,18995496,14413463,0
2022-11-02,1743,7418213,1126,6461583,17,591815,88,3417177,122,501374,252,3937385,14832,678524,16094,13503.29,19011590,14414515,0
2022-11-03,1421,7419634,1033,6462616,13,591828,83,3417260,163,501537,323,3937708,12553,691077,13822,13142.71,19025412,14415538,0
2022-11-04,1750,7421384,1220,6463836,14,591842,101,3417361,141,501678,275,3937983,15415,706492,17017,12926.43,19042429,14416898,0
2022-11-05,825,7422209,533,6464369,6,591848,67,3417428,80,501758,161,3938144,7029,713521,7748,12833.57,19050177,14417470,0
2022-11-06,407,7422616,330,6464699,4,591852,20,3417448,49,501807,106,3938250,4067,717588,4409,12782,19054586,14417743,0
2022-11-07,1639,7424255,1069,6465768,14,591866,75,3417523,99,501906,210,3938460,13201,730789,14356,12618,19068942,14418724,0
2022-11-08,1536,7425791,1004,6466772,7,591873,96,3417619,130,502036,260,3938720,12000,742789,13250,12385.14,19082192,14419748,0
2022-11-09,1569,7427360,1052,6467824,9,591882,85,3417704,113,502149,243,3938963,12131,754920,13382,11997.71,19095574,14420801,0
2022-11-10,1487,7428847,1009,6468833,14,591896,72,3417776,147,502296,276,3939239,12211,767131,13492,11950.57,19109066,14421863,0
2022-11-11,1501,7430348,1070,6469903,11,591907,97,3417873,100,502396,218,3939457,12742,779873,14169,11543.71,19123235,14423093,0
2022-11-12,668,7431016,515,6470418,2,591909,57,3417930,61,502457,128,3939585,6421,786294,7038,11442.29,19130273,14423592,0
2022-11-13,497,7431513,343,6470761,4,591913,16,3417946,68,502525,99,3939684,3893,790187,4212,11414.14,19134485,14423827,0
2022-11-14,1446,7432959,1023,6471784,19,591932,59,3418005,113,502638,203,3939887,11591,801778,12699,11177.43,19147184,14424763,0
2022-11-15,1484,7434443,1004,6472788,15,591947,103,3418108,166,502804,294,3940181,11231,813009,12608,11085.71,19159792,14425871,0
2022-11-16,1608,7436051,1031,6473819,21,591968,65,3418173,144,502948,244,3940425,11534,824543,12770,10998.29,19172562,14426898,0
2022-11-17,1381,7437432,969,6474788,10,591978,64,3418237,161,503109,264,3940689,10487,835030,11735,10747.29,19184297,14427921,0
2022-11-18,1566,7438998,1096,6475884,12,591990,67,3418304,118,503227,216,3940905,12259,847289,13845,10701,19198142,14429322,0
2022-11-19,681,7439679,439,6476323,4,591994,56,3418360,60,503287,125,3941030,5883,853172,6547,10630.86,19204689,14429870,0
2022-11-20,472,7440151,309,6476632,4,591998,12,3418372,35,503322,65,3941095,3536,856708,3834,10576.86,19208523,14430121,0
2022-11-21,1517,7441668,918,6477550,4,592002,51,3418423,81,503403,149,3941244,10388,867096,11356,10385,19219879,14430957,0
2022-11-22,1267,7442935,813,6478363,7,592009,53,3418476,88,503491,157,3941401,9235,876331,10244,10047.29,19230123,14431825,0
2022-11-23,1286,7444221,725,6479088,11,592020,63,3418539,74,503565,163,3941564,8640,884971,9554,9587.86,19239677,14432602,0
2022-11-24,18,7444239,10,6479098,2,592022,0,3418539,6,503571,8,3941572,110,885081,134,7930.57,19239811,14432620,0
2022-11-25,679,7444918,473,6479571,13,592035,35,3418574,53,503624,108,3941680,5667,890748,6394,6866.14,19246205,14433259,0
2022-11-26,587,7445505,377,6479948,2,592037,15,3418589,42,503666,62,3941742,4875,895623,5311,6689.57,19251516,14433638,0
2022-11-27,401,7445906,219,6480167,1,592038,10,3418599,23,503689,48,3941790,3174,898797,3361,6622,19254877,14433792,0
2022-11-28,936,7446842,692,6480859,9,592047,56,3418655,62,503751,138,3941928,6922,905719,7875,6124.71,19262752,14434627,0
2022-11-29,904,7447746,701,6481560,8,592055,44,3418699,73,503824,143,3942071,6810,912529,7834,5780.43,19270586,14435534,0
2022-11-30,1198,7448944,866,6482426,14,592069,49,3418748,53,503877,122,3942193,8628,921157,9624,5790.43,19280210,14436428,0
2022-12-01,1114,7450058,763,6483189,11,592080,59,3418807,95,503972,180,3942373,8414,929571,9457,7122.29,19289667,14437317,0
2022-12-02,1310,7451368,962,6484151,13,592093,69,3418876,101,504073,190,3942563,10135,939706,11437,7842.71,19301104,14438449,0
2022-12-03,590,7451958,419,6484570,12,592105,40,3418916,40,504113,83,3942646,4903,944609,5418,7858,19306522,14438884,0
2022-12-04,420,7452378,282,6484852,4,592109,6,3418922,26,504139,39,3942685,3268,947877,3490,7876.43,19310012,14439074,0
2022-12-05,1146,7453524,762,6485614,15,592124,55,3418977,69,504208,140,3942825,8533,956410,9516,8110.86,19319528,14439933,0
2022-12-06,1164,7454688,765,6486379,11,592135,62,3419039,86,504294,167,3942992,8109,964519,9084,8289.43,19328612,14440760,0
2022-12-07,1195,7455883,746,6487125,12,592147,64,3419103,80,504374,166,3943158,8191,972710,9206,8229.71,19337818,14441631,0
2022-12-08,1095,7456978,741,6487866,13,592160,65,3419168,73,504447,159,3943317,8622,981332,9630,8254.43,19347448,14442501,0
2022-12-09,1232,7458210,957,6488823,13,592173,82,3419250,100,504547,207,3943524,10234,991566,11585,8275.57,19359033,14443670,0
2022-12-10,668,7458878,461,6489284,7,592180,38,3419288,75,504622,131,3943655,6068,997634,6640,8450.14,19365673,14444129,0
2022-12-11,422,7459300,259,6489543,4,592184,11,3419299,35,504657,56,3943711,3638,1001272,3838,8499.86,19369511,14444283,0
2022-12-12,1311,7460611,790,6490333,19,592203,76,3419375,104,504761,205,3943916,9847,1011119,10875,8694,19380386,14445131,0
2022-12-13,1259,7461870,834,6491167,17,592220,51,3419426,91,504852,169,3944085,9666,1020785,10671,8920.71,19391057,14445994,0
2022-12-14,1167,7463037,819,6491986,11,592231,59,3419485,78,504930,160,3944245,9498,1030283,10412,9093,19401469,14446771,0
2022-12-15,1166,7464203,691,6492677,10,592241,56,3419541,89,505019,161,3944406,8370,1038653,9278,9042.71,19410747,14447534,0
2022-12-16,1177,7465380,789,6493466,12,592253,67,3419608,116,505135,205,3944611,9146,1047799,10288,8857.43,19421035,14448493,0
2022-12-17,650,7466030,448,6493914,8,592261,29,3419637,34,505169,76,3944687,5724,1053523,6187,8792.71,19427222,14448893,0
2022-12-18,436,7466466,231,6494145,2,592263,14,3419651,23,505192,47,3944734,3363,1056886,3567,8754,19430789,14449060,0
2022-12-19,1181,7467647,771,6494916,6,592269,48,3419699,79,505271,140,3944874,8748,1065634,9631,8576.29,19440420,14449816,0
2022-12-20,1189,7468836,742,6495658,16,592285,81,3419780,136,505407,273,3945147,8395,1074029,9496,8408.43,19449916,14450700,0
2022-12-21,1077,7469913,664,6496322,16,592301,48,3419828,94,505501,172,3945319,8085,1082114,8934,8197.29,19458850,14451407,0
2022-12-22,975,7470888,576,6496898,4,592305,37,3419865,68,505569,123,3945442,6712,1088826,7423,7932.29,19466273,14452013,0
2022-12-23,824,7471712,497,6497395,10,592315,36,3419901,58,505627,107,3945549,5793,1094619,6378,7373.71,19472651,14452504,120000
2022-12-24,179,7471891,107,6497502,1,592316,2,3419903,15,505642,21,3945570,1315,1095934,1433,6694.57,19474084,14452605,120000
2022-12-25,5,7471896,3,6497505,0,592316,0,3419903,0,505642,0,3945570,23,1095957,26,6188.71,19474110,14452608,120000
2022-12-26,564,7472460,261,6497766,16,592332,14,3419917,22,505664,41,3945611,3222,1099179,3520,5315.71,19477630,14452870,120000
2022-12-27,1058,7473518,578,6498344,12,592344,55,3419972,55,505719,119,3945730,6967,1106146,7728,5063.14,19485358,14453521,120000
2022-12-28,1027,7474545,537,6498881,7,592351,52,3420024,59,505778,121,3945851,6650,1112796,7395,4843.29,19492753,14454155,120000
2022-12-29,305,7474850,220,6499101,1,592352,24,3420048,47,505825,88,3945939,2308,1115104,2684,4166.29,19495437,14454460,120000
