"DATE","ADMIN_DOSE1_DAILY","ADMIN_DOSE1_CUMULATIVE","ADMIN_DOSE2_DAILY","ADMIN_DOSE2_CUMULATIVE","ADMIN_SINGLE_DAILY","ADMIN_SINGLE_CUMULATIVE","ADMIN_ADDITIONAL1_DAILY","ADMIN_ADDITIONAL1_CUMULATIVE","ADMIN_ADDITIONAL2_DAILY","ADMIN_ADDITIONAL2_CUMULATIVE","ADMIN_ADDITIONAL_DAILY","ADMIN_ADDITIONAL_CUMULATIVE","ADMIN_ALLDOSES_DAILY","ADMIN_ALLDOSES_7DAYAVG","ADMIN_ALLDOSES_CUMULATIVE","INCOMPLETE"
"2020-12-14",79,79,0,0,0,0,0,0,0,0,0,0,79,,79,0
"2020-12-15",2051,2130,6,6,4,4,0,0,0,0,0,0,2061,,2140,0
"2020-12-16",4606,6736,15,21,1,5,1,1,0,0,1,1,4623,,6763,0
"2020-12-17",4657,11393,18,39,0,5,1,2,0,0,1,2,4676,,11439,0
"2020-12-18",5832,17225,18,57,2,7,2,4,0,0,2,4,5854,,17293,0
"2020-12-19",1689,18914,7,64,3,10,0,4,0,0,0,4,1699,,18992,0
"2020-12-20",1116,20030,2,66,1,11,0,4,0,0,0,4,1119,2873,20111,0
"2020-12-21",6343,26373,20,86,0,11,5,9,0,0,5,9,6368,3771.43,26479,0
"2020-12-22",9795,36168,27,113,2,13,1,10,0,0,1,10,9825,4880.57,36304,0
"2020-12-23",14273,50441,36,149,3,16,1,11,0,0,1,11,14313,6264.86,50617,0
"2020-12-24",7195,57636,26,175,1,17,0,11,0,0,0,11,7222,6628.57,57839,0
"2020-12-25",180,57816,0,175,0,17,1,12,0,0,1,12,181,5818.14,58020,0
"2020-12-26",4388,62204,45,220,0,17,1,13,0,0,1,13,4434,6208.86,62454,0
"2020-12-27",3870,66074,14,234,0,17,1,14,0,0,1,14,3885,6604,66339,0
"2020-12-28",10993,77067,49,283,1,18,2,16,0,0,2,16,11045,7272.14,77384,0
"2020-12-29",10717,87784,35,318,2,20,2,18,0,0,2,18,10756,7405.14,88140,0
"2020-12-30",12824,100608,44,362,0,20,0,18,0,0,0,18,12868,7198.71,101008,0
"2020-12-31",7261,107869,35,397,1,21,0,18,0,0,0,18,7297,7209.43,108305,0
"2021-01-01",181,108050,2,399,1,22,3,21,0,0,3,21,187,7210.29,108492,0
"2021-01-02",3809,111859,10,409,2,24,2,23,0,0,2,23,3823,7123,112315,0
"2021-01-03",3542,115401,24,433,2,26,1,24,0,0,1,24,3569,7077.86,115884,0
"2021-01-04",12256,127657,807,1240,2,28,6,30,0,0,6,30,13071,7367.29,128955,0
"2021-01-05",14091,141748,2190,3430,2,30,13,43,1,1,14,44,16297,8158.86,145252,0
"2021-01-06",17801,159549,3925,7355,1,31,29,72,8,9,37,81,21764,9429.71,167016,0
"2021-01-07",16550,176099,5171,12526,4,35,45,117,3,12,48,129,21773,11497.71,188789,0
"2021-01-08",16619,192718,5456,17982,0,35,33,150,4,16,37,166,22112,14629.86,210901,0
"2021-01-09",7651,200369,1462,19444,1,36,7,157,2,18,9,175,9123,15387,220024,0
"2021-01-10",7882,208251,982,20426,0,36,10,167,0,18,10,185,8874,16144.86,228898,0
"2021-01-11",25825,234076,7455,27881,2,38,48,215,8,26,56,241,33338,19040.14,262236,0
"2021-01-12",28256,262332,7859,35740,1,39,44,259,5,31,49,290,36165,21878.43,298401,0
"2021-01-13",31723,294055,9390,45130,1,40,57,316,4,35,61,351,41175,24651.43,339576,0
"2021-01-14",35815,329870,5313,50443,1,41,30,346,7,42,37,388,41166,27421.86,380742,0
"2021-01-15",29266,359136,3703,54146,2,43,31,377,5,47,36,424,33007,28978.29,413749,0
"2021-01-16",30289,389425,2378,56524,0,43,24,401,6,53,30,454,32697,32346,446446,0
"2021-01-17",23748,413173,1630,58154,0,43,19,420,1,54,20,474,25398,34706.57,471844,0
"2021-01-18",27103,440276,2412,60566,0,43,36,456,7,61,43,517,29558,34166.57,501402,0
"2021-01-19",34296,474572,9629,70195,1,44,69,525,6,67,75,592,44001,35286,545403,0
"2021-01-20",34868,509440,9494,79689,1,45,57,582,4,71,61,653,44424,35750.14,589827,0
"2021-01-21",25591,535031,8092,87781,2,47,49,631,5,76,54,707,33739,34689.14,623566,0
"2021-01-22",24755,559786,4382,92163,1,48,32,663,7,83,39,746,29177,34142,652743,0
"2021-01-23",15742,575528,3225,95388,0,48,10,673,2,85,12,758,18979,32182.29,671722,0
"2021-01-24",7179,582707,3453,98841,0,48,19,692,1,86,20,778,10652,30075.71,682374,0
"2021-01-25",13412,596119,11819,110660,0,48,65,757,12,98,77,855,25308,29468.57,707682,0
"2021-01-26",16764,612883,10752,121412,0,48,68,825,2,100,70,925,27586,27123.57,735268,0
"2021-01-27",20836,633719,12355,133767,0,48,53,878,8,108,61,986,33252,25527.57,768520,0
"2021-01-28",30764,664483,12847,146614,0,48,80,958,16,124,96,1082,43707,26951.57,812227,0
"2021-01-29",31692,696175,11508,158122,0,48,79,1037,10,134,89,1171,43289,28967.57,855516,0
"2021-01-30",18706,714881,3742,161864,0,48,21,1058,2,136,23,1194,22471,29466.43,877987,0
"2021-01-31",13017,727898,2923,164787,1,49,29,1087,4,140,33,1227,15974,30226.71,893961,0
"2021-02-01",1179,729077,5370,170157,4,53,35,1122,4,144,39,1266,6592,27553,900553,0
"2021-02-02",2827,731904,9475,179632,2,55,47,1169,4,148,51,1317,12355,25377.14,912908,0
"2021-02-03",16347,748251,21247,200879,4,59,202,1371,19,167,221,1538,37819,26029.57,950727,0
"2021-02-04",27044,775295,19651,220530,3,62,200,1571,10,177,210,1748,46908,26486.86,997635,0
"2021-02-05",27591,802886,20041,240571,0,62,179,1750,15,192,194,1942,47826,27135,1045461,0
"2021-02-06",22991,825877,11246,251817,0,62,110,1860,12,204,122,2064,34359,28833.29,1079820,0
"2021-02-07",12041,837918,8283,260100,1,63,91,1951,14,218,105,2169,20430,29469.86,1100250,0
"2021-02-08",16957,854875,23520,283620,2,65,232,2183,34,252,266,2435,40745,34348.86,1140995,0
"2021-02-09",17190,872065,28110,311730,2,67,336,2519,42,294,378,2813,45680,39109.57,1186675,0
"2021-02-10",19591,891656,29307,341037,2,69,258,2777,50,344,308,3121,49208,40736.57,1235883,0
"2021-02-11",27848,919504,33473,374510,2,71,337,3114,56,400,393,3514,61716,42852,1297599,0
"2021-02-12",38389,957893,30804,405314,3,74,352,3466,38,438,390,3904,69586,45960.57,1367185,0
"2021-02-13",28005,985898,25316,430630,2,76,304,3770,52,490,356,4260,53679,48720.57,1420864,0
"2021-02-14",16278,1002176,23733,454363,0,76,264,4034,31,521,295,4555,40306,51560,1461170,0
"2021-02-15",12795,1014971,10527,464890,2,78,172,4206,23,544,195,4750,23519,49099.14,1484689,0
"2021-02-16",14242,1029213,26730,491620,0,78,322,4528,35,579,357,5107,41329,48477.57,1526018,0
"2021-02-17",16392,1045605,22197,513817,1,79,281,4809,37,616,318,5425,38908,47006.14,1564926,0
"2021-02-18",12151,1057756,24995,538812,21,100,288,5097,42,658,330,5755,37497,43546.29,1602423,0
"2021-02-19",13261,1071017,23938,562750,39,139,303,5400,44,702,347,6102,37585,38974.71,1640008,0
"2021-02-20",11354,1082371,26070,588820,6,145,330,5730,78,780,408,6510,37838,36711.71,1677846,0
"2021-02-21",6360,1088731,17420,606240,15,160,287,6017,44,824,331,6841,24126,34400.29,1701972,0
"2021-02-22",13045,1101776,11846,618086,2,162,126,6143,19,843,145,6986,25038,34617.29,1727010,0
"2021-02-23",25250,1127026,14146,632232,1,163,156,6299,34,877,190,7176,39587,34368.43,1766597,0
"2021-02-24",36359,1163385,20394,652626,0,163,228,6527,38,915,266,7442,57019,36955.71,1823616,0
"2021-02-25",54619,1218004,30394,683020,6,169,397,6924,63,978,460,7902,85479,43810.29,1909095,0
"2021-02-26",62863,1280867,31871,714891,4,173,416,7340,78,1056,494,8396,95232,52045.57,2004327,0
"2021-02-27",51302,1332169,22746,737637,47,220,335,7675,52,1108,387,8783,74482,57280.43,2078809,0
"2021-02-28",44589,1376758,13826,751463,7,227,204,7879,35,1143,239,9022,58661,62214,2137470,0
"2021-03-01",39319,1416077,12777,764240,10,237,169,8048,25,1168,194,9216,52300,66108.57,2189770,0
"2021-03-02",47081,1463158,12580,776820,7,244,158,8206,15,1183,173,9389,59841,69002,2249611,0
"2021-03-03",48607,1511765,16155,792975,17,261,147,8353,21,1204,168,9557,64947,70134.57,2314558,0
"2021-03-04",59819,1571584,22822,815797,1092,1353,270,8623,34,1238,304,9861,84037,69928.57,2398595,0
"2021-03-05",60988,1632572,24283,840080,3109,4462,334,8957,35,1273,369,10230,88749,69002.43,2487344,0
"2021-03-06",47175,1679747,18883,858963,5451,9913,240,9197,36,1309,276,10506,71785,68617.14,2559129,0
"2021-03-07",36042,1715789,14883,873846,6246,16159,228,9425,20,1329,248,10754,57419,68439.71,2616548,0
"2021-03-08",39631,1755420,14680,888526,8563,24722,313,9738,91,1420,404,11158,63278,70008,2679826,0
"2021-03-09",39106,1794526,12855,901381,7762,32484,180,9918,34,1454,214,11372,59937,70021.71,2739763,0
"2021-03-10",51829,1846355,15357,916738,5066,37550,225,10143,32,1486,257,11629,72509,71102,2812272,0
"2021-03-11",59989,1906344,21823,938561,4619,42169,247,10390,48,1534,295,11924,86726,71486.14,2898998,0
"2021-03-12",52202,1958546,30311,968872,4182,46351,376,10766,85,1619,461,12385,87156,71258.57,2986154,0
"2021-03-13",40651,1999197,26687,995559,5110,51461,324,11090,52,1671,376,12761,72824,71407,3058978,0
"2021-03-14",30718,2029915,15969,1011528,4525,55986,242,11332,27,1698,269,13030,51481,70558.71,3110459,0
"2021-03-15",33591,2063506,17257,1028785,4712,60698,234,11566,33,1731,267,13297,55827,69494.29,3166286,0
"2021-03-16",38672,2102178,20514,1049299,4927,65625,256,11822,35,1766,291,13588,64404,70132.43,3230690,0
"2021-03-17",42618,2144796,24797,1074096,4244,69869,342,12164,37,1803,379,13967,72038,70065.14,3302728,0
"2021-03-18",50449,2195245,26807,1100903,5236,75105,370,12534,60,1863,430,14397,82922,69521.71,3385650,0
"2021-03-19",47795,2243040,29962,1130865,5625,80730,390,12924,71,1934,461,14858,83843,69048.43,3469493,0
"2021-03-20",38713,2281753,25839,1156704,4686,85416,296,13220,59,1993,355,15213,69593,68586.86,3539086,0
"2021-03-21",29304,2311057,19355,1176059,769,86185,224,13444,44,2037,268,15481,49696,68331.86,3588782,0
"2021-03-22",33865,2344922,26743,1202802,4037,90222,262,13706,38,2075,300,15781,64945,69634.43,3653727,0
"2021-03-23",38436,2383358,32843,1235645,4218,94440,294,14000,56,2131,350,16131,75847,71269.14,3729574,0
"2021-03-24",41500,2424858,37605,1273250,4848,99288,331,14331,62,2193,393,16524,84346,73027.43,3813920,0
"2021-03-25",43404,2468262,50805,1324055,5055,104343,473,14804,86,2279,559,17083,99823,75441.86,3913743,0
"2021-03-26",38504,2506766,55517,1379572,4309,108652,527,15331,97,2376,624,17707,98954,77600.57,4012697,0
"2021-03-27",35736,2542502,45759,1425331,2939,111591,417,15748,82,2458,499,18206,84933,79792,4097630,0
"2021-03-28",26390,2568892,34459,1459790,1482,113073,335,16083,65,2523,400,18606,62731,81654.14,4160361,0
"2021-03-29",34816,2603708,38874,1498664,3246,116319,342,16425,110,2633,452,19058,77388,83431.71,4237749,0
"2021-03-30",40512,2644220,41925,1540589,3714,120033,340,16765,65,2698,405,19463,86556,84961.57,4324305,0
"2021-03-31",49398,2693618,44874,1585463,7440,127473,402,17167,88,2786,490,19953,102202,87512.43,4426507,0
"2021-04-01",50782,2744400,53955,1639418,11276,138749,499,17666,84,2870,583,20536,116596,89908.57,4543103,0
"2021-04-02",43757,2788157,53890,1693308,11971,150720,548,18214,73,2943,621,21157,110239,91520.71,4653342,0
"2021-04-03",39252,2827409,39221,1732529,9859,160579,332,18546,58,3001,390,21547,88722,92062,4742064,0
"2021-04-04",26558,2853967,24788,1757317,3903,164482,224,18770,49,3050,273,21820,55522,91032.14,4797586,0
"2021-04-05",41886,2895853,34489,1791806,11198,175680,371,19141,60,3110,431,22251,88004,92548.71,4885590,0
"2021-04-06",53268,2949121,35617,1827423,13218,188898,431,19572,74,3184,505,22756,102608,94841.86,4988198,0
"2021-04-07",55508,3004629,40698,1868121,14391,203289,401,19973,80,3264,481,23237,111078,96109.86,5099276,0
"2021-04-08",59263,3063892,46598,1914719,16341,219630,520,20493,85,3349,605,23842,122807,96997.14,5222083,0
"2021-04-09",56650,3120542,44964,1959683,17559,237189,515,21008,76,3425,591,24433,119764,98357.86,5341847,0
"2021-04-10",49347,3169889,35650,1995333,12726,249915,389,21397,60,3485,449,24882,98172,99707.86,5440019,0
"2021-04-11",38181,3208070,28820,2024153,7681,257596,295,21692,57,3542,352,25234,75034,102495.29,5515053,0
"2021-04-12",46637,3254707,31844,2055997,13502,271098,466,22158,65,3607,531,25765,92514,103139.57,5607567,0
"2021-04-13",52548,3307255,33791,2089788,368,271466,393,22551,63,3670,456,26221,87163,100933.14,5694730,0
"2021-04-14",50145,3357400,39962,2129750,20,271486,370,22921,71,3741,441,26662,90568,98003.14,5785298,0
"2021-04-15",52119,3409519,43686,2173436,16,271502,454,23375,104,3845,558,27220,96379,94227.71,5881677,0
"2021-04-16",51187,3460706,42216,2215652,32,271534,427,23802,68,3913,495,27715,93930,90537.14,5975607,0
"2021-04-17",43836,3504542,35697,2251349,3,271537,364,24166,83,3996,447,28162,79983,87938.71,6055590,0
"2021-04-18",28607,3533149,29369,2280718,7,271544,252,24418,64,4060,316,28478,58299,85548,6113889,0
"2021-04-19",37469,3570618,36452,2317170,22,271566,323,24741,64,4124,387,28865,74330,82950.29,6188219,0
"2021-04-20",40813,3611431,39627,2356797,19,271585,316,25057,78,4202,394,29259,80853,82048.86,6269072,0
"2021-04-21",38898,3650329,46018,2402815,16,271601,498,25555,97,4299,595,29854,85527,81328.71,6354599,0
"2021-04-22",38493,3688822,48963,2451778,9,271610,338,25893,74,4373,412,30266,87877,80114.14,6442476,0
"2021-04-23",39696,3728518,44381,2496159,3,271613,350,26243,73,4446,423,30689,84503,78767.43,6526979,0
"2021-04-24",31949,3760467,41603,2537762,44,271657,276,26519,63,4509,339,31028,73935,77903.43,6600914,0
"2021-04-25",18424,3778891,31226,2568988,86,271743,196,26715,57,4566,253,31281,49989,76716.29,6650903,0
"2021-04-26",26969,3805860,40739,2609727,1013,272756,284,26999,86,4652,370,31651,69091,75967.86,6719994,0
"2021-04-27",28575,3834435,47143,2656870,1698,274454,351,27350,92,4744,443,32094,77859,75540.14,6797853,0
"2021-04-28",27031,3861466,56847,2713717,2147,276601,429,27779,100,4844,529,32623,86554,75686.86,6884407,0
"2021-04-29",28613,3890079,57201,2770918,2149,278750,366,28145,100,4944,466,33089,88429,75765.71,6972836,0
"2021-04-30",30119,3920198,51995,2822913,2055,280805,281,28426,76,5020,357,33446,84526,75769,7057362,0
"2021-05-01",22479,3942677,44541,2867454,1177,281982,232,28658,65,5085,297,33743,68494,74991.71,7125856,0
"2021-05-02",11922,3954599,36657,2904111,1081,283063,140,28798,54,5139,194,33937,49854,74972.43,7175710,0
"2021-05-03",18024,3972623,53033,2957144,2383,285446,251,29049,92,5231,343,34280,73783,75642.71,7249493,0
"2021-05-04",22735,3995358,56649,3013793,2331,287777,267,29316,116,5347,383,34663,82098,76248.29,7331591,0
"2021-05-05",21477,4016835,48767,3062560,2313,290090,310,29626,101,5448,411,35074,72968,74307.43,7404559,0
"2021-05-06",20678,4037513,50183,3112743,2508,292598,270,29896,88,5536,358,35432,73727,72207.14,7478286,0
"2021-05-07",21250,4058763,52094,3164837,2813,295411,310,30206,78,5614,388,35820,76545,71067,7554831,0
"2021-05-08",16630,4075393,41869,3206706,1835,297246,231,30437,68,5682,299,36119,60633,69944,7615464,0
"2021-05-09",7973,4083366,29414,3236120,1260,298506,149,30586,56,5738,205,36324,38852,68372.29,7654316,0
"2021-05-10",14386,4097752,38536,3274656,2355,300861,233,30819,90,5828,323,36647,55600,65774.71,7709916,0
"2021-05-11",19913,4117665,43062,3317718,2514,303375,282,31101,85,5913,367,37014,65856,63454.43,7775772,0
"2021-05-12",17812,4135477,40547,3358265,3596,306971,228,31329,79,5992,307,37321,62262,61925,7838034,0
"2021-05-13",24974,4160451,40432,3398697,3230,310201,260,31589,76,6068,336,37657,68972,61245.71,7907006,0
"2021-05-14",27037,4187488,42927,3441624,3537,313738,261,31850,96,6164,357,38014,73858,60861.86,7980864,0
"2021-05-15",23651,4211139,34919,3476543,3365,317103,253,32103,75,6239,328,38342,62263,61094.71,8043127,0
"2021-05-16",15523,4226662,19454,3495997,2496,319599,121,32224,45,6284,166,38508,37639,60921.43,8080766,0
"2021-05-17",22672,4249334,29146,3525143,3256,322855,177,32401,67,6351,244,38752,55318,60881.14,8136084,0
"2021-05-18",24638,4273972,31911,3557054,3406,326261,238,32639,72,6423,310,39062,60265,60082.43,8196349,0
"2021-05-19",24190,4298162,29720,3586774,3040,329301,226,32865,48,6471,274,39336,57224,59362.71,8253573,0
"2021-05-20",24152,4322314,30100,3616874,3162,332463,262,33127,86,6557,348,39684,57762,57761.29,8311335,0
"2021-05-21",24679,4346993,32002,3648876,3056,335519,245,33372,58,6615,303,39987,60040,55787.29,8371375,0
"2021-05-22",20021,4367014,24365,3673241,2525,338044,162,33534,49,6664,211,40198,47122,53624.29,8418497,0
"2021-05-23",11232,4378246,13733,3686974,1411,339455,93,33627,32,6696,125,40323,26501,52033.14,8444998,0
"2021-05-24",18875,4397121,23161,3710135,2756,342211,213,33840,55,6751,268,40591,45060,50567.71,8490058,0
"2021-05-25",19429,4416550,23382,3733517,2603,344814,172,34012,57,6808,229,40820,45643,48478.86,8535701,0
"2021-05-26",18783,4435333,21092,3754609,2696,347510,199,34211,48,6856,247,41067,42818,46420.86,8578519,0
"2021-05-27",18471,4453804,21279,3775888,2529,350039,181,34392,59,6915,240,41307,42519,44243.29,8621038,0
"2021-05-28",17861,4471665,22886,3798774,2751,352790,187,34579,54,6969,241,41548,43739,41914.57,8664777,0
"2021-05-29",12709,4484374,17810,3816584,1755,354545,106,34685,39,7008,145,41693,32419,39814.14,8697196,0
"2021-05-30",7030,4491404,8949,3825533,1074,355619,48,34733,17,7025,65,41758,17118,38473.71,8714314,0
"2021-05-31",4742,4496146,6924,3832457,1012,356631,64,34797,17,7042,81,41839,12759,33859.29,8727073,0
"2021-06-01",16046,4512192,25198,3857655,2177,358808,151,34948,43,7085,194,42033,43615,33569.57,8770688,0
"2021-06-02",15355,4527547,20392,3878047,2095,360903,139,35087,48,7133,187,42220,38029,32885.43,8808717,0
"2021-06-03",15003,4542550,23826,3901873,2281,363184,128,35215,43,7176,171,42391,41281,32708.57,8849998,0
"2021-06-04",14722,4557272,25999,3927872,2492,365676,144,35359,40,7216,184,42575,43397,32659.71,8893395,0
"2021-06-05",10993,4568265,22090,3949962,1806,367482,115,35474,28,7244,143,42718,35032,33033,8928427,0
"2021-06-06",6443,4574708,14484,3964446,1222,368704,88,35562,13,7257,101,42819,22250,33766.14,8950677,0
"2021-06-07",11705,4586413,21783,3986229,2378,371082,139,35701,37,7294,176,42995,36042,37092.29,8986719,0
"2021-06-08",12636,4599049,24024,4010253,2072,373154,120,35821,46,7340,166,43161,38898,36418.43,9025617,0
"2021-06-09",11135,4610184,23028,4033281,2299,375453,135,35956,40,7380,175,43336,36637,36219.57,9062254,0
"2021-06-10",12067,4622251,22234,4055515,2462,377915,138,36094,59,7439,197,43533,36960,35602.29,9099214,0
"2021-06-11",12710,4634961,25122,4080637,2484,380399,156,36250,58,7497,214,43747,40530,35192.71,9139744,0
"2021-06-12",10166,4645127,19315,4099952,1888,382287,93,36343,42,7539,135,43882,31504,34688.71,9171248,0
"2021-06-13",4257,4649384,10936,4110888,1219,383506,41,36384,22,7561,63,43945,16475,33863.71,9187723,0
"2021-06-14",10209,4659593,19240,4130128,2043,385549,128,36512,51,7612,179,44124,31671,33239.29,9219394,0
"2021-06-15",11883,4671476,21017,4151145,1943,387492,131,36643,40,7652,171,44295,35014,32684.43,9254408,0
"2021-06-16",11587,4683063,19412,4170557,1957,389449,140,36783,68,7720,208,44503,33164,32188.29,9287572,0
"2021-06-17",11025,4694088,18761,4189318,1973,391422,123,36906,35,7755,158,44661,31917,31467.86,9319489,0
"2021-06-18",12167,4706255,18502,4207820,2116,393538,113,37019,36,7791,149,44810,32934,30382.71,9352423,0
"2021-06-19",8498,4714753,13517,4221337,1459,394997,83,37102,21,7812,104,44914,23578,29250.43,9376001,0
"2021-06-20",4336,4719089,7158,4228495,924,395921,36,37138,17,7829,53,44967,12471,28678.43,9388472,0
"2021-06-21",10162,4729251,10011,4238506,1807,397728,68,37206,27,7856,95,45062,22075,27307.57,9410547,0
"2021-06-22",9839,4739090,15640,4254146,1589,399317,105,37311,28,7884,133,45195,27201,26191.43,9437748,0
"2021-06-23",10313,4749403,15185,4269331,1863,401180,102,37413,30,7914,132,45327,27493,25381.29,9465241,0
"2021-06-24",9686,4759089,14699,4284030,1799,402979,119,37532,26,7940,145,45472,26329,24583,9491570,0
"2021-06-25",10590,4769679,14388,4298418,1721,404700,111,37643,38,7978,149,45621,26848,23713.57,9518418,0
"2021-06-26",7801,4777480,10465,4308883,1251,405951,74,37717,24,8002,98,45719,19615,23147.43,9538033,0
"2021-06-27",5001,4782481,6002,4314885,795,406746,33,37750,14,8016,47,45766,11845,23058,9549878,0
"2021-06-28",9036,4791517,10345,4325230,1526,408272,108,37858,26,8042,134,45900,21041,22910.29,9570919,0
"2021-06-29",9743,4801260,12323,4337553,1347,409619,122,37980,31,8073,153,46053,23566,22391,9594485,0
"2021-06-30",9435,4810695,10929,4348482,1487,411106,147,38127,16,8089,163,46216,22014,21608.29,9616499,0
"2021-07-01",9396,4820091,10928,4359410,1434,412540,127,38254,24,8113,151,46367,21909,20976.86,9638408,0
"2021-07-02",9693,4829784,11452,4370862,1541,414081,118,38372,22,8135,140,46507,22826,20402.29,9661234,0
"2021-07-03",7056,4836840,8422,4379284,1193,415274,76,38448,17,8152,93,46600,16764,19995,9677998,0
"2021-07-04",1288,4838128,1335,4380619,567,415841,9,38457,3,8155,12,46612,3202,18760.29,9681200,0
"2021-07-05",6497,4844625,7106,4387725,1208,417049,63,38520,22,8177,85,46697,14896,17882.43,9696096,0
"2021-07-06",9512,4854137,12850,4400575,1316,418365,114,38634,37,8214,151,46848,23829,17920,9719925,0
"2021-07-07",8667,4862804,11110,4411685,1419,419784,122,38756,19,8233,141,46989,21337,17823.29,9741262,0
"2021-07-08",8209,4871013,10193,4421878,1260,421044,107,38863,21,8254,128,47117,19790,17520.57,9761052,0
"2021-07-09",8374,4879387,10835,4432713,1278,422322,90,38953,18,8272,108,47225,20595,17201.86,9781647,0
"2021-07-10",7104,4886491,8633,4441346,1132,423454,62,39015,20,8292,82,47307,16951,17228.57,9798598,0
"2021-07-11",4105,4890596,4540,4445886,703,424157,34,39049,6,8298,40,47347,9388,18112.29,9807986,0
"2021-07-12",8448,4899044,9560,4455446,1251,425408,82,39131,23,8321,105,47452,19364,18750.57,9827350,0
"2021-07-13",9459,4908503,9393,4464839,952,426360,105,39236,34,8355,139,47591,19943,18195.43,9847293,0
"2021-07-14",9001,4917504,9531,4474370,1011,427371,105,39341,21,8376,126,47717,19669,17957.14,9866962,0
"2021-07-15",8789,4926293,9156,4483526,1054,428425,81,39422,19,8395,100,47817,19099,17858.43,9886061,0
"2021-07-16",9242,4935535,9762,4493288,981,429406,102,39524,29,8424,131,47948,20116,17790,9906177,0
"2021-07-17",6842,4942377,7387,4500675,803,430209,80,39604,19,8443,99,48047,15131,17530,9921308,0
"2021-07-18",4256,4946633,4284,4504959,576,430785,35,39639,13,8456,48,48095,9164,17498,9930472,0
"2021-07-19",9120,4955753,8478,4513437,999,431784,91,39730,22,8478,113,48208,18710,17404.57,9949182,0
"2021-07-20",10648,4966401,8758,4522195,991,432775,95,39825,25,8503,120,48328,20517,17486.57,9969699,0
"2021-07-21",10049,4976450,8765,4530960,903,433678,146,39971,33,8536,179,48507,19896,17519,9989595,0
"2021-07-22",10687,4987137,8587,4539547,1046,434724,144,40115,25,8561,169,48676,20489,17717.57,10010084,0
"2021-07-23",11252,4998389,8881,4548428,1114,435838,139,40254,23,8584,162,48838,21409,17902.29,10031493,0
"2021-07-24",7403,5005792,6738,4555166,670,436508,82,40336,24,8608,106,48944,14917,17871.71,10046410,0
"2021-07-25",5477,5011269,2126,4557292,509,437017,58,40394,4,8612,62,49006,8174,17730.29,10054584,0
"2021-07-26",10872,5022141,7004,4564296,859,437876,109,40503,20,8632,129,49135,18864,17752.29,10073448,0
"2021-07-27",12054,5034195,8566,4572862,857,438733,134,40637,38,8670,172,49307,21649,17914,10095097,0
"2021-07-28",11989,5046184,8051,4580913,950,439683,131,40768,27,8697,158,49465,21148,18092.86,10116245,0
"2021-07-29",10933,5057117,7431,4588344,984,440667,133,40901,38,8735,171,49636,19519,17954.29,10135764,0
"2021-07-30",14955,5072072,8013,4596357,1151,441818,181,41082,31,8766,212,49848,24331,18371.71,10160095,0
"2021-07-31",9725,5081797,6316,4602673,815,442633,121,41203,20,8786,141,49989,16997,18668.86,10177092,0
"2021-08-01",6502,5088299,3310,4605983,564,443197,81,41284,20,8806,101,50090,10477,18997.86,10187569,0
"2021-08-02",13449,5101748,7158,4613141,847,444044,144,41428,17,8823,161,50251,21615,19390.86,10209184,0
"2021-08-03",15411,5117159,8387,4621528,1109,445153,144,41572,38,8861,182,50433,25089,19882.29,10234273,0
"2021-08-04",17264,5134423,8127,4629655,1454,446607,181,41753,34,8895,215,50648,27060,20726.86,10261333,0
"2021-08-05",17871,5152294,7929,4637584,1368,447975,160,41913,20,8915,180,50828,27348,21845.29,10288681,0
"2021-08-06",18171,5170465,8412,4645996,1233,449208,165,42078,32,8947,197,51025,28013,22371.29,10316694,0
"2021-08-07",13388,5183853,6014,4652010,799,450007,99,42177,28,8975,127,51152,20328,22847.14,10337022,0
"2021-08-08",9310,5193163,3835,4655845,400,450407,82,42259,10,8985,92,51244,13637,23298.57,10350659,0
"2021-08-09",21343,5214506,8527,4664372,965,451372,166,42425,34,9019,200,51444,31035,24644.29,10381694,0
"2021-08-10",18920,5233426,9328,4673700,946,452318,179,42604,33,9052,212,51656,29406,25261,10411100,0
"2021-08-11",15648,5249074,8310,4682010,853,453171,128,42732,45,9097,173,51829,24984,24964.43,10436084,0
"2021-08-12",15040,5264114,8982,4690992,940,454111,171,42903,35,9132,206,52035,25168,24653,10461252,0
"2021-08-13",14929,5279043,9290,4700282,920,455031,239,43142,37,9169,276,52311,25415,24281.86,10486667,0
"2021-08-14",10405,5289448,6406,4706688,625,455656,529,43671,40,9209,569,52880,18005,23950,10504672,0
"2021-08-15",6694,5296142,4478,4711166,676,456332,567,44238,33,9242,600,53480,12448,23780.14,10517120,0
"2021-08-16",15721,5311863,9301,4720467,1150,457482,1318,45556,65,9307,1383,54863,27555,23283,10544675,0
"2021-08-17",17768,5329631,10436,4730903,1225,458707,1768,47324,84,9391,1852,56715,31281,23550.86,10575956,0
"2021-08-18",17507,5347138,10360,4741263,1260,459967,1988,49312,95,9486,2083,58798,31210,24440.29,10607166,0
"2021-08-19",16296,5363434,9521,4750784,1315,461282,1954,51266,65,9551,2019,60817,29151,25009.29,10636317,0
"2021-08-20",16280,5379714,11537,4762321,1254,462536,1859,53125,84,9635,1943,62760,31014,25809.14,10667331,0
"2021-08-21",11148,5390862,8040,4770361,878,463414,1057,54182,56,9691,1113,63873,21179,26262.57,10688510,0
"2021-08-22",4080,5394942,3901,4774262,262,463676,515,54697,34,9725,549,64422,8792,25740.29,10697302,0
"2021-08-23",15583,5410525,11798,4786060,1023,464699,1547,56244,75,9800,1622,66044,30026,26093.29,10727328,0
"2021-08-24",16914,5427439,12595,4798655,1006,465705,1775,58019,76,9876,1851,67895,32366,26248.29,10759694,0
"2021-08-25",14582,5442021,12446,4811101,1111,466816,1565,59584,76,9952,1641,69536,29780,26044,10789474,0
"2021-08-26",16164,5458185,14084,4825185,1071,467887,1771,61355,67,10019,1838,71374,33157,26616.29,10822631,0
"2021-08-27",14882,5473067,14820,4840005,971,468858,1670,63025,74,10093,1744,73118,32417,26816.71,10855048,0
"2021-08-28",10683,5483750,11522,4851527,835,469693,1014,64039,45,10138,1059,74177,24099,27233.86,10879147,0
"2021-08-29",7218,5490968,7495,4859022,541,470234,778,64817,57,10195,835,75012,16089,28276.29,10895236,0
"2021-08-30",15524,5506492,16927,4875949,1076,471310,1791,66608,86,10281,1877,76889,35404,29044.57,10930640,0
"2021-08-31",15518,5522010,15954,4891903,951,472261,1971,68579,87,10368,2058,78947,34481,29346.71,10965121,0
"2021-09-01",14835,5536845,14097,4906000,1020,473281,1809,70388,61,10429,1870,80817,31822,29638.43,10996943,0
"2021-09-02",14328,5551173,12522,4918522,896,474177,1705,72093,61,10490,1766,82583,29512,29117.71,11026455,0
"2021-09-03",15015,5566188,14306,4932828,974,475151,1896,73989,69,10559,1965,84548,32260,29095.29,11058715,0
"2021-09-04",9647,5575835,9405,4942233,688,475839,974,74963,34,10593,1008,85556,20748,28616.57,11079463,0
"2021-09-05",6803,5582638,5515,4947748,438,476277,710,75673,16,10609,726,86282,13482,28244.14,11092945,0
"2021-09-06",5195,5587833,4512,4952260,358,476635,270,75943,11,10620,281,86563,10346,24664.43,11103291,0
"2021-09-07",15577,5603410,17702,4969962,912,477547,1554,77497,87,10707,1641,88204,35832,24857.43,11139123,0
"2021-09-08",16161,5619571,14825,4984787,1072,478619,1771,79268,83,10790,1854,90058,33912,25156,11173035,0
"2021-09-09",16110,5635681,14752,4999539,1047,479666,1914,81182,73,10863,1987,92045,33896,25782.29,11206931,0
"2021-09-10",18374,5654055,15391,5014930,1208,480874,1971,83153,81,10944,2052,94097,37025,26463,11243956,0
"2021-09-11",12637,5666692,10348,5025278,958,481832,1028,84181,48,10992,1076,95173,25019,27073.14,11268975,0
"2021-09-12",8540,5675232,5052,5030330,766,482598,690,84871,29,11021,719,95892,15077,27301,11284052,0
"2021-09-13",16934,5692166,12960,5043290,976,483574,1652,86523,53,11074,1705,97597,32575,30476.57,11316627,0
"2021-09-14",16269,5708435,13676,5056966,886,484460,1595,88118,55,11129,1650,99247,32481,29997.86,11349108,0
"2021-09-15",15543,5723978,12882,5069848,727,485187,1567,89685,78,11207,1645,100892,30797,29552.86,11379905,0
"2021-09-16",15342,5739320,13910,5083758,1210,486397,1456,91141,66,11273,1522,102414,31984,29279.71,11411889,0
"2021-09-17",14437,5753757,13962,5097720,922,487319,1827,92968,56,11329,1883,104297,31204,28448.14,11443093,0
"2021-09-18",10001,5763758,10180,5107900,913,488232,1047,94015,41,11370,1088,105385,22182,28042.86,11465275,0
"2021-09-19",6179,5769937,6071,5113971,558,488790,747,94762,29,11399,776,106161,13584,27829.57,11478859,0
"2021-09-20",12676,5782613,12630,5126601,1068,489858,1921,96683,58,11457,1979,108140,28353,27226.43,11507212,0
"2021-09-21",12233,5794846,12769,5139370,1109,490967,2025,98708,78,11535,2103,110243,28214,26616.86,11535426,0
"2021-09-22",12822,5807668,12008,5151378,1089,492056,1683,100391,67,11602,1750,111993,27669,26170,11563095,0
"2021-09-23",14938,5822606,12761,5164139,1639,493695,2265,102656,73,11675,2338,114331,31676,26126,11594771,0
"2021-09-24",16446,5839052,13368,5177507,1636,495331,4626,107282,113,11788,4739,119070,36189,26838.14,11630960,0
"2021-09-25",10541,5849593,9024,5186531,1018,496349,3463,110745,75,11863,3538,122608,24121,27115.14,11655081,0
"2021-09-26",6302,5855895,5761,5192292,773,497122,2426,113171,55,11918,2481,125089,15317,27362.71,11670398,0
"2021-09-27",14163,5870058,8053,5200345,1155,498277,9061,122232,157,12075,9218,134307,32589,27967.86,11702987,0
"2021-09-28",11146,5881204,11780,5212125,902,499179,9912,132144,174,12249,10086,144393,33914,28782.14,11736901,0
"2021-09-29",11608,5892812,12193,5224318,1205,500384,9454,141598,161,12410,9615,154008,34621,29775.29,11771522,0
"2021-09-30",12239,5905051,12604,5236922,1338,501722,9749,151347,172,12582,9921,163929,36102,30407.57,11807624,0
"2021-10-01",12645,5917696,13432,5250354,1284,503006,10269,161616,147,12729,10416,174345,37777,30634.43,11845401,0
"2021-10-02",7730,5925426,9975,5260329,865,503871,4243,165859,75,12804,4318,178663,22888,30458.29,11868289,0
"2021-10-03",5086,5930512,6157,5266486,593,504464,2613,168472,56,12860,2669,181332,14505,30342.29,11882794,0
"2021-10-04",9908,5940420,11023,5277509,913,505377,9527,177999,140,13000,9667,190999,31511,30188.29,11914305,0
"2021-10-05",10158,5950578,11739,5289248,972,506349,9936,187935,175,13175,10111,201110,32980,30054.86,11947285,0
"2021-10-06",9923,5960501,11058,5300306,937,507286,9935,197870,154,13329,10089,211199,32007,29681.43,11979292,0
"2021-10-07",9673,5970174,12196,5312502,852,508138,10189,208059,170,13499,10359,221558,33080,29249.71,12012372,0
"2021-10-08",9457,5979631,12173,5324675,941,509079,10908,218967,163,13662,11071,232629,33642,28659,12046014,0
"2021-10-09",6264,5985895,8279,5332954,649,509728,4123,223090,91,13753,4214,236843,19406,28161.57,12065420,0
"2021-10-10",3542,5989437,5030,5337984,458,510186,2433,225523,42,13795,2475,239318,11505,27733,12076925,0
"2021-10-11",7620,5997057,9329,5347313,728,510914,8890,234413,159,13954,9049,248367,26726,27049.43,12103651,0
"2021-10-12",8077,6005134,10996,5358309,891,511805,10513,244926,181,14135,10694,259061,30658,26717.71,12134309,0
"2021-10-13",7152,6012286,10148,5368457,869,512674,8799,253725,176,14311,8975,268036,27144,26023,12161453,0
"2021-10-14",7448,6019734,11114,5379571,836,513510,10116,263841,161,14472,10277,278313,29675,25536.57,12191128,0
"2021-10-15",7730,6027464,11858,5391429,823,514333,10823,274664,166,14638,10989,289302,31400,25216.29,12222528,0
"2021-10-16",4863,6032327,7469,5398898,666,514999,3844,278508,65,14703,3909,293211,16907,24859.29,12239435,0
"2021-10-17",3061,6035388,4473,5403371,411,515410,2452,280960,41,14744,2493,295704,10438,24706.86,12249873,0
"2021-10-18",7049,6042437,10664,5414035,796,516206,9486,290446,173,14917,9659,305363,28168,24912.86,12278041,0
"2021-10-19",6576,6049013,8947,5422982,804,517010,9089,299535,168,15085,9257,314620,25584,24188,12303625,0
"2021-10-20",6534,6055547,9376,5432358,975,517985,9991,309526,170,15255,10161,324781,27046,24174,12330671,0
"2021-10-21",7028,6062575,9384,5441742,858,518843,10843,320369,149,15404,10992,335773,28262,23972.14,12358933,0
"2021-10-22",8122,6070697,10341,5452083,1026,519869,16354,336723,211,15615,16565,352338,36054,24637,12394987,0
"2021-10-23",5168,6075865,6457,5458540,690,520559,9126,345849,113,15728,9239,361577,21554,25300.86,12416541,0
"2021-10-24",3274,6079139,3972,5462512,769,521328,6155,352004,75,15803,6230,367807,14245,25844.71,12430786,0
"2021-10-25",8770,6087909,8740,5471252,1150,522478,19248,371252,289,16092,19537,387344,38197,27277.43,12468983,0
"2021-10-26",8202,6096111,7722,5478974,1258,523736,17291,388543,259,16351,17550,404894,34732,28584.29,12503715,0
"2021-10-27",10559,6106670,8393,5487367,1604,525340,20859,409402,310,16661,21169,426063,41725,30681.29,12545440,0
"2021-10-28",11329,6117999,8034,5495401,1793,527133,20845,430247,314,16975,21159,447222,42315,32688.86,12587755,0
"2021-10-29",11863,6129862,8238,5503639,1957,529090,22539,452786,317,17292,22856,470078,44914,33954.57,12632669,0
"2021-10-30",4634,6134496,5061,5508700,930,530020,11170,463956,161,17453,11331,481409,21956,34012,12654625,0
"2021-10-31",2664,6137160,2702,5511402,544,530564,6638,470594,97,17550,6735,488144,12645,33783.43,12667270,0
"2021-11-01",7141,6144301,6954,5518356,1089,531653,20382,490976,317,17867,20699,508843,35883,33452.86,12703153,0
"2021-11-02",6582,6150883,6592,5524948,1054,532707,20783,511759,264,18131,21047,529890,35275,33530.43,12738428,0
"2021-11-03",6852,6157735,6679,5531627,1026,533733,20630,532389,302,18433,20932,550822,35489,32639.57,12773917,0
"2021-11-04",9313,6167048,6278,5537905,995,534728,22362,554751,343,18776,22705,573527,39291,32207.57,12813208,0
"2021-11-05",11059,6178107,6723,5544628,1051,535779,23764,578515,343,19119,24107,597634,42940,31925.57,12856148,0
"2021-11-06",11134,6189241,4051,5548679,594,536373,12593,591108,165,19284,12758,610392,28537,32865.71,12884685,0
"2021-11-07",7257,6196498,2286,5550965,577,536950,7107,598215,93,19377,7200,617592,17320,33533.57,12902005,0
"2021-11-08",15058,6211556,5679,5556644,864,537814,19515,617730,271,19648,19786,637378,41387,34319.86,12943392,0
"2021-11-09",16151,6227707,5389,5562033,660,538474,20514,638244,268,19916,20782,658160,42982,35420.86,12986374,0
"2021-11-10",16936,6244643,5320,5567353,683,539157,22650,660894,288,20204,22938,681098,45877,36904.86,13032251,0
"2021-11-11",12574,6257217,5188,5572541,759,539916,22086,682980,280,20484,22366,703464,40887,37132.86,13073138,0
"2021-11-12",16902,6274119,5686,5578227,705,540621,23400,706380,350,20834,23750,727214,47043,37719,13120181,0
"2021-11-13",9939,6284058,3663,5581890,463,541084,13326,719706,179,21013,13505,740719,27570,37580.86,13147751,0
"2021-11-14",6011,6290069,2292,5584182,325,541409,7934,727640,76,21089,8010,748729,16638,37483.43,13164389,0
"2021-11-15",13215,6303284,5974,5590156,690,542099,25114,752754,350,21439,25464,774193,45343,38048.57,13209732,0
"2021-11-16",9966,6313250,5782,5595938,656,542755,30670,783424,414,21853,31084,805277,47488,38692.29,13257220,0
"2021-11-17",10306,6323556,6671,5602609,681,543436,31426,814850,401,22254,31827,837104,49485,39207.71,13306705,0
"2021-11-18",10730,6334286,6542,5609151,857,544293,33020,847870,438,22692,33458,870562,51587,40736.29,13358292,0
"2021-11-19",12027,6346313,6550,5615701,715,545008,36243,884113,446,23138,36689,907251,55981,42013.14,13414273,0
"2021-11-20",9330,6355643,3418,5619119,513,545521,22516,906629,250,23388,22766,930017,36027,43221.29,13450300,0
"2021-11-21",4950,6360593,1888,5621007,288,545809,13204,919833,146,23534,13350,943367,20476,43769.57,13470776,0
"2021-11-22",10439,6371032,5787,5626794,750,546559,35928,955761,430,23964,36358,979725,53334,44911.14,13524110,0
"2021-11-23",9794,6380826,4782,5631576,636,547195,33522,989283,364,24328,33886,1013611,49098,45141.14,13573208,0
"2021-11-24",8710,6389536,4751,5636327,650,547845,25926,1015209,276,24604,26202,1039813,40313,43830.86,13613521,0
"2021-11-25",448,6389984,326,5636653,80,547925,1003,1016212,9,24613,1012,1040825,1866,36727.86,13615387,0
"2021-11-26",8059,6398043,6989,5643642,528,548453,26596,1042808,285,24898,26881,1067706,42457,34795.86,13657844,0
"2021-11-27",6685,6404728,6835,5650477,371,548824,18840,1061648,219,25117,19059,1086765,32950,34356.29,13690794,0
"2021-11-28",4084,6408812,5792,5656269,282,549106,11890,1073538,116,25233,12006,1098771,22164,34597.43,13712958,0
"2021-11-29",9118,6417930,11000,5667269,687,549793,35078,1108616,421,25654,35499,1134270,56304,35021.71,13769262,0
"2021-11-30",10518,6428448,11435,5678704,512,550305,37786,1146402,481,26135,38267,1172537,60732,36683.71,13829994,0
"2021-12-01",11195,6439643,10985,5689689,724,551029,40353,1186755,432,26567,40785,1213322,63689,40023.14,13893683,0
"2021-12-02",11660,6451303,11040,5700729,627,551656,42165,1228920,444,27011,42609,1255931,65936,49176,13959619,0
"2021-12-03",13491,6464794,12890,5713619,675,552331,47941,1276861,509,27520,48450,1304381,75506,53897.29,14035125,0
"2021-12-04",9857,6474651,11291,5724910,567,552898,30678,1307539,298,27818,30976,1335357,52691,56717.43,14087816,0
"2021-12-05",5759,6480410,5706,5730616,270,553168,16660,1324199,126,27944,16786,1352143,28521,57625.57,14116337,0
"2021-12-06",12344,6492754,9954,5740570,600,553768,43247,1367446,434,28378,43681,1395824,66579,59093.43,14182916,0
"2021-12-07",12591,6505345,9261,5749831,625,554393,43045,1410491,489,28867,43534,1439358,66011,59847.57,14248927,0
"2021-12-08",13537,6518882,8775,5758606,554,554947,40791,1451282,459,29326,41250,1480608,64116,59908.57,14313043,0
"2021-12-09",13501,6532383,8752,5767358,555,555502,40825,1492107,479,29805,41304,1521912,64112,59648,14377155,0
"2021-12-10",14041,6546424,10143,5777501,671,556173,43669,1535776,483,30288,44152,1566064,69007,58719.57,14446162,0
"2021-12-11",10284,6556708,8126,5785627,405,556578,26696,1562472,273,30561,26969,1593033,45784,57732.86,14491946,0
"2021-12-12",6018,6562726,3855,5789482,288,556866,15172,1577644,131,30692,15303,1608336,25464,57296.14,14517410,0
"2021-12-13",12234,6574960,7430,5796912,658,557524,37884,1615528,386,31078,38270,1646606,58592,56155.14,14576002,0
"2021-12-14",12237,6587197,6959,5803871,731,558255,38158,1653686,420,31498,38578,1685184,58505,55082.86,14634507,0
"2021-12-15",12106,6599303,6242,5810113,755,559010,38136,1691822,481,31979,38617,1723801,57720,54169.14,14692227,0
"2021-12-16",13146,6612449,4271,5814384,740,559750,41051,1732873,434,32413,41485,1765286,59642,53530.57,14751869,0
"2021-12-17",15958,6628407,6932,5821316,620,560370,46781,1779654,467,32880,47248,1812534,70758,53780.71,14822627,0
"2021-12-18",13027,6641434,5717,5827033,432,560802,30623,1810277,265,33145,30888,1843422,50064,54392.14,14872691,0
"2021-12-19",7020,6648454,2994,5830027,326,561128,18008,1828285,170,33315,18178,1861600,28518,54828.43,14901209,0
"2021-12-20",16867,6665321,5867,5835894,746,561874,47458,1875743,557,33872,48015,1909615,71495,56671.71,14972704,0
"2021-12-21",17976,6683297,6572,5842466,806,562680,48917,1924660,573,34445,49490,1959105,74844,59005.86,15047548,0
"2021-12-22",18543,6701840,6563,5849029,939,563619,49690,1974350,523,34968,50213,2009318,76258,61654.14,15123806,0
"2021-12-23",19049,6720889,6485,5855514,930,564549,45856,2020206,511,35479,46367,2055685,72831,63538.29,15196637,0
"2021-12-24",9241,6730130,2953,5858467,598,565147,20596,2040802,212,35691,20808,2076493,33600,58230,15230237,0
"2021-12-25",344,6730474,63,5858530,31,565178,427,2041229,8,35699,435,2076928,873,51202.71,15231110,0
"2021-12-26",7965,6738439,3928,5862458,340,565518,17283,2058512,172,35871,17455,2094383,29688,51369.86,15260798,0
"2021-12-27",21796,6760235,9205,5871663,933,566451,43443,2101955,539,36410,43982,2138365,75916,52001.43,15336714,0
"2021-12-28",20163,6780398,8330,5879993,699,567150,47583,2149538,598,37008,48181,2186546,77373,52362.71,15414087,0
"2021-12-29",18504,6798902,7671,5887664,607,567757,45572,2195110,472,37480,46044,2232590,72826,51872.43,15486913,0
"2021-12-30",16889,6815791,7420,5895084,587,568344,44850,2239960,571,38051,45421,2278011,70317,51513.29,15557230,0
"2021-12-31",5357,6821148,2808,5897892,193,568537,14772,2254732,176,38227,14948,2292959,23306,50042.71,15580536,0
"2022-01-01",243,6821391,147,5898039,12,568549,501,2255233,21,38248,522,2293481,924,50050,15581460,0
"2022-01-02",6432,6827823,5021,5903060,153,568702,10978,2266211,110,38358,11088,2304569,22694,49050.86,15604154,0
"2022-01-03",14136,6841959,8494,5911554,514,569216,26934,2293145,324,38682,27258,2331827,50402,45406,15654556,0
"2022-01-04",12848,6854807,8112,5919666,414,569630,27210,2320355,351,39033,27561,2359388,48935,41343.43,15703491,0
"2022-01-05",11414,6866221,6999,5926665,382,570012,25918,2346273,302,39335,26220,2385608,45015,37370.43,15748506,0
"2022-01-06",11470,6877691,7383,5934048,483,570495,27537,2373810,328,39663,27865,2413473,47201,34068.14,15795707,0
"2022-01-07",10386,6888077,8418,5942466,338,570833,25033,2398843,312,39975,25345,2438818,44487,37094,15840194,0
"2022-01-08",7854,6895931,8566,5951032,310,571143,19466,2418309,176,40151,19642,2458460,36372,42158,15876566,0
"2022-01-09",4129,6900060,3842,5954874,214,571357,10063,2428372,93,40244,10156,2468616,18341,41536.14,15894907,0
"2022-01-10",10180,6910240,8190,5963064,490,571847,24604,2452976,298,40542,24902,2493518,43762,40587.57,15938669,0
"2022-01-11",8891,6919131,7986,5971050,521,572368,21028,2474004,279,40821,21307,2514825,38705,39126.14,15977374,0
"2022-01-12",8940,6928071,8318,5979368,427,572795,22338,2496342,286,41107,22624,2537449,40309,38453.86,16017683,0
"2022-01-13",9043,6937114,8866,5988234,451,573246,22874,2519216,314,41421,23188,2560637,41548,37646.29,16059231,0
"2022-01-14",10104,6947218,8119,5996353,476,573722,26439,2545655,316,41737,26755,2587392,45454,37784.43,16104685,0
"2022-01-15",6209,6953427,4307,6000660,178,573900,15145,2560800,175,41912,15320,2602712,26014,36304.71,16130699,0
"2022-01-16",2920,6956347,3249,6003909,95,573995,7825,2568625,82,41994,7907,2610619,14171,35709,16144870,0
"2022-01-17",6079,6962426,6755,6010664,363,574358,14683,2583308,214,42208,14897,2625516,28094,33470.71,16172964,0
"2022-01-18",8163,6970589,10320,6020984,396,574754,19668,2602976,314,42522,19982,2645498,38861,33493,16211825,0
"2022-01-19",7462,6978051,9249,6030233,304,575058,17718,2620694,270,42792,17988,2663486,35003,32735,16246828,0
"2022-01-20",6283,6984334,8560,6038793,305,575363,15251,2635945,241,43033,15492,2678978,30640,31176.71,16277468,0
"2022-01-21",7571,6991905,7504,6046297,276,575639,18512,2654457,279,43312,18791,2697769,34142,29560.71,16311610,0
"2022-01-22",5189,6997094,4940,6051237,131,575770,11320,2665777,125,43437,11445,2709214,21705,28945.14,16333315,0
"2022-01-23",2811,6999905,3328,6054565,97,575867,6229,2672006,76,43513,6305,2715519,12541,28712.29,16345856,0
"2022-01-24",6372,7006277,8204,6062769,262,576129,15071,2687077,235,43748,15306,2730825,30144,29005.14,16376000,0
"2022-01-25",6186,7012463,7932,6070701,233,576362,14695,2701772,255,44003,14950,2745775,29301,27639.43,16405301,0
"2022-01-26",5753,7018216,7171,6077872,289,576651,14017,2715789,209,44212,14226,2760001,27439,26558.86,16432740,0
"2022-01-27",5257,7023473,7093,6084965,321,576972,14083,2729872,228,44440,14311,2774312,26982,26036.29,16459722,0
"2022-01-28",6258,7029731,7873,6092838,203,577175,16132,2746004,235,44675,16367,2790679,30701,25544.71,16490423,0
"2022-01-29",841,7030572,728,6093566,28,577203,2538,2748542,39,44714,2577,2793256,4174,23040.29,16494597,0
"2022-01-30",2097,7032669,3022,6096588,103,577306,4536,2753078,63,44777,4599,2797855,9821,22651.71,16504418,0
"2022-01-31",5004,7037673,6592,6103180,220,577526,11387,2764465,197,44974,11584,2809439,23400,21688.29,16527818,0
"2022-02-01",4833,7042506,6433,6109613,219,577745,10714,2775179,218,45192,10932,2820371,22417,20704.86,16550235,0
"2022-02-02",4257,7046763,5929,6115542,213,577958,11236,2786415,239,45431,11475,2831846,21874,19909.86,16572109,0
"2022-02-03",4226,7050989,5814,6121356,216,578174,11218,2797633,200,45631,11418,2843264,21674,19151.57,16593783,0
"2022-02-04",4767,7055756,7112,6128468,214,578388,13217,2810850,236,45867,13453,2856717,25546,18415.14,16619329,0
"2022-02-05",3584,7059340,6049,6134517,110,578498,8576,2819426,149,46016,8725,2865442,18468,20457.14,16637797,0
"2022-02-06",2063,7061403,2137,6136654,121,578619,4633,2824059,104,46120,4737,2870179,9058,20348.14,16646855,0
"2022-02-07",4158,7065561,4727,6141381,205,578824,10131,2834190,231,46351,10362,2880541,19452,19784.14,16666307,0
"2022-02-08",4221,7069782,5609,6146990,214,579038,11327,2845517,300,46651,11627,2892168,21671,19677.57,16687978,0
"2022-02-09",4134,7073916,5405,6152395,222,579260,11663,2857180,251,46902,11914,2904082,21675,19649.14,16709653,0
"2022-02-10",3997,7077913,5123,6157518,245,579505,12198,2869378,282,47184,12480,2916562,21845,19673.57,16731498,0
"2022-02-11",4521,7082434,5802,6163320,195,579700,13730,2883108,317,47501,14047,2930609,24565,19533.43,16756063,0
"2022-02-12",3258,7085692,4341,6167661,97,579797,8810,2891918,213,47714,9023,2939632,16719,19283.57,16772782,0
"2022-02-13",1522,7087214,1544,6169205,41,579838,4880,2896798,109,47823,4989,2944621,8096,19146.14,16780878,0
"2022-02-14",2984,7090198,3624,6172829,167,580005,10569,2907367,323,48146,10892,2955513,17667,18891.14,16798545,0
"2022-02-15",3559,7093757,4071,6176900,175,580180,12784,2920151,278,48424,13062,2968575,20867,18776.29,16819412,0
"2022-02-16",3663,7097420,3907,6180807,200,580380,15718,2935869,291,48715,16009,2984584,23779,19076.86,16843191,0
"2022-02-17",4038,7101458,4081,6184888,162,580542,18274,2954143,357,49072,18631,3003215,26912,19800.71,16870103,0
"2022-02-18",4472,7105930,4784,6189672,190,580732,21532,2975675,450,49522,21982,3025197,31428,20781.14,16901531,0
"2022-02-19",3255,7109185,2181,6191853,65,580797,11178,2986853,216,49738,11394,3036591,16895,20806.29,16918426,0
"2022-02-20",1861,7111046,1444,6193297,59,580856,6580,2993433,113,49851,6693,3043284,10057,21086.43,16928483,0
"2022-02-21",3084,7114130,2695,6195992,95,580951,8349,3001782,228,50079,8577,3051861,14451,20627,16942934,0
"2022-02-22",4382,7118512,4252,6200244,175,581126,10832,3012614,250,50329,11082,3062943,19891,20487.57,16962825,0
"2022-02-23",4267,7122779,3789,6204033,145,581271,10665,3023279,239,50568,10904,3073847,19105,19819.86,16981930,0
"2022-02-24",3798,7126577,3656,6207689,108,581379,10191,3033470,227,50795,10418,3084265,17980,18543.86,16999910,0
"2022-02-25",3618,7130195,3626,6211315,134,581513,9981,3043451,234,51029,10215,3094480,17593,16567.43,17017503,0
"2022-02-26",2838,7133033,2579,6213894,74,581587,9511,3052962,154,51183,9665,3104145,15156,16319,17032659,0
"2022-02-27",1773,7134806,1373,6215267,52,581639,6265,3059227,101,51284,6366,3110511,9564,16248.57,17042223,0
"2022-02-28",3802,7138608,3133,6218400,141,581780,13130,3072357,247,51531,13377,3123888,20453,17106,17062676,0
"2022-03-01",2137,7140745,2627,6221027,103,581883,5172,3077529,185,51716,5357,3129245,10224,15725,17072900,0
"2022-03-02",1841,7142586,2439,6223466,106,581989,4129,3081658,208,51924,4337,3133582,8723,14241.86,17081623,0
"2022-03-03",1934,7144520,2555,6226021,106,582095,3798,3085456,168,52092,3966,3137548,8561,12896.29,17090184,0
"2022-03-04",2123,7146643,2874,6228895,66,582161,4330,3089786,207,52299,4537,3142085,9600,11754.43,17099784,0
"2022-03-05",1613,7148256,2123,6231018,43,582204,3318,3093104,115,52414,3433,3145518,7212,10619.57,17106996,0
"2022-03-06",799,7149055,879,6231897,30,582234,1622,3094726,55,52469,1677,3147195,3385,9736.86,17110381,0
"2022-03-07",1668,7150723,1786,6233683,86,582320,3497,3098223,161,52630,3658,3150853,7198,7843.29,17117579,0
"2022-03-08",1550,7152273,1893,6235576,79,582399,3124,3101347,149,52779,3273,3154126,6795,7353.43,17124374,0
"2022-03-09",1268,7153541,1677,6237253,79,582478,2584,3103931,130,52909,2714,3156840,5738,6927,17130112,0
"2022-03-10",1421,7154962,2098,6239351,85,582563,2954,3106885,164,53073,3118,3159958,6722,6664.29,17136834,0
"2022-03-11",1602,7156564,2273,6241624,81,582644,3213,3110098,187,53260,3400,3163358,7356,6343.71,17144190,0
"2022-03-12",880,7157444,1414,6243038,40,582684,2004,3112102,76,53336,2080,3165438,4414,5944,17148604,0
"2022-03-13",625,7158069,757,6243795,28,582712,1291,3113393,47,53383,1338,3166776,2748,5853,17151352,0
"2022-03-14",1373,7159442,1605,6245400,83,582795,2989,3116382,207,53590,3196,3169972,6257,5718.57,17157609,0
"2022-03-15",1361,7160803,1926,6247326,63,582858,3067,3119449,230,53820,3297,3173269,6647,5697.43,17164256,0
"2022-03-16",1400,7162203,2067,6249393,94,582952,3132,3122581,296,54116,3428,3176697,6989,5876.14,17171245,0
"2022-03-17",1191,7163394,1808,6251201,70,583022,2759,3125340,266,54382,3025,3179722,6094,5786.43,17177339,0
"2022-03-18",1594,7164988,2218,6253419,80,583102,3770,3129110,415,54797,4185,3183907,8077,5889.43,17185416,0
"2022-03-19",1114,7166102,1733,6255152,54,583156,2601,3131711,226,55023,2827,3186734,5728,6077.14,17191144,0
"2022-03-20",614,7166716,627,6255779,33,583189,1462,3133173,186,55209,1648,3188382,2922,6102,17194066,0
"2022-03-21",1419,7168135,1553,6257332,72,583261,3056,3136229,357,55566,3413,3191795,6457,6130.57,17200523,0
"2022-03-22",1346,7169481,1554,6258886,101,583362,2903,3139132,344,55910,3247,3195042,6248,6073.57,17206771,0
"2022-03-23",1261,7170742,1361,6260247,66,583428,2919,3142051,374,56284,3293,3198335,5981,5929.57,17212752,0
"2022-03-24",1213,7171955,1298,6261545,90,583518,2519,3144570,267,56551,2786,3201121,5387,5828.57,17218139,0
"2022-03-25",1391,7173346,1630,6263175,62,583580,3263,3147833,379,56930,3642,3204763,6725,5635.43,17224864,0
"2022-03-26",927,7174273,1162,6264337,36,583616,2307,3150140,251,57181,2558,3207321,4683,5486.14,17229547,0
"2022-03-27",574,7174847,528,6264865,29,583645,1312,3151452,204,57385,1516,3208837,2647,5446.86,17232194,0
"2022-03-28",1086,7175933,1164,6266029,69,583714,2438,3153890,364,57749,2802,3211639,5121,5256,17237315,0
"2022-03-29",1052,7176985,1105,6267134,85,583799,2514,3156404,880,58629,3394,3215033,5636,5168.57,17242951,0
"2022-03-30",1250,7178235,1141,6268275,98,583897,3066,3159470,3403,62032,6469,3221502,8958,5593.86,17251909,0
"2022-03-31",1290,7179525,1260,6269535,57,583954,3166,3162636,5505,67537,8671,3230173,11278,6435.43,17263187,0
"2022-04-01",1431,7180956,1500,6271035,76,584030,3248,3165884,6900,74437,10148,3240321,13155,7354,17276342,0
"2022-04-02",912,7181868,913,6271948,33,584063,2096,3167980,4524,78961,6620,3246941,8478,7896.14,17284820,0
"2022-04-03",560,7182428,499,6272447,28,584091,1223,3169203,3050,82011,4273,3251214,5360,8283.71,17290180,0
"2022-04-04",1356,7183784,1307,6273754,61,584152,2736,3171939,7695,89706,10431,3261645,13155,9431.43,17303335,0
"2022-04-05",1305,7185089,1163,6274917,66,584218,2856,3174795,7480,97186,10336,3271981,12870,10464.86,17316205,0
"2022-04-06",1346,7186435,1181,6276098,61,584279,2624,3177419,6948,104134,9572,3281553,12160,10922.29,17328365,0
"2022-04-07",1210,7187645,1067,6277165,57,584336,2378,3179797,6605,110739,8983,3290536,11317,10927.86,17339682,0
"2022-04-08",1485,7189130,1406,6278571,62,584398,3174,3182971,8779,119518,11953,3302489,14906,11178,17354588,0
"2022-04-09",919,7190049,924,6279495,29,584427,2079,3185050,4940,124458,7019,3309508,8891,11237,17363479,0
"2022-04-10",585,7190634,461,6279956,25,584452,1170,3186220,2893,127351,4063,3313571,5134,11204.71,17368613,0
"2022-04-11",1315,7191949,1239,6281195,59,584511,2671,3188891,7791,135142,10462,3324033,13075,11193.29,17381688,0
"2022-04-12",1223,7193172,1062,6282257,73,584584,2527,3191418,7409,142551,9936,3333969,12294,11111,17393982,0
"2022-04-13",1242,7194414,1080,6283337,59,584643,2517,3193935,7536,150087,10053,3344022,12434,11150.14,17406416,0
"2022-04-14",1278,7195692,1102,6284439,59,584702,2444,3196379,6569,156656,9013,3353035,11452,11169.43,17417868,0
"2022-04-15",1341,7197033,1099,6285538,53,584755,2569,3198948,6618,163274,9187,3362222,11680,10708.57,17429548,0
"2022-04-16",862,7197895,654,6286192,33,584788,1644,3200592,3677,166951,5321,3367543,6870,10419.86,17436418,0
"2022-04-17",347,7198242,202,6286394,27,584815,640,3201232,1154,168105,1794,3369337,2370,10025,17438788,0
"2022-04-18",1393,7199635,1118,6287512,82,584897,2585,3203817,6411,174516,8996,3378333,11589,9812.71,17450377,0
"2022-04-19",1425,7201060,939,6288451,72,584969,2573,3206390,5739,180255,8312,3386645,10748,9591.86,17461125,0
"2022-04-20",1321,7202381,1159,6289610,65,585034,2716,3209106,6619,186874,9335,3395980,11880,9512.71,17473005,0
"2022-04-21",1230,7203611,1064,6290674,53,585087,2329,3211435,5332,192206,7661,3403641,10008,9306.43,17483013,0
"2022-04-22",1218,7204829,1025,6291699,46,585133,2203,3213638,5634,197840,7837,3411478,10126,9084.43,17493139,0
"2022-04-23",718,7205547,751,6292450,59,585192,1426,3215064,3345,201185,4771,3416249,6299,9002.86,17499438,0
"2022-04-24",442,7205989,338,6292788,27,585219,813,3215877,1811,202996,2624,3418873,3431,9154.43,17502869,0
"2022-04-25",1032,7207021,918,6293706,64,585283,1853,3217730,5087,208083,6940,3425813,8954,8778,17511823,0
"2022-04-26",952,7207973,860,6294566,76,585359,1752,3219482,4686,212769,6438,3432251,8326,8432,17520149,0
"2022-04-27",1041,7209014,1025,6295591,80,585439,1928,3221410,5203,217972,7131,3439382,9277,8060.14,17529426,0
"2022-04-28",1092,7210106,989,6296580,50,585489,2006,3223416,4725,222697,6731,3446113,8862,7896.43,17538288,0
"2022-04-29",1190,7211296,1108,6297688,60,585549,2162,3225578,5386,228083,7548,3453661,9906,7865,17548194,0
"2022-04-30",730,7212026,741,6298429,43,585592,1396,3226974,2952,231035,4348,3458009,5862,7802.57,17554056,0
"2022-05-01",447,7212473,366,6298795,20,585612,767,3227741,1654,232689,2421,3460430,3254,7777.29,17557310,0
"2022-05-02",1061,7213534,796,6299591,52,585664,1669,3229410,3815,236504,5484,3465914,7393,7554.29,17564703,0
"2022-05-03",1126,7214660,864,6300455,61,585725,1999,3231409,4856,241360,6855,3472769,8906,7637.14,17573609,0
"2022-05-04",1022,7215682,885,6301340,48,585773,1917,3233326,4640,246000,6557,3479326,8512,7527.86,17582121,0
"2022-05-05",1067,7216749,953,6302293,86,585859,1923,3235249,4868,250868,6791,3486117,8897,7532.86,17591018,0
"2022-05-06",1095,7217844,961,6303254,51,585910,1867,3237116,4382,255250,6249,3492366,8356,7311.43,17599374,0
"2022-05-07",661,7218505,592,6303846,32,585942,1205,3238321,2425,257675,3630,3495996,4915,7176.14,17604289,0
"2022-05-08",417,7218922,247,6304093,17,585959,666,3238987,1380,259055,2046,3498042,2727,7100.86,17607016,0
"2022-05-09",1087,7220009,947,6305040,60,586019,1887,3240874,4420,263475,6307,3504349,8401,7244.86,17615417,0
"2022-05-10",1098,7221107,931,6305971,54,586073,1988,3242862,4710,268185,6698,3511047,8781,7227,17624198,0
"2022-05-11",1095,7222202,981,6306952,44,586117,1940,3244802,4826,273011,6766,3517813,8886,7280.43,17633084,0
"2022-05-12",1107,7223309,951,6307903,60,586177,2004,3246806,4654,277665,6658,3524471,8776,7263.14,17641860,0
"2022-05-13",1164,7224473,1041,6308944,44,586221,2061,3248867,4782,282447,6843,3531314,9092,7368.29,17650952,0
"2022-05-14",832,7225305,670,6309614,31,586252,1472,3250339,2943,285390,4415,3535729,5948,7515.86,17656900,0
"2022-05-15",512,7225817,357,6309971,21,586273,923,3251262,1645,287035,2568,3538297,3458,7620.29,17660358,0
"2022-05-16",1233,7227050,861,6310832,62,586335,1827,3253089,3853,290888,5680,3543977,7836,7539.57,17668194,0
"2022-05-17",1302,7228352,927,6311759,79,586414,2052,3255141,4871,295759,6923,3550900,9231,7603.86,17677425,0
"2022-05-18",1250,7229602,902,6312661,82,586496,2064,3257205,4916,300675,6980,3557880,9214,7650.71,17686639,0
"2022-05-19",1174,7230776,883,6313544,35,586531,2119,3259324,4710,305385,6829,3564709,8921,7671.43,17695560,0
"2022-05-20",1205,7231981,960,6314504,74,586605,2365,3261689,5186,310571,7551,3572260,9790,7771.14,17705350,0
"2022-05-21",839,7232820,649,6315153,23,586628,1725,3263414,3286,313857,5011,3577271,6522,7853.14,17711872,0
"2022-05-22",512,7233332,291,6315444,22,586650,1134,3264548,1839,315696,2973,3580244,3798,7901.71,17715670,0
"2022-05-23",1227,7234559,892,6316336,47,586697,2187,3266735,4693,320389,6880,3587124,9046,8074.57,17724716,0
"2022-05-24",1438,7235997,941,6317277,66,586763,2294,3269029,4465,324854,6759,3593883,9204,8070.71,17733920,0
"2022-05-25",1441,7237438,960,6318237,56,586819,2261,3271290,4234,329088,6495,3600378,8952,8033.29,17742872,0
"2022-05-26",1185,7238623,878,6319115,60,586879,2263,3273553,4127,333215,6390,3606768,8513,7975,17751385,0
"2022-05-27",1259,7239882,959,6320074,38,586917,2490,3276043,3893,337108,6383,3613151,8639,7810.57,17760024,0
"2022-05-28",720,7240602,518,6320592,19,586936,1779,3277822,2060,339168,3839,3616990,5096,7606.86,17765120,0
"2022-05-29",476,7241078,218,6320810,11,586947,761,3278583,1117,340285,1878,3618868,2583,7433.29,17767703,0
"2022-05-30",91,7241169,57,6320867,6,586953,138,3278721,146,340431,284,3619152,438,6203.57,17768141,0
"2022-05-31",1143,7242312,917,6321784,51,587004,1883,3280604,3055,343486,4938,3624090,7049,5895.71,17775190,0
"2022-06-01",1160,7243472,849,6322633,63,587067,1965,3282569,3406,346892,5371,3629461,7443,5680.14,17782633,0
"2022-06-02",1037,7244509,802,6323435,72,587139,1822,3284391,3158,350050,4980,3634441,6891,5448.43,17789524,0
"2022-06-03",1171,7245680,890,6324325,47,587186,2055,3286446,3477,353527,5532,3639973,7640,5305.71,17797164,0
"2022-06-04",728,7246408,583,6324908,26,587212,1546,3287992,1894,355421,3440,3643413,4777,5260.14,17801941,0
"2022-06-05",449,7246857,297,6325205,1,587213,880,3288872,978,356399,1858,3645271,2605,5263.29,17804546,0
"2022-06-06",1127,7247984,826,6326031,64,587277,1752,3290624,2727,359126,4479,3649750,6496,6128.71,17811042,0
"2022-06-07",1031,7249015,767,6326798,70,587347,1766,3292390,2554,361680,4320,3654070,6188,6005.71,17817230,0
"2022-06-08",1097,7250112,835,6327633,75,587422,1870,3294260,2730,364410,4600,3658670,6607,5886.29,17823837,0
"2022-06-09",1147,7251259,839,6328472,61,587483,2214,3296474,2681,367091,4895,3663565,6942,5893.57,17830779,0
"2022-06-10",1055,7252314,820,6329292,75,587558,1879,3298353,2811,369902,4690,3668255,6640,5750.71,17837419,0
"2022-06-11",683,7252997,507,6329799,25,587583,1315,3299668,1504,371406,2819,3671074,4034,5644.57,17841453,0
"2022-06-12",352,7253349,285,6330084,21,587604,880,3300548,768,372174,1648,3672722,2306,5601.86,17843759,0
"2022-06-13",1038,7254387,766,6330850,63,587667,1567,3302115,2176,374350,3743,3676465,5610,5475.29,17849369,0
"2022-06-14",950,7255337,817,6331667,55,587722,1663,3303778,2487,376837,4150,3680615,5972,5444.43,17855341,0
"2022-06-15",980,7256317,854,6332521,39,587761,1642,3305420,2400,379237,4042,3684657,5915,5345.57,17861256,0
"2022-06-16",945,7257262,775,6333296,59,587820,1810,3307230,2347,381584,4157,3688814,5936,5201.86,17867192,0
"2022-06-17",903,7258165,793,6334089,46,587866,1746,3308976,2386,383970,4132,3692946,5874,5092.43,17873066,0
"2022-06-18",665,7258830,521,6334610,26,587892,1274,3310250,1291,385261,2565,3695511,3777,5055.71,17876843,0
"2022-06-19",353,7259183,236,6334846,16,587908,725,3310975,603,385864,1328,3696839,1933,5002.43,17878776,0
"2022-06-20",838,7260021,489,6335335,41,587949,1562,3312537,1611,387475,3173,3700012,4541,4849.71,17883317,0
"2022-06-21",1137,7261158,729,6336064,50,587999,1675,3314212,2121,389596,3796,3703808,5712,4812.57,17889029,0
"2022-06-22",1971,7263129,817,6336881,46,588045,1682,3315894,1981,391577,3663,3707471,6497,4895.71,17895526,0
"2022-06-23",2120,7265249,750,6337631,64,588109,1689,3317583,2140,393717,3829,3711300,6763,5013.86,17902289,0
"2022-06-24",2173,7267422,756,6338387,48,588157,1618,3319201,2134,395851,3752,3715052,6729,5136,17909018,0
"2022-06-25",2140,7269562,487,6338874,15,588172,1231,3320432,1134,396985,2365,3717417,5007,5311.71,17914025,0
"2022-06-26",1214,7270776,247,6339121,14,588186,679,3321111,531,397516,1210,3718627,2685,5419.14,17916710,0
"2022-06-27",1529,7272305,648,6339769,60,588246,1453,3322564,1601,399117,3054,3721681,5291,5526.29,17922001,0
"2022-06-28",1689,7273994,829,6340598,53,588299,1845,3324409,2122,401239,3967,3725648,6538,5644.29,17928539,0
"2022-06-29",1839,7275833,764,6341362,48,588347,1677,3326086,1912,403151,3589,3729237,6240,5607.57,17934779,0
"2022-06-30",1852,7277685,799,6342161,46,588393,1726,3327812,2090,405241,3816,3733053,6513,5571.86,17941292,0
"2022-07-01",1579,7279264,590,6342751,25,588418,1381,3329193,1716,406957,3097,3736150,5291,5366.43,17946583,0
"2022-07-02",972,7280236,378,6343129,18,588436,830,3330023,925,407882,1755,3737905,3123,5097.29,17949706,0
"2022-07-03",529,7280765,205,6343334,7,588443,459,3330482,484,408366,943,3738848,1684,4954.29,17951390,0
"2022-07-04",35,7280800,26,6343360,1,588444,30,3330512,38,408404,68,3738916,130,4217,17951520,0
"2022-07-05",1274,7282074,748,6344108,35,588479,1390,3331902,1732,410136,3122,3742038,5179,4022.86,17956699,0
"2022-07-06",1600,7283674,674,6344782,44,588523,1420,3333322,1811,411947,3231,3745269,5549,3924.14,17962248,0
"2022-07-07",1572,7285246,713,6345495,48,588571,1511,3334833,1981,413928,3492,3748761,5825,3825.86,17968073,0
"2022-07-08",1618,7286864,642,6346137,37,588608,1461,3336294,1957,415885,3418,3752179,5715,3886.43,17973788,0
"2022-07-09",979,7287843,409,6346546,25,588633,876,3337170,1337,417222,2213,3754392,3626,3958.29,17977414,0
"2022-07-10",643,7288486,184,6346730,17,588650,425,3337595,658,417880,1083,3755475,1927,3993,17979341,0
"2022-07-11",1379,7289865,629,6347359,49,588699,1419,3339014,2188,420068,3607,3759082,5664,4783.57,17985005,0
"2022-07-12",1394,7291259,683,6348042,45,588744,1388,3340402,2491,422559,3879,3762961,6001,4901,17991006,0
"2022-07-13",1593,7292852,718,6348760,36,588780,1477,3341879,2767,425326,4244,3767205,6591,5049.86,17997597,0
"2022-07-14",1566,7294418,831,6349591,47,588827,1582,3343461,3038,428364,4620,3771825,7064,5226.86,18004661,0
"2022-07-15",1595,7296013,915,6350506,44,588871,1545,3345006,3028,431392,4573,3776398,7127,5428.57,18011788,0
"2022-07-16",874,7296887,574,6351080,9,588880,968,3345974,1684,433076,2652,3779050,4109,5497.57,18015897,0
"2022-07-17",546,7297433,291,6351371,16,588896,529,3346503,1162,434238,1691,3780741,2544,5585.71,18018441,0
"2022-07-18",1384,7298817,835,6352206,45,588941,1415,3347918,2419,436657,3834,3784575,6098,5647.71,18024539,0
"2022-07-19",1422,7300239,967,6353173,51,588992,1529,3349447,2764,439421,4293,3788868,6733,5752.29,18031272,0
"2022-07-20",1363,7301602,1456,6354629,50,589042,1324,3350771,2341,441762,3665,3792533,6534,5744.14,18037806,0
"2022-07-21",1328,7302930,1418,6356047,45,589087,1374,3352145,2324,444086,3698,3796231,6489,5662,18044295,0
"2022-07-22",1418,7304348,1543,6357590,39,589126,1535,3353680,2819,446905,4354,3800585,7354,5694.43,18051649,0
"2022-07-23",903,7305251,1086,6358676,16,589142,988,3354668,1541,448446,2529,3803114,4534,5755.14,18056183,0
"2022-07-24",489,7305740,638,6359314,14,589156,498,3355166,798,449244,1296,3804410,2437,5739.86,18058620,0
"2022-07-25",1204,7306944,763,6360077,56,589212,1249,3356415,2034,451278,3283,3807693,5306,5626.71,18063926,0
"2022-07-26",1206,7308150,1008,6361085,40,589252,1441,3357856,2383,453661,3824,3811517,6078,5533.14,18070004,0
"2022-07-27",1298,7309448,1255,6362340,40,589292,1372,3359228,2153,455814,3525,3815042,6118,5473.71,18076122,0
"2022-07-28",1285,7310733,1391,6363731,69,589361,1393,3360621,2152,457966,3545,3818587,6290,5445.29,18082412,0
"2022-07-29",1303,7312036,1407,6365138,65,589426,1320,3361941,2084,460050,3404,3821991,6179,5277.43,18088591,0
"2022-07-30",717,7312753,714,6365852,23,589449,778,3362719,933,460983,1711,3823702,3165,5081.86,18091756,0
"2022-07-31",414,7313167,586,6366438,13,589462,485,3363204,568,461551,1053,3824755,2066,5028.86,18093822,0
"2022-08-01",1201,7314368,891,6367329,54,589516,1302,3364506,1456,463007,2758,3827513,4904,4971.43,18098726,0
"2022-08-02",1201,7315569,998,6368327,72,589588,1313,3365819,1563,464570,2876,3830389,5147,4838.43,18103873,0
"2022-08-03",1229,7316798,1146,6369473,38,589626,1291,3367110,1409,465979,2700,3833089,5113,4694.86,18108986,0
"2022-08-04",1143,7317941,1131,6370604,49,589675,1212,3368322,1320,467299,2532,3835621,4855,4489.86,18113841,120000
"2022-08-05",1253,7319194,1375,6371979,41,589716,1257,3369579,1305,468604,2562,3838183,5231,4354.43,18119072,120000
"2022-08-06",657,7319851,815,6372794,13,589729,722,3370301,693,469297,1415,3839598,2900,4316.57,18121972,120000
"2022-08-07",383,7320234,450,6373244,12,589741,416,3370717,331,469628,747,3840345,1592,4248.86,18123564,120000
"2022-08-08",1120,7321354,889,6374133,60,589801,1186,3371903,1075,470703,2261,3842606,4330,4166.86,18127894,120000
"2022-08-09",1058,7322412,828,6374961,31,589832,1096,3372999,1029,471732,2125,3844731,4042,4009,18131936,120000
"2022-08-10",429,7322841,430,6375391,16,589848,400,3373399,389,472121,789,3845520,1664,3516.29,18133600,120000
