"DATE","ADMIN_DOSE1_DAILY","ADMIN_DOSE1_CUMULATIVE","ADMIN_DOSE2_DAILY","ADMIN_DOSE2_CUMULATIVE","ADMIN_SINGLE_DAILY","ADMIN_SINGLE_CUMULATIVE","ADMIN_ADDITIONAL1_DAILY","ADMIN_ADDITIONAL1_CUMULATIVE","ADMIN_ADDITIONAL2_DAILY","ADMIN_ADDITIONAL2_CUMULATIVE","ADMIN_ADDITIONAL_DAILY","ADMIN_ADDITIONAL_CUMULATIVE","ADMIN_BIVALENT_ADDITIONAL_DAILY","ADMIN_BIVALENT_ADDITIONAL_CUMULATIVE","ADMIN_ALLDOSES_DAILY","ADMIN_ALLDOSES_7DAYAVG","ADMIN_ALLDOSES_CUMULATIVE","ADMIN_ALLDOSES_PRIMARY","INCOMPLETE"
2020-12-14,79,79,0,0,2,2,0,0,0,0,0,0,0,0,81,,81,81,0
2020-12-15,2052,2131,7,7,5,7,0,0,0,0,0,0,0,0,2064,,2145,2145,0
2020-12-16,4604,6735,17,24,4,11,1,1,0,0,1,1,0,0,4626,,6771,6770,0
2020-12-17,4661,11396,18,42,2,13,1,2,0,0,1,2,0,0,4682,,11453,11451,0
2020-12-18,5835,17231,19,61,2,15,2,4,0,0,2,4,0,0,5858,,17311,17307,0
2020-12-19,1688,18919,9,70,3,18,0,4,0,0,0,4,0,0,1700,,19011,19007,0
2020-12-20,1117,20036,2,72,1,19,0,4,0,0,0,4,0,0,1120,2875.86,20131,20127,0
2020-12-21,6390,26426,23,95,0,19,5,9,0,0,5,9,0,0,6418,3781.14,26549,26540,0
2020-12-22,9765,36191,28,123,2,21,1,10,0,0,1,10,0,0,9796,4885.71,36345,36335,0
2020-12-23,14276,50467,37,160,3,24,0,10,0,0,0,10,0,0,14316,6270,50661,50651,0
2020-12-24,7170,57637,28,188,1,25,0,10,0,0,0,10,0,0,7199,6629.57,57860,57850,0
2020-12-25,180,57817,0,188,0,25,1,11,0,0,1,11,0,0,181,5818.57,58041,58030,0
2020-12-26,4391,62208,47,235,0,25,1,12,0,0,1,12,0,0,4439,6209.86,62480,62468,0
2020-12-27,3869,66077,15,250,0,25,1,13,0,0,1,13,0,0,3885,6604.86,66365,66352,0
2020-12-28,10991,77068,52,302,1,26,3,16,0,0,3,16,0,0,11047,7266.14,77412,77396,0
2020-12-29,10712,87780,37,339,2,28,3,19,0,0,3,19,0,0,10754,7403,88166,88147,0
2020-12-30,12822,100602,44,383,0,28,0,19,0,0,0,19,0,0,12866,7195.86,101032,101013,0
2020-12-31,7259,107861,37,420,1,29,0,19,0,0,0,19,0,0,7297,7209.86,108329,108310,0
2021-01-01,178,108039,2,422,1,30,3,22,0,0,3,22,0,0,184,7210.29,108513,108491,0
2021-01-02,3809,111848,10,432,3,33,2,24,0,0,2,24,0,0,3824,7122.43,112337,112313,0
2021-01-03,3542,115390,24,456,2,35,1,25,0,0,1,25,0,0,3569,7077.29,115906,115881,0
2021-01-04,12251,127641,810,1266,2,37,7,32,0,0,7,32,0,0,13070,7366.29,128976,128944,0
2021-01-05,14088,141729,2197,3463,2,39,14,46,1,1,15,47,0,0,16302,8158.86,145278,145231,0
2021-01-06,17795,159524,3929,7392,1,40,32,78,8,9,40,87,0,0,21765,9430.14,167043,166956,0
2021-01-07,16539,176063,5184,12576,4,44,46,124,3,12,49,136,0,0,21776,11498.57,188819,188683,0
2021-01-08,16610,192673,5462,18038,0,44,37,161,4,16,41,177,0,0,22113,14631.29,210932,210755,0
2021-01-09,7649,200322,1465,19503,1,45,7,168,2,18,9,186,0,0,9124,15388.43,220056,219870,0
2021-01-10,7879,208201,978,20481,0,45,14,182,0,18,14,200,0,0,8871,16145.86,228927,228727,0
2021-01-11,25807,234008,7461,27942,2,47,58,240,7,25,65,265,0,0,33335,19040.86,262262,261997,0
2021-01-12,28241,262249,7866,35808,1,48,47,287,4,29,51,316,0,0,36159,21877.57,298421,298105,0
2021-01-13,31700,293949,9423,45231,1,49,59,346,5,34,64,380,0,0,41188,24652.29,339609,339229,0
2021-01-14,35797,329746,5304,50535,1,50,33,379,7,41,40,420,0,0,41142,27418.86,380751,380331,0
2021-01-15,29247,358993,3715,54250,2,52,33,412,6,47,39,459,0,0,33003,28974.57,413754,413295,0
2021-01-16,30258,389251,2397,56647,0,52,25,437,6,53,31,490,0,0,32686,32340.57,446440,445950,0
2021-01-17,23726,412977,1645,58292,0,52,20,457,1,54,21,511,0,0,25392,34700.71,471832,471321,0
2021-01-18,27082,440059,2425,60717,0,52,37,494,7,61,44,555,0,0,29552,34160.29,501384,500829,0
2021-01-19,34269,474328,9643,70360,1,53,72,566,7,68,79,634,0,0,43992,35279.29,545376,544742,0
2021-01-20,34848,509176,9504,79864,1,54,62,628,3,71,65,699,0,0,44418,35740.71,589794,589095,0
2021-01-21,25575,534751,8096,87960,2,56,56,684,5,76,61,760,0,0,33734,34682.43,623528,622768,0
2021-01-22,24742,559493,4386,92346,1,57,31,715,7,83,38,798,0,0,29167,34134.43,652695,651897,0
2021-01-23,15733,575226,3226,95572,0,57,12,727,2,85,14,812,0,0,18973,32175.43,671668,670856,0
2021-01-24,7169,582395,3459,99031,0,57,19,746,1,86,20,832,0,0,10648,30069.14,682316,681484,0
2021-01-25,13392,595787,11834,110865,0,57,68,814,13,99,81,913,0,0,25307,29462.71,707623,706710,0
2021-01-26,16744,612531,10766,121631,0,57,69,883,3,102,73,986,0,0,27583,27118.57,735206,734221,0
2021-01-27,20818,633349,12357,133988,0,57,54,937,9,111,63,1049,0,0,33240,25521.71,768446,767398,0
2021-01-28,30730,664079,12859,146847,0,57,83,1020,16,127,99,1148,0,0,43691,26944.14,812137,810990,0
2021-01-29,31668,695747,11513,158360,0,57,84,1104,11,138,95,1243,0,0,43276,28959.71,855413,854171,0
2021-01-30,18706,714453,3743,162103,0,57,23,1127,2,140,26,1269,0,0,22475,29460,877888,876621,0
2021-01-31,13006,727459,2930,165033,1,58,28,1155,5,145,33,1302,0,0,15970,30220.29,893858,892558,0
2021-02-01,1180,728639,5400,170433,4,62,37,1192,4,149,41,1343,0,0,6625,27551.43,900483,899142,0
2021-02-02,2823,731462,9442,179875,2,64,54,1246,3,152,57,1400,0,0,12324,25371.57,912807,911409,0
2021-02-03,16343,747805,21234,201109,4,68,214,1460,22,174,236,1636,0,0,37817,26025.43,950624,948990,0
2021-02-04,27032,774837,19656,220765,3,71,210,1670,10,184,220,1856,0,0,46911,26485.43,997535,995681,0
2021-02-05,27577,802414,20030,240795,0,71,195,1865,16,200,212,2068,0,0,47819,27134.43,1045354,1043289,0
2021-02-06,22974,825388,11251,252046,0,71,117,1982,12,212,129,2197,0,0,34354,28831.43,1079708,1077514,0
2021-02-07,12029,837417,8285,260331,1,72,98,2080,12,224,111,2308,0,0,20426,29468,1100134,1097830,0
2021-02-08,16933,854350,23529,283860,2,74,240,2320,36,260,277,2585,0,0,40741,34341.71,1140875,1138295,0
2021-02-09,17184,871534,28090,311950,2,76,356,2676,43,303,402,2987,0,0,45678,39106.57,1186553,1183574,0
2021-02-10,19579,891113,29305,341255,2,78,271,2947,52,355,326,3313,0,0,49213,40734.57,1235766,1232464,0
2021-02-11,27828,918941,33459,374714,2,80,354,3301,58,413,412,3725,0,0,61703,42847.71,1297469,1293755,0
2021-02-12,38349,957290,30810,405524,3,83,365,3666,41,454,407,4132,0,0,69569,45954.86,1367038,1362918,0
2021-02-13,27981,985271,25318,430842,2,85,313,3979,58,512,372,4504,0,0,53674,48714.86,1420712,1416221,0
2021-02-14,16257,1001528,23722,454564,0,85,281,4260,35,547,316,4820,0,0,40295,51553.29,1461007,1456200,0
2021-02-15,12790,1014318,10525,465089,2,87,180,4440,25,572,206,5026,0,0,23523,49093.57,1484530,1479518,0
2021-02-16,14231,1028549,26708,491797,0,87,342,4782,41,613,384,5410,0,0,41323,48471.43,1525853,1520458,0
2021-02-17,16379,1044928,22196,513993,1,88,287,5069,42,655,329,5739,0,0,38905,46998.86,1564758,1559034,0
2021-02-18,12134,1057062,24983,538976,21,109,306,5375,46,701,352,6091,0,0,37490,43539.86,1602248,1596172,0
2021-02-19,13238,1070300,23923,562899,38,147,316,5691,49,750,365,6456,0,0,37564,38967.71,1639812,1633371,0
2021-02-20,11341,1081641,26070,588969,7,154,339,6030,79,829,420,6876,0,0,37839,36705.57,1677651,1670792,0
2021-02-21,6347,1087988,17409,606378,15,169,306,6336,45,874,352,7228,0,0,24123,34395.29,1701774,1694564,0
2021-02-22,13041,1101029,11835,618213,2,171,133,6469,21,895,154,7382,0,0,25032,34610.86,1726806,1719442,0
2021-02-23,25226,1126255,14146,632359,1,172,171,6640,35,930,207,7589,0,0,39581,34362,1766387,1758817,0
2021-02-24,36323,1162578,20406,652765,0,172,233,6873,42,972,276,7865,0,0,57005,36947.71,1823392,1815547,0
2021-02-25,54515,1217093,30460,683225,6,178,411,7284,64,1036,476,8341,0,0,85457,43800.14,1908849,1900529,0
2021-02-26,62789,1279882,31906,715131,4,182,423,7707,78,1114,504,8845,0,0,95203,52034.29,2004052,1995231,0
2021-02-27,51260,1331142,22752,737883,47,229,355,8062,53,1167,409,9254,0,0,74468,57267,2078520,2069291,0
2021-02-28,44548,1375690,13852,751735,7,236,206,8268,37,1204,243,9497,0,0,58650,62199.43,2137170,2127698,0
2021-03-01,39302,1414992,12783,764518,10,246,172,8440,24,1228,196,9693,0,0,52291,66093.57,2189461,2179793,0
2021-03-02,47072,1462064,12579,777097,7,253,158,8598,17,1245,175,9868,0,0,59833,68986.71,2249294,2239451,0
2021-03-03,48590,1510654,16153,793250,17,270,156,8754,21,1266,177,10045,0,0,64937,70119.86,2314231,2304211,0
2021-03-04,59798,1570452,22815,816065,1092,1362,277,9031,37,1303,315,10360,0,0,84020,69914.57,2398251,2387917,0
2021-03-05,60951,1631403,24287,840352,3107,4469,338,9369,36,1339,376,10736,0,0,88721,68988.57,2486972,2476264,0
2021-03-06,47150,1678553,18882,859234,5451,9920,245,9614,43,1382,288,11024,0,0,71771,68603.29,2558743,2547747,0
2021-03-07,36022,1714575,14882,874116,6244,16164,238,9852,22,1404,262,11286,0,0,57410,68426.14,2616153,2604897,0
2021-03-08,39604,1754179,14686,888802,8557,24721,321,10173,92,1496,418,11704,0,0,63265,69993.86,2679418,2667749,0
2021-03-09,39081,1793260,12861,901663,7759,32480,185,10358,35,1531,221,11925,0,0,59922,70006.57,2739340,2727451,0
2021-03-10,51811,1845071,15362,917025,5064,37544,229,10587,34,1565,265,12190,0,0,72502,71087.29,2811842,2799690,0
2021-03-11,59961,1905032,21825,938850,4619,42163,258,10845,48,1613,308,12498,0,0,86713,71472,2898555,2886097,0
2021-03-12,52170,1957202,30307,969157,4182,46345,391,11236,86,1699,477,12975,0,0,87136,71245.57,2985691,2972756,0
2021-03-13,40634,1997836,26684,995841,5110,51455,335,11571,55,1754,390,13365,0,0,72819,71395.29,3058510,3045185,0
2021-03-14,30695,2028531,15967,1011808,4523,55978,258,11829,28,1782,288,13653,0,0,51474,70547.29,3109984,3096373,0
2021-03-15,33581,2062112,17258,1029066,4702,60680,243,12072,33,1815,276,13929,0,0,55817,69483.29,3165801,3151914,0
2021-03-16,38658,2100770,20517,1049583,4924,65604,266,12338,36,1851,303,14232,0,0,64402,70123.29,3230203,3216014,0
2021-03-17,42600,2143370,24784,1074367,4242,69846,356,12694,42,1893,399,14631,0,0,72025,70055.14,3302228,3287641,0
2021-03-18,50407,2193777,26812,1101179,5226,75072,387,13081,64,1957,451,15082,0,0,82896,69509.86,3385124,3370086,0
2021-03-19,47763,2241540,29965,1131144,5623,80695,406,13487,74,2031,480,15562,0,0,83832,69037.86,3468956,3453438,0
2021-03-20,38692,2280232,25830,1156974,4682,85377,312,13799,60,2091,373,15935,0,0,69577,68574.71,3538533,3522643,0
2021-03-21,29284,2309516,19355,1176329,769,86146,231,14030,44,2135,275,16210,0,0,49683,68318.86,3588216,3572051,0
2021-03-22,33849,2343365,26752,1203081,4037,90183,261,14291,38,2173,300,16510,0,0,64939,69622,3653155,3636691,0
2021-03-23,38413,2381778,32848,1235929,4214,94397,306,14597,54,2227,364,16874,0,0,75839,71255.86,3728994,3712170,0
2021-03-24,41470,2423248,37616,1273545,4843,99240,339,14936,64,2291,406,17280,0,0,84335,73014.43,3813329,3796102,0
2021-03-25,43385,2466633,50782,1324327,5050,104290,495,15431,88,2379,587,17867,0,0,99804,75429.86,3913133,3895323,0
2021-03-26,38485,2505118,55493,1379820,4307,108597,545,15976,107,2486,656,18523,0,0,98941,77588.29,4012074,3993612,0
2021-03-27,35717,2540835,45743,1425563,2938,111535,440,16416,84,2570,525,19048,0,0,84923,79780.57,4096997,4078011,0
2021-03-28,26372,2567207,34451,1460014,1481,113016,347,16763,66,2636,417,19465,0,0,62721,81643.14,4159718,4140319,0
2021-03-29,34803,2602010,38856,1498870,3244,116260,363,17126,115,2751,479,19944,0,0,77382,83420.71,4237100,4217223,0
2021-03-30,40482,2642492,41925,1540795,3712,119972,352,17478,65,2816,418,20362,0,0,86537,84949,4323637,4303343,0
2021-03-31,49367,2691859,44879,1585674,7438,127410,419,17897,85,2901,504,20866,0,0,102188,87499.43,4425825,4405027,0
2021-04-01,50758,2742617,53948,1639622,11272,138682,512,18409,85,2986,601,21467,0,0,116579,89895.86,4542404,4521009,0
2021-04-02,43748,2786365,53869,1693491,11964,150646,563,18972,72,3058,640,22107,0,0,110221,91507.29,4652625,4630595,0
2021-04-03,39236,2825601,39207,1732698,9860,160506,351,19323,60,3118,412,22519,0,0,88715,92049,4741340,4718899,0
2021-04-04,26548,2852149,24778,1757476,3902,164408,232,19555,50,3168,282,22801,0,0,55510,91018.86,4796850,4774127,0
2021-04-05,41859,2894008,34480,1791956,11194,175602,392,19947,61,3229,454,23255,0,0,87987,92533.86,4884837,4861661,0
2021-04-06,53240,2947248,35615,1827571,13213,188815,448,20395,79,3308,528,23783,0,0,102596,94828,4987433,4963730,0
2021-04-07,55476,3002724,40706,1868277,14386,203201,416,20811,83,3391,501,24284,0,0,111069,96096.71,5098502,5074300,0
2021-04-08,59234,3061958,46583,1914860,16337,219538,542,21353,87,3478,630,24914,0,0,122784,96983.14,5221286,5196455,0
2021-04-09,56626,3118584,44946,1959806,17556,237094,544,21897,80,3558,629,25543,0,0,119757,98345.43,5341043,5315588,0
2021-04-10,49330,3167914,35638,1995444,12716,249810,406,22303,62,3620,472,26015,0,0,98156,99694.14,5439199,5413276,0
2021-04-11,38157,3206071,28824,2024268,7679,257489,302,22605,62,3682,365,26380,0,0,75025,102482,5514224,5487937,0
2021-04-12,46618,3252689,31838,2056106,13494,270983,477,23082,69,3751,546,26926,0,0,92496,103126.14,5606720,5579887,0
2021-04-13,52533,3305222,33792,2089898,369,271352,408,23490,65,3816,474,27400,0,0,87168,100922.14,5693888,5666582,0
2021-04-14,50129,3355351,39957,2129855,20,271372,373,23863,79,3895,453,27853,0,0,90559,97992.14,5784447,5756689,0
2021-04-15,52105,3407456,43691,2173546,16,271388,463,24326,107,4002,575,28428,0,0,96388,94221.29,5880835,5852507,0
2021-04-16,51175,3458631,42202,2215748,32,271420,447,24773,73,4075,523,28951,0,0,93932,90532,5974767,5945919,0
2021-04-17,43825,3502456,35687,2251435,3,271423,378,25151,85,4160,465,29416,0,0,79980,87935.43,6054747,6025436,0
2021-04-18,28594,3531050,29364,2280799,7,271430,266,25417,65,4225,332,29748,0,0,58297,85545.71,6113044,6083402,0
2021-04-19,37443,3568493,36450,2317249,21,271451,344,25761,68,4293,414,30162,0,0,74328,82950.29,6187372,6157318,0
2021-04-20,40793,3609286,39625,2356874,19,271470,321,26082,84,4377,406,30568,0,0,80843,82046.71,6268215,6237756,0
2021-04-21,38871,3648157,46029,2402903,17,271487,508,26590,98,4475,607,31175,0,0,85524,81327.43,6353739,6322674,0
2021-04-22,38476,3686633,48957,2451860,9,271496,354,26944,79,4554,435,31610,0,0,87878,80111.71,6441617,6410119,0
2021-04-23,39681,3726314,44388,2496248,3,271499,358,27302,77,4631,437,32047,0,0,84509,78765.57,6526126,6494193,0
2021-04-24,31922,3758236,41605,2537853,44,271543,287,27589,62,4693,350,32397,0,0,73921,77900,6600047,6567765,0
2021-04-25,18411,3776647,31217,2569070,87,271630,205,27794,61,4754,266,32663,0,0,49981,76712,6650028,6617480,0
2021-04-26,26954,3803601,40721,2609791,1012,272642,306,28100,93,4847,404,33067,0,0,69091,75963.86,6719119,6686172,0
2021-04-27,28551,3832152,47126,2656917,1696,274338,378,28478,99,4946,482,33549,0,0,77855,75537,6796974,6763550,0
2021-04-28,27007,3859159,56843,2713760,2146,276484,453,28931,101,5047,557,34106,0,0,86553,75684,6883527,6849549,0
2021-04-29,28584,3887743,57205,2770965,2149,278633,378,29309,101,5148,481,34587,0,0,88419,75761.29,6971946,6937489,0
2021-04-30,30100,3917843,51993,2822958,2059,280692,294,29603,75,5223,370,34957,0,0,84523,75763.29,7056469,7021643,0
2021-05-01,22474,3940317,44537,2867495,1177,281869,236,29839,66,5289,304,35261,0,0,68492,74987.71,7124961,7089833,0
2021-05-02,11915,3952232,36640,2904135,1081,282950,154,29993,57,5346,213,35474,0,0,49849,74968.86,7174810,7139471,0
2021-05-03,18006,3970238,53022,2957157,2381,285331,267,30260,94,5440,363,35837,0,0,73774,75637.86,7248584,7212884,0
2021-05-04,22724,3992962,56646,3013803,2331,287662,275,30535,117,5557,393,36230,0,0,82094,76243.43,7330678,7294586,0
2021-05-05,21471,4014433,48754,3062557,2313,289975,320,30855,104,5661,425,36655,0,0,72964,74302.14,7403642,7367126,0
2021-05-06,20672,4035105,50177,3112734,2508,292483,282,31137,91,5752,377,37032,0,0,73734,72204.29,7477376,7440487,0
2021-05-07,21232,4056337,52105,3164839,2812,295295,320,31457,80,5832,401,37433,0,0,76550,71065.29,7553926,7516637,0
2021-05-08,16616,4072953,41865,3206704,1834,297129,239,31696,72,5904,311,37744,0,0,60626,69941.57,7614552,7576952,0
2021-05-09,7968,4080921,29402,3236106,1260,298389,157,31853,57,5961,214,37958,0,0,38844,68369.43,7653396,7615582,0
2021-05-10,14373,4095294,38522,3274628,2356,300745,252,32105,94,6055,350,38308,0,0,55602,65773.43,7708998,7670838,0
2021-05-11,19897,4115191,43061,3317689,2512,303257,293,32398,88,6143,386,38694,0,0,65857,63453.86,7774855,7736314,0
2021-05-12,17809,4133000,40536,3358225,3595,306852,243,32641,80,6223,323,39017,0,0,62263,61925.14,7837118,7798254,0
2021-05-13,24947,4157947,40426,3398651,3229,310081,274,32915,81,6304,357,39374,0,0,68959,61243,7906077,7866858,0
2021-05-14,27003,4184950,42945,3441596,3535,313616,277,33192,95,6399,374,39748,0,0,73857,60858.29,7979934,7940343,0
2021-05-15,23638,4208588,34922,3476518,3364,316980,261,33453,75,6474,337,40085,0,0,62261,61091.86,8042195,8002268,0
2021-05-16,15518,4224106,19458,3495976,2496,319476,123,33576,47,6521,171,40256,0,0,37643,60920.29,8079838,8039741,0
2021-05-17,22663,4246769,29136,3525112,3252,322728,191,33767,73,6594,264,40520,0,0,55315,60879.29,8135153,8094792,0
2021-05-18,24612,4271381,31904,3557016,3402,326130,248,34015,84,6678,332,40852,0,0,60250,60078.29,8195403,8154710,0
2021-05-19,24172,4295553,29729,3586745,3040,329170,234,34249,50,6728,285,41137,0,0,57226,59358.71,8252629,8211652,0
2021-05-20,24133,4319686,30103,3616848,3163,332333,274,34523,89,6817,368,41505,0,0,57767,57759.86,8310396,8269056,0
2021-05-21,24665,4344351,32004,3648852,3057,335390,253,34776,63,6880,319,41824,0,0,60045,55786.71,8370441,8328785,0
2021-05-22,20010,4364361,24374,3673226,2523,337913,168,34944,48,6928,217,42041,0,0,47124,53624.29,8417565,8375693,0
2021-05-23,11225,4375586,13733,3686959,1411,339324,95,35039,32,6960,129,42170,0,0,26498,52032.14,8444063,8402064,0
2021-05-24,18857,4394443,23164,3710123,2757,342081,222,35261,55,7015,280,42450,0,0,45058,50566.86,8489121,8446845,0
2021-05-25,19418,4413861,23384,3733507,2601,344682,179,35440,59,7074,238,42688,0,0,45641,48479.86,8534762,8492248,0
2021-05-26,18773,4432634,21090,3754597,2698,347380,205,35645,49,7123,256,42944,0,0,42817,46421.43,8577579,8534811,0
2021-05-27,18452,4451086,21282,3775879,2531,349911,184,35829,62,7185,247,43191,0,0,42512,44242.14,8620091,8577077,0
2021-05-28,17855,4468941,22875,3798754,2751,352662,193,36022,59,7244,253,43444,0,0,43734,41912,8663825,8620559,0
2021-05-29,12700,4481641,17817,3816571,1754,354416,106,36128,39,7283,146,43590,0,0,32417,39811,8696242,8652831,0
2021-05-30,7024,4488665,8951,3825522,1074,355490,50,36178,16,7299,66,43656,0,0,17115,38470.57,8713357,8669880,0
2021-05-31,4740,4493405,6922,3832444,1011,356501,65,36243,18,7317,83,43739,0,0,12756,33856,8726113,8682553,0
2021-06-01,16047,4509452,25188,3857632,2177,358678,161,36404,42,7359,207,43946,0,0,43619,33567.14,8769732,8725969,0
2021-06-02,15351,4524803,20400,3878032,2095,360773,141,36545,48,7407,189,44135,0,0,38035,32884,8807767,8763815,0
2021-06-03,14994,4539797,23824,3901856,2280,363053,133,36678,45,7452,180,44315,0,0,41278,32707.71,8849045,8804915,0
2021-06-04,14710,4554507,26002,3927858,2492,365545,151,36829,42,7494,194,44509,0,0,43399,32659.86,8892444,8848121,0
2021-06-05,10979,4565486,22104,3949962,1806,367351,115,36944,29,7523,145,44654,0,0,35034,33033.71,8927478,8883011,0
2021-06-06,6443,4571929,14486,3964448,1222,368573,90,37034,12,7535,103,44757,0,0,22254,33767.86,8949732,8905163,0
2021-06-07,11695,4583624,21783,3986231,2378,370951,146,37180,37,7572,186,44943,0,0,36042,37094.43,8985774,8941022,0
2021-06-08,12625,4596249,24020,4010251,2071,373022,127,37307,46,7618,174,45117,0,0,38890,36418.86,9024664,8979739,0
2021-06-09,11124,4607373,23026,4033277,2300,375322,141,37448,43,7661,186,45303,0,0,36636,36219,9061300,9016191,0
2021-06-10,12054,4619427,22237,4055514,2461,377783,144,37592,63,7724,207,45510,0,0,36960,35602.14,9098260,9052944,0
2021-06-11,12695,4632122,25126,4080640,2483,380266,161,37753,62,7786,224,45734,0,0,40528,35192,9138788,9093249,0
2021-06-12,10158,4642280,19318,4099958,1888,382154,97,37850,44,7830,143,45877,0,0,31507,34688.14,9170295,9124615,0
2021-06-13,4251,4646531,10937,4110895,1219,383373,42,37892,21,7851,63,45940,0,0,16472,33862.14,9186767,9141024,0
2021-06-14,10201,4656732,19239,4130134,2040,385413,136,38028,53,7904,189,46129,0,0,31669,33237.43,9218436,9172504,0
2021-06-15,11880,4668612,21017,4151151,1942,387355,131,38159,41,7945,174,46303,0,0,35014,32683.71,9253450,9207346,0
2021-06-16,11582,4680194,19401,4170552,1956,389311,151,38310,74,8019,225,46528,0,0,33164,32187.71,9286614,9240285,0
2021-06-17,11018,4691212,18758,4189310,1973,391284,132,38442,35,8054,169,46697,0,0,31918,31467.43,9318532,9272036,0
2021-06-18,12166,4703378,18495,4207805,2115,393399,120,38562,37,8091,158,46855,0,0,32935,30382.71,9351467,9304814,0
2021-06-19,8491,4711869,13515,4221320,1459,394858,90,38652,22,8113,112,46967,0,0,23577,29249.86,9375044,9328279,0
2021-06-20,4333,4716202,7159,4228479,924,395782,37,38689,17,8130,54,47021,0,0,12470,28678.14,9387514,9340695,0
2021-06-21,10153,4726355,10015,4238494,1806,397588,71,38760,28,8158,100,47121,0,0,22074,27307.43,9409588,9362670,0
2021-06-22,9827,4736182,15647,4254141,1588,399176,107,38867,29,8187,136,47257,0,0,27198,26190.86,9436786,9389732,0
2021-06-23,10305,4746487,15189,4269330,1862,401038,104,38971,31,8218,136,47393,0,0,27492,25380.57,9464278,9417089,0
2021-06-24,9680,4756167,14702,4284032,1798,402836,124,39095,27,8245,153,47546,0,0,26333,24582.71,9490611,9443271,0
2021-06-25,10584,4766751,14386,4298418,1720,404556,118,39213,38,8283,156,47702,0,0,26846,23712.86,9517457,9469961,0
2021-06-26,7798,4774549,10465,4308883,1249,405805,79,39292,23,8306,103,47805,0,0,19615,23146.86,9537072,9489474,0
2021-06-27,4997,4779546,6001,4314884,795,406600,35,39327,15,8321,51,47856,0,0,11844,23057.43,9548916,9501268,0
2021-06-28,9033,4788579,10348,4325232,1526,408126,110,39437,26,8347,137,47993,0,0,21044,22910.29,9569960,9522176,0
2021-06-29,9729,4798308,12334,4337566,1347,409473,126,39563,33,8380,160,48153,0,0,23570,22392,9593530,9545587,0
2021-06-30,9424,4807732,10933,4348499,1486,410959,151,39714,18,8398,172,48325,0,0,22015,21609.57,9615545,9567433,0
2021-07-01,9392,4817124,10927,4359426,1434,412393,132,39846,25,8423,159,48484,0,0,21912,20978,9637457,9589188,0
2021-07-02,9688,4826812,11458,4370884,1541,413934,119,39965,21,8444,140,48624,0,0,22828,20404,9660285,9611876,0
2021-07-03,7057,4833869,8422,4379306,1192,415126,79,40044,17,8461,96,48720,0,0,16767,19997.14,9677052,9628547,0
2021-07-04,1286,4835155,1335,4380641,567,415693,11,40055,3,8464,14,48734,0,0,3202,18762.57,9680254,9631735,0
2021-07-05,6491,4841646,7108,4387749,1207,416900,67,40122,22,8486,89,48823,0,0,14895,17884.14,9695149,9646541,0
2021-07-06,9507,4851153,12854,4400603,1315,418215,118,40240,38,8524,157,48980,0,0,23833,17921.71,9718982,9670218,0
2021-07-07,8661,4859814,11109,4411712,1418,419633,128,40368,21,8545,149,49129,0,0,21337,17824.86,9740319,9691406,0
2021-07-08,8218,4868032,10192,4421904,1258,420891,110,40478,23,8568,135,49264,0,0,19803,17523.57,9760122,9711076,0
2021-07-09,8370,4876402,10835,4432739,1280,422171,90,40568,20,8588,110,49374,0,0,20595,17204.57,9780717,9731561,0
2021-07-10,7098,4883500,8637,4441376,1131,423302,67,40635,20,8608,88,49462,0,0,16954,17231.29,9797671,9748428,0
2021-07-11,4104,4887604,4540,4445916,701,424003,38,40673,6,8614,44,49506,0,0,9389,18115.14,9807060,9757773,0
2021-07-12,8448,4896052,9564,4455480,1251,425254,84,40757,23,8637,107,49613,0,0,19370,18754.43,9826430,9777036,0
2021-07-13,9457,4905509,9394,4464874,952,426206,109,40866,36,8673,147,49760,0,0,19950,18199.71,9846380,9796841,0
2021-07-14,8991,4914500,9537,4474411,1010,427216,108,40974,22,8695,134,49894,0,0,19672,17961.86,9866052,9816383,0
2021-07-15,8792,4923292,9158,4483569,1052,428268,83,41057,20,8715,104,49998,0,0,19106,17862.29,9885158,9835386,0
2021-07-16,9248,4932540,9764,4493333,981,429249,102,41159,29,8744,131,50129,0,0,20124,17795,9905282,9855379,0
2021-07-17,6838,4939378,7388,4500721,803,430052,80,41239,21,8765,101,50230,0,0,15130,17534.43,9920412,9870408,0
2021-07-18,4253,4943631,4285,4505006,575,430627,36,41275,14,8779,50,50280,0,0,9163,17502.14,9929575,9879521,0
2021-07-19,9118,4952749,8487,4513493,999,431626,93,41368,22,8801,116,50396,0,0,18720,17409.29,9948295,9898126,0
2021-07-20,10639,4963388,8762,4522255,991,432617,96,41464,25,8826,122,50518,0,0,20514,17489.86,9968809,9918519,0
2021-07-21,10050,4973438,8775,4531030,904,433521,149,41613,33,8859,182,50700,0,0,19911,17524,9988720,9938248,0
2021-07-22,10686,4984124,8584,4539614,1046,434567,146,41759,27,8886,174,50874,0,0,20490,17721.71,10009210,9958565,0
2021-07-23,11246,4995370,8888,4548502,1114,435681,139,41898,23,8909,164,51038,0,0,21412,17905.71,10030622,9979815,0
2021-07-24,7400,5002770,6740,4555242,670,436351,82,41980,26,8935,109,51147,0,0,14919,17875.57,10045541,9994626,0
2021-07-25,5471,5008241,2130,4557372,509,436860,58,42038,4,8939,62,51209,0,0,8172,17734,10053713,10002736,0
2021-07-26,10865,5019106,7010,4564382,856,437716,112,42150,20,8959,132,51341,0,0,18863,17754.43,10072576,10021467,0
2021-07-27,12060,5031166,8573,4572955,856,438572,140,42290,41,9000,182,51523,0,0,21671,17919.71,10094247,10042957,0
2021-07-28,12009,5043175,8055,4581010,950,439522,136,42426,29,9029,166,51689,0,0,21180,18101,10115427,10063972,0
2021-07-29,10926,5054101,7436,4588446,983,440505,138,42564,41,9070,183,51872,0,0,19528,17963.57,10134955,10083321,0
2021-07-30,14947,5069048,8015,4596461,1151,441656,187,42751,32,9102,221,52093,0,0,24334,18381,10159289,10107436,0
2021-07-31,9718,5078766,6324,4602785,815,442471,122,42873,20,9122,143,52236,0,0,17000,18678.29,10176289,10124294,0
2021-08-01,6497,5085263,3313,4606098,564,443035,81,42954,22,9144,103,52339,0,0,10477,19007.57,10186766,10134668,0
2021-08-02,13448,5098711,7156,4613254,845,443880,150,43104,19,9163,169,52508,0,0,21618,19401.14,10208384,10156117,0
2021-08-03,15403,5114114,8393,4621647,1109,444989,145,43249,39,9202,185,52693,0,0,25090,19889.57,10233474,10181023,0
2021-08-04,17256,5131370,8134,4629781,1454,446443,183,43432,36,9238,219,52912,0,0,27063,20730,10260537,10207867,0
2021-08-05,17882,5149252,7934,4637715,1371,447814,161,43593,21,9259,182,53094,0,0,27369,21850.14,10287906,10235054,0
2021-08-06,18173,5167425,8421,4646136,1230,449044,171,43764,32,9291,203,53297,0,0,28027,22377.71,10315933,10262878,0
2021-08-07,13376,5180801,6019,4652155,800,449844,105,43869,29,9320,134,53431,0,0,20329,22853.29,10336262,10283073,0
2021-08-08,9309,5190110,3834,4655989,400,450244,84,43953,10,9330,94,53525,0,0,13637,23304.71,10349899,10296616,0
2021-08-09,21334,5211444,8530,4664519,965,451209,178,44131,34,9364,213,53738,0,0,31042,24651,10380941,10327446,0
2021-08-10,18945,5230389,9333,4673852,946,452155,180,44311,33,9397,214,53952,0,0,29438,25272.14,10410379,10356671,0
2021-08-11,15644,5246033,8312,4682164,853,453008,132,44443,46,9443,179,54131,0,0,24988,24975.71,10435367,10381481,0
2021-08-12,15048,5261081,8991,4691155,942,453950,179,44622,35,9478,216,54347,0,0,25197,24665.43,10460564,10406464,0
2021-08-13,14915,5275996,9292,4700447,919,454869,247,44869,38,9516,286,54633,0,0,25413,24292,10485977,10431592,0
2021-08-14,10392,5286388,6413,4706860,625,455494,536,45405,41,9557,580,55213,0,0,18010,23960.71,10503987,10449025,0
2021-08-15,6688,5293076,4485,4711345,676,456170,567,45972,33,9590,604,55817,0,0,12453,23791.57,10516440,10460878,0
2021-08-16,15700,5308776,9311,4720656,1149,457319,1331,47303,66,9656,1402,57219,0,0,27562,23294.43,10544002,10487043,0
2021-08-17,17756,5326532,10457,4731113,1229,458548,1777,49080,85,9741,1877,59096,0,0,31319,23563.14,10575321,10516500,0
2021-08-18,17480,5344012,10382,4741495,1262,459810,2002,51082,91,9832,2104,61200,0,0,31228,24454.57,10606549,10545635,0
2021-08-19,16283,5360295,9529,4751024,1315,461125,1961,53043,69,9901,2044,63244,0,0,29171,25022.29,10635720,10572776,0
2021-08-20,16262,5376557,11543,4762567,1252,462377,1870,54913,86,9987,1970,65214,0,0,31027,25824.29,10666747,10601847,0
2021-08-21,11140,5387697,8041,4770608,878,463255,1069,55982,53,10040,1129,66343,0,0,21188,26278.29,10687935,10621913,0
2021-08-22,4076,5391773,3902,4774510,261,463516,520,56502,33,10073,557,66900,0,0,8796,25755.86,10696731,10630156,0
2021-08-23,15571,5407344,11810,4786320,1022,464538,1553,58055,77,10150,1643,68543,0,0,30047,26110.86,10726778,10658573,0
2021-08-24,16910,5424254,12596,4798916,1007,465545,1777,59832,82,10232,1867,70410,0,0,32380,26262.43,10759158,10689094,0
2021-08-25,14561,5438815,12456,4811372,1112,466657,1572,61404,82,10314,1669,72079,0,0,29798,26058.14,10788956,10717238,0
2021-08-26,16142,5454957,14102,4825474,1071,467728,1779,63183,71,10385,1862,73941,0,0,33177,26630.43,10822133,10748565,0
2021-08-27,14873,5469830,14824,4840298,971,468699,1678,64861,76,10461,1762,75703,0,0,32430,26830.86,10854563,10779241,0
2021-08-28,10676,5480506,11522,4851820,835,469534,1022,65883,47,10508,1070,76773,0,0,24103,27247.29,10878666,10802275,0
2021-08-29,7209,5487715,7499,4859319,541,470075,782,66665,58,10566,849,77622,0,0,16098,28290.43,10894764,10817533,0
2021-08-30,15508,5503223,16932,4876251,1076,471151,1800,68465,94,10660,1902,79524,0,0,35418,29057.71,10930182,10851057,0
2021-08-31,15498,5518721,15963,4892214,951,472102,1984,70449,90,10750,2084,81608,0,0,34496,29360,10964678,10883479,0
2021-09-01,14826,5533547,14111,4906325,1020,473122,1816,72265,62,10812,1888,83496,0,0,31845,29652.43,10996523,10913446,0
2021-09-02,14308,5547855,12525,4918850,896,474018,1717,73982,65,10877,1798,85294,0,0,29527,29131,11026050,10941191,0
2021-09-03,14995,5562850,14314,4933164,974,474992,1903,75885,72,10949,1981,87275,0,0,32264,29107.29,11058314,10971480,0
2021-09-04,9641,5572491,9405,4942569,688,475680,981,76866,34,10983,1020,88295,0,0,20754,28628.86,11079068,10991219,0
2021-09-05,6790,5579281,5513,4948082,438,476118,720,77586,17,11000,738,89033,0,0,13479,28254.71,11092547,11003961,0
2021-09-06,5194,5584475,4511,4952593,358,476476,274,77860,11,11011,287,89320,0,0,10350,24673.57,11102897,11014026,0
2021-09-07,15560,5600035,17700,4970293,912,477388,1564,79424,94,11105,1666,90986,0,0,35838,24865.29,11138735,11048206,0
2021-09-08,16147,5616182,14833,4985126,1070,478458,1781,81205,84,11189,1877,92863,0,0,33927,25162.71,11172662,11080268,0
2021-09-09,16092,5632274,14760,4999886,1048,479506,1922,83127,78,11267,2011,94874,0,0,33911,25789,11206573,11112179,0
2021-09-10,18348,5650622,15402,5015288,1207,480713,1984,85111,83,11350,2074,96948,0,0,37031,26470,11243604,11147143,0
2021-09-11,12626,5663248,10351,5025639,958,481671,1034,86145,50,11400,1090,98038,0,0,25025,27080.14,11268629,11171084,0
2021-09-12,8532,5671780,5053,5030692,765,482436,694,86839,32,11432,727,98765,0,0,15077,27308.43,11283706,11185435,0
2021-09-13,16919,5688699,12966,5043658,976,483412,1662,88501,52,11484,1724,100489,0,0,32585,30484.86,11316291,11216306,0
2021-09-14,16260,5704959,13678,5057336,887,484299,1603,90104,57,11541,1672,102161,0,0,32497,30007.57,11348788,11247143,0
2021-09-15,15508,5720467,12898,5070234,727,485026,1576,91680,84,11625,1669,103830,0,0,30802,29561.14,11379590,11276285,0
2021-09-16,15328,5735795,13916,5084150,1209,486235,1473,93153,68,11693,1548,105378,0,0,32001,29288.29,11411591,11306745,0
2021-09-17,14424,5750219,13954,5098104,922,487157,1847,95000,60,11753,1909,107287,0,0,31209,28456.57,11442800,11336047,0
2021-09-18,9984,5760203,10188,5108292,913,488070,1054,96054,43,11796,1101,108388,0,0,22186,28051,11464986,11357136,0
2021-09-19,6168,5766371,6077,5114369,558,488628,749,96803,28,11824,782,109170,0,0,13585,27837.86,11478571,11369944,0
2021-09-20,12660,5779031,12633,5127002,1068,489696,1928,98731,62,11886,1999,111169,0,0,28361,27234.43,11506932,11396315,0
2021-09-21,12215,5791246,12771,5139773,1108,490804,2037,100768,82,11968,2135,113304,0,0,28229,26624.71,11535161,11422425,0
2021-09-22,12814,5804060,12009,5151782,1090,491894,1691,102459,69,12037,1766,115070,0,0,27679,26178.57,11562840,11448344,0
2021-09-23,14915,5818975,12770,5164552,1639,493533,2274,104733,76,12113,2357,117427,0,0,31681,26132.86,11594521,11477675,0
2021-09-24,16553,5835528,13366,5177918,1636,495169,4630,109363,127,12240,4776,122203,0,0,36331,26864.57,11630852,11509249,0
2021-09-25,10520,5846048,9034,5186952,1017,496186,3464,112827,82,12322,3562,125765,0,0,24133,27142.71,11654985,11529836,0
2021-09-26,6289,5852337,5767,5192719,773,496959,2426,115253,61,12383,2498,128263,0,0,15327,27391.57,11670312,11542676,0
2021-09-27,14127,5866464,8067,5200786,1155,498114,9084,124337,165,12548,9299,137562,0,0,32649,28004.14,11702961,11566076,0
2021-09-28,11102,5877566,11790,5212576,901,499015,9938,134275,182,12730,10159,147721,0,0,33952,28821.71,11736913,11589908,0
2021-09-29,11588,5889154,12197,5224773,1205,500220,9464,143739,173,12903,9671,157392,0,0,34661,29819.14,11771574,11614932,0
2021-09-30,12211,5901365,12610,5237383,1338,501558,9766,153505,185,13088,9985,167377,0,0,36144,30456.71,11807718,11641125,0
2021-10-01,12614,5913979,13432,5250815,1284,502842,10293,163798,156,13244,10486,177863,0,0,37816,30668.86,11845534,11668492,0
2021-10-02,7717,5921696,9983,5260798,865,503707,4247,168045,82,13326,4353,182216,0,0,22918,30495.29,11868452,11687081,0
2021-10-03,5054,5926750,6158,5266956,593,504300,2625,170670,60,13386,2695,184911,1,1,14501,30377.29,11882953,11698896,0
2021-10-04,9896,5936646,11019,5277975,914,505214,9540,180210,150,13536,9726,194637,0,1,31555,30221,11914508,11720761,0
2021-10-05,10132,5946778,11735,5289710,972,506186,9962,190172,180,13716,10184,204821,1,2,33024,30088.43,11947532,11743642,0
2021-10-06,9866,5956644,11052,5300762,937,507123,9953,200125,163,13879,10153,214974,0,2,32009,29709.57,11979541,11765535,0
2021-10-07,9593,5966237,12156,5312918,850,507973,10184,210309,180,14059,10397,225371,0,2,32996,29259.86,12012537,11788167,0
2021-10-08,9426,5975663,12183,5325101,940,508913,10925,221234,166,14225,11130,236501,0,2,33679,28668.86,12046216,11810755,0
2021-10-09,6224,5981887,8241,5333342,643,509556,4132,225366,91,14316,4240,240741,0,2,19348,28158.86,12065564,11825880,0
2021-10-10,3529,5985416,5028,5338370,458,510014,2440,227806,47,14363,2495,243236,0,2,11510,27731.57,12077074,11834903,0
2021-10-11,7591,5993007,9339,5347709,728,510742,8906,236712,166,14529,9096,252332,0,2,26754,27045.71,12103828,11852585,0
2021-10-12,8045,6001052,10996,5358705,891,511633,10539,247251,187,14716,10767,263099,0,2,30699,26713.57,12134527,11872558,0
2021-10-13,7127,6008179,10147,5368852,869,512502,8817,256068,185,14901,9032,272131,0,2,27175,26023,12161702,11890731,0
2021-10-14,7402,6015581,11119,5379971,837,513339,10136,266204,166,15067,10342,282473,0,2,29700,25552.14,12191402,11910129,0
2021-10-15,7703,6023284,11858,5391829,823,514162,10862,277066,176,15243,11071,293544,0,2,31455,25234.43,12222857,11930546,0
2021-10-16,4852,6028136,7466,5399295,665,514827,3854,280920,67,15310,3933,297477,0,2,16916,24887,12239773,11943541,0
2021-10-17,3047,6031183,4471,5403766,411,515238,2462,283382,44,15354,2513,299990,0,2,10442,24734.43,12250215,11951477,0
2021-10-18,7015,6038198,10672,5414438,797,516035,9501,292883,188,15542,9723,309713,0,2,28207,24942,12278422,11969995,0
2021-10-19,6545,6044743,8946,5423384,803,516838,9111,301994,179,15721,9331,319044,1,3,25626,24217.29,12304048,11986330,0
2021-10-20,6514,6051257,9372,5432756,975,517813,10005,311999,180,15901,10223,329267,2,5,27085,24204.43,12331133,12003228,0
2021-10-21,7002,6058259,9387,5442143,857,518670,10874,322873,158,16059,11067,340334,1,6,28314,24006.43,12359447,12020509,0
2021-10-22,8076,6066335,10346,5452489,1025,519695,16376,339249,228,16287,16658,356992,0,6,36105,24670.71,12395552,12040010,0
2021-10-23,5149,6071484,6453,5458942,690,520385,9141,348390,116,16403,9278,366270,0,6,21570,25335.57,12417122,12052323,0
2021-10-24,3247,6074731,3966,5462908,766,521151,6177,354567,82,16485,6285,372555,0,6,14264,25881.57,12431386,12060328,0
2021-10-25,8834,6083565,8747,5471655,1152,522303,19289,373856,304,16789,19664,392219,0,6,38397,27337.29,12469783,12079132,0
2021-10-26,8146,6091711,7723,5479378,1258,523561,17321,391177,281,17070,17672,409891,0,6,34799,28647.71,12504582,12096329,0
2021-10-27,10498,6102209,8392,5487770,1604,525165,20905,412082,329,17399,21304,431195,0,6,41798,30749.57,12546380,12116893,0
2021-10-28,11257,6113466,8028,5495798,1793,526958,20905,432987,329,17728,21303,452498,0,6,42381,32759.14,12588761,12138040,0
2021-10-29,11803,6125269,8227,5504025,1968,528926,22580,455567,352,18080,23004,475502,1,7,45004,34030.43,12633765,12160111,0
2021-10-30,4593,6129862,5061,5509086,932,529858,11204,466771,168,18248,11414,486916,0,7,22000,34091.86,12655765,12170739,0
2021-10-31,2643,6132505,2700,5511786,544,530402,6653,473424,105,18353,6781,493697,1,8,12668,33863.86,12668433,12176648,0
2021-11-01,7068,6139573,6952,5518738,1085,531487,20438,493862,338,18691,20835,514532,1,9,35941,33513,12704374,12191812,0
2021-11-02,6520,6146093,6586,5525324,1055,532542,20826,514688,281,18972,21183,535715,0,9,35345,33591,12739719,12206050,0
2021-11-03,6785,6152878,6678,5532002,1025,533567,20687,535375,315,19287,21078,556793,0,9,35568,32701,12775287,12220616,0
2021-11-04,9253,6162131,6276,5538278,995,534562,22427,557802,354,19641,22864,579657,0,9,39388,32273.43,12814675,12237223,0
2021-11-05,11014,6173145,6717,5544995,1050,535612,23807,581609,361,20002,24254,603911,0,9,43035,31992.14,12857710,12256090,0
2021-11-06,11137,6184282,4050,5549045,594,536206,12614,594223,179,20181,12830,616741,0,9,28611,32936.57,12886321,12271908,0
2021-11-07,7222,6191504,2287,5551332,577,536783,7125,601348,99,20280,7239,623980,0,9,17325,33601.86,12903646,12282009,0
2021-11-08,15020,6206524,5678,5557010,862,537645,19542,620890,289,20569,19898,643878,1,10,41459,34390.14,12945105,12303636,0
2021-11-09,16098,6222622,5385,5562395,658,538303,20568,641458,284,20853,20934,664812,0,10,43075,35494.43,12988180,12325859,0
2021-11-10,16863,6239485,5321,5567716,682,538985,22724,664182,294,21147,23088,687900,0,10,45954,36978.14,13034134,12348795,0
2021-11-11,12489,6251974,5184,5572900,760,539745,22164,686346,293,21440,22526,710426,0,10,40959,37202.57,13075093,12367297,0
2021-11-12,16996,6268970,5685,5578585,705,540450,23487,709833,360,21800,23925,734351,1,11,47312,37813.57,13122405,12390761,0
2021-11-13,9916,6278886,3660,5582245,464,540914,13369,723202,185,21985,13597,747948,0,11,27637,37674.43,13150042,12404844,0
2021-11-14,5979,6284865,2284,5584529,324,541238,7958,731160,82,22067,8061,756009,0,11,16648,37577.71,13166690,12413452,0
2021-11-15,13167,6298032,5976,5590505,688,541926,25183,756343,370,22437,25632,781641,0,11,45463,38149.71,13212153,12433362,0
2021-11-16,9879,6307911,5776,5596281,653,542579,30737,787080,446,22883,31260,812901,0,11,47570,38791.86,13259723,12449749,0
2021-11-17,10206,6318117,6666,5602947,680,543259,31525,818605,426,23309,32041,844942,0,11,49593,39311.71,13309316,12467391,0
2021-11-18,10639,6328756,6522,5609469,854,544113,33125,851730,466,23775,33688,878630,0,11,51703,40846.57,13361019,12485503,0
2021-11-19,11902,6340658,6547,5616016,706,544819,36368,888098,474,24249,36933,915563,0,11,56088,42100.29,13417107,12504749,0
2021-11-20,9276,6349934,3413,5619429,512,545331,22582,910680,262,24511,22896,938459,0,11,36097,43308.86,13453204,12518002,0
2021-11-21,4892,6354826,1887,5621316,288,545619,13252,923932,156,24667,13433,951892,1,12,20501,43859.29,13473705,12525094,0
2021-11-22,10320,6365146,5782,5627098,748,546367,36033,959965,449,25116,36574,988466,0,12,53424,44996.57,13527129,12542036,0
2021-11-23,9680,6374826,4778,5631876,632,546999,33621,993586,389,25505,34082,1022548,0,12,49173,45225.57,13576302,12557199,0
2021-11-24,8614,6383440,4748,5636624,648,547647,26003,1019589,291,25796,26365,1048913,1,13,40376,43908.86,13616678,12571280,0
2021-11-25,447,6383887,329,5636953,80,547727,1004,1020593,9,25805,1013,1049926,0,13,1869,36789.71,13618547,12572136,0
2021-11-26,7991,6391878,7005,5643958,528,548255,26657,1047250,310,26115,27024,1076950,0,13,42548,34855.43,13661095,12587717,0
2021-11-27,6635,6398513,6861,5650819,370,548625,18897,1066147,229,26344,19164,1096114,0,13,33031,34417.43,13694126,12601622,0
2021-11-28,4029,6402542,5791,5656610,279,548904,11946,1078093,122,26466,12088,1108202,0,13,22187,34658.29,13716313,12611741,0
2021-11-29,8998,6411540,11015,5667625,684,549588,35165,1113258,457,26923,35699,1143901,1,14,56397,35083,13772710,12632515,0
2021-11-30,10398,6421938,11446,5679071,510,550098,37892,1151150,503,27426,38508,1182409,0,14,60862,36752.86,13833572,12654982,0
2021-12-01,11059,6432997,10985,5690056,724,550822,40494,1191644,442,27868,41035,1223444,0,14,63805,40099.86,13897377,12677851,0
2021-12-02,11518,6444515,11055,5701111,625,551447,42347,1233991,472,28340,42917,1266361,0,14,66115,49277.86,13963492,12701147,0
2021-12-03,13349,6457864,12911,5714022,664,552111,48118,1282109,543,28883,48764,1315125,1,15,75689,54012.29,14039181,12728174,0
2021-12-04,9745,6467609,11321,5725343,564,552675,30773,1312882,312,29195,31139,1346264,0,15,52769,56832,14091950,12749858,0
2021-12-05,5694,6473303,5703,5731046,270,552945,16714,1329596,131,29326,16881,1363145,0,15,28548,57740.71,14120498,12761561,0
2021-12-06,12210,6485513,9990,5741036,599,553544,43388,1372984,468,29794,43948,1407093,0,15,66748,59219.43,14187246,12784453,0
2021-12-07,12478,6497991,9260,5750296,623,554167,43203,1416187,520,30314,43811,1450904,0,15,66172,59978,14253418,12806902,0
2021-12-08,13431,6511422,8779,5759075,555,554722,40930,1457117,493,30807,41505,1492409,0,15,64270,60044.43,14317688,12829749,0
2021-12-09,13372,6524794,8756,5767831,551,555273,40983,1498100,503,31310,41584,1533993,0,15,64264,59780,14381952,12852527,0
2021-12-10,13930,6538724,10162,5777993,666,555939,43819,1541919,542,31852,44449,1578442,0,15,69207,58854,14451159,12877373,0
2021-12-11,10200,6548924,8154,5786147,405,556344,26774,1568693,291,32143,27115,1605557,0,15,45875,57869.14,14497034,12896183,0
2021-12-12,5972,6554896,3858,5790005,287,556631,15208,1583901,137,32280,15369,1620926,0,15,25486,57431.71,14522520,12906324,0
2021-12-13,12102,6566998,7436,5797441,655,557286,38040,1621941,406,32686,38530,1659456,0,15,58723,56285.29,14581243,12926601,0
2021-12-14,12136,6579134,6948,5804389,730,558016,38291,1660232,449,33135,38808,1698264,0,15,58623,55206.86,14639866,12946484,0
2021-12-15,11987,6591121,6245,5810634,755,558771,38284,1698516,498,33633,38863,1737127,0,15,57851,54289.86,14697717,12965553,0
2021-12-16,13066,6604187,4266,5814900,737,559508,41256,1739772,468,34101,41799,1778926,0,15,59868,53661.86,14757585,12983697,0
2021-12-17,15828,6620015,6945,5821845,617,560125,46952,1786724,486,34587,47535,1826461,0,15,70925,53907.29,14828510,13007184,0
2021-12-18,12940,6632955,5735,5827580,432,560557,30707,1817431,278,34865,31042,1857503,1,16,50149,54517.86,14878659,13026347,0
2021-12-19,6959,6639914,2995,5830575,326,560883,18060,1835491,179,35044,18270,1875773,0,16,28550,54955.57,14907209,13036658,0
2021-12-20,16710,6656624,5856,5836431,745,561628,47651,1883142,585,35629,48318,1924091,0,16,71629,56799.29,14978838,13060051,0
2021-12-21,17834,6674458,6575,5843006,806,562434,49081,1932223,605,36234,49765,1973856,0,16,74981,59136.14,15053819,13085346,0
2021-12-22,18473,6692931,6555,5849561,938,563372,49842,1982065,547,36781,50468,2024324,1,17,76435,61791,15130254,13111391,0
2021-12-23,18932,6711863,6485,5856046,930,564302,46029,2028094,539,37320,46634,2070958,0,17,72981,63664.29,15203235,13137804,0
2021-12-24,9180,6721043,2958,5859004,598,564900,20658,2048752,213,37533,20905,2091863,0,17,33641,58338,15236876,13150574,0
2021-12-25,342,6721385,63,5859067,31,564931,427,2049179,8,37541,436,2092299,0,17,872,51298.43,15237748,13151011,0
2021-12-26,7915,6729300,3933,5863000,341,565272,17319,2066498,178,37719,17528,2109827,0,17,29717,51465.14,15267465,13163231,0
2021-12-27,21691,6750991,9212,5872212,934,566206,43566,2110064,570,38289,44209,2154036,0,17,76046,52096.14,15343511,13195141,0
2021-12-28,20048,6771039,8342,5880554,700,566906,47712,2157776,628,38917,48429,2202465,0,17,77519,52458.71,15421030,13224320,0
2021-12-29,18415,6789454,7673,5888227,606,567512,45691,2203467,498,39415,46263,2248728,0,17,72957,51961.86,15493987,13251088,0
2021-12-30,16808,6806262,7444,5895671,588,568100,44939,2248406,598,40013,45626,2294354,0,17,70467,51602.71,15564454,13276018,0
2021-12-31,5337,6811599,2820,5898491,193,568293,14798,2263204,188,40201,15008,2309362,0,17,23358,50133.71,15587812,13284390,0
2022-01-01,244,6811843,149,5898640,12,568305,504,2263708,36,40237,544,2309906,0,17,949,50144.71,15588761,13284799,0
2022-01-02,6403,6818246,5020,5903660,153,568458,11009,2274717,111,40348,11136,2321042,0,17,22712,49144,15611473,13296391,0
2022-01-03,14075,6832321,8530,5912190,515,568973,27029,2301746,350,40698,27423,2348465,2,19,50545,45501,15662018,13319555,0
2022-01-04,12769,6845090,8130,5920320,414,569387,27317,2329063,371,41069,27747,2376212,12,31,49069,41436.71,15711087,13340924,0
2022-01-05,11282,6856372,7032,5927352,386,569773,26039,2355102,317,41386,26399,2402611,0,31,45100,37457.14,15756187,13359668,0
2022-01-06,11307,6867679,7402,5934754,485,570258,27678,2382780,360,41746,28090,2430701,2,33,47285,34145.43,15803472,13378913,0
2022-01-07,10115,6877794,8460,5943214,339,570597,25243,2408023,331,42077,25608,2456309,0,33,44523,37169,15847995,13397862,0
2022-01-08,7642,6885436,8605,5951819,311,570908,19646,2427669,192,42269,19855,2476164,0,33,36414,42235.43,15884409,13414438,0
2022-01-09,4104,6889540,3844,5955663,214,571122,10082,2437751,98,42367,10191,2486355,1,34,18356,41613.14,15902765,13422613,0
2022-01-10,10135,6899675,8202,5963865,490,571612,24650,2462401,309,42676,25010,2511365,1,35,43837,40654.86,15946602,13441490,0
2022-01-11,8834,6908509,7989,5971854,522,572134,21083,2483484,297,42973,21424,2532789,0,35,38773,39184,15985375,13458883,0
2022-01-12,8887,6917396,8333,5980187,427,572561,22408,2505892,294,43267,22737,2555526,1,36,40386,38510.57,16025761,13476566,0
2022-01-13,8986,6926382,8871,5989058,451,573012,22959,2528851,338,43605,23335,2578861,1,37,41646,37705,16067407,13494914,0
2022-01-14,10056,6936438,8126,5997184,474,573486,26491,2555342,342,43947,26875,2605736,0,37,45531,37849,16112938,13513612,0
2022-01-15,6185,6942623,4319,6001503,180,573666,15172,2570514,185,44132,15380,2621116,0,37,26064,36370.43,16139002,13524319,0
2022-01-16,2889,6945512,3250,6004753,95,573761,7845,2578359,88,44220,7943,2629059,0,37,14178,35773.57,16153180,13530564,0
2022-01-17,6037,6951549,6758,6011511,363,574124,14725,2593084,224,44444,14967,2644026,0,37,28125,33529,16181305,13543740,0
2022-01-18,8115,6959664,10326,6021837,393,574517,19712,2612796,328,44772,20071,2664097,0,37,38905,33547.86,16220210,13562605,0
2022-01-19,7408,6967072,9261,6031098,303,574820,17763,2630559,284,45056,18079,2682176,1,38,35052,32785.86,16255262,13579609,0
2022-01-20,6227,6973299,8565,6039663,305,575125,15305,2645864,257,45313,15590,2697766,0,38,30688,31220.43,16285950,13594735,0
2022-01-21,7514,6980813,7522,6047185,276,575401,18552,2664416,293,45606,18870,2716636,1,39,34182,29599.14,16320132,13610071,0
2022-01-22,5173,6985986,4953,6052138,132,575533,11344,2675760,131,45737,11500,2728136,0,39,21758,28984,16341890,13620354,0
2022-01-23,2782,6988768,3335,6055473,97,575630,6249,2682009,79,45816,6336,2734472,0,39,12550,28751.43,16354440,13626576,0
2022-01-24,6324,6995092,8215,6063688,262,575892,15101,2697110,252,46068,15380,2749852,0,39,30182,29045.29,16384622,13641405,0
2022-01-25,6141,7001233,7956,6071644,230,576122,14741,2711851,291,46359,15067,2764919,0,39,29394,27686.57,16414016,13655767,0
2022-01-26,5710,7006943,7190,6078834,288,576410,14043,2725894,225,46584,14296,2779215,0,39,27484,26605.43,16441500,13668983,0
2022-01-27,5211,7012154,7098,6085932,320,576730,14120,2740014,241,46825,14400,2793615,0,39,27029,26082.71,16468529,13681651,0
2022-01-28,6211,7018365,7887,6093819,205,576935,16163,2756177,243,47068,16429,2810044,1,40,30733,25590,16499262,13695977,0
2022-01-29,834,7019199,729,6094548,28,576963,2544,2758721,40,47108,2587,2812631,0,40,4178,23078.57,16503440,13697571,0
2022-01-30,2073,7021272,3025,6097573,103,577066,4555,2763276,64,47172,4623,2817254,0,40,9824,22689.14,16513264,13702776,0
2022-01-31,4974,7026246,6595,6104168,219,577285,11413,2774689,205,47377,11633,2828887,0,40,23421,21723.29,16536685,13714579,0
2022-02-01,4796,7031042,6458,6110626,220,577505,10740,2785429,222,47599,10980,2839867,1,41,22455,20732,16559140,13726071,0
2022-02-02,4247,7035289,5936,6116562,212,577717,11261,2796690,243,47842,11522,2851389,0,41,21917,19936.71,16581057,13736484,0
2022-02-03,4201,7039490,5819,6122381,216,577933,11237,2807927,208,48050,11471,2862860,1,42,21708,19176.57,16602765,13746746,0
2022-02-04,4730,7044220,7122,6129503,214,578147,13249,2821176,241,48291,13515,2876375,0,42,25581,18440.57,16628346,13758837,0
2022-02-05,3557,7047777,6080,6135583,110,578257,8604,2829780,160,48451,8779,2885154,0,42,18526,20490.29,16646872,13768599,0
2022-02-06,2049,7049826,2138,6137721,120,578377,4651,2834431,105,48556,4760,2889914,0,42,9068,20382.29,16655940,13772911,0
2022-02-07,4120,7053946,4750,6142471,205,578582,10152,2844583,237,48793,10414,2900328,0,42,19489,19820.57,16675429,13782011,0
2022-02-08,4185,7058131,5608,6148079,214,578796,11352,2855935,315,49108,11692,2912020,0,42,21699,19712.57,16697128,13792043,0
2022-02-09,4108,7062239,5406,6153485,221,579017,11683,2867618,259,49367,11966,2923986,0,42,21701,19681.71,16718829,13801802,0
2022-02-10,3963,7066202,5129,6158614,243,579260,12214,2879832,293,49660,12536,2936522,0,42,21871,19705,16740700,13811166,0
2022-02-11,4492,7070694,5813,6164427,195,579455,13754,2893586,327,49987,14113,2950635,0,42,24613,19566.71,16765313,13821698,0
2022-02-12,3240,7073934,4354,6168781,97,579552,8822,2902408,219,50206,9052,2959687,0,42,16743,19312,16782056,13829400,0
2022-02-13,1510,7075444,1544,6170325,41,579593,4888,2907296,113,50319,5006,2964693,0,42,8101,19173.86,16790157,13832500,0
2022-02-14,2959,7078403,3630,6173955,167,579760,10593,2917889,330,50649,10950,2975643,1,43,17707,18919.29,16807864,13839283,0
2022-02-15,3518,7081921,4077,6178032,174,579934,12807,2930696,290,50939,13113,2988756,0,43,20882,18802.57,16828746,13847068,0
2022-02-16,3616,7085537,3910,6181942,199,580133,15767,2946463,299,51238,16101,3004857,0,43,23826,19106.14,16852572,13854828,0
2022-02-17,3988,7089525,4082,6186024,162,580295,18370,2964833,375,51613,18775,3023632,0,43,27007,19839.86,16879579,13863090,0
2022-02-18,4424,7093949,4791,6190815,190,580485,21567,2986400,467,52080,22057,3045689,1,44,31463,20818.43,16911042,13872518,0
2022-02-19,3234,7097183,2186,6193001,65,580550,11203,2997603,220,52300,11434,3057123,0,44,16919,20843.57,16927961,13878014,0
2022-02-20,1844,7099027,1446,6194447,59,580609,6598,3004201,115,52415,6720,3063843,0,44,10069,21124.71,16938030,13881370,0
2022-02-21,3073,7102100,2697,6197144,94,580703,8366,3012567,236,52651,8615,3072458,0,44,14479,20663.57,16952509,13887247,0
2022-02-22,4360,7106460,4265,6201409,174,580877,10851,3023418,258,52909,11126,3083584,0,44,19925,20526.86,16972434,13896063,0
2022-02-23,4231,7110691,3792,6205201,145,581022,10693,3034111,244,53153,10954,3094538,1,45,19123,19855,16991557,13904248,0
2022-02-24,3780,7114471,3661,6208862,108,581130,10202,3044313,241,53394,10461,3104999,1,46,18011,18569.86,17009568,13911815,0
2022-02-25,3588,7118059,3635,6212497,135,581265,9997,3054310,247,53641,10257,3115256,0,46,17615,16591.57,17027183,13919186,0
2022-02-26,2817,7120876,2591,6215088,74,581339,9527,3063837,161,53802,9696,3124952,0,46,15178,16342.86,17042361,13924676,0
2022-02-27,1763,7122639,1373,6216461,52,581391,6273,3070110,103,53905,6383,3131335,0,46,9571,16271.71,17051932,13927871,0
2022-02-28,3768,7126407,3138,6219599,140,581531,13155,3083265,258,54163,13437,3144772,0,46,20483,17129.43,17072415,13934941,0
2022-03-01,2115,7128522,2633,6222232,102,581633,5192,3088457,188,54351,5387,3150159,0,46,10237,15745.43,17082652,13939798,0
2022-03-02,1822,7130344,2450,6224682,107,581740,4147,3092604,212,54563,4370,3154529,0,46,8749,14263.43,17091401,13944188,0
2022-03-03,1929,7132273,2564,6227246,106,581846,3806,3096410,171,54734,3991,3158520,0,46,8590,12917.57,17099991,13948801,0
2022-03-04,2113,7134386,2883,6230129,66,581912,4337,3100747,211,54945,4560,3163080,0,46,9622,11775.71,17109613,13953875,0
2022-03-05,1609,7135995,2127,6232256,43,581955,3319,3104066,119,55064,3441,3166521,0,46,7220,10638.86,17116833,13957657,0
2022-03-06,793,7136788,881,6233137,30,581985,1627,3105693,55,55119,1685,3168206,0,46,3389,9755.71,17120222,13959364,0
2022-03-07,1658,7138446,1789,6234926,87,582072,3507,3109200,162,55281,3683,3171889,0,46,7217,7860.57,17127439,13962912,0
2022-03-08,1541,7139987,1898,6236824,80,582152,3132,3112332,154,55435,3298,3175187,0,46,6817,7372,17134256,13966443,0
2022-03-09,1260,7141247,1685,6238509,80,582232,2596,3114928,129,55564,2731,3177918,0,46,5756,6944.43,17140012,13969474,0
2022-03-10,1408,7142655,2098,6240607,85,582317,2973,3117901,165,55729,3147,3181065,0,46,6738,6679.86,17146750,13973074,0
2022-03-11,1595,7144250,2278,6242885,81,582398,3217,3121118,190,55919,3425,3184490,0,46,7379,6359.43,17154129,13977046,0
2022-03-12,876,7145126,1419,6244304,42,582440,2011,3123129,75,55994,2089,3186579,0,46,4426,5960.29,17158555,13979386,0
2022-03-13,624,7145750,757,6245061,28,582468,1291,3124420,50,56044,1344,3187923,0,46,2753,5869.43,17161308,13980798,0
2022-03-14,1359,7147109,1616,6246677,84,582552,3001,3127421,209,56253,3231,3191154,0,46,6290,5737,17167598,13983878,0
2022-03-15,1354,7148463,1925,6248602,63,582615,3072,3130493,236,56489,3316,3194470,0,46,6658,5714.29,17174256,13987228,0
2022-03-16,1395,7149858,2060,6250662,94,582709,3149,3133642,297,56786,3462,3197932,0,46,7011,5893.57,17181267,13990793,0
2022-03-17,1191,7151049,1808,6252470,70,582779,2766,3136408,268,57054,3048,3200980,0,46,6117,5804.86,17187384,13993876,0
2022-03-18,1577,7152626,2222,6254692,79,582858,3780,3140188,422,57476,4208,3205188,1,47,8087,5906,17195471,13997760,0
2022-03-19,1102,7153728,1736,6256428,54,582912,2608,3142796,230,57706,2843,3208031,0,47,5735,6093,17201206,14000657,0
2022-03-20,604,7154332,630,6257058,33,582945,1470,3144266,186,57892,1660,3209691,0,47,2927,6117.86,17204133,14001928,0
2022-03-21,1412,7155744,1560,6258618,73,583018,3062,3147328,361,58253,3445,3213136,1,48,6491,6146.57,17210624,14004995,0
2022-03-22,1340,7157084,1553,6260171,101,583119,2908,3150236,350,58603,3268,3216404,0,48,6262,6090,17216886,14007999,0
2022-03-23,1256,7158340,1361,6261532,66,583185,2923,3153159,375,58978,3308,3219712,0,48,5991,5944.29,17222877,14010692,0
2022-03-24,1207,7159547,1300,6262832,90,583275,2521,3155680,274,59252,2805,3222517,0,48,5402,5842.14,17228279,14013299,0
2022-03-25,1379,7160926,1636,6264468,62,583337,3269,3158949,386,59638,3668,3226185,0,48,6745,5650.43,17235024,14016389,0
2022-03-26,921,7161847,1169,6265637,36,583373,2311,3161260,254,59892,2573,3228758,0,48,4699,5502.43,17239723,14018523,0
2022-03-27,574,7162421,528,6266165,29,583402,1314,3162574,203,60095,1519,3230277,0,48,2650,5462.86,17242373,14019656,0
2022-03-28,1071,7163492,1170,6267335,69,583471,2445,3165019,366,60461,2829,3233106,0,48,5139,5269.71,17247512,14021984,0
2022-03-29,1044,7164536,1107,6268442,84,583555,2517,3167536,885,61346,3423,3236529,1,49,5658,5183.43,17253170,14024239,0
2022-03-30,1236,7165772,1138,6269580,99,583654,3064,3170600,3413,64759,6567,3243096,0,49,9040,5619,17262210,14026802,0
2022-03-31,1275,7167047,1250,6270830,58,583712,3163,3173763,5533,70292,8834,3251930,0,49,11418,6478.43,17273628,14029524,0
2022-04-01,1422,7168469,1487,6272317,77,583789,3245,3177008,6924,77216,10326,3262256,0,49,13312,7416.57,17286940,14032667,0
2022-04-02,906,7169375,910,6273227,33,583822,2085,3179093,4538,81754,6721,3268977,0,49,8570,7969.57,17295510,14034614,0
2022-04-03,553,7169928,492,6273719,28,583850,1220,3180313,3060,84814,4343,3273320,0,49,5416,8364.71,17300926,14035750,0
2022-04-04,1344,7171272,1301,6275020,62,583912,2721,3183034,7723,92537,10600,3283920,0,49,13307,9531.57,17314233,14038613,0
2022-04-05,1290,7172562,1154,6276174,66,583978,2846,3185880,7502,100039,10523,3294443,0,49,13033,10585.14,17327266,14041298,0
2022-04-06,1328,7173890,1175,6277349,61,584039,2627,3188507,6961,107000,9750,3304193,0,49,12314,11052.86,17339580,14044024,0
2022-04-07,1199,7175089,1061,6278410,57,584096,2378,3190885,6630,113630,9155,3313348,1,50,11473,11060.71,17351053,14046488,0
2022-04-08,1472,7176561,1411,6279821,61,584157,3168,3194053,8794,122424,12158,3325506,0,50,15102,11316.43,17366155,14049628,0
2022-04-09,907,7177468,925,6280746,29,584186,2083,3196136,4959,127383,7127,3332633,0,50,8988,11376.14,17375143,14051574,0
2022-04-10,574,7178042,459,6281205,25,584211,1169,3197305,2902,130285,4133,3336766,0,50,5191,11344,17380334,14052694,0
2022-04-11,1305,7179347,1225,6282430,61,584272,2653,3199958,7843,138128,10651,3347417,0,50,13242,11334.71,17393576,14055440,0
2022-04-12,1211,7180558,1055,6283485,73,584345,2521,3202479,7447,145575,10142,3357559,0,50,12481,11255.86,17406057,14057953,0
2022-04-13,1227,7181785,1075,6284560,60,584405,2513,3204992,7551,153126,10213,3367772,0,50,12575,11293.14,17418632,14060464,0
2022-04-14,1261,7183046,1095,6285655,58,584463,2442,3207434,6596,159722,9167,3376939,1,51,11582,11308.71,17430214,14063007,0
2022-04-15,1332,7184378,1094,6286749,53,584516,2555,3209989,6635,166357,9321,3386260,0,51,11800,10837,17442014,14065617,0
2022-04-16,853,7185231,651,6287400,34,584550,1642,3211631,3694,170051,5402,3391662,0,51,6940,10544.43,17448954,14067221,0
2022-04-17,345,7185576,201,6287601,27,584577,637,3212268,1159,171210,1819,3393481,0,51,2392,10144.57,17451346,14067817,0
2022-04-18,1378,7186954,1113,6288714,82,584659,2581,3214849,6419,177629,9142,3402623,0,51,11715,9926.43,17463061,14070532,0
2022-04-19,1408,7188362,934,6289648,71,584730,2576,3217425,5763,183392,8442,3411065,0,51,10855,9694.14,17473916,14073048,0
2022-04-20,1297,7189659,1150,6290798,65,584795,2712,3220137,6650,190042,9504,3420569,0,51,12016,9614.29,17485932,14075702,0
2022-04-21,1224,7190883,1062,6291860,53,584848,2339,3222476,5402,195444,7859,3428428,1,52,10199,9416.71,17496131,14078159,0
2022-04-22,1232,7192115,1038,6292898,46,584894,2240,3224716,5784,201228,8138,3436566,0,52,10454,9224.43,17506585,14080589,0
2022-04-23,711,7192826,751,6293649,59,584953,1428,3226144,3352,204580,4847,3441413,0,52,6368,9142.71,17512953,14082177,0
2022-04-24,445,7193271,343,6293992,27,584980,812,3226956,1845,206425,2690,3444103,0,52,3505,9301.71,17516458,14083025,0
2022-04-25,1037,7194308,916,6294908,64,585044,1850,3228806,5094,211519,7058,3451161,0,52,9076,8924.71,17525534,14085157,0
2022-04-26,948,7195256,856,6295764,76,585120,1748,3230554,4697,216216,6540,3457701,0,52,8420,8576.86,17533954,14087132,0
2022-04-27,1034,7196290,1021,6296785,80,585200,1924,3232478,5219,221435,7264,3464965,0,52,9399,8203,17543353,14089388,0
2022-04-28,1080,7197370,988,6297773,50,585250,2007,3234485,4745,226180,6866,3471831,1,53,8986,8029.71,17552339,14091621,0
2022-04-29,1173,7198543,1102,6298875,60,585310,2156,3236641,5439,231619,7710,3479541,0,53,10045,7971.29,17562384,14094071,0
2022-04-30,724,7199267,744,6299619,50,585360,1391,3238032,2965,234584,4404,3483945,0,53,5922,7907.57,17568306,14095637,0
2022-05-01,445,7199712,366,6299985,20,585380,766,3238798,1656,236240,2454,3486399,0,53,3285,7876.14,17571591,14096500,0
2022-05-02,1045,7200757,790,6300775,52,585432,1675,3240473,3823,240063,5568,3491967,2,55,7456,7644.71,17579047,14098456,0
2022-05-03,1118,7201875,863,6301638,61,585493,1993,3242466,4873,244936,6964,3498931,0,55,9006,7728.43,17588053,14100596,0
2022-05-04,1003,7202878,882,6302520,48,585541,1925,3244391,4682,249618,6698,3505629,0,55,8631,7618.71,17596684,14102620,0
2022-05-05,1072,7203950,952,6303472,86,585627,1928,3246319,4886,254504,6914,3512543,0,55,9024,7624.14,17605708,14104830,0
2022-05-06,1095,7205045,956,6304428,51,585678,1859,3248178,4403,258907,6340,3518883,2,57,8442,7395.14,17614150,14107008,0
2022-05-07,659,7205704,590,6305018,32,585710,1204,3249382,2436,261343,3680,3522563,1,58,4961,7257.86,17619111,14108328,0
2022-05-08,411,7206115,243,6305261,17,585727,664,3250046,1389,262732,2075,3524638,0,58,2746,7180.86,17621857,14109021,0
2022-05-09,1077,7207192,943,6306204,60,585787,1892,3251938,4438,267170,6423,3531061,0,58,8503,7330.43,17630360,14111194,0
2022-05-10,1093,7208285,928,6307132,54,585841,1979,3253917,4723,271893,6810,3537871,0,58,8885,7313.14,17639245,14113377,0
2022-05-11,1084,7209369,972,6308104,44,585885,1941,3255858,4845,276738,6888,3544759,0,58,8988,7364.14,17648233,14115579,0
2022-05-12,1098,7210467,949,6309053,60,585945,2002,3257860,4667,281405,6770,3551529,0,58,8877,7343.14,17657110,14117787,0
2022-05-13,1152,7211619,1039,6310092,44,585989,2074,3259934,4811,286216,6978,3558507,0,58,9213,7453.29,17666323,14120115,0
2022-05-14,827,7212446,671,6310763,31,586020,1469,3261403,2963,289179,4474,3562981,0,58,6003,7602.14,17672326,14121686,0
2022-05-15,508,7212954,355,6311118,22,586042,924,3262327,1650,290829,2600,3565581,0,58,3485,7707.71,17675811,14122597,0
2022-05-16,1224,7214178,854,6311972,62,586104,1832,3264159,3870,294699,5765,3571346,1,59,7906,7622.43,17683717,14124800,0
2022-05-17,1284,7215462,933,6312905,79,586183,2047,3266206,4898,299597,7040,3578386,1,60,9337,7687,17693054,14127191,0
2022-05-18,1236,7216698,899,6313804,82,586265,2063,3268269,4947,304544,7123,3585509,1,61,9341,7737.43,17702395,14129521,0
2022-05-19,1157,7217855,880,6314684,36,586301,2118,3270387,4733,309277,6937,3592446,0,61,9010,7756.43,17711405,14131680,0
2022-05-20,1197,7219052,961,6315645,73,586374,2370,3272757,5210,314487,7692,3600138,1,62,9926,7858.29,17721331,14134025,0
2022-05-21,831,7219883,647,6316292,23,586397,1726,3274483,3311,317798,5098,3605236,0,62,6599,7943.43,17727930,14135587,0
2022-05-22,506,7220389,292,6316584,22,586419,1136,3275619,1841,319639,3010,3608246,0,62,3830,7992.71,17731760,14136440,0
2022-05-23,1218,7221607,884,6317468,52,586471,2190,3277809,4713,324352,7004,3615250,1,63,9159,8171.71,17740919,14138695,0
2022-05-24,1404,7223011,934,6318402,66,586537,2306,3280115,4494,328846,6904,3622154,0,63,9309,8167.71,17750228,14141204,0
2022-05-25,1410,7224421,956,6319358,56,586593,2265,3282380,4276,333122,6641,3628795,0,63,9064,8128.14,17759292,14143727,0
2022-05-26,1168,7225589,890,6320248,60,586653,2273,3284653,4156,337278,6497,3635292,1,64,8617,8072,17767909,14145914,0
2022-05-27,1244,7226833,956,6321204,38,586691,2495,3287148,3927,341205,6499,3641791,0,64,8738,7902.29,17776647,14148230,0
2022-05-28,710,7227543,517,6321721,19,586710,1786,3288934,2065,343270,3891,3645682,0,64,5137,7693.43,17781784,14149516,0
2022-05-29,472,7228015,216,6321937,11,586721,760,3289694,1126,344396,1906,3647588,0,64,2605,7518.43,17784389,14150235,0
2022-05-30,91,7228106,62,6321999,6,586727,139,3289833,144,344540,285,3647873,1,65,445,6273.57,17784834,14150396,0
2022-05-31,1135,7229241,918,6322917,51,586778,1901,3291734,3053,347593,5016,3652889,0,65,7120,5960.86,17791954,14152562,0
2022-06-01,1152,7230393,850,6323767,63,586841,1968,3293702,3434,351027,5478,3658367,0,65,7543,5743.57,17799497,14154703,0
2022-06-02,1027,7231420,799,6324566,72,586913,1828,3295530,3177,354204,5067,3663434,0,65,6965,5507.57,17806462,14156663,0
2022-06-03,1156,7232576,895,6325461,47,586960,2070,3297600,3496,357700,5635,3669069,0,65,7733,5364,17814195,14158830,0
2022-06-04,721,7233297,584,6326045,26,586986,1559,3299159,1908,359608,3503,3672572,0,65,4836,5321,17819031,14160199,0
2022-06-05,448,7233745,297,6326342,1,586987,880,3300039,981,360589,1870,3674442,0,65,2616,5322.57,17821647,14160954,0
2022-06-06,1122,7234867,827,6327169,64,587051,1758,3301797,2747,363336,4555,3678997,0,65,6568,6197.29,17828215,14163017,0
2022-06-07,1017,7235884,772,6327941,70,587121,1797,3303594,2570,365906,4414,3683411,0,65,6274,6076.43,17834489,14164924,0
2022-06-08,1091,7236975,835,6328776,75,587196,1877,3305471,2753,368659,4693,3688104,1,66,6694,5955.14,17841183,14166987,0
2022-06-09,1138,7238113,839,6329615,62,587258,2230,3307701,2693,371352,4975,3693079,0,66,7014,5962.14,17848197,14169078,0
2022-06-10,1045,7239158,816,6330431,75,587333,1882,3309583,2833,374185,4772,3697851,0,66,6708,5815.71,17854905,14171071,0
2022-06-11,678,7239836,507,6330938,25,587358,1333,3310916,1505,375690,2865,3700716,0,66,4075,5707,17858980,14172308,0
2022-06-12,350,7240186,287,6331225,21,587379,877,3311793,773,376463,1661,3702377,0,66,2319,5664.57,17861299,14172977,0
2022-06-13,1028,7241214,768,6331993,62,587441,1581,3313374,2189,378652,3810,3706187,0,66,5669,5536.14,17866968,14174876,0
2022-06-14,973,7242187,833,6332826,64,587505,1693,3315067,2505,381157,4260,3710447,0,66,6130,5515.57,17873098,14176808,0
2022-06-15,968,7243155,865,6333691,39,587544,1665,3316732,2429,383586,4153,3714600,0,66,6025,5420,17879123,14178739,0
2022-06-16,961,7244116,775,6334466,59,587603,1835,3318567,2367,385953,4256,3718856,1,67,6051,5282.43,17885174,14180587,0
2022-06-17,899,7245015,797,6335263,48,587651,1772,3320339,2405,388358,4222,3723078,1,68,5968,5176.71,17891142,14182377,0
2022-06-18,659,7245674,522,6335785,26,587677,1283,3321622,1298,389656,2610,3725688,2,70,3817,5139.86,17894959,14183611,0
2022-06-19,346,7246020,231,6336016,16,587693,728,3322350,611,390267,1351,3727039,0,70,1944,5086.29,17896903,14184216,0
2022-06-20,830,7246850,488,6336504,41,587734,1580,3323930,1612,391879,3231,3730270,0,70,4590,4932.14,17901493,14185614,0
2022-06-21,1130,7247980,740,6337244,49,587783,1703,3325633,2143,394022,3902,3734172,0,70,5822,4888.14,17907315,14187590,0
2022-06-22,1958,7249938,836,6338080,46,587829,1710,3327343,1996,396018,3749,3737921,0,70,6589,4968.71,17913904,14190473,0
2022-06-23,2117,7252055,763,6338843,66,587895,1704,3329047,2157,398175,3913,3741834,0,70,6859,5084.14,17920763,14193471,0
2022-06-24,2169,7254224,761,6339604,48,587943,1626,3330673,2157,400332,3831,3745665,0,70,6809,5204.29,17927572,14196497,0
2022-06-25,2138,7256362,497,6340101,15,587958,1238,3331911,1142,401474,2396,3748061,0,70,5049,5380.29,17932621,14199166,0
2022-06-26,1209,7257571,248,6340349,14,587972,687,3332598,531,402005,1224,3749285,0,70,2695,5487.57,17935316,14200643,0
2022-06-27,1532,7259103,655,6341004,60,588032,1473,3334071,1653,403658,3168,3752453,0,70,5416,5605.57,17940732,14202933,0
2022-06-28,1689,7260792,829,6341833,57,588089,1864,3335935,2145,405803,4054,3756507,0,70,6629,5720.86,17947361,14205553,0
2022-06-29,1857,7262649,776,6342609,48,588137,1718,3337653,1928,407731,3686,3760193,0,70,6367,5689.14,17953728,14208274,0
2022-06-30,1866,7264515,807,6343416,46,588183,1735,3339388,2134,409865,3913,3764106,0,70,6632,5656.71,17960360,14211037,0
2022-07-01,1606,7266121,597,6344013,26,588209,1399,3340787,1728,411593,3160,3767266,0,70,5389,5453.86,17965749,14213299,0
2022-07-02,979,7267100,390,6344403,19,588228,841,3341628,940,412533,1799,3769065,1,71,3187,5187.86,17968936,14214704,0
2022-07-03,529,7267629,205,6344608,7,588235,461,3342089,486,413019,950,3770015,0,71,1691,5044.43,17970627,14215448,0
2022-07-04,36,7267665,25,6344633,1,588236,31,3342120,38,413057,69,3770084,0,71,131,4289.43,17970758,14215510,0
2022-07-05,1296,7268961,757,6345390,35,588271,1406,3343526,1739,414796,3176,3773260,0,71,5264,4094.43,17976022,14217629,0
2022-07-06,1612,7270573,677,6346067,44,588315,1443,3344969,1844,416640,3329,3776589,0,71,5662,3993.71,17981684,14220004,0
2022-07-07,1592,7272165,713,6346780,48,588363,1527,3346496,2002,418642,3568,3780157,0,71,5921,3892.14,17987605,14222396,0
2022-07-08,1634,7273799,651,6347431,37,588400,1474,3347970,1980,420622,3504,3783661,0,71,5827,3954.71,17993432,14224769,0
2022-07-09,984,7274783,435,6347866,26,588426,884,3348854,1347,421969,2262,3785923,0,71,3707,4029,17997139,14226245,0
2022-07-10,637,7275420,187,6348053,17,588443,430,3349284,659,422628,1099,3787022,0,71,1940,4064.57,17999079,14227096,0
2022-07-11,1395,7276815,636,6348689,49,588492,1445,3350729,2213,424841,3692,3790714,0,71,5772,4870.43,18004851,14229210,0
2022-07-12,1407,7278222,687,6349376,45,588537,1405,3352134,2514,427355,3994,3794708,0,71,6133,4994.57,18010984,14231424,0
2022-07-13,1614,7279836,725,6350101,37,588574,1523,3353657,2841,430196,4429,3799137,0,71,6805,5157.86,18017789,14233865,0
2022-07-14,1588,7281424,842,6350943,47,588621,1605,3355262,3063,433259,4746,3803883,0,71,7224,5344,18025013,14236421,0
2022-07-15,1615,7283039,937,6351880,47,588668,1579,3356841,3056,436315,4695,3808578,0,71,7294,5553.57,18032307,14239080,0
2022-07-16,881,7283920,586,6352466,9,588677,985,3357826,1702,438017,2717,3811295,1,72,4194,5623.14,18036501,14240586,0
2022-07-17,550,7284470,289,6352755,16,588693,527,3358353,1168,439185,1719,3813014,0,72,2574,5713.71,18039075,14241465,0
2022-07-18,1405,7285875,844,6353599,45,588738,1429,3359782,2467,441652,3953,3816967,0,72,6247,5781.57,18045322,14243816,0
2022-07-19,1438,7287313,976,6354575,51,588789,1543,3361325,2804,444456,4439,3821406,0,72,6904,5891.71,18052226,14246373,0
2022-07-20,1383,7288696,1485,6356060,50,588839,1352,3362677,2394,446850,3808,3825214,0,72,6727,5880.57,18058953,14249354,0
2022-07-21,1333,7290029,1436,6357496,50,588889,1398,3364075,2362,449212,3809,3829023,0,72,6628,5795.43,18065581,14252222,0
2022-07-22,1429,7291458,1570,6359066,42,588931,1563,3365638,2856,452068,4502,3833525,0,72,7543,5831,18073124,14255346,0
2022-07-23,907,7292365,1103,6360169,17,588948,998,3366636,1555,453623,2588,3836113,3,75,4618,5891.57,18077742,14257408,0
2022-07-24,483,7292848,642,6360811,14,588962,504,3367140,805,454428,1317,3837430,0,75,2457,5874.86,18080199,14258556,0
2022-07-25,1230,7294078,765,6361576,59,589021,1263,3368403,2065,456493,3381,3840811,0,75,5435,5758.86,18085634,14260663,0
2022-07-26,1234,7295312,1024,6362600,41,589062,1478,3369881,2445,458938,3981,3844792,0,75,6280,5669.71,18091914,14263020,0
2022-07-27,1319,7296631,1279,6363879,42,589104,1395,3371276,2189,461127,3646,3848438,3,78,6290,5607.29,18098204,14265723,0
2022-07-28,1311,7297942,1424,6365303,72,589176,1425,3372701,2217,463344,3692,3852130,1,79,6500,5589,18104704,14268580,0
2022-07-29,1318,7299260,1432,6366735,64,589240,1359,3374060,2161,465505,3563,3855693,0,79,6377,5422.43,18111081,14271437,0
2022-07-30,739,7299999,721,6367456,25,589265,794,3374854,961,466466,1776,3857469,0,79,3264,5229,18114345,14272946,0
2022-07-31,422,7300421,590,6368046,14,589279,488,3375342,571,467037,1065,3858534,0,79,2091,5176.71,18116436,14273978,0
2022-08-01,1245,7301666,913,6368959,55,589334,1334,3376676,1510,468547,2890,3861424,1,80,5104,5129.43,18121540,14276237,0
2022-08-02,1229,7302895,1016,6369975,73,589407,1348,3378024,1601,470148,2995,3864419,0,80,5313,4991.29,18126853,14278601,0
2022-08-03,1264,7304159,1191,6371166,41,589448,1343,3379367,1531,471679,2914,3867333,1,81,5411,4865.71,18132264,14281137,0
2022-08-04,1190,7305349,1188,6372354,58,589506,1289,3380656,1458,473137,2778,3870111,0,81,5214,4682,18137478,14283604,0
2022-08-05,1317,7306666,1451,6373805,49,589555,1316,3381972,1442,474579,2782,3872893,0,81,5599,4570.86,18143077,14286445,0
2022-08-06,696,7307362,843,6374648,14,589569,766,3382738,777,475356,1568,3874461,0,81,3122,4550.57,18146199,14288024,0
2022-08-07,390,7307752,454,6375102,14,589583,427,3383165,358,475714,796,3875257,0,81,1654,4488.14,18147853,14288893,0
2022-08-08,1193,7308945,934,6376036,70,589653,1278,3384443,1185,476899,2493,3877750,0,81,4690,4429,18152543,14291120,0
2022-08-09,1134,7310079,890,6376926,38,589691,1233,3385676,1163,478062,2428,3880178,1,82,4491,4311.57,18157034,14293214,0
2022-08-10,1222,7311301,1115,6378041,59,589750,1261,3386937,1247,479309,2543,3882721,0,82,4939,4244.14,18161973,14295645,0
2022-08-11,1281,7312582,1070,6379111,84,589834,1212,3388149,1280,480589,2530,3885251,0,82,4965,4208.57,18166938,14298118,0
2022-08-12,1293,7313875,1411,6380522,55,589889,1269,3389418,1249,481838,2550,3887801,0,82,5309,4167.14,18172247,14300909,0
2022-08-13,756,7314631,789,6381311,15,589904,764,3390182,634,482472,1416,3889217,0,82,2976,4146.29,18175223,14302487,0
2022-08-14,469,7315100,477,6381788,20,589924,406,3390588,282,482754,691,3889908,0,82,1657,4146.71,18176880,14303456,0
2022-08-15,1246,7316346,1066,6382854,60,589984,1317,3391905,992,483746,2350,3892258,1,83,4723,4151.43,18181603,14305869,0
2022-08-16,1307,7317653,869,6383723,50,590034,1369,3393274,1079,484825,2480,3894738,0,83,4707,4182.29,18186310,14308128,0
2022-08-17,1213,7318866,960,6384683,39,590073,1235,3394509,1004,485829,2278,3897016,1,84,4491,4118.29,18190801,14310379,0
2022-08-18,1168,7320034,944,6385627,45,590118,1269,3395778,948,486777,2242,3899258,0,84,4399,4037.43,18195200,14312561,0
2022-08-19,1254,7321288,1135,6386762,34,590152,1121,3396899,978,487755,2130,3901388,6,90,4559,3930.29,18199759,14315015,0
2022-08-20,591,7321879,494,6387256,16,590168,635,3397534,515,488270,1163,3902551,1,91,2265,3828.71,18202024,14316129,0
2022-08-21,358,7322237,243,6387499,9,590177,382,3397916,267,488537,652,3903203,0,91,1262,3772.29,18203286,14316742,0
2022-08-22,1221,7323458,924,6388423,40,590217,1237,3399153,889,489426,2153,3905356,0,91,4338,3717.29,18207624,14318954,0
2022-08-23,1239,7324697,1051,6389474,48,590265,1383,3400536,962,490388,2373,3907729,3,94,4714,3718.29,18212338,14321320,0
2022-08-24,1265,7325962,1016,6390490,29,590294,1296,3401832,821,491209,2143,3909872,0,94,4454,3713,18216792,14323657,0
2022-08-25,1221,7327183,995,6391485,66,590360,1192,3403024,813,492022,2021,3911893,4,98,4306,3699.71,18221098,14325954,0
2022-08-26,1188,7328371,1179,6392664,56,590416,1193,3404217,780,492802,1994,3913887,1,99,4417,3679.43,18225515,14328397,0
2022-08-27,695,7329066,542,6393206,14,590430,685,3404902,404,493206,1102,3914989,4,103,2357,3692.57,18227872,14329661,0
2022-08-28,378,7329444,240,6393446,10,590440,442,3405344,228,493434,673,3915662,0,103,1301,3698.14,18229173,14330292,0
2022-08-29,1254,7330698,982,6394428,41,590481,1230,3406574,689,494123,1940,3917602,0,103,4218,3681,18233391,14332591,0
2022-08-30,1267,7331965,942,6395370,36,590517,1273,3407847,766,494889,2070,3919672,2,105,4317,3624.29,18237708,14334867,0
2022-08-31,1154,7333119,1014,6396384,43,590560,1105,3408952,573,495462,1699,3921371,0,105,3911,3546.71,18241619,14337100,0
2022-09-01,1026,7334145,963,6397347,51,590611,810,3409762,456,495918,1280,3922651,5,110,3326,3406.71,18244945,14339155,0
2022-09-02,977,7335122,1020,6398367,32,590643,595,3410357,175,496093,777,3923428,92,202,2883,3187.57,18247828,14341176,0
2022-09-03,532,7335654,450,6398817,12,590655,370,3410727,50,496143,424,3923852,314,516,1683,3091.29,18249511,14342125,0
2022-09-04,252,7335906,212,6399029,10,590665,189,3410916,25,496168,216,3924068,312,828,959,3042.43,18250470,14342558,0
2022-09-05,78,7335984,71,6399100,7,590672,44,3410960,16,496184,61,3924129,9,837,226,2472.14,18250696,14342715,0
2022-09-06,1129,7337113,1228,6400328,51,590723,636,3411596,130,496314,775,3924904,1269,2106,4233,2460.14,18254929,14344913,0
2022-09-07,1475,7338588,1380,6401708,38,590761,484,3412080,156,496470,660,3925564,6446,8552,9119,3204.14,18264048,14346946,0
2022-09-08,1522,7340110,1196,6402904,36,590797,253,3412333,111,496581,380,3925944,7796,16348,9816,4131.29,18273864,14348602,0
2022-09-09,1551,7341661,1611,6404515,49,590846,285,3412618,122,496703,438,3926382,9887,26235,12370,5486.57,18286234,14350678,0
2022-09-10,845,7342506,838,6405353,12,590858,270,3412888,45,496748,328,3926710,5317,31552,6758,6211.57,18292992,14351804,0
2022-09-11,494,7343000,441,6405794,11,590869,86,3412974,30,496778,125,3926835,3941,35493,4529,6721.57,18297521,14352276,0
2022-09-12,1670,7344670,1438,6407232,39,590908,205,3413179,91,496869,330,3927165,11658,47151,13537,8623.14,18311058,14353859,0
2022-09-13,1398,7346068,1272,6408504,33,590941,220,3413399,118,496987,387,3927552,9734,56885,11737,9695.14,18322795,14355524,0
2022-09-14,1408,7347476,1272,6409776,32,590973,225,3413624,125,497112,389,3927941,11028,67913,13076,10260.43,18335871,14357222,0
2022-09-15,1562,7349038,1280,6411056,23,590996,227,3413851,109,497221,371,3928312,12085,79998,14108,10873.57,18349979,14358909,0
2022-09-16,1683,7350721,1631,6412687,27,591023,270,3414121,157,497378,482,3928794,13805,93803,16267,11430.29,18366246,14360944,0
2022-09-17,800,7351521,867,6413554,12,591035,275,3414396,78,497456,376,3929170,7003,100806,8411,11666.43,18374657,14361999,0
2022-09-18,521,7352042,411,6413965,7,591042,74,3414470,26,497482,113,3929283,4484,105290,4976,11730.29,18379633,14362391,0
2022-09-19,1550,7353592,1325,6415290,29,591071,227,3414697,97,497579,350,3929633,13812,119102,15514,12012.71,18395147,14363769,0
2022-09-20,1439,7355031,1250,6416540,27,591098,221,3414918,90,497669,359,3929992,13214,132316,15014,12480.86,18410161,14365258,0
2022-09-21,1666,7356697,1351,6417891,31,591129,261,3415179,130,497799,425,3930417,14936,147252,16842,13018.86,18427003,14366773,0
2022-09-22,1469,7358166,1261,6419152,28,591157,174,3415353,139,497938,358,3930775,13226,160478,15046,13152.86,18442049,14368280,0
2022-09-23,1736,7359902,1649,6420801,24,591181,252,3415605,145,498083,460,3931235,16945,177423,19248,13578.71,18461297,14370186,0
2022-09-24,799,7360701,887,6421688,8,591189,272,3415877,66,498149,357,3931592,7505,184928,8852,13641.71,18470149,14371195,0
2022-09-25,485,7361186,394,6422082,1,591190,72,3415949,47,498196,128,3931720,4508,189436,4995,13644.43,18475144,14371563,0
2022-09-26,1571,7362757,1246,6423328,16,591206,290,3416239,144,498340,492,3932212,15012,204448,16712,13815.57,18491856,14372829,0
2022-09-27,1535,7364292,1310,6424638,26,591232,283,3416522,174,498514,493,3932705,14159,218607,16152,13978.14,18508008,14374365,0
2022-09-28,1619,7365911,1299,6425937,18,591250,190,3416712,186,498700,429,3933134,15513,234120,17288,14041.86,18525296,14375764,0
2022-09-29,1679,7367590,1298,6427235,19,591269,179,3416891,96,498796,312,3933446,15373,249493,17221,14352.57,18542517,14377337,0
2022-09-30,1640,7369230,1554,6428789,13,591282,182,3417073,177,498973,405,3933851,16485,265978,18653,14267.57,18561170,14379146,0
2022-10-01,720,7369950,668,6429457,5,591287,138,3417211,34,499007,181,3934032,7053,273031,7943,14137.71,18569113,14379864,0
2022-10-02,511,7370461,428,6429885,5,591292,48,3417259,45,499052,107,3934139,4428,277459,4838,14115.29,18573951,14380181,0
2022-10-03,1551,7372012,1191,6431076,23,591315,157,3417416,113,499165,317,3934456,14570,292029,15975,14010,18589926,14381316,0
2022-10-04,1382,7373394,1157,6432233,15,591330,149,3417565,121,499286,298,3934754,13400,305429,14794,13816,18604720,14382440,0
2022-10-05,1590,7374984,1285,6433518,17,591347,283,3417848,164,499450,500,3935254,14864,320293,16689,13730.43,18621409,14383818,0
2022-10-06,1487,7376471,1249,6434767,19,591366,166,3418014,161,499611,385,3935639,14956,335249,16619,13644.43,18638028,14385154,0
2022-10-07,1660,7378131,1426,6436193,15,591381,171,3418185,135,499746,368,3936007,17110,352359,19070,13704,18657098,14386808,0
2022-10-08,762,7378893,680,6436873,4,591385,146,3418331,62,499808,225,3936232,7712,360071,8640,13803.57,18665738,14387528,0
2022-10-09,490,7379383,410,6437283,5,591390,47,3418378,55,499863,120,3936352,4694,364765,5119,13843.71,18670857,14387851,0
2022-10-10,1547,7380930,1250,6438533,14,591404,174,3418552,120,499983,333,3936685,15205,379970,16508,13919.86,18687365,14388860,0
2022-10-11,1638,7382568,1101,6439634,19,591423,178,3418730,154,500137,388,3937073,14321,394291,15854,14071.29,18703219,14390061,0
2022-10-12,1865,7384433,1321,6440955,17,591440,134,3418864,186,500323,387,3937460,16282,410573,17885,14242.14,18721104,14391344,0
2022-10-13,1616,7386049,1150,6442105,28,591468,135,3418999,201,500524,407,3937867,14037,424610,15573,14092.71,18736677,14392544,0
2022-10-14,1816,7387865,1540,6443645,25,591493,130,3419129,181,500705,364,3938231,17211,441821,19195,14110.57,18755872,14394217,0
2022-10-15,767,7388632,639,6444284,9,591502,90,3419219,68,500773,179,3938410,7613,449434,8468,14086,18764340,14394914,0
2022-10-16,565,7389197,411,6444695,3,591505,25,3419244,65,500838,121,3938531,4725,454159,5168,14093,18769508,14395267,0
2022-10-17,1817,7391014,1250,6445945,18,591523,83,3419327,116,500954,236,3938767,16074,470233,17395,14219.71,18786903,14396389,0
2022-10-18,1688,7392702,1169,6447114,20,591543,100,3419427,135,501089,282,3939049,14640,484873,16012,14242.29,18802915,14397526,0
2022-10-19,2088,7394790,1329,6448443,21,591564,84,3419511,142,501231,289,3939338,16232,501105,17704,14216.43,18820619,14398772,0
2022-10-20,1687,7396477,1166,6449609,11,591575,88,3419599,147,501378,302,3939640,15401,516506,16849,14398.71,18837468,14399985,0
2022-10-21,1803,7398280,1344,6450953,12,591587,93,3419692,150,501528,298,3939938,16737,533243,18404,14285.71,18855872,14401409,0
2022-10-22,743,7399023,668,6451621,9,591596,44,3419736,45,501573,99,3940037,7690,540933,8418,14278.57,18864290,14402048,0
2022-10-23,520,7399543,369,6451990,3,591599,21,3419757,39,501612,69,3940106,4803,545736,5080,14266,18869370,14402265,0
2022-10-24,1743,7401286,1207,6453197,19,591618,70,3419827,112,501724,224,3940330,15557,561293,16844,14187.29,18886214,14403370,0
2022-10-25,1661,7402947,1189,6454386,12,591630,94,3419921,110,501834,233,3940563,15043,576336,16348,14235.29,18902562,14404471,0
2022-10-26,1855,7404802,1330,6455716,11,591641,90,3420011,168,502002,334,3940897,16819,593155,18289,14318.86,18920851,14405683,0
2022-10-27,1583,7406385,1075,6456791,13,591654,91,3420102,128,502130,272,3941169,15117,608272,16416,14257,18937267,14406763,0
2022-10-28,1702,7408087,1427,6458218,17,591671,107,3420209,153,502283,319,3941488,16763,625035,18576,14281.57,18955843,14408316,0
2022-10-29,696,7408783,544,6458762,9,591680,69,3420278,57,502340,140,3941628,7743,632778,8413,14280.86,18964256,14408860,0
2022-10-30,521,7409304,305,6459067,3,591683,19,3420297,57,502397,92,3941720,4489,637267,4777,14237.57,18969033,14409072,0
2022-10-31,1677,7410981,1105,6460172,8,591691,47,3420344,127,502524,218,3941938,14591,651858,15537,14050.86,18984570,14409844,0
2022-11-01,1665,7412646,1021,6461193,18,591709,78,3420422,127,502651,237,3942175,13622,665480,14937,13849.29,18999507,14410954,0
2022-11-02,1738,7414384,1126,6462319,17,591726,91,3420513,122,502773,255,3942430,14872,680352,16144,13542.86,19015651,14412013,0
2022-11-03,1422,7415806,1032,6463351,14,591740,84,3420597,167,502940,328,3942758,12623,692975,13902,13183.71,19029553,14413041,0
2022-11-04,1740,7417546,1219,6464570,14,591754,101,3420698,140,503080,275,3943033,15435,708410,17034,12963.43,19046587,14414399,0
2022-11-05,824,7418370,529,6465099,6,591760,65,3420763,82,503162,161,3943194,7043,715453,7755,12869.43,19054342,14414964,0
2022-11-06,408,7418778,330,6465429,4,591764,20,3420783,49,503211,106,3943300,4072,719525,4412,12817.29,19058754,14415235,0
2022-11-07,1640,7420418,1069,6466498,14,591778,75,3420858,101,503312,212,3943512,13220,732745,14381,12652.14,19073135,14416220,0
2022-11-08,1532,7421950,1009,6467507,8,591786,97,3420955,132,503444,270,3943782,12065,744810,13329,12422.43,19086464,14417255,0
2022-11-09,1571,7423521,1058,6468565,9,591795,85,3421040,114,503558,246,3944028,12191,757001,13454,12038.14,19099918,14418319,0
2022-11-10,1486,7425007,1009,6469574,14,591809,73,3421113,147,503705,276,3944304,12343,769344,13619,11997.71,19113537,14419375,0
2022-11-11,1502,7426509,1078,6470652,11,591820,100,3421213,102,503807,223,3944527,12875,782219,14304,11607.71,19127841,14420602,0
2022-11-12,672,7427181,513,6471165,2,591822,57,3421270,61,503868,128,3944655,6430,788649,7049,11506.86,19134890,14421103,0
2022-11-13,496,7427677,340,6471505,4,591826,15,3421285,68,503936,98,3944753,3893,792542,4210,11478,19139100,14421337,0
2022-11-14,1444,7429121,1025,6472530,19,591845,59,3421344,114,504050,204,3944957,11629,804171,12743,11244,19151843,14422278,0
2022-11-15,1488,7430609,999,6473529,15,591860,103,3421447,164,504214,293,3945250,11272,815443,12650,11147,19164493,14423389,0
2022-11-16,1600,7432209,1033,6474562,21,591881,66,3421513,147,504361,249,3945499,11560,827003,12808,11054.71,19177301,14424424,0
2022-11-17,1421,7433630,976,6475538,10,591891,72,3421585,189,504550,302,3945801,10537,837540,11865,10804.14,19189166,14425491,0
2022-11-18,1585,7435215,1103,6476641,12,591903,68,3421653,117,504667,215,3946016,12404,849944,13995,10760,19203161,14426897,0
2022-11-19,678,7435893,436,6477077,4,591907,57,3421710,63,504730,129,3946145,5910,855854,6566,10691,19209727,14427433,0
2022-11-20,477,7436370,307,6477384,4,591911,12,3421722,35,504765,64,3946209,3538,859392,3838,10637.86,19213565,14427686,0
2022-11-21,1519,7437889,920,6478304,4,591915,51,3421773,81,504846,149,3946358,10395,869787,11371,10441.86,19224936,14428530,0
2022-11-22,1272,7439161,816,6479120,7,591922,53,3421826,92,504938,163,3946521,9262,879049,10287,10104.29,19235223,14429410,0
2022-11-23,1292,7440453,734,6479854,11,591933,65,3421891,79,505017,170,3946691,8670,887719,9610,9647.43,19244833,14430206,0
2022-11-24,18,7440471,10,6479864,2,591935,0,3421891,6,505023,8,3946699,112,887831,137,7972,19244970,14430225,0
2022-11-25,681,7441152,474,6480338,14,591949,36,3421927,54,505077,109,3946808,5683,893514,6416,6889.29,19251386,14430868,0
2022-11-26,591,7441743,379,6480717,2,591951,15,3421942,43,505120,62,3946870,4895,898409,5330,6712.71,19256716,14431245,0
2022-11-27,398,7442141,219,6480936,1,591952,11,3421953,23,505143,49,3946919,3170,901579,3351,6643.14,19260067,14431392,0
2022-11-28,951,7443092,697,6481633,10,591962,58,3422011,64,505207,143,3947062,6946,908525,7913,6149.14,19267980,14432237,0
2022-11-29,928,7444020,708,6482341,8,591970,46,3422057,73,505280,145,3947207,6930,915455,7968,5817.86,19275948,14433156,0
2022-11-30,1212,7445232,868,6483209,16,591986,50,3422107,54,505334,123,3947330,8725,924180,9731,5835.14,19285679,14434058,0
2022-12-01,1128,7446360,767,6483976,13,591999,61,3422168,96,505430,183,3947513,8467,932647,9535,7177.71,19295214,14434969,0
2022-12-02,1316,7447676,973,6484949,14,592013,70,3422238,105,505535,195,3947708,10208,942855,11536,7909.14,19306750,14436122,0
2022-12-03,614,7448290,422,6485371,12,592025,42,3422280,42,505577,87,3947795,4948,947803,5473,7929.57,19312223,14436563,0
2022-12-04,418,7448708,283,6485654,4,592029,7,3422287,26,505603,40,3947835,3269,951072,3495,7950.14,19315718,14436756,0
2022-12-05,1162,7449870,769,6486423,15,592044,62,3422349,71,505674,149,3947984,8602,959674,9612,8192.86,19325330,14437633,0
2022-12-06,1168,7451038,766,6487189,13,592057,67,3422416,89,505763,174,3948158,8129,967803,9127,8358.43,19334457,14438475,0
2022-12-07,1211,7452249,752,6487941,12,592069,62,3422478,81,505844,163,3948321,8296,976099,9315,8299,19343772,14439351,0
2022-12-08,1103,7453352,740,6488681,14,592083,69,3422547,76,505920,165,3948486,8669,984768,9698,8322.29,19353470,14440235,0
2022-12-09,1238,7454590,971,6489652,13,592096,81,3422628,102,506022,209,3948695,10404,995172,11770,8355.71,19365240,14441418,0
2022-12-10,678,7455268,462,6490114,7,592103,36,3422664,74,506096,128,3948823,6144,1001316,6712,8532.71,19371952,14441876,0
2022-12-11,432,7455700,263,6490377,4,592107,11,3422675,35,506131,56,3948879,3683,1004999,3885,8588.43,19375837,14442032,0
2022-12-12,1336,7457036,804,6491181,19,592126,78,3422753,105,506236,209,3949088,9968,1014967,11015,8788.86,19386852,14442896,0
2022-12-13,1276,7458312,846,6492027,17,592143,54,3422807,102,506338,190,3949278,9695,1024662,10752,9021,19397604,14443797,0
2022-12-14,1195,7459507,830,6492857,12,592155,67,3422874,99,506437,193,3949471,9633,1034295,10613,9206.43,19408217,14444611,0
2022-12-15,1192,7460699,699,6493556,11,592166,62,3422936,109,506546,186,3949657,8444,1042739,9415,9166,19417632,14445411,0
2022-12-16,1202,7461901,807,6494363,12,592178,69,3423005,126,506672,217,3949874,9359,1052098,10534,8989.43,19428166,14446391,0
2022-12-17,654,7462555,461,6494824,8,592186,31,3423036,36,506708,80,3949954,5832,1057930,6306,8931.43,19434472,14446798,0
2022-12-18,441,7462996,230,6495054,2,592188,15,3423051,23,506731,48,3950002,3402,1061332,3608,8891.86,19438080,14446966,0
2022-12-19,1225,7464221,779,6495833,7,592195,55,3423106,84,506815,153,3950155,8907,1070239,9841,8724.14,19447921,14447761,0
2022-12-20,1210,7465431,763,6496596,18,592213,83,3423189,138,506953,277,3950432,8588,1078827,9720,8576.71,19457641,14448672,0
2022-12-21,1093,7466524,694,6497290,16,592229,54,3423243,95,507048,180,3950612,8282,1087109,9159,8369,19466800,14449400,0
2022-12-22,991,7467515,588,6497878,4,592233,44,3423287,73,507121,134,3950746,6937,1094046,7670,8119.71,19474470,14450016,0
2022-12-23,832,7468347,506,6498384,11,592244,41,3423328,58,507179,112,3950858,5915,1099961,6521,7546.43,19480991,14450523,0
2022-12-24,191,7468538,112,6498496,1,592245,2,3423330,15,507194,20,3950878,1378,1101339,1497,6859.43,19482488,14450625,0
2022-12-25,5,7468543,3,6498499,0,592245,0,3423330,0,507194,0,3950878,29,1101368,32,6348.57,19482520,14450628,0
2022-12-26,573,7469116,268,6498767,16,592261,19,3423349,22,507216,44,3950922,3305,1104673,3615,5459.14,19486135,14450897,0
2022-12-27,1090,7470206,605,6499372,13,592274,55,3423404,59,507275,123,3951045,7234,1111907,8034,5218.29,19494169,14451583,0
2022-12-28,1063,7471269,560,6499932,8,592282,58,3423462,63,507338,131,3951176,6988,1118895,7782,5021.57,19501951,14452256,0
2022-12-29,1016,7472285,585,6500517,9,592291,50,3423512,89,507427,162,3951338,6590,1125485,7420,4985.86,19509371,14452947,0
2022-12-30,950,7473235,539,6501056,9,592300,49,3423561,51,507478,110,3951448,6134,1131619,6860,5034.29,19516231,14453573,0
2022-12-31,306,7473541,167,6501223,4,592304,16,3423577,10,507488,29,3951477,1812,1133431,1988,5104.43,19518219,14453723,0
2023-01-01,19,7473560,9,6501232,0,592304,3,3423580,5,507493,8,3951485,59,1133490,86,5112.14,19518305,14453742,0
2023-01-02,654,7474214,328,6501560,10,592314,14,3423594,24,507517,44,3951529,3653,1137143,4000,5167.14,19522305,14454051,0
2023-01-03,966,7475180,592,6502152,9,592323,41,3423635,57,507574,110,3951639,5479,1142622,6264,4914.29,19528569,14454738,0
2023-01-04,1106,7476286,678,6502830,17,592340,52,3423687,63,507637,133,3951772,6180,1148802,7060,4811.14,19535629,14455503,0
2023-01-05,1010,7477296,588,6503418,23,592363,35,3423722,89,507726,143,3951915,5764,1154566,6694,4707.43,19542323,14456309,0
2023-01-06,1053,7478349,780,6504198,17,592380,50,3423772,81,507807,142,3952057,6504,1161070,7556,4806.86,19549879,14457230,0
2023-01-07,604,7478953,429,6504627,8,592388,23,3423795,34,507841,63,3952120,4454,1165524,4914,5224.86,19554793,14457633,0
2023-01-08,378,7479331,246,6504873,4,592392,12,3423807,29,507870,45,3952165,2560,1168084,2770,5608.29,19557563,14457802,0
2023-01-09,955,7480286,582,6505455,17,592409,52,3423859,41,507911,102,3952267,5607,1173691,6448,5958,19564011,14458550,0
2023-01-10,855,7481141,643,6506098,8,592417,49,3423908,85,507996,151,3952418,5332,1179023,6239,5954.43,19570250,14459323,0
2023-01-11,876,7482017,554,6506652,21,592438,46,3423954,68,508064,137,3952555,5163,1184186,5975,5799.43,19576225,14460021,0
2023-01-12,777,7482794,497,6507149,24,592462,54,3424008,120,508184,197,3952752,4534,1188720,5479,5625.86,19581704,14460792,0
2023-01-13,800,7483594,555,6507704,11,592473,69,3424077,59,508243,144,3952896,5372,1194092,6262,5441,19587966,14461554,0
2023-01-14,512,7484106,281,6507985,10,592483,27,3424104,31,508274,60,3952956,3227,1197319,3631,5257.71,19591597,14461900,0
2023-01-15,287,7484393,151,6508136,6,592489,15,3424119,22,508296,52,3953008,1793,1199112,1996,5147.14,19593593,14462066,0
2023-01-16,500,7484893,307,6508443,11,592500,31,3424150,27,508323,63,3953071,2772,1201884,3207,4684.14,19596800,14462443,0
2023-01-17,801,7485694,476,6508919,19,592519,49,3424199,74,508397,136,3953207,3833,1205717,4699,4464.14,19601499,14463186,0
2023-01-18,800,7486494,478,6509397,16,592535,48,3424247,61,508458,116,3953323,3729,1209446,4536,4258.57,19606035,14463884,0
2023-01-19,656,7487150,430,6509827,6,592541,50,3424297,34,508492,103,3953426,3163,1212609,3907,4034,19609942,14464544,0
2023-01-20,706,7487856,488,6510315,23,592564,40,3424337,39,508531,86,3953512,3745,1216354,4528,3786.29,19614470,14465248,0
2023-01-21,370,7488226,195,6510510,12,592576,20,3424357,12,508543,33,3953545,1893,1218247,2202,3582.14,19616672,14465525,0
2023-01-22,226,7488452,63,6510573,5,592581,0,3424357,2,508545,3,3953548,863,1219110,969,3435.43,19617641,14465629,0
2023-01-23,643,7489095,333,6510906,12,592593,14,3424371,45,508590,66,3953614,2707,1221817,3372,3459,19621013,14466235,0
2023-01-24,579,7489674,391,6511297,17,592610,37,3424408,33,508623,83,3953697,3056,1224873,3707,3317.29,19624720,14466816,0
2023-01-25,601,7490275,361,6511658,21,592631,33,3424441,41,508664,86,3953783,2706,1227579,3380,3152.14,19628100,14467416,0
2023-01-26,559,7490834,352,6512010,18,592649,35,3424476,51,508715,102,3953885,2694,1230273,3357,3073.57,19631457,14467993,0
2023-01-27,562,7491396,437,6512447,11,592660,35,3424511,47,508762,89,3953974,2819,1233092,3554,2934.43,19635011,14468646,0
2023-01-28,359,7491755,187,6512634,5,592665,24,3424535,39,508801,70,3954044,1588,1234680,1926,2895,19636937,14468921,0
2023-01-29,237,7491992,118,6512752,3,592668,12,3424547,10,508811,26,3954070,992,1235672,1145,2920.14,19638082,14469052,0
2023-01-30,601,7492593,399,6513151,18,592686,40,3424587,37,508848,80,3954150,2505,1238177,3228,2899.57,19641310,14469698,0
2023-01-31,509,7493102,355,6513506,12,592698,29,3424616,48,508896,89,3954239,2439,1240616,3065,2807.86,19644375,14470247,0
2023-02-01,479,7493581,337,6513843,16,592714,40,3424656,44,508940,92,3954331,2320,1242936,2958,2747.57,19647333,14470801,0
2023-02-02,462,7494043,349,6514192,13,592727,34,3424690,35,508975,77,3954408,2155,1245091,2776,2664.57,19650109,14471353,0
2023-02-03,545,7494588,392,6514584,13,592740,26,3424716,35,509010,68,3954476,2360,1247451,3062,2594.29,19653171,14471994,0
2023-02-04,243,7494831,158,6514742,11,592751,14,3424730,16,509026,31,3954507,1142,1248593,1404,2519.71,19654575,14472226,0
2023-02-05,201,7495032,96,6514838,0,592751,2,3424732,15,509041,19,3954526,854,1249447,972,2495,19655547,14472327,0
2023-02-06,598,7495630,312,6515150,9,592760,28,3424760,27,509068,64,3954590,2253,1251700,2829,2438,19658376,14472848,0
2023-02-07,477,7496107,365,6515515,5,592765,28,3424788,35,509103,71,3954661,2333,1254033,2933,2419.14,19661309,14473385,0
2023-02-08,453,7496560,320,6515835,4,592769,27,3424815,37,509140,70,3954731,2315,1256348,2878,2407.71,19664187,14473884,0
2023-02-09,479,7497039,348,6516183,3,592772,38,3424853,46,509186,98,3954829,2055,1258403,2709,2398.14,19666896,14474454,0
2023-02-10,496,7497535,390,6516573,2,592774,30,3424883,34,509220,88,3954917,2271,1260674,2960,2383.57,19669856,14475079,0
2023-02-11,294,7497829,197,6516770,7,592781,22,3424905,25,509245,48,3954965,1344,1262018,1662,2420.43,19671518,14475350,0
2023-02-12,182,7498011,81,6516851,0,592781,6,3424911,0,509245,10,3954975,706,1262724,818,2398.43,19672336,14475456,0
2023-02-13,443,7498454,292,6517143,4,592785,21,3424932,26,509271,51,3955026,1758,1264482,2318,2325.43,19674654,14475969,0
2023-02-14,397,7498851,272,6517415,6,592791,29,3424961,22,509293,56,3955082,1689,1266171,2219,2223.43,19676873,14476448,0
2023-02-15,406,7499257,290,6517705,10,592801,24,3424985,28,509321,64,3955146,1745,1267916,2263,2135.57,19679136,14476914,0
2023-02-16,360,7499617,244,6517949,5,592806,27,3425012,19,509340,51,3955197,1630,1269546,2106,2049.43,19681242,14477344,0
2023-02-17,396,7500013,312,6518261,5,592811,24,3425036,32,509372,63,3955260,1691,1271237,2261,1949.57,19683503,14477858,0
2023-02-18,199,7500212,116,6518377,5,592816,13,3425049,4,509376,18,3955278,1003,1272240,1188,1881.86,19684691,14478026,0
2023-02-19,120,7500332,55,6518432,2,592818,6,3425055,6,509382,14,3955292,541,1272781,611,1852.29,19685302,14478084,0
2023-02-20,313,7500645,160,6518592,3,592821,9,3425064,17,509399,27,3955319,1159,1273940,1422,1724.29,19686724,14478321,0
2023-02-21,379,7501024,286,6518878,5,592826,25,3425089,34,509433,64,3955383,1534,1275474,2070,1703,19688794,14478798,0
2023-02-22,393,7501417,275,6519153,8,592834,39,3425128,26,509459,69,3955452,1637,1277111,2162,1688.57,19690956,14479258,0
2023-02-23,387,7501804,251,6519404,10,592844,26,3425154,30,509489,70,3955522,1476,1278587,2018,1676,19692974,14479744,0
2023-02-24,367,7502171,325,6519729,4,592848,30,3425184,25,509514,62,3955584,1735,1280322,2296,1681,19695270,14480250,0
2023-02-25,163,7502334,123,6519852,2,592850,9,3425193,13,509527,24,3955608,778,1281100,973,1650.29,19696243,14480423,0
2023-02-26,92,7502426,48,6519900,0,592850,8,3425201,5,509532,17,3955625,468,1281568,535,1639.43,19696778,14480477,0
2023-02-27,376,7502802,296,6520196,4,592854,30,3425231,20,509552,53,3955678,1489,1283057,2003,1722.43,19698781,14480941,0
2023-02-28,356,7503158,239,6520435,8,592862,30,3425261,27,509579,62,3955740,1329,1284386,1811,1685.43,19700592,14481366,0
2023-03-01,387,7503545,283,6520718,7,592869,25,3425286,21,509600,52,3955792,1443,1285829,1973,1658.43,19702565,14481850,0
2023-03-02,370,7503915,294,6521012,9,592878,20,3425306,23,509623,50,3955842,1327,1287156,1868,1637,19704433,14482348,0
2023-03-03,404,7504319,318,6521330,10,592888,26,3425332,25,509648,58,3955900,1599,1288755,2193,1622.29,19706626,14482891,0
2023-03-04,199,7504518,122,6521452,4,592892,10,3425342,16,509664,28,3955928,793,1289548,1026,1629.86,19707652,14483098,0
2023-03-05,124,7504642,60,6521512,2,592894,4,3425346,6,509670,14,3955942,464,1290012,557,1633,19708209,14483181,0
2023-03-06,402,7505044,264,6521776,12,592906,22,3425368,16,509686,41,3955983,1383,1291395,1886,1616.29,19710095,14483646,0
2023-03-07,361,7505405,244,6522020,5,592911,22,3425390,30,509716,61,3956044,1302,1292697,1767,1610,19711862,14484059,0
2023-03-08,370,7505775,246,6522266,3,592914,34,3425424,30,509746,68,3956112,1335,1294032,1832,1589.86,19713694,14484492,0
2023-03-09,360,7506135,243,6522509,4,592918,16,3425440,24,509770,46,3956158,1258,1295290,1742,1571.86,19715436,14484936,0
2023-03-10,300,7506435,282,6522791,3,592921,9,3425449,19,509789,36,3956194,1394,1296684,1846,1522.29,19717282,14485360,0
2023-03-11,187,7506622,87,6522878,3,592924,18,3425467,3,509792,22,3956216,685,1297369,867,1499.57,19718149,14485521,0
2023-03-12,109,7506731,47,6522925,1,592925,4,3425471,7,509799,17,3956233,435,1297804,517,1493.86,19718666,14485592,0
2023-03-13,332,7507063,200,6523125,7,592932,11,3425482,13,509812,25,3956258,1126,1298930,1519,1441.43,19720185,14485961,0
2023-03-14,284,7507347,180,6523305,5,592937,15,3425497,11,509823,32,3956290,1058,1299988,1410,1390.43,19721595,14486287,0
2023-03-15,329,7507676,269,6523574,3,592940,9,3425506,13,509836,23,3956313,1226,1301214,1675,1368,19723270,14486714,0
2023-03-16,300,7507976,233,6523807,9,592949,14,3425520,15,509851,35,3956348,1127,1302341,1543,1339.57,19724813,14487101,0
2023-03-17,326,7508302,262,6524069,5,592954,20,3425540,8,509859,29,3956377,1265,1303606,1695,1318,19726508,14487503,0
2023-03-18,159,7508461,100,6524169,2,592956,9,3425549,5,509864,15,3956392,667,1304273,833,1313.14,19727341,14487655,0
2023-03-19,114,7508575,56,6524225,1,592957,3,3425552,3,509867,9,3956401,365,1304638,450,1303.57,19727791,14487734,0
2023-03-20,340,7508915,211,6524436,7,592964,29,3425581,15,509882,45,3956446,1212,1305850,1607,1316.14,19729398,14488085,0
2023-03-21,340,7509255,190,6524626,7,592971,22,3425603,17,509899,41,3956487,1121,1306971,1526,1332.71,19730924,14488451,0
2023-03-22,315,7509570,225,6524851,6,592977,12,3425615,11,509910,25,3956512,1125,1308096,1522,1310.86,19732446,14488825,0
2023-03-23,264,7509834,203,6525054,1,592978,20,3425635,12,509922,35,3956547,995,1309091,1386,1288.43,19733832,14489184,0
2023-03-24,312,7510146,255,6525309,8,592986,19,3425654,18,509940,40,3956587,1120,1310211,1582,1272.29,19735414,14489609,0
2023-03-25,129,7510275,117,6525426,1,592987,9,3425663,9,509949,18,3956605,587,1310798,735,1258.29,19736149,14489739,0
2023-03-26,80,7510355,41,6525467,2,592989,4,3425667,4,509953,9,3956614,350,1311148,409,1252.43,19736558,14489790,0
2023-03-27,283,7510638,232,6525699,3,592992,14,3425681,11,509964,26,3956640,998,1312146,1394,1222,19737952,14490161,0
2023-03-28,279,7510917,180,6525879,10,593002,20,3425701,9,509973,32,3956672,1001,1313147,1353,1197.29,19739305,14490484,0
2023-03-29,296,7511213,187,6526066,5,593007,13,3425714,9,509982,22,3956694,1053,1314200,1412,1181.57,19740717,14490821,0
2023-03-30,257,7511470,182,6526248,2,593009,17,3425731,10,509992,31,3956725,957,1315157,1304,1169.86,19742021,14491141,0
2023-03-31,290,7511760,258,6526506,7,593016,22,3425753,20,510012,43,3956768,1014,1316171,1470,1153.86,19743491,14491555,0
2023-04-01,119,7511879,67,6526573,3,593019,9,3425762,5,510017,16,3956784,521,1316692,648,1141.43,19744139,14491668,0
2023-04-02,92,7511971,35,6526608,0,593019,6,3425768,3,510020,10,3956794,270,1316962,337,1131.14,19744476,14491726,0
2023-04-03,274,7512245,153,6526761,8,593027,19,3425787,16,510036,41,3956835,883,1317845,1200,1103.43,19745676,14492008,0
2023-04-04,282,7512527,184,6526945,3,593030,13,3425800,10,510046,26,3956861,861,1318706,1204,1082.14,19746880,14492328,0
2023-04-05,268,7512795,151,6527096,8,593038,17,3425817,7,510053,26,3956887,976,1319682,1266,1061.29,19748146,14492594,0
2023-04-06,339,7513134,157,6527253,6,593044,17,3425834,5,510058,22,3956909,946,1320628,1275,1057.14,19749421,14492901,0
2023-04-07,245,7513379,148,6527401,4,593048,12,3425846,7,510065,19,3956928,745,1321373,1039,995.57,19750460,14493176,0
2023-04-08,172,7513551,104,6527505,1,593049,5,3425851,10,510075,16,3956944,552,1321925,689,1001.43,19751149,14493298,0
2023-04-09,68,7513619,23,6527528,0,593049,0,3425851,4,510079,4,3956948,203,1322128,245,988.29,19751394,14493336,0
2023-04-10,284,7513903,180,6527708,5,593054,19,3425870,9,510088,28,3956976,883,1323011,1208,989.43,19752602,14493633,0
2023-04-11,272,7514175,148,6527856,5,593059,14,3425884,9,510097,26,3957002,905,1323916,1204,989.43,19753806,14493909,0
2023-04-12,271,7514446,164,6528020,3,593062,15,3425899,8,510105,25,3957027,808,1324724,1142,971.71,19754948,14494220,0
2023-04-13,255,7514701,134,6528154,8,593070,12,3425911,7,510112,20,3957047,832,1325556,1138,952.14,19756086,14494507,0
2023-04-14,238,7514939,197,6528351,2,593072,6,3425917,10,510122,18,3957065,839,1326395,1162,969.71,19757248,14494814,0
2023-04-15,119,7515058,92,6528443,5,593077,3,3425920,7,510129,11,3957076,402,1326797,545,949.14,19757793,14494947,0
2023-04-16,75,7515133,31,6528474,0,593077,0,3425920,1,510130,1,3957077,263,1327060,304,957.57,19758097,14494987,0
2023-04-17,231,7515364,136,6528610,2,593079,7,3425927,3,510133,10,3957087,705,1327765,985,925.71,19759082,14495257,0
2023-04-18,208,7515572,128,6528738,3,593082,9,3425936,10,510143,20,3957107,727,1328492,951,889.57,19760033,14495462,0
2023-04-19,194,7515766,110,6528848,2,593084,6,3425942,9,510152,15,3957122,806,1329298,951,862.29,19760984,14495592,0
2023-04-20,221,7515987,143,6528991,1,593085,14,3425956,20,510172,36,3957158,899,1330197,1060,851.14,19762044,14495719,0
2023-04-21,230,7516217,145,6529136,5,593090,13,3425969,11,510183,28,3957186,1079,1331276,1204,857.14,19763248,14495820,0
2023-04-22,106,7516323,66,6529202,2,593092,9,3425978,4,510187,14,3957200,468,1331744,535,855.71,19763783,14495874,0
2023-04-23,73,7516396,47,6529249,1,593093,2,3425980,2,510189,5,3957205,281,1332025,310,856.57,19764093,14495899,0
2023-04-24,229,7516625,158,6529407,1,593094,12,3425992,7,510196,23,3957228,997,1333022,1106,873.86,19765199,14495989,0
2023-04-25,239,7516864,144,6529551,5,593099,14,3426006,14,510210,32,3957260,1039,1334061,1147,901.86,19766346,14496069,0
2023-04-26,216,7517080,131,6529682,4,593103,7,3426013,7,510217,16,3957276,934,1334995,1003,909.29,19767349,14496124,0
2023-04-27,258,7517338,166,6529848,1,593104,13,3426026,21,510238,38,3957314,1012,1336007,1108,916.14,19768457,14496186,0
2023-04-28,245,7517583,185,6530033,2,593106,13,3426039,16,510254,35,3957349,1108,1337115,1198,915.29,19769655,14496247,120000
2023-04-29,137,7517720,66,6530099,0,593106,5,3426044,6,510260,11,3957360,510,1337625,560,918.86,19770215,14496286,120000
2023-04-30,96,7517816,29,6530128,1,593107,6,3426050,3,510263,10,3957370,305,1337930,325,921,19770540,14496297,120000
2023-05-01,297,7518113,155,6530283,2,593109,7,3426057,9,510272,18,3957388,1059,1338989,1139,925.71,19771679,14496361,120000
2023-05-02,224,7518337,144,6530427,2,593111,12,3426069,6,510278,20,3957408,963,1339952,1015,906.86,19772694,14496395,120000
2023-05-03,232,7518569,144,6530571,0,593111,12,3426081,11,510289,24,3957432,910,1340862,983,904,19773677,14496445,120000
2023-05-04,53,7518622,65,6530636,0,593111,7,3426088,5,510294,15,3957447,338,1341200,369,798.43,19774046,14496464,120000
