"DATE","ADMIN_DOSE1_DAILY","ADMIN_DOSE1_CUMULATIVE","ADMIN_DOSE2_DAILY","ADMIN_DOSE2_CUMULATIVE","ADMIN_SINGLE_DAILY","ADMIN_SINGLE_CUMULATIVE","ADMIN_ADDITIONAL1_DAILY","ADMIN_ADDITIONAL1_CUMULATIVE","ADMIN_ADDITIONAL2_DAILY","ADMIN_ADDITIONAL2_CUMULATIVE","ADMIN_ADDITIONAL_DAILY","ADMIN_ADDITIONAL_CUMULATIVE","ADMIN_ALLDOSES_DAILY","ADMIN_ALLDOSES_7DAYAVG","ADMIN_ALLDOSES_CUMULATIVE","ADMIN_ALLDOSES_PRIMARY","INCOMPLETE"
"2020-12-14",79,79,0,0,0,0,0,0,0,0,0,0,79,,79,79,0
"2020-12-15",2051,2130,6,6,5,5,0,0,0,0,0,0,2062,,2141,2141,0
"2020-12-16",4606,6736,15,21,3,8,1,1,0,0,1,1,4625,,6766,6765,0
"2020-12-17",4658,11394,18,39,2,10,1,2,0,0,1,2,4679,,11445,11443,0
"2020-12-18",5832,17226,18,57,2,12,2,4,0,0,2,4,5854,,17299,17295,0
"2020-12-19",1689,18915,7,64,3,15,0,4,0,0,0,4,1699,,18998,18994,0
"2020-12-20",1116,20031,2,66,1,16,0,4,0,0,0,4,1119,2873.86,20117,20113,0
"2020-12-21",6343,26374,20,86,0,16,5,9,0,0,5,9,6368,3772.29,26485,26476,0
"2020-12-22",9795,36169,27,113,2,18,1,10,0,0,1,10,9825,4881.29,36310,36300,0
"2020-12-23",14274,50443,35,148,3,21,0,10,0,0,0,10,14312,6265.14,50622,50612,0
"2020-12-24",7195,57638,26,174,1,22,0,10,0,0,0,10,7222,6628.43,57844,57834,0
"2020-12-25",180,57818,0,174,0,22,1,11,0,0,1,11,181,5818,58025,58014,0
"2020-12-26",4388,62206,45,219,0,22,1,12,0,0,1,12,4434,6208.71,62459,62447,0
"2020-12-27",3870,66076,14,233,0,22,1,13,0,0,1,13,3885,6603.86,66344,66331,0
"2020-12-28",10993,77069,49,282,1,23,3,16,0,0,3,16,11046,7272.14,77390,77374,0
"2020-12-29",10717,87786,35,317,2,25,2,18,0,0,2,18,10756,7405.14,88146,88128,0
"2020-12-30",12821,100607,46,363,0,25,0,18,0,0,0,18,12867,7198.71,101013,100995,0
"2020-12-31",7261,107868,35,398,1,26,0,18,0,0,0,18,7297,7209.43,108310,108292,0
"2021-01-01",181,108049,2,400,1,27,3,21,0,0,3,21,187,7210.29,108497,108476,0
"2021-01-02",3809,111858,10,410,3,30,2,23,0,0,2,23,3824,7123.14,112321,112298,0
"2021-01-03",3542,115400,24,434,2,32,1,24,0,0,1,24,3569,7078,115890,115866,0
"2021-01-04",12256,127656,806,1240,2,34,7,31,0,0,7,31,13071,7367.29,128961,128930,0
"2021-01-05",14091,141747,2191,3431,2,36,13,44,1,1,14,45,16298,8159,145259,145214,0
"2021-01-06",17800,159547,3925,7356,1,37,30,74,8,9,38,83,21764,9430,167023,166940,0
"2021-01-07",16549,176096,5172,12528,4,41,45,119,3,12,48,131,21773,11498,188796,188665,0
"2021-01-08",16616,192712,5457,17985,0,41,34,153,4,16,38,169,22111,14630,210907,210738,0
"2021-01-09",7651,200363,1462,19447,1,42,7,160,2,18,9,178,9123,15387,220030,219852,0
"2021-01-10",7882,208245,983,20430,0,42,10,170,0,18,10,188,8875,16145,228905,228717,0
"2021-01-11",25822,234067,7456,27886,2,44,49,219,8,26,57,245,33337,19040.14,262242,261997,0
"2021-01-12",28254,262321,7859,35745,1,45,44,263,4,30,48,293,36162,21877.86,298404,298111,0
"2021-01-13",31720,294041,9395,45140,1,46,57,320,4,34,61,354,41177,24651.14,339581,339227,0
"2021-01-14",35814,329855,5314,50454,1,47,30,350,7,41,37,391,41166,27421.57,380747,380356,0
"2021-01-15",29265,359120,3706,54160,2,49,31,381,5,46,36,427,33009,28978.43,413756,413329,0
"2021-01-16",30287,389407,2380,56540,0,49,24,405,6,52,30,457,32697,32346.14,446453,445996,0
"2021-01-17",23745,413152,1632,58172,0,49,19,424,1,53,20,477,25397,34706.43,471850,471373,0
"2021-01-18",27095,440247,2420,60592,0,49,36,460,7,60,43,520,29559,34166.71,501409,500889,0
"2021-01-19",34293,474540,9633,70225,1,50,69,529,6,66,75,595,44002,35286.71,545411,544816,0
"2021-01-20",34866,509406,9496,79721,1,51,57,586,4,70,61,656,44424,35750.57,589835,589179,0
"2021-01-21",25590,534996,8094,87815,2,53,49,635,5,75,54,710,33740,34689.71,623575,622865,0
"2021-01-22",24754,559750,4383,92198,1,54,32,667,7,82,39,749,29177,34142.29,652752,652003,0
"2021-01-23",15741,575491,3226,95424,0,54,10,677,2,84,12,761,18979,32182.57,671731,670970,0
"2021-01-24",7176,582667,3455,98879,0,54,20,697,1,85,21,782,10652,30076.14,682383,681601,0
"2021-01-25",13406,596073,11824,110703,0,54,66,763,12,97,78,860,25308,29468.86,707691,706831,0
"2021-01-26",16760,612833,10755,121458,0,54,68,831,3,100,71,931,27586,27123.71,735277,734346,0
"2021-01-27",20834,633667,12356,133814,0,54,54,885,8,108,62,993,33252,25527.71,768529,767536,0
"2021-01-28",30763,664430,12846,146660,0,54,82,967,16,124,98,1091,43710,26952,812239,811148,0
"2021-01-29",31688,696118,11507,158167,0,54,83,1050,10,134,93,1184,43288,28967.86,855527,854343,0
"2021-01-30",18709,714827,3741,161908,0,54,21,1071,2,136,23,1207,22473,29467,878000,876793,0
"2021-01-31",13017,727844,2923,164831,1,55,29,1100,4,140,33,1240,15974,30227.29,893974,892734,0
"2021-02-01",1179,729023,5369,170200,4,59,36,1136,4,144,40,1280,6592,27553.57,900566,899286,0
"2021-02-02",2825,731848,9478,179678,2,61,47,1183,4,148,51,1331,12356,25377.86,912922,911591,0
"2021-02-03",16347,748195,21246,200924,4,65,204,1387,20,168,224,1555,37821,26030.57,950743,949188,0
"2021-02-04",27041,775236,19650,220574,3,68,204,1591,10,178,214,1769,46908,26487.43,997651,995882,0
"2021-02-05",27588,802824,20036,240610,0,68,184,1775,15,193,199,1968,47823,27135.29,1045474,1043506,0
"2021-02-06",22986,825810,11249,251859,0,68,112,1887,12,205,124,2092,34359,28833.29,1079833,1077741,0
"2021-02-07",12034,837844,8288,260147,1,69,92,1979,14,219,106,2198,20429,29469.71,1100262,1098064,0
"2021-02-08",16952,854796,23517,283664,2,71,239,2218,34,253,273,2471,40744,34348.57,1141006,1138535,0
"2021-02-09",17190,871986,28107,311771,2,73,338,2556,42,295,380,2851,45679,39109,1186685,1183834,0
"2021-02-10",19592,891578,29308,341079,2,75,261,2817,49,344,310,3161,49213,40736.43,1235898,1232737,0
"2021-02-11",27845,919423,33475,374554,2,77,337,3154,57,401,394,3555,61718,42852.14,1297616,1294061,0
"2021-02-12",38383,957806,30804,405358,3,80,355,3509,39,440,394,3949,69584,45960.86,1367200,1363251,0
"2021-02-13",28002,985808,25315,430673,2,82,306,3815,54,494,360,4309,53680,48721,1420880,1416571,0
"2021-02-14",16277,1002085,23729,454402,0,82,266,4081,32,526,298,4607,40304,51560.29,1461184,1456577,0
"2021-02-15",12795,1014880,10524,464926,2,84,176,4257,23,549,199,4806,23520,49099.71,1484704,1479898,0
"2021-02-16",14242,1029122,26724,491650,0,84,326,4583,37,586,363,5169,41329,48478.29,1526033,1520864,0
"2021-02-17",16390,1045512,22197,513847,1,85,282,4865,38,624,320,5489,38908,47006.14,1564941,1559452,0
"2021-02-18",12145,1057657,24996,538843,21,106,292,5157,42,666,334,5823,37496,43545.86,1602437,1596614,0
"2021-02-19",13261,1070918,23935,562778,39,145,303,5460,47,713,350,6173,37585,38974.57,1640022,1633849,0
"2021-02-20",11353,1082271,26071,588849,6,151,329,5789,78,791,407,6580,37838,36711.43,1677860,1671280,0
"2021-02-21",6361,1088632,17414,606263,15,166,290,6079,46,837,336,6916,24126,34400.29,1701986,1695070,0
"2021-02-22",13044,1101676,11844,618107,2,168,128,6207,19,856,147,7063,25037,34617,1727023,1719960,0
"2021-02-23",25248,1126924,14141,632248,1,169,159,6366,36,892,195,7258,39586,34368,1766609,1759351,0
"2021-02-24",36356,1163280,20390,652638,0,169,229,6595,42,934,271,7529,57017,36955,1823626,1816097,0
"2021-02-25",54612,1217892,30397,683035,6,175,400,6995,63,997,463,7992,85478,43809.57,1909104,1901112,0
"2021-02-26",62857,1280749,31872,714907,4,179,418,7413,79,1076,497,8489,95230,52044.57,2004334,1995845,0
"2021-02-27",51289,1332038,22754,737661,47,226,336,7749,53,1129,389,8878,74479,57279,2078813,2069935,0
"2021-02-28",44585,1376623,13831,751492,7,233,206,7955,34,1163,240,9118,58663,62212.86,2137476,2128358,0
"2021-03-01",39317,1415940,12779,764271,10,243,168,8123,25,1188,193,9311,52299,66107.43,2189775,2180464,0
"2021-03-02",47083,1463023,12578,776849,7,250,160,8283,14,1202,174,9485,59842,69001.14,2249617,2240132,0
"2021-03-03",48605,1511628,16153,793002,17,267,149,8432,22,1224,171,9656,64946,70133.86,2314563,2304907,0
"2021-03-04",59820,1571448,22820,815822,1092,1359,273,8705,35,1259,308,9964,84040,69928.43,2398603,2388639,0
"2021-03-05",60982,1632430,24284,840106,3108,4467,336,9041,35,1294,371,10335,88745,69002,2487348,2477013,0
"2021-03-06",47177,1679607,18880,858986,5451,9918,243,9284,37,1331,280,10615,71788,68617.57,2559136,2548521,0
"2021-03-07",36039,1715646,14882,873868,6245,16163,233,9517,20,1351,253,10868,57419,68439.86,2616555,2605687,0
"2021-03-08",39627,1755273,14682,888550,8561,24724,314,9831,92,1443,406,11274,63276,70008,2679831,2668557,0
"2021-03-09",39105,1794378,12850,901400,7760,32484,187,10018,34,1477,221,11495,59936,70021.43,2739767,2728272,0
"2021-03-10",51827,1846205,15359,916759,5066,37550,228,10246,32,1509,260,11755,72512,71102.29,2812279,2800524,0
"2021-03-11",59988,1906193,21821,938580,4619,42169,248,10494,48,1557,296,12051,86724,71485.71,2899003,2886952,0
"2021-03-12",52200,1958393,30305,968885,4183,46352,383,10877,85,1642,468,12519,87156,71258.71,2986159,2973640,0
"2021-03-13",40648,1999041,26686,995571,5110,51462,329,11206,52,1694,381,12900,72825,71406.86,3058984,3046084,0
"2021-03-14",30716,2029757,15966,1011537,4526,55988,245,11451,28,1722,273,13173,51482,70558.71,3110466,3097293,0
"2021-03-15",33591,2063348,17259,1028796,4709,60697,238,11689,33,1755,271,13444,55830,69495,3166296,3152852,0
"2021-03-16",38670,2102018,20516,1049312,4926,65623,257,11946,36,1791,293,13737,64405,70133.43,3230701,3216964,0
"2021-03-17",42613,2144631,24792,1074104,4244,69867,347,12293,39,1830,386,14123,72035,70065.29,3302736,3288613,0
"2021-03-18",50441,2195072,26812,1100916,5235,75102,372,12665,61,1891,433,14556,82921,69522,3385657,3371101,0
"2021-03-19",47789,2242861,29966,1130882,5624,80726,392,13057,70,1961,462,15018,83841,69048.43,3469498,3454480,0
"2021-03-20",38711,2281572,25834,1156716,4684,85410,301,13358,60,2021,361,15379,69590,68586.29,3539088,3523709,0
"2021-03-21",29299,2310871,19359,1176075,769,86179,224,13582,44,2065,268,15647,49695,68331,3588783,3573136,0
"2021-03-22",33866,2344737,26741,1202816,4037,90216,262,13844,38,2103,300,15947,64945,69633.14,3653728,3637781,0
"2021-03-23",38432,2383169,32841,1235657,4216,94432,301,14145,56,2159,357,16304,75846,71267.57,3729574,3713270,0
"2021-03-24",41497,2424666,37607,1273264,4848,99280,330,14475,63,2222,393,16697,84345,73026.14,3813919,3797222,0
"2021-03-25",43402,2468068,50802,1324066,5054,104334,480,14955,86,2308,566,17263,99824,75440.86,3913743,3896480,0
"2021-03-26",38503,2506571,55513,1379579,4309,108643,531,15486,99,2407,630,17893,98955,77600,4012698,3994805,0
"2021-03-27",35736,2542307,45754,1425333,2939,111582,421,15907,82,2489,503,18396,84932,79791.71,4097630,4079234,0
"2021-03-28",26387,2568694,34458,1459791,1482,113064,339,16246,65,2554,404,18800,62731,81654,4160361,4141561,0
"2021-03-29",34814,2603508,38869,1498660,3246,116310,348,16594,110,2664,458,19258,77387,83431.43,4237748,4218490,0
"2021-03-30",40508,2644016,41928,1540588,3713,120023,343,16937,64,2728,407,19665,86556,84961.43,4324304,4304639,0
"2021-03-31",49392,2693408,44879,1585467,7441,127464,404,17341,87,2815,491,20156,102203,87512.57,4426507,4406351,0
"2021-04-01",50775,2744183,53955,1639422,11276,138740,502,17843,85,2900,587,20743,116593,89908.14,4543100,4522357,0
"2021-04-02",43756,2787939,53886,1693308,11970,150710,554,18397,70,2970,624,21367,110236,91519.71,4653336,4631969,0
"2021-04-03",39246,2827185,39222,1732530,9859,160569,336,18733,58,3028,394,21761,88721,92061,4742057,4720296,0
"2021-04-04",26555,2853740,24789,1757319,3903,164472,226,18959,49,3077,275,22036,55522,91031.14,4797579,4775543,0
"2021-04-05",41883,2895623,34486,1791805,11198,175670,376,19335,60,3137,436,22472,88003,92547.71,4885582,4863110,0
"2021-04-06",53264,2948887,35615,1827420,13218,188888,434,19769,77,3214,511,22983,102608,94840.86,4988190,4965207,0
"2021-04-07",55504,3004391,40696,1868116,14387,203275,410,20179,82,3296,492,23475,111079,96108.86,5099269,5075794,0
"2021-04-08",59258,3063649,46599,1914715,16341,219616,522,20701,85,3381,607,24082,122805,96996.29,5222074,5197992,0
"2021-04-09",56646,3120295,44963,1959678,17559,237175,518,21219,77,3458,595,24677,119763,98357.29,5341837,5317160,0
"2021-04-10",49344,3169639,35647,1995325,12723,249898,393,21612,61,3519,454,25131,98168,99706.86,5440005,5414874,0
"2021-04-11",38181,3207820,28819,2024144,7682,257580,295,21907,58,3577,353,25484,75035,102494.43,5515040,5489556,0
"2021-04-12",46633,3254453,31843,2055987,13500,271080,468,22375,66,3643,534,26018,92510,103138.29,5607550,5581532,0
"2021-04-13",52545,3306998,33791,2089778,368,271448,397,22772,63,3706,460,26478,87164,100932,5694714,5668236,0
"2021-04-14",50144,3357142,39960,2129738,20,271468,369,23141,72,3778,441,26919,90565,98001.43,5785279,5758360,0
"2021-04-15",52118,3409260,43686,2173424,16,271484,454,23595,108,3886,562,27481,96383,94226.86,5881662,5854181,0
"2021-04-16",51189,3460449,42213,2215637,32,271516,432,24027,70,3956,502,27983,93936,90537.29,5975598,5947615,0
"2021-04-17",43835,3504284,35696,2251333,3,271519,365,24392,85,4041,450,28433,79984,87939.57,6055582,6027149,0
"2021-04-18",28605,3532889,29369,2280702,7,271526,253,24645,65,4106,318,28751,58299,85548.71,6113881,6085130,0
"2021-04-19",37461,3570350,36454,2317156,22,271548,327,24972,65,4171,392,29143,74329,82951.43,6188210,6159067,0
"2021-04-20",40811,3611161,39629,2356785,19,271567,316,25288,80,4251,396,29539,80855,82050.14,6269065,6239526,0
"2021-04-21",38892,3650053,46018,2402803,16,271583,502,25790,97,4348,599,30138,85525,81330.14,6354590,6324452,0
"2021-04-22",38489,3688542,48964,2451767,9,271592,341,26131,74,4422,415,30553,87878,80115.14,6442468,6411915,0
"2021-04-23",39694,3728236,44383,2496150,3,271595,351,26482,75,4497,426,30979,84506,78768,6526974,6495995,0
"2021-04-24",31943,3760179,41607,2537757,44,271639,277,26759,62,4559,339,31318,73933,77903.57,6600907,6569589,0
"2021-04-25",18421,3778600,31227,2568984,87,271726,198,26957,57,4616,255,31573,49990,76716.57,6650897,6619324,0
"2021-04-26",26968,3805568,40735,2609719,1013,272739,289,27246,88,4704,377,31950,69093,75968.57,6719990,6688040,0
"2021-04-27",28573,3834141,47140,2656859,1699,274438,355,27601,93,4797,448,32398,77860,75540.71,6797850,6765452,0
"2021-04-28",27028,3861169,56843,2713702,2146,276584,435,28036,101,4898,536,32934,86553,75687.57,6884403,6851469,0
"2021-04-29",28611,3889780,57196,2770898,2148,278732,371,28407,99,4997,470,33404,88425,75765.71,6972828,6939424,0
"2021-04-30",30117,3919897,51989,2822887,2058,280790,284,28691,74,5071,358,33762,84523,75768.14,7057351,7023589,0
"2021-05-01",22478,3942375,44542,2867429,1177,281967,233,28924,64,5135,297,34059,68494,74991.14,7125845,7091786,0
"2021-05-02",11921,3954296,36655,2904084,1081,283048,142,29066,54,5189,196,34255,49853,74971.57,7175698,7141443,0
"2021-05-03",18021,3972317,53032,2957116,2383,285431,254,29320,92,5281,346,34601,73783,75641.57,7249481,7214880,0
"2021-05-04",22734,3995051,56653,3013769,2331,287762,270,29590,115,5396,385,34986,82103,76247.71,7331584,7296598,0
"2021-05-05",21479,4016530,48764,3062533,2313,290075,313,29903,100,5496,413,35399,72969,74307.14,7404553,7369154,0
"2021-05-06",20677,4037207,50175,3112708,2508,292583,277,30180,89,5585,366,35765,73726,72207.29,7478279,7442514,0
"2021-05-07",21251,4058458,52096,3164804,2812,295395,312,30492,77,5662,389,36154,76548,71068,7554827,7518673,0
"2021-05-08",16628,4075086,41867,3206671,1835,297230,233,30725,69,5731,302,36456,60632,69944.86,7615459,7579003,0
"2021-05-09",7972,4083058,29412,3236083,1260,298490,151,30876,56,5787,207,36663,38851,68373.14,7654310,7617647,0
"2021-05-10",14382,4097440,38534,3274617,2355,300845,238,31114,91,5878,329,36992,55600,65775.57,7709910,7672918,0
"2021-05-11",19909,4117349,43062,3317679,2514,303359,284,31398,85,5963,369,37361,65854,63454.29,7775764,7738403,0
"2021-05-12",17821,4135170,40546,3358225,3595,306954,232,31630,79,6042,311,37672,62273,61926.29,7838037,7800365,0
"2021-05-13",24969,4160139,40433,3398658,3230,310184,262,31892,77,6119,339,38011,68971,61247,7907008,7868997,0
"2021-05-14",27031,4187170,42923,3441581,3537,313721,267,32159,96,6215,363,38374,73854,60862.14,7980862,7942488,0
"2021-05-15",23650,4210820,34918,3476499,3365,317086,253,32412,76,6291,329,38703,62262,61095,8043124,8004421,0
"2021-05-16",15520,4226340,19454,3495953,2496,319582,123,32535,45,6336,168,38871,37638,60921.71,8080762,8041891,0
"2021-05-17",22671,4249011,29146,3525099,3254,322836,182,32717,67,6403,249,39120,55320,60881.71,8136082,8096962,0
"2021-05-18",24635,4273646,31910,3557009,3405,326241,240,32957,73,6476,313,39433,60263,60083,8196345,8156912,0
"2021-05-19",24187,4297833,29724,3586733,3040,329281,227,33184,48,6524,275,39708,57226,59362,8253571,8213863,0
"2021-05-20",24152,4321985,30101,3616834,3162,332443,264,33448,86,6610,350,40058,57765,57761.14,8311336,8271278,0
"2021-05-21",24677,4346662,32002,3648836,3057,335500,245,33693,60,6670,305,40363,60041,55787.86,8371377,8331014,0
"2021-05-22",20018,4366680,24367,3673203,2525,338025,163,33856,48,6718,211,40574,47121,53624.86,8418498,8377924,0
"2021-05-23",11230,4377910,13734,3686937,1411,339436,93,33949,32,6750,125,40699,26500,52033.71,8444998,8404299,0
"2021-05-24",18870,4396780,23164,3710101,2756,342192,213,34162,55,6805,268,40967,45058,50567.71,8490056,8449089,0
"2021-05-25",19430,4416210,23381,3733482,2603,344795,171,34333,58,6863,229,41196,45643,48479.14,8535699,8494503,0
"2021-05-26",18786,4434996,21091,3754573,2696,347491,200,34533,48,6911,248,41444,42821,46421.29,8578520,8537076,0
"2021-05-27",18467,4453463,21281,3775854,2529,350020,178,34711,61,6972,239,41683,42516,44242.86,8621036,8579353,0
"2021-05-28",17860,4471323,22884,3798738,2751,352771,187,34898,56,7028,243,41926,43738,41913.86,8664774,8622848,0
"2021-05-29",12707,4484030,17812,3816550,1755,354526,106,35004,39,7067,145,42071,32419,39813.57,8697193,8655122,0
"2021-05-30",7029,4491059,8950,3825500,1074,355600,48,35052,17,7084,65,42136,17118,38473.29,8714311,8672175,0
"2021-05-31",4742,4495801,6924,3832424,1012,356612,64,35116,17,7101,81,42217,12759,33859.14,8727070,8684853,0
"2021-06-01",16047,4511848,25192,3857616,2176,358788,155,35271,44,7145,199,42416,43614,33569.29,8770684,8728268,0
"2021-06-02",15355,4527203,20397,3878013,2095,360883,139,35410,48,7193,187,42603,38034,32885.43,8808718,8766115,0
"2021-06-03",15003,4542206,23825,3901838,2281,363164,128,35538,44,7237,172,42775,41281,32709,8849999,8807224,0
"2021-06-04",14722,4556928,25994,3927832,2492,365656,145,35683,40,7277,185,42960,43393,32659.71,8893392,8850432,0
"2021-06-05",10991,4567919,22090,3949922,1806,367462,116,35799,27,7304,143,43103,35030,33032.71,8928422,8885319,0
"2021-06-06",6443,4574362,14484,3964406,1222,368684,89,35888,13,7317,102,43205,22251,33766,8950673,8907468,0
"2021-06-07",11702,4586064,21784,3986190,2378,371062,139,36027,37,7354,176,43381,36040,37091.86,8986713,8943332,0
"2021-06-08",12634,4598698,24023,4010213,2072,373134,123,36150,46,7400,169,43550,38898,36418.14,9025611,8982061,0
"2021-06-09",11133,4609831,23028,4033241,2299,375433,135,36285,39,7439,174,43724,36634,36218.14,9062245,9018521,0
"2021-06-10",12062,4621893,22238,4055479,2462,377895,138,36423,59,7498,197,43921,36959,35600.71,9099204,9055283,0
"2021-06-11",12709,4634602,25123,4080602,2484,380379,156,36579,58,7556,214,44135,40530,35191.71,9139734,9095599,0
"2021-06-12",10162,4644764,19317,4099919,1888,382267,93,36672,44,7600,137,44272,31504,34688,9171238,9126966,0
"2021-06-13",4257,4649021,10933,4110852,1219,383486,41,36713,22,7622,63,44335,16472,33862.43,9187710,9143375,0
"2021-06-14",10208,4659229,19240,4130092,2043,385529,128,36841,52,7674,180,44515,31671,33238.29,9219381,9174866,0
"2021-06-15",11883,4671112,21018,4151110,1943,387472,131,36972,40,7714,171,44686,35015,32683.57,9254396,9209710,0
"2021-06-16",11588,4682700,19410,4170520,1957,389429,142,37114,68,7782,210,44896,33165,32188,9287561,9242665,0
"2021-06-17",11024,4693724,18761,4189281,1973,391402,123,37237,35,7817,158,45054,31916,31467.57,9319477,9274423,0
"2021-06-18",12166,4705890,18499,4207780,2116,393518,113,37350,36,7853,149,45203,32930,30381.86,9352407,9307204,0
"2021-06-19",8496,4714386,13516,4221296,1459,394977,85,37435,21,7874,106,45309,23577,29249.43,9375984,9330675,0
"2021-06-20",4336,4718722,7158,4228454,924,395901,36,37471,17,7891,53,45362,12471,28677.86,9388455,9343093,0
"2021-06-21",10163,4728885,10010,4238464,1807,397708,68,37539,27,7918,95,45457,22075,27307,9410530,9365073,0
"2021-06-22",9839,4738724,15641,4254105,1589,399297,105,37644,28,7946,133,45590,27202,26190.86,9437732,9392142,0
"2021-06-23",10311,4749035,15186,4269291,1863,401160,103,37747,30,7976,133,45723,27493,25380.57,9465225,9419502,0
"2021-06-24",9684,4758719,14699,4283990,1799,402959,121,37868,26,8002,147,45870,26329,24582.43,9491554,9445684,0
"2021-06-25",10589,4769308,14387,4298377,1721,404680,112,37980,38,8040,150,46020,26847,23713.43,9518401,9472381,0
"2021-06-26",7800,4777108,10466,4308843,1251,405931,74,38054,24,8064,98,46118,19615,23147.43,9538016,9491898,0
"2021-06-27",5001,4782109,6000,4314843,795,406726,34,38088,14,8078,48,46166,11844,23057.86,9549860,9503694,0
"2021-06-28",9035,4791144,10344,4325187,1526,408252,109,38197,26,8104,135,46301,21040,22910,9570900,9524599,0
"2021-06-29",9737,4800881,12327,4337514,1347,409599,123,38320,32,8136,155,46456,23566,22390.57,9594466,9548010,0
"2021-06-30",9433,4810314,10931,4348445,1487,411086,147,38467,16,8152,163,46619,22014,21607.86,9616480,9569861,0
"2021-07-01",9396,4819710,10929,4359374,1434,412520,130,38597,24,8176,154,46773,21913,20977,9638393,9591620,0
"2021-07-02",9694,4829404,11451,4370825,1541,414061,119,38716,22,8198,141,46914,22828,20402.86,9661221,9614307,0
"2021-07-03",7055,4836459,8419,4379244,1193,415254,78,38794,17,8215,95,47009,16762,19995.29,9677983,9630974,0
"2021-07-04",1288,4837747,1335,4380579,567,415821,9,38803,3,8218,12,47021,3202,18760.71,9681185,9634164,0
"2021-07-05",6496,4844243,7106,4387685,1208,417029,64,38867,22,8240,86,47107,14896,17883,9696081,9648974,0
"2021-07-06",9512,4853755,12852,4400537,1315,418344,115,38982,37,8277,152,47259,23831,17920.86,9719912,9672653,0
"2021-07-07",8665,4862420,11112,4411649,1419,419763,123,39105,19,8296,142,47401,21338,17824.29,9741250,9693849,0
"2021-07-08",8220,4870640,10192,4421841,1260,421023,108,39213,22,8318,130,47531,19802,17522.71,9761052,9713521,0
"2021-07-09",8373,4879013,10835,4432676,1278,422301,90,39303,18,8336,108,47639,20594,17203.57,9781646,9734007,0
"2021-07-10",7103,4886116,8635,4441311,1132,423433,62,39365,20,8356,82,47721,16952,17230.71,9798598,9750877,0
"2021-07-11",4105,4890221,4540,4445851,702,424135,35,39400,6,8362,41,47762,9388,18114.43,9807986,9760224,0
"2021-07-12",8445,4898666,9564,4455415,1251,425386,83,39483,23,8385,106,47868,19366,18753,9827352,9779484,0
"2021-07-13",9463,4908129,9394,4464809,952,426338,105,39588,34,8419,139,48007,19948,18198.29,9847300,9799293,0
"2021-07-14",8999,4917128,9533,4474342,1011,427349,105,39693,21,8440,126,48133,19669,17959.86,9866969,9818836,0
"2021-07-15",8793,4925921,9156,4483498,1054,428403,80,39773,19,8459,99,48232,19102,17859.86,9886071,9837839,0
"2021-07-16",9247,4935168,9762,4493260,981,429384,102,39875,29,8488,131,48363,20121,17792.29,9906192,9857829,0
"2021-07-17",6840,4942008,7386,4500646,803,430187,80,39955,20,8508,100,48463,15129,17531.86,9921321,9872858,0
"2021-07-18",4254,4946262,4285,4504931,576,430763,35,39990,13,8521,48,48511,9163,17499.71,9930484,9881973,0
"2021-07-19",9119,4955381,8479,4513410,999,431762,91,40081,22,8543,113,48624,18710,17406,9949194,9900570,0
"2021-07-20",10647,4966028,8759,4522169,991,432753,95,40176,25,8568,120,48744,20517,17487.29,9969711,9920967,0
"2021-07-21",10060,4976088,8766,4530935,904,433657,146,40322,33,8601,179,48923,19909,17521.57,9989620,9940697,0
"2021-07-22",10689,4986777,8587,4539522,1046,434703,144,40466,26,8627,170,49093,20492,17720.14,10010112,9961019,0
"2021-07-23",11252,4998029,8881,4548403,1114,435817,139,40605,23,8650,162,49255,21409,17904.14,10031521,9982266,0
"2021-07-24",7400,5005429,6741,4555144,670,436487,82,40687,24,8674,106,49361,14917,17873.86,10046438,9997077,0
"2021-07-25",5475,5010904,2127,4557271,509,436996,58,40745,4,8678,62,49423,8173,17732.43,10054611,10005188,0
"2021-07-26",10870,5021774,7006,4564277,859,437855,109,40854,20,8698,129,49552,18864,17754.43,10073475,10023923,0
"2021-07-27",12069,5033843,8569,4572846,857,438712,134,40988,39,8737,173,49725,21668,17918.86,10095143,10045418,0
"2021-07-28",12016,5045859,8053,4580899,950,439662,132,41120,27,8764,159,49884,21178,18100.14,10116321,10066437,0
"2021-07-29",10932,5056791,7434,4588333,984,440646,134,41254,38,8802,172,50056,19522,17961.57,10135843,10085787,0
"2021-07-30",14954,5071745,8015,4596348,1151,441797,182,41436,31,8833,213,50269,24333,18379.29,10160176,10109907,0
"2021-07-31",9723,5081468,6317,4602665,815,442612,121,41557,19,8852,140,50409,16995,18676.14,10177171,10126762,0
"2021-08-01",6500,5087968,3311,4605976,564,443176,82,41639,20,8872,102,50511,10477,19005.29,10187648,10137137,0
"2021-08-02",13450,5101418,7154,4613130,846,444022,147,41786,18,8890,165,50676,21615,19398.29,10209263,10158587,0
"2021-08-03",15411,5116829,8389,4621519,1109,445131,143,41929,38,8928,181,50857,25090,19887.14,10234353,10183496,0
"2021-08-04",17264,5134093,8130,4629649,1454,446585,181,42110,34,8962,215,51072,27063,20727.86,10261416,10210344,0
"2021-08-05",17886,5151979,7928,4637577,1370,447955,160,42270,21,8983,181,51253,27365,21848.29,10288781,10237528,0
"2021-08-06",18178,5170157,8414,4645991,1232,449187,167,42437,32,9015,199,51452,28023,22375.43,10316804,10265352,0
"2021-08-07",13387,5183544,6014,4652005,799,449986,99,42536,28,9043,127,51579,20327,22851.43,10337131,10285552,0
"2021-08-08",9310,5192854,3835,4655840,400,450386,82,42618,10,9053,92,51671,13637,23302.86,10350768,10299097,0
"2021-08-09",21346,5214200,8524,4664364,965,451351,169,42787,34,9087,203,51874,31038,24649,10381806,10329932,0
"2021-08-10",18946,5233146,9331,4673695,946,452297,181,42968,33,9120,214,52088,29437,25270,10411243,10359155,0
"2021-08-11",15646,5248792,8312,4682007,853,453150,128,43096,45,9165,173,52261,24984,24973,10436227,10383966,0
"2021-08-12",15062,5263854,8986,4690993,942,454092,173,43269,34,9199,207,52468,25197,24663.29,10461424,10408956,0
"2021-08-13",14923,5278777,9292,4700285,920,455012,242,43511,37,9236,279,52747,25415,24290.71,10486839,10434092,0
"2021-08-14",10398,5289175,6411,4706696,625,455637,531,44042,40,9276,571,53318,18005,23959,10504844,10451526,0
"2021-08-15",6693,5295868,4479,4711175,676,456313,566,44608,34,9310,600,53918,12448,23789.14,10517292,10463374,0
"2021-08-16",15716,5311584,9302,4720477,1150,457463,1322,45930,65,9375,1387,55305,27555,23291.57,10544847,10489542,0
"2021-08-17",17770,5329354,10457,4730934,1229,458692,1771,47701,84,9459,1855,57160,31311,23559.29,10576158,10518998,0
"2021-08-18",17495,5346849,10375,4741309,1260,459952,1989,49690,95,9554,2084,59244,31214,24449.29,10607372,10548128,0
"2021-08-19",16294,5363143,9524,4750833,1315,461267,1957,51647,67,9621,2024,61268,29157,25015,10636529,10575261,0
"2021-08-20",16281,5379424,11538,4762371,1254,462521,1860,53507,85,9706,1945,63213,31018,25815.43,10667547,10604334,0
"2021-08-21",11148,5390572,8037,4770408,878,463399,1061,54568,56,9762,1117,64330,21180,26269,10688727,10624397,0
"2021-08-22",4078,5394650,3903,4774311,262,463661,515,55083,34,9796,549,64879,8792,25746.71,10697519,10632640,0
"2021-08-23",15583,5410233,11806,4786117,1023,464684,1547,56630,76,9872,1623,66502,30036,26101.14,10727555,10661053,0
"2021-08-24",16912,5427145,12600,4798717,1006,465690,1774,58404,76,9948,1850,68352,32368,26252.14,10759923,10691571,0
"2021-08-25",14575,5441720,12449,4811166,1111,466801,1567,59971,77,10025,1644,69996,29779,26047.14,10789702,10719706,0
"2021-08-26",16154,5457874,14096,4825262,1071,467872,1772,61743,69,10094,1841,71837,33162,26619.29,10822864,10751027,0
"2021-08-27",14878,5472752,14825,4840087,971,468843,1672,63415,74,10168,1746,73583,32420,26819.57,10855284,10781701,0
"2021-08-28",10681,5483433,11524,4851611,835,469678,1014,64429,45,10213,1059,74642,24099,27236.57,10879383,10804741,0
"2021-08-29",7218,5490651,7493,4859104,541,470219,779,65208,58,10271,837,75479,16089,28279,10895472,10819993,0
"2021-08-30",15523,5506174,16928,4876032,1076,471295,1791,66999,86,10357,1877,77356,35404,29045.86,10930876,10853520,0
"2021-08-31",15511,5521685,15958,4891990,951,472246,1973,68972,88,10445,2061,79417,34481,29347.71,10965357,10885940,0
"2021-09-01",14829,5536514,14105,4906095,1020,473266,1809,70781,61,10506,1870,81287,31824,29639.86,10997181,10915894,0
"2021-09-02",14321,5550835,12525,4918620,896,474162,1708,72489,62,10568,1770,83057,29512,29118.43,11026693,10943636,0
"2021-09-03",15011,5565846,14310,4932930,974,475136,1894,74383,69,10637,1963,85020,32258,29095.29,11058951,10973931,0
"2021-09-04",9646,5575492,9405,4942335,688,475824,975,75358,34,10671,1009,86029,20748,28616.57,11079699,10993670,0
"2021-09-05",6801,5582293,5515,4947850,438,476262,712,76070,16,10687,728,86757,13482,28244.14,11093181,11006424,0
"2021-09-06",5196,5587489,4512,4952362,358,476620,271,76341,11,10698,282,87039,10348,24664.71,11103529,11016490,0
"2021-09-07",15572,5603061,17700,4970062,912,477532,1558,77899,88,10786,1646,88685,35830,24857.43,11139359,11050674,0
"2021-09-08",16159,5619220,14824,4984886,1072,478604,1773,79672,83,10869,1856,90541,33911,25155.57,11173270,11082729,0
"2021-09-09",16110,5635330,14751,4999637,1047,479651,1915,81587,74,10943,1989,92530,33897,25782,11207167,11114637,0
"2021-09-10",18367,5653697,15395,5015032,1208,480859,1974,83561,81,11024,2055,94585,37025,26463,11244192,11149607,0
"2021-09-11",12636,5666333,10349,5025381,958,481817,1027,84588,49,11073,1076,95661,25019,27073.14,11269211,11173550,0
"2021-09-12",8538,5674871,5051,5030432,766,482583,691,85279,30,11103,721,96382,15076,27300.86,11284287,11187905,0
"2021-09-13",16929,5691800,12963,5043395,976,483559,1655,86934,53,11156,1708,98090,32576,30476.29,11316863,11218773,0
"2021-09-14",16265,5708065,13676,5057071,886,484445,1597,88531,55,11211,1652,99742,32479,29997.57,11349342,11249600,0
"2021-09-15",15533,5723598,12889,5069960,727,485172,1568,90099,80,11291,1648,101390,30797,29552.71,11380139,11278749,0
"2021-09-16",15338,5738936,13912,5083872,1209,486381,1460,91559,66,11357,1526,102916,31985,29279.57,11412124,11309208,0
"2021-09-17",14434,5753370,13960,5097832,922,487303,1832,93391,58,11415,1890,104806,31206,28448.29,11443330,11338524,0
"2021-09-18",9997,5763367,10185,5108017,913,488216,1047,94438,41,11456,1088,105894,22183,28043.14,11465513,11359619,0
"2021-09-19",6177,5769544,6073,5114090,558,488774,747,95185,29,11485,776,106670,13584,27830,11479097,11372427,0
"2021-09-20",12675,5782219,12632,5126722,1068,489842,1923,97108,58,11543,1981,108651,28356,27227.14,11507453,11398802,0
"2021-09-21",12231,5794450,12769,5139491,1109,490951,2028,99136,77,11620,2105,110756,28214,26617.86,11535667,11424911,0
"2021-09-22",12822,5807272,12005,5151496,1089,492040,1686,100822,68,11688,1754,112510,27670,26171.14,11563337,11450827,0
"2021-09-23",14935,5822207,12762,5164258,1639,493679,2268,103090,73,11761,2341,114851,31677,26127.14,11595014,11480163,0
"2021-09-24",16445,5838652,13368,5177626,1636,495315,4626,107716,115,11876,4741,119592,36190,26839.14,11631204,11511612,0
"2021-09-25",10539,5849191,9024,5186650,1018,496333,3463,111179,74,11950,3537,123129,24118,27115.57,11655322,11532193,0
"2021-09-26",6299,5855490,5762,5192412,773,497106,2423,113602,60,12010,2483,125612,15317,27363.14,11670639,11545027,0
"2021-09-27",14160,5869650,8057,5200469,1155,498261,9068,122670,157,12167,9225,134837,32598,27969.14,11703237,11568400,0
"2021-09-28",11138,5880788,11782,5212251,902,499163,9917,132587,176,12343,10093,144930,33915,28783.57,11737152,11592222,0
"2021-09-29",11605,5892393,12193,5224444,1205,500368,9451,142038,166,12509,9617,154547,34621,29776.57,11771773,11617226,0
"2021-09-30",12236,5904629,12605,5237049,1338,501706,9745,151783,178,12687,9923,164470,36102,30408.71,11807875,11643405,0
"2021-10-01",12636,5917265,13434,5250483,1284,502990,10269,162052,149,12836,10418,174888,37772,30634.71,11845647,11670759,0
"2021-10-02",7729,5924994,9977,5260460,865,503855,4244,166296,75,12911,4319,179207,22890,30459.29,11868537,11689330,0
"2021-10-03",5070,5930064,6159,5266619,593,504448,2614,168910,57,12968,2671,181878,14493,30341.57,11883030,11701152,0
"2021-10-04",9907,5939971,11020,5277639,913,505361,9530,178440,142,13110,9672,191550,31512,30186.43,11914542,11722992,0
"2021-10-05",10154,5950125,11739,5289378,972,506333,9939,188379,177,13287,10116,201666,32981,30053,11947523,11745857,0
"2021-10-06",9898,5960023,11053,5300431,936,507269,9930,198309,158,13445,10088,211754,31975,29675,11979498,11767744,0
"2021-10-07",9615,5969638,12155,5312586,850,508119,10180,208489,169,13614,10349,222103,32969,29227.43,12012467,11790364,0
"2021-10-08",9450,5979088,12175,5324761,941,509060,10914,219403,163,13777,11077,233180,33643,28637.57,12046110,11812930,0
"2021-10-09",6243,5985331,8236,5332997,643,509703,4119,223522,87,13864,4206,237386,19328,28128.71,12065438,11828052,0
"2021-10-10",3540,5988871,5028,5338025,458,510161,2435,225957,44,13908,2479,239865,11505,27701.86,12076943,11837078,0
"2021-10-11",7617,5996488,9335,5347360,728,510889,8889,234846,162,14070,9051,248916,26731,27018.86,12103674,11854758,0
"2021-10-12",8070,6004558,10994,5358354,891,511780,10523,245369,179,14249,10702,259618,30657,26686.86,12134331,11874713,0
"2021-10-13",7148,6011706,10149,5368503,869,512649,8801,254170,177,14426,8978,268596,27144,25996.71,12161475,11892879,0
"2021-10-14",7436,6019142,11115,5379618,836,513485,10122,264292,161,14587,10283,278879,29670,25525.43,12191145,11912266,0
"2021-10-15",7720,6026862,11853,5391471,823,514308,10827,275119,168,14755,10995,289874,31391,25203.71,12222536,11932662,0
"2021-10-16",4862,6031724,7469,5398940,666,514974,3845,278964,65,14820,3910,293784,16907,24857.86,12239443,11945659,0
"2021-10-17",3056,6034780,4474,5403414,411,515385,2451,281415,43,14863,2494,296278,10435,24705,12249878,11953600,0
"2021-10-18",7048,6041828,10666,5414080,796,516181,9484,290899,175,15038,9659,305937,28169,24910.43,12278047,11972110,0
"2021-10-19",6571,6048399,8945,5423025,804,516985,9095,299994,170,15208,9265,315202,25585,24185.86,12303632,11988430,0
"2021-10-20",6530,6054929,9372,5432397,975,517960,9998,309992,174,15382,10172,325374,27049,24172.29,12330681,12005307,0
"2021-10-21",7024,6061953,9385,5441782,858,518818,10847,320839,149,15531,10996,336370,28263,23971.29,12358944,12022574,0
"2021-10-22",8115,6070068,10346,5452128,1026,519844,16354,337193,212,15743,16566,352936,36053,24637.29,12394997,12042061,0
"2021-10-23",5165,6075233,6459,5458587,690,520534,9125,346318,114,15857,9239,362175,21553,25301,12416550,12054375,0
"2021-10-24",3271,6078504,3969,5462556,769,521303,6159,352477,76,15933,6235,368410,14244,25845.14,12430794,12062384,0
"2021-10-25",8757,6087261,8743,5471299,1150,522453,19251,371728,297,16230,19548,387958,38198,27277.86,12468992,12081034,0
"2021-10-26",8194,6095455,7723,5479022,1258,523711,17292,389020,263,16493,17555,405513,34730,28584.29,12503722,12098209,0
"2021-10-27",10551,6106006,8393,5487415,1605,525316,20862,409882,318,16811,21180,426693,41729,30681.43,12545451,12118758,0
"2021-10-28",11321,6117327,8035,5495450,1793,527109,20851,430733,316,17127,21167,447860,42316,32689,12587767,12139907,0
"2021-10-29",11845,6129172,8241,5503691,1958,529067,22542,453275,325,17452,22867,470727,44912,33954.57,12632679,12161952,0
"2021-10-30",4631,6133803,5064,5508755,930,529997,11172,464447,161,17613,11333,482060,21958,34012.43,12654637,12172577,0
"2021-10-31",2662,6136465,2702,5511457,544,530541,6636,471083,99,17712,6735,488795,12643,33783.71,12667280,12178485,0
"2021-11-01",7131,6143596,6953,5518410,1089,531630,20391,491474,322,18034,20713,509508,35886,33453.43,12703166,12193658,0
"2021-11-02",6575,6150171,6589,5524999,1054,532684,20789,512263,267,18301,21056,530564,35274,33531.14,12738440,12207876,0
"2021-11-03",6847,6157018,6682,5531681,1026,533710,20635,532898,304,18605,20939,551503,35496,32640.71,12773936,12222433,0
"2021-11-04",9308,6166326,6278,5537959,996,534706,22371,555269,345,18950,22716,574219,39298,32209.57,12813234,12239015,0
"2021-11-05",11047,6177373,6722,5544681,1051,535757,23768,579037,350,19300,24118,598337,42938,31927.57,12856172,12257835,0
"2021-11-06",11129,6188502,4052,5548733,594,536351,12598,591635,167,19467,12765,611102,28540,32867.86,12884712,12273610,0
"2021-11-07",7251,6195753,2287,5551020,577,536928,7110,598745,94,19561,7204,618306,17319,33535.86,12902031,12283725,0
"2021-11-08",15049,6210802,5679,5556699,864,537792,19518,618263,273,19834,19791,638097,41383,34321.14,12943414,12305317,0
"2021-11-09",16143,6226945,5389,5562088,660,538452,20516,638779,271,20105,20787,658884,42979,35421.86,12986393,12327509,0
"2021-11-10",16925,6243870,5322,5567410,683,539135,22658,661437,286,20391,22944,681828,45874,36904.43,13032267,12350439,0
"2021-11-11",12560,6256430,5185,5572595,759,539894,22092,683529,286,20677,22378,704206,40882,37130.71,13073149,12368943,0
"2021-11-12",16881,6273311,5687,5578282,705,540599,23413,706942,353,21030,23766,727972,47039,37716.57,13120188,12392216,0
"2021-11-13",9934,6283245,3663,5581945,463,541062,13334,720276,179,21209,13513,741485,27573,37578.43,13147761,12406276,0
"2021-11-14",6008,6289253,2291,5584236,325,541387,7938,728214,76,21285,8014,749499,16638,37481.14,13164399,12414900,0
"2021-11-15",13208,6302461,5972,5590208,690,542077,25120,753334,354,21639,25474,774973,45344,38047,13209743,12434770,0
"2021-11-16",9961,6312422,5781,5595989,654,542731,30676,784010,415,22054,31091,806064,47488,38691.14,13257231,12451167,0
"2021-11-17",10296,6322718,6672,5602661,681,543412,31431,815441,408,22462,31839,837903,49488,39207.43,13306719,12468816,0
"2021-11-18",10721,6333439,6536,5609197,857,544269,33023,848464,452,22914,33475,871378,51589,40737,13358308,12486930,0
"2021-11-19",12010,6345449,6546,5615743,715,544984,36255,884719,448,23362,36703,908081,55974,42013.43,13414282,12506201,0
"2021-11-20",9325,6354774,3417,5619160,513,545497,22516,907235,255,23617,22771,930852,36026,43221,13450308,12519456,0
"2021-11-21",4940,6359714,1888,5621048,288,545785,13206,920441,149,23766,13355,944207,20471,43768.57,13470779,12526572,0
"2021-11-22",10422,6370136,5788,5626836,750,546535,35944,956385,433,24199,36377,980584,53338,44910.57,13524117,12543533,0
"2021-11-23",9778,6379914,4784,5631620,636,547171,33533,989918,367,24566,33900,1014484,49099,45140.71,13573216,12558732,0
"2021-11-24",8700,6388614,4749,5636369,650,547821,25929,1015847,281,24847,26210,1040694,40309,43829.43,13613525,12572831,0
"2021-11-25",448,6389062,326,5636695,80,547901,1003,1016850,9,24856,1012,1041706,1866,36726.14,13615391,12573685,0
"2021-11-26",8057,6397119,6987,5643682,528,548429,26597,1043447,291,25147,26888,1068594,42460,34795.57,13657851,12589257,0
"2021-11-27",6674,6403793,6835,5650517,371,548800,18852,1062299,218,25365,19070,1087664,32951,34356.29,13690802,12603138,0
"2021-11-28",4072,6407865,5793,5656310,282,549082,11897,1074196,116,25481,12013,1099677,22160,34597.57,13712962,12613285,0
"2021-11-29",9097,6416962,11000,5667310,687,549769,35089,1109285,428,25909,35517,1135194,56301,35020.86,13769263,12634069,0
"2021-11-30",10488,6427450,11446,5678756,513,550282,37802,1147087,486,26395,38288,1173482,60735,36683.14,13829998,12656516,0
"2021-12-01",11181,6438631,10984,5689740,725,551007,40366,1187453,433,26828,40799,1214281,63690,40023.29,13893688,12679407,0
"2021-12-02",11646,6450277,11037,5700777,626,551633,42178,1229631,447,27275,42625,1256906,65934,49175.86,13959622,12702716,0
"2021-12-03",13464,6463741,12892,5713669,674,552307,47967,1277598,511,27786,48478,1305384,75508,53897,14035130,12729746,0
"2021-12-04",9847,6473588,11292,5724961,567,552874,30689,1308287,300,28086,30989,1336373,52695,56717.57,14087825,12751452,0
"2021-12-05",5755,6479343,5704,5730665,270,553144,16663,1324950,127,28213,16790,1353163,28519,57626,14116344,12763181,0
"2021-12-06",12318,6491661,9963,5740628,600,553744,43268,1368218,438,28651,43706,1396869,66587,59095.43,14182931,12786062,0
"2021-12-07",12573,6504234,9255,5749883,624,554368,43065,1411283,494,29145,43559,1440428,66011,59849.14,14248942,12808514,0
"2021-12-08",13516,6517750,8774,5758657,555,554923,40816,1452099,464,29609,41280,1481708,64125,59911.29,14313067,12831359,0
"2021-12-09",13476,6531226,8752,5767409,555,555478,40846,1492945,483,30092,41329,1523037,64112,59651,14377179,12854142,0
"2021-12-10",14027,6545253,10150,5777559,670,556148,43681,1536626,489,30581,44170,1567207,69017,58723.71,14446196,12878989,0
"2021-12-11",10273,6555526,8128,5785687,405,556553,26710,1563336,273,30854,26983,1594190,45790,57737.29,14491986,12897796,0
"2021-12-12",6014,6561540,3856,5789543,288,556841,15174,1578510,131,30985,15305,1609495,25463,57300.71,14517449,12907954,0
"2021-12-13",12213,6573753,7435,5796978,657,557498,37895,1616405,390,31375,38285,1647780,58590,56158.29,14576039,12928259,0
"2021-12-14",12225,6585978,6962,5803940,730,558228,38165,1654570,426,31801,38591,1686371,58508,55086.43,14634547,12948176,0
"2021-12-15",12086,6598064,6251,5810191,755,558983,38157,1692727,480,32281,38637,1725008,57730,54172.86,14692277,12967269,0
"2021-12-16",13167,6611231,4277,5814468,742,559725,41123,1733850,442,32723,41565,1766573,59751,53549.86,14752028,12985455,0
"2021-12-17",15934,6627165,6934,5821402,620,560345,46807,1780657,469,33192,47276,1813849,70764,53799.43,14822792,13008943,0
"2021-12-18",13014,6640179,5722,5827124,432,560777,30632,1811289,265,33457,30897,1844746,50065,54410.14,14872857,13028111,0
"2021-12-19",7013,6647192,2992,5830116,326,561103,18015,1829304,171,33628,18186,1862932,28517,54846.43,14901374,13038442,0
"2021-12-20",16849,6664041,5867,5835983,746,561849,47483,1876787,562,34190,48045,1910977,71507,56691.71,14972881,13061904,0
"2021-12-21",17957,6681998,6570,5842553,806,562655,48933,1925720,579,34769,49512,1960489,74845,59025.57,15047726,13087237,0
"2021-12-22",18535,6700533,6565,5849118,938,563593,49737,1975457,527,35296,50264,2010753,76302,61678.71,15124028,13113275,0
"2021-12-23",19034,6719567,6491,5855609,930,564523,45873,2021330,520,35816,46393,2057146,72848,63549.71,15196876,13139730,0
"2021-12-24",9233,6728800,2954,5858563,598,565121,20604,2041934,210,36026,20814,2077960,33599,58240.43,15230475,13152515,0
"2021-12-25",344,6729144,63,5858626,31,565152,427,2042361,8,36034,435,2078395,873,51213,15231348,13152953,0
"2021-12-26",7959,6737103,3927,5862553,340,565492,17288,2059649,172,36206,17460,2095855,29686,51380,15261034,13165179,0
"2021-12-27",21783,6758886,9201,5871754,934,566426,43454,2103103,547,36753,44001,2139856,75919,52010.29,15336953,13197097,0
"2021-12-28",20158,6779044,8333,5880087,701,567127,47584,2150687,607,37360,48191,2188047,77383,52372.86,15414336,13226289,0
"2021-12-29",18495,6797539,7672,5887759,607,567734,45587,2196274,475,37835,46062,2234109,72836,51877.71,15487172,13253063,0
"2021-12-30",16886,6814425,7423,5895182,588,568322,44854,2241128,577,38412,45431,2279540,70328,51517.71,15557500,13277960,0
"2021-12-31",5355,6819780,2807,5897989,193,568515,14772,2255900,180,38592,14952,2294492,23307,50047.43,15580807,13286315,0
"2022-01-01",243,6820023,147,5898136,12,568527,501,2256401,21,38613,522,2295014,924,50054.71,15581731,13286717,0
"2022-01-02",6425,6826448,5023,5903159,153,568680,10982,2267383,110,38723,11092,2306106,22693,49055.71,15604424,13298318,0
"2022-01-03",14125,6840573,8502,5911661,514,569194,26954,2294337,340,39063,27294,2333400,50435,45415.14,15654859,13321459,0
"2022-01-04",12818,6853391,8122,5919783,415,569609,27231,2321568,361,39424,27592,2360992,48947,41352.86,15703806,13342814,0
"2022-01-05",11339,6864730,7011,5926794,382,569991,25979,2347547,306,39730,26285,2387277,45017,37378.71,15748823,13361546,0
"2022-01-06",11385,6876115,7390,5934184,483,570474,27610,2375157,331,40061,27941,2415218,47199,34074.57,15796022,13380804,0
"2022-01-07",10241,6886356,8442,5942626,339,570813,25137,2400294,321,40382,25458,2440676,44481,37099.43,15840503,13399827,0
"2022-01-08",7833,6894189,8564,5951190,310,571123,19485,2419779,178,40560,19663,2460339,36371,42163.29,15876874,13416535,0
"2022-01-09",4126,6898315,3844,5955034,214,571337,10068,2429847,92,40652,10160,2470499,18344,41542,15895218,13424719,0
"2022-01-10",10170,6908485,8191,5963225,490,571827,24616,2454463,298,40950,24914,2495413,43765,40589.14,15938983,13443570,0
"2022-01-11",8885,6917370,7989,5971214,521,572348,21027,2475490,285,41235,21312,2516725,38709,39126.57,15977692,13460967,0
"2022-01-12",8931,6926301,8328,5979542,427,572775,22350,2497840,286,41521,22636,2539361,40322,38455.86,16018014,13478653,0
"2022-01-13",9042,6935343,8866,5988408,451,573226,22889,2520729,317,41838,23206,2562567,41566,37651.14,16059580,13497013,0
"2022-01-14",10096,6945439,8120,5996528,476,573702,26437,2547166,326,42164,26763,2589330,45455,37790.29,16105035,13515705,0
"2022-01-15",6204,6951643,4308,6000836,178,573880,15146,2562312,176,42340,15322,2604652,26012,36310.43,16131047,13526395,0
"2022-01-16",2915,6954558,3249,6004085,95,573975,7826,2570138,83,42423,7909,2612561,14168,35713.86,16145215,13532654,0
"2022-01-17",6069,6960627,6755,6010840,363,574338,14684,2584822,218,42641,14902,2627463,28089,33474.43,16173304,13545841,0
"2022-01-18",8152,6968779,10320,6021160,396,574734,19673,2604495,316,42957,19989,2647452,38857,33495.57,16212161,13564709,0
"2022-01-19",7452,6976231,9248,6030408,304,575038,17727,2622222,271,43228,17998,2665450,35003,32735.71,16247164,13581714,0
"2022-01-20",6272,6982503,8562,6038970,305,575343,15257,2637479,244,43472,15501,2680951,30640,31174.86,16277804,13596853,0
"2022-01-21",7562,6990065,7509,6046479,276,575619,18515,2655994,281,43753,18796,2699747,34143,29558.86,16311947,13612200,0
"2022-01-22",5184,6995249,4935,6051414,131,575750,11327,2667321,126,43879,11453,2711200,21703,28943.29,16333650,13622450,0
"2022-01-23",2809,6998058,3327,6054741,97,575847,6232,2673553,76,43955,6308,2717508,12541,28710.86,16346191,13628683,0
"2022-01-24",6358,7004416,8205,6062946,262,576109,15081,2688634,239,44194,15320,2732828,30145,29004.57,16376336,13643508,0
"2022-01-25",6182,7010598,7937,6070883,232,576341,14695,2703329,259,44453,14954,2747782,29305,27640,16405641,13657859,0
"2022-01-26",5745,7016343,7176,6078059,289,576630,14021,2717350,210,44663,14231,2762013,27441,26559.71,16433082,13671069,0
"2022-01-27",5248,7021591,7092,6085151,321,576951,14090,2731440,230,44893,14320,2776333,26981,26037,16460063,13683730,0
"2022-01-28",6250,7027841,7877,6093028,203,577154,16132,2747572,240,45133,16372,2792705,30702,25545.43,16490765,13698060,0
"2022-01-29",840,7028681,728,6093756,28,577182,2539,2750111,39,45172,2578,2795283,4174,23041.29,16494939,13699656,0
"2022-01-30",2094,7030775,3022,6096778,103,577285,4538,2754649,63,45235,4601,2799884,9820,22652.57,16504759,13704875,0
"2022-01-31",5000,7035775,6593,6103371,220,577505,11395,2766044,197,45432,11592,2811476,23405,21689.71,16528164,13716688,0
"2022-02-01",4825,7040600,6441,6109812,219,577724,10719,2776763,218,45650,10937,2822413,22422,20706.43,16550586,13728173,0
"2022-02-02",4253,7044853,5933,6115745,213,577937,11235,2787998,244,45894,11479,2833892,21878,19911.71,16572464,13738572,0
"2022-02-03",4224,7049077,5815,6121560,216,578153,11221,2799219,200,46094,11421,2845313,21676,19153.86,16594140,13748827,0
"2022-02-04",4759,7053836,7116,6128676,214,578367,13221,2812440,239,46333,13460,2858773,25549,18417.71,16619689,13760916,0
"2022-02-05",3575,7057411,6051,6134727,110,578477,8580,2821020,152,46485,8732,2867505,18468,20459.71,16638157,13770652,0
"2022-02-06",2062,7059473,2138,6136865,121,578598,4637,2825657,102,46587,4739,2872244,9061,20351.29,16647218,13774974,0
"2022-02-07",4148,7063621,4731,6141596,205,578803,10137,2835794,232,46819,10369,2882613,19453,19786.71,16666671,13784058,0
"2022-02-08",4214,7067835,5609,6147205,214,579017,11332,2847126,303,47122,11635,2894248,21672,19679.57,16688343,13794095,0
"2022-02-09",4130,7071965,5403,6152608,223,579240,11666,2858792,253,47375,11919,2906167,21675,19650.57,16710018,13803851,0
"2022-02-10",3991,7075956,5124,6157732,245,579485,12201,2870993,285,47660,12486,2918653,21846,19674.86,16731864,13813211,0
"2022-02-11",4510,7080466,5807,6163539,195,579680,13734,2884727,320,47980,14054,2932707,24566,19534.43,16756430,13823723,0
"2022-02-12",3257,7083723,4342,6167881,97,579777,8809,2893536,213,48193,9022,2941729,16718,19284.43,16773148,13831419,0
"2022-02-13",1520,7085243,1544,6169425,41,579818,4880,2898416,111,48304,4991,2946720,8096,19146.57,16781244,13834524,0
"2022-02-14",2982,7088225,3624,6173049,167,579985,10570,2908986,325,48629,10895,2957615,17668,18891.57,16798912,13841297,0
"2022-02-15",3549,7091774,4076,6177125,175,580160,12785,2921771,281,48910,13066,2970681,20866,18776.43,16819778,13849097,0
"2022-02-16",3648,7095422,3908,6181033,200,580360,15730,2937501,295,49205,16025,2986706,23781,19077.29,16843559,13856853,0
"2022-02-17",4032,7099454,4081,6185114,162,580522,18278,2955779,357,49562,18635,3005341,26910,19800.71,16870469,13865128,0
"2022-02-18",4466,7103920,4788,6189902,189,580711,21533,2977312,455,50017,21988,3027329,31431,20781.43,16901900,13874571,0
"2022-02-19",3251,7107171,2182,6192084,65,580776,11181,2988493,217,50234,11398,3038727,16896,20806.86,16918796,13880069,0
"2022-02-20",1855,7109026,1442,6193526,59,580835,6588,2995081,112,50346,6700,3045427,10056,21086.86,16928852,13883425,0
"2022-02-21",3083,7112109,2695,6196221,95,580930,8351,3003432,230,50576,8581,3054008,14454,20627.71,16943306,13889298,0
"2022-02-22",4377,7116486,4251,6200472,175,581105,10836,3014268,252,50828,11088,3065096,19891,20488.43,16963197,13898101,0
"2022-02-23",4259,7120745,3787,6204259,145,581250,10672,3024940,240,51068,10912,3076008,19103,19820.14,16982300,13906292,0
"2022-02-24",3793,7124538,3657,6207916,108,581358,10193,3035133,227,51295,10420,3086428,17978,18544.14,17000278,13913850,0
"2022-02-25",3613,7128151,3629,6211545,135,581493,9980,3045113,239,51534,10219,3096647,17596,16567.71,17017874,13921227,0
"2022-02-26",2834,7130985,2579,6214124,74,581567,9515,3054628,152,51686,9667,3106314,15154,16318.86,17033028,13926714,0
"2022-02-27",1769,7132754,1374,6215498,52,581619,6268,3060896,102,51788,6370,3112684,9565,16248.71,17042593,13929909,0
"2022-02-28",3797,7136551,3135,6218633,141,581760,13135,3074031,248,52036,13383,3126067,20456,17106.14,17063049,13936982,0
"2022-03-01",2134,7138685,2628,6221261,103,581863,5178,3079209,186,52222,5364,3131431,10229,15725.86,17073278,13941847,0
"2022-03-02",1836,7140521,2444,6223705,107,581970,4131,3083340,208,52430,4339,3135770,8726,14243.43,17082004,13946234,0
"2022-03-03",1936,7142457,2556,6226261,106,582076,3798,3087138,170,52600,3968,3139738,8566,12898.86,17090570,13950832,0
"2022-03-04",2124,7144581,2873,6229134,66,582142,4329,3091467,208,52808,4537,3144275,9600,11756.57,17100170,13955895,0
"2022-03-05",1611,7146192,2123,6231257,43,582185,3320,3094787,116,52924,3436,3147711,7213,10622.14,17107383,13959672,0
"2022-03-06",797,7146989,879,6232136,30,582215,1624,3096411,55,52979,1679,3149390,3385,9739.29,17110768,13961378,0
"2022-03-07",1667,7148656,1787,6233923,86,582301,3498,3099909,162,53141,3660,3153050,7200,7845.57,17117968,13964918,0
"2022-03-08",1548,7150204,1894,6235817,79,582380,3125,3103034,149,53290,3274,3156324,6795,7355,17124763,13968439,0
"2022-03-09",1266,7151470,1680,6237497,79,582459,2586,3105620,131,53421,2717,3159041,5742,6928.71,17130505,13971464,0
"2022-03-10",1418,7152888,2101,6239598,85,582544,2961,3108581,163,53584,3124,3162165,6728,6666.14,17137233,13975068,0
"2022-03-11",1600,7154488,2273,6241871,81,582625,3212,3111793,190,53774,3402,3165567,7356,6345.57,17144589,13979022,0
"2022-03-12",877,7155365,1416,6243287,42,582667,2008,3113801,75,53849,2083,3167650,4418,5946.29,17149007,13981357,0
"2022-03-13",624,7155989,757,6244044,28,582695,1290,3115091,49,53898,1339,3168989,2748,5855.29,17151755,13982766,0
"2022-03-14",1373,7157362,1609,6245653,83,582778,2990,3118081,207,54105,3197,3172186,6262,5721.29,17158017,13985831,0
"2022-03-15",1358,7158720,1928,6247581,63,582841,3068,3121149,231,54336,3299,3175485,6648,5700.29,17164665,13989180,0
"2022-03-16",1396,7160116,2066,6249647,94,582935,3138,3124287,295,54631,3433,3178918,6989,5878.43,17171654,13992736,0
"2022-03-17",1193,7161309,1806,6251453,70,583005,2759,3127046,268,54899,3027,3181945,6096,5788.14,17177750,13995805,0
"2022-03-18",1593,7162902,2218,6253671,79,583084,3771,3130817,415,55314,4186,3186131,8076,5891,17185826,13999695,0
"2022-03-19",1112,7164014,1732,6255403,54,583138,2601,3133418,227,55541,2828,3188959,5726,6077.86,17191552,14002593,0
"2022-03-20",610,7164624,629,6256032,33,583171,1465,3134883,186,55727,1651,3190610,2923,6102.86,17194475,14003865,0
"2022-03-21",1418,7166042,1555,6257587,72,583243,3058,3137941,357,56084,3415,3194025,6460,6131.14,17200935,14006910,0
"2022-03-22",1344,7167386,1555,6259142,101,583344,2904,3140845,344,56428,3248,3197273,6248,6074,17207183,14009910,0
"2022-03-23",1260,7168646,1360,6260502,66,583410,2922,3143767,374,56802,3296,3200569,5982,5930.14,17213165,14012596,0
"2022-03-24",1213,7169859,1299,6261801,90,583500,2519,3146286,269,57071,2788,3203357,5390,5829.29,17218555,14015198,0
"2022-03-25",1386,7171245,1630,6263431,62,583562,3265,3149551,380,57451,3645,3207002,6723,5636,17225278,14018276,0
"2022-03-26",927,7172172,1162,6264593,36,583598,2308,3151859,250,57701,2558,3209560,4683,5487,17229961,14020401,0
"2022-03-27",574,7172746,528,6265121,29,583627,1312,3153171,204,57905,1516,3211076,2647,5447.57,17232608,14021532,0
"2022-03-28",1085,7173831,1163,6266284,69,583696,2439,3155610,364,58269,2803,3213879,5120,5256.14,17237728,14023849,0
"2022-03-29",1052,7174883,1103,6267387,85,583781,2513,3158123,880,59149,3393,3217272,5633,5168.29,17243361,14026089,0
"2022-03-30",1246,7176129,1142,6268529,98,583879,3063,3161186,3408,62557,6471,3223743,8957,5593.29,17252318,14028575,0
"2022-03-31",1285,7177414,1259,6269788,57,583936,3165,3164351,5509,68066,8674,3232417,11276,6434.14,17263594,14031177,0
"2022-04-01",1429,7178843,1496,6271284,76,584012,3248,3167599,6901,74967,10149,3242566,13150,7352.29,17276744,14034178,0
"2022-04-02",910,7179753,912,6272196,33,584045,2095,3169694,4528,79495,6623,3249189,8478,7894.43,17285222,14036033,0
"2022-04-03",556,7180309,497,6272693,28,584073,1226,3170920,3047,82542,4273,3253462,5354,8281.14,17290576,14037114,0
"2022-04-04",1352,7181661,1306,6273999,61,584134,2736,3173656,7699,90241,10435,3263897,13154,9428.86,17303730,14039833,0
"2022-04-05",1303,7182964,1161,6275160,66,584200,2851,3176507,7482,97723,10333,3274230,12863,10461.71,17316593,14042363,0
"2022-04-06",1344,7184308,1180,6276340,61,584261,2623,3179130,6957,104680,9580,3283810,12165,10920,17328758,14044948,0
"2022-04-07",1208,7185516,1066,6277406,57,584318,2375,3181505,6607,111287,8982,3292792,11313,10925.29,17340071,14047279,0
"2022-04-08",1483,7186999,1407,6278813,61,584379,3170,3184675,8778,120065,11948,3304740,14899,11175.14,17354970,14050230,0
"2022-04-09",914,7187913,924,6279737,29,584408,2080,3186755,4945,125010,7025,3311765,8892,11234.29,17363862,14052097,0
"2022-04-10",584,7188497,461,6280198,25,584433,1168,3187923,2897,127907,4065,3315830,5135,11203,17368997,14053167,0
"2022-04-11",1312,7189809,1239,6281437,59,584492,2666,3190589,7800,135707,10466,3326296,13076,11191.86,17382073,14055777,0
"2022-04-12",1222,7191031,1057,6282494,73,584565,2525,3193114,7415,143122,9940,3336236,12292,11110.29,17394365,14058129,0
"2022-04-13",1239,7192270,1079,6283573,59,584624,2518,3195632,7533,150655,10051,3346287,12428,11147.86,17406793,14060506,0
"2022-04-14",1274,7193544,1099,6284672,59,584683,2446,3198078,6571,157226,9017,3355304,11449,11167.29,17418242,14062938,0
"2022-04-15",1338,7194882,1101,6285773,53,584736,2574,3200652,6612,163838,9186,3364490,11678,10707.14,17429920,14065430,0
"2022-04-16",858,7195740,653,6286426,34,584770,1646,3202298,3679,167517,5325,3369815,6870,10418.29,17436790,14066975,0
"2022-04-17",346,7196086,202,6286628,27,584797,639,3202937,1156,168673,1795,3371610,2370,10023.29,17439160,14067550,0
"2022-04-18",1392,7197478,1118,6287746,82,584879,2586,3205523,6410,175083,8996,3380606,11588,9810.71,17450748,14070142,0
"2022-04-19",1423,7198901,938,6288684,72,584951,2578,3208101,5741,180824,8319,3388925,10752,9590.71,17461500,14072575,0
"2022-04-20",1316,7200217,1160,6289844,65,585016,2715,3210816,6626,187450,9341,3398266,11882,9512.71,17473382,14075116,0
"2022-04-21",1228,7201445,1063,6290907,53,585069,2333,3213149,5333,192783,7666,3405932,10010,9307.14,17483392,14077460,0
"2022-04-22",1214,7202659,1026,6291933,46,585115,2202,3215351,5639,198422,7841,3413773,10128,9085.71,17493520,14079747,0
"2022-04-23",716,7203375,749,6292682,59,585174,1428,3216779,3347,201769,4775,3418548,6299,9004.14,17499819,14081271,0
"2022-04-24",442,7203817,338,6293020,27,585201,812,3217591,1812,203581,2624,3421172,3431,9155.71,17503250,14082078,0
"2022-04-25",1033,7204850,916,6293936,64,585265,1851,3219442,5087,208668,6938,3428110,8951,8779,17512201,14084091,0
"2022-04-26",952,7205802,858,6294794,76,585341,1750,3221192,4691,213359,6441,3434551,8327,8432.57,17520528,14085977,0
"2022-04-27",1039,7206841,1024,6295818,80,585421,1930,3223122,5203,218562,7133,3441684,9276,8060.29,17529804,14088120,0
"2022-04-28",1092,7207933,988,6296806,50,585471,2005,3225127,4726,223288,6731,3448415,8861,7896.14,17538665,14090250,0
"2022-04-29",1191,7209124,1107,6297913,60,585531,2162,3227289,5391,228679,7553,3455968,9911,7865.14,17548576,14092608,0
"2022-04-30",727,7209851,744,6298657,50,585581,1391,3228680,2958,231637,4349,3460317,5870,7803.86,17554446,14094129,0
"2022-05-01",445,7210296,366,6299023,20,585601,767,3229447,1656,233293,2423,3462740,3254,7778.57,17557700,14094960,0
"2022-05-02",1058,7211354,793,6299816,52,585653,1675,3231122,3813,237106,5488,3468228,7391,7555.71,17565091,14096863,0
"2022-05-03",1123,7212477,865,6300681,61,585714,1999,3233121,4855,241961,6854,3475082,8903,7638,17573994,14098912,0
"2022-05-04",1019,7213496,882,6301563,48,585762,1921,3235042,4642,246603,6563,3481645,8512,7528.86,17582506,14100861,0
"2022-05-05",1074,7214570,955,6302518,86,585848,1928,3236970,4870,251473,6798,3488443,8913,7536.29,17591419,14102976,0
"2022-05-06",1095,7215665,961,6303479,51,585899,1867,3238837,4383,255856,6250,3494693,8357,7314.29,17599776,14105083,0
"2022-05-07",660,7216325,593,6304072,32,585931,1206,3240043,2423,258279,3629,3498322,4914,7177.71,17604690,14106368,0
"2022-05-08",416,7216741,246,6304318,17,585948,666,3240709,1381,259660,2047,3500369,2726,7102.29,17607416,14107047,0
"2022-05-09",1083,7217824,949,6305267,60,586008,1892,3242601,4418,264078,6310,3506679,8402,7246.71,17615818,14109139,0
"2022-05-10",1099,7218923,932,6306199,54,586062,1985,3244586,4710,268788,6695,3513374,8780,7229.14,17624598,14111224,0
"2022-05-11",1096,7220019,978,6307177,44,586106,1946,3246532,4827,273615,6773,3520147,8891,7283.29,17633489,14113342,0
"2022-05-12",1109,7221128,951,6308128,60,586166,2002,3248534,4655,278270,6657,3526804,8777,7263.86,17642266,14115462,0
"2022-05-13",1162,7222290,1043,6309171,44,586210,2063,3250597,4784,283054,6847,3533651,9096,7369.43,17651362,14117711,0
"2022-05-14",831,7223121,670,6309841,31,586241,1472,3252069,2944,285998,4416,3538067,5948,7517.14,17657310,14119243,0
"2022-05-15",512,7223633,357,6310198,22,586263,924,3252993,1645,287643,2569,3540636,3460,7622,17660770,14120134,0
"2022-05-16",1232,7224865,859,6311057,62,586325,1830,3254823,3855,291498,5685,3546321,7838,7541.43,17668608,14122287,0
"2022-05-17",1299,7226164,929,6311986,79,586404,2047,3256870,4874,296372,6921,3553242,9228,7605.43,17677836,14124594,0
"2022-05-18",1247,7227411,901,6312887,82,586486,2068,3258938,4921,301293,6989,3560231,9219,7652.29,17687055,14126824,0
"2022-05-19",1172,7228583,880,6313767,36,586522,2120,3261058,4716,306009,6836,3567067,8924,7673.29,17695979,14128912,0
"2022-05-20",1204,7229787,964,6314731,74,586596,2367,3263425,5193,311202,7560,3574627,9804,7774.43,17705783,14131156,0
"2022-05-21",839,7230626,650,6315381,23,586619,1724,3265149,3288,314490,5012,3579639,6525,7856.86,17712308,14132669,0
"2022-05-22",511,7231137,290,6315671,22,586641,1136,3266285,1838,316328,2974,3582613,3797,7905,17716105,14133492,0
"2022-05-23",1226,7232363,888,6316559,52,586693,2188,3268473,4696,321024,6884,3589497,9050,8078.14,17725155,14135658,0
"2022-05-24",1432,7233795,944,6317503,66,586759,2298,3270771,4466,325490,6764,3596261,9207,8075.14,17734362,14138101,0
"2022-05-25",1438,7235233,959,6318462,56,586815,2263,3273034,4240,329730,6503,3602764,8957,8037.71,17743319,14140555,0
"2022-05-26",1185,7236418,885,6319347,60,586875,2262,3275296,4131,333861,6393,3609157,8524,7980.57,17751843,14142686,0
"2022-05-27",1260,7237678,957,6320304,38,586913,2496,3277792,3897,337758,6393,3615550,8649,7815.57,17760492,14144942,0
"2022-05-28",721,7238399,515,6320819,19,586932,1780,3279572,2063,339821,3843,3619393,5098,7611.71,17765590,14146197,0
"2022-05-29",476,7238875,217,6321036,11,586943,760,3280332,1118,340939,1878,3621271,2582,7438.14,17768172,14146901,0
"2022-05-30",91,7238966,58,6321094,6,586949,138,3280470,146,341085,284,3621555,439,6208,17768611,14147056,0
"2022-05-31",1144,7240110,920,6322014,51,587000,1885,3282355,3053,344138,4938,3626493,7053,5900.29,17775664,14149171,0
"2022-06-01",1164,7241274,849,6322863,63,587063,1966,3284321,3409,347547,5375,3631868,7451,5685.14,17783115,14151247,0
"2022-06-02",1036,7242310,802,6323665,72,587135,1821,3286142,3159,350706,4980,3636848,6890,5451.71,17790005,14153157,0
"2022-06-03",1172,7243482,894,6324559,47,587182,2056,3288198,3483,354189,5539,3642387,7652,5309.29,17797657,14155270,0
"2022-06-04",728,7244210,581,6325140,26,587208,1552,3289750,1899,356088,3451,3645838,4788,5265,17802445,14156607,0
"2022-06-05",451,7244661,297,6325437,1,587209,881,3290631,977,357065,1858,3647696,2607,5268.57,17805052,14157356,0
"2022-06-06",1127,7245788,828,6326265,64,587273,1751,3292382,2729,359794,4480,3652176,6499,6134.29,17811551,14159375,0
"2022-06-07",1028,7246816,768,6327033,70,587343,1780,3294162,2561,362355,4341,3656517,6207,6013.43,17817758,14161241,0
"2022-06-08",1099,7247915,837,6327870,75,587418,1873,3296035,2737,365092,4610,3661127,6622,5895,17824380,14163253,0
"2022-06-09",1147,7249062,839,6328709,61,587479,2218,3298253,2682,367774,4900,3666027,6947,5903.14,17831327,14165300,0
"2022-06-10",1053,7250115,821,6329530,75,587554,1878,3300131,2815,370589,4693,3670720,6642,5758.86,17837969,14167249,0
"2022-06-11",682,7250797,507,6330037,25,587579,1322,3301453,1503,372092,2825,3673545,4039,5651.86,17842008,14168463,0
"2022-06-12",352,7251149,288,6330325,21,587600,879,3302332,769,372861,1648,3675193,2309,5609.29,17844317,14169124,0
"2022-06-13",1035,7252184,770,6331095,63,587663,1571,3303903,2179,375040,3750,3678943,5619,5483.57,17849936,14170993,0
"2022-06-14",966,7253150,832,6331927,64,587727,1678,3305581,2491,377531,4169,3683112,6031,5458.43,17855967,14172855,0
"2022-06-15",982,7254132,867,6332794,39,587766,1656,3307237,2406,379937,4062,3687174,5950,5362.43,17861917,14174743,0
"2022-06-16",960,7255092,780,6333574,59,587825,1826,3309063,2355,382292,4181,3691355,5980,5224.29,17867897,14176542,0
"2022-06-17",910,7256002,796,6334370,48,587873,1750,3310813,2396,384688,4146,3695501,5901,5118.43,17873798,14178297,0
"2022-06-18",666,7256668,522,6334892,26,587899,1274,3312087,1291,385979,2565,3698066,3779,5081.29,17877577,14179511,0
"2022-06-19",351,7257019,236,6335128,16,587915,727,3312814,603,386582,1330,3699396,1933,5027.57,17879510,14180114,0
"2022-06-20",837,7257856,490,6335618,41,587956,1569,3314383,1612,388194,3181,3702577,4549,4874.71,17884059,14181482,0
"2022-06-21",1139,7258995,740,6336358,50,588006,1693,3316076,2130,390324,3823,3706400,5753,4835,17889812,14183412,0
"2022-06-22",1971,7260966,827,6337185,46,588052,1693,3317769,1986,392310,3679,3710079,6523,4916.86,17896335,14186256,0
"2022-06-23",2122,7263088,763,6337948,65,588117,1694,3319463,2145,394455,3839,3713918,6790,5032.57,17903125,14189207,0
"2022-06-24",2185,7265273,758,6338706,48,588165,1622,3321085,2141,396596,3763,3717681,6754,5154.43,17909879,14192198,0
"2022-06-25",2138,7267411,494,6339200,15,588180,1233,3322318,1138,397734,2371,3720052,5021,5331.86,17914900,14194848,0
"2022-06-26",1208,7268619,251,6339451,14,588194,680,3322998,530,398264,1210,3721262,2683,5439,17917583,14196321,0
"2022-06-27",1538,7270157,654,6340105,60,588254,1458,3324456,1642,399906,3100,3724362,5352,5553.71,17922935,14198573,0
"2022-06-28",1694,7271851,833,6340938,53,588307,1848,3326304,2138,402044,3986,3728348,6566,5669.86,17929501,14201153,0
"2022-06-29",1861,7273712,773,6341711,48,588355,1712,3328016,1916,403960,3628,3731976,6310,5639.43,17935811,14203835,0
"2022-06-30",1863,7275575,804,6342515,46,588401,1731,3329747,2116,406076,3847,3735823,6560,5606.57,17942371,14206548,0
"2022-07-01",1594,7277169,598,6343113,26,588427,1385,3331132,1720,407796,3105,3738928,5323,5402.14,17947694,14208766,0
"2022-07-02",974,7278143,383,6343496,18,588445,831,3331963,926,408722,1757,3740685,3132,5132.29,17950826,14210141,0
"2022-07-03",530,7278673,205,6343701,7,588452,457,3332420,487,409209,944,3741629,1686,4989.86,17952512,14210883,0
"2022-07-04",35,7278708,26,6343727,1,588453,30,3332450,38,409247,68,3741697,130,4243.86,17952642,14210945,0
"2022-07-05",1283,7279991,754,6344481,35,588488,1402,3333852,1737,410984,3139,3744836,5211,4050.29,17957853,14213017,0
"2022-07-06",1612,7281603,678,6345159,44,588532,1441,3335293,1831,412815,3272,3748108,5606,3949.71,17963459,14215351,0
"2022-07-07",1588,7283191,717,6345876,48,588580,1524,3336817,1992,414807,3516,3751624,5869,3851,17969328,14217704,0
"2022-07-08",1630,7284821,646,6346522,37,588617,1467,3338284,1970,416777,3437,3755061,5751,3912.14,17975079,14220018,0
"2022-07-09",983,7285804,413,6346935,26,588643,877,3339161,1339,418116,2216,3757277,3638,3984.43,17978717,14221440,0
"2022-07-10",638,7286442,186,6347121,17,588660,428,3339589,660,418776,1088,3758365,1929,4019.14,17980646,14222281,0
"2022-07-11",1396,7287838,632,6347753,49,588709,1426,3341015,2205,420981,3631,3761996,5708,4816,17986354,14224358,0
"2022-07-12",1401,7289239,685,6348438,45,588754,1395,3342410,2509,423490,3904,3765900,6035,4933.71,17992389,14226489,0
"2022-07-13",1620,7290859,725,6349163,36,588790,1509,3343919,2791,426281,4300,3770200,6681,5087.29,17999070,14228870,0
"2022-07-14",1590,7292449,838,6350001,47,588837,1595,3345514,3044,429325,4639,3774839,7115,5265.29,18006185,14231346,0
"2022-07-15",1614,7294063,926,6350927,45,588882,1559,3347073,3039,432364,4598,3779437,7183,5469.86,18013368,14233931,0
"2022-07-16",880,7294943,584,6351511,9,588891,975,3348048,1686,434050,2661,3782098,4134,5540.71,18017502,14235404,0
"2022-07-17",549,7295492,292,6351803,16,588907,529,3348577,1164,435214,1693,3783791,2550,5629.43,18020052,14236261,0
"2022-07-18",1395,7296887,838,6352641,45,588952,1428,3350005,2437,437651,3865,3787656,6143,5691.57,18026195,14238539,0
"2022-07-19",1439,7298326,975,6353616,51,589003,1537,3351542,2792,440443,4329,3791985,6794,5800,18032989,14241004,0
"2022-07-20",1382,7299708,1476,6355092,50,589053,1341,3352883,2382,442825,3723,3795708,6632,5793,18039621,14243913,0
"2022-07-21",1331,7301039,1432,6356524,47,589100,1387,3354270,2354,445179,3741,3799449,6551,5712.43,18046172,14246723,0
"2022-07-22",1425,7302464,1559,6358083,41,589141,1545,3355815,2835,448014,4380,3803829,7405,5744.14,18053577,14249748,0
"2022-07-23",903,7303367,1091,6359174,17,589158,991,3356806,1546,449560,2537,3806366,4548,5803.29,18058125,14251759,0
"2022-07-24",489,7303856,638,6359812,14,589172,500,3357306,801,450361,1301,3807667,2443,5788,18060568,14252901,0
"2022-07-25",1212,7305068,766,6360578,59,589231,1252,3358558,2052,452413,3304,3810971,5341,5673.43,18065909,14254938,0
"2022-07-26",1227,7306295,1014,6361592,40,589271,1461,3360019,2425,454838,3886,3814857,6167,5583.86,18072076,14257219,0
"2022-07-27",1318,7307613,1270,6362862,41,589312,1378,3361397,2179,457017,3557,3818414,6188,5520.43,18078264,14259850,0
"2022-07-28",1300,7308913,1407,6364269,71,589383,1419,3362816,2189,459206,3608,3822022,6386,5496.86,18084650,14262628,0
"2022-07-29",1317,7310230,1423,6365692,64,589447,1341,3364157,2122,461328,3463,3825485,6268,5334.43,18090918,14265433,0
"2022-07-30",725,7310955,715,6366407,25,589472,782,3364939,939,462267,1721,3827206,3189,5140.29,18094107,14266901,0
"2022-07-31",420,7311375,587,6366994,14,589486,487,3365426,570,462837,1057,3828263,2078,5088.14,18096185,14267922,0
"2022-08-01",1223,7312598,901,6367895,55,589541,1315,3366741,1491,464328,2806,3831069,4985,5037.29,18101170,14270101,0
"2022-08-02",1219,7313817,1007,6368902,73,589614,1325,3368066,1579,465907,2904,3833973,5203,4899.57,18106373,14272400,0
"2022-08-03",1258,7315075,1170,6370072,41,589655,1313,3369379,1460,467367,2773,3836746,5242,4764.43,18111615,14274869,0
"2022-08-04",1170,7316245,1161,6371233,53,589708,1254,3370633,1368,468735,2622,3839368,5006,4567.29,18116621,14277253,0
"2022-08-05",1289,7317534,1409,6372642,45,589753,1279,3371912,1332,470067,2611,3841979,5354,4436.71,18121975,14279996,0
"2022-08-06",681,7318215,833,6373475,14,589767,732,3372644,703,470770,1435,3843414,2964,4404.57,18124939,14281525,0
"2022-08-07",389,7318604,455,6373930,14,589781,418,3373062,340,471110,758,3844172,1616,4338.57,18126555,14282383,0
"2022-08-08",1164,7319768,910,6374840,67,589848,1227,3374289,1101,472211,2328,3846500,4469,4264.86,18131024,14284524,0
"2022-08-09",1117,7320885,875,6375715,37,589885,1175,3375464,1086,473297,2261,3848761,4290,4134.43,18135314,14286553,0
"2022-08-10",1200,7322085,1086,6376801,54,589939,1209,3376673,1146,474443,2355,3851116,4695,4056.29,18140009,14288893,0
"2022-08-11",1283,7323368,1031,6377832,78,590017,1173,3377846,1194,475637,2367,3853483,4759,4021,18144768,14291285,0
"2022-08-12",1305,7324673,1369,6379201,51,590068,1219,3379065,1174,476811,2393,3855876,5118,3987.29,18149886,14294010,0
"2022-08-13",740,7325413,773,6379974,15,590083,737,3379802,557,477368,1294,3857170,2822,3967,18152708,14295538,0
"2022-08-14",488,7325901,481,6380455,19,590102,396,3380198,269,477637,665,3857835,1653,3972.29,18154361,14296526,0
"2022-08-15",1263,7327164,1022,6381477,54,590156,1253,3381451,909,478546,2162,3859997,4501,3976.86,18158862,14298865,0
"2022-08-16",1274,7328438,836,6382313,42,590198,1329,3382780,1002,479548,2331,3862328,4483,4004.43,18163345,14301017,0
"2022-08-17",1195,7329633,930,6383243,37,590235,1203,3383983,922,480470,2125,3864453,4287,3946.14,18167632,14303179,0
"2022-08-18",1138,7330771,923,6384166,43,590278,1234,3385217,867,481337,2101,3866554,4205,3867,18171837,14305283,0
"2022-08-19",1218,7331989,1087,6385253,33,590311,1083,3386300,905,482242,1988,3868542,4326,3753.86,18176163,14307621,0
"2022-08-20",574,7332563,474,6385727,15,590326,612,3386912,449,482691,1061,3869603,2124,3654.14,18178287,14308684,0
"2022-08-21",348,7332911,245,6385972,9,590335,372,3387284,255,482946,627,3870230,1229,3593.57,18179516,14309286,0
"2022-08-22",1182,7334093,900,6386872,36,590371,1203,3388487,820,483766,2023,3872253,4141,3542.14,18183657,14311404,0
"2022-08-23",1208,7335301,1017,6387889,42,590413,1348,3389835,870,484636,2218,3874471,4486,3542.57,18188143,14313672,0
"2022-08-24",1247,7336548,982,6388871,28,590441,1249,3391084,752,485388,2001,3876472,4259,3538.57,18192402,14315930,0
"2022-08-25",1178,7337726,930,6389801,59,590500,1161,3392245,754,486142,1915,3878387,4082,3521,18196484,14318097,0
"2022-08-26",1140,7338866,1145,6390946,52,590552,1149,3393394,722,486864,1871,3880258,4208,3504.14,18200692,14320434,0
"2022-08-27",663,7339529,511,6391457,13,590565,654,3394048,367,487231,1021,3881279,2208,3516.14,18202900,14321621,0
"2022-08-28",371,7339900,230,6391687,9,590574,434,3394482,209,487440,643,3881922,1253,3519.57,18204153,14322231,0
"2022-08-29",1111,7341011,895,6392582,39,590613,1076,3395558,558,487998,1634,3883556,3680,3453.71,18207833,14324277,0
"2022-08-30",1199,7342210,909,6393491,31,590644,1221,3396779,683,488681,1904,3885460,4043,3390.43,18211876,14326416,0
"2022-08-31",1103,7343313,953,6394444,39,590683,1048,3397827,526,489207,1574,3887034,3669,3306.14,18215545,14328511,0
"2022-09-01",960,7344273,894,6395338,41,590724,771,3398598,420,489627,1191,3888225,3086,3163.86,18218631,14330406,0
"2022-09-02",899,7345172,957,6396295,25,590749,545,3399143,150,489777,695,3888920,2576,2930.71,18221207,14332287,0
"2022-09-03",458,7345630,392,6396687,12,590761,330,3399473,55,489832,385,3889305,1247,2793.43,18222454,14333149,0
"2022-09-04",216,7345846,189,6396876,10,590771,181,3399654,32,489864,213,3889518,628,2704.14,18223082,14333564,0
"2022-09-05",70,7345916,65,6396941,4,590775,40,3399694,12,489876,52,3889570,191,2205.71,18223273,14333703,0
"2022-09-06",907,7346823,1097,6398038,46,590821,592,3400286,117,489993,709,3890279,2764,2023,18226037,14335758,0
"2022-09-07",752,7347575,903,6398941,32,590853,384,3400670,124,490117,508,3890787,2206,1814,18228243,14337456,0
"2022-09-08",607,7348182,610,6399551,30,590883,206,3400876,84,490201,290,3891077,1558,1595.71,18229801,14338724,0
"2022-09-09",615,7348797,866,6400417,41,590924,194,3401070,87,490288,281,3891358,1879,1496.14,18231680,14340322,120000
"2022-09-10",338,7349135,457,6400874,11,590935,195,3401265,37,490325,232,3891590,1068,1470.57,18232748,14341158,120000
"2022-09-11",140,7349275,179,6401053,7,590942,67,3401332,25,490350,92,3891682,434,1442.86,18233182,14341500,120000
"2022-09-12",558,7349833,609,6401662,36,590978,164,3401496,72,490422,236,3891918,1492,1628.71,18234674,14342756,120000
"2022-09-13",529,7350362,630,6402292,24,591002,181,3401677,79,490501,260,3892178,1525,1451.71,18236199,14344021,120000
"2022-09-14",515,7350877,649,6402941,22,591024,177,3401854,120,490621,297,3892475,1588,1363.43,18237787,14345312,120000
"2022-09-15",250,7351127,222,6403163,5,591029,67,3401921,61,490682,128,3892603,657,1234.71,18238444,14345841,120000
