"DATE","ADMIN_DOSE1_DAILY","ADMIN_DOSE1_CUMULATIVE","ADMIN_DOSE2_DAILY","ADMIN_DOSE2_CUMULATIVE","ADMIN_SINGLE_DAILY","ADMIN_SINGLE_CUMULATIVE","ADMIN_ALLDOSES_DAILY","ADMIN_ALLDOSES_7DAYAVG","ADMIN_ALLDOSES_CUMULATIVE","INCOMPLETE"
"2020-12-14",78,78,0,0,0,0,78,,78,0
"2020-12-15",2041,2119,2,2,3,3,2046,,2124,0
"2020-12-16",4516,6635,10,12,1,4,4527,,6651,0
"2020-12-17",4505,11140,13,25,0,4,4518,,11169,0
"2020-12-18",5782,16922,21,46,2,6,5805,,16974,0
"2020-12-19",1685,18607,6,52,3,9,1694,,18668,0
"2020-12-20",1107,19714,1,53,1,10,1109,2825.29,19777,0
"2020-12-21",6265,25979,10,63,1,11,6276,3710.71,26053,0
"2020-12-22",9748,35727,17,80,2,13,9767,4813.71,35820,0
"2020-12-23",14231,49958,27,107,1,14,14259,6204,50079,0
"2020-12-24",7196,57154,50,157,1,15,7247,6593.86,57326,0
"2020-12-25",179,57333,0,157,0,15,179,5790.14,57505,0
"2020-12-26",4324,61657,31,188,0,15,4355,6170.29,61860,0
"2020-12-27",3833,65490,6,194,0,15,3839,6560.29,65699,0
"2020-12-28",10962,76452,29,223,0,15,10991,7233.86,76690,0
"2020-12-29",10704,87156,20,243,2,17,10726,7370.86,87416,0
"2020-12-30",12773,99929,49,292,0,17,12822,7165.57,100238,0
"2020-12-31",7233,107162,17,309,0,17,7250,7166,107488,0
"2021-01-01",166,107328,2,311,1,18,169,7164.57,107657,0
"2021-01-02",3807,111135,7,318,2,20,3816,7087.57,111473,0
"2021-01-03",3526,114661,16,334,1,21,3543,7045.29,115016,0
"2021-01-04",12188,126849,786,1120,0,21,12974,7328.57,127990,0
"2021-01-05",13958,140807,2130,3250,0,21,16088,8094.57,144078,0
"2021-01-06",17736,158543,3847,7097,0,21,21583,9346.14,165661,0
"2021-01-07",16511,175054,5020,12117,3,24,21534,11386.71,187195,0
"2021-01-08",16476,191530,5306,17423,0,24,21782,14474.29,208977,0
"2021-01-09",7665,199195,1435,18858,1,25,9101,15229.29,218078,0
"2021-01-10",7841,207036,967,19825,0,25,8808,15981.43,226886,0
"2021-01-11",25639,232675,7290,27115,0,25,32929,18832.14,259815,0
"2021-01-12",27896,260571,7762,34877,0,25,35658,21627.86,295473,0
"2021-01-13",31410,291981,9306,44183,1,26,40717,24361.29,336190,0
"2021-01-14",35493,327474,5250,49433,1,27,40744,27105.57,376934,0
"2021-01-15",28910,356384,3553,52986,2,29,32465,28631.71,409399,0
"2021-01-16",30079,386463,2298,55284,0,29,32377,31956.86,441776,0
"2021-01-17",23800,410263,1537,56821,0,29,25337,34318.14,467113,0
"2021-01-18",26852,437115,2308,59129,0,29,29160,33779.71,496273,0
"2021-01-19",33894,471009,9506,68635,2,31,43402,34886,539675,0
"2021-01-20",34445,505454,9336,77971,1,32,43782,35323.86,583457,0
"2021-01-21",25183,530637,7948,85919,0,32,33131,34236.29,616588,0
"2021-01-22",24226,554863,4331,90250,0,32,28557,33678,645145,0
"2021-01-23",15304,570167,3181,93431,0,32,18485,31693.43,663630,0
"2021-01-24",6979,577146,3364,96795,0,32,10343,29551.43,673973,0
"2021-01-25",12905,590051,11455,108250,0,32,24360,28865.71,698333,0
"2021-01-26",16383,606434,10521,118771,0,32,26904,26508.86,725237,0
"2021-01-27",20373,626807,12135,130906,0,32,32508,24898.29,757745,0
"2021-01-28",30429,657236,12645,143551,0,32,43074,26318.71,800819,0
"2021-01-29",31367,688603,11213,154764,0,32,42580,28322,843399,0
"2021-01-30",18416,707019,3642,158406,0,32,22058,28832.43,865457,0
"2021-01-31",12743,719762,2842,161248,0,32,15585,29581.29,881042,0
"2021-02-01",1110,720872,5266,166514,2,34,6378,27012.43,887420,0
"2021-02-02",2760,723632,9235,175749,2,36,11997,24882.86,899417,0
"2021-02-03",16218,739850,20660,196409,3,39,36881,25507.57,936298,0
"2021-02-04",26737,766587,19099,215508,1,40,45837,25902.29,982135,0
"2021-02-05",27311,793898,19483,234991,0,40,46794,26504.29,1028929,0
"2021-02-06",22826,816724,11003,245994,0,40,33829,28185.86,1062758,0
"2021-02-07",12101,828825,8061,254055,0,40,20162,28839.71,1082920,0
"2021-02-08",16825,845650,23052,277107,2,42,39879,33625.57,1122799,0
"2021-02-09",17019,862669,27596,304703,2,44,44617,38285.57,1167416,0
"2021-02-10",19468,882137,28695,333398,1,45,48164,39897.43,1215580,0
"2021-02-11",27803,909940,32782,366180,2,47,60587,42004.57,1276167,0
"2021-02-12",38296,948236,30115,396295,3,50,68414,45093.14,1344581,0
"2021-02-13",27822,976058,24788,421083,2,52,52612,47776.43,1397193,0
"2021-02-14",16266,992324,23366,444449,0,52,39632,50557.86,1436825,0
"2021-02-15",12813,1005137,10086,454535,1,53,22900,48132.29,1459725,0
"2021-02-16",14084,1019221,26139,480674,0,53,40223,47504.57,1499948,0
"2021-02-17",16136,1035357,21611,502285,1,54,37748,46016.57,1537696,0
"2021-02-18",12008,1047365,24548,526833,22,76,36578,42586.71,1574274,0
"2021-02-19",13102,1060467,23522,550355,40,116,36664,38051,1610938,0
"2021-02-20",11184,1071651,25815,576170,6,122,37005,35821.43,1647943,0
"2021-02-21",6292,1077943,17292,593462,15,137,23599,33531,1671542,0
"2021-02-22",12679,1090622,11609,605071,2,139,24290,33729.57,1695832,0
"2021-02-23",24942,1115564,13881,618952,1,140,38824,33529.71,1734656,0
"2021-02-24",36025,1151589,19709,638661,0,140,55734,36099.14,1790390,0
"2021-02-25",54374,1205963,29364,668025,7,147,83745,42837.29,1874135,0
"2021-02-26",62695,1268658,30889,698914,4,151,93588,50969.29,1967723,0
"2021-02-27",51195,1319853,22042,720956,49,200,73286,56152.29,2041009,0
"2021-02-28",44862,1364715,13174,734130,3,203,58039,61072.29,2099048,0
"2021-03-01",39000,1403715,12032,746162,8,211,51040,64893.71,2150088,0
"2021-03-02",46820,1450535,11735,757897,6,217,58561,67713.29,2208649,0
"2021-03-03",48264,1498799,15324,773221,16,233,63604,68837.57,2272253,0
"2021-03-04",59486,1558285,22050,795271,1088,1321,82624,68677.43,2354877,0
"2021-03-05",60524,1618809,23590,818861,3111,4432,87225,67768.43,2442102,0
"2021-03-06",46943,1665752,18341,837202,5433,9865,70717,67401.43,2512819,0
"2021-03-07",35962,1701714,14495,851697,6243,16108,56700,67210.14,2569519,0
"2021-03-08",39329,1741043,14265,865962,8547,24655,62141,68796,2631660,0
"2021-03-09",38821,1779864,11953,877915,7771,32426,58545,68793.71,2690205,0
"2021-03-10",51396,1831260,14177,892092,5048,37474,70621,69796.14,2760826,0
"2021-03-11",59840,1891100,20631,912723,4567,42041,85038,70141,2845864,0
"2021-03-12",51967,1943067,29256,941979,4137,46178,85360,69874.57,2931224,0
"2021-03-13",40503,1983570,26310,968289,5101,51279,71914,70045.57,3003138,0
"2021-03-14",30632,2014202,15441,983730,4555,55834,50628,69178.14,3053766,0
"2021-03-15",33347,2047549,16195,999925,4798,60632,54340,68063.71,3108106,0
"2021-03-16",38402,2085951,19310,1019235,4914,65546,62626,68646.71,3170732,0
"2021-03-17",42374,2128325,23563,1042798,4245,69791,70182,68584,3240914,0
"2021-03-18",50332,2178657,25606,1068404,5275,75066,81213,68037.57,3322127,0
"2021-03-19",47586,2226243,28656,1097060,5613,80679,81855,67536.86,3403982,0
"2021-03-20",38565,2264808,24845,1121905,4673,85352,68083,66989.57,3472065,0
"2021-03-21",29193,2294001,18464,1140369,769,86121,48426,66675,3520491,0
"2021-03-22",33682,2327683,25498,1165867,4021,90142,63201,67940.86,3583692,0
"2021-03-23",38220,2365903,31374,1197241,4202,94344,73796,69536.57,3657488,0
"2021-03-24",41326,2407229,36177,1233418,4800,99144,82303,71268.14,3739791,0
"2021-03-25",43261,2450490,48891,1282309,5015,104159,97167,73547.29,3836958,0
"2021-03-26",38373,2488863,53302,1335611,4237,108396,95912,75555.43,3932870,0
"2021-03-27",35652,2524515,43668,1379279,2918,111314,82238,77577.57,4015108,0
"2021-03-28",26308,2550823,32684,1411963,1468,112782,60460,79296.71,4075568,0
"2021-03-29",34658,2585481,36980,1448943,3233,116015,74871,80963.86,4150439,0
"2021-03-30",40271,2625752,40372,1489315,3676,119691,84319,82467.14,4234758,0
"2021-03-31",49254,2675006,43161,1532476,7417,127108,99832,84971.29,4334590,0
"2021-04-01",50553,2725559,52697,1585173,11095,138203,114345,87425.29,4448935,0
"2021-04-02",43549,2769108,52711,1637884,11796,149999,108056,89160.14,4556991,0
"2021-04-03",39081,2808189,38312,1676196,9769,159768,87162,89863.57,4644153,0
"2021-04-04",26481,2834670,23793,1699989,3854,163622,54128,88959,4698281,0
"2021-04-05",41726,2876396,33620,1733609,11064,174686,86410,90607.43,4784691,0
"2021-04-06",52929,2929325,34324,1767933,12976,187662,100229,92880.29,4884920,0
"2021-04-07",55350,2984675,39520,1807453,14084,201746,108954,94183.43,4993874,0
"2021-04-08",58997,3043672,45352,1852805,15746,217492,120095,95004.86,5113969,0
"2021-04-09",56401,3100073,43543,1896348,16901,234393,116845,96260.43,5230814,0
"2021-04-10",49170,3149243,35259,1931607,12523,246916,96952,97659,5327766,0
"2021-04-11",38090,3187333,28634,1960241,7472,254388,74196,100525.86,5401962,0
"2021-04-12",46431,3233764,31421,1991662,13231,267619,91083,101193.43,5493045,0
"2021-04-13",52326,3286090,33254,2024916,336,267955,85916,99148.71,5578961,0
"2021-04-14",49999,3336089,39391,2064307,8,267963,89398,96355,5668359,0
"2021-04-15",51997,3388086,43032,2107339,9,267972,95038,92775.43,5763397,0
"2021-04-16",51018,3439104,41670,2149009,20,267992,92708,89327.29,5856105,0
"2021-04-17",43833,3482937,35235,2184244,3,267995,79071,86772.86,5935176,0
"2021-04-18",28645,3511582,29168,2213412,2,267997,57815,84432.71,5992991,0
"2021-04-19",37366,3548948,35928,2249340,14,268011,73308,81893.43,6066299,0
"2021-04-20",40675,3589623,39109,2288449,16,268027,79800,81019.71,6146099,0
"2021-04-21",38958,3628581,45231,2333680,11,268038,84200,80277.14,6230299,0
"2021-04-22",38541,3667122,48235,2381915,5,268043,86781,79097.57,6317080,0
"2021-04-23",39651,3706773,43708,2425623,5,268048,83364,77762.71,6400444,0
"2021-04-24",31841,3738614,41137,2466760,46,268094,73024,76898.86,6473468,0
"2021-04-25",18409,3757023,31083,2497843,82,268176,49574,75721.57,6523042,0
"2021-04-26",26862,3783885,40268,2538111,998,269174,68128,74981.57,6591170,0
"2021-04-27",28583,3812468,46303,2584414,1669,270843,76555,74518,6667725,0
"2021-04-28",27166,3839634,56200,2640614,2135,272978,85501,74703.86,6753226,0
"2021-04-29",28767,3868401,56531,2697145,2097,275075,87395,74791.57,6840621,0
"2021-04-30",30189,3898590,51262,2748407,1998,277073,83449,74803.71,6924070,0
"2021-05-01",22544,3921134,44108,2792515,1136,278209,67788,74055.71,6991858,0
"2021-05-02",11932,3933066,36472,2828987,1075,279284,49479,74042.14,7041337,0
"2021-05-03",18004,3951070,52571,2881558,2336,281620,72911,74725.43,7114248,0
"2021-05-04",22732,3973802,55989,2937547,2297,283917,81018,75363,7195266,0
"2021-05-05",21578,3995380,48204,2985751,2290,286207,72072,73444.57,7267338,0
"2021-05-06",20671,4016051,49600,3035351,2473,288680,72744,71351.57,7340082,0
"2021-05-07",21295,4037346,51579,3086930,2765,291445,75639,70235.86,7415721,0
"2021-05-08",16654,4054000,41477,3128407,1829,293274,59960,69117.57,7475681,0
"2021-05-09",7995,4061995,29279,3157686,1248,294522,38522,67552.29,7514203,0
"2021-05-10",14343,4076338,38158,3195844,2319,296841,54820,64967.86,7569023,0
"2021-05-11",19960,4096298,42539,3238383,2468,299309,64967,62674.86,7633990,0
"2021-05-12",17694,4113992,39890,3278273,3556,302865,61140,61113.14,7695130,0
"2021-05-13",24933,4138925,39839,3318112,3211,306076,67983,60433,7763113,0
"2021-05-14",26962,4165887,42361,3360473,3493,309569,72816,60029.71,7835929,0
"2021-05-15",23653,4189540,34498,3394971,3346,312915,61497,60249.29,7897426,0
"2021-05-16",15538,4205078,19269,3414240,2490,315405,37297,60074.29,7934723,0
"2021-05-17",22609,4227687,28761,3443001,3202,318607,54572,60038.86,7989295,0
"2021-05-18",24612,4252299,31423,3474424,3352,321959,59387,59241.71,8048682,0
"2021-05-19",24216,4276515,29230,3503654,3002,324961,56448,58571.43,8105130,0
"2021-05-20",24095,4300610,29543,3533197,3095,328056,56733,56964.29,8161863,0
"2021-05-21",24654,4325264,31424,3564621,3022,331078,59100,55004.86,8220963,0
"2021-05-22",19935,4345199,24013,3588634,2514,333592,46462,52857,8267425,0
"2021-05-23",11229,4356428,13653,3602287,1403,334995,26285,51283.86,8293710,0
"2021-05-24",18824,4375252,22841,3625128,2723,337718,44388,49829,8338098,0
"2021-05-25",19390,4394642,22934,3648062,2554,340272,44878,47756.29,8382976,0
"2021-05-26",18589,4413231,20727,3668789,2658,342930,41974,45688.57,8424950,0
"2021-05-27",18276,4431507,20864,3689653,2512,345442,41652,43534.14,8466602,0
"2021-05-28",17754,4449261,22560,3712213,2707,348149,43021,41237.14,8509623,0
"2021-05-29",12670,4461931,17554,3729767,1751,349900,31975,39167.57,8541598,0
"2021-05-30",7032,4468963,8899,3738666,1072,350972,17003,37841.57,8558601,0
"2021-05-31",4753,4473716,6822,3745488,1009,351981,12584,33298.14,8571185,0
"2021-06-01",15983,4489699,24765,3770253,2138,354119,42886,33013.57,8614071,0
"2021-06-02",15365,4505064,19934,3790187,2061,356180,37360,32354.43,8651431,0
"2021-06-03",14932,4519996,23369,3813556,2253,358433,40554,32197.57,8691985,0
"2021-06-04",14596,4534592,25470,3839026,2429,360862,42495,32122.43,8734480,0
"2021-06-05",10949,4545541,21766,3860792,1797,362659,34512,32484.86,8768992,0
"2021-06-06",6477,4552018,14296,3875088,1215,363874,21988,33197,8790980,0
"2021-06-07",11662,4563680,21427,3896515,2342,366216,35431,36460.86,8826411,0
"2021-06-08",12593,4576273,23688,3920203,2037,368253,38318,35808.29,8864729,0
"2021-06-09",11030,4587303,22570,3942773,2239,370492,35839,35591,8900568,0
"2021-06-10",12011,4599314,21741,3964514,2404,372896,36156,34962.71,8936724,0
"2021-06-11",12575,4611889,24654,3989168,2412,375308,39641,34555,8976365,0
"2021-06-12",10147,4622036,18995,4008163,1871,377179,31013,34055.14,9007378,0
"2021-06-13",4235,4626271,10848,4019011,1213,378392,16296,33242,9023674,0
"2021-06-14",10103,4636374,18814,4037825,2010,380402,30927,32598.57,9054601,0
"2021-06-15",11792,4648166,20673,4058498,1911,382313,34376,32035.43,9088977,0
"2021-06-16",11563,4659729,19010,4077508,1921,384234,32494,31557.57,9121471,0
"2021-06-17",10963,4670692,18250,4095758,1933,386167,31146,30841.86,9152617,0
"2021-06-18",12079,4682771,17975,4113733,2083,388250,32137,29769.86,9184754,0
"2021-06-19",8432,4691203,13183,4126916,1441,389691,23056,28633.14,9207810,0
"2021-06-20",4353,4695556,7094,4134010,905,390596,12352,28069.71,9220162,0
"2021-06-21",10053,4705609,9719,4143729,1750,392346,21522,26726.14,9241684,0
"2021-06-22",9742,4715351,15345,4159074,1536,393882,26623,25618.57,9268307,0
"2021-06-23",10226,4725577,14742,4173816,1804,395686,26772,24801.14,9295079,0
"2021-06-24",9527,4735104,14302,4188118,1737,397423,25566,24004,9320645,0
"2021-06-25",10485,4745589,13988,4202106,1651,399074,26124,23145,9346769,0
"2021-06-26",7769,4753358,10233,4212339,1212,400286,19214,22596.14,9365983,0
"2021-06-27",4989,4758347,5925,4218264,758,401044,11672,22499,9377655,0
"2021-06-28",8932,4767279,10093,4228357,1465,402509,20490,22351.57,9398145,0
"2021-06-29",9694,4776973,11955,4240312,1304,403813,22953,21827.29,9421098,0
"2021-06-30",9220,4786193,10511,4250823,1426,405239,21157,21025.14,9442255,0
"2021-07-01",9171,4795364,10500,4261323,1367,406606,21038,20378.29,9463293,0
"2021-07-02",9321,4804685,10746,4272069,1387,407993,21454,19711.14,9484747,0
"2021-07-03",6846,4811531,7744,4279813,1085,409078,15675,19205.57,9500422,0
"2021-07-04",1215,4812746,1087,4280900,513,409591,2815,17940.29,9503237,0
"2021-07-05",6310,4819056,6604,4287504,1069,410660,13983,17010.71,9517220,120000
"2021-07-06",9214,4828270,12052,4299556,1183,411843,22449,16938.71,9539669,120000
"2021-07-07",8248,4836518,10308,4309864,1247,413090,19803,16745.29,9559472,120000
"2021-07-08",7755,4844273,9406,4319270,1114,414204,18275,16350.57,9577747,120000
"2021-07-09",7851,4852124,9991,4329261,1145,415349,18987,15998.14,9596734,120000
"2021-07-10",6733,4858857,8031,4337292,1052,416401,15816,16018.29,9612550,120000
"2021-07-11",1452,4860309,1983,4339275,313,416714,3748,16151.57,9616298,120000
