"DATE","ADMIN_DOSE1_DAILY","ADMIN_DOSE1_CUMULATIVE","ADMIN_DOSE2_DAILY","ADMIN_DOSE2_CUMULATIVE","ADMIN_SINGLE_DAILY","ADMIN_SINGLE_CUMULATIVE","ADMIN_ADDITIONAL_DAILY","ADMIN_ADDITIONAL_CUMULATIVE","ADMIN_ALLDOSES_DAILY","ADMIN_ALLDOSES_7DAYAVG","ADMIN_ALLDOSES_CUMULATIVE","INCOMPLETE"
"2020-12-14",79,79,0,0,0,0,0,0,79,,79,0
"2020-12-15",2052,2131,6,6,4,4,0,0,2062,,2141,0
"2020-12-16",4602,6733,13,19,1,5,1,1,4617,,6758,0
"2020-12-17",4655,11388,17,36,0,5,1,2,4673,,11431,0
"2020-12-18",5833,17221,20,56,2,7,2,4,5857,,17288,0
"2020-12-19",1689,18910,7,63,3,10,0,4,1699,,18987,0
"2020-12-20",1116,20026,2,65,1,11,0,4,1119,2872.29,20106,0
"2020-12-21",6339,26365,17,82,0,11,6,10,6362,3769.86,26468,0
"2020-12-22",9797,36162,27,109,2,13,1,11,9827,4879.14,36295,0
"2020-12-23",14273,50435,36,145,3,16,1,12,14313,6264.29,50608,0
"2020-12-24",7200,57635,25,170,1,17,0,12,7226,6629,57834,0
"2020-12-25",180,57815,0,170,0,17,1,13,181,5818.14,58015,0
"2020-12-26",4390,62205,43,213,0,17,1,14,4434,6208.86,62449,0
"2020-12-27",3868,66073,14,227,0,17,1,15,3883,6603.71,66332,0
"2020-12-28",10994,77067,50,277,1,18,2,17,11047,7273,77379,0
"2020-12-29",10720,87787,34,311,2,20,2,19,10758,7406,88137,0
"2020-12-30",12824,100611,45,356,0,20,0,19,12869,7199.71,101006,0
"2020-12-31",7264,107875,30,386,1,21,0,19,7295,7209.57,108301,0
"2021-01-01",181,108056,2,388,1,22,3,22,187,7210.43,108488,0
"2021-01-02",3810,111866,10,398,2,24,1,23,3823,7123.14,112311,0
"2021-01-03",3544,115410,23,421,2,26,1,24,3570,7078.43,115881,0
"2021-01-04",12257,127667,805,1226,2,28,6,30,13070,7367.43,128951,0
<<<<<<< HEAD
"2021-01-05",14084,141751,2192,3418,2,30,11,41,16289,8157.57,145240,0
"2021-01-06",17808,159559,3922,7340,1,31,30,71,21761,9427.86,167001,0
"2021-01-07",16548,176107,5172,12512,4,35,45,116,21769,11495.57,188770,0
"2021-01-08",16619,192726,5454,17966,0,35,33,149,22106,14626.86,210876,0
"2021-01-09",7649,200375,1463,19429,1,36,7,156,9120,15383.57,219996,0
"2021-01-10",7883,208258,981,20410,0,36,10,166,8874,16141.29,228870,0
"2021-01-11",25816,234074,7458,27868,2,38,47,213,33323,19034.57,262193,0
"2021-01-12",28263,262337,7861,35729,1,39,43,256,36168,21874.43,298361,0
"2021-01-13",31719,294056,9384,45113,1,40,53,309,41157,24645.29,339518,0
"2021-01-14",35806,329862,5326,50439,1,41,30,339,41163,27415.86,380681,0
"2021-01-15",29267,359129,3705,54144,2,43,32,371,33006,28973,413687,0
"2021-01-16",30291,389420,2378,56522,0,43,25,396,32694,32340.71,446381,0
"2021-01-17",23753,413173,1622,58144,0,43,19,415,25394,34700.71,471775,0
"2021-01-18",27106,440279,2415,60559,0,43,34,449,29555,34162.43,501330,0
"2021-01-19",34301,474580,9619,70178,1,44,70,519,43991,35280,545321,0
"2021-01-20",34865,509445,9496,79674,1,45,58,577,44420,35746.14,589741,0
"2021-01-21",25592,535037,8091,87765,2,47,48,625,33733,34684.71,623474,0
"2021-01-22",24753,559790,4383,92148,1,48,33,658,29170,34136.71,652644,0
"2021-01-23",15744,575534,3223,95371,0,48,10,668,18977,32177.14,671621,0
"2021-01-24",7179,582713,3449,98820,0,48,19,687,10647,30070.43,682268,0
"2021-01-25",13414,596127,11819,110639,0,48,63,750,25296,29462,707564,0
"2021-01-26",16769,612896,10746,121385,0,48,68,818,27583,27118,735147,0
"2021-01-27",20833,633729,12357,133742,0,48,50,868,33240,25520.86,768387,0
"2021-01-28",30765,664494,12844,146586,0,48,80,948,43689,26943.14,812076,0
"2021-01-29",31693,696187,11497,158083,0,48,78,1026,43268,28957.14,855344,0
"2021-01-30",18715,714902,3739,161822,0,48,20,1046,22474,29456.71,877818,0
"2021-01-31",13025,727927,2918,164740,1,49,27,1073,15971,30217.29,893789,0
"2021-02-01",1178,729105,5368,170108,4,53,35,1108,6585,27544.29,900374,0
"2021-02-02",2828,731933,9468,179576,2,55,50,1158,12348,25367.86,912722,0
"2021-02-03",16349,748282,21238,200814,4,59,201,1359,37792,26018.14,950514,0
"2021-02-04",27045,775327,19647,220461,3,62,199,1558,46894,26476,997408,0
"2021-02-05",27605,802932,20026,240487,0,62,182,1740,47813,27125.29,1045221,0
"2021-02-06",22993,825925,11247,251734,0,62,108,1848,34348,28821.57,1079569,0
"2021-02-07",12044,837969,8281,260015,1,63,87,1935,20413,29456.14,1099982,0
"2021-02-08",16969,854938,23507,283522,2,65,232,2167,40710,34331.14,1140692,0
"2021-02-09",17201,872139,28109,311631,2,67,326,2493,45638,39086.86,1186330,0
"2021-02-10",19597,891736,29301,340932,2,69,260,2753,49160,40710.86,1235490,0
"2021-02-11",27848,919584,33466,374398,2,71,346,3099,61662,42820.57,1297152,0
"2021-02-12",38406,957990,30786,405184,3,74,354,3453,69549,45925.71,1366701,0
"2021-02-13",28007,985997,25306,430490,2,76,306,3759,53621,48679,1420322,0
"2021-02-14",16284,1002281,23728,454218,0,76,258,4017,40270,51515.71,1460592,0
"2021-02-15",12799,1015080,10521,464739,2,78,168,4185,23490,49055.71,1484082,0
"2021-02-16",14241,1029321,26730,491469,0,78,316,4501,41287,48434.14,1525369,0
"2021-02-17",16407,1045728,22174,513643,1,79,286,4787,38868,46963.86,1564237,0
"2021-02-18",12156,1057884,24987,538630,21,100,282,5069,37446,43504.43,1601683,0
"2021-02-19",13270,1071154,23933,562563,39,139,295,5364,37537,38931.29,1639220,0
"2021-02-20",11351,1082505,26072,588635,6,145,324,5688,37753,36664.43,1676973,0
"2021-02-21",6359,1088864,17423,606058,15,160,285,5973,24082,34351.86,1701055,0
"2021-02-22",13039,1101903,11847,617905,2,162,125,6098,25013,34569.43,1726068,0
"2021-02-23",25244,1127147,14149,632054,1,163,158,6256,39552,34321.57,1765620,0
"2021-02-24",36359,1163506,20362,652416,0,163,218,6474,56939,36903.14,1822559,0
"2021-02-25",54623,1218129,30361,682777,6,169,391,6865,85381,43751,1907940,0
"2021-02-26",62880,1281009,31848,714625,4,173,401,7266,95133,51979,2003073,0
"2021-02-27",51301,1332310,22738,737363,47,220,327,7593,74413,57216.14,2077486,0
"2021-02-28",44602,1376912,13796,751159,7,227,203,7796,58608,62148.43,2136094,0
"2021-03-01",39313,1416225,12761,763920,10,237,166,7962,52250,66039.43,2188344,0
"2021-03-02",47082,1463307,12562,776482,7,244,158,8120,59809,68933.29,2248153,0
"2021-03-03",48603,1511910,16142,792624,17,261,145,8265,64907,70071.57,2313060,0
"2021-03-04",59824,1571734,22797,815421,1092,1353,265,8530,83978,69871.14,2397038,0
"2021-03-05",60994,1632728,24254,839675,3109,4462,330,8860,88687,68950.29,2485725,0
"2021-03-06",47178,1679906,18873,858548,5448,9910,238,9098,71737,68568,2557462,0
"2021-03-07",36042,1715948,14864,873412,6247,16157,226,9324,57379,68392.43,2614841,0
"2021-03-08",39626,1755574,14658,888070,8565,24722,310,9634,63159,69950.86,2678000,0
"2021-03-09",39106,1794680,12810,900880,7767,32489,175,9809,59858,69957.86,2737858,0
"2021-03-10",51832,1846512,15295,916175,5068,37557,223,10032,72418,71030.86,2810276,0
"2021-03-11",60002,1906514,21779,937954,4617,42174,249,10281,86647,71412.14,2896923,0
"2021-03-12",52199,1958713,30288,968242,4183,46357,368,10649,87038,71176.57,2983961,0
"2021-03-13",40661,1999374,26669,994911,5109,51466,327,10976,72766,71323.57,3056727,0
"2021-03-14",30720,2030094,15943,1010854,4528,55994,240,11216,51431,70473.86,3108158,0
"2021-03-15",33591,2063685,17228,1028082,4718,60712,234,11450,55771,69418.43,3163929,0
"2021-03-16",38678,2102363,20474,1048556,4925,65637,257,11707,64334,70057.86,3228263,0
"2021-03-17",42626,2144989,24756,1073312,4247,69884,333,12040,71962,69992.71,3300225,0
"2021-03-18",50468,2195457,26763,1100075,5240,75124,362,12402,82833,69447.86,3383058,0
"2021-03-19",47807,2243264,29906,1129981,5624,80748,387,12789,83724,68974.43,3466782,0
"2021-03-20",38711,2281975,25801,1155782,4690,85438,291,13080,69493,68506.86,3536275,0
"2021-03-21",29302,2311277,19325,1175107,771,86209,216,13296,49614,68247.29,3585889,0
"2021-03-22",33867,2345144,26704,1201811,4037,90246,261,13557,64869,69547,3650758,0
"2021-03-23",38442,2383586,32804,1234615,4223,94469,282,13839,75751,71178,3726509,0
"2021-03-24",41511,2425097,37542,1272157,4850,99319,324,14163,84227,72930.14,3810736,0
"2021-03-25",43423,2468520,50724,1322881,5053,104372,459,14622,99659,75333.86,3910395,0
"2021-03-26",38515,2507035,55432,1378313,4311,108683,520,15142,98778,77484.43,4009173,0
"2021-03-27",35752,2542787,45687,1424000,2939,111622,407,15549,84785,79669,4093958,0
"2021-03-28",26400,2569187,34385,1458385,1481,113103,324,15873,62590,81522.71,4156548,0
"2021-03-29",34830,2604017,38796,1497181,3248,116351,338,16211,77212,83286,4233760,0
"2021-03-30",40516,2644533,41893,1539074,3715,120066,321,16532,86445,84813.71,4320205,0
"2021-03-31",49408,2693941,44827,1583901,7441,127507,391,16923,102067,87362.29,4422272,0
"2021-04-01",50784,2744725,53920,1637821,11274,138781,496,17419,116474,89764.43,4538746,0
"2021-04-02",43767,2788492,53846,1691667,11973,150754,544,17963,110130,91386.14,4648876,0
"2021-04-03",39264,2827756,39178,1730845,9861,160615,336,18299,88639,91936.71,4737515,0
"2021-04-04",26566,2854322,24720,1755565,3901,164516,222,18521,55409,90910.86,4792924,0
"2021-04-05",41888,2896210,34429,1789994,11195,175711,366,18887,87878,92434.57,4880802,0
"2021-04-06",53283,2949493,35561,1825555,13223,188934,421,19308,102488,94726.43,4983290,0
"2021-04-07",55520,3005013,40672,1866227,14388,203322,388,19696,110968,95998,5094258,0
"2021-04-08",59281,3064294,46551,1912778,16335,219657,505,20201,122672,96883.43,5216930,0
"2021-04-09",56653,3120947,44936,1957714,17548,237205,498,20699,119635,98241.29,5336565,0
"2021-04-10",49361,3170308,35636,1993350,12727,249932,380,21079,98104,99593.43,5434669,0
"2021-04-11",38190,3208498,28811,2022161,7685,257617,290,21369,74976,102388.71,5509645,0
"2021-04-12",46649,3255147,31843,2054004,13495,271112,456,21825,92443,103040.86,5602088,0
"2021-04-13",52556,3307703,33781,2087785,368,271480,387,22212,87092,100841.43,5689180,0
"2021-04-14",50163,3357866,39953,2127738,20,271500,357,22569,90493,97916.43,5779673,0
"2021-04-15",52134,3410000,43669,2171407,16,271516,454,23023,96273,94145.14,5875946,0
"2021-04-16",51196,3461196,42217,2213624,32,271548,407,23430,93852,90461.86,5969798,0
"2021-04-17",43850,3505046,35684,2249308,3,271551,360,23790,79897,87860.86,6049695,0
"2021-04-18",28612,3533658,29371,2278679,7,271558,246,24036,58236,85469.43,6107931,0
"2021-04-19",37484,3571142,36450,2315129,22,271580,307,24343,74263,82872.29,6182194,0
"2021-04-20",40814,3611956,39631,2354760,19,271599,303,24646,80767,81968.71,6262961,0
"2021-04-21",38908,3650864,45958,2400718,15,271614,486,25132,85367,81236.43,6348328,0
"2021-04-22",38516,3689380,48949,2449667,9,271623,329,25461,87803,80026.43,6436131,0
"2021-04-23",39713,3729093,44370,2494037,4,271627,347,25808,84434,78681,6520565,0
"2021-04-24",31965,3761058,41599,2535636,44,271671,272,26080,73880,77821.43,6594445,0
"2021-04-25",18427,3779485,31229,2566865,86,271757,188,26268,49930,76634.86,6644375,0
"2021-04-26",26976,3806461,40728,2607593,1013,272770,286,26554,69003,75883.43,6713378,0
"2021-04-27",28576,3835037,47126,2654719,1699,274469,342,26896,77743,75451.43,6791121,0
"2021-04-28",27057,3862094,56833,2711552,2147,276616,419,27315,86456,75607,6877577,0
"2021-04-29",28616,3890710,57183,2768735,2145,278761,363,27678,88307,75679,6965884,0
"2021-04-30",30132,3920842,51986,2820721,2056,280817,274,27952,84448,75681,7050332,0
"2021-05-01",22485,3943327,44549,2865270,1177,281994,224,28176,68435,74903.14,7118767,0
"2021-05-02",11930,3955257,36655,2901925,1080,283074,131,28307,49796,74884,7168563,0
"2021-05-03",18037,3973294,53014,2954939,2383,285457,249,28556,73683,75552.57,7242246,0
"2021-05-04",22745,3996039,56644,3011583,2330,287787,257,28813,81976,76157.29,7324222,0
"2021-05-05",21479,4017518,48792,3060375,2311,290098,309,29122,72891,74219.43,7397113,0
"2021-05-06",20691,4038209,50178,3110553,2508,292606,264,29386,73641,72124.29,7470754,0
"2021-05-07",21263,4059472,52101,3162654,2813,295419,301,29687,76478,70985.71,7547232,0
"2021-05-08",16635,4076107,41876,3204530,1835,297254,221,29908,60567,69861.71,7607799,0
"2021-05-09",7976,4084083,29409,3233939,1260,298514,151,30059,38796,68290.29,7646595,0
"2021-05-10",14401,4098484,38538,3272477,2356,300870,220,30279,55515,65694.86,7702110,0
"2021-05-11",19928,4118412,43046,3315523,2515,303385,281,30560,65770,63379.71,7767880,0
"2021-05-12",17814,4136226,40534,3356057,3596,306981,227,30787,62171,61848.29,7830051,0
"2021-05-13",24983,4161209,40431,3396488,3230,310211,254,31041,68898,61170.71,7898949,0
"2021-05-14",27033,4188242,42907,3439395,3538,313749,277,31318,73755,60781.71,7972704,0
"2021-05-15",23659,4211901,34920,3474315,3366,317115,244,31562,62189,61013.43,8034893,0
"2021-05-16",15544,4227445,19433,3493748,2497,319612,126,31688,37600,60842.57,8072493,0
"2021-05-17",22679,4250124,29143,3522891,3257,322869,173,31861,55252,60805,8127745,0
"2021-05-18",24644,4274768,31900,3554791,3404,326273,237,32098,60185,60007.14,8187930,0
"2021-05-19",24208,4298976,29711,3584502,3040,329313,219,32317,57178,59293.86,8245108,0
"2021-05-20",24166,4323142,30081,3614583,3160,332473,265,32582,57672,57690.14,8302780,0
"2021-05-21",24696,4347838,32003,3646586,3060,335533,243,32825,60002,55725.43,8362782,0
"2021-05-22",20030,4367868,24357,3670943,2525,338058,156,32981,47068,53565.29,8409850,0
"2021-05-23",11239,4379107,13726,3684669,1411,339469,98,33079,26474,51975.86,8436324,0
"2021-05-24",18885,4397992,23150,3707819,2757,342226,213,33292,45005,50512,8481329,0
"2021-05-25",19444,4417436,23374,3731193,2601,344827,175,33467,45594,48427.57,8526923,0
"2021-05-26",18790,4436226,21079,3752272,2695,347522,200,33667,42764,46368.43,8569687,0
"2021-05-27",18477,4454703,21265,3773537,2530,350052,192,33859,42464,44195.86,8612151,0
"2021-05-28",17874,4472577,22888,3796425,2752,352804,184,34043,43698,41866.71,8655849,0
"2021-05-29",12714,4485291,17805,3814230,1755,354559,103,34146,32377,39768,8688226,0
"2021-05-30",7033,4492324,8949,3823179,1075,355634,45,34191,17102,38429.14,8705328,0
"2021-05-31",4741,4497065,6925,3830104,1012,356646,63,34254,12741,33820,8718069,0
"2021-06-01",16046,4513111,25197,3855301,2174,358820,149,34403,43566,33530.29,8761635,0
"2021-06-02",15358,4528469,20385,3875686,2093,360913,139,34542,37975,32846.14,8799610,0
"2021-06-03",15011,4543480,23819,3899505,2280,363193,123,34665,41233,32670.29,8840843,0
"2021-06-04",14735,4558215,25981,3925486,2492,365685,144,34809,43352,32620.86,8884195,0
"2021-06-05",10996,4569211,22080,3947566,1806,367491,115,34924,34997,32995.14,8919192,0
"2021-06-06",6449,4575660,14467,3962033,1222,368713,83,35007,22221,33726.43,8941413,0
"2021-06-07",11718,4587378,21780,3983813,2379,371092,139,35146,36016,37051.43,8977429,0
"2021-06-08",12661,4600039,24015,4007828,2072,373164,116,35262,38864,36379.71,9016293,0
"2021-06-09",11151,4611190,23025,4030853,2298,375462,131,35393,36605,36184,9052898,0
"2021-06-10",12075,4623265,22230,4053083,2462,377924,139,35532,36906,35565.86,9089804,0
"2021-06-11",12713,4635978,25113,4078196,2482,380406,151,35683,40459,35152.57,9130263,0
"2021-06-12",10170,4646148,19304,4097500,1888,382294,92,35775,31454,34646.43,9161717,0
"2021-06-13",4259,4650407,10936,4108436,1220,383514,41,35816,16456,33822.86,9178173,0
"2021-06-14",10219,4660626,19236,4127672,2042,385556,125,35941,31622,33195.14,9209795,0
"2021-06-15",11894,4672520,21006,4148678,1943,387499,123,36064,34966,32638.29,9244761,0
"2021-06-16",11593,4684113,19403,4168081,1957,389456,138,36202,33091,32136.29,9277852,0
"2021-06-17",11026,4695139,18758,4186839,1970,391426,119,36321,31873,31417.29,9309725,0
"2021-06-18",12172,4707311,18495,4205334,2115,393541,113,36434,32895,30336.71,9342620,0
"2021-06-19",8504,4715815,13520,4218854,1459,395000,80,36514,23563,29209.43,9366183,0
"2021-06-20",4336,4720151,7162,4226016,924,395924,36,36550,12458,28638.29,9378641,0
"2021-06-21",10166,4730317,10004,4236020,1805,397729,68,36618,22043,27269.86,9400684,0
"2021-06-22",9837,4740154,15643,4251663,1589,399318,103,36721,27172,26156.43,9427856,0
"2021-06-23",10320,4750474,15184,4266847,1862,401180,101,36822,27467,25353,9455323,0
"2021-06-24",9694,4760168,14695,4281542,1799,402979,115,36937,26303,24557.29,9481626,0
"2021-06-25",10595,4770763,14384,4295926,1718,404697,109,37046,26806,23687.43,9508432,0
"2021-06-26",7811,4778574,10460,4306386,1246,405943,73,37119,19590,23119.86,9528022,0
"2021-06-27",5004,4783578,5998,4312384,796,406739,32,37151,11830,23030.14,9539852,0
"2021-06-28",9036,4792614,10344,4322728,1524,408263,104,37255,21008,22882.29,9560860,0
"2021-06-29",9752,4802366,12311,4335039,1348,409611,124,37379,23535,22362.71,9584395,0
"2021-06-30",9430,4811796,10927,4345966,1481,411092,146,37525,21984,21579.43,9606379,0
"2021-07-01",9400,4821196,10927,4356893,1431,412523,124,37649,21882,20947.86,9628261,0
"2021-07-02",9698,4830894,11436,4368329,1541,414064,124,37773,22799,20375.43,9651060,0
"2021-07-03",7061,4837955,8421,4376750,1193,415257,75,37848,16750,19969.71,9667810,0
"2021-07-04",1288,4839243,1335,4378085,567,415824,8,37856,3198,18736.57,9671008,0
"2021-07-05",6495,4845738,7102,4385187,1208,417032,66,37922,14871,17859.86,9685879,0
"2021-07-06",9517,4855255,12848,4398035,1317,418349,113,38035,23795,17897,9709674,0
"2021-07-07",8675,4863930,11106,4409141,1419,419768,121,38156,21321,17802.29,9730995,0
"2021-07-08",8211,4872141,10195,4419336,1260,421028,105,38261,19771,17500.71,9750766,0
"2021-07-09",8380,4880521,10827,4430163,1279,422307,88,38349,20574,17182.86,9771340,0
"2021-07-10",7110,4887631,8627,4438790,1132,423439,63,38412,16932,17208.86,9788272,0
"2021-07-11",4104,4891735,4540,4443330,703,424142,34,38446,9381,18092.14,9797653,0
"2021-07-12",8454,4900189,9552,4452882,1250,425392,79,38525,19335,18729.86,9816988,0
"2021-07-13",9472,4909661,9381,4462263,951,426343,103,38628,19907,18174.43,9836895,0
"2021-07-14",9007,4918668,9524,4471787,1009,427352,104,38732,19644,17934.86,9856539,0
"2021-07-15",8796,4927464,9148,4480935,1052,428404,81,38813,19077,17835.71,9875616,0
"2021-07-16",9244,4936708,9763,4490698,978,429382,101,38914,20086,17766,9895702,0
"2021-07-17",6847,4943555,7388,4498086,802,430184,78,38992,15115,17506.43,9910817,0
"2021-07-18",4260,4947815,4285,4502371,569,430753,33,39025,9147,17473,9919964,0
"2021-07-19",9128,4956943,8471,4510842,999,431752,87,39112,18685,17380.14,9938649,0
"2021-07-20",10656,4967599,8756,4519598,991,432743,91,39203,20494,17464,9959143,0
"2021-07-21",10054,4977653,8761,4528359,903,433646,143,39346,19861,17495,9979004,0
"2021-07-22",10687,4988340,8581,4536940,1044,434690,142,39488,20454,17691.71,9999458,0
"2021-07-23",11259,4999599,8880,4545820,1114,435804,134,39622,21387,17877.57,10020845,0
"2021-07-24",7406,5007005,6732,4552552,670,436474,83,39705,14891,17845.57,10035736,0
"2021-07-25",5481,5012486,2122,4554674,509,436983,59,39764,8171,17706.14,10043907,0
"2021-07-26",10879,5023365,7000,4561674,859,437842,110,39874,18848,17729.43,10062755,0
"2021-07-27",12060,5035425,8566,4570240,857,438699,132,40006,21615,17889.57,10084370,0
"2021-07-28",11999,5047424,8048,4578288,950,439649,129,40135,21126,18070.29,10105496,0
"2021-07-29",10942,5058366,7426,4585714,983,440632,129,40264,19480,17931.14,10124976,0
"2021-07-30",14958,5073324,8008,4593722,1149,441781,180,40444,24295,18346.57,10149271,0
"2021-07-31",9733,5083057,6310,4600032,816,442597,118,40562,16977,18644.57,10166248,0
"2021-08-01",6506,5089563,3308,4603340,564,443161,79,40641,10457,18971.14,10176705,0
"2021-08-02",13453,5103016,7155,4610495,848,444009,143,40784,21599,19364.14,10198304,0
"2021-08-03",15423,5118439,8382,4618877,1109,445118,145,40929,25059,19856.14,10223363,0
"2021-08-04",17264,5135703,8123,4627000,1454,446572,177,41106,27018,20697.86,10250381,0
"2021-08-05",17869,5153572,7922,4634922,1365,447937,161,41267,27317,21817.43,10277698,0
"2021-08-06",18184,5171756,8410,4643332,1233,449170,164,41431,27991,22345.43,10305689,0
"2021-08-07",13388,5185144,6017,4649349,799,449969,97,41528,20301,22820.29,10325990,0
"2021-08-08",9312,5194456,3833,4653182,399,450368,79,41607,13623,23272.57,10339613,0
"2021-08-09",21342,5215798,8528,4661710,963,451331,169,41776,31002,24615.86,10370615,0
"2021-08-10",18927,5234725,9330,4671040,950,452281,169,41945,29376,25232.57,10399991,0
"2021-08-11",15653,5250378,8309,4679349,853,453134,125,42070,24940,24935.71,10424931,0
"2021-08-12",15054,5265432,8977,4688326,939,454073,168,42238,25138,24624.43,10450069,0
"2021-08-13",14930,5280362,9286,4697612,921,454994,237,42475,25374,24250.57,10475443,0
"2021-08-14",10415,5290777,6409,4704021,626,455620,523,42998,17973,23918,10493416,0
"2021-08-15",6697,5297474,4475,4708496,677,456297,566,43564,12415,23745.43,10505831,0
"2021-08-16",15726,5313200,9290,4717786,1149,457446,1317,44881,27482,23242.57,10533313,0
"2021-08-17",17784,5330984,10438,4728224,1222,458668,1755,46636,31199,23503,10564512,0
"2021-08-18",17516,5348500,10356,4738580,1260,459928,1978,48614,31110,24384.43,10595622,0
"2021-08-19",16310,5364810,9521,4748101,1316,461244,1942,50556,29089,24948.86,10624711,0
"2021-08-20",16292,5381102,11537,4759638,1254,462498,1847,52403,30930,25742.57,10655641,0
"2021-08-21",11159,5392261,8039,4767677,877,463375,1049,53452,21124,26192.71,10676765,0
"2021-08-22",4086,5396347,3903,4771580,262,463637,512,53964,8763,25671,10685528,0
"2021-08-23",15584,5411931,11795,4783375,1023,464660,1542,55506,29944,26022.71,10715472,0
"2021-08-24",16922,5428853,12591,4795966,1006,465666,1771,57277,32290,26178.57,10747762,0
"2021-08-25",14589,5443442,12437,4808403,1111,466777,1561,58838,29698,25976.86,10777460,0
"2021-08-26",16171,5459613,14083,4822486,1072,467849,1761,60599,33087,26548,10810547,0
"2021-08-27",14888,5474501,14820,4837306,972,468821,1653,62252,32333,26748.43,10842880,0
"2021-08-28",10687,5485188,11513,4848819,836,469657,1010,63262,24046,27165.86,10866926,0
"2021-08-29",7219,5492407,7494,4856313,541,470198,770,64032,16024,28203.14,10882950,0
"2021-08-30",15530,5507937,16920,4873233,1077,471275,1783,65815,35310,28969.71,10918260,0
"2021-08-31",15529,5523466,15945,4889178,952,472227,1956,67771,34382,29268.57,10952642,0
"2021-09-01",14842,5538308,14095,4903273,1021,473248,1791,69562,31749,29561.57,10984391,0
"2021-09-02",14347,5552655,12514,4915787,896,474144,1690,71252,29447,29041.57,11013838,0
"2021-09-03",15018,5567673,14298,4930085,974,475118,1886,73138,32176,29019.14,11046014,0
"2021-09-04",9654,5577327,9404,4939489,688,475806,961,74099,20707,28542.14,11066721,0
"2021-09-05",6808,5584135,5513,4945002,438,476244,702,74801,13461,28176,11080182,0
"2021-09-06",5201,5589336,4506,4949508,358,476602,270,75071,10335,24608.14,11090517,0
"2021-09-07",15583,5604919,17688,4967196,913,477515,1534,76605,35718,24799,11126235,0
"2021-09-08",16176,5621095,14819,4982015,1073,478588,1751,78356,33819,25094.71,11160054,0
"2021-09-09",16126,5637221,14744,4996759,1048,479636,1900,80256,33818,25719.14,11193872,0
"2021-09-10",18378,5655599,15391,5012150,1208,480844,1959,82215,36936,26399.14,11230808,0
"2021-09-11",12647,5668246,10341,5022491,958,481802,1017,83232,24963,27007.14,11255771,0
"2021-09-12",8539,5676785,5051,5027542,766,482568,685,83917,15041,27232.86,11270812,0
"2021-09-13",16944,5693729,12944,5040486,975,483543,1638,85555,32501,30399.43,11303313,0
"2021-09-14",16279,5710008,13670,5054156,886,484429,1585,87140,32420,29928.29,11335733,0
"2021-09-15",15554,5725562,12870,5067026,728,485157,1561,88701,30713,29484.57,11366446,0
"2021-09-16",15352,5740914,13905,5080931,1211,486368,1439,90140,31907,29211.57,11398353,0
"2021-09-17",14439,5755353,13964,5094895,922,487290,1819,91959,31144,28384.14,11429497,0
"2021-09-18",10011,5765364,10170,5105065,913,488203,1043,93002,22137,27980.43,11451634,0
"2021-09-19",6183,5771547,6069,5111134,557,488760,742,93744,13551,27767.57,11465185,0
"2021-09-20",12690,5784237,12630,5123764,1069,489829,1905,95649,28294,27166.57,11493479,0
"2021-09-21",12246,5796483,12769,5136533,1111,490940,2008,97657,28134,26554.29,11521613,0
"2021-09-22",12844,5809327,11988,5148521,1091,492031,1664,99321,27587,26107.71,11549200,0
"2021-09-23",14963,5824290,12750,5161271,1639,493670,2237,101558,31589,26062.29,11580789,0
"2021-09-24",16468,5840758,13358,5174629,1632,495302,4587,106145,36045,26762.43,11616834,0
"2021-09-25",10552,5851310,9021,5183650,1018,496320,3425,109570,24016,27030.86,11640850,0
"2021-09-26",6318,5857628,5755,5189405,773,497093,2404,111974,15250,27273.57,11656100,0
"2021-09-27",14183,5871811,8050,5197455,1155,498248,8964,120938,32352,27853.29,11688452,0
"2021-09-28",11170,5882981,11773,5209228,901,499149,9797,130735,33641,28640,11722093,0
"2021-09-29",11628,5894609,12189,5221417,1205,500354,9354,140089,34376,29609.86,11756469,0
"2021-09-30",12259,5906868,12596,5234013,1338,501692,9635,149724,35828,30215.43,11792297,0
"2021-10-01",12668,5919536,13425,5247438,1284,502976,10181,159905,37558,30431.57,11829855,0
"2021-10-02",7738,5927274,9975,5257413,864,503840,4189,164094,22766,30253,11852621,0
"2021-10-03",5084,5932358,6157,5263570,594,504434,2597,166691,14432,30136.14,11867053,0
"2021-10-04",9928,5942286,11028,5274598,913,505347,9432,176123,31301,29986,11898354,0
"2021-10-05",10191,5952477,11743,5286341,972,506319,9864,185987,32770,29861.57,11931124,0
"2021-10-06",9935,5962412,11051,5297392,937,507256,9866,195853,31789,29492,11962913,0
"2021-10-07",9687,5972099,12181,5309573,852,508108,10128,205981,32848,29066.29,11995761,0
"2021-10-08",9488,5981587,12169,5321742,943,509051,10828,216809,33428,28476.29,12029189,0
"2021-10-09",6280,5987867,8275,5330017,649,509700,4066,220875,19270,27976.86,12048459,0
"2021-10-10",3547,5991414,5022,5335039,458,510158,2410,223285,11437,27549,12059896,0
"2021-10-11",7643,5999057,9329,5344368,728,510886,8848,232133,26548,26870,12086444,0
"2021-10-12",8093,6007150,11004,5355372,891,511777,10431,242564,30419,26534.14,12116863,0
"2021-10-13",7187,6014337,10140,5365512,869,512646,8699,251263,26895,25835,12143758,0
"2021-10-14",7466,6021803,11109,5376621,836,513482,10018,261281,29429,25346.57,12173187,0
"2021-10-15",7749,6029552,11868,5388489,823,514305,10703,271984,31143,25020.14,12204330,0
"2021-10-16",4874,6034426,7464,5395953,666,514971,3791,275775,16795,24666.57,12221125,0
"2021-10-17",3063,6037489,4474,5400427,411,515382,2424,278199,10372,24514.43,12231497,0
"2021-10-18",7084,6044573,10656,5411083,797,516179,9368,287567,27905,24708.29,12259402,0
"2021-10-19",6599,6051172,8941,5420024,806,516985,8996,296563,25342,23983,12284744,0
"2021-10-20",6566,6057738,9375,5429399,975,517960,9888,306451,26804,23970,12311548,0
"2021-10-21",7061,6064799,9378,5438777,859,518819,10748,317199,28046,23772.43,12339594,0
"2021-10-22",8170,6072969,10348,5449125,1026,519845,16260,333459,35804,24438.29,12375398,0
"2021-10-23",5201,6078170,6460,5455585,690,520535,9077,342536,21428,25100.14,12396826,0
"2021-10-24",3285,6081455,3971,5459556,770,521305,6138,348674,14164,25641.86,12410990,0
"2021-10-25",8825,6090280,8748,5468304,1147,522452,19189,367863,37909,27071,12448899,0
"2021-10-26",8242,6098522,7726,5476030,1259,523711,17232,385095,34459,28373.43,12483358,0
"2021-10-27",10616,6109138,8397,5484427,1604,525315,20777,405872,41394,30457.71,12524752,0
"2021-10-28",11378,6120516,8041,5492468,1793,527108,20757,426629,41969,32446.71,12566721,0
"2021-10-29",11892,6132408,8245,5500713,1963,529071,22454,449083,44554,33696.71,12611275,0
"2021-10-30",4655,6137063,5053,5505766,934,530005,11126,460209,21768,33745.29,12633043,0
"2021-10-31",2676,6139739,2705,5508471,545,530550,6601,466810,12527,33511.43,12645570,0
"2021-11-01",7195,6146934,6955,5515426,1090,531640,20298,487108,35538,33172.71,12681108,0
"2021-11-02",6630,6153564,6588,5522014,1055,532695,20682,507790,34955,33243.57,12716063,0
"2021-11-03",6905,6160469,6679,5528693,1028,533723,20543,528333,35155,32352.29,12751218,0
"2021-11-04",9349,6169818,6277,5534970,996,534719,22267,550600,38889,31912.29,12790107,0
"2021-11-05",11118,6180936,6724,5541694,1052,535771,23687,574287,42581,31630.43,12832688,0
"2021-11-06",11151,6192087,4051,5545745,593,536364,12564,586851,28359,32572,12861047,0
"2021-11-07",7280,6199367,2282,5548027,576,536940,7080,593931,17218,33242.14,12878265,0
"2021-11-08",15111,6214478,5677,5553704,867,537807,19427,613358,41082,34034.14,12919347,0
"2021-11-09",16205,6230683,5378,5559082,661,538468,20464,633822,42708,35141.71,12962055,0
"2021-11-10",17003,6247686,5328,5564410,684,539152,22551,656373,45566,36629,13007621,0
"2021-11-11",12630,6260316,5196,5569606,761,539913,21993,678366,40580,36870.57,13048201,0
"2021-11-12",16947,6277263,5682,5575288,708,540621,23334,701700,46671,37454.86,13094872,0
"2021-11-13",9974,6287237,3666,5578954,465,541086,13289,714989,27394,37317,13122266,0
"2021-11-14",6040,6293277,2293,5581247,325,541411,7910,722899,16568,37224.14,13138834,0
"2021-11-15",13291,6306568,5969,5587216,690,542101,25018,747917,44968,37779.29,13183802,0
"2021-11-16",10029,6316597,5792,5593008,655,542756,30555,778472,47031,38396.86,13230833,0
"2021-11-17",10381,6326978,6679,5599687,682,543438,31281,809753,49023,38890.71,13279856,0
"2021-11-18",10796,6337774,6550,5606237,861,544299,32911,842664,51118,40396.14,13330974,0
"2021-11-19",12108,6349882,6552,5612789,716,545015,36151,878815,55527,41661.29,13386501,0
"2021-11-20",9390,6359272,3421,5616210,514,545529,22430,901245,35755,42855.71,13422256,0
"2021-11-21",5000,6364272,1893,5618103,288,545817,13157,914402,20338,43394.29,13442594,0
"2021-11-22",10532,6374804,5790,5623893,752,546569,35760,950162,52834,44518,13495428,0
"2021-11-23",9882,6384686,4781,5628674,635,547204,33384,983546,48682,44753.86,13544110,0
"2021-11-24",8776,6393462,4759,5633433,651,547855,25842,1009388,40028,43468.86,13584138,0
"2021-11-25",453,6393915,323,5633756,80,547935,997,1010385,1853,36431,13585991,0
"2021-11-26",8113,6402028,6989,5640745,528,548463,26511,1036896,42141,34518.71,13628132,0
"2021-11-27",6721,6408749,6831,5647576,373,548836,18761,1055657,32686,34080.29,13660818,0
"2021-11-28",4105,6412854,5782,5653358,282,549118,11833,1067490,22002,34318,13682820,0
"2021-11-29",9184,6422038,10989,5664347,688,549806,34880,1102370,55741,34733.29,13738561,0
"2021-11-30",10591,6432629,11429,5675776,513,550319,37651,1140021,60184,36376.43,13798745,0
"2021-12-01",11297,6443926,10963,5686739,723,551042,40211,1180232,63194,39685.86,13861939,0
"2021-12-02",11734,6455660,11026,5697765,626,551668,42002,1222234,65388,48762.29,13927327,0
"2021-12-03",13611,6469271,12872,5710637,676,552344,47777,1270011,74936,53447.29,14002263,0
"2021-12-04",9913,6479184,11280,5721917,567,552911,30580,1300591,52340,56255,14054603,0
"2021-12-05",5793,6484977,5704,5727621,270,553181,16615,1317206,28382,57166.43,14082985,0
"2021-12-06",12462,6497439,9941,5737562,603,553784,43108,1360314,66114,58648.29,14149099,0
"2021-12-07",12698,6510137,9246,5746808,626,554410,42943,1403257,65513,59409.57,14214612,0
"2021-12-08",13670,6523807,8750,5755558,556,554966,40642,1443899,63618,59470.14,14278230,0
"2021-12-09",13605,6537412,8757,5764315,558,555524,40694,1484593,63614,59216.71,14341844,0
"2021-12-10",14163,6551575,10129,5774444,672,556196,43506,1528099,68470,58293,14410314,0
"2021-12-11",10324,6561899,8109,5782553,405,556601,26649,1554748,45487,57314,14455801,0
"2021-12-12",6058,6567957,3856,5786409,288,556889,15126,1569874,25328,56877.71,14481129,0
"2021-12-13",12331,6580288,7414,5793823,657,557546,37767,1607641,58169,55742.71,14539298,0
"2021-12-14",12312,6592600,6959,5800782,731,558277,38053,1645694,58055,54677.29,14597353,0
"2021-12-15",12239,6604839,6238,5807020,755,559032,37979,1683673,57211,53762,14654564,0
"2021-12-16",13235,6618074,4270,5811290,734,559766,40876,1724549,59115,53119.29,14713679,0
"2021-12-17",16115,6634189,6932,5818222,620,560386,46559,1771108,70226,53370.14,14783905,0
"2021-12-18",13089,6647278,5716,5823938,432,560818,30511,1801619,49748,53978.86,14833653,0
"2021-12-19",7066,6654344,2991,5826929,327,561145,17956,1819575,28340,54409.14,14861993,0
"2021-12-20",17001,6671345,5868,5832797,746,561891,47274,1866849,70889,56226.29,14932882,0
"2021-12-21",18062,6689407,6557,5839354,808,562699,48743,1915592,74170,58528.43,15007052,0
"2021-12-22",18673,6708080,6555,5845909,938,563637,49477,1965069,75643,61161.57,15082695,0
"2021-12-23",19121,6727201,6481,5852390,930,564567,45713,2010782,72245,63037.29,15154940,0
"2021-12-24",9258,6736459,2952,5855342,598,565165,20561,2031343,33369,57772,15188309,0
"2021-12-25",344,6736803,65,5855407,31,565196,422,2031765,862,50788.29,15189171,0
"2021-12-26",7992,6744795,3927,5859334,341,565537,17251,2049016,29511,50955.57,15218682,0
"2021-12-27",21880,6766675,9200,5868534,933,566470,43325,2092341,75338,51591.14,15294020,0
"2021-12-28",20227,6786902,8322,5876856,698,567168,47465,2139806,76712,51954.29,15370732,0
"2021-12-29",18555,6805457,7656,5884512,607,567775,45434,2185240,72252,51469.86,15442984,0
"2021-12-30",16931,6822388,7414,5891926,582,568357,44739,2229979,69666,51101.43,15512650,0
"2021-12-31",5378,6827766,2799,5894725,193,568550,14719,2244698,23089,49632.86,15535739,0
"2022-01-01",236,6828002,146,5894871,11,568561,498,2245196,891,49637,15536630,0
"2022-01-02",6457,6834459,5010,5899881,153,568714,10962,2256158,22582,48647.14,15559212,0
"2022-01-03",14209,6848668,8478,5908359,515,569229,26813,2282971,50015,45029.57,15609227,0
"2022-01-04",13141,6861809,8061,5916420,412,569641,26929,2309900,48543,41005.43,15657770,0
"2022-01-05",11667,6873476,6960,5923380,385,570026,25684,2335584,44696,37068.86,15702466,0
"2022-01-06",11593,6885069,7362,5930742,480,570506,27389,2362973,46824,33805.71,15749290,0
"2022-01-07",10506,6895575,8416,5939158,337,570843,24893,2387866,44152,36814.71,15793442,0
"2022-01-08",7961,6903536,8544,5947702,310,571153,19361,2407227,36176,41855.43,15829618,0
"2022-01-09",4157,6907693,3842,5951544,214,571367,10041,2417268,18254,41237.14,15847872,0
"2022-01-10",10218,6917911,8177,5959721,489,571856,24529,2441797,43413,40294,15891285,0
"2022-01-11",8958,6926869,7973,5967694,520,572376,20937,2462734,38388,38843.29,15929673,0
"2022-01-12",9012,6935881,8305,5975999,428,572804,22247,2484981,39992,38171.29,15969665,0
"2022-01-13",9110,6944991,8852,5984851,449,573253,22769,2507750,41180,37365,16010845,0
"2022-01-14",10161,6955152,8113,5992964,476,573729,26347,2534097,45097,37500,16055942,0
"2022-01-15",6229,6961381,4302,5997266,178,573907,15115,2549212,25824,36021.14,16081766,0
"2022-01-16",2937,6964318,3251,6000517,93,574000,7799,2557011,14080,35424.86,16095846,0
"2022-01-17",6112,6970430,6756,6007273,363,574363,14614,2571625,27845,33200.86,16123691,0
"2022-01-18",8224,6978654,10297,6017570,397,574760,19555,2591180,38473,33213,16162164,0
"2022-01-19",7545,6986199,9230,6026800,306,575066,17629,2608809,34710,32458.43,16196874,0
"2022-01-20",6349,6992548,8566,6035366,304,575370,15142,2623951,30361,30912.86,16227235,0
"2022-01-21",7654,7000202,7488,6042854,277,575647,18394,2642345,33813,29300.86,16261048,0
"2022-01-22",5216,7005418,4922,6047776,131,575778,11279,2653624,21548,28690,16282596,0
"2022-01-23",2822,7008240,3326,6051102,97,575875,6213,2659837,12458,28458.29,16295054,0
"2022-01-24",6425,7014665,8185,6059287,261,576136,14994,2674831,29865,28746.86,16324919,0
"2022-01-25",6224,7020889,7921,6067208,232,576368,14638,2689469,29015,27395.71,16353934,0
"2022-01-26",5793,7026682,7151,6074359,290,576658,13962,2703431,27196,26322.29,16381130,0
"2022-01-27",5282,7031964,7077,6081436,320,576978,14027,2717458,26706,25800.14,16407836,0
"2022-01-28",6312,7038276,7848,6089284,205,577183,16062,2733520,30427,25316.43,16438263,0
"2022-01-29",847,7039123,726,6090010,28,577211,2521,2736041,4122,22827,16442385,0
"2022-01-30",2105,7041228,3018,6093028,103,577314,4525,2740566,9751,22440.29,16452136,0
"2022-01-31",5038,7046266,6587,6099615,219,577533,11315,2751881,23159,21482.29,16475295,0
"2022-02-01",4861,7051127,6440,6106055,219,577752,10657,2762538,22177,20505.43,16497472,0
"2022-02-02",4278,7055405,5921,6111976,214,577966,11174,2773712,21587,19704.14,16519059,0
"2022-02-03",4245,7059650,5788,6117764,217,578183,11169,2784881,21419,18948.86,16540478,0
"2022-02-04",4798,7064448,7093,6124857,214,578397,13145,2798026,25250,18209.29,16565728,0
"2022-02-05",3601,7068049,6040,6130897,110,578507,8547,2806573,18298,20234.43,16584026,0
"2022-02-06",2071,7070120,2132,6133029,121,578628,4624,2811197,8948,20119.71,16592974,0
"2022-02-07",4170,7074290,4719,6137748,205,578833,10107,2821304,19201,19554.29,16612175,0
"2022-02-08",4247,7078537,5595,6143343,213,579046,11260,2832564,21315,19431.14,16633490,0
"2022-02-09",4155,7082692,5391,6148734,222,579268,11610,2844174,21378,19401.29,16654868,0
"2022-02-10",4002,7086694,5107,6153841,243,579511,12117,2856291,21469,19408.43,16676337,0
"2022-02-11",4541,7091235,5797,6159638,194,579705,13689,2869980,24221,19261.43,16700558,0
"2022-02-12",3270,7094505,4333,6163971,96,579801,8777,2878757,16476,19001.14,16717034,0
"2022-02-13",1524,7096029,1541,6165512,41,579842,4875,2883632,7981,18863,16725015,0
"2022-02-14",3008,7099037,3615,6169127,165,580007,10539,2894171,17327,18595.29,16742342,0
"2022-02-15",3577,7102614,4058,6173185,176,580183,12738,2906909,20549,18485.86,16762891,0
"2022-02-16",3689,7106303,3888,6177073,196,580379,15660,2922569,23433,18779.43,16786324,0
"2022-02-17",4067,7110370,4077,6181150,164,580543,18208,2940777,26516,19500.43,16812840,0
"2022-02-18",4501,7114871,4774,6185924,189,580732,21501,2962278,30965,20463.86,16843805,0
"2022-02-19",3270,7118141,2176,6188100,65,580797,11149,2973427,16660,20490.14,16860465,0
"2022-02-20",1866,7120007,1445,6189545,59,580856,6563,2979990,9933,20769,16870398,0
"2022-02-21",3114,7123121,2684,6192229,95,580951,8326,2988316,14219,20325,16884617,0
"2022-02-22",4412,7127533,4241,6196470,175,581126,10794,2999110,19622,20192.57,16904239,0
"2022-02-23",4295,7131828,3779,6200249,144,581270,10619,3009729,18837,19536,16923076,0
"2022-02-24",3780,7135608,3651,6203900,108,581378,10154,3019883,17693,18275.57,16940769,0
"2022-02-25",3638,7139246,3605,6207505,135,581513,9947,3029830,17325,16327,16958094,0
"2022-02-26",2858,7142104,2575,6210080,74,581587,9488,3039318,14995,16089.14,16973089,0
"2022-02-27",1781,7143885,1368,6211448,52,581639,6260,3045578,9461,16021.71,16982550,0
"2022-02-28",3832,7147717,3121,6214569,140,581779,13087,3058665,20180,16873.29,17002730,0
"2022-03-01",2133,7149850,2607,6217176,102,581881,5151,3063816,9993,15497.71,17012723,0
"2022-03-02",1837,7151687,2418,6219594,105,581986,4102,3067918,8462,14015.57,17021185,0
"2022-03-03",1942,7153629,2549,6222143,106,582092,3785,3071703,8382,12685.43,17029567,0
"2022-03-04",2109,7155738,2863,6225006,67,582159,4307,3076010,9346,11545.57,17038913,0
"2022-03-05",1612,7157350,2119,6227125,43,582202,3304,3079314,7078,10414.57,17045991,0
"2022-03-06",803,7158153,877,6228002,30,582232,1617,3080931,3327,9538.29,17049318,0
"2022-03-07",1676,7159829,1777,6229779,85,582317,3473,3084404,7011,7657,17056329,0
"2022-03-08",1551,7161380,1894,6231673,79,582396,3112,3087516,6636,7177.43,17062965,0
"2022-03-09",1263,7162643,1662,6233335,78,582474,2567,3090083,5570,6764.29,17068535,0
"2022-03-10",1428,7164071,2095,6235430,85,582559,2937,3093020,6545,6501.86,17075080,0
"2022-03-11",1607,7165678,2261,6237691,81,582640,3191,3096211,7140,6186.71,17082220,0
"2022-03-12",881,7166559,1412,6239103,39,582679,1994,3098205,4326,5793.57,17086546,0
"2022-03-13",627,7167186,755,6239858,26,582705,1289,3099494,2697,5703.57,17089243,0
"2022-03-14",1386,7168572,1593,6241451,83,582788,2972,3102466,6034,5564,17095277,0
"2022-03-15",1346,7169918,1920,6243371,62,582850,3066,3105532,6394,5529.43,17101671,0
"2022-03-16",1398,7171316,2057,6245428,94,582944,3119,3108651,6668,5686.29,17108339,0
"2022-03-17",1183,7172499,1809,6247237,69,583013,2745,3111396,5806,5580.71,17114145,0
"2022-03-18",1582,7174081,2164,6249401,80,583093,3752,3115148,7578,5643.29,17121723,0
"2022-03-19",1113,7175194,1726,6251127,54,583147,2584,3117732,5477,5807.71,17127200,0
"2022-03-20",612,7175806,630,6251757,32,583179,1458,3119190,2732,5812.71,17129932,0
"2022-03-21",1421,7177227,1545,6253302,73,583252,3039,3122229,6078,5819,17136010,0
"2022-03-22",1337,7178564,1543,6254845,101,583353,2883,3125112,5864,5743.29,17141874,0
"2022-03-23",1260,7179824,1344,6256189,66,583419,2899,3128011,5569,5586.29,17147443,0
"2022-03-24",1215,7181039,1290,6257479,89,583508,2502,3130513,5096,5484.86,17152539,0
"2022-03-25",1385,7182424,1607,6259086,61,583569,3245,3133758,6298,5302,17158837,0
"2022-03-26",923,7183347,1151,6260237,36,583605,2285,3136043,4395,5147.43,17163232,0
"2022-03-27",574,7183921,525,6260762,29,583634,1310,3137353,2438,5105.43,17165670,0
"2022-03-28",1085,7185006,1146,6261908,68,583702,2428,3139781,4727,4912.43,17170397,0
"2022-03-29",1050,7186056,1099,6263007,86,583788,2495,3142276,4730,4750.43,17175127,0
"2022-03-30",1245,7187301,1129,6264136,96,583884,3043,3145319,5513,4742.43,17180640,0
"2022-03-31",1240,7188541,1240,6265376,57,583941,3136,3148455,5673,4824.86,17186313,0
"2022-04-01",1383,7189924,1477,6266853,68,584009,3220,3151675,6148,4803.43,17192461,0
"2022-04-02",880,7190804,907,6267760,33,584042,2080,3153755,3900,4732.71,17196361,0
"2022-04-03",544,7191348,495,6268255,28,584070,1214,3154969,2281,4710.29,17198642,0
"2022-04-04",1313,7192661,1297,6269552,58,584128,2695,3157664,5363,4801.14,17204005,0
"2022-04-05",1268,7193929,1132,6270684,67,584195,2830,3160494,5297,4882.14,17209302,0
"2022-04-06",1273,7195202,1163,6271847,57,584252,2588,3163082,5081,4820.43,17214383,0
"2022-04-07",1175,7196377,1052,6272899,53,584305,2329,3165411,4609,4668.43,17218992,0
"2022-04-08",1469,7197846,1378,6274277,54,584359,3081,3168492,5982,4644.71,17224974,0
"2022-04-09",934,7198780,917,6275194,26,584385,2034,3170526,3911,4646.29,17228885,0
"2022-04-10",592,7199372,459,6275653,24,584409,1166,3171692,2241,4640.57,17231126,0
"2022-04-11",1326,7200698,1208,6276861,59,584468,2622,3174314,5215,4619.43,17236341,0
"2022-04-12",1190,7201888,1030,6277891,72,584540,2426,3176740,4718,4536.71,17241059,0
"2022-04-13",1245,7203133,1050,6278941,54,584594,2460,3179200,4809,4497.86,17245868,0
"2022-04-14",1254,7204387,1070,6280011,51,584645,2335,3181535,4710,4512.29,17250578,120000
"2022-04-15",1321,7205708,1071,6281082,48,584693,2505,3184040,4945,4364.14,17255523,120000
"2022-04-16",866,7206574,633,6281715,25,584718,1608,3185648,3132,4252.86,17258655,120000
"2022-04-17",339,7206913,197,6281912,24,584742,619,3186267,1179,4101.14,17259834,120000
"2022-04-18",1331,7208244,1087,6282999,80,584822,2498,3188765,4996,4069.86,17264830,120000
"2022-04-19",1367,7209611,892,6283891,60,584882,2416,3191181,4735,4072.29,17269565,120000
"2022-04-20",368,7209979,349,6284240,20,584902,834,3192015,1571,3609.71,17271136,120000
=======
"2021-01-05",14084,141751,2193,3419,2,30,10,40,16289,8157.57,145240,0
"2021-01-06",17808,159559,3922,7341,1,31,30,70,21761,9427.86,167001,0
"2021-01-07",16548,176107,5172,12513,4,35,45,115,21769,11495.57,188770,0
"2021-01-08",16620,192727,5454,17967,0,35,33,148,22107,14627,210877,0
"2021-01-09",7649,200376,1463,19430,1,36,7,155,9120,15383.71,219997,0
"2021-01-10",7883,208259,981,20411,0,36,10,165,8874,16141.43,228871,0
"2021-01-11",25816,234075,7458,27869,2,38,47,212,33323,19034.71,262194,0
"2021-01-12",28264,262339,7860,35729,1,39,43,255,36168,21874.57,298362,0
"2021-01-13",31719,294058,9383,45112,1,40,54,309,41157,24645.43,339519,0
"2021-01-14",35806,329864,5326,50438,1,41,30,339,41163,27416,380682,0
"2021-01-15",29267,359131,3705,54143,2,43,32,371,33006,28973,413688,0
"2021-01-16",30291,389422,2378,56521,0,43,25,396,32694,32340.71,446382,0
"2021-01-17",23753,413175,1622,58143,0,43,19,415,25394,34700.71,471776,0
"2021-01-18",27107,440282,2414,60557,0,43,34,449,29555,34162.43,501331,0
"2021-01-19",34301,474583,9619,70176,1,44,70,519,43991,35280,545322,0
"2021-01-20",34864,509447,9497,79673,1,45,58,577,44420,35746.14,589742,0
"2021-01-21",25593,535040,8090,87763,2,47,48,625,33733,34684.71,623475,0
"2021-01-22",24753,559793,4384,92147,1,48,32,657,29170,34136.71,652645,0
"2021-01-23",15744,575537,3223,95370,0,48,10,667,18977,32177.14,671622,0
"2021-01-24",7180,582717,3448,98818,0,48,19,686,10647,30070.43,682269,0
"2021-01-25",13414,596131,11819,110637,0,48,63,749,25296,29462,707565,0
"2021-01-26",16769,612900,10747,121384,0,48,67,816,27583,27118,735148,0
"2021-01-27",20833,633733,12357,133741,0,48,50,866,33240,25520.86,768388,0
"2021-01-28",30765,664498,12844,146585,0,48,80,946,43689,26943.14,812077,0
"2021-01-29",31693,696191,11498,158083,0,48,78,1024,43269,28957.29,855346,0
"2021-01-30",18715,714906,3739,161822,0,48,20,1044,22474,29456.86,877820,0
"2021-01-31",13025,727931,2918,164740,1,49,27,1071,15971,30217.43,893791,0
"2021-02-01",1178,729109,5368,170108,4,53,35,1106,6585,27544.43,900376,0
"2021-02-02",2829,731938,9467,179575,2,55,50,1156,12348,25368,912724,0
"2021-02-03",16350,748288,21236,200811,4,59,202,1358,37792,26018.29,950516,0
"2021-02-04",27045,775333,19647,220458,3,62,199,1557,46894,26476.14,997410,0
"2021-02-05",27605,802938,20026,240484,0,62,182,1739,47813,27125.29,1045223,0
"2021-02-06",22993,825931,11247,251731,0,62,108,1847,34348,28821.57,1079571,0
"2021-02-07",12044,837975,8281,260012,1,63,87,1934,20413,29456.14,1099984,0
"2021-02-08",16969,854944,23508,283520,2,65,232,2166,40711,34331.29,1140695,0
"2021-02-09",17201,872145,28109,311629,2,67,326,2492,45638,39087,1186333,0
"2021-02-10",19597,891742,29302,340931,2,69,259,2751,49160,40711,1235493,0
"2021-02-11",27848,919590,33465,374396,2,71,347,3098,61662,42820.71,1297155,0
"2021-02-12",38408,957998,30784,405180,3,74,354,3452,69549,45925.86,1366704,0
"2021-02-13",28009,986007,25304,430484,2,76,306,3758,53621,48679.14,1420325,0
"2021-02-14",16286,1002293,23727,454211,0,76,257,4015,40270,51515.86,1460595,0
"2021-02-15",12799,1015092,10522,464733,2,78,167,4182,23490,49055.71,1484085,0
"2021-02-16",14241,1029333,26730,491463,0,78,316,4498,41287,48434.14,1525372,0
"2021-02-17",16407,1045740,22174,513637,1,79,286,4784,38868,46963.86,1564240,0
"2021-02-18",12156,1057896,24988,538625,21,100,281,5065,37446,43504.43,1601686,0
"2021-02-19",13270,1071166,23934,562559,39,139,294,5359,37537,38931.29,1639223,0
"2021-02-20",11351,1082517,26072,588631,6,145,324,5683,37753,36664.43,1676976,0
"2021-02-21",6359,1088876,17425,606056,15,160,283,5966,24082,34351.86,1701058,0
"2021-02-22",13039,1101915,11848,617904,2,162,124,6090,25013,34569.43,1726071,0
"2021-02-23",25244,1127159,14150,632054,1,163,158,6248,39553,34321.71,1765624,0
"2021-02-24",36359,1163518,20362,652416,0,163,218,6466,56939,36903.29,1822563,0
"2021-02-25",54621,1218139,30361,682777,6,169,391,6857,85379,43750.86,1907942,0
"2021-02-26",62882,1281021,31846,714623,4,173,401,7258,95133,51978.86,2003075,0
"2021-02-27",51302,1332323,22736,737359,47,220,327,7585,74412,57215.86,2077487,0
"2021-02-28",44603,1376926,13796,751155,7,227,202,7787,58608,62148.14,2136095,0
"2021-03-01",39313,1416239,12761,763916,10,237,166,7953,52250,66039.14,2188345,0
"2021-03-02",47083,1463322,12561,776477,7,244,158,8111,59809,68932.86,2248154,0
"2021-03-03",48603,1511925,16142,792619,17,261,145,8256,64907,70071.14,2313061,0
"2021-03-04",59824,1571749,22799,815418,1092,1353,263,8519,83978,69871,2397039,0
"2021-03-05",60994,1632743,24255,839673,3109,4462,329,8848,88687,68950.14,2485726,0
"2021-03-06",47178,1679921,18873,858546,5449,9911,237,9085,71737,68568,2557463,0
"2021-03-07",36042,1715963,14864,873410,6247,16158,226,9311,57379,68392.43,2614842,0
"2021-03-08",39625,1755588,14660,888070,8565,24723,309,9620,63159,69950.86,2678001,0
"2021-03-09",39105,1794693,12810,900880,7767,32490,175,9795,59857,69957.71,2737858,0
"2021-03-10",51832,1846525,15296,916176,5068,37558,222,10017,72418,71030.71,2810276,0
"2021-03-11",60003,1906528,21778,937954,4617,42175,249,10266,86647,71412,2896923,0
"2021-03-12",52199,1958727,30290,968244,4183,46358,368,10634,87040,71176.71,2983963,0
"2021-03-13",40661,1999388,26670,994914,5109,51467,326,10960,72766,71323.71,3056729,0
"2021-03-14",30721,2030109,15945,1010859,4528,55995,237,11197,51431,70474,3108160,0
"2021-03-15",33592,2063701,17227,1028086,4718,60713,234,11431,55771,69418.57,3163931,0
"2021-03-16",38678,2102379,20474,1048560,4925,65638,257,11688,64334,70058.14,3228265,0
"2021-03-17",42626,2145005,24756,1073316,4247,69885,333,12021,71962,69993,3300227,0
"2021-03-18",50469,2195474,26762,1100078,5240,75125,362,12383,82833,69448.14,3383060,0
"2021-03-19",47807,2243281,29910,1129988,5624,80749,384,12767,83725,68974.57,3466785,0
"2021-03-20",38711,2281992,25801,1155789,4690,85439,291,13058,69493,68507,3536278,0
"2021-03-21",29302,2311294,19325,1175114,771,86210,216,13274,49614,68247.43,3585892,0
"2021-03-22",33868,2345162,26703,1201817,4037,90247,261,13535,64869,69547.14,3650761,0
"2021-03-23",38442,2383604,32803,1234620,4223,94470,282,13817,75750,71178,3726511,0
"2021-03-24",41512,2425116,37543,1272163,4850,99320,323,14140,84228,72930.29,3810739,0
"2021-03-25",43423,2468539,50723,1322886,5054,104374,457,14597,99657,75333.71,3910396,0
"2021-03-26",38515,2507054,55432,1378318,4311,108685,520,15117,98778,77484.14,4009174,0
"2021-03-27",35752,2542806,45688,1424006,2939,111624,406,15523,84785,79668.71,4093959,0
"2021-03-28",26400,2569206,34386,1458392,1481,113105,323,15846,62590,81522.43,4156549,0
"2021-03-29",34830,2604036,38797,1497189,3248,116353,336,16182,77211,83285.57,4233760,0
"2021-03-30",40517,2644553,41892,1539081,3715,120068,320,16502,86444,84813.29,4320204,0
"2021-03-31",49409,2693962,44827,1583908,7441,127509,390,16892,102067,87361.71,4422271,0
"2021-04-01",50785,2744747,53919,1637827,11274,138783,496,17388,116474,89764.14,4538745,0
"2021-04-02",43767,2788514,53846,1691673,11973,150756,544,17932,110130,91385.86,4648875,0
"2021-04-03",39264,2827778,39179,1730852,9861,160617,335,18267,88639,91936.43,4737514,0
"2021-04-04",26566,2854344,24720,1755572,3901,164518,222,18489,55409,90910.57,4792923,0
"2021-04-05",41888,2896232,34429,1790001,11195,175713,366,18855,87878,92434.43,4880801,0
"2021-04-06",53283,2949515,35561,1825562,13223,188936,421,19276,102488,94726.43,4983289,0
"2021-04-07",55520,3005035,40672,1866234,14387,203323,388,19664,110967,95997.86,5094256,0
"2021-04-08",59282,3064317,46550,1912784,16335,219658,505,20169,122672,96883.29,5216928,0
"2021-04-09",56653,3120970,44936,1957720,17548,237206,498,20667,119635,98241.14,5336563,0
"2021-04-10",49361,3170331,35636,1993356,12727,249933,380,21047,98104,99593.29,5434667,0
"2021-04-11",38190,3208521,28811,2022167,7685,257618,290,21337,74976,102388.57,5509643,0
"2021-04-12",46649,3255170,31843,2054010,13495,271113,456,21793,92443,103040.71,5602086,0
"2021-04-13",52557,3307727,33779,2087789,368,271481,387,22180,87091,100841.14,5689177,0
"2021-04-14",50161,3357888,39955,2127744,20,271501,357,22537,90493,97916.29,5779670,0
"2021-04-15",52134,3410022,43669,2171413,16,271517,454,22991,96273,94145,5875943,0
"2021-04-16",51195,3461217,42218,2213631,32,271549,407,23398,93852,90461.71,5969795,0
"2021-04-17",43850,3505067,35684,2249315,3,271552,360,23758,79897,87860.71,6049692,0
"2021-04-18",28612,3533679,29372,2278687,7,271559,245,24003,58236,85469.29,6107928,0
"2021-04-19",37485,3571164,36449,2315136,22,271581,307,24310,74263,82872.14,6182191,0
"2021-04-20",40814,3611978,39633,2354769,19,271600,301,24611,80767,81968.71,6262958,0
"2021-04-21",38911,3650889,45957,2400726,15,271615,485,25096,85368,81236.57,6348326,0
"2021-04-22",38516,3689405,48949,2449675,9,271624,329,25425,87803,80026.57,6436129,0
"2021-04-23",39713,3729118,44370,2494045,4,271628,348,25773,84435,78681.29,6520564,0
"2021-04-24",31966,3761084,41598,2535643,44,271672,272,26045,73880,77821.71,6594444,0
"2021-04-25",18427,3779511,31230,2566873,86,271758,187,26232,49930,76635.14,6644374,0
"2021-04-26",26976,3806487,40728,2607601,1013,272771,286,26518,69003,75883.71,6713377,0
"2021-04-27",28576,3835063,47125,2654726,1699,274470,342,26860,77742,75451.57,6791119,0
"2021-04-28",27057,3862120,56833,2711559,2147,276617,419,27279,86456,75607,6877575,0
"2021-04-29",28616,3890736,57183,2768742,2145,278762,363,27642,88307,75679,6965882,0
"2021-04-30",30132,3920868,51986,2820728,2056,280818,274,27916,84448,75680.86,7050330,0
"2021-05-01",22486,3943354,44548,2865276,1177,281995,224,28140,68435,74903,7118765,0
"2021-05-02",11930,3955284,36656,2901932,1080,283075,130,28270,49796,74883.86,7168561,0
"2021-05-03",18037,3973321,53016,2954948,2383,285458,247,28517,73683,75552.43,7242244,0
"2021-05-04",22747,3996068,56642,3011590,2330,287788,257,28774,81976,76157.29,7324220,0
"2021-05-05",21480,4017548,48792,3060382,2311,290099,308,29082,72891,74219.43,7397111,0
"2021-05-06",20692,4038240,50178,3110560,2508,292607,263,29345,73641,72124.29,7470752,0
"2021-05-07",21263,4059503,52099,3162659,2813,295420,301,29646,76476,70985.43,7547228,0
"2021-05-08",16635,4076138,41876,3204535,1835,297255,221,29867,60567,69861.43,7607795,0
"2021-05-09",7976,4084114,29409,3233944,1260,298515,151,30018,38796,68290,7646591,0
"2021-05-10",14401,4098515,38537,3272481,2356,300871,221,30239,55515,65694.57,7702106,0
"2021-05-11",19928,4118443,43047,3315528,2515,303386,280,30519,65770,63379.43,7767876,0
"2021-05-12",17814,4136257,40534,3356062,3596,306982,227,30746,62171,61848,7830047,0
"2021-05-13",24983,4161240,40430,3396492,3230,310212,254,31000,68897,61170.29,7898944,0
"2021-05-14",27033,4188273,42907,3439399,3538,313750,277,31277,73755,60781.57,7972699,0
"2021-05-15",23659,4211932,34921,3474320,3366,317116,243,31520,62189,61013.29,8034888,0
"2021-05-16",15544,4227476,19433,3493753,2497,319613,126,31646,37600,60842.43,8072488,0
"2021-05-17",22679,4250155,29143,3522896,3257,322870,173,31819,55252,60804.86,8127740,0
"2021-05-18",24644,4274799,31900,3554796,3404,326274,237,32056,60185,60007,8187925,0
"2021-05-19",24208,4299007,29713,3584509,3040,329314,218,32274,57179,59293.86,8245104,0
"2021-05-20",24166,4323173,30083,3614592,3160,332474,264,32538,57673,57690.43,8302777,0
"2021-05-21",24696,4347869,32003,3646595,3060,335534,243,32781,60002,55725.71,8362779,0
"2021-05-22",20030,4367899,24357,3670952,2525,338059,156,32937,47068,53565.57,8409847,0
"2021-05-23",11239,4379138,13726,3684678,1411,339470,98,33035,26474,51976.14,8436321,0
"2021-05-24",18885,4398023,23150,3707828,2757,342227,213,33248,45005,50512.29,8481326,0
"2021-05-25",19444,4417467,23374,3731202,2601,344828,175,33423,45594,48427.86,8526920,0
"2021-05-26",18790,4436257,21079,3752281,2695,347523,200,33623,42764,46368.57,8569684,0
"2021-05-27",18477,4454734,21265,3773546,2530,350053,192,33815,42464,44195.86,8612148,0
"2021-05-28",17874,4472608,22888,3796434,2752,352805,183,33998,43697,41866.57,8655845,0
"2021-05-29",12714,4485322,17805,3814239,1755,354560,103,34101,32377,39767.86,8688222,0
"2021-05-30",7033,4492355,8949,3823188,1075,355635,45,34146,17102,38429,8705324,0
"2021-05-31",4741,4497096,6925,3830113,1012,356647,63,34209,12741,33819.86,8718065,0
"2021-06-01",16047,4513143,25196,3855309,2174,358821,149,34358,43566,33530.14,8761631,0
"2021-06-02",15359,4528502,20386,3875695,2093,360914,139,34497,37977,32846.29,8799608,0
"2021-06-03",15010,4543512,23818,3899513,2280,363194,122,34619,41230,32670,8840838,0
"2021-06-04",14735,4558247,25981,3925494,2492,365686,144,34763,43352,32620.71,8884190,0
"2021-06-05",10996,4569243,22080,3947574,1806,367492,115,34878,34997,32995,8919187,0
"2021-06-06",6449,4575692,14467,3962041,1222,368714,83,34961,22221,33726.29,8941408,0
"2021-06-07",11718,4587410,21780,3983821,2379,371093,139,35100,36016,37051.29,8977424,0
"2021-06-08",12661,4600071,24015,4007836,2072,373165,116,35216,38864,36379.57,9016288,0
"2021-06-09",11150,4611221,23025,4030861,2298,375463,131,35347,36604,36183.43,9052892,0
"2021-06-10",12076,4623297,22229,4053090,2462,377925,139,35486,36906,35565.71,9089798,0
"2021-06-11",12713,4636010,25113,4078203,2482,380407,151,35637,40459,35152.43,9130257,0
"2021-06-12",10170,4646180,19304,4097507,1888,382295,92,35729,31454,34646.29,9161711,0
"2021-06-13",4259,4650439,10936,4108443,1220,383515,41,35770,16456,33822.71,9178167,0
"2021-06-14",10219,4660658,19236,4127679,2042,385557,125,35895,31622,33195,9209789,0
"2021-06-15",11894,4672552,21006,4148685,1943,387500,123,36018,34966,32638.14,9244755,0
"2021-06-16",11593,4684145,19403,4168088,1957,389457,138,36156,33091,32136.29,9277846,0
"2021-06-17",11026,4695171,18758,4186846,1970,391427,119,36275,31873,31417.29,9309719,0
"2021-06-18",12172,4707343,18495,4205341,2115,393542,113,36388,32895,30336.71,9342614,0
"2021-06-19",8504,4715847,13521,4218862,1459,395001,80,36468,23564,29209.57,9366178,0
"2021-06-20",4336,4720183,7162,4226024,924,395925,36,36504,12458,28638.43,9378636,0
"2021-06-21",10166,4730349,10004,4236028,1806,397731,67,36571,22043,27270,9400679,0
"2021-06-22",9838,4740187,15642,4251670,1589,399320,103,36674,27172,26156.57,9427851,0
"2021-06-23",10320,4750507,15184,4266854,1862,401182,101,36775,27467,25353.14,9455318,0
"2021-06-24",9694,4760201,14695,4281549,1799,402981,115,36890,26303,24557.43,9481621,0
"2021-06-25",10595,4770796,14384,4295933,1718,404699,109,36999,26806,23687.57,9508427,0
"2021-06-26",7811,4778607,10460,4306393,1246,405945,73,37072,19590,23119.86,9528017,0
"2021-06-27",5004,4783611,5998,4312391,796,406741,32,37104,11830,23030.14,9539847,0
"2021-06-28",9036,4792647,10344,4322735,1524,408265,104,37208,21008,22882.29,9560855,0
"2021-06-29",9752,4802399,12312,4335047,1348,409613,123,37331,23535,22362.71,9584390,0
"2021-06-30",9430,4811829,10927,4345974,1481,411094,146,37477,21984,21579.43,9606374,0
"2021-07-01",9401,4821230,10926,4356900,1431,412525,124,37601,21882,20947.86,9628256,0
"2021-07-02",9698,4830928,11438,4368338,1541,414066,122,37723,22799,20375.43,9651055,0
"2021-07-03",7062,4837990,8420,4376758,1193,415259,75,37798,16750,19969.71,9667805,0
"2021-07-04",1288,4839278,1335,4378093,567,415826,8,37806,3198,18736.57,9671003,0
"2021-07-05",6495,4845773,7102,4385195,1208,417034,66,37872,14871,17859.86,9685874,0
"2021-07-06",9517,4855290,12848,4398043,1317,418351,113,37985,23795,17897,9709669,0
"2021-07-07",8675,4863965,11106,4409149,1419,419770,121,38106,21321,17802.29,9730990,0
"2021-07-08",8211,4872176,10195,4419344,1260,421030,105,38211,19771,17500.71,9750761,0
"2021-07-09",8380,4880556,10827,4430171,1279,422309,88,38299,20574,17182.86,9771335,0
"2021-07-10",7111,4887667,8626,4438797,1132,423441,63,38362,16932,17208.86,9788267,0
"2021-07-11",4104,4891771,4540,4443337,703,424144,35,38397,9382,18092.29,9797649,0
"2021-07-12",8454,4900225,9553,4452890,1250,425394,79,38476,19336,18730.14,9816985,0
"2021-07-13",9472,4909697,9381,4462271,951,426345,103,38579,19907,18174.71,9836892,0
"2021-07-14",9007,4918704,9525,4471796,1009,427354,103,38682,19644,17935.14,9856536,0
"2021-07-15",8796,4927500,9149,4480945,1052,428406,80,38762,19077,17836,9875613,0
"2021-07-16",9245,4936745,9763,4490708,978,429384,101,38863,20087,17766.43,9895700,0
"2021-07-17",6846,4943591,7388,4498096,802,430186,78,38941,15114,17506.71,9910814,0
"2021-07-18",4260,4947851,4285,4502381,569,430755,33,38974,9147,17473.14,9919961,0
"2021-07-19",9128,4956979,8472,4510853,999,431754,86,39060,18685,17380.14,9938646,0
"2021-07-20",10656,4967635,8756,4519609,991,432745,90,39150,20493,17463.86,9959139,0
"2021-07-21",10054,4977689,8762,4528371,903,433648,144,39294,19863,17495.14,9979002,0
"2021-07-22",10687,4988376,8581,4536952,1044,434692,142,39436,20454,17691.86,9999456,0
"2021-07-23",11260,4999636,8879,4545831,1114,435806,134,39570,21387,17877.57,10020843,0
"2021-07-24",7406,5007042,6733,4552564,670,436476,83,39653,14892,17845.86,10035735,0
"2021-07-25",5481,5012523,2122,4554686,509,436985,59,39712,8171,17706.43,10043906,0
"2021-07-26",10880,5023403,6999,4561685,859,437844,110,39822,18848,17729.71,10062754,0
"2021-07-27",12060,5035463,8565,4570250,857,438701,132,39954,21614,17889.86,10084368,0
"2021-07-28",11999,5047462,8048,4578298,950,439651,129,40083,21126,18070.29,10105494,0
"2021-07-29",10942,5058404,7426,4585724,983,440634,129,40212,19480,17931.14,10124974,0
"2021-07-30",14958,5073362,8006,4593730,1149,441783,180,40392,24293,18346.29,10149267,0
"2021-07-31",9733,5083095,6311,4600041,816,442599,117,40509,16977,18644.14,10166244,0
"2021-08-01",6506,5089601,3308,4603349,564,443163,79,40588,10457,18970.71,10176701,0
"2021-08-02",13453,5103054,7155,4610504,848,444011,143,40731,21599,19363.71,10198300,0
"2021-08-03",15424,5118478,8381,4618885,1109,445120,145,40876,25059,19855.86,10223359,0
"2021-08-04",17264,5135742,8123,4627008,1454,446574,177,41053,27018,20697.57,10250377,0
"2021-08-05",17870,5153612,7921,4634929,1365,447939,161,41214,27317,21817.14,10277694,0
"2021-08-06",18184,5171796,8410,4643339,1233,449172,164,41378,27991,22345.43,10305685,0
"2021-08-07",13388,5185184,6017,4649356,799,449971,97,41475,20301,22820.29,10325986,0
"2021-08-08",9312,5194496,3833,4653189,399,450370,79,41554,13623,23272.57,10339609,0
"2021-08-09",21342,5215838,8529,4661718,963,451333,169,41723,31003,24616,10370612,0
"2021-08-10",18927,5234765,9330,4671048,950,452283,169,41892,29376,25232.71,10399988,0
"2021-08-11",15653,5250418,8309,4679357,853,453136,125,42017,24940,24935.86,10424928,0
"2021-08-12",15054,5265472,8977,4688334,939,454075,168,42185,25138,24624.57,10450066,0
"2021-08-13",14930,5280402,9287,4697621,921,454996,236,42421,25374,24250.71,10475440,0
"2021-08-14",10415,5290817,6409,4704030,626,455622,523,42944,17973,23918.14,10493413,0
"2021-08-15",6697,5297514,4475,4708505,677,456299,566,43510,12415,23745.57,10505828,0
"2021-08-16",15726,5313240,9291,4717796,1149,457448,1316,44826,27482,23242.57,10533310,0
"2021-08-17",17784,5331024,10438,4728234,1222,458670,1755,46581,31199,23503,10564509,0
"2021-08-18",17516,5348540,10356,4738590,1260,459930,1978,48559,31110,24384.43,10595619,0
"2021-08-19",16310,5364850,9521,4748111,1316,461246,1942,50501,29089,24948.86,10624708,0
"2021-08-20",16292,5381142,11537,4759648,1254,462500,1847,52348,30930,25742.57,10655638,0
"2021-08-21",11159,5392301,8040,4767688,877,463377,1048,53396,21124,26192.71,10676762,0
"2021-08-22",4086,5396387,3903,4771591,262,463639,512,53908,8763,25671,10685525,0
"2021-08-23",15584,5411971,11795,4783386,1023,464662,1542,55450,29944,26022.71,10715469,0
"2021-08-24",16922,5428893,12592,4795978,1006,465668,1770,57220,32290,26178.57,10747759,0
"2021-08-25",14590,5443483,12437,4808415,1111,466779,1560,58780,29698,25976.86,10777457,0
"2021-08-26",16171,5459654,14083,4822498,1072,467851,1760,60540,33086,26547.86,10810543,0
"2021-08-27",14888,5474542,14820,4837318,972,468823,1653,62193,32333,26748.29,10842876,0
"2021-08-28",10687,5485229,11513,4848831,836,469659,1010,63203,24046,27165.71,10866922,0
"2021-08-29",7219,5492448,7494,4856325,541,470200,770,63973,16024,28203,10882946,0
"2021-08-30",15530,5507978,16922,4873247,1077,471277,1781,65754,35310,28969.57,10918256,0
"2021-08-31",15529,5523507,15945,4889192,952,472229,1956,67710,34382,29268.43,10952638,0
"2021-09-01",14842,5538349,14095,4903287,1021,473250,1791,69501,31749,29561.43,10984387,0
"2021-09-02",14346,5552695,12514,4915801,896,474146,1690,71191,29446,29041.43,11013833,0
"2021-09-03",15018,5567713,14298,4930099,974,475120,1887,73078,32177,29019.14,11046010,0
"2021-09-04",9654,5577367,9404,4939503,688,475808,961,74039,20707,28542.14,11066717,0
"2021-09-05",6808,5584175,5513,4945016,438,476246,701,74740,13460,28175.86,11080177,0
"2021-09-06",5201,5589376,4506,4949522,358,476604,270,75010,10335,24608,11090512,0
"2021-09-07",15583,5604959,17688,4967210,913,477517,1534,76544,35718,24798.86,11126230,0
"2021-09-08",16176,5621135,14820,4982030,1073,478590,1750,78294,33819,25094.57,11160049,0
"2021-09-09",16126,5637261,14744,4996774,1048,479638,1900,80194,33818,25719.14,11193867,0
"2021-09-10",18378,5655639,15391,5012165,1208,480846,1959,82153,36936,26399,11230803,0
"2021-09-11",12647,5668286,10341,5022506,958,481804,1017,83170,24963,27007,11255766,0
"2021-09-12",8539,5676825,5051,5027557,766,482570,685,83855,15041,27232.86,11270807,0
"2021-09-13",16945,5693770,12944,5040501,975,483545,1637,85492,32501,30399.43,11303308,0
"2021-09-14",16280,5710050,13670,5054171,886,484431,1585,87077,32421,29928.43,11335729,0
"2021-09-15",15555,5725605,12869,5067040,728,485159,1561,88638,30713,29484.71,11366442,0
"2021-09-16",15352,5740957,13905,5080945,1211,486370,1439,90077,31907,29211.71,11398349,0
"2021-09-17",14440,5755397,13964,5094909,922,487292,1818,91895,31144,28384.29,11429493,0
"2021-09-18",10012,5765409,10170,5105079,913,488205,1043,92938,22138,27980.71,11451631,0
"2021-09-19",6183,5771592,6069,5111148,557,488762,742,93680,13551,27767.86,11465182,0
"2021-09-20",12691,5784283,12629,5123777,1069,489831,1905,95585,28294,27166.86,11493476,0
"2021-09-21",12246,5796529,12769,5136546,1111,490942,2008,97593,28134,26554.43,11521610,0
"2021-09-22",12844,5809373,11988,5148534,1091,492033,1664,99257,27587,26107.86,11549197,0
"2021-09-23",14963,5824336,12749,5161283,1639,493672,2236,101493,31587,26062.14,11580784,0
"2021-09-24",16468,5840804,13358,5174641,1632,495304,4587,106080,36045,26762.29,11616829,0
"2021-09-25",10553,5851357,9020,5183661,1018,496322,3425,109505,24016,27030.57,11640845,0
"2021-09-26",6318,5857675,5755,5189416,773,497095,2404,111909,15250,27273.29,11656095,0
"2021-09-27",14183,5871858,8050,5197466,1155,498250,8964,120873,32352,27853,11688447,0
"2021-09-28",11169,5883027,11773,5209239,901,499151,9797,130670,33640,28639.57,11722087,0
"2021-09-29",11630,5894657,12187,5221426,1205,500356,9352,140022,34374,29609.14,11756461,0
"2021-09-30",12260,5906917,12594,5234020,1338,501694,9635,149657,35827,30214.86,11792288,0
"2021-10-01",12668,5919585,13425,5247445,1284,502978,10181,159838,37558,30431,11829846,0
"2021-10-02",7738,5927323,9975,5257420,864,503842,4190,164028,22767,30252.57,11852613,0
"2021-10-03",5084,5932407,6157,5263577,594,504436,2597,166625,14432,30135.71,11867045,0
"2021-10-04",9929,5942336,11028,5274605,913,505349,9432,176057,31302,29985.71,11898347,0
"2021-10-05",10191,5952527,11743,5286348,972,506321,9864,185921,32770,29861.43,11931117,0
"2021-10-06",9936,5962463,11051,5297399,937,507258,9865,195786,31789,29492.14,11962906,0
"2021-10-07",9687,5972150,12181,5309580,852,508110,10128,205914,32848,29066.57,11995754,0
"2021-10-08",9488,5981638,12169,5321749,943,509053,10828,216742,33428,28476.57,12029182,0
"2021-10-09",6280,5987918,8275,5330024,649,509702,4066,220808,19270,27977,12048452,0
"2021-10-10",3547,5991465,5022,5335046,458,510160,2410,223218,11437,27549.14,12059889,0
"2021-10-11",7643,5999108,9329,5344375,728,510888,8848,232066,26548,26870,12086437,0
"2021-10-12",8093,6007201,11004,5355379,891,511779,10430,242496,30418,26534,12116855,0
"2021-10-13",7187,6014388,10141,5365520,869,512648,8698,251194,26895,25834.86,12143750,0
"2021-10-14",7467,6021855,11109,5376629,836,513484,10017,261211,29429,25346.43,12173179,0
"2021-10-15",7749,6029604,11868,5388497,823,514307,10703,271914,31143,25020,12204322,0
"2021-10-16",4874,6034478,7464,5395961,666,514973,3791,275705,16795,24666.43,12221117,0
"2021-10-17",3063,6037541,4474,5400435,411,515384,2424,278129,10372,24514.29,12231489,0
"2021-10-18",7084,6044625,10657,5411092,797,516181,9368,287497,27906,24708.29,12259395,0
"2021-10-19",6599,6051224,8941,5420033,806,516987,8996,296493,25342,23983.14,12284737,0
"2021-10-20",6567,6057791,9374,5429407,975,517962,9887,306380,26803,23970,12311540,0
"2021-10-21",7061,6064852,9378,5438785,859,518821,10748,317128,28046,23772.43,12339586,0
"2021-10-22",8170,6073022,10348,5449133,1026,519847,16261,333389,35805,24438.43,12375391,0
"2021-10-23",5202,6078224,6460,5455593,690,520537,9076,342465,21428,25100.29,12396819,0
"2021-10-24",3286,6081510,3970,5459563,770,521307,6138,348603,14164,25642,12410983,0
"2021-10-25",8827,6090337,8748,5468311,1147,522454,19188,367791,37910,27071.14,12448893,0
"2021-10-26",8244,6098581,7726,5476037,1259,523713,17231,385022,34460,28373.71,12483353,0
"2021-10-27",10617,6109198,8397,5484434,1604,525317,20775,405797,41393,30458,12524746,0
"2021-10-28",11378,6120576,8042,5492476,1793,527110,20756,426553,41969,32447,12566715,0
"2021-10-29",11894,6132470,8245,5500721,1963,529073,22452,449005,44554,33696.86,12611269,0
"2021-10-30",4655,6137125,5053,5505774,934,530007,11126,460131,21768,33745.43,12633037,0
"2021-10-31",2676,6139801,2704,5508478,545,530552,6601,466732,12526,33511.43,12645563,0
"2021-11-01",7196,6146997,6955,5515433,1090,531642,20297,487029,35538,33172.57,12681101,0
"2021-11-02",6630,6153627,6586,5522019,1053,532695,20675,507704,34944,33241.71,12716045,0
"2021-11-03",6905,6160532,6679,5528698,1028,533723,20543,528247,35155,32350.57,12751200,0
"2021-11-04",9350,6169882,6277,5534975,996,534719,22266,550513,38889,31910.57,12790089,0
"2021-11-05",11119,6181001,6724,5541699,1052,535771,23686,574199,42581,31628.71,12832670,0
"2021-11-06",11152,6192153,4051,5545750,593,536364,12563,586762,28359,32570.29,12861029,0
"2021-11-07",7280,6199433,2282,5548032,576,536940,7080,593842,17218,33240.57,12878247,0
"2021-11-08",15111,6214544,5677,5553709,867,537807,19427,613269,41082,34032.57,12919329,0
"2021-11-09",16206,6230750,5379,5559088,661,538468,20464,633733,42710,35142,12962039,0
"2021-11-10",17003,6247753,5330,5564418,684,539152,22549,656282,45566,36629.29,13007605,0
"2021-11-11",12631,6260384,5196,5569614,761,539913,21989,678271,40577,36870.43,13048182,0
"2021-11-12",16949,6277333,5682,5575296,708,540621,23334,701605,46673,37455,13094855,0
"2021-11-13",9973,6287306,3666,5578962,465,541086,13290,714895,27394,37317.14,13122249,0
"2021-11-14",6040,6293346,2293,5581255,325,541411,7910,722805,16568,37224.29,13138817,0
"2021-11-15",13293,6306639,5970,5587225,690,542101,25016,747821,44969,37779.57,13183786,0
"2021-11-16",10030,6316669,5795,5593020,655,542756,30553,778374,47033,38397.14,13230819,0
"2021-11-17",10381,6327050,6679,5599699,682,543438,31278,809652,49020,38890.57,13279839,0
"2021-11-18",10797,6337847,6550,5606249,861,544299,32911,842563,51119,40396.57,13330958,0
"2021-11-19",12106,6349953,6552,5612801,716,545015,36152,878715,55526,41661.29,13386484,0
"2021-11-20",9390,6359343,3421,5616222,514,545529,22430,901145,35755,42855.71,13422239,0
"2021-11-21",5001,6364344,1893,5618115,288,545817,13157,914302,20339,43394.43,13442578,0
"2021-11-22",10534,6374878,5790,5623905,752,546569,35759,950061,52835,44518.14,13495413,0
"2021-11-23",9884,6384762,4782,5628687,635,547204,33383,983444,48684,44754,13544097,0
"2021-11-24",8777,6393539,4759,5633446,651,547855,25842,1009286,40029,43469.57,13584126,0
"2021-11-25",453,6393992,323,5633769,80,547935,997,1010283,1853,36431.57,13585979,0
"2021-11-26",8113,6402105,6989,5640758,528,548463,26512,1036795,42142,34519.57,13628121,0
"2021-11-27",6722,6408827,6829,5647587,373,548836,18760,1055555,32684,34080.86,13660805,0
"2021-11-28",4105,6412932,5783,5653370,282,549118,11833,1067388,22003,34318.57,13682808,0
"2021-11-29",9184,6422116,10989,5664359,688,549806,34881,1102269,55742,34733.86,13738550,0
"2021-11-30",10593,6432709,11429,5675788,513,550319,37650,1139919,60185,36376.86,13798735,0
"2021-12-01",11300,6444009,10962,5686750,723,551042,40210,1180129,63195,39686.29,13861930,0
"2021-12-02",11737,6455746,11025,5697775,626,551668,41999,1222128,65387,48762.57,13927317,0
"2021-12-03",13612,6469358,12871,5710646,676,552344,47776,1269904,74935,53447.29,14002252,0
"2021-12-04",9915,6479273,11279,5721925,567,552911,30579,1300483,52340,56255.29,14054592,0
"2021-12-05",5793,6485066,5704,5727629,270,553181,16614,1317097,28381,57166.43,14082973,0
"2021-12-06",12463,6497529,9941,5737570,603,553784,43109,1360206,66116,58648.43,14149089,0
"2021-12-07",12699,6510228,9246,5746816,626,554410,42944,1403150,65515,59409.86,14214604,0
"2021-12-08",13673,6523901,8749,5755565,556,554966,40644,1443794,63622,59470.86,14278226,0
"2021-12-09",13606,6537507,8756,5764321,558,555524,40695,1484489,63615,59217.71,14341841,0
"2021-12-10",14163,6551670,10129,5774450,672,556196,43506,1527995,68470,58294.14,14410311,0
"2021-12-11",10324,6561994,8109,5782559,405,556601,26649,1554644,45487,57315.14,14455798,0
"2021-12-12",6059,6568053,3857,5786416,288,556889,15125,1569769,25329,56879.14,14481127,0
"2021-12-13",12333,6580386,7414,5793830,657,557546,37764,1607533,58168,55743.71,14539295,0
"2021-12-14",12312,6592698,6958,5800788,731,558277,38051,1645584,58052,54677.57,14597347,0
"2021-12-15",12239,6604937,6238,5807026,755,559032,37980,1683564,57212,53761.86,14654559,0
"2021-12-16",13235,6618172,4268,5811294,734,559766,40879,1724443,59116,53119.14,14713675,0
"2021-12-17",16120,6634292,6932,5818226,620,560386,46554,1770997,70226,53370,14783901,0
"2021-12-18",13090,6647382,5717,5823943,432,560818,30510,1801507,49749,53978.86,14833650,0
"2021-12-19",7067,6654449,2991,5826934,327,561145,17956,1819463,28341,54409.14,14861991,0
"2021-12-20",17003,6671452,5867,5832801,746,561891,47275,1866738,70891,56226.71,14932882,0
"2021-12-21",18066,6689518,6557,5839358,808,562699,48739,1915477,74170,58529.29,15007052,0
"2021-12-22",18673,6708191,6556,5845914,938,563637,49474,1964951,75641,61162,15082693,0
"2021-12-23",19122,6727313,6481,5852395,930,564567,45715,2010666,72248,63038,15154941,0
"2021-12-24",9258,6736571,2952,5855347,598,565165,20561,2031227,33369,57772.71,15188310,0
"2021-12-25",343,6736914,65,5855412,31,565196,422,2031649,861,50788.71,15189171,0
"2021-12-26",7992,6744906,3927,5859339,341,565537,17251,2048900,29511,50955.86,15218682,0
"2021-12-27",21880,6766786,9200,5868539,933,566470,43328,2092228,75341,51591.57,15294023,0
"2021-12-28",20228,6787014,8322,5876861,698,567168,47464,2139692,76712,51954.71,15370735,0
"2021-12-29",18556,6805570,7656,5884517,607,567775,45436,2185128,72255,51471,15442990,0
"2021-12-30",16930,6822500,7415,5891932,582,568357,44739,2229867,69666,51102.14,15512656,0
"2021-12-31",5378,6827878,2800,5894732,193,568550,14716,2244583,23087,49633.29,15535743,0
"2022-01-01",236,6828114,146,5894878,11,568561,498,2245081,891,49637.57,15536634,0
"2022-01-02",6457,6834571,5010,5899888,153,568714,10962,2256043,22582,48647.71,15559216,0
"2022-01-03",14209,6848780,8480,5908368,515,569229,26812,2282855,50016,45029.86,15609232,0
"2022-01-04",13141,6861921,8061,5916429,412,569641,26929,2309784,48543,41005.71,15657775,0
"2022-01-05",11669,6873590,6960,5923389,385,570026,25683,2335467,44697,37068.86,15702472,0
"2022-01-06",11596,6885186,7362,5930751,480,570506,27386,2362853,46824,33805.71,15749296,0
"2022-01-07",10508,6895694,8415,5939166,337,570843,24892,2387745,44152,36815,15793448,0
"2022-01-08",7962,6903656,8545,5947711,310,571153,19361,2407106,36178,41856,15829626,0
"2022-01-09",4157,6907813,3842,5951553,214,571367,10041,2417147,18254,41237.71,15847880,0
"2022-01-10",10220,6918033,8178,5959731,489,571856,24527,2441674,43414,40294.57,15891294,0
"2022-01-11",8958,6926991,7973,5967704,520,572376,20938,2462612,38389,38844,15929683,0
"2022-01-12",9013,6936004,8305,5976009,428,572804,22248,2484860,39994,38172.14,15969677,0
"2022-01-13",9107,6945111,8841,5984850,449,573253,22734,2507594,41131,37358.86,16010808,0
"2022-01-14",10124,6955235,8067,5992917,475,573728,26171,2533765,44837,37456.71,16055645,0
"2022-01-15",6204,6961439,4268,5997185,178,573906,14927,2548692,25577,35942.29,16081222,0
"2022-01-16",2937,6964376,3251,6000436,93,573999,7799,2556491,14080,35346,16095302,0
"2022-01-17",6112,6970488,6754,6007190,363,574362,14613,2571104,27842,33121.43,16123144,0
"2022-01-18",8143,6978631,10149,6017339,397,574759,19330,2590434,38019,33068.57,16161163,0
"2022-01-19",7545,6986176,9227,6026566,306,575065,17630,2608064,34708,32313.43,16195871,0
"2022-01-20",6350,6992526,8563,6035129,304,575369,15141,2623205,30358,30774.43,16226229,0
"2022-01-21",7655,7000181,7485,6042614,277,575646,18392,2641597,33809,29199,16260038,0
"2022-01-22",5216,7005397,4923,6047537,131,575777,11279,2652876,21549,28623.57,16281587,0
"2022-01-23",2822,7008219,3326,6050863,97,575874,6215,2659091,12460,28392.14,16294047,0
"2022-01-24",6425,7014644,8184,6059047,261,576135,14995,2674086,29865,28681.14,16323912,0
"2022-01-25",6224,7020868,7921,6066968,232,576367,14640,2688726,29017,27395.14,16352929,0
"2022-01-26",5794,7026662,7148,6074116,290,576657,13961,2702687,27193,26321.57,16380122,0
"2022-01-27",5284,7031946,7076,6081192,320,576977,14027,2716714,26707,25800,16406829,0
"2022-01-28",6313,7038259,7848,6089040,205,577182,16061,2732775,30427,25316.86,16437256,0
"2022-01-29",847,7039106,726,6089766,28,577210,2521,2735296,4122,22827.29,16441378,0
"2022-01-30",2105,7041211,3018,6092784,103,577313,4527,2739823,9753,22440.57,16451131,0
"2022-01-31",5038,7046249,6586,6099370,219,577532,11316,2751139,23159,21482.57,16474290,0
"2022-02-01",4860,7051109,6440,6105810,219,577751,10657,2761796,22176,20505.29,16496466,0
"2022-02-02",4278,7055387,5921,6111731,214,577965,11175,2772971,21588,19704.57,16518054,0
"2022-02-03",4246,7059633,5788,6117519,217,578182,11170,2784141,21421,18949.43,16539475,0
"2022-02-04",4802,7064435,7089,6124608,214,578396,13146,2797287,25251,18210,16564726,0
"2022-02-05",3601,7068036,6040,6130648,110,578506,8548,2805835,18299,20235.29,16583025,0
"2022-02-06",2072,7070108,2131,6132779,121,578627,4625,2810460,8949,20120.43,16591974,0
"2022-02-07",4172,7074280,4717,6137496,205,578832,10107,2820567,19201,19555,16611175,0
"2022-02-08",4248,7078528,5595,6143091,213,579045,11259,2831826,21315,19432,16632490,0
"2022-02-09",4154,7082682,5391,6148482,222,579267,11610,2843436,21377,19401.86,16653867,0
"2022-02-10",4002,7086684,5107,6153589,243,579510,12118,2855554,21470,19408.86,16675337,0
"2022-02-11",4539,7091223,5797,6159386,194,579704,13688,2869242,24218,19261.29,16699555,0
"2022-02-12",3271,7094494,4333,6163719,96,579800,8777,2878019,16477,19001,16716032,0
"2022-02-13",1524,7096018,1541,6165260,41,579841,4874,2882893,7980,18862.57,16724012,0
"2022-02-14",3008,7099026,3616,6168876,165,580006,10539,2893432,17328,18595,16741340,0
"2022-02-15",3579,7102605,4058,6172934,176,580182,12735,2906167,20548,18485.43,16761888,0
"2022-02-16",3701,7106306,3888,6176822,198,580380,15646,2921813,23433,18779.14,16785321,0
"2022-02-17",4067,7110373,4078,6180900,164,580544,18211,2940024,26520,19500.57,16811841,0
"2022-02-18",4503,7114876,4773,6185673,189,580733,21500,2961524,30965,20464.43,16842806,0
"2022-02-19",3270,7118146,2176,6187849,65,580798,11148,2972672,16659,20490.43,16859465,0
"2022-02-20",1866,7120012,1445,6189294,59,580857,6565,2979237,9935,20769.71,16869400,0
"2022-02-21",3114,7123126,2684,6191978,95,580952,8326,2987563,14219,20325.57,16883619,0
"2022-02-22",4412,7127538,4241,6196219,175,581127,10794,2998357,19622,20193.29,16903241,0
"2022-02-23",4296,7131834,3778,6199997,144,581271,10620,3008977,18838,19536.86,16922079,0
"2022-02-24",3780,7135614,3651,6203648,108,581379,10156,3019133,17695,18276.14,16939774,0
"2022-02-25",3638,7139252,3605,6207253,135,581514,9948,3029081,17326,16327.71,16957100,0
"2022-02-26",2859,7142111,2574,6209827,74,581588,9489,3038570,14996,16090.14,16972096,0
"2022-02-27",1781,7143892,1368,6211195,52,581640,6261,3044831,9462,16022.57,16981558,0
"2022-02-28",3832,7147724,3121,6214316,140,581780,13088,3057919,20181,16874.29,17001739,0
"2022-03-01",2131,7149855,2606,6216922,102,581882,5151,3063070,9990,15498.29,17011729,0
"2022-03-02",1837,7151692,2418,6219340,105,581987,4102,3067172,8462,14016,17020191,0
"2022-03-03",1943,7153635,2548,6221888,106,582093,3785,3070957,8382,12685.57,17028573,0
"2022-03-04",2108,7155743,2862,6224750,67,582160,4307,3075264,9344,11545.29,17037917,0
"2022-03-05",1612,7157355,2119,6226869,43,582203,3304,3078568,7078,10414.14,17044995,0
"2022-03-06",803,7158158,877,6227746,30,582233,1617,3080185,3327,9537.71,17048322,0
"2022-03-07",1675,7159833,1777,6229523,85,582318,3474,3083659,7011,7656.29,17055333,0
"2022-03-08",1551,7161384,1894,6231417,79,582397,3112,3086771,6636,7177.14,17061969,0
"2022-03-09",1263,7162647,1662,6233079,78,582475,2567,3089338,5570,6764,17067539,0
"2022-03-10",1428,7164075,2095,6235174,85,582560,2938,3092276,6546,6501.71,17074085,0
"2022-03-11",1607,7165682,2261,6237435,81,582641,3192,3095468,7141,6187,17081226,0
"2022-03-12",882,7166564,1412,6238847,39,582680,1994,3097462,4327,5794,17085553,0
"2022-03-13",627,7167191,755,6239602,26,582706,1289,3098751,2697,5704,17088250,0
"2022-03-14",1385,7168576,1593,6241195,83,582789,2972,3101723,6033,5564.29,17094283,0
"2022-03-15",1346,7169922,1920,6243115,62,582851,3065,3104788,6393,5529.57,17100676,0
"2022-03-16",1398,7171320,2057,6245172,94,582945,3119,3107907,6668,5686.43,17107344,0
"2022-03-17",1184,7172504,1807,6246979,69,583014,2745,3110652,5805,5580.57,17113149,0
"2022-03-18",1582,7174086,2165,6249144,80,583094,3752,3114404,7579,5643.14,17120728,0
"2022-03-19",1113,7175199,1726,6250870,54,583148,2585,3116989,5478,5807.57,17126206,0
"2022-03-20",612,7175811,630,6251500,32,583180,1458,3118447,2732,5812.57,17128938,0
"2022-03-21",1422,7177233,1545,6253045,73,583253,3038,3121485,6078,5819,17135016,0
"2022-03-22",1337,7178570,1542,6254587,101,583354,2881,3124366,5861,5743,17140877,0
"2022-03-23",1260,7179830,1344,6255931,66,583420,2899,3127265,5569,5586,17146446,0
"2022-03-24",1216,7181046,1290,6257221,89,583509,2502,3129767,5097,5484.86,17151543,0
"2022-03-25",1386,7182432,1607,6258828,61,583570,3245,3133012,6299,5302,17157842,0
"2022-03-26",923,7183355,1151,6259979,36,583606,2285,3135297,4395,5147.29,17162237,0
"2022-03-27",573,7183928,525,6260504,29,583635,1311,3136608,2438,5105.29,17164675,0
"2022-03-28",1085,7185013,1146,6261650,68,583703,2428,3139036,4727,4912.29,17169402,0
"2022-03-29",1049,7186062,1099,6262749,86,583789,2495,3141531,4729,4750.57,17174131,0
"2022-03-30",1244,7187306,1128,6263877,96,583885,3040,3144571,5508,4741.86,17179639,0
"2022-03-31",1237,7188543,1240,6265117,57,583942,3135,3147706,5669,4823.57,17185308,0
"2022-04-01",1381,7189924,1477,6266594,68,584010,3218,3150924,6144,4801.43,17191452,0
"2022-04-02",880,7190804,908,6267502,33,584043,2080,3153004,3901,4730.86,17195353,0
"2022-04-03",544,7191348,495,6267997,28,584071,1214,3154218,2281,4708.43,17197634,0
"2022-04-04",1315,7192663,1296,6269293,58,584129,2693,3156911,5362,4799.14,17202996,0
"2022-04-05",1268,7193931,1132,6270425,67,584196,2829,3159740,5296,4880.14,17208292,0
"2022-04-06",1273,7195204,1162,6271587,57,584253,2584,3162324,5076,4818.43,17213368,0
"2022-04-07",1179,7196383,1051,6272638,53,584306,2326,3164650,4609,4667,17217977,0
"2022-04-08",1470,7197853,1378,6274016,54,584360,3081,3167731,5983,4644,17223960,0
"2022-04-09",934,7198787,917,6274933,26,584386,2032,3169763,3909,4645.14,17227869,0
"2022-04-10",592,7199379,458,6275391,24,584410,1165,3170928,2239,4639.14,17230108,0
"2022-04-11",1325,7200704,1206,6276597,58,584468,2618,3173546,5207,4617,17235315,0
"2022-04-12",1190,7201894,1026,6277623,72,584540,2423,3175969,4711,4533.43,17240026,0
"2022-04-13",1241,7203135,1046,6278669,54,584594,2448,3178417,4789,4492.43,17244815,120000
"2022-04-14",1252,7204387,1070,6279739,51,584645,2320,3180737,4693,4504.43,17249508,120000
"2022-04-15",1316,7205703,1068,6280807,46,584691,2499,3183236,4929,4353.86,17254437,120000
"2022-04-16",864,7206567,631,6281438,24,584715,1606,3184842,3125,4241.86,17257562,120000
"2022-04-17",338,7206905,196,6281634,19,584734,617,3185459,1170,4089.14,17258732,120000
"2022-04-18",1351,7208256,1051,6282685,78,584812,2457,3187916,4937,4050.57,17263669,120000
"2022-04-19",446,7208702,309,6282994,24,584836,824,3188740,1603,3606.57,17265272,120000
>>>>>>> 9f8c1833924227970377f8c55bf48e6fa8427c2e
