"DATE","ADMIN_DOSE1_DAILY","ADMIN_DOSE1_CUMULATIVE","ADMIN_DOSE2_DAILY","ADMIN_DOSE2_CUMULATIVE","ADMIN_SINGLE_DAILY","ADMIN_SINGLE_CUMULATIVE","ADMIN_ADDITIONAL_DAILY","ADMIN_ADDITIONAL_CUMULATIVE","ADMIN_ALLDOSES_DAILY","ADMIN_ALLDOSES_7DAYAVG","ADMIN_ALLDOSES_CUMULATIVE","INCOMPLETE"
"2020-12-14",79,79,0,0,0,0,0,0,79,,79,0
"2020-12-15",2052,2131,5,5,4,4,0,0,2061,,2140,0
"2020-12-16",4602,6733,13,18,1,5,1,1,4617,,6757,0
"2020-12-17",4655,11388,17,35,0,5,1,2,4673,,11430,0
"2020-12-18",5833,17221,20,55,2,7,2,4,5857,,17287,0
"2020-12-19",1689,18910,7,62,3,10,0,4,1699,,18986,0
"2020-12-20",1116,20026,2,64,1,11,0,4,1119,2872.14,20105,0
"2020-12-21",6339,26365,17,81,0,11,6,10,6362,3769.71,26467,0
"2020-12-22",9796,36161,27,108,2,13,1,11,9826,4879,36293,0
"2020-12-23",14273,50434,35,143,3,16,1,12,14312,6264,50605,0
"2020-12-24",7200,57634,25,168,1,17,0,12,7226,6628.71,57831,0
"2020-12-25",180,57814,0,168,0,17,1,13,181,5817.86,58012,0
"2020-12-26",4390,62204,43,211,0,17,1,14,4434,6208.57,62446,0
"2020-12-27",3868,66072,13,224,0,17,1,15,3882,6603.29,66328,0
"2020-12-28",10992,77064,50,274,1,18,3,18,11046,7272.43,77374,0
"2020-12-29",10723,87787,32,306,2,20,2,20,10759,7405.71,88133,0
"2020-12-30",12826,100613,44,350,0,20,0,20,12870,7199.71,101003,0
"2020-12-31",7262,107875,30,380,1,21,0,20,7293,7209.29,108296,0
"2021-01-01",181,108056,2,382,1,22,3,23,187,7210.14,108483,0
"2021-01-02",3810,111866,10,392,2,24,1,24,3823,7122.86,112306,0
"2021-01-03",3542,115408,23,415,2,26,1,25,3568,7078,115874,0
"2021-01-04",12257,127665,805,1220,2,28,6,31,13070,7367.14,128944,0
"2021-01-05",14083,141748,2193,3413,2,30,10,41,16288,8157,145232,0
"2021-01-06",17809,159557,3922,7335,1,31,29,70,21761,9427.14,166993,0
"2021-01-07",16548,176105,5173,12508,4,35,45,115,21770,11495.29,188763,0
"2021-01-08",16621,192726,5453,17961,0,35,32,147,22106,14626.57,210869,0
"2021-01-09",7650,200376,1463,19424,1,36,7,154,9121,15383.43,219990,0
"2021-01-10",7884,208260,981,20405,0,36,10,164,8875,16141.57,228865,0
"2021-01-11",25818,234078,7457,27862,2,38,47,211,33324,19035,262189,0
"2021-01-12",28263,262341,7859,35721,1,39,43,254,36166,21874.71,298355,0
"2021-01-13",31721,294062,9377,45098,1,40,54,308,41153,24645,339508,0
"2021-01-14",35804,329866,5327,50425,1,41,28,336,41160,27415,380668,0
"2021-01-15",29269,359135,3703,54128,2,43,32,368,33006,28972.14,413674,0
"2021-01-16",30291,389426,2380,56508,0,43,23,391,32694,32339.71,446368,0
"2021-01-17",23758,413184,1619,58127,0,43,18,409,25395,34699.71,471763,0
"2021-01-18",27110,440294,2410,60537,0,43,34,443,29554,34161.14,501317,0
"2021-01-19",34302,474596,9620,70157,1,44,67,510,43990,35278.86,545307,0
"2021-01-20",34865,509461,9494,79651,1,45,58,568,44418,35745.29,589725,0
"2021-01-21",25594,535055,8090,87741,2,47,48,616,33734,34684.43,623459,0
"2021-01-22",24755,559810,4385,92126,1,48,29,645,29170,34136.43,652629,0
"2021-01-23",15742,575552,3224,95350,0,48,10,655,18976,32176.71,671605,0
"2021-01-24",7180,582732,3448,98798,0,48,18,673,10646,30069.71,682251,0
"2021-01-25",13415,596147,11814,110612,0,48,64,737,25293,29461,707544,0
"2021-01-26",16769,612916,10745,121357,0,48,66,803,27580,27116.71,735124,0
"2021-01-27",20832,633748,12357,133714,0,48,49,852,33238,25519.57,768362,0
"2021-01-28",30764,664512,12845,146559,0,48,80,932,43689,26941.71,812051,0
"2021-01-29",31693,696205,11498,158057,0,48,75,1007,43266,28955.43,855317,0
"2021-01-30",18715,714920,3738,161795,0,48,20,1027,22473,29455,877790,0
"2021-01-31",13025,727945,2915,164710,1,49,30,1057,15971,30215.71,893761,0
"2021-02-01",1178,729123,5368,170078,4,53,35,1092,6585,27543.14,900346,0
"2021-02-02",2827,731950,9467,179545,2,55,50,1142,12346,25366.86,912692,0
"2021-02-03",16351,748301,21235,200780,4,59,201,1343,37791,26017.29,950483,0
"2021-02-04",27043,775344,19648,220428,3,62,198,1541,46892,26474.86,997375,0
"2021-02-05",27602,802946,20024,240452,0,62,180,1721,47806,27123.43,1045181,0
"2021-02-06",22992,825938,11245,251697,0,62,108,1829,34345,28819.43,1079526,0
"2021-02-07",12045,837983,8280,259977,1,63,87,1916,20413,29454,1099939,0
"2021-02-08",16971,854954,23507,283484,2,65,232,2148,40712,34329.29,1140651,0
"2021-02-09",17200,872154,28108,311592,2,67,327,2475,45637,39085.14,1186288,0
"2021-02-10",19597,891751,29302,340894,2,69,258,2733,49159,40709.14,1235447,0
"2021-02-11",27849,919600,33464,374358,2,71,345,3078,61660,42818.86,1297107,0
"2021-02-12",38412,958012,30788,405146,3,74,346,3424,69549,45925,1366656,0
"2021-02-13",28011,986023,25301,430447,2,76,305,3729,53619,48678.43,1420275,0
"2021-02-14",16286,1002309,23725,454172,0,76,257,3986,40268,51514.86,1460543,0
"2021-02-15",12798,1015107,10522,464694,2,78,165,4151,23487,49054.14,1484030,0
"2021-02-16",14241,1029348,26727,491421,0,78,315,4466,41283,48432.14,1525313,0
"2021-02-17",16408,1045756,22170,513591,1,79,285,4751,38864,46961.43,1564177,0
"2021-02-18",12156,1057912,24988,538579,21,100,278,5029,37443,43501.86,1601620,0
"2021-02-19",13270,1071182,23927,562506,39,139,293,5322,37529,38927.57,1639149,0
"2021-02-20",11352,1082534,26077,588583,6,145,321,5643,37756,36661.43,1676905,0
"2021-02-21",6360,1088894,17425,606008,15,160,281,5924,24081,34349,1700986,0
"2021-02-22",13040,1101934,11847,617855,2,162,122,6046,25011,34566.71,1725997,0
"2021-02-23",25245,1127179,14147,632002,1,163,157,6203,39550,34319.14,1765547,0
"2021-02-24",36357,1163536,20357,652359,0,163,215,6418,56929,36899.86,1822476,0
"2021-02-25",54619,1218155,30347,682706,6,169,388,6806,85360,43745.14,1907836,0
"2021-02-26",62881,1281036,31840,714546,4,173,395,7201,95120,51972.43,2002956,0
"2021-02-27",51301,1332337,22735,737281,47,220,328,7529,74411,57208.86,2077367,0
"2021-02-28",44603,1376940,13790,751071,7,227,201,7730,58601,62140.29,2135968,0
"2021-03-01",39316,1416256,12748,763819,10,237,168,7898,52242,66030.43,2188210,0
"2021-03-02",47082,1463338,12546,776365,7,244,157,8055,59792,68922.14,2248002,0
"2021-03-03",48609,1511947,16123,792488,17,261,148,8203,64897,70060.43,2312899,0
"2021-03-04",59825,1571772,22790,815278,1092,1353,262,8465,83969,69861.71,2396868,0
"2021-03-05",60990,1632762,24249,839527,3109,4462,330,8795,88678,68941.43,2485546,0
"2021-03-06",47180,1679942,18865,858392,5448,9910,233,9028,71726,68557.86,2557272,0
"2021-03-07",36042,1715984,14856,873248,6247,16157,226,9254,57371,68382.14,2614643,0
"2021-03-08",39617,1755601,14662,887910,8566,24723,306,9560,63151,69940.57,2677794,0
"2021-03-09",39102,1794703,12792,900702,7766,32489,180,9740,59840,69947.43,2737634,0
"2021-03-10",51833,1846536,15275,915977,5069,37558,221,9961,72398,71019,2810032,0
"2021-03-11",60002,1906538,21763,937740,4618,42176,250,10211,86633,71399.57,2896665,0
"2021-03-12",52200,1958738,30276,968016,4183,46359,368,10579,87027,71163.71,2983692,0
"2021-03-13",40661,1999399,26671,994687,5110,51469,320,10899,72762,71311.71,3056454,0
"2021-03-14",30723,2030122,15938,1010625,4528,55997,237,11136,51426,70462.43,3107880,0
"2021-03-15",33590,2063712,17220,1027845,4722,60719,234,11370,55766,69407.43,3163646,0
"2021-03-16",38673,2102385,20465,1048310,4925,65644,255,11625,64318,70047.14,3227964,0
"2021-03-17",42624,2145009,24743,1073053,4247,69891,335,11960,71949,69983,3299913,0
"2021-03-18",50474,2195483,26739,1099792,5239,75130,363,12323,82815,69437.57,3382728,0
"2021-03-19",47810,2243293,29892,1129684,5624,80754,386,12709,83712,68964,3466440,0
"2021-03-20",38713,2282006,25779,1155463,4690,85444,289,12998,69471,68493.86,3535911,0
"2021-03-21",29307,2311313,19304,1174767,771,86215,216,13214,49598,68232.71,3585509,0
"2021-03-22",33866,2345179,26690,1201457,4038,90253,259,13473,64853,69530.86,3650362,0
"2021-03-23",38441,2383620,32789,1234246,4221,94474,281,13754,75732,71161.43,3726094,0
"2021-03-24",41511,2425131,37539,1271785,4849,99323,319,14073,84218,72914.14,3810312,0
"2021-03-25",43424,2468555,50707,1322492,5053,104376,458,14531,99642,75318,3909954,0
"2021-03-26",38514,2507069,55411,1377903,4311,108687,516,15047,98752,77466.57,4008706,0
"2021-03-27",35754,2542823,45660,1423563,2939,111626,405,15452,84758,79650.43,4093464,0
"2021-03-28",26401,2569224,34369,1457932,1481,113107,321,15773,62572,81503.86,4156036,0
"2021-03-29",34837,2604061,38770,1496702,3248,116355,335,16108,77190,83266.29,4233226,0
"2021-03-30",40519,2644580,41880,1538582,3714,120069,319,16427,86432,84794.86,4319658,0
"2021-03-31",49411,2693991,44812,1583394,7441,127510,392,16819,102056,87343.14,4421714,0
"2021-04-01",50781,2744772,53912,1637306,11274,138784,495,17314,116462,89746,4538176,0
"2021-04-02",43766,2788538,53840,1691146,11973,150757,542,17856,110121,91370.14,4648297,0
"2021-04-03",39265,2827803,39175,1730321,9861,160618,333,18189,88634,91923.86,4736931,0
"2021-04-04",26565,2854368,24689,1755010,3901,164519,220,18409,55375,90895.71,4792306,0
"2021-04-05",41886,2896254,34413,1789423,11195,175714,362,18771,87856,92419.43,4880162,0
"2021-04-06",53284,2949538,35538,1824961,13221,188935,422,19193,102465,94709.86,4982627,0
"2021-04-07",55521,3005059,40664,1865625,14385,203320,385,19578,110955,95981.14,5093582,0
"2021-04-08",59282,3064341,46543,1912168,16336,219656,503,20081,122664,96867.14,5216246,0
"2021-04-09",56653,3120994,44927,1957095,17549,237205,496,20577,119625,98224.86,5335871,0
"2021-04-10",49364,3170358,35636,1992731,12727,249932,376,20953,98103,99577.57,5433974,0
"2021-04-11",38194,3208552,28811,2021542,7686,257618,284,21237,74975,102377.57,5508949,0
"2021-04-12",46650,3255202,31839,2053381,13495,271113,454,21691,92438,103032.14,5601387,0
"2021-04-13",52562,3307764,33776,2087157,368,271481,384,22075,87090,100835.71,5688477,0
"2021-04-14",50162,3357926,39954,2127111,20,271501,355,22430,90491,97912.29,5778968,0
"2021-04-15",52136,3410062,43666,2170777,16,271517,451,22881,96269,94141.57,5875237,0
"2021-04-16",51195,3461257,42220,2212997,32,271549,404,23285,93851,90459.57,5969088,0
"2021-04-17",43850,3505107,35683,2248680,3,271552,360,23645,79896,87858.57,6048984,0
"2021-04-18",28613,3533720,29372,2278052,7,271559,245,23890,58237,85467.43,6107221,0
"2021-04-19",37486,3571206,36443,2314495,22,271581,306,24196,74257,82870.14,6181478,0
"2021-04-20",40816,3612022,39630,2354125,19,271600,296,24492,80761,81966,6262239,0
"2021-04-21",38911,3650933,45961,2400086,15,271615,479,24971,85366,81233.86,6347605,0
"2021-04-22",38520,3689453,48942,2449028,9,271624,332,25303,87803,80024.43,6435408,0
"2021-04-23",39714,3729167,44369,2493397,4,271628,346,25649,84433,78679,6519841,0
"2021-04-24",31966,3761133,41594,2534991,44,271672,274,25923,73878,77819.29,6593719,0
"2021-04-25",18428,3779561,31231,2566222,86,271758,185,26108,49930,76632.57,6643649,0
"2021-04-26",26980,3806541,40725,2606947,1013,272771,281,26389,68999,75881.43,6712648,0
"2021-04-27",28574,3835115,47126,2654073,1696,274467,342,26731,77738,75449.57,6790386,0
"2021-04-28",27056,3862171,56833,2710906,2146,276613,420,27151,86455,75605.14,6876841,0
"2021-04-29",28621,3890792,57178,2768084,2145,278758,361,27512,88305,75676.86,6965146,0
"2021-04-30",30129,3920921,51980,2820064,2056,280814,274,27786,84439,75677.71,7049585,0
"2021-05-01",22485,3943406,44548,2864612,1176,281990,224,28010,68433,74899.86,7118018,0
"2021-05-02",11931,3955337,36652,2901264,1080,283070,132,28142,49795,74880.57,7167813,0
"2021-05-03",18038,3973375,53017,2954281,2383,285453,244,28386,73682,75549.57,7241495,0
"2021-05-04",22750,3996125,56643,3010924,2330,287783,255,28641,81978,76155.29,7323473,0
"2021-05-05",21480,4017605,48792,3059716,2310,290093,309,28950,72891,74217.57,7396364,0
"2021-05-06",20695,4038300,50172,3109888,2509,292602,263,29213,73639,72122.43,7470003,0
"2021-05-07",21266,4059566,52094,3161982,2813,295415,300,29513,76473,70984.43,7546476,0
"2021-05-08",16636,4076202,41877,3203859,1835,297250,220,29733,60568,69860.86,7607044,0
"2021-05-09",7977,4084179,29410,3233269,1260,298510,150,29883,38797,68289.71,7645841,0
"2021-05-10",14402,4098581,38539,3271808,2356,300866,220,30103,55517,65694.71,7701358,0
"2021-05-11",19930,4118511,43047,3314855,2514,303380,278,30381,65769,63379.14,7767127,0
"2021-05-12",17815,4136326,40534,3355389,3596,306976,226,30607,62171,61847.71,7829298,0
"2021-05-13",24985,4161311,40429,3395818,3229,310205,255,30862,68898,61170.43,7898196,0
"2021-05-14",27035,4188346,42905,3438723,3536,313741,278,31140,73754,60782,7971950,0
"2021-05-15",23662,4212008,34917,3473640,3366,317107,243,31383,62188,61013.43,8034138,0
"2021-05-16",15547,4227555,19432,3493072,2497,319604,124,31507,37600,60842.43,8071738,0
"2021-05-17",22680,4250235,29142,3522214,3257,322861,173,31680,55252,60804.57,8126990,0
"2021-05-18",24645,4274880,31901,3554115,3404,326265,233,31913,60183,60006.57,8187173,0
"2021-05-19",24211,4299091,29709,3583824,3039,329304,218,32131,57177,59293.14,8244350,0
"2021-05-20",24168,4323259,30082,3613906,3160,332464,264,32395,57674,57689.71,8302024,0
"2021-05-21",24695,4347954,32001,3645907,3059,335523,241,32636,59996,55724.29,8362020,0
"2021-05-22",20031,4367985,24355,3670262,2525,338048,155,32791,47066,53564,8409086,0
"2021-05-23",11239,4379224,13725,3683987,1411,339459,97,32888,26472,51974.29,8435558,0
"2021-05-24",18887,4398111,23146,3707133,2757,342216,216,33104,45006,50510.57,8480564,0
"2021-05-25",19444,4417555,23373,3730506,2601,344817,174,33278,45592,48426.14,8526156,0
"2021-05-26",18790,4436345,21078,3751584,2695,347512,200,33478,42763,46367,8568919,0
"2021-05-27",18479,4454824,21265,3772849,2530,350042,191,33669,42465,44194.29,8611384,0
"2021-05-28",17876,4472700,22888,3795737,2752,352794,183,33852,43699,41866.14,8655083,0
"2021-05-29",12716,4485416,17803,3813540,1755,354549,102,33954,32376,39767.57,8687459,0
"2021-05-30",7033,4492449,8948,3822488,1074,355623,43,33997,17098,38428.43,8704557,0
"2021-05-31",4741,4497190,6926,3829414,1011,356634,63,34060,12741,33819.14,8717298,0
"2021-06-01",16049,4513239,25197,3854611,2174,358808,148,34208,43568,33530,8760866,0
"2021-06-02",15358,4528597,20384,3874995,2092,360900,139,34347,37973,32845.71,8798839,0
"2021-06-03",15011,4543608,23815,3898810,2280,363180,121,34468,41227,32668.86,8840066,0
"2021-06-04",14736,4558344,25980,3924790,2492,365672,142,34610,43350,32619,8883416,0
"2021-06-05",10998,4569342,22081,3946871,1806,367478,111,34721,34996,32993.29,8918412,0
"2021-06-06",6451,4575793,14467,3961338,1222,368700,81,34802,22221,33725.14,8940633,0
"2021-06-07",11718,4587511,21781,3983119,2379,371079,139,34941,36017,37050.29,8976650,0
"2021-06-08",12660,4600171,24014,4007133,2072,373151,116,35057,38862,36378,9015512,0
"2021-06-09",11155,4611326,23021,4030154,2298,375449,130,35187,36604,36182.43,9052116,0
"2021-06-10",12079,4623405,22228,4052382,2462,377911,137,35324,36906,35565.14,9089022,0
"2021-06-11",12714,4636119,25110,4077492,2482,380393,151,35475,40457,35151.86,9129479,0
"2021-06-12",10170,4646289,19303,4096795,1888,382281,93,35568,31454,34645.86,9160933,0
"2021-06-13",4259,4650548,10935,4107730,1220,383501,41,35609,16455,33822.14,9177388,0
"2021-06-14",10220,4660768,19236,4126966,2042,385543,124,35733,31622,33194.29,9209010,0
"2021-06-15",11894,4672662,21006,4147972,1943,387486,123,35856,34966,32637.71,9243976,0
"2021-06-16",11593,4684255,19403,4167375,1958,389444,138,35994,33092,32136,9277068,0
"2021-06-17",11028,4695283,18756,4186131,1970,391414,117,36111,31871,31416.71,9308939,0
"2021-06-18",12171,4707454,18496,4204627,2115,393529,113,36224,32895,30336.43,9341834,0
"2021-06-19",8505,4715959,13520,4218147,1460,394989,79,36303,23564,29209.29,9365398,0
"2021-06-20",4336,4720295,7162,4225309,924,395913,36,36339,12458,28638.29,9377856,0
"2021-06-21",10166,4730461,10003,4235312,1806,397719,67,36406,22042,27269.71,9399898,0
"2021-06-22",9842,4740303,15639,4250951,1590,399309,102,36508,27173,26156.43,9427071,0
"2021-06-23",10321,4750624,15181,4266132,1861,401170,102,36610,27465,25352.57,9454536,0
"2021-06-24",9694,4760318,14694,4280826,1798,402968,116,36726,26302,24557,9480838,0
"2021-06-25",10594,4770912,14382,4295208,1718,404686,109,36835,26803,23686.71,9507641,0
"2021-06-26",7811,4778723,10460,4305668,1246,405932,73,36908,19590,23119,9527231,0
"2021-06-27",5004,4783727,5998,4311666,796,406728,32,36940,11830,23029.29,9539061,0
"2021-06-28",9035,4792762,10343,4322009,1524,408252,104,37044,21006,22881.29,9560067,0
"2021-06-29",9752,4802514,12312,4334321,1348,409600,123,37167,23535,22361.57,9583602,0
"2021-06-30",9430,4811944,10928,4345249,1480,411080,145,37312,21983,21578.43,9605585,0
"2021-07-01",9401,4821345,10925,4356174,1431,412511,124,37436,21881,20946.86,9627466,0
"2021-07-02",9695,4831040,11436,4367610,1541,414052,122,37558,22794,20374.14,9650260,0
"2021-07-03",7062,4838102,8420,4376030,1193,415245,75,37633,16750,19968.43,9667010,0
"2021-07-04",1289,4839391,1335,4377365,567,415812,8,37641,3199,18735.43,9670209,0
"2021-07-05",6495,4845886,7101,4384466,1208,417020,66,37707,14870,17858.86,9685079,0
"2021-07-06",9517,4855403,12845,4397311,1317,418337,113,37820,23792,17895.57,9708871,0
"2021-07-07",8677,4864080,11106,4408417,1419,419756,120,37940,21322,17801.14,9730193,0
"2021-07-08",8211,4872291,10194,4418611,1260,421016,107,38047,19772,17499.86,9749965,0
"2021-07-09",8381,4880672,10827,4429438,1279,422295,87,38134,20574,17182.71,9770539,0
"2021-07-10",7112,4887784,8624,4438062,1133,423428,64,38198,16933,17208.86,9787472,0
"2021-07-11",4105,4891889,4539,4442601,703,424131,35,38233,9382,18092.14,9796854,0
"2021-07-12",8454,4900343,9552,4452153,1250,425381,79,38312,19335,18730,9816189,0
"2021-07-13",9471,4909814,9382,4461535,951,426332,103,38415,19907,18175,9836096,0
"2021-07-14",9007,4918821,9525,4471060,1009,427341,103,38518,19644,17935.29,9855740,0
"2021-07-15",8796,4927617,9149,4480209,1052,428393,80,38598,19077,17836,9874817,0
"2021-07-16",9245,4936862,9762,4489971,978,429371,101,38699,20086,17766.29,9894903,0
"2021-07-17",6848,4943710,7384,4497355,802,430173,78,38777,15112,17506.14,9910015,0
"2021-07-18",4260,4947970,4284,4501639,569,430742,34,38811,9147,17472.57,9919162,0
"2021-07-19",9129,4957099,8469,4510108,999,431741,87,38898,18684,17379.57,9937846,0
"2021-07-20",10656,4967755,8753,4518861,991,432732,91,38989,20491,17463,9958337,0
"2021-07-21",10055,4977810,8763,4527624,903,433635,141,39130,19862,17494.14,9978199,0
"2021-07-22",10687,4988497,8581,4536205,1044,434679,141,39271,20453,17690.71,9998652,0
"2021-07-23",11260,4999757,8878,4545083,1114,435793,135,39406,21387,17876.57,10020039,0
"2021-07-24",7407,5007164,6734,4551817,670,436463,82,39488,14893,17845.29,10034932,0
"2021-07-25",5481,5012645,2122,4553939,509,436972,59,39547,8171,17705.86,10043103,0
"2021-07-26",10880,5023525,6999,4560938,859,437831,109,39656,18847,17729.14,10061950,0
"2021-07-27",12060,5035585,8563,4569501,857,438688,131,39787,21611,17889.14,10083561,0
"2021-07-28",11999,5047584,8048,4577549,950,439638,129,39916,21126,18069.71,10104687,0
"2021-07-29",10940,5058524,7427,4584976,983,440621,129,40045,19479,17930.57,10124166,0
"2021-07-30",14957,5073481,8005,4592981,1149,441770,180,40225,24291,18345.43,10148457,0
"2021-07-31",9737,5083218,6309,4599290,816,442586,116,40341,16978,18643.29,10165435,0
"2021-08-01",6506,5089724,3308,4602598,564,443150,79,40420,10457,18969.86,10175892,0
"2021-08-02",13455,5103179,7154,4609752,848,443998,142,40562,21599,19363,10197491,0
"2021-08-03",15425,5118604,8380,4618132,1107,445105,145,40707,25057,19855.29,10222548,0
"2021-08-04",17265,5135869,8122,4626254,1454,446559,177,40884,27018,20697,10249566,0
"2021-08-05",17870,5153739,7919,4634173,1365,447924,161,41045,27315,21816.43,10276881,0
"2021-08-06",18185,5171924,8409,4642582,1233,449157,164,41209,27991,22345,10304872,0
"2021-08-07",13390,5185314,6014,4648596,799,449956,97,41306,20300,22819.57,10325172,0
"2021-08-08",9312,5194626,3833,4652429,399,450355,79,41385,13623,23271.86,10338795,0
"2021-08-09",21339,5215965,8529,4660958,963,451318,168,41553,30999,24614.71,10369794,0
"2021-08-10",18927,5234892,9328,4670286,950,452268,168,41721,29373,25231.29,10399167,0
"2021-08-11",15655,5250547,8306,4678592,852,453120,125,41846,24938,24934.14,10424105,0
"2021-08-12",15055,5265602,8976,4687568,938,454058,167,42013,25136,24622.86,10449241,0
"2021-08-13",14931,5280533,9285,4696853,921,454979,236,42249,25373,24248.86,10474614,0
"2021-08-14",10416,5290949,6407,4703260,626,455605,523,42772,17972,23916.29,10492586,0
"2021-08-15",6697,5297646,4474,4707734,677,456282,567,43339,12415,23743.71,10505001,0
"2021-08-16",15726,5313372,9288,4717022,1149,457431,1315,44654,27478,23240.71,10532479,0
"2021-08-17",17784,5331156,10438,4727460,1221,458652,1752,46406,31195,23501,10563674,0
"2021-08-18",17521,5348677,10355,4737815,1260,459912,1976,48382,31112,24383,10594786,0
"2021-08-19",16314,5364991,9518,4747333,1316,461228,1941,50323,29089,24947.71,10623875,0
"2021-08-20",16295,5381286,11532,4758865,1254,462482,1846,52169,30927,25741.14,10654802,0
"2021-08-21",11161,5392447,8041,4766906,877,463359,1047,53216,21126,26191.71,10675928,0
"2021-08-22",4086,5396533,3904,4770810,262,463621,511,53727,8763,25670,10684691,0
"2021-08-23",15584,5412117,11795,4782605,1023,464644,1540,55267,29942,26022,10714633,0
"2021-08-24",16923,5429040,12594,4795199,1006,465650,1765,57032,32288,26178.14,10746921,0
"2021-08-25",14588,5443628,12435,4807634,1111,466761,1560,58592,29694,25975.57,10776615,0
"2021-08-26",16174,5459802,14082,4821716,1072,467833,1757,60349,33085,26546.43,10809700,0
"2021-08-27",14892,5474694,14818,4836534,972,468805,1649,61998,32331,26747,10842031,0
"2021-08-28",10690,5485384,11513,4848047,836,469641,1007,63005,24046,27164.14,10866077,0
"2021-08-29",7220,5492604,7494,4855541,541,470182,769,63774,16024,28201.43,10882101,0
"2021-08-30",15530,5508134,16919,4872460,1077,471259,1781,65555,35307,28967.86,10917408,0
"2021-08-31",15527,5523661,15943,4888403,952,472211,1952,67507,34374,29265.86,10951782,0
"2021-09-01",14839,5538500,14099,4902502,1021,473232,1787,69294,31746,29559,10983528,0
"2021-09-02",14350,5552850,12517,4915019,896,474128,1686,70980,29449,29039.57,11012977,0
"2021-09-03",15021,5567871,14298,4929317,974,475102,1887,72867,32180,29018,11045157,0
"2021-09-04",9655,5577526,9405,4938722,688,475790,957,73824,20705,28540.71,11065862,0
"2021-09-05",6809,5584335,5512,4944234,438,476228,700,74524,13459,28174.29,11079321,0
"2021-09-06",5203,5589538,4507,4948741,358,476586,267,74791,10335,24606.86,11089656,0
"2021-09-07",15585,5605123,17687,4966428,913,477499,1529,76320,35714,24798.29,11125370,0
"2021-09-08",16180,5621303,14824,4981252,1073,478572,1747,78067,33824,25095.14,11159194,0
"2021-09-09",16126,5637429,14744,4995996,1048,479620,1895,79962,33813,25718.57,11193007,0
"2021-09-10",18378,5655807,15390,5011386,1209,480829,1959,81921,36936,26398,11229943,0
"2021-09-11",12647,5668454,10343,5021729,958,481787,1016,82937,24964,27006.43,11254907,0
"2021-09-12",8544,5676998,5047,5026776,766,482553,683,83620,15040,27232.29,11269947,0
"2021-09-13",16945,5693943,12946,5039722,974,483527,1633,85253,32498,30398.43,11302445,0
"2021-09-14",16284,5710227,13668,5053390,886,484413,1583,86836,32421,29928,11334866,0
"2021-09-15",15565,5725792,12860,5066250,728,485141,1561,88397,30714,29483.71,11365580,0
"2021-09-16",15355,5741147,13905,5080155,1212,486353,1436,89833,31908,29211.57,11397488,0
"2021-09-17",14438,5755585,13962,5094117,922,487275,1816,91649,31138,28383.29,11428626,0
"2021-09-18",10013,5765598,10169,5104286,913,488188,1043,92692,22138,27979.57,11450764,0
"2021-09-19",6185,5771783,6067,5110353,557,488745,741,93433,13550,27766.71,11464314,0
"2021-09-20",12694,5784477,12625,5122978,1069,489814,1904,95337,28292,27165.86,11492606,0
"2021-09-21",12248,5796725,12764,5135742,1111,490925,2004,97341,28127,26552.43,11520733,0
"2021-09-22",12850,5809575,11984,5147726,1091,492016,1653,98994,27578,26104.43,11548311,0
"2021-09-23",14962,5824537,12750,5160476,1639,493655,2234,101228,31585,26058.29,11579896,0
"2021-09-24",16473,5841010,13353,5173829,1632,495287,4557,105785,36015,26755,11615911,0
"2021-09-25",10561,5851571,9020,5182849,1018,496305,3393,109178,23992,27019.86,11639903,0
"2021-09-26",6325,5857896,5755,5188604,773,497078,2383,111561,15236,27260.71,11655139,0
"2021-09-27",14188,5872084,8046,5196650,1155,498233,8895,120456,32284,27831,11687423,0
"2021-09-28",11177,5883261,11769,5208419,901,499134,9720,130176,33567,28608.14,11720990,0
"2021-09-29",11635,5894896,12180,5220599,1205,500339,9285,139461,34305,29569.14,11755295,0
"2021-09-30",12267,5907163,12587,5233186,1338,501677,9596,149057,35788,30169.57,11791083,0
"2021-10-01",12675,5919838,13421,5246607,1284,502961,10154,159211,37534,30386.57,11828617,0
"2021-10-02",7744,5927582,9975,5256582,864,503825,4173,163384,22756,30210,11851373,0
"2021-10-03",5084,5932666,6158,5262740,594,504419,2578,165962,14414,30092.57,11865787,0
"2021-10-04",9933,5942599,11029,5273769,913,505332,9410,175372,31285,29949.86,11897072,0
"2021-10-05",10192,5952791,11747,5285516,972,506304,9845,185217,32756,29834,11929828,0
"2021-10-06",9939,5962730,11052,5296568,937,507241,9842,195059,31770,29471.86,11961598,0
"2021-10-07",9693,5972423,12181,5308749,852,508093,10102,205161,32828,29049,11994426,0
"2021-10-08",9497,5981920,12164,5320913,943,509036,10801,215962,33405,28459.14,12027831,0
"2021-10-09",6282,5988202,8277,5329190,649,509685,4053,220015,19261,27959.86,12047092,0
"2021-10-10",3550,5991752,5020,5334210,458,510143,2402,222417,11430,27533.57,12058522,0
"2021-10-11",7646,5999398,9329,5343539,728,510871,8837,231254,26540,26855.71,12085062,0
"2021-10-12",8097,6007495,10999,5354538,890,511761,10408,241662,30394,26518.29,12115456,0
"2021-10-13",7192,6014687,10145,5364683,869,512630,8667,250329,26873,25818.71,12142329,0
"2021-10-14",7468,6022155,11108,5375791,836,513466,9984,260313,29396,25328.43,12171725,0
"2021-10-15",7754,6029909,11864,5387655,823,514289,10673,270986,31114,25001.14,12202839,0
"2021-10-16",4877,6034786,7461,5395116,666,514955,3778,274764,16782,24647,12219621,0
"2021-10-17",3064,6037850,4475,5399591,411,515366,2413,277177,10363,24494.57,12229984,0
"2021-10-18",7090,6044940,10655,5410246,797,516163,9327,286504,27869,24684.43,12257853,0
"2021-10-19",6601,6051541,8944,5419190,806,516969,8963,295467,25314,23958.71,12283167,0
"2021-10-20",6572,6058113,9375,5428565,975,517944,9863,305330,26785,23946.14,12309952,0
"2021-10-21",7066,6065179,9379,5437944,859,518803,10723,316053,28027,23750.57,12337979,0
"2021-10-22",8175,6073354,10349,5448293,1026,519829,16249,332302,35799,24419.86,12373778,0
"2021-10-23",5205,6078559,6459,5454752,690,520519,9070,341372,21424,25083,12395202,0
"2021-10-24",3289,6081848,3968,5458720,770,521289,6129,347501,14156,25624.86,12409358,0
"2021-10-25",8835,6090683,8749,5467469,1148,522437,19173,366674,37905,27058.57,12447263,0
"2021-10-26",8254,6098937,7726,5475195,1259,523696,17217,383891,34456,28364.57,12481719,0
"2021-10-27",10634,6109571,8397,5483592,1604,525300,20755,404646,41390,30451,12523109,0
"2021-10-28",11383,6120954,8039,5491631,1794,527094,20740,425386,41956,32440.86,12565065,0
"2021-10-29",11904,6132858,8248,5499879,1964,529058,22433,447819,44549,33690.86,12609614,0
"2021-10-30",4658,6137516,5051,5504930,934,529992,11118,458937,21761,33739,12631375,0
"2021-10-31",2677,6140193,2703,5507633,545,530537,6597,465534,12522,33505.57,12643897,0
"2021-11-01",7203,6147396,6953,5514586,1090,531627,20282,485816,35528,33166,12679425,0
"2021-11-02",6645,6154041,6583,5521169,1053,532680,20657,506473,34938,33234.86,12714363,0
"2021-11-03",6913,6160954,6677,5527846,1028,533708,20521,526994,35139,32341.86,12749502,0
"2021-11-04",9360,6170314,6275,5534121,996,534704,22252,549246,38883,31902.86,12788385,0
"2021-11-05",11130,6181444,6723,5540844,1052,535756,23678,572924,42583,31622,12830968,0
"2021-11-06",11147,6192591,4052,5544896,593,536349,12558,585482,28350,32563.29,12859318,0
"2021-11-07",7284,6199875,2283,5547179,576,536925,7073,592555,17216,33233.86,12876534,0
"2021-11-08",15116,6214991,5678,5552857,868,537793,19421,611976,41083,34027.43,12917617,0
"2021-11-09",16216,6231207,5380,5558237,661,538454,20451,632427,42708,35137.43,12960325,0
"2021-11-10",17011,6248218,5331,5563568,684,539138,22537,654964,45563,36626.57,13005888,0
"2021-11-11",12635,6260853,5194,5568762,760,539898,21978,676942,40567,36867.14,13046455,0
"2021-11-12",16960,6277813,5681,5574443,709,540607,23325,700267,46675,37451.71,13093130,0
"2021-11-13",9976,6287789,3665,5578108,465,541072,13284,713551,27390,37314.57,13120520,0
"2021-11-14",6043,6293832,2294,5580402,325,541397,7903,721454,16565,37221.57,13137085,0
"2021-11-15",13304,6307136,5972,5586374,690,542087,25002,746456,44968,37776.57,13182053,0
"2021-11-16",10037,6317173,5795,5592169,656,542743,30544,777000,47032,38394.29,13229085,0
"2021-11-17",10391,6327564,6675,5598844,682,543425,31266,808266,49014,38887.29,13278099,0
"2021-11-18",10801,6338365,6548,5605392,861,544286,32898,841164,51108,40393.14,13329207,0
"2021-11-19",12106,6350471,6552,5611944,717,545003,36139,877303,55514,41655.86,13384721,0
"2021-11-20",9385,6359856,3421,5615365,514,545517,22424,899727,35744,42849.29,13420465,0
"2021-11-21",5007,6364863,1893,5617258,288,545805,13151,912878,20339,43388.43,13440804,0
"2021-11-22",10548,6375411,5790,5623048,753,546558,35739,948617,52830,44511.57,13493634,0
"2021-11-23",9889,6385300,4781,5627829,635,547193,33370,981987,48675,44746.29,13542309,0
"2021-11-24",8779,6394079,4762,5632591,651,547844,25836,1007823,40028,43462.57,13582337,0
"2021-11-25",455,6394534,324,5632915,80,547924,995,1008818,1854,36426.29,13584191,0
"2021-11-26",8121,6402655,6989,5639904,528,548452,26505,1035323,42143,34516.14,13626334,0
"2021-11-27",6728,6409383,6810,5646714,373,548825,18749,1054072,32660,34075.57,13658994,0
"2021-11-28",4117,6413500,5781,5652495,282,549107,11819,1065891,21999,34312.71,13680993,0
"2021-11-29",9193,6422693,10981,5663476,688,549795,34860,1100751,55722,34725.86,13736715,0
"2021-11-30",10604,6433297,11418,5674894,512,550307,37619,1138370,60153,36365.57,13796868,0
"2021-12-01",11316,6444613,10960,5685854,723,551030,40185,1178555,63184,39673.57,13860052,0
"2021-12-02",11757,6456370,11017,5696871,626,551656,41963,1220518,65363,48746.29,13925415,0
"2021-12-03",13626,6469996,12851,5709722,676,552332,47761,1268279,74914,53427.86,14000329,0
"2021-12-04",9922,6479918,11235,5720957,567,552899,30558,1298837,52282,56231,14052611,0
"2021-12-05",5798,6485716,5705,5726662,270,553169,16611,1315448,28384,57143.14,14080995,0
"2021-12-06",12470,6498186,9941,5736603,603,553772,43091,1358539,66105,58626.43,14147100,0
"2021-12-07",12705,6510891,9212,5745815,625,554397,42901,1401440,65443,59382.14,14212543,0
"2021-12-08",13683,6524574,8745,5754560,556,554953,40620,1442060,63604,59442.14,14276147,0
"2021-12-09",13617,6538191,8752,5763312,558,555511,40679,1482739,63606,59191.14,14339753,0
"2021-12-10",14170,6552361,10109,5773421,667,556178,43468,1526207,68414,58262.57,14408167,0
"2021-12-11",10331,6562692,8053,5781474,405,556583,26639,1552846,45428,57283.43,14453595,0
"2021-12-12",6070,6568762,3856,5785330,288,556871,15114,1567960,25328,56846.86,14478923,0
"2021-12-13",12350,6581112,7413,5792743,657,557528,37751,1605711,58171,55713.43,14537094,0
"2021-12-14",12329,6593441,6942,5799685,734,558262,38037,1643748,58042,54656.14,14595136,0
"2021-12-15",12259,6605700,6239,5805924,755,559017,37966,1681714,57219,53744,14652355,0
"2021-12-16",13249,6618949,4249,5810173,734,559751,40858,1722572,59090,53098.86,14711445,0
"2021-12-17",16133,6635082,6922,5817095,620,560371,46531,1769103,70206,53354.86,14781651,0
"2021-12-18",13091,6648173,5716,5822811,432,560803,30481,1799584,49720,53968,14831371,0
"2021-12-19",7073,6655246,2984,5825795,327,561130,17936,1817520,28320,54395.43,14859691,0
"2021-12-20",17016,6672262,5867,5831662,746,561876,47253,1864773,70882,56211.29,14930573,0
"2021-12-21",18074,6690336,6551,5838213,808,562684,48715,1913488,74148,58512.14,15004721,0
"2021-12-22",18669,6709005,6549,5844762,938,563622,49448,1962936,75604,61138.57,15080325,0
"2021-12-23",19125,6728130,6470,5851232,929,564551,45681,2008617,72205,63012.14,15152530,0
"2021-12-24",9262,6737392,2953,5854185,598,565149,20555,2029172,33368,57749.57,15185898,0
"2021-12-25",343,6737735,65,5854250,31,565180,422,2029594,861,50769.71,15186759,0
"2021-12-26",8001,6745736,3925,5858175,341,565521,17242,2046836,29509,50939.57,15216268,0
"2021-12-27",21889,6767625,9199,5867374,933,566454,43317,2090153,75338,51576.14,15291606,0
"2021-12-28",20238,6787863,8316,5875690,698,567152,47449,2137602,76701,51940.86,15368307,0
"2021-12-29",18550,6806413,7648,5883338,607,567759,45397,2182999,72202,51454.86,15440509,0
"2021-12-30",16927,6823340,7407,5890745,579,568338,44707,2227706,69620,51085.57,15510129,0
"2021-12-31",5373,6828713,2792,5893537,193,568531,14704,2242410,23062,49613.29,15533191,0
"2022-01-01",237,6828950,145,5893682,11,568542,498,2242908,891,49617.57,15534082,0
"2022-01-02",6458,6835408,5007,5898689,153,568695,10965,2253873,22583,48628.14,15556665,0
"2022-01-03",14211,6849619,8473,5907162,515,569210,26797,2280670,49996,45007.86,15606661,0
"2022-01-04",13161,6862780,8055,5915217,412,569622,26899,2307569,48527,40983,15655188,0
"2022-01-05",11687,6874467,6951,5922168,385,570007,25652,2333221,44675,37050.57,15699863,0
"2022-01-06",11621,6886088,7348,5929516,480,570487,27357,2360578,46806,33791.43,15746669,0
"2022-01-07",10526,6896614,8412,5937928,336,570823,24870,2385448,44144,36803.14,15790813,0
"2022-01-08",7983,6904597,8527,5946455,310,571133,19345,2404793,36165,41842.29,15826978,0
"2022-01-09",4161,6908758,3842,5950297,214,571347,10036,2414829,18253,41223.71,15845231,0
"2022-01-10",10227,6918985,8173,5958470,489,571836,24513,2439342,43402,40281.71,15888633,0
"2022-01-11",8965,6927950,7965,5966435,520,572356,20930,2460272,38380,38832.14,15927013,0
"2022-01-12",9014,6936964,8303,5974738,429,572785,22236,2482508,39982,38161.71,15966995,0
"2022-01-13",9112,6946076,8827,5983565,449,573234,22727,2505235,41115,37348.71,16008110,0
"2022-01-14",10130,6956206,8063,5991628,474,573708,26161,2531396,44828,37446.43,16052938,0
"2022-01-15",6207,6962413,4258,5995886,178,573886,14921,2546317,25564,35932,16078502,0
"2022-01-16",2938,6965351,3252,5999138,93,573979,7800,2554117,14083,35336.29,16092585,0
"2022-01-17",6116,6971467,6747,6005885,363,574342,14607,2568724,27833,33112.14,16120418,0
"2022-01-18",8144,6979611,10147,6016032,397,574739,19328,2588052,38016,33060.14,16158434,0
"2022-01-19",7552,6987163,9224,6025256,305,575044,17617,2605669,34698,32305.29,16193132,0
"2022-01-20",6351,6993514,8557,6033813,303,575347,15138,2620807,30349,30767.29,16223481,0
"2022-01-21",7659,7001173,7484,6041297,277,575624,18377,2639184,33797,29191.43,16257278,0
"2022-01-22",5221,7006394,4920,6046217,131,575755,11272,2650456,21544,28617.14,16278822,0
"2022-01-23",2828,7009222,3326,6049543,97,575852,6209,2656665,12460,28385.29,16291282,0
"2022-01-24",6425,7015647,8184,6057727,258,576110,14990,2671655,29857,28674.43,16321139,0
"2022-01-25",6226,7021873,7919,6065646,232,576342,14631,2686286,29008,27387.57,16350147,0
"2022-01-26",5798,7027671,7146,6072792,291,576633,13953,2700239,27188,26314.71,16377335,0
"2022-01-27",5284,7032955,7070,6079862,320,576953,14024,2714263,26698,25793.14,16404033,0
"2022-01-28",6318,7039273,7847,6087709,205,577158,16056,2730319,30426,25311.57,16434459,0
"2022-01-29",848,7040121,724,6088433,28,577186,2522,2732841,4122,22822.71,16438581,0
"2022-01-30",2107,7042228,3016,6091449,103,577289,4526,2737367,9752,22435.86,16448333,0
"2022-01-31",5043,7047271,6584,6098033,218,577507,11306,2748673,23151,21477.86,16471484,0
"2022-02-01",4860,7052131,6430,6104463,219,577726,10655,2759328,22164,20500.14,16493648,0
"2022-02-02",4278,7056409,5919,6110382,214,577940,11173,2770501,21584,19699.57,16515232,0
"2022-02-03",4246,7060655,5787,6116169,217,578157,11162,2781663,21412,18944.43,16536644,0
"2022-02-04",4802,7065457,7085,6123254,214,578371,13148,2794811,25249,18204.86,16561893,0
"2022-02-05",3604,7069061,6033,6129287,110,578481,8547,2803358,18294,20229.43,16580187,0
"2022-02-06",2073,7071134,2131,6131418,121,578602,4622,2807980,8947,20114.43,16589134,0
"2022-02-07",4177,7075311,4718,6136136,205,578807,10103,2818083,19203,19550.43,16608337,0
"2022-02-08",4250,7079561,5590,6141726,213,579020,11258,2829341,21311,19428.57,16629648,0
"2022-02-09",4153,7083714,5381,6147107,222,579242,11609,2840950,21365,19397.29,16651013,0
"2022-02-10",4005,7087719,5098,6152205,243,579485,12104,2853054,21450,19402.71,16672463,0
"2022-02-11",4543,7092262,5795,6158000,194,579679,13680,2866734,24212,19254.57,16696675,0
"2022-02-12",3275,7095537,4328,6162328,96,579775,8770,2875504,16469,18993.86,16713144,0
"2022-02-13",1527,7097064,1542,6163870,41,579816,4873,2880377,7983,18856.14,16721127,0
"2022-02-14",3003,7100067,3615,6167485,165,579981,10532,2890909,17315,18586.43,16738442,0
"2022-02-15",3587,7103654,4056,6171541,177,580158,12719,2903628,20539,18476.14,16758981,0
"2022-02-16",3695,7107349,3887,6175428,195,580353,15626,2919254,23403,18767.29,16782384,0
"2022-02-17",4050,7111399,4077,6179505,160,580513,18136,2937390,26423,19477.71,16808807,0
"2022-02-18",4500,7115899,4774,6184279,188,580701,21488,2958878,30950,20440.29,16839757,0
"2022-02-19",3270,7119169,2177,6186456,65,580766,11135,2970013,16647,20465.71,16856404,0
"2022-02-20",1868,7121037,1444,6187900,59,580825,6564,2976577,9935,20744.57,16866339,0
"2022-02-21",3119,7124156,2683,6190583,95,580920,8311,2984888,14208,20300.71,16880547,0
"2022-02-22",4419,7128575,4238,6194821,174,581094,10782,2995670,19613,20168.43,16900160,0
"2022-02-23",4291,7132866,3770,6198591,144,581238,10620,3006290,18825,19514.43,16918985,0
"2022-02-24",3774,7136640,3647,6202238,105,581343,10146,3016436,17672,18264.29,16936657,0
"2022-02-25",3632,7140272,3601,6205839,135,581478,9942,3026378,17310,16315.71,16953967,0
"2022-02-26",2856,7143128,2572,6208411,74,581552,9488,3035866,14990,16079,16968957,0
"2022-02-27",1781,7144909,1368,6209779,52,581604,6263,3042129,9464,16011.71,16978421,0
"2022-02-28",3825,7148734,3115,6212894,140,581744,13082,3055211,20162,16862.29,16998583,0
"2022-03-01",2124,7150858,2602,6215496,102,581846,5145,3060356,9973,15485.14,17008556,0
"2022-03-02",1831,7152689,2413,6217909,105,581951,4099,3064455,8448,14002.71,17017004,0
"2022-03-03",1936,7154625,2544,6220453,106,582057,3774,3068229,8360,12672.43,17025364,0
"2022-03-04",2099,7156724,2850,6223303,67,582124,4303,3072532,9319,11530.86,17034683,0
"2022-03-05",1609,7158333,2111,6225414,43,582167,3294,3075826,7057,10397.57,17041740,0
"2022-03-06",801,7159134,877,6226291,30,582197,1616,3077442,3324,9520.43,17045064,0
"2022-03-07",1667,7160801,1772,6228063,85,582282,3467,3080909,6991,7638.86,17052055,0
"2022-03-08",1544,7162345,1890,6229953,77,582359,3107,3084016,6618,7159.57,17058673,0
"2022-03-09",1259,7163604,1660,6231613,77,582436,2563,3086579,5559,6746.86,17064232,0
"2022-03-10",1428,7165032,2081,6233694,85,582521,2930,3089509,6524,6484.57,17070756,0
"2022-03-11",1597,7166629,2258,6235952,80,582601,3178,3092687,7113,6169.43,17077869,0
"2022-03-12",879,7167508,1409,6237361,39,582640,1994,3094681,4321,5778.57,17082190,0
"2022-03-13",625,7168133,754,6238115,26,582666,1289,3095970,2694,5688.57,17084884,0
"2022-03-14",1383,7169516,1583,6239698,83,582749,2966,3098936,6015,5549.14,17090899,0
"2022-03-15",1340,7170856,1913,6241611,62,582811,3058,3101994,6373,5514.14,17097272,0
"2022-03-16",1394,7172250,2038,6243649,94,582905,3115,3105109,6641,5668.71,17103913,0
"2022-03-17",1172,7173422,1797,6245446,69,582974,2727,3107836,5765,5560.29,17109678,0
"2022-03-18",1574,7174996,2147,6247593,80,583054,3733,3111569,7534,5620.43,17117212,0
"2022-03-19",1109,7176105,1714,6249307,53,583107,2581,3114150,5457,5782.71,17122669,0
"2022-03-20",613,7176718,629,6249936,32,583139,1459,3115609,2733,5788.29,17125402,0
"2022-03-21",1419,7178137,1531,6251467,72,583211,3013,3118622,6035,5791.14,17131437,0
"2022-03-22",1328,7179465,1530,6252997,101,583312,2863,3121485,5822,5712.43,17137259,0
"2022-03-23",1255,7180720,1331,6254328,66,583378,2883,3124368,5535,5554.43,17142794,0
"2022-03-24",1196,7181916,1278,6255606,72,583450,2476,3126844,5022,5448.29,17147816,0
"2022-03-25",1378,7183294,1591,6257197,61,583511,3224,3130068,6254,5265.43,17154070,0
"2022-03-26",923,7184217,1144,6258341,38,583549,2270,3132338,4375,5110.86,17158445,0
"2022-03-27",573,7184790,526,6258867,24,583573,1306,3133644,2429,5067.43,17160874,0
"2022-03-28",1078,7185868,1128,6259995,58,583631,2408,3136052,4672,4872.71,17165546,0
"2022-03-29",1038,7186906,1084,6261079,72,583703,2473,3138525,4667,4707.71,17170213,0
"2022-03-30",1231,7188137,1111,6262190,87,583790,3002,3141527,5431,4692.86,17175644,120000
"2022-03-31",1211,7189348,1210,6263400,50,583840,3061,3144588,5532,4765.71,17181176,120000
"2022-04-01",1365,7190713,1433,6264833,65,583905,3158,3147746,6021,4732.43,17187197,120000
"2022-04-02",872,7191585,894,6265727,28,583933,2058,3149804,3852,4657.71,17191049,120000
"2022-04-03",542,7192127,487,6266214,27,583960,1199,3151003,2255,4632.86,17193304,120000
"2022-04-04",1155,7193282,1108,6267322,34,583994,2262,3153265,4559,4616.71,17197863,120000
"2022-04-05",364,7193646,325,6267647,20,584014,875,3154140,1584,4176.29,17199447,120000
