"DATE","ADMIN_DOSE1_DAILY","ADMIN_DOSE1_CUMULATIVE","ADMIN_DOSE2_DAILY","ADMIN_DOSE2_CUMULATIVE","ADMIN_SINGLE_DAILY","ADMIN_SINGLE_CUMULATIVE","ADMIN_ADDITIONAL_DAILY","ADMIN_ADDITIONAL_CUMULATIVE","ADMIN_ALLDOSES_DAILY","ADMIN_ALLDOSES_7DAYAVG","ADMIN_ALLDOSES_CUMULATIVE","INCOMPLETE"
"2020-12-14",79,79,0,0,0,0,0,0,79,,79,0
"2020-12-15",2052,2131,5,5,4,4,0,0,2061,,2140,0
"2020-12-16",4602,6733,13,18,1,5,1,1,4617,,6757,0
"2020-12-17",4655,11388,17,35,0,5,1,2,4673,,11430,0
"2020-12-18",5833,17221,20,55,2,7,2,4,5857,,17287,0
"2020-12-19",1690,18911,6,61,3,10,0,4,1699,,18986,0
"2020-12-20",1116,20027,2,63,1,11,0,4,1119,2872.14,20105,0
"2020-12-21",6339,26366,17,80,0,11,6,10,6362,3769.71,26467,0
"2020-12-22",9797,36163,27,107,2,13,1,11,9827,4879.14,36294,0
"2020-12-23",14273,50436,35,142,3,16,1,12,14312,6264.14,50606,0
"2020-12-24",7200,57636,25,167,1,17,0,12,7226,6628.86,57832,0
"2020-12-25",180,57816,0,167,0,17,1,13,181,5818,58013,0
"2020-12-26",4390,62206,43,210,0,17,1,14,4434,6208.71,62447,0
"2020-12-27",3868,66074,13,223,0,17,1,15,3882,6603.43,66329,0
"2020-12-28",10992,77066,50,273,1,18,3,18,11046,7272.57,77375,0
"2020-12-29",10723,87789,32,305,2,20,2,20,10759,7405.71,88134,0
"2020-12-30",12827,100616,44,349,0,20,0,20,12871,7199.86,101005,0
"2020-12-31",7260,107876,31,380,1,21,0,20,7292,7209.29,108297,0
"2021-01-01",181,108057,2,382,1,22,3,23,187,7210.14,108484,0
"2021-01-02",3810,111867,10,392,2,24,1,24,3823,7122.86,112307,0
"2021-01-03",3542,115409,23,415,2,26,1,25,3568,7078,115875,0
"2021-01-04",12257,127666,805,1220,2,28,6,31,13070,7367.14,128945,0
"2021-01-05",14082,141748,2193,3413,2,30,10,41,16287,8156.86,145232,0
"2021-01-06",17809,159557,3922,7335,1,31,29,70,21761,9426.86,166993,0
"2021-01-07",16546,176103,5174,12509,4,35,45,115,21769,11495,188762,0
"2021-01-08",16621,192724,5454,17963,0,35,31,146,22106,14626.29,210868,0
"2021-01-09",7651,200375,1463,19426,1,36,7,153,9122,15383.29,219990,0
"2021-01-10",7886,208261,980,20406,0,36,10,163,8876,16141.57,228866,0
"2021-01-11",25822,234083,7456,27862,2,38,47,210,33327,19035.43,262193,0
"2021-01-12",28265,262348,7858,35720,1,39,43,253,36167,21875.43,298360,0
"2021-01-13",31721,294069,9377,45097,1,40,54,307,41153,24645.71,339513,0
"2021-01-14",35803,329872,5326,50423,1,41,28,335,41158,27415.57,380671,0
"2021-01-15",29269,359141,3704,54127,2,43,32,367,33007,28972.86,413678,0
"2021-01-16",30290,389431,2381,56508,0,43,23,390,32694,32340.29,446372,0
"2021-01-17",23760,413191,1617,58125,0,43,18,408,25395,34700.14,471767,0
"2021-01-18",27111,440302,2409,60534,0,43,34,442,29554,34161.14,501321,0
"2021-01-19",34307,474609,9616,70150,1,44,66,508,43990,35278.71,545311,0
"2021-01-20",34867,509476,9491,79641,1,45,59,567,44418,35745.14,589729,0
"2021-01-21",25597,535073,8087,87728,2,47,48,615,33734,34684.57,623463,0
"2021-01-22",24758,559831,4382,92110,1,48,29,644,29170,34136.43,652633,0
"2021-01-23",15743,575574,3223,95333,0,48,10,654,18976,32176.71,671609,0
"2021-01-24",7180,582754,3448,98781,0,48,18,672,10646,30069.71,682255,0
"2021-01-25",13415,596169,11814,110595,0,48,64,736,25293,29461,707548,0
"2021-01-26",16770,612939,10743,121338,0,48,66,802,27579,27116.57,735127,0
"2021-01-27",20831,633770,12358,133696,0,48,49,851,33238,25519.43,768365,0
"2021-01-28",30766,664536,12843,146539,0,48,80,931,43689,26941.57,812054,0
"2021-01-29",31694,696230,11498,158037,0,48,75,1006,43267,28955.43,855321,0
"2021-01-30",18714,714944,3739,161776,0,48,20,1026,22473,29455,877794,0
"2021-01-31",13024,727968,2919,164695,1,49,26,1052,15970,30215.57,893764,0
"2021-02-01",1178,729146,5368,170063,4,53,35,1087,6585,27543,900349,0
"2021-02-02",2826,731972,9467,179530,2,55,50,1137,12345,25366.71,912694,0
"2021-02-03",16353,748325,21232,200762,4,59,202,1339,37791,26017.14,950485,0
"2021-02-04",27044,775369,19645,220407,3,62,199,1538,46891,26474.57,997376,0
"2021-02-05",27604,802973,20021,240428,0,62,180,1718,47805,27122.86,1045181,0
"2021-02-06",22994,825967,11243,251671,0,62,107,1825,34344,28818.71,1079525,0
"2021-02-07",12045,838012,8279,259950,1,63,86,1911,20411,29453.14,1099936,0
"2021-02-08",16972,854984,23507,283457,2,65,229,2140,40710,34328.14,1140646,0
"2021-02-09",17199,872183,28109,311566,2,67,323,2463,45633,39083.57,1186279,0
"2021-02-10",19598,891781,29304,340870,2,69,254,2717,49158,40707.43,1235437,0
"2021-02-11",27849,919630,33466,374336,2,71,344,3061,61661,42817.43,1297098,0
"2021-02-12",38413,958043,30789,405125,3,74,344,3405,69549,45923.71,1366647,0
"2021-02-13",28013,986056,25304,430429,2,76,302,3707,53621,48677.57,1420268,0
"2021-02-14",16287,1002343,23723,454152,0,76,257,3964,40267,51514.14,1460535,0
"2021-02-15",12798,1015141,10521,464673,2,78,165,4129,23486,49053.57,1484021,0
"2021-02-16",14242,1029383,26729,491402,0,78,313,4442,41284,48432.29,1525305,0
"2021-02-17",16408,1045791,22172,513574,1,79,281,4723,38862,46961.43,1564167,0
"2021-02-18",12157,1057948,24985,538559,21,100,277,5000,37440,43501.29,1601607,0
"2021-02-19",13271,1071219,23928,562487,39,139,293,5293,37531,38927.29,1639138,0
"2021-02-20",11351,1082570,26077,588564,6,145,321,5614,37755,36660.71,1676893,0
"2021-02-21",6360,1088930,17426,605990,15,160,280,5894,24081,34348.43,1700974,0
"2021-02-22",13040,1101970,11847,617837,2,162,122,6016,25011,34566.29,1725985,0
"2021-02-23",25245,1127215,14146,631983,1,163,158,6174,39550,34318.57,1765535,0
"2021-02-24",36357,1163572,20355,652338,0,163,214,6388,56926,36899.14,1822461,0
"2021-02-25",54617,1218189,30345,682683,6,169,386,6774,85354,43744,1907815,0
"2021-02-26",62881,1281070,31839,714522,4,173,392,7166,95116,51970.43,2002931,0
"2021-02-27",51304,1332374,22734,737256,47,220,323,7489,74408,57206.57,2077339,0
"2021-02-28",44606,1376980,13784,751040,7,227,200,7689,58597,62137.43,2135936,0
"2021-03-01",39315,1416295,12748,763788,10,237,167,7856,52240,66027.29,2188176,0
"2021-03-02",47083,1463378,12543,776331,7,244,157,8013,59790,68918.71,2247966,0
"2021-03-03",48610,1511988,16123,792454,17,261,146,8159,64896,70057.29,2312862,0
"2021-03-04",59827,1571815,22788,815242,1092,1353,261,8420,83968,69859.29,2396830,0
"2021-03-05",60992,1632807,24247,839489,3109,4462,329,8749,88677,68939.43,2485507,0
"2021-03-06",47179,1679986,18866,858355,5449,9911,232,8981,71726,68556.29,2557233,0
"2021-03-07",36048,1716034,14848,873203,6247,16158,225,9206,57368,68380.71,2614601,0
"2021-03-08",39616,1755650,14661,887864,8566,24724,306,9512,63149,69939.14,2677750,0
"2021-03-09",39104,1794754,12790,900654,7767,32491,175,9687,59836,69945.71,2737586,0
"2021-03-10",51832,1846586,15268,915922,5069,37560,220,9907,72389,71016.14,2809975,0
"2021-03-11",60005,1906591,21756,937678,4618,42178,248,10155,86627,71396,2896602,0
"2021-03-12",52203,1958794,30270,967948,4183,46361,368,10523,87024,71159.86,2983626,0
"2021-03-13",40664,1999458,26667,994615,5110,51471,320,10843,72761,71307.71,3056387,0
"2021-03-14",30722,2030180,15935,1010550,4528,55999,235,11078,51420,70458,3107807,0
"2021-03-15",33588,2063768,17217,1027767,4723,60722,230,11308,55758,69402.14,3163565,0
"2021-03-16",38674,2102442,20467,1048234,4925,65647,250,11558,64316,70042.14,3227881,0
"2021-03-17",42623,2145065,24739,1072973,4246,69893,334,11892,71942,69978.29,3299823,0
"2021-03-18",50478,2195543,26735,1099708,5240,75133,359,12251,82812,69433.29,3382635,0
"2021-03-19",47808,2243351,29891,1129599,5624,80757,385,12636,83708,68959.57,3466343,0
"2021-03-20",38713,2282064,25775,1155374,4690,85447,287,12923,69465,68488.71,3535808,0
"2021-03-21",29306,2311370,19299,1174673,771,86218,216,13139,49592,68227.57,3585400,0
"2021-03-22",33866,2345236,26686,1201359,4038,90256,259,13398,64849,69526.29,3650249,0
"2021-03-23",38439,2383675,32784,1234143,4221,94477,280,13678,75724,71156,3725973,0
"2021-03-24",41511,2425186,37535,1271678,4849,99326,315,13993,84210,72908.57,3810183,0
"2021-03-25",43426,2468612,50693,1322371,5053,104379,455,14448,99627,75310.71,3909810,0
"2021-03-26",38518,2507130,55401,1377772,4311,108690,515,14963,98745,77458.86,4008555,0
"2021-03-27",35756,2542886,45647,1423419,2939,111629,404,15367,84746,79641.86,4093301,0
"2021-03-28",26400,2569286,34365,1457784,1481,113110,318,15685,62564,81495,4155865,0
"2021-03-29",34838,2604124,38747,1496531,3248,116358,326,16011,77159,83253.57,4233024,0
"2021-03-30",40520,2644644,41877,1538408,3713,120071,312,16323,86422,84781.86,4319446,0
"2021-03-31",49415,2694059,44801,1583209,7441,127512,390,16713,102047,87330,4421493,0
"2021-04-01",50777,2744836,53918,1637127,11273,138785,494,17207,116462,89735,4537955,0
"2021-04-02",43767,2788603,53842,1690969,11973,150758,537,17744,110119,91359.86,4648074,0
"2021-04-03",39265,2827868,39172,1730141,9861,160619,331,18075,88629,91914.57,4736703,0
"2021-04-04",26563,2854431,24685,1754826,3901,164520,223,18298,55372,90887.14,4792075,0
"2021-04-05",41885,2896316,34409,1789235,11195,175715,359,18657,87848,92414.14,4879923,0
"2021-04-06",53284,2949600,35535,1824770,13219,188934,417,19074,102455,94704.57,4982378,0
"2021-04-07",55522,3005122,40663,1865433,14384,203318,384,19458,110953,95976.86,5093331,0
"2021-04-08",59280,3064402,46546,1911979,16335,219653,499,19957,122660,96862.29,5215991,0
"2021-04-09",56657,3121059,44923,1956902,17549,237202,493,20450,119622,98219.86,5335613,0
"2021-04-10",49366,3170425,35637,1992539,12727,249929,373,20823,98103,99573.29,5433716,0
"2021-04-11",38195,3208620,28811,2021350,7686,257615,282,21105,74974,102373.57,5508690,0
"2021-04-12",46652,3255272,31837,2053187,13495,271110,452,21557,92436,103029,5601126,0
"2021-04-13",52565,3307837,33770,2086957,368,271478,388,21945,87091,100834.14,5688217,0
"2021-04-14",50165,3358002,39949,2126906,20,271498,355,22300,90489,97910.71,5778706,0
"2021-04-15",52144,3410146,43665,2170571,16,271514,446,22746,96271,94140.86,5874977,0
"2021-04-16",51193,3461339,42224,2212795,32,271546,401,23147,93850,90459.14,5968827,0
"2021-04-17",43852,3505191,35685,2248480,3,271549,359,23506,79899,87858.57,6048726,0
"2021-04-18",28614,3533805,29373,2277853,7,271556,242,23748,58236,85467.43,6106962,0
"2021-04-19",37487,3571292,36443,2314296,22,271578,305,24053,74257,82870.43,6181219,0
"2021-04-20",40816,3612108,39633,2353929,19,271597,295,24348,80763,81966.43,6261982,0
"2021-04-21",38913,3651021,45960,2399889,15,271612,481,24829,85369,81235,6347351,0
"2021-04-22",38524,3689545,48942,2448831,9,271621,325,25154,87800,80024.86,6435151,0
"2021-04-23",39716,3729261,44367,2493198,4,271625,345,25499,84432,78679.43,6519583,0
"2021-04-24",31968,3761229,41595,2534793,44,271669,272,25771,73879,77819.43,6593462,0
"2021-04-25",18428,3779657,31229,2566022,86,271755,185,25956,49928,76632.57,6643390,0
"2021-04-26",26981,3806638,40728,2606750,1013,272768,276,26232,68998,75881.29,6712388,0
"2021-04-27",28576,3835214,47121,2653871,1696,274464,341,26573,77734,75448.57,6790122,0
"2021-04-28",27056,3862270,56832,2710703,2146,276610,417,26990,86451,75603.14,6876573,0
"2021-04-29",28622,3890892,57178,2767881,2145,278755,354,27344,88299,75674.43,6964872,0
"2021-04-30",30130,3921022,51981,2819862,2056,280811,273,27617,84440,75675.57,7049312,0
"2021-05-01",22485,3943507,44550,2864412,1176,281987,222,27839,68433,74897.57,7117745,0
"2021-05-02",11932,3955439,36651,2901063,1080,283067,132,27971,49795,74878.57,7167540,0
"2021-05-03",18037,3973476,53018,2954081,2383,285450,241,28212,73679,75547.29,7241219,0
"2021-05-04",22749,3996225,56643,3010724,2330,287780,254,28466,81976,76153.29,7323195,0
"2021-05-05",21481,4017706,48792,3059516,2311,290091,308,28774,72892,74216.29,7396087,0
"2021-05-06",20696,4038402,50176,3109692,2509,292600,259,29033,73640,72122.14,7469727,0
"2021-05-07",21267,4059669,52093,3161785,2813,295413,299,29332,76472,70983.86,7546199,0
"2021-05-08",16634,4076303,41879,3203664,1835,297248,219,29551,60567,69860.14,7606766,0
"2021-05-09",7977,4084280,29411,3233075,1260,298508,150,29701,38798,68289.14,7645564,0
"2021-05-10",14402,4098682,38538,3271613,2356,300864,220,29921,55516,65694.43,7701080,0
"2021-05-11",19929,4118611,43049,3314662,2514,303378,277,30198,65769,63379.14,7766849,0
"2021-05-12",17816,4136427,40533,3355195,3596,306974,225,30423,62170,61847.43,7829019,0
"2021-05-13",24986,4161413,40428,3395623,3228,310202,256,30679,68898,61170,7897917,0
"2021-05-14",27037,4188450,42904,3438527,3536,313738,277,30956,73754,60781.71,7971671,0
"2021-05-15",23662,4212112,34923,3473450,3366,317104,237,31193,62188,61013.29,8033859,0
"2021-05-16",15547,4227659,19431,3492881,2497,319601,124,31317,37599,60842,8071458,0
"2021-05-17",22679,4250338,29142,3522023,3257,322858,173,31490,55251,60804.14,8126709,0
"2021-05-18",24645,4274983,31904,3553927,3404,326262,230,31720,60183,60006.14,8186892,0
"2021-05-19",24211,4299194,29708,3583635,3039,329301,219,31939,57177,59292.86,8244069,0
"2021-05-20",24170,4323364,30081,3613716,3160,332461,264,32203,57675,57689.57,8301744,0
"2021-05-21",24696,4348060,32001,3645717,3060,335521,239,32442,59996,55724.14,8361740,0
"2021-05-22",20031,4368091,24354,3670071,2525,338046,155,32597,47065,53563.71,8408805,0
"2021-05-23",11240,4379331,13724,3683795,1411,339457,97,32694,26472,51974.14,8435277,0
"2021-05-24",18886,4398217,23147,3706942,2757,342214,214,32908,45004,50510.29,8480281,0
"2021-05-25",19445,4417662,23372,3730314,2604,344818,173,33081,45594,48426.14,8525875,0
"2021-05-26",18793,4436455,21076,3751390,2696,347514,197,33278,42762,46366.86,8568637,0
"2021-05-27",18480,4454935,21264,3772654,2530,350044,189,33467,42463,44193.71,8611100,0
"2021-05-28",17876,4472811,22888,3795542,2752,352796,182,33649,43698,41865.43,8654798,0
"2021-05-29",12717,4485528,17800,3813342,1755,354551,103,33752,32375,39766.86,8687173,0
"2021-05-30",7033,4492561,8950,3822292,1074,355625,42,33794,17099,38427.86,8704272,0
"2021-05-31",4743,4497304,6924,3829216,1011,356636,63,33857,12741,33818.86,8717013,0
"2021-06-01",16049,4513353,25197,3854413,2174,358810,148,34005,43568,33529.43,8760581,0
"2021-06-02",15357,4528710,20385,3874798,2094,360904,138,34143,37974,32845.43,8798555,0
"2021-06-03",15012,4543722,23813,3898611,2280,363184,121,34264,41226,32668.71,8839781,0
"2021-06-04",14737,4558459,25980,3924591,2492,365676,142,34406,43351,32619.14,8883132,0
"2021-06-05",11001,4569460,22078,3946669,1806,367482,111,34517,34996,32993.57,8918128,0
"2021-06-06",6453,4575913,14466,3961135,1222,368704,80,34597,22221,33725.29,8940349,0
"2021-06-07",11716,4587629,21779,3982914,2379,371083,140,34737,36014,37050,8976363,0
"2021-06-08",12660,4600289,24014,4006928,2072,373155,116,34853,38862,36377.71,9015225,0
"2021-06-09",11157,4611446,23021,4029949,2298,375453,129,34982,36605,36182.14,9051830,0
"2021-06-10",12079,4623525,22228,4052177,2461,377914,136,35118,36904,35564.71,9088734,0
"2021-06-11",12714,4636239,25107,4077284,2482,380396,150,35268,40453,35150.71,9129187,0
"2021-06-12",10170,4646409,19304,4096588,1888,382284,92,35360,31454,34644.71,9160641,0
"2021-06-13",4259,4650668,10936,4107524,1220,383504,41,35401,16456,33821.14,9177097,0
"2021-06-14",10221,4660889,19234,4126758,2042,385546,122,35523,31619,33193.29,9208716,0
"2021-06-15",11894,4672783,21006,4147764,1943,387489,123,35646,34966,32636.71,9243682,0
"2021-06-16",11596,4684379,19400,4167164,1958,389447,138,35784,33092,32134.86,9276774,0
"2021-06-17",11028,4695407,18759,4185923,1969,391416,116,35900,31872,31416,9308646,0
"2021-06-18",12172,4707579,18496,4204419,2115,393531,111,36011,32894,30336.14,9341540,0
"2021-06-19",8504,4716083,13522,4217941,1460,394991,77,36088,23563,29208.86,9365103,0
"2021-06-20",4335,4720418,7162,4225103,924,395915,36,36124,12457,28637.57,9377560,0
"2021-06-21",10170,4730588,10001,4235104,1806,397721,67,36191,22044,27269.71,9399604,0
"2021-06-22",9843,4740431,15638,4250742,1590,399311,102,36293,27173,26156.43,9426777,0
"2021-06-23",10325,4750756,15176,4265918,1861,401172,102,36395,27464,25352.43,9454241,0
"2021-06-24",9695,4760451,14694,4280612,1798,402970,115,36510,26302,24556.71,9480543,0
"2021-06-25",10597,4771048,14379,4294991,1718,404688,109,36619,26803,23686.57,9507346,0
"2021-06-26",7812,4778860,10459,4305450,1246,405934,73,36692,19590,23119,9526936,0
"2021-06-27",5005,4783865,5997,4311447,796,406730,32,36724,11830,23029.43,9538766,0
"2021-06-28",9035,4792900,10343,4321790,1524,408254,104,36828,21006,22881.14,9559772,0
"2021-06-29",9754,4802654,12313,4334103,1347,409601,122,36950,23536,22361.57,9583308,0
"2021-06-30",9430,4812084,10927,4345030,1480,411081,145,37095,21982,21578.43,9605290,0
"2021-07-01",9401,4821485,10925,4355955,1430,412511,124,37219,21880,20946.71,9627170,0
"2021-07-02",9696,4831181,11434,4367389,1541,414052,122,37341,22793,20373.86,9649963,0
"2021-07-03",7062,4838243,8420,4375809,1193,415245,75,37416,16750,19968.14,9666713,0
"2021-07-04",1289,4839532,1335,4377144,567,415812,8,37424,3199,18735.14,9669912,0
"2021-07-05",6494,4846026,7102,4384246,1208,417020,65,37489,14869,17858.43,9684781,0
"2021-07-06",9517,4855543,12845,4397091,1317,418337,113,37602,23792,17895,9708573,0
"2021-07-07",8680,4864223,11103,4408194,1419,419756,120,37722,21322,17800.71,9729895,0
"2021-07-08",8209,4872432,10194,4418388,1260,421016,105,37827,19768,17499,9749663,0
"2021-07-09",8380,4880812,10827,4429215,1279,422295,88,37915,20574,17182,9770237,0
"2021-07-10",7113,4887925,8624,4437839,1133,423428,63,37978,16933,17208.14,9787170,0
"2021-07-11",4105,4892030,4539,4442378,703,424131,35,38013,9382,18091.43,9796552,0
"2021-07-12",8457,4900487,9550,4451928,1250,425381,78,38091,19335,18729.43,9815887,0
"2021-07-13",9470,4909957,9381,4461309,951,426332,103,38194,19905,18174.14,9835792,0
"2021-07-14",9007,4918964,9527,4470836,1009,427341,103,38297,19646,17934.71,9855438,0
"2021-07-15",8797,4927761,9147,4479983,1052,428393,80,38377,19076,17835.86,9874514,0
"2021-07-16",9244,4937005,9764,4489747,978,429371,101,38478,20087,17766.29,9894601,0
"2021-07-17",6848,4943853,7385,4497132,802,430173,78,38556,15113,17506.29,9909714,0
"2021-07-18",4260,4948113,4285,4501417,569,430742,33,38589,9147,17472.71,9918861,0
"2021-07-19",9130,4957243,8468,4509885,999,431741,88,38677,18685,17379.86,9937546,0
"2021-07-20",10657,4967900,8754,4518639,991,432732,90,38767,20492,17463.71,9958038,0
"2021-07-21",10059,4977959,8758,4527397,903,433635,141,38908,19861,17494.43,9977899,0
"2021-07-22",10686,4988645,8582,4535979,1044,434679,140,39048,20452,17691,9998351,0
"2021-07-23",11259,4999904,8876,4544855,1114,435793,134,39182,21383,17876.14,10019734,0
"2021-07-24",7408,5007312,6734,4551589,670,436463,81,39263,14893,17844.71,10034627,0
"2021-07-25",5481,5012793,2119,4553708,509,436972,59,39322,8168,17704.86,10042795,0
"2021-07-26",10881,5023674,6993,4560701,859,437831,109,39431,18842,17727.29,10061637,0
"2021-07-27",12063,5035737,8564,4569265,857,438688,130,39561,21614,17887.57,10083251,0
"2021-07-28",11999,5047736,8046,4577311,950,439638,129,39690,21124,18068,10104375,0
"2021-07-29",10944,5058680,7425,4584736,983,440621,128,39818,19480,17929.14,10123855,0
"2021-07-30",14957,5073637,8006,4592742,1149,441770,178,39996,24290,18344.43,10148145,0
"2021-07-31",9737,5083374,6309,4599051,816,442586,116,40112,16978,18642.29,10165123,0
"2021-08-01",6506,5089880,3308,4602359,564,443150,79,40191,10457,18969.29,10175580,0
"2021-08-02",13455,5103335,7152,4609511,848,443998,143,40334,21598,19363,10197178,0
"2021-08-03",15424,5118759,8382,4617893,1107,445105,144,40478,25057,19854.86,10222235,0
"2021-08-04",17263,5136022,8120,4626013,1454,446559,177,40655,27014,20696.29,10249249,0
"2021-08-05",17874,5153896,7919,4633932,1365,447924,161,40816,27319,21816.14,10276568,0
"2021-08-06",18186,5172082,8406,4642338,1233,449157,164,40980,27989,22344.57,10304557,0
"2021-08-07",13390,5185472,6013,4648351,799,449956,97,41077,20299,22819,10324856,0
"2021-08-08",9312,5194784,3833,4652184,399,450355,79,41156,13623,23271.29,10338479,0
"2021-08-09",21339,5216123,8531,4660715,963,451318,167,41323,31000,24614.43,10369479,0
"2021-08-10",18929,5235052,9326,4670041,950,452268,168,41491,29373,25231,10398852,0
"2021-08-11",15658,5250710,8307,4678348,852,453120,123,41614,24940,24934.71,10423792,0
"2021-08-12",15054,5265764,8976,4687324,937,454057,165,41779,25132,24622.29,10448924,0
"2021-08-13",14929,5280693,9280,4696604,921,454978,236,42015,25366,24247.57,10474290,0
"2021-08-14",10416,5291109,6406,4703010,625,455603,522,42537,17969,23914.71,10492259,0
"2021-08-15",6698,5297807,4475,4707485,677,456280,565,43102,12415,23742.14,10504674,0
"2021-08-16",15725,5313532,9288,4716773,1149,457429,1315,44417,27477,23238.86,10532151,0
"2021-08-17",17780,5331312,10438,4727211,1218,458647,1750,46167,31186,23497.86,10563337,0
"2021-08-18",17523,5348835,10356,4737567,1256,459903,1970,48137,31105,24378.57,10594442,0
"2021-08-19",16317,5365152,9516,4747083,1316,461219,1936,50073,29085,24943.29,10623527,0
"2021-08-20",16296,5381448,11533,4758616,1254,462473,1843,51916,30926,25737.57,10654453,0
"2021-08-21",11162,5392610,8041,4766657,877,463350,1047,52963,21127,26188.71,10675580,0
"2021-08-22",4087,5396697,3904,4770561,262,463612,513,53476,8766,25667.43,10684346,0
"2021-08-23",15582,5412279,11792,4782353,1023,464635,1540,55016,29937,26018.86,10714283,0
"2021-08-24",16923,5429202,12592,4794945,1006,465641,1768,56784,32289,26176.43,10746572,0
"2021-08-25",14589,5443791,12435,4807380,1111,466752,1556,58340,29691,25974.43,10776263,0
"2021-08-26",16176,5459967,14077,4821457,1072,467824,1757,60097,33082,26545.43,10809345,0
"2021-08-27",14879,5474846,14815,4836272,972,468796,1650,61747,32316,26744,10841661,0
"2021-08-28",10693,5485539,11514,4847786,836,469632,1003,62750,24046,27161,10865707,0
"2021-08-29",7221,5492760,7493,4855279,541,470173,769,63519,16024,28197.86,10881731,0
"2021-08-30",15535,5508295,16915,4872194,1078,471251,1777,65296,35305,28964.71,10917036,0
"2021-08-31",15531,5523826,15940,4888134,952,472203,1949,67245,34372,29262.29,10951408,0
"2021-09-01",14840,5538666,14096,4902230,1021,473224,1784,69029,31741,29555.14,10983149,0
"2021-09-02",14351,5553017,12515,4914745,896,474120,1681,70710,29443,29035.29,11012592,0
"2021-09-03",15027,5568044,14293,4929038,974,475094,1882,72592,32176,29015.29,11044768,0
"2021-09-04",9651,5577695,9404,4938442,688,475782,957,73549,20700,28537.29,11065468,0
"2021-09-05",6812,5584507,5510,4943952,438,476220,700,74249,13460,28171,11078928,0
"2021-09-06",5204,5589711,4506,4948458,358,476578,266,74515,10334,24603.71,11089262,0
"2021-09-07",15585,5605296,17684,4966142,913,477491,1526,76041,35708,24794.57,11124970,0
"2021-09-08",16179,5621475,14822,4980964,1073,478564,1748,77789,33822,25091.86,11158792,0
"2021-09-09",16123,5637598,14739,4995703,1048,479612,1892,79681,33802,25714.57,11192594,0
"2021-09-10",18378,5655976,15387,5011090,1209,480821,1956,81637,36930,26393.71,11229524,0
"2021-09-11",12648,5668624,10342,5021432,958,481779,1016,82653,24964,27002.86,11254488,0
"2021-09-12",8546,5677170,5046,5026478,766,482545,683,83336,15041,27228.71,11269529,0
"2021-09-13",16951,5694121,12941,5039419,973,483518,1630,84966,32495,30394.57,11302024,0
"2021-09-14",16284,5710405,13668,5053087,886,484404,1579,86545,32417,29924.43,11334441,0
"2021-09-15",15574,5725979,12851,5065938,728,485132,1561,88106,30714,29480.43,11365155,0
"2021-09-16",15357,5741336,13906,5079844,1212,486344,1433,89539,31908,29209.86,11397063,0
"2021-09-17",14440,5755776,13958,5093802,922,487266,1814,91353,31134,28381.86,11428197,0
"2021-09-18",10018,5765794,10166,5103968,913,488179,1041,92394,22138,27978.14,11450335,0
"2021-09-19",6187,5771981,6068,5110036,557,488736,739,93133,13551,27765.29,11463886,0
"2021-09-20",12696,5784677,12625,5122661,1069,489805,1902,95035,28292,27164.86,11492178,0
"2021-09-21",12251,5796928,12759,5135420,1111,490916,2002,97037,28123,26551.43,11520301,0
"2021-09-22",12854,5809782,11984,5147404,1090,492006,1650,98687,27578,26103.43,11547879,0
"2021-09-23",14962,5824744,12748,5160152,1638,493644,2225,100912,31573,26055.57,11579452,0
"2021-09-24",16473,5841217,13350,5173502,1632,495276,4537,105449,35992,26749.57,11615444,0
"2021-09-25",10564,5851781,9017,5182519,1017,496293,3387,108836,23985,27013.43,11639429,0
"2021-09-26",6327,5858108,5754,5188273,773,497066,2382,111218,15236,27254.14,11654665,0
"2021-09-27",14192,5872300,8048,5196321,1154,498220,8875,120093,32269,27822.29,11686934,0
"2021-09-28",11178,5883478,11766,5208087,901,499121,9693,129786,33538,28595.86,11720472,0
"2021-09-29",11637,5895115,12178,5220265,1205,500326,9263,139049,34283,29553.71,11754755,0
"2021-09-30",12271,5907386,12586,5232851,1338,501664,9574,148623,35769,30153.14,11790524,0
"2021-10-01",12678,5920064,13417,5246268,1284,502948,10149,158772,37528,30372.57,11828052,0
"2021-10-02",7748,5927812,9974,5256242,864,503812,4166,162938,22752,30196.43,11850804,0
"2021-10-03",5085,5932897,6158,5262400,594,504406,2573,165511,14410,30078.43,11865214,0
"2021-10-04",9939,5942836,11024,5273424,913,505319,9401,174912,31277,29936.71,11896491,0
"2021-10-05",10195,5953031,11744,5285168,972,506291,9843,184755,32754,29824.71,11929245,0
"2021-10-06",9945,5962976,11049,5296217,937,507228,9835,194590,31766,29465.14,11961011,0
"2021-10-07",9701,5972677,12177,5308394,852,508080,10094,204684,32824,29044.43,11993835,0
"2021-10-08",9507,5982184,12153,5320547,943,509023,10796,215480,33399,28454.57,12027234,0
"2021-10-09",6283,5988467,8277,5328824,649,509672,4050,219530,19259,27955.57,12046493,0
"2021-10-10",3552,5992019,5020,5333844,458,510130,2400,221930,11430,27529.86,12057923,0
"2021-10-11",7648,5999667,9326,5343170,728,510858,8832,230762,26534,26852.29,12084457,0
"2021-10-12",8102,6007769,10993,5354163,890,511748,10409,241171,30394,26515.14,12114851,0
"2021-10-13",7195,6014964,10147,5364310,869,512617,8655,249826,26866,25815.14,12141717,0
"2021-10-14",7473,6022437,11107,5375417,836,513453,9969,259795,29385,25323.86,12171102,0
"2021-10-15",7755,6030192,11863,5387280,823,514276,10665,270460,31106,24996.29,12202208,0
"2021-10-16",4876,6035068,7457,5394737,666,514942,3772,274232,16771,24640.86,12218979,0
"2021-10-17",3066,6038134,4476,5399213,411,515353,2409,276641,10362,24488.29,12229341,0
"2021-10-18",7089,6045223,10654,5409867,797,516150,9319,285960,27859,24677.57,12257200,0
"2021-10-19",6605,6051828,8940,5418807,806,516956,8951,294911,25302,23950.14,12282502,0
"2021-10-20",6572,6058400,9374,5428181,975,517931,9855,304766,26776,23937.29,12309278,0
"2021-10-21",7070,6065470,9376,5437557,859,518790,10716,315482,28021,23742.43,12337299,0
"2021-10-22",8174,6073644,10346,5447903,1027,519817,16218,331700,35765,24408,12373064,0
"2021-10-23",5202,6078846,6462,5454365,690,520507,9046,340746,21400,25069.29,12394464,0
"2021-10-24",3290,6082136,3966,5458331,770,521277,6129,346875,14155,25611.14,12408619,0
"2021-10-25",8832,6090968,8749,5467080,1148,522425,19130,366005,37859,27039.71,12446478,0
"2021-10-26",8242,6099210,7726,5474806,1259,523684,17181,383186,34408,28340.57,12480886,0
"2021-10-27",10632,6109842,8388,5483194,1604,525288,20719,403905,41343,30421.57,12522229,0
"2021-10-28",11389,6121231,8041,5491235,1794,527082,20731,424636,41955,32412.14,12564184,0
"2021-10-29",11897,6133128,8243,5499478,1964,529046,22395,447031,44499,33659.86,12608683,0
"2021-10-30",4657,6137785,5051,5504529,934,529980,11099,458130,21741,33708.57,12630424,0
"2021-10-31",2682,6140467,2704,5507233,545,530525,6593,464723,12524,33475.57,12642948,0
"2021-11-01",7204,6147671,6950,5514183,1090,531615,20239,484962,35483,33136.14,12678431,0
"2021-11-02",6640,6154311,6584,5520767,1053,532668,20619,505581,34896,33205.86,12713327,0
"2021-11-03",6910,6161221,6670,5527437,1028,533696,20492,526073,35100,32314,12748427,0
"2021-11-04",9360,6170581,6272,5533709,996,534692,22230,548303,38858,31871.57,12787285,0
"2021-11-05",11135,6181716,6720,5540429,1052,535744,23638,571941,42545,31592.43,12829830,0
"2021-11-06",11147,6192863,4050,5544479,593,536337,12540,584481,28330,32533.71,12858160,0
"2021-11-07",7286,6200149,2283,5546762,576,536913,7070,591551,17215,33203.86,12875375,0
"2021-11-08",15114,6215263,5674,5552436,868,537781,19392,610943,41048,33998.86,12916423,0
"2021-11-09",16208,6231471,5375,5557811,661,538442,20415,631358,42659,35107.86,12959082,0
"2021-11-10",17008,6248479,5327,5563138,684,539126,22507,653865,45526,36597.29,13004608,0
"2021-11-11",12638,6261117,5194,5568332,760,539886,21940,675805,40532,36836.43,13045140,0
"2021-11-12",16958,6278075,5676,5574008,709,540595,23271,699076,46614,37417.71,13091754,0
"2021-11-13",9978,6288053,3665,5577673,465,541060,13282,712358,27390,37283.43,13119144,0
"2021-11-14",6047,6294100,2292,5579965,325,541385,7901,720259,16565,37190.57,13135709,0
"2021-11-15",13312,6307412,5969,5585934,690,542075,24978,745237,44949,37747.86,13180658,0
"2021-11-16",10053,6317465,5791,5591725,656,542731,30531,775768,47031,38372.43,13227689,0
"2021-11-17",10395,6327860,6672,5598397,682,543413,31257,807025,49006,38869.57,13276695,0
"2021-11-18",10814,6338674,6548,5604945,861,544274,32883,839908,51106,40380.14,13327801,0
"2021-11-19",12118,6350792,6552,5611497,717,544991,36125,876033,55512,41651.29,13383313,0
"2021-11-20",9389,6360181,3423,5614920,514,545505,22419,898452,35745,42844.86,13419058,0
"2021-11-21",5012,6365193,1892,5616812,288,545793,13148,911600,20340,43384.14,13439398,0
"2021-11-22",10565,6375758,5788,5622600,753,546546,35720,947320,52826,44509.43,13492224,0
"2021-11-23",9906,6385664,4779,5627379,635,547181,33355,980675,48675,44744.29,13540899,0
"2021-11-24",8787,6394451,4760,5632139,651,547832,25826,1006501,40024,43461.14,13580923,0
"2021-11-25",455,6394906,324,5632463,80,547912,995,1007496,1854,36425.14,13582777,0
"2021-11-26",8127,6403033,6988,5639451,528,548440,26498,1033994,42141,34515,13624918,0
"2021-11-27",6733,6409766,6810,5646261,373,548813,18747,1052741,32663,34074.71,13657581,0
"2021-11-28",4119,6413885,5782,5652043,283,549096,11816,1064557,22000,34311.86,13679581,0
"2021-11-29",9210,6423095,10979,5663022,688,549784,34844,1099401,55721,34725.43,13735302,0
"2021-11-30",10612,6433707,11415,5674437,512,550296,37578,1136979,60117,36360,13795419,0
"2021-12-01",11324,6445031,10957,5685394,723,551019,40180,1177159,63184,39668.57,13858603,0
"2021-12-02",11773,6456804,11015,5696409,626,551645,41947,1219106,65361,48741,13923964,0
"2021-12-03",13644,6470448,12851,5709260,676,552321,47738,1266844,74909,53422.14,13998873,0
"2021-12-04",9931,6480379,11233,5720493,567,552888,30551,1297395,52282,56224.86,14051155,0
"2021-12-05",5801,6486180,5705,5726198,270,553158,16609,1314004,28385,57137,14079540,0
"2021-12-06",12480,6498660,9933,5736131,603,553761,43089,1357093,66105,58620.43,14145645,0
"2021-12-07",12712,6511372,9215,5745346,625,554386,42896,1399989,65448,59382,14211093,0
"2021-12-08",13698,6525070,8739,5754085,556,554942,40609,1440598,63602,59441.71,14274695,0
"2021-12-09",13632,6538702,8749,5762834,558,555500,40667,1481265,63606,59191,14338301,0
"2021-12-10",14179,6552881,10107,5772941,667,556167,43452,1524717,68405,58261.86,14406706,0
"2021-12-11",10336,6563217,8050,5780991,405,556572,26641,1551358,45432,57283.29,14452138,0
"2021-12-12",6076,6569293,3855,5784846,288,556860,15111,1566469,25330,56846.86,14477468,0
"2021-12-13",12364,6581657,7406,5792252,657,557517,37747,1604216,58174,55713.86,14535642,0
"2021-12-14",12342,6593999,6943,5799195,734,558251,38018,1642234,58037,54655.14,14593679,0
"2021-12-15",12268,6606267,6238,5805433,755,559006,37953,1680187,57214,53742.57,14650893,0
"2021-12-16",13266,6619533,4248,5809681,734,559740,40845,1721032,59093,53097.86,14709986,0
"2021-12-17",16153,6635686,6919,5816600,620,560360,46510,1767542,70202,53354.57,14780188,0
"2021-12-18",13099,6648785,5714,5822314,432,560792,30468,1798010,49713,53966.14,14829901,0
"2021-12-19",7087,6655872,2987,5825301,327,561119,17916,1815926,28317,54392.86,14858218,0
"2021-12-20",17036,6672908,5865,5831166,747,561866,47233,1863159,70881,56208.14,14929099,0
"2021-12-21",18088,6690996,6544,5837710,808,562674,48693,1911852,74133,58507.57,15003232,0
"2021-12-22",18673,6709669,6546,5844256,938,563612,49435,1961287,75592,61133,15078824,0
"2021-12-23",19138,6728807,6467,5850723,929,564541,45665,2006952,72199,63005.29,15151023,0
"2021-12-24",9264,6738071,2954,5853677,598,565139,20551,2027503,33367,57743.14,15184390,0
"2021-12-25",342,6738413,65,5853742,31,565170,423,2027926,861,50764.29,15185251,0
"2021-12-26",8002,6746415,3926,5857668,341,565511,17241,2045167,29510,50934.71,15214761,0
"2021-12-27",21895,6768310,9198,5866866,933,566444,43306,2088473,75332,51570.57,15290093,0
"2021-12-28",20246,6788556,8313,5875179,698,567142,47439,2135912,76696,51936.71,15366789,0
"2021-12-29",18558,6807114,7644,5882823,606,567748,45387,2181299,72195,51451.43,15438984,0
"2021-12-30",16932,6824046,7404,5890227,579,568327,44690,2225989,69605,51080.86,15508589,0
"2021-12-31",5373,6829419,2791,5893018,193,568520,14700,2240689,23057,49608,15531646,0
"2022-01-01",237,6829656,141,5893159,11,568531,492,2241181,881,49610.86,15532527,0
"2022-01-02",6462,6836118,5004,5898163,153,568684,10961,2252142,22580,48620.86,15555107,0
"2022-01-03",14210,6850328,8467,5906630,515,569199,26786,2278928,49978,44998.86,15605085,0
"2022-01-04",13181,6863509,8050,5914680,412,569611,26875,2305803,48518,40973.43,15653603,0
"2022-01-05",11706,6875215,6946,5921626,385,569996,25639,2331442,44676,37042.14,15698279,0
"2022-01-06",11635,6886850,7348,5928974,480,570476,27334,2358776,46797,33783.86,15745076,0
"2022-01-07",10541,6897391,8409,5937383,336,570812,24859,2383635,44145,36796.43,15789221,0
"2022-01-08",7990,6905381,8528,5945911,310,571122,19338,2402973,36166,41837.14,15825387,0
"2022-01-09",4161,6909542,3843,5949754,214,571336,10033,2413006,18251,41218.71,15843638,0
"2022-01-10",10238,6919780,8168,5957922,489,571825,24499,2437505,43394,40278.14,15887032,0
"2022-01-11",8973,6928753,7959,5965881,520,572345,20920,2458425,38372,38828.71,15925404,0
"2022-01-12",9014,6937767,8301,5974182,429,572774,22224,2480649,39968,38156.14,15965372,0
"2022-01-13",9113,6946880,8826,5983008,449,573223,22716,2503365,41104,37342.86,16006476,0
"2022-01-14",10129,6957009,8058,5991066,474,573697,26150,2529515,44811,37438,16051287,0
"2022-01-15",6208,6963217,4257,5995323,178,573875,14919,2544434,25562,35923.14,16076849,0
"2022-01-16",2940,6966157,3249,5998572,94,573969,7797,2552231,14080,35327.29,16090929,0
"2022-01-17",6120,6972277,6744,6005316,363,574332,14600,2566831,27827,33103.43,16118756,0
"2022-01-18",8148,6980425,10137,6015453,396,574728,19322,2586153,38003,33050.71,16156759,0
"2022-01-19",7551,6987976,9226,6024679,305,575033,17610,2603763,34692,32297,16191451,0
"2022-01-20",6353,6994329,8555,6033234,303,575336,15134,2618897,30345,30760,16221796,0
"2022-01-21",7660,7001989,7478,6040712,277,575613,18363,2637260,33778,29183.86,16255574,0
"2022-01-22",5225,7007214,4918,6045630,131,575744,11269,2648529,21543,28609.71,16277117,0
"2022-01-23",2829,7010043,3324,6048954,97,575841,6210,2654739,12460,28378.29,16289577,0
"2022-01-24",6428,7016471,8180,6057134,258,576099,14987,2669726,29853,28667.71,16319430,0
"2022-01-25",6229,7022700,7916,6065050,232,576331,14623,2684349,29000,27381.57,16348430,0
"2022-01-26",5798,7028498,7147,6072197,291,576622,13944,2698293,27180,26308.43,16375610,0
"2022-01-27",5269,7033767,7064,6079261,320,576942,13998,2712291,26651,25780.71,16402261,0
"2022-01-28",6321,7040088,7844,6087105,205,577147,16053,2728344,30423,25301.43,16432684,0
"2022-01-29",848,7040936,723,6087828,28,577175,2521,2730865,4120,22812.43,16436804,0
"2022-01-30",2105,7043041,3015,6090843,102,577277,4523,2735388,9745,22424.57,16446549,0
"2022-01-31",5043,7048084,6581,6097424,218,577495,11301,2746689,23143,21466,16469692,0
"2022-02-01",4859,7052943,6427,6103851,220,577715,10645,2757334,22151,20487.57,16491843,0
"2022-02-02",4273,7057216,5910,6109761,214,577929,11149,2768483,21546,19682.71,16513389,0
"2022-02-03",4251,7061467,5785,6115546,217,578146,11158,2779641,21411,18934.14,16534800,0
"2022-02-04",4801,7066268,7084,6122630,214,578360,13140,2792781,25239,18193.57,16560039,0
"2022-02-05",3604,7069872,6031,6128661,110,578470,8548,2801329,18293,20218.29,16578332,0
"2022-02-06",2072,7071944,2130,6130791,121,578591,4623,2805952,8946,20104.14,16587278,0
"2022-02-07",4179,7076123,4714,6135505,203,578794,10104,2816056,19200,19540.86,16606478,0
"2022-02-08",4247,7080370,5588,6141093,213,579007,11250,2827306,21298,19419,16627776,0
"2022-02-09",4153,7084523,5381,6146474,222,579229,11606,2838912,21362,19392.71,16649138,0
"2022-02-10",4006,7088529,5096,6151570,242,579471,12090,2851002,21434,19396,16670572,0
"2022-02-11",4536,7093065,5793,6157363,194,579665,13676,2864678,24199,19247.43,16694771,0
"2022-02-12",3274,7096339,4325,6161688,96,579761,8768,2873446,16463,18986,16711234,0
"2022-02-13",1532,7097871,1541,6163229,40,579801,4871,2878317,7984,18848.57,16719218,0
"2022-02-14",3007,7100878,3614,6166843,164,579965,10524,2888841,17309,18578.43,16736527,0
"2022-02-15",3592,7104470,4053,6170896,177,580142,12713,2901554,20535,18469.43,16757062,0
"2022-02-16",3701,7108171,3881,6174777,194,580336,15619,2917173,23395,18759.86,16780457,0
"2022-02-17",4050,7112221,4074,6178851,160,580496,18102,2935275,26386,19467.29,16806843,0
"2022-02-18",4497,7116718,4769,6183620,188,580684,21440,2956715,30894,20423.71,16837737,0
"2022-02-19",3269,7119987,2178,6185798,65,580749,11137,2967852,16649,20450.29,16854386,0
"2022-02-20",1870,7121857,1444,6187242,59,580808,6564,2974416,9937,20729.29,16864323,0
"2022-02-21",3116,7124973,2684,6189926,95,580903,8300,2982716,14195,20284.43,16878518,0
"2022-02-22",4421,7129394,4235,6194161,172,581075,10772,2993488,19600,20150.86,16898118,0
"2022-02-23",4288,7133682,3766,6197927,144,581219,10611,3004099,18809,19495.71,16916927,0
"2022-02-24",3776,7137458,3647,6201574,105,581324,10130,3014229,17658,18248.86,16934585,0
"2022-02-25",3622,7141080,3596,6205170,135,581459,9919,3024148,17272,16302.86,16951857,0
"2022-02-26",2853,7143933,2569,6207739,74,581533,9481,3033629,14977,16064,16966834,0
"2022-02-27",1786,7145719,1363,6209102,52,581585,6260,3039889,9461,15996,16976295,0
"2022-02-28",3827,7149546,3118,6212220,140,581725,13083,3052972,20168,16849.29,16996463,0
"2022-03-01",2112,7151658,2598,6214818,100,581825,5128,3058100,9938,15469,17006401,0
"2022-03-02",1828,7153486,2407,6217225,105,581930,4097,3062197,8437,13987.29,17014838,0
"2022-03-03",1925,7155411,2541,6219766,105,582035,3767,3065964,8338,12655.86,17023176,0
"2022-03-04",2092,7157503,2843,6222609,67,582102,4299,3070263,9301,11517.14,17032477,0
"2022-03-05",1607,7159110,2109,6224718,43,582145,3294,3073557,7053,10385.14,17039530,0
"2022-03-06",801,7159911,876,6225594,30,582175,1611,3075168,3318,9507.57,17042848,0
"2022-03-07",1664,7161575,1768,6227362,85,582260,3463,3078631,6980,7623.57,17049828,0
"2022-03-08",1540,7163115,1887,6229249,77,582337,3109,3081740,6613,7148.57,17056441,0
"2022-03-09",1246,7164361,1654,6230903,76,582413,2547,3084287,5523,6732.29,17061964,0
"2022-03-10",1415,7165776,2068,6232971,84,582497,2905,3087192,6472,6465.71,17068436,0
"2022-03-11",1589,7167365,2248,6235219,78,582575,3163,3090355,7078,6148.14,17075514,0
"2022-03-12",878,7168243,1409,6236628,37,582612,1986,3092341,4310,5756.29,17079824,0
"2022-03-13",623,7168866,755,6237383,24,582636,1282,3093623,2684,5665.71,17082508,0
"2022-03-14",1381,7170247,1575,6238958,83,582719,2946,3096569,5985,5523.57,17088493,0
"2022-03-15",1341,7171588,1894,6240852,62,582781,3047,3099616,6344,5485.14,17094837,0
"2022-03-16",1392,7172980,2027,6242879,94,582875,3103,3102719,6616,5641.29,17101453,0
"2022-03-17",1160,7174140,1776,6244655,69,582944,2709,3105428,5714,5533,17107167,0
"2022-03-18",1561,7175701,2123,6246778,79,583023,3712,3109140,7475,5589.71,17114642,0
"2022-03-19",1102,7176803,1702,6248480,37,583060,2563,3111703,5404,5746,17120046,0
"2022-03-20",609,7177412,623,6249103,32,583092,1454,3113157,2718,5750.86,17122764,0
"2022-03-21",1414,7178826,1518,6250621,65,583157,2981,3116138,5978,5749.86,17128742,120000
"2022-03-22",1315,7180141,1493,6252114,94,583251,2831,3118969,5733,5662.57,17134475,120000
"2022-03-23",1227,7181368,1310,6253424,63,583314,2819,3121788,5419,5491.57,17139894,120000
"2022-03-24",1140,7182508,1234,6254658,61,583375,2346,3124134,4781,5358.29,17144675,120000
"2022-03-25",1325,7183833,1529,6256187,54,583429,3120,3127254,6028,5151.57,17150703,120000
"2022-03-26",894,7184727,1103,6257290,31,583460,2182,3129436,4210,4981,17154913,120000
"2022-03-27",189,7184916,181,6257471,5,583465,416,3129852,791,4705.71,17155704,120000
