"DATE","ADMIN_DOSE1_DAILY","ADMIN_DOSE1_CUMULATIVE","ADMIN_DOSE2_DAILY","ADMIN_DOSE2_CUMULATIVE","ADMIN_SINGLE_DAILY","ADMIN_SINGLE_CUMULATIVE","ADMIN_ADDITIONAL1_DAILY","ADMIN_ADDITIONAL1_CUMULATIVE","ADMIN_ADDITIONAL2_DAILY","ADMIN_ADDITIONAL2_CUMULATIVE","ADMIN_ADDITIONAL_DAILY","ADMIN_ADDITIONAL_CUMULATIVE","ADMIN_ALLDOSES_DAILY","ADMIN_ALLDOSES_7DAYAVG","ADMIN_ALLDOSES_CUMULATIVE","ADMIN_ALLDOSES_PRIMARY","INCOMPLETE"
"2020-12-14",79,79,0,0,0,0,0,0,0,0,0,0,79,,79,79,0
"2020-12-15",2051,2130,6,6,5,5,0,0,0,0,0,0,2062,,2141,2141,0
"2020-12-16",4607,6737,14,20,3,8,1,1,0,0,1,1,4625,,6766,6765,0
"2020-12-17",4657,11394,18,38,2,10,1,2,0,0,1,2,4678,,11444,11442,0
"2020-12-18",5832,17226,18,56,2,12,2,4,0,0,2,4,5854,,17298,17294,0
"2020-12-19",1689,18915,7,63,3,15,0,4,0,0,0,4,1699,,18997,18993,0
"2020-12-20",1116,20031,2,65,1,16,0,4,0,0,0,4,1119,2873.71,20116,20112,0
"2020-12-21",6343,26374,20,85,0,16,5,9,0,0,5,9,6368,3772.14,26484,26475,0
"2020-12-22",9795,36169,27,112,2,18,1,10,0,0,1,10,9825,4881.14,36309,36299,0
"2020-12-23",14274,50443,35,147,3,21,0,10,0,0,0,10,14312,6265,50621,50611,0
"2020-12-24",7195,57638,26,173,1,22,0,10,0,0,0,10,7222,6628.43,57843,57833,0
"2020-12-25",180,57818,0,173,0,22,1,11,0,0,1,11,181,5818,58024,58013,0
"2020-12-26",4388,62206,45,218,0,22,1,12,0,0,1,12,4434,6208.71,62458,62446,0
"2020-12-27",3870,66076,14,232,0,22,1,13,0,0,1,13,3885,6603.86,66343,66330,0
"2020-12-28",10994,77070,49,281,1,23,2,15,0,0,2,15,11046,7272.14,77389,77374,0
"2020-12-29",10717,87787,35,316,2,25,2,17,0,0,2,17,10756,7405.14,88145,88128,0
"2020-12-30",12823,100610,45,361,0,25,0,17,0,0,0,17,12868,7198.86,101013,100996,0
"2020-12-31",7262,107872,34,395,1,26,0,17,0,0,0,17,7297,7209.57,108310,108293,0
"2021-01-01",181,108053,2,397,1,27,3,20,0,0,3,20,187,7210.43,108497,108477,0
"2021-01-02",3809,111862,10,407,3,30,2,22,0,0,2,22,3824,7123.29,112321,112299,0
"2021-01-03",3542,115404,24,431,2,32,1,23,0,0,1,23,3569,7078.14,115890,115867,0
"2021-01-04",12256,127660,806,1237,2,34,7,30,0,0,7,30,13071,7367.43,128961,128931,0
"2021-01-05",14091,141751,2191,3428,2,36,12,42,1,1,13,43,16297,8159,145258,145215,0
"2021-01-06",17801,159552,3925,7353,1,37,29,71,8,9,37,80,21764,9429.86,167022,166942,0
"2021-01-07",16549,176101,5171,12524,4,41,45,116,3,12,48,128,21772,11497.71,188794,188666,0
"2021-01-08",16617,192718,5456,17980,0,41,34,150,4,16,38,166,22111,14629.71,210905,210739,0
"2021-01-09",7651,200369,1462,19442,1,42,7,157,2,18,9,175,9123,15386.71,220028,219853,0
"2021-01-10",7882,208251,983,20425,0,42,10,167,0,18,10,185,8875,16144.71,228903,228718,0
"2021-01-11",25823,234074,7454,27879,2,44,50,217,8,26,58,243,33337,19039.86,262240,261997,0
"2021-01-12",28254,262328,7860,35739,1,45,44,261,4,30,48,291,36163,21877.86,298403,298112,0
"2021-01-13",31722,294050,9393,45132,1,46,57,318,4,34,61,352,41177,24651.14,339580,339228,0
"2021-01-14",35814,329864,5314,50446,1,47,30,348,7,41,37,389,41166,27421.71,380746,380357,0
"2021-01-15",29266,359130,3705,54151,2,49,31,379,5,46,36,425,33009,28978.57,413755,413330,0
"2021-01-16",30287,389417,2380,56531,0,49,24,403,6,52,30,455,32697,32346.29,446452,445997,0
"2021-01-17",23745,413162,1632,58163,0,49,19,422,1,53,20,475,25397,34706.57,471849,471374,0
"2021-01-18",27099,440261,2416,60579,0,49,36,458,7,60,43,518,29559,34166.86,501408,500890,0
"2021-01-19",34293,474554,9633,70212,1,50,69,527,6,66,75,593,44002,35286.71,545410,544817,0
"2021-01-20",34865,509419,9497,79709,1,51,56,583,5,71,61,654,44424,35750.57,589834,589180,0
"2021-01-21",25590,535009,8094,87803,2,53,49,632,5,76,54,708,33740,34689.71,623574,622866,0
"2021-01-22",24754,559763,4383,92186,1,54,32,664,7,83,39,747,29177,34142.29,652751,652004,0
"2021-01-23",15741,575504,3225,95411,0,54,11,675,2,85,13,760,18979,32182.57,671730,670970,0
"2021-01-24",7177,582681,3455,98866,0,54,19,694,1,86,20,780,10652,30076.14,682382,681602,0
"2021-01-25",13408,596089,11822,110688,0,54,66,760,12,98,78,858,25308,29468.86,707690,706832,0
"2021-01-26",16760,612849,10756,121444,0,54,68,828,2,100,70,928,27586,27123.71,735276,734348,0
"2021-01-27",20835,633684,12356,133800,0,54,53,881,8,108,61,989,33252,25527.71,768528,767539,0
"2021-01-28",30763,664447,12847,146647,0,54,81,962,16,124,97,1086,43710,26952,812238,811152,0
"2021-01-29",31689,696136,11506,158153,0,54,81,1043,11,135,92,1178,43287,28967.71,855525,854347,0
"2021-01-30",18710,714846,3742,161895,0,54,20,1063,2,137,22,1200,22474,29467,877999,876799,0
"2021-01-31",13017,727863,2923,164818,1,55,29,1092,4,141,33,1233,15974,30227.29,893973,892740,0
"2021-02-01",1179,729042,5370,170188,4,59,35,1127,4,145,39,1272,6592,27553.57,900565,899293,0
"2021-02-02",2826,731868,9477,179665,2,61,47,1174,4,149,51,1323,12356,25377.86,912921,911598,0
"2021-02-03",16348,748216,21245,200910,4,65,203,1377,20,169,223,1546,37820,26030.43,950741,949195,0
"2021-02-04",27042,775258,19650,220560,3,68,203,1580,10,179,213,1759,46908,26487.29,997649,995890,0
"2021-02-05",27590,802848,20038,240598,0,68,182,1762,15,194,197,1956,47825,27135.57,1045474,1043518,0
"2021-02-06",22991,825839,11245,251843,0,68,111,1873,12,206,123,2079,34359,28833.43,1079833,1077754,0
"2021-02-07",12039,837878,8283,260126,1,69,92,1965,14,220,106,2185,20429,29469.86,1100262,1098077,0
"2021-02-08",16955,854833,23518,283644,2,71,235,2200,34,254,269,2454,40744,34348.71,1141006,1138552,0
"2021-02-09",17189,872022,28109,311753,2,73,337,2537,42,296,379,2833,45679,39109.14,1186685,1183852,0
"2021-02-10",19593,891615,29307,341060,2,75,260,2797,49,345,309,3142,49212,40736.57,1235897,1232755,0
"2021-02-11",27845,919460,33476,374536,2,77,338,3135,57,402,395,3537,61720,42852.57,1297617,1294080,0
"2021-02-12",38383,957843,30805,405341,3,80,355,3490,38,440,393,3930,69584,45961,1367201,1363271,0
"2021-02-13",28001,985844,25317,430658,2,82,305,3795,54,494,359,4289,53680,48721.14,1420881,1416592,0
"2021-02-14",16277,1002121,23730,454388,0,82,264,4059,33,527,297,4586,40304,51560.43,1461185,1456599,0
"2021-02-15",12795,1014916,10527,464915,2,84,173,4232,23,550,196,4782,23520,49099.86,1484705,1479923,0
"2021-02-16",14242,1029158,26725,491640,0,84,326,4558,36,586,362,5144,41329,48478.43,1526034,1520890,0
"2021-02-17",16389,1045547,22198,513838,1,85,282,4840,38,624,320,5464,38908,47006.43,1564942,1559478,0
"2021-02-18",12148,1057695,24994,538832,21,106,292,5132,42,666,334,5798,37497,43546,1602439,1596641,0
"2021-02-19",13261,1070956,23935,562767,39,145,304,5436,46,712,350,6148,37585,38974.71,1640024,1633876,0
"2021-02-20",11353,1082309,26072,588839,6,151,327,5763,79,791,406,6554,37838,36711.57,1677862,1671308,0
"2021-02-21",6361,1088670,17416,606255,15,166,289,6052,45,836,334,6888,24126,34400.43,1701988,1695100,0
"2021-02-22",13043,1101713,11846,618101,2,168,126,6178,20,856,146,7034,25037,34617.14,1727025,1719991,0
"2021-02-23",25249,1126962,14143,632244,1,169,157,6335,35,891,192,7226,39586,34368.14,1766611,1759385,0
"2021-02-24",36355,1163317,20395,652639,0,169,226,6561,41,932,267,7493,57017,36955.14,1823628,1816135,0
"2021-02-25",54615,1217932,30397,683036,6,175,397,6958,64,996,461,7954,85479,43809.71,1909107,1901153,0
"2021-02-26",62861,1280793,31872,714908,4,179,416,7374,79,1075,495,8449,95232,52045,2004339,1995890,0
"2021-02-27",51293,1332086,22754,737662,47,226,335,7709,52,1127,387,8836,74481,57279.71,2078820,2069984,0
"2021-02-28",44585,1376671,13832,751494,7,233,204,7913,35,1162,239,9075,58663,62213.57,2137483,2128408,0
"2021-03-01",39318,1415989,12778,764272,10,243,168,8081,25,1187,193,9268,52299,66108.14,2189782,2180514,0
"2021-03-02",47082,1463071,12579,776851,7,250,160,8241,14,1201,174,9442,59842,69001.86,2249624,2240182,0
"2021-03-03",48605,1511676,16157,793008,17,267,147,8388,21,1222,168,9610,64947,70134.71,2314571,2304961,0
"2021-03-04",59819,1571495,22822,815830,1092,1359,271,8659,35,1257,306,9916,84039,69929,2398610,2388694,0
"2021-03-05",60983,1632478,24282,840112,3108,4467,336,8995,37,1294,373,10289,88746,69002.43,2487356,2477067,0
"2021-03-06",47178,1679656,18882,858994,5451,9918,241,9236,36,1330,277,10566,71788,68617.71,2559144,2548578,0
"2021-03-07",36039,1715695,14884,873878,6245,16163,230,9466,21,1351,251,10817,57419,68440,2616563,2605746,0
"2021-03-08",39628,1755323,14681,888559,8561,24724,315,9781,91,1442,406,11223,63276,70008.14,2679839,2668616,0
"2021-03-09",39105,1794428,12854,901413,7762,32486,181,9962,35,1477,216,11439,59937,70021.71,2739776,2728337,0
"2021-03-10",51827,1846255,15360,916773,5066,37552,227,10189,32,1509,259,11698,72512,71102.43,2812288,2800590,0
"2021-03-11",59988,1906243,21821,938594,4619,42171,249,10438,48,1557,297,11995,86725,71486.14,2899013,2887018,0
"2021-03-12",52201,1958444,30310,968904,4183,46354,377,10815,85,1642,462,12457,87156,71259,2986169,2973712,0
"2021-03-13",40650,1999094,26687,995591,5110,51464,326,11141,52,1694,378,12835,72825,71407.14,3058994,3046159,0
"2021-03-14",30716,2029810,15970,1011561,4526,55990,241,11382,28,1722,269,13104,51482,70559,3110476,3097372,0
"2021-03-15",33591,2063401,17261,1028822,4709,60699,236,11618,33,1755,269,13373,55830,69495.29,3166306,3152933,0
"2021-03-16",38671,2102072,20515,1049337,4926,65625,258,11876,35,1790,293,13666,64405,70133.57,3230711,3217045,0
"2021-03-17",42615,2144687,24790,1074127,4244,69869,347,12223,39,1829,386,14052,72035,70065.43,3302746,3288694,0
"2021-03-18",50444,2195131,26811,1100938,5235,75104,371,12594,61,1890,432,14484,82922,69522.14,3385668,3371184,0
"2021-03-19",47792,2242923,29965,1130903,5624,80728,392,12986,70,1960,462,14946,83843,69048.86,3469511,3454565,0
"2021-03-20",38710,2281633,25836,1156739,4686,85414,299,13285,60,2020,359,15305,69591,68586.86,3539102,3523797,0
"2021-03-21",29301,2310934,19357,1176096,769,86183,224,13509,44,2064,268,15573,49695,68331.57,3588797,3573224,0
"2021-03-22",33866,2344800,26741,1202837,4037,90220,262,13771,38,2102,300,15873,64945,69633.71,3653742,3637869,0
"2021-03-23",38432,2383232,32843,1235680,4216,94436,300,14071,55,2157,355,16228,75846,71268.14,3729588,3713360,0
"2021-03-24",41497,2424729,37609,1273289,4848,99284,329,14400,63,2220,392,16620,84346,73026.86,3813934,3797314,0
"2021-03-25",43403,2468132,50803,1324092,5055,104339,477,14877,86,2306,563,17183,99824,75441.43,3913758,3896575,0
"2021-03-26",38505,2506637,55513,1379605,4309,108648,528,15405,100,2406,628,17811,98955,77600.29,4012713,3994902,0
"2021-03-27",35737,2542374,45755,1425360,2939,111587,420,15825,82,2488,502,18313,84933,79792,4097646,4079333,0
"2021-03-28",26387,2568761,34459,1459819,1482,113069,338,16163,65,2553,403,18716,62731,81654.29,4160377,4141661,0
"2021-03-29",34813,2603574,38873,1498692,3246,116315,345,16508,110,2663,455,19171,77387,83431.71,4237764,4218593,0
"2021-03-30",40509,2644083,41927,1540619,3713,120028,342,16850,65,2728,407,19578,86556,84961.71,4324320,4304742,0
"2021-03-31",49393,2693476,44877,1585496,7441,127469,405,17255,87,2815,492,20070,102203,87512.71,4426523,4406453,0
"2021-04-01",50774,2744250,53957,1639453,11276,138745,501,17756,84,2899,585,20655,116592,89908.14,4543115,4522460,0
"2021-04-02",43756,2788006,53887,1693340,11970,150715,553,18309,70,2969,623,21278,110236,91519.71,4653351,4632073,0
"2021-04-03",39247,2827253,39222,1732562,9859,160574,334,18643,59,3028,393,21671,88721,92060.86,4742072,4720401,0
"2021-04-04",26555,2853808,24790,1757352,3903,164477,225,18868,49,3077,274,21945,55522,91031,4797594,4775649,0
"2021-04-05",41883,2895691,34487,1791839,11197,175674,376,19244,60,3137,436,22381,88003,92547.57,4885597,4863216,0
"2021-04-06",53263,2948954,35617,1827456,13218,188892,433,19677,77,3214,510,22891,102608,94840.71,4988205,4965314,0
"2021-04-07",55505,3004459,40701,1868157,14388,203280,406,20083,80,3294,486,23377,111080,96108.86,5099285,5075908,0
"2021-04-08",59260,3063719,46598,1914755,16341,219621,523,20606,85,3379,608,23985,122807,96996.71,5222092,5198107,0
"2021-04-09",56646,3120365,44964,1959719,17559,237180,518,21124,76,3455,594,24579,119763,98357.71,5341855,5317276,0
"2021-04-10",49346,3169711,35648,1995367,12723,249903,391,21515,62,3517,453,25032,98170,99707.57,5440025,5414993,0
"2021-04-11",38181,3207892,28821,2024188,7682,257585,294,21809,57,3574,351,25383,75035,102495.14,5515060,5489677,0
"2021-04-12",46635,3254527,31842,2056030,13501,271086,468,22277,67,3641,535,25918,92513,103139.43,5607573,5581655,0
"2021-04-13",52547,3307074,33790,2089820,368,271454,396,22673,63,3704,459,26377,87164,100933.14,5694737,5668360,0
"2021-04-14",50146,3357220,39958,2129778,20,271474,369,23042,72,3776,441,26818,90565,98002.43,5785302,5758484,0
"2021-04-15",52118,3409338,43685,2173463,16,271490,457,23499,106,3882,563,27381,96383,94227.57,5881685,5854304,0
"2021-04-16",51187,3460525,42217,2215680,32,271522,430,23929,69,3951,499,27880,93935,90537.86,5975620,5947740,0
"2021-04-17",43835,3504360,35698,2251378,3,271525,364,24293,84,4035,448,28328,79984,87939.86,6055604,6027276,0
"2021-04-18",28605,3532965,29369,2280747,7,271532,253,24546,65,4100,318,28646,58299,85549,6113903,6085257,0
"2021-04-19",37464,3570429,36452,2317199,22,271554,326,24872,65,4165,391,29037,74329,82951.29,6188232,6159195,0
"2021-04-20",40810,3611239,39630,2356829,19,271573,315,25187,80,4245,395,29432,80854,82049.86,6269086,6239654,0
"2021-04-21",38892,3650131,46020,2402849,16,271589,500,25687,97,4342,597,30029,85525,81329.86,6354611,6324582,0
"2021-04-22",38490,3688621,48963,2451812,9,271598,340,26027,74,4416,414,30443,87877,80114.71,6442488,6412045,0
"2021-04-23",39694,3728315,44384,2496196,3,271601,350,26377,75,4491,425,30868,84506,78767.71,6526994,6496126,0
"2021-04-24",31946,3760261,41605,2537801,44,271645,277,26654,62,4553,339,31207,73934,77903.43,6600928,6569721,0
"2021-04-25",18421,3778682,31228,2569029,87,271732,197,26851,57,4610,254,31461,49990,76716.43,6650918,6619457,0
"2021-04-26",26967,3805649,40739,2609768,1013,272745,286,27137,88,4698,374,31835,69093,75968.43,6720011,6688176,0
"2021-04-27",28573,3834222,47140,2656908,1699,274444,356,27493,92,4790,448,32283,77860,75540.71,6797871,6765588,0
"2021-04-28",27030,3861252,56843,2713751,2147,276591,436,27929,99,4889,535,32818,86555,75687.86,6884426,6851608,0
"2021-04-29",28612,3889864,57198,2770949,2148,278739,369,28298,99,4988,468,33286,88426,75766.29,6972852,6939566,0
"2021-04-30",30117,3919981,51989,2822938,2058,280797,284,28582,74,5062,358,33644,84523,75768.71,7057375,7023731,0
"2021-05-01",22478,3942459,44543,2867481,1177,281974,233,28815,64,5126,297,33941,68495,74991.71,7125870,7091929,0
"2021-05-02",11922,3954381,36657,2904138,1081,283055,140,28955,54,5180,194,34135,49854,74972.29,7175724,7141589,0
"2021-05-03",18021,3972402,53033,2957171,2383,285438,254,29209,92,5272,346,34481,73784,75642.43,7249508,7215027,0
"2021-05-04",22734,3995136,56655,3013826,2331,287769,268,29477,115,5387,383,34864,82103,76248.57,7331611,7296747,0
"2021-05-05",21479,4016615,48769,3062595,2313,290082,308,29785,100,5487,408,35272,72969,74307.71,7404580,7369308,0
"2021-05-06",20679,4037294,50177,3112772,2508,292590,273,30058,90,5577,363,35635,73727,72207.86,7478307,7442672,0
"2021-05-07",21252,4058546,52095,3164867,2812,295402,312,30370,78,5655,390,36025,76549,71068.71,7554856,7518831,0
"2021-05-08",16628,4075174,41868,3206735,1835,297237,232,30602,69,5724,301,36326,60632,69945.43,7615488,7579162,0
"2021-05-09",7972,4083146,29412,3236147,1260,298497,151,30753,56,5780,207,36533,38851,68373.57,7654339,7617806,0
"2021-05-10",14383,4097529,38536,3274683,2355,300852,236,30989,91,5871,327,36860,55601,65776,7709940,7673080,0
"2021-05-11",19911,4117440,43060,3317743,2514,303366,284,31273,86,5957,370,37230,65855,63454.86,7775795,7738565,0
"2021-05-12",17821,4135261,40546,3358289,3595,306961,232,31505,79,6036,311,37541,62273,61926.86,7838068,7800527,0
"2021-05-13",24968,4160229,40433,3398722,3230,310191,262,31767,77,6113,339,37880,68970,61247.29,7907038,7869158,0
"2021-05-14",27031,4187260,42924,3441646,3537,313728,266,32033,96,6209,362,38242,73854,60862.29,7980892,7942650,0
"2021-05-15",23650,4210910,34921,3476567,3365,317093,251,32284,75,6284,326,38568,62262,61095.14,8043154,8004586,0
"2021-05-16",15521,4226431,19455,3496022,2496,319589,122,32406,45,6329,167,38735,37639,60922,8080793,8042058,0
"2021-05-17",22670,4249101,29146,3525168,3255,322844,180,32586,67,6396,247,38982,55318,60881.57,8136111,8097129,0
"2021-05-18",24635,4273736,31911,3557079,3405,326249,240,32826,73,6469,313,39295,60264,60082.86,8196375,8157080,0
"2021-05-19",24187,4297923,29723,3586802,3040,329289,227,33053,48,6517,275,39570,57225,59361.71,8253600,8214030,0
"2021-05-20",24152,4322075,30101,3616903,3162,332451,264,33317,86,6603,350,39920,57765,57761,8311365,8271445,0
"2021-05-21",24677,4346752,32002,3648905,3057,335508,245,33562,60,6663,305,40225,60041,55787.71,8371406,8331181,0
"2021-05-22",20019,4366771,24367,3673272,2525,338033,163,33725,48,6711,211,40436,47122,53624.86,8418528,8378092,0
"2021-05-23",11230,4378001,13735,3687007,1411,339444,92,33817,32,6743,124,40560,26500,52033.57,8445028,8404468,0
"2021-05-24",18871,4396872,23162,3710169,2756,342200,214,34031,55,6798,269,40829,45058,50567.86,8490086,8449257,0
"2021-05-25",19431,4416303,23382,3733551,2603,344803,171,34202,57,6855,228,41057,45644,48479.29,8535730,8494673,0
"2021-05-26",18786,4435089,21092,3754643,2696,347499,199,34401,48,6903,247,41304,42821,46421.57,8578551,8537247,0
"2021-05-27",18468,4453557,21282,3775925,2529,350028,178,34579,60,6963,238,41542,42517,44243.29,8621068,8579526,0
"2021-05-28",17860,4471417,22884,3798809,2751,352779,188,34767,55,7018,243,41785,43738,41914.29,8664806,8623021,0
"2021-05-29",12708,4484125,17811,3816620,1755,354534,106,34873,39,7057,145,41930,32419,39813.86,8697225,8655295,0
"2021-05-30",7030,4491155,8949,3825569,1074,355608,48,34921,17,7074,65,41995,17118,38473.57,8714343,8672348,0
"2021-05-31",4742,4495897,6924,3832493,1012,356620,64,34985,17,7091,81,42076,12759,33859.43,8727102,8685026,0
"2021-06-01",16046,4511943,25195,3857688,2177,358797,154,35139,43,7134,197,42273,43615,33569.57,8770717,8728444,0
"2021-06-02",15355,4527298,20397,3878085,2095,360892,139,35278,48,7182,187,42460,38034,32885.71,8808751,8766291,0
"2021-06-03",15004,4542302,23823,3901908,2281,363173,128,35406,44,7226,172,42632,41280,32709,8850031,8807399,0
"2021-06-04",14722,4557024,25994,3927902,2492,365665,144,35550,41,7267,185,42817,43393,32659.71,8893424,8850607,0
"2021-06-05",10991,4568015,22091,3949993,1806,367471,116,35666,27,7294,143,42960,35031,33032.86,8928455,8885495,0
"2021-06-06",6443,4574458,14485,3964478,1222,368693,89,35755,13,7307,102,43062,22252,33766.29,8950707,8907645,0
"2021-06-07",11703,4586161,21783,3986261,2378,371071,139,35894,37,7344,176,43238,36040,37092.14,8986747,8943509,0
"2021-06-08",12634,4598795,24023,4010284,2072,373143,123,36017,46,7390,169,43407,38898,36418.29,9025645,8982238,0
"2021-06-09",11134,4609929,23027,4033311,2299,375442,135,36152,39,7429,174,43581,36634,36218.29,9062279,9018698,0
"2021-06-10",12063,4621992,22237,4055548,2462,377904,138,36290,59,7488,197,43778,36959,35601,9099238,9055460,0
"2021-06-11",12708,4634700,25124,4080672,2484,380388,156,36446,58,7546,214,43992,40530,35192,9139768,9095776,0
"2021-06-12",10163,4644863,19319,4099991,1888,382276,93,36539,42,7588,135,44127,31505,34688.29,9171273,9127146,0
"2021-06-13",4257,4649120,10933,4110924,1219,383495,41,36580,22,7610,63,44190,16472,33862.57,9187745,9143555,0
"2021-06-14",10208,4659328,19241,4130165,2043,385538,128,36708,51,7661,179,44369,31671,33238.43,9219416,9175047,0
"2021-06-15",11883,4671211,21019,4151184,1943,387481,131,36839,40,7701,171,44540,35016,32683.86,9254432,9209892,0
"2021-06-16",11588,4682799,19410,4170594,1957,389438,142,36981,68,7769,210,44750,33165,32188.29,9287597,9242847,0
"2021-06-17",11025,4693824,18761,4189355,1973,391411,123,37104,35,7804,158,44908,31917,31468,9319514,9274606,0
"2021-06-18",12166,4705990,18499,4207854,2116,393527,113,37217,36,7840,149,45057,32930,30382.29,9352444,9307387,0
"2021-06-19",8496,4714486,13518,4221372,1459,394986,83,37300,21,7861,104,45161,23577,29249.71,9376021,9330860,0
"2021-06-20",4336,4718822,7158,4228530,924,395910,36,37336,17,7878,53,45214,12471,28678.14,9388492,9343278,0
"2021-06-21",10163,4728985,10010,4238540,1807,397717,68,37404,27,7905,95,45309,22075,27307.29,9410567,9365258,0
"2021-06-22",9840,4738825,15640,4254180,1589,399306,105,37509,28,7933,133,45442,27202,26191,9437769,9392327,0
"2021-06-23",10311,4749136,15186,4269366,1863,401169,103,37612,30,7963,133,45575,27493,25380.71,9465262,9419687,0
"2021-06-24",9684,4758820,14700,4284066,1799,402968,120,37732,26,7989,146,45721,26329,24582.43,9491591,9445870,0
"2021-06-25",10588,4769408,14387,4298453,1721,404689,112,37844,38,8027,150,45871,26846,23713.29,9518437,9472566,0
"2021-06-26",7800,4777208,10466,4308919,1251,405940,74,37918,24,8051,98,45969,19615,23147.29,9538052,9492083,0
"2021-06-27",5001,4782209,6001,4314920,795,406735,33,37951,14,8065,47,46016,11844,23057.71,9549896,9503880,0
"2021-06-28",9035,4791244,10345,4325265,1526,408261,108,38059,26,8091,134,46150,21040,22909.86,9570936,9524786,0
"2021-06-29",9738,4800982,12325,4337590,1347,409608,124,38183,32,8123,156,46306,23566,22390.43,9594502,9548196,0
"2021-06-30",9434,4810416,10930,4348520,1487,411095,147,38330,16,8139,163,46469,22014,21607.71,9616516,9570047,0
"2021-07-01",9396,4819812,10929,4359449,1434,412529,130,38460,24,8163,154,46623,21913,20976.86,9638429,9591806,0
"2021-07-02",9693,4829505,11451,4370900,1541,414070,119,38579,22,8185,141,46764,22827,20402.71,9661256,9614492,0
"2021-07-03",7056,4836561,8419,4379319,1193,415263,78,38657,17,8202,95,46859,16763,19995.29,9678019,9631160,0
"2021-07-04",1288,4837849,1335,4380654,567,415830,9,38666,3,8205,12,46871,3202,18760.71,9681221,9634350,0
"2021-07-05",6497,4844346,7106,4387760,1208,417038,63,38729,22,8227,85,46956,14896,17883,9696117,9649161,0
"2021-07-06",9513,4853859,12851,4400611,1315,418353,115,38844,37,8264,152,47108,23831,17920.86,9719948,9672840,0
"2021-07-07",8666,4862525,11111,4411722,1419,419772,123,38967,19,8283,142,47250,21338,17824.29,9741286,9694036,0
"2021-07-08",8220,4870745,10193,4421915,1260,421032,107,39074,22,8305,129,47379,19802,17522.71,9761088,9713709,0
"2021-07-09",8373,4879118,10835,4432750,1278,422310,90,39164,18,8323,108,47487,20594,17203.71,9781682,9734195,0
"2021-07-10",7103,4886221,8635,4441385,1132,423442,62,39226,20,8343,82,47569,16952,17230.71,9798634,9751065,0
"2021-07-11",4105,4890326,4540,4445925,702,424144,35,39261,6,8349,41,47610,9388,18114.43,9808022,9760412,0
"2021-07-12",8447,4898773,9563,4455488,1251,425395,82,39343,23,8372,105,47715,19366,18753,9827388,9779673,0
"2021-07-13",9463,4908236,9394,4464882,952,426347,105,39448,34,8406,139,47854,19948,18198.29,9847336,9799482,0
"2021-07-14",8999,4917235,9533,4474415,1011,427358,105,39553,21,8427,126,47980,19669,17959.86,9867005,9819025,0
"2021-07-15",8793,4926028,9156,4483571,1054,428412,80,39633,19,8446,99,48079,19102,17859.86,9886107,9838028,0
"2021-07-16",9247,4935275,9762,4493333,981,429393,102,39735,29,8475,131,48210,20121,17792.29,9906228,9858018,0
"2021-07-17",6840,4942115,7386,4500719,803,430196,80,39815,20,8495,100,48310,15129,17531.86,9921357,9873047,0
"2021-07-18",4255,4946370,4285,4505004,576,430772,35,39850,13,8508,48,48358,9164,17499.86,9930521,9882163,0
"2021-07-19",9120,4955490,8478,4513482,999,431771,91,39941,22,8530,113,48471,18710,17406.14,9949231,9900760,0
"2021-07-20",10647,4966137,8759,4522241,991,432762,95,40036,25,8555,120,48591,20517,17487.43,9969748,9921157,0
"2021-07-21",10060,4976197,8766,4531007,904,433666,146,40182,33,8588,179,48770,19909,17521.71,9989657,9940887,0
"2021-07-22",10689,4986886,8587,4539594,1046,434712,144,40326,26,8614,170,48940,20492,17720.29,10010149,9961209,0
"2021-07-23",11252,4998138,8881,4548475,1114,435826,139,40465,23,8637,162,49102,21409,17904.29,10031558,9982456,0
"2021-07-24",7401,5005539,6740,4555215,670,436496,82,40547,24,8661,106,49208,14917,17874,10046475,9997267,0
"2021-07-25",5476,5011015,2126,4557341,509,437005,58,40605,4,8665,62,49270,8173,17732.43,10054648,10005378,0
"2021-07-26",10870,5021885,7006,4564347,859,437864,109,40714,20,8685,129,49399,18864,17754.43,10073512,10024113,0
"2021-07-27",12069,5033954,8570,4572917,857,438721,134,40848,38,8723,172,49571,21668,17918.86,10095180,10045609,0
"2021-07-28",12016,5045970,8052,4580969,950,439671,132,40980,27,8750,159,49730,21177,18100,10116357,10066627,0
"2021-07-29",10934,5056904,7432,4588401,984,440655,134,41114,38,8788,172,49902,19522,17961.43,10135879,10085977,0
"2021-07-30",14954,5071858,8015,4596416,1151,441806,182,41296,31,8819,213,50115,24333,18379.14,10160212,10110097,0
"2021-07-31",9724,5081582,6316,4602732,815,442621,121,41417,20,8839,141,50256,16996,18676.14,10177208,10126952,0
"2021-08-01",6500,5088082,3312,4606044,564,443185,81,41498,20,8859,101,50357,10477,19005.29,10187685,10137328,0
"2021-08-02",13450,5101532,7156,4613200,846,444031,145,41643,18,8877,163,50520,21615,19398.29,10209300,10158780,0
"2021-08-03",15412,5116944,8388,4621588,1109,445140,144,41787,38,8915,182,50702,25091,19887.29,10234391,10183689,0
"2021-08-04",17264,5134208,8130,4629718,1454,446594,181,41968,34,8949,215,50917,27063,20728.14,10261454,10210537,0
"2021-08-05",17886,5152094,7929,4637647,1370,447964,160,42128,21,8970,181,51098,27366,21848.71,10288820,10237722,0
"2021-08-06",18178,5170272,8414,4646061,1232,449196,167,42295,32,9002,199,51297,28023,22375.86,10316843,10265546,0
"2021-08-07",13387,5183659,6014,4652075,799,449995,99,42394,28,9030,127,51424,20327,22851.71,10337170,10285746,0
"2021-08-08",9310,5192969,3834,4655909,400,450395,83,42477,10,9040,93,51517,13637,23303.14,10350807,10299290,0
"2021-08-09",21346,5214315,8525,4664434,965,451360,169,42646,34,9074,203,51720,31039,24649.43,10381846,10330126,0
"2021-08-10",18947,5233262,9332,4673766,946,452306,179,42825,33,9107,212,51932,29437,25270.29,10411283,10359351,0
"2021-08-11",15645,5248907,8313,4682079,853,453159,128,42953,45,9152,173,52105,24984,24973.29,10436267,10384162,0
"2021-08-12",15063,5263970,8985,4691064,942,454101,172,43125,34,9186,206,52311,25196,24663.29,10461463,10409152,0
"2021-08-13",14924,5278894,9292,4700356,920,455021,241,43366,37,9223,278,52589,25415,24290.71,10486878,10434289,0
"2021-08-14",10398,5289292,6411,4706767,625,455646,531,43897,40,9263,571,53160,18005,23959,10504883,10451723,0
"2021-08-15",6693,5295985,4479,4711246,676,456322,567,44464,33,9296,600,53760,12448,23789.14,10517331,10463571,0
"2021-08-16",15718,5311703,9301,4720547,1150,457472,1321,45785,65,9361,1386,55146,27555,23291.43,10544886,10489740,0
"2021-08-17",17770,5329473,10457,4731004,1229,458701,1770,47555,84,9445,1854,57000,31310,23559,10576196,10519196,0
"2021-08-18",17496,5346969,10375,4741379,1260,459961,1988,49543,95,9540,2083,59083,31214,24449,10607410,10548327,0
"2021-08-19",16295,5363264,9525,4750904,1315,461276,1956,51499,66,9606,2022,61105,29157,25014.86,10636567,10575462,0
"2021-08-20",16282,5379546,11538,4762442,1254,462530,1859,53358,85,9691,1944,63049,31018,25815.29,10667585,10604536,0
"2021-08-21",11148,5390694,8037,4770479,878,463408,1061,54419,56,9747,1117,64166,21180,26268.86,10688765,10624599,0
"2021-08-22",4078,5394772,3903,4774382,262,463670,515,54934,34,9781,549,64715,8792,25746.57,10697557,10632842,0
"2021-08-23",15584,5410356,11806,4786188,1023,464693,1547,56481,75,9856,1622,66337,30036,26101,10727593,10661256,0
"2021-08-24",16913,5427269,12598,4798786,1006,465699,1775,58256,76,9932,1851,68188,32368,26252.14,10759961,10691773,0
"2021-08-25",14577,5441846,12450,4811236,1111,466810,1564,59820,77,10009,1641,69829,29779,26047.14,10789740,10719911,0
"2021-08-26",16153,5457999,14097,4825333,1071,467881,1773,61593,68,10077,1841,71670,33162,26619.29,10822902,10751232,0
"2021-08-27",14878,5472877,14825,4840158,971,468852,1672,63265,74,10151,1746,73416,32420,26819.57,10855322,10781906,0
"2021-08-28",10681,5483558,11523,4851681,835,469687,1014,64279,46,10197,1060,74476,24099,27236.57,10879421,10804945,0
"2021-08-29",7218,5490776,7493,4859174,541,470228,779,65058,58,10255,837,75313,16089,28279,10895510,10820197,0
"2021-08-30",15523,5506299,16928,4876102,1076,471304,1791,66849,86,10341,1877,77190,35404,29045.86,10930914,10853724,0
"2021-08-31",15512,5521811,15957,4892059,951,472255,1972,68821,88,10429,2060,79250,34480,29347.57,10965394,10886144,0
"2021-09-01",14829,5536640,14104,4906163,1020,473275,1810,70631,61,10490,1871,81121,31824,29639.71,10997218,10916097,0
"2021-09-02",14322,5550962,12525,4918688,896,474171,1707,72338,62,10552,1769,82890,29512,29118.29,11026730,10943840,0
"2021-09-03",15011,5565973,14308,4932996,974,475145,1896,74234,69,10621,1965,84855,32258,29095.14,11058988,10974133,0
"2021-09-04",9646,5575619,9405,4942401,688,475833,976,75210,33,10654,1009,85864,20748,28616.43,11079736,10993872,0
"2021-09-05",6801,5582420,5515,4947916,438,476271,712,75922,16,10670,728,86592,13482,28244,11093218,11006626,0
"2021-09-06",5197,5587617,4512,4952428,358,476629,270,76192,11,10681,281,86873,10348,24664.57,11103566,11016693,0
"2021-09-07",15573,5603190,17702,4970130,912,477541,1555,77747,88,10769,1643,88516,35830,24857.43,11139396,11050880,0
"2021-09-08",16159,5619349,14826,4984956,1072,478613,1772,79519,83,10852,1855,90371,33912,25155.71,11173308,11082937,0
"2021-09-09",16110,5635459,14751,4999707,1047,479660,1915,81434,74,10926,1989,92360,33897,25782.14,11207205,11114845,0
"2021-09-10",18369,5653828,15395,5015102,1208,480868,1973,83407,81,11007,2054,94414,37026,26463.29,11244231,11149817,0
"2021-09-11",12636,5666464,10349,5025451,958,481826,1028,84435,48,11055,1076,95490,25019,27073.43,11269250,11173760,0
"2021-09-12",8538,5675002,5052,5030503,766,482592,691,85126,29,11084,720,96210,15076,27301.14,11284326,11188116,0
"2021-09-13",16931,5691933,12962,5043465,976,483568,1654,86780,53,11137,1707,97917,32576,30476.57,11316902,11218985,0
"2021-09-14",16265,5708198,13676,5057141,886,484454,1595,88375,56,11193,1651,99568,32478,29997.71,11349380,11249812,0
"2021-09-15",15534,5723732,12887,5070028,727,485181,1569,89944,79,11272,1648,101216,30796,29552.57,11380176,11278960,0
"2021-09-16",15338,5739070,13912,5083940,1209,486390,1460,91404,66,11338,1526,102742,31985,29279.43,11412161,11309419,0
"2021-09-17",14434,5753504,13962,5097902,922,487312,1831,93235,57,11395,1888,104630,31206,28448,11443367,11338737,0
"2021-09-18",10000,5763504,10183,5108085,913,488225,1046,94281,41,11436,1087,105717,22183,28042.86,11465550,11359833,0
"2021-09-19",6177,5769681,6073,5114158,558,488783,747,95028,29,11465,776,106493,13584,27829.71,11479134,11372641,0
"2021-09-20",12673,5782354,12633,5126791,1068,489851,1923,96951,58,11523,1981,108474,28355,27226.71,11507489,11399015,0
"2021-09-21",12232,5794586,12768,5139559,1109,490960,2028,98979,77,11600,2105,110579,28214,26617.57,11535703,11425124,0
"2021-09-22",12821,5807407,12005,5151564,1090,492050,1686,100665,68,11668,1754,112333,27670,26171,11563373,11451040,0
"2021-09-23",14934,5822341,12763,5164327,1639,493689,2268,102933,73,11741,2341,114674,31677,26127,11595050,11480376,0
"2021-09-24",16445,5838786,13368,5177695,1636,495325,4627,107560,114,11855,4741,119415,36190,26839,11631240,11511825,0
"2021-09-25",10540,5849326,9023,5186718,1018,496343,3464,111024,75,11930,3539,122954,24120,27115.71,11655360,11532406,0
"2021-09-26",6299,5855625,5762,5192480,773,497116,2425,113449,58,11988,2483,125437,15317,27363.29,11670677,11545240,0
"2021-09-27",14160,5869785,8057,5200537,1155,498271,9068,122517,157,12145,9225,134662,32598,27969.43,11703275,11568613,0
"2021-09-28",11141,5880926,11781,5212318,902,499173,9917,132434,175,12320,10092,144754,33916,28784,11737191,11592437,0
"2021-09-29",11605,5892531,12194,5224512,1205,500378,9452,141886,164,12484,9616,154370,34621,29777,11771812,11617442,0
"2021-09-30",12237,5904768,12605,5237117,1338,501716,9748,151634,174,12658,9922,164292,36102,30409.14,11807914,11643622,0
"2021-10-01",12639,5917407,13433,5250550,1284,503000,10270,161904,147,12805,10417,174709,37773,30635.29,11845687,11670978,0
"2021-10-02",7729,5925136,9977,5260527,865,503865,4244,166148,75,12880,4319,179028,22890,30459.57,11868577,11689549,0
"2021-10-03",5071,5930207,6158,5266685,593,504458,2614,168762,57,12937,2671,181699,14493,30341.86,11883070,11701371,0
"2021-10-04",9909,5940116,11022,5277707,913,505371,9528,178290,141,13078,9669,191368,31513,30186.86,11914583,11723215,0
"2021-10-05",10156,5950272,11739,5289446,972,506343,9939,188229,177,13255,10116,201484,32983,30053.57,11947566,11746082,0
"2021-10-06",9898,5960170,11052,5300498,936,507279,9931,198160,157,13412,10088,211572,31974,29675.43,11979540,11767968,0
"2021-10-07",9615,5969785,12155,5312653,850,508129,10180,208340,168,13580,10348,221920,32968,29227.71,12012508,11790588,0
"2021-10-08",9451,5979236,12175,5324828,941,509070,10913,219253,163,13743,11076,232996,33643,28637.71,12046151,11813155,0
"2021-10-09",6243,5985479,8236,5333064,643,509713,4119,223372,87,13830,4206,237202,19328,28128.86,12065479,11828277,0
"2021-10-10",3542,5989021,5028,5338092,458,510171,2433,225805,43,13873,2476,239678,11504,27701.86,12076983,11837305,0
"2021-10-11",7617,5996638,9329,5347421,728,510899,8888,234693,164,14037,9052,248730,26726,27018,12103709,11854979,0
"2021-10-12",8071,6004709,10996,5358417,891,511790,10520,245213,180,14217,10700,259430,30658,26685.86,12134367,11874937,0
"2021-10-13",7151,6011860,10146,5368563,869,512659,8801,254014,177,14394,8978,268408,27144,25995.86,12161511,11893103,0
"2021-10-14",7437,6019297,11114,5379677,836,513495,10123,264137,160,14554,10283,278691,29670,25524.71,12191181,11912490,0
"2021-10-15",7722,6027019,11851,5391528,823,514318,10824,274961,170,14724,10994,289685,31390,25202.86,12222571,11932886,0
"2021-10-16",4863,6031882,7469,5398997,666,514984,3844,278805,65,14789,3909,293594,16907,24857,12239478,11945884,0
"2021-10-17",3056,6034938,4474,5403471,411,515395,2451,281256,43,14832,2494,296088,10435,24704.29,12249913,11953825,0
"2021-10-18",7048,6041986,10665,5414136,796,516191,9484,290740,175,15007,9659,305747,28168,24910.29,12278081,11972334,0
"2021-10-19",6572,6048558,8946,5423082,804,516995,9094,299834,169,15176,9263,315010,25585,24185.57,12303666,11988656,0
"2021-10-20",6530,6055088,9372,5432454,975,517970,10000,309834,172,15348,10172,325182,27049,24172,12330715,12005533,0
"2021-10-21",7025,6062113,9385,5441839,858,518828,10846,320680,150,15498,10996,336178,28264,23971.14,12358979,12022801,0
"2021-10-22",8117,6070230,10345,5452184,1026,519854,16351,337031,213,15711,16564,352742,36052,24637.14,12395031,12042289,0
"2021-10-23",5165,6075395,6459,5458643,690,520544,9125,346156,114,15825,9239,361981,21553,25300.86,12416584,12054603,0
"2021-10-24",3273,6078668,3970,5462613,769,521313,6157,352313,76,15901,6233,368214,14245,25845.14,12430829,12062615,0
"2021-10-25",8758,6087426,8742,5471355,1150,522463,19255,371568,292,16193,19547,387761,38197,27277.86,12469026,12081265,0
"2021-10-26",8196,6095622,7722,5479077,1258,523721,17292,388860,263,16456,17555,405316,34731,28584.43,12503757,12098441,0
"2021-10-27",10553,6106175,8392,5487469,1605,525326,20863,409723,316,16772,21179,426495,41729,30681.57,12545486,12118991,0
"2021-10-28",11326,6117501,8034,5495503,1793,527119,20849,430572,315,17087,21164,447659,42317,32689.14,12587803,12140144,0
"2021-10-29",11852,6129353,8239,5503742,1958,529077,22540,453112,323,17410,22863,470522,44913,33955,12632716,12162194,0
"2021-10-30",4632,6133985,5063,5508805,930,530007,11173,464285,161,17571,11334,481856,21959,34013,12654675,12172819,0
"2021-10-31",2663,6136648,2701,5511506,544,530551,6637,470922,99,17670,6736,488592,12644,33784.29,12667319,12178727,0
"2021-11-01",7133,6143781,6955,5518461,1089,531640,20389,491311,321,17991,20710,509302,35887,33454.29,12703206,12193904,0
"2021-11-02",6578,6150359,6590,5525051,1054,532694,20789,512100,264,18255,21053,530355,35275,33532,12738481,12208126,0
"2021-11-03",6848,6157207,6682,5531733,1026,533720,20631,532731,305,18560,20936,551291,35494,32641.29,12773975,12222684,0
"2021-11-04",9309,6166516,6278,5538011,996,534716,22369,555100,344,18904,22713,574004,39296,32209.71,12813271,12239267,0
"2021-11-05",11048,6177564,6722,5544733,1051,535767,23766,578866,349,19253,24115,598119,42936,31927.29,12856207,12258088,0
"2021-11-06",11129,6188693,4052,5548785,594,536361,12596,591462,166,19419,12762,610881,28537,32867,12884744,12273863,0
"2021-11-07",7254,6195947,2286,5551071,577,536938,7109,598571,94,19513,7203,618084,17320,33535,12902064,12283980,0
"2021-11-08",15049,6210996,5680,5556751,864,537802,19519,618090,273,19786,19792,637876,41385,34320.43,12943449,12305573,0
"2021-11-09",16147,6227143,5389,5562140,660,538462,20517,638607,267,20053,20784,658660,42980,35421.14,12986429,12327769,0
"2021-11-10",16927,6244070,5322,5567462,683,539145,22655,661262,287,20340,22942,681602,45874,36904,13032303,12350701,0
"2021-11-11",12565,6256635,5184,5572646,759,539904,22092,683354,286,20626,22378,703980,40886,37131.14,13073189,12369209,0
"2021-11-12",16885,6273520,5685,5578331,705,540609,23414,706768,351,20977,23765,727745,47040,37717.43,13120229,12392484,0
"2021-11-13",9937,6283457,3663,5581994,463,541072,13330,720098,178,21155,13508,741253,27571,37579.43,13147800,12406547,0
"2021-11-14",6009,6289466,2291,5584285,325,541397,7937,728035,76,21231,8013,749266,16638,37482,13164438,12415172,0
"2021-11-15",13211,6302677,5973,5590258,690,542087,25117,753152,354,21585,25471,774737,45345,38047.71,13209783,12435046,0
"2021-11-16",9962,6312639,5782,5596040,654,542741,30672,783824,416,22001,31088,805825,47487,38691.57,13257270,12451445,0
"2021-11-17",10301,6322940,6672,5602712,681,543422,31424,815248,408,22409,31832,837657,49486,39207.57,13306756,12469099,0
"2021-11-18",10724,6333664,6540,5609252,857,544279,33016,848264,451,22860,33467,871124,51588,40736.43,13358344,12487220,0
"2021-11-19",12015,6345679,6546,5615798,715,544994,36251,884515,449,23309,36700,907824,55976,42013,13414320,12506496,0
"2021-11-20",9327,6355006,3417,5619215,513,545507,22517,907032,253,23562,22770,930594,36027,43221,13450347,12519753,0
"2021-11-21",4941,6359947,1888,5621103,288,545795,13208,920240,149,23711,13357,943951,20474,43769,13470821,12526870,0
"2021-11-22",10427,6370374,5787,5626890,750,546545,35944,956184,432,24143,36376,980327,53341,44911.29,13524162,12543835,0
"2021-11-23",9780,6380154,4784,5631674,636,547181,33532,989716,367,24510,33899,1014226,49100,45141.71,13573262,12559036,0
"2021-11-24",8701,6388855,4750,5636424,650,547831,25927,1015643,279,24789,26206,1040432,40307,43830.43,13613569,12573137,0
"2021-11-25",448,6389303,326,5636750,80,547911,1002,1016645,10,24799,1012,1041444,1866,36727.29,13615435,12573991,0
"2021-11-26",8055,6397358,6987,5643737,528,548439,26598,1043243,290,25089,26888,1068332,42458,34796.14,13657893,12589561,0
"2021-11-27",6678,6404036,6832,5650569,371,548810,18850,1062093,218,25307,19068,1087400,32950,34356.57,13690843,12603443,0
"2021-11-28",4075,6408111,5791,5656360,282,549092,11896,1073989,116,25423,12012,1099412,22160,34597.43,13713003,12613591,0
"2021-11-29",9103,6417214,10998,5667358,687,549779,35087,1109076,425,25848,35512,1134924,56300,35020.14,13769303,12634379,0
"2021-11-30",10497,6427711,11443,5678801,513,550292,37795,1146871,486,26334,38281,1173205,60734,36682.14,13830037,12656832,0
"2021-12-01",11180,6438891,10983,5689784,725,551017,40366,1187237,432,26766,40798,1214003,63687,40022.14,13893724,12679721,0
"2021-12-02",11652,6450543,11038,5700822,626,551643,42171,1229408,448,27214,42619,1256622,65935,49174.86,13959659,12703037,0
"2021-12-03",13470,6464013,12891,5713713,674,552317,47963,1277371,509,27723,48472,1305094,75507,53896.14,14035166,12730072,0
"2021-12-04",9852,6473865,11291,5725004,567,552884,30685,1308056,303,28026,30988,1336082,52698,56717.29,14087864,12751782,0
"2021-12-05",5757,6479622,5704,5730708,270,553154,16662,1324718,126,28152,16788,1352870,28519,57625.71,14116383,12763513,0
"2021-12-06",12325,6491947,9964,5740672,600,553754,43261,1367979,439,28591,43700,1396570,66589,59095.57,14182972,12786402,0
"2021-12-07",12576,6504523,9256,5749928,624,554378,43062,1411041,492,29083,43554,1440124,66010,59849.29,14248982,12808858,0
"2021-12-08",13522,6518045,8775,5758703,555,554933,40809,1451850,462,29545,41271,1481395,64123,59911.57,14313105,12831710,0
"2021-12-09",13482,6531527,8751,5767454,555,555488,40840,1492690,482,30027,41322,1522717,64110,59650.86,14377215,12854498,0
"2021-12-10",14028,6545555,10149,5777603,670,556158,43686,1536376,484,30511,44170,1566887,69017,58723.71,14446232,12879345,0
"2021-12-11",10274,6555829,8128,5785731,405,556563,26708,1563084,272,30783,26980,1593867,45788,57736.57,14492020,12898153,0
"2021-12-12",6015,6561844,3855,5789586,288,556851,15174,1578258,131,30914,15305,1609172,25463,57300,14517483,12908311,0
"2021-12-13",12218,6574062,7435,5797021,657,557508,37891,1616149,391,31305,38282,1647454,58592,56157.57,14576075,12928621,0
"2021-12-14",12228,6586290,6960,5803981,730,558238,38163,1654312,426,31731,38589,1686043,58507,55085.71,14634582,12948539,0
"2021-12-15",12097,6598387,6246,5810227,755,558993,38146,1692458,480,32211,38626,1724669,57725,54171.71,14692307,12967638,0
"2021-12-16",13166,6611553,4279,5814506,742,559735,41103,1733561,441,32652,41544,1766213,59731,53546.14,14752038,12985825,0
"2021-12-17",15939,6627492,6932,5821438,620,560355,46800,1780361,470,33122,47270,1813483,70761,53795.29,14822799,13009316,0
"2021-12-18",13016,6640508,5722,5827160,432,560787,30629,1810990,266,33388,30895,1844378,50065,54406.29,14872864,13028486,0
"2021-12-19",7014,6647522,2992,5830152,326,561113,18015,1829005,170,33558,18185,1862563,28517,54842.57,14901381,13038818,0
"2021-12-20",16852,6664374,5868,5836020,746,561859,47478,1876483,561,34119,48039,1910602,71505,56687.29,14972886,13062284,0
"2021-12-21",17959,6682333,6569,5842589,806,562665,48931,1925414,577,34696,49508,1960110,74842,59020.86,15047728,13087618,0
"2021-12-22",18539,6700872,6564,5849153,938,563603,49736,1975150,526,35222,50262,2010372,76303,61674.86,15124031,13113659,0
"2021-12-23",19036,6719908,6490,5855643,930,564533,45875,2021025,516,35738,46391,2056763,72847,63548.57,15196878,13140115,0
"2021-12-24",9233,6729141,2955,5858598,598,565131,20602,2041627,210,35948,20812,2077575,33598,58239.57,15230476,13152901,0
"2021-12-25",344,6729485,63,5858661,31,565162,427,2042054,8,35956,435,2078010,873,51212.14,15231349,13153339,0
"2021-12-26",7960,6737445,3926,5862587,340,565502,17289,2059343,172,36128,17461,2095471,29687,51379.29,15261036,13165565,0
"2021-12-27",21784,6759229,9201,5871788,934,566436,43456,2102799,543,36671,43999,2139470,75918,52009.71,15336954,13197484,0
"2021-12-28",20160,6779389,8333,5880121,701,567137,47587,2150386,604,37275,48191,2187661,77385,52373,15414339,13226678,0
"2021-12-29",18496,6797885,7671,5887792,607,567744,45582,2195968,474,37749,46056,2233717,72830,51876.86,15487169,13253452,0
"2021-12-30",16886,6814771,7423,5895215,588,568332,44850,2240818,577,38326,45427,2279144,70324,51516.43,15557493,13278349,0
"2021-12-31",5355,6820126,2806,5898021,193,568525,14771,2255589,180,38506,14951,2294095,23305,50046,15580798,13286703,0
"2022-01-01",243,6820369,147,5898168,12,568537,501,2256090,22,38528,523,2294618,925,50053.43,15581723,13287105,0
"2022-01-02",6428,6826797,5022,5903190,153,568690,10982,2267072,110,38638,11092,2305710,22695,49054.57,15604418,13298708,0
"2022-01-03",14127,6840924,8504,5911694,514,569204,26947,2294019,341,38979,27288,2332998,50433,45413.86,15654851,13321853,0
"2022-01-04",12821,6853745,8121,5919815,415,569619,27232,2321251,359,39338,27591,2360589,48948,41351.43,15703799,13343210,0
"2022-01-05",11343,6865088,7009,5926824,382,570001,25975,2347226,308,39646,26283,2386872,45017,37378.14,15748816,13361944,0
"2022-01-06",11399,6876487,7387,5934211,483,570484,27597,2374823,332,39978,27929,2414801,47198,34074.43,15796014,13381213,0
"2022-01-07",10299,6886786,8432,5942643,338,570822,25097,2399920,316,40294,25413,2440214,44483,37099.86,15840497,13400283,0
"2022-01-08",7851,6894637,8561,5951204,310,571132,19473,2419393,179,40473,19652,2459866,36375,42164.14,15876872,13417006,0
"2022-01-09",4127,6898764,3844,5955048,214,571346,10066,2429459,93,40566,10159,2470025,18344,41542.57,15895216,13425191,0
"2022-01-10",10174,6908938,8192,5963240,490,571836,24614,2454073,297,40863,24911,2494936,43767,40590.29,15938983,13444047,0
"2022-01-11",8885,6917823,7988,5971228,521,572357,21026,2475099,285,41148,21311,2516247,38707,39127.29,15977690,13461443,0
"2022-01-12",8932,6926755,8328,5979556,427,572784,22348,2497447,286,41434,22634,2538881,40321,38456.43,16018011,13479130,0
"2022-01-13",9046,6935801,8865,5988421,451,573235,22885,2520332,315,41749,23200,2562081,41563,37651.43,16059574,13497493,0
"2022-01-14",10101,6945902,8118,5996539,476,573711,26434,2546766,326,42075,26760,2588841,45455,37790.29,16105029,13516188,0
"2022-01-15",6205,6952107,4307,6000846,178,573889,15145,2561911,177,42252,15322,2604163,26012,36309.86,16131041,13526878,0
"2022-01-16",2915,6955022,3249,6004095,95,573984,7826,2569737,83,42335,7909,2612072,14168,35713.29,16145209,13533137,0
"2022-01-17",6071,6961093,6752,6010847,363,574347,14685,2584422,217,42552,14902,2626974,28088,33473.43,16173297,13546323,0
"2022-01-18",8153,6969246,10322,6021169,396,574743,19672,2604094,315,42867,19987,2646961,38858,33495,16212155,13565194,0
"2022-01-19",7457,6976703,9246,6030415,304,575047,17725,2621819,269,43136,17994,2664955,35002,32735.14,16247157,13582202,0
"2022-01-20",6273,6982976,8562,6038977,305,575352,15258,2637077,242,43378,15500,2680455,30640,31174.71,16277797,13597342,0
"2022-01-21",7563,6990539,7508,6046485,276,575628,18514,2655591,280,43658,18794,2699249,34141,29558.43,16311938,13612689,0
"2022-01-22",5185,6995724,4935,6051420,131,575759,11326,2666917,126,43784,11452,2710701,21703,28942.86,16333641,13622940,0
"2022-01-23",2810,6998534,3327,6054747,97,575856,6231,2673148,76,43860,6307,2717008,12541,28710.43,16346182,13629174,0
"2022-01-24",6358,7004892,8206,6062953,262,576118,15079,2688227,238,44098,15317,2732325,30143,29004,16376325,13644000,0
"2022-01-25",6184,7011076,7935,6070888,232,576350,14696,2702923,257,44355,14953,2747278,29304,27639.14,16405629,13658351,0
"2022-01-26",5747,7016823,7175,6078063,289,576639,14020,2716943,209,44564,14229,2761507,27440,26558.86,16433069,13671562,0
"2022-01-27",5250,7022073,7092,6085155,321,576960,14088,2731031,230,44794,14318,2775825,26981,26036.14,16460050,13684225,0
"2022-01-28",6251,7028324,7876,6093031,203,577163,16134,2747165,238,45032,16372,2792197,30702,25544.86,16490752,13698555,0
"2022-01-29",840,7029164,728,6093759,28,577191,2539,2749704,39,45071,2578,2794775,4174,23040.71,16494926,13700151,0
"2022-01-30",2094,7031258,3022,6096781,103,577294,4538,2754242,63,45134,4601,2799376,9820,22652,16504746,13705370,0
"2022-01-31",4999,7036257,6593,6103374,220,577514,11394,2765636,198,45332,11592,2810968,23404,21689.29,16528150,13717182,0
"2022-02-01",4828,7041085,6438,6109812,219,577733,10720,2776356,217,45549,10937,2821905,22422,20706.14,16550572,13728667,0
"2022-02-02",4254,7045339,5932,6115744,213,577946,11236,2787592,243,45792,11479,2833384,21878,19911.57,16572450,13739066,0
"2022-02-03",4224,7049563,5815,6121559,216,578162,11219,2798811,202,45994,11421,2844805,21676,19153.71,16594126,13749321,0
"2022-02-04",4762,7054325,7114,6128673,214,578376,13221,2812032,237,46231,13458,2858263,25548,18417.43,16619674,13761411,0
"2022-02-05",3577,7057902,6049,6134722,110,578486,8579,2820611,152,46383,8731,2866994,18467,20459.29,16638141,13771147,0
"2022-02-06",2062,7059964,2137,6136859,121,578607,4637,2825248,102,46485,4739,2871733,9060,20350.71,16647201,13775468,0
"2022-02-07",4152,7064116,4729,6141588,205,578812,10135,2835383,232,46717,10367,2882100,19453,19786.29,16666654,13784554,0
"2022-02-08",4215,7068331,5609,6147197,214,579026,11332,2846715,303,47020,11635,2893735,21673,19679.29,16688327,13794592,0
"2022-02-09",4131,7072462,5405,6152602,223,579249,11663,2858378,254,47274,11917,2905652,21676,19650.43,16710003,13804351,0
"2022-02-10",3992,7076454,5124,6157726,245,579494,12200,2870578,285,47559,12485,2918137,21846,19674.71,16731849,13813712,0
"2022-02-11",4512,7080966,5808,6163534,195,579689,13735,2884313,318,47877,14053,2932190,24568,19534.71,16756417,13824227,0
"2022-02-12",3257,7084223,4342,6167876,97,579786,8810,2893123,213,48090,9023,2941213,16719,19285,16773136,13831923,0
"2022-02-13",1522,7085745,1543,6169419,41,579827,4879,2898002,111,48201,4990,2946203,8096,19147.29,16781232,13835029,0
"2022-02-14",2982,7088727,3624,6173043,167,579994,10570,2908572,324,48525,10894,2957097,17667,18892.14,16798899,13841802,0
"2022-02-15",3551,7092278,4076,6177119,175,580169,12785,2921357,281,48806,13066,2970163,20868,18777.14,16819767,13849604,0
"2022-02-16",3649,7095927,3907,6181026,200,580369,15731,2937088,294,49100,16025,2986188,23781,19077.86,16843548,13857360,0
"2022-02-17",4034,7099961,4082,6185108,162,580531,18278,2955366,356,49456,18634,3004822,26912,19801.57,16870460,13865638,0
"2022-02-18",4466,7104427,4788,6189896,189,580720,21537,2976903,452,49908,21989,3026811,31432,20782.14,16901892,13875081,0
"2022-02-19",3251,7107678,2182,6192078,65,580785,11182,2988085,216,50124,11398,3038209,16896,20807.43,16918788,13880579,0
"2022-02-20",1857,7109535,1444,6193522,59,580844,6586,2994671,112,50236,6698,3044907,10058,21087.71,16928846,13883939,0
"2022-02-21",3083,7112618,2695,6196217,95,580939,8352,3003023,229,50465,8581,3053488,14454,20628.71,16943300,13889812,0
"2022-02-22",4377,7116995,4251,6200468,175,581114,10838,3013861,249,50714,11087,3064575,19890,20489,16963190,13898615,0
"2022-02-23",4260,7121255,3788,6204256,145,581259,10671,3024532,240,50954,10911,3075486,19104,19820.86,16982294,13906808,0
"2022-02-24",3794,7125049,3657,6207913,108,581367,10192,3034724,227,51181,10419,3085905,17978,18544.57,17000272,13914367,0
"2022-02-25",3615,7128664,3628,6211541,135,581502,9981,3044705,237,51418,10218,3096123,17596,16568,17017868,13921745,0
"2022-02-26",2834,7131498,2579,6214120,74,581576,9515,3054220,152,51570,9667,3105790,15154,16319.14,17033022,13927232,0
"2022-02-27",1770,7133268,1374,6215494,52,581628,6266,3060486,102,51672,6368,3112158,9564,16248.57,17042586,13930428,0
"2022-02-28",3798,7137066,3134,6218628,141,581769,13134,3073620,247,51919,13381,3125539,20454,17105.71,17063040,13937501,0
"2022-03-01",2134,7139200,2628,6221256,103,581872,5178,3078798,185,52104,5363,3130902,10228,15725.43,17073268,13942366,0
"2022-03-02",1836,7141036,2443,6223699,107,581979,4131,3082929,208,52312,4339,3135241,8725,14242.71,17081993,13946752,0
"2022-03-03",1935,7142971,2557,6226256,106,582085,3799,3086728,169,52481,3968,3139209,8566,12898.14,17090559,13951350,0
"2022-03-04",2124,7145095,2874,6229130,66,582151,4329,3091057,207,52688,4536,3143745,9600,11755.86,17100159,13956414,0
"2022-03-05",1612,7146707,2123,6231253,43,582194,3320,3094377,115,52803,3435,3147180,7213,10621.43,17107372,13960192,0
"2022-03-06",797,7147504,879,6232132,30,582224,1624,3096001,55,52858,1679,3148859,3385,9738.71,17110757,13961898,0
"2022-03-07",1668,7149172,1786,6233918,86,582310,3499,3099500,161,53019,3660,3152519,7200,7845.29,17117957,13965438,0
"2022-03-08",1550,7150722,1894,6235812,79,582389,3125,3102625,149,53168,3274,3155793,6797,7355.14,17124754,13968961,0
"2022-03-09",1266,7151988,1680,6237492,79,582468,2587,3105212,130,53298,2717,3158510,5742,6929,17130496,13971986,0
"2022-03-10",1418,7153406,2101,6239593,85,582553,2961,3108173,162,53460,3123,3161633,6727,6666.29,17137223,13975590,0
"2022-03-11",1599,7155005,2273,6241866,81,582634,3210,3111383,190,53650,3400,3165033,7353,6345.29,17144576,13979543,0
"2022-03-12",879,7155884,1415,6243281,42,582676,2007,3113390,75,53725,2082,3167115,4418,5946,17148994,13981879,0
"2022-03-13",624,7156508,757,6244038,28,582704,1292,3114682,47,53772,1339,3168454,2748,5855,17151742,13983288,0
"2022-03-14",1374,7157882,1608,6245646,83,582787,2989,3117671,208,53980,3197,3171651,6262,5721,17158004,13986353,0
"2022-03-15",1359,7159241,1927,6247573,63,582850,3068,3120739,230,54210,3298,3174949,6647,5699.57,17164651,13989702,0
"2022-03-16",1397,7160638,2066,6249639,94,582944,3137,3123876,296,54506,3433,3178382,6990,5877.86,17171641,13993259,0
"2022-03-17",1193,7161831,1806,6251445,70,583014,2761,3126637,266,54772,3027,3181409,6096,5787.71,17177737,13996328,0
"2022-03-18",1593,7163424,2218,6253663,79,583093,3771,3130408,416,55188,4187,3185596,8077,5891.14,17185814,14000218,0
"2022-03-19",1112,7164536,1732,6255395,54,583147,2601,3133009,227,55415,2828,3188424,5726,6078,17191540,14003116,0
"2022-03-20",610,7165146,629,6256024,33,583180,1465,3134474,186,55601,1651,3190075,2923,6103,17194463,14004388,0
"2022-03-21",1420,7166566,1554,6257578,72,583252,3057,3137531,357,55958,3414,3193489,6460,6131.29,17200923,14007434,0
"2022-03-22",1345,7167911,1555,6259133,101,583353,2904,3140435,344,56302,3248,3196737,6249,6074.43,17207172,14010435,0
"2022-03-23",1260,7169171,1360,6260493,66,583419,2922,3143357,374,56676,3296,3200033,5982,5930.43,17213154,14013121,0
"2022-03-24",1213,7170384,1299,6261792,90,583509,2519,3145876,269,56945,2788,3202821,5390,5829.57,17218544,14015723,0
"2022-03-25",1387,7171771,1630,6263422,62,583571,3265,3149141,379,57324,3644,3206465,6723,5636.14,17225267,14018802,0
"2022-03-26",926,7172697,1162,6264584,36,583607,2307,3151448,251,57575,2558,3209023,4682,5487,17229949,14020926,0
"2022-03-27",574,7173271,528,6265112,29,583636,1312,3152760,204,57779,1516,3210539,2647,5447.57,17232596,14022057,0
"2022-03-28",1085,7174356,1164,6266276,69,583705,2439,3155199,363,58142,2802,3213341,5120,5256.14,17237716,14024375,0
"2022-03-29",1052,7175408,1104,6267380,85,583790,2514,3157713,879,59021,3393,3216734,5634,5168.29,17243350,14026616,0
"2022-03-30",1247,7176655,1142,6268522,98,583888,3063,3160776,3407,62428,6470,3223204,8957,5593.29,17252307,14029103,0
"2022-03-31",1288,7177943,1259,6269781,57,583945,3167,3163943,5505,67933,8672,3231876,11277,6434.29,17263584,14031708,0
"2022-04-01",1429,7179372,1496,6271277,76,584021,3250,3167193,6903,74836,10153,3242029,13154,7353,17276738,14034709,0
"2022-04-02",911,7180283,912,6272189,33,584054,2096,3169289,4526,79362,6622,3248651,8478,7895.29,17285216,14036565,0
"2022-04-03",559,7180842,497,6272686,28,584082,1223,3170512,3050,82412,4273,3252924,5357,8282.43,17290573,14037649,0
"2022-04-04",1353,7182195,1307,6273993,61,584143,2737,3173249,7697,90109,10434,3263358,13155,9430.29,17303728,14040370,0
"2022-04-05",1302,7183497,1161,6275154,66,584209,2853,3176102,7482,97591,10335,3273693,12864,10463.14,17316592,14042899,0
"2022-04-06",1344,7184841,1180,6276334,61,584270,2624,3178726,6954,104545,9578,3283271,12163,10921.14,17328755,14045484,0
"2022-04-07",1207,7186048,1066,6277400,57,584327,2376,3181102,6609,111154,8985,3292256,11315,10926.57,17340070,14047814,0
"2022-04-08",1482,7187530,1408,6278808,61,584388,3174,3184276,8777,119931,11951,3304207,14902,11176.29,17354972,14050765,0
"2022-04-09",915,7188445,924,6279732,29,584417,2082,3186358,4944,124875,7026,3311233,8894,11235.71,17363866,14052633,0
"2022-04-10",584,7189029,461,6280193,25,584442,1169,3187527,2896,127771,4065,3315298,5135,11204,17369001,14053703,0
"2022-04-11",1311,7190340,1241,6281434,59,584501,2667,3190194,7799,135570,10466,3325764,13077,11192.86,17382078,14056314,0
"2022-04-12",1222,7191562,1058,6282492,73,584574,2527,3192721,7413,142983,9940,3335704,12293,11111.29,17394371,14058667,0
"2022-04-13",1240,7192802,1079,6283571,59,584633,2518,3195239,7533,150516,10051,3345755,12429,11149.29,17406800,14061045,0
"2022-04-14",1274,7194076,1099,6284670,59,584692,2446,3197685,6569,157085,9015,3354770,11447,11168.14,17418247,14063477,0
"2022-04-15",1339,7195415,1099,6285769,53,584745,2573,3200258,6615,163700,9188,3363958,11679,10707.71,17429926,14065968,0
"2022-04-16",859,7196274,654,6286423,34,584779,1646,3201904,3679,167379,5325,3369283,6872,10418.86,17436798,14067515,0
"2022-04-17",346,7196620,202,6286625,27,584806,639,3202543,1156,168535,1795,3371078,2370,10023.86,17439168,14068090,0
"2022-04-18",1392,7198012,1119,6287744,82,584888,2587,3205130,6410,174945,8997,3380075,11590,9811.43,17450758,14070683,0
"2022-04-19",1423,7199435,938,6288682,72,584960,2578,3207708,5741,180686,8319,3388394,10752,9591.29,17461510,14073116,0
"2022-04-20",1318,7200753,1160,6289842,65,585025,2717,3210425,6621,187307,9338,3397732,11881,9513,17473391,14075659,0
"2022-04-21",1229,7201982,1063,6290905,53,585078,2332,3212757,5336,192643,7668,3405400,10013,9308.14,17483404,14078004,0
"2022-04-22",1216,7203198,1025,6291930,46,585124,2203,3214960,5635,198278,7838,3413238,10126,9086.29,17493530,14080292,0
"2022-04-23",717,7203915,749,6292679,59,585183,1429,3216389,3345,201623,4774,3418012,6299,9004.43,17499829,14081817,0
"2022-04-24",442,7204357,338,6293017,27,585210,813,3217202,1811,203434,2624,3420636,3431,9156,17503260,14082624,0
"2022-04-25",1033,7205390,917,6293934,64,585274,1851,3219053,5089,208523,6940,3427576,8954,8779.43,17512214,14084638,0
"2022-04-26",952,7206342,858,6294792,76,585350,1751,3220804,4689,213212,6440,3434016,8326,8432.86,17520540,14086524,0
"2022-04-27",1039,7207381,1025,6295817,80,585430,1930,3222734,5204,218416,7134,3441150,9278,8061,17529818,14088668,0
"2022-04-28",1092,7208473,989,6296806,50,585480,2005,3224739,4726,223142,6731,3447881,8862,7896.57,17538680,14090799,0
"2022-04-29",1192,7209665,1107,6297913,60,585540,2161,3226900,5392,228534,7553,3455434,9912,7866,17548592,14093158,0
"2022-04-30",728,7210393,744,6298657,50,585590,1392,3228292,2956,231490,4348,3459782,5870,7804.71,17554462,14094680,0
"2022-05-01",445,7210838,366,6299023,20,585610,767,3229059,1656,233146,2423,3462205,3254,7779.43,17557716,14095511,0
"2022-05-02",1058,7211896,793,6299816,52,585662,1676,3230735,3813,236959,5489,3467694,7392,7556.29,17565108,14097414,0
"2022-05-03",1124,7213020,865,6300681,61,585723,1999,3232734,4858,241817,6857,3474551,8907,7639.29,17574015,14099464,0
"2022-05-04",1018,7214038,884,6301565,48,585771,1920,3234654,4641,246458,6561,3481112,8511,7529.71,17582526,14101414,0
"2022-05-05",1074,7215112,955,6302520,86,585857,1924,3236578,4867,251325,6791,3487903,8906,7536,17591432,14103529,0
"2022-05-06",1094,7216206,961,6303481,51,585908,1867,3238445,4383,255708,6250,3494153,8356,7313.71,17599788,14105635,0
"2022-05-07",659,7216865,593,6304074,32,585940,1206,3239651,2425,258133,3631,3497784,4915,7177.29,17604703,14106919,0
"2022-05-08",417,7217282,246,6304320,17,585957,665,3240316,1381,259514,2046,3499830,2726,7101.86,17607429,14107599,0
"2022-05-09",1087,7218369,947,6305267,60,586017,1891,3242207,4418,263932,6309,3506139,8403,7246.29,17615832,14109693,0
"2022-05-10",1099,7219468,932,6306199,54,586071,1987,3244194,4709,268641,6696,3512835,8781,7228.29,17624613,14111778,0
"2022-05-11",1095,7220563,980,6307179,44,586115,1944,3246138,4826,273467,6770,3519605,8889,7282.29,17633502,14113897,0
"2022-05-12",1108,7221671,951,6308130,60,586175,2001,3248139,4657,278124,6658,3526263,8777,7263.86,17642279,14116016,0
"2022-05-13",1163,7222834,1043,6309173,44,586219,2061,3250200,4784,282908,6845,3533108,9095,7369.43,17651374,14118266,0
"2022-05-14",832,7223666,670,6309843,31,586250,1472,3251672,2941,285849,4413,3537521,5946,7516.71,17657320,14119799,0
"2022-05-15",512,7224178,357,6310200,22,586272,924,3252596,1645,287494,2569,3540090,3460,7621.57,17660780,14120690,0
"2022-05-16",1232,7225410,860,6311060,62,586334,1831,3254427,3855,291349,5686,3545776,7840,7541.14,17668620,14122844,0
"2022-05-17",1300,7226710,928,6311988,79,586413,2048,3256475,4875,296224,6923,3552699,9230,7605.29,17677850,14125151,0
"2022-05-18",1247,7227957,901,6312889,82,586495,2067,3258542,4917,301141,6984,3559683,9214,7651.71,17687064,14127381,0
"2022-05-19",1173,7229130,882,6313771,36,586531,2119,3260661,4713,305854,6832,3566515,8923,7672.57,17695987,14129472,0
"2022-05-20",1205,7230335,963,6314734,74,586605,2366,3263027,5189,311043,7555,3574070,9799,7773.14,17705786,14131716,0
"2022-05-21",839,7231174,650,6315384,23,586628,1724,3264751,3288,314331,5012,3579082,6525,7855.86,17712311,14133229,0
"2022-05-22",511,7231685,290,6315674,22,586650,1135,3265886,1839,316170,2974,3582056,3797,7904,17716108,14134052,0
"2022-05-23",1226,7232911,890,6316564,52,586702,2187,3268073,4694,320864,6881,3588937,9049,8076.71,17725157,14136220,0
"2022-05-24",1435,7234346,944,6317508,66,586768,2296,3270369,4465,325329,6761,3595698,9207,8073.43,17734364,14138666,0
"2022-05-25",1438,7235784,960,6318468,56,586824,2264,3272633,4238,329567,6502,3602200,8957,8036.71,17743321,14141121,0
"2022-05-26",1185,7236969,885,6319353,60,586884,2262,3274895,4131,333698,6393,3608593,8524,7979.71,17751845,14143252,0
"2022-05-27",1258,7238227,958,6320311,38,586922,2491,3277386,3895,337593,6386,3614979,8641,7814.29,17760486,14145507,0
"2022-05-28",721,7238948,515,6320826,19,586941,1780,3279166,2062,339655,3842,3618821,5097,7610.29,17765583,14146762,0
"2022-05-29",476,7239424,218,6321044,11,586952,761,3279927,1117,340772,1878,3620699,2583,7436.86,17768166,14147467,0
"2022-05-30",91,7239515,57,6321101,6,586958,139,3280066,145,340917,284,3620983,438,6206.71,17768604,14147621,0
"2022-05-31",1144,7240659,920,6322021,51,587009,1886,3281952,3051,343968,4937,3625920,7052,5898.86,17775656,14149736,0
"2022-06-01",1163,7241822,850,6322871,63,587072,1966,3283918,3408,347376,5374,3631294,7450,5683.57,17783106,14151812,0
"2022-06-02",1037,7242859,802,6323673,72,587144,1822,3285740,3159,350535,4981,3636275,6892,5450.43,17789998,14153723,0
"2022-06-03",1174,7244033,893,6324566,47,587191,2056,3287796,3480,354015,5536,3641811,7650,5308.86,17797648,14155837,0
"2022-06-04",729,7244762,582,6325148,26,587217,1552,3289348,1896,355911,3448,3645259,4787,5264.57,17802435,14157176,0
"2022-06-05",451,7245213,297,6325445,1,587218,881,3290229,978,356889,1859,3647118,2608,5268.14,17805043,14157925,0
"2022-06-06",1127,7246340,828,6326273,64,587282,1753,3291982,2727,359616,4480,3651598,6499,6134,17811542,14159944,0
"2022-06-07",1030,7247370,768,6327041,70,587352,1779,3293761,2560,362176,4339,3655937,6207,6013.29,17817749,14161812,0
"2022-06-08",1100,7248470,837,6327878,75,587427,1872,3295633,2736,364912,4608,3660545,6621,5894.86,17824370,14163825,0
"2022-06-09",1147,7249617,839,6328717,61,587488,2219,3297852,2683,367595,4902,3665447,6949,5903,17831319,14165872,0
"2022-06-10",1053,7250670,820,6329537,75,587563,1879,3299731,2815,370410,4694,3670141,6642,5759,17837961,14167820,0
"2022-06-11",682,7251352,507,6330044,25,587588,1322,3301053,1503,371913,2825,3672966,4039,5652.14,17842000,14169034,0
"2022-06-12",352,7251704,288,6330332,21,587609,879,3301932,769,372682,1648,3674614,2309,5609.43,17844309,14169695,0
"2022-06-13",1035,7252739,770,6331102,63,587672,1571,3303503,2179,374861,3750,3678364,5619,5483.71,17849928,14171564,0
"2022-06-14",964,7253703,832,6331934,64,587736,1678,3305181,2491,377352,4169,3682533,6029,5458.29,17855957,14173424,0
"2022-06-15",981,7254684,867,6332801,39,587775,1657,3306838,2406,379758,4063,3686596,5950,5362.43,17861907,14175311,0
"2022-06-16",959,7255643,780,6333581,59,587834,1826,3308664,2355,382113,4181,3690777,5979,5223.86,17867886,14177109,0
"2022-06-17",910,7256553,796,6334377,48,587882,1749,3310413,2396,384509,4145,3694922,5900,5117.86,17873786,14178864,0
"2022-06-18",665,7257218,522,6334899,26,587908,1274,3311687,1291,385800,2565,3697487,3778,5080.57,17877564,14180077,0
"2022-06-19",351,7257569,236,6335135,16,587924,727,3312414,603,386403,1330,3698817,1933,5026.86,17879497,14180680,0
"2022-06-20",838,7258407,490,6335625,41,587965,1568,3313982,1611,388014,3179,3701996,4548,4873.86,17884045,14182049,0
"2022-06-21",1140,7259547,739,6336364,50,588015,1692,3315674,2131,390145,3823,3705819,5753,4834.43,17889798,14183979,0
"2022-06-22",1971,7261518,824,6337188,46,588061,1692,3317366,1986,392131,3678,3709497,6519,4915.71,17896317,14186820,0
"2022-06-23",2123,7263641,760,6337948,65,588126,1695,3319061,2143,394274,3838,3713335,6787,5031.14,17903104,14189769,0
"2022-06-24",2184,7265825,757,6338705,48,588174,1622,3320683,2140,396414,3762,3717097,6751,5152.71,17909855,14192758,0
"2022-06-25",2139,7267964,492,6339197,15,588189,1233,3321916,1138,397552,2371,3719468,5020,5330.14,17914875,14195407,0
"2022-06-26",1211,7269175,251,6339448,14,588203,680,3322596,530,398082,1210,3720678,2686,5437.71,17917561,14196883,0
"2022-06-27",1537,7270712,653,6340101,60,588263,1458,3324054,1641,399723,3099,3723777,5349,5552.14,17922910,14199133,0
"2022-06-28",1694,7272406,832,6340933,53,588316,1847,3325901,2137,401860,3984,3727761,6563,5667.86,17929473,14201712,0
"2022-06-29",1861,7274267,772,6341705,48,588364,1714,3327615,1915,403775,3629,3731390,6310,5638,17935783,14204393,0
"2022-06-30",1864,7276131,804,6342509,46,588410,1729,3329344,2117,405892,3846,3735236,6560,5605.57,17942343,14207107,0
"2022-07-01",1592,7277723,597,6343106,26,588436,1385,3330729,1721,407613,3106,3738342,5321,5401.29,17947664,14209322,0
"2022-07-02",973,7278696,382,6343488,18,588454,831,3331560,926,408539,1757,3740099,3130,5131.29,17950794,14210695,0
"2022-07-03",530,7279226,205,6343693,7,588461,458,3332018,486,409025,944,3741043,1686,4988.43,17952480,14211437,0
"2022-07-04",35,7279261,26,6343719,1,588462,30,3332048,38,409063,68,3741111,130,4242.86,17952610,14211499,0
"2022-07-05",1282,7280543,754,6344473,35,588497,1402,3333450,1736,410799,3138,3744249,5209,4049.43,17957819,14213570,0
"2022-07-06",1611,7282154,678,6345151,44,588541,1442,3334892,1830,412629,3272,3747521,5605,3948.71,17963424,14215903,0
"2022-07-07",1588,7283742,717,6345868,48,588589,1522,3336414,1991,414620,3513,3751034,5866,3849.57,17969290,14218256,0
"2022-07-08",1630,7285372,647,6346515,37,588626,1466,3337880,1970,416590,3436,3754470,5751,3911,17975041,14220571,0
"2022-07-09",982,7286354,413,6346928,26,588652,877,3338757,1341,417931,2218,3756688,3639,3983.71,17978680,14221992,0
"2022-07-10",638,7286992,186,6347114,17,588669,428,3339185,660,418591,1088,3757776,1929,4018.43,17980609,14222833,0
"2022-07-11",1395,7288387,632,6347746,49,588718,1427,3340612,2204,420795,3631,3761407,5707,4815.14,17986316,14224909,0
"2022-07-12",1400,7289787,685,6348431,45,588763,1395,3342007,2507,423302,3902,3765309,6032,4932.71,17992348,14227039,0
"2022-07-13",1618,7291405,725,6349156,36,588799,1508,3343515,2792,426094,4300,3769609,6679,5086.14,17999027,14229418,0
"2022-07-14",1590,7292995,837,6349993,47,588846,1592,3345107,3045,429139,4637,3774246,7112,5264.14,18006139,14231893,0
"2022-07-15",1612,7294607,927,6350920,45,588891,1559,3346666,3038,432177,4597,3778843,7181,5468.43,18013320,14234477,0
"2022-07-16",882,7295489,584,6351504,9,588900,975,3347641,1686,433863,2661,3781504,4136,5539.43,18017456,14235952,0
"2022-07-17",549,7296038,291,6351795,16,588916,529,3348170,1163,435026,1692,3783196,2548,5627.86,18020004,14236808,0
"2022-07-18",1395,7297433,840,6352635,45,588961,1427,3349597,2438,437464,3865,3787061,6145,5690.43,18026149,14239088,0
"2022-07-19",1440,7298873,973,6353608,51,589012,1538,3351135,2784,440248,4322,3791383,6786,5798.14,18032935,14241552,0
"2022-07-20",1381,7300254,1476,6355084,50,589062,1343,3352478,2380,442628,3723,3795106,6631,5791.29,18039566,14244460,0
"2022-07-21",1331,7301585,1429,6356513,47,589109,1385,3353863,2352,444980,3737,3798843,6544,5710.14,18046110,14247267,0
"2022-07-22",1423,7303008,1555,6358068,41,589150,1542,3355405,2834,447814,4376,3803219,7395,5740.71,18053505,14250286,0
"2022-07-23",903,7303911,1091,6359159,17,589167,992,3356397,1546,449360,2538,3805757,4549,5799.71,18058054,14252297,0
"2022-07-24",489,7304400,638,6359797,14,589181,500,3356897,801,450161,1301,3807058,2443,5784.71,18060497,14253439,0
"2022-07-25",1211,7305611,767,6360564,59,589240,1252,3358149,2051,452212,3303,3810361,5340,5669.71,18065837,14255476,0
"2022-07-26",1226,7306837,1015,6361579,40,589280,1460,3359609,2425,454637,3885,3814246,6166,5581.14,18072003,14257757,0
"2022-07-27",1315,7308152,1272,6362851,41,589321,1378,3360987,2177,456814,3555,3817801,6185,5517.43,18078188,14260387,0
"2022-07-28",1298,7309450,1405,6364256,71,589392,1413,3362400,2188,459002,3601,3821402,6375,5493.29,18084563,14263161,0
"2022-07-29",1318,7310768,1424,6365680,64,589456,1339,3363739,2117,461119,3456,3824858,6263,5331.57,18090826,14265968,0
"2022-07-30",724,7311492,714,6366394,25,589481,782,3364521,940,462059,1722,3826580,3187,5137,18094013,14267433,0
"2022-07-31",417,7311909,587,6366981,14,589495,487,3365008,570,462629,1057,3827637,2075,5084.43,18096088,14268451,0
"2022-08-01",1217,7313126,902,6367883,55,589550,1316,3366324,1489,464118,2805,3830442,4979,5032.86,18101067,14270625,0
"2022-08-02",1220,7314346,1006,6368889,73,589623,1325,3367649,1577,465695,2902,3833344,5201,4895,18106268,14272924,0
"2022-08-03",1257,7315603,1170,6370059,41,589664,1311,3368960,1454,467149,2765,3836109,5233,4759,18111501,14275392,0
"2022-08-04",1169,7316772,1158,6371217,53,589717,1251,3370211,1360,468509,2611,3838720,4991,4561.29,18116492,14277772,0
"2022-08-05",1285,7318057,1408,6372625,45,589762,1277,3371488,1330,469839,2607,3841327,5345,4430.14,18121837,14280510,0
"2022-08-06",676,7318733,832,6373457,14,589776,732,3372220,698,470537,1430,3842757,2953,4396.71,18124790,14282033,0
"2022-08-07",386,7319119,455,6373912,14,589790,418,3372638,339,470876,757,3843514,1612,4330.57,18126402,14282888,0
"2022-08-08",1162,7320281,908,6374820,67,589857,1224,3373862,1099,471975,2323,3845837,4460,4256.43,18130862,14285025,0
"2022-08-09",1112,7321393,872,6375692,35,589892,1166,3375028,1080,473055,2246,3848083,4265,4122.71,18135127,14287044,0
"2022-08-10",1193,7322586,1085,6376777,54,589946,1206,3376234,1142,474197,2348,3850431,4680,4043.71,18139807,14289376,0
"2022-08-11",1279,7323865,1029,6377806,78,590024,1171,3377405,1190,475387,2361,3852792,4747,4008.86,18144554,14291762,0
"2022-08-12",1290,7325155,1367,6379173,51,590075,1211,3378616,1166,476553,2377,3855169,5085,3971.71,18149639,14294470,0
"2022-08-13",735,7325890,771,6379944,15,590090,736,3379352,549,477102,1285,3856454,2806,3950.71,18152445,14295991,0
"2022-08-14",491,7326381,481,6380425,19,590109,396,3379748,267,477369,663,3857117,1654,3956.71,18154099,14296982,0
"2022-08-15",1254,7327635,1020,6381445,54,590163,1249,3380997,905,478274,2154,3859271,4482,3959.86,18158581,14299310,0
"2022-08-16",1260,7328895,832,6382277,42,590205,1328,3382325,999,479273,2327,3861598,4461,3987.86,18163042,14301444,0
"2022-08-17",1192,7330087,929,6383206,37,590242,1204,3383529,915,480188,2119,3863717,4277,3930.29,18167319,14303602,0
"2022-08-18",1121,7331208,920,6384126,43,590285,1229,3384758,867,481055,2096,3865813,4180,3849.29,18171499,14305686,0
"2022-08-19",1207,7332415,1085,6385211,33,590318,1082,3385840,907,481962,1989,3867802,4314,3739.14,18175813,14308011,0
"2022-08-20",570,7332985,473,6385684,15,590333,609,3386449,449,482411,1058,3868860,2116,3640.57,18177929,14309069,0
"2022-08-21",346,7333331,245,6385929,9,590342,371,3386820,251,482662,622,3869482,1222,3578.86,18179151,14309669,0
"2022-08-22",1168,7334499,899,6386828,36,590378,1200,3388020,817,483479,2017,3871499,4120,3527.14,18183271,14311772,0
"2022-08-23",1201,7335700,1012,6387840,42,590420,1346,3389366,870,484349,2216,3873715,4472,3528.71,18187743,14314028,0
"2022-08-24",1243,7336943,979,6388819,28,590448,1249,3390615,750,485099,1999,3875714,4250,3524.86,18191993,14316279,0
"2022-08-25",1175,7338118,925,6389744,58,590506,1155,3391770,754,485853,1909,3877623,4067,3508.71,18196060,14318437,0
"2022-08-26",1138,7339256,1138,6390882,51,590557,1143,3392913,716,486569,1859,3879482,4186,3490.43,18200246,14320764,0
"2022-08-27",661,7339917,509,6391391,13,590570,654,3393567,366,486935,1020,3880502,2203,3502.86,18202449,14321947,0
"2022-08-28",367,7340284,228,6391619,9,590579,428,3393995,207,487142,635,3881137,1239,3505.29,18203688,14322551,0
"2022-08-29",1108,7341392,885,6392504,39,590618,1064,3395059,552,487694,1616,3882753,3649,3438,18207337,14324584,0
"2022-08-30",1191,7342583,903,6393407,31,590649,1217,3396276,677,488371,1894,3884647,4019,3373.29,18211356,14326709,0
"2022-08-31",1099,7343682,949,6394356,40,590689,1040,3397316,516,488887,1556,3886203,3644,3286.71,18215000,14328797,0
"2022-09-01",945,7344627,887,6395243,41,590730,762,3398078,409,489296,1171,3887374,3044,3140.57,18218044,14330670,0
"2022-09-02",887,7345514,948,6396191,24,590754,538,3398616,142,489438,680,3888054,2539,2905.29,18220583,14332529,120000
"2022-09-03",447,7345961,389,6396580,12,590766,324,3398940,37,489475,361,3888415,1209,2763.29,18221792,14333377,120000
"2022-09-04",209,7346170,184,6396764,9,590775,178,3399118,23,489498,201,3888616,603,2672.43,18222395,14333779,120000
"2022-09-05",62,7346232,59,6396823,4,590779,34,3399152,11,489509,45,3888661,170,2175.43,18222565,14333904,120000
"2022-09-06",884,7347116,1069,6397892,45,590824,576,3399728,112,489621,688,3889349,2690,1985.57,18225255,14335906,120000
"2022-09-07",673,7347789,820,6398712,18,590842,368,3400096,103,489724,471,3889820,1993,1749.71,18227248,14337428,120000
"2022-09-08",270,7348059,273,6398985,12,590854,81,3400177,48,489772,129,3889949,694,1414,18227942,14337993,120000
