"DATE","ADMIN_DOSE1_DAILY","ADMIN_DOSE1_CUMULATIVE","ADMIN_DOSE2_DAILY","ADMIN_DOSE2_CUMULATIVE","ADMIN_SINGLE_DAILY","ADMIN_SINGLE_CUMULATIVE","ADMIN_ADDITIONAL1_DAILY","ADMIN_ADDITIONAL1_CUMULATIVE","ADMIN_ADDITIONAL2_DAILY","ADMIN_ADDITIONAL2_CUMULATIVE","ADMIN_ADDITIONAL_DAILY","ADMIN_ADDITIONAL_CUMULATIVE","ADMIN_ALLDOSES_DAILY","ADMIN_ALLDOSES_7DAYAVG","ADMIN_ALLDOSES_CUMULATIVE","INCOMPLETE"
"2020-12-14",79,79,0,0,0,0,0,0,0,0,0,0,79,,79,0
"2020-12-15",2051,2130,6,6,4,4,0,0,0,0,0,0,2061,,2140,0
"2020-12-16",4605,6735,14,20,1,5,1,1,0,0,1,1,4621,,6761,0
"2020-12-17",4658,11393,17,37,0,5,1,2,0,0,1,2,4676,,11437,0
"2020-12-18",5833,17226,18,55,2,7,2,4,0,0,2,4,5855,,17292,0
"2020-12-19",1689,18915,7,62,3,10,0,4,0,0,0,4,1699,,18991,0
"2020-12-20",1116,20031,2,64,1,11,0,4,0,0,0,4,1119,2872.86,20110,0
"2020-12-21",6341,26372,19,83,0,11,5,9,0,0,5,9,6365,3770.86,26475,0
"2020-12-22",9794,36166,26,109,2,13,1,10,0,0,1,10,9823,4879.71,36298,0
"2020-12-23",14276,50442,34,143,3,16,1,11,0,0,1,11,14314,6264.43,50612,0
"2020-12-24",7198,57640,25,168,1,17,0,11,0,0,0,11,7224,6628.43,57836,0
"2020-12-25",180,57820,0,168,0,17,1,12,0,0,1,12,181,5817.86,58017,0
"2020-12-26",4389,62209,44,212,0,17,1,13,0,0,1,13,4434,6208.57,62451,0
"2020-12-27",3870,66079,14,226,0,17,1,14,0,0,1,14,3885,6603.71,66336,0
"2020-12-28",10993,77072,49,275,1,18,2,16,0,0,2,16,11045,7272.29,77381,0
"2020-12-29",10718,87790,34,309,2,20,2,18,0,0,2,18,10756,7405.57,88137,0
"2020-12-30",12826,100616,44,353,0,20,0,18,0,0,0,18,12870,7199.29,101007,0
"2020-12-31",7262,107878,33,386,1,21,0,18,0,0,0,18,7296,7209.57,108303,0
"2021-01-01",181,108059,2,388,1,22,3,21,0,0,3,21,187,7210.43,108490,0
"2021-01-02",3809,111868,10,398,2,24,2,23,0,0,2,23,3823,7123.14,112313,0
"2021-01-03",3541,115409,24,422,2,26,1,24,0,0,1,24,3568,7077.86,115881,0
"2021-01-04",12255,127664,807,1229,2,28,6,30,0,0,6,30,13070,7367.14,128951,0
"2021-01-05",14088,141752,2192,3421,2,30,12,42,1,1,13,43,16295,8158.43,145246,0
"2021-01-06",17802,159554,3926,7347,1,31,29,71,7,8,36,79,21765,9429.14,167011,0
"2021-01-07",16552,176106,5172,12519,4,35,44,115,3,11,47,126,21775,11497.57,188786,0
"2021-01-08",16621,192727,5455,17974,0,35,33,148,4,15,37,163,22113,14629.86,210899,0
"2021-01-09",7652,200379,1462,19436,1,36,7,155,2,17,9,172,9124,15387.14,220023,0
"2021-01-10",7881,208260,983,20419,0,36,10,165,0,17,10,182,8874,16145.14,228897,0
"2021-01-11",25825,234085,7456,27875,2,38,48,213,8,25,56,238,33339,19040.71,262236,0
"2021-01-12",28263,262348,7858,35733,1,39,44,257,2,27,46,284,36168,21879.71,298404,0
"2021-01-13",31721,294069,9389,45122,1,40,56,313,4,31,60,344,41171,24652,339575,0
"2021-01-14",35815,329884,5316,50438,1,41,30,343,7,38,37,381,41169,27422.57,380744,0
"2021-01-15",29265,359149,3703,54141,2,43,32,375,5,43,37,418,33007,28978.86,413751,0
"2021-01-16",30290,389439,2379,56520,0,43,25,400,5,48,30,448,32699,32346.71,446450,0
"2021-01-17",23750,413189,1627,58147,0,43,18,418,1,49,19,467,25396,34707,471846,0
"2021-01-18",27107,440296,2411,60558,1,44,34,452,7,56,41,508,29560,34167.14,501406,0
"2021-01-19",34294,474590,9627,70185,1,45,70,522,5,61,75,583,43997,35285.57,545403,0
"2021-01-20",34870,509460,9494,79679,1,46,59,581,4,65,63,646,44428,35750.86,589831,0
"2021-01-21",25593,535053,8093,87772,2,48,49,630,5,70,54,700,33742,34689.86,623573,0
"2021-01-22",24756,559809,4381,92153,1,49,32,662,7,77,39,739,29177,34142.71,652750,0
"2021-01-23",15744,575553,3223,95376,0,49,9,671,2,79,11,750,18978,32182.57,671728,0
"2021-01-24",7178,582731,3453,98829,0,49,19,690,1,80,20,770,10651,30076.14,682379,0
"2021-01-25",13412,596143,11820,110649,0,49,66,756,11,91,77,847,25309,29468.86,707688,0
"2021-01-26",16766,612909,10752,121401,0,49,67,823,2,93,69,916,27587,27124.57,735275,0
"2021-01-27",20835,633744,12356,133757,0,49,51,874,8,101,59,975,33250,25527.71,768525,0
"2021-01-28",30764,664508,12848,146605,0,49,82,956,16,117,98,1073,43710,26951.71,812235,0
"2021-01-29",31695,696203,11505,158110,0,49,77,1033,10,127,87,1160,43287,28967.43,855522,0
"2021-01-30",18709,714912,3741,161851,0,49,20,1053,2,129,22,1182,22472,29466.57,877994,0
"2021-01-31",13021,727933,2920,164771,1,50,28,1081,4,133,32,1214,15974,30227,893968,0
"2021-02-01",1180,729113,5369,170140,4,54,35,1116,4,137,39,1253,6592,27553.14,900560,0
"2021-02-02",2828,731941,9476,179616,2,56,46,1162,4,141,50,1303,12356,25377.29,912916,0
"2021-02-03",16348,748289,21246,200862,4,60,203,1365,19,160,222,1525,37820,26030.14,950736,0
"2021-02-04",27047,775336,19650,220512,3,63,199,1564,10,170,209,1734,46909,26487.14,997645,0
"2021-02-05",27600,802936,20037,240549,0,63,177,1741,15,185,192,1926,47829,27136,1045474,0
"2021-02-06",22990,825926,11247,251796,0,63,110,1851,12,197,122,2048,34359,28834.14,1079833,0
"2021-02-07",12043,837969,8282,260078,1,64,91,1942,13,210,104,2152,20430,29470.71,1100263,0
"2021-02-08",16965,854934,23515,283593,2,66,231,2173,34,244,265,2417,40747,34350,1141010,0
"2021-02-09",17191,872125,28111,311704,2,68,333,2506,41,285,374,2791,45678,39110.29,1186688,0
"2021-02-10",19592,891717,29310,341014,2,70,259,2765,49,334,308,3099,49212,40737.71,1235900,0
"2021-02-11",27847,919564,33473,374487,2,72,339,3104,57,391,396,3495,61718,42853.29,1297618,0
"2021-02-12",38394,957958,30797,405284,3,75,353,3457,38,429,391,3886,69585,45961.29,1367203,0
"2021-02-13",28009,985967,25313,430597,2,77,308,3765,50,479,358,4244,53682,48721.71,1420885,0
"2021-02-14",16281,1002248,23734,454331,0,77,260,4025,31,510,291,4535,40306,51561.14,1461191,0
"2021-02-15",12796,1015044,10527,464858,2,79,170,4195,24,534,194,4729,23519,49100,1484710,0
"2021-02-16",14241,1029285,26733,491591,0,79,320,4515,35,569,355,5084,41329,48478.71,1526039,0
"2021-02-17",16393,1045678,22196,513787,1,80,281,4796,37,606,318,5402,38908,47006.71,1564947,0
"2021-02-18",12152,1057830,24995,538782,21,101,285,5081,43,649,328,5730,37496,43546.43,1602443,0
"2021-02-19",13263,1071093,23936,562718,39,140,302,5383,44,693,346,6076,37584,38974.86,1640027,0
"2021-02-20",11351,1082444,26078,588796,6,146,324,5707,78,771,402,6478,37837,36711.29,1677864,0
"2021-02-21",6361,1088805,17423,606219,15,161,283,5990,43,814,326,6804,24125,34399.71,1701989,0
"2021-02-22",13044,1101849,11848,618067,2,163,125,6115,19,833,144,6948,25038,34616.71,1727027,0
"2021-02-23",25246,1127095,14146,632213,1,164,159,6274,34,867,193,7141,39586,34367.71,1766613,0
"2021-02-24",36363,1163458,20390,652603,0,164,226,6500,37,904,263,7404,57016,36954.57,1823629,0
"2021-02-25",54618,1218076,30390,682993,6,170,394,6894,64,968,458,7862,85472,43808.29,1909101,0
"2021-02-26",62874,1280950,31870,714863,4,174,408,7302,77,1045,485,8347,95233,52043.86,2004334,0
"2021-02-27",51296,1332246,22754,737617,47,221,332,7634,51,1096,383,8730,74480,57278.57,2078814,0
"2021-02-28",44596,1376842,13822,751439,7,228,204,7838,33,1129,237,8967,58662,62212.43,2137476,0
"2021-03-01",39320,1416162,12778,764217,10,238,165,8003,25,1154,190,9157,52298,66106.71,2189774,0
"2021-03-02",47083,1463245,12576,776793,7,245,160,8163,14,1168,174,9331,59840,69000.14,2249614,0
"2021-03-03",48607,1511852,16156,792949,17,262,145,8308,21,1189,166,9497,64946,70133,2314560,0
"2021-03-04",59818,1571670,22824,815773,1092,1354,270,8578,34,1223,304,9801,84038,69928.14,2398598,0
"2021-03-05",60990,1632660,24281,840054,3109,4463,330,8908,33,1256,363,10164,88743,69001,2487341,0
"2021-03-06",47178,1679838,18886,858940,5451,9914,236,9144,35,1291,271,10435,71786,68616.14,2559127,0
"2021-03-07",36047,1715885,14878,873818,6245,16159,229,9373,20,1311,249,10684,57419,68438.57,2616546,0
"2021-03-08",39628,1755513,14678,888496,8564,24723,313,9686,91,1402,404,11088,63274,70006.57,2679820,0
"2021-03-09",39108,1794621,12853,901349,7763,32486,178,9864,33,1435,211,11299,59935,70020.14,2739755,0
"2021-03-10",51833,1846454,15345,916694,5066,37552,228,10092,31,1466,259,11558,72503,71099.71,2812258,0
"2021-03-11",59991,1906445,21816,938510,4619,42171,249,10341,49,1515,298,11856,86724,71483.43,2898982,0
"2021-03-12",52205,1958650,30310,968820,4183,46354,372,10713,82,1597,454,12310,87152,71256.14,2986134,0
"2021-03-13",40653,1999303,26682,995502,5109,51463,326,11039,52,1649,378,12688,72822,71404.14,3058956,0
"2021-03-14",30717,2030020,15968,1011470,4526,55989,240,11279,27,1676,267,12955,51478,70555.43,3110434,0
"2021-03-15",33590,2063610,17253,1028723,4717,60706,233,11512,33,1709,266,13221,55826,69491.43,3166260,0
"2021-03-16",38678,2102288,20506,1049229,4925,65631,256,11768,35,1744,291,13512,64400,70129.29,3230660,0
"2021-03-17",42618,2144906,24797,1074026,4247,69878,338,12106,36,1780,374,13886,72036,70062.57,3302696,0
"2021-03-18",50454,2195360,26802,1100828,5238,75116,367,12473,60,1840,427,14313,82921,69519.29,3385617,0
"2021-03-19",47794,2243154,29959,1130787,5624,80740,389,12862,70,1910,459,14772,83836,69045.57,3469453,0
"2021-03-20",38713,2281867,25835,1156622,4686,85426,298,13160,60,1970,358,15130,69592,68584.14,3539045,0
"2021-03-21",29300,2311167,19361,1175983,769,86195,220,13380,44,2014,264,15394,49694,68329.29,3588739,0
"2021-03-22",33870,2345037,26735,1202718,4037,90232,260,13640,37,2051,297,15691,64939,69631.14,3653678,0
"2021-03-23",38435,2383472,32842,1235560,4219,94451,293,13933,55,2106,348,16039,75844,71266,3729522,0
"2021-03-24",41496,2424968,37603,1273163,4848,99299,328,14261,62,2168,390,16429,84337,73023.29,3813859,0
"2021-03-25",43415,2468383,50791,1323954,5054,104353,470,14731,85,2253,555,16984,99815,75436.71,3913674,0
"2021-03-26",38507,2506890,55511,1379465,4310,108663,523,15254,96,2349,619,17603,98947,77595.43,4012621,0
"2021-03-27",35737,2542627,45755,1425220,2938,111601,413,15667,82,2431,495,18098,84925,79785.86,4097546,0
"2021-03-28",26392,2569019,34460,1459680,1482,113083,329,15996,63,2494,392,18490,62726,81647.57,4160272,0
"2021-03-29",34819,2603838,38865,1498545,3246,116329,342,16338,110,2604,452,18942,77382,83425.14,4237654,0
"2021-03-30",40513,2644351,41923,1540468,3714,120043,336,16674,66,2670,402,19344,86552,84954.86,4324206,0
"2021-03-31",49399,2693750,44867,1585335,7442,127485,396,17070,85,2755,481,19825,102189,87505.14,4426395,0
"2021-04-01",50785,2744535,53945,1639280,11275,138760,501,17571,81,2836,582,20407,116587,89901.14,4542982,0
"2021-04-02",43762,2788297,53886,1693166,11971,150731,546,18117,71,2907,617,21024,110236,91513.86,4653218,0
"2021-04-03",39255,2827552,39218,1732384,9860,160591,333,18450,58,2965,391,21415,88724,92056.57,4741942,0
"2021-04-04",26561,2854113,24779,1757163,3902,164493,224,18674,49,3014,273,21688,55515,91026.43,4797457,0
"2021-04-05",41891,2896004,34486,1791649,11196,175689,369,19043,60,3074,429,22117,88002,92543.57,4885459,0
"2021-04-06",53273,2949277,35616,1827265,13220,188909,426,19469,72,3146,498,22615,102607,94837.14,4988066,0
"2021-04-07",55514,3004791,40696,1867961,14391,203300,393,19862,77,3223,470,23085,111071,96106,5099137,0
"2021-04-08",59269,3064060,46588,1914549,16343,219643,515,20377,80,3303,595,23680,122795,96992.86,5221932,0
"2021-04-09",56646,3120706,44962,1959511,17554,237197,516,20893,77,3380,593,24273,119755,98352.71,5341687,0
"2021-04-10",49349,3170055,35647,1995158,12728,249925,387,21280,60,3440,447,24720,98171,99702.29,5439858,0
"2021-04-11",38185,3208240,28820,2023978,7682,257607,294,21574,56,3496,350,25070,75037,102491.14,5514895,0
"2021-04-12",46641,3254881,31847,2055825,13499,271106,466,22040,63,3559,529,25599,92516,103136,5607411,0
"2021-04-13",52545,3307426,33793,2089618,368,271474,394,22434,60,3619,454,26053,87160,100929.29,5694571,0
"2021-04-14",50149,3357575,39956,2129574,20,271494,368,22802,70,3689,438,26491,90563,97999.57,5785134,0
"2021-04-15",52128,3409703,43679,2173253,16,271510,451,23253,103,3792,554,27045,96377,94225.57,5881511,0
"2021-04-16",51187,3460890,42217,2215470,32,271542,421,23674,67,3859,488,27533,93924,90535.43,5975435,0
"2021-04-17",43843,3504733,35691,2251161,3,271545,363,24037,82,3941,445,27978,79982,87937,6055417,0
"2021-04-18",28608,3533341,29373,2280534,7,271552,251,24288,61,4002,312,28290,58300,85546,6113717,0
"2021-04-19",37476,3570817,36450,2316984,22,271574,322,24610,61,4063,383,28673,74331,82948.14,6188048,0
"2021-04-20",40810,3611627,39626,2356610,19,271593,314,24924,76,4139,390,29063,80845,82046,6268893,0
"2021-04-21",38904,3650531,46014,2402624,16,271609,494,25418,95,4234,589,29652,85523,81326,6354416,0
"2021-04-22",38497,3689028,48964,2451588,9,271618,336,25754,73,4307,409,30061,87879,80112,6442295,0
"2021-04-23",39699,3728727,44385,2495973,4,271622,344,26098,70,4377,414,30475,84502,78766,6526797,0
"2021-04-24",31951,3760678,41605,2537578,44,271666,275,26373,58,4435,333,30808,73933,77901.86,6600730,0
"2021-04-25",18423,3779101,31229,2568807,86,271752,193,26566,55,4490,248,31056,49986,76714.14,6650716,0
"2021-04-26",26973,3806074,40738,2609545,1013,272765,281,26847,83,4573,364,31420,69088,75965.14,6719804,0
"2021-04-27",28577,3834651,47143,2656688,1697,274462,347,27194,92,4665,439,31859,77856,75538.14,6797660,0
"2021-04-28",27037,3861688,56844,2713532,2148,276610,427,27621,98,4763,525,32384,86554,75685.43,6884214,0
"2021-04-29",28612,3890300,57205,2770737,2148,278758,362,27983,100,4863,462,32846,88427,75763.71,6972641,0
"2021-04-30",30122,3920422,51990,2822727,2056,280814,280,28263,72,4935,352,33198,84520,75766.29,7057161,0
"2021-05-01",22480,3942902,44547,2867274,1177,281991,227,28490,63,4998,290,33488,68494,74989.29,7125655,0
"2021-05-02",11925,3954827,36657,2903931,1080,283071,138,28628,55,5053,193,33681,49855,74970.57,7175510,0
"2021-05-03",18029,3972856,53026,2956957,2383,285454,256,28884,89,5142,345,34026,73783,75641.29,7249293,0
"2021-05-04",22738,3995594,56648,3013605,2330,287784,266,29150,113,5255,379,34405,82095,76246.86,7331388,0
"2021-05-05",21481,4017075,48800,3062405,2313,290097,310,29460,98,5353,408,34813,73002,74310.86,7404390,0
"2021-05-06",20682,4037757,50183,3112588,2507,292604,269,29729,83,5436,352,35165,73724,72210.43,7478114,0
"2021-05-07",21258,4059015,52096,3164684,2813,295417,307,30036,71,5507,378,35543,76545,71071.14,7554659,0
"2021-05-08",16633,4075648,41867,3206551,1835,297252,228,30264,69,5576,297,35840,60632,69948,7615291,0
"2021-05-09",7976,4083624,29409,3235960,1260,298512,151,30415,56,5632,207,36047,38852,68376.14,7654143,0
"2021-05-10",14391,4098015,38540,3274500,2355,300867,231,30646,89,5721,320,36367,55606,65779.43,7709749,0
"2021-05-11",19913,4117928,43061,3317561,2514,303381,280,30926,83,5804,363,36730,65851,63458.86,7775600,0
"2021-05-12",17812,4135740,40536,3358097,3595,306976,232,31158,77,5881,309,37039,62252,61923.14,7837852,0
"2021-05-13",24975,4160715,40431,3398528,3230,310206,261,31419,74,5955,335,37374,68971,61244.14,7906823,0
"2021-05-14",27037,4187752,42915,3441443,3537,313743,281,31700,93,6048,374,37748,73863,60861,7980686,0
"2021-05-15",23652,4211404,34913,3476356,3366,317109,251,31951,75,6123,326,38074,62257,61093.14,8042943,0
"2021-05-16",15527,4226931,19446,3495802,2497,319606,125,32076,45,6168,170,38244,37640,60920,8080583,0
"2021-05-17",22674,4249605,29140,3524942,3257,322863,177,32253,67,6235,244,38488,55315,60878.43,8135898,0
"2021-05-18",24640,4274245,31912,3556854,3404,326267,237,32490,70,6305,307,38795,60263,60080.14,8196161,0
"2021-05-19",24195,4298440,29719,3586573,3039,329306,221,32711,46,6351,267,39062,57220,59361.29,8253381,0
"2021-05-20",24154,4322594,30086,3616659,3162,332468,270,32981,100,6451,370,39432,57772,57761.43,8311153,0
"2021-05-21",24682,4347276,32005,3648664,3060,335528,254,33235,60,6511,314,39746,60061,55789.71,8371214,0
"2021-05-22",20023,4367299,24360,3673024,2525,338053,163,33398,48,6559,211,39957,47119,53627.14,8418333,0
"2021-05-23",11235,4378534,13732,3686756,1411,339464,93,33491,32,6591,125,40082,26503,52036.14,8444836,0
"2021-05-24",18879,4397413,23158,3709914,2756,342220,213,33704,53,6644,266,40348,45059,50571,8489895,0
"2021-05-25",19434,4416847,23379,3733293,2601,344821,177,33881,70,6714,247,40595,45661,48485,8535556,0
"2021-05-26",18785,4435632,21090,3754383,2696,347517,199,34080,52,6766,251,40846,42822,46428.14,8578378,0
"2021-05-27",18474,4454106,21274,3775657,2529,350046,189,34269,63,6829,252,41098,42529,44250.57,8620907,0
"2021-05-28",17864,4471970,22888,3798545,2751,352797,186,34455,53,6882,239,41337,43742,41919.29,8664649,0
"2021-05-29",12710,4484680,17808,3816353,1755,354552,106,34561,39,6921,145,41482,32418,39819.14,8697067,0
"2021-05-30",7032,4491712,8949,3825302,1074,355626,47,34608,17,6938,64,41546,17119,38478.57,8714186,0
"2021-05-31",4743,4496455,6924,3832226,1012,356638,64,34672,17,6955,81,41627,12760,33864.43,8726946,0
"2021-06-01",16047,4512502,25198,3857424,2176,358814,152,34824,40,6995,192,41819,43613,33571.86,8770559,0
"2021-06-02",15354,4527856,20389,3877813,2094,360908,139,34963,47,7042,186,42005,38023,32886.29,8808582,0
"2021-06-03",15008,4542864,23820,3901633,2281,363189,128,35091,44,7086,172,42177,41281,32708,8849863,0
"2021-06-04",14725,4557589,25999,3927632,2492,365681,143,35234,39,7125,182,42359,43398,32658.86,8893261,0
"2021-06-05",10994,4568583,22090,3949722,1806,367487,114,35348,30,7155,144,42503,35034,33032.57,8928295,0
"2021-06-06",6446,4575029,14483,3964205,1222,368709,87,35435,13,7168,100,42603,22251,33765.71,8950546,0
"2021-06-07",11705,4586734,21783,3985988,2379,371088,139,35574,36,7204,175,42778,36042,37091.71,8986588,0
"2021-06-08",12640,4599374,24024,4010012,2072,373160,118,35692,46,7250,164,42942,38900,36418.43,9025488,0
"2021-06-09",11138,4610512,23030,4033042,2299,375459,133,35825,39,7289,172,43114,36639,36220.71,9062127,0
"2021-06-10",12067,4622579,22235,4055277,2462,377921,141,35966,57,7346,198,43312,36962,35603.71,9099089,0
"2021-06-11",12712,4635291,25120,4080397,2484,380405,154,36120,60,7406,214,43526,40530,35194,9139619,0
"2021-06-12",10168,4645459,19309,4099706,1888,382293,94,36214,40,7446,134,43660,31499,34689,9171118,0
"2021-06-13",4257,4649716,10936,4110642,1219,383512,42,36256,21,7467,63,43723,16475,33863.86,9187593,0
"2021-06-14",10209,4659925,19241,4129883,2043,385555,127,36383,51,7518,178,43901,31671,33239.43,9219264,0
"2021-06-15",11888,4671813,21013,4150896,1943,387498,131,36514,41,7559,172,44073,35016,32684.57,9254280,0
"2021-06-16",11588,4683401,19411,4170307,1957,389455,140,36654,67,7626,207,44280,33163,32188,9287443,0
"2021-06-17",11025,4694426,18764,4189071,1972,391427,121,36775,34,7660,155,44435,31916,31467.14,9319359,0
"2021-06-18",12166,4706592,18503,4207574,2116,393543,112,36887,36,7696,148,44583,32933,30381.86,9352292,0
"2021-06-19",8499,4715091,13520,4221094,1459,395002,82,36969,20,7716,102,44685,23580,29250.57,9375872,0
"2021-06-20",4336,4719427,7158,4228252,924,395926,36,37005,17,7733,53,44738,12471,28678.57,9388343,0
"2021-06-21",10164,4729591,10008,4238260,1806,397732,68,37073,27,7760,95,44833,22073,27307.43,9410416,0
"2021-06-22",9836,4739427,15641,4253901,1589,399321,105,37178,27,7787,132,44965,27198,26190.57,9437614,0
"2021-06-23",10313,4749740,15187,4269088,1860,401181,102,37280,29,7816,131,45096,27491,25380.29,9465105,0
"2021-06-24",9689,4759429,14698,4283786,1799,402980,118,37398,26,7842,144,45240,26330,24582.29,9491435,0
"2021-06-25",10591,4770020,14386,4298172,1719,404699,110,37508,37,7879,147,45387,26843,23712.29,9518278,0
"2021-06-26",7803,4777823,10465,4308637,1247,405946,74,37582,24,7903,98,45485,19613,23145.57,9537891,0
"2021-06-27",5001,4782824,6001,4314638,795,406741,33,37615,14,7917,47,45532,11844,23056,9549735,0
"2021-06-28",9036,4791860,10345,4324983,1524,408265,107,37722,26,7943,133,45665,21038,22908.14,9570773,0
"2021-06-29",9748,4801608,12319,4337302,1347,409612,122,37844,29,7972,151,45816,23565,22389.14,9594338,0
"2021-06-30",9433,4811041,10928,4348230,1481,411093,147,37991,16,7988,163,45979,22005,21605.43,9616343,0
"2021-07-01",9398,4820439,10929,4359159,1431,412524,125,38116,24,8012,149,46128,21907,20973.57,9638250,0
"2021-07-02",9694,4830133,11451,4370610,1541,414065,120,38236,23,8035,143,46271,22829,20400.14,9661079,0
"2021-07-03",7057,4837190,8424,4379034,1193,415258,75,38311,16,8051,91,46362,16765,19993.29,9677844,0
"2021-07-04",1288,4838478,1336,4380370,567,415825,8,38319,3,8054,11,46373,3202,18758.71,9681046,0
"2021-07-05",6496,4844974,7106,4387476,1208,417033,64,38383,20,8074,84,46457,14894,17881,9695940,0
"2021-07-06",9511,4854485,12853,4400329,1316,418349,115,38498,35,8109,150,46607,23830,17918.86,9719770,0
"2021-07-07",8670,4863155,11108,4411437,1419,419768,120,38618,19,8128,139,46746,21336,17823.29,9741106,0
"2021-07-08",8209,4871364,10191,4421628,1260,421028,107,38725,21,8149,128,46874,19788,17520.57,9760894,0
"2021-07-09",8375,4879739,10834,4432462,1278,422306,90,38815,17,8166,107,46981,20594,17201.29,9781488,0
"2021-07-10",7106,4886845,8630,4441092,1132,423438,62,38877,20,8186,82,47063,16950,17227.71,9798438,0
"2021-07-11",4105,4890950,4539,4445631,703,424141,34,38911,6,8192,40,47103,9387,18111.29,9807825,0
"2021-07-12",8453,4899403,9555,4455186,1250,425391,82,38993,22,8214,104,47207,19362,18749.57,9827187,0
"2021-07-13",9461,4908864,9392,4464578,951,426342,105,39098,33,8247,138,47345,19942,18194.14,9847129,0
"2021-07-14",9000,4917864,9531,4474109,1009,427351,105,39203,19,8266,124,47469,19664,17955.29,9866793,0
"2021-07-15",8791,4926655,9154,4483263,1051,428402,81,39284,17,8283,98,47567,19094,17856.14,9885887,0
"2021-07-16",9243,4935898,9760,4493023,978,429380,102,39386,31,8314,133,47700,20114,17787.57,9906001,0
"2021-07-17",6843,4942741,7387,4500410,802,430182,79,39465,19,8333,98,47798,15130,17527.57,9921131,0
"2021-07-18",4257,4946998,4282,4504692,569,430751,36,39501,14,8347,50,47848,9158,17494.86,9930289,0
"2021-07-19",9122,4956120,8477,4513169,999,431750,90,39591,20,8367,110,47958,18708,17401.43,9948997,0
"2021-07-20",10650,4966770,8760,4521929,991,432741,92,39683,24,8391,116,48074,20517,17483.57,9969514,0
"2021-07-21",10052,4976822,8762,4530691,903,433644,146,39829,31,8422,177,48251,19894,17516.43,9989408,0
"2021-07-22",10688,4987510,8584,4539275,1046,434690,143,39972,26,8448,169,48420,20487,17715.43,10009895,0
"2021-07-23",11254,4998764,8880,4548155,1114,435804,137,40109,22,8470,159,48579,21407,17900.14,10031302,0
"2021-07-24",7406,5006170,6735,4554890,670,436474,81,40190,22,8492,103,48682,14914,17869.29,10046216,0
"2021-07-25",5477,5011647,2126,4557016,509,436983,59,40249,4,8496,63,48745,8175,17728.86,10054391,0
"2021-07-26",10873,5022520,7001,4564017,859,437842,109,40358,16,8512,125,48870,18858,17750.29,10073249,0
"2021-07-27",12057,5034577,8566,4572583,857,438699,133,40491,34,8546,167,49037,21647,17911.71,10094896,0
"2021-07-28",11992,5046569,8050,4580633,950,439649,131,40622,24,8570,155,49192,21147,18090.71,10116043,0
"2021-07-29",10936,5057505,7428,4588061,984,440633,133,40755,39,8609,172,49364,19520,17952.57,10135563,0
"2021-07-30",14954,5072459,8013,4596074,1150,441783,181,40936,28,8637,209,49573,24326,18369.57,10159889,0
"2021-07-31",9728,5082187,6314,4602388,816,442599,119,41055,20,8657,139,49712,16997,18667.14,10176886,0
"2021-08-01",6504,5088691,3308,4605696,564,443163,81,41136,19,8676,100,49812,10476,18995.86,10187362,0
"2021-08-02",13451,5102142,7153,4612849,847,444010,144,41280,18,8694,162,49974,21613,19389.43,10208975,0
"2021-08-03",15414,5117556,8383,4621232,1109,445119,146,41426,33,8727,179,50153,25085,19880.57,10234060,0
"2021-08-04",17262,5134818,8124,4629356,1454,446573,180,41606,31,8758,211,50364,27051,20724,10261111,0
"2021-08-05",17865,5152683,7928,4637284,1366,447939,161,41767,17,8775,178,50542,27337,21840.71,10288448,0
"2021-08-06",18178,5170861,8413,4645697,1233,449172,162,41929,30,8805,192,50734,28016,22367.86,10316464,0
"2021-08-07",13387,5184248,6016,4651713,799,449971,100,42029,26,8831,126,50860,20328,22843.71,10336792,0
"2021-08-08",9309,5193557,3835,4655548,399,450370,83,42112,8,8839,91,50951,13634,23294.86,10350426,0
"2021-08-09",21340,5214897,8527,4664075,964,451334,168,42280,34,8873,202,51153,31033,24640.57,10381459,0
"2021-08-10",18921,5233818,9329,4673404,947,452281,176,42456,32,8905,208,51361,29405,25257.71,10410864,0
"2021-08-11",15648,5249466,8307,4681711,853,453134,128,42584,40,8945,168,51529,24976,24961.29,10435840,0
"2021-08-12",15045,5264511,8979,4690690,940,454074,169,42753,32,8977,201,51730,25165,24651,10461005,0
"2021-08-13",14926,5279437,9291,4699981,921,454995,238,42991,36,9013,274,52004,25412,24279,10486417,0
"2021-08-14",10409,5289846,6405,4706386,625,455620,529,43520,40,9053,569,52573,18008,23947.57,10504425,0
"2021-08-15",6693,5296539,4477,4710863,676,456296,568,44088,31,9084,599,53172,12445,23777.71,10516870,0
"2021-08-16",15723,5312262,9299,4720162,1150,457446,1318,45406,62,9146,1380,54552,27552,23280.43,10544422,0
"2021-08-17",17777,5330039,10435,4730597,1224,458670,1763,47169,79,9225,1842,56394,31278,23548,10575700,0
"2021-08-18",17510,5347549,10358,4740955,1261,459931,1987,49156,91,9316,2078,58472,31207,24438.14,10606907,0
"2021-08-19",16301,5363850,9519,4750474,1315,461246,1950,51106,63,9379,2013,60485,29148,25007.14,10636055,0
"2021-08-20",16285,5380135,11536,4762010,1254,462500,1853,52959,83,9462,1936,62421,31011,25807,10667066,0
"2021-08-21",11151,5391286,8042,4770052,878,463378,1054,54013,52,9514,1106,63527,21177,26259.71,10688243,0
"2021-08-22",4081,5395367,3901,4773953,262,463640,514,54527,32,9546,546,64073,8790,25737.57,10697033,0
"2021-08-23",15585,5410952,11795,4785748,1023,464663,1547,56074,72,9618,1619,65692,30022,26090.43,10727055,0
"2021-08-24",16916,5427868,12596,4798344,1006,465669,1770,57844,73,9691,1843,67535,32361,26245.14,10759416,0
"2021-08-25",14588,5442456,12441,4810785,1110,466779,1564,59408,76,9767,1640,69175,29779,26041.14,10789195,0
"2021-08-26",16168,5458624,14082,4824867,1072,467851,1768,61176,67,9834,1835,71010,33157,26613.86,10822352,0
"2021-08-27",14883,5473507,14823,4839690,971,468822,1667,62843,73,9907,1740,72750,32417,26814.71,10854769,0
"2021-08-28",10683,5484190,11522,4851212,836,469658,1012,63855,42,9949,1054,73804,24095,27231.57,10878864,0
"2021-08-29",7220,5491410,7494,4858706,541,470199,777,64632,54,10003,831,74635,16086,28273.86,10894950,0
"2021-08-30",15524,5506934,16926,4875632,1077,471276,1793,66425,81,10084,1874,76509,35401,29042.29,10930351,0
"2021-08-31",15523,5522457,15952,4891584,951,472227,1968,68393,84,10168,2052,78561,34478,29344.71,10964829,0
"2021-09-01",14832,5537289,14098,4905682,1020,473247,1805,70198,60,10228,1865,80426,31815,29635.57,10996644,0
"2021-09-02",14332,5551621,12519,4918201,896,474143,1703,71901,59,10287,1762,82188,29509,29114.43,11026153,0
"2021-09-03",15020,5566641,14300,4932501,974,475117,1894,73795,68,10355,1962,84150,32256,29091.43,11058409,0
"2021-09-04",9647,5576288,9407,4941908,688,475805,973,74768,33,10388,1006,85156,20748,28613.29,11079157,0
"2021-09-05",6805,5583093,5514,4947422,438,476243,709,75477,13,10401,722,85878,13479,28240.86,11092636,0
"2021-09-06",5196,5588289,4512,4951934,358,476601,270,75747,11,10412,281,86159,10347,24661.71,11102983,0
"2021-09-07",15580,5603869,17695,4969629,912,477513,1553,77300,86,10498,1639,87798,35826,24854.29,11138809,0
"2021-09-08",16168,5620037,14823,4984452,1072,478585,1766,79066,77,10575,1843,89641,33906,25153,11172715,0
"2021-09-09",16117,5636154,14749,4999201,1047,479632,1912,80978,70,10645,1982,91623,33895,25779.57,11206610,0
"2021-09-10",18375,5654529,15395,5014596,1208,480840,1968,82946,79,10724,2047,93670,37025,26460.86,11243635,0
"2021-09-11",12638,5667167,10348,5024944,958,481798,1025,83971,46,10770,1071,94741,25015,27070.43,11268650,0
"2021-09-12",8540,5675707,5050,5029994,766,482564,689,84660,29,10799,718,95459,15074,27298.29,11283724,0
"2021-09-13",16939,5692646,12956,5042950,976,483540,1651,86311,53,10852,1704,97163,32575,30473.71,11316299,0
"2021-09-14",16272,5708918,13677,5056627,886,484426,1592,87903,51,10903,1643,98806,32478,29995.43,11348777,0
"2021-09-15",15549,5724467,12877,5069504,727,485153,1565,89468,79,10982,1644,100450,30797,29551.29,11379574,0
"2021-09-16",15343,5739810,13906,5083410,1210,486363,1456,90924,63,11045,1519,101969,31978,29277.43,11411552,0
"2021-09-17",14438,5754248,13963,5097373,922,487285,1826,92750,54,11099,1880,103849,31203,28445.71,11442755,0
"2021-09-18",10005,5764253,10175,5107548,913,488198,1045,93795,40,11139,1085,104934,22178,28040.43,11464933,0
"2021-09-19",6179,5770432,6072,5113620,558,488756,745,94540,28,11167,773,105707,13582,27827.29,11478515,0
"2021-09-20",12678,5783110,12627,5126247,1067,489823,1919,96459,55,11222,1974,107681,28346,27223.14,11506861,0
"2021-09-21",12237,5795347,12767,5139014,1110,490933,2021,98480,76,11298,2097,109778,28211,26613.57,11535072,0
"2021-09-22",12824,5808171,12003,5151017,1089,492022,1681,100161,66,11364,1747,111525,27663,26165.86,11562735,0
"2021-09-23",14944,5823115,12758,5163775,1639,493661,2263,102424,71,11435,2334,113859,31675,26122.57,11594410,0
"2021-09-24",16450,5839565,13367,5177142,1633,495294,4624,107048,109,11544,4733,118592,36183,26834,11630593,0
"2021-09-25",10544,5850109,9023,5186165,1018,496312,3457,110505,77,11621,3534,122126,24119,27111.29,11654712,0
"2021-09-26",6305,5856414,5762,5191927,773,497085,2422,112927,55,11676,2477,124603,15317,27359.14,11670029,0
"2021-09-27",14162,5870576,8052,5199979,1155,498240,9057,121984,156,11832,9213,133816,32582,27964.29,11702611,0
"2021-09-28",11150,5881726,11778,5211757,901,499141,9906,131890,171,12003,10077,143893,33906,28777.86,11736517,0
"2021-09-29",11606,5893332,12192,5223949,1206,500347,9446,141336,157,12160,9603,153496,34607,29769.86,11771124,0
"2021-09-30",12243,5905575,12602,5236551,1338,501685,9735,151071,171,12331,9906,163402,36089,30400.43,11807213,0
"2021-10-01",12649,5918224,13431,5249982,1284,502969,10260,161331,144,12475,10404,173806,37768,30626.86,11844981,0
"2021-10-02",7736,5925960,9973,5259955,865,503834,4238,165569,75,12550,4313,178119,22887,30450.86,11867868,0
"2021-10-03",5079,5931039,6157,5266112,593,504427,2609,168178,54,12604,2663,180782,14492,30333,11882360,0
"2021-10-04",9913,5940952,11022,5277134,913,505340,9518,177696,138,12742,9656,190438,31504,30179,11913864,0
"2021-10-05",10166,5951118,11738,5288872,972,506312,9933,187629,169,12911,10102,200540,32978,30046.43,11946842,0
"2021-10-06",9917,5961035,11058,5299930,937,507249,9925,197554,151,13062,10076,210616,31988,29672.29,11978830,0
"2021-10-07",9666,5970701,12193,5312123,853,508102,10189,207743,165,13227,10354,220970,33066,29240.43,12011896,0
"2021-10-08",9464,5980165,12173,5324296,942,509044,10905,218648,157,13384,11062,232032,33641,28650.86,12045537,0
"2021-10-09",6261,5986426,8277,5332573,649,509693,4116,222764,87,13471,4203,236235,19390,28151.29,12064927,0
"2021-10-10",3541,5989967,5029,5337602,458,510151,2433,225197,40,13511,2473,238708,11501,27724,12076428,0
"2021-10-11",7625,5997592,9332,5346934,728,510879,8884,234081,153,13664,9037,247745,26722,27040.86,12103150,0
"2021-10-12",8079,6005671,10999,5357933,891,511770,10507,244588,177,13841,10684,258429,30653,26708.71,12133803,0
"2021-10-13",7156,6012827,10145,5368078,869,512639,8795,253383,175,14016,8970,267399,27140,26016.14,12160943,0
"2021-10-14",7447,6020274,11112,5379190,836,513475,10109,263492,158,14174,10267,277666,29662,25529.86,12190605,0
"2021-10-15",7731,6028005,11864,5391054,823,514298,10801,274293,161,14335,10962,288628,31380,25206.86,12221985,0
"2021-10-16",4866,6032871,7467,5398521,666,514964,3839,278132,65,14400,3904,292532,16903,24851.57,12238888,0
"2021-10-17",3061,6035932,4473,5402994,411,515375,2449,280581,40,14440,2489,295021,10434,24699.14,12249322,0
"2021-10-18",7058,6042990,10665,5413659,796,516171,9471,290052,164,14604,9635,304656,28154,24903.71,12277476,0
"2021-10-19",6579,6049569,8945,5422604,804,516975,9082,299134,163,14767,9245,313901,25573,24178,12303049,0
"2021-10-20",6541,6056110,9375,5431979,975,517950,9976,309110,168,14935,10144,324045,27035,24163,12330084,0
"2021-10-21",7035,6063145,9376,5441355,858,518808,10839,319949,145,15080,10984,335029,28253,23961.71,12358337,0
"2021-10-22",8133,6071278,10344,5451699,1026,519834,16335,336284,207,15287,16542,351571,36045,24628.14,12394382,0
"2021-10-23",5174,6076452,6457,5458156,690,520524,9119,345403,109,15396,9228,360799,21549,25291.86,12415931,0
"2021-10-24",3276,6079728,3971,5462127,770,521294,6150,351553,72,15468,6222,367021,14239,25835.43,12430170,0
"2021-10-25",8778,6088506,8742,5470869,1149,522443,19243,370796,282,15750,19525,386546,38194,27269.71,12468364,0
"2021-10-26",8206,6096712,7725,5478594,1258,523701,17282,388078,254,16004,17536,404082,34725,28577.14,12503089,0
"2021-10-27",10575,6107287,8394,5486988,1604,525305,20844,408922,300,16304,21144,425226,41717,30674.57,12544806,0
"2021-10-28",11337,6118624,8040,5495028,1793,527098,20833,429755,308,16612,21141,446367,42311,32682.86,12587117,0
"2021-10-29",11844,6130468,8241,5503269,1963,529061,22523,452278,312,16924,22835,469202,44883,33945.43,12632000,0
"2021-10-30",4630,6135098,5058,5508327,932,529993,11164,463442,157,17081,11321,480523,21941,34001.43,12653941,0
"2021-10-31",2665,6137763,2702,5511029,544,530537,6636,470078,94,17175,6730,487253,12641,33773.14,12666582,0
"2021-11-01",7144,6144907,6956,5517985,1089,531626,20376,490454,310,17485,20686,507939,35875,33441.86,12702457,0
"2021-11-02",6589,6151496,6593,5524578,1056,532682,20769,511223,260,17745,21029,528968,35267,33519.29,12737724,0
"2021-11-03",6856,6158352,6682,5531260,1026,533708,20623,531846,290,18035,20913,549881,35477,32627.86,12773201,0
"2021-11-04",9316,6167668,6281,5537541,995,534703,22347,554193,337,18372,22684,572565,39276,32194.29,12812477,0
"2021-11-05",11067,6178735,6723,5544264,1051,535754,23753,577946,337,18709,24090,596655,42931,31915.43,12855408,0
"2021-11-06",11134,6189869,4050,5548314,594,536348,12589,590535,159,18868,12748,609403,28526,32856.14,12883934,0
"2021-11-07",7258,6197127,2286,5550600,577,536925,7105,597640,88,18956,7193,616596,17314,33523.71,12901248,0
"2021-11-08",15058,6212185,5680,5556280,865,537790,19504,617144,268,19224,19772,636368,41375,34309.43,12942623,0
"2021-11-09",16160,6228345,5390,5561670,661,538451,20502,637646,259,19483,20761,657129,42972,35410.14,12985595,0
"2021-11-10",16942,6245287,5323,5566993,683,539134,22631,660277,280,19763,22911,680040,45859,36893.29,13031454,0
"2021-11-11",12582,6257869,5187,5572180,760,539894,22071,682348,279,20042,22350,702390,40879,37122.29,13072333,0
"2021-11-12",16902,6274771,5688,5577868,706,540600,23382,705730,347,20389,23729,726119,47025,37707.14,13119358,0
"2021-11-13",9949,6284720,3662,5581530,465,541065,13319,719049,173,20562,13492,739611,27568,37570.29,13146926,0
"2021-11-14",6022,6290742,2294,5583824,325,541390,7921,726970,73,20635,7994,747605,16635,37473.29,13163561,0
"2021-11-15",13231,6303973,5974,5589798,690,542080,25096,752066,338,20973,25434,773039,45329,38038.14,13208890,0
"2021-11-16",9986,6313959,5781,5595579,656,542736,30654,782720,402,21375,31056,804095,47479,38682,13256369,0
"2021-11-17",10318,6324277,6676,5602255,681,543417,31404,814124,397,21772,31801,835896,49476,39198.71,13305845,0
"2021-11-18",10744,6335021,6545,5608800,860,544277,32994,847118,429,22201,33423,869319,51572,40726.29,13357417,0
"2021-11-19",12034,6347055,6554,5615354,715,544992,36234,883352,436,22637,36670,905989,55973,42004.57,13413390,0
"2021-11-20",9341,6356396,3419,5618773,513,545505,22505,905857,244,22881,22749,928738,36022,43212.29,13449412,0
"2021-11-21",4963,6361359,1887,5620660,288,545793,13195,919052,142,23023,13337,942075,20475,43760.86,13469887,0
"2021-11-22",10462,6371821,5789,5626449,751,546544,35901,954953,424,23447,36325,978400,53327,44903.43,13523214,0
"2021-11-23",9817,6381638,4780,5631229,636,547180,33501,988454,355,23802,33856,1012256,49089,45133.43,13572303,0
"2021-11-24",8718,6390356,4753,5635982,651,547831,25905,1014359,266,24068,26171,1038427,40293,43821.57,13612596,0
"2021-11-25",449,6390805,325,5636307,80,547911,1003,1015362,9,24077,1012,1039439,1866,36720.71,13614462,0
"2021-11-26",8073,6398878,6988,5643295,530,548441,26573,1041935,279,24356,26852,1066291,42443,34787.86,13656905,0
"2021-11-27",6688,6405566,6834,5650129,371,548812,18836,1060771,209,24565,19045,1085336,32938,34347.29,13689843,0
"2021-11-28",4082,6409648,5784,5655913,282,549094,11875,1072646,113,24678,11988,1097324,22136,34584.57,13711979,0
"2021-11-29",9109,6418757,10987,5666900,687,549781,35013,1107659,409,25087,35422,1132746,56205,34995.71,13768184,0
"2021-11-30",10527,6429284,11437,5678337,513,550294,37776,1145435,469,25556,38245,1170991,60722,36657.57,13828906,0
"2021-12-01",11201,6440485,10985,5689322,723,551017,40332,1185767,419,25975,40751,1211742,63660,39995.71,13892566,0
"2021-12-02",11678,6452163,11033,5700355,627,551644,42144,1227911,435,26410,42579,1254321,65917,49145.86,13958483,0
"2021-12-03",13520,6465683,12891,5713246,677,552321,47904,1275815,494,26904,48398,1302719,75486,53866.29,14033969,0
"2021-12-04",9870,6475553,11294,5724540,567,552888,30665,1306480,288,27192,30953,1333672,52684,56687.14,14086653,0
"2021-12-05",5766,6481319,5707,5730247,271,553159,16651,1323131,123,27315,16774,1350446,28518,57598.86,14115171,0
"2021-12-06",12361,6493680,9956,5740203,602,553761,43225,1366356,426,27741,43651,1394097,66570,59079.57,14181741,0
"2021-12-07",12618,6506298,9255,5749458,624,554385,43017,1409373,479,28220,43496,1437593,65993,59832.57,14247734,0
"2021-12-08",13557,6519855,8769,5758227,554,554939,40771,1450144,450,28670,41221,1478814,64101,59895.57,14311835,0
"2021-12-09",13527,6533382,8759,5766986,555,555494,40797,1490941,468,29138,41265,1520079,64106,59636.86,14375941,0
"2021-12-10",14056,6547438,10143,5777129,671,556165,43648,1534589,476,29614,44124,1564203,68994,58709.43,14444935,0
"2021-12-11",10283,6557721,8120,5785249,405,556570,26693,1561282,261,29875,26954,1591157,45762,57720.57,14490697,0
"2021-12-12",6026,6563747,3856,5789105,290,556860,15160,1576442,128,30003,15288,1606445,25460,57283.71,14516157,0
"2021-12-13",12250,6575997,7427,5796532,657,557517,37866,1614308,373,30376,38239,1644684,58573,56141.29,14574730,0
"2021-12-14",12257,6588254,6957,5803489,731,558248,38132,1652440,414,30790,38546,1683230,58491,55069.57,14633221,0
"2021-12-15",12128,6600382,6240,5809729,756,559004,38105,1690545,469,31259,38574,1721804,57698,54154.86,14690919,0
"2021-12-16",13148,6613530,4274,5814003,741,559745,41029,1731574,425,31684,41454,1763258,59617,53513.57,14750536,0
"2021-12-17",15962,6629492,6936,5820939,620,560365,46743,1778317,452,32136,47195,1810453,70713,53759.14,14821249,0
"2021-12-18",13034,6642526,5719,5826658,432,560797,30600,1808917,257,32393,30857,1841310,50042,54370.57,14871291,0
"2021-12-19",7028,6649554,2996,5829654,326,561123,17990,1826907,163,32556,18153,1859463,28503,54805.29,14899794,0
"2021-12-20",16885,6666439,5864,5835518,747,561870,47410,1874317,541,33097,47951,1907414,71447,56644.43,14971241,0
"2021-12-21",17980,6684419,6571,5842089,806,562676,48877,1923194,555,33652,49432,1956846,74789,58972.71,15046030,0
"2021-12-22",18551,6702970,6560,5848649,938,563614,49633,1972827,509,34161,50142,2006988,76191,61614.57,15122221,0
"2021-12-23",19056,6722026,6478,5855127,929,564543,45804,2018631,501,34662,46305,2053293,72768,63493.29,15194989,0
"2021-12-24",9240,6731266,2953,5858080,598,565141,20588,2039219,200,34862,20788,2074081,33579,58188.43,15228568,0
"2021-12-25",343,6731609,64,5858144,31,565172,426,2039645,8,34870,434,2074515,872,51164.14,15229440,0
"2021-12-26",7972,6739581,3927,5862071,341,565513,17271,2056916,164,35034,17435,2091950,29675,51331.57,15259115,0
"2021-12-27",21798,6761379,9205,5871276,932,566445,43415,2100331,528,35562,43943,2135893,75878,51964.57,15334993,0
"2021-12-28",20165,6781544,8328,5879604,698,567143,47556,2147887,584,36146,48140,2184033,77331,52327.71,15412324,0
"2021-12-29",18497,6800041,7672,5887276,607,567750,45523,2193410,462,36608,45985,2230018,72761,51837.71,15485085,0
"2021-12-30",16883,6816924,7418,5894694,584,568334,44806,2238216,556,37164,45362,2275380,70247,51477.57,15555332,0
"2021-12-31",5361,6822285,2809,5897503,193,568527,14758,2252974,171,37335,14929,2290309,23292,50008,15578624,0
"2022-01-01",242,6822527,146,5897649,11,568538,498,2253472,13,37348,511,2290820,910,50013.43,15579534,0
"2022-01-02",6433,6828960,5022,5902671,153,568691,10972,2264444,105,37453,11077,2301897,22685,49014.86,15602219,0
"2022-01-03",14159,6843119,8477,5911148,515,569206,26888,2291332,286,37739,27174,2329071,50325,45364.43,15652544,0
"2022-01-04",13054,6856173,8086,5919234,414,569620,27040,2318372,337,38076,27377,2356448,48931,41307.29,15701475,0
"2022-01-05",11563,6867736,6987,5926221,384,570004,25789,2344161,290,38366,26079,2382527,45013,37343.29,15746488,0
"2022-01-06",11506,6879242,7382,5933603,485,570489,27496,2371657,319,38685,27815,2410342,47188,34049.14,15793676,0
"2022-01-07",10430,6889672,8418,5942021,337,570826,24989,2396646,301,38986,25290,2435632,44475,37075.29,15838151,0
"2022-01-08",7897,6897569,8561,5950582,310,571136,19431,2416077,169,39155,19600,2455232,36368,42140.71,15874519,0
"2022-01-09",4136,6901705,3844,5954426,214,571350,10057,2426134,86,39241,10143,2465375,18337,41519.57,15892856,0
"2022-01-10",10181,6911886,8188,5962614,490,571840,24600,2450734,286,39527,24886,2490261,43745,40579.57,15936601,0
"2022-01-11",8900,6920786,7996,5970610,521,572361,21011,2471745,270,39797,21281,2511542,38698,39117.71,15975299,0
"2022-01-12",8943,6929729,8317,5978927,428,572789,22319,2494064,282,40079,22601,2534143,40289,38442.86,16015588,0
"2022-01-13",9049,6938778,8865,5987792,450,573239,22868,2516932,300,40379,23168,2557311,41532,37634.86,16057120,0
"2022-01-14",10121,6948899,8120,5995912,476,573715,26421,2543353,306,40685,26727,2584038,45444,37773.29,16102564,0
"2022-01-15",6207,6955106,4308,6000220,179,573894,15147,2558500,165,40850,15312,2599350,26006,36293,16128570,0
"2022-01-16",2919,6958025,3250,6003470,95,573989,7817,2566317,79,40929,7896,2607246,14160,35696.29,16142730,0
"2022-01-17",6083,6964108,6761,6010231,363,574352,14670,2580987,206,41135,14876,2622122,28083,33458.86,16170813,0
"2022-01-18",8171,6972279,10314,6020545,397,574749,19658,2600645,308,41443,19966,2642088,38848,33480.29,16209661,0
"2022-01-19",7480,6979759,9248,6029793,305,575054,17701,2618346,262,41705,17963,2660051,34996,32724.14,16244657,0
"2022-01-20",6284,6986043,8560,6038353,305,575359,15245,2633591,228,41933,15473,2675524,30622,31165.57,16275279,0
"2022-01-21",7578,6993621,7502,6045855,276,575635,18499,2652090,273,42206,18772,2694296,34128,29549,16309407,0
"2022-01-22",5191,6998812,4939,6050794,131,575766,11317,2663407,120,42326,11437,2705733,21698,28933.57,16331105,0
"2022-01-23",2813,7001625,3328,6054122,97,575863,6227,2669634,74,42400,6301,2712034,12539,28702,16343644,0
"2022-01-24",6373,7007998,8196,6062318,262,576125,15072,2684706,231,42631,15303,2727337,30134,28995,16373778,0
"2022-01-25",6198,7014196,7934,6070252,233,576358,14681,2699387,254,42885,14935,2742272,29300,27631,16403078,0
"2022-01-26",5754,7019950,7169,6077421,289,576647,14014,2713401,204,43089,14218,2756490,27430,26550.14,16430508,0
"2022-01-27",5265,7025215,7089,6084510,321,576968,14075,2727476,226,43315,14301,2770791,26976,26029.29,16457484,0
"2022-01-28",6263,7031478,7863,6092373,203,577171,16125,2743601,230,43545,16355,2787146,30684,25537.29,16488168,0
"2022-01-29",841,7032319,728,6093101,28,577199,2537,2746138,38,43583,2575,2789721,4172,23033.57,16492340,0
"2022-01-30",2097,7034416,3022,6096123,103,577302,4534,2750672,61,43644,4595,2794316,9817,22644.71,16502157,0
"2022-01-31",5006,7039422,6597,6102720,220,577522,11372,2762044,194,43838,11566,2805882,23389,21681.14,16525546,0
"2022-02-01",4845,7044267,6437,6109157,219,577741,10706,2772750,208,44046,10914,2816796,22415,20697.57,16547961,0
"2022-02-02",4253,7048520,5921,6115078,213,577954,11221,2783971,234,44280,11455,2828251,21842,19899.29,16569803,0
"2022-02-03",4235,7052755,5804,6120882,216,578170,11208,2795179,193,44473,11401,2839652,21656,19139.29,16591459,0
"2022-02-04",4777,7057532,7109,6127991,214,578384,13212,2808391,231,44704,13443,2853095,25543,18404.86,16617002,0
"2022-02-05",3588,7061120,6049,6134040,110,578494,8571,2816962,145,44849,8716,2861811,18463,20446.43,16635465,0
"2022-02-06",2062,7063182,2135,6136175,121,578615,4634,2821596,102,44951,4736,2866547,9054,20337.43,16644519,0
"2022-02-07",4158,7067340,4722,6140897,205,578820,10134,2831730,226,45177,10360,2876907,19445,19774,16663964,0
"2022-02-08",4225,7071565,5610,6146507,214,579034,11322,2843052,300,45477,11622,2888529,21671,19667.71,16685635,0
"2022-02-09",4139,7075704,5403,6151910,222,579256,11659,2854711,245,45722,11904,2900433,21668,19642.86,16707303,0
"2022-02-10",4000,7079704,5118,6157028,245,579501,12195,2866906,276,45998,12471,2912904,21834,19668.29,16729137,0
"2022-02-11",4519,7084223,5806,6162834,195,579696,13733,2880639,310,46308,14043,2926947,24563,19528.29,16753700,0
"2022-02-12",3258,7087481,4341,6167175,97,579793,8806,2889445,211,46519,9017,2935964,16713,19278.29,16770413,0
"2022-02-13",1521,7089002,1542,6168717,41,579834,4878,2894323,105,46624,4983,2940947,8087,19140.14,16778500,0
"2022-02-14",2987,7091989,3621,6172338,167,580001,10566,2904889,320,46944,10886,2951833,17661,18885.29,16796161,0
"2022-02-15",3562,7095551,4071,6176409,176,580177,12770,2917659,273,47217,13043,2964876,20852,18768.29,16817013,0
"2022-02-16",3666,7099217,3897,6180306,200,580377,15702,2933361,286,47503,15988,2980864,23751,19065.86,16840764,0
"2022-02-17",4041,7103258,4081,6184387,162,580539,18268,2951629,351,47854,18619,2999483,26903,19790,16867667,0
"2022-02-18",4480,7107738,4779,6189166,190,580729,21528,2973157,445,48299,21973,3021456,31422,20769.86,16899089,0
"2022-02-19",3256,7110994,2180,6191346,65,580794,11173,2984330,211,48510,11384,3032840,16885,20794.43,16915974,0
"2022-02-20",1863,7112857,1445,6192791,59,580853,6576,2990906,111,48621,6687,3039527,10054,21075.43,16926028,0
"2022-02-21",3088,7115945,2690,6195481,95,580948,8353,2999259,221,48842,8574,3048101,14447,20616.29,16940475,0
"2022-02-22",4381,7120326,4247,6199728,175,581123,10828,3010087,245,49087,11073,3059174,19876,20476.86,16960351,0
"2022-02-23",4273,7124599,3794,6203522,145,581268,10657,3020744,232,49319,10889,3070063,19101,19812.57,16979452,0
"2022-02-24",3793,7128392,3655,6207177,108,581376,10181,3030925,228,49547,10409,3080472,17965,18535.71,16997417,0
"2022-02-25",3621,7132013,3621,6210798,134,581510,9975,3040900,229,49776,10204,3090676,17580,16558.29,17014997,0
"2022-02-26",2843,7134856,2579,6213377,74,581584,9508,3050408,150,49926,9658,3100334,15154,16311,17030151,0
"2022-02-27",1775,7136631,1371,6214748,52,581636,6266,3056674,97,50023,6363,3106697,9561,16240.57,17039712,0
"2022-02-28",3809,7140440,3131,6217879,140,581776,13121,3069795,245,50268,13366,3120063,20446,17097.57,17060158,0
"2022-03-01",2138,7142578,2622,6220501,103,581879,5170,3074965,181,50449,5351,3125414,10214,15717.29,17070372,0
"2022-03-02",1842,7144420,2437,6222938,106,581985,4122,3079087,204,50653,4326,3129740,8711,14233,17079083,0
"2022-03-03",1939,7146359,2557,6225495,106,582091,3794,3082881,168,50821,3962,3133702,8564,12890,17087647,0
"2022-03-04",2121,7148480,2871,6228366,66,582157,4325,3087206,205,51026,4530,3138232,9588,11748.29,17097235,0
"2022-03-05",1611,7150091,2124,6230490,43,582200,3315,3090521,112,51138,3427,3141659,7205,10612.71,17104440,0
"2022-03-06",799,7150890,879,6231369,30,582230,1622,3092143,54,51192,1676,3143335,3384,9730.29,17107824,0
"2022-03-07",1667,7152557,1787,6233156,86,582316,3495,3095638,159,51351,3654,3146989,7194,7837.14,17115018,0
"2022-03-08",1550,7154107,1892,6235048,80,582396,3123,3098761,145,51496,3268,3150257,6790,7348,17121808,0
"2022-03-09",1269,7155376,1667,6236715,79,582475,2582,3101343,129,51625,2711,3152968,5726,6921.57,17127534,0
"2022-03-10",1422,7156798,2099,6238814,85,582560,2951,3104294,159,51784,3110,3156078,6716,6657.57,17134250,0
"2022-03-11",1605,7158403,2271,6241085,81,582641,3211,3107505,186,51970,3397,3159475,7354,6338.43,17141604,0
"2022-03-12",879,7159282,1413,6242498,40,582681,2004,3109509,72,52042,2076,3161551,4408,5938.86,17146012,0
"2022-03-13",626,7159908,757,6243255,27,582708,1292,3110801,47,52089,1339,3162890,2749,5848.14,17148761,0
"2022-03-14",1376,7161284,1601,6244856,83,582791,2988,3113789,204,52293,3192,3166082,6252,5713.57,17155013,0
"2022-03-15",1363,7162647,1924,6246780,63,582854,3068,3116857,227,52520,3295,3169377,6645,5692.86,17161658,0
"2022-03-16",1401,7164048,2065,6248845,94,582948,3133,3119990,292,52812,3425,3172802,6985,5872.71,17168643,0
"2022-03-17",1183,7165231,1809,6250654,70,583018,2755,3122745,262,53074,3017,3175819,6079,5781.71,17174722,0
"2022-03-18",1592,7166823,2205,6252859,80,583098,3767,3126512,413,53487,4180,3179999,8057,5882.14,17182779,0
"2022-03-19",1113,7167936,1733,6254592,54,583152,2597,3129109,224,53711,2821,3182820,5721,6069.71,17188500,0
"2022-03-20",612,7168548,627,6255219,33,583185,1463,3130572,183,53894,1646,3184466,2918,6093.86,17191418,0
"2022-03-21",1423,7169971,1551,6256770,73,583258,3051,3133623,351,54245,3402,3187868,6449,6122,17197867,0
"2022-03-22",1344,7171315,1551,6258321,101,583359,2902,3136525,338,54583,3240,3191108,6236,6063.57,17204103,0
"2022-03-23",1263,7172578,1361,6259682,66,583425,2916,3139441,371,54954,3287,3194395,5977,5919.57,17210080,0
"2022-03-24",1209,7173787,1299,6260981,90,583515,2515,3141956,263,55217,2778,3197173,5376,5819.14,17215456,0
"2022-03-25",1391,7175178,1626,6262607,62,583577,3261,3145217,372,55589,3633,3200806,6712,5627,17222168,0
"2022-03-26",927,7176105,1163,6263770,36,583613,2300,3147517,249,55838,2549,3203355,4675,5477.57,17226843,0
"2022-03-27",574,7176679,527,6264297,29,583642,1312,3148829,203,56041,1515,3204870,2645,5438.57,17229488,0
"2022-03-28",1088,7177767,1161,6265458,68,583710,2440,3151269,354,56395,2794,3207664,5111,5247.43,17234599,0
"2022-03-29",1052,7178819,1105,6266563,85,583795,2513,3153782,872,57267,3385,3211049,5627,5160.43,17240226,0
"2022-03-30",1250,7180069,1142,6267705,98,583893,3062,3156844,3375,60642,6437,3217486,8927,5581.86,17249153,0
"2022-03-31",1290,7181359,1260,6268965,57,583950,3165,3160009,5471,66113,8636,3226122,11243,6420,17260396,0
"2022-04-01",1438,7182797,1496,6270461,76,584026,3248,3163257,6862,72975,10110,3236232,13120,7335.43,17273516,0
"2022-04-02",913,7183710,913,6271374,33,584059,2098,3165355,4491,77466,6589,3242821,8448,7874.43,17281964,0
"2022-04-03",561,7184271,499,6271873,28,584087,1223,3166578,3040,80506,4263,3247084,5351,8261,17287315,0
"2022-04-04",1359,7185630,1309,6273182,60,584147,2731,3169309,7642,88148,10373,3257457,13101,9402.43,17300416,0
"2022-04-05",1306,7186936,1163,6274345,66,584213,2858,3172167,7434,95582,10292,3267749,12827,10431,17313243,0
"2022-04-06",1326,7188262,1186,6275531,61,584274,2621,3174788,6908,102490,9529,3277278,12102,10884.57,17325345,0
"2022-04-07",1212,7189474,1062,6276593,54,584328,2376,3177164,6571,109061,8947,3286225,11275,10889.14,17336620,0
"2022-04-08",1497,7190971,1403,6277996,62,584390,3163,3180327,8719,117780,11882,3298107,14844,11135.43,17351464,0
"2022-04-09",935,7191906,918,6278914,29,584419,2064,3182391,4907,122687,6971,3305078,8853,11193.29,17360317,0
"2022-04-10",590,7192496,461,6279375,25,584444,1169,3183560,2868,125555,4037,3309115,5113,11159.29,17365430,0
"2022-04-11",1336,7193832,1234,6280609,59,584503,2661,3186221,7730,133285,10391,3319506,13020,11147.71,17378450,0
"2022-04-12",1222,7195054,1056,6281665,73,584576,2528,3188749,7363,140648,9891,3329397,12242,11064.14,17390692,0
"2022-04-13",1263,7196317,1076,6282741,59,584635,2502,3191251,7481,148129,9983,3339380,12381,11104,17403073,0
"2022-04-14",1281,7197598,1098,6283839,59,584694,2431,3193682,6523,154652,8954,3348334,11392,11120.71,17414465,0
"2022-04-15",1352,7198950,1095,6284934,53,584747,2561,3196243,6567,161219,9128,3357462,11628,10661.29,17426093,0
"2022-04-16",873,7199823,652,6285586,33,584780,1638,3197881,3636,164855,5274,3362736,6832,10372.57,17432925,0
"2022-04-17",347,7200170,203,6285789,27,584807,639,3198520,1143,165998,1782,3364518,2359,9979.14,17435284,0
"2022-04-18",1388,7201558,1116,6286905,82,584889,2586,3201106,6358,172356,8944,3373462,11530,9766.29,17446814,0
"2022-04-19",1416,7202974,938,6287843,72,584961,2572,3203678,5694,178050,8266,3381728,10692,9544.86,17457506,0
"2022-04-20",1315,7204289,1145,6288988,65,585026,2683,3206361,6578,184628,9261,3390989,11786,9459.86,17469292,0
"2022-04-21",1225,7205514,1062,6290050,53,585079,2328,3208689,5288,189916,7616,3398605,9956,9254.71,17479248,0
"2022-04-22",1220,7206734,1026,6291076,46,585125,2200,3210889,5576,195492,7776,3406381,10068,9031.86,17489316,0
"2022-04-23",718,7207452,750,6291826,59,585184,1426,3212315,3318,198810,4744,3411125,6271,8951.71,17495587,0
"2022-04-24",443,7207895,338,6292164,27,585211,813,3213128,1797,200607,2610,3413735,3418,9103,17499005,0
"2022-04-25",1033,7208928,913,6293077,64,585275,1850,3214978,5043,205650,6893,3420628,8903,8727.71,17507908,0
"2022-04-26",947,7209875,858,6293935,76,585351,1753,3216731,4647,210297,6400,3427028,8281,8383.29,17516189,0
"2022-04-27",1041,7210916,1011,6294946,80,585431,1932,3218663,5163,215460,7095,3434123,9227,8017.71,17525416,0
"2022-04-28",1092,7212008,986,6295932,50,585481,2004,3220667,4690,220150,6694,3440817,8822,7855.71,17534238,0
"2022-04-29",1191,7213199,1106,6297038,60,585541,2157,3222824,5324,225474,7481,3448298,9838,7822.86,17544076,0
"2022-04-30",727,7213926,741,6297779,43,585584,1393,3224217,2931,228405,4324,3452622,5835,7760.57,17549911,0
"2022-05-01",449,7214375,367,6298146,20,585604,764,3224981,1636,230041,2400,3455022,3236,7734.57,17553147,0
"2022-05-02",1055,7215430,791,6298937,52,585656,1673,3226654,3777,233818,5450,3460472,7348,7512.43,17560495,0
"2022-05-03",1127,7216557,860,6299797,61,585717,1989,3228643,4816,238634,6805,3467277,8853,7594.14,17569348,0
"2022-05-04",1023,7217580,883,6300680,48,585765,1912,3230555,4592,243226,6504,3473781,8458,7484.29,17577806,0
"2022-05-05",1056,7218636,953,6301633,86,585851,1923,3232478,4828,248054,6751,3480532,8846,7487.71,17586652,0
"2022-05-06",1095,7219731,959,6302592,50,585901,1865,3234343,4333,252387,6198,3486730,8302,7268.29,17594954,0
"2022-05-07",663,7220394,591,6303183,31,585932,1208,3235551,2409,254796,3617,3490347,4902,7135,17599856,0
"2022-05-08",415,7220809,247,6303430,17,585949,669,3236220,1365,256161,2034,3492381,2713,7060.29,17602569,0
"2022-05-09",1081,7221890,948,6304378,60,586009,1883,3238103,4393,260554,6276,3498657,8365,7205.57,17610934,0
"2022-05-10",1100,7222990,926,6305304,54,586063,1987,3240090,4663,265217,6650,3505307,8730,7188,17619664,0
"2022-05-11",1095,7224085,978,6306282,44,586107,1937,3242027,4785,270002,6722,3512029,8839,7242.43,17628503,0
"2022-05-12",1099,7225184,948,6307230,58,586165,1998,3244025,4604,274606,6602,3518631,8707,7222.57,17637210,0
"2022-05-13",1164,7226348,1038,6308268,44,586209,2058,3246083,4742,279348,6800,3525431,9046,7328.86,17646256,0
"2022-05-14",829,7227177,670,6308938,31,586240,1470,3247553,2910,282258,4380,3529811,5910,7472.86,17652166,0
"2022-05-15",513,7227690,355,6309293,21,586261,922,3248475,1630,283888,2552,3532363,3441,7576.86,17655607,0
"2022-05-16",1231,7228921,860,6310153,60,586321,1824,3250299,3820,287708,5644,3538007,7795,7495.43,17663402,0
"2022-05-17",1299,7230220,923,6311076,79,586400,2052,3252351,4830,292538,6882,3544889,9183,7560.14,17672585,0
"2022-05-18",1248,7231468,906,6311982,82,586482,2061,3254412,4871,297409,6932,3551821,9168,7607.14,17681753,0
"2022-05-19",1174,7232642,872,6312854,35,586517,2109,3256521,4658,302067,6767,3558588,8848,7627.29,17690601,0
"2022-05-20",1206,7233848,957,6313811,74,586591,2367,3258888,5124,307191,7491,3566079,9728,7724.71,17700329,0
"2022-05-21",837,7234685,647,6314458,23,586614,1726,3260614,3261,310452,4987,3571066,6494,7808.14,17706823,0
"2022-05-22",512,7235197,292,6314750,22,586636,1132,3261746,1823,312275,2955,3574021,3781,7856.71,17710604,0
"2022-05-23",1228,7236425,890,6315640,47,586683,2181,3263927,4658,316933,6839,3580860,9004,8029.43,17719608,0
"2022-05-24",1435,7237860,939,6316579,66,586749,2282,3266209,4425,321358,6707,3587567,9147,8024.29,17728755,0
"2022-05-25",1439,7239299,955,6317534,56,586805,2258,3268467,4194,325552,6452,3594019,8902,7986.29,17737657,0
"2022-05-26",1179,7240478,865,6318399,60,586865,2256,3270723,4082,329634,6338,3600357,8442,7928.29,17746099,0
"2022-05-27",1252,7241730,955,6319354,38,586903,2491,3273214,3846,333480,6337,3606694,8582,7764.57,17754681,0
"2022-05-28",720,7242450,516,6319870,19,586922,1771,3274985,2040,335520,3811,3610505,5066,7560.57,17759747,0
"2022-05-29",474,7242924,215,6320085,11,586933,762,3275747,1112,336632,1874,3612379,2574,7388.14,17762321,0
"2022-05-30",91,7243015,56,6320141,6,586939,137,3275884,143,336775,280,3612659,433,6163.71,17762754,0
"2022-05-31",1129,7244144,908,6321049,51,586990,1875,3277759,3030,339805,4905,3617564,6993,5856,17769747,0
"2022-06-01",1144,7245288,842,6321891,63,587053,1959,3279718,3373,343178,5332,3622896,7381,5638.71,17777128,0
"2022-06-02",1025,7246313,796,6322687,71,587124,1808,3281526,3134,346312,4942,3627838,6834,5409,17783962,0
"2022-06-03",1171,7247484,885,6323572,47,587171,2049,3283575,3472,349784,5521,3633359,7624,5272.14,17791586,0
"2022-06-04",724,7248208,579,6324151,26,587197,1551,3285126,1885,351669,3436,3636795,4765,5229.14,17796351,0
"2022-06-05",448,7248656,296,6324447,1,587198,877,3286003,967,352636,1844,3638639,2589,5231.29,17798940,0
"2022-06-06",1125,7249781,821,6325268,63,587261,1748,3287751,2716,355352,4464,3643103,6473,6094.14,17805413,0
"2022-06-07",1018,7250799,766,6326034,70,587331,1760,3289511,2536,357888,4296,3647399,6150,5973.71,17811563,0
"2022-06-08",1091,7251890,831,6326865,75,587406,1866,3291377,2703,360591,4569,3651968,6566,5857.29,17818129,0
"2022-06-09",1140,7253030,834,6327699,61,587467,2193,3293570,2666,363257,4859,3656827,6894,5865.86,17825023,0
"2022-06-10",1046,7254076,809,6328508,76,587543,1869,3295439,2776,366033,4645,3661472,6576,5716.14,17831599,0
"2022-06-11",685,7254761,508,6329016,24,587567,1313,3296752,1494,367527,2807,3664279,4024,5610.29,17835623,0
"2022-06-12",351,7255112,285,6329301,19,587586,877,3297629,765,368292,1642,3665921,2297,5568.57,17837920,0
"2022-06-13",1029,7256141,761,6330062,61,587647,1562,3299191,2167,370459,3729,3669650,5580,5441,17843500,0
"2022-06-14",936,7257077,810,6330872,54,587701,1652,3300843,2480,372939,4132,3673782,5932,5409.86,17849432,0
"2022-06-15",961,7258038,847,6331719,39,587740,1629,3302472,2382,375321,4011,3677793,5858,5308.71,17855290,0
"2022-06-16",931,7258969,765,6332484,57,587797,1786,3304258,2285,377606,4071,3681864,5824,5155.86,17861114,0
"2022-06-17",889,7259858,777,6333261,43,587840,1722,3305980,2287,379893,4009,3685873,5718,5033.29,17866832,0
"2022-06-18",663,7260521,520,6333781,25,587865,1268,3307248,1288,381181,2556,3688429,3764,4996.14,17870596,0
"2022-06-19",354,7260875,230,6334011,16,587881,709,3307957,597,381778,1306,3689735,1906,4940.29,17872502,0
"2022-06-20",822,7261697,480,6334491,41,587922,1540,3309497,1595,383373,3135,3692870,4478,4782.86,17876980,0
"2022-06-21",1052,7262749,715,6335206,50,587972,1652,3311149,2074,385447,3726,3696596,5543,4727.29,17882523,0
"2022-06-22",976,7263725,796,6336002,42,588014,1643,3312792,1914,387361,3557,3700153,5371,4657.71,17887894,0
"2022-06-23",918,7264643,734,6336736,64,588078,1651,3314443,2046,389407,3697,3703850,5413,4599,17893307,0
"2022-06-24",917,7265560,744,6337480,47,588125,1595,3316038,2095,391502,3690,3707540,5398,4553.29,17898705,0
"2022-06-25",626,7266186,479,6337959,15,588140,1223,3317261,1109,392611,2332,3709872,3452,4508.71,17902157,0
"2022-06-26",433,7266619,244,6338203,14,588154,667,3317928,524,393135,1191,3711063,1882,4505.29,17904039,0
"2022-06-27",849,7267468,638,6338841,56,588210,1429,3319357,1570,394705,2999,3714062,4542,4514.43,17908581,0
"2022-06-28",962,7268430,805,6339646,48,588258,1816,3321173,2061,396766,3877,3717939,5692,4535.71,17914273,120000
"2022-06-29",864,7269294,741,6340387,46,588304,1617,3322790,1811,398577,3428,3721367,5079,4494,17919352,120000
"2022-06-30",841,7270135,762,6341149,44,588348,1629,3324419,1944,400521,3573,3724940,5220,4466.43,17924572,120000
"2022-07-01",684,7270819,558,6341707,20,588368,1304,3325723,1642,402163,2946,3727886,4208,4296.43,17928780,120000
"2022-07-02",414,7271233,358,6342065,13,588381,794,3326517,896,403059,1690,3729576,2475,4156.86,17931255,120000
"2022-07-03",295,7271528,198,6342263,5,588386,444,3326961,469,403528,913,3730489,1411,4089.57,17932666,120000
"2022-07-04",13,7271541,7,6342270,0,588386,11,3326972,11,403539,22,3730511,42,3446.71,17932708,120000
