"DATE","ADMIN_DOSE1_DAILY","ADMIN_DOSE1_CUMULATIVE","ADMIN_DOSE2_DAILY","ADMIN_DOSE2_CUMULATIVE","ADMIN_SINGLE_DAILY","ADMIN_SINGLE_CUMULATIVE","ADMIN_ALLDOSES_DAILY","ADMIN_ALLDOSES_7DAYAVG","ADMIN_ALLDOSES_CUMULATIVE","INCOMPLETE"
"2020-12-14",78,78,0,0,0,0,78,,78,0
"2020-12-15",2045,2123,2,2,3,3,2050,,2128,0
"2020-12-16",4550,6673,12,14,1,4,4563,,6691,0
"2020-12-17",4519,11192,12,26,0,4,4531,,11222,0
"2020-12-18",5779,16971,25,51,2,6,5806,,17028,0
"2020-12-19",1685,18656,6,57,3,9,1694,,18722,0
"2020-12-20",1108,19764,1,58,1,10,1110,2833.14,19832,0
"2020-12-21",6261,26025,13,71,1,11,6275,3718.43,26107,0
"2020-12-22",9764,35789,19,90,2,13,9785,4823.43,35892,0
"2020-12-23",14233,50022,31,121,2,15,14266,6209.57,50158,0
"2020-12-24",7199,57221,54,175,1,16,7254,6598.57,57412,0
"2020-12-25",179,57400,0,175,0,16,179,5794.71,57591,0
"2020-12-26",4327,61727,35,210,0,16,4362,6175.86,61953,0
"2020-12-27",3830,65557,7,217,0,16,3837,6565.43,65790,0
"2020-12-28",10967,76524,36,253,1,17,11004,7241,76794,0
"2020-12-29",10699,87223,24,277,2,19,10725,7375.29,87519,0
"2020-12-30",12774,99997,50,327,0,19,12824,7169.29,100343,0
"2020-12-31",7234,107231,20,347,0,19,7254,7169.29,107597,0
"2021-01-01",166,107397,2,349,1,20,169,7167.86,107766,0
"2021-01-02",3805,111202,8,357,2,22,3815,7089.71,111581,0
"2021-01-03",3526,114728,18,375,1,23,3545,7048,115126,0
"2021-01-04",12189,126917,791,1166,0,23,12980,7330.29,128106,0
"2021-01-05",13970,140887,2139,3305,0,23,16109,8099.43,144215,0
"2021-01-06",17723,158610,3876,7181,0,23,21599,9353,165814,0
"2021-01-07",16499,175109,5043,12224,3,26,21545,11394.57,187359,0
"2021-01-08",16470,191579,5328,17552,0,26,21798,14484.43,209157,0
"2021-01-09",7664,199243,1438,18990,1,27,9103,15239.86,218260,0
"2021-01-10",7849,207092,965,19955,0,27,8814,15992.57,227074,0
"2021-01-11",25634,232726,7293,27248,1,28,32928,18842.29,260002,0
"2021-01-12",27893,260619,7782,35030,0,28,35675,21637.43,295677,0
"2021-01-13",31428,292047,9307,44337,1,29,40736,24371.29,336413,0
"2021-01-14",35491,327538,5262,49599,1,30,40754,27115.43,377167,0
"2021-01-15",28966,356504,3559,53158,2,32,32527,28648.14,409694,0
"2021-01-16",30124,386628,2311,55469,0,32,32435,31981.29,442129,0
"2021-01-17",23823,410451,1561,57030,0,32,25384,34348.43,467513,0
"2021-01-18",26926,437377,2317,59347,0,32,29243,33822,496756,0
"2021-01-19",33922,471299,9515,68862,2,34,43439,34931.14,540195,0
"2021-01-20",34440,505739,9352,78214,1,35,43793,35367.86,583988,0
"2021-01-21",25175,530914,7963,86177,0,35,33138,34279.86,617126,0
"2021-01-22",24228,555142,4337,90514,0,35,28565,33713.86,645691,0
"2021-01-23",15302,570444,3183,93697,0,35,18485,31721,664176,0
"2021-01-24",6974,577418,3394,97091,0,35,10368,29575.86,674544,0
"2021-01-25",13026,590444,11687,108778,0,35,24713,28928.71,699257,0
"2021-01-26",16370,606814,10542,119320,0,35,26912,26567.71,726169,0
"2021-01-27",20371,627185,12152,131472,0,35,32523,24957.71,758692,0
"2021-01-28",30423,657608,12652,144124,0,35,43075,26377.29,801767,0
"2021-01-29",31352,688960,11244,155368,0,35,42596,28381.71,844363,0
"2021-01-30",18420,707380,3653,159021,0,35,22073,28894.29,866436,0
"2021-01-31",12935,720315,2847,161868,0,35,15782,29667.71,882218,0
"2021-02-01",1108,721423,5272,167140,2,37,6382,27049,888600,0
"2021-02-02",2771,724194,9240,176380,2,39,12013,24920.57,900613,0
"2021-02-03",16204,740398,20707,197087,3,42,36914,25547.86,937527,0
"2021-02-04",26743,767141,19160,216247,1,43,45904,25952,983431,0
"2021-02-05",27255,794396,19561,235808,0,43,46816,26554.86,1030247,0
"2021-02-06",22769,817165,11064,246872,0,43,33833,28234.86,1064080,0
"2021-02-07",12064,829229,8104,254976,0,43,20168,28861.43,1084248,0
"2021-02-08",16778,846007,23104,278080,2,45,39884,33647.43,1124132,0
"2021-02-09",16986,862993,27642,305722,2,47,44630,38307,1168762,0
"2021-02-10",19452,882445,28750,334472,1,48,48203,39919.71,1216965,0
"2021-02-11",27719,910164,32881,367353,2,50,60602,42019.43,1277567,0
"2021-02-12",38280,948444,30148,397501,3,53,68431,45107.29,1345998,0
"2021-02-13",27805,976249,24797,422298,2,55,52604,47788.86,1398602,0
"2021-02-14",16240,992489,23391,445689,0,55,39631,50569.29,1438233,0
"2021-02-15",12626,1005115,10292,455981,1,56,22919,48145.71,1461152,0
"2021-02-16",14058,1019173,26173,482154,0,56,40231,47517.29,1501383,0
"2021-02-17",16129,1035302,21633,503787,1,57,37763,46025.86,1539146,0
"2021-02-18",11994,1047296,24550,528337,22,79,36566,42592.14,1575712,0
"2021-02-19",13084,1060380,23537,551874,39,118,36660,38053.43,1612372,0
"2021-02-20",11166,1071546,25814,577688,6,124,36986,35822.29,1649358,0
"2021-02-21",6287,1077833,17290,594978,15,139,23592,33531,1672950,0
"2021-02-22",12673,1090506,11613,606591,2,141,24288,33726.57,1697238,0
"2021-02-23",24913,1115419,13931,620522,1,142,38845,33528.57,1736083,0
"2021-02-24",35993,1151412,19767,640289,0,142,55760,36099.57,1791843,0
"2021-02-25",54350,1205762,29408,669697,7,149,83765,42842.29,1875608,0
"2021-02-26",62682,1268444,30910,700607,4,153,93596,50976,1969204,0
"2021-02-27",51167,1319611,22057,722664,49,202,73273,56159.86,2042477,0
"2021-02-28",44670,1364281,13376,736040,3,205,58049,61082.29,2100526,0
"2021-03-01",39009,1403290,12050,748090,8,213,51067,64907.86,2151593,0
"2021-03-02",46801,1450091,11770,759860,6,219,58577,67726.71,2210170,0
"2021-03-03",48233,1498324,15382,775242,16,235,63631,68851.14,2273801,0
"2021-03-04",59484,1557808,22102,797344,1088,1323,82674,68695.29,2356475,0
"2021-03-05",60614,1618422,23636,820980,3110,4433,87360,67804.43,2443835,0
"2021-03-06",46896,1665318,18381,839361,5434,9867,70711,67438.43,2514546,0
"2021-03-07",35960,1701278,14514,853875,6246,16113,56720,67248.57,2571266,0
"2021-03-08",39350,1740628,14284,868159,8553,24666,62187,68837.14,2633453,0
"2021-03-09",38812,1779440,12000,880159,7770,32436,58582,68837.86,2692035,0
"2021-03-10",51372,1830812,14248,894407,5049,37485,70669,69843.29,2762704,0
"2021-03-11",59860,1890672,20668,915075,4566,42051,85094,70189,2847798,0
"2021-03-12",51947,1942619,29279,944354,4134,46185,85360,69903.29,2933158,0
"2021-03-13",40498,1983117,26328,970682,5098,51283,71924,70076.57,3005082,0
"2021-03-14",30667,2013784,15465,986147,4554,55837,50686,69214.57,3055768,0
"2021-03-15",33329,2047113,16233,1002380,4792,60629,54354,68095.57,3110122,0
"2021-03-16",38424,2085537,19368,1021748,4914,65543,62706,68684.71,3172828,0
"2021-03-17",42363,2127900,23635,1045383,4242,69785,70240,68623.43,3243068,0
"2021-03-18",50376,2178276,25649,1071032,5277,75062,81302,68081.71,3324370,0
"2021-03-19",47596,2225872,28736,1099768,5617,80679,81949,67594.43,3406319,0
"2021-03-20",38524,2264396,24878,1124646,4682,85361,68084,67045.86,3474403,0
"2021-03-21",29241,2293637,18489,1143135,770,86131,48500,66733.57,3522903,0
"2021-03-22",33718,2327355,25547,1168682,4018,90149,63283,68009.14,3586186,0
"2021-03-23",38212,2365567,31432,1200114,4201,94350,73845,69600.43,3660031,0
"2021-03-24",41336,2406903,36233,1236347,4804,99154,82373,71333.71,3742404,0
"2021-03-25",43242,2450145,48990,1285337,5026,104180,97258,73613.14,3839662,0
"2021-03-26",38336,2488481,53566,1338903,4255,108435,96157,75642.86,3935819,0
"2021-03-27",35645,2524126,43909,1382812,2920,111355,82474,77698.57,4018293,0
"2021-03-28",26389,2550515,32902,1415714,1471,112826,60762,79450.29,4079055,0
"2021-03-29",34672,2585187,37048,1452762,3233,116059,74953,81117.43,4154008,0
"2021-03-30",40280,2625467,40474,1493236,3686,119745,84440,82631,4238448,0
"2021-03-31",49247,2674714,43289,1536525,7421,127166,99957,85143,4338405,0
"2021-04-01",50517,2725231,52835,1589360,11139,138305,114491,87604.86,4452896,0
"2021-04-02",43539,2768770,52827,1642187,11851,150156,108217,89327.71,4561113,0
"2021-04-03",39102,2807872,38328,1680515,9772,159928,87202,90003.14,4648315,0
"2021-04-04",26500,2834372,23800,1704315,3854,163782,54154,89059.14,4702469,0
"2021-04-05",41708,2876080,33683,1737998,11083,174865,86474,90705,4788943,0
"2021-04-06",52950,2929030,34371,1772369,12997,187862,100318,92973.29,4889261,0
"2021-04-07",55359,2984389,39687,1812056,14239,202101,109285,94305.86,4998546,0
"2021-04-08",59022,3043411,45487,1857543,16154,218255,120663,95187.57,5119209,0
"2021-04-09",56407,3099818,43682,1901225,17238,235493,117327,96489,5236536,0
"2021-04-10",49194,3149012,35367,1936592,12556,248049,97117,97905.43,5333653,0
"2021-04-11",38128,3187140,28683,1965275,7513,255562,74324,100786.86,5407977,0
"2021-04-12",46495,3233635,31470,1996745,13363,268925,91328,101480.29,5499305,0
"2021-04-13",52343,3285978,33356,2030101,358,269283,86057,99443,5585362,0
"2021-04-14",49990,3335968,39498,2069599,9,269292,89497,96616.14,5674859,0
"2021-04-15",51985,3387953,43158,2112757,9,269301,95152,92971.71,5770011,0
"2021-04-16",51018,3438971,41824,2154581,24,269325,92866,89477.29,5862877,0
"2021-04-17",43830,3482801,35316,2189897,4,269329,79150,86910.57,5942027,0
"2021-04-18",28626,3511427,29246,2219143,4,269333,57876,84560.86,5999903,0
"2021-04-19",37355,3548782,36058,2255201,14,269347,73427,82003.57,6073330,0
"2021-04-20",40715,3589497,39249,2294450,16,269363,79980,81135.43,6153310,0
"2021-04-21",38927,3628424,45468,2339918,11,269374,84406,80408.14,6237716,0
"2021-04-22",38504,3666928,48438,2388356,6,269380,86948,79236.14,6324664,0
"2021-04-23",39626,3706554,43863,2432219,5,269385,83494,77897.29,6408158,0
"2021-04-24",31840,3738394,41216,2473435,45,269430,73101,77033.14,6481259,0
"2021-04-25",18403,3756797,31130,2504565,84,269514,49617,75853.29,6530876,0
"2021-04-26",26860,3783657,40360,2544925,1009,270523,68229,75110.71,6599105,0
"2021-04-27",28610,3812267,46650,2591575,1686,272209,76946,74677.29,6676051,0
"2021-04-28",27126,3839393,56377,2647952,2135,274344,85638,74853.29,6761689,0
"2021-04-29",28729,3868122,56676,2704628,2102,276446,87507,74933.14,6849196,0
"2021-04-30",30161,3898283,51430,2756058,2001,278447,83592,74947.14,6932788,0
"2021-05-01",22512,3920795,44193,2800251,1141,279588,67846,74196.43,7000634,0
"2021-05-02",11950,3932745,36514,2836765,1077,280665,49541,74185.57,7050175,0
"2021-05-03",18006,3950751,52668,2889433,2365,283030,73039,74872.71,7123214,0
"2021-05-04",22726,3973477,56242,2945675,2307,285337,81275,75491.14,7204489,0
"2021-05-05",21520,3994997,48434,2994109,2297,287634,72251,73578.71,7276740,0
"2021-05-06",20645,4015642,49748,3043857,2474,290108,72867,71487.29,7349607,0
"2021-05-07",21264,4036906,51715,3095572,2779,292887,75758,70368.14,7425365,0
"2021-05-08",16649,4053555,41608,3137180,1833,294720,60090,69260.14,7485455,0
"2021-05-09",7993,4061548,29346,3166526,1255,295975,38594,67696.29,7524049,0
"2021-05-10",14349,4075897,38232,3204758,2328,298303,54909,65106.29,7578958,0
"2021-05-11",19938,4095835,42702,3247460,2491,300794,65131,62800,7644089,0
"2021-05-12",17742,4113577,40142,3287602,3562,304356,61446,61256.43,7705535,0
"2021-05-13",24912,4138489,40107,3327709,3212,307568,68231,60594.14,7773766,0
"2021-05-14",26964,4165453,42543,3370252,3511,311079,73018,60202.71,7846784,0
"2021-05-15",23653,4189106,34606,3404858,3352,314431,61611,60420,7908395,0
"2021-05-16",15554,4204660,19308,3424166,2497,316928,37359,60243.57,7945754,0
"2021-05-17",22603,4227263,28837,3453003,3226,320154,54666,60208.86,8000420,0
"2021-05-18",24585,4251848,31574,3484577,3378,323532,59537,59409.71,8059957,0
"2021-05-19",24185,4276033,29389,3513966,3018,326550,56592,58716.29,8116549,0
"2021-05-20",24129,4300162,29701,3543667,3122,329672,56952,57105,8173501,0
"2021-05-21",24657,4324819,31598,3575265,3042,332714,59297,55144.86,8232798,0
"2021-05-22",19982,4344801,24117,3599382,2521,335235,46620,53003.29,8279418,0
"2021-05-23",11245,4356046,13667,3613049,1407,336642,26319,51426.14,8305737,0
"2021-05-24",18855,4374901,22900,3635949,2729,339371,44484,49971.57,8350221,0
"2021-05-25",19432,4394333,23140,3659089,2581,341952,45153,47916.71,8395374,0
"2021-05-26",18629,4412962,20808,3679897,2676,344628,42113,45848.29,8437487,0
"2021-05-27",18378,4431340,20953,3700850,2522,347150,41853,43691.29,8479340,0
"2021-05-28",17809,4449149,22637,3723487,2715,349865,43161,41386.14,8522501,0
"2021-05-29",12694,4461843,17611,3741098,1751,351616,32056,39305.57,8554557,0
"2021-05-30",7038,4468881,8911,3750009,1072,352688,17021,37977.29,8571578,0
"2021-05-31",4761,4473642,6863,3756872,1011,353699,12635,33427.43,8584213,0
"2021-06-01",16010,4489652,24944,3781816,2154,355853,43108,33135.29,8627321,0
"2021-06-02",15327,4504979,20126,3801942,2077,357930,37530,32480.57,8664851,0
"2021-06-03",14986,4519965,23484,3825426,2269,360199,40739,32321.43,8705590,0
"2021-06-04",14679,4534644,25642,3851068,2463,362662,42784,32267.57,8748374,0
"2021-06-05",10975,4545619,21856,3872924,1801,364463,34632,32635.57,8783006,0
"2021-06-06",6483,4552102,14350,3887274,1219,365682,22052,33354.29,8805058,0
"2021-06-07",11709,4563811,21548,3908822,2364,368046,35621,36638,8840679,0
"2021-06-08",12644,4576455,23777,3932599,2050,370096,38471,35975.57,8879150,0
"2021-06-09",11101,4587556,22698,3955297,2253,372349,36052,35764.43,8915202,0
"2021-06-10",12073,4599629,21917,3977214,2442,374791,36432,35149.14,8951634,0
"2021-06-11",12700,4612329,24843,4002057,2450,377241,39993,34750.43,8991627,0
"2021-06-12",10191,4622520,19116,4021173,1876,379117,31183,34257.71,9022810,0
"2021-06-13",4266,4626786,10890,4032063,1217,380334,16373,33446.43,9039183,0
"2021-06-14",10212,4636998,19012,4051075,2039,382373,31263,32823.86,9070446,0
"2021-06-15",11877,4648875,20806,4071881,1930,384303,34613,32272.71,9105059,0
"2021-06-16",11583,4660458,19178,4091059,1935,386238,32696,31793.29,9137755,0
"2021-06-17",11004,4671462,18463,4109522,1952,388190,31419,31077.14,9169174,0
"2021-06-18",12169,4683631,18172,4127694,2098,390288,32439,29998,9201613,0
"2021-06-19",8527,4692158,13310,4141004,1454,391742,23291,28870.57,9224904,0
"2021-06-20",4374,4696532,7122,4148126,919,392661,12415,28305.14,9237319,0
"2021-06-21",10167,4706699,9862,4157988,1776,394437,21805,26954,9259124,0
"2021-06-22",9839,4716538,15494,4173482,1566,396003,26899,25852,9286023,0
"2021-06-23",10322,4726860,14915,4188397,1840,397843,27077,25049.29,9313100,0
"2021-06-24",9606,4736466,14460,4202857,1781,399624,25847,24253.29,9338947,0
"2021-06-25",10567,4747033,14195,4217052,1690,401314,26452,23398,9365399,0
"2021-06-26",7814,4754847,10294,4227346,1228,402542,19336,22833,9384735,0
"2021-06-27",5044,4759891,5948,4233294,784,403326,11776,22741.71,9396511,0
"2021-06-28",9033,4768924,10165,4243459,1506,404832,20704,22584.43,9417215,0
"2021-06-29",9773,4778697,12118,4255577,1329,406161,23220,22058.86,9440435,0
"2021-06-30",9379,4788076,10729,4266306,1445,407606,21553,21269.71,9461988,0
"2021-07-01",9284,4797360,10681,4276987,1388,408994,21353,20627.71,9483341,0
"2021-07-02",9625,4806985,11180,4288167,1498,410492,22303,20035,9505644,0
"2021-07-03",7041,4814026,8240,4296407,1182,411674,16463,19624.57,9522107,0
"2021-07-04",1285,4815311,1318,4297725,562,412236,3165,18394.43,9525272,0
"2021-07-05",6492,4821803,7030,4304755,1186,413422,14708,17537.86,9539980,0
"2021-07-06",9496,4831299,12604,4317359,1277,414699,23377,17560.29,9563357,0
"2021-07-07",8613,4839912,10802,4328161,1374,416073,20789,17451.14,9584146,0
"2021-07-08",8152,4848064,9973,4338134,1221,417294,19346,17164.43,9603492,0
"2021-07-09",8296,4856360,10583,4348717,1236,418530,20115,16851.86,9623607,0
"2021-07-10",7096,4863456,8484,4357201,1117,419647,16697,16885.29,9640304,0
"2021-07-11",4114,4867570,4507,4361708,699,420346,9320,17764.57,9649624,0
"2021-07-12",8405,4875975,9384,4371092,1228,421574,19017,18380.14,9668641,0
"2021-07-13",9400,4885375,9213,4380305,935,422509,19548,17833.14,9688189,0
"2021-07-14",8901,4894276,9373,4389678,996,423505,19270,17616.14,9707459,0
"2021-07-15",8670,4902946,8903,4398581,1039,424544,18612,17511.29,9726071,0
"2021-07-16",9182,4912128,9611,4408192,961,425505,19754,17459.71,9745825,0
"2021-07-17",6807,4918935,7271,4415463,785,426290,14863,17197.71,9760688,0
"2021-07-18",4240,4923175,4257,4419720,566,426856,9063,17161,9769751,0
"2021-07-19",9018,4932193,8341,4428061,988,427844,18347,17065.29,9788098,0
"2021-07-20",10512,4942705,8619,4436680,981,428825,20112,17145.86,9808210,0
"2021-07-21",9946,4952651,8538,4445218,900,429725,19384,17162.14,9827594,0
"2021-07-22",10558,4963209,8324,4453542,1033,430758,19915,17348.29,9847509,0
"2021-07-23",11077,4974286,8675,4462217,1089,431847,20841,17503.57,9868350,0
"2021-07-24",7349,4981635,6611,4468828,665,432512,14625,17469.57,9882975,0
"2021-07-25",5484,4987119,2079,4470907,503,433015,8066,17327.14,9891041,0
"2021-07-26",10818,4997937,6885,4477792,844,433859,18547,17355.71,9909588,0
"2021-07-27",12015,5009952,8449,4486241,842,434701,21306,17526.29,9930894,0
"2021-07-28",11790,5021742,7832,4494073,926,435627,20548,17692.57,9951442,0
"2021-07-29",10793,5032535,7230,4501303,952,436579,18975,17558.29,9970417,0
"2021-07-30",14763,5047298,7790,4509093,1115,437694,23668,17962.14,9994085,0
"2021-07-31",9679,5056977,6156,4515249,800,438494,16635,18249.29,10010720,0
"2021-08-01",6396,5063373,3241,4518490,496,438990,10133,18544.57,10020853,0
"2021-08-02",13259,5076632,7030,4525520,781,439771,21070,18905,10041923,0
"2021-08-03",15108,5091740,8192,4533712,939,440710,24239,19324,10066162,0
"2021-08-04",16914,5108654,7850,4541562,1371,442081,26135,20122.14,10092297,0
"2021-08-05",17454,5126108,7584,4549146,1266,443347,26304,21169.14,10118601,0
"2021-08-06",17591,5143699,7860,4557006,1141,444488,26592,21586.86,10145193,120000
"2021-08-07",12820,5156519,5666,4562672,706,445194,19192,21952.14,10164385,120000
"2021-08-08",9120,5165639,3713,4566385,372,445566,13205,22391,10177590,120000
"2021-08-09",20205,5185844,7956,4574341,832,446398,28993,23522.86,10206583,120000
"2021-08-10",17939,5203783,8810,4583151,779,447177,27528,23992.71,10234111,120000
"2021-08-11",12199,5215982,5881,4589032,706,447883,18786,22942.86,10252897,120000
"2021-08-12",5605,5221587,3436,4592468,421,448304,9462,20536.86,10262359,120000
