"DATE","ADMIN_DOSE1_DAILY","ADMIN_DOSE1_CUMULATIVE","ADMIN_DOSE2_DAILY","ADMIN_DOSE2_CUMULATIVE","ADMIN_SINGLE_DAILY","ADMIN_SINGLE_CUMULATIVE","ADMIN_ADDITIONAL1_DAILY","ADMIN_ADDITIONAL1_CUMULATIVE","ADMIN_ADDITIONAL2_DAILY","ADMIN_ADDITIONAL2_CUMULATIVE","ADMIN_ADDITIONAL_DAILY","ADMIN_ADDITIONAL_CUMULATIVE","ADMIN_ALLDOSES_DAILY","ADMIN_ALLDOSES_7DAYAVG","ADMIN_ALLDOSES_CUMULATIVE","INCOMPLETE"
"2020-12-14",79,79,0,0,0,0,0,0,0,0,0,0,79,,79,0
"2020-12-15",2051,2130,6,6,4,4,0,0,0,0,0,0,2061,,2140,0
"2020-12-16",4607,6737,14,20,1,5,1,1,0,0,1,1,4623,,6763,0
"2020-12-17",4657,11394,18,38,0,5,1,2,0,0,1,2,4676,,11439,0
"2020-12-18",5832,17226,18,56,2,7,2,4,0,0,2,4,5854,,17293,0
"2020-12-19",1689,18915,7,63,3,10,0,4,0,0,0,4,1699,,18992,0
"2020-12-20",1116,20031,2,65,1,11,0,4,0,0,0,4,1119,2873,20111,0
"2020-12-21",6341,26372,19,84,0,11,5,9,0,0,5,9,6365,3771,26476,0
"2020-12-22",9796,36168,25,109,2,13,1,10,0,0,1,10,9824,4880,36300,0
"2020-12-23",14273,50441,35,144,3,16,1,11,0,0,1,11,14312,6264.14,50612,0
"2020-12-24",7198,57639,25,169,1,17,0,11,0,0,0,11,7224,6628.14,57836,0
"2020-12-25",180,57819,0,169,0,17,1,12,0,0,1,12,181,5817.71,58017,0
"2020-12-26",4389,62208,44,213,0,17,1,13,0,0,1,13,4434,6208.43,62451,0
"2020-12-27",3870,66078,14,227,0,17,1,14,0,0,1,14,3885,6603.57,66336,0
"2020-12-28",10993,77071,49,276,1,18,2,16,0,0,2,16,11045,7272.14,77381,0
"2020-12-29",10717,87788,34,310,2,20,2,18,0,0,2,18,10755,7405.14,88136,0
"2020-12-30",12825,100613,45,355,0,20,0,18,0,0,0,18,12870,7199.14,101006,0
"2020-12-31",7262,107875,34,389,1,21,0,18,0,0,0,18,7297,7209.57,108303,0
"2021-01-01",181,108056,2,391,1,22,3,21,0,0,3,21,187,7210.43,108490,0
"2021-01-02",3809,111865,10,401,2,24,2,23,0,0,2,23,3823,7123.14,112313,0
"2021-01-03",3540,115405,24,425,2,26,1,24,0,0,1,24,3567,7077.71,115880,0
"2021-01-04",12255,127660,807,1232,2,28,6,30,0,0,6,30,13070,7367,128950,0
"2021-01-05",14091,141751,2190,3422,2,30,12,42,1,1,13,43,16296,8158.57,145246,0
"2021-01-06",17800,159551,3926,7348,1,31,29,71,7,8,36,79,21763,9429,167009,0
"2021-01-07",16551,176102,5170,12518,4,35,45,116,3,11,48,127,21773,11497,188782,0
"2021-01-08",16621,192723,5455,17973,0,35,33,149,4,15,37,164,22113,14629.29,210895,0
"2021-01-09",7652,200375,1462,19435,1,36,7,156,2,17,9,173,9124,15386.57,220019,0
"2021-01-10",7881,208256,983,20418,0,36,10,166,0,17,10,183,8874,16144.71,228893,0
"2021-01-11",25825,234081,7454,27872,2,38,48,214,8,25,56,239,33337,19040,262230,0
"2021-01-12",28258,262339,7861,35733,1,39,44,258,2,27,46,285,36166,21878.57,298396,0
"2021-01-13",31721,294060,9389,45122,1,40,56,314,4,31,60,345,41171,24651.14,339567,0
"2021-01-14",35813,329873,5319,50441,1,41,30,344,7,38,37,382,41170,27422.14,380737,0
"2021-01-15",29265,359138,3703,54144,2,43,32,376,5,43,37,419,33007,28978.43,413744,0
"2021-01-16",30292,389430,2377,56521,0,43,25,401,5,48,30,449,32699,32346.29,446443,0
"2021-01-17",23748,413178,1629,58150,0,43,19,420,1,49,20,469,25397,34706.71,471840,0
"2021-01-18",27108,440286,2409,60559,1,44,34,454,7,56,41,510,29559,34167,501399,0
"2021-01-19",34293,474579,9628,70187,1,45,69,523,6,62,75,585,43997,35285.71,545396,0
"2021-01-20",34870,509449,9493,79680,1,46,58,581,4,66,62,647,44426,35750.71,589822,0
"2021-01-21",25593,535042,8093,87773,2,48,48,629,5,71,53,700,33741,34689.43,623563,0
"2021-01-22",24753,559795,4383,92156,1,49,32,661,8,79,40,740,29177,34142.29,652740,0
"2021-01-23",15742,575537,3225,95381,0,49,9,670,2,81,11,751,18978,32182.14,671718,0
"2021-01-24",7178,582715,3453,98834,0,49,19,689,1,82,20,771,10651,30075.57,682369,0
"2021-01-25",13412,596127,11819,110653,0,49,66,755,12,94,78,849,25309,29468.43,707678,0
"2021-01-26",16766,612893,10752,121405,0,49,67,822,2,96,69,918,27587,27124.14,735265,0
"2021-01-27",20836,633729,12356,133761,0,49,51,873,8,104,59,977,33251,25527.71,768516,0
"2021-01-28",30763,664492,12848,146609,0,49,83,956,16,120,99,1076,43710,26951.86,812226,0
"2021-01-29",31693,696185,11506,158115,0,49,78,1034,10,130,88,1164,43287,28967.57,855513,0
"2021-01-30",18708,714893,3741,161856,0,49,21,1055,2,132,23,1187,22472,29466.71,877985,0
"2021-01-31",13020,727913,2920,164776,1,50,29,1084,4,136,33,1220,15974,30227.14,893959,0
"2021-02-01",1179,729092,5369,170145,4,54,35,1119,4,140,39,1259,6591,27553.14,900550,0
"2021-02-02",2829,731921,9475,179620,2,56,46,1165,4,144,50,1309,12356,25377.29,912906,0
"2021-02-03",16347,748268,21246,200866,4,60,203,1368,19,163,222,1531,37819,26029.86,950725,0
"2021-02-04",27048,775316,19648,220514,3,63,200,1568,10,173,210,1741,46909,26486.86,997634,0
"2021-02-05",27595,802911,20040,240554,0,63,177,1745,15,188,192,1933,47827,27135.43,1045461,0
"2021-02-06",22992,825903,11247,251801,0,63,109,1854,12,200,121,2054,34360,28833.71,1079821,0
"2021-02-07",12043,837946,8281,260082,1,64,92,1946,13,213,105,2159,20430,29470.29,1100251,0
"2021-02-08",16960,854906,23518,283600,2,66,232,2178,34,247,266,2425,40746,34349.57,1140997,0
"2021-02-09",17190,872096,28110,311710,2,68,334,2512,42,289,376,2801,45678,39109.86,1186675,0
"2021-02-10",19590,891686,29312,341022,2,70,256,2768,49,338,305,3106,49209,40737,1235884,0
"2021-02-11",27848,919534,33469,374491,2,72,342,3110,57,395,399,3505,61718,42852.57,1297602,0
"2021-02-12",38393,957927,30797,405288,3,75,352,3462,39,434,391,3896,69584,45960.71,1367186,0
"2021-02-13",28009,985936,25313,430601,2,77,305,3767,52,486,357,4253,53681,48720.86,1420867,0
"2021-02-14",16281,1002217,23733,454334,0,77,262,4029,31,517,293,4546,40307,51560.43,1461174,0
"2021-02-15",12795,1015012,10529,464863,2,79,170,4199,23,540,193,4739,23519,49099.43,1484693,0
"2021-02-16",14241,1029253,26732,491595,0,79,321,4520,35,575,356,5095,41329,48478.14,1526022,0
"2021-02-17",16393,1045646,22197,513792,1,80,281,4801,37,612,318,5413,38909,47006.71,1564931,0
"2021-02-18",12151,1057797,24994,538786,21,101,287,5088,43,655,330,5743,37496,43546.43,1602427,0
"2021-02-19",13261,1071058,23936,562722,39,140,304,5392,44,699,348,6091,37584,38975,1640011,0
"2021-02-20",11352,1082410,26075,588797,6,146,327,5719,78,777,405,6496,37838,36711.71,1677849,0
"2021-02-21",6360,1088770,17423,606220,15,161,283,6002,44,821,327,6823,24125,34400,1701974,0
"2021-02-22",13043,1101813,11848,618068,2,163,125,6127,19,840,144,6967,25037,34616.86,1727011,0
"2021-02-23",25247,1127060,14146,632214,1,164,157,6284,34,874,191,7158,39585,34367.71,1766596,0
"2021-02-24",36362,1163422,20392,652606,0,164,226,6510,37,911,263,7421,57017,36954.57,1823613,0
"2021-02-25",54617,1218039,30395,683001,6,170,393,6903,63,974,456,7877,85474,43808.57,1909087,0
"2021-02-26",62867,1280906,31871,714872,4,174,412,7315,78,1052,490,8367,95232,52044,2004319,0
"2021-02-27",51301,1332207,22746,737618,47,221,333,7648,53,1105,386,8753,74480,57278.57,2078799,0
"2021-02-28",44591,1376798,13825,751443,7,228,203,7851,34,1139,237,8990,58660,62212.14,2137459,0
"2021-03-01",39320,1416118,12779,764222,10,238,164,8015,25,1164,189,9179,52298,66106.57,2189757,0
"2021-03-02",47082,1463200,12579,776801,7,245,159,8174,14,1178,173,9352,59841,69000.29,2249598,0
"2021-03-03",48605,1511805,16154,792955,17,262,147,8321,21,1199,168,9520,64944,70132.71,2314542,0
"2021-03-04",59819,1571624,22824,815779,1092,1354,270,8591,34,1233,304,9824,84039,69927.71,2398581,0
"2021-03-05",60987,1632611,24282,840061,3109,4463,333,8924,33,1266,366,10190,88744,69000.86,2487325,0
"2021-03-06",47176,1679787,18885,858946,5451,9914,237,9161,36,1302,273,10463,71785,68615.86,2559110,0
"2021-03-07",36044,1715831,14881,873827,6246,16160,228,9389,20,1322,248,10711,57419,68438.57,2616529,0
"2021-03-08",39628,1755459,14680,888507,8563,24723,313,9702,91,1413,404,11115,63275,70006.71,2679804,0
"2021-03-09",39108,1794567,12856,901363,7764,32487,178,9880,33,1446,211,11326,59939,70020.71,2739743,0
"2021-03-10",51832,1846399,15351,916714,5066,37553,226,10106,31,1477,257,11583,72506,71101,2812249,0
"2021-03-11",59988,1906387,21819,938533,4619,42172,249,10355,49,1526,298,11881,86724,71484.57,2898973,0
"2021-03-12",52206,1958593,30308,968841,4183,46355,373,10728,84,1610,457,12338,87154,71257.43,2986127,0
"2021-03-13",40653,1999246,26683,995524,5110,51465,324,11052,51,1661,375,12713,72821,71405.43,3058948,0
"2021-03-14",30719,2029965,15968,1011492,4525,55990,242,11294,27,1688,269,12982,51481,70557.14,3110429,0
"2021-03-15",33589,2063554,17255,1028747,4712,60702,235,11529,33,1721,268,13250,55824,69492.71,3166253,0
"2021-03-16",38675,2102229,20509,1049256,4925,65627,257,11786,35,1756,292,13542,64401,70130.14,3230654,0
"2021-03-17",42620,2144849,24798,1074054,4246,69873,339,12125,36,1792,375,13917,72039,70063.43,3302693,0
"2021-03-18",50452,2195301,26807,1100861,5237,75110,365,12490,60,1852,425,14342,82921,69520.14,3385614,0
"2021-03-19",47795,2243096,29960,1130821,5624,80734,389,12879,71,1923,460,14802,83839,69046.57,3469453,0
"2021-03-20",38712,2281808,25839,1156660,4686,85420,297,13176,59,1982,356,15158,69593,68585.43,3539046,0
"2021-03-21",29301,2311109,19358,1176018,769,86189,222,13398,44,2026,266,15424,49694,68330.14,3588740,0
"2021-03-22",33867,2344976,26742,1202760,4036,90225,262,13660,37,2063,299,15723,64944,69633,3653684,0
"2021-03-23",38434,2383410,32842,1235602,4219,94444,294,13954,56,2119,350,16073,75845,71267.86,3729529,0
"2021-03-24",41496,2424906,37605,1273207,4848,99292,327,14281,63,2182,390,16463,84339,73025,3813868,0
"2021-03-25",43406,2468312,50801,1324008,5055,104347,471,14752,86,2268,557,17020,99819,75439,3913687,0
"2021-03-26",38505,2506817,55511,1379519,4310,108657,526,15278,96,2364,622,17642,98948,77597.43,4012635,0
"2021-03-27",35738,2542555,45756,1425275,2938,111595,416,15694,82,2446,498,18140,84930,79788.43,4097565,0
"2021-03-28",26392,2568947,34461,1459736,1482,113077,331,16025,64,2510,395,18535,62730,81650.71,4160295,0
"2021-03-29",34818,2603765,38866,1498602,3246,116323,343,16368,110,2620,453,18988,77383,83427.71,4237678,0
"2021-03-30",40510,2644275,41928,1540530,3714,120037,337,16705,65,2685,402,19390,86554,84957.57,4324232,0
"2021-03-31",49397,2693672,44870,1585400,7442,127479,399,17104,86,2771,485,19875,102194,87508.29,4426426,0
"2021-04-01",50784,2744456,53945,1639345,11275,138754,501,17605,83,2854,584,20459,116588,89903.86,4543014,0
"2021-04-02",43761,2788217,53890,1693235,11972,150726,543,18148,72,2926,615,21074,110238,91516.71,4653252,0
"2021-04-03",39255,2827472,39218,1732453,9860,160586,332,18480,58,2984,390,21464,88723,92058.57,4741975,0
"2021-04-04",26560,2854032,24783,1757236,3902,164488,223,18703,49,3033,272,21736,55517,91028.14,4797492,0
"2021-04-05",41889,2895921,34486,1791722,11197,175685,370,19073,60,3093,430,22166,88002,92545.14,4885494,0
"2021-04-06",53272,2949193,35616,1827338,13220,188905,426,19499,73,3166,499,22665,102607,94838.43,4988101,0
"2021-04-07",55512,3004705,40701,1868039,14391,203296,393,19892,76,3242,469,23134,111073,96106.86,5099174,0
"2021-04-08",59271,3063976,46591,1914630,16343,219639,519,20411,80,3322,599,23733,122804,96994.86,5221978,0
"2021-04-09",56649,3120625,44960,1959590,17557,237196,517,20928,77,3399,594,24327,119760,98355.14,5341738,0
"2021-04-10",49348,3169973,35647,1995237,12728,249924,387,21315,61,3460,448,24775,98171,99704.86,5439909,0
"2021-04-11",38183,3208156,28821,2024058,7682,257606,293,21608,56,3516,349,25124,75035,102493.14,5514944,0
"2021-04-12",46638,3254794,31848,2055906,13500,271106,465,22073,63,3579,528,25652,92514,103137.71,5607458,0
"2021-04-13",52549,3307343,33790,2089696,368,271474,394,22467,61,3640,455,26107,87162,100931.29,5694620,0
"2021-04-14",50151,3357494,39957,2129653,20,271494,369,22836,70,3710,439,26546,90567,98001.86,5785187,0
"2021-04-15",52125,3409619,43683,2173336,16,271510,451,23287,104,3814,555,27101,96379,94226.86,5881566,0
"2021-04-16",51191,3460810,42215,2215551,32,271542,423,23710,67,3881,490,27591,93928,90536.57,5975494,0
"2021-04-17",43839,3504649,35692,2251243,3,271545,367,24077,82,3963,449,28040,79983,87938.29,6055477,0
"2021-04-18",28608,3533257,29372,2280615,7,271552,251,24328,61,4024,312,28352,58299,85547.43,6113776,0
"2021-04-19",37475,3570732,36449,2317064,22,271574,322,24650,62,4086,384,28736,74330,82949.71,6188106,0
"2021-04-20",40814,3611546,39626,2356690,19,271593,315,24965,77,4163,392,29128,80851,82048.14,6268957,0
"2021-04-21",38900,3650446,46016,2402706,16,271609,493,25458,95,4258,588,29716,85520,81327.14,6354477,0
"2021-04-22",38492,3688938,48966,2451672,9,271618,336,25794,73,4331,409,30125,87876,80112.43,6442353,0
"2021-04-23",39698,3728636,44383,2496055,4,271622,347,26141,71,4402,418,30543,84503,78766,6526856,0
"2021-04-24",31951,3760587,41604,2537659,44,271666,276,26417,60,4462,336,30879,73935,77902,6600791,0
"2021-04-25",18423,3779010,31228,2568887,86,271752,194,26611,54,4516,248,31127,49985,76714.29,6650776,0
"2021-04-26",26971,3805981,40739,2609626,1013,272765,282,26893,84,4600,366,31493,69089,75965.57,6719865,0
"2021-04-27",28577,3834558,47143,2656769,1698,274463,347,27240,93,4693,440,31933,77858,75538,6797723,0
"2021-04-28",27037,3861595,56845,2713614,2147,276610,428,27668,99,4792,527,32460,86556,75686,6884279,0
"2021-04-29",28613,3890208,57205,2770819,2149,278759,363,28031,100,4892,463,32923,88430,75765.14,6972709,0
"2021-04-30",30123,3920331,51993,2822812,2054,280813,279,28310,72,4964,351,33274,84521,75767.71,7057230,0
"2021-05-01",22479,3942810,44543,2867355,1177,281990,232,28542,63,5027,295,33569,68494,74990.43,7125724,0
"2021-05-02",11925,3954735,36655,2904010,1081,283071,138,28680,56,5083,194,33763,49855,74971.86,7175579,0
"2021-05-03",18027,3972762,53028,2957038,2383,285454,255,28935,90,5173,345,34108,73783,75642.43,7249362,0
"2021-05-04",22738,3995500,56649,3013687,2330,287784,266,29201,113,5286,379,34487,82096,76247.86,7331458,0
"2021-05-05",21475,4016975,48766,3062453,2313,290097,309,29510,98,5384,407,34894,72961,74305.71,7404419,0
"2021-05-06",20682,4037657,50183,3112636,2508,292605,268,29778,83,5467,351,35245,73724,72204.86,7478143,0
"2021-05-07",21254,4058911,52096,3164732,2813,295418,306,30084,72,5539,378,35623,76541,71064.86,7554684,0
"2021-05-08",16631,4075542,41868,3206600,1835,297253,230,30314,69,5608,299,35922,60633,69941.86,7615317,0
"2021-05-09",7975,4083517,29413,3236013,1260,298513,146,30460,56,5664,202,36124,38850,68369.71,7654167,0
"2021-05-10",14387,4097904,38535,3274548,2355,300868,233,30693,89,5753,322,36446,55599,65772,7709766,0
"2021-05-11",19913,4117817,43063,3317611,2514,303382,281,30974,83,5836,364,36810,65854,63451.71,7775620,0
"2021-05-12",17812,4135629,40550,3358161,3595,306977,225,31199,77,5913,302,37112,62259,61922.86,7837879,0
"2021-05-13",24976,4160605,40430,3398591,3230,310207,260,31459,74,5987,334,37446,68970,61243.71,7906849,0
"2021-05-14",27038,4187643,42928,3441519,3536,313743,262,31721,93,6080,355,37801,73857,60860.29,7980706,0
"2021-05-15",23652,4211295,34920,3476439,3365,317108,252,31973,75,6155,327,38128,62264,61093.29,8042970,0
"2021-05-16",15526,4226821,19453,3495892,2496,319604,121,32094,45,6200,166,38294,37641,60920.57,8080611,0
"2021-05-17",22673,4249494,29142,3525034,3256,322860,177,32271,68,6268,245,38539,55316,60880.14,8135927,0
"2021-05-18",24639,4274133,31913,3556947,3406,326266,236,32507,70,6338,306,38845,60264,60081.57,8196191,0
"2021-05-19",24194,4298327,29720,3586667,3042,329308,221,32728,46,6384,267,39112,57223,59362.14,8253414,0
"2021-05-20",24154,4322481,30099,3616766,3161,332469,260,32988,85,6469,345,39457,57759,57760.57,8311173,0
"2021-05-21",24680,4347161,32004,3648770,3056,335525,242,33230,58,6527,300,39757,60040,55786.71,8371213,0
"2021-05-22",20019,4367180,24361,3673131,2525,338050,164,33394,48,6575,212,39969,47117,53622.86,8418330,0
"2021-05-23",11234,4378414,13733,3686864,1411,339461,92,33486,32,6607,124,40093,26502,52031.57,8444832,0
"2021-05-24",18878,4397292,23158,3710022,2756,342217,213,33699,55,6662,268,40361,45060,50566.43,8489892,0
"2021-05-25",19431,4416723,23380,3733402,2601,344818,171,33870,57,6719,228,40589,45640,48477.29,8535532,0
"2021-05-26",18785,4435508,21091,3754493,2696,347514,198,34068,48,6767,246,40835,42818,46419.43,8578350,0
"2021-05-27",18473,4453981,21276,3775769,2529,350043,181,34249,57,6824,238,41073,42516,44241.86,8620866,0
"2021-05-28",17864,4471845,22890,3798659,2751,352794,184,34433,52,6876,236,41309,43741,41913.43,8664607,0
"2021-05-29",12708,4484553,17809,3816468,1755,354549,105,34538,39,6915,144,41453,32416,39813.29,8697023,0
"2021-05-30",7030,4491583,8948,3825416,1074,355623,48,34586,17,6932,65,41518,17117,38472.57,8714140,0
"2021-05-31",4743,4496326,6924,3832340,1012,356635,63,34649,18,6950,81,41599,12760,33858.29,8726900,0
"2021-06-01",16047,4512373,25197,3857537,2177,358812,153,34802,40,6990,193,41792,43614,33568.86,8770514,0
"2021-06-02",15354,4527727,20389,3877926,2095,360907,139,34941,47,7037,186,41978,38024,32884,8808538,0
"2021-06-03",15007,4542734,23821,3901747,2281,363188,128,35069,44,7081,172,42150,41281,32707.57,8849819,0
"2021-06-04",14723,4557457,25999,3927746,2492,365680,145,35214,39,7120,184,42334,43398,32658.57,8893217,0
"2021-06-05",10994,4568451,22089,3949835,1806,367486,115,35329,30,7150,145,42479,35034,33032.57,8928251,0
"2021-06-06",6445,4574896,14483,3964318,1222,368708,88,35417,13,7163,101,42580,22251,33766,8950502,0
"2021-06-07",11705,4586601,21782,3986100,2378,371086,140,35557,35,7198,175,42755,36040,37091.71,8986542,0
"2021-06-08",12638,4599239,24024,4010124,2072,373158,119,35676,46,7244,165,42920,38899,36418.14,9025441,0
"2021-06-09",11138,4610377,23027,4033151,2299,375457,134,35810,38,7282,172,43092,36636,36219.86,9062077,0
"2021-06-10",12067,4622444,22235,4055386,2462,377919,141,35951,57,7339,198,43290,36962,35602.86,9099039,0
"2021-06-11",12711,4635155,25120,4080506,2484,380403,156,36107,59,7398,215,43505,40530,35193.14,9139569,0
"2021-06-12",10166,4645321,19312,4099818,1888,382291,94,36201,40,7438,134,43639,31500,34688.29,9171069,0
"2021-06-13",4257,4649578,10936,4110754,1219,383510,42,36243,21,7459,63,43702,16475,33863.14,9187544,0
"2021-06-14",10209,4659787,19240,4129994,2043,385553,127,36370,51,7510,178,43880,31670,33238.86,9219214,0
"2021-06-15",11886,4671673,21013,4151007,1943,387496,132,36502,41,7551,173,44053,35015,32684,9254229,0
"2021-06-16",11588,4683261,19411,4170418,1957,389453,140,36642,69,7620,209,44262,33165,32188.14,9287394,0
"2021-06-17",11025,4694286,18764,4189182,1973,391426,121,36763,34,7654,155,44417,31917,31467.43,9319311,0
"2021-06-18",12166,4706452,18502,4207684,2116,393542,113,36876,36,7690,149,44566,32933,30382.14,9352244,0
"2021-06-19",8498,4714950,13516,4221200,1459,395001,84,36960,21,7711,105,44671,23578,29250.43,9375822,0
"2021-06-20",4336,4719286,7156,4228356,924,395925,37,36997,17,7728,54,44725,12470,28678.29,9388292,0
"2021-06-21",10161,4729447,10010,4238366,1807,397732,68,37065,28,7756,96,44821,22074,27307.43,9410366,0
"2021-06-22",9837,4739284,15640,4254006,1589,399321,105,37170,27,7783,132,44953,27198,26190.71,9437564,0
"2021-06-23",10313,4749597,15187,4269193,1863,401184,102,37272,29,7812,131,45084,27494,25380.57,9465058,0
"2021-06-24",9688,4759285,14697,4283890,1799,402983,119,37391,26,7838,145,45229,26329,24582.29,9491387,0
"2021-06-25",10591,4769876,14386,4298276,1721,404704,111,37502,37,7875,148,45377,26846,23712.71,9518233,0
"2021-06-26",7802,4777678,10465,4308741,1251,405955,74,37576,24,7899,98,45475,19616,23146.71,9537849,0
"2021-06-27",5001,4782679,6001,4314742,795,406750,33,37609,14,7913,47,45522,11844,23057.29,9549693,0
"2021-06-28",9036,4791715,10346,4325088,1526,408276,107,37716,26,7939,133,45655,21041,22909.71,9570734,0
"2021-06-29",9745,4801460,12321,4337409,1347,409623,122,37838,29,7968,151,45806,23564,22390.57,9594298,0
"2021-06-30",9435,4810895,10928,4348337,1486,411109,147,37985,16,7984,163,45969,22012,21607.43,9616310,0
"2021-07-01",9397,4820292,10930,4359267,1434,412543,125,38110,24,8008,149,46118,21910,20976.14,9638220,0
"2021-07-02",9694,4829986,11451,4370718,1541,414084,119,38229,22,8030,141,46259,22827,20402,9661047,0
"2021-07-03",7057,4837043,8423,4379141,1193,415277,75,38304,17,8047,92,46351,16765,19994.71,9677812,0
"2021-07-04",1288,4838331,1336,4380477,567,415844,8,38312,3,8050,11,46362,3202,18760.14,9681014,0
"2021-07-05",6497,4844828,7106,4387583,1208,417052,63,38375,20,8070,83,46445,14894,17882,9695908,0
"2021-07-06",9511,4854339,12853,4400436,1316,418368,114,38489,35,8105,149,46594,23829,17919.86,9719737,0
"2021-07-07",8670,4863009,11108,4411544,1419,419787,121,38610,19,8124,140,46734,21337,17823.43,9741074,0
"2021-07-08",8209,4871218,10192,4421736,1260,421047,107,38717,21,8145,128,46862,19789,17520.43,9760863,0
"2021-07-09",8375,4879593,10833,4432569,1278,422325,90,38807,17,8162,107,46969,20593,17201.29,9781456,0
"2021-07-10",7106,4886699,8629,4441198,1132,423457,63,38870,20,8182,83,47052,16950,17227.71,9798406,0
"2021-07-11",4105,4890804,4539,4445737,703,424160,34,38904,6,8188,40,47092,9387,18111.29,9807793,0
"2021-07-12",8450,4899254,9555,4455292,1251,425411,82,38986,22,8210,104,47196,19360,18749.29,9827153,0
"2021-07-13",9461,4908715,9392,4464684,952,426363,105,39091,33,8243,138,47334,19943,18194.14,9847096,0
"2021-07-14",9001,4917716,9531,4474215,1011,427374,105,39196,20,8263,125,47459,19668,17955.71,9866764,0
"2021-07-15",8789,4926505,9156,4483371,1054,428428,81,39277,17,8280,98,47557,19097,17856.86,9885861,0
"2021-07-16",9242,4935747,9761,4493132,980,429408,102,39379,31,8311,133,47690,20116,17788.71,9905977,0
"2021-07-17",6842,4942589,7387,4500519,803,430211,80,39459,19,8330,99,47789,15131,17528.86,9921108,0
"2021-07-18",4257,4946846,4282,4504801,576,430787,36,39495,14,8344,50,47839,9165,17497.14,9930273,0
"2021-07-19",9121,4955967,8478,4513279,999,431786,91,39586,20,8364,111,47950,18709,17404.14,9948982,0
"2021-07-20",10649,4966616,8759,4522038,991,432777,94,39680,24,8388,118,48068,20517,17486.14,9969499,0
"2021-07-21",10050,4976666,8764,4530802,903,433680,146,39826,31,8419,177,48245,19894,17518.43,9989393,0
"2021-07-22",10688,4987354,8587,4539389,1046,434726,143,39969,26,8445,169,48414,20490,17717.43,10009883,0
"2021-07-23",11252,4998606,8882,4548271,1114,435840,137,40106,22,8467,159,48573,21407,17901.86,10031290,0
"2021-07-24",7404,5006010,6737,4555008,670,436510,81,40187,22,8489,103,48676,14914,17870.86,10046204,0
"2021-07-25",5477,5011487,2126,4557134,509,437019,59,40246,4,8493,63,48739,8175,17729.43,10054379,0
"2021-07-26",10873,5022360,7003,4564137,859,437878,109,40355,17,8510,126,48865,18861,17751.14,10073240,0
"2021-07-27",12056,5034416,8566,4572703,857,438735,133,40488,35,8545,168,49033,21647,17912.57,10094887,0
"2021-07-28",11992,5046408,8050,4580753,950,439685,131,40619,24,8569,155,49188,21147,18091.57,10116034,0
"2021-07-29",10935,5057343,7429,4588182,984,440669,133,40752,39,8608,172,49360,19520,17953,10135554,0
"2021-07-30",14954,5072297,8013,4596195,1150,441819,181,40933,29,8637,210,49570,24327,18370.14,10159881,0
"2021-07-31",9725,5082022,6317,4602512,816,442635,119,41052,20,8657,139,49709,16997,18667.71,10176878,0
"2021-08-01",6504,5088526,3307,4605819,564,443199,81,41133,19,8676,100,49809,10475,18996.29,10187353,0
"2021-08-02",13451,5101977,7155,4612974,847,444046,144,41277,17,8693,161,49970,21614,19389.57,10208967,0
"2021-08-03",15413,5117390,8386,4621360,1109,445155,144,41421,33,8726,177,50147,25085,19880.71,10234052,0
"2021-08-04",17262,5134652,8125,4629485,1454,446609,181,41602,31,8757,212,50359,27053,20724.43,10261105,0
"2021-08-05",17866,5152518,7929,4637414,1366,447975,160,41762,18,8775,178,50537,27339,21841.43,10288444,0
"2021-08-06",18175,5170693,8411,4645825,1233,449208,163,41925,30,8805,193,50730,28012,22367.86,10316456,0
"2021-08-07",13387,5184080,6015,4651840,799,450007,99,42024,27,8832,126,50856,20327,22843.57,10336783,0
"2021-08-08",9309,5193389,3835,4655675,399,450406,83,42107,8,8840,91,50947,13634,23294.86,10350417,0
"2021-08-09",21340,5214729,8528,4664203,964,451370,168,42275,34,8874,202,51149,31034,24640.57,10381451,0
"2021-08-10",18922,5233651,9328,4673531,947,452317,176,42451,33,8907,209,51358,29406,25257.86,10410857,0
"2021-08-11",15651,5249302,8305,4681836,853,453170,129,42580,41,8948,170,51528,24979,24961.57,10435836,0
"2021-08-12",15042,5264344,8979,4690815,940,454110,171,42751,33,8981,204,51732,25165,24651,10461001,0
"2021-08-13",14926,5279270,9291,4700106,920,455030,240,42991,36,9017,276,52008,25413,24279.71,10486414,0
"2021-08-14",10407,5289677,6407,4706513,625,455655,529,43520,40,9057,569,52577,18008,23948.43,10504422,0
"2021-08-15",6694,5296371,4477,4710990,676,456331,567,44087,31,9088,598,53175,12445,23778.57,10516867,0
"2021-08-16",15723,5312094,9299,4720289,1150,457481,1319,45406,63,9151,1382,54557,27554,23281.43,10544421,0
"2021-08-17",17774,5329868,10436,4730725,1224,458705,1764,47170,81,9232,1845,56402,31279,23549,10575700,0
"2021-08-18",17507,5347375,10362,4741087,1261,459966,1985,49155,92,9324,2077,58479,31207,24438.71,10606907,0
"2021-08-19",16300,5363675,9521,4750608,1315,461281,1950,51105,64,9388,2014,60493,29150,25008,10636057,0
"2021-08-20",16280,5379955,11536,4762144,1254,462535,1859,52964,80,9468,1939,62432,31009,25807.43,10667066,0
"2021-08-21",11150,5391105,8039,4770183,878,463413,1057,54021,53,9521,1110,63542,21177,26260.14,10688243,0
"2021-08-22",4081,5395186,3901,4774084,262,463675,514,54535,32,9553,546,64088,8790,25738,10697033,0
"2021-08-23",15584,5410770,11797,4785881,1023,464698,1547,56082,72,9625,1619,65707,30023,26090.71,10727056,0
"2021-08-24",16916,5427686,12595,4798476,1006,465704,1771,57853,73,9698,1844,67551,32361,26245.29,10759417,0
"2021-08-25",14585,5442271,12442,4810918,1110,466814,1565,59418,76,9774,1641,69192,29778,26041.14,10789195,0
"2021-08-26",16166,5458437,14082,4825000,1072,467886,1771,61189,67,9841,1838,71030,33158,26613.71,10822353,0
"2021-08-27",14882,5473319,14824,4839824,971,468857,1667,62856,72,9913,1739,72769,32416,26814.71,10854769,0
"2021-08-28",10683,5484002,11522,4851346,836,469693,1012,63868,42,9955,1054,73823,24095,27231.57,10878864,0
"2021-08-29",7218,5491220,7495,4858841,541,470234,778,64646,55,10010,833,74656,16087,28274,10894951,0
"2021-08-30",15522,5506742,16924,4875765,1077,471311,1794,66440,81,10091,1875,76531,35398,29041.86,10930349,0
"2021-08-31",15523,5522265,15952,4891717,951,472262,1969,68409,84,10175,2053,78584,34479,29344.43,10964828,0
"2021-09-01",14833,5537098,14098,4905815,1020,473282,1808,70217,60,10235,1868,80452,31819,29636,10996647,0
"2021-09-02",14332,5551430,12519,4918334,896,474178,1703,71920,59,10294,1762,82214,29509,29114.71,11026156,0
"2021-09-03",15018,5566448,14302,4932636,974,475152,1894,73814,70,10364,1964,84178,32258,29092.14,11058414,0
"2021-09-04",9648,5576096,9405,4942041,688,475840,975,74789,33,10397,1008,85186,20749,28614.14,11079163,0
"2021-09-05",6804,5582900,5515,4947556,438,476278,708,75497,14,10411,722,85908,13479,28241.57,11092642,0
"2021-09-06",5196,5588096,4513,4952069,358,476636,270,75767,11,10422,281,86189,10348,24663,11102990,0
"2021-09-07",15578,5603674,17695,4969764,912,477548,1554,77321,88,10510,1642,87831,35827,24855.57,11138817,0
"2021-09-08",16166,5619840,14823,4984587,1072,478620,1768,79089,78,10588,1846,89677,33907,25153.86,11172724,0
"2021-09-09",16114,5635954,14751,4999338,1047,479667,1912,81001,71,10659,1983,91660,33895,25780.43,11206619,0
"2021-09-10",18375,5654329,15393,5014731,1208,480875,1970,82971,80,10739,2050,93710,37026,26461.57,11243645,0
"2021-09-11",12638,5666967,10347,5025078,958,481833,1026,83997,46,10785,1072,94782,25015,27071,11268660,0
"2021-09-12",8539,5675506,5050,5030128,766,482599,689,84686,29,10814,718,95500,15073,27298.71,11283733,0
"2021-09-13",16931,5692437,12960,5043088,976,483575,1652,86338,53,10867,1705,97205,32572,30473.57,11316305,0
"2021-09-14",16271,5708708,13677,5056765,886,484461,1593,87931,51,10918,1644,98849,32478,29995.14,11348783,0
"2021-09-15",15546,5724254,12878,5069643,727,485188,1567,89498,79,10997,1646,100495,30797,29550.86,11379580,0
"2021-09-16",15341,5739595,13909,5083552,1210,486398,1457,90955,63,11060,1520,102015,31980,29277.29,11411560,0
"2021-09-17",14438,5754033,13959,5097511,922,487320,1828,92783,56,11116,1884,103899,31203,28445.43,11442763,0
"2021-09-18",10003,5764036,10176,5107687,913,488233,1046,93829,40,11156,1086,104985,22178,28040.14,11464941,0
"2021-09-19",6179,5770215,6071,5113758,558,488791,747,94576,28,11184,775,105760,13583,27827.29,11478524,0
"2021-09-20",12675,5782890,12629,5126387,1067,489858,1920,96496,55,11239,1975,107735,28346,27223.57,11506870,0
"2021-09-21",12236,5795126,12768,5139155,1109,490967,2022,98518,76,11315,2098,109833,28211,26614,11535081,0
"2021-09-22",12822,5807948,12005,5151160,1089,492056,1682,100200,66,11381,1748,111581,27664,26166.43,11562745,0
"2021-09-23",14943,5822891,12758,5163918,1639,493695,2265,102465,72,11453,2337,113918,31677,26123.14,11594422,0
"2021-09-24",16450,5839341,13366,5177284,1633,495328,4625,107090,110,11563,4735,118653,36184,26834.71,11630606,0
"2021-09-25",10543,5849884,9023,5186307,1018,496346,3462,110552,76,11639,3538,122191,24122,27112.43,11654728,0
"2021-09-26",6304,5856188,5761,5192068,773,497119,2422,112974,56,11695,2478,124669,15316,27360,11670044,0
"2021-09-27",14162,5870350,8053,5200121,1155,498274,9058,122032,157,11852,9215,133884,32585,27965.57,11702629,0
"2021-09-28",11148,5881498,11778,5211899,902,499176,9911,131943,173,12025,10084,143968,33912,28780,11736541,0
"2021-09-29",11607,5893105,12194,5224093,1206,500382,9448,141391,161,12186,9609,153577,34616,29773.14,11771157,0
"2021-09-30",12240,5905345,12604,5236697,1338,501720,9744,151135,172,12358,9916,163493,36098,30404.71,11807255,0
"2021-10-01",12649,5917994,13430,5250127,1284,503004,10264,161399,144,12502,10408,173901,37771,30631.43,11845026,0
"2021-10-02",7735,5925729,9975,5260102,865,503869,4238,165637,74,12576,4312,178213,22887,30455,11867913,0
"2021-10-03",5077,5930806,6156,5266258,593,504462,2612,168249,54,12630,2666,180879,14492,30337.29,11882405,0
"2021-10-04",9909,5940715,11024,5277282,913,505375,9521,177770,138,12768,9659,190538,31505,30183,11913910,0
"2021-10-05",10163,5950878,11739,5289021,972,506347,9931,187701,172,12940,10103,200641,32977,30049.43,11946887,0
"2021-10-06",9915,5960793,11057,5300078,937,507284,9927,197628,153,13093,10080,210721,31989,29674.14,11978876,0
"2021-10-07",9666,5970459,12196,5312274,853,508137,10187,207815,166,13259,10353,221074,33068,29241.29,12011944,0
"2021-10-08",9462,5979921,12175,5324449,942,509079,10902,218717,160,13419,11062,232136,33641,28651.29,12045585,0
"2021-10-09",6258,5986179,8278,5332727,649,509728,4118,222835,86,13505,4204,236340,19389,28151.57,12064974,0
"2021-10-10",3543,5989722,5029,5337756,458,510186,2433,225268,40,13545,2473,238813,11503,27724.57,12076477,0
"2021-10-11",7624,5997346,9332,5347088,728,510914,8886,234154,152,13697,9038,247851,26722,27041.29,12103199,0
"2021-10-12",8078,6005424,10998,5358086,891,511805,10510,244664,177,13874,10687,258538,30654,26709.43,12133853,0
"2021-10-13",7154,6012578,10146,5368232,869,512674,8800,253464,174,14048,8974,267512,27143,26017.14,12160996,0
"2021-10-14",7445,6020023,11113,5379345,836,513510,10114,263578,159,14207,10273,277785,29667,25531.29,12190663,0
"2021-10-15",7727,6027750,11864,5391209,823,514333,10808,274386,164,14371,10972,288757,31386,25209.14,12222049,0
"2021-10-16",4865,6032615,7468,5398677,666,514999,3843,278229,65,14436,3908,292665,16907,24854.57,12238956,0
"2021-10-17",3061,6035676,4473,5403150,411,515410,2451,280680,41,14477,2492,295157,10437,24702.29,12249393,0
"2021-10-18",7053,6042729,10666,5413816,796,516206,9478,290158,165,14642,9643,304800,28158,24907.43,12277551,0
"2021-10-19",6576,6049305,8946,5422762,804,517010,9086,299244,165,14807,9251,314051,25577,24182.14,12303128,0
"2021-10-20",6536,6055841,9375,5432137,974,517984,9984,309228,171,14978,10155,324206,27040,24167.43,12330168,0
"2021-10-21",7031,6062872,9380,5441517,858,518842,10842,320070,147,15125,10989,335195,28258,23966.14,12358426,0
"2021-10-22",8129,6071001,10343,5451860,1026,519868,16345,336415,208,15333,16553,351748,36051,24632.57,12394477,0
"2021-10-23",5171,6076172,6458,5458318,690,520558,9121,345536,111,15444,9232,360980,21551,25296,12416028,0
"2021-10-24",3275,6079447,3971,5462289,770,521328,6150,351686,74,15518,6224,367204,14240,25839.29,12430268,0
"2021-10-25",8775,6088222,8739,5471028,1149,522477,19251,370937,283,15801,19534,386738,38197,27273.43,12468465,0
"2021-10-26",8203,6096425,7722,5478750,1258,523735,17288,388225,256,16057,17544,404282,34727,28580.57,12503192,0
"2021-10-27",10568,6106993,8393,5487143,1603,525338,20854,409079,302,16359,21156,425438,41720,30677.71,12544912,0
"2021-10-28",11330,6118323,8040,5495183,1793,527131,20837,429916,310,16669,21147,446585,42310,32685.14,12587222,0
"2021-10-29",11839,6130162,8239,5503422,1963,529094,22532,452448,313,16982,22845,469430,44886,33947.29,12632108,0
"2021-10-30",4631,6134793,5059,5508481,932,530026,11164,463612,156,17138,11320,480750,21942,34003.14,12654050,0
"2021-10-31",2665,6137458,2702,5511183,544,530570,6637,470249,95,17233,6732,487482,12643,33775,12666693,0
"2021-11-01",7140,6144598,6955,5518138,1089,531659,20380,490629,312,17545,20692,508174,35876,33443.43,12702569,0
"2021-11-02",6584,6151182,6593,5524731,1054,532713,20777,511406,262,17807,21039,529213,35270,33521,12737839,0
"2021-11-03",6854,6158036,6681,5531412,1026,533739,20626,532032,293,18100,20919,550132,35480,32629.57,12773319,0
"2021-11-04",9317,6167353,6279,5537691,995,534734,22356,554388,336,18436,22692,572824,39283,32197.14,12812602,0
"2021-11-05",11061,6178414,6724,5544415,1051,535785,23759,578147,338,18774,24097,596921,42933,31918.14,12855535,0
"2021-11-06",11132,6189546,4051,5548466,594,536379,12590,590737,160,18934,12750,609671,28527,32858.86,12884062,0
"2021-11-07",7256,6196802,2287,5550753,577,536956,7105,597842,89,19023,7194,616865,17314,33526.14,12901376,0
"2021-11-08",15055,6211857,5678,5556431,865,537821,19509,617351,267,19290,19776,636641,41374,34311.57,12942750,0
"2021-11-09",16153,6228010,5390,5561821,661,538482,20512,637863,259,19549,20771,657412,42975,35412.29,12985725,0
"2021-11-10",16936,6244946,5323,5567144,683,539165,22641,660504,281,19830,22922,680334,45864,36895.71,13031589,0
"2021-11-11",12580,6257526,5187,5572331,760,539925,22083,682587,275,20105,22358,702692,40885,37124.57,13072474,0
"2021-11-12",16892,6274418,5689,5578020,706,540631,23393,705980,349,20454,23742,726434,47029,37709.71,13119503,0
"2021-11-13",9945,6284363,3665,5581685,464,541095,13323,719303,172,20626,13495,739929,27569,37572.86,13147072,0
"2021-11-14",6015,6290378,2293,5583978,325,541420,7930,727233,73,20699,8003,747932,16636,37476,13163708,0
"2021-11-15",13225,6303603,5975,5589953,690,542110,25104,752337,341,21040,25445,773377,45335,38041.86,13209043,0
"2021-11-16",9974,6313577,5781,5595734,656,542766,30668,783005,402,21442,31070,804447,47481,38685.57,13256524,0
"2021-11-17",10313,6323890,6676,5602410,681,543447,31414,814419,397,21839,31811,836258,49481,39202.29,13306005,0
"2021-11-18",10744,6334634,6545,5608955,858,544305,33004,847423,431,22270,33435,869693,51582,40730.43,13357587,0
"2021-11-19",12032,6346666,6553,5615508,715,545020,36235,883658,443,22713,36678,906371,55978,42008.86,13413565,0
"2021-11-20",9336,6356002,3419,5618927,513,545533,22511,906169,244,22957,22755,929126,36023,43216.57,13449588,0
"2021-11-21",4958,6360960,1887,5620814,288,545821,13200,919369,142,23099,13342,942468,20475,43765,13470063,0
"2021-11-22",10449,6371409,5791,5626605,751,546572,35917,955286,426,23525,36343,978811,53334,44907.71,13523397,0
"2021-11-23",9807,6381216,4781,5631386,636,547208,33515,988801,355,23880,33870,1012681,49094,45138.14,13572491,0
"2021-11-24",8714,6389930,4753,5636139,651,547859,25914,1014715,269,24149,26183,1038864,40301,43826.71,13612792,0
"2021-11-25",449,6390379,325,5636464,80,547939,1003,1015718,9,24158,1012,1039876,1866,36724.43,13614658,0
"2021-11-26",8064,6398443,6987,5643451,530,548469,26586,1042304,280,24438,26866,1066742,42447,34791.43,13657105,0
"2021-11-27",6689,6405132,6834,5650285,371,548840,18837,1061141,214,24652,19051,1085793,32945,34351.71,13690050,0
"2021-11-28",4083,6409215,5785,5656070,282,549122,11879,1073020,113,24765,11992,1097785,22142,34589.86,13712192,0
"2021-11-29",9104,6418319,10984,5667054,687,549809,35024,1108044,410,25175,35434,1133219,56209,35000.57,13768401,0
"2021-11-30",10522,6428841,11434,5678488,513,550322,37782,1145826,471,25646,38253,1171472,60722,36661.71,13829123,0
"2021-12-01",11202,6440043,10985,5689473,724,551046,40346,1186172,421,26067,40767,1212239,63678,40001.29,13892801,0
"2021-12-02",11669,6451712,11038,5700511,627,551673,42158,1228330,437,26504,42595,1254834,65929,49153.14,13958730,0
"2021-12-03",13509,6465221,12889,5713400,676,552349,47919,1276249,496,27000,48415,1303249,75489,53873.43,14034219,0
"2021-12-04",9865,6475086,11294,5724694,567,552916,30672,1306921,288,27288,30960,1334209,52686,56693.57,14086905,0
"2021-12-05",5764,6480850,5707,5730401,271,553187,16656,1323577,123,27411,16779,1350988,28521,57604.86,14115426,0
"2021-12-06",12352,6493202,9954,5740355,600,553787,43242,1366819,427,27838,43669,1394657,66575,59085.71,14182001,0
"2021-12-07",12612,6505814,9257,5749612,625,554412,43024,1409843,481,28319,43505,1438162,65999,59839.57,14248000,0
"2021-12-08",13546,6519360,8776,5758388,554,554966,40784,1450627,452,28771,41236,1479398,64112,59901.57,14312112,0
"2021-12-09",13519,6532879,8757,5767145,555,555521,40807,1491434,472,29243,41279,1520677,64110,59641.71,14376222,0
"2021-12-10",14048,6546927,10142,5777287,670,556191,43666,1535100,475,29718,44141,1564818,69001,58714.86,14445223,0
"2021-12-11",10285,6557212,8120,5785407,405,556596,26696,1561796,262,29980,26958,1591776,45768,57726.57,14490991,0
"2021-12-12",6023,6563235,3856,5789263,290,556886,15165,1576961,129,30109,15294,1607070,25463,57289.71,14516454,0
"2021-12-13",12241,6575476,7429,5796692,658,557544,37876,1614837,375,30484,38251,1645321,58579,56147.43,14575033,0
"2021-12-14",12251,6587727,6957,5803649,731,558275,38144,1652981,412,30896,38556,1683877,58495,55075.43,14633528,0
"2021-12-15",12120,6599847,6239,5809888,755,559030,38125,1691106,473,31369,38598,1722475,57712,54161.14,14691240,0
"2021-12-16",13145,6612992,4275,5814163,740,559770,41039,1732145,425,31794,41464,1763939,59624,53520.29,14750864,0
"2021-12-17",15956,6628948,6930,5821093,620,560390,46765,1778910,458,32252,47223,1811162,70729,53767.14,14821593,0
"2021-12-18",13030,6641978,5719,5826812,432,560822,30618,1809528,258,32510,30876,1842038,50057,54379.86,14871650,0
"2021-12-19",7025,6649003,2995,5829807,326,561148,18003,1827531,166,32676,18169,1860207,28515,54815.86,14900165,0
"2021-12-20",16884,6665887,5866,5835673,746,561894,47432,1874963,542,33218,47974,1908181,71470,56657.43,14971635,0
"2021-12-21",17982,6683869,6575,5842248,806,562700,48901,1923864,561,33779,49462,1957643,74825,58990.29,15046460,0
"2021-12-22",18548,6702417,6560,5848808,938,563638,49667,1973531,511,34290,50178,2007821,76224,61634.86,15122684,0
"2021-12-23",19050,6721467,6481,5855289,929,564567,45822,2019353,502,34792,46324,2054145,72784,63514.86,15195468,0
"2021-12-24",9248,6730715,2952,5858241,598,565165,20592,2039945,203,34995,20795,2074940,33593,58209.71,15229061,0
"2021-12-25",344,6731059,63,5858304,31,565196,427,2040372,8,35003,435,2075375,873,51183.43,15229934,0
"2021-12-26",7977,6739036,3929,5862233,341,565537,17272,2057644,167,35170,17439,2092814,29686,51350.71,15259620,0
"2021-12-27",21792,6760828,9205,5871438,932,566469,43426,2101070,529,35699,43955,2136769,75884,51981.29,15335504,0
"2021-12-28",20168,6780996,8331,5879769,699,567168,47564,2148634,585,36284,48149,2184918,77347,52341.57,15412851,0
"2021-12-29",18503,6799499,7671,5887440,607,567775,45541,2194175,466,36750,46007,2230925,72788,51850.71,15485639,0
"2021-12-30",16887,6816386,7419,5894859,587,568362,44838,2239013,559,37309,45397,2276322,70290,51494.43,15555929,0
"2021-12-31",5364,6821750,2809,5897668,193,568555,14762,2253775,173,37482,14935,2291257,23301,50024.14,15579230,0
"2022-01-01",243,6821993,147,5897815,12,568567,501,2254276,20,37502,521,2291778,923,50031.29,15580153,0
"2022-01-02",6434,6828427,5021,5902836,153,568720,10975,2265251,107,37609,11082,2302860,22690,49031.86,15602843,0
"2022-01-03",14138,6842565,8486,5911322,515,569235,26927,2292178,313,37922,27240,2330100,50379,45388.29,15653222,0
"2022-01-04",12903,6855468,8109,5919431,414,569649,27163,2319341,344,38266,27507,2357607,48933,41329.14,15702155,0
"2022-01-05",11510,6866978,6994,5926425,384,570033,25840,2345181,296,38562,26136,2383743,45024,37362.86,15747179,0
"2022-01-06",11488,6878466,7386,5933811,485,570518,27514,2372695,322,38884,27836,2411579,47195,34063.57,15794374,0
"2022-01-07",10404,6888870,8421,5942232,338,570856,25020,2397715,305,39189,25325,2436904,44488,37090.29,15838862,0
"2022-01-08",7876,6896746,8568,5950800,310,571166,19448,2417163,171,39360,19619,2456523,36373,42154.57,15875235,0
"2022-01-09",4135,6900881,3845,5954645,214,571380,10058,2427221,89,39449,10147,2466670,18341,41533.29,15893576,0
"2022-01-10",10183,6911064,8187,5962832,490,571870,24604,2451825,288,39737,24892,2491562,43752,40586.57,15937328,0
"2022-01-11",8900,6919964,7998,5970830,521,572391,21023,2472848,271,40008,21294,2512856,38713,39126.57,15976041,0
"2022-01-12",8938,6928902,8319,5979149,428,572819,22332,2495180,283,40291,22615,2535471,40300,38451.71,16016341,0
"2022-01-13",9046,6937948,8866,5988015,451,573270,22877,2518057,301,40592,23178,2558649,41541,37644,16057882,0
"2022-01-14",10117,6948065,8122,5996137,476,573746,26434,2544491,306,40898,26740,2585389,45455,37782.14,16103337,0
"2022-01-15",6209,6954274,4308,6000445,179,573925,15145,2559636,168,41066,15313,2600702,26009,36301.57,16129346,0
"2022-01-16",2922,6957196,3250,6003695,95,574020,7819,2567455,80,41146,7899,2608601,14166,35705.14,16143512,0
"2022-01-17",6083,6963279,6759,6010454,363,574383,14676,2582131,207,41353,14883,2623484,28088,33467.43,16171600,0
"2022-01-18",8168,6971447,10315,6020769,397,574780,19660,2601791,313,41666,19973,2643457,38853,33487.43,16210453,0
"2022-01-19",7473,6978920,9253,6030022,304,575084,17711,2619502,265,41931,17976,2661433,35006,32731.14,16245459,0
"2022-01-20",6281,6985201,8561,6038583,305,575389,15251,2634753,230,42161,15481,2676914,30628,31172.14,16276087,0
"2022-01-21",7576,6992777,7500,6046083,276,575665,18507,2653260,274,42435,18781,2695695,34133,29554.71,16310220,0
"2022-01-22",5194,6997971,4939,6051022,131,575796,11318,2664578,121,42556,11439,2707134,21703,28939.57,16331923,0
"2022-01-23",2811,7000782,3329,6054351,97,575893,6228,2670806,74,42630,6302,2713436,12539,28707.14,16344462,0
"2022-01-24",6371,7007153,8202,6062553,262,576155,15073,2685879,233,42863,15306,2728742,30141,29000.43,16374603,0
"2022-01-25",6192,7013345,7936,6070489,233,576388,14684,2700563,253,43116,14937,2743679,29298,27635.43,16403901,0
"2022-01-26",5755,7019100,7171,6077660,289,576677,14015,2714578,206,43322,14221,2757900,27436,26554,16431337,0
"2022-01-27",5263,7024363,7090,6084750,321,576998,14079,2728657,227,43549,14306,2772206,26980,26032.86,16458317,0
"2022-01-28",6266,7030629,7865,6092615,203,577201,16129,2744786,232,43781,16361,2788567,30695,25541.71,16489012,0
"2022-01-29",843,7031472,727,6093342,28,577229,2537,2747323,39,43820,2576,2791143,4174,23037.57,16493186,0
"2022-01-30",2097,7033569,3020,6096362,103,577332,4536,2751859,61,43881,4597,2795740,9817,22648.71,16503003,0
"2022-01-31",5008,7038577,6598,6102960,220,577552,11375,2763234,196,44077,11571,2807311,23397,21685.29,16526400,0
"2022-02-01",4838,7043415,6436,6109396,219,577771,10711,2773945,210,44287,10921,2818232,22414,20701.86,16548814,0
"2022-02-02",4250,7047665,5922,6115318,213,577984,11228,2785173,234,44521,11462,2829694,21847,19903.43,16570661,0
"2022-02-03",4233,7051898,5810,6121128,216,578200,11214,2796387,194,44715,11408,2841102,21667,19144.43,16592328,0
"2022-02-04",4776,7056674,7114,6128242,214,578414,13216,2809603,232,44947,13448,2854550,25552,18409.71,16617880,0
"2022-02-05",3587,7060261,6052,6134294,110,578524,8572,2818175,147,45094,8719,2863269,18468,20451.71,16636348,0
"2022-02-06",2063,7062324,2133,6136427,121,578645,4637,2822812,102,45196,4739,2868008,9056,20343,16645404,0
"2022-02-07",4159,7066483,4727,6141154,205,578850,10133,2832945,226,45422,10359,2878367,19450,19779.14,16664854,0
"2022-02-08",4225,7070708,5610,6146764,214,579064,11324,2844269,300,45722,11624,2889991,21673,19673.29,16686527,0
"2022-02-09",4140,7074848,5404,6152168,222,579286,11659,2855928,248,45970,11907,2901898,21673,19648.43,16708200,0
"2022-02-10",4000,7078848,5119,6157287,245,579531,12197,2868125,279,46249,12476,2914374,21840,19673.14,16730040,0
"2022-02-11",4518,7083366,5806,6163093,195,579726,13730,2881855,311,46560,14041,2928415,24560,19531.43,16754600,0
"2022-02-12",3262,7086628,4341,6167434,97,579823,8805,2890660,212,46772,9017,2937432,16717,19281.29,16771317,0
"2022-02-13",1522,7088150,1542,6168976,41,579864,4880,2895540,105,46877,4985,2942417,8090,19143.29,16779407,0
"2022-02-14",2985,7091135,3624,6172600,167,580031,10568,2906108,321,47198,10889,2953306,17665,18888.29,16797072,0
"2022-02-15",3561,7094696,4070,6176670,176,580207,12779,2918887,269,47467,13048,2966354,20855,18771.43,16817927,0
"2022-02-16",3665,7098361,3902,6180572,200,580407,15719,2934606,287,47754,16006,2982360,23773,19071.43,16841700,0
"2022-02-17",4040,7102401,4078,6184650,162,580569,18268,2952874,353,48107,18621,3000981,26901,19794.43,16868601,0
"2022-02-18",4478,7106879,4783,6189433,190,580759,21528,2974402,446,48553,21974,3022955,31425,20775.14,16900026,0
"2022-02-19",3257,7110136,2179,6191612,65,580824,11177,2985579,211,48764,11388,3034343,16889,20799.71,16916915,0
"2022-02-20",1862,7111998,1447,6193059,59,580883,6576,2992155,110,48874,6686,3041029,10054,21080.29,16926969,0
"2022-02-21",3087,7115085,2691,6195750,95,580978,8354,3000509,223,49097,8577,3049606,14450,20621,16941419,0
"2022-02-22",4382,7119467,4249,6199999,175,581153,10830,3011339,246,49343,11076,3060682,19882,20482,16961301,0
"2022-02-23",4270,7123737,3791,6203790,145,581298,10661,3022000,237,49580,10898,3071580,19104,19815,16980405,0
"2022-02-24",3795,7127532,3657,6207447,108,581406,10185,3032185,229,49809,10414,3081994,17974,18539.71,16998379,0
"2022-02-25",3620,7131152,3624,6211071,134,581540,9974,3042159,230,50039,10204,3092198,17582,16562.14,17015961,0
"2022-02-26",2840,7133992,2578,6213649,74,581614,9510,3051669,153,50192,9663,3101861,15155,16314.43,17031116,0
"2022-02-27",1773,7135765,1371,6215020,52,581666,6268,3057937,97,50289,6365,3108226,9561,16244,17040677,0
"2022-02-28",3806,7139571,3133,6218153,140,581806,13128,3071065,246,50535,13374,3121600,20453,17101.57,17061130,0
"2022-03-01",2139,7141710,2624,6220777,103,581909,5169,3076234,182,50717,5351,3126951,10217,15720.86,17071347,0
"2022-03-02",1845,7143555,2437,6223214,106,582015,4128,3080362,204,50921,4332,3131283,8720,14237.43,17080067,0
"2022-03-03",1939,7145494,2555,6225769,106,582121,3793,3084155,167,51088,3960,3135243,8560,12892.57,17088627,0
"2022-03-04",2122,7147616,2873,6228642,66,582187,4327,3088482,205,51293,4532,3139775,9593,11751.29,17098220,0
"2022-03-05",1612,7149228,2125,6230767,43,582230,3316,3091798,112,51405,3428,3143203,7208,10616,17105428,0
"2022-03-06",799,7150027,879,6231646,30,582260,1622,3093420,54,51459,1676,3144879,3384,9733.57,17108812,0
"2022-03-07",1668,7151695,1786,6233432,86,582346,3496,3096916,161,51620,3657,3148536,7197,7839.86,17116009,0
"2022-03-08",1550,7153245,1892,6235324,80,582426,3123,3100039,145,51765,3268,3151804,6790,7350.29,17122799,0
"2022-03-09",1266,7154511,1667,6236991,79,582505,2584,3102623,129,51894,2713,3154517,5725,6922.43,17128524,0
"2022-03-10",1419,7155930,2099,6239090,85,582590,2951,3105574,161,52055,3112,3157629,6715,6658.86,17135239,0
"2022-03-11",1604,7157534,2272,6241362,81,582671,3212,3108786,187,52242,3399,3161028,7356,6339.29,17142595,0
"2022-03-12",879,7158413,1414,6242776,40,582711,2004,3110790,72,52314,2076,3163104,4409,5939.43,17147004,0
"2022-03-13",626,7159039,757,6243533,27,582738,1292,3112082,47,52361,1339,3164443,2749,5848.71,17149753,0
"2022-03-14",1373,7160412,1602,6245135,83,582821,2988,3115070,204,52565,3192,3167635,6250,5713.43,17156003,0
"2022-03-15",1362,7161774,1923,6247058,63,582884,3068,3118138,228,52793,3296,3170931,6644,5692.57,17162647,0
"2022-03-16",1401,7163175,2065,6249123,94,582978,3132,3121270,293,53086,3425,3174356,6985,5872.57,17169632,0
"2022-03-17",1185,7164360,1806,6250929,70,583048,2758,3124028,262,53348,3020,3177376,6081,5782,17175713,0
"2022-03-18",1595,7165955,2211,6253140,80,583128,3769,3127797,413,53761,4182,3181558,8068,5883.71,17183781,0
"2022-03-19",1112,7167067,1734,6254874,54,583182,2597,3130394,225,53986,2822,3184380,5722,6071.29,17189503,0
"2022-03-20",614,7167681,627,6255501,33,583215,1463,3131857,183,54169,1646,3186026,2920,6095.71,17192423,0
"2022-03-21",1422,7169103,1552,6257053,72,583287,3054,3134911,352,54521,3406,3189432,6452,6124.57,17198875,0
"2022-03-22",1344,7170447,1552,6258605,101,583388,2902,3137813,338,54859,3240,3192672,6237,6066.43,17205112,0
"2022-03-23",1262,7171709,1361,6259966,66,583454,2917,3140730,371,55230,3288,3195960,5977,5922.43,17211089,0
"2022-03-24",1211,7172920,1300,6261266,90,583544,2517,3143247,264,55494,2781,3198741,5382,5822.57,17216471,0
"2022-03-25",1391,7174311,1629,6262895,62,583606,3263,3146510,372,55866,3635,3202376,6717,5629.57,17223188,0
"2022-03-26",929,7175240,1162,6264057,36,583642,2303,3148813,249,56115,2552,3204928,4679,5480.57,17227867,0
"2022-03-27",574,7175814,527,6264584,29,583671,1312,3150125,203,56318,1515,3206443,2645,5441.29,17230512,0
"2022-03-28",1087,7176901,1164,6265748,68,583739,2439,3152564,354,56672,2793,3209236,5112,5249.86,17235624,0
"2022-03-29",1052,7177953,1104,6266852,85,583824,2514,3155078,873,57545,3387,3212623,5628,5162.86,17241252,0
"2022-03-30",1250,7179203,1142,6267994,98,583922,3067,3158145,3377,60922,6444,3219067,8934,5585.29,17250186,0
"2022-03-31",1290,7180493,1261,6269255,57,583979,3166,3161311,5473,66395,8639,3227706,11247,6423.14,17261433,0
"2022-04-01",1436,7181929,1496,6270751,76,584055,3250,3164561,6865,73260,10115,3237821,13123,7338.29,17274556,0
"2022-04-02",913,7182842,913,6271664,33,584088,2096,3166657,4495,77755,6591,3244412,8450,7877,17283006,0
"2022-04-03",560,7183402,500,6272164,28,584116,1223,3167880,3041,80796,4264,3248676,5352,8263.71,17288358,0
"2022-04-04",1358,7184760,1308,6273472,62,584178,2734,3170614,7651,88447,10385,3259061,13113,9406.71,17301471,0
"2022-04-05",1305,7186065,1164,6274636,66,584244,2856,3173470,7441,95888,10297,3269358,12832,10435.86,17314303,0
"2022-04-06",1345,7187410,1180,6275816,61,584305,2622,3176092,6913,102801,9535,3278893,12121,10891.14,17326424,0
"2022-04-07",1213,7188623,1063,6276879,57,584362,2378,3178470,6572,109373,8950,3287843,11283,10896.29,17337707,0
"2022-04-08",1493,7190116,1404,6278283,62,584424,3168,3181638,8724,118097,11892,3299735,14851,11143.14,17352558,0
"2022-04-09",925,7191041,924,6279207,29,584453,2069,3183707,4916,123013,6985,3306720,8863,11202.14,17361421,0
"2022-04-10",588,7191629,460,6279667,25,584478,1170,3184877,2870,125883,4040,3310760,5113,11168,17366534,0
"2022-04-11",1330,7192959,1235,6280902,59,584537,2665,3187542,7742,133625,10407,3321167,13031,11156.29,17379565,0
"2022-04-12",1220,7194179,1058,6281960,73,584610,2531,3190073,7372,140997,9903,3331070,12254,11073.71,17391819,0
"2022-04-13",1255,7195434,1079,6283039,59,584669,2508,3192581,7492,148489,10000,3341070,12393,11112.57,17404212,0
"2022-04-14",1279,7196713,1102,6284141,59,584728,2436,3195017,6529,155018,8965,3350035,11405,11130,17415617,0
"2022-04-15",1353,7198066,1097,6285238,53,584781,2565,3197582,6573,161591,9138,3359173,11641,10671.43,17427258,0
"2022-04-16",872,7198938,653,6285891,33,584814,1638,3199220,3643,165234,5281,3364454,6839,10382.29,17434097,0
"2022-04-17",347,7199285,203,6286094,27,584841,639,3199859,1144,166378,1783,3366237,2360,9989,17436457,0
"2022-04-18",1393,7200678,1116,6287210,82,584923,2589,3202448,6370,172748,8959,3375196,11550,9777.43,17448007,0
"2022-04-19",1420,7202098,939,6288149,72,584995,2574,3205022,5700,178448,8274,3383470,10705,9556.14,17458712,0
"2022-04-20",1317,7203415,1146,6289295,65,585060,2682,3207704,6586,185034,9268,3392738,11796,9470.86,17470508,0
"2022-04-21",1228,7204643,1062,6290357,53,585113,2330,3210034,5296,190330,7626,3400364,9969,9265.71,17480477,0
"2022-04-22",1219,7205862,1026,6291383,46,585159,2201,3212235,5588,195918,7789,3408153,10080,9042.71,17490557,0
"2022-04-23",718,7206580,750,6292133,59,585218,1427,3213662,3323,199241,4750,3412903,6277,8962.43,17496834,0
"2022-04-24",443,7207023,338,6292471,27,585245,814,3214476,1797,201038,2611,3415514,3419,9113.71,17500253,0
"2022-04-25",1032,7208055,916,6293387,64,585309,1853,3216329,5049,206087,6902,3422416,8914,8737.14,17509167,0
"2022-04-26",949,7209004,858,6294245,76,585385,1754,3218083,4655,210742,6409,3428825,8292,8392.43,17517459,0
"2022-04-27",1042,7210046,1026,6295271,80,585465,1931,3220014,5166,215908,7097,3435922,9245,8028,17526704,0
"2022-04-28",1092,7211138,988,6296259,50,585515,2008,3222022,4695,220603,6703,3442625,8833,7865.71,17535537,0
"2022-04-29",1191,7212329,1107,6297366,60,585575,2157,3224179,5335,225938,7492,3450117,9850,7832.86,17545387,0
"2022-04-30",730,7213059,741,6298107,43,585618,1393,3225572,2936,228874,4329,3454446,5843,7770.86,17551230,0
"2022-05-01",447,7213506,367,6298474,20,585638,766,3226338,1640,230514,2406,3456852,3240,7745.29,17554470,0
"2022-05-02",1060,7214566,793,6299267,52,585690,1672,3228010,3781,234295,5453,3462305,7358,7523,17561828,0
"2022-05-03",1124,7215690,863,6300130,61,585751,1997,3230007,4826,239121,6823,3469128,8871,7605.71,17570699,0
"2022-05-04",1023,7216713,883,6301013,48,585799,1914,3231921,4596,243717,6510,3475638,8464,7494.14,17579163,0
"2022-05-05",1060,7217773,952,6301965,86,585885,1926,3233847,4841,248558,6767,3482405,8865,7498.71,17588028,0
"2022-05-06",1095,7218868,958,6302923,51,585936,1867,3235714,4338,252896,6205,3488610,8309,7278.57,17596337,0
"2022-05-07",662,7219530,592,6303515,32,585968,1204,3236918,2409,255305,3613,3492223,4899,7143.71,17601236,0
"2022-05-08",417,7219947,247,6303762,17,585985,668,3237586,1367,256672,2035,3494258,2716,7068.86,17603952,0
"2022-05-09",1085,7221032,950,6304712,60,586045,1885,3239471,4403,261075,6288,3500546,8383,7215.29,17612335,0
"2022-05-10",1099,7222131,936,6305648,54,586099,1988,3241459,4669,265744,6657,3507203,8746,7197.43,17621081,0
"2022-05-11",1096,7223227,980,6306628,44,586143,1939,3243398,4805,270549,6744,3513947,8864,7254.57,17629945,0
"2022-05-12",1105,7224332,949,6307577,58,586201,2003,3245401,4620,275169,6623,3520570,8735,7236,17638680,0
"2022-05-13",1166,7225498,1039,6308616,44,586245,2061,3247462,4752,279921,6813,3527383,9062,7343.57,17647742,0
"2022-05-14",832,7226330,670,6309286,31,586276,1471,3248933,2913,282834,4384,3531767,5917,7489,17653659,0
"2022-05-15",511,7226841,358,6309644,21,586297,923,3249856,1637,284471,2560,3534327,3450,7593.86,17657109,0
"2022-05-16",1231,7228072,862,6310506,61,586358,1825,3251681,3826,288297,5651,3539978,7805,7511.29,17664914,0
"2022-05-17",1301,7229373,926,6311432,79,586437,2053,3253734,4837,293134,6890,3546868,9196,7575.57,17674110,0
"2022-05-18",1249,7230622,903,6312335,82,586519,2060,3255794,4880,298014,6940,3553808,9174,7619.86,17683284,0
"2022-05-19",1172,7231794,879,6313214,35,586554,2118,3257912,4677,302691,6795,3560603,8881,7640.71,17692165,0
"2022-05-20",1204,7232998,956,6314170,74,586628,2368,3260280,5135,307826,7503,3568106,9737,7737.14,17701902,0
"2022-05-21",837,7233835,648,6314818,23,586651,1726,3262006,3262,311088,4988,3573094,6496,7819.86,17708398,0
"2022-05-22",514,7234349,292,6315110,22,586673,1134,3263140,1823,312911,2957,3576051,3785,7867.71,17712183,0
"2022-05-23",1228,7235577,891,6316001,47,586720,2185,3265325,4662,317573,6847,3582898,9013,8040.29,17721196,0
"2022-05-24",1438,7237015,939,6316940,66,586786,2293,3267618,4430,322003,6723,3589621,9166,8036,17730362,0
"2022-05-25",1444,7238459,959,6317899,56,586842,2263,3269881,4199,326202,6462,3596083,8921,7999.86,17739283,0
"2022-05-26",1184,7239643,871,6318770,60,586902,2261,3272142,4091,330293,6352,3602435,8467,7940.71,17747750,0
"2022-05-27",1259,7240902,956,6319726,38,586940,2491,3274633,3856,334149,6347,3608782,8600,7778.29,17756350,0
"2022-05-28",721,7241623,518,6320244,19,586959,1777,3276410,2042,336191,3819,3612601,5077,7575.57,17761427,0
"2022-05-29",476,7242099,217,6320461,11,586970,762,3277172,1111,337302,1873,3614474,2577,7403,17764004,0
"2022-05-30",92,7242191,56,6320517,6,586976,139,3277311,143,337445,282,3614756,436,6177.71,17764440,0
"2022-05-31",1143,7243334,913,6321430,51,587027,1881,3279192,3038,340483,4919,3619675,7026,5872,17771466,0
"2022-06-01",1154,7244488,845,6322275,63,587090,1963,3281155,3378,343861,5341,3625016,7403,5655.14,17778869,0
"2022-06-02",1034,7245522,800,6323075,72,587162,1822,3282977,3139,347000,4961,3629977,6867,5426.57,17785736,0
"2022-06-03",1171,7246693,890,6323965,47,587209,2053,3285030,3470,350470,5523,3635500,7631,5288.14,17793367,0
"2022-06-04",728,7247421,582,6324547,26,587235,1550,3286580,1888,352358,3438,3638938,4774,5244.86,17798141,0
"2022-06-05",450,7247871,297,6324844,1,587236,878,3287458,977,353335,1855,3640793,2603,5248.57,17800744,0
"2022-06-06",1128,7248999,826,6325670,64,587300,1752,3289210,2723,356058,4475,3645268,6493,6113.86,17807237,0
"2022-06-07",1027,7250026,767,6326437,70,587370,1768,3290978,2550,358608,4318,3649586,6182,5993.29,17813419,0
"2022-06-08",1094,7251120,834,6327271,75,587445,1867,3292845,2721,361329,4588,3654174,6591,5877.29,17820010,0
"2022-06-09",1147,7252267,836,6328107,62,587507,2212,3295057,2675,364004,4887,3659061,6932,5886.57,17826942,0
"2022-06-10",1054,7253321,813,6328920,75,587582,1877,3296934,2804,366808,4681,3663742,6623,5742.57,17833565,0
"2022-06-11",684,7254005,508,6329428,24,587606,1316,3298250,1499,368307,2815,3666557,4031,5636.43,17837596,0
"2022-06-12",351,7254356,286,6329714,20,587626,879,3299129,766,369073,1645,3668202,2302,5593.43,17839898,0
"2022-06-13",1037,7255393,764,6330478,63,587689,1570,3300699,2168,371241,3738,3671940,5602,5466.14,17845500,0
"2022-06-14",942,7256335,817,6331295,55,587744,1659,3302358,2484,373725,4143,3676083,5957,5434,17851457,0
"2022-06-15",982,7257317,853,6332148,39,587783,1636,3303994,2397,376122,4033,3680116,5907,5336.29,17857364,0
"2022-06-16",944,7258261,775,6332923,59,587842,1808,3305802,2330,378452,4138,3684254,5916,5191.14,17863280,0
"2022-06-17",899,7259160,790,6333713,44,587886,1746,3307548,2381,380833,4127,3688381,5860,5082.14,17869140,0
"2022-06-18",663,7259823,520,6334233,26,587912,1271,3308819,1290,382123,2561,3690942,3770,5044.86,17872910,0
"2022-06-19",354,7260177,236,6334469,16,587928,724,3309543,602,382725,1326,3692268,1932,4992,17874842,0
"2022-06-20",831,7261008,486,6334955,41,587969,1554,3311097,1606,384331,3160,3695428,4518,4837.14,17879360,0
"2022-06-21",1057,7262065,723,6335678,50,588019,1672,3312769,2113,386444,3785,3699213,5615,4788.29,17884975,0
"2022-06-22",1004,7263069,806,6336484,44,588063,1677,3314446,1975,388419,3652,3702865,5506,4731,17890481,0
"2022-06-23",942,7264011,747,6337231,64,588127,1685,3316131,2132,390551,3817,3706682,5570,4681.57,17896051,0
"2022-06-24",925,7264936,752,6337983,48,588175,1614,3317745,2123,392674,3737,3710419,5462,4624.71,17901513,0
"2022-06-25",632,7265568,480,6338463,15,588190,1228,3318973,1122,393796,2350,3712769,3477,4582.86,17904990,0
"2022-06-26",438,7266006,247,6338710,14,588204,678,3319651,529,394325,1207,3713976,1906,4579.14,17906896,0
"2022-06-27",850,7266856,647,6339357,60,588264,1444,3321095,1595,395920,3039,3717015,4596,4590.29,17911492,0
"2022-06-28",980,7267836,820,6340177,50,588314,1835,3322930,2088,398008,3923,3720938,5773,4612.86,17917265,0
"2022-06-29",887,7268723,762,6340939,47,588361,1674,3324604,1907,399915,3581,3724519,5277,4580.14,17922542,0
"2022-06-30",886,7269609,796,6341735,46,588407,1700,3326304,2058,401973,3758,3728277,5486,4568.14,17928028,0
"2022-07-01",713,7270322,583,6342318,22,588429,1361,3327665,1696,403669,3057,3731334,4375,4412.86,17932403,0
"2022-07-02",436,7270758,377,6342695,16,588445,826,3328491,918,404587,1744,3733078,2573,4283.71,17934976,0
"2022-07-03",296,7271054,205,6342900,5,588450,460,3328951,478,405065,938,3734016,1444,4217.71,17936420,0
"2022-07-04",31,7271085,26,6342926,1,588451,30,3328981,38,405103,68,3734084,126,3579.14,17936546,0
"2022-07-05",810,7271895,742,6343668,35,588486,1386,3330367,1719,406822,3105,3737189,4692,3424.71,17941238,0
"2022-07-06",807,7272702,669,6344337,44,588530,1401,3331768,1786,408608,3187,3740376,4707,3343.29,17945945,0
"2022-07-07",840,7273542,698,6345035,45,588575,1477,3333245,1930,410538,3407,3743783,4990,3272.43,17950935,0
"2022-07-08",863,7274405,633,6345668,37,588612,1443,3334688,1927,412465,3370,3747153,4903,3347.86,17955838,0
"2022-07-09",508,7274913,406,6346074,23,588635,867,3335555,1326,413791,2193,3749346,3130,3427.43,17958968,0
"2022-07-10",327,7275240,181,6346255,14,588649,422,3335977,652,414443,1074,3750420,1596,3449.14,17960564,0
"2022-07-11",929,7276169,612,6346867,46,588695,1398,3337375,2144,416587,3542,3753962,5129,4163.86,17965693,0
"2022-07-12",894,7277063,672,6347539,44,588739,1379,3338754,2462,419049,3841,3757803,5451,4272.29,17971144,0
"2022-07-13",845,7277908,668,6348207,34,588773,1453,3340207,2648,421697,4101,3761904,5648,4406.71,17976792,0
"2022-07-14",906,7278814,658,6348865,44,588817,1452,3341659,2841,424538,4293,3766197,5901,4536.86,17982693,120000
"2022-07-15",843,7279657,642,6349507,41,588858,1521,3343180,2957,427495,4478,3770675,6004,4694.14,17988697,120000
"2022-07-16",419,7280076,422,6349929,9,588867,951,3344131,1654,429149,2605,3773280,3455,4740.57,17992152,120000
"2022-07-17",344,7280420,214,6350143,16,588883,520,3344651,1146,430295,1666,3774946,2240,4832.57,17994392,120000
"2022-07-18",920,7281340,599,6350742,42,588925,1376,3346027,2330,432625,3706,3778652,5267,4852.29,17999659,120000
"2022-07-19",944,7282284,655,6351397,43,588968,1456,3347483,2640,435265,4096,3782748,5738,4893.29,18005397,120000
"2022-07-20",249,7282533,225,6351622,20,588988,433,3347916,814,436079,1247,3783995,1741,4335.14,18007138,120000
