"DATE","ADMIN_DOSE1_DAILY","ADMIN_DOSE1_CUMULATIVE","ADMIN_DOSE2_DAILY","ADMIN_DOSE2_CUMULATIVE","ADMIN_SINGLE_DAILY","ADMIN_SINGLE_CUMULATIVE","ADMIN_ADDITIONAL_DAILY","ADMIN_ADDITIONAL_CUMULATIVE","ADMIN_ALLDOSES_DAILY","ADMIN_ALLDOSES_7DAYAVG","ADMIN_ALLDOSES_CUMULATIVE","INCOMPLETE"
"2020-12-14",79,79,0,0,0,0,0,0,79,,79,0
"2020-12-15",2053,2132,5,5,4,4,0,0,2062,,2141,0
"2020-12-16",4598,6730,13,18,1,5,1,1,4613,,6754,0
"2020-12-17",4652,11382,18,36,0,5,1,2,4671,,11425,0
"2020-12-18",5831,17213,20,56,2,7,2,4,5855,,17280,0
"2020-12-19",1689,18902,6,62,3,10,0,4,1698,,18978,0
"2020-12-20",1114,20016,2,64,1,11,0,4,1117,2870.71,20095,0
"2020-12-21",6335,26351,15,79,1,12,5,9,6356,3767.43,26451,0
"2020-12-22",9800,36151,24,103,2,14,1,10,9827,4876.71,36278,0
"2020-12-23",14270,50421,34,137,3,17,1,11,14308,6261.71,50586,0
"2020-12-24",7206,57627,24,161,1,18,0,11,7231,6627.43,57817,0
"2020-12-25",180,57807,0,161,0,18,1,12,181,5816.86,57998,0
"2020-12-26",4394,62201,41,202,0,18,1,13,4436,6208,62434,0
"2020-12-27",3869,66070,12,214,0,18,0,13,3881,6602.86,66315,0
"2020-12-28",10996,77066,43,257,1,19,3,16,11043,7272.43,77358,0
"2020-12-29",10726,87792,29,286,2,21,2,18,10759,7405.57,88117,0
"2020-12-30",12841,100633,41,327,0,21,0,18,12882,7201.86,100999,0
"2020-12-31",7268,107901,30,357,1,22,0,18,7299,7211.57,108298,0
"2021-01-01",187,108088,2,359,1,23,3,21,193,7213.29,108491,0
"2021-01-02",3816,111904,10,369,2,25,1,22,3829,7126.57,112320,0
"2021-01-03",3541,115445,23,392,2,27,1,23,3567,7081.71,115887,0
"2021-01-04",12256,127701,804,1196,2,29,6,29,13068,7371,128955,0
"2021-01-05",14084,141785,2188,3384,2,31,9,38,16283,8160.14,145238,0
"2021-01-06",17814,159599,3913,7297,1,32,30,68,21758,9428.14,166996,0
"2021-01-07",16544,176143,5173,12470,4,36,41,109,21762,11494.29,188758,0
"2021-01-08",16627,192770,5448,17918,0,36,29,138,22104,14624.43,210862,0
"2021-01-09",7659,200429,1457,19375,1,37,8,146,9125,15381,219987,0
"2021-01-10",7899,208328,973,20348,0,37,9,155,8881,16140.14,228868,0
"2021-01-11",25855,234183,7440,27788,2,39,46,201,33343,19036.57,262211,0
"2021-01-12",28272,262455,7844,35632,1,40,41,242,36158,21875.86,298369,0
"2021-01-13",31738,294193,9363,44995,1,41,49,291,41151,24646.29,339520,0
"2021-01-14",35814,330007,5313,50308,1,42,24,315,41152,27416.29,380672,0
"2021-01-15",29284,359291,3702,54010,2,44,26,341,33014,28974.86,413686,0
"2021-01-16",30317,389608,2365,56375,0,44,20,361,32702,32343,446388,0
"2021-01-17",23796,413404,1603,57978,0,44,15,376,25414,34704.86,471802,0
"2021-01-18",27161,440565,2389,60367,0,44,33,409,29583,34167.71,501385,0
"2021-01-19",34332,474897,9606,69973,1,45,66,475,44005,35288.71,545390,0
"2021-01-20",34917,509814,9480,79453,1,46,55,530,44453,35760.43,589843,0
"2021-01-21",25640,535454,8081,87534,1,47,43,573,33765,34705.14,623608,0
"2021-01-22",24774,560228,4373,91907,1,48,26,599,29174,34156.57,652782,0
"2021-01-23",15749,575977,3212,95119,0,48,11,610,18972,32195.14,671754,0
"2021-01-24",7180,583157,3449,98568,0,48,14,624,10643,30085,682397,0
"2021-01-25",13430,596587,11798,110366,0,48,62,686,25290,29471.71,707687,0
"2021-01-26",16786,613373,10735,121101,0,48,62,748,27583,27125.71,735270,0
"2021-01-27",20856,634229,12336,133437,0,48,48,796,33240,25523.86,768510,0
"2021-01-28",30792,665021,12830,146267,0,48,74,870,43696,26942.57,812206,0
"2021-01-29",31712,696733,11472,157739,0,48,70,940,43254,28954,855460,0
"2021-01-30",18731,715464,3729,161468,0,48,19,959,22479,29455,877939,0
"2021-01-31",13034,728498,2901,164369,1,49,23,982,15959,30214.43,893898,0
"2021-02-01",1182,729680,5364,169733,3,52,33,1015,6582,27541.86,900480,0
"2021-02-02",2816,732496,9477,179210,2,54,44,1059,12339,25364.14,912819,0
"2021-02-03",16383,748879,21224,200434,3,57,185,1244,37795,26014.86,950614,0
"2021-02-04",27059,775938,19636,220070,3,60,185,1429,46883,26470.14,997497,0
"2021-02-05",27628,803566,20003,240073,0,60,166,1595,47797,27119.14,1045294,0
"2021-02-06",22998,826564,11235,251308,0,60,100,1695,34333,28812.57,1079627,0
"2021-02-07",12056,838620,8276,259584,0,60,78,1773,20410,29448.43,1100037,0
"2021-02-08",17016,855636,23478,283062,2,62,214,1987,40710,34323.86,1140747,0
"2021-02-09",17220,872856,28109,311171,2,64,303,2290,45634,39080.29,1186381,0
"2021-02-10",19621,892477,29304,340475,2,66,243,2533,49170,40705.29,1235551,0
"2021-02-11",27881,920358,33486,373961,2,68,306,2839,61675,42818.43,1297226,0
"2021-02-12",38456,958814,30783,404744,3,71,321,3160,69563,45927.86,1366789,0
"2021-02-13",28036,986850,25304,430048,2,73,284,3444,53626,48684,1420415,0
"2021-02-14",16307,1003157,23729,453777,0,73,237,3681,40273,51521.57,1460688,0
"2021-02-15",12809,1015966,10520,464297,1,74,153,3834,23483,49060.57,1484171,0
"2021-02-16",14268,1030234,26734,491031,0,74,296,4130,41298,48441.14,1525469,0
"2021-02-17",16430,1046664,22173,513204,1,75,259,4389,38863,46968.71,1564332,0
"2021-02-18",12180,1058844,24977,538181,21,96,264,4653,37442,43506.86,1601774,0
"2021-02-19",13305,1072149,23937,562118,39,135,269,4922,37550,38933.57,1639324,0
"2021-02-20",11359,1083508,26089,588207,6,141,301,5223,37755,36666.29,1677079,0
"2021-02-21",6369,1089877,17437,605644,15,156,263,5486,24084,34353.57,1701163,0
"2021-02-22",13048,1102925,11844,617488,2,158,117,5603,25011,34571.86,1726174,0
"2021-02-23",25253,1128178,14157,631645,1,159,150,5753,39561,34323.71,1765735,0
"2021-02-24",36385,1164563,20349,651994,0,159,200,5953,56934,36905.29,1822669,0
"2021-02-25",54616,1219179,30338,682332,6,165,364,6317,85324,43745.57,1907993,0
"2021-02-26",62923,1282102,31806,714138,4,169,370,6687,95103,51967.43,2003096,0
"2021-02-27",51336,1333438,22701,736839,47,216,308,6995,74392,57201.29,2077488,0
"2021-02-28",44639,1378077,13753,750592,6,222,185,7180,58583,62129.71,2136071,0
"2021-03-01",39322,1417399,12732,763324,9,231,155,7335,52218,66016.43,2188289,0
"2021-03-02",47094,1464493,12528,775852,7,238,148,7483,59777,68904.43,2248066,0
"2021-03-03",48610,1513103,16114,791966,17,255,138,7621,64879,70039.43,2312945,0
"2021-03-04",59852,1572955,22761,814727,1092,1347,253,7874,83958,69844.29,2396903,0
"2021-03-05",61017,1633972,24242,838969,3112,4459,302,8176,88673,68925.71,2485576,0
"2021-03-06",47180,1681152,18852,857821,5449,9908,223,8399,71704,68541.71,2557280,0
"2021-03-07",36061,1717213,14830,872651,6247,16155,217,8616,57355,68366.29,2614635,0
"2021-03-08",39630,1756843,14656,887307,8567,24722,296,8912,63149,69927.86,2677784,0
"2021-03-09",39112,1795955,12778,900085,7768,32490,172,9084,59830,69935.43,2737614,0
"2021-03-10",51846,1847801,15238,915323,5067,37557,196,9280,72347,71002.29,2809961,0
"2021-03-11",60014,1907815,21741,937064,4614,42171,232,9512,86601,71379.86,2896562,0
"2021-03-12",52229,1960044,30261,967325,4183,46354,347,9859,87020,71143.71,2983582,0
"2021-03-13",40676,2000720,26670,993995,5113,51467,299,10158,72758,71294.29,3056340,0
"2021-03-14",30734,2031454,15922,1009917,4536,56003,218,10376,51410,70445,3107750,0
"2021-03-15",33591,2065045,17200,1027117,4732,60735,214,10590,55737,69386.14,3163487,0
"2021-03-16",38697,2103742,20420,1047537,4926,65661,238,10828,64281,70022,3227768,0
"2021-03-17",42639,2146381,24722,1072259,4246,69907,304,11132,71911,69959.71,3299679,0
"2021-03-18",50506,2196887,26697,1098956,5241,75148,333,11465,82777,69413.43,3382456,0
"2021-03-19",47825,2244712,29832,1128788,5626,80774,361,11826,83644,68931.14,3466100,0
"2021-03-20",38736,2283448,25738,1154526,4690,85464,270,12096,69434,68456.29,3535534,0
"2021-03-21",29312,2312760,19280,1173806,771,86235,201,12297,49564,68192.57,3585098,0
"2021-03-22",33882,2346642,26632,1200438,4041,90276,249,12546,64804,69487.86,3649902,0
"2021-03-23",38449,2385091,32740,1233178,4222,94498,263,12809,75674,71115.43,3725576,0
"2021-03-24",41518,2426609,37485,1270663,4848,99346,296,13105,84147,72863.43,3809723,0
"2021-03-25",43441,2470050,50620,1321283,5053,104399,419,13524,99533,75257.14,3909256,0
"2021-03-26",38522,2508572,55319,1376602,4308,108707,494,14018,98643,77399.86,4007899,0
"2021-03-27",35759,2544331,45569,1422171,2940,111647,370,14388,84638,79571.86,4092537,0
"2021-03-28",26411,2570742,34283,1456454,1481,113128,311,14699,62486,81417.86,4155023,0
"2021-03-29",34853,2605595,38639,1495093,3250,116378,317,15016,77059,83168.57,4232082,0
"2021-03-30",40559,2646154,41792,1536885,3714,120092,301,15317,86366,84696,4318448,0
"2021-03-31",49435,2695589,44721,1581606,7441,127533,366,15683,101963,87241.14,4420411,0
"2021-04-01",50788,2746377,53889,1635495,11279,138812,461,16144,116417,89653.14,4536828,0
"2021-04-02",43772,2790149,53827,1689322,11971,150783,505,16649,110075,91286.29,4646903,0
"2021-04-03",39274,2829423,39123,1728445,9861,160644,319,16968,88577,91849,4735480,0
"2021-04-04",26568,2855991,24617,1753062,3900,164544,212,17180,55297,90822,4790777,0
"2021-04-05",41882,2897873,34364,1787426,11191,175735,346,17526,87783,92354,4878560,0
"2021-04-06",53296,2951169,35438,1822864,13216,188951,406,17932,102356,94638.29,4980916,0
"2021-04-07",55554,3006723,40593,1863457,14383,203334,367,18299,110897,95914.57,5091813,0
"2021-04-08",59288,3066011,46471,1909928,16330,219664,474,18773,122563,96792.57,5214376,0
"2021-04-09",56654,3122665,44841,1954769,17533,237197,478,19251,119506,98139.86,5333882,0
"2021-04-10",49380,3172045,35631,1990400,12731,249928,352,19603,98094,99499.43,5431976,0
"2021-04-11",38204,3210249,28807,2019207,7683,257611,267,19870,74961,102308.57,5506937,0
"2021-04-12",46665,3256914,31829,2051036,13481,271092,433,20303,92408,102969.29,5599345,0
"2021-04-13",52585,3309499,33757,2084793,368,271460,373,20676,87083,100787.43,5686428,0
"2021-04-14",50191,3359690,39932,2124725,20,271480,343,21019,90486,97871.57,5776914,0
"2021-04-15",52151,3411841,43668,2168393,15,271495,424,21443,96258,94113.71,5873172,0
"2021-04-16",51214,3463055,42212,2210605,32,271527,390,21833,93848,90448.29,5967020,0
"2021-04-17",43866,3506921,35670,2246275,3,271530,340,22173,79879,87846.14,6046899,0
"2021-04-18",28622,3535543,29369,2275644,7,271537,227,22400,58225,85455.29,6105124,0
"2021-04-19",37491,3573034,36438,2312082,22,271559,288,22688,74239,82859.71,6179363,0
"2021-04-20",40827,3613861,39640,2351722,19,271578,272,22960,80758,81956.14,6260121,0
"2021-04-21",38940,3652801,45926,2397648,15,271593,462,23422,85343,81221.43,6345464,0
"2021-04-22",38538,3691339,48928,2446576,9,271602,305,23727,87780,80010.29,6433244,0
"2021-04-23",39734,3731073,44339,2490915,5,271607,330,24057,84408,78661.71,6517652,0
"2021-04-24",31980,3763053,41594,2532509,44,271651,255,24312,73873,77803.71,6591525,0
"2021-04-25",18432,3781485,31234,2563743,86,271737,171,24483,49923,76617.71,6641448,0
"2021-04-26",26979,3808464,40722,2604465,1013,272750,255,24738,68969,75864.86,6710417,0
"2021-04-27",28589,3837053,47111,2651576,1694,274444,324,25062,77718,75430.57,6788135,0
"2021-04-28",27086,3864139,56816,2708392,2143,276587,404,25466,86449,75588.57,6874584,0
"2021-04-29",28647,3892786,57147,2765539,2145,278732,334,25800,88273,75659,6962857,0
"2021-04-30",30138,3922924,51966,2817505,2055,280787,268,26068,84427,75661.71,7047284,0
"2021-05-01",22486,3945410,44540,2862045,1175,281962,214,26282,68415,74882,7115699,0
"2021-05-02",11929,3957339,36640,2898685,1080,283042,124,26406,49773,74860.57,7165472,0
"2021-05-03",18049,3975388,52996,2951681,2383,285425,231,26637,73659,75530.57,7239131,0
"2021-05-04",22765,3998153,56622,3008303,2327,287752,237,26874,81951,76135.29,7321082,0
"2021-05-05",21492,4019645,48781,3057084,2311,290063,288,27162,72872,74195.71,7393954,0
"2021-05-06",20715,4040360,50152,3107236,2509,292572,248,27410,73624,72103,7467578,0
"2021-05-07",21277,4061637,52086,3159322,2809,295381,274,27684,76446,70962.86,7544024,0
"2021-05-08",16636,4078273,41869,3201191,1835,297216,209,27893,60549,69839.14,7604573,0
"2021-05-09",7980,4086253,29410,3230601,1260,298476,135,28028,38785,68269.43,7643358,0
"2021-05-10",14402,4100655,38521,3269122,2355,300831,211,28239,55489,65673.71,7698847,0
"2021-05-11",19951,4120606,43027,3312149,2511,303342,268,28507,65757,63360.29,7764604,0
"2021-05-12",17818,4138424,40524,3352673,3590,306932,217,28724,62149,61828.43,7826753,0
"2021-05-13",24993,4163417,40411,3393084,3225,310157,247,28971,68876,61150.14,7895629,0
"2021-05-14",27043,4190460,42897,3435981,3534,313691,264,29235,73738,60763.29,7969367,0
"2021-05-15",23672,4214132,34915,3470896,3365,317056,224,29459,62176,60995.71,8031543,0
"2021-05-16",15558,4229690,19424,3490320,2497,319553,118,29577,37597,60826,8069140,0
"2021-05-17",22679,4252369,29121,3519441,3254,322807,162,29739,55216,60787,8124356,0
"2021-05-18",24652,4277021,31889,3551330,3401,326208,219,29958,60161,59987.57,8184517,0
"2021-05-19",24227,4301248,29690,3581020,3037,329245,208,30166,57162,59275.14,8241679,0
"2021-05-20",24186,4325434,30064,3611084,3156,332401,246,30412,57652,57671.71,8299331,0
"2021-05-21",24706,4350140,31975,3643059,3062,335463,233,30645,59976,55705.71,8359307,0
"2021-05-22",20024,4370164,24345,3667404,2525,337988,151,30796,47045,53544.14,8406352,0
"2021-05-23",11247,4381411,13711,3681115,1411,339399,93,30889,26462,51953.43,8432814,0
"2021-05-24",18894,4400305,23126,3704241,2757,342156,204,31093,44981,50491.29,8477795,0
"2021-05-25",19449,4419754,23356,3727597,2602,344758,174,31267,45581,48408.43,8523376,0
"2021-05-26",18791,4438545,21068,3748665,2696,347454,192,31459,42747,46349.14,8566123,0
"2021-05-27",18491,4457036,21249,3769914,2528,349982,180,31639,42448,44177.14,8608571,0
"2021-05-28",17889,4474925,22878,3792792,2749,352731,168,31807,43684,41849.71,8652255,0
"2021-05-29",12709,4487634,17800,3810592,1755,354486,96,31903,32360,39751.86,8684615,0
"2021-05-30",7037,4494671,8947,3819539,1073,355559,40,31943,17097,38414,8701712,0
"2021-05-31",4748,4499419,6922,3826461,1011,356570,58,32001,12739,33808,8714451,0
"2021-06-01",16060,4515479,25177,3851638,2172,358742,141,32142,43550,33517.86,8758001,0
"2021-06-02",15364,4530843,20367,3872005,2094,360836,133,32275,37958,32833.71,8795959,0
"2021-06-03",15020,4545863,23806,3895811,2284,363120,114,32389,41224,32658.86,8837183,0
"2021-06-04",14739,4560602,25958,3921769,2491,365611,142,32531,43330,32608.29,8880513,0
"2021-06-05",11000,4571602,22062,3943831,1806,367417,113,32644,34981,32982.71,8915494,0
"2021-06-06",6453,4578055,14458,3958289,1221,368638,81,32725,22213,33713.57,8937707,0
"2021-06-07",11733,4589788,21755,3980044,2379,371017,140,32865,36007,37037.57,8973714,0
"2021-06-08",12678,4602466,23980,4004024,2071,373088,117,32982,38846,36365.57,9012560,0
"2021-06-09",11161,4613627,22991,4027015,2297,375385,129,33111,36578,36168.43,9049138,0
"2021-06-10",12100,4625727,22197,4049212,2461,377846,131,33242,36889,35549.14,9086027,0
"2021-06-11",12726,4638453,25085,4074297,2480,380326,148,33390,40439,35136.14,9126466,0
"2021-06-12",10180,4648633,19284,4093581,1890,382216,89,33479,31443,34630.71,9157909,0
"2021-06-13",4259,4652892,10928,4104509,1219,383435,39,33518,16445,33806.71,9174354,0
"2021-06-14",10226,4663118,19211,4123720,2042,385477,122,33640,31601,33177.29,9205955,0
"2021-06-15",11902,4675020,20989,4144709,1942,387419,115,33755,34948,32620.43,9240903,0
"2021-06-16",11606,4686626,19386,4164095,1957,389376,131,33886,33080,32120.71,9273983,0
"2021-06-17",11038,4697664,18736,4182831,1969,391345,114,34000,31857,31401.86,9305840,0
"2021-06-18",12175,4709839,18478,4201309,2114,393459,104,34104,32871,30320.71,9338711,0
"2021-06-19",8511,4718350,13519,4214828,1460,394919,69,34173,23559,29194.43,9362270,0
"2021-06-20",4338,4722688,7164,4221992,924,395843,33,34206,12459,28625,9374729,0
"2021-06-21",10173,4732861,9985,4231977,1805,397648,65,34271,22028,27257.43,9396757,0
"2021-06-22",9852,4742713,15622,4247599,1585,399233,94,34365,27153,26143.86,9423910,0
"2021-06-23",10335,4753048,15162,4262761,1861,401094,98,34463,27456,25340.43,9451366,0
"2021-06-24",9711,4762759,14676,4277437,1797,402891,113,34576,26297,24546.14,9477663,0
"2021-06-25",10610,4773369,14369,4291806,1715,404606,105,34681,26799,23678.71,9504462,0
"2021-06-26",7811,4781180,10437,4302243,1244,405850,74,34755,19566,23108.29,9524028,0
"2021-06-27",5011,4786191,5990,4308233,796,406646,33,34788,11830,23018.43,9535858,0
"2021-06-28",9046,4795237,10326,4318559,1523,408169,105,34893,21000,22871.57,9556858,0
"2021-06-29",9759,4804996,12300,4330859,1348,409517,118,35011,23525,22353.29,9580383,0
"2021-06-30",9425,4814421,10912,4341771,1480,410997,142,35153,21959,21568,9602342,0
"2021-07-01",9399,4823820,10910,4352681,1429,412426,118,35271,21856,20933.57,9624198,0
"2021-07-02",9696,4833516,11419,4364100,1537,413963,119,35390,22771,20358.14,9646969,0
"2021-07-03",7062,4840578,8413,4372513,1194,415157,75,35465,16744,19955,9663713,0
"2021-07-04",1291,4841869,1333,4373846,567,415724,7,35472,3198,18721.86,9666911,0
"2021-07-05",6498,4848367,7093,4380939,1208,416932,65,35537,14864,17845.29,9681775,0
"2021-07-06",9528,4857895,12828,4393767,1315,418247,112,35649,23783,17882.14,9705558,0
"2021-07-07",8687,4866582,11082,4404849,1416,419663,117,35766,21302,17788.29,9726860,0
"2021-07-08",8209,4874791,10180,4415029,1259,420922,102,35868,19750,17487.43,9746610,0
"2021-07-09",8383,4883174,10807,4425836,1278,422200,90,35958,20558,17171.29,9767168,0
"2021-07-10",7112,4890286,8618,4434454,1131,423331,61,36019,16922,17196.71,9784090,0
"2021-07-11",4106,4894392,4535,4438989,702,424033,33,36052,9376,18079.29,9793466,0
"2021-07-12",8459,4902851,9535,4448524,1250,425283,71,36123,19315,18715.14,9812781,0
"2021-07-13",9469,4912320,9371,4457895,951,426234,99,36222,19890,18159,9832671,0
"2021-07-14",9008,4921328,9514,4467409,1008,427242,101,36323,19631,17920.29,9852302,0
"2021-07-15",8798,4930126,9135,4476544,1052,428294,82,36405,19067,17822.71,9871369,0
"2021-07-16",9255,4939381,9748,4486292,978,429272,97,36502,20078,17754.14,9891447,0
"2021-07-17",6862,4946243,7368,4493660,799,430071,75,36577,15104,17494.43,9906551,0
"2021-07-18",4263,4950506,4285,4497945,569,430640,33,36610,9150,17462.14,9915701,0
"2021-07-19",9128,4959634,8451,4506396,999,431639,83,36693,18661,17368.71,9934362,0
"2021-07-20",10659,4970293,8743,4515139,992,432631,84,36777,20478,17452.71,9954840,0
"2021-07-21",10065,4980358,8740,4523879,906,433537,138,36915,19849,17483.86,9974689,0
"2021-07-22",10692,4991050,8556,4532435,1045,434582,140,37055,20433,17679,9995122,0
"2021-07-23",11239,5002289,8872,4541307,1114,435696,131,37186,21356,17861.57,10016478,0
"2021-07-24",7412,5009701,6727,4548034,670,436366,80,37266,14889,17830.86,10031367,0
"2021-07-25",5485,5015186,2115,4550149,509,436875,58,37324,8167,17690.43,10039534,0
"2021-07-26",10891,5026077,6973,4557122,858,437733,103,37427,18825,17713.86,10058359,0
"2021-07-27",12064,5038141,8554,4565676,857,438590,130,37557,21605,17874.86,10079964,0
"2021-07-28",11997,5050138,8035,4573711,950,439540,128,37685,21110,18055,10101074,0
"2021-07-29",10948,5061086,7417,4581128,982,440522,126,37811,19473,17917.86,10120547,0
"2021-07-30",14960,5076046,7996,4589124,1149,441671,173,37984,24278,18335.29,10144825,0
"2021-07-31",9745,5085791,6298,4595422,815,442486,115,38099,16973,18633,10161798,0
"2021-08-01",6510,5092301,3305,4598727,564,443050,77,38176,10456,18960,10172254,0
"2021-08-02",13462,5105763,7140,4605867,847,443897,142,38318,21591,19355.14,10193845,0
"2021-08-03",15428,5121191,8343,4614210,1098,444995,144,38462,25013,19842,10218858,0
"2021-08-04",17265,5138456,8107,4622317,1455,446450,170,38632,26997,20683,10245855,0
"2021-08-05",17880,5156336,7905,4630222,1364,447814,154,38786,27303,21801.57,10273158,0
"2021-08-06",18196,5174532,8391,4638613,1231,449045,156,38942,27974,22329.57,10301132,0
"2021-08-07",13377,5187909,5999,4644612,793,449838,96,39038,20265,22799.86,10321397,0
"2021-08-08",9323,5197232,3821,4648433,398,450236,77,39115,13619,23251.71,10335016,0
"2021-08-09",21339,5218571,8519,4656952,964,451200,165,39280,30987,24594,10366003,0
"2021-08-10",18935,5237506,9305,4666257,946,452146,165,39445,29351,25213.71,10395354,0
"2021-08-11",15654,5253160,8298,4674555,851,452997,117,39562,24920,24917,10420274,0
"2021-08-12",15059,5268219,8960,4683515,937,453934,162,39724,25118,24604.86,10445392,0
"2021-08-13",14938,5283157,9249,4692764,918,454852,233,39957,25338,24228.29,10470730,0
"2021-08-14",10429,5293586,6394,4699158,624,455476,516,40473,17963,23899.43,10488693,0
"2021-08-15",6702,5300288,4465,4703623,675,456151,565,41038,12407,23726.29,10501100,0
"2021-08-16",15732,5316020,9278,4712901,1148,457299,1301,42339,27459,23222.29,10528559,0
"2021-08-17",17791,5333811,10433,4723334,1217,458516,1739,44078,31180,23483.57,10559739,0
"2021-08-18",17498,5351309,10330,4733664,1253,459769,1966,46044,31047,24358.86,10590786,0
"2021-08-19",16337,5367646,9498,4743162,1316,461085,1923,47967,29074,24924,10619860,0
"2021-08-20",16304,5383950,11516,4754678,1253,462338,1840,49807,30913,25720.43,10650773,0
"2021-08-21",11156,5395106,8031,4762709,877,463215,1045,50852,21109,26169.86,10671882,0
"2021-08-22",4092,5399198,3901,4766610,262,463477,509,51361,8764,25649.43,10680646,0
"2021-08-23",15596,5414794,11781,4778391,1022,464499,1526,52887,29925,26001.71,10710571,0
"2021-08-24",16938,5431732,12586,4790977,1006,465505,1757,54644,32287,26159.86,10742858,0
"2021-08-25",14609,5446341,12414,4803391,1110,466615,1539,56183,29672,25963.43,10772530,0
"2021-08-26",16199,5462540,14051,4817442,1073,467688,1748,57931,33071,26534.43,10805601,0
"2021-08-27",14867,5477407,14804,4832246,969,468657,1638,59569,32278,26729.43,10837879,0
"2021-08-28",10720,5488127,11490,4843736,836,469493,997,60566,24043,27148.57,10861922,0
"2021-08-29",7229,5495356,7494,4851230,541,470034,759,61325,16023,28185.57,10877945,0
"2021-08-30",15552,5510908,16886,4868116,1075,471109,1781,63106,35294,28952.57,10913239,0
"2021-08-31",15563,5526471,15913,4884029,951,472060,1942,65048,34369,29250,10947608,0
"2021-09-01",14857,5541328,14078,4898107,1018,473078,1775,66823,31728,29543.71,10979336,0
"2021-09-02",14367,5555695,12501,4910608,898,473976,1671,68494,29437,29024.57,11008773,0
"2021-09-03",15025,5570720,14287,4924895,973,474949,1863,70357,32148,29006,11040921,0
"2021-09-04",9657,5580377,9399,4934294,687,475636,950,71307,20693,28527.43,11061614,0
"2021-09-05",6822,5587199,5504,4939798,438,476074,694,72001,13458,28161,11075072,0
"2021-09-06",5207,5592406,4501,4944299,358,476432,264,72265,10330,24594.71,11085402,0
"2021-09-07",15591,5607997,17672,4961971,912,477344,1523,73788,35698,24784.57,11121100,0
"2021-09-08",16225,5624222,14775,4976746,1072,478416,1737,75525,33809,25081.86,11154909,0
"2021-09-09",16144,5640366,14719,4991465,1046,479462,1884,77409,33793,25704.14,11188702,0
"2021-09-10",18400,5658766,15355,5006820,1207,480669,1943,79352,36905,26383.71,11225607,0
"2021-09-11",12659,5671425,10334,5017154,959,481628,1009,80361,24961,26993.43,11250568,0
"2021-09-12",8548,5679973,5043,5022197,766,482394,682,81043,15039,27219.29,11265607,0
"2021-09-13",16957,5696930,12938,5035135,970,483364,1613,82656,32478,30383.29,11298085,0
"2021-09-14",16299,5713229,13645,5048780,883,484247,1571,84227,32398,29911.86,11330483,0
"2021-09-15",15597,5728826,12812,5061592,731,484978,1555,85782,30695,29467,11361178,0
"2021-09-16",15380,5744206,13887,5075479,1211,486189,1419,87201,31897,29196.14,11393075,0
"2021-09-17",14477,5758683,13905,5089384,921,487110,1807,89008,31110,28368.29,11424185,0
"2021-09-18",10023,5768706,10162,5099546,914,488024,1034,90042,22133,27964.29,11446318,0
"2021-09-19",6193,5774899,6061,5105607,557,488581,737,90779,13548,27751.29,11459866,0
"2021-09-20",12707,5787606,12617,5118224,1067,489648,1893,92672,28284,27152.14,11488150,0
"2021-09-21",12255,5799861,12752,5130976,1111,490759,1987,94659,28105,26538.86,11516255,0
"2021-09-22",12852,5812713,11964,5142940,1087,491846,1640,96299,27543,26088.57,11543798,0
"2021-09-23",14954,5827667,12730,5155670,1637,493483,2214,98513,31535,26036.86,11575333,0
"2021-09-24",16492,5844159,13323,5168993,1629,495112,4511,103024,35955,26729,11611288,0
"2021-09-25",10587,5854746,9008,5178001,1017,496129,3377,106401,23989,26994.14,11635277,0
"2021-09-26",6340,5861086,5745,5183746,773,496902,2373,108774,15231,27234.57,11650508,0
"2021-09-27",14196,5875282,8034,5191780,1153,498055,8854,117628,32237,27799.29,11682745,0
"2021-09-28",11198,5886480,11740,5203520,901,498956,9667,127295,33506,28570.86,11716251,0
"2021-09-29",11641,5898121,12166,5215686,1199,500155,9210,136505,34216,29524.14,11750467,0
"2021-09-30",12290,5910411,12570,5228256,1340,501495,9532,146037,35732,30123.71,11786199,0
"2021-10-01",12681,5923092,13399,5241655,1281,502776,10115,156152,37476,30341,11823675,0
"2021-10-02",7747,5930839,9964,5251619,864,503640,4157,160309,22732,30161.43,11846407,0
"2021-10-03",5084,5935923,6148,5257767,594,504234,2565,162874,14391,30041.43,11860798,0
"2021-10-04",9948,5945871,11001,5268768,913,505147,9372,172246,31234,29898.14,11892032,0
"2021-10-05",10207,5956078,11737,5280505,972,506119,9817,182063,32733,29787.71,11924765,0
"2021-10-06",9948,5966026,11031,5291536,936,507055,9813,191876,31728,29432.29,11956493,0
"2021-10-07",9695,5975721,12158,5303694,851,507906,10054,201930,32758,29007.43,11989251,0
"2021-10-08",9505,5985226,12118,5315812,943,508849,10779,212709,33345,28417.29,12022596,0
"2021-10-09",6283,5991509,8270,5324082,649,509498,4041,216750,19243,27918.86,12041839,0
"2021-10-10",3550,5995059,5010,5329092,458,509956,2392,219142,11410,27493,12053249,0
"2021-10-11",7651,6002710,9326,5338418,727,510683,8807,227949,26511,26818.29,12079760,0
"2021-10-12",8098,6010808,10980,5349398,891,511574,10382,238331,30351,26478,12110111,0
"2021-10-13",7215,6018023,10125,5359523,869,512443,8624,246955,26833,25778.71,12136944,0
"2021-10-14",7485,6025508,11089,5370612,833,513276,9929,256884,29336,25289.86,12166280,0
"2021-10-15",7773,6033281,11841,5382453,821,514097,10620,267504,31055,24962.71,12197335,0
"2021-10-16",4883,6038164,7450,5389903,665,514762,3757,271261,16755,24607.29,12214090,0
"2021-10-17",3070,6041234,4470,5394373,411,515173,2403,273664,10354,24456.43,12224444,0
"2021-10-18",7103,6048337,10638,5405011,796,515969,9281,282945,27818,24643.14,12252262,0
"2021-10-19",6673,6055010,8918,5413929,805,516774,8879,291824,25275,23918,12277537,0
"2021-10-20",6572,6061582,9351,5423280,972,517746,9805,301629,26700,23899,12304237,0
"2021-10-21",7078,6068660,9343,5432623,857,518603,10600,312229,27878,23690.71,12332115,0
"2021-10-22",8174,6076834,10317,5442940,1022,519625,16010,328239,35523,24329,12367638,0
"2021-10-23",5211,6082045,6451,5449391,690,520315,9016,337255,21368,24988,12389006,0
"2021-10-24",3304,6085349,3952,5453343,767,521082,6110,343365,14133,25527.86,12403139,0
"2021-10-25",8858,6094207,8744,5462087,1146,522228,19058,362423,37806,26954.71,12440945,0
"2021-10-26",8258,6102465,7718,5469805,1259,523487,17128,379551,34363,28253,12475308,0
"2021-10-27",10665,6113130,8374,5478179,1603,525090,20564,400115,41206,30325.29,12516514,0
"2021-10-28",11415,6124545,8020,5486199,1777,526867,20588,420703,41800,32314.14,12558314,0
"2021-10-29",11915,6136460,8219,5494418,1959,528826,22317,443020,44410,33583.71,12602724,0
"2021-10-30",4677,6141137,5044,5499462,934,529760,11049,454069,21704,33631.71,12624428,0
"2021-10-31",2696,6143833,2699,5502161,544,530304,6570,460639,12509,33399.71,12636937,0
"2021-11-01",7216,6151049,6928,5509089,1080,531384,20123,480762,35347,33048.43,12672284,0
"2021-11-02",6661,6157710,6556,5515645,1051,532435,20548,501310,34816,33113.14,12707100,0
"2021-11-03",6947,6164657,6645,5522290,1027,533462,20414,521724,35033,32231.29,12742133,0
"2021-11-04",9376,6174033,6253,5528543,993,534455,22076,543800,38698,31788.14,12780831,0
"2021-11-05",11166,6185199,6709,5535252,1052,535507,23518,567318,42445,31507.43,12823276,0
"2021-11-06",11179,6196378,4036,5539288,592,536099,12503,579821,28310,32451.14,12851586,0
"2021-11-07",7281,6203659,2268,5541556,576,536675,7043,586864,17168,33116.71,12868754,0
"2021-11-08",15126,6218785,5659,5547215,865,537540,19307,606171,40957,33918.14,12909711,0
"2021-11-09",16231,6235016,5370,5552585,662,538202,20354,626525,42617,35032.57,12952328,0
"2021-11-10",17034,6252050,5308,5557893,684,538886,22393,648918,45419,36516.29,12997747,0
"2021-11-11",12660,6264710,5182,5563075,758,539644,21833,670751,40433,36764.14,13038180,0
"2021-11-12",16984,6281694,5660,5568735,709,540353,23185,693936,46538,37348.86,13084718,0
"2021-11-13",9989,6291683,3667,5572402,465,540818,13231,707167,27352,37212,13112070,0
"2021-11-14",6132,6297815,2292,5574694,320,541138,7864,715031,16608,37132,13128678,0
"2021-11-15",13329,6311144,5969,5580663,688,541826,24894,739925,44880,37692.43,13173558,0
"2021-11-16",10211,6321355,5780,5586443,651,542477,30304,770229,46946,38310.86,13220504,0
"2021-11-17",10622,6331977,6666,5593109,688,543165,30874,801103,48850,38801,13269354,0
"2021-11-18",11055,6343032,6515,5599624,865,544030,32495,833598,50930,40300.57,13320284,0
"2021-11-19",12356,6355388,6532,5606156,718,544748,35782,869380,55388,41564.86,13375672,0
"2021-11-20",9553,6364941,3416,5609572,513,545261,22190,891570,35672,42753.43,13411344,0
"2021-11-21",5090,6370031,1883,5611455,289,545550,12971,904541,20233,43271.29,13431577,0
"2021-11-22",10743,6380774,5771,5617226,753,546303,35416,939957,52683,44386,13484260,0
"2021-11-23",9993,6390767,4777,5622003,640,546943,33134,973091,48544,44614.29,13532804,0
"2021-11-24",8843,6399610,4752,5626755,651,547594,25701,998792,39947,43342.43,13572751,0
"2021-11-25",458,6400068,325,5627080,79,547673,971,999763,1833,36328.57,13574584,0
"2021-11-26",8356,6408424,6956,5634036,530,548203,26120,1025883,41962,34410.57,13616546,0
"2021-11-27",6873,6415297,6800,5640836,377,548580,18501,1044384,32551,33964.71,13649097,0
"2021-11-28",4225,6419522,5723,5646559,286,548866,11561,1055945,21795,34187.86,13670892,0
"2021-11-29",9535,6429057,10931,5657490,689,549555,34297,1090242,55452,34583.43,13726344,0
"2021-11-30",10773,6439830,11388,5668878,516,550071,37092,1127334,59769,36187,13786113,0
"2021-12-01",11440,6451270,10901,5679779,715,550786,39788,1167122,62844,39458,13848957,0
"2021-12-02",12005,6463275,10975,5690754,623,551409,41365,1208487,64968,48477.29,13913925,0
"2021-12-03",14096,6477371,12782,5703536,682,552091,46983,1255470,74543,53131.71,13988468,0
"2021-12-04",10172,6487543,11158,5714694,572,552663,30106,1285576,52008,55911.29,14040476,0
"2021-12-05",5834,6493377,5770,5720464,270,552933,16444,1302020,28318,56843.14,14068794,0
"2021-12-06",12853,6506230,9886,5730350,607,553540,42448,1344468,65794,58320.57,14134588,0
"2021-12-07",13157,6519387,9170,5739520,634,554174,42168,1386636,65129,59086.29,14199717,0
"2021-12-08",14080,6533467,8668,5748188,557,554731,39798,1426434,63103,59123.29,14262820,0
"2021-12-09",14054,6547521,8694,5756882,556,555287,39916,1466350,63220,58873.57,14326040,0
"2021-12-10",14563,6562084,10043,5766925,663,555950,42701,1509051,67970,57934.57,14394010,0
"2021-12-11",10502,6572586,8007,5774932,405,556355,26385,1535436,45299,56976.14,14439309,0
"2021-12-12",6110,6578696,3836,5778768,287,556642,14985,1550421,25218,56533.29,14464527,0
"2021-12-13",12430,6591126,7378,5786146,656,557298,37426,1587847,57890,55404.14,14522417,0
"2021-12-14",12559,6603685,6893,5793039,738,558036,37490,1625337,57680,54340,14580097,0
"2021-12-15",12669,6616354,6199,5799238,759,558795,37164,1662501,56791,53438.29,14636888,0
"2021-12-16",13652,6630006,4203,5803441,738,559533,39956,1702457,58549,52771,14695437,0
"2021-12-17",16571,6646577,6848,5810289,620,560153,45530,1747987,69569,52999.43,14765006,0
"2021-12-18",13319,6659896,5675,5815964,430,560583,30000,1777987,49424,53588.71,14814430,0
"2021-12-19",7174,6667070,2972,5818936,331,560914,17624,1795611,28101,54000.57,14842531,0
"2021-12-20",17467,6684537,5822,5824758,747,561661,46214,1841825,70250,55766.29,14912781,0
"2021-12-21",18547,6703084,6455,5831213,798,562459,47579,1889404,73379,58009,14986160,0
"2021-12-22",19145,6722229,6496,5837709,929,563388,48398,1937802,74968,60605.71,15061128,0
"2021-12-23",19470,6741699,6443,5844152,915,564303,44847,1982649,71675,62480.86,15132803,0
"2021-12-24",9399,6751098,2923,5847075,589,564892,20153,2002802,33064,57265.86,15165867,0
"2021-12-25",338,6751436,64,5847139,32,564924,420,2003222,854,50327.29,15166721,0
"2021-12-26",8187,6759623,3867,5851006,336,565260,16974,2020196,29364,50507.71,15196085,0
"2021-12-27",21718,6781341,9127,5860133,925,566185,42940,2063136,74710,51144.86,15270795,0
"2021-12-28",19935,6801276,8242,5868375,684,566869,46857,2109993,75718,51479,15346513,0
"2021-12-29",18347,6819623,7484,5875859,596,567465,44757,2154750,71184,50938.43,15417697,0
"2021-12-30",16795,6836418,7335,5883194,576,568041,44210,2198960,68916,50544.29,15486613,0
"2021-12-31",5230,6841648,2757,5885951,191,568232,14509,2213469,22687,49061.86,15509300,0
"2022-01-01",227,6841875,127,5886078,11,568243,482,2213951,847,49060.86,15510147,0
"2022-01-02",6440,6848315,4988,5891066,154,568397,10885,2224836,22467,48075.57,15532614,0
"2022-01-03",14102,6862417,8363,5899429,509,568906,26403,2251239,49377,44456.57,15581991,0
"2022-01-04",13110,6875527,7978,5907407,392,569298,26460,2277699,47940,40488.29,15629931,0
"2022-01-05",11808,6887335,6847,5914254,379,569677,25043,2302742,44077,36615.86,15674008,0
"2022-01-06",11820,6899155,7244,5921498,468,570145,26748,2329490,46280,33382.14,15720288,0
"2022-01-07",10598,6909753,8277,5929775,331,570476,24299,2353789,43505,36356.14,15763793,0
"2022-01-08",8002,6917755,8449,5938224,311,570787,19120,2372909,35882,41361.14,15799675,0
"2022-01-09",4282,6922037,3787,5942011,213,571000,9800,2382709,18082,40734.71,15817757,0
"2022-01-10",10418,6932455,8045,5950056,475,571475,23850,2406559,42788,39793.43,15860545,0
"2022-01-11",9055,6941510,7815,5957871,509,571984,20340,2426899,37719,38333.29,15898264,0
"2022-01-12",8993,6950503,8114,5965985,417,572401,21635,2448534,39159,37630.71,15937423,0
"2022-01-13",9076,6959579,8561,5974546,442,572843,22007,2470541,40086,36745.86,15977509,0
"2022-01-14",9980,6969559,7816,5982362,437,573280,25160,2495701,43393,36729.86,16020902,0
"2022-01-15",6151,6975710,4162,5986524,170,573450,14345,2510046,24828,35150.71,16045730,0
"2022-01-16",3000,6978710,3178,5989702,97,573547,7500,2517546,13775,34535.43,16059505,0
"2022-01-17",6108,6984818,6412,5996114,346,573893,13757,2531303,26623,32226.14,16086128,120000
"2022-01-18",8162,6992980,9673,6005787,378,574271,18396,2549699,36609,32067.57,16122737,120000
"2022-01-19",7533,7000513,8702,6014489,289,574560,16619,2566318,33143,31208.14,16155880,120000
"2022-01-20",6273,7006786,8088,6022577,283,574843,14158,2580476,28802,29596.14,16184682,120000
"2022-01-21",7223,7014009,6882,6029459,244,575087,16996,2597472,31345,27875,16216027,120000
"2022-01-22",4731,7018740,4496,6033955,96,575183,10322,2607794,19645,27134.57,16235672,120000
"2022-01-23",1069,7019809,1718,6035673,34,575217,2142,2609936,4963,25875.71,16240635,120000
