"DATE","ADMIN_DOSE1_DAILY","ADMIN_DOSE1_CUMULATIVE","ADMIN_DOSE2_DAILY","ADMIN_DOSE2_CUMULATIVE","ADMIN_SINGLE_DAILY","ADMIN_SINGLE_CUMULATIVE","ADMIN_ADDITIONAL1_DAILY","ADMIN_ADDITIONAL1_CUMULATIVE","ADMIN_ADDITIONAL2_DAILY","ADMIN_ADDITIONAL2_CUMULATIVE","ADMIN_ADDITIONAL_DAILY","ADMIN_ADDITIONAL_CUMULATIVE","ADMIN_BIVALENT_ADDITIONAL_DAILY","ADMIN_BIVALENT_ADDITIONAL_CUMULATIVE","ADMIN_ALLDOSES_DAILY","ADMIN_ALLDOSES_7DAYAVG","ADMIN_ALLDOSES_CUMULATIVE","ADMIN_ALLDOSES_PRIMARY","INCOMPLETE"
2020-12-14,79,79,0,0,2,2,0,0,0,0,0,0,0,0,81,,81,81,0
2020-12-15,2052,2131,7,7,5,7,0,0,0,0,0,0,0,0,2064,,2145,2145,0
2020-12-16,4604,6735,17,24,4,11,1,1,0,0,1,1,0,0,4626,,6771,6770,0
2020-12-17,4661,11396,18,42,2,13,1,2,0,0,1,2,0,0,4682,,11453,11451,0
2020-12-18,5836,17232,18,60,2,15,2,4,0,0,2,4,0,0,5858,,17311,17307,0
2020-12-19,1688,18920,9,69,3,18,0,4,0,0,0,4,0,0,1700,,19011,19007,0
2020-12-20,1117,20037,2,71,1,19,0,4,0,0,0,4,0,0,1120,2875.86,20131,20127,0
2020-12-21,6391,26428,22,93,0,19,5,9,0,0,5,9,0,0,6418,3781.14,26549,26540,0
2020-12-22,9766,36194,27,120,2,21,1,10,0,0,1,10,0,0,9796,4885.71,36345,36335,0
2020-12-23,14276,50470,37,157,3,24,0,10,0,0,0,10,0,0,14316,6270,50661,50651,0
2020-12-24,7170,57640,28,185,1,25,0,10,0,0,0,10,0,0,7199,6629.57,57860,57850,0
2020-12-25,180,57820,0,185,0,25,1,11,0,0,1,11,0,0,181,5818.57,58041,58030,0
2020-12-26,4391,62211,47,232,0,25,1,12,0,0,1,12,0,0,4439,6209.86,62480,62468,0
2020-12-27,3869,66080,15,247,0,25,1,13,0,0,1,13,0,0,3885,6604.86,66365,66352,0
2020-12-28,10992,77072,51,298,1,26,3,16,0,0,3,16,0,0,11047,7266.14,77412,77396,0
2020-12-29,10712,87784,37,335,2,28,3,19,0,0,3,19,0,0,10754,7403,88166,88147,0
2020-12-30,12822,100606,44,379,0,28,0,19,0,0,0,19,0,0,12866,7195.86,101032,101013,0
2020-12-31,7259,107865,37,416,1,29,0,19,0,0,0,19,0,0,7297,7209.86,108329,108310,0
2021-01-01,178,108043,2,418,1,30,3,22,0,0,3,22,0,0,184,7210.29,108513,108491,0
2021-01-02,3809,111852,10,428,3,33,2,24,0,0,2,24,0,0,3824,7122.43,112337,112313,0
2021-01-03,3542,115394,24,452,2,35,1,25,0,0,1,25,0,0,3569,7077.29,115906,115881,0
2021-01-04,12251,127645,810,1262,2,37,7,32,0,0,7,32,0,0,13070,7366.29,128976,128944,0
2021-01-05,14088,141733,2197,3459,2,39,14,46,1,1,15,47,0,0,16302,8158.86,145278,145231,0
2021-01-06,17795,159528,3929,7388,1,40,32,78,8,9,40,87,0,0,21765,9430.14,167043,166956,0
2021-01-07,16539,176067,5184,12572,4,44,46,124,3,12,49,136,0,0,21776,11498.57,188819,188683,0
2021-01-08,16610,192677,5463,18035,0,44,36,160,4,16,40,176,0,0,22113,14631.29,210932,210756,0
2021-01-09,7648,200325,1466,19501,1,45,7,167,2,18,9,185,0,0,9124,15388.43,220056,219871,0
2021-01-10,7879,208204,979,20480,0,45,13,180,0,18,13,198,0,0,8871,16145.86,228927,228729,0
2021-01-11,25807,234011,7462,27942,2,47,57,237,7,25,64,262,0,0,33335,19040.86,262262,262000,0
2021-01-12,28242,262253,7867,35809,1,48,45,282,4,29,49,311,0,0,36159,21877.57,298421,298110,0
2021-01-13,31701,293954,9423,45232,1,49,59,341,5,34,64,375,0,0,41189,24652.43,339610,339235,0
2021-01-14,35798,329752,5303,50535,1,50,33,374,7,41,40,415,0,0,41142,27419,380752,380337,0
2021-01-15,29248,359000,3715,54250,2,52,32,406,6,47,38,453,0,0,33003,28974.71,413755,413302,0
2021-01-16,30258,389258,2397,56647,0,52,25,431,6,53,31,484,0,0,32686,32340.71,446441,445957,0
2021-01-17,23726,412984,1645,58292,0,52,20,451,1,54,21,505,0,0,25392,34700.86,471833,471328,0
2021-01-18,27082,440066,2425,60717,0,52,37,488,7,61,44,549,0,0,29552,34160.43,501385,500836,0
2021-01-19,34270,474336,9642,70359,1,53,72,560,7,68,79,628,0,0,43992,35279.43,545377,544749,0
2021-01-20,34848,509184,9504,79863,1,54,62,622,3,71,65,693,0,0,44418,35740.71,589795,589102,0
2021-01-21,25574,534758,8098,87961,2,56,55,677,5,76,60,753,0,0,33734,34682.43,623529,622776,0
2021-01-22,24741,559499,4387,92348,1,57,31,708,7,83,38,791,0,0,29167,34134.43,652696,651905,0
2021-01-23,15734,575233,3224,95572,0,57,13,721,2,85,15,806,0,0,18973,32175.43,671669,670863,0
2021-01-24,7168,582401,3460,99032,0,57,19,740,1,86,20,826,0,0,10648,30069.14,682317,681491,0
2021-01-25,13392,595793,11834,110866,0,57,69,809,12,98,81,907,0,0,25307,29462.71,707624,706717,0
2021-01-26,16746,612539,10764,121630,0,57,69,878,3,101,73,980,0,0,27583,27118.57,735207,734228,0
2021-01-27,20818,633357,12357,133987,0,57,54,932,9,110,63,1043,0,0,33240,25521.71,768447,767405,0
2021-01-28,30730,664087,12859,146846,0,57,83,1015,16,126,99,1142,0,0,43691,26944.14,812138,810997,0
2021-01-29,31669,695756,11513,158359,0,57,83,1098,12,138,95,1237,0,0,43277,28959.86,855415,854179,0
2021-01-30,18706,714462,3742,162101,0,57,24,1122,2,140,27,1264,0,0,22475,29460.14,877890,876628,0
2021-01-31,13006,727468,2930,165031,1,58,28,1150,5,145,33,1297,0,0,15970,30220.43,893860,892565,0
2021-02-01,1180,728648,5401,170432,4,62,36,1186,4,149,40,1337,0,0,6625,27551.57,900485,899150,0
2021-02-02,2823,731471,9443,179875,2,64,53,1239,3,152,56,1393,0,0,12324,25371.71,912809,911418,0
2021-02-03,16344,747815,21234,201109,4,68,214,1453,22,174,236,1629,0,0,37818,26025.71,950627,949000,0
2021-02-04,27033,774848,19655,220764,3,71,210,1663,10,184,220,1849,0,0,46911,26485.71,997538,995691,0
2021-02-05,27577,802425,20030,240794,0,71,195,1858,16,200,212,2061,0,0,47819,27134.57,1045357,1043299,0
2021-02-06,22974,825399,11251,252045,0,71,117,1975,12,212,129,2190,0,0,34354,28831.57,1079711,1077524,0
2021-02-07,12029,837428,8285,260330,1,72,98,2073,12,224,111,2301,0,0,20426,29468.14,1100137,1097840,0
2021-02-08,16936,854364,23527,283857,2,74,239,2312,36,260,276,2577,0,0,40741,34341.86,1140878,1138306,0
2021-02-09,17184,871548,28094,311951,2,76,356,2668,42,302,401,2978,0,0,45681,39107.14,1186559,1183589,0
2021-02-10,19580,891128,29305,341256,2,78,271,2939,52,354,326,3304,0,0,49214,40735.14,1235773,1232480,0
2021-02-11,27828,918956,33459,374715,2,80,354,3293,58,412,412,3716,0,0,61703,42848.29,1297476,1293771,0
2021-02-12,38350,957306,30812,405527,3,83,362,3655,41,453,404,4120,0,0,69569,45955.43,1367045,1362937,0
2021-02-13,27981,985287,25318,430845,2,85,313,3968,58,511,372,4492,0,0,53674,48715.43,1420719,1416240,0
2021-02-14,16257,1001544,23723,454568,0,85,280,4248,35,546,315,4807,0,0,40295,51553.86,1461014,1456220,0
2021-02-15,12790,1014334,10527,465095,2,87,179,4427,24,570,204,5011,0,0,23523,49094.14,1484537,1479540,0
2021-02-16,14231,1028565,26706,491801,0,87,344,4771,41,611,386,5397,0,0,41323,48471.57,1525860,1520478,0
2021-02-17,16379,1044944,22196,513997,1,88,287,5058,42,653,329,5726,0,0,38905,46998.86,1564765,1559054,0
2021-02-18,12134,1057078,24982,538979,21,109,307,5365,46,699,353,6079,0,0,37490,43539.86,1602255,1596191,0
2021-02-19,13238,1070316,23922,562901,38,147,317,5682,49,748,366,6445,0,0,37564,38967.71,1639819,1633389,0
2021-02-20,11341,1081657,26071,588972,7,154,338,6020,79,827,419,6864,0,0,37839,36705.57,1677658,1670811,0
2021-02-21,6348,1088005,17412,606384,15,169,302,6322,45,872,348,7212,0,0,24123,34395.29,1701781,1694587,0
2021-02-22,13041,1101046,11834,618218,2,171,134,6456,21,893,155,7367,0,0,25032,34610.86,1726813,1719464,0
2021-02-23,25226,1126272,14148,632366,1,172,169,6625,35,928,205,7572,0,0,39581,34362,1766394,1758841,0
2021-02-24,36325,1162597,20405,652771,0,172,234,6859,42,970,277,7849,0,0,57007,36948,1823401,1815572,0
2021-02-25,54515,1217112,30458,683229,6,178,413,7272,64,1034,478,8327,0,0,85457,43800.43,1908858,1900552,0
2021-02-26,62789,1279901,31906,715135,4,182,423,7695,78,1112,504,8831,0,0,95203,52034.57,2004061,1995254,0
2021-02-27,51260,1331161,22752,737887,47,229,355,8050,53,1165,409,9240,0,0,74468,57267.29,2078529,2069314,0
2021-02-28,44549,1375710,13851,751738,7,236,206,8256,37,1202,243,9483,0,0,58650,62199.71,2137179,2127721,0
2021-03-01,39302,1415012,12783,764521,10,246,172,8428,24,1226,196,9679,0,0,52291,66093.86,2189470,2179816,0
2021-03-02,47072,1462084,12579,777100,7,253,158,8586,17,1243,175,9854,0,0,59833,68987,2249303,2239474,0
2021-03-03,48590,1510674,16153,793253,17,270,156,8742,21,1264,177,10031,0,0,64937,70119.86,2314240,2304234,0
2021-03-04,59798,1570472,22815,816068,1092,1362,277,9019,37,1301,315,10346,0,0,84020,69914.57,2398260,2387940,0
2021-03-05,60951,1631423,24287,840355,3107,4469,338,9357,36,1337,376,10722,0,0,88721,68988.57,2486981,2476287,0
2021-03-06,47150,1678573,18883,859238,5451,9920,245,9602,42,1379,287,11009,0,0,71771,68603.29,2558752,2547771,0
2021-03-07,36023,1714596,14882,874120,6244,16164,238,9840,22,1401,262,11271,0,0,57411,68426.29,2616163,2604922,0
2021-03-08,39604,1754200,14686,888806,8557,24721,321,10161,92,1493,418,11689,0,0,63265,69994,2679428,2667774,0
2021-03-09,39082,1793282,12858,901664,7759,32480,187,10348,35,1528,223,11912,0,0,59922,70006.71,2739350,2727474,0
2021-03-10,51811,1845093,15363,917027,5064,37544,228,10576,34,1562,264,12176,0,0,72502,71087.43,2811852,2799714,0
2021-03-11,59961,1905054,21824,938851,4619,42163,259,10835,48,1610,309,12485,0,0,86713,71472.14,2898565,2886120,0
2021-03-12,52171,1957225,30307,969158,4182,46345,390,11225,86,1696,476,12961,0,0,87136,71245.71,2985701,2972780,0
2021-03-13,40634,1997859,26684,995842,5110,51455,335,11560,55,1751,390,13351,0,0,72819,71395.43,3058520,3045209,0
2021-03-14,30695,2028554,15971,1011813,4523,55978,254,11814,28,1779,284,13635,0,0,51474,70547.29,3109994,3096401,0
2021-03-15,33581,2062135,17258,1029071,4702,60680,243,12057,33,1812,276,13911,0,0,55817,69483.29,3165811,3151942,0
2021-03-16,38658,2100793,20517,1049588,4925,65605,265,12322,36,1848,302,14213,0,0,64402,70123.29,3230213,3216043,0
2021-03-17,42600,2143393,24784,1074372,4242,69847,356,12678,43,1891,400,14613,0,0,72026,70055.29,3302239,3287670,0
2021-03-18,50407,2193800,26812,1101184,5226,75073,387,13065,64,1955,451,15064,0,0,82896,69510,3385135,3370115,0
2021-03-19,47763,2241563,29963,1131147,5624,80697,406,13471,75,2030,481,15545,0,0,83832,69038,3468967,3453466,0
2021-03-20,38693,2280256,25831,1156978,4682,85379,310,13781,60,2090,371,15916,0,0,69577,68574.86,3538544,3522673,0
2021-03-21,29284,2309540,19355,1176333,769,86148,231,14012,44,2134,275,16191,0,0,49683,68319,3588227,3572081,0
2021-03-22,33849,2343389,26753,1203086,4037,90185,260,14272,38,2172,299,16490,0,0,64939,69622.14,3653166,3636722,0
2021-03-23,38413,2381802,32849,1235935,4214,94399,305,14577,54,2226,363,16853,0,0,75839,71256,3729005,3712202,0
2021-03-24,41469,2423271,37618,1273553,4843,99242,338,14915,64,2290,405,17258,0,0,84335,73014.43,3813340,3796135,0
2021-03-25,43385,2466656,50781,1324334,5050,104292,496,15411,88,2378,588,17846,0,0,99804,75429.86,3913144,3895355,0
2021-03-26,38485,2505141,55494,1379828,4307,108599,544,15955,107,2485,655,18501,0,0,98941,77588.29,4012085,3993645,0
2021-03-27,35718,2540859,45742,1425570,2938,111537,440,16395,84,2569,525,19026,0,0,84923,79780.57,4097008,4078044,0
2021-03-28,26371,2567230,34453,1460023,1481,113018,346,16741,66,2635,416,19442,0,0,62721,81643.14,4159729,4140353,0
2021-03-29,34803,2602033,38857,1498880,3244,116262,363,17104,115,2750,479,19921,0,0,77383,83420.86,4237112,4217258,0
2021-03-30,40483,2642516,41925,1540805,3712,119974,351,17455,65,2815,417,20338,0,0,86537,84949.14,4323649,4303379,0
2021-03-31,49367,2691883,44880,1585685,7438,127412,418,17873,85,2900,503,20841,0,0,102188,87499.57,4425837,4405064,0
2021-04-01,50758,2742641,53948,1639633,11272,138684,512,18385,85,2985,601,21442,0,0,116579,89896,4542416,4521046,0
2021-04-02,43748,2786389,53869,1693502,11965,150649,562,18947,72,3057,639,22081,0,0,110221,91507.43,4652637,4630633,0
2021-04-03,39235,2825624,39208,1732710,9860,160509,351,19298,60,3117,412,22493,0,0,88715,92049.14,4741352,4718937,0
2021-04-04,26548,2852172,24778,1757488,3902,164411,232,19530,50,3167,282,22775,0,0,55510,91019,4796862,4774165,0
2021-04-05,41858,2894030,34481,1791969,11194,175605,392,19922,61,3228,454,23229,0,0,87987,92533.86,4884849,4861699,0
2021-04-06,53241,2947271,35615,1827584,13213,188818,447,20369,79,3307,527,23756,0,0,102596,94828,4987445,4963769,0
2021-04-07,55476,3002747,40707,1868291,14386,203204,416,20785,82,3389,500,24256,0,0,111069,96096.71,5098514,5074340,0
2021-04-08,59234,3061981,46584,1914875,16337,219541,541,21326,87,3476,629,24885,0,0,122784,96983.14,5221298,5196496,0
2021-04-09,56626,3118607,44947,1959822,17556,237097,543,21869,80,3556,628,25513,0,0,119757,98345.43,5341055,5315630,0
2021-04-10,49330,3167937,35639,1995461,12716,249813,405,22274,62,3618,471,25984,0,0,98156,99694.14,5439211,5413319,0
2021-04-11,38156,3206093,28825,2024286,7679,257492,302,22576,62,3680,365,26349,0,0,75025,102482,5514236,5487980,0
2021-04-12,46619,3252712,31838,2056124,13494,270986,477,23053,69,3749,546,26895,0,0,92497,103126.29,5606733,5579931,0
2021-04-13,52533,3305245,33794,2089918,369,271355,407,23460,64,3813,472,27367,0,0,87168,100922.29,5693901,5666628,0
2021-04-14,50129,3355374,39958,2129876,20,271375,372,23832,79,3892,452,27819,0,0,90559,97992.29,5784460,5756736,0
2021-04-15,52104,3407478,43690,2173566,16,271391,465,24297,107,3999,577,28396,0,0,96388,94221.43,5880848,5852552,0
2021-04-16,51175,3458653,42201,2215767,32,271423,448,24745,73,4072,524,28920,0,0,93932,90532.14,5974780,5945963,0
2021-04-17,43825,3502478,35688,2251455,3,271426,378,25123,84,4156,464,29384,0,0,79980,87935.57,6054760,6025481,0
2021-04-18,28594,3531072,29364,2280819,7,271433,266,25389,65,4221,332,29716,0,0,58297,85545.86,6113057,6083447,0
2021-04-19,37444,3568516,36451,2317270,22,271455,341,25730,68,4289,411,30127,0,0,74328,82950.29,6187385,6157366,0
2021-04-20,40791,3609307,39627,2356897,19,271474,321,26051,84,4373,406,30533,0,0,80843,82046.71,6268228,6237804,0
2021-04-21,38872,3648179,46028,2402925,17,271491,509,26560,98,4471,608,31141,0,0,85525,81327.57,6353753,6322722,0
2021-04-22,38476,3686655,48958,2451883,9,271500,353,26913,79,4550,434,31575,0,0,87878,80111.86,6441631,6410168,0
2021-04-23,39680,3726335,44390,2496273,3,271503,359,27272,75,4625,436,32011,0,0,84509,78765.71,6526140,6494243,0
2021-04-24,31922,3758257,41604,2537877,44,271547,287,27559,63,4688,351,32362,0,0,73921,77900.14,6600061,6567814,0
2021-04-25,18411,3776668,31218,2569095,87,271634,204,27763,61,4749,265,32627,0,0,49981,76712.14,6650042,6617530,0
2021-04-26,26955,3803623,40719,2609814,1012,272646,307,28070,93,4842,405,33032,0,0,69091,75964,6719133,6686221,0
2021-04-27,28552,3832175,47128,2656942,1696,274342,377,28447,97,4939,479,33511,0,0,77855,75537.14,6796988,6763602,0
2021-04-28,27007,3859182,56842,2713784,2146,276488,453,28900,102,5041,558,34069,0,0,86553,75684,6883541,6849600,0
2021-04-29,28583,3887765,57206,2770990,2149,278637,378,29278,101,5142,481,34550,0,0,88419,75761.29,6971960,6937540,0
2021-04-30,30100,3917865,51993,2822983,2059,280696,294,29572,75,5217,370,34920,0,0,84523,75763.29,7056483,7021694,0
2021-05-01,22474,3940339,44537,2867520,1177,281873,236,29808,66,5283,304,35224,0,0,68492,74987.71,7124975,7089884,0
2021-05-02,11915,3952254,36638,2904158,1081,282954,155,29963,58,5341,215,35439,0,0,49849,74968.86,7174824,7139520,0
2021-05-03,18006,3970260,53023,2957181,2381,285335,267,30230,94,5435,363,35802,0,0,73775,75638,7248599,7212934,0
2021-05-04,22725,3992985,56645,3013826,2331,287666,275,30505,117,5552,393,36195,0,0,82094,76243.57,7330693,7294636,0
2021-05-05,21472,4014457,48753,3062579,2313,289979,320,30825,104,5656,425,36620,0,0,72964,74302.29,7403657,7367176,0
2021-05-06,20671,4035128,50176,3112755,2508,292487,283,31108,91,5747,378,36998,0,0,73733,72204.29,7477390,7440535,0
2021-05-07,21232,4056360,52105,3164860,2812,295299,320,31428,80,5827,401,37399,0,0,76550,71065.29,7553940,7516685,0
2021-05-08,16616,4072976,41865,3206725,1834,297133,239,31667,72,5899,311,37710,0,0,60626,69941.57,7614566,7577000,0
2021-05-09,7968,4080944,29404,3236129,1260,298393,156,31823,56,5955,212,37922,0,0,38844,68369.43,7653410,7615632,0
2021-05-10,14374,4095318,38521,3274650,2356,300749,252,32075,94,6049,350,38272,0,0,55602,65773.29,7709012,7670888,0
2021-05-11,19897,4115215,43058,3317708,2512,303261,295,32370,89,6138,389,38661,0,0,65857,63453.71,7774869,7736361,0
2021-05-12,17810,4133025,40535,3358243,3595,306856,243,32613,80,6218,323,38984,0,0,62263,61925,7837132,7798301,0
2021-05-13,24948,4157973,40425,3398668,3229,310085,274,32887,81,6299,357,39341,0,0,68959,61243,7906091,7866905,0
2021-05-14,27004,4184977,42945,3441613,3535,313620,277,33164,95,6394,374,39715,0,0,73858,60858.43,7979949,7940391,0
2021-05-15,23638,4208615,34922,3476535,3364,316984,261,33425,75,6469,337,40052,0,0,62261,61092,8042210,8002316,0
2021-05-16,15518,4224133,19458,3495993,2496,319480,123,33548,47,6516,171,40223,0,0,37643,60920.43,8079853,8039789,0
2021-05-17,22662,4246795,29137,3525130,3252,322732,191,33739,73,6589,264,40487,0,0,55315,60879.43,8135168,8094840,0
2021-05-18,24612,4271407,31905,3557035,3402,326134,247,33986,84,6673,331,40818,0,0,60250,60078.43,8195418,8154759,0
2021-05-19,24174,4295581,29728,3586763,3041,329175,233,34219,50,6723,284,41102,0,0,57227,59359,8252645,8211703,0
2021-05-20,24134,4319715,30103,3616866,3163,332338,274,34493,89,6812,368,41470,0,0,57768,57760.29,8310413,8269108,0
2021-05-21,24664,4344379,32003,3648869,3057,335395,254,34747,63,6875,320,41790,0,0,60044,55786.86,8370457,8328835,0
2021-05-22,20010,4364389,24374,3673243,2523,337918,169,34916,48,6923,218,42008,0,0,47125,53624.57,8417582,8375743,0
2021-05-23,11225,4375614,13733,3686976,1411,339329,95,35011,32,6955,129,42137,0,0,26498,52032.43,8444080,8402114,0
2021-05-24,18857,4394471,23165,3710141,2757,342086,221,35232,55,7010,279,42416,0,0,45058,50567.14,8489138,8446896,0
2021-05-25,19420,4413891,23385,3733526,2601,344687,177,35409,59,7069,236,42652,0,0,45642,48480.29,8534780,8492302,0
2021-05-26,18772,4432663,21089,3754615,2698,347385,206,35615,49,7118,257,42909,0,0,42816,46421.57,8577596,8534863,0
2021-05-27,18453,4451116,21281,3775896,2531,349916,185,35800,62,7180,248,43157,0,0,42513,44242.29,8620109,8577129,0
2021-05-28,17855,4468971,22876,3798772,2751,352667,192,35992,59,7239,252,43409,0,0,43734,41912.29,8663843,8620612,0
2021-05-29,12701,4481672,17817,3816589,1754,354421,106,36098,39,7278,146,43555,0,0,32418,39811.29,8696261,8652885,0
2021-05-30,7025,4488697,8950,3825539,1074,355495,50,36148,16,7294,66,43621,0,0,17115,38470.86,8713376,8669934,0
2021-05-31,4740,4493437,6922,3832461,1011,356506,65,36213,18,7312,83,43704,0,0,12756,33856.29,8726132,8682607,0
2021-06-01,16047,4509484,25189,3857650,2177,358683,159,36372,43,7355,206,43910,0,0,43619,33567.29,8769751,8726024,0
2021-06-02,15351,4524835,20400,3878050,2095,360778,142,36514,47,7402,189,44099,0,0,38035,32884.29,8807786,8763870,0
2021-06-03,14994,4539829,23823,3901873,2280,363058,134,36648,45,7447,181,44280,0,0,41278,32707.86,8849064,8804969,0
2021-06-04,14710,4554539,26003,3927876,2492,365550,151,36799,42,7489,194,44474,0,0,43400,32660.14,8892464,8848176,0
2021-06-05,10978,4565517,22104,3949980,1806,367356,115,36914,29,7518,145,44619,0,0,35033,33033.71,8927497,8883065,0
2021-06-06,6443,4571960,14485,3964465,1222,368578,91,37005,12,7530,104,44723,0,0,22254,33767.86,8949751,8905216,0
2021-06-07,11695,4583655,21785,3986250,2378,370956,146,37151,37,7567,186,44909,0,0,36044,37094.71,8985795,8941077,0
2021-06-08,12625,4596280,24020,4010270,2071,373027,127,37278,46,7613,174,45083,0,0,38890,36419.14,9024685,8979794,0
2021-06-09,11124,4607404,23027,4033297,2300,375327,140,37418,43,7656,185,45268,0,0,36636,36219.29,9061321,9016247,0
2021-06-10,12055,4619459,22236,4055533,2461,377788,144,37562,63,7719,207,45475,0,0,36960,35602.43,9098281,9053000,0
2021-06-11,12696,4632155,25124,4080657,2483,380271,161,37723,62,7781,224,45699,0,0,40527,35192,9138808,9093304,0
2021-06-12,10158,4642313,19318,4099975,1888,382159,97,37820,44,7825,143,45842,0,0,31507,34688.29,9170315,9124670,0
2021-06-13,4251,4646564,10937,4110912,1219,383378,42,37862,21,7846,63,45905,0,0,16472,33862.29,9186787,9141079,0
2021-06-14,10201,4656765,19239,4130151,2040,385418,136,37998,53,7899,189,46094,0,0,31669,33237.29,9218456,9172559,0
2021-06-15,11880,4668645,21017,4151168,1942,387360,132,38130,41,7940,175,46269,0,0,35015,32683.71,9253471,9207401,0
2021-06-16,11582,4680227,19400,4170568,1956,389316,151,38281,74,8014,225,46494,0,0,33163,32187.57,9286634,9240339,0
2021-06-17,11018,4691245,18758,4189326,1973,391289,132,38413,35,8049,169,46663,0,0,31918,31467.29,9318552,9272090,0
2021-06-18,12165,4703410,18496,4207822,2115,393404,120,38533,37,8086,158,46821,0,0,32935,30382.71,9351487,9304868,0
2021-06-19,8491,4711901,13516,4221338,1459,394863,90,38623,22,8108,112,46933,0,0,23578,29250,9375065,9328334,0
2021-06-20,4333,4716234,7160,4228498,924,395787,37,38660,16,8124,53,46986,0,0,12470,28678.29,9387535,9340751,0
2021-06-21,10153,4726387,10015,4238513,1806,397593,71,38731,28,8152,100,47086,0,0,22074,27307.57,9409609,9362726,0
2021-06-22,9828,4736215,15647,4254160,1588,399181,107,38838,29,8181,136,47222,0,0,27199,26191,9436808,9389789,0
2021-06-23,10305,4746520,15189,4269349,1862,401043,104,38942,31,8212,136,47358,0,0,27492,25380.86,9464300,9417146,0
2021-06-24,9680,4756200,14702,4284051,1798,402841,124,39066,27,8239,153,47511,0,0,26333,24583,9490633,9443328,0
2021-06-25,10584,4766784,14386,4298437,1720,404561,118,39184,38,8277,156,47667,0,0,26846,23713.14,9517479,9470018,0
2021-06-26,7798,4774582,10465,4308902,1249,405810,79,39263,23,8300,103,47770,0,0,19615,23147,9537094,9489531,0
2021-06-27,4997,4779579,6002,4314904,795,406605,34,39297,15,8315,50,47820,0,0,11844,23057.57,9548938,9501326,0
2021-06-28,9033,4788612,10348,4325252,1526,408131,110,39407,26,8341,137,47957,0,0,21044,22910.43,9569982,9522234,0
2021-06-29,9729,4798341,12334,4337586,1347,409478,126,39533,33,8374,160,48117,0,0,23570,22392,9593552,9545645,0
2021-06-30,9423,4807764,10934,4348520,1486,410964,151,39684,18,8392,172,48289,0,0,22015,21609.57,9615567,9567491,0
2021-07-01,9392,4817156,10927,4359447,1434,412398,132,39816,25,8417,159,48448,0,0,21912,20978,9637479,9589246,0
2021-07-02,9688,4826844,11458,4370905,1541,413939,119,39935,21,8438,140,48588,0,0,22828,20404,9660307,9611934,0
2021-07-03,7057,4833901,8422,4379327,1192,415131,79,40014,17,8455,96,48684,0,0,16767,19997.14,9677074,9628605,0
2021-07-04,1286,4835187,1335,4380662,567,415698,11,40025,3,8458,14,48698,0,0,3202,18762.57,9680276,9631793,0
2021-07-05,6491,4841678,7109,4387771,1207,416905,67,40092,22,8480,89,48787,0,0,14896,17884.29,9695172,9646600,0
2021-07-06,9507,4851185,12854,4400625,1315,418220,118,40210,38,8518,157,48944,0,0,23833,17921.86,9719005,9670277,0
2021-07-07,8661,4859846,11109,4411734,1418,419638,128,40338,21,8539,149,49093,0,0,21337,17825,9740342,9691465,0
2021-07-08,8218,4868064,10192,4421926,1258,420896,110,40448,23,8562,135,49228,0,0,19803,17523.71,9760145,9711135,0
2021-07-09,8370,4876434,10835,4432761,1280,422176,90,40538,20,8582,110,49338,0,0,20595,17204.71,9780740,9731620,0
2021-07-10,7099,4883533,8636,4441397,1131,423307,67,40605,20,8602,88,49426,0,0,16954,17231.43,9797694,9748487,0
2021-07-11,4104,4887637,4540,4445937,701,424008,38,40643,6,8608,44,49470,0,0,9389,18115.29,9807083,9757832,0
2021-07-12,8448,4896085,9564,4455501,1251,425259,84,40727,23,8631,107,49577,0,0,19370,18754.43,9826453,9777095,0
2021-07-13,9457,4905542,9393,4464894,952,426211,110,40837,36,8667,148,49725,0,0,19950,18199.71,9846403,9796899,0
2021-07-14,8991,4914533,9537,4474431,1010,427221,108,40945,22,8689,134,49859,0,0,19672,17961.86,9866075,9816441,0
2021-07-15,8792,4923325,9158,4483589,1052,428273,83,41028,20,8709,104,49963,0,0,19106,17862.29,9885181,9835444,0
2021-07-16,9248,4932573,9764,4493353,981,429254,102,41130,29,8738,131,50094,0,0,20124,17795,9905305,9855437,0
2021-07-17,6838,4939411,7389,4500742,803,430057,80,41210,21,8759,101,50195,0,0,15131,17534.57,9920436,9870467,0
2021-07-18,4252,4943663,4286,4505028,575,430632,36,41246,14,8773,50,50245,0,0,9163,17502.29,9929599,9879580,0
2021-07-19,9119,4952782,8486,4513514,999,431631,93,41339,22,8795,116,50361,0,0,18720,17409.43,9948319,9898185,0
2021-07-20,10639,4963421,8762,4522276,991,432622,96,41435,25,8820,122,50483,0,0,20514,17490,9968833,9918578,0
2021-07-21,10052,4973473,8772,4531048,904,433526,150,41585,33,8853,183,50666,0,0,19911,17524.14,9988744,9938306,0
2021-07-22,10686,4984159,8584,4539632,1046,434572,146,41731,27,8880,174,50840,0,0,20490,17721.86,10009234,9958623,0
2021-07-23,11246,4995405,8888,4548520,1114,435686,139,41870,23,8903,164,51004,0,0,21412,17905.86,10030646,9979873,0
2021-07-24,7400,5002805,6740,4555260,670,436356,82,41952,26,8929,109,51113,0,0,14919,17875.57,10045565,9994684,0
2021-07-25,5471,5008276,2130,4557390,509,436865,58,42010,4,8933,62,51175,0,0,8172,17734,10053737,10002794,0
2021-07-26,10866,5019142,7009,4564399,856,437721,112,42122,20,8953,132,51307,0,0,18863,17754.43,10072600,10021525,0
2021-07-27,12061,5031203,8573,4572972,856,438577,139,42261,41,8994,181,51488,0,0,21671,17919.71,10094271,10043016,0
2021-07-28,12010,5043213,8054,4581026,950,439527,136,42397,29,9023,166,51654,0,0,21180,18101,10115451,10064031,0
2021-07-29,10928,5054141,7434,4588460,983,440510,138,42535,41,9064,183,51837,0,0,19528,17963.57,10134979,10083380,0
2021-07-30,14947,5069088,8015,4596475,1151,441661,187,42722,32,9096,221,52058,0,0,24334,18381,10159313,10107495,0
2021-07-31,9719,5078807,6323,4602798,815,442476,122,42844,20,9116,143,52201,0,0,17000,18678.29,10176313,10124353,0
2021-08-01,6497,5085304,3313,4606111,564,443040,81,42925,22,9138,103,52304,0,0,10477,19007.57,10186790,10134727,0
2021-08-02,13448,5098752,7155,4613266,846,443886,151,43076,19,9157,170,52474,0,0,21619,19401.29,10208409,10156176,0
2021-08-03,15404,5114156,8393,4621659,1109,444995,144,43220,39,9196,184,52658,0,0,25090,19889.71,10233499,10181083,0
2021-08-04,17257,5131413,8133,4629792,1454,446449,183,43403,36,9232,219,52877,0,0,27063,20730.14,10260562,10207927,0
2021-08-05,17882,5149295,7934,4637726,1371,447820,160,43563,22,9254,182,53059,0,0,27369,21850.29,10287931,10235114,0
2021-08-06,18173,5167468,8421,4646147,1230,449050,171,43734,32,9286,203,53262,0,0,28027,22377.86,10315958,10262938,0
2021-08-07,13377,5180845,6018,4652165,800,449850,105,43839,29,9315,134,53396,0,0,20329,22853.43,10336287,10283133,0
2021-08-08,9309,5190154,3834,4655999,400,450250,84,43923,10,9325,94,53490,0,0,13637,23304.86,10349924,10296676,0
2021-08-09,21335,5211489,8529,4664528,965,451215,178,44101,34,9359,213,53703,0,0,31042,24651,10380966,10327506,0
2021-08-10,18944,5230433,9334,4673862,946,452161,180,44281,33,9392,214,53917,0,0,29438,25272.14,10410404,10356731,0
2021-08-11,15644,5246077,8313,4682175,853,453014,131,44412,46,9438,178,54095,0,0,24988,24975.71,10435392,10381542,0
2021-08-12,15048,5261125,8991,4691166,942,453956,179,44591,35,9473,216,54311,0,0,25197,24665.43,10460589,10406525,0
2021-08-13,14915,5276040,9292,4700458,919,454875,247,44838,38,9511,286,54597,0,0,25413,24292,10486002,10431653,0
2021-08-14,10393,5286433,6412,4706870,625,455500,536,45374,41,9552,580,55177,0,0,18010,23960.71,10504012,10449086,0
2021-08-15,6688,5293121,4484,4711354,676,456176,567,45941,34,9586,605,55782,0,0,12453,23791.57,10516465,10460938,0
2021-08-16,15700,5308821,9312,4720666,1149,457325,1329,47270,67,9653,1401,57183,0,0,27562,23294.43,10544027,10487104,0
2021-08-17,17756,5326577,10457,4731123,1229,458554,1777,49047,85,9738,1877,59060,0,0,31319,23563.14,10575346,10516561,0
2021-08-18,17480,5344057,10382,4741505,1262,459816,2002,51049,91,9829,2104,61164,0,0,31228,24454.57,10606574,10545696,0
2021-08-19,16283,5360340,9530,4751035,1315,461131,1960,53009,69,9898,2043,63207,0,0,29171,25022.29,10635745,10572838,0
2021-08-20,16262,5376602,11543,4762578,1252,462383,1870,54879,86,9984,1970,65177,0,0,31027,25824.29,10666772,10601909,0
2021-08-21,11141,5387743,8041,4770619,878,463261,1068,55947,53,10037,1128,66305,0,0,21188,26278.29,10687960,10621976,0
2021-08-22,4076,5391819,3902,4774521,261,463522,520,56467,33,10070,557,66862,0,0,8796,25755.86,10696756,10630219,0
2021-08-23,15571,5407390,11810,4786331,1022,464544,1553,58020,77,10147,1643,68505,0,0,30047,26110.86,10726803,10658636,0
2021-08-24,16910,5424300,12597,4798928,1007,465551,1776,59796,82,10229,1866,70371,0,0,32380,26262.43,10759183,10689158,0
2021-08-25,14562,5438862,12456,4811384,1112,466663,1571,61367,82,10311,1668,72039,0,0,29798,26058.14,10788981,10717303,0
2021-08-26,16142,5455004,14102,4825486,1071,467734,1779,63146,71,10382,1862,73901,0,0,33177,26630.43,10822158,10748630,0
2021-08-27,14873,5469877,14825,4840311,971,468705,1678,64824,75,10457,1761,75662,0,0,32430,26830.86,10854588,10779307,0
2021-08-28,10676,5480553,11522,4851833,835,469540,1022,65846,47,10504,1070,76732,0,0,24103,27247.29,10878691,10802341,0
2021-08-29,7209,5487762,7499,4859332,541,470081,782,66628,58,10562,849,77581,0,0,16098,28290.43,10894789,10817599,0
2021-08-30,15508,5503270,16933,4876265,1076,471157,1799,68427,94,10656,1901,79482,0,0,35418,29057.71,10930207,10851124,0
2021-08-31,15499,5518769,15963,4892228,951,472108,1983,70410,90,10746,2083,81565,0,0,34496,29360,10964703,10883547,0
2021-09-01,14826,5533595,14111,4906339,1020,473128,1816,72226,62,10808,1888,83453,0,0,31845,29652.43,10996548,10913514,0
2021-09-02,14309,5547904,12525,4918864,896,474024,1716,73942,65,10873,1797,85250,0,0,29527,29131,11026075,10941260,0
2021-09-03,14996,5562900,14313,4933177,974,474998,1903,75845,72,10945,1981,87231,0,0,32264,29107.29,11058339,10971549,0
2021-09-04,9641,5572541,9406,4942583,688,475686,980,76825,34,10979,1019,88250,0,0,20754,28628.86,11079093,10991289,0
2021-09-05,6790,5579331,5513,4948096,438,476124,720,77545,17,10996,738,88988,0,0,13479,28254.71,11092572,11004031,0
2021-09-06,5194,5584525,4511,4952607,358,476482,274,77819,11,11007,287,89275,0,0,10350,24673.57,11102922,11014096,0
2021-09-07,15562,5600087,17701,4970308,912,477394,1563,79382,94,11101,1665,90940,0,0,35840,24865.57,11138762,11048279,0
2021-09-08,16147,5616234,14833,4985141,1070,478464,1781,81163,84,11185,1877,92817,0,0,33927,25163,11172689,11080341,0
2021-09-09,16092,5632326,14760,4999901,1048,479512,1922,83085,78,11263,2011,94828,0,0,33911,25789.29,11206600,11112252,0
2021-09-10,18348,5650674,15402,5015303,1207,480719,1984,85069,83,11346,2074,96902,0,0,37031,26470.29,11243631,11147216,0
2021-09-11,12626,5663300,10351,5025654,958,481677,1034,86103,50,11396,1090,97992,0,0,25025,27080.43,11268656,11171157,0
2021-09-12,8532,5671832,5053,5030707,765,482442,694,86797,32,11428,727,98719,0,0,15077,27308.71,11283733,11185508,0
2021-09-13,16919,5688751,12965,5043672,976,483418,1663,88460,52,11480,1725,100444,0,0,32585,30485.14,11316318,11216378,0
2021-09-14,16260,5705011,13678,5057350,887,484305,1603,90063,57,11537,1672,102116,0,0,32497,30007.57,11348815,11247215,0
2021-09-15,15508,5720519,12898,5070248,727,485032,1576,91639,84,11621,1669,103785,0,0,30802,29561.14,11379617,11276357,0
2021-09-16,15328,5735847,13916,5084164,1209,486241,1473,93112,68,11689,1548,105333,0,0,32001,29288.29,11411618,11306817,0
2021-09-17,14425,5750272,13954,5098118,922,487163,1847,94959,59,11748,1908,107241,0,0,31209,28456.57,11442827,11336120,0
2021-09-18,9984,5760256,10189,5108307,913,488076,1055,96014,42,11790,1101,108342,0,0,22187,28051.14,11465014,11357210,0
2021-09-19,6168,5766424,6078,5114385,558,488634,748,96762,28,11818,781,109123,0,0,13585,27838,11478599,11370019,0
2021-09-20,12662,5779086,12631,5127016,1068,489702,1928,98690,62,11880,1999,111122,0,0,28361,27234.57,11506960,11396390,0
2021-09-21,12215,5791301,12772,5139788,1108,490810,2037,100727,81,11961,2134,113256,0,0,28229,26624.86,11535189,11422501,0
2021-09-22,12815,5804116,12008,5151796,1090,491900,1691,102418,69,12030,1766,115022,0,0,27679,26178.71,11562868,11448420,0
2021-09-23,14915,5819031,12770,5164566,1639,493539,2274,104692,76,12106,2357,117379,0,0,31681,26133,11594549,11477751,0
2021-09-24,16547,5835578,13367,5177933,1636,495175,4629,109321,127,12233,4775,122154,0,0,36325,26863.86,11630874,11509320,0
2021-09-25,10520,5846098,9034,5186967,1017,496192,3464,112785,81,12314,3562,125716,0,0,24133,27141.86,11655007,11529908,0
2021-09-26,6289,5852387,5767,5192734,773,496965,2426,115211,61,12375,2498,128214,0,0,15327,27390.71,11670334,11542748,0
2021-09-27,14127,5866514,8067,5200801,1155,498120,9085,124296,164,12539,9299,137513,0,0,32649,28003.29,11702983,11566148,0
2021-09-28,11102,5877616,11791,5212592,901,499021,9937,134233,183,12722,10159,147672,0,0,33953,28821,11736936,11589981,0
2021-09-29,11588,5889204,12197,5224789,1205,500226,9464,143697,173,12895,9671,157343,0,0,34661,29818.43,11771597,11615005,0
2021-09-30,12211,5901415,12610,5237399,1338,501564,9768,153465,183,13078,9985,167328,0,0,36144,30456,11807741,11641198,0
2021-10-01,12615,5914030,13432,5250831,1284,502848,10292,163757,156,13234,10485,177813,0,0,37816,30669,11845557,11668566,0
2021-10-02,7717,5921747,9983,5260814,865,503713,4247,168004,82,13316,4353,182166,0,0,22918,30495.43,11868475,11687155,0
2021-10-03,5054,5926801,6158,5266972,593,504306,2625,170629,60,13376,2695,184861,1,1,14501,30377.43,11882976,11698970,0
2021-10-04,9896,5936697,11019,5277991,914,505220,9540,180169,150,13526,9726,194587,0,1,31555,30221.14,11914531,11720835,0
2021-10-05,10132,5946829,11735,5289726,972,506192,9962,190131,180,13706,10184,204771,1,2,33024,30088.43,11947555,11743716,0
2021-10-06,9867,5956696,11052,5300778,937,507129,9951,200082,163,13869,10151,214922,0,2,32008,29709.43,11979563,11765610,0
2021-10-07,9593,5966289,12156,5312934,850,507979,10184,210266,180,14049,10397,225319,0,2,32996,29259.71,12012559,11788242,0
2021-10-08,9426,5975715,12183,5325117,940,508919,10925,221191,166,14215,11130,236449,0,2,33679,28668.71,12046238,11810830,0
2021-10-09,6224,5981939,8241,5333358,643,509562,4132,225323,91,14306,4240,240689,0,2,19348,28158.71,12065586,11825955,0
2021-10-10,3529,5985468,5028,5338386,458,510020,2440,227763,47,14353,2495,243184,0,2,11510,27731.43,12077096,11834978,0
2021-10-11,7591,5993059,9339,5347725,728,510748,8906,236669,166,14519,9096,252280,0,2,26754,27045.57,12103850,11852660,0
2021-10-12,8045,6001104,10995,5358720,891,511639,10539,247208,187,14706,10767,263047,0,2,30698,26713.29,12134548,11872632,0
2021-10-13,7127,6008231,10148,5368868,869,512508,8817,256025,184,14890,9031,272078,0,2,27175,26022.86,12161723,11890806,0
2021-10-14,7402,6015633,11119,5379987,837,513345,10135,266160,166,15056,10341,282419,0,2,29699,25551.86,12191422,11910204,0
2021-10-15,7702,6023335,11858,5391845,823,514168,10862,277022,176,15232,11071,293490,0,2,31454,25234,12222876,11930620,0
2021-10-16,4852,6028187,7466,5399311,665,514833,3852,280874,69,15301,3933,297423,0,2,16916,24886.57,12239792,11943615,0
2021-10-17,3049,6031236,4470,5403781,411,515244,2461,283335,44,15345,2512,299935,0,2,10442,24734,12250234,11951552,0
2021-10-18,7015,6038251,10672,5414453,797,516041,9501,292836,188,15533,9723,309658,0,2,28207,24941.57,12278441,11970070,0
2021-10-19,6546,6044797,8946,5423399,803,516844,9111,301947,178,15711,9330,318988,1,3,25626,24217,12304067,11986406,0
2021-10-20,6514,6051311,9372,5432771,975,517819,10005,311952,180,15891,10223,329211,2,5,27085,24204.14,12331152,12003304,0
2021-10-21,7002,6058313,9387,5442158,857,518676,10873,322825,159,16050,11067,340278,1,6,28314,24006.29,12359466,12020585,0
2021-10-22,8076,6066389,10346,5452504,1026,519702,16375,339200,228,16278,16657,356935,0,6,36105,24670.71,12395571,12040087,0
2021-10-23,5150,6071539,6452,5458956,690,520392,9141,348341,116,16394,9278,366213,0,6,21570,25335.57,12417141,12052400,0
2021-10-24,3247,6074786,3966,5462922,766,521158,6178,354519,81,16475,6285,372498,0,6,14264,25881.57,12431405,12060405,0
2021-10-25,8828,6083614,8747,5471669,1152,522310,19290,373809,303,16778,19664,392162,0,6,38391,27336.43,12469796,12079203,0
2021-10-26,8146,6091760,7723,5479392,1258,523568,17321,391130,281,17059,17672,409834,0,6,34799,28646.86,12504595,12096400,0
2021-10-27,10499,6102259,8392,5487784,1604,525172,20905,412035,329,17388,21304,431138,0,6,41799,30748.86,12546394,12116965,0
2021-10-28,11257,6113516,8028,5495812,1793,526965,20905,432940,329,17717,21303,452441,0,6,42381,32758.43,12588775,12138112,0
2021-10-29,11803,6125319,8227,5504039,1968,528933,22579,455519,353,18070,23004,475445,1,7,45004,34029.71,12633779,12160183,0
2021-10-30,4593,6129912,5062,5509101,932,529865,11205,466724,168,18238,11413,486858,0,7,22000,34091.14,12655779,12170810,0
2021-10-31,2643,6132555,2700,5511801,544,530409,6653,473377,105,18343,6781,493639,1,8,12668,33863.14,12668447,12176719,0
2021-11-01,7068,6139623,6952,5518753,1085,531494,20436,493813,340,18683,20835,514474,1,9,35941,33513.14,12704388,12191883,0
2021-11-02,6520,6146143,6586,5525339,1055,532549,20827,514640,281,18964,21184,535658,0,9,35346,33591.29,12739734,12206121,0
2021-11-03,6785,6152928,6681,5532020,1025,533574,20683,535323,316,19280,21075,556733,0,9,35568,32701.14,12775302,12220690,0
2021-11-04,9255,6162183,6275,5538295,995,534569,22426,557749,354,19634,22863,579596,0,9,39388,32273.57,12814690,12237298,0
2021-11-05,11016,6173199,6717,5545012,1050,535619,23808,581557,361,19995,24253,603849,0,9,43036,31992.43,12857726,12256165,0
2021-11-06,11137,6184336,4050,5549062,594,536213,12614,594171,179,20174,12830,616679,0,9,28611,32936.86,12886337,12271983,0
2021-11-07,7222,6191558,2288,5551350,577,536790,7124,601295,99,20273,7238,623917,0,9,17325,33602.14,12903662,12282085,0
2021-11-08,15020,6206578,5677,5557027,862,537652,19542,620837,289,20562,19898,643815,1,10,41458,34390.29,12945120,12303711,0
2021-11-09,16099,6222677,5385,5562412,658,538310,20566,641403,285,20847,20933,664748,0,10,43075,35494.43,12988195,12325935,0
2021-11-10,16864,6239541,5321,5567733,682,538992,22724,664127,294,21141,23088,687836,0,10,45955,36978.29,13034150,12348872,0
2021-11-11,12492,6252033,5184,5572917,760,539752,22165,686292,292,21433,22526,710362,0,10,40962,37203.14,13075112,12367377,0
2021-11-12,16990,6269023,5686,5578603,705,540457,23486,709778,361,21794,23924,734286,1,11,47306,37813.14,13122418,12390835,0
2021-11-13,9917,6278940,3661,5582264,464,540921,13368,723146,184,21978,13595,747881,0,11,27637,37674,13150055,12404920,0
2021-11-14,5979,6284919,2284,5584548,324,541245,7958,731104,82,22060,8061,755942,0,11,16648,37577.29,13166703,12413528,0
2021-11-15,13167,6298086,5976,5590524,688,541933,25184,756288,369,22429,25632,781574,0,11,45463,38149.43,13212166,12433438,0
2021-11-16,9879,6307965,5778,5596302,653,542586,30736,787024,446,22875,31259,812833,0,11,47571,38791.71,13259737,12449827,0
2021-11-17,10208,6318173,6666,5602968,680,543266,31521,818545,427,23302,32038,844871,0,11,49592,39311.29,13309329,12467471,0
2021-11-18,10638,6328811,6522,5609490,854,544120,33114,851659,464,23766,33675,878546,0,11,51689,40843.71,13361018,12485582,0
2021-11-19,11902,6340713,6548,5616038,707,544827,36365,888024,474,24240,36930,915476,0,11,56087,42098.14,13417105,12504830,0
2021-11-20,9278,6349991,3413,5619451,512,545339,22583,910607,261,24501,22896,938372,0,11,36099,43307,13453204,12518085,0
2021-11-21,4892,6354883,1887,5621338,288,545627,13252,923859,156,24657,13433,951805,1,12,20501,43857.43,13473705,12525177,0
2021-11-22,10320,6365203,5782,5627120,748,546375,36033,959892,450,25107,36575,988380,0,12,53425,44994.86,13527130,12542119,0
2021-11-23,9682,6374885,4778,5631898,632,547007,33619,993511,389,25496,34080,1022460,0,12,49173,45223.71,13576303,12557284,0
2021-11-24,8614,6383499,4748,5636646,648,547655,26005,1019516,290,25786,26366,1048826,1,13,40377,43907.29,13616680,12571365,0
2021-11-25,447,6383946,329,5636975,80,547735,1004,1020520,9,25795,1013,1049839,0,13,1869,36790.14,13618549,12572221,0
2021-11-26,7993,6391939,7005,5643980,528,548263,26654,1047174,309,26104,27020,1076859,0,13,42546,34855.71,13661095,12587804,0
2021-11-27,6635,6398574,6861,5650841,370,548633,18897,1066071,229,26333,19164,1096023,0,13,33031,34417.43,13694126,12601709,0
2021-11-28,4030,6402604,5790,5656631,279,548912,11946,1078017,122,26455,12088,1108111,0,13,22187,34658.29,13716313,12611828,0
2021-11-29,9000,6411604,11016,5667647,684,549596,35160,1113177,457,26912,35696,1143807,1,14,56397,35082.86,13772710,12632607,0
2021-11-30,10398,6422002,11446,5679093,510,550106,37892,1151069,503,27415,38508,1182315,0,14,60862,36752.71,13833572,12655074,0
2021-12-01,11059,6433061,10985,5690078,724,550830,40493,1191562,443,27858,41035,1223350,0,14,63805,40099.57,13897377,12677943,0
2021-12-02,11522,6444583,11052,5701130,625,551455,42333,1233895,470,28328,42901,1266251,0,14,66100,49275.43,13963477,12701240,0
2021-12-03,13350,6457933,12910,5714040,664,552119,48119,1282014,542,28870,48764,1315015,1,15,75689,54010.14,14039166,12728267,0
2021-12-04,9747,6467680,11321,5725361,564,552683,30771,1312785,312,29182,31137,1346152,0,15,52769,56829.86,14091935,12749953,0
2021-12-05,5694,6473374,5704,5731065,270,552953,16714,1329499,131,29313,16881,1363033,0,15,28549,57738.71,14120484,12761657,0
2021-12-06,12212,6485586,9990,5741055,599,553552,43388,1372887,466,29779,43946,1406979,0,15,66748,59217.43,14187232,12784551,0
2021-12-07,12479,6498065,9261,5750316,623,554175,43199,1416086,522,30301,43809,1450788,0,15,66172,59976,14253404,12807002,0
2021-12-08,13432,6511497,8779,5759095,555,554730,40929,1457015,493,30794,41504,1492292,0,15,64270,60042.43,14317674,12829850,0
2021-12-09,13371,6524868,8754,5767849,551,555281,40974,1497989,501,31295,41573,1533865,0,15,64250,59778.14,14381924,12852625,0
2021-12-10,13930,6538798,10162,5778011,666,555947,43819,1541808,541,31836,44448,1578313,0,15,69206,58852,14451130,12877471,0
2021-12-11,10199,6548997,8157,5786168,405,556352,26775,1568583,290,32126,27115,1605428,0,15,45877,57867.43,14497007,12896283,0
2021-12-12,5972,6554969,3858,5790026,287,556639,15208,1583791,137,32263,15369,1620797,0,15,25486,57429.86,14522493,12906424,0
2021-12-13,12104,6567073,7434,5797460,655,557294,38038,1621829,408,32671,38531,1659328,0,15,58724,56283.57,14581217,12926702,0
2021-12-14,12138,6579211,6949,5804409,730,558024,38290,1660119,448,33119,38807,1698135,0,15,58625,55205.43,14639842,12946589,0
2021-12-15,11988,6591199,6245,5810654,755,558779,38284,1698403,497,33616,38862,1736997,0,15,57851,54288.43,14697693,12965659,0
2021-12-16,13067,6604266,4266,5814920,737,559516,41256,1739659,468,34084,41798,1778795,0,15,59868,53662.43,14757561,12983803,0
2021-12-17,15829,6620095,6945,5821865,617,560133,46952,1786611,485,34569,47535,1826330,0,15,70926,53908.14,14828487,13007292,0
2021-12-18,12941,6633036,5735,5827600,432,560565,30707,1817318,279,34848,31043,1857373,1,16,50151,54518.71,14878638,13026456,0
2021-12-19,6960,6639996,2995,5830595,326,560891,18059,1835377,179,35027,18269,1875642,0,16,28550,54956.43,14907188,13036768,0
2021-12-20,16713,6656709,5856,5836451,745,561636,47647,1883024,587,35614,48315,1923957,0,16,71629,56800,14978817,13060163,0
2021-12-21,17836,6674545,6575,5843026,806,562442,49080,1932104,604,36218,49763,1973720,0,16,74981,59136.57,15053798,13085460,0
2021-12-22,18473,6693018,6557,5849583,938,563380,49842,1981946,545,36763,50466,2024186,1,17,76435,61791.43,15130233,13111507,0
2021-12-23,18933,6711951,6486,5856069,930,564310,46009,2027955,539,37302,46614,2070800,0,17,72963,63662.14,15203196,13137922,0
2021-12-24,9180,6721131,2958,5859027,598,564908,20657,2048612,214,37516,20905,2091705,0,17,33641,58335.71,15236837,13150692,0
2021-12-25,342,6721473,63,5859090,31,564939,427,2049039,8,37524,436,2092141,0,17,872,51295.86,15237709,13151129,0
2021-12-26,7914,6729387,3933,5863023,341,565280,17319,2066358,178,37702,17528,2109669,0,17,29716,51462.43,15267425,13163348,0
2021-12-27,21691,6751078,9213,5872236,934,566214,43565,2109923,570,38272,44209,2153878,0,17,76047,52093.57,15343472,13195260,0
2021-12-28,20048,6771126,8342,5880578,700,566914,47713,2157636,627,38899,48429,2202307,0,17,77519,52456.14,15420991,13224439,0
2021-12-29,18415,6789541,7673,5888251,606,567520,45692,2203328,496,39395,46263,2248570,0,17,72957,51959.29,15493948,13251208,0
2021-12-30,16809,6806350,7444,5895695,588,568108,44941,2248269,598,39993,45627,2294197,0,17,70469,51603,15564417,13276138,0
2021-12-31,5337,6811687,2820,5898515,193,568301,14799,2263068,188,40181,15009,2309206,0,17,23359,50134.14,15587776,13284510,0
2022-01-01,244,6811931,149,5898664,12,568313,503,2263571,37,40218,544,2309750,0,17,949,50145.14,15588725,13284919,0
2022-01-02,6403,6818334,5020,5903684,153,568466,11009,2274580,111,40329,11136,2320886,0,17,22712,49144.57,15611437,13296511,0
2022-01-03,14077,6832411,8527,5912211,515,568981,27030,2301610,349,40678,27424,2348310,2,19,50545,45501.43,15661982,13319675,0
2022-01-04,12769,6845180,8130,5920341,414,569395,27318,2328928,371,41049,27748,2376058,12,31,49070,41437.29,15711052,13341044,0
2022-01-05,11283,6856463,7033,5927374,386,569781,26038,2354966,316,41365,26397,2402455,0,31,45100,37457.71,15756152,13359790,0
2022-01-06,11307,6867770,7401,5934775,485,570266,27670,2382636,359,41724,28081,2430536,2,33,47275,34144.29,15803427,13379034,0
2022-01-07,10115,6877885,8459,5943234,339,570605,25245,2407881,330,42054,25609,2456145,0,33,44523,37167.71,15847950,13397982,0
2022-01-08,7642,6885527,8606,5951840,311,570916,19645,2427526,192,42246,19854,2475999,0,33,36414,42234.14,15884364,13414559,0
2022-01-09,4104,6889631,3844,5955684,214,571130,10082,2437608,98,42344,10191,2486190,1,34,18356,41611.86,15902720,13422734,0
2022-01-10,10136,6899767,8202,5963886,490,571620,24649,2462257,309,42653,25009,2511199,1,35,43837,40653.57,15946557,13441612,0
2022-01-11,8834,6908601,7989,5971875,522,572142,21083,2483340,297,42950,21424,2532623,0,35,38773,39182.57,15985330,13459005,0
2022-01-12,8887,6917488,8333,5980208,427,572569,22408,2505748,294,43244,22737,2555360,1,36,40386,38509.14,16025716,13476688,0
2022-01-13,8989,6926477,8869,5989077,451,573020,22957,2528705,338,43582,23333,2578693,1,37,41645,37704.86,16067361,13495037,0
2022-01-14,10057,6936534,8126,5997203,474,573494,26489,2555194,342,43924,26874,2605567,0,37,45531,37848.86,16112892,13513737,0
2022-01-15,6185,6942719,4319,6001522,180,573674,15172,2570366,185,44109,15380,2620947,0,37,26064,36370.29,16138956,13524444,0
2022-01-16,2891,6945610,3249,6004771,95,573769,7843,2578209,88,44197,7941,2628888,0,37,14177,35773.29,16153133,13530690,0
2022-01-17,6037,6951647,6758,6011529,363,574132,14725,2592934,224,44421,14967,2643855,0,37,28125,33528.71,16181258,13543866,0
2022-01-18,8115,6959762,10326,6021855,393,574525,19713,2612647,327,44748,20071,2663926,0,37,38905,33547.57,16220163,13562731,0
2022-01-19,7408,6967170,9261,6031116,303,574828,17761,2630408,285,45033,18078,2682004,1,38,35051,32785.43,16255214,13579735,0
2022-01-20,6226,6973396,8564,6039680,305,575133,15301,2645709,257,45290,15585,2697589,0,38,30681,31219.14,16285895,13594858,0
2022-01-21,7515,6980911,7522,6047202,276,575409,18551,2664260,293,45583,18869,2716458,1,39,34182,29597.86,16320077,13610195,0
2022-01-22,5173,6986084,4953,6052155,132,575541,11345,2675605,131,45714,11501,2727959,0,39,21759,28982.86,16341836,13620478,0
2022-01-23,2782,6988866,3335,6055490,97,575638,6249,2681854,79,45793,6336,2734295,0,39,12550,28750.43,16354386,13626700,0
2022-01-24,6324,6995190,8215,6063705,262,575900,15101,2696955,252,46045,15380,2749675,0,39,30182,29044.29,16384568,13641529,0
2022-01-25,6142,7001332,7957,6071662,230,576130,14742,2711697,292,46337,15068,2764743,0,39,29397,27686,16413965,13655892,0
2022-01-26,5711,7007043,7190,6078852,288,576418,14041,2725738,226,46563,14295,2779038,0,39,27484,26605,16441449,13669109,0
2022-01-27,5213,7012256,7098,6085950,320,576738,14120,2739858,239,46802,14398,2793436,0,39,27029,26083.29,16468478,13681779,0
2022-01-28,6211,7018467,7887,6093837,205,576943,16162,2756020,243,47045,16428,2809864,1,40,30732,25590.43,16499210,13696105,0
2022-01-29,834,7019301,729,6094566,28,576971,2544,2758564,40,47085,2587,2812451,0,40,4178,23078.86,16503388,13697699,0
2022-01-30,2073,7021374,3025,6097591,103,577074,4554,2763118,65,47150,4623,2817074,0,40,9824,22689.43,16513212,13702904,0
2022-01-31,4975,7026349,6595,6104186,219,577293,11414,2774532,204,47354,11633,2828707,0,40,23422,21723.71,16536634,13714708,0
2022-02-01,4796,7031145,6458,6110644,220,577513,10740,2785272,222,47576,10980,2839687,1,41,22455,20732,16559089,13726200,0
2022-02-02,4247,7035392,5936,6116580,212,577725,11261,2796533,243,47819,11522,2851209,0,41,21917,19936.71,16581006,13736613,0
2022-02-03,4201,7039593,5817,6122397,216,577941,11237,2807770,208,48027,11471,2862680,1,42,21706,19176.29,16602712,13746873,0
2022-02-04,4731,7044324,7121,6129518,214,578155,13249,2821019,241,48268,13515,2876195,0,42,25581,18440.43,16628293,13758964,0
2022-02-05,3557,7047881,6080,6135598,110,578265,8606,2829625,158,48426,8779,2884974,0,42,18526,20490.14,16646819,13768726,0
2022-02-06,2050,7049931,2138,6137736,120,578385,4649,2834274,105,48531,4758,2889732,0,42,9067,20382,16655886,13773039,0
2022-02-07,4120,7054051,4750,6142486,205,578590,10151,2844425,238,48769,10414,2900146,0,42,19489,19820.14,16675375,13782139,0
2022-02-08,4185,7058236,5608,6148094,214,578804,11351,2855776,315,49084,11692,2911838,0,42,21699,19712.14,16697074,13792172,0
2022-02-09,4108,7062344,5405,6153499,221,579025,11682,2867458,260,49344,11966,2923804,0,42,21700,19681.14,16718774,13801930,0
2022-02-10,3963,7066307,5129,6158628,243,579268,12214,2879672,292,49636,12536,2936340,0,42,21871,19704.71,16740645,13811295,0
2022-02-11,4492,7070799,5813,6164441,195,579463,13754,2893426,327,49963,14113,2950453,0,42,24613,19566.43,16765258,13821827,0
2022-02-12,3240,7074039,4353,6168794,97,579560,8822,2902248,220,50183,9053,2959506,0,42,16743,19311.71,16782001,13829528,0
2022-02-13,1510,7075549,1544,6170338,41,579601,4888,2907136,113,50296,5006,2964512,0,42,8101,19173.71,16790102,13832628,0
2022-02-14,2960,7078509,3630,6173968,167,579768,10592,2917728,330,50626,10949,2975461,1,43,17707,18919.14,16807809,13839412,0
2022-02-15,3518,7082027,4077,6178045,174,579942,12807,2930535,291,50917,13114,2988575,0,43,20883,18802.57,16828692,13847197,0
2022-02-16,3616,7085643,3910,6181955,199,580141,15769,2946304,298,51215,16102,3004677,0,43,23827,19106.43,16852519,13854957,0
2022-02-17,3988,7089631,4083,6186038,162,580303,18370,2964674,373,51588,18773,3023450,0,43,27006,19840,16879525,13863220,0
2022-02-18,4426,7094057,4791,6190829,190,580493,21568,2986242,465,52053,22056,3045506,1,44,31464,20818.71,16910989,13872650,0
2022-02-19,3235,7097292,2186,6193015,65,580558,11203,2997445,219,52272,11433,3056939,0,44,16919,20843.86,16927908,13878147,0
2022-02-20,1844,7099136,1446,6194461,59,580617,6599,3004044,114,52386,6720,3063659,0,44,10069,21125,16937977,13881503,0
2022-02-21,3073,7102209,2697,6197158,94,580711,8366,3012410,236,52622,8615,3072274,0,44,14479,20663.86,16952456,13887380,0
2022-02-22,4360,7106569,4264,6201422,174,580885,10850,3023260,259,52881,11126,3083400,0,44,19924,20526.86,16972380,13896195,0
2022-02-23,4231,7110800,3793,6205215,145,581030,10693,3033953,243,53124,10953,3094353,1,45,19123,19854.86,16991503,13904381,0
2022-02-24,3781,7114581,3662,6208877,108,581138,10203,3044156,241,53365,10462,3104815,1,46,18014,18570.29,17009517,13911950,0
2022-02-25,3589,7118170,3635,6212512,135,581273,9998,3054154,246,53611,10257,3115072,0,46,17616,16592,17027133,13919322,0
2022-02-26,2817,7120987,2591,6215103,74,581347,9527,3063681,161,53772,9696,3124768,0,46,15178,16343.29,17042311,13924812,0
2022-02-27,1763,7122750,1373,6216476,52,581399,6273,3069954,103,53875,6383,3131151,0,46,9571,16272.14,17051882,13928007,0
2022-02-28,3768,7126518,3139,6219615,140,581539,13155,3083109,257,54132,13436,3144587,0,46,20483,17129.86,17072365,13935078,0
2022-03-01,2117,7128635,2631,6222246,102,581641,5193,3088302,187,54319,5387,3149974,0,46,10237,15746,17082602,13939935,0
2022-03-02,1822,7130457,2450,6224696,107,581748,4148,3092450,211,54530,4370,3154344,0,46,8749,14264,17091351,13944325,0
2022-03-03,1929,7132386,2564,6227260,106,581854,3806,3096256,171,54701,3991,3158335,0,46,8590,12917.71,17099941,13948938,0
2022-03-04,2114,7134500,2883,6230143,66,581920,4335,3100591,212,54913,4559,3162894,0,46,9622,11775.71,17109563,13954013,0
2022-03-05,1609,7136109,2128,6232271,43,581963,3319,3103910,119,55032,3441,3166335,0,46,7221,10639,17116784,13957796,0
2022-03-06,793,7136902,881,6233152,30,581993,1627,3105537,55,55087,1685,3168020,0,46,3389,9755.86,17120173,13959503,0
2022-03-07,1659,7138561,1788,6234940,87,582080,3506,3109043,163,55250,3683,3171703,0,46,7217,7860.71,17127390,13963051,0
2022-03-08,1541,7140102,1898,6236838,80,582160,3132,3112175,154,55404,3298,3175001,0,46,6817,7372.14,17134207,13966582,0
2022-03-09,1260,7141362,1685,6238523,80,582240,2596,3114771,129,55533,2730,3177731,0,46,5755,6944.43,17139962,13969612,0
2022-03-10,1408,7142770,2098,6240621,85,582325,2973,3117744,165,55698,3147,3180878,0,46,6738,6679.86,17146700,13973212,0
2022-03-11,1595,7144365,2278,6242899,81,582406,3217,3120961,190,55888,3425,3184303,0,46,7379,6359.43,17154079,13977184,0
2022-03-12,876,7145241,1419,6244318,42,582448,2011,3122972,74,55962,2089,3186392,0,46,4426,5960.14,17158505,13979525,0
2022-03-13,624,7145865,757,6245075,28,582476,1291,3124263,49,56011,1343,3187735,0,46,2752,5869.14,17161257,13980937,0
2022-03-14,1359,7147224,1616,6246691,84,582560,3001,3127264,209,56220,3231,3190966,0,46,6290,5736.71,17167547,13984017,0
2022-03-15,1354,7148578,1925,6248616,63,582623,3072,3130336,236,56456,3316,3194282,0,46,6658,5714,17174205,13987367,0
2022-03-16,1395,7149973,2060,6250676,94,582717,3150,3133486,296,56752,3462,3197744,0,46,7011,5893.43,17181216,13990932,0
2022-03-17,1191,7151164,1808,6252484,70,582787,2766,3136252,268,57020,3048,3200792,0,46,6117,5804.71,17187333,13994015,0
2022-03-18,1577,7152741,2222,6254706,79,582866,3781,3140033,421,57441,4208,3205000,1,47,8087,5905.86,17195420,13997899,0
2022-03-19,1103,7153844,1735,6256441,54,582920,2607,3142640,230,57671,2842,3207842,0,47,5734,6092.71,17201154,14000796,0
2022-03-20,604,7154448,630,6257071,33,582953,1470,3144110,186,57857,1660,3209502,0,47,2927,6117.71,17204081,14002067,0
2022-03-21,1412,7155860,1560,6258631,73,583026,3062,3147172,361,58218,3445,3212947,1,48,6491,6146.43,17210572,14005134,0
2022-03-22,1340,7157200,1553,6260184,101,583127,2908,3150080,350,58568,3268,3216215,0,48,6262,6089.86,17216834,14008138,0
2022-03-23,1256,7158456,1361,6261545,66,583193,2923,3153003,375,58943,3308,3219523,0,48,5991,5944.14,17222825,14010831,0
2022-03-24,1207,7159663,1300,6262845,90,583283,2521,3155524,274,59217,2805,3222328,0,48,5402,5842,17228227,14013438,0
2022-03-25,1379,7161042,1636,6264481,62,583345,3269,3158793,386,59603,3668,3225996,0,48,6745,5650.29,17234972,14016528,0
2022-03-26,921,7161963,1169,6265650,36,583381,2311,3161104,254,59857,2573,3228569,0,48,4699,5502.43,17239671,14018662,0
2022-03-27,574,7162537,528,6266178,29,583410,1314,3162418,203,60060,1519,3230088,0,48,2650,5462.86,17242321,14019795,0
2022-03-28,1071,7163608,1170,6267348,69,583479,2445,3164863,366,60426,2829,3232917,0,48,5139,5269.71,17247460,14022123,0
2022-03-29,1044,7164652,1107,6268455,84,583563,2517,3167380,885,61311,3423,3236340,1,49,5658,5183.43,17253118,14024378,0
2022-03-30,1236,7165888,1138,6269593,99,583662,3066,3170446,3411,64722,6567,3242907,0,49,9040,5619,17262158,14026941,0
2022-03-31,1275,7167163,1250,6270843,58,583720,3163,3173609,5533,70255,8834,3251741,0,49,11418,6478.43,17273576,14029663,0
2022-04-01,1422,7168585,1487,6272330,77,583797,3245,3176854,6924,77179,10326,3262067,0,49,13312,7416.57,17286888,14032806,0
2022-04-02,906,7169491,910,6273240,33,583830,2085,3178939,4540,81719,6722,3268789,0,49,8571,7969.71,17295459,14034752,0
2022-04-03,553,7170044,492,6273732,28,583858,1220,3180159,3060,84779,4343,3273132,0,49,5416,8364.86,17300875,14035888,0
2022-04-04,1346,7171390,1301,6275033,62,583920,2720,3182879,7722,92501,10598,3283730,0,49,13307,9531.71,17314182,14038753,0
2022-04-05,1290,7172680,1155,6276188,66,583986,2844,3185723,7503,100004,10522,3294252,0,49,13033,10585.29,17327215,14041439,0
2022-04-06,1328,7174008,1175,6277363,61,584047,2627,3188350,6961,106965,9750,3304002,0,49,12314,11053,17339529,14044165,0
2022-04-07,1200,7175208,1062,6278425,57,584104,2378,3190728,6629,113594,9153,3313155,1,50,11473,11060.86,17351002,14046630,0
2022-04-08,1472,7176680,1411,6279836,61,584165,3168,3193896,8794,122388,12158,3325313,0,50,15102,11316.57,17366104,14049770,0
2022-04-09,907,7177587,925,6280761,29,584194,2083,3195979,4959,127347,7127,3332440,0,50,8988,11376.14,17375092,14051716,0
2022-04-10,574,7178161,459,6281220,25,584219,1168,3197147,2903,130250,4133,3336573,0,50,5191,11344,17380283,14052836,0
2022-04-11,1305,7179466,1225,6282445,61,584280,2653,3199800,7842,138092,10651,3347224,0,50,13242,11334.71,17393525,14055583,0
2022-04-12,1212,7180678,1055,6283500,73,584353,2521,3202321,7447,145539,10141,3357365,0,50,12481,11255.86,17406006,14058096,0
2022-04-13,1228,7181906,1075,6284575,60,584413,2512,3204833,7551,153090,10213,3367578,0,50,12576,11293.29,17418582,14060609,0
2022-04-14,1261,7183167,1096,6285671,58,584471,2442,3207275,6595,159685,9166,3376744,1,51,11582,11308.86,17430164,14063153,0
2022-04-15,1331,7184498,1094,6286765,53,584524,2555,3209830,6635,166320,9321,3386065,0,51,11799,10837,17441963,14065762,0
2022-04-16,853,7185351,651,6287416,34,584558,1642,3211472,3694,170014,5402,3391467,0,51,6940,10544.43,17448903,14067366,0
2022-04-17,345,7185696,201,6287617,27,584585,637,3212109,1159,171173,1819,3393286,0,51,2392,10144.57,17451295,14067962,0
2022-04-18,1378,7187074,1111,6288728,82,584667,2583,3214692,6417,177590,9142,3402428,0,51,11713,9926.14,17463008,14070675,0
2022-04-19,1409,7188483,934,6289662,71,584738,2576,3217268,5763,183353,8441,3410869,0,51,10855,9693.86,17473863,14073191,0
2022-04-20,1297,7189780,1150,6290812,65,584803,2714,3219982,6647,190000,9504,3420373,0,51,12016,9613.86,17485879,14075846,0
2022-04-21,1224,7191004,1062,6291874,53,584856,2339,3222321,5402,195402,7859,3428232,1,52,10199,9416.29,17496078,14078303,0
2022-04-22,1232,7192236,1038,6292912,46,584902,2240,3224561,5784,201186,8138,3436370,0,52,10454,9224.14,17506532,14080733,0
2022-04-23,711,7192947,751,6293663,59,584961,1428,3225989,3353,204539,4847,3441217,0,52,6368,9142.43,17512900,14082320,0
2022-04-24,445,7193392,343,6294006,27,584988,812,3226801,1845,206384,2690,3443907,0,52,3505,9301.43,17516405,14083168,0
2022-04-25,1037,7194429,917,6294923,64,585052,1850,3228651,5094,211478,7058,3450965,0,52,9076,8924.71,17525481,14085300,0
2022-04-26,948,7195377,856,6295779,76,585128,1748,3230399,4697,216175,6540,3457505,0,52,8420,8576.86,17533901,14087275,0
2022-04-27,1034,7196411,1021,6296800,80,585208,1924,3232323,5219,221394,7264,3464769,0,52,9399,8203,17543300,14089531,0
2022-04-28,1080,7197491,988,6297788,50,585258,2007,3234330,4745,226139,6866,3471635,0,52,8985,8029.57,17552285,14091764,0
2022-04-29,1173,7198664,1101,6298889,60,585318,2157,3236487,5439,231578,7711,3479346,0,52,10045,7971.14,17562330,14094213,0
2022-04-30,724,7199388,744,6299633,50,585368,1391,3237878,2966,234544,4404,3483750,0,52,5922,7907.43,17568252,14095778,0
2022-05-01,445,7199833,366,6299999,20,585388,765,3238643,1657,236201,2454,3486204,0,52,3285,7876,17571537,14096641,0
2022-05-02,1045,7200878,790,6300789,52,585440,1675,3240318,3823,240024,5568,3491772,2,54,7456,7644.57,17578993,14098597,0
2022-05-03,1118,7201996,863,6301652,61,585501,1993,3242311,4873,244897,6964,3498736,0,54,9006,7728.29,17587999,14100737,0
2022-05-04,1003,7202999,881,6302533,48,585549,1926,3244237,4682,249579,6698,3505434,0,54,8630,7618.43,17596629,14102759,0
2022-05-05,1072,7204071,952,6303485,86,585635,1928,3246165,4886,254465,6914,3512348,0,54,9024,7624,17605653,14104969,0
2022-05-06,1095,7205166,957,6304442,51,585686,1858,3248023,4403,258868,6339,3518687,2,56,8442,7395,17614095,14107148,0
2022-05-07,659,7205825,590,6305032,32,585718,1205,3249228,2435,261303,3680,3522367,1,57,4961,7257.71,17619056,14108468,0
2022-05-08,411,7206236,243,6305275,17,585735,664,3249892,1389,262692,2075,3524442,0,57,2746,7180.71,17621802,14109161,0
2022-05-09,1077,7207313,943,6306218,60,585795,1891,3251783,4439,267131,6423,3530865,0,57,8503,7330.29,17630305,14111334,0
2022-05-10,1095,7208408,928,6307146,54,585849,1978,3253761,4722,271853,6808,3537673,0,57,8885,7313,17639190,14113519,0
2022-05-11,1083,7209491,972,6308118,44,585893,1941,3255702,4845,276698,6888,3544561,0,57,8987,7364,17648177,14115720,0
2022-05-12,1098,7210589,948,6309066,60,585953,2002,3257704,4667,281365,6770,3551331,0,57,8876,7342.86,17657053,14117927,0
2022-05-13,1152,7211741,1039,6310105,44,585997,2074,3259778,4811,286176,6978,3558309,0,57,9213,7453,17666266,14120255,0
2022-05-14,827,7212568,671,6310776,31,586028,1469,3261247,2963,289139,4474,3562783,0,57,6003,7601.86,17672269,14121826,0
2022-05-15,508,7213076,355,6311131,22,586050,924,3262171,1650,290789,2600,3565383,0,57,3485,7707.43,17675754,14122737,0
2022-05-16,1224,7214300,854,6311985,62,586112,1832,3264003,3870,294659,5765,3571148,1,58,7906,7622.14,17683660,14124940,0
2022-05-17,1284,7215584,933,6312918,79,586191,2047,3266050,4898,299557,7040,3578188,1,59,9337,7686.71,17692997,14127331,0
2022-05-18,1236,7216820,899,6313817,82,586273,2062,3268112,4945,304502,7121,3585309,1,60,9339,7737,17702336,14129662,0
2022-05-19,1157,7217977,881,6314698,36,586309,2118,3270230,4732,309234,6936,3592245,0,60,9010,7756.14,17711346,14131822,0
2022-05-20,1197,7219174,961,6315659,73,586382,2370,3272600,5211,314445,7692,3599937,1,61,9926,7858,17721272,14134166,0
2022-05-21,831,7220005,647,6316306,23,586405,1727,3274327,3310,317755,5098,3605035,0,61,6599,7943.14,17727871,14135728,0
2022-05-22,506,7220511,292,6316598,22,586427,1136,3275463,1841,319596,3010,3608045,0,61,3830,7992.43,17731701,14136581,0
2022-05-23,1217,7221728,884,6317482,52,586479,2190,3277653,4712,324308,7003,3615048,1,62,9157,8171.14,17740858,14138835,0
2022-05-24,1404,7223132,934,6318416,66,586545,2305,3279958,4495,328803,6904,3621952,0,62,9309,8167.14,17750167,14141344,0
2022-05-25,1410,7224542,956,6319372,56,586601,2265,3282223,4276,333079,6641,3628593,0,62,9064,8127.86,17759231,14143867,0
2022-05-26,1168,7225710,890,6320262,60,586661,2274,3284497,4155,337234,6497,3635090,1,63,8617,8071.71,17767848,14146054,0
2022-05-27,1244,7226954,956,6321218,38,586699,2495,3286992,3927,341161,6499,3641589,0,63,8738,7902,17776586,14148370,0
2022-05-28,710,7227664,517,6321735,19,586718,1786,3288778,2065,343226,3891,3645480,0,63,5137,7693.14,17781723,14149656,0
2022-05-29,472,7228136,216,6321951,11,586729,760,3289538,1126,344352,1906,3647386,0,63,2605,7518.14,17784328,14150375,0
2022-05-30,91,7228227,62,6322013,6,586735,139,3289677,144,344496,285,3647671,1,64,445,6273.57,17784773,14150536,0
2022-05-31,1135,7229362,918,6322931,51,586786,1901,3291578,3054,347550,5016,3652687,0,64,7120,5960.86,17791893,14152701,0
2022-06-01,1152,7230514,850,6323781,63,586849,1973,3293551,3429,350979,5478,3658165,0,64,7543,5743.57,17799436,14154842,0
2022-06-02,1027,7231541,798,6324579,72,586921,1828,3295379,3177,354156,5067,3663232,0,64,6964,5507.43,17806400,14156801,0
2022-06-03,1156,7232697,894,6325473,47,586968,2070,3297449,3496,357652,5635,3668867,0,64,7732,5363.71,17814132,14158967,0
2022-06-04,722,7233419,584,6326057,26,586994,1559,3299008,1907,359559,3502,3672369,0,64,4836,5320.71,17818968,14160337,0
2022-06-05,448,7233867,297,6326354,1,586995,880,3299888,981,360540,1870,3674239,0,64,2616,5322.29,17821584,14161092,0
2022-06-06,1123,7234990,827,6327181,64,587059,1757,3301645,2747,363287,4554,3678793,0,64,6568,6197,17828152,14163156,0
2022-06-07,1017,7236007,772,6327953,70,587129,1797,3303442,2570,365857,4414,3683207,0,64,6274,6076.14,17834426,14165063,0
2022-06-08,1091,7237098,835,6328788,75,587204,1877,3305319,2754,368611,4693,3687900,1,65,6694,5954.86,17841120,14167125,0
2022-06-09,1138,7238236,839,6329627,62,587266,2230,3307549,2693,371304,4975,3692875,0,65,7014,5962,17848134,14169216,0
2022-06-10,1045,7239281,816,6330443,75,587341,1882,3309431,2832,374136,4772,3697647,0,65,6708,5815.71,17854842,14171210,0
2022-06-11,678,7239959,507,6330950,25,587366,1332,3310763,1506,375642,2865,3700512,0,65,4075,5707,17858917,14172447,0
2022-06-12,350,7240309,287,6331237,21,587387,877,3311640,774,376416,1661,3702173,0,65,2319,5664.57,17861236,14173115,0
2022-06-13,1028,7241337,768,6332005,62,587449,1581,3313221,2189,378605,3810,3705983,0,65,5669,5536.14,17866905,14175014,0
2022-06-14,973,7242310,833,6332838,64,587513,1693,3314914,2505,381110,4260,3710243,0,65,6130,5515.57,17873035,14176946,0
2022-06-15,968,7243278,865,6333703,39,587552,1666,3316580,2428,383538,4153,3714396,0,65,6025,5420,17879060,14178877,0
2022-06-16,961,7244239,775,6334478,59,587611,1835,3318415,2367,385905,4256,3718652,1,66,6051,5282.43,17885111,14180725,0
2022-06-17,899,7245138,797,6335275,48,587659,1772,3320187,2405,388310,4222,3722874,1,67,5968,5176.71,17891079,14182515,0
2022-06-18,659,7245797,522,6335797,26,587685,1284,3321471,1296,389606,2610,3725484,2,69,3817,5139.86,17894896,14183750,0
2022-06-19,346,7246143,231,6336028,16,587701,728,3322199,611,390217,1351,3726835,0,69,1944,5086.29,17896840,14184355,0
2022-06-20,831,7246974,487,6336515,41,587742,1580,3323779,1612,391829,3231,3730066,0,69,4590,4932.14,17901430,14185753,0
2022-06-21,1130,7248104,740,6337255,49,587791,1703,3325482,2143,393972,3902,3733968,0,69,5822,4888.14,17907252,14187729,0
2022-06-22,1958,7250062,835,6338090,46,587837,1710,3327192,1995,395967,3748,3737716,0,69,6587,4968.43,17913839,14190611,0
2022-06-23,2117,7252179,763,6338853,66,587903,1703,3328895,2158,398125,3913,3741629,0,69,6859,5083.86,17920698,14193609,0
2022-06-24,2169,7254348,761,6339614,48,587951,1626,3330521,2157,400282,3831,3745460,0,69,6809,5204,17927507,14196635,0
2022-06-25,2138,7256486,497,6340111,15,587966,1238,3331759,1142,401424,2396,3747856,0,69,5049,5380,17932556,14199304,0
2022-06-26,1209,7257695,248,6340359,14,587980,687,3332446,531,401955,1224,3749080,0,69,2695,5487.29,17935251,14200781,0
2022-06-27,1532,7259227,655,6341014,60,588040,1473,3333919,1653,403608,3168,3752248,0,69,5416,5605.29,17940667,14203071,0
2022-06-28,1689,7260916,829,6341843,57,588097,1864,3335783,2145,405753,4054,3756302,0,69,6629,5720.57,17947296,14205691,0
2022-06-29,1857,7262773,776,6342619,48,588145,1719,3337502,1927,407680,3686,3759988,0,69,6367,5689.14,17953663,14208412,0
2022-06-30,1867,7264640,807,6343426,46,588191,1735,3339237,2134,409814,3913,3763901,0,69,6633,5656.86,17960296,14211176,0
2022-07-01,1606,7266246,597,6344023,26,588217,1399,3340636,1728,411542,3160,3767061,0,69,5389,5454,17965685,14213438,0
2022-07-02,979,7267225,390,6344413,19,588236,841,3341477,940,412482,1799,3768860,1,70,3187,5188,17968872,14214843,0
2022-07-03,529,7267754,205,6344618,7,588243,461,3341938,486,412968,950,3769810,0,70,1691,5044.57,17970563,14215587,0
2022-07-04,36,7267790,25,6344643,1,588244,31,3341969,38,413006,69,3769879,0,70,131,4289.57,17970694,14215649,0
2022-07-05,1295,7269085,758,6345401,35,588279,1406,3343375,1737,414743,3175,3773054,0,70,5263,4094.43,17975957,14217769,0
2022-07-06,1613,7270698,677,6346078,44,588323,1443,3344818,1844,416587,3329,3776383,0,70,5663,3993.86,17981620,14220145,0
2022-07-07,1592,7272290,713,6346791,48,588371,1527,3346345,2002,418589,3568,3779951,0,70,5921,3892.14,17987541,14222537,0
2022-07-08,1634,7273924,652,6347443,37,588408,1475,3347820,1979,420568,3503,3783454,0,70,5827,3954.71,17993368,14224910,0
2022-07-09,984,7274908,435,6347878,26,588434,884,3348704,1347,421915,2262,3785716,0,70,3707,4029,17997075,14226386,0
2022-07-10,637,7275545,187,6348065,17,588451,430,3349134,659,422574,1099,3786815,0,70,1940,4064.57,17999015,14227237,0
2022-07-11,1395,7276940,636,6348701,49,588500,1445,3350579,2213,424787,3692,3790507,0,70,5772,4870.43,18004787,14229351,0
2022-07-12,1407,7278347,687,6349388,45,588545,1405,3351984,2515,427302,3994,3794501,0,70,6133,4994.71,18010920,14231564,0
2022-07-13,1614,7279961,725,6350113,37,588582,1523,3353507,2841,430143,4429,3798930,0,70,6805,5157.86,18017725,14234005,0
2022-07-14,1588,7281549,842,6350955,47,588629,1605,3355112,3063,433206,4746,3803676,0,70,7224,5344,18024949,14236561,0
2022-07-15,1615,7283164,937,6351892,47,588676,1579,3356691,3056,436262,4695,3808371,0,70,7294,5553.57,18032243,14239220,0
2022-07-16,881,7284045,586,6352478,9,588685,985,3357676,1702,437964,2717,3811088,1,71,4194,5623.14,18036437,14240726,0
2022-07-17,550,7284595,289,6352767,16,588701,527,3358203,1168,439132,1719,3812807,0,71,2574,5713.71,18039011,14241605,0
2022-07-18,1405,7286000,844,6353611,45,588746,1429,3359632,2466,441598,3953,3816760,0,71,6247,5781.57,18045258,14243957,0
2022-07-19,1438,7287438,976,6354587,51,588797,1543,3361175,2804,444402,4439,3821199,0,71,6904,5891.71,18052162,14246514,0
2022-07-20,1383,7288821,1485,6356072,50,588847,1352,3362527,2394,446796,3808,3825007,0,71,6727,5880.57,18058889,14249495,0
2022-07-21,1333,7290154,1436,6357508,50,588897,1398,3363925,2362,449158,3809,3828816,0,71,6628,5795.43,18065517,14252363,0
2022-07-22,1429,7291583,1570,6359078,42,588939,1563,3365488,2856,452014,4502,3833318,0,71,7543,5831,18073060,14255487,0
2022-07-23,907,7292490,1103,6360181,17,588956,998,3366486,1555,453569,2588,3835906,3,74,4618,5891.57,18077678,14257549,0
2022-07-24,483,7292973,642,6360823,14,588970,504,3366990,805,454374,1317,3837223,0,74,2457,5874.86,18080135,14258697,0
2022-07-25,1230,7294203,766,6361589,59,589029,1262,3368252,2064,456438,3380,3840603,0,74,5435,5758.86,18085570,14260806,0
2022-07-26,1234,7295437,1024,6362613,41,589070,1478,3369730,2445,458883,3981,3844584,0,74,6280,5669.71,18091850,14263163,0
2022-07-27,1319,7296756,1279,6363892,42,589112,1395,3371125,2191,461074,3647,3848231,3,77,6291,5607.43,18098141,14265865,0
2022-07-28,1311,7298067,1424,6365316,72,589184,1425,3372550,2217,463291,3692,3851923,1,78,6500,5589.14,18104641,14268722,0
2022-07-29,1319,7299386,1432,6366748,64,589248,1359,3373909,2160,465451,3562,3855485,0,78,6377,5422.57,18111018,14271580,0
2022-07-30,739,7300125,721,6367469,25,589273,794,3374703,961,466412,1776,3857261,0,78,3264,5229.14,18114282,14273089,0
2022-07-31,422,7300547,590,6368059,14,589287,488,3375191,571,466983,1065,3858326,0,78,2091,5176.86,18116373,14274121,0
2022-08-01,1245,7301792,913,6368972,55,589342,1334,3376525,1510,468493,2890,3861216,1,79,5104,5129.57,18121477,14276380,0
2022-08-02,1229,7303021,1016,6369988,73,589415,1349,3377874,1600,470093,2995,3864211,0,79,5313,4991.43,18126790,14278744,0
2022-08-03,1265,7304286,1190,6371178,41,589456,1343,3379217,1531,471624,2914,3867125,1,80,5411,4865.71,18132201,14281280,0
2022-08-04,1191,7305477,1188,6372366,58,589514,1288,3380505,1458,473082,2777,3869902,0,80,5214,4682,18137415,14283748,0
2022-08-05,1317,7306794,1451,6373817,49,589563,1316,3381821,1442,474524,2782,3872684,0,80,5599,4570.86,18143014,14286589,0
2022-08-06,696,7307490,843,6374660,14,589577,766,3382587,777,475301,1568,3874252,0,80,3122,4550.57,18146136,14288168,0
2022-08-07,390,7307880,454,6375114,14,589591,427,3383014,358,475659,796,3875048,0,80,1654,4488.14,18147790,14289037,0
2022-08-08,1194,7309074,933,6376047,70,589661,1278,3384292,1185,476844,2493,3877541,0,80,4690,4429,18152480,14291264,0
2022-08-09,1134,7310208,890,6376937,38,589699,1233,3385525,1163,478007,2428,3879969,1,81,4491,4311.57,18156971,14293358,0
2022-08-10,1222,7311430,1115,6378052,59,589758,1261,3386786,1247,479254,2543,3882512,0,81,4939,4244.14,18161910,14295789,0
2022-08-11,1281,7312711,1070,6379122,84,589842,1212,3387998,1280,480534,2530,3885042,0,81,4965,4208.57,18166875,14298262,0
2022-08-12,1294,7314005,1411,6380533,55,589897,1269,3389267,1248,481782,2550,3887592,0,81,5310,4167.29,18172185,14301055,0
2022-08-13,756,7314761,789,6381322,15,589912,764,3390031,634,482416,1416,3889008,0,81,2976,4146.43,18175161,14302633,0
2022-08-14,469,7315230,477,6381799,20,589932,406,3390437,282,482698,691,3889699,0,81,1657,4146.86,18176818,14303602,0
2022-08-15,1246,7316476,1066,6382865,60,589992,1317,3391754,992,483690,2350,3892049,1,82,4723,4151.57,18181541,14306015,0
2022-08-16,1307,7317783,869,6383734,50,590042,1369,3393123,1079,484769,2480,3894529,0,82,4707,4182.43,18186248,14308274,0
2022-08-17,1213,7318996,960,6384694,39,590081,1236,3394359,1004,485773,2279,3896808,1,83,4492,4118.57,18190740,14310525,0
2022-08-18,1168,7320164,944,6385638,45,590126,1268,3395627,950,486723,2243,3899051,0,83,4400,4037.86,18195140,14312707,0
2022-08-19,1254,7321418,1135,6386773,34,590160,1121,3396748,978,487701,2130,3901181,6,89,4559,3930.57,18199699,14315161,0
2022-08-20,591,7322009,494,6387267,16,590176,635,3397383,515,488216,1163,3902344,1,90,2265,3829,18201964,14316275,0
2022-08-21,358,7322367,243,6387510,9,590185,382,3397765,267,488483,652,3902996,0,90,1262,3772.57,18203226,14316888,0
2022-08-22,1221,7323588,924,6388434,40,590225,1237,3399002,889,489372,2153,3905149,0,90,4338,3717.57,18207564,14319100,0
2022-08-23,1239,7324827,1051,6389485,48,590273,1383,3400385,962,490334,2373,3907522,3,93,4714,3718.57,18212278,14321466,0
2022-08-24,1265,7326092,1016,6390501,29,590302,1296,3401681,821,491155,2143,3909665,0,93,4454,3713.14,18216732,14323803,0
2022-08-25,1220,7327312,995,6391496,66,590368,1192,3402873,813,491968,2021,3911686,4,97,4305,3699.57,18221037,14326099,0
2022-08-26,1188,7328500,1179,6392675,56,590424,1193,3404066,780,492748,1994,3913680,1,98,4417,3679.29,18225454,14328542,0
2022-08-27,695,7329195,542,6393217,14,590438,685,3404751,404,493152,1102,3914782,4,102,2357,3692.43,18227811,14329806,0
2022-08-28,378,7329573,240,6393457,10,590448,442,3405193,228,493380,673,3915455,0,102,1301,3698,18229112,14330437,0
2022-08-29,1255,7330828,982,6394439,41,590489,1229,3406422,689,494069,1939,3917394,0,102,4218,3680.86,18233330,14332737,0
2022-08-30,1268,7332096,941,6395380,36,590525,1273,3407695,766,494835,2070,3919464,2,104,4317,3624.14,18237647,14335013,0
2022-08-31,1154,7333250,1014,6396394,43,590568,1105,3408800,573,495408,1699,3921163,0,104,3911,3546.57,18241558,14337246,0
2022-09-01,1026,7334276,963,6397357,51,590619,810,3409610,456,495864,1280,3922443,5,109,3326,3406.71,18244884,14339301,0
2022-09-02,977,7335253,1020,6398377,32,590651,595,3410205,175,496039,777,3923220,92,201,2883,3187.57,18247767,14341322,0
2022-09-03,532,7335785,450,6398827,12,590663,370,3410575,50,496089,424,3923644,314,515,1683,3091.29,18249450,14342271,0
2022-09-04,252,7336037,212,6399039,10,590673,189,3410764,25,496114,216,3923860,312,827,959,3042.43,18250409,14342704,0
2022-09-05,78,7336115,71,6399110,7,590680,44,3410808,16,496130,61,3923921,9,836,226,2472.14,18250635,14342861,0
2022-09-06,1129,7337244,1228,6400338,51,590731,636,3411444,130,496260,775,3924696,1269,2105,4233,2460.14,18254868,14345059,0
2022-09-07,1475,7338719,1380,6401718,38,590769,484,3411928,156,496416,660,3925356,6446,8551,9119,3204.14,18263987,14347092,0
2022-09-08,1522,7340241,1196,6402914,36,590805,253,3412181,111,496527,380,3925736,7795,16346,9815,4131.14,18273802,14348748,0
2022-09-09,1551,7341792,1611,6404525,49,590854,285,3412466,122,496649,438,3926174,9889,26235,12372,5486.71,18286174,14350824,0
2022-09-10,845,7342637,839,6405364,12,590866,270,3412736,45,496694,328,3926502,5316,31551,6758,6211.71,18292932,14351951,0
2022-09-11,494,7343131,441,6405805,11,590877,86,3412822,30,496724,125,3926627,3942,35493,4530,6721.86,18297462,14352423,0
2022-09-12,1672,7344803,1438,6407243,39,590916,205,3413027,91,496815,330,3926957,11657,47150,13537,8623.43,18310999,14354007,0
2022-09-13,1398,7346201,1272,6408515,33,590949,221,3413248,117,496932,387,3927344,9733,56883,11736,9695.29,18322735,14355672,0
2022-09-14,1408,7347609,1272,6409787,32,590981,225,3413473,125,497057,389,3927733,11027,67910,13075,10260.43,18335810,14357370,0
2022-09-15,1563,7349172,1280,6411067,23,591004,227,3413700,109,497166,371,3928104,12085,79995,14108,10873.71,18349918,14359057,0
2022-09-16,1683,7350855,1631,6412698,27,591031,270,3413970,157,497323,482,3928586,13804,93799,16266,11430,18366184,14361092,0
2022-09-17,800,7351655,868,6413566,12,591043,275,3414245,78,497401,376,3928962,7003,100802,8411,11666.14,18374595,14362147,0
2022-09-18,521,7352176,411,6413977,7,591050,74,3414319,26,497427,113,3929075,4484,105286,4976,11729.86,18379571,14362539,0
2022-09-19,1551,7353727,1325,6415302,29,591079,227,3414546,97,497524,350,3929425,13811,119097,15513,12012.14,18395084,14363917,0
2022-09-20,1441,7355168,1250,6416552,27,591106,221,3414767,90,497614,359,3929784,13214,132311,15014,12480.43,18410098,14365406,0
2022-09-21,1666,7356834,1351,6417903,31,591137,261,3415028,131,497745,426,3930210,14936,147247,16843,13018.71,18426941,14366921,0
2022-09-22,1469,7358303,1261,6419164,28,591165,174,3415202,139,497884,358,3930568,13227,160474,15047,13152.86,18441988,14368428,0
2022-09-23,1736,7360039,1651,6420815,24,591189,252,3415454,145,498029,460,3931028,16946,177420,19249,13579,18461237,14370334,0
2022-09-24,799,7360838,887,6421702,8,591197,272,3415726,68,498097,359,3931387,7504,184924,8853,13642.14,18470090,14371343,0
2022-09-25,485,7361323,394,6422096,1,591198,72,3415798,47,498144,128,3931515,4508,189432,4995,13644.86,18475085,14371711,0
2022-09-26,1571,7362894,1245,6423341,16,591214,290,3416088,144,498288,492,3932007,15013,204445,16713,13816.29,18491798,14372977,0
2022-09-27,1535,7364429,1310,6424651,26,591240,283,3416371,174,498462,493,3932500,14159,218604,16152,13978.86,18507950,14374513,0
2022-09-28,1619,7366048,1299,6425950,18,591258,190,3416561,186,498648,429,3932929,15513,234117,17288,14042.43,18525238,14375912,0
2022-09-29,1679,7367727,1298,6427248,19,591277,179,3416740,96,498744,312,3933241,15374,249491,17222,14353.14,18542460,14377485,0
2022-09-30,1640,7369367,1554,6428802,13,591290,182,3416922,177,498921,405,3933646,16485,265976,18653,14268,18561113,14379294,0
2022-10-01,720,7370087,668,6429470,5,591295,138,3417060,34,498955,181,3933827,7053,273029,7943,14138,18569056,14380012,0
2022-10-02,511,7370598,428,6429898,5,591300,48,3417108,45,499000,107,3933934,4427,277456,4837,14115.43,18573893,14380329,0
2022-10-03,1550,7372148,1191,6431089,23,591323,157,3417265,113,499113,317,3934251,14569,292025,15974,14009.86,18589867,14381464,0
2022-10-04,1382,7373530,1157,6432246,15,591338,149,3417414,121,499234,298,3934549,13401,305426,14795,13816,18604662,14382588,0
2022-10-05,1590,7375120,1285,6433531,17,591355,283,3417697,164,499398,500,3935049,14864,320290,16689,13730.43,18621351,14383966,0
2022-10-06,1488,7376608,1248,6434779,19,591374,166,3417863,161,499559,385,3935434,14955,335245,16618,13644.14,18637969,14385302,0
2022-10-07,1660,7378268,1426,6436205,15,591389,171,3418034,135,499694,368,3935802,17110,352355,19070,13703.71,18657039,14386956,0
2022-10-08,762,7379030,680,6436885,4,591393,146,3418180,62,499756,225,3936027,7712,360067,8640,13803.29,18665679,14387676,0
2022-10-09,490,7379520,410,6437295,5,591398,47,3418227,55,499811,120,3936147,4694,364761,5119,13843.57,18670798,14387999,0
2022-10-10,1547,7381067,1250,6438545,14,591412,174,3418401,120,499931,333,3936480,15206,379967,16509,13920,18687307,14389008,0
2022-10-11,1638,7382705,1102,6439647,19,591431,178,3418579,154,500085,388,3936868,14321,394288,15855,14071.43,18703162,14390210,0
2022-10-12,1864,7384569,1321,6440968,17,591448,134,3418713,186,500271,387,3937255,16281,410569,17883,14242,18721045,14391492,0
2022-10-13,1618,7386187,1151,6442119,28,591476,135,3418848,201,500472,407,3937662,14037,424606,15573,14092.71,18736618,14392692,0
2022-10-14,1816,7388003,1540,6443659,25,591501,130,3418978,181,500653,364,3938026,17210,441816,19194,14110.43,18755812,14394365,0
2022-10-15,767,7388770,639,6444298,9,591510,90,3419068,68,500721,179,3938205,7614,449430,8470,14086.14,18764282,14395063,0
2022-10-16,565,7389335,411,6444709,3,591513,25,3419093,65,500786,121,3938326,4725,454155,5168,14093.14,18769450,14395416,0
2022-10-17,1818,7391153,1250,6445959,18,591531,83,3419176,116,500902,236,3938562,16074,470229,17395,14219.71,18786845,14396538,0
2022-10-18,1688,7392841,1169,6447128,20,591551,100,3419276,135,501037,282,3938844,14638,484867,16010,14241.86,18802855,14397675,0
2022-10-19,2089,7394930,1329,6448457,21,591572,84,3419360,142,501179,289,3939133,16229,501096,17701,14215.86,18820556,14398921,0
2022-10-20,1687,7396617,1167,6449624,11,591583,88,3419448,147,501326,302,3939435,15402,516498,16850,14398.29,18837406,14400134,0
2022-10-21,1804,7398421,1345,6450969,12,591595,93,3419541,150,501476,298,3939733,16736,533234,18403,14285.29,18855809,14401558,0
2022-10-22,743,7399164,668,6451637,9,591604,44,3419585,46,501522,100,3939833,7690,540924,8419,14278,18864228,14402197,0
2022-10-23,520,7399684,369,6452006,3,591607,21,3419606,39,501561,69,3939902,4803,545727,5080,14265.43,18869308,14402414,0
2022-10-24,1743,7401427,1208,6453214,19,591626,70,3419676,112,501673,224,3940126,15558,561285,16845,14186.86,18886153,14403519,0
2022-10-25,1662,7403089,1188,6454402,12,591638,94,3419770,110,501783,233,3940359,15043,576328,16348,14235.14,18902501,14404620,0
2022-10-26,1855,7404944,1329,6455731,11,591649,90,3419860,168,501951,334,3940693,16818,593146,18287,14318.86,18920788,14405831,0
2022-10-27,1584,7406528,1075,6456806,13,591662,91,3419951,128,502079,272,3940965,15115,608261,16414,14256.57,18937202,14406911,0
2022-10-28,1703,7408231,1426,6458232,17,591679,107,3420058,153,502232,319,3941284,16764,625025,18577,14281.43,18955779,14408464,0
2022-10-29,696,7408927,544,6458776,9,591688,69,3420127,57,502289,140,3941424,7744,632769,8414,14280.71,18964193,14409008,0
2022-10-30,521,7409448,305,6459081,3,591691,19,3420146,57,502346,92,3941516,4489,637258,4777,14237.43,18968970,14409220,0
2022-10-31,1677,7411125,1105,6460186,8,591699,47,3420193,127,502473,218,3941734,14591,651849,15537,14050.57,18984507,14409992,0
2022-11-01,1664,7412789,1022,6461208,18,591717,78,3420271,127,502600,237,3941971,13620,665469,14935,13848.71,18999442,14411102,0
2022-11-02,1738,7414527,1126,6462334,17,591734,91,3420362,122,502722,255,3942226,14874,680343,16146,13542.86,19015588,14412161,0
2022-11-03,1421,7415948,1032,6463366,14,591748,84,3420446,167,502889,328,3942554,12620,692963,13898,13183.43,19029486,14413188,0
2022-11-04,1740,7417688,1219,6464585,14,591762,101,3420547,140,503029,275,3942829,15434,708397,17033,12962.86,19046519,14414546,0
2022-11-05,825,7418513,529,6465114,6,591768,65,3420612,82,503111,161,3942990,7044,715441,7757,12869,19054276,14415112,0
2022-11-06,408,7418921,330,6465444,4,591772,20,3420632,49,503160,106,3943096,4071,719512,4411,12816.71,19058687,14415383,0
2022-11-07,1640,7420561,1069,6466513,14,591786,75,3420707,101,503261,212,3943308,13220,732732,14381,12651.57,19073068,14416368,0
2022-11-08,1532,7422093,1009,6467522,8,591794,97,3420804,132,503393,270,3943578,12065,744797,13329,12422.14,19086397,14417403,0
2022-11-09,1571,7423664,1058,6468580,9,591803,85,3420889,114,503507,246,3943824,12191,756988,13454,12037.57,19099851,14418467,0
2022-11-10,1486,7425150,1010,6469590,14,591817,73,3420962,147,503654,276,3944100,12343,769331,13619,11997.71,19113470,14419523,0
2022-11-11,1502,7426652,1078,6470668,11,591828,100,3421062,102,503756,223,3944323,12875,782206,14304,11607.86,19127774,14420750,0
2022-11-12,672,7427324,512,6471180,2,591830,57,3421119,61,503817,128,3944451,6430,788636,7048,11506.57,19134822,14421250,0
2022-11-13,496,7427820,340,6471520,4,591834,15,3421134,68,503885,98,3944549,3893,792529,4210,11477.86,19139032,14421484,0
2022-11-14,1444,7429264,1025,6472545,19,591853,59,3421193,114,503999,204,3944753,11629,804158,12743,11243.86,19151775,14422425,0
2022-11-15,1489,7430753,999,6473544,15,591868,103,3421296,164,504163,293,3945046,11272,815430,12650,11146.86,19164425,14423536,0
2022-11-16,1603,7432356,1034,6474578,21,591889,66,3421362,146,504309,248,3945294,11560,826990,12809,11054.71,19177234,14424573,0
2022-11-17,1421,7433777,976,6475554,10,591899,72,3421434,189,504498,302,3945596,10538,837528,11866,10804.29,19189100,14425640,0
2022-11-18,1585,7435362,1103,6476657,12,591911,68,3421502,117,504615,215,3945811,12404,849932,13995,10760.14,19203095,14427046,0
2022-11-19,678,7436040,437,6477094,4,591915,57,3421559,63,504678,129,3945940,5908,855840,6565,10691.14,19209660,14427583,0
2022-11-20,477,7436517,306,6477400,4,591919,12,3421571,35,504713,64,3946004,3538,859378,3838,10638,19213498,14427836,0
2022-11-21,1518,7438035,920,6478320,4,591923,51,3421622,81,504794,149,3946153,10395,869773,11370,10441.86,19224868,14428679,0
2022-11-22,1272,7439307,816,6479136,7,591930,53,3421675,92,504886,163,3946316,9263,879036,10288,10104.43,19235156,14429559,0
2022-11-23,1292,7440599,733,6479869,11,591941,65,3421740,79,504965,170,3946486,8670,887706,9609,9647.29,19244765,14430354,0
2022-11-24,18,7440617,10,6479879,2,591943,0,3421740,6,504971,8,3946494,112,887818,137,7971.71,19244902,14430373,0
2022-11-25,681,7441298,474,6480353,14,591957,36,3421776,54,505025,109,3946603,5683,893501,6416,6889,19251318,14431016,0
2022-11-26,590,7441888,379,6480732,2,591959,15,3421791,43,505068,62,3946665,4895,898396,5329,6712.43,19256647,14431392,0
2022-11-27,398,7442286,219,6480951,1,591960,11,3421802,23,505091,49,3946714,3170,901566,3351,6642.86,19259998,14431539,0
2022-11-28,951,7443237,697,6481648,10,591970,58,3421860,64,505155,143,3946857,6945,908511,7912,6148.86,19267910,14432384,0
2022-11-29,928,7444165,708,6482356,8,591978,46,3421906,73,505228,145,3947002,6930,915441,7968,5817.43,19275878,14433303,0
2022-11-30,1212,7445377,868,6483224,16,591994,50,3421956,54,505282,123,3947125,8726,924167,9732,5835,19285610,14434205,0
2022-12-01,1129,7446506,766,6483990,13,592007,61,3422017,96,505378,183,3947308,8466,932633,9534,7177.43,19295144,14435116,0
2022-12-02,1316,7447822,973,6484963,14,592021,70,3422087,105,505483,195,3947503,10209,942842,11537,7909,19306681,14436269,0
2022-12-03,616,7448438,422,6485385,12,592033,42,3422129,42,505525,87,3947590,4948,947790,5473,7929.57,19312154,14436710,0
2022-12-04,418,7448856,283,6485668,4,592037,7,3422136,26,505551,40,3947630,3269,951059,3495,7950.14,19315649,14436903,0
2022-12-05,1162,7450018,769,6486437,15,592052,62,3422198,71,505622,149,3947779,8602,959661,9612,8193,19325261,14437780,0
2022-12-06,1168,7451186,766,6487203,13,592065,67,3422265,89,505711,174,3947953,8129,967790,9127,8358.57,19334388,14438622,0
2022-12-07,1211,7452397,751,6487954,12,592077,62,3422327,81,505792,163,3948116,8296,976086,9314,8298.86,19343702,14439497,0
2022-12-08,1103,7453500,739,6488693,14,592091,69,3422396,76,505868,165,3948281,8668,984754,9696,8322,19353398,14440380,0
2022-12-09,1238,7454738,970,6489663,13,592104,81,3422477,102,505970,209,3948490,10404,995158,11769,8355.14,19365167,14441562,0
2022-12-10,678,7455416,462,6490125,7,592111,36,3422513,74,506044,128,3948618,6144,1001302,6712,8532.14,19371879,14442020,0
2022-12-11,432,7455848,263,6490388,4,592115,11,3422524,35,506079,56,3948674,3683,1004985,3885,8587.86,19375764,14442176,0
2022-12-12,1336,7457184,804,6491192,19,592134,78,3422602,105,506184,209,3948883,9969,1014954,11016,8788.43,19386780,14443040,0
2022-12-13,1276,7458460,846,6492038,17,592151,54,3422656,102,506286,189,3949072,9696,1024650,10752,9020.57,19397532,14443940,0
2022-12-14,1195,7459655,830,6492868,12,592163,67,3422723,99,506385,193,3949265,9633,1034283,10613,9206.14,19408145,14444754,0
2022-12-15,1192,7460847,699,6493567,11,592174,62,3422785,109,506494,186,3949451,8444,1042727,9415,9166,19417560,14445554,0
2022-12-16,1202,7462049,808,6494375,12,592186,69,3422854,126,506620,217,3949668,9359,1052086,10534,8989.57,19428094,14446534,0
2022-12-17,652,7462701,461,6494836,8,592194,31,3422885,36,506656,80,3949748,5832,1057918,6304,8931.29,19434398,14446939,0
2022-12-18,441,7463142,230,6495066,2,592196,15,3422900,23,506679,48,3949796,3402,1061320,3608,8891.71,19438006,14447107,0
2022-12-19,1225,7464367,780,6495846,7,592203,55,3422955,84,506763,153,3949949,8906,1070226,9840,8723.71,19447846,14447902,0
2022-12-20,1210,7465577,763,6496609,18,592221,83,3423038,138,506901,277,3950226,8587,1078813,9719,8576.14,19457565,14448813,0
2022-12-21,1093,7466670,694,6497303,16,592237,54,3423092,95,506996,180,3950406,8282,1087095,9159,8368.43,19466724,14449541,0
2022-12-22,991,7467661,588,6497891,4,592241,44,3423136,73,507069,134,3950540,6937,1094032,7670,8119.14,19474394,14450157,0
2022-12-23,832,7468493,507,6498398,11,592252,41,3423177,58,507127,112,3950652,5915,1099947,6521,7545.86,19480915,14450664,0
2022-12-24,191,7468684,112,6498510,1,592253,2,3423179,15,507142,20,3950672,1378,1101325,1497,6859.14,19482412,14450766,0
2022-12-25,5,7468689,3,6498513,0,592253,0,3423179,0,507142,0,3950672,29,1101354,32,6348.29,19482444,14450769,0
2022-12-26,572,7469261,268,6498781,16,592269,19,3423198,22,507164,44,3950716,3303,1104657,3613,5458.71,19486057,14451038,0
2022-12-27,1090,7470351,605,6499386,13,592282,55,3423253,59,507223,123,3950839,7234,1111891,8034,5218,19494091,14451724,0
2022-12-28,1063,7471414,561,6499947,8,592290,58,3423311,63,507286,131,3950970,6987,1118878,7781,5021.14,19501872,14452397,0
2022-12-29,1016,7472430,585,6500532,9,592299,50,3423361,89,507375,162,3951132,6590,1125468,7420,4985.43,19509292,14453088,0
2022-12-30,950,7473380,539,6501071,9,592308,49,3423410,51,507426,110,3951242,6133,1131601,6859,5033.71,19516151,14453714,0
2022-12-31,306,7473686,167,6501238,4,592312,16,3423426,10,507436,29,3951271,1812,1133413,1988,5103.86,19518139,14453864,0
2023-01-01,19,7473705,9,6501247,0,592312,3,3423429,5,507441,8,3951279,59,1133472,86,5111.57,19518225,14453883,0
2023-01-02,654,7474359,328,6501575,10,592322,14,3423443,24,507465,44,3951323,3654,1137126,4001,5167,19522226,14454192,0
2023-01-03,966,7475325,592,6502167,9,592331,41,3423484,57,507522,110,3951433,5479,1142605,6264,4914.14,19528490,14454879,0
2023-01-04,1106,7476431,679,6502846,17,592348,52,3423536,63,507585,133,3951566,6180,1148785,7060,4811.14,19535550,14455644,0
2023-01-05,1011,7477442,588,6503434,23,592371,34,3423570,89,507674,142,3951708,5764,1154549,6694,4707.43,19542244,14456451,0
2023-01-06,1053,7478495,780,6504214,17,592388,50,3423620,81,507755,142,3951850,6504,1161053,7556,4807,19549800,14457372,0
2023-01-07,604,7479099,429,6504643,8,592396,23,3423643,34,507789,63,3951913,4454,1165507,4914,5225,19554714,14457775,0
2023-01-08,379,7479478,245,6504888,4,592400,12,3423655,29,507818,45,3951958,2560,1168067,2770,5608.43,19557484,14457944,0
2023-01-09,955,7480433,582,6505470,17,592417,52,3423707,41,507859,102,3952060,5606,1173673,6447,5957.86,19563931,14458692,0
2023-01-10,856,7481289,643,6506113,8,592425,49,3423756,84,507943,150,3952210,5331,1179004,6238,5954.14,19570169,14459466,0
2023-01-11,876,7482165,554,6506667,21,592446,46,3423802,68,508011,137,3952347,5163,1184167,5975,5799.14,19576144,14460164,0
2023-01-12,778,7482943,496,6507163,24,592470,53,3423855,120,508131,196,3952543,4534,1188701,5478,5625.43,19581622,14460935,0
2023-01-13,800,7483743,555,6507718,11,592481,69,3423924,59,508190,144,3952687,5372,1194073,6262,5440.57,19587884,14461697,0
2023-01-14,512,7484255,281,6507999,10,592491,27,3423951,31,508221,60,3952747,3227,1197300,3631,5257.29,19591515,14462043,0
2023-01-15,287,7484542,151,6508150,6,592497,15,3423966,22,508243,52,3952799,1793,1199093,1996,5146.71,19593511,14462209,0
2023-01-16,501,7485043,307,6508457,11,592508,31,3423997,27,508270,63,3952862,2772,1201865,3207,4683.86,19596718,14462586,0
2023-01-17,802,7485845,476,6508933,19,592527,49,3424046,74,508344,136,3952998,3834,1205699,4701,4464.29,19601419,14463330,0
2023-01-18,801,7486646,477,6509410,16,592543,48,3424094,61,508405,116,3953114,3729,1209428,4535,4258.57,19605954,14464027,0
2023-01-19,656,7487302,430,6509840,6,592549,50,3424144,34,508439,103,3953217,3163,1212591,3907,4034.14,19609861,14464687,0
2023-01-20,706,7488008,488,6510328,23,592572,40,3424184,39,508478,86,3953303,3744,1216335,4527,3786.29,19614388,14465391,0
2023-01-21,368,7488376,195,6510523,12,592584,20,3424204,12,508490,33,3953336,1892,1218227,2199,3581.71,19616587,14465666,0
2023-01-22,226,7488602,63,6510586,5,592589,0,3424204,2,508492,3,3953339,863,1219090,969,3435,19617556,14465770,0
2023-01-23,642,7489244,333,6510919,12,592601,14,3424218,45,508537,66,3953405,2707,1221797,3371,3458.43,19620927,14466375,0
2023-01-24,579,7489823,391,6511310,17,592618,37,3424255,33,508570,83,3953488,3056,1224853,3707,3316.43,19624634,14466956,0
2023-01-25,601,7490424,361,6511671,21,592639,33,3424288,41,508611,86,3953574,2706,1227559,3380,3151.43,19628014,14467556,0
2023-01-26,559,7490983,352,6512023,18,592657,35,3424323,51,508662,102,3953676,2694,1230253,3357,3072.86,19631371,14468133,0
2023-01-27,562,7491545,439,6512462,11,592668,35,3424358,47,508709,89,3953765,2819,1233072,3554,2933.86,19634925,14468786,0
2023-01-28,359,7491904,186,6512648,5,592673,24,3424382,39,508748,70,3953835,1588,1234660,1925,2894.71,19636850,14469060,0
2023-01-29,237,7492141,118,6512766,3,592676,12,3424394,10,508758,26,3953861,992,1235652,1145,2919.86,19637995,14469191,0
2023-01-30,601,7492742,399,6513165,18,592694,40,3424434,37,508795,80,3953941,2505,1238157,3228,2899.43,19641223,14469837,0
2023-01-31,508,7493250,354,6513519,12,592706,29,3424463,48,508843,89,3954030,2439,1240596,3063,2807.43,19644286,14470384,0
2023-02-01,480,7493730,337,6513856,16,592722,40,3424503,44,508887,92,3954122,2321,1242917,2959,2747.29,19647245,14470938,0
2023-02-02,463,7494193,349,6514205,13,592735,34,3424537,35,508922,77,3954199,2154,1245071,2775,2664.14,19650020,14471490,0
2023-02-03,545,7494738,393,6514598,13,592748,26,3424563,34,508956,67,3954266,2360,1247431,3061,2593.71,19653081,14472131,0
2023-02-04,243,7494981,158,6514756,11,592759,14,3424577,16,508972,31,3954297,1142,1248573,1404,2519.29,19654485,14472363,0
2023-02-05,201,7495182,96,6514852,0,592759,2,3424579,15,508987,19,3954316,854,1249427,972,2494.57,19655457,14472464,0
2023-02-06,598,7495780,312,6515164,9,592768,28,3424607,27,509014,64,3954380,2253,1251680,2829,2437.57,19658286,14472985,0
2023-02-07,477,7496257,364,6515528,5,592773,28,3424635,35,509049,71,3954451,2333,1254013,2932,2418.86,19661218,14473521,0
2023-02-08,453,7496710,321,6515849,4,592777,27,3424662,37,509086,70,3954521,2315,1256328,2879,2407.43,19664097,14474021,0
2023-02-09,479,7497189,348,6516197,3,592780,38,3424700,46,509132,98,3954619,2055,1258383,2709,2398,19666806,14474591,0
2023-02-10,496,7497685,390,6516587,2,592782,30,3424730,34,509166,88,3954707,2271,1260654,2960,2383.57,19669766,14475216,0
2023-02-11,294,7497979,197,6516784,7,592789,22,3424752,25,509191,48,3954755,1344,1261998,1662,2420.43,19671428,14475487,0
2023-02-12,182,7498161,81,6516865,0,592789,6,3424758,0,509191,10,3954765,706,1262704,818,2398.43,19672246,14475593,0
2023-02-13,443,7498604,292,6517157,4,592793,21,3424779,26,509217,51,3954816,1758,1264462,2318,2325.43,19674564,14476106,0
2023-02-14,397,7499001,272,6517429,6,592799,29,3424808,22,509239,56,3954872,1689,1266151,2219,2223.57,19676783,14476585,0
2023-02-15,406,7499407,290,6517719,10,592809,24,3424832,28,509267,64,3954936,1745,1267896,2263,2135.57,19679046,14477051,0
2023-02-16,360,7499767,244,6517963,5,592814,27,3424859,19,509286,51,3954987,1630,1269526,2105,2049.29,19681151,14477480,0
2023-02-17,396,7500163,312,6518275,5,592819,24,3424883,32,509318,63,3955050,1692,1271218,2262,1949.57,19683413,14477994,0
2023-02-18,199,7500362,116,6518391,5,592824,13,3424896,4,509322,18,3955068,1003,1272221,1188,1881.86,19684601,14478162,0
2023-02-19,120,7500482,55,6518446,2,592826,6,3424902,6,509328,14,3955082,541,1272762,611,1852.29,19685212,14478220,0
2023-02-20,313,7500795,160,6518606,3,592829,9,3424911,17,509345,27,3955109,1159,1273921,1422,1724.29,19686634,14478457,0
2023-02-21,379,7501174,286,6518892,5,592834,25,3424936,34,509379,64,3955173,1535,1275456,2071,1703.14,19688705,14478934,0
2023-02-22,393,7501567,275,6519167,8,592842,39,3424975,26,509405,69,3955242,1637,1277093,2162,1688.71,19690867,14479394,0
2023-02-23,387,7501954,251,6519418,10,592852,26,3425001,30,509435,70,3955312,1476,1278569,2018,1676.29,19692885,14479880,0
2023-02-24,367,7502321,325,6519743,4,592856,30,3425031,25,509460,62,3955374,1735,1280304,2296,1681.14,19695181,14480386,0
2023-02-25,163,7502484,123,6519866,2,592858,9,3425040,13,509473,24,3955398,777,1281081,972,1650.29,19696153,14480559,0
2023-02-26,92,7502576,46,6519912,0,592858,8,3425048,5,509478,17,3955415,468,1281549,533,1639.14,19696686,14480611,0
2023-02-27,376,7502952,296,6520208,4,592862,30,3425078,20,509498,53,3955468,1489,1283038,2003,1722.14,19698689,14481075,0
2023-02-28,356,7503308,239,6520447,8,592870,30,3425108,27,509525,62,3955530,1329,1284367,1811,1685,19700500,14481500,0
2023-03-01,387,7503695,283,6520730,7,592877,25,3425133,21,509546,52,3955582,1443,1285810,1973,1658,19702473,14481984,0
2023-03-02,370,7504065,294,6521024,9,592886,20,3425153,23,509569,50,3955632,1327,1287137,1868,1636.57,19704341,14482482,0
2023-03-03,401,7504466,317,6521341,10,592896,26,3425179,26,509595,58,3955690,1598,1288735,2188,1621.14,19706529,14483020,0
2023-03-04,199,7504665,122,6521463,4,592900,10,3425189,16,509611,28,3955718,792,1289527,1025,1628.71,19707554,14483227,0
2023-03-05,124,7504789,60,6521523,2,592902,4,3425193,6,509617,14,3955732,464,1289991,557,1632.14,19708111,14483310,0
2023-03-06,403,7505192,264,6521787,12,592914,22,3425215,16,509633,41,3955773,1383,1291374,1887,1615.57,19709998,14483776,0
2023-03-07,361,7505553,244,6522031,5,592919,22,3425237,30,509663,61,3955834,1302,1292676,1767,1609.29,19711765,14484189,0
2023-03-08,369,7505922,246,6522277,3,592922,34,3425271,30,509693,68,3955902,1335,1294011,1831,1589,19713596,14484621,0
2023-03-09,360,7506282,241,6522518,4,592926,16,3425287,24,509717,46,3955948,1258,1295269,1740,1570.71,19715336,14485063,0
2023-03-10,300,7506582,282,6522800,3,592929,9,3425296,19,509736,36,3955984,1389,1296658,1841,1521.14,19717177,14485487,0
2023-03-11,188,7506770,87,6522887,3,592932,18,3425314,3,509739,22,3956006,685,1297343,868,1498.71,19718045,14485649,0
2023-03-12,109,7506879,47,6522934,1,592933,4,3425318,7,509746,17,3956023,435,1297778,517,1493,19718562,14485720,0
2023-03-13,332,7507211,199,6523133,7,592940,11,3425329,13,509759,25,3956048,1126,1298904,1518,1440.29,19720080,14486088,0
2023-03-14,284,7507495,180,6523313,5,592945,15,3425344,11,509770,32,3956080,1058,1299962,1410,1389.29,19721490,14486414,0
2023-03-15,329,7507824,269,6523582,3,592948,9,3425353,13,509783,23,3956103,1226,1301188,1675,1367,19723165,14486841,0
2023-03-16,296,7508120,233,6523815,9,592957,14,3425367,14,509797,34,3956137,1125,1302313,1536,1337.86,19724701,14487224,0
2023-03-17,326,7508446,262,6524077,5,592962,20,3425387,8,509805,29,3956166,1263,1303576,1693,1316.71,19726394,14487626,0
2023-03-18,159,7508605,100,6524177,2,592964,9,3425396,5,509810,15,3956181,667,1304243,833,1311.71,19727227,14487778,0
2023-03-19,114,7508719,56,6524233,1,592965,3,3425399,3,509813,9,3956190,365,1304608,450,1302.14,19727677,14487857,0
2023-03-20,338,7509057,209,6524442,7,592972,29,3425428,15,509828,45,3956235,1211,1305819,1602,1314.14,19729279,14488204,0
2023-03-21,340,7509397,189,6524631,7,592979,22,3425450,17,509845,41,3956276,1119,1306938,1523,1330.29,19730802,14488569,0
2023-03-22,315,7509712,225,6524856,6,592985,12,3425462,11,509856,25,3956301,1125,1308063,1522,1308.43,19732324,14488943,0
2023-03-23,261,7509973,203,6525059,1,592986,19,3425481,12,509868,34,3956335,994,1309057,1382,1286.43,19733706,14489300,0
2023-03-24,311,7510284,255,6525314,8,592994,19,3425500,18,509886,40,3956375,1119,1310176,1580,1270.29,19735286,14489724,0
2023-03-25,128,7510412,117,6525431,1,592995,7,3425507,9,509895,16,3956391,587,1310763,732,1255.86,19736018,14489853,0
2023-03-26,80,7510492,41,6525472,2,592997,4,3425511,4,509899,9,3956400,350,1311113,409,1250,19736427,14489904,0
2023-03-27,282,7510774,231,6525703,3,593000,14,3425525,11,509910,26,3956426,998,1312111,1392,1220,19737819,14490273,0
2023-03-28,279,7511053,180,6525883,10,593010,20,3425545,9,509919,32,3956458,1000,1313111,1352,1195.57,19739171,14490596,0
2023-03-29,296,7511349,187,6526070,5,593015,13,3425558,9,509928,22,3956480,1052,1314163,1411,1179.71,19740582,14490933,0
2023-03-30,257,7511606,182,6526252,2,593017,17,3425575,10,509938,31,3956511,956,1315119,1303,1168.43,19741885,14491253,0
2023-03-31,290,7511896,259,6526511,7,593024,22,3425597,20,509958,43,3956554,1014,1316133,1471,1152.86,19743356,14491668,0
2023-04-01,119,7512015,67,6526578,3,593027,9,3425606,5,509963,16,3956570,521,1316654,648,1140.86,19744004,14491781,0
2023-04-02,92,7512107,35,6526613,0,593027,6,3425612,3,509966,10,3956580,270,1316924,337,1130.57,19744341,14491839,0
2023-04-03,272,7512379,153,6526766,8,593035,18,3425630,16,509982,40,3956620,876,1317800,1191,1101.86,19745532,14492120,0
2023-04-04,282,7512661,184,6526950,3,593038,13,3425643,10,509992,26,3956646,862,1318662,1205,1080.86,19746737,14492440,0
2023-04-05,267,7512928,151,6527101,8,593046,17,3425660,7,509999,26,3956672,975,1319637,1264,1059.86,19748001,14492705,0
2023-04-06,338,7513266,157,6527258,6,593052,17,3425677,5,510004,22,3956694,945,1320582,1273,1055.57,19749274,14493011,0
2023-04-07,243,7513509,148,6527406,4,593056,12,3425689,7,510011,19,3956713,744,1321326,1036,993.43,19750310,14493284,0
2023-04-08,172,7513681,104,6527510,1,593057,5,3425694,10,510021,16,3956729,552,1321878,689,999.29,19750999,14493406,0
2023-04-09,68,7513749,23,6527533,0,593057,0,3425694,4,510025,4,3956733,202,1322080,244,986,19751243,14493444,0
2023-04-10,284,7514033,180,6527713,5,593062,19,3425713,9,510034,28,3956761,879,1322959,1204,987.86,19752447,14493741,0
2023-04-11,268,7514301,149,6527862,5,593067,14,3425727,9,510043,26,3956787,899,1323858,1196,986.57,19753643,14494015,0
2023-04-12,271,7514572,164,6528026,3,593070,15,3425742,8,510051,25,3956812,808,1324666,1142,969.14,19754785,14494326,0
2023-04-13,255,7514827,130,6528156,8,593078,12,3425754,7,510058,20,3956832,830,1325496,1131,948.86,19755916,14494608,0
2023-04-14,238,7515065,197,6528353,2,593080,6,3425760,10,510068,18,3956850,839,1326335,1162,966.86,19757078,14494915,0
2023-04-15,118,7515183,92,6528445,5,593085,3,3425763,7,510075,11,3956861,401,1326736,543,946,19757621,14495047,0
2023-04-16,74,7515257,31,6528476,0,593085,0,3425763,1,510076,1,3956862,263,1326999,303,954.43,19757924,14495086,0
2023-04-17,231,7515488,133,6528609,2,593087,7,3425770,3,510079,10,3956872,703,1327702,981,922.57,19758905,14495354,0
2023-04-18,208,7515696,127,6528736,3,593090,10,3425780,10,510089,21,3956893,724,1328426,950,887.43,19759855,14495560,0
2023-04-19,192,7515888,110,6528846,2,593092,6,3425786,10,510099,16,3956909,803,1329229,949,859.86,19760804,14495690,0
2023-04-20,223,7516111,142,6528988,1,593093,14,3425800,20,510119,36,3956945,892,1330121,1055,849,19761859,14495819,0
2023-04-21,233,7516344,143,6529131,5,593098,12,3425812,12,510131,28,3956973,1069,1331190,1197,854,19763056,14495923,120000
2023-04-22,107,7516451,63,6529194,2,593100,8,3425820,4,510135,13,3956986,456,1331646,523,851.14,19763579,14495978,120000
2023-04-23,72,7516523,46,6529240,1,593101,1,3425821,2,510137,4,3956990,281,1331927,307,851.71,19763886,14496001,120000
2023-04-24,229,7516752,156,6529396,1,593102,12,3425833,7,510144,23,3957013,984,1332911,1097,868.29,19764983,14496095,120000
2023-04-25,240,7516992,140,6529536,5,593107,14,3425847,14,510158,32,3957045,1011,1333922,1121,892.71,19766104,14496177,120000
2023-04-26,185,7517177,116,6529652,4,593111,7,3425854,7,510165,16,3957061,797,1334719,864,880.57,19766968,14496230,120000
2023-04-27,91,7517268,61,6529713,1,593112,6,3425860,8,510173,15,3957076,389,1335108,432,791.57,19767400,14496259,120000
