"DATE","ADMIN_DOSE1_DAILY","ADMIN_DOSE1_CUMULATIVE","ADMIN_DOSE2_DAILY","ADMIN_DOSE2_CUMULATIVE","ADMIN_SINGLE_DAILY","ADMIN_SINGLE_CUMULATIVE","ADMIN_ADDITIONAL1_DAILY","ADMIN_ADDITIONAL1_CUMULATIVE","ADMIN_ADDITIONAL2_DAILY","ADMIN_ADDITIONAL2_CUMULATIVE","ADMIN_ADDITIONAL_DAILY","ADMIN_ADDITIONAL_CUMULATIVE","ADMIN_ALLDOSES_DAILY","ADMIN_ALLDOSES_7DAYAVG","ADMIN_ALLDOSES_CUMULATIVE","ADMIN_ALLDOSES_PRIMARY","INCOMPLETE"
2020-12-14,79,79,0,0,2,2,0,0,0,0,0,0,81,,81,81,0
2020-12-15,2051,2130,6,6,5,7,0,0,0,0,0,0,2062,,2143,2143,0
2020-12-16,4606,6736,15,21,4,11,1,1,0,0,1,1,4626,,6769,6768,0
2020-12-17,4659,11395,18,39,2,13,1,2,0,0,1,2,4680,,11449,11447,0
2020-12-18,5833,17228,18,57,2,15,2,4,0,0,2,4,5855,,17304,17300,0
2020-12-19,1687,18915,8,65,3,18,0,4,0,0,0,4,1698,,19002,18998,0
2020-12-20,1116,20031,2,67,1,19,0,4,0,0,0,4,1119,2874.43,20121,20117,0
2020-12-21,6392,26423,20,87,0,19,5,9,0,0,5,9,6417,3779.57,26538,26529,0
2020-12-22,9768,36191,28,115,2,21,1,10,0,0,1,10,9799,4884.86,36337,36327,0
2020-12-23,14277,50468,36,151,3,24,0,10,0,0,0,10,14316,6269.14,50653,50643,0
2020-12-24,7174,57642,26,177,1,25,0,10,0,0,0,10,7201,6629.29,57854,57844,0
2020-12-25,180,57822,0,177,0,25,1,11,0,0,1,11,181,5818.71,58035,58024,0
2020-12-26,4392,62214,45,222,0,25,1,12,0,0,1,12,4438,6210.14,62473,62461,0
2020-12-27,3870,66084,14,236,0,25,1,13,0,0,1,13,3885,6605.29,66358,66345,0
2020-12-28,10992,77076,51,287,1,26,3,16,0,0,3,16,11047,7266.71,77405,77389,0
2020-12-29,10715,87791,36,323,2,28,3,19,0,0,3,19,10756,7403.43,88161,88142,0
2020-12-30,12820,100611,47,370,0,28,0,19,0,0,0,19,12867,7196.43,101028,101009,0
2020-12-31,7259,107870,37,407,1,29,0,19,0,0,0,19,7297,7210.14,108325,108306,0
2021-01-01,180,108050,2,409,1,30,3,22,0,0,3,22,186,7210.86,108511,108489,0
2021-01-02,3809,111859,10,419,3,33,2,24,0,0,2,24,3824,7123.14,112335,112311,0
2021-01-03,3542,115401,24,443,2,35,1,25,0,0,1,25,3569,7078,115904,115879,0
2021-01-04,12255,127656,807,1250,2,37,7,32,0,0,7,32,13071,7367.14,128975,128943,0
2021-01-05,14093,141749,2193,3443,2,39,12,44,1,1,13,45,16301,8159.29,145276,145231,0
2021-01-06,17797,159546,3928,7371,1,40,31,75,8,9,39,84,21765,9430.43,167041,166957,0
2021-01-07,16543,176089,5179,12550,4,44,46,121,3,12,49,133,21775,11498.71,188816,188683,0
2021-01-08,16612,192701,5458,18008,0,44,36,157,4,16,40,173,22110,14630.71,210926,210753,0
2021-01-09,7650,200351,1463,19471,1,45,8,165,2,18,10,183,9124,15387.86,220050,219867,0
2021-01-10,7880,208231,983,20454,0,45,11,176,0,18,11,194,8874,16145.71,228924,228730,0
2021-01-11,25817,234048,7458,27912,2,47,52,228,8,26,60,254,33337,19040.86,262261,262007,0
2021-01-12,28252,262300,7860,35772,1,48,45,273,4,30,49,303,36162,21878.14,298423,298120,0
2021-01-13,31712,294012,9417,45189,1,49,59,332,4,34,63,366,41193,24653.57,339616,339250,0
2021-01-14,35799,329811,5302,50491,1,50,34,366,7,41,41,407,41143,27420.43,380759,380352,0
2021-01-15,29254,359065,3714,54205,2,52,31,397,5,46,36,443,33006,28977,413765,413322,0
2021-01-16,30278,389343,2388,56593,0,52,24,421,6,52,30,473,32696,32344.43,446461,445988,0
2021-01-17,23737,413080,1638,58231,0,52,20,441,1,53,21,494,25396,34704.71,471857,471363,0
2021-01-18,27088,440168,2425,60656,0,52,37,478,7,60,44,538,29558,34164.86,501415,500877,0
2021-01-19,34286,474454,9637,70293,1,53,70,548,6,66,76,614,44000,35284.57,545415,544801,0
2021-01-20,34859,509313,9499,79792,1,54,59,607,4,70,63,677,44422,35745.86,589837,589160,0
2021-01-21,25582,534895,8097,87889,2,56,51,658,5,75,56,733,33737,34687.86,623574,622841,0
2021-01-22,24745,559640,4386,92275,1,57,32,690,8,83,40,773,29172,34140.14,652746,651973,0
2021-01-23,15743,575383,3222,95497,0,57,12,702,2,85,14,787,18979,32180.57,671725,670938,0
2021-01-24,7176,582559,3456,98953,0,57,19,721,1,86,20,807,10652,30074.29,682377,681570,0
2021-01-25,13408,595967,11823,110776,0,57,65,786,13,99,78,885,25309,29467.29,707686,706801,0
2021-01-26,16754,612721,10762,121538,0,57,69,855,2,101,71,956,27587,27122.57,735273,734317,0
2021-01-27,20832,633553,12357,133895,0,57,54,909,9,110,63,1019,33252,25526.86,768525,767506,0
2021-01-28,30754,664307,12853,146748,0,57,83,992,17,127,100,1119,43710,26951.57,812235,811116,0
2021-01-29,31682,695989,11512,158260,0,57,84,1076,10,137,94,1213,43288,28968.14,855523,854310,0
2021-01-30,18709,714698,3744,162004,0,57,20,1096,2,139,22,1235,22475,29467.57,877998,876763,0
2021-01-31,13012,727710,2924,164928,1,58,30,1126,5,144,35,1270,15972,30227.57,893970,892700,0
2021-02-01,1180,728890,5401,170329,4,62,35,1161,5,149,40,1310,6625,27558.43,900595,899285,0
2021-02-02,2822,731712,9448,179777,2,64,48,1209,3,152,51,1361,12323,25377.86,912918,911557,0
2021-02-03,16345,748057,21241,201018,4,68,213,1422,20,172,233,1594,37823,26030.86,950741,949147,0
2021-02-04,27038,775095,19649,220667,3,71,207,1629,11,183,218,1812,46908,26487.71,997649,995837,0
2021-02-05,27584,802679,20029,240696,0,71,190,1819,15,198,205,2017,47818,27134.86,1045467,1043450,0
2021-02-06,22983,825662,11253,251949,0,71,113,1932,12,210,125,2142,34361,28832.86,1079828,1077686,0
2021-02-07,12036,837698,8282,260231,1,72,95,2027,15,225,110,2252,20429,29469.57,1100257,1098005,0
2021-02-08,16950,854648,23518,283749,2,74,239,2266,34,259,273,2525,40743,34343.57,1141000,1138475,0
2021-02-09,17215,871863,28099,311848,2,76,347,2613,43,302,390,2915,45706,39112.57,1186706,1183791,0
2021-02-10,19589,891452,29304,341152,2,78,269,2882,49,351,318,3233,49214,40739.86,1235920,1232687,0
2021-02-11,27834,919286,33466,374618,2,80,347,3229,56,407,403,3636,61707,42854,1297627,1293991,0
2021-02-12,38366,957652,30807,405425,3,83,362,3591,39,446,401,4037,69577,45962.43,1367204,1363167,0
2021-02-13,27996,985648,25312,430737,2,85,310,3901,57,503,367,4404,53678,48722,1420882,1416478,0
2021-02-14,16270,1001918,23721,454458,0,85,275,4176,34,537,309,4713,40300,51560.71,1461182,1456469,0
2021-02-15,12797,1014715,10522,464980,2,87,177,4353,25,562,202,4915,23523,49100.71,1484705,1479790,0
2021-02-16,14236,1028951,26719,491699,0,87,333,4686,38,600,371,5286,41326,48475,1526031,1520745,0
2021-02-17,16385,1045336,22200,513899,1,88,285,4971,37,637,322,5608,38908,47002.71,1564939,1559331,0
2021-02-18,12142,1057478,24986,538885,21,109,300,5271,45,682,345,5953,37494,43543.71,1602433,1596480,0
2021-02-19,13255,1070733,23929,562814,38,147,309,5580,47,729,356,6309,37578,38972.43,1640011,1633702,0
2021-02-20,11350,1082083,26073,588887,6,153,331,5911,78,807,409,6718,37839,36709.71,1677850,1671132,0
2021-02-21,6358,1088441,17415,606302,15,168,288,6199,46,853,334,7052,24122,34398.57,1701972,1694920,0
2021-02-22,13043,1101484,11838,618140,2,170,132,6331,20,873,152,7204,25035,34614.57,1727007,1719803,0
2021-02-23,25246,1126730,14138,632278,1,171,162,6493,35,908,197,7401,39583,34365.57,1766590,1759189,0
2021-02-24,36353,1163083,20390,652668,0,171,231,6724,42,950,273,7674,57016,36952.43,1823606,1815932,0
2021-02-25,54592,1217675,30399,683067,6,177,409,7133,64,1014,473,8147,85470,43806.14,1909076,1900929,0
2021-02-26,62842,1280517,31872,714939,4,181,418,7551,78,1092,496,8643,95214,52039.86,2004290,1995647,0
2021-02-27,51275,1331792,22753,737692,47,228,347,7898,53,1145,400,9043,74475,57273.57,2078765,2069722,0
2021-02-28,44567,1376359,13842,751534,7,235,206,8104,36,1181,242,9285,58658,62207.29,2137423,2128138,0
2021-03-01,39311,1415670,12781,764315,10,245,168,8272,26,1207,194,9479,52296,66101.71,2189719,2180240,0
2021-03-02,47076,1462746,12581,776896,7,252,156,8428,15,1222,171,9650,59835,68994.86,2249554,2239904,0
2021-03-03,48597,1511343,16154,793050,17,269,152,8580,21,1243,173,9823,64941,70127,2314495,2304672,0
2021-03-04,59813,1571156,22821,815871,1092,1361,274,8854,35,1278,309,10132,84035,69922,2398530,2388398,0
2021-03-05,60968,1632124,24287,840158,3108,4469,337,9191,37,1315,374,10506,88737,68996.71,2487267,2476761,0
2021-03-06,47166,1679290,18882,859040,5451,9920,246,9437,37,1352,283,10789,71782,68612,2559049,2548260,0
2021-03-07,36033,1715323,14877,873917,6244,16164,238,9675,22,1374,260,11049,57414,68434.29,2616463,2605414,0
2021-03-08,39616,1754939,14685,888602,8559,24723,318,9993,92,1466,410,11459,63270,70002,2679733,2668274,0
2021-03-09,39095,1794034,12853,901455,7759,32482,187,10180,34,1500,221,11680,59928,70015.29,2739661,2727981,0
2021-03-10,51820,1845854,15361,916816,5063,37545,229,10409,34,1534,263,11943,72507,71096.14,2812168,2800225,0
2021-03-11,59976,1905830,21822,938638,4619,42164,252,10661,48,1582,300,12243,86717,71479.29,2898885,2886642,0
2021-03-12,52189,1958019,30299,968937,4182,46346,387,11048,85,1667,472,12715,87142,71251.43,2986027,2973312,0
2021-03-13,40643,1998662,26684,995621,5110,51456,332,11380,54,1721,386,13101,72823,71400.14,3058850,3045749,0
2021-03-14,30708,2029370,15966,1011587,4525,55981,249,11629,29,1750,278,13379,51478,70552.14,3110328,3096949,0
2021-03-15,33616,2062986,17259,1028846,4707,60688,239,11868,33,1783,272,13651,55854,69492.71,3166182,3152531,0
2021-03-16,38665,2101651,20513,1049359,4925,65613,264,12132,36,1819,300,13951,64403,70132,3230585,3216634,0
2021-03-17,42607,2144258,24795,1074154,4244,69857,347,12479,40,1859,387,14338,72033,70064.29,3302618,3288280,0
2021-03-18,50426,2194684,26806,1100960,5232,75089,382,12861,61,1920,443,14781,82907,69520,3385525,3370744,0
2021-03-19,47777,2242461,29968,1130928,5626,80715,396,13257,72,1992,468,15249,83840,69048.29,3469365,3454116,0
2021-03-20,38703,2281164,25835,1156763,4684,85399,299,13556,60,2052,359,15608,69581,68585.14,3538946,3523338,0
2021-03-21,29295,2310459,19355,1176118,769,86168,227,13783,46,2098,273,15881,49692,68330,3588638,3572757,0
2021-03-22,33860,2344319,26742,1202860,4037,90205,265,14048,38,2136,303,16184,64943,69628.43,3653581,3637397,0
2021-03-23,38420,2382739,32851,1235711,4216,94421,299,14347,53,2189,352,16536,75839,71262.14,3729420,3712884,0
2021-03-24,41483,2424222,37616,1273327,4845,99266,335,14682,63,2252,398,16934,84342,73020.57,3813762,3796828,0
2021-03-25,43395,2467617,50793,1324120,5053,104319,487,15169,88,2340,575,17509,99816,75436.14,3913578,3896069,0
2021-03-26,38495,2506112,55501,1379621,4308,108627,542,15711,100,2440,642,18151,98946,77594.14,4012524,3994373,0
2021-03-27,35732,2541844,45746,1425367,2938,111565,429,16140,83,2523,512,18663,84928,79786.57,4097452,4078789,0
2021-03-28,26383,2568227,34453,1459820,1482,113047,342,16482,65,2588,407,19070,62725,81648.43,4160177,4141107,0
2021-03-29,34811,2603038,38864,1498684,3246,116293,352,16834,112,2700,464,19534,77385,83425.86,4237562,4218028,0
2021-03-30,40497,2643535,41927,1540611,3713,120006,346,17180,65,2765,411,19945,86548,84955.71,4324110,4304165,0
2021-03-31,49382,2692917,44873,1585484,7438,127444,413,17593,87,2852,500,20445,102193,87505.86,4426303,4405858,0
2021-04-01,50769,2743686,53956,1639440,11276,138720,501,18094,85,2937,586,21031,116587,89901.71,4542890,4521859,0
2021-04-02,43753,2787439,53887,1693327,11969,150689,552,18646,70,3007,622,21653,110231,91513.86,4653121,4631468,0
2021-04-03,39243,2826682,39217,1732544,9859,160548,339,18985,60,3067,399,22052,88718,92055.29,4741839,4719787,0
2021-04-04,26552,2853234,24787,1757331,3903,164451,227,19212,51,3118,278,22330,55520,91026,4797359,4775029,0
2021-04-05,41875,2895109,34487,1791818,11198,175649,379,19591,59,3177,438,22768,87998,92542.14,4885357,4862589,0
2021-04-06,53257,2948366,35614,1827432,13216,188865,439,20030,78,3255,517,23285,102604,94835.86,4987961,4964676,0
2021-04-07,55490,3003856,40706,1868138,14387,203252,409,20439,81,3336,490,23775,111073,96104.43,5099034,5075259,0
2021-04-08,59248,3063104,46594,1914732,16337,219589,529,20968,86,3422,615,24390,122794,96991.14,5221828,5197438,0
2021-04-09,56637,3119741,44956,1959688,17556,237145,529,21497,77,3499,606,24996,119755,98351.71,5341583,5316587,0
2021-04-10,49341,3169082,35639,1995327,12720,249865,398,21895,62,3561,460,25456,98160,99700.57,5439743,5414287,0
2021-04-11,38174,3207256,28825,2024152,7680,257545,296,22191,59,3620,355,25811,75034,102488.29,5514777,5488966,0
2021-04-12,46625,3253881,31840,2055992,13499,271044,471,22662,68,3688,539,26350,92503,103131.86,5607280,5580930,0
2021-04-13,52540,3306421,33787,2089779,369,271413,401,23063,65,3753,466,26816,87162,100925.86,5694442,5667626,0
2021-04-14,50130,3356551,39960,2129739,20,271433,370,23433,77,3830,447,27263,90557,97995,5784999,5757736,0
2021-04-15,52109,3408660,43687,2173426,16,271449,458,23891,106,3936,564,27827,96377,94221.14,5881376,5853549,0
2021-04-16,51183,3459843,42208,2215634,32,271481,439,24330,70,4006,509,28336,93932,90532.14,5975308,5946972,0
2021-04-17,43832,3503675,35693,2251327,3,271484,368,24698,84,4090,452,28788,79980,87935,6055288,6026500,0
2021-04-18,28598,3532273,29366,2280693,7,271491,260,24958,66,4156,326,29114,58297,85544,6113585,6084471,0
2021-04-19,37453,3569726,36455,2317148,22,271513,331,25289,65,4221,396,29510,74326,82947.29,6187911,6158401,0
2021-04-20,40804,3610530,39630,2356778,19,271532,317,25606,81,4302,398,29908,80851,82045.71,6268762,6238854,0
2021-04-21,38888,3649418,46018,2402796,16,271548,504,26110,98,4400,602,30510,85524,81326.71,6354286,6323776,0
2021-04-22,38482,3687900,48965,2451761,9,271557,345,26455,77,4477,422,30932,87879,80112.71,6442165,6411233,0
2021-04-23,39687,3727587,44390,2496151,3,271560,352,26807,74,4551,426,31358,84506,78766.14,6526671,6495313,0
2021-04-24,31936,3759523,41604,2537755,44,271604,282,27089,62,4613,344,31702,73928,77901.57,6600599,6568897,0
2021-04-25,18415,3777938,31227,2568982,87,271691,199,27288,59,4672,258,31960,49987,76714.43,6650586,6618626,0
2021-04-26,26963,3804901,40731,2609713,1012,272703,296,27584,88,4760,384,32344,69090,75966.43,6719676,6687332,0
2021-04-27,28568,3833469,47137,2656850,1699,274402,361,27945,94,4854,455,32799,77859,75539,6797535,6764736,0
2021-04-28,27022,3860491,56847,2713697,2145,276547,442,28387,100,4954,542,33341,86556,75686.43,6884091,6850750,0
2021-04-29,28600,3889091,57202,2770899,2148,278695,372,28759,98,5052,470,33811,88420,75763.71,6972511,6938700,0
2021-04-30,30115,3919206,51990,2822889,2058,280753,286,29045,74,5126,360,34171,84524,75766.29,7057035,7022864,0
2021-05-01,22476,3941682,44538,2867427,1177,281930,236,29281,65,5191,301,34472,68492,74989.71,7125527,7091055,0
2021-05-02,11919,3953601,36653,2904080,1081,283011,145,29426,54,5245,199,34671,49852,74970.43,7175379,7140708,0
2021-05-03,18015,3971616,53025,2957105,2383,285394,258,29684,93,5338,351,35022,73776,75639.86,7249155,7214133,0
2021-05-04,22733,3994349,56650,3013755,2331,287725,271,29955,115,5453,386,35408,82100,76245.71,7331255,7295847,0
2021-05-05,21474,4015823,48759,3062514,2313,290038,314,30269,105,5558,419,35827,72966,74304.29,7404221,7368394,0
2021-05-06,20673,4036496,50177,3112691,2508,292546,278,30547,90,5648,368,36195,73726,72205.14,7477947,7441752,0
2021-05-07,21241,4057737,52101,3164792,2812,295358,317,30864,79,5727,396,36591,76550,71066,7554497,7517906,0
2021-05-08,16626,4074363,41864,3206656,1835,297193,236,31100,72,5799,308,36899,60633,69943.29,7615130,7578231,0
2021-05-09,7968,4082331,29410,3236066,1260,298453,152,31252,57,5856,209,37108,38847,68371.14,7653977,7616869,0
2021-05-10,14379,4096710,38528,3274594,2356,300809,245,31497,92,5948,337,37445,55600,65774.57,7709577,7672132,0
2021-05-11,19905,4116615,43064,3317658,2514,303323,285,31782,87,6035,372,37817,65855,63453.86,7775432,7737615,0
2021-05-12,17817,4134432,40542,3358200,3595,306918,234,32016,79,6114,313,38130,62267,61925.43,7837699,7799569,0
2021-05-13,24963,4159395,40425,3398625,3229,310147,267,32283,78,6192,345,38475,68962,61244.86,7906661,7868186,0
2021-05-14,27012,4186407,42941,3441566,3536,313683,272,32555,96,6288,368,38843,73857,60860.14,7980518,7941675,0
2021-05-15,23647,4210054,34921,3476487,3365,317048,252,32807,76,6364,328,39171,62261,61092.71,8042779,8003608,0
2021-05-16,15521,4225575,19451,3495938,2496,319544,124,32931,47,6411,171,39342,37639,60920.14,8080418,8041076,0
2021-05-17,22668,4248243,29142,3525080,3253,322797,183,33114,69,6480,252,39594,55315,60879.43,8135733,8096139,0
2021-05-18,24623,4272866,31909,3556989,3405,326202,242,33356,76,6556,318,39912,60255,60079.43,8195988,8156076,0
2021-05-19,24185,4297051,29724,3586713,3041,329243,229,33585,48,6604,277,40189,57227,59359.43,8253215,8213026,0
2021-05-20,24145,4321196,30105,3616818,3163,332406,265,33850,88,6692,353,40542,57766,57760,8310981,8270439,0
2021-05-21,24671,4345867,32001,3648819,3057,335463,250,34100,61,6753,311,40853,60040,55786.14,8371021,8330168,0
2021-05-22,20016,4365883,24368,3673187,2524,337987,165,34265,48,6801,213,41066,47121,53623.29,8418142,8377076,0
2021-05-23,11226,4377109,13733,3686920,1412,339399,93,34358,32,6833,125,41191,26496,52031.43,8444638,8403447,0
2021-05-24,18866,4395975,23161,3710081,2757,342156,218,34576,55,6888,273,41464,45057,50566,8489695,8448231,0
2021-05-25,19428,4415403,23382,3733463,2602,344758,173,34749,58,6946,231,41695,45643,48478.57,8535338,8493643,0
2021-05-26,18780,4434183,21092,3754555,2697,347455,201,34950,48,6994,249,41944,42818,46420.14,8578156,8536212,0
2021-05-27,18460,4452643,21280,3775835,2531,349986,183,35133,60,7054,243,42187,42514,44241.29,8620670,8578483,0
2021-05-28,17856,4470499,22883,3798718,2751,352737,188,35321,57,7111,245,42432,43735,41912,8664405,8621973,0
2021-05-29,12705,4483204,17814,3816532,1755,354492,105,35426,40,7151,145,42577,32419,39811.71,8696824,8654247,0
2021-05-30,7025,4490229,8949,3825481,1074,355566,50,35476,17,7168,67,42644,17115,38471.57,8713939,8671295,0
2021-05-31,4740,4494969,6922,3832403,1012,356578,65,35541,17,7185,82,42726,12756,33857.14,8726695,8683969,0
2021-06-01,16048,4511017,25192,3857595,2176,358754,156,35697,43,7228,199,42925,43615,33567.43,8770310,8727385,0
2021-06-02,15353,4526370,20396,3877991,2095,360849,141,35838,47,7275,188,43113,38032,32883.71,8808342,8765229,0
2021-06-03,15000,4541370,23825,3901816,2280,363129,128,35966,45,7320,173,43286,41278,32707.14,8849620,8806334,0
2021-06-04,14714,4556084,25998,3927814,2492,365621,148,36114,43,7363,191,43477,43395,32658.57,8893015,8849538,0
2021-06-05,10985,4567069,22096,3949910,1806,367427,115,36229,28,7391,143,43620,35030,33031.57,8928045,8884425,0
2021-06-06,6444,4573513,14486,3964396,1222,368649,89,36318,13,7404,102,43722,22254,33765.71,8950299,8906577,0
2021-06-07,11696,4585209,21790,3986186,2378,371027,141,36459,37,7441,178,43900,36042,37092.29,8986341,8942441,0
2021-06-08,12631,4597840,24021,4010207,2071,373098,125,36584,47,7488,172,44072,38895,36418,9025236,8981164,0
2021-06-09,11133,4608973,23026,4033233,2299,375397,138,36722,40,7528,178,44250,36636,36218.57,9061872,9017622,0
2021-06-10,12058,4621031,22241,4055474,2462,377859,139,36861,59,7587,198,44448,36959,35601.57,9098831,9054383,0
2021-06-11,12702,4633733,25123,4080597,2483,380342,159,37020,60,7647,219,44667,40527,35191.86,9139358,9094691,0
2021-06-12,10161,4643894,19320,4099917,1888,382230,93,37113,43,7690,136,44803,31505,34688.29,9170863,9126060,0
2021-06-13,4256,4648150,10933,4110850,1219,383449,42,37155,22,7712,64,44867,16472,33862.29,9187335,9142468,0
2021-06-14,10204,4658354,19239,4130089,2043,385492,128,37283,53,7765,181,45048,31667,33237.29,9219002,9173954,0
2021-06-15,11883,4670237,21016,4151105,1943,387435,132,37415,42,7807,174,45222,35016,32683.14,9254018,9208796,0
2021-06-16,11584,4681821,19408,4170513,1957,389392,145,37560,70,7877,215,45437,33164,32187.14,9287182,9241745,0
2021-06-17,11020,4692841,18760,4189273,1973,391365,126,37686,35,7912,161,45598,31914,31466.43,9319096,9273498,0
2021-06-18,12167,4705008,18501,4207774,2115,393480,114,37800,35,7947,149,45747,32932,30381.43,9352028,9306281,0
2021-06-19,8493,4713501,13517,4221291,1459,394939,86,37886,21,7968,107,45854,23576,29248.71,9375604,9329750,0
2021-06-20,4335,4717836,7159,4228450,924,395863,36,37922,17,7985,53,45907,12471,28677.14,9388075,9342168,0
2021-06-21,10158,4727994,10010,4238460,1807,397670,69,37991,27,8012,96,46003,22071,27306.29,9410146,9364143,0
2021-06-22,9835,4737829,15646,4254106,1589,399259,104,38095,28,8040,132,46135,27202,26190,9437348,9391213,0
2021-06-23,10308,4748137,15188,4269294,1863,401122,102,38197,31,8071,133,46268,27492,25379.71,9464840,9418572,0
2021-06-24,9685,4757822,14698,4283992,1797,402919,121,38318,27,8098,148,46416,26328,24581.71,9491168,9444752,0
2021-06-25,10585,4768407,14388,4298380,1721,404640,114,38432,38,8136,152,46568,26846,23712.29,9518014,9471446,0
2021-06-26,7798,4776205,10466,4308846,1250,405890,76,38508,24,8160,100,46668,19614,23146.29,9537628,9490960,0
2021-06-27,5000,4781205,6002,4314848,795,406685,34,38542,14,8174,48,46716,11845,23056.86,9549473,9502757,0
2021-06-28,9033,4790238,10345,4325193,1526,408211,109,38651,26,8200,135,46851,21039,22909.43,9570512,9523661,0
2021-06-29,9733,4799971,12330,4337523,1347,409558,124,38775,32,8232,156,47007,23566,22390,9594078,9547071,0
2021-06-30,9432,4809403,10930,4348453,1486,411044,148,38923,16,8248,164,47171,22012,21607.14,9616090,9568919,0
2021-07-01,9396,4818799,10925,4359378,1434,412478,132,39055,24,8272,156,47327,21911,20976.14,9638001,9590674,0
2021-07-02,9691,4828490,11455,4370833,1541,414019,119,39174,21,8293,140,47467,22828,20402.14,9660829,9613362,0
2021-07-03,7055,4835545,8421,4379254,1192,415211,79,39253,17,8310,96,47563,16764,19995,9677593,9630030,0
2021-07-04,1288,4836833,1335,4380589,567,415778,9,39262,3,8313,12,47575,3202,18760.29,9680795,9633220,0
2021-07-05,6494,4843327,7107,4387696,1208,416986,65,39327,22,8335,87,47662,14896,17882.71,9695691,9648029,0
2021-07-06,9509,4852836,12850,4400546,1315,418301,118,39445,38,8373,156,47818,23830,17920.43,9719521,9671703,0
2021-07-07,8665,4861501,11111,4411657,1419,419720,124,39569,19,8392,143,47961,21338,17824.14,9740859,9692898,0
2021-07-08,8218,4869719,10195,4421852,1259,420979,108,39677,22,8414,130,48091,19802,17522.86,9760661,9712570,0
2021-07-09,8373,4878092,10832,4432684,1279,422258,89,39766,21,8435,110,48201,20594,17203.71,9781255,9733054,0
2021-07-10,7102,4885194,8634,4441318,1131,423389,65,39831,20,8455,85,48286,16952,17230.57,9798207,9749921,0
2021-07-11,4105,4889299,4539,4445857,701,424090,36,39867,6,8461,42,48328,9387,18114.14,9807594,9759266,0
2021-07-12,8446,4897745,9559,4455416,1251,425341,84,39951,23,8484,107,48435,19363,18752.29,9826957,9778522,0
2021-07-13,9463,4907208,9392,4464808,952,426293,107,40058,35,8519,142,48577,19949,18197.86,9846906,9798329,0
2021-07-14,8997,4916205,9533,4474341,1011,427304,106,40164,22,8541,128,48705,19669,17959.43,9866575,9817870,0
2021-07-15,8794,4924999,9155,4483496,1054,428358,80,40244,20,8561,100,48805,19103,17859.57,9885678,9836873,0
2021-07-16,9247,4934246,9761,4493257,981,429339,102,40346,29,8590,131,48936,20120,17791.86,9905798,9856862,0
2021-07-17,6839,4941085,7387,4500644,803,430142,79,40425,20,8610,99,49035,15128,17531.29,9920926,9871891,0
2021-07-18,4254,4945339,4286,4504930,576,430718,35,40460,13,8623,48,49083,9164,17499.43,9930090,9881007,0
2021-07-19,9119,4954458,8480,4513410,999,431717,91,40551,22,8645,113,49196,18711,17406.29,9948801,9899605,0
2021-07-20,10642,4965100,8761,4522171,991,432708,96,40647,25,8670,121,49317,20515,17487.14,9969316,9919999,0
2021-07-21,10059,4975159,8767,4530938,904,433612,147,40794,33,8703,180,49497,19910,17521.57,9989226,9939729,0
2021-07-22,10686,4985845,8585,4539523,1046,434658,145,40939,26,8729,171,49668,20488,17719.43,10009714,9960046,0
2021-07-23,11248,4997093,8885,4548408,1114,435772,138,41077,23,8752,161,49829,21408,17903.43,10031122,9981293,0
2021-07-24,7398,5004491,6739,4555147,670,436442,82,41159,26,8778,108,49937,14915,17873,10046037,9996100,0
2021-07-25,5473,5009964,2129,4557276,509,436951,58,41217,4,8782,62,49999,8173,17731.43,10054210,10004211,0
2021-07-26,10869,5020833,7007,4564283,859,437810,110,41327,20,8802,130,50129,18865,17753.43,10073075,10022946,0
2021-07-27,12067,5032900,8570,4572853,857,438667,136,41463,39,8841,175,50304,21669,17918.29,10094744,10044440,0
2021-07-28,12014,5044914,8052,4580905,950,439617,133,41596,28,8869,161,50465,21177,18099.29,10115921,10065456,0
2021-07-29,10931,5055845,7435,4588340,983,440600,134,41730,39,8908,173,50638,19522,17961.29,10135443,10084805,0
2021-07-30,14954,5070799,8014,4596354,1151,441751,183,41913,31,8939,214,50852,24333,18379.14,10159776,10108924,0
2021-07-31,9721,5080520,6319,4602673,815,442566,124,42037,20,8959,144,50996,16999,18676.86,10176775,10125779,0
2021-08-01,6500,5087020,3311,4605984,564,443130,81,42118,21,8980,102,51098,10477,19006,10187252,10136154,0
2021-08-02,13448,5100468,7154,4613138,846,443976,148,42266,19,8999,167,51265,21615,19398.86,10208867,10157602,0
2021-08-03,15412,5115880,8390,4621528,1109,445085,143,42409,38,9037,181,51446,25092,19887.86,10233959,10182513,0
2021-08-04,17261,5133141,8132,4629660,1454,446539,181,42590,35,9072,216,51662,27063,20728.71,10261022,10209360,0
2021-08-05,17886,5151027,7932,4637592,1370,447909,159,42749,21,9093,180,51842,27368,21849.57,10288390,10236548,0
2021-08-06,18179,5169206,8416,4646008,1232,449141,167,42916,32,9125,199,52041,28026,22377.14,10316416,10264375,0
2021-08-07,13381,5182587,6017,4652025,799,449940,102,43018,28,9153,130,52171,20327,22852.57,10336743,10284572,0
2021-08-08,9309,5191896,3835,4655860,400,450340,83,43101,10,9163,93,52264,13637,23304,10350380,10298116,0
2021-08-09,21343,5213239,8527,4664387,965,451305,171,43272,34,9197,205,52469,31040,24650.43,10381420,10328951,0
2021-08-10,18945,5232184,9330,4673717,946,452251,181,43453,34,9231,215,52684,29436,25271,10410856,10358172,0
2021-08-11,15644,5247828,8311,4682028,853,453104,129,43582,45,9276,174,52858,24982,24973.71,10435838,10382980,0
2021-08-12,15052,5262880,8989,4691017,942,454046,175,43757,35,9311,210,53068,25193,24663,10461031,10407963,0
2021-08-13,14919,5277799,9294,4700311,919,454965,244,44001,38,9349,282,53350,25415,24290,10486446,10433096,0
2021-08-14,10396,5288195,6410,4706721,625,455590,535,44536,39,9388,574,53924,18005,23958.29,10504451,10450527,0
2021-08-15,6690,5294885,4482,4711203,676,456266,567,45103,33,9421,600,54524,12448,23788.43,10516899,10462375,0
2021-08-16,15711,5310596,9303,4720506,1150,457416,1326,46429,65,9486,1391,55915,27555,23290.57,10544454,10488539,0
2021-08-17,17762,5328358,10458,4730964,1229,458645,1773,48202,85,9571,1858,57773,31307,23557.86,10575761,10517988,0
2021-08-18,17490,5345848,10377,4741341,1260,459905,1996,50198,92,9663,2088,59861,31215,24448.29,10606976,10547115,0
2021-08-19,16291,5362139,9526,4750867,1315,461220,1959,52157,66,9729,2025,61886,29157,25014.57,10636133,10574247,0
2021-08-20,16273,5378412,11538,4762405,1253,462473,1867,54024,86,9815,1953,63839,31017,25814.86,10667150,10603311,0
2021-08-21,11145,5389557,8037,4770442,878,463351,1064,55088,54,9869,1118,64957,21178,26268.14,10688328,10623371,0
2021-08-22,4077,5393634,3903,4774345,261,463612,517,55605,34,9903,551,65508,8792,25745.86,10697120,10631612,0
2021-08-23,15576,5409210,11810,4786155,1022,464634,1549,57154,77,9980,1626,67134,30035,26100.14,10727155,10660021,0
2021-08-24,16914,5426124,12599,4798754,1006,465640,1773,58927,80,10060,1853,68987,32372,26252.29,10759527,10690540,0
2021-08-25,14569,5440693,12454,4811208,1112,466752,1567,60494,79,10139,1646,70633,29781,26047.43,10789308,10718675,0
2021-08-26,16148,5456841,14097,4825305,1071,467823,1778,62272,68,10207,1846,72479,33162,26619.57,10822470,10749991,0
2021-08-27,14877,5471718,14825,4840130,971,468794,1674,63946,74,10281,1748,74227,32421,26820.14,10854891,10780664,0
2021-08-28,10677,5482395,11523,4851653,835,469629,1017,64963,45,10326,1062,75289,24097,27237.14,10878988,10803699,0
2021-08-29,7213,5489608,7495,4859148,541,470170,781,65744,58,10384,839,76128,16088,28279.43,10895076,10818948,0
2021-08-30,15520,5505128,16925,4876073,1076,471246,1792,67536,91,10475,1883,78011,35404,29046.43,10930480,10852469,0
2021-08-31,15506,5520634,15960,4892033,952,472198,1976,69512,90,10565,2066,80077,34484,29348.14,10964964,10884887,0
2021-09-01,14826,5535460,14108,4906141,1020,473218,1810,71322,63,10628,1873,81950,31827,29640.43,10996791,10914841,0
2021-09-02,14317,5549777,12526,4918667,896,474114,1712,73034,62,10690,1774,83724,29513,29119.14,11026304,10942580,0
2021-09-03,15000,5564777,14311,4932978,974,475088,1901,74935,71,10761,1972,85696,32257,29095.71,11058561,10972865,0
2021-09-04,9646,5574423,9405,4942383,688,475776,976,75911,34,10795,1010,86706,20749,28617.43,11079310,10992604,0
2021-09-05,6795,5581218,5513,4947896,438,476214,717,76628,17,10812,734,87440,13480,28244.86,11092790,11005350,0
2021-09-06,5196,5586414,4511,4952407,358,476572,272,76900,11,10823,283,87723,10348,24665.43,11103138,11015415,0
2021-09-07,15570,5601984,17700,4970107,912,477484,1557,78457,94,10917,1651,89374,35833,24858.14,11138971,11049597,0
2021-09-08,16154,5618138,14828,4984935,1071,478555,1777,80234,84,11001,1861,91235,33914,25156.29,11172885,11081650,0
2021-09-09,16102,5634240,14755,4999690,1047,479602,1920,82154,74,11075,1994,93229,33898,25782.71,11206783,11113554,0
2021-09-10,18361,5652601,15395,5015085,1207,480809,1978,84132,82,11157,2060,95289,37023,26463.57,11243806,11148517,0
2021-09-11,12631,5665232,10350,5025435,958,481767,1030,85162,49,11206,1079,96368,25018,27073.43,11268824,11172456,0
2021-09-12,8537,5673769,5052,5030487,765,482532,692,85854,30,11236,722,97090,15076,27301.43,11283900,11186810,0
2021-09-13,16926,5690695,12963,5043450,976,483508,1658,87512,53,11289,1711,98801,32576,30476.86,11316476,11217675,0
2021-09-14,16262,5706957,13673,5057123,885,484393,1600,89112,57,11346,1657,100458,32477,29997.43,11348953,11248495,0
2021-09-15,15526,5722483,12889,5070012,727,485120,1571,90683,81,11427,1652,102110,30794,29551.71,11379747,11277637,0
2021-09-16,15332,5737815,13915,5083927,1210,486330,1463,92146,67,11494,1530,103640,31987,29278.71,11411734,11308094,0
2021-09-17,14430,5752245,13958,5097885,922,487252,1839,93985,58,11552,1897,105537,31207,28447.86,11442941,11337404,0
2021-09-18,9992,5762237,10187,5108072,913,488165,1050,95035,42,11594,1092,106629,22184,28043,11465125,11358496,0
2021-09-19,6174,5768411,6072,5114144,558,488723,749,95784,28,11622,777,107406,13581,27829.43,11478706,11371300,0
2021-09-20,12668,5781079,12633,5126777,1068,489791,1925,97709,60,11682,1985,109391,28354,27226.29,11507060,11397669,0
2021-09-21,12224,5793303,12772,5139549,1108,490899,2033,99742,77,11759,2110,111501,28214,26617.29,11535274,11423773,0
2021-09-22,12818,5806121,12005,5151554,1090,491989,1688,101430,70,11829,1758,113259,27671,26171.14,11562945,11449686,0
2021-09-23,14928,5821049,12765,5164319,1639,493628,2268,103698,74,11903,2342,115601,31674,26126.43,11594619,11479018,0
2021-09-24,16435,5837484,13364,5177683,1636,495264,4626,108324,125,12028,4751,120352,36186,26837.71,11630805,11510453,0
2021-09-25,10528,5848012,9024,5186707,1017,496281,3468,111792,79,12107,3547,123899,24116,27113.71,11654921,11531022,0
2021-09-26,6293,5854305,5765,5192472,773,497054,2424,114216,59,12166,2483,126382,15314,27361.29,11670235,11543853,0
2021-09-27,14140,5868445,8063,5200535,1155,498209,9079,123295,160,12326,9239,135621,32598,27967.57,11702833,11567212,0
2021-09-28,11117,5879562,11785,5212320,902,499111,9934,133229,180,12506,10114,145735,33918,28782.43,11736751,11591016,0
2021-09-29,11601,5891163,12191,5224511,1205,500316,9456,142685,170,12676,9626,155361,34624,29775.71,11771375,11616014,0
2021-09-30,12220,5903383,12607,5237118,1338,501654,9760,152445,178,12854,9938,165299,36103,30408.43,11807478,11642179,0
2021-10-01,12627,5916010,13432,5250550,1284,502938,10281,162726,150,13004,10431,175730,37774,30635.29,11845252,11669522,0
2021-10-02,7723,5923733,9978,5260528,865,503803,4244,166970,79,13083,4323,180053,22889,30460,11868141,11688088,0
2021-10-03,5062,5928795,6156,5266684,593,504396,2622,169592,59,13142,2681,182734,14492,30342.57,11882633,11699899,0
2021-10-04,9903,5938698,11021,5277705,913,505309,9530,179122,145,13287,9675,192409,31512,30187.43,11914145,11721736,0
2021-10-05,10140,5948838,11735,5289440,972,506281,9959,189081,179,13466,10138,202547,32985,30054.14,11947130,11744583,0
2021-10-06,9884,5958722,11052,5300492,936,507217,9942,199023,158,13624,10100,212647,31972,29675.29,11979102,11766455,0
2021-10-07,9600,5968322,12157,5312649,850,508067,10187,209210,172,13796,10359,223006,32966,29227.14,12012068,11789062,0
2021-10-08,9435,5977757,12182,5324831,941,509008,10920,220130,164,13960,11084,234090,33642,28636.86,12045710,11811620,0
2021-10-09,6235,5983992,8237,5333068,643,509651,4126,224256,89,14049,4215,238305,19330,28128.43,12065040,11826735,0
2021-10-10,3531,5987523,5029,5338097,458,510109,2439,226695,47,14096,2486,240791,11504,27701.57,12076544,11835753,0
2021-10-11,7606,5995129,9335,5347432,728,510837,8897,235592,164,14260,9061,249852,26730,27018.43,12103274,11853422,0
2021-10-12,8062,6003191,10994,5358426,891,511728,10526,246118,182,14442,10708,260560,30655,26685.57,12133929,11873369,0
2021-10-13,7140,6010331,10148,5368574,869,512597,8809,254927,179,14621,8988,269548,27145,25996,12161074,11891526,0
2021-10-14,7414,6017745,11120,5379694,837,513434,10133,265060,162,14783,10295,279843,29666,25524.57,12190740,11910897,0
2021-10-15,7708,6025453,11855,5391549,823,514257,10834,275894,171,14954,11005,290848,31391,25203,12222131,11931283,0
2021-10-16,4861,6030314,7469,5399018,666,514923,3846,279740,66,15020,3912,294760,16908,24857,12239039,11944279,0
2021-10-17,3053,6033367,4474,5403492,411,515334,2453,282193,43,15063,2496,297256,10434,24704.14,12249473,11952217,0
2021-10-18,7034,6040401,10671,5414163,796,516130,9484,291677,184,15247,9668,306924,28169,24909.71,12277642,11970718,0
2021-10-19,6561,6046962,8944,5423107,804,516934,9103,300780,172,15419,9275,316199,25584,24185.29,12303226,11987027,0
2021-10-20,6522,6053484,9370,5432477,975,517909,10001,310781,178,15597,10179,326378,27046,24171.14,12330272,12003894,0
2021-10-21,7015,6060499,9386,5441863,858,518767,10861,321642,157,15754,11018,337396,28277,23972.71,12358549,12021153,0
2021-10-22,8102,6068601,10344,5452207,1026,519793,16358,338000,221,15975,16579,353975,36051,24638.43,12394600,12040625,0
2021-10-23,5155,6073756,6460,5458667,690,520483,9132,347132,115,16090,9247,363222,21552,25301.86,12416152,12052930,0
2021-10-24,3258,6077014,3966,5462633,769,521252,6173,353305,77,16167,6250,369472,14243,25846,12430395,12060923,0
2021-10-25,8729,6085743,8742,5471375,1150,522402,19278,372583,298,16465,19576,389048,38197,27278.57,12468592,12079544,0
2021-10-26,8173,6093916,7722,5479097,1258,523660,17308,389891,270,16735,17578,406626,34731,28585.29,12503323,12096697,0
2021-10-27,10521,6104437,8395,5487492,1605,525265,20886,410777,320,17055,21206,427832,41727,30682.57,12545050,12117218,0
2021-10-28,11290,6115727,8026,5495518,1793,527058,20881,431658,321,17376,21202,449034,42311,32687.43,12587361,12138327,0
2021-10-29,11826,6127553,8229,5503747,1960,529018,22559,454217,337,17713,22896,471930,44912,33953.29,12632273,12160343,0
2021-10-30,4611,6132164,5065,5508812,930,529948,11187,465404,166,17879,11353,483283,21959,34011.43,12654232,12170949,0
2021-10-31,2650,6134814,2699,5511511,544,530492,6646,472050,105,17984,6751,490034,12644,33783,12666876,12176842,0
2021-11-01,7099,6141913,6951,5518462,1087,531579,20417,492467,331,18315,20748,510782,35885,33452.71,12702761,12191979,0
2021-11-02,6545,6148458,6588,5525050,1054,532633,20809,513276,270,18585,21079,531861,35266,33529.14,12738027,12206166,0
2021-11-03,6820,6155278,6680,5531730,1026,533659,20656,533932,312,18897,20968,552829,35496,32639,12773523,12220694,0
2021-11-04,9275,6164553,6278,5538008,995,534654,22401,556333,344,19241,22745,575574,39293,32207.86,12812816,12237242,0
2021-11-05,11015,6175568,6719,5544727,1051,535705,23786,580119,356,19597,24142,599716,42927,31924.29,12855743,12256027,0
2021-11-06,11111,6186679,4051,5548778,594,536299,12614,592733,171,19768,12785,612501,28541,32864.57,12884284,12271783,0
2021-11-07,7235,6193914,2286,5551064,577,536876,7121,599854,97,19865,7218,619719,17316,33532,12901600,12281881,0
2021-11-08,15034,6208948,5676,5556740,863,537739,19535,619389,280,20145,19815,639534,41388,34318.14,12942988,12303454,0
2021-11-09,16123,6225071,5386,5562126,660,538399,20543,639932,276,20421,20819,660353,42988,35421.29,12985976,12325623,0
2021-11-10,16893,6241964,5318,5567444,683,539082,22689,662621,289,20710,22978,683331,45872,36903.57,13031848,12348517,0
2021-11-11,12532,6254496,5182,5572626,759,539841,22122,684743,285,20995,22407,705738,40880,37130.29,13072728,12366990,0
2021-11-12,16879,6271375,5684,5578310,705,540546,23449,708192,355,21350,23804,729542,47072,37722.43,13119800,12390258,0
2021-11-13,9912,6281287,3663,5581973,463,541009,13356,721548,183,21533,13539,743081,27577,37584.71,13147377,12404296,0
2021-11-14,5994,6287281,2287,5584260,324,541333,7948,729496,78,21611,8026,751107,16631,37486.86,13164008,12412901,0
2021-11-15,13198,6300479,5973,5590233,690,542023,25149,754645,366,21977,25515,776622,45376,38056.57,13209384,12432762,0
2021-11-16,9917,6310396,5781,5596014,654,542677,30712,785357,427,22404,31139,807761,47492,38700,13256876,12449115,0
2021-11-17,10244,6320640,6669,5602683,681,543358,31481,816838,417,22821,31898,839659,49492,39217.14,13306368,12466709,0
2021-11-18,10674,6331314,6531,5609214,855,544213,33072,849910,456,23277,33528,873187,51588,40746.86,13357956,12484769,0
2021-11-19,11950,6343264,6550,5615764,710,544923,36307,886217,460,23737,36767,909954,55977,42019,13413933,12503979,0
2021-11-20,9290,6352554,3416,5619180,513,545436,22547,908764,257,23994,22804,932758,36023,43225.57,13449956,12517198,0
2021-11-21,4919,6357473,1887,5621067,288,545724,13230,921994,152,24146,13382,946140,20476,43774.86,13470432,12524292,0
2021-11-22,10371,6367844,5781,5626848,750,546474,35985,957979,440,24586,36425,982565,53328,44910.86,13523760,12541195,0
2021-11-23,9732,6377576,4782,5631630,634,547108,33580,991559,373,24959,33953,1016518,49102,45140.86,13572862,12556344,0
2021-11-24,8652,6386228,4747,5636377,648,547756,25975,1017534,286,25245,26261,1042779,40308,43828.86,13613170,12570391,0
2021-11-25,448,6386676,328,5636705,80,547836,1002,1018536,9,25254,1011,1043790,1867,36725.86,13615037,12571247,0
2021-11-26,8030,6394706,6988,5643693,528,548364,26616,1045152,301,25555,26917,1070707,42463,34795.29,13657500,12586793,0
2021-11-27,6653,6401359,6830,5650523,371,548735,18876,1064028,225,25780,19101,1089808,32956,34357.14,13690456,12600648,0
2021-11-28,4050,6405409,5788,5656311,281,549016,11925,1075953,122,25902,12047,1101855,22166,34598.57,13712622,12610767,0
2021-11-29,9053,6414462,11005,5667316,686,549702,35116,1111069,441,26343,35557,1137412,56301,35023.29,13768923,12631511,0
2021-11-30,10442,6424904,11443,5678759,513,550215,37853,1148922,493,26836,38346,1175758,60744,36686.43,13829667,12653909,0
2021-12-01,11117,6436021,10988,5689747,725,550940,40421,1189343,441,27277,40862,1216620,63693,40027.14,13893360,12676740,0
2021-12-02,11588,6447609,11043,5700790,626,551566,42234,1231577,450,27727,42684,1259304,65941,49180.57,13959301,12699997,0
2021-12-03,13401,6461010,12901,5713691,672,552238,48014,1279591,519,28246,48533,1307837,75507,53901.14,14034808,12726971,0
2021-12-04,9801,6470811,11293,5724984,566,552804,30731,1310322,305,28551,31036,1338873,52696,56721.14,14087504,12748631,0
2021-12-05,5726,6476537,5703,5730687,270,553074,16687,1327009,130,28681,16817,1355690,28516,57628.29,14116020,12760330,0
2021-12-06,12274,6488811,9985,5740672,599,553673,43312,1370321,448,29129,43760,1399450,66618,59102.14,14182638,12783188,0
2021-12-07,12527,6501338,9257,5749929,624,554297,43110,1413431,504,29633,43614,1443064,66022,59856.14,14248660,12805596,0
2021-12-08,13457,6514795,8778,5758707,555,554852,40868,1454299,472,30105,41340,1484404,64130,59918.57,14312790,12828386,0
2021-12-09,13426,6528221,8758,5767465,554,555406,40880,1495179,491,30596,41371,1525775,64109,59656.86,14376899,12851124,0
2021-12-10,13977,6542198,10148,5777613,668,556074,43730,1538909,494,31090,44224,1569999,69017,58729.71,14445916,12875917,0
2021-12-11,10236,6552434,8132,5785745,405,556479,26740,1565649,280,31370,27020,1597019,45794,57743.71,14491710,12894691,0
2021-12-12,6000,6558434,3856,5789601,287,556766,15180,1580829,137,31507,15317,1612336,25460,57307.14,14517170,12904834,0
2021-12-13,12161,6570595,7432,5797033,655,557421,37952,1618781,393,31900,38345,1650681,58593,56160.71,14575763,12925082,0
2021-12-14,12189,6582784,6951,5803984,730,558151,38216,1656997,435,32335,38651,1689332,58521,55089.14,14634284,12944952,0
2021-12-15,12044,6594828,6248,5810232,756,558907,38190,1695187,488,32823,38678,1728010,57727,54174.43,14692011,12964001,0
2021-12-16,13123,6607951,4269,5814501,739,559646,41186,1736373,454,33277,41640,1769650,59771,53554.71,14751782,12982132,0
2021-12-17,15895,6623846,6936,5821437,618,560264,46849,1783222,480,33757,47329,1816979,70778,53806.29,14822560,13005581,0
2021-12-18,12986,6636832,5720,5827157,432,560696,30654,1813876,270,34027,30924,1847903,50062,54416,14872622,13024719,0
2021-12-19,6993,6643825,2992,5830149,326,561022,18034,1831910,172,34199,18206,1866109,28517,54852.71,14901139,13035030,0
2021-12-20,16804,6660629,5860,5836009,746,561768,47532,1879442,566,34765,48098,1914207,71508,56697.71,14972647,13058440,0
2021-12-21,17924,6678553,6571,5842580,804,562572,48963,1928405,588,35353,49551,1963758,74850,59030.43,15047497,13083739,0
2021-12-22,18507,6697060,6560,5849140,937,563509,49774,1978179,532,35885,50306,2014064,76310,61685.14,15123807,13109743,0
2021-12-23,18991,6716051,6481,5855621,930,564439,45931,2024110,528,36413,46459,2060523,72861,63555.14,15196668,13136145,0
2021-12-24,9206,6725257,2951,5858572,598,565037,20632,2044742,209,36622,20841,2081364,33596,58243.43,15230264,13148900,0
2021-12-25,344,6725601,63,5858635,31,565068,427,2045169,8,36630,435,2081799,873,51216.43,15231137,13149338,0
2021-12-26,7944,6733545,3926,5862561,340,565408,17300,2062469,176,36806,17476,2099275,29686,51383.43,15260823,13161548,0
2021-12-27,21743,6755288,9204,5871765,934,566342,43495,2105964,553,37359,44048,2143323,75929,52015,15336752,13193429,0
2021-12-28,20118,6775406,8333,5880098,702,567044,47619,2153583,613,37972,48232,2191555,77385,52377.14,15414137,13222582,0
2021-12-29,18471,6793877,7668,5887766,607,567651,45629,2199212,488,38460,46117,2237672,72863,51884.71,15487000,13249328,0
2021-12-30,16862,6810739,7430,5895196,588,568239,44904,2244116,580,39040,45484,2283156,70364,51528,15557364,13274208,0
2021-12-31,5347,6816086,2809,5898005,193,568432,14773,2258889,185,39225,14958,2298114,23307,50058.14,15580671,13282557,0
2022-01-01,244,6816330,147,5898152,12,568444,502,2259391,22,39247,524,2298638,927,50065.86,15581598,13282960,0
2022-01-02,6418,6822748,5023,5903175,153,568597,10990,2270381,111,39358,11101,2309739,22695,49067.14,15604293,13294554,0
2022-01-03,14113,6836861,8502,5911677,514,569111,26987,2297368,345,39703,27332,2337071,50461,45428.86,15654754,13317683,0
2022-01-04,12808,6849669,8128,5919805,415,569526,27260,2324628,364,40067,27624,2364695,48975,41370.29,15703729,13339034,0
2022-01-05,11317,6860986,7020,5926825,382,569908,25998,2350626,313,40380,26311,2391006,45030,37394.14,15748759,13357753,0
2022-01-06,11338,6872324,7396,5934221,483,570391,27651,2378277,342,40722,27993,2418999,47210,34086.43,15795969,13376970,0
2022-01-07,10183,6882507,8448,5942669,339,570730,25180,2403457,325,41047,25505,2444504,44476,37110.57,15840445,13395941,0
2022-01-08,7685,6890192,8586,5951255,310,571040,19611,2423068,183,41230,19794,2464298,36376,42174.71,15876821,13412523,0
2022-01-09,4115,6894307,3843,5955098,214,571254,10073,2433141,94,41324,10167,2474465,18339,41552.43,15895160,13420695,0
2022-01-10,10155,6904462,8192,5963290,490,571744,24633,2457774,303,41627,24936,2499401,43773,40597,15938933,13439532,0
2022-01-11,8864,6913326,7989,5971279,521,572265,21053,2478827,290,41917,21343,2520744,38719,39131.86,15977652,13456908,0
2022-01-12,8922,6922248,8330,5979609,427,572692,22371,2501198,286,42203,22657,2543401,40336,38461.29,16017988,13474587,0
2022-01-13,9016,6931264,8867,5988476,451,573143,22927,2524125,319,42522,23246,2566647,41581,37657.14,16059569,13492922,0
2022-01-14,10085,6941349,8125,5996601,475,573618,26460,2550585,334,42856,26794,2593441,45479,37800.43,16105048,13511607,0
2022-01-15,6199,6947548,4310,6000911,178,573796,15154,2565739,178,43034,15332,2608773,26019,36320.86,16131067,13522294,0
2022-01-16,2903,6950451,3250,6004161,95,573891,7837,2573576,84,43118,7921,2616694,14169,35725.14,16145236,13528542,0
2022-01-17,6048,6956499,6751,6010912,363,574254,14704,2588280,220,43338,14924,2631618,28086,33484.14,16173322,13541704,0
2022-01-18,8145,6964644,10323,6021235,394,574648,19688,2607968,316,43654,20004,2651622,38866,33505.14,16212188,13560566,0
2022-01-19,7434,6972078,9250,6030485,303,574951,17739,2625707,273,43927,18012,2669634,35000,32742.86,16247188,13577554,0
2022-01-20,6252,6978330,8560,6039045,305,575256,15283,2640990,248,44175,15531,2685165,30648,31181,16277836,13592671,0
2022-01-21,7542,6985872,7513,6046558,276,575532,18529,2659519,286,44461,18815,2703980,34146,29562,16311982,13608002,0
2022-01-22,5183,6991055,4936,6051494,131,575663,11331,2670850,127,44588,11458,2715438,21708,28946.14,16333690,13618252,0
2022-01-23,2802,6993857,3329,6054823,97,575760,6236,2677086,77,44665,6313,2721751,12541,28713.57,16346231,13624480,0
2022-01-24,6348,7000205,8203,6063026,262,576022,15089,2692175,241,44906,15330,2737081,30143,29007.43,16376374,13639293,0
2022-01-25,6169,7006374,7943,6070969,231,576253,14713,2706888,263,45169,14976,2752057,29319,27643.57,16405693,13653636,0
2022-01-26,5736,7012110,7181,6078150,289,576542,14026,2720914,212,45381,14238,2766295,27444,26564.14,16433137,13666842,0
2022-01-27,5233,7017343,7093,6085243,321,576863,14103,2735017,236,45617,14339,2780634,26986,26041,16460123,13679489,0
2022-01-28,6239,7023582,7878,6093121,203,577066,16138,2751155,240,45857,16378,2797012,30698,25548.43,16490821,13693809,0
2022-01-29,838,7024420,728,6093849,28,577094,2541,2753696,39,45896,2580,2799592,4174,23043.57,16494995,13695403,0
2022-01-30,2085,7026505,3023,6096872,103,577197,4547,2758243,62,45958,4609,2804201,9820,22654.86,16504815,13700614,0
2022-01-31,4991,7031496,6591,6103463,220,577417,11402,2769645,202,46160,11604,2815805,23406,21692.43,16528221,13712416,0
2022-02-01,4818,7036314,6444,6109907,220,577637,10724,2780369,221,46381,10945,2826750,22427,20707.86,16550648,13723898,0
2022-02-02,4252,7040566,5942,6115849,212,577849,11252,2791621,243,46624,11495,2838245,21901,19916,16572549,13734304,0
2022-02-03,4214,7044780,5818,6121667,216,578065,11230,2802851,199,46823,11429,2849674,21677,19157.57,16594226,13744552,0
2022-02-04,4749,7049529,7119,6128786,214,578279,13230,2816081,239,47062,13469,2863143,25551,18422.29,16619777,13756634,0
2022-02-05,3566,7053095,6051,6134837,110,578389,8588,2824669,155,47217,8743,2871886,18470,20464.57,16638247,13766361,0
2022-02-06,2057,7055152,2138,6136975,121,578510,4643,2829312,103,47320,4746,2876632,9063,20356.43,16647310,13770678,0
2022-02-07,4143,7059295,4737,6141712,205,578715,10143,2839455,232,47552,10375,2887007,19460,19792.71,16666770,13779763,0
2022-02-08,4204,7063499,5609,6147321,214,578929,11338,2850793,307,47859,11645,2898652,21672,19684.86,16688442,13789790,0
2022-02-09,4120,7067619,5406,6152727,222,579151,11671,2862464,256,48115,11927,2910579,21675,19652.57,16710117,13799538,0
2022-02-10,3974,7071593,5127,6157854,244,579395,12207,2874671,289,48404,12496,2923075,21841,19676,16731958,13808883,0
2022-02-11,4501,7076094,5811,6163665,194,579589,13742,2888413,325,48729,14067,2937142,24573,19536.29,16756531,13819389,0
2022-02-12,3254,7079348,4343,6168008,97,579686,8812,2897225,213,48942,9025,2946167,16719,19286.14,16773250,13827083,0
2022-02-13,1515,7080863,1544,6169552,41,579727,4885,2902110,111,49053,4996,2951163,8096,19148,16781346,13830183,0
2022-02-14,2971,7083834,3627,6173179,167,579894,10578,2912688,326,49379,10904,2962067,17669,18892.14,16799015,13836948,0
2022-02-15,3535,7087369,4078,6177257,174,580068,12798,2925486,283,49662,13081,2975148,20868,18777.29,16819883,13844735,0
2022-02-16,3638,7091007,3908,6181165,200,580268,15739,2941225,295,49957,16034,2991182,23780,19078,16843663,13852481,0
2022-02-17,4038,7095045,4084,6185249,162,580430,18338,2959563,362,50319,18700,3009882,26984,19812.71,16870647,13860765,0
2022-02-18,4448,7099493,4790,6190039,189,580619,21542,2981105,462,50781,22004,3031886,31431,20792.43,16902078,13870192,0
2022-02-19,3248,7102741,2183,6192222,65,580684,11186,2992291,216,50997,11402,3043288,16898,20818,16918976,13875688,0
2022-02-20,1846,7104587,1446,6193668,59,580743,6594,2998885,114,51111,6708,3049996,10059,21098.43,16929035,13879039,0
2022-02-21,3080,7107667,2695,6196363,95,580838,8354,3007239,232,51343,8586,3058582,14456,20639.43,16943491,13884909,0
2022-02-22,4371,7112038,4257,6200620,174,581012,10839,3018078,253,51596,11092,3069674,19894,20500.29,16963385,13893711,0
2022-02-23,4251,7116289,3791,6204411,145,581157,10675,3028753,241,51837,10916,3080590,19103,19832.14,16982488,13901898,0
2022-02-24,3788,7120077,3661,6208072,108,581265,10199,3038952,229,52066,10428,3091018,17985,18546.57,17000473,13909455,0
2022-02-25,3602,7123679,3635,6211707,135,581400,9990,3048942,239,52305,10229,3101247,17601,16570.86,17018074,13916827,0
2022-02-26,2828,7126507,2581,6214288,74,581474,9525,3058467,154,52459,9679,3110926,15162,16322.86,17033236,13922310,0
2022-02-27,1766,7128273,1372,6215660,52,581526,6271,3064738,101,52560,6372,3117298,9562,16251.86,17042798,13925500,0
2022-02-28,3783,7132056,3140,6218800,141,581667,13141,3077879,249,52809,13390,3130688,20454,17108.71,17063252,13932564,0
2022-03-01,2122,7134178,2632,6221432,103,581770,5186,3083065,187,52996,5373,3136061,10230,15728.14,17073482,13937421,0
2022-03-02,1831,7136009,2445,6223877,107,581877,4141,3087206,209,53205,4350,3140411,8733,14246.71,17082215,13941804,0
2022-03-03,1934,7137943,2560,6226437,106,581983,3799,3091005,171,53376,3970,3144381,8570,12901.71,17090785,13946404,0
2022-03-04,2119,7140062,2876,6229313,66,582049,4331,3095336,209,53585,4540,3148921,9601,11758.86,17100386,13951465,0
2022-03-05,1611,7141673,2124,6231437,43,582092,3316,3098652,119,53704,3435,3152356,7213,10623.29,17107599,13955243,0
2022-03-06,797,7142470,880,6232317,30,582122,1624,3100276,55,53759,1679,3154035,3386,9741,17110985,13956950,0
2022-03-07,1661,7144131,1788,6234105,87,582209,3502,3103778,160,53919,3662,3157697,7198,7847.29,17118183,13960486,0
2022-03-08,1548,7145679,1896,6236001,79,582288,3126,3106904,152,54071,3278,3160975,6801,7357.43,17124984,13964009,0
2022-03-09,1263,7146942,1683,6237684,80,582368,2592,3109496,129,54200,2721,3163696,5747,6930.86,17130731,13967035,0
2022-03-10,1416,7148358,2100,6239784,85,582453,2965,3112461,163,54363,3128,3166824,6729,6667.86,17137460,13970636,0
2022-03-11,1596,7149954,2275,6242059,81,582534,3213,3115674,189,54552,3402,3170226,7354,6346.86,17144814,13974588,0
2022-03-12,877,7150831,1415,6243474,42,582576,2009,3117683,75,54627,2084,3172310,4418,5947.57,17149232,13976922,0
2022-03-13,624,7151455,756,6244230,28,582604,1293,3118976,47,54674,1340,3173650,2748,5856.43,17151980,13978330,0
2022-03-14,1365,7152820,1613,6245843,83,582687,2991,3121967,209,54883,3200,3176850,6261,5722.57,17158241,13981391,0
2022-03-15,1356,7154176,1926,6247769,63,582750,3069,3125036,233,55116,3302,3180152,6647,5700.57,17164888,13984736,0
2022-03-16,1398,7155574,2065,6249834,94,582844,3141,3128177,295,55411,3436,3183588,6993,5878.57,17171881,13988293,0
2022-03-17,1194,7156768,1807,6251641,71,582915,2762,3130939,269,55680,3031,3186619,6103,5789.14,17177984,13991365,0
2022-03-18,1588,7158356,2218,6253859,79,582994,3774,3134713,418,56098,4192,3190811,8077,5892.43,17186061,13995250,0
2022-03-19,1110,7159466,1732,6255591,54,583048,2605,3137318,227,56325,2832,3193643,5728,6079.57,17191789,13998146,0
2022-03-20,608,7160074,629,6256220,33,583081,1467,3138785,186,56511,1653,3195296,2923,6104.57,17194712,13999416,0
2022-03-21,1420,7161494,1553,6257773,72,583153,3059,3141844,360,56871,3419,3198715,6464,6133.57,17201176,14002461,0
2022-03-22,1342,7162836,1553,6259326,101,583254,2906,3144750,345,57216,3251,3201966,6247,6076.43,17207423,14005457,0
2022-03-23,1258,7164094,1362,6260688,66,583320,2920,3147670,374,57590,3294,3205260,5980,5931.71,17213403,14008143,0
2022-03-24,1211,7165305,1299,6261987,90,583410,2520,3150190,270,57860,2790,3208050,5390,5829.86,17218793,14010743,0
2022-03-25,1381,7166686,1634,6263621,62,583472,3269,3153459,381,58241,3650,3211700,6727,5637,17225520,14013820,0
2022-03-26,926,7167612,1165,6264786,36,583508,2308,3155767,251,58492,2559,3214259,4686,5488.14,17230206,14015947,0
2022-03-27,573,7168185,528,6265314,29,583537,1315,3157082,202,58694,1517,3215776,2647,5448.71,17232853,14017077,0
2022-03-28,1079,7169264,1168,6266482,69,583606,2441,3159523,364,59058,2805,3218581,5121,5256.86,17237974,14019393,0
2022-03-29,1050,7170314,1103,6267585,85,583691,2511,3162034,884,59942,3395,3221976,5633,5169.14,17243607,14021631,0
2022-03-30,1242,7171556,1138,6268723,99,583790,3062,3165096,3412,63354,6474,3228450,8953,5593.86,17252560,14024110,0
2022-03-31,1277,7172833,1253,6269976,57,583847,3166,3168262,5519,68873,8685,3237135,11273,6434.29,17263833,14026698,0
2022-04-01,1421,7174254,1490,6271466,76,583923,3248,3171510,6913,75786,10161,3247296,13148,7351.57,17276981,14029685,0
2022-04-02,908,7175162,909,6272375,33,583956,2089,3173599,4537,80323,6626,3253922,8476,7893,17285457,14031535,0
2022-04-03,555,7175717,494,6272869,28,583984,1221,3174820,3055,83378,4276,3258198,5353,8279.57,17290810,14032612,0
2022-04-04,1350,7177067,1305,6274174,61,584045,2723,3177543,7712,91090,10435,3268633,13151,9426.71,17303961,14035328,0
2022-04-05,1298,7178365,1157,6275331,66,584111,2843,3180386,7495,98585,10338,3278971,12859,10459,17316820,14037849,0
2022-04-06,1336,7179701,1177,6276508,61,584172,2625,3183011,6962,105547,9587,3288558,12161,10917.29,17328981,14040423,0
2022-04-07,1207,7180908,1062,6277570,57,584229,2374,3185385,6622,112169,8996,3297554,11322,10924.29,17340303,14042749,0
2022-04-08,1478,7182386,1407,6278977,61,584290,3168,3188553,8790,120959,11958,3309512,14904,11175.14,17355207,14045695,0
2022-04-09,912,7183298,924,6279901,29,584319,2081,3190634,4950,125909,7031,3316543,8896,11235.14,17364103,14047560,0
2022-04-10,578,7183876,460,6280361,25,584344,1167,3191801,2901,128810,4068,3320611,5131,11203.43,17369234,14048623,0
2022-04-11,1307,7185183,1231,6281592,61,584405,2657,3194458,7833,136643,10490,3331101,13089,11194.57,17382323,14051222,0
2022-04-12,1214,7186397,1055,6282647,73,584478,2520,3196978,7442,144085,9962,3341063,12304,11115.29,17394627,14053564,0
2022-04-13,1235,7187632,1073,6283720,59,584537,2517,3199495,7542,151627,10059,3351122,12426,11153.14,17407053,14055931,0
2022-04-14,1266,7188898,1094,6284814,59,584596,2442,3201937,6590,158217,9032,3360154,11451,11171.57,17418504,14058350,0
2022-04-15,1333,7190231,1096,6285910,53,584649,2561,3204498,6637,164854,9198,3369352,11680,10711,17430184,14060832,0
2022-04-16,857,7191088,652,6286562,34,584683,1642,3206140,3686,168540,5328,3374680,6871,10421.71,17437055,14062375,0
2022-04-17,345,7191433,201,6286763,27,584710,638,3206778,1158,169698,1796,3376476,2369,10027.14,17439424,14062948,0
2022-04-18,1387,7192820,1115,6287878,82,584792,2584,3209362,6410,176108,8994,3385470,11578,9811.29,17451002,14065532,0
2022-04-19,1415,7194235,934,6288812,71,584863,2581,3211943,5750,181858,8331,3393801,10751,9589.43,17461753,14067952,0
2022-04-20,1305,7195540,1157,6289969,65,584928,2705,3214648,6639,188497,9344,3403145,11871,9510.14,17473624,14070479,0
2022-04-21,1218,7196758,1065,6291034,53,584981,2334,3216982,5344,193841,7678,3410823,10014,9304.86,17483638,14072815,0
2022-04-22,1210,7197968,1024,6292058,46,585027,2197,3219179,5655,199496,7852,3418675,10133,9083.86,17493771,14075096,0
2022-04-23,713,7198681,749,6292807,59,585086,1429,3220608,3349,202845,4778,3423453,6299,9002.14,17500070,14076617,0
2022-04-24,441,7199122,336,6293143,27,585113,807,3221415,1820,204665,2627,3426080,3431,9153.86,17503501,14077421,0
2022-04-25,1036,7200158,915,6294058,64,585177,1851,3223266,5094,209759,6945,3433025,8960,8779.86,17512461,14079436,0
2022-04-26,947,7201105,859,6294917,76,585253,1749,3225015,4696,214455,6445,3439470,8327,8433.57,17520788,14081318,0
2022-04-27,1037,7202142,1022,6295939,80,585333,1928,3226943,5209,219664,7137,3446607,9276,8062.86,17530064,14083457,0
2022-04-28,1087,7203229,987,6296926,50,585383,2003,3228946,4731,224395,6734,3453341,8858,7897.71,17538922,14085581,0
2022-04-29,1180,7204409,1100,6298026,60,585443,2162,3231108,5407,229802,7569,3460910,9909,7865.71,17548831,14087921,0
2022-04-30,725,7205134,743,6298769,50,585493,1391,3232499,2968,232770,4359,3465269,5877,7805.43,17554708,14089439,0
2022-05-01,446,7205580,366,6299135,20,585513,766,3233265,1656,234426,2422,3467691,3254,7780.14,17557962,14090271,0
2022-05-02,1052,7206632,789,6299924,52,585565,1676,3234941,3816,238242,5492,3473183,7385,7555.14,17565347,14092164,0
2022-05-03,1121,7207753,862,6300786,61,585626,1994,3236935,4868,243110,6862,3480045,8906,7637.86,17574253,14094208,0
2022-05-04,1012,7208765,882,6301668,48,585674,1929,3238864,4663,247773,6592,3486637,8534,7531.86,17582787,14096150,0
2022-05-05,1073,7209838,958,6302626,87,585761,1927,3240791,4876,252649,6803,3493440,8921,7540.86,17591708,14098268,0
2022-05-06,1095,7210933,955,6303581,51,585812,1860,3242651,4400,257049,6260,3499700,8361,7319.71,17600069,14100369,0
2022-05-07,660,7211593,590,6304171,32,585844,1202,3243853,2431,259480,3633,3503333,4915,7182.29,17604984,14101651,0
2022-05-08,412,7212005,244,6304415,17,585861,667,3244520,1386,260866,2053,3505386,2726,7106.86,17607710,14102324,0
2022-05-09,1081,7213086,945,6305360,60,585921,1892,3246412,4429,265295,6321,3511707,8407,7252.86,17616117,14104410,0
2022-05-10,1098,7214184,929,6306289,54,585975,1985,3248397,4714,270009,6699,3518406,8780,7234.86,17624897,14106491,0
2022-05-11,1091,7215275,975,6307264,44,586019,1941,3250338,4838,274847,6779,3525185,8889,7285.57,17633786,14108601,0
2022-05-12,1107,7216382,949,6308213,60,586079,1997,3252335,4662,279509,6659,3531844,8775,7264.71,17642561,14110717,0
2022-05-13,1159,7217541,1040,6309253,44,586123,2063,3254398,4791,284300,6854,3538698,9097,7369.86,17651658,14112960,0
2022-05-14,830,7218371,668,6309921,31,586154,1466,3255864,2951,287251,4417,3543115,5946,7517.14,17657604,14114489,0
2022-05-15,510,7218881,357,6310278,22,586176,923,3256787,1648,288899,2571,3545686,3460,7622,17661064,14115378,0
2022-05-16,1228,7220109,855,6311133,62,586238,1831,3258618,3859,292758,5690,3551376,7835,7540.29,17668899,14117523,0
2022-05-17,1290,7221399,931,6312064,79,586317,2043,3260661,4892,297650,6935,3558311,9235,7605.29,17678134,14119823,0
2022-05-18,1243,7222642,901,6312965,82,586399,2061,3262722,4931,302581,6992,3565303,9218,7652.29,17687352,14122049,0
2022-05-19,1163,7223805,881,6313846,36,586435,2118,3264840,4725,307306,6843,3572146,8923,7673.43,17696275,14124129,0
2022-05-20,1198,7225003,967,6314813,73,586508,2370,3267210,5202,312508,7572,3579718,9812,7775.57,17706087,14126369,0
2022-05-21,837,7225840,646,6315459,23,586531,1721,3268931,3300,315808,5021,3584739,6528,7858.71,17712615,14127876,0
2022-05-22,509,7226349,292,6315751,22,586553,1135,3270066,1837,317645,2972,3587711,3795,7906.57,17716410,14128699,0
2022-05-23,1222,7227571,886,6316637,52,586605,2186,3272252,4707,322352,6893,3594604,9053,8080.57,17725463,14130859,0
2022-05-24,1412,7228983,940,6317577,66,586671,2300,3274552,4483,326835,6783,3601387,9202,8075.86,17734665,14133278,0
2022-05-25,1426,7230409,956,6318533,56,586727,2256,3276808,4260,331095,6516,3607903,8955,8038.29,17743620,14135717,0
2022-05-26,1177,7231586,888,6319421,60,586787,2261,3279069,4150,335245,6411,3614314,8537,7983.14,17752157,14137843,0
2022-05-27,1247,7232833,958,6320379,38,586825,2501,3281570,3914,339159,6415,3620729,8659,7818.43,17760816,14140087,0
2022-05-28,712,7233545,517,6320896,19,586844,1784,3283354,2065,341224,3849,3624578,5097,7614,17765913,14141335,0
2022-05-29,476,7234021,215,6321111,11,586855,759,3284113,1124,342348,1883,3626461,2585,7441.14,17768498,14142037,0
2022-05-30,92,7234113,59,6321170,6,586861,139,3284252,144,342492,283,3626744,440,6210.71,17768938,14142194,0
2022-05-31,1142,7235255,919,6322089,51,586912,1893,3286145,3056,345548,4949,3631693,7061,5904.86,17775999,14144306,0
2022-06-01,1156,7236411,852,6322941,63,586975,1968,3288113,3424,348972,5392,3637085,7463,5691.71,17783462,14146377,0
2022-06-02,1036,7237447,799,6323740,72,587047,1823,3289936,3169,352141,4992,3642077,6899,5457.71,17790361,14148284,0
2022-06-03,1167,7238614,896,6324636,47,587094,2066,3292002,3491,355632,5557,3647634,7667,5316,17798028,14150394,0
2022-06-04,726,7239340,582,6325218,26,587120,1555,3293557,1904,357536,3459,3651093,4795,5272.86,17802823,14151730,0
2022-06-05,450,7239790,297,6325515,1,587121,880,3294437,978,358514,1858,3652951,2606,5275.86,17805429,14152478,0
2022-06-06,1128,7240918,828,6326343,64,587185,1753,3296190,2732,361246,4485,3657436,6505,6142.29,17811934,14154498,0
2022-06-07,1027,7241945,770,6327113,70,587255,1788,3297978,2560,363806,4348,3661784,6215,6021.43,17818149,14156365,0
2022-06-08,1096,7243041,837,6327950,75,587330,1876,3299854,2742,366548,4618,3666402,6627,5902,17824776,14158374,0
2022-06-09,1140,7244181,839,6328789,61,587391,2223,3302077,2689,369237,4912,3671314,6952,5909.57,17831728,14160414,0
2022-06-10,1049,7245230,818,6329607,75,587466,1882,3303959,2823,372060,4705,3676019,6647,5763.86,17838375,14162356,0
2022-06-11,683,7245913,508,6330115,25,587491,1326,3305285,1500,373560,2826,3678845,4042,5656.29,17842417,14163572,0
2022-06-12,351,7246264,288,6330403,21,587512,878,3306163,772,374332,1650,3680495,2310,5614,17844727,14164232,0
2022-06-13,1029,7247293,768,6331171,63,587575,1575,3307738,2184,376516,3759,3684254,5620,5487.57,17850347,14166093,0
2022-06-14,966,7248259,833,6332004,64,587639,1681,3309419,2500,379016,4181,3688435,6044,5463.14,17856391,14167956,0
2022-06-15,969,7249228,867,6332871,39,587678,1664,3311083,2417,381433,4081,3692516,5956,5367.29,17862347,14169831,0
2022-06-16,961,7250189,777,6333648,59,587737,1828,3312911,2367,383800,4195,3696711,5992,5230.14,17868339,14171628,0
2022-06-17,906,7251095,796,6334444,48,587785,1769,3314680,2396,386196,4165,3700876,5916,5125.71,17874255,14173379,0
2022-06-18,661,7251756,521,6334965,26,587811,1279,3315959,1293,387489,2572,3703448,3780,5088.29,17878035,14174587,0
2022-06-19,348,7252104,236,6335201,16,587827,727,3316686,605,388094,1332,3704780,1932,5034.29,17879967,14175187,0
2022-06-20,835,7252939,486,6335687,41,587868,1572,3318258,1614,389708,3186,3707966,4548,4881.14,17884515,14176549,0
2022-06-21,1136,7254075,741,6336428,50,587918,1697,3319955,2141,391849,3838,3711804,5766,4841.43,17890281,14178477,0
2022-06-22,1965,7256040,834,6337262,46,587964,1703,3321658,1994,393843,3697,3715501,6542,4925.14,17896823,14181322,0
2022-06-23,2120,7258160,762,6338024,65,588029,1699,3323357,2150,395993,3849,3719350,6797,5040.14,17903620,14184270,0
2022-06-24,2181,7260341,755,6338779,48,588077,1625,3324982,2152,398145,3777,3723127,6761,5160.86,17910381,14187254,0
2022-06-25,2140,7262481,497,6339276,15,588092,1233,3326215,1142,399287,2375,3725502,5031,5339.57,17915412,14189910,0
2022-06-26,1213,7263694,249,6339525,14,588106,684,3326899,529,399816,1213,3726715,2689,5447.71,17918101,14191386,0
2022-06-27,1532,7265226,653,6340178,60,588166,1462,3328361,1650,401466,3112,3729827,5357,5563.29,17923458,14193631,0
2022-06-28,1691,7266917,829,6341007,57,588223,1855,3330216,2143,403609,3998,3733825,6575,5678.86,17930033,14196208,0
2022-06-29,1860,7268777,776,6341783,48,588271,1718,3331934,1919,405528,3637,3737462,6321,5647.29,17936354,14198892,0
2022-06-30,1869,7270646,808,6342591,46,588317,1729,3333663,2131,407659,3860,3741322,6583,5616.71,17942937,14201615,0
2022-07-01,1603,7272249,599,6343190,26,588343,1390,3335053,1722,409381,3112,3744434,5340,5413.71,17948277,14203843,0
2022-07-02,979,7273228,389,6343579,18,588361,837,3335890,940,410321,1777,3746211,3163,5146.86,17951440,14205229,0
2022-07-03,530,7273758,206,6343785,7,588368,458,3336348,486,410807,944,3747155,1687,5003.71,17953127,14205972,0
2022-07-04,36,7273794,25,6343810,1,588369,31,3336379,38,410845,69,3747224,131,4257.14,17953258,14206034,0
2022-07-05,1295,7275089,758,6344568,35,588404,1404,3337783,1738,412583,3142,3750366,5230,4065,17958488,14208122,0
2022-07-06,1612,7276701,683,6345251,44,588448,1442,3339225,1836,414419,3278,3753644,5617,3964.43,17964105,14210461,0
2022-07-07,1594,7278295,714,6345965,48,588496,1528,3340753,1998,416417,3526,3757170,5882,3864.29,17969987,14212817,0
2022-07-08,1631,7279926,652,6346617,37,588533,1471,3342224,1975,418392,3446,3760616,5768,3925.43,17975755,14215139,0
2022-07-09,982,7280908,423,6347040,26,588559,878,3343102,1343,419735,2221,3762837,3652,3995.29,17979407,14216570,0
2022-07-10,638,7281546,187,6347227,17,588576,429,3343531,660,420395,1089,3763926,1931,4030.14,17981338,14217412,0
2022-07-11,1397,7282943,635,6347862,49,588625,1436,3344967,2210,422605,3646,3767572,5727,4829.57,17987065,14219493,0
2022-07-12,1402,7284345,687,6348549,45,588670,1398,3346365,2511,425116,3909,3771481,6043,4945.71,17993108,14221627,0
2022-07-13,1619,7285964,727,6349276,36,588706,1520,3347885,2820,427936,4340,3775821,6722,5103.57,17999830,14224009,0
2022-07-14,1592,7287556,839,6350115,47,588753,1600,3349485,3054,430990,4654,3780475,7133,5282.29,18006963,14226488,0
2022-07-15,1613,7289169,939,6351054,47,588800,1569,3351054,3047,434037,4616,3785091,7215,5489,18014178,14229087,0
2022-07-16,882,7290051,585,6351639,9,588809,978,3352032,1692,435729,2670,3787761,4146,5559.57,18018324,14230563,0
2022-07-17,550,7290601,289,6351928,16,588825,529,3352561,1165,436894,1694,3789455,2549,5647.86,18020873,14231418,0
2022-07-18,1400,7292001,841,6352769,45,588870,1432,3353993,2449,439343,3881,3793336,6167,5710.71,18027040,14233704,0
2022-07-19,1441,7293442,977,6353746,51,588921,1536,3355529,2797,442140,4333,3797669,6802,5819.14,18033842,14236173,0
2022-07-20,1383,7294825,1479,6355225,50,588971,1349,3356878,2389,444529,3738,3801407,6651,5809,18040493,14239086,0
2022-07-21,1335,7296160,1433,6356658,50,589021,1391,3358269,2363,446892,3754,3805161,6572,5728.86,18047065,14241904,0
2022-07-22,1430,7297590,1569,6358227,41,589062,1559,3359828,2850,449742,4409,3809570,7449,5762.29,18054514,14244944,0
2022-07-23,904,7298494,1097,6359324,17,589079,994,3360822,1552,451294,2546,3812116,4564,5822,18059078,14246962,0
2022-07-24,487,7298981,642,6359966,14,589093,501,3361323,803,452097,1304,3813420,2448,5807.57,18061526,14248106,0
2022-07-25,1221,7300202,766,6360732,59,589152,1262,3362585,2055,454152,3317,3816737,5363,5692.71,18066889,14250152,0
2022-07-26,1232,7301434,1021,6361753,41,589193,1470,3364055,2440,456592,3910,3820647,6204,5607.29,18073093,14252446,0
2022-07-27,1319,7302753,1276,6363029,42,589235,1387,3365442,2189,458781,3576,3824223,6215,5545,18079308,14255085,0
2022-07-28,1312,7304065,1418,6364447,71,589306,1424,3366866,2220,461001,3644,3827867,6445,5526.86,18085753,14257886,0
2022-07-29,1317,7305382,1429,6365876,64,589370,1356,3368222,2150,463151,3506,3831373,6317,5365.14,18092070,14260697,0
2022-07-30,723,7306105,714,6366590,25,589395,789,3369011,951,464102,1740,3833113,3205,5171,18095275,14262162,0
2022-07-31,423,7306528,590,6367180,14,589409,488,3369499,570,464672,1058,3834171,2085,5119.14,18097360,14263189,0
2022-08-01,1223,7307751,911,6368091,55,589464,1326,3370825,1505,466177,2831,3837002,5020,5070.14,18102380,14265378,0
2022-08-02,1225,7308976,1013,6369104,73,589537,1344,3372169,1596,467773,2940,3839942,5251,4934,18107631,14267689,0
2022-08-03,1263,7310239,1190,6370294,41,589578,1339,3373508,1524,469297,2863,3842805,5357,4811.43,18112988,14270183,0
2022-08-04,1184,7311423,1184,6371478,57,589635,1284,3374792,1455,470752,2739,3845544,5164,4628.43,18118152,14272608,0
2022-08-05,1307,7312730,1447,6372925,49,589684,1313,3376105,1435,472187,2748,3848292,5551,4519,18123703,14275411,0
2022-08-06,689,7313419,842,6373767,14,589698,759,3376864,771,472958,1530,3849822,3076,4500.57,18126779,14276957,0
2022-08-07,390,7313809,457,6374224,14,589712,421,3377285,353,473311,774,3850596,1635,4436.29,18128414,14277818,0
2022-08-08,1182,7314991,933,6375157,70,589782,1271,3378556,1171,474482,2442,3853038,4627,4380.14,18133041,14280003,0
2022-08-09,1125,7316116,892,6376049,38,589820,1226,3379782,1159,475641,2385,3855423,4440,4264.29,18137481,14282058,0
2022-08-10,1213,7317329,1110,6377159,59,589879,1255,3381037,1244,476885,2499,3857922,4881,4196.29,18142362,14284440,0
2022-08-11,1295,7318624,1064,6378223,84,589963,1210,3382247,1277,478162,2487,3860409,4930,4162.86,18147292,14286883,0
2022-08-12,1311,7319935,1405,6379628,54,590017,1264,3383511,1247,479409,2511,3862920,5281,4124.29,18152573,14289653,0
2022-08-13,755,7320690,783,6380411,15,590032,760,3384271,628,480037,1388,3864308,2941,4105,18155514,14291206,0
2022-08-14,481,7321171,478,6380889,19,590051,403,3384674,280,480317,683,3864991,1661,4108.71,18157175,14292184,0
2022-08-15,1258,7322429,1056,6381945,60,590111,1311,3385985,988,481305,2299,3867290,4673,4115.29,18161848,14294558,0
2022-08-16,1302,7323731,865,6382810,50,590161,1360,3387345,1071,482376,2431,3869721,4648,4145,18166496,14296775,0
2022-08-17,1208,7324939,954,6383764,39,590200,1229,3388574,996,483372,2225,3871946,4426,4080,18170922,14298976,0
2022-08-18,1157,7326096,942,6384706,45,590245,1264,3389838,943,484315,2207,3874153,4351,3997.29,18175273,14301120,0
2022-08-19,1249,7327345,1129,6385835,34,590279,1114,3390952,976,485291,2090,3876243,4502,3886,18179775,14303532,0
2022-08-20,581,7327926,487,6386322,16,590295,629,3391581,499,485790,1128,3877371,2212,3781.86,18181987,14304616,0
2022-08-21,358,7328284,244,6386566,9,590304,381,3391962,266,486056,647,3878018,1258,3724.29,18183245,14305227,0
2022-08-22,1204,7329488,916,6387482,38,590342,1229,3393191,881,486937,2110,3880128,4268,3666.43,18187513,14307385,0
2022-08-23,1230,7330718,1046,6388528,47,590389,1375,3394566,960,487897,2335,3882463,4659,3668,18192172,14309709,0
2022-08-24,1264,7331982,1009,6389537,29,590418,1283,3395849,818,488715,2101,3884564,4404,3664.86,18196576,14312012,0
2022-08-25,1213,7333195,977,6390514,66,590484,1181,3397030,812,489527,1993,3886557,4249,3650.29,18200825,14314268,0
2022-08-26,1178,7334373,1168,6391682,53,590537,1185,3398215,778,490305,1963,3888520,4362,3630.29,18205187,14316667,0
2022-08-27,692,7335065,538,6392220,14,590551,669,3398884,404,490709,1073,3889593,2317,3645.29,18207504,14317911,0
2022-08-28,374,7335439,232,6392452,10,590561,444,3399328,225,490934,669,3890262,1285,3649.14,18208789,14318527,0
2022-08-29,1250,7336689,963,6393415,41,590602,1210,3400538,679,491613,1889,3892151,4144,3631.43,18212933,14320782,0
2022-08-30,1260,7337949,936,6394351,36,590638,1260,3401798,763,492376,2023,3894174,4255,3573.71,18217188,14323014,0
2022-08-31,1137,7339086,1001,6395352,43,590681,1103,3402901,567,492943,1670,3895844,3852,3494.86,18221040,14325196,0
2022-09-01,1021,7340107,955,6396307,51,590732,802,3403703,454,493397,1256,3897100,3283,3356.86,18224323,14327223,0
2022-09-02,958,7341065,1005,6397312,29,590761,585,3404288,172,493569,757,3897857,2749,3126.43,18227072,14329215,0
2022-09-03,492,7341557,431,6397743,12,590773,361,3404649,50,493619,411,3898268,1346,2987.71,18228418,14330150,0
2022-09-04,225,7341782,195,6397938,10,590783,188,3404837,28,493647,216,3898484,646,2896.43,18229064,14330580,0
2022-09-05,74,7341856,69,6398007,7,590790,45,3404882,16,493663,61,3898545,211,2334.57,18229275,14330730,0
2022-09-06,966,7342822,1143,6399150,50,590840,628,3405510,131,493794,759,3899304,2923,2144.29,18232198,14332894,0
2022-09-07,901,7343723,1008,6400158,38,590878,475,3405985,149,493943,624,3899928,2588,1963.71,18234786,14334858,0
2022-09-08,782,7344505,751,6400909,36,590914,247,3406232,111,494054,358,3900286,1965,1775.43,18236751,14336465,0
2022-09-09,776,7345281,1053,6401962,48,590962,272,3406504,120,494174,392,3900678,2384,1723.29,18239135,14338457,0
2022-09-10,432,7345713,591,6402553,12,590974,257,3406761,45,494219,302,3900980,1393,1730,18240528,14339548,0
2022-09-11,193,7345906,214,6402767,11,590985,84,3406845,30,494249,114,3901094,564,1718.29,18241092,14339998,0
2022-09-12,685,7346591,742,6403509,38,591023,201,3407046,93,494342,294,3901388,1829,1949.43,18242921,14341533,0
2022-09-13,669,7347260,750,6404259,32,591055,218,3407264,113,494455,331,3901719,1890,1801.86,18244811,14343092,0
2022-09-14,651,7347911,793,6405052,30,591085,220,3407484,120,494575,340,3902059,1944,1709.86,18246755,14344696,0
2022-09-15,727,7348638,711,6405763,22,591107,221,3407705,108,494683,329,3902388,1943,1706.71,18248698,14346310,0
2022-09-16,711,7349349,967,6406730,27,591134,270,3407975,168,494851,438,3902826,2386,1707,18251084,14348258,0
2022-09-17,339,7349688,561,6407291,12,591146,271,3408246,79,494930,350,3903176,1369,1703.57,18252453,14349277,0
2022-09-18,163,7349851,180,6407471,7,591153,72,3408318,28,494958,100,3903276,475,1690.86,18252928,14349652,0
2022-09-19,629,7350480,615,6408086,28,591181,222,3408540,94,495052,316,3903592,1656,1666.14,18254584,14350992,0
2022-09-20,606,7351086,677,6408763,27,591208,212,3408752,92,495144,304,3903896,1736,1644.14,18256320,14352424,0
2022-09-21,627,7351713,650,6409413,31,591239,256,3409008,133,495277,389,3904285,1849,1630.57,18258169,14353884,0
2022-09-22,583,7352296,639,6410052,28,591267,168,3409176,138,495415,306,3904591,1755,1603.71,18259924,14355333,0
2022-09-23,645,7352941,910,6410962,24,591291,250,3409426,145,495560,395,3904986,2226,1580.86,18262150,14357164,0
2022-09-24,329,7353270,559,6411521,8,591299,260,3409686,68,495628,328,3905314,1322,1574.14,18263472,14358158,0
2022-09-25,138,7353408,167,6411688,1,591300,72,3409758,48,495676,120,3905434,472,1573.71,18263944,14358510,0
2022-09-26,533,7353941,521,6412209,16,591316,281,3410039,150,495826,431,3905865,1626,1569.43,18265570,14359705,0
2022-09-27,616,7354557,649,6412858,26,591342,282,3410321,169,495995,451,3906316,1931,1597.29,18267501,14361185,0
2022-09-28,514,7355071,596,6413454,18,591360,188,3410509,186,496181,374,3906690,1704,1576.57,18269205,14362515,0
2022-09-29,648,7355719,649,6414103,19,591379,173,3410682,105,496286,278,3906968,1807,1584,18271012,14364044,0
2022-09-30,589,7356308,822,6414925,13,591392,181,3410863,185,496471,366,3907334,2116,1568.29,18273128,14365794,0
2022-10-01,241,7356549,351,6415276,5,591397,132,3410995,36,496507,168,3907502,871,1503.86,18273999,14366497,0
2022-10-02,124,7356673,148,6415424,5,591402,46,3411041,46,496553,92,3907594,391,1492.29,18274390,14366796,0
2022-10-03,503,7357176,436,6415860,23,591425,156,3411197,117,496670,273,3907867,1340,1451.43,18275730,14367863,0
2022-10-04,482,7357658,506,6416366,15,591440,147,3411344,123,496793,270,3908137,1361,1370,18277091,14368954,0
2022-10-05,529,7358187,601,6416967,17,591457,279,3411623,166,496959,445,3908582,1753,1377,18278844,14370262,0
2022-10-06,529,7358716,599,6417566,19,591476,165,3411788,162,497121,327,3908909,1595,1346.71,18280439,14371530,0
2022-10-07,556,7359272,657,6418223,15,591491,167,3411955,149,497270,316,3909225,1897,1315.43,18282336,14373111,0
2022-10-08,247,7359519,367,6418590,4,591495,141,3412096,63,497333,204,3909429,895,1318.86,18283231,14373802,0
2022-10-09,105,7359624,156,6418746,5,591500,47,3412143,56,497389,103,3909532,403,1320.57,18283634,14374102,0
2022-10-10,369,7359993,435,6419181,14,591514,170,3412313,115,497504,285,3909817,1232,1305.14,18284866,14375049,0
2022-10-11,513,7360506,491,6419672,19,591533,178,3412491,151,497655,329,3910146,1463,1319.71,18286329,14376183,0
2022-10-12,483,7360989,547,6420219,17,591550,133,3412624,182,497837,315,3910461,1505,1284.29,18287834,14377373,0
2022-10-13,505,7361494,477,6420696,28,591578,129,3412753,204,498041,333,3910794,1441,1262.29,18289275,14378481,0
2022-10-14,522,7362016,728,6421424,25,591603,134,3412887,206,498247,340,3911134,1951,1270,18291226,14380092,0
2022-10-15,233,7362249,327,6421751,9,591612,88,3412975,67,498314,155,3911289,812,1258.14,18292038,14380749,0
2022-10-16,106,7362355,160,6421911,3,591615,25,3413000,65,498379,90,3911379,397,1257.29,18292435,14381056,0
2022-10-17,486,7362841,440,6422351,18,591633,82,3413082,122,498501,204,3911583,1273,1263.14,18293708,14382125,0
2022-10-18,435,7363276,504,6422855,20,591653,97,3413179,146,498647,243,3911826,1327,1243.71,18295035,14383209,0
2022-10-19,525,7363801,490,6423345,20,591673,86,3413265,150,498797,236,3912062,1399,1228.57,18296434,14384372,0
2022-10-20,491,7364292,493,6423838,10,591683,79,3413344,154,498951,233,3912295,1350,1215.57,18297784,14385489,0
2022-10-21,470,7364762,545,6424383,8,591691,88,3413432,160,499111,248,3912543,1590,1164,18299374,14386831,0
2022-10-22,215,7364977,299,6424682,8,591699,41,3413473,42,499153,83,3912626,688,1146.29,18300062,14387436,0
2022-10-23,81,7365058,96,6424778,3,591702,21,3413494,37,499190,58,3912684,258,1126.43,18300320,14387636,0
2022-10-24,479,7365537,415,6425193,19,591721,71,3413565,115,499305,186,3912870,1221,1119,18301541,14388671,0
2022-10-25,463,7366000,447,6425640,12,591733,93,3413658,114,499419,207,3913077,1262,1109.71,18302803,14389726,0
2022-10-26,485,7366485,445,6426085,11,591744,88,3413746,176,499595,264,3913341,1378,1106.71,18304181,14390840,0
2022-10-27,431,7366916,439,6426524,13,591757,92,3413838,138,499733,230,3913571,1245,1091.71,18305426,14391855,0
2022-10-28,535,7367451,632,6427156,17,591774,100,3413938,163,499896,263,3913834,1731,1111.86,18307157,14393323,0
2022-10-29,185,7367636,232,6427388,9,591783,65,3414003,55,499951,120,3913954,636,1104.43,18307793,14393839,0
2022-10-30,89,7367725,75,6427463,3,591786,19,3414022,57,500008,76,3914030,265,1105.43,18308058,14394028,0
2022-10-31,336,7368061,314,6427777,8,591794,47,3414069,127,500135,174,3914204,901,1059.71,18308959,14394755,0
2022-11-01,469,7368530,377,6428154,18,591812,75,3414144,124,500259,199,3914403,1250,1058,18310209,14395806,0
2022-11-02,405,7368935,396,6428550,17,591829,86,3414230,118,500377,204,3914607,1186,1030.57,18311395,14396788,0
2022-11-03,404,7369339,380,6428930,13,591842,79,3414309,157,500534,236,3914843,1158,1018.14,18312553,14397710,0
2022-11-04,452,7369791,491,6429421,14,591856,99,3414408,156,500690,255,3915098,1556,993.14,18314109,14399011,120000
2022-11-05,223,7370014,214,6429635,5,591861,60,3414468,76,500766,136,3915234,666,997.43,18314775,14399541,120000
2022-11-06,76,7370090,97,6429732,4,591865,19,3414487,49,500815,68,3915302,299,1002.29,18315074,14399772,120000
2022-11-07,428,7370518,358,6430090,14,591879,72,3414559,109,500924,181,3915483,1102,1031,18316176,14400693,120000
2022-11-08,403,7370921,362,6430452,7,591886,88,3414647,126,501050,214,3915697,1153,1017.14,18317329,14401632,120000
2022-11-09,402,7371323,367,6430819,8,591894,80,3414727,110,501160,190,3915887,1141,1010.71,18318470,14402583,120000
2022-11-10,188,7371511,173,6430992,4,591898,30,3414757,75,501235,105,3915992,534,921.57,18319004,14403012,120000
