"DATE","ADMIN_DOSE1_DAILY","ADMIN_DOSE1_CUMULATIVE","ADMIN_DOSE2_DAILY","ADMIN_DOSE2_CUMULATIVE","ADMIN_SINGLE_DAILY","ADMIN_SINGLE_CUMULATIVE","ADMIN_ADDITIONAL_DAILY","ADMIN_ADDITIONAL_CUMULATIVE","ADMIN_ALLDOSES_DAILY","ADMIN_ALLDOSES_7DAYAVG","ADMIN_ALLDOSES_CUMULATIVE","INCOMPLETE"
"2020-12-14",79,79,0,0,0,0,0,0,79,,79,0
"2020-12-15",2053,2132,5,5,4,4,0,0,2062,,2141,0
"2020-12-16",4602,6734,13,18,1,5,1,1,4617,,6758,0
"2020-12-17",4655,11389,17,35,0,5,1,2,4673,,11431,0
"2020-12-18",5833,17222,20,55,2,7,2,4,5857,,17288,0
"2020-12-19",1689,18911,7,62,3,10,0,4,1699,,18987,0
"2020-12-20",1116,20027,2,64,1,11,0,4,1119,2872.29,20106,0
"2020-12-21",6339,26366,17,81,0,11,6,10,6362,3769.86,26468,0
"2020-12-22",9797,36163,27,108,2,13,1,11,9827,4879.14,36295,0
"2020-12-23",14271,50434,37,145,3,16,1,12,14312,6264.14,50607,0
"2020-12-24",7200,57634,25,170,1,17,0,12,7226,6628.86,57833,0
"2020-12-25",180,57814,0,170,0,17,1,13,181,5818,58014,0
"2020-12-26",4390,62204,43,213,0,17,1,14,4434,6208.71,62448,0
"2020-12-27",3868,66072,14,227,0,17,1,15,3883,6603.57,66331,0
"2020-12-28",10994,77066,50,277,1,18,2,17,11047,7272.86,77378,0
"2020-12-29",10720,87786,34,311,2,20,2,19,10758,7405.86,88136,0
"2020-12-30",12824,100610,45,356,0,20,0,19,12869,7199.71,101005,0
"2020-12-31",7264,107874,30,386,1,21,0,19,7295,7209.57,108300,0
"2021-01-01",181,108055,2,388,1,22,3,22,187,7210.43,108487,0
"2021-01-02",3810,111865,10,398,2,24,1,23,3823,7123.14,112310,0
"2021-01-03",3544,115409,23,421,2,26,1,24,3570,7078.43,115880,0
"2021-01-04",12257,127666,805,1226,2,28,6,30,13070,7367.43,128950,0
"2021-01-05",14083,141749,2193,3419,2,30,10,40,16288,8157.43,145238,0
"2021-01-06",17808,159557,3922,7341,1,31,30,70,21761,9427.71,166999,0
"2021-01-07",16548,176105,5172,12513,4,35,45,115,21769,11495.43,188768,0
"2021-01-08",16621,192726,5454,17967,0,35,32,147,22107,14626.86,210875,0
"2021-01-09",7649,200375,1463,19430,1,36,7,154,9120,15383.57,219995,0
"2021-01-10",7883,208258,981,20411,0,36,10,164,8874,16141.29,228869,0
"2021-01-11",25816,234074,7458,27869,2,38,47,211,33323,19034.57,262192,0
"2021-01-12",28264,262338,7859,35728,1,39,43,254,36167,21874.43,298359,0
"2021-01-13",31721,294059,9380,45108,1,40,54,308,41156,24645.14,339515,0
"2021-01-14",35807,329866,5326,50434,1,41,29,337,41163,27415.71,380678,0
"2021-01-15",29267,359133,3705,54139,2,43,32,369,33006,28972.71,413684,0
"2021-01-16",30291,389424,2379,56518,0,43,24,393,32694,32340.43,446378,0
"2021-01-17",23754,413178,1621,58139,0,43,19,412,25394,34700.43,471772,0
"2021-01-18",27107,440285,2414,60553,0,43,34,446,29555,34162.14,501327,0
"2021-01-19",34302,474587,9617,70170,1,44,70,516,43990,35279.71,545317,0
"2021-01-20",34865,509452,9495,79665,1,45,58,574,44419,35745.86,589736,0
"2021-01-21",25593,535045,8090,87755,2,47,48,622,33733,34684.43,623469,0
"2021-01-22",24754,559799,4384,92139,1,48,31,653,29170,34136.43,652639,0
"2021-01-23",15743,575542,3223,95362,0,48,10,663,18976,32176.71,671615,0
"2021-01-24",7180,582722,3448,98810,0,48,19,682,10647,30070,682262,0
"2021-01-25",13416,596138,11817,110627,0,48,63,745,25296,29461.57,707558,0
"2021-01-26",16769,612907,10747,121374,0,48,67,812,27583,27117.71,735141,0
"2021-01-27",20831,633738,12359,133733,0,48,49,861,33239,25520.57,768380,0
"2021-01-28",30765,664503,12844,146577,0,48,80,941,43689,26942.86,812069,0
"2021-01-29",31693,696196,11498,158075,0,48,77,1018,43268,28956.86,855337,0
"2021-01-30",18714,714910,3739,161814,0,48,20,1038,22473,29456.43,877810,0
"2021-01-31",13025,727935,2918,164732,1,49,27,1065,15971,30217,893781,0
"2021-02-01",1178,729113,5368,170100,4,53,35,1100,6585,27544,900366,0
"2021-02-02",2829,731942,9467,179567,2,55,50,1150,12348,25367.57,912714,0
"2021-02-03",16352,748294,21233,200800,4,59,203,1353,37792,26018,950506,0
"2021-02-04",27044,775338,19647,220447,3,62,199,1552,46893,26475.71,997399,0
"2021-02-05",27605,802943,20025,240472,0,62,182,1734,47812,27124.86,1045211,0
"2021-02-06",22994,825937,11245,251717,0,62,108,1842,34347,28821.14,1079558,0
"2021-02-07",12044,837981,8281,259998,1,63,87,1929,20413,29455.71,1099971,0
"2021-02-08",16970,854951,23509,283507,2,65,231,2160,40712,34331,1140683,0
"2021-02-09",17200,872151,28109,311616,2,67,326,2486,45637,39086.57,1186320,0
"2021-02-10",19597,891748,29301,340917,2,69,258,2744,49158,40710.29,1235478,0
"2021-02-11",27847,919595,33466,374383,2,71,346,3090,61661,42820,1297139,0
"2021-02-12",38408,958003,30786,405169,3,74,352,3442,69549,45925.29,1366688,0
"2021-02-13",28008,986011,25305,430474,2,76,305,3747,53620,48678.57,1420308,0
"2021-02-14",16287,1002298,23725,454199,0,76,257,4004,40269,51515.14,1460577,0
"2021-02-15",12799,1015097,10524,464723,2,78,166,4170,23491,49055,1484068,0
"2021-02-16",14240,1029337,26731,491454,0,78,315,4485,41286,48433.43,1525354,0
"2021-02-17",16407,1045744,22172,513626,1,79,286,4771,38866,46963.14,1564220,0
"2021-02-18",12156,1057900,24989,538615,21,100,280,5051,37446,43503.86,1601666,0
"2021-02-19",13269,1071169,23934,562549,39,139,294,5345,37536,38930.57,1639202,0
"2021-02-20",11352,1082521,26072,588621,6,145,323,5668,37753,36663.86,1676955,0
"2021-02-21",6360,1088881,17424,606045,15,160,283,5951,24082,34351.43,1701037,0
"2021-02-22",13040,1101921,11847,617892,2,162,123,6074,25012,34568.71,1726049,0
"2021-02-23",25244,1127165,14149,632041,1,163,158,6232,39552,34321,1765601,0
"2021-02-24",36357,1163522,20363,652404,0,163,217,6449,56937,36902.57,1822538,0
"2021-02-25",54620,1218142,30354,682758,6,169,390,6839,85370,43748.86,1907908,0
"2021-02-26",62882,1281024,31846,714604,4,173,398,7237,95130,51976.57,2003038,0
"2021-02-27",51303,1332327,22734,737338,47,220,327,7564,74411,57213.43,2077449,0
"2021-02-28",44605,1376932,13793,751131,7,227,201,7765,58606,62145.43,2136055,0
"2021-03-01",39314,1416246,12759,763890,10,237,166,7931,52249,66036.43,2188304,0
"2021-03-02",47083,1463329,12554,776444,7,244,157,8088,59801,68929.14,2248105,0
"2021-03-03",48604,1511933,16137,792581,17,261,145,8233,64903,70067.14,2313008,0
"2021-03-04",59824,1571757,22794,815375,1092,1353,263,8496,83973,69867.57,2396981,0
"2021-03-05",60993,1632750,24254,839629,3109,4462,328,8824,88684,68946.71,2485665,0
"2021-03-06",47177,1679927,18871,858500,5449,9911,236,9060,71733,68564.14,2557398,0
"2021-03-07",36041,1715968,14863,873363,6247,16158,226,9286,57377,68388.57,2614775,0
"2021-03-08",39622,1755590,14660,888023,8565,24723,309,9595,63156,69946.71,2677931,0
"2021-03-09",39104,1794694,12804,900827,7767,32490,175,9770,59850,69953.71,2737781,0
"2021-03-10",51832,1846526,15286,916113,5068,37558,222,9992,72408,71025.86,2810189,0
"2021-03-11",60003,1906529,21775,937888,4617,42175,249,10241,86644,71407.43,2896833,0
"2021-03-12",52200,1958729,30286,968174,4183,46358,368,10609,87037,71172.14,2983870,0
"2021-03-13",40660,1999389,26669,994843,5109,51467,326,10935,72764,71319.43,3056634,0
"2021-03-14",30721,2030110,15945,1010788,4528,55995,236,11171,51430,70469.86,3108064,0
"2021-03-15",33591,2063701,17226,1028014,4718,60713,233,11404,55768,69414.43,3163832,0
"2021-03-16",38677,2102378,20472,1048486,4925,65638,257,11661,64331,70054.57,3228163,0
"2021-03-17",42626,2145004,24757,1073243,4247,69885,332,11993,71962,69990.86,3300125,0
"2021-03-18",50469,2195473,26758,1100001,5240,75125,363,12356,82830,69446,3382955,0
"2021-03-19",47808,2243281,29901,1129902,5624,80749,385,12741,83718,68971.86,3466673,0
"2021-03-20",38711,2281992,25799,1155701,4690,85439,289,13030,69489,68504,3536162,0
"2021-03-21",29303,2311295,19317,1175018,771,86210,216,13246,49607,68243.57,3585769,0
"2021-03-22",33867,2345162,26703,1201721,4037,90247,261,13507,64868,69543.57,3650637,0
"2021-03-23",38443,2383605,32795,1234516,4222,94469,283,13790,75743,71173.86,3726380,0
"2021-03-24",41512,2425117,37542,1272058,4850,99319,322,14112,84226,72925.86,3810606,0
"2021-03-25",43423,2468540,50719,1322777,5054,104373,457,14569,99653,75329.14,3910259,0
"2021-03-26",38516,2507056,55424,1378201,4311,108684,519,15088,98770,77479.43,4009029,0
"2021-03-27",35753,2542809,45680,1423881,2939,111623,404,15492,84776,79663.29,4093805,0
"2021-03-28",26400,2569209,34384,1458265,1481,113104,322,15814,62587,81517.57,4156392,0
"2021-03-29",34831,2604040,38786,1497051,3248,116352,337,16151,77202,83279.57,4233594,0
"2021-03-30",40518,2644558,41888,1538939,3715,120067,319,16470,86440,84807.71,4320034,0
"2021-03-31",49412,2693970,44819,1583758,7441,127508,390,16860,102062,87355.71,4422096,0
"2021-04-01",50784,2744754,53918,1637676,11274,138782,496,17356,116472,89758.43,4538568,0
"2021-04-02",43766,2788520,53846,1691522,11973,150755,543,17899,110128,91381,4648696,0
"2021-04-03",39264,2827784,39176,1730698,9861,160616,335,18234,88636,91932.43,4737332,0
"2021-04-04",26566,2854350,24711,1755409,3901,164517,221,18455,55399,90905.57,4792731,0
"2021-04-05",41885,2896235,34422,1789831,11195,175712,364,18819,87866,92429,4880597,0
"2021-04-06",53283,2949518,35550,1825381,13222,188934,422,19241,102477,94720,4983074,0
"2021-04-07",55519,3005037,40670,1866051,14387,203321,387,19628,110963,95991.57,5094037,0
"2021-04-08",59282,3064319,46550,1912601,16336,219657,504,20132,122672,96877.29,5216709,0
"2021-04-09",56652,3120971,44932,1957533,17548,237205,497,20629,119629,98234.57,5336338,0
"2021-04-10",49361,3170332,35637,1993170,12727,249932,379,21008,98104,99587.14,5434442,0
"2021-04-11",38189,3208521,28811,2021981,7686,257618,289,21297,74975,102383.71,5509417,0
"2021-04-12",46649,3255170,31843,2053824,13495,271113,455,21752,92442,103037.43,5601859,0
"2021-04-13",52559,3307729,33778,2087602,368,271481,387,22139,87092,100839.57,5688951,0
"2021-04-14",50162,3357891,39954,2127556,20,271501,357,22496,90493,97915.29,5779444,0
"2021-04-15",52134,3410025,43669,2171225,16,271517,454,22950,96273,94144,5875717,0
"2021-04-16",51194,3461219,42220,2213445,32,271549,405,23355,93851,90461.43,5969568,0
"2021-04-17",43850,3505069,35684,2249129,3,271552,360,23715,79897,87860.43,6049465,0
"2021-04-18",28613,3533682,29372,2278501,7,271559,245,23960,58237,85469.29,6107702,0
"2021-04-19",37485,3571167,36448,2314949,22,271581,307,24267,74262,82872.14,6181964,0
"2021-04-20",40814,3611981,39635,2354584,19,271600,298,24565,80766,81968.43,6262730,0
"2021-04-21",38911,3650892,45959,2400543,15,271615,483,25048,85368,81236.29,6348098,0
"2021-04-22",38517,3689409,48949,2449492,9,271624,328,25376,87803,80026.29,6435901,0
"2021-04-23",39713,3729122,44371,2493863,4,271628,347,25723,84435,78681.14,6520336,0
"2021-04-24",31967,3761089,41596,2535459,44,271672,273,25996,73880,77821.57,6594216,0
"2021-04-25",18427,3779516,31230,2566689,86,271758,186,26182,49929,76634.71,6644145,0
"2021-04-26",26977,3806493,40726,2607415,1013,272771,284,26466,69000,75883,6713145,0
"2021-04-27",28575,3835068,47125,2654540,1699,274470,342,26808,77741,75450.86,6790886,0
"2021-04-28",27056,3862124,56834,2711374,2147,276617,418,27226,86455,75606.14,6877341,0
"2021-04-29",28618,3890742,57183,2768557,2145,278762,361,27587,88307,75678.14,6965648,0
"2021-04-30",30131,3920873,51987,2820544,2056,280818,273,27860,84447,75679.86,7050095,0
"2021-05-01",22485,3943358,44548,2865092,1176,281994,224,28084,68433,74901.71,7118528,0
"2021-05-02",11930,3955288,36653,2901745,1080,283074,131,28215,49794,74882.43,7168322,0
"2021-05-03",18037,3973325,53016,2954761,2383,285457,246,28461,73682,75551.29,7242004,0
"2021-05-04",22746,3996071,56642,3011403,2330,287787,257,28718,81975,76156.14,7323979,0
"2021-05-05",21480,4017551,48792,3060195,2311,290098,309,29027,72892,74218.57,7396871,0
"2021-05-06",20693,4038244,50177,3110372,2508,292606,263,29290,73641,72123.43,7470512,0
"2021-05-07",21263,4059507,52097,3162469,2813,295419,301,29591,76474,70984.43,7546986,0
"2021-05-08",16635,4076142,41876,3204345,1835,297254,221,29812,60567,69860.71,7607553,0
"2021-05-09",7976,4084118,29410,3233755,1260,298514,150,29962,38796,68289.57,7646349,0
"2021-05-10",14401,4098519,38537,3272292,2356,300870,222,30184,55516,65694.43,7701865,0
"2021-05-11",19929,4118448,43046,3315338,2514,303384,280,30464,65769,63379.29,7767634,0
"2021-05-12",17814,4136262,40534,3355872,3596,306980,227,30691,62171,61847.71,7829805,0
"2021-05-13",24983,4161245,40430,3396302,3230,310210,254,30945,68897,61170,7898702,0
"2021-05-14",27033,4188278,42907,3439209,3538,313748,277,31222,73755,60781.57,7972457,0
"2021-05-15",23659,4211937,34921,3474130,3366,317114,243,31465,62189,61013.29,8034646,0
"2021-05-16",15544,4227481,19433,3493563,2497,319611,126,31591,37600,60842.43,8072246,0
"2021-05-17",22679,4250160,29143,3522706,3257,322868,173,31764,55252,60804.71,8127498,0
"2021-05-18",24644,4274804,31900,3554606,3404,326272,236,32000,60184,60006.86,8187682,0
"2021-05-19",24209,4299013,29711,3584317,3040,329312,219,32219,57179,59293.71,8244861,0
"2021-05-20",24165,4323178,30085,3614402,3160,332472,264,32483,57674,57690.43,8302535,0
"2021-05-21",24696,4347874,32002,3646404,3060,335532,243,32726,60001,55725.57,8362536,0
"2021-05-22",20030,4367904,24358,3670762,2525,338057,155,32881,47068,53565.43,8409604,0
"2021-05-23",11239,4379143,13726,3684488,1411,339468,98,32979,26474,51976,8436078,0
"2021-05-24",18886,4398029,23149,3707637,2757,342225,214,33193,45006,50512.29,8481084,0
"2021-05-25",19444,4417473,23374,3731011,2601,344826,174,33367,45593,48427.86,8526677,0
"2021-05-26",18790,4436263,21080,3752091,2695,347521,199,33566,42764,46368.57,8569441,0
"2021-05-27",18478,4454741,21264,3773355,2530,350051,192,33758,42464,44195.71,8611905,0
"2021-05-28",17874,4472615,22888,3796243,2752,352803,183,33941,43697,41866.57,8655602,0
"2021-05-29",12714,4485329,17804,3814047,1755,354558,103,34044,32376,39767.71,8687978,0
"2021-05-30",7033,4492362,8949,3822996,1075,355633,45,34089,17102,38428.86,8705080,0
"2021-05-31",4741,4497103,6925,3829921,1012,356645,63,34152,12741,33819.57,8717821,0
"2021-06-01",16047,4513150,25196,3855117,2174,358819,149,34301,43566,33530,8761387,0
"2021-06-02",15358,4528508,20386,3875503,2093,360912,139,34440,37976,32846,8799363,0
"2021-06-03",15010,4543518,23817,3899320,2280,363192,122,34562,41229,32669.57,8840592,0
"2021-06-04",14735,4558253,25980,3925300,2492,365684,144,34706,43351,32620.14,8883943,0
"2021-06-05",10996,4569249,22080,3947380,1806,367490,115,34821,34997,32994.57,8918940,0
"2021-06-06",6450,4575699,14466,3961846,1222,368712,83,34904,22221,33725.86,8941161,0
"2021-06-07",11718,4587417,21780,3983626,2379,371091,139,35043,36016,37050.86,8977177,0
"2021-06-08",12661,4600078,24015,4007641,2072,373163,116,35159,38864,36379.14,9016041,0
"2021-06-09",11152,4611230,23024,4030665,2298,375461,130,35289,36604,36183.14,9052645,0
"2021-06-10",12076,4623306,22228,4052893,2462,377923,139,35428,36905,35565.43,9089550,0
"2021-06-11",12712,4636018,25112,4078005,2482,380405,151,35579,40457,35152,9130007,0
"2021-06-12",10170,4646188,19304,4097309,1888,382293,92,35671,31454,34645.86,9161461,0
"2021-06-13",4259,4650447,10936,4108245,1220,383513,41,35712,16456,33822.29,9177917,0
"2021-06-14",10219,4660666,19236,4127481,2042,385555,125,35837,31622,33194.57,9209539,0
"2021-06-15",11894,4672560,21006,4148487,1943,387498,123,35960,34966,32637.71,9244505,0
"2021-06-16",11593,4684153,19403,4167890,1957,389455,138,36098,33091,32135.86,9277596,0
"2021-06-17",11026,4695179,18759,4186649,1970,391425,118,36216,31873,31417,9309469,0
"2021-06-18",12172,4707351,18495,4205144,2115,393540,113,36329,32895,30336.71,9342364,0
"2021-06-19",8504,4715855,13521,4218665,1459,394999,80,36409,23564,29209.57,9365928,0
"2021-06-20",4336,4720191,7162,4225827,924,395923,36,36445,12458,28638.43,9378386,0
"2021-06-21",10166,4730357,10004,4235831,1806,397729,67,36512,22043,27270,9400429,0
"2021-06-22",9839,4740196,15641,4251472,1589,399318,103,36615,27172,26156.57,9427601,0
"2021-06-23",10320,4750516,15184,4266656,1862,401180,101,36716,27467,25353.14,9455068,0
"2021-06-24",9694,4760210,14695,4281351,1799,402979,115,36831,26303,24557.43,9481371,0
"2021-06-25",10595,4770805,14383,4295734,1718,404697,109,36940,26805,23687.43,9508176,0
"2021-06-26",7811,4778616,10460,4306194,1246,405943,73,37013,19590,23119.71,9527766,0
"2021-06-27",5004,4783620,5998,4312192,796,406739,32,37045,11830,23030,9539596,0
"2021-06-28",9036,4792656,10344,4322536,1524,408263,104,37149,21008,22882.14,9560604,0
"2021-06-29",9752,4802408,12312,4334848,1348,409611,123,37272,23535,22362.57,9584139,0
"2021-06-30",9429,4811837,10928,4345776,1481,411092,146,37418,21984,21579.29,9606123,0
"2021-07-01",9400,4821237,10926,4356702,1431,412523,124,37542,21881,20947.57,9628004,0
"2021-07-02",9698,4830935,11437,4368139,1541,414064,122,37664,22798,20375.14,9650802,0
"2021-07-03",7062,4837997,8420,4376559,1193,415257,75,37739,16750,19969.43,9667552,0
"2021-07-04",1288,4839285,1335,4377894,567,415824,8,37747,3198,18736.29,9670750,0
"2021-07-05",6495,4845780,7102,4384996,1208,417032,66,37813,14871,17859.57,9685621,0
"2021-07-06",9517,4855297,12848,4397844,1317,418349,113,37926,23795,17896.71,9709416,0
"2021-07-07",8675,4863972,11107,4408951,1419,419768,120,38046,21321,17802,9730737,0
"2021-07-08",8211,4872183,10195,4419146,1260,421028,105,38151,19771,17500.57,9750508,0
"2021-07-09",8381,4880564,10827,4429973,1279,422307,87,38238,20574,17182.86,9771082,0
"2021-07-10",7111,4887675,8626,4438599,1133,423440,63,38301,16933,17209,9788015,0
"2021-07-11",4104,4891779,4540,4443139,703,424143,35,38336,9382,18092.43,9797397,0
"2021-07-12",8454,4900233,9553,4452692,1250,425393,79,38415,19336,18730.29,9816733,0
"2021-07-13",9472,4909705,9382,4462074,951,426344,103,38518,19908,18175,9836641,0
"2021-07-14",9007,4918712,9525,4471599,1009,427353,103,38621,19644,17935.43,9856285,0
"2021-07-15",8796,4927508,9149,4480748,1052,428405,80,38701,19077,17836.29,9875362,0
"2021-07-16",9245,4936753,9763,4490511,978,429383,101,38802,20087,17766.71,9895449,0
"2021-07-17",6845,4943598,7387,4497898,802,430185,78,38880,15112,17506.57,9910561,0
"2021-07-18",4260,4947858,4285,4502183,569,430754,33,38913,9147,17473,9919708,0
"2021-07-19",9129,4956987,8471,4510654,999,431753,86,38999,18685,17380,9938393,0
"2021-07-20",10657,4967644,8755,4519409,991,432744,90,39089,20493,17463.57,9958886,0
"2021-07-21",10055,4977699,8761,4528170,903,433647,144,39233,19863,17494.86,9978749,0
"2021-07-22",10687,4988386,8580,4536750,1044,434691,142,39375,20453,17691.43,9999202,0
"2021-07-23",11260,4999646,8879,4545629,1114,435805,134,39509,21387,17877.14,10020589,0
"2021-07-24",7406,5007052,6733,4552362,670,436475,83,39592,14892,17845.71,10035481,0
"2021-07-25",5481,5012533,2122,4554484,509,436984,59,39651,8171,17706.29,10043652,0
"2021-07-26",10880,5023413,6999,4561483,859,437843,110,39761,18848,17729.57,10062500,0
"2021-07-27",12060,5035473,8566,4570049,857,438700,131,39892,21614,17889.71,10084114,0
"2021-07-28",11999,5047472,8048,4578097,950,439650,129,40021,21126,18070.14,10105240,0
"2021-07-29",10942,5058414,7426,4585523,983,440633,129,40150,19480,17931.14,10124720,0
"2021-07-30",14956,5073370,8006,4593529,1149,441782,180,40330,24291,18346,10149011,0
"2021-07-31",9733,5083103,6311,4599840,816,442598,117,40447,16977,18643.86,10165988,0
"2021-08-01",6506,5089609,3308,4603148,564,443162,79,40526,10457,18970.43,10176445,0
"2021-08-02",13453,5103062,7155,4610303,848,444010,143,40669,21599,19363.43,10198044,0
"2021-08-03",15424,5118486,8381,4618684,1109,445119,145,40814,25059,19855.57,10223103,0
"2021-08-04",17264,5135750,8123,4626807,1454,446573,177,40991,27018,20697.29,10250121,0
"2021-08-05",17869,5153619,7921,4634728,1365,447938,161,41152,27316,21816.71,10277437,0
"2021-08-06",18185,5171804,8409,4643137,1233,449171,164,41316,27991,22345.29,10305428,0
"2021-08-07",13388,5185192,6016,4649153,799,449970,97,41413,20300,22820,10325728,0
"2021-08-08",9312,5194504,3833,4652986,399,450369,79,41492,13623,23272.29,10339351,0
"2021-08-09",21342,5215846,8529,4661515,963,451332,169,41661,31003,24615.71,10370354,0
"2021-08-10",18927,5234773,9331,4670846,950,452282,167,41828,29375,25232.29,10399729,0
"2021-08-11",15653,5250426,8309,4679155,853,453135,125,41953,24940,24935.43,10424669,0
"2021-08-12",15054,5265480,8977,4688132,938,454073,168,42121,25137,24624.14,10449806,0
"2021-08-13",14930,5280410,9287,4697419,921,454994,236,42357,25374,24250.29,10475180,0
"2021-08-14",10416,5290826,6408,4703827,626,455620,523,42880,17973,23917.86,10493153,0
"2021-08-15",6697,5297523,4475,4708302,677,456297,566,43446,12415,23745.29,10505568,0
"2021-08-16",15726,5313249,9292,4717594,1149,457446,1315,44761,27482,23242.29,10533050,0
"2021-08-17",17785,5331034,10438,4728032,1222,458668,1753,46514,31198,23502.71,10564248,0
"2021-08-18",17517,5348551,10356,4738388,1260,459928,1978,48492,31111,24384.29,10595359,0
"2021-08-19",16310,5364861,9521,4747909,1316,461244,1942,50434,29089,24948.86,10624448,0
"2021-08-20",16292,5381153,11536,4759445,1254,462498,1846,52280,30928,25742.29,10655376,0
"2021-08-21",11159,5392312,8040,4767485,877,463375,1048,53328,21124,26192.43,10676500,0
"2021-08-22",4086,5396398,3903,4771388,262,463637,512,53840,8763,25670.71,10685263,0
"2021-08-23",15584,5411982,11796,4783184,1023,464660,1541,55381,29944,26022.43,10715207,0
"2021-08-24",16921,5428903,12592,4795776,1006,465666,1770,57151,32289,26178.29,10747496,0
"2021-08-25",14589,5443492,12435,4808211,1111,466777,1560,58711,29695,25976,10777191,0
"2021-08-26",16171,5459663,14083,4822294,1072,467849,1760,60471,33086,26547,10810277,0
"2021-08-27",14888,5474551,14819,4837113,972,468821,1653,62124,32332,26747.57,10842609,0
"2021-08-28",10688,5485239,11512,4848625,836,469657,1010,63134,24046,27165,10866655,0
"2021-08-29",7219,5492458,7494,4856119,541,470198,770,63904,16024,28202.29,10882679,0
"2021-08-30",15530,5507988,16922,4873041,1077,471275,1781,65685,35310,28968.86,10917989,0
"2021-08-31",15528,5523516,15945,4888986,952,472227,1956,67641,34381,29267.71,10952370,0
"2021-09-01",14842,5538358,14095,4903081,1021,473248,1791,69432,31749,29561.14,10984119,0
"2021-09-02",14346,5552704,12514,4915595,896,474144,1690,71122,29446,29041.14,11013565,0
"2021-09-03",15018,5567722,14298,4929893,974,475118,1887,73009,32177,29019,11045742,0
"2021-09-04",9654,5577376,9404,4939297,688,475806,961,73970,20707,28542,11066449,0
"2021-09-05",6807,5584183,5513,4944810,438,476244,701,74671,13459,28175.57,11079908,0
"2021-09-06",5201,5589384,4506,4949316,358,476602,270,74941,10335,24607.71,11090243,0
"2021-09-07",15583,5604967,17688,4967004,913,477515,1533,76474,35717,24798.57,11125960,0
"2021-09-08",16177,5621144,14820,4981824,1073,478588,1749,78223,33819,25094.29,11159779,0
"2021-09-09",16126,5637270,14744,4996568,1048,479636,1900,80123,33818,25718.86,11193597,0
"2021-09-10",18378,5655648,15391,5011959,1209,480845,1958,82081,36936,26398.71,11230533,0
"2021-09-11",12647,5668295,10342,5022301,958,481803,1016,83097,24963,27006.71,11255496,0
"2021-09-12",8539,5676834,5051,5027352,766,482569,684,83781,15040,27232.57,11270536,0
"2021-09-13",16945,5693779,12945,5040297,975,483544,1635,85416,32500,30399,11303036,0
"2021-09-14",16280,5710059,13669,5053966,886,484430,1585,87001,32420,29928,11335456,0
"2021-09-15",15556,5725615,12867,5066833,728,485158,1561,88562,30712,29484.14,11366168,0
"2021-09-16",15352,5740967,13905,5080738,1211,486369,1439,90001,31907,29211.14,11398075,0
"2021-09-17",14440,5755407,13963,5094701,922,487291,1818,91819,31143,28383.57,11429218,0
"2021-09-18",10012,5765419,10170,5104871,913,488204,1043,92862,22138,27980,11451356,0
"2021-09-19",6183,5771602,6069,5110940,557,488761,742,93604,13551,27767.29,11464907,0
"2021-09-20",12692,5784294,12629,5123569,1069,489830,1903,95507,28293,27166.29,11493200,0
"2021-09-21",12246,5796540,12769,5136338,1111,490941,2007,97514,28133,26553.86,11521333,0
"2021-09-22",12845,5809385,11987,5148325,1091,492032,1660,99174,27583,26106.86,11548916,0
"2021-09-23",14963,5824348,12748,5161073,1639,493671,2236,101410,31586,26061,11580502,0
"2021-09-24",16469,5840817,13358,5174431,1632,495303,4585,105995,36044,26761.14,11616546,0
"2021-09-25",10554,5851371,9020,5183451,1018,496321,3419,109414,24011,27028.71,11640557,0
"2021-09-26",6318,5857689,5754,5189205,773,497094,2400,111814,15245,27270.71,11655802,0
"2021-09-27",14184,5871873,8048,5197253,1155,498249,8948,120762,32335,27848.14,11688137,0
"2021-09-28",11171,5883044,11772,5209025,901,499150,9770,130532,33614,28631.14,11721751,0
"2021-09-29",11630,5894674,12186,5221211,1205,500355,9328,139860,34349,29597.71,11756100,0
"2021-09-30",12261,5906935,12594,5233805,1338,501693,9618,149478,35811,30201.29,11791911,0
"2021-10-01",12668,5919603,13425,5247230,1284,502977,10175,159653,37552,30416.71,11829463,0
"2021-10-02",7738,5927341,9975,5257205,864,503841,4187,163840,22764,30238.57,11852227,0
"2021-10-03",5084,5932425,6157,5263362,594,504435,2596,166436,14431,30122.29,11866658,0
"2021-10-04",9929,5942354,11028,5274390,913,505348,9426,175862,31296,29973.86,11897954,0
"2021-10-05",10192,5952546,11743,5286133,972,506320,9856,185718,32763,29852.29,11930717,0
"2021-10-06",9936,5962482,11052,5297185,937,507257,9860,195578,31785,29486,11962502,0
"2021-10-07",9688,5972170,12180,5309365,852,508109,10122,205700,32842,29061.86,11995344,0
"2021-10-08",9489,5981659,12168,5321533,943,509052,10824,216524,33424,28472.14,12028768,0
"2021-10-09",6279,5987938,8275,5329808,649,509701,4064,220588,19267,27972.57,12048035,0
"2021-10-10",3548,5991486,5022,5334830,458,510159,2406,222994,11434,27544.43,12059469,0
"2021-10-11",7642,5999128,9329,5344159,728,510887,8845,231839,26544,26865.57,12086013,0
"2021-10-12",8093,6007221,11004,5355163,891,511778,10422,242261,30410,26529.43,12116423,0
"2021-10-13",7188,6014409,10143,5365306,869,512647,8687,250948,26887,25829.71,12143310,0
"2021-10-14",7466,6021875,11110,5376416,836,513483,10005,260953,29417,25340.43,12172727,0
"2021-10-15",7751,6029626,11867,5388283,823,514306,10687,271640,31128,25012.43,12203855,0
"2021-10-16",4874,6034500,7464,5395747,666,514972,3789,275429,16793,24659,12220648,0
"2021-10-17",3063,6037563,4474,5400221,411,515383,2418,277847,10366,24506.43,12231014,0
"2021-10-18",7086,6044649,10657,5410878,797,516180,9356,287203,27896,24699.57,12258910,0
"2021-10-19",6600,6051249,8941,5419819,806,516986,8987,296190,25334,23974.43,12284244,0
"2021-10-20",6567,6057816,9373,5429192,975,517961,9881,306071,26796,23961.43,12311040,0
"2021-10-21",7062,6064878,9378,5438570,859,518820,10738,316809,28037,23764.29,12339077,0
"2021-10-22",8170,6073048,10348,5448918,1026,519846,16260,333069,35804,24432.29,12374881,0
"2021-10-23",5202,6078250,6460,5455378,690,520536,9076,342145,21428,25094.43,12396309,0
"2021-10-24",3287,6081537,3970,5459348,770,521306,6136,348281,14163,25636.86,12410472,0
"2021-10-25",8828,6090365,8750,5468098,1147,522453,19185,367466,37910,27067.43,12448382,0
"2021-10-26",8246,6098611,7727,5475825,1259,523712,17229,384695,34461,28371.29,12482843,0
"2021-10-27",10622,6109233,8398,5484223,1604,525316,20769,405464,41393,30456.57,12524236,0
"2021-10-28",11378,6120611,8043,5492266,1793,527109,20753,426217,41967,32446.57,12566203,0
"2021-10-29",11897,6132508,8246,5500512,1963,529072,22446,448663,44552,33696.29,12610755,0
"2021-10-30",4655,6137163,5052,5505564,934,530006,11124,459787,21765,33744.43,12632520,0
"2021-10-31",2676,6139839,2704,5508268,545,530551,6601,466388,12526,33510.57,12645046,0
"2021-11-01",7199,6147038,6954,5515222,1090,531641,20293,486681,35536,33171.43,12680582,0
"2021-11-02",6632,6153670,6585,5521807,1053,532694,20673,507354,34943,33240.29,12715525,0
"2021-11-03",6907,6160577,6678,5528485,1028,533722,20534,527888,35147,32348,12750672,0
"2021-11-04",9354,6169931,6276,5534761,997,534719,22263,550151,38890,31908.43,12789562,0
"2021-11-05",11120,6181051,6724,5541485,1052,535771,23685,573836,42581,31626.86,12832143,0
"2021-11-06",11152,6192203,4051,5545536,593,536364,12564,586400,28360,32569,12860503,0
"2021-11-07",7281,6199484,2282,5547818,576,536940,7077,593477,17216,33239,12877719,0
"2021-11-08",15111,6214595,5678,5553496,867,537807,19428,612905,41084,34031.57,12918803,0
"2021-11-09",16207,6230802,5381,5558877,661,538468,20461,633366,42710,35141.14,12961513,0
"2021-11-10",17003,6247805,5331,5564208,684,539152,22549,655915,45567,36629.71,13007080,0
"2021-11-11",12632,6260437,5195,5569403,761,539913,21988,677903,40576,36870.57,13047656,0
"2021-11-12",16950,6277387,5684,5575087,708,540621,23332,701235,46674,37455.29,13094330,0
"2021-11-13",9972,6287359,3666,5578753,465,541086,13290,714525,27393,37317.14,13121723,0
"2021-11-14",6042,6293401,2294,5581047,325,541411,7906,722431,16567,37224.43,13138290,0
"2021-11-15",13297,6306698,5970,5587017,690,542101,25012,747443,44969,37779.43,13183259,0
"2021-11-16",10033,6316731,5795,5592812,655,542756,30551,777994,47034,38397.14,13230293,0
"2021-11-17",10381,6327112,6679,5599491,682,543438,31280,809274,49022,38890.71,13279315,0
"2021-11-18",10798,6337910,6550,5606041,861,544299,32910,842184,51119,40396.86,13330434,0
"2021-11-19",12106,6350016,6553,5612594,716,545015,36148,878332,55523,41661,13385957,0
"2021-11-20",9390,6359406,3422,5616016,514,545529,22428,900760,35754,42855.43,13421711,0
"2021-11-21",5001,6364407,1893,5617909,288,545817,13156,913916,20338,43394.14,13442049,0
"2021-11-22",10536,6374943,5790,5623699,752,546569,35757,949673,52835,44517.86,13494884,0
"2021-11-23",9885,6384828,4782,5628481,635,547204,33381,983054,48683,44753.43,13543567,0
"2021-11-24",8778,6393606,4759,5633240,651,547855,25839,1008893,40027,43468.43,13583594,0
"2021-11-25",453,6394059,324,5633564,80,547935,997,1009890,1854,36430.57,13585448,0
"2021-11-26",8114,6402173,6990,5640554,528,548463,26509,1036399,42141,34518.86,13627589,0
"2021-11-27",6723,6408896,6828,5647382,373,548836,18757,1055156,32681,34079.86,13660270,0
"2021-11-28",4107,6413003,5784,5653166,282,549118,11829,1066985,22002,34317.57,13682272,0
"2021-11-29",9191,6422194,10987,5664153,688,549806,34877,1101862,55743,34733,13738015,0
"2021-11-30",10596,6432790,11430,5675583,513,550319,37647,1139509,60186,36376.29,13798201,0
"2021-12-01",11303,6444093,10962,5686545,723,551042,40208,1179717,63196,39686.14,13861397,0
"2021-12-02",11742,6455835,11023,5697568,626,551668,41992,1221709,65383,48761.71,13926780,0
"2021-12-03",13615,6469450,12871,5710439,676,552344,47777,1269486,74939,53447.14,14001719,0
"2021-12-04",9916,6479366,11276,5721715,567,552911,30577,1300063,52336,56255,14054055,0
"2021-12-05",5793,6485159,5704,5727419,270,553181,16615,1316678,28382,57166.43,14082437,0
"2021-12-06",12463,6497622,9941,5737360,603,553784,43108,1359786,66115,58648.14,14148552,0
"2021-12-07",12699,6510321,9242,5746602,626,554410,42940,1402726,65507,59408.29,14214059,0
"2021-12-08",13674,6523995,8749,5755351,556,554966,40644,1443370,63623,59469.29,14277682,0
"2021-12-09",13606,6537601,8754,5764105,558,555524,40695,1484065,63613,59216.43,14341295,0
"2021-12-10",14166,6551767,10124,5774229,672,556196,43505,1527570,68467,58291.86,14409762,0
"2021-12-11",10327,6562094,8105,5782334,405,556601,26645,1554215,45482,57312.71,14455244,0
"2021-12-12",6061,6568155,3856,5786190,288,556889,15124,1569339,25329,56876.57,14480573,0
"2021-12-13",12337,6580492,7415,5793605,657,557546,37761,1607100,58170,55741.57,14538743,0
"2021-12-14",12317,6592809,6959,5800564,732,558278,38047,1645147,58055,54677,14596798,0
"2021-12-15",12241,6605050,6237,5806801,755,559033,37977,1683124,57210,53760.86,14654008,0
"2021-12-16",13237,6618287,4267,5811068,734,559767,40874,1723998,59112,53117.86,14713120,0
"2021-12-17",16123,6634410,6929,5817997,620,560387,46554,1770552,70226,53369.14,14783346,0
"2021-12-18",13091,6647501,5717,5823714,432,560819,30510,1801062,49750,53978.86,14833096,0
"2021-12-19",7067,6654568,2991,5826705,327,561146,17956,1819018,28341,54409.14,14861437,0
"2021-12-20",17007,6671575,5867,5832572,746,561892,47273,1866291,70893,56226.71,14932330,0
"2021-12-21",18068,6689643,6557,5839129,808,562700,48738,1915029,74171,58529,15006501,0
"2021-12-22",18675,6708318,6557,5845686,938,563638,49472,1964501,75642,61162.14,15082143,0
"2021-12-23",19123,6727441,6482,5852168,930,564568,45713,2010214,72248,63038.71,15154391,0
"2021-12-24",9258,6736699,2952,5855120,598,565166,20560,2030774,33368,57773.29,15187759,0
"2021-12-25",343,6737042,65,5855185,31,565197,422,2031196,861,50789.14,15188620,0
"2021-12-26",7995,6745037,3927,5859112,341,565538,17248,2048444,29511,50956.29,15218131,0
"2021-12-27",21880,6766917,9199,5868311,933,566471,43328,2091772,75340,51591.57,15293471,0
"2021-12-28",20228,6787145,8322,5876633,698,567169,47465,2139237,76713,51954.71,15370184,0
"2021-12-29",18554,6805699,7657,5884290,607,567776,45434,2184671,72252,51470.43,15442436,0
"2021-12-30",16931,6822630,7414,5891704,582,568358,44740,2229411,69667,51101.71,15512103,0
"2021-12-31",5376,6828006,2800,5894504,193,568551,14716,2244127,23085,49632.71,15535188,0
"2022-01-01",236,6828242,146,5894650,11,568562,498,2244625,891,49637,15536079,0
"2022-01-02",6457,6834699,5010,5899660,153,568715,10963,2255588,22583,48647.29,15558662,0
"2022-01-03",14210,6848909,8480,5908140,515,569230,26811,2282399,50016,45029.57,15608678,0
"2022-01-04",13145,6862054,8060,5916200,412,569642,26926,2309325,48543,41005.29,15657221,0
"2022-01-05",11675,6873729,6958,5923158,385,570027,25678,2335003,44696,37068.71,15701917,0
"2022-01-06",11603,6885332,7357,5930515,480,570507,27381,2362384,46821,33805,15748738,0
"2022-01-07",10511,6895843,8414,5938929,337,570844,24890,2387274,44152,36814.57,15792890,0
"2022-01-08",7970,6903813,8544,5947473,310,571154,19357,2406631,36181,41856,15829071,0
"2022-01-09",4158,6907971,3842,5951315,214,571368,10040,2416671,18254,41237.57,15847325,0
"2022-01-10",10218,6918189,8174,5959489,490,571858,24525,2441196,43407,40293.43,15890732,0
"2022-01-11",8959,6927148,7972,5967461,520,572378,20939,2462135,38390,38843,15929122,0
"2022-01-12",9014,6936162,8305,5975766,428,572806,22248,2484383,39995,38171.43,15969117,0
"2022-01-13",9108,6945270,8840,5984606,449,573255,22733,2507116,41130,37358.43,16010247,0
"2022-01-14",10127,6955397,8064,5992670,475,573730,26168,2533284,44834,37455.86,16055081,0
"2022-01-15",6204,6961601,4267,5996937,178,573908,14927,2548211,25576,35940.86,16080657,0
"2022-01-16",2937,6964538,3251,6000188,93,574001,7800,2556011,14081,35344.71,16094738,0
"2022-01-17",6113,6970651,6752,6006940,363,574364,14612,2570623,27840,33120.86,16122578,0
"2022-01-18",8143,6978794,10149,6017089,397,574761,19331,2589954,38020,33068,16160598,0
"2022-01-19",7545,6986339,9226,6026315,306,575067,17630,2607584,34707,32312.57,16195305,0
"2022-01-20",6349,6992688,8563,6034878,304,575371,15143,2622727,30359,30773.86,16225664,0
"2022-01-21",7658,7000346,7484,6042362,277,575648,18393,2641120,33812,29199.29,16259476,0
"2022-01-22",5217,7005563,4923,6047285,131,575779,11279,2652399,21550,28624.14,16281026,0
"2022-01-23",2824,7008387,3326,6050611,97,575876,6215,2658614,12462,28392.86,16293488,0
"2022-01-24",6423,7014810,8183,6058794,261,576137,14993,2673607,29860,28681.43,16323348,0
"2022-01-25",6225,7021035,7918,6066712,232,576369,14636,2688243,29011,27394.43,16352359,0
"2022-01-26",5797,7026832,7147,6073859,290,576659,13960,2702203,27194,26321.14,16379553,0
"2022-01-27",5283,7032115,7076,6080935,320,576979,14024,2716227,26703,25798.86,16406256,0
"2022-01-28",6314,7038429,7848,6088783,205,577184,16061,2732288,30428,25315.43,16436684,0
"2022-01-29",848,7039277,726,6089509,28,577212,2522,2734810,4124,22826,16440808,0
"2022-01-30",2105,7041382,3018,6092527,103,577315,4527,2739337,9753,22439,16450561,0
"2022-01-31",5038,7046420,6586,6099113,219,577534,11315,2750652,23158,21481.57,16473719,0
"2022-02-01",4860,7051280,6440,6105553,219,577753,10658,2761310,22177,20505.29,16495896,0
"2022-02-02",4278,7055558,5921,6111474,214,577967,11175,2772485,21588,19704.43,16517484,0
"2022-02-03",4246,7059804,5787,6117261,217,578184,11170,2783655,21420,18949.71,16538904,0
"2022-02-04",4800,7064604,7089,6124350,214,578398,13150,2796805,25253,18210.43,16564157,0
"2022-02-05",3601,7068205,6040,6130390,110,578508,8549,2805354,18300,20235.57,16582457,0
"2022-02-06",2072,7070277,2132,6132522,121,578629,4624,2809978,8949,20120.71,16591406,0
"2022-02-07",4174,7074451,4718,6137240,205,578834,10106,2820084,19203,19555.71,16610609,0
"2022-02-08",4249,7078700,5595,6142835,213,579047,11261,2831345,21318,19433,16631927,0
"2022-02-09",4156,7082856,5389,6148224,222,579269,11609,2842954,21376,19402.71,16653303,0
"2022-02-10",4005,7086861,5104,6153328,243,579512,12113,2855067,21465,19409.14,16674768,0
"2022-02-11",4541,7091402,5798,6159126,194,579706,13685,2868752,24218,19261.29,16698986,0
"2022-02-12",3273,7094675,4333,6163459,96,579802,8775,2877527,16477,19000.86,16715463,0
"2022-02-13",1524,7096199,1542,6165001,41,579843,4874,2882401,7981,18862.57,16723444,0
"2022-02-14",3007,7099206,3616,6168617,165,580008,10537,2892938,17325,18594.29,16740769,0
"2022-02-15",3581,7102787,4057,6172674,176,580184,12732,2905670,20546,18484,16761315,0
"2022-02-16",3688,7106475,3887,6176561,195,580379,15646,2921316,23416,18775.43,16784731,0
"2022-02-17",4069,7110544,4079,6180640,164,580543,18204,2939520,26516,19497,16811247,0
"2022-02-18",4503,7115047,4773,6185413,189,580732,21502,2961022,30967,20461.14,16842214,0
"2022-02-19",3269,7118316,2176,6187589,65,580797,11149,2972171,16659,20487.14,16858873,0
"2022-02-20",1867,7120183,1444,6189033,59,580856,6567,2978738,9937,20766.57,16868810,0
"2022-02-21",3114,7123297,2684,6191717,95,580951,8326,2987064,14219,20322.86,16883029,0
"2022-02-22",4416,7127713,4241,6195958,175,581126,10793,2997857,19625,20191.29,16902654,0
"2022-02-23",4296,7132009,3777,6199735,144,581270,10623,3008480,18840,19537.57,16921494,0
"2022-02-24",3774,7135783,3652,6203387,108,581378,10156,3018636,17690,18276.71,16939184,0
"2022-02-25",3641,7139424,3606,6206993,135,581513,9951,3028587,17333,16329,16956517,0
"2022-02-26",2860,7142284,2574,6209567,74,581587,9490,3038077,14998,16091.71,16971515,0
"2022-02-27",1781,7144065,1368,6210935,52,581639,6264,3044341,9465,16024.29,16980980,0
"2022-02-28",3829,7147894,3120,6214055,140,581779,13087,3057428,20176,16875.29,17001156,0
"2022-03-01",2130,7150024,2606,6216661,102,581881,5151,3062579,9989,15498.71,17011145,0
"2022-03-02",1837,7151861,2418,6219079,105,581986,4102,3066681,8462,14016.14,17019607,0
"2022-03-03",1944,7153805,2548,6221627,106,582092,3785,3070466,8383,12686.57,17027990,0
"2022-03-04",2107,7155912,2863,6224490,67,582159,4308,3074774,9345,11545.43,17037335,0
"2022-03-05",1613,7157525,2119,6226609,43,582202,3303,3078077,7078,10414,17044413,0
"2022-03-06",802,7158327,877,6227486,30,582232,1617,3079694,3326,9537,17047739,0
"2022-03-07",1674,7160001,1777,6229263,85,582317,3474,3083168,7010,7656.14,17054749,0
"2022-03-08",1551,7161552,1894,6231157,79,582396,3112,3086280,6636,7177.14,17061385,0
"2022-03-09",1263,7162815,1662,6232819,78,582474,2567,3088847,5570,6764,17066955,0
"2022-03-10",1428,7164243,2095,6234914,85,582559,2938,3091785,6546,6501.57,17073501,0
"2022-03-11",1607,7165850,2261,6237175,81,582640,3192,3094977,7141,6186.71,17080642,0
"2022-03-12",882,7166732,1411,6238586,39,582679,1994,3096971,4326,5793.57,17084968,0
"2022-03-13",627,7167359,755,6239341,26,582705,1289,3098260,2697,5703.71,17087665,0
"2022-03-14",1384,7168743,1591,6240932,83,582788,2971,3101231,6029,5563.57,17093694,0
"2022-03-15",1345,7170088,1920,6242852,62,582850,3064,3104295,6391,5528.57,17100085,0
"2022-03-16",1398,7171486,2056,6244908,94,582944,3119,3107414,6667,5685.29,17106752,0
"2022-03-17",1184,7172670,1805,6246713,69,583013,2746,3110160,5804,5579.29,17112556,0
"2022-03-18",1582,7174252,2160,6248873,80,583093,3747,3113907,7569,5640.43,17120125,0
"2022-03-19",1113,7175365,1725,6250598,54,583147,2585,3116492,5477,5804.86,17125602,0
"2022-03-20",613,7175978,630,6251228,32,583179,1459,3117951,2734,5810.14,17128336,0
"2022-03-21",1423,7177401,1542,6252770,73,583252,3038,3120989,6076,5816.86,17134412,0
"2022-03-22",1335,7178736,1541,6254311,101,583353,2881,3123870,5858,5740.71,17140270,0
"2022-03-23",1260,7179996,1343,6255654,66,583419,2901,3126771,5570,5584,17145840,0
"2022-03-24",1216,7181212,1290,6256944,89,583508,2502,3129273,5097,5483,17150937,0
"2022-03-25",1386,7182598,1606,6258550,61,583569,3243,3132516,6296,5301.14,17157233,0
"2022-03-26",924,7183522,1151,6259701,36,583605,2283,3134799,4394,5146.43,17161627,0
"2022-03-27",573,7184095,526,6260227,29,583634,1310,3136109,2438,5104.14,17164065,0
"2022-03-28",1082,7185177,1144,6261371,68,583702,2425,3138534,4719,4910.29,17168784,0
"2022-03-29",1045,7186222,1099,6262470,86,583788,2494,3141028,4724,4748.29,17173508,0
"2022-03-30",1244,7187466,1128,6263598,95,583883,3039,3144067,5506,4739.14,17179014,0
"2022-03-31",1238,7188704,1239,6264837,57,583940,3133,3147200,5667,4820.57,17184681,0
"2022-04-01",1376,7190080,1473,6266310,67,584007,3216,3150416,6132,4797.14,17190813,0
"2022-04-02",880,7190960,908,6267218,31,584038,2081,3152497,3900,4726.57,17194713,0
"2022-04-03",544,7191504,495,6267713,28,584066,1215,3153712,2282,4704.29,17196995,0
"2022-04-04",1313,7192817,1291,6269004,56,584122,2687,3156399,5347,4794,17202342,0
"2022-04-05",1266,7194083,1133,6270137,66,584188,2828,3159227,5293,4875.29,17207635,0
"2022-04-06",1271,7195354,1153,6271290,55,584243,2576,3161803,5055,4810.86,17212690,0
"2022-04-07",1161,7196515,1040,6272330,53,584296,2313,3164116,4567,4653.71,17217257,0
"2022-04-08",1463,7197978,1375,6273705,53,584349,3071,3167187,5962,4629.43,17223219,0
"2022-04-09",932,7198910,912,6274617,24,584373,2025,3169212,3893,4628.43,17227112,0
"2022-04-10",593,7199503,453,6275070,23,584396,1162,3170374,2231,4621.14,17229343,0
"2022-04-11",1322,7200825,1202,6276272,58,584454,2601,3172975,5183,4597.71,17234526,120000
"2022-04-12",1180,7202005,1016,6277288,68,584522,2404,3175379,4668,4508.43,17239194,120000
"2022-04-13",1236,7203241,1043,6278331,51,584573,2428,3177807,4758,4466,17243952,120000
"2022-04-14",1209,7204450,1036,6279367,50,584623,2253,3180060,4548,4463.29,17248500,120000
"2022-04-15",1292,7205742,1042,6280409,43,584666,2433,3182493,4810,4298.71,17253310,120000
"2022-04-16",872,7206614,615,6281024,21,584687,1544,3184037,3052,4178.57,17256362,120000
"2022-04-17",59,7206673,48,6281072,6,584693,128,3184165,241,3894.29,17256603,120000
