"DATE","ADMIN_DOSE1_DAILY","ADMIN_DOSE1_CUMULATIVE","ADMIN_DOSE2_DAILY","ADMIN_DOSE2_CUMULATIVE","ADMIN_SINGLE_DAILY","ADMIN_SINGLE_CUMULATIVE","ADMIN_ADDITIONAL_DAILY","ADMIN_ADDITIONAL_CUMULATIVE","ADMIN_ALLDOSES_DAILY","ADMIN_ALLDOSES_7DAYAVG","ADMIN_ALLDOSES_CUMULATIVE","INCOMPLETE"
"2020-12-14",79,79,0,0,0,0,0,0,79,,79,0
"2020-12-15",2053,2132,5,5,4,4,0,0,2062,,2141,0
"2020-12-16",4602,6734,13,18,1,5,1,1,4617,,6758,0
"2020-12-17",4655,11389,17,35,0,5,1,2,4673,,11431,0
"2020-12-18",5833,17222,20,55,2,7,2,4,5857,,17288,0
"2020-12-19",1689,18911,7,62,3,10,0,4,1699,,18987,0
"2020-12-20",1116,20027,2,64,1,11,0,4,1119,2872.29,20106,0
"2020-12-21",6339,26366,17,81,0,11,6,10,6362,3769.86,26468,0
"2020-12-22",9797,36163,27,108,2,13,1,11,9827,4879.14,36295,0
"2020-12-23",14272,50435,37,145,3,16,1,12,14313,6264.29,50608,0
"2020-12-24",7200,57635,25,170,1,17,0,12,7226,6629,57834,0
"2020-12-25",180,57815,0,170,0,17,1,13,181,5818.14,58015,0
"2020-12-26",4390,62205,43,213,0,17,1,14,4434,6208.86,62449,0
"2020-12-27",3867,66072,14,227,0,17,1,15,3882,6603.57,66331,0
"2020-12-28",10992,77064,50,277,1,18,3,18,11046,7272.71,77377,0
"2020-12-29",10722,87786,33,310,2,20,2,20,10759,7405.86,88136,0
"2020-12-30",12825,100611,44,354,0,20,0,20,12869,7199.57,101005,0
"2020-12-31",7263,107874,30,384,1,21,0,20,7294,7209.29,108299,0
"2021-01-01",181,108055,2,386,1,22,3,23,187,7210.14,108486,0
"2021-01-02",3810,111865,10,396,2,24,1,24,3823,7122.86,112309,0
"2021-01-03",3543,115408,23,419,2,26,1,25,3569,7078.14,115878,0
"2021-01-04",12257,127665,805,1224,2,28,6,31,13070,7367.29,128948,0
"2021-01-05",14083,141748,2193,3417,2,30,10,41,16288,8157.14,145236,0
"2021-01-06",17808,159556,3923,7340,1,31,29,70,21761,9427.43,166997,0
"2021-01-07",16547,176103,5174,12514,4,35,45,115,21770,11495.43,188767,0
"2021-01-08",16620,192723,5454,17968,0,35,32,147,22106,14626.71,210873,0
"2021-01-09",7649,200372,1464,19432,1,36,7,154,9121,15383.57,219994,0
"2021-01-10",7884,208256,981,20413,0,36,10,164,8875,16141.57,228869,0
"2021-01-11",25818,234074,7457,27870,2,38,47,211,33324,19035,262193,0
"2021-01-12",28266,262340,7858,35728,1,39,43,254,36168,21875,298361,0
"2021-01-13",31721,294061,9378,45106,1,40,55,309,41155,24645.57,339516,0
"2021-01-14",35805,329866,5328,50434,1,41,28,337,41162,27415.86,380678,0
"2021-01-15",29268,359134,3703,54137,2,43,32,369,33005,28972.86,413683,0
"2021-01-16",30291,389425,2379,56516,0,43,24,393,32694,32340.43,446377,0
"2021-01-17",23756,413181,1620,58136,0,43,18,411,25394,34700.29,471771,0
"2021-01-18",27108,440289,2411,60547,0,43,34,445,29553,34161.57,501324,0
"2021-01-19",34303,474592,9619,70166,1,44,67,512,43990,35279,545314,0
"2021-01-20",34865,509457,9495,79661,1,45,58,570,44419,35745.29,589733,0
"2021-01-21",25595,535052,8089,87750,2,47,48,618,33734,34684.14,623467,0
"2021-01-22",24756,559808,4384,92134,1,48,29,647,29170,34136.29,652637,0
"2021-01-23",15741,575549,3224,95358,0,48,10,657,18975,32176.43,671612,0
"2021-01-24",7180,582729,3448,98806,0,48,19,676,10647,30069.71,682259,0
"2021-01-25",13415,596144,11816,110622,0,48,63,739,25294,29461.29,707553,0
"2021-01-26",16767,612911,10746,121368,0,48,67,806,27580,27117,735133,0
"2021-01-27",20830,633741,12359,133727,0,48,49,855,33238,25519.71,768371,0
"2021-01-28",30765,664506,12844,146571,0,48,78,933,43687,26941.57,812058,0
"2021-01-29",31693,696199,11497,158068,0,48,77,1010,43267,28955.43,855325,0
"2021-01-30",18715,714914,3739,161807,0,48,20,1030,22474,29455.29,877799,0
"2021-01-31",13026,727940,2917,164724,1,49,27,1057,15971,30215.86,893770,0
"2021-02-01",1178,729118,5367,170091,4,53,36,1093,6585,27543.14,900355,0
"2021-02-02",2827,731945,9467,179558,2,55,50,1143,12346,25366.86,912701,0
"2021-02-03",16351,748296,21235,200793,4,59,201,1344,37791,26017.29,950492,0
"2021-02-04",27043,775339,19647,220440,3,62,199,1543,46892,26475.14,997384,0
"2021-02-05",27603,802942,20023,240463,0,62,181,1724,47807,27123.71,1045191,0
"2021-02-06",22991,825933,11246,251709,0,62,108,1832,34345,28819.57,1079536,0
"2021-02-07",12044,837977,8281,259990,1,63,87,1919,20413,29454.14,1099949,0
"2021-02-08",16970,854947,23509,283499,2,65,230,2149,40711,34329.29,1140660,0
"2021-02-09",17199,872146,28109,311608,2,67,324,2473,45634,39084.71,1186294,0
"2021-02-10",19595,891741,29303,340911,2,69,258,2731,49158,40708.57,1235452,0
"2021-02-11",27848,919589,33464,374375,2,71,346,3077,61660,42818.29,1297112,0
"2021-02-12",38409,957998,30788,405163,3,74,349,3426,69549,45924.29,1366661,0
"2021-02-13",28009,986007,25303,430466,2,76,305,3731,53619,48677.71,1420280,0
"2021-02-14",16286,1002293,23725,454191,0,76,257,3988,40268,51514.14,1460548,0
"2021-02-15",12798,1015091,10523,464714,2,78,165,4153,23488,49053.71,1484036,0
"2021-02-16",14241,1029332,26728,491442,0,78,315,4468,41284,48432.29,1525320,0
"2021-02-17",16407,1045739,22171,513613,1,79,287,4755,38866,46962,1564186,0
"2021-02-18",12154,1057893,24992,538605,21,100,277,5032,37444,43502.57,1601630,0
"2021-02-19",13269,1071162,23931,562536,39,139,293,5325,37532,38928.71,1639162,0
"2021-02-20",11352,1082514,26073,588609,6,145,323,5648,37754,36662.29,1676916,0
"2021-02-21",6360,1088874,17426,606035,15,160,280,5928,24081,34349.86,1700997,0
"2021-02-22",13040,1101914,11846,617881,2,162,124,6052,25012,34567.57,1726009,0
"2021-02-23",25243,1127157,14149,632030,1,163,158,6210,39551,34320,1765560,0
"2021-02-24",36357,1163514,20355,652385,0,163,218,6428,56930,36900.57,1822490,0
"2021-02-25",54618,1218132,30348,682733,6,169,388,6816,85360,43745.71,1907850,0
"2021-02-26",62883,1281015,31840,714573,4,173,397,7213,95124,51973.14,2002974,0
"2021-02-27",51300,1332315,22736,737309,47,220,326,7539,74409,57209.57,2077383,0
"2021-02-28",44603,1376918,13789,751098,7,227,202,7741,58601,62141,2135984,0
"2021-03-01",39315,1416233,12752,763850,10,237,166,7907,52243,66031.14,2188227,0
"2021-03-02",47082,1463315,12547,776397,7,244,157,8064,59793,68922.86,2248020,0
"2021-03-03",48606,1511921,16128,792525,17,261,146,8210,64897,70061,2312917,0
"2021-03-04",59823,1571744,22791,815316,1092,1353,263,8473,83969,69862.29,2396886,0
"2021-03-05",60990,1632734,24250,839566,3109,4462,329,8802,88678,68941.43,2485564,0
"2021-03-06",47178,1679912,18867,858433,5448,9910,233,9035,71726,68558.14,2557290,0
"2021-03-07",36040,1715952,14858,873291,6247,16157,225,9260,57370,68382.29,2614660,0
"2021-03-08",39620,1755572,14662,887953,8566,24723,306,9566,63154,69941,2677814,0
"2021-03-09",39102,1794674,12795,900748,7765,32488,179,9745,59841,69947.86,2737655,0
"2021-03-10",51832,1846506,15276,916024,5068,37556,221,9966,72397,71019.29,2810052,0
"2021-03-11",60004,1906510,21762,937786,4617,42173,249,10215,86632,71399.71,2896684,0
"2021-03-12",52200,1958710,30273,968059,4183,46356,370,10585,87026,71163.71,2983710,0
"2021-03-13",40661,1999371,26670,994729,5109,51465,324,10909,72764,71312,3056474,0
"2021-03-14",30722,2030093,15938,1010667,4528,55993,237,11146,51425,70462.71,3107899,0
"2021-03-15",33590,2063683,17221,1027888,4720,60713,234,11380,55765,69407.14,3163664,0
"2021-03-16",38675,2102358,20464,1048352,4925,65638,257,11637,64321,70047.14,3227985,0
"2021-03-17",42625,2144983,24744,1073096,4247,69885,334,11971,71950,69983.29,3299935,0
"2021-03-18",50474,2195457,26740,1099836,5239,75124,363,12334,82816,69438.14,3382751,0
"2021-03-19",47808,2243265,29894,1129730,5624,80748,386,12720,83712,68964.71,3466463,0
"2021-03-20",38712,2281977,25780,1155510,4690,85438,289,13009,69471,68494.29,3535934,0
"2021-03-21",29305,2311282,19304,1174814,771,86209,217,13226,49597,68233.14,3585531,0
"2021-03-22",33866,2345148,26690,1201504,4037,90246,261,13487,64854,69531.57,3650385,0
"2021-03-23",38443,2383591,32789,1234293,4221,94467,281,13768,75734,71162,3726119,0
"2021-03-24",41513,2425104,37538,1271831,4849,99316,321,14089,84221,72915,3810340,0
"2021-03-25",43424,2468528,50708,1322539,5053,104369,457,14546,99642,75318.71,3909982,0
"2021-03-26",38514,2507042,55411,1377950,4311,108680,517,15063,98753,77467.43,4008735,0
"2021-03-27",35753,2542795,45661,1423611,2939,111619,405,15468,84758,79651.29,4093493,0
"2021-03-28",26399,2569194,34371,1457982,1481,113100,321,15789,62572,81504.86,4156065,0
"2021-03-29",34834,2604028,38772,1496754,3248,116348,337,16126,77191,83267.29,4233256,0
"2021-03-30",40519,2644547,41878,1538632,3715,120063,319,16445,86431,84795.43,4319687,0
"2021-03-31",49413,2693960,44813,1583445,7441,127504,390,16835,102057,87343.43,4421744,0
"2021-04-01",50783,2744743,53915,1637360,11274,138778,494,17329,116466,89746.86,4538210,0
"2021-04-02",43766,2788509,53840,1691200,11973,150751,542,17871,110121,91370.86,4648331,0
"2021-04-03",39265,2827774,39175,1730375,9861,160612,333,18204,88634,91924.57,4736965,0
"2021-04-04",26565,2854339,24688,1755063,3901,164513,221,18425,55375,90896.43,4792340,0
"2021-04-05",41886,2896225,34413,1789476,11195,175708,362,18787,87856,92420,4880196,0
"2021-04-06",53283,2949508,35540,1825016,13221,188929,421,19208,102465,94710.57,4982661,0
"2021-04-07",55519,3005027,40665,1865681,14386,203315,386,19594,110956,95981.86,5093617,0
"2021-04-08",59279,3064306,46547,1912228,16336,219651,502,20096,122664,96867.29,5216281,0
"2021-04-09",56654,3120960,44927,1957155,17549,237200,495,20591,119625,98225,5335906,0
"2021-04-10",49363,3170323,35637,1992792,12727,249927,376,20967,98103,99577.71,5434009,0
"2021-04-11",38194,3208517,28810,2021602,7686,257613,286,21253,74976,102377.86,5508985,0
"2021-04-12",46648,3255165,31840,2053442,13493,271106,456,21709,92437,103032.29,5601422,0
"2021-04-13",52561,3307726,33776,2087218,368,271474,386,22095,87091,100836,5688513,0
"2021-04-14",50161,3357887,39957,2127175,20,271494,356,22451,90494,97912.86,5779007,0
"2021-04-15",52136,3410023,43668,2170843,16,271510,450,22901,96270,94142.29,5875277,0
"2021-04-16",51193,3461216,42221,2213064,32,271542,405,23306,93851,90460.29,5969128,0
"2021-04-17",43851,3505067,35682,2248746,3,271545,360,23666,79896,87859.29,6049024,0
"2021-04-18",28612,3533679,29371,2278117,7,271552,245,23911,58235,85467.71,6107259,0
"2021-04-19",37486,3571165,36447,2314564,22,271574,304,24215,74259,82870.86,6181518,0
"2021-04-20",40816,3611981,39632,2354196,19,271593,296,24511,80763,81966.86,6262281,0
"2021-04-21",38910,3650891,45961,2400157,15,271608,481,24992,85367,81234.43,6347648,0
"2021-04-22",38520,3689411,48946,2449103,9,271617,329,25321,87804,80025,6435452,0
"2021-04-23",39714,3729125,44368,2493471,4,271621,348,25669,84434,78679.71,6519886,0
"2021-04-24",31966,3761091,41596,2535067,44,271665,273,25942,73879,77820.14,6593765,0
"2021-04-25",18428,3779519,31229,2566296,86,271751,186,26128,49929,76633.57,6643694,0
"2021-04-26",26979,3806498,40726,2607022,1013,272764,281,26409,68999,75882.14,6712693,0
"2021-04-27",28574,3835072,47126,2654148,1696,274460,342,26751,77738,75450,6790431,0
"2021-04-28",27055,3862127,56834,2710982,2146,276606,419,27170,86454,75605.29,6876885,0
"2021-04-29",28619,3890746,57181,2768163,2145,278751,360,27530,88305,75676.86,6965190,0
"2021-04-30",30129,3920875,51987,2820150,2056,280807,273,27803,84445,75678.43,7049635,0
"2021-05-01",22485,3943360,44548,2864698,1176,281983,224,28027,68433,74900.43,7118068,0
"2021-05-02",11931,3955291,36653,2901351,1080,283063,131,28158,49795,74881.29,7167863,0
"2021-05-03",18038,3973329,53016,2954367,2383,285446,246,28404,73683,75550.43,7241546,0
"2021-05-04",22751,3996080,56642,3011009,2330,287776,256,28660,81979,76156.29,7323525,0
"2021-05-05",21480,4017560,48792,3059801,2310,290086,309,28969,72891,74218.71,7396416,0
"2021-05-06",20696,4038256,50173,3109974,2509,292595,262,29231,73640,72123.71,7470056,0
"2021-05-07",21264,4059520,52097,3162071,2813,295408,300,29531,76474,70985,7546530,0
"2021-05-08",16636,4076156,41875,3203946,1835,297243,221,29752,60567,69861.29,7607097,0
"2021-05-09",7976,4084132,29411,3233357,1260,298503,149,29901,38796,68290,7645893,0
"2021-05-10",14402,4098534,38538,3271895,2356,300859,221,30122,55517,65694.86,7701410,0
"2021-05-11",19929,4118463,43048,3314943,2514,303373,279,30401,65770,63379.29,7767180,0
"2021-05-12",17815,4136278,40533,3355476,3596,306969,227,30628,62171,61847.86,7829351,0
"2021-05-13",24984,4161262,40429,3395905,3230,310199,255,30883,68898,61170.43,7898249,0
"2021-05-14",27035,4188297,42903,3438808,3536,313735,278,31161,73752,60781.57,7972001,0
"2021-05-15",23660,4211957,34920,3473728,3366,317101,242,31403,62188,61013.14,8034189,0
"2021-05-16",15545,4227502,19434,3493162,2497,319598,124,31527,37600,60842.29,8071789,0
"2021-05-17",22679,4250181,29143,3522305,3257,322855,173,31700,55252,60804.43,8127041,0
"2021-05-18",24645,4274826,31901,3554206,3404,326259,233,31933,60183,60006.29,8187224,0
"2021-05-19",24209,4299035,29709,3583915,3039,329298,219,32152,57176,59292.71,8244400,0
"2021-05-20",24165,4323200,30084,3613999,3160,332458,264,32416,57673,57689.14,8302073,0
"2021-05-21",24695,4347895,32001,3646000,3059,335517,241,32657,59996,55724,8362069,0
"2021-05-22",20031,4367926,24356,3670356,2525,338042,155,32812,47067,53563.86,8409136,0
"2021-05-23",11239,4379165,13726,3684082,1411,339453,97,32909,26473,51974.29,8435609,0
"2021-05-24",18887,4398052,23147,3707229,2757,342210,215,33124,45006,50510.57,8480615,0
"2021-05-25",19445,4417497,23374,3730603,2601,344811,174,33298,45594,48426.43,8526209,0
"2021-05-26",18791,4436288,21079,3751682,2695,347506,199,33497,42764,46367.57,8568973,0
"2021-05-27",18478,4454766,21265,3772947,2530,350036,191,33688,42464,44194.86,8611437,0
"2021-05-28",17876,4472642,22888,3795835,2752,352788,183,33871,43699,41866.71,8655136,0
"2021-05-29",12715,4485357,17804,3813639,1755,354543,102,33973,32376,39768,8687512,0
"2021-05-30",7033,4492390,8949,3822588,1075,355618,45,34018,17102,38429.29,8704614,0
"2021-05-31",4741,4497131,6926,3829514,1011,356629,63,34081,12741,33820,8717355,0
"2021-06-01",16049,4513180,25197,3854711,2174,358803,149,34230,43569,33530.71,8760924,0
"2021-06-02",15357,4528537,20387,3875098,2092,360895,139,34369,37975,32846.57,8798899,0
"2021-06-03",15011,4543548,23816,3898914,2280,363175,121,34490,41228,32670,8840127,0
"2021-06-04",14735,4558283,25980,3924894,2492,365667,142,34632,43349,32620,8883476,0
"2021-06-05",10998,4569281,22078,3946972,1806,367473,114,34746,34996,32994.29,8918472,0
"2021-06-06",6451,4575732,14466,3961438,1222,368695,82,34828,22221,33725.57,8940693,0
"2021-06-07",11718,4587450,21781,3983219,2379,371074,139,34967,36017,37050.71,8976710,0
"2021-06-08",12660,4600110,24014,4007233,2072,373146,116,35083,38862,36378.29,9015572,0
"2021-06-09",11154,4611264,23022,4030255,2298,375444,130,35213,36604,36182.43,9052176,0
"2021-06-10",12076,4623340,22228,4052483,2462,377906,137,35350,36903,35564.57,9089079,0
"2021-06-11",12714,4636054,25110,4077593,2482,380388,151,35501,40457,35151.43,9129536,0
"2021-06-12",10170,4646224,19304,4096897,1888,382276,92,35593,31454,34645.43,9160990,0
"2021-06-13",4259,4650483,10936,4107833,1220,383496,41,35634,16456,33821.86,9177446,0
"2021-06-14",10219,4660702,19237,4127070,2042,385538,124,35758,31622,33194,9209068,0
"2021-06-15",11894,4672596,21007,4148077,1943,387481,123,35881,34967,32637.57,9244035,0
"2021-06-16",11593,4684189,19403,4167480,1957,389438,138,36019,33091,32135.71,9277126,0
"2021-06-17",11027,4695216,18758,4186238,1970,391408,118,36137,31873,31417.14,9308999,0
"2021-06-18",12171,4707387,18496,4204734,2115,393523,113,36250,32895,30336.86,9341894,0
"2021-06-19",8504,4715891,13521,4218255,1460,394983,79,36329,23564,29209.71,9365458,0
"2021-06-20",4336,4720227,7162,4225417,924,395907,36,36365,12458,28638.57,9377916,0
"2021-06-21",10166,4730393,10003,4235420,1806,397713,67,36432,22042,27270,9399958,0
"2021-06-22",9840,4740233,15640,4251060,1590,399303,102,36534,27172,26156.43,9427130,0
"2021-06-23",10321,4750554,15182,4266242,1861,401164,102,36636,27466,25352.86,9454596,0
"2021-06-24",9694,4760248,14695,4280937,1799,402963,116,36752,26304,24557.29,9480900,0
"2021-06-25",10594,4770842,14383,4295320,1718,404681,109,36861,26804,23687.14,9507704,0
"2021-06-26",7811,4778653,10460,4305780,1246,405927,73,36934,19590,23119.43,9527294,0
"2021-06-27",5004,4783657,5998,4311778,796,406723,32,36966,11830,23029.71,9539124,0
"2021-06-28",9036,4792693,10343,4322121,1524,408247,104,37070,21007,22881.86,9560131,0
"2021-06-29",9752,4802445,12311,4334432,1348,409595,123,37193,23534,22362.14,9583665,0
"2021-06-30",9430,4811875,10927,4345359,1480,411075,146,37339,21983,21578.86,9605648,0
"2021-07-01",9401,4821276,10925,4356284,1431,412506,124,37463,21881,20947,9627529,0
"2021-07-02",9695,4830971,11436,4367720,1541,414047,122,37585,22794,20374.14,9650323,0
"2021-07-03",7062,4838033,8420,4376140,1193,415240,75,37660,16750,19968.43,9667073,0
"2021-07-04",1288,4839321,1335,4377475,567,415807,8,37668,3198,18735.29,9670271,0
"2021-07-05",6495,4845816,7102,4384577,1208,417015,66,37734,14871,17858.71,9685142,0
"2021-07-06",9518,4855334,12847,4397424,1317,418332,113,37847,23795,17896,9708937,0
"2021-07-07",8677,4864011,11107,4408531,1419,419751,119,37966,21322,17801.57,9730259,0
"2021-07-08",8211,4872222,10195,4418726,1260,421011,105,38071,19771,17500.14,9750030,0
"2021-07-09",8381,4880603,10827,4429553,1279,422290,87,38158,20574,17183,9770604,0
"2021-07-10",7111,4887714,8625,4438178,1133,423423,64,38222,16933,17209.14,9787537,0
"2021-07-11",4105,4891819,4539,4442717,703,424126,35,38257,9382,18092.57,9796919,0
"2021-07-12",8454,4900273,9553,4452270,1250,425376,78,38335,19335,18730.29,9816254,0
"2021-07-13",9471,4909744,9382,4461652,951,426327,103,38438,19907,18174.86,9836161,0
"2021-07-14",9007,4918751,9525,4471177,1009,427336,103,38541,19644,17935.14,9855805,0
"2021-07-15",8796,4927547,9149,4480326,1052,428388,80,38621,19077,17836,9874882,0
"2021-07-16",9244,4936791,9763,4490089,978,429366,101,38722,20086,17766.29,9894968,0
"2021-07-17",6846,4943637,7386,4497475,802,430168,78,38800,15112,17506.14,9910080,0
"2021-07-18",4260,4947897,4285,4501760,569,430737,33,38833,9147,17472.57,9919227,0
"2021-07-19",9129,4957026,8471,4510231,999,431736,86,38919,18685,17379.71,9937912,0
"2021-07-20",10657,4967683,8755,4518986,991,432727,90,39009,20493,17463.43,9958405,0
"2021-07-21",10055,4977738,8763,4527749,903,433630,141,39150,19862,17494.57,9978267,0
"2021-07-22",10687,4988425,8580,4536329,1044,434674,142,39292,20453,17691.14,9998720,0
"2021-07-23",11261,4999686,8878,4545207,1114,435788,134,39426,21387,17877,10020107,0
"2021-07-24",7406,5007092,6734,4551941,670,436458,82,39508,14892,17845.57,10034999,0
"2021-07-25",5481,5012573,2122,4554063,509,436967,59,39567,8171,17706.14,10043170,0
"2021-07-26",10880,5023453,6998,4561061,859,437826,109,39676,18846,17729.14,10062016,0
"2021-07-27",12060,5035513,8564,4569625,857,438683,131,39807,21612,17889,10083628,0
"2021-07-28",11999,5047512,8048,4577673,950,439633,129,39936,21126,18069.57,10104754,0
"2021-07-29",10941,5058453,7426,4585099,983,440616,129,40065,19479,17930.43,10124233,0
"2021-07-30",14957,5073410,8005,4593104,1149,441765,180,40245,24291,18345.29,10148524,0
"2021-07-31",9736,5083146,6309,4599413,816,442581,116,40361,16977,18643.14,10165501,0
"2021-08-01",6506,5089652,3308,4602721,564,443145,79,40440,10457,18969.71,10175958,0
"2021-08-02",13454,5103106,7154,4609875,848,443993,143,40583,21599,19363,10197557,0
"2021-08-03",15424,5118530,8380,4618255,1107,445100,145,40728,25056,19855,10222613,0
"2021-08-04",17264,5135794,8123,4626378,1454,446554,177,40905,27018,20696.71,10249631,0
"2021-08-05",17869,5153663,7921,4634299,1365,447919,161,41066,27316,21816.29,10276947,0
"2021-08-06",18185,5171848,8409,4642708,1233,449152,164,41230,27991,22344.86,10304938,0
"2021-08-07",13389,5185237,6015,4648723,799,449951,97,41327,20300,22819.57,10325238,0
"2021-08-08",9312,5194549,3833,4652556,399,450350,78,41405,13622,23271.71,10338860,0
"2021-08-09",21341,5215890,8529,4661085,963,451313,169,41574,31002,24615,10369862,0
"2021-08-10",18927,5234817,9329,4670414,950,452263,168,41742,29374,25231.86,10399236,0
"2021-08-11",15653,5250470,8308,4678722,852,453115,125,41867,24938,24934.71,10424174,0
"2021-08-12",15055,5265525,8976,4687698,938,454053,167,42034,25136,24623.29,10449310,0
"2021-08-13",14930,5280455,9287,4696985,921,454974,236,42270,25374,24249.43,10474684,0
"2021-08-14",10416,5290871,6407,4703392,626,455600,523,42793,17972,23916.86,10492656,0
"2021-08-15",6697,5297568,4474,4707866,677,456277,567,43360,12415,23744.43,10505071,0
"2021-08-16",15726,5313294,9291,4717157,1149,457426,1314,44674,27480,23241.29,10532551,0
"2021-08-17",17784,5331078,10438,4727595,1221,458647,1753,46427,31196,23501.57,10563747,0
"2021-08-18",17519,5348597,10356,4737951,1260,459907,1975,48402,31110,24383.29,10594857,0
"2021-08-19",16313,5364910,9519,4747470,1316,461223,1943,50345,29091,24948.29,10623948,0
"2021-08-20",16292,5381202,11536,4759006,1254,462477,1846,52191,30928,25741.71,10654876,0
"2021-08-21",11160,5392362,8040,4767046,877,463354,1047,53238,21124,26192,10676000,0
"2021-08-22",4086,5396448,3903,4770949,262,463616,512,53750,8763,25670.29,10684763,0
"2021-08-23",15584,5412032,11796,4782745,1023,464639,1541,55291,29944,26022.29,10714707,0
"2021-08-24",16922,5428954,12592,4795337,1006,465645,1769,57060,32289,26178.43,10746996,0
"2021-08-25",14588,5443542,12436,4807773,1111,466756,1559,58619,29694,25976.14,10776690,0
"2021-08-26",16172,5459714,14084,4821857,1072,467828,1757,60376,33085,26546.71,10809775,0
"2021-08-27",14889,5474603,14819,4836676,972,468800,1652,62028,32332,26747.29,10842107,0
"2021-08-28",10689,5485292,11513,4848189,836,469636,1008,63036,24046,27164.71,10866153,0
"2021-08-29",7220,5492512,7494,4855683,541,470177,769,63805,16024,28202,10882177,0
"2021-08-30",15532,5508044,16920,4872603,1077,471254,1781,65586,35310,28968.57,10917487,0
"2021-08-31",15529,5523573,15941,4888544,952,472206,1956,67542,34378,29267,10951865,0
"2021-09-01",14840,5538413,14098,4902642,1021,473227,1787,69329,31746,29560.14,10983611,0
"2021-09-02",14347,5552760,12517,4915159,896,474123,1686,71015,29446,29040.29,11013057,0
"2021-09-03",15016,5567776,14298,4929457,974,475097,1887,72902,32175,29017.86,11045232,0
"2021-09-04",9655,5577431,9404,4938861,688,475785,959,73861,20706,28540.71,11065938,0
"2021-09-05",6808,5584239,5512,4944373,438,476223,701,74562,13459,28174.29,11079397,0
"2021-09-06",5203,5589442,4506,4948879,358,476581,268,74830,10335,24606.43,11089732,0
"2021-09-07",15582,5605024,17688,4966567,913,477494,1532,76362,35715,24797.43,11125447,0
"2021-09-08",16180,5621204,14823,4981390,1073,478567,1748,78110,33824,25094.29,11159271,0
"2021-09-09",16127,5637331,14742,4996132,1048,479615,1897,80007,33814,25718.29,11193085,0
"2021-09-10",18379,5655710,15392,5011524,1209,480824,1958,81965,36938,26398.71,11230023,0
"2021-09-11",12647,5668357,10343,5021867,958,481782,1015,82980,24963,27006.86,11254986,0
"2021-09-12",8544,5676901,5047,5026914,766,482548,683,83663,15040,27232.71,11270026,0
"2021-09-13",16945,5693846,12945,5039859,974,483522,1635,85298,32499,30399,11302525,0
"2021-09-14",16282,5710128,13669,5053528,886,484408,1584,86882,32421,29928.43,11334946,0
"2021-09-15",15560,5725688,12864,5066392,728,485136,1561,88443,30713,29484,11365659,0
"2021-09-16",15353,5741041,13906,5080298,1211,486347,1436,89879,31906,29211.43,11397565,0
"2021-09-17",14439,5755480,13962,5094260,922,487269,1818,91697,31141,28383.29,11428706,0
"2021-09-18",10012,5765492,10169,5104429,913,488182,1043,92740,22137,27979.57,11450843,0
"2021-09-19",6183,5771675,6069,5110498,557,488739,741,93481,13550,27766.71,11464393,0
"2021-09-20",12692,5784367,12629,5123127,1069,489808,1902,95383,28292,27165.71,11492685,0
"2021-09-21",12247,5796614,12770,5135897,1111,490919,2004,97387,28132,26553,11520817,0
"2021-09-22",12849,5809463,11985,5147882,1091,492010,1654,99041,27579,26105.29,11548396,0
"2021-09-23",14963,5824426,12749,5160631,1639,493649,2235,101276,31586,26059.57,11579982,0
"2021-09-24",16469,5840895,13358,5173989,1632,495281,4561,105837,36020,26756.57,11616002,0
"2021-09-25",10557,5851452,9020,5183009,1018,496299,3397,109234,23992,27021.57,11639994,0
"2021-09-26",6320,5857772,5755,5188764,773,497072,2387,111621,15235,27262.29,11655229,0
"2021-09-27",14188,5871960,8045,5196809,1155,498227,8895,120516,32283,27832.43,11687512,0
"2021-09-28",11173,5883133,11770,5208579,901,499128,9720,130236,33564,28608.43,11721076,0
"2021-09-29",11629,5894762,12184,5220763,1205,500333,9287,139523,34305,29569.29,11755381,0
"2021-09-30",12262,5907024,12592,5233355,1338,501671,9597,149120,35789,30169.71,11791170,0
"2021-10-01",12671,5919695,13425,5246780,1284,502955,10154,159274,37534,30386,11828704,0
"2021-10-02",7741,5927436,9975,5256755,864,503819,4175,163449,22755,30209.29,11851459,0
"2021-10-03",5083,5932519,6159,5262914,594,504413,2579,166028,14415,30092.14,11865874,0
"2021-10-04",9931,5942450,11029,5273943,913,505326,9412,175440,31285,29949.57,11897159,0
"2021-10-05",10192,5952642,11745,5285688,972,506298,9847,185287,32756,29834.14,11929915,0
"2021-10-06",9937,5962579,11053,5296741,937,507235,9844,195131,31771,29472.14,11961686,0
"2021-10-07",9689,5972268,12182,5308923,852,508087,10107,205238,32830,29049.43,11994516,0
"2021-10-08",9493,5981761,12166,5321089,943,509030,10806,216044,33408,28460,12027924,0
"2021-10-09",6282,5988043,8274,5329363,649,509679,4055,220099,19260,27960.71,12047184,0
"2021-10-10",3550,5991593,5020,5334383,458,510137,2403,222502,11431,27534.43,12058615,0
"2021-10-11",7644,5999237,9329,5343712,728,510865,8839,231341,26540,26856.57,12085155,0
"2021-10-12",8094,6007331,11002,5354714,890,511755,10409,241750,30395,26519.29,12115550,0
"2021-10-13",7190,6014521,10142,5364856,869,512624,8669,250419,26870,25819.14,12142420,0
"2021-10-14",7467,6021988,11108,5375964,836,513460,9986,260405,29397,25328.71,12171817,0
"2021-10-15",7752,6029740,11866,5387830,823,514283,10672,271077,31113,25000.86,12202930,0
"2021-10-16",4874,6034614,7464,5395294,666,514949,3778,274855,16782,24646.86,12219712,0
"2021-10-17",3064,6037678,4474,5399768,411,515360,2413,277268,10362,24494.14,12230074,0
"2021-10-18",7088,6044766,10658,5410426,797,516157,9328,286596,27871,24684.29,12257945,0
"2021-10-19",6601,6051367,8942,5419368,806,516963,8964,295560,25313,23958.29,12283258,0
"2021-10-20",6569,6057936,9372,5428740,975,517938,9869,305429,26785,23946.14,12310043,0
"2021-10-21",7063,6064999,9378,5438118,859,518797,10725,316154,28025,23750.14,12338068,0
"2021-10-22",8172,6073171,10347,5448465,1026,519823,16254,332408,35799,24419.57,12373867,0
"2021-10-23",5205,6078376,6459,5454924,690,520513,9071,341479,21425,25082.86,12395292,0
"2021-10-24",3287,6081663,3968,5458892,770,521283,6132,347611,14157,25625,12409449,0
"2021-10-25",8831,6090494,8750,5467642,1148,522431,19178,366789,37907,27058.71,12447356,0
"2021-10-26",8248,6098742,7727,5475369,1259,523690,17225,384014,34459,28365.29,12481815,0
"2021-10-27",10628,6109370,8399,5483768,1604,525294,20757,404771,41388,30451.43,12523203,0
"2021-10-28",11380,6120750,8043,5491811,1793,527087,20744,425515,41960,32442.14,12565163,0
"2021-10-29",11901,6132651,8246,5500057,1964,529051,22438,447953,44549,33692.14,12609712,0
"2021-10-30",4656,6137307,5052,5505109,934,529985,11120,459073,21762,33740.29,12631474,0
"2021-10-31",2678,6139985,2703,5507812,545,530530,6599,465672,12525,33507.14,12643999,0
"2021-11-01",7200,6147185,6953,5514765,1090,531620,20288,485960,35531,33167.71,12679530,0
"2021-11-02",6638,6153823,6585,5521350,1053,532673,20663,506623,34939,33236.29,12714469,0
"2021-11-03",6908,6160731,6676,5528026,1028,533701,20529,527152,35141,32343.86,12749610,0
"2021-11-04",9357,6170088,6275,5534301,997,534698,22256,549408,38885,31904.57,12788495,0
"2021-11-05",11125,6181213,6724,5541025,1052,535750,23680,573088,42581,31623.43,12831076,0
"2021-11-06",11152,6192365,4052,5545077,593,536343,12559,585647,28356,32565.43,12859432,0
"2021-11-07",7282,6199647,2283,5547360,576,536919,7075,592722,17216,33235.57,12876648,0
"2021-11-08",15113,6214760,5678,5553038,867,537786,19424,612146,41082,34028.57,12917730,0
"2021-11-09",16215,6230975,5379,5558417,661,538447,20454,632600,42709,35138.57,12960439,0
"2021-11-10",17011,6247986,5330,5563747,684,539131,22540,655140,45565,36627.71,13006004,0
"2021-11-11",12635,6260621,5193,5568940,761,539892,21984,677124,40573,36868.86,13046577,0
"2021-11-12",16955,6277576,5683,5574623,708,540600,23328,700452,46674,37453.57,13093251,0
"2021-11-13",9974,6287550,3665,5578288,465,541065,13287,713739,27391,37315.71,13120642,0
"2021-11-14",6042,6293592,2294,5580582,325,541390,7904,721643,16565,37222.71,13137207,0
"2021-11-15",13300,6306892,5972,5586554,690,542080,25006,746649,44968,37777.86,13182175,0
"2021-11-16",10037,6316929,5795,5592349,655,542735,30547,777196,47034,38395.71,13229209,0
"2021-11-17",10389,6327318,6677,5599026,682,543417,31270,808466,49018,38889,13278227,0
"2021-11-18",10799,6338117,6548,5605574,861,544278,32907,841373,51115,40395,13329342,0
"2021-11-19",12112,6350229,6552,5612126,717,544995,36143,877516,55524,41659.29,13384866,0
"2021-11-20",9396,6359625,3421,5615547,514,545509,22425,899941,35756,42854.29,13420622,0
"2021-11-21",5006,6364631,1893,5617440,288,545797,13153,913094,20340,43393.57,13440962,0
"2021-11-22",10542,6375173,5791,5623231,753,546550,35744,948838,52830,44516.71,13493792,0
"2021-11-23",9891,6385064,4781,5628012,635,547185,33376,982214,48683,44752.29,13542475,0
"2021-11-24",8778,6393842,4761,5632773,651,547836,25837,1008051,40027,43467.86,13582502,0
"2021-11-25",452,6394294,324,5633097,80,547916,997,1009048,1853,36430.43,13584355,0
"2021-11-26",8119,6402413,6989,5640086,528,548444,26506,1035554,42142,34518.71,13626497,0
"2021-11-27",6727,6409140,6827,5646913,373,548817,18753,1054307,32680,34079.29,13659177,0
"2021-11-28",4114,6413254,5783,5652696,282,549099,11822,1066129,22001,34316.57,13681178,0
"2021-11-29",9192,6422446,10986,5663682,688,549787,34874,1101003,55740,34732.29,13736918,0
"2021-11-30",10602,6433048,11431,5675113,512,550299,37627,1138630,60172,36373.57,13797090,0
"2021-12-01",11313,6444361,10962,5686075,723,551022,40190,1178820,63188,39682.29,13860278,0
"2021-12-02",11753,6456114,11023,5697098,626,551648,41971,1220791,65373,48756.57,13925651,0
"2021-12-03",13621,6469735,12865,5709963,676,552324,47768,1268559,74930,53440.57,14000581,0
"2021-12-04",9920,6479655,11277,5721240,567,552891,30563,1299122,52327,56247.29,14052908,0
"2021-12-05",5796,6485451,5704,5726944,270,553161,16612,1315734,28382,57158.86,14081290,0
"2021-12-06",12466,6497917,9938,5736882,603,553764,43098,1358832,66105,58639.57,14147395,0
"2021-12-07",12699,6510616,9238,5746120,625,554389,42908,1401740,65470,59396.43,14212865,0
"2021-12-08",13676,6524292,8745,5754865,556,554945,40627,1442367,63604,59455.86,14276469,0
"2021-12-09",13615,6537907,8756,5763621,558,555503,40683,1483050,63612,59204.29,14340081,0
"2021-12-10",14166,6552073,10124,5773745,672,556175,43493,1526543,68455,58279.29,14408536,0
"2021-12-11",10330,6562403,8098,5781843,405,556580,26642,1553185,45475,57300.43,14454011,0
"2021-12-12",6067,6568470,3856,5785699,288,556868,15116,1568301,25327,56864,14479338,0
"2021-12-13",12340,6580810,7413,5793112,657,557525,37758,1606059,58168,55730.14,14537506,0
"2021-12-14",12324,6593134,6958,5800070,734,558259,38043,1644102,58059,54671.43,14595565,0
"2021-12-15",12251,6605385,6239,5806309,755,559014,37970,1682072,57215,53758.71,14652780,0
"2021-12-16",13244,6618629,4266,5810575,734,559748,40865,1722937,59109,53115.43,14711889,0
"2021-12-17",16129,6634758,6928,5817503,620,560368,46540,1769477,70217,53367.14,14782106,0
"2021-12-18",13095,6647853,5717,5823220,432,560800,30506,1799983,49750,53977.86,14831856,0
"2021-12-19",7069,6654922,2987,5826207,327,561127,17950,1817933,28333,54407.29,14860189,0
"2021-12-20",17009,6671931,5868,5832075,746,561873,47262,1865195,70885,56224,14931074,0
"2021-12-21",18075,6690006,6554,5838629,808,562681,48722,1913917,74159,58524,15005233,0
"2021-12-22",18673,6708679,6555,5845184,938,563619,49461,1963378,75627,61154.29,15080860,0
"2021-12-23",19131,6727810,6479,5851663,929,564548,45691,2009069,72230,63028.71,15153090,0
"2021-12-24",9262,6737072,2953,5854616,598,565146,20553,2029622,33366,57764.29,15186456,0
"2021-12-25",343,6737415,65,5854681,31,565177,422,2030044,861,50780.14,15187317,0
"2021-12-26",7998,6745413,3925,5858606,341,565518,17246,2047290,29510,50948.29,15216827,0
"2021-12-27",21886,6767299,9199,5867805,933,566451,43319,2090609,75337,51584.29,15292164,0
"2021-12-28",20234,6787533,8320,5876125,698,567149,47458,2138067,76710,51948.71,15368874,0
"2021-12-29",18552,6806085,7656,5883781,607,567756,45414,2183481,72229,51463.29,15441103,0
"2021-12-30",16931,6823016,7410,5891191,579,568335,44726,2228207,69646,51094.14,15510749,0
"2021-12-31",5373,6828389,2792,5893983,193,568528,14710,2242917,23068,49623,15533817,0
"2022-01-01",237,6828626,145,5894128,11,568539,498,2243415,891,49627.29,15534708,0
"2022-01-02",6458,6835084,5008,5899136,153,568692,10964,2254379,22583,48637.71,15557291,0
"2022-01-03",14216,6849300,8477,5907613,515,569207,26801,2281180,50009,45019.43,15607300,0
"2022-01-04",13152,6862452,8057,5915670,412,569619,26912,2308092,48533,40994.14,15655833,0
"2022-01-05",11685,6874137,6954,5922624,385,570004,25664,2333756,44688,37059.71,15700521,0
"2022-01-06",11613,6885750,7352,5929976,480,570484,27367,2361123,46812,33797.71,15747333,0
"2022-01-07",10517,6896267,8413,5938389,337,570821,24881,2386004,44148,36809.14,15791481,0
"2022-01-08",7978,6904245,8541,5946930,310,571131,19350,2405354,36179,41850.29,15827660,0
"2022-01-09",4160,6908405,3842,5950772,214,571345,10037,2415391,18253,41231.71,15845913,0
"2022-01-10",10222,6918627,8174,5958946,489,571834,24517,2439908,43402,40287.86,15889315,0
"2022-01-11",8963,6927590,7971,5966917,520,572354,20929,2460837,38383,38837.86,15927698,0
"2022-01-12",9012,6936602,8305,5975222,428,572782,22240,2483077,39985,38166,15967683,0
"2022-01-13",9113,6945715,8838,5984060,449,573231,22728,2505805,41128,37354,16008811,0
"2022-01-14",10130,6955845,8064,5992124,475,573706,26163,2531968,44832,37451.71,16053643,0
"2022-01-15",6203,6962048,4264,5996388,178,573884,14925,2546893,25570,35936.14,16079213,0
"2022-01-16",2938,6964986,3252,5999640,93,573977,7800,2554693,14083,35340.43,16093296,0
"2022-01-17",6115,6971101,6749,6006389,363,574340,14608,2569301,27835,33116.57,16121131,0
"2022-01-18",8143,6979244,10149,6016538,397,574737,19328,2588629,38017,33064.29,16159148,0
"2022-01-19",7551,6986795,9224,6025762,305,575042,17619,2606248,34699,32309.14,16193847,0
"2022-01-20",6350,6993145,8559,6034321,303,575345,15141,2621389,30353,30769.86,16224200,0
"2022-01-21",7658,7000803,7486,6041807,277,575622,18377,2639766,33798,29193.57,16257998,0
"2022-01-22",5217,7006020,4923,6046730,131,575753,11277,2651043,21548,28619,16279546,0
"2022-01-23",2826,7008846,3325,6050055,97,575850,6213,2657256,12461,28387.29,16292007,0
"2022-01-24",6426,7015272,8184,6058239,261,576111,14991,2672247,29862,28676.86,16321869,0
"2022-01-25",6225,7021497,7918,6066157,232,576343,14635,2686882,29010,27390.14,16350879,0
"2022-01-26",5801,7027298,7146,6073303,290,576633,13956,2700838,27193,26317.86,16378072,0
"2022-01-27",5284,7032582,7074,6080377,320,576953,14024,2714862,26702,25796.29,16404774,0
"2022-01-28",6318,7038900,7847,6088224,205,577158,16058,2730920,30428,25314.86,16435202,0
"2022-01-29",848,7039748,726,6088950,28,577186,2522,2733442,4124,22825.71,16439326,0
"2022-01-30",2107,7041855,3016,6091966,103,577289,4527,2737969,9753,22438.86,16449079,0
"2022-01-31",5041,7046896,6584,6098550,219,577508,11313,2749282,23157,21481,16472236,0
"2022-02-01",4860,7051756,6439,6104989,219,577727,10658,2759940,22176,20504.71,16494412,0
"2022-02-02",4278,7056034,5921,6110910,214,577941,11175,2771115,21588,19704,16516000,0
"2022-02-03",4247,7060281,5786,6116696,217,578158,11166,2782281,21416,18948.86,16537416,0
"2022-02-04",4801,7065082,7088,6123784,214,578372,13151,2795432,25254,18209.71,16562670,0
"2022-02-05",3603,7068685,6037,6129821,110,578482,8548,2803980,18298,20234.57,16580968,0
"2022-02-06",2072,7070757,2132,6131953,121,578603,4624,2808604,8949,20119.71,16589917,0
"2022-02-07",4175,7074932,4718,6136671,205,578808,10105,2818709,19203,19554.86,16609120,0
"2022-02-08",4249,7079181,5593,6142264,213,579021,11261,2829970,21316,19432,16630436,0
"2022-02-09",4154,7083335,5385,6147649,222,579243,11609,2841579,21370,19400.86,16651806,0
"2022-02-10",4008,7087343,5102,6152751,243,579486,12106,2853685,21459,19407,16673265,0
"2022-02-11",4544,7091887,5795,6158546,194,579680,13684,2867369,24217,19258.86,16697482,0
"2022-02-12",3273,7095160,4331,6162877,96,579776,8772,2876141,16472,18998,16713954,0
"2022-02-13",1527,7096687,1542,6164419,41,579817,4873,2881014,7983,18860,16721937,0
"2022-02-14",3006,7099693,3616,6168035,165,579982,10535,2891549,17322,18591.29,16739259,0
"2022-02-15",3583,7103276,4055,6172090,177,580159,12726,2904275,20541,18480.57,16759800,0
"2022-02-16",3688,7106964,3885,6175975,196,580355,15638,2919913,23407,18771.57,16783207,0
"2022-02-17",4056,7111020,4077,6180052,162,580517,18160,2938073,26455,19485.29,16809662,0
"2022-02-18",4502,7115522,4773,6184825,189,580706,21501,2959574,30965,20449.29,16840627,0
"2022-02-19",3271,7118793,2177,6187002,65,580771,11139,2970713,16652,20475,16857279,0
"2022-02-20",1868,7120661,1444,6188446,59,580830,6566,2977279,9937,20754.14,16867216,0
"2022-02-21",3120,7123781,2684,6191130,95,580925,8316,2985595,14215,20310.29,16881431,0
"2022-02-22",4420,7128201,4239,6195369,174,581099,10787,2996382,19620,20178.71,16901051,0
"2022-02-23",4293,7132494,3776,6199145,144,581243,10621,3007003,18834,19525.43,16919885,0
"2022-02-24",3776,7136270,3650,6202795,105,581348,10151,3017154,17682,18272.14,16937567,0
"2022-02-25",3643,7139913,3605,6206400,135,581483,9950,3027104,17333,16324.71,16954900,0
"2022-02-26",2858,7142771,2574,6208974,74,581557,9492,3036596,14998,16088.43,16969898,0
"2022-02-27",1781,7144552,1368,6210342,52,581609,6264,3042860,9465,16021,16979363,0
"2022-02-28",3825,7148377,3118,6213460,140,581749,13085,3055945,20168,16871.43,16999531,0
"2022-03-01",2130,7150507,2604,6216064,102,581851,5148,3061093,9984,15494.86,17009515,0
"2022-03-02",1835,7152342,2415,6218479,105,581956,4099,3065192,8454,14012,17017969,0
"2022-03-03",1939,7154281,2547,6221026,106,582062,3781,3068973,8373,12682.14,17026342,0
"2022-03-04",2104,7156385,2861,6223887,67,582129,4308,3073281,9340,11540.29,17035682,0
"2022-03-05",1611,7157996,2119,6226006,43,582172,3300,3076581,7073,10408.14,17042755,0
"2022-03-06",802,7158798,877,6226883,30,582202,1616,3078197,3325,9531,17046080,0
"2022-03-07",1677,7160475,1774,6228657,85,582287,3471,3081668,7007,7650.86,17053087,0
"2022-03-08",1544,7162019,1892,6230549,77,582364,3112,3084780,6625,7171,17059712,0
"2022-03-09",1262,7163281,1662,6232211,78,582442,2567,3087347,5569,6758.86,17065281,0
"2022-03-10",1429,7164710,2088,6234299,85,582527,2934,3090281,6536,6496.43,17071817,0
"2022-03-11",1604,7166314,2258,6236557,80,582607,3189,3093470,7131,6180.86,17078948,0
"2022-03-12",881,7167195,1410,6237967,39,582646,1994,3095464,4324,5788.14,17083272,0
"2022-03-13",626,7167821,755,6238722,26,582672,1289,3096753,2696,5698.29,17085968,0
"2022-03-14",1384,7169205,1588,6240310,83,582755,2969,3099722,6024,5557.86,17091992,0
"2022-03-15",1343,7170548,1919,6242229,62,582817,3062,3102784,6386,5523.71,17098378,0
"2022-03-16",1396,7171944,2051,6244280,94,582911,3114,3105898,6655,5678.86,17105033,0
"2022-03-17",1175,7173119,1801,6246081,69,582980,2738,3108636,5783,5571.29,17110816,0
"2022-03-18",1578,7174697,2156,6248237,80,583060,3742,3112378,7556,5632,17118372,0
"2022-03-19",1113,7175810,1725,6249962,53,583113,2584,3114962,5475,5796.43,17123847,0
"2022-03-20",613,7176423,629,6250591,32,583145,1458,3116420,2732,5801.57,17126579,0
"2022-03-21",1420,7177843,1532,6252123,72,583217,3028,3119448,6052,5805.57,17132631,0
"2022-03-22",1331,7179174,1537,6253660,101,583318,2874,3122322,5843,5728,17138474,0
"2022-03-23",1260,7180434,1338,6254998,66,583384,2896,3125218,5560,5571.57,17144034,0
"2022-03-24",1204,7181638,1288,6256286,83,583467,2495,3127713,5070,5469.71,17149104,0
"2022-03-25",1382,7183020,1600,6257886,61,583528,3230,3130943,6273,5286.43,17155377,0
"2022-03-26",922,7183942,1145,6259031,37,583565,2280,3133223,4384,5130.57,17159761,0
"2022-03-27",573,7184515,526,6259557,24,583589,1307,3134530,2430,5087.43,17162191,0
"2022-03-28",1080,7185595,1141,6260698,62,583651,2420,3136950,4703,4894.71,17166894,0
"2022-03-29",1042,7186637,1099,6261797,80,583731,2491,3139441,4712,4733.14,17171606,0
"2022-03-30",1240,7187877,1117,6262914,90,583821,3034,3142475,5481,4721.86,17177087,0
"2022-03-31",1226,7189103,1222,6264136,55,583876,3112,3145587,5615,4799.71,17182702,0
"2022-04-01",1372,7190475,1455,6265591,65,583941,3181,3148768,6073,4771.14,17188775,0
"2022-04-02",878,7191353,902,6266493,30,583971,2076,3150844,3886,4700,17192661,0
"2022-04-03",543,7191896,493,6266986,29,584000,1205,3152049,2270,4677.14,17194931,0
"2022-04-04",1304,7193200,1279,6268265,55,584055,2653,3154702,5291,4761.14,17200222,120000
"2022-04-05",1261,7194461,1119,6269384,61,584116,2799,3157501,5240,4836.57,17205462,120000
"2022-04-06",1246,7195707,1140,6270524,54,584170,2543,3160044,4983,4765.43,17210445,120000
"2022-04-07",1124,7196831,993,6271517,47,584217,2229,3162273,4393,4590.86,17214838,120000
"2022-04-08",1409,7198240,1330,6272847,49,584266,2953,3165226,5741,4543.43,17220579,120000
"2022-04-09",928,7199168,866,6273713,22,584288,1930,3167156,3746,4523.43,17224325,120000
"2022-04-10",161,7199329,143,6273856,7,584295,309,3167465,620,4287.71,17224945,120000
