"DATE","ADMIN_DOSE1_DAILY","ADMIN_DOSE1_CUMULATIVE","ADMIN_DOSE2_DAILY","ADMIN_DOSE2_CUMULATIVE","ADMIN_SINGLE_DAILY","ADMIN_SINGLE_CUMULATIVE","ADMIN_ADDITIONAL1_DAILY","ADMIN_ADDITIONAL1_CUMULATIVE","ADMIN_ADDITIONAL2_DAILY","ADMIN_ADDITIONAL2_CUMULATIVE","ADMIN_ADDITIONAL_DAILY","ADMIN_ADDITIONAL_CUMULATIVE","ADMIN_BIVALENT_ADDITIONAL_DAILY","ADMIN_BIVALENT_ADDITIONAL_CUMULATIVE","ADMIN_ALLDOSES_DAILY","ADMIN_ALLDOSES_7DAYAVG","ADMIN_ALLDOSES_CUMULATIVE","ADMIN_ALLDOSES_PRIMARY","INCOMPLETE"
2020-12-14,79,79,0,0,2,2,0,0,0,0,0,0,0,0,81,,81,81,0
2020-12-15,2052,2131,7,7,5,7,0,0,0,0,0,0,0,0,2064,,2145,2145,0
2020-12-16,4604,6735,17,24,4,11,1,1,0,0,1,1,0,0,4626,,6771,6770,0
2020-12-17,4661,11396,18,42,2,13,1,2,0,0,1,2,0,0,4682,,11453,11451,0
2020-12-18,5833,17229,23,65,2,15,2,4,0,0,2,4,0,0,5860,,17313,17309,0
2020-12-19,1687,18916,10,75,3,18,0,4,0,0,0,4,0,0,1700,,19013,19009,0
2020-12-20,1118,20034,2,77,1,19,0,4,0,0,0,4,0,0,1121,2876.29,20134,20130,0
2020-12-21,6391,26425,23,100,0,19,4,8,0,0,4,8,0,0,6418,3781.57,26552,26544,0
2020-12-22,9765,36190,29,129,2,21,1,9,0,0,1,9,0,0,9797,4886.29,36349,36340,0
2020-12-23,14273,50463,39,168,3,24,0,9,0,0,0,9,0,0,14315,6270.43,50664,50655,0
2020-12-24,7169,57632,29,197,1,25,0,9,0,0,0,9,0,0,7199,6630,57863,57854,0
2020-12-25,180,57812,0,197,0,25,1,10,0,0,1,10,0,0,181,5818.71,58044,58034,0
2020-12-26,4392,62204,48,245,0,25,1,11,0,0,1,11,0,0,4441,6210.29,62485,62474,0
2020-12-27,3868,66072,16,261,0,25,1,12,0,0,1,12,0,0,3885,6605.14,66370,66358,0
2020-12-28,10990,77062,52,313,1,26,3,15,0,0,3,15,0,0,11046,7266.29,77416,77401,0
2020-12-29,10711,87773,38,351,2,28,3,18,0,0,3,18,0,0,10754,7403,88170,88152,0
2020-12-30,12819,100592,45,396,0,28,0,18,0,0,0,18,0,0,12864,7195.71,101034,101016,0
2020-12-31,7257,107849,38,434,1,29,0,18,0,0,0,18,0,0,7296,7209.57,108330,108312,0
2021-01-01,178,108027,2,436,1,30,3,21,0,0,3,21,0,0,184,7210,108514,108493,0
2021-01-02,3808,111835,11,447,3,33,2,23,0,0,2,23,0,0,3824,7121.86,112338,112315,0
2021-01-03,3544,115379,25,472,2,35,1,24,0,0,1,24,0,0,3572,7077.14,115910,115886,0
2021-01-04,12248,127627,813,1285,2,37,7,31,0,0,7,31,0,0,13070,7366.29,128980,128949,0
2021-01-05,14085,141712,2198,3483,2,39,14,45,1,1,15,46,0,0,16300,8158.57,145280,145234,0
2021-01-06,17795,159507,3928,7411,1,40,33,78,8,9,41,87,0,0,21765,9430.14,167045,166958,0
2021-01-07,16539,176046,5185,12596,4,44,46,124,3,12,49,136,0,0,21777,11498.86,188822,188686,0
2021-01-08,16610,192656,5462,18058,0,44,38,162,5,17,43,179,0,0,22115,14631.86,210937,210758,0
2021-01-09,7647,200303,1464,19522,1,45,9,171,2,19,11,190,0,0,9123,15388.86,220060,219870,0
2021-01-10,7876,208179,980,20502,0,45,14,185,0,19,14,204,0,0,8870,16145.71,228930,228726,0
2021-01-11,25808,233987,7462,27964,2,47,59,244,6,25,65,269,0,0,33337,19041,262267,261998,0
2021-01-12,28238,262225,7868,35832,1,48,47,291,4,29,51,320,0,0,36158,21877.86,298425,298105,0
2021-01-13,31702,293927,9418,45250,1,49,60,351,6,35,66,386,0,0,41187,24652.43,339612,339226,0
2021-01-14,35790,329717,5307,50557,1,50,34,385,7,42,41,427,0,0,41139,27418.43,380751,380324,0
2021-01-15,29245,358962,3715,54272,2,52,33,418,7,49,40,467,0,0,33002,28973.71,413753,413286,0
2021-01-16,30252,389214,2402,56674,0,52,26,444,6,55,32,499,0,0,32686,32339.86,446439,445940,0
2021-01-17,23723,412937,1648,58322,0,52,20,464,1,56,21,520,0,0,25392,34700.14,471831,471311,0
2021-01-18,27076,440013,2430,60752,0,52,37,501,7,63,44,564,0,0,29551,34159.29,501382,500818,0
2021-01-19,34261,474274,9647,70399,1,53,74,575,8,71,82,646,0,0,43991,35278.29,545373,544727,0
2021-01-20,34841,509115,9505,79904,1,54,62,637,3,74,65,711,0,0,44412,35739,589785,589074,0
2021-01-21,25572,534687,8096,88000,2,56,57,694,5,79,62,773,0,0,33732,34680.86,623517,622744,0
2021-01-22,24736,559423,4389,92389,1,57,32,726,7,86,39,812,0,0,29165,34132.71,652682,651870,0
2021-01-23,15733,575156,3226,95615,0,57,12,738,2,88,14,826,0,0,18973,32173.71,671655,670829,0
2021-01-24,7166,582322,3462,99077,0,57,20,758,1,89,21,847,0,0,10649,30067.57,682304,681457,0
2021-01-25,13389,595711,11832,110909,0,57,72,830,13,102,85,932,0,0,25306,29461.14,707610,706678,0
2021-01-26,16746,612457,10764,121673,0,57,71,901,3,105,75,1007,0,0,27585,27117.43,735195,734189,0
2021-01-27,20820,633277,12354,134027,0,57,58,959,9,114,67,1074,0,0,33241,25521.57,768436,767363,0
2021-01-28,30723,664000,12859,146886,0,57,87,1046,16,130,103,1177,0,0,43688,26943.86,812124,810948,0
2021-01-29,31662,695662,11515,158401,0,57,85,1131,12,142,97,1274,0,0,43274,28959.43,855398,854125,0
2021-01-30,18703,714365,3745,162146,0,57,23,1154,2,144,26,1300,0,0,22474,29459.57,877872,876574,0
2021-01-31,13002,727367,2931,165077,1,58,31,1185,5,149,36,1336,0,0,15970,30219.71,893842,892508,0
2021-02-01,1180,728547,5399,170476,4,62,39,1224,4,153,43,1379,0,0,6626,27551.14,900468,899091,0
2021-02-02,2823,731370,9442,179918,2,64,54,1278,3,156,57,1436,0,0,12324,25371,912792,911358,0
2021-02-03,16340,747710,21234,201152,4,68,213,1491,23,179,236,1672,0,0,37814,26024.29,950606,948936,0
2021-02-04,27032,774742,19651,220803,3,71,214,1705,10,189,224,1896,0,0,46910,26484.57,997516,995622,0
2021-02-05,27574,802316,20029,240832,0,71,198,1903,16,205,215,2111,0,0,47818,27133.71,1045334,1043226,0
2021-02-06,22969,825285,11250,252082,0,71,118,2021,13,218,131,2242,0,0,34350,28830.29,1079684,1077445,0
2021-02-07,12027,837312,8284,260366,1,72,99,2120,13,231,113,2355,0,0,20425,29466.71,1100109,1097758,0
2021-02-08,16935,854247,23524,283890,2,74,240,2360,37,268,278,2633,0,0,40739,34340,1140848,1138220,0
2021-02-09,17182,871429,28087,311977,2,76,361,2721,42,310,406,3039,0,0,45677,39104.71,1186525,1183494,0
2021-02-10,19576,891005,29303,341280,2,78,276,2997,52,362,331,3370,0,0,49213,40733.14,1235738,1232379,0
2021-02-11,27825,918830,33455,374735,2,80,357,3354,60,422,417,3787,0,0,61701,42846.14,1297439,1293663,0
2021-02-12,38348,957178,30804,405539,3,83,371,3725,42,464,414,4201,0,0,69569,45953.43,1367008,1362819,0
2021-02-13,27978,985156,25316,430855,2,85,317,4042,59,523,377,4578,0,0,53674,48714,1420682,1416117,0
2021-02-14,16255,1001411,23715,454570,0,85,288,4330,37,560,325,4903,0,0,40295,51552.57,1460977,1456087,0
2021-02-15,12786,1014197,10524,465094,2,87,184,4514,25,585,210,5113,0,0,23522,49093,1484499,1479400,0
2021-02-16,14227,1028424,26703,491797,0,87,347,4861,42,627,390,5503,0,0,41320,48470.57,1525819,1520331,0
2021-02-17,16375,1044799,22188,513985,1,88,294,5155,42,669,336,5839,0,0,38900,46997.29,1564719,1558895,0
2021-02-18,12132,1056931,24980,538965,21,109,312,5467,46,715,358,6197,0,0,37491,43538.71,1602210,1596028,0
2021-02-19,13233,1070164,23920,562885,38,147,321,5788,50,765,371,6568,0,0,37562,38966.29,1639772,1633219,0
2021-02-20,11339,1081503,26067,588952,7,154,343,6131,79,844,424,6992,0,0,37838,36704,1677610,1670635,0
2021-02-21,6345,1087848,17412,606364,15,169,302,6433,48,892,351,7343,0,0,24123,34393.71,1701733,1694408,0
2021-02-22,13037,1100885,11834,618198,2,171,135,6568,22,914,157,7500,0,0,25030,34609.14,1726763,1719281,0
2021-02-23,25221,1126106,14146,632344,1,172,170,6738,37,951,208,7708,0,0,39577,34360.14,1766340,1758651,0
2021-02-24,36315,1162421,20412,652756,0,172,230,6968,44,995,275,7983,0,0,57002,36946.14,1823342,1815379,0
2021-02-25,54509,1216930,30452,683208,6,178,416,7384,66,1061,483,8466,0,0,85450,43797.43,1908792,1900347,0
2021-02-26,62779,1279709,31903,715111,4,182,430,7814,80,1141,512,8978,0,0,95198,52031.14,2003990,1995035,0
2021-02-27,51243,1330952,22763,737874,47,229,358,8172,53,1194,412,9390,0,0,74465,57263.57,2078455,2069089,0
2021-02-28,44539,1375491,13853,751727,7,236,212,8384,37,1231,249,9639,0,0,58648,62195.71,2137103,2127488,0
2021-03-01,39295,1414786,12783,764510,10,246,175,8559,24,1255,199,9838,0,0,52287,66089.57,2189390,2179576,0
2021-03-02,47070,1461856,12575,777085,7,253,161,8720,17,1272,178,10016,0,0,59830,68982.86,2249220,2239228,0
2021-03-03,48589,1510445,16149,793234,17,270,159,8879,22,1294,181,10197,0,0,64936,70116.29,2314156,2303983,0
2021-03-04,59792,1570237,22816,816050,1092,1362,281,9160,37,1331,320,10517,0,0,84020,69912,2398176,2387685,0
2021-03-05,60936,1631173,24296,840346,3107,4469,340,9500,35,1366,377,10894,0,0,88716,68986,2486892,2476026,0
2021-03-06,47143,1678316,18886,859232,5451,9920,247,9747,42,1408,289,11183,0,0,71769,68600.86,2558661,2547506,0
2021-03-07,36013,1714329,14886,874118,6242,16162,243,9990,22,1430,267,11450,0,0,57408,68423.71,2616069,2604649,0
2021-03-08,39597,1753926,14689,888807,8554,24716,329,10319,91,1521,424,11874,0,0,63264,69991.86,2679333,2667493,0
2021-03-09,39078,1793004,12858,901665,7757,32473,190,10509,36,1557,227,12101,0,0,59920,70004.71,2739253,2727187,0
2021-03-10,51803,1844807,15367,917032,5064,37537,230,10739,35,1592,267,12368,0,0,72501,71085.43,2811754,2799423,0
2021-03-11,59957,1904764,21826,938858,4618,42155,261,11000,48,1640,311,12679,0,0,86712,71470,2898466,2885826,0
2021-03-12,52166,1956930,30304,969162,4180,46335,392,11392,92,1732,484,13163,0,0,87134,71244,2985600,2972476,0
2021-03-13,40632,1997562,26679,995841,5110,51445,341,11733,57,1789,398,13561,0,0,72819,71394,3058419,3044897,0
2021-03-14,30692,2028254,15973,1011814,4522,55967,256,11989,28,1817,286,13847,0,0,51474,70546.29,3109893,3096087,0
2021-03-15,33578,2061832,17255,1029069,4702,60669,248,12237,33,1850,281,14128,0,0,55816,69482.29,3165709,3151622,0
2021-03-16,38658,2100490,20507,1049576,4922,65591,272,12509,37,1887,310,14438,0,0,64397,70121.86,3230106,3215710,0
2021-03-17,42592,2143082,24784,1074360,4242,69833,359,12868,43,1930,403,14841,0,0,72021,70053.29,3302127,3287329,0
2021-03-18,50404,2193486,26810,1101170,5223,75056,392,13260,64,1994,456,15297,0,0,82893,69507.71,3385020,3369766,0
2021-03-19,47758,2241244,29963,1131133,5620,80676,414,13674,76,2070,490,15787,0,0,83832,69036,3468852,3453108,0
2021-03-20,38686,2279930,25835,1156968,4680,85356,314,13988,60,2130,375,16162,0,0,69576,68572.71,3538428,3522310,0
2021-03-21,29282,2309212,19350,1176318,769,86125,237,14225,45,2175,282,16444,0,0,49683,68316.86,3588111,3571711,0
2021-03-22,33845,2343057,26753,1203071,4036,90161,261,14486,38,2213,300,16744,0,0,64935,69619.57,3653046,3636347,0
2021-03-23,38410,2381467,32851,1235922,4213,94374,307,14793,55,2268,366,17110,0,0,75840,71254.29,3728886,3711825,0
2021-03-24,41468,2422935,37613,1273535,4843,99217,342,15135,65,2333,410,17520,0,0,84334,73013.29,3813220,3795752,0
2021-03-25,43381,2466316,50783,1324318,5049,104266,496,15631,90,2423,590,18110,0,0,99803,75429,3913023,3894969,0
2021-03-26,38478,2504794,55494,1379812,4305,108571,549,16180,107,2530,660,18770,0,0,98937,77586.86,4011960,3993250,0
2021-03-27,35714,2540508,45736,1425548,2938,111509,443,16623,87,2617,531,19301,0,0,84919,79778.71,4096879,4077639,0
2021-03-28,26370,2566878,34443,1459991,1480,112989,357,16980,67,2684,428,19729,0,0,62721,81641.29,4159600,4139936,0
2021-03-29,34800,2601678,38851,1498842,3242,116231,370,17350,114,2798,485,20214,0,0,77378,83418.86,4236978,4216830,0
2021-03-30,40479,2642157,41925,1540767,3712,119943,353,17703,66,2864,420,20634,0,0,86536,84946.86,4323514,4302947,0
2021-03-31,49359,2691516,44879,1585646,7438,127381,425,18128,87,2951,512,21146,0,0,102188,87497.43,4425702,4404623,0
2021-04-01,50752,2742268,53941,1639587,11272,138653,521,18649,86,3037,611,21757,0,0,116576,89893.57,4542278,4520592,0
2021-04-02,43742,2786010,53868,1693455,11964,150617,569,19218,72,3109,646,22403,0,0,110220,91505.43,4652498,4630171,0
2021-04-03,39236,2825246,39202,1732657,9858,160475,356,19574,60,3169,417,22820,0,0,88713,92047.43,4741211,4718468,0
2021-04-04,26545,2851791,24777,1757434,3902,164377,234,19808,52,3221,286,23106,0,0,55510,91017.29,4796721,4773692,0
2021-04-05,41857,2893648,34474,1791908,11193,175570,398,20206,61,3282,460,23566,0,0,87984,92532.43,4884705,4861217,0
2021-04-06,53229,2946877,35620,1827528,13210,188780,454,20660,79,3361,534,24100,0,0,102593,94826.29,4987298,4963277,0
2021-04-07,55467,3002344,40704,1868232,14385,203165,423,21083,83,3444,508,24608,0,0,111064,96094.29,5098362,5073835,0
2021-04-08,59228,3061572,46581,1914813,16335,219500,547,21630,88,3532,636,25244,0,0,122780,96980.57,5221142,5195980,0
2021-04-09,56620,3118192,44944,1959757,17555,237055,548,22178,80,3612,633,25877,0,0,119752,98342.29,5340894,5315104,0
2021-04-10,49323,3167515,35641,1995398,12715,249770,407,22585,66,3678,477,26354,0,0,98156,99691.29,5439050,5412787,0
2021-04-11,38154,3205669,28826,2024224,7679,257449,302,22887,62,3740,365,26719,0,0,75024,102479,5514074,5487447,0
2021-04-12,46612,3252281,31831,2056055,13493,270942,482,23369,70,3810,552,27271,0,0,92488,103122.43,5606562,5579383,0
2021-04-13,52525,3304806,33790,2089845,369,271311,415,23784,65,3875,481,27752,0,0,87165,100918.43,5693727,5666068,0
2021-04-14,50125,3354931,39953,2129798,20,271331,378,24162,80,3955,459,28211,0,0,90557,97988.86,5784284,5756167,0
2021-04-15,52099,3407030,43689,2173487,16,271347,466,24628,108,4063,579,28790,0,0,96384,94218,5880668,5851977,0
2021-04-16,51170,3458200,42194,2215681,31,271378,456,25084,76,4139,535,29325,0,0,93930,90529.14,5974598,5945375,0
2021-04-17,43820,3502020,35687,2251368,3,271381,380,25464,85,4224,467,29792,0,0,79977,87932.14,6054575,6024887,0
2021-04-18,28590,3530610,29365,2280733,7,271388,269,25733,65,4289,335,30127,0,0,58297,85542.57,6112872,6082850,0
2021-04-19,37436,3568046,36446,2317179,21,271409,349,26082,71,4360,422,30549,0,0,74325,82947.86,6187197,6156755,0
2021-04-20,40784,3608830,39626,2356805,19,271428,323,26405,84,4444,408,30957,0,0,80837,82043.86,6268034,6237185,0
2021-04-21,38872,3647702,46019,2402824,17,271445,516,26921,101,4545,618,31575,0,0,85526,81325.14,6353560,6322094,0
2021-04-22,38472,3686174,48948,2451772,9,271454,359,27280,81,4626,442,32017,0,0,87872,80109.14,6441432,6409526,0
2021-04-23,39677,3725851,44383,2496155,3,271457,364,27644,76,4702,442,32459,0,0,84505,78762.71,6525937,6493591,0
2021-04-24,31922,3757773,41599,2537754,44,271501,291,27935,63,4765,355,32814,0,0,73920,77897.43,6599857,6567157,0
2021-04-25,18411,3776184,31214,2568968,87,271588,207,28142,63,4828,270,33084,0,0,49982,76709.57,6649839,6616869,0
2021-04-26,26952,3803136,40717,2609685,1012,272600,309,28451,95,4923,409,33493,0,0,69090,75961.71,6718929,6685555,0
2021-04-27,28546,3831682,47124,2656809,1696,274296,383,28834,99,5022,487,33980,0,0,77853,75535.43,6796782,6762926,0
2021-04-28,27004,3858686,56840,2713649,2145,276441,459,29293,104,5126,566,34546,0,0,86555,75682.43,6883337,6848918,0
2021-04-29,28579,3887265,57199,2770848,2149,278590,383,29676,103,5229,488,35034,0,0,88415,75760,6971752,6936847,0
2021-04-30,30096,3917361,51987,2822835,2059,280649,296,29972,76,5305,373,35407,0,0,84516,75761.57,7056268,7020991,0
2021-05-01,22472,3939833,44534,2867369,1177,281826,237,30209,68,5373,307,35714,0,0,68490,74985.86,7124758,7089176,0
2021-05-02,11915,3951748,36634,2904003,1081,282907,156,30365,60,5433,218,35932,0,0,49848,74966.71,7174606,7138808,0
2021-05-03,18006,3969754,53015,2957018,2381,285288,271,30636,94,5527,367,36299,0,0,73771,75635.43,7248377,7212214,0
2021-05-04,22723,3992477,56638,3013656,2332,287620,277,30913,120,5647,399,36698,0,0,82093,76241.14,7330470,7293910,0
2021-05-05,21470,4013947,48753,3062409,2313,289933,319,31232,105,5752,425,37123,0,0,72962,74299.29,7403432,7366448,0
2021-05-06,20669,4034616,50175,3112584,2508,292441,284,31516,91,5843,379,37502,0,0,73731,72201.57,7477163,7439804,0
2021-05-07,21230,4055846,52099,3164683,2812,295253,325,31841,81,5924,407,37909,0,0,76548,71063.29,7553711,7515946,0
2021-05-08,16617,4072463,41860,3206543,1834,297087,240,32081,74,5998,314,38223,0,0,60625,69939.71,7614336,7576257,0
2021-05-09,7967,4080430,29401,3235944,1260,298347,159,32240,56,6054,215,38438,0,0,38843,68367.57,7653179,7614885,0
2021-05-10,14367,4094797,38526,3274470,2356,300703,253,32493,94,6148,351,38789,0,0,55601,65771.86,7708780,7670139,0
2021-05-11,19889,4114686,43054,3317524,2512,303215,297,32790,89,6237,391,39180,0,0,65847,63451,7774627,7735600,0
2021-05-12,17807,4132493,40533,3358057,3595,306810,244,33034,81,6318,325,39505,0,0,62260,61922.14,7836887,7797535,0
2021-05-13,24939,4157432,40431,3398488,3229,310039,274,33308,81,6399,357,39862,0,0,68957,61240.14,7905844,7866137,0
2021-05-14,27003,4184435,42940,3441428,3535,313574,280,33588,96,6495,378,40240,0,0,73856,60855.57,7979700,7939617,0
2021-05-15,23638,4208073,34920,3476348,3364,316938,263,33851,75,6570,339,40579,0,0,62261,61089.29,8041961,8001540,0
2021-05-16,15513,4223586,19457,3495805,2496,319434,125,33976,49,6619,175,40754,0,0,37641,60917.57,8079602,8039007,0
2021-05-17,22659,4246245,29135,3524940,3252,322686,192,34168,74,6693,266,41020,0,0,55312,60876.29,8134914,8094053,0
2021-05-18,24612,4270857,31899,3556839,3402,326088,249,34417,85,6778,334,41354,0,0,60247,60076.29,8195161,8153966,0
2021-05-19,24167,4295024,29729,3586568,3039,329127,235,34652,50,6828,286,41640,0,0,57221,59356.43,8252382,8210902,0
2021-05-20,24126,4319150,30106,3616674,3163,332290,274,34926,89,6917,368,42008,0,0,57763,57757.29,8310145,8268302,0
2021-05-21,24661,4343811,32000,3648674,3057,335347,253,35179,64,6981,320,42328,0,0,60038,55783.29,8370183,8328023,0
2021-05-22,20008,4363819,24373,3673047,2523,337870,171,35350,48,7029,220,42548,0,0,47124,53620.86,8417307,8374928,0
2021-05-23,11222,4375041,13736,3686783,1411,339281,95,35445,32,7061,129,42677,0,0,26498,52029,8443805,8401299,0
2021-05-24,18852,4393893,23166,3709949,2757,342038,224,35669,55,7116,282,42959,0,0,45057,50564,8488862,8446077,0
2021-05-25,19414,4413307,23383,3733332,2601,344639,180,35849,59,7175,239,43198,0,0,45637,48476.86,8534499,8491475,0
2021-05-26,18773,4432080,21087,3754419,2698,347337,205,36054,50,7225,257,43455,0,0,42815,46418.86,8577314,8534035,0
2021-05-27,18450,4450530,21282,3775701,2530,349867,186,36240,62,7287,249,43704,0,0,42511,44240,8619825,8576298,0
2021-05-28,17850,4468380,22876,3798577,2751,352618,193,36433,59,7346,253,43957,0,0,43730,41910.29,8663555,8619776,0
2021-05-29,12699,4481079,17816,3816393,1755,354373,108,36541,39,7385,148,44105,0,0,32418,39809.43,8695973,8652047,0
2021-05-30,7023,4488102,8950,3825343,1074,355447,50,36591,16,7401,66,44171,0,0,17113,38468.71,8713086,8669094,0
2021-05-31,4739,4492841,6922,3832265,1011,356458,66,36657,18,7419,84,44255,0,0,12756,33854.29,8725842,8681766,0
2021-06-01,16042,4508883,25189,3857454,2177,358635,160,36817,42,7461,206,44461,0,0,43614,33565.29,8769456,8725178,0
2021-06-02,15350,4524233,20398,3877852,2095,360730,141,36958,47,7508,188,44649,0,0,38031,32881.86,8807487,8763021,0
2021-06-03,14991,4539224,23821,3901673,2280,363010,137,37095,45,7553,184,44833,0,0,41276,32705.43,8848763,8804115,0
2021-06-04,14707,4553931,26004,3927677,2492,365502,152,37247,42,7595,195,45028,0,0,43399,32658.14,8892162,8847320,0
2021-06-05,10977,4564908,22104,3949781,1806,367308,118,37365,29,7624,148,45176,0,0,35035,33032,8927197,8882208,0
2021-06-06,6440,4571348,14486,3964267,1222,368530,92,37457,13,7637,106,45282,0,0,22254,33766.43,8949451,8904357,0
2021-06-07,11692,4583040,21783,3986050,2378,370908,147,37604,38,7675,188,45470,0,0,36041,37092.86,8985492,8940213,0
2021-06-08,12619,4595659,24017,4010067,2071,372979,130,37734,46,7721,177,45647,0,0,38884,36417.14,9024376,8978921,0
2021-06-09,11120,4606779,23020,4033087,2300,375279,143,37877,44,7765,189,45836,0,0,36629,36216.86,9061005,9015363,0
2021-06-10,12054,4618833,22228,4055315,2461,377740,148,38025,63,7828,211,46047,0,0,36955,35599.57,9097960,9052107,0
2021-06-11,12689,4631522,25126,4080441,2483,380223,162,38187,63,7891,226,46273,0,0,40524,35188.86,9138484,9092406,0
2021-06-12,10158,4641680,19318,4099759,1888,382111,97,38284,45,7936,144,46417,0,0,31508,34685,9169992,9123772,0
2021-06-13,4249,4645929,10938,4110697,1219,383330,43,38327,21,7957,64,46481,0,0,16472,33859,9186464,9140180,0
2021-06-14,10199,4656128,19239,4129936,2040,385370,136,38463,53,8010,189,46670,0,0,31667,33234.14,9218131,9171658,0
2021-06-15,11876,4668004,21015,4150951,1942,387312,132,38595,42,8052,175,46845,0,0,35009,32680.57,9253140,9206493,0
2021-06-16,11580,4679584,19400,4170351,1956,389268,153,38748,74,8126,227,47072,0,0,33163,32185.43,9286303,9239429,0
2021-06-17,11014,4690598,18760,4189111,1973,391241,133,38881,35,8161,170,47242,0,0,31917,31465.71,9318220,9271178,0
2021-06-18,12163,4702761,18492,4207603,2115,393356,123,39004,38,8199,162,47404,0,0,32933,30381.29,9351153,9303950,0
2021-06-19,8490,4711251,13516,4221119,1459,394815,91,39095,23,8222,114,47518,0,0,23579,29248.57,9374732,9327415,0
2021-06-20,4333,4715584,7159,4228278,924,395739,37,39132,16,8238,53,47571,0,0,12469,28676.71,9387201,9339831,0
2021-06-21,10151,4725735,10014,4238292,1807,397546,73,39205,28,8266,102,47673,0,0,22074,27306.29,9409275,9361804,0
2021-06-22,9826,4735561,15644,4253936,1588,399134,109,39314,29,8295,138,47811,0,0,27196,26190.14,9436471,9388862,0
2021-06-23,10302,4745863,15187,4269123,1862,400996,103,39417,31,8326,135,47946,0,0,27486,25379.14,9463957,9416214,0
2021-06-24,9676,4755539,14702,4283825,1798,402794,125,39542,27,8353,154,48100,0,0,26330,24581,9490287,9442392,0
2021-06-25,10581,4766120,14382,4298207,1720,404514,121,39663,38,8391,159,48259,0,0,26842,23710.86,9517129,9469075,0
2021-06-26,7798,4773918,10465,4308672,1249,405763,79,39742,23,8414,103,48362,0,0,19615,23144.57,9536744,9488588,0
2021-06-27,4998,4778916,6001,4314673,795,406558,34,39776,15,8429,50,48412,0,0,11844,23055.29,9548588,9500383,0
2021-06-28,9027,4787943,10352,4325025,1526,408084,110,39886,26,8455,137,48549,0,0,21042,22907.86,9569630,9521289,0
2021-06-29,9724,4797667,12332,4337357,1347,409431,126,40012,34,8489,161,48710,0,0,23564,22389,9593194,9544693,0
2021-06-30,9426,4807093,10927,4348284,1486,410917,151,40163,18,8507,172,48882,0,0,22011,21606.86,9615205,9566535,0
2021-07-01,9389,4816482,10928,4359212,1434,412351,133,40296,25,8532,160,49042,0,0,21911,20975.57,9637116,9588288,0
2021-07-02,9688,4826170,11456,4370668,1541,413892,120,40416,21,8553,141,49183,0,0,22827,20402,9659943,9610974,0
2021-07-03,7057,4833227,8424,4379092,1192,415084,79,40495,17,8570,96,49279,0,0,16769,19995.43,9676712,9627647,0
2021-07-04,1286,4834513,1335,4380427,567,415651,11,40506,3,8573,14,49293,0,0,3202,18760.86,9679914,9630835,0
2021-07-05,6492,4841005,7108,4387535,1208,416859,67,40573,22,8595,89,49382,0,0,14897,17883,9694811,9645643,0
2021-07-06,9505,4850510,12853,4400388,1315,418174,117,40690,38,8633,156,49538,0,0,23829,17920.86,9718640,9669317,0
2021-07-07,8661,4859171,11105,4411493,1418,419592,129,40819,20,8653,149,49687,0,0,21333,17824,9739973,9690501,0
2021-07-08,8216,4867387,10190,4421683,1258,420850,111,40930,23,8676,136,49823,0,0,19800,17522.43,9759773,9710167,0
2021-07-09,8369,4875756,10832,4432515,1280,422130,92,41022,20,8696,112,49935,0,0,20593,17203.29,9780366,9730648,0
2021-07-10,7097,4882853,8636,4441151,1130,423260,68,41090,21,8717,90,50025,0,0,16953,17229.57,9797319,9747512,0
2021-07-11,4103,4886956,4540,4445691,701,423961,38,41128,6,8723,44,50069,0,0,9388,18113.29,9806707,9756856,0
2021-07-12,8443,4895399,9564,4455255,1251,425212,85,41213,23,8746,108,50177,0,0,19366,18751.71,9826073,9776114,0
2021-07-13,9457,4904856,9393,4464648,952,426164,109,41322,36,8782,147,50324,0,0,19949,18197.43,9846022,9795918,0
2021-07-14,8988,4913844,9535,4474183,1010,427174,110,41432,22,8804,136,50460,0,0,19669,17959.71,9865691,9815455,0
2021-07-15,8789,4922633,9155,4483338,1052,428226,85,41517,20,8824,106,50566,0,0,19102,17860,9884793,9834452,0
2021-07-16,9245,4931878,9765,4493103,980,429206,104,41621,30,8854,134,50700,0,0,20124,17793,9904917,9854442,0
2021-07-17,6838,4938716,7388,4500491,803,430009,80,41701,21,8875,101,50801,0,0,15130,17532.57,9920047,9869471,0
2021-07-18,4251,4942967,4287,4504778,575,430584,37,41738,13,8888,50,50851,0,0,9163,17500.43,9929210,9878584,0
2021-07-19,9118,4952085,8486,4513264,999,431583,93,41831,22,8910,116,50967,0,0,18719,17408,9947929,9897188,0
2021-07-20,10637,4962722,8757,4522021,991,432574,96,41927,26,8936,123,51090,0,0,20508,17487.86,9968437,9917574,0
2021-07-21,10048,4972770,8778,4530799,904,433478,149,42076,33,8969,182,51272,0,0,19912,17522.57,9988349,9937304,0
2021-07-22,10685,4983455,8583,4539382,1045,434523,146,42222,27,8996,174,51446,0,0,20487,17720.43,10008836,9957618,0
2021-07-23,11244,4994699,8886,4548268,1114,435637,141,42363,23,9019,166,51612,0,0,21410,17904.14,10030246,9978864,0
2021-07-24,7399,5002098,6741,4555009,670,436307,83,42446,26,9045,110,51722,0,0,14920,17874.14,10045166,9993675,0
2021-07-25,5471,5007569,2130,4557139,509,436816,58,42504,4,9049,62,51784,0,0,8172,17732.57,10053338,10001785,0
2021-07-26,10864,5018433,7010,4564149,856,437672,113,42617,20,9069,133,51917,0,0,18863,17753.14,10072201,10020515,0
2021-07-27,12057,5030490,8573,4572722,856,438528,140,42757,41,9110,182,52099,0,0,21668,17918.86,10093869,10042002,0
2021-07-28,12001,5042491,8058,4580780,950,439478,138,42895,29,9139,168,52267,0,0,21177,18099.57,10115046,10063012,0
2021-07-29,10922,5053413,7438,4588218,983,440461,139,43034,41,9180,184,52451,0,0,19527,17962.43,10134573,10082359,0
2021-07-30,14945,5068358,8014,4596232,1151,441612,188,43222,32,9212,222,52673,0,0,24332,18379.86,10158905,10106471,0
2021-07-31,9718,5078076,6323,4602555,815,442427,122,43344,21,9233,144,52817,0,0,17000,18677,10175905,10123328,0
2021-08-01,6496,5084572,3312,4605867,564,442991,81,43425,22,9255,103,52920,0,0,10475,19006,10186380,10133700,0
2021-08-02,13448,5098020,7151,4613018,845,443836,151,43576,19,9274,170,53090,0,0,21614,19399,10207994,10155144,0
2021-08-03,15399,5113419,8393,4621411,1109,444945,146,43722,39,9313,186,53276,0,0,25087,19887.43,10233081,10180046,0
2021-08-04,17252,5130671,8133,4629544,1454,446399,184,43906,36,9349,220,53496,0,0,27059,20727.71,10260140,10206885,0
2021-08-05,17879,5148550,7934,4637478,1371,447770,163,44069,22,9371,185,53681,0,0,27369,21848,10287509,10234069,0
2021-08-06,18168,5166718,8419,4645897,1228,448998,174,44243,32,9403,206,53887,0,0,28021,22375,10315530,10261884,0
2021-08-07,13376,5180094,6019,4651916,800,449798,105,44348,29,9432,134,54021,0,0,20329,22850.57,10335859,10282079,0
2021-08-08,9309,5189403,3834,4655750,400,450198,84,44432,10,9442,94,54115,0,0,13637,23302.29,10349496,10295622,0
2021-08-09,21328,5210731,8531,4664281,965,451163,178,44610,34,9476,213,54328,0,0,31037,24648.43,10380533,10326447,0
2021-08-10,18944,5229675,9332,4673613,946,452109,182,44792,34,9510,217,54545,0,0,29439,25270.14,10409972,10355670,0
2021-08-11,15641,5245316,8313,4681926,853,452962,132,44924,47,9557,180,54725,0,0,24987,24974.14,10434959,10380478,0
2021-08-12,15046,5260362,8988,4690914,942,453904,180,45104,37,9594,219,54944,0,0,25195,24663.57,10460154,10405456,0
2021-08-13,14911,5275273,9295,4700209,919,454823,247,45351,38,9632,286,55230,0,0,25412,24290.86,10485566,10430583,0
2021-08-14,10392,5285665,6413,4706622,625,455448,537,45888,41,9673,581,55811,0,0,18011,23959.71,10503577,10448016,0
2021-08-15,6687,5292352,4482,4711104,676,456124,568,46456,34,9707,606,56417,0,0,12451,23790.29,10516028,10459865,0
2021-08-16,15692,5308044,9314,4720418,1149,457273,1330,47786,67,9774,1402,57819,0,0,27557,23293.14,10543585,10486025,0
2021-08-17,17754,5325798,10457,4730875,1229,458502,1776,49562,86,9860,1878,59697,0,0,31318,23561.57,10574903,10515481,0
2021-08-18,17476,5343274,10381,4741256,1262,459764,2004,51566,91,9951,2106,61803,0,0,31225,24452.71,10606128,10544611,0
2021-08-19,16282,5359556,9531,4750787,1315,461079,1960,53526,70,10021,2044,63847,0,0,29172,25020.86,10635300,10571753,0
2021-08-20,16257,5375813,11541,4762328,1252,462331,1872,55398,90,10111,1976,65823,0,0,31026,25822.86,10666326,10600817,0
2021-08-21,11143,5386956,8038,4770366,878,463209,1069,56467,53,10164,1129,66952,0,0,21188,26276.71,10687514,10620883,0
2021-08-22,4075,5391031,3903,4774269,261,463470,520,56987,33,10197,557,67509,0,0,8796,25754.57,10696310,10629126,0
2021-08-23,15570,5406601,11810,4786079,1022,464492,1553,58540,78,10275,1644,69153,0,0,30047,26110.29,10726357,10657542,0
2021-08-24,16899,5423500,12598,4798677,1007,465499,1776,60316,83,10358,1868,71021,0,0,32372,26260.86,10758729,10688055,0
2021-08-25,14558,5438058,12455,4811132,1112,466611,1575,61891,81,10439,1672,72693,0,0,29797,26056.86,10788526,10716196,0
2021-08-26,16139,5454197,14100,4825232,1070,467681,1785,63676,71,10510,1867,74560,0,0,33176,26628.86,10821702,10747516,0
2021-08-27,14866,5469063,14824,4840056,971,468652,1681,65357,76,10586,1765,76325,0,0,32426,26828.86,10854128,10778185,0
2021-08-28,10673,5479736,11523,4851579,835,469487,1023,66380,47,10633,1071,77396,0,0,24102,27245.14,10878230,10801217,0
2021-08-29,7208,5486944,7500,4859079,541,470028,782,67162,58,10691,849,78245,0,0,16098,28288.29,10894328,10816475,0
2021-08-30,15505,5502449,16930,4876009,1076,471104,1798,68960,97,10788,1903,80148,0,0,35414,29055,10929742,10849994,0
2021-08-31,15495,5517944,15962,4891971,952,472056,1982,70942,92,10880,2084,82232,0,0,34493,29358,10964235,10882413,0
2021-09-01,14819,5532763,14114,4906085,1020,473076,1816,72758,62,10942,1888,84120,0,0,31841,29650,10996076,10912376,0
2021-09-02,14306,5547069,12525,4918610,896,473972,1718,74476,65,11007,1799,85919,0,0,29526,29128.57,11025602,10940119,0
2021-09-03,14989,5562058,14317,4932927,974,474946,1902,76378,73,11080,1981,87900,0,0,32261,29105,11057863,10970405,0
2021-09-04,9640,5571698,9405,4942332,688,475634,982,77360,34,11114,1021,88921,0,0,20754,28626.71,11078617,10990143,0
2021-09-05,6790,5578488,5511,4947843,438,476072,720,78080,19,11133,740,89661,0,0,13479,28252.57,11092096,11002883,0
2021-09-06,5195,5583683,4510,4952353,358,476430,275,78355,11,11144,288,89949,0,0,10351,24672.14,11102447,11012948,0
2021-09-07,15553,5599236,17699,4970052,912,477342,1565,79920,96,11240,1669,91618,0,0,35833,24863.57,11138280,11047120,0
2021-09-08,16140,5615376,14829,4984881,1069,478411,1791,81711,83,11323,1885,93503,0,0,33923,25161,11172203,11079169,0
2021-09-09,16093,5631469,14759,4999640,1048,479459,1921,83632,79,11402,2011,95514,0,0,33911,25787.43,11206114,11111080,0
2021-09-10,18344,5649813,15403,5015043,1207,480666,1983,85615,82,11484,2072,97586,0,0,37026,26468.14,11243140,11146041,0
2021-09-11,12624,5662437,10350,5025393,958,481624,1037,86652,50,11534,1093,98679,0,0,25025,27078.29,11268165,11169979,0
2021-09-12,8531,5670968,5054,5030447,765,482389,694,87346,32,11566,727,99406,0,0,15077,27306.57,11283242,11184330,0
2021-09-13,16916,5687884,12967,5043414,976,483365,1665,89011,53,11619,1728,101134,0,0,32587,30483.14,11315829,11215199,0
2021-09-14,16256,5704140,13676,5057090,887,484252,1605,90616,57,11676,1674,102808,0,0,32494,30006.14,11348323,11246031,0
2021-09-15,15505,5719645,12899,5069989,727,484979,1577,92193,86,11762,1672,104480,0,0,30803,29560.43,11379126,11275171,0
2021-09-16,15321,5734966,13918,5083907,1209,486188,1474,93667,68,11830,1549,106029,0,0,31997,29287,11411123,11305626,0
2021-09-17,14423,5749389,13951,5097858,922,487110,1849,95516,61,11891,1912,107941,0,0,31208,28455.86,11442331,11334924,0
2021-09-18,9982,5759371,10191,5108049,913,488023,1053,96569,43,11934,1100,109041,0,0,22186,28050.29,11464517,11356014,0
2021-09-19,6166,5765537,6076,5114125,557,488580,751,97320,29,11963,785,109826,0,0,13584,27837,11478101,11368818,0
2021-09-20,12656,5778193,12635,5126760,1068,489648,1927,99247,63,12026,1999,111825,0,0,28359,27233,11506460,11395187,0
2021-09-21,12214,5790407,12771,5139531,1108,490756,2040,101287,81,12107,2137,113962,0,0,28230,26623.86,11534690,11421296,0
2021-09-22,12812,5803219,12007,5151538,1088,491844,1694,102981,69,12176,1769,115731,0,0,27676,26177.14,11562366,11447209,0
2021-09-23,14911,5818130,12769,5164307,1639,493483,2276,105257,77,12253,2360,118091,0,0,31679,26131.71,11594045,11476535,0
2021-09-24,16423,5834553,13361,5177668,1636,495119,4631,109888,129,12382,4778,122869,0,0,36198,26844.57,11630243,11507973,0
2021-09-25,10517,5845070,9033,5186701,1017,496136,3462,113350,85,12467,3563,126432,0,0,24130,27122.29,11654373,11528556,0
2021-09-26,6288,5851358,5768,5192469,773,496909,2423,115773,62,12529,2497,128929,0,0,15326,27371.14,11669699,11541397,0
2021-09-27,14125,5865483,8066,5200535,1155,498064,9085,124858,167,12696,9301,138230,0,0,32648,27983.86,11702347,11564793,0
2021-09-28,11094,5876577,11789,5212324,901,498965,9938,134796,184,12880,10162,148392,0,0,33946,28800.43,11736293,11588617,0
2021-09-29,11583,5888160,12196,5224520,1204,500169,9463,144259,182,13062,9679,158071,0,0,34662,29798.43,11770955,11613634,0
2021-09-30,12204,5900364,12609,5237129,1337,501506,9771,154030,184,13246,9989,168060,0,0,36139,30435.57,11807094,11639818,0
2021-10-01,12608,5912972,13431,5250560,1284,502790,10294,164324,158,13404,10489,178549,0,0,37812,30666.14,11844906,11667178,0
2021-10-02,7713,5920685,9980,5260540,865,503655,4252,168576,83,13487,4359,182908,0,0,22917,30492.86,11867823,11685760,0
2021-10-03,5052,5925737,6158,5266698,593,504248,2628,171204,60,13547,2698,185606,0,0,14501,30375,11882324,11697573,0
2021-10-04,9893,5935630,11016,5277714,913,505161,9544,180748,152,13699,9732,195338,0,0,31554,30218.71,11913878,11719431,0
2021-10-05,10128,5945758,11734,5289448,972,506133,9959,190707,182,13881,10184,205522,0,0,33018,30086.14,11946896,11742308,0
2021-10-06,9860,5955618,11051,5300499,937,507070,9959,200666,163,14044,10158,215680,0,0,32007,29706.86,11978903,11764193,0
2021-10-07,9589,5965207,12152,5312651,850,507920,10185,210851,184,14228,10403,226083,0,0,32994,29257.57,12011897,11786818,0
2021-10-08,9421,5974628,12180,5324831,940,508860,10931,221782,167,14395,11137,237220,0,0,33678,28667,12045575,11809398,0
2021-10-09,6220,5980848,8244,5333075,643,509503,4132,225914,92,14487,4241,241461,0,0,19348,28157.14,12064923,11824522,0
2021-10-10,3527,5984375,5028,5338103,458,509961,2439,228353,50,14537,2497,243958,0,0,11510,27729.86,12076433,11833543,0
2021-10-11,7586,5991961,9339,5347442,728,510689,8912,237265,167,14704,9103,253061,0,0,26756,27044.43,12103189,11851220,0
2021-10-12,8038,5999999,10997,5358439,891,511580,10542,247807,187,14891,10771,263832,0,0,30697,26712.86,12133886,11871188,0
2021-10-13,7119,6007118,10149,5368588,869,512449,8817,256624,187,15078,9034,272866,0,0,27171,26022,12161057,11889355,0
2021-10-14,7399,6014517,11116,5379704,837,513286,10136,266760,170,15248,10346,283212,0,0,29698,25551.14,12190755,11908747,0
2021-10-15,7698,6022215,11859,5391563,823,514109,10862,277622,176,15424,11071,294283,0,0,31451,25233,12222206,11929160,0
2021-10-16,4853,6027068,7464,5399027,665,514774,3856,281478,67,15491,3935,298218,0,0,16917,24885.71,12239123,11942154,0
2021-10-17,3046,6030114,4469,5403496,411,515185,2463,283941,46,15537,2516,300734,0,0,10442,24733.14,12249565,11950087,0
2021-10-18,7011,6037125,10672,5414168,797,515982,9501,293442,190,15727,9725,310459,0,0,28205,24940.14,12277770,11968601,0
2021-10-19,6542,6043667,8945,5423113,803,516785,9112,302554,182,15909,9335,319794,0,0,25625,24215.57,12303395,11984932,0
2021-10-20,6509,6050176,9372,5432485,975,517760,10002,312556,183,16092,10223,330017,0,0,27079,24202.43,12330474,12001826,0
2021-10-21,6998,6057174,9384,5441869,857,518617,10876,323432,158,16250,11070,341087,0,0,28309,24004,12358783,12019101,0
2021-10-22,8069,6065243,10341,5452210,1025,519642,16384,339816,229,16479,16667,357754,0,0,36102,24668.43,12394885,12038590,0
2021-10-23,5146,6070389,6452,5458662,690,520332,9141,348957,117,16596,9278,367032,0,0,21566,25332.57,12416451,12050898,0
2021-10-24,3246,6073635,3967,5462629,766,521098,6176,355133,83,16679,6284,373316,0,0,14263,25878.43,12430714,12058902,0
2021-10-25,8697,6082332,8745,5471374,1152,522250,19292,374425,309,16988,19674,392990,0,0,38268,27316,12468982,12077569,0
2021-10-26,8139,6090471,7723,5479097,1258,523508,17320,391745,284,17272,17674,410664,0,0,34794,28625.86,12503776,12094759,0
2021-10-27,10489,6100960,8392,5487489,1604,525112,20894,412639,339,17611,21306,431970,0,0,41791,30727.57,12545567,12115317,0
2021-10-28,11249,6112209,8025,5495514,1793,526905,20909,433548,333,17944,21311,453281,0,0,42378,32737.43,12587945,12136453,0
2021-10-29,11790,6123999,8229,5503743,1967,528872,22588,456136,353,18297,23014,476295,0,0,45001,34008.71,12632946,12158513,0
2021-10-30,4589,6128588,5062,5508805,932,529804,11207,467343,167,18464,11414,487709,0,0,21997,34070.29,12654943,12169136,0
2021-10-31,2637,6131225,2698,5511503,544,530348,6655,473998,106,18570,6785,494494,0,0,12664,33841.86,12667607,12175039,0
2021-11-01,7056,6138281,6956,5518459,1085,531433,20431,494429,348,18918,20839,515333,0,0,35936,33508.71,12703543,12190196,0
2021-11-02,6516,6144797,6587,5525046,1055,532488,20825,515254,282,19200,21188,536521,0,0,35347,33587.71,12738890,12204436,0
2021-11-03,6772,6151569,6674,5531720,1025,533513,20696,535950,315,19515,21088,557609,0,0,35561,32697.71,12774451,12218986,0
2021-11-04,9245,6160814,6273,5537993,997,534510,22435,558385,355,19870,22872,580481,0,0,39387,32270.43,12813838,12235583,0
2021-11-05,11004,6171818,6716,5544709,1049,535559,23815,582200,366,20236,24263,604744,0,0,43032,31989.14,12856870,12254434,0
2021-11-06,11129,6182947,4051,5548760,593,536152,12620,594820,178,20414,12835,617579,0,0,28608,32933.57,12885478,12270244,0
2021-11-07,7219,6190166,2288,5551048,577,536729,7123,601943,99,20513,7237,624816,0,0,17321,33598.86,12902799,12280343,0
2021-11-08,15013,6205179,5677,5556725,862,537591,19545,621488,290,20803,19902,644718,0,0,41454,34387.14,12944253,12301962,0
2021-11-09,16086,6221265,5384,5562109,658,538249,20568,642056,287,21090,20937,665655,0,0,43065,35489.71,12987318,12324172,0
2021-11-10,16840,6238105,5322,5567431,682,538931,22727,664783,299,21389,23096,688751,0,0,45940,36972.43,13033258,12347086,0
2021-11-11,12475,6250580,5189,5572620,760,539691,22159,686942,302,21691,22532,711283,0,0,40956,37196.57,13074214,12365581,0
2021-11-12,16808,6267388,5684,5578304,705,540396,23486,710428,365,22056,23929,735212,0,0,47126,37781.43,13121340,12388856,0
2021-11-13,9908,6277296,3660,5581964,464,540860,13374,723802,184,22240,13603,748815,0,0,27635,37642.43,13148975,12402933,0
2021-11-14,5972,6283268,2285,5584249,324,541184,7962,731764,83,22323,8066,756881,0,0,16647,37546.14,13165622,12411535,0
2021-11-15,13154,6296422,5974,5590223,688,541872,25180,756944,374,22697,25634,782515,0,0,45450,38117,13211072,12431431,0
2021-11-16,9860,6306282,5778,5596001,652,542524,30745,787689,446,23143,31270,813785,0,0,47562,38759.43,13258634,12447802,0
2021-11-17,10192,6316474,6669,5602670,680,543204,31525,819214,431,23574,32048,845833,0,0,49589,39280.71,13308223,12465435,0
2021-11-18,10615,6327089,6520,5609190,854,544058,33133,852347,477,24051,33707,879540,0,0,51696,40815,13359919,12483521,0
2021-11-19,11883,6338972,6548,5615738,707,544765,36380,888727,477,24528,36948,916488,0,0,56086,42095,13416005,12502750,0
2021-11-20,9268,6348240,3414,5619152,512,545277,22586,911313,265,24793,22903,939391,0,0,36097,43303.86,13452102,12515996,0
2021-11-21,4881,6353121,1886,5621038,288,545565,13259,924572,159,24952,13443,952834,0,0,20498,43854,13472600,12523076,0
2021-11-22,10309,6363430,5778,5626816,748,546313,36033,960605,457,25409,36582,989416,0,0,53417,44992.14,13526017,12540003,0
2021-11-23,9667,6373097,4777,5631593,631,546944,33620,994225,401,25810,34093,1023509,0,0,49169,45221.71,13575186,12555151,0
2021-11-24,8605,6381702,4744,5636337,647,547591,26003,1020228,297,26107,26372,1049881,0,0,40368,43904.43,13615554,12569219,0
2021-11-25,446,6382148,330,5636667,80,547671,1004,1021232,9,26116,1013,1050894,0,0,1869,36786.29,13617423,12570075,0
2021-11-26,7980,6390128,7005,5643672,528,548199,26657,1047889,317,26433,27031,1077925,0,0,42544,34851.71,13659967,12585645,0
2021-11-27,6628,6396756,6859,5650531,370,548569,18896,1066785,231,26664,19165,1097090,0,0,33023,34412.57,13692990,12599541,0
2021-11-28,4021,6400777,5793,5656324,279,548848,11946,1078731,125,26789,12092,1109182,0,0,22185,34653.57,13715175,12609655,0
2021-11-29,8982,6409759,11018,5667342,684,549532,35169,1113900,463,27252,35710,1144892,0,0,56394,35078.86,13771569,12630417,0
2021-11-30,10372,6420131,11451,5678793,510,550042,37881,1151781,515,27767,38510,1183402,0,0,60843,36746.57,13832412,12652864,0
2021-12-01,11045,6431176,10985,5689778,724,550766,40496,1192277,444,28211,41038,1224440,0,0,63794,40093.14,13896206,12675718,0
2021-12-02,11494,6442670,11056,5700834,625,551391,42348,1234625,477,28688,42923,1267363,0,0,66098,49268.71,13962304,12698991,0
2021-12-03,13314,6455984,12919,5713753,665,552056,48128,1282753,548,29236,48782,1316145,0,0,75680,54002.43,14037984,12725995,0
2021-12-04,9731,6465715,11322,5725075,564,552620,30780,1313533,316,29552,31149,1347294,0,0,52766,56822.86,14090750,12747665,0
2021-12-05,5682,6471397,5704,5730779,270,552890,16720,1330253,134,29686,16891,1364185,0,0,28547,57731.71,14119297,12759358,0
2021-12-06,12189,6483586,9987,5740766,599,553489,43390,1373643,475,30161,43958,1408143,0,0,66734,59208.86,14186031,12782227,0
2021-12-07,12461,6496047,9255,5750021,623,554112,43201,1416844,529,30690,43820,1451963,0,0,66159,59968.29,14252190,12804656,0
2021-12-08,13409,6509456,8781,5758802,555,554667,40926,1457770,504,31194,41513,1493476,0,0,64258,60034.57,14316448,12827484,0
2021-12-09,13343,6522799,8758,5767560,551,555218,40996,1498766,510,31704,41605,1535081,0,0,64258,59771.71,14380706,12850236,0
2021-12-10,13909,6536708,10161,5777721,666,555884,43831,1542597,545,32249,44466,1579547,0,0,69203,58846.43,14449909,12875063,0
2021-12-11,10182,6546890,8156,5785877,404,556288,26783,1569380,293,32542,27126,1606673,0,0,45869,57861.14,14495778,12893856,0
2021-12-12,5961,6552851,3859,5789736,287,556575,15211,1584591,138,32680,15374,1622047,0,0,25481,57423.14,14521259,12903988,0
2021-12-13,12084,6564935,7436,5797172,654,557229,38048,1622639,411,33091,38542,1660589,0,0,58716,56277.71,14579975,12924245,0
2021-12-14,12124,6577059,6949,5804121,729,557958,38292,1660931,457,33548,38817,1699406,0,0,58620,55200.71,14638595,12944116,0
2021-12-15,11964,6589023,6247,5810368,754,558712,38294,1699225,501,34049,38877,1738283,0,0,57843,54284.29,14696438,12963164,0
2021-12-16,13042,6602065,4267,5814635,737,559449,41267,1740492,473,34522,41814,1780097,0,0,59860,53656,14756298,12981284,0
2021-12-17,15812,6617877,6942,5821577,617,560066,46966,1787458,491,35013,47555,1827652,0,0,70926,53902.14,14827224,13004753,0
2021-12-18,12930,6630807,5731,5827308,432,560498,30711,1818169,284,35297,31053,1858705,0,0,50146,54513.14,14877370,13023904,0
2021-12-19,6946,6637753,2991,5830299,326,560824,18068,1836237,184,35481,18284,1876989,0,0,28547,54951.14,14905917,13034199,0
2021-12-20,16681,6654434,5855,5836154,745,561569,47665,1883902,590,36071,48336,1925325,0,0,71617,56794.14,14977534,13057561,0
2021-12-21,17814,6672248,6576,5842730,806,562375,49082,1932984,619,36690,49779,1975104,0,0,74976,59130.71,15052510,13082836,0
2021-12-22,18461,6690709,6550,5849280,938,563313,49848,1982832,558,37248,50485,2025589,0,0,76434,61786.57,15128944,13108864,0
2021-12-23,18919,6709628,6490,5855770,929,564242,46033,2028865,548,37796,46648,2072237,0,0,72986,63661.71,15201930,13135269,0
2021-12-24,9176,6718804,2956,5858726,598,564840,20664,2049529,214,38010,20912,2093149,0,0,33642,58335.43,15235572,13148033,0
2021-12-25,342,6719146,63,5858789,31,564871,427,2049956,8,38018,436,2093585,0,0,872,51296.29,15236444,13148470,0
2021-12-26,7911,6727057,3931,5862720,341,565212,17320,2067276,179,38197,17530,2111115,0,0,29713,51462.86,15266157,13160684,0
2021-12-27,21687,6748744,9209,5871929,934,566146,43572,2110848,575,38772,44220,2155335,0,0,76050,52096.14,15342207,13192587,0
2021-12-28,20028,6768772,8344,5880273,699,566845,47725,2158573,632,39404,48445,2203780,0,0,77516,52459,15419723,13221746,0
2021-12-29,18398,6787170,7674,5887947,606,567451,45718,2204291,502,39906,46295,2250075,0,0,72973,51964.57,15492696,13248499,0
2021-12-30,16790,6803960,7443,5895390,588,568039,44950,2249241,605,40511,45645,2295720,0,0,70467,51604.71,15563163,13273411,0
2021-12-31,5336,6809296,2818,5898208,193,568232,14803,2264044,190,40701,15015,2310735,0,0,23362,50136.14,15586525,13281780,0
2022-01-01,244,6809540,149,5898357,12,568244,504,2264548,36,40737,544,2311279,0,0,949,50147.14,15587474,13282189,0
2022-01-02,6396,6815936,5018,5903375,153,568397,11014,2275562,113,40850,11142,2322421,0,0,22709,49146.57,15610183,13293771,0
2022-01-03,14057,6829993,8524,5911899,515,568912,27042,2302604,354,41204,27441,2349862,0,0,50537,45501.86,15660720,13316912,0
2022-01-04,12756,6842749,8129,5920028,414,569326,27322,2329926,374,41578,27755,2377617,0,0,49054,41435.86,15709774,13338270,0
2022-01-05,11271,6854020,7035,5927063,386,569712,26040,2355966,322,41900,26406,2404023,0,0,45098,37453.71,15754872,13357006,0
2022-01-06,11293,6865313,7398,5934461,485,570197,27692,2383658,364,42264,28108,2432131,0,0,47284,34141.86,15802156,13376234,0
2022-01-07,10105,6875418,8457,5942918,339,570536,25250,2408908,333,42597,25617,2457748,0,0,44519,37164.29,15846675,13395170,0
2022-01-08,7635,6883053,8604,5951522,311,570847,19650,2428558,192,42789,19860,2477608,0,0,36411,42230.29,15883086,13411739,0
2022-01-09,4096,6887149,3846,5955368,214,571061,10085,2438643,101,42890,10197,2487805,0,0,18355,41608.29,15901441,13419908,0
2022-01-10,10120,6897269,8200,5963568,490,571551,24661,2463304,312,43202,25024,2512829,0,0,43834,40650.71,15945275,13438769,0
2022-01-11,8821,6906090,7990,5971558,522,572073,21086,2484390,299,43501,21430,2534259,0,0,38767,39181.14,15984042,13456151,0
2022-01-12,8881,6914971,8334,5979892,427,572500,22413,2506803,295,43796,22743,2557002,0,0,40386,38508,16024428,13473829,0
2022-01-13,8975,6923946,8872,5988764,451,572951,22965,2529768,343,44139,23346,2580348,0,0,41646,37702.57,16066074,13492167,0
2022-01-14,10048,6933994,8130,5996894,473,573424,26500,2556268,343,44482,26883,2607231,0,0,45534,37847.57,16111608,13510858,0
2022-01-15,6180,6940174,4322,6001216,180,573604,15174,2571442,186,44668,15383,2622614,0,0,26065,36369.57,16137673,13521563,0
2022-01-16,2885,6943059,3251,6004467,95,573699,7844,2579286,91,44759,7945,2630559,0,0,14177,35772.71,16151850,13527805,0
2022-01-17,6028,6949087,6759,6011226,363,574062,14728,2594014,226,44985,14973,2645532,0,0,28123,33528.29,16179973,13540974,0
2022-01-18,8104,6957191,10325,6021551,393,574455,19717,2613731,330,45315,20078,2665610,0,0,38900,33547.29,16218873,13559827,0
2022-01-19,7399,6964590,9265,6030816,303,574758,17763,2631494,287,45602,18084,2683694,0,0,35051,32785.14,16253924,13576828,0
2022-01-20,6215,6970805,8567,6039383,305,575063,15311,2646805,260,45862,15598,2699292,0,0,30686,31219.43,16284610,13591943,0
2022-01-21,7504,6978309,7519,6046902,276,575339,18559,2665364,295,46157,18879,2718171,0,0,34178,29597.14,16318788,13607267,0
2022-01-22,5161,6983470,4958,6051860,132,575471,11348,2676712,133,46290,11506,2729677,0,0,21757,28981.71,16340545,13617543,0
2022-01-23,2776,6986246,3339,6055199,97,575568,6253,2682965,78,46368,6339,2736016,0,0,12551,28749.43,16353096,13623763,0
2022-01-24,6313,6992559,8214,6063413,262,575830,15108,2698073,255,46623,15390,2751406,0,0,30180,29043.29,16383276,13638580,0
2022-01-25,6131,6998690,7960,6071373,230,576060,14744,2712817,295,46918,15073,2766479,0,0,29394,27685.29,16412670,13652935,0
2022-01-26,5704,7004394,7189,6078562,287,576347,14053,2726870,225,47143,14306,2780785,0,0,27486,26604.57,16440156,13666143,0
2022-01-27,5195,7009589,7103,6085665,320,576667,14129,2740999,241,47384,14409,2795194,0,0,27027,26081.86,16467183,13678800,0
2022-01-28,6202,7015791,7886,6093551,205,576872,16166,2757165,246,47630,16435,2811629,0,0,30728,25589,16497911,13693116,0
2022-01-29,833,7016624,729,6094280,28,576900,2544,2759709,40,47670,2587,2814216,0,0,4177,23077.57,16502088,13694709,0
2022-01-30,2070,7018694,3024,6097304,103,577003,4557,2764266,64,47734,4625,2818841,0,0,9822,22687.71,16511910,13699910,0
2022-01-31,4967,7023661,6601,6103905,219,577222,11413,2775679,208,47942,11636,2830477,0,0,23423,21722.43,16535333,13711712,0
2022-02-01,4794,7028455,6457,6110362,220,577442,10740,2786419,223,48165,10981,2841458,0,0,22453,20730.86,16557786,13723202,0
2022-02-02,4239,7032694,5937,6116299,212,577654,11262,2797681,243,48408,11523,2852981,0,0,21911,19934.43,16579697,13733608,0
2022-02-03,4195,7036889,5819,6122118,216,577870,11242,2808923,206,48614,11475,2864456,0,0,21706,19174.29,16601403,13743866,0
2022-02-04,4726,7041615,7120,6129238,214,578084,13258,2822181,242,48856,13526,2877982,0,0,25586,18439.71,16626989,13755952,0
2022-02-05,3551,7045166,6083,6135321,109,578193,8608,2830789,160,49016,8783,2886765,0,0,18526,20489.57,16645515,13765710,0
2022-02-06,2045,7047211,2138,6137459,120,578313,4655,2835444,105,49121,4764,2891529,0,0,9068,20381.86,16654583,13770018,0
2022-02-07,4112,7051323,4751,6142210,205,578518,10158,2845602,238,49359,10421,2901950,0,0,19489,19819.86,16674072,13779111,0
2022-02-08,4178,7055501,5604,6147814,214,578732,11360,2856962,316,49675,11702,2913652,0,0,21698,19712,16695770,13789133,0
2022-02-09,4103,7059604,5405,6153219,221,578953,11686,2868648,259,49934,11969,2925621,0,0,21698,19681.57,16717468,13798886,0
2022-02-10,3958,7063562,5130,6158349,243,579196,12216,2880864,295,50229,12541,2938162,0,0,21872,19705.29,16739340,13808247,0
2022-02-11,4482,7068044,5808,6164157,195,579391,13760,2894624,327,50556,14119,2952281,0,0,24604,19565,16763944,13818764,0
2022-02-12,3231,7071275,4352,6168509,97,579488,8829,2903453,220,50776,9060,2961341,0,0,16740,19309.86,16780684,13826455,0
2022-02-13,1508,7072783,1544,6170053,41,579529,4888,2908341,115,50891,5008,2966349,0,0,8101,19171.71,16788785,13829553,0
2022-02-14,2956,7075739,3632,6173685,167,579696,10589,2918930,332,51223,10948,2977297,0,0,17704,18916.71,16806489,13836336,0
2022-02-15,3512,7079251,4075,6177760,174,579870,12806,2931736,294,51517,13116,2990413,0,0,20877,18799.43,16827366,13844113,0
2022-02-16,3607,7082858,3913,6181673,199,580069,15770,2947506,301,51818,16106,3006519,0,0,23825,19103.29,16851191,13851867,0
2022-02-17,3983,7086841,4082,6185755,162,580231,18366,2965872,379,52197,18775,3025294,0,0,27002,19836.14,16878193,13860124,0
2022-02-18,4417,7091258,4797,6190552,190,580421,21561,2987433,471,52668,22055,3047349,0,0,31459,20815.43,16909652,13869551,0
2022-02-19,3229,7094487,2188,6192740,65,580486,11207,2998640,220,52888,11438,3058787,0,0,16920,20841.14,16926572,13875044,0
2022-02-20,1841,7096328,1446,6194186,59,580545,6599,3005239,117,53005,6723,3065510,0,0,10069,21122.29,16936641,13878397,0
2022-02-21,3069,7099397,2694,6196880,93,580638,8369,3013608,236,53241,8618,3074128,0,0,14474,20660.86,16951115,13884266,0
2022-02-22,4354,7103751,4268,6201148,174,580812,10852,3024460,255,53496,11126,3085254,0,0,19922,20524.43,16971037,13893081,0
2022-02-23,4230,7107981,3791,6204939,145,580957,10694,3035154,244,53740,10955,3096209,0,0,19121,19852.43,16990158,13901264,0
2022-02-24,3777,7111758,3658,6208597,108,581065,10210,3045364,241,53981,10469,3106678,0,0,18012,18568.14,17008170,13908825,0
2022-02-25,3581,7115339,3636,6212233,135,581200,10000,3055364,248,54229,10261,3116939,0,0,17613,16590.14,17025783,13916190,0
2022-02-26,2809,7118148,2594,6214827,73,581273,9530,3064894,163,54392,9702,3126641,0,0,15178,16341.29,17040961,13921675,0
2022-02-27,1759,7119907,1374,6216201,52,581325,6275,3071169,103,54495,6385,3133026,0,0,9570,16270,17050531,13924867,0
2022-02-28,3762,7123669,3137,6219338,140,581465,13160,3084329,258,54753,13442,3146468,0,0,20481,17128.14,17071012,13931930,0
2022-03-01,2111,7125780,2632,6221970,103,581568,5195,3089524,189,54942,5391,3151859,0,0,10237,15744.57,17081249,13936783,0
2022-03-02,1822,7127602,2448,6224418,107,581675,4148,3093672,211,55153,4370,3156229,0,0,8747,14262.57,17089996,13941171,0
2022-03-03,1923,7129525,2567,6226985,106,581781,3808,3097480,171,55324,3993,3160222,0,0,8589,12916.43,17098585,13945781,0
2022-03-04,2110,7131635,2884,6229869,66,581847,4337,3101817,213,55537,4562,3164784,0,0,9622,11774.86,17108207,13950853,0
2022-03-05,1608,7133243,2129,6231998,43,581890,3322,3105139,119,55656,3444,3168228,0,0,7224,10638.57,17115431,13954636,0
2022-03-06,792,7134035,881,6232879,30,581920,1626,3106765,55,55711,1684,3169912,0,0,3387,9755.29,17118818,13956342,0
2022-03-07,1657,7135692,1788,6234667,87,582007,3508,3110273,162,55873,3684,3173596,0,0,7216,7860.29,17126034,13959888,0
2022-03-08,1542,7137234,1898,6236565,81,582088,3129,3113402,155,56028,3296,3176892,0,0,6817,7371.71,17132851,13963421,0
2022-03-09,1260,7138494,1686,6238251,80,582168,2595,3115997,128,56156,2729,3179621,0,0,5755,6944.29,17138606,13966453,0
2022-03-10,1406,7139900,2097,6240348,84,582252,2978,3118975,165,56321,3152,3182773,0,0,6739,6680,17145345,13970049,0
2022-03-11,1595,7141495,2279,6242627,81,582333,3217,3122192,190,56511,3425,3186198,0,0,7380,6359.71,17152725,13974022,0
2022-03-12,871,7142366,1421,6244048,42,582375,2012,3124204,74,56585,2089,3188287,0,0,4423,5959.57,17157148,13976359,0
2022-03-13,623,7142989,757,6244805,28,582403,1292,3125496,49,56634,1344,3189631,0,0,2752,5868.86,17159900,13977770,0
2022-03-14,1356,7144345,1615,6246420,84,582487,3001,3128497,209,56843,3232,3192863,0,0,6287,5736.14,17166187,13980847,0
2022-03-15,1355,7145700,1925,6248345,63,582550,3070,3131567,237,57080,3315,3196178,0,0,6658,5713.43,17172845,13984198,0
2022-03-16,1394,7147094,2062,6250407,94,582644,3146,3134713,297,57377,3459,3199637,0,0,7009,5892.57,17179854,13987764,0
2022-03-17,1189,7148283,1810,6252217,71,582715,2766,3137479,269,57646,3049,3202686,0,0,6119,5804,17185973,13990848,0
2022-03-18,1577,7149860,2221,6254438,79,582794,3779,3141258,422,58068,4207,3206893,0,0,8084,5904.57,17194057,13994731,0
2022-03-19,1100,7150960,1737,6256175,54,582848,2608,3143866,231,58299,2844,3209737,0,0,5735,6092,17199792,13997627,0
2022-03-20,602,7151562,631,6256806,33,582881,1470,3145336,186,58485,1660,3211397,0,0,2926,6116.86,17202718,13998897,0
2022-03-21,1408,7152970,1561,6258367,73,582954,3064,3148400,363,58848,3448,3214845,0,0,6490,6145.86,17209208,14001960,0
2022-03-22,1339,7154309,1553,6259920,101,583055,2908,3151308,350,59198,3268,3218113,0,0,6261,6089.14,17215469,14004963,0
2022-03-23,1256,7155565,1359,6261279,66,583121,2927,3154235,375,59573,3312,3221425,0,0,5993,5944,17221462,14007654,0
2022-03-24,1206,7156771,1300,6262579,90,583211,2520,3156755,278,59851,2807,3224232,0,0,5403,5841.71,17226865,14010259,0
2022-03-25,1379,7158150,1638,6264217,62,583273,3271,3160026,385,60236,3669,3227901,0,0,6748,5650.86,17233613,14013351,0
2022-03-26,920,7159070,1170,6265387,36,583309,2311,3162337,255,60491,2574,3230475,0,0,4700,5503,17238313,14015485,0
2022-03-27,575,7159645,527,6265914,29,583338,1314,3163651,204,60695,1520,3231995,0,0,2651,5463.71,17240964,14016618,0
2022-03-28,1070,7160715,1171,6267085,69,583407,2443,3166094,367,61062,2829,3234824,0,0,5139,5270.71,17246103,14018947,0
2022-03-29,1040,7161755,1106,6268191,84,583491,2516,3168610,886,61948,3424,3238248,0,0,5654,5184,17251757,14021199,0
2022-03-30,1234,7162989,1139,6269330,99,583590,3065,3171675,3411,65359,6568,3244816,0,0,9040,5619.29,17260797,14023763,0
2022-03-31,1274,7164263,1245,6270575,58,583648,3164,3174839,5536,70895,8841,3253657,0,0,11419,6478.71,17272216,14026482,0
2022-04-01,1420,7165683,1485,6272060,77,583725,3243,3178082,6929,77824,10327,3263984,0,0,13309,7416,17285525,14029619,0
2022-04-02,904,7166587,909,6272969,33,583758,2085,3180167,4543,82367,6724,3270708,0,0,8570,7968.86,17294095,14031561,0
2022-04-03,553,7167140,490,6273459,28,583786,1218,3181385,3062,85429,4344,3275052,0,0,5415,8363.71,17299510,14032696,0
2022-04-04,1343,7168483,1298,6274757,62,583848,2727,3184112,7723,93152,10606,3285658,0,0,13309,9530.86,17312819,14035555,0
2022-04-05,1288,7169771,1153,6275910,66,583914,2840,3186952,7504,100656,10523,3296181,0,0,13030,10584.57,17325849,14038241,0
2022-04-06,1327,7171098,1174,6277084,61,583975,2628,3189580,6958,107614,9749,3305930,0,0,12311,11051.86,17338160,14040966,0
2022-04-07,1199,7172297,1058,6278142,57,584032,2379,3191959,6628,114242,9158,3315088,0,0,11472,11059.43,17349632,14043431,0
2022-04-08,1469,7173766,1409,6279551,61,584093,3169,3195128,8793,123035,12162,3327250,0,0,15101,11315.43,17364733,14046570,0
2022-04-09,907,7174673,923,6280474,29,584122,2081,3197209,4963,127998,7130,3334380,0,0,8989,11375.29,17373722,14048515,0
2022-04-10,573,7175246,459,6280933,25,584147,1167,3198376,2904,130902,4134,3338514,0,0,5191,11343.29,17378913,14049635,0
2022-04-11,1302,7176548,1224,6282157,61,584208,2653,3201029,7841,138743,10652,3349166,0,0,13239,11333.29,17392152,14052380,0
2022-04-12,1210,7177758,1051,6283208,73,584281,2512,3203541,7458,146201,10143,3359309,0,0,12477,11254.29,17404629,14054887,0
2022-04-13,1226,7178984,1072,6284280,61,584342,2512,3206053,7553,153754,10218,3369527,0,0,12577,11292.29,17417206,14057399,0
2022-04-14,1259,7180243,1094,6285374,58,584400,2442,3208495,6592,160346,9167,3378694,0,0,11578,11307.43,17428784,14059943,0
2022-04-15,1333,7181576,1092,6286466,53,584453,2553,3211048,6636,166982,9322,3388016,0,0,11800,10835.86,17440584,14062554,0
2022-04-16,852,7182428,652,6287118,34,584487,1641,3212689,3691,170673,5400,3393416,0,0,6938,10542.86,17447522,14064160,0
2022-04-17,345,7182773,201,6287319,27,584514,636,3213325,1159,171832,1819,3395235,0,0,2392,10143,17449914,14064757,0
2022-04-18,1375,7184148,1108,6288427,82,584596,2581,3215906,6418,178250,9144,3404379,0,0,11709,9924.43,17461623,14067467,0
2022-04-19,1405,7185553,932,6289359,71,584667,2568,3218474,5770,184020,8442,3412821,0,0,10850,9692,17472473,14069979,0
2022-04-20,1294,7186847,1150,6290509,66,584733,2710,3221184,6650,190670,9504,3422325,0,0,12014,9611.57,17484487,14072633,0
2022-04-21,1223,7188070,1060,6291569,53,584786,2340,3223524,5402,196072,7862,3430187,0,0,10198,9414.43,17494685,14075089,0
2022-04-22,1230,7189300,1037,6292606,46,584832,2238,3225762,5786,201858,8140,3438327,0,0,10453,9222,17505138,14077518,0
2022-04-23,709,7190009,752,6293358,59,584891,1427,3227189,3353,205211,4847,3443174,0,0,6367,9140.43,17511505,14079105,0
2022-04-24,445,7190454,344,6293702,27,584918,812,3228001,1844,207055,2690,3445864,0,0,3506,9299.57,17515011,14079955,0
2022-04-25,1036,7191490,917,6294619,64,584982,1850,3229851,5096,212151,7059,3452923,0,0,9077,8923.57,17524088,14082086,0
2022-04-26,946,7192436,857,6295476,76,585058,1749,3231600,4700,216851,6539,3459462,0,0,8418,8576.14,17532506,14084055,0
2022-04-27,1034,7193470,1020,6296496,80,585138,1924,3233524,5218,222069,7264,3466726,0,0,9398,8202.43,17541904,14086311,0
2022-04-28,1080,7194550,985,6297481,50,585188,2008,3235532,4747,226816,6870,3473596,0,0,8986,8029.29,17550890,14088542,0
2022-04-29,1170,7195720,1102,6298583,60,585248,2158,3237690,5437,232253,7713,3481309,0,0,10045,7971,17560935,14090992,0
2022-04-30,722,7196442,742,6299325,50,585298,1393,3239083,2966,235219,4409,3485718,0,0,5923,7907.57,17566858,14092556,0
2022-05-01,445,7196887,366,6299691,20,585318,766,3239849,1656,236875,2454,3488172,0,0,3285,7876,17570143,14093419,0
2022-05-02,1042,7197929,791,6300482,52,585370,1673,3241522,3824,240699,5565,3493737,0,0,7450,7643.57,17577593,14095372,0
2022-05-03,1115,7199044,863,6301345,61,585431,1994,3243516,4872,245571,6964,3500701,0,0,9003,7727.14,17586596,14097509,0
2022-05-04,1002,7200046,880,6302225,48,585479,1925,3245441,4679,250250,6697,3507398,0,0,8627,7617,17595223,14099532,0
2022-05-05,1069,7201115,951,6303176,86,585565,1930,3247371,4893,255143,6922,3514320,0,0,9028,7623,17604251,14101737,0
2022-05-06,1091,7202206,956,6304132,51,585616,1859,3249230,4403,259546,6341,3520661,0,0,8439,7393.57,17612690,14103914,0
2022-05-07,659,7202865,589,6304721,32,585648,1205,3250435,2435,261981,3680,3524341,0,0,4960,7256,17617650,14105234,0
2022-05-08,409,7203274,243,6304964,17,585665,666,3251101,1389,263370,2077,3526418,0,0,2746,7179,17620396,14105925,0
2022-05-09,1075,7204349,946,6305910,60,585725,1891,3252992,4435,267805,6422,3532840,0,0,8503,7329.43,17628899,14108102,0
2022-05-10,1092,7205441,927,6306837,54,585779,1979,3254971,4722,272527,6810,3539650,0,0,8883,7312.29,17637782,14110284,0
2022-05-11,1082,7206523,970,6307807,44,585823,1941,3256912,4838,277365,6887,3546537,0,0,8983,7363.14,17646765,14112488,0
2022-05-12,1098,7207621,950,6308757,60,585883,2001,3258913,4670,282035,6772,3553309,0,0,8880,7342,17655645,14114697,0
2022-05-13,1152,7208773,1037,6309794,44,585927,2073,3260986,4810,286845,6977,3560286,0,0,9210,7452.14,17664855,14117024,0
2022-05-14,826,7209599,672,6310466,31,585958,1468,3262454,2964,289809,4474,3564760,0,0,6003,7601.14,17670858,14118595,0
2022-05-15,507,7210106,355,6310821,22,585980,923,3263377,1649,291458,2599,3567359,0,0,3483,7706.43,17674341,14119506,0
2022-05-16,1222,7211328,854,6311675,62,586042,1831,3265208,3871,295329,5767,3573126,0,0,7905,7621,17682246,14121709,0
2022-05-17,1281,7212609,931,6312606,79,586121,2046,3267254,4900,300229,7040,3580166,0,0,9331,7685,17691577,14124094,0
2022-05-18,1232,7213841,897,6313503,82,586203,2063,3269317,4947,305176,7125,3587291,0,0,9336,7735.43,17700913,14126420,0
2022-05-19,1157,7214998,881,6314384,36,586239,2115,3271432,4733,309909,6935,3594226,0,0,9009,7753.86,17709922,14128581,0
2022-05-20,1193,7216191,958,6315342,73,586312,2372,3273804,5214,315123,7698,3601924,0,0,9924,7855.86,17719846,14130919,0
2022-05-21,828,7217019,647,6315989,24,586336,1728,3275532,3313,318436,5101,3607025,0,0,6600,7941.14,17726446,14132478,0
2022-05-22,506,7217525,292,6316281,22,586358,1136,3276668,1839,320275,3010,3610035,0,0,3830,7990.71,17730276,14133333,0
2022-05-23,1214,7218739,886,6317167,52,586410,2189,3278857,4710,324985,7003,3617038,0,0,9155,8169.29,17739431,14135589,0
2022-05-24,1399,7220138,934,6318101,66,586476,2307,3281164,4494,329479,6908,3623946,0,0,9308,8166,17748739,14138096,0
2022-05-25,1409,7221547,953,6319054,57,586533,2265,3283429,4279,333758,6647,3630593,0,0,9067,8127.57,17757806,14140619,0
2022-05-26,1162,7222709,889,6319943,60,586593,2274,3285703,4156,337914,6499,3637092,0,0,8611,8070.71,17766417,14142800,0
2022-05-27,1238,7223947,953,6320896,38,586631,2498,3288201,3927,341841,6506,3643598,0,0,8736,7901,17775153,14145111,0
2022-05-28,708,7224655,516,6321412,19,586650,1786,3289987,2067,343908,3893,3647491,0,0,5136,7691.86,17780289,14146394,0
2022-05-29,468,7225123,214,6321626,11,586661,763,3290750,1128,345036,1911,3649402,0,0,2604,7516.71,17782893,14147107,0
2022-05-30,91,7225214,62,6321688,6,586667,138,3290888,144,345180,284,3649686,0,0,443,6272.14,17783336,14147268,0
2022-05-31,1135,7226349,918,6322606,51,586718,1902,3292790,3052,348232,5016,3654702,0,0,7120,5959.57,17790456,14149434,0
2022-06-01,1150,7227499,851,6323457,63,586781,1970,3294760,3433,351665,5478,3660180,0,0,7542,5741.71,17797998,14151573,0
2022-06-02,1024,7228523,799,6324256,72,586853,1828,3296588,3179,354844,5069,3665249,0,0,6964,5506.43,17804962,14153530,0
2022-06-03,1153,7229676,894,6325150,47,586900,2072,3298660,3497,358341,5639,3670888,0,0,7733,5363.14,17812695,14155694,0
2022-06-04,718,7230394,585,6325735,26,586926,1560,3300220,1908,360249,3504,3674392,0,0,4835,5320.14,17817530,14157061,0
2022-06-05,446,7230840,297,6326032,1,586927,882,3301102,981,361230,1872,3676264,0,0,2616,5321.86,17820146,14157814,0
2022-06-06,1120,7231960,827,6326859,65,586992,1757,3302859,2748,363978,4557,3680821,0,0,6569,6197,17826715,14159878,0
2022-06-07,1016,7232976,773,6327632,70,587062,1795,3304654,2570,366548,4413,3685234,0,0,6273,6076,17832988,14161786,0
2022-06-08,1088,7234064,835,6328467,75,587137,1877,3306531,2752,369300,4695,3689929,0,0,6693,5954.71,17839681,14163850,0
2022-06-09,1133,7235197,840,6329307,62,587199,2231,3308762,2695,371995,4978,3694907,0,0,7013,5961.71,17846694,14165937,0
2022-06-10,1043,7236240,816,6330123,76,587275,1881,3310643,2835,374830,4773,3699680,0,0,6708,5815.29,17853402,14167929,0
2022-06-11,678,7236918,507,6330630,25,587300,1332,3311975,1506,376336,2865,3702545,0,0,4075,5706.71,17857477,14169166,0
2022-06-12,348,7237266,288,6330918,21,587321,876,3312851,775,377111,1661,3704206,0,0,2318,5664.14,17859795,14169833,0
2022-06-13,1026,7238292,767,6331685,62,587383,1585,3314436,2190,379301,3814,3708020,0,0,5670,5535.71,17865465,14171728,0
2022-06-14,971,7239263,833,6332518,65,587448,1694,3316130,2506,381807,4263,3712283,0,0,6132,5515.57,17871597,14173660,0
2022-06-15,968,7240231,865,6333383,39,587487,1666,3317796,2428,384235,4155,3716438,0,0,6027,5420.43,17877624,14175593,0
2022-06-16,957,7241188,778,6334161,59,587546,1836,3319632,2366,386601,4258,3720696,0,0,6052,5283.14,17883676,14177443,0
2022-06-17,897,7242085,797,6334958,48,587594,1772,3321404,2407,389008,4223,3724919,0,0,5966,5177.14,17889642,14179230,0
2022-06-18,651,7242736,524,6335482,26,587620,1287,3322691,1297,390305,2615,3727534,0,0,3816,5140.14,17893458,14180462,0
2022-06-19,345,7243081,231,6335713,16,587636,730,3323421,609,390914,1351,3728885,0,0,1943,5086.57,17895401,14181066,0
2022-06-20,829,7243910,487,6336200,41,587677,1581,3325002,1612,392526,3233,3732118,0,0,4590,4932.29,17899991,14182463,0
2022-06-21,1129,7245039,739,6336939,49,587726,1703,3326705,2143,394669,3904,3736022,0,0,5823,4888.14,17905814,14184440,0
2022-06-22,1957,7246996,836,6337775,47,587773,1709,3328414,1997,396666,3749,3739771,0,0,6589,4968.43,17912403,14187323,0
2022-06-23,2118,7249114,764,6338539,66,587839,1703,3330117,2158,398824,3913,3743684,0,0,6861,5084,17919264,14190323,0
2022-06-24,2166,7251280,761,6339300,48,587887,1626,3331743,2162,400986,3836,3747520,0,0,6811,5204.71,17926075,14193346,0
2022-06-25,2136,7253416,499,6339799,15,587902,1239,3332982,1143,402129,2397,3749917,0,0,5050,5381,17931125,14196014,0
2022-06-26,1209,7254625,248,6340047,14,587916,687,3333669,531,402660,1224,3751141,0,0,2695,5488.43,17933820,14197491,0
2022-06-27,1527,7256152,656,6340703,60,587976,1473,3335142,1657,404317,3170,3754311,0,0,5414,5606.14,17939234,14199775,0
2022-06-28,1685,7257837,829,6341532,57,588033,1869,3337011,2145,406462,4060,3758371,0,0,6631,5721.57,17945865,14202392,0
2022-06-29,1856,7259693,776,6342308,48,588081,1719,3338730,1928,408390,3687,3762058,0,0,6367,5689.86,17952232,14205112,0
2022-06-30,1865,7261558,807,6343115,46,588127,1736,3340466,2135,410525,3915,3765973,0,0,6633,5657.29,17958865,14207874,0
2022-07-01,1606,7263164,599,6343714,26,588153,1400,3341866,1729,412254,3161,3769134,0,0,5392,5454.57,17964257,14210137,0
2022-07-02,979,7264143,389,6344103,19,588172,843,3342709,940,413194,1801,3770935,0,0,3188,5188.57,17967445,14211542,0
2022-07-03,529,7264672,205,6344308,7,588179,461,3343170,485,413679,950,3771885,0,0,1691,5045.14,17969136,14212287,0
2022-07-04,36,7264708,25,6344333,1,588180,30,3343200,38,413717,68,3771953,0,0,130,4290.29,17969266,14212349,0
2022-07-05,1295,7266003,757,6345090,35,588215,1407,3344607,1739,415456,3177,3775130,0,0,5264,4095,17974530,14214467,0
2022-07-06,1611,7267614,677,6345767,44,588259,1443,3346050,1845,417301,3330,3778460,0,0,5662,3994.29,17980192,14216841,0
2022-07-07,1594,7269208,713,6346480,48,588307,1526,3347576,2001,419302,3566,3782026,0,0,5921,3892.57,17986113,14219235,0
2022-07-08,1633,7270841,651,6347131,37,588344,1476,3349052,1979,421281,3505,3785531,0,0,5827,3954.71,17991940,14221607,0
2022-07-09,985,7271826,436,6347567,26,588370,883,3349935,1347,422628,2261,3787792,0,0,3708,4029,17995648,14223085,0
2022-07-10,637,7272463,187,6347754,17,588387,430,3350365,659,423287,1099,3788891,0,0,1940,4064.57,17997588,14223936,0
2022-07-11,1396,7273859,635,6348389,49,588436,1446,3351811,2215,425502,3696,3792587,0,0,5776,4871.14,18003364,14226051,0
2022-07-12,1404,7275263,688,6349077,45,588481,1405,3353216,2515,428017,3994,3796581,0,0,6131,4995,18009495,14228262,0
2022-07-13,1615,7276878,725,6349802,37,588518,1524,3354740,2842,430859,4431,3801012,0,0,6808,5158.71,18016303,14230704,0
2022-07-14,1586,7278464,843,6350645,47,588565,1607,3356347,3063,433922,4748,3805760,0,0,7225,5345,18023528,14233259,0
2022-07-15,1615,7280079,937,6351582,47,588612,1578,3357925,3059,436981,4698,3810458,0,0,7297,5555,18030825,14235919,0
2022-07-16,880,7280959,586,6352168,9,588621,987,3358912,1701,438682,2718,3813176,0,0,4193,5624.29,18035018,14237424,0
2022-07-17,550,7281509,288,6352456,16,588637,527,3359439,1167,439849,1720,3814896,0,0,2574,5714.86,18037592,14238304,0
2022-07-18,1401,7282910,844,6353300,45,588682,1431,3360870,2463,442312,3952,3818848,0,0,6242,5781.43,18043834,14240652,0
2022-07-19,1442,7284352,976,6354276,51,588733,1545,3362415,2804,445116,4441,3823289,0,0,6910,5892.71,18050744,14243213,0
2022-07-20,1379,7285731,1483,6355759,50,588783,1355,3363770,2396,447512,3813,3827102,0,0,6726,5881,18057470,14246188,0
2022-07-21,1333,7287064,1435,6357194,50,588833,1395,3365165,2364,449876,3808,3830910,0,0,6626,5795.43,18064096,14249055,0
2022-07-22,1428,7288492,1570,6358764,42,588875,1563,3366728,2856,452732,4502,3835412,0,0,7542,5830.43,18071638,14252178,0
2022-07-23,908,7289400,1102,6359866,17,588892,999,3367727,1553,454285,2589,3838001,0,0,4616,5890.86,18076254,14254242,0
2022-07-24,483,7289883,642,6360508,14,588906,504,3368231,805,455090,1317,3839318,0,0,2457,5874.14,18078711,14255390,0
2022-07-25,1230,7291113,763,6361271,59,588965,1265,3369496,2065,457155,3383,3842701,0,0,5435,5758.86,18084146,14257495,0
2022-07-26,1233,7292346,1020,6362291,41,589006,1478,3370974,2445,459600,3984,3846685,0,0,6278,5668.57,18090424,14259850,0
2022-07-27,1318,7293664,1277,6363568,42,589048,1392,3372366,2196,461796,3648,3850333,0,0,6286,5605.71,18096710,14262548,0
2022-07-28,1312,7294976,1423,6364991,72,589120,1425,3373791,2218,464014,3693,3854026,0,0,6500,5587.71,18103210,14265405,0
2022-07-29,1318,7296294,1432,6366423,64,589184,1360,3375151,2160,466174,3564,3857590,0,0,6378,5421.43,18109588,14268263,0
2022-07-30,739,7297033,719,6367142,25,589209,796,3375947,961,467135,1780,3859370,0,0,3266,5228.57,18112854,14269772,0
2022-07-31,422,7297455,590,6367732,14,589223,488,3376435,571,467706,1065,3860435,0,0,2091,5176.29,18114945,14270804,0
2022-08-01,1244,7298699,915,6368647,55,589278,1336,3377771,1511,469217,2892,3863327,0,0,5106,5129.29,18120051,14273063,0
2022-08-02,1229,7299928,1014,6369661,73,589351,1352,3379123,1602,470819,3000,3866327,0,0,5316,4991.86,18125367,14275425,0
2022-08-03,1262,7301190,1191,6370852,41,589392,1344,3380467,1531,472350,2916,3869243,0,0,5410,4866.71,18130777,14277960,0
2022-08-04,1190,7302380,1188,6372040,58,589450,1289,3381756,1460,473810,2780,3872023,0,0,5216,4683.29,18135993,14280427,0
2022-08-05,1314,7303694,1453,6373493,49,589499,1316,3383072,1441,475251,2781,3874804,0,0,5597,4571.71,18141590,14283267,0
2022-08-06,696,7304390,844,6374337,14,589513,765,3383837,778,476029,1568,3876372,0,0,3123,4551.29,18144713,14284847,0
2022-08-07,390,7304780,454,6374791,14,589527,428,3384265,358,476387,797,3877169,0,0,1655,4489,18146368,14285716,0
2022-08-08,1191,7305971,936,6375727,70,589597,1278,3385543,1188,477575,2496,3879665,0,0,4693,4430,18151061,14287943,0
2022-08-09,1132,7307103,891,6376618,38,589635,1232,3386775,1162,478737,2427,3882092,0,0,4488,4311.71,18155549,14290037,0
2022-08-10,1222,7308325,1115,6377733,59,589694,1260,3388035,1247,479984,2542,3884634,0,0,4938,4244.29,18160487,14292468,0
2022-08-11,1275,7309600,1072,6378805,84,589778,1212,3389247,1279,481263,2530,3887164,0,0,4961,4207.86,18165448,14294938,0
2022-08-12,1293,7310893,1412,6380217,55,589833,1268,3390515,1248,482511,2549,3889713,0,0,5309,4166.71,18170757,14297731,0
2022-08-13,754,7311647,791,6381008,15,589848,763,3391278,634,483145,1415,3891128,0,0,2975,4145.57,18173732,14299309,0
2022-08-14,466,7312113,477,6381485,20,589868,405,3391683,283,483428,691,3891819,0,0,1654,4145.43,18175386,14300275,0
2022-08-15,1243,7313356,1068,6382553,60,589928,1318,3393001,992,484420,2351,3894170,0,0,4722,4149.57,18180108,14302687,0
2022-08-16,1303,7314659,871,6383424,50,589978,1371,3394372,1079,485499,2482,3896652,0,0,4707,4180.86,18184815,14304944,0
2022-08-17,1211,7315870,961,6384385,39,590017,1235,3395607,1004,486503,2278,3898930,0,0,4489,4116.71,18189304,14307194,0
2022-08-18,1169,7317039,945,6385330,45,590062,1268,3396875,949,487452,2242,3901172,0,0,4401,4036.71,18193705,14309378,0
2022-08-19,1253,7318292,1136,6386466,34,590096,1121,3397996,979,488431,2131,3903303,0,0,4554,3928.86,18198259,14311832,0
2022-08-20,590,7318882,491,6386957,16,590112,636,3398632,517,488948,1166,3904469,0,0,2263,3827.14,18200522,14312942,0
2022-08-21,358,7319240,243,6387200,9,590121,383,3399015,267,489215,653,3905122,0,0,1263,3771.29,18201785,14313555,0
2022-08-22,1222,7320462,923,6388123,40,590161,1238,3400253,888,490103,2153,3907275,0,0,4338,3716.43,18206123,14315767,0
2022-08-23,1237,7321699,1050,6389173,48,590209,1385,3401638,962,491065,2375,3909650,0,0,4711,3717,18210834,14318131,0
2022-08-24,1265,7322964,1017,6390190,29,590238,1296,3402934,822,491887,2144,3911794,0,0,4456,3712.29,18215290,14320469,0
2022-08-25,1220,7324184,994,6391184,66,590304,1195,3404129,813,492700,2025,3913819,0,0,4305,3698.57,18219595,14322766,0
2022-08-26,1187,7325371,1178,6392362,56,590360,1193,3405322,781,493481,1996,3915815,0,0,4417,3679,18224012,14325209,0
2022-08-27,694,7326065,542,6392904,14,590374,685,3406007,404,493885,1102,3916917,0,0,2352,3691.71,18226364,14326472,0
2022-08-28,378,7326443,240,6393144,10,590384,442,3406449,228,494113,673,3917590,0,0,1301,3697.14,18227665,14327103,0
2022-08-29,1253,7327696,982,6394126,41,590425,1231,3407680,690,494803,1942,3919532,0,0,4219,3680.14,18231884,14329401,0
2022-08-30,1268,7328964,942,6395068,36,590461,1273,3408953,767,495570,2070,3921602,0,0,4316,3623.71,18236200,14331677,0
2022-08-31,1154,7330118,1014,6396082,42,590503,1109,3410062,574,496144,1703,3923305,0,0,3914,3546.29,18240114,14333908,0
2022-09-01,1027,7331145,963,6397045,51,590554,810,3410872,456,496600,1280,3924585,0,0,3322,3405.86,18243436,14335964,0
2022-09-02,977,7332122,1024,6398069,32,590586,594,3411466,176,496776,777,3925362,92,92,2887,3187.29,18246323,14337989,0
2022-09-03,531,7332653,450,6398519,12,590598,372,3411838,50,496826,426,3925788,314,406,1684,3091.86,18248007,14338937,0
2022-09-04,252,7332905,211,6398730,10,590608,189,3412027,26,496852,217,3926005,312,718,959,3043,18248966,14339369,0
2022-09-05,78,7332983,71,6398801,7,590615,44,3412071,16,496868,61,3926066,9,727,226,2472.57,18249192,14339526,0
2022-09-06,1128,7334111,1228,6400029,51,590666,639,3412710,130,496998,778,3926844,1269,1996,4236,2461.14,18253428,14341724,0
2022-09-07,1471,7335582,1380,6401409,38,590704,487,3413197,156,497154,663,3927507,6445,8441,9121,3205,18262549,14343757,0
2022-09-08,1524,7337106,1197,6402606,36,590740,254,3413451,110,497264,380,3927887,7828,16269,9845,4136.86,18272394,14345410,0
2022-09-09,1547,7338653,1609,6404215,49,590789,286,3413737,123,497387,440,3928327,9890,26159,12375,5492.29,18284769,14347486,0
2022-09-10,843,7339496,839,6405054,12,590801,271,3414008,45,497432,329,3928656,5319,31478,6761,6217.57,18291530,14348612,0
2022-09-11,494,7339990,438,6405492,11,590812,86,3414094,31,497463,126,3928782,3941,35419,4529,6727.57,18296059,14349083,0
2022-09-12,1668,7341658,1435,6406927,39,590851,206,3414300,92,497555,332,3929114,11659,47078,13541,8629.71,18309600,14350667,0
2022-09-13,1397,7343055,1271,6408198,33,590884,221,3414521,118,497673,388,3929502,9734,56812,11739,9701.57,18321339,14352333,0
2022-09-14,1405,7344460,1269,6409467,32,590916,224,3414745,126,497799,389,3929891,11030,67842,13079,10267,18334418,14354032,0
2022-09-15,1557,7346017,1279,6410746,23,590939,227,3414972,109,497908,371,3930262,12084,79926,14108,10876,18348526,14355720,0
2022-09-16,1685,7347702,1626,6412372,27,590966,270,3415242,157,498065,482,3930744,13801,93727,16264,11431.57,18364790,14357756,0
2022-09-17,800,7348502,865,6413237,12,590978,275,3415517,78,498143,376,3931120,7002,100729,8411,11667.29,18373201,14358812,0
2022-09-18,518,7349020,410,6413647,7,590985,74,3415591,26,498169,113,3931233,4485,105214,4977,11731.29,18378178,14359204,0
2022-09-19,1550,7350570,1318,6414965,29,591014,229,3415820,98,498267,353,3931586,13812,119026,15516,12013.43,18393694,14360581,0
2022-09-20,1437,7352007,1251,6416216,27,591041,222,3416042,92,498359,360,3931946,13212,132238,15015,12481.43,18408709,14362070,0
2022-09-21,1666,7353673,1351,6417567,31,591072,261,3416303,131,498490,425,3932371,14941,147179,16849,13020,18425558,14363586,0
2022-09-22,1467,7355140,1260,6418827,28,591100,174,3416477,138,498628,357,3932728,13229,160408,15048,13154.29,18440606,14365093,0
2022-09-23,1730,7356870,1648,6420475,24,591124,252,3416729,145,498773,460,3933188,16949,177357,19250,13580.86,18459856,14366997,0
2022-09-24,801,7357671,888,6421363,8,591132,272,3417001,68,498841,359,3933547,7510,184867,8860,13645,18468716,14368007,0
2022-09-25,484,7358155,391,6421754,1,591133,72,3417073,47,498888,128,3933675,4508,189375,4995,13647.57,18473711,14368375,0
2022-09-26,1565,7359720,1244,6422998,16,591149,291,3417364,144,499032,493,3934168,15012,204387,16711,13818.29,18490422,14369639,0
2022-09-27,1528,7361248,1309,6424307,26,591175,283,3417647,172,499204,491,3934659,14157,218544,16149,13980.29,18506571,14371176,0
2022-09-28,1618,7362866,1292,6425599,18,591193,190,3417837,186,499390,430,3935089,15509,234053,17286,14042.71,18523857,14372577,0
2022-09-29,1669,7364535,1302,6426901,19,591212,178,3418015,96,499486,311,3935400,15375,249428,17225,14353.71,18541082,14374153,0
2022-09-30,1632,7366167,1547,6428448,13,591225,182,3418197,177,499663,405,3935805,16485,265913,18653,14268.43,18559735,14375962,0
2022-10-01,718,7366885,669,6429117,5,591230,138,3418335,34,499697,181,3935986,7053,272966,7942,14137.29,18567677,14376679,0
2022-10-02,511,7367396,427,6429544,5,591235,49,3418384,45,499742,108,3936094,4428,277394,4839,14115,18572516,14376996,0
2022-10-03,1550,7368946,1187,6430731,23,591258,156,3418540,113,499855,316,3936410,14571,291965,15975,14009.86,18588491,14378131,0
2022-10-04,1378,7370324,1153,6431884,15,591273,150,3418690,121,499976,299,3936709,13403,305368,14798,13816.86,18603289,14379255,0
2022-10-05,1587,7371911,1284,6433168,17,591290,284,3418974,163,500139,501,3937210,14866,320234,16691,13731.86,18619980,14380633,0
2022-10-06,1484,7373395,1246,6434414,19,591309,166,3419140,159,500298,384,3937594,14954,335188,16616,13644.86,18636596,14381970,0
2022-10-07,1655,7375050,1427,6435841,15,591324,171,3419311,136,500434,368,3937962,17111,352299,19074,13705,18655670,14383626,0
2022-10-08,760,7375810,680,6436521,4,591328,146,3419457,62,500496,225,3938187,7714,360013,8643,13805.14,18664313,14384347,0
2022-10-09,485,7376295,408,6436929,5,591333,47,3419504,55,500551,120,3938307,4694,364707,5119,13845.14,18669432,14384670,0
2022-10-10,1543,7377838,1253,6438182,14,591347,174,3419678,120,500671,333,3938640,15203,379910,16507,13921.14,18685939,14385680,0
2022-10-11,1632,7379470,1102,6439284,19,591366,181,3419859,153,500824,390,3939030,14321,394231,15855,14072.14,18701794,14386880,0
2022-10-12,1862,7381332,1326,6440610,17,591383,135,3419994,186,501010,387,3939417,16281,410512,17889,14243.29,18719683,14388167,0
2022-10-13,1612,7382944,1149,6441759,28,591411,136,3420130,201,501211,408,3939825,14035,424547,15573,14094.29,18735256,14389368,0
2022-10-14,1811,7384755,1538,6443297,25,591436,130,3420260,181,501392,364,3940189,17208,441755,19192,14111.14,18754448,14391041,0
2022-10-15,762,7385517,639,6443936,9,591445,93,3420353,68,501460,182,3940371,7617,449372,8477,14087.43,18762925,14391740,0
2022-10-16,562,7386079,411,6444347,3,591448,26,3420379,65,501525,122,3940493,4727,454099,5170,14094.71,18768095,14392092,0
2022-10-17,1814,7387893,1252,6445599,18,591466,83,3420462,116,501641,236,3940729,16074,470173,17396,14221.71,18785491,14393215,0
2022-10-18,1681,7389574,1172,6446771,20,591486,100,3420562,135,501776,282,3941011,14639,484812,16011,14244,18801502,14394352,0
2022-10-19,2084,7391658,1330,6448101,21,591507,84,3420646,142,501918,289,3941300,16232,501044,17705,14217.71,18819207,14395599,0
2022-10-20,1682,7393340,1166,6449267,11,591518,89,3420735,147,502065,303,3941603,15404,516448,16853,14400.57,18836060,14396812,0
2022-10-21,1800,7395140,1344,6450611,12,591530,92,3420827,150,502215,297,3941900,16736,533184,18408,14288.57,18854468,14398242,0
2022-10-22,739,7395879,665,6451276,9,591539,44,3420871,46,502261,100,3942000,7690,540874,8419,14280.29,18862887,14398881,0
2022-10-23,519,7396398,370,6451646,3,591542,21,3420892,39,502300,69,3942069,4804,545678,5081,14267.57,18867968,14399098,0
2022-10-24,1738,7398136,1208,6452854,19,591561,70,3420962,111,502411,223,3942292,15558,561236,16843,14188.57,18884811,14400202,0
2022-10-25,1657,7399793,1185,6454039,12,591573,95,3421057,109,502520,233,3942525,15039,576275,16343,14236,18901154,14401302,0
2022-10-26,1851,7401644,1332,6455371,11,591584,90,3421147,168,502688,334,3942859,16818,593093,18290,14319.57,18919444,14402516,0
2022-10-27,1578,7403222,1075,6456446,13,591597,91,3421238,128,502816,272,3943131,15116,608209,16416,14257.14,18935860,14403597,0
2022-10-28,1697,7404919,1426,6457872,17,591614,108,3421346,153,502969,320,3943451,16762,624971,18578,14281.43,18954438,14405152,0
2022-10-29,693,7405612,544,6458416,9,591623,69,3421415,58,503027,141,3943592,7748,632719,8418,14281.29,18962856,14405695,0
2022-10-30,518,7406130,306,6458722,3,591626,19,3421434,57,503084,92,3943684,4491,637210,4779,14238.14,18967635,14405907,0
2022-10-31,1673,7407803,1108,6459830,8,591634,48,3421482,126,503210,217,3943901,14594,651804,15540,14052,18983175,14406679,0
2022-11-01,1664,7409467,1022,6460852,18,591652,78,3421560,128,503338,238,3944139,13621,665425,14940,13851.57,18998115,14407792,0
2022-11-02,1731,7411198,1117,6461969,17,591669,90,3421650,123,503461,255,3944394,14874,680299,16146,13545.29,19014261,14408851,0
2022-11-03,1417,7412615,1034,6463003,14,591683,84,3421734,167,503628,328,3944722,12622,692921,13903,13186.29,19028164,14409881,0
2022-11-04,1734,7414349,1215,6464218,14,591697,102,3421836,139,503767,276,3944998,15432,708353,17030,12965.14,19045194,14411238,0
2022-11-05,825,7415174,529,6464747,6,591703,66,3421902,82,503849,162,3945160,7046,715399,7759,12871,19052953,14411803,0
2022-11-06,406,7415580,329,6465076,4,591707,20,3421922,50,503899,107,3945267,4072,719471,4412,12818.57,19057365,14412073,0
2022-11-07,1638,7417218,1064,6466140,14,591721,75,3421997,101,504000,213,3945480,13222,732693,14384,12653.43,19071749,14413059,0
2022-11-08,1528,7418746,1007,6467147,8,591729,97,3422094,132,504132,270,3945750,12069,744762,13334,12424,19085083,14414095,0
2022-11-09,1564,7420310,1058,6468205,9,591738,86,3422180,114,504246,247,3945997,12190,756952,13455,12039.57,19098538,14415160,0
2022-11-10,1483,7421793,1013,6469218,14,591752,73,3422253,147,504393,276,3946273,12354,769306,13630,12000.57,19112168,14416216,0
2022-11-11,1499,7423292,1071,6470289,11,591763,101,3422354,102,504495,224,3946497,12878,782184,14304,11611.14,19126472,14417439,0
2022-11-12,669,7423961,511,6470800,2,591765,57,3422411,61,504556,128,3946625,6430,788614,7049,11509.71,19133521,14417940,0
2022-11-13,495,7424456,339,6471139,4,591769,15,3422426,68,504624,98,3946723,3893,792507,4210,11480.86,19137731,14418174,0
2022-11-14,1440,7425896,1025,6472164,19,591788,59,3422485,113,504737,203,3946926,11631,804138,12748,11247.14,19150479,14419119,0
2022-11-15,1492,7427388,1000,6473164,15,591803,103,3422588,165,504902,294,3947220,11276,815414,12658,11150.57,19163137,14420233,0
2022-11-16,1595,7428983,1032,6474196,21,591824,66,3422654,146,505048,248,3947468,11561,826975,12809,11058.29,19175946,14421269,0
2022-11-17,1420,7430403,976,6475172,10,591834,72,3422726,190,505238,303,3947771,10539,837514,11869,10806.71,19187815,14422337,0
2022-11-18,1580,7431983,1102,6476274,12,591846,68,3422794,118,505356,216,3947987,12400,849914,13992,10762.14,19201807,14423743,0
2022-11-19,676,7432659,437,6476711,4,591850,57,3422851,63,505419,129,3948116,5912,855826,6569,10693.57,19208376,14424280,0
2022-11-20,475,7433134,303,6477014,4,591854,12,3422863,35,505454,64,3948180,3539,859365,3839,10640.57,19212215,14424533,0
2022-11-21,1516,7434650,920,6477934,4,591858,51,3422914,81,505535,149,3948329,10391,869756,11369,10443.57,19223584,14425379,0
2022-11-22,1270,7435920,816,6478750,7,591865,53,3422967,92,505627,163,3948492,9266,879022,10294,10105.86,19233878,14426262,0
2022-11-23,1286,7437206,733,6479483,11,591876,64,3423031,80,505707,170,3948662,8673,887695,9612,9649.14,19243490,14427057,0
2022-11-24,18,7437224,10,6479493,2,591878,0,3423031,6,505713,8,3948670,112,887807,137,7973.14,19243627,14427076,0
2022-11-25,680,7437904,475,6479968,14,591892,37,3423068,55,505768,111,3948781,5683,893490,6422,6891.71,19250049,14427723,0
2022-11-26,590,7438494,378,6480346,2,591894,15,3423083,43,505811,62,3948843,4897,898387,5332,6715,19255381,14428100,0
2022-11-27,395,7438889,219,6480565,1,591895,11,3423094,23,505834,49,3948892,3175,901562,3357,6646.14,19258738,14428248,0
2022-11-28,947,7439836,698,6481263,10,591905,59,3423153,65,505899,145,3949037,6950,908512,7918,6153.14,19266656,14429092,0
2022-11-29,924,7440760,709,6481972,8,591913,46,3423199,72,505971,143,3949180,6928,915440,7965,5820.43,19274621,14430011,0
2022-11-30,1206,7441966,867,6482839,16,591929,51,3423250,54,506025,124,3949304,8726,924166,9735,5838,19284356,14430915,0
2022-12-01,1127,7443093,770,6483609,13,591942,61,3423311,96,506121,183,3949487,8469,932635,9542,7181.57,19293898,14431831,0
2022-12-02,1314,7444407,971,6484580,14,591956,70,3423381,104,506225,195,3949682,10218,942853,11545,7913.43,19305443,14432984,0
2022-12-03,613,7445020,424,6485004,12,591968,42,3423423,42,506267,87,3949769,4952,947805,5479,7934.43,19310922,14433427,0
2022-12-04,417,7445437,284,6485288,4,591972,7,3423430,26,506293,40,3949809,3268,951073,3495,7954.14,19314417,14433621,0
2022-12-05,1159,7446596,765,6486053,15,591987,62,3423492,71,506364,149,3949958,8599,959672,9609,8195.71,19324026,14434498,0
2022-12-06,1162,7447758,766,6486819,13,592000,69,3423561,89,506453,176,3950134,8130,967802,9129,8362,19333155,14435339,0
2022-12-07,1206,7448964,752,6487571,12,592012,62,3423623,81,506534,163,3950297,8297,976099,9315,8302,19342470,14436214,0
2022-12-08,1101,7450065,741,6488312,14,592026,69,3423692,77,506611,166,3950463,8674,984773,9705,8325.29,19352175,14437099,0
2022-12-09,1227,7451292,972,6489284,13,592039,81,3423773,103,506714,210,3950673,10408,995181,11774,8358,19363949,14438281,0
2022-12-10,678,7451970,460,6489744,7,592046,36,3423809,74,506788,128,3950801,6145,1001326,6714,8534.43,19370663,14438740,0
2022-12-11,430,7452400,263,6490007,4,592050,11,3423820,35,506823,56,3950857,3686,1005012,3888,8590.57,19374551,14438896,0
2022-12-12,1332,7453732,802,6490809,19,592069,78,3423898,105,506928,209,3951066,9969,1014981,11016,8791.57,19385567,14439760,0
2022-12-13,1271,7455003,843,6491652,17,592086,54,3423952,101,507029,190,3951256,9695,1024676,10753,9023.57,19396320,14440663,0
2022-12-14,1194,7456197,832,6492484,12,592098,67,3424019,99,507128,193,3951449,9637,1034313,10619,9209.86,19406939,14441479,0
2022-12-15,1192,7457389,694,6493178,11,592109,60,3424079,109,507237,184,3951633,8443,1042756,9413,9168.14,19416352,14442280,0
2022-12-16,1202,7458591,804,6493982,12,592121,69,3424148,126,507363,217,3951850,9358,1052114,10533,8990.86,19426885,14443260,0
2022-12-17,651,7459242,464,6494446,8,592129,31,3424179,36,507399,80,3951930,5830,1057944,6304,8932.29,19433189,14443667,0
2022-12-18,439,7459681,231,6494677,2,592131,15,3424194,23,507422,48,3951978,3401,1061345,3608,8892.29,19436797,14443836,0
2022-12-19,1222,7460903,775,6495452,8,592139,56,3424250,83,507505,154,3952132,8908,1070253,9843,8724.71,19446640,14444632,0
2022-12-20,1207,7462110,761,6496213,18,592157,83,3424333,138,507643,277,3952409,8583,1078836,9716,8576.57,19456356,14445544,0
2022-12-21,1090,7463200,694,6496907,16,592173,54,3424387,95,507738,180,3952589,8282,1087118,9158,8367.86,19465514,14446271,0
2022-12-22,987,7464187,589,6497496,4,592177,44,3424431,73,507811,134,3952723,6940,1094058,7674,8119.43,19473188,14446888,0
2022-12-23,831,7465018,503,6497999,11,592188,41,3424472,58,507869,112,3952835,5915,1099973,6521,7546.29,19479709,14447395,0
2022-12-24,190,7465208,113,6498112,1,592189,2,3424474,15,507884,20,3952855,1377,1101350,1496,6859.43,19481205,14447497,0
2022-12-25,8,7465216,3,6498115,0,592189,2,3424476,0,507884,2,3952857,29,1101379,37,6349.29,19481242,14447503,0
2022-12-26,573,7465789,269,6498384,16,592205,19,3424495,22,507906,44,3952901,3306,1104685,3618,5460,19484860,14447774,0
2022-12-27,1084,7466873,607,6498991,13,592218,56,3424551,60,507966,125,3953026,7236,1111921,8036,5220,19492896,14448458,0
2022-12-28,1062,7467935,561,6499552,8,592226,58,3424609,64,508030,132,3953158,6989,1118910,7785,5023.86,19500681,14449132,0
2022-12-29,1008,7468943,587,6500139,9,592235,50,3424659,90,508120,163,3953321,6592,1125502,7425,4988.29,19508106,14449825,0
2022-12-30,950,7469893,539,6500678,9,592244,49,3424708,50,508170,109,3953430,6133,1131635,6860,5036.71,19514966,14450453,0
2022-12-31,307,7470200,168,6500846,4,592248,17,3424725,10,508180,30,3953460,1813,1133448,1991,5107.43,19516957,14450604,0
2023-01-01,22,7470222,9,6500855,0,592248,3,3424728,5,508185,8,3953468,59,1133507,89,5114.86,19517046,14450626,0
2023-01-02,654,7470876,329,6501184,10,592258,14,3424742,24,508209,44,3953512,3655,1137162,4003,5169.86,19521049,14450936,0
2023-01-03,968,7471844,594,6501778,9,592267,42,3424784,58,508267,112,3953624,5481,1142643,6272,4917.86,19527321,14451627,0
2023-01-04,1109,7472953,677,6502455,17,592284,52,3424836,63,508330,133,3953757,6180,1148823,7063,4814.71,19534384,14452395,0
2023-01-05,1009,7473962,590,6503045,23,592307,36,3424872,89,508419,144,3953901,5768,1154591,6701,4711.29,19541085,14453203,0
2023-01-06,1053,7475015,779,6503824,17,592324,49,3424921,81,508500,141,3954042,6500,1161091,7552,4810.14,19548637,14454125,0
2023-01-07,601,7475616,429,6504253,8,592332,23,3424944,34,508534,63,3954105,4454,1165545,4914,5227.71,19553551,14454528,0
2023-01-08,376,7475992,246,6504499,4,592336,12,3424956,29,508563,45,3954150,2561,1168106,2771,5610.86,19556322,14454697,0
2023-01-09,955,7476947,582,6505081,17,592353,52,3425008,41,508604,102,3954252,5608,1173714,6453,5960.86,19562775,14455449,0
2023-01-10,860,7477807,645,6505726,8,592361,49,3425057,85,508689,151,3954403,5341,1179055,6252,5958,19569027,14456226,0
2023-01-11,879,7478686,550,6506276,21,592382,46,3425103,69,508758,138,3954541,5166,1184221,5980,5803.29,19575007,14456925,0
2023-01-12,778,7479464,493,6506769,24,592406,55,3425158,121,508879,199,3954740,4535,1188756,5481,5629,19580488,14457695,0
2023-01-13,801,7480265,557,6507326,11,592417,69,3425227,58,508937,143,3954883,5377,1194133,6267,5445.43,19586755,14458458,0
2023-01-14,510,7480775,280,6507606,10,592427,27,3425254,31,508968,60,3954943,3230,1197363,3635,5262.71,19590390,14458805,0
2023-01-15,286,7481061,152,6507758,6,592433,16,3425270,23,508991,54,3954997,1793,1199156,1999,5152.43,19592389,14458972,0
2023-01-16,500,7481561,308,6508066,11,592444,32,3425302,27,509018,64,3955061,2778,1201934,3215,4689.86,19595604,14459350,0
2023-01-17,804,7482365,476,6508542,19,592463,49,3425351,73,509091,135,3955196,3834,1205768,4702,4468.43,19600306,14460096,0
2023-01-18,802,7483167,478,6509020,16,592479,48,3425399,60,509151,116,3955312,3734,1209502,4542,4263,19604848,14460796,0
2023-01-19,658,7483825,430,6509450,6,592485,50,3425449,34,509185,103,3955415,3170,1212672,3917,4039.57,19608765,14461459,0
2023-01-20,708,7484533,489,6509939,23,592508,40,3425489,39,509224,86,3955501,3746,1216418,4533,3791.86,19613298,14462167,0
2023-01-21,370,7484903,197,6510136,12,592520,20,3425509,12,509236,33,3955534,1894,1218312,2206,3587.71,19615504,14462447,0
2023-01-22,226,7485129,62,6510198,5,592525,0,3425509,2,509238,3,3955537,864,1219176,970,3440.71,19616474,14462551,0
2023-01-23,642,7485771,329,6510527,12,592537,14,3425523,45,509283,66,3955603,2707,1221883,3370,3462.86,19619844,14463155,0
2023-01-24,576,7486347,393,6510920,17,592554,38,3425561,34,509317,85,3955688,3058,1224941,3710,3321.14,19623554,14463735,0
2023-01-25,601,7486948,365,6511285,21,592575,32,3425593,41,509358,85,3955773,2706,1227647,3384,3155.71,19626938,14464340,0
2023-01-26,557,7487505,353,6511638,18,592593,35,3425628,51,509409,102,3955875,2696,1230343,3359,3076,19630297,14464917,0
2023-01-27,566,7488071,437,6512075,11,592604,35,3425663,49,509458,91,3955966,2823,1233166,3561,2937.14,19633858,14465571,0
2023-01-28,360,7488431,187,6512262,5,592609,24,3425687,39,509497,70,3956036,1589,1234755,1928,2897.43,19635786,14465847,0
2023-01-29,237,7488668,117,6512379,3,592612,13,3425700,10,509507,27,3956063,991,1235746,1144,2922.29,19636930,14465977,0
2023-01-30,600,7489268,401,6512780,18,592630,40,3425740,36,509543,79,3956142,2504,1238250,3227,2901.86,19640157,14466624,0
2023-01-31,512,7489780,356,6513136,12,592642,31,3425771,49,509592,92,3956234,2439,1240689,3070,2810.43,19643227,14467175,0
2023-02-01,485,7490265,341,6513477,16,592658,40,3425811,44,509636,92,3956326,2327,1243016,2975,2752,19646202,14467739,0
2023-02-02,461,7490726,351,6513828,13,592671,34,3425845,35,509671,77,3956403,2157,1245173,2780,2669.29,19648982,14468293,0
2023-02-03,543,7491269,394,6514222,14,592685,27,3425872,35,509706,69,3956472,2364,1247537,3069,2599,19652051,14468936,0
2023-02-04,243,7491512,158,6514380,12,592697,14,3425886,16,509722,31,3956503,1141,1248678,1404,2524.14,19653455,14469169,0
2023-02-05,201,7491713,97,6514477,0,592697,3,3425889,16,509738,21,3956524,855,1249533,975,2500,19654430,14469270,0
2023-02-06,597,7492310,317,6514794,9,592706,29,3425918,27,509765,65,3956589,2253,1251786,2833,2443.71,19657263,14469794,0
2023-02-07,481,7492791,362,6515156,5,592711,28,3425946,35,509800,71,3956660,2337,1254123,2938,2424.86,19660201,14470332,0
2023-02-08,455,7493246,323,6515479,4,592715,27,3425973,36,509836,69,3956729,2317,1256440,2883,2411.71,19663084,14470835,0
2023-02-09,475,7493721,350,6515829,3,592718,38,3426011,46,509882,98,3956827,2058,1258498,2713,2402.14,19665797,14471406,0
2023-02-10,495,7494216,391,6516220,2,592720,30,3426041,33,509915,87,3956914,2278,1260776,2969,2387.86,19668766,14472034,0
2023-02-11,294,7494510,198,6516418,7,592727,22,3426063,25,509940,48,3956962,1346,1262122,1665,2425.14,19670431,14472306,0
2023-02-12,184,7494694,81,6516499,0,592727,6,3426069,0,509940,10,3956972,707,1262829,820,2403,19671251,14472413,0
2023-02-13,444,7495138,293,6516792,4,592731,21,3426090,26,509966,51,3957023,1758,1264587,2322,2330,19673573,14472930,0
2023-02-14,401,7495539,274,6517066,6,592737,30,3426120,22,509988,57,3957080,1696,1266283,2229,2228.71,19675802,14473411,0
2023-02-15,405,7495944,290,6517356,10,592747,24,3426144,29,510017,66,3957146,1746,1268029,2266,2140.57,19678068,14473878,0
2023-02-16,360,7496304,243,6517599,6,592753,26,3426170,19,510036,50,3957196,1629,1269658,2106,2053.86,19680174,14474310,0
2023-02-17,398,7496702,312,6517911,6,592759,24,3426194,32,510068,63,3957259,1696,1271354,2267,1953.57,19682441,14474825,0
2023-02-18,198,7496900,119,6518030,5,592764,13,3426207,4,510072,18,3957277,1005,1272359,1192,1886,19683633,14474995,0
2023-02-19,120,7497020,55,6518085,2,592766,6,3426213,6,510078,14,3957291,540,1272899,611,1856.14,19684244,14475054,0
2023-02-20,315,7497335,160,6518245,3,592769,10,3426223,17,510095,28,3957319,1160,1274059,1426,1728.14,19685670,14475293,0
2023-02-21,379,7497714,286,6518531,5,592774,25,3426248,34,510129,64,3957383,1535,1275594,2074,1706,19687744,14475773,0
2023-02-22,406,7498120,278,6518809,8,592782,39,3426287,26,510155,69,3957452,1640,1277234,2181,1693.86,19689925,14476249,0
2023-02-23,388,7498508,252,6519061,10,592792,26,3426313,31,510186,71,3957523,1480,1278714,2025,1682.29,19691950,14476737,0
2023-02-24,365,7498873,325,6519386,4,592796,30,3426343,26,510212,63,3957586,1738,1280452,2298,1686.71,19694248,14477241,0
2023-02-25,163,7499036,122,6519508,2,592798,11,3426354,13,510225,26,3957612,778,1281230,974,1655.57,19695222,14477413,0
2023-02-26,92,7499128,49,6519557,0,592798,8,3426362,5,510230,17,3957629,472,1281702,539,1645.29,19695761,14477467,0
2023-02-27,376,7499504,301,6519858,4,592802,32,3426394,20,510250,55,3957684,1497,1283199,2018,1729.86,19697779,14477936,0
2023-02-28,356,7499860,240,6520098,8,592810,30,3426424,27,510277,62,3957746,1335,1284534,1818,1693.29,19699597,14478362,0
2023-03-01,386,7500246,292,6520390,7,592817,26,3426450,20,510297,52,3957798,1445,1285979,1985,1665.29,19701582,14478856,0
2023-03-02,376,7500622,295,6520685,11,592828,20,3426470,23,510320,50,3957848,1332,1287311,1879,1644.43,19703461,14479360,0
2023-03-03,404,7501026,318,6521003,10,592838,26,3426496,25,510345,58,3957906,1601,1288912,2196,1629.86,19705657,14479904,0
2023-03-04,199,7501225,123,6521126,4,592842,10,3426506,16,510361,28,3957934,799,1289711,1033,1638.29,19706690,14480112,0
2023-03-05,124,7501349,60,6521186,2,592844,4,3426510,6,510367,14,3957948,464,1290175,558,1641,19707248,14480196,0
2023-03-06,408,7501757,263,6521449,12,592856,22,3426532,16,510383,41,3957989,1385,1291560,1894,1623.29,19709142,14480667,0
2023-03-07,361,7502118,246,6521695,6,592862,22,3426554,30,510413,61,3958050,1306,1292866,1773,1616.86,19710915,14481082,0
2023-03-08,370,7502488,243,6521938,3,592865,35,3426589,30,510443,69,3958119,1355,1294221,1851,1597.71,19712766,14481513,0
2023-03-09,361,7502849,245,6522183,4,592869,16,3426605,24,510467,46,3958165,1266,1295487,1754,1579.86,19714520,14481961,0
2023-03-10,303,7503152,283,6522466,3,592872,10,3426615,20,510487,38,3958203,1397,1296884,1853,1530.86,19716373,14482387,0
2023-03-11,187,7503339,88,6522554,3,592875,18,3426633,4,510491,23,3958226,687,1297571,872,1507.86,19717245,14482550,0
2023-03-12,109,7503448,47,6522601,1,592876,4,3426637,7,510498,17,3958243,435,1298006,517,1502,19717762,14482621,0
2023-03-13,333,7503781,201,6522802,7,592883,11,3426648,13,510511,25,3958268,1130,1299136,1525,1449.29,19719287,14482992,0
2023-03-14,286,7504067,184,6522986,5,592888,15,3426663,11,510522,32,3958300,1065,1300201,1419,1398.71,19720706,14483320,0
2023-03-15,331,7504398,271,6523257,3,592891,9,3426672,13,510535,23,3958323,1231,1301432,1683,1374.71,19722389,14483750,0
2023-03-16,302,7504700,246,6523503,9,592900,14,3426686,15,510550,35,3958358,1167,1302599,1595,1352,19723984,14484149,0
2023-03-17,327,7505027,266,6523769,5,592905,20,3426706,8,510558,29,3958387,1278,1303877,1710,1331.57,19725694,14484553,0
2023-03-18,159,7505186,100,6523869,2,592907,8,3426714,5,510563,14,3958401,672,1304549,841,1327.14,19726535,14484709,0
2023-03-19,114,7505300,56,6523925,1,592908,3,3426717,3,510566,9,3958410,366,1304915,451,1317.71,19726986,14484788,0
2023-03-20,344,7505644,214,6524139,7,592915,29,3426746,15,510581,45,3958455,1219,1306134,1618,1331,19728604,14485143,0
2023-03-21,343,7505987,190,6524329,7,592922,23,3426769,18,510599,43,3958498,1127,1307261,1535,1347.57,19730139,14485510,0
2023-03-22,315,7506302,227,6524556,6,592928,12,3426781,11,510610,25,3958523,1131,1308392,1530,1325.71,19731669,14485886,0
2023-03-23,272,7506574,203,6524759,1,592929,21,3426802,12,510622,37,3958560,1017,1309409,1413,1299.71,19733082,14486249,0
2023-03-24,312,7506886,255,6525014,8,592937,20,3426822,19,510641,42,3958602,1129,1310538,1594,1283.14,19734676,14486675,0
2023-03-25,131,7507017,117,6525131,1,592938,9,3426831,9,510650,18,3958620,592,1311130,741,1268.86,19735417,14486806,0
2023-03-26,92,7507109,44,6525175,2,592940,4,3426835,4,510654,9,3958629,390,1311520,452,1269,19735869,14486860,0
2023-03-27,283,7507392,233,6525408,3,592943,14,3426849,11,510665,26,3958655,1012,1312532,1408,1239,19737277,14487231,0
2023-03-28,283,7507675,182,6525590,10,592953,20,3426869,9,510674,32,3958687,1018,1313550,1373,1215.86,19738650,14487557,0
2023-03-29,298,7507973,187,6525777,5,592958,13,3426882,9,510683,22,3958709,1076,1314626,1435,1202.29,19740085,14487894,0
2023-03-30,259,7508232,185,6525962,2,592960,17,3426899,10,510693,31,3958740,980,1315606,1327,1190,19741412,14488214,0
2023-03-31,298,7508530,259,6526221,7,592967,23,3426922,20,510713,44,3958784,1030,1316636,1494,1175.71,19742906,14488635,0
2023-04-01,122,7508652,66,6526287,3,592970,8,3426930,5,510718,15,3958799,528,1317164,659,1164,19743565,14488753,0
2023-04-02,92,7508744,35,6526322,0,592970,5,3426935,3,510721,10,3958809,273,1317437,340,1148,19743905,14488812,0
2023-04-03,277,7509021,158,6526480,8,592978,19,3426954,15,510736,40,3958849,897,1318334,1217,1120.71,19745122,14489098,0
2023-04-04,284,7509305,192,6526672,3,592981,13,3426967,10,510746,26,3958875,870,1319204,1223,1099.29,19746345,14489428,0
2023-04-05,269,7509574,156,6526828,8,592989,17,3426984,7,510753,27,3958902,989,1320193,1284,1077.71,19747629,14489699,0
2023-04-06,344,7509918,161,6526989,9,592998,17,3427001,5,510758,22,3958924,988,1321181,1324,1077.29,19748953,14490013,0
2023-04-07,246,7510164,146,6527135,5,593003,12,3427013,9,510767,21,3958945,752,1321933,1049,1013.71,19750002,14490289,0
2023-04-08,172,7510336,105,6527240,1,593004,5,3427018,10,510777,16,3958961,554,1322487,696,1019,19750698,14490416,0
2023-04-09,68,7510404,23,6527263,0,593004,0,3427018,4,510781,4,3958965,204,1322691,246,1005.57,19750944,14490454,0
2023-04-10,284,7510688,180,6527443,6,593010,19,3427037,9,510790,28,3958993,890,1323581,1217,1005.57,19752161,14490753,0
2023-04-11,272,7510960,154,6527597,5,593015,15,3427052,9,510799,28,3959021,913,1324494,1219,1005,19753380,14491035,0
2023-04-12,288,7511248,165,6527762,5,593020,15,3427067,8,510807,25,3959046,825,1325319,1177,989.71,19754557,14491364,0
2023-04-13,249,7511497,141,6527903,8,593028,13,3427080,7,510814,21,3959067,851,1326170,1156,965.71,19755713,14491649,0
2023-04-14,244,7511741,198,6528101,2,593030,6,3427086,10,510824,18,3959085,853,1327023,1181,984.57,19756894,14491961,0
2023-04-15,121,7511862,95,6528196,6,593036,3,3427089,7,510831,11,3959096,408,1327431,556,964.57,19757450,14492099,0
2023-04-16,76,7511938,31,6528227,0,593036,0,3427089,1,510832,1,3959097,266,1327697,307,973.29,19757757,14492139,0
2023-04-17,231,7512169,141,6528368,3,593039,7,3427096,3,510835,11,3959108,713,1328410,995,941.57,19758752,14492411,0
2023-04-18,221,7512390,127,6528495,6,593045,9,3427105,10,510845,22,3959130,756,1329166,988,908.57,19759740,14492624,0
2023-04-19,198,7512588,114,6528609,5,593050,7,3427112,9,510854,16,3959146,923,1330089,1082,895,19760822,14492767,0
2023-04-20,231,7512819,141,6528750,2,593052,14,3427126,19,510873,38,3959184,1277,1331366,1445,936.29,19762267,14492902,0
2023-04-21,232,7513051,135,6528885,6,593058,14,3427140,9,510882,29,3959213,1757,1333123,1883,1036.57,19764150,14493005,0
2023-04-22,109,7513160,58,6528943,3,593061,8,3427148,4,510886,13,3959226,948,1334071,1012,1101.71,19765162,14493057,0
2023-04-23,73,7513233,46,6528989,1,593062,1,3427149,2,510888,4,3959230,601,1334672,628,1147.57,19765790,14493081,0
2023-04-24,238,7513471,147,6529136,2,593064,11,3427160,7,510895,22,3959252,1793,1336465,1902,1277.14,19767692,14493172,0
2023-04-25,248,7513719,140,6529276,6,593070,12,3427172,11,510906,27,3959279,1790,1338255,1893,1406.43,19769585,14493252,0
2023-04-26,223,7513942,130,6529406,5,593075,7,3427179,5,510911,21,3959300,1653,1339908,1731,1499.14,19771316,14493318,0
2023-04-27,280,7514222,162,6529568,1,593076,11,3427190,17,510928,45,3959345,1814,1341722,1917,1566.57,19773233,14493393,0
2023-04-28,252,7514474,174,6529742,2,593078,11,3427201,17,510945,36,3959381,2030,1343752,2119,1600.29,19775352,14493454,0
2023-04-29,142,7514616,63,6529805,2,593080,5,3427206,6,510951,12,3959393,910,1344662,967,1593.86,19776319,14493500,0
2023-04-30,97,7514713,27,6529832,1,593081,6,3427212,3,510954,10,3959403,546,1345208,567,1585.14,19776886,14493512,0
2023-05-01,311,7515024,153,6529985,2,593083,12,3427224,9,510963,23,3959426,1928,1347136,2020,1602,19778906,14493583,0
2023-05-02,251,7515275,137,6530122,3,593086,11,3427235,6,510969,21,3959447,1784,1348920,1839,1594.29,19780745,14493621,0
2023-05-03,259,7515534,144,6530266,1,593087,14,3427249,10,510979,26,3959473,1743,1350663,1820,1607,19782565,14493674,0
2023-05-04,239,7515773,156,6530422,0,593087,13,3427262,8,510987,28,3959501,1978,1352641,2051,1626.14,19784616,14493726,0
2023-05-05,303,7516076,158,6530580,1,593088,6,3427268,11,510998,19,3959520,2122,1354763,2176,1634.29,19786792,14493763,0
2023-05-06,133,7516209,75,6530655,0,593088,13,3427281,8,511006,24,3959544,972,1355735,1035,1644,19787827,14493805,0
2023-05-07,78,7516287,34,6530689,0,593088,0,3427281,6,511012,7,3959551,626,1356361,642,1654.71,19788469,14493815,0
2023-05-08,267,7516554,139,6530828,0,593088,8,3427289,10,511022,19,3959570,1998,1358359,2053,1659.43,19790522,14493852,0
2023-05-09,259,7516813,125,6530953,0,593088,5,3427294,4,511026,18,3959588,1750,1360109,1793,1652.86,19792315,14493886,0
2023-05-10,245,7517058,123,6531076,1,593089,6,3427300,13,511039,26,3959614,1888,1361997,1951,1671.57,19794266,14493930,0
2023-05-11,230,7517288,127,6531203,1,593090,11,3427311,23,511062,41,3959655,1818,1363815,1895,1649.29,19796161,14493973,0
2023-05-12,167,7517455,122,6531325,1,593091,5,3427316,10,511072,26,3959681,1559,1365374,1603,1567.43,19797764,14494002,0
2023-05-13,100,7517555,49,6531374,0,593091,1,3427317,4,511076,8,3959689,703,1366077,728,1523.57,19798492,14494022,0
2023-05-14,59,7517614,20,6531394,0,593091,2,3427319,0,511076,3,3959692,362,1366439,372,1485,19798864,14494030,0
2023-05-15,210,7517824,121,6531515,0,593091,4,3427323,8,511084,18,3959710,1450,1367889,1511,1407.57,19800375,14494079,0
2023-05-16,250,7518074,99,6531614,0,593091,6,3427329,7,511091,15,3959725,1347,1369236,1397,1351,19801772,14494116,0
2023-05-17,210,7518284,103,6531717,0,593091,4,3427333,4,511095,12,3959737,1407,1370643,1453,1279.86,19803225,14494154,0
2023-05-18,221,7518505,99,6531816,0,593091,12,3427345,13,511108,32,3959769,1258,1371901,1320,1197.71,19804545,14494191,0
2023-05-19,196,7518701,123,6531939,0,593091,9,3427354,10,511118,28,3959797,1496,1373397,1547,1189.71,19806092,14494223,0
2023-05-20,126,7518827,39,6531978,0,593091,4,3427358,5,511123,10,3959807,686,1374083,715,1187.86,19806807,14494243,0
2023-05-21,62,7518889,16,6531994,0,593091,2,3427360,1,511124,4,3959811,350,1374433,360,1186.14,19807167,14494250,0
2023-05-22,221,7519110,94,6532088,0,593091,4,3427364,3,511127,7,3959818,1304,1375737,1330,1160.29,19808497,14494269,0
2023-05-23,214,7519324,102,6532190,0,593091,12,3427376,6,511133,21,3959839,1247,1376984,1305,1147.14,19809802,14494309,0
2023-05-24,219,7519543,118,6532308,2,593093,11,3427387,8,511141,25,3959864,1228,1378212,1281,1122.57,19811083,14494343,0
2023-05-25,187,7519730,91,6532399,1,593094,4,3427391,6,511147,15,3959879,1207,1379419,1237,1110.71,19812320,14494363,0
2023-05-26,179,7519909,130,6532529,0,593094,8,3427399,6,511153,17,3959896,1226,1380645,1273,1071.57,19813593,14494396,0
2023-05-27,108,7520017,44,6532573,0,593094,5,3427404,6,511159,15,3959911,532,1381177,564,1050,19814157,14494417,0
2023-05-28,52,7520069,13,6532586,1,593095,0,3427404,0,511159,0,3959911,310,1381487,315,1043.57,19814472,14494422,0
2023-05-29,11,7520080,5,6532591,0,593095,1,3427405,0,511159,1,3959912,61,1381548,65,862.86,19814537,14494425,0
2023-05-30,221,7520301,105,6532696,0,593095,4,3427409,2,511161,8,3959920,1237,1382785,1268,857.57,19815805,14494450,0
2023-05-31,182,7520483,108,6532804,0,593095,8,3427417,2,511163,13,3959933,1120,1383905,1149,838.71,19816954,14494469,0
2023-06-01,185,7520668,86,6532890,1,593096,1,3427418,6,511169,8,3959941,1161,1385066,1183,831,19818137,14494484,0
2023-06-02,229,7520897,98,6532988,0,593096,8,3427426,2,511171,10,3959951,1166,1386232,1196,820,19819333,14494504,0
2023-06-03,89,7520986,33,6533021,0,593096,1,3427427,0,511171,1,3959952,547,1386779,562,819.71,19819895,14494518,0
2023-06-04,66,7521052,14,6533035,0,593096,2,3427429,3,511174,5,3959957,304,1387083,315,819.71,19820210,14494524,0
2023-06-05,202,7521254,88,6533123,0,593096,4,3427433,4,511178,12,3959969,1105,1388188,1137,972.86,19821347,14494548,0
2023-06-06,168,7521422,97,6533220,0,593096,8,3427441,3,511181,13,3959982,1008,1389196,1033,939.29,19822380,14494562,0
2023-06-07,175,7521597,94,6533314,2,593098,7,3427448,7,511188,15,3959997,973,1390169,1004,918.57,19823384,14494579,0
2023-06-08,177,7521774,74,6533388,1,593099,4,3427452,10,511198,14,3960011,817,1390986,850,871,19824234,14494598,0
2023-06-09,166,7521940,97,6533485,0,593099,11,3427463,10,511208,24,3960035,1018,1392004,1058,851.29,19825292,14494617,0
2023-06-10,114,7522054,33,6533518,0,593099,2,3427465,2,511210,5,3960040,423,1392427,445,834.57,19825737,14494635,0
2023-06-11,54,7522108,13,6533531,0,593099,0,3427465,0,511210,0,3960040,251,1392678,258,826.43,19825995,14494642,0
2023-06-12,167,7522275,81,6533612,1,593100,8,3427473,1,511211,11,3960051,964,1393642,984,804.57,19826979,14494653,0
2023-06-13,173,7522448,86,6533698,0,593100,1,3427474,3,511214,4,3960055,915,1394557,929,789.71,19827908,14494663,0
2023-06-14,199,7522647,97,6533795,0,593100,9,3427483,1,511215,11,3960066,1044,1395601,1077,800.14,19828985,14494686,0
2023-06-15,157,7522804,81,6533876,2,593102,7,3427490,3,511218,11,3960077,963,1396564,984,819.29,19829969,14494697,0
2023-06-16,205,7523009,83,6533959,0,593102,3,3427493,0,511218,4,3960081,911,1397475,932,801.29,19830901,14494715,0
2023-06-17,81,7523090,22,6533981,0,593102,2,3427495,2,511220,5,3960086,399,1397874,412,796.57,19831313,14494724,0
2023-06-18,58,7523148,16,6533997,0,593102,1,3427496,0,511220,1,3960087,224,1398098,229,792.43,19831542,14494728,0
2023-06-19,99,7523247,34,6534031,0,593102,2,3427498,2,511222,5,3960092,631,1398729,639,743.14,19832181,14494732,0
2023-06-20,170,7523417,89,6534120,1,593103,5,3427503,1,511223,6,3960098,911,1399640,924,742.43,19833105,14494739,0
2023-06-21,156,7523573,74,6534194,0,593103,10,3427513,1,511224,12,3960110,874,1400514,900,717.14,19834005,14494754,0
2023-06-22,186,7523759,50,6534244,0,593103,5,3427518,2,511226,7,3960117,814,1401328,830,695.14,19834835,14494763,0
2023-06-23,149,7523908,75,6534319,0,593103,5,3427523,0,511226,7,3960124,794,1402122,807,677.29,19835642,14494771,0
2023-06-24,64,7523972,26,6534345,0,593103,1,3427524,3,511229,5,3960129,327,1402449,341,667.14,19835983,14494781,0
2023-06-25,39,7524011,10,6534355,0,593103,1,3427525,5,511234,6,3960135,174,1402623,195,662.29,19836178,14494796,0
2023-06-26,131,7524142,61,6534416,1,593104,9,3427534,1,511235,11,3960146,768,1403391,795,684.57,19836973,14494813,0
2023-06-27,131,7524273,62,6534478,0,593104,6,3427540,0,511235,7,3960153,713,1404104,733,657.29,19837706,14494827,0
2023-06-28,154,7524427,66,6534544,0,593104,7,3427547,2,511237,9,3960162,807,1404911,827,646.86,19838533,14494838,0
2023-06-29,161,7524588,64,6534608,0,593104,3,3427550,5,511242,8,3960170,756,1405667,776,639.14,19839309,14494850,0
2023-06-30,166,7524754,65,6534673,0,593104,3,3427553,4,511246,8,3960178,690,1406357,705,624.57,19840014,14494858,0
2023-07-01,55,7524809,26,6534699,0,593104,3,3427556,0,511246,3,3960181,287,1406644,301,618.86,19840315,14494869,0
2023-07-02,38,7524847,8,6534707,0,593104,0,3427556,0,511246,0,3960181,163,1406807,169,615.14,19840484,14494875,0
2023-07-03,123,7524970,51,6534758,0,593104,8,3427564,2,511248,10,3960191,571,1407378,589,585.71,19841073,14494883,0
2023-07-04,1,7524971,2,6534760,1,593105,0,3427564,0,511248,0,3960191,9,1407387,10,482.43,19841083,14494884,0
2023-07-05,141,7525112,50,6534810,1,593106,6,3427570,0,511248,6,3960197,614,1408001,624,453.43,19841707,14494888,0
2023-07-06,148,7525260,54,6534864,0,593106,6,3427576,2,511250,8,3960205,624,1408625,642,434.29,19842349,14494898,0
2023-07-07,157,7525417,77,6534941,0,593106,4,3427580,1,511251,6,3960211,686,1409311,696,433,19843045,14494903,0
2023-07-08,78,7525495,21,6534962,0,593106,1,3427581,4,511255,6,3960217,257,1409568,276,429.43,19843321,14494917,0
2023-07-09,23,7525518,7,6534969,0,593106,0,3427581,0,511255,0,3960217,115,1409683,115,421.71,19843436,14494917,0
2023-07-10,150,7525668,59,6535028,1,593107,3,3427584,1,511256,5,3960222,616,1410299,641,429.14,19844077,14494938,0
2023-07-11,131,7525799,65,6535093,0,593107,5,3427589,2,511258,7,3960229,609,1410908,626,517.14,19844703,14494948,0
2023-07-12,156,7525955,62,6535155,0,593107,2,3427591,2,511260,4,3960233,656,1411564,668,523.43,19845371,14494956,0
2023-07-13,127,7526082,44,6535199,0,593107,3,3427594,3,511263,7,3960240,504,1412068,517,505.57,19845888,14494963,0
2023-07-14,141,7526223,69,6535268,0,593107,4,3427598,2,511265,8,3960248,608,1412676,625,495.43,19846513,14494974,0
2023-07-15,77,7526300,17,6535285,0,593107,1,3427599,2,511267,3,3960251,244,1412920,257,492.71,19846770,14494984,0
2023-07-16,38,7526338,4,6535289,0,593107,0,3427599,0,511267,0,3960251,113,1413033,113,492.43,19846883,14494984,0
2023-07-17,137,7526475,54,6535343,0,593107,2,3427601,1,511268,4,3960255,559,1413592,572,482.57,19847455,14494994,0
2023-07-18,127,7526602,61,6535404,0,593107,4,3427605,2,511270,6,3960261,548,1414140,560,473.14,19848015,14495000,0
2023-07-19,113,7526715,73,6535477,1,593108,2,3427607,4,511274,6,3960267,551,1414691,568,458.86,19848583,14495011,0
2023-07-20,155,7526870,52,6535529,0,593108,12,3427619,3,511277,17,3960284,531,1415222,561,465.14,19849144,14495026,0
2023-07-21,141,7527011,72,6535601,0,593108,1,3427620,0,511277,2,3960286,587,1415809,592,460.43,19849736,14495030,0
2023-07-22,79,7527090,19,6535620,0,593108,3,3427623,0,511277,3,3960289,193,1416002,230,456.57,19849966,14495064,0
2023-07-23,30,7527120,11,6535631,0,593108,1,3427624,0,511277,1,3960290,101,1416103,102,455,19850068,14495064,0
2023-07-24,157,7527277,42,6535673,0,593108,7,3427631,0,511277,8,3960298,583,1416686,594,458.14,19850662,14495068,0
2023-07-25,104,7527381,35,6535708,0,593108,0,3427631,1,511278,1,3960299,483,1417169,488,447.86,19851150,14495072,0
2023-07-26,137,7527518,53,6535761,1,593109,6,3427637,2,511280,8,3960307,564,1417733,580,449.57,19851730,14495080,0
2023-07-27,133,7527651,50,6535811,1,593110,6,3427643,1,511281,7,3960314,492,1418225,506,441.71,19852236,14495087,0
2023-07-28,116,7527767,60,6535871,0,593110,3,3427646,2,511283,5,3960319,488,1418713,500,428.57,19852736,14495094,0
2023-07-29,56,7527823,12,6535883,0,593110,0,3427646,4,511287,4,3960323,210,1418923,225,427.86,19852961,14495105,0
2023-07-30,37,7527860,15,6535898,0,593110,1,3427647,0,511287,1,3960324,151,1419074,154,435.29,19853115,14495107,0
2023-07-31,148,7528008,70,6535968,0,593110,1,3427648,2,511289,4,3960328,587,1419661,608,437.29,19853723,14495125,0
2023-08-01,121,7528129,57,6536025,0,593110,2,3427650,2,511291,4,3960332,575,1420236,582,450.71,19854305,14495128,0
2023-08-02,150,7528279,46,6536071,0,593110,2,3427652,2,511293,4,3960336,567,1420803,581,450.86,19854886,14495138,0
2023-08-03,123,7528402,63,6536134,0,593110,4,3427656,1,511294,5,3960341,552,1421355,563,459,19855449,14495144,0
2023-08-04,122,7528524,53,6536187,0,593110,1,3427657,1,511295,3,3960344,628,1421983,638,478.71,19856087,14495152,0
2023-08-05,74,7528598,7,6536194,0,593110,5,3427662,2,511297,8,3960352,295,1422278,311,491,19856398,14495161,0
2023-08-06,37,7528635,5,6536199,0,593110,0,3427662,0,511297,0,3960352,166,1422444,166,492.71,19856564,14495161,0
2023-08-07,197,7528832,53,6536252,0,593110,3,3427665,3,511300,8,3960360,713,1423157,726,509.57,19857290,14495168,0
2023-08-08,188,7529020,61,6536313,1,593111,6,3427671,1,511301,7,3960367,713,1423870,727,530.29,19858017,14495175,0
2023-08-09,165,7529185,51,6536364,0,593111,6,3427677,2,511303,8,3960375,707,1424577,726,551,19858743,14495186,0
2023-08-10,165,7529350,57,6536421,0,593111,3,3427680,0,511303,3,3960378,649,1425226,662,565.14,19859405,14495196,0
2023-08-11,177,7529527,67,6536488,0,593111,1,3427681,1,511304,2,3960380,709,1425935,724,577.43,19860129,14495209,0
2023-08-12,95,7529622,24,6536512,0,593111,0,3427681,0,511304,1,3960381,302,1426237,315,578,19860444,14495222,0
2023-08-13,64,7529686,6,6536518,0,593111,1,3427682,1,511305,2,3960383,162,1426399,166,578,19860610,14495224,0
2023-08-14,195,7529881,61,6536579,0,593111,5,3427687,0,511305,5,3960388,698,1427097,706,575.14,19861316,14495227,0
2023-08-15,179,7530060,49,6536628,0,593111,3,3427690,2,511307,7,3960395,622,1427719,633,561.71,19861949,14495233,0
2023-08-16,146,7530206,60,6536688,0,593111,2,3427692,4,511311,10,3960405,667,1428386,691,556.71,19862640,14495251,0
2023-08-17,165,7530371,55,6536743,0,593111,6,3427698,3,511314,12,3960417,605,1428991,625,551.43,19863265,14495262,0
2023-08-18,187,7530558,60,6536803,0,593111,2,3427700,3,511317,7,3960424,710,1429701,720,550.86,19863985,14495267,0
2023-08-19,73,7530631,17,6536820,0,593111,0,3427700,1,511318,1,3960425,287,1429988,292,547.57,19864277,14495271,0
2023-08-20,55,7530686,13,6536833,0,593111,2,3427702,6,511324,15,3960440,172,1430160,192,551.29,19864469,14495283,0
2023-08-21,178,7530864,56,6536889,0,593111,2,3427704,6,511330,13,3960453,587,1430747,604,536.71,19865073,14495292,0
2023-08-22,128,7530992,60,6536949,0,593111,2,3427706,3,511333,5,3960458,480,1431227,496,517.14,19865569,14495303,0
2023-08-23,163,7531155,73,6537022,0,593111,4,3427710,5,511338,9,3960467,635,1431862,654,511.86,19866223,14495313,0
2023-08-24,150,7531305,54,6537076,0,593111,4,3427714,2,511340,9,3960476,508,1432370,533,498.71,19866756,14495332,0
2023-08-25,154,7531459,50,6537126,0,593111,1,3427715,4,511344,9,3960485,478,1432848,496,466.71,19867252,14495345,0
2023-08-26,61,7531520,27,6537153,0,593111,2,3427717,0,511344,2,3960487,252,1433100,261,462.29,19867513,14495352,0
2023-08-27,53,7531573,13,6537166,0,593111,0,3427717,1,511345,1,3960488,159,1433259,162,458,19867675,14495354,0
2023-08-28,189,7531762,70,6537236,0,593111,3,3427720,5,511350,13,3960501,585,1433844,608,458.57,19868283,14495369,0
2023-08-29,188,7531950,43,6537279,0,593111,3,3427723,3,511353,10,3960511,545,1434389,564,468.29,19868847,14495382,0
2023-08-30,183,7532133,58,6537337,0,593111,1,3427724,3,511356,6,3960517,552,1434941,573,456.71,19869420,14495399,0
2023-08-31,164,7532297,39,6537376,0,593111,5,3427729,2,511358,9,3960526,506,1435447,531,456.43,19869951,14495417,0
2023-09-01,151,7532448,61,6537437,0,593111,1,3427730,5,511363,10,3960536,578,1436025,596,470.71,19870547,14495429,0
2023-09-02,86,7532534,18,6537455,0,593111,2,3427732,0,511363,4,3960540,308,1436333,315,478.43,19870862,14495434,0
2023-09-03,49,7532583,5,6537460,0,593111,0,3427732,1,511364,5,3960545,165,1436498,170,479.57,19871032,14495438,0
2023-09-04,11,7532594,1,6537461,0,593111,0,3427732,0,511364,0,3960545,33,1436531,33,397.43,19871065,14495438,0
2023-09-05,187,7532781,51,6537512,0,593111,5,3427737,4,511368,13,3960558,547,1437078,570,398.29,19871635,14495452,0
2023-09-06,179,7532960,59,6537571,0,593111,12,3427749,2,511370,15,3960573,577,1437655,599,402,19872234,14495460,0
2023-09-07,137,7533097,48,6537619,0,593111,4,3427753,1,511371,6,3960579,448,1438103,459,391.71,19872693,14495466,0
2023-09-08,111,7533208,55,6537674,0,593111,3,3427756,4,511375,7,3960586,344,1438447,355,357.29,19873048,14495470,120000
2023-09-09,73,7533281,12,6537686,0,593111,2,3427758,1,511376,5,3960591,210,1438657,220,343.71,19873268,14495477,120000
2023-09-10,45,7533326,11,6537697,0,593111,1,3427759,0,511376,3,3960594,114,1438771,118,336.29,19873386,14495480,120000
2023-09-11,90,7533416,30,6537727,0,593111,0,3427759,0,511376,0,3960594,307,1439078,309,375.71,19873695,14495482,120000
2023-09-12,49,7533465,24,6537751,0,593111,1,3427760,0,511376,2,3960596,139,1439217,147,315.29,19873842,14495489,120000
2023-09-13,43,7533508,19,6537770,0,593111,1,3427761,0,511376,3,3960599,108,1439325,119,246.71,19873961,14495499,120000
2023-09-14,13,7533521,9,6537779,0,593111,1,3427762,0,511376,1,3960600,42,1439367,45,187.57,19874006,14495501,120000
