"DATE","ADMIN_DOSE1_DAILY","ADMIN_DOSE1_CUMULATIVE","ADMIN_DOSE2_DAILY","ADMIN_DOSE2_CUMULATIVE","ADMIN_SINGLE_DAILY","ADMIN_SINGLE_CUMULATIVE","ADMIN_ADDITIONAL1_DAILY","ADMIN_ADDITIONAL1_CUMULATIVE","ADMIN_ADDITIONAL2_DAILY","ADMIN_ADDITIONAL2_CUMULATIVE","ADMIN_ADDITIONAL_DAILY","ADMIN_ADDITIONAL_CUMULATIVE","ADMIN_ALLDOSES_DAILY","ADMIN_ALLDOSES_7DAYAVG","ADMIN_ALLDOSES_CUMULATIVE","INCOMPLETE"
"2020-12-14",79,79,0,0,0,0,0,0,0,0,0,0,79,,79,0
"2020-12-15",2051,2130,6,6,5,5,0,0,0,0,0,0,2062,,2141,0
"2020-12-16",4607,6737,14,20,3,8,1,1,0,0,1,1,4625,,6766,0
"2020-12-17",4657,11394,18,38,2,10,1,2,0,0,1,2,4678,,11444,0
"2020-12-18",5832,17226,18,56,2,12,2,4,0,0,2,4,5854,,17298,0
"2020-12-19",1689,18915,7,63,3,15,0,4,0,0,0,4,1699,,18997,0
"2020-12-20",1116,20031,2,65,1,16,0,4,0,0,0,4,1119,2873.71,20116,0
"2020-12-21",6343,26374,20,85,0,16,5,9,0,0,5,9,6368,3772.14,26484,0
"2020-12-22",9795,36169,27,112,2,18,1,10,0,0,1,10,9825,4881.14,36309,0
"2020-12-23",14274,50443,35,147,3,21,0,10,0,0,0,10,14312,6265,50621,0
"2020-12-24",7195,57638,26,173,1,22,0,10,0,0,0,10,7222,6628.43,57843,0
"2020-12-25",180,57818,0,173,0,22,1,11,0,0,1,11,181,5818,58024,0
"2020-12-26",4388,62206,45,218,0,22,1,12,0,0,1,12,4434,6208.71,62458,0
"2020-12-27",3870,66076,14,232,0,22,1,13,0,0,1,13,3885,6603.86,66343,0
"2020-12-28",10994,77070,49,281,1,23,2,15,0,0,2,15,11046,7272.14,77389,0
"2020-12-29",10717,87787,35,316,2,25,2,17,0,0,2,17,10756,7405.14,88145,0
"2020-12-30",12823,100610,45,361,0,25,0,17,0,0,0,17,12868,7198.86,101013,0
"2020-12-31",7262,107872,34,395,1,26,0,17,0,0,0,17,7297,7209.57,108310,0
"2021-01-01",181,108053,2,397,1,27,3,20,0,0,3,20,187,7210.43,108497,0
"2021-01-02",3809,111862,10,407,3,30,2,22,0,0,2,22,3824,7123.29,112321,0
"2021-01-03",3542,115404,24,431,2,32,1,23,0,0,1,23,3569,7078.14,115890,0
"2021-01-04",12256,127660,806,1237,2,34,7,30,0,0,7,30,13071,7367.43,128961,0
"2021-01-05",14091,141751,2191,3428,2,36,12,42,1,1,13,43,16297,8159,145258,0
"2021-01-06",17801,159552,3925,7353,1,37,29,71,8,9,37,80,21764,9429.86,167022,0
"2021-01-07",16550,176102,5171,12524,4,41,45,116,3,12,48,128,21773,11497.86,188795,0
"2021-01-08",16617,192719,5456,17980,0,41,34,150,4,16,38,166,22111,14629.86,210906,0
"2021-01-09",7651,200370,1462,19442,1,42,7,157,2,18,9,175,9123,15386.86,220029,0
"2021-01-10",7882,208252,982,20424,0,42,10,167,0,18,10,185,8874,16144.71,228903,0
"2021-01-11",25824,234076,7455,27879,2,44,49,216,8,26,57,242,33338,19040,262241,0
"2021-01-12",28256,262332,7859,35738,1,45,44,260,4,30,48,290,36164,21878.14,298405,0
"2021-01-13",31724,294056,9391,45129,1,46,57,317,4,34,61,351,41177,24651.43,339582,0
"2021-01-14",35815,329871,5313,50442,1,47,30,347,7,41,37,388,41166,27421.86,380748,0
"2021-01-15",29267,359138,3704,54146,2,49,31,378,5,46,36,424,33009,28978.71,413757,0
"2021-01-16",30288,389426,2380,56526,0,49,24,402,6,52,30,454,32698,32346.57,446455,0
"2021-01-17",23748,413174,1630,58156,0,49,19,421,1,53,20,474,25398,34707.14,471853,0
"2021-01-18",27100,440274,2415,60571,0,49,36,457,7,60,43,517,29558,34167.14,501411,0
"2021-01-19",34294,474568,9632,70203,1,50,69,526,6,66,75,592,44002,35286.86,545413,0
"2021-01-20",34868,509436,9494,79697,1,51,58,584,4,70,62,654,44425,35750.86,589838,0
"2021-01-21",25590,535026,8094,87791,2,53,49,633,5,75,54,708,33740,34690,623578,0
"2021-01-22",24755,559781,4382,92173,1,54,32,665,7,82,39,747,29177,34142.57,652755,0
"2021-01-23",15742,575523,3225,95398,0,54,10,675,2,84,12,759,18979,32182.71,671734,0
"2021-01-24",7179,582702,3453,98851,0,54,19,694,1,85,20,779,10652,30076.14,682386,0
"2021-01-25",13410,596112,11821,110672,0,54,66,760,12,97,78,857,25309,29469.14,707695,0
"2021-01-26",16763,612875,10753,121425,0,54,68,828,2,99,70,927,27586,27124,735281,0
"2021-01-27",20836,633711,12355,133780,0,54,53,881,8,107,61,988,33252,25527.86,768533,0
"2021-01-28",30764,664475,12847,146627,0,54,80,961,16,123,96,1084,43707,26951.71,812240,0
"2021-01-29",31691,696166,11506,158133,0,54,81,1042,10,133,91,1175,43288,28967.57,855528,0
"2021-01-30",18709,714875,3743,161876,0,54,20,1062,2,135,22,1197,22474,29466.86,878002,0
"2021-01-31",13017,727892,2923,164799,1,55,29,1091,4,139,33,1230,15974,30227.14,893976,0
"2021-02-01",1179,729071,5370,170169,4,59,35,1126,4,143,39,1269,6592,27553.29,900568,0
"2021-02-02",2827,731898,9476,179645,2,61,47,1173,4,147,51,1320,12356,25377.57,912924,0
"2021-02-03",16348,748246,21246,200891,4,65,203,1376,19,166,222,1542,37820,26030.14,950744,0
"2021-02-04",27045,775291,19649,220540,3,68,201,1577,10,176,211,1753,46908,26487.43,997652,0
"2021-02-05",27591,802882,20037,240577,0,68,182,1759,15,191,197,1950,47825,27135.57,1045477,0
"2021-02-06",22991,825873,11245,251822,0,68,111,1870,12,203,123,2073,34359,28833.43,1079836,0
"2021-02-07",12041,837914,8283,260105,1,69,91,1961,14,217,105,2178,20430,29470,1100266,0
"2021-02-08",16954,854868,23521,283626,2,71,234,2195,34,251,268,2446,40745,34349,1141011,0
"2021-02-09",17189,872057,28110,311736,2,73,336,2531,43,294,379,2825,45680,39109.57,1186691,0
"2021-02-10",19591,891648,29313,341049,2,75,254,2785,49,343,303,3128,49209,40736.57,1235900,0
"2021-02-11",27845,919493,33476,374525,2,77,338,3123,56,399,394,3522,61717,42852.14,1297617,0
"2021-02-12",38387,957880,30803,405328,3,80,354,3477,38,437,392,3914,69585,45960.71,1367202,0
"2021-02-13",28004,985884,25315,430643,2,82,304,3781,54,491,358,4272,53679,48720.71,1420881,0
"2021-02-14",16277,1002161,23734,454377,0,82,263,4044,31,522,294,4566,40305,51560,1461186,0
"2021-02-15",12795,1014956,10528,464905,2,84,172,4216,23,545,195,4761,23520,49099.29,1484706,0
"2021-02-16",14242,1029198,26728,491633,0,84,323,4539,36,581,359,5120,41329,48477.71,1526035,0
"2021-02-17",16392,1045590,22197,513830,1,85,281,4820,38,619,319,5439,38909,47006.29,1564944,0
"2021-02-18",12149,1057739,24996,538826,21,106,289,5109,42,661,331,5770,37497,43546.29,1602441,0
"2021-02-19",13261,1071000,23937,562763,39,145,304,5413,44,705,348,6118,37585,38974.86,1640026,0
"2021-02-20",11352,1082352,26073,588836,6,151,327,5740,79,784,406,6524,37837,36711.71,1677863,0
"2021-02-21",6360,1088712,17419,606255,15,166,287,6027,44,828,331,6855,24125,34400.29,1701988,0
"2021-02-22",13046,1101758,11847,618102,2,168,125,6152,19,847,144,6999,25039,34617.29,1727027,0
"2021-02-23",25249,1127007,14145,632247,1,169,156,6308,35,882,191,7190,39586,34368.29,1766613,0
"2021-02-24",36357,1163364,20396,652643,0,169,226,6534,39,921,265,7455,57018,36955.29,1823631,0
"2021-02-25",54619,1217983,30395,683038,6,175,397,6931,63,984,460,7915,85480,43810,1909111,0
"2021-02-26",62865,1280848,31870,714908,4,179,415,7346,78,1062,493,8408,95232,52045.29,2004343,0
"2021-02-27",51298,1332146,22750,737658,47,226,335,7681,52,1114,387,8795,74482,57280.29,2078825,0
"2021-02-28",44588,1376734,13828,751486,7,233,205,7886,34,1148,239,9034,58662,62214.14,2137487,0
"2021-03-01",39319,1416053,12777,764263,10,243,168,8054,26,1174,194,9228,52300,66108.57,2189787,0
"2021-03-02",47084,1463137,12576,776839,7,250,161,8215,14,1188,175,9403,59842,69002.29,2249629,0
"2021-03-03",48606,1511743,16156,792995,17,267,147,8362,21,1209,168,9571,64947,70135,2314576,0
"2021-03-04",59819,1571562,22819,815814,1092,1359,272,8634,35,1244,307,9878,84037,69928.86,2398613,0
"2021-03-05",60985,1632547,24286,840100,3109,4468,333,8967,35,1279,368,10246,88748,69002.57,2487361,0
"2021-03-06",47179,1679726,18882,858982,5451,9919,241,9208,36,1315,277,10523,71789,68617.86,2559150,0
"2021-03-07",36039,1715765,14885,873867,6246,16165,228,9436,20,1335,248,10771,57418,68440.14,2616568,0
"2021-03-08",39628,1755393,14682,888549,8563,24728,314,9750,91,1426,405,11176,63278,70008.43,2679846,0
"2021-03-09",39106,1794499,12854,901403,7762,32490,181,9931,34,1460,215,11391,59937,70022,2739783,0
"2021-03-10",51829,1846328,15359,916762,5066,37556,225,10156,32,1492,257,11648,72511,71102.57,2812294,0
"2021-03-11",59988,1906316,21823,938585,4619,42175,248,10404,48,1540,296,11944,86726,71486.71,2899020,0
"2021-03-12",52201,1958517,30311,968896,4183,46358,376,10780,85,1625,461,12405,87156,71259.29,2986176,0
"2021-03-13",40652,1999169,26686,995582,5110,51468,325,11105,52,1677,377,12782,72825,71407.29,3059001,0
"2021-03-14",30718,2029887,15970,1011552,4525,55993,242,11347,27,1704,269,13051,51482,70559.29,3110483,0
"2021-03-15",33593,2063480,17258,1028810,4711,60704,235,11582,33,1737,268,13319,55830,69495.29,3166313,0
"2021-03-16",38671,2102151,20516,1049326,4926,65630,257,11839,35,1772,292,13611,64405,70133.57,3230718,0
"2021-03-17",42617,2144768,24794,1074120,4244,69874,344,12183,38,1810,382,13993,72037,70065.86,3302755,0
"2021-03-18",50446,2195214,26809,1100929,5235,75109,370,12553,61,1871,431,14424,82921,69522.29,3385676,0
"2021-03-19",47794,2243008,29964,1130893,5624,80733,391,12944,70,1941,461,14885,83843,69049,3469519,0
"2021-03-20",38711,2281719,25839,1156732,4686,85419,296,13240,60,2001,356,15241,69592,68587.14,3539111,0
"2021-03-21",29303,2311022,19355,1176087,769,86188,225,13465,44,2045,269,15510,49696,68332,3588807,0
"2021-03-22",33866,2344888,26742,1202829,4037,90225,262,13727,38,2083,300,15810,64945,69634.14,3653752,0
"2021-03-23",38433,2383321,32842,1235671,4216,94441,300,14027,55,2138,355,16165,75846,71268.57,3729598,0
"2021-03-24",41497,2424818,37610,1273281,4848,99289,328,14355,62,2200,390,16555,84345,73026.86,3813943,0
"2021-03-25",43403,2468221,50804,1324085,5055,104344,475,14830,86,2286,561,17116,99823,75441.43,3913766,0
"2021-03-26",38504,2506725,55518,1379603,4309,108653,526,15356,97,2383,623,17739,98954,77600.14,4012720,0
"2021-03-27",35737,2542462,45759,1425362,2939,111592,417,15773,82,2465,499,18238,84934,79791.86,4097654,0
"2021-03-28",26389,2568851,34459,1459821,1482,113074,336,16109,65,2530,401,18639,62731,81654,4160385,0
"2021-03-29",34816,2603667,38871,1498692,3246,116320,345,16454,110,2640,455,19094,77388,83431.57,4237773,0
"2021-03-30",40510,2644177,41926,1540618,3714,120034,341,16795,65,2705,406,19500,86556,84961.57,4324329,0
"2021-03-31",49395,2693572,44878,1585496,7441,127475,403,17198,87,2792,490,19990,102204,87512.86,4426533,0
"2021-04-01",50780,2744352,53957,1639453,11277,138752,500,17698,84,2876,584,20574,116598,89909.29,4543131,0
"2021-04-02",43756,2788108,53889,1693342,11971,150723,549,18247,71,2947,620,21194,110236,91521,4653367,0
"2021-04-03",39248,2827356,39223,1732565,9859,160582,332,18579,58,3005,390,21584,88720,92061.86,4742087,0
"2021-04-04",26555,2853911,24790,1757355,3903,164485,225,18804,49,3054,274,21858,55522,91032,4797609,0
"2021-04-05",41884,2895795,34489,1791844,11198,175683,373,19177,60,3114,433,22291,88004,92548.57,4885613,0
"2021-04-06",53265,2949060,35617,1827461,13217,188900,433,19610,75,3189,508,22799,102607,94841.57,4988220,0
"2021-04-07",55507,3004567,40703,1868164,14388,203288,403,20013,80,3269,483,23282,111081,96109.71,5099301,0
"2021-04-08",59261,3063828,46599,1914763,16341,219629,521,20534,85,3354,606,23888,122807,96996.71,5222108,0
"2021-04-09",56651,3120479,44961,1959724,17559,237188,517,21051,76,3430,593,24481,119764,98357.86,5341872,0
"2021-04-10",49347,3169826,35650,1995374,12724,249912,389,21440,60,3490,449,24930,98170,99707.86,5440042,0
"2021-04-11",38181,3208007,28820,2024194,7682,257594,295,21735,57,3547,352,25282,75035,102495.43,5515077,0
"2021-04-12",46636,3254643,31843,2056037,13501,271095,468,22203,65,3612,533,25815,92513,103139.57,5607590,0
"2021-04-13",52548,3307191,33790,2089827,368,271463,395,22598,63,3675,458,26273,87164,100933.43,5694754,0
"2021-04-14",50146,3357337,39959,2129786,20,271483,369,22967,72,3747,441,26714,90566,98002.71,5785320,0
"2021-04-15",52119,3409456,43687,2173473,16,271499,456,23423,104,3851,560,27274,96382,94227.71,5881702,0
"2021-04-16",51189,3460645,42217,2215690,32,271531,430,23853,68,3919,498,27772,93936,90538,5975638,0
"2021-04-17",43835,3504480,35698,2251388,3,271534,363,24216,84,4003,447,28219,79983,87939.86,6055621,0
"2021-04-18",28606,3533086,29370,2280758,7,271541,251,24467,64,4067,315,28534,58298,85548.86,6113919,0
"2021-04-19",37466,3570552,36454,2317212,22,271563,324,24791,64,4131,388,28922,74330,82951.29,6188249,0
"2021-04-20",40812,3611364,39629,2356841,19,271582,314,25105,79,4210,393,29315,80853,82049.71,6269102,0
"2021-04-21",38896,3650260,46016,2402857,16,271598,500,25605,97,4307,597,29912,85525,81329.57,6354627,0
"2021-04-22",38493,3688753,48962,2451819,9,271607,339,25944,74,4381,413,30325,87877,80114.57,6442504,0
"2021-04-23",39697,3728450,44383,2496202,3,271610,350,26294,73,4454,423,30748,84506,78767.43,6527010,0
"2021-04-24",31949,3760399,41603,2537805,44,271654,277,26571,62,4516,339,31087,73935,77903.43,6600945,0
"2021-04-25",18423,3778822,31227,2569032,86,271740,196,26767,57,4573,253,31340,49989,76716.43,6650934,0
"2021-04-26",26968,3805790,40739,2609771,1013,272753,285,27052,87,4660,372,31712,69092,75968.14,6720026,0
"2021-04-27",28574,3834364,47142,2656913,1698,274451,353,27405,92,4752,445,32157,77859,75540.43,6797885,0
"2021-04-28",27031,3861395,56844,2713757,2147,276598,432,27837,100,4852,532,32689,86554,75687.43,6884439,0
"2021-04-29",28613,3890008,57201,2770958,2149,278747,366,28203,100,4952,466,33155,88429,75766.29,6972868,0
"2021-04-30",30119,3920127,51993,2822951,2056,280803,285,28488,74,5026,359,33514,84527,75769.29,7057395,0
"2021-05-01",22478,3942605,44542,2867493,1177,281980,232,28720,64,5090,296,33810,68493,74991.86,7125888,0
"2021-05-02",11922,3954527,36657,2904150,1081,283061,140,28860,54,5144,194,34004,49854,74972.57,7175742,0
"2021-05-03",18022,3972549,53033,2957183,2383,285444,253,29113,92,5236,345,34349,73783,75642.71,7249525,0
"2021-05-04",22738,3995287,56652,3013835,2331,287775,267,29380,116,5352,383,34732,82104,76249.14,7331629,0
"2021-05-05",21479,4016766,48769,3062604,2313,290088,309,29689,100,5452,409,35141,72970,74308.57,7404599,0
"2021-05-06",20680,4037446,50178,3112782,2508,292596,272,29961,89,5541,361,35502,73727,72208.29,7478326,0
"2021-05-07",21253,4058699,52097,3164879,2813,295409,310,30271,77,5618,387,35889,76550,71068.71,7554876,0
"2021-05-08",16629,4075328,41869,3206748,1835,297244,231,30502,68,5686,299,36188,60632,69945.71,7615508,0
"2021-05-09",7973,4083301,29413,3236161,1260,298504,150,30652,56,5742,206,36394,38852,68374,7654360,0
"2021-05-10",14385,4097686,38535,3274696,2355,300859,236,30888,90,5832,326,36720,55601,65776.57,7709961,0
"2021-05-11",19912,4117598,43063,3317759,2514,303373,281,31169,85,5917,366,37086,65855,63455.29,7775816,0
"2021-05-12",17821,4135419,40547,3358306,3596,306969,228,31397,79,5996,307,37393,62271,61926.86,7838087,0
"2021-05-13",24972,4160391,40434,3398740,3230,310199,260,31657,76,6072,336,37729,68972,61247.57,7907059,0
"2021-05-14",27034,4187425,42924,3441664,3537,313736,265,31922,96,6168,361,38090,73856,60862.71,7980915,0
"2021-05-15",23651,4211076,34920,3476584,3365,317101,252,32174,75,6243,327,38417,62263,61095.71,8043178,0
"2021-05-16",15523,4226599,19455,3496039,2496,319597,121,32295,45,6288,166,38583,37640,60922.57,8080818,0
"2021-05-17",22672,4249271,29146,3525185,3255,322852,179,32474,67,6355,246,38829,55319,60882.29,8136137,0
"2021-05-18",24637,4273908,31909,3557094,3406,326258,239,32713,73,6428,312,39141,60264,60083.57,8196401,0
"2021-05-19",24190,4298098,29720,3586814,3040,329298,227,32940,48,6476,275,39416,57225,59362.71,8253626,0
"2021-05-20",24152,4322250,30100,3616914,3162,332460,264,33204,86,6562,350,39766,57764,57761.57,8311390,0
"2021-05-21",24679,4346929,32003,3648917,3056,335516,245,33449,59,6621,304,40070,60042,55788.14,8371432,0
"2021-05-22",20021,4366950,24366,3673283,2525,338041,163,33612,48,6669,211,40281,47123,53625.29,8418555,0
"2021-05-23",11233,4378183,13734,3687017,1411,339452,92,33704,32,6701,124,40405,26502,52034.14,8445057,0
"2021-05-24",18872,4397055,23162,3710179,2756,342208,214,33918,55,6756,269,40674,45059,50568.43,8490116,0
"2021-05-25",19430,4416485,23381,3733560,2603,344811,172,34090,57,6813,229,40903,45643,48479.71,8535759,0
"2021-05-26",18786,4435271,21093,3754653,2696,347507,198,34288,48,6861,246,41149,42821,46422,8578580,0
"2021-05-27",18469,4453740,21281,3775934,2529,350036,178,34466,60,6921,238,41387,42517,44243.86,8621097,0
"2021-05-28",17862,4471602,22886,3798820,2751,352787,188,34654,54,6975,242,41629,43741,41915.14,8664838,0
"2021-05-29",12710,4484312,17810,3816630,1755,354542,105,34759,39,7014,144,41773,32419,39814.57,8697257,0
"2021-05-30",7030,4491342,8949,3825579,1074,355616,48,34807,17,7031,65,41838,17118,38474,8714375,0
"2021-05-31",4742,4496084,6924,3832503,1012,356628,64,34871,17,7048,81,41919,12759,33859.71,8727134,0
"2021-06-01",16046,4512130,25196,3857699,2177,358805,153,35024,43,7091,196,42115,43615,33570,8770749,0
"2021-06-02",15356,4527486,20396,3878095,2095,360900,139,35163,48,7139,187,42302,38034,32886.14,8808783,0
"2021-06-03",15004,4542490,23826,3901921,2281,363181,128,35291,43,7182,171,42473,41282,32709.71,8850065,0
"2021-06-04",14722,4557212,25997,3927918,2492,365673,144,35435,40,7222,184,42657,43395,32660.29,8893460,0
"2021-06-05",10992,4568204,22091,3950009,1806,367479,115,35550,28,7250,143,42800,35032,33033.57,8928492,0
"2021-06-06",6443,4574647,14484,3964493,1222,368701,89,35639,13,7263,102,42902,22251,33766.86,8950743,0
"2021-06-07",11704,4586351,21784,3986277,2378,371079,139,35778,37,7300,176,43078,36042,37093,8986785,0
"2021-06-08",12636,4598987,24024,4010301,2072,373151,120,35898,46,7346,166,43244,38898,36419.14,9025683,0
"2021-06-09",11134,4610121,23028,4033329,2299,375450,135,36033,39,7385,174,43418,36635,36219.29,9062318,0
"2021-06-10",12064,4622185,22236,4055565,2462,377912,139,36172,59,7444,198,43616,36960,35601.86,9099278,0
"2021-06-11",12710,4634895,25123,4080688,2484,380396,156,36328,58,7502,214,43830,40531,35192.71,9139809,0
"2021-06-12",10165,4645060,19316,4100004,1888,382284,93,36421,42,7544,135,43965,31504,34688.71,9171313,0
"2021-06-13",4257,4649317,10936,4110940,1219,383503,41,36462,22,7566,63,44028,16475,33863.57,9187788,0
"2021-06-14",10208,4659525,19240,4130180,2043,385546,129,36591,51,7617,180,44208,31671,33239.14,9219459,0
"2021-06-15",11883,4671408,21018,4151198,1943,387489,131,36722,40,7657,171,44379,35015,32684.43,9254474,0
"2021-06-16",11586,4682994,19411,4170609,1957,389446,142,36864,68,7725,210,44589,33164,32188.57,9287638,0
"2021-06-17",11025,4694019,18760,4189369,1973,391419,125,36989,35,7760,160,44749,31918,31468.29,9319556,0
"2021-06-18",12166,4706185,18501,4207870,2116,393535,114,37103,36,7796,150,44899,32933,30382.86,9352489,0
"2021-06-19",8498,4714683,13517,4221387,1459,394994,83,37186,21,7817,104,45003,23578,29250.57,9376067,0
"2021-06-20",4336,4719019,7158,4228545,924,395918,36,37222,17,7834,53,45056,12471,28678.57,9388538,0
"2021-06-21",10163,4729182,10010,4238555,1807,397725,68,37290,27,7861,95,45151,22075,27307.71,9410613,0
"2021-06-22",9839,4739021,15640,4254195,1589,399314,105,37395,28,7889,133,45284,27201,26191.43,9437814,0
"2021-06-23",10311,4749332,15187,4269382,1863,401177,102,37497,30,7919,132,45416,27493,25381.29,9465307,0
"2021-06-24",9684,4759016,14701,4284083,1799,402976,119,37616,26,7945,145,45561,26329,24582.86,9491636,0
"2021-06-25",10589,4769605,14388,4298471,1721,404697,112,37728,38,7983,150,45711,26848,23713.57,9518484,0
"2021-06-26",7801,4777406,10465,4308936,1251,405948,74,37802,24,8007,98,45809,19615,23147.43,9538099,0
"2021-06-27",5001,4782407,6001,4314937,795,406743,34,37836,14,8021,48,45857,11845,23058,9549944,0
"2021-06-28",9035,4791442,10345,4325282,1526,408269,108,37944,26,8047,134,45991,21040,22910.14,9570984,0
"2021-06-29",9739,4801181,12326,4337608,1347,409616,123,38067,31,8078,154,46145,23566,22390.86,9594550,0
"2021-06-30",9434,4810615,10930,4348538,1487,411103,147,38214,16,8094,163,46308,22014,21608.14,9616564,0
"2021-07-01",9399,4820014,10928,4359466,1434,412537,128,38342,24,8118,152,46460,21913,20977.29,9638477,0
"2021-07-02",9693,4829707,11452,4370918,1541,414078,118,38460,22,8140,140,46600,22826,20402.71,9661303,0
"2021-07-03",7056,4836763,8421,4379339,1193,415271,77,38537,17,8157,94,46694,16764,19995.43,9678067,0
"2021-07-04",1288,4838051,1335,4380674,567,415838,9,38546,3,8160,12,46706,3202,18760.71,9681269,0
"2021-07-05",6497,4844548,7106,4387780,1208,417046,63,38609,22,8182,85,46791,14896,17883,9696165,0
"2021-07-06",9512,4854060,12850,4400630,1315,418361,115,38724,37,8219,152,46943,23829,17920.57,9719994,0
"2021-07-07",8666,4862726,11111,4411741,1419,419780,123,38847,19,8238,142,47085,21338,17824,9741332,0
"2021-07-08",8221,4870947,10192,4421933,1260,421040,107,38954,22,8260,129,47214,19802,17522.43,9761134,0
"2021-07-09",8372,4879319,10836,4432769,1278,422318,90,39044,18,8278,108,47322,20594,17203.57,9781728,0
"2021-07-10",7103,4886422,8634,4441403,1132,423450,62,39106,20,8298,82,47404,16951,17230.29,9798679,0
"2021-07-11",4105,4890527,4540,4445943,703,424153,34,39140,6,8304,40,47444,9388,18114,9808067,0
"2021-07-12",8448,4898975,9562,4455505,1251,425404,82,39222,23,8327,105,47549,19366,18752.57,9827433,0
"2021-07-13",9462,4908437,9393,4464898,952,426356,105,39327,34,8361,139,47688,19946,18197.86,9847379,0
"2021-07-14",9000,4917437,9532,4474430,1011,427367,106,39433,21,8382,127,47815,19670,17959.57,9867049,0
"2021-07-15",8794,4926231,9157,4483587,1054,428421,79,39512,19,8401,98,47913,19103,17859.71,9886152,0
"2021-07-16",9247,4935478,9762,4493349,981,429402,102,39614,29,8430,131,48044,20121,17792.14,9906273,0
"2021-07-17",6841,4942319,7387,4500736,803,430205,80,39694,19,8449,99,48143,15130,17532,9921403,0
"2021-07-18",4256,4946575,4284,4505020,576,430781,35,39729,13,8462,48,48191,9164,17500,9930567,0
"2021-07-19",9120,4955695,8478,4513498,999,431780,91,39820,22,8484,113,48304,18710,17406.29,9949277,0
"2021-07-20",10647,4966342,8759,4522257,991,432771,95,39915,25,8509,120,48424,20517,17487.86,9969794,0
"2021-07-21",10060,4976402,8766,4531023,904,433675,146,40061,33,8542,179,48603,19909,17522,9989703,0
"2021-07-22",10689,4987091,8587,4539610,1046,434721,145,40206,25,8567,170,48773,20492,17720.43,10010195,0
"2021-07-23",11252,4998343,8881,4548491,1114,435835,139,40345,23,8590,162,48935,21409,17904.43,10031604,0
"2021-07-24",7402,5005745,6738,4555229,670,436505,82,40427,24,8614,106,49041,14916,17873.86,10046520,0
"2021-07-25",5477,5011222,2126,4557355,509,437014,58,40485,4,8618,62,49103,8174,17732.43,10054694,0
"2021-07-26",10872,5022094,7006,4564361,859,437873,109,40594,20,8638,129,49232,18866,17754.71,10073560,0
"2021-07-27",12068,5034162,8568,4572929,857,438730,134,40728,38,8676,172,49404,21665,17918.71,10095225,0
"2021-07-28",12016,5046178,8051,4580980,950,439680,132,40860,27,8703,159,49563,21176,18099.71,10116401,0
"2021-07-29",10934,5057112,7433,4588413,984,440664,133,40993,37,8740,170,49733,19521,17961,10135922,0
"2021-07-30",14954,5072066,8012,4596425,1151,441815,183,41176,31,8771,214,49947,24331,18378.43,10160253,0
"2021-07-31",9725,5081791,6316,4602741,815,442630,121,41297,20,8791,141,50088,16997,18675.71,10177250,0
"2021-08-01",6501,5088292,3311,4606052,564,443194,81,41378,20,8811,101,50189,10477,19004.71,10187727,0
"2021-08-02",13449,5101741,7157,4613209,846,444040,145,41523,18,8829,163,50352,21615,19397.43,10209342,0
"2021-08-03",15411,5117152,8387,4621596,1109,445149,144,41667,38,8867,182,50534,25089,19886.57,10234431,0
"2021-08-04",17263,5134415,8128,4629724,1454,446603,181,41848,34,8901,215,50749,27060,20727.14,10261491,0
"2021-08-05",17887,5152302,7929,4637653,1370,447973,160,42008,20,8921,180,50929,27366,21847.86,10288857,0
"2021-08-06",18182,5170484,8414,4646067,1232,449205,167,42175,32,8953,199,51128,28027,22375.86,10316884,0
"2021-08-07",13386,5183870,6014,4652081,799,450004,99,42274,28,8981,127,51255,20326,22851.43,10337210,0
"2021-08-08",9310,5193180,3835,4655916,400,450404,82,42356,10,8991,92,51347,13637,23302.86,10350847,0
"2021-08-09",21346,5214526,8525,4664441,965,451369,169,42525,34,9025,203,51550,31039,24649.14,10381886,0
"2021-08-10",18949,5233475,9329,4673770,946,452315,180,42705,33,9058,213,51763,29437,25270.29,10411323,0
"2021-08-11",15647,5249122,8311,4682081,853,453168,128,42833,45,9103,173,51936,24984,24973.71,10436307,0
"2021-08-12",15062,5264184,8985,4691066,942,454110,172,43005,34,9137,206,52142,25195,24663.57,10461502,0
"2021-08-13",14927,5279111,9290,4700356,920,455030,240,43245,37,9174,277,52419,25414,24290.29,10486916,0
"2021-08-14",10401,5289512,6409,4706765,625,455655,530,43775,40,9214,570,52989,18005,23958.71,10504921,0
"2021-08-15",6693,5296205,4478,4711243,676,456331,567,44342,33,9247,600,53589,12447,23788.71,10517368,0
"2021-08-16",15720,5311925,9301,4720544,1150,457481,1318,45660,65,9312,1383,54972,27554,23290.86,10544922,0
"2021-08-17",17772,5329697,10457,4731001,1229,458710,1770,47430,84,9396,1854,56826,31312,23558.71,10576234,0
"2021-08-18",17496,5347193,10374,4741375,1260,459970,1988,49418,95,9491,2083,58909,31213,24448.57,10607447,0
"2021-08-19",16296,5363489,9526,4750901,1315,461285,1955,51373,65,9556,2020,60929,29157,25014.57,10636604,0
"2021-08-20",16283,5379772,11539,4762440,1254,462539,1859,53232,84,9640,1943,62872,31019,25815.29,10667623,0
"2021-08-21",11148,5390920,8040,4770480,878,463417,1058,54290,56,9696,1114,63986,21180,26268.86,10688803,0
"2021-08-22",4080,5395000,3901,4774381,262,463679,515,54805,34,9730,549,64535,8792,25746.71,10697595,0
"2021-08-23",15584,5410584,11805,4786186,1023,464702,1547,56352,75,9805,1622,66157,30034,26101,10727629,0
"2021-08-24",16915,5427499,12596,4798782,1006,465708,1774,58126,76,9881,1850,68007,32367,26251.71,10759996,0
"2021-08-25",14579,5442078,12449,4811231,1111,466819,1564,59690,77,9958,1641,69648,29780,26047,10789776,0
"2021-08-26",16154,5458232,14095,4825326,1071,467890,1773,61463,67,10025,1840,71488,33160,26618.86,10822936,0
"2021-08-27",14881,5473113,14825,4840151,971,468861,1671,63134,74,10099,1745,73233,32422,26819.29,10855358,0
"2021-08-28",10682,5483795,11522,4851673,835,469696,1014,64148,45,10144,1059,74292,24098,27236.14,10879456,0
"2021-08-29",7218,5491013,7495,4859168,541,470237,778,64926,57,10201,835,75127,16089,28278.57,10895545,0
"2021-08-30",15522,5506535,16929,4876097,1076,471313,1791,66717,86,10287,1877,77004,35404,29045.71,10930949,0
"2021-08-31",15513,5522048,15960,4892057,951,472264,1971,68688,87,10374,2058,79062,34482,29347.86,10965431,0
"2021-09-01",14829,5536877,14104,4906161,1020,473284,1809,70497,61,10435,1870,80932,31823,29639.71,10997254,0
"2021-09-02",14323,5551200,12526,4918687,896,474180,1706,72203,61,10496,1767,82699,29512,29118.57,11026766,0
"2021-09-03",15015,5566215,14308,4932995,974,475154,1895,74098,69,10565,1964,84663,32261,29095.57,11059027,0
"2021-09-04",9646,5575861,9405,4942400,688,475842,976,75074,33,10598,1009,85672,20748,28617,11079775,0
"2021-09-05",6802,5582663,5514,4947914,438,476280,712,75786,16,10614,728,86400,13482,28244.57,11093257,0
"2021-09-06",5196,5587859,4511,4952425,358,476638,271,76057,11,10625,282,86682,10347,24665,11103604,0
"2021-09-07",15574,5603433,17704,4970129,912,477550,1554,77611,87,10712,1641,88323,35831,24857.71,11139435,0
"2021-09-08",16161,5619594,14826,4984955,1072,478622,1771,79382,83,10795,1854,90177,33913,25156.29,11173348,0
"2021-09-09",16109,5635703,14752,4999707,1047,479669,1914,81296,74,10869,1988,92165,33896,25782.57,11207244,0
"2021-09-10",18372,5654075,15392,5015099,1208,480877,1973,83269,81,10950,2054,94219,37026,26463.29,11244270,0
"2021-09-11",12636,5666711,10349,5025448,958,481835,1028,84297,48,10998,1076,95295,25019,27073.43,11269289,0
"2021-09-12",8540,5675251,5052,5030500,766,482601,690,84987,29,11027,719,96014,15077,27301.29,11284366,0
"2021-09-13",16931,5692182,12963,5043463,976,483577,1652,86639,53,11080,1705,97719,32575,30476.71,11316941,0
"2021-09-14",16267,5708449,13677,5057140,886,484463,1595,88234,55,11135,1650,99369,32480,29998,11349421,0
"2021-09-15",15538,5723987,12884,5070024,727,485190,1569,89803,78,11213,1647,101016,30796,29552.71,11380217,0
"2021-09-16",15339,5739326,13911,5083935,1209,486399,1459,91262,66,11279,1525,102541,31984,29279.57,11412201,0
"2021-09-17",14436,5753762,13963,5097898,922,487321,1828,93090,57,11336,1885,104426,31206,28448.14,11443407,0
"2021-09-18",10000,5763762,10184,5108082,913,488234,1046,94136,41,11377,1087,105513,22184,28043.14,11465591,0
"2021-09-19",6177,5769939,6072,5114154,558,488792,747,94883,29,11406,776,106289,13583,27829.71,11479174,0
"2021-09-20",12676,5782615,12629,5126783,1068,489860,1922,96805,58,11464,1980,108269,28353,27226.57,11507527,0
"2021-09-21",12232,5794847,12769,5139552,1109,490969,2026,98831,77,11541,2103,110372,28213,26617,11535740,0
"2021-09-22",12822,5807669,12005,5151557,1089,492058,1686,100517,67,11608,1753,112125,27669,26170.29,11563409,0
"2021-09-23",14938,5822607,12760,5164317,1639,493697,2266,102783,73,11681,2339,114464,31676,26126.29,11595085,0
"2021-09-24",16446,5839053,13367,5177684,1636,495333,4626,107409,114,11795,4740,119204,36189,26838.14,11631274,0
"2021-09-25",10541,5849594,9023,5186707,1018,496351,3463,110872,76,11871,3539,122743,24121,27114.86,11655395,0
"2021-09-26",6300,5855894,5763,5192470,773,497124,2425,113297,56,11927,2481,125224,15317,27362.57,11670712,0
"2021-09-27",14160,5870054,8055,5200525,1155,498279,9064,122361,157,12084,9221,134445,32591,27968,11703303,0
"2021-09-28",11142,5881196,11781,5212306,902,499181,9916,132277,175,12259,10091,144536,33916,28782.71,11737219,0
"2021-09-29",11604,5892800,12195,5224501,1205,500386,9453,141730,163,12422,9616,154152,34620,29775.71,11771839,0
"2021-09-30",12239,5905039,12605,5237106,1338,501724,9746,151476,174,12596,9920,164072,36102,30408,11807941,0
"2021-10-01",12641,5917680,13433,5250539,1284,503008,10270,161746,147,12743,10417,174489,37775,30634.57,11845716,0
"2021-10-02",7730,5925410,9975,5260514,865,503873,4244,165990,74,12817,4318,178807,22888,30458.43,11868604,0
"2021-10-03",5075,5930485,6157,5266671,593,504466,2613,168603,56,12873,2669,181476,14494,30340.86,11883098,0
"2021-10-04",9909,5940394,11022,5277693,913,505379,9528,178131,141,13014,9669,191145,31513,30186.86,11914611,0
"2021-10-05",10157,5950551,11739,5289432,972,506351,9937,188068,176,13190,10113,201258,32981,30053.29,11947592,0
"2021-10-06",9901,5960452,11051,5300483,936,507287,9931,197999,156,13346,10087,211345,31975,29675.43,11979567,0
"2021-10-07",9616,5970068,12153,5312636,850,508137,10181,208180,167,13513,10348,221693,32967,29227.57,12012534,0
"2021-10-08",9457,5979525,12175,5324811,941,509078,10908,219088,163,13676,11071,232764,33644,28637.43,12046178,0
"2021-10-09",6245,5985770,8237,5333048,643,509721,4116,223204,87,13763,4203,236967,19328,28128.86,12065506,0
"2021-10-10",3542,5989312,5029,5338077,458,510179,2433,225637,43,13806,2476,239443,11505,27701.86,12077011,0
"2021-10-11",7618,5996930,9328,5347405,728,510907,8892,234529,160,13966,9052,248495,26726,27018,12103737,0
"2021-10-12",8071,6005001,10996,5358401,891,511798,10517,245046,181,14147,10698,259193,30656,26685.86,12134393,0
"2021-10-13",7151,6012152,10148,5368549,869,512667,8798,253844,176,14323,8974,268167,27142,25995.43,12161535,0
"2021-10-14",7441,6019593,11113,5379662,836,513503,10120,263964,160,14483,10280,278447,29670,25524.43,12191205,0
"2021-10-15",7723,6027316,11849,5391511,823,514326,10823,274787,169,14652,10992,289439,31387,25202,12222592,0
"2021-10-16",4863,6032179,7469,5398980,666,514992,3844,278631,65,14717,3909,293348,16907,24856.14,12239499,0
"2021-10-17",3060,6035239,4473,5403453,411,515403,2452,281083,41,14758,2493,295841,10437,24703.57,12249936,0
"2021-10-18",7049,6042288,10666,5414119,796,516199,9485,290568,173,14931,9658,305499,28169,24909.71,12278105,0
"2021-10-19",6576,6048864,8946,5423065,804,517003,9091,299659,168,15099,9259,314758,25585,24185.29,12303690,0
"2021-10-20",6536,6055400,9375,5432440,975,517978,9994,309653,170,15269,10164,324922,27050,24172.14,12330740,0
"2021-10-21",7025,6062425,9385,5441825,858,518836,10846,320499,150,15419,10996,335918,28264,23971.29,12359004,0
"2021-10-22",8120,6070545,10342,5452167,1026,519862,16354,336853,211,15630,16565,352483,36053,24637.86,12395057,0
"2021-10-23",5168,6075713,6457,5458624,690,520552,9124,345977,115,15745,9239,361722,21554,25301.71,12416611,0
"2021-10-24",3274,6078987,3971,5462595,769,521321,6156,352133,75,15820,6231,367953,14245,25845.71,12430856,0
"2021-10-25",8767,6087754,8741,5471336,1150,522471,19249,371382,292,16112,19541,387494,38199,27278.57,12469055,0
"2021-10-26",8200,6095954,7722,5479058,1258,523729,17292,388674,260,16372,17552,405046,34732,28585.29,12503787,0
"2021-10-27",10557,6106511,8391,5487449,1604,525333,20858,409532,315,16687,21173,426219,41725,30681.71,12545512,0
"2021-10-28",11329,6117840,8033,5495482,1793,527126,20848,430380,313,17000,21161,447380,42316,32689.14,12587828,0
"2021-10-29",11855,6129695,8240,5503722,1958,529084,22540,452920,320,17320,22860,470240,44913,33954.86,12632741,0
"2021-10-30",4633,6134328,5062,5508784,930,530014,11172,464092,161,17481,11333,481573,21958,34012.57,12654699,0
"2021-10-31",2664,6136992,2702,5511486,544,530558,6635,470727,99,17580,6734,488307,12644,33783.86,12667343,0
"2021-11-01",7135,6144127,6956,5518442,1089,531647,20388,491115,318,17898,20706,509013,35886,33453.43,12703229,0
"2021-11-02",6579,6150706,6591,5525033,1054,532701,20787,511902,264,18162,21051,530064,35275,33531,12738504,0
"2021-11-03",6849,6157555,6678,5531711,1026,533727,20635,532537,301,18463,20936,551000,35489,32640.14,12773993,0
"2021-11-04",9310,6166865,6279,5537990,995,534722,22367,554904,344,18807,22711,573711,39295,32208.57,12813288,0
"2021-11-05",11053,6177918,6723,5544713,1051,535773,23763,578667,347,19154,24110,597821,42937,31926.29,12856225,0
"2021-11-06",11134,6189052,4051,5548764,594,536367,12594,591261,165,19319,12759,610580,28538,32866.29,12884763,0
"2021-11-07",7256,6196308,2286,5551050,577,536944,7109,598370,93,19412,7202,617782,17321,33534.43,12902084,0
"2021-11-08",15054,6211362,5679,5556729,864,537808,19517,617887,273,19685,19790,637572,41387,34320.29,12943471,0
"2021-11-09",16149,6227511,5389,5562118,660,538468,20517,638404,267,19952,20784,658356,42982,35421.29,12986453,0
"2021-11-10",16932,6244443,5321,5567439,683,539151,22653,661057,288,20240,22941,681297,45877,36905.29,13032330,0
"2021-11-11",12571,6257014,5186,5572625,759,539910,22090,683147,282,20522,22372,703669,40888,37132.86,13073218,0
"2021-11-12",16894,6273908,5686,5578311,705,540615,23409,706556,350,20872,23759,727428,47044,37719.57,13120262,0
"2021-11-13",9940,6283848,3663,5581974,463,541078,13328,719884,179,21051,13507,740935,27573,37581.71,13147835,0
"2021-11-14",6011,6289859,2291,5584265,325,541403,7935,727819,75,21126,8010,748945,16637,37484,13164472,0
"2021-11-15",13211,6303070,5974,5590239,690,542093,25116,752935,352,21478,25468,774413,45343,38049.14,13209815,0
"2021-11-16",9963,6313033,5781,5596020,655,542748,30674,783609,414,21892,31088,805501,47487,38692.71,13257302,0
"2021-11-17",10304,6323337,6670,5602690,681,543429,31426,815035,404,22296,31830,837331,49485,39208.14,13306787,0
"2021-11-18",10726,6334063,6541,5609231,857,544286,33016,848051,444,22740,33460,870791,51584,40736.14,13358371,0
"2021-11-19",12021,6346084,6547,5615778,715,545001,36249,884300,447,23187,36696,907487,55979,42012.57,13414350,0
"2021-11-20",9330,6355414,3418,5619196,513,545514,22514,906814,252,23439,22766,930253,36027,43220.29,13450377,0
"2021-11-21",4945,6360359,1888,5621084,288,545802,13206,920020,147,23586,13353,943606,20474,43768.43,13470851,0
"2021-11-22",10433,6370792,5787,5626871,750,546552,35935,955955,431,24017,36366,979972,53336,44910.29,13524187,0
"2021-11-23",9786,6380578,4782,5631653,636,547188,33528,989483,367,24384,33895,1013867,49099,45140.57,13573286,0
"2021-11-24",8707,6389285,4751,5636404,650,547838,25924,1015407,279,24663,26203,1040070,40311,43830,13613597,0
"2021-11-25",448,6389733,326,5636730,80,547918,1003,1016410,9,24672,1012,1041082,1866,36727.43,13615463,0
"2021-11-26",8059,6397792,6988,5643718,528,548446,26598,1043008,285,24957,26883,1067965,42458,34795.86,13657921,0
"2021-11-27",6683,6404475,6833,5650551,371,548817,18844,1061852,218,25175,19062,1087027,32949,34356.14,13690870,0
"2021-11-28",4082,6408557,5792,5656343,282,549099,11889,1073741,116,25291,12005,1099032,22161,34597.14,13713031,0
"2021-11-29",9107,6417664,11001,5667344,687,549786,35084,1108825,424,25715,35508,1134540,56303,35021,13769334,0
"2021-11-30",10513,6428177,11438,5678782,512,550298,37786,1146611,486,26201,38272,1172812,60735,36683.29,13830069,0
"2021-12-01",11191,6439368,10984,5689766,724,551022,40354,1186965,432,26633,40786,1213598,63685,40022.43,13893754,0
"2021-12-02",11656,6451024,11040,5700806,626,551648,42168,1229133,446,27079,42614,1256212,65936,49175.29,13959690,0
"2021-12-03",13478,6464502,12890,5713696,675,552323,47954,1277087,510,27589,48464,1304676,75507,53896.57,14035197,0
"2021-12-04",9856,6474358,11292,5724988,567,552890,30678,1307765,299,27888,30977,1335653,52692,56717,14087889,0
"2021-12-05",5758,6480116,5706,5730694,270,553160,16660,1324425,127,28015,16787,1352440,28521,57625.57,14116410,0
"2021-12-06",12340,6492456,9954,5740648,600,553760,43248,1367673,438,28453,43686,1396126,66580,59093.71,14182990,0
"2021-12-07",12586,6505042,9259,5749907,624,554384,43049,1410722,491,28944,43540,1439666,66009,59847.14,14248999,0
"2021-12-08",13530,6518572,8776,5758683,554,554938,40798,1451520,461,29405,41259,1480925,64119,59909.14,14313118,0
"2021-12-09",13492,6532064,8750,5767433,555,555493,40833,1492353,480,29885,41313,1522238,64110,59648.29,14377228,0
"2021-12-10",14028,6546092,10147,5777580,670,556163,43680,1536033,483,30368,44163,1566401,69008,58719.86,14446236,0
"2021-12-11",10277,6556369,8127,5785707,405,556568,26702,1562735,273,30641,26975,1593376,45784,57733,14492020,0
"2021-12-12",6018,6562387,3853,5789560,288,556856,15172,1577907,130,30771,15302,1608678,25461,57295.86,14517481,0
"2021-12-13",12227,6574614,7431,5796991,658,557514,37886,1615793,392,31163,38278,1646956,58594,56155,14576075,0
"2021-12-14",12236,6586850,6958,5803949,731,558245,38160,1653953,423,31586,38583,1685539,58508,55083.43,14634583,0
"2021-12-15",12103,6598953,6241,5810190,755,559000,38142,1692095,479,32065,38621,1724160,57720,54169.29,14692303,0
"2021-12-16",13155,6612108,4276,5814466,742,559742,41075,1733170,435,32500,41510,1765670,59683,53536.86,14751986,0
"2021-12-17",15944,6628052,6932,5821398,620,560362,46796,1779966,468,32968,47264,1812934,70760,53787.14,14822746,0
"2021-12-18",13021,6641073,5720,5827118,432,560794,30625,1810591,265,33233,30890,1843824,50063,54398.43,14872809,0
"2021-12-19",7017,6648090,2993,5830111,326,561120,18012,1828603,169,33402,18181,1862005,28517,54835,14901326,0
"2021-12-20",16859,6664949,5868,5835979,746,561866,47471,1876074,561,33963,48032,1910037,71505,56679.43,14972831,0
"2021-12-21",17965,6682914,6571,5842550,806,562672,48928,1925002,574,34537,49502,1959539,74844,59013.14,15047675,0
"2021-12-22",18548,6701462,6564,5849114,939,563611,49723,1974725,522,35059,50245,2009784,76296,61666.86,15123971,0
"2021-12-23",19038,6720500,6486,5855600,930,564541,45869,2020594,512,35571,46381,2056165,72835,63545.71,15196806,0
"2021-12-24",9237,6729737,2954,5858554,598,565139,20599,2041193,212,35783,20811,2076976,33600,58237.14,15230406,0
"2021-12-25",344,6730081,63,5858617,31,565170,427,2041620,8,35791,435,2077411,873,51210,15231279,0
"2021-12-26",7963,6738044,3928,5862545,340,565510,17284,2058904,172,35963,17456,2094867,29687,51377.14,15260966,0
"2021-12-27",21784,6759828,9201,5871746,934,566444,43457,2102361,540,36503,43997,2138864,75916,52007.29,15336882,0
"2021-12-28",20160,6779988,8330,5880076,699,567143,47586,2149947,599,37102,48185,2187049,77374,52368.71,15414256,0
"2021-12-29",18498,6798486,7670,5887746,607,567750,45574,2195521,473,37575,46047,2233096,72822,51872.43,15487078,0
"2021-12-30",16889,6815375,7421,5895167,587,568337,44847,2240368,574,38149,45421,2278517,70318,51512.86,15557396,0
"2021-12-31",5357,6820732,2807,5897974,193,568530,14772,2255140,177,38326,14949,2293466,23306,50042.29,15580702,0
"2022-01-01",243,6820975,147,5898121,12,568542,501,2255641,21,38347,522,2293988,924,50049.57,15581626,0
"2022-01-02",6432,6827407,5020,5903141,153,568695,10978,2266619,111,38458,11089,2305077,22694,49050.57,15604320,0
"2022-01-03",14129,6841536,8498,5911639,514,569209,26946,2293565,326,38784,27272,2332349,50413,45407.29,15654733,0
"2022-01-04",12824,6854360,8113,5919752,414,569623,27227,2320792,354,39138,27581,2359930,48932,41344.14,15703665,0
"2022-01-05",11405,6865765,7001,5926753,382,570005,25928,2346720,303,39441,26231,2386161,45019,37372.29,15748684,0
"2022-01-06",11456,6877221,7381,5934134,483,570488,27547,2374267,330,39771,27877,2414038,47197,34069.29,15795881,0
"2022-01-07",10382,6887603,8418,5942552,338,570826,25034,2399301,315,40086,25349,2439387,44487,37095.14,15840368,0
"2022-01-08",7853,6895456,8566,5951118,310,571136,19471,2418772,176,40262,19647,2459034,36376,42159.71,15876744,0
"2022-01-09",4129,6899585,3842,5954960,214,571350,10065,2428837,92,40354,10157,2469191,18342,41538,15895086,0
"2022-01-10",10175,6909760,8191,5963151,490,571840,24613,2453450,298,40652,24911,2494102,43767,40588.57,15938853,0
"2022-01-11",8890,6918650,7986,5971137,521,572361,21023,2474473,282,40934,21305,2515407,38702,39127.14,15977555,0
"2022-01-12",8934,6927584,8324,5979461,427,572788,22342,2496815,285,41219,22627,2538034,40312,38454.71,16017867,0
"2022-01-13",9041,6936625,8866,5988327,451,573239,22878,2519693,316,41535,23194,2561228,41552,37648.29,16059419,0
"2022-01-14",10106,6946731,8118,5996445,476,573715,26436,2546129,321,41856,26757,2587985,45457,37786.86,16104876,0
"2022-01-15",6208,6952939,4307,6000752,178,573893,15145,2561274,175,42031,15320,2603305,26013,36306.43,16130889,0
"2022-01-16",2918,6955857,3248,6004000,95,573988,7824,2569098,84,42115,7908,2611213,14169,35710.29,16145058,0
"2022-01-17",6076,6961933,6754,6010754,363,574351,14684,2583782,216,42331,14900,2626113,28093,33471.14,16173151,0
"2022-01-18",8159,6970092,10323,6021077,396,574747,19667,2603449,316,42647,19983,2646096,38861,33493.86,16212012,0
"2022-01-19",7461,6977553,9249,6030326,304,575051,17721,2621170,268,42915,17989,2664085,35003,32735.43,16247015,0
"2022-01-20",6279,6983832,8560,6038886,305,575356,15254,2636424,242,43157,15496,2679581,30640,31176.57,16277655,0
"2022-01-21",7567,6991399,7507,6046393,276,575632,18512,2654936,281,43438,18793,2698374,34143,29560.29,16311798,0
"2022-01-22",5188,6996587,4939,6051332,131,575763,11321,2666257,125,43563,11446,2709820,21704,28944.71,16333502,0
"2022-01-23",2811,6999398,3327,6054659,97,575860,6229,2672486,76,43639,6305,2716125,12540,28712,16346042,0
"2022-01-24",6363,7005761,8205,6062864,262,576122,15076,2687562,238,43877,15314,2731439,30144,29005,16376186,0
"2022-01-25",6183,7011944,7935,6070799,233,576355,14695,2702257,255,44132,14950,2746389,29301,27639.29,16405487,0
"2022-01-26",5749,7017693,7173,6077972,289,576644,14019,2716276,209,44341,14228,2760617,27439,26558.71,16432926,0
"2022-01-27",5253,7022946,7093,6085065,321,576965,14086,2730362,229,44570,14315,2774932,26982,26036.14,16459908,0
"2022-01-28",6254,7029200,7874,6092939,203,577168,16135,2746497,235,44805,16370,2791302,30701,25544.43,16490609,0
"2022-01-29",840,7030040,728,6093667,28,577196,2539,2749036,39,44844,2578,2793880,4174,23040.14,16494783,0
"2022-01-30",2097,7032137,3022,6096689,103,577299,4535,2753571,64,44908,4599,2798479,9821,22651.71,16504604,0
"2022-01-31",5003,7037140,6593,6103282,220,577519,11390,2764961,197,45105,11587,2810066,23403,21688.71,16528007,0
"2022-02-01",4830,7041970,6436,6109718,219,577738,10718,2775679,215,45320,10933,2820999,22418,20705.43,16550425,0
"2022-02-02",4255,7046225,5931,6115649,213,577951,11235,2786914,242,45562,11477,2832476,21876,19910.71,16572301,0
"2022-02-03",4226,7050451,5815,6121464,216,578167,11219,2798133,199,45761,11418,2843894,21675,19152.57,16593976,0
"2022-02-04",4766,7055217,7113,6128577,214,578381,13218,2811351,237,45998,13455,2857349,25548,18416.43,16619524,0
"2022-02-05",3582,7058799,6049,6134626,110,578491,8578,2819929,149,46147,8727,2866076,18468,20458.43,16637992,0
"2022-02-06",2062,7060861,2137,6136763,121,578612,4637,2824566,102,46249,4739,2870815,9059,20349.57,16647051,0
"2022-02-07",4156,7065017,4729,6141492,205,578817,10133,2834699,231,46480,10364,2881179,19454,19785.43,16666505,0
"2022-02-08",4215,7069232,5611,6147103,214,579031,11331,2846030,302,46782,11633,2892812,21673,19679,16688178,0
"2022-02-09",4134,7073366,5405,6152508,222,579253,11662,2857692,252,47034,11914,2904726,21675,19650.29,16709853,0
"2022-02-10",3993,7077359,5125,6157633,245,579498,12198,2869890,284,47318,12482,2917208,21845,19674.57,16731698,0
"2022-02-11",4520,7081879,5803,6163436,195,579693,13730,2883620,317,47635,14047,2931255,24565,19534.14,16756263,0
"2022-02-12",3258,7085137,4341,6167777,97,579790,8809,2892429,214,47849,9023,2940278,16719,19284.29,16772982,0
"2022-02-13",1522,7086659,1544,6169321,41,579831,4880,2897309,109,47958,4989,2945267,8096,19146.71,16781078,0
"2022-02-14",2983,7089642,3624,6172945,167,579998,10570,2907879,324,48282,10894,2956161,17668,18891.57,16798746,0
"2022-02-15",3557,7093199,4072,6177017,175,580173,12784,2920663,279,48561,13063,2969224,20867,18776.43,16819613,0
"2022-02-16",3660,7096859,3906,6180923,200,580373,15722,2936385,292,48853,16014,2985238,23780,19077.14,16843393,0
"2022-02-17",4036,7100895,4082,6185005,162,580535,18277,2954662,356,49209,18633,3003871,26913,19801.14,16870306,0
"2022-02-18",4469,7105364,4787,6189792,190,580725,21534,2976196,451,49660,21985,3025856,31431,20782,16901737,0
"2022-02-19",3253,7108617,2182,6191974,65,580790,11179,2987375,216,49876,11395,3037251,16895,20807.14,16918632,0
"2022-02-20",1860,7110477,1444,6193418,59,580849,6583,2993958,112,49988,6695,3043946,10058,21087.43,16928690,0
"2022-02-21",3083,7113560,2697,6196115,95,580944,8351,3002309,228,50216,8579,3052525,14454,20628.29,16943144,0
"2022-02-22",4380,7117940,4252,6200367,175,581119,10834,3013143,249,50465,11083,3063608,19890,20488.71,16963034,0
"2022-02-23",4263,7122203,3788,6204155,145,581264,10669,3023812,239,50704,10908,3074516,19104,19820.71,16982138,0
"2022-02-24",3796,7125999,3656,6207811,108,581372,10192,3034004,227,50931,10419,3084935,17979,18544.43,17000117,0
"2022-02-25",3616,7129615,3629,6211440,135,581507,9980,3043984,236,51167,10216,3095151,17596,16568,17017713,0
"2022-02-26",2837,7132452,2579,6214019,74,581581,9513,3053497,152,51319,9665,3104816,15155,16319.43,17032868,0
"2022-02-27",1772,7134224,1373,6215392,52,581633,6267,3059764,100,51419,6367,3111183,9564,16248.86,17042432,0
"2022-02-28",3799,7138023,3133,6218525,141,581774,13134,3072898,246,51665,13380,3124563,20453,17105.86,17062885,0
"2022-03-01",2135,7140158,2626,6221151,103,581877,5178,3078076,184,51849,5362,3129925,10226,15725.29,17073111,0
"2022-03-02",1838,7141996,2440,6223591,106,581983,4130,3082206,209,52058,4339,3134264,8723,14242.29,17081834,0
"2022-03-03",1936,7143932,2556,6226147,106,582089,3798,3086004,169,52227,3967,3138231,8565,12897.43,17090399,0
"2022-03-04",2123,7146055,2874,6229021,66,582155,4328,3090332,208,52435,4536,3142767,9599,11755,17099998,0
"2022-03-05",1612,7147667,2124,6231145,43,582198,3318,3093650,115,52550,3433,3146200,7212,10620.29,17107210,0
"2022-03-06",798,7148465,879,6232024,30,582228,1623,3095273,55,52605,1678,3147878,3385,9737.57,17110595,0
"2022-03-07",1668,7150133,1786,6233810,86,582314,3497,3098770,161,52766,3658,3151536,7198,7844,17117793,0
"2022-03-08",1549,7151682,1894,6235704,79,582393,3125,3101895,149,52915,3274,3154810,6796,7354,17124589,0
"2022-03-09",1265,7152947,1678,6237382,79,582472,2586,3104481,130,53045,2716,3157526,5738,6927.57,17130327,0
"2022-03-10",1419,7154366,2100,6239482,85,582557,2958,3107439,162,53207,3120,3160646,6724,6664.57,17137051,0
"2022-03-11",1601,7155967,2274,6241756,81,582638,3212,3110651,188,53395,3400,3164046,7356,6344.14,17144407,0
"2022-03-12",880,7156847,1414,6243170,42,582680,2005,3112656,75,53470,2080,3166126,4416,5944.71,17148823,0
"2022-03-13",624,7157471,757,6243927,28,582708,1292,3113948,47,53517,1339,3167465,2748,5853.71,17151571,0
"2022-03-14",1372,7158843,1608,6245535,83,582791,2990,3116938,207,53724,3197,3170662,6260,5719.71,17157831,0
"2022-03-15",1361,7160204,1926,6247461,63,582854,3067,3120005,230,53954,3297,3173959,6647,5698.43,17164478,0
"2022-03-16",1397,7161601,2066,6249527,94,582948,3137,3123142,296,54250,3433,3177392,6990,5877.29,17171468,0
"2022-03-17",1193,7162794,1807,6251334,70,583018,2761,3125903,266,54516,3027,3180419,6097,5787.71,17177565,0
"2022-03-18",1592,7164386,2218,6253552,79,583097,3770,3129673,417,54933,4187,3184606,8076,5890.57,17185641,0
"2022-03-19",1114,7165500,1733,6255285,54,583151,2600,3132273,227,55160,2827,3187433,5728,6078,17191369,0
"2022-03-20",614,7166114,628,6255913,33,583184,1461,3133734,186,55346,1647,3189080,2922,6102.86,17194291,0
"2022-03-21",1421,7167535,1553,6257466,72,583256,3056,3136790,357,55703,3413,3192493,6459,6131.29,17200750,0
"2022-03-22",1345,7168880,1555,6259021,101,583357,2904,3139694,344,56047,3248,3195741,6249,6074.43,17206999,0
"2022-03-23",1260,7170140,1361,6260382,66,583423,2920,3142614,374,56421,3294,3199035,5981,5930.29,17212980,0
"2022-03-24",1214,7171354,1296,6261678,90,583513,2520,3145134,268,56689,2788,3201823,5388,5829,17218368,0
"2022-03-25",1390,7172744,1630,6263308,62,583575,3263,3148397,378,57067,3641,3205464,6723,5635.71,17225091,0
"2022-03-26",927,7173671,1162,6264470,36,583611,2308,3150705,250,57317,2558,3208022,4683,5486.43,17229774,0
"2022-03-27",574,7174245,528,6264998,29,583640,1312,3152017,204,57521,1516,3209538,2647,5447.14,17232421,0
"2022-03-28",1086,7175331,1164,6266162,69,583709,2439,3154456,365,57886,2804,3212342,5123,5256.29,17237544,0
"2022-03-29",1052,7176383,1105,6267267,85,583794,2514,3156970,879,58765,3393,3215735,5635,5168.57,17243179,0
"2022-03-30",1249,7177632,1142,6268409,98,583892,3065,3160035,3404,62169,6469,3222204,8958,5593.86,17252137,0
"2022-03-31",1288,7178920,1259,6269668,57,583949,3166,3163201,5506,67675,8672,3230876,11276,6435,17263413,0
"2022-04-01",1431,7180351,1499,6271167,76,584025,3248,3166449,6899,74574,10147,3241023,13153,7353.57,17276566,0
"2022-04-02",912,7181263,912,6272079,33,584058,2096,3168545,4525,79099,6621,3247644,8478,7895.71,17285044,0
"2022-04-03",560,7181823,498,6272577,28,584086,1222,3169767,3051,82150,4273,3251917,5359,8283.14,17290403,0
"2022-04-04",1355,7183178,1307,6273884,61,584147,2735,3172502,7698,89848,10433,3262350,13156,9430.71,17303559,0
"2022-04-05",1305,7184483,1162,6275046,66,584213,2855,3175357,7481,97329,10336,3272686,12869,10464.14,17316428,0
"2022-04-06",1345,7185828,1181,6276227,61,584274,2626,3177983,6948,104277,9574,3282260,12161,10921.71,17328589,0
"2022-04-07",1208,7187036,1066,6277293,57,584331,2377,3180360,6606,110883,8983,3291243,11314,10927.14,17339903,0
"2022-04-08",1482,7188518,1408,6278701,61,584392,3176,3183536,8775,119658,11951,3303194,14902,11177,17354805,0
"2022-04-09",916,7189434,924,6279625,29,584421,2082,3185618,4941,124599,7023,3310217,8892,11236.14,17363697,0
"2022-04-10",584,7190018,461,6280086,25,584446,1171,3186789,2894,127493,4065,3314282,5135,11204.14,17368832,0
"2022-04-11",1313,7191331,1238,6281324,59,584505,2667,3189456,7799,135292,10466,3324748,13076,11192.71,17381908,0
"2022-04-12",1223,7192554,1058,6282382,73,584578,2525,3191981,7412,142704,9937,3334685,12291,11110.14,17394199,0
"2022-04-13",1240,7193794,1080,6283462,59,584637,2518,3194499,7536,150240,10054,3344739,12433,11149,17406632,0
"2022-04-14",1275,7195069,1100,6284562,59,584696,2447,3196946,6570,156810,9017,3353756,11451,11168.57,17418083,0
"2022-04-15",1339,7196408,1098,6285660,53,584749,2572,3199518,6617,163427,9189,3362945,11679,10708.14,17429762,0
"2022-04-16",861,7197269,653,6286313,34,584783,1645,3201163,3678,167105,5323,3368268,6871,10419.43,17436633,0
"2022-04-17",347,7197616,202,6286515,27,584810,639,3201802,1155,168260,1794,3370062,2370,10024.43,17439003,0
"2022-04-18",1392,7199008,1119,6287634,82,584892,2586,3204388,6410,174670,8996,3379058,11589,9812,17450592,0
"2022-04-19",1424,7200432,939,6288573,72,584964,2573,3206961,5739,180409,8312,3387370,10747,9591.43,17461339,0
"2022-04-20",1320,7201752,1160,6289733,65,585029,2715,3209676,6622,187031,9337,3396707,11882,9512.71,17473221,0
"2022-04-21",1229,7202981,1065,6290798,53,585082,2330,3212006,5336,192367,7666,3404373,10013,9307.29,17483234,0
"2022-04-22",1217,7204198,1025,6291823,46,585128,2204,3214210,5635,198002,7839,3412212,10127,9085.57,17493361,0
"2022-04-23",718,7204916,751,6292574,59,585187,1427,3215637,3345,201347,4772,3416984,6300,9004,17499661,0
"2022-04-24",442,7205358,338,6292912,27,585214,813,3216450,1811,203158,2624,3419608,3431,9155.57,17503092,0
"2022-04-25",1032,7206390,917,6293829,64,585278,1853,3218303,5087,208245,6940,3426548,8953,8779,17512045,0
"2022-04-26",952,7207342,860,6294689,76,585354,1752,3220055,4686,212931,6438,3432986,8326,8433.14,17520371,0
"2022-04-27",1040,7208382,1025,6295714,80,585434,1929,3221984,5203,218134,7132,3440118,9277,8061,17529648,0
"2022-04-28",1092,7209474,989,6296703,50,585484,2007,3223991,4725,222859,6732,3446850,8863,7896.71,17538511,0
"2022-04-29",1191,7210665,1108,6297811,60,585544,2161,3226152,5388,228247,7549,3454399,9908,7865.43,17548419,0
"2022-04-30",729,7211394,742,6298553,50,585594,1395,3227547,2953,231200,4348,3458747,5869,7803.86,17554288,0
"2022-05-01",445,7211839,366,6298919,20,585614,767,3228314,1656,232856,2423,3461170,3254,7778.57,17557542,0
"2022-05-02",1058,7212897,796,6299715,52,585666,1671,3229985,3813,236669,5484,3466654,7390,7555.29,17564932,0
"2022-05-03",1126,7214023,864,6300579,61,585727,1997,3231982,4858,241527,6855,3473509,8906,7638.14,17573838,0
"2022-05-04",1021,7215044,885,6301464,48,585775,1917,3233899,4642,246169,6559,3480068,8513,7529,17582351,0
"2022-05-05",1077,7216121,953,6302417,86,585861,1923,3235822,4867,251036,6790,3486858,8906,7535.14,17591257,0
"2022-05-06",1093,7217214,961,6303378,51,585912,1868,3237690,4383,255419,6251,3493109,8356,7313.43,17599613,0
"2022-05-07",661,7217875,593,6303971,32,585944,1204,3238894,2425,257844,3629,3496738,4915,7177.14,17604528,0
"2022-05-08",417,7218292,247,6304218,17,585961,665,3239559,1381,259225,2046,3498784,2727,7101.86,17607255,0
"2022-05-09",1087,7219379,948,6305166,60,586021,1888,3241447,4420,263645,6308,3505092,8403,7246.57,17615658,0
"2022-05-10",1098,7220477,932,6306098,54,586075,1987,3243434,4710,268355,6697,3511789,8781,7228.71,17624439,0
"2022-05-11",1095,7221572,981,6307079,44,586119,1940,3245374,4826,273181,6766,3518555,8886,7282,17633325,0
"2022-05-12",1107,7222679,951,6308030,60,586179,2001,3247375,4656,277837,6657,3525212,8775,7263.29,17642100,0
"2022-05-13",1165,7223844,1040,6309070,44,586223,2061,3249436,4784,282621,6845,3532057,9094,7368.71,17651194,0
"2022-05-14",832,7224676,670,6309740,31,586254,1471,3250907,2942,285563,4413,3536470,5946,7516,17657140,0
"2022-05-15",512,7225188,357,6310097,22,586276,924,3251831,1645,287208,2569,3539039,3460,7620.71,17660600,0
"2022-05-16",1233,7226421,860,6310957,62,586338,1831,3253662,3854,291062,5685,3544724,7840,7540.29,17668440,0
"2022-05-17",1301,7227722,928,6311885,79,586417,2050,3255712,4872,295934,6922,3551646,9230,7604.43,17677670,0
"2022-05-18",1249,7228971,902,6312787,82,586499,2065,3257777,4916,300850,6981,3558627,9214,7651.29,17686884,0
"2022-05-19",1173,7230144,882,6313669,36,586535,2118,3259895,4715,305565,6833,3565460,8924,7672.57,17695808,0
"2022-05-20",1205,7231349,960,6314629,74,586609,2363,3262258,5189,310754,7552,3573012,9791,7772.14,17705599,0
"2022-05-21",839,7232188,649,6315278,23,586632,1723,3263981,3289,314043,5012,3578024,6523,7854.57,17712122,0
"2022-05-22",513,7232701,291,6315569,22,586654,1134,3265115,1838,315881,2972,3580996,3798,7902.86,17715920,0
"2022-05-23",1227,7233928,891,6316460,52,586706,2187,3267302,4694,320575,6881,3587877,9051,8075.86,17724971,0
"2022-05-24",1436,7235364,942,6317402,66,586772,2295,3269597,4468,325043,6763,3594640,9207,8072.57,17734178,0
"2022-05-25",1441,7236805,960,6318362,56,586828,2262,3271859,4237,329280,6499,3601139,8956,8035.71,17743134,0
"2022-05-26",1184,7237989,883,6319245,60,586888,2261,3274120,4131,333411,6392,3607531,8519,7977.86,17751653,0
"2022-05-27",1258,7239247,958,6320203,38,586926,2491,3276611,3894,337305,6385,3613916,8639,7813.29,17760292,0
"2022-05-28",721,7239968,518,6320721,19,586945,1779,3278390,2060,339365,3839,3617755,5097,7609.57,17765389,0
"2022-05-29",476,7240444,218,6320939,11,586956,761,3279151,1117,340482,1878,3619633,2583,7436,17767972,0
"2022-05-30",91,7240535,57,6320996,6,586962,139,3279290,145,340627,284,3619917,438,6205.57,17768410,0
"2022-05-31",1142,7241677,920,6321916,51,587013,1884,3281174,3054,343681,4938,3624855,7051,5897.57,17775461,0
"2022-06-01",1161,7242838,849,6322765,63,587076,1966,3283140,3407,347088,5373,3630228,7446,5681.86,17782907,0
"2022-06-02",1037,7243875,802,6323567,72,587148,1822,3284962,3158,350246,4980,3635208,6891,5449.29,17789798,0
"2022-06-03",1169,7245044,892,6324459,47,587195,2056,3287018,3479,353725,5535,3640743,7643,5307,17797441,0
"2022-06-04",728,7245772,582,6325041,26,587221,1550,3288568,1897,355622,3447,3644190,4783,5262.14,17802224,0
"2022-06-05",451,7246223,297,6325338,1,587222,881,3289449,977,356599,1858,3646048,2607,5265.57,17804831,0
"2022-06-06",1127,7247350,827,6326165,64,587286,1752,3291201,2728,359327,4480,3650528,6498,6131.29,17811329,0
"2022-06-07",1031,7248381,768,6326933,70,587356,1773,3292974,2556,361883,4329,3654857,6198,6009.43,17817527,0
"2022-06-08",1099,7249480,836,6327769,75,587431,1871,3294845,2730,364613,4601,3659458,6611,5890.14,17824138,0
"2022-06-09",1147,7250627,839,6328608,61,587492,2216,3297061,2680,367293,4896,3664354,6943,5897.57,17831081,0
"2022-06-10",1055,7251682,819,6329427,75,587567,1880,3298941,2813,370106,4693,3669047,6642,5754.57,17837723,0
"2022-06-11",682,7252364,507,6329934,25,587592,1320,3300261,1503,371609,2823,3671870,4037,5648,17841760,0
"2022-06-12",352,7252716,288,6330222,21,587613,879,3301140,769,372378,1648,3673518,2309,5605.43,17844069,0
"2022-06-13",1039,7253755,769,6330991,63,587676,1569,3302709,2180,374558,3749,3677267,5620,5480,17849689,0
"2022-06-14",957,7254712,830,6331821,64,587740,1676,3304385,2487,377045,4163,3681430,6014,5453.71,17855703,0
"2022-06-15",982,7255694,863,6332684,39,587779,1650,3306035,2403,379448,4053,3685483,5937,5357.43,17861640,0
"2022-06-16",955,7256649,780,6333464,59,587838,1823,3307858,2347,381795,4170,3689653,5964,5217.57,17867604,0
"2022-06-17",902,7257551,796,6334260,48,587886,1745,3309603,2387,384182,4132,3693785,5878,5108.43,17873482,0
"2022-06-18",665,7258216,523,6334783,26,587912,1273,3310876,1290,385472,2563,3696348,3777,5071.29,17877259,0
"2022-06-19",351,7258567,236,6335019,16,587928,727,3311603,603,386075,1330,3697678,1933,5017.57,17879192,0
"2022-06-20",838,7259405,490,6335509,41,587969,1567,3313170,1613,387688,3180,3700858,4549,4864.57,17883741,0
"2022-06-21",1139,7260544,735,6336244,50,588019,1690,3314860,2122,389810,3812,3704670,5736,4824.86,17889477,0
"2022-06-22",1972,7262516,822,6337066,46,588065,1688,3316548,1982,391792,3670,3708340,6510,4906.71,17895987,0
"2022-06-23",2128,7264644,759,6337825,64,588129,1694,3318242,2141,393933,3835,3712175,6786,5024.14,17902773,0
"2022-06-24",2177,7266821,756,6338581,48,588177,1618,3319860,2133,396066,3751,3715926,6732,5146.14,17909505,0
"2022-06-25",2143,7268964,489,6339070,15,588192,1231,3321091,1136,397202,2367,3718293,5014,5322.86,17914519,0
"2022-06-26",1211,7270175,251,6339321,14,588206,680,3321771,530,397732,1210,3719503,2686,5430.43,17917205,0
"2022-06-27",1535,7271710,652,6339973,60,588266,1459,3323230,1636,399368,3095,3722598,5342,5543.71,17922547,0
"2022-06-28",1693,7273403,832,6340805,53,588319,1844,3325074,2122,401490,3966,3726564,6544,5659.14,17929091,0
"2022-06-29",1857,7275260,769,6341574,48,588367,1710,3326784,1911,403401,3621,3730185,6295,5628.43,17935386,0
"2022-06-30",1859,7277119,801,6342375,46,588413,1729,3328513,2108,405509,3837,3734022,6543,5593.71,17941929,0
"2022-07-01",1585,7278704,592,6342967,26,588439,1383,3329896,1716,407225,3099,3737121,5302,5389.43,17947231,0
"2022-07-02",972,7279676,379,6343346,18,588457,832,3330728,925,408150,1757,3738878,3126,5119.71,17950357,0
"2022-07-03",529,7280205,205,6343551,7,588464,459,3331187,485,408635,944,3739822,1685,4976.71,17952042,0
"2022-07-04",35,7280240,26,6343577,1,588465,30,3331217,38,408673,68,3739890,130,4232.14,17952172,0
"2022-07-05",1278,7281518,749,6344326,35,588500,1393,3332610,1733,410406,3126,3743016,5188,4038.43,17957360,0
"2022-07-06",1610,7283128,677,6345003,44,588544,1441,3334051,1824,412230,3265,3746281,5596,3938.57,17962956,0
"2022-07-07",1586,7284714,716,6345719,48,588592,1515,3335566,1986,414216,3501,3749782,5851,3839.71,17968807,0
"2022-07-08",1622,7286336,642,6346361,37,588629,1463,3337029,1959,416175,3422,3753204,5723,3899.86,17974530,0
"2022-07-09",980,7287316,411,6346772,26,588655,877,3337906,1341,417516,2218,3755422,3635,3972.57,17978165,0
"2022-07-10",642,7287958,183,6346955,17,588672,427,3338333,659,418175,1086,3756508,1928,4007.29,17980093,0
"2022-07-11",1389,7289347,631,6347586,49,588721,1423,3339756,2198,420373,3621,3760129,5690,4801.57,17985783,0
"2022-07-12",1398,7290745,684,6348270,45,588766,1389,3341145,2502,422875,3891,3764020,6018,4920.14,17991801,0
"2022-07-13",1605,7292350,726,6348996,36,588802,1502,3342647,2785,425660,4287,3768307,6654,5071.29,17998455,0
"2022-07-14",1576,7293926,835,6349831,47,588849,1586,3344233,3037,428697,4623,3772930,7081,5247,18005536,0
"2022-07-15",1605,7295531,917,6350748,45,588894,1548,3345781,3033,431730,4581,3777511,7148,5450.57,18012684,0
"2022-07-16",882,7296413,581,6351329,9,588903,971,3346752,1686,433416,2657,3780168,4129,5521.14,18016813,0
"2022-07-17",550,7296963,290,6351619,16,588919,529,3347281,1164,434580,1693,3781861,2549,5609.86,18019362,0
"2022-07-18",1390,7298353,841,6352460,45,588964,1420,3348701,2433,437013,3853,3785714,6129,5672.57,18025491,0
"2022-07-19",1429,7299782,969,6353429,51,589015,1533,3350234,2775,439788,4308,3790022,6757,5778.14,18032248,0
"2022-07-20",1375,7301157,1471,6354900,50,589065,1333,3351567,2355,442143,3688,3793710,6584,5768.14,18038832,0
"2022-07-21",1326,7302483,1426,6356326,47,589112,1383,3352950,2339,444482,3722,3797432,6521,5688.14,18045353,0
"2022-07-22",1419,7303902,1552,6357878,41,589153,1536,3354486,2826,447308,4362,3801794,7374,5720.43,18052727,0
"2022-07-23",903,7304805,1091,6358969,16,589169,991,3355477,1546,448854,2537,3804331,4547,5780.14,18057274,0
"2022-07-24",489,7305294,637,6359606,14,589183,500,3355977,800,449654,1300,3805631,2440,5764.57,18059714,0
"2022-07-25",1206,7306500,763,6360369,57,589240,1250,3357227,2040,451694,3290,3808921,5316,5648.43,18065030,0
"2022-07-26",1215,7307715,1009,6361378,40,589280,1457,3358684,2411,454105,3868,3812789,6132,5559.14,18071162,0
"2022-07-27",1304,7309019,1266,6362644,41,589321,1375,3360059,2156,456261,3531,3816320,6142,5496,18077304,0
"2022-07-28",1287,7310306,1401,6364045,70,589391,1405,3361464,2175,458436,3580,3819900,6338,5469.86,18083642,0
"2022-07-29",1314,7311620,1413,6365458,64,589455,1332,3362796,2109,460545,3441,3823341,6232,5306.71,18089874,0
"2022-07-30",719,7312339,713,6366171,25,589480,782,3363578,939,461484,1721,3825062,3178,5111.14,18093052,0
"2022-07-31",415,7312754,585,6366756,14,589494,487,3364065,569,462053,1056,3826118,2070,5058.29,18095122,0
"2022-08-01",1209,7313963,895,6367651,54,589548,1311,3365376,1463,463516,2774,3828892,4932,5003.43,18100054,0
"2022-08-02",1205,7315168,1003,6368654,72,589620,1327,3366703,1572,465088,2899,3831791,5179,4867.29,18105233,0
"2022-08-03",1235,7316403,1160,6369814,41,589661,1305,3368008,1430,466518,2735,3834526,5171,4728.57,18110404,0
"2022-08-04",1149,7317552,1146,6370960,52,589713,1237,3369245,1347,467865,2584,3837110,4931,4527.57,18115335,0
"2022-08-05",1260,7318812,1393,6372353,44,589757,1268,3370513,1313,469178,2581,3839691,5278,4391.29,18120613,0
"2022-08-06",662,7319474,829,6373182,14,589771,730,3371243,694,469872,1424,3841115,2929,4355.71,18123542,0
"2022-08-07",383,7319857,453,6373635,13,589784,416,3371659,337,470209,753,3841868,1602,4288.86,18125144,0
"2022-08-08",1142,7320999,899,6374534,66,589850,1215,3372874,1086,471295,2301,3844169,4408,4214,18129552,0
"2022-08-09",1098,7322097,871,6375405,33,589883,1155,3374029,1063,472358,2218,3846387,4220,4077,18133772,0
"2022-08-10",1176,7323273,1080,6376485,54,589937,1201,3375230,1125,473483,2326,3848713,4636,4000.57,18138408,0
"2022-08-11",1284,7324557,1018,6377503,73,590010,1160,3376390,1179,474662,2339,3851052,4714,3969.57,18143122,0
"2022-08-12",1276,7325833,1356,6378859,49,590059,1203,3377593,1146,475808,2349,3853401,5030,3934.14,18148152,0
"2022-08-13",741,7326574,763,6379622,14,590073,730,3378323,547,476355,1277,3854678,2795,3915,18150947,0
"2022-08-14",498,7327072,477,6380099,19,590092,392,3378715,265,476620,657,3855335,1651,3922,18152598,0
"2022-08-15",1247,7328319,1016,6381115,54,590146,1243,3379958,895,477515,2138,3857473,4455,3928.71,18157053,0
"2022-08-16",1246,7329565,821,6381936,42,590188,1305,3381263,990,478505,2295,3859768,4404,3955,18161457,120000
"2022-08-17",1183,7330748,913,6382849,34,590222,1188,3382451,905,479410,2093,3861861,4223,3896,18165680,120000
"2022-08-18",1097,7331845,891,6383740,37,590259,1173,3383624,815,480225,1988,3863849,4013,3795.86,18169693,120000
"2022-08-19",1178,7333023,1043,6384783,32,590291,1050,3384674,880,481105,1930,3865779,4183,3674.86,18173876,120000
"2022-08-20",543,7333566,442,6385225,13,590304,585,3385259,435,481540,1020,3866799,2018,3563.86,18175894,120000
"2022-08-21",339,7333905,238,6385463,8,590312,355,3385614,244,481784,599,3867398,1184,3497.14,18177078,120000
"2022-08-22",402,7334307,359,6385822,10,590322,462,3386076,323,482107,785,3868183,1556,3083,18178634,120000
