"DATE","ADMIN_DOSE1_DAILY","ADMIN_DOSE1_CUMULATIVE","ADMIN_DOSE2_DAILY","ADMIN_DOSE2_CUMULATIVE","ADMIN_SINGLE_DAILY","ADMIN_SINGLE_CUMULATIVE","ADMIN_ALLDOSES_DAILY","ADMIN_ALLDOSES_7DAYAVG","ADMIN_ALLDOSES_CUMULATIVE","INCOMPLETE"
"2020-12-14",78,78,0,0,0,0,78,,78,0
"2020-12-15",2045,2123,2,2,3,3,2050,,2128,0
"2020-12-16",4548,6671,12,14,1,4,4561,,6689,0
"2020-12-17",4514,11185,13,27,0,4,4527,,11216,0
"2020-12-18",5778,16963,25,52,2,6,5805,,17021,0
"2020-12-19",1685,18648,6,58,3,9,1694,,18715,0
"2020-12-20",1108,19756,1,59,1,10,1110,2832.14,19825,0
"2020-12-21",6263,26019,10,69,1,11,6274,3717.29,26099,0
"2020-12-22",9765,35784,18,87,2,13,9785,4822.29,35884,0
"2020-12-23",14232,50016,32,119,2,15,14266,6208.71,50150,0
"2020-12-24",7199,57215,53,172,1,16,7253,6598.14,57403,0
"2020-12-25",179,57394,0,172,0,16,179,5794.43,57582,0
"2020-12-26",4325,61719,35,207,0,16,4360,6175.29,61942,0
"2020-12-27",3830,65549,7,214,0,16,3837,6564.86,65779,0
"2020-12-28",10967,76516,35,249,1,17,11003,7240.43,76782,0
"2020-12-29",10698,87214,25,274,2,19,10725,7374.71,87507,0
"2020-12-30",12771,99985,52,326,0,19,12823,7168.57,100330,0
"2020-12-31",7233,107218,19,345,0,19,7252,7168.43,107582,0
"2021-01-01",166,107384,2,347,1,20,169,7167,107751,0
"2021-01-02",3806,111190,8,355,2,22,3816,7089.29,111567,0
"2021-01-03",3526,114716,18,373,1,23,3545,7047.57,115112,0
"2021-01-04",12189,126905,791,1164,0,23,12980,7330,128092,0
"2021-01-05",13967,140872,2138,3302,0,23,16105,8098.57,144197,0
"2021-01-06",17721,158593,3874,7176,0,23,21595,9351.71,165792,0
"2021-01-07",16502,175095,5036,12212,3,26,21541,11393,187333,0
"2021-01-08",16473,191568,5321,17533,0,26,21794,14482.29,209127,0
"2021-01-09",7666,199234,1436,18969,1,27,9103,15237.57,218230,0
"2021-01-10",7843,207077,966,19935,0,27,8809,15989.57,227039,0
"2021-01-11",25630,232707,7296,27231,1,28,32927,18839.14,259966,0
"2021-01-12",27889,260596,7784,35015,0,28,35673,21634.57,295639,0
"2021-01-13",31420,292016,9309,44324,1,29,40730,24368.14,336369,0
"2021-01-14",35485,327501,5261,49585,1,30,40747,27111.86,377116,0
"2021-01-15",28961,356462,3565,53150,2,32,32528,28645.29,409644,0
"2021-01-16",30120,386582,2309,55459,0,32,32429,31977.57,442073,0
"2021-01-17",23829,410411,1553,57012,0,32,25382,34345.14,467455,0
"2021-01-18",26925,437336,2319,59331,0,32,29244,33819,496699,0
"2021-01-19",33918,471254,9515,68846,2,34,43435,34927.86,540134,0
"2021-01-20",34441,505695,9349,78195,1,35,43791,35365.14,583925,0
"2021-01-21",25175,530870,7960,86155,0,35,33135,34277.71,617060,0
"2021-01-22",24227,555097,4333,90488,0,35,28560,33710.86,645620,0
"2021-01-23",15301,570398,3184,93672,0,35,18485,31718.86,664105,0
"2021-01-24",6974,577372,3384,97056,0,35,10358,29572.57,674463,0
"2021-01-25",13019,590391,11676,108732,0,35,24695,28922.71,699158,0
"2021-01-26",16375,606766,10531,119263,0,35,26906,26561.43,726064,0
"2021-01-27",20374,627140,12144,131407,0,35,32518,24951,758582,0
"2021-01-28",30420,657560,12657,144064,0,35,43077,26371.29,801659,0
"2021-01-29",31358,688918,11235,155299,0,35,42593,28376,844252,0
"2021-01-30",18414,707332,3656,158955,0,35,22070,28888.14,866322,0
"2021-01-31",12930,720262,2847,161802,0,35,15777,29662.29,882099,0
"2021-02-01",1108,721370,5272,167074,2,37,6382,27046.14,888481,0
"2021-02-02",2768,724138,9240,176314,2,39,12010,24918.14,900491,0
"2021-02-03",16208,740346,20699,197013,3,42,36910,25545.57,937401,0
"2021-02-04",26745,767091,19153,216166,1,43,45899,25948.71,983300,0
"2021-02-05",27263,794354,19546,235712,0,43,46809,26551,1030109,0
"2021-02-06",22771,817125,11065,246777,0,43,33836,28231.86,1063945,0
"2021-02-07",12068,829193,8099,254876,0,43,20167,28859,1084112,0
"2021-02-08",16785,845978,23094,277970,2,45,39881,33644.57,1123993,0
"2021-02-09",16990,862968,27623,305593,2,47,44615,38302.43,1168608,0
"2021-02-10",19456,882424,28752,334345,1,48,48209,39916.57,1216817,0
"2021-02-11",27723,910147,32876,367221,2,50,60601,42016.86,1277418,0
"2021-02-12",38279,948426,30139,397360,3,53,68421,45104.29,1345839,0
"2021-02-13",27807,976233,24792,422152,2,55,52601,47785,1398440,0
"2021-02-14",16246,992479,23383,445535,0,55,39629,50565.29,1438069,0
"2021-02-15",12627,1005106,10291,455826,1,56,22919,48142.14,1460988,0
"2021-02-16",14059,1019165,26169,481995,0,56,40228,47515.43,1501216,0
"2021-02-17",16131,1035296,21635,503630,1,57,37767,46023.71,1538983,0
"2021-02-18",11998,1047294,24545,528175,22,79,36565,42590,1575548,0
"2021-02-19",13086,1060380,23533,551708,39,118,36658,38052.43,1612206,0
"2021-02-20",11169,1071549,25806,577514,6,124,36981,35821,1649187,0
"2021-02-21",6288,1077837,17284,594798,15,139,23587,33529.29,1672774,0
"2021-02-22",12679,1090516,11610,606408,2,141,24291,33725.29,1697065,0
"2021-02-23",24914,1115430,13927,620335,1,142,38842,33527.29,1735907,0
"2021-02-24",35999,1151429,19760,640095,0,142,55759,36097.57,1791666,0
"2021-02-25",54355,1205784,29405,669500,7,149,83767,42840.71,1875433,0
"2021-02-26",62684,1268468,30909,700409,4,153,93597,50974.86,1969030,0
"2021-02-27",51178,1319646,22046,722455,49,202,73273,56159.43,2042303,0
"2021-02-28",44673,1364319,13366,735821,3,205,58042,61081.57,2100345,0
"2021-03-01",39012,1403331,12044,747865,8,213,51064,64906.29,2151409,0
"2021-03-02",46800,1450131,11770,759635,6,219,58576,67725.43,2209985,0
"2021-03-03",48238,1498369,15373,775008,16,235,63627,68849.43,2273612,0
"2021-03-04",59482,1557851,22100,797108,1088,1323,82670,68692.71,2356282,0
"2021-03-05",60519,1618370,23630,820738,3111,4434,87260,67787.43,2443542,0
"2021-03-06",46899,1665269,18378,839116,5432,9866,70709,67421.14,2514251,0
"2021-03-07",35959,1701228,14514,853630,6246,16112,56719,67232.14,2570970,0
"2021-03-08",39346,1740574,14283,867913,8552,24664,62181,68820.29,2633151,0
"2021-03-09",38807,1779381,11998,879911,7770,32434,58575,68820.14,2691726,0
"2021-03-10",51370,1830751,14238,894149,5049,37483,70657,69824.43,2762383,0
"2021-03-11",59860,1890611,20653,914802,4566,42049,85079,70168.57,2847462,0
"2021-03-12",51951,1942562,29274,944076,4134,46183,85359,69897,2932821,0
"2021-03-13",40494,1983056,26326,970402,5100,51283,71920,70070,3004741,0
"2021-03-14",30668,2013724,15456,985858,4554,55837,50678,69207,3055419,0
"2021-03-15",33337,2047061,16228,1002086,4792,60629,54357,68089.29,3109776,0
"2021-03-16",38428,2085489,19354,1021440,4912,65541,62694,68677.71,3172470,0
"2021-03-17",42360,2127849,23627,1045067,4241,69782,70228,68616.43,3242698,0
"2021-03-18",50369,2178218,25648,1070715,5277,75059,81294,68075.71,3323992,0
"2021-03-19",47613,2225831,28717,1099432,5614,80673,81944,67587.86,3405936,0
"2021-03-20",38528,2264359,24876,1124308,4684,85357,68088,67040.43,3474024,0
"2021-03-21",29241,2293600,18485,1142793,770,86127,48496,66728.71,3522520,0
"2021-03-22",33726,2327326,25538,1168331,4018,90145,63282,68003.71,3585802,0
"2021-03-23",38212,2365538,31424,1199755,4201,94346,73837,69595.57,3659639,0
"2021-03-24",41343,2406881,36226,1235981,4801,99147,82370,71330.14,3742009,0
"2021-03-25",43248,2450129,48975,1284956,5019,104166,97242,73608.43,3839251,0
"2021-03-26",38356,2488485,53449,1338405,4248,108414,96053,75624,3935304,0
"2021-03-27",35651,2524136,43904,1382309,2919,111333,82474,77679.14,4017778,0
"2021-03-28",26390,2550526,32902,1415211,1470,112803,60762,79431.43,4078540,0
"2021-03-29",34676,2585202,37029,1452240,3231,116034,74936,81096.29,4153476,0
"2021-03-30",40282,2625484,40449,1492689,3679,119713,84410,82606.71,4237886,0
"2021-03-31",49257,2674741,43276,1535965,7423,127136,99956,85119,4337842,0
"2021-04-01",50532,2725273,52808,1588773,11138,138274,114478,87581.29,4452320,0
"2021-04-02",43541,2768814,52822,1641595,11847,150121,108210,89318,4560530,0
"2021-04-03",39111,2807925,38323,1679918,9770,159891,87204,89993.71,4647734,0
"2021-04-04",26503,2834428,23802,1703720,3854,163745,54159,89050.43,4701893,0
"2021-04-05",41714,2876142,33679,1737399,11084,174829,86477,90699.14,4788370,0
"2021-04-06",52955,2929097,34365,1771764,12989,187818,100309,92970.43,4888679,0
"2021-04-07",55370,2984467,39662,1811426,14211,202029,109243,94297.14,4997922,0
"2021-04-08",59024,3043491,45477,1856903,16123,218152,120624,95175.14,5118546,0
"2021-04-09",56417,3099908,43663,1900566,17234,235386,117314,96475.71,5235860,0
"2021-04-10",49207,3149115,35353,1935919,12550,247936,97110,97890.86,5332970,0
"2021-04-11",38128,3187243,28680,1964599,7500,255436,74308,100769.29,5407278,0
"2021-04-12",46496,3233739,31468,1996067,13333,268769,91297,101457.86,5498575,0
"2021-04-13",52348,3286087,33349,2029416,360,269129,86057,99421.86,5584632,0
"2021-04-14",49997,3336084,39475,2068891,9,269138,89481,96598.71,5674113,0
"2021-04-15",51978,3388062,43143,2112034,9,269147,95130,92956.71,5769243,0
"2021-04-16",51016,3439078,41814,2153848,23,269170,92853,89462.29,5862096,0
"2021-04-17",43839,3482917,35329,2189177,4,269174,79172,86899.71,5941268,0
"2021-04-18",28629,3511546,29239,2218416,2,269176,57870,84551.43,5999138,0
"2021-04-19",37351,3548897,36050,2254466,14,269190,73415,81996.86,6072553,0
"2021-04-20",40716,3589613,39238,2293704,16,269206,79970,81127.29,6152523,0
"2021-04-21",38935,3628548,45459,2339163,11,269217,84405,80402.14,6236928,0
"2021-04-22",38512,3667060,48412,2387575,5,269222,86929,79230.57,6323857,0
"2021-04-23",39625,3706685,43847,2431422,5,269227,83477,77891.14,6407334,0
"2021-04-24",31842,3738527,41211,2472633,46,269273,73099,77023.57,6480433,0
"2021-04-25",18401,3756928,31127,2503760,84,269357,49612,75843.86,6530045,0
"2021-04-26",26861,3783789,40356,2544116,1009,270366,68226,75102.57,6598271,0
"2021-04-27",28615,3812404,46623,2590739,1686,272052,76924,74667.43,6675195,0
"2021-04-28",27130,3839534,56378,2647117,2133,274185,85641,74844,6760836,0
"2021-04-29",28733,3868267,56672,2703789,2099,276284,87504,74926.14,6848340,0
"2021-04-30",30162,3898429,51425,2755214,2000,278284,83587,74941.86,6931927,0
"2021-05-01",22515,3920944,44190,2799404,1141,279425,67846,74191.43,6999773,0
"2021-05-02",11948,3932892,36513,2835917,1077,280502,49538,74180.86,7049311,0
"2021-05-03",18003,3950895,52660,2888577,2361,282863,73024,74866.29,7122335,0
"2021-05-04",22730,3973625,56232,2944809,2307,285170,81269,75487,7203604,0
"2021-05-05",21521,3995146,48430,2993239,2292,287462,72243,73573,7275847,0
"2021-05-06",20643,4015789,49740,3042979,2474,289936,72857,71480.57,7348704,0
"2021-05-07",21265,4037054,51718,3094697,2780,292716,75763,70362.86,7424467,0
"2021-05-08",16648,4053702,41604,3136301,1833,294549,60085,69254.14,7484552,0
"2021-05-09",7991,4061693,29349,3165650,1253,295802,38593,67690.57,7523145,0
"2021-05-10",14347,4076040,38230,3203880,2327,298129,54904,65102,7578049,0
"2021-05-11",19943,4095983,42707,3246587,2482,300611,65132,62796.71,7643181,0
"2021-05-12",17743,4113726,40126,3286713,3557,304168,61426,61251.43,7704607,0
"2021-05-13",24907,4138633,40092,3326805,3212,307380,68211,60587.71,7772818,0
"2021-05-14",26949,4165582,42518,3369323,3501,310881,72968,60188.43,7845786,0
"2021-05-15",23653,4189235,34594,3403917,3347,314228,61594,60404,7907380,0
"2021-05-16",15551,4204786,19301,3423218,2497,316725,37349,60226.29,7944729,0
"2021-05-17",22592,4227378,28827,3452045,3214,319939,54633,60187.57,7999362,0
"2021-05-18",24584,4251962,31569,3483614,3380,323319,59533,59387.71,8058895,0
"2021-05-19",24191,4276153,29366,3512980,3015,326334,56572,58694.29,8115467,0
"2021-05-20",24122,4300275,29693,3542673,3115,329449,56930,57082.71,8172397,0
"2021-05-21",24661,4324936,31585,3574258,3034,332483,59280,55127.29,8231677,0
"2021-05-22",19976,4344912,24112,3598370,2521,335004,46609,52986.57,8278286,0
"2021-05-23",11244,4356156,13665,3612035,1405,336409,26314,51410.14,8304600,0
"2021-05-24",18846,4375002,22893,3634928,2726,339135,44465,49957.57,8349065,0
"2021-05-25",19421,4394423,23086,3658014,2576,341711,45083,47893.29,8394148,0
"2021-05-26",18623,4413046,20802,3678816,2673,344384,42098,45825.57,8436246,0
"2021-05-27",18371,4431417,20941,3699757,2520,346904,41832,43668.71,8478078,0
"2021-05-28",17810,4449227,22629,3722386,2709,349613,43148,41364.14,8521226,0
"2021-05-29",12690,4461917,17606,3739992,1751,351364,32047,39283.86,8553273,0
"2021-05-30",7037,4468954,8907,3748899,1072,352436,17016,37955.57,8570289,0
"2021-05-31",4764,4473718,6853,3755752,1009,353445,12626,33407.14,8582915,0
"2021-06-01",16001,4489719,24920,3780672,2147,355592,43068,33119.29,8625983,0
"2021-06-02",15327,4505046,20118,3800790,2074,357666,37519,32465.14,8663502,0
"2021-06-03",14968,4520014,23472,3824262,2266,359932,40706,32304.29,8704208,0
"2021-06-04",14661,4534675,25627,3849889,2461,362393,42749,32247.29,8746957,0
"2021-06-05",10971,4545646,21840,3871729,1801,364194,34612,32613.71,8781569,0
"2021-06-06",6480,4552126,14346,3886075,1218,365412,22044,33332,8803613,0
"2021-06-07",11698,4563824,21520,3907595,2355,367767,35573,36610.14,8839186,0
"2021-06-08",12631,4576455,23773,3931368,2050,369817,38454,35951,8877640,0
"2021-06-09",11076,4587531,22692,3954060,2253,372070,36021,35737,8913661,0
"2021-06-10",12063,4599594,21910,3975970,2431,374501,36404,35122.43,8950065,0
"2021-06-11",12674,4612268,24821,4000791,2436,376937,39931,34719.86,8989996,0
"2021-06-12",10168,4622436,19111,4019902,1876,378813,31155,34226,9021151,0
"2021-06-13",4264,4626700,10888,4030790,1217,380030,16369,33415.29,9037520,0
"2021-06-14",10167,4636867,18983,4049773,2035,382065,31185,32788.43,9068705,0
"2021-06-15",11853,4648720,20799,4070572,1926,383991,34578,32234.71,9103283,0
"2021-06-16",11564,4660284,19167,4089739,1929,385920,32660,31754.57,9135943,0
"2021-06-17",10976,4671260,18456,4108195,1946,387866,31378,31036.57,9167321,0
"2021-06-18",12141,4683401,18159,4126354,2097,389963,32397,29960.29,9199718,0
"2021-06-19",8502,4691903,13303,4139657,1450,391413,23255,28831.71,9222973,0
"2021-06-20",4375,4696278,7117,4146774,919,392332,12411,28266.29,9235384,0
"2021-06-21",10132,4706410,9834,4156608,1770,394102,21736,26916.43,9257120,0
"2021-06-22",9819,4716229,15474,4172082,1560,395662,26853,25812.86,9283973,0
"2021-06-23",10299,4726528,14891,4186973,1835,397497,27025,25007.86,9310998,0
"2021-06-24",9597,4736125,14444,4201417,1779,399276,25820,24213.86,9336818,0
"2021-06-25",10560,4746685,14173,4215590,1681,400957,26414,23359.14,9363232,0
"2021-06-26",7806,4754491,10287,4225877,1223,402180,19316,22796.43,9382548,0
"2021-06-27",5043,4759534,5948,4231825,784,402964,11775,22705.57,9394323,0
"2021-06-28",9025,4768559,10160,4241985,1500,404464,20685,22555.43,9415008,0
"2021-06-29",9765,4778324,12111,4254096,1321,405785,23197,22033.14,9438205,0
"2021-06-30",9373,4787697,10688,4264784,1442,407227,21503,21244.29,9459708,0
"2021-07-01",9264,4796961,10666,4275450,1386,408613,21316,20600.86,9481024,0
"2021-07-02",9612,4806573,11167,4286617,1498,410111,22277,20009.86,9503301,0
"2021-07-03",7029,4813602,8236,4294853,1181,411292,16446,19599.86,9519747,0
"2021-07-04",1285,4814887,1319,4296172,562,411854,3166,18370,9522913,0
"2021-07-05",6486,4821373,7019,4303191,1188,413042,14693,17514,9537606,0
"2021-07-06",9483,4830856,12556,4315747,1275,414317,23314,17530.71,9560920,0
"2021-07-07",8602,4839458,10753,4326500,1371,415688,20726,17419.71,9581646,0
"2021-07-08",8144,4847602,9942,4336442,1220,416908,19306,17132.57,9600952,0
"2021-07-09",8282,4855884,10545,4346987,1233,418141,20060,16815.86,9621012,0
"2021-07-10",7082,4862966,8476,4355463,1115,419256,16673,16848.29,9637685,0
"2021-07-11",4117,4867083,4506,4359969,697,419953,9320,17727.43,9647005,0
"2021-07-12",8387,4875470,9361,4369330,1217,421170,18965,18337.71,9665970,0
"2021-07-13",9389,4884859,9199,4378529,932,422102,19520,17795.71,9685490,0
"2021-07-14",8880,4893739,9359,4387888,996,423098,19235,17582.71,9704725,0
"2021-07-15",8668,4902407,8882,4396770,1039,424137,18589,17480.29,9723314,0
"2021-07-16",9169,4911576,9588,4406358,958,425095,19715,17431,9743029,0
"2021-07-17",6789,4918365,7258,4413616,784,425879,14831,17167.86,9757860,0
"2021-07-18",4241,4922606,4256,4417872,566,426445,9063,17131.14,9766923,0
"2021-07-19",9006,4931612,8320,4426192,986,427431,18312,17037.86,9785235,0
"2021-07-20",10486,4942098,8615,4434807,968,428399,20069,17116.29,9805304,0
"2021-07-21",9941,4952039,8526,4443333,895,429294,19362,17134.43,9824666,0
"2021-07-22",10549,4962588,8307,4451640,1025,430319,19881,17319,9844547,0
"2021-07-23",11059,4973647,8642,4460282,1086,431405,20787,17472.14,9865334,0
"2021-07-24",7350,4980997,6601,4466883,664,432069,14615,17441.29,9879949,0
"2021-07-25",5480,4986477,2077,4468960,503,432572,8060,17298,9888009,0
"2021-07-26",10788,4997265,6859,4475819,828,433400,18475,17321.29,9906484,0
"2021-07-27",11991,5009256,8442,4484261,830,434230,21263,17491.86,9927747,0
"2021-07-28",11771,5021027,7805,4492066,917,435147,20493,17653.43,9948240,0
"2021-07-29",10732,5031759,7198,4499264,926,436073,18856,17507,9967096,0
"2021-07-30",14554,5046313,7668,4506932,1091,437164,23313,17867.86,9990409,0
"2021-07-31",9444,5055757,5962,4512894,750,437914,16156,18088,10006565,120000
"2021-08-01",6314,5062071,3194,4516088,486,438400,9994,18364.29,10016559,120000
"2021-08-02",12911,5074982,6759,4522847,708,439108,20378,18636.14,10036937,120000
"2021-08-03",14685,5089667,7959,4530806,862,439970,23506,18956.57,10060443,120000
"2021-08-04",16124,5105791,7516,4538322,1283,441253,24923,19589.43,10085366,120000
"2021-08-05",13333,5119124,5382,4543704,1158,442411,19873,19734.71,10105239,120000
"2021-08-06",6050,5125174,2681,4546385,527,442938,9258,17726.86,10114497,120000
