"DATE","ADMIN_DOSE1_DAILY","ADMIN_DOSE1_CUMULATIVE","ADMIN_DOSE2_DAILY","ADMIN_DOSE2_CUMULATIVE","ADMIN_SINGLE_DAILY","ADMIN_SINGLE_CUMULATIVE","ADMIN_ADDITIONAL_DAILY","ADMIN_ADDITIONAL_CUMULATIVE","ADMIN_ALLDOSES_DAILY","ADMIN_ALLDOSES_7DAYAVG","ADMIN_ALLDOSES_CUMULATIVE","INCOMPLETE"
"2020-12-14",79,79,0,0,0,0,0,0,79,,79,0
"2020-12-15",2053,2132,5,5,4,4,0,0,2062,,2141,0
"2020-12-16",4602,6734,13,18,1,5,1,1,4617,,6758,0
"2020-12-17",4655,11389,17,35,0,5,1,2,4673,,11431,0
"2020-12-18",5833,17222,20,55,2,7,2,4,5857,,17288,0
"2020-12-19",1689,18911,7,62,3,10,0,4,1699,,18987,0
"2020-12-20",1116,20027,2,64,1,11,0,4,1119,2872.29,20106,0
"2020-12-21",6339,26366,17,81,0,11,6,10,6362,3769.86,26468,0
"2020-12-22",9797,36163,27,108,2,13,1,11,9827,4879.14,36295,0
"2020-12-23",14272,50435,37,145,3,16,1,12,14313,6264.29,50608,0
"2020-12-24",7200,57635,25,170,1,17,0,12,7226,6629,57834,0
"2020-12-25",180,57815,0,170,0,17,1,13,181,5818.14,58015,0
"2020-12-26",4390,62205,43,213,0,17,1,14,4434,6208.86,62449,0
"2020-12-27",3868,66073,14,227,0,17,1,15,3883,6603.71,66332,0
"2020-12-28",10992,77065,50,277,1,18,3,18,11046,7272.86,77378,0
"2020-12-29",10722,87787,33,310,2,20,2,20,10759,7406,88137,0
"2020-12-30",12825,100612,44,354,0,20,0,20,12869,7199.71,101006,0
"2020-12-31",7263,107875,30,384,1,21,0,20,7294,7209.43,108300,0
"2021-01-01",181,108056,2,386,1,22,3,23,187,7210.29,108487,0
"2021-01-02",3810,111866,10,396,2,24,1,24,3823,7123,112310,0
"2021-01-03",3544,115410,23,419,2,26,1,25,3570,7078.29,115880,0
"2021-01-04",12257,127667,805,1224,2,28,6,31,13070,7367.43,128950,0
"2021-01-05",14083,141750,2193,3417,2,30,10,41,16288,8157.29,145238,0
"2021-01-06",17808,159558,3922,7339,1,31,30,71,21761,9427.57,166999,0
"2021-01-07",16547,176105,5172,12511,4,35,46,117,21769,11495.43,188768,0
"2021-01-08",16621,192726,5454,17965,0,35,32,149,22107,14626.86,210875,0
"2021-01-09",7649,200375,1464,19429,1,36,7,156,9121,15383.71,219996,0
"2021-01-10",7884,208259,981,20410,0,36,10,166,8875,16141.57,228871,0
"2021-01-11",25818,234077,7457,27867,2,38,47,213,33324,19035,262195,0
"2021-01-12",28266,262343,7858,35725,1,39,43,256,36168,21875,298363,0
"2021-01-13",31722,294065,9378,45103,1,40,55,311,41156,24645.71,339519,0
"2021-01-14",35805,329870,5328,50431,1,41,28,339,41162,27416.14,380681,0
"2021-01-15",29268,359138,3704,54135,2,43,32,371,33006,28973.14,413687,0
"2021-01-16",30291,389429,2379,56514,0,43,24,395,32694,32340.71,446381,0
"2021-01-17",23755,413184,1621,58135,0,43,18,413,25394,34700.57,471775,0
"2021-01-18",27108,440292,2411,60546,0,43,34,447,29553,34161.86,501328,0
"2021-01-19",34303,474595,9619,70165,1,44,67,514,43990,35279.29,545318,0
"2021-01-20",34865,509460,9495,79660,1,45,58,572,44419,35745.43,589737,0
"2021-01-21",25595,535055,8089,87749,2,47,48,620,33734,34684.29,623471,0
"2021-01-22",24756,559811,4384,92133,1,48,29,649,29170,34136.29,652641,0
"2021-01-23",15741,575552,3224,95357,0,48,10,659,18975,32176.43,671616,0
"2021-01-24",7180,582732,3447,98804,0,48,20,679,10647,30069.71,682263,0
"2021-01-25",13416,596148,11817,110621,0,48,63,742,25296,29461.57,707559,0
"2021-01-26",16768,612916,10746,121367,0,48,67,809,27581,27117.43,735140,0
"2021-01-27",20831,633747,12359,133726,0,48,49,858,33239,25520.29,768379,0
"2021-01-28",30766,664513,12843,146569,0,48,78,936,43687,26942.14,812066,0
"2021-01-29",31694,696207,11497,158066,0,48,77,1013,43268,28956.14,855334,0
"2021-01-30",18715,714922,3739,161805,0,48,20,1033,22474,29456,877808,0
"2021-01-31",13026,727948,2917,164722,1,49,27,1060,15971,30216.57,893779,0
"2021-02-01",1178,729126,5367,170089,4,53,36,1096,6585,27543.57,900364,0
"2021-02-02",2827,731953,9468,179557,2,55,50,1146,12347,25367.29,912711,0
"2021-02-03",16352,748305,21236,200793,4,59,200,1346,37792,26017.71,950503,0
"2021-02-04",27044,775349,19647,220440,3,62,199,1545,46893,26475.71,997396,0
"2021-02-05",27606,802955,20022,240462,0,62,182,1727,47810,27124.57,1045206,0
"2021-02-06",22992,825947,11246,251708,0,62,108,1835,34346,28820.57,1079552,0
"2021-02-07",12044,837991,8281,259989,1,63,87,1922,20413,29455.14,1099965,0
"2021-02-08",16970,854961,23510,283499,2,65,229,2151,40711,34330.29,1140676,0
"2021-02-09",17199,872160,28109,311608,2,67,325,2476,45635,39085.71,1186311,0
"2021-02-10",19596,891756,29303,340911,2,69,258,2734,49159,40709.57,1235470,0
"2021-02-11",27848,919604,33464,374375,2,71,346,3080,61660,42819.14,1297130,0
"2021-02-12",38410,958014,30787,405162,3,74,350,3430,69550,45924.86,1366680,0
"2021-02-13",28010,986024,25304,430466,2,76,305,3735,53621,48678.43,1420301,0
"2021-02-14",16287,1002311,23725,454191,0,76,257,3992,40269,51515,1460570,0
"2021-02-15",12799,1015110,10524,464715,2,78,165,4157,23490,49054.86,1484060,0
"2021-02-16",14242,1029352,26728,491443,0,78,315,4472,41285,48433.43,1525345,0
"2021-02-17",16407,1045759,22171,513614,1,79,287,4759,38866,46963,1564211,0
"2021-02-18",12157,1057916,24992,538606,21,100,277,5036,37447,43504,1601658,0
"2021-02-19",13269,1071185,23933,562539,39,139,294,5330,37535,38930.43,1639193,0
"2021-02-20",11352,1082537,26072,588611,6,145,324,5654,37754,36663.71,1676947,0
"2021-02-21",6361,1088898,17426,606037,15,160,279,5933,24081,34351.14,1701028,0
"2021-02-22",13040,1101938,11846,617883,2,162,124,6057,25012,34568.57,1726040,0
"2021-02-23",25244,1127182,14147,632030,1,163,160,6217,39552,34321,1765592,0
"2021-02-24",36358,1163540,20357,652387,0,163,220,6437,56935,36902.29,1822527,0
"2021-02-25",54620,1218160,30356,682743,6,169,388,6825,85370,43748.43,1907897,0
"2021-02-26",62885,1281045,31846,714589,4,173,397,7222,95132,51976.57,2003029,0
"2021-02-27",51303,1332348,22736,737325,47,220,326,7548,74412,57213.43,2077441,0
"2021-02-28",44603,1376951,13794,751119,7,227,202,7750,58606,62145.57,2136047,0
"2021-03-01",39314,1416265,12759,763878,10,237,166,7916,52249,66036.57,2188296,0
"2021-03-02",47083,1463348,12553,776431,7,244,158,8074,59801,68929.29,2248097,0
"2021-03-03",48607,1511955,16134,792565,17,261,146,8220,64904,70067.71,2313001,0
"2021-03-04",59824,1571779,22793,815358,1092,1353,264,8484,83973,69868.14,2396974,0
"2021-03-05",60994,1632773,24251,839609,3109,4462,330,8814,88684,68947,2485658,0
"2021-03-06",47181,1679954,18870,858479,5449,9911,233,9047,71733,68564.29,2557391,0
"2021-03-07",36042,1715996,14863,873342,6247,16158,225,9272,57377,68388.71,2614768,0
"2021-03-08",39622,1755618,14662,888004,8565,24723,306,9578,63155,69946.71,2677923,0
"2021-03-09",39102,1794720,12802,900806,7766,32489,179,9757,59849,69953.57,2737772,0
"2021-03-10",51831,1846551,15288,916094,5068,37557,221,9978,72408,71025.57,2810180,0
"2021-03-11",60004,1906555,21775,937869,4617,42174,249,10227,86645,71407.29,2896825,0
"2021-03-12",52200,1958755,30281,968150,4183,46357,372,10599,87036,71171.86,2983861,0
"2021-03-13",40661,1999416,26670,994820,5109,51466,324,10923,72764,71319.14,3056625,0
"2021-03-14",30721,2030137,15944,1010764,4528,55994,238,11161,51431,70469.71,3108056,0
"2021-03-15",33590,2063727,17227,1027991,4720,60714,234,11395,55771,69414.86,3163827,0
"2021-03-16",38675,2102402,20473,1048464,4925,65639,257,11652,64330,70055,3228157,0
"2021-03-17",42626,2145028,24753,1073217,4247,69886,335,11987,71961,69991.14,3300118,0
"2021-03-18",50473,2195501,26754,1099971,5240,75126,363,12350,82830,69446.14,3382948,0
"2021-03-19",47807,2243308,29901,1129872,5623,80749,387,12737,83718,68972.14,3466666,0
"2021-03-20",38712,2282020,25798,1155670,4690,85439,289,13026,69489,68504.29,3536155,0
"2021-03-21",29305,2311325,19311,1174981,771,86210,218,13244,49605,68243.43,3585760,0
"2021-03-22",33868,2345193,26700,1201681,4037,90247,261,13505,64866,69542.71,3650626,0
"2021-03-23",38442,2383635,32798,1234479,4221,94468,282,13787,75743,71173.14,3726369,0
"2021-03-24",41514,2425149,37543,1272022,4849,99317,321,14108,84227,72925.43,3810596,0
"2021-03-25",43424,2468573,50718,1322740,5053,104370,457,14565,99652,75328.57,3910248,0
"2021-03-26",38515,2507088,55427,1378167,4311,108681,517,15082,98770,77478.86,4009018,0
"2021-03-27",35753,2542841,45682,1423849,2939,111620,406,15488,84780,79663.29,4093798,0
"2021-03-28",26401,2569242,34385,1458234,1481,113101,321,15809,62588,81518,4156386,0
"2021-03-29",34832,2604074,38784,1497018,3248,116349,337,16146,77201,83280.14,4233587,0
"2021-03-30",40518,2644592,41886,1538904,3715,120064,319,16465,86438,84808,4320025,0
"2021-03-31",49410,2694002,44820,1583724,7441,127505,391,16856,102062,87355.86,4422087,0
"2021-04-01",50784,2744786,53918,1637642,11274,138779,496,17352,116472,89758.71,4538559,0
"2021-04-02",43767,2788553,53845,1691487,11973,150752,543,17895,110128,91381.29,4648687,0
"2021-04-03",39264,2827817,39179,1730666,9861,160613,334,18229,88638,91932.43,4737325,0
"2021-04-04",26566,2854383,24710,1755376,3901,164514,221,18450,55398,90905.29,4792723,0
"2021-04-05",41886,2896269,34423,1789799,11195,175709,362,18812,87866,92428.86,4880589,0
"2021-04-06",53283,2949552,35550,1825349,13221,188930,422,19234,102476,94720,4983065,0
"2021-04-07",55519,3005071,40669,1866018,14386,203316,389,19623,110963,95991.57,5094028,0
"2021-04-08",59280,3064351,46553,1912571,16336,219652,504,20127,122673,96877.43,5216701,0
"2021-04-09",56654,3121005,44932,1957503,17549,237201,495,20622,119630,98234.86,5336331,0
"2021-04-10",49363,3170368,35637,1993140,12727,249928,376,20998,98103,99587,5434434,0
"2021-04-11",38193,3208561,28811,2021951,7686,257614,286,21284,74976,102383.86,5509410,0
"2021-04-12",46648,3255209,31841,2053792,13493,271107,456,21740,92438,103037,5601848,0
"2021-04-13",52560,3307769,33777,2087569,368,271475,387,22127,87092,100839.29,5688940,0
"2021-04-14",50162,3357931,39956,2127525,20,271495,356,22483,90494,97915.14,5779434,0
"2021-04-15",52136,3410067,43668,2171193,16,271511,451,22934,96271,94143.43,5875705,0
"2021-04-16",51194,3461261,42221,2213414,32,271543,406,23340,93853,90461,5969558,0
"2021-04-17",43851,3505112,35681,2249095,3,271546,361,23701,79896,87860,6049454,0
"2021-04-18",28612,3533724,29370,2278465,7,271553,247,23948,58236,85468.57,6107690,0
"2021-04-19",37485,3571209,36447,2314912,22,271575,307,24255,74261,82871.86,6181951,0
"2021-04-20",40814,3612023,39634,2354546,19,271594,297,24552,80764,81967.86,6262715,0
"2021-04-21",38911,3650934,45959,2400505,15,271609,481,25033,85366,81235.29,6348081,0
"2021-04-22",38518,3689452,48947,2449452,9,271618,328,25361,87802,80025.43,6435883,0
"2021-04-23",39714,3729166,44368,2493820,4,271622,349,25710,84435,78680,6520318,0
"2021-04-24",31967,3761133,41596,2535416,44,271666,273,25983,73880,77820.57,6594198,0
"2021-04-25",18428,3779561,31230,2566646,86,271752,185,26168,49929,76633.86,6644127,0
"2021-04-26",26979,3806540,40725,2607371,1013,272765,282,26450,68999,75882.14,6713126,0
"2021-04-27",28574,3835114,47124,2654495,1696,274461,343,26793,77737,75449.71,6790863,0
"2021-04-28",27055,3862169,56834,2711329,2146,276607,419,27212,86454,75605.14,6877317,0
"2021-04-29",28619,3890788,57181,2768510,2145,278752,360,27572,88305,75677,6965622,0
"2021-04-30",30131,3920919,51987,2820497,2056,280808,273,27845,84447,75678.71,7050069,0
"2021-05-01",22485,3943404,44548,2865045,1176,281984,224,28069,68433,74900.57,7118502,0
"2021-05-02",11931,3955335,36652,2901697,1080,283064,132,28201,49795,74881.43,7168297,0
"2021-05-03",18038,3973373,53015,2954712,2383,285447,247,28448,73683,75550.57,7241980,0
"2021-05-04",22750,3996123,56641,3011353,2330,287777,257,28705,81978,76156.43,7323958,0
"2021-05-05",21480,4017603,48793,3060146,2311,290088,308,29013,72892,74219,7396850,0
"2021-05-06",20696,4038299,50174,3110320,2508,292596,263,29276,73641,72124.14,7470491,0
"2021-05-07",21264,4059563,52097,3162417,2813,295409,301,29577,76475,70985.29,7546966,0
"2021-05-08",16636,4076199,41873,3204290,1835,297244,223,29800,60567,69861.57,7607533,0
"2021-05-09",7976,4084175,29411,3233701,1260,298504,149,29949,38796,68290.29,7646329,0
"2021-05-10",14402,4098577,38537,3272238,2356,300860,221,30170,55516,65695,7701845,0
"2021-05-11",19929,4118506,43047,3315285,2514,303374,279,30449,65769,63379.43,7767614,0
"2021-05-12",17814,4136320,40534,3355819,3596,306970,227,30676,62171,61847.86,7829785,0
"2021-05-13",24984,4161304,40428,3396247,3230,310200,255,30931,68897,61170.14,7898682,0
"2021-05-14",27035,4188339,42904,3439151,3537,313737,278,31209,73754,60781.43,7972436,0
"2021-05-15",23660,4211999,34920,3474071,3366,317103,242,31451,62188,61013,8034624,0
"2021-05-16",15545,4227544,19434,3493505,2497,319600,124,31575,37600,60842.14,8072224,0
"2021-05-17",22679,4250223,29143,3522648,3257,322857,173,31748,55252,60804.43,8127476,0
"2021-05-18",24645,4274868,31901,3554549,3404,326261,233,31981,60183,60006.43,8187659,0
"2021-05-19",24209,4299077,29710,3584259,3039,329300,219,32200,57177,59293,8244836,0
"2021-05-20",24166,4323243,30084,3614343,3160,332460,264,32464,57674,57689.71,8302510,0
"2021-05-21",24695,4347938,32003,3646346,3059,335519,241,32705,59998,55724.57,8362508,0
"2021-05-22",20031,4367969,24356,3670702,2525,338044,155,32860,47067,53564.43,8409575,0
"2021-05-23",11239,4379208,13727,3684429,1411,339455,97,32957,26474,51975,8436049,0
"2021-05-24",18887,4398095,23147,3707576,2757,342212,215,33172,45006,50511.29,8481055,0
"2021-05-25",19444,4417539,23374,3730950,2601,344813,174,33346,45593,48427,8526648,0
"2021-05-26",18791,4436330,21079,3752029,2695,347508,199,33545,42764,46368,8569412,0
"2021-05-27",18478,4454808,21264,3773293,2530,350038,192,33737,42464,44195.14,8611876,0
"2021-05-28",17876,4472684,22888,3796181,2752,352790,183,33920,43699,41866.71,8655575,0
"2021-05-29",12715,4485399,17804,3813985,1755,354545,102,34022,32376,39768,8687951,0
"2021-05-30",7033,4492432,8949,3822934,1075,355620,45,34067,17102,38429.14,8705053,0
"2021-05-31",4741,4497173,6926,3829860,1012,356632,63,34130,12742,33820,8717795,0
"2021-06-01",16048,4513221,25197,3855057,2174,358806,149,34279,43568,33530.71,8761363,0
"2021-06-02",15357,4528578,20387,3875444,2092,360898,139,34418,37975,32846.57,8799338,0
"2021-06-03",15011,4543589,23816,3899260,2280,363178,121,34539,41228,32670,8840566,0
"2021-06-04",14735,4558324,25980,3925240,2492,365670,142,34681,43349,32620,8883915,0
"2021-06-05",10997,4569321,22079,3947319,1806,367476,114,34795,34996,32994.29,8918911,0
"2021-06-06",6451,4575772,14466,3961785,1222,368698,82,34877,22221,33725.57,8941132,0
"2021-06-07",11718,4587490,21781,3983566,2379,371077,139,35016,36017,37050.57,8977149,0
"2021-06-08",12660,4600150,24014,4007580,2072,373149,116,35132,38862,36378.29,9016011,0
"2021-06-09",11153,4611303,23023,4030603,2298,375447,130,35262,36604,36182.43,9052615,0
"2021-06-10",12076,4623379,22229,4052832,2462,377909,138,35400,36905,35564.86,9089520,0
"2021-06-11",12714,4636093,25110,4077942,2482,380391,151,35551,40457,35151.71,9129977,0
"2021-06-12",10170,4646263,19304,4097246,1888,382279,92,35643,31454,34645.71,9161431,0
"2021-06-13",4259,4650522,10936,4108182,1220,383499,41,35684,16456,33822.14,9177887,0
"2021-06-14",10219,4660741,19237,4127419,2042,385541,124,35808,31622,33194.29,9209509,0
"2021-06-15",11894,4672635,21006,4148425,1943,387484,123,35931,34966,32637.71,9244475,0
"2021-06-16",11593,4684228,19404,4167829,1957,389441,138,36069,33092,32136,9277567,0
"2021-06-17",11027,4695255,18758,4186587,1970,391411,118,36187,31873,31417.14,9309440,0
"2021-06-18",12171,4707426,18496,4205083,2115,393526,113,36300,32895,30336.86,9342335,0
"2021-06-19",8504,4715930,13521,4218604,1460,394986,79,36379,23564,29209.71,9365899,0
"2021-06-20",4336,4720266,7162,4225766,924,395910,36,36415,12458,28638.57,9378357,0
"2021-06-21",10166,4730432,10003,4235769,1806,397716,67,36482,22042,27270,9400399,0
"2021-06-22",9840,4740272,15640,4251409,1590,399306,102,36584,27172,26156.57,9427571,0
"2021-06-23",10320,4750592,15183,4266592,1861,401167,102,36686,27466,25352.86,9455037,0
"2021-06-24",9694,4760286,14695,4281287,1799,402966,116,36802,26304,24557.29,9481341,0
"2021-06-25",10594,4770880,14383,4295670,1718,404684,109,36911,26804,23687.14,9508145,0
"2021-06-26",7811,4778691,10460,4306130,1246,405930,73,36984,19590,23119.43,9527735,0
"2021-06-27",5004,4783695,5998,4312128,796,406726,32,37016,11830,23029.71,9539565,0
"2021-06-28",9036,4792731,10344,4322472,1524,408250,104,37120,21008,22882,9560573,0
"2021-06-29",9752,4802483,12311,4334783,1348,409598,123,37243,23534,22362.29,9584107,0
"2021-06-30",9430,4811913,10927,4345710,1480,411078,146,37389,21983,21579,9606090,0
"2021-07-01",9401,4821314,10925,4356635,1431,412509,124,37513,21881,20947.14,9627971,0
"2021-07-02",9695,4831009,11436,4368071,1541,414050,122,37635,22794,20374.29,9650765,0
"2021-07-03",7062,4838071,8420,4376491,1193,415243,75,37710,16750,19968.57,9667515,0
"2021-07-04",1288,4839359,1335,4377826,567,415810,8,37718,3198,18735.43,9670713,0
"2021-07-05",6495,4845854,7102,4384928,1208,417018,66,37784,14871,17858.71,9685584,0
"2021-07-06",9518,4855372,12847,4397775,1317,418335,113,37897,23795,17896,9709379,0
"2021-07-07",8677,4864049,11107,4408882,1419,419754,119,38016,21322,17801.57,9730701,0
"2021-07-08",8211,4872260,10195,4419077,1260,421014,105,38121,19771,17500.14,9750472,0
"2021-07-09",8381,4880641,10827,4429904,1279,422293,87,38208,20574,17183,9771046,0
"2021-07-10",7111,4887752,8625,4438529,1133,423426,64,38272,16933,17209.14,9787979,0
"2021-07-11",4105,4891857,4539,4443068,703,424129,35,38307,9382,18092.57,9797361,0
"2021-07-12",8454,4900311,9553,4452621,1250,425379,78,38385,19335,18730.29,9816696,0
"2021-07-13",9472,4909783,9382,4462003,951,426330,103,38488,19908,18175,9836604,0
"2021-07-14",9007,4918790,9525,4471528,1009,427339,103,38591,19644,17935.29,9856248,0
"2021-07-15",8796,4927586,9149,4480677,1052,428391,80,38671,19077,17836.14,9875325,0
"2021-07-16",9245,4936831,9762,4490439,978,429369,102,38773,20087,17766.57,9895412,0
"2021-07-17",6846,4943677,7386,4497825,802,430171,78,38851,15112,17506.43,9910524,0
"2021-07-18",4260,4947937,4285,4502110,569,430740,33,38884,9147,17472.86,9919671,0
"2021-07-19",9129,4957066,8471,4510581,999,431739,86,38970,18685,17380,9938356,0
"2021-07-20",10657,4967723,8755,4519336,991,432730,90,39060,20493,17463.57,9958849,0
"2021-07-21",10056,4977779,8763,4528099,903,433633,141,39201,19863,17494.86,9978712,0
"2021-07-22",10687,4988466,8580,4536679,1044,434677,142,39343,20453,17691.43,9999165,0
"2021-07-23",11261,4999727,8878,4545557,1114,435791,134,39477,21387,17877.14,10020552,0
"2021-07-24",7406,5007133,6734,4552291,670,436461,82,39559,14892,17845.71,10035444,0
"2021-07-25",5481,5012614,2122,4554413,509,436970,59,39618,8171,17706.29,10043615,0
"2021-07-26",10880,5023494,6998,4561411,859,437829,109,39727,18846,17729.29,10062461,0
"2021-07-27",12060,5035554,8564,4569975,857,438686,131,39858,21612,17889.14,10084073,0
"2021-07-28",11999,5047553,8048,4578023,950,439636,129,39987,21126,18069.57,10105199,0
"2021-07-29",10941,5058494,7426,4585449,983,440619,129,40116,19479,17930.43,10124678,0
"2021-07-30",14957,5073451,8005,4593454,1149,441768,180,40296,24291,18345.29,10148969,0
"2021-07-31",9735,5083186,6310,4599764,816,442584,116,40412,16977,18643.14,10165946,0
"2021-08-01",6506,5089692,3308,4603072,564,443148,79,40491,10457,18969.71,10176403,0
"2021-08-02",13455,5103147,7154,4610226,848,443996,143,40634,21600,19363.14,10198003,0
"2021-08-03",15423,5118570,8381,4618607,1107,445103,145,40779,25056,19855.14,10223059,0
"2021-08-04",17264,5135834,8123,4626730,1454,446557,177,40956,27018,20696.86,10250077,0
"2021-08-05",17870,5153704,7921,4634651,1365,447922,161,41117,27317,21816.57,10277394,0
"2021-08-06",18185,5171889,8409,4643060,1233,449155,164,41281,27991,22345.14,10305385,0
"2021-08-07",13389,5185278,6015,4649075,799,449954,97,41378,20300,22819.86,10325685,0
"2021-08-08",9312,5194590,3833,4652908,399,450353,79,41457,13623,23272.14,10339308,0
"2021-08-09",21342,5215932,8529,4661437,963,451316,169,41626,31003,24615.43,10370311,0
"2021-08-10",18927,5234859,9329,4670766,950,452266,168,41794,29374,25232.29,10399685,0
"2021-08-11",15653,5250512,8309,4679075,853,453119,125,41919,24940,24935.43,10424625,0
"2021-08-12",15054,5265566,8977,4688052,938,454057,168,42087,25137,24624,10449762,0
"2021-08-13",14930,5280496,9287,4697339,921,454978,236,42323,25374,24250.14,10475136,0
"2021-08-14",10416,5290912,6408,4703747,626,455604,522,42845,17972,23917.57,10493108,0
"2021-08-15",6697,5297609,4474,4708221,677,456281,567,43412,12415,23745,10505523,0
"2021-08-16",15726,5313335,9291,4717512,1149,457430,1315,44727,27481,23241.86,10533004,0
"2021-08-17",17784,5331119,10438,4727950,1221,458651,1753,46480,31196,23502.14,10564200,0
"2021-08-18",17519,5348638,10356,4738306,1260,459911,1978,48458,31113,24384,10595313,0
"2021-08-19",16313,5364951,9519,4747825,1316,461227,1943,50401,29091,24948.86,10624404,0
"2021-08-20",16292,5381243,11536,4759361,1254,462481,1846,52247,30928,25742.29,10655332,0
"2021-08-21",11160,5392403,8040,4767401,877,463358,1047,53294,21124,26192.57,10676456,0
"2021-08-22",4086,5396489,3903,4771304,262,463620,512,53806,8763,25670.86,10685219,0
"2021-08-23",15584,5412073,11797,4783101,1023,464643,1542,55348,29946,26023,10715165,0
"2021-08-24",16922,5428995,12592,4795693,1006,465649,1769,57117,32289,26179.14,10747454,0
"2021-08-25",14588,5443583,12435,4808128,1111,466760,1560,58677,29694,25976.43,10777148,0
"2021-08-26",16171,5459754,14084,4822212,1072,467832,1758,60435,33085,26547,10810233,0
"2021-08-27",14889,5474643,14819,4837031,972,468804,1652,62087,32332,26747.57,10842565,0
"2021-08-28",10689,5485332,11514,4848545,836,469640,1008,63095,24047,27165.14,10866612,0
"2021-08-29",7220,5492552,7494,4856039,541,470181,769,63864,16024,28202.43,10882636,0
"2021-08-30",15531,5508083,16921,4872960,1077,471258,1781,65645,35310,28968.71,10917946,0
"2021-08-31",15529,5523612,15941,4888901,952,472210,1956,67601,34378,29267.14,10952324,0
"2021-09-01",14840,5538452,14098,4902999,1021,473231,1791,69392,31750,29560.86,10984074,0
"2021-09-02",14347,5552799,12516,4915515,896,474127,1687,71079,29446,29041,11013520,0
"2021-09-03",15016,5567815,14298,4929813,974,475101,1887,72966,32175,29018.57,11045695,0
"2021-09-04",9655,5577470,9404,4939217,688,475789,959,73925,20706,28541.29,11066401,0
"2021-09-05",6808,5584278,5512,4944729,438,476227,701,74626,13459,28174.86,11079860,0
"2021-09-06",5203,5589481,4506,4949235,358,476585,268,74894,10335,24607,11090195,0
"2021-09-07",15582,5605063,17687,4966922,913,477498,1533,76427,35715,24798,11125910,0
"2021-09-08",16180,5621243,14823,4981745,1073,478571,1748,78175,33824,25094.29,11159734,0
"2021-09-09",16127,5637370,14742,4996487,1048,479619,1897,80072,33814,25718.29,11193548,0
"2021-09-10",18379,5655749,15392,5011879,1209,480828,1958,82030,36938,26398.71,11230486,0
"2021-09-11",12647,5668396,10343,5022222,958,481786,1016,83046,24964,27007,11255450,0
"2021-09-12",8543,5676939,5048,5027270,766,482552,683,83729,15040,27232.86,11270490,0
"2021-09-13",16945,5693884,12945,5040215,974,483526,1635,85364,32499,30399.14,11302989,0
"2021-09-14",16282,5710166,13669,5053884,886,484412,1584,86948,32421,29928.57,11335410,0
"2021-09-15",15560,5725726,12864,5066748,728,485140,1561,88509,30713,29484.14,11366123,0
"2021-09-16",15353,5741079,13904,5080652,1211,486351,1439,89948,31907,29211.71,11398030,0
"2021-09-17",14439,5755518,13962,5094614,922,487273,1818,91766,31141,28383.57,11429171,0
"2021-09-18",10012,5765530,10170,5104784,913,488186,1043,92809,22138,27979.86,11451309,0
"2021-09-19",6183,5771713,6069,5110853,557,488743,742,93551,13551,27767.14,11464860,0
"2021-09-20",12692,5784405,12629,5123482,1069,489812,1903,95454,28293,27166.29,11493153,0
"2021-09-21",12247,5796652,12769,5136251,1111,490923,2005,97459,28132,26553.57,11521285,0
"2021-09-22",12849,5809501,11985,5148236,1091,492014,1657,99116,27582,26106.29,11548867,0
"2021-09-23",14963,5824464,12749,5160985,1639,493653,2237,101353,31588,26060.71,11580455,0
"2021-09-24",16468,5840932,13358,5174343,1632,495285,4584,105937,36042,26760.86,11616497,0
"2021-09-25",10557,5851489,9020,5183363,1018,496303,3416,109353,24011,27028.43,11640508,0
"2021-09-26",6320,5857809,5755,5189118,773,497076,2398,111751,15246,27270.57,11655754,0
"2021-09-27",14188,5871997,8045,5197163,1155,498231,8945,120696,32333,27847.71,11688087,0
"2021-09-28",11174,5883171,11771,5208934,901,499132,9768,130464,33614,28630.86,11721701,0
"2021-09-29",11629,5894800,12184,5221118,1205,500337,9328,139792,34346,29597.14,11756047,0
"2021-09-30",12261,5907061,12592,5233710,1338,501675,9616,149408,35807,30199.86,11791854,0
"2021-10-01",12670,5919731,13425,5247135,1284,502959,10171,159579,37550,30415.29,11829404,0
"2021-10-02",7740,5927471,9975,5257110,864,503823,4185,163764,22764,30237.14,11852168,0
"2021-10-03",5084,5932555,6159,5263269,594,504417,2594,166358,14431,30120.71,11866599,0
"2021-10-04",9930,5942485,11030,5274299,913,505330,9425,175783,31298,29972.86,11897897,0
"2021-10-05",10192,5952677,11745,5286044,972,506302,9856,185639,32765,29851.57,11930662,0
"2021-10-06",9937,5962614,11053,5297097,937,507239,9858,195497,31785,29485.71,11962447,0
"2021-10-07",9689,5972303,12181,5309278,852,508091,10118,205615,32840,29061.86,11995287,0
"2021-10-08",9493,5981796,12166,5321444,943,509034,10820,216435,33422,28472.14,12028709,0
"2021-10-09",6282,5988078,8274,5329718,649,509683,4062,220497,19267,27972.57,12047976,0
"2021-10-10",3550,5991628,5020,5334738,458,510141,2406,222903,11434,27544.43,12059410,0
"2021-10-11",7644,5999272,9329,5344067,728,510869,8844,231747,26545,26865.43,12085955,0
"2021-10-12",8093,6007365,11002,5355069,891,511760,10420,242167,30406,26528.43,12116361,0
"2021-10-13",7189,6014554,10143,5365212,869,512629,8688,250855,26889,25829,12143250,0
"2021-10-14",7467,6022021,11109,5376321,836,513465,10005,260860,29417,25340,12172667,0
"2021-10-15",7751,6029772,11866,5388187,823,514288,10686,271546,31126,25012,12203793,0
"2021-10-16",4874,6034646,7464,5395651,666,514954,3789,275335,16793,24658.57,12220586,0
"2021-10-17",3064,6037710,4474,5400125,411,515365,2418,277753,10367,24506.14,12230953,0
"2021-10-18",7088,6044798,10658,5410783,797,516162,9353,287106,27896,24699.14,12258849,0
"2021-10-19",6601,6051399,8942,5419725,806,516968,8984,296090,25333,23974.43,12284182,0
"2021-10-20",6568,6057967,9372,5429097,975,517943,9882,305972,26797,23961.29,12310979,0
"2021-10-21",7063,6065030,9378,5438475,859,518802,10736,316708,28036,23764,12339015,0
"2021-10-22",8172,6073202,10348,5448823,1026,519828,16259,332967,35805,24432.43,12374820,0
"2021-10-23",5205,6078407,6458,5455281,690,520518,9074,342041,21427,25094.43,12396247,0
"2021-10-24",3286,6081693,3969,5459250,770,521288,6137,348178,14162,25636.57,12410409,0
"2021-10-25",8831,6090524,8750,5468000,1148,522436,19181,367359,37910,27067.14,12448319,0
"2021-10-26",8249,6098773,7727,5475727,1259,523695,17226,384585,34461,28371.14,12482780,0
"2021-10-27",10627,6109400,8399,5484126,1604,525299,20759,405344,41389,30455.71,12524169,0
"2021-10-28",11380,6120780,8043,5492169,1793,527092,20747,426091,41963,32445.29,12566132,0
"2021-10-29",11901,6132681,8246,5500415,1964,529056,22441,448532,44552,33694.86,12610684,0
"2021-10-30",4656,6137337,5052,5505467,934,529990,11120,459652,21762,33742.71,12632446,0
"2021-10-31",2678,6140015,2703,5508170,545,530535,6599,466251,12525,33508.86,12644971,0
"2021-11-01",7200,6147215,6953,5515123,1090,531625,20293,486544,35536,33169.71,12680507,0
"2021-11-02",6637,6153852,6585,5521708,1053,532678,20667,507211,34942,33238.43,12715449,0
"2021-11-03",6907,6160759,6677,5528385,1028,533706,20530,527741,35142,32346,12750591,0
"2021-11-04",9356,6170115,6275,5534660,997,534703,22262,550003,38890,31907,12789481,0
"2021-11-05",11125,6181240,6724,5541384,1052,535755,23680,573683,42581,31625.43,12832062,0
"2021-11-06",11150,6192390,4052,5545436,593,536348,12559,586242,28354,32567.14,12860416,0
"2021-11-07",7282,6199672,2283,5547719,576,536924,7075,593317,17216,33237.29,12877632,0
"2021-11-08",15113,6214785,5678,5553397,867,537791,19424,612741,41082,34029.57,12918714,0
"2021-11-09",16213,6230998,5380,5558777,661,538452,20455,633196,42709,35139.14,12961423,0
"2021-11-10",17010,6248008,5330,5564107,684,539136,22541,655737,45565,36628.14,13006988,0
"2021-11-11",12635,6260643,5193,5569300,761,539897,21986,677723,40575,36868.86,13047563,0
"2021-11-12",16955,6277598,5683,5574983,708,540605,23329,701052,46675,37453.71,13094238,0
"2021-11-13",9973,6287571,3666,5578649,465,541070,13288,714340,27392,37316.29,13121630,0
"2021-11-14",6042,6293613,2294,5580943,325,541395,7905,722245,16566,37223.43,13138196,0
"2021-11-15",13299,6306912,5971,5586914,690,542085,25008,747253,44968,37778.57,13183164,0
"2021-11-16",10037,6316949,5795,5592709,655,542740,30547,777800,47034,38396.43,13230198,0
"2021-11-17",10387,6327336,6678,5599387,682,543422,31271,809071,49018,38889.71,13279216,0
"2021-11-18",10799,6338135,6548,5605935,861,544283,32912,841983,51120,40396.14,13330336,0
"2021-11-19",12112,6350247,6552,5612487,717,545000,36143,878126,55524,41660.29,13385860,0
"2021-11-20",9394,6359641,3420,5615907,514,545514,22428,900554,35756,42855.14,13421616,0
"2021-11-21",5006,6364647,1893,5617800,288,545802,13153,913707,20340,43394.29,13441956,0
"2021-11-22",10542,6375189,5790,5623590,753,546555,35748,949455,52833,44517.86,13494789,0
"2021-11-23",9890,6385079,4782,5628372,635,547190,33378,982833,48685,44753.71,13543474,0
"2021-11-24",8778,6393857,4761,5633133,651,547841,25838,1008671,40028,43469.43,13583502,0
"2021-11-25",452,6394309,324,5633457,80,547921,997,1009668,1853,36431.29,13585355,0
"2021-11-26",8118,6402427,6990,5640447,528,548449,26506,1036174,42142,34519.57,13627497,0
"2021-11-27",6727,6409154,6828,5647275,373,548822,18753,1054927,32681,34080.29,13660178,0
"2021-11-28",4113,6413267,5782,5653057,282,549104,11825,1066752,22002,34317.71,13682180,0
"2021-11-29",9191,6422458,10986,5664043,688,549792,34876,1101628,55741,34733.14,13737921,0
"2021-11-30",10601,6433059,11431,5675474,512,550304,37636,1139264,60180,36375.29,13798101,0
"2021-12-01",11314,6444373,10962,5686436,723,551027,40196,1179460,63195,39684.86,13861296,0
"2021-12-02",11751,6456124,11024,5697460,626,551653,41977,1221437,65378,48759.86,13926674,0
"2021-12-03",13620,6469744,12865,5710325,676,552329,47769,1269206,74930,53443.86,14001604,0
"2021-12-04",9919,6479663,11277,5721602,567,552896,30564,1299770,52327,56250.43,14053931,0
"2021-12-05",5795,6485458,5704,5727306,270,553166,16612,1316382,28381,57161.71,14082312,0
"2021-12-06",12465,6497923,9938,5737244,603,553769,43099,1359481,66105,58642.29,14148417,0
"2021-12-07",12698,6510621,9239,5746483,625,554394,42912,1402393,65474,59398.57,14213891,0
"2021-12-08",13677,6524298,8745,5755228,556,554950,40625,1443018,63603,59456.86,14277494,0
"2021-12-09",13614,6537912,8756,5763984,558,555508,40686,1483704,63614,59204.86,14341108,0
"2021-12-10",14166,6552078,10124,5774108,672,556180,43494,1527198,68456,58280,14409564,0
"2021-12-11",10329,6562407,8100,5782208,405,556585,26644,1553842,45478,57301.57,14455042,0
"2021-12-12",6067,6568474,3856,5786064,288,556873,15116,1568958,25327,56865.29,14480369,0
"2021-12-13",12339,6580813,7413,5793477,657,557530,37760,1606718,58169,55731.57,14538538,0
"2021-12-14",12323,6593136,6958,5800435,734,558264,38044,1644762,58059,54672.29,14596597,0
"2021-12-15",12250,6605386,6239,5806674,755,559019,37970,1682732,57214,53759.57,14653811,0
"2021-12-16",13244,6618630,4266,5810940,734,559753,40867,1723599,59111,53116.29,14712922,0
"2021-12-17",16128,6634758,6928,5817868,620,560373,46541,1770140,70217,53367.86,14783139,0
"2021-12-18",13094,6647852,5717,5823585,432,560805,30508,1800648,49751,53978.29,14832890,0
"2021-12-19",7069,6654921,2987,5826572,327,561132,17951,1818599,28334,54407.86,14861224,0
"2021-12-20",17010,6671931,5868,5832440,746,561878,47267,1865866,70891,56225.29,14932115,0
"2021-12-21",18075,6690006,6554,5838994,808,562686,48732,1914598,74169,58526.71,15006284,0
"2021-12-22",18674,6708680,6555,5845549,938,563624,49473,1964071,75640,61159,15081924,0
"2021-12-23",19130,6727810,6479,5852028,929,564553,45697,2009768,72235,63033.86,15154159,0
"2021-12-24",9261,6737071,2954,5854982,598,565151,20555,2030323,33368,57769.71,15187527,0
"2021-12-25",343,6737414,65,5855047,31,565182,422,2030745,861,50785.43,15188388,0
"2021-12-26",7997,6745411,3925,5858972,341,565523,17247,2047992,29510,50953.43,15217898,0
"2021-12-27",21885,6767296,9199,5868171,933,566456,43320,2091312,75337,51588.57,15293235,0
"2021-12-28",20234,6787530,8320,5876491,698,567154,47460,2138772,76712,51951.86,15369947,0
"2021-12-29",18550,6806080,7657,5884148,607,567761,45416,2184188,72230,51464.71,15442177,0
"2021-12-30",16933,6823013,7411,5891559,579,568340,44728,2228916,69651,51095.57,15511828,0
"2021-12-31",5379,6828392,2792,5894351,193,568533,14715,2243631,23079,49625.71,15534907,0
"2022-01-01",237,6828629,145,5894496,11,568544,498,2244129,891,49630,15535798,0
"2022-01-02",6458,6835087,5008,5899504,153,568697,10964,2255093,22583,48640.43,15558381,0
"2022-01-03",14216,6849303,8477,5907981,515,569212,26804,2281897,50012,45022.57,15608393,0
"2022-01-04",13152,6862455,8057,5916038,412,569624,26919,2308816,48540,40998,15656933,0
"2022-01-05",11684,6874139,6954,5922992,385,570009,25671,2334487,44694,37064.29,15701627,0
"2022-01-06",11612,6885751,7352,5930344,480,570489,27368,2361855,46812,33801.57,15748439,0
"2022-01-07",10517,6896268,8413,5938757,337,570826,24881,2386736,44148,36811.43,15792587,0
"2022-01-08",7977,6904245,8540,5947297,310,571136,19354,2406090,36181,41852.86,15828768,0
"2022-01-09",4160,6908405,3842,5951139,214,571350,10037,2416127,18253,41234.29,15847021,0
"2022-01-10",10222,6918627,8173,5959312,490,571840,24520,2440647,43405,40290.43,15890426,0
"2022-01-11",8962,6927589,7971,5967283,520,572360,20935,2461582,38388,38840.14,15928814,0
"2022-01-12",9014,6936603,8305,5975588,428,572788,22246,2483828,39993,38168.57,15968807,0
"2022-01-13",9112,6945715,8838,5984426,449,573237,22729,2506557,41128,37356.57,16009935,0
"2022-01-14",10130,6955845,8064,5992490,475,573712,26165,2532722,44834,37454.57,16054769,0
"2022-01-15",6203,6962048,4264,5996754,178,573890,14926,2547648,25571,35938.86,16080340,0
"2022-01-16",2938,6964986,3252,6000006,93,573983,7801,2555449,14084,35343.29,16094424,0
"2022-01-17",6115,6971101,6749,6006755,363,574346,14609,2570058,27836,33119.14,16122260,0
"2022-01-18",8143,6979244,10149,6016904,397,574743,19329,2589387,38018,33066.29,16160278,0
"2022-01-19",7551,6986795,9223,6026127,305,575048,17625,2607012,34704,32310.71,16194982,0
"2022-01-20",6348,6993143,8559,6034686,303,575351,15141,2622153,30351,30771.14,16225333,0
"2022-01-21",7658,7000801,7486,6042172,277,575628,18378,2640531,33799,29194.71,16259132,0
"2022-01-22",5217,7006018,4923,6047095,131,575759,11277,2651808,21548,28620,16280680,0
"2022-01-23",2826,7008844,3325,6050420,97,575856,6213,2658021,12461,28388.14,16293141,0
"2022-01-24",6426,7015270,8184,6058604,261,576117,14992,2673013,29863,28677.71,16323004,0
"2022-01-25",6225,7021495,7918,6066522,232,576349,14635,2687648,29010,27390.86,16352014,0
"2022-01-26",5800,7027295,7146,6073668,290,576639,13956,2701604,27192,26317.71,16379206,0
"2022-01-27",5284,7032579,7075,6080743,320,576959,14024,2715628,26703,25796.57,16405909,0
"2022-01-28",6317,7038896,7848,6088591,205,577164,16058,2731686,30428,25315,16436337,0
"2022-01-29",848,7039744,726,6089317,28,577192,2522,2734208,4124,22825.86,16440461,0
"2022-01-30",2107,7041851,3016,6092333,103,577295,4527,2738735,9753,22439,16450214,0
"2022-01-31",5041,7046892,6584,6098917,219,577514,11313,2750048,23157,21481,16473371,0
"2022-02-01",4860,7051752,6439,6105356,219,577733,10658,2760706,22176,20504.71,16495547,0
"2022-02-02",4278,7056030,5921,6111277,214,577947,11174,2771880,21587,19704,16517134,0
"2022-02-03",4246,7060276,5787,6117064,217,578164,11167,2783047,21417,18948.86,16538551,0
"2022-02-04",4801,7065077,7088,6124152,214,578378,13150,2796197,25253,18209.57,16563804,0
"2022-02-05",3602,7068679,6038,6130190,110,578488,8548,2804745,18298,20234.43,16582102,0
"2022-02-06",2072,7070751,2132,6132322,121,578609,4623,2809368,8948,20119.43,16591050,0
"2022-02-07",4174,7074925,4719,6137041,205,578814,10105,2819473,19203,19554.57,16610253,0
"2022-02-08",4249,7079174,5593,6142634,213,579027,11261,2830734,21316,19431.71,16631569,0
"2022-02-09",4154,7083328,5386,6148020,222,579249,11609,2842343,21371,19400.86,16652940,0
"2022-02-10",4009,7087337,5100,6153120,243,579492,12108,2854451,21460,19407,16674400,0
"2022-02-11",4544,7091881,5795,6158915,194,579686,13685,2868136,24218,19259.14,16698618,0
"2022-02-12",3272,7095153,4332,6163247,96,579782,8773,2876909,16473,18998.43,16715091,0
"2022-02-13",1526,7096679,1542,6164789,41,579823,4872,2881781,7981,18860.29,16723072,0
"2022-02-14",3006,7099685,3616,6168405,165,579988,10536,2892317,17323,18591.71,16740395,0
"2022-02-15",3583,7103268,4055,6172460,177,580165,12727,2905044,20542,18481.14,16760937,0
"2022-02-16",3687,7106955,3885,6176345,196,580361,15638,2920682,23406,18771.86,16784343,0
"2022-02-17",4065,7111020,4077,6180422,163,580524,18166,2938848,26471,19487.71,16810814,0
"2022-02-18",4505,7115525,4773,6185195,189,580713,21500,2960348,30967,20451.86,16841781,0
"2022-02-19",3271,7118796,2176,6187371,65,580778,11143,2971491,16655,20477.86,16858436,0
"2022-02-20",1868,7120664,1444,6188815,59,580837,6565,2978056,9936,20757.14,16868372,0
"2022-02-21",3114,7123778,2685,6191500,95,580932,8321,2986377,14215,20313.14,16882587,0
"2022-02-22",4419,7128197,4239,6195739,174,581106,10788,2997165,19620,20181.43,16902207,0
"2022-02-23",4292,7132489,3776,6199515,144,581250,10622,3007787,18834,19528.29,16921041,0
"2022-02-24",3772,7136261,3650,6203165,108,581358,10154,3017941,17684,18273,16938725,0
"2022-02-25",3642,7139903,3605,6206770,135,581493,9950,3027891,17332,16325.14,16956057,0
"2022-02-26",2857,7142760,2574,6209344,74,581567,9491,3037382,14996,16088.14,16971053,0
"2022-02-27",1781,7144541,1368,6210712,52,581619,6264,3043646,9465,16020.86,16980518,0
"2022-02-28",3825,7148366,3118,6213830,140,581759,13086,3056732,20169,16871.43,17000687,0
"2022-03-01",2130,7150496,2604,6216434,102,581861,5148,3061880,9984,15494.86,17010671,0
"2022-03-02",1835,7152331,2415,6218849,105,581966,4099,3065979,8454,14012,17019125,0
"2022-03-03",1939,7154270,2547,6221396,106,582072,3780,3069759,8372,12681.71,17027497,0
"2022-03-04",2106,7156376,2861,6224257,67,582139,4308,3074067,9342,11540.29,17036839,0
"2022-03-05",1611,7157987,2119,6226376,43,582182,3300,3077367,7073,10408.43,17043912,0
"2022-03-06",802,7158789,877,6227253,30,582212,1617,3078984,3326,9531.43,17047238,0
"2022-03-07",1676,7160465,1774,6229027,85,582297,3472,3082456,7007,7651.14,17054245,0
"2022-03-08",1544,7162009,1892,6230919,77,582374,3112,3085568,6625,7171.29,17060870,0
"2022-03-09",1262,7163271,1662,6232581,78,582452,2567,3088135,5569,6759.14,17066439,0
"2022-03-10",1429,7164700,2087,6234668,85,582537,2936,3091071,6537,6497,17072976,0
"2022-03-11",1604,7166304,2259,6236927,80,582617,3189,3094260,7132,6181.29,17080108,0
"2022-03-12",882,7167186,1410,6238337,39,582656,1994,3096254,4325,5788.71,17084433,0
"2022-03-13",626,7167812,755,6239092,26,582682,1289,3097543,2696,5698.71,17087129,0
"2022-03-14",1384,7169196,1588,6240680,83,582765,2969,3100512,6024,5558.29,17093153,0
"2022-03-15",1343,7170539,1918,6242598,62,582827,3062,3103574,6385,5524,17099538,0
"2022-03-16",1395,7171934,2051,6244649,94,582921,3114,3106688,6654,5679,17106192,0
"2022-03-17",1175,7173109,1801,6246450,69,582990,2739,3109427,5784,5571.43,17111976,0
"2022-03-18",1578,7174687,2156,6248606,80,583070,3742,3113169,7556,5632,17119532,0
"2022-03-19",1113,7175800,1724,6250330,53,583123,2583,3115752,5473,5796,17125005,0
"2022-03-20",613,7176413,629,6250959,32,583155,1458,3117210,2732,5801.14,17127737,0
"2022-03-21",1424,7177837,1532,6252491,73,583228,3028,3120238,6057,5805.86,17133794,0
"2022-03-22",1331,7179168,1537,6254028,101,583329,2874,3123112,5843,5728.43,17139637,0
"2022-03-23",1260,7180428,1339,6255367,66,583395,2895,3126007,5560,5572.14,17145197,0
"2022-03-24",1204,7181632,1288,6256655,83,583478,2496,3128503,5071,5470.29,17150268,0
"2022-03-25",1383,7183015,1602,6258257,61,583539,3231,3131734,6277,5287.57,17156545,0
"2022-03-26",922,7183937,1145,6259402,37,583576,2280,3134014,4384,5132,17160929,0
"2022-03-27",573,7184510,526,6259928,24,583600,1307,3135321,2430,5088.86,17163359,0
"2022-03-28",1080,7185590,1141,6261069,62,583662,2422,3137743,4705,4895.71,17168064,0
"2022-03-29",1042,7186632,1100,6262169,80,583742,2491,3140234,4713,4734.29,17172777,0
"2022-03-30",1239,7187871,1117,6263286,90,583832,3034,3143268,5480,4722.86,17178257,0
"2022-03-31",1231,7189102,1222,6264508,55,583887,3115,3146383,5623,4801.71,17183880,0
"2022-04-01",1374,7190476,1456,6265964,65,583952,3193,3149576,6088,4774.71,17189968,0
"2022-04-02",878,7191354,904,6266868,31,583983,2077,3151653,3890,4704.14,17193858,0
"2022-04-03",543,7191897,494,6267362,28,584011,1210,3152863,2275,4682,17196133,0
"2022-04-04",1305,7193202,1280,6268642,56,584067,2655,3155518,5296,4766.43,17201429,0
"2022-04-05",1261,7194463,1121,6269763,63,584130,2803,3158321,5248,4842.86,17206677,120000
"2022-04-06",1251,7195714,1142,6270905,55,584185,2555,3160876,5003,4774.71,17211680,120000
"2022-04-07",1136,7196850,1003,6271908,48,584233,2246,3163122,4433,4604.71,17216113,120000
"2022-04-08",1423,7198273,1342,6273250,50,584283,2983,3166105,5798,4563.29,17221911,120000
"2022-04-09",918,7199191,893,6274143,23,584306,1971,3168076,3805,4551.14,17225716,120000
"2022-04-10",585,7199776,442,6274585,17,584323,1131,3169207,2175,4536.86,17227891,120000
"2022-04-11",424,7200200,370,6274955,19,584342,826,3170033,1639,4014.43,17229530,120000
