"DATE","ADMIN_DOSE1_DAILY","ADMIN_DOSE1_CUMULATIVE","ADMIN_DOSE2_DAILY","ADMIN_DOSE2_CUMULATIVE","ADMIN_SINGLE_DAILY","ADMIN_SINGLE_CUMULATIVE","ADMIN_ADDITIONAL_DAILY","ADMIN_ADDITIONAL_CUMULATIVE","ADMIN_ALLDOSES_DAILY","ADMIN_ALLDOSES_7DAYAVG","ADMIN_ALLDOSES_CUMULATIVE","INCOMPLETE"
"2020-12-14",79,79,0,0,0,0,0,0,79,,79,0
"2020-12-15",2051,2130,7,7,4,4,0,0,2062,,2141,0
"2020-12-16",4603,6733,13,20,1,5,1,1,4618,,6759,0
"2020-12-17",4655,11388,17,37,0,5,1,2,4673,,11432,0
"2020-12-18",5832,17220,21,58,2,7,2,4,5857,,17289,0
"2020-12-19",1689,18909,7,65,3,10,0,4,1699,,18988,0
"2020-12-20",1116,20025,2,67,1,11,0,4,1119,2872.43,20107,0
"2020-12-21",6338,26363,18,85,0,11,6,10,6362,3770,26469,0
"2020-12-22",9794,36157,29,114,2,13,1,11,9826,4879.14,36295,0
"2020-12-23",14274,50431,35,149,3,16,1,12,14313,6264.14,50608,0
"2020-12-24",7201,57632,24,173,1,17,0,12,7226,6628.86,57834,0
"2020-12-25",180,57812,0,173,0,17,1,13,181,5818,58015,0
"2020-12-26",4389,62201,42,215,0,17,1,14,4432,6208.43,62447,0
"2020-12-27",3868,66069,14,229,0,17,1,15,3883,6603.29,66330,0
"2020-12-28",10994,77063,50,279,1,18,2,17,11047,7272.57,77377,0
"2020-12-29",10720,87783,33,312,2,20,2,19,10757,7405.57,88134,0
"2020-12-30",12824,100607,45,357,0,20,0,19,12869,7199.29,101003,0
"2020-12-31",7263,107870,30,387,1,21,0,19,7294,7209,108297,0
"2021-01-01",181,108051,2,389,1,22,3,22,187,7209.86,108484,0
"2021-01-02",3810,111861,10,399,2,24,2,24,3824,7123,112308,0
"2021-01-03",3543,115404,23,422,2,26,1,25,3569,7078.14,115877,0
"2021-01-04",12257,127661,805,1227,2,28,7,32,13071,7367.29,128948,0
"2021-01-05",14085,141746,2190,3417,2,30,12,44,16289,8157.57,145237,0
"2021-01-06",17805,159551,3925,7342,1,31,30,74,21761,9427.86,166998,0
"2021-01-07",16549,176100,5169,12511,4,35,46,120,21768,11495.57,188766,0
"2021-01-08",16618,192718,5456,17967,0,35,32,152,22106,14626.86,210872,0
"2021-01-09",7650,200368,1463,19430,1,36,7,159,9121,15383.57,219993,0
"2021-01-10",7883,208251,981,20411,0,36,10,169,8874,16141.43,228867,0
"2021-01-11",25827,234078,7455,27866,2,38,48,217,33332,19035.86,262199,0
"2021-01-12",28265,262343,7855,35721,1,39,47,264,36168,21875.71,298367,0
"2021-01-13",31729,294072,9384,45105,1,40,52,316,41166,24647.86,339533,0
"2021-01-14",35808,329880,5325,50430,1,41,28,344,41162,27418.43,380695,0
"2021-01-15",29267,359147,3707,54137,2,43,31,375,33007,28975.71,413702,0
"2021-01-16",30289,389436,2382,56519,0,43,25,400,32696,32343.57,446398,0
"2021-01-17",23753,413189,1624,58143,0,43,18,418,25395,34703.71,471793,0
"2021-01-18",27108,440297,2413,60556,0,43,35,453,29556,34164.29,501349,0
"2021-01-19",34299,474596,9624,70180,1,44,71,524,43995,35282.43,545344,0
"2021-01-20",34867,509463,9495,79675,1,45,59,583,44422,35747.57,589766,0
"2021-01-21",25591,535054,8092,87767,2,47,48,631,33733,34686.29,623499,0
"2021-01-22",24757,559811,4381,92148,1,48,31,662,29170,34138.14,652669,0
"2021-01-23",15743,575554,3222,95370,0,48,10,672,18975,32178,671644,0
"2021-01-24",7175,582729,3453,98823,0,48,19,691,10647,30071.14,682291,0
"2021-01-25",13415,596144,11819,110642,0,48,64,755,25298,29462.86,707589,0
"2021-01-26",16765,612909,10752,121394,0,48,67,822,27584,27118.43,735173,0
"2021-01-27",20835,633744,12356,133750,0,48,50,872,33241,25521.14,768414,0
"2021-01-28",30761,664505,12850,146600,0,48,79,951,43690,26943.57,812104,0
"2021-01-29",31693,696198,11499,158099,0,48,78,1029,43270,28957.86,855374,0
"2021-01-30",18715,714913,3738,161837,0,48,21,1050,22474,29457.71,877848,0
"2021-01-31",13022,727935,2919,164756,1,49,28,1078,15970,30218.14,893818,0
"2021-02-01",1180,729115,5369,170125,4,53,35,1113,6588,27545.29,900406,0
"2021-02-02",2828,731943,9471,179596,2,55,49,1162,12350,25369,912756,0
"2021-02-03",16349,748292,21242,200838,4,59,201,1363,37796,26019.71,950552,0
"2021-02-04",27047,775339,19648,220486,3,62,199,1562,46897,26477.86,997449,0
"2021-02-05",27599,802938,20033,240519,0,62,183,1745,47815,27127.14,1045264,0
"2021-02-06",22994,825932,11245,251764,0,62,109,1854,34348,28823.43,1079612,0
"2021-02-07",12046,837978,8281,260045,1,63,89,1943,20417,29458.71,1100029,0
"2021-02-08",16966,854944,23514,283559,2,65,230,2173,40712,34333.57,1140741,0
"2021-02-09",17194,872138,28110,311669,2,67,332,2505,45638,39089,1186379,0
"2021-02-10",19594,891732,29308,340977,2,69,256,2761,49160,40712.43,1235539,0
"2021-02-11",27850,919582,33465,374442,2,71,343,3104,61660,42821.43,1297199,0
"2021-02-12",38402,957984,30791,405233,3,74,355,3459,69551,45926.57,1366750,0
"2021-02-13",28002,985986,25311,430544,2,76,310,3769,53625,48680.43,1420375,0
"2021-02-14",16280,1002266,23728,454272,0,76,262,4031,40270,51516.57,1460645,0
"2021-02-15",12795,1015061,10528,464800,2,78,166,4197,23491,49056.43,1484136,0
"2021-02-16",14241,1029302,26729,491529,0,78,322,4519,41292,48435.57,1525428,0
"2021-02-17",16399,1045701,22183,513712,1,79,287,4806,38870,46965.57,1564298,0
"2021-02-18",12155,1057856,24987,538699,21,100,285,5091,37448,43506.71,1601746,0
"2021-02-19",13264,1071120,23935,562634,39,139,302,5393,37540,38933.71,1639286,0
"2021-02-20",11353,1082473,26072,588706,6,145,324,5717,37755,36666.57,1677041,0
"2021-02-21",6364,1088837,17424,606130,15,160,282,5999,24085,34354.43,1701126,0
"2021-02-22",13041,1101878,11848,617978,2,162,125,6124,25016,34572.29,1726142,0
"2021-02-23",25245,1127123,14147,632125,1,163,159,6283,39552,34323.71,1765694,0
"2021-02-24",36358,1163481,20382,652507,0,163,221,6504,56961,36908.14,1822655,0
"2021-02-25",54621,1218102,30374,682881,6,169,396,6900,85397,43758,1908052,0
"2021-02-26",62875,1280977,31857,714738,4,173,408,7308,95144,51987.14,2003196,0
"2021-02-27",51302,1332279,22745,737483,47,220,328,7636,74422,57225.29,2077618,0
"2021-02-28",44598,1376877,13811,751294,7,227,205,7841,58621,62159,2136239,0
"2021-03-01",39316,1416193,12773,764067,10,237,166,8007,52265,66051.71,2188504,0
"2021-03-02",47082,1463275,12570,776637,7,244,160,8167,59819,68947,2248323,0
"2021-03-03",48606,1511881,16153,792790,17,261,145,8312,64921,70084.14,2313244,0
"2021-03-04",59823,1571704,22813,815603,1092,1353,267,8579,83995,69883.86,2397239,0
"2021-03-05",60989,1632693,24276,839879,3109,4462,329,8908,88703,68963.71,2485942,0
"2021-03-06",47181,1679874,18876,858755,5451,9913,238,9146,71746,68581.43,2557688,0
"2021-03-07",36048,1715922,14869,873624,6245,16158,229,9375,57391,68405.71,2615079,0
"2021-03-08",39632,1755554,14664,888288,8564,24722,312,9687,63172,69963.86,2678251,0
"2021-03-09",39107,1794661,12836,901124,7766,32488,175,9862,59884,69973.14,2738135,0
"2021-03-10",51830,1846491,15326,916450,5067,37555,228,10090,72451,71048.86,2810586,0
"2021-03-11",59996,1906487,21795,938245,4618,42173,256,10346,86665,71430.29,2897251,0
"2021-03-12",52205,1958692,30304,968549,4183,46356,370,10716,87062,71195.86,2984313,0
"2021-03-13",40657,1999349,26681,995230,5108,51464,325,11041,72771,71342.29,3057084,0
"2021-03-14",30720,2030069,15958,1011188,4528,55992,238,11279,51444,70492.71,3108528,0
"2021-03-15",33589,2063658,17240,1028428,4717,60709,236,11515,55782,69437,3164310,0
"2021-03-16",38680,2102338,20486,1048914,4925,65634,263,11778,64354,70075.57,3228664,0
"2021-03-17",42624,2144962,24771,1073685,4248,69882,335,12113,71978,70008,3300642,0
"2021-03-18",50467,2195429,26789,1100474,5240,75122,363,12476,82859,69464.29,3383501,0
"2021-03-19",47802,2243231,29927,1130401,5625,80747,390,12866,83744,68990.29,3467245,0
"2021-03-20",38712,2281943,25820,1156221,4689,85436,293,13159,69514,68525,3536759,0
"2021-03-21",29304,2311247,19347,1175568,770,86206,219,13378,49640,68267.29,3586399,0
"2021-03-22",33872,2345119,26724,1202292,4037,90243,261,13639,64894,69569,3651293,0
"2021-03-23",38437,2383556,32828,1235120,4219,94462,287,13926,75771,71200,3727064,0
"2021-03-24",41505,2425061,37576,1272696,4849,99311,326,14252,84256,72954,3811320,0
"2021-03-25",43419,2468480,50761,1323457,5055,104366,468,14720,99703,75360.29,3911023,0
"2021-03-26",38506,2506986,55480,1378937,4310,108676,525,15245,98821,77514.14,4009844,0
"2021-03-27",35746,2542732,45729,1424666,2939,111615,407,15652,84821,79700.86,4094665,0
"2021-03-28",26397,2569129,34429,1459095,1482,113097,327,15979,62635,81557.29,4157300,0
"2021-03-29",34825,2603954,38839,1497934,3248,116345,342,16321,77254,83323,4234554,0
"2021-03-30",40518,2644472,41905,1539839,3714,120059,330,16651,86467,84851,4321021,0
"2021-03-31",49407,2693879,44837,1584676,7440,127499,398,17049,102082,87397.57,4423103,0
"2021-04-01",50786,2744665,53928,1638604,11277,138776,502,17551,116493,89796.14,4539596,0
"2021-04-02",43762,2788427,53867,1692471,11971,150747,549,18100,110149,91414.43,4649745,0
"2021-04-03",39259,2827686,39196,1731667,9861,160608,335,18435,88651,91961.57,4738396,0
"2021-04-04",26561,2854247,24763,1756430,3902,164510,220,18655,55446,90934.57,4793842,0
"2021-04-05",41887,2896134,34468,1790898,11195,175705,367,19022,87917,92457.86,4881759,0
"2021-04-06",53278,2949412,35597,1826495,13224,188929,423,19445,102522,94751.43,4984281,0
"2021-04-07",55520,3004932,40678,1867173,14390,203319,393,19838,110981,96022.71,5095262,0
"2021-04-08",59278,3064210,46565,1913738,16339,219658,510,20348,122692,96908.29,5217954,0
"2021-04-09",56651,3120861,44951,1958689,17547,237205,510,20858,119659,98266.86,5337613,0
"2021-04-10",49358,3170219,35636,1994325,12728,249933,386,21244,98108,99617.86,5435721,0
"2021-04-11",38187,3208406,28814,2023139,7684,257617,292,21536,74977,102408,5510698,0
"2021-04-12",46644,3255050,31851,2054990,13495,271112,459,21995,92449,103055.43,5603147,0
"2021-04-13",52551,3307601,33788,2088778,368,271480,388,22383,87095,100851.57,5690242,0
"2021-04-14",50151,3357752,39960,2128738,20,271500,365,22748,90496,97925.14,5780738,0
"2021-04-15",52130,3409882,43675,2172413,16,271516,453,23201,96274,94151.14,5877012,0
"2021-04-16",51192,3461074,42220,2214633,32,271548,411,23612,93855,90464.86,5970867,0
"2021-04-17",43846,3504920,35686,2250319,3,271551,364,23976,79899,87863.57,6050766,0
"2021-04-18",28609,3533529,29374,2279693,7,271558,249,24225,58239,85472.43,6109005,0
"2021-04-19",37478,3571007,36448,2316141,22,271580,319,24544,74267,82875,6183272,0
"2021-04-20",40812,3611819,39629,2355770,19,271599,310,24854,80770,81971.43,6264042,0
"2021-04-21",38911,3650730,46008,2401778,15,271614,488,25342,85422,81246.57,6349464,0
"2021-04-22",38507,3689237,48957,2450735,9,271623,331,25673,87804,80036.57,6437268,0
"2021-04-23",39708,3728945,44372,2495107,4,271627,349,26022,84433,78690.57,6521701,0
"2021-04-24",31959,3760904,41599,2536706,44,271671,276,26298,73878,77830.43,6595579,0
"2021-04-25",18425,3779329,31228,2567934,86,271757,190,26488,49929,76643.29,6645508,0
"2021-04-26",26976,3806305,40731,2608665,1013,272770,284,26772,69004,75891.43,6714512,0
"2021-04-27",28578,3834883,47140,2655805,1697,274467,347,27119,77762,75461.71,6792274,0
"2021-04-28",27056,3861939,56831,2712636,2148,276615,423,27542,86458,75609.71,6878732,0
"2021-04-29",28614,3890553,57198,2769834,2148,278763,359,27901,88319,75683.29,6967051,0
"2021-04-30",30129,3920682,51986,2821820,2056,280819,278,28179,84449,75685.57,7051500,0
"2021-05-01",22483,3943165,44550,2866370,1177,281996,222,28401,68432,74907.57,7119932,0
"2021-05-02",11929,3955094,36656,2903026,1080,283076,133,28534,49798,74888.86,7169730,0
"2021-05-03",18036,3973130,53019,2956045,2383,285459,251,28785,73689,75558.14,7243419,0
"2021-05-04",22744,3995874,56644,3012689,2330,287789,261,29046,81979,76160.57,7325398,0
"2021-05-05",21481,4017355,48795,3061484,2312,290101,309,29355,72897,74223.29,7398295,0
"2021-05-06",20687,4038042,50179,3111663,2507,292608,269,29624,73642,72126.57,7471937,0
"2021-05-07",21259,4059301,52100,3163763,2813,295421,303,29927,76475,70987.43,7548412,0
"2021-05-08",16636,4075937,41868,3205631,1835,297256,227,30154,60566,69863.71,7608978,0
"2021-05-09",7976,4083913,29412,3235043,1260,298516,149,30303,38797,68292.14,7647775,0
"2021-05-10",14398,4098311,38534,3273577,2356,300872,228,30531,55516,65696,7703291,0
"2021-05-11",19922,4118233,43050,3316627,2514,303386,280,30811,65766,63379.86,7769057,0
"2021-05-12",17819,4136052,40529,3357156,3596,306982,227,31038,62171,61847.57,7831228,0
"2021-05-13",24979,4161031,40430,3397586,3230,310212,257,31295,68896,61169.57,7900124,0
"2021-05-14",27027,4188058,42910,3440496,3537,313749,279,31574,73753,60780.71,7973877,0
"2021-05-15",23653,4211711,34914,3475410,3366,317115,247,31821,62180,61011.29,8036057,0
"2021-05-16",15537,4227248,19437,3494847,2497,319612,125,31946,37596,60839.71,8073653,0
"2021-05-17",22679,4249927,29139,3523986,3258,322870,174,32120,55250,60801.71,8128903,0
"2021-05-18",24642,4274569,31902,3555888,3404,326274,236,32356,60184,60004.29,8189087,0
"2021-05-19",24203,4298772,29705,3585593,3040,329314,223,32579,57171,59290,8246258,0
"2021-05-20",24163,4322935,30079,3615672,3161,332475,270,32849,57673,57686.71,8303931,0
"2021-05-21",24691,4347626,32000,3647672,3060,335535,249,33098,60000,55722,8363931,0
"2021-05-22",20028,4367654,24354,3672026,2525,338060,160,33258,47067,53563,8410998,0
"2021-05-23",11238,4378892,13730,3685756,1411,339471,93,33351,26472,51973.86,8437470,0
"2021-05-24",18884,4397776,23150,3708906,2757,342228,214,33565,45005,50510.29,8482475,0
"2021-05-25",19442,4417218,23373,3732279,2601,344829,176,33741,45592,48425.71,8528067,0
"2021-05-26",18790,4436008,21081,3753360,2696,347525,199,33940,42766,46367.86,8570833,0
"2021-05-27",18475,4454483,21268,3774628,2530,350055,188,34128,42461,44194.71,8613294,0
"2021-05-28",17870,4472353,22886,3797514,2752,352807,186,34314,43694,41865.29,8656988,0
"2021-05-29",12714,4485067,17806,3815320,1755,354562,103,34417,32378,39766.86,8689366,0
"2021-05-30",7033,4492100,8947,3824267,1074,355636,46,34463,17100,38428,8706466,0
"2021-05-31",4742,4496842,6926,3831193,1012,356648,64,34527,12744,33819.29,8719210,0
"2021-06-01",16042,4512884,25195,3856388,2175,358823,150,34677,43562,33529.29,8762772,0
"2021-06-02",15355,4528239,20389,3876777,2093,360916,137,34814,37974,32844.71,8800746,0
"2021-06-03",15011,4543250,23817,3900594,2280,363196,125,34939,41233,32669.29,8841979,0
"2021-06-04",14733,4557983,25981,3926575,2492,365688,143,35082,43349,32620,8885328,0
"2021-06-05",10993,4568976,22086,3948661,1806,367494,111,35193,34996,32994,8920324,0
"2021-06-06",6449,4575425,14466,3963127,1222,368716,84,35277,22221,33725.57,8942545,0
"2021-06-07",11715,4587140,21782,3984909,2380,371096,137,35414,36014,37049.86,8978559,0
"2021-06-08",12656,4599796,24015,4008924,2072,373168,116,35530,38859,36378,9017418,0
"2021-06-09",11151,4610947,23020,4031944,2297,375465,129,35659,36597,36181.29,9054015,0
"2021-06-10",12073,4623020,22229,4054173,2462,377927,139,35798,36903,35562.71,9090918,0
"2021-06-11",12709,4635729,25118,4079291,2483,380410,150,35948,40460,35150,9131378,0
"2021-06-12",10170,4645899,19306,4098597,1888,382298,92,36040,31456,34644.29,9162834,0
"2021-06-13",4260,4650159,10935,4109532,1219,383517,40,36080,16454,33820.43,9179288,0
"2021-06-14",10215,4660374,19241,4128773,2042,385559,126,36206,31624,33193.29,9210912,0
"2021-06-15",11892,4672266,21003,4149776,1943,387502,128,36334,34966,32637.14,9245878,0
"2021-06-16",11592,4683858,19408,4169184,1956,389458,138,36472,33094,32136.71,9278972,0
"2021-06-17",11024,4694882,18761,4187945,1971,391429,119,36591,31875,31418.43,9310847,0
"2021-06-18",12170,4707052,18498,4206443,2116,393545,113,36704,32897,30338,9343744,0
"2021-06-19",8504,4715556,13517,4219960,1459,395004,80,36784,23560,29210,9367304,0
"2021-06-20",4336,4719892,7159,4227119,924,395928,36,36820,12455,28638.71,9379759,0
"2021-06-21",10164,4730056,10006,4237125,1806,397734,68,36888,22044,27270.14,9401803,0
"2021-06-22",9837,4739893,15641,4252766,1589,399323,105,36993,27172,26156.71,9428975,0
"2021-06-23",10318,4750211,15183,4267949,1861,401184,100,37093,27462,25352.14,9456437,0
"2021-06-24",9692,4759903,14696,4282645,1799,402983,116,37209,26303,24556.14,9482740,0
"2021-06-25",10593,4770496,14383,4297028,1718,404701,110,37319,26804,23685.71,9509544,0
"2021-06-26",7806,4778302,10465,4307493,1246,405947,73,37392,19590,23118.57,9529134,0
"2021-06-27",5003,4783305,6000,4313493,796,406743,31,37423,11830,23029.29,9540964,0
"2021-06-28",9035,4792340,10345,4323838,1524,408267,104,37527,21008,22881.29,9561972,0
"2021-06-29",9750,4802090,12311,4336149,1347,409614,127,37654,23535,22361.71,9585507,0
"2021-06-30",9432,4811522,10926,4347075,1481,411095,146,37800,21985,21579.29,9607492,0
"2021-07-01",9399,4820921,10926,4358001,1431,412526,125,37925,21881,20947.57,9629373,0
"2021-07-02",9697,4830618,11435,4369436,1541,414067,121,38046,22794,20374.71,9652167,0
"2021-07-03",7060,4837678,8420,4377856,1193,415260,75,38121,16748,19968.71,9668915,0
"2021-07-04",1288,4838966,1336,4379192,567,415827,8,38129,3199,18735.71,9672114,0
"2021-07-05",6496,4845462,7104,4386296,1208,417035,64,38193,14872,17859.14,9686986,0
"2021-07-06",9514,4854976,12849,4399145,1317,418352,114,38307,23794,17896.14,9710780,0
"2021-07-07",8673,4863649,11105,4410250,1419,419771,121,38428,21318,17800.86,9732098,0
"2021-07-08",8210,4871859,10190,4420440,1260,421031,106,38534,19766,17498.71,9751864,0
"2021-07-09",8378,4880237,10829,4431269,1279,422310,88,38622,20574,17181.57,9772438,0
"2021-07-10",7110,4887347,8626,4439895,1132,423442,63,38685,16931,17207.71,9789369,0
"2021-07-11",4104,4891451,4539,4444434,703,424145,34,38719,9380,18090.71,9798749,0
"2021-07-12",8452,4899903,9555,4453989,1250,425395,80,38799,19337,18728.57,9818086,0
"2021-07-13",9468,4909371,9383,4463372,951,426346,104,38903,19906,18173.14,9837992,0
"2021-07-14",9004,4918375,9527,4472899,1009,427355,102,39005,19642,17933.71,9857634,0
"2021-07-15",8793,4927168,9151,4482050,1051,428406,82,39087,19077,17835.29,9876711,0
"2021-07-16",9242,4936410,9761,4491811,978,429384,101,39188,20082,17765,9896793,0
"2021-07-17",6845,4943255,7386,4499197,802,430186,78,39266,15111,17505,9911904,0
"2021-07-18",4260,4947515,4283,4503480,569,430755,34,39300,9146,17471.57,9921050,0
"2021-07-19",9127,4956642,8467,4511947,999,431754,88,39388,18681,17377.86,9939731,0
"2021-07-20",10653,4967295,8756,4520703,991,432745,93,39481,20493,17461.71,9960224,0
"2021-07-21",10053,4977348,8764,4529467,903,433648,144,39625,19864,17493.43,9980088,0
"2021-07-22",10687,4988035,8582,4538049,1044,434692,142,39767,20455,17690.29,10000543,0
"2021-07-23",11257,4999292,8877,4546926,1114,435806,135,39902,21383,17876.14,10021926,0
"2021-07-24",7406,5006698,6733,4553659,670,436476,81,39983,14890,17844.57,10036816,0
"2021-07-25",5480,5012178,2123,4555782,509,436985,59,40042,8171,17705.29,10044987,0
"2021-07-26",10878,5023056,6999,4562781,859,437844,109,40151,18845,17728.71,10063832,0
"2021-07-27",12059,5035115,8564,4571345,857,438701,132,40283,21612,17888.57,10085444,0
"2021-07-28",11999,5047114,8045,4579390,950,439651,129,40412,21123,18068.43,10106567,0
"2021-07-29",10939,5058053,7424,4586814,983,440634,132,40544,19478,17928.86,10126045,0
"2021-07-30",14957,5073010,8007,4594821,1150,441784,180,40724,24294,18344.71,10150339,0
"2021-07-31",9730,5082740,6312,4601133,816,442600,118,40842,16976,18642.71,10167315,0
"2021-08-01",6504,5089244,3309,4604442,564,443164,79,40921,10456,18969.14,10177771,0
"2021-08-02",13450,5102694,7153,4611595,847,444011,145,41066,21595,19362,10199366,0
"2021-08-03",15417,5118111,8381,4619976,1109,445120,143,41209,25050,19853.14,10224416,0
"2021-08-04",17263,5135374,8121,4628097,1454,446574,179,41388,27017,20695.14,10251433,0
"2021-08-05",17868,5153242,7923,4636020,1366,447940,161,41549,27318,21815.14,10278751,0
"2021-08-06",18184,5171426,8410,4644430,1233,449173,162,41711,27989,22343,10306740,0
"2021-08-07",13389,5184815,6016,4650446,799,449972,97,41808,20301,22818,10327041,0
"2021-08-08",9310,5194125,3836,4654282,399,450371,82,41890,13627,23271,10340668,0
"2021-08-09",21342,5215467,8526,4662808,963,451334,169,42059,31000,24614.57,10371668,0
"2021-08-10",18924,5234391,9330,4672138,950,452284,171,42230,29375,25232.43,10401043,0
"2021-08-11",15652,5250043,8305,4680443,853,453137,128,42358,24938,24935.43,10425981,0
"2021-08-12",15053,5265096,8975,4689418,939,454076,167,42525,25134,24623.43,10451115,0
"2021-08-13",14927,5280023,9290,4698708,921,454997,237,42762,25375,24250,10476490,0
"2021-08-14",10415,5290438,6401,4705109,626,455623,528,43290,17970,23917,10494460,0
"2021-08-15",6698,5297136,4475,4709584,676,456299,566,43856,12415,23743.86,10506875,0
"2021-08-16",15729,5312865,9290,4718874,1149,457448,1318,45174,27486,23241.86,10534361,0
"2021-08-17",17780,5330645,10437,4729311,1223,458671,1761,46935,31201,23502.71,10565562,0
"2021-08-18",17511,5348156,10362,4739673,1261,459932,1979,48914,31113,24384.86,10596675,0
"2021-08-19",16307,5364463,9517,4749190,1315,461247,1947,50861,29086,24949.43,10625761,0
"2021-08-20",16289,5380752,11536,4760726,1254,462501,1849,52710,30928,25742.71,10656689,0
"2021-08-21",11156,5391908,8038,4768764,878,463379,1051,53761,21123,26193.14,10677812,0
"2021-08-22",4084,5395992,3898,4772662,262,463641,514,54275,8758,25670.71,10686570,0
"2021-08-23",15585,5411577,11794,4784456,1023,464664,1542,55817,29944,26021.86,10716514,0
"2021-08-24",16920,5428497,12594,4797050,1006,465670,1771,57588,32291,26177.57,10748805,0
"2021-08-25",14589,5443086,12438,4809488,1110,466780,1563,59151,29700,25975.71,10778505,0
"2021-08-26",16171,5459257,14084,4823572,1072,467852,1765,60916,33092,26548,10811597,0
"2021-08-27",14892,5474149,14821,4838393,972,468824,1659,62575,32344,26750.29,10843941,0
"2021-08-28",10690,5484839,11516,4849909,836,469660,1009,63584,24051,27168.57,10867992,0
"2021-08-29",7221,5492060,7494,4857403,541,470201,775,64359,16031,28207.57,10884023,0
"2021-08-30",15532,5507592,16923,4874326,1077,471278,1788,66147,35320,28975.57,10919343,0
"2021-08-31",15528,5523120,15948,4890274,951,472229,1963,68110,34390,29275.43,10953733,0
"2021-09-01",14838,5537958,14094,4904368,1021,473250,1799,69909,31752,29568.57,10985485,0
"2021-09-02",14345,5552303,12518,4916886,896,474146,1693,71602,29452,29048.57,11014937,0
"2021-09-03",15018,5567321,14297,4931183,974,475120,1891,73493,32180,29025.14,11047117,0
"2021-09-04",9650,5576971,9406,4940589,688,475808,962,74455,20706,28547.29,11067823,0
"2021-09-05",6804,5583775,5513,4946102,438,476246,707,75162,13462,28180.29,11081285,0
"2021-09-06",5200,5588975,4509,4950611,358,476604,269,75431,10336,24611.14,11091621,0
"2021-09-07",15580,5604555,17691,4968302,912,477516,1541,76972,35724,24801.71,11127345,0
"2021-09-08",16177,5620732,14820,4983122,1073,478589,1755,78727,33825,25097.86,11161170,0
"2021-09-09",16125,5636857,14742,4997864,1047,479636,1901,80628,33815,25721.14,11194985,0
"2021-09-10",18375,5655232,15389,5013253,1208,480844,1965,82593,36937,26400.71,11231922,0
"2021-09-11",12642,5667874,10344,5023597,958,481802,1017,83610,24961,27008.57,11256883,0
"2021-09-12",8536,5676410,5050,5028647,766,482568,689,84299,15041,27234.14,11271924,0
"2021-09-13",16938,5693348,12949,5041596,976,483544,1642,85941,32505,30401.14,11304429,0
"2021-09-14",16278,5709626,13674,5055270,886,484430,1588,87529,32426,29930,11336855,0
"2021-09-15",15551,5725177,12868,5068138,728,485158,1561,89090,30708,29484.71,11367563,0
"2021-09-16",15348,5740525,13903,5082041,1211,486369,1447,90537,31909,29212.43,11399472,0
"2021-09-17",14439,5754964,13964,5096005,922,487291,1819,92356,31144,28384.86,11430616,0
"2021-09-18",10006,5764970,10172,5106177,913,488204,1047,93403,22138,27981.57,11452754,0
"2021-09-19",6181,5771151,6069,5112246,558,488762,743,94146,13551,27768.71,11466305,0
"2021-09-20",12683,5783834,12630,5124876,1069,489831,1914,96060,28296,27167.43,11494601,0
"2021-09-21",12243,5796077,12769,5137645,1110,490941,2012,98072,28134,26554.29,11522735,0
"2021-09-22",12832,5808909,11995,5149640,1090,492031,1675,99747,27592,26109.14,11550327,0
"2021-09-23",14955,5823864,12755,5162395,1639,493670,2250,101997,31599,26064.86,11581926,0
"2021-09-24",16461,5840325,13365,5175760,1632,495302,4609,106606,36067,26768.14,11617993,0
"2021-09-25",10551,5850876,9024,5184784,1018,496320,3443,110049,24036,27039.29,11642029,0
"2021-09-26",6308,5857184,5761,5190545,774,497094,2415,112464,15258,27283.14,11657287,0
"2021-09-27",14178,5871362,8053,5198598,1155,498249,9005,121469,32391,27868.14,11689678,0
"2021-09-28",11161,5882523,11768,5210366,901,499150,9868,131337,33698,28663,11723376,0
"2021-09-29",11618,5894141,12192,5222558,1206,500356,9412,140749,34428,29639.57,11757804,0
"2021-09-30",12256,5906397,12596,5235154,1339,501695,9694,150443,35885,30251.86,11793689,0
"2021-10-01",12662,5919059,13426,5248580,1284,502979,10226,160669,37598,30470.57,11831287,0
"2021-10-02",7739,5926798,9973,5258553,865,503844,4215,164884,22792,30292.86,11854079,0
"2021-10-03",5080,5931878,6155,5264708,593,504437,2604,167488,14432,30174.86,11868511,0
"2021-10-04",9922,5941800,11025,5275733,913,505350,9481,176969,31341,30024.86,11899852,0
"2021-10-05",10181,5951981,11733,5287466,972,506322,9907,186876,32793,29895.57,11932645,0
"2021-10-06",9931,5961912,11054,5298520,937,507259,9901,196777,31823,29523.43,11964468,0
"2021-10-07",9682,5971594,12187,5310707,852,508111,10160,206937,32881,29094.29,11997349,0
"2021-10-08",9478,5981072,12170,5322877,943,509054,10867,217804,33458,28502.86,12030807,0
"2021-10-09",6273,5987345,8274,5331151,649,509703,4102,221906,19298,28003.71,12050105,0
"2021-10-10",3546,5990891,5023,5336174,458,510161,2421,224327,11448,27577.43,12061553,0
"2021-10-11",7641,5998532,9330,5345504,728,510889,8866,233193,26565,26895.14,12088118,0
"2021-10-12",8086,6006618,11001,5356505,891,511780,10468,243661,30446,26559.86,12118564,0
"2021-10-13",7177,6013795,10139,5366644,869,512649,8752,252413,26937,25861.86,12145501,0
"2021-10-14",7462,6021257,11111,5377755,835,513484,10068,262481,29476,25375.43,12174977,0
"2021-10-15",7746,6029003,11864,5389619,823,514307,10757,273238,31190,25051.43,12206167,0
"2021-10-16",4871,6033874,7466,5397085,666,514973,3813,277051,16816,24696.86,12222983,0
"2021-10-17",3062,6036936,4473,5401558,411,515384,2438,279489,10384,24544.86,12233367,0
"2021-10-18",7067,6044003,10661,5412219,796,516180,9415,288904,27939,24741.14,12261306,0
"2021-10-19",6592,6050595,8940,5421159,805,516985,9046,297950,25383,24017.86,12286689,0
"2021-10-20",6556,6057151,9378,5430537,975,517960,9934,307884,26843,24004.43,12313532,0
"2021-10-21",7050,6064201,9379,5439916,859,518819,10804,318688,28092,23806.71,12341624,0
"2021-10-22",8147,6072348,10342,5450258,1025,519844,16303,334991,35817,24467.71,12377441,0
"2021-10-23",5189,6077537,6457,5456715,690,520534,9098,344089,21434,25127.43,12398875,0
"2021-10-24",3280,6080817,3971,5460686,770,521304,6142,350231,14163,25667.29,12413038,0
"2021-10-25",8806,6089623,8745,5469431,1148,522452,19210,369441,37909,27091.57,12450947,0
"2021-10-26",8224,6097847,7727,5477158,1259,523711,17262,386703,34472,28390,12485419,0
"2021-10-27",10596,6108443,8394,5485552,1604,525315,20809,407512,41403,30470,12526822,0
"2021-10-28",11365,6119808,8037,5493589,1792,527107,20801,428313,41995,32456.14,12568817,0
"2021-10-29",11868,6131676,8244,5501833,1963,529070,22484,450797,44559,33705,12613376,0
"2021-10-30",4645,6136321,5056,5506889,934,530004,11145,461942,21780,33754.43,12635156,0
"2021-10-31",2670,6138991,2705,5509594,544,530548,6610,468552,12529,33521,12647685,0
"2021-11-01",7179,6146170,6953,5516547,1089,531637,20334,488886,35555,33184.71,12683240,0
"2021-11-02",6616,6152786,6590,5523137,1055,532692,20718,509604,34979,33257.14,12718219,0
"2021-11-03",6878,6159664,6681,5529818,1027,533719,20587,530191,35173,32367.14,12753392,0
"2021-11-04",9334,6168998,6276,5536094,997,534716,22323,552514,38930,31929.29,12792322,0
"2021-11-05",11097,6180095,6720,5542814,1052,535768,23719,576233,42588,31647.71,12834910,0
"2021-11-06",11144,6191239,4051,5546865,593,536361,12574,588807,28362,32588,12863272,0
"2021-11-07",7272,6198511,2284,5549149,577,536938,7089,595896,17222,33258.43,12880494,0
"2021-11-08",15082,6213593,5680,5554829,867,537805,19464,615360,41093,34049.57,12921587,0
"2021-11-09",16182,6229775,5383,5560212,661,538466,20481,635841,42707,35153.57,12964294,0
"2021-11-10",16973,6246748,5324,5565536,685,539151,22598,658439,45580,36640.29,13009874,0
"2021-11-11",12611,6259359,5194,5570730,760,539911,22036,680475,40601,36879,13050475,0
"2021-11-12",16926,6276285,5682,5576412,708,540619,23356,703831,46672,37462.43,13097147,0
"2021-11-13",9963,6286248,3666,5580078,465,541084,13298,717129,27392,37323.86,13124539,0
"2021-11-14",6032,6292280,2295,5582373,325,541409,7914,725043,16566,37230.14,13141105,0
"2021-11-15",13269,6305549,5969,5588342,690,542099,25061,750104,44989,37786.71,13186094,0
"2021-11-16",10015,6315564,5791,5594133,655,542754,30604,780708,47065,38409.29,13233159,0
"2021-11-17",10352,6325916,6679,5600812,681,543435,31357,812065,49069,38907.71,13282228,0
"2021-11-18",10777,6336693,6547,5607359,860,544295,32938,845003,51122,40410.71,13333350,0
"2021-11-19",12069,6348762,6555,5613914,716,545011,36193,881196,55533,41676.57,13388883,0
"2021-11-20",9377,6358139,3422,5617336,514,545525,22465,903661,35778,42874.57,13424661,0
"2021-11-21",4991,6363130,1892,5619228,287,545812,13167,916828,20337,43413.29,13444998,0
"2021-11-22",10497,6373627,5793,5625021,752,546564,35866,952694,52908,44544.57,13497906,0
"2021-11-23",9865,6383492,4779,5629800,637,547201,33449,986143,48730,44782.43,13546636,0
"2021-11-24",8759,6392251,4752,5634552,651,547852,25872,1012015,40034,43491.71,13586670,0
"2021-11-25",452,6392703,325,5634877,80,547932,1000,1013015,1857,36453.86,13588527,0
"2021-11-26",8098,6400801,6990,5641867,528,548460,26545,1039560,42161,34543.57,13630688,0
"2021-11-27",6710,6407511,6833,5648700,372,548832,18798,1058358,32713,34105.71,13663401,0
"2021-11-28",4101,6411612,5782,5654482,282,549114,11848,1070206,22013,34345.14,13685414,0
"2021-11-29",9145,6420757,10990,5665472,688,549802,34946,1105152,55769,34753.86,13741183,0
"2021-11-30",10572,6431329,11433,5676905,513,550315,37711,1142863,60229,36396.57,13801412,0
"2021-12-01",11247,6442576,10982,5687887,723,551038,40271,1183134,63223,39709.29,13864635,0
"2021-12-02",11721,6454297,11027,5698914,626,551664,42069,1225203,65443,48793,13930078,0
"2021-12-03",13560,6467857,12879,5711793,677,552341,47857,1273060,74973,53480.43,14005051,0
"2021-12-04",9895,6477752,11285,5723078,567,552908,30616,1303676,52363,56287.57,14057414,0
"2021-12-05",5782,6483534,5703,5728781,269,553177,16628,1320304,28382,57197.43,14085796,0
"2021-12-06",12412,6495946,9950,5738731,602,553779,43161,1363465,66125,58676.86,14151921,0
"2021-12-07",12674,6508620,9257,5747988,625,554404,42969,1406434,65525,59433.43,14217446,0
"2021-12-08",13619,6522239,8761,5756749,555,554959,40709,1447143,63644,59493.57,14281090,0
"2021-12-09",13583,6535822,8762,5765511,558,555517,40735,1487878,63638,59235.71,14344728,0
"2021-12-10",14117,6549939,10133,5775644,671,556188,43575,1531453,68496,58310.43,14413224,0
"2021-12-11",10307,6560246,8117,5783761,405,556593,26668,1558121,45497,57329.57,14458721,0
"2021-12-12",6052,6566298,3855,5787616,288,556881,15137,1573258,25332,56893.86,14484053,0
"2021-12-13",12286,6578584,7422,5795038,656,557537,37826,1611084,58190,55760.29,14542243,0
"2021-12-14",12300,6590884,6962,5802000,731,558268,38079,1649163,58072,54695.57,14600315,0
"2021-12-15",12192,6603076,6240,5808240,755,559023,38037,1687200,57224,53778.43,14657539,0
"2021-12-16",13200,6616276,4271,5812511,742,559765,40947,1728147,59160,53138.71,14716699,0
"2021-12-17",16031,6632307,6933,5819444,620,560385,46674,1774821,70258,53390.43,14786957,0
"2021-12-18",13073,6645380,5714,5825158,432,560817,30548,1805369,49767,54000.43,14836724,0
"2021-12-19",7056,6652436,2993,5828151,326,561143,17974,1823343,28349,54431.43,14865073,0
"2021-12-20",16943,6669379,5871,5834022,747,561890,47343,1870686,70904,56247.71,14935977,0
"2021-12-21",18042,6687421,6565,5840587,806,562696,48819,1919505,74232,58556.29,15010209,0
"2021-12-22",18641,6706062,6564,5847151,938,563634,49549,1969054,75692,61194.57,15085901,0
"2021-12-23",19101,6725163,6479,5853630,930,564564,45755,2014809,72265,63066.71,15158166,0
"2021-12-24",9254,6734417,2949,5856579,598,565162,20576,2035385,33377,57798,15191543,0
"2021-12-25",344,6734761,64,5856643,31,565193,424,2035809,863,50811.71,15192406,0
"2021-12-26",7988,6742749,3927,5860570,341,565534,17254,2053063,29510,50977.57,15221916,0
"2021-12-27",21858,6764607,9204,5869774,933,566467,43356,2096419,75351,51612.86,15297267,0
"2021-12-28",20218,6784825,8328,5878102,698,567165,47497,2143916,76741,51971.29,15374008,0
"2021-12-29",18547,6803372,7666,5885768,607,567772,45473,2189389,72293,51485.71,15446301,0
"2021-12-30",16920,6820292,7417,5893185,583,568355,44766,2234155,69686,51117.29,15515987,0
"2021-12-31",5371,6825663,2808,5895993,193,568548,14743,2248898,23115,49651.29,15539102,0
"2022-01-01",237,6825900,146,5896139,11,568559,498,2249396,892,49655.43,15539994,0
"2022-01-02",6450,6832350,5013,5901152,153,568712,10969,2260365,22585,48666.14,15562579,0
"2022-01-03",14204,6846554,8480,5909632,515,569227,26828,2287193,50027,45048.43,15612606,0
"2022-01-04",13116,6859670,8069,5917701,412,569639,26963,2314156,48560,41022.57,15661166,0
"2022-01-05",11640,6871310,6972,5924673,385,570024,25712,2339868,44709,37082,15705875,0
"2022-01-06",11571,6882881,7368,5932041,485,570509,27417,2367285,46841,33818.43,15752716,0
"2022-01-07",10489,6893370,8415,5940456,337,570846,24935,2392220,44176,36827.14,15796892,0
"2022-01-08",7952,6901322,8549,5949005,310,571156,19384,2411604,36195,41870.43,15833087,0
"2022-01-09",4150,6905472,3844,5952849,214,571370,10044,2421648,18252,41251.43,15851339,0
"2022-01-10",10195,6915667,8184,5961033,490,571860,24569,2446217,43438,40310.14,15894777,0
"2022-01-11",8928,6924595,7989,5969022,521,572381,20966,2467183,38404,38859.29,15933181,0
"2022-01-12",8973,6933568,8317,5977339,428,572809,22284,2489467,40002,38186.86,15973183,0
"2022-01-13",9074,6942642,8860,5986199,451,573260,22800,2512267,41185,37378.86,16014368,0
"2022-01-14",10144,6952786,8112,5994311,476,573736,26384,2538651,45116,37513.14,16059484,0
"2022-01-15",6220,6959006,4305,5998616,178,573914,15131,2553782,25834,36033,16085318,0
"2022-01-16",2930,6961936,3252,6001868,95,574009,7808,2561590,14085,35437.71,16099403,0
"2022-01-17",6103,6968039,6756,6008624,363,574372,14641,2576231,27863,33212.71,16127266,0
"2022-01-18",8187,6976226,10299,6018923,396,574768,19605,2595836,38487,33224.57,16165753,0
"2022-01-19",7516,6983742,9236,6028159,306,575074,17665,2613501,34723,32470.43,16200476,0
"2022-01-20",6316,6990058,8563,6036722,305,575379,15183,2628684,30367,30925,16230843,0
"2022-01-21",7596,6997654,7487,6044209,276,575655,18462,2647146,33821,29311.43,16264664,0
"2022-01-22",5203,7002857,4931,6049140,131,575786,11290,2658436,21555,28700.14,16286219,0
"2022-01-23",2821,7005678,3326,6052466,97,575883,6219,2664655,12463,28468.43,16298682,0
"2022-01-24",6404,7012082,8192,6060658,262,576145,15015,2679670,29873,28755.57,16328555,0
"2022-01-25",6213,7018295,7922,6068580,232,576377,14656,2694326,29023,27403.57,16357578,0
"2022-01-26",5771,7024066,7159,6075739,290,576667,13982,2708308,27202,26329.14,16384780,0
"2022-01-27",5278,7029344,7081,6082820,321,576988,14037,2722345,26717,25807.71,16411497,0
"2022-01-28",6304,7035648,7854,6090674,204,577192,16071,2738416,30433,25323.71,16441930,0
"2022-01-29",847,7036495,728,6091402,28,577220,2528,2740944,4131,22834.57,16446061,0
"2022-01-30",2099,7038594,3021,6094423,103,577323,4530,2745474,9753,22447.43,16455814,0
"2022-01-31",5032,7043626,6592,6101015,219,577542,11327,2756801,23170,21489.86,16478984,0
"2022-02-01",4853,7048479,6436,6107451,219,577761,10671,2767472,22179,20512.14,16501163,0
"2022-02-02",4261,7052740,5921,6113372,214,577975,11197,2778669,21593,19710.86,16522756,0
"2022-02-03",4244,7056984,5793,6119165,217,578192,11188,2789857,21442,18957.29,16544198,0
"2022-02-04",4802,7061786,7105,6126270,214,578406,13177,2803034,25298,18223.71,16569496,0
"2022-02-05",3595,7065381,6045,6132315,110,578516,8554,2811588,18304,20248.43,16587800,0
"2022-02-06",2066,7067447,2137,6134452,121,578637,4627,2816215,8951,20133.86,16596751,0
"2022-02-07",4165,7071612,4723,6139175,205,578842,10113,2826328,19206,19567.57,16615957,0
"2022-02-08",4240,7075852,5603,6144778,214,579056,11281,2837609,21338,19447.43,16637295,0
"2022-02-09",4146,7079998,5393,6150171,222,579278,11642,2849251,21403,19420.29,16658698,0
"2022-02-10",4009,7084007,5113,6155284,245,579523,12174,2861425,21541,19434.43,16680239,0
"2022-02-11",4537,7088544,5800,6161084,194,579717,13706,2875131,24237,19282.86,16704476,0
"2022-02-12",3265,7091809,4337,6165421,96,579813,8792,2883923,16490,19023.71,16720966,0
"2022-02-13",1523,7093332,1542,6166963,41,579854,4877,2888800,7983,18885.43,16728949,0
"2022-02-14",3005,7096337,3619,6170582,165,580019,10541,2899341,17330,18617.43,16746279,0
"2022-02-15",3576,7099913,4064,6174646,176,580195,12750,2912091,20566,18507.14,16766845,0
"2022-02-16",3673,7103586,3897,6178543,198,580393,15682,2927773,23450,18799.57,16790295,0
"2022-02-17",4058,7107644,4079,6182622,164,580557,18241,2946014,26542,19514,16816837,0
"2022-02-18",4495,7112139,4777,6187399,190,580747,21509,2967523,30971,20476,16847808,0
"2022-02-19",3263,7115402,2179,6189578,65,580812,11154,2978677,16661,20500.43,16864469,0
"2022-02-20",1867,7117269,1445,6191023,59,580871,6569,2985246,9940,20780,16874409,0
"2022-02-21",3099,7120368,2686,6193709,95,580966,8345,2993591,14225,20336.43,16888634,0
"2022-02-22",4405,7124773,4245,6197954,175,581141,10803,3004394,19628,20202.43,16908262,0
"2022-02-23",4285,7129058,3783,6201737,145,581286,10640,3015034,18853,19545.71,16927115,0
"2022-02-24",3786,7132844,3651,6205388,108,581394,10167,3025201,17712,18284.29,16944827,0
"2022-02-25",3628,7136472,3618,6209006,134,581528,9962,3035163,17342,16337.29,16962169,0
"2022-02-26",2851,7139323,2578,6211584,74,581602,9499,3044662,15002,16100.29,16977171,0
"2022-02-27",1779,7141102,1372,6212956,52,581654,6264,3050926,9467,16032.71,16986638,0
"2022-02-28",3829,7144931,3127,6216083,141,581795,13095,3064021,20192,16885.14,17006830,0
"2022-03-01",2137,7147068,2610,6218693,103,581898,5157,3069178,10007,15510.71,17016837,0
"2022-03-02",1834,7148902,2427,6221120,106,582004,4110,3073288,8477,14028.43,17025314,0
"2022-03-03",1940,7150842,2557,6223677,106,582110,3785,3077073,8388,12696.43,17033702,0
"2022-03-04",2118,7152960,2867,6226544,66,582176,4315,3081388,9366,11557,17043068,0
"2022-03-05",1613,7154573,2124,6228668,43,582219,3305,3084693,7085,10426,17050153,0
"2022-03-06",802,7155375,878,6229546,30,582249,1619,3086312,3329,9549.14,17053482,0
"2022-03-07",1676,7157051,1781,6231327,86,582335,3481,3089793,7024,7668,17060506,0
"2022-03-08",1553,7158604,1891,6233218,81,582416,3115,3092908,6640,7187,17067146,0
"2022-03-09",1268,7159872,1665,6234883,78,582494,2572,3095480,5583,6773.57,17072729,0
"2022-03-10",1426,7161298,2095,6236978,85,582579,2944,3098424,6550,6511,17079279,0
"2022-03-11",1606,7162904,2268,6239246,81,582660,3203,3101627,7158,6195.57,17086437,0
"2022-03-12",880,7163784,1412,6240658,40,582700,1996,3103623,4328,5801.71,17090765,0
"2022-03-13",626,7164410,757,6241415,26,582726,1291,3104914,2700,5711.86,17093465,0
"2022-03-14",1383,7165793,1597,6243012,83,582809,2981,3107895,6044,5571.86,17099509,0
"2022-03-15",1358,7167151,1923,6244935,63,582872,3067,3110962,6411,5539.14,17105920,0
"2022-03-16",1400,7168551,2063,6246998,94,582966,3123,3114085,6680,5695.86,17112600,0
"2022-03-17",1183,7169734,1811,6248809,70,583036,2750,3116835,5814,5590.71,17118414,0
"2022-03-18",1590,7171324,2179,6250988,80,583116,3756,3120591,7605,5654.57,17126019,0
"2022-03-19",1116,7172440,1726,6252714,54,583170,2586,3123177,5482,5819.43,17131501,0
"2022-03-20",613,7173053,629,6253343,32,583202,1459,3124636,2733,5824.14,17134234,0
"2022-03-21",1424,7174477,1551,6254894,73,583275,3040,3127676,6088,5830.43,17140322,0
"2022-03-22",1342,7175819,1546,6256440,101,583376,2890,3130566,5879,5754.43,17146201,0
"2022-03-23",1257,7177076,1352,6257792,66,583442,2909,3133475,5584,5597.86,17151785,0
"2022-03-24",1214,7178290,1295,6259087,89,583531,2507,3135982,5105,5496.57,17156890,0
"2022-03-25",1390,7179680,1617,6260704,61,583592,3252,3139234,6320,5313,17163210,0
"2022-03-26",928,7180608,1156,6261860,36,583628,2290,3141524,4410,5159.86,17167620,0
"2022-03-27",577,7181185,525,6262385,29,583657,1309,3142833,2440,5118,17170060,0
"2022-03-28",1088,7182273,1149,6263534,68,583725,2430,3145263,4735,4924.71,17174795,0
"2022-03-29",1059,7183332,1105,6264639,86,583811,2499,3147762,4749,4763.29,17179544,0
"2022-03-30",1251,7184583,1136,6265775,98,583909,3053,3150815,5538,4756.71,17185082,0
"2022-03-31",1270,7185853,1252,6267027,57,583966,3149,3153964,5728,4845.71,17190810,0
"2022-04-01",1424,7187277,1492,6268519,74,584040,3238,3157202,6228,4832.57,17197038,0
"2022-04-02",909,7188186,918,6269437,33,584073,2093,3159295,3953,4767.29,17200991,0
"2022-04-03",557,7188743,497,6269934,28,584101,1226,3160521,2308,4748.43,17203299,0
"2022-04-04",1356,7190099,1305,6271239,60,584161,2719,3163240,5440,4849.14,17208739,0
"2022-04-05",1297,7191396,1156,6272395,68,584229,2860,3166100,5381,4939.43,17214120,0
"2022-04-06",1294,7192690,1182,6273577,58,584287,2616,3168716,5150,4884,17219270,0
"2022-04-07",1211,7193901,1064,6274641,54,584341,2371,3171087,4700,4737.14,17223970,0
"2022-04-08",1485,7195386,1394,6276035,56,584397,3152,3174239,6087,4717,17230057,0
"2022-04-09",937,7196323,919,6276954,28,584425,2047,3176286,3931,4713.86,17233988,0
"2022-04-10",593,7196916,462,6277416,25,584450,1169,3177455,2249,4705.43,17236237,0
"2022-04-11",1343,7198259,1229,6278645,59,584509,2644,3180099,5275,4681.86,17241512,0
"2022-04-12",1207,7199466,1050,6279695,73,584582,2522,3182621,4852,4606.29,17246364,0
"2022-04-13",1264,7200730,1065,6280760,58,584640,2497,3185118,4884,4568.29,17251248,0
"2022-04-14",1277,7202007,1092,6281852,59,584699,2420,3187538,4848,4589.43,17256096,0
"2022-04-15",1336,7203343,1091,6282943,52,584751,2552,3190090,5031,4438.57,17261127,0
"2022-04-16",875,7204218,650,6283593,31,584782,1634,3191724,3190,4332.71,17264317,0
"2022-04-17",349,7204567,203,6283796,27,584809,636,3192360,1215,4185,17265532,0
"2022-04-18",1376,7205943,1108,6284904,82,584891,2578,3194938,5144,4166.29,17270676,0
"2022-04-19",1408,7207351,935,6285839,70,584961,2562,3197500,4975,4183.86,17275651,0
"2022-04-20",1317,7208668,1132,6286971,65,585026,2650,3200150,5164,4223.86,17280815,0
"2022-04-21",1218,7209886,1060,6288031,51,585077,2311,3202461,4640,4194.14,17285455,0
"2022-04-22",1216,7211102,1012,6289043,44,585121,2193,3204654,4465,4113.29,17289920,0
"2022-04-23",719,7211821,745,6289788,59,585180,1415,3206069,2938,4077.29,17292858,0
"2022-04-24",441,7212262,339,6290127,27,585207,810,3206879,1617,4134.71,17294475,0
"2022-04-25",1020,7213282,908,6291035,62,585269,1835,3208714,3825,3946.29,17298300,0
"2022-04-26",922,7214204,849,6291884,75,585344,1750,3210464,3596,3749.29,17301896,0
"2022-04-27",1023,7215227,973,6292857,78,585422,1908,3212372,3982,3580.43,17305878,0
"2022-04-28",1066,7216293,972,6293829,48,585470,1955,3214327,4041,3494.86,17309919,0
"2022-04-29",924,7217217,952,6294781,57,585527,1717,3216044,3650,3378.43,17313569,0
"2022-04-30",718,7217935,739,6295520,43,585570,1389,3217433,2889,3371.43,17316458,0
"2022-05-01",447,7218382,370,6295890,20,585590,751,3218184,1588,3367.29,17318046,0
"2022-05-02",1034,7219416,796,6296686,50,585640,1648,3219832,3528,3324.86,17321574,0
"2022-05-03",1075,7220491,844,6297530,59,585699,1931,3221763,3909,3369.57,17325483,0
"2022-05-04",1000,7221491,869,6298399,47,585746,1886,3223649,3802,3343.86,17329285,0
"2022-05-05",1037,7222528,943,6299342,75,585821,1906,3225555,3961,3332.43,17333246,0
"2022-05-06",1070,7223598,919,6300261,45,585866,1843,3227398,3877,3364.86,17337123,0
"2022-05-07",645,7224243,583,6300844,29,585895,1188,3228586,2445,3301.43,17339568,0
"2022-05-08",417,7224660,246,6301090,17,585912,666,3229252,1346,3266.86,17340914,0
"2022-05-09",1064,7225724,929,6302019,59,585971,1857,3231109,3909,3321.29,17344823,0
"2022-05-10",1062,7226786,909,6302928,49,586020,1952,3233061,3972,3330.29,17348795,0
"2022-05-11",1076,7227862,952,6303880,40,586060,1887,3234948,3955,3352.14,17352750,120000
"2022-05-12",1045,7228907,894,6304774,54,586114,1861,3236809,3854,3336.86,17356604,120000
"2022-05-13",1147,7230054,1014,6305788,42,586156,2000,3238809,4203,3383.43,17360807,120000
"2022-05-14",800,7230854,650,6306438,27,586183,1433,3240242,2910,3449.86,17363717,120000
"2022-05-15",498,7231352,350,6306788,20,586203,905,3241147,1773,3510.86,17365490,120000
"2022-05-16",1184,7232536,806,6307594,58,586261,1733,3242880,3781,3492.57,17369271,120000
"2022-05-17",398,7232934,258,6307852,23,586284,704,3243584,1383,3122.71,17370654,120000
