"DATE","ADMIN_DOSE1_DAILY","ADMIN_DOSE1_CUMULATIVE","ADMIN_DOSE2_DAILY","ADMIN_DOSE2_CUMULATIVE","ADMIN_SINGLE_DAILY","ADMIN_SINGLE_CUMULATIVE","ADMIN_ADDITIONAL1_DAILY","ADMIN_ADDITIONAL1_CUMULATIVE","ADMIN_ADDITIONAL2_DAILY","ADMIN_ADDITIONAL2_CUMULATIVE","ADMIN_ADDITIONAL_DAILY","ADMIN_ADDITIONAL_CUMULATIVE","ADMIN_ALLDOSES_DAILY","ADMIN_ALLDOSES_7DAYAVG","ADMIN_ALLDOSES_CUMULATIVE","INCOMPLETE"
"2020-12-14",79,79,0,0,0,0,0,0,0,0,0,0,79,,79,0
"2020-12-15",2051,2130,6,6,4,4,0,0,0,0,0,0,2061,,2140,0
"2020-12-16",4607,6737,14,20,1,5,1,1,0,0,1,1,4623,,6763,0
"2020-12-17",4657,11394,18,38,0,5,1,2,0,0,1,2,4676,,11439,0
"2020-12-18",5833,17227,18,56,2,7,2,4,0,0,2,4,5855,,17294,0
"2020-12-19",1690,18917,7,63,3,10,0,4,0,0,0,4,1700,,18994,0
"2020-12-20",1116,20033,2,65,1,11,0,4,0,0,0,4,1119,2873.29,20113,0
"2020-12-21",6342,26375,19,84,0,11,5,9,0,0,5,9,6366,3771.43,26479,0
"2020-12-22",9795,36170,26,110,2,13,1,10,0,0,1,10,9824,4880.43,36303,0
"2020-12-23",14275,50445,35,145,3,16,1,11,0,0,1,11,14314,6264.86,50617,0
"2020-12-24",7198,57643,25,170,1,17,0,11,0,0,0,11,7224,6628.86,57841,0
"2020-12-25",180,57823,0,170,0,17,1,12,0,0,1,12,181,5818.29,58022,0
"2020-12-26",4388,62211,45,215,0,17,1,13,0,0,1,13,4434,6208.86,62456,0
"2020-12-27",3871,66082,14,229,0,17,1,14,0,0,1,14,3886,6604.14,66342,0
"2020-12-28",10995,77077,48,277,1,18,2,16,0,0,2,16,11046,7272.71,77388,0
"2020-12-29",10719,87796,35,312,2,20,2,18,0,0,2,18,10758,7406.14,88146,0
"2020-12-30",12827,100623,44,356,0,20,0,18,0,0,0,18,12871,7200,101017,0
"2020-12-31",7265,107888,34,390,1,21,0,18,0,0,0,18,7300,7210.86,108317,0
"2021-01-01",181,108069,2,392,1,22,3,21,0,0,3,21,187,7211.71,108504,0
"2021-01-02",3810,111879,10,402,2,24,2,23,0,0,2,23,3824,7124.57,112328,0
"2021-01-03",3542,115421,23,425,2,26,1,24,0,0,1,24,3568,7079.14,115896,0
"2021-01-04",12255,127676,807,1232,2,28,6,30,0,0,6,30,13070,7368.29,128966,0
"2021-01-05",14093,141769,2190,3422,2,30,12,42,1,1,13,43,16298,8159.71,145264,0
"2021-01-06",17803,159572,3925,7347,1,31,29,71,8,9,37,80,21766,9430.43,167030,0
"2021-01-07",16556,176128,5169,12516,4,35,45,116,3,12,48,128,21777,11498.57,188807,0
"2021-01-08",16620,192748,5455,17971,0,35,33,149,4,16,37,165,22112,14630.71,210919,0
"2021-01-09",7653,200401,1462,19433,1,36,7,156,2,18,9,174,9125,15388,220044,0
"2021-01-10",7881,208282,983,20416,0,36,10,166,0,18,10,184,8874,16146,228918,0
"2021-01-11",25825,234107,7454,27870,2,38,48,214,8,26,56,240,33337,19041.29,262255,0
"2021-01-12",28259,262366,7860,35730,1,39,44,258,3,29,47,287,36167,21879.71,298422,0
"2021-01-13",31721,294087,9390,45120,1,40,56,314,4,33,60,347,41172,24652,339594,0
"2021-01-14",35816,329903,5316,50436,1,41,30,344,7,40,37,384,41170,27422.43,380764,0
"2021-01-15",29265,359168,3703,54139,2,43,32,376,5,45,37,421,33007,28978.86,413771,0
"2021-01-16",30293,389461,2376,56515,0,43,25,401,6,51,31,452,32700,32346.71,446471,0
"2021-01-17",23749,413210,1629,58144,0,43,19,420,1,52,20,472,25398,34707.29,471869,0
"2021-01-18",27107,440317,2411,60555,1,44,33,453,7,59,40,512,29559,34167.57,501428,0
"2021-01-19",34298,474615,9628,70183,1,45,69,522,6,65,75,587,44002,35286.86,545430,0
"2021-01-20",34872,509487,9494,79677,1,46,58,580,4,69,62,649,44429,35752.14,589859,0
"2021-01-21",25595,535082,8091,87768,2,48,48,628,5,74,53,702,33741,34690.86,623600,0
"2021-01-22",24756,559838,4381,92149,1,49,32,660,7,81,39,741,29177,34143.71,652777,0
"2021-01-23",15743,575581,3224,95373,0,49,9,669,2,83,11,752,18978,32183.43,671755,0
"2021-01-24",7178,582759,3452,98825,0,49,20,689,1,84,21,773,10651,30076.71,682406,0
"2021-01-25",13413,596172,11819,110644,0,49,66,755,12,96,78,851,25310,29469.71,707716,0
"2021-01-26",16768,612940,10751,121395,0,49,67,822,2,98,69,920,27588,27124.86,735304,0
"2021-01-27",20837,633777,12356,133751,0,49,51,873,8,106,59,979,33252,25528.14,768556,0
"2021-01-28",30765,664542,12851,146602,0,49,80,953,16,122,96,1075,43712,26952.57,812268,0
"2021-01-29",31693,696235,11506,158108,0,49,78,1031,10,132,88,1163,43287,28968.29,855555,0
"2021-01-30",18708,714943,3742,161850,0,49,20,1051,2,134,22,1185,22472,29467.43,878027,0
"2021-01-31",13018,727961,2922,164772,1,50,29,1080,4,138,33,1218,15974,30227.86,894001,0
"2021-02-01",1179,729140,5369,170141,4,54,35,1115,4,142,39,1257,6591,27553.71,900592,0
"2021-02-02",2827,731967,9475,179616,2,56,47,1162,4,146,51,1308,12355,25377.57,912947,0
"2021-02-03",16350,748317,21244,200860,4,60,204,1366,19,165,223,1531,37821,26030.29,950768,0
"2021-02-04",27048,775365,19649,220509,3,63,200,1566,10,175,210,1741,46910,26487.14,997678,0
"2021-02-05",27598,802963,20039,240548,0,63,177,1743,15,190,192,1933,47829,27136,1045507,0
"2021-02-06",22994,825957,11247,251795,0,63,109,1852,12,202,121,2054,34362,28834.57,1079869,0
"2021-02-07",12043,838000,8282,260077,1,64,92,1944,13,215,105,2159,20431,29471.29,1100300,0
"2021-02-08",16963,854963,23521,283598,2,66,230,2174,34,249,264,2423,40750,34351.14,1141050,0
"2021-02-09",17191,872154,28111,311709,2,68,334,2508,42,291,376,2799,45680,39111.86,1186730,0
"2021-02-10",19594,891748,29310,341019,2,70,256,2764,49,340,305,3104,49211,40739,1235941,0
"2021-02-11",27848,919596,33473,374492,2,72,338,3102,57,397,395,3499,61718,42854.43,1297659,0
"2021-02-12",38397,957993,30797,405289,3,75,353,3455,38,435,391,3890,69588,45962.86,1367247,0
"2021-02-13",28009,986002,25313,430602,2,77,305,3760,52,487,357,4247,53681,48722.71,1420928,0
"2021-02-14",16282,1002284,23733,454335,0,77,262,4022,31,518,293,4540,40308,51562.29,1461236,0
"2021-02-15",12797,1015081,10529,464864,2,79,170,4192,23,541,193,4733,23521,49101,1484757,0
"2021-02-16",14241,1029322,26732,491596,0,79,321,4513,35,576,356,5089,41329,48479.43,1526086,0
"2021-02-17",16393,1045715,22196,513792,1,80,281,4794,37,613,318,5407,38908,47007.57,1564994,0
"2021-02-18",12151,1057866,24995,538787,21,101,288,5082,43,656,331,5738,37498,43547.57,1602492,0
"2021-02-19",13260,1071126,23938,562725,39,140,303,5385,44,700,347,6085,37584,38975.57,1640076,0
"2021-02-20",11355,1082481,26077,588802,6,146,324,5709,78,778,402,6487,37840,36712.57,1677916,0
"2021-02-21",6360,1088841,17421,606223,15,161,284,5993,44,822,328,6815,24124,34400.57,1702040,0
"2021-02-22",13044,1101885,11847,618070,2,163,125,6118,19,841,144,6959,25037,34617.14,1727077,0
"2021-02-23",25252,1127137,14146,632216,1,164,156,6274,34,875,190,7149,39589,34368.57,1766666,0
"2021-02-24",36363,1163500,20393,652609,0,164,226,6500,37,912,263,7412,57019,36955.86,1823685,0
"2021-02-25",54623,1218123,30391,683000,6,170,395,6895,63,975,458,7870,85478,43810.14,1909163,0
"2021-02-26",62867,1280990,31873,714873,4,174,411,7306,78,1053,489,8359,95233,52045.71,2004396,0
"2021-02-27",51302,1332292,22747,737620,47,221,334,7640,52,1105,386,8745,74482,57280.29,2078878,0
"2021-02-28",44591,1376883,13825,751445,7,228,203,7843,34,1139,237,8982,58660,62214,2137538,0
"2021-03-01",39327,1416210,12776,764221,10,238,165,8008,26,1165,191,9173,52304,66109.29,2189842,0
"2021-03-02",47086,1463296,12575,776796,7,245,161,8169,14,1179,175,9348,59843,69002.71,2249685,0
"2021-03-03",48605,1511901,16155,792951,17,262,147,8316,20,1199,167,9515,64944,70134.86,2314629,0
"2021-03-04",59825,1571726,22823,815774,1091,1353,270,8586,34,1233,304,9819,84043,69929.86,2398672,0
"2021-03-05",60992,1632718,24282,840056,3109,4462,333,8919,34,1267,367,10186,88750,69003.71,2487422,0
"2021-03-06",47178,1679896,18885,858941,5449,9911,237,9156,36,1303,273,10459,71785,68618.43,2559207,0
"2021-03-07",36046,1715942,14882,873823,6246,16157,228,9384,20,1323,248,10707,57422,68441.57,2616629,0
"2021-03-08",39637,1755579,14680,888503,8561,24718,313,9697,91,1414,404,11111,63282,70009.86,2679911,0
"2021-03-09",39112,1794691,12856,901359,7763,32481,178,9875,33,1447,211,11322,59942,70024,2739853,0
"2021-03-10",51835,1846526,15351,916710,5066,37547,226,10101,32,1479,258,11580,72510,71104.86,2812363,0
"2021-03-11",59995,1906521,21820,938530,4616,42163,247,10348,49,1528,296,11876,86727,71488.29,2899090,0
"2021-03-12",52209,1958730,30306,968836,4182,46345,375,10723,84,1612,459,12335,87156,71260.57,2986246,0
"2021-03-13",40657,1999387,26685,995521,5109,51454,322,11045,51,1663,373,12708,72824,71409,3059070,0
"2021-03-14",30719,2030106,15970,1011491,4521,55975,241,11286,27,1690,268,12976,51478,70559.86,3110548,0
"2021-03-15",33592,2063698,17254,1028745,4711,60686,235,11521,33,1723,268,13244,55825,69494.57,3166373,0
"2021-03-16",38677,2102375,20511,1049256,4924,65610,256,11777,35,1758,291,13535,64403,70131.86,3230776,0
"2021-03-17",42622,2144997,24796,1074052,4246,69856,340,12117,36,1794,376,13911,72040,70064.71,3302816,0
"2021-03-18",50454,2195451,26807,1100859,5232,75088,365,12482,60,1854,425,14336,82918,69520.57,3385734,0
"2021-03-19",47798,2243249,29959,1130818,5623,80711,388,12870,71,1925,459,14795,83839,69046.71,3469573,0
"2021-03-20",38715,2281964,25840,1156658,4684,85395,295,13165,59,1984,354,15149,69593,68585.14,3539166,0
"2021-03-21",29302,2311266,19358,1176016,769,86164,222,13387,44,2028,266,15415,49695,68330.43,3588861,0
"2021-03-22",33870,2345136,26744,1202760,4035,90199,261,13648,37,2065,298,15713,64947,69633.57,3653808,0
"2021-03-23",38435,2383571,32845,1235605,4218,94417,294,13942,55,2120,349,16062,75847,71268.43,3729655,0
"2021-03-24",41500,2425071,37607,1273212,4840,99257,327,14269,62,2182,389,16451,84336,73025,3813991,0
"2021-03-25",43408,2468479,50799,1324011,5051,104308,472,14741,86,2268,558,17009,99816,75439,3913807,0
"2021-03-26",38509,2506988,55516,1379527,4309,108617,523,15264,96,2364,619,17628,98953,77598.14,4012760,0
"2021-03-27",35738,2542726,45758,1425285,2937,111554,415,15679,82,2446,497,18125,84930,79789.14,4097690,0
"2021-03-28",26391,2569117,34460,1459745,1481,113035,331,16010,65,2511,396,18521,62728,81651,4160418,0
"2021-03-29",34817,2603934,38865,1498610,3244,116279,344,16354,110,2621,454,18975,77380,83427.14,4237798,0
"2021-03-30",40514,2644448,41927,1540537,3713,119992,336,16690,65,2686,401,19376,86555,84956.86,4324353,0
"2021-03-31",49400,2693848,44870,1585407,7438,127430,401,17091,87,2773,488,19864,102196,87508.29,4426549,0
"2021-04-01",50785,2744633,53948,1639355,11270,138700,498,17589,84,2857,582,20446,116585,89903.86,4543134,0
"2021-04-02",43762,2788395,53890,1693245,11967,150667,544,18133,72,2929,616,21062,110235,91515.57,4653369,0
"2021-04-03",39257,2827652,39218,1732463,9860,160527,332,18465,58,2987,390,21452,88725,92057.71,4742094,0
"2021-04-04",26560,2854212,24784,1757247,3902,164429,222,18687,49,3036,271,21723,55517,91027.57,4797611,0
"2021-04-05",41892,2896104,34487,1791734,11196,175625,370,19057,60,3096,430,22153,88005,92545.43,4885616,0
"2021-04-06",53274,2949378,35616,1827350,13217,188842,425,19482,74,3170,499,22652,102606,94838.43,4988222,0
"2021-04-07",55515,3004893,40702,1868052,14385,203227,392,19874,79,3249,471,23123,111073,96106.57,5099295,0
"2021-04-08",59270,3064163,46596,1914648,16333,219560,516,20390,83,3332,599,23722,122798,96994.14,5222093,0
"2021-04-09",56655,3120818,44961,1959609,17555,237115,513,20903,77,3409,590,24312,119761,98355,5341854,0
"2021-04-10",49348,3170166,35649,1995258,12726,249841,387,21290,61,3470,448,24760,98171,99704.43,5440025,0
"2021-04-11",38183,3208349,28820,2024078,7678,257519,294,21584,57,3527,351,25111,75032,102492.29,5515057,0
"2021-04-12",46642,3254991,31845,2055923,13497,271016,465,22049,64,3591,529,25640,92513,103136.29,5607570,0
"2021-04-13",52549,3307540,33791,2089714,368,271384,393,22442,62,3653,455,26095,87163,100930.14,5694733,0
"2021-04-14",50152,3357692,39957,2129671,20,271404,368,22810,71,3724,439,26534,90568,98000.86,5785301,0
"2021-04-15",52127,3409819,43683,2173354,15,271419,452,23262,104,3828,556,27090,96381,94227,5881682,0
"2021-04-16",51197,3461016,42216,2215570,32,271451,423,23685,68,3896,491,27581,93936,90537.71,5975618,0
"2021-04-17",43842,3504858,35694,2251264,3,271454,365,24050,83,3979,448,28029,79987,87940,6055605,0
"2021-04-18",28608,3533466,29371,2280635,7,271461,251,24301,62,4041,313,28342,58299,85549.57,6113904,0
"2021-04-19",37476,3570942,36451,2317086,22,271483,322,24623,64,4105,386,28728,74335,82952.71,6188239,0
"2021-04-20",40816,3611758,39626,2356712,19,271502,315,24938,78,4183,393,29121,80854,82051.43,6269093,0
"2021-04-21",38905,3650663,46016,2402728,16,271518,494,25432,96,4279,590,29711,85527,81331.29,6354620,0
"2021-04-22",38500,3689163,48969,2451697,9,271527,333,25765,73,4352,406,30117,87884,80117.43,6442504,0
"2021-04-23",39701,3728864,44383,2496080,3,271530,347,26112,72,4424,419,30536,84506,78770.29,6527010,0
"2021-04-24",31952,3760816,41604,2537684,44,271574,276,26388,63,4487,339,30875,73939,77906.29,6600949,0
"2021-04-25",18426,3779242,31227,2568911,86,271660,194,26582,57,4544,251,31126,49990,76719.29,6650939,0
"2021-04-26",26975,3806217,40739,2609650,1012,272672,282,26864,84,4628,366,31492,69092,75970.29,6720031,0
"2021-04-27",28581,3834798,47144,2656794,1697,274369,346,27210,92,4720,438,31930,77860,75542.57,6797891,0
"2021-04-28",27044,3861842,56846,2713640,2145,276514,425,27635,101,4821,526,32456,86561,75690.29,6884452,0
"2021-04-29",28616,3890458,57206,2770846,2148,278662,363,27998,100,4921,463,32919,88433,75768.71,6972885,0
"2021-04-30",30129,3920587,51994,2822840,2053,280715,280,28278,72,4993,352,33271,84528,75771.86,7057413,0
"2021-05-01",22481,3943068,44544,2867384,1176,281891,230,28508,64,5057,294,33565,68495,74994.14,7125908,0
"2021-05-02",11925,3954993,36655,2904039,1081,282972,139,28647,55,5112,194,33759,49855,74974.86,7175763,0
"2021-05-03",18026,3973019,53031,2957070,2380,285352,252,28899,92,5204,344,34103,73781,75644.71,7249544,0
"2021-05-04",22738,3995757,56647,3013717,2329,287681,267,29166,115,5319,382,34485,82096,76249.86,7331640,0
"2021-05-05",21475,4017232,48767,3062484,2309,289990,308,29474,99,5418,407,34892,72958,74306.57,7404598,0
"2021-05-06",20684,4037916,50182,3112666,2506,292496,269,29743,87,5505,356,35248,73728,72205.86,7478326,0
"2021-05-07",21255,4059171,52097,3164763,2813,295309,306,30049,75,5580,381,35629,76546,71065.57,7554872,0
"2021-05-08",16635,4075806,41867,3206630,1833,297142,230,30279,69,5649,299,35928,60634,69942.57,7615506,0
"2021-05-09",7975,4083781,29414,3236044,1260,298402,146,30425,56,5705,202,36130,38851,68370.57,7654357,0
"2021-05-10",14388,4098169,38535,3274579,2354,300756,232,30657,90,5795,322,36452,55599,65773.14,7709956,0
"2021-05-11",19915,4118084,43068,3317647,2513,303269,279,30936,85,5880,364,36816,65860,63453.71,7775816,0
"2021-05-12",17813,4135897,40551,3358198,3591,306860,225,31161,78,5958,303,37119,62258,61925.14,7838074,0
"2021-05-13",24976,4160873,40431,3398629,3226,310086,259,31420,75,6033,334,37453,68967,61245,7907041,0
"2021-05-14",27040,4187913,42927,3441556,3533,313619,263,31683,94,6127,357,37810,73857,60860.86,7980898,0
"2021-05-15",23652,4211565,34922,3476478,3361,316980,251,31934,75,6202,326,38136,62261,61093.29,8043159,0
"2021-05-16",15527,4227092,19454,3495932,2494,319474,120,32054,45,6247,165,38301,37640,60920.29,8080799,0
"2021-05-17",22676,4249768,29144,3525076,3253,322727,177,32231,67,6314,244,38545,55317,60880,8136116,0
"2021-05-18",24643,4274411,31913,3556989,3405,326132,234,32465,72,6386,306,38851,60267,60081,8196383,0
"2021-05-19",24195,4298606,29725,3586714,3039,329171,221,32686,47,6433,268,39119,57227,59362.29,8253610,0
"2021-05-20",24157,4322763,30099,3616813,3162,332333,259,32945,86,6519,345,39464,57763,57761.71,8311373,0
"2021-05-21",24681,4347444,32004,3648817,3051,335384,242,33187,58,6577,300,39764,60036,55787.29,8371409,0
"2021-05-22",20023,4367467,24362,3673179,2524,337908,164,33351,49,6626,213,39977,47122,53624.57,8418531,0
"2021-05-23",11234,4378701,13732,3686911,1409,339317,92,33443,32,6658,124,40101,26499,52033,8445030,0
"2021-05-24",18878,4397579,23159,3710070,2756,342073,213,33656,54,6712,267,40368,45060,50567.71,8490090,0
"2021-05-25",19433,4417012,23380,3733450,2596,344669,171,33827,57,6769,228,40596,45637,48477.71,8535727,0
"2021-05-26",18784,4435796,21091,3754541,2696,347365,199,34026,48,6817,247,40843,42818,46419.29,8578545,0
"2021-05-27",18472,4454268,21279,3775820,2527,349892,180,34206,59,6876,239,41082,42517,44241.29,8621062,0
"2021-05-28",17869,4472137,22890,3798710,2749,352641,184,34390,53,6929,237,41319,43745,41914,8664807,0
"2021-05-29",12711,4484848,17808,3816518,1753,354394,105,34495,39,6968,144,41463,32416,39813.14,8697223,0
"2021-05-30",7032,4491880,8950,3825468,1073,355467,47,34542,17,6985,64,41527,17119,38473.14,8714342,0
"2021-05-31",4743,4496623,6924,3832392,1009,356476,64,34606,17,7002,81,41608,12757,33858.43,8727099,0
"2021-06-01",16048,4512671,25199,3857591,2176,358652,151,34757,43,7045,194,41802,43617,33569.86,8770716,0
"2021-06-02",15354,4528025,20390,3877981,2093,360745,139,34896,48,7093,187,41989,38024,32885,8808740,0
"2021-06-03",15009,4543034,23823,3901804,2280,363025,127,35023,44,7137,171,42160,41283,32708.71,8850023,0
"2021-06-04",14724,4557758,26001,3927805,2492,365517,142,35165,41,7178,183,42343,43400,32659.43,8893423,0
"2021-06-05",10996,4568754,22090,3949895,1806,367323,115,35280,28,7206,143,42486,35035,33033.57,8928458,0
"2021-06-06",6446,4575200,14483,3964378,1219,368542,88,35368,13,7219,101,42587,22249,33766.43,8950707,0
"2021-06-07",11708,4586908,21783,3986161,2377,370919,138,35506,37,7256,175,42762,36043,37093,8986750,0
"2021-06-08",12637,4599545,24028,4010189,2071,372990,119,35625,46,7302,165,42927,38901,36419.29,9025651,0
"2021-06-09",11138,4610683,23032,4033221,2299,375289,133,35758,39,7341,172,43099,36641,36221.71,9062292,0
"2021-06-10",12068,4622751,22237,4055458,2461,377750,138,35896,56,7397,194,43293,36960,35604.14,9099252,0
"2021-06-11",12713,4635464,25121,4080579,2484,380234,153,36049,58,7455,211,43504,40529,35194,9139781,0
"2021-06-12",10167,4645631,19314,4099893,1886,382120,93,36142,42,7497,135,43639,31502,34689.29,9171283,0
"2021-06-13",4257,4649888,10936,4110829,1212,383332,41,36183,22,7519,63,43702,16468,33863.43,9187751,0
"2021-06-14",10209,4660097,19240,4130069,2042,385374,127,36310,51,7570,178,43880,31669,33238.57,9219420,0
"2021-06-15",11888,4671985,21013,4151082,1942,387316,131,36441,40,7610,171,44051,35014,32683.29,9254434,0
"2021-06-16",11589,4683574,19412,4170494,1957,389273,139,36580,68,7678,207,44258,33165,32186.71,9287599,0
"2021-06-17",11027,4694601,18762,4189256,1971,391244,122,36702,35,7713,157,44415,31917,31466.29,9319516,0
"2021-06-18",12168,4706769,18501,4207757,2115,393359,113,36815,36,7749,149,44564,32933,30381.14,9352449,0
"2021-06-19",8499,4715268,13518,4221275,1459,394818,83,36898,21,7770,104,44668,23580,29249.43,9376029,0
"2021-06-20",4336,4719604,7158,4228433,924,395742,36,36934,17,7787,53,44721,12471,28678.43,9388500,0
"2021-06-21",10163,4729767,10010,4238443,1806,397548,68,37002,27,7814,95,44816,22074,27307.71,9410574,0
"2021-06-22",9840,4739607,15640,4254083,1587,399135,105,37107,28,7842,133,44949,27200,26191.43,9437774,0
"2021-06-23",10313,4749920,15189,4269272,1863,400998,102,37209,30,7872,132,45081,27497,25381.71,9465271,0
"2021-06-24",9688,4759608,14699,4283971,1799,402797,119,37328,25,7897,144,45225,26330,24583.57,9491601,0
"2021-06-25",10591,4770199,14386,4298357,1720,404517,111,37439,38,7935,149,45374,26846,23714,9518447,0
"2021-06-26",7804,4778003,10464,4308821,1250,405767,74,37513,24,7959,98,45472,19616,23147.71,9538063,0
"2021-06-27",5002,4783005,6001,4314822,794,406561,33,37546,14,7973,47,45519,11844,23058.14,9549907,0
"2021-06-28",9036,4792041,10347,4325169,1524,408085,106,37652,26,7999,132,45651,21039,22910.29,9570946,0
"2021-06-29",9746,4801787,12322,4337491,1347,409432,120,37772,30,8029,150,45801,23565,22391,9594511,0
"2021-06-30",9435,4811222,10928,4348419,1483,410915,147,37919,16,8045,163,45964,22009,21607,9616520,0
"2021-07-01",9399,4820621,10933,4359352,1432,412347,123,38042,24,8069,147,46111,21911,20975.71,9638431,0
"2021-07-02",9696,4830317,11451,4370803,1541,413888,118,38160,22,8091,140,46251,22828,20401.71,9661259,0
"2021-07-03",7056,4837373,8423,4379226,1193,415081,75,38235,17,8108,92,46343,16764,19994.29,9678023,0
"2021-07-04",1288,4838661,1336,4380562,567,415648,8,38243,3,8111,11,46354,3202,18759.71,9681225,0
"2021-07-05",6498,4845159,7105,4387667,1208,416856,63,38306,22,8133,85,46439,14896,17882.14,9696121,0
"2021-07-06",9515,4854674,12852,4400519,1314,418170,114,38420,37,8170,151,46590,23832,17920.29,9719953,0
"2021-07-07",8670,4863344,11108,4411627,1418,419588,121,38541,19,8189,140,46730,21336,17824.14,9741289,0
"2021-07-08",8211,4871555,10193,4421820,1259,420847,107,38648,21,8210,128,46858,19791,17521.29,9761080,0
"2021-07-09",8376,4879931,10832,4432652,1278,422125,90,38738,18,8228,108,46966,20594,17202.14,9781674,0
"2021-07-10",7106,4887037,8631,4441283,1131,423256,62,38800,20,8248,82,47048,16950,17228.71,9798624,0
"2021-07-11",4105,4891142,4539,4445822,703,423959,34,38834,6,8254,40,47088,9387,18112.29,9808011,0
"2021-07-12",8450,4899592,9556,4455378,1250,425209,82,38916,23,8277,105,47193,19361,18750.14,9827372,0
"2021-07-13",9460,4909052,9395,4464773,951,426160,104,39020,34,8311,138,47331,19944,18194.71,9847316,0
"2021-07-14",9001,4918053,9530,4474303,1011,427171,105,39125,21,8332,126,47457,19668,17956.43,9866984,0
"2021-07-15",8790,4926843,9156,4483459,1053,428224,81,39206,19,8351,100,47557,19099,17857.57,9886083,0
"2021-07-16",9243,4936086,9762,4493221,979,429203,102,39308,30,8381,132,47689,20116,17789.29,9906199,0
"2021-07-17",6842,4942928,7387,4500608,803,430006,80,39388,19,8400,99,47788,15131,17529.43,9921330,0
"2021-07-18",4256,4947184,4284,4504892,576,430582,35,39423,13,8413,48,47836,9164,17497.57,9930494,0
"2021-07-19",9122,4956306,8478,4513370,999,431581,89,39512,22,8435,111,47947,18710,17404.57,9949204,0
"2021-07-20",10650,4966956,8759,4522129,990,432571,94,39606,25,8460,119,48066,20518,17486.57,9969722,0
"2021-07-21",10050,4977006,8765,4530894,902,433473,145,39751,33,8493,178,48244,19895,17519,9989617,0
"2021-07-22",10689,4987695,8585,4539479,1046,434519,144,39895,25,8518,169,48413,20489,17717.57,10010106,0
"2021-07-23",11255,4998950,8881,4548360,1113,435632,136,40031,23,8541,159,48572,21408,17902.14,10031514,0
"2021-07-24",7405,5006355,6737,4555097,670,436302,81,40112,24,8565,105,48677,14917,17871.57,10046431,0
"2021-07-25",5479,5011834,2125,4557222,509,436811,58,40170,3,8568,61,48738,8174,17730.14,10054605,0
"2021-07-26",10874,5022708,7003,4564225,858,437669,109,40279,20,8588,129,48867,18864,17752.14,10073469,0
"2021-07-27",12056,5034764,8570,4572795,857,438526,133,40412,38,8626,171,49038,21654,17914.43,10095123,0
"2021-07-28",11992,5046756,8051,4580846,947,439473,131,40543,25,8651,156,49194,21146,18093.14,10116269,0
"2021-07-29",10937,5057693,7430,4588276,983,440456,133,40676,39,8690,172,49366,19522,17955,10135791,0
"2021-07-30",14954,5072647,8015,4596291,1149,441605,179,40855,31,8721,210,49576,24328,18372.14,10160119,0
"2021-07-31",9726,5082373,6316,4602607,815,442420,119,40974,20,8741,139,49715,16996,18669.14,10177115,0
"2021-08-01",6503,5088876,3309,4605916,564,442984,81,41055,20,8761,101,49816,10477,18998.14,10187592,0
"2021-08-02",13451,5102327,7155,4613071,848,443832,143,41198,17,8778,160,49976,21614,19391,10209206,0
"2021-08-03",15415,5117742,8388,4621459,1108,444940,143,41341,37,8815,180,50156,25091,19882,10234297,0
"2021-08-04",17264,5135006,8126,4629585,1454,446394,181,41522,34,8849,215,50371,27059,20726.71,10261356,0
"2021-08-05",17869,5152875,7931,4637516,1365,447759,160,41682,19,8868,179,50550,27344,21844.14,10288700,0
"2021-08-06",18178,5171053,8414,4645930,1232,448991,160,41842,32,8900,192,50742,28016,22371,10316716,0
"2021-08-07",13387,5184440,6015,4651945,799,449790,99,41941,28,8928,127,50869,20328,22847,10337044,0
"2021-08-08",9309,5193749,3835,4655780,399,450189,82,42023,10,8938,92,50961,13635,23298.14,10350679,0
"2021-08-09",21342,5215091,8528,4664308,963,451152,168,42191,35,8973,203,51164,31036,24644.14,10381715,0
"2021-08-10",18923,5234014,9328,4673636,946,452098,175,42366,33,9006,208,51372,29405,25260.43,10411120,0
"2021-08-11",15651,5249665,8306,4681942,851,452949,129,42495,45,9051,174,51546,24982,24963.71,10436102,0
"2021-08-12",15042,5264707,8982,4690924,939,453888,170,42665,36,9087,206,51752,25169,24653,10461271,0
"2021-08-13",14927,5279634,9290,4700214,920,454808,240,42905,37,9124,277,52029,25414,24281.29,10486685,0
"2021-08-14",10407,5290041,6407,4706621,625,455433,529,43434,40,9164,569,52598,18008,23949.86,10504693,0
"2021-08-15",6694,5296735,4479,4711100,675,456108,566,44000,33,9197,599,53197,12447,23780.14,10517140,0
"2021-08-16",15724,5312459,9299,4720399,1150,457258,1319,45319,64,9261,1383,54580,27556,23283,10544696,0
"2021-08-17",17775,5330234,10438,4730837,1224,458482,1763,47082,84,9345,1847,56427,31284,23551.43,10575980,0
"2021-08-18",17508,5347742,10362,4741199,1261,459743,1983,49065,94,9439,2077,58504,31208,24440.86,10607188,0
"2021-08-19",16301,5364043,9524,4750723,1314,461057,1949,51014,66,9505,2015,60519,29154,25010.14,10636342,0
"2021-08-20",16281,5380324,11537,4762260,1253,462310,1859,52873,83,9588,1942,62461,31013,25810,10667355,0
"2021-08-21",11150,5391474,8038,4770298,877,463187,1058,53931,56,9644,1114,63575,21179,26263,10688534,0
"2021-08-22",4081,5395555,3902,4774200,262,463449,513,54444,34,9678,547,64122,8792,25740.86,10697326,0
"2021-08-23",15587,5411142,11798,4785998,1022,464471,1547,55991,74,9752,1621,65743,30028,26094,10727354,0
"2021-08-24",16917,5428059,12596,4798594,1004,465475,1770,57761,77,9829,1847,67590,32364,26248.29,10759718,0
"2021-08-25",14589,5442648,12443,4811037,1108,466583,1564,59325,76,9905,1640,69230,29780,26044.29,10789498,0
"2021-08-26",16166,5458814,14087,4825124,1070,467653,1768,61093,67,9972,1835,71065,33158,26616.29,10822656,0
"2021-08-27",14884,5473698,14823,4839947,969,468622,1667,62760,72,10044,1739,72804,32415,26816.57,10855071,0
"2021-08-28",10683,5484381,11523,4851470,836,469458,1011,63771,45,10089,1056,73860,24098,27233.57,10879169,0
"2021-08-29",7219,5491600,7495,4858965,541,469999,778,64549,57,10146,835,74695,16090,28276.14,10895259,0
"2021-08-30",15523,5507123,16927,4875892,1077,471076,1793,66342,84,10230,1877,76572,35404,29044.14,10930663,0
"2021-08-31",15525,5522648,15952,4891844,951,472027,1969,68311,86,10316,2055,78627,34483,29346.86,10965146,0
"2021-09-01",14835,5537483,14099,4905943,1020,473047,1807,70118,60,10376,1867,80494,31821,29638.43,10996967,0
"2021-09-02",14333,5551816,12519,4918462,895,473942,1702,71820,61,10437,1763,82257,29510,29117.29,11026477,0
"2021-09-03",15020,5566836,14304,4932766,973,474915,1892,73712,69,10506,1961,84218,32258,29094.86,11058735,0
"2021-09-04",9648,5576484,9406,4942172,687,475602,974,74686,34,10540,1008,85226,20749,28616.43,11079484,0
"2021-09-05",6804,5583288,5515,4947687,438,476040,709,75395,16,10556,725,85951,13482,28243.86,11092966,0
"2021-09-06",5196,5588484,4513,4952200,356,476396,270,75665,11,10567,281,86232,10346,24664.14,11103312,0
"2021-09-07",15578,5604062,17695,4969895,912,477308,1554,77219,87,10654,1641,87873,35826,24856,11139138,0
"2021-09-08",16167,5620229,14823,4984718,1072,478380,1768,78987,83,10737,1851,89724,33913,25154.86,11173051,0
"2021-09-09",16116,5636345,14751,4999469,1046,479426,1912,80899,73,10810,1985,91709,33898,25781.71,11206949,0
"2021-09-10",18377,5654722,15394,5014863,1208,480634,1970,82869,80,10890,2050,93759,37029,26463.29,11243978,0
"2021-09-11",12639,5667361,10347,5025210,957,481591,1026,83895,48,10938,1074,94833,25017,27073,11268995,0
"2021-09-12",8539,5675900,5051,5030261,766,482357,690,84585,29,10967,719,95552,15075,27300.57,11284070,0
"2021-09-13",16931,5692831,12960,5043221,976,483333,1651,86236,54,11021,1705,97257,32572,30475.71,11316642,0
"2021-09-14",16271,5709102,13679,5056900,884,484217,1591,87827,55,11076,1646,98903,32480,29997.71,11349122,0
"2021-09-15",15549,5724651,12880,5069780,727,484944,1564,89391,78,11154,1642,100545,30798,29552.71,11379920,0
"2021-09-16",15342,5739993,13910,5083690,1207,486151,1455,90846,66,11220,1521,102066,31980,29278.71,11411900,0
"2021-09-17",14438,5754431,13962,5097652,922,487073,1826,92672,57,11277,1883,103949,31205,28446.71,11443105,0
"2021-09-18",10003,5764434,10177,5107829,913,487986,1046,93718,41,11318,1087,105036,22180,28041.43,11465285,0
"2021-09-19",6179,5770613,6071,5113900,558,488544,747,94465,29,11347,776,105812,13584,27828.43,11478869,0
"2021-09-20",12679,5783292,12629,5126529,1068,489612,1920,96385,59,11406,1979,107791,28355,27226,11507224,0
"2021-09-21",12236,5795528,12772,5139301,1109,490721,2019,98404,78,11484,2097,109888,28214,26616.57,11535438,0
"2021-09-22",12824,5808352,12006,5151307,1090,491811,1680,100084,67,11551,1747,111635,27667,26169.29,11563105,0
"2021-09-23",14944,5823296,12756,5164063,1638,493449,2265,102349,73,11624,2338,113973,31676,26125.86,11594781,0
"2021-09-24",16454,5839750,13366,5177429,1632,495081,4622,106971,113,11737,4735,118708,36187,26837.57,11630968,0
"2021-09-25",10542,5850292,9025,5186454,1017,496098,3462,110433,76,11813,3538,122246,24122,27115,11655090,0
"2021-09-26",6304,5856596,5760,5192214,772,496870,2424,112857,55,11868,2479,124725,15315,27362.29,11670405,0
"2021-09-27",14165,5870761,8054,5200268,1155,498025,9058,121915,157,12025,9215,133940,32589,27967.14,11702994,0
"2021-09-28",11149,5881910,11778,5212046,902,498927,9912,131827,174,12199,10086,144026,33915,28781.57,11736909,0
"2021-09-29",11608,5893518,12198,5224244,1205,500132,9446,141273,162,12361,9608,153634,34619,29774.71,11771528,0
"2021-09-30",12242,5905760,12606,5236850,1336,501468,9743,151016,172,12533,9915,163549,36099,30406.57,11807627,0
"2021-10-01",12650,5918410,13430,5250280,1284,502752,10263,161279,147,12680,10410,173959,37774,30633.29,11845401,0
"2021-10-02",7734,5926144,9976,5260256,865,503617,4239,165518,75,12755,4314,178273,22889,30457.14,11868290,0
"2021-10-03",5077,5931221,6156,5266412,592,504209,2611,168129,56,12811,2667,180940,14492,30339.57,11882782,0
"2021-10-04",9909,5941130,11023,5277435,912,505121,9521,177650,141,12952,9662,190602,31506,30184.86,11914288,0
"2021-10-05",10165,5951295,11739,5289174,971,506092,9929,187579,174,13126,10103,200705,32978,30051,11947266,0
"2021-10-06",9918,5961213,11059,5300233,937,507029,9928,197507,154,13280,10082,210787,31996,29676.29,11979262,0
"2021-10-07",9666,5970879,12198,5312431,853,507882,10188,207695,168,13448,10356,221143,33073,29244,12012335,0
"2021-10-08",9462,5980341,12175,5324606,942,508824,10902,218597,160,13608,11062,232205,33641,28653.57,12045976,0
"2021-10-09",6260,5986601,8277,5332883,647,509471,4118,222715,89,13697,4207,236412,19391,28153.86,12065367,0
"2021-10-10",3543,5990144,5030,5337913,458,509929,2432,225147,41,13738,2473,238885,11504,27727,12076871,0
"2021-10-11",7624,5997768,9333,5347246,728,510657,8884,234031,157,13895,9041,247926,26726,27044.14,12103597,0
"2021-10-12",8078,6005846,10998,5358244,890,511547,10510,244541,179,14074,10689,258615,30655,26712.29,12134252,0
"2021-10-13",7155,6013001,10149,5368393,867,512414,8799,253340,175,14249,8974,267589,27145,26019.29,12161397,0
"2021-10-14",7447,6020448,11114,5379507,836,513250,10112,263452,160,14409,10272,277861,29669,25533,12191066,0
"2021-10-15",7728,6028176,11866,5391373,822,514072,10808,274260,164,14573,10972,288833,31388,25211.14,12222454,0
"2021-10-16",4865,6033041,7468,5398841,665,514737,3843,278103,65,14638,3908,292741,16906,24856.14,12239360,0
"2021-10-17",3061,6036102,4473,5403314,411,515148,2451,280554,41,14679,2492,295233,10437,24703.71,12249797,0
"2021-10-18",7052,6043154,10666,5413980,796,515944,9479,290033,170,14849,9649,304882,28163,24909,12277960,0
"2021-10-19",6576,6049730,8945,5422925,803,516747,9088,299121,168,15017,9256,314138,25580,24184,12303540,0
"2021-10-20",6535,6056265,9375,5432300,974,517721,9986,309107,171,15188,10157,324295,27041,24169.14,12330581,0
"2021-10-21",7031,6063296,9382,5441682,857,518578,10841,319948,149,15337,10990,335285,28260,23967.86,12358841,0
"2021-10-22",8131,6071427,10343,5452025,1025,519603,16343,336291,209,15546,16552,351837,36051,24634,12394892,0
"2021-10-23",5171,6076598,6457,5458482,690,520293,9121,345412,112,15658,9233,361070,21551,25297.57,12416443,0
"2021-10-24",3279,6079877,3972,5462454,770,521063,6150,351562,75,15733,6225,367295,14246,25841.71,12430689,0
"2021-10-25",8775,6088652,8739,5471193,1149,522212,19249,370811,288,16021,19537,386832,38200,27275.57,12468889,0
"2021-10-26",8205,6096857,7724,5478917,1258,523470,17288,388099,257,16278,17545,404377,34732,28583,12503621,0
"2021-10-27",10568,6107425,8393,5487310,1603,525073,20853,408952,308,16586,21161,425538,41725,30680.71,12545346,0
"2021-10-28",11333,6118758,8041,5495351,1792,526865,20836,429788,310,16896,21146,446684,42312,32688.14,12587658,0
"2021-10-29",11843,6130601,8242,5503593,1957,528822,22528,452316,315,17211,22843,469527,44885,33950.14,12632543,0
"2021-10-30",4631,6135232,5058,5508651,928,529750,11166,463482,159,17370,11325,480852,21942,34006,12654485,0
"2021-10-31",2666,6137898,2702,5511353,544,530294,6636,470118,96,17466,6732,487584,12644,33777.14,12667129,0
"2021-11-01",7140,6145038,6955,5518308,1089,531383,20381,490499,317,17783,20698,508282,35882,33446,12703011,0
"2021-11-02",6587,6151625,6593,5524901,1054,532437,20777,511276,261,18044,21038,529320,35272,33523.14,12738283,0
"2021-11-03",6855,6158480,6683,5531584,1026,533463,20628,531904,298,18342,20926,550246,35490,32632.43,12773773,0
"2021-11-04",9322,6167802,6282,5537866,995,534458,22349,554253,340,18682,22689,572935,39288,32200.43,12813061,0
"2021-11-05",11065,6178867,6726,5544592,1050,535508,23756,578009,343,19025,24099,597034,42940,31922.57,12856001,0
"2021-11-06",11138,6190005,4050,5548642,594,536102,12588,590597,164,19189,12752,609786,28534,32864.29,12884535,0
"2021-11-07",7259,6197264,2286,5550928,577,536679,7106,597703,92,19281,7198,616984,17320,33532.29,12901855,0
"2021-11-08",15061,6212325,5679,5556607,864,537543,19509,617212,271,19552,19780,636764,41384,34318.29,12943239,0
"2021-11-09",16160,6228485,5390,5561997,660,538203,20509,637721,267,19819,20776,657540,42986,35420.29,12986225,0
"2021-11-10",16938,6245423,5326,5567323,683,538886,22641,660362,288,20107,22929,680469,45876,36904,13032101,0
"2021-11-11",12581,6258004,5189,5572512,757,539643,22079,682441,279,20386,22358,702827,40885,37132.14,13072986,0
"2021-11-12",16900,6274904,5691,5578203,705,540348,23390,705831,350,20736,23740,726567,47036,37717.29,13120022,0
"2021-11-13",9947,6284851,3665,5581868,463,540811,13321,719152,177,20913,13498,740065,27573,37580,13147595,0
"2021-11-14",6016,6290867,2293,5584161,325,541136,7930,727082,75,20988,8005,748070,16639,37482.71,13164234,0
"2021-11-15",13226,6304093,5977,5590138,689,541825,25102,752184,349,21337,25451,773521,45343,38048.29,13209577,0
"2021-11-16",9978,6314071,5785,5595923,656,542481,30662,782846,412,21749,31074,804595,47493,38692.14,13257070,0
"2021-11-17",10314,6324385,6676,5602599,680,543161,31413,814259,401,22150,31814,836409,49484,39207.57,13306554,0
"2021-11-18",10744,6335129,6547,5609146,857,544018,33000,847259,437,22587,33437,869846,51585,40736.14,13358139,0
"2021-11-19",12031,6347160,6550,5615696,715,544733,36241,883500,442,23029,36683,906529,55979,42013.71,13414118,0
"2021-11-20",9337,6356497,3420,5619116,513,545246,22509,906009,248,23277,22757,929286,36027,43221.43,13450145,0
"2021-11-21",4958,6361455,1887,5621003,288,545534,13200,919209,144,23421,13344,942630,20477,43769.71,13470622,0
"2021-11-22",10451,6371906,5794,5626797,751,546285,35914,955123,431,23852,36345,978975,53341,44912.29,13523963,0
"2021-11-23",9813,6381719,4783,5631580,635,546920,33507,988630,362,24214,33869,1012844,49100,45141.86,13573063,0
"2021-11-24",8716,6390435,4751,5636331,651,547571,25916,1014546,277,24491,26193,1039037,40311,43831.43,13613374,0
"2021-11-25",449,6390884,325,5636656,80,547651,1003,1015549,9,24500,1012,1040049,1866,36728.71,13615240,0
"2021-11-26",8067,6398951,6991,5643647,530,548181,26584,1042133,281,24781,26865,1066914,42453,34796.43,13657693,0
"2021-11-27",6689,6405640,6838,5650485,371,548552,18835,1060968,216,24997,19051,1085965,32949,34356.71,13690642,0
"2021-11-28",4090,6409730,5792,5656277,282,548834,11884,1072852,114,25111,11998,1097963,22162,34597.43,13712804,0
"2021-11-29",9132,6418862,11001,5667278,687,549521,35056,1107908,420,25531,35476,1133439,56296,35019.57,13769100,0
"2021-11-30",10526,6429388,11436,5678714,513,550034,37780,1145688,478,26009,38258,1171697,60733,36681.43,13829833,0
"2021-12-01",11208,6440596,10987,5689701,720,550754,40342,1186030,428,26437,40770,1212467,63685,40020.57,13893518,0
"2021-12-02",11676,6452272,11041,5700742,626,551380,42150,1228180,441,26878,42591,1255058,65934,49173.14,13959452,0
"2021-12-03",13512,6465784,12891,5713633,676,552056,47921,1276101,507,27385,48428,1303486,75507,53895.14,14034959,0
"2021-12-04",9863,6475647,11295,5724928,567,552623,30673,1306774,296,27681,30969,1334455,52694,56715.86,14087653,0
"2021-12-05",5763,6481410,5704,5730632,271,552894,16657,1323431,124,27805,16781,1351236,28519,57624,14116172,0
"2021-12-06",12356,6493766,9960,5740592,599,553493,43237,1366668,430,28235,43667,1394903,66582,59093.43,14182754,0
"2021-12-07",12614,6506380,9259,5749851,625,554118,43023,1409691,488,28723,43511,1438414,66009,59847.14,14248763,0
"2021-12-08",13546,6519926,8781,5758632,555,554673,40778,1450469,459,29182,41237,1479651,64119,59909.14,14312882,0
"2021-12-09",13521,6533447,8756,5767388,554,555227,40805,1491274,480,29662,41285,1520936,64116,59649.43,14376998,0
"2021-12-10",14048,6547495,10148,5777536,671,555898,43663,1534937,481,30143,44144,1565080,69011,58721.43,14446009,0
"2021-12-11",10286,6557781,8124,5785660,405,556303,26691,1561628,272,30415,26963,1592043,45778,57733.43,14491787,0
"2021-12-12",6023,6563804,3855,5789515,290,556593,15166,1576794,130,30545,15296,1607339,25464,57297,14517251,0
"2021-12-13",12253,6576057,7430,5796945,658,557251,37867,1614661,380,30925,38247,1645586,58588,56155,14575839,0
"2021-12-14",12246,6588303,6961,5803906,730,557981,38141,1652802,418,31343,38559,1684145,58496,55081.71,14634335,0
"2021-12-15",12124,6600427,6241,5810147,755,558736,38123,1690925,478,31821,38601,1722746,57721,54167.71,14692056,0
"2021-12-16",13147,6613574,4273,5814420,740,559476,41043,1731968,432,32253,41475,1764221,59635,53527.57,14751691,0
"2021-12-17",15962,6629536,6938,5821358,620,560096,46759,1778727,463,32716,47222,1811443,70742,53774.86,14822433,0
"2021-12-18",13036,6642572,5720,5827078,432,560528,30614,1809341,263,32979,30877,1842320,50065,54387.29,14872498,0
"2021-12-19",7025,6649597,2994,5830072,327,560855,18003,1827344,170,33149,18173,1860493,28519,54823.71,14901017,0
"2021-12-20",16882,6666479,5876,5835948,746,561601,47427,1874771,554,33703,47981,1908474,71485,56666.14,14972502,0
"2021-12-21",17984,6684463,6580,5842528,805,562406,48899,1923670,569,34272,49468,1957942,74837,59000.57,15047339,0
"2021-12-22",18550,6703013,6565,5849093,938,563344,49663,1973333,517,34789,50180,2008122,76233,61645.14,15123572,0
"2021-12-23",19055,6722068,6480,5855573,930,564274,45818,2019151,509,35298,46327,2054449,72792,63524.71,15196364,0
"2021-12-24",9248,6731316,2954,5858527,598,564872,20590,2039741,209,35507,20799,2075248,33599,58218.57,15229963,0
"2021-12-25",344,6731660,63,5858590,31,564903,427,2040168,8,35515,435,2075683,873,51191.14,15230836,0
"2021-12-26",7976,6739636,3931,5862521,340,565243,17273,2057441,171,35686,17444,2093127,29691,51358.57,15260527,0
"2021-12-27",21793,6761429,9210,5871731,932,566175,43425,2100866,535,36221,43960,2137087,75895,51988.57,15336422,0
"2021-12-28",20172,6781601,8329,5880060,699,566874,47565,2148431,595,36816,48160,2185247,77360,52349,15413782,0
"2021-12-29",18505,6800106,7678,5887738,607,567481,45537,2193968,470,37286,46007,2231254,72797,51858.14,15486579,0
"2021-12-30",16897,6817003,7423,5895161,587,568068,44835,2238803,569,37855,45404,2276658,70311,51503.71,15556890,0
"2021-12-31",5363,6822366,2807,5897968,193,568261,14766,2253569,176,38031,14942,2291600,23305,50033.14,15580195,0
"2022-01-01",243,6822609,147,5898115,12,568273,501,2254070,21,38052,522,2292122,924,50040.43,15581119,0
"2022-01-02",6435,6829044,5023,5903138,153,568426,10972,2265042,110,38162,11082,2303204,22693,49040.71,15603812,0
"2022-01-03",14144,6843188,8498,5911636,513,568939,26923,2291965,318,38480,27241,2330445,50396,45398,15654208,0
"2022-01-04",12902,6856090,8107,5919743,414,569353,27164,2319129,345,38825,27509,2357954,48932,41336.86,15703140,0
"2022-01-05",11507,6867597,6997,5926740,382,569735,25842,2344971,299,39124,26141,2384095,45027,37369.71,15748167,0
"2022-01-06",11489,6879086,7392,5934132,482,570217,27510,2372481,325,39449,27835,2411930,47198,34067.86,15795365,0
"2022-01-07",10405,6889491,8425,5942557,338,570555,25014,2397495,310,39759,25324,2437254,44492,37094.57,15839857,0
"2022-01-08",7876,6897367,8567,5951124,310,570865,19447,2416942,175,39934,19622,2456876,36375,42159,15876232,0
"2022-01-09",4133,6901500,3844,5954968,214,571079,10061,2427003,91,40025,10152,2467028,18343,41537.57,15894575,0
"2022-01-10",10185,6911685,8188,5963156,490,571569,24601,2451604,294,40319,24895,2491923,43758,40589.29,15938333,0
"2022-01-11",8901,6920586,8001,5971157,520,572089,21021,2472625,276,40595,21297,2513220,38719,39130.29,15977052,0
"2022-01-12",8938,6929524,8315,5979472,427,572516,22334,2494959,286,40881,22620,2535840,40300,38455,16017352,0
"2022-01-13",9046,6938570,8872,5988344,451,572967,22870,2517829,309,41190,23179,2559019,41548,37647.86,16058900,0
"2022-01-14",10115,6948685,8119,5996463,476,573443,26435,2544264,313,41503,26748,2585767,45458,37785.86,16104358,0
"2022-01-15",6210,6954895,4312,6000775,178,573621,15142,2559406,173,41676,15315,2601082,26015,36305.86,16130373,0
"2022-01-16",2921,6957816,3249,6004024,95,573716,7823,2567229,82,41758,7905,2608987,14170,35709.71,16144543,0
"2022-01-17",6084,6963900,6761,6010785,363,574079,14674,2581903,213,41971,14887,2623874,28095,33472.14,16172638,0
"2022-01-18",8168,6972068,10317,6021102,396,574475,19661,2601564,315,42286,19976,2643850,38857,33491.86,16211495,0
"2022-01-19",7473,6979541,9253,6030355,304,574779,17712,2619276,266,42552,17978,2661828,35008,32735.86,16246503,0
"2022-01-20",6282,6985823,8564,6038919,305,575084,15246,2634522,241,42793,15487,2677315,30638,31177.29,16277141,0
"2022-01-21",7579,6993402,7505,6046424,276,575360,18504,2653026,278,43071,18782,2696097,34142,29560.71,16311283,0
"2022-01-22",5193,6998595,4940,6051364,131,575491,11318,2664344,123,43194,11441,2707538,21705,28945,16332988,0
"2022-01-23",2812,7001407,3329,6054693,97,575588,6226,2670570,75,43269,6301,2713839,12539,28712,16345527,0
"2022-01-24",6373,7007780,8204,6062897,262,575850,15070,2685640,234,43503,15304,2729143,30143,29004.57,16375670,0
"2022-01-25",6193,7013973,7937,6070834,232,576082,14684,2700324,255,43758,14939,2744082,29301,27639.43,16404971,0
"2022-01-26",5756,7019729,7174,6078008,289,576371,14014,2714338,207,43965,14221,2758303,27440,26558.29,16432411,0
"2022-01-27",5263,7024992,7092,6085100,321,576692,14077,2728415,229,44194,14306,2772609,26982,26036,16459393,0
"2022-01-28",6266,7031258,7868,6092968,203,576895,16128,2744543,233,44427,16361,2788970,30698,25544,16490091,0
"2022-01-29",843,7032101,728,6093696,28,576923,2536,2747079,39,44466,2575,2791545,4174,23039.57,16494265,0
"2022-01-30",2097,7034198,3022,6096718,103,577026,4534,2751613,63,44529,4597,2796142,9819,22651,16504084,0
"2022-01-31",5009,7039207,6598,6103316,220,577246,11372,2762985,197,44726,11569,2807711,23396,21687.14,16527480,0
"2022-02-01",4837,7044044,6440,6109756,219,577465,10706,2773691,216,44942,10922,2818633,22418,20703.86,16549898,0
"2022-02-02",4259,7048303,5932,6115688,213,577678,11233,2784924,235,45177,11468,2830101,21872,19908.43,16571770,0
"2022-02-03",4231,7052534,5810,6121498,216,577894,11215,2796139,199,45376,11414,2841515,21671,19149.71,16593441,0
"2022-02-04",4776,7057310,7115,6128613,214,578108,13215,2809354,235,45611,13450,2854965,25555,18415,16618996,0
"2022-02-05",3587,7060897,6056,6134669,110,578218,8568,2817922,149,45760,8717,2863682,18470,20457.29,16637466,0
"2022-02-06",2064,7062961,2134,6136803,121,578339,4638,2822560,102,45862,4740,2868422,9059,20348.71,16646525,0
"2022-02-07",4159,7067120,4727,6141530,205,578544,10131,2832691,232,46094,10363,2878785,19454,19785.57,16665979,0
"2022-02-08",4224,7071344,5613,6147143,214,578758,11323,2844014,300,46394,11623,2890408,21674,19679.29,16687653,0
"2022-02-09",4141,7075485,5404,6152547,222,578980,11661,2855675,249,46643,11910,2902318,21677,19651.43,16709330,0
"2022-02-10",4002,7079487,5123,6157670,244,579224,12193,2867868,281,46924,12474,2914792,21843,19676,16731173,0
"2022-02-11",4521,7084008,5807,6163477,195,579419,13729,2881597,312,47236,14041,2928833,24564,19534.43,16755737,0
"2022-02-12",3259,7087267,4343,6167820,97,579516,8806,2890403,213,47449,9019,2937852,16718,19284.14,16772455,0
"2022-02-13",1522,7088789,1542,6169362,41,579557,4881,2895284,107,47556,4988,2942840,8093,19146.14,16780548,0
"2022-02-14",2985,7091774,3624,6172986,167,579724,10568,2905852,323,47879,10891,2953731,17667,18890.86,16798215,0
"2022-02-15",3562,7095336,4071,6177057,175,579899,12778,2918630,278,48157,13056,2966787,20864,18775.14,16819079,0
"2022-02-16",3666,7099002,3906,6180963,200,580099,15714,2934344,292,48449,16006,2982793,23778,19075.29,16842857,0
"2022-02-17",4039,7103041,4088,6185051,162,580261,18260,2952604,356,48805,18616,3001409,26905,19798.43,16869762,0
"2022-02-18",4479,7107520,4787,6189838,190,580451,21527,2974131,447,49252,21974,3023383,31430,20779.29,16901192,0
"2022-02-19",3257,7110777,2177,6192015,65,580516,11179,2985310,215,49467,11394,3034777,16893,20804.29,16918085,0
"2022-02-20",1862,7112639,1447,6193462,59,580575,6576,2991886,111,49578,6687,3041464,10055,21084.57,16928140,0
"2022-02-21",3089,7115728,2693,6196155,95,580670,8349,3000235,225,49803,8574,3050038,14451,20625.14,16942591,0
"2022-02-22",4382,7120110,4250,6200405,175,580845,10831,3011066,248,50051,11079,3061117,19886,20485.43,16962477,0
"2022-02-23",4270,7124380,3792,6204197,145,580990,10661,3021727,237,50288,10898,3072015,19105,19817.86,16981582,0
"2022-02-24",3795,7128175,3658,6207855,108,581098,10185,3031912,229,50517,10414,3082429,17975,18542.14,16999557,0
"2022-02-25",3622,7131797,3626,6211481,134,581232,9974,3041886,232,50749,10206,3092635,17588,16564.71,17017145,0
"2022-02-26",2840,7134637,2576,6214057,74,581306,9514,3051400,154,50903,9668,3102303,15158,16316.86,17032303,0
"2022-02-27",1774,7136411,1371,6215428,52,581358,6268,3057668,99,51002,6367,3108670,9564,16246.71,17041867,0
"2022-02-28",3807,7140218,3132,6218560,141,581499,13128,3070796,246,51248,13374,3122044,20454,17104.29,17062321,0
"2022-03-01",2139,7142357,2629,6221189,103,581602,5167,3075963,181,51429,5348,3127392,10219,15723.29,17072540,0
"2022-03-02",1842,7144199,2440,6223629,106,581708,4128,3080091,207,51636,4335,3131727,8723,14240.14,17081263,0
"2022-03-03",1938,7146137,2556,6226185,106,581814,3793,3083884,168,51804,3961,3135688,8561,12895.29,17089824,0
"2022-03-04",2122,7148259,2873,6229058,66,581880,4327,3088211,207,52011,4534,3140222,9595,11753.43,17099419,0
"2022-03-05",1612,7149871,2125,6231183,43,581923,3317,3091528,115,52126,3432,3143654,7212,10618.29,17106631,0
"2022-03-06",799,7150670,880,6232063,30,581953,1621,3093149,55,52181,1676,3145330,3385,9735.57,17110016,0
"2022-03-07",1669,7152339,1786,6233849,86,582039,3496,3096645,161,52342,3657,3148987,7198,7841.86,17117214,0
"2022-03-08",1550,7153889,1894,6235743,79,582118,3122,3099767,149,52491,3271,3152258,6794,7352.57,17124008,0
"2022-03-09",1269,7155158,1673,6237416,79,582197,2584,3102351,131,52622,2715,3154973,5736,6925.86,17129744,0
"2022-03-10",1421,7156579,2097,6239513,85,582282,2955,3105306,163,52785,3118,3158091,6721,6663,17136465,0
"2022-03-11",1604,7158183,2272,6241785,81,582363,3212,3108518,187,52972,3399,3161490,7356,6343.14,17143821,0
"2022-03-12",880,7159063,1414,6243199,40,582403,2004,3110522,75,53047,2079,3163569,4413,5943.29,17148234,0
"2022-03-13",626,7159689,757,6243956,27,582430,1292,3111814,47,53094,1339,3164908,2749,5852.43,17150983,0
"2022-03-14",1375,7161064,1607,6245563,83,582513,2986,3114800,204,53298,3190,3168098,6255,5717.71,17157238,0
"2022-03-15",1362,7162426,1925,6247488,63,582576,3066,3117866,229,53527,3295,3171393,6645,5696.43,17163883,0
"2022-03-16",1402,7163828,2066,6249554,94,582670,3131,3120997,296,53823,3427,3174820,6989,5875.43,17170872,0
"2022-03-17",1185,7165013,1808,6251362,70,582740,2756,3123753,266,54089,3022,3177842,6085,5784.57,17176957,0
"2022-03-18",1595,7166608,2211,6253573,80,582820,3770,3127523,414,54503,4184,3182026,8070,5886.57,17185027,0
"2022-03-19",1115,7167723,1734,6255307,54,582874,2597,3130120,225,54728,2822,3184848,5725,6074,17190752,0
"2022-03-20",614,7168337,627,6255934,33,582907,1463,3131583,185,54913,1648,3186496,2922,6098.71,17193674,0
"2022-03-21",1421,7169758,1552,6257486,72,582979,3055,3134638,354,55267,3409,3189905,6454,6127.14,17200128,0
"2022-03-22",1343,7171101,1554,6259040,101,583080,2903,3137541,342,55609,3245,3193150,6243,6069.71,17206371,0
"2022-03-23",1262,7172363,1363,6260403,66,583146,2915,3140456,374,55983,3289,3196439,5980,5925.57,17212351,0
"2022-03-24",1212,7173575,1300,6261703,90,583236,2518,3142974,266,56249,2784,3199223,5386,5825.71,17217737,0
"2022-03-25",1391,7174966,1629,6263332,62,583298,3262,3146236,379,56628,3641,3202864,6723,5633.29,17224460,0
"2022-03-26",928,7175894,1163,6264495,36,583334,2303,3148539,250,56878,2553,3205417,4680,5484,17229140,0
"2022-03-27",574,7176468,527,6265022,29,583363,1312,3149851,204,57082,1516,3206933,2646,5444.57,17231786,0
"2022-03-28",1087,7177555,1165,6266187,68,583431,2437,3152288,364,57446,2801,3209734,5121,5254.14,17236907,0
"2022-03-29",1053,7178608,1105,6267292,85,583516,2513,3154801,881,58327,3394,3213128,5637,5167.57,17242544,0
"2022-03-30",1250,7179858,1144,6268436,98,583614,3067,3157868,3399,61726,6466,3219594,8958,5593,17251502,0
"2022-03-31",1291,7181149,1263,6269699,57,583671,3165,3161033,5490,67216,8655,3228249,11266,6433,17262768,0
"2022-04-01",1435,7182584,1500,6271199,76,583747,3249,3164282,6894,74110,10143,3238392,13154,7351.71,17275922,0
"2022-04-02",913,7183497,914,6272113,33,583780,2096,3166378,4521,78631,6617,3245009,8477,7894.14,17284399,0
"2022-04-03",560,7184057,501,6272614,28,583808,1222,3167600,3051,81682,4273,3249282,5362,8282.14,17289761,0
"2022-04-04",1356,7185413,1309,6273923,62,583870,2734,3170334,7690,89372,10424,3259706,13151,9429.29,17302912,0
"2022-04-05",1305,7186718,1168,6275091,66,583936,2854,3173188,7474,96846,10328,3270034,12867,10462.14,17315779,0
"2022-04-06",1345,7188063,1184,6276275,61,583997,2624,3175812,6945,103791,9569,3279603,12159,10919.43,17327938,0
"2022-04-07",1215,7189278,1067,6277342,57,584054,2377,3178189,6597,110388,8974,3288577,11313,10926.14,17339251,0
"2022-04-08",1493,7190771,1407,6278749,62,584116,3169,3181358,8772,119160,11941,3300518,14903,11176,17354154,0
"2022-04-09",923,7191694,924,6279673,29,584145,2071,3183429,4940,124100,7011,3307529,8887,11234.57,17363041,0
"2022-04-10",588,7192282,461,6280134,25,584170,1169,3184598,2891,126991,4060,3311589,5134,11202,17368175,0
"2022-04-11",1332,7193614,1238,6281372,59,584229,2664,3187262,7780,134771,10444,3322033,13073,11190.86,17381248,0
"2022-04-12",1220,7194834,1065,6282437,73,584302,2532,3189794,7396,142167,9928,3331961,12286,11107.86,17393534,0
"2022-04-13",1252,7196086,1083,6283520,59,584361,2510,3192304,7524,149691,10034,3341995,12428,11146.29,17405962,0
"2022-04-14",1279,7197365,1102,6284622,59,584420,2436,3194740,6567,156258,9003,3350998,11443,11164.86,17417405,0
"2022-04-15",1352,7198717,1101,6285723,53,584473,2564,3197304,6609,162867,9173,3360171,11679,10704.29,17429084,0
"2022-04-16",871,7199588,655,6286378,33,584506,1640,3198944,3672,166539,5312,3365483,6871,10416.29,17435955,0
"2022-04-17",347,7199935,202,6286580,27,584533,639,3199583,1154,167693,1793,3367276,2369,10021.29,17438324,0
"2022-04-18",1393,7201328,1120,6287700,82,584615,2587,3202170,6407,174100,8994,3376270,11589,9809.29,17449913,0
"2022-04-19",1420,7202748,942,6288642,72,584687,2572,3204742,5733,179833,8305,3384575,10739,9588.29,17460652,0
"2022-04-20",1318,7204066,1150,6289792,65,584752,2679,3207421,6614,186447,9293,3393868,11826,9502.29,17472478,0
"2022-04-21",1229,7205295,1063,6290855,53,584805,2330,3209751,5331,191778,7661,3401529,10006,9297,17482484,0
"2022-04-22",1220,7206515,1026,6291881,46,584851,2201,3211952,5630,197408,7831,3409360,10123,9074.71,17492607,0
"2022-04-23",718,7207233,751,6292632,59,584910,1427,3213379,3345,200753,4772,3414132,6300,8993.14,17498907,0
"2022-04-24",443,7207676,340,6292972,27,584937,814,3214193,1807,202560,2621,3416753,3431,9144.86,17502338,0
"2022-04-25",1032,7208708,916,6293888,64,585001,1853,3216046,5086,207646,6939,3423692,8951,8768,17511289,0
"2022-04-26",949,7209657,859,6294747,76,585077,1754,3217800,4685,212331,6439,3430131,8323,8422.86,17519612,0
"2022-04-27",1042,7210699,1029,6295776,80,585157,1931,3219731,5196,217527,7127,3437258,9278,8058.86,17528890,0
"2022-04-28",1092,7211791,991,6296767,50,585207,2005,3221736,4722,222249,6727,3443985,8860,7895.14,17537750,0
"2022-04-29",1192,7212983,1108,6297875,60,585267,2160,3223896,5380,227629,7540,3451525,9900,7863.29,17547650,0
"2022-04-30",730,7213713,743,6298618,43,585310,1393,3225289,2950,230579,4343,3455868,5859,7800.29,17553509,0
"2022-05-01",447,7214160,366,6298984,20,585330,767,3226056,1654,232233,2421,3458289,3254,7775,17556763,0
"2022-05-02",1061,7215221,794,6299778,52,585382,1672,3227728,3811,236044,5483,3463772,7390,7552,17564153,0
"2022-05-03",1124,7216345,869,6300647,61,585443,1995,3229723,4849,240893,6844,3470616,8898,7634.14,17573051,0
"2022-05-04",1022,7217367,885,6301532,48,585491,1912,3231635,4627,245520,6539,3477155,8494,7522.14,17581545,0
"2022-05-05",1059,7218426,952,6302484,86,585577,1926,3233561,4863,250383,6789,3483944,8886,7525.86,17590431,0
"2022-05-06",1096,7219522,960,6303444,51,585628,1868,3235429,4380,254763,6248,3490192,8355,7305.14,17598786,0
"2022-05-07",662,7220184,592,6304036,32,585660,1204,3236633,2424,257187,3628,3493820,4914,7170.14,17603700,0
"2022-05-08",417,7220601,247,6304283,17,585677,668,3237301,1379,258566,2047,3495867,2728,7095,17606428,0
"2022-05-09",1085,7221686,951,6305234,60,585737,1886,3239187,4418,262984,6304,3502171,8400,7239.29,17614828,0
"2022-05-10",1099,7222785,939,6306173,54,585791,1988,3241175,4704,267688,6692,3508863,8784,7223,17623612,0
"2022-05-11",1095,7223880,983,6307156,44,585835,1941,3243116,4821,272509,6762,3515625,8884,7278.71,17632496,0
"2022-05-12",1104,7224984,952,6308108,58,585893,2002,3245118,4654,277163,6656,3522281,8770,7262.14,17641266,0
"2022-05-13",1166,7226150,1042,6309150,44,585937,2060,3247178,4782,281945,6842,3529123,9094,7367.71,17650360,0
"2022-05-14",832,7226982,671,6309821,31,585968,1472,3248650,2941,284886,4413,3533536,5947,7515.29,17656307,0
"2022-05-15",512,7227494,358,6310179,21,585989,923,3249573,1644,286530,2567,3536103,3458,7619.57,17659765,0
"2022-05-16",1231,7228725,862,6311041,62,586051,1825,3251398,3853,290383,5678,3541781,7833,7538.57,17667598,0
"2022-05-17",1300,7230025,928,6311969,79,586130,2051,3253449,4867,295250,6918,3548699,9225,7601.57,17676823,0
"2022-05-18",1249,7231274,904,6312873,82,586212,2062,3255511,4914,300164,6976,3555675,9211,7648.29,17686034,0
"2022-05-19",1171,7232445,879,6313752,35,586247,2118,3257629,4712,304876,6830,3562505,8915,7669,17694949,0
"2022-05-20",1204,7233649,963,6314715,74,586321,2365,3259994,5166,310042,7531,3570036,9772,7765.86,17704721,0
"2022-05-21",837,7234486,650,6315365,23,586344,1726,3261720,3285,313327,5011,3575047,6521,7847.86,17711242,0
"2022-05-22",514,7235000,291,6315656,22,586366,1135,3262855,1836,315163,2971,3578018,3798,7896.43,17715040,0
"2022-05-23",1229,7236229,894,6316550,47,586413,2185,3265040,4690,319853,6875,3584893,9045,8069.57,17724085,0
"2022-05-24",1437,7237666,942,6317492,66,586479,2291,3267331,4462,324315,6753,3591646,9198,8065.71,17733283,0
"2022-05-25",1442,7239108,960,6318452,56,586535,2263,3269594,4236,328551,6499,3598145,8957,8029.43,17742240,0
"2022-05-26",1184,7240292,872,6319324,60,586595,2261,3271855,4125,332676,6386,3604531,8502,7970.43,17750742,0
"2022-05-27",1259,7241551,960,6320284,38,586633,2491,3274346,3891,336567,6382,3610913,8639,7808.57,17759381,0
"2022-05-28",722,7242273,518,6320802,19,586652,1777,3276123,2059,338626,3836,3614749,5095,7604.86,17764476,0
"2022-05-29",476,7242749,216,6321018,11,586663,763,3276886,1116,339742,1879,3616628,2582,7431.14,17767058,0
"2022-05-30",93,7242842,56,6321074,6,586669,139,3277025,143,339885,282,3616910,437,6201.43,17767495,0
"2022-05-31",1144,7243986,916,6321990,51,586720,1881,3278906,3052,342937,4933,3621843,7044,5893.71,17774539,0
"2022-06-01",1159,7245145,850,6322840,63,586783,1962,3280868,3401,346338,5363,3627206,7435,5676.29,17781974,0
"2022-06-02",1035,7246180,803,6323643,72,586855,1823,3282691,3151,349489,4974,3632180,6884,5445.14,17788858,0
"2022-06-03",1172,7247352,892,6324535,47,586902,2054,3284745,3473,352962,5527,3637707,7638,5302.14,17796496,0
"2022-06-04",728,7248080,585,6325120,26,586928,1549,3286294,1891,354853,3440,3641147,4779,5257,17801275,0
"2022-06-05",450,7248530,299,6325419,1,586929,876,3287170,978,355831,1854,3643001,2604,5260.14,17803879,0
"2022-06-06",1128,7249658,830,6326249,64,586993,1752,3288922,2719,358550,4471,3647472,6493,6125.29,17810372,0
"2022-06-07",1028,7250686,769,6327018,70,587063,1767,3290689,2549,361099,4316,3651788,6183,6002.29,17816555,0
"2022-06-08",1095,7251781,837,6327855,75,587138,1866,3292555,2726,363825,4592,3656380,6599,5882.86,17823154,0
"2022-06-09",1148,7252929,838,6328693,61,587199,2211,3294766,2676,366501,4887,3661267,6934,5890,17830088,0
"2022-06-10",1057,7253986,815,6329508,75,587274,1880,3296646,2808,369309,4688,3665955,6635,5746.71,17836723,0
"2022-06-11",685,7254671,510,6330018,24,587298,1315,3297961,1499,370808,2814,3668769,4033,5640.14,17840756,0
"2022-06-12",351,7255022,286,6330304,20,587318,879,3298840,767,371575,1646,3670415,2303,5597.14,17843059,0
"2022-06-13",1037,7256059,766,6331070,63,587381,1566,3300406,2170,373745,3736,3674151,5602,5469.86,17848661,0
"2022-06-14",943,7257002,820,6331890,55,587436,1659,3302065,2483,376228,4142,3678293,5960,5438,17854621,0
"2022-06-15",982,7257984,854,6332744,39,587475,1636,3303701,2399,378627,4035,3682328,5910,5339.57,17860531,0
"2022-06-16",944,7258928,776,6333520,59,587534,1808,3305509,2335,380962,4143,3686471,5922,5195,17866453,0
"2022-06-17",902,7259830,793,6334313,44,587578,1744,3307253,2384,383346,4128,3690599,5867,5085.29,17872320,0
"2022-06-18",664,7260494,519,6334832,26,587604,1276,3308529,1289,384635,2565,3693164,3774,5048.29,17876094,0
"2022-06-19",354,7260848,236,6335068,16,587620,724,3309253,602,385237,1326,3694490,1932,4995.29,17878026,0
"2022-06-20",832,7261680,488,6335556,41,587661,1559,3310812,1607,386844,3166,3697656,4527,4841.71,17882553,0
"2022-06-21",1057,7262737,728,6336284,50,587711,1672,3312484,2114,388958,3786,3701442,5621,4793.29,17888174,0
"2022-06-22",1026,7263763,817,6337101,45,587756,1679,3314163,1977,390935,3656,3705098,5544,4741,17893718,0
"2022-06-23",965,7264728,747,6337848,64,587820,1687,3315850,2139,393074,3826,3708924,5602,4695.29,17899320,0
"2022-06-24",941,7265669,758,6338606,48,587868,1615,3317465,2125,395199,3740,3712664,5487,4641,17904807,0
"2022-06-25",649,7266318,484,6339090,15,587883,1230,3318695,1131,396330,2361,3715025,3509,4603.14,17908316,0
"2022-06-26",461,7266779,247,6339337,14,587897,679,3319374,529,396859,1208,3716233,1930,4602.86,17910246,0
"2022-06-27",856,7267635,648,6339985,60,587957,1450,3320824,1601,398460,3051,3719284,4615,4615.43,17914861,0
"2022-06-28",988,7268623,826,6340811,50,588007,1841,3322665,2116,400576,3957,3723241,5821,4644,17920682,0
"2022-06-29",889,7269512,765,6341576,47,588054,1675,3324340,1909,402485,3584,3726825,5285,4607,17925967,0
"2022-06-30",903,7270415,801,6342377,46,588100,1714,3326054,2081,404566,3795,3730620,5545,4598.86,17931512,0
"2022-07-01",722,7271137,587,6342964,22,588122,1369,3327423,1708,406274,3077,3733697,4408,4444.71,17935920,0
"2022-07-02",452,7271589,377,6343341,16,588138,831,3328254,921,407195,1752,3735449,2597,4314.43,17938517,0
"2022-07-03",298,7271887,206,6343547,5,588143,459,3328713,482,407677,941,3736390,1450,4245.86,17939967,0
"2022-07-04",31,7271918,27,6343574,1,588144,29,3328742,38,407715,67,3736457,126,3604.57,17940093,0
"2022-07-05",814,7272732,749,6344323,35,588179,1387,3330129,1718,409433,3105,3739562,4703,3444.86,17944796,0
"2022-07-06",816,7273548,674,6344997,44,588223,1408,3331537,1788,411221,3196,3742758,4730,3365.57,17949526,0
"2022-07-07",868,7274416,706,6345703,45,588268,1500,3333037,1954,413175,3454,3746212,5073,3298.14,17954599,0
"2022-07-08",875,7275291,640,6346343,37,588305,1454,3334491,1940,415115,3394,3749606,4946,3375,17959545,0
"2022-07-09",529,7275820,406,6346749,25,588330,874,3335365,1332,416447,2206,3751812,3166,3456.29,17962711,0
"2022-07-10",329,7276149,184,6346933,14,588344,424,3335789,657,417104,1081,3752893,1608,3478.86,17964319,0
"2022-07-11",938,7277087,615,6347548,48,588392,1409,3337198,2168,419272,3577,3756470,5178,4200.57,17969497,0
"2022-07-12",921,7278008,677,6348225,45,588437,1384,3338582,2478,421750,3862,3760332,5505,4315.14,17975002,0
"2022-07-13",859,7278867,679,6348904,35,588472,1466,3340048,2699,424449,4165,3764497,5738,4459.14,17980740,0
"2022-07-14",938,7279805,673,6349577,47,588519,1473,3341521,2902,427351,4375,3768872,6033,4596.29,17986773,0
"2022-07-15",858,7280663,648,6350225,41,588560,1533,3343054,3003,430354,4536,3773408,6083,4758.71,17992856,0
"2022-07-16",446,7281109,429,6350654,9,588569,956,3344010,1675,432029,2631,3776039,3515,4808.57,17996371,0
"2022-07-17",350,7281459,214,6350868,16,588585,525,3344535,1154,433183,1679,3777718,2259,4901.57,17998630,0
"2022-07-18",932,7282391,618,6351486,43,588628,1399,3345934,2386,435569,3785,3781503,5378,4930.14,18004008,120000
"2022-07-19",996,7283387,677,6352163,48,588676,1509,3347443,2718,438287,4227,3785730,5948,4993.43,18009956,120000
"2022-07-20",813,7284200,677,6352840,47,588723,1277,3348720,2298,440585,3575,3789305,5112,4904,18015068,120000
"2022-07-21",786,7284986,606,6353446,42,588765,1288,3350008,2169,442754,3457,3792762,4891,4740.86,18019959,120000
"2022-07-22",807,7285793,629,6354075,28,588793,1445,3351453,2690,445444,4135,3796897,5599,4671.71,18025558,120000
"2022-07-23",522,7286315,365,6354440,11,588804,908,3352361,1452,446896,2360,3799257,3258,4635,18028816,120000
"2022-07-24",71,7286386,55,6354495,3,588807,146,3352507,205,447101,351,3799608,480,4380.86,18029296,120000
