"DATE","ADMIN_DOSE1_DAILY","ADMIN_DOSE1_CUMULATIVE","ADMIN_DOSE2_DAILY","ADMIN_DOSE2_CUMULATIVE","ADMIN_SINGLE_DAILY","ADMIN_SINGLE_CUMULATIVE","ADMIN_ADDITIONAL1_DAILY","ADMIN_ADDITIONAL1_CUMULATIVE","ADMIN_ADDITIONAL2_DAILY","ADMIN_ADDITIONAL2_CUMULATIVE","ADMIN_ADDITIONAL_DAILY","ADMIN_ADDITIONAL_CUMULATIVE","ADMIN_BIVALENT_ADDITIONAL_DAILY","ADMIN_BIVALENT_ADDITIONAL_CUMULATIVE","ADMIN_ALLDOSES_DAILY","ADMIN_ALLDOSES_7DAYAVG","ADMIN_ALLDOSES_CUMULATIVE","ADMIN_ALLDOSES_PRIMARY","INCOMPLETE"
2020-12-14,79,79,0,0,2,2,0,0,0,0,0,0,0,0,81,,81,81,0
2020-12-15,2052,2131,7,7,5,7,0,0,0,0,0,0,0,0,2064,,2145,2145,0
2020-12-16,4604,6735,17,24,4,11,1,1,0,0,1,1,0,0,4626,,6771,6770,0
2020-12-17,4661,11396,18,42,2,13,1,2,0,0,1,2,0,0,4682,,11453,11451,0
2020-12-18,5835,17231,21,63,2,15,2,4,0,0,2,4,0,0,5860,,17313,17309,0
2020-12-19,1688,18919,9,72,3,18,0,4,0,0,0,4,0,0,1700,,19013,19009,0
2020-12-20,1118,20037,2,74,1,19,0,4,0,0,0,4,0,0,1121,2876.29,20134,20130,0
2020-12-21,6392,26429,22,96,0,19,4,8,0,0,4,8,0,0,6418,3781.57,26552,26544,0
2020-12-22,9766,36195,28,124,2,21,1,9,0,0,1,9,0,0,9797,4886.29,36349,36340,0
2020-12-23,14276,50471,37,161,3,24,0,9,0,0,0,9,0,0,14316,6270.57,50665,50656,0
2020-12-24,7170,57641,28,189,1,25,0,9,0,0,0,9,0,0,7199,6630.14,57864,57855,0
2020-12-25,180,57821,0,189,0,25,1,10,0,0,1,10,0,0,181,5818.86,58045,58035,0
2020-12-26,4391,62212,48,237,0,25,1,11,0,0,1,11,0,0,4440,6210.29,62485,62474,0
2020-12-27,3869,66081,15,252,0,25,1,12,0,0,1,12,0,0,3885,6605.14,66370,66358,0
2020-12-28,10990,77071,52,304,1,26,3,15,0,0,3,15,0,0,11046,7266.29,77416,77401,0
2020-12-29,10712,87783,37,341,2,28,3,18,0,0,3,18,0,0,10754,7403,88170,88152,0
2020-12-30,12822,100605,44,385,0,28,0,18,0,0,0,18,0,0,12866,7195.86,101036,101018,0
2020-12-31,7258,107863,38,423,1,29,0,18,0,0,0,18,0,0,7297,7209.86,108333,108315,0
2021-01-01,178,108041,2,425,1,30,3,21,0,0,3,21,0,0,184,7210.29,108517,108496,0
2021-01-02,3809,111850,10,435,3,33,2,23,0,0,2,23,0,0,3824,7122.29,112341,112318,0
2021-01-03,3542,115392,25,460,2,35,1,24,0,0,1,24,0,0,3570,7077.29,115911,115887,0
2021-01-04,12251,127643,810,1270,2,37,7,31,0,0,7,31,0,0,13070,7366.43,128981,128950,0
2021-01-05,14088,141731,2196,3466,2,39,15,46,1,1,16,47,0,0,16302,8159,145283,145236,0
2021-01-06,17792,159523,3932,7398,1,40,32,78,8,9,40,87,0,0,21765,9430.29,167048,166961,0
2021-01-07,16537,176060,5187,12585,4,44,46,124,3,12,49,136,0,0,21777,11498.86,188825,188689,0
2021-01-08,16610,192670,5463,18048,0,44,37,161,5,17,42,178,0,0,22115,14631.86,210940,210762,0
2021-01-09,7648,200318,1465,19513,1,45,7,168,2,19,9,187,0,0,9123,15388.86,220063,219876,0
2021-01-10,7879,208197,980,20493,0,45,13,181,0,19,13,200,0,0,8872,16146.29,228935,228735,0
2021-01-11,25809,234006,7462,27955,2,47,58,239,6,25,64,264,0,0,33337,19041.57,262272,262008,0
2021-01-12,28240,262246,7868,35823,1,48,46,285,4,29,50,314,0,0,36159,21878.29,298431,298117,0
2021-01-13,31699,293945,9424,45247,1,49,59,344,5,34,64,378,0,0,41188,24653,339619,339241,0
2021-01-14,35796,329741,5305,50552,1,50,33,377,7,41,40,418,0,0,41142,27419.43,380761,380343,0
2021-01-15,29247,358988,3715,54267,2,52,33,410,6,47,39,457,0,0,33003,28974.86,413764,413307,0
2021-01-16,30258,389246,2397,56664,0,52,25,435,6,53,31,488,0,0,32686,32341,446450,445962,0
2021-01-17,23725,412971,1646,58310,0,52,20,455,1,54,21,509,0,0,25392,34701,471842,471333,0
2021-01-18,27082,440053,2425,60735,0,52,37,492,7,61,44,553,0,0,29552,34160.29,501394,500841,0
2021-01-19,34269,474322,9642,70377,1,53,72,564,8,69,80,633,0,0,43992,35279.29,545386,544753,0
2021-01-20,34847,509169,9504,79881,1,54,62,626,3,72,65,698,0,0,44417,35740.57,589803,589105,0
2021-01-21,25575,534744,8097,87978,2,56,55,681,5,77,60,758,0,0,33734,34682.29,623537,622779,0
2021-01-22,24741,559485,4387,92365,1,57,31,712,7,84,38,796,0,0,29167,34134.29,652704,651908,0
2021-01-23,15732,575217,3226,95591,0,57,13,725,2,86,15,811,0,0,18973,32175.29,671677,670866,0
2021-01-24,7169,582386,3458,99049,0,57,19,744,2,88,21,832,0,0,10648,30069,682325,681493,0
2021-01-25,13391,595777,11832,110881,0,57,69,813,14,102,83,915,0,0,25306,29462.43,707631,706716,0
2021-01-26,16746,612523,10762,121643,0,57,70,883,4,106,75,990,0,0,27583,27118.29,735214,734225,0
2021-01-27,20818,633341,12352,133995,0,57,57,940,11,117,68,1058,0,0,33240,25521.57,768454,767397,0
2021-01-28,30728,664069,12858,146853,0,57,86,1026,17,134,103,1161,0,0,43692,26944.14,812146,810986,0
2021-01-29,31668,695737,11512,158365,0,57,85,1111,11,145,96,1257,0,0,43276,28959.71,855422,854166,0
2021-01-30,18706,714443,3743,162108,0,57,23,1134,2,147,26,1283,0,0,22475,29460,877897,876616,0
2021-01-31,13005,727448,2930,165038,1,58,29,1163,5,152,34,1317,0,0,15970,30220.29,893867,892552,0
2021-02-01,1180,728628,5401,170439,4,62,36,1199,4,156,40,1357,0,0,6625,27551.57,900492,899137,0
2021-02-02,2823,731451,9442,179881,2,64,54,1253,3,159,57,1414,0,0,12324,25371.71,912816,911404,0
2021-02-03,16341,747792,21236,201117,4,68,214,1467,22,181,236,1650,0,0,37817,26025.57,950633,948985,0
2021-02-04,27032,774824,19651,220768,3,71,213,1680,10,191,223,1873,0,0,46909,26485.14,997542,995671,0
2021-02-05,27577,802401,20030,240798,0,71,195,1875,16,207,212,2085,0,0,47819,27134.14,1045361,1043279,0
2021-02-06,22974,825375,11249,252047,0,71,117,1992,13,220,130,2215,0,0,34353,28831,1079714,1077502,0
2021-02-07,12029,837404,8284,260331,1,72,99,2091,12,232,112,2327,0,0,20426,29467.57,1100140,1097817,0
2021-02-08,16934,854338,23528,283859,2,74,240,2331,37,269,278,2605,0,0,40742,34341.43,1140882,1138282,0
2021-02-09,17182,871520,28090,311949,2,76,359,2690,42,311,404,3009,0,0,45678,39106.29,1186560,1183559,0
2021-02-10,19577,891097,29300,341249,2,78,277,2967,53,364,333,3342,0,0,49213,40734.29,1235773,1232442,0
2021-02-11,27827,918924,33458,374707,2,80,355,3322,58,422,413,3755,0,0,61702,42847.57,1297475,1293731,0
2021-02-12,38348,957272,30810,405517,3,83,366,3688,41,463,408,4163,0,0,69569,45954.71,1367044,1362893,0
2021-02-13,27980,985252,25316,430833,2,85,316,4004,58,521,375,4538,0,0,53674,48714.86,1420718,1416193,0
2021-02-14,16257,1001509,23721,454554,0,85,282,4286,35,556,317,4855,0,0,40295,51553.29,1461013,1456171,0
2021-02-15,12789,1014298,10527,465081,2,87,179,4465,24,580,204,5059,0,0,23522,49093.29,1484535,1479490,0
2021-02-16,14229,1028527,26706,491787,0,87,344,4809,42,622,387,5446,0,0,41322,48471,1525857,1520426,0
2021-02-17,16376,1044903,22194,513981,1,88,289,5098,42,664,331,5777,0,0,38902,46998,1564759,1558997,0
2021-02-18,12134,1057037,24982,538963,21,109,307,5405,46,710,353,6130,0,0,37490,43539.14,1602249,1596134,0
2021-02-19,13238,1070275,23920,562883,38,147,318,5723,49,759,367,6497,0,0,37563,38966.86,1639812,1633330,0
2021-02-20,11339,1081614,26072,588955,7,154,339,6062,79,838,420,6917,0,0,37839,36704.71,1677651,1670751,0
2021-02-21,6346,1087960,17411,606366,15,169,303,6365,47,885,351,7268,0,0,24123,34394.43,1701774,1694524,0
2021-02-22,13041,1101001,11835,618201,2,171,133,6498,21,906,154,7422,0,0,25032,34610.14,1726806,1719402,0
2021-02-23,25225,1126226,14149,632350,1,172,169,6667,35,941,205,7627,0,0,39581,34361.43,1766387,1758779,0
2021-02-24,36322,1162548,20404,652754,0,172,235,6902,42,983,278,7905,0,0,57004,36947.43,1823391,1815506,0
2021-02-25,54511,1217059,30458,683212,6,178,416,7318,64,1047,481,8386,0,0,85456,43799.71,1908847,1900482,0
2021-02-26,62787,1279846,31904,715116,4,182,425,7743,79,1126,507,8893,0,0,95202,52033.86,2004049,1995180,0
2021-02-27,51257,1331103,22753,737869,47,229,357,8100,53,1179,411,9304,0,0,74468,57266.57,2078517,2069238,0
2021-02-28,44547,1375650,13852,751721,7,236,207,8307,37,1216,244,9548,0,0,58650,62199,2137167,2127644,0
2021-03-01,39302,1414952,12783,764504,10,246,172,8479,24,1240,196,9744,0,0,52291,66093.14,2189458,2179739,0
2021-03-02,47072,1462024,12577,777081,7,253,159,8638,17,1257,176,9920,0,0,59832,68986.14,2249290,2239395,0
2021-03-03,48590,1510614,16153,793234,17,270,156,8794,21,1278,177,10097,0,0,64937,70119.43,2314227,2304155,0
2021-03-04,59797,1570411,22815,816049,1092,1362,277,9071,37,1315,316,10413,0,0,84020,69914.29,2398247,2387861,0
2021-03-05,60947,1631358,24289,840338,3107,4469,339,9410,36,1351,377,10790,0,0,88720,68988.29,2486967,2476206,0
2021-03-06,47146,1678504,18884,859222,5451,9920,247,9657,42,1393,289,11079,0,0,71770,68602.86,2558737,2547687,0
2021-03-07,36022,1714526,14880,874102,6244,16164,240,9897,22,1415,264,11343,0,0,57410,68425.71,2616147,2604835,0
2021-03-08,39602,1754128,14688,888790,8556,24720,322,10219,92,1507,419,11762,0,0,63265,69993.43,2679412,2667686,0
2021-03-09,39080,1793208,12858,901648,7759,32479,189,10408,35,1542,225,11987,0,0,59922,70006.29,2739334,2727384,0
2021-03-10,51808,1845016,15364,917012,5065,37544,230,10638,34,1576,266,12253,0,0,72503,71087.14,2811837,2799623,0
2021-03-11,59960,1904976,21824,938836,4617,42161,261,10899,48,1624,311,12564,0,0,86712,71471.71,2898549,2886026,0
2021-03-12,52170,1957146,30305,969141,4182,46343,390,11289,88,1712,478,13042,0,0,87135,71245.29,2985684,2972683,0
2021-03-13,40633,1997779,26683,995824,5110,51453,336,11625,56,1768,392,13434,0,0,72819,71395.14,3058503,3045110,0
2021-03-14,30695,2028474,15970,1011794,4523,55976,255,11880,28,1796,285,13719,0,0,51474,70547.14,3109977,3096301,0
2021-03-15,33578,2062052,17259,1029053,4702,60678,244,12124,33,1829,277,13996,0,0,55816,69483,3165793,3151840,0
2021-03-16,38657,2100709,20515,1049568,4923,65601,268,12392,36,1865,305,14301,0,0,64400,70122.71,3230193,3215936,0
2021-03-17,42599,2143308,24784,1074352,4242,69843,355,12747,43,1908,399,14700,0,0,72024,70054.29,3302217,3287562,0
2021-03-18,50406,2193714,26810,1101162,5226,75069,388,13135,64,1972,452,15152,0,0,82894,69508.86,3385111,3370004,0
2021-03-19,47759,2241473,29968,1131130,5622,80691,408,13543,74,2046,482,15634,0,0,83832,69037,3468943,3453354,0
2021-03-20,38691,2280164,25832,1156962,4683,85374,310,13853,60,2106,371,16005,0,0,69577,68573.86,3538520,3522561,0
2021-03-21,29283,2309447,19354,1176316,769,86143,232,14085,45,2151,277,16282,0,0,49683,68318,3588203,3571967,0
2021-03-22,33849,2343296,26754,1203070,4036,90179,261,14346,37,2188,299,16581,0,0,64939,69621.29,3653142,3636608,0
2021-03-23,38411,2381707,32851,1235921,4214,94393,305,14651,54,2242,363,16944,0,0,75839,71255.43,3728981,3712088,0
2021-03-24,41469,2423176,37615,1273536,4843,99236,340,14991,64,2306,407,17351,0,0,84334,73014,3813315,3796018,0
2021-03-25,43383,2466559,50784,1324320,5050,104286,494,15485,88,2394,586,17937,0,0,99803,75429.57,3913118,3895239,0
2021-03-26,38481,2505040,55498,1379818,4307,108593,543,16028,107,2501,654,18591,0,0,98940,77587.86,4012058,3993529,0
2021-03-27,35717,2540757,45741,1425559,2938,111531,441,16469,85,2586,527,19118,0,0,84923,79780.14,4096981,4077926,0
2021-03-28,26371,2567128,34452,1460011,1481,113012,347,16816,66,2652,417,19535,0,0,62721,81642.71,4159702,4140234,0
2021-03-29,34801,2601929,38857,1498868,3244,116256,364,17180,115,2767,480,20015,0,0,77382,83420.29,4237084,4217137,0
2021-03-30,40482,2642411,41926,1540794,3712,119968,351,17531,65,2832,417,20432,0,0,86537,84948.57,4323621,4303258,0
2021-03-31,49364,2691775,44880,1585674,7438,127406,419,17950,87,2919,506,20938,0,0,102188,87499.14,4425809,4404940,0
2021-04-01,50757,2742532,53944,1639618,11272,138678,517,18467,85,3004,606,21544,0,0,116579,89895.71,4542388,4520917,0
2021-04-02,43749,2786281,53867,1693485,11964,150642,565,19032,72,3076,642,22186,0,0,110222,91507.43,4652610,4630502,0
2021-04-03,39236,2825517,39206,1732691,9859,160501,352,19384,60,3136,413,22599,0,0,88714,92049,4741324,4718804,0
2021-04-04,26547,2852064,24776,1757467,3902,164403,235,19619,50,3186,285,22884,0,0,55510,91018.86,4796834,4774029,0
2021-04-05,41857,2893921,34477,1791944,11194,175597,396,20015,61,3247,458,23342,0,0,87986,92533.71,4884820,4861558,0
2021-04-06,53236,2947157,35616,1827560,13213,188810,449,20464,80,3327,530,23872,0,0,102595,94827.71,4987415,4963624,0
2021-04-07,55471,3002628,40706,1868266,14387,203197,417,20881,82,3409,501,24373,0,0,111065,96095.86,5098480,5074190,0
2021-04-08,59233,3061861,46581,1914847,16336,219533,546,21427,87,3496,634,25007,0,0,122784,96982.29,5221264,5196341,0
2021-04-09,56622,3118483,44945,1959792,17555,237088,545,21972,81,3577,631,25638,0,0,119753,98343.86,5341017,5315468,0
2021-04-10,49329,3167812,35640,1995432,12716,249804,405,22377,62,3639,471,26109,0,0,98156,99692.71,5439173,5413157,0
2021-04-11,38156,3205968,28825,2024257,7679,257483,303,22680,61,3700,365,26474,0,0,75025,102480.57,5514198,5487818,0
2021-04-12,46617,3252585,31836,2056093,13494,270977,478,23158,69,3769,547,27021,0,0,92494,103124.57,5606692,5579765,0
2021-04-13,52529,3305114,33792,2089885,369,271346,411,23569,65,3834,477,27498,0,0,87167,100920.57,5693859,5666456,0
2021-04-14,50130,3355244,39955,2129840,20,271366,373,23942,80,3914,454,27952,0,0,90559,97991.14,5784418,5756562,0
2021-04-15,52103,3407347,43690,2173530,16,271382,464,24406,107,4021,576,28528,0,0,96386,94220,5880804,5852377,0
2021-04-16,51174,3458521,42199,2215729,32,271414,451,24857,73,4094,527,29055,0,0,93932,90531.29,5974736,5945785,0
2021-04-17,43825,3502346,35688,2251417,3,271417,378,25235,84,4178,464,29519,0,0,79980,87934.71,6054716,6025303,0
2021-04-18,28593,3530939,29364,2280781,7,271424,265,25500,67,4245,333,29852,0,0,58297,85545,6113013,6083268,0
2021-04-19,37442,3568381,36450,2317231,21,271445,345,25845,68,4313,415,30267,0,0,74328,82949.86,6187341,6157183,0
2021-04-20,40789,3609170,39622,2356853,19,271464,322,26167,84,4397,407,30674,0,0,80837,82045.57,6268178,6237614,0
2021-04-21,38873,3648043,46026,2402879,17,271481,511,26678,98,4495,610,31284,0,0,85526,81326.57,6353704,6322531,0
2021-04-22,38474,3686517,48955,2451834,9,271490,356,27034,78,4573,437,31721,0,0,87876,80110.86,6441580,6409973,0
2021-04-23,39682,3726199,44386,2496220,3,271493,361,27395,76,4649,439,32160,0,0,84510,78764.86,6526090,6494046,0
2021-04-24,31922,3758121,41602,2537822,44,271537,288,27683,64,4713,353,32513,0,0,73921,77899.29,6600011,6567615,0
2021-04-25,18411,3776532,31216,2569038,87,271624,206,27889,61,4774,267,32780,0,0,49981,76711.29,6649992,6617329,0
2021-04-26,26956,3803488,40715,2609753,1012,272636,309,28198,95,4869,409,33189,0,0,69092,75963.29,6719084,6686017,0
2021-04-27,28550,3832038,47126,2656879,1696,274332,378,28576,99,4968,482,33671,0,0,77854,75537.14,6796938,6763394,0
2021-04-28,27007,3859045,56841,2713720,2146,276478,454,29030,103,5071,560,34231,0,0,86554,75684,6883492,6849391,0
2021-04-29,28582,3887627,57203,2770923,2150,278628,379,29409,103,5174,484,34715,0,0,88419,75761.57,6971911,6937328,0
2021-04-30,30098,3917725,51991,2822914,2059,280687,295,29704,76,5250,373,35088,0,0,84522,75763.29,7056433,7021479,0
2021-05-01,22473,3940198,44535,2867449,1177,281864,237,29941,67,5317,306,35394,0,0,68491,74987.57,7124924,7089666,0
2021-05-02,11916,3952114,36638,2904087,1081,282945,155,30096,57,5374,214,35608,0,0,49849,74968.71,7174773,7139303,0
2021-05-03,18006,3970120,53020,2957107,2380,285325,269,30365,94,5468,365,35973,0,0,73773,75637.43,7248546,7212713,0
2021-05-04,22724,3992844,56643,3013750,2331,287656,275,30640,118,5586,394,36367,0,0,82093,76243,7330639,7294413,0
2021-05-05,21472,4014316,48755,3062505,2313,289969,319,30959,104,5690,424,36791,0,0,72965,74301.71,7403604,7366955,0
2021-05-06,20669,4034985,50177,3112682,2508,292477,284,31243,91,5781,379,37170,0,0,73733,72203.71,7477337,7440313,0
2021-05-07,21228,4056213,52106,3164788,2812,295289,322,31565,80,5861,403,37573,0,0,76549,71064.71,7553886,7516460,0
2021-05-08,16615,4072828,41865,3206653,1834,297123,238,31803,73,5934,311,37884,0,0,60625,69941,7614511,7576774,0
2021-05-09,7968,4080796,29403,3236056,1260,298383,157,31960,56,5990,213,38097,0,0,38844,68368.86,7653355,7615405,0
2021-05-10,14371,4095167,38523,3274579,2356,300739,252,32212,94,6084,350,38447,0,0,55601,65772.86,7708956,7670660,0
2021-05-11,19894,4115061,43057,3317636,2512,303251,296,32508,88,6172,389,38836,0,0,65853,63452.86,7774809,7736129,0
2021-05-12,17809,4132870,40535,3358171,3595,306846,243,32751,80,6252,323,39159,0,0,62262,61923.86,7837071,7798068,0
2021-05-13,24946,4157816,40426,3398597,3229,310075,274,33025,82,6334,358,39517,0,0,68959,61241.86,7906030,7866671,0
2021-05-14,27003,4184819,42943,3441540,3535,313610,278,33303,95,6429,375,39892,0,0,73856,60857.14,7979886,7940154,0
2021-05-15,23638,4208457,34922,3476462,3364,316974,261,33564,75,6504,337,40229,0,0,62261,61090.86,8042147,8002079,0
2021-05-16,15516,4223973,19458,3495920,2496,319470,123,33687,47,6551,171,40400,0,0,37641,60919,8079788,8039550,0
2021-05-17,22660,4246633,29139,3525059,3252,322722,192,33879,72,6623,264,40664,0,0,55315,60878.14,8135103,8094601,0
2021-05-18,24610,4271243,31903,3556962,3402,326124,249,34128,84,6707,333,40997,0,0,60248,60077.43,8195351,8154516,0
2021-05-19,24171,4295414,29729,3586691,3040,329164,234,34362,51,6758,286,41283,0,0,57226,59358,8252577,8211457,0
2021-05-20,24132,4319546,30103,3616794,3163,332327,275,34637,90,6848,370,41653,0,0,57768,57759.29,8310345,8268860,0
2021-05-21,24664,4344210,32004,3648798,3057,335384,253,34890,63,6911,319,41972,0,0,60044,55786.14,8370389,8328588,0
2021-05-22,20008,4364218,24374,3673172,2523,337907,170,35060,48,6959,219,42191,0,0,47124,53623.71,8417513,8375494,0
2021-05-23,11225,4375443,13733,3686905,1411,339318,95,35155,32,6991,129,42320,0,0,26498,52031.86,8444011,8401865,0
2021-05-24,18857,4394300,23166,3710071,2757,342075,221,35376,55,7046,279,42599,0,0,45059,50566.71,8489070,8446648,0
2021-05-25,19416,4413716,23384,3733455,2601,344676,180,35556,59,7105,239,42838,0,0,45640,48479.86,8534710,8492049,0
2021-05-26,18773,4432489,21090,3754545,2698,347374,205,35761,49,7154,256,43094,0,0,42817,46421.43,8577527,8534612,0
2021-05-27,18451,4450940,21282,3775827,2531,349905,185,35946,62,7216,248,43342,0,0,42512,44242,8620039,8576877,0
2021-05-28,17852,4468792,22877,3798704,2751,352656,192,36138,59,7275,252,43594,0,0,43732,41911.71,8663771,8620358,0
2021-05-29,12701,4481493,17815,3816519,1755,354411,107,36245,39,7314,147,43741,0,0,32418,39810.86,8696189,8652630,0
2021-05-30,7025,4488518,8951,3825470,1074,355485,49,36294,16,7330,65,43806,0,0,17115,38470.43,8713304,8669680,0
2021-05-31,4739,4493257,6923,3832393,1011,356496,65,36359,18,7348,83,43889,0,0,12756,33855.71,8726060,8682353,0
2021-06-01,16047,4509304,25186,3857579,2177,358673,160,36519,43,7391,207,44096,0,0,43617,33566.71,8769677,8725767,0
2021-06-02,15351,4524655,20401,3877980,2095,360768,141,36660,47,7438,188,44284,0,0,38035,32883.57,8807712,8763614,0
2021-06-03,14994,4539649,23825,3901805,2280,363048,133,36793,45,7483,180,44464,0,0,41279,32707.43,8848991,8804715,0
2021-06-04,14708,4554357,26003,3927808,2492,365540,153,36946,42,7525,196,44660,0,0,43400,32660,8892391,8847920,0
2021-06-05,10978,4565335,22105,3949913,1806,367346,115,37061,29,7554,145,44805,0,0,35034,33033.71,8927425,8882810,0
2021-06-06,6442,4571777,14486,3964399,1222,368568,90,37151,12,7566,103,44908,0,0,22253,33767.71,8949678,8904961,0
2021-06-07,11695,4583472,21781,3986180,2378,370946,146,37297,38,7604,187,45095,0,0,36041,37094.14,8985719,8940818,0
2021-06-08,12624,4596096,24018,4010198,2071,373017,127,37424,46,7650,174,45269,0,0,38887,36418.43,9024606,8979532,0
2021-06-09,11124,4607220,23024,4033222,2300,375317,142,37566,43,7693,187,45456,0,0,36635,36218.43,9061241,9015982,0
2021-06-10,12053,4619273,22235,4055457,2461,377778,147,37713,63,7756,210,45666,0,0,36960,35601.43,9098201,9052732,0
2021-06-11,12691,4631964,25128,4080585,2483,380261,162,37875,62,7818,225,45891,0,0,40527,35191,9138728,9093035,0
2021-06-12,10159,4642123,19318,4099903,1888,382149,97,37972,44,7862,143,46034,0,0,31508,34687.29,9170236,9124402,0
2021-06-13,4249,4646372,10939,4110842,1219,383368,42,38014,21,7883,63,46097,0,0,16472,33861.43,9186708,9140811,0
2021-06-14,10200,4656572,19240,4130082,2040,385408,135,38149,53,7936,188,46285,0,0,31668,33236.71,9218376,9172291,0
2021-06-15,11880,4668452,21015,4151097,1942,387350,133,38282,41,7977,176,46461,0,0,35014,32683.43,9253390,9207131,0
2021-06-16,11581,4680033,19401,4170498,1956,389306,153,38435,74,8051,227,46688,0,0,33165,32187.71,9286555,9240069,0
2021-06-17,11016,4691049,18760,4189258,1973,391279,132,38567,35,8086,169,46857,0,0,31918,31467.43,9318473,9271820,0
2021-06-18,12165,4703214,18493,4207751,2115,393394,120,38687,39,8125,160,47017,0,0,32934,30382.71,9351407,9304595,0
2021-06-19,8490,4711704,13516,4221267,1459,394853,90,38777,23,8148,113,47130,0,0,23578,29249.86,9374985,9328060,0
2021-06-20,4332,4716036,7161,4228428,924,395777,37,38814,16,8164,53,47183,0,0,12470,28678.14,9387455,9340477,0
2021-06-21,10152,4726188,10013,4238441,1806,397583,74,38888,28,8192,103,47286,0,0,22074,27307.57,9409529,9362449,0
2021-06-22,9828,4736016,15647,4254088,1588,399171,107,38995,29,8221,136,47422,0,0,27199,26191.14,9436728,9389512,0
2021-06-23,10304,4746320,15187,4269275,1862,401033,104,39099,31,8252,136,47558,0,0,27489,25380.29,9464217,9416866,0
2021-06-24,9679,4755999,14702,4283977,1798,402831,124,39223,27,8279,153,47711,0,0,26332,24582.29,9490549,9443047,0
2021-06-25,10584,4766583,14383,4298360,1720,404551,120,39343,38,8317,158,47869,0,0,26845,23712.43,9517394,9469734,0
2021-06-26,7797,4774380,10465,4308825,1249,405800,79,39422,23,8340,103,47972,0,0,19614,23146.14,9537008,9489246,0
2021-06-27,4997,4779377,6001,4314826,795,406595,34,39456,15,8355,50,48022,0,0,11843,23056.57,9548851,9501040,0
2021-06-28,9032,4788409,10348,4325174,1526,408121,110,39566,26,8381,137,48159,0,0,21043,22909.29,9569894,9521947,0
2021-06-29,9729,4798138,12332,4337506,1347,409468,127,39693,33,8414,161,48320,0,0,23569,22390.71,9593463,9545356,0
2021-06-30,9424,4807562,10932,4348438,1486,410954,152,39845,18,8432,173,48493,0,0,22015,21608.71,9615478,9567201,0
2021-07-01,9391,4816953,10926,4359364,1434,412388,133,39978,25,8457,160,48653,0,0,21911,20977.14,9637389,9588954,0
2021-07-02,9688,4826641,11457,4370821,1541,413929,119,40097,21,8478,140,48793,0,0,22827,20403.14,9660216,9611641,0
2021-07-03,7058,4833699,8423,4379244,1192,415121,79,40176,17,8495,96,48889,0,0,16769,19996.71,9676985,9628314,0
2021-07-04,1286,4834985,1335,4380579,567,415688,11,40187,3,8498,14,48903,0,0,3202,18762.29,9680187,9631502,0
2021-07-05,6491,4841476,7108,4387687,1207,416895,67,40254,22,8520,89,48992,0,0,14895,17884,9695082,9646308,0
2021-07-06,9506,4850982,12854,4400541,1315,418210,117,40371,38,8558,156,49148,0,0,23831,17921.43,9718913,9669984,0
2021-07-07,8661,4859643,11107,4411648,1418,419628,129,40500,21,8579,150,49298,0,0,21336,17824.43,9740249,9691170,0
2021-07-08,8217,4867860,10189,4421837,1258,420886,112,40612,23,8602,137,49435,0,0,19801,17523,9760050,9710836,0
2021-07-09,8369,4876229,10834,4432671,1280,422166,91,40703,20,8622,111,49546,0,0,20594,17204,9780644,9731319,0
2021-07-10,7098,4883327,8637,4441308,1131,423297,67,40770,20,8642,88,49634,0,0,16954,17230.43,9797598,9748186,0
2021-07-11,4104,4887431,4539,4445847,701,423998,39,40809,6,8648,45,49679,0,0,9389,18114.29,9806987,9757530,0
2021-07-12,8447,4895878,9563,4455410,1251,425249,84,40893,23,8671,107,49786,0,0,19368,18753.29,9826355,9776791,0
2021-07-13,9457,4905335,9394,4464804,952,426201,109,41002,36,8707,147,49933,0,0,19950,18198.86,9846305,9796596,0
2021-07-14,8990,4914325,9534,4474338,1010,427211,110,41112,22,8729,136,50069,0,0,19670,17960.86,9865975,9816134,0
2021-07-15,8791,4923116,9157,4483495,1052,428263,83,41195,20,8749,104,50173,0,0,19104,17861.29,9885079,9835135,0
2021-07-16,9247,4932363,9765,4493260,981,429244,103,41298,29,8778,132,50305,0,0,20125,17794.29,9905204,9855128,0
2021-07-17,6838,4939201,7388,4500648,803,430047,80,41378,21,8799,101,50406,0,0,15130,17533.71,9920334,9870157,0
2021-07-18,4253,4943454,4285,4504933,575,430622,36,41414,14,8813,50,50456,0,0,9163,17501.43,9929497,9879270,0
2021-07-19,9118,4952572,8487,4513420,999,431621,93,41507,22,8835,116,50572,0,0,18720,17408.86,9948217,9897875,0
2021-07-20,10639,4963211,8762,4522182,991,432612,96,41603,25,8860,122,50694,0,0,20514,17489.43,9968731,9918268,0
2021-07-21,10049,4973260,8776,4530958,904,433516,149,41752,33,8893,182,50876,0,0,19911,17523.86,9988642,9937997,0
2021-07-22,10686,4983946,8584,4539542,1046,434562,146,41898,27,8920,174,51050,0,0,20490,17721.86,10009132,9958314,0
2021-07-23,11246,4995192,8888,4548430,1114,435676,139,42037,23,8943,164,51214,0,0,21412,17905.71,10030544,9979564,0
2021-07-24,7400,5002592,6741,4555171,670,436346,82,42119,26,8969,109,51323,0,0,14920,17875.71,10045464,9994376,0
2021-07-25,5470,5008062,2130,4557301,509,436855,58,42177,4,8973,62,51385,0,0,8171,17734,10053635,10002485,0
2021-07-26,10865,5018927,7010,4564311,856,437711,112,42289,20,8993,132,51517,0,0,18863,17754.43,10072498,10021216,0
2021-07-27,12059,5030986,8573,4572884,856,438567,140,42429,41,9034,182,51699,0,0,21670,17919.57,10094168,10042705,0
2021-07-28,12005,5042991,8057,4580941,950,439517,137,42566,29,9063,167,51866,0,0,21179,18100.71,10115347,10063718,0
2021-07-29,10925,5053916,7436,4588377,983,440500,138,42704,41,9104,183,52049,0,0,19527,17963.14,10134874,10083066,0
2021-07-30,14947,5068863,8013,4596390,1151,441651,187,42891,33,9137,222,52271,0,0,24333,18380.43,10159207,10107179,0
2021-07-31,9718,5078581,6325,4602715,815,442466,122,43013,20,9157,143,52414,0,0,17001,18677.71,10176208,10124038,0
2021-08-01,6497,5085078,3313,4606028,564,443030,81,43094,22,9179,103,52517,0,0,10477,19007.14,10186685,10134412,0
2021-08-02,13448,5098526,7155,4613183,845,443875,150,43244,19,9198,169,52686,0,0,21617,19400.57,10208302,10155860,0
2021-08-03,15402,5113928,8393,4621576,1109,444984,145,43389,39,9237,185,52871,0,0,25089,19889,10233391,10180765,0
2021-08-04,17256,5131184,8133,4629709,1454,446438,182,43571,37,9274,219,53090,0,0,27062,20729.43,10260453,10207608,0
2021-08-05,17881,5149065,7934,4637643,1371,447809,161,43732,22,9296,183,53273,0,0,27369,21849.71,10287822,10234794,0
2021-08-06,18172,5167237,8420,4646063,1230,449039,172,43904,32,9328,204,53477,0,0,28026,22377.29,10315848,10262616,0
2021-08-07,13376,5180613,6019,4652082,800,449839,105,44009,29,9357,134,53611,0,0,20329,22852.71,10336177,10282811,0
2021-08-08,9308,5189921,3834,4655916,400,450239,84,44093,10,9367,94,53705,0,0,13636,23304,10349813,10296353,0
2021-08-09,21334,5211255,8529,4664445,965,451204,178,44271,34,9401,213,53918,0,0,31041,24650.29,10380854,10327182,0
2021-08-10,18946,5230201,9332,4673777,946,452150,180,44451,34,9435,215,54133,0,0,29439,25271.71,10410293,10356407,0
2021-08-11,15643,5245844,8313,4682090,853,453003,132,44583,46,9481,179,54312,0,0,24988,24975.43,10435281,10381217,0
2021-08-12,15048,5260892,8990,4691080,942,453945,179,44762,36,9517,217,54529,0,0,25197,24665.14,10460478,10406199,0
2021-08-13,14912,5275804,9295,4700375,919,454864,247,45009,38,9555,286,54815,0,0,25413,24291.86,10485891,10431327,0
2021-08-14,10392,5286196,6412,4706787,625,455489,537,45546,41,9596,581,55396,0,0,18010,23960.57,10503901,10448759,0
2021-08-15,6687,5292883,4484,4711271,676,456165,568,46114,33,9629,605,56001,0,0,12452,23791.43,10516353,10460610,0
2021-08-16,15697,5308580,9312,4720583,1149,457314,1330,47444,66,9695,1401,57402,0,0,27559,23294,10543912,10486773,0
2021-08-17,17756,5326336,10457,4731040,1229,458543,1776,49220,85,9780,1877,59279,0,0,31319,23562.57,10575231,10516231,0
2021-08-18,17478,5343814,10381,4741421,1262,459805,2002,51222,92,9872,2105,61384,0,0,31226,24453.71,10606457,10545363,0
2021-08-19,16283,5360097,9530,4750951,1315,461120,1960,53182,71,9943,2045,63429,0,0,29173,25021.71,10635630,10572505,0
2021-08-20,16260,5376357,11544,4762495,1252,462372,1869,55051,87,10030,1970,65399,0,0,31026,25823.57,10666656,10601575,0
2021-08-21,11141,5387498,8039,4770534,878,463250,1069,56120,53,10083,1129,66528,0,0,21187,26277.43,10687843,10621640,0
2021-08-22,4076,5391574,3902,4774436,261,463511,520,56640,33,10116,557,67085,0,0,8796,25755.14,10696639,10629883,0
2021-08-23,15570,5407144,11811,4786247,1022,464533,1553,58193,77,10193,1643,68728,0,0,30047,26110.57,10726686,10658300,0
2021-08-24,16908,5424052,12598,4798845,1007,465540,1777,59970,82,10275,1867,70595,0,0,32380,26262.14,10759066,10688821,0
2021-08-25,14560,5438612,12457,4811302,1112,466652,1571,61541,82,10357,1668,72263,0,0,29797,26058,10788863,10716965,0
2021-08-26,16142,5454754,14101,4825403,1071,467723,1781,63322,71,10428,1864,74127,0,0,33178,26630.14,10822041,10748291,0
2021-08-27,14868,5469622,14827,4840230,971,468694,1679,65001,76,10504,1763,75890,0,0,32429,26830.57,10854470,10778965,0
2021-08-28,10675,5480297,11522,4851752,835,469529,1022,66023,48,10552,1071,76961,0,0,24103,27247.14,10878573,10801998,0
2021-08-29,7209,5487506,7498,4859250,541,470070,782,66805,58,10610,849,77810,0,0,16097,28290.14,10894670,10817255,0
2021-08-30,15508,5503014,16931,4876181,1076,471146,1802,68607,93,10703,1904,79714,0,0,35419,29057.57,10930089,10850779,0
2021-08-31,15498,5518512,15960,4892141,952,472098,1983,70590,90,10793,2083,81797,0,0,34493,29359.43,10964582,10883199,0
2021-09-01,14822,5533334,14114,4906255,1020,473118,1815,72405,62,10855,1887,83684,0,0,31843,29651.71,10996425,10913165,0
2021-09-02,14307,5547641,12525,4918780,896,474014,1718,74123,65,10920,1799,85483,0,0,29527,29130.14,11025952,10940909,0
2021-09-03,14993,5562634,14314,4933094,974,474988,1904,76027,72,10992,1982,87465,0,0,32263,29106.43,11058215,10971196,0
2021-09-04,9641,5572275,9405,4942499,688,475676,981,77008,34,11026,1020,88485,0,0,20754,28628,11078969,10990935,0
2021-09-05,6790,5579065,5512,4948011,438,476114,719,77727,19,11045,739,89224,0,0,13479,28254,11092448,11003676,0
2021-09-06,5195,5584260,4511,4952522,358,476472,274,78001,11,11056,287,89511,0,0,10351,24672.86,11102799,11013742,0
2021-09-07,15559,5599819,17696,4970218,912,477384,1566,79567,95,11151,1669,91180,0,0,35836,24864.71,11138635,11047917,0
2021-09-08,16144,5615963,14831,4985049,1069,478453,1784,81351,84,11235,1880,93060,0,0,33924,25162,11172559,11079973,0
2021-09-09,16092,5632055,14759,4999808,1048,479501,1922,83273,78,11313,2011,95071,0,0,33910,25788.14,11206469,11111883,0
2021-09-10,18347,5650402,15403,5015211,1207,480708,1982,85255,83,11396,2072,97143,0,0,37029,26469,11243498,11146847,0
2021-09-11,12625,5663027,10351,5025562,958,481666,1035,86290,50,11446,1091,98234,0,0,25025,27079.14,11268523,11170787,0
2021-09-12,8532,5671559,5053,5030615,765,482431,694,86984,32,11478,727,98961,0,0,15077,27307.43,11283600,11185138,0
2021-09-13,16918,5688477,12967,5043582,976,483407,1663,88647,52,11530,1725,100686,0,0,32586,30483.86,11316186,11216009,0
2021-09-14,16259,5704736,13677,5057259,887,484294,1604,90251,57,11587,1673,102359,0,0,32496,30006.71,11348682,11246844,0
2021-09-15,15508,5720244,12898,5070157,727,485021,1576,91827,85,11672,1670,104029,0,0,30803,29560.86,11379485,11275986,0
2021-09-16,15327,5735571,13917,5084074,1209,486230,1473,93300,68,11740,1548,105577,0,0,32001,29288.14,11411486,11306446,0
2021-09-17,14424,5749995,13952,5098026,922,487152,1850,95150,60,11800,1912,107489,0,0,31210,28456.86,11442696,11335746,0
2021-09-18,9984,5759979,10189,5108215,913,488065,1055,96205,42,11842,1101,108590,0,0,22187,28051.43,11464883,11356836,0
2021-09-19,6168,5766147,6077,5114292,558,488623,749,96954,28,11870,782,109372,0,0,13585,27838.29,11478468,11369644,0
2021-09-20,12659,5778806,12634,5126926,1068,489691,1928,98882,62,11932,1999,111371,0,0,28361,27234.71,11506829,11396015,0
2021-09-21,12216,5791022,12771,5139697,1108,490799,2036,100918,82,12014,2134,113505,0,0,28229,26625.14,11535058,11422126,0
2021-09-22,12815,5803837,12007,5151704,1089,491888,1691,102609,71,12085,1768,115273,0,0,27679,26178.86,11562737,11448043,0
2021-09-23,14915,5818752,12770,5164474,1639,493527,2274,104883,76,12161,2357,117630,0,0,31681,26133.14,11594418,11477374,0
2021-09-24,16580,5835332,13364,5177838,1636,495163,4631,109514,127,12288,4777,122407,0,0,36357,26868.43,11630775,11508973,0
2021-09-25,10520,5845852,9034,5186872,1017,496180,3460,112974,84,12372,3560,125967,0,0,24131,27146.14,11654906,11529560,0
2021-09-26,6287,5852139,5767,5192639,773,496953,2425,115399,62,12434,2499,128466,0,0,15326,27394.86,11670232,11542399,0
2021-09-27,14126,5866265,8067,5200706,1155,498108,9086,124485,165,12599,9300,137766,0,0,32649,28007.43,11702881,11565797,0
2021-09-28,11100,5877365,11789,5212495,901,499009,9939,134424,183,12782,10161,147927,0,0,33951,28824.86,11736832,11589626,0
2021-09-29,11587,5888952,12196,5224691,1205,500214,9463,143887,176,12958,9673,157600,0,0,34661,29822.29,11771493,11614648,0
2021-09-30,12211,5901163,12611,5237302,1337,501551,9767,153654,185,13143,9986,167586,0,0,36145,30460,11807638,11640841,0
2021-10-01,12610,5913773,13431,5250733,1284,502835,10294,163948,156,13299,10490,178076,0,0,37815,30668.29,11845453,11668206,0
2021-10-02,7715,5921488,9983,5260716,865,503700,4247,168195,83,13382,4354,182430,0,0,22917,30494.86,11868370,11686793,0
2021-10-03,5054,5926542,6158,5266874,593,504293,2625,170820,60,13442,2695,185125,1,1,14501,30377,11882871,11698608,0
2021-10-04,9895,5936437,11019,5277893,914,505207,9537,180357,151,13593,9725,194850,0,1,31553,30220.43,11914424,11720473,0
2021-10-05,10132,5946569,11735,5289628,972,506179,9962,190319,180,13773,10185,205035,1,2,33025,30088.14,11947449,11743355,0
2021-10-06,9865,5956434,11050,5300678,937,507116,9955,200274,164,13937,10156,215191,0,2,32009,29709.29,11979458,11765245,0
2021-10-07,9592,5966026,12155,5312833,850,507966,10185,210459,180,14117,10399,225590,0,2,32996,29259.43,12012454,11787876,0
2021-10-08,9427,5975453,12180,5325013,940,508906,10926,221385,166,14283,11131,236721,0,2,33678,28668.43,12046132,11810462,0
2021-10-09,6224,5981677,8241,5333254,643,509549,4132,225517,91,14374,4240,240961,0,2,19348,28158.57,12065480,11825587,0
2021-10-10,3529,5985206,5028,5338282,458,510007,2439,227956,48,14422,2495,243456,0,2,11510,27731.29,12076990,11834610,0
2021-10-11,7588,5992794,9339,5347621,728,510735,8909,236865,167,14589,9100,252556,0,2,26755,27045.86,12103745,11852289,0
2021-10-12,8043,6000837,10997,5358618,891,511626,10538,247403,189,14778,10767,263323,0,2,30698,26713.43,12134443,11872260,0
2021-10-13,7125,6007962,10149,5368767,869,512495,8816,256219,184,14962,9030,272353,0,2,27173,26022.57,12161616,11890433,0
2021-10-14,7402,6015364,11116,5379883,837,513332,10137,266356,168,15130,10345,282698,0,2,29700,25551.71,12191316,11909828,0
2021-10-15,7702,6023066,11859,5391742,823,514155,10861,277217,176,15306,11070,293768,0,2,31454,25234,12222770,11930245,0
2021-10-16,4853,6027919,7465,5399207,665,514820,3855,281072,67,15373,3934,297702,0,2,16917,24886.71,12239687,11943240,0
2021-10-17,3047,6030966,4469,5403676,411,515231,2463,283535,45,15418,2515,300217,0,2,10442,24734.14,12250129,11951174,0
2021-10-18,7014,6037980,10673,5414349,797,516028,9500,293035,188,15606,9722,309939,0,2,28206,24941.43,12278335,11969692,0
2021-10-19,6545,6044525,8944,5423293,803,516831,9110,302145,181,15787,9332,319271,1,3,25625,24216.71,12303960,11986025,0
2021-10-20,6512,6051037,9373,5432666,975,517806,10004,312149,181,15968,10224,329495,2,5,27085,24204.14,12331045,12002923,0
2021-10-21,7001,6058038,9386,5442052,857,518663,10874,323023,159,16127,11068,340563,1,6,28313,24006,12359358,12020202,0
2021-10-22,8074,6066112,10345,5452397,1025,519688,16378,339401,229,16356,16661,357224,0,6,36105,24670.43,12395463,12039700,0
2021-10-23,5150,6071262,6452,5458849,690,520378,9141,348542,116,16472,9278,366502,0,6,21570,25335.14,12417033,12052013,0
2021-10-24,3247,6074509,3966,5462815,766,521144,6177,354719,82,16554,6285,372787,0,6,14264,25881.14,12431297,12060018,0
2021-10-25,8859,6083368,8747,5471562,1152,522296,19291,374010,303,16857,19665,392452,0,6,38423,27340.71,12469720,12078847,0
2021-10-26,8144,6091512,7724,5479286,1258,523554,17318,391328,283,17140,17671,410123,0,6,34797,28651,12504517,12096043,0
2021-10-27,10494,6102006,8392,5487678,1604,525158,20902,412230,335,17475,21307,431430,0,6,41797,30752.71,12546314,12116603,0
2021-10-28,11256,6113262,8030,5495708,1793,526951,20905,433135,328,17803,21303,452733,0,6,42382,32762.57,12588696,12137752,0
2021-10-29,11800,6125062,8226,5503934,1967,528918,22580,455715,353,18156,23005,475738,1,7,45000,34033.29,12633696,12159818,0
2021-10-30,4593,6129655,5061,5508995,932,529850,11205,466920,169,18325,11414,487152,0,7,22000,34094.71,12655696,12170444,0
2021-10-31,2643,6132298,2699,5511694,544,530394,6652,473572,107,18432,6782,493934,1,8,12668,33866.71,12668364,12176352,0
2021-11-01,7065,6139363,6952,5518646,1085,531479,20438,494010,340,18772,20837,514771,1,9,35940,33512,12704304,12191513,0
2021-11-02,6520,6145883,6587,5525233,1055,532534,20823,514833,283,19055,21183,535954,0,9,35346,33590.43,12739650,12205753,0
2021-11-03,6782,6152665,6677,5531910,1025,533559,20689,535522,315,19370,21080,557034,0,9,35566,32700.29,12775216,12220315,0
2021-11-04,9250,6161915,6275,5538185,995,534554,22429,557951,356,19726,22868,579902,0,9,39388,32272.57,12814604,12236918,0
2021-11-05,11013,6172928,6717,5544902,1049,535603,23810,581761,362,20088,24256,604158,0,9,43035,31991.86,12857639,12255781,0
2021-11-06,11136,6184064,4051,5548953,593,536196,12615,594376,179,20267,12832,616990,0,9,28612,32936.43,12886251,12271599,0
2021-11-07,7222,6191286,2287,5551240,577,536773,7124,601500,100,20367,7239,624229,0,9,17325,33601.71,12903576,12281700,0
2021-11-08,15015,6206301,5678,5556918,862,537635,19543,621043,290,20657,19900,644129,1,10,41456,34389.71,12945032,12303322,0
2021-11-09,16098,6222399,5384,5562302,658,538293,20566,641609,284,20941,20932,665061,0,10,43072,35493.43,12988104,12325544,0
2021-11-10,16858,6239257,5321,5567623,682,538975,22725,664334,294,21235,23090,688151,0,10,45951,36977,13034055,12348476,0
2021-11-11,12487,6251744,5186,5572809,760,539735,22162,686496,295,21530,22526,710677,0,10,40959,37201.43,13075014,12366978,0
2021-11-12,16819,6268563,5684,5578493,705,540440,23487,709983,361,21891,23926,734603,1,11,47135,37787.14,13122149,12390264,0
2021-11-13,9915,6278478,3661,5582154,464,540904,13369,723352,185,22076,13597,748200,0,11,27637,37647.86,13149786,12404347,0
2021-11-14,5977,6284455,2285,5584439,324,541228,7958,731310,83,22159,8062,756262,0,11,16648,37551.14,13166434,12412954,0
2021-11-15,13166,6297621,5971,5590410,688,541916,25184,756494,370,22529,25633,781895,0,11,45458,38122.86,13211892,12432858,0
2021-11-16,9874,6307495,5776,5596186,652,542568,30744,787238,445,22974,31266,813161,0,11,47570,38765.43,13259462,12449239,0
2021-11-17,10202,6317697,6668,5602854,680,543248,31522,818760,431,23405,32043,845204,0,11,49593,39285.71,13309055,12466879,0
2021-11-18,10629,6328326,6522,5609376,854,544102,33128,851888,470,23875,33695,878899,0,11,51700,40820.14,13360755,12484981,0
2021-11-19,11895,6340221,6549,5615925,707,544809,36373,888261,474,24349,36938,915837,0,11,56089,42099.29,13416844,12504223,0
2021-11-20,9276,6349497,3412,5619337,512,545321,22583,910844,262,24611,22897,938734,0,11,36097,43307.86,13452941,12517475,0
2021-11-21,4889,6354386,1887,5621224,288,545609,13252,924096,157,24768,13434,952168,1,12,20499,43858,13473440,12524564,0
2021-11-22,10318,6364704,5782,5627006,748,546357,36030,960126,453,25221,36575,988743,0,12,53423,44995.86,13526863,12541504,0
2021-11-23,9677,6374381,4780,5631786,632,546989,33622,993748,390,25611,34084,1022827,0,12,49174,45225,13576037,12556666,0
2021-11-24,8612,6382993,4747,5636533,648,547637,26002,1019750,292,25903,26365,1049192,1,13,40373,43907.86,13616410,12570744,0
2021-11-25,447,6383440,329,5636862,80,547717,1004,1020754,9,25912,1013,1050205,0,13,1869,36789.14,13618279,12571600,0
2021-11-26,7989,6391429,7004,5643866,528,548245,26653,1047407,313,26225,27023,1077228,0,13,42544,34854.14,13660823,12587178,0
2021-11-27,6635,6398064,6861,5650727,370,548615,18895,1066302,229,26454,19163,1096391,0,13,33030,34416,13693853,12601084,0
2021-11-28,4027,6402091,5792,5656519,279,548894,11946,1078248,122,26576,12089,1108480,0,13,22187,34657.14,13716040,12611203,0
2021-11-29,8995,6411086,11017,5667536,684,549578,35167,1113415,459,27035,35702,1144182,1,14,56399,35082.29,13772439,12631975,0
2021-11-30,10393,6421479,11445,5678981,510,550088,37891,1151306,506,27541,38510,1182692,0,14,60858,36751.43,13833297,12654436,0
2021-12-01,11055,6432534,10980,5689961,724,550812,40496,1191802,443,27984,41037,1223729,0,14,63798,40097.86,13897095,12677295,0
2021-12-02,11516,6444050,11056,5701017,625,551437,42346,1234148,476,28460,42920,1266649,0,14,66117,49276.14,13963212,12700590,0
2021-12-03,13343,6457393,12913,5713930,665,552102,48122,1282270,544,29004,48769,1315418,1,15,75691,54011.43,14038903,12727614,0
2021-12-04,9741,6467134,11322,5725252,564,552666,30774,1313044,313,29317,31141,1346559,0,15,52768,56831.14,14091671,12749295,0
2021-12-05,5691,6472825,5703,5730955,270,552936,16716,1329760,132,29449,16884,1363443,0,15,28549,57740,14120220,12760996,0
2021-12-06,12203,6485028,9990,5740945,599,553535,43390,1373150,470,29919,43953,1407396,0,15,66746,59218.14,14186966,12783882,0
2021-12-07,12475,6497503,9259,5750204,623,554158,43201,1416351,523,30442,43814,1451210,0,15,66171,59977.14,14253137,12806329,0
2021-12-08,13427,6510930,8780,5758984,555,554713,40926,1457277,495,30937,41504,1492714,0,15,64266,60044,14317403,12829174,0
2021-12-09,13369,6524299,8757,5767741,551,555264,40978,1498255,506,31443,41584,1534298,0,15,64262,59779,14381665,12851952,0
2021-12-10,13927,6538226,10161,5777902,666,555930,43822,1542077,542,31985,44452,1578750,0,15,69206,58852.57,14450871,12876794,0
2021-12-11,10194,6548420,8153,5786055,405,556335,26779,1568856,293,32278,27122,1605872,0,15,45875,57867.86,14496746,12895597,0
2021-12-12,5971,6554391,3856,5789911,287,556622,15208,1584064,137,32415,15369,1621241,0,15,25483,57429.86,14522229,12905735,0
2021-12-13,12101,6566492,7437,5797348,655,557277,38039,1622103,406,32821,38529,1659770,0,15,58722,56283.57,14580951,12926012,0
2021-12-14,12131,6578623,6949,5804297,730,558007,38296,1660399,449,33270,38813,1698583,0,15,58624,55205.43,14639575,12945891,0
2021-12-15,11980,6590603,6247,5810544,754,558761,38288,1698687,499,33769,38868,1737451,0,15,57850,54288.86,14697425,12964954,0
2021-12-16,13061,6603664,4266,5814810,736,559497,41257,1739944,470,34239,41801,1779252,0,15,59864,53660.57,14757289,12983091,0
2021-12-17,15825,6619489,6945,5821755,617,560114,46952,1786896,490,34729,47538,1826790,0,15,70925,53906.14,14828214,13006574,0
2021-12-18,12935,6632424,5734,5827489,432,560546,30713,1817609,279,35008,31049,1857839,1,16,50150,54516.86,14878364,13025731,0
2021-12-19,6957,6639381,2995,5830484,326,560872,18059,1835668,180,35188,18270,1876109,0,16,28548,54954.71,14906912,13036040,0
2021-12-20,16705,6656086,5856,5836340,745,561617,47654,1883322,586,35774,48321,1924430,0,16,71627,56798.29,14978539,13059427,0
2021-12-21,17833,6673919,6577,5842917,806,562423,49076,1932398,607,36381,49763,1974193,0,16,74980,59134.86,15053519,13084724,0
2021-12-22,18474,6692393,6557,5849474,938,563361,49839,1982237,550,36931,50469,2024662,1,17,76439,61790.43,15129958,13110773,0
2021-12-23,18929,6711322,6488,5855962,929,564290,46031,2028268,543,37474,46640,2071302,0,17,72986,63665,15202944,13137185,0
2021-12-24,9180,6720502,2958,5858920,598,564888,20659,2048927,214,37688,20907,2092209,0,17,33643,58339,15236587,13149955,0
2021-12-25,342,6720844,63,5858983,31,564919,427,2049354,8,37696,436,2092645,0,17,872,51299.29,15237459,13150392,0
2021-12-26,7914,6728758,3933,5862916,341,565260,17320,2066674,178,37874,17529,2110174,0,17,29717,51466.29,15267176,13162611,0
2021-12-27,21701,6750459,9214,5872130,934,566194,43573,2110247,569,38443,44215,2154389,0,17,76064,52100.14,15343240,13194533,0
2021-12-28,20048,6770507,8345,5880475,700,566894,47713,2157960,628,39071,48430,2202819,0,17,77523,52463.43,15420763,13223715,0
2021-12-29,18427,6788934,7674,5888149,606,567500,45700,2203660,499,39570,46274,2249093,0,17,72981,51969.43,15493744,13250497,0
2021-12-30,16812,6805746,7444,5895593,588,568088,44945,2248605,600,40170,45634,2294727,0,17,70479,51611.29,15564223,13275431,0
2021-12-31,5340,6811086,2819,5898412,193,568281,14800,2263405,189,40359,15011,2309738,0,17,23363,50142.71,15587586,13283805,0
2022-01-01,244,6811330,149,5898561,12,568293,504,2263909,36,40395,544,2310282,0,17,949,50153.71,15588535,13284214,0
2022-01-02,6402,6817732,5019,5903580,153,568446,11011,2274920,111,40506,11137,2321419,0,17,22711,49152.86,15611246,13295803,0
2022-01-03,14075,6831807,8527,5912107,515,568961,27034,2301954,351,40857,27429,2348848,2,19,50548,45507.71,15661794,13318964,0
2022-01-04,12769,6844576,8128,5920235,414,569375,27317,2329271,372,41229,27748,2376596,12,31,49068,41442.71,15710862,13340331,0
2022-01-05,11281,6855857,7034,5927269,386,569761,26041,2355312,317,41546,26401,2402997,0,31,45103,37460.14,15755965,13359076,0
2022-01-06,11307,6867164,7399,5934668,485,570246,27682,2382994,361,41907,28096,2431093,2,33,47289,34147.29,15803254,13378320,0
2022-01-07,10112,6877276,8459,5943127,339,570585,25246,2408240,332,42239,25612,2456705,0,33,44523,37170.14,15847777,13397265,0
2022-01-08,7640,6884916,8604,5951731,311,570896,19647,2427887,193,42432,19857,2476562,0,33,36413,42236.43,15884190,13413838,0
2022-01-09,4101,6889017,3844,5955575,214,571110,10084,2437971,98,42530,10193,2486755,1,34,18355,41614.14,15902545,13422010,0
2022-01-10,10134,6899151,8203,5963778,490,571600,24655,2462626,309,42839,25015,2511770,1,35,43842,40656.14,15946387,13440887,0
2022-01-11,8829,6907980,7991,5971769,522,572122,21083,2483709,298,43137,21426,2533196,0,35,38772,39185.29,15985159,13458278,0
2022-01-12,8887,6916867,8333,5980102,427,572549,22411,2506120,294,43431,22740,2555936,1,36,40389,38511.86,16025548,13475961,0
2022-01-13,8979,6925846,8873,5988975,451,573000,22962,2529082,342,43773,23342,2579278,1,37,41648,37706,16067196,13494304,0
2022-01-14,10054,6935900,8127,5997102,474,573474,26494,2555576,342,44115,26878,2606156,0,37,45533,37850.29,16112729,13513001,0
2022-01-15,6183,6942083,4320,6001422,180,573654,15172,2570748,185,44300,15381,2621537,0,37,26064,36371.86,16138793,13523708,0
2022-01-16,2887,6944970,3251,6004673,95,573749,7845,2578593,89,44389,7944,2629481,0,37,14178,35775.14,16152971,13529952,0
2022-01-17,6033,6951003,6760,6011433,363,574112,14726,2593319,225,44614,14969,2644450,0,37,28125,33529.86,16181096,13543126,0
2022-01-18,8108,6959111,10327,6021760,393,574505,19716,2613035,328,44942,20075,2664525,0,37,38903,33548.57,16219999,13561985,0
2022-01-19,7403,6966514,9266,6031026,303,574808,17763,2630798,285,45227,18080,2682605,1,38,35053,32786.29,16255052,13578989,0
2022-01-20,6220,6972734,8572,6039598,305,575113,15307,2646105,257,45484,15591,2698196,0,38,30689,31220.71,16285741,13594114,0
2022-01-21,7509,6980243,7522,6047120,276,575389,18549,2664654,297,45781,18872,2717068,1,39,34179,29598.71,16319920,13609446,0
2022-01-22,5172,6985415,4954,6052074,132,575521,11343,2675997,132,45913,11500,2728568,0,39,21758,28983.57,16341678,13619729,0
2022-01-23,2778,6988193,3337,6055411,97,575618,6252,2682249,78,45991,6338,2734906,0,39,12550,28751,16354228,13625949,0
2022-01-24,6319,6994512,8216,6063627,262,575880,15103,2697352,252,46243,15383,2750289,0,39,30181,29044.71,16384409,13640775,0
2022-01-25,6134,7000646,7960,6071587,230,576110,14742,2712094,294,46537,15070,2765359,0,39,29394,27686.29,16413803,13655133,0
2022-01-26,5708,7006354,7192,6078779,288,576398,14044,2726138,225,46762,14297,2779656,0,39,27485,26605.14,16441288,13668349,0
2022-01-27,5206,7011560,7099,6085878,320,576718,14125,2740263,240,47002,14404,2794060,0,39,27029,26082.29,16468317,13681013,0
2022-01-28,6209,7017769,7887,6093765,205,576923,16163,2756426,245,47247,16431,2810491,1,40,30733,25590,16499050,13695337,0
2022-01-29,834,7018603,729,6094494,28,576951,2544,2758970,40,47287,2587,2813078,0,40,4178,23078.57,16503228,13696931,0
2022-01-30,2071,7020674,3025,6097519,103,577054,4557,2763527,64,47351,4625,2817703,0,40,9824,22689.14,16513052,13702134,0
2022-01-31,4971,7025645,6597,6104116,219,577273,11415,2774942,206,47557,11636,2829339,0,40,23423,21723.71,16536475,13713936,0
2022-02-01,4796,7030441,6457,6110573,220,577493,10741,2785683,223,47780,10982,2840321,1,41,22456,20732.57,16558931,13725427,0
2022-02-02,4243,7034684,5938,6116511,212,577705,11262,2796945,243,48023,11523,2851844,0,41,21916,19937,16580847,13735838,0
2022-02-03,4201,7038885,5819,6122330,216,577921,11236,2808181,208,48231,11470,2863314,1,42,21707,19176.71,16602554,13746100,0
2022-02-04,4729,7043614,7120,6129450,214,578135,13251,2821432,240,48471,13517,2876831,0,42,25580,18440.57,16628134,13758189,0
2022-02-05,3555,7047169,6081,6135531,110,578245,8604,2830036,161,48632,8780,2885611,0,42,18526,20490.29,16646660,13767950,0
2022-02-06,2048,7049217,2138,6137669,120,578365,4652,2834688,105,48737,4761,2890372,0,42,9068,20382.29,16655728,13772261,0
2022-02-07,4118,7053335,4751,6142420,205,578570,10150,2844838,240,48977,10415,2900787,0,42,19489,19820.29,16675217,13781360,0
2022-02-08,4183,7057518,5608,6148028,214,578784,11352,2856190,317,49294,11694,2912481,0,42,21699,19712.14,16696916,13791390,0
2022-02-09,4106,7061624,5405,6153433,221,579005,11685,2867875,259,49553,11968,2924449,0,42,21700,19681.29,16718616,13801146,0
2022-02-10,3962,7065586,5129,6158562,243,579248,12214,2880089,294,49847,12538,2936987,0,42,21872,19704.86,16740488,13810510,0
2022-02-11,4490,7070076,5813,6164375,195,579443,13755,2893844,326,50173,14113,2951100,0,42,24611,19566.43,16765099,13821040,0
2022-02-12,3236,7073312,4353,6168728,97,579540,8827,2902671,219,50392,9057,2960157,0,42,16743,19311.71,16781842,13828737,0
2022-02-13,1510,7074822,1543,6170271,41,579581,4888,2907559,114,50506,5007,2965164,0,42,8101,19173.57,16789943,13831836,0
2022-02-14,2957,7077779,3633,6173904,167,579748,10591,2918150,331,50837,10949,2976113,1,43,17707,18919,16807650,13838620,0
2022-02-15,3515,7081294,4075,6177979,174,579922,12808,2930958,292,51129,13116,2989229,0,43,20880,18802,16828530,13846400,0
2022-02-16,3613,7084907,3911,6181890,199,580121,15769,2946727,300,51429,16104,3005333,0,43,23827,19105.86,16852357,13854158,0
2022-02-17,3986,7088893,4082,6185972,162,580283,18371,2965098,375,51804,18776,3024109,0,43,27006,19839.29,16879363,13862418,0
2022-02-18,4424,7093317,4792,6190764,190,580473,21563,2986661,470,52274,22056,3046165,1,44,31463,20818.14,16910826,13871847,0
2022-02-19,3233,7096550,2186,6192950,65,580538,11201,2997862,223,52497,11435,3057600,0,44,16919,20843.29,16927745,13877342,0
2022-02-20,1843,7098393,1446,6194396,59,580597,6599,3004461,115,52612,6721,3064321,0,44,10069,21124.43,16937814,13880697,0
2022-02-21,3071,7101464,2697,6197093,93,580690,8366,3012827,237,52849,8616,3072937,0,44,14477,20663,16952291,13886571,0
2022-02-22,4358,7105822,4266,6201359,174,580864,10852,3023679,258,53107,11127,3084064,0,44,19925,20526.57,16972216,13895386,0
2022-02-23,4230,7110052,3792,6205151,145,581009,10695,3034374,243,53350,10955,3095019,1,45,19123,19854.57,16991339,13903570,0
2022-02-24,3780,7113832,3663,6208814,108,581117,10203,3044577,241,53591,10462,3105481,1,46,18014,18570,17009353,13911139,0
2022-02-25,3586,7117418,3636,6212450,135,581252,9996,3054573,249,53840,10258,3115739,0,46,17615,16591.71,17026968,13918509,0
2022-02-26,2817,7120235,2591,6215041,74,581326,9526,3064099,161,54001,9696,3125435,0,46,15178,16343,17042146,13924000,0
2022-02-27,1761,7121996,1373,6216414,52,581378,6276,3070375,102,54103,6385,3131820,0,46,9571,16271.86,17051717,13927193,0
2022-02-28,3767,7125763,3138,6219552,140,581518,13155,3083530,258,54361,13437,3145257,0,46,20482,17129.71,17072199,13934262,0
2022-03-01,2114,7127877,2633,6222185,102,581620,5193,3088723,188,54549,5388,3150645,0,46,10237,15745.71,17082436,13939118,0
2022-03-02,1822,7129699,2449,6224634,107,581727,4148,3092871,211,54760,4370,3155015,0,46,8748,14263.57,17091184,13943507,0
2022-03-03,1928,7131627,2564,6227198,106,581833,3807,3096678,171,54931,3992,3159007,0,46,8590,12917.29,17099774,13948119,0
2022-03-04,2113,7133740,2883,6230081,66,581899,4337,3101015,212,55143,4561,3163568,0,46,9623,11775.57,17109397,13953193,0
2022-03-05,1608,7135348,2128,6232209,43,581942,3321,3104336,119,55262,3443,3167011,0,46,7222,10639,17116619,13956975,0
2022-03-06,793,7136141,881,6233090,30,581972,1627,3105963,54,55316,1685,3168696,0,46,3389,9755.86,17120008,13958683,0
2022-03-07,1658,7137799,1788,6234878,87,582059,3508,3109471,162,55478,3684,3172380,0,46,7217,7860.86,17127225,13962230,0
2022-03-08,1541,7139340,1898,6236776,80,582139,3132,3112603,154,55632,3298,3175678,0,46,6817,7372.29,17134042,13965761,0
2022-03-09,1260,7140600,1684,6238460,80,582219,2596,3115199,129,55761,2731,3178409,0,46,5755,6944.71,17139797,13968791,0
2022-03-10,1408,7142008,2098,6240558,85,582304,2974,3118173,165,55926,3148,3181557,0,46,6739,6680.29,17146536,13972391,0
2022-03-11,1595,7143603,2278,6242836,81,582385,3217,3121390,190,56116,3425,3184982,0,46,7379,6359.71,17153915,13976363,0
2022-03-12,875,7144478,1420,6244256,42,582427,2011,3123401,75,56191,2089,3187071,0,46,4426,5960.29,17158341,13978703,0
2022-03-13,624,7145102,757,6245013,28,582455,1292,3124693,49,56240,1344,3188415,0,46,2753,5869.43,17161094,13980115,0
2022-03-14,1359,7146461,1616,6246629,84,582539,2998,3127691,209,56449,3228,3191643,0,46,6287,5736.57,17167381,13983195,0
2022-03-15,1353,7147814,1924,6248553,63,582602,3072,3130763,236,56685,3316,3194959,0,46,6656,5713.57,17174037,13986543,0
2022-03-16,1395,7149209,2060,6250613,94,582696,3149,3133912,296,56981,3461,3198420,0,46,7010,5892.86,17181047,13990108,0
2022-03-17,1191,7150400,1808,6252421,70,582766,2765,3136677,268,57249,3047,3201467,0,46,6116,5803.86,17187163,13993191,0
2022-03-18,1577,7151977,2223,6254644,79,582845,3780,3140457,423,57672,4209,3205676,1,47,8089,5905.29,17195252,13997076,0
2022-03-19,1102,7153079,1736,6256380,54,582899,2607,3143064,231,57903,2843,3208519,0,47,5735,6092.29,17200987,13999973,0
2022-03-20,604,7153683,630,6257010,33,582932,1470,3144534,186,58089,1660,3210179,0,47,2927,6117.14,17203914,14001244,0
2022-03-21,1412,7155095,1560,6258570,73,583005,3062,3147596,361,58450,3445,3213624,1,48,6491,6146.29,17210405,14004311,0
2022-03-22,1340,7156435,1553,6260123,101,583106,2907,3150503,350,58800,3267,3216891,0,48,6261,6089.86,17216666,14007315,0
2022-03-23,1256,7157691,1360,6261483,66,583172,2924,3153427,375,59175,3309,3220200,0,48,5991,5944.29,17222657,14010007,0
2022-03-24,1207,7158898,1300,6262783,90,583262,2521,3155948,274,59449,2805,3223005,0,48,5402,5842.29,17228059,14012614,0
2022-03-25,1379,7160277,1638,6264421,62,583324,3269,3159217,386,59835,3668,3226673,0,48,6747,5650.57,17234806,14015706,0
2022-03-26,921,7161198,1169,6265590,36,583360,2311,3161528,254,60089,2572,3229245,0,48,4698,5502.43,17239504,14017839,0
2022-03-27,574,7161772,528,6266118,29,583389,1314,3162842,203,60292,1519,3230764,0,48,2650,5462.86,17242154,14018972,0
2022-03-28,1071,7162843,1170,6267288,69,583458,2445,3165287,366,60658,2829,3233593,0,48,5139,5269.71,17247293,14021300,0
2022-03-29,1044,7163887,1107,6268395,84,583542,2515,3167802,885,61543,3421,3237014,1,49,5656,5183.29,17252949,14023555,0
2022-03-30,1236,7165123,1139,6269534,99,583641,3065,3170867,3412,64955,6568,3243582,0,49,9042,5619.14,17261991,14026120,0
2022-03-31,1275,7166398,1251,6270785,58,583699,3163,3174030,5534,70489,8835,3252417,0,49,11420,6478.86,17273411,14028843,0
2022-04-01,1421,7167819,1488,6272273,77,583776,3244,3177274,6926,77415,10326,3262743,0,49,13312,7416.71,17286723,14031985,0
2022-04-02,905,7168724,911,6273184,33,583809,2085,3179359,4540,81955,6722,3269465,0,49,8571,7970,17295294,14033931,0
2022-04-03,553,7169277,491,6273675,28,583837,1219,3180578,3060,85015,4344,3273809,0,49,5416,8365.14,17300710,14035068,0
2022-04-04,1344,7170621,1299,6274974,62,583899,2724,3183302,7722,92737,10603,3284412,0,49,13308,9532.14,17314018,14037930,0
2022-04-05,1289,7171910,1153,6276127,66,583965,2845,3186147,7502,100239,10524,3294936,0,49,13032,10585.86,17327050,14040615,0
2022-04-06,1328,7173238,1174,6277301,61,584026,2628,3188775,6959,107198,9750,3304686,0,49,12313,11053.14,17339363,14043341,0
2022-04-07,1198,7174436,1061,6278362,57,584083,2378,3191153,6628,113826,9154,3313840,1,50,11471,11060.43,17350834,14045805,0
2022-04-08,1471,7175907,1411,6279773,61,584144,3169,3194322,8792,122618,12159,3325999,0,50,15102,11316.14,17365936,14048946,0
2022-04-09,907,7176814,925,6280698,29,584173,2083,3196405,4958,127576,7127,3333126,0,50,8988,11375.71,17374924,14050893,0
2022-04-10,573,7177387,459,6281157,25,584198,1169,3197574,2902,130478,4134,3337260,0,50,5191,11343.57,17380115,14052013,0
2022-04-11,1305,7178692,1224,6282381,61,584259,2652,3200226,7842,138320,10651,3347911,0,50,13241,11334,17393356,14054760,0
2022-04-12,1211,7179903,1054,6283435,73,584332,2517,3202743,7451,145771,10141,3358052,0,50,12479,11255,17405835,14057271,0
2022-04-13,1227,7181130,1074,6284509,60,584392,2511,3205254,7547,153318,10213,3368265,0,50,12574,11292.29,17418409,14059787,0
2022-04-14,1260,7182390,1095,6285604,58,584450,2441,3207695,6597,159915,9167,3377432,1,51,11581,11308,17429990,14062329,0
2022-04-15,1332,7183722,1093,6286697,53,584503,2553,3210248,6634,166549,9321,3386753,0,51,11799,10836.14,17441789,14064941,0
2022-04-16,853,7184575,651,6287348,34,584537,1641,3211889,3693,170242,5401,3392154,0,51,6939,10543.43,17448728,14066546,0
2022-04-17,345,7184920,201,6287549,27,584564,637,3212526,1159,171401,1819,3393973,0,51,2392,10143.57,17451120,14067142,0
2022-04-18,1378,7186298,1113,6288662,82,584646,2581,3215107,6419,177820,9142,3403115,0,51,11715,9925.57,17462835,14069857,0
2022-04-19,1406,7187704,933,6289595,71,584717,2572,3217679,5767,183587,8442,3411557,0,51,10852,9693.14,17473687,14072370,0
2022-04-20,1297,7189001,1150,6290745,66,584783,2711,3220390,6646,190233,9502,3421059,0,51,12015,9613.29,17485702,14075028,0
2022-04-21,1224,7190225,1062,6291807,53,584836,2339,3222729,5402,195635,7859,3428918,1,52,10199,9415.86,17495901,14077485,0
2022-04-22,1230,7191455,1038,6292845,46,584882,2240,3224969,5785,201420,8139,3437057,0,52,10453,9223.57,17506354,14079913,0
2022-04-23,711,7192166,751,6293596,59,584941,1428,3226397,3352,204772,4847,3441904,0,52,6368,9142,17512722,14081501,0
2022-04-24,445,7192611,344,6293940,27,584968,812,3227209,1845,206617,2690,3444594,0,52,3506,9301.14,17516228,14082350,0
2022-04-25,1037,7193648,916,6294856,64,585032,1849,3229058,5094,211711,7057,3451651,0,52,9075,8924,17525303,14084482,0
2022-04-26,947,7194595,856,6295712,76,585108,1748,3230806,4695,216406,6539,3458190,0,52,8418,8576.29,17533721,14086457,0
2022-04-27,1034,7195629,1020,6296732,80,585188,1924,3232730,5218,221624,7264,3465454,0,52,9398,8202.43,17543119,14088713,0
2022-04-28,1080,7196709,986,6297718,50,585238,2007,3234737,4747,226371,6868,3472322,1,53,8986,8029.14,17552105,14090944,0
2022-04-29,1172,7197881,1102,6298820,60,585298,2157,3236894,5439,231810,7712,3480034,0,53,10046,7971,17562151,14093394,0
2022-04-30,724,7198605,743,6299563,50,585348,1391,3238285,2967,234777,4405,3484439,0,53,5922,7907.29,17568073,14094958,0
2022-05-01,445,7199050,366,6299929,20,585368,766,3239051,1656,236433,2454,3486893,0,53,3285,7875.71,17571358,14095821,0
2022-05-02,1045,7200095,789,6300718,52,585420,1674,3240725,3821,240254,5566,3492459,2,55,7453,7644,17578811,14097777,0
2022-05-03,1117,7201212,864,6301582,61,585481,1993,3242718,4871,245125,6962,3499421,0,55,9004,7727.71,17587815,14099917,0
2022-05-04,1003,7202215,882,6302464,48,585529,1924,3244642,4681,249806,6698,3506119,0,55,8631,7618.14,17596446,14101943,0
2022-05-05,1070,7203285,952,6303416,86,585615,1928,3246570,4888,254694,6916,3513035,0,55,9024,7623.57,17605470,14104151,0
2022-05-06,1095,7204380,956,6304372,51,585666,1858,3248428,4400,259094,6338,3519373,2,57,8440,7394.14,17613910,14106331,0
2022-05-07,659,7205039,590,6304962,32,585698,1205,3249633,2434,261528,3680,3523053,1,58,4961,7256.86,17618871,14107652,0
2022-05-08,411,7205450,243,6305205,17,585715,664,3250297,1389,262917,2075,3525128,0,58,2746,7179.86,17621617,14108345,0
2022-05-09,1076,7206526,945,6306150,60,585775,1892,3252189,4437,267354,6423,3531551,0,58,8504,7330,17630121,14110520,0
2022-05-10,1093,7207619,928,6307078,54,585829,1977,3254166,4722,272076,6809,3538360,0,58,8884,7312.86,17639005,14112705,0
2022-05-11,1084,7208703,972,6308050,44,585873,1940,3256106,4843,276919,6887,3545247,0,58,8987,7363.71,17647992,14114909,0
2022-05-12,1099,7209802,949,6308999,60,585933,2001,3258107,4668,281587,6770,3552017,0,58,8878,7342.86,17656870,14117118,0
2022-05-13,1153,7210955,1038,6310037,44,585977,2074,3260181,4809,286396,6977,3558994,0,58,9212,7453.14,17666082,14119447,0
2022-05-14,827,7211782,671,6310708,31,586008,1468,3261649,2964,289360,4474,3563468,0,58,6003,7602,17672085,14121018,0
2022-05-15,508,7212290,355,6311063,22,586030,924,3262573,1650,291010,2600,3566068,0,58,3485,7707.57,17675570,14121929,0
2022-05-16,1223,7213513,855,6311918,62,586092,1831,3264404,3870,294880,5765,3571833,1,59,7906,7622.14,17683476,14124133,0
2022-05-17,1282,7214795,933,6312851,79,586171,2046,3266450,4898,299778,7039,3578872,1,60,9334,7686.43,17692810,14126522,0
2022-05-18,1234,7216029,898,6313749,82,586253,2062,3268512,4947,304725,7123,3585995,1,61,9338,7736.57,17702148,14128850,0
2022-05-19,1157,7217186,880,6314629,36,586289,2118,3270630,4733,309458,6937,3592932,0,61,9010,7755.43,17711158,14131009,0
2022-05-20,1196,7218382,960,6315589,73,586362,2370,3273000,5212,314670,7693,3600625,1,62,9925,7857.29,17721083,14133351,0
2022-05-21,831,7219213,647,6316236,23,586385,1726,3274726,3312,317982,5099,3605724,0,62,6600,7942.57,17727683,14134913,0
2022-05-22,506,7219719,292,6316528,22,586407,1136,3275862,1840,319822,3010,3608734,0,62,3830,7991.86,17731513,14135767,0
2022-05-23,1216,7220935,884,6317412,52,586459,2190,3278052,4710,324532,7002,3615736,1,63,9155,8170.29,17740668,14138021,0
2022-05-24,1403,7222338,934,6318346,66,586525,2306,3280358,4494,329026,6905,3622641,0,63,9309,8166.71,17749977,14140530,0
2022-05-25,1410,7223748,956,6319302,56,586581,2265,3282623,4275,333301,6641,3629282,0,63,9064,8127.57,17759041,14143054,0
2022-05-26,1166,7224914,890,6320192,60,586641,2273,3284896,4156,337457,6497,3635779,1,64,8615,8071.14,17767656,14145239,0
2022-05-27,1244,7226158,956,6321148,38,586679,2495,3287391,3925,341382,6499,3642278,0,64,8738,7901.57,17776394,14147557,0
2022-05-28,710,7226868,516,6321664,19,586698,1784,3289175,2065,343447,3891,3646169,0,64,5136,7692.43,17781530,14148844,0
2022-05-29,472,7227340,216,6321880,11,586709,760,3289935,1126,344573,1906,3648075,0,64,2605,7517.43,17784135,14149563,0
2022-05-30,91,7227431,62,6321942,6,586715,138,3290073,144,344717,284,3648359,2,66,445,6273.14,17784580,14149724,0
2022-05-31,1135,7228566,918,6322860,51,586766,1901,3291974,3053,347770,5016,3653375,0,66,7120,5960.43,17791700,14151890,0
2022-06-01,1152,7229718,850,6323710,63,586829,1969,3293943,3434,351204,5478,3658853,0,66,7543,5743.14,17799243,14154030,0
2022-06-02,1026,7230744,799,6324509,72,586901,1827,3295770,3178,354382,5067,3663920,0,66,6964,5507.29,17806207,14155989,0
2022-06-03,1155,7231899,894,6325403,47,586948,2072,3297842,3494,357876,5636,3669556,0,66,7732,5363.57,17813939,14158155,0
2022-06-04,721,7232620,584,6325987,26,586974,1559,3299401,1907,359783,3502,3673058,0,66,4835,5320.57,17818774,14159524,0
2022-06-05,447,7233067,297,6326284,1,586975,881,3300282,981,360764,1871,3674929,0,66,2616,5322.14,17821390,14160278,0
2022-06-06,1121,7234188,828,6327112,64,587039,1757,3302039,2747,363511,4555,3679484,0,66,6568,6196.86,17827958,14162342,0
2022-06-07,1016,7235204,773,6327885,70,587109,1797,3303836,2568,366079,4413,3683897,0,66,6273,6075.86,17834231,14164250,0
2022-06-08,1090,7236294,835,6328720,75,587184,1877,3305713,2753,368832,4693,3688590,1,67,6693,5954.43,17840924,14166312,0
2022-06-09,1138,7237432,839,6329559,62,587246,2230,3307943,2693,371525,4975,3693565,0,67,7014,5961.57,17847938,14168403,0
2022-06-10,1045,7238477,816,6330375,75,587321,1882,3309825,2832,374357,4771,3698336,0,67,6707,5815.14,17854645,14170396,0
2022-06-11,678,7239155,507,6330882,25,587346,1333,3311158,1505,375862,2865,3701201,0,67,4075,5706.57,17858720,14171633,0
2022-06-12,349,7239504,287,6331169,21,587367,876,3312034,775,376637,1661,3702862,0,67,2318,5664,17861038,14172300,0
2022-06-13,1027,7240531,768,6331937,62,587429,1581,3313615,2189,378826,3810,3706672,0,67,5668,5535.43,17866706,14174198,0
2022-06-14,973,7241504,833,6332770,64,587493,1693,3315308,2505,381331,4261,3710933,0,67,6131,5515.14,17872837,14176131,0
2022-06-15,969,7242473,865,6333635,39,587532,1666,3316974,2427,383758,4153,3715086,0,67,6026,5419.86,17878863,14178064,0
2022-06-16,960,7243433,776,6334411,59,587591,1835,3318809,2366,386124,4257,3719343,1,68,6052,5282.43,17884915,14179914,0
2022-06-17,898,7244331,797,6335208,48,587639,1771,3320580,2406,388530,4223,3723566,1,69,5968,5176.86,17890883,14181704,0
2022-06-18,659,7244990,522,6335730,26,587665,1284,3321864,1297,389827,2610,3726176,2,71,3817,5140,17894700,14182938,0
2022-06-19,346,7245336,231,6335961,16,587681,728,3322592,611,390438,1351,3727527,0,71,1944,5086.57,17896644,14183543,0
2022-06-20,828,7246164,489,6336450,41,587722,1581,3324173,1611,392049,3231,3730758,0,71,4589,4932.43,17901233,14184940,0
2022-06-21,1130,7247294,739,6337189,49,587771,1703,3325876,2143,394192,3902,3734660,0,71,5822,4888.29,17907055,14186916,0
2022-06-22,1956,7249250,836,6338025,46,587817,1710,3327586,1996,396188,3750,3738410,0,71,6588,4968.57,17913643,14189798,0
2022-06-23,2117,7251367,763,6338788,66,587883,1702,3329288,2159,398347,3913,3742323,0,71,6859,5083.86,17920502,14192796,0
2022-06-24,2167,7253534,761,6339549,48,587931,1623,3330911,2159,400506,3830,3746153,0,71,6806,5203.57,17927308,14195820,0
2022-06-25,2138,7255672,496,6340045,15,587946,1237,3332148,1143,401649,2396,3748549,0,71,5048,5379.43,17932356,14198488,0
2022-06-26,1209,7256881,248,6340293,14,587960,687,3332835,531,402180,1224,3749773,0,71,2695,5486.71,17935051,14199965,0
2022-06-27,1531,7258412,655,6340948,60,588020,1473,3334308,1654,403834,3168,3752941,0,71,5415,5604.71,17940466,14202253,0
2022-06-28,1688,7260100,829,6341777,57,588077,1866,3336174,2144,405978,4055,3756996,0,71,6629,5720,17947095,14204872,0
2022-06-29,1857,7261957,777,6342554,48,588125,1718,3337892,1928,407906,3686,3760682,0,71,6368,5688.57,17953463,14207594,0
2022-06-30,1866,7263823,807,6343361,46,588171,1735,3339627,2134,410040,3913,3764595,0,71,6632,5656.14,17960095,14210357,0
2022-07-01,1607,7265430,597,6343958,26,588197,1399,3341026,1728,411768,3160,3767755,0,71,5390,5453.86,17965485,14212620,0
2022-07-02,979,7266409,390,6344348,19,588216,841,3341867,940,412708,1799,3769554,1,72,3187,5188,17968672,14214025,0
2022-07-03,529,7266938,205,6344553,7,588223,461,3342328,486,413194,950,3770504,0,72,1691,5044.57,17970363,14214769,0
2022-07-04,36,7266974,25,6344578,1,588224,31,3342359,38,413232,69,3770573,0,72,131,4289.71,17970494,14214831,0
2022-07-05,1296,7268270,757,6345335,35,588259,1406,3343765,1739,414971,3175,3773748,0,72,5263,4094.57,17975757,14216949,0
2022-07-06,1612,7269882,677,6346012,44,588303,1443,3345208,1844,416815,3329,3777077,0,72,5662,3993.71,17981419,14219324,0
2022-07-07,1591,7271473,713,6346725,48,588351,1528,3346736,2001,418816,3568,3780645,0,72,5920,3892,17987339,14221715,0
2022-07-08,1634,7273107,651,6347376,37,588388,1474,3348210,1981,420797,3504,3784149,0,72,5827,3954.43,17993166,14224087,0
2022-07-09,985,7274092,435,6347811,26,588414,884,3349094,1347,422144,2262,3786411,0,72,3708,4028.86,17996874,14225564,0
2022-07-10,637,7274729,187,6347998,17,588431,430,3349524,659,422803,1099,3787510,0,72,1940,4064.43,17998814,14226415,0
2022-07-11,1395,7276124,634,6348632,49,588480,1446,3350970,2211,425014,3693,3791203,0,72,5771,4870.14,18004585,14228529,0
2022-07-12,1407,7277531,687,6349319,45,588525,1405,3352375,2513,427527,3993,3795196,0,72,6132,4994.29,18010717,14230743,0
2022-07-13,1614,7279145,725,6350044,37,588562,1525,3353900,2841,430368,4431,3799627,0,72,6807,5157.86,18017524,14233184,0
2022-07-14,1588,7280733,842,6350886,47,588609,1605,3355505,3063,433431,4746,3804373,0,72,7224,5344.14,18024748,14235740,0
2022-07-15,1615,7282348,937,6351823,47,588656,1578,3357083,3057,436488,4695,3809068,0,72,7294,5553.71,18032042,14238399,0
2022-07-16,881,7283229,587,6352410,9,588665,985,3358068,1701,438189,2716,3811784,1,73,4194,5623.14,18036236,14239906,0
2022-07-17,550,7283779,289,6352699,16,588681,527,3358595,1168,439357,1719,3813503,0,73,2574,5713.71,18038810,14240785,0
2022-07-18,1404,7285183,844,6353543,45,588726,1429,3360024,2465,441822,3951,3817454,0,73,6244,5781.29,18045054,14243135,0
2022-07-19,1439,7286622,976,6354519,51,588777,1542,3361566,2805,444627,4439,3821893,0,73,6905,5891.71,18051959,14245693,0
2022-07-20,1381,7288003,1485,6356004,50,588827,1353,3362919,2393,447020,3810,3825703,0,73,6727,5880.29,18058686,14248674,0
2022-07-21,1333,7289336,1436,6357440,50,588877,1397,3364316,2362,449382,3808,3829511,0,73,6627,5795,18065313,14251542,0
2022-07-22,1428,7290764,1569,6359009,42,588919,1561,3365877,2859,452241,4503,3834014,0,73,7542,5830.43,18072855,14254664,0
2022-07-23,907,7291671,1102,6360111,17,588936,998,3366875,1554,453795,2588,3836602,3,76,4617,5890.86,18077472,14256726,0
2022-07-24,483,7292154,642,6360753,14,588950,504,3367379,805,454600,1317,3837919,0,76,2457,5874.14,18079929,14257874,0
2022-07-25,1230,7293384,765,6361518,59,589009,1263,3368642,2065,456665,3381,3841300,0,76,5435,5758.57,18085364,14259981,0
2022-07-26,1234,7294618,1024,6362542,41,589050,1478,3370120,2445,459110,3981,3845281,0,76,6280,5669.29,18091644,14262338,0
2022-07-27,1319,7295937,1278,6363820,42,589092,1395,3371515,2191,461301,3648,3848929,3,79,6291,5607,18097935,14265040,0
2022-07-28,1312,7297249,1424,6365244,72,589164,1424,3372939,2217,463518,3691,3852620,1,80,6500,5588.86,18104435,14267898,0
2022-07-29,1318,7298567,1431,6366675,64,589228,1359,3374298,2161,465679,3563,3856183,0,80,6376,5422.29,18110811,14270754,0
2022-07-30,738,7299305,720,6367395,25,589253,795,3375093,961,466640,1778,3857961,0,80,3264,5229,18114075,14272262,0
2022-07-31,422,7299727,590,6367985,14,589267,488,3375581,571,467211,1065,3859026,0,80,2091,5176.71,18116166,14273294,0
2022-08-01,1245,7300972,913,6368898,55,589322,1334,3376915,1510,468721,2890,3861916,1,81,5104,5129.43,18121270,14275553,0
2022-08-02,1229,7302201,1015,6369913,73,589395,1349,3378264,1601,470322,2996,3864912,0,81,5313,4991.29,18126583,14277916,0
2022-08-03,1263,7303464,1189,6371102,41,589436,1344,3379608,1532,471854,2916,3867828,1,82,5410,4865.43,18131993,14280449,0
2022-08-04,1190,7304654,1188,6372290,58,589494,1288,3380896,1459,473313,2778,3870606,0,82,5214,4681.71,18137207,14282916,0
2022-08-05,1315,7305969,1452,6373742,49,589543,1316,3382212,1442,474755,2782,3873388,0,82,5598,4570.57,18142805,14285756,0
2022-08-06,696,7306665,844,6374586,14,589557,765,3382977,778,475533,1568,3874956,0,82,3123,4550.43,18145928,14287336,0
2022-08-07,390,7307055,454,6375040,14,589571,427,3383404,358,475891,796,3875752,0,82,1654,4488,18147582,14288205,0
2022-08-08,1193,7308248,934,6375974,70,589641,1279,3384683,1185,477076,2494,3878246,0,82,4691,4429,18152273,14290432,0
2022-08-09,1134,7309382,890,6376864,38,589679,1233,3385916,1163,478239,2428,3880674,1,83,4491,4311.57,18156764,14292526,0
2022-08-10,1222,7310604,1115,6377979,59,589738,1261,3387177,1247,479486,2543,3883217,0,83,4939,4244.29,18161703,14294957,0
2022-08-11,1279,7311883,1071,6379050,84,589822,1212,3388389,1280,480766,2530,3885747,0,83,4964,4208.57,18166667,14297429,0
2022-08-12,1293,7313176,1411,6380461,55,589877,1269,3389658,1249,482015,2550,3888297,0,83,5309,4167.29,18171976,14300220,0
2022-08-13,755,7313931,789,6381250,15,589892,764,3390422,634,482649,1416,3889713,0,83,2975,4146.14,18174951,14301797,0
2022-08-14,468,7314399,477,6381727,20,589912,406,3390828,282,482931,691,3890404,0,83,1656,4146.43,18176607,14302765,0
2022-08-15,1247,7315646,1066,6382793,60,589972,1318,3392146,992,483923,2351,3892755,1,84,4725,4151.29,18181332,14305179,0
2022-08-16,1306,7316952,869,6383662,50,590022,1370,3393516,1078,485001,2480,3895235,0,84,4706,4182,18186038,14307437,0
2022-08-17,1212,7318164,959,6384621,39,590061,1236,3394752,1005,486006,2280,3897515,1,85,4491,4118,18190529,14309686,0
2022-08-18,1168,7319332,944,6385565,45,590106,1269,3396021,949,486955,2243,3899758,0,85,4400,4037.43,18194929,14311868,0
2022-08-19,1254,7320586,1136,6386701,34,590140,1121,3397142,978,487933,2130,3901888,6,91,4560,3930.43,18199489,14314323,0
2022-08-20,591,7321177,493,6387194,16,590156,635,3397777,516,488449,1164,3903052,1,92,2265,3829,18201754,14315436,0
2022-08-21,358,7321535,243,6387437,9,590165,382,3398159,267,488716,652,3903704,0,92,1262,3772.71,18203016,14316049,0
2022-08-22,1221,7322756,923,6388360,40,590205,1238,3399397,889,489605,2154,3905858,0,92,4338,3717.43,18207354,14318260,0
2022-08-23,1239,7323995,1049,6389409,48,590253,1383,3400780,962,490567,2373,3908231,3,95,4712,3718.29,18212066,14320624,0
2022-08-24,1265,7325260,1016,6390425,29,590282,1296,3402076,820,491387,2143,3910374,0,95,4454,3713,18216520,14322962,0
2022-08-25,1220,7326480,995,6391420,66,590348,1192,3403268,813,492200,2021,3912395,4,99,4305,3699.43,18220825,14325258,0
2022-08-26,1187,7327667,1179,6392599,56,590404,1194,3404462,780,492980,1995,3914390,1,100,4417,3679,18225242,14327700,0
2022-08-27,695,7328362,542,6393141,14,590418,685,3405147,404,493384,1102,3915492,4,104,2357,3692.14,18227599,14328964,0
2022-08-28,377,7328739,240,6393381,10,590428,442,3405589,228,493612,673,3916165,0,104,1300,3697.57,18228899,14329594,0
2022-08-29,1253,7329992,982,6394363,41,590469,1230,3406819,689,494301,1940,3918105,0,104,4217,3680.29,18233116,14331892,0
2022-08-30,1267,7331259,942,6395305,36,590505,1273,3408092,766,495067,2070,3920175,2,106,4317,3623.86,18237433,14334168,0
2022-08-31,1153,7332412,1014,6396319,43,590548,1105,3409197,573,495640,1699,3921874,0,106,3910,3546.14,18241343,14336400,0
2022-09-01,1027,7333439,963,6397282,51,590599,810,3410007,456,496096,1280,3923154,5,111,3327,3406.43,18244670,14338456,0
2022-09-02,977,7334416,1021,6398303,32,590631,595,3410602,175,496271,777,3923931,92,203,2884,3187.43,18247554,14340478,0
2022-09-03,532,7334948,450,6398753,12,590643,370,3410972,50,496321,424,3924355,314,517,1683,3091.14,18249237,14341427,0
2022-09-04,252,7335200,212,6398965,10,590653,189,3411161,25,496346,216,3924571,312,829,959,3042.43,18250196,14341860,0
2022-09-05,78,7335278,71,6399036,7,590660,44,3411205,16,496362,61,3924632,9,838,226,2472.29,18250422,14342017,0
2022-09-06,1129,7336407,1228,6400264,51,590711,637,3411842,130,496492,776,3925408,1269,2107,4234,2460.43,18254656,14344215,0
2022-09-07,1474,7337881,1380,6401644,38,590749,485,3412327,156,496648,661,3926069,6445,8552,9120,3204.71,18263776,14346249,0
2022-09-08,1521,7339402,1196,6402840,36,590785,253,3412580,111,496759,380,3926449,7795,16347,9815,4131.57,18273591,14347905,0
2022-09-09,1550,7340952,1611,6404451,49,590834,285,3412865,122,496881,438,3926887,9888,26235,12371,5486.86,18285962,14349981,0
2022-09-10,844,7341796,838,6405289,12,590846,270,3413135,45,496926,328,3927215,5317,31552,6758,6211.86,18292720,14351107,0
2022-09-11,494,7342290,441,6405730,11,590857,86,3413221,30,496956,125,3927340,3941,35493,4529,6721.86,18297249,14351579,0
2022-09-12,1671,7343961,1437,6407167,39,590896,206,3413427,92,497048,332,3927672,11657,47150,13539,8623.71,18310788,14353163,0
2022-09-13,1398,7345359,1271,6408438,33,590929,221,3413648,118,497166,388,3928060,9734,56884,11738,9695.71,18322526,14354828,0
2022-09-14,1409,7346768,1271,6409709,32,590961,226,3413874,125,497291,390,3928450,11027,67911,13076,10260.86,18335602,14356526,0
2022-09-15,1560,7348328,1280,6410989,23,590984,227,3414101,109,497400,371,3928821,12084,79995,14107,10874,18349709,14358213,0
2022-09-16,1683,7350011,1630,6412619,27,591011,270,3414371,157,497557,482,3929303,13805,93800,16266,11430.43,18365975,14360247,0
2022-09-17,800,7350811,867,6413486,12,591023,275,3414646,78,497635,376,3929679,7003,100803,8412,11666.71,18374387,14361303,0
2022-09-18,519,7351330,410,6413896,7,591030,74,3414720,26,497661,113,3929792,4483,105286,4975,11730.43,18379362,14361695,0
2022-09-19,1549,7352879,1325,6415221,29,591059,227,3414947,98,497759,351,3930143,13810,119096,15514,12012.57,18394876,14363074,0
2022-09-20,1439,7354318,1250,6416471,27,591086,223,3415170,90,497849,360,3930503,13214,132310,15016,12480.86,18409892,14364563,0
2022-09-21,1665,7355983,1351,6417822,31,591117,259,3415429,131,497980,424,3930927,14940,147250,16845,13019.29,18426737,14366078,0
2022-09-22,1470,7357453,1261,6419083,28,591145,174,3415603,139,498119,357,3931284,13231,160481,15050,13154,18441787,14367584,0
2022-09-23,1735,7359188,1647,6420730,24,591169,252,3415855,145,498264,460,3931744,16945,177426,19247,13579.86,18461034,14369489,0
2022-09-24,799,7359987,887,6421617,8,591177,272,3416127,68,498332,359,3932103,7504,184930,8853,13642.86,18469887,14370498,0
2022-09-25,484,7360471,391,6422008,1,591178,72,3416199,47,498379,128,3932231,4508,189438,4995,13645.71,18474882,14370866,0
2022-09-26,1570,7362041,1244,6423252,16,591194,290,3416489,144,498523,492,3932723,15010,204448,16709,13816.43,18491591,14372131,0
2022-09-27,1532,7363573,1309,6424561,26,591220,283,3416772,174,498697,493,3933216,14157,218605,16150,13978.43,18507741,14373667,0
2022-09-28,1619,7365192,1299,6425860,18,591238,190,3416962,186,498883,430,3933646,15511,234116,17288,14041.71,18525029,14375068,0
2022-09-29,1678,7366870,1298,6427158,19,591257,179,3417141,96,498979,312,3933958,15376,249492,17224,14352.29,18542253,14376641,0
2022-09-30,1638,7368508,1553,6428711,13,591270,182,3417323,177,499156,405,3934363,16484,265976,18652,14267.29,18560905,14378450,0
2022-10-01,719,7369227,669,6429380,5,591275,138,3417461,34,499190,181,3934544,7052,273028,7941,14137,18568846,14379167,0
2022-10-02,511,7369738,428,6429808,5,591280,48,3417509,45,499235,107,3934651,4428,277456,4838,14114.57,18573684,14379484,0
2022-10-03,1551,7371289,1189,6430997,23,591303,156,3417665,113,499348,316,3934967,14571,292027,15975,14009.71,18589659,14380619,0
2022-10-04,1381,7372670,1157,6432154,15,591318,149,3417814,121,499469,298,3935265,13403,305430,14797,13816.43,18604456,14381743,0
2022-10-05,1590,7374260,1284,6433438,17,591335,283,3418097,164,499633,500,3935765,14866,320296,16691,13731.14,18621147,14383121,0
2022-10-06,1486,7375746,1249,6434687,19,591354,166,3418263,160,499793,385,3936150,14956,335252,16618,13644.57,18637765,14384457,0
2022-10-07,1662,7377408,1427,6436114,15,591369,171,3418434,135,499928,367,3936517,17110,352362,19071,13704.43,18656836,14386112,0
2022-10-08,762,7378170,680,6436794,4,591373,146,3418580,62,499990,225,3936742,7712,360074,8640,13804.29,18665476,14386832,0
2022-10-09,487,7378657,408,6437202,5,591378,47,3418627,55,500045,120,3936862,4693,364767,5118,13844.29,18670594,14387155,0
2022-10-10,1544,7380201,1251,6438453,14,591392,174,3418801,120,500165,333,3937195,15206,379973,16509,13920.57,18687103,14388164,0
2022-10-11,1637,7381838,1101,6439554,19,591411,178,3418979,154,500319,388,3937583,14320,394293,15854,14071.57,18702957,14389366,0
2022-10-12,1864,7383702,1321,6440875,17,591428,134,3419113,186,500505,387,3937970,16280,410573,17884,14242,18720841,14390650,0
2022-10-13,1614,7385316,1150,6442025,28,591456,135,3419248,201,500706,407,3938377,14038,424611,15575,14093,18736416,14391851,0
2022-10-14,1813,7387129,1539,6443564,25,591481,130,3419378,181,500887,364,3938741,17208,441819,19191,14110.14,18755607,14393523,0
2022-10-15,766,7387895,638,6444202,9,591490,90,3419468,68,500955,179,3938920,7615,449434,8472,14086.14,18764079,14394222,0
2022-10-16,564,7388459,410,6444612,3,591493,25,3419493,65,501020,121,3939041,4725,454159,5168,14093.29,18769247,14394575,0
2022-10-17,1814,7390273,1250,6445862,18,591511,83,3419576,116,501136,236,3939277,16074,470233,17395,14219.86,18786642,14395697,0
2022-10-18,1683,7391956,1170,6447032,20,591531,100,3419676,135,501271,282,3939559,14640,484873,16012,14242.43,18802654,14396834,0
2022-10-19,2085,7394041,1329,6448361,21,591552,84,3419760,142,501413,289,3939848,16231,501104,17703,14216.57,18820357,14398080,0
2022-10-20,1686,7395727,1166,6449527,11,591563,88,3419848,147,501560,302,3940150,15402,516506,16850,14398.71,18837207,14399293,0
2022-10-21,1803,7397530,1344,6450871,12,591575,93,3419941,150,501710,298,3940448,16737,533243,18406,14286.57,18855613,14400719,0
2022-10-22,742,7398272,668,6451539,9,591584,44,3419985,46,501756,100,3940548,7690,540933,8419,14279,18864032,14401358,0
2022-10-23,519,7398791,370,6451909,3,591587,21,3420006,39,501795,69,3940617,4803,545736,5080,14266.43,18869112,14401575,0
2022-10-24,1743,7400534,1207,6453116,19,591606,70,3420076,112,501907,224,3940841,15559,561295,16846,14188,18885958,14402680,0
2022-10-25,1661,7402195,1187,6454303,12,591618,96,3420172,109,502016,234,3941075,15043,576338,16350,14236.29,18902308,14403782,0
2022-10-26,1853,7404048,1330,6455633,11,591629,90,3420262,168,502184,334,3941409,16817,593155,18286,14319.57,18920594,14404993,0
2022-10-27,1581,7405629,1074,6456707,13,591642,91,3420353,128,502312,272,3941681,15114,608269,16413,14257.14,18937007,14406073,0
2022-10-28,1699,7407328,1424,6458131,17,591659,107,3420460,153,502465,319,3942000,16761,625030,18575,14281.29,18955582,14407627,0
2022-10-29,696,7408024,544,6458675,9,591668,69,3420529,57,502522,140,3942140,7745,632775,8415,14280.71,18963997,14408171,0
2022-10-30,521,7408545,305,6458980,3,591671,19,3420548,57,502579,92,3942232,4491,637266,4779,14237.71,18968776,14408383,0
2022-10-31,1675,7410220,1105,6460085,8,591679,47,3420595,126,502705,217,3942449,14593,651859,15538,14050.86,18984314,14409155,0
2022-11-01,1665,7411885,1021,6461106,18,591697,78,3420673,127,502832,237,3942686,13622,665481,14938,13849.14,18999252,14410266,0
2022-11-02,1735,7413620,1122,6462228,17,591714,91,3420764,122,502954,255,3942941,14874,680355,16145,13543.29,19015397,14411324,0
2022-11-03,1421,7415041,1032,6463260,14,591728,84,3420848,167,503121,328,3943269,12621,692976,13901,13184.43,19029298,14412353,0
2022-11-04,1739,7416780,1218,6464478,14,591742,101,3420949,140,503261,275,3943544,15432,708408,17030,12963.71,19046328,14413710,0
2022-11-05,824,7417604,529,6465007,6,591748,65,3421014,82,503343,161,3943705,7043,715451,7755,12869.43,19054083,14414275,0
2022-11-06,408,7418012,329,6465336,4,591752,20,3421034,49,503392,106,3943811,4071,719522,4410,12816.71,19058493,14414545,0
2022-11-07,1639,7419651,1068,6466404,14,591766,74,3421108,101,503493,212,3944023,13220,732742,14381,12651.43,19072874,14415531,0
2022-11-08,1531,7421182,1009,6467413,8,591774,97,3421205,132,503625,270,3944293,12065,744807,13329,12421.57,19086203,14416566,0
2022-11-09,1571,7422753,1057,6468470,9,591783,85,3421290,114,503739,246,3944539,12191,756998,13455,12037.29,19099658,14417631,0
2022-11-10,1485,7424238,1010,6469480,14,591797,73,3421363,147,503886,276,3944815,12349,769347,13625,11997.86,19113283,14418687,0
2022-11-11,1502,7425740,1076,6470556,11,591808,101,3421464,102,503988,224,3945039,12875,782222,14304,11608.43,19127587,14419913,0
2022-11-12,672,7426412,513,6471069,2,591810,57,3421521,61,504049,128,3945167,6430,788652,7049,11507.57,19134636,14420414,0
2022-11-13,496,7426908,340,6471409,4,591814,15,3421536,68,504117,98,3945265,3893,792545,4210,11479,19138846,14420648,0
2022-11-14,1443,7428351,1025,6472434,19,591833,59,3421595,114,504231,204,3945469,11628,804173,12742,11244.86,19151588,14421589,0
2022-11-15,1488,7429839,999,6473433,15,591848,103,3421698,164,504395,293,3945762,11272,815445,12651,11148,19164239,14422701,0
2022-11-16,1599,7431438,1034,6474467,21,591869,66,3421764,146,504541,248,3946010,11560,827005,12807,11055.43,19177046,14423736,0
2022-11-17,1420,7432858,975,6475442,10,591879,72,3421836,189,504730,302,3946312,10538,837543,11866,10804.14,19188912,14424803,0
2022-11-18,1583,7434441,1103,6476545,12,591891,68,3421904,118,504848,216,3946528,12405,849948,13996,10760.14,19202908,14426208,0
2022-11-19,677,7435118,436,6476981,4,591895,57,3421961,63,504911,129,3946657,5911,855859,6568,10691.43,19209476,14426745,0
2022-11-20,476,7435594,306,6477287,4,591899,12,3421973,35,504946,64,3946721,3538,859397,3838,10638.29,19213314,14426998,0
2022-11-21,1519,7437113,920,6478207,4,591903,51,3422024,81,505027,149,3946870,10395,869792,11371,10442.43,19224685,14427842,0
2022-11-22,1270,7438383,816,6479023,7,591910,53,3422077,92,505119,163,3947033,9262,879054,10287,10104.71,19234972,14428722,0
2022-11-23,1290,7439673,733,6479756,11,591921,65,3422142,80,505199,171,3947204,8670,887724,9610,9648,19244582,14429517,0
2022-11-24,18,7439691,10,6479766,2,591923,0,3422142,6,505205,8,3947212,112,887836,137,7972.43,19244719,14429536,0
2022-11-25,681,7440372,475,6480241,14,591937,37,3422179,55,505260,111,3947323,5682,893518,6419,6890,19251138,14430181,0
2022-11-26,591,7440963,378,6480619,2,591939,15,3422194,43,505303,62,3947385,4895,898413,5330,6713.14,19256468,14430558,0
2022-11-27,397,7441360,219,6480838,1,591940,11,3422205,23,505326,49,3947434,3170,901583,3351,6643.57,19259819,14430705,0
2022-11-28,949,7442309,698,6481536,10,591950,58,3422263,64,505390,143,3947577,6946,908529,7913,6149.57,19267732,14431550,0
2022-11-29,927,7443236,708,6482244,8,591958,46,3422309,73,505463,145,3947722,6930,915459,7968,5818.29,19275700,14432469,0
2022-11-30,1213,7444449,865,6483109,16,591974,50,3422359,54,505517,123,3947845,8725,924184,9731,5835.57,19285431,14433371,0
2022-12-01,1129,7445578,767,6483876,13,591987,61,3422420,96,505613,183,3948028,8468,932652,9537,7178.43,19294968,14434283,0
2022-12-02,1315,7446893,974,6484850,14,592001,70,3422490,105,505718,195,3948223,10211,942863,11538,7909.71,19306506,14435435,0
2022-12-03,615,7447508,422,6485272,12,592013,42,3422532,42,505760,87,3948310,4949,947812,5475,7930.43,19311981,14435877,0
2022-12-04,418,7447926,284,6485556,4,592017,7,3422539,26,505786,40,3948350,3268,951080,3495,7951,19315476,14436071,0
2022-12-05,1161,7449087,769,6486325,15,592032,62,3422601,71,505857,149,3948499,8603,959683,9613,8193.86,19325089,14436948,0
2022-12-06,1164,7450251,764,6487089,13,592045,69,3422670,89,505946,176,3948675,8128,967811,9126,8359.29,19334215,14437788,0
2022-12-07,1207,7451458,752,6487841,12,592057,62,3422732,81,506027,163,3948838,8296,976107,9314,8299.71,19343529,14438663,0
2022-12-08,1102,7452560,740,6488581,14,592071,69,3422801,77,506104,166,3949004,8670,984777,9700,8323,19353229,14439547,0
2022-12-09,1233,7453793,971,6489552,13,592084,81,3422882,103,506207,210,3949214,10404,995181,11770,8356.14,19364999,14440729,0
2022-12-10,678,7454471,461,6490013,7,592091,36,3422918,74,506281,128,3949342,6146,1001327,6714,8533.14,19371713,14441187,0
2022-12-11,432,7454903,263,6490276,4,592095,11,3422929,35,506316,56,3949398,3683,1005010,3885,8588.86,19375598,14441343,0
2022-12-12,1334,7456237,804,6491080,19,592114,78,3423007,105,506421,209,3949607,9969,1014979,11016,8789.29,19386614,14442207,0
2022-12-13,1276,7457513,845,6491925,17,592131,54,3423061,101,506522,190,3949797,9695,1024674,10752,9021.57,19397366,14443109,0
2022-12-14,1193,7458706,831,6492756,12,592143,67,3423128,99,506621,193,3949990,9633,1034307,10613,9207.14,19407979,14443923,0
2022-12-15,1191,7459897,697,6493453,11,592154,62,3423190,109,506730,186,3950176,8445,1042752,9415,9166.43,19417394,14444722,0
2022-12-16,1202,7461099,807,6494260,12,592166,69,3423259,126,506856,217,3950393,9359,1052111,10534,8989.86,19427928,14445702,0
2022-12-17,652,7461751,463,6494723,8,592174,31,3423290,36,506892,80,3950473,5831,1057942,6305,8931.43,19434233,14446109,0
2022-12-18,440,7462191,230,6494953,2,592176,15,3423305,23,506915,48,3950521,3402,1061344,3609,8892,19437842,14446278,0
2022-12-19,1223,7463414,776,6495729,7,592183,57,3423362,84,506999,155,3950676,8907,1070251,9841,8724.14,19447683,14447071,0
2022-12-20,1210,7464624,763,6496492,18,592201,83,3423445,138,507137,277,3950953,8585,1078836,9718,8576.43,19457401,14447983,0
2022-12-21,1092,7465716,695,6497187,16,592217,54,3423499,95,507232,180,3951133,8282,1087118,9159,8368.71,19466560,14448711,0
2022-12-22,990,7466706,589,6497776,4,592221,44,3423543,73,507305,134,3951267,6937,1094055,7671,8119.57,19474231,14449328,0
2022-12-23,830,7467536,505,6498281,11,592232,41,3423584,58,507363,112,3951379,5915,1099970,6520,7546.14,19480751,14449834,0
2022-12-24,191,7467727,112,6498393,1,592233,2,3423586,15,507378,20,3951399,1378,1101348,1497,6859.29,19482248,14449936,0
2022-12-25,5,7467732,3,6498396,0,592233,0,3423586,0,507378,0,3951399,29,1101377,32,6348.29,19482280,14449939,0
2022-12-26,573,7468305,269,6498665,16,592249,19,3423605,22,507400,44,3951443,3305,1104682,3616,5459,19485896,14450209,0
2022-12-27,1086,7469391,605,6499270,13,592262,55,3423660,59,507459,123,3951566,7231,1111913,8029,5217.71,19493925,14450893,0
2022-12-28,1062,7470453,560,6499830,8,592270,58,3423718,63,507522,131,3951697,6988,1118901,7782,5021,19501707,14451566,0
2022-12-29,1014,7471467,585,6500415,9,592279,50,3423768,89,507611,162,3951859,6591,1125492,7420,4985.14,19509127,14452256,0
2022-12-30,950,7472417,539,6500954,9,592288,49,3423817,51,507662,110,3951969,6134,1131626,6860,5033.71,19515987,14452882,0
2022-12-31,306,7472723,167,6501121,4,592292,16,3423833,10,507672,29,3951998,1812,1133438,1988,5103.86,19517975,14453032,0
2023-01-01,19,7472742,9,6501130,0,592292,3,3423836,5,507677,8,3952006,59,1133497,86,5111.57,19518061,14453051,0
2023-01-02,654,7473396,328,6501458,10,592302,14,3423850,24,507701,44,3952050,3653,1137150,4000,5166.43,19522061,14453360,0
2023-01-03,968,7474364,592,6502050,9,592311,41,3423891,58,507759,111,3952161,5478,1142628,6266,4914.57,19528327,14454049,0
2023-01-04,1106,7475470,676,6502726,17,592328,52,3423943,63,507822,133,3952294,6180,1148808,7060,4811.43,19535387,14454814,0
2023-01-05,1010,7476480,588,6503314,23,592351,35,3423978,89,507911,143,3952437,5765,1154573,6695,4707.86,19542082,14455620,0
2023-01-06,1050,7477530,780,6504094,17,592368,50,3424028,81,507992,142,3952579,6504,1161077,7555,4807.14,19549637,14456540,0
2023-01-07,604,7478134,429,6504523,8,592376,23,3424051,34,508026,63,3952642,4454,1165531,4914,5225.14,19554551,14456943,0
2023-01-08,376,7478510,246,6504769,4,592380,12,3424063,29,508055,45,3952687,2560,1168091,2770,5608.57,19557321,14457112,0
2023-01-09,955,7479465,583,6505352,17,592397,52,3424115,41,508096,102,3952789,5607,1173698,6450,5958.57,19563771,14457862,0
2023-01-10,854,7480319,645,6505997,8,592405,49,3424164,85,508181,151,3952940,5331,1179029,6240,5954.86,19570011,14458637,0
2023-01-11,877,7481196,553,6506550,21,592426,46,3424210,68,508249,137,3953077,5163,1184192,5976,5800,19575987,14459336,0
2023-01-12,777,7481973,496,6507046,24,592450,54,3424264,120,508369,197,3953274,4533,1188725,5478,5626.14,19581465,14460107,0
2023-01-13,800,7482773,555,6507601,11,592461,69,3424333,58,508427,143,3953417,5373,1194098,6262,5441.43,19587727,14460869,0
2023-01-14,512,7483285,281,6507882,10,592471,27,3424360,31,508458,60,3953477,3226,1197324,3631,5258.14,19591358,14461216,0
2023-01-15,286,7483571,151,6508033,6,592477,16,3424376,22,508480,53,3953530,1793,1199117,1997,5147.71,19593355,14461382,0
2023-01-16,500,7484071,307,6508340,11,592488,31,3424407,27,508507,63,3953593,2773,1201890,3208,4684.57,19596563,14461759,0
2023-01-17,801,7484872,476,6508816,19,592507,49,3424456,73,508580,135,3953728,3833,1205723,4698,4464.29,19601261,14462502,0
2023-01-18,799,7485671,479,6509295,16,592523,48,3424504,61,508641,116,3953844,3728,1209451,4535,4258.43,19605796,14463200,0
2023-01-19,657,7486328,430,6509725,6,592529,50,3424554,34,508675,103,3953947,3162,1212613,3907,4034,19609703,14463861,0
2023-01-20,706,7487034,488,6510213,23,592552,40,3424594,39,508714,86,3954033,3745,1216358,4528,3786.29,19614231,14464565,0
2023-01-21,371,7487405,195,6510408,12,592564,20,3424614,12,508726,33,3954066,1894,1218252,2204,3582.43,19616435,14464843,0
2023-01-22,226,7487631,63,6510471,5,592569,0,3424614,2,508728,3,3954069,863,1219115,969,3435.57,19617404,14464947,0
2023-01-23,642,7488273,333,6510804,12,592581,14,3424628,45,508773,66,3954135,2708,1221823,3372,3459,19620776,14465552,0
2023-01-24,578,7488851,392,6511196,17,592598,37,3424665,33,508806,83,3954218,3055,1224878,3706,3317.29,19624482,14466133,0
2023-01-25,602,7489453,362,6511558,21,592619,33,3424698,41,508847,86,3954304,2707,1227585,3382,3152.57,19627864,14466734,0
2023-01-26,558,7490011,352,6511910,18,592637,35,3424733,51,508898,102,3954406,2694,1230279,3356,3073.86,19631220,14467310,0
2023-01-27,562,7490573,437,6512347,11,592648,35,3424768,47,508945,89,3954495,2818,1233097,3553,2934.57,19634773,14467963,0
2023-01-28,359,7490932,187,6512534,5,592653,24,3424792,39,508984,70,3954565,1588,1234685,1926,2894.86,19636699,14468238,0
2023-01-29,237,7491169,118,6512652,3,592656,12,3424804,10,508994,26,3954591,992,1235677,1145,2920,19637844,14468369,0
2023-01-30,601,7491770,399,6513051,18,592674,40,3424844,37,509031,80,3954671,2505,1238182,3228,2899.43,19641072,14469015,0
2023-01-31,509,7492279,356,6513407,12,592686,29,3424873,48,509079,89,3954760,2438,1240620,3065,2807.86,19644137,14469565,0
2023-02-01,485,7492764,337,6513744,16,592702,40,3424913,44,509123,92,3954852,2321,1242941,2965,2748.29,19647102,14470125,0
2023-02-02,462,7493226,349,6514093,13,592715,34,3424947,35,509158,77,3954929,2155,1245096,2776,2665.43,19649878,14470677,0
2023-02-03,545,7493771,392,6514485,14,592729,27,3424974,35,509193,69,3954998,2360,1247456,3064,2595.57,19652942,14471319,0
2023-02-04,243,7494014,158,6514643,11,592740,14,3424988,16,509209,31,3955029,1141,1248597,1403,2520.86,19654345,14471551,0
2023-02-05,201,7494215,96,6514739,0,592740,2,3424990,15,509224,19,3955048,854,1249451,972,2496.14,19655317,14471652,0
2023-02-06,597,7494812,315,6515054,9,592749,27,3425017,27,509251,63,3955111,2253,1251704,2830,2439.29,19658147,14472175,0
2023-02-07,476,7495288,364,6515418,5,592754,28,3425045,35,509286,71,3955182,2334,1254038,2934,2420.57,19661081,14472712,0
2023-02-08,453,7495741,320,6515738,4,592758,27,3425072,37,509323,70,3955252,2315,1256353,2878,2408.14,19663959,14473211,0
2023-02-09,478,7496219,348,6516086,3,592761,38,3425110,46,509369,98,3955350,2054,1258407,2709,2398.57,19666668,14473782,0
2023-02-10,496,7496715,390,6516476,2,592763,30,3425140,34,509403,88,3955438,2271,1260678,2961,2383.86,19669629,14474408,0
2023-02-11,294,7497009,197,6516673,7,592770,22,3425162,25,509428,48,3955486,1343,1262021,1661,2420.71,19671290,14474679,0
2023-02-12,182,7497191,81,6516754,0,592770,6,3425168,0,509428,10,3955496,706,1262727,818,2398.71,19672108,14474785,0
2023-02-13,443,7497634,293,6517047,4,592774,21,3425189,26,509454,51,3955547,1758,1264485,2319,2325.71,19674427,14475299,0
2023-02-14,397,7498031,272,6517319,6,592780,29,3425218,22,509476,56,3955603,1689,1266174,2219,2223.57,19676646,14475778,0
2023-02-15,405,7498436,289,6517608,10,592790,24,3425242,28,509504,64,3955667,1746,1267920,2263,2135.71,19678909,14476243,0
2023-02-16,360,7498796,244,6517852,5,592795,27,3425269,19,509523,51,3955718,1630,1269550,2106,2049.57,19681015,14476673,0
2023-02-17,397,7499193,312,6518164,5,592800,24,3425293,32,509555,63,3955781,1696,1271246,2266,1950.29,19683281,14477187,0
2023-02-18,199,7499392,117,6518281,5,592805,13,3425306,4,509559,18,3955799,1003,1272249,1189,1882.86,19684470,14477356,0
2023-02-19,120,7499512,55,6518336,2,592807,6,3425312,6,509565,14,3955813,542,1272791,612,1853.43,19685082,14477414,0
2023-02-20,314,7499826,160,6518496,3,592810,10,3425322,17,509582,28,3955841,1159,1273950,1424,1725.57,19686506,14477652,0
2023-02-21,379,7500205,286,6518782,5,592815,25,3425347,34,509616,64,3955905,1533,1275483,2070,1704.29,19688576,14478130,0
2023-02-22,396,7500601,275,6519057,8,592823,39,3425386,26,509642,69,3955974,1638,1277121,2167,1690.57,19690743,14478594,0
2023-02-23,388,7500989,251,6519308,10,592833,26,3425412,31,509673,71,3956045,1478,1278599,2022,1678.57,19692765,14479081,0
2023-02-24,366,7501355,325,6519633,4,592837,30,3425442,26,509699,63,3956108,1737,1280336,2298,1683.14,19695063,14479586,0
2023-02-25,163,7501518,123,6519756,2,592839,9,3425451,13,509712,24,3956132,778,1281114,973,1652.29,19696036,14479759,0
2023-02-26,92,7501610,48,6519804,0,592839,8,3425459,5,509717,17,3956149,468,1281582,535,1641.29,19696571,14479813,0
2023-02-27,377,7501987,300,6520104,4,592843,31,3425490,20,509737,54,3956203,1490,1283072,2010,1725,19698581,14480282,0
2023-02-28,356,7502343,238,6520342,8,592851,30,3425520,27,509764,62,3956265,1332,1284404,1814,1688.43,19700395,14480707,0
2023-03-01,387,7502730,289,6520631,7,592858,25,3425545,21,509785,52,3956317,1443,1285847,1980,1661.71,19702375,14481198,0
2023-03-02,373,7503103,293,6520924,9,592867,20,3425565,23,509808,50,3956367,1329,1287176,1870,1640,19704245,14481696,0
2023-03-03,404,7503507,318,6521242,10,592877,26,3425591,25,509833,58,3956425,1599,1288775,2193,1625,19706438,14482239,0
2023-03-04,199,7503706,122,6521364,4,592881,10,3425601,16,509849,28,3956453,795,1289570,1028,1632.86,19707466,14482446,0
2023-03-05,125,7503831,60,6521424,2,592883,4,3425605,6,509855,14,3956467,464,1290034,558,1636.14,19708024,14482530,0
2023-03-06,402,7504233,264,6521688,12,592895,22,3425627,16,509871,41,3956508,1385,1291419,1888,1618.71,19709912,14482995,0
2023-03-07,362,7504595,244,6521932,5,592900,22,3425649,30,509901,61,3956569,1304,1292723,1769,1612.29,19711681,14483408,0
2023-03-08,370,7504965,245,6522177,3,592903,34,3425683,30,509931,68,3956637,1339,1294062,1835,1591.57,19713516,14483840,0
2023-03-09,360,7505325,242,6522419,4,592907,16,3425699,24,509955,46,3956683,1262,1295324,1747,1574,19715263,14484285,0
2023-03-10,301,7505626,282,6522701,3,592910,9,3425708,19,509974,36,3956719,1394,1296718,1847,1524.57,19717110,14484710,0
2023-03-11,188,7505814,88,6522789,3,592913,18,3425726,4,509978,23,3956742,687,1297405,872,1502.29,19717982,14484873,0
2023-03-12,109,7505923,47,6522836,1,592914,4,3425730,7,509985,17,3956759,435,1297840,517,1496.43,19718499,14484944,0
2023-03-13,332,7506255,200,6523036,7,592921,11,3425741,13,509998,25,3956784,1126,1298966,1519,1443.71,19720018,14485313,0
2023-03-14,283,7506538,181,6523217,5,592926,15,3425756,11,510009,32,3956816,1060,1300026,1412,1392.71,19721430,14485639,0
2023-03-15,329,7506867,269,6523486,3,592929,9,3425765,13,510022,23,3956839,1227,1301253,1676,1370,19723106,14486066,0
2023-03-16,300,7507167,237,6523723,9,592938,14,3425779,15,510037,35,3956874,1131,1302384,1549,1341.71,19724655,14486455,0
2023-03-17,327,7507494,264,6523987,5,592943,20,3425799,8,510045,29,3956903,1267,1303651,1698,1320.43,19726353,14486858,0
2023-03-18,158,7507652,100,6524087,2,592945,8,3425807,5,510050,14,3956917,668,1304319,832,1314.71,19727185,14487009,0
2023-03-19,114,7507766,56,6524143,1,592946,3,3425810,3,510053,9,3956926,365,1304684,450,1305.14,19727635,14487088,0
2023-03-20,341,7508107,211,6524354,7,592953,29,3425839,15,510068,45,3956971,1212,1305896,1608,1317.86,19729243,14487440,0
2023-03-21,341,7508448,190,6524544,7,592960,22,3425861,18,510086,42,3957013,1122,1307018,1528,1334.43,19730771,14487806,0
2023-03-22,316,7508764,226,6524770,6,592966,12,3425873,11,510097,25,3957038,1125,1308143,1524,1312.71,19732295,14488182,0
2023-03-23,267,7509031,203,6524973,1,592967,20,3425893,12,510109,35,3957073,1009,1309152,1398,1291.14,19733693,14488539,0
2023-03-24,312,7509343,255,6525228,8,592975,19,3425912,18,510127,40,3957113,1120,1310272,1582,1274.57,19735275,14488964,0
2023-03-25,129,7509472,117,6525345,1,592976,9,3425921,9,510136,18,3957131,587,1310859,735,1260.71,19736010,14489094,0
2023-03-26,80,7509552,41,6525386,2,592978,4,3425925,4,510140,9,3957140,351,1311210,410,1255,19736420,14489145,0
2023-03-27,283,7509835,232,6525618,3,592981,14,3425939,11,510151,26,3957166,1000,1312210,1396,1224.71,19737816,14489516,0
2023-03-28,282,7510117,181,6525799,10,592991,20,3425959,9,510160,32,3957198,1008,1313218,1362,1201,19739178,14489841,0
2023-03-29,298,7510415,187,6525986,5,592996,13,3425972,9,510169,22,3957220,1055,1314273,1414,1185.29,19740592,14490178,0
2023-03-30,258,7510673,183,6526169,2,592998,17,3425989,10,510179,31,3957251,959,1315232,1307,1172.29,19741899,14490499,0
2023-03-31,296,7510969,259,6526428,7,593005,22,3426011,20,510199,43,3957294,1015,1316247,1477,1157.29,19743376,14490919,0
2023-04-01,121,7511090,66,6526494,3,593008,8,3426019,5,510204,15,3957309,526,1316773,653,1145.57,19744029,14491033,0
2023-04-02,92,7511182,35,6526529,0,593008,6,3426025,3,510207,10,3957319,271,1317044,338,1135.29,19744367,14491091,0
2023-04-03,275,7511457,154,6526683,8,593016,19,3426044,16,510223,41,3957360,885,1317929,1203,1107.71,19745570,14491374,0
2023-04-04,283,7511740,187,6526870,3,593019,13,3426057,10,510233,26,3957386,861,1318790,1208,1085.71,19746778,14491698,0
2023-04-05,269,7512009,152,6527022,8,593027,17,3426074,7,510240,26,3957412,980,1319770,1272,1065.43,19748050,14491966,0
2023-04-06,341,7512350,157,6527179,9,593036,17,3426091,5,510245,22,3957434,951,1320721,1284,1062.14,19749334,14492277,0
2023-04-07,247,7512597,148,6527327,5,593041,12,3426103,8,510253,20,3957454,747,1321468,1045,1000.43,19750379,14492555,0
2023-04-08,173,7512770,104,6527431,1,593042,5,3426108,10,510263,16,3957470,553,1322021,690,1005.71,19751069,14492677,0
2023-04-09,68,7512838,23,6527454,0,593042,0,3426108,4,510267,4,3957474,203,1322224,245,992.43,19751314,14492715,0
2023-04-10,285,7513123,180,6527634,6,593048,19,3426127,9,510276,28,3957502,884,1323108,1211,993.57,19752525,14493014,0
2023-04-11,271,7513394,151,6527785,5,593053,15,3426142,9,510285,27,3957529,908,1324016,1209,993.71,19753734,14493291,0
2023-04-12,269,7513663,164,6527949,5,593058,15,3426157,8,510293,25,3957554,811,1324827,1146,975.71,19754880,14493603,0
2023-04-13,255,7513918,136,6528085,8,593066,12,3426169,7,510300,20,3957574,834,1325661,1143,955.57,19756023,14493893,0
2023-04-14,241,7514159,198,6528283,2,593068,6,3426175,10,510310,18,3957592,840,1326501,1167,973,19757190,14494204,0
2023-04-15,120,7514279,94,6528377,6,593074,3,3426178,7,510317,11,3957603,407,1326908,552,953.29,19757742,14494339,0
2023-04-16,75,7514354,31,6528408,0,593074,0,3426178,1,510318,1,3957604,263,1327171,304,961.71,19758046,14494379,0
2023-04-17,234,7514588,137,6528545,3,593077,7,3426185,3,510321,10,3957614,708,1327879,992,930.43,19759038,14494653,0
2023-04-18,212,7514800,128,6528673,6,593083,9,3426194,10,510331,20,3957634,733,1328612,960,894.86,19759998,14494861,0
2023-04-19,198,7514998,115,6528788,5,593088,6,3426200,9,510340,15,3957649,808,1329420,965,869,19760963,14495003,0
2023-04-20,229,7515227,143,6528931,2,593090,14,3426214,19,510359,35,3957684,907,1330327,1072,858.86,19762035,14495135,0
2023-04-21,231,7515458,148,6529079,6,593096,13,3426227,9,510368,24,3957708,1093,1331420,1215,865.71,19763250,14495235,0
2023-04-22,107,7515565,65,6529144,3,593099,9,3426236,4,510372,14,3957722,472,1331892,540,864,19763790,14495290,0
2023-04-23,73,7515638,47,6529191,1,593100,2,3426238,2,510374,5,3957727,281,1332173,310,864.86,19764100,14495315,0
2023-04-24,231,7515869,159,6529350,2,593102,11,3426249,7,510381,21,3957748,1007,1333180,1116,882.57,19765216,14495406,0
2023-04-25,242,7516111,147,6529497,6,593108,12,3426261,12,510393,27,3957775,1054,1334234,1159,911,19766375,14495487,0
2023-04-26,220,7516331,133,6529630,5,593113,6,3426267,5,510398,13,3957788,950,1335184,1018,918.57,19767393,14495544,0
2023-04-27,277,7516608,170,6529800,1,593114,11,3426278,18,510416,31,3957819,1065,1336249,1154,930.29,19768547,14495604,0
2023-04-28,249,7516857,189,6529989,2,593116,11,3426289,16,510432,32,3957851,1141,1337390,1234,933,19769781,14495670,0
2023-04-29,141,7516998,68,6530057,2,593118,4,3426293,6,510438,10,3957861,518,1337908,572,937.57,19770353,14495714,0
2023-04-30,97,7517095,29,6530086,1,593119,6,3426299,3,510441,10,3957871,307,1338215,327,940,19770680,14495725,0
2023-05-01,305,7517400,160,6530246,2,593121,7,3426306,9,510450,18,3957889,1077,1339292,1161,946.43,19771841,14495793,0
2023-05-02,251,7517651,145,6530391,3,593124,11,3426317,6,510456,19,3957908,1010,1340302,1065,933,19772906,14495831,0
2023-05-03,254,7517905,148,6530539,1,593125,13,3426330,11,510467,25,3957933,965,1341267,1041,936.29,19773947,14495883,0
2023-05-04,238,7518143,165,6530704,0,593125,12,3426342,8,510475,24,3957957,1051,1342318,1123,931.86,19775070,14495935,0
2023-05-05,303,7518446,160,6530864,1,593126,6,3426348,11,510486,18,3957975,1118,1343436,1170,922.71,19776240,14495970,0
2023-05-06,132,7518578,79,6530943,0,593126,13,3426361,8,510494,23,3957998,493,1343929,557,920.57,19776797,14496013,0
2023-05-07,77,7518655,36,6530979,0,593126,0,3426361,6,510500,7,3958005,296,1344225,311,918.29,19777108,14496022,0
2023-05-08,263,7518918,150,6531129,0,593126,8,3426369,10,510510,18,3958023,1003,1345228,1053,902.86,19778161,14496054,0
2023-05-09,251,7519169,129,6531258,0,593126,5,3426374,4,510514,13,3958036,988,1346216,1026,897.29,19779187,14496083,0
2023-05-10,242,7519411,129,6531387,1,593127,6,3426380,13,510527,20,3958056,1041,1347257,1098,905.43,19780285,14496121,0
2023-05-11,225,7519636,134,6531521,1,593128,11,3426391,23,510550,39,3958095,1031,1348288,1110,903.57,19781395,14496166,0
2023-05-12,167,7519803,133,6531654,1,593129,4,3426395,10,510560,17,3958112,875,1349163,912,866.71,19782307,14496189,0
2023-05-13,96,7519899,50,6531704,0,593129,1,3426396,5,510565,6,3958118,386,1349549,409,845.57,19782716,14496206,0
2023-05-14,59,7519958,23,6531727,0,593129,2,3426398,0,510565,3,3958121,193,1349742,203,830.14,19782919,14496214,0
2023-05-15,207,7520165,131,6531858,0,593129,4,3426402,9,510574,15,3958136,833,1350575,888,806.57,19783807,14496256,0
2023-05-16,251,7520416,109,6531967,0,593129,6,3426408,7,510581,14,3958150,799,1351374,847,781,19784654,14496291,0
2023-05-17,211,7520627,109,6532076,0,593129,4,3426412,5,510586,11,3958161,880,1352254,928,756.71,19785582,14496330,0
2023-05-18,217,7520844,106,6532182,0,593129,12,3426424,14,510600,29,3958190,752,1353006,812,714.14,19786394,14496364,0
2023-05-19,188,7521032,125,6532307,0,593129,9,3426433,10,510610,21,3958211,786,1353792,841,704,19787235,14496400,0
2023-05-20,124,7521156,44,6532351,0,593129,4,3426437,5,510615,10,3958221,349,1354141,393,701.71,19787628,14496435,0
2023-05-21,62,7521218,18,6532369,0,593129,2,3426439,1,510616,4,3958225,180,1354321,195,700.57,19787823,14496447,0
2023-05-22,220,7521438,97,6532466,0,593129,4,3426443,2,510618,6,3958231,785,1355106,811,689.57,19788634,14496467,0
2023-05-23,213,7521651,98,6532564,0,593129,12,3426455,6,510624,19,3958250,702,1355808,755,676.43,19789389,14496502,0
2023-05-24,209,7521860,127,6532691,2,593131,11,3426466,10,510634,24,3958274,806,1356614,860,666.71,19790249,14496535,0
2023-05-25,179,7522039,90,6532781,1,593132,4,3426470,5,510639,9,3958283,692,1357306,713,652.57,19790962,14496547,0
2023-05-26,171,7522210,137,6532918,0,593132,8,3426478,6,510645,15,3958298,723,1358029,767,642,19791729,14496577,120000
2023-05-27,99,7522309,42,6532960,0,593132,6,3426484,6,510651,15,3958313,321,1358350,354,636.43,19792083,14496598,120000
2023-05-28,52,7522361,15,6532975,1,593133,0,3426484,0,510651,0,3958313,186,1358536,191,635.86,19792274,14496603,120000
2023-05-29,11,7522372,7,6532982,0,593133,1,3426485,1,510652,2,3958315,36,1358572,41,525.86,19792315,14496606,120000
2023-05-30,205,7522577,105,6533087,0,593133,4,3426489,1,510653,6,3958321,762,1359334,784,530,19793099,14496623,120000
2023-05-31,169,7522746,111,6533198,0,593133,8,3426497,2,510655,10,3958331,682,1360016,709,508.43,19793808,14496640,120000
2023-06-01,56,7522802,34,6533232,1,593134,0,3426497,5,510660,5,3958336,285,1360301,294,448.57,19794102,14496644,120000
