"DATE","ADMIN_DOSE1_DAILY","ADMIN_DOSE1_CUMULATIVE","ADMIN_DOSE2_DAILY","ADMIN_DOSE2_CUMULATIVE","ADMIN_SINGLE_DAILY","ADMIN_SINGLE_CUMULATIVE","ADMIN_ADDITIONAL1_DAILY","ADMIN_ADDITIONAL1_CUMULATIVE","ADMIN_ADDITIONAL2_DAILY","ADMIN_ADDITIONAL2_CUMULATIVE","ADMIN_ADDITIONAL_DAILY","ADMIN_ADDITIONAL_CUMULATIVE","ADMIN_ALLDOSES_DAILY","ADMIN_ALLDOSES_7DAYAVG","ADMIN_ALLDOSES_CUMULATIVE","INCOMPLETE"
"2020-12-14",79,79,0,0,0,0,0,0,0,0,0,0,79,,79,0
"2020-12-15",2051,2130,6,6,4,4,0,0,0,0,0,0,2061,,2140,0
"2020-12-16",4605,6735,14,20,1,5,1,1,0,0,1,1,4621,,6761,0
"2020-12-17",4658,11393,17,37,0,5,1,2,0,0,1,2,4676,,11437,0
"2020-12-18",5833,17226,18,55,2,7,2,4,0,0,2,4,5855,,17292,0
"2020-12-19",1689,18915,7,62,3,10,0,4,0,0,0,4,1699,,18991,0
"2020-12-20",1116,20031,2,64,1,11,0,4,0,0,0,4,1119,2872.86,20110,0
"2020-12-21",6341,26372,19,83,0,11,5,9,0,0,5,9,6365,3770.86,26475,0
"2020-12-22",9794,36166,26,109,2,13,1,10,0,0,1,10,9823,4879.71,36298,0
"2020-12-23",14274,50440,35,144,3,16,1,11,0,0,1,11,14313,6264.29,50611,0
"2020-12-24",7198,57638,25,169,1,17,0,11,0,0,0,11,7224,6628.29,57835,0
"2020-12-25",180,57818,0,169,0,17,1,12,0,0,1,12,181,5817.71,58016,0
"2020-12-26",4389,62207,44,213,0,17,1,13,0,0,1,13,4434,6208.43,62450,0
"2020-12-27",3870,66077,14,227,0,17,1,14,0,0,1,14,3885,6603.57,66335,0
"2020-12-28",10993,77070,49,276,1,18,2,16,0,0,2,16,11045,7272.14,77380,0
"2020-12-29",10718,87788,34,310,2,20,2,18,0,0,2,18,10756,7405.43,88136,0
"2020-12-30",12826,100614,44,354,0,20,0,18,0,0,0,18,12870,7199.29,101006,0
"2020-12-31",7262,107876,33,387,1,21,0,18,0,0,0,18,7296,7209.57,108302,0
"2021-01-01",181,108057,2,389,1,22,3,21,0,0,3,21,187,7210.43,108489,0
"2021-01-02",3809,111866,10,399,2,24,2,23,0,0,2,23,3823,7123.14,112312,0
"2021-01-03",3541,115407,24,423,2,26,1,24,0,0,1,24,3568,7077.86,115880,0
"2021-01-04",12255,127662,807,1230,2,28,6,30,0,0,6,30,13070,7367.14,128950,0
"2021-01-05",14089,141751,2192,3422,2,30,12,42,1,1,13,43,16296,8158.57,145246,0
"2021-01-06",17801,159552,3925,7347,1,31,29,71,7,8,36,79,21763,9429,167009,0
"2021-01-07",16551,176103,5171,12518,4,35,45,116,3,11,48,127,21774,11497.29,188783,0
"2021-01-08",16621,192724,5455,17973,0,35,33,149,4,15,37,164,22113,14629.57,210896,0
"2021-01-09",7652,200376,1462,19435,1,36,7,156,2,17,9,173,9124,15386.86,220020,0
"2021-01-10",7880,208256,984,20419,0,36,10,166,0,17,10,183,8874,16144.86,228894,0
"2021-01-11",25825,234081,7456,27875,2,38,48,214,8,25,56,239,33339,19040.43,262233,0
"2021-01-12",28260,262341,7859,35734,1,39,44,258,2,27,46,285,36166,21879,298399,0
"2021-01-13",31721,294062,9389,45123,1,40,56,314,4,31,60,345,41171,24651.57,339570,0
"2021-01-14",35814,329876,5317,50440,1,41,30,344,7,38,37,382,41169,27422.29,380739,0
"2021-01-15",29265,359141,3703,54143,2,43,32,376,5,43,37,419,33007,28978.57,413746,0
"2021-01-16",30291,389432,2378,56521,0,43,25,401,5,48,30,449,32699,32346.43,446445,0
"2021-01-17",23748,413180,1628,58149,0,43,19,420,1,49,20,469,25396,34706.71,471841,0
"2021-01-18",27108,440288,2410,60559,1,44,34,454,7,56,41,510,29560,34166.86,501401,0
"2021-01-19",34293,474581,9627,70186,1,45,70,524,6,62,76,586,43997,35285.57,545398,0
"2021-01-20",34871,509452,9492,79678,1,46,59,583,4,66,63,649,44427,35750.71,589825,0
"2021-01-21",25593,535045,8093,87771,2,48,49,632,5,71,54,703,33742,34689.71,623567,0
"2021-01-22",24755,559800,4382,92153,1,49,32,664,7,78,39,742,29177,34142.57,652744,0
"2021-01-23",15744,575544,3223,95376,0,49,9,673,2,80,11,753,18978,32182.43,671722,0
"2021-01-24",7178,582722,3453,98829,0,49,19,692,1,81,20,773,10651,30076,682373,0
"2021-01-25",13412,596134,11819,110648,0,49,66,758,12,93,78,851,25309,29468.71,707682,0
"2021-01-26",16766,612900,10752,121400,0,49,67,825,2,95,69,920,27587,27124.43,735269,0
"2021-01-27",20836,633736,12356,133756,0,49,51,876,8,103,59,979,33251,25527.86,768520,0
"2021-01-28",30764,664500,12847,146603,0,49,82,958,16,119,98,1077,43709,26951.71,812229,0
"2021-01-29",31694,696194,11506,158109,0,49,77,1035,10,129,87,1164,43287,28967.43,855516,0
"2021-01-30",18708,714902,3742,161851,0,49,20,1055,2,131,22,1186,22472,29466.57,877988,0
"2021-01-31",13021,727923,2920,164771,1,50,28,1083,4,135,32,1218,15974,30227,893962,0
"2021-02-01",1180,729103,5368,170139,4,54,35,1118,4,139,39,1257,6591,27553,900553,0
"2021-02-02",2829,731932,9475,179614,2,56,47,1165,4,143,51,1308,12357,25377.29,912910,0
"2021-02-03",16348,748280,21245,200859,4,60,203,1368,19,162,222,1530,37819,26029.86,950729,0
"2021-02-04",27048,775328,19648,220507,3,63,200,1568,10,172,210,1740,46909,26487,997638,0
"2021-02-05",27600,802928,20036,240543,0,63,178,1746,15,187,193,1933,47829,27135.86,1045467,0
"2021-02-06",22991,825919,11246,251789,0,63,110,1856,12,199,122,2055,34359,28834,1079826,0
"2021-02-07",12043,837962,8281,260070,1,64,91,1947,14,213,105,2160,20430,29470.57,1100256,0
"2021-02-08",16963,854925,23517,283587,2,66,231,2178,34,247,265,2425,40747,34350,1141003,0
"2021-02-09",17191,872116,28111,311698,2,68,333,2511,41,288,374,2799,45678,39110.14,1186681,0
"2021-02-10",19592,891708,29310,341008,2,70,258,2769,49,337,307,3106,49211,40737.57,1235892,0
"2021-02-11",27847,919555,33471,374479,2,72,341,3110,57,394,398,3504,61718,42853.14,1297610,0
"2021-02-12",38393,957948,30798,405277,3,75,352,3462,38,432,390,3894,69584,45961,1367194,0
"2021-02-13",28009,985957,25312,430589,2,77,307,3769,51,483,358,4252,53681,48721.29,1420875,0
"2021-02-14",16281,1002238,23735,454324,0,77,260,4029,31,514,291,4543,40307,51560.86,1461182,0
"2021-02-15",12796,1015034,10528,464852,2,79,170,4199,23,537,193,4736,23519,49099.71,1484701,0
"2021-02-16",14241,1029275,26732,491584,0,79,321,4520,35,572,356,5092,41329,48478.43,1526030,0
"2021-02-17",16393,1045668,22196,513780,1,80,282,4802,37,609,319,5411,38909,47006.71,1564939,0
"2021-02-18",12154,1057822,24993,538773,21,101,286,5088,43,652,329,5740,37497,43546.57,1602436,0
"2021-02-19",13262,1071084,23935,562708,39,140,304,5392,44,696,348,6088,37584,38975.14,1640020,0
"2021-02-20",11351,1082435,26078,588786,6,146,324,5716,78,774,402,6490,37837,36711.71,1677857,0
"2021-02-21",6361,1088796,17422,606208,15,161,283,5999,44,818,327,6817,24125,34400,1701982,0
"2021-02-22",13043,1101839,11848,618056,2,163,125,6124,19,837,144,6961,25037,34616.86,1727019,0
"2021-02-23",25247,1127086,14147,632203,1,164,158,6282,34,871,192,7153,39587,34368,1766606,0
"2021-02-24",36362,1163448,20392,652595,0,164,226,6508,37,908,263,7416,57017,36954.86,1823623,0
"2021-02-25",54618,1218066,30392,682987,6,170,394,6902,64,972,458,7874,85474,43808.71,1909097,0
"2021-02-26",62871,1280937,31874,714861,4,174,408,7310,77,1049,485,8359,95234,52044.43,2004331,0
"2021-02-27",51297,1332234,22751,737612,47,221,333,7643,52,1101,385,8744,74480,57279.14,2078811,0
"2021-02-28",44595,1376829,13823,751435,7,228,203,7846,33,1134,236,8980,58661,62212.86,2137472,0
"2021-03-01",39322,1416151,12777,764212,10,238,165,8011,25,1159,190,9170,52299,66107.43,2189771,0
"2021-03-02",47083,1463234,12578,776790,7,245,159,8170,14,1173,173,9343,59841,69000.86,2249612,0
"2021-03-03",48607,1511841,16156,792946,17,262,145,8315,21,1194,166,9509,64946,70133.57,2314558,0
"2021-03-04",59818,1571659,22824,815770,1092,1354,270,8585,34,1228,304,9813,84038,69928.43,2398596,0
"2021-03-05",60989,1632648,24282,840052,3109,4463,332,8917,33,1261,365,10178,88745,69001.43,2487341,0
"2021-03-06",47179,1679827,18885,858937,5451,9914,237,9154,35,1296,272,10450,71787,68616.71,2559128,0
"2021-03-07",36046,1715873,14880,873817,6246,16160,228,9382,20,1316,248,10698,57420,68439.43,2616548,0
"2021-03-08",39631,1755504,14678,888495,8564,24724,313,9695,91,1407,404,11102,63277,70007.71,2679825,0
"2021-03-09",39108,1794612,12856,901351,7763,32487,178,9873,33,1440,211,11313,59938,70021.57,2739763,0
"2021-03-10",51833,1846445,15348,916699,5066,37553,226,10099,31,1471,257,11570,72504,71101.29,2812267,0
"2021-03-11",59990,1906435,21818,938517,4619,42172,249,10348,49,1520,298,11868,86725,71485.14,2898992,0
"2021-03-12",52204,1958639,30310,968827,4183,46355,373,10721,83,1603,456,12324,87153,71257.71,2986145,0
"2021-03-13",40653,1999292,26682,995509,5110,51465,325,11046,51,1654,376,12700,72821,71405.43,3058966,0
"2021-03-14",30719,2030011,15969,1011478,4526,55991,240,11286,27,1681,267,12967,51481,70557,3110447,0
"2021-03-15",33590,2063601,17256,1028734,4717,60708,233,11519,33,1714,266,13233,55829,69493,3166276,0
"2021-03-16",38677,2102278,20509,1049243,4925,65633,256,11775,35,1749,291,13524,64402,70130.71,3230678,0
"2021-03-17",42617,2144895,24799,1074042,4247,69880,338,12113,36,1785,374,13898,72037,70064,3302715,0
"2021-03-18",50453,2195348,26805,1100847,5238,75118,365,12478,60,1845,425,14323,82921,69520.57,3385636,0
"2021-03-19",47794,2243142,29961,1130808,5624,80742,390,12868,70,1915,460,14783,83839,69047.14,3469475,0
"2021-03-20",38712,2281854,25836,1156644,4686,85428,298,13166,60,1975,358,15141,69592,68585.86,3539067,0
"2021-03-21",29300,2311154,19360,1176004,769,86197,222,13388,44,2019,266,15407,49695,68330.71,3588762,0
"2021-03-22",33870,2345024,26740,1202744,4037,90234,260,13648,37,2056,297,15704,64944,69632.86,3653706,0
"2021-03-23",38436,2383460,32843,1235587,4219,94453,293,13941,55,2111,348,16052,75846,71267.71,3729552,0
"2021-03-24",41496,2424956,37607,1273194,4848,99301,326,14267,62,2173,388,16440,84339,73025.14,3813891,0
"2021-03-25",43414,2468370,50794,1323988,5054,104355,469,14736,86,2259,555,16995,99817,75438.86,3913708,0
"2021-03-26",38507,2506877,55512,1379500,4310,108665,523,15259,96,2355,619,17614,98948,77597.29,4012656,0
"2021-03-27",35737,2542614,45760,1425260,2938,111603,413,15672,82,2437,495,18109,84930,79788.43,4097586,0
"2021-03-28",26392,2569006,34463,1459723,1482,113085,329,16001,64,2501,393,18502,62730,81650.57,4160316,0
"2021-03-29",34819,2603825,38869,1498592,3246,116331,342,16343,110,2611,452,18954,77386,83428,4237702,0
"2021-03-30",40513,2644338,41926,1540518,3714,120045,337,16680,65,2676,402,19356,86555,84957.86,4324257,0
"2021-03-31",49398,2693736,44871,1585389,7442,127487,396,17076,86,2762,482,19838,102193,87508.43,4426450,0
"2021-04-01",50786,2744522,53946,1639335,11275,138762,501,17577,81,2843,582,20420,116589,89904.43,4543039,0
"2021-04-02",43763,2788285,53886,1693221,11972,150734,547,18124,71,2914,618,21038,110239,91517.43,4653278,0
"2021-04-03",39254,2827539,39219,1732440,9860,160594,333,18457,58,2972,391,21429,88724,92059.43,4742002,0
"2021-04-04",26561,2854100,24781,1757221,3902,164496,224,18681,49,3021,273,21702,55517,91029,4797519,0
"2021-04-05",41891,2895991,34486,1791707,11195,175691,370,19051,60,3081,430,22132,88002,92545.57,4885521,0
"2021-04-06",53273,2949264,35615,1827322,13220,188911,427,19478,72,3153,499,22631,102607,94838.71,4988128,0
"2021-04-07",55513,3004777,40696,1868018,14391,203302,393,19871,77,3230,470,23101,111070,96106.86,5099198,0
"2021-04-08",59268,3064045,46592,1914610,16343,219645,516,20387,80,3310,596,23697,122799,96994,5221997,0
"2021-04-09",56648,3120693,44961,1959571,17555,237200,516,20903,77,3387,593,24290,119757,98353.71,5341754,0
"2021-04-10",49349,3170042,35647,1995218,12728,249928,387,21290,60,3447,447,24737,98171,99703.29,5439925,0
"2021-04-11",38185,3208227,28819,2024037,7682,257610,295,21585,56,3503,351,25088,75037,102491.86,5514962,0
"2021-04-12",46639,3254866,31849,2055886,13499,271109,465,22050,63,3566,528,25616,92515,103136.57,5607477,0
"2021-04-13",52545,3307411,33792,2089678,368,271477,394,22444,60,3626,454,26070,87159,100929.71,5694636,0
"2021-04-14",50148,3357559,39959,2129637,20,271497,367,22811,70,3696,437,26507,90564,98000.29,5785200,0
"2021-04-15",52126,3409685,43681,2173318,16,271513,451,23262,103,3799,554,27061,96377,94225.71,5881577,0
"2021-04-16",51188,3460873,42216,2215534,32,271545,422,23684,67,3866,489,27550,93925,90535.43,5975502,0
"2021-04-17",43842,3504715,35692,2251226,3,271548,364,24048,82,3948,446,27996,79983,87937.14,6055485,0
"2021-04-18",28608,3533323,29372,2280598,7,271555,251,24299,61,4009,312,28308,58299,85546,6113784,0
"2021-04-19",37475,3570798,36450,2317048,22,271577,321,24620,62,4071,383,28691,74330,82948.14,6188114,0
"2021-04-20",40810,3611608,39627,2356675,19,271596,314,24934,76,4147,390,29081,80846,82046.29,6268960,0
"2021-04-21",38904,3650512,46014,2402689,16,271612,493,25427,95,4242,588,29669,85522,81326,6354482,0
"2021-04-22",38494,3689006,48967,2451656,9,271621,335,25762,73,4315,408,30077,87878,80111.86,6442360,0
"2021-04-23",39699,3728705,44384,2496040,4,271625,345,26107,69,4384,414,30491,84501,78765.57,6526861,0
"2021-04-24",31950,3760655,41605,2537645,44,271669,275,26382,58,4442,333,30824,73932,77901.14,6600793,0
"2021-04-25",18423,3779078,31228,2568873,86,271755,194,26576,55,4497,249,31073,49986,76713.57,6650779,0
"2021-04-26",26973,3806051,40740,2609613,1013,272768,281,26857,83,4580,364,31437,69090,75965,6719869,0
"2021-04-27",28578,3834629,47144,2656757,1697,274465,345,27202,92,4672,437,31874,77856,75537.86,6797725,0
"2021-04-28",27037,3861666,56844,2713601,2146,276611,428,27630,98,4770,526,32400,86553,75685.14,6884278,0
"2021-04-29",28613,3890279,57205,2770806,2148,278759,362,27992,100,4870,462,32862,88428,75763.71,6972706,0
"2021-04-30",30123,3920402,51991,2822797,2055,280814,281,28273,72,4942,353,33215,84522,75766.71,7057228,0
"2021-05-01",22480,3942882,44545,2867342,1177,281991,229,28502,63,5005,292,33507,68494,74989.86,7125722,0
"2021-05-02",11925,3954807,36657,2903999,1080,283071,138,28640,55,5060,193,33700,49855,74971.14,7175577,0
"2021-05-03",18029,3972836,53028,2957027,2383,285454,254,28894,89,5149,343,34043,73783,75641.57,7249360,0
"2021-05-04",22738,3995574,56647,3013674,2330,287784,267,29161,113,5262,380,34423,82095,76247.14,7331455,0
"2021-05-05",21481,4017055,48799,3062473,2313,290097,311,29472,98,5360,409,34832,73002,74311.29,7404457,0
"2021-05-06",20682,4037737,50181,3112654,2507,292604,271,29743,83,5443,354,35186,73724,72210.71,7478181,0
"2021-05-07",21257,4058994,52097,3164751,2813,295417,307,30050,71,5514,378,35564,76545,71071.14,7554726,0
"2021-05-08",16633,4075627,41866,3206617,1835,297252,229,30279,69,5583,298,35862,60632,69948,7615358,0
"2021-05-09",7976,4083603,29409,3236026,1260,298512,151,30430,56,5639,207,36069,38852,68376.14,7654210,0
"2021-05-10",14391,4097994,38539,3274565,2355,300867,232,30662,89,5728,321,36390,55606,65779.43,7709816,0
"2021-05-11",19913,4117907,43063,3317628,2514,303381,280,30942,83,5811,363,36753,65853,63459.14,7775669,0
"2021-05-12",17813,4135720,40537,3358165,3595,306976,231,31173,78,5889,309,37062,62254,61923.71,7837923,0
"2021-05-13",24976,4160696,40428,3398593,3230,310206,262,31435,74,5963,336,37398,68970,61244.57,7906893,0
"2021-05-14",27037,4187733,42914,3441507,3537,313743,282,31717,93,6056,375,37773,73863,60861.43,7980756,0
"2021-05-15",23652,4211385,34913,3476420,3366,317109,251,31968,75,6131,326,38099,62257,61093.57,8043013,0
"2021-05-16",15528,4226913,19446,3495866,2497,319606,124,32092,45,6176,169,38268,37640,60920.43,8080653,0
"2021-05-17",22675,4249588,29140,3525006,3257,322863,177,32269,67,6243,244,38512,55316,60879,8135969,0
"2021-05-18",24641,4274229,31912,3556918,3404,326267,236,32505,70,6313,306,38818,60263,60080.43,8196232,0
"2021-05-19",24195,4298424,29719,3586637,3039,329306,221,32726,46,6359,267,39085,57220,59361.29,8253452,0
"2021-05-20",24155,4322579,30086,3616723,3162,332468,269,32995,100,6459,369,39454,57772,57761.57,8311224,0
"2021-05-21",24681,4347260,32004,3648727,3060,335528,256,33251,60,6519,316,39770,60061,55789.86,8371285,0
"2021-05-22",20023,4367283,24360,3673087,2525,338053,163,33414,48,6567,211,39981,47119,53627.29,8418404,0
"2021-05-23",11235,4378518,13732,3686819,1411,339464,93,33507,32,6599,125,40106,26503,52036.29,8444907,0
"2021-05-24",18879,4397397,23158,3709977,2756,342220,213,33720,53,6652,266,40372,45059,50571,8489966,0
"2021-05-25",19434,4416831,23380,3733357,2601,344821,177,33897,69,6721,246,40618,45661,48485,8535627,0
"2021-05-26",18785,4435616,21091,3754448,2696,347517,199,34096,52,6773,251,40869,42823,46428.29,8578450,0
"2021-05-27",18474,4454090,21275,3775723,2529,350046,189,34285,63,6836,252,41121,42530,44250.86,8620980,0
"2021-05-28",17864,4471954,22889,3798612,2751,352797,185,34470,53,6889,238,41359,43742,41919.57,8664722,0
"2021-05-29",12710,4484664,17808,3816420,1755,354552,106,34576,39,6928,145,41504,32418,39819.43,8697140,0
"2021-05-30",7032,4491696,8949,3825369,1074,355626,47,34623,17,6945,64,41568,17119,38478.86,8714259,0
"2021-05-31",4743,4496439,6924,3832293,1012,356638,64,34687,17,6962,81,41649,12760,33864.71,8727019,0
"2021-06-01",16047,4512486,25198,3857491,2176,358814,152,34839,40,7002,192,41841,43613,33572.14,8770632,0
"2021-06-02",15354,4527840,20389,3877880,2094,360908,139,34978,47,7049,186,42027,38023,32886.43,8808655,0
"2021-06-03",15008,4542848,23820,3901700,2281,363189,128,35106,44,7093,172,42199,41281,32708,8849936,0
"2021-06-04",14725,4557573,25999,3927699,2492,365681,143,35249,39,7132,182,42381,43398,32658.86,8893334,0
"2021-06-05",10994,4568567,22090,3949789,1806,367487,114,35363,30,7162,144,42525,35034,33032.57,8928368,0
"2021-06-06",6445,4575012,14484,3964273,1222,368709,87,35450,13,7175,100,42625,22251,33765.71,8950619,0
"2021-06-07",11704,4586716,21784,3986057,2379,371088,139,35589,35,7210,174,42799,36041,37091.57,8986660,0
"2021-06-08",12639,4599355,24026,4010083,2072,373160,118,35707,45,7255,163,42962,38900,36418.29,9025560,0
"2021-06-09",11138,4610493,23029,4033112,2299,375459,133,35840,39,7294,172,43134,36638,36220.43,9062198,0
"2021-06-10",12067,4622560,22235,4055347,2462,377921,141,35981,57,7351,198,43332,36962,35603.43,9099160,0
"2021-06-11",12710,4635270,25122,4080469,2484,380405,155,36136,59,7410,214,43546,40530,35193.71,9139690,0
"2021-06-12",10167,4645437,19311,4099780,1888,382293,94,36230,40,7450,134,43680,31500,34688.86,9171190,0
"2021-06-13",4257,4649694,10936,4110716,1219,383512,42,36272,21,7471,63,43743,16475,33863.71,9187665,0
"2021-06-14",10209,4659903,19241,4129957,2043,385555,126,36398,51,7522,177,43920,31670,33239.29,9219335,0
"2021-06-15",11886,4671789,21014,4150971,1943,387498,131,36529,41,7563,172,44092,35015,32684.29,9254350,0
"2021-06-16",11588,4683377,19411,4170382,1957,389455,140,36669,68,7631,208,44300,33164,32188,9287514,0
"2021-06-17",11025,4694402,18764,4189146,1972,391427,121,36790,34,7665,155,44455,31916,31467.14,9319430,0
"2021-06-18",12166,4706568,18502,4207648,2116,393543,113,36903,36,7701,149,44604,32933,30381.86,9352363,0
"2021-06-19",8498,4715066,13521,4221169,1459,395002,82,36985,20,7721,102,44706,23580,29250.43,9375943,0
"2021-06-20",4336,4719402,7158,4228327,924,395926,36,37021,17,7738,53,44759,12471,28678.43,9388414,0
"2021-06-21",10164,4729566,10008,4238335,1806,397732,68,37089,28,7766,96,44855,22074,27307.57,9410488,0
"2021-06-22",9836,4739402,15641,4253976,1589,399321,105,37194,27,7793,132,44987,27198,26190.86,9437686,0
"2021-06-23",10313,4749715,15187,4269163,1860,401181,102,37296,29,7822,131,45118,27491,25380.43,9465177,0
"2021-06-24",9689,4759404,14698,4283861,1799,402980,118,37414,26,7848,144,45262,26330,24582.43,9491507,0
"2021-06-25",10591,4769995,14386,4298247,1719,404699,110,37524,37,7885,147,45409,26843,23712.43,9518350,0
"2021-06-26",7803,4777798,10465,4308712,1247,405946,74,37598,24,7909,98,45507,19613,23145.71,9537963,0
"2021-06-27",5001,4782799,6001,4314713,795,406741,33,37631,14,7923,47,45554,11844,23056.14,9549807,0
"2021-06-28",9037,4791836,10344,4325057,1524,408265,107,37738,26,7949,133,45687,21038,22908.14,9570845,0
"2021-06-29",9747,4801583,12319,4337376,1347,409612,122,37860,29,7978,151,45838,23564,22389,9594409,0
"2021-06-30",9435,4811018,10928,4348304,1481,411093,147,38007,16,7994,163,46001,22007,21605.57,9616416,0
"2021-07-01",9398,4820416,10929,4359233,1431,412524,125,38132,24,8018,149,46150,21907,20973.71,9638323,0
"2021-07-02",9694,4830110,11451,4370684,1541,414065,120,38252,23,8041,143,46293,22829,20400.29,9661152,0
"2021-07-03",7057,4837167,8424,4379108,1193,415258,75,38327,16,8057,91,46384,16765,19993.43,9677917,0
"2021-07-04",1288,4838455,1336,4380444,567,415825,8,38335,3,8060,11,46395,3202,18758.86,9681119,0
"2021-07-05",6496,4844951,7106,4387550,1208,417033,64,38399,20,8080,84,46479,14894,17881.14,9696013,0
"2021-07-06",9511,4854462,12852,4400402,1316,418349,114,38513,35,8115,149,46628,23828,17918.86,9719841,0
"2021-07-07",8669,4863131,11108,4411510,1419,419768,121,38634,19,8134,140,46768,21336,17823,9741177,0
"2021-07-08",8209,4871340,10192,4421702,1260,421028,107,38741,21,8155,128,46896,19789,17520.43,9760966,0
"2021-07-09",8375,4879715,10833,4432535,1278,422306,90,38831,17,8172,107,47003,20593,17201,9781559,0
"2021-07-10",7106,4886821,8630,4441165,1132,423438,62,38893,20,8192,82,47085,16950,17227.43,9798509,0
"2021-07-11",4105,4890926,4539,4445704,703,424141,34,38927,6,8198,40,47125,9387,18111,9807896,0
"2021-07-12",8452,4899378,9555,4455259,1250,425391,82,39009,22,8220,104,47229,19361,18749.14,9827257,0
"2021-07-13",9461,4908839,9392,4464651,951,426342,105,39114,33,8253,138,47367,19942,18194,9847199,0
"2021-07-14",9000,4917839,9531,4474182,1009,427351,105,39219,19,8272,124,47491,19664,17955.14,9866863,0
"2021-07-15",8791,4926630,9154,4483336,1051,428402,81,39300,17,8289,98,47589,19094,17855.86,9885957,0
"2021-07-16",9243,4935873,9760,4493096,978,429380,102,39402,31,8320,133,47722,20114,17787.43,9906071,0
"2021-07-17",6842,4942715,7387,4500483,802,430182,80,39482,19,8339,99,47821,15130,17527.43,9921201,0
"2021-07-18",4257,4946972,4282,4504765,569,430751,36,39518,14,8353,50,47871,9158,17494.71,9930359,0
"2021-07-19",9122,4956094,8477,4513242,999,431750,90,39608,20,8373,110,47981,18708,17401.43,9949067,0
"2021-07-20",10650,4966744,8760,4522002,991,432741,92,39700,24,8397,116,48097,20517,17483.57,9969584,0
"2021-07-21",10051,4976795,8763,4530765,903,433644,146,39846,31,8428,177,48274,19894,17516.43,9989478,0
"2021-07-22",10688,4987483,8586,4539351,1046,434690,143,39989,26,8454,169,48443,20489,17715.71,10009967,0
"2021-07-23",11252,4998735,8882,4548233,1114,435804,137,40126,22,8476,159,48602,21407,17900.43,10031374,0
"2021-07-24",7406,5006141,6735,4554968,670,436474,81,40207,22,8498,103,48705,14914,17869.57,10046288,0
"2021-07-25",5477,5011618,2126,4557094,509,436983,59,40266,4,8502,63,48768,8175,17729.14,10054463,0
"2021-07-26",10873,5022491,7002,4564096,859,437842,109,40375,17,8519,126,48894,18860,17750.86,10073323,0
"2021-07-27",12057,5034548,8566,4572662,857,438699,133,40508,34,8553,167,49061,21647,17912.29,10094970,0
"2021-07-28",11992,5046540,8049,4580711,950,439649,131,40639,24,8577,155,49216,21146,18091.14,10116116,0
"2021-07-29",10935,5057475,7429,4588140,984,440633,133,40772,39,8616,172,49388,19520,17952.71,10135636,0
"2021-07-30",14953,5072428,8013,4596153,1150,441783,181,40953,28,8644,209,49597,24325,18369.57,10159961,0
"2021-07-31",9727,5082155,6315,4602468,816,442599,119,41072,20,8664,139,49736,16997,18667.14,10176958,0
"2021-08-01",6504,5088659,3308,4605776,564,443163,81,41153,19,8683,100,49836,10476,18995.86,10187434,0
"2021-08-02",13451,5102110,7153,4612929,847,444010,144,41297,18,8701,162,49998,21613,19389.14,10209047,0
"2021-08-03",15414,5117524,8385,4621314,1109,445119,144,41441,33,8734,177,50175,25085,19880.29,10234132,0
"2021-08-04",17262,5134786,8124,4629438,1454,446573,180,41621,31,8765,211,50386,27051,20723.86,10261183,0
"2021-08-05",17865,5152651,7928,4637366,1366,447939,161,41782,17,8782,178,50564,27337,21840.57,10288520,0
"2021-08-06",18176,5170827,8415,4645781,1233,449172,162,41944,30,8812,192,50756,28016,22367.86,10316536,0
"2021-08-07",13387,5184214,6015,4651796,799,449971,100,42044,26,8838,126,50882,20327,22843.57,10336863,0
"2021-08-08",9310,5193524,3834,4655630,399,450370,83,42127,8,8846,91,50973,13634,23294.71,10350497,0
"2021-08-09",21340,5214864,8528,4664158,964,451334,168,42295,34,8880,202,51175,31034,24640.57,10381531,0
"2021-08-10",18921,5233785,9329,4673487,947,452281,176,42471,32,8912,208,51383,29405,25257.71,10410936,0
"2021-08-11",15649,5249434,8306,4681793,853,453134,127,42598,40,8952,167,51550,24975,24961.14,10435911,0
"2021-08-12",15045,5264479,8979,4690772,940,454074,169,42767,33,8985,202,51752,25166,24651,10461077,0
"2021-08-13",14924,5279403,9292,4700064,921,454995,238,43005,36,9021,274,52026,25411,24278.86,10486488,0
"2021-08-14",10407,5289810,6407,4706471,625,455620,529,43534,40,9061,569,52595,18008,23947.57,10504496,0
"2021-08-15",6694,5296504,4477,4710948,676,456296,567,44101,31,9092,598,53193,12445,23777.71,10516941,0
"2021-08-16",15723,5312227,9299,4720247,1150,457446,1318,45419,62,9154,1380,54573,27552,23280.29,10544493,0
"2021-08-17",17777,5330004,10435,4730682,1224,458670,1763,47182,80,9234,1843,56416,31279,23548,10575772,0
"2021-08-18",17509,5347513,10360,4741042,1261,459931,1986,49168,91,9325,2077,58493,31207,24438.29,10606979,0
"2021-08-19",16301,5363814,9520,4750562,1315,461246,1951,51119,63,9388,2014,60507,29150,25007.43,10636129,0
"2021-08-20",16282,5380096,11536,4762098,1254,462500,1854,52973,83,9471,1937,62444,31009,25807.14,10667138,0
"2021-08-21",11149,5391245,8042,4770140,878,463378,1054,54027,52,9523,1106,63550,21175,26259.57,10688313,0
"2021-08-22",4081,5395326,3901,4774041,262,463640,514,54541,32,9555,546,64096,8790,25737.43,10697103,0
"2021-08-23",15585,5410911,11796,4785837,1023,464663,1547,56088,72,9627,1619,65715,30023,26090.43,10727126,0
"2021-08-24",16917,5427828,12595,4798432,1006,465669,1770,57858,73,9700,1843,67558,32361,26245,10759487,0
"2021-08-25",14588,5442416,12441,4810873,1110,466779,1564,59422,76,9776,1640,69198,29779,26041,10789266,0
"2021-08-26",16167,5458583,14082,4824955,1072,467851,1768,61190,67,9843,1835,71033,33156,26613.29,10822422,0
"2021-08-27",14883,5473466,14821,4839776,971,468822,1667,62857,74,9917,1741,72774,32416,26814.29,10854838,0
"2021-08-28",10683,5484149,11522,4851298,836,469658,1012,63869,42,9959,1054,73828,24095,27231.43,10878933,0
"2021-08-29",7220,5491369,7494,4858792,541,470199,777,64646,54,10013,831,74659,16086,28273.71,10895019,0
"2021-08-30",15524,5506893,16926,4875718,1077,471276,1793,66439,82,10095,1875,76534,35402,29042.14,10930421,0
"2021-08-31",15523,5522416,15952,4891670,951,472227,1968,68407,84,10179,2052,78586,34478,29344.57,10964899,0
"2021-09-01",14831,5537247,14098,4905768,1020,473247,1805,70212,61,10240,1866,80452,31815,29635.43,10996714,0
"2021-09-02",14333,5551580,12518,4918286,896,474143,1703,71915,59,10299,1762,82214,29509,29114.43,11026223,0
"2021-09-03",15018,5566598,14301,4932587,974,475117,1894,73809,69,10368,1963,84177,32256,29091.57,11058479,0
"2021-09-04",9647,5576245,9407,4941994,688,475805,973,74782,33,10401,1006,85183,20748,28613.43,11079227,0
"2021-09-05",6805,5583050,5515,4947509,438,476243,709,75491,13,10414,722,85905,13480,28241.14,11092707,0
"2021-09-06",5196,5588246,4513,4952022,358,476601,270,75761,11,10425,281,86186,10348,24662,11103055,0
"2021-09-07",15580,5603826,17695,4969717,912,477513,1553,77314,87,10512,1640,87826,35827,24854.71,11138882,0
"2021-09-08",16166,5619992,14823,4984540,1072,478585,1768,79082,77,10589,1845,89671,33906,25153.43,11172788,0
"2021-09-09",16117,5636109,14748,4999288,1047,479632,1912,80994,71,10660,1983,91654,33895,25780,11206683,0
"2021-09-10",18376,5654485,15394,5014682,1208,480840,1969,82963,79,10739,2048,93702,37026,26461.43,11243709,0
"2021-09-11",12638,5667123,10347,5025029,958,481798,1026,83989,46,10785,1072,94774,25015,27071,11268724,0
"2021-09-12",8539,5675662,5051,5030080,766,482564,689,84678,29,10814,718,95492,15074,27298.71,11283798,0
"2021-09-13",16937,5692599,12957,5043037,976,483540,1650,86328,53,10867,1703,97195,32573,30473.71,11316371,0
"2021-09-14",16273,5708872,13677,5056714,886,484426,1591,87919,51,10918,1642,98837,32478,29995.29,11348849,0
"2021-09-15",15547,5724419,12879,5069593,727,485153,1565,89484,79,10997,1644,100481,30797,29551.14,11379646,0
"2021-09-16",15343,5739762,13905,5083498,1210,486363,1457,90941,63,11060,1520,102001,31978,29277.29,11411624,0
"2021-09-17",14438,5754200,13963,5097461,922,487285,1826,92767,54,11114,1880,103881,31203,28445.43,11442827,0
"2021-09-18",10004,5764204,10176,5107637,913,488198,1045,93812,40,11154,1085,104966,22178,28040.14,11465005,0
"2021-09-19",6179,5770383,6072,5113709,558,488756,746,94558,28,11182,774,105740,13583,27827.14,11478588,0
"2021-09-20",12678,5783061,12627,5126336,1067,489823,1919,96477,55,11237,1974,107714,28346,27223.29,11506934,0
"2021-09-21",12237,5795298,12767,5139103,1110,490933,2021,98498,76,11313,2097,109811,28211,26613.71,11535145,0
"2021-09-22",12823,5808121,12003,5151106,1089,492022,1682,100180,66,11379,1748,111559,27663,26166,11562808,0
"2021-09-23",14943,5823064,12758,5163864,1639,493661,2265,102445,71,11450,2336,113895,31676,26122.86,11594484,0
"2021-09-24",16450,5839514,13367,5177231,1633,495294,4624,107069,109,11559,4733,118628,36183,26834.29,11630667,0
"2021-09-25",10543,5850057,9023,5186254,1018,496312,3461,110530,77,11636,3538,122166,24122,27112,11654789,0
"2021-09-26",6304,5856361,5762,5192016,773,497085,2422,112952,55,11691,2477,124643,15316,27359.57,11670105,0
"2021-09-27",14163,5870524,8051,5200067,1155,498240,9059,122011,157,11848,9216,133859,32585,27965.14,11702690,0
"2021-09-28",11149,5881673,11778,5211845,901,499141,9909,131920,171,12019,10080,143939,33908,28779,11736598,0
"2021-09-29",11606,5893279,12192,5224037,1206,500347,9446,141366,160,12179,9606,153545,34610,29771.43,11771208,0
"2021-09-30",12243,5905522,12604,5236641,1338,501685,9740,151106,171,12350,9911,163456,36096,30402.86,11807304,0
"2021-10-01",12648,5918170,13430,5250071,1284,502969,10263,161369,145,12495,10408,173864,37770,30629.57,11845074,0
"2021-10-02",7735,5925905,9974,5260045,865,503834,4239,165608,74,12569,4313,178177,22887,30453.14,11867961,0
"2021-10-03",5080,5930985,6156,5266201,593,504427,2610,168218,54,12623,2664,180841,14493,30335.57,11882454,0
"2021-10-04",9912,5940897,11023,5277224,913,505340,9518,177736,139,12762,9657,190498,31505,30181.29,11913959,0
"2021-10-05",10165,5951062,11737,5288961,972,506312,9933,187669,170,12932,10103,200601,32977,30048.29,11946936,0
"2021-10-06",9916,5960978,11057,5300018,937,507249,9927,197596,151,13083,10078,210679,31988,29673.71,11978924,0
"2021-10-07",9666,5970644,12195,5312213,853,508102,10189,207785,165,13248,10354,221033,33068,29241.14,12011992,0
"2021-10-08",9464,5980108,12174,5324387,942,509044,10903,218688,158,13406,11061,232094,33641,28651.29,12045633,0
"2021-10-09",6261,5986369,8276,5332663,649,509693,4117,222805,87,13493,4204,236298,19390,28151.71,12065023,0
"2021-10-10",3541,5989910,5029,5337692,458,510151,2433,225238,40,13533,2473,238771,11501,27724.29,12076524,0
"2021-10-11",7625,5997535,9331,5347023,728,510879,8885,234123,153,13686,9038,247809,26722,27041,12103246,0
"2021-10-12",8078,6005613,10999,5358022,891,511770,10508,244631,178,13864,10686,258495,30654,26709.14,12133900,0
"2021-10-13",7156,6012769,10145,5368167,869,512639,8798,253429,175,14039,8973,267468,27143,26017,12161043,0
"2021-10-14",7445,6020214,11113,5379280,836,513475,10114,263543,158,14197,10272,277740,29666,25531,12190709,0
"2021-10-15",7731,6027945,11864,5391144,823,514298,10805,274348,163,14360,10968,288708,31386,25208.86,12222095,0
"2021-10-16",4866,6032811,7467,5398611,666,514964,3843,278191,65,14425,3908,292616,16907,24854.14,12239002,0
"2021-10-17",3061,6035872,4473,5403084,411,515375,2451,280642,40,14465,2491,295107,10436,24702,12249438,0
"2021-10-18",7057,6042929,10666,5413750,796,516171,9475,290117,163,14628,9638,304745,28157,24907,12277595,0
"2021-10-19",6579,6049508,8945,5422695,804,516975,9084,299201,164,14792,9248,313993,25576,24181.57,12303171,0
"2021-10-20",6540,6056048,9375,5432070,975,517950,9978,309179,170,14962,10148,324141,27038,24166.57,12330209,0
"2021-10-21",7033,6063081,9378,5441448,858,518808,10840,320019,147,15109,10987,335128,28256,23965.14,12358465,0
"2021-10-22",8131,6071212,10343,5451791,1026,519834,16339,336358,207,15316,16546,351674,36046,24630.86,12394511,0
"2021-10-23",5173,6076385,6458,5458249,690,520524,9119,345477,110,15426,9229,360903,21550,25294.14,12416061,0
"2021-10-24",3275,6079660,3972,5462221,770,521294,6151,351628,72,15498,6223,367126,14240,25837.57,12430301,0
"2021-10-25",8777,6088437,8742,5470963,1149,522443,19244,370872,283,15781,19527,386653,38195,27271.57,12468496,0
"2021-10-26",8206,6096643,7724,5478687,1258,523701,17282,388154,255,16036,17537,404190,34725,28578.57,12503221,0
"2021-10-27",10572,6107215,8394,5487081,1603,525304,20849,409003,300,16336,21149,425339,41718,30675.71,12544939,0
"2021-10-28",11335,6118550,8039,5495120,1793,527097,20834,429837,310,16646,21144,446483,42311,32683.57,12587250,0
"2021-10-29",11844,6130394,8241,5503361,1963,529060,22523,452360,313,16959,22836,469319,44884,33946.14,12632134,0
"2021-10-30",4631,6135025,5059,5508420,932,529992,11164,463524,157,17116,11321,480640,21943,34002.29,12654077,0
"2021-10-31",2665,6137690,2702,5511122,544,530536,6636,470160,95,17211,6731,487371,12642,33774,12666719,0
"2021-11-01",7144,6144834,6956,5518078,1089,531625,20378,490538,309,17520,20687,508058,35876,33442.71,12702595,0
"2021-11-02",6588,6151422,6593,5524671,1055,532680,20773,511311,260,17780,21033,529091,35269,33520.43,12737864,0
"2021-11-03",6856,6158278,6682,5531353,1026,533706,20624,531935,290,18070,20914,550005,35478,32629,12773342,0
"2021-11-04",9314,6167592,6279,5537632,995,534701,22351,554286,339,18409,22690,572695,39278,32195.71,12812620,0
"2021-11-05",11066,6178658,6723,5544355,1051,535752,23755,578041,337,18746,24092,596787,42932,31916.86,12855552,0
"2021-11-06",11132,6189790,4050,5548405,594,536346,12590,590631,160,18906,12750,609537,28526,32857.29,12884078,0
"2021-11-07",7256,6197046,2287,5550692,577,536923,7107,597738,87,18993,7194,616731,17314,33524.71,12901392,0
"2021-11-08",15058,6212104,5680,5556372,865,537788,19503,617241,268,19261,19771,636502,41374,34310.14,12942766,0
"2021-11-09",16159,6228263,5391,5561763,661,538449,20503,637744,259,19520,20762,657264,42973,35410.71,12985739,0
"2021-11-10",16941,6245204,5323,5567086,683,539132,22635,660379,280,19800,22915,680179,45862,36894.14,13031601,0
"2021-11-11",12581,6257785,5188,5572274,760,539892,22077,682456,277,20077,22354,702533,40883,37123.43,13072484,0
"2021-11-12",16901,6274686,5687,5577961,706,540598,23383,705839,348,20425,23731,726264,47025,37708.14,13119509,0
"2021-11-13",9947,6284633,3663,5581624,464,541062,13320,719159,173,20598,13493,739757,27567,37571.14,13147076,0
"2021-11-14",6020,6290653,2293,5583917,325,541387,7925,727084,73,20671,7998,747755,16636,37474.29,13163712,0
"2021-11-15",13229,6303882,5974,5589891,690,542077,25098,752182,340,21011,25438,773193,45331,38039.57,13209043,0
"2021-11-16",9982,6313864,5781,5595672,656,542733,30659,782841,402,21413,31061,804254,47480,38683.43,13256523,0
"2021-11-17",10318,6324182,6675,5602347,681,543414,31405,814246,397,21810,31802,836056,49476,39199.71,13305999,0
"2021-11-18",10743,6334925,6546,5608893,858,544272,32999,847245,429,22239,33428,869484,51575,40727.14,13357574,0
"2021-11-19",12034,6346959,6554,5615447,715,544987,36237,883482,436,22675,36673,906157,55976,42005.86,13413550,0
"2021-11-20",9339,6356298,3419,5618866,513,545500,22509,905991,244,22919,22753,928910,36024,43214,13449574,0
"2021-11-21",4960,6361258,1887,5620753,288,545788,13199,919190,142,23061,13341,942251,20476,43762.57,13470050,0
"2021-11-22",10459,6371717,5790,5626543,751,546539,35904,955094,424,23485,36328,978579,53328,44905,13523378,0
"2021-11-23",9814,6381531,4781,5631324,636,547175,33504,988598,355,23840,33859,1012438,49090,45135,13572468,0
"2021-11-24",8715,6390246,4753,5636077,651,547826,25907,1014505,267,24107,26174,1038612,40293,43823.14,13612761,0
"2021-11-25",449,6390695,325,5636402,80,547906,1003,1015508,9,24116,1012,1039624,1866,36721.86,13614627,0
"2021-11-26",8067,6398762,6988,5643390,530,548436,26582,1042090,280,24396,26862,1066486,42447,34789.14,13657074,0
"2021-11-27",6688,6405450,6834,5650224,371,548807,18835,1060925,211,24607,19046,1085532,32939,34348.43,13690013,0
"2021-11-28",4082,6409532,5784,5656008,282,549089,11876,1072801,113,24720,11989,1097521,22137,34585.71,13712150,0
"2021-11-29",9107,6418639,10985,5666993,687,549776,35019,1107820,411,25131,35430,1132951,56209,34997.29,13768359,0
"2021-11-30",10525,6429164,11434,5678427,513,550289,37780,1145600,471,25602,38251,1171202,60723,36659.14,13829082,0
"2021-12-01",11200,6440364,10985,5689412,723,551012,40339,1185939,420,26022,40759,1211961,63667,39998.29,13892749,0
"2021-12-02",11671,6452035,11036,5700448,627,551639,42149,1228088,433,26455,42582,1254543,65916,49148.29,13958665,0
"2021-12-03",13517,6465552,12892,5713340,677,552316,47905,1275993,495,26950,48400,1302943,75486,53868.14,14034151,0
"2021-12-04",9868,6475420,11295,5724635,567,552883,30667,1306660,288,27238,30955,1333898,52685,56689,14086836,0
"2021-12-05",5765,6481185,5707,5730342,271,553154,16652,1323312,123,27361,16775,1350673,28518,57600.57,14115354,0
"2021-12-06",12358,6493543,9959,5740301,602,553756,43230,1366542,425,27786,43655,1394328,66574,59081.29,14181928,0
"2021-12-07",12616,6506159,9256,5749557,625,554381,43020,1409562,480,28266,43500,1437828,65997,59834.71,14247925,0
"2021-12-08",13551,6519710,8771,5758328,554,554935,40773,1450335,452,28718,41225,1479053,64101,59896.71,14312026,0
"2021-12-09",13526,6533236,8757,5767085,555,555490,40802,1491137,469,29187,41271,1520324,64109,59638.57,14376135,0
"2021-12-10",14052,6547288,10141,5777226,671,556161,43653,1534790,477,29664,44130,1564454,68994,58711.14,14445129,0
"2021-12-11",10283,6557571,8118,5785344,405,556566,26693,1561483,261,29925,26954,1591408,45760,57721.86,14490889,0
"2021-12-12",6025,6563596,3856,5789200,290,556856,15160,1576643,129,30054,15289,1606697,25460,57285,14516349,0
"2021-12-13",12248,6575844,7427,5796627,657,557513,37868,1614511,374,30428,38242,1644939,58574,56142.14,14574923,0
"2021-12-14",12255,6588099,6957,5803584,731,558244,38137,1652648,413,30841,38550,1683489,58493,55070.14,14633416,0
"2021-12-15",12121,6600220,6239,5809823,756,559000,38115,1690763,471,31312,38586,1722075,57702,54156,14691118,0
"2021-12-16",13144,6613364,4275,5814098,741,559741,41037,1731800,424,31736,41461,1763536,59621,53514.86,14750739,0
"2021-12-17",15961,6629325,6934,5821032,620,560361,46750,1778550,452,32188,47202,1810738,70717,53761,14821456,0
"2021-12-18",13032,6642357,5719,5826751,432,560793,30611,1809161,257,32445,30868,1841606,50051,54374,14871507,0
"2021-12-19",7030,6649387,2997,5829748,326,561119,17992,1827153,164,32609,18156,1859762,28509,54809.57,14900016,0
"2021-12-20",16886,6666273,5865,5835613,747,561866,47412,1874565,541,33150,47953,1907715,71451,56649.14,14971467,0
"2021-12-21",17978,6684251,6576,5842189,806,562672,48888,1923453,555,33705,49443,1957158,74803,58979.14,15046270,0
"2021-12-22",18548,6702799,6561,5848750,938,563610,49644,1973097,512,34217,50156,2007314,76203,61622.14,15122473,0
"2021-12-23",19051,6721850,6477,5855227,929,564539,45809,2018906,502,34719,46311,2053625,72768,63500.29,15195241,0
"2021-12-24",9240,6731090,2953,5858180,598,565137,20589,2039495,202,34921,20791,2074416,33582,58195.29,15228823,0
"2021-12-25",343,6731433,64,5858244,31,565168,427,2039922,8,34929,435,2074851,873,51169.86,15229696,0
"2021-12-26",7969,6739402,3927,5862171,341,565509,17273,2057195,165,35094,17438,2092289,29675,51336.43,15259371,0
"2021-12-27",21794,6761196,9204,5871375,932,566441,43419,2100614,529,35623,43948,2136237,75878,51968.86,15335249,0
"2021-12-28",20160,6781356,8330,5879705,698,567139,47560,2148174,583,36206,48143,2184380,77331,52330,15412580,0
"2021-12-29",18499,6799855,7673,5887378,607,567746,45525,2193699,463,36669,45988,2230368,72767,51839.14,15485347,0
"2021-12-30",16882,6816737,7418,5894796,584,568330,44807,2238506,557,37226,45364,2275732,70248,51479.14,15555595,0
"2021-12-31",5361,6822098,2808,5897604,193,568523,14759,2253265,173,37399,14932,2290664,23294,50009.43,15578889,0
"2022-01-01",243,6822341,147,5897751,11,568534,501,2253766,20,37419,521,2291185,922,50016.43,15579811,0
"2022-01-02",6432,6828773,5021,5902772,153,568687,10974,2264740,107,37526,11081,2302266,22687,49018.14,15602498,0
"2022-01-03",14156,6842929,8480,5911252,515,569202,26896,2291636,313,37839,27209,2329475,50360,45372.71,15652858,0
"2022-01-04",13007,6855936,8097,5919349,414,569616,27074,2318710,343,38182,27417,2356892,48935,41316.14,15701793,0
"2022-01-05",11556,6867492,6989,5926338,384,570000,25796,2344506,292,38474,26088,2382980,45017,37351.86,15746810,0
"2022-01-06",11503,6878995,7383,5933721,485,570485,27502,2372008,320,38794,27822,2410802,47193,34058.29,15794003,0
"2022-01-07",10422,6889417,8417,5942138,337,570822,24998,2397006,305,39099,25303,2436105,44479,37084.71,15838482,0
"2022-01-08",7891,6897308,8565,5950703,310,571132,19434,2416440,171,39270,19605,2455710,36371,42148.86,15874853,0
"2022-01-09",4136,6901444,3843,5954546,214,571346,10057,2426497,87,39357,10144,2465854,18337,41527.43,15893190,0
"2022-01-10",10180,6911624,8188,5962734,490,571836,24600,2451097,288,39645,24888,2490742,43746,40582.57,15936936,0
"2022-01-11",8898,6920522,7998,5970732,521,572357,21016,2472113,270,39915,21286,2512028,38703,39120.86,15975639,0
"2022-01-12",8939,6929461,8319,5979051,428,572785,22326,2494439,282,40197,22608,2534636,40294,38446.14,16015933,0
"2022-01-13",9048,6938509,8864,5987915,450,573235,22870,2517309,301,40498,23171,2557807,41533,37637.57,16057466,0
"2022-01-14",10119,6948628,8120,5996035,476,573711,26426,2543735,306,40804,26732,2584539,45447,37775.86,16102913,0
"2022-01-15",6206,6954834,4308,6000343,179,573890,15144,2558879,167,40971,15311,2599850,26004,36294.86,16128917,0
"2022-01-16",2918,6957752,3251,6003594,95,573985,7817,2566696,79,41050,7896,2607746,14160,35698.14,16143077,0
"2022-01-17",6083,6963835,6760,6010354,363,574348,14672,2581368,206,41256,14878,2622624,28084,33460.71,16171161,0
"2022-01-18",8170,6972005,10315,6020669,397,574745,19657,2601025,310,41566,19967,2642591,38849,33481.57,16210010,0
"2022-01-19",7477,6979482,9249,6029918,305,575050,17703,2618728,263,41829,17966,2660557,34997,32724.86,16245007,0
"2022-01-20",6282,6985764,8561,6038479,305,575355,15246,2633974,230,42059,15476,2676033,30624,31166.43,16275631,0
"2022-01-21",7579,6993343,7501,6045980,276,575631,18501,2652475,274,42333,18775,2694808,34131,29549.86,16309762,0
"2022-01-22",5192,6998535,4938,6050918,131,575762,11318,2663793,120,42453,11438,2706246,21699,28934.86,16331461,0
"2022-01-23",2812,7001347,3329,6054247,97,575859,6227,2670020,74,42527,6301,2712547,12539,28703.29,16344000,0
"2022-01-24",6370,7007717,8197,6062444,262,576121,15075,2685095,231,42758,15306,2727853,30135,28996.29,16374135,0
"2022-01-25",6194,7013911,7937,6070381,233,576354,14683,2699778,254,43012,14937,2742790,29301,27632.29,16403436,0
"2022-01-26",5754,7019665,7169,6077550,289,576643,14014,2713792,205,43217,14219,2757009,27431,26551.43,16430867,0
"2022-01-27",5263,7024928,7090,6084640,321,576964,14077,2727869,227,43444,14304,2771313,26978,26030.57,16457845,0
"2022-01-28",6268,7031196,7863,6092503,203,577167,16126,2743995,231,43675,16357,2787670,30691,25539.14,16488536,0
"2022-01-29",841,7032037,727,6093230,28,577195,2537,2746532,39,43714,2576,2790246,4172,23035.29,16492708,0
"2022-01-30",2096,7034133,3021,6096251,103,577298,4536,2751068,61,43775,4597,2794843,9817,22646.43,16502525,0
"2022-01-31",5003,7039136,6598,6102849,220,577518,11373,2762441,194,43969,11567,2806410,23388,21682.57,16525913,0
"2022-02-01",4844,7043980,6436,6109285,219,577737,10706,2773147,210,44179,10916,2817326,22415,20698.86,16548328,0
"2022-02-02",4252,7048232,5923,6115208,213,577950,11224,2784371,233,44412,11457,2828783,21845,19900.86,16570173,0
"2022-02-03",4234,7052466,5805,6121013,216,578166,11208,2795579,194,44606,11402,2840185,21657,19140.71,16591830,0
"2022-02-04",4778,7057244,7112,6128125,214,578380,13212,2808791,231,44837,13443,2853628,25547,18405.86,16617377,0
"2022-02-05",3589,7060833,6049,6134174,110,578490,8570,2817361,147,44984,8717,2862345,18465,20447.71,16635842,0
"2022-02-06",2061,7062894,2134,6136308,121,578611,4637,2821998,102,45086,4739,2867084,9055,20338.86,16644897,0
"2022-02-07",4158,7067052,4723,6141031,205,578816,10133,2832131,226,45312,10359,2877443,19445,19775.57,16664342,0
"2022-02-08",4224,7071276,5609,6146640,214,579030,11324,2843455,300,45612,11624,2889067,21671,19669.29,16686013,0
"2022-02-09",4140,7075416,5402,6152042,222,579252,11658,2855113,247,45859,11905,2900972,21669,19644.14,16707682,0
"2022-02-10",4000,7079416,5118,6157160,245,579497,12195,2867308,276,46135,12471,2913443,21834,19669.43,16729516,0
"2022-02-11",4516,7083932,5805,6162965,195,579692,13733,2881041,310,46445,14043,2927486,24559,19528.29,16754075,0
"2022-02-12",3258,7087190,4341,6167306,97,579789,8807,2889848,211,46656,9018,2936504,16714,19278.14,16770789,0
"2022-02-13",1520,7088710,1542,6168848,41,579830,4879,2894727,105,46761,4984,2941488,8087,19139.86,16778876,0
"2022-02-14",2987,7091697,3621,6172469,167,579997,10566,2905293,321,47082,10887,2952375,17662,18885.14,16796538,0
"2022-02-15",3562,7095259,4070,6176539,176,580173,12777,2918070,270,47352,13047,2965422,20855,18768.57,16817393,0
"2022-02-16",3666,7098925,3896,6180435,200,580373,15702,2933772,287,47639,15989,2981411,23751,19066,16841144,0
"2022-02-17",4041,7102966,4081,6184516,162,580535,18267,2952039,353,47992,18620,3000031,26904,19790.29,16868048,0
"2022-02-18",4479,7107445,4780,6189296,190,580725,21530,2973569,445,48437,21975,3022006,31424,20771,16899472,0
"2022-02-19",3256,7110701,2180,6191476,65,580790,11173,2984742,211,48648,11384,3033390,16885,20795.43,16916357,0
"2022-02-20",1861,7112562,1447,6192923,59,580849,6576,2991318,111,48759,6687,3040077,10054,21076.43,16926411,0
"2022-02-21",3088,7115650,2690,6195613,95,580944,8352,2999670,220,48979,8572,3048649,14445,20616.86,16940856,0
"2022-02-22",4381,7120031,4248,6199861,175,581119,10829,3010499,246,49225,11075,3059724,19879,20477.43,16960735,0
"2022-02-23",4272,7124303,3793,6203654,145,581264,10657,3021156,235,49460,10892,3070616,19102,19813.29,16979837,0
"2022-02-24",3799,7128102,3655,6207309,108,581372,10182,3031338,227,49687,10409,3081025,17971,18537.14,16997808,0
"2022-02-25",3620,7131722,3621,6210930,134,581506,9975,3041313,229,49916,10204,3091229,17579,16559.29,17015387,0
"2022-02-26",2842,7134564,2579,6213509,74,581580,9507,3050820,151,50067,9658,3100887,15153,16311.86,17030540,0
"2022-02-27",1773,7136337,1372,6214881,52,581632,6267,3057087,97,50164,6364,3107251,9561,16241.43,17040101,0
"2022-02-28",3805,7140142,3132,6218013,140,581772,13123,3070210,246,50410,13369,3120620,20446,17098.71,17060547,0
"2022-03-01",2138,7142280,2622,6220635,103,581875,5170,3075380,181,50591,5351,3125971,10214,15718,17070761,0
"2022-03-02",1841,7144121,2437,6223072,106,581981,4122,3079502,204,50795,4326,3130297,8710,14233.43,17079471,0
"2022-03-03",1939,7146060,2556,6225628,106,582087,3794,3083296,168,50963,3962,3134259,8563,12889.43,17088034,0
"2022-03-04",2121,7148181,2873,6228501,66,582153,4327,3087623,205,51168,4532,3138791,9592,11748.43,17097626,0
"2022-03-05",1611,7149792,2125,6230626,43,582196,3315,3090938,112,51280,3427,3142218,7206,10613.14,17104832,0
"2022-03-06",799,7150591,879,6231505,30,582226,1622,3092560,54,51334,1676,3143894,3384,9730.71,17108216,0
"2022-03-07",1667,7152258,1787,6233292,86,582312,3495,3096055,159,51493,3654,3147548,7194,7837.57,17115410,0
"2022-03-08",1550,7153808,1892,6235184,80,582392,3123,3099178,145,51638,3268,3150816,6790,7348.43,17122200,0
"2022-03-09",1269,7155077,1667,6236851,79,582471,2582,3101760,129,51767,2711,3153527,5726,6922.14,17127926,0
"2022-03-10",1421,7156498,2099,6238950,85,582556,2952,3104712,159,51926,3111,3156638,6716,6658.29,17134642,0
"2022-03-11",1605,7158103,2271,6241221,81,582637,3212,3107924,186,52112,3398,3160036,7355,6338.71,17141997,0
"2022-03-12",879,7158982,1413,6242634,40,582677,2004,3109928,72,52184,2076,3162112,4408,5939,17146405,0
"2022-03-13",626,7159608,757,6243391,27,582704,1292,3111220,47,52231,1339,3163451,2749,5848.29,17149154,0
"2022-03-14",1376,7160984,1601,6244992,83,582787,2988,3114208,204,52435,3192,3166643,6252,5713.71,17155406,0
"2022-03-15",1363,7162347,1924,6246916,63,582850,3068,3117276,227,52662,3295,3169938,6645,5693,17162051,0
"2022-03-16",1401,7163748,2065,6248981,94,582944,3132,3120408,293,52955,3425,3173363,6985,5872.86,17169036,0
"2022-03-17",1183,7164931,1807,6250788,70,583014,2757,3123165,262,53217,3019,3176382,6079,5781.86,17175115,0
"2022-03-18",1592,7166523,2210,6252998,80,583094,3767,3126932,413,53630,4180,3180562,8062,5882.86,17183177,0
"2022-03-19",1113,7167636,1733,6254731,54,583148,2595,3129527,225,53855,2820,3183382,5720,6070.29,17188897,0
"2022-03-20",612,7168248,627,6255358,33,583181,1463,3130990,183,54038,1646,3185028,2918,6094.43,17191815,0
"2022-03-21",1423,7169671,1550,6256908,72,583253,3052,3134042,352,54390,3404,3188432,6449,6122.57,17198264,0
"2022-03-22",1344,7171015,1551,6258459,101,583354,2902,3136944,338,54728,3240,3191672,6236,6064.14,17204500,0
"2022-03-23",1263,7172278,1361,6259820,66,583420,2916,3139860,371,55099,3287,3194959,5977,5920.14,17210477,0
"2022-03-24",1209,7173487,1299,6261119,90,583510,2515,3142375,264,55363,2779,3197738,5377,5819.86,17215854,0
"2022-03-25",1391,7174878,1628,6262747,62,583572,3262,3145637,372,55735,3634,3201372,6715,5627.43,17222569,0
"2022-03-26",927,7175805,1163,6263910,36,583608,2301,3147938,249,55984,2550,3203922,4676,5478.29,17227245,0
"2022-03-27",574,7176379,527,6264437,29,583637,1312,3149250,203,56187,1515,3205437,2645,5439.29,17229890,0
"2022-03-28",1088,7177467,1161,6265598,68,583705,2440,3151690,354,56541,2794,3208231,5111,5248.14,17235001,0
"2022-03-29",1052,7178519,1105,6266703,85,583790,2515,3154205,872,57413,3387,3211618,5629,5161.43,17240630,0
"2022-03-30",1250,7179769,1142,6267845,98,583888,3063,3157268,3377,60790,6440,3218058,8930,5583.29,17249560,0
"2022-03-31",1289,7181058,1261,6269106,57,583945,3164,3160432,5472,66262,8636,3226694,11243,6421.29,17260803,0
"2022-04-01",1439,7182497,1496,6270602,76,584021,3248,3163680,6863,73125,10111,3236805,13122,7336.57,17273925,0
"2022-04-02",913,7183410,913,6271515,33,584054,2097,3165777,4494,77619,6591,3243396,8450,7875.71,17282375,0
"2022-04-03",561,7183971,499,6272014,28,584082,1223,3167000,3041,80660,4264,3247660,5352,8262.43,17287727,0
"2022-04-04",1359,7185330,1308,6273322,60,584142,2732,3169732,7644,88304,10376,3258036,13103,9404.14,17300830,0
"2022-04-05",1305,7186635,1164,6274486,66,584208,2858,3172590,7435,95739,10293,3268329,12828,10432.57,17313658,0
"2022-04-06",1329,7187964,1184,6275670,61,584269,2622,3175212,6909,102648,9531,3277860,12105,10886.14,17325763,0
"2022-04-07",1209,7189173,1063,6276733,54,584323,2378,3177590,6571,109219,8949,3286809,11275,10890.71,17337038,0
"2022-04-08",1493,7190666,1404,6278137,62,584385,3166,3180756,8722,117941,11888,3298697,14847,11137.14,17351885,0
"2022-04-09",927,7191593,922,6279059,29,584414,2066,3182822,4911,122852,6977,3305674,8855,11195,17360740,0
"2022-04-10",588,7192181,461,6279520,25,584439,1170,3183992,2868,125720,4038,3309712,5112,11160.71,17365852,0
"2022-04-11",1333,7193514,1235,6280755,59,584498,2662,3186654,7730,133450,10392,3320104,13019,11148.71,17378871,0
"2022-04-12",1220,7194734,1057,6281812,73,584571,2529,3189183,7368,140818,9897,3330001,12247,11065.71,17391118,0
"2022-04-13",1259,7195993,1076,6282888,59,584630,2507,3191690,7484,148302,9991,3339992,12385,11105.71,17403503,0
"2022-04-14",1279,7197272,1100,6283988,59,584689,2431,3194121,6526,154828,8957,3348949,11395,11122.86,17414898,0
"2022-04-15",1349,7198621,1096,6285084,53,584742,2564,3196685,6565,161393,9129,3358078,11627,10662.86,17426525,0
"2022-04-16",872,7199493,653,6285737,33,584775,1638,3198323,3636,165029,5274,3363352,6832,10373.86,17433357,0
"2022-04-17",347,7199840,203,6285940,27,584802,639,3198962,1144,166173,1783,3365135,2360,9980.71,17435717,0
"2022-04-18",1388,7201228,1116,6287056,82,584884,2587,3201549,6359,172532,8946,3374081,11532,9768.29,17447249,0
"2022-04-19",1416,7202644,938,6287994,72,584956,2572,3204121,5697,178229,8269,3382350,10695,9546.57,17457944,0
"2022-04-20",1315,7203959,1143,6289137,65,585021,2684,3206805,6580,184809,9264,3391614,11787,9461.14,17469731,0
"2022-04-21",1225,7205184,1062,6290199,53,585074,2328,3209133,5291,190100,7619,3399233,9959,9256,17479690,0
"2022-04-22",1219,7206403,1026,6291225,46,585120,2199,3211332,5581,195681,7780,3407013,10071,9033.71,17489761,0
"2022-04-23",718,7207121,750,6291975,59,585179,1426,3212758,3322,199003,4748,3411761,6275,8954.14,17496036,0
"2022-04-24",443,7207564,338,6292313,27,585206,814,3213572,1797,200800,2611,3414372,3419,9105.43,17499455,0
"2022-04-25",1033,7208597,913,6293226,64,585270,1850,3215422,5044,205844,6894,3421266,8904,8730,17508359,0
"2022-04-26",947,7209544,858,6294084,76,585346,1752,3217174,4652,210496,6404,3427670,8285,8385.71,17516644,0
"2022-04-27",1041,7210585,1014,6295098,80,585426,1931,3219105,5165,215661,7096,3434766,9231,8020.57,17525875,0
"2022-04-28",1092,7211677,987,6296085,50,585476,2003,3221108,4693,220354,6696,3441462,8825,7858.57,17534700,0
"2022-04-29",1190,7212867,1105,6297190,60,585536,2156,3223264,5327,225681,7483,3448945,9838,7825.29,17544538,0
"2022-04-30",728,7213595,741,6297931,43,585579,1393,3224657,2933,228614,4326,3453271,5838,7762.86,17550376,0
"2022-05-01",447,7214042,367,6298298,20,585599,766,3225423,1639,230253,2405,3455676,3239,7737.14,17553615,0
"2022-05-02",1059,7215101,792,6299090,52,585651,1673,3227096,3778,234031,5451,3461127,7354,7515.71,17560969,0
"2022-05-03",1127,7216228,859,6299949,61,585712,1990,3229086,4818,238849,6808,3467935,8855,7597.14,17569824,0
"2022-05-04",1022,7217250,883,6300832,48,585760,1913,3230999,4594,243443,6507,3474442,8460,7487,17578284,0
"2022-05-05",1057,7218307,952,6301784,86,585846,1926,3232925,4834,248277,6760,3481202,8855,7491.29,17587139,0
"2022-05-06",1096,7219403,959,6302743,51,585897,1864,3234789,4335,252612,6199,3487401,8305,7272.29,17595444,0
"2022-05-07",662,7220065,592,6303335,31,585928,1207,3235996,2410,255022,3617,3491018,4902,7138.57,17600346,0
"2022-05-08",416,7220481,247,6303582,17,585945,669,3236665,1365,256387,2034,3493052,2714,7063.57,17603060,0
"2022-05-09",1083,7221564,948,6304530,60,586005,1883,3238548,4395,260782,6278,3499330,8369,7208.57,17611429,0
"2022-05-10",1099,7222663,926,6305456,54,586059,1987,3240535,4663,265445,6650,3505980,8729,7190.57,17620158,0
"2022-05-11",1095,7223758,978,6306434,44,586103,1938,3242473,4789,270234,6727,3512707,8844,7245.43,17629002,0
"2022-05-12",1101,7224859,948,6307382,58,586161,2002,3244475,4609,274843,6611,3519318,8718,7225.86,17637720,0
"2022-05-13",1164,7226023,1037,6308419,44,586205,2059,3246534,4745,279588,6804,3526122,9049,7332.14,17646769,0
"2022-05-14",830,7226853,670,6309089,31,586236,1470,3248004,2911,282499,4381,3530503,5912,7476.43,17652681,0
"2022-05-15",513,7227366,355,6309444,21,586257,922,3248926,1632,284131,2554,3533057,3443,7580.57,17656124,0
"2022-05-16",1232,7228598,860,6310304,60,586317,1824,3250750,3820,287951,5644,3538701,7796,7498.71,17663920,0
"2022-05-17",1299,7229897,924,6311228,79,586396,2053,3252803,4831,292782,6884,3545585,9186,7564,17673106,0
"2022-05-18",1248,7231145,906,6312134,82,586478,2061,3254864,4871,297653,6932,3552517,9168,7610.29,17682274,0
"2022-05-19",1176,7232321,872,6313006,35,586513,2112,3256976,4665,302318,6777,3559294,8860,7630.57,17691134,0
"2022-05-20",1206,7233527,956,6313962,74,586587,2365,3259341,5129,307447,7494,3566788,9730,7727.86,17700864,0
"2022-05-21",837,7234364,648,6314610,23,586610,1726,3261067,3261,310708,4987,3571775,6495,7811.14,17707359,0
"2022-05-22",513,7234877,292,6314902,22,586632,1132,3262199,1823,312531,2955,3574730,3782,7859.57,17711141,0
"2022-05-23",1227,7236104,891,6315793,47,586679,2182,3264381,4659,317190,6841,3581571,9006,8032.43,17720147,0
"2022-05-24",1436,7237540,939,6316732,66,586745,2288,3266669,4429,321619,6717,3588288,9158,8028.43,17729305,0
"2022-05-25",1439,7238979,958,6317690,56,586801,2261,3268930,4194,325813,6455,3594743,8908,7991.29,17738213,0
"2022-05-26",1184,7240163,869,6318559,60,586861,2259,3271189,4085,329898,6344,3601087,8457,7933.71,17746670,0
"2022-05-27",1252,7241415,955,6319514,38,586899,2491,3273680,3850,333748,6341,3607428,8586,7770.29,17755256,0
"2022-05-28",720,7242135,516,6320030,19,586918,1772,3275452,2043,335791,3815,3611243,5070,7566.71,17760326,0
"2022-05-29",474,7242609,215,6320245,11,586929,762,3276214,1111,336902,1873,3613116,2573,7394,17762899,0
"2022-05-30",92,7242701,56,6320301,6,586935,137,3276351,143,337045,280,3613396,434,6169.43,17763333,0
"2022-05-31",1131,7243832,909,6321210,51,586986,1875,3278226,3034,340079,4909,3618305,7000,5861.14,17770333,0
"2022-06-01",1149,7244981,845,6322055,63,587049,1960,3280186,3375,343454,5335,3623640,7392,5644.57,17777725,0
"2022-06-02",1029,7246010,797,6322852,72,587121,1821,3282007,3137,346591,4958,3628598,6856,5415.86,17784581,0
"2022-06-03",1169,7247179,887,6323739,47,587168,2050,3284057,3471,350062,5521,3634119,7624,5278.43,17792205,0
"2022-06-04",726,7247905,580,6324319,26,587194,1551,3285608,1888,351950,3439,3637558,4771,5235.71,17796976,0
"2022-06-05",449,7248354,296,6324615,1,587195,878,3286486,974,352924,1852,3639410,2598,5239.29,17799574,0
"2022-06-06",1124,7249478,823,6325438,64,587259,1748,3288234,2721,355645,4469,3643879,6480,6103,17806054,0
"2022-06-07",1021,7250499,767,6326205,70,587329,1762,3289996,2544,358189,4306,3648185,6164,5983.57,17812218,0
"2022-06-08",1093,7251592,834,6327039,75,587404,1866,3291862,2717,360906,4583,3652768,6585,5868.29,17818803,0
"2022-06-09",1142,7252734,835,6327874,61,587465,2197,3294059,2668,363574,4865,3657633,6903,5875,17825706,0
"2022-06-10",1047,7253781,809,6328683,75,587540,1869,3295928,2790,366364,4659,3662292,6590,5727.29,17832296,0
"2022-06-11",684,7254465,508,6329191,24,587564,1316,3297244,1498,367862,2814,3665106,4030,5621.43,17836326,0
"2022-06-12",351,7254816,285,6329476,20,587584,877,3298121,766,368628,1643,3666749,2299,5578.71,17838625,0
"2022-06-13",1032,7255848,761,6330237,61,587645,1566,3299687,2167,370795,3733,3670482,5587,5451.14,17844212,0
"2022-06-14",938,7256786,813,6331050,55,587700,1653,3301340,2480,373275,4133,3674615,5939,5419,17850151,0
"2022-06-15",966,7257752,849,6331899,39,587739,1635,3302975,2393,375668,4028,3678643,5882,5318.57,17856033,0
"2022-06-16",935,7258687,769,6332668,57,587796,1792,3304767,2293,377961,4085,3682728,5846,5167.57,17861879,0
"2022-06-17",889,7259576,778,6333446,44,587840,1733,3306500,2328,380289,4061,3686789,5772,5050.71,17867651,0
"2022-06-18",661,7260237,522,6333968,26,587866,1270,3307770,1288,381577,2558,3689347,3767,5013.14,17871418,0
"2022-06-19",355,7260592,235,6334203,16,587882,721,3308491,598,382175,1319,3690666,1925,4959.71,17873343,0
"2022-06-20",827,7261419,481,6334684,41,587923,1545,3310036,1601,383776,3146,3693812,4495,4803.71,17877838,0
"2022-06-21",1049,7262468,719,6335403,50,587973,1655,3311691,2078,385854,3733,3697545,5551,4748.29,17883389,0
"2022-06-22",980,7263448,797,6336200,44,588017,1656,3313347,1934,387788,3590,3701135,5411,4681,17888800,0
"2022-06-23",920,7264368,735,6336935,64,588081,1658,3315005,2052,389840,3710,3704845,5429,4621.43,17894229,0
"2022-06-24",921,7265289,748,6337683,48,588129,1604,3316609,2109,391949,3713,3708558,5430,4572.57,17899659,0
"2022-06-25",630,7265919,478,6338161,15,588144,1226,3317835,1120,393069,2346,3710904,3469,4530,17903128,0
"2022-06-26",437,7266356,247,6338408,14,588158,675,3318510,528,393597,1203,3712107,1901,4526.57,17905029,0
"2022-06-27",849,7267205,642,6339050,59,588217,1432,3319942,1585,395182,3017,3715124,4567,4536.86,17909596,0
"2022-06-28",972,7268177,811,6339861,50,588267,1828,3321770,2076,397258,3904,3719028,5737,4563.43,17915333,0
"2022-06-29",874,7269051,754,6340615,48,588315,1662,3323432,1872,399130,3534,3722562,5210,4534.71,17920543,0
"2022-06-30",876,7269927,785,6341400,45,588360,1691,3325123,2028,401158,3719,3726281,5425,4534.14,17925968,0
"2022-07-01",702,7270629,575,6341975,22,588382,1352,3326475,1680,402838,3032,3729313,4331,4377.14,17930299,0
"2022-07-02",430,7271059,373,6342348,15,588397,813,3327288,913,403751,1726,3731039,2544,4245,17932843,0
"2022-07-03",296,7271355,201,6342549,5,588402,450,3327738,475,404226,925,3731964,1427,4177.29,17934270,0
"2022-07-04",29,7271384,24,6342573,1,588403,30,3327768,38,404264,68,3732032,122,3542.29,17934392,120000
"2022-07-05",801,7272185,732,6343305,33,588436,1368,3329136,1693,405957,3061,3735093,4627,3383.71,17939019,120000
"2022-07-06",798,7272983,640,6343945,42,588478,1364,3330500,1692,407649,3056,3738149,4536,3287.43,17943555,120000
"2022-07-07",816,7273799,669,6344614,43,588521,1391,3331891,1812,409461,3203,3741352,4731,3188.29,17948286,120000
"2022-07-08",845,7274644,616,6345230,30,588551,1385,3333276,1875,411336,3260,3744612,4751,3248.29,17953037,120000
"2022-07-09",492,7275136,392,6345622,22,588573,830,3334106,1293,412629,2123,3746735,3029,3317.57,17956066,120000
"2022-07-10",71,7275207,44,6345666,1,588574,112,3334218,136,412765,248,3746983,364,3165.71,17956430,120000
