"DATE","ADMIN_DOSE1_DAILY","ADMIN_DOSE1_CUMULATIVE","ADMIN_DOSE2_DAILY","ADMIN_DOSE2_CUMULATIVE","ADMIN_SINGLE_DAILY","ADMIN_SINGLE_CUMULATIVE","ADMIN_ADDITIONAL_DAILY","ADMIN_ADDITIONAL_CUMULATIVE","ADMIN_ALLDOSES_DAILY","ADMIN_ALLDOSES_7DAYAVG","ADMIN_ALLDOSES_CUMULATIVE","INCOMPLETE"
"2020-12-14",79,79,0,0,0,0,0,0,79,,79,0
"2020-12-15",2052,2131,6,6,4,4,0,0,2062,,2141,0
"2020-12-16",4603,6734,13,19,1,5,1,1,4618,,6759,0
"2020-12-17",4655,11389,17,36,0,5,1,2,4673,,11432,0
"2020-12-18",5834,17223,19,55,2,7,2,4,5857,,17289,0
"2020-12-19",1689,18912,7,62,3,10,0,4,1699,,18988,0
"2020-12-20",1116,20028,2,64,1,11,0,4,1119,2872.43,20107,0
"2020-12-21",6340,26368,18,82,0,11,5,9,6363,3770.14,26470,0
"2020-12-22",9795,36163,27,109,2,13,1,10,9825,4879.14,36295,0
"2020-12-23",14276,50439,34,143,3,16,1,11,14314,6264.29,50609,0
"2020-12-24",7201,57640,24,167,1,17,0,11,7226,6629,57835,0
"2020-12-25",180,57820,0,167,0,17,1,12,181,5818.14,58016,0
"2020-12-26",4389,62209,42,209,0,17,1,13,4432,6208.57,62448,0
"2020-12-27",3869,66078,14,223,0,17,1,14,3884,6603.57,66332,0
"2020-12-28",10995,77073,49,272,1,18,2,16,11047,7272.71,77379,0
"2020-12-29",10720,87793,34,306,2,20,2,18,10758,7406,88137,0
"2020-12-30",12824,100617,45,351,0,20,0,18,12869,7199.57,101006,0
"2020-12-31",7262,107879,31,382,1,21,0,18,7294,7209.29,108300,0
"2021-01-01",181,108060,2,384,1,22,3,21,187,7210.14,108487,0
"2021-01-02",3809,111869,10,394,2,24,2,23,3823,7123.14,112310,0
"2021-01-03",3541,115410,24,418,2,26,1,24,3568,7078,115878,0
"2021-01-04",12256,127666,807,1225,2,28,6,30,13071,7367.14,128949,0
"2021-01-05",14085,141751,2191,3416,2,30,11,41,16289,8157.29,145238,0
"2021-01-06",17803,159554,3927,7343,1,31,30,71,21761,9427.57,166999,0
"2021-01-07",16552,176106,5169,12512,4,35,45,116,21770,11495.57,188769,0
"2021-01-08",16619,192725,5455,17967,0,35,33,149,22107,14627,210876,0
"2021-01-09",7652,200377,1462,19429,1,36,7,156,9122,15384,219998,0
"2021-01-10",7881,208258,983,20412,0,36,10,166,8874,16142,228872,0
"2021-01-11",25827,234085,7454,27866,2,38,48,214,33331,19036.29,262203,0
"2021-01-12",28263,262348,7857,35723,1,39,44,258,36165,21875.71,298368,0
"2021-01-13",31726,294074,9386,45109,1,40,52,310,41165,24647.71,339533,0
"2021-01-14",35811,329885,5324,50433,1,41,28,338,41164,27418.29,380697,0
"2021-01-15",29269,359154,3704,54137,2,43,32,370,33007,28975.43,413704,0
"2021-01-16",30288,389442,2383,56520,0,43,24,394,32695,32343,446399,0
"2021-01-17",23754,413196,1622,58142,0,43,18,412,25394,34703,471793,0
"2021-01-18",27109,440305,2412,60554,1,44,34,446,29556,34163.71,501349,0
"2021-01-19",34296,474601,9625,70179,1,45,71,517,43993,35282,545342,0
"2021-01-20",34869,509470,9494,79673,1,46,59,576,44423,35747.43,589765,0
"2021-01-21",25593,535063,8093,87766,2,48,48,624,33736,34686.29,623501,0
"2021-01-22",24755,559818,4382,92148,1,49,31,655,29169,34138,652670,0
"2021-01-23",15745,575563,3222,95370,0,49,9,664,18976,32178.14,671646,0
"2021-01-24",7176,582739,3452,98822,0,49,19,683,10647,30071.43,682293,0
"2021-01-25",13413,596152,11819,110641,0,49,65,748,25297,29463,707590,0
"2021-01-26",16766,612918,10752,121393,0,49,67,815,27585,27119,735175,0
"2021-01-27",20835,633753,12359,133752,0,49,50,865,33244,25522,768419,0
"2021-01-28",30763,664516,12848,146600,0,49,80,945,43691,26944.14,812110,0
"2021-01-29",31696,696212,11500,158100,0,49,78,1023,43274,28959.14,855384,0
"2021-01-30",18710,714922,3741,161841,0,49,20,1043,22471,29458.43,877855,0
"2021-01-31",13023,727945,2918,164759,1,50,28,1071,15970,30218.86,893825,0
"2021-02-01",1180,729125,5368,170127,4,54,35,1106,6587,27546,900412,0
"2021-02-02",2827,731952,9472,179599,2,56,49,1155,12350,25369.57,912762,0
"2021-02-03",16350,748302,21242,200841,4,60,202,1357,37798,26020.14,950560,0
"2021-02-04",27048,775350,19651,220492,3,63,198,1555,46900,26478.57,997460,0
"2021-02-05",27601,802951,20030,240522,0,63,183,1738,47814,27127.14,1045274,0
"2021-02-06",22993,825944,11246,251768,0,63,110,1848,34349,28824,1079623,0
"2021-02-07",12043,837987,8282,260050,1,64,91,1939,20417,29459.29,1100040,0
"2021-02-08",16969,854956,23511,283561,2,66,233,2172,40715,34334.71,1140755,0
"2021-02-09",17195,872151,28109,311670,2,68,331,2503,45637,39090,1186392,0
"2021-02-10",19592,891743,29313,340983,2,70,256,2759,49163,40713.57,1235555,0
"2021-02-11",27850,919593,33469,374452,2,72,342,3101,61663,42822.57,1297218,0
"2021-02-12",38398,957991,30795,405247,3,75,353,3454,69549,45927.57,1366767,0
"2021-02-13",28006,985997,25312,430559,2,77,310,3764,53630,48682,1420397,0
"2021-02-14",16283,1002280,23733,454292,0,77,257,4021,40273,51518.57,1460670,0
"2021-02-15",12796,1015076,10529,464821,2,79,165,4186,23492,49058.14,1484162,0
"2021-02-16",14239,1029315,26732,491553,0,79,320,4506,41291,48437.29,1525453,0
"2021-02-17",16394,1045709,22192,513745,1,80,284,4790,38871,46967,1564324,0
"2021-02-18",12153,1057862,24993,538738,21,101,286,5076,37453,43508.43,1601777,0
"2021-02-19",13265,1071127,23932,562670,39,140,303,5379,37539,38935.57,1639316,0
"2021-02-20",11352,1082479,26073,588743,6,146,326,5705,37757,36668,1677073,0
"2021-02-21",6363,1088842,17421,606164,15,161,283,5988,24082,34355,1701155,0
"2021-02-22",13041,1101883,11848,618012,2,163,125,6113,25016,34572.71,1726171,0
"2021-02-23",25245,1127128,14149,632161,1,164,158,6271,39553,34324.43,1765724,0
"2021-02-24",36363,1163491,20389,652550,0,164,222,6493,56974,36910.57,1822698,0
"2021-02-25",54617,1218108,30389,682939,6,170,392,6885,85404,43760.71,1908102,0
"2021-02-26",62873,1280981,31872,714811,4,174,408,7293,95157,51991.86,2003259,0
"2021-02-27",51296,1332277,22751,737562,47,221,332,7625,74426,57230.29,2077685,0
"2021-02-28",44595,1376872,13822,751384,7,228,203,7828,58627,62165.29,2136312,0
"2021-03-01",39318,1416190,12778,764162,10,238,166,7994,52272,66059,2188584,0
"2021-03-02",47085,1463275,12573,776735,7,245,160,8154,59825,68955,2248409,0
"2021-03-03",48607,1511882,16158,792893,17,262,146,8300,64928,70091.29,2313337,0
"2021-03-04",59818,1571700,22822,815715,1092,1354,271,8571,84003,69891.14,2397340,0
"2021-03-05",60989,1632689,24282,839997,3109,4463,327,8898,88707,68969.71,2486047,0
"2021-03-06",47182,1679871,18882,858879,5451,9914,236,9134,71751,68587.57,2557798,0
"2021-03-07",36047,1715918,14875,873754,6245,16159,229,9363,57396,68411.71,2615194,0
"2021-03-08",39629,1755547,14673,888427,8564,24723,313,9676,63179,69969.86,2678373,0
"2021-03-09",39108,1794655,12847,901274,7764,32487,177,9853,59896,69980,2738269,0
"2021-03-10",51833,1846488,15339,916613,5067,37554,228,10081,72467,71057,2810736,0
"2021-03-11",59993,1906481,21804,938417,4618,42172,253,10334,86668,71437.71,2897404,0
"2021-03-12",52206,1958687,30310,968727,4183,46355,372,10706,87071,71204,2984475,0
"2021-03-13",40652,1999339,26685,995412,5109,51464,323,11029,72769,71349.43,3057244,0
"2021-03-14",30717,2030056,15969,1011381,4527,55991,237,11266,51450,70500,3108694,0
"2021-03-15",33591,2063647,17252,1028633,4717,60708,232,11498,55792,69444.71,3164486,0
"2021-03-16",38680,2102327,20499,1049132,4925,65633,257,11755,64361,70082.57,3228847,0
"2021-03-17",42619,2144946,24787,1073919,4247,69880,339,12094,71992,70014.71,3300839,0
"2021-03-18",50458,2195404,26797,1100716,5239,75119,363,12457,82857,69470.29,3383696,0
"2021-03-19",47796,2243200,29952,1130668,5624,80743,389,12846,83761,68997.43,3467457,0
"2021-03-20",38714,2281914,25829,1156497,4687,85430,296,13142,69526,68534.14,3536983,0
"2021-03-21",29302,2311216,19356,1175853,770,86200,219,13361,49647,68276.57,3586630,0
"2021-03-22",33872,2345088,26729,1202582,4037,90237,260,13621,64898,69577.43,3651528,0
"2021-03-23",38438,2383526,32840,1235422,4219,94456,290,13911,75787,71209.71,3727315,0
"2021-03-24",41501,2425027,37593,1273015,4850,99306,327,14238,84271,72963.86,3811586,0
"2021-03-25",43419,2468446,50775,1323790,5055,104361,470,14708,99719,75372.71,3911305,0
"2021-03-26",38509,2506955,55500,1379290,4310,108671,524,15232,98843,77527.29,4010148,0
"2021-03-27",35739,2542694,45748,1425038,2939,111610,410,15642,84836,79714.43,4094984,0
"2021-03-28",26393,2569087,34450,1459488,1482,113092,328,15970,62653,81572.43,4157637,0
"2021-03-29",34821,2603908,38862,1498350,3247,116339,341,16311,77271,83340,4234908,0
"2021-03-30",40517,2644425,41913,1540263,3714,120053,335,16646,86479,84867.43,4321387,0
"2021-03-31",49398,2693823,44856,1585119,7442,127495,396,17042,102092,87413.29,4423479,0
"2021-04-01",50788,2744611,53939,1639058,11276,138771,501,17543,116504,89811.14,4539983,0
"2021-04-02",43762,2788373,53884,1692942,11971,150742,543,18086,110160,91427.86,4650143,0
"2021-04-03",39256,2827629,39211,1732153,9860,160602,335,18421,88662,91974.43,4738805,0
"2021-04-04",26560,2854189,24777,1756930,3902,164504,224,18645,55463,90947.29,4794268,0
"2021-04-05",41888,2896077,34486,1791416,11196,175700,368,19013,87938,92471.14,4882206,0
"2021-04-06",53271,2949348,35617,1827033,13222,188922,425,19438,102535,94764.86,4984741,0
"2021-04-07",55521,3004869,40687,1867720,14389,203311,393,19831,110990,96036,5095731,0
"2021-04-08",59272,3064141,46585,1914305,16340,219651,512,20343,122709,96922.43,5218440,0
"2021-04-09",56649,3120790,44957,1959262,17551,237202,512,20855,119669,98280.86,5338109,0
"2021-04-10",49354,3170144,35642,1994904,12728,249930,386,21241,98110,99630.57,5436219,0
"2021-04-11",38188,3208332,28816,2023720,7684,257614,293,21534,74981,102418.86,5511200,0
"2021-04-12",46642,3254974,31851,2055571,13496,271110,462,21996,92451,103063.57,5603651,0
"2021-04-13",52544,3307518,33793,2089364,368,271478,395,22391,87100,100858.57,5690751,0
"2021-04-14",50152,3357670,39960,2129324,20,271498,364,22755,90496,97930.86,5781247,0
"2021-04-15",52129,3409799,43678,2173002,16,271514,451,23206,96274,94154.43,5877521,0
"2021-04-16",51188,3460987,42218,2215220,32,271546,416,23622,93854,90466.57,5971375,0
"2021-04-17",43844,3504831,35690,2250910,3,271549,364,23986,79901,87865.29,6051276,0
"2021-04-18",28610,3533441,29373,2280283,7,271556,249,24235,58239,85473.57,6109515,0
"2021-04-19",37476,3570917,36448,2316731,22,271578,322,24557,74268,82876,6183783,0
"2021-04-20",40812,3611729,39629,2356360,19,271597,312,24869,80772,81972,6264555,0
"2021-04-21",38909,3650638,46009,2402369,16,271613,491,25360,85425,81247.57,6349980,0
"2021-04-22",38500,3689138,48963,2451332,9,271622,333,25693,87805,80037.71,6437785,0
"2021-04-23",39703,3728841,44384,2495716,4,271626,344,26037,84435,78692.14,6522220,0
"2021-04-24",31953,3760794,41604,2537320,44,271670,274,26311,73875,77831.29,6596095,0
"2021-04-25",18424,3779218,31230,2568550,86,271756,191,26502,49931,76644.43,6646026,0
"2021-04-26",26972,3806190,40738,2609288,1013,272769,281,26783,69004,75892.43,6715030,0
"2021-04-27",28574,3834764,47143,2656431,1697,274466,348,27131,77762,75462.43,6792792,0
"2021-04-28",27048,3861812,56837,2713268,2148,276614,425,27556,86458,75610,6879250,0
"2021-04-29",28612,3890424,57201,2770469,2148,278762,362,27918,88323,75684,6967573,0
"2021-04-30",30125,3920549,51989,2822458,2056,280818,279,28197,84449,75686,7052022,0
"2021-05-01",22482,3943031,44550,2867008,1177,281995,223,28420,68432,74908.43,7120454,0
"2021-05-02",11928,3954959,36655,2903663,1080,283075,135,28555,49798,74889.43,7170252,0
"2021-05-03",18033,3972992,53021,2956684,2383,285458,257,28812,73694,75559.43,7243946,0
"2021-05-04",22740,3995732,56648,3013332,2330,287788,263,29075,81981,76162.14,7325927,0
"2021-05-05",21479,4017211,48800,3062132,2313,290101,307,29382,72899,74225.14,7398826,0
"2021-05-06",20684,4037895,50179,3112311,2507,292608,269,29651,73639,72127.43,7472465,0
"2021-05-07",21257,4059152,52097,3164408,2813,295421,307,29958,76474,70988.14,7548939,0
"2021-05-08",16634,4075786,41870,3206278,1835,297256,227,30185,60566,69864.43,7609505,0
"2021-05-09",7977,4083763,29413,3235691,1260,298516,148,30333,38798,68293,7648303,0
"2021-05-10",14391,4098154,38540,3274231,2355,300871,230,30563,55516,65696.14,7703819,0
"2021-05-11",19916,4118070,43058,3317289,2514,303385,280,30843,65768,63380,7769587,0
"2021-05-12",17813,4135883,40534,3357823,3596,306981,230,31073,62173,61847.71,7831760,0
"2021-05-13",24974,4160857,40434,3398257,3230,310211,259,31332,68897,61170.29,7900657,0
"2021-05-14",27025,4187882,42915,3441172,3537,313748,282,31614,73759,60782.43,7974416,0
"2021-05-15",23651,4211533,34914,3476086,3366,317114,248,31862,62179,61012.86,8036595,0
"2021-05-16",15529,4227062,19443,3495529,2497,319611,125,31987,37594,60840.86,8074189,0
"2021-05-17",22676,4249738,29140,3524669,3257,322868,176,32163,55249,60802.71,8129438,0
"2021-05-18",24636,4274374,31908,3556577,3404,326272,236,32399,60184,60005,8189622,0
"2021-05-19",24196,4298570,29714,3586291,3040,329312,222,32621,57172,59290.57,8246794,0
"2021-05-20",24156,4322726,30085,3616376,3162,332474,271,32892,57674,57687.29,8304468,0
"2021-05-21",24686,4347412,32001,3648377,3060,335534,254,33146,60001,55721.86,8364469,0
"2021-05-22",20025,4367437,24356,3672733,2525,338059,161,33307,47067,53563,8411536,0
"2021-05-23",11234,4378671,13732,3686465,1411,339470,93,33400,26470,51973.86,8438006,0
"2021-05-24",18881,4397552,23156,3709621,2757,342227,214,33614,45008,50510.86,8483014,0
"2021-05-25",19433,4416985,23378,3732999,2601,344828,177,33791,45589,48425.86,8528603,0
"2021-05-26",18787,4435772,21087,3754086,2696,347524,199,33990,42769,46368.29,8571372,0
"2021-05-27",18472,4454244,21275,3775361,2529,350053,188,34178,42464,44195.43,8613836,0
"2021-05-28",17864,4472108,22887,3798248,2751,352804,187,34365,43689,41865.14,8657525,0
"2021-05-29",12711,4484819,17810,3816058,1755,354559,103,34468,32379,39766.86,8689904,0
"2021-05-30",7032,4491851,8949,3825007,1074,355633,47,34515,17102,38428.57,8707006,0
"2021-05-31",4743,4496594,6924,3831931,1012,356645,64,34579,12743,33819.29,8719749,0
"2021-06-01",16045,4512639,25195,3857126,2175,358820,152,34731,43567,33530.43,8763316,0
"2021-06-02",15352,4527991,20390,3877516,2093,360913,137,34868,37972,32845.14,8801288,0
"2021-06-03",15009,4543000,23817,3901333,2280,363193,129,34997,41235,32669.57,8842523,0
"2021-06-04",14731,4557731,25986,3927319,2492,365685,140,35137,43349,32621,8885872,0
"2021-06-05",10991,4568722,22086,3949405,1806,367491,112,35249,34995,32994.71,8920867,0
"2021-06-06",6446,4575168,14468,3963873,1222,368713,86,35335,22222,33726.14,8943089,0
"2021-06-07",11710,4586878,21787,3985660,2379,371092,138,35473,36014,37050.57,8979103,0
"2021-06-08",12647,4599525,24020,4009680,2072,373164,117,35590,38856,36377.57,9017959,0
"2021-06-09",11142,4610667,23026,4032706,2298,375462,131,35721,36597,36181.14,9054556,0
"2021-06-10",12071,4622738,22232,4054938,2462,377924,140,35861,36905,35562.57,9091461,0
"2021-06-11",12703,4635441,25123,4080061,2483,380407,151,36012,40460,35149.86,9131921,0
"2021-06-12",10167,4645608,19306,4099367,1888,382295,94,36106,31455,34644.14,9163376,0
"2021-06-13",4258,4649866,10935,4110302,1219,383514,41,36147,16453,33820,9179829,0
"2021-06-14",10208,4660074,19246,4129548,2042,385556,127,36274,31623,33192.71,9211452,0
"2021-06-15",11886,4671960,21007,4150555,1943,387499,132,36406,34968,32637.29,9246420,0
"2021-06-16",11590,4683550,19410,4169965,1956,389455,138,36544,33094,32136.86,9279514,0
"2021-06-17",11026,4694576,18764,4188729,1971,391426,120,36664,31881,31419.14,9311395,0
"2021-06-18",12168,4706744,18499,4207228,2116,393542,113,36777,32896,30338.57,9344291,0
"2021-06-19",8500,4715244,13519,4220747,1459,395001,81,36858,23559,29210.57,9367850,0
"2021-06-20",4335,4719579,7159,4227906,924,395925,37,36895,12455,28639.43,9380305,0
"2021-06-21",10162,4729741,10009,4237915,1806,397731,68,36963,22045,27271.14,9402350,0
"2021-06-22",9836,4739577,15641,4253556,1589,399320,104,37067,27170,26157.14,9429520,0
"2021-06-23",10315,4749892,15186,4268742,1860,401180,101,37168,27462,25352.57,9456982,0
"2021-06-24",9690,4759582,14697,4283439,1799,402979,118,37286,26304,24555.86,9483286,0
"2021-06-25",10592,4770174,14385,4297824,1719,404698,109,37395,26805,23685.71,9510091,0
"2021-06-26",7805,4777979,10464,4308288,1247,405945,74,37469,19590,23118.71,9529681,0
"2021-06-27",5001,4782980,6002,4314290,795,406740,32,37501,11830,23029.43,9541511,0
"2021-06-28",9032,4792012,10345,4324635,1524,408264,106,37607,21007,22881.14,9562518,0
"2021-06-29",9749,4801761,12316,4336951,1347,409611,123,37730,23535,22361.86,9586053,0
"2021-06-30",9431,4811192,10927,4347878,1481,411092,146,37876,21985,21579.43,9608038,0
"2021-07-01",9398,4820590,10928,4358806,1431,412523,125,38001,21882,20947.71,9629920,0
"2021-07-02",9696,4830286,11438,4370244,1541,414064,120,38121,22795,20374.86,9652715,0
"2021-07-03",7059,4837345,8421,4378665,1193,415257,75,38196,16748,19968.86,9669463,0
"2021-07-04",1288,4838633,1336,4380001,567,415824,8,38204,3199,18735.86,9672662,0
"2021-07-05",6495,4845128,7105,4387106,1208,417032,64,38268,14872,17859.43,9687534,0
"2021-07-06",9511,4854639,12851,4399957,1316,418348,115,38383,23793,17896.29,9711327,0
"2021-07-07",8672,4863311,11107,4411064,1419,419767,121,38504,21319,17801.14,9732646,0
"2021-07-08",8208,4871519,10191,4421255,1260,421027,107,38611,19766,17498.86,9752412,0
"2021-07-09",8377,4879896,10833,4432088,1279,422306,88,38699,20577,17182,9772989,0
"2021-07-10",7107,4887003,8629,4440717,1132,423438,62,38761,16930,17208,9789919,0
"2021-07-11",4105,4891108,4539,4445256,703,424141,34,38795,9381,18091.14,9799300,0
"2021-07-12",8455,4899563,9554,4454810,1250,425391,81,38876,19340,18729.43,9818640,0
"2021-07-13",9464,4909027,9389,4464199,951,426342,104,38980,19908,18174.43,9838548,0
"2021-07-14",9002,4918029,9530,4473729,1009,427351,102,39082,19643,17935,9858191,0
"2021-07-15",8791,4926820,9152,4482881,1051,428402,83,39165,19077,17836.57,9877268,0
"2021-07-16",9243,4936063,9761,4492642,978,429380,102,39267,20084,17766.14,9897352,0
"2021-07-17",6845,4942908,7385,4500027,802,430182,79,39346,15111,17506.29,9912463,0
"2021-07-18",4259,4947167,4283,4504310,569,430751,35,39381,9146,17472.71,9921609,0
"2021-07-19",9126,4956293,8467,4512777,999,431750,89,39470,18681,17378.57,9940290,0
"2021-07-20",10652,4966945,8757,4521534,991,432741,93,39563,20493,17462.14,9960783,0
"2021-07-21",10053,4976998,8763,4530297,903,433644,145,39708,19864,17493.71,9980647,0
"2021-07-22",10688,4987686,8583,4538880,1045,434689,142,39850,20458,17691,10001105,0
"2021-07-23",11254,4998940,8880,4547760,1114,435803,137,39987,21385,17876.86,10022490,0
"2021-07-24",7404,5006344,6735,4554495,670,436473,81,40068,14890,17845.29,10037380,0
"2021-07-25",5478,5011822,2125,4556620,509,436982,59,40127,8171,17706,10045551,0
"2021-07-26",10877,5022699,6998,4563618,859,437841,109,40236,18843,17729.14,10064394,0
"2021-07-27",12057,5034756,8566,4572184,857,438698,132,40368,21612,17889,10086006,0
"2021-07-28",11995,5046751,8048,4580232,950,439648,130,40498,21123,18068.86,10107129,0
"2021-07-29",10935,5057686,7428,4587660,984,440632,132,40630,19479,17929,10126608,0
"2021-07-30",14955,5072641,8009,4595669,1150,441782,181,40811,24295,18344.71,10150903,0
"2021-07-31",9730,5082371,6310,4601979,816,442598,119,40930,16975,18642.57,10167878,0
"2021-08-01",6504,5088875,3308,4605287,564,443162,81,41011,10457,18969.14,10178335,0
"2021-08-02",13451,5102326,7153,4612440,847,444009,144,41155,21595,19362.29,10199930,0
"2021-08-03",15415,5117741,8383,4620823,1109,445118,143,41298,25050,19853.43,10224980,0
"2021-08-04",17260,5135001,8124,4628947,1454,446572,179,41477,27017,20695.43,10251997,0
"2021-08-05",17863,5152864,7927,4636874,1366,447938,162,41639,27318,21815.29,10279315,0
"2021-08-06",18181,5171045,8412,4645286,1233,449171,162,41801,27988,22342.86,10307303,0
"2021-08-07",13388,5184433,6014,4651300,799,449970,100,41901,20301,22818,10327604,0
"2021-08-08",9308,5193741,3838,4655138,399,450369,82,41983,13627,23270.86,10341231,0
"2021-08-09",21341,5215082,8526,4663664,963,451332,169,42152,30999,24614.29,10372230,0
"2021-08-10",18922,5234004,9331,4672995,947,452279,173,42325,29373,25231.86,10401603,0
"2021-08-11",15649,5249653,8309,4681304,853,453132,128,42453,24939,24935,10426542,0
"2021-08-12",15048,5264701,8976,4690280,940,454072,169,42622,25133,24622.86,10451675,0
"2021-08-13",14927,5279628,9290,4699570,921,454993,238,42860,25376,24249.71,10477051,0
"2021-08-14",10411,5290039,6403,4705973,625,455618,529,43389,17968,23916.43,10495019,0
"2021-08-15",6697,5296736,4475,4710448,676,456294,567,43956,12415,23743.29,10507434,0
"2021-08-16",15725,5312461,9295,4719743,1149,457443,1319,45275,27488,23241.71,10534922,0
"2021-08-17",17779,5330240,10435,4730178,1223,458666,1764,47039,31201,23502.86,10566123,0
"2021-08-18",17510,5347750,10360,4740538,1261,459927,1984,49023,31115,24385.14,10597238,0
"2021-08-19",16307,5364057,9516,4750054,1315,461242,1947,50970,29085,24949.71,10626323,0
"2021-08-20",16286,5380343,11538,4761592,1254,462496,1851,52821,30929,25743,10657252,0
"2021-08-21",11152,5391495,8043,4769635,878,463374,1053,53874,21126,26194.14,10678378,0
"2021-08-22",4081,5395576,3901,4773536,262,463636,515,54389,8759,25671.86,10687137,0
"2021-08-23",15582,5411158,11793,4785329,1023,464659,1545,55934,29943,26022.57,10717080,0
"2021-08-24",16915,5428073,12599,4797928,1006,465665,1773,57707,32293,26178.57,10749373,0
"2021-08-25",14588,5442661,12440,4810368,1110,466775,1562,59269,29700,25976.43,10779073,0
"2021-08-26",16170,5458831,14084,4824452,1072,467847,1766,61035,33092,26548.86,10812165,0
"2021-08-27",14886,5473717,14822,4839274,971,468818,1664,62699,32343,26750.86,10844508,0
"2021-08-28",10685,5484402,11522,4850796,836,469654,1008,63707,24051,27168.71,10868559,0
"2021-08-29",7220,5491622,7495,4858291,541,470195,776,64483,16032,28207.71,10884591,0
"2021-08-30",15527,5507149,16926,4875217,1077,471272,1790,66273,35320,28975.86,10919911,0
"2021-08-31",15522,5522671,15950,4891167,951,472223,1969,68242,34392,29275.71,10954303,0
"2021-09-01",14831,5537502,14096,4905263,1021,473244,1804,70046,31752,29568.86,10986055,0
"2021-09-02",14337,5551839,12521,4917784,896,474140,1698,71744,29452,29048.86,11015507,0
"2021-09-03",15017,5566856,14297,4932081,974,475114,1892,73636,32180,29025.57,11047687,0
"2021-09-04",9647,5576503,9407,4941488,688,475802,965,74601,20707,28547.86,11068394,0
"2021-09-05",6802,5583305,5512,4947000,438,476240,709,75310,13461,28180.57,11081855,0
"2021-09-06",5197,5588502,4512,4951512,358,476598,270,75580,10337,24611.57,11092192,0
"2021-09-07",15572,5604074,17694,4969206,912,477510,1546,77126,35724,24801.86,11127916,0
"2021-09-08",16165,5620239,14823,4984029,1073,478583,1763,78889,33824,25097.86,11161740,0
"2021-09-09",16118,5636357,14747,4998776,1047,479630,1907,80796,33819,25721.71,11195559,0
"2021-09-10",18371,5654728,15390,5014166,1208,480838,1967,82763,36936,26401.14,11232495,0
"2021-09-11",12634,5667362,10346,5024512,958,481796,1022,83785,24960,27008.71,11257455,0
"2021-09-12",8533,5675895,5051,5029563,766,482562,688,84473,15038,27234,11272493,0
"2021-09-13",16936,5692831,12946,5042509,977,483539,1646,86119,32505,30400.86,11304998,0
"2021-09-14",16275,5709106,13675,5056184,886,484425,1591,87710,32427,29929.86,11337425,0
"2021-09-15",15546,5724652,12871,5069055,727,485152,1565,89275,30709,29484.86,11368134,0
"2021-09-16",15344,5739996,13904,5082959,1210,486362,1451,90726,31909,29212,11400043,0
"2021-09-17",14438,5754434,13962,5096921,922,487284,1824,92550,31146,28384.86,11431189,0
"2021-09-18",10005,5764439,10173,5107094,913,488197,1046,93596,22137,27981.57,11453326,0
"2021-09-19",6178,5770617,6071,5113165,558,488755,744,94340,13551,27769.14,11466877,0
"2021-09-20",12680,5783297,12628,5125793,1068,489823,1919,96259,28295,27167.71,11495172,0
"2021-09-21",12238,5795535,12769,5138562,1109,490932,2018,98277,28134,26554.43,11523306,0
"2021-09-22",12825,5808360,11999,5150561,1089,492021,1682,99959,27595,26109.57,11550901,0
"2021-09-23",14946,5823306,12754,5163315,1639,493660,2261,102220,31600,26065.43,11582501,0
"2021-09-24",16452,5839758,13366,5176681,1633,495293,4623,106843,36074,26769.43,11618575,0
"2021-09-25",10545,5850303,9024,5185705,1018,496311,3451,110294,24038,27041,11642613,0
"2021-09-26",6304,5856607,5764,5191469,774,497085,2419,112713,15261,27285.29,11657874,0
"2021-09-27",14167,5870774,8052,5199521,1155,498240,9042,121755,32416,27874,11690290,0
"2021-09-28",11154,5881928,11775,5211296,901,499141,9897,131652,33727,28673,11724017,0
"2021-09-29",11609,5893537,12193,5223489,1206,500347,9437,141089,34445,29651.57,11758462,0
"2021-09-30",12246,5905783,12599,5236088,1338,501685,9723,150812,35906,30266.71,11794368,0
"2021-10-01",12651,5918434,13427,5249515,1284,502969,10251,161063,37613,30486.57,11831981,0
"2021-10-02",7739,5926173,9972,5259487,865,503834,4232,165295,22808,30310.86,11854789,0
"2021-10-03",5081,5931254,6155,5265642,593,504427,2608,167903,14437,30193.14,11869226,0
"2021-10-04",9916,5941170,11024,5276666,913,505340,9504,177407,31357,30041.86,11900583,0
"2021-10-05",10175,5951345,11733,5288399,972,506312,9922,187329,32802,29909.71,11933385,0
"2021-10-06",9927,5961272,11055,5299454,937,507249,9912,197241,31831,29536.29,11965216,0
"2021-10-07",9673,5970945,12191,5311645,852,508101,10177,207418,32893,29105.86,11998109,0
"2021-10-08",9470,5980415,12172,5323817,942,509043,10894,218312,33478,28515.14,12031587,0
"2021-10-09",6267,5986682,8276,5332093,649,509692,4109,222421,19301,28014.14,12050888,0
"2021-10-10",3545,5990227,5023,5337116,458,510150,2431,224852,11457,27588.43,12062345,0
"2021-10-11",7628,5997855,9330,5346446,728,510878,8882,233734,26568,26904.29,12088913,0
"2021-10-12",8079,6005934,11001,5357447,891,511769,10496,244230,30467,26570.71,12119380,0
"2021-10-13",7166,6013100,10141,5367588,869,512638,8784,253014,26960,25874.86,12146340,0
"2021-10-14",7454,6020554,11110,5378698,836,513474,10096,263110,29496,25389.57,12175836,0
"2021-10-15",7738,6028292,11863,5390561,823,514297,10792,273902,31216,25066.43,12207052,0
"2021-10-16",4870,6033162,7464,5398025,666,514963,3829,277731,16829,24713.29,12223881,0
"2021-10-17",3060,6036222,4474,5402499,411,515374,2447,280178,10392,24561.14,12234273,0
"2021-10-18",7061,6043283,10663,5413162,796,516170,9456,289634,27976,24762.29,12262249,0
"2021-10-19",6581,6049864,8943,5422105,804,516974,9068,298702,25396,24037.86,12287645,0
"2021-10-20",6546,6056410,9377,5431482,975,517949,9966,308668,26864,24024.14,12314509,0
"2021-10-21",7037,6063447,9378,5440860,859,518808,10829,319497,28103,23825.14,12342612,0
"2021-10-22",8139,6071586,10345,5451205,1027,519835,16322,335819,35833,24484.71,12378445,0
"2021-10-23",5176,6076762,6458,5457663,690,520525,9113,344932,21437,25143,12399882,0
"2021-10-24",3278,6080040,3971,5461634,770,521295,6146,351078,14165,25682,12414047,0
"2021-10-25",8788,6088828,8743,5470377,1149,522444,19238,370316,37918,27102.29,12451965,0
"2021-10-26",8213,6097041,7725,5478102,1259,523703,17278,387594,34475,28399.29,12486440,0
"2021-10-27",10582,6107623,8392,5486494,1604,525307,20833,408427,41411,30477.43,12527851,0
"2021-10-28",11345,6118968,8040,5494534,1793,527100,20820,429247,41998,32462.43,12569849,0
"2021-10-29",11849,6130817,8241,5502775,1963,529063,22514,451761,44567,33710.14,12614416,0
"2021-10-30",4637,6135454,5058,5507833,932,529995,11153,462914,21780,33759.14,12636196,0
"2021-10-31",2667,6138121,2702,5510535,544,530539,6633,469547,12546,33527.86,12648742,0
"2021-11-01",7153,6145274,6960,5517495,1089,531628,20361,489908,35563,33191.43,12684305,0
"2021-11-02",6598,6151872,6588,5524083,1055,532683,20752,510660,34993,33265.43,12719298,0
"2021-11-03",6864,6158736,6680,5530763,1026,533709,20609,531269,35179,32375.14,12754477,0
"2021-11-04",9320,6168056,6280,5537043,995,534704,22340,553609,38935,31937.57,12793412,0
"2021-11-05",11072,6179128,6723,5543766,1051,535755,23744,577353,42590,31655.14,12836002,0
"2021-11-06",11137,6190265,4053,5547819,594,536349,12581,589934,28365,32595.86,12864367,0
"2021-11-07",7262,6197527,2286,5550105,577,536926,7099,597033,17224,33264.14,12881591,0
"2021-11-08",15065,6212592,5678,5555783,866,537792,19495,616528,41104,34055.71,12922695,0
"2021-11-09",16164,6228756,5388,5561171,661,538453,20497,637025,42710,35158.14,12965405,0
"2021-11-10",16953,6245709,5324,5566495,684,539137,22616,659641,45577,36643.57,13010982,0
"2021-11-11",12594,6258303,5190,5571685,760,539897,22061,681702,40605,36882.14,13051587,0
"2021-11-12",16910,6275213,5686,5577371,707,540604,23371,705073,46674,37465.57,13098261,0
"2021-11-13",9953,6285166,3664,5581035,465,541069,13313,718386,27395,37327,13125656,0
"2021-11-14",6027,6291193,2293,5583328,325,541394,7920,726306,16565,37232.86,13142221,0
"2021-11-15",13256,6304449,5971,5589299,690,542084,25078,751384,44995,37788.71,13187216,0
"2021-11-16",9991,6314440,5788,5595087,655,542739,30637,782021,47071,38411.71,13234287,0
"2021-11-17",10330,6324770,6679,5601766,681,543420,31383,813404,49073,38911.14,13283360,0
"2021-11-18",10750,6335520,6548,5608314,860,544280,32971,846375,51129,40414.57,13334489,0
"2021-11-19",12047,6347567,6558,5614872,715,544995,36222,882597,55542,41681.43,13390031,0
"2021-11-20",9354,6356921,3419,5618291,514,545509,22490,905087,35777,42878.86,13425808,0
"2021-11-21",4971,6361892,1887,5620178,287,545796,13188,918275,20333,43417.14,13446141,0
"2021-11-22",10471,6372363,5792,5625970,752,546548,35886,954161,52901,44546.57,13499042,0
"2021-11-23",9829,6382192,4779,5630749,637,547185,33488,987649,48733,44784,13547775,0
"2021-11-24",8736,6390928,4755,5635504,651,547836,25890,1013539,40032,43492.43,13587807,0
"2021-11-25",450,6391378,325,5635829,80,547916,1002,1014541,1857,36453.57,13589664,0
"2021-11-26",8078,6399456,6988,5642817,531,548447,26561,1041102,42158,34541.57,13631822,0
"2021-11-27",6696,6406152,6835,5649652,371,548818,18826,1059928,32728,34106,13664550,0
"2021-11-28",4087,6410239,5781,5655433,281,549099,11867,1071795,22016,34346.43,13686566,0
"2021-11-29",9119,6419358,10982,5666415,687,549786,34999,1106794,55787,34758.71,13742353,0
"2021-11-30",10542,6429900,11435,5677850,513,550299,37758,1144552,60248,36403.71,13802601,0
"2021-12-01",11214,6441114,10981,5688831,723,551022,40306,1184858,63224,39716.86,13865825,0
"2021-12-02",11694,6452808,11025,5699856,626,551648,42120,1226978,65465,48803.71,13931290,0
"2021-12-03",13533,6466341,12883,5712739,677,552325,47882,1274860,74975,53491.86,14006265,0
"2021-12-04",9870,6476211,11288,5724027,567,552892,30651,1305511,52376,56298.71,14058641,0
"2021-12-05",5771,6481982,5704,5729731,270,553162,16643,1322154,28388,57209,14087029,0
"2021-12-06",12377,6494359,9955,5739686,601,553763,43202,1365356,66135,58687.29,14153164,0
"2021-12-07",12643,6507002,9254,5748940,624,554387,43000,1408356,65521,59440.57,14218685,0
"2021-12-08",13576,6520578,8762,5757702,554,554941,40757,1449113,63649,59501.29,14282334,0
"2021-12-09",13545,6534123,8758,5766460,557,555498,40783,1489896,63643,59241,14345977,0
"2021-12-10",14074,6548197,10137,5776597,670,556168,43624,1533520,68505,58316.71,14414482,0
"2021-12-11",10287,6558484,8116,5784713,405,556573,26685,1560205,45493,57333.43,14459975,0
"2021-12-12",6034,6564518,3853,5788566,288,556861,15151,1575356,25326,56896,14485301,0
"2021-12-13",12271,6576789,7422,5795988,656,557517,37843,1613199,58192,55761.29,14543493,0
"2021-12-14",12273,6589062,6954,5802942,731,558248,38111,1651310,58069,54696.71,14601562,0
"2021-12-15",12146,6601208,6240,5809182,756,559004,38083,1689393,57225,53779,14658787,0
"2021-12-16",13164,6614372,4275,5813457,742,559746,41006,1730399,59187,53142.43,14717974,0
"2021-12-17",15982,6630354,6933,5820390,621,560367,46721,1777120,70257,53392.71,14788231,0
"2021-12-18",13046,6643400,5719,5826109,432,560799,30582,1807702,49779,54005,14838010,0
"2021-12-19",7035,6650435,2994,5829103,326,561125,17990,1825692,28345,54436.29,14866355,0
"2021-12-20",16898,6667333,5865,5834968,747,561872,47391,1873083,70901,56251.86,14937256,0
"2021-12-21",17998,6685331,6569,5841537,806,562678,48853,1921936,74226,58560,15011482,0
"2021-12-22",18583,6703914,6562,5848099,938,563616,49598,1971534,75681,61196.57,15087163,0
"2021-12-23",19075,6722989,6482,5854581,929,564545,45784,2017318,72270,63065.57,15159433,0
"2021-12-24",9245,6732234,2951,5857532,598,565143,20587,2037905,33381,57797.57,15192814,0
"2021-12-25",343,6732577,64,5857596,31,565174,426,2038331,864,50809.71,15193678,0
"2021-12-26",7978,6740555,3928,5861524,341,565515,17267,2055598,29514,50976.71,15223192,0
"2021-12-27",21820,6762375,9205,5870729,932,566447,43393,2098991,75350,51612.29,15298542,0
"2021-12-28",20186,6782561,8323,5879052,698,567145,47540,2146531,76747,51972.43,15375289,0
"2021-12-29",18522,6801083,7668,5886720,607,567752,45497,2192028,72294,51488.57,15447583,0
"2021-12-30",16894,6817977,7419,5894139,584,568336,44791,2236819,69688,51119.71,15517271,0
"2021-12-31",5363,6823340,2808,5896947,193,568529,14754,2251573,23118,49653.57,15540389,0
"2022-01-01",242,6823582,146,5897093,11,568540,498,2252071,897,49658.29,15541286,0
"2022-01-02",6439,6830021,5017,5902110,153,568693,10973,2263044,22582,48668,15563868,0
"2022-01-03",14179,6844200,8473,5910583,515,569208,26859,2289903,50026,45050.29,15613894,0
"2022-01-04",13084,6857284,8081,5918664,412,569620,27002,2316905,48579,41026.29,15662473,0
"2022-01-05",11602,6868886,6979,5925643,384,570004,25748,2342653,44713,37086.14,15707186,0
"2022-01-06",11530,6880416,7378,5933021,485,570489,27442,2370095,46835,33821.43,15754021,0
"2022-01-07",10457,6890873,8419,5941440,337,570826,24965,2395060,44178,36830,15798199,0
"2022-01-08",7920,6898793,8554,5949994,310,571136,19409,2414469,36193,41872.29,15834392,0
"2022-01-09",4137,6902930,3843,5953837,214,571350,10058,2424527,18252,41253.71,15852644,0
"2022-01-10",10183,6913113,8186,5962023,490,571840,24590,2449117,43449,40314.14,15896093,0
"2022-01-11",8908,6922021,7992,5970015,520,572360,20985,2470102,38405,38860.71,15934498,0
"2022-01-12",8954,6930975,8313,5978328,428,572788,22306,2492408,40001,38187.57,15974499,0
"2022-01-13",9048,6940023,8854,5987182,449,573237,22827,2515235,41178,37379.43,16015677,0
"2022-01-14",10126,6950149,8119,5995301,476,573713,26400,2541635,45121,37514.14,16060798,0
"2022-01-15",6210,6956359,4305,5999606,178,573891,15146,2556781,25839,36035,16086637,0
"2022-01-16",2924,6959283,3251,6002857,95,573986,7814,2564595,14084,35439.57,16100721,0
"2022-01-17",6087,6965370,6761,6009618,363,574349,14652,2579247,27863,33213,16128584,0
"2022-01-18",8175,6973545,10299,6019917,397,574746,19621,2598868,38492,33225.43,16167076,0
"2022-01-19",7492,6981037,9240,6029157,305,575051,17686,2616554,34723,32471.43,16201799,0
"2022-01-20",6294,6987331,8559,6037716,305,575356,15233,2631787,30391,30930.43,16232190,0
"2022-01-21",7583,6994914,7489,6045205,276,575632,18478,2650265,33826,29316.86,16266016,0
"2022-01-22",5195,7000109,4934,6050139,131,575763,11296,2661561,21556,28705,16287572,0
"2022-01-23",2817,7002926,3326,6053465,97,575860,6222,2667783,12462,28473.29,16300034,0
"2022-01-24",6380,7009306,8189,6061654,262,576122,15056,2682839,29887,28762.43,16329921,0
"2022-01-25",6200,7015506,7926,6069580,232,576354,14670,2697509,29028,27410.43,16358949,0
"2022-01-26",5762,7021268,7159,6076739,289,576643,14006,2711515,27216,26338,16386165,0
"2022-01-27",5275,7026543,7083,6083822,321,576964,14056,2725571,26735,25815.71,16412900,0
"2022-01-28",6271,7032814,7857,6091679,203,577167,16103,2741674,30434,25331.14,16443334,0
"2022-01-29",842,7033656,727,6092406,28,577195,2535,2744209,4132,22842,16447466,0
"2022-01-30",2099,7035755,3022,6095428,103,577298,4532,2748741,9756,22455.43,16457222,0
"2022-01-31",5007,7040762,6591,6102019,219,577517,11357,2760098,23174,21496.43,16480396,0
"2022-02-01",4847,7045609,6438,6108457,219,577736,10690,2770788,22194,20520.14,16502590,0
"2022-02-02",4252,7049861,5916,6114373,214,577950,11213,2782001,21595,19717.14,16524185,0
"2022-02-03",4238,7054099,5797,6120170,216,578166,11208,2793209,21459,18963.43,16545644,0
"2022-02-04",4789,7058888,7105,6127275,214,578380,13195,2806404,25303,18230.43,16570947,0
"2022-02-05",3588,7062476,6041,6133316,110,578490,8561,2814965,18300,20254.43,16589247,0
"2022-02-06",2064,7064540,2136,6135452,121,578611,4629,2819594,8950,20139.29,16598197,0
"2022-02-07",4157,7068697,4724,6140176,205,578816,10123,2829717,19209,19572.86,16617406,0
"2022-02-08",4236,7072933,5602,6145778,214,579030,11313,2841030,21365,19454.43,16638771,0
"2022-02-09",4144,7077077,5397,6151175,222,579252,11647,2852677,21410,19428,16660181,0
"2022-02-10",4003,7081080,5113,6156288,245,579497,12181,2864858,21542,19439.86,16681723,0
"2022-02-11",4524,7085604,5800,6162088,194,579691,13718,2878576,24236,19287.43,16705959,0
"2022-02-12",3259,7088863,4338,6166426,96,579787,8796,2887372,16489,19028.71,16722448,0
"2022-02-13",1520,7090383,1542,6167968,41,579828,4878,2892250,7981,18890.29,16730429,0
"2022-02-14",2990,7093373,3619,6171587,165,579993,10554,2902804,17328,18621.57,16747757,0
"2022-02-15",3568,7096941,4066,6175653,176,580169,12760,2915564,20570,18508,16768327,0
"2022-02-16",3674,7100615,3897,6179550,200,580369,15687,2931251,23458,18800.57,16791785,0
"2022-02-17",4055,7104670,4079,6183629,162,580531,18250,2949501,26546,19515.43,16818331,0
"2022-02-18",4482,7109152,4776,6188405,190,580721,21522,2971023,30970,20477.43,16849301,0
"2022-02-19",3260,7112412,2178,6190583,65,580786,11164,2982187,16667,20502.86,16865968,0
"2022-02-20",1864,7114276,1444,6192027,59,580845,6573,2988760,9940,20782.71,16875908,0
"2022-02-21",3092,7117368,2687,6194714,95,580940,8346,2997106,14220,20338.71,16890128,0
"2022-02-22",4400,7121768,4240,6198954,175,581115,10812,3007918,19627,20204,16909755,0
"2022-02-23",4277,7126045,3787,6202741,145,581260,10646,3018564,18855,19546.43,16928610,0
"2022-02-24",3789,7129834,3649,6206390,108,581368,10172,3028736,17718,18285.29,16946328,0
"2022-02-25",3623,7133457,3619,6210009,134,581502,9971,3038707,17347,16339.14,16963675,0
"2022-02-26",2846,7136303,2579,6212588,74,581576,9504,3048211,15003,16101.43,16978678,0
"2022-02-27",1777,7138080,1373,6213961,52,581628,6266,3054477,9468,16034,16988146,0
"2022-02-28",3819,7141899,3129,6217090,140,581768,13108,3067585,20196,16887.71,17008342,0
"2022-03-01",2135,7144034,2613,6219703,103,581871,5160,3072745,10011,15514,17018353,0
"2022-03-02",1834,7145868,2435,6222138,106,581977,4115,3076860,8490,14033.29,17026843,0
"2022-03-03",1936,7147804,2557,6224695,106,582083,3792,3080652,8391,12700.86,17035234,0
"2022-03-04",2121,7149925,2870,6227565,66,582149,4319,3084971,9376,11562.14,17044610,0
"2022-03-05",1611,7151536,2123,6229688,43,582192,3309,3088280,7086,10431.14,17051696,0
"2022-03-06",801,7152337,878,6230566,30,582222,1621,3089901,3330,9554.29,17055026,0
"2022-03-07",1665,7154002,1782,6232348,86,582308,3491,3093392,7024,7672.57,17062050,0
"2022-03-08",1549,7155551,1892,6234240,80,582388,3118,3096510,6639,7190.86,17068689,0
"2022-03-09",1267,7156818,1665,6235905,79,582467,2574,3099084,5585,6775.86,17074274,0
"2022-03-10",1423,7158241,2097,6238002,85,582552,2946,3102030,6551,6513,17080825,0
"2022-03-11",1605,7159846,2266,6240268,81,582633,3206,3105236,7158,6196.14,17087983,0
"2022-03-12",879,7160725,1411,6241679,40,582673,1997,3107233,4327,5802,17092310,0
"2022-03-13",625,7161350,757,6242436,27,582700,1292,3108525,2701,5712.14,17095011,0
"2022-03-14",1378,7162728,1599,6244035,83,582783,2985,3111510,6045,5572.29,17101056,0
"2022-03-15",1361,7164089,1921,6245956,63,582846,3069,3114579,6414,5540.14,17107470,0
"2022-03-16",1398,7165487,2065,6248021,94,582940,3124,3117703,6681,5696.71,17114151,0
"2022-03-17",1183,7166670,1809,6249830,70,583010,2752,3120455,5814,5591.43,17119965,0
"2022-03-18",1585,7168255,2187,6252017,80,583090,3755,3124210,7607,5655.57,17127572,0
"2022-03-19",1114,7169369,1729,6253746,54,583144,2586,3126796,5483,5820.71,17133055,0
"2022-03-20",613,7169982,627,6254373,33,583177,1461,3128257,2734,5825.43,17135789,0
"2022-03-21",1422,7171404,1551,6255924,73,583250,3044,3131301,6090,5831.86,17141879,0
"2022-03-22",1345,7172749,1547,6257471,101,583351,2892,3134193,5885,5756.29,17147764,0
"2022-03-23",1263,7174012,1350,6258821,66,583417,2908,3137101,5587,5600,17153351,0
"2022-03-24",1214,7175226,1294,6260115,89,583506,2511,3139612,5108,5499.14,17158459,0
"2022-03-25",1389,7176615,1624,6261739,62,583568,3254,3142866,6329,5316.57,17164788,0
"2022-03-26",929,7177544,1159,6262898,36,583604,2290,3145156,4414,5163.86,17169202,0
"2022-03-27",574,7178118,526,6263424,29,583633,1311,3146467,2440,5121.86,17171642,0
"2022-03-28",1085,7179203,1154,6264578,68,583701,2436,3148903,4743,4929.43,17176385,0
"2022-03-29",1052,7180255,1106,6265684,85,583786,2502,3151405,4745,4766.57,17181130,0
"2022-03-30",1248,7181503,1139,6266823,98,583884,3049,3154454,5534,4759,17186664,0
"2022-03-31",1287,7182790,1257,6268080,57,583941,3154,3157608,5755,4851.43,17192419,0
"2022-04-01",1435,7184225,1492,6269572,76,584017,3242,3160850,6245,4839.43,17198664,0
"2022-04-02",914,7185139,911,6270483,33,584050,2090,3162940,3948,4772.86,17202612,0
"2022-04-03",559,7185698,499,6270982,28,584078,1223,3164163,2309,4754.14,17204921,0
"2022-04-04",1357,7187055,1307,6272289,60,584138,2723,3166886,5447,4854.71,17210368,0
"2022-04-05",1300,7188355,1158,6273447,66,584204,2852,3169738,5376,4944.86,17215744,0
"2022-04-06",1315,7189670,1186,6274633,58,584262,2613,3172351,5172,4893.14,17220916,0
"2022-04-07",1212,7190882,1059,6275692,54,584316,2369,3174720,4694,4741.57,17225610,0
"2022-04-08",1489,7192371,1397,6277089,62,584378,3153,3177873,6101,4721,17231711,0
"2022-04-09",938,7193309,915,6278004,28,584406,2056,3179929,3937,4719.43,17235648,0
"2022-04-10",592,7193901,462,6278466,25,584431,1168,3181097,2247,4710.57,17237895,0
"2022-04-11",1338,7195239,1227,6279693,59,584490,2648,3183745,5272,4685.57,17243167,0
"2022-04-12",1212,7196451,1052,6280745,73,584563,2519,3186264,4856,4611.29,17248023,0
"2022-04-13",1262,7197713,1063,6281808,58,584621,2491,3188755,4874,4568.71,17252897,0
"2022-04-14",1278,7198991,1093,6282901,59,584680,2421,3191176,4851,4591.14,17257748,0
"2022-04-15",1346,7200337,1091,6283992,52,584732,2551,3193727,5040,4439.57,17262788,0
"2022-04-16",873,7201210,651,6284643,31,584763,1633,3195360,3188,4332.57,17265976,0
"2022-04-17",348,7201558,203,6284846,27,584790,638,3195998,1216,4185.29,17267192,0
"2022-04-18",1385,7202943,1110,6285956,82,584872,2576,3198574,5153,4168.29,17272345,0
"2022-04-19",1412,7204355,934,6286890,72,584944,2563,3201137,4981,4186.14,17277326,0
"2022-04-20",1313,7205668,1140,6288030,65,585009,2672,3203809,5190,4231.29,17282516,0
"2022-04-21",1220,7206888,1060,6289090,52,585061,2316,3206125,4648,4202.29,17287164,0
"2022-04-22",1217,7208105,1018,6290108,46,585107,2195,3208320,4476,4121.71,17291640,0
"2022-04-23",721,7208826,747,6290855,59,585166,1423,3209743,2950,4087.71,17294590,0
"2022-04-24",442,7209268,338,6291193,27,585193,811,3210554,1618,4145.14,17296208,0
"2022-04-25",1025,7210293,909,6292102,64,585257,1847,3212401,3845,3958.29,17300053,0
"2022-04-26",936,7211229,852,6292954,76,585333,1746,3214147,3610,3762.43,17303663,0
"2022-04-27",1035,7212264,990,6293944,78,585411,1917,3216064,4020,3595.29,17307683,0
"2022-04-28",1081,7213345,981,6294925,49,585460,1991,3218055,4102,3517.29,17311785,0
"2022-04-29",1189,7214534,1096,6296021,61,585521,2125,3220180,4471,3516.57,17316256,0
"2022-04-30",722,7215256,745,6296766,43,585564,1392,3221572,2902,3509.71,17319158,0
"2022-05-01",450,7215706,370,6297136,21,585585,760,3222332,1601,3507.29,17320759,0
"2022-05-02",1049,7216755,792,6297928,52,585637,1665,3223997,3558,3466.29,17324317,0
"2022-05-03",1114,7217869,851,6298779,60,585697,1963,3225960,3988,3520.29,17328305,0
"2022-05-04",1011,7218880,881,6299660,48,585745,1898,3227858,3838,3494.29,17332143,0
"2022-05-05",1047,7219927,948,6300608,84,585829,1925,3229783,4004,3480.29,17336147,0
"2022-05-06",1085,7221012,936,6301544,50,585879,1856,3231639,3927,3402.57,17340074,0
"2022-05-07",654,7221666,587,6302131,30,585909,1195,3232834,2466,3340.29,17342540,0
"2022-05-08",415,7222081,249,6302380,17,585926,669,3233503,1350,3304.43,17343890,0
"2022-05-09",1070,7223151,937,6303317,62,585988,1861,3235364,3930,3357.57,17347820,0
"2022-05-10",1095,7224246,922,6304239,54,586042,1979,3237343,4050,3366.43,17351870,0
"2022-05-11",1087,7225333,970,6305209,44,586086,1916,3239259,4017,3392,17355887,0
"2022-05-12",1090,7226423,940,6306149,58,586144,1993,3241252,4081,3403,17359968,0
"2022-05-13",1158,7227581,1032,6307181,43,586187,2037,3243289,4270,3452,17364238,0
"2022-05-14",819,7228400,667,6307848,31,586218,1457,3244746,2974,3524.57,17367212,0
"2022-05-15",512,7228912,354,6308202,20,586238,913,3245659,1799,3588.71,17369011,0
"2022-05-16",1217,7230129,843,6309045,59,586297,1800,3247459,3919,3587.14,17372930,0
"2022-05-17",1297,7231426,913,6309958,79,586376,2030,3249489,4319,3625.57,17377249,0
"2022-05-18",1238,7232664,901,6310859,81,586457,2051,3251540,4271,3661.86,17381520,0
"2022-05-19",1159,7233823,865,6311724,35,586492,2093,3253633,4152,3672,17385672,0
"2022-05-20",1181,7235004,944,6312668,73,586565,2343,3255976,4541,3710.71,17390213,0
"2022-05-21",833,7235837,646,6313314,23,586588,1702,3257678,3204,3743.57,17393417,0
"2022-05-22",512,7236349,287,6313601,21,586609,1130,3258808,1950,3765.14,17395367,0
"2022-05-23",1214,7237563,884,6314485,44,586653,2153,3260961,4295,3818.86,17399662,0
"2022-05-24",1423,7238986,920,6315405,61,586714,2212,3263173,4616,3861.29,17404278,0
"2022-05-25",1421,7240407,950,6316355,49,586763,2229,3265402,4649,3915.29,17408927,0
"2022-05-26",1174,7241581,850,6317205,57,586820,2225,3267627,4306,3937.29,17413233,0
"2022-05-27",1230,7242811,930,6318135,36,586856,2458,3270085,4654,3953.43,17417887,0
"2022-05-28",707,7243518,504,6318639,18,586874,1740,3271825,2969,3919.86,17420856,0
"2022-05-29",473,7243991,213,6318852,11,586885,760,3272585,1457,3849.43,17422313,0
"2022-05-30",85,7244076,54,6318906,6,586891,134,3272719,279,3275.71,17422592,0
"2022-05-31",1111,7245187,884,6319790,48,586939,1837,3274556,3880,3170.57,17426472,0
"2022-06-01",1113,7246300,828,6320618,59,586998,1923,3276479,3923,3066.86,17430395,0
"2022-06-02",999,7247299,771,6321389,68,587066,1720,3278199,3558,2960,17433953,120000
"2022-06-03",1148,7248447,868,6322257,45,587111,1999,3280198,4060,2875.14,17438013,120000
"2022-06-04",717,7249164,572,6322829,21,587132,1528,3281726,2838,2856.43,17440851,120000
"2022-06-05",441,7249605,288,6323117,1,587133,844,3282570,1574,2873.14,17442425,120000
"2022-06-06",1097,7250702,787,6323904,58,587191,1670,3284240,3612,3349.29,17446037,120000
"2022-06-07",598,7251300,504,6324408,59,587250,1157,3285397,2318,3126.14,17448355,120000
