"DATE","ADMIN_DOSE1_DAILY","ADMIN_DOSE1_CUMULATIVE","ADMIN_DOSE2_DAILY","ADMIN_DOSE2_CUMULATIVE","ADMIN_SINGLE_DAILY","ADMIN_SINGLE_CUMULATIVE","ADMIN_ALLDOSES_DAILY","ADMIN_ALLDOSES_7DAYAVG","ADMIN_ALLDOSES_CUMULATIVE","INCOMPLETE"
"2020-12-14",78,78,0,0,0,0,78,,78,0
"2020-12-15",2040,2118,2,2,3,3,2045,,2123,0
"2020-12-16",4516,6634,9,11,1,4,4526,,6649,0
"2020-12-17",4503,11137,14,25,0,4,4517,,11166,0
"2020-12-18",5780,16917,21,46,2,6,5803,,16969,0
"2020-12-19",1683,18600,6,52,2,8,1691,,18660,0
"2020-12-20",1105,19705,1,53,1,9,1107,2823.86,19767,0
"2020-12-21",6263,25968,10,63,1,10,6274,3709,26041,0
"2020-12-22",9744,35712,17,80,1,11,9762,4811.43,35803,0
"2020-12-23",14225,49937,25,105,1,12,14251,6200.71,50054,0
"2020-12-24",7193,57130,52,157,1,13,7246,6590.57,57300,0
"2020-12-25",179,57309,0,157,0,13,179,5787.14,57479,0
"2020-12-26",4325,61634,29,186,0,13,4354,6167.57,61833,0
"2020-12-27",3833,65467,6,192,0,13,3839,6557.86,65672,0
"2020-12-28",10955,76422,30,222,0,13,10985,7230.86,76657,0
"2020-12-29",10680,87102,20,242,2,15,10702,7365.14,87359,0
"2020-12-30",12770,99872,47,289,0,15,12817,7160.29,100176,0
"2020-12-31",7228,107100,18,307,0,15,7246,7160.29,107422,0
"2021-01-01",165,107265,2,309,1,16,168,7158.71,107590,0
"2021-01-02",3807,111072,8,317,1,17,3816,7081.86,111406,0
"2021-01-03",3526,114598,16,333,1,18,3543,7039.57,114949,0
"2021-01-04",12186,126784,784,1117,0,18,12970,7323.14,127919,0
"2021-01-05",13949,140733,2122,3239,0,18,16071,8090.14,143990,0
"2021-01-06",17730,158463,3843,7082,0,18,21573,9341,165563,0
"2021-01-07",16498,174961,5016,12098,3,21,21517,11379.71,187080,0
"2021-01-08",16471,191432,5302,17400,0,21,21773,14466.14,208853,0
"2021-01-09",7666,199098,1433,18833,0,21,9099,15220.86,217952,0
"2021-01-10",7837,206935,967,19800,0,21,8804,15972.43,226756,0
"2021-01-11",25641,232576,7287,27087,0,21,32928,18823.57,259684,0
"2021-01-12",27890,260466,7757,34844,0,21,35647,21620.14,295331,0
"2021-01-13",31415,291881,9299,44143,0,21,40714,24354.57,336045,0
"2021-01-14",35489,327370,5245,49388,1,22,40735,27100,376780,0
"2021-01-15",28902,356272,3548,52936,2,24,32452,28625.57,409232,0
"2021-01-16",30072,386344,2293,55229,0,24,32365,31949.29,441597,0
"2021-01-17",23806,410150,1530,56759,0,24,25336,34311,466933,0
"2021-01-18",26840,436990,2303,59062,0,24,29143,33770.29,496076,0
"2021-01-19",33900,470890,9476,68538,1,25,43377,34874.57,539453,0
"2021-01-20",34437,505327,9339,77877,1,26,43777,35312.14,583230,0
"2021-01-21",25181,530508,7947,85824,0,26,33128,34225.43,616358,0
"2021-01-22",24220,554728,4331,90155,0,26,28551,33668.14,644909,0
"2021-01-23",15304,570032,3175,93330,0,26,18479,31684.43,663388,0
"2021-01-24",6979,577011,3363,96693,0,26,10342,29542.43,673730,0
"2021-01-25",12910,589921,11447,108140,0,26,24357,28858.71,698087,0
"2021-01-26",16387,606308,10510,118650,0,26,26897,26504.43,724984,0
"2021-01-27",20447,626755,12057,130707,0,26,32504,24894,757488,0
"2021-01-28",30453,657208,12568,143275,0,26,43021,26307.29,800509,0
"2021-01-29",31433,688641,11139,154414,0,26,42572,28310.29,843081,0
"2021-01-30",18438,707079,3589,158003,0,26,22027,28817.14,865108,0
"2021-01-31",12785,719864,2800,160803,0,26,15585,29566.14,880693,0
"2021-02-01",1112,720976,5259,166062,1,27,6372,26996.86,887065,0
"2021-02-02",2765,723741,9225,175287,2,29,11992,24867.57,899057,0
"2021-02-03",16282,740023,20589,195876,3,32,36874,25491.86,935931,0
"2021-02-04",26775,766798,19036,214912,1,33,45812,25890.57,981743,0
"2021-02-05",27354,794152,19431,234343,0,33,46785,26492.43,1028528,0
"2021-02-06",22860,817012,10962,245305,0,33,33822,28177.43,1062350,0
"2021-02-07",12157,829169,8001,253306,0,33,20158,28830.71,1082508,0
"2021-02-08",16890,846059,22966,276272,1,34,39857,33614.29,1122365,0
"2021-02-09",17068,863127,27534,303806,2,36,44604,38273.14,1166969,0
"2021-02-10",19544,882671,28610,332416,1,37,48155,39884.71,1215124,0
"2021-02-11",27876,910547,32689,365105,2,39,60567,41992.57,1275691,0
"2021-02-12",38386,948933,30019,395124,2,41,68407,45081.43,1344098,0
"2021-02-13",27885,976818,24722,419846,2,43,52609,47765.29,1396707,0
"2021-02-14",16353,993171,23272,443118,0,43,39625,50546.29,1436332,0
"2021-02-15",12905,1006076,9988,453106,1,44,22894,48123,1459226,0
"2021-02-16",14176,1020252,26036,479142,0,44,40212,47495.57,1499438,0
"2021-02-17",16218,1036470,21514,500656,1,45,37733,46006.71,1537171,0
"2021-02-18",12100,1048570,24456,525112,22,67,36578,42579.71,1573749,0
"2021-02-19",13156,1061726,23456,548568,40,107,36652,38043.29,1610401,0
"2021-02-20",11230,1072956,25765,574333,6,113,37001,35813.57,1647402,0
"2021-02-21",6328,1079284,17263,591596,15,128,23606,33525.14,1671008,0
"2021-02-22",12710,1091994,11578,603174,2,130,24290,33724.57,1695298,0
"2021-02-23",24945,1116939,13867,617041,1,131,38813,33524.71,1734111,0
"2021-02-24",36065,1153004,19657,636698,0,131,55722,36094.57,1789833,0
"2021-02-25",54403,1207407,29317,666015,7,138,83727,42830.14,1873560,0
"2021-02-26",62702,1270109,30857,696872,4,142,93563,50960.29,1967123,0
"2021-02-27",51234,1321343,21990,718862,49,191,73273,56142,2040396,0
"2021-02-28",44880,1366223,13142,732004,3,194,58025,61059,2098421,0
"2021-03-01",38983,1405206,12012,744016,8,202,51003,64875.14,2149424,0
"2021-03-02",46801,1452007,11714,755730,6,208,58521,67690.57,2207945,0
"2021-03-03",48263,1500270,15297,771027,15,223,63575,68812.43,2271520,0
"2021-03-04",59485,1559755,22014,793041,1088,1311,82587,68649.57,2354107,0
"2021-03-05",60546,1620301,23538,816579,3109,4420,87193,67739.57,2441300,0
"2021-03-06",46913,1667214,18279,834858,5427,9847,70619,67360.43,2511919,0
"2021-03-07",35998,1703212,14443,849301,6241,16088,56682,67168.57,2568601,0
"2021-03-08",39417,1742629,14164,863465,8544,24632,62125,68757.43,2630726,0
"2021-03-09",38885,1781514,11865,875330,7770,32402,58520,68757.29,2689246,0
"2021-03-10",51447,1832961,14095,889425,5047,37449,70589,69759.29,2759835,0
"2021-03-11",59901,1892862,20553,909978,4567,42016,85021,70107,2844856,0
"2021-03-12",51966,1944828,29173,939151,4137,46153,85276,69833.14,2930132,0
"2021-03-13",40575,1985403,26208,965359,5100,51253,71883,70013.71,3002015,0
"2021-03-14",30669,2016072,15390,980749,4557,55810,50616,69147.14,3052631,0
"2021-03-15",33327,2049399,16133,996882,4795,60605,54255,68022.86,3106886,0
"2021-03-16",38430,2087829,19240,1016122,4924,65529,62594,68604.86,3169480,0
"2021-03-17",42374,2130203,23515,1039637,4275,69804,70164,68544.14,3239644,0
"2021-03-18",50323,2180526,25553,1065190,5273,75077,81149,67991,3320793,0
"2021-03-19",47513,2228039,28559,1093749,5612,80689,81684,67477.86,3402477,0
"2021-03-20",38343,2266382,24764,1118513,4674,85363,67781,66891.86,3470258,0
"2021-03-21",29275,2295657,18427,1136940,769,86132,48471,66585.43,3518729,0
"2021-03-22",33453,2329110,25455,1162395,4022,90154,62930,67824.71,3581659,0
"2021-03-23",38141,2367251,31295,1193690,4202,94356,73638,69402.43,3655297,0
"2021-03-24",41257,2408508,36041,1229731,4802,99158,82100,71107.57,3737397,0
"2021-03-25",43183,2451691,48799,1278530,5011,104169,96993,73371,3834390,0
"2021-03-26",38313,2490004,53188,1331718,4222,108391,95723,75376.57,3930113,0
"2021-03-27",35646,2525650,43559,1375277,2880,111271,82085,77420,4012198,0
"2021-03-28",26245,2551895,32632,1407909,1466,112737,60343,79116,4072541,0
"2021-03-29",34579,2586474,36901,1444810,3234,115971,74714,80799.43,4147255,0
"2021-03-30",40278,2626752,40250,1485060,3675,119646,84203,82308.71,4231458,0
"2021-03-31",49184,2675936,43092,1528152,7415,127061,99691,84821.71,4331149,0
"2021-04-01",50453,2726389,52634,1580786,11087,138148,114174,87276.14,4445323,0
"2021-04-02",43425,2769814,52653,1633439,11779,149927,107857,89009.57,4553180,0
"2021-04-03",38712,2808526,38273,1671712,9766,159693,86751,89676.14,4639931,0
"2021-04-04",24869,2833395,23777,1695489,3852,163545,52498,88555.43,4692429,0
"2021-04-05",40296,2873691,33577,1729066,11060,174605,84933,90015.29,4777362,0
"2021-04-06",51298,2924989,34259,1763325,12919,187524,98476,92054.29,4875838,0
"2021-04-07",51997,2976986,39467,1802792,14053,201577,105517,92886.57,4981355,0
"2021-04-08",55670,3032656,45241,1848033,15721,217298,116632,93237.71,5097987,0
"2021-04-09",53871,3086527,43351,1891384,16868,234166,114090,94128.14,5212077,0
"2021-04-10",49178,3135705,32390,1923774,12498,246664,94066,95173.14,5306143,0
"2021-04-11",37506,3173211,25477,1949251,6938,253602,69921,97662.14,5376064,0
"2021-04-12",46167,3219378,27839,1977090,12679,266281,86685,97912.43,5462749,0
"2021-04-13",52097,3271475,31288,2008378,336,266617,83721,95804.57,5546470,0
"2021-04-14",49836,3321311,37465,2045843,8,266625,87309,93203.43,5633779,0
"2021-04-15",51783,3373094,41198,2087041,9,266634,92990,89826,5726769,0
"2021-04-16",50869,3423963,39824,2126865,20,266654,90713,86486.43,5817482,0
"2021-04-17",43533,3467496,33089,2159954,3,266657,76625,83994.86,5894107,0
"2021-04-18",25183,3492679,22200,2182154,2,266659,47385,80775.43,5941492,0
"2021-04-19",36597,3529276,32835,2214989,14,266673,69446,78312.71,6010938,0
"2021-04-20",38914,3568190,34122,2249111,16,266689,73052,76788.57,6083990,0
"2021-04-21",35550,3603740,38539,2287650,11,266700,74100,74901.57,6158090,0
"2021-04-22",36698,3640438,41894,2329544,5,266705,78597,72845.43,6236687,0
"2021-04-23",37211,3677649,37991,2367535,5,266710,75207,70630.29,6311894,0
"2021-04-24",31687,3709336,36227,2403762,46,266756,67960,69392.43,6379854,0
"2021-04-25",18283,3727619,25497,2429259,82,266838,43862,68889.14,6423716,0
"2021-04-26",25853,3753472,32479,2461738,999,267837,59331,67444.14,6483047,0
"2021-04-27",27832,3781304,40003,2501741,1670,269507,69505,66937.43,6552552,0
"2021-04-28",25762,3807066,44531,2546272,2134,271641,72427,66698.43,6624979,0
"2021-04-29",27447,3834513,44978,2591250,2093,273734,74518,66115.71,6699497,0
"2021-04-30",28825,3863338,42443,2633693,1996,275730,73264,65838.14,6772761,0
"2021-05-01",22241,3885579,43276,2676969,1130,276860,66647,65650.57,6839408,0
"2021-05-02",12043,3897622,36272,2713241,1075,277935,49390,66440.29,6888798,0
"2021-05-03",17982,3915604,51746,2764987,2333,280268,72061,68258.86,6960859,0
"2021-05-04",22794,3938398,55806,2820793,2291,282559,80891,69885.43,7041750,0
"2021-05-05",21589,3959987,48050,2868843,2290,284849,71929,69814.29,7113679,0
"2021-05-06",20352,3980339,47664,2916507,2375,287224,70391,69224.71,7184070,0
"2021-05-07",20985,4001324,49605,2966112,2750,289974,73340,69235.57,7257410,0
"2021-05-08",16074,4017398,40435,3006547,1827,291801,58336,68048.29,7315746,0
"2021-05-09",8516,4025914,26617,3033164,1249,293050,36382,66190,7352128,0
"2021-05-10",14132,4040046,36840,3070004,2294,295344,53266,63505,7405394,0
"2021-05-11",18698,4058744,39563,3109567,2466,297810,60727,60624.43,7466121,0
"2021-05-12",16820,4075564,36594,3146161,3546,301356,56960,58486,7523081,0
"2021-05-13",24882,4100446,38868,3185029,3203,304559,66953,57994.86,7590034,0
"2021-05-14",27045,4127491,41146,3226175,3483,308042,71674,57756.86,7661708,0
"2021-05-15",23599,4151090,34321,3260496,3345,311387,61265,58175.29,7722973,0
"2021-05-16",15671,4166761,18080,3278576,2477,313864,36228,58153.29,7759201,0
"2021-05-17",22958,4189719,27780,3306356,3200,317064,53938,58249.29,7813139,0
"2021-05-18",24126,4213845,30235,3336591,3352,320416,57713,57818.71,7870852,0
"2021-05-19",24892,4238737,27541,3364132,3001,323417,55434,57600.71,7926286,0
"2021-05-20",24456,4263193,27295,3391427,3086,326503,54837,55869.86,7981123,0
"2021-05-21",25800,4288993,29860,3421287,3016,329519,58676,54013,8039799,0
"2021-05-22",19898,4308891,23865,3445152,2510,332029,46273,51871.29,8086072,0
"2021-05-23",10868,4319759,13059,3458211,1401,333430,25328,50314.14,8111400,0
"2021-05-24",18642,4338401,22147,3480358,2718,336148,43507,48824,8154907,0
"2021-05-25",19411,4357812,22783,3503141,2553,338701,44747,46971.71,8199654,0
"2021-05-26",18807,4376619,20392,3523533,2658,341359,41857,45032.14,8241511,0
"2021-05-27",18491,4395110,20486,3544019,2509,343868,41486,43124.86,8282997,0
"2021-05-28",18129,4413239,22064,3566083,2707,346575,42900,40871.14,8325897,0
"2021-05-29",13269,4426508,16856,3582939,1749,348324,31874,38814.14,8357771,0
"2021-05-30",7346,4433854,8546,3591485,1071,349395,16963,37619.14,8374734,0
"2021-05-31",4749,4438603,6815,3598300,1009,350404,12573,33200,8387307,0
"2021-06-01",16706,4455309,23707,3622007,2129,352533,42542,32885,8429849,0
"2021-06-02",15755,4471064,19304,3641311,2055,354588,37114,32207.43,8466963,0
"2021-06-03",15052,4486116,23011,3664322,2248,356836,40311,32039.57,8507274,0
"2021-06-04",14743,4500859,25057,3689379,2423,359259,42223,31942.86,8549497,0
"2021-06-05",11031,4511890,21481,3710860,1791,361050,34303,32289.86,8583800,0
"2021-06-06",6910,4518800,13774,3724634,1214,362264,21898,32994.86,8605698,0
"2021-06-07",11785,4530585,21050,3745684,2319,364583,35154,36220.71,8640852,0
"2021-06-08",13236,4543821,22886,3768570,2034,366617,38156,35594.14,8679008,0
"2021-06-09",11179,4555000,22169,3790739,2231,368848,35579,35374.86,8714587,0
"2021-06-10",12104,4567104,21421,3812160,2396,371244,35921,34747.71,8750508,0
"2021-06-11",12512,4579616,24453,3836613,2393,373637,39358,34338.43,8789866,0
"2021-06-12",10060,4589676,18805,3855418,1863,375500,30728,33827.71,8820594,0
"2021-06-13",4468,4594144,10521,3865939,1213,376713,16202,33014,8836796,0
"2021-06-14",10314,4604458,18346,3884285,1983,378696,30643,32369.57,8867439,0
"2021-06-15",11833,4616291,20381,3904666,1891,380587,34105,31790.86,8901544,0
"2021-06-16",11351,4627642,18799,3923465,1904,382491,32054,31287.29,8933598,0
"2021-06-17",10761,4638403,17914,3941379,1902,384393,30577,30523.86,8964175,0
"2021-06-18",11989,4650392,17735,3959114,2041,386434,31765,29439.14,8995940,0
"2021-06-19",8369,4658761,13035,3972149,1426,387860,22830,28310.86,9018770,120000
"2021-06-20",4218,4662979,6331,3978480,824,388684,11373,27621,9030143,120000
"2021-06-21",9653,4672632,8717,3987197,1604,390288,19974,26096.86,9050117,120000
"2021-06-22",9400,4682032,14551,4001748,1434,391722,25385,24851.14,9075502,120000
"2021-06-23",9690,4691722,13977,4015725,1638,393360,25305,23887,9100807,120000
"2021-06-24",7266,4698988,11213,4026938,1391,394751,19870,22357.43,9120677,120000
"2021-06-25",3203,4702191,5110,4032048,665,395416,8978,19102.14,9129655,120000
