"DATE","ADMIN_DOSE1_DAILY","ADMIN_DOSE1_CUMULATIVE","ADMIN_DOSE2_DAILY","ADMIN_DOSE2_CUMULATIVE","ADMIN_SINGLE_DAILY","ADMIN_SINGLE_CUMULATIVE","ADMIN_ADDITIONAL1_DAILY","ADMIN_ADDITIONAL1_CUMULATIVE","ADMIN_ADDITIONAL2_DAILY","ADMIN_ADDITIONAL2_CUMULATIVE","ADMIN_ADDITIONAL_DAILY","ADMIN_ADDITIONAL_CUMULATIVE","ADMIN_ALLDOSES_DAILY","ADMIN_ALLDOSES_7DAYAVG","ADMIN_ALLDOSES_CUMULATIVE","INCOMPLETE"
"2020-12-14",79,79,0,0,0,0,0,0,0,0,0,0,79,,79,0
"2020-12-15",2051,2130,6,6,4,4,0,0,0,0,0,0,2061,,2140,0
"2020-12-16",4605,6735,14,20,1,5,1,1,0,0,1,1,4621,,6761,0
"2020-12-17",4657,11392,17,37,0,5,1,2,0,0,1,2,4675,,11436,0
"2020-12-18",5833,17225,18,55,2,7,2,4,0,0,2,4,5855,,17291,0
"2020-12-19",1689,18914,7,62,3,10,0,4,0,0,0,4,1699,,18990,0
"2020-12-20",1116,20030,2,64,1,11,0,4,0,0,0,4,1119,2872.71,20109,0
"2020-12-21",6340,26370,19,83,0,11,5,9,0,0,5,9,6364,3770.57,26473,0
"2020-12-22",9795,36165,26,109,2,13,1,10,0,0,1,10,9824,4879.57,36297,0
"2020-12-23",14277,50442,34,143,3,16,1,11,0,0,1,11,14315,6264.43,50612,0
"2020-12-24",7200,57642,24,167,1,17,0,11,0,0,0,11,7225,6628.71,57837,0
"2020-12-25",180,57822,0,167,0,17,1,12,0,0,1,12,181,5818.14,58018,0
"2020-12-26",4387,62209,44,211,0,17,1,13,0,0,1,13,4432,6208.57,62450,0
"2020-12-27",3869,66078,14,225,0,17,1,14,0,0,1,14,3884,6603.57,66334,0
"2020-12-28",10995,77073,49,274,1,18,2,16,0,0,2,16,11047,7272.57,77381,0
"2020-12-29",10718,87791,34,308,2,20,2,18,0,0,2,18,10756,7405.71,88137,0
"2020-12-30",12826,100617,44,352,0,20,0,18,0,0,0,18,12870,7199.29,101007,0
"2020-12-31",7260,107877,34,386,1,21,0,18,0,0,0,18,7295,7209.29,108302,0
"2021-01-01",181,108058,2,388,1,22,3,21,0,0,3,21,187,7210.14,108489,0
"2021-01-02",3809,111867,10,398,2,24,2,23,0,0,2,23,3823,7123.14,112312,0
"2021-01-03",3541,115408,24,422,2,26,1,24,0,0,1,24,3568,7078,115880,0
"2021-01-04",12255,127663,807,1229,2,28,6,30,0,0,6,30,13070,7367,128950,0
"2021-01-05",14088,141751,2192,3421,2,30,12,42,1,1,13,43,16295,8158.29,145245,0
"2021-01-06",17802,159553,3926,7347,1,31,29,71,7,8,36,79,21765,9429,167010,0
"2021-01-07",16551,176104,5172,12519,4,35,45,116,3,11,48,127,21775,11497.57,188785,0
"2021-01-08",16620,192724,5455,17974,0,35,33,149,4,15,37,164,22112,14629.71,210897,0
"2021-01-09",7652,200376,1462,19436,1,36,7,156,2,17,9,173,9124,15387,220021,0
"2021-01-10",7881,208257,983,20419,0,36,10,166,0,17,10,183,8874,16145,228895,0
"2021-01-11",25826,234083,7454,27873,2,38,48,214,8,25,56,239,33338,19040.43,262233,0
"2021-01-12",28263,262346,7858,35731,1,39,44,258,2,27,46,285,36168,21879.43,298401,0
"2021-01-13",31722,294068,9390,45121,1,40,55,313,4,31,59,344,41172,24651.86,339573,0
"2021-01-14",35815,329883,5317,50438,1,41,29,342,7,38,36,380,41169,27422.43,380742,0
"2021-01-15",29265,359148,3703,54141,2,43,32,374,5,43,37,417,33007,28978.86,413749,0
"2021-01-16",30290,389438,2380,56521,0,43,25,399,5,48,30,447,32700,32346.86,446449,0
"2021-01-17",23749,413187,1627,58148,0,43,18,417,1,49,19,466,25395,34707,471844,0
"2021-01-18",27107,440294,2411,60559,1,44,34,451,7,56,41,507,29560,34167.29,501404,0
"2021-01-19",34294,474588,9627,70186,1,45,70,521,5,61,75,582,43997,35285.71,545401,0
"2021-01-20",34870,509458,9494,79680,1,46,59,580,4,65,63,645,44428,35750.86,589829,0
"2021-01-21",25593,535051,8092,87772,2,48,50,630,5,70,55,700,33742,34689.86,623571,0
"2021-01-22",24755,559806,4381,92153,1,49,32,662,7,77,39,739,29176,34142.57,652747,0
"2021-01-23",15742,575548,3224,95377,0,49,9,671,2,79,11,750,18977,32182.14,671724,0
"2021-01-24",7177,582725,3453,98830,0,49,19,690,1,80,20,770,10650,30075.71,682374,0
"2021-01-25",13411,596136,11821,110651,0,49,66,756,11,91,77,847,25309,29468.43,707683,0
"2021-01-26",16766,612902,10752,121403,0,49,67,823,2,93,69,916,27587,27124.14,735270,0
"2021-01-27",20835,633737,12356,133759,0,49,51,874,8,101,59,975,33250,25527.29,768520,0
"2021-01-28",30764,664501,12842,146601,0,49,88,962,15,116,103,1078,43709,26951.14,812229,0
"2021-01-29",31695,696196,11503,158104,0,49,78,1040,10,126,88,1166,43286,28966.86,855515,0
"2021-01-30",18708,714904,3742,161846,0,49,20,1060,2,128,22,1188,22472,29466.14,877987,0
"2021-01-31",13021,727925,2920,164766,1,50,28,1088,4,132,32,1220,15974,30226.71,893961,0
"2021-02-01",1180,729105,5369,170135,4,54,35,1123,4,136,39,1259,6592,27552.86,900553,0
"2021-02-02",2827,731932,9476,179611,2,56,46,1169,4,140,50,1309,12355,25376.86,912908,0
"2021-02-03",16348,748280,21242,200853,4,60,205,1374,19,159,224,1533,37818,26029.43,950726,0
"2021-02-04",27048,775328,19650,220503,3,63,199,1573,10,169,209,1742,46910,26486.71,997636,0
"2021-02-05",27600,802928,20037,240540,0,63,178,1751,15,184,193,1935,47830,27135.86,1045466,0
"2021-02-06",22989,825917,11248,251788,0,63,110,1861,12,196,122,2057,34359,28834,1079825,0
"2021-02-07",12042,837959,8283,260071,1,64,91,1952,13,209,104,2161,20430,29470.57,1100255,0
"2021-02-08",16965,854924,23516,283587,2,66,231,2183,33,242,264,2425,40747,34349.86,1141002,0
"2021-02-09",17190,872114,28111,311698,2,68,334,2517,41,283,375,2800,45678,39110.29,1186680,0
"2021-02-10",19592,891706,29309,341007,2,70,260,2777,50,333,310,3110,49213,40738.14,1235893,0
"2021-02-11",27847,919553,33473,374480,2,72,339,3116,57,390,396,3506,61718,42853.57,1297611,0
"2021-02-12",38395,957948,30795,405275,3,75,354,3470,38,428,392,3898,69585,45961.43,1367196,0
"2021-02-13",28009,985957,25310,430585,2,77,310,3780,50,478,360,4258,53681,48721.71,1420877,0
"2021-02-14",16280,1002237,23734,454319,0,77,261,4041,31,509,292,4550,40306,51561.14,1461183,0
"2021-02-15",12796,1015033,10527,464846,2,79,169,4210,24,533,193,4743,23518,49099.86,1484701,0
"2021-02-16",14241,1029274,26733,491579,0,79,320,4530,35,568,355,5098,41329,48478.57,1526030,0
"2021-02-17",16393,1045667,22196,513775,1,80,281,4811,37,605,318,5416,38908,47006.43,1564938,0
"2021-02-18",12153,1057820,24993,538768,21,101,286,5097,43,648,329,5745,37496,43546.14,1602434,0
"2021-02-19",13263,1071083,23935,562703,39,140,303,5400,44,692,347,6092,37584,38974.57,1640018,0
"2021-02-20",11351,1082434,26078,588781,6,146,324,5724,78,770,402,6494,37837,36711.14,1677855,0
"2021-02-21",6362,1088796,17421,606202,15,161,284,6008,43,813,327,6821,24125,34399.57,1701980,0
"2021-02-22",13043,1101839,11847,618049,2,163,126,6134,19,832,145,6966,25037,34616.57,1727017,0
"2021-02-23",25246,1127085,14145,632194,1,164,160,6294,34,866,194,7160,39586,34367.57,1766603,0
"2021-02-24",36364,1163449,20389,652583,0,164,226,6520,37,903,263,7423,57016,36954.43,1823619,0
"2021-02-25",54618,1218067,30388,682971,6,170,396,6916,65,968,461,7884,85473,43808.29,1909092,0
"2021-02-26",62873,1280940,31867,714838,4,174,411,7327,78,1046,489,8373,95233,52043.86,2004325,0
"2021-02-27",51295,1332235,22751,737589,47,221,332,7659,54,1100,386,8759,74479,57278.43,2078804,0
"2021-02-28",44596,1376831,13821,751410,7,228,204,7863,34,1134,238,8997,58662,62212.29,2137466,0
"2021-03-01",39320,1416151,12778,764188,10,238,164,8027,26,1160,190,9187,52298,66106.71,2189764,0
"2021-03-02",47082,1463233,12577,776765,7,245,160,8187,14,1174,174,9361,59840,69000.14,2249604,0
"2021-03-03",48607,1511840,16155,792920,17,262,146,8333,21,1195,167,9528,64946,70133,2314550,0
"2021-03-04",59818,1571658,22824,815744,1092,1354,270,8603,34,1229,304,9832,84038,69928,2398588,0
"2021-03-05",60989,1632647,24283,840027,3109,4463,329,8932,33,1262,362,10194,88743,69000.86,2487331,0
"2021-03-06",47179,1679826,18886,858913,5451,9914,235,9167,35,1297,270,10464,71786,68616.14,2559117,0
"2021-03-07",36046,1715872,14878,873791,6245,16159,230,9397,20,1317,250,10714,57419,68438.57,2616536,0
"2021-03-08",39628,1755500,14678,888469,8564,24723,313,9710,91,1408,404,11118,63274,70006.57,2679810,0
"2021-03-09",39106,1794606,12855,901324,7763,32486,178,9888,33,1441,211,11329,59935,70020.14,2739745,0
"2021-03-10",51833,1846439,15343,916667,5066,37552,230,10118,31,1472,261,11590,72503,71099.71,2812248,0
"2021-03-11",59992,1906431,21814,938481,4619,42171,250,10368,49,1521,299,11889,86724,71483.43,2898972,0
"2021-03-12",52204,1958635,30312,968793,4183,46354,371,10739,82,1603,453,12342,87152,71256.14,2986124,0
"2021-03-13",40653,1999288,26684,995477,5109,51463,324,11063,52,1655,376,12718,72822,71404.14,3058946,0
"2021-03-14",30716,2030004,15968,1011445,4527,55990,240,11303,27,1682,267,12985,51478,70555.43,3110424,0
"2021-03-15",33590,2063594,17251,1028696,4717,60707,235,11538,33,1715,268,13253,55826,69491.43,3166250,0
"2021-03-16",38678,2102272,20505,1049201,4925,65632,256,11794,36,1751,292,13545,64400,70129.29,3230650,0
"2021-03-17",42618,2144890,24797,1073998,4246,69878,339,12133,36,1787,375,13920,72036,70062.57,3302686,0
"2021-03-18",50454,2195344,26804,1100802,5238,75116,366,12499,60,1847,426,14346,82922,69519.43,3385608,0
"2021-03-19",47796,2243140,29956,1130758,5624,80740,389,12888,71,1918,460,14806,83836,69045.71,3469444,0
"2021-03-20",38713,2281853,25833,1156591,4687,85427,298,13186,60,1978,358,15164,69591,68584.14,3539035,0
"2021-03-21",29300,2311153,19363,1175954,769,86196,220,13406,42,2020,262,15426,49694,68329.29,3588729,0
"2021-03-22",33871,2345024,26734,1202688,4037,90233,260,13666,37,2057,297,15723,64939,69631.14,3653668,0
"2021-03-23",38434,2383458,32843,1235531,4219,94452,293,13959,55,2112,348,16071,75844,71266,3729512,0
"2021-03-24",41496,2424954,37604,1273135,4847,99299,328,14287,62,2174,390,16461,84337,73023.29,3813849,0
"2021-03-25",43416,2468370,50790,1323925,5054,104353,470,14757,85,2259,555,17016,99815,75436.57,3913664,0
"2021-03-26",38508,2506878,55511,1379436,4310,108663,522,15279,96,2355,618,17634,98947,77595.29,4012611,0
"2021-03-27",35738,2542616,45754,1425190,2938,111601,413,15692,82,2437,495,18129,84925,79785.86,4097536,0
"2021-03-28",26392,2569008,34458,1459648,1482,113083,331,16023,63,2500,394,18523,62726,81647.57,4160262,0
"2021-03-29",34819,2603827,38865,1498513,3247,116330,341,16364,110,2610,451,18974,77382,83425.14,4237644,0
"2021-03-30",40513,2644340,41922,1540435,3714,120044,335,16699,68,2678,403,19377,86552,84954.86,4324196,0
"2021-03-31",49398,2693738,44865,1585300,7442,127486,398,17097,85,2763,483,19860,102188,87505,4426384,0
"2021-04-01",50785,2744523,53945,1639245,11275,138761,502,17599,81,2844,583,20443,116588,89901.14,4542972,0
"2021-04-02",43762,2788285,53884,1693129,11971,150732,548,18147,70,2914,618,21061,110235,91513.71,4653207,0
"2021-04-03",39256,2827541,39216,1732345,9860,160592,335,18482,58,2972,393,21454,88725,92056.57,4741932,0
"2021-04-04",26561,2854102,24780,1757125,3902,164494,223,18705,49,3021,272,21726,55515,91026.43,4797447,0
"2021-04-05",41890,2895992,34487,1791612,11195,175689,369,19074,60,3081,429,22155,88001,92543.43,4885448,0
"2021-04-06",53272,2949264,35616,1827228,13219,188908,429,19503,71,3152,500,22655,102607,94837,4988055,0
"2021-04-07",55515,3004779,40696,1867924,14391,203299,394,19897,77,3229,471,23126,111073,96106.29,5099128,0
"2021-04-08",59269,3064048,46588,1914512,16343,219642,515,20412,80,3309,595,23721,122795,96993,5221923,0
"2021-04-09",56647,3120695,44963,1959475,17554,237196,515,20927,77,3386,592,24313,119756,98353.14,5341679,0
"2021-04-10",49350,3170045,35645,1995120,12728,249924,388,21315,60,3446,448,24761,98171,99702.57,5439850,0
"2021-04-11",38184,3208229,28818,2023938,7682,257606,296,21611,57,3503,353,25114,75037,102491.43,5514887,0
"2021-04-12",46640,3254869,31851,2055789,13499,271105,463,22074,63,3566,526,25640,92516,103136.43,5607403,0
"2021-04-13",52544,3307413,33793,2089582,368,271473,394,22468,60,3626,454,26094,87159,100929.57,5694562,0
"2021-04-14",50149,3357562,39955,2129537,20,271493,369,22837,70,3696,439,26533,90563,97999.57,5785125,0
"2021-04-15",52127,3409689,43679,2173216,16,271509,452,23289,103,3799,555,27088,96377,94225.57,5881502,0
"2021-04-16",51186,3460875,42220,2215436,32,271541,419,23708,66,3865,485,27573,93923,90535.14,5975425,0
"2021-04-17",43843,3504718,35691,2251127,3,271544,363,24071,82,3947,445,28018,79982,87936.71,6055407,0
"2021-04-18",28609,3533327,29373,2280500,7,271551,250,24321,61,4008,311,28329,58300,85545.71,6113707,0
"2021-04-19",37476,3570803,36449,2316949,22,271573,322,24643,62,4070,384,28713,74331,82947.86,6188038,0
"2021-04-20",40810,3611613,39625,2356574,19,271592,315,24958,76,4146,391,29104,80845,82045.86,6268883,0
"2021-04-21",38903,3650516,46016,2402590,16,271608,493,25451,95,4241,588,29692,85523,81325.86,6354406,0
"2021-04-22",38497,3689013,48962,2451552,9,271617,338,25789,73,4314,411,30103,87879,80111.86,6442285,0
"2021-04-23",39700,3728713,44385,2495937,4,271621,344,26133,69,4383,413,30516,84502,78766,6526787,0
"2021-04-24",31951,3760664,41605,2537542,44,271665,276,26409,58,4441,334,30850,73934,77902,6600721,0
"2021-04-25",18423,3779087,31230,2568772,86,271751,192,26601,55,4496,247,31097,49986,76714.29,6650707,0
"2021-04-26",26974,3806061,40738,2609510,1013,272764,281,26882,82,4578,363,31460,69088,75965.29,6719795,0
"2021-04-27",28577,3834638,47140,2656650,1697,274461,349,27231,93,4671,442,31902,77856,75538.29,6797651,0
"2021-04-28",27038,3861676,56842,2713492,2148,276609,428,27659,99,4770,527,32429,86555,75685.71,6884206,0
"2021-04-29",28612,3890288,57204,2770696,2148,278757,362,28021,99,4869,461,32890,88425,75763.71,6972631,0
"2021-04-30",30123,3920411,51990,2822686,2055,280812,281,28302,72,4941,353,33243,84521,75766.43,7057152,0
"2021-05-01",22479,3942890,44548,2867234,1177,281989,227,28529,63,5004,290,33533,68494,74989.29,7125646,0
"2021-05-02",11925,3954815,36654,2903888,1080,283069,140,28669,56,5060,196,33729,49855,74970.57,7175501,0
"2021-05-03",18029,3972844,53025,2956913,2383,285452,256,28925,90,5150,346,34075,73783,75641.29,7249284,0
"2021-05-04",22738,3995582,56648,3013561,2330,287782,265,29190,114,5264,379,34454,82095,76246.86,7331379,0
"2021-05-05",21480,4017062,48800,3062361,2313,290095,310,29500,98,5362,408,34862,73001,74310.57,7404380,0
"2021-05-06",20683,4037745,50182,3112543,2507,292602,269,29769,83,5445,352,35214,73724,72210.43,7478104,0
"2021-05-07",21257,4059002,52098,3164641,2813,295415,306,30075,71,5516,377,35591,76545,71071,7554649,0
"2021-05-08",16633,4075635,41867,3206508,1835,297250,228,30303,69,5585,297,35888,60632,69947.86,7615281,0
"2021-05-09",7976,4083611,29411,3235919,1260,298510,149,30452,56,5641,205,36093,38852,68376,7654133,0
"2021-05-10",14391,4098002,38539,3274458,2355,300865,232,30684,88,5729,320,36413,55605,65779.14,7709738,0
"2021-05-11",19911,4117913,43060,3317518,2514,303379,281,30965,83,5812,364,36777,65849,63458.29,7775587,0
"2021-05-12",17812,4135725,40536,3358054,3595,306974,232,31197,77,5889,309,37086,62252,61922.71,7837839,0
"2021-05-13",24975,4160700,40430,3398484,3230,310204,262,31459,74,5963,336,37422,68971,61243.71,7906810,0
"2021-05-14",27035,4187735,42914,3441398,3537,313741,282,31741,93,6056,375,37797,73861,60860.29,7980671,0
"2021-05-15",23651,4211386,34913,3476311,3366,317107,251,31992,75,6131,326,38123,62256,61092.29,8042927,0
"2021-05-16",15527,4226913,19446,3495757,2497,319604,125,32117,45,6176,170,38293,37640,60919.14,8080567,0
"2021-05-17",22675,4249588,29140,3524897,3257,322861,177,32294,67,6243,244,38537,55316,60877.86,8135883,0
"2021-05-18",24634,4274222,31912,3556809,3404,326265,236,32530,70,6313,306,38843,60256,60078.86,8196139,0
"2021-05-19",24195,4298417,29719,3586528,3039,329304,221,32751,46,6359,267,39110,57220,59360,8253359,0
"2021-05-20",24154,4322571,30086,3616614,3162,332466,270,33021,100,6459,370,39480,57772,57760.14,8311131,0
"2021-05-21",24685,4347256,32003,3648617,3060,335526,253,33274,60,6519,313,39793,60061,55788.71,8371192,0
"2021-05-22",20023,4367279,24358,3672975,2525,338051,165,33439,48,6567,213,40006,47119,53626.29,8418311,0
"2021-05-23",11234,4378513,13733,3686708,1411,339462,93,33532,32,6599,125,40131,26503,52035.29,8444814,0
"2021-05-24",18879,4397392,23157,3709865,2756,342218,214,33746,53,6652,267,40398,45059,50570,8489873,0
"2021-05-25",19434,4416826,23379,3733244,2601,344819,177,33923,70,6722,247,40645,45661,48485,8535534,0
"2021-05-26",18786,4435612,21089,3754333,2696,347515,199,34122,52,6774,251,40896,42822,46428.14,8578356,0
"2021-05-27",18473,4454085,21274,3775607,2529,350044,189,34311,63,6837,252,41148,42528,44250.43,8620884,0
"2021-05-28",17864,4471949,22888,3798495,2751,352795,186,34497,53,6890,239,41387,43742,41919.14,8664626,0
"2021-05-29",12710,4484659,17808,3816303,1755,354550,106,34603,39,6929,145,41532,32418,39819,8697044,0
"2021-05-30",7032,4491691,8949,3825252,1074,355624,47,34650,17,6946,64,41596,17119,38478.43,8714163,0
"2021-05-31",4743,4496434,6924,3832176,1012,356636,64,34714,17,6963,81,41677,12760,33864.29,8726923,0
"2021-06-01",16047,4512481,25197,3857373,2176,358812,152,34866,41,7004,193,41870,43613,33571.71,8770536,0
"2021-06-02",15354,4527835,20389,3877762,2094,360906,139,35005,47,7051,186,42056,38023,32886.14,8808559,0
"2021-06-03",15008,4542843,23820,3901582,2281,363187,128,35133,44,7095,172,42228,41281,32708,8849840,0
"2021-06-04",14727,4557570,25998,3927580,2492,365679,142,35275,39,7134,181,42409,43398,32658.86,8893238,0
"2021-06-05",10993,4568563,22090,3949670,1806,367485,114,35389,30,7164,144,42553,35033,33032.43,8928271,0
"2021-06-06",6444,4575007,14482,3964152,1222,368707,87,35476,13,7177,100,42653,22248,33765.14,8950519,0
"2021-06-07",11705,4586712,21786,3985938,2379,371086,139,35615,36,7213,175,42828,36045,37091.57,8986564,0
"2021-06-08",12641,4599353,24019,4009957,2072,373158,118,35733,45,7258,163,42991,38895,36417.57,9025459,0
"2021-06-09",11139,4610492,23029,4032986,2299,375457,133,35866,39,7297,172,43163,36639,36219.86,9062098,0
"2021-06-10",12069,4622561,22234,4055220,2462,377919,141,36007,57,7354,198,43361,36963,35603,9099061,0
"2021-06-11",12711,4635272,25121,4080341,2484,380403,153,36160,60,7414,213,43574,40529,35193.14,9139590,0
"2021-06-12",10167,4645439,19309,4099650,1888,382291,94,36254,40,7454,134,43708,31498,34688.14,9171088,0
"2021-06-13",4257,4649696,10936,4110586,1219,383510,42,36296,21,7475,63,43771,16475,33863.43,9187563,0
"2021-06-14",10210,4659906,19240,4129826,2043,385553,131,36427,51,7526,182,43953,31675,33239.14,9219238,0
"2021-06-15",11885,4671791,21012,4150838,1943,387496,132,36559,41,7567,173,44126,35013,32684.57,9254251,0
"2021-06-16",11589,4683380,19410,4170248,1956,389452,140,36699,67,7634,207,44333,33162,32187.86,9287413,0
"2021-06-17",11025,4694405,18764,4189012,1972,391424,121,36820,34,7668,155,44488,31916,31466.86,9319329,0
"2021-06-18",12167,4706572,18502,4207514,2116,393540,112,36932,35,7703,147,44635,32932,30381.57,9352261,0
"2021-06-19",8499,4715071,13521,4221035,1459,394999,82,37014,20,7723,102,44737,23581,29250.57,9375842,0
"2021-06-20",4335,4719406,7158,4228193,924,395923,36,37050,17,7740,53,44790,12470,28678.43,9388312,0
"2021-06-21",10164,4729570,10008,4238201,1806,397729,68,37118,27,7767,95,44885,22073,27306.71,9410385,0
"2021-06-22",9835,4739405,15642,4253843,1589,399318,105,37223,27,7794,132,45017,27198,26190.29,9437583,0
"2021-06-23",10313,4749718,15186,4269029,1860,401178,103,37326,29,7823,132,45149,27491,25380.14,9465074,0
"2021-06-24",9689,4759407,14698,4283727,1799,402977,118,37444,26,7849,144,45293,26330,24582.14,9491404,0
"2021-06-25",10591,4769998,14387,4298114,1719,404696,110,37554,37,7886,147,45440,26844,23712.43,9518248,0
"2021-06-26",7803,4777801,10464,4308578,1247,405943,74,37628,24,7910,98,45538,19612,23145.43,9537860,0
"2021-06-27",5001,4782802,6001,4314579,795,406738,33,37661,14,7924,47,45585,11844,23056,9549704,0
"2021-06-28",9036,4791838,10345,4324924,1524,408262,107,37768,26,7950,133,45718,21038,22908.14,9570742,0
"2021-06-29",9750,4801588,12319,4337243,1347,409609,122,37890,28,7978,150,45868,23566,22389.29,9594308,0
"2021-06-30",9430,4811018,10927,4348170,1481,411090,148,38038,16,7994,164,46032,22002,21605.14,9616310,0
"2021-07-01",9398,4820416,10928,4359098,1431,412521,126,38164,24,8018,150,46182,21907,20973.29,9638217,0
"2021-07-02",9694,4830110,11450,4370548,1541,414062,120,38284,23,8041,143,46325,22828,20399.57,9661045,0
"2021-07-03",7057,4837167,8422,4378970,1193,415255,77,38361,16,8057,93,46418,16765,19992.86,9677810,0
"2021-07-04",1288,4838455,1336,4380306,567,415822,8,38369,3,8060,11,46429,3202,18758.29,9681012,0
"2021-07-05",6495,4844950,7105,4387411,1208,417030,64,38433,20,8080,84,46513,14892,17880.29,9695904,0
"2021-07-06",9511,4854461,12852,4400263,1316,418346,116,38549,35,8115,151,46664,23830,17918,9719734,0
"2021-07-07",8671,4863132,11107,4411370,1419,419765,120,38669,19,8134,139,46803,21336,17822.86,9741070,0
"2021-07-08",8208,4871340,10192,4421562,1260,421025,107,38776,21,8155,128,46931,19788,17520.14,9760858,0
"2021-07-09",8375,4879715,10834,4432396,1278,422303,90,38866,17,8172,107,47038,20594,17201,9781452,0
"2021-07-10",7106,4886821,8630,4441026,1132,423435,62,38928,20,8192,82,47120,16950,17227.43,9798402,0
"2021-07-11",4105,4890926,4539,4445565,703,424138,34,38962,6,8198,40,47160,9387,18111,9807789,0
"2021-07-12",8453,4899379,9555,4455120,1250,425388,82,39044,22,8220,104,47264,19362,18749.57,9827151,0
"2021-07-13",9463,4908842,9390,4464510,951,426339,105,39149,33,8253,138,47402,19942,18194.14,9847093,0
"2021-07-14",9000,4917842,9531,4474041,1009,427348,105,39254,19,8272,124,47526,19664,17955.29,9866757,0
"2021-07-15",8791,4926633,9154,4483195,1051,428399,81,39335,17,8289,98,47624,19094,17856.14,9885851,0
"2021-07-16",9243,4935876,9760,4492955,978,429377,102,39437,31,8320,133,47757,20114,17787.57,9905965,0
"2021-07-17",6844,4942720,7386,4500341,802,430179,79,39516,19,8339,98,47855,15130,17527.57,9921095,0
"2021-07-18",4257,4946977,4282,4504623,569,430748,35,39551,14,8353,49,47904,9157,17494.71,9930252,0
"2021-07-19",9123,4956100,8474,4513097,999,431747,91,39642,20,8373,111,48015,18707,17401.14,9948959,0
"2021-07-20",10650,4966750,8759,4521856,991,432738,93,39735,24,8397,117,48132,20517,17483.29,9969476,0
"2021-07-21",10052,4976802,8762,4530618,903,433641,146,39881,31,8428,177,48309,19894,17516.14,9989370,0
"2021-07-22",10687,4987489,8583,4539201,1046,434687,143,40024,25,8453,168,48477,20484,17714.71,10009854,0
"2021-07-23",11253,4998742,8880,4548081,1114,435801,137,40161,22,8475,159,48636,21406,17899.29,10031260,0
"2021-07-24",7405,5006147,6735,4554816,670,436471,81,40242,22,8497,103,48739,14913,17868.29,10046173,0
"2021-07-25",5477,5011624,2126,4556942,509,436980,59,40301,4,8501,63,48802,8175,17728,10054348,0
"2021-07-26",10874,5022498,6999,4563941,859,437839,109,40410,16,8517,125,48927,18857,17749.43,10073205,0
"2021-07-27",12057,5034555,8566,4572507,857,438696,133,40543,34,8551,167,49094,21647,17910.86,10094852,0
"2021-07-28",11994,5046549,8048,4580555,950,439646,131,40674,24,8575,155,49249,21147,18089.86,10115999,0
"2021-07-29",10936,5057485,7428,4587983,984,440630,133,40807,39,8614,172,49421,19520,17952.14,10135519,0
"2021-07-30",14954,5072439,8013,4595996,1150,441780,181,40988,28,8642,209,49630,24326,18369.29,10159845,0
"2021-07-31",9729,5082168,6312,4602308,816,442596,120,41108,20,8662,140,49770,16997,18667,10176842,0
"2021-08-01",6504,5088672,3308,4605616,564,443160,81,41189,19,8681,100,49870,10476,18995.71,10187318,0
"2021-08-02",13451,5102123,7153,4612769,847,444007,144,41333,18,8699,162,50032,21613,19389.43,10208931,0
"2021-08-03",15414,5117537,8382,4621151,1109,445116,145,41478,33,8732,178,50210,25083,19880.29,10234014,0
"2021-08-04",17262,5134799,8124,4629275,1454,446570,180,41658,31,8763,211,50421,27051,20723.71,10261065,0
"2021-08-05",17865,5152664,7928,4637203,1366,447936,161,41819,17,8780,178,50599,27337,21840.43,10288402,0
"2021-08-06",18178,5170842,8413,4645616,1233,449169,162,41981,30,8810,192,50791,28016,22367.57,10316418,0
"2021-08-07",13387,5184229,6017,4651633,799,449968,99,42080,26,8836,125,50916,20328,22843.43,10336746,0
"2021-08-08",9309,5193538,3835,4655468,399,450367,82,42162,9,8845,91,51007,13634,23294.57,10350380,0
"2021-08-09",21340,5214878,8527,4663995,964,451331,168,42330,33,8878,201,51208,31032,24640.14,10381412,0
"2021-08-10",18921,5233799,9329,4673324,947,452278,176,42506,32,8910,208,51416,29405,25257.57,10410817,0
"2021-08-11",15648,5249447,8307,4681631,853,453131,128,42634,39,8949,167,51583,24975,24961,10435792,0
"2021-08-12",15045,5264492,8979,4690610,940,454071,169,42803,32,8981,201,51784,25165,24650.71,10460957,0
"2021-08-13",14926,5279418,9291,4699901,921,454992,238,43041,36,9017,274,52058,25412,24278.71,10486369,0
"2021-08-14",10408,5289826,6406,4706307,625,455617,529,43570,40,9057,569,52627,18008,23947.29,10504377,0
"2021-08-15",6693,5296519,4477,4710784,676,456293,568,44138,31,9088,599,53226,12445,23777.43,10516822,0
"2021-08-16",15723,5312242,9296,4720080,1150,457443,1319,45457,62,9150,1381,54607,27550,23280,10544372,0
"2021-08-17",17777,5330019,10435,4730515,1224,458667,1763,47220,79,9229,1842,56449,31278,23547.57,10575650,0
"2021-08-18",17509,5347528,10359,4740874,1261,459928,1986,49206,91,9320,2077,58526,31206,24437.71,10606856,0
"2021-08-19",16301,5363829,9518,4750392,1315,461243,1950,51156,63,9383,2013,60539,29147,25006.57,10636003,0
"2021-08-20",16285,5380114,11536,4761928,1254,462497,1853,53009,81,9464,1934,62473,31009,25806.14,10667012,0
"2021-08-21",11151,5391265,8040,4769968,878,463375,1055,54064,52,9516,1107,63580,21176,26258.71,10688188,0
"2021-08-22",4081,5395346,3901,4773869,262,463637,514,54578,32,9548,546,64126,8790,25736.57,10696978,0
"2021-08-23",15585,5410931,11795,4785664,1023,464660,1547,56125,72,9620,1619,65745,30022,26089.71,10727000,0
"2021-08-24",16916,5427847,12595,4798259,1006,465666,1771,57896,73,9693,1844,67589,32361,26244.43,10759361,0
"2021-08-25",14588,5442435,12442,4810701,1110,466776,1563,59459,76,9769,1639,69228,29779,26040.57,10789140,0
"2021-08-26",16168,5458603,14082,4824783,1072,467848,1768,61227,67,9836,1835,71063,33157,26613.43,10822297,0
"2021-08-27",14883,5473486,14823,4839606,971,468819,1667,62894,73,9909,1740,72803,32417,26814.57,10854714,0
"2021-08-28",10684,5484170,11521,4851127,836,469655,1011,63905,43,9952,1054,73857,24095,27231.57,10878809,0
"2021-08-29",7220,5491390,7495,4858622,541,470196,776,64681,54,10006,830,74687,16086,28273.86,10894895,0
"2021-08-30",15524,5506914,16926,4875548,1077,471273,1793,66474,80,10086,1873,76560,35400,29042.14,10930295,0
"2021-08-31",15523,5522437,15952,4891500,951,472224,1968,68442,84,10170,2052,78612,34478,29344.57,10964773,0
"2021-09-01",14832,5537269,14098,4905598,1020,473244,1806,70248,59,10229,1865,80477,31815,29635.43,10996588,0
"2021-09-02",14333,5551602,12518,4918116,896,474140,1703,71951,59,10288,1762,82239,29509,29114.29,11026097,0
"2021-09-03",15020,5566622,14300,4932416,974,475114,1895,73846,67,10355,1962,84201,32256,29091.29,11058353,0
"2021-09-04",9647,5576269,9406,4941822,688,475802,974,74820,33,10388,1007,85208,20748,28613.14,11079101,0
"2021-09-05",6806,5583075,5514,4947336,438,476240,708,75528,13,10401,721,85929,13479,28240.71,11092580,0
"2021-09-06",5196,5588271,4512,4951848,358,476598,270,75798,11,10412,281,86210,10347,24661.71,11102927,0
"2021-09-07",15579,5603850,17694,4969542,912,477510,1553,77351,86,10498,1639,87849,35824,24854,11138751,0
"2021-09-08",16169,5620019,14822,4984364,1072,478582,1766,79117,77,10575,1843,89692,33906,25152.71,11172657,0
"2021-09-09",16117,5636136,14750,4999114,1047,479629,1911,81028,69,10644,1980,91672,33894,25779.14,11206551,0
"2021-09-10",18375,5654511,15395,5014509,1208,480837,1968,82996,79,10723,2047,93719,37025,26460.43,11243576,0
"2021-09-11",12638,5667149,10348,5024857,958,481795,1025,84021,46,10769,1071,94790,25015,27070,11268591,0
"2021-09-12",8539,5675688,5050,5029907,766,482561,689,84710,29,10798,718,95508,15073,27297.71,11283664,0
"2021-09-13",16939,5692627,12956,5042863,976,483537,1651,86361,53,10851,1704,97212,32575,30473.14,11316239,0
"2021-09-14",16273,5708900,13676,5056539,886,484423,1592,87953,49,10900,1641,98853,32476,29994.86,11348715,0
"2021-09-15",15549,5724449,12877,5069416,727,485150,1564,89517,80,10980,1644,100497,30797,29550.71,11379512,0
"2021-09-16",15342,5739791,13907,5083323,1210,486360,1456,90973,63,11043,1519,102016,31978,29277,11411490,0
"2021-09-17",14438,5754229,13963,5097286,922,487282,1826,92799,54,11097,1880,103896,31203,28445.29,11442693,0
"2021-09-18",10005,5764234,10174,5107460,913,488195,1045,93844,39,11136,1084,104980,22176,28039.71,11464869,0
"2021-09-19",6179,5770413,6072,5113532,558,488753,745,94589,28,11164,773,105753,13582,27826.71,11478451,0
"2021-09-20",12679,5783092,12627,5126159,1068,489821,1918,96507,56,11220,1974,107727,28348,27222.86,11506799,0
"2021-09-21",12237,5795329,12768,5138927,1110,490931,2020,98527,76,11296,2096,109823,28211,26613.57,11535010,0
"2021-09-22",12823,5808152,12003,5150930,1089,492020,1682,100209,66,11362,1748,111571,27663,26165.86,11562673,0
"2021-09-23",14945,5823097,12758,5163688,1639,493659,2262,102471,71,11433,2333,113904,31675,26122.57,11594348,0
"2021-09-24",16450,5839547,13367,5177055,1633,495292,4624,107095,109,11542,4733,118637,36183,26834,11630531,0
"2021-09-25",10544,5850091,9023,5186078,1018,496310,3457,110552,77,11619,3534,122171,24119,27111.57,11654650,0
"2021-09-26",6304,5856395,5762,5191840,773,497083,2422,112974,55,11674,2477,124648,15316,27359.29,11669966,0
"2021-09-27",14161,5870556,8053,5199893,1155,498238,9055,122029,157,11831,9212,133860,32581,27964,11702547,0
"2021-09-28",11153,5881709,11774,5211667,901,499139,9905,131934,171,12002,10076,143936,33904,28777.29,11736451,0
"2021-09-29",11606,5893315,12191,5223858,1206,500345,9446,141380,158,12160,9604,153540,34607,29769.29,11771058,0
"2021-09-30",12244,5905559,12602,5236460,1338,501683,9734,151114,170,12330,9904,163444,36088,30399.71,11807146,0
"2021-10-01",12647,5918206,13431,5249891,1284,502967,10259,161373,144,12474,10403,173847,37765,30625.71,11844911,0
"2021-10-02",7736,5925942,9973,5259864,865,503832,4236,165609,77,12551,4313,178160,22887,30449.71,11867798,0
"2021-10-03",5079,5931021,6157,5266021,593,504425,2609,168218,53,12604,2662,180822,14491,30331.86,11882289,0
"2021-10-04",9913,5940934,11022,5277043,913,505338,9518,177736,138,12742,9656,190478,31504,30178,11913793,0
"2021-10-05",10166,5951100,11738,5288781,972,506310,9931,187667,171,12913,10102,200580,32978,30045.71,11946771,0
"2021-10-06",9918,5961018,11058,5299839,937,507247,9924,197591,150,13063,10074,210654,31987,29671.43,11978758,0
"2021-10-07",9668,5970686,12192,5312031,853,508100,10188,207779,165,13228,10353,221007,33066,29239.71,12011824,0
"2021-10-08",9465,5980151,12173,5324204,942,509042,10904,218683,157,13385,11061,232068,33641,28650.57,12045465,0
"2021-10-09",6262,5986413,8278,5332482,649,509691,4115,222798,87,13472,4202,236270,19391,28151.14,12064856,0
"2021-10-10",3541,5989954,5028,5337510,458,510149,2434,225232,40,13512,2474,238744,11501,27724,12076357,0
"2021-10-11",7625,5997579,9332,5346842,728,510877,8884,234116,152,13664,9036,247780,26721,27040.71,12103078,0
"2021-10-12",8079,6005658,11000,5357842,891,511768,10506,244622,177,13841,10683,258463,30653,26708.57,12133731,0
"2021-10-13",7157,6012815,10146,5367988,869,512637,8792,253414,175,14016,8967,267430,27139,26016,12160870,0
"2021-10-14",7448,6020263,11113,5379101,836,513473,10108,263522,157,14173,10265,277695,29662,25529.71,12190532,0
"2021-10-15",7731,6027994,11864,5390965,823,514296,10802,274324,160,14333,10962,288657,31380,25206.71,12221912,0
"2021-10-16",4866,6032860,7467,5398432,666,514962,3839,278163,65,14398,3904,292561,16903,24851.29,12238815,0
"2021-10-17",3061,6035921,4473,5402905,411,515373,2449,280612,40,14438,2489,295050,10434,24698.86,12249249,0
"2021-10-18",7058,6042979,10665,5413570,796,516169,9471,290083,163,14601,9634,304684,28153,24903.43,12277402,0
"2021-10-19",6580,6049559,8945,5422515,804,516973,9081,299164,163,14764,9244,313928,25573,24177.71,12302975,0
"2021-10-20",6541,6056100,9375,5431890,975,517948,9976,309140,168,14932,10144,324072,27035,24162.86,12330010,0
"2021-10-21",7035,6063135,9376,5441266,858,518806,10838,319978,145,15077,10983,335055,28252,23961.43,12358262,0
"2021-10-22",8134,6071269,10344,5451610,1026,519832,16334,336312,207,15284,16541,351596,36045,24627.86,12394307,0
"2021-10-23",5174,6076443,6457,5458067,690,520522,9119,345431,109,15393,9228,360824,21549,25291.57,12415856,0
"2021-10-24",3276,6079719,3971,5462038,770,521292,6151,351582,72,15465,6223,367047,14240,25835.29,12430096,0
"2021-10-25",8779,6088498,8742,5470780,1149,522441,19242,370824,282,15747,19524,386571,38194,27269.71,12468290,0
"2021-10-26",8207,6096705,7725,5478505,1258,523699,17280,388104,254,16001,17534,404105,34724,28577,12503014,0
"2021-10-27",10576,6107281,8394,5486899,1604,525303,20841,408945,301,16302,21142,425247,41716,30674.29,12544730,0
"2021-10-28",11338,6118619,8040,5494939,1793,527096,20832,429777,308,16610,21140,446387,42311,32682.71,12587041,0
"2021-10-29",11844,6130463,8241,5503180,1963,529059,22523,452300,311,16921,22834,469221,44882,33945.14,12631923,0
"2021-10-30",4632,6135095,5059,5508239,932,529991,11160,463460,158,17079,11318,480539,21941,34001.14,12653864,0
"2021-10-31",2665,6137760,2702,5510941,544,530535,6635,470095,95,17174,6730,487269,12641,33772.71,12666505,0
"2021-11-01",7144,6144904,6956,5517897,1089,531624,20375,490470,309,17483,20684,507953,35873,33441.14,12702378,0
"2021-11-02",6589,6151493,6593,5524490,1056,532680,20768,511238,260,17743,21028,528981,35266,33518.57,12737644,0
"2021-11-03",6856,6158349,6683,5531173,1026,533706,20621,531859,287,18030,20908,549889,35473,32626.71,12773117,0
"2021-11-04",9319,6167668,6280,5537453,995,534701,22341,554200,336,18366,22677,572566,39271,32192.43,12812388,0
"2021-11-05",11067,6178735,6723,5544176,1051,535752,23753,577953,333,18699,24086,596652,42927,31913.14,12855315,0
"2021-11-06",11135,6189870,4050,5548226,594,536346,12586,590539,160,18859,12746,609398,28525,32853.71,12883840,0
"2021-11-07",7257,6197127,2286,5550512,577,536923,7104,597643,88,18947,7192,616590,17312,33521,12901152,0
"2021-11-08",15059,6212186,5679,5556191,865,537788,19504,617147,267,19214,19771,636361,41374,34306.86,12942526,0
"2021-11-09",16159,6228345,5390,5561581,661,538449,20503,637650,258,19472,20761,657122,42971,35407.57,12985497,0
"2021-11-10",16943,6245288,5324,5566905,683,539132,22628,660278,277,19749,22905,680027,45855,36890.71,13031352,0
"2021-11-11",12583,6257871,5189,5572094,760,539892,22071,682349,277,20026,22348,702375,40880,37120.57,13072232,0
"2021-11-12",16902,6274773,5686,5577780,706,540598,23381,705730,347,20373,23728,726103,47022,37705.57,13119254,0
"2021-11-13",9949,6284722,3662,5581442,465,541063,13317,719047,173,20546,13490,739593,27566,37568.57,13146820,0
"2021-11-14",6022,6290744,2294,5583736,325,541388,7920,726967,74,20620,7994,747587,16635,37471.86,13163455,0
"2021-11-15",13234,6303978,5972,5589708,690,542078,25094,752061,338,20958,25432,773019,45328,38036.71,13208783,0
"2021-11-16",9987,6313965,5782,5595490,656,542734,30651,782712,401,21359,31052,804071,47477,38680.43,13256260,0
"2021-11-17",10318,6324283,6676,5602166,681,543415,31403,814115,395,21754,31798,835869,49473,39197.29,13305733,0
"2021-11-18",10745,6335028,6545,5608711,860,544275,32990,847105,427,22181,33417,869286,51567,40724,13357300,0
"2021-11-19",12035,6347063,6557,5615268,715,544990,36230,883335,435,22616,36665,905951,55972,42002.57,13413272,0
"2021-11-20",9344,6356407,3419,5618687,513,545503,22502,905837,243,22859,22745,928696,36021,43210.43,13449293,0
"2021-11-21",4964,6361371,1887,5620574,288,545791,13193,919030,143,23002,13336,942032,20475,43759,13469768,0
"2021-11-22",10462,6371833,5788,5626362,751,546542,35901,954931,422,23424,36323,978355,53324,44901.29,13523092,0
"2021-11-23",9818,6381651,4780,5631142,636,547178,33499,988430,356,23780,33855,1012210,49089,45131.57,13572181,0
"2021-11-24",8718,6390369,4753,5635895,651,547829,25905,1014335,265,24045,26170,1038380,40292,43820,13612473,0
"2021-11-25",449,6390818,325,5636220,80,547909,1003,1015338,9,24054,1012,1039392,1866,36719.86,13614339,0
"2021-11-26",8071,6398889,6988,5643208,530,548439,26573,1041911,278,24332,26851,1066243,42440,34786.71,13656779,0
"2021-11-27",6688,6405577,6834,5650042,371,548810,18835,1060746,209,24541,19044,1085287,32937,34346.14,13689716,0
"2021-11-28",4083,6409660,5784,5655826,282,549092,11874,1072620,113,24654,11987,1097274,22136,34583.43,13711852,0
"2021-11-29",9109,6418769,10986,5666812,687,549779,35013,1107633,409,25063,35422,1132696,56204,34994.86,13768056,0
"2021-11-30",10529,6429298,11435,5678247,513,550292,37778,1145411,464,25527,38242,1170938,60719,36656.29,13828775,0
"2021-12-01",11202,6440500,10985,5689232,723,551015,40328,1185739,418,25945,40746,1211684,63656,39994,13892431,0
"2021-12-02",11681,6452181,11032,5700264,627,551642,42139,1227878,436,26381,42575,1254259,65915,49143.86,13958346,0
"2021-12-03",13523,6465704,12889,5713153,677,552319,47897,1275775,497,26878,48394,1302653,75483,53864.29,14033829,0
"2021-12-04",9870,6475574,11295,5724448,567,552886,30663,1306438,287,27165,30950,1333603,52682,56685,14086511,0
"2021-12-05",5767,6481341,5708,5730156,271,553157,16648,1323086,123,27288,16771,1350374,28517,57596.57,14115028,0
"2021-12-06",12364,6493705,9955,5740111,601,553758,43223,1366309,423,27711,43646,1394020,66566,59076.86,14181594,0
"2021-12-07",12621,6506326,9255,5749366,624,554382,43018,1409327,478,28189,43496,1437516,65996,59830.71,14247590,0
"2021-12-08",13556,6519882,8768,5758134,554,554936,40768,1450095,449,28638,41217,1478733,64095,59893.43,14311685,0
"2021-12-09",13528,6533410,8762,5766896,556,555492,40793,1490888,468,29106,41261,1519994,64107,59635.14,14375792,0
"2021-12-10",14057,6547467,10139,5777035,670,556162,43644,1534532,474,29580,44118,1564112,68984,58706.71,14444776,0
"2021-12-11",10282,6557749,8120,5785155,405,556567,26691,1561223,259,29839,26950,1591062,45757,57717.43,14490533,0
"2021-12-12",6028,6563777,3854,5789009,288,556855,15159,1576382,128,29967,15287,1606349,25457,57280.29,14515990,0
"2021-12-13",12251,6576028,7428,5796437,657,557512,37860,1614242,374,30341,38234,1644583,58570,56138,14574560,0
"2021-12-14",12259,6588287,6956,5803393,731,558243,38123,1652365,414,30755,38537,1683120,58483,55064.71,14633043,0
"2021-12-15",12129,6600416,6237,5809630,756,558999,38102,1690467,466,31221,38568,1721688,57690,54149.71,14690733,0
"2021-12-16",13149,6613565,4275,5813905,741,559740,41028,1731495,422,31643,41450,1763138,59615,53508,14750348,0
"2021-12-17",15963,6629528,6936,5820841,620,560360,46739,1778234,451,32094,47190,1810328,70709,53754.43,14821057,0
"2021-12-18",13035,6642563,5719,5826560,432,560792,30598,1808832,256,32350,30854,1841182,50040,54366.29,14871097,0
"2021-12-19",7028,6649591,2996,5829556,326,561118,17989,1826821,163,32513,18152,1859334,28502,54801.29,14899599,0
"2021-12-20",16885,6666476,5866,5835422,747,561865,47406,1874227,538,33051,47944,1907278,71442,56640.14,14971041,0
"2021-12-21",17980,6684456,6571,5841993,806,562671,48878,1923105,552,33603,49430,1956708,74787,58969.29,15045828,0
"2021-12-22",18551,6703007,6560,5848553,938,563609,49630,1972735,509,34112,50139,2006847,76188,61611.86,15122016,0
"2021-12-23",19057,6722064,6478,5855031,929,564538,45803,2018538,499,34611,46302,2053149,72766,63490.57,15194782,0
"2021-12-24",9241,6731305,2953,5857984,598,565136,20586,2039124,200,34811,20786,2073935,33578,58186.14,15228360,0
"2021-12-25",343,6731648,64,5858048,31,565167,426,2039550,8,34819,434,2074369,872,51162.14,15229232,0
"2021-12-26",7974,6739622,3927,5861975,341,565508,17269,2056819,164,34983,17433,2091802,29675,51329.71,15258907,0
"2021-12-27",21800,6761422,9206,5871181,932,566440,43410,2100229,527,35510,43937,2135739,75875,51963,15334782,0
"2021-12-28",20169,6781591,8328,5879509,698,567138,47552,2147781,583,36093,48135,2183874,77330,52326.29,15412112,0
"2021-12-29",18501,6800092,7671,5887180,607,567745,45517,2193298,462,36555,45979,2229853,72758,51836.29,15484870,0
"2021-12-30",16886,6816978,7416,5894596,584,568329,44800,2238098,558,37113,45358,2275211,70244,51476,15555114,0
"2021-12-31",5361,6822339,2809,5897405,193,568522,14757,2252855,170,37283,14927,2290138,23290,50006.29,15578404,0
"2022-01-01",242,6822581,146,5897551,11,568533,498,2253353,13,37296,511,2290649,910,50011.71,15579314,0
"2022-01-02",6433,6829014,5022,5902573,153,568686,10973,2264326,103,37399,11076,2301725,22684,49013,15601998,0
"2022-01-03",14162,6843176,8477,5911050,515,569201,26886,2291212,285,37684,27171,2328896,50325,45363,15652323,0
"2022-01-04",13057,6856233,8085,5919135,414,569615,27038,2318250,337,38021,27375,2356271,48931,41306,15701254,0
"2022-01-05",11569,6867802,6987,5926122,384,569999,25781,2344031,291,38312,26072,2382343,45012,37342.29,15746266,0
"2022-01-06",11510,6879312,7383,5933505,485,570484,27488,2371519,320,38632,27808,2410151,47186,34048.29,15793452,0
"2022-01-07",10431,6889743,8418,5941923,337,570821,24988,2396507,300,38932,25288,2435439,44474,37074.57,15837926,0
"2022-01-08",7902,6897645,8561,5950484,310,571131,19425,2415932,168,39100,19593,2455032,36366,42139.71,15874292,0
"2022-01-09",4137,6901782,3844,5954328,214,571345,10056,2425988,86,39186,10142,2465174,18337,41518.71,15892629,0
"2022-01-10",10181,6911963,8189,5962517,490,571835,24599,2450587,285,39471,24884,2490058,43744,40578.57,15936373,0
"2022-01-11",8901,6920864,7995,5970512,521,572356,21011,2471598,271,39742,21282,2511340,38699,39116.86,15975072,0
"2022-01-12",8943,6929807,8316,5978828,428,572784,22319,2493917,280,40022,22599,2533939,40286,38441.71,16015358,0
"2022-01-13",9050,6938857,8864,5987692,449,573233,22865,2516782,302,40324,23167,2557106,41530,37633.71,16056888,0
"2022-01-14",10123,6948980,8121,5995813,476,573709,26416,2543198,306,40630,26722,2583828,45442,37772,16102330,0
"2022-01-15",6208,6955188,4309,6000122,179,573888,15146,2558344,165,40795,15311,2599139,26007,36292.14,16128337,0
"2022-01-16",2920,6958108,3250,6003372,95,573983,7816,2566160,79,40874,7895,2607034,14160,35695.43,16142497,0
"2022-01-17",6083,6964191,6761,6010133,363,574346,14670,2580830,206,41080,14876,2621910,28083,33458.14,16170580,0
"2022-01-18",8173,6972364,10313,6020446,397,574743,19657,2600487,308,41388,19965,2641875,38848,33479.43,16209428,0
"2022-01-19",7483,6979847,9246,6029692,305,575048,17701,2618188,261,41649,17962,2659837,34996,32723.71,16244424,0
"2022-01-20",6284,6986131,8560,6038252,305,575353,15243,2633431,226,41875,15469,2675306,30618,31164.86,16275042,0
"2022-01-21",7579,6993710,7501,6045753,276,575629,18500,2651931,272,42147,18772,2694078,34128,29548.57,16309170,0
"2022-01-22",5191,6998901,4939,6050692,131,575760,11316,2663247,120,42267,11436,2705514,21697,28932.86,16330867,0
"2022-01-23",2812,7001713,3328,6054020,97,575857,6227,2669474,74,42341,6301,2711815,12538,28701.14,16343405,0
"2022-01-24",6375,7008088,8195,6062215,262,576119,15071,2684545,231,42572,15302,2727117,30134,28994.14,16373539,0
"2022-01-25",6199,7014287,7933,6070148,233,576352,14682,2699227,253,42825,14935,2742052,29300,27630.14,16402839,0
"2022-01-26",5755,7020042,7168,6077316,289,576641,14014,2713241,203,43028,14217,2756269,27429,26549.14,16430268,0
"2022-01-27",5264,7025306,7089,6084405,321,576962,14075,2727316,225,43253,14300,2770569,26974,26028.57,16457242,0
"2022-01-28",6270,7031576,7862,6092267,203,577165,16126,2743442,229,43482,16355,2786924,30690,25537.43,16487932,0
"2022-01-29",841,7032417,727,6092994,28,577193,2537,2745979,38,43520,2575,2789499,4171,23033.71,16492103,0
"2022-01-30",2097,7034514,3022,6096016,103,577296,4534,2750513,61,43581,4595,2794094,9817,22645,16501920,0
"2022-01-31",5007,7039521,6596,6102612,220,577516,11369,2761882,196,43777,11565,2805659,23388,21681.29,16525308,0
"2022-02-01",4845,7044366,6438,6109050,219,577735,10705,2772587,207,43984,10912,2816571,22414,20697.57,16547722,0
"2022-02-02",4255,7048621,5921,6114971,213,577948,11221,2783808,233,44217,11454,2828025,21843,19899.57,16569565,0
"2022-02-03",4235,7052856,5804,6120775,216,578164,11208,2795016,193,44410,11401,2839426,21656,19139.86,16591221,0
"2022-02-04",4778,7057634,7109,6127884,214,578378,13208,2808224,232,44642,13440,2852866,25541,18404.29,16616762,0
"2022-02-05",3587,7061221,6049,6133933,110,578488,8570,2816794,145,44787,8715,2861581,18461,20445.71,16635223,0
"2022-02-06",2063,7063284,2135,6136068,121,578609,4634,2821428,102,44889,4736,2866317,9055,20336.86,16644278,0
"2022-02-07",4155,7067439,4723,6140791,205,578814,10132,2831560,227,45116,10359,2876676,19442,19773.14,16663720,0
"2022-02-08",4226,7071665,5609,6146400,214,579028,11320,2842880,300,45416,11620,2888296,21669,19666.71,16685389,0
"2022-02-09",4140,7075805,5401,6151801,222,579250,11659,2854539,243,45659,11902,2900198,21665,19641.29,16707054,0
"2022-02-10",4000,7079805,5118,6156919,245,579495,12195,2866734,275,45934,12470,2912668,21833,19666.57,16728887,0
"2022-02-11",4520,7084325,5805,6162724,195,579690,13731,2880465,310,46244,14041,2926709,24561,19526.57,16753448,0
"2022-02-12",3258,7087583,4342,6167066,97,579787,8804,2889269,212,46456,9016,2935725,16713,19276.86,16770161,0
"2022-02-13",1521,7089104,1542,6168608,41,579828,4879,2894148,103,46559,4982,2940707,8086,19138.43,16778247,0
"2022-02-14",2988,7092092,3619,6172227,167,579995,10565,2904713,320,46879,10885,2951592,17659,18883.71,16795906,0
"2022-02-15",3561,7095653,4069,6176296,176,580171,12772,2917485,273,47152,13045,2964637,20851,18766.86,16816757,0
"2022-02-16",3667,7099320,3898,6180194,200,580371,15698,2933183,286,47438,15984,2980621,23749,19064.57,16840506,0
"2022-02-17",4043,7103363,4081,6184275,162,580533,18268,2951451,350,47788,18618,2999239,26904,19789,16867410,0
"2022-02-18",4480,7107843,4779,6189054,190,580723,21528,2972979,444,48232,21972,3021211,31421,20769,16898831,0
"2022-02-19",3256,7111099,2180,6191234,65,580788,11174,2984153,211,48443,11385,3032596,16886,20793.71,16915717,0
"2022-02-20",1863,7112962,1444,6192678,59,580847,6575,2990728,111,48554,6686,3039282,10052,21074.57,16925769,0
"2022-02-21",3088,7116050,2690,6195368,95,580942,8353,2999081,220,48774,8573,3047855,14446,20615.57,16940215,0
"2022-02-22",4381,7120431,4245,6199613,175,581117,10829,3009910,245,49019,11074,3058929,19875,20476.14,16960090,0
"2022-02-23",4274,7124705,3793,6203406,145,581262,10655,3020565,232,49251,10887,3069816,19099,19811.86,16979189,0
"2022-02-24",3789,7128494,3655,6207061,108,581370,10179,3030744,229,49480,10408,3080224,17960,18534.14,16997149,0
"2022-02-25",3621,7132115,3621,6210682,134,581504,9972,3040716,228,49708,10200,3090424,17576,16556.29,17014725,0
"2022-02-26",2845,7134960,2579,6213261,74,581578,9506,3050222,150,49858,9656,3100080,15154,16308.86,17029879,0
"2022-02-27",1775,7136735,1372,6214633,52,581630,6266,3056488,97,49955,6363,3106443,9562,16238.86,17039441,0
"2022-02-28",3810,7140545,3131,6217764,140,581770,13119,3069607,245,50200,13364,3119807,20445,17095.86,17059886,0
"2022-03-01",2136,7142681,2621,6220385,103,581873,5168,3074775,182,50382,5350,3125157,10210,15715.14,17070096,0
"2022-03-02",1841,7144522,2436,6222821,106,581979,4121,3078896,204,50586,4325,3129482,8708,14230.71,17078804,0
"2022-03-03",1939,7146461,2557,6225378,106,582085,3794,3082690,168,50754,3962,3133444,8564,12888.43,17087368,0
"2022-03-04",2121,7148582,2871,6228249,66,582151,4326,3087016,205,50959,4531,3137975,9589,11747.43,17096957,0
"2022-03-05",1611,7150193,2124,6230373,43,582194,3314,3090330,111,51070,3425,3141400,7203,10611.57,17104160,0
"2022-03-06",800,7150993,878,6231251,30,582224,1622,3091952,54,51124,1676,3143076,3384,9729,17107544,0
"2022-03-07",1667,7152660,1784,6233035,86,582310,3495,3095447,159,51283,3654,3146730,7191,7835.57,17114735,0
"2022-03-08",1550,7154210,1892,6234927,80,582390,3123,3098570,145,51428,3268,3149998,6790,7347,17121525,0
"2022-03-09",1269,7155479,1667,6236594,79,582469,2582,3101152,129,51557,2711,3152709,5726,6921,17127251,0
"2022-03-10",1422,7156901,2099,6238693,85,582554,2951,3104103,158,51715,3109,3155818,6715,6656.86,17133966,0
"2022-03-11",1605,7158506,2271,6240964,81,582635,3210,3107313,186,51901,3396,3159214,7353,6337.43,17141319,0
"2022-03-12",879,7159385,1413,6242377,40,582675,2004,3109317,71,51972,2075,3161289,4407,5938,17145726,0
"2022-03-13",626,7160011,757,6243134,27,582702,1292,3110609,47,52019,1339,3162628,2749,5847.29,17148475,0
"2022-03-14",1376,7161387,1601,6244735,83,582785,2988,3113597,204,52223,3192,3165820,6252,5713.14,17154727,0
"2022-03-15",1363,7162750,1924,6246659,63,582848,3068,3116665,227,52450,3295,3169115,6645,5692.43,17161372,0
"2022-03-16",1401,7164151,2065,6248724,94,582942,3133,3119798,292,52742,3425,3172540,6985,5872.29,17168357,0
"2022-03-17",1184,7165335,1809,6250533,70,583012,2754,3122552,262,53004,3016,3175556,6079,5781.43,17174436,0
"2022-03-18",1592,7166927,2201,6252734,80,583092,3767,3126319,413,53417,4180,3179736,8053,5881.43,17182489,0
"2022-03-19",1113,7168040,1732,6254466,54,583146,2597,3128916,224,53641,2821,3182557,5720,6069,17188209,0
"2022-03-20",612,7168652,627,6255093,33,583179,1461,3130377,182,53823,1643,3184200,2915,6092.71,17191124,0
"2022-03-21",1423,7170075,1551,6256644,73,583252,3051,3133428,351,54174,3402,3187602,6449,6120.86,17197573,0
"2022-03-22",1345,7171420,1551,6258195,101,583353,2901,3136329,337,54511,3238,3190840,6235,6062.29,17203808,0
"2022-03-23",1263,7172683,1359,6259554,66,583419,2916,3139245,371,54882,3287,3194127,5975,5918,17209783,0
"2022-03-24",1209,7173892,1299,6260853,89,583508,2515,3141760,263,55145,2778,3196905,5375,5817.43,17215158,0
"2022-03-25",1391,7175283,1626,6262479,62,583570,3261,3145021,372,55517,3633,3200538,6712,5625.86,17221870,0
"2022-03-26",927,7176210,1163,6263642,36,583606,2300,3147321,249,55766,2549,3203087,4675,5476.57,17226545,0
"2022-03-27",574,7176784,527,6264169,29,583635,1312,3148633,203,55969,1515,3204602,2645,5438,17229190,0
"2022-03-28",1088,7177872,1159,6265328,68,583703,2439,3151072,354,56323,2793,3207395,5108,5246.43,17234298,0
"2022-03-29",1052,7178924,1105,6266433,85,583788,2515,3153587,871,57194,3386,3210781,5628,5159.71,17239926,0
"2022-03-30",1250,7180174,1141,6267574,98,583886,3062,3156649,3375,60569,6437,3217218,8926,5581.29,17248852,0
"2022-03-31",1290,7181464,1259,6268833,57,583943,3165,3159814,5471,66040,8636,3225854,11242,6419.43,17260094,0
"2022-04-01",1438,7182902,1497,6270330,76,584019,3246,3163060,6860,72900,10106,3235960,13117,7334.43,17273211,0
"2022-04-02",914,7183816,913,6271243,33,584052,2097,3165157,4485,77385,6582,3242542,8442,7872.57,17281653,0
"2022-04-03",561,7184377,499,6271742,28,584080,1223,3166380,3037,80422,4260,3246802,5348,8258.71,17287001,0
"2022-04-04",1359,7185736,1309,6273051,60,584140,2731,3169111,7639,88061,10370,3257172,13098,9400.14,17300099,0
"2022-04-05",1306,7187042,1163,6274214,66,584206,2858,3171969,7431,95492,10289,3267461,12824,10428.14,17312923,0
"2022-04-06",1325,7188367,1186,6275400,60,584266,2621,3174590,6903,102395,9524,3276985,12095,10880.86,17325018,0
"2022-04-07",1214,7189581,1061,6276461,54,584320,2373,3176963,6570,108965,8943,3285928,11272,10885.14,17336290,0
"2022-04-08",1499,7191080,1403,6277864,62,584382,3162,3180125,8708,117673,11870,3297798,14834,11130.43,17351124,0
"2022-04-09",935,7192015,918,6278782,29,584411,2064,3182189,4905,122578,6969,3304767,8851,11188.86,17359975,0
"2022-04-10",590,7192605,461,6279243,25,584436,1169,3183358,2868,125446,4037,3308804,5113,11155.29,17365088,0
"2022-04-11",1338,7193943,1230,6280473,59,584495,2660,3186018,7728,133174,10388,3319192,13015,11143.43,17378103,0
"2022-04-12",1221,7195164,1056,6281529,73,584568,2527,3188545,7357,140531,9884,3329076,12234,11059.14,17390337,0
"2022-04-13",1263,7196427,1076,6282605,59,584627,2501,3191046,7482,148013,9983,3339059,12381,11100,17402718,0
"2022-04-14",1282,7197709,1097,6283702,59,584686,2432,3193478,6519,154532,8951,3348010,11389,11116.71,17414107,0
"2022-04-15",1352,7199061,1096,6284798,53,584739,2561,3196039,6562,161094,9123,3357133,11624,10658.14,17425731,0
"2022-04-16",873,7199934,652,6285450,33,584772,1637,3197676,3634,164728,5271,3362404,6829,10369.29,17432560,0
"2022-04-17",347,7200281,203,6285653,27,584799,639,3198315,1142,165870,1781,3364185,2358,9975.71,17434918,0
"2022-04-18",1386,7201667,1116,6286769,82,584881,2586,3200901,6355,172225,8941,3373126,11525,9762.86,17446443,0
"2022-04-19",1416,7203083,938,6287707,72,584953,2572,3203473,5692,177917,8264,3381390,10690,9542.29,17457133,0
"2022-04-20",1315,7204398,1144,6288851,65,585018,2683,3206156,6575,184492,9258,3390648,11782,9456.71,17468915,0
"2022-04-21",1223,7205621,1062,6289913,53,585071,2327,3208483,5288,189780,7615,3398263,9953,9251.57,17478868,0
"2022-04-22",1220,7206841,1026,6290939,46,585117,2200,3210683,5572,195352,7772,3406035,10064,9028.71,17488932,0
"2022-04-23",718,7207559,750,6291689,59,585176,1426,3212109,3313,198665,4739,3410774,6266,8948.29,17495198,0
"2022-04-24",443,7208002,338,6292027,27,585203,813,3212922,1798,200463,2611,3413385,3419,9099.86,17498617,0
"2022-04-25",1032,7209034,913,6292940,64,585267,1850,3214772,5038,205501,6888,3420273,8897,8724.43,17507514,0
"2022-04-26",947,7209981,858,6293798,76,585343,1752,3216524,4645,210146,6397,3426670,8278,8379.86,17515792,0
"2022-04-27",1041,7211022,1009,6294807,80,585423,1932,3218456,5160,215306,7092,3433762,9222,8014.14,17525014,0
"2022-04-28",1092,7212114,986,6295793,50,585473,2004,3220460,4687,219993,6691,3440453,8819,7852.14,17533833,0
"2022-04-29",1189,7213303,1106,6296899,60,585533,2157,3222617,5320,225313,7477,3447930,9832,7819,17543665,0
"2022-04-30",727,7214030,741,6297640,43,585576,1392,3224009,2932,228245,4324,3452254,5835,7757.43,17549500,0
"2022-05-01",451,7214481,365,6298005,20,585596,761,3224770,1632,229877,2393,3454647,3229,7730.29,17552729,0
"2022-05-02",1055,7215536,791,6298796,52,585648,1672,3226442,3776,233653,5448,3460095,7346,7508.71,17560075,0
"2022-05-03",1126,7216662,860,6299656,61,585709,1988,3228430,4811,238464,6799,3466894,8846,7589.86,17568921,0
"2022-05-04",1023,7217685,883,6300539,48,585757,1912,3230342,4591,243055,6503,3473397,8457,7480.57,17577378,0
"2022-05-05",1053,7218738,953,6301492,86,585843,1922,3232264,4824,247879,6746,3480143,8838,7483.29,17586216,0
"2022-05-06",1095,7219833,960,6302452,50,585893,1865,3234129,4329,252208,6194,3486337,8299,7264.29,17594515,0
"2022-05-07",663,7220496,590,6303042,31,585924,1207,3235336,2407,254615,3614,3489951,4898,7130.43,17599413,0
"2022-05-08",414,7220910,247,6303289,17,585941,669,3236005,1365,255980,2034,3491985,2712,7056.57,17602125,0
"2022-05-09",1080,7221990,947,6304236,60,586001,1882,3237887,4386,260366,6268,3498253,8355,7200.71,17610480,0
"2022-05-10",1100,7223090,926,6305162,54,586055,1987,3239874,4660,265026,6647,3504900,8727,7183.71,17619207,0
"2022-05-11",1096,7224186,978,6306140,44,586099,1936,3241810,4781,269807,6717,3511617,8835,7237.71,17628042,0
"2022-05-12",1098,7225284,948,6307088,58,586157,1999,3243809,4598,274405,6597,3518214,8701,7218.14,17636743,0
"2022-05-13",1163,7226447,1038,6308126,44,586201,2058,3245867,4736,279141,6794,3525008,9039,7323.86,17645782,0
"2022-05-14",829,7227276,670,6308796,31,586232,1471,3247338,2907,282048,4378,3529386,5908,7468.14,17651690,0
"2022-05-15",513,7227789,355,6309151,21,586253,919,3248257,1629,283677,2548,3531934,3437,7571.71,17655127,0
"2022-05-16",1231,7229020,859,6310010,60,586313,1824,3250081,3815,287492,5639,3537573,7789,7490.86,17662916,0
"2022-05-17",1299,7230319,923,6310933,79,586392,2052,3252133,4827,292319,6879,3544452,9180,7555.57,17672096,0
"2022-05-18",1249,7231568,905,6311838,82,586474,2061,3254194,4868,297187,6929,3551381,9165,7602.71,17681261,0
"2022-05-19",1173,7232741,870,6312708,35,586509,2105,3256299,4654,301841,6759,3558140,8837,7622.14,17690098,0
"2022-05-20",1202,7233943,957,6313665,74,586583,2367,3258666,5123,306964,7490,3565630,9723,7719.86,17699821,0
"2022-05-21",837,7234780,647,6314312,23,586606,1726,3260392,3258,310222,4984,3570614,6491,7803.14,17706312,0
"2022-05-22",512,7235292,292,6314604,22,586628,1132,3261524,1821,312043,2953,3573567,3779,7852,17710091,0
"2022-05-23",1227,7236519,890,6315494,47,586675,2177,3263701,4652,316695,6829,3580396,8993,8024,17719084,0
"2022-05-24",1435,7237954,938,6316432,66,586741,2281,3265982,4421,321116,6702,3587098,9141,8018.43,17728225,0
"2022-05-25",1437,7239391,954,6317386,56,586797,2257,3268239,4190,325306,6447,3593545,8894,7979.71,17737119,0
"2022-05-26",1180,7240571,863,6318249,60,586857,2256,3270495,4076,329382,6332,3599877,8435,7922.29,17745554,0
"2022-05-27",1252,7241823,955,6319204,38,586895,2490,3272985,3842,333224,6332,3606209,8577,7758.57,17754131,0
"2022-05-28",719,7242542,516,6319720,19,586914,1769,3274754,2039,335263,3808,3610017,5062,7554.43,17759193,0
"2022-05-29",474,7243016,215,6319935,11,586925,762,3275516,1112,336375,1874,3611891,2574,7382.29,17761767,0
"2022-05-30",91,7243107,55,6319990,6,586931,137,3275653,143,336518,280,3612171,432,6159.29,17762199,0
"2022-05-31",1130,7244237,907,6320897,51,586982,1875,3277528,3026,339544,4901,3617072,6989,5851.86,17769188,0
"2022-06-01",1143,7245380,841,6321738,63,587045,1957,3279485,3371,342915,5328,3622400,7375,5634.86,17776563,0
"2022-06-02",1024,7246404,796,6322534,71,587116,1807,3281292,3132,346047,4939,3627339,6830,5405.57,17783393,0
"2022-06-03",1169,7247573,884,6323418,47,587163,2050,3283342,3469,349516,5519,3632858,7619,5268.71,17791012,0
"2022-06-04",724,7248297,579,6323997,26,587189,1548,3284890,1883,351399,3431,3636289,4760,5225.57,17795772,0
"2022-06-05",448,7248745,296,6324293,1,587190,875,3285765,967,352366,1842,3638131,2587,5227.43,17798359,0
"2022-06-06",1122,7249867,821,6325114,63,587253,1746,3287511,2713,355079,4459,3642590,6465,6089.29,17804824,0
"2022-06-07",1020,7250887,765,6325879,69,587322,1758,3289269,2534,357613,4292,3646882,6146,5968.86,17810970,0
"2022-06-08",1088,7251975,829,6326708,75,587397,1863,3291132,2698,360311,4561,3651443,6553,5851.43,17817523,0
"2022-06-09",1138,7253113,831,6327539,61,587458,2190,3293322,2662,362973,4852,3656295,6882,5858.86,17824405,0
"2022-06-10",1046,7254159,808,6328347,76,587534,1867,3295189,2775,365748,4642,3660937,6572,5709.29,17830977,0
"2022-06-11",686,7254845,508,6328855,24,587558,1310,3296499,1494,367242,2804,3663741,4022,5603.86,17834999,0
"2022-06-12",351,7255196,285,6329140,19,587577,877,3297376,765,368007,1642,3665383,2297,5562.43,17837296,0
"2022-06-13",1025,7256221,758,6329898,58,587635,1562,3298938,2167,370174,3729,3669112,5570,5434.57,17842866,0
"2022-06-14",936,7257157,807,6330705,54,587689,1651,3300589,2480,372654,4131,3673243,5928,5403.43,17848794,0
"2022-06-15",959,7258116,847,6331552,39,587728,1626,3302215,2379,375033,4005,3677248,5850,5303,17854644,0
"2022-06-16",923,7259039,763,6332315,57,587785,1780,3303995,2233,377266,4013,3681261,5756,5142.14,17860400,0
"2022-06-17",889,7259928,775,6333090,43,587828,1718,3305713,2281,379547,3999,3685260,5706,5018.43,17866106,0
"2022-06-18",662,7260590,519,6333609,26,587854,1263,3306976,1284,380831,2547,3687807,3754,4980.14,17869860,0
"2022-06-19",351,7260941,225,6333834,16,587870,706,3307682,593,381424,1299,3689106,1891,4922.14,17871751,0
"2022-06-20",821,7261762,480,6334314,41,587911,1535,3309217,1592,383016,3127,3692233,4469,4764.86,17876220,0
"2022-06-21",1051,7262813,712,6335026,50,587961,1646,3310863,2067,385083,3713,3695946,5526,4707.43,17881746,0
"2022-06-22",964,7263777,790,6335816,39,588000,1631,3312494,1897,386980,3528,3699474,5321,4631.86,17887067,0
"2022-06-23",902,7264679,726,6336542,64,588064,1570,3314064,1933,388913,3503,3702977,5195,4551.71,17892262,120000
"2022-06-24",920,7265599,738,6337280,44,588108,1592,3315656,2084,390997,3676,3706653,5378,4504.86,17897640,120000
"2022-06-25",623,7266222,475,6337755,15,588123,1214,3316870,1101,392098,2315,3708968,3428,4458.29,17901068,120000
"2022-06-26",431,7266653,243,6337998,14,588137,667,3317537,520,392618,1187,3710155,1875,4456,17902943,120000
"2022-06-27",844,7267497,622,6338620,55,588192,1410,3318947,1550,394168,2960,3713115,4481,4457.71,17907424,120000
"2022-06-28",925,7268422,767,6339387,44,588236,1739,3320686,1886,396054,3625,3716740,5361,4434.14,17912785,120000
"2022-06-29",275,7268697,280,6339667,18,588254,617,3321303,685,396739,1302,3718042,1875,3941.86,17914660,120000
