"DATE","ADMIN_DOSE1_DAILY","ADMIN_DOSE1_CUMULATIVE","ADMIN_DOSE2_DAILY","ADMIN_DOSE2_CUMULATIVE","ADMIN_SINGLE_DAILY","ADMIN_SINGLE_CUMULATIVE","ADMIN_ADDITIONAL_DAILY","ADMIN_ADDITIONAL_CUMULATIVE","ADMIN_ALLDOSES_DAILY","ADMIN_ALLDOSES_7DAYAVG","ADMIN_ALLDOSES_CUMULATIVE","INCOMPLETE"
"2020-12-14",79,79,0,0,0,0,0,0,79,,79,0
"2020-12-15",2051,2130,7,7,4,4,0,0,2062,,2141,0
"2020-12-16",4603,6733,13,20,1,5,1,1,4618,,6759,0
"2020-12-17",4655,11388,17,37,0,5,1,2,4673,,11432,0
"2020-12-18",5834,17222,19,56,2,7,2,4,5857,,17289,0
"2020-12-19",1689,18911,7,63,3,10,0,4,1699,,18988,0
"2020-12-20",1116,20027,2,65,1,11,0,4,1119,2872.43,20107,0
"2020-12-21",6339,26366,18,83,0,11,5,9,6362,3770,26469,0
"2020-12-22",9795,36161,27,110,2,13,1,10,9825,4879,36294,0
"2020-12-23",14275,50436,35,145,3,16,1,11,14314,6264.14,50608,0
"2020-12-24",7201,57637,24,169,1,17,0,11,7226,6628.86,57834,0
"2020-12-25",180,57817,0,169,0,17,1,12,181,5818,58015,0
"2020-12-26",4389,62206,42,211,0,17,1,13,4432,6208.43,62447,0
"2020-12-27",3868,66074,14,225,0,17,1,14,3883,6603.29,66330,0
"2020-12-28",10995,77069,49,274,1,18,2,16,11047,7272.57,77377,0
"2020-12-29",10719,87788,34,308,2,20,2,18,10757,7405.71,88134,0
"2020-12-30",12822,100610,46,354,0,20,0,18,12868,7199.14,101002,0
"2020-12-31",7262,107872,31,385,1,21,0,18,7294,7208.86,108296,0
"2021-01-01",181,108053,2,387,1,22,3,21,187,7209.71,108483,0
"2021-01-02",3809,111862,10,397,2,24,2,23,3823,7122.71,112306,0
"2021-01-03",3542,115404,24,421,2,26,1,24,3569,7077.86,115875,0
"2021-01-04",12257,127661,805,1226,2,28,7,31,13071,7367,128946,0
"2021-01-05",14084,141745,2191,3417,2,30,12,43,16289,8157.29,145235,0
"2021-01-06",17804,159549,3925,7342,1,31,30,73,21760,9427.57,166995,0
"2021-01-07",16550,176099,5169,12511,4,35,45,118,21768,11495.29,188763,0
"2021-01-08",16618,192717,5457,17968,0,35,32,150,22107,14626.71,210870,0
"2021-01-09",7651,200368,1462,19430,1,36,7,157,9121,15383.57,219991,0
"2021-01-10",7882,208250,983,20413,0,36,10,167,8875,16141.57,228866,0
"2021-01-11",25828,234078,7454,27867,2,38,48,215,33332,19036,262198,0
"2021-01-12",28263,262341,7857,35724,1,39,44,259,36165,21875.43,298363,0
"2021-01-13",31729,294070,9384,45108,1,40,52,311,41166,24647.71,339529,0
"2021-01-14",35810,329880,5324,50432,1,41,28,339,41163,27418.43,380692,0
"2021-01-15",29269,359149,3704,54136,2,43,32,371,33007,28975.57,413699,0
"2021-01-16",30291,389440,2380,56516,0,43,25,396,32696,32343.43,446395,0
"2021-01-17",23753,413193,1623,58139,0,43,18,414,25394,34703.29,471789,0
"2021-01-18",27108,440301,2412,60551,0,43,35,449,29555,34163.71,501344,0
"2021-01-19",34298,474599,9624,70175,1,44,71,520,43994,35282.14,545338,0
"2021-01-20",34869,509468,9493,79668,1,45,59,579,44422,35747.29,589760,0
"2021-01-21",25590,535058,8093,87761,2,47,47,626,33732,34685.71,623492,0
"2021-01-22",24756,559814,4382,92143,1,48,31,657,29170,34137.57,652662,0
"2021-01-23",15743,575557,3222,95365,0,48,10,667,18975,32177.43,671637,0
"2021-01-24",7176,582733,3452,98817,0,48,19,686,10647,30070.71,682284,0
"2021-01-25",13414,596147,11817,110634,0,48,66,752,25297,29462.43,707581,0
"2021-01-26",16766,612913,10752,121386,0,48,67,819,27585,27118.29,735166,0
"2021-01-27",20836,633749,12358,133744,0,48,49,868,33243,25521.29,768409,0
"2021-01-28",30762,664511,12848,146592,0,48,79,947,43689,26943.71,812098,0
"2021-01-29",31695,696206,11497,158089,0,48,81,1028,43273,28958.43,855371,0
"2021-01-30",18714,714920,3738,161827,0,48,20,1048,22472,29458,877843,0
"2021-01-31",13024,727944,2917,164744,1,49,28,1076,15970,30218.43,893813,0
"2021-02-01",1180,729124,5369,170113,4,53,35,1111,6588,27545.71,900401,0
"2021-02-02",2828,731952,9472,179585,2,55,48,1159,12350,25369.29,912751,0
"2021-02-03",16348,748300,21243,200828,4,59,201,1360,37796,26019.71,950547,0
"2021-02-04",27047,775347,19650,220478,3,62,198,1558,46898,26478.14,997445,0
"2021-02-05",27598,802945,20034,240512,0,62,183,1741,47815,27127,1045260,0
"2021-02-06",22992,825937,11248,251760,0,62,108,1849,34348,28823.57,1079608,0
"2021-02-07",12045,837982,8281,260041,1,63,90,1939,20417,29458.86,1100025,0
"2021-02-08",16966,854948,23514,283555,2,65,231,2170,40713,34333.86,1140738,0
"2021-02-09",17196,872144,28110,311665,2,67,330,2500,45638,39089.29,1186376,0
"2021-02-10",19592,891736,29309,340974,2,69,260,2760,49163,40713.14,1235539,0
"2021-02-11",27849,919585,33468,374442,2,71,341,3101,61660,42822,1297199,0
"2021-02-12",38400,957985,30794,405236,3,74,353,3454,69550,45927,1366749,0
"2021-02-13",28003,985988,25310,430546,2,76,310,3764,53625,48680.86,1420374,0
"2021-02-14",16280,1002268,23730,454276,0,76,260,4024,40270,51517,1460644,0
"2021-02-15",12797,1015065,10529,464805,2,78,164,4188,23492,49056.86,1484136,0
"2021-02-16",14240,1029305,26731,491536,0,78,319,4507,41290,48435.71,1525426,0
"2021-02-17",16399,1045704,22185,513721,1,79,284,4791,38869,46965.14,1564295,0
"2021-02-18",12155,1057859,24988,538709,21,100,287,5078,37451,43506.71,1601746,0
"2021-02-19",13264,1071123,23932,562641,39,139,304,5382,37539,38933.71,1639285,0
"2021-02-20",11352,1082475,26072,588713,6,145,324,5706,37754,36666.43,1677039,0
"2021-02-21",6363,1088838,17422,606135,15,160,282,5988,24082,34353.86,1701121,0
"2021-02-22",13039,1101877,11848,617983,2,162,126,6114,25015,34571.43,1726136,0
"2021-02-23",25244,1127121,14148,632131,1,163,159,6273,39552,34323.14,1765688,0
"2021-02-24",36361,1163482,20385,652516,0,163,221,6494,56967,36908.57,1822655,0
"2021-02-25",54618,1218100,30381,682897,6,169,393,6887,85398,43758.14,1908053,0
"2021-02-26",62873,1280973,31868,714765,4,173,408,7295,95153,51988.71,2003206,0
"2021-02-27",51300,1332273,22746,737511,47,220,331,7626,74424,57227.29,2077630,0
"2021-02-28",44598,1376871,13813,751324,7,227,206,7832,58624,62161.86,2136254,0
"2021-03-01",39317,1416188,12773,764097,10,237,166,7998,52266,66054.86,2188520,0
"2021-03-02",47083,1463271,12573,776670,7,244,161,8159,59824,68950.86,2248344,0
"2021-03-03",48606,1511877,16152,792822,17,261,146,8305,64921,70087.14,2313265,0
"2021-03-04",59819,1571696,22815,815637,1092,1353,271,8576,83997,69887,2397262,0
"2021-03-05",60990,1632686,24279,839916,3109,4462,328,8904,88706,68966,2485968,0
"2021-03-06",47181,1679867,18877,858793,5451,9913,237,9141,71746,68583.43,2557714,0
"2021-03-07",36047,1715914,14874,873667,6245,16158,228,9369,57394,68407.71,2615108,0
"2021-03-08",39631,1755545,14667,888334,8564,24722,312,9681,63174,69966,2678282,0
"2021-03-09",39105,1794650,12842,901176,7764,32486,177,9858,59888,69975.14,2738170,0
"2021-03-10",51832,1846482,15329,916505,5067,37553,228,10086,72456,71051.57,2810626,0
"2021-03-11",59993,1906475,21799,938304,4618,42171,254,10340,86664,71432.57,2897290,0
"2021-03-12",52207,1958682,30306,968610,4183,46354,370,10710,87066,71198.29,2984356,0
"2021-03-13",40653,1999335,26684,995294,5108,51462,324,11034,72769,71344.43,3057125,0
"2021-03-14",30719,2030054,15964,1011258,4527,55989,237,11271,51447,70494.86,3108572,0
"2021-03-15",33592,2063646,17245,1028503,4716,60705,233,11504,55786,69439.43,3164358,0
"2021-03-16",38680,2102326,20490,1048993,4925,65630,259,11763,64354,70077.43,3228712,0
"2021-03-17",42622,2144948,24776,1073769,4248,69878,335,12098,71981,70009.57,3300693,0
"2021-03-18",50461,2195409,26791,1100560,5240,75118,364,12462,82856,69465.57,3383549,0
"2021-03-19",47801,2243210,29935,1130495,5625,80743,389,12851,83750,68991.86,3467299,0
"2021-03-20",38710,2281920,25827,1156322,4687,85430,296,13147,69520,68527.71,3536819,0
"2021-03-21",29301,2311221,19351,1175673,770,86200,219,13366,49641,68269.71,3586460,0
"2021-03-22",33873,2345094,26725,1202398,4037,90237,260,13626,64895,69571,3651355,0
"2021-03-23",38438,2383532,32834,1235232,4219,94456,288,13914,75779,71203.14,3727134,0
"2021-03-24",41504,2425036,37578,1272810,4849,99305,328,14242,84259,72957.14,3811393,0
"2021-03-25",43418,2468454,50772,1323582,5055,104360,467,14709,99712,75365.14,3911105,0
"2021-03-26",38507,2506961,55495,1379077,4310,108670,523,15232,98835,77520.14,4009940,0
"2021-03-27",35744,2542705,45732,1424809,2939,111609,410,15642,84825,79706.57,4094765,0
"2021-03-28",26394,2569099,34440,1459249,1482,113091,327,15969,62643,81564,4157408,0
"2021-03-29",34824,2603923,38851,1498100,3248,116339,341,16310,77264,83331,4234672,0
"2021-03-30",40516,2644439,41907,1540007,3713,120052,333,16643,86469,84858.14,4321141,0
"2021-03-31",49403,2693842,44845,1584852,7441,127493,397,17040,102086,87404.86,4423227,0
"2021-04-01",50787,2744629,53930,1638782,11277,138770,499,17539,116493,89802.14,4539720,0
"2021-04-02",43760,2788389,53875,1692657,11970,150740,546,18085,110151,91418.71,4649871,0
"2021-04-03",39260,2827649,39200,1731857,9861,160601,334,18419,88655,91965.86,4738526,0
"2021-04-04",26562,2854211,24770,1756627,3902,164503,222,18641,55456,90939.14,4793982,0
"2021-04-05",41886,2896097,34477,1791104,11196,175699,368,19009,87927,92462.43,4881909,0
"2021-04-06",53275,2949372,35604,1826708,13222,188921,423,19432,102524,94756,4984433,0
"2021-04-07",55523,3004895,40683,1867391,14389,203310,394,19826,110989,96027.86,5095422,0
"2021-04-08",59277,3064172,46571,1913962,16338,219648,512,20338,122698,96914.29,5218120,0
"2021-04-09",56648,3120820,44956,1958918,17547,237195,511,20849,119662,98273,5337782,0
"2021-04-10",49353,3170173,35640,1994558,12728,249923,386,21235,98107,99623.29,5435889,0
"2021-04-11",38188,3208361,28813,2023371,7684,257607,294,21529,74979,102412.29,5510868,0
"2021-04-12",46643,3255004,31850,2055221,13495,271102,461,21990,92449,103058.29,5603317,0
"2021-04-13",52548,3307552,33791,2089012,368,271470,391,22381,87098,100854.57,5690415,0
"2021-04-14",50151,3357703,39959,2128971,20,271490,365,22746,90495,97926.86,5780910,0
"2021-04-15",52130,3409833,43673,2172644,16,271506,452,23198,96271,94151.57,5877181,0
"2021-04-16",51190,3461023,42218,2214862,32,271538,413,23611,93853,90464.57,5971034,0
"2021-04-17",43846,3504869,35686,2250548,3,271541,364,23975,79899,87863.43,6050933,0
"2021-04-18",28610,3533479,29374,2279922,7,271548,249,24224,58240,85472.14,6109173,0
"2021-04-19",37476,3570955,36450,2316372,22,271570,320,24544,74268,82874.86,6183441,0
"2021-04-20",40812,3611767,39631,2356003,19,271589,311,24855,80773,81971.29,6264214,0
"2021-04-21",38909,3650676,46011,2402014,15,271604,487,25342,85422,81246.57,6349636,0
"2021-04-22",38504,3689180,48960,2450974,9,271613,333,25675,87806,80037.29,6437442,0
"2021-04-23",39704,3728884,44379,2495353,4,271617,345,26020,84432,78691.43,6521874,0
"2021-04-24",31955,3760839,41605,2536958,44,271661,273,26293,73877,77831.14,6595751,0
"2021-04-25",18424,3779263,31230,2568188,86,271747,191,26484,49931,76644.14,6645682,0
"2021-04-26",26974,3806237,40735,2608923,1013,272760,284,26768,69006,75892.43,6714688,0
"2021-04-27",28571,3834808,47145,2656068,1697,274457,347,27115,77760,75462,6792448,0
"2021-04-28",27052,3861860,56838,2712906,2148,276605,422,27537,86460,75610.29,6878908,0
"2021-04-29",28613,3890473,57201,2770107,2148,278753,359,27896,88321,75683.86,6967229,0
"2021-04-30",30126,3920599,51989,2822096,2056,280809,277,28173,84448,75686.14,7051677,0
"2021-05-01",22483,3943082,44549,2866645,1177,281986,223,28396,68432,74908.29,7120109,0
"2021-05-02",11928,3955010,36658,2903303,1080,283066,134,28530,49800,74889.57,7169909,0
"2021-05-03",18034,3973044,53022,2956325,2383,285449,252,28782,73691,75558.86,7243600,0
"2021-05-04",22739,3995783,56649,3012974,2330,287779,261,29043,81979,76161.57,7325579,0
"2021-05-05",21479,4017262,48799,3061773,2312,290091,307,29350,72897,74224,7398476,0
"2021-05-06",20686,4037948,50182,3111955,2507,292598,266,29616,73641,72126.86,7472117,0
"2021-05-07",21258,4059206,52099,3164054,2813,295411,303,29919,76473,70987.57,7548590,0
"2021-05-08",16635,4075841,41869,3205923,1835,297246,228,30147,60567,69864,7609157,0
"2021-05-09",7977,4083818,29413,3235336,1260,298506,148,30295,38798,68292.29,7647955,0
"2021-05-10",14392,4098210,38538,3273874,2356,300862,230,30525,55516,65695.86,7703471,0
"2021-05-11",19916,4118126,43056,3316930,2514,303376,281,30806,65767,63379.86,7769238,0
"2021-05-12",17812,4135938,40534,3357464,3596,306972,229,31035,62171,61847.57,7831409,0
"2021-05-13",24975,4160913,40431,3397895,3230,310202,259,31294,68895,61169.57,7900304,0
"2021-05-14",27024,4187937,42916,3440811,3537,313739,279,31573,73756,60781.43,7974060,0
"2021-05-15",23652,4211589,34914,3475725,3366,317105,246,31819,62178,61011.57,8036238,0
"2021-05-16",15533,4227122,19440,3495165,2497,319602,125,31944,37595,60839.71,8073833,0
"2021-05-17",22676,4249798,29139,3524304,3258,322860,176,32120,55249,60801.57,8129082,0
"2021-05-18",24638,4274436,31908,3556212,3404,326264,235,32355,60185,60004.14,8189267,0
"2021-05-19",24198,4298634,29711,3585923,3040,329304,223,32578,57172,59290,8246439,0
"2021-05-20",24158,4322792,30083,3616006,3162,332466,272,32850,57675,57687.14,8304114,0
"2021-05-21",24686,4347478,32006,3648012,3060,335526,249,33099,60001,55722.14,8364115,0
"2021-05-22",20024,4367502,24357,3672369,2525,338051,161,33260,47067,53563.43,8411182,0
"2021-05-23",11237,4378739,13732,3686101,1411,339462,93,33353,26473,51974.57,8437655,0
"2021-05-24",18882,4397621,23153,3709254,2757,342219,214,33567,45006,50511.29,8482661,0
"2021-05-25",19434,4417055,23380,3732634,2601,344820,177,33744,45592,48426.57,8528253,0
"2021-05-26",18786,4435841,21086,3753720,2696,347516,199,33943,42767,46368.71,8571020,0
"2021-05-27",18474,4454315,21268,3774988,2529,350045,190,34133,42461,44195.29,8613481,0
"2021-05-28",17867,4472182,22889,3797877,2752,352797,187,34320,43695,41865.86,8657176,0
"2021-05-29",12709,4484891,17810,3815687,1755,354552,103,34423,32377,39767.29,8689553,0
"2021-05-30",7032,4491923,8948,3824635,1074,355626,47,34470,17101,38428.43,8706654,0
"2021-05-31",4742,4496665,6925,3831560,1012,356638,65,34535,12744,33819.57,8719398,0
"2021-06-01",16041,4512706,25196,3856756,2175,358813,151,34686,43563,33529.71,8762961,0
"2021-06-02",15354,4528060,20390,3877146,2093,360906,137,34823,37974,32845,8800935,0
"2021-06-03",15009,4543069,23818,3900964,2280,363186,125,34948,41232,32669.43,8842167,0
"2021-06-04",14732,4557801,25984,3926948,2493,365679,140,35088,43349,32620,8885516,0
"2021-06-05",10993,4568794,22086,3949034,1806,367485,112,35200,34997,32994.29,8920513,0
"2021-06-06",6446,4575240,14468,3963502,1222,368707,85,35285,22221,33725.71,8942734,0
"2021-06-07",11710,4586950,21787,3985289,2380,371087,137,35422,36014,37050,8978748,0
"2021-06-08",12651,4599601,24020,4009309,2072,373159,116,35538,38859,36378,9017607,0
"2021-06-09",11145,4610746,23024,4032333,2297,375456,131,35669,36597,36181.29,9054204,0
"2021-06-10",12071,4622817,22232,4054565,2462,377918,139,35808,36904,35563,9091108,0
"2021-06-11",12705,4635522,25121,4079686,2483,380401,150,35958,40459,35150.14,9131567,0
"2021-06-12",10166,4645688,19305,4098991,1888,382289,95,36053,31454,34644,9163021,0
"2021-06-13",4259,4649947,10934,4109925,1219,383508,41,36094,16453,33820,9179474,0
"2021-06-14",10210,4660157,19244,4129169,2042,385550,128,36222,31624,33192.86,9211098,0
"2021-06-15",11886,4672043,21008,4150177,1943,387493,130,36352,34967,32636.86,9246065,0
"2021-06-16",11591,4683634,19409,4169586,1956,389449,138,36490,33094,32136.43,9279159,0
"2021-06-17",11026,4694660,18763,4188349,1971,391420,119,36609,31879,31418.57,9311038,0
"2021-06-18",12168,4706828,18499,4206848,2116,393536,113,36722,32896,30338.14,9343934,0
"2021-06-19",8501,4715329,13516,4220364,1459,394995,82,36804,23558,29210.14,9367492,0
"2021-06-20",4335,4719664,7159,4227523,924,395919,37,36841,12455,28639,9379947,0
"2021-06-21",10163,4729827,10007,4237530,1806,397725,68,36909,22044,27270.43,9401991,0
"2021-06-22",9835,4739662,15641,4253171,1589,399314,105,37014,27170,26156.57,9429161,0
"2021-06-23",10315,4749977,15186,4268357,1860,401174,101,37115,27462,25352,9456623,0
"2021-06-24",9691,4759668,14697,4283054,1799,402973,117,37232,26304,24555.57,9482927,0
"2021-06-25",10592,4770260,14384,4297438,1718,404691,110,37342,26804,23685.29,9509731,0
"2021-06-26",7806,4778066,10465,4307903,1246,405937,73,37415,19590,23118.43,9529321,0
"2021-06-27",5002,4783068,6001,4313904,795,406732,32,37447,11830,23029.14,9541151,0
"2021-06-28",9033,4792101,10346,4324250,1524,408256,105,37552,21008,22881.14,9562159,0
"2021-06-29",9749,4801850,12313,4336563,1347,409603,127,37679,23536,22362,9585695,0
"2021-06-30",9430,4811280,10927,4347490,1481,411084,146,37825,21984,21579.43,9607679,0
"2021-07-01",9398,4820678,10928,4358418,1431,412515,125,37950,21882,20947.71,9629561,0
"2021-07-02",9695,4830373,11438,4369856,1541,414056,121,38071,22795,20375,9652356,0
"2021-07-03",7059,4837432,8420,4378276,1193,415249,75,38146,16747,19968.86,9669103,0
"2021-07-04",1288,4838720,1336,4379612,567,415816,8,38154,3199,18735.86,9672302,0
"2021-07-05",6495,4845215,7104,4386716,1208,417024,64,38218,14871,17859.14,9687173,0
"2021-07-06",9511,4854726,12851,4399567,1316,418340,116,38334,23794,17896,9710967,0
"2021-07-07",8674,4863400,11104,4410671,1419,419759,122,38456,21319,17801,9732286,0
"2021-07-08",8209,4871609,10190,4420861,1260,421019,107,38563,19766,17498.71,9752052,0
"2021-07-09",8378,4879987,10833,4431694,1279,422298,88,38651,20578,17182,9772630,0
"2021-07-10",7108,4887095,8628,4440322,1132,423430,62,38713,16930,17208.14,9789560,0
"2021-07-11",4104,4891199,4539,4444861,703,424133,34,38747,9380,18091.14,9798940,0
"2021-07-12",8453,4899652,9555,4454416,1250,425383,80,38827,19338,18729.29,9818278,0
"2021-07-13",9466,4909118,9385,4463801,951,426334,104,38931,19906,18173.86,9838184,0
"2021-07-14",9002,4918120,9528,4473329,1009,427343,103,39034,19642,17934.29,9857826,0
"2021-07-15",8792,4926912,9152,4482481,1051,428394,82,39116,19077,17835.86,9876903,0
"2021-07-16",9242,4936154,9761,4492242,978,429372,101,39217,20082,17765,9896985,0
"2021-07-17",6845,4942999,7385,4499627,802,430174,78,39295,15110,17505,9912095,0
"2021-07-18",4259,4947258,4283,4503910,569,430743,35,39330,9146,17471.57,9921241,0
"2021-07-19",9127,4956385,8467,4512377,999,431742,88,39418,18681,17377.71,9939922,0
"2021-07-20",10652,4967037,8757,4521134,991,432733,93,39511,20493,17461.57,9960415,0
"2021-07-21",10053,4977090,8762,4529896,903,433636,145,39656,19863,17493.14,9980278,0
"2021-07-22",10687,4987777,8582,4538478,1045,434681,142,39798,20456,17690.14,10000734,0
"2021-07-23",11255,4999032,8878,4547356,1114,435795,137,39935,21384,17876.14,10022118,0
"2021-07-24",7403,5006435,6736,4554092,670,436465,81,40016,14890,17844.71,10037008,0
"2021-07-25",5478,5011913,2125,4556217,509,436974,59,40075,8171,17705.43,10045179,0
"2021-07-26",10878,5022791,6999,4563216,859,437833,109,40184,18845,17728.86,10064024,0
"2021-07-27",12057,5034848,8567,4571783,857,438690,132,40316,21613,17888.86,10085637,0
"2021-07-28",11996,5046844,8048,4579831,950,439640,129,40445,21123,18068.86,10106760,0
"2021-07-29",10937,5057781,7426,4587257,983,440623,132,40577,19478,17929.14,10126238,0
"2021-07-30",14955,5072736,8010,4595267,1150,441773,180,40757,24295,18345,10150533,0
"2021-07-31",9730,5082466,6311,4601578,816,442589,119,40876,16976,18643,10167509,0
"2021-08-01",6504,5088970,3308,4604886,564,443153,79,40955,10455,18969.29,10177964,0
"2021-08-02",13450,5102420,7155,4612041,847,444000,145,41100,21597,19362.43,10199561,0
"2021-08-03",15415,5117835,8383,4620424,1109,445109,143,41243,25050,19853.43,10224611,0
"2021-08-04",17262,5135097,8121,4628545,1454,446563,179,41422,27016,20695.29,10251627,0
"2021-08-05",17864,5152961,7927,4636472,1366,447929,161,41583,27318,21815.29,10278945,0
"2021-08-06",18183,5171144,8411,4644883,1233,449162,162,41745,27989,22343,10306934,0
"2021-08-07",13389,5184533,6016,4650899,799,449961,98,41843,20302,22818.14,10327236,0
"2021-08-08",9309,5193842,3837,4654736,399,450360,82,41925,13627,23271.29,10340863,0
"2021-08-09",21342,5215184,8526,4663262,963,451323,169,42094,31000,24614.57,10371863,0
"2021-08-10",18923,5234107,9330,4672592,949,452272,172,42266,29374,25232.29,10401237,0
"2021-08-11",15650,5249757,8308,4680900,853,453125,128,42394,24939,24935.57,10426176,0
"2021-08-12",15049,5264806,8976,4689876,940,454065,170,42564,25135,24623.71,10451311,0
"2021-08-13",14926,5279732,9292,4699168,921,454986,237,42801,25376,24250.43,10476687,0
"2021-08-14",10411,5290143,6403,4705571,625,455611,529,43330,17968,23917,10494655,0
"2021-08-15",6697,5296840,4476,4710047,676,456287,566,43896,12415,23743.86,10507070,0
"2021-08-16",15728,5312568,9292,4719339,1149,457436,1318,45214,27487,23242,10534557,0
"2021-08-17",17778,5330346,10436,4729775,1223,458659,1764,46978,31201,23503,10565758,0
"2021-08-18",17509,5347855,10362,4740137,1261,459920,1982,48960,31114,24385.14,10596872,0
"2021-08-19",16306,5364161,9519,4749656,1315,461235,1945,50905,29085,24949.43,10625957,0
"2021-08-20",16286,5380447,11538,4761194,1254,462489,1850,52755,30928,25742.57,10656885,0
"2021-08-21",11153,5391600,8041,4769235,878,463367,1053,53808,21125,26193.57,10678010,0
"2021-08-22",4082,5395682,3900,4773135,262,463629,514,54322,8758,25671.14,10686768,0
"2021-08-23",15582,5411264,11794,4784929,1023,464652,1544,55866,29943,26022,10716711,0
"2021-08-24",16917,5428181,12596,4797525,1006,465658,1772,57638,32291,26177.71,10749002,0
"2021-08-25",14587,5442768,12440,4809965,1110,466768,1563,59201,29700,25975.71,10778702,0
"2021-08-26",16170,5458938,14084,4824049,1072,467840,1766,60967,33092,26548.14,10811794,0
"2021-08-27",14888,5473826,14822,4838871,971,468811,1662,62629,32343,26750.29,10844137,0
"2021-08-28",10686,5484512,11520,4850391,836,469647,1009,63638,24051,27168.29,10868188,0
"2021-08-29",7221,5491733,7494,4857885,541,470188,775,64413,16031,28207.29,10884219,0
"2021-08-30",15528,5507261,16924,4874809,1077,471265,1791,66204,35320,28975.43,10919539,0
"2021-08-31",15521,5522782,15950,4890759,951,472216,1968,68172,34390,29275.29,10953929,0
"2021-09-01",14832,5537614,14097,4904856,1021,473237,1801,69973,31751,29568.29,10985680,0
"2021-09-02",14339,5551953,12521,4917377,896,474133,1696,71669,29452,29048.29,11015132,0
"2021-09-03",15016,5566969,14297,4931674,974,475107,1892,73561,32179,29024.86,11047311,0
"2021-09-04",9649,5576618,9405,4941079,688,475795,963,74524,20705,28546.86,11068016,0
"2021-09-05",6803,5583421,5514,4946593,438,476233,707,75231,13462,28179.86,11081478,0
"2021-09-06",5199,5588620,4510,4951103,358,476591,270,75501,10337,24610.86,11091815,0
"2021-09-07",15576,5604196,17695,4968798,912,477503,1541,77042,35724,24801.43,11127539,0
"2021-09-08",16166,5620362,14820,4983618,1073,478576,1764,78806,33823,25097.43,11161362,0
"2021-09-09",16121,5636483,14743,4998361,1047,479623,1904,80710,33815,25720.71,11195177,0
"2021-09-10",18370,5654853,15391,5013752,1208,480831,1968,82678,36937,26400.43,11232114,0
"2021-09-11",12637,5667490,10345,5024097,958,481789,1021,83699,24961,27008.43,11257075,0
"2021-09-12",8535,5676025,5051,5029148,766,482555,689,84388,15041,27234,11272116,0
"2021-09-13",16937,5692962,12949,5042097,976,483531,1643,86031,32505,30400.86,11304621,0
"2021-09-14",16276,5709238,13676,5055773,886,484417,1589,87620,32427,29929.86,11337048,0
"2021-09-15",15546,5724784,12871,5068644,727,485144,1565,89185,30709,29485,11367757,0
"2021-09-16",15346,5740130,13902,5082546,1211,486355,1450,90635,31909,29212.71,11399666,0
"2021-09-17",14438,5754568,13963,5096509,922,487277,1822,92457,31145,28385.29,11430811,0
"2021-09-18",10005,5764573,10174,5106683,913,488190,1046,93503,22138,27982,11452949,0
"2021-09-19",6178,5770751,6071,5112754,558,488748,743,94246,13550,27769,11466499,0
"2021-09-20",12679,5783430,12630,5125384,1068,489816,1918,96164,28295,27167.57,11494794,0
"2021-09-21",12239,5795669,12769,5138153,1110,490926,2015,98179,28133,26554.14,11522927,0
"2021-09-22",12825,5808494,11998,5150151,1090,492016,1679,99858,27592,26108.86,11550519,0
"2021-09-23",14946,5823440,12759,5162910,1639,493655,2257,102115,31601,26064.86,11582120,0
"2021-09-24",16452,5839892,13366,5176276,1633,495288,4622,106737,36073,26768.86,11618193,0
"2021-09-25",10545,5850437,9023,5185299,1018,496306,3449,110186,24035,27039.86,11642228,0
"2021-09-26",6304,5856741,5763,5191062,774,497080,2418,112604,15259,27284,11657487,0
"2021-09-27",14168,5870909,8055,5199117,1155,498235,9025,121629,32403,27870.86,11689890,0
"2021-09-28",11154,5882063,11775,5210892,901,499136,9877,131506,33707,28667.14,11723597,0
"2021-09-29",11610,5893673,12193,5223085,1206,500342,9426,140932,34435,29644.71,11758032,0
"2021-09-30",12249,5905922,12598,5235683,1339,501681,9704,150636,35890,30257.43,11793922,0
"2021-10-01",12654,5918576,13428,5249111,1284,502965,10243,160879,37609,30476.86,11831531,0
"2021-10-02",7738,5926314,9973,5259084,865,503830,4225,165104,22801,30300.57,11854332,0
"2021-10-03",5079,5931393,6155,5265239,593,504423,2608,167712,14435,30182.86,11868767,0
"2021-10-04",9917,5941310,11026,5276265,913,505336,9496,177208,31352,30032.71,11900119,0
"2021-10-05",10179,5951489,11734,5287999,972,506308,9908,187116,32793,29902.14,11932912,0
"2021-10-06",9929,5961418,11053,5299052,937,507245,9906,197022,31825,29529.29,11964737,0
"2021-10-07",9674,5971092,12189,5311241,852,508097,10167,207189,32882,29099.57,11997619,0
"2021-10-08",9473,5980565,12169,5323410,942,509039,10885,218074,33469,28508.14,12031088,0
"2021-10-09",6268,5986833,8275,5331685,649,509688,4107,222181,19299,28007.86,12050387,0
"2021-10-10",3545,5990378,5023,5336708,458,510146,2421,224602,11447,27581,12061834,0
"2021-10-11",7627,5998005,9330,5346038,728,510874,8880,233482,26565,26897.14,12088399,0
"2021-10-12",8080,6006085,11002,5357040,891,511765,10477,243959,30450,26562.43,12118849,0
"2021-10-13",7170,6013255,10140,5367180,869,512634,8762,252721,26941,25864.71,12145790,0
"2021-10-14",7457,6020712,11111,5378291,835,513469,10084,262805,29487,25379.71,12175277,0
"2021-10-15",7740,6028452,11865,5390156,823,514292,10770,273575,31198,25055.29,12206475,0
"2021-10-16",4871,6033323,7464,5397620,666,514958,3821,277396,16822,24701.43,12223297,0
"2021-10-17",3060,6036383,4474,5402094,411,515369,2442,279838,10387,24550,12233684,0
"2021-10-18",7062,6043445,10663,5412757,796,516165,9436,289274,27957,24748.86,12261641,0
"2021-10-19",6585,6050030,8943,5421700,805,516970,9056,298330,25389,24025.86,12287030,0
"2021-10-20",6550,6056580,9377,5431077,975,517945,9955,308285,26857,24013.86,12313887,0
"2021-10-21",7039,6063619,9377,5440454,859,518804,10824,319109,28099,23815.57,12341986,0
"2021-10-22",8141,6071760,10346,5450800,1027,519831,16315,335424,35829,24477.14,12377815,0
"2021-10-23",5179,6076939,6457,5457257,690,520521,9109,344533,21435,25136.14,12399250,0
"2021-10-24",3278,6080217,3971,5461228,770,521291,6143,350676,14162,25675.43,12413412,0
"2021-10-25",8795,6089012,8746,5469974,1148,522439,19223,369899,37912,27097.57,12451324,0
"2021-10-26",8217,6097229,7726,5477700,1259,523698,17269,387168,34471,28395,12485795,0
"2021-10-27",10582,6107811,8395,5486095,1604,525302,20821,407989,41402,30472.86,12527197,0
"2021-10-28",11353,6119164,8038,5494133,1793,527095,20811,428800,41995,32458,12569192,0
"2021-10-29",11852,6131016,8244,5502377,1963,529058,22503,451303,44562,33705.57,12613754,0
"2021-10-30",4641,6135657,5058,5507435,933,529991,11149,462452,21781,33755,12635535,0
"2021-10-31",2668,6138325,2703,5510138,544,530535,6616,469068,12531,33522,12648066,0
"2021-11-01",7166,6145491,6954,5517092,1089,531624,20348,489416,35557,33185.57,12683623,0
"2021-11-02",6601,6152092,6589,5523681,1055,532679,20739,510155,34984,33258.86,12718607,0
"2021-11-03",6867,6158959,6680,5530361,1026,533705,20600,530755,35173,32369,12753780,0
"2021-11-04",9323,6168282,6279,5536640,995,534700,22334,553089,38931,31931.29,12792711,0
"2021-11-05",11078,6179360,6725,5543365,1051,535751,23735,576824,42589,31649.43,12835300,0
"2021-11-06",11137,6190497,4052,5547417,594,536345,12579,589403,28362,32589.57,12863662,0
"2021-11-07",7264,6197761,2286,5549703,577,536922,7097,596500,17224,33260,12880886,0
"2021-11-08",15072,6212833,5680,5555383,867,537789,19487,615987,41106,34052.71,12921992,0
"2021-11-09",16173,6229006,5388,5560771,661,538450,20488,636475,42710,35156.43,12964702,0
"2021-11-10",16956,6245962,5323,5566094,684,539134,22619,659094,45582,36643.43,13010284,0
"2021-11-11",12602,6258564,5190,5571284,760,539894,22048,681142,40600,36881.86,13050884,0
"2021-11-12",16915,6275479,5685,5576969,707,540601,23362,704504,46669,37464.71,13097553,0
"2021-11-13",9953,6285432,3665,5580634,465,541066,13306,717810,27389,37325.71,13124942,0
"2021-11-14",6029,6291461,2297,5582931,325,541391,7914,725724,16565,37231.57,13141507,0
"2021-11-15",13256,6304717,5970,5588901,690,542081,25079,750803,44995,37787.14,13186502,0
"2021-11-16",9994,6314711,5787,5594688,655,542736,30629,781432,47065,38409.29,13233567,0
"2021-11-17",10336,6325047,6679,5601367,681,543417,31381,812813,49077,38908.57,13282644,0
"2021-11-18",10760,6335807,6549,5607916,860,544277,32962,845775,51131,40413,13333775,0
"2021-11-19",12052,6347859,6557,5614473,716,544993,36214,881989,55539,41680.14,13389314,0
"2021-11-20",9358,6357217,3421,5617894,514,545507,22486,904475,35779,42878.71,13425093,0
"2021-11-21",4977,6362194,1891,5619785,287,545794,13181,917656,20336,43417.43,13445429,0
"2021-11-22",10480,6372674,5792,5625577,752,546546,35878,953534,52902,44547,13498331,0
"2021-11-23",9845,6382519,4780,5630357,637,547183,33473,987007,48735,44785.57,13547066,0
"2021-11-24",8742,6391261,4754,5635111,651,547834,25886,1012893,40033,43493.57,13587099,0
"2021-11-25",452,6391713,325,5635436,80,547914,1000,1013893,1857,36454.43,13588956,0
"2021-11-26",8083,6399796,6988,5642424,528,548442,26556,1040449,42155,34542.43,13631111,0
"2021-11-27",6700,6406496,6834,5649258,372,548814,18815,1059264,32721,34105.57,13663832,0
"2021-11-28",4091,6410587,5782,5655040,281,549095,11860,1071124,22014,34345.29,13685846,0
"2021-11-29",9122,6419709,10988,5666028,687,549782,34980,1106104,55777,34756,13741623,0
"2021-11-30",10555,6430264,11434,5677462,513,550295,37740,1143844,60242,36399.86,13801865,0
"2021-12-01",11222,6441486,10986,5688448,723,551018,40291,1184135,63222,39712.57,13865087,0
"2021-12-02",11701,6453187,11024,5699472,626,551644,42099,1226234,65450,48797.29,13930537,0
"2021-12-03",13540,6466727,12879,5712351,677,552321,47874,1274108,74970,53485.14,14005507,0
"2021-12-04",9878,6476605,11284,5723635,567,552888,30635,1304743,52364,56291.29,14057871,0
"2021-12-05",5776,6482381,5701,5729336,269,553157,16637,1321380,28383,57201.14,14086254,0
"2021-12-06",12390,6494771,9952,5739288,601,553758,43190,1364570,66133,58680.57,14152387,0
"2021-12-07",12653,6507424,9254,5748542,624,554382,42991,1407561,65522,59434.86,14217909,0
"2021-12-08",13586,6521010,8760,5757302,554,554936,40744,1448305,63644,59495.14,14281553,0
"2021-12-09",13560,6534570,8761,5766063,557,555493,40760,1489065,63638,59236.29,14345191,0
"2021-12-10",14089,6548659,10136,5776199,671,556164,43608,1532673,68504,58312.57,14413695,0
"2021-12-11",10292,6558951,8116,5784315,405,556569,26684,1559357,45497,57331.57,14459192,0
"2021-12-12",6037,6564988,3855,5788170,288,556857,15149,1574506,25329,56895.29,14484521,0
"2021-12-13",12276,6577264,7420,5795590,656,557513,37834,1612340,58186,55760,14542707,0
"2021-12-14",12284,6589548,6959,5802549,731,558244,38096,1650436,58070,54695.43,14600777,0
"2021-12-15",12151,6601699,6238,5808787,756,559000,38076,1688512,57221,53777.86,14657998,0
"2021-12-16",13172,6614871,4273,5813060,742,559742,40978,1729490,59165,53138.86,14717163,0
"2021-12-17",16000,6630871,6934,5819994,620,560362,46703,1776193,70257,53389.29,14787420,0
"2021-12-18",13056,6643927,5715,5825709,432,560794,30566,1806759,49769,53999.57,14837189,0
"2021-12-19",7041,6650968,2994,5828703,326,561120,17986,1824745,28347,54430.71,14865536,0
"2021-12-20",16908,6667876,5866,5834569,747,561867,47377,1872122,70898,56246.71,14936434,0
"2021-12-21",18007,6685883,6570,5841139,806,562673,48844,1920966,74227,58554.86,15010661,0
"2021-12-22",18590,6704473,6564,5847703,938,563611,49594,1970560,75686,61192.71,15086347,0
"2021-12-23",19082,6723555,6483,5854186,929,564540,45772,2016332,72266,63064.29,15158613,0
"2021-12-24",9248,6732803,2950,5857136,598,565138,20587,2036919,33383,57796.57,15191996,0
"2021-12-25",343,6733146,64,5857200,31,565169,425,2037344,863,50810,15192859,0
"2021-12-26",7982,6741128,3926,5861126,341,565510,17263,2054607,29512,50976.43,15222371,0
"2021-12-27",21828,6762956,9203,5870329,933,566443,43382,2097989,75346,51611.86,15297717,0
"2021-12-28",20192,6783148,8327,5878656,698,567141,47525,2145514,76742,51971.14,15374459,0
"2021-12-29",18527,6801675,7665,5886321,607,567748,45497,2191011,72296,51486.86,15446755,0
"2021-12-30",16899,6818574,7414,5893735,583,568331,44787,2235798,69683,51117.86,15516438,0
"2021-12-31",5365,6823939,2807,5896542,193,568524,14751,2250549,23116,49651.14,15539554,0
"2022-01-01",240,6824179,146,5896688,11,568535,498,2251047,895,49655.71,15540449,0
"2022-01-02",6441,6830620,5015,5901703,153,568688,10973,2262020,22582,48665.71,15563031,0
"2022-01-03",14190,6844810,8475,5910178,515,569203,26849,2288869,50029,45049,15613060,0
"2022-01-04",13100,6857910,8072,5918250,412,569615,26988,2315857,48572,41024.71,15661632,0
"2022-01-05",11622,6869532,6975,5925225,385,570000,25734,2341591,44716,37084.71,15706348,0
"2022-01-06",11547,6881079,7372,5932597,485,570485,27436,2369027,46840,33821.43,15753188,0
"2022-01-07",10476,6891555,8414,5941011,337,570822,24951,2393978,44178,36830.29,15797366,0
"2022-01-08",7939,6899494,8551,5949562,310,571132,19394,2413372,36194,41873,15833560,0
"2022-01-09",4142,6903636,3843,5953405,214,571346,10053,2423425,18252,41254.43,15851812,0
"2022-01-10",10187,6913823,8186,5961591,490,571836,24588,2448013,43451,40314.71,15895263,0
"2022-01-11",8911,6922734,7991,5969582,520,572356,20985,2468998,38407,38862.57,15933670,0
"2022-01-12",8959,6931693,8312,5977894,428,572784,22302,2491300,40001,38189,15973671,0
"2022-01-13",9051,6940744,8853,5986747,451,573235,22824,2514124,41179,37380.29,16014850,0
"2022-01-14",10129,6950873,8121,5994868,475,573710,26397,2540521,45122,37515.14,16059972,0
"2022-01-15",6214,6957087,4304,5999172,178,573888,15146,2555667,25842,36036.29,16085814,0
"2022-01-16",2926,6960013,3252,6002424,95,573983,7810,2563477,14083,35440.71,16099897,0
"2022-01-17",6092,6966105,6756,6009180,363,574346,14647,2578124,27858,33213.14,16127755,0
"2022-01-18",8178,6974283,10300,6019480,396,574742,19614,2597738,38488,33224.71,16166243,0
"2022-01-19",7497,6981780,9240,6028720,306,575048,17681,2615419,34724,32470.86,16200967,0
"2022-01-20",6300,6988080,8561,6037281,305,575353,15217,2630636,30383,30928.57,16231350,0
"2022-01-21",7587,6995667,7490,6044771,276,575629,18474,2649110,33827,29315,16265177,0
"2022-01-22",5196,7000863,4934,6049705,131,575760,11296,2660406,21557,28702.86,16286734,0
"2022-01-23",2819,7003682,3326,6053031,97,575857,6219,2666625,12461,28471.14,16299195,0
"2022-01-24",6383,7010065,8190,6061221,262,576119,15051,2681676,29886,28760.86,16329081,0
"2022-01-25",6204,7016269,7925,6069146,232,576351,14666,2696342,29027,27409.29,16358108,0
"2022-01-26",5765,7022034,7160,6076306,289,576640,14000,2710342,27214,26336.43,16385322,0
"2022-01-27",5278,7027312,7083,6083389,321,576961,14054,2724396,26736,25815.43,16412058,0
"2022-01-28",6274,7033586,7855,6091244,203,577164,16101,2740497,30433,25330.57,16442491,0
"2022-01-29",843,7034429,727,6091971,28,577192,2534,2743031,4132,22841.29,16446623,0
"2022-01-30",2099,7036528,3023,6094994,103,577295,4530,2747561,9755,22454.71,16456378,0
"2022-01-31",5012,7041540,6590,6101584,219,577514,11352,2758913,23173,21495.71,16479551,0
"2022-02-01",4848,7046388,6434,6108018,219,577733,10687,2769600,22188,20518.71,16501739,0
"2022-02-02",4254,7050642,5918,6113936,214,577947,11209,2780809,21595,19716,16523334,0
"2022-02-03",4238,7054880,5796,6119732,216,578163,11208,2792017,21458,18962,16544792,0
"2022-02-04",4788,7059668,7105,6126837,214,578377,13188,2805205,25295,18228,16570087,0
"2022-02-05",3592,7063260,6042,6132879,110,578487,8559,2813764,18303,20252.43,16588390,0
"2022-02-06",2066,7065326,2136,6135015,121,578608,4627,2818391,8950,20137.43,16597340,0
"2022-02-07",4157,7069483,4723,6139738,205,578813,10122,2828513,19207,19570.86,16616547,0
"2022-02-08",4236,7073719,5600,6145338,214,579027,11289,2839802,21339,19449.57,16637886,0
"2022-02-09",4144,7077863,5395,6150733,222,579249,11648,2851450,21409,19423,16659295,0
"2022-02-10",4006,7081869,5115,6155848,245,579494,12175,2863625,21541,19434.86,16680836,0
"2022-02-11",4528,7086397,5800,6161648,194,579688,13715,2877340,24237,19283.71,16705073,0
"2022-02-12",3260,7089657,4337,6165985,96,579784,8797,2886137,16490,19024.71,16721563,0
"2022-02-13",1520,7091177,1542,6167527,41,579825,4878,2891015,7981,18886.29,16729544,0
"2022-02-14",2988,7094165,3619,6171146,165,579990,10554,2901569,17326,18617.57,16746870,0
"2022-02-15",3566,7097731,4066,6175212,176,580166,12757,2914326,20565,18507,16767435,0
"2022-02-16",3672,7101403,3896,6179108,200,580366,15680,2930006,23448,18798.29,16790883,0
"2022-02-17",4054,7105457,4078,6183186,162,580528,18249,2948255,26543,19512.86,16817426,0
"2022-02-18",4488,7109945,4775,6187961,190,580718,21515,2969770,30968,20474.43,16848394,0
"2022-02-19",3261,7113206,2177,6190138,63,580781,11157,2980927,16658,20498.43,16865052,0
"2022-02-20",1865,7115071,1445,6191583,59,580840,6568,2987495,9937,20777.86,16874989,0
"2022-02-21",3094,7118165,2688,6194271,95,580935,8346,2995841,14223,20334.57,16889212,0
"2022-02-22",4403,7122568,4242,6198513,175,581110,10809,3006650,19629,20200.86,16908841,0
"2022-02-23",4278,7126846,3785,6202298,145,581255,10642,3017292,18850,19544,16927691,0
"2022-02-24",3785,7130631,3650,6205948,108,581363,10171,3027463,17714,18282.71,16945405,0
"2022-02-25",3623,7134254,3618,6209566,134,581497,9961,3037424,17336,16335.29,16962741,0
"2022-02-26",2850,7137104,2577,6212143,74,581571,9501,3046925,15002,16098.71,16977743,0
"2022-02-27",1778,7138882,1372,6213515,52,581623,6265,3053190,9467,16031.57,16987210,0
"2022-02-28",3817,7142699,3125,6216640,141,581764,13106,3066296,20189,16883.86,17007399,0
"2022-03-01",2134,7144833,2613,6219253,103,581867,5159,3071455,10009,15509.57,17017408,0
"2022-03-02",1834,7146667,2435,6221688,106,581973,4117,3075572,8492,14029.86,17025900,0
"2022-03-03",1939,7148606,2557,6224245,106,582079,3787,3079359,8389,12697.71,17034289,0
"2022-03-04",2119,7150725,2868,6227113,66,582145,4319,3083678,9372,11560,17043661,0
"2022-03-05",1611,7152336,2123,6229236,43,582188,3309,3086987,7086,10429.14,17050747,0
"2022-03-06",799,7153135,878,6230114,30,582218,1621,3088608,3328,9552.14,17054075,0
"2022-03-07",1669,7154804,1780,6231894,86,582304,3489,3092097,7024,7671.43,17061099,0
"2022-03-08",1549,7156353,1893,6233787,80,582384,3117,3095214,6639,7190,17067738,0
"2022-03-09",1265,7157618,1665,6235452,79,582463,2574,3097788,5583,6774.43,17073321,0
"2022-03-10",1423,7159041,2098,6237550,85,582548,2944,3100732,6550,6511.71,17079871,0
"2022-03-11",1606,7160647,2267,6239817,81,582629,3207,3103939,7161,6195.86,17087032,0
"2022-03-12",879,7161526,1411,6241228,40,582669,1998,3105937,4328,5801.86,17091360,0
"2022-03-13",625,7162151,757,6241985,26,582695,1292,3107229,2700,5712.14,17094060,0
"2022-03-14",1378,7163529,1598,6243583,83,582778,2984,3110213,6043,5572,17100103,0
"2022-03-15",1358,7164887,1923,6245506,63,582841,3069,3113282,6413,5539.71,17106516,0
"2022-03-16",1397,7166284,2064,6247570,94,582935,3124,3116406,6679,5696.29,17113195,0
"2022-03-17",1181,7167465,1808,6249378,70,583005,2751,3119157,5810,5590.57,17119005,0
"2022-03-18",1588,7169053,2177,6251555,80,583085,3757,3122914,7602,5653.57,17126607,0
"2022-03-19",1113,7170166,1729,6253284,54,583139,2587,3125501,5483,5818.57,17132090,0
"2022-03-20",613,7170779,627,6253911,33,583172,1461,3126962,2734,5823.43,17134824,0
"2022-03-21",1422,7172201,1549,6255460,73,583245,3043,3130005,6087,5829.71,17140911,0
"2022-03-22",1342,7173543,1546,6257006,101,583346,2891,3132896,5880,5753.57,17146791,0
"2022-03-23",1257,7174800,1350,6258356,66,583412,2908,3135804,5581,5596.71,17152372,0
"2022-03-24",1215,7176015,1295,6259651,89,583501,2508,3138312,5107,5496.29,17157479,0
"2022-03-25",1389,7177404,1616,6261267,61,583562,3252,3141564,6318,5312.86,17163797,0
"2022-03-26",929,7178333,1157,6262424,36,583598,2291,3143855,4413,5160,17168210,0
"2022-03-27",574,7178907,525,6262949,29,583627,1311,3145166,2439,5117.86,17170649,0
"2022-03-28",1083,7179990,1154,6264103,68,583695,2435,3147601,4740,4925.43,17175389,0
"2022-03-29",1052,7181042,1107,6265210,85,583780,2503,3150104,4747,4763.57,17180136,0
"2022-03-30",1246,7182288,1139,6266349,98,583878,3049,3153153,5532,4756.57,17185668,0
"2022-03-31",1265,7183553,1248,6267597,57,583935,3149,3156302,5719,4844,17191387,0
"2022-04-01",1424,7184977,1490,6269087,74,584009,3234,3159536,6222,4830.29,17197609,0
"2022-04-02",909,7185886,911,6269998,33,584042,2090,3161626,3943,4763.14,17201552,0
"2022-04-03",553,7186439,496,6270494,28,584070,1224,3162850,2301,4743.43,17203853,0
"2022-04-04",1348,7187787,1306,6271800,60,584130,2722,3165572,5436,4842.86,17209289,0
"2022-04-05",1294,7189081,1154,6272954,68,584198,2851,3168423,5367,4931.43,17214656,0
"2022-04-06",1298,7190379,1183,6274137,58,584256,2610,3171033,5149,4876.71,17219805,0
"2022-04-07",1207,7191586,1059,6275196,54,584310,2365,3173398,4685,4729,17224490,0
"2022-04-08",1490,7193076,1395,6276591,57,584367,3151,3176549,6093,4710.57,17230583,0
"2022-04-09",937,7194013,915,6277506,28,584395,2056,3178605,3936,4709.57,17234519,0
"2022-04-10",592,7194605,462,6277968,25,584420,1169,3179774,2248,4702,17236767,0
"2022-04-11",1336,7195941,1226,6279194,59,584479,2644,3182418,5265,4677.57,17242032,0
"2022-04-12",1209,7197150,1046,6280240,73,584552,2509,3184927,4837,4601.86,17246869,0
"2022-04-13",1261,7198411,1062,6281302,58,584610,2492,3187419,4873,4562.43,17251742,0
"2022-04-14",1278,7199689,1088,6282390,59,584669,2419,3189838,4844,4585.14,17256586,0
"2022-04-15",1337,7201026,1089,6283479,52,584721,2552,3192390,5030,4433.29,17261616,0
"2022-04-16",875,7201901,648,6284127,31,584752,1633,3194023,3187,4326.29,17264803,0
"2022-04-17",349,7202250,203,6284330,27,584779,635,3194658,1214,4178.57,17266017,0
"2022-04-18",1381,7203631,1110,6285440,82,584861,2573,3197231,5146,4161.57,17271163,0
"2022-04-19",1409,7205040,928,6286368,70,584931,2564,3199795,4971,4180.71,17276134,0
"2022-04-20",1310,7206350,1132,6287500,65,584996,2666,3202461,5173,4223.57,17281307,0
"2022-04-21",1219,7207569,1059,6288559,52,585048,2313,3204774,4643,4194.86,17285950,0
"2022-04-22",1216,7208785,1015,6289574,46,585094,2192,3206966,4469,4114.71,17290419,0
"2022-04-23",720,7209505,746,6290320,59,585153,1422,3208388,2947,4080.43,17293366,0
"2022-04-24",442,7209947,338,6290658,27,585180,807,3209195,1614,4137.57,17294980,0
"2022-04-25",1021,7210968,908,6291566,64,585244,1842,3211037,3835,3950.29,17298815,0
"2022-04-26",926,7211894,849,6292415,76,585320,1742,3212779,3593,3753.43,17302408,0
"2022-04-27",1029,7212923,976,6293391,78,585398,1917,3214696,4000,3585.86,17306408,0
"2022-04-28",1075,7213998,977,6294368,48,585446,1983,3216679,4083,3505.86,17310491,0
"2022-04-29",933,7214931,951,6295319,59,585505,1721,3218400,3664,3390.86,17314155,0
"2022-04-30",720,7215651,741,6296060,43,585548,1390,3219790,2894,3383.29,17317049,0
"2022-05-01",449,7216100,371,6296431,20,585568,757,3220547,1597,3380.86,17318646,0
"2022-05-02",1042,7217142,791,6297222,52,585620,1662,3222209,3547,3339.71,17322193,0
"2022-05-03",1106,7218248,850,6298072,60,585680,1958,3224167,3974,3394.14,17326167,0
"2022-05-04",1008,7219256,875,6298947,48,585728,1895,3226062,3826,3369.29,17329993,0
"2022-05-05",1039,7220295,946,6299893,80,585808,1918,3227980,3983,3355,17333976,0
"2022-05-06",1075,7221370,930,6300823,47,585855,1851,3229831,3903,3389.14,17337879,0
"2022-05-07",648,7222018,586,6301409,29,585884,1194,3231025,2457,3326.71,17340336,0
"2022-05-08",416,7222434,247,6301656,17,585901,667,3231692,1347,3291,17341683,0
"2022-05-09",1064,7223498,932,6302588,61,585962,1861,3233553,3918,3344,17345601,0
"2022-05-10",1075,7224573,915,6303503,49,586011,1962,3235515,4001,3347.86,17349602,0
"2022-05-11",1080,7225653,966,6304469,39,586050,1907,3237422,3992,3371.57,17353594,0
"2022-05-12",1081,7226734,933,6305402,56,586106,1972,3239394,4042,3380,17357636,0
"2022-05-13",1149,7227883,1022,6306424,43,586149,2027,3241421,4241,3428.29,17361877,0
"2022-05-14",817,7228700,661,6307085,28,586177,1455,3242876,2961,3500.29,17364838,0
"2022-05-15",509,7229209,351,6307436,20,586197,913,3243789,1793,3564,17366631,0
"2022-05-16",1210,7230419,838,6308274,59,586256,1783,3245572,3890,3560,17370521,0
"2022-05-17",1282,7231701,904,6309178,78,586334,2008,3247580,4272,3598.71,17374793,0
"2022-05-18",1210,7232911,890,6310068,79,586413,2030,3249610,4209,3629.71,17379002,120000
"2022-05-19",1131,7234042,843,6310911,32,586445,2012,3251622,4018,3626.29,17383020,120000
"2022-05-20",1177,7235219,902,6311813,72,586517,2295,3253917,4446,3655.57,17387466,120000
"2022-05-21",813,7236032,625,6312438,21,586538,1661,3255578,3120,3678.29,17390586,120000
"2022-05-22",506,7236538,283,6312721,15,586553,1111,3256689,1915,3695.71,17392501,120000
"2022-05-23",854,7237392,707,6313428,34,586587,1641,3258330,3236,3602.29,17395737,120000
"2022-05-24",320,7237712,255,6313683,27,586614,608,3258938,1210,3164.86,17396947,120000
