"DATE","ADMIN_DOSE1_DAILY","ADMIN_DOSE1_CUMULATIVE","ADMIN_DOSE2_DAILY","ADMIN_DOSE2_CUMULATIVE","ADMIN_SINGLE_DAILY","ADMIN_SINGLE_CUMULATIVE","ADMIN_ADDITIONAL1_DAILY","ADMIN_ADDITIONAL1_CUMULATIVE","ADMIN_ADDITIONAL2_DAILY","ADMIN_ADDITIONAL2_CUMULATIVE","ADMIN_ADDITIONAL_DAILY","ADMIN_ADDITIONAL_CUMULATIVE","ADMIN_BIVALENT_ADDITIONAL_DAILY","ADMIN_BIVALENT_ADDITIONAL_CUMULATIVE","ADMIN_ALLDOSES_DAILY","ADMIN_ALLDOSES_7DAYAVG","ADMIN_ALLDOSES_CUMULATIVE","ADMIN_ALLDOSES_PRIMARY","INCOMPLETE"
2020-12-14,79,79,0,0,2,2,0,0,0,0,0,0,0,0,81,,81,81,0
2020-12-15,2052,2131,7,7,5,7,0,0,0,0,0,0,0,0,2064,,2145,2145,0
2020-12-16,4603,6734,18,25,4,11,1,1,0,0,1,1,0,0,4626,,6771,6770,0
2020-12-17,4661,11395,18,43,2,13,1,2,0,0,1,2,0,0,4682,,11453,11451,0
2020-12-18,5836,17231,20,63,2,15,2,4,0,0,2,4,0,0,5860,,17313,17309,0
2020-12-19,1688,18919,9,72,3,18,0,4,0,0,0,4,0,0,1700,,19013,19009,0
2020-12-20,1118,20037,2,74,1,19,0,4,0,0,0,4,0,0,1121,2876.29,20134,20130,0
2020-12-21,6392,26429,22,96,0,19,4,8,0,0,4,8,0,0,6418,3781.57,26552,26544,0
2020-12-22,9766,36195,28,124,2,21,1,9,0,0,1,9,0,0,9797,4886.29,36349,36340,0
2020-12-23,14274,50469,39,163,3,24,0,9,0,0,0,9,0,0,14316,6270.57,50665,50656,0
2020-12-24,7170,57639,28,191,1,25,0,9,0,0,0,9,0,0,7199,6630.14,57864,57855,0
2020-12-25,180,57819,0,191,0,25,1,10,0,0,1,10,0,0,181,5818.86,58045,58035,0
2020-12-26,4391,62210,48,239,0,25,1,11,0,0,1,11,0,0,4440,6210.29,62485,62474,0
2020-12-27,3869,66079,15,254,0,25,1,12,0,0,1,12,0,0,3885,6605.14,66370,66358,0
2020-12-28,10990,77069,52,306,1,26,3,15,0,0,3,15,0,0,11046,7266.29,77416,77401,0
2020-12-29,10712,87781,37,343,2,28,3,18,0,0,3,18,0,0,10754,7403,88170,88152,0
2020-12-30,12821,100602,44,387,0,28,0,18,0,0,0,18,0,0,12865,7195.71,101035,101017,0
2020-12-31,7258,107860,38,425,1,29,0,18,0,0,0,18,0,0,7297,7209.71,108332,108314,0
2021-01-01,178,108038,2,427,1,30,3,21,0,0,3,21,0,0,184,7210.14,108516,108495,0
2021-01-02,3810,111848,10,437,3,33,2,23,0,0,2,23,0,0,3825,7122.29,112341,112318,0
2021-01-03,3543,115391,24,461,2,35,1,24,0,0,1,24,0,0,3570,7077.29,115911,115887,0
2021-01-04,12250,127641,811,1272,2,37,7,31,0,0,7,31,0,0,13070,7366.43,128981,128950,0
2021-01-05,14088,141729,2197,3469,2,39,14,45,1,1,15,46,0,0,16302,8159,145283,145237,0
2021-01-06,17794,159523,3929,7398,1,40,33,78,8,9,41,87,0,0,21765,9430.43,167048,166961,0
2021-01-07,16538,176061,5186,12584,4,44,46,124,3,12,49,136,0,0,21777,11499,188825,188689,0
2021-01-08,16609,192670,5464,18048,0,44,37,161,5,17,42,178,0,0,22115,14632,210940,210762,0
2021-01-09,7648,200318,1465,19513,1,45,7,168,2,19,9,187,0,0,9123,15388.86,220063,219876,0
2021-01-10,7879,208197,980,20493,0,45,13,181,0,19,13,200,0,0,8872,16146.29,228935,228735,0
2021-01-11,25809,234006,7463,27956,2,47,58,239,6,25,64,264,0,0,33338,19041.71,262273,262009,0
2021-01-12,28240,262246,7868,35824,1,48,46,285,4,29,50,314,0,0,36159,21878.43,298432,298118,0
2021-01-13,31699,293945,9422,45246,1,49,61,346,5,34,66,380,0,0,41188,24653.14,339620,339240,0
2021-01-14,35796,329741,5305,50551,1,50,33,379,7,41,40,420,0,0,41142,27419.57,380762,380342,0
2021-01-15,29248,358989,3714,54265,2,52,33,412,6,47,39,459,0,0,33003,28975,413765,413306,0
2021-01-16,30258,389247,2397,56662,0,52,25,437,6,53,31,490,0,0,32686,32341.14,446451,445961,0
2021-01-17,23726,412973,1645,58307,0,52,20,457,1,54,21,511,0,0,25392,34701.14,471843,471332,0
2021-01-18,27081,440054,2426,60733,0,52,37,494,7,61,44,555,0,0,29552,34160.29,501395,500840,0
2021-01-19,34268,474322,9643,70376,1,53,72,566,8,69,80,635,0,0,43992,35279.29,545387,544752,0
2021-01-20,34845,509167,9505,79881,1,54,62,628,3,72,65,700,0,0,44416,35740.43,589803,589103,0
2021-01-21,25574,534741,8097,87978,2,56,55,683,5,77,60,760,0,0,33733,34682,623536,622776,0
2021-01-22,24741,559482,4387,92365,1,57,31,714,7,84,38,798,0,0,29167,34134,652703,651905,0
2021-01-23,15733,575215,3226,95591,0,57,12,726,2,86,14,812,0,0,18973,32175,671676,670864,0
2021-01-24,7169,582384,3458,99049,0,57,20,746,1,87,21,833,0,0,10648,30068.71,682324,681491,0
2021-01-25,13392,595776,11831,110880,0,57,69,815,14,101,83,916,0,0,25306,29462.14,707630,706714,0
2021-01-26,16746,612522,10764,121644,0,57,69,884,3,104,73,989,0,0,27583,27118,735213,734225,0
2021-01-27,20819,633341,12355,133999,0,57,55,939,9,113,64,1053,0,0,33240,25521.43,768453,767401,0
2021-01-28,30727,664068,12859,146858,0,57,86,1025,16,129,102,1155,0,0,43691,26944,812144,810990,0
2021-01-29,31666,695734,11514,158372,0,57,85,1110,11,140,96,1251,0,0,43276,28959.57,855420,854170,0
2021-01-30,18706,714440,3743,162115,0,57,23,1133,2,142,26,1277,0,0,22475,29459.86,877895,876620,0
2021-01-31,13005,727445,2931,165046,1,58,28,1161,5,147,33,1310,0,0,15970,30220.14,893865,892557,0
2021-02-01,1180,728625,5400,170446,4,62,37,1198,4,151,41,1351,0,0,6625,27551.43,900490,899141,0
2021-02-02,2823,731448,9442,179888,2,64,54,1252,3,154,57,1408,0,0,12324,25371.57,912814,911408,0
2021-02-03,16342,747790,21235,201123,4,68,214,1466,22,176,236,1644,0,0,37817,26025.43,950631,948989,0
2021-02-04,27031,774821,19653,220776,3,71,212,1678,10,186,222,1866,0,0,46909,26485.14,997540,995676,0
2021-02-05,27577,802398,20028,240804,0,71,197,1875,16,202,214,2080,0,0,47819,27134.14,1045359,1043282,0
2021-02-06,22974,825372,11249,252053,0,71,117,1992,13,215,130,2210,0,0,34353,28831,1079712,1077505,0
2021-02-07,12029,837401,8285,260338,1,72,98,2090,12,227,111,2321,0,0,20426,29467.57,1100138,1097821,0
2021-02-08,16933,854334,23529,283867,2,74,240,2330,37,264,278,2599,0,0,40742,34341.43,1140880,1138286,0
2021-02-09,17183,871517,28090,311957,2,76,358,2688,42,306,403,3002,0,0,45678,39106.29,1186558,1183564,0
2021-02-10,19577,891094,29303,341260,2,78,275,2963,52,358,330,3332,0,0,49213,40734.29,1235771,1232450,0
2021-02-11,27827,918921,33458,374718,2,80,355,3318,58,416,413,3745,0,0,61702,42847.57,1297473,1293739,0
2021-02-12,38348,957269,30810,405528,3,83,365,3683,42,458,408,4153,0,0,69569,45954.71,1367042,1362901,0
2021-02-13,27980,985249,25318,430846,2,85,314,3997,58,516,373,4526,0,0,53674,48714.86,1420716,1416203,0
2021-02-14,16257,1001506,23722,454568,0,85,281,4278,35,551,316,4842,0,0,40295,51553.29,1461011,1456182,0
2021-02-15,12788,1014294,10528,465096,2,87,179,4457,24,575,204,5046,0,0,23522,49093.29,1484533,1479501,0
2021-02-16,14229,1028523,26709,491805,0,87,342,4799,41,616,384,5430,0,0,41322,48471,1525855,1520440,0
2021-02-17,16376,1044899,22193,513998,1,88,290,5089,42,658,332,5762,0,0,38902,46998,1564757,1559010,0
2021-02-18,12134,1057033,24982,538980,21,109,307,5396,46,704,353,6115,0,0,37490,43539.14,1602247,1596147,0
2021-02-19,13238,1070271,23922,562902,38,147,316,5712,49,753,365,6480,0,0,37563,38966.86,1639810,1633345,0
2021-02-20,11340,1081611,26072,588974,7,154,338,6050,79,832,419,6899,0,0,37839,36704.71,1677649,1670767,0
2021-02-21,6345,1087956,17411,606385,15,169,305,6355,46,878,352,7251,0,0,24123,34394.43,1701772,1694539,0
2021-02-22,13041,1100997,11834,618219,2,171,134,6489,21,899,155,7406,0,0,25032,34610.14,1726804,1719416,0
2021-02-23,25225,1126222,14150,632369,1,172,168,6657,35,934,204,7610,0,0,39581,34361.43,1766385,1758794,0
2021-02-24,36322,1162544,20405,652774,0,172,234,6891,42,976,277,7887,0,0,57004,36947.43,1823389,1815522,0
2021-02-25,54511,1217055,30457,683231,6,178,416,7307,64,1040,481,8368,0,0,85455,43799.57,1908844,1900497,0
2021-02-26,62786,1279841,31903,715134,4,182,427,7734,79,1119,509,8877,0,0,95202,52033.71,2004046,1995193,0
2021-02-27,51257,1331098,22754,737888,47,229,356,8090,53,1172,410,9287,0,0,74468,57266.43,2078514,2069252,0
2021-02-28,44546,1375644,13853,751741,7,236,207,8297,37,1209,244,9531,0,0,58650,62198.86,2137164,2127658,0
2021-03-01,39302,1414946,12782,764523,10,246,173,8470,24,1233,197,9728,0,0,52291,66093,2189455,2179752,0
2021-03-02,47072,1462018,12577,777100,7,253,159,8629,17,1250,176,9904,0,0,59832,68986,2249287,2239408,0
2021-03-03,48591,1510609,16152,793252,17,270,156,8785,21,1271,177,10081,0,0,64937,70119.29,2314224,2304168,0
2021-03-04,59794,1570403,22817,816069,1092,1362,278,9063,37,1308,317,10398,0,0,84020,69914.29,2398244,2387873,0
2021-03-05,60945,1631348,24292,840361,3107,4469,338,9401,36,1344,376,10774,0,0,88720,68988.29,2486964,2476219,0
2021-03-06,47145,1678493,18885,859246,5451,9920,247,9648,42,1386,289,11063,0,0,71770,68602.86,2558734,2547700,0
2021-03-07,36019,1714512,14885,874131,6244,16164,238,9886,22,1408,262,11325,0,0,57410,68425.71,2616144,2604850,0
2021-03-08,39603,1754115,14686,888817,8555,24719,324,10210,92,1500,421,11746,0,0,63265,69993.43,2679409,2667699,0
2021-03-09,39081,1793196,12859,901676,7759,32478,187,10397,35,1535,223,11969,0,0,59922,70006.29,2739331,2727399,0
2021-03-10,51806,1845002,15366,917042,5064,37542,230,10627,34,1569,266,12235,0,0,72502,71087,2811833,2799637,0
2021-03-11,59960,1904962,21825,938867,4618,42160,259,10886,48,1617,309,12544,0,0,86712,71471.57,2898545,2886042,0
2021-03-12,52170,1957132,30305,969172,4182,46342,390,11276,88,1705,478,13022,0,0,87135,71245.14,2985680,2972699,0
2021-03-13,40634,1997766,26684,995856,5110,51452,335,11611,55,1760,390,13412,0,0,72819,71395,3058499,3045128,0
2021-03-14,30694,2028460,15971,1011827,4522,55974,256,11867,28,1788,286,13698,0,0,51474,70547,3109973,3096318,0
2021-03-15,33578,2062038,17259,1029086,4702,60676,244,12111,33,1821,277,13975,0,0,55816,69482.86,3165789,3151857,0
2021-03-16,38657,2100695,20514,1049600,4923,65599,269,12380,36,1857,306,14281,0,0,64400,70122.57,3230189,3215952,0
2021-03-17,42597,2143292,24788,1074388,4242,69841,353,12733,42,1899,396,14677,0,0,72023,70054.14,3302212,3287580,0
2021-03-18,50406,2193698,26808,1101196,5226,75067,389,13122,65,1964,454,15131,0,0,82894,69508.71,3385106,3370020,0
2021-03-19,47760,2241458,29967,1131163,5622,80689,408,13530,74,2038,482,15613,0,0,83832,69036.86,3468938,3453370,0
2021-03-20,38691,2280149,25832,1156995,4682,85371,311,13841,60,2098,372,15985,0,0,69577,68573.71,3538515,3522576,0
2021-03-21,29283,2309432,19355,1176350,769,86140,231,14072,45,2143,276,16261,0,0,49683,68317.86,3588198,3571983,0
2021-03-22,33849,2343281,26754,1203104,4037,90177,260,14332,37,2180,298,16559,0,0,64939,69621.14,3653137,3636625,0
2021-03-23,38413,2381694,32849,1235953,4213,94390,306,14638,54,2234,364,16923,0,0,75839,71255.29,3728976,3712104,0
2021-03-24,41470,2423164,37614,1273567,4843,99233,340,14978,64,2298,407,17330,0,0,84334,73014,3813310,3796034,0
2021-03-25,43385,2466549,50781,1324348,5050,104283,495,15473,88,2386,587,17917,0,0,99803,75429.57,3913113,3895254,0
2021-03-26,38481,2505030,55496,1379844,4307,108590,545,16018,107,2493,656,18573,0,0,98940,77587.86,4012053,3993542,0
2021-03-27,35717,2540747,45742,1425586,2938,111528,440,16458,85,2578,526,19099,0,0,84923,79780.14,4096976,4077940,0
2021-03-28,26372,2567119,34448,1460034,1481,113009,349,16807,67,2645,420,19519,0,0,62721,81642.71,4159697,4140245,0
2021-03-29,34800,2601919,38859,1498893,3243,116252,364,17171,115,2760,480,19999,0,0,77382,83420.29,4237079,4217148,0
2021-03-30,40482,2642401,41924,1540817,3712,119964,353,17524,65,2825,419,20418,0,0,86537,84948.57,4323616,4303267,0
2021-03-31,49364,2691765,44878,1585695,7438,127402,422,17946,86,2911,508,20926,0,0,102188,87499.14,4425804,4404947,0
2021-04-01,50758,2742523,53943,1639638,11272,138674,517,18463,85,2996,606,21532,0,0,116579,89895.71,4542383,4520924,0
2021-04-02,43749,2786272,53867,1693505,11964,150638,564,19027,72,3068,642,22174,0,0,110222,91507.43,4652605,4630510,0
2021-04-03,39236,2825508,39206,1732711,9859,160497,352,19379,60,3128,413,22587,0,0,88714,92049,4741319,4718812,0
2021-04-04,26547,2852055,24779,1757490,3902,164399,232,19611,50,3178,282,22869,0,0,55510,91018.86,4796829,4774040,0
2021-04-05,41858,2893913,34477,1791967,11194,175593,394,20005,61,3239,456,23325,0,0,87985,92533.57,4884814,4861570,0
2021-04-06,53238,2947151,35614,1827581,13213,188806,450,20455,79,3318,530,23855,0,0,102595,94827.57,4987409,4963636,0
2021-04-07,55472,3002623,40704,1868285,14387,203193,417,20872,82,3400,501,24356,0,0,111064,96095.57,5098473,5074201,0
2021-04-08,59233,3061856,46580,1914865,16336,219529,546,21418,88,3488,635,24991,0,0,122784,96982,5221257,5196351,0
2021-04-09,56623,3118479,44948,1959813,17555,237084,543,21961,80,3568,628,25619,0,0,119754,98343.71,5341011,5315482,0
2021-04-10,49328,3167807,35641,1995454,12716,249800,405,22366,62,3630,471,26090,0,0,98156,99692.57,5439167,5413171,0
2021-04-11,38156,3205963,28825,2024279,7679,257479,303,22669,61,3691,365,26455,0,0,75025,102480.43,5514192,5487832,0
2021-04-12,46617,3252580,31836,2056115,13494,270973,478,23147,69,3760,547,27002,0,0,92494,103124.57,5606686,5579779,0
2021-04-13,52529,3305109,33792,2089907,369,271342,412,23559,64,3824,477,27479,0,0,87167,100920.57,5693853,5666470,0
2021-04-14,50130,3355239,39953,2129860,20,271362,376,23935,79,3903,456,27935,0,0,90559,97991.29,5784412,5756574,0
2021-04-15,52104,3407343,43690,2173550,16,271378,463,24398,107,4010,575,28510,0,0,96386,94220.14,5880798,5852390,0
2021-04-16,51173,3458516,42202,2215752,32,271410,448,24846,74,4084,525,29035,0,0,93932,90531.29,5974730,5945800,0
2021-04-17,43825,3502341,35688,2251440,3,271413,378,25224,84,4168,464,29499,0,0,79980,87934.71,6054710,6025318,0
2021-04-18,28594,3530935,29363,2280803,7,271420,267,25491,65,4233,333,29832,0,0,58297,85545,6113007,6083283,0
2021-04-19,37441,3568376,36451,2317254,21,271441,344,25835,69,4302,415,30247,0,0,74328,82949.86,6187335,6157198,0
2021-04-20,40786,3609162,39625,2356879,19,271460,322,26157,84,4386,407,30654,0,0,80837,82045.57,6268172,6237629,0
2021-04-21,38873,3648035,46027,2402906,17,271477,509,26666,99,4485,609,31263,0,0,85526,81326.57,6353698,6322547,0
2021-04-22,38474,3686509,48958,2451864,9,271486,353,27019,79,4564,434,31697,0,0,87876,80110.86,6441574,6409991,0
2021-04-23,39681,3726190,44385,2496249,3,271489,362,27381,76,4640,440,32137,0,0,84509,78764.71,6526083,6494062,0
2021-04-24,31921,3758111,41604,2537853,44,271533,288,27669,63,4703,352,32489,0,0,73921,77899.14,6600004,6567632,0
2021-04-25,18411,3776522,31215,2569068,87,271620,207,27876,61,4764,268,32757,0,0,49981,76711.14,6649985,6617345,0
2021-04-26,26956,3803478,40717,2609785,1012,272632,307,28183,95,4859,407,33164,0,0,69092,75963.14,6719077,6686035,0
2021-04-27,28549,3832027,47128,2656913,1696,274328,377,28560,98,4957,480,33644,0,0,77853,75536.86,6796930,6763413,0
2021-04-28,27007,3859034,56841,2713754,2146,276474,455,29015,102,5059,560,34204,0,0,86554,75683.71,6883484,6849410,0
2021-04-29,28583,3887617,57204,2770958,2150,278624,378,29393,102,5161,482,34686,0,0,88419,75761.29,6971903,6937349,0
2021-04-30,30098,3917715,51993,2822951,2059,280683,295,29688,75,5236,371,35057,0,0,84522,75763.14,7056425,7021501,0
2021-05-01,22474,3940189,44534,2867485,1177,281860,237,29925,67,5303,306,35363,0,0,68491,74987.43,7124916,7089688,0
2021-05-02,11916,3952105,36638,2904123,1081,282941,155,30080,57,5360,214,35577,0,0,49849,74968.57,7174765,7139325,0
2021-05-03,18006,3970111,53021,2957144,2380,285321,268,30348,94,5454,364,35941,0,0,73773,75637.29,7248538,7212736,0
2021-05-04,22724,3992835,56643,3013787,2331,287652,275,30623,118,5572,394,36335,0,0,82093,76243,7330631,7294436,0
2021-05-05,21472,4014307,48755,3062542,2313,289965,318,30941,104,5676,423,36758,0,0,72964,74301.57,7403595,7366978,0
2021-05-06,20670,4034977,50177,3112719,2508,292473,283,31224,91,5767,378,37136,0,0,73733,72203.57,7477328,7440337,0
2021-05-07,21230,4056207,52105,3164824,2812,295285,320,31544,81,5848,402,37538,0,0,76549,71064.57,7553877,7516485,0
2021-05-08,16616,4072823,41866,3206690,1834,297119,238,31782,72,5920,310,37848,0,0,60626,69941,7614503,7576801,0
2021-05-09,7967,4080790,29405,3236095,1260,298379,156,31938,56,5976,212,38060,0,0,38844,68368.86,7653347,7615433,0
2021-05-10,14370,4095160,38524,3274619,2356,300735,252,32190,94,6070,350,38410,0,0,55601,65772.86,7708948,7670688,0
2021-05-11,19892,4115052,43058,3317677,2512,303247,295,32485,89,6159,389,38799,0,0,65852,63452.71,7774800,7736156,0
2021-05-12,17810,4132862,40534,3358211,3595,306842,244,32729,80,6239,324,39123,0,0,62263,61924,7837063,7798095,0
2021-05-13,24946,4157808,40426,3398637,3229,310071,274,33003,81,6320,357,39480,0,0,68959,61242,7906022,7866699,0
2021-05-14,27003,4184811,42943,3441580,3535,313606,278,33281,95,6415,375,39855,0,0,73856,60857.29,7979878,7940182,0
2021-05-15,23638,4208449,34920,3476500,3364,316970,262,33543,75,6490,338,40193,0,0,62260,61090.71,8042138,8002105,0
2021-05-16,15516,4223965,19459,3495959,2496,319466,123,33666,47,6537,171,40364,0,0,37642,60919,8079780,8039577,0
2021-05-17,22661,4246626,29139,3525098,3252,322718,191,33857,72,6609,263,40627,0,0,55315,60878.14,8135095,8094629,0
2021-05-18,24612,4271238,31901,3556999,3402,326120,250,34107,84,6693,334,40961,0,0,60249,60077.71,8195344,8154544,0
2021-05-19,24172,4295410,29728,3586727,3040,329160,235,34342,51,6744,287,41248,0,0,57227,59358.29,8252571,8211485,0
2021-05-20,24132,4319542,30104,3616831,3163,332323,275,34617,89,6833,369,41617,0,0,57768,57759.57,8310339,8268889,0
2021-05-21,24664,4344206,32003,3648834,3057,335380,253,34870,63,6896,319,41936,0,0,60043,55786.29,8370382,8328616,0
2021-05-22,20009,4364215,24374,3673208,2523,337903,169,35039,48,6944,218,42154,0,0,47124,53624,8417506,8375523,0
2021-05-23,11225,4375440,13732,3686940,1411,339314,96,35135,32,6976,130,42284,0,0,26498,52032,8444004,8401893,0
2021-05-24,18857,4394297,23166,3710106,2757,342071,221,35356,55,7031,279,42563,0,0,45059,50566.86,8489063,8446676,0
2021-05-25,19417,4413714,23384,3733490,2601,344672,179,35535,59,7090,238,42801,0,0,45640,48479.86,8534703,8492078,0
2021-05-26,18773,4432487,21090,3754580,2698,347370,205,35740,49,7139,256,43057,0,0,42817,46421.29,8577520,8534641,0
2021-05-27,18451,4450938,21283,3775863,2531,349901,184,35924,62,7201,247,43304,0,0,42512,44241.86,8620032,8576907,0
2021-05-28,17852,4468790,22877,3798740,2751,352652,192,36116,59,7260,252,43556,0,0,43732,41911.71,8663764,8620388,0
2021-05-29,12701,4481491,17817,3816557,1755,354407,106,36222,39,7299,146,43702,0,0,32419,39811,8696183,8652662,0
2021-05-30,7025,4488516,8951,3825508,1074,355481,49,36271,16,7315,65,43767,0,0,17115,38470.57,8713298,8669712,0
2021-05-31,4739,4493255,6923,3832431,1011,356492,65,36336,18,7333,83,43850,0,0,12756,33855.86,8726054,8682385,0
2021-06-01,16045,4509300,25188,3857619,2177,358669,159,36495,44,7377,207,44057,0,0,43617,33566.86,8769671,8725799,0
2021-06-02,15351,4524651,20401,3878020,2095,360764,141,36636,47,7424,188,44245,0,0,38035,32883.71,8807706,8763646,0
2021-06-03,14993,4539644,23824,3901844,2280,363044,134,36770,45,7469,181,44426,0,0,41278,32707.43,8848984,8804745,0
2021-06-04,14707,4554351,26005,3927849,2492,365536,151,36921,42,7511,194,44620,0,0,43399,32659.86,8892383,8847951,0
2021-06-05,10979,4565330,22105,3949954,1806,367342,115,37036,29,7540,145,44765,0,0,35035,33033.57,8927418,8882842,0
2021-06-06,6443,4571773,14485,3964439,1222,368564,91,37127,12,7552,104,44869,0,0,22254,33767.71,8949672,8904993,0
2021-06-07,11695,4583468,21781,3986220,2378,370942,146,37273,38,7590,187,45056,0,0,36041,37094.14,8985713,8940850,0
2021-06-08,12623,4596091,24019,4010239,2071,373013,128,37401,46,7636,175,45231,0,0,38888,36418.57,9024601,8979564,0
2021-06-09,11124,4607215,23025,4033264,2300,375313,141,37542,43,7679,186,45417,0,0,36635,36218.57,9061236,9016015,0
2021-06-10,12054,4619269,22234,4055498,2461,377774,147,37689,63,7742,210,45627,0,0,36960,35601.71,9098196,9052765,0
2021-06-11,12691,4631960,25130,4080628,2483,380257,161,37850,62,7804,224,45851,0,0,40528,35191.57,9138724,9093070,0
2021-06-12,10159,4642119,19318,4099946,1888,382145,97,37947,44,7848,143,45994,0,0,31508,34687.71,9170232,9124437,0
2021-06-13,4249,4646368,10939,4110885,1219,383364,42,37989,21,7869,63,46057,0,0,16472,33861.71,9186704,9140846,0
2021-06-14,10199,4656567,19241,4130126,2040,385404,136,38125,53,7922,189,46246,0,0,31669,33237.14,9218373,9172326,0
2021-06-15,11880,4668447,21016,4151142,1942,387346,132,38257,41,7963,175,46421,0,0,35014,32683.71,9253387,9207167,0
2021-06-16,11581,4680028,19402,4170544,1956,389302,152,38409,74,8037,226,46647,0,0,33165,32188,9286552,9240106,0
2021-06-17,11016,4691044,18760,4189304,1973,391275,132,38541,35,8072,169,46816,0,0,31918,31467.71,9318470,9271857,0
2021-06-18,12165,4703209,18494,4207798,2115,393390,121,38662,37,8109,159,46975,0,0,32934,30382.86,9351404,9304633,0
2021-06-19,8490,4711699,13517,4221315,1459,394849,90,38752,22,8131,112,47087,0,0,23578,29250,9374982,9328099,0
2021-06-20,4333,4716032,7160,4228475,924,395773,37,38789,16,8147,53,47140,0,0,12470,28678.29,9387452,9340516,0
2021-06-21,10152,4726184,10014,4238489,1806,397579,73,38862,28,8175,102,47242,0,0,22074,27307.57,9409526,9362489,0
2021-06-22,9828,4736012,15644,4254133,1588,399167,108,38970,29,8204,137,47379,0,0,27197,26190.86,9436723,9389549,0
2021-06-23,10304,4746316,15187,4269320,1862,401029,104,39074,31,8235,136,47515,0,0,27489,25380,9464212,9416903,0
2021-06-24,9678,4755994,14703,4284023,1798,402827,124,39198,27,8262,153,47668,0,0,26332,24582,9490544,9443084,0
2021-06-25,10583,4766577,14384,4298407,1720,404547,119,39317,38,8300,157,47825,0,0,26844,23712,9517388,9469771,0
2021-06-26,7798,4774375,10465,4308872,1249,405796,79,39396,23,8323,103,47928,0,0,19615,23145.86,9537003,9489284,0
2021-06-27,4997,4779372,6002,4314874,795,406591,34,39430,15,8338,50,47978,0,0,11844,23056.43,9548847,9501079,0
2021-06-28,9032,4788404,10348,4325222,1526,408117,110,39540,26,8364,137,48115,0,0,21043,22909.14,9569890,9521986,0
2021-06-29,9729,4798133,12332,4337554,1347,409464,126,39666,34,8398,161,48276,0,0,23569,22390.86,9593459,9545395,0
2021-06-30,9424,4807557,10933,4348487,1486,410950,151,39817,18,8416,172,48448,0,0,22015,21608.86,9615474,9567241,0
2021-07-01,9391,4816948,10927,4359414,1434,412384,132,39949,25,8441,159,48607,0,0,21911,20977.29,9637385,9588995,0
2021-07-02,9688,4826636,11457,4370871,1541,413925,119,40068,21,8462,140,48747,0,0,22827,20403.43,9660212,9611682,0
2021-07-03,7058,4833694,8423,4379294,1192,415117,79,40147,17,8479,96,48843,0,0,16769,19996.86,9676981,9628355,0
2021-07-04,1286,4834980,1335,4380629,567,415684,11,40158,3,8482,14,48857,0,0,3202,18762.29,9680183,9631543,0
2021-07-05,6491,4841471,7108,4387737,1207,416891,67,40225,22,8504,89,48946,0,0,14895,17884,9695078,9646349,0
2021-07-06,9507,4850978,12854,4400591,1315,418206,117,40342,38,8542,156,49102,0,0,23832,17921.57,9718910,9670026,0
2021-07-07,8661,4859639,11108,4411699,1418,419624,128,40470,21,8563,149,49251,0,0,21336,17824.57,9740246,9691213,0
2021-07-08,8216,4867855,10190,4421889,1258,420882,111,40581,23,8586,136,49387,0,0,19800,17523,9760046,9710879,0
2021-07-09,8369,4876224,10832,4432721,1280,422162,92,40673,20,8606,112,49499,0,0,20593,17203.86,9780639,9731360,0
2021-07-10,7098,4883322,8637,4441358,1131,423293,67,40740,20,8626,88,49587,0,0,16954,17230.29,9797593,9748227,0
2021-07-11,4104,4887426,4540,4445898,701,423994,38,40778,6,8632,44,49631,0,0,9389,18114.14,9806982,9757572,0
2021-07-12,8446,4895872,9563,4455461,1251,425245,85,40863,23,8655,108,49739,0,0,19368,18753.14,9826350,9776832,0
2021-07-13,9457,4905329,9393,4464854,952,426197,109,40972,36,8691,147,49886,0,0,19949,18198.43,9846299,9796636,0
2021-07-14,8991,4914320,9534,4474388,1010,427207,110,41082,22,8713,136,50022,0,0,19671,17960.57,9865970,9816175,0
2021-07-15,8791,4923111,9156,4483544,1052,428259,84,41166,20,8733,105,50127,0,0,19104,17861.14,9885074,9835175,0
2021-07-16,9247,4932358,9765,4493309,981,429240,103,41269,29,8762,132,50259,0,0,20125,17794.29,9905199,9855168,0
2021-07-17,6838,4939196,7389,4500698,803,430043,80,41349,21,8783,101,50360,0,0,15131,17533.86,9920330,9870198,0
2021-07-18,4253,4943449,4285,4504983,575,430618,36,41385,14,8797,50,50410,0,0,9163,17501.57,9929493,9879311,0
2021-07-19,9118,4952567,8487,4513470,999,431617,93,41478,22,8819,116,50526,0,0,18720,17409,9948213,9897916,0
2021-07-20,10639,4963206,8762,4522232,991,432608,96,41574,25,8844,122,50648,0,0,20514,17489.71,9968727,9918309,0
2021-07-21,10050,4973256,8775,4531007,904,433512,149,41723,33,8877,182,50830,0,0,19911,17524,9988638,9938038,0
2021-07-22,10686,4983942,8584,4539591,1046,434558,146,41869,27,8904,174,51004,0,0,20490,17722,10009128,9958355,0
2021-07-23,11246,4995188,8888,4548479,1114,435672,139,42008,23,8927,164,51168,0,0,21412,17905.86,10030540,9979605,0
2021-07-24,7400,5002588,6741,4555220,670,436342,82,42090,26,8953,109,51277,0,0,14920,17875.71,10045460,9994417,0
2021-07-25,5470,5008058,2130,4557350,509,436851,58,42148,4,8957,62,51339,0,0,8171,17734,10053631,10002526,0
2021-07-26,10865,5018923,7010,4564360,856,437707,112,42260,20,8977,132,51471,0,0,18863,17754.43,10072494,10021257,0
2021-07-27,12059,5030982,8574,4572934,856,438563,140,42400,41,9018,182,51653,0,0,21671,17919.71,10094165,10042747,0
2021-07-28,12005,5042987,8057,4580991,950,439513,137,42537,29,9047,167,51820,0,0,21179,18100.86,10115344,10063760,0
2021-07-29,10925,5053912,7437,4588428,983,440496,138,42675,41,9088,183,52003,0,0,19528,17963.43,10134872,10083109,0
2021-07-30,14946,5068858,8014,4596442,1151,441647,187,42862,32,9120,221,52224,0,0,24332,18380.57,10159204,10107222,0
2021-07-31,9718,5078576,6325,4602767,815,442462,122,42984,20,9140,143,52367,0,0,17001,18677.86,10176205,10124081,0
2021-08-01,6497,5085073,3313,4606080,564,443026,81,43065,22,9162,103,52470,0,0,10477,19007.29,10186682,10134455,0
2021-08-02,13448,5098521,7154,4613234,845,443871,150,43215,19,9181,169,52639,0,0,21616,19400.57,10208298,10155902,0
2021-08-03,15401,5113922,8393,4621627,1109,444980,145,43360,39,9220,185,52824,0,0,25088,19888.71,10233386,10180806,0
2021-08-04,17253,5131175,8136,4629763,1454,446434,183,43543,36,9256,219,53043,0,0,27062,20729.14,10260448,10207649,0
2021-08-05,17881,5149056,7934,4637697,1371,447805,162,43705,22,9278,184,53227,0,0,27370,21849.43,10287818,10234835,0
2021-08-06,18172,5167228,8421,4646118,1230,449035,171,43876,32,9310,203,53430,0,0,28026,22377.14,10315844,10262658,0
2021-08-07,13376,5180604,6019,4652137,800,449835,105,43981,29,9339,134,53564,0,0,20329,22852.57,10336173,10282853,0
2021-08-08,9309,5189913,3834,4655971,400,450235,84,44065,10,9349,94,53658,0,0,13637,23304,10349810,10296396,0
2021-08-09,21334,5211247,8529,4664500,965,451200,178,44243,34,9383,213,53871,0,0,31041,24650.43,10380851,10327225,0
2021-08-10,18945,5230192,9333,4673833,946,452146,180,44423,33,9416,214,54085,0,0,29438,25271.86,10410289,10356450,0
2021-08-11,15644,5245836,8312,4682145,853,452999,132,44555,46,9462,179,54264,0,0,24988,24975.57,10435277,10381260,0
2021-08-12,15048,5260884,8990,4691135,942,453941,179,44734,36,9498,217,54481,0,0,25197,24665.14,10460474,10406242,0
2021-08-13,14912,5275796,9295,4700430,919,454860,247,44981,38,9536,286,54767,0,0,25413,24291.86,10485887,10431370,0
2021-08-14,10392,5286188,6412,4706842,625,455485,537,45518,41,9577,581,55348,0,0,18010,23960.57,10503897,10448802,0
2021-08-15,6687,5292875,4484,4711326,676,456161,568,46086,33,9610,605,55953,0,0,12452,23791.29,10516349,10460653,0
2021-08-16,15697,5308572,9312,4720638,1149,457310,1330,47416,66,9676,1401,57354,0,0,27559,23293.86,10543908,10486816,0
2021-08-17,17755,5326327,10457,4731095,1229,458539,1778,49194,85,9761,1878,59232,0,0,31319,23562.57,10575227,10516272,0
2021-08-18,17478,5343805,10382,4741477,1262,459801,2003,51197,91,9852,2105,61337,0,0,31227,24453.86,10606454,10545405,0
2021-08-19,16283,5360088,9530,4751007,1315,461116,1962,53159,69,9921,2045,63382,0,0,29173,25021.86,10635627,10572547,0
2021-08-20,16261,5376349,11544,4762551,1252,462368,1869,55028,87,10008,1970,65352,0,0,31027,25823.86,10666654,10601618,0
2021-08-21,11141,5387490,8039,4770590,878,463246,1069,56097,53,10061,1129,66481,0,0,21187,26277.71,10687841,10621683,0
2021-08-22,4076,5391566,3902,4774492,261,463507,520,56617,33,10094,557,67038,0,0,8796,25755.43,10696637,10629926,0
2021-08-23,15570,5407136,11811,4786303,1022,464529,1553,58170,77,10171,1643,68681,0,0,30047,26110.86,10726684,10658343,0
2021-08-24,16907,5424043,12597,4798900,1007,465536,1777,59947,82,10253,1867,70548,0,0,32378,26262.14,10759062,10688862,0
2021-08-25,14560,5438603,12456,4811356,1112,466648,1572,61519,82,10335,1669,72217,0,0,29797,26057.86,10788859,10717005,0
2021-08-26,16143,5454746,14101,4825457,1070,467718,1781,63300,71,10406,1864,74081,0,0,33178,26630,10822037,10748331,0
2021-08-27,14869,5469615,14828,4840285,971,468689,1678,64978,76,10482,1762,75843,0,0,32430,26830.43,10854467,10779007,0
2021-08-28,10675,5480290,11523,4851808,835,469524,1022,66000,47,10529,1070,76913,0,0,24103,27247,10878570,10802041,0
2021-08-29,7209,5487499,7499,4859307,541,470065,782,66782,58,10587,849,77762,0,0,16098,28290.14,10894668,10817299,0
2021-08-30,15508,5503007,16933,4876240,1076,471141,1800,68582,94,10681,1902,79664,0,0,35419,29057.57,10930087,10850824,0
2021-08-31,15498,5518505,15962,4892202,952,472093,1983,70565,90,10771,2083,81747,0,0,34495,29360,10964582,10883246,0
2021-09-01,14823,5533328,14112,4906314,1020,473113,1815,72380,62,10833,1887,83634,0,0,31842,29652.14,10996424,10913211,0
2021-09-02,14307,5547635,12524,4918838,896,474009,1719,74099,65,10898,1800,85434,0,0,29527,29130.57,11025951,10940954,0
2021-09-03,14993,5562628,14315,4933153,974,474983,1903,76002,72,10970,1981,87415,0,0,32263,29106.71,11058214,10971242,0
2021-09-04,9641,5572269,9405,4942558,688,475671,981,76983,34,11004,1020,88435,0,0,20754,28628.29,11078968,10990981,0
2021-09-05,6790,5579059,5512,4948070,438,476109,720,77703,18,11022,739,89174,0,0,13479,28254.14,11092447,11003722,0
2021-09-06,5195,5584254,4511,4952581,358,476467,274,77977,11,11033,287,89461,0,0,10351,24673,11102798,11013788,0
2021-09-07,15559,5599813,17698,4970279,912,477379,1564,79541,95,11128,1667,91128,0,0,35836,24864.57,11138634,11047965,0
2021-09-08,16145,5615958,14830,4985109,1069,478448,1785,81326,84,11212,1880,93008,0,0,33924,25162,11172558,11080020,0
2021-09-09,16092,5632050,14759,4999868,1048,479496,1922,83248,78,11290,2011,95019,0,0,33910,25788.14,11206468,11111930,0
2021-09-10,18347,5650397,15403,5015271,1207,480703,1982,85230,82,11372,2071,97090,0,0,37028,26468.86,11243496,11146894,0
2021-09-11,12625,5663022,10351,5025622,958,481661,1035,86265,50,11422,1091,98181,0,0,25025,27079,11268521,11170834,0
2021-09-12,8532,5671554,5053,5030675,765,482426,694,86959,32,11454,727,98908,0,0,15077,27307.29,11283598,11185185,0
2021-09-13,16918,5688472,12968,5043643,976,483402,1662,88621,52,11506,1724,100632,0,0,32586,30483.71,11316184,11216057,0
2021-09-14,16259,5704731,13677,5057320,887,484289,1603,90224,57,11563,1672,102304,0,0,32495,30006.43,11348679,11246892,0
2021-09-15,15508,5720239,12899,5070219,727,485016,1575,91799,85,11648,1669,103973,0,0,30803,29560.57,11379482,11276035,0
2021-09-16,15327,5735566,13915,5084134,1209,486225,1473,93272,70,11718,1550,105523,0,0,32001,29287.86,11411483,11306493,0
2021-09-17,14424,5749990,13952,5098086,922,487147,1850,95122,60,11778,1912,107435,0,0,31210,28456.71,11442693,11335793,0
2021-09-18,9984,5759974,10189,5108275,913,488060,1055,96177,42,11820,1101,108536,0,0,22187,28051.29,11464880,11356883,0
2021-09-19,6168,5766142,6077,5114352,558,488618,749,96926,28,11848,782,109318,0,0,13585,27838.14,11478465,11369691,0
2021-09-20,12659,5778801,12634,5126986,1068,489686,1928,98854,62,11910,1999,111317,0,0,28361,27234.57,11506826,11396062,0
2021-09-21,12216,5791017,12771,5139757,1108,490794,2037,100891,82,11992,2135,113452,0,0,28230,26625.29,11535056,11422173,0
2021-09-22,12814,5803831,12010,5151767,1089,491883,1691,102582,69,12061,1766,115218,0,0,27679,26179,11562735,11448092,0
2021-09-23,14915,5818746,12769,5164536,1639,493522,2275,104857,76,12137,2358,117576,0,0,31681,26133.29,11594416,11477422,0
2021-09-24,16586,5835332,13366,5177902,1636,495158,4632,109489,127,12264,4777,122353,0,0,36365,26869.71,11630781,11509028,0
2021-09-25,10520,5845852,9034,5186936,1017,496175,3462,112951,84,12348,3562,125915,0,0,24133,27147.71,11654914,11529615,0
2021-09-26,6287,5852139,5768,5192704,773,496948,2424,115375,62,12410,2498,128413,0,0,15326,27396.43,11670240,11542455,0
2021-09-27,14126,5866265,8066,5200770,1155,498103,9087,124462,165,12575,9301,137714,0,0,32649,28009,11702889,11565852,0
2021-09-28,11100,5877365,11790,5212560,901,499004,9937,134399,183,12758,10159,147873,0,0,33950,28826.14,11736839,11589682,0
2021-09-29,11587,5888952,12196,5224756,1204,500208,9464,143863,176,12934,9674,157547,0,0,34661,29823.57,11771500,11614703,0
2021-09-30,12211,5901163,12611,5237367,1337,501545,9767,153630,184,13118,9985,167532,0,0,36144,30461.14,11807644,11640896,0
2021-10-01,12610,5913773,13431,5250798,1284,502829,10295,163925,157,13275,10490,178022,0,0,37815,30668.29,11845459,11668259,0
2021-10-02,7715,5921488,9983,5260781,865,503694,4249,168174,82,13357,4355,182377,0,0,22918,30494.71,11868377,11686846,0
2021-10-03,5054,5926542,6158,5266939,593,504287,2625,170799,60,13417,2695,185072,1,1,14501,30376.86,11882878,11698661,0
2021-10-04,9896,5936438,11018,5277957,914,505201,9540,180339,151,13568,9727,194799,0,1,31555,30220.57,11914433,11720525,0
2021-10-05,10131,5946569,11735,5289692,972,506173,9960,190299,181,13749,10185,204984,1,2,33024,30088.29,11947457,11743407,0
2021-10-06,9865,5956434,11051,5300743,937,507110,9955,200254,163,13912,10155,215139,0,2,32009,29709.43,11979466,11765298,0
2021-10-07,9591,5966025,12155,5312898,850,507960,10186,210440,180,14092,10400,225539,0,2,32996,29259.71,12012462,11787928,0
2021-10-08,9425,5975450,12182,5325080,940,508900,10927,221367,166,14258,11132,236671,0,2,33679,28668.86,12046141,11810514,0
2021-10-09,6224,5981674,8241,5333321,643,509543,4132,225499,91,14349,4240,240911,0,2,19348,28158.86,12065489,11825639,0
2021-10-10,3529,5985203,5028,5338349,458,510001,2439,227938,48,14397,2495,243406,0,2,11510,27731.57,12076999,11834662,0
2021-10-11,7587,5992790,9341,5347690,728,510729,8910,236848,166,14563,9100,252506,0,2,26756,27046,12103755,11852342,0
2021-10-12,8043,6000833,10998,5358688,891,511620,10538,247386,189,14752,10767,263273,0,2,30699,26713.86,12134454,11872314,0
2021-10-13,7125,6007958,10149,5368837,869,512489,8815,256201,184,14936,9029,272302,0,2,27172,26022.86,12161626,11890487,0
2021-10-14,7402,6015360,11118,5379955,837,513326,10135,266336,169,15105,10344,282646,0,2,29701,25552.14,12191327,11909884,0
2021-10-15,7702,6023062,11858,5391813,823,514149,10861,277197,177,15282,11071,293717,0,2,31454,25234.29,12222781,11930300,0
2021-10-16,4853,6027915,7466,5399279,665,514814,3854,281051,67,15349,3933,297650,0,2,16917,24887,12239698,11943296,0
2021-10-17,3047,6030962,4470,5403749,411,515225,2462,283513,45,15394,2514,300164,0,2,10442,24734.43,12250140,11951231,0
2021-10-18,7014,6037976,10672,5414421,797,516022,9501,293014,188,15582,9723,309887,0,2,28206,24941.57,12278346,11969748,0
2021-10-19,6545,6044521,8945,5423366,803,516825,9110,302124,181,15763,9332,319219,1,3,25626,24216.86,12303972,11986082,0
2021-10-20,6512,6051033,9373,5432739,975,517800,10005,312129,181,15944,10224,329443,2,5,27085,24204.43,12331057,12002979,0
2021-10-21,7001,6058034,9386,5442125,857,518657,10874,323003,159,16103,11068,340511,1,6,28313,24006.14,12359370,12020258,0
2021-10-22,8074,6066108,10346,5452471,1025,519682,16377,339380,229,16332,16660,357171,0,6,36105,24670.57,12395475,12039757,0
2021-10-23,5149,6071257,6452,5458923,690,520372,9141,348521,117,16449,9279,366450,0,6,21570,25335.29,12417045,12052069,0
2021-10-24,3246,6074503,3967,5462890,766,521138,6177,354698,82,16531,6285,372735,0,6,14264,25881.29,12431309,12060074,0
2021-10-25,8866,6083369,8747,5471637,1152,522290,19289,373987,306,16837,19666,392401,0,6,38431,27342,12469740,12078910,0
2021-10-26,8143,6091512,7724,5479361,1258,523548,17318,391305,284,17121,17672,410073,0,6,34797,28652.14,12504537,12096105,0
2021-10-27,10492,6102004,8392,5487753,1604,525152,20901,412206,334,17455,21306,431379,0,6,41794,30753.43,12546331,12116664,0
2021-10-28,11255,6113259,8029,5495782,1793,526945,20906,433112,330,17785,21305,452684,0,6,42382,32763.29,12588713,12137810,0
2021-10-29,11799,6125058,8227,5504009,1967,528912,22580,455692,356,18141,23008,475692,1,7,45003,34034.43,12633716,12159876,0
2021-10-30,4592,6129650,5062,5509071,932,529844,11206,466898,168,18309,11414,487106,0,7,22000,34095.86,12655716,12170502,0
2021-10-31,2643,6132293,2699,5511770,544,530388,6652,473550,107,18416,6782,493888,1,8,12668,33867.86,12668384,12176410,0
2021-11-01,7065,6139358,6952,5518722,1085,531473,20437,493987,341,18757,20838,514726,1,9,35941,33512.14,12704325,12191572,0
2021-11-02,6520,6145878,6587,5525309,1055,532528,20823,514810,282,19039,21183,535909,0,9,35346,33590.57,12739671,12205813,0
2021-11-03,6781,6152659,6676,5531985,1025,533553,20692,535502,315,19354,21083,556992,0,9,35567,32701,12775238,12220373,0
2021-11-04,9250,6161909,6275,5538260,995,534548,22430,557932,355,19709,22868,579860,0,9,39388,32273.29,12814626,12236976,0
2021-11-05,11013,6172922,6717,5544977,1049,535597,23813,581745,361,20070,24258,604118,0,9,43037,31992.43,12857663,12255839,0
2021-11-06,11136,6184058,4051,5549028,593,536190,12616,594361,179,20249,12832,616950,0,9,28612,32937,12886275,12271656,0
2021-11-07,7222,6191280,2287,5551315,577,536767,7126,601487,98,20347,7239,624189,0,9,17325,33602.29,12903600,12281757,0
2021-11-08,15015,6206295,5678,5556993,862,537629,19544,621031,290,20637,19902,644091,1,10,41458,34390.43,12945058,12303380,0
2021-11-09,16098,6222393,5384,5562377,658,538287,20566,641597,284,20921,20932,665023,0,10,43072,35494.14,12988130,12325602,0
2021-11-10,16858,6239251,5321,5567698,682,538969,22725,664322,295,21216,23090,688113,0,10,45951,36977.57,13034081,12348533,0
2021-11-11,12486,6251737,5186,5572884,760,539729,22164,686486,295,21511,22528,710641,0,10,40960,37202.14,13075041,12367034,0
2021-11-12,16818,6268555,5684,5578568,705,540434,23489,709975,360,21871,23927,734568,1,11,47135,37787.57,13122176,12390319,0
2021-11-13,9915,6278470,3660,5582228,464,540898,13369,723344,185,22056,13598,748166,0,11,27637,37648.29,13149813,12404402,0
2021-11-14,5977,6284447,2285,5584513,324,541222,7959,731303,82,22138,8062,756228,0,11,16648,37551.57,13166461,12413009,0
2021-11-15,13167,6297614,5974,5590487,688,541910,25183,756486,370,22508,25632,781860,0,11,45461,38123.43,13211922,12432917,0
2021-11-16,9872,6307486,5777,5596264,652,542562,30743,787229,446,22954,31267,813127,0,11,47570,38766,13259492,12449298,0
2021-11-17,10200,6317686,6668,5602932,680,543242,31524,818753,431,23385,32045,845172,0,11,49593,39286.29,13309085,12466936,0
2021-11-18,10629,6328315,6522,5609454,854,544096,33128,851881,472,23857,33697,878869,0,11,51702,40820.86,13360787,12485038,0
2021-11-19,11893,6340208,6549,5616003,707,544803,36374,888255,474,24331,36939,915808,0,11,56088,42099.86,13416875,12504278,0
2021-11-20,9276,6349484,3413,5619416,512,545315,22582,910837,263,24594,22897,938705,0,11,36098,43308.57,13452973,12517531,0
2021-11-21,4890,6354374,1887,5621303,288,545603,13252,924089,157,24751,13434,952139,1,12,20500,43858.86,13473473,12524621,0
2021-11-22,10317,6364691,5782,5627085,748,546351,36032,960121,453,25204,36577,988716,0,12,53424,44996.43,13526897,12541560,0
2021-11-23,9674,6374365,4780,5631865,632,546983,33622,993743,390,25594,34084,1022800,0,12,49171,45225.14,13576068,12556719,0
2021-11-24,8611,6382976,4747,5636612,648,547631,26004,1019747,292,25886,26367,1049167,1,13,40374,43908.14,13616442,12570796,0
2021-11-25,447,6383423,329,5636941,80,547711,1004,1020751,9,25895,1013,1050180,0,13,1869,36789.14,13618311,12571652,0
2021-11-26,7990,6391413,7005,5643946,528,548239,26654,1047405,312,26207,27024,1077204,0,13,42547,34854.71,13660858,12587233,0
2021-11-27,6635,6398048,6861,5650807,370,548609,18897,1066302,229,26436,19164,1096368,0,13,33031,34416.57,13693889,12601138,0
2021-11-28,4027,6402075,5791,5656598,279,548888,11946,1078248,123,26559,12089,1108457,0,13,22186,34657.43,13716075,12611255,0
2021-11-29,8994,6411069,11017,5667615,684,549572,35167,1113415,459,27018,35704,1144161,1,14,56400,35082.57,13772475,12632028,0
2021-11-30,10392,6421461,11446,5679061,510,550082,37891,1151306,507,27525,38511,1182672,0,14,60859,36752.29,13833334,12654489,0
2021-12-01,11056,6432517,10981,5690042,724,550806,40496,1191802,443,27968,41037,1223709,0,14,63800,40098.86,13897134,12677350,0
2021-12-02,11515,6444032,11055,5701097,625,551431,42349,1234151,475,28443,42922,1266631,0,14,66117,49277.14,13963251,12700643,0
2021-12-03,13342,6457374,12912,5714009,665,552096,48120,1282271,546,28989,48769,1315400,1,15,75689,54011.71,14038940,12727665,0
2021-12-04,9740,6467114,11322,5725331,564,552660,30774,1313045,314,29303,31142,1346542,0,15,52768,56831.29,14091708,12749345,0
2021-12-05,5691,6472805,5703,5731034,270,552930,16716,1329761,132,29435,16884,1363426,0,15,28549,57740.29,14120257,12761046,0
2021-12-06,12202,6485007,9991,5741025,599,553529,43394,1373155,470,29905,43956,1407382,0,15,66749,59218.71,14187006,12783931,0
2021-12-07,12474,6497481,9259,5750284,623,554152,43204,1416359,523,30428,43816,1451198,0,15,66172,59977.71,14253178,12806376,0
2021-12-08,13426,6510907,8780,5759064,555,554707,40925,1457284,496,30924,41503,1492701,0,15,64264,60044,14317442,12829219,0
2021-12-09,13369,6524276,8757,5767821,551,555258,40981,1498265,506,31430,41586,1534287,0,15,64264,59779.29,14381706,12851996,0
2021-12-10,13926,6538202,10161,5777982,666,555924,43822,1542087,543,31973,44453,1578740,0,15,69206,58853.14,14450912,12876837,0
2021-12-11,10194,6548396,8154,5786136,405,556329,26779,1568866,293,32266,27122,1605862,0,15,45876,57868.57,14496788,12895641,0
2021-12-12,5971,6554367,3857,5789993,287,556616,15208,1584074,137,32403,15370,1621232,0,15,25485,57430.86,14522273,12905781,0
2021-12-13,12099,6566466,7437,5797430,655,557271,38040,1622114,407,32810,38531,1659763,0,15,58722,56284.14,14580995,12926056,0
2021-12-14,12131,6578597,6948,5804378,730,558001,38293,1660407,451,33261,38812,1698575,0,15,58622,55205.57,14639617,12945934,0
2021-12-15,11978,6590575,6247,5810625,754,558755,38290,1698697,498,33759,38869,1737444,0,15,57849,54289.14,14697466,12964995,0
2021-12-16,13061,6603636,4265,5814890,737,559492,41256,1739953,472,34231,41802,1779246,0,15,59865,53660.71,14757331,12983132,0
2021-12-17,15823,6619459,6945,5821835,617,560109,46954,1786907,489,34720,47540,1826786,0,15,70925,53906.29,14828256,13006614,0
2021-12-18,12934,6632393,5733,5827568,432,560541,30712,1817619,281,35001,31050,1857836,1,16,50149,54516.71,14878405,13025769,0
2021-12-19,6957,6639350,2995,5830563,326,560867,18058,1835677,181,35182,18270,1876106,0,16,28548,54954.29,14906953,13036078,0
2021-12-20,16702,6656052,5856,5836419,745,561612,47657,1883334,585,35767,48323,1924429,0,16,71626,56797.71,14978579,13059462,0
2021-12-21,17829,6673881,6577,5842996,806,562418,49079,1932413,610,36377,49768,1974197,0,16,74981,59134.71,15053560,13084754,0
2021-12-22,18472,6692353,6555,5849551,938,563356,49846,1982259,549,36926,50474,2024671,1,17,76440,61790.57,15130000,13110798,0
2021-12-23,18929,6711282,6488,5856039,929,564285,46031,2028290,543,37469,46640,2071311,0,17,72986,63665,15202986,13137210,0
2021-12-24,9179,6720461,2958,5858997,598,564883,20660,2048950,213,37682,20908,2092219,0,17,33643,58339,15236629,13149980,0
2021-12-25,342,6720803,63,5859060,31,564914,427,2049377,8,37690,436,2092655,0,17,872,51299.43,15237501,13150417,0
2021-12-26,7913,6728716,3933,5862993,341,565255,17320,2066697,179,37869,17530,2110185,0,17,29717,51466.43,15267218,13162635,0
2021-12-27,21699,6750415,9212,5872205,934,566189,43574,2110271,572,38441,44219,2154404,0,17,76064,52100.43,15343282,13194553,0
2021-12-28,20048,6770463,8345,5880550,700,566889,47713,2157984,629,39070,48431,2202835,0,17,77524,52463.71,15420806,13223735,0
2021-12-29,18426,6788889,7674,5888224,606,567495,45701,2203685,497,39567,46273,2249108,0,17,72979,51969.29,15493785,13250516,0
2021-12-30,16809,6805698,7444,5895668,588,568083,44945,2248630,600,40167,45634,2294742,0,17,70476,51610.71,15564261,13275447,0
2021-12-31,5340,6811038,2819,5898487,193,568276,14800,2263430,189,40356,15011,2309753,0,17,23363,50142.14,15587624,13283821,0
2022-01-01,244,6811282,149,5898636,12,568288,504,2263934,36,40392,544,2310297,0,17,949,50153.14,15588573,13284230,0
2022-01-02,6402,6817684,5020,5903656,153,568441,11011,2274945,111,40503,11137,2321434,0,17,22712,49152.43,15611285,13295820,0
2022-01-03,14074,6831758,8527,5912183,515,568956,27036,2301981,350,40853,27430,2348864,2,19,50548,45507.29,15661833,13318980,0
2022-01-04,12767,6844525,8129,5920312,414,569370,27318,2329299,371,41224,27748,2376612,12,31,49067,41442,15710900,13340346,0
2022-01-05,11281,6855806,7034,5927346,386,569756,26040,2355339,316,41540,26400,2403012,0,31,45102,37459.57,15756002,13359092,0
2022-01-06,11305,6867111,7400,5934746,485,570241,27685,2383024,360,41900,28097,2431109,2,33,47288,34147,15803290,13378333,0
2022-01-07,10112,6877223,8458,5943204,339,570580,25247,2408271,332,42232,25613,2456722,0,33,44523,37169.86,15847813,13397277,0
2022-01-08,7640,6884863,8605,5951809,311,570891,19648,2427919,192,42424,19857,2476579,0,33,36414,42236.29,15884227,13413851,0
2022-01-09,4101,6888964,3844,5955653,214,571105,10084,2438003,98,42522,10193,2486772,1,34,18355,41613.86,15902582,13422023,0
2022-01-10,10131,6899095,8204,5963857,490,571595,24658,2462661,309,42831,25018,2511790,1,35,43843,40656,15946425,13440898,0
2022-01-11,8828,6907923,7990,5971847,522,572117,21086,2483747,298,43129,21428,2533218,0,35,38772,39185.29,15985197,13458286,0
2022-01-12,8887,6916810,8334,5980181,427,572544,22411,2506158,294,43423,22740,2555958,1,36,40390,38512.14,16025587,13475970,0
2022-01-13,8979,6925789,8872,5989053,451,572995,22966,2529124,340,43763,23344,2579302,1,37,41649,37706.57,16067236,13494312,0
2022-01-14,10053,6935842,8128,5997181,474,573469,26494,2555618,342,44105,26878,2606180,0,37,45533,37850.86,16112769,13513009,0
2022-01-15,6182,6942024,4320,6001501,180,573649,15174,2570792,185,44290,15382,2621562,0,37,26064,36372.29,16138833,13523714,0
2022-01-16,2887,6944911,3251,6004752,95,573744,7845,2578637,89,44379,7944,2629506,0,37,14178,35775.57,16153011,13529958,0
2022-01-17,6032,6950943,6760,6011512,363,574107,14727,2593364,224,44603,14969,2644475,0,37,28124,33530,16181135,13543131,0
2022-01-18,8107,6959050,10327,6021839,393,574500,19716,2613080,329,44932,20076,2664551,0,37,38903,33548.71,16220038,13561989,0
2022-01-19,7403,6966453,9266,6031105,303,574803,17763,2630843,285,45217,18080,2682631,1,38,35053,32786.29,16255091,13578993,0
2022-01-20,6220,6972673,8570,6039675,305,575108,15308,2646151,257,45474,15592,2698223,0,38,30688,31220.43,16285779,13594116,0
2022-01-21,7509,6980182,7524,6047199,276,575384,18553,2664704,294,45768,18872,2717095,1,39,34181,29598.71,16319960,13609449,0
2022-01-22,5172,6985354,4953,6052152,132,575516,11345,2676049,132,45900,11502,2728597,0,39,21759,28983.71,16341719,13619731,0
2022-01-23,2778,6988132,3337,6055489,97,575613,6252,2682301,78,45978,6338,2734935,0,39,12550,28751.14,16354269,13625951,0
2022-01-24,6320,6994452,8216,6063705,262,575875,15103,2697404,253,46231,15383,2750318,0,39,30182,29045.14,16384451,13640777,0
2022-01-25,6135,7000587,7959,6071664,230,576105,14742,2712146,294,46525,15070,2765388,0,39,29394,27686.71,16413845,13655135,0
2022-01-26,5708,7006295,7190,6078854,288,576393,14046,2726192,225,46750,14299,2779687,0,39,27485,26605.57,16441330,13668349,0
2022-01-27,5206,7011501,7099,6085953,320,576713,14124,2740316,241,46991,14404,2794091,0,39,27029,26082.86,16468359,13681013,0
2022-01-28,6209,7017710,7887,6093840,205,576918,16163,2756479,245,47236,16431,2810522,1,40,30733,25590.29,16499092,13695337,0
2022-01-29,834,7018544,729,6094569,28,576946,2544,2759023,40,47276,2587,2813109,0,40,4178,23078.71,16503270,13696931,0
2022-01-30,2071,7020615,3025,6097594,103,577049,4557,2763580,64,47340,4625,2817734,0,40,9824,22689.29,16513094,13702134,0
2022-01-31,4971,7025586,6598,6104192,219,577268,11415,2774995,206,47546,11636,2829370,0,40,23424,21723.86,16536518,13713937,0
2022-02-01,4796,7030382,6457,6110649,220,577488,10740,2785735,224,47770,10982,2840352,1,41,22456,20732.71,16558974,13725428,0
2022-02-02,4243,7034625,5939,6116588,212,577700,11261,2796996,243,48013,11522,2851874,0,41,21916,19937.14,16580890,13735840,0
2022-02-03,4200,7038825,5819,6122407,216,577916,11238,2808234,207,48220,11471,2863345,1,42,21707,19176.86,16602597,13746101,0
2022-02-04,4729,7043554,7121,6129528,214,578130,13251,2821485,241,48461,13517,2876862,0,42,25581,18440.86,16628178,13758190,0
2022-02-05,3554,7047108,6081,6135609,110,578240,8606,2830091,159,48620,8780,2885642,0,42,18525,20490.43,16646703,13767950,0
2022-02-06,2048,7049156,2138,6137747,120,578360,4652,2834743,105,48725,4761,2890403,0,42,9068,20382.43,16655771,13772261,0
2022-02-07,4118,7053274,4751,6142498,205,578565,10152,2844895,238,48963,10415,2900818,0,42,19489,19820.29,16675260,13781360,0
2022-02-08,4182,7057456,5608,6148106,214,578779,11355,2856250,315,49278,11695,2912513,0,42,21699,19712.14,16696959,13791389,0
2022-02-09,4105,7061561,5405,6153511,221,579000,11686,2867936,259,49537,11969,2924482,0,42,21700,19681.29,16718659,13801144,0
2022-02-10,3962,7065523,5129,6158640,243,579243,12214,2880150,294,49831,12538,2937020,0,42,21872,19704.86,16740531,13810508,0
2022-02-11,4489,7070012,5812,6164452,195,579438,13757,2893907,327,50158,14116,2951136,0,42,24612,19566.43,16765143,13821036,0
2022-02-12,3236,7073248,4353,6168805,97,579535,8826,2902733,219,50377,9056,2960192,0,42,16742,19311.71,16781885,13828733,0
2022-02-13,1510,7074758,1543,6170348,41,579576,4887,2907620,115,50492,5007,2965199,0,42,8101,19173.57,16789986,13831832,0
2022-02-14,2957,7077715,3634,6173982,167,579743,10589,2918209,332,50824,10948,2976147,1,43,17707,18919,16807693,13838617,0
2022-02-15,3515,7081230,4076,6178058,174,579917,12806,2931015,292,51116,13114,2989261,0,43,20879,18801.86,16828572,13846398,0
2022-02-16,3612,7084842,3913,6181971,199,580116,15769,2946784,299,51415,16103,3005364,0,43,23827,19105.71,16852399,13854157,0
2022-02-17,3986,7088828,4082,6186053,162,580278,18371,2965155,375,51790,18776,3024140,0,43,27006,19839.14,16879405,13862417,0
2022-02-18,4424,7093252,4792,6190845,190,580468,21564,2986719,469,52259,22056,3046196,1,44,31463,20817.86,16910868,13871846,0
2022-02-19,3232,7096484,2186,6193031,65,580533,11205,2997924,220,52479,11436,3057632,0,44,16919,20843.14,16927787,13877340,0
2022-02-20,1843,7098327,1446,6194477,59,580592,6599,3004523,115,52594,6721,3064353,0,44,10069,21124.29,16937856,13880695,0
2022-02-21,3070,7101397,2697,6197174,93,580685,8369,3012892,236,52830,8618,3072971,0,44,14478,20663,16952334,13886568,0
2022-02-22,4358,7105755,4266,6201440,174,580859,10852,3023744,258,53088,11127,3084098,0,44,19925,20526.71,16972259,13895383,0
2022-02-23,4230,7109985,3792,6205232,145,581004,10694,3034438,243,53331,10955,3095053,1,45,19123,19854.71,16991382,13903568,0
2022-02-24,3779,7113764,3663,6208895,108,581112,10203,3044641,242,53573,10463,3105516,1,46,18014,18570.14,17009396,13911136,0
2022-02-25,3585,7117349,3637,6212532,135,581247,9999,3054640,248,53821,10260,3115776,0,46,17617,16592.14,17027013,13918506,0
2022-02-26,2816,7120165,2591,6215123,74,581321,9528,3064168,161,53982,9697,3125473,0,46,15178,16343.43,17042191,13923995,0
2022-02-27,1761,7121926,1373,6216496,52,581373,6276,3070444,102,54084,6385,3131858,0,46,9571,16272.29,17051762,13927188,0
2022-02-28,3766,7125692,3138,6219634,140,581513,13157,3083601,258,54342,13439,3145297,0,46,20483,17130.14,17072245,13934256,0
2022-03-01,2114,7127806,2632,6222266,102,581615,5194,3088795,188,54530,5389,3150686,0,46,10237,15746.14,17082482,13939111,0
2022-03-02,1822,7129628,2449,6224715,107,581722,4149,3092944,211,54741,4371,3155057,0,46,8749,14264.14,17091231,13943500,0
2022-03-03,1928,7131556,2564,6227279,106,581828,3807,3096751,171,54912,3992,3159049,0,46,8590,12917.86,17099821,13948112,0
2022-03-04,2112,7133668,2884,6230163,66,581894,4337,3101088,212,55124,4561,3163610,0,46,9623,11775.86,17109444,13953186,0
2022-03-05,1608,7135276,2128,6232291,43,581937,3321,3104409,119,55243,3443,3167053,0,46,7222,10639.29,17116666,13956968,0
2022-03-06,793,7136069,881,6233172,30,581967,1627,3106036,54,55297,1685,3168738,0,46,3389,9756.14,17120055,13958676,0
2022-03-07,1658,7137727,1788,6234960,87,582054,3507,3109543,163,55460,3684,3172422,0,46,7217,7861,17127272,13962223,0
2022-03-08,1541,7139268,1898,6236858,80,582134,3130,3112673,154,55614,3296,3175718,0,46,6815,7372.14,17134087,13965754,0
2022-03-09,1260,7140528,1684,6238542,80,582214,2596,3115269,128,55742,2730,3178448,0,46,5754,6944.29,17139841,13968784,0
2022-03-10,1408,7141936,2098,6240640,85,582299,2974,3118243,165,55907,3148,3181596,0,46,6739,6679.86,17146580,13972384,0
2022-03-11,1595,7143531,2278,6242918,81,582380,3217,3121460,190,56097,3425,3185021,0,46,7379,6359.29,17153959,13976356,0
2022-03-12,875,7144406,1420,6244338,42,582422,2011,3123471,74,56171,2089,3187110,0,46,4426,5959.86,17158385,13978697,0
2022-03-13,624,7145030,757,6245095,28,582450,1292,3124763,49,56220,1344,3188454,0,46,2753,5869,17161138,13980109,0
2022-03-14,1358,7146388,1616,6246711,84,582534,3001,3127764,208,56428,3231,3191685,0,46,6289,5736.43,17167427,13983189,0
2022-03-15,1353,7147741,1924,6248635,63,582597,3072,3130836,237,56665,3316,3195001,0,46,6656,5713.71,17174083,13986536,0
2022-03-16,1395,7149136,2060,6250695,94,582691,3149,3133985,296,56961,3461,3198462,0,46,7010,5893.14,17181093,13990101,0
2022-03-17,1191,7150327,1808,6252503,70,582761,2765,3136750,268,57229,3047,3201509,0,46,6116,5804.14,17187209,13993184,0
2022-03-18,1577,7151904,2223,6254726,79,582840,3781,3140531,422,57651,4209,3205718,1,47,8089,5905.57,17195298,13997069,0
2022-03-19,1102,7153006,1736,6256462,54,582894,2607,3143138,231,57882,2843,3208561,0,47,5735,6092.57,17201033,13999966,0
2022-03-20,604,7153610,630,6257092,33,582927,1470,3144608,186,58068,1660,3210221,0,47,2927,6117.43,17203960,14001237,0
2022-03-21,1411,7155021,1560,6258652,73,583000,3063,3147671,361,58429,3446,3213667,1,48,6491,6146.29,17210451,14004303,0
2022-03-22,1340,7156361,1553,6260205,101,583101,2907,3150578,350,58779,3267,3216934,0,48,6261,6089.86,17216712,14007307,0
2022-03-23,1256,7157617,1360,6261565,66,583167,2924,3153502,375,59154,3309,3220243,0,48,5991,5944.29,17222703,14009999,0
2022-03-24,1207,7158824,1300,6262865,90,583257,2520,3156022,275,59429,2804,3223047,0,48,5401,5842.14,17228104,14012605,0
2022-03-25,1379,7160203,1638,6264503,62,583319,3269,3159291,386,59815,3668,3226715,0,48,6747,5650.43,17234851,14015697,0
2022-03-26,921,7161124,1169,6265672,36,583355,2311,3161602,254,60069,2573,3229288,0,48,4699,5502.43,17239550,14017831,0
2022-03-27,574,7161698,528,6266200,29,583384,1314,3162916,203,60272,1519,3230807,0,48,2650,5462.86,17242200,14018964,0
2022-03-28,1071,7162769,1170,6267370,69,583453,2445,3165361,366,60638,2828,3233635,0,48,5138,5269.57,17247338,14021291,0
2022-03-29,1044,7163813,1107,6268477,84,583537,2515,3167876,886,61524,3422,3237057,1,49,5657,5183.29,17252995,14023546,0
2022-03-30,1236,7165049,1139,6269616,99,583636,3065,3170941,3413,64937,6568,3243625,0,49,9042,5619.14,17262037,14026110,0
2022-03-31,1275,7166324,1251,6270867,58,583694,3162,3174103,5535,70472,8835,3252460,0,49,11420,6479,17273457,14028833,0
2022-04-01,1421,7167745,1488,6272355,77,583771,3244,3177347,6925,77397,10326,3262786,0,49,13312,7416.86,17286769,14031976,0
2022-04-02,904,7168649,911,6273266,33,583804,2085,3179432,4539,81936,6723,3269509,0,49,8571,7970,17295340,14033923,0
2022-04-03,553,7169202,491,6273757,28,583832,1220,3180652,3060,84996,4344,3273853,0,49,5416,8365.14,17300756,14035059,0
2022-04-04,1344,7170546,1299,6275056,62,583894,2724,3183376,7723,92719,10603,3284456,0,49,13308,9532.29,17314064,14037920,0
2022-04-05,1289,7171835,1153,6276209,66,583960,2844,3186220,7502,100221,10523,3294979,0,49,13031,10585.71,17327095,14040605,0
2022-04-06,1328,7173163,1174,6277383,61,584021,2628,3188848,6959,107180,9751,3304730,0,49,12314,11053.14,17339409,14043332,0
2022-04-07,1198,7174361,1061,6278444,57,584078,2378,3191226,6630,113810,9155,3313885,1,50,11472,11060.57,17350881,14045795,0
2022-04-08,1471,7175832,1411,6279855,61,584139,3169,3194395,8793,122603,12159,3326044,0,50,15102,11316.29,17365983,14048935,0
2022-04-09,907,7176739,925,6280780,29,584168,2082,3196477,4960,127563,7127,3333171,0,50,8988,11375.86,17374971,14050881,0
2022-04-10,573,7177312,459,6281239,25,584193,1169,3197646,2902,130465,4134,3337305,0,50,5191,11343.71,17380162,14052001,0
2022-04-11,1305,7178617,1224,6282463,61,584254,2652,3200298,7843,138308,10650,3347955,0,50,13240,11334,17393402,14054746,0
2022-04-12,1211,7179828,1054,6283517,73,584327,2515,3202813,7453,145761,10141,3358096,0,50,12479,11255.14,17405881,14057257,0
2022-04-13,1227,7181055,1073,6284590,60,584387,2512,3205325,7551,153312,10216,3368312,0,50,12576,11292.57,17418457,14059770,0
2022-04-14,1260,7182315,1095,6285685,58,584445,2442,3207767,6596,159908,9167,3377479,1,51,11581,11308.14,17430038,14062312,0
2022-04-15,1333,7183648,1093,6286778,53,584498,2553,3210320,6635,166543,9321,3386800,0,51,11800,10836.43,17441838,14064924,0
2022-04-16,853,7184501,651,6287429,34,584532,1641,3211961,3692,170235,5401,3392201,0,51,6939,10543.71,17448777,14066530,0
2022-04-17,345,7184846,201,6287630,27,584559,636,3212597,1159,171394,1819,3394020,0,51,2392,10143.86,17451169,14067127,0
2022-04-18,1378,7186224,1113,6288743,82,584641,2581,3215178,6418,177812,9142,3403162,0,51,11715,9926,17462884,14069843,0
2022-04-19,1406,7187630,933,6289676,71,584712,2571,3217749,5767,183579,8441,3411603,0,51,10851,9693.43,17473735,14072356,0
2022-04-20,1296,7188926,1150,6290826,66,584778,2712,3220461,6649,190228,9504,3421107,0,51,12016,9613.43,17485751,14075011,0
2022-04-21,1224,7190150,1062,6291888,53,584831,2339,3222800,5402,195630,7859,3428966,1,52,10199,9416,17495950,14077468,0
2022-04-22,1230,7191380,1038,6292926,46,584877,2241,3225041,5785,201415,8140,3437106,0,52,10454,9223.71,17506404,14079896,0
2022-04-23,711,7192091,751,6293677,59,584936,1427,3226468,3353,204768,4847,3441953,0,52,6368,9142.14,17512772,14081484,0
2022-04-24,445,7192536,344,6294021,27,584963,812,3227280,1845,206613,2690,3444643,0,52,3506,9301.29,17516278,14082333,0
2022-04-25,1037,7193573,916,6294937,64,585027,1849,3229129,5095,211708,7058,3451701,0,52,9076,8924.29,17525354,14084465,0
2022-04-26,947,7194520,856,6295793,76,585103,1748,3230877,4696,216404,6539,3458240,0,52,8418,8576.71,17533772,14086439,0
2022-04-27,1034,7195554,1020,6296813,80,585183,1924,3232801,5219,221623,7263,3465503,0,52,9397,8202.57,17543169,14088693,0
2022-04-28,1080,7196634,986,6297799,50,585233,2006,3234807,4748,226371,6868,3472371,1,53,8986,8029.29,17552155,14090924,0
2022-04-29,1172,7197806,1102,6298901,60,585293,2157,3236964,5438,231809,7712,3480083,0,53,10046,7971,17562201,14093375,0
2022-04-30,723,7198529,742,6299643,50,585343,1392,3238356,2967,234776,4407,3484490,0,53,5922,7907.29,17568123,14094938,0
2022-05-01,445,7198974,366,6300009,20,585363,766,3239122,1656,236432,2454,3486944,0,53,3285,7875.71,17571408,14095801,0
2022-05-02,1045,7200019,790,6300799,52,585415,1674,3240796,3820,240252,5565,3492509,2,55,7453,7643.86,17578861,14097758,0
2022-05-03,1117,7201136,864,6301663,61,585476,1993,3242789,4872,245124,6963,3499472,0,55,9005,7727.71,17587866,14099898,0
2022-05-04,1003,7202139,882,6302545,48,585524,1924,3244713,4681,249805,6698,3506170,0,55,8631,7618.29,17596497,14101924,0
2022-05-05,1070,7203209,952,6303497,86,585610,1928,3246641,4888,254693,6916,3513086,0,55,9024,7623.71,17605521,14104132,0
2022-05-06,1095,7204304,956,6304453,51,585661,1859,3248500,4402,259095,6339,3519425,2,57,8441,7394.43,17613962,14106310,0
2022-05-07,659,7204963,590,6305043,32,585693,1205,3249705,2434,261529,3680,3523105,1,58,4961,7257.14,17618923,14107631,0
2022-05-08,410,7205373,243,6305286,17,585710,665,3250370,1389,262918,2076,3525181,0,58,2746,7180.14,17621669,14108323,0
2022-05-09,1076,7206449,945,6306231,60,585770,1891,3252261,4437,267355,6423,3531604,0,58,8504,7330.29,17630173,14110499,0
2022-05-10,1093,7207542,928,6307159,54,585824,1978,3254239,4722,272077,6809,3538413,0,58,8884,7313,17639057,14112683,0
2022-05-11,1084,7208626,972,6308131,44,585868,1940,3256179,4846,276923,6888,3545301,0,58,8988,7364,17648045,14114885,0
2022-05-12,1099,7209725,950,6309081,60,585928,2001,3258180,4668,281591,6770,3552071,0,58,8879,7343.29,17656924,14117095,0
2022-05-13,1153,7210878,1039,6310120,44,585972,2074,3260254,4810,286401,6977,3559048,0,58,9213,7453.57,17666137,14119424,0
2022-05-14,827,7211705,671,6310791,31,586003,1468,3261722,2964,289365,4474,3563522,0,58,6003,7602.43,17672140,14120995,0
2022-05-15,508,7212213,355,6311146,22,586025,924,3262646,1650,291015,2600,3566122,0,58,3485,7708,17675625,14121906,0
2022-05-16,1223,7213436,855,6312001,62,586087,1831,3264477,3870,294885,5765,3571887,1,59,7906,7622.57,17683531,14124110,0
2022-05-17,1282,7214718,932,6312933,79,586166,2046,3266523,4900,299785,7040,3578927,1,60,9334,7686.86,17692865,14126497,0
2022-05-18,1233,7215951,898,6313831,82,586248,2064,3268587,4947,304732,7125,3586052,1,61,9339,7737,17702204,14128824,0
2022-05-19,1157,7217108,881,6314712,36,586284,2118,3270705,4733,309465,6937,3592989,0,61,9011,7755.86,17711215,14130984,0
2022-05-20,1196,7218304,960,6315672,73,586357,2370,3273075,5213,314678,7694,3600683,1,62,9926,7857.71,17721141,14133326,0
2022-05-21,831,7219135,647,6316319,23,586380,1726,3274801,3312,317990,5099,3605782,0,62,6600,7943,17727741,14134888,0
2022-05-22,506,7219641,292,6316611,22,586402,1136,3275937,1840,319830,3010,3608792,0,62,3830,7992.29,17731571,14135742,0
2022-05-23,1216,7220857,884,6317495,52,586454,2189,3278126,4713,324543,7004,3615796,1,63,9157,8171,17740728,14137996,0
2022-05-24,1403,7222260,934,6318429,66,586520,2306,3280432,4492,329035,6905,3622701,0,63,9309,8167.43,17750037,14140507,0
2022-05-25,1410,7223670,955,6319384,56,586576,2264,3282696,4276,333311,6641,3629342,0,63,9063,8128,17759100,14143030,0
2022-05-26,1166,7224836,890,6320274,60,586636,2274,3284970,4155,337466,6497,3635839,1,64,8615,8071.43,17767715,14145215,0
2022-05-27,1243,7226079,955,6321229,38,586674,2495,3287465,3925,341391,6499,3642338,0,64,8736,7901.43,17776451,14147531,0
2022-05-28,710,7226789,516,6321745,19,586693,1784,3289249,2069,343460,3893,3646231,0,64,5138,7692.57,17781589,14148816,0
2022-05-29,470,7227259,216,6321961,11,586704,760,3290009,1127,344587,1907,3648138,0,64,2604,7517.43,17784193,14149533,0
2022-05-30,91,7227350,62,6322023,6,586710,138,3290147,144,344731,284,3648422,2,66,445,6272.86,17784638,14149694,0
2022-05-31,1135,7228485,918,6322941,51,586761,1901,3292048,3054,347785,5016,3653438,0,66,7120,5960.14,17791758,14151859,0
2022-06-01,1152,7229637,850,6323791,63,586824,1969,3294017,3434,351219,5478,3658916,0,66,7543,5743,17799301,14153999,0
2022-06-02,1026,7230663,799,6324590,72,586896,1827,3295844,3178,354397,5067,3663983,0,66,6964,5507.14,17806265,14155958,0
2022-06-03,1155,7231818,894,6325484,47,586943,2072,3297916,3494,357891,5636,3669619,0,66,7732,5363.71,17813997,14158124,0
2022-06-04,721,7232539,584,6326068,26,586969,1559,3299475,1907,359798,3502,3673121,0,66,4835,5320.43,17818832,14159493,0
2022-06-05,447,7232986,297,6326365,1,586970,881,3300356,981,360779,1871,3674992,0,66,2616,5322.14,17821448,14160247,0
2022-06-06,1121,7234107,828,6327193,64,587034,1757,3302113,2747,363526,4555,3679547,0,66,6568,6196.86,17828016,14162311,0
2022-06-07,1016,7235123,773,6327966,70,587104,1797,3303910,2568,366094,4413,3683960,0,66,6273,6075.86,17834289,14164219,0
2022-06-08,1090,7236213,835,6328801,75,587179,1877,3305787,2753,368847,4693,3688653,1,67,6693,5954.43,17840982,14166281,0
2022-06-09,1138,7237351,839,6329640,62,587241,2230,3308017,2692,371539,4975,3693628,0,67,7014,5961.57,17847996,14168373,0
2022-06-10,1045,7238396,816,6330456,75,587316,1881,3309898,2834,374373,4772,3698400,0,67,6708,5815.29,17854704,14170366,0
2022-06-11,678,7239074,507,6330963,25,587341,1333,3311231,1505,375878,2865,3701265,0,67,4075,5706.71,17858779,14171603,0
2022-06-12,349,7239423,287,6331250,21,587362,876,3312107,775,376653,1662,3702927,0,67,2319,5664.29,17861098,14172271,0
2022-06-13,1027,7240450,768,6332018,62,587424,1582,3313689,2189,378842,3811,3706738,0,67,5669,5535.86,17866767,14174169,0
2022-06-14,973,7241423,833,6332851,64,587488,1693,3315382,2505,381347,4261,3710999,0,67,6131,5515.57,17872898,14176102,0
2022-06-15,969,7242392,865,6333716,39,587527,1666,3317048,2428,383775,4154,3715153,0,67,6027,5420.43,17878925,14178035,0
2022-06-16,960,7243352,776,6334492,59,587586,1835,3318883,2366,386141,4257,3719410,1,68,6052,5283,17884977,14179885,0
2022-06-17,898,7244250,797,6335289,48,587634,1772,3320655,2405,388546,4223,3723633,1,69,5968,5177.29,17890945,14181675,0
2022-06-18,659,7244909,522,6335811,26,587660,1284,3321939,1297,389843,2610,3726243,2,71,3817,5140.43,17894762,14182909,0
2022-06-19,346,7245255,231,6336042,16,587676,728,3322667,610,390453,1350,3727593,0,71,1943,5086.71,17896705,14183514,0
2022-06-20,828,7246083,489,6336531,41,587717,1581,3324248,1611,392064,3231,3730824,0,71,4589,4932.43,17901294,14184911,0
2022-06-21,1130,7247213,739,6337270,49,587766,1703,3325951,2142,394206,3902,3734726,0,71,5822,4888.29,17907116,14186888,0
2022-06-22,1957,7249170,836,6338106,46,587812,1711,3327662,1996,396202,3750,3738476,0,71,6589,4968.57,17913705,14189770,0
2022-06-23,2117,7251287,763,6338869,66,587878,1703,3329365,2158,398360,3913,3742389,0,71,6859,5083.86,17920564,14192768,0
2022-06-24,2168,7253455,761,6339630,48,587926,1625,3330990,2158,400518,3831,3746220,0,71,6808,5203.86,17927372,14195793,0
2022-06-25,2138,7255593,497,6340127,15,587941,1237,3332227,1143,401661,2396,3748616,0,71,5049,5379.86,17932421,14198462,0
2022-06-26,1209,7256802,248,6340375,14,587955,687,3332914,531,402192,1224,3749840,0,71,2695,5487.29,17935116,14199939,0
2022-06-27,1531,7258333,655,6341030,60,588015,1473,3334387,1654,403846,3168,3753008,0,71,5415,5605.29,17940531,14202227,0
2022-06-28,1687,7260020,829,6341859,57,588072,1866,3336253,2145,405991,4056,3757064,0,71,6629,5720.57,17947160,14204845,0
2022-06-29,1857,7261877,776,6342635,48,588120,1718,3337971,1927,407918,3686,3760750,0,71,6367,5688.86,17953527,14207567,0
2022-06-30,1866,7263743,807,6343442,46,588166,1735,3339706,2134,410052,3913,3764663,0,71,6632,5656.43,17960159,14210330,0
2022-07-01,1607,7265350,597,6344039,26,588192,1399,3341105,1729,411781,3161,3767824,0,71,5391,5454,17965550,14212593,0
2022-07-02,979,7266329,390,6344429,19,588211,841,3341946,940,412721,1799,3769623,1,72,3187,5188,17968737,14213998,0
2022-07-03,529,7266858,205,6344634,7,588218,461,3342407,486,413207,950,3770573,0,72,1691,5044.57,17970428,14214742,0
2022-07-04,36,7266894,25,6344659,1,588219,31,3342438,38,413245,69,3770642,0,72,131,4289.71,17970559,14214804,0
2022-07-05,1296,7268190,757,6345416,35,588254,1406,3343844,1739,414984,3176,3773818,0,72,5264,4094.71,17975823,14216923,0
2022-07-06,1612,7269802,677,6346093,44,588298,1443,3345287,1844,416828,3329,3777147,0,72,5662,3994,17981485,14219298,0
2022-07-07,1591,7271393,713,6346806,48,588346,1528,3346815,2001,418829,3568,3780715,0,72,5920,3892.29,17987405,14221689,0
2022-07-08,1634,7273027,651,6347457,37,588383,1475,3348290,1980,420809,3504,3784219,0,72,5827,3954.57,17993232,14224061,0
2022-07-09,985,7274012,435,6347892,26,588409,884,3349174,1347,422156,2262,3786481,0,72,3708,4029,17996940,14225538,0
2022-07-10,637,7274649,187,6348079,17,588426,430,3349604,659,422815,1099,3787580,0,72,1940,4064.57,17998880,14226389,0
2022-07-11,1395,7276044,634,6348713,49,588475,1446,3351050,2212,425027,3693,3791273,0,72,5771,4870.29,18004651,14228502,0
2022-07-12,1407,7277451,687,6349400,45,588520,1403,3352453,2515,427542,3993,3795266,0,72,6132,4994.29,18010783,14230716,0
2022-07-13,1614,7279065,725,6350125,37,588557,1525,3353978,2841,430383,4431,3799697,0,72,6807,5157.86,18017590,14233157,0
2022-07-14,1587,7280652,842,6350967,47,588604,1604,3355582,3065,433448,4747,3804444,0,72,7224,5344.14,18024814,14235712,0
2022-07-15,1615,7282267,937,6351904,47,588651,1578,3357160,3057,436505,4695,3809139,0,72,7294,5553.71,18032108,14238371,0
2022-07-16,881,7283148,587,6352491,9,588660,985,3358145,1701,438206,2716,3811855,1,73,4194,5623.14,18036302,14239878,0
2022-07-17,550,7283698,289,6352780,16,588676,527,3358672,1168,439374,1719,3813574,0,73,2574,5713.71,18038876,14240757,0
2022-07-18,1404,7285102,844,6353624,45,588721,1429,3360101,2465,441839,3951,3817525,0,73,6244,5781.29,18045120,14243107,0
2022-07-19,1439,7286541,976,6354600,51,588772,1542,3361643,2804,444643,4439,3821964,0,73,6905,5891.71,18052025,14245666,0
2022-07-20,1381,7287922,1485,6356085,50,588822,1353,3362996,2395,447038,3810,3825774,0,73,6727,5880.29,18058752,14248645,0
2022-07-21,1333,7289255,1436,6357521,50,588872,1397,3364393,2363,449401,3809,3829583,0,73,6628,5795.14,18065380,14251513,0
2022-07-22,1427,7290682,1569,6359090,42,588914,1563,3365956,2857,452258,4503,3834086,0,73,7541,5830.43,18072921,14254634,0
2022-07-23,907,7291589,1103,6360193,17,588931,998,3366954,1554,453812,2588,3836674,3,76,4618,5891,18077539,14256697,0
2022-07-24,483,7292072,642,6360835,14,588945,504,3367458,805,454617,1317,3837991,0,76,2457,5874.29,18079996,14257845,0
2022-07-25,1230,7293302,765,6361600,59,589004,1263,3368721,2064,456681,3381,3841372,0,76,5435,5758.71,18085431,14259953,0
2022-07-26,1234,7294536,1024,6362624,41,589045,1478,3370199,2444,459125,3980,3845352,0,76,6279,5669.29,18091710,14262310,0
2022-07-27,1318,7295854,1278,6363902,42,589087,1395,3371594,2191,461316,3648,3849000,3,79,6290,5606.86,18098000,14265011,0
2022-07-28,1312,7297166,1424,6365326,72,589159,1425,3373019,2217,463533,3692,3852692,1,80,6501,5588.71,18104501,14267869,0
2022-07-29,1318,7298484,1432,6366758,64,589223,1359,3374378,2161,465694,3563,3856255,0,80,6377,5422.43,18110878,14270726,0
2022-07-30,738,7299222,720,6367478,25,589248,795,3375173,961,466655,1778,3858033,0,80,3264,5229,18114142,14272234,0
2022-07-31,422,7299644,590,6368068,14,589262,488,3375661,571,467226,1065,3859098,0,80,2091,5176.71,18116233,14273266,0
2022-08-01,1245,7300889,913,6368981,55,589317,1334,3376995,1510,468736,2890,3861988,1,81,5104,5129.43,18121337,14275525,0
2022-08-02,1230,7302119,1014,6369995,73,589390,1350,3378345,1601,470337,2997,3864985,0,81,5314,4991.57,18126651,14277888,0
2022-08-03,1263,7303382,1190,6371185,41,589431,1344,3379689,1532,471869,2916,3867901,1,82,5411,4866,18132062,14280422,0
2022-08-04,1190,7304572,1188,6372373,58,589489,1288,3380977,1459,473328,2778,3870679,0,82,5214,4682.14,18137276,14282889,0
2022-08-05,1315,7305887,1452,6373825,49,589538,1316,3382293,1442,474770,2782,3873461,0,82,5598,4570.86,18142874,14285729,0
2022-08-06,696,7306583,844,6374669,14,589552,766,3383059,777,475547,1568,3875029,0,82,3123,4550.71,18145997,14287309,0
2022-08-07,390,7306973,454,6375123,14,589566,427,3383486,358,475905,796,3875825,0,82,1654,4488.29,18147651,14288178,0
2022-08-08,1193,7308166,934,6376057,70,589636,1278,3384764,1186,477091,2494,3878319,0,82,4691,4429.29,18152342,14290405,0
2022-08-09,1134,7309300,890,6376947,38,589674,1234,3385998,1163,478254,2429,3880748,1,83,4492,4311.86,18156834,14292499,0
2022-08-10,1222,7310522,1115,6378062,59,589733,1260,3387258,1248,479502,2543,3883291,0,83,4939,4244.43,18161773,14294930,0
2022-08-11,1279,7311801,1071,6379133,84,589817,1212,3388470,1279,480781,2530,3885821,0,83,4964,4208.71,18166737,14297403,0
2022-08-12,1293,7313094,1411,6380544,55,589872,1269,3389739,1249,482030,2550,3888371,0,83,5309,4167.43,18172046,14300194,0
2022-08-13,755,7313849,789,6381333,15,589887,764,3390503,633,482663,1416,3889787,0,83,2975,4146.29,18175021,14301772,0
2022-08-14,468,7314317,477,6381810,20,589907,406,3390909,282,482945,691,3890478,0,83,1656,4146.57,18176677,14302740,0
2022-08-15,1247,7315564,1066,6382876,60,589967,1318,3392227,991,483936,2350,3892828,1,84,4724,4151.29,18181401,14305154,0
2022-08-16,1305,7316869,869,6383745,50,590017,1370,3393597,1079,485015,2481,3895309,0,84,4706,4181.86,18186107,14307411,0
2022-08-17,1212,7318081,959,6384704,39,590056,1236,3394833,1005,486020,2280,3897589,1,85,4491,4117.86,18190598,14309660,0
2022-08-18,1168,7319249,944,6385648,45,590101,1269,3396102,949,486969,2243,3899832,0,85,4400,4037.29,18194998,14311842,0
2022-08-19,1254,7320503,1136,6386784,34,590135,1121,3397223,978,487947,2130,3901962,6,91,4560,3930.29,18199558,14314297,0
2022-08-20,591,7321094,493,6387277,16,590151,635,3397858,516,488463,1164,3903126,1,92,2265,3828.86,18201823,14315410,0
2022-08-21,358,7321452,243,6387520,9,590160,382,3398240,267,488730,652,3903778,0,92,1262,3772.57,18203085,14316023,0
2022-08-22,1221,7322673,923,6388443,40,590200,1238,3399478,889,489619,2154,3905932,0,92,4338,3717.43,18207423,14318234,0
2022-08-23,1238,7323911,1050,6389493,48,590248,1384,3400862,962,490581,2374,3908306,3,95,4713,3718.43,18212136,14320598,0
2022-08-24,1265,7325176,1015,6390508,29,590277,1296,3402158,821,491402,2143,3910449,0,95,4453,3713,18216589,14322934,0
2022-08-25,1222,7326398,995,6391503,66,590343,1192,3403350,813,492215,2021,3912470,4,99,4307,3699.71,18220896,14325232,0
2022-08-26,1187,7327585,1179,6392682,56,590399,1194,3404544,780,492995,1995,3914465,1,100,4417,3679.29,18225313,14327674,0
2022-08-27,695,7328280,542,6393224,14,590413,685,3405229,404,493399,1102,3915567,4,104,2357,3692.43,18227670,14328938,0
2022-08-28,378,7328658,240,6393464,10,590423,442,3405671,228,493627,673,3916240,0,104,1301,3698,18228971,14329569,0
2022-08-29,1253,7329911,982,6394446,41,590464,1230,3406901,689,494316,1940,3918180,0,104,4217,3680.71,18233188,14331867,0
2022-08-30,1267,7331178,942,6395388,36,590500,1273,3408174,766,495082,2070,3920250,2,106,4317,3624.14,18237505,14334143,0
2022-08-31,1154,7332332,1014,6396402,43,590543,1105,3409279,573,495655,1699,3921949,0,106,3911,3546.71,18241416,14336376,0
2022-09-01,1027,7333359,963,6397365,51,590594,810,3410089,456,496111,1280,3923229,5,111,3327,3406.71,18244743,14338432,0
2022-09-02,977,7334336,1021,6398386,32,590626,595,3410684,175,496286,777,3924006,92,203,2884,3187.71,18247627,14340454,0
2022-09-03,533,7334869,450,6398836,12,590638,370,3411054,50,496336,424,3924430,314,517,1684,3091.57,18249311,14341404,0
2022-09-04,252,7335121,212,6399048,10,590648,189,3411243,25,496361,216,3924646,312,829,959,3042.71,18250270,14341837,0
2022-09-05,78,7335199,71,6399119,7,590655,44,3411287,16,496377,61,3924707,9,838,226,2472.57,18250496,14341994,0
2022-09-06,1129,7336328,1228,6400347,51,590706,637,3411924,130,496507,776,3925483,1269,2107,4234,2460.71,18254730,14344192,0
2022-09-07,1474,7337802,1380,6401727,38,590744,485,3412409,156,496663,661,3926144,6446,8553,9121,3205,18263851,14346226,0
2022-09-08,1521,7339323,1196,6402923,36,590780,253,3412662,111,496774,380,3926524,7796,16349,9816,4132,18273667,14347882,0
2022-09-09,1549,7340872,1611,6404534,49,590829,285,3412947,122,496896,438,3926962,9889,26238,12372,5487.43,18286039,14349958,0
2022-09-10,844,7341716,838,6405372,12,590841,270,3413217,45,496941,328,3927290,5316,31554,6757,6212.14,18292796,14351084,0
2022-09-11,495,7342211,441,6405813,11,590852,86,3413303,30,496971,125,3927415,3942,35496,4530,6722.29,18297326,14351556,0
2022-09-12,1670,7343881,1437,6407250,39,590891,206,3413509,92,497063,332,3927747,11658,47154,13540,8624.29,18310866,14353140,0
2022-09-13,1398,7345279,1270,6408520,33,590924,221,3413730,118,497181,388,3928135,9734,56888,11738,9696.29,18322604,14354805,0
2022-09-14,1409,7346688,1271,6409791,32,590956,226,3413956,125,497306,390,3928525,11028,67916,13077,10261.43,18335681,14356503,0
2022-09-15,1560,7348248,1280,6411071,23,590979,227,3414183,109,497415,371,3928896,12084,80000,14107,10874.43,18349788,14358190,0
2022-09-16,1683,7349931,1629,6412700,27,591006,270,3414453,157,497572,482,3929378,13804,93804,16266,11430.71,18366054,14360225,0
2022-09-17,800,7350731,867,6413567,12,591018,275,3414728,78,497650,376,3929754,7003,100807,8412,11667.14,18374466,14361281,0
2022-09-18,519,7351250,410,6413977,7,591025,74,3414802,26,497676,113,3929867,4484,105291,4976,11730.86,18379442,14361673,0
2022-09-19,1549,7352799,1325,6415302,29,591054,227,3415029,98,497774,351,3930218,13811,119102,15515,12013,18394957,14363052,0
2022-09-20,1439,7354238,1250,6416552,27,591081,223,3415252,90,497864,360,3930578,13214,132316,15016,12481.29,18409973,14364541,0
2022-09-21,1665,7355903,1352,6417904,31,591112,261,3415513,131,497995,426,3931004,14942,147258,16851,13020.43,18426824,14366058,0
2022-09-22,1470,7357373,1259,6419163,28,591140,174,3415687,139,498134,358,3931362,13231,160489,15051,13155.29,18441875,14367565,0
2022-09-23,1735,7359108,1648,6420811,24,591164,252,3415939,145,498279,460,3931822,16946,177435,19249,13581.43,18461124,14369471,0
2022-09-24,799,7359907,887,6421698,8,591172,272,3416211,68,498347,359,3932181,7505,184940,8854,13644.57,18469978,14370480,0
2022-09-25,484,7360391,391,6422089,1,591173,72,3416283,47,498394,128,3932309,4508,189448,4995,13647.29,18474973,14370848,0
2022-09-26,1569,7361960,1244,6423333,16,591189,290,3416573,144,498538,492,3932801,15012,204460,16711,13818.14,18491684,14372113,0
2022-09-27,1531,7363491,1307,6424640,26,591215,283,3416856,173,498711,492,3933293,14157,218617,16149,13980,18507833,14373649,0
2022-09-28,1619,7365110,1297,6425937,18,591233,190,3417046,186,498897,430,3933723,15512,234129,17289,14042.57,18525122,14375050,0
2022-09-29,1678,7366788,1298,6427235,19,591252,179,3417225,96,498993,312,3934035,15376,249505,17224,14353,18542346,14376623,0
2022-09-30,1638,7368426,1553,6428788,13,591265,182,3417407,177,499170,405,3934440,16484,265989,18652,14267.71,18560998,14378432,0
2022-10-01,719,7369145,669,6429457,5,591270,138,3417545,34,499204,181,3934621,7053,273042,7942,14137.43,18568940,14379149,0
2022-10-02,511,7369656,427,6429884,5,591275,48,3417593,45,499249,107,3934728,4428,277470,4838,14115,18573778,14379466,0
2022-10-03,1550,7371206,1189,6431073,23,591298,156,3417749,113,499362,316,3935044,14572,292042,15976,14010,18589754,14380601,0
2022-10-04,1380,7372586,1158,6432231,15,591313,149,3417898,121,499483,298,3935342,13403,305445,14797,13816.86,18604551,14381725,0
2022-10-05,1590,7374176,1284,6433515,17,591330,283,3418181,164,499647,500,3935842,14866,320311,16691,13731.43,18621242,14383103,0
2022-10-06,1486,7375662,1250,6434765,19,591349,166,3418347,160,499807,385,3936227,14955,335266,16618,13644.86,18637860,14384440,0
2022-10-07,1662,7377324,1427,6436192,15,591364,171,3418518,135,499942,367,3936594,17110,352376,19071,13704.71,18656931,14386095,0
2022-10-08,762,7378086,680,6436872,4,591368,146,3418664,62,500004,225,3936819,7714,360090,8642,13804.71,18665573,14386815,0
2022-10-09,487,7378573,408,6437280,5,591373,47,3418711,55,500059,120,3936939,4693,364783,5118,13844.71,18670691,14387138,0
2022-10-10,1544,7380117,1251,6438531,14,591387,174,3418885,120,500179,333,3937272,15206,379989,16509,13920.86,18687200,14388147,0
2022-10-11,1637,7381754,1101,6439632,19,591406,178,3419063,154,500333,388,3937660,14321,394310,15855,14072,18703055,14389349,0
2022-10-12,1864,7383618,1321,6440953,17,591423,134,3419197,186,500519,387,3938047,16281,410591,17885,14242.57,18720940,14390633,0
2022-10-13,1614,7385232,1150,6442103,28,591451,135,3419332,201,500720,407,3938454,14039,424630,15576,14093.71,18736516,14391834,0
2022-10-14,1813,7387045,1539,6443642,25,591476,130,3419462,181,500901,364,3938818,17209,441839,19193,14111.14,18755709,14393507,0
2022-10-15,766,7387811,638,6444280,9,591485,90,3419552,68,500969,179,3938997,7615,449454,8472,14086.86,18764181,14394206,0
2022-10-16,564,7388375,410,6444690,3,591488,25,3419577,65,501034,121,3939118,4725,454179,5168,14094,18769349,14394559,0
2022-10-17,1814,7390189,1250,6445940,18,591506,83,3419660,116,501150,236,3939354,16073,470252,17394,14220.43,18786743,14395681,0
2022-10-18,1683,7391872,1170,6447110,20,591526,100,3419760,135,501285,282,3939636,14640,484892,16012,14242.86,18802755,14396818,0
2022-10-19,2085,7393957,1329,6448439,21,591547,84,3419844,142,501427,289,3939925,16232,501124,17704,14217,18820459,14398064,0
2022-10-20,1686,7395643,1166,6449605,11,591558,88,3419932,147,501574,302,3940227,15402,516526,16850,14399,18837309,14399277,0
2022-10-21,1803,7397446,1345,6450950,12,591570,92,3420024,150,501724,297,3940524,16737,533263,18406,14286.57,18855715,14400704,0
2022-10-22,742,7398188,668,6451618,9,591579,44,3420068,46,501770,100,3940624,7690,540953,8419,14279,18864134,14401343,0
2022-10-23,519,7398707,370,6451988,3,591582,21,3420089,39,501809,69,3940693,4803,545756,5080,14266.43,18869214,14401560,0
2022-10-24,1741,7400448,1207,6453195,19,591601,70,3420159,112,501921,224,3940917,15558,561314,16844,14187.86,18886058,14402664,0
2022-10-25,1660,7402108,1187,6454382,12,591613,94,3420253,109,502030,232,3941149,15043,576357,16347,14235.71,18902405,14403765,0
2022-10-26,1854,7403962,1330,6455712,11,591624,90,3420343,168,502198,334,3941483,16817,593174,18287,14319,18920692,14404977,0
2022-10-27,1581,7405543,1074,6456786,13,591637,91,3420434,128,502326,272,3941755,15116,608290,16415,14256.86,18937107,14406057,0
2022-10-28,1698,7407241,1424,6458210,17,591654,107,3420541,153,502479,319,3942074,16763,625053,18577,14281.29,18955684,14407611,0
2022-10-29,696,7407937,543,6458753,9,591663,69,3420610,57,502536,140,3942214,7746,632799,8416,14280.86,18964100,14408155,0
2022-10-30,521,7408458,305,6459058,3,591666,19,3420629,57,502593,92,3942306,4491,637290,4779,14237.86,18968879,14408367,0
2022-10-31,1675,7410133,1105,6460163,8,591674,47,3420676,126,502719,217,3942523,14593,651883,15539,14051.43,18984418,14409140,0
2022-11-01,1665,7411798,1020,6461183,18,591692,78,3420754,127,502846,237,3942760,13622,665505,14938,13850.14,18999356,14410251,0
2022-11-02,1735,7413533,1122,6462305,17,591709,90,3420844,123,502969,255,3943015,14875,680380,16146,13544.29,19015502,14411309,0
2022-11-03,1421,7414954,1032,6463337,14,591723,84,3420928,167,503136,328,3943343,12623,693003,13903,13185.43,19029405,14412338,0
2022-11-04,1739,7416693,1217,6464554,14,591737,101,3421029,140,503276,275,3943618,15433,708436,17032,12964.71,19046437,14413696,0
2022-11-05,824,7417517,529,6465083,6,591743,65,3421094,82,503358,161,3943779,7044,715480,7756,12870.43,19054193,14414261,0
2022-11-06,408,7417925,330,6465413,4,591747,20,3421114,49,503407,106,3943885,4072,719552,4412,12818,19058605,14414532,0
2022-11-07,1639,7419564,1068,6466481,14,591761,74,3421188,101,503508,212,3944097,13220,732772,14381,12652.57,19072986,14415518,0
2022-11-08,1531,7421095,1009,6467490,8,591769,97,3421285,132,503640,270,3944367,12065,744837,13329,12422.71,19086315,14416553,0
2022-11-09,1571,7422666,1057,6468547,9,591778,85,3421370,114,503754,246,3944613,12191,757028,13455,12038.29,19099770,14417618,0
2022-11-10,1485,7424151,1010,6469557,14,591792,73,3421443,147,503901,276,3944889,12350,769378,13626,11998.71,19113396,14418674,0
2022-11-11,1501,7425652,1076,6470633,11,591803,101,3421544,102,504003,224,3945113,12874,782252,14302,11608.71,19127698,14419899,0
2022-11-12,672,7426324,513,6471146,2,591805,57,3421601,61,504064,128,3945241,6430,788682,7049,11507.71,19134747,14420400,0
2022-11-13,496,7426820,340,6471486,4,591809,15,3421616,68,504132,98,3945339,3893,792575,4210,11478.86,19138957,14420634,0
2022-11-14,1443,7428263,1025,6472511,19,591828,59,3421675,114,504246,204,3945543,11629,804204,12743,11244.86,19151700,14421575,0
2022-11-15,1488,7429751,999,6473510,15,591843,103,3421778,164,504410,293,3945836,11272,815476,12651,11148,19164351,14422687,0
2022-11-16,1599,7431350,1034,6474544,21,591864,66,3421844,146,504556,248,3946084,11561,827037,12808,11055.57,19177159,14423722,0
2022-11-17,1420,7432770,975,6475519,10,591874,72,3421916,189,504745,302,3946386,10538,837575,11866,10804.14,19189025,14424789,0
2022-11-18,1583,7434353,1102,6476621,12,591886,68,3421984,118,504863,216,3946602,12405,849980,13996,10760.43,19203021,14426194,0
2022-11-19,677,7435030,436,6477057,4,591890,57,3422041,63,504926,129,3946731,5911,855891,6568,10691.71,19209589,14426731,0
2022-11-20,476,7435506,306,6477363,4,591894,12,3422053,35,504961,64,3946795,3538,859429,3838,10638.57,19213427,14426984,0
2022-11-21,1518,7437024,920,6478283,4,591898,51,3422104,81,505042,149,3946944,10395,869824,11371,10442.57,19224798,14427828,0
2022-11-22,1270,7438294,816,6479099,7,591905,53,3422157,92,505134,163,3947107,9264,879088,10289,10105.14,19235087,14428708,0
2022-11-23,1290,7439584,733,6479832,11,591916,65,3422222,80,505214,171,3947278,8668,887756,9608,9648,19244695,14429503,0
2022-11-24,18,7439602,10,6479842,2,591918,0,3422222,6,505220,8,3947286,112,887868,137,7972.43,19244832,14429522,0
2022-11-25,680,7440282,475,6480317,14,591932,37,3422259,55,505275,111,3947397,5683,893551,6420,6890.14,19251252,14430167,0
2022-11-26,591,7440873,378,6480695,2,591934,15,3422274,43,505318,62,3947459,4895,898446,5330,6713.29,19256582,14430544,0
2022-11-27,396,7441269,219,6480914,1,591935,11,3422285,23,505341,49,3947508,3170,901616,3351,6643.71,19259933,14430691,0
2022-11-28,949,7442218,698,6481612,10,591945,58,3422343,64,505405,143,3947651,6946,908562,7913,6149.71,19267846,14431536,0
2022-11-29,927,7443145,708,6482320,8,591953,46,3422389,73,505478,145,3947796,6930,915492,7968,5818.14,19275814,14432455,0
2022-11-30,1213,7444358,866,6483186,16,591969,50,3422439,54,505532,123,3947919,8725,924217,9733,5836,19285547,14433359,0
2022-12-01,1128,7445486,766,6483952,13,591982,61,3422500,96,505628,183,3948102,8467,932684,9536,7178.71,19295083,14434271,0
2022-12-02,1316,7446802,973,6484925,14,591996,70,3422570,105,505733,195,3948297,10211,942895,11539,7910,19306622,14435424,0
2022-12-03,615,7447417,422,6485347,12,592008,42,3422612,42,505775,87,3948384,4949,947844,5475,7930.71,19312097,14435866,0
2022-12-04,418,7447835,284,6485631,4,592012,7,3422619,26,505801,40,3948424,3269,951113,3496,7951.43,19315593,14436060,0
2022-12-05,1161,7448996,768,6486399,15,592027,62,3422681,71,505872,149,3948573,8603,959716,9613,8194.29,19325206,14436937,0
2022-12-06,1163,7450159,764,6487163,13,592040,69,3422750,89,505961,176,3948749,8127,967843,9126,8359.71,19334332,14437778,0
2022-12-07,1207,7451366,752,6487915,12,592052,62,3422812,81,506042,163,3948912,8296,976139,9314,8299.86,19343646,14438653,0
2022-12-08,1102,7452468,740,6488655,14,592066,69,3422881,77,506119,166,3949078,8670,984809,9700,8323.29,19353346,14439537,0
2022-12-09,1233,7453701,970,6489625,13,592079,81,3422962,103,506222,210,3949288,10404,995213,11770,8356.29,19365116,14440719,0
2022-12-10,678,7454379,461,6490086,7,592086,36,3422998,74,506296,128,3949416,6146,1001359,6714,8533.29,19371830,14441177,0
2022-12-11,432,7454811,263,6490349,4,592090,11,3423009,35,506331,56,3949472,3683,1005042,3885,8588.86,19375715,14441333,0
2022-12-12,1334,7456145,804,6491153,19,592109,78,3423087,105,506436,209,3949681,9969,1015011,11016,8789.29,19386731,14442197,0
2022-12-13,1276,7457421,845,6491998,17,592126,54,3423141,101,506537,190,3949871,9694,1024705,10751,9021.43,19397482,14443099,0
2022-12-14,1193,7458614,831,6492829,12,592138,67,3423208,99,506636,193,3950064,9633,1034338,10613,9207,19408095,14443913,0
2022-12-15,1191,7459805,696,6493525,11,592149,62,3423270,109,506745,186,3950250,8445,1042783,9415,9166.29,19417510,14444712,0
2022-12-16,1202,7461007,807,6494332,12,592161,69,3423339,126,506871,217,3950467,9359,1052142,10534,8989.71,19428044,14445692,0
2022-12-17,652,7461659,463,6494795,8,592169,31,3423370,36,506907,80,3950547,5831,1057973,6305,8931.29,19434349,14446099,0
2022-12-18,440,7462099,230,6495025,2,592171,15,3423385,23,506930,48,3950595,3402,1061375,3609,8891.86,19437958,14446268,0
2022-12-19,1223,7463322,776,6495801,7,592178,57,3423442,84,507014,155,3950750,8907,1070282,9841,8724,19447799,14447061,0
2022-12-20,1209,7464531,763,6496564,18,592196,83,3423525,138,507152,277,3951027,8585,1078867,9718,8576.43,19457517,14447973,0
2022-12-21,1092,7465623,695,6497259,16,592212,54,3423579,95,507247,180,3951207,8282,1087149,9159,8368.71,19466676,14448701,0
2022-12-22,990,7466613,589,6497848,4,592216,44,3423623,73,507320,134,3951341,6938,1094087,7671,8119.57,19474347,14449317,0
2022-12-23,831,7467444,505,6498353,11,592227,41,3423664,58,507378,112,3951453,5915,1100002,6521,7546.29,19480868,14449824,0
2022-12-24,191,7467635,112,6498465,1,592228,2,3423666,15,507393,20,3951473,1378,1101380,1497,6859.43,19482365,14449926,0
2022-12-25,5,7467640,3,6498468,0,592228,2,3423668,0,507393,2,3951475,29,1101409,34,6348.71,19482399,14449929,0
2022-12-26,573,7468213,269,6498737,16,592244,19,3423687,22,507415,44,3951519,3305,1104714,3616,5459.43,19486015,14450199,0
2022-12-27,1086,7469299,604,6499341,13,592257,55,3423742,60,507475,124,3951643,7232,1111946,8031,5218.43,19494046,14450883,0
2022-12-28,1062,7470361,560,6499901,8,592265,58,3423800,63,507538,131,3951774,6988,1118934,7782,5021.71,19501828,14451556,0
2022-12-29,1016,7471377,585,6500486,9,592274,50,3423850,90,507628,163,3951937,6592,1125526,7424,4986.43,19509252,14452248,0
2022-12-30,950,7472327,538,6501024,9,592283,49,3423899,50,507678,109,3952046,6134,1131660,6859,5034.71,19516111,14452874,0
2022-12-31,306,7472633,167,6501191,4,592287,16,3423915,10,507688,29,3952075,1812,1133472,1988,5104.86,19518099,14453024,0
2023-01-01,19,7472652,9,6501200,0,592287,3,3423918,5,507693,8,3952083,59,1133531,86,5112.29,19518185,14453043,0
2023-01-02,654,7473306,328,6501528,10,592297,14,3423932,24,507717,44,3952127,3653,1137184,4000,5167.14,19522185,14453352,0
2023-01-03,967,7474273,592,6502120,9,592306,41,3423973,58,507775,111,3952238,5477,1142661,6265,4914.86,19528450,14454041,0
2023-01-04,1106,7475379,676,6502796,17,592323,52,3424025,63,507838,133,3952371,6180,1148841,7060,4811.71,19535510,14454806,0
2023-01-05,1010,7476389,587,6503383,23,592346,35,3424060,89,507927,143,3952514,5765,1154606,6695,4707.57,19542205,14455612,0
2023-01-06,1049,7477438,781,6504164,17,592363,50,3424110,81,508008,142,3952656,6504,1161110,7555,4807,19549760,14456532,0
2023-01-07,604,7478042,429,6504593,8,592371,23,3424133,34,508042,63,3952719,4454,1165564,4914,5225,19554674,14456935,0
2023-01-08,376,7478418,246,6504839,4,592375,12,3424145,29,508071,45,3952764,2560,1168124,2770,5608.43,19557444,14457104,0
2023-01-09,955,7479373,583,6505422,17,592392,52,3424197,41,508112,102,3952866,5607,1173731,6450,5958.43,19563894,14457854,0
2023-01-10,855,7480228,644,6506066,8,592400,49,3424246,85,508197,151,3953017,5331,1179062,6240,5954.86,19570134,14458629,0
2023-01-11,876,7481104,553,6506619,21,592421,46,3424292,68,508265,137,3953154,5162,1184224,5975,5799.86,19576109,14459328,0
2023-01-12,777,7481881,496,6507115,24,592445,54,3424346,120,508385,197,3953351,4534,1188758,5479,5626.14,19581588,14460099,0
2023-01-13,799,7482680,555,6507670,11,592456,69,3424415,58,508443,143,3953494,5373,1194131,6262,5441.43,19587850,14460861,0
2023-01-14,512,7483192,281,6507951,10,592466,27,3424442,31,508474,60,3953554,3226,1197357,3631,5258.14,19591481,14461208,0
2023-01-15,286,7483478,151,6508102,6,592472,16,3424458,22,508496,53,3953607,1793,1199150,1997,5147.71,19593478,14461374,0
2023-01-16,500,7483978,308,6508410,11,592483,31,3424489,27,508523,63,3953670,2773,1201923,3209,4684.71,19596687,14461752,0
2023-01-17,802,7484780,476,6508886,19,592502,49,3424538,73,508596,135,3953805,3833,1205756,4699,4464.57,19601386,14462496,0
2023-01-18,799,7485579,479,6509365,16,592518,48,3424586,61,508657,116,3953921,3728,1209484,4535,4258.86,19605921,14463194,0
2023-01-19,657,7486236,430,6509795,6,592524,50,3424636,34,508691,103,3954024,3163,1212647,3908,4034.43,19609829,14463855,0
2023-01-20,706,7486942,488,6510283,23,592547,40,3424676,39,508730,86,3954110,3745,1216392,4528,3786.71,19614357,14464559,0
2023-01-21,371,7487313,195,6510478,12,592559,20,3424696,12,508742,33,3954143,1894,1218286,2204,3582.86,19616561,14464837,0
2023-01-22,226,7487539,63,6510541,5,592564,0,3424696,2,508744,3,3954146,863,1219149,969,3436,19617530,14464941,0
2023-01-23,642,7488181,333,6510874,12,592576,14,3424710,45,508789,66,3954212,2708,1221857,3372,3459.29,19620902,14465546,0
2023-01-24,578,7488759,392,6511266,17,592593,37,3424747,33,508822,83,3954295,3057,1224914,3708,3317.71,19624610,14466127,0
2023-01-25,602,7489361,362,6511628,21,592614,33,3424780,41,508863,86,3954381,2706,1227620,3381,3152.86,19627991,14466728,0
2023-01-26,558,7489919,352,6511980,18,592632,35,3424815,51,508914,102,3954483,2693,1230313,3355,3073.86,19631346,14467304,0
2023-01-27,562,7490481,437,6512417,11,592643,35,3424850,49,508963,91,3954574,2817,1233130,3554,2934.71,19634900,14467957,0
2023-01-28,359,7490840,187,6512604,5,592648,24,3424874,39,509002,70,3954644,1588,1234718,1926,2895,19636826,14468232,0
2023-01-29,237,7491077,118,6512722,3,592651,12,3424886,10,509012,26,3954670,992,1235710,1145,2920.14,19637971,14468363,0
2023-01-30,601,7491678,399,6513121,18,592669,40,3424926,37,509049,80,3954750,2505,1238215,3228,2899.57,19641199,14469009,0
2023-01-31,509,7492187,356,6513477,12,592681,29,3424955,48,509097,89,3954839,2439,1240654,3066,2807.86,19644265,14469559,0
2023-02-01,485,7492672,337,6513814,16,592697,40,3424995,44,509141,92,3954931,2322,1242976,2966,2748.57,19647231,14470119,0
2023-02-02,462,7493134,349,6514163,13,592710,34,3425029,35,509176,77,3955008,2156,1245132,2777,2666,19650008,14470671,0
2023-02-03,545,7493679,392,6514555,14,592724,27,3425056,35,509211,69,3955077,2360,1247492,3064,2596,19653072,14471313,0
2023-02-04,243,7493922,158,6514713,11,592735,14,3425070,16,509227,31,3955108,1141,1248633,1403,2521.29,19654475,14471545,0
2023-02-05,201,7494123,96,6514809,0,592735,2,3425072,15,509242,19,3955127,854,1249487,972,2496.57,19655447,14471646,0
2023-02-06,597,7494720,314,6515123,9,592744,28,3425100,27,509269,64,3955191,2253,1251740,2830,2439.71,19658277,14472168,0
2023-02-07,476,7495196,364,6515487,5,592749,28,3425128,35,509304,71,3955262,2334,1254074,2934,2420.86,19661211,14472705,0
2023-02-08,453,7495649,320,6515807,4,592753,27,3425155,37,509341,70,3955332,2315,1256389,2878,2408.29,19664089,14473204,0
2023-02-09,478,7496127,348,6516155,3,592756,38,3425193,46,509387,98,3955430,2054,1258443,2709,2398.57,19666798,14473775,0
2023-02-10,496,7496623,390,6516545,2,592758,30,3425223,34,509421,88,3955518,2273,1260716,2963,2384.14,19669761,14474401,0
2023-02-11,294,7496917,197,6516742,7,592765,22,3425245,25,509446,48,3955566,1343,1262059,1661,2421,19671422,14474672,0
2023-02-12,182,7497099,81,6516823,0,592765,6,3425251,0,509446,10,3955576,706,1262765,818,2399,19672240,14474778,0
2023-02-13,443,7497542,293,6517116,4,592769,21,3425272,26,509472,51,3955627,1758,1264523,2319,2326,19674559,14475292,0
2023-02-14,396,7497938,272,6517388,6,592775,29,3425301,22,509494,56,3955683,1689,1266212,2218,2223.71,19676777,14475770,0
2023-02-15,405,7498343,289,6517677,10,592785,24,3425325,28,509522,64,3955747,1745,1267957,2262,2135.71,19679039,14476235,0
2023-02-16,360,7498703,244,6517921,5,592790,27,3425352,19,509541,51,3955798,1630,1269587,2106,2049.57,19681145,14476665,0
2023-02-17,397,7499100,312,6518233,5,592795,24,3425376,32,509573,63,3955861,1696,1271283,2266,1950,19683411,14477179,0
2023-02-18,199,7499299,117,6518350,5,592800,13,3425389,4,509577,18,3955879,1003,1272286,1189,1882.57,19684600,14477348,0
2023-02-19,120,7499419,55,6518405,2,592802,6,3425395,6,509583,14,3955893,541,1272827,612,1853.14,19685212,14477407,0
2023-02-20,314,7499733,160,6518565,3,592805,10,3425405,17,509600,28,3955921,1159,1273986,1424,1725.29,19686636,14477645,0
2023-02-21,379,7500112,285,6518850,5,592810,25,3425430,34,509634,64,3955985,1534,1275520,2071,1704.29,19688707,14478123,0
2023-02-22,397,7500509,276,6519126,8,592818,39,3425469,26,509660,69,3956054,1639,1277159,2169,1691,19690876,14478588,0
2023-02-23,388,7500897,251,6519377,10,592828,26,3425495,31,509691,71,3956125,1478,1278637,2022,1679,19692898,14479075,0
2023-02-24,366,7501263,325,6519702,4,592832,30,3425525,26,509717,63,3956188,1737,1280374,2298,1683.57,19695196,14479580,0
2023-02-25,163,7501426,123,6519825,2,592834,9,3425534,13,509730,24,3956212,778,1281152,973,1652.71,19696169,14479753,0
2023-02-26,92,7501518,48,6519873,0,592834,8,3425542,5,509735,17,3956229,468,1281620,535,1641.71,19696704,14479807,0
2023-02-27,377,7501895,300,6520173,4,592838,31,3425573,20,509755,54,3956283,1490,1283110,2010,1725.43,19698714,14480276,0
2023-02-28,356,7502251,238,6520411,8,592846,30,3425603,27,509782,62,3956345,1332,1284442,1814,1688.71,19700528,14480701,0
2023-03-01,387,7502638,289,6520700,7,592853,25,3425628,20,509802,51,3956396,1444,1285886,1980,1661.71,19702508,14481192,0
2023-03-02,373,7503011,293,6520993,9,592862,20,3425648,23,509825,50,3956446,1329,1287215,1870,1640,19704378,14481690,0
2023-03-03,404,7503415,317,6521310,10,592872,26,3425674,25,509850,58,3956504,1599,1288814,2193,1625,19706571,14482233,0
2023-03-04,199,7503614,122,6521432,4,592876,10,3425684,16,509866,28,3956532,795,1289609,1028,1632.86,19707599,14482440,0
2023-03-05,125,7503739,60,6521492,2,592878,4,3425688,6,509872,14,3956546,464,1290073,558,1636.14,19708157,14482524,0
2023-03-06,402,7504141,264,6521756,12,592890,22,3425710,16,509888,41,3956587,1385,1291458,1888,1618.71,19710045,14482989,0
2023-03-07,362,7504503,244,6522000,5,592895,22,3425732,30,509918,61,3956648,1304,1292762,1769,1612.29,19711814,14483402,0
2023-03-08,370,7504873,245,6522245,3,592898,34,3425766,30,509948,68,3956716,1339,1294101,1835,1591.57,19713649,14483834,0
2023-03-09,360,7505233,242,6522487,4,592902,16,3425782,24,509972,46,3956762,1262,1295363,1747,1574,19715396,14484279,0
2023-03-10,301,7505534,282,6522769,3,592905,9,3425791,19,509991,36,3956798,1394,1296757,1847,1524.57,19717243,14484704,0
2023-03-11,188,7505722,88,6522857,3,592908,18,3425809,4,509995,23,3956821,687,1297444,872,1502.29,19718115,14484867,0
2023-03-12,109,7505831,47,6522904,1,592909,4,3425813,7,510002,17,3956838,435,1297879,517,1496.43,19718632,14484938,0
2023-03-13,332,7506163,200,6523104,7,592916,11,3425824,13,510015,25,3956863,1126,1299005,1519,1443.71,19720151,14485307,0
2023-03-14,283,7506446,181,6523285,5,592921,15,3425839,11,510026,32,3956895,1060,1300065,1412,1392.71,19721563,14485633,0
2023-03-15,329,7506775,269,6523554,3,592924,9,3425848,13,510039,23,3956918,1227,1301292,1676,1370,19723239,14486060,0
2023-03-16,302,7507077,238,6523792,9,592933,14,3425862,15,510054,35,3956953,1159,1302451,1580,1346.14,19724819,14486452,0
2023-03-17,327,7507404,264,6524056,5,592938,20,3425882,8,510062,29,3956982,1267,1303718,1698,1324.86,19726517,14486855,0
2023-03-18,158,7507562,100,6524156,2,592940,8,3425890,5,510067,14,3956996,668,1304386,832,1319.14,19727349,14487006,0
2023-03-19,114,7507676,56,6524212,1,592941,3,3425893,3,510070,9,3957005,365,1304751,450,1309.57,19727799,14487085,0
2023-03-20,340,7508016,211,6524423,7,592948,29,3425922,15,510085,45,3957050,1212,1305963,1608,1322.29,19729407,14487437,0
2023-03-21,341,7508357,191,6524614,7,592955,22,3425944,18,510103,42,3957092,1122,1307085,1529,1339,19730936,14487804,0
2023-03-22,316,7508673,226,6524840,6,592961,12,3425956,11,510114,25,3957117,1125,1308210,1524,1317.29,19732460,14488180,0
2023-03-23,269,7508942,203,6525043,1,592962,20,3425976,12,510126,35,3957152,1009,1309219,1400,1291.57,19733860,14488539,0
2023-03-24,312,7509254,255,6525298,8,592970,19,3425995,18,510144,40,3957192,1120,1310339,1582,1275,19735442,14488964,0
2023-03-25,129,7509383,117,6525415,1,592971,9,3426004,9,510153,18,3957210,587,1310926,735,1261.14,19736177,14489094,0
2023-03-26,80,7509463,41,6525456,2,592973,4,3426008,4,510157,9,3957219,351,1311277,410,1255.43,19736587,14489145,0
2023-03-27,284,7509747,232,6525688,3,592976,14,3426022,11,510168,26,3957245,1001,1312278,1397,1225.29,19737984,14489516,0
2023-03-28,282,7510029,181,6525869,10,592986,20,3426042,9,510177,32,3957277,1008,1313286,1362,1201.43,19739346,14489841,0
2023-03-29,298,7510327,187,6526056,5,592991,13,3426055,9,510186,22,3957299,1055,1314341,1414,1185.71,19740760,14490178,0
2023-03-30,258,7510585,183,6526239,2,592993,17,3426072,10,510196,31,3957330,959,1315300,1307,1172.43,19742067,14490499,0
2023-03-31,296,7510881,259,6526498,7,593000,22,3426094,20,510216,43,3957373,1015,1316315,1477,1157.43,19743544,14490919,0
2023-04-01,121,7511002,66,6526564,3,593003,8,3426102,5,510221,15,3957388,526,1316841,653,1145.71,19744197,14491033,0
2023-04-02,92,7511094,35,6526599,0,593003,6,3426108,3,510224,10,3957398,271,1317112,338,1135.43,19744535,14491091,0
2023-04-03,275,7511369,154,6526753,8,593011,19,3426127,15,510239,40,3957438,885,1317997,1202,1107.57,19745737,14491374,0
2023-04-04,283,7511652,187,6526940,3,593014,13,3426140,10,510249,26,3957464,862,1318859,1209,1085.71,19746946,14491698,0
2023-04-05,269,7511921,152,6527092,8,593022,17,3426157,7,510256,26,3957490,981,1319840,1273,1065.57,19748219,14491966,0
2023-04-06,341,7512262,157,6527249,9,593031,17,3426174,5,510261,22,3957512,951,1320791,1284,1062.29,19749503,14492277,0
2023-04-07,247,7512509,146,6527395,5,593036,12,3426186,8,510269,20,3957532,747,1321538,1043,1000.29,19750546,14492553,0
2023-04-08,173,7512682,104,6527499,1,593037,5,3426191,10,510279,16,3957548,553,1322091,690,1005.57,19751236,14492675,0
2023-04-09,68,7512750,23,6527522,0,593037,0,3426191,4,510283,4,3957552,203,1322294,245,992.29,19751481,14492713,0
2023-04-10,285,7513035,180,6527702,6,593043,19,3426210,9,510292,28,3957580,884,1323178,1211,993.57,19752692,14493012,0
2023-04-11,271,7513306,151,6527853,5,593048,15,3426225,9,510301,27,3957607,908,1324086,1209,993.57,19753901,14493289,0
2023-04-12,270,7513576,164,6528017,5,593053,15,3426240,8,510309,25,3957632,812,1324898,1148,975.71,19755049,14493602,0
2023-04-13,254,7513830,136,6528153,8,593061,12,3426252,7,510316,20,3957652,834,1325732,1142,955.43,19756191,14493891,0
2023-04-14,241,7514071,198,6528351,2,593063,6,3426258,10,510326,18,3957670,841,1326573,1167,973.14,19757358,14494201,0
2023-04-15,121,7514192,94,6528445,6,593069,3,3426261,7,510333,11,3957681,408,1326981,553,953.57,19757911,14494336,0
2023-04-16,75,7514267,31,6528476,0,593069,0,3426261,1,510334,1,3957682,263,1327244,304,962,19758215,14494376,0
2023-04-17,233,7514500,138,6528614,3,593072,7,3426268,3,510337,10,3957692,709,1327953,992,930.71,19759207,14494649,0
2023-04-18,212,7514712,129,6528743,6,593078,9,3426277,10,510347,20,3957712,733,1328686,961,895.29,19760168,14494858,0
2023-04-19,198,7514910,115,6528858,5,593083,6,3426283,9,510356,15,3957727,808,1329494,965,869.14,19761133,14495000,0
2023-04-20,230,7515140,143,6529001,2,593085,14,3426297,19,510375,35,3957762,909,1330403,1073,859.29,19762206,14495131,0
2023-04-21,231,7515371,148,6529149,6,593091,14,3426311,9,510384,25,3957787,1093,1331496,1216,866.29,19763422,14495231,0
2023-04-22,107,7515478,65,6529214,3,593094,9,3426320,4,510388,14,3957801,472,1331968,540,864.43,19763962,14495286,0
2023-04-23,73,7515551,47,6529261,1,593095,2,3426322,2,510390,5,3957806,281,1332249,310,865.29,19764272,14495311,0
2023-04-24,231,7515782,159,6529420,2,593097,11,3426333,7,510397,21,3957827,1007,1333256,1116,883,19765388,14495402,0
2023-04-25,243,7516025,146,6529566,6,593103,12,3426345,12,510409,27,3957854,1055,1334311,1159,911.29,19766547,14495482,0
2023-04-26,220,7516245,133,6529699,5,593108,6,3426351,5,510414,13,3957867,950,1335261,1018,918.86,19767565,14495539,0
2023-04-27,277,7516522,170,6529869,1,593109,11,3426362,18,510432,31,3957898,1064,1336325,1153,930.29,19768718,14495599,0
2023-04-28,250,7516772,189,6530058,2,593111,11,3426373,16,510448,32,3957930,1142,1337467,1235,933,19769953,14495665,0
2023-04-29,141,7516913,67,6530125,2,593113,4,3426377,6,510454,10,3957940,519,1337986,573,937.71,19770526,14495709,0
2023-04-30,97,7517010,29,6530154,1,593114,6,3426383,3,510457,10,3957950,307,1338293,327,940.14,19770853,14495720,0
2023-05-01,304,7517314,160,6530314,2,593116,9,3426392,9,510466,20,3957970,1076,1339369,1162,946.71,19772015,14495788,0
2023-05-02,250,7517564,145,6530459,3,593119,11,3426403,6,510472,19,3957989,1011,1340380,1066,933.43,19773081,14495826,0
2023-05-03,254,7517818,148,6530607,1,593120,13,3426416,10,510482,24,3958013,967,1341347,1042,936.86,19774123,14495878,0
2023-05-04,238,7518056,165,6530772,0,593120,12,3426428,8,510490,24,3958037,1053,1342400,1124,932.71,19775247,14495929,0
2023-05-05,304,7518360,160,6530932,1,593121,6,3426434,11,510501,18,3958055,1121,1343521,1171,923.57,19776418,14495962,0
2023-05-06,132,7518492,79,6531011,0,593121,13,3426447,8,510509,23,3958078,494,1344015,557,921.29,19776975,14496004,0
2023-05-07,77,7518569,36,6531047,0,593121,0,3426447,6,510515,7,3958085,296,1344311,311,919,19777286,14496013,0
2023-05-08,263,7518832,150,6531197,0,593121,8,3426455,10,510525,18,3958103,1003,1345314,1054,903.57,19778340,14496046,0
2023-05-09,251,7519083,129,6531326,0,593121,5,3426460,4,510529,13,3958116,990,1346304,1027,898,19779367,14496074,0
2023-05-10,242,7519325,129,6531455,1,593122,6,3426466,14,510543,21,3958137,1041,1347345,1099,906.14,19780466,14496112,0
2023-05-11,226,7519551,134,6531589,1,593123,11,3426477,23,510566,39,3958176,1036,1348381,1111,904.29,19781577,14496153,0
2023-05-12,166,7519717,133,6531722,1,593124,4,3426481,10,510576,17,3958193,876,1349257,912,867.29,19782489,14496175,0
2023-05-13,97,7519814,50,6531772,0,593124,1,3426482,5,510581,6,3958199,387,1349644,410,846.29,19782899,14496192,0
2023-05-14,59,7519873,23,6531795,0,593124,2,3426484,0,510581,3,3958202,193,1349837,203,830.86,19783102,14496200,0
2023-05-15,207,7520080,131,6531926,0,593124,4,3426488,9,510590,15,3958217,834,1350671,889,807.29,19783991,14496242,0
2023-05-16,251,7520331,110,6532036,0,593124,6,3426494,7,510597,14,3958231,800,1351471,848,781.71,19784839,14496277,0
2023-05-17,211,7520542,109,6532145,0,593124,4,3426498,5,510602,11,3958242,881,1352352,929,757.43,19785768,14496316,0
2023-05-18,218,7520760,106,6532251,0,593124,12,3426510,14,510616,29,3958271,755,1353107,815,715.14,19786583,14496350,0
2023-05-19,190,7520950,125,6532376,0,593124,9,3426519,10,510626,21,3958292,789,1353896,844,705.43,19787427,14496386,0
2023-05-20,125,7521075,44,6532420,0,593124,4,3426523,5,510631,10,3958302,350,1354246,394,703.14,19787821,14496421,0
2023-05-21,62,7521137,18,6532438,0,593124,2,3426525,1,510632,4,3958306,180,1354426,195,702,19788016,14496433,0
2023-05-22,219,7521356,99,6532537,0,593124,5,3426530,3,510635,8,3958314,791,1355217,819,692,19788835,14496453,0
2023-05-23,213,7521569,98,6532635,0,593124,12,3426542,6,510641,19,3958333,708,1355925,761,679.57,19789596,14496488,0
2023-05-24,213,7521782,128,6532763,2,593126,11,3426553,8,510649,22,3958355,811,1356736,862,670,19790458,14496520,0
2023-05-25,184,7521966,91,6532854,1,593127,4,3426557,6,510655,10,3958365,705,1357441,728,657.57,19791186,14496533,0
2023-05-26,177,7522143,140,6532994,0,593127,8,3426565,6,510661,15,3958380,739,1358180,785,649.14,19791971,14496565,0
2023-05-27,105,7522248,46,6533040,0,593127,5,3426570,6,510667,14,3958394,336,1358516,368,645.43,19792339,14496586,0
2023-05-28,52,7522300,15,6533055,1,593128,0,3426570,0,510667,0,3958394,186,1358702,191,644.86,19792530,14496591,0
2023-05-29,11,7522311,10,6533065,0,593128,1,3426571,0,510667,1,3958395,36,1358738,43,534,19792573,14496597,0
2023-05-30,216,7522527,111,6533176,0,593128,4,3426575,2,510669,7,3958402,790,1359528,816,541.86,19793389,14496617,0
2023-05-31,178,7522705,113,6533289,0,593128,8,3426583,2,510671,10,3958412,711,1360239,737,524,19794126,14496633,0
2023-06-01,176,7522881,89,6533378,1,593129,1,3426584,6,510677,7,3958419,677,1360916,695,519.29,19794821,14496644,0
2023-06-02,222,7523103,102,6533480,0,593129,7,3426591,2,510679,9,3958428,736,1361652,776,518,19795597,14496675,120000
2023-06-03,89,7523192,36,6533516,0,593129,2,3426593,0,510679,2,3958430,339,1361991,360,516.86,19795957,14496694,120000
2023-06-04,65,7523257,16,6533532,0,593129,2,3426595,3,510682,5,3958435,201,1362192,212,519.86,19796169,14496700,120000
2023-06-05,194,7523451,92,6533624,0,593129,4,3426599,4,510686,10,3958445,696,1362888,725,617.29,19796894,14496721,120000
2023-06-06,159,7523610,97,6533721,0,593129,8,3426607,3,510689,12,3958457,655,1363543,678,597.57,19797572,14496733,120000
2023-06-07,170,7523780,92,6533813,2,593131,6,3426613,7,510696,13,3958470,689,1364232,714,594.29,19798286,14496745,120000
2023-06-08,74,7523854,41,6533854,0,593131,3,3426616,9,510705,12,3958482,278,1364510,303,538.29,19798589,14496758,120000
