"DATE","ADMIN_DOSE1_DAILY","ADMIN_DOSE1_CUMULATIVE","ADMIN_DOSE2_DAILY","ADMIN_DOSE2_CUMULATIVE","ADMIN_SINGLE_DAILY","ADMIN_SINGLE_CUMULATIVE","ADMIN_ADDITIONAL1_DAILY","ADMIN_ADDITIONAL1_CUMULATIVE","ADMIN_ADDITIONAL2_DAILY","ADMIN_ADDITIONAL2_CUMULATIVE","ADMIN_ADDITIONAL_DAILY","ADMIN_ADDITIONAL_CUMULATIVE","ADMIN_BIVALENT_ADDITIONAL_DAILY","ADMIN_BIVALENT_ADDITIONAL_CUMULATIVE","ADMIN_ALLDOSES_DAILY","ADMIN_ALLDOSES_7DAYAVG","ADMIN_ALLDOSES_CUMULATIVE","ADMIN_ALLDOSES_PRIMARY","INCOMPLETE"
2020-12-14,79,79,0,0,2,2,0,0,0,0,0,0,0,0,81,,81,81,0
2020-12-15,2052,2131,7,7,5,7,0,0,0,0,0,0,0,0,2064,,2145,2145,0
2020-12-16,4604,6735,17,24,4,11,1,1,0,0,1,1,0,0,4626,,6771,6770,0
2020-12-17,4661,11396,18,42,2,13,1,2,0,0,1,2,0,0,4682,,11453,11451,0
2020-12-18,5835,17231,19,61,2,15,2,4,0,0,2,4,0,0,5858,,17311,17307,0
2020-12-19,1688,18919,9,70,3,18,0,4,0,0,0,4,0,0,1700,,19011,19007,0
2020-12-20,1117,20036,2,72,1,19,0,4,0,0,0,4,0,0,1120,2875.86,20131,20127,0
2020-12-21,6389,26425,25,97,0,19,4,8,0,0,4,8,0,0,6418,3781.14,26549,26541,0
2020-12-22,9765,36190,28,125,2,21,1,9,0,0,1,9,0,0,9796,4885.71,36345,36336,0
2020-12-23,14276,50466,37,162,3,24,0,9,0,0,0,9,0,0,14316,6270,50661,50652,0
2020-12-24,7170,57636,28,190,1,25,0,9,0,0,0,9,0,0,7199,6629.57,57860,57851,0
2020-12-25,180,57816,0,190,0,25,1,10,0,0,1,10,0,0,181,5818.57,58041,58031,0
2020-12-26,4391,62207,47,237,0,25,1,11,0,0,1,11,0,0,4439,6209.86,62480,62469,0
2020-12-27,3869,66076,15,252,0,25,1,12,0,0,1,12,0,0,3885,6604.86,66365,66353,0
2020-12-28,10991,77067,52,304,1,26,3,15,0,0,3,15,0,0,11047,7266.14,77412,77397,0
2020-12-29,10712,87779,37,341,2,28,3,18,0,0,3,18,0,0,10754,7403,88166,88148,0
2020-12-30,12822,100601,44,385,0,28,0,18,0,0,0,18,0,0,12866,7195.86,101032,101014,0
2020-12-31,7259,107860,37,422,1,29,0,18,0,0,0,18,0,0,7297,7209.86,108329,108311,0
2021-01-01,178,108038,2,424,1,30,3,21,0,0,3,21,0,0,184,7210.29,108513,108492,0
2021-01-02,3809,111847,10,434,3,33,2,23,0,0,2,23,0,0,3824,7122.43,112337,112314,0
2021-01-03,3542,115389,24,458,2,35,1,24,0,0,1,24,0,0,3569,7077.29,115906,115882,0
2021-01-04,12251,127640,810,1268,2,37,7,31,0,0,7,31,0,0,13070,7366.29,128976,128945,0
2021-01-05,14088,141728,2197,3465,2,39,14,45,1,1,15,46,0,0,16302,8158.86,145278,145232,0
2021-01-06,17795,159523,3929,7394,1,40,32,77,8,9,40,86,0,0,21765,9430.14,167043,166957,0
2021-01-07,16539,176062,5184,12578,4,44,46,123,3,12,49,135,0,0,21776,11498.57,188819,188684,0
2021-01-08,16610,192672,5462,18040,0,44,37,160,4,16,41,176,0,0,22113,14631.29,210932,210756,0
2021-01-09,7649,200321,1465,19505,1,45,7,167,2,18,9,185,0,0,9124,15388.43,220056,219871,0
2021-01-10,7879,208200,978,20483,0,45,14,181,0,18,14,199,0,0,8871,16145.86,228927,228728,0
2021-01-11,25807,234007,7460,27943,2,47,60,241,6,24,66,265,0,0,33335,19040.86,262262,261997,0
2021-01-12,28240,262247,7868,35811,1,48,46,287,4,28,50,315,0,0,36159,21877.57,298421,298106,0
2021-01-13,31700,293947,9423,45234,1,49,59,346,5,33,64,379,0,0,41188,24652.29,339609,339230,0
2021-01-14,35797,329744,5304,50538,1,50,33,379,7,40,40,419,0,0,41142,27418.86,380751,380332,0
2021-01-15,29248,358992,3714,54252,2,52,33,412,6,46,39,458,0,0,33003,28974.57,413754,413296,0
2021-01-16,30257,389249,2398,56650,0,52,25,437,6,52,31,489,0,0,32686,32340.57,446440,445951,0
2021-01-17,23725,412974,1646,58296,0,52,20,457,1,53,21,510,0,0,25392,34700.71,471832,471322,0
2021-01-18,27082,440056,2425,60721,0,52,37,494,7,60,44,554,0,0,29552,34160.29,501384,500830,0
2021-01-19,34269,474325,9643,70364,1,53,72,566,7,67,79,633,0,0,43992,35279.29,545376,544743,0
2021-01-20,34848,509173,9504,79868,1,54,62,628,3,70,65,698,0,0,44418,35740.71,589794,589096,0
2021-01-21,25575,534748,8097,87965,2,56,55,683,5,75,60,758,0,0,33734,34682.43,623528,622770,0
2021-01-22,24742,559490,4386,92351,1,57,31,714,7,82,38,796,0,0,29167,34134.43,652695,651899,0
2021-01-23,15734,575224,3225,95576,0,57,12,726,2,84,14,810,0,0,18973,32175.43,671668,670858,0
2021-01-24,7169,582393,3459,99035,0,57,19,745,1,85,20,830,0,0,10648,30069.14,682316,681486,0
2021-01-25,13391,595784,11835,110870,0,57,68,813,13,98,81,911,0,0,25307,29462.71,707623,706712,0
2021-01-26,16745,612529,10764,121634,0,57,70,883,3,101,74,985,0,0,27583,27118.57,735206,734222,0
2021-01-27,20818,633347,12357,133991,0,57,54,937,9,110,63,1048,0,0,33240,25521.71,768446,767399,0
2021-01-28,30729,664076,12860,146851,0,57,83,1020,16,126,99,1147,0,0,43691,26944.14,812137,810991,0
2021-01-29,31669,695745,11512,158363,0,57,84,1104,11,137,95,1242,0,0,43276,28959.71,855413,854172,0
2021-01-30,18706,714451,3743,162106,0,57,23,1127,2,139,26,1268,0,0,22475,29460,877888,876622,0
2021-01-31,13006,727457,2930,165036,1,58,28,1155,5,144,33,1301,0,0,15970,30220.29,893858,892559,0
2021-02-01,1180,728637,5401,170437,4,62,36,1191,4,148,40,1341,0,0,6625,27551.43,900483,899144,0
2021-02-02,2823,731460,9442,179879,2,64,54,1245,3,151,57,1398,0,0,12324,25371.57,912807,911411,0
2021-02-03,16343,747803,21234,201113,4,68,214,1459,22,173,236,1634,0,0,37817,26025.43,950624,948992,0
2021-02-04,27033,774836,19654,220767,3,71,210,1669,11,184,221,1855,0,0,46911,26485.43,997535,995682,0
2021-02-05,27577,802413,20029,240796,0,71,196,1865,16,200,213,2068,0,0,47819,27134.43,1045354,1043289,0
2021-02-06,22975,825388,11249,252045,0,71,118,1983,12,212,130,2198,0,0,34354,28831.43,1079708,1077513,0
2021-02-07,12029,837417,8286,260331,1,72,97,2080,12,224,110,2308,0,0,20426,29468,1100134,1097830,0
2021-02-08,16936,854353,23525,283856,2,74,241,2321,36,260,278,2586,0,0,40741,34341.71,1140875,1138294,0
2021-02-09,17183,871536,28092,311948,2,76,356,2677,42,302,401,2987,0,0,45678,39106.57,1186553,1183574,0
2021-02-10,19579,891115,29304,341252,2,78,271,2948,53,355,327,3314,0,0,49213,40734.57,1235766,1232463,0
2021-02-11,27826,918941,33461,374713,2,80,354,3302,58,413,412,3726,0,0,61703,42847.71,1297469,1293754,0
2021-02-12,38348,957289,30812,405525,3,83,364,3666,41,454,406,4132,0,0,69569,45954.86,1367038,1362918,0
2021-02-13,27980,985269,25319,430844,2,85,313,3979,58,512,372,4504,0,0,53674,48714.86,1420712,1416221,0
2021-02-14,16257,1001526,23721,454565,0,85,281,4260,36,548,317,4821,0,0,40295,51553.29,1461007,1456199,0
2021-02-15,12789,1014315,10527,465092,2,87,179,4439,24,572,204,5025,0,0,23522,49093.43,1484529,1479518,0
2021-02-16,14230,1028545,26707,491799,0,87,344,4783,41,613,386,5411,0,0,41323,48471.29,1525852,1520456,0
2021-02-17,16379,1044924,22195,513994,1,88,288,5071,42,655,330,5741,0,0,38905,46998.71,1564757,1559031,0
2021-02-18,12134,1057058,24983,538977,21,109,306,5377,46,701,352,6093,0,0,37490,43539.71,1602247,1596169,0
2021-02-19,13238,1070296,23923,562900,38,147,316,5693,49,750,365,6458,0,0,37564,38967.57,1639811,1633368,0
2021-02-20,11341,1081637,26071,588971,7,154,338,6031,79,829,419,6877,0,0,37839,36705.43,1677650,1670790,0
2021-02-21,6347,1087984,17411,606382,15,169,304,6335,45,874,350,7227,0,0,24123,34395.14,1701773,1694564,0
2021-02-22,13041,1101025,11833,618215,2,171,135,6470,21,895,156,7383,0,0,25032,34610.86,1726805,1719440,0
2021-02-23,25225,1126250,14150,632365,1,172,168,6638,35,930,204,7587,0,0,39581,34362,1766386,1758818,0
2021-02-24,36324,1162574,20405,652770,0,172,233,6871,42,972,276,7863,0,0,57005,36947.71,1823391,1815548,0
2021-02-25,54514,1217088,30459,683229,6,178,413,7284,64,1036,478,8341,0,0,85457,43800.14,1908848,1900528,0
2021-02-26,62789,1279877,31904,715133,4,182,425,7709,78,1114,506,8847,0,0,95203,52034.29,2004051,1995228,0
2021-02-27,51259,1331136,22753,737886,47,229,355,8064,53,1167,409,9256,0,0,74468,57267,2078519,2069288,0
2021-02-28,44548,1375684,13852,751738,7,236,206,8270,37,1204,243,9499,0,0,58650,62199.43,2137169,2127695,0
2021-03-01,39302,1414986,12784,764522,10,246,172,8442,24,1228,196,9695,0,0,52292,66093.71,2189461,2179791,0
2021-03-02,47071,1462057,12579,777101,7,253,159,8601,17,1245,176,9871,0,0,59833,68986.86,2249294,2239448,0
2021-03-03,48591,1510648,16153,793254,17,270,155,8756,21,1266,176,10047,0,0,64937,70120,2314231,2304209,0
2021-03-04,59797,1570445,22815,816069,1092,1362,278,9034,37,1303,316,10363,0,0,84020,69914.71,2398251,2387914,0
2021-03-05,60951,1631396,24286,840355,3107,4469,339,9373,36,1339,377,10740,0,0,88721,68988.71,2486972,2476260,0
2021-03-06,47150,1678546,18882,859237,5451,9920,245,9618,43,1382,288,11028,0,0,71771,68603.43,2558743,2547743,0
2021-03-07,36022,1714568,14883,874120,6244,16164,237,9855,22,1404,261,11289,0,0,57410,68426.29,2616153,2604894,0
2021-03-08,39604,1754172,14686,888806,8557,24721,321,10176,92,1496,418,11707,0,0,63265,69993.86,2679418,2667746,0
2021-03-09,39081,1793253,12860,901666,7759,32480,186,10362,35,1531,222,11929,0,0,59922,70006.57,2739340,2727447,0
2021-03-10,51809,1845062,15365,917031,5065,37545,228,10590,34,1565,264,12193,0,0,72503,71087.43,2811843,2799688,0
2021-03-11,59961,1905023,21823,938854,4619,42164,260,10850,48,1613,310,12503,0,0,86713,71472.14,2898556,2886093,0
2021-03-12,52170,1957193,30307,969161,4182,46346,389,11239,87,1700,476,12979,0,0,87135,71245.57,2985691,2972752,0
2021-03-13,40634,1997827,26681,995842,5110,51456,338,11577,55,1755,393,13372,0,0,72819,71395.29,3058510,3045178,0
2021-03-14,30695,2028522,15970,1011812,4523,55979,255,11832,28,1783,285,13657,0,0,51474,70547.29,3109984,3096369,0
2021-03-15,33581,2062103,17258,1029070,4702,60681,243,12075,33,1816,276,13933,0,0,55817,69483.29,3165801,3151910,0
2021-03-16,38656,2100759,20516,1049586,4924,65605,267,12342,36,1852,304,14237,0,0,64400,70123,3230201,3216007,0
2021-03-17,42600,2143359,24786,1074372,4242,69847,354,12696,42,1894,397,14634,0,0,72025,70054.71,3302226,3287636,0
2021-03-18,50408,2193767,26810,1101182,5226,75073,388,13084,64,1958,452,15086,0,0,82896,69509.43,3385122,3370080,0
2021-03-19,47763,2241530,29965,1131147,5623,80696,405,13489,75,2033,480,15566,0,0,83832,69037.57,3468954,3453432,0
2021-03-20,38692,2280222,25831,1156978,4683,85379,310,13799,60,2093,371,15937,0,0,69577,68574.43,3538531,3522639,0
2021-03-21,29284,2309506,19355,1176333,769,86148,231,14030,44,2137,275,16212,0,0,49683,68318.57,3588214,3572047,0
2021-03-22,33849,2343355,26754,1203087,4037,90185,260,14290,37,2174,298,16510,0,0,64939,69621.71,3653153,3636689,0
2021-03-23,38414,2381769,32848,1235935,4214,94399,305,14595,54,2228,363,16873,0,0,75839,71255.86,3728992,3712169,0
2021-03-24,41470,2423239,37616,1273551,4843,99242,339,14934,64,2292,406,17279,0,0,84335,73014.43,3813327,3796101,0
2021-03-25,43385,2466624,50781,1324332,5050,104292,496,15430,88,2380,588,17867,0,0,99804,75429.86,3913131,3895321,0
2021-03-26,38485,2505109,55494,1379826,4307,108599,544,15974,107,2487,655,18522,0,0,98941,77588.29,4012072,3993611,0
2021-03-27,35718,2540827,45744,1425570,2938,111537,438,16412,84,2571,523,19045,0,0,84923,79780.57,4096995,4078012,0
2021-03-28,26372,2567199,34452,1460022,1481,113018,346,16758,66,2637,416,19461,0,0,62721,81643.14,4159716,4140321,0
2021-03-29,34803,2602002,38856,1498878,3244,116262,363,17121,115,2752,479,19940,0,0,77382,83420.71,4237098,4217225,0
2021-03-30,40482,2642484,41926,1540804,3712,119974,351,17472,65,2817,417,20357,0,0,86537,84949,4323635,4303346,0
2021-03-31,49367,2691851,44878,1585682,7437,127411,421,17893,85,2902,506,20863,0,0,102188,87499.43,4425823,4405028,0
2021-04-01,50758,2742609,53945,1639627,11272,138683,513,18406,87,2989,604,21467,0,0,116579,89895.86,4542402,4521007,0
2021-04-02,43748,2786357,53869,1693496,11965,150648,562,18968,72,3061,639,22106,0,0,110221,91507.29,4652623,4630594,0
2021-04-03,39236,2825593,39205,1732701,9860,160508,352,19320,61,3122,414,22520,0,0,88715,92049,4741338,4718896,0
2021-04-04,26548,2852141,24778,1757479,3902,164410,232,19552,50,3172,282,22802,0,0,55510,91018.86,4796848,4774124,0
2021-04-05,41859,2894000,34480,1791959,11194,175604,391,19943,62,3234,454,23256,0,0,87987,92533.86,4884835,4861658,0
2021-04-06,53240,2947240,35613,1827572,13213,188817,449,20392,79,3313,529,23785,0,0,102595,94827.86,4987430,4963725,0
2021-04-07,55476,3002716,40707,1868279,14385,203202,417,20809,82,3395,501,24286,0,0,111069,96096.57,5098499,5074295,0
2021-04-08,59234,3061950,46584,1914863,16337,219539,541,21350,87,3482,629,24915,0,0,122784,96983,5221283,5196451,0
2021-04-09,56626,3118576,44946,1959809,17556,237095,543,21893,80,3562,628,25543,0,0,119756,98345.14,5341039,5315584,0
2021-04-10,49330,3167906,35639,1995448,12716,249811,405,22298,62,3624,471,26014,0,0,98156,99693.86,5439195,5413273,0
2021-04-11,38156,3206062,28825,2024273,7679,257490,302,22600,62,3686,365,26379,0,0,75025,102481.71,5514220,5487934,0
2021-04-12,46617,3252679,31839,2056112,13494,270984,477,23077,69,3755,546,26925,0,0,92496,103125.86,5606716,5579884,0
2021-04-13,52532,3305211,33794,2089906,369,271353,409,23486,64,3819,474,27399,0,0,87169,100922.14,5693885,5666580,0
2021-04-14,50130,3355341,39957,2129863,20,271373,372,23858,79,3898,452,27851,0,0,90559,97992.14,5784444,5756688,0
2021-04-15,52105,3407446,43691,2173554,16,271389,463,24321,107,4005,575,28426,0,0,96388,94221.29,5880832,5852506,0
2021-04-16,51175,3458621,42202,2215756,32,271421,447,24768,73,4078,523,28949,0,0,93932,90532.14,5974764,5945918,0
2021-04-17,43825,3502446,35687,2251443,3,271424,379,25147,84,4162,465,29414,0,0,79980,87935.57,6054744,6025435,0
2021-04-18,28594,3531040,29364,2280807,7,271431,266,25413,65,4227,332,29746,0,0,58297,85545.86,6113041,6083401,0
2021-04-19,37443,3568483,36451,2317258,21,271452,343,25756,68,4295,413,30159,0,0,74328,82950.43,6187369,6157318,0
2021-04-20,40793,3609276,39625,2356883,19,271471,321,26077,84,4379,406,30565,0,0,80843,82046.71,6268212,6237756,0
2021-04-21,38872,3648148,46028,2402911,17,271488,508,26585,99,4478,608,31173,0,0,85525,81327.57,6353737,6322674,0
2021-04-22,38476,3686624,48958,2451869,9,271497,353,26938,79,4557,434,31607,0,0,87878,80111.86,6441615,6410120,0
2021-04-23,39681,3726305,44389,2496258,3,271500,359,27297,75,4632,436,32043,0,0,84509,78765.71,6526124,6494195,0
2021-04-24,31922,3758227,41605,2537863,44,271544,287,27584,62,4694,350,32393,0,0,73921,77900.14,6600045,6567767,0
2021-04-25,18411,3776638,31217,2569080,87,271631,205,27789,61,4755,266,32659,0,0,49981,76712.14,6650026,6617482,0
2021-04-26,26955,3803593,40720,2609800,1012,272643,306,28095,93,4848,404,33063,0,0,69091,75964,6719117,6686174,0
2021-04-27,28550,3832143,47128,2656928,1696,274339,378,28473,98,4946,481,33544,0,0,77855,75537.14,6796972,6763553,0
2021-04-28,27007,3859150,56842,2713770,2146,276485,454,28927,101,5047,558,34102,0,0,86553,75684,6883525,6849551,0
2021-04-29,28584,3887734,57204,2770974,2149,278634,378,29305,102,5149,482,34584,0,0,88419,75761.29,6971944,6937490,0
2021-04-30,30100,3917834,51993,2822967,2059,280693,294,29599,75,5224,370,34954,0,0,84523,75763.29,7056467,7021644,0
2021-05-01,22474,3940308,44537,2867504,1177,281870,236,29835,66,5290,304,35258,0,0,68492,74987.71,7124959,7089834,0
2021-05-02,11915,3952223,36639,2904143,1081,282951,155,29990,57,5347,214,35472,0,0,49849,74968.86,7174808,7139471,0
2021-05-03,18006,3970229,53022,2957165,2381,285332,267,30257,95,5442,364,35836,0,0,73775,75638,7248583,7212884,0
2021-05-04,22724,3992953,56644,3013809,2331,287663,275,30532,118,5560,394,36230,0,0,82094,76243.57,7330677,7294585,0
2021-05-05,21472,4014425,48754,3062563,2313,289976,319,30851,104,5664,424,36654,0,0,72964,74302.29,7403641,7367126,0
2021-05-06,20672,4035097,50177,3112740,2508,292484,282,31133,91,5755,377,37031,0,0,73734,72204.43,7477375,7440487,0
2021-05-07,21232,4056329,52105,3164845,2812,295296,320,31453,80,5835,401,37432,0,0,76550,71065.43,7553925,7516637,0
2021-05-08,16616,4072945,41866,3206711,1834,297130,238,31691,72,5907,310,37742,0,0,60626,69941.71,7614551,7576953,0
2021-05-09,7968,4080913,29404,3236115,1260,298390,156,31847,56,5963,212,37954,0,0,38844,68369.57,7653395,7615585,0
2021-05-10,14373,4095286,38522,3274637,2356,300746,252,32099,94,6057,350,38304,0,0,55602,65773.43,7708997,7670841,0
2021-05-11,19897,4115183,43060,3317697,2512,303258,293,32392,89,6146,387,38691,0,0,65857,63453.86,7774854,7736316,0
2021-05-12,17810,4132993,40535,3358232,3595,306853,243,32635,80,6226,323,39014,0,0,62263,61925.14,7837117,7798256,0
2021-05-13,24947,4157940,40427,3398659,3229,310082,274,32909,81,6307,357,39371,0,0,68960,61243.14,7906077,7866861,0
2021-05-14,27004,4184944,42945,3441604,3535,313617,277,33186,95,6402,374,39745,0,0,73858,60858.57,7979935,7940347,0
2021-05-15,23638,4208582,34922,3476526,3364,316981,261,33447,75,6477,337,40082,0,0,62261,61092.14,8042196,8002272,0
2021-05-16,15518,4224100,19458,3495984,2496,319477,123,33570,47,6524,171,40253,0,0,37643,60920.57,8079839,8039745,0
2021-05-17,22663,4246763,29137,3525121,3252,322729,191,33761,72,6596,263,40516,0,0,55315,60879.57,8135154,8094797,0
2021-05-18,24612,4271375,31903,3557024,3402,326131,248,34009,85,6681,333,40849,0,0,60250,60078.57,8195404,8154714,0
2021-05-19,24173,4295548,29729,3586753,3040,329171,234,34243,50,6731,285,41134,0,0,57227,59359.14,8252631,8211657,0
2021-05-20,24132,4319680,30105,3616858,3163,332334,274,34517,89,6820,368,41502,0,0,57768,57760.29,8310399,8269062,0
2021-05-21,24665,4344345,32004,3648862,3057,335391,253,34770,63,6883,319,41821,0,0,60045,55787,8370444,8328791,0
2021-05-22,20010,4364355,24374,3673236,2523,337914,168,34938,48,6931,217,42038,0,0,47124,53624.57,8417568,8375699,0
2021-05-23,11225,4375580,13733,3686969,1411,339325,95,35033,32,6963,129,42167,0,0,26498,52032.43,8444066,8402070,0
2021-05-24,18856,4394436,23165,3710134,2757,342082,221,35254,55,7018,279,42446,0,0,45057,50567,8489123,8446851,0
2021-05-25,19418,4413854,23384,3733518,2601,344683,179,35433,59,7077,238,42684,0,0,45641,48480,8534764,8492254,0
2021-05-26,18773,4432627,21090,3754608,2698,347381,205,35638,49,7126,256,42940,0,0,42817,46421.43,8577581,8534817,0
2021-05-27,18452,4451079,21283,3775891,2531,349912,184,35822,62,7188,247,43187,0,0,42513,44242.14,8620094,8577084,0
2021-05-28,17855,4468934,22876,3798767,2751,352663,192,36014,59,7247,252,43439,0,0,43734,41912,8663828,8620567,0
2021-05-29,12701,4481635,17817,3816584,1755,354418,106,36120,39,7286,146,43585,0,0,32419,39811.29,8696247,8652841,0
2021-05-30,7025,4488660,8950,3825534,1074,355492,50,36170,16,7302,66,43651,0,0,17115,38470.86,8713362,8669890,0
2021-05-31,4740,4493400,6922,3832456,1011,356503,65,36235,18,7320,83,43734,0,0,12756,33856.43,8726118,8682563,0
2021-06-01,16047,4509447,25190,3857646,2177,358680,159,36394,42,7362,205,43939,0,0,43619,33567.57,8769737,8725981,0
2021-06-02,15351,4524798,20400,3878046,2095,360775,142,36536,47,7409,189,44128,0,0,38035,32884.43,8807772,8763827,0
2021-06-03,14993,4539791,23824,3901870,2280,363055,133,36669,45,7454,180,44308,0,0,41277,32707.86,8849049,8804926,0
2021-06-04,14710,4554501,26003,3927873,2492,365547,151,36820,42,7496,194,44502,0,0,43400,32660.14,8892449,8848133,0
2021-06-05,10979,4565480,22104,3949977,1806,367353,115,36935,29,7525,145,44647,0,0,35034,33033.71,8927483,8883023,0
2021-06-06,6443,4571923,14485,3964462,1222,368575,90,37025,12,7537,103,44750,0,0,22253,33767.71,8949736,8905174,0
2021-06-07,11695,4583618,21783,3986245,2378,370953,146,37171,37,7574,186,44936,0,0,36042,37094.29,8985778,8941033,0
2021-06-08,12625,4596243,24020,4010265,2071,373024,127,37298,46,7620,174,45110,0,0,38890,36418.71,9024668,8979750,0
2021-06-09,11124,4607367,23026,4033291,2300,375324,141,37439,43,7663,186,45296,0,0,36636,36218.86,9061304,9016202,0
2021-06-10,12054,4619421,22234,4055525,2461,377785,145,37584,63,7726,208,45504,0,0,36958,35601.86,9098262,9052952,0
2021-06-11,12695,4632116,25125,4080650,2483,380268,162,37746,62,7788,225,45729,0,0,40528,35191.57,9138790,9093256,0
2021-06-12,10158,4642274,19317,4099967,1888,382156,97,37843,44,7832,143,45872,0,0,31506,34687.57,9170296,9124621,0
2021-06-13,4248,4646522,10938,4110905,1219,383375,42,37885,21,7853,63,45935,0,0,16470,33861.43,9186766,9141028,0
2021-06-14,10201,4656723,19240,4130145,2040,385415,135,38020,53,7906,188,46123,0,0,31669,33236.71,9218435,9172509,0
2021-06-15,11880,4668603,21016,4151161,1942,387357,132,38152,41,7947,175,46298,0,0,35014,32683,9253449,9207350,0
2021-06-16,11582,4680185,19401,4170562,1956,389313,151,38303,74,8021,225,46523,0,0,33164,32187,9286613,9240289,0
2021-06-17,11018,4691203,18757,4189319,1973,391286,133,38436,35,8056,170,46693,0,0,31918,31467,9318531,9272039,0
2021-06-18,12166,4703369,18495,4207814,2115,393401,120,38556,37,8093,158,46851,0,0,32935,30382.29,9351466,9304817,0
2021-06-19,8490,4711859,13517,4221331,1459,394860,90,38646,22,8115,112,46963,0,0,23578,29249.71,9375044,9328283,0
2021-06-20,4333,4716192,7160,4228491,924,395784,37,38683,16,8131,53,47016,0,0,12470,28678.29,9387514,9340700,0
2021-06-21,10153,4726345,10015,4238506,1806,397590,71,38754,28,8159,100,47116,0,0,22074,27307.57,9409588,9362675,0
2021-06-22,9828,4736173,15647,4254153,1588,399178,107,38861,29,8188,136,47252,0,0,27199,26191.14,9436787,9389738,0
2021-06-23,10305,4746478,15189,4269342,1862,401040,104,38965,31,8219,136,47388,0,0,27492,25380.86,9464279,9417095,0
2021-06-24,9680,4756158,14702,4284044,1798,402838,124,39089,27,8246,153,47541,0,0,26333,24583,9490612,9443277,0
2021-06-25,10584,4766742,14386,4298430,1720,404558,118,39207,38,8284,156,47697,0,0,26846,23713.14,9517458,9469967,0
2021-06-26,7798,4774540,10465,4308895,1249,405807,79,39286,23,8307,103,47800,0,0,19615,23147,9537073,9489480,0
2021-06-27,4997,4779537,6002,4314897,795,406602,34,39320,15,8322,50,47850,0,0,11844,23057.57,9548917,9501275,0
2021-06-28,9032,4788569,10348,4325245,1526,408128,110,39430,26,8348,137,47987,0,0,21043,22910.29,9569960,9522182,0
2021-06-29,9729,4798298,12334,4337579,1347,409475,126,39556,33,8381,160,48147,0,0,23570,22391.86,9593530,9545593,0
2021-06-30,9424,4807722,10933,4348512,1486,410961,151,39707,18,8399,172,48319,0,0,22015,21609.43,9615545,9567439,0
2021-07-01,9392,4817114,10927,4359439,1434,412395,132,39839,25,8424,159,48478,0,0,21912,20977.86,9637457,9589194,0
2021-07-02,9687,4826801,11458,4370897,1541,413936,119,39958,21,8445,140,48618,0,0,22827,20403.71,9660284,9611881,0
2021-07-03,7057,4833858,8422,4379319,1192,415128,79,40037,17,8462,96,48714,0,0,16767,19996.86,9677051,9628552,0
2021-07-04,1286,4835144,1335,4380654,567,415695,11,40048,3,8465,14,48728,0,0,3202,18762.29,9680253,9631740,0
2021-07-05,6491,4841635,7106,4387760,1207,416902,67,40115,23,8488,90,48818,0,0,14894,17883.86,9695147,9646544,0
2021-07-06,9507,4851142,12855,4400615,1315,418217,117,40232,38,8526,156,48974,0,0,23833,17921.43,9718980,9670222,0
2021-07-07,8661,4859803,11109,4411724,1418,419635,128,40360,21,8547,149,49123,0,0,21337,17824.57,9740317,9691410,0
2021-07-08,8218,4868021,10192,4421916,1258,420893,110,40470,23,8570,135,49258,0,0,19803,17523.29,9760120,9711080,0
2021-07-09,8370,4876391,10835,4432751,1280,422173,90,40560,20,8590,110,49368,0,0,20595,17204.43,9780715,9731565,0
2021-07-10,7098,4883489,8637,4441388,1131,423304,67,40627,20,8610,88,49456,0,0,16954,17231.14,9797669,9748432,0
2021-07-11,4104,4887593,4540,4445928,701,424005,38,40665,6,8616,44,49500,0,0,9389,18115,9807058,9757777,0
2021-07-12,8448,4896041,9564,4455492,1251,425256,84,40749,23,8639,107,49607,0,0,19370,18754.43,9826428,9777040,0
2021-07-13,9457,4905498,9394,4464886,952,426208,109,40858,36,8675,147,49754,0,0,19950,18199.71,9846378,9796845,0
2021-07-14,8991,4914489,9537,4474423,1010,427218,108,40966,22,8697,134,49888,0,0,19672,17961.86,9866050,9816387,0
2021-07-15,8792,4923281,9158,4483581,1052,428270,83,41049,20,8717,104,49992,0,0,19106,17862.29,9885156,9835390,0
2021-07-16,9248,4932529,9764,4493345,981,429251,102,41151,29,8746,131,50123,0,0,20124,17795,9905280,9855383,0
2021-07-17,6838,4939367,7389,4500734,803,430054,80,41231,21,8767,101,50224,0,0,15131,17534.57,9920411,9870413,0
2021-07-18,4253,4943620,4285,4505019,575,430629,36,41267,14,8781,50,50274,0,0,9163,17502.29,9929574,9879526,0
2021-07-19,9118,4952738,8486,4513505,999,431628,93,41360,22,8803,116,50390,0,0,18719,17409.29,9948293,9898130,0
2021-07-20,10639,4963377,8761,4522266,991,432619,96,41456,26,8829,123,50513,0,0,20514,17489.86,9968807,9918522,0
2021-07-21,10050,4973427,8775,4531041,904,433523,149,41605,33,8862,182,50695,0,0,19911,17524,9988718,9938251,0
2021-07-22,10686,4984113,8583,4539624,1046,434569,147,41752,27,8889,175,50870,0,0,20490,17721.71,10009208,9958567,0
2021-07-23,11245,4995358,8888,4548512,1114,435683,139,41891,23,8912,164,51034,0,0,21411,17905.57,10030619,9979816,0
2021-07-24,7400,5002758,6740,4555252,670,436353,82,41973,26,8938,109,51143,0,0,14919,17875.29,10045538,9994627,0
2021-07-25,5471,5008229,2130,4557382,509,436862,58,42031,4,8942,62,51205,0,0,8172,17733.71,10053710,10002737,0
2021-07-26,10865,5019094,7010,4564392,856,437718,112,42143,20,8962,132,51337,0,0,18863,17754.29,10072573,10021468,0
2021-07-27,12060,5031154,8573,4572965,856,438574,140,42283,41,9003,182,51519,0,0,21671,17919.57,10094244,10042958,0
2021-07-28,12009,5043163,8055,4581020,950,439524,136,42419,29,9032,166,51685,0,0,21180,18100.86,10115424,10063973,0
2021-07-29,10925,5054088,7437,4588457,983,440507,138,42557,41,9073,183,51868,0,0,19528,17963.43,10134952,10083322,0
2021-07-30,14947,5069035,8015,4596472,1151,441658,187,42744,32,9105,221,52089,0,0,24334,18381,10159286,10107437,0
2021-07-31,9717,5078752,6325,4602797,815,442473,122,42866,20,9125,143,52232,0,0,17000,18678.29,10176286,10124295,0
2021-08-01,6497,5085249,3313,4606110,564,443037,81,42947,22,9147,103,52335,0,0,10477,19007.57,10186763,10134669,0
2021-08-02,13447,5098696,7156,4613266,845,443882,150,43097,19,9166,169,52504,0,0,21617,19401,10208380,10156117,0
2021-08-03,15403,5114099,8393,4621659,1109,444991,145,43242,39,9205,185,52689,0,0,25090,19889.43,10233470,10181023,0
2021-08-04,17257,5131356,8133,4629792,1454,446445,183,43425,36,9241,219,52908,0,0,27063,20729.86,10260533,10207867,0
2021-08-05,17882,5149238,7934,4637726,1371,447816,161,43586,21,9262,182,53090,0,0,27369,21850,10287902,10235054,0
2021-08-06,18173,5167411,8421,4646147,1230,449046,171,43757,32,9294,203,53293,0,0,28027,22377.57,10315929,10262878,0
2021-08-07,13376,5180787,6019,4652166,800,449846,105,43862,29,9323,134,53427,0,0,20329,22853.14,10336258,10283073,0
2021-08-08,9309,5190096,3834,4656000,400,450246,84,43946,10,9333,94,53521,0,0,13637,23304.57,10349895,10296616,0
2021-08-09,21335,5211431,8528,4664528,965,451211,178,44124,35,9368,214,53735,0,0,31042,24651,10380937,10327445,0
2021-08-10,18944,5230375,9334,4673862,946,452157,180,44304,33,9401,214,53949,0,0,29438,25272.14,10410375,10356670,0
2021-08-11,15644,5246019,8312,4682174,853,453010,132,44436,46,9447,179,54128,0,0,24988,24975.71,10435363,10381480,0
2021-08-12,15048,5261067,8991,4691165,942,453952,179,44615,35,9482,216,54344,0,0,25197,24665.43,10460560,10406463,0
2021-08-13,14915,5275982,9292,4700457,919,454871,247,44862,38,9520,286,54630,0,0,25413,24292,10485973,10431591,0
2021-08-14,10392,5286374,6413,4706870,625,455496,536,45398,41,9561,580,55210,0,0,18010,23960.71,10503983,10449024,0
2021-08-15,6688,5293062,4485,4711355,676,456172,567,45965,33,9594,604,55814,0,0,12453,23791.57,10516436,10460877,0
2021-08-16,15699,5308761,9312,4720667,1149,457321,1331,47296,66,9660,1402,57216,0,0,27562,23294.43,10543998,10487042,0
2021-08-17,17756,5326517,10457,4731124,1229,458550,1776,49072,85,9745,1877,59093,0,0,31319,23563.14,10575317,10516500,0
2021-08-18,17479,5343996,10383,4741507,1262,459812,2002,51074,91,9836,2104,61197,0,0,31228,24454.57,10606545,10545635,0
2021-08-19,16283,5360279,9529,4751036,1315,461127,1962,53036,69,9905,2045,63242,0,0,29172,25022.43,10635717,10572776,0
2021-08-20,16261,5376540,11544,4762580,1252,462379,1870,54906,86,9991,1970,65212,0,0,31027,25824.43,10666744,10601847,0
2021-08-21,11141,5387681,8040,4770620,878,463257,1069,55975,53,10044,1129,66341,0,0,21188,26278.43,10687932,10621913,0
2021-08-22,4076,5391757,3902,4774522,261,463518,520,56495,33,10077,557,66898,0,0,8796,25756,10696728,10630156,0
2021-08-23,15571,5407328,11809,4786331,1022,464540,1554,58049,77,10154,1644,68542,0,0,30047,26111,10726775,10658572,0
2021-08-24,16909,5424237,12597,4798928,1007,465547,1778,59827,81,10235,1867,70409,0,0,32380,26262.57,10759155,10689093,0
2021-08-25,14561,5438798,12456,4811384,1112,466659,1572,61399,82,10317,1669,72078,0,0,29798,26058.29,10788953,10717237,0
2021-08-26,16143,5454941,14102,4825486,1071,467730,1779,63178,71,10388,1862,73940,0,0,33178,26630.57,10822131,10748565,0
2021-08-27,14872,5469813,14824,4840310,971,468701,1678,64856,76,10464,1762,75702,0,0,32429,26830.86,10854560,10779240,0
2021-08-28,10675,5480488,11523,4851833,835,469536,1022,65878,47,10511,1070,76772,0,0,24103,27247.29,10878663,10802274,0
2021-08-29,7209,5487697,7499,4859332,541,470077,782,66660,58,10569,849,77621,0,0,16098,28290.43,10894761,10817532,0
2021-08-30,15508,5503205,16932,4876264,1076,471153,1800,68460,95,10664,1903,79524,0,0,35419,29057.86,10930180,10851056,0
2021-08-31,15498,5518703,15963,4892227,952,472105,1984,70444,90,10754,2084,81608,0,0,34497,29360.29,10964677,10883479,0
2021-09-01,14825,5533528,14112,4906339,1020,473125,1815,72259,62,10816,1887,83495,0,0,31844,29652.57,10996521,10913446,0
2021-09-02,14308,5547836,12524,4918863,896,474021,1717,73976,66,10882,1799,85294,0,0,29527,29131,11026048,10941190,0
2021-09-03,14995,5562831,14314,4933177,974,474995,1903,75879,72,10954,1981,87275,0,0,32264,29107.43,11058312,10971479,0
2021-09-04,9641,5572472,9405,4942582,688,475683,981,76860,34,10988,1020,88295,0,0,20754,28629,11079066,10991218,0
2021-09-05,6790,5579262,5513,4948095,438,476121,720,77580,17,11005,738,89033,0,0,13479,28254.86,11092545,11003960,0
2021-09-06,5195,5584457,4511,4952606,358,476479,274,77854,11,11016,287,89320,0,0,10351,24673.71,11102896,11014026,0
2021-09-07,15559,5600016,17701,4970307,912,477391,1564,79418,95,11111,1667,90987,0,0,35839,24865.43,11138735,11048206,0
2021-09-08,16147,5616163,14832,4985139,1070,478461,1782,81200,84,11195,1878,92865,0,0,33927,25163,11172662,11080267,0
2021-09-09,16092,5632255,14760,4999899,1048,479509,1922,83122,78,11273,2011,94876,0,0,33911,25789.29,11206573,11112178,0
2021-09-10,18348,5650603,15403,5015302,1207,480716,1984,85106,83,11356,2074,96950,0,0,37032,26470.43,11243605,11147143,0
2021-09-11,12625,5663228,10351,5025653,958,481674,1035,86141,50,11406,1091,98041,0,0,25025,27080.57,11268630,11171083,0
2021-09-12,8532,5671760,5053,5030706,765,482439,694,86835,32,11438,727,98768,0,0,15077,27308.86,11283707,11185434,0
2021-09-13,16919,5688679,12966,5043672,976,483415,1662,88497,52,11490,1724,100492,0,0,32585,30485.14,11316292,11216305,0
2021-09-14,16258,5704937,13679,5057351,887,484302,1603,90100,57,11547,1672,102164,0,0,32496,30007.57,11348788,11247141,0
2021-09-15,15508,5720445,12898,5070249,727,485029,1576,91676,84,11631,1669,103833,0,0,30802,29561.14,11379590,11276283,0
2021-09-16,15327,5735772,13917,5084166,1209,486238,1473,93149,68,11699,1548,105381,0,0,32001,29288.29,11411591,11306743,0
2021-09-17,14424,5750196,13953,5098119,922,487160,1849,94998,60,11759,1911,107292,0,0,31210,28456.57,11442801,11336044,0
2021-09-18,9985,5760181,10188,5108307,913,488073,1056,96054,42,11801,1102,108394,0,0,22188,28051.29,11464989,11357134,0
2021-09-19,6168,5766349,6077,5114384,558,488631,749,96803,28,11829,782,109176,0,0,13585,27838.14,11478574,11369942,0
2021-09-20,12661,5779010,12632,5127016,1068,489699,1928,98731,62,11891,1999,111175,0,0,28361,27234.71,11506935,11396313,0
2021-09-21,12216,5791226,12771,5139787,1108,490807,2037,100768,82,11973,2135,113310,0,0,28230,26625.29,11535165,11422424,0
2021-09-22,12815,5804041,12008,5151795,1089,491896,1690,102458,69,12042,1766,115076,0,0,27678,26179,11562843,11448343,0
2021-09-23,14915,5818956,12770,5164565,1639,493535,2274,104732,76,12118,2357,117433,0,0,31681,26133.29,11594524,11477674,0
2021-09-24,16560,5835516,13366,5177931,1636,495171,4629,109361,128,12246,4776,122209,0,0,36338,26865.86,11630862,11509255,0
2021-09-25,10520,5846036,9034,5186965,1017,496188,3464,112825,82,12328,3562,125771,0,0,24133,27143.71,11654995,11529842,0
2021-09-26,6289,5852325,5767,5192732,773,496961,2426,115251,61,12389,2498,128269,0,0,15327,27392.57,11670322,11542682,0
2021-09-27,14126,5866451,8068,5200800,1155,498116,9086,124337,164,12553,9299,137568,0,0,32649,28005.14,11702971,11566081,0
2021-09-28,11102,5877553,11789,5212589,901,499017,9938,134275,183,12736,10160,147728,0,0,33952,28822.57,11736923,11589912,0
2021-09-29,11587,5889140,12196,5224785,1205,500222,9465,143740,174,12910,9673,157401,0,0,34661,29820.14,11771584,11614934,0
2021-09-30,12211,5901351,12610,5237395,1338,501560,9768,153508,183,13093,9985,167386,0,0,36144,30457.71,11807728,11641127,0
2021-10-01,12613,5913964,13432,5250827,1284,502844,10293,163801,157,13250,10487,177873,0,0,37816,30668.86,11845544,11668493,0
2021-10-02,7716,5921680,9983,5260810,865,503709,4248,168049,82,13332,4354,182227,0,0,22918,30495.29,11868462,11687081,0
2021-10-03,5054,5926734,6158,5266968,593,504302,2625,170674,60,13392,2695,184922,1,1,14501,30377.29,11882963,11698896,0
2021-10-04,9896,5936630,11019,5277987,914,505216,9539,180213,151,13543,9726,194648,0,1,31555,30221,11914518,11720761,0
2021-10-05,10132,5946762,11734,5289721,972,506188,9962,190175,181,13724,10185,204833,1,2,33024,30088.43,11947542,11743641,0
2021-10-06,9866,5956628,11052,5300773,937,507125,9952,200127,163,13887,10153,214986,0,2,32009,29709.57,11979551,11765535,0
2021-10-07,9591,5966219,12156,5312929,850,507975,10186,210313,180,14067,10399,225385,0,2,32996,29259.86,12012547,11788165,0
2021-10-08,9426,5975645,12184,5325113,940,508915,10925,221238,166,14233,11130,236515,0,2,33680,28669,12046227,11810754,0
2021-10-09,6224,5981869,8241,5333354,643,509558,4132,225370,91,14324,4240,240755,0,2,19348,28159,12065575,11825879,0
2021-10-10,3529,5985398,5028,5338382,458,510016,2440,227810,47,14371,2495,243250,0,2,11510,27731.71,12077085,11834902,0
2021-10-11,7590,5992988,9341,5347723,728,510744,8906,236716,166,14537,9096,252346,0,2,26755,27046,12103840,11852585,0
2021-10-12,8045,6001033,10996,5358719,891,511635,10539,247255,187,14724,10767,263113,0,2,30699,26713.86,12134539,11872558,0
2021-10-13,7127,6008160,10148,5368867,869,512504,8816,256071,185,14909,9031,272144,0,2,27175,26023.29,12161714,11890732,0
2021-10-14,7402,6015562,11119,5379986,837,513341,10135,266206,167,15076,10342,282486,0,2,29700,25552.43,12191414,11910130,0
2021-10-15,7701,6023263,11859,5391845,823,514164,10862,277068,176,15252,11071,293557,0,2,31454,25234.43,12222868,11930546,0
2021-10-16,4853,6028116,7466,5399311,665,514829,3854,280922,67,15319,3933,297490,0,2,16917,24887.14,12239785,11943542,0
2021-10-17,3047,6031163,4472,5403783,411,515240,2461,283383,44,15363,2512,300002,0,2,10442,24734.57,12250227,11951479,0
2021-10-18,7015,6038178,10671,5414454,797,516037,9501,292884,189,15552,9724,309726,0,2,28207,24942,12278434,11969996,0
2021-10-19,6545,6044723,8946,5423400,803,516840,9110,301994,180,15732,9331,319057,1,3,25626,24217.29,12304060,11986331,0
2021-10-20,6512,6051235,9373,5432773,975,517815,10006,312000,180,15912,10224,329281,2,5,27085,24204.43,12331145,12003228,0
2021-10-21,7001,6058236,9387,5442160,857,518672,10874,322874,159,16071,11068,340349,1,6,28314,24006.43,12359459,12020508,0
2021-10-22,8074,6066310,10346,5452506,1025,519697,16376,339250,229,16300,16659,357008,0,6,36104,24670.71,12395563,12040007,0
2021-10-23,5150,6071460,6452,5458958,690,520387,9141,348391,116,16416,9278,366286,0,6,21570,25335.43,12417133,12052320,0
2021-10-24,3247,6074707,3966,5462924,766,521153,6177,354568,81,16497,6284,372570,0,6,14263,25881.29,12431396,12060325,0
2021-10-25,8840,6083547,8747,5471671,1152,522305,19290,373858,302,16799,19663,392233,0,6,38402,27337.71,12469798,12079135,0
2021-10-26,8145,6091692,7724,5479395,1258,523563,17320,391178,282,17081,17672,409905,0,6,34799,28648.14,12504597,12096332,0
2021-10-27,10497,6102189,8392,5487787,1604,525167,20904,412082,331,17412,21305,431210,0,6,41798,30750,12546395,12116895,0
2021-10-28,11257,6113446,8029,5495816,1793,526960,20906,432988,328,17740,21303,452513,0,6,42382,32759.71,12588777,12138043,0
2021-10-29,11802,6125248,8228,5504044,1968,528928,22580,455568,352,18092,23004,475517,1,7,45004,34031.14,12633781,12160114,0
2021-10-30,4593,6129841,5061,5509105,932,529860,11206,466774,168,18260,11414,486931,0,7,22000,34092.57,12655781,12170740,0
2021-10-31,2643,6132484,2700,5511805,544,530404,6653,473427,105,18365,6781,493712,1,8,12668,33864.71,12668449,12176649,0
2021-11-01,7067,6139551,6953,5518758,1085,531489,20437,493864,338,18703,20835,514547,1,9,35941,33513.14,12704390,12191814,0
2021-11-02,6520,6146071,6587,5525345,1055,532544,20825,514689,281,18984,21183,535730,0,9,35346,33591.29,12739736,12206054,0
2021-11-03,6785,6152856,6678,5532023,1025,533569,20686,535375,315,19299,21078,556808,0,9,35568,32701.29,12775304,12220621,0
2021-11-04,9253,6162109,6276,5538299,995,534564,22427,557802,354,19653,22864,579672,0,9,39388,32273.57,12814692,12237228,0
2021-11-05,11013,6173122,6717,5545016,1049,535613,23810,581612,361,20014,24255,603927,0,9,43034,31992.14,12857726,12256091,0
2021-11-06,11137,6184259,4051,5549067,593,536206,12615,594227,179,20193,12831,616758,0,9,28612,32936.71,12886338,12271909,0
2021-11-07,7222,6191481,2287,5551354,577,536783,7125,601352,99,20292,7239,623997,0,9,17325,33602,12903663,12282010,0
2021-11-08,15019,6206500,5678,5557032,862,537645,19542,620894,289,20581,19898,643895,1,10,41458,34390.14,12945121,12303636,0
2021-11-09,16097,6222597,5385,5562417,658,538303,20568,641462,284,20865,20934,664829,0,10,43074,35494.14,12988195,12325858,0
2021-11-10,16863,6239460,5320,5567737,682,538985,22724,664186,294,21159,23089,687918,0,10,45954,36977.86,13034149,12348794,0
2021-11-11,12488,6251948,5184,5572921,760,539745,22163,686349,295,21454,22527,710445,0,10,40959,37202.29,13075108,12367295,0
2021-11-12,17002,6268950,5685,5578606,705,540450,23487,709836,360,21814,23925,734370,1,11,47318,37814.29,13122426,12390765,0
2021-11-13,9916,6278866,3660,5582266,464,540914,13368,723204,185,21999,13596,747966,0,11,27636,37674.86,13150062,12404848,0
2021-11-14,5979,6284845,2284,5584550,324,541238,7957,731161,83,22082,8061,756027,0,11,16648,37578.14,13166710,12413456,0
2021-11-15,13165,6298010,5976,5590526,688,541926,25185,756346,369,22451,25633,781660,0,11,45462,38150.14,13212172,12433364,0
2021-11-16,9878,6307888,5777,5596303,653,542579,30738,787084,445,22896,31260,812920,0,11,47570,38792.43,13259742,12449751,0
2021-11-17,10206,6318094,6666,5602969,680,543259,31524,818608,427,23323,32041,844961,0,11,49593,39312.29,13309335,12467393,0
2021-11-18,10635,6328729,6522,5609491,854,544113,33130,851738,465,23788,33692,878653,0,11,51703,40847.14,13361038,12485501,0
2021-11-19,11900,6340629,6546,5616037,706,544819,36371,888109,474,24262,36936,915589,0,11,56088,42100,13417126,12504744,0
2021-11-20,9277,6349906,3413,5619450,512,545331,22582,910691,263,24525,22897,938486,0,11,36099,43309,13453225,12517998,0
2021-11-21,4891,6354797,1887,5621337,288,545619,13252,923943,157,24682,13434,951920,1,12,20501,43859.43,13473726,12525089,0
2021-11-22,10318,6365115,5782,5627119,748,546367,36035,959978,450,25132,36577,988497,0,12,53425,44997,13527151,12542029,0
2021-11-23,9679,6374794,4780,5631899,632,546999,33621,993599,389,25521,34083,1022580,0,12,49175,45226.29,13576326,12557194,0
2021-11-24,8613,6383407,4748,5636647,648,547647,26004,1019603,290,25811,26365,1048945,1,13,40375,43909.43,13616701,12571274,0
2021-11-25,447,6383854,329,5636976,80,547727,1004,1020607,9,25820,1013,1049958,0,13,1869,36790.29,13618570,12572130,0
2021-11-26,7992,6391846,7005,5643981,528,548255,26656,1047263,311,26131,27024,1076982,0,13,42549,34856.14,13661119,12587712,0
2021-11-27,6635,6398481,6861,5650842,370,548625,18897,1066160,229,26360,19164,1096146,0,13,33031,34417.86,13694150,12601617,0
2021-11-28,4028,6402509,5791,5656633,279,548904,11947,1078107,122,26482,12089,1108235,0,13,22187,34658.71,13716337,12611735,0
2021-11-29,8997,6411506,11017,5667650,684,549588,35164,1113271,459,26941,35700,1143935,1,14,56399,35083.57,13772736,12632510,0
2021-11-30,10397,6421903,11445,5679095,510,550098,37893,1151164,503,27444,38509,1182444,0,14,60861,36753,13833597,12654975,0
2021-12-01,11057,6432960,10985,5690080,724,550822,40495,1191659,442,27886,41036,1223480,0,14,63804,40100,13897401,12677842,0
2021-12-02,11516,6444476,11054,5701134,625,551447,42348,1234007,472,28358,42918,1266398,0,14,66113,49277.71,13963514,12701135,0
2021-12-03,13348,6457824,12910,5714044,664,552111,48120,1282127,542,28900,48765,1315163,1,15,75688,54011.86,14039202,12728160,0
2021-12-04,9743,6467567,11321,5725365,564,552675,30774,1312901,312,29212,31140,1346303,0,15,52768,56831.43,14091970,12749842,0
2021-12-05,5694,6473261,5704,5731069,270,552945,16714,1329615,131,29343,16881,1363184,0,15,28549,57740.29,14120519,12761546,0
2021-12-06,12209,6485470,9990,5741059,599,553544,43389,1373004,468,29811,43949,1407133,0,15,66748,59218.71,14187267,12784437,0
2021-12-07,12479,6497949,9260,5750319,623,554167,43203,1416207,520,30331,43811,1450944,0,15,66173,59977.57,14253440,12806887,0
2021-12-08,13429,6511378,8780,5759099,555,554722,40929,1457136,494,30825,41505,1492449,0,15,64269,60044,14317709,12829733,0
2021-12-09,13371,6524749,8756,5767855,551,555273,40983,1498119,504,31329,41585,1534034,0,15,64264,59779.86,14381973,12852510,0
2021-12-10,13929,6538678,10162,5778017,666,555939,43820,1541939,541,31870,44449,1578483,0,15,69206,58853.86,14451179,12877355,0
2021-12-11,10200,6548878,8155,5786172,405,556344,26774,1568713,291,32161,27115,1605598,0,15,45876,57869.29,14497055,12896166,0
2021-12-12,5972,6554850,3858,5790030,287,556631,15208,1583921,137,32298,15369,1620967,0,15,25486,57431.71,14522541,12906307,0
2021-12-13,12103,6566953,7437,5797467,655,557286,38040,1621961,406,32704,38530,1659497,0,15,58725,56285.57,14581266,12926586,0
2021-12-14,12136,6579089,6949,5804416,730,558016,38292,1660253,448,33152,38808,1698305,0,15,58624,55207.14,14639890,12946470,0
2021-12-15,11986,6591075,6244,5810660,755,558771,38284,1698537,498,33650,38863,1737168,0,15,57849,54290,14697739,12965537,0
2021-12-16,13063,6604138,4266,5814926,737,559508,41259,1739796,469,34119,41802,1778970,0,15,59868,53662,14757607,12983677,0
2021-12-17,15828,6619966,6944,5821870,617,560125,46957,1786753,486,34605,47539,1826509,0,15,70928,53908,14828535,13007162,0
2021-12-18,12938,6632904,5735,5827605,432,560557,30708,1817461,279,34884,31044,1857553,1,16,50149,54518.43,14878684,13026323,0
2021-12-19,6958,6639862,2995,5830600,326,560883,18058,1835519,180,35064,18269,1875822,0,16,28548,54955.86,14907232,13036633,0
2021-12-20,16708,6656570,5856,5836456,745,561628,47653,1883172,585,35649,48319,1924141,0,16,71628,56799.14,14978860,13060023,0
2021-12-21,17834,6674404,6575,5843031,806,562434,49081,1932253,605,36254,49765,1973906,0,16,74981,59135.86,15053841,13085318,0
2021-12-22,18472,6692876,6556,5849587,938,563372,49841,1982094,547,36801,50467,2024373,1,17,76434,61790.86,15130275,13111363,0
2021-12-23,18932,6711808,6486,5856073,930,564302,46027,2028121,539,37340,46634,2071007,0,17,72982,63664.29,15203257,13137779,0
2021-12-24,9178,6720986,2958,5859031,598,564900,20659,2048780,213,37553,20906,2091913,0,17,33640,58337.43,15236897,13150547,0
2021-12-25,342,6721328,63,5859094,31,564931,427,2049207,8,37561,436,2092349,0,17,872,51297.86,15237769,13150984,0
2021-12-26,7915,6729243,3933,5863027,341,565272,17319,2066526,177,37738,17527,2109876,0,17,29716,51464.71,15267485,13163204,0
2021-12-27,21692,6750935,9212,5872239,934,566206,43568,2110094,569,38307,44210,2154086,0,17,76048,52096.14,15343533,13195115,0
2021-12-28,20047,6770982,8342,5880581,700,566906,47712,2157806,628,38935,48429,2202515,0,17,77518,52458.57,15421051,13224293,0
2021-12-29,18415,6789397,7672,5888253,606,567512,45692,2203498,498,39433,46264,2248779,0,17,72957,51961.86,15494008,13251060,0
2021-12-30,16807,6806204,7445,5895698,588,568100,44940,2248438,599,40032,45627,2294406,0,17,70468,51602.71,15564476,13275989,0
2021-12-31,5336,6811540,2820,5898518,193,568293,14798,2263236,189,40221,15009,2309415,0,17,23358,50133.86,15587834,13284360,0
2022-01-01,244,6811784,149,5898667,12,568305,504,2263740,36,40257,544,2309959,0,17,949,50144.86,15588783,13284769,0
2022-01-02,6402,6818186,5020,5903687,153,568458,11011,2274751,111,40368,11137,2321096,0,17,22712,49144.29,15611495,13296359,0
2022-01-03,14074,6832260,8529,5912216,515,568973,27032,2301783,349,40717,27424,2348520,2,19,50544,45500.86,15662039,13319520,0
2022-01-04,12768,6845028,8130,5920346,414,569387,27319,2329102,371,41088,27749,2376269,12,31,49070,41436.86,15711109,13340888,0
2022-01-05,11281,6856309,7032,5927378,386,569773,26041,2355143,316,41404,26400,2402669,0,31,45100,37457.29,15756209,13359631,0
2022-01-06,11306,6867615,7402,5934780,485,570258,27680,2382823,359,41763,28091,2430760,2,33,47285,34145.43,15803494,13378875,0
2022-01-07,10115,6877730,8459,5943239,339,570597,25244,2408067,333,42096,25611,2456371,0,33,44525,37169.29,15848019,13397823,0
2022-01-08,7640,6885370,8606,5951845,311,570908,19645,2427712,194,42290,19856,2476227,0,33,36414,42235.71,15884433,13414398,0
2022-01-09,4103,6889473,3844,5955689,214,571122,10083,2437795,98,42388,10192,2486419,1,34,18356,41613.43,15902789,13422572,0
2022-01-10,10135,6899608,8202,5963891,490,571612,24650,2462445,309,42697,25010,2511429,1,35,43837,40655.29,15946626,13441449,0
2022-01-11,8832,6908440,7991,5971882,522,572134,21081,2483526,298,42995,21423,2532852,0,35,38772,39184.14,15985398,13458842,0
2022-01-12,8886,6917326,8334,5980216,427,572561,22408,2505934,294,43289,22737,2555589,1,36,40386,38510.71,16025784,13476525,0
2022-01-13,8985,6926311,8873,5989089,451,573012,22959,2528893,338,43627,23335,2578924,1,37,41647,37705.29,16067431,13494874,0
2022-01-14,10057,6936368,8126,5997215,474,573486,26492,2555385,341,43968,26875,2605799,0,37,45532,37849.14,16112963,13513573,0
2022-01-15,6184,6942552,4319,6001534,180,573666,15173,2570558,185,44153,15381,2621180,0,37,26064,36370.57,16139027,13524279,0
2022-01-16,2889,6945441,3250,6004784,95,573761,7845,2578403,88,44241,7943,2629123,0,37,14178,35773.71,16153205,13530524,0
2022-01-17,6037,6951478,6759,6011543,363,574124,14725,2593128,225,44466,14968,2644091,0,37,28127,33529.43,16181332,13543701,0
2022-01-18,8113,6959591,10326,6021869,393,574517,19714,2612842,328,44794,20073,2664164,0,37,38905,33548.43,16220237,13562564,0
2022-01-19,7407,6966998,9262,6031131,303,574820,17763,2630605,284,45078,18079,2682243,1,38,35052,32786.43,16255289,13579568,0
2022-01-20,6226,6973224,8566,6039697,305,575125,15305,2645910,258,45336,15590,2697833,0,38,30688,31220.86,16285977,13594693,0
2022-01-21,7514,6980738,7522,6047219,276,575401,18552,2664462,293,45629,18870,2716703,1,39,34182,29599.43,16320159,13610029,0
2022-01-22,5173,6985911,4953,6052172,132,575533,11344,2675806,131,45760,11500,2728203,0,39,21758,28984.29,16341917,13620312,0
2022-01-23,2780,6988691,3336,6055508,97,575630,6250,2682056,79,45839,6337,2734540,0,39,12550,28751.71,16354467,13626533,0
2022-01-24,6323,6995014,8215,6063723,262,575892,15102,2697158,252,46091,15381,2749921,0,39,30182,29045.29,16384649,13641361,0
2022-01-25,6141,7001155,7957,6071680,230,576122,14742,2711900,292,46383,15068,2764989,0,39,29396,27686.86,16414045,13655723,0
2022-01-26,5709,7006864,7190,6078870,288,576410,14044,2725944,225,46608,14297,2779286,0,39,27484,26605.71,16441529,13668938,0
2022-01-27,5210,7012074,7098,6085968,320,576730,14123,2740067,239,46847,14401,2793687,0,39,27029,26083,16468558,13681605,0
2022-01-28,6211,7018285,7887,6093855,205,576935,16163,2756230,243,47090,16429,2810116,1,40,30733,25590.29,16499291,13695931,0
2022-01-29,834,7019119,729,6094584,28,576963,2544,2758774,40,47130,2587,2812703,0,40,4178,23078.86,16503469,13697525,0
2022-01-30,2072,7021191,3025,6097609,103,577066,4556,2763330,64,47194,4624,2817327,0,40,9824,22689.43,16513293,13702729,0
2022-01-31,4975,7026166,6595,6104204,219,577285,11414,2774744,204,47398,11633,2828960,0,40,23422,21723.71,16536715,13714533,0
2022-02-01,4796,7030962,6457,6110661,220,577505,10740,2785484,222,47620,10980,2839940,1,41,22454,20732,16559169,13726024,0
2022-02-02,4247,7035209,5936,6116597,212,577717,11261,2796745,244,47864,11523,2851463,0,41,21918,19936.86,16581087,13736437,0
2022-02-03,4202,7039411,5819,6122416,216,577933,11238,2807983,207,48071,11471,2862934,1,42,21709,19176.86,16602796,13746700,0
2022-02-04,4729,7044140,7121,6129537,214,578147,13251,2821234,241,48312,13517,2876451,0,42,25581,18440.86,16628377,13758789,0
2022-02-05,3557,7047697,6080,6135617,110,578257,8606,2829840,158,48470,8779,2885230,0,42,18526,20490.57,16646903,13768551,0
2022-02-06,2049,7049746,2138,6137755,120,578377,4651,2834491,105,48575,4760,2889990,0,42,9068,20382.57,16655971,13772863,0
2022-02-07,4120,7053866,4750,6142505,205,578582,10152,2844643,237,48812,10414,2900404,0,42,19489,19820.71,16675460,13781963,0
2022-02-08,4185,7058051,5608,6148113,214,578796,11352,2855995,315,49127,11692,2912096,0,42,21699,19712.86,16697159,13791995,0
2022-02-09,4108,7062159,5405,6153518,221,579017,11684,2867679,259,49386,11967,2924063,0,42,21701,19681.86,16718860,13801753,0
2022-02-10,3963,7066122,5129,6158647,243,579260,12215,2879894,292,49678,12536,2936599,0,42,21871,19705,16740731,13811117,0
2022-02-11,4491,7070613,5812,6164459,195,579455,13756,2893650,327,50005,14115,2950714,0,42,24613,19566.71,16765344,13821647,0
2022-02-12,3240,7073853,4354,6168813,97,579552,8822,2902472,220,50225,9053,2959767,0,42,16744,19312.14,16782088,13829349,0
2022-02-13,1510,7075363,1544,6170357,41,579593,4887,2907359,114,50339,5006,2964773,0,42,8101,19174,16790189,13832449,0
2022-02-14,2959,7078322,3630,6173987,167,579760,10593,2917952,330,50669,10950,2975723,1,43,17707,18919.43,16807896,13839232,0
2022-02-15,3518,7081840,4077,6178064,174,579934,12807,2930759,290,50959,13113,2988836,0,43,20882,18802.71,16828778,13847017,0
2022-02-16,3616,7085456,3910,6181974,199,580133,15768,2946527,298,51257,16101,3004937,0,43,23826,19106.29,16852604,13854777,0
2022-02-17,3987,7089443,4082,6186056,162,580295,18372,2964899,373,51630,18775,3023712,0,43,27006,19839.86,16879610,13863038,0
2022-02-18,4424,7093867,4791,6190847,190,580485,21568,2986467,466,52096,22057,3045769,1,44,31463,20818.43,16911073,13872466,0
2022-02-19,3232,7097099,2186,6193033,65,580550,11204,2997671,219,52315,11434,3057203,0,44,16917,20843.14,16927990,13877960,0
2022-02-20,1844,7098943,1446,6194479,59,580609,6598,3004269,115,52430,6720,3063923,0,44,10069,21124.29,16938059,13881316,0
2022-02-21,3073,7102016,2697,6197176,94,580703,8366,3012635,236,52666,8615,3072538,0,44,14479,20663.14,16952538,13887193,0
2022-02-22,4360,7106376,4265,6201441,174,580877,10851,3023486,258,52924,11126,3083664,0,44,19925,20526.43,16972463,13896009,0
2022-02-23,4230,7110606,3792,6205233,145,581022,10695,3034181,243,53167,10955,3094619,1,45,19123,19854.57,16991586,13904193,0
2022-02-24,3780,7114386,3664,6208897,108,581130,10202,3044383,241,53408,10461,3105080,1,46,18014,18570,17009600,13911763,0
2022-02-25,3589,7117975,3635,6212532,135,581265,9996,3054379,247,53655,10257,3115337,0,46,17616,16591.86,17027216,13919136,0
2022-02-26,2817,7120792,2591,6215123,74,581339,9527,3063906,161,53816,9696,3125033,0,46,15178,16343.43,17042394,13924626,0
2022-02-27,1763,7122555,1373,6216496,52,581391,6274,3070180,102,53918,6383,3131416,0,46,9571,16272.29,17051965,13927821,0
2022-02-28,3767,7126322,3138,6219634,140,581531,13154,3083334,258,54176,13436,3144852,0,46,20481,17129.71,17072446,13934890,0
2022-03-01,2115,7128437,2633,6222267,102,581633,5192,3088526,188,54364,5387,3150239,0,46,10237,15745.71,17082683,13939747,0
2022-03-02,1822,7130259,2449,6224716,107,581740,4149,3092675,211,54575,4371,3154610,0,46,8749,14263.71,17091432,13944136,0
2022-03-03,1928,7132187,2564,6227280,106,581846,3807,3096482,171,54746,3992,3158602,0,46,8590,12917.43,17100022,13948748,0
2022-03-04,2113,7134300,2883,6230163,66,581912,4337,3100819,211,54957,4560,3163162,0,46,9622,11775.43,17109644,13953822,0
2022-03-05,1609,7135909,2128,6232291,43,581955,3319,3104138,119,55076,3441,3166603,0,46,7221,10638.71,17116865,13957605,0
2022-03-06,793,7136702,881,6233172,30,581985,1627,3105765,55,55131,1685,3168288,0,46,3389,9755.57,17120254,13959312,0
2022-03-07,1658,7138360,1789,6234961,87,582072,3507,3109272,162,55293,3683,3171971,0,46,7217,7860.71,17127471,13962860,0
2022-03-08,1541,7139901,1898,6236859,80,582152,3132,3112404,154,55447,3298,3175269,0,46,6817,7372.14,17134288,13966391,0
2022-03-09,1260,7141161,1685,6238544,80,582232,2596,3115000,129,55576,2731,3178000,0,46,5756,6944.57,17140044,13969422,0
2022-03-10,1408,7142569,2098,6240642,85,582317,2973,3117973,165,55741,3147,3181147,0,46,6738,6680,17146782,13973022,0
2022-03-11,1595,7144164,2278,6242920,81,582398,3217,3121190,190,55931,3425,3184572,0,46,7379,6359.57,17154161,13976994,0
2022-03-12,876,7145040,1419,6244339,42,582440,2011,3123201,75,56006,2089,3186661,0,46,4426,5960.29,17158587,13979334,0
2022-03-13,624,7145664,757,6245096,28,582468,1291,3124492,50,56056,1344,3188005,0,46,2753,5869.43,17161340,13980746,0
2022-03-14,1359,7147023,1616,6246712,84,582552,3001,3127493,209,56265,3231,3191236,0,46,6290,5737,17167630,13983826,0
2022-03-15,1353,7148376,1926,6248638,63,582615,3072,3130565,236,56501,3316,3194552,0,46,6658,5714.29,17174288,13987176,0
2022-03-16,1395,7149771,2059,6250697,94,582709,3149,3133714,297,56798,3462,3198014,0,46,7010,5893.43,17181298,13990740,0
2022-03-17,1190,7150961,1808,6252505,70,582779,2766,3136480,268,57066,3048,3201062,0,46,6116,5804.57,17187414,13993822,0
2022-03-18,1577,7152538,2222,6254727,79,582858,3781,3140261,421,57487,4208,3205270,1,47,8087,5905.71,17195501,13997706,0
2022-03-19,1102,7153640,1736,6256463,54,582912,2606,3142867,232,57719,2843,3208113,0,47,5735,6092.71,17201236,14000603,0
2022-03-20,604,7154244,630,6257093,33,582945,1470,3144337,186,57905,1660,3209773,0,47,2927,6117.57,17204163,14001874,0
2022-03-21,1412,7155656,1560,6258653,73,583018,3062,3147399,361,58266,3445,3213218,1,48,6491,6146.29,17210654,14004941,0
2022-03-22,1340,7156996,1553,6260206,101,583119,2908,3150307,350,58616,3268,3216486,0,48,6262,6089.71,17216916,14007945,0
2022-03-23,1256,7158252,1361,6261567,66,583185,2923,3153230,375,58991,3308,3219794,0,48,5991,5944.14,17222907,14010638,0
2022-03-24,1207,7159459,1300,6262867,90,583275,2521,3155751,274,59265,2805,3222599,0,48,5402,5842.14,17228309,14013245,0
2022-03-25,1379,7160838,1636,6264503,62,583337,3269,3159020,386,59651,3668,3226267,0,48,6745,5650.43,17235054,14016335,0
2022-03-26,921,7161759,1169,6265672,36,583373,2311,3161331,254,59905,2573,3228840,0,48,4699,5502.43,17239753,14018469,0
2022-03-27,574,7162333,528,6266200,29,583402,1314,3162645,203,60108,1519,3230359,0,48,2650,5462.86,17242403,14019602,0
2022-03-28,1071,7163404,1170,6267370,69,583471,2445,3165090,366,60474,2829,3233188,0,48,5139,5269.71,17247542,14021930,0
2022-03-29,1044,7164448,1107,6268477,84,583555,2517,3167607,885,61359,3423,3236611,1,49,5658,5183.43,17253200,14024185,0
2022-03-30,1236,7165684,1138,6269615,99,583654,3065,3170672,3413,64772,6568,3243179,0,49,9041,5619.14,17262241,14026748,0
2022-03-31,1275,7166959,1250,6270865,58,583712,3163,3173835,5532,70304,8835,3252014,0,49,11419,6478.71,17273660,14029472,0
2022-04-01,1421,7168380,1487,6272352,77,583789,3246,3177081,6924,77228,10327,3262341,0,49,13312,7416.86,17286972,14032614,0
2022-04-02,906,7169286,910,6273262,33,583822,2085,3179166,4540,81768,6722,3269063,0,49,8571,7970,17295543,14034560,0
2022-04-03,553,7169839,492,6273754,28,583850,1220,3180386,3059,84827,4343,3273406,0,49,5416,8365.14,17300959,14035697,0
2022-04-04,1344,7171183,1301,6275055,62,583912,2721,3183107,7723,92550,10600,3284006,0,49,13307,9532,17314266,14038560,0
2022-04-05,1290,7172473,1154,6276209,66,583978,2846,3185953,7502,100052,10523,3294529,0,49,13033,10585.57,17327299,14041245,0
2022-04-06,1328,7173801,1175,6277384,61,584039,2627,3188580,6961,107013,9750,3304279,0,49,12314,11053.14,17339613,14043971,0
2022-04-07,1198,7174999,1061,6278445,57,584096,2378,3190958,6630,113643,9155,3313434,1,50,11472,11060.71,17351085,14046434,0
2022-04-08,1472,7176471,1411,6279856,61,584157,3168,3194126,8794,122437,12158,3325592,0,50,15102,11316.43,17366187,14049574,0
2022-04-09,907,7177378,925,6280781,29,584186,2083,3196209,4959,127396,7127,3332719,0,50,8988,11376,17375175,14051520,0
2022-04-10,573,7177951,459,6281240,25,584211,1169,3197378,2903,130299,4134,3336853,0,50,5191,11343.86,17380366,14052639,0
2022-04-11,1305,7179256,1225,6282465,61,584272,2653,3200031,7843,138142,10651,3347504,0,50,13242,11334.57,17393608,14055385,0
2022-04-12,1210,7180466,1054,6283519,73,584345,2522,3202553,7449,145591,10144,3357648,0,50,12481,11255.71,17406089,14057895,0
2022-04-13,1227,7181693,1075,6284594,60,584405,2513,3205066,7550,153141,10214,3367862,0,50,12576,11293.14,17418665,14060408,0
2022-04-14,1261,7182954,1095,6285689,58,584463,2442,3207508,6595,159736,9166,3377028,1,51,11581,11308.71,17430246,14062951,0
2022-04-15,1332,7184286,1093,6286782,53,584516,2555,3210063,6635,166371,9322,3386350,0,51,11800,10837,17442046,14065561,0
2022-04-16,853,7185139,651,6287433,34,584550,1642,3211705,3693,170064,5401,3391751,0,51,6939,10544.29,17448985,14067165,0
2022-04-17,345,7185484,201,6287634,27,584577,637,3212342,1159,171223,1819,3393570,0,51,2392,10144.43,17451377,14067761,0
2022-04-18,1378,7186862,1113,6288747,82,584659,2581,3214923,6418,177641,9142,3402712,0,51,11715,9926.29,17463092,14070477,0
2022-04-19,1408,7188270,934,6289681,71,584730,2575,3217498,5765,183406,8442,3411154,0,51,10855,9694,17473947,14072992,0
2022-04-20,1297,7189567,1150,6290831,65,584795,2712,3220210,6649,190055,9503,3420657,0,51,12015,9613.86,17485962,14075646,0
2022-04-21,1224,7190791,1062,6291893,53,584848,2339,3222549,5402,195457,7859,3428516,1,52,10199,9416.43,17496161,14078103,0
2022-04-22,1232,7192023,1038,6292931,46,584894,2240,3224789,5784,201241,8138,3436654,0,52,10454,9224.14,17506615,14080533,0
2022-04-23,711,7192734,751,6293682,59,584953,1428,3226217,3353,204594,4847,3441501,0,52,6368,9142.57,17512983,14082120,0
2022-04-24,445,7193179,343,6294025,27,584980,812,3227029,1845,206439,2690,3444191,0,52,3505,9301.57,17516488,14082968,0
2022-04-25,1037,7194216,916,6294941,64,585044,1850,3228879,5094,211533,7058,3451249,0,52,9076,8924.57,17525564,14085100,0
2022-04-26,947,7195163,856,6295797,76,585120,1748,3230627,4697,216230,6540,3457789,0,52,8419,8576.57,17533983,14087074,0
2022-04-27,1034,7196197,1021,6296818,80,585200,1924,3232551,5219,221449,7264,3465053,0,52,9399,8202.86,17543382,14089330,0
2022-04-28,1080,7197277,988,6297806,50,585250,2006,3234557,4747,226196,6867,3471920,1,53,8987,8029.71,17552369,14091563,0
2022-04-29,1173,7198450,1101,6298907,60,585310,2157,3236714,5439,231635,7711,3479631,0,53,10045,7971.29,17562414,14094012,0
2022-04-30,724,7199174,743,6299650,50,585360,1391,3238105,2967,234602,4405,3484036,0,53,5922,7907.57,17568336,14095576,0
2022-05-01,445,7199619,366,6300016,20,585380,766,3238871,1656,236258,2454,3486490,0,53,3285,7876.14,17571621,14096439,0
2022-05-02,1045,7200664,790,6300806,52,585432,1674,3240545,3823,240081,5567,3492057,2,55,7455,7644.57,17579076,14098395,0
2022-05-03,1118,7201782,863,6301669,61,585493,1993,3242538,4872,244953,6963,3499020,0,55,9005,7728.29,17588081,14100535,0
2022-05-04,1003,7202785,882,6302551,48,585541,1925,3244463,4682,249635,6697,3505717,0,55,8630,7618.43,17596711,14102558,0
2022-05-05,1071,7203856,952,6303503,86,585627,1927,3246390,4888,254523,6915,3512632,0,55,9024,7623.71,17605735,14104767,0
2022-05-06,1095,7204951,956,6304459,51,585678,1859,3248249,4403,258926,6340,3518972,2,57,8442,7394.71,17614177,14106945,0
2022-05-07,659,7205610,590,6305049,32,585710,1205,3249454,2435,261361,3680,3522652,1,58,4961,7257.43,17619138,14108265,0
2022-05-08,411,7206021,243,6305292,17,585727,664,3250118,1388,262749,2074,3524726,0,58,2745,7180.29,17621883,14108958,0
2022-05-09,1077,7207098,943,6306235,60,585787,1892,3252010,4438,267187,6423,3531149,0,58,8503,7330,17630386,14111131,0
2022-05-10,1093,7208191,927,6307162,54,585841,1979,3253989,4723,271910,6810,3537959,0,58,8884,7312.71,17639270,14113313,0
2022-05-11,1084,7209275,972,6308134,44,585885,1941,3255930,4845,276755,6888,3544847,0,58,8988,7363.86,17648258,14115515,0
2022-05-12,1098,7210373,949,6309083,60,585945,2002,3257932,4667,281422,6770,3551617,0,58,8877,7342.86,17657135,14117723,0
2022-05-13,1152,7211525,1039,6310122,44,585989,2074,3260006,4811,286233,6978,3558595,0,58,9213,7453,17666348,14120051,0
2022-05-14,827,7212352,671,6310793,31,586020,1469,3261475,2963,289196,4474,3563069,0,58,6003,7601.86,17672351,14121622,0
2022-05-15,508,7212860,355,6311148,22,586042,924,3262399,1650,290846,2600,3565669,0,58,3485,7707.57,17675836,14122533,0
2022-05-16,1224,7214084,854,6312002,62,586104,1832,3264231,3870,294716,5765,3571434,1,59,7906,7622.29,17683742,14124736,0
2022-05-17,1284,7215368,932,6312934,79,586183,2047,3266278,4899,299615,7040,3578474,1,60,9336,7686.86,17693078,14127125,0
2022-05-18,1236,7216604,899,6313833,82,586265,2063,3268341,4946,304561,7122,3585596,1,61,9340,7737.14,17702418,14129455,0
2022-05-19,1157,7217761,880,6314713,36,586301,2118,3270459,4733,309294,6937,3592533,0,61,9010,7756.14,17711428,14131614,0
2022-05-20,1196,7218957,960,6315673,73,586374,2370,3272829,5213,314507,7694,3600227,1,62,9926,7858,17721354,14133956,0
2022-05-21,831,7219788,647,6316320,23,586397,1726,3274555,3311,317818,5098,3605325,0,62,6599,7943.14,17727953,14135518,0
2022-05-22,506,7220294,292,6316612,22,586419,1136,3275691,1840,319658,3010,3608335,0,62,3830,7992.43,17731783,14136372,0
2022-05-23,1217,7221511,884,6317496,52,586471,2190,3277881,4713,324371,7004,3615339,1,63,9158,8171.29,17740941,14138626,0
2022-05-24,1404,7222915,934,6318430,66,586537,2306,3280187,4494,328865,6904,3622243,0,63,9309,8167.43,17750250,14141135,0
2022-05-25,1410,7224325,956,6319386,56,586593,2265,3282452,4276,333141,6641,3628884,0,63,9064,8128,17759314,14143658,0
2022-05-26,1167,7225492,890,6320276,60,586653,2274,3284726,4155,337296,6497,3635381,1,64,8616,8071.71,17767930,14145844,0
2022-05-27,1244,7226736,956,6321232,38,586691,2495,3287221,3927,341223,6499,3641880,0,64,8738,7902,17776668,14148160,0
2022-05-28,710,7227446,517,6321749,19,586710,1785,3289006,2066,343289,3891,3645771,0,64,5137,7693.14,17781805,14149446,0
2022-05-29,472,7227918,216,6321965,11,586721,760,3289766,1126,344415,1906,3647677,0,64,2605,7518.14,17784410,14150165,0
2022-05-30,91,7228009,62,6322027,6,586727,139,3289905,144,344559,285,3647962,1,65,445,6273.43,17784855,14150326,0
2022-05-31,1135,7229144,918,6322945,51,586778,1900,3291805,3055,347614,5016,3652978,0,65,7120,5960.71,17791975,14152491,0
2022-06-01,1152,7230296,850,6323795,63,586841,1969,3293774,3433,351047,5478,3658456,0,65,7543,5743.43,17799518,14154632,0
2022-06-02,1027,7231323,799,6324594,72,586913,1828,3295602,3177,354224,5067,3663523,0,65,6965,5507.57,17806483,14156592,0
2022-06-03,1156,7232479,895,6325489,47,586960,2071,3297673,3496,357720,5636,3669159,0,65,7734,5364.14,17814217,14158759,0
2022-06-04,721,7233200,584,6326073,26,586986,1559,3299232,1906,359626,3503,3672662,0,65,4836,5321.14,17819053,14160130,0
2022-06-05,448,7233648,297,6326370,1,586987,880,3300112,981,360607,1870,3674532,0,65,2616,5322.71,17821669,14160885,0
2022-06-06,1122,7234770,827,6327197,64,587051,1758,3301870,2746,363353,4555,3679087,0,65,6568,6197.43,17828237,14162949,0
2022-06-07,1017,7235787,772,6327969,70,587121,1797,3303667,2570,365923,4414,3683501,0,65,6274,6076.57,17834511,14164856,0
2022-06-08,1090,7236877,836,6328805,75,587196,1877,3305544,2754,368677,4693,3688194,1,66,6694,5955.29,17841205,14166918,0
2022-06-09,1138,7238015,839,6329644,62,587258,2230,3307774,2693,371370,4975,3693169,0,66,7014,5962.29,17848219,14169009,0
2022-06-10,1045,7239060,816,6330460,75,587333,1881,3309655,2834,374204,4772,3697941,0,66,6708,5815.71,17854927,14171002,0
2022-06-11,678,7239738,507,6330967,25,587358,1333,3310988,1505,375709,2865,3700806,0,66,4075,5707,17859002,14172239,0
2022-06-12,350,7240088,287,6331254,21,587379,877,3311865,774,376483,1661,3702467,0,66,2319,5664.57,17861321,14172907,0
2022-06-13,1028,7241116,768,6332022,62,587441,1581,3313446,2189,378672,3810,3706277,0,66,5669,5536.14,17866990,14174806,0
2022-06-14,973,7242089,833,6332855,64,587505,1693,3315139,2505,381177,4260,3710537,0,66,6130,5515.57,17873120,14176738,0
2022-06-15,969,7243058,865,6333720,39,587544,1666,3316805,2429,383606,4154,3714691,0,66,6027,5420.29,17879147,14178670,0
2022-06-16,960,7244018,776,6334496,59,587603,1835,3318640,2367,385973,4256,3718947,1,67,6051,5282.71,17885198,14180518,0
2022-06-17,899,7244917,797,6335293,48,587651,1772,3320412,2405,388378,4222,3723169,1,68,5968,5177,17891166,14182308,0
2022-06-18,659,7245576,522,6335815,26,587677,1284,3321696,1297,389675,2610,3725779,2,70,3817,5140.14,17894983,14183542,0
2022-06-19,346,7245922,231,6336046,16,587693,728,3322424,611,390286,1351,3727130,0,70,1944,5086.57,17896927,14184147,0
2022-06-20,829,7246751,488,6336534,41,587734,1580,3324004,1613,391899,3232,3730362,0,70,4590,4932.43,17901517,14185544,0
2022-06-21,1130,7247881,740,6337274,49,587783,1703,3325707,2143,394042,3902,3734264,0,70,5822,4888.43,17907339,14187520,0
2022-06-22,1958,7249839,836,6338110,46,587829,1710,3327417,1996,396038,3749,3738013,0,70,6589,4968.71,17913928,14190403,0
2022-06-23,2117,7251956,763,6338873,66,587895,1704,3329121,2157,398195,3913,3741926,0,70,6859,5084.14,17920787,14193401,0
2022-06-24,2169,7254125,761,6339634,48,587943,1626,3330747,2157,400352,3831,3745757,0,70,6809,5204.29,17927596,14196427,0
2022-06-25,2138,7256263,497,6340131,15,587958,1238,3331985,1142,401494,2396,3748153,0,70,5049,5380.29,17932645,14199096,0
2022-06-26,1209,7257472,248,6340379,14,587972,687,3332672,531,402025,1224,3749377,0,70,2695,5487.57,17935340,14200573,0
2022-06-27,1532,7259004,655,6341034,60,588032,1472,3334144,1654,403679,3168,3752545,0,70,5416,5605.57,17940756,14202863,0
2022-06-28,1689,7260693,829,6341863,57,588089,1864,3336008,2144,405823,4053,3756598,0,70,6628,5720.71,17947384,14205483,0
2022-06-29,1857,7262550,776,6342639,48,588137,1718,3337726,1928,407751,3686,3760284,0,70,6367,5689,17953751,14208204,0
2022-06-30,1866,7264416,807,6343446,46,588183,1735,3339461,2134,409885,3913,3764197,0,70,6632,5656.57,17960383,14210967,0
2022-07-01,1606,7266022,597,6344043,26,588209,1399,3340860,1728,411613,3160,3767357,0,70,5389,5453.71,17965772,14213229,0
2022-07-02,979,7267001,390,6344433,19,588228,841,3341701,940,412553,1799,3769156,1,71,3187,5187.71,17968959,14214634,0
2022-07-03,529,7267530,205,6344638,7,588235,461,3342162,486,413039,950,3770106,0,71,1691,5044.29,17970650,14215378,0
2022-07-04,36,7267566,25,6344663,1,588236,31,3342193,38,413077,69,3770175,0,71,131,4289.29,17970781,14215440,0
2022-07-05,1296,7268862,757,6345420,35,588271,1406,3343599,1739,414816,3176,3773351,0,71,5264,4094.43,17976045,14217559,0
2022-07-06,1611,7270473,677,6346097,44,588315,1443,3345042,1844,416660,3329,3776680,0,71,5661,3993.57,17981706,14219933,0
2022-07-07,1591,7272064,713,6346810,48,588363,1528,3346570,2002,418662,3569,3780249,0,71,5921,3892,17987627,14222324,0
2022-07-08,1634,7273698,651,6347461,37,588400,1474,3348044,1980,420642,3504,3783753,0,71,5827,3954.57,17993454,14224697,0
2022-07-09,984,7274682,435,6347896,26,588426,884,3348928,1347,421989,2262,3786015,0,71,3707,4028.86,17997161,14226173,0
2022-07-10,637,7275319,187,6348083,17,588443,430,3349358,659,422648,1099,3787114,0,71,1940,4064.43,17999101,14227024,0
2022-07-11,1395,7276714,635,6348718,49,588492,1446,3350804,2212,424860,3693,3790807,0,71,5772,4870.29,18004873,14229138,0
2022-07-12,1407,7278121,687,6349405,45,588537,1405,3352209,2514,427374,3994,3794801,0,71,6133,4994.43,18011006,14231352,0
2022-07-13,1614,7279735,725,6350130,37,588574,1524,3353733,2841,430215,4430,3799231,0,71,6806,5158,18017812,14233793,0
2022-07-14,1588,7281323,842,6350972,47,588621,1605,3355338,3063,433278,4746,3803977,0,71,7224,5344.14,18025036,14236349,0
2022-07-15,1615,7282938,937,6351909,47,588668,1579,3356917,3056,436334,4695,3808672,0,71,7294,5553.71,18032330,14239008,0
2022-07-16,880,7283818,586,6352495,9,588677,985,3357902,1702,438036,2717,3811389,1,72,4193,5623.14,18036523,14240513,0
2022-07-17,550,7284368,289,6352784,16,588693,527,3358429,1168,439204,1719,3813108,0,72,2574,5713.71,18039097,14241392,0
2022-07-18,1405,7285773,844,6353628,45,588738,1429,3359858,2466,441670,3952,3817060,0,72,6246,5781.43,18045343,14243743,0
2022-07-19,1439,7287212,976,6354604,51,588789,1543,3361401,2804,444474,4439,3821499,0,72,6905,5891.71,18052248,14246301,0
2022-07-20,1383,7288595,1485,6356089,50,588839,1352,3362753,2394,446868,3808,3825307,0,72,6727,5880.43,18058975,14249282,0
2022-07-21,1333,7289928,1436,6357525,50,588889,1398,3364151,2362,449230,3809,3829116,0,72,6628,5795.29,18065603,14252150,0
2022-07-22,1429,7291357,1570,6359095,42,588931,1563,3365714,2856,452086,4502,3833618,0,72,7543,5830.86,18073146,14255274,0
2022-07-23,907,7292264,1103,6360198,17,588948,998,3366712,1555,453641,2588,3836206,3,75,4618,5891.57,18077764,14257336,0
2022-07-24,483,7292747,642,6360840,14,588962,504,3367216,805,454446,1317,3837523,0,75,2457,5874.86,18080221,14258484,0
2022-07-25,1230,7293977,765,6361605,59,589021,1263,3368479,2065,456511,3381,3840904,0,75,5435,5759,18085656,14260591,0
2022-07-26,1234,7295211,1024,6362629,41,589062,1478,3369957,2444,458955,3981,3844885,0,75,6280,5669.71,18091936,14262949,0
2022-07-27,1319,7296530,1279,6363908,42,589104,1395,3371352,2191,461146,3647,3848532,3,78,6291,5607.43,18098227,14265651,0
2022-07-28,1312,7297842,1424,6365332,72,589176,1425,3372777,2217,463363,3692,3852224,1,79,6501,5589.29,18104728,14268509,0
2022-07-29,1318,7299160,1432,6366764,64,589240,1359,3374136,2161,465524,3563,3855787,0,79,6377,5422.71,18111105,14271366,0
2022-07-30,738,7299898,721,6367485,25,589265,795,3374931,961,466485,1777,3857564,0,79,3264,5229.29,18114369,14272874,0
2022-07-31,422,7300320,590,6368075,14,589279,488,3375419,571,467056,1065,3858629,0,79,2091,5177,18116460,14273906,0
2022-08-01,1245,7301565,913,6368988,55,589334,1334,3376753,1510,468566,2890,3861519,1,80,5104,5129.71,18121564,14276165,0
2022-08-02,1229,7302794,1015,6370003,73,589407,1349,3378102,1601,470167,2996,3864515,0,80,5313,4991.57,18126877,14278528,0
2022-08-03,1264,7304058,1191,6371194,41,589448,1343,3379445,1531,471698,2914,3867429,1,81,5411,4865.86,18132288,14281064,0
2022-08-04,1190,7305248,1188,6372382,58,589506,1289,3380734,1458,473156,2778,3870207,0,81,5214,4682,18137502,14283531,0
2022-08-05,1315,7306563,1452,6373834,49,589555,1317,3382051,1442,474598,2783,3872990,0,81,5599,4570.86,18143101,14286371,0
2022-08-06,696,7307259,843,6374677,14,589569,766,3382817,777,475375,1568,3874558,0,81,3122,4550.57,18146223,14287950,0
2022-08-07,390,7307649,454,6375131,14,589583,427,3383244,358,475733,796,3875354,0,81,1654,4488.14,18147877,14288819,0
2022-08-08,1193,7308842,934,6376065,70,589653,1278,3384522,1186,476919,2494,3877848,0,81,4691,4429.14,18152568,14291046,0
2022-08-09,1134,7309976,890,6376955,38,589691,1233,3385755,1163,478082,2428,3880276,1,82,4491,4311.71,18157059,14293140,0
2022-08-10,1222,7311198,1115,6378070,59,589750,1261,3387016,1247,479329,2543,3882819,0,82,4939,4244.29,18161998,14295571,0
2022-08-11,1281,7312479,1070,6379140,84,589834,1212,3388228,1280,480609,2530,3885349,0,82,4965,4208.71,18166963,14298044,0
2022-08-12,1293,7313772,1411,6380551,55,589889,1268,3389496,1250,481859,2550,3887899,0,82,5309,4167.29,18172272,14300835,0
2022-08-13,756,7314528,789,6381340,15,589904,764,3390260,634,482493,1416,3889315,0,82,2976,4146.43,18175248,14302413,0
2022-08-14,469,7314997,477,6381817,20,589924,406,3390666,282,482775,691,3890006,0,82,1657,4146.86,18176905,14303382,0
2022-08-15,1246,7316243,1066,6382883,60,589984,1317,3391983,992,483767,2350,3892356,1,83,4723,4151.43,18181628,14305795,0
2022-08-16,1307,7317550,869,6383752,50,590034,1369,3393352,1079,484846,2480,3894836,0,83,4707,4182.29,18186335,14308054,0
2022-08-17,1213,7318763,960,6384712,39,590073,1235,3394587,1005,485851,2279,3897115,1,84,4492,4118.43,18190827,14310305,0
2022-08-18,1168,7319931,944,6385656,45,590118,1269,3395856,949,486800,2243,3899358,0,84,4400,4037.71,18195227,14312487,0
2022-08-19,1254,7321185,1136,6386792,34,590152,1121,3396977,978,487778,2130,3901488,6,90,4560,3930.71,18199787,14314942,0
2022-08-20,591,7321776,493,6387285,16,590168,635,3397612,516,488294,1164,3902652,1,91,2265,3829.14,18202052,14316055,0
2022-08-21,358,7322134,243,6387528,9,590177,382,3397994,267,488561,652,3903304,0,91,1262,3772.71,18203314,14316668,0
2022-08-22,1221,7323355,924,6388452,40,590217,1237,3399231,889,489450,2153,3905457,0,91,4338,3717.71,18207652,14318880,0
2022-08-23,1239,7324594,1050,6389502,48,590265,1383,3400614,962,490412,2373,3907830,3,94,4713,3718.57,18212365,14321245,0
2022-08-24,1265,7325859,1016,6390518,29,590294,1296,3401910,821,491233,2143,3909973,0,94,4454,3713.14,18216819,14323582,0
2022-08-25,1221,7327080,995,6391513,66,590360,1192,3403102,813,492046,2021,3911994,4,98,4306,3699.71,18221125,14325879,0
2022-08-26,1188,7328268,1179,6392692,56,590416,1193,3404295,780,492826,1994,3913988,1,99,4417,3679.29,18225542,14328322,0
2022-08-27,695,7328963,542,6393234,14,590430,685,3404980,404,493230,1102,3915090,4,103,2357,3692.43,18227899,14329586,0
2022-08-28,378,7329341,240,6393474,10,590440,442,3405422,228,493458,673,3915763,0,103,1301,3698,18229200,14330217,0
2022-08-29,1254,7330595,982,6394456,41,590481,1230,3406652,689,494147,1940,3917703,0,103,4218,3680.86,18233418,14332516,0
2022-08-30,1267,7331862,942,6395398,36,590517,1273,3407925,766,494913,2070,3919773,2,105,4317,3624.29,18237735,14334792,0
2022-08-31,1154,7333016,1014,6396412,43,590560,1105,3409030,573,495486,1699,3921472,0,105,3911,3546.71,18241646,14337025,0
2022-09-01,1026,7334042,963,6397375,51,590611,810,3409840,456,495942,1280,3922752,5,110,3326,3406.71,18244972,14339080,0
2022-09-02,977,7335019,1020,6398395,32,590643,595,3410435,175,496117,777,3923529,92,202,2883,3187.57,18247855,14341101,0
2022-09-03,532,7335551,450,6398845,12,590655,370,3410805,50,496167,424,3923953,314,516,1683,3091.29,18249538,14342050,0
2022-09-04,252,7335803,212,6399057,10,590665,189,3410994,25,496192,216,3924169,312,828,959,3042.43,18250497,14342483,0
2022-09-05,78,7335881,71,6399128,7,590672,44,3411038,16,496208,61,3924230,9,837,226,2472.14,18250723,14342640,0
2022-09-06,1129,7337010,1228,6400356,51,590723,636,3411674,130,496338,775,3925005,1269,2106,4233,2460.14,18254956,14344838,0
2022-09-07,1474,7338484,1380,6401736,38,590761,484,3412158,156,496494,660,3925665,6446,8552,9119,3204.14,18264075,14346871,0
2022-09-08,1521,7340005,1196,6402932,36,590797,253,3412411,111,496605,380,3926045,7795,16347,9815,4131.14,18273890,14348527,0
2022-09-09,1551,7341556,1611,6404543,49,590846,285,3412696,122,496727,438,3926483,9887,26234,12370,5486.43,18286260,14350603,0
2022-09-10,845,7342401,839,6405382,12,590858,270,3412966,45,496772,328,3926811,5317,31551,6759,6211.57,18293019,14351730,0
2022-09-11,494,7342895,441,6405823,11,590869,86,3413052,30,496802,125,3926936,3942,35493,4530,6721.71,18297549,14352202,0
2022-09-12,1671,7344566,1437,6407260,39,590908,206,3413258,92,496894,332,3927268,11658,47151,13540,8623.71,18311089,14353786,0
2022-09-13,1398,7345964,1271,6408531,33,590941,221,3413479,118,497012,388,3927656,9734,56885,11738,9695.86,18322827,14355451,0
2022-09-14,1409,7347373,1272,6409803,32,590973,227,3413706,125,497137,391,3928047,11028,67913,13079,10261.57,18335906,14357150,0
2022-09-15,1562,7348935,1280,6411083,23,590996,227,3413933,109,497246,371,3928418,12085,79998,14108,10874.86,18350014,14358837,0
2022-09-16,1683,7350618,1631,6412714,27,591023,270,3414203,157,497403,482,3928900,13804,93802,16266,11431.43,18366280,14360872,0
2022-09-17,800,7351418,867,6413581,12,591035,275,3414478,78,497481,376,3929276,7003,100805,8411,11667.43,18374691,14361927,0
2022-09-18,520,7351938,411,6413992,7,591042,74,3414552,26,497507,113,3929389,4484,105289,4976,11731.14,18379667,14362319,0
2022-09-19,1550,7353488,1325,6415317,29,591071,227,3414779,98,497605,351,3929740,13812,119101,15515,12013.29,18395182,14363697,0
2022-09-20,1439,7354927,1250,6416567,27,591098,223,3415002,91,497696,361,3930101,13214,132315,15016,12481.57,18410198,14365185,0
2022-09-21,1666,7356593,1351,6417918,31,591129,261,3415263,131,497827,426,3930527,14938,147253,16845,13019.57,18427043,14366700,0
2022-09-22,1470,7358063,1261,6419179,28,591157,174,3415437,139,497966,358,3930885,13231,160484,15051,13154.29,18442094,14368207,0
2022-09-23,1736,7359799,1649,6420828,24,591181,252,3415689,145,498111,460,3931345,16946,177430,19249,13580.43,18461343,14370113,0
2022-09-24,799,7360598,887,6421715,8,591189,272,3415961,68,498179,359,3931704,7505,184935,8854,13643.71,18470197,14371122,0
2022-09-25,484,7361082,392,6422107,1,591190,72,3416033,47,498226,128,3931832,4508,189443,4995,13646.43,18475192,14371490,0
2022-09-26,1571,7362653,1245,6423352,16,591206,290,3416323,144,498370,492,3932324,15012,204455,16711,13817.29,18491903,14372755,0
2022-09-27,1535,7364188,1309,6424661,26,591232,283,3416606,174,498544,493,3932817,14158,218613,16151,13979.43,18508054,14374291,0
2022-09-28,1619,7365807,1299,6425960,18,591250,190,3416796,186,498730,429,3933246,15512,234125,17287,14042.57,18525341,14375690,0
2022-09-29,1679,7367486,1298,6427258,19,591269,179,3416975,96,498826,312,3933558,15374,249499,17222,14352.71,18542563,14377263,0
2022-09-30,1639,7369125,1553,6428811,13,591282,182,3417157,177,499003,405,3933963,16485,265984,18652,14267.43,18561215,14379071,0
2022-10-01,719,7369844,669,6429480,5,591287,138,3417295,34,499037,181,3934144,7054,273038,7944,14137.43,18569159,14379789,0
2022-10-02,511,7370355,428,6429908,5,591292,48,3417343,45,499082,107,3934251,4428,277466,4838,14115,18573997,14380106,0
2022-10-03,1551,7371906,1190,6431098,23,591315,156,3417499,114,499196,317,3934568,14569,292035,15974,14009.71,18589971,14381241,0
2022-10-04,1382,7373288,1157,6432255,15,591330,149,3417648,121,499317,298,3934866,13400,305435,14794,13815.86,18604765,14382365,0
2022-10-05,1590,7374878,1284,6433539,17,591347,283,3417931,164,499481,500,3935366,14864,320299,16689,13730.43,18621454,14383743,0
2022-10-06,1487,7376365,1249,6434788,19,591366,166,3418097,161,499642,385,3935751,14956,335255,16619,13644.29,18638073,14385079,0
2022-10-07,1660,7378025,1426,6436214,15,591381,171,3418268,135,499777,367,3936118,17110,352365,19069,13703.86,18657142,14386732,0
2022-10-08,762,7378787,680,6436894,4,591385,146,3418414,62,499839,225,3936343,7712,360077,8640,13803.29,18665782,14387452,0
2022-10-09,489,7379276,409,6437303,5,591390,47,3418461,55,499894,120,3936463,4694,364771,5119,13843.43,18670901,14387775,0
2022-10-10,1544,7380820,1251,6438554,14,591404,174,3418635,120,500014,333,3936796,15206,379977,16508,13919.71,18687409,14388783,0
2022-10-11,1638,7382458,1101,6439655,19,591423,178,3418813,154,500168,388,3937184,14320,394297,15854,14071.14,18703263,14389985,0
2022-10-12,1865,7384323,1321,6440976,17,591440,134,3418947,186,500354,387,3937571,16283,410580,17887,14242.29,18721150,14391269,0
2022-10-13,1616,7385939,1150,6442126,28,591468,135,3419082,201,500555,407,3937978,14038,424618,15575,14093.14,18736725,14392470,0
2022-10-14,1815,7387754,1540,6443666,25,591493,130,3419212,181,500736,364,3938342,17211,441829,19195,14111.14,18755920,14394143,0
2022-10-15,767,7388521,639,6444305,9,591502,90,3419302,68,500804,179,3938521,7614,449443,8470,14086.86,18764390,14394841,0
2022-10-16,564,7389085,410,6444715,3,591505,25,3419327,65,500869,121,3938642,4725,454168,5168,14093.86,18769558,14395194,0
2022-10-17,1816,7390901,1250,6445965,18,591523,83,3419410,116,500985,236,3938878,16074,470242,17395,14220.57,18786953,14396316,0
2022-10-18,1686,7392587,1170,6447135,20,591543,100,3419510,135,501120,282,3939160,14640,484882,16012,14243.14,18802965,14397453,0
2022-10-19,2088,7394675,1329,6448464,21,591564,84,3419594,142,501262,289,3939449,16232,501114,17704,14217,18820669,14398699,0
2022-10-20,1687,7396362,1166,6449630,11,591575,88,3419682,147,501409,302,3939751,15402,516516,16850,14399.14,18837519,14399912,0
2022-10-21,1803,7398165,1343,6450973,12,591587,93,3419775,150,501559,298,3940049,16737,533253,18404,14286.14,18855923,14401336,0
2022-10-22,742,7398907,668,6451641,9,591596,44,3419819,46,501605,100,3940149,7690,540943,8419,14278.86,18864342,14401975,0
2022-10-23,519,7399426,369,6452010,3,591599,22,3419841,39,501644,70,3940219,4803,545746,5080,14266.29,18869422,14402191,0
2022-10-24,1743,7401169,1207,6453217,19,591618,70,3419911,112,501756,224,3940443,15556,561302,16843,14187.43,18886265,14403296,0
2022-10-25,1661,7402830,1189,6454406,12,591630,94,3420005,110,501866,233,3940676,15044,576346,16349,14235.57,18902614,14404397,0
2022-10-26,1855,7404685,1330,6455736,11,591641,90,3420095,168,502034,334,3941010,16818,593164,18288,14319,18920902,14405609,0
2022-10-27,1581,7406266,1075,6456811,13,591654,91,3420186,128,502162,272,3941282,15117,608281,16416,14257,18937318,14406689,0
2022-10-28,1702,7407968,1425,6458236,17,591671,107,3420293,153,502315,319,3941601,16764,625045,18577,14281.71,18955895,14408242,0
2022-10-29,696,7408664,544,6458780,9,591680,69,3420362,57,502372,140,3941741,7744,632789,8414,14281,18964309,14408786,0
2022-10-30,521,7409185,305,6459085,3,591683,19,3420381,57,502429,92,3941833,4489,637278,4777,14237.71,18969086,14408998,0
2022-10-31,1677,7410862,1105,6460190,8,591691,47,3420428,127,502556,218,3942051,14592,651870,15538,14051.29,18984624,14409770,0
2022-11-01,1665,7412527,1021,6461211,18,591709,78,3420506,127,502683,237,3942288,13622,665492,14937,13849.57,18999561,14410880,0
2022-11-02,1737,7414264,1125,6462336,17,591726,91,3420597,122,502805,255,3942543,14873,680365,16145,13543.43,19015706,14411939,0
2022-11-03,1421,7415685,1033,6463369,14,591740,84,3420681,167,502972,328,3942871,12623,692988,13902,13184.29,19029608,14412967,0
2022-11-04,1740,7417425,1218,6464587,14,591754,101,3420782,140,503112,275,3943146,15433,708421,17032,12963.57,19046640,14414325,0
2022-11-05,824,7418249,529,6465116,6,591760,65,3420847,82,503194,161,3943307,7044,715465,7756,12869.57,19054396,14414890,0
2022-11-06,408,7418657,330,6465446,4,591764,20,3420867,49,503243,106,3943413,4072,719537,4412,12817.43,19058808,14415161,0
2022-11-07,1640,7420297,1068,6466514,14,591778,75,3420942,101,503344,212,3943625,13220,732757,14381,12652.14,19073189,14416146,0
2022-11-08,1532,7421829,1010,6467524,8,591786,97,3421039,132,503476,270,3943895,12065,744822,13329,12422.43,19086518,14417181,0
2022-11-09,1571,7423400,1059,6468583,9,591795,85,3421124,114,503590,246,3944141,12191,757013,13455,12038.14,19099973,14418246,0
2022-11-10,1486,7424886,1009,6469592,14,591809,73,3421197,147,503737,276,3944417,12343,769356,13619,11997.71,19113592,14419302,0
2022-11-11,1502,7426388,1076,6470668,11,591820,101,3421298,102,503839,224,3944641,12875,782231,14304,11608,19127896,14420528,0
2022-11-12,672,7427060,513,6471181,2,591822,57,3421355,61,503900,128,3944769,6429,788660,7048,11506.86,19134944,14421029,0
2022-11-13,496,7427556,340,6471521,4,591826,15,3421370,68,503968,98,3944867,3893,792553,4210,11478,19139154,14421263,0
2022-11-14,1444,7429000,1025,6472546,19,591845,59,3421429,114,504082,204,3945071,11629,804182,12743,11244,19151897,14422204,0
2022-11-15,1488,7430488,999,6473545,15,591860,103,3421532,164,504246,293,3945364,11272,815454,12650,11147,19164547,14423315,0
2022-11-16,1600,7432088,1033,6474578,21,591881,66,3421598,147,504393,249,3945613,11560,827014,12808,11054.57,19177355,14424350,0
2022-11-17,1421,7433509,976,6475554,10,591891,72,3421670,189,504582,302,3945915,10538,837552,11866,10804.14,19189221,14425417,0
2022-11-18,1585,7435094,1103,6476657,12,591903,69,3421739,117,504699,216,3946131,12404,849956,13996,10760.14,19203217,14426823,0
2022-11-19,677,7435771,437,6477094,4,591907,57,3421796,63,504762,129,3946260,5910,855866,6567,10691.43,19209784,14427360,0
2022-11-20,477,7436248,306,6477400,4,591911,12,3421808,35,504797,64,3946324,3538,859404,3838,10638.29,19213622,14427613,0
2022-11-21,1519,7437767,920,6478320,4,591915,51,3421859,81,504878,149,3946473,10395,869799,11371,10442.29,19224993,14428457,0
2022-11-22,1272,7439039,816,6479136,7,591922,53,3421912,92,504970,163,3946636,9264,879063,10289,10105,19235282,14429337,0
2022-11-23,1292,7440331,734,6479870,11,591933,65,3421977,79,505049,170,3946806,8670,887733,9610,9648.14,19244892,14430133,0
2022-11-24,18,7440349,10,6479880,2,591935,0,3421977,6,505055,8,3946814,112,887845,137,7972.57,19245029,14430152,0
2022-11-25,680,7441029,475,6480355,14,591949,37,3422014,55,505110,111,3946925,5682,893527,6418,6890,19251447,14430796,0
2022-11-26,591,7441620,379,6480734,2,591951,15,3422029,43,505153,62,3946987,4895,898422,5330,6713.29,19256777,14431173,0
2022-11-27,398,7442018,219,6480953,1,591952,11,3422040,23,505176,49,3947036,3170,901592,3351,6643.71,19260128,14431320,0
2022-11-28,951,7442969,697,6481650,10,591962,58,3422098,64,505240,143,3947179,6945,908537,7912,6149.57,19268040,14432165,0
2022-11-29,927,7443896,708,6482358,8,591970,46,3422144,73,505313,145,3947324,6930,915467,7968,5818,19276008,14433084,0
2022-11-30,1212,7445108,867,6483225,16,591986,50,3422194,54,505367,123,3947447,8725,924192,9731,5835.29,19285739,14433986,0
2022-12-01,1129,7446237,767,6483992,13,591999,61,3422255,96,505463,183,3947630,8467,932659,9536,7178,19295275,14434898,0
2022-12-02,1316,7447553,973,6484965,14,592013,70,3422325,105,505568,195,3947825,10210,942869,11538,7909.43,19306813,14436051,0
2022-12-03,614,7448167,422,6485387,12,592025,42,3422367,42,505610,87,3947912,4948,947817,5473,7929.86,19312286,14436492,0
2022-12-04,417,7448584,283,6485670,4,592029,7,3422374,26,505636,40,3947952,3269,951086,3494,7950.29,19315780,14436684,0
2022-12-05,1162,7449746,769,6486439,15,592044,62,3422436,71,505707,149,3948101,8602,959688,9612,8193.14,19325392,14437561,0
2022-12-06,1168,7450914,764,6487203,13,592057,69,3422505,89,505796,176,3948277,8130,967818,9129,8359,19334521,14438402,0
2022-12-07,1210,7452124,752,6487955,12,592069,62,3422567,81,505877,163,3948440,8296,976114,9315,8299.57,19343836,14439278,0
2022-12-08,1102,7453226,740,6488695,14,592083,69,3422636,76,505953,165,3948605,8669,984783,9698,8322.71,19353534,14440162,0
2022-12-09,1237,7454463,971,6489666,13,592096,81,3422717,102,506055,209,3948814,10404,995187,11770,8355.86,19365304,14441345,0
2022-12-10,678,7455141,462,6490128,7,592103,36,3422753,74,506129,128,3948942,6144,1001331,6712,8532.86,19372016,14441803,0
2022-12-11,432,7455573,263,6490391,4,592107,11,3422764,35,506164,56,3948998,3683,1005014,3885,8588.71,19375901,14441959,0
2022-12-12,1336,7456909,804,6491195,19,592126,78,3422842,105,506269,209,3949207,9969,1014983,11016,8789.29,19386917,14442823,0
2022-12-13,1276,7458185,846,6492041,17,592143,54,3422896,102,506371,190,3949397,9695,1024678,10752,9021.14,19397669,14443724,0
2022-12-14,1194,7459379,831,6492872,12,592155,67,3422963,99,506470,193,3949590,9633,1034311,10613,9206.57,19408282,14444538,0
2022-12-15,1192,7460571,699,6493571,11,592166,62,3423025,109,506579,186,3949776,8444,1042755,9415,9166.14,19417697,14445338,0
2022-12-16,1202,7461773,807,6494378,12,592178,69,3423094,126,506705,217,3949993,9358,1052113,10533,8989.43,19428230,14446318,0
2022-12-17,654,7462427,461,6494839,8,592186,31,3423125,36,506741,80,3950073,5831,1057944,6305,8931.29,19434535,14446725,0
2022-12-18,440,7462867,230,6495069,2,592188,15,3423140,23,506764,48,3950121,3402,1061346,3608,8891.71,19438143,14446893,0
2022-12-19,1223,7464090,778,6495847,7,592195,55,3423195,84,506848,153,3950274,8907,1070253,9840,8723.71,19447983,14447687,0
2022-12-20,1210,7465300,763,6496610,18,592213,83,3423278,138,506986,277,3950551,8586,1078839,9719,8576.14,19457702,14448599,0
2022-12-21,1093,7466393,693,6497303,16,592229,54,3423332,95,507081,180,3950731,8282,1087121,9158,8368.29,19466860,14449326,0
2022-12-22,991,7467384,588,6497891,4,592233,44,3423376,73,507154,134,3950865,6937,1094058,7670,8119,19474530,14449942,0
2022-12-23,832,7468216,505,6498396,11,592244,41,3423417,58,507212,112,3950977,5915,1099973,6521,7545.86,19481051,14450449,0
2022-12-24,191,7468407,112,6498508,1,592245,2,3423419,15,507227,20,3950997,1378,1101351,1497,6859,19482548,14450551,0
2022-12-25,5,7468412,3,6498511,0,592245,0,3423419,0,507227,0,3950997,29,1101380,32,6348.14,19482580,14450554,0
2022-12-26,573,7468985,268,6498779,16,592261,19,3423438,22,507249,44,3951041,3305,1104685,3615,5458.86,19486195,14450823,0
2022-12-27,1089,7470074,605,6499384,13,592274,55,3423493,59,507308,123,3951164,7233,1111918,8032,5217.86,19494227,14451508,0
2022-12-28,1063,7471137,560,6499944,8,592282,58,3423551,63,507371,131,3951295,6989,1118907,7783,5021.43,19502010,14452181,0
2022-12-29,1016,7472153,585,6500529,9,592291,50,3423601,89,507460,162,3951457,6590,1125497,7420,4985.71,19509430,14452872,0
2022-12-30,950,7473103,539,6501068,9,592300,49,3423650,51,507511,110,3951567,6134,1131631,6860,5034.14,19516290,14453498,0
2022-12-31,306,7473409,167,6501235,4,592304,16,3423666,10,507521,29,3951596,1812,1133443,1988,5104.29,19518278,14453648,0
2023-01-01,19,7473428,9,6501244,0,592304,3,3423669,5,507526,8,3951604,59,1133502,86,5112,19518364,14453667,0
2023-01-02,654,7474082,327,6501571,10,592314,14,3423683,24,507550,44,3951648,3653,1137155,3999,5166.86,19522363,14453975,0
2023-01-03,967,7475049,592,6502163,9,592323,41,3423724,58,507608,111,3951759,5480,1142635,6267,4914.71,19528630,14454663,0
2023-01-04,1107,7476156,677,6502840,17,592340,52,3423776,63,507671,133,3951892,6179,1148814,7059,4811.29,19535689,14455428,0
2023-01-05,1010,7477166,588,6503428,23,592363,35,3423811,89,507760,143,3952035,5764,1154578,6694,4707.57,19542383,14456234,0
2023-01-06,1053,7478219,780,6504208,17,592380,50,3423861,81,507841,142,3952177,6504,1161082,7556,4807,19549939,14457155,0
2023-01-07,604,7478823,429,6504637,8,592388,23,3423884,34,507875,63,3952240,4453,1165535,4913,5224.86,19554852,14457558,0
2023-01-08,377,7479200,246,6504883,4,592392,12,3423896,29,507904,45,3952285,2560,1168095,2770,5608.29,19557622,14457727,0
2023-01-09,955,7480155,582,6505465,17,592409,52,3423948,41,507945,102,3952387,5607,1173702,6449,5958.29,19564071,14458476,0
2023-01-10,857,7481012,643,6506108,8,592417,49,3423997,85,508030,151,3952538,5332,1179034,6241,5954.57,19570312,14459251,0
2023-01-11,877,7481889,553,6506661,21,592438,46,3424043,68,508098,137,3952675,5163,1184197,5976,5799.86,19576288,14459950,0
2023-01-12,777,7482666,497,6507158,24,592462,54,3424097,120,508218,197,3952872,4533,1188730,5478,5626.14,19581766,14460721,0
2023-01-13,800,7483466,555,6507713,11,592473,69,3424166,58,508276,143,3953015,5372,1194102,6261,5441.14,19588027,14461483,0
2023-01-14,513,7483979,281,6507994,10,592483,27,3424193,31,508307,60,3953075,3227,1197329,3632,5258.14,19591659,14461830,0
2023-01-15,286,7484265,151,6508145,6,592489,15,3424208,22,508329,52,3953127,1793,1199122,1996,5147.57,19593655,14461996,0
2023-01-16,500,7484765,307,6508452,11,592500,31,3424239,27,508356,63,3953190,2772,1201894,3207,4684.43,19596862,14462373,0
2023-01-17,802,7485567,476,6508928,19,592519,49,3424288,74,508430,136,3953326,3833,1205727,4700,4464.29,19601562,14463117,0
2023-01-18,800,7486367,478,6509406,16,592535,48,3424336,61,508491,116,3953442,3729,1209456,4536,4258.57,19606098,14463815,0
2023-01-19,657,7487024,430,6509836,6,592541,50,3424386,34,508525,103,3953545,3163,1212619,3908,4034.29,19610006,14464476,0
2023-01-20,706,7487730,488,6510324,23,592564,40,3424426,39,508564,86,3953631,3745,1216364,4528,3786.71,19614534,14465180,0
2023-01-21,370,7488100,195,6510519,12,592576,20,3424446,12,508576,33,3953664,1893,1218257,2202,3582.43,19616736,14465457,0
2023-01-22,226,7488326,63,6510582,5,592581,0,3424446,2,508578,3,3953667,863,1219120,969,3435.71,19617705,14465561,0
2023-01-23,642,7488968,333,6510915,12,592593,14,3424460,45,508623,66,3953733,2707,1221827,3371,3459.14,19621076,14466166,0
2023-01-24,578,7489546,392,6511307,17,592610,37,3424497,33,508656,83,3953816,3056,1224883,3707,3317.29,19624783,14466747,0
2023-01-25,601,7490147,361,6511668,21,592631,33,3424530,41,508697,86,3953902,2706,1227589,3380,3152.14,19628163,14467347,0
2023-01-26,559,7490706,352,6512020,18,592649,35,3424565,51,508748,102,3954004,2694,1230283,3357,3073.43,19631520,14467924,0
2023-01-27,562,7491268,437,6512457,11,592660,35,3424600,47,508795,89,3954093,2819,1233102,3554,2934.29,19635074,14468577,0
2023-01-28,359,7491627,187,6512644,5,592665,24,3424624,39,508834,70,3954163,1588,1234690,1926,2894.86,19637000,14468852,0
2023-01-29,237,7491864,118,6512762,3,592668,12,3424636,10,508844,26,3954189,992,1235682,1145,2920,19638145,14468983,0
2023-01-30,601,7492465,399,6513161,18,592686,40,3424676,37,508881,80,3954269,2505,1238187,3228,2899.57,19641373,14469629,0
2023-01-31,509,7492974,356,6513517,12,592698,29,3424705,48,508929,89,3954358,2439,1240626,3066,2808,19644439,14470179,0
2023-02-01,483,7493457,337,6513854,16,592714,40,3424745,44,508973,92,3954450,2320,1242946,2962,2748.29,19647401,14470737,0
2023-02-02,462,7493919,349,6514203,13,592727,34,3424779,35,509008,77,3954527,2155,1245101,2776,2665.29,19650177,14471289,0
2023-02-03,545,7494464,392,6514595,14,592741,27,3424806,35,509043,69,3954596,2360,1247461,3064,2595.29,19653241,14471931,0
2023-02-04,243,7494707,158,6514753,11,592752,14,3424820,16,509059,31,3954627,1142,1248603,1404,2520.71,19654645,14472163,0
2023-02-05,201,7494908,96,6514849,0,592752,2,3424822,15,509074,19,3954646,854,1249457,972,2496,19655617,14472264,0
2023-02-06,598,7495506,313,6515162,9,592761,28,3424850,27,509101,64,3954710,2253,1251710,2830,2439.14,19658447,14472786,0
2023-02-07,476,7495982,365,6515527,5,592766,28,3424878,35,509136,71,3954781,2334,1254044,2934,2420.29,19661381,14473323,0
2023-02-08,453,7496435,320,6515847,4,592770,27,3424905,37,509173,70,3954851,2316,1256360,2879,2408.43,19664260,14473822,0
2023-02-09,479,7496914,348,6516195,3,592773,38,3424943,46,509219,98,3954949,2054,1258414,2708,2398.71,19666968,14474392,0
2023-02-10,496,7497410,391,6516586,2,592775,30,3424973,34,509253,88,3955037,2271,1260685,2961,2384,19669929,14475018,0
2023-02-11,294,7497704,197,6516783,7,592782,22,3424995,25,509278,48,3955085,1344,1262029,1662,2420.86,19671591,14475289,0
2023-02-12,182,7497886,81,6516864,0,592782,6,3425001,0,509278,10,3955095,706,1262735,818,2398.86,19672409,14475395,0
2023-02-13,443,7498329,293,6517157,4,592786,21,3425022,26,509304,51,3955146,1759,1264494,2320,2326,19674729,14475909,0
2023-02-14,397,7498726,272,6517429,6,592792,29,3425051,22,509326,56,3955202,1688,1266182,2218,2223.71,19676947,14476388,0
2023-02-15,405,7499131,290,6517719,10,592802,24,3425075,28,509354,64,3955266,1745,1267927,2262,2135.57,19679209,14476853,0
2023-02-16,360,7499491,244,6517963,5,592807,27,3425102,19,509373,51,3955317,1630,1269557,2106,2049.57,19681315,14477283,0
2023-02-17,397,7499888,312,6518275,5,592812,24,3425126,32,509405,63,3955380,1694,1271251,2264,1950,19683579,14477797,0
2023-02-18,199,7500087,116,6518391,5,592817,13,3425139,4,509409,18,3955398,1003,1272254,1188,1882.29,19684767,14477965,0
2023-02-19,120,7500207,55,6518446,2,592819,6,3425145,6,509415,14,3955412,541,1272795,611,1852.71,19685378,14478023,0
2023-02-20,313,7500520,160,6518606,3,592822,9,3425154,17,509432,27,3955439,1159,1273954,1422,1724.43,19686800,14478260,0
2023-02-21,379,7500899,286,6518892,5,592827,25,3425179,34,509466,64,3955503,1535,1275489,2071,1703.43,19688871,14478737,0
2023-02-22,395,7501294,274,6519166,8,592835,39,3425218,26,509492,69,3955572,1639,1277128,2166,1689.71,19691037,14479199,0
2023-02-23,387,7501681,251,6519417,10,592845,26,3425244,31,509523,71,3955643,1476,1278604,2019,1677.29,19693056,14479685,0
2023-02-24,367,7502048,325,6519742,4,592849,30,3425274,25,509548,62,3955705,1736,1280340,2296,1681.86,19695352,14480190,0
2023-02-25,163,7502211,123,6519865,2,592851,9,3425283,13,509561,24,3955729,778,1281118,973,1651.14,19696325,14480363,0
2023-02-26,92,7502303,48,6519913,0,592851,8,3425291,5,509566,17,3955746,468,1281586,535,1640.29,19696860,14480417,0
2023-02-27,377,7502680,300,6520213,4,592855,31,3425322,20,509586,54,3955800,1490,1283076,2010,1724.29,19698870,14480886,0
2023-02-28,356,7503036,239,6520452,8,592863,30,3425352,27,509613,62,3955862,1329,1284405,1811,1687.14,19700681,14481311,0
2023-03-01,388,7503424,286,6520738,7,592870,25,3425377,21,509634,52,3955914,1443,1285848,1978,1660.29,19702659,14481800,0
2023-03-02,372,7503796,294,6521032,9,592879,20,3425397,23,509657,50,3955964,1327,1287175,1870,1639,19704529,14482300,0
2023-03-03,404,7504200,318,6521350,10,592889,26,3425423,25,509682,58,3956022,1599,1288774,2193,1624.29,19706722,14482843,0
2023-03-04,199,7504399,122,6521472,4,592893,10,3425433,16,509698,28,3956050,793,1289567,1026,1631.86,19707748,14483050,0
2023-03-05,124,7504523,60,6521532,2,592895,4,3425437,6,509704,14,3956064,464,1290031,557,1635,19708305,14483133,0
2023-03-06,402,7504925,264,6521796,12,592907,22,3425459,16,509720,41,3956105,1383,1291414,1886,1617.29,19710191,14483598,0
2023-03-07,361,7505286,244,6522040,5,592912,22,3425481,30,509750,61,3956166,1303,1292717,1768,1611.14,19711959,14484011,0
2023-03-08,370,7505656,245,6522285,3,592915,34,3425515,30,509780,68,3956234,1337,1294054,1833,1590.43,19713792,14484443,0
2023-03-09,360,7506016,242,6522527,4,592919,16,3425531,24,509804,46,3956280,1258,1295312,1742,1572.14,19715534,14484887,0
2023-03-10,300,7506316,282,6522809,3,592922,9,3425540,19,509823,36,3956316,1394,1296706,1846,1522.57,19717380,14485311,0
2023-03-11,188,7506504,87,6522896,3,592925,18,3425558,3,509826,22,3956338,685,1297391,868,1500,19718248,14485473,0
2023-03-12,109,7506613,47,6522943,1,592926,4,3425562,7,509833,17,3956355,435,1297826,517,1494.29,19718765,14485544,0
2023-03-13,332,7506945,200,6523143,7,592933,11,3425573,13,509846,25,3956380,1126,1298952,1519,1441.86,19720284,14485913,0
2023-03-14,283,7507228,181,6523324,5,592938,15,3425588,11,509857,32,3956412,1060,1300012,1412,1391,19721696,14486239,0
2023-03-15,329,7507557,269,6523593,3,592941,9,3425597,13,509870,23,3956435,1226,1301238,1675,1368.43,19723371,14486666,0
2023-03-16,300,7507857,236,6523829,9,592950,14,3425611,16,509886,36,3956471,1127,1302365,1547,1340.57,19724918,14487056,0
2023-03-17,327,7508184,262,6524091,5,592955,20,3425631,8,509894,29,3956500,1266,1303631,1696,1319.14,19726614,14487458,0
2023-03-18,158,7508342,100,6524191,2,592957,8,3425639,5,509899,14,3956514,668,1304299,832,1314,19727446,14487609,0
2023-03-19,114,7508456,56,6524247,1,592958,3,3425642,3,509902,9,3956523,365,1304664,450,1304.43,19727896,14487688,0
2023-03-20,341,7508797,211,6524458,7,592965,29,3425671,15,509917,45,3956568,1212,1305876,1608,1317.14,19729504,14488040,0
2023-03-21,341,7509138,190,6524648,7,592972,22,3425693,17,509934,41,3956609,1122,1306998,1527,1333.57,19731031,14488406,0
2023-03-22,315,7509453,226,6524874,6,592978,12,3425705,11,509945,25,3956634,1125,1308123,1523,1311.86,19732554,14488781,0
2023-03-23,263,7509716,203,6525077,1,592979,20,3425725,12,509957,35,3956669,995,1309118,1384,1288.57,19733938,14489138,0
2023-03-24,312,7510028,255,6525332,8,592987,19,3425744,18,509975,40,3956709,1120,1310238,1582,1272.29,19735520,14489563,0
2023-03-25,129,7510157,117,6525449,1,592988,9,3425753,9,509984,18,3956727,587,1310825,735,1258.43,19736255,14489693,0
2023-03-26,80,7510237,41,6525490,2,592990,4,3425757,4,509988,9,3956736,351,1311176,410,1252.71,19736665,14489744,0
2023-03-27,283,7510520,232,6525722,3,592993,14,3425771,11,509999,26,3956762,1000,1312176,1396,1222.43,19738061,14490115,0
2023-03-28,281,7510801,180,6525902,10,593003,20,3425791,9,510008,32,3956794,1005,1313181,1358,1198.29,19739419,14490439,0
2023-03-29,298,7511099,187,6526089,5,593008,13,3425804,9,510017,22,3956816,1055,1314236,1414,1182.71,19740833,14490776,0
2023-03-30,258,7511357,183,6526272,2,593010,17,3425821,10,510027,31,3956847,958,1315194,1306,1171.57,19742139,14491097,0
2023-03-31,291,7511648,259,6526531,7,593017,22,3425843,20,510047,43,3956890,1015,1316209,1472,1155.86,19743611,14491512,0
2023-04-01,121,7511769,67,6526598,3,593020,9,3425852,5,510052,16,3956906,523,1316732,652,1144,19744263,14491627,0
2023-04-02,92,7511861,35,6526633,0,593020,6,3425858,3,510055,10,3956916,271,1317003,338,1133.71,19744601,14491685,0
2023-04-03,273,7512134,154,6526787,8,593028,19,3425877,16,510071,41,3956957,884,1317887,1200,1105.71,19745801,14491966,0
2023-04-04,283,7512417,184,6526971,3,593031,13,3425890,10,510081,26,3956983,862,1318749,1206,1084,19747007,14492287,0
2023-04-05,269,7512686,152,6527123,8,593039,17,3425907,7,510088,26,3957009,978,1319727,1270,1063.43,19748277,14492555,0
2023-04-06,340,7513026,157,6527280,6,593045,17,3425924,5,510093,22,3957031,951,1320678,1280,1059.71,19749557,14492862,0
2023-04-07,245,7513271,148,6527428,4,593049,12,3425936,8,510101,20,3957051,746,1321424,1041,998.14,19750598,14493137,0
2023-04-08,172,7513443,104,6527532,1,593050,5,3425941,10,510111,16,3957067,552,1321976,689,1003.43,19751287,14493259,0
2023-04-09,68,7513511,23,6527555,0,593050,0,3425941,4,510115,4,3957071,203,1322179,245,990.14,19751532,14493297,0
2023-04-10,285,7513796,180,6527735,5,593055,19,3425960,9,510124,28,3957099,883,1323062,1209,991.43,19752741,14493595,0
2023-04-11,271,7514067,150,6527885,5,593060,15,3425975,9,510133,27,3957126,906,1323968,1207,991.57,19753948,14493872,0
2023-04-12,270,7514337,164,6528049,3,593063,15,3425990,8,510141,25,3957151,809,1324777,1143,973.43,19755091,14494183,0
2023-04-13,255,7514592,135,6528184,8,593071,12,3426002,7,510148,20,3957171,834,1325611,1141,953.57,19756232,14494471,0
2023-04-14,240,7514832,197,6528381,2,593073,6,3426008,10,510158,18,3957189,841,1326452,1166,971.43,19757398,14494780,0
2023-04-15,119,7514951,92,6528473,5,593078,3,3426011,7,510165,11,3957200,403,1326855,546,951,19757944,14494913,0
2023-04-16,75,7515026,31,6528504,0,593078,0,3426011,1,510166,1,3957201,263,1327118,304,959.43,19758248,14494953,0
2023-04-17,234,7515260,137,6528641,2,593080,7,3426018,3,510169,10,3957211,708,1327826,991,928.29,19759239,14495226,0
2023-04-18,211,7515471,128,6528769,3,593083,9,3426027,10,510179,20,3957231,730,1328556,954,892.14,19760193,14495431,0
2023-04-19,193,7515664,112,6528881,2,593085,6,3426033,9,510188,15,3957246,806,1329362,953,865,19761146,14495563,0
2023-04-20,221,7515885,143,6529024,2,593087,14,3426047,19,510207,35,3957281,902,1330264,1061,853.57,19762207,14495689,0
2023-04-21,230,7516115,146,6529170,6,593093,13,3426060,9,510216,24,3957305,1086,1331350,1207,859.43,19763414,14495788,0
2023-04-22,106,7516221,65,6529235,2,593095,9,3426069,4,510220,14,3957319,469,1331819,535,857.86,19763949,14495841,0
2023-04-23,73,7516294,47,6529282,1,593096,2,3426071,2,510222,5,3957324,281,1332100,310,858.71,19764259,14495866,0
2023-04-24,229,7516523,159,6529441,1,593097,11,3426082,7,510229,21,3957345,1002,1333102,1109,875.57,19765368,14495955,0
2023-04-25,238,7516761,147,6529588,5,593102,12,3426094,12,510241,27,3957372,1051,1334153,1154,904.14,19766522,14496034,0
2023-04-26,218,7516979,131,6529719,5,593107,6,3426100,5,510246,13,3957385,948,1335101,1014,912.86,19767536,14496089,0
2023-04-27,274,7517253,170,6529889,1,593108,11,3426111,18,510264,31,3957416,1063,1336164,1151,925.71,19768687,14496148,0
2023-04-28,246,7517499,187,6530076,2,593110,11,3426122,16,510280,32,3957448,1122,1337286,1212,926.43,19769899,14496211,0
2023-04-29,138,7517637,68,6530144,0,593110,4,3426126,6,510286,10,3957458,516,1337802,565,930.71,19770464,14496250,0
2023-04-30,96,7517733,29,6530173,1,593111,6,3426132,3,510289,10,3957468,306,1338108,326,933,19770790,14496261,0
2023-05-01,302,7518035,160,6530333,2,593113,7,3426139,9,510298,18,3957486,1071,1339179,1153,939.29,19771943,14496327,0
2023-05-02,248,7518283,146,6530479,2,593115,11,3426150,6,510304,19,3957505,999,1340178,1053,924.86,19772996,14496364,0
2023-05-03,251,7518534,145,6530624,1,593116,12,3426162,10,510314,23,3957528,955,1341133,1029,927,19774025,14496416,0
2023-05-04,236,7518770,164,6530788,0,593116,12,3426174,8,510322,24,3957552,1044,1342177,1115,921.86,19775140,14496467,0
2023-05-05,298,7519068,159,6530947,1,593117,6,3426180,11,510333,18,3957570,1094,1343271,1146,912.43,19776286,14496502,120000
2023-05-06,128,7519196,79,6531026,0,593117,13,3426193,8,510341,23,3957593,485,1343756,545,909.57,19776831,14496541,120000
2023-05-07,77,7519273,36,6531062,0,593117,1,3426194,6,510347,8,3957601,296,1344052,312,907.57,19777143,14496550,120000
2023-05-08,259,7519532,149,6531211,0,593117,8,3426202,10,510357,18,3957619,992,1345044,1041,891.57,19778184,14496581,120000
2023-05-09,235,7519767,127,6531338,0,593117,5,3426207,4,510361,13,3957632,946,1345990,983,881.57,19779167,14496609,120000
2023-05-10,233,7520000,119,6531457,0,593117,8,3426215,12,510373,21,3957653,998,1346988,1050,884.57,19780217,14496641,120000
2023-05-11,66,7520066,52,6531509,0,593117,6,3426221,8,510381,18,3957671,347,1347335,379,779.43,19780596,14496659,120000
