"DATE","ADMIN_DOSE1_DAILY","ADMIN_DOSE1_CUMULATIVE","ADMIN_DOSE2_DAILY","ADMIN_DOSE2_CUMULATIVE","ADMIN_SINGLE_DAILY","ADMIN_SINGLE_CUMULATIVE","ADMIN_ADDITIONAL1_DAILY","ADMIN_ADDITIONAL1_CUMULATIVE","ADMIN_ADDITIONAL2_DAILY","ADMIN_ADDITIONAL2_CUMULATIVE","ADMIN_ADDITIONAL_DAILY","ADMIN_ADDITIONAL_CUMULATIVE","ADMIN_ALLDOSES_DAILY","ADMIN_ALLDOSES_7DAYAVG","ADMIN_ALLDOSES_CUMULATIVE","ADMIN_ALLDOSES_PRIMARY","INCOMPLETE"
"2020-12-14",79,79,0,0,0,0,0,0,0,0,0,0,79,,79,79,0
"2020-12-15",2051,2130,6,6,5,5,0,0,0,0,0,0,2062,,2141,2141,0
"2020-12-16",4606,6736,15,21,3,8,1,1,0,0,1,1,4625,,6766,6765,0
"2020-12-17",4657,11393,18,39,2,10,1,2,0,0,1,2,4678,,11444,11442,0
"2020-12-18",5832,17225,18,57,2,12,2,4,0,0,2,4,5854,,17298,17294,0
"2020-12-19",1689,18914,7,64,3,15,0,4,0,0,0,4,1699,,18997,18993,0
"2020-12-20",1116,20030,2,66,1,16,0,4,0,0,0,4,1119,2873.71,20116,20112,0
"2020-12-21",6343,26373,20,86,0,16,5,9,0,0,5,9,6368,3772.14,26484,26475,0
"2020-12-22",9795,36168,27,113,2,18,1,10,0,0,1,10,9825,4881.14,36309,36299,0
"2020-12-23",14274,50442,35,148,3,21,0,10,0,0,0,10,14312,6265,50621,50611,0
"2020-12-24",7195,57637,26,174,1,22,0,10,0,0,0,10,7222,6628.43,57843,57833,0
"2020-12-25",180,57817,0,174,0,22,1,11,0,0,1,11,181,5818,58024,58013,0
"2020-12-26",4388,62205,45,219,0,22,1,12,0,0,1,12,4434,6208.71,62458,62446,0
"2020-12-27",3870,66075,14,233,0,22,1,13,0,0,1,13,3885,6603.86,66343,66330,0
"2020-12-28",10993,77068,49,282,1,23,3,16,0,0,3,16,11046,7272.14,77389,77373,0
"2020-12-29",10717,87785,35,317,2,25,2,18,0,0,2,18,10756,7405.14,88145,88127,0
"2020-12-30",12822,100607,45,362,0,25,0,18,0,0,0,18,12867,7198.71,101012,100994,0
"2020-12-31",7261,107868,35,397,1,26,0,18,0,0,0,18,7297,7209.43,108309,108291,0
"2021-01-01",181,108049,2,399,1,27,3,21,0,0,3,21,187,7210.29,108496,108475,0
"2021-01-02",3809,111858,10,409,3,30,2,23,0,0,2,23,3824,7123.14,112320,112297,0
"2021-01-03",3542,115400,24,433,2,32,1,24,0,0,1,24,3569,7078,115889,115865,0
"2021-01-04",12256,127656,806,1239,2,34,7,31,0,0,7,31,13071,7367.29,128960,128929,0
"2021-01-05",14091,141747,2191,3430,2,36,13,44,1,1,14,45,16298,8159,145258,145213,0
"2021-01-06",17800,159547,3925,7355,1,37,30,74,8,9,38,83,21764,9430,167022,166939,0
"2021-01-07",16549,176096,5171,12526,4,41,45,119,3,12,48,131,21772,11497.86,188794,188663,0
"2021-01-08",16616,192712,5457,17983,0,41,34,153,4,16,38,169,22111,14629.86,210905,210736,0
"2021-01-09",7651,200363,1462,19445,1,42,7,160,2,18,9,178,9123,15386.86,220028,219850,0
"2021-01-10",7882,208245,983,20428,0,42,10,170,0,18,10,188,8875,16144.86,228903,228715,0
"2021-01-11",25822,234067,7456,27884,2,44,49,219,8,26,57,245,33337,19040,262240,261995,0
"2021-01-12",28255,262322,7859,35743,1,45,44,263,4,30,48,293,36163,21877.86,298403,298110,0
"2021-01-13",31721,294043,9394,45137,1,46,57,320,4,34,61,354,41177,24651.14,339580,339226,0
"2021-01-14",35814,329857,5314,50451,1,47,30,350,7,41,37,391,41166,27421.71,380746,380355,0
"2021-01-15",29266,359123,3705,54156,2,49,31,381,5,46,36,427,33009,28978.57,413755,413328,0
"2021-01-16",30287,389410,2380,56536,0,49,24,405,6,52,30,457,32697,32346.29,446452,445995,0
"2021-01-17",23745,413155,1632,58168,0,49,19,424,1,53,20,477,25397,34706.57,471849,471372,0
"2021-01-18",27096,440251,2419,60587,0,49,36,460,7,60,43,520,29559,34166.86,501408,500888,0
"2021-01-19",34293,474544,9633,70220,1,50,69,529,6,66,75,595,44002,35286.71,545410,544815,0
"2021-01-20",34866,509410,9496,79716,1,51,57,586,4,70,61,656,44424,35750.57,589834,589178,0
"2021-01-21",25590,535000,8094,87810,2,53,49,635,5,75,54,710,33740,34689.71,623574,622864,0
"2021-01-22",24754,559754,4383,92193,1,54,32,667,7,82,39,749,29177,34142.29,652751,652002,0
"2021-01-23",15741,575495,3226,95419,0,54,10,677,2,84,12,761,18979,32182.57,671730,670969,0
"2021-01-24",7176,582671,3456,98875,0,54,19,696,1,85,20,781,10652,30076.14,682382,681601,0
"2021-01-25",13406,596077,11824,110699,0,54,66,762,12,97,78,859,25308,29468.86,707690,706831,0
"2021-01-26",16760,612837,10755,121454,0,54,68,830,3,100,71,930,27586,27123.71,735276,734346,0
"2021-01-27",20834,633671,12356,133810,0,54,54,884,8,108,62,992,33252,25527.71,768528,767536,0
"2021-01-28",30763,664434,12846,146656,0,54,82,966,16,124,98,1090,43710,26952,812238,811148,0
"2021-01-29",31688,696122,11507,158163,0,54,83,1049,10,134,93,1183,43288,28967.86,855526,854343,0
"2021-01-30",18710,714832,3741,161904,0,54,21,1070,2,136,23,1206,22474,29467.14,878000,876794,0
"2021-01-31",13017,727849,2923,164827,1,55,29,1099,4,140,33,1239,15974,30227.43,893974,892735,0
"2021-02-01",1179,729028,5369,170196,4,59,36,1135,4,144,40,1279,6592,27553.71,900566,899287,0
"2021-02-02",2826,731854,9477,179673,2,61,47,1182,4,148,51,1330,12356,25378,912922,911592,0
"2021-02-03",16347,748201,21246,200919,4,65,204,1386,20,168,224,1554,37821,26030.71,950743,949189,0
"2021-02-04",27042,775243,19650,220569,3,68,203,1589,10,178,213,1767,46908,26487.57,997651,995884,0
"2021-02-05",27588,802831,20037,240606,0,68,184,1773,15,193,199,1966,47824,27135.57,1045475,1043509,0
"2021-02-06",22987,825818,11248,251854,0,68,112,1885,12,205,124,2090,34359,28833.43,1079834,1077744,0
"2021-02-07",12035,837853,8287,260141,1,69,92,1977,14,219,106,2196,20429,29469.86,1100263,1098067,0
"2021-02-08",16952,854805,23517,283658,2,71,239,2216,34,253,273,2469,40744,34348.71,1141007,1138538,0
"2021-02-09",17189,871994,28108,311766,2,73,338,2554,42,295,380,2849,45679,39109.14,1186686,1183837,0
"2021-02-10",19593,891587,29309,341075,2,75,260,2814,48,343,308,3157,49213,40736.57,1235899,1232742,0
"2021-02-11",27845,919432,33475,374550,2,77,338,3152,57,400,395,3552,61719,42852.43,1297618,1294066,0
"2021-02-12",38384,957816,30804,405354,3,80,355,3507,38,438,393,3945,69584,45961,1367202,1363257,0
"2021-02-13",28002,985818,25316,430670,2,82,305,3812,54,492,359,4304,53680,48721.14,1420882,1416578,0
"2021-02-14",16277,1002095,23729,454399,0,82,266,4078,32,524,298,4602,40304,51560.43,1461186,1456584,0
"2021-02-15",12795,1014890,10525,464924,2,84,175,4253,23,547,198,4800,23520,49099.86,1484706,1479906,0
"2021-02-16",14242,1029132,26724,491648,0,84,327,4580,36,583,363,5163,41329,48478.43,1526035,1520872,0
"2021-02-17",16390,1045522,22197,513845,1,85,282,4862,38,621,320,5483,38908,47006.29,1564943,1559460,0
"2021-02-18",12145,1057667,24996,538841,21,106,292,5154,42,663,334,5817,37496,43545.86,1602439,1596622,0
"2021-02-19",13261,1070928,23935,562776,39,145,303,5457,47,710,350,6167,37585,38974.57,1640024,1633857,0
"2021-02-20",11353,1082281,26071,588847,6,151,329,5786,78,788,407,6574,37838,36711.43,1677862,1671288,0
"2021-02-21",6361,1088642,17416,606263,15,166,288,6074,46,834,334,6908,24126,34400.29,1701988,1695080,0
"2021-02-22",13044,1101686,11844,618107,2,168,128,6202,19,853,147,7055,25037,34617,1727025,1719970,0
"2021-02-23",25248,1126934,14143,632250,1,169,158,6360,35,888,193,7248,39586,34368,1766611,1759363,0
"2021-02-24",36356,1163290,20392,652642,0,169,228,6588,41,929,269,7517,57017,36955,1823628,1816111,0
"2021-02-25",54614,1217904,30395,683037,6,175,400,6988,63,992,463,7980,85478,43809.57,1909106,1901126,0
"2021-02-26",62858,1280762,31871,714908,4,179,418,7406,79,1071,497,8477,95230,52044.57,2004336,1995859,0
"2021-02-27",51289,1332051,22755,737663,47,226,336,7742,52,1123,388,8865,74479,57279,2078815,2069950,0
"2021-02-28",44585,1376636,13831,751494,7,233,206,7948,34,1157,240,9105,58663,62212.86,2137478,2128373,0
"2021-03-01",39317,1415953,12779,764273,10,243,168,8116,25,1182,193,9298,52299,66107.43,2189777,2180479,0
"2021-03-02",47083,1463036,12577,776850,7,250,161,8277,14,1196,175,9473,59842,69001.14,2249619,2240146,0
"2021-03-03",48605,1511641,16154,793004,17,267,149,8426,21,1217,170,9643,64946,70133.86,2314565,2304922,0
"2021-03-04",59820,1571461,22821,815825,1092,1359,272,8698,35,1252,307,9950,84040,69928.43,2398605,2388655,0
"2021-03-05",60983,1632444,24283,840108,3108,4467,336,9034,35,1287,371,10321,88745,69002,2487350,2477029,0
"2021-03-06",47177,1679621,18881,858989,5451,9918,242,9276,37,1324,279,10600,71788,68617.57,2559138,2548538,0
"2021-03-07",36039,1715660,14882,873871,6245,16163,233,9509,20,1344,253,10853,57419,68439.86,2616557,2605704,0
"2021-03-08",39627,1755287,14682,888553,8561,24724,314,9823,92,1436,406,11259,63276,70008,2679833,2668574,0
"2021-03-09",39105,1794392,12850,901403,7760,32484,187,10010,34,1470,221,11480,59936,70021.43,2739769,2728289,0
"2021-03-10",51827,1846219,15359,916762,5066,37550,228,10238,32,1502,260,11740,72512,71102.29,2812281,2800541,0
"2021-03-11",59988,1906207,21821,938583,4619,42169,248,10486,48,1550,296,12036,86724,71485.71,2899005,2886969,0
"2021-03-12",52200,1958407,30305,968888,4183,46352,383,10869,85,1635,468,12504,87156,71258.71,2986161,2973657,0
"2021-03-13",40649,1999056,26686,995574,5110,51462,328,11197,52,1687,380,12884,72825,71406.86,3058986,3046102,0
"2021-03-14",30716,2029772,15966,1011540,4526,55988,245,11442,28,1715,273,13157,51482,70558.71,3110468,3097311,0
"2021-03-15",33591,2063363,17259,1028799,4710,60698,237,11679,33,1748,270,13427,55830,69495,3166298,3152871,0
"2021-03-16",38670,2102033,20516,1049315,4926,65624,257,11936,36,1784,293,13720,64405,70133.43,3230703,3216983,0
"2021-03-17",42613,2144646,24792,1074107,4244,69868,347,12283,39,1823,386,14106,72035,70065.29,3302738,3288632,0
"2021-03-18",50441,2195087,26812,1100919,5235,75103,372,12655,61,1884,433,14539,82921,69522,3385659,3371120,0
"2021-03-19",47789,2242876,29966,1130885,5624,80727,392,13047,70,1954,462,15001,83841,69048.43,3469500,3454499,0
"2021-03-20",38711,2281587,25834,1156719,4685,85412,300,13347,60,2014,360,15361,69590,68586.29,3539090,3523729,0
"2021-03-21",29299,2310886,19359,1176078,769,86181,224,13571,44,2058,268,15629,49695,68331,3588785,3573156,0
"2021-03-22",33866,2344752,26741,1202819,4037,90218,262,13833,38,2096,300,15929,64945,69633.14,3653730,3637801,0
"2021-03-23",38432,2383184,32841,1235660,4216,94434,301,14134,56,2152,357,16286,75846,71267.57,3729576,3713290,0
"2021-03-24",41497,2424681,37608,1273268,4848,99282,329,14463,63,2215,392,16678,84345,73026.14,3813921,3797243,0
"2021-03-25",43402,2468083,50803,1324071,5054,104336,479,14942,86,2301,565,17243,99824,75440.86,3913745,3896502,0
"2021-03-26",38503,2506586,55515,1379586,4309,108645,529,15471,99,2400,628,17871,98955,77600,4012700,3994829,0
"2021-03-27",35737,2542323,45753,1425339,2939,111584,421,15892,82,2482,503,18374,84932,79791.71,4097632,4079258,0
"2021-03-28",26387,2568710,34459,1459798,1482,113066,338,16230,65,2547,403,18777,62731,81654,4160363,4141586,0
"2021-03-29",34814,2603524,38870,1498668,3246,116312,347,16577,110,2657,457,19234,77387,83431.43,4237750,4218516,0
"2021-03-30",40508,2644032,41929,1540597,3713,120025,342,16919,64,2721,406,19640,86556,84961.43,4324306,4304666,0
"2021-03-31",49393,2693425,44878,1585475,7441,127466,404,17323,87,2808,491,20131,102203,87512.57,4426509,4406378,0
"2021-04-01",50774,2744199,53957,1639432,11276,138742,501,17824,85,2893,586,20717,116593,89908.14,4543102,4522385,0
"2021-04-02",43756,2787955,53887,1693319,11970,150712,553,18377,70,2963,623,21340,110236,91519.71,4653338,4631998,0
"2021-04-03",39246,2827201,39222,1732541,9859,160571,336,18713,58,3021,394,21734,88721,92061,4742059,4720325,0
"2021-04-04",26555,2853756,24789,1757330,3903,164474,226,18939,49,3070,275,22009,55522,91031.14,4797581,4775572,0
"2021-04-05",41883,2895639,34486,1791816,11198,175672,376,19315,60,3130,436,22445,88003,92547.71,4885584,4863139,0
"2021-04-06",53264,2948903,35615,1827431,13218,188890,434,19749,77,3207,511,22956,102608,94840.86,4988192,4965236,0
"2021-04-07",55505,3004408,40697,1868128,14388,203278,408,20157,82,3289,490,23446,111080,96109,5099272,5075826,0
"2021-04-08",59258,3063666,46599,1914727,16341,219619,522,20679,85,3374,607,24053,122805,96996.43,5222077,5198024,0
"2021-04-09",56646,3120312,44963,1959690,17559,237178,518,21197,77,3451,595,24648,119763,98357.43,5341840,5317192,0
"2021-04-10",49344,3169656,35647,1995337,12723,249901,393,21590,61,3512,454,25102,98168,99707,5440008,5414906,0
"2021-04-11",38181,3207837,28819,2024156,7682,257583,295,21885,58,3570,353,25455,75035,102494.57,5515043,5489588,0
"2021-04-12",46634,3254471,31843,2055999,13500,271083,468,22353,66,3636,534,25989,92511,103138.57,5607554,5581565,0
"2021-04-13",52547,3307018,33789,2089788,368,271451,397,22750,63,3699,460,26449,87164,100932.29,5694718,5668269,0
"2021-04-14",50144,3357162,39960,2129748,20,271471,369,23119,72,3771,441,26890,90565,98001.57,5785283,5758393,0
"2021-04-15",52118,3409280,43686,2173434,16,271487,454,23573,108,3879,562,27452,96383,94227,5881666,5854214,0
"2021-04-16",51188,3460468,42213,2215647,32,271519,432,24005,70,3949,502,27954,93935,90537.29,5975601,5947647,0
"2021-04-17",43835,3504303,35697,2251344,3,271522,365,24370,84,4033,449,28403,79984,87939.57,6055585,6027182,0
"2021-04-18",28605,3532908,29369,2280713,7,271529,253,24623,65,4098,318,28721,58299,85548.71,6113884,6085163,0
"2021-04-19",37462,3570370,36453,2317166,22,271551,327,24950,65,4163,392,29113,74329,82951.29,6188213,6159100,0
"2021-04-20",40811,3611181,39629,2356795,19,271570,316,25266,80,4243,396,29509,80855,82050,6269068,6239559,0
"2021-04-21",38892,3650073,46019,2402814,16,271586,501,25767,97,4340,598,30107,85525,81330,6354593,6324486,0
"2021-04-22",38489,3688562,48964,2451778,9,271595,341,26108,74,4414,415,30522,87878,80115,6442471,6411949,0
"2021-04-23",39694,3728256,44383,2496161,3,271598,351,26459,75,4489,426,30948,84506,78768,6526977,6496029,0
"2021-04-24",31943,3760199,41607,2537768,44,271642,277,26736,62,4551,339,31287,73933,77903.57,6600910,6569623,0
"2021-04-25",18421,3778620,31227,2568995,87,271729,198,26934,57,4608,255,31542,49990,76716.57,6650900,6619358,0
"2021-04-26",26968,3805588,40736,2609731,1013,272742,288,27222,88,4696,376,31918,69093,75968.57,6719993,6688075,0
"2021-04-27",28573,3834161,47140,2656871,1699,274441,355,27577,93,4789,448,32366,77860,75540.71,6797853,6765487,0
"2021-04-28",27028,3861189,56843,2713714,2146,276587,436,28013,101,4890,537,32903,86554,75687.71,6884407,6851504,0
"2021-04-29",28611,3889800,57197,2770911,2148,278735,370,28383,99,4989,469,33372,88425,75765.86,6972832,6939460,0
"2021-04-30",30117,3919917,51989,2822900,2058,280793,284,28667,74,5063,358,33730,84523,75768.29,7057355,7023625,0
"2021-05-01",22478,3942395,44541,2867441,1177,281970,234,28901,64,5127,298,34028,68494,74991.29,7125849,7091821,0
"2021-05-02",11921,3954316,36655,2904096,1081,283051,142,29043,54,5181,196,34224,49853,74971.71,7175702,7141478,0
"2021-05-03",18021,3972337,53032,2957128,2383,285434,254,29297,92,5273,346,34570,73783,75641.71,7249485,7214915,0
"2021-05-04",22734,3995071,56654,3013782,2331,287765,269,29566,115,5388,384,34954,82103,76247.86,7331588,7296634,0
"2021-05-05",21479,4016550,48764,3062546,2313,290078,313,29879,100,5488,413,35367,72969,74307.14,7404557,7369190,0
"2021-05-06",20677,4037227,50176,3112722,2508,292586,277,30156,89,5577,366,35733,73727,72207.43,7478284,7442551,0
"2021-05-07",21252,4058479,52095,3164817,2812,295398,312,30468,77,5654,389,36122,76548,71068.14,7554832,7518710,0
"2021-05-08",16628,4075107,41867,3206684,1835,297233,233,30701,69,5723,302,36424,60632,69945,7615464,7579040,0
"2021-05-09",7972,4083079,29412,3236096,1260,298493,151,30852,56,5779,207,36631,38851,68373.29,7654315,7617684,0
"2021-05-10",14382,4097461,38536,3274632,2355,300848,236,31088,91,5870,327,36958,55600,65775.71,7709915,7672957,0
"2021-05-11",19911,4117372,43060,3317692,2514,303362,284,31372,85,5955,369,37327,65854,63454.43,7775769,7738442,0
"2021-05-12",17821,4135193,40547,3358239,3595,306957,231,31603,79,6034,310,37637,62273,61926.43,7838042,7800405,0
"2021-05-13",24969,4160162,40433,3398672,3230,310187,262,31865,77,6111,339,37976,68971,61247,7907013,7869037,0
"2021-05-14",27030,4187192,42922,3441594,3537,313724,267,32132,96,6207,363,38339,73852,60861.86,7980865,7942526,0
"2021-05-15",23650,4210842,34918,3476512,3365,317089,253,32385,76,6283,329,38668,62262,61094.71,8043127,8004459,0
"2021-05-16",15520,4226362,19454,3495966,2496,319585,123,32508,45,6328,168,38836,37638,60921.43,8080765,8041929,0
"2021-05-17",22671,4249033,29146,3525112,3254,322839,182,32690,67,6395,249,39085,55320,60881.43,8136085,8097000,0
"2021-05-18",24635,4273668,31910,3557022,3405,326244,241,32931,73,6468,314,39399,60264,60082.86,8196349,8156950,0
"2021-05-19",24187,4297855,29724,3586746,3040,329284,227,33158,48,6516,275,39674,57226,59361.86,8253575,8213901,0
"2021-05-20",24152,4322007,30101,3616847,3162,332446,264,33422,86,6602,350,40024,57765,57761,8311340,8271316,0
"2021-05-21",24677,4346684,32002,3648849,3057,335503,245,33667,60,6662,305,40329,60041,55788,8371381,8331052,0
"2021-05-22",20018,4366702,24367,3673216,2525,338028,163,33830,48,6710,211,40540,47121,53625,8418502,8377962,0
"2021-05-23",11230,4377932,13735,3686951,1411,339439,92,33922,32,6742,124,40664,26500,52033.86,8445002,8404338,0
"2021-05-24",18870,4396802,23164,3710115,2756,342195,213,34135,55,6797,268,40932,45058,50567.86,8490060,8449128,0
"2021-05-25",19430,4416232,23382,3733497,2603,344798,171,34306,57,6854,228,41160,45643,48479.14,8535703,8494543,0
"2021-05-26",18786,4435018,21091,3754588,2696,347494,200,34506,48,6902,248,41408,42821,46421.29,8578524,8537116,0
"2021-05-27",18467,4453485,21281,3775869,2529,350023,178,34684,61,6963,239,41647,42516,44242.86,8621040,8579393,0
"2021-05-28",17860,4471345,22884,3798753,2751,352774,187,34871,56,7019,243,41890,43738,41913.86,8664778,8622888,0
"2021-05-29",12708,4484053,17811,3816564,1755,354529,106,34977,39,7058,145,42035,32419,39813.57,8697197,8655162,0
"2021-05-30",7029,4491082,8950,3825514,1074,355603,48,35025,17,7075,65,42100,17118,38473.29,8714315,8672215,0
"2021-05-31",4742,4495824,6924,3832438,1012,356615,64,35089,17,7092,81,42181,12759,33859.14,8727074,8684893,0
"2021-06-01",16046,4511870,25195,3857633,2176,358791,154,35243,43,7135,197,42378,43614,33569.29,8770688,8728310,0
"2021-06-02",15355,4527225,20397,3878030,2095,360886,139,35382,48,7183,187,42565,38034,32885.43,8808722,8766157,0
"2021-06-03",15003,4542228,23825,3901855,2281,363167,128,35510,44,7227,172,42737,41281,32709,8850003,8807266,0
"2021-06-04",14723,4556951,25993,3927848,2492,365659,145,35655,40,7267,185,42922,43393,32659.71,8893396,8850474,0
"2021-06-05",10991,4567942,22090,3949938,1806,367465,116,35771,27,7294,143,43065,35030,33032.71,8928426,8885361,0
"2021-06-06",6443,4574385,14484,3964422,1222,368687,89,35860,13,7307,102,43167,22251,33766,8950677,8907510,0
"2021-06-07",11702,4586087,21784,3986206,2378,371065,139,35999,37,7344,176,43343,36040,37091.86,8986717,8943374,0
"2021-06-08",12634,4598721,24023,4010229,2072,373137,123,36122,46,7390,169,43512,38898,36418.14,9025615,8982103,0
"2021-06-09",11133,4609854,23028,4033257,2299,375436,135,36257,39,7429,174,43686,36634,36218.14,9062249,9018563,0
"2021-06-10",12063,4621917,22237,4055494,2462,377898,138,36395,59,7488,197,43883,36959,35600.71,9099208,9055325,0
"2021-06-11",12709,4634626,25123,4080617,2484,380382,156,36551,58,7546,214,44097,40530,35191.71,9139738,9095641,0
"2021-06-12",10162,4644788,19317,4099934,1888,382270,93,36644,44,7590,137,44234,31504,34688,9171242,9127008,0
"2021-06-13",4257,4649045,10933,4110867,1219,383489,41,36685,22,7612,63,44297,16472,33862.43,9187714,9143417,0
"2021-06-14",10208,4659253,19240,4130107,2043,385532,128,36813,52,7664,180,44477,31671,33238.29,9219385,9174908,0
"2021-06-15",11883,4671136,21018,4151125,1943,387475,131,36944,40,7704,171,44648,35015,32683.57,9254400,9209752,0
"2021-06-16",11588,4682724,19410,4170535,1957,389432,142,37086,68,7772,210,44858,33165,32188,9287565,9242707,0
"2021-06-17",11024,4693748,18761,4189296,1973,391405,123,37209,35,7807,158,45016,31916,31467.57,9319481,9274465,0
"2021-06-18",12166,4705914,18499,4207795,2116,393521,113,37322,36,7843,149,45165,32930,30381.86,9352411,9307246,0
"2021-06-19",8496,4714410,13517,4221312,1459,394980,84,37406,21,7864,105,45270,23577,29249.43,9375988,9330718,0
"2021-06-20",4336,4718746,7158,4228470,924,395904,36,37442,17,7881,53,45323,12471,28677.86,9388459,9343136,0
"2021-06-21",10163,4728909,10010,4238480,1807,397711,68,37510,27,7908,95,45418,22075,27307,9410534,9365116,0
"2021-06-22",9839,4738748,15641,4254121,1589,399300,105,37615,28,7936,133,45551,27202,26190.86,9437736,9392185,0
"2021-06-23",10311,4749059,15186,4269307,1863,401163,103,37718,30,7966,133,45684,27493,25380.57,9465229,9419545,0
"2021-06-24",9684,4758743,14699,4284006,1799,402962,121,37839,26,7992,147,45831,26329,24582.43,9491558,9445727,0
"2021-06-25",10589,4769332,14387,4298393,1721,404683,112,37951,38,8030,150,45981,26847,23713.43,9518405,9472424,0
"2021-06-26",7800,4777132,10466,4308859,1251,405934,74,38025,24,8054,98,46079,19615,23147.43,9538020,9491941,0
"2021-06-27",5001,4782133,6001,4314860,795,406729,33,38058,14,8068,47,46126,11844,23057.86,9549864,9503738,0
"2021-06-28",9035,4791168,10344,4325204,1526,408255,109,38167,26,8094,135,46261,21040,22910,9570904,9524643,0
"2021-06-29",9737,4800905,12326,4337530,1347,409602,124,38291,32,8126,156,46417,23566,22390.57,9594470,9548053,0
"2021-06-30",9433,4810338,10931,4348461,1487,411089,147,38438,16,8142,163,46580,22014,21607.86,9616484,9569904,0
"2021-07-01",9396,4819734,10929,4359390,1434,412523,130,38568,24,8166,154,46734,21913,20977,9638397,9591663,0
"2021-07-02",9694,4829428,11451,4370841,1541,414064,119,38687,22,8188,141,46875,22828,20402.86,9661225,9614350,0
"2021-07-03",7055,4836483,8419,4379260,1193,415257,78,38765,17,8205,95,46970,16762,19995.29,9677987,9631017,0
"2021-07-04",1288,4837771,1335,4380595,567,415824,9,38774,3,8208,12,46982,3202,18760.71,9681189,9634207,0
"2021-07-05",6496,4844267,7106,4387701,1208,417032,64,38838,22,8230,86,47068,14896,17883,9696085,9649017,0
"2021-07-06",9512,4853779,12852,4400553,1315,418347,115,38953,37,8267,152,47220,23831,17920.86,9719916,9672696,0
"2021-07-07",8665,4862444,11112,4411665,1419,419766,123,39076,19,8286,142,47362,21338,17824.29,9741254,9693892,0
"2021-07-08",8220,4870664,10193,4421858,1260,421026,107,39183,22,8308,129,47491,19802,17522.71,9761056,9713565,0
"2021-07-09",8373,4879037,10835,4432693,1278,422304,90,39273,18,8326,108,47599,20594,17203.57,9781650,9734051,0
"2021-07-10",7103,4886140,8635,4441328,1132,423436,62,39335,20,8346,82,47681,16952,17230.71,9798602,9750921,0
"2021-07-11",4105,4890245,4540,4445868,702,424138,35,39370,6,8352,41,47722,9388,18114.43,9807990,9760268,0
"2021-07-12",8445,4898690,9564,4455432,1251,425389,83,39453,23,8375,106,47828,19366,18753,9827356,9779528,0
"2021-07-13",9463,4908153,9394,4464826,952,426341,105,39558,34,8409,139,47967,19948,18198.29,9847304,9799337,0
"2021-07-14",8999,4917152,9533,4474359,1011,427352,105,39663,21,8430,126,48093,19669,17959.86,9866973,9818880,0
"2021-07-15",8793,4925945,9156,4483515,1054,428406,80,39743,19,8449,99,48192,19102,17859.86,9886075,9837883,0
"2021-07-16",9247,4935192,9762,4493277,981,429387,102,39845,29,8478,131,48323,20121,17792.29,9906196,9857873,0
"2021-07-17",6840,4942032,7386,4500663,803,430190,80,39925,20,8498,100,48423,15129,17531.86,9921325,9872902,0
"2021-07-18",4254,4946286,4285,4504948,576,430766,35,39960,13,8511,48,48471,9163,17499.71,9930488,9882017,0
"2021-07-19",9120,4955406,8478,4513426,999,431765,91,40051,22,8533,113,48584,18710,17406,9949198,9900614,0
"2021-07-20",10647,4966053,8759,4522185,991,432756,95,40146,25,8558,120,48704,20517,17487.29,9969715,9921011,0
"2021-07-21",10060,4976113,8766,4530951,904,433660,146,40292,33,8591,179,48883,19909,17521.57,9989624,9940741,0
"2021-07-22",10689,4986802,8587,4539538,1046,434706,144,40436,26,8617,170,49053,20492,17720.14,10010116,9961063,0
"2021-07-23",11252,4998054,8881,4548419,1114,435820,139,40575,23,8640,162,49215,21409,17904.14,10031525,9982310,0
"2021-07-24",7400,5005454,6741,4555160,670,436490,82,40657,24,8664,106,49321,14917,17873.86,10046442,9997121,0
"2021-07-25",5476,5010930,2126,4557286,509,436999,58,40715,4,8668,62,49383,8173,17732.43,10054615,10005232,0
"2021-07-26",10870,5021800,7006,4564292,859,437858,109,40824,20,8688,129,49512,18864,17754.43,10073479,10023967,0
"2021-07-27",12069,5033869,8569,4572861,857,438715,134,40958,39,8727,173,49685,21668,17918.86,10095147,10045462,0
"2021-07-28",12016,5045885,8053,4580914,950,439665,132,41090,27,8754,159,49844,21178,18100.14,10116325,10066481,0
"2021-07-29",10932,5056817,7434,4588348,984,440649,134,41224,38,8792,172,50016,19522,17961.57,10135847,10085831,0
"2021-07-30",14954,5071771,8015,4596363,1151,441800,182,41406,31,8823,213,50229,24333,18379.29,10160180,10109951,0
"2021-07-31",9723,5081494,6317,4602680,815,442615,121,41527,19,8842,140,50369,16995,18676.14,10177175,10126806,0
"2021-08-01",6500,5087994,3311,4605991,564,443179,82,41609,20,8862,102,50471,10477,19005.29,10187652,10137181,0
"2021-08-02",13450,5101444,7154,4613145,846,444025,147,41756,18,8880,165,50636,21615,19398.29,10209267,10158631,0
"2021-08-03",15411,5116855,8389,4621534,1109,445134,143,41899,38,8918,181,50817,25090,19887.14,10234357,10183540,0
"2021-08-04",17264,5134119,8130,4629664,1454,446588,181,42080,34,8952,215,51032,27063,20727.86,10261420,10210388,0
"2021-08-05",17886,5152005,7928,4637592,1370,447958,160,42240,21,8973,181,51213,27365,21848.29,10288785,10237572,0
"2021-08-06",18178,5170183,8414,4646006,1232,449190,167,42407,32,9005,199,51412,28023,22375.43,10316808,10265396,0
"2021-08-07",13387,5183570,6014,4652020,799,449989,99,42506,28,9033,127,51539,20327,22851.43,10337135,10285596,0
"2021-08-08",9310,5192880,3835,4655855,400,450389,82,42588,10,9043,92,51631,13637,23302.86,10350772,10299141,0
"2021-08-09",21346,5214226,8524,4664379,965,451354,169,42757,34,9077,203,51834,31038,24649,10381810,10329976,0
"2021-08-10",18946,5233172,9331,4673710,946,452300,181,42938,33,9110,214,52048,29437,25270,10411247,10359199,0
"2021-08-11",15646,5248818,8312,4682022,853,453153,128,43066,45,9155,173,52221,24984,24973,10436231,10384010,0
"2021-08-12",15063,5263881,8986,4691008,942,454095,172,43238,34,9189,206,52427,25197,24663.29,10461428,10409001,0
"2021-08-13",14923,5278804,9292,4700300,920,455015,242,43480,37,9226,279,52706,25415,24290.71,10486843,10434137,0
"2021-08-14",10398,5289202,6411,4706711,625,455640,531,44011,40,9266,571,53277,18005,23959,10504848,10451571,0
"2021-08-15",6693,5295895,4479,4711190,676,456316,566,44577,34,9300,600,53877,12448,23789.14,10517296,10463419,0
"2021-08-16",15718,5311613,9300,4720490,1150,457466,1322,45899,65,9365,1387,55264,27555,23291.57,10544851,10489587,0
"2021-08-17",17770,5329383,10457,4730947,1229,458695,1771,47670,84,9449,1855,57119,31311,23559.29,10576162,10519043,0
"2021-08-18",17495,5346878,10375,4741322,1260,459955,1989,49659,95,9544,2084,59203,31214,24449.29,10607376,10548173,0
"2021-08-19",16294,5363172,9524,4750846,1315,461270,1957,51616,67,9611,2024,61227,29157,25015,10636533,10575306,0
"2021-08-20",16281,5379453,11538,4762384,1254,462524,1860,53476,85,9696,1945,63172,31018,25815.43,10667551,10604379,0
"2021-08-21",11148,5390601,8037,4770421,878,463402,1061,54537,56,9752,1117,64289,21180,26269,10688731,10624442,0
"2021-08-22",4078,5394679,3903,4774324,262,463664,515,55052,34,9786,549,64838,8792,25746.71,10697523,10632685,0
"2021-08-23",15583,5410262,11807,4786131,1023,464687,1547,56599,75,9861,1622,66460,30036,26101.14,10727559,10661099,0
"2021-08-24",16912,5427174,12600,4798731,1006,465693,1774,58373,76,9937,1850,68310,32368,26252.14,10759927,10691617,0
"2021-08-25",14576,5441750,12450,4811181,1111,466804,1565,59938,77,10014,1642,69952,29779,26047.14,10789706,10719754,0
"2021-08-26",16154,5457904,14096,4825277,1071,467875,1773,61711,68,10082,1841,71793,33162,26619.29,10822868,10751075,0
"2021-08-27",14878,5472782,14825,4840102,971,468846,1672,63383,74,10156,1746,73539,32420,26819.57,10855288,10781749,0
"2021-08-28",10681,5483463,11524,4851626,835,469681,1014,64397,45,10201,1059,74598,24099,27236.57,10879387,10804789,0
"2021-08-29",7218,5490681,7493,4859119,541,470222,779,65176,58,10259,837,75435,16089,28279,10895476,10820041,0
"2021-08-30",15523,5506204,16928,4876047,1076,471298,1791,66967,86,10345,1877,77312,35404,29045.86,10930880,10853568,0
"2021-08-31",15512,5521716,15958,4892005,951,472249,1972,68939,88,10433,2060,79372,34481,29347.71,10965361,10885989,0
"2021-09-01",14829,5536545,14105,4906110,1020,473269,1809,70748,61,10494,1870,81242,31824,29639.86,10997185,10915943,0
"2021-09-02",14321,5550866,12525,4918635,896,474165,1708,72456,62,10556,1770,83012,29512,29118.43,11026697,10943685,0
"2021-09-03",15011,5565877,14310,4932945,974,475139,1894,74350,69,10625,1963,84975,32258,29095.29,11058955,10973980,0
"2021-09-04",9646,5575523,9405,4942350,688,475827,975,75325,34,10659,1009,85984,20748,28616.57,11079703,10993719,0
"2021-09-05",6801,5582324,5515,4947865,438,476265,712,76037,16,10675,728,86712,13482,28244.14,11093185,11006473,0
"2021-09-06",5196,5587520,4512,4952377,358,476623,271,76308,11,10686,282,86994,10348,24664.71,11103533,11016539,0
"2021-09-07",15572,5603092,17702,4970079,912,477535,1556,77864,88,10774,1644,88638,35830,24857.43,11139363,11050725,0
"2021-09-08",16159,5619251,14824,4984903,1072,478607,1773,79637,83,10857,1856,90494,33911,25155.57,11173274,11082780,0
"2021-09-09",16110,5635361,14751,4999654,1047,479654,1915,81552,74,10931,1989,92483,33897,25782,11207171,11114688,0
"2021-09-10",18367,5653728,15395,5015049,1208,480862,1974,83526,81,11012,2055,94538,37025,26463,11244196,11149658,0
"2021-09-11",12636,5666364,10349,5025398,958,481820,1027,84553,49,11061,1076,95614,25019,27073.14,11269215,11173601,0
"2021-09-12",8538,5674902,5051,5030449,766,482586,691,85244,30,11091,721,96335,15076,27300.86,11284291,11187956,0
"2021-09-13",16930,5691832,12962,5043411,976,483562,1655,86899,53,11144,1708,98043,32576,30476.29,11316867,11218824,0
"2021-09-14",16265,5708097,13676,5057087,886,484448,1597,88496,55,11199,1652,99695,32479,29997.57,11349346,11249651,0
"2021-09-15",15533,5723630,12889,5069976,727,485175,1568,90064,80,11279,1648,101343,30797,29552.71,11380143,11278800,0
"2021-09-16",15338,5738968,13912,5083888,1209,486384,1460,91524,66,11345,1526,102869,31985,29279.57,11412128,11309259,0
"2021-09-17",14434,5753402,13960,5097848,922,487306,1832,93356,58,11403,1890,104759,31206,28448.29,11443334,11338575,0
"2021-09-18",9997,5763399,10185,5108033,913,488219,1047,94403,41,11444,1088,105847,22183,28043.14,11465517,11359670,0
"2021-09-19",6177,5769576,6073,5114106,558,488777,747,95150,29,11473,776,106623,13584,27830,11479101,11372478,0
"2021-09-20",12675,5782251,12632,5126738,1068,489845,1923,97073,58,11531,1981,108604,28356,27227.14,11507457,11398853,0
"2021-09-21",12231,5794482,12769,5139507,1109,490954,2028,99101,77,11608,2105,110709,28214,26617.86,11535671,11424962,0
"2021-09-22",12822,5807304,12005,5151512,1090,492044,1685,100786,68,11676,1753,112462,27670,26171.14,11563341,11450879,0
"2021-09-23",14935,5822239,12762,5164274,1639,493683,2268,103054,73,11749,2341,114803,31677,26127.14,11595018,11480215,0
"2021-09-24",16445,5838684,13368,5177642,1636,495319,4628,107682,114,11863,4742,119545,36191,26839.29,11631209,11511664,0
"2021-09-25",10539,5849223,9024,5186666,1018,496337,3463,111145,74,11937,3537,123082,24118,27115.71,11655327,11532245,0
"2021-09-26",6299,5855522,5762,5192428,773,497110,2423,113568,60,11997,2483,125565,15317,27363.29,11670644,11545079,0
"2021-09-27",14160,5869682,8057,5200485,1155,498265,9068,122636,157,12154,9225,134790,32598,27969.29,11703242,11568452,0
"2021-09-28",11138,5880820,11782,5212267,902,499167,9918,132554,176,12330,10094,144884,33916,28783.86,11737158,11592274,0
"2021-09-29",11605,5892425,12193,5224460,1205,500372,9451,142005,166,12496,9617,154501,34621,29776.86,11771779,11617278,0
"2021-09-30",12236,5904661,12606,5237066,1338,501710,9745,151750,177,12673,9922,164423,36102,30409,11807881,11643458,0
"2021-10-01",12637,5917298,13434,5250500,1284,502994,10269,162019,149,12822,10418,174841,37773,30635,11845654,11670813,0
"2021-10-02",7729,5925027,9977,5260477,865,503859,4244,166263,75,12897,4319,179160,22890,30459.57,11868544,11689384,0
"2021-10-03",5070,5930097,6159,5266636,593,504452,2614,168877,57,12954,2671,181831,14493,30341.86,11883037,11701206,0
"2021-10-04",9908,5940005,11020,5277656,913,505365,9529,178406,142,13096,9671,191502,31512,30186.71,11914549,11723047,0
"2021-10-05",10154,5950159,11739,5289395,972,506337,9940,188346,177,13273,10117,201619,32982,30053.29,11947531,11745912,0
"2021-10-06",9898,5960057,11053,5300448,936,507273,9930,198276,158,13431,10088,211707,31975,29675.29,11979506,11767799,0
"2021-10-07",9615,5969672,12155,5312603,850,508123,10180,208456,168,13599,10348,222055,32968,29227.57,12012474,11790419,0
"2021-10-08",9450,5979122,12175,5324778,941,509064,10914,219370,163,13762,11077,233132,33643,28637.57,12046117,11812985,0
"2021-10-09",6243,5985365,8236,5333014,643,509707,4119,223489,87,13849,4206,237338,19328,28128.71,12065445,11828107,0
"2021-10-10",3540,5988905,5028,5338042,458,510165,2435,225924,44,13893,2479,239817,11505,27701.86,12076950,11837133,0
"2021-10-11",7617,5996522,9335,5347377,728,510893,8889,234813,162,14055,9051,248868,26731,27018.86,12103681,11854813,0
"2021-10-12",8070,6004592,10994,5358371,891,511784,10523,245336,179,14234,10702,259570,30657,26686.71,12134338,11874768,0
"2021-10-13",7148,6011740,10149,5368520,869,512653,8801,254137,177,14411,8978,268548,27144,25996.57,12161482,11892934,0
"2021-10-14",7436,6019176,11115,5379635,836,513489,10122,264259,161,14572,10283,278831,29670,25525.43,12191152,11912321,0
"2021-10-15",7720,6026896,11853,5391488,823,514312,10827,275086,169,14741,10996,289827,31392,25203.86,12222544,11932717,0
"2021-10-16",4862,6031758,7469,5398957,666,514978,3845,278931,65,14806,3910,293737,16907,24858,12239451,11945714,0
"2021-10-17",3056,6034814,4474,5403431,411,515389,2451,281382,43,14849,2494,296231,10435,24705.14,12249886,11953655,0
"2021-10-18",7048,6041862,10666,5414097,796,516185,9484,290866,175,15024,9659,305890,28169,24910.57,12278055,11972165,0
"2021-10-19",6572,6048434,8945,5423042,804,516989,9095,299961,169,15193,9264,315154,25585,24186,12303640,11988486,0
"2021-10-20",6530,6054964,9372,5432414,975,517964,9998,309959,174,15367,10172,325326,27049,24172.43,12330689,12005363,0
"2021-10-21",7024,6061988,9385,5441799,858,518822,10847,320806,150,15517,10997,336323,28264,23971.57,12358953,12022630,0
"2021-10-22",8115,6070103,10346,5452145,1026,519848,16354,337160,212,15729,16566,352889,36053,24637.43,12395006,12042117,0
"2021-10-23",5165,6075268,6459,5458604,690,520538,9125,346285,114,15843,9239,362128,21553,25301.14,12416559,12054431,0
"2021-10-24",3272,6078540,3969,5462573,769,521307,6158,352443,76,15919,6234,368362,14244,25845.29,12430803,12062441,0
"2021-10-25",8757,6087297,8743,5471316,1150,522457,19252,371695,296,16215,19548,387910,38198,27278,12469001,12081091,0
"2021-10-26",8194,6095491,7723,5479039,1258,523715,17292,388987,263,16478,17555,405465,34730,28584.43,12503731,12098266,0
"2021-10-27",10551,6106042,8393,5487432,1605,525320,20862,409849,318,16796,21180,426645,41729,30681.57,12545460,12118815,0
"2021-10-28",11323,6117365,8035,5495467,1793,527113,20850,430699,316,17112,21166,447811,42317,32689.14,12587777,12139966,0
"2021-10-29",11846,6129211,8240,5503707,1958,529071,22542,453241,325,17437,22867,470678,44912,33954.71,12632689,12162011,0
"2021-10-30",4631,6133842,5064,5508771,930,530001,11172,464413,161,17598,11333,482011,21958,34012.57,12654647,12172636,0
"2021-10-31",2662,6136504,2702,5511473,544,530545,6636,471049,99,17697,6735,488746,12643,33783.86,12667290,12178544,0
"2021-11-01",7131,6143635,6954,5518427,1089,531634,20391,491440,321,18018,20712,509458,35886,33453.57,12703176,12193718,0
"2021-11-02",6576,6150211,6589,5525016,1054,532688,20789,512229,266,18284,21055,530513,35274,33531.29,12738450,12207937,0
"2021-11-03",6847,6157058,6682,5531698,1026,533714,20635,532864,304,18588,20939,551452,35496,32640.86,12773946,12222494,0
"2021-11-04",9308,6166366,6278,5537976,996,534710,22372,555236,344,18932,22716,574168,39298,32209.57,12813244,12239076,0
"2021-11-05",11048,6177414,6722,5544698,1051,535761,23768,579004,350,19282,24118,598286,42939,31927.71,12856183,12257897,0
"2021-11-06",11129,6188543,4052,5548750,594,536355,12598,591602,167,19449,12765,611051,28540,32868,12884723,12273672,0
"2021-11-07",7252,6195795,2286,5551036,577,536932,7110,598712,94,19543,7204,618255,17319,33536,12902042,12283787,0
"2021-11-08",15049,6210844,5679,5556715,864,537796,19518,618230,273,19816,19791,638046,41383,34321.29,12943425,12305379,0
"2021-11-09",16144,6226988,5389,5562104,660,538456,20516,638746,270,20086,20786,658832,42979,35422,12986404,12327572,0
"2021-11-10",16926,6243914,5322,5567426,683,539139,22657,661403,286,20372,22943,681775,45874,36904.57,13032278,12350503,0
"2021-11-11",12562,6256476,5185,5572611,759,539898,22094,683497,284,20656,22378,704153,40884,37131.14,13073162,12369009,0
"2021-11-12",16882,6273358,5687,5578298,705,540603,23413,706910,353,21009,23766,727919,47040,37717,13120202,12392283,0
"2021-11-13",9934,6283292,3663,5581961,463,541066,13334,720244,179,21188,13513,741432,27573,37578.86,13147775,12406343,0
"2021-11-14",6009,6289301,2290,5584251,325,541391,7938,728182,76,21264,8014,749446,16638,37481.57,13164413,12414967,0
"2021-11-15",13210,6302511,5972,5590223,690,542081,25118,753300,354,21618,25472,774918,45344,38047.43,13209757,12434839,0
"2021-11-16",9961,6312472,5781,5596004,654,542735,30676,783976,415,22033,31091,806009,47488,38691.57,13257245,12451236,0
"2021-11-17",10297,6322769,6673,5602677,681,543416,31428,815404,409,22442,31837,837846,49488,39207.86,13306733,12468887,0
"2021-11-18",10721,6333490,6537,5609214,857,544273,33024,848428,450,22892,33474,871320,51589,40737.14,13358322,12487002,0
"2021-11-19",12013,6345503,6546,5615760,715,544988,36252,884680,448,23340,36700,908020,55974,42013.43,13414296,12506276,0
"2021-11-20",9325,6354828,3417,5619177,513,545501,22516,907196,255,23595,22771,930791,36026,43221,13450322,12519531,0
"2021-11-21",4940,6359768,1888,5621065,288,545789,13206,920402,149,23744,13355,944146,20471,43768.57,13470793,12526647,0
"2021-11-22",10424,6370192,5787,5626852,750,546539,35946,956348,432,24176,36378,980524,53340,44910.86,13524133,12543609,0
"2021-11-23",9779,6379971,4784,5631636,636,547175,33532,989880,367,24543,33899,1014423,49099,45141,13573232,12558809,0
"2021-11-24",8700,6388671,4749,5636385,650,547825,25930,1015810,280,24823,26210,1040633,40309,43829.71,13613541,12572908,0
"2021-11-25",448,6389119,326,5636711,80,547905,1003,1016813,9,24832,1012,1041645,1866,36726.43,13615407,12573762,0
"2021-11-26",8056,6397175,6988,5643699,528,548433,26598,1043411,290,25122,26888,1068533,42460,34795.86,13657867,12589334,0
"2021-11-27",6675,6403850,6835,5650534,371,548804,18851,1062262,218,25340,19069,1087602,32951,34356.57,13690818,12603216,0
"2021-11-28",4073,6407923,5792,5656326,282,549086,11897,1074159,116,25456,12013,1099615,22160,34597.86,13712978,12613363,0
"2021-11-29",9097,6417020,11000,5667326,687,549773,35090,1109249,427,25883,35517,1135132,56301,35020.86,13769279,12634147,0
"2021-11-30",10491,6427511,11444,5678770,513,550286,37801,1147050,486,26369,38287,1173419,60735,36683.14,13830014,12656595,0
"2021-12-01",11182,6438693,10984,5689754,725,551011,40366,1187416,433,26802,40799,1214218,63691,40023.43,13893705,12679487,0
"2021-12-02",11648,6450341,11037,5700791,626,551637,42178,1229594,446,27248,42624,1256842,65935,49176.14,13959640,12702798,0
"2021-12-03",13467,6463808,12892,5713683,674,552311,47964,1277558,511,27759,48475,1305317,75508,53897.29,14035148,12729831,0
"2021-12-04",9848,6473656,11292,5724975,567,552878,30688,1308246,300,28059,30988,1336305,52695,56717.86,14087843,12751538,0
"2021-12-05",5755,6479411,5705,5730680,270,553148,16662,1324908,127,28186,16789,1353094,28519,57626.29,14116362,12763268,0
"2021-12-06",12322,6491733,9962,5740642,600,553748,43265,1368173,438,28624,43703,1396797,66587,59095.71,14182949,12786152,0
"2021-12-07",12572,6504305,9256,5749898,624,554372,43064,1411237,494,29118,43558,1440355,66010,59849.29,14248959,12808604,0
"2021-12-08",13519,6517824,8774,5758672,555,554927,40813,1452050,463,29581,41276,1481631,64124,59911.14,14313083,12831452,0
"2021-12-09",13477,6531301,8752,5767424,555,555482,40845,1492895,483,30064,41328,1522959,64112,59650.71,14377195,12854236,0
"2021-12-10",14028,6545329,10150,5777574,670,556152,43681,1536576,489,30553,44170,1567129,69018,58723.57,14446213,12879084,0
"2021-12-11",10273,6555602,8129,5785703,405,556557,26709,1563285,273,30826,26982,1594111,45790,57737.14,14492003,12897892,0
"2021-12-12",6014,6561616,3856,5789559,288,556845,15174,1578459,131,30957,15305,1609416,25463,57300.57,14517466,12908050,0
"2021-12-13",12213,6573829,7435,5796994,657,557502,37895,1616354,390,31347,38285,1647701,58590,56158.14,14576056,12928355,0
"2021-12-14",12225,6586054,6962,5803956,730,558232,38166,1654520,426,31773,38592,1686293,58509,55086.57,14634565,12948272,0
"2021-12-15",12095,6598149,6249,5810205,755,558987,38150,1692670,480,32253,38630,1724923,57730,54173.14,14692295,12967372,0
"2021-12-16",13172,6611321,4277,5814482,742,559729,41118,1733788,442,32695,41560,1766483,59751,53550.14,14752046,12985563,0
"2021-12-17",15934,6627255,6933,5821415,620,560349,46807,1780595,469,33164,47276,1813759,70763,53799.43,14822809,13009050,0
"2021-12-18",13015,6640270,5722,5827137,432,560781,30631,1811226,265,33429,30896,1844655,50065,54410.14,14872874,13028219,0
"2021-12-19",7013,6647283,2992,5830129,326,561107,18016,1829242,170,33599,18186,1862841,28517,54846.43,14901391,13038550,0
"2021-12-20",16851,6664134,5867,5835996,746,561853,47480,1876722,563,34162,48043,1910884,71507,56691.71,14972898,13062014,0
"2021-12-21",17960,6682094,6569,5842565,806,562659,48931,1925653,579,34741,49510,1960394,74845,59025.43,15047743,13087349,0
"2021-12-22",18536,6700630,6565,5849130,938,563597,49737,1975390,527,35268,50264,2010658,76303,61678.71,15124046,13113388,0
"2021-12-23",19033,6719663,6491,5855621,930,564527,45876,2021266,517,35785,46393,2057051,72847,63549.57,15196893,13139842,0
"2021-12-24",9233,6728896,2954,5858575,598,565125,20604,2041870,210,35995,20814,2077865,33599,58240.43,15230492,13152627,0
"2021-12-25",344,6729240,63,5858638,31,565156,427,2042297,8,36003,435,2078300,873,51213,15231365,13153065,0
"2021-12-26",7959,6737199,3927,5862565,340,565496,17288,2059585,172,36175,17460,2095760,29686,51380,15261051,13165291,0
"2021-12-27",21783,6758982,9202,5871767,934,566430,43454,2103039,546,36721,44000,2139760,75919,52010.29,15336970,13197210,0
"2021-12-28",20158,6779140,8333,5880100,701,567131,47586,2150625,605,37326,48191,2187951,77383,52372.86,15414353,13226402,0
"2021-12-29",18495,6797635,7672,5887772,607,567738,45587,2196212,475,37801,46062,2234013,72836,51877.57,15487189,13253176,0
"2021-12-30",16887,6814522,7423,5895195,588,568326,44854,2241066,576,38377,45430,2279443,70328,51517.71,15557517,13278074,0
"2021-12-31",5355,6819877,2807,5898002,193,568519,14772,2255838,180,38557,14952,2294395,23307,50047.43,15580824,13286429,0
"2022-01-01",243,6820120,147,5898149,12,568531,501,2256339,21,38578,522,2294917,924,50054.71,15581748,13286831,0
"2022-01-02",6425,6826545,5023,5903172,153,568684,10982,2267321,110,38688,11092,2306009,22693,49055.71,15604441,13298432,0
"2022-01-03",14125,6840670,8502,5911674,514,569198,26954,2294275,340,39028,27294,2333303,50435,45415.14,15654876,13321573,0
"2022-01-04",12819,6853489,8122,5919796,415,569613,27230,2321505,361,39389,27591,2360894,48947,41352.86,15703823,13342929,0
"2022-01-05",11339,6864828,7011,5926807,382,569995,25979,2347484,306,39695,26285,2387179,45017,37378.71,15748840,13361661,0
"2022-01-06",11385,6876213,7390,5934197,483,570478,27610,2375094,331,40026,27941,2415120,47199,34074.57,15796039,13380919,0
"2022-01-07",10241,6886454,8442,5942639,339,570817,25138,2400232,320,40346,25458,2440578,44481,37099.43,15840520,13399942,0
"2022-01-08",7833,6894287,8564,5951203,310,571127,19485,2419717,178,40524,19663,2460241,36371,42163.29,15876891,13416650,0
"2022-01-09",4126,6898413,3844,5955047,214,571341,10068,2429785,92,40616,10160,2470401,18344,41542,15895235,13424834,0
"2022-01-10",10172,6908585,8191,5963238,490,571831,24615,2454400,298,40914,24913,2495314,43766,40589.29,15939001,13443687,0
"2022-01-11",8885,6917470,7989,5971227,521,572352,21028,2475428,284,41198,21312,2516626,38709,39126.71,15977710,13461084,0
"2022-01-12",8931,6926401,8328,5979555,427,572779,22350,2497778,286,41484,22636,2539262,40322,38456,16018032,13478770,0
"2022-01-13",9045,6935446,8865,5988420,451,573230,22887,2520665,316,41800,23203,2562465,41565,37651.14,16059597,13497132,0
"2022-01-14",10096,6945542,8120,5996540,476,573706,26437,2547102,326,42126,26763,2589228,45455,37790.29,16105052,13515824,0
"2022-01-15",6204,6951746,4308,6000848,178,573884,15146,2562248,176,42302,15322,2604550,26012,36310.43,16131064,13526514,0
"2022-01-16",2915,6954661,3249,6004097,95,573979,7826,2570074,83,42385,7909,2612459,14168,35713.86,16145232,13532773,0
"2022-01-17",6070,6960731,6755,6010852,363,574342,14682,2584756,219,42604,14901,2627360,28089,33474.29,16173321,13545961,0
"2022-01-18",8152,6968883,10321,6021173,396,574738,19672,2604428,316,42920,19988,2647348,38857,33495.43,16212178,13564830,0
"2022-01-19",7452,6976335,9248,6030421,304,575042,17728,2622156,270,43190,17998,2665346,35003,32735.57,16247181,13581835,0
"2022-01-20",6272,6982607,8562,6038983,305,575347,15258,2637414,243,43433,15501,2680847,30640,31174.86,16277821,13596974,0
"2022-01-21",7562,6990169,7509,6046492,276,575623,18515,2655929,281,43714,18796,2699643,34143,29558.86,16311964,13612321,0
"2022-01-22",5184,6995353,4935,6051427,131,575754,11327,2667256,126,43840,11453,2711096,21703,28943.29,16333667,13622571,0
"2022-01-23",2809,6998162,3327,6054754,97,575851,6232,2673488,76,43916,6308,2717404,12541,28710.86,16346208,13628804,0
"2022-01-24",6358,7004520,8205,6062959,262,576113,15081,2688569,238,44154,15319,2732723,30144,29004.43,16376352,13643629,0
"2022-01-25",6183,7010703,7937,6070896,232,576345,14695,2703264,258,44412,14953,2747676,29305,27639.86,16405657,13657981,0
"2022-01-26",5745,7016448,7176,6078072,289,576634,14022,2717286,209,44621,14231,2761907,27441,26559.57,16433098,13671191,0
"2022-01-27",5249,7021697,7092,6085164,321,576955,14090,2731376,229,44850,14319,2776226,26981,26036.86,16460079,13683853,0
"2022-01-28",6250,7027947,7877,6093041,203,577158,16132,2747508,240,45090,16372,2792598,30702,25545.29,16490781,13698183,0
"2022-01-29",840,7028787,728,6093769,28,577186,2539,2750047,39,45129,2578,2795176,4174,23041.14,16494955,13699779,0
"2022-01-30",2094,7030881,3022,6096791,103,577289,4538,2754585,63,45192,4601,2799777,9820,22652.43,16504775,13704998,0
"2022-01-31",5000,7035881,6593,6103384,220,577509,11395,2765980,197,45389,11592,2811369,23405,21689.71,16528180,13716811,0
"2022-02-01",4827,7040708,6439,6109823,219,577728,10720,2776700,217,45606,10937,2822306,22422,20706.43,16550602,13728296,0
"2022-02-02",4253,7044961,5933,6115756,213,577941,11235,2787935,244,45850,11479,2833785,21878,19911.71,16572480,13738695,0
"2022-02-03",4224,7049185,5815,6121571,216,578157,11221,2799156,200,46050,11421,2845206,21676,19153.86,16594156,13748950,0
"2022-02-04",4761,7053946,7115,6128686,214,578371,13220,2812376,239,46289,13459,2858665,25549,18417.71,16619705,13761040,0
"2022-02-05",3576,7057522,6050,6134736,110,578481,8581,2820957,151,46440,8732,2867397,18468,20459.71,16638173,13770776,0
"2022-02-06",2062,7059584,2138,6136874,121,578602,4637,2825594,102,46542,4739,2872136,9061,20351.29,16647234,13775098,0
"2022-02-07",4148,7063732,4731,6141605,205,578807,10137,2835731,232,46774,10369,2882505,19453,19786.71,16666687,13784182,0
"2022-02-08",4215,7067947,5609,6147214,214,579021,11332,2847063,303,47077,11635,2894140,21673,19679.71,16688360,13794220,0
"2022-02-09",4130,7072077,5403,6152617,223,579244,11666,2858729,253,47330,11919,2906059,21675,19650.71,16710035,13803976,0
"2022-02-10",3991,7076068,5124,6157741,245,579489,12201,2870930,285,47615,12486,2918545,21846,19675,16731881,13813336,0
"2022-02-11",4510,7080578,5807,6163548,195,579684,13735,2884665,319,47934,14054,2932599,24566,19534.57,16756447,13823848,0
"2022-02-12",3257,7083835,4342,6167890,97,579781,8809,2893474,213,48147,9022,2941621,16718,19284.57,16773165,13831544,0
"2022-02-13",1520,7085355,1544,6169434,41,579822,4880,2898354,111,48258,4991,2946612,8096,19146.71,16781261,13834649,0
"2022-02-14",2982,7088337,3624,6173058,167,579989,10570,2908924,325,48583,10895,2957507,17668,18891.71,16798929,13841422,0
"2022-02-15",3550,7091887,4076,6177134,175,580164,12785,2921709,281,48864,13066,2970573,20867,18776.57,16819796,13849223,0
"2022-02-16",3648,7095535,3908,6181042,200,580364,15730,2937439,295,49159,16025,2986598,23781,19077.43,16843577,13856979,0
"2022-02-17",4034,7099569,4081,6185123,162,580526,18277,2955716,357,49516,18634,3005232,26911,19801,16870488,13865256,0
"2022-02-18",4466,7104035,4788,6189911,189,580715,21535,2977251,453,49969,21988,3027220,31431,20781.71,16901919,13874699,0
"2022-02-19",3251,7107286,2182,6192093,65,580780,11182,2988433,216,50185,11398,3038618,16896,20807.14,16918815,13880197,0
"2022-02-20",1855,7109141,1442,6193535,59,580839,6588,2995021,112,50297,6700,3045318,10056,21087.14,16928871,13883553,0
"2022-02-21",3083,7112224,2695,6196230,95,580934,8351,3003372,230,50527,8581,3053899,14454,20628,16943325,13889426,0
"2022-02-22",4377,7116601,4251,6200481,175,581109,10837,3014209,251,50778,11088,3064987,19891,20488.57,16963216,13898229,0
"2022-02-23",4259,7120860,3788,6204269,145,581254,10672,3024881,240,51018,10912,3075899,19104,19820.43,16982320,13906421,0
"2022-02-24",3793,7124653,3657,6207926,108,581362,10193,3035074,227,51245,10420,3086319,17978,18544.29,17000298,13913979,0
"2022-02-25",3613,7128266,3629,6211555,135,581497,9981,3045055,238,51483,10219,3096538,17596,16567.86,17017894,13921356,0
"2022-02-26",2834,7131100,2579,6214134,74,581571,9515,3054570,152,51635,9667,3106205,15154,16319,17033048,13926843,0
"2022-02-27",1770,7132870,1374,6215508,52,581623,6268,3060838,101,51736,6369,3112574,9565,16248.86,17042613,13930039,0
"2022-02-28",3798,7136668,3135,6218643,141,581764,13135,3073973,248,51984,13383,3125957,20457,17106.43,17063070,13937113,0
"2022-03-01",2133,7138801,2629,6221272,103,581867,5179,3079152,185,52169,5364,3131321,10229,15726.14,17073299,13941978,0
"2022-03-02",1836,7140637,2444,6223716,107,581974,4131,3083283,208,52377,4339,3135660,8726,14243.57,17082025,13946365,0
"2022-03-03",1936,7142573,2556,6226272,106,582080,3798,3087081,170,52547,3968,3139628,8566,12899,17090591,13950963,0
"2022-03-04",2124,7144697,2873,6229145,66,582146,4329,3091410,208,52755,4537,3144165,9600,11756.71,17100191,13956026,0
"2022-03-05",1611,7146308,2123,6231268,43,582189,3320,3094730,116,52871,3436,3147601,7213,10622.29,17107404,13959803,0
"2022-03-06",797,7147105,879,6232147,30,582219,1624,3096354,55,52926,1679,3149280,3385,9739.43,17110789,13961509,0
"2022-03-07",1667,7148772,1787,6233934,86,582305,3498,3099852,162,53088,3660,3152940,7200,7845.57,17117989,13965049,0
"2022-03-08",1548,7150320,1894,6235828,79,582384,3125,3102977,149,53237,3274,3156214,6795,7355,17124784,13968570,0
"2022-03-09",1266,7151586,1680,6237508,79,582463,2586,3105563,131,53368,2717,3158931,5742,6928.71,17130526,13971595,0
"2022-03-10",1418,7153004,2101,6239609,85,582548,2961,3108524,163,53531,3124,3162055,6728,6666.14,17137254,13975199,0
"2022-03-11",1600,7154604,2273,6241882,81,582629,3212,3111736,190,53721,3402,3165457,7356,6345.57,17144610,13979153,0
"2022-03-12",877,7155481,1416,6243298,42,582671,2008,3113744,75,53796,2083,3167540,4418,5946.29,17149028,13981488,0
"2022-03-13",624,7156105,757,6244055,28,582699,1290,3115034,49,53845,1339,3168879,2748,5855.29,17151776,13982897,0
"2022-03-14",1374,7157479,1608,6245663,83,582782,2990,3118024,207,54052,3197,3172076,6262,5721.29,17158038,13985962,0
"2022-03-15",1359,7158838,1928,6247591,63,582845,3068,3121092,230,54282,3298,3175374,6648,5700.29,17164686,13989312,0
"2022-03-16",1397,7160235,2066,6249657,94,582939,3137,3124229,295,54577,3432,3178806,6989,5878.43,17171675,13992869,0
"2022-03-17",1193,7161428,1806,6251463,70,583009,2760,3126989,267,54844,3027,3181833,6096,5788.14,17177771,13995938,0
"2022-03-18",1593,7163021,2218,6253681,79,583088,3771,3130760,415,55259,4186,3186019,8076,5891,17185847,13999828,0
"2022-03-19",1112,7164133,1732,6255413,54,583142,2601,3133361,227,55486,2828,3188847,5726,6077.86,17191573,14002726,0
"2022-03-20",610,7164743,629,6256042,33,583175,1465,3134826,186,55672,1651,3190498,2923,6102.86,17194496,14003998,0
"2022-03-21",1418,7166161,1555,6257597,72,583247,3058,3137884,357,56029,3415,3193913,6460,6131.14,17200956,14007043,0
"2022-03-22",1344,7167505,1555,6259152,101,583348,2904,3140788,344,56373,3248,3197161,6248,6074,17207204,14010043,0
"2022-03-23",1260,7168765,1360,6260512,66,583414,2922,3143710,374,56747,3296,3200457,5982,5930.14,17213186,14012729,0
"2022-03-24",1213,7169978,1299,6261811,90,583504,2519,3146229,269,57016,2788,3203245,5390,5829.29,17218576,14015331,0
"2022-03-25",1386,7171364,1630,6263441,62,583566,3266,3149495,379,57395,3645,3206890,6723,5636,17225299,14018409,0
"2022-03-26",927,7172291,1162,6264603,36,583602,2308,3151803,250,57645,2558,3209448,4683,5487,17229982,14020534,0
"2022-03-27",574,7172865,528,6265131,29,583631,1312,3153115,204,57849,1516,3210964,2647,5447.57,17232629,14021665,0
"2022-03-28",1085,7173950,1164,6266295,69,583700,2439,3155554,364,58213,2803,3213767,5121,5256.29,17237750,14023983,0
"2022-03-29",1052,7175002,1103,6267398,85,583785,2513,3158067,880,59093,3393,3217160,5633,5168.43,17243383,14026223,0
"2022-03-30",1246,7176248,1142,6268540,98,583883,3063,3161130,3409,62502,6472,3223632,8958,5593.57,17252341,14028709,0
"2022-03-31",1285,7177533,1259,6269799,57,583940,3165,3164295,5511,68013,8676,3232308,11278,6434.71,17263619,14031311,0
"2022-04-01",1429,7178962,1496,6271295,76,584016,3248,3167543,6902,74915,10150,3242458,13151,7353,17276770,14034312,0
"2022-04-02",910,7179872,912,6272207,33,584049,2095,3169638,4528,79443,6623,3249081,8478,7895.14,17285248,14036167,0
"2022-04-03",556,7180428,497,6272704,28,584077,1226,3170864,3049,82492,4275,3253356,5356,8282.14,17290604,14037248,0
"2022-04-04",1352,7181780,1306,6274010,61,584138,2736,3173600,7699,90191,10435,3263791,13154,9429.71,17303758,14039967,0
"2022-04-05",1303,7183083,1161,6275171,66,584204,2852,3176452,7482,97673,10334,3274125,12864,10462.71,17316622,14042497,0
"2022-04-06",1344,7184427,1180,6276351,61,584265,2623,3179075,6957,104630,9580,3283705,12165,10920.86,17328787,14045082,0
"2022-04-07",1208,7185635,1066,6277417,57,584322,2375,3181450,6608,111238,8983,3292688,11314,10926,17340101,14047413,0
"2022-04-08",1483,7187118,1407,6278824,61,584383,3170,3184620,8778,120016,11948,3304636,14899,11175.71,17355000,14050364,0
"2022-04-09",914,7188032,924,6279748,29,584412,2081,3186701,4946,124962,7027,3311663,8894,11235.14,17363894,14052231,0
"2022-04-10",584,7188616,461,6280209,25,584437,1168,3187869,2897,127859,4065,3315728,5135,11203.57,17369029,14053301,0
"2022-04-11",1312,7189928,1239,6281448,59,584496,2666,3190535,7799,135658,10465,3326193,13075,11192.29,17382104,14055911,0
"2022-04-12",1223,7191151,1057,6282505,73,584569,2525,3193060,7415,143073,9940,3336133,12293,11110.71,17394397,14058264,0
"2022-04-13",1239,7192390,1079,6283584,59,584628,2518,3195578,7533,150606,10051,3346184,12428,11148.29,17406825,14060641,0
"2022-04-14",1274,7193664,1099,6284683,59,584687,2446,3198024,6571,157177,9017,3355201,11449,11167.57,17418274,14063073,0
"2022-04-15",1338,7195002,1101,6285784,53,584740,2574,3200598,6613,163790,9187,3364388,11679,10707.57,17429953,14065565,0
"2022-04-16",858,7195860,654,6286438,34,584774,1646,3202244,3680,167470,5326,3369714,6872,10418.71,17436825,14067111,0
"2022-04-17",346,7196206,202,6286640,27,584801,639,3202883,1156,168626,1795,3371509,2370,10023.71,17439195,14067686,0
"2022-04-18",1392,7197598,1118,6287758,82,584883,2586,3205469,6410,175036,8996,3380505,11588,9811.29,17450783,14070278,0
"2022-04-19",1423,7199021,938,6288696,72,584955,2578,3208047,5742,180778,8320,3388825,10753,9591.29,17461536,14072711,0
"2022-04-20",1316,7200337,1160,6289856,65,585020,2715,3210762,6625,187403,9340,3398165,11881,9513.14,17473417,14075252,0
"2022-04-21",1228,7201565,1063,6290919,53,585073,2333,3213095,5334,192737,7667,3405832,10011,9307.71,17483428,14077596,0
"2022-04-22",1215,7202780,1026,6291945,46,585119,2202,3215297,5637,198374,7839,3413671,10127,9086,17493555,14079884,0
"2022-04-23",716,7203496,749,6292694,59,585178,1428,3216725,3347,201721,4775,3418446,6299,9004.14,17499854,14081408,0
"2022-04-24",442,7203938,338,6293032,27,585205,813,3217538,1811,203532,2624,3421070,3431,9155.71,17503285,14082215,0
"2022-04-25",1033,7204971,916,6293948,64,585269,1851,3219389,5088,208620,6939,3428009,8952,8779.14,17512237,14084228,0
"2022-04-26",952,7205923,858,6294806,76,585345,1750,3221139,4691,213311,6441,3434450,8327,8432.57,17520564,14086114,0
"2022-04-27",1039,7206962,1025,6295831,80,585425,1930,3223069,5203,218514,7133,3441583,9277,8060.57,17529841,14088258,0
"2022-04-28",1092,7208054,988,6296819,50,585475,2006,3225075,4725,223239,6731,3448314,8861,7896.29,17538702,14090388,0
"2022-04-29",1191,7209245,1107,6297926,60,585535,2162,3227237,5391,228630,7553,3455867,9911,7865.43,17548613,14092746,0
"2022-04-30",727,7209972,744,6298670,50,585585,1391,3228628,2959,231589,4350,3460217,5871,7804.29,17554484,14094267,0
"2022-05-01",445,7210417,366,6299036,20,585605,767,3229395,1656,233245,2423,3462640,3254,7779,17557738,14095098,0
"2022-05-02",1058,7211475,793,6299829,52,585657,1675,3231070,3813,237058,5488,3468128,7391,7556,17565129,14097001,0
"2022-05-03",1123,7212598,865,6300694,61,585718,1999,3233069,4855,241913,6854,3474982,8903,7638.29,17574032,14099050,0
"2022-05-04",1019,7213617,882,6301576,48,585766,1921,3234990,4642,246555,6563,3481545,8512,7529,17582544,14100999,0
"2022-05-05",1074,7214691,955,6302531,86,585852,1927,3236917,4870,251425,6797,3488342,8912,7536.29,17591456,14103114,0
"2022-05-06",1095,7215786,961,6303492,51,585903,1867,3238784,4384,255809,6251,3494593,8358,7314.43,17599814,14105221,0
"2022-05-07",660,7216446,593,6304085,32,585935,1206,3239990,2423,258232,3629,3498222,4914,7177.71,17604728,14106506,0
"2022-05-08",416,7216862,246,6304331,17,585952,666,3240656,1381,259613,2047,3500269,2726,7102.29,17607454,14107185,0
"2022-05-09",1084,7217946,948,6305279,60,586012,1891,3242547,4419,264032,6310,3506579,8402,7246.71,17615856,14109277,0
"2022-05-10",1099,7219045,932,6306211,54,586066,1986,3244533,4710,268742,6696,3513275,8781,7229.29,17624637,14111362,0
"2022-05-11",1095,7220140,978,6307189,44,586110,1945,3246478,4827,273569,6772,3520047,8889,7283.14,17633526,14113479,0
"2022-05-12",1109,7221249,951,6308140,60,586170,2002,3248480,4655,278224,6657,3526704,8777,7263.86,17642303,14115599,0
"2022-05-13",1162,7222411,1043,6309183,44,586214,2061,3250541,4784,283008,6845,3533549,9094,7369,17651397,14117848,0
"2022-05-14",832,7223243,670,6309853,31,586245,1472,3252013,2943,285951,4415,3537964,5948,7516.71,17657345,14119381,0
"2022-05-15",512,7223755,357,6310210,22,586267,924,3252937,1645,287596,2569,3540533,3460,7621.57,17660805,14120272,0
"2022-05-16",1232,7224987,859,6311069,62,586329,1830,3254767,3855,291451,5685,3546218,7838,7541,17668643,14122425,0
"2022-05-17",1299,7226286,929,6311998,79,586408,2047,3256814,4875,296326,6922,3553140,9229,7605,17677872,14124732,0
"2022-05-18",1247,7227533,901,6312899,82,586490,2067,3258881,4918,301244,6985,3560125,9215,7651.57,17687087,14126962,0
"2022-05-19",1172,7228705,880,6313779,36,586526,2119,3261000,4716,305960,6835,3566960,8923,7672.43,17696010,14129050,0
"2022-05-20",1204,7229909,964,6314743,74,586600,2366,3263366,5191,311151,7557,3574517,9801,7773.43,17705811,14131294,0
"2022-05-21",839,7230748,650,6315393,23,586623,1724,3265090,3288,314439,5012,3579529,6525,7855.86,17712336,14132807,0
"2022-05-22",511,7231259,290,6315683,22,586645,1136,3266226,1838,316277,2974,3582503,3797,7904,17716133,14133630,0
"2022-05-23",1226,7232485,889,6316572,52,586697,2187,3268413,4695,320972,6882,3589385,9049,8077,17725182,14135797,0
"2022-05-24",1434,7233919,944,6317516,66,586763,2296,3270709,4466,325438,6762,3596147,9207,8073.86,17734389,14138242,0
"2022-05-25",1438,7235357,959,6318475,56,586819,2263,3272972,4240,329678,6503,3602650,8957,8037,17743346,14140696,0
"2022-05-26",1184,7236541,885,6319360,60,586879,2262,3275234,4130,333808,6392,3609042,8522,7979.71,17751868,14142826,0
"2022-05-27",1260,7237801,957,6320317,38,586917,2495,3277729,3897,337705,6392,3615434,8648,7815,17760516,14145082,0
"2022-05-28",721,7238522,515,6320832,19,586936,1780,3279509,2063,339768,3843,3619277,5098,7611.14,17765614,14146337,0
"2022-05-29",476,7238998,217,6321049,11,586947,760,3280269,1119,340887,1879,3621156,2583,7437.71,17768197,14147041,0
"2022-05-30",91,7239089,58,6321107,6,586953,138,3280407,146,341033,284,3621440,439,6207.71,17768636,14147196,0
"2022-05-31",1144,7240233,920,6322027,51,587004,1885,3282292,3053,344086,4938,3626378,7053,5900,17775689,14149311,0
"2022-06-01",1163,7241396,849,6322876,63,587067,1966,3284258,3409,347495,5375,3631753,7450,5684.71,17783139,14151386,0
"2022-06-02",1036,7242432,802,6323678,72,587139,1821,3286079,3159,350654,4980,3636733,6890,5451.57,17790029,14153296,0
"2022-06-03",1172,7243604,894,6324572,47,587186,2056,3288135,3483,354137,5539,3642272,7652,5309.29,17797681,14155409,0
"2022-06-04",728,7244332,582,6325154,26,587212,1552,3289687,1898,356035,3450,3645722,4788,5265,17802469,14156747,0
"2022-06-05",451,7244783,297,6325451,1,587213,881,3290568,977,357012,1858,3647580,2607,5268.43,17805076,14157496,0
"2022-06-06",1127,7245910,828,6326279,64,587277,1751,3292319,2729,359741,4480,3652060,6499,6134.14,17811575,14159515,0
"2022-06-07",1028,7246938,768,6327047,70,587347,1780,3294099,2561,362302,4341,3656401,6207,6013.29,17817782,14161381,0
"2022-06-08",1099,7248037,837,6327884,75,587422,1873,3295972,2737,365039,4610,3661011,6622,5895,17824404,14163393,0
"2022-06-09",1147,7249184,839,6328723,61,587483,2218,3298190,2683,367722,4901,3665912,6948,5903.29,17831352,14165440,0
"2022-06-10",1053,7250237,820,6329543,75,587558,1879,3300069,2815,370537,4694,3670606,6642,5759,17837994,14167388,0
"2022-06-11",682,7250919,507,6330050,25,587583,1322,3301391,1503,372040,2825,3673431,4039,5652,17842033,14168602,0
"2022-06-12",352,7251271,288,6330338,21,587604,879,3302270,769,372809,1648,3675079,2309,5609.43,17844342,14169263,0
"2022-06-13",1035,7252306,770,6331108,63,587667,1571,3303841,2179,374988,3750,3678829,5619,5483.71,17849961,14171132,0
"2022-06-14",965,7253271,831,6331939,64,587731,1678,3305519,2491,377479,4169,3682998,6029,5458.29,17855990,14172992,0
"2022-06-15",982,7254253,867,6332806,39,587770,1656,3307175,2406,379885,4062,3687060,5950,5362.29,17861940,14174880,0
"2022-06-16",960,7255213,780,6333586,59,587829,1826,3309001,2355,382240,4181,3691241,5980,5224,17867920,14176679,0
"2022-06-17",910,7256123,796,6334382,48,587877,1750,3310751,2396,384636,4146,3695387,5901,5118.14,17873821,14178434,0
"2022-06-18",665,7256788,522,6334904,26,587903,1274,3312025,1291,385927,2565,3697952,3778,5080.86,17877599,14179647,0
"2022-06-19",351,7257139,236,6335140,16,587919,727,3312752,603,386530,1330,3699282,1933,5027.14,17879532,14180250,0
"2022-06-20",838,7257977,490,6335630,41,587960,1569,3314321,1611,388141,3180,3702462,4549,4874.29,17884081,14181619,0
"2022-06-21",1139,7259116,740,6336370,50,588010,1693,3316014,2130,390271,3823,3706285,5753,4834.86,17889834,14183549,0
"2022-06-22",1971,7261087,825,6337195,46,588056,1693,3317707,1986,392257,3679,3709964,6521,4916.43,17896355,14186391,0
"2022-06-23",2123,7263210,762,6337957,65,588121,1694,3319401,2145,394402,3839,3713803,6790,5032.14,17903145,14189342,0
"2022-06-24",2185,7265395,757,6338714,48,588169,1622,3321023,2141,396543,3763,3717566,6753,5153.86,17909898,14192332,0
"2022-06-25",2138,7267533,492,6339206,15,588184,1233,3322256,1138,397681,2371,3719937,5019,5331.14,17914917,14194980,0
"2022-06-26",1208,7268741,251,6339457,14,588198,680,3322936,530,398211,1210,3721147,2683,5438.29,17917600,14196453,0
"2022-06-27",1538,7270279,654,6340111,60,588258,1458,3324394,1642,399853,3100,3724247,5352,5553,17922952,14198705,0
"2022-06-28",1694,7271973,833,6340944,53,588311,1847,3326241,2137,401990,3984,3728231,6564,5668.86,17929516,14201285,0
"2022-06-29",1861,7273834,773,6341717,48,588359,1713,3327954,1915,403905,3628,3731859,6310,5638.71,17935826,14203967,0
"2022-06-30",1863,7275697,804,6342521,46,588405,1731,3329685,2116,406021,3847,3735706,6560,5605.86,17942386,14206680,0
"2022-07-01",1594,7277291,597,6343118,26,588431,1384,3331069,1722,407743,3106,3738812,5323,5401.57,17947709,14208897,0
"2022-07-02",974,7278265,383,6343501,18,588449,831,3331900,926,408669,1757,3740569,3132,5132,17950841,14210272,0
"2022-07-03",530,7278795,205,6343706,7,588456,457,3332357,487,409156,944,3741513,1686,4989.57,17952527,14211014,0
"2022-07-04",35,7278830,26,6343732,1,588457,30,3332387,38,409194,68,3741581,130,4243.57,17952657,14211076,0
"2022-07-05",1283,7280113,754,6344486,35,588492,1402,3333789,1737,410931,3139,3744720,5211,4050.29,17957868,14213148,0
"2022-07-06",1612,7281725,678,6345164,44,588536,1442,3335231,1830,412761,3272,3747992,5606,3949.71,17963474,14215482,0
"2022-07-07",1588,7283313,717,6345881,48,588584,1524,3336755,1992,414753,3516,3751508,5869,3851,17969343,14217835,0
"2022-07-08",1630,7284943,647,6346528,37,588621,1466,3338221,1969,416722,3435,3754943,5750,3912,17975093,14220150,0
"2022-07-09",983,7285926,413,6346941,26,588647,877,3339098,1340,418062,2217,3757160,3639,3984.43,17978732,14221572,0
"2022-07-10",638,7286564,186,6347127,17,588664,428,3339526,660,418722,1088,3758248,1929,4019.14,17980661,14222413,0
"2022-07-11",1396,7287960,632,6347759,49,588713,1426,3340952,2205,420927,3631,3761879,5708,4816,17986369,14224490,0
"2022-07-12",1401,7289361,685,6348444,45,588758,1395,3342347,2509,423436,3904,3765783,6035,4933.71,17992404,14226621,0
"2022-07-13",1619,7290980,725,6349169,36,588794,1509,3343856,2790,426226,4299,3770082,6679,5087,17999083,14229001,0
"2022-07-14",1590,7292570,838,6350007,47,588841,1595,3345451,3044,429270,4639,3774721,7115,5265,18006198,14231477,0
"2022-07-15",1614,7294184,926,6350933,45,588886,1559,3347010,3039,432309,4598,3779319,7183,5469.71,18013381,14234062,0
"2022-07-16",880,7295064,584,6351517,9,588895,975,3347985,1686,433995,2661,3781980,4134,5540.43,18017515,14235535,0
"2022-07-17",549,7295613,292,6351809,16,588911,529,3348514,1164,435159,1693,3783673,2550,5629.14,18020065,14236392,0
"2022-07-18",1395,7297008,838,6352647,45,588956,1428,3349942,2438,437597,3866,3787539,6144,5691.43,18026209,14238670,0
"2022-07-19",1439,7298447,975,6353622,51,589007,1537,3351479,2791,440388,4328,3791867,6793,5799.71,18033002,14241135,0
"2022-07-20",1382,7299829,1476,6355098,50,589057,1341,3352820,2382,442770,3723,3795590,6632,5793,18039634,14244044,0
"2022-07-21",1330,7301159,1431,6356529,47,589104,1385,3354205,2354,445124,3739,3799329,6547,5711.86,18046181,14246852,0
"2022-07-22",1425,7302584,1559,6358088,41,589145,1545,3355750,2835,447959,4380,3803709,7405,5743.57,18053586,14249877,0
"2022-07-23",903,7303487,1091,6359179,17,589162,991,3356741,1546,449505,2537,3806246,4548,5802.71,18058134,14251888,0
"2022-07-24",489,7303976,638,6359817,14,589176,500,3357241,801,450306,1301,3807547,2443,5787.43,18060577,14253030,0
"2022-07-25",1212,7305188,766,6360583,59,589235,1253,3358494,2051,452357,3304,3810851,5341,5672.71,18065918,14255067,0
"2022-07-26",1226,7306414,1014,6361597,40,589275,1461,3359955,2424,454781,3885,3814736,6165,5583,18072083,14257347,0
"2022-07-27",1318,7307732,1270,6362867,41,589316,1377,3361332,2178,456959,3555,3818291,6186,5519.29,18078269,14259978,0
"2022-07-28",1299,7309031,1407,6364274,71,589387,1419,3362751,2189,459148,3608,3821899,6385,5496.14,18084654,14262755,0
"2022-07-29",1317,7310348,1423,6365697,64,589451,1341,3364092,2120,461268,3461,3825360,6266,5333.43,18090920,14265560,0
"2022-07-30",725,7311073,715,6366412,25,589476,782,3364874,939,462207,1721,3827081,3189,5139.29,18094109,14267028,0
"2022-07-31",420,7311493,587,6366999,14,589490,487,3365361,570,462777,1057,3828138,2078,5087.14,18096187,14268049,0
"2022-08-01",1223,7312716,901,6367900,55,589545,1314,3366675,1491,464268,2805,3830943,4984,5036.14,18101171,14270228,0
"2022-08-02",1219,7313935,1007,6368907,73,589618,1325,3368000,1579,465847,2904,3833847,5203,4898.71,18106374,14272527,0
"2022-08-03",1258,7315193,1170,6370077,41,589659,1313,3369313,1459,467306,2772,3836619,5241,4763.71,18111615,14274996,0
"2022-08-04",1171,7316364,1159,6371236,53,589712,1253,3370566,1367,468673,2620,3839239,5003,4566.29,18116618,14277379,0
"2022-08-05",1289,7317653,1408,6372644,45,589757,1278,3371844,1332,470005,2610,3841849,5352,4435.71,18121970,14280121,0
"2022-08-06",682,7318335,832,6373476,14,589771,732,3372576,702,470707,1434,3843283,2963,4403.43,18124933,14281650,0
"2022-08-07",389,7318724,455,6373931,14,589785,418,3372994,340,471047,758,3844041,1616,4337.43,18126549,14282508,0
"2022-08-08",1164,7319888,910,6374841,67,589852,1226,3374220,1101,472148,2327,3846368,4468,4263.71,18131017,14284649,0
"2022-08-09",1116,7321004,875,6375716,37,589889,1174,3375394,1084,473232,2258,3848626,4286,4132.71,18135303,14286677,0
"2022-08-10",1200,7322204,1086,6376802,54,589943,1209,3376603,1146,474378,2355,3850981,4695,4054.71,18139998,14289017,0
"2022-08-11",1282,7323486,1031,6377833,78,590021,1172,3377775,1193,475571,2365,3853346,4756,4019.43,18144754,14291408,0
"2022-08-12",1306,7324792,1369,6379202,51,590072,1219,3378994,1174,476745,2393,3855739,5119,3986.14,18149873,14294134,0
"2022-08-13",741,7325533,772,6379974,15,590087,737,3379731,557,477302,1294,3857033,2822,3966,18152695,14295662,0
"2022-08-14",488,7326021,481,6380455,19,590106,396,3380127,269,477571,665,3857698,1653,3971.29,18154348,14296650,0
"2022-08-15",1263,7327284,1021,6381476,54,590160,1253,3381380,908,478479,2161,3859859,4499,3975.71,18158847,14298988,0
"2022-08-16",1271,7328555,836,6382312,42,590202,1329,3382709,1001,479480,2330,3862189,4479,4003.29,18163326,14301137,0
"2022-08-17",1195,7329750,930,6383242,37,590239,1203,3383912,922,480402,2125,3864314,4287,3945,18167613,14303299,0
"2022-08-18",1136,7330886,923,6384165,43,590282,1234,3385146,867,481269,2101,3866415,4203,3866,18171816,14305401,0
"2022-08-19",1217,7332103,1087,6385252,33,590315,1083,3386229,905,482174,1988,3868403,4325,3752.57,18176141,14307738,0
"2022-08-20",574,7332677,474,6385726,15,590330,612,3386841,449,482623,1061,3869464,2124,3652.86,18178265,14308801,0
"2022-08-21",347,7333024,245,6385971,9,590339,372,3387213,254,482877,626,3870090,1227,3592,18179492,14309402,0
"2022-08-22",1181,7334205,900,6386871,36,590375,1202,3388415,819,483696,2021,3872111,4138,3540.43,18183630,14311519,0
"2022-08-23",1208,7335413,1017,6387888,42,590417,1346,3389761,870,484566,2216,3874327,4484,3541.14,18188114,14313787,0
"2022-08-24",1246,7336659,980,6388868,28,590445,1249,3391010,751,485317,2000,3876327,4255,3536.57,18192369,14316042,0
"2022-08-25",1176,7337835,929,6389797,59,590504,1161,3392171,754,486071,1915,3878242,4079,3518.86,18196448,14318206,0
"2022-08-26",1139,7338974,1144,6390941,52,590556,1149,3393320,722,486793,1871,3880113,4206,3501.86,18200654,14320541,0
"2022-08-27",662,7339636,511,6391452,13,590569,654,3393974,367,487160,1021,3881134,2207,3513.71,18202861,14321727,0
"2022-08-28",371,7340007,230,6391682,9,590578,433,3394407,209,487369,642,3881776,1252,3517.29,18204113,14322337,0
"2022-08-29",1107,7341114,895,6392577,39,590617,1074,3395481,557,487926,1631,3883407,3673,3450.86,18207786,14324379,0
"2022-08-30",1199,7342313,909,6393486,31,590648,1220,3396701,683,488609,1903,3885310,4042,3387.71,18211828,14326518,0
"2022-08-31",1102,7343415,953,6394439,39,590687,1048,3397749,526,489135,1574,3886884,3668,3303.86,18215496,14328612,0
"2022-09-01",959,7344374,894,6395333,41,590728,769,3398518,419,489554,1188,3888072,3082,3161.43,18218578,14330506,0
"2022-09-02",897,7345271,956,6396289,25,590753,542,3399060,150,489704,692,3888764,2570,2927.71,18221148,14332384,0
"2022-09-03",458,7345729,392,6396681,12,590765,330,3399390,55,489759,385,3889149,1247,2790.57,18222395,14333246,0
"2022-09-04",217,7345946,189,6396870,10,590775,181,3399571,32,489791,213,3889362,629,2701.57,18223024,14333662,0
"2022-09-05",70,7346016,65,6396935,4,590779,40,3399611,12,489803,52,3889414,191,2204.14,18223215,14333801,0
"2022-09-06",907,7346923,1096,6398031,46,590825,592,3400203,117,489920,709,3890123,2763,2021.43,18225978,14335855,0
"2022-09-07",751,7347674,903,6398934,31,590856,384,3400587,124,490044,508,3890631,2204,1812.29,18228182,14337551,0
"2022-09-08",603,7348277,611,6399545,30,590886,206,3400793,83,490127,289,3890920,1554,1594,18229736,14338816,120000
"2022-09-09",614,7348891,866,6400411,41,590927,194,3400987,87,490214,281,3891201,1878,1495.14,18231614,14340413,120000
"2022-09-10",333,7349224,455,6400866,10,590937,195,3401182,37,490251,232,3891433,1060,1468.43,18232674,14341241,120000
"2022-09-11",140,7349364,179,6401045,7,590944,67,3401249,25,490276,92,3891525,434,1440.57,18233108,14341583,120000
"2022-09-12",549,7349913,596,6401641,35,590979,163,3401412,71,490347,234,3891759,1458,1621.57,18234566,14342807,120000
"2022-09-13",507,7350420,599,6402240,17,590996,177,3401589,79,490426,256,3892015,1457,1435,18236023,14344008,120000
"2022-09-14",236,7350656,261,6402501,9,591005,71,3401660,76,490502,147,3892162,692,1219,18236715,14344553,120000
