"DATE","ADMIN_DOSE1_DAILY","ADMIN_DOSE1_CUMULATIVE","ADMIN_DOSE2_DAILY","ADMIN_DOSE2_CUMULATIVE","ADMIN_SINGLE_DAILY","ADMIN_SINGLE_CUMULATIVE","ADMIN_ADDITIONAL1_DAILY","ADMIN_ADDITIONAL1_CUMULATIVE","ADMIN_ADDITIONAL2_DAILY","ADMIN_ADDITIONAL2_CUMULATIVE","ADMIN_ADDITIONAL_DAILY","ADMIN_ADDITIONAL_CUMULATIVE","ADMIN_ALLDOSES_DAILY","ADMIN_ALLDOSES_7DAYAVG","ADMIN_ALLDOSES_CUMULATIVE","INCOMPLETE"
"2020-12-14",79,79,0,0,0,0,0,0,0,0,0,0,79,,79,0
"2020-12-15",2051,2130,6,6,4,4,0,0,0,0,0,0,2061,,2140,0
"2020-12-16",4607,6737,14,20,1,5,1,1,0,0,1,1,4623,,6763,0
"2020-12-17",4657,11394,18,38,0,5,1,2,0,0,1,2,4676,,11439,0
"2020-12-18",5833,17227,18,56,2,7,2,4,0,0,2,4,5855,,17294,0
"2020-12-19",1690,18917,7,63,3,10,0,4,0,0,0,4,1700,,18994,0
"2020-12-20",1116,20033,2,65,1,11,0,4,0,0,0,4,1119,2873.29,20113,0
"2020-12-21",6342,26375,19,84,0,11,5,9,0,0,5,9,6366,3771.43,26479,0
"2020-12-22",9795,36170,26,110,2,13,1,10,0,0,1,10,9824,4880.43,36303,0
"2020-12-23",14275,50445,35,145,3,16,1,11,0,0,1,11,14314,6264.86,50617,0
"2020-12-24",7198,57643,25,170,1,17,0,11,0,0,0,11,7224,6628.86,57841,0
"2020-12-25",180,57823,0,170,0,17,1,12,0,0,1,12,181,5818.29,58022,0
"2020-12-26",4389,62212,44,214,0,17,1,13,0,0,1,13,4434,6208.86,62456,0
"2020-12-27",3871,66083,14,228,0,17,1,14,0,0,1,14,3886,6604.14,66342,0
"2020-12-28",10995,77078,48,276,1,18,2,16,0,0,2,16,11046,7272.71,77388,0
"2020-12-29",10719,87797,35,311,2,20,2,18,0,0,2,18,10758,7406.14,88146,0
"2020-12-30",12826,100623,45,356,0,20,0,18,0,0,0,18,12871,7200,101017,0
"2020-12-31",7265,107888,34,390,1,21,0,18,0,0,0,18,7300,7210.86,108317,0
"2021-01-01",181,108069,2,392,1,22,3,21,0,0,3,21,187,7211.71,108504,0
"2021-01-02",3810,111879,10,402,2,24,2,23,0,0,2,23,3824,7124.57,112328,0
"2021-01-03",3542,115421,23,425,2,26,1,24,0,0,1,24,3568,7079.14,115896,0
"2021-01-04",12255,127676,807,1232,2,28,6,30,0,0,6,30,13070,7368.29,128966,0
"2021-01-05",14093,141769,2190,3422,2,30,12,42,1,1,13,43,16298,8159.71,145264,0
"2021-01-06",17802,159571,3926,7348,1,31,29,71,8,9,37,80,21766,9430.43,167030,0
"2021-01-07",16557,176128,5168,12516,4,35,45,116,3,12,48,128,21777,11498.57,188807,0
"2021-01-08",16620,192748,5455,17971,0,35,33,149,4,16,37,165,22112,14630.71,210919,0
"2021-01-09",7653,200401,1462,19433,1,36,7,156,2,18,9,174,9125,15388,220044,0
"2021-01-10",7881,208282,983,20416,0,36,10,166,0,18,10,184,8874,16146,228918,0
"2021-01-11",25825,234107,7454,27870,2,38,48,214,8,26,56,240,33337,19041.29,262255,0
"2021-01-12",28259,262366,7860,35730,1,39,44,258,3,29,47,287,36167,21879.71,298422,0
"2021-01-13",31722,294088,9389,45119,1,40,56,314,4,33,60,347,41172,24652,339594,0
"2021-01-14",35815,329903,5317,50436,1,41,30,344,7,40,37,384,41170,27422.43,380764,0
"2021-01-15",29265,359168,3703,54139,2,43,32,376,5,45,37,421,33007,28978.86,413771,0
"2021-01-16",30293,389461,2377,56516,0,43,25,401,5,50,30,451,32700,32346.71,446471,0
"2021-01-17",23749,413210,1629,58145,0,43,19,420,1,51,20,471,25398,34707.29,471869,0
"2021-01-18",27107,440317,2411,60556,1,44,33,453,7,58,40,511,29559,34167.57,501428,0
"2021-01-19",34297,474614,9627,70183,1,45,69,522,7,65,76,587,44001,35286.71,545429,0
"2021-01-20",34872,509486,9494,79677,1,46,58,580,4,69,62,649,44429,35752,589858,0
"2021-01-21",25595,535081,8091,87768,2,48,48,628,5,74,53,702,33741,34690.71,623599,0
"2021-01-22",24754,559835,4382,92150,1,49,32,660,8,82,40,742,29177,34143.57,652776,0
"2021-01-23",15743,575578,3224,95374,0,49,9,669,2,84,11,753,18978,32183.29,671754,0
"2021-01-24",7178,582756,3452,98826,0,49,20,689,1,85,21,774,10651,30076.57,682405,0
"2021-01-25",13413,596169,11819,110645,0,49,66,755,12,97,78,852,25310,29469.57,707715,0
"2021-01-26",16768,612937,10751,121396,0,49,67,822,2,99,69,921,27588,27124.86,735303,0
"2021-01-27",20837,633774,12356,133752,0,49,51,873,8,107,59,980,33252,25528.14,768555,0
"2021-01-28",30765,664539,12850,146602,0,49,81,954,16,123,97,1077,43712,26952.57,812267,0
"2021-01-29",31694,696233,11505,158107,0,49,78,1032,10,133,88,1165,43287,28968.29,855554,0
"2021-01-30",18708,714941,3741,161848,0,49,21,1053,2,135,23,1188,22472,29467.43,878026,0
"2021-01-31",13019,727960,2921,164769,1,50,29,1082,4,139,33,1221,15974,30227.86,894000,0
"2021-02-01",1179,729139,5369,170138,4,54,35,1117,4,143,39,1260,6591,27553.71,900591,0
"2021-02-02",2828,731967,9475,179613,2,56,47,1164,4,147,51,1311,12356,25377.71,912947,0
"2021-02-03",16350,748317,21245,200858,4,60,203,1367,19,166,222,1533,37821,26030.43,950768,0
"2021-02-04",27049,775366,19648,220506,3,63,200,1567,10,176,210,1743,46910,26487.29,997678,0
"2021-02-05",27599,802965,20039,240545,0,63,177,1744,15,191,192,1935,47830,27136.29,1045508,0
"2021-02-06",22994,825959,11247,251792,0,63,109,1853,12,203,121,2056,34362,28834.86,1079870,0
"2021-02-07",12044,838003,8281,260073,1,64,92,1945,13,216,105,2161,20431,29471.57,1100301,0
"2021-02-08",16964,854967,23518,283591,2,66,232,2177,34,250,266,2427,40750,34351.43,1141051,0
"2021-02-09",17191,872158,28110,311701,2,68,334,2511,42,292,376,2803,45679,39111.86,1186730,0
"2021-02-10",19592,891750,29312,341013,2,70,256,2767,49,341,305,3108,49211,40739,1235941,0
"2021-02-11",27849,919599,33472,374485,2,72,339,3106,57,398,396,3504,61719,42854.57,1297660,0
"2021-02-12",38396,957995,30796,405281,3,75,353,3459,39,437,392,3896,69587,45962.71,1367247,0
"2021-02-13",28009,986004,25314,430595,2,77,304,3763,52,489,356,4252,53681,48722.57,1420928,0
"2021-02-14",16282,1002286,23733,454328,0,77,262,4025,31,520,293,4545,40308,51562.14,1461236,0
"2021-02-15",12797,1015083,10529,464857,2,79,170,4195,23,543,193,4738,23521,49100.86,1484757,0
"2021-02-16",14241,1029324,26732,491589,0,79,321,4516,35,578,356,5094,41329,48479.43,1526086,0
"2021-02-17",16393,1045717,22196,513785,1,80,281,4797,37,615,318,5412,38908,47007.57,1564994,0
"2021-02-18",12152,1057869,24994,538779,21,101,288,5085,43,658,331,5743,37498,43547.43,1602492,0
"2021-02-19",13261,1071130,23936,562715,39,140,304,5389,44,702,348,6091,37584,38975.57,1640076,0
"2021-02-20",11355,1082485,26075,588790,6,146,326,5715,78,780,404,6495,37840,36712.57,1677916,0
"2021-02-21",6360,1088845,17421,606211,15,161,284,5999,44,824,328,6823,24124,34400.57,1702040,0
"2021-02-22",13044,1101889,11847,618058,2,163,125,6124,19,843,144,6967,25037,34617.14,1727077,0
"2021-02-23",25252,1127141,14147,632205,1,164,155,6279,34,877,189,7156,39589,34368.57,1766666,0
"2021-02-24",36363,1163504,20392,652597,0,164,226,6505,37,914,263,7419,57018,36955.71,1823684,0
"2021-02-25",54623,1218127,30391,682988,6,170,395,6900,63,977,458,7877,85478,43810,1909162,0
"2021-02-26",62866,1280993,31873,714861,4,174,412,7312,78,1055,490,8367,95233,52045.57,2004395,0
"2021-02-27",51303,1332296,22747,737608,47,221,333,7645,53,1108,386,8753,74483,57280.29,2078878,0
"2021-02-28",44590,1376886,13826,751434,7,228,203,7848,34,1142,237,8990,58660,62214,2137538,0
"2021-03-01",39324,1416210,12779,764213,10,238,164,8012,26,1168,190,9180,52303,66109.14,2189841,0
"2021-03-02",47084,1463294,12579,776792,7,245,160,8172,14,1182,174,9354,59844,69002.71,2249685,0
"2021-03-03",48605,1511899,16154,792946,17,262,147,8319,21,1203,168,9522,64944,70135,2314629,0
"2021-03-04",59825,1571724,22823,815769,1091,1353,270,8589,34,1237,304,9826,84043,69930,2398672,0
"2021-03-05",60991,1632715,24283,840052,3109,4462,333,8922,34,1271,367,10193,88750,69003.86,2487422,0
"2021-03-06",47179,1679894,18885,858937,5449,9911,237,9159,36,1307,273,10466,71786,68618.57,2559208,0
"2021-03-07",36047,1715941,14881,873818,6246,16157,228,9387,20,1327,248,10714,57422,68441.71,2616630,0
"2021-03-08",39638,1755579,14679,888497,8561,24718,313,9700,91,1418,404,11118,63282,70010.14,2679912,0
"2021-03-09",39112,1794691,12856,901353,7763,32481,178,9878,33,1451,211,11329,59942,70024.14,2739854,0
"2021-03-10",51834,1846525,15351,916704,5066,37547,226,10104,32,1483,258,11587,72509,71104.86,2812363,0
"2021-03-11",59995,1906520,21818,938522,4616,42163,249,10353,49,1532,298,11885,86727,71488.29,2899090,0
"2021-03-12",52209,1958729,30308,968830,4182,46345,373,10726,84,1616,457,12342,87156,71260.57,2986246,0
"2021-03-13",40657,1999386,26684,995514,5109,51454,323,11049,51,1667,374,12716,72824,71408.86,3059070,0
"2021-03-14",30719,2030105,15970,1011484,4521,55975,241,11290,27,1694,268,12984,51478,70559.71,3110548,0
"2021-03-15",33591,2063696,17255,1028739,4711,60686,235,11525,33,1727,268,13252,55825,69494.43,3166373,0
"2021-03-16",38677,2102373,20510,1049249,4924,65610,257,11782,35,1762,292,13544,64403,70131.71,3230776,0
"2021-03-17",42622,2144995,24797,1074046,4246,69856,339,12121,36,1798,375,13919,72040,70064.71,3302816,0
"2021-03-18",50454,2195449,26806,1100852,5232,75088,366,12487,60,1858,426,14345,82918,69520.57,3385734,0
"2021-03-19",47798,2243247,29959,1130811,5623,80711,388,12875,71,1929,459,14804,83839,69046.71,3469573,0
"2021-03-20",38714,2281961,25840,1156651,4684,85395,296,13171,59,1988,355,15159,69593,68585.14,3539166,0
"2021-03-21",29301,2311262,19358,1176009,769,86164,222,13393,44,2032,266,15425,49694,68330.29,3588860,0
"2021-03-22",33871,2345133,26742,1202751,4034,90198,262,13655,37,2069,299,15724,64946,69633.29,3653806,0
"2021-03-23",38435,2383568,32843,1235594,4218,94416,295,13950,56,2125,351,16075,75847,71268.14,3729653,0
"2021-03-24",41500,2425068,37606,1273200,4840,99256,327,14277,63,2188,390,16465,84336,73024.71,3813989,0
"2021-03-25",43408,2468476,50800,1324000,5051,104307,472,14749,86,2274,558,17023,99817,75438.86,3913806,0
"2021-03-26",38509,2506985,55514,1379514,4309,108616,525,15274,96,2370,621,17644,98953,77598,4012759,0
"2021-03-27",35738,2542723,45758,1425272,2937,111553,416,15690,82,2452,498,18142,84931,79789.14,4097690,0
"2021-03-28",26392,2569115,34461,1459733,1481,113034,330,16020,65,2517,395,18537,62729,81651.29,4160419,0
"2021-03-29",34818,2603933,38865,1498598,3244,116278,344,16364,110,2627,454,18991,77381,83427.71,4237800,0
"2021-03-30",40513,2644446,41928,1540526,3713,119991,336,16700,65,2692,401,19392,86555,84957.43,4324355,0
"2021-03-31",49400,2693846,44869,1585395,7438,127429,401,17101,87,2779,488,19880,102195,87508.71,4426550,0
"2021-04-01",50785,2744631,53945,1639340,11269,138698,499,17600,86,2865,585,20465,116584,89904,4543134,0
"2021-04-02",43763,2788394,53889,1693229,11967,150665,544,18144,72,2937,616,21081,110235,91515.71,4653369,0
"2021-04-03",39257,2827651,39218,1732447,9860,160525,332,18476,58,2995,390,21471,88725,92057.71,4742094,0
"2021-04-04",26560,2854211,24784,1757231,3902,164427,222,18698,49,3044,271,21742,55517,91027.43,4797611,0
"2021-04-05",41891,2896102,34488,1791719,11197,175624,370,19068,60,3104,430,22172,88006,92545.29,4885617,0
"2021-04-06",53274,2949376,35617,1827336,13217,188841,424,19492,75,3179,499,22671,102607,94838.43,4988224,0
"2021-04-07",55514,3004890,40703,1868039,14385,203226,392,19884,79,3258,471,23142,111073,96106.71,5099297,0
"2021-04-08",59271,3064161,46594,1914633,16333,219559,517,20401,83,3341,600,23742,122798,96994.43,5222095,0
"2021-04-09",56655,3120816,44960,1959593,17555,237114,514,20915,78,3419,592,24334,119762,98355.43,5341857,0
"2021-04-10",49349,3170165,35648,1995241,12726,249840,387,21302,61,3480,448,24782,98171,99704.86,5440028,0
"2021-04-11",38183,3208348,28818,2024059,7678,257518,296,21598,57,3537,353,25135,75032,102492.71,5515060,0
"2021-04-12",46641,3254989,31848,2055907,13497,271015,463,22061,64,3601,527,25662,92513,103136.57,5607573,0
"2021-04-13",52550,3307539,33790,2089697,368,271383,393,22454,62,3663,455,26117,87163,100930.29,5694736,0
"2021-04-14",50153,3357692,39957,2129654,20,271403,368,22822,71,3734,439,26556,90569,98001.14,5785305,0
"2021-04-15",52127,3409819,43683,2173337,15,271418,452,23274,104,3838,556,27112,96381,94227.29,5881686,0
"2021-04-16",51198,3461017,42215,2215552,32,271450,423,23697,68,3906,491,27603,93936,90537.86,5975622,0
"2021-04-17",43842,3504859,35692,2251244,3,271453,367,24064,83,3989,450,28053,79987,87940.14,6055609,0
"2021-04-18",28608,3533467,29371,2280615,7,271460,251,24315,62,4051,313,28366,58299,85549.71,6113908,0
"2021-04-19",37476,3570943,36451,2317066,22,271482,322,24637,64,4115,386,28752,74335,82952.86,6188243,0
"2021-04-20",40816,3611759,39626,2356692,19,271501,315,24952,78,4193,393,29145,80854,82051.57,6269097,0
"2021-04-21",38905,3650664,46016,2402708,16,271517,494,25446,96,4289,590,29735,85527,81331.29,6354624,0
"2021-04-22",38499,3689163,48968,2451676,9,271526,334,25780,73,4362,407,30142,87883,80117.29,6442507,0
"2021-04-23",39701,3728864,44384,2496060,3,271529,347,26127,72,4434,419,30561,84507,78770.29,6527014,0
"2021-04-24",31953,3760817,41603,2537663,44,271573,276,26403,63,4497,339,30900,73939,77906.29,6600953,0
"2021-04-25",18426,3779243,31228,2568891,86,271659,194,26597,56,4553,250,31150,49990,76719.29,6650943,0
"2021-04-26",26975,3806218,40738,2609629,1012,272671,283,26880,84,4637,367,31517,69092,75970.29,6720035,0
"2021-04-27",28579,3834797,47143,2656772,1697,274368,347,27227,93,4730,440,31957,77859,75542.43,6797894,0
"2021-04-28",27043,3861840,56845,2713617,2145,276513,426,27653,100,4830,526,32483,86559,75689.86,6884453,0
"2021-04-29",28616,3890456,57206,2770823,2148,278661,363,28016,100,4930,463,32946,88433,75768.43,6972886,0
"2021-04-30",30130,3920586,51995,2822818,2053,280714,279,28295,72,5002,351,33297,84529,75771.57,7057415,0
"2021-05-01",22480,3943066,44543,2867361,1176,281890,232,28527,64,5066,296,33593,68495,74993.86,7125910,0
"2021-05-02",11925,3954991,36655,2904016,1081,282971,138,28665,56,5122,194,33787,49855,74974.57,7175765,0
"2021-05-03",18026,3973017,53030,2957046,2380,285351,255,28920,91,5213,346,34133,73782,75644.57,7249547,0
"2021-05-04",22738,3995755,56649,3013695,2329,287680,265,29185,115,5328,380,34513,82096,76249.86,7331643,0
"2021-05-05",21475,4017230,48766,3062461,2309,289989,309,29494,99,5427,408,34921,72958,74306.86,7404601,0
"2021-05-06",20685,4037915,50181,3112642,2506,292495,270,29764,87,5514,357,35278,73729,72206.29,7478330,0
"2021-05-07",21255,4059170,52097,3164739,2813,295308,306,30070,75,5589,381,35659,76546,71065.86,7554876,0
"2021-05-08",16634,4075804,41868,3206607,1833,297141,230,30300,69,5658,299,35958,60634,69942.86,7615510,0
"2021-05-09",7975,4083779,29414,3236021,1260,298401,146,30446,56,5714,202,36160,38851,68370.86,7654361,0
"2021-05-10",14387,4098166,38536,3274557,2354,300755,232,30678,90,5804,322,36482,55599,65773.29,7709960,0
"2021-05-11",19916,4118082,43066,3317623,2513,303268,280,30958,85,5889,365,36847,65860,63453.86,7775820,0
"2021-05-12",17814,4135896,40550,3358173,3591,306859,225,31183,78,5967,303,37150,62258,61925.29,7838078,0
"2021-05-13",24977,4160873,40429,3398602,3226,310085,260,31443,75,6042,335,37485,68967,61245,7907045,0
"2021-05-14",27039,4187912,42925,3441527,3533,313618,265,31708,95,6137,360,37845,73857,60860.86,7980902,0
"2021-05-15",23653,4211565,34921,3476448,3361,316979,251,31959,75,6212,326,38171,62261,61093.29,8043163,0
"2021-05-16",15527,4227092,19454,3495902,2494,319473,120,32079,45,6257,165,38336,37640,60920.29,8080803,0
"2021-05-17",22676,4249768,29143,3525045,3253,322726,177,32256,68,6325,245,38581,55317,60880,8136120,0
"2021-05-18",24643,4274411,31913,3556958,3405,326131,235,32491,71,6396,306,38887,60267,60081,8196387,0
"2021-05-19",24196,4298607,29724,3586682,3040,329171,220,32711,47,6443,267,39154,57227,59362.29,8253614,0
"2021-05-20",24157,4322764,30099,3616781,3161,332332,259,32970,86,6529,345,39499,57762,57761.57,8311376,0
"2021-05-21",24681,4347445,32004,3648785,3051,335383,242,33212,58,6587,300,39799,60036,55787.14,8371412,0
"2021-05-22",20021,4367466,24362,3673147,2524,337907,164,33376,49,6636,213,40012,47120,53624.14,8418532,0
"2021-05-23",11234,4378700,13732,3686879,1409,339316,92,33468,32,6668,124,40136,26499,52032.57,8445031,0
"2021-05-24",18877,4397577,23160,3710039,2756,342072,213,33681,54,6722,267,40403,45060,50567.29,8490091,0
"2021-05-25",19433,4417010,23379,3733418,2596,344668,171,33852,57,6779,228,40631,45636,48477.14,8535727,0
"2021-05-26",18783,4435793,21092,3754510,2696,347364,199,34051,48,6827,247,40878,42818,46418.71,8578545,0
"2021-05-27",18472,4454265,21279,3775789,2527,349891,180,34231,59,6886,239,41117,42517,44240.86,8621062,0
"2021-05-28",17869,4472134,22890,3798679,2749,352640,184,34415,53,6939,237,41354,43745,41913.57,8664807,0
"2021-05-29",12709,4484843,17809,3816488,1753,354393,105,34520,39,6978,144,41498,32415,39812.86,8697222,0
"2021-05-30",7031,4491874,8949,3825437,1073,355466,48,34568,17,6995,65,41563,17118,38472.71,8714340,0
"2021-05-31",4743,4496617,6924,3832361,1008,356474,63,34631,18,7013,81,41644,12756,33857.86,8727096,0
"2021-06-01",16048,4512665,25198,3857559,2176,358650,152,34783,43,7056,195,41839,43617,33569.43,8770713,0
"2021-06-02",15354,4528019,20390,3877949,2093,360743,139,34922,48,7104,187,42026,38024,32884.57,8808737,0
"2021-06-03",15009,4543028,23823,3901772,2280,363023,127,35049,44,7148,171,42197,41283,32708.29,8850020,0
"2021-06-04",14724,4557752,26000,3927772,2492,365515,143,35192,41,7189,184,42381,43400,32659,8893420,0
"2021-06-05",10995,4568747,22090,3949862,1806,367321,115,35307,28,7217,143,42524,35034,33033.14,8928454,0
"2021-06-06",6446,4575193,14482,3964344,1219,368540,89,35396,13,7230,102,42626,22249,33766.14,8950703,0
"2021-06-07",11708,4586901,21782,3986126,2377,370917,139,35535,37,7267,176,42802,36043,37092.86,8986746,0
"2021-06-08",12638,4599539,24026,4010152,2071,372988,119,35654,46,7313,165,42967,38900,36419,9025646,0
"2021-06-09",11138,4610677,23032,4033184,2299,375287,133,35787,39,7352,172,43139,36641,36221.43,9062287,0
"2021-06-10",12068,4622745,22236,4055420,2461,377748,138,35925,56,7408,194,43333,36959,35603.71,9099246,0
"2021-06-11",12713,4635458,25120,4080540,2484,380232,153,36078,58,7466,211,43544,40528,35193.43,9139774,0
"2021-06-12",10167,4645625,19314,4099854,1886,382118,93,36171,42,7508,135,43679,31502,34688.86,9171276,0
"2021-06-13",4257,4649882,10936,4110790,1212,383330,41,36212,22,7530,63,43742,16468,33863,9187744,0
"2021-06-14",10209,4660091,19239,4130029,2042,385372,128,36340,51,7581,179,43921,31669,33238.14,9219413,0
"2021-06-15",11887,4671978,21013,4151042,1942,387314,131,36471,40,7621,171,44092,35013,32682.86,9254426,0
"2021-06-16",11589,4683567,19410,4170452,1957,389271,141,36612,68,7689,209,44301,33165,32186.29,9287591,0
"2021-06-17",11027,4694594,18762,4189214,1971,391242,122,36734,35,7724,157,44458,31917,31466,9319508,0
"2021-06-18",12167,4706761,18501,4207715,2115,393357,113,36847,36,7760,149,44607,32932,30380.86,9352440,0
"2021-06-19",8499,4715260,13516,4221231,1459,394816,84,36931,21,7781,105,44712,23579,29249,9376019,0
"2021-06-20",4336,4719596,7156,4228387,924,395740,37,36968,17,7798,54,44766,12470,28677.86,9388489,0
"2021-06-21",10162,4729758,10010,4238397,1806,397546,68,37036,27,7825,95,44861,22073,27307,9410562,0
"2021-06-22",9840,4739598,15640,4254037,1587,399133,105,37141,28,7853,133,44994,27200,26190.86,9437762,0
"2021-06-23",10313,4749911,15189,4269226,1863,400996,102,37243,30,7883,132,45126,27497,25381.14,9465259,0
"2021-06-24",9689,4759600,14698,4283924,1799,402795,119,37362,25,7908,144,45270,26330,24583,9491589,0
"2021-06-25",10591,4770191,14386,4298310,1720,404515,111,37473,38,7946,149,45419,26846,23713.57,9518435,0
"2021-06-26",7804,4777995,10464,4308774,1250,405765,74,37547,24,7970,98,45517,19616,23147.43,9538051,0
"2021-06-27",5002,4782997,6001,4314775,794,406559,33,37580,14,7984,47,45564,11844,23058,9549895,0
"2021-06-28",9036,4792033,10347,4325122,1524,408083,106,37686,26,8010,132,45696,21039,22910.29,9570934,0
"2021-06-29",9745,4801778,12322,4337444,1347,409430,121,37807,30,8040,151,45847,23565,22391,9594499,0
"2021-06-30",9435,4811213,10928,4348372,1483,410913,147,37954,16,8056,163,46010,22009,21607,9616508,0
"2021-07-01",9399,4820612,10933,4359305,1432,412345,123,38077,24,8080,147,46157,21911,20975.71,9638419,0
"2021-07-02",9696,4830308,11451,4370756,1541,413886,118,38195,22,8102,140,46297,22828,20401.71,9661247,0
"2021-07-03",7056,4837364,8423,4379179,1193,415079,75,38270,17,8119,92,46389,16764,19994.29,9678011,0
"2021-07-04",1288,4838652,1336,4380515,567,415646,8,38278,3,8122,11,46400,3202,18759.71,9681213,0
"2021-07-05",6498,4845150,7105,4387620,1208,416854,63,38341,22,8144,85,46485,14896,17882.14,9696109,0
"2021-07-06",9514,4854664,12853,4400473,1314,418168,114,38455,37,8181,151,46636,23832,17920.29,9719941,0
"2021-07-07",8671,4863335,11107,4411580,1418,419586,121,38576,19,8200,140,46776,21336,17824.14,9741277,0
"2021-07-08",8211,4871546,10193,4421773,1259,420845,107,38683,21,8221,128,46904,19791,17521.29,9761068,0
"2021-07-09",8376,4879922,10832,4432605,1278,422123,90,38773,18,8239,108,47012,20594,17202.14,9781662,0
"2021-07-10",7106,4887028,8630,4441235,1131,423254,63,38836,20,8259,83,47095,16950,17228.71,9798612,0
"2021-07-11",4105,4891133,4539,4445774,703,423957,34,38870,6,8265,40,47135,9387,18112.29,9807999,0
"2021-07-12",8450,4899583,9555,4455329,1250,425207,82,38952,23,8288,105,47240,19360,18750,9827359,0
"2021-07-13",9461,4909044,9394,4464723,951,426158,104,39056,34,8322,138,47378,19944,18194.57,9847303,0
"2021-07-14",9001,4918045,9530,4474253,1011,427169,105,39161,21,8343,126,47504,19668,17956.29,9866971,0
"2021-07-15",8790,4926835,9156,4483409,1053,428222,81,39242,19,8362,100,47604,19099,17857.43,9886070,0
"2021-07-16",9243,4936078,9762,4493171,979,429201,102,39344,30,8392,132,47736,20116,17789.14,9906186,0
"2021-07-17",6842,4942920,7387,4500558,803,430004,80,39424,19,8411,99,47835,15131,17529.29,9921317,0
"2021-07-18",4257,4947177,4282,4504840,576,430580,36,39460,13,8424,49,47884,9164,17497.43,9930481,0
"2021-07-19",9122,4956299,8478,4513318,999,431579,89,39549,22,8446,111,47995,18710,17404.57,9949191,0
"2021-07-20",10650,4966949,8759,4522077,990,432569,94,39643,25,8471,119,48114,20518,17486.57,9969709,0
"2021-07-21",10050,4976999,8765,4530842,902,433471,145,39788,33,8504,178,48292,19895,17519,9989604,0
"2021-07-22",10689,4987688,8586,4539428,1046,434517,143,39931,25,8529,168,48460,20489,17717.57,10010093,0
"2021-07-23",11255,4998943,8882,4548310,1113,435630,135,40066,23,8552,158,48618,21408,17902.14,10031501,0
"2021-07-24",7405,5006348,6737,4555047,670,436300,81,40147,24,8576,105,48723,14917,17871.57,10046418,0
"2021-07-25",5479,5011827,2125,4557172,509,436809,58,40205,3,8579,61,48784,8174,17730.14,10054592,0
"2021-07-26",10874,5022701,7003,4564175,858,437667,109,40314,20,8599,129,48913,18864,17752.14,10073456,0
"2021-07-27",12056,5034757,8569,4572744,857,438524,133,40447,39,8638,172,49085,21654,17914.43,10095110,0
"2021-07-28",11992,5046749,8051,4580795,947,439471,131,40578,25,8663,156,49241,21146,18093.14,10116256,0
"2021-07-29",10937,5057686,7430,4588225,983,440454,133,40711,39,8702,172,49413,19522,17955,10135778,0
"2021-07-30",14954,5072640,8015,4596240,1149,441603,179,40890,31,8733,210,49623,24328,18372.14,10160106,0
"2021-07-31",9726,5082366,6316,4602556,815,442418,119,41009,20,8753,139,49762,16996,18669.14,10177102,0
"2021-08-01",6504,5088870,3307,4605863,564,442982,81,41090,20,8773,101,49863,10476,18998,10187578,0
"2021-08-02",13451,5102321,7155,4613018,848,443830,143,41233,17,8790,160,50023,21614,19390.86,10209192,0
"2021-08-03",15415,5117736,8388,4621406,1108,444938,143,41376,37,8827,180,50203,25091,19881.86,10234283,0
"2021-08-04",17264,5135000,8126,4629532,1454,446392,181,41557,34,8861,215,50418,27059,20726.57,10261342,0
"2021-08-05",17868,5152868,7932,4637464,1365,447757,160,41717,19,8880,179,50597,27344,21844,10288686,0
"2021-08-06",18178,5171046,8414,4645878,1232,448989,160,41877,32,8912,192,50789,28016,22370.86,10316702,0
"2021-08-07",13387,5184433,6015,4651893,799,449788,99,41976,28,8940,127,50916,20328,22846.86,10337030,0
"2021-08-08",9309,5193742,3835,4655728,399,450187,82,42058,10,8950,92,51008,13635,23298.14,10350665,0
"2021-08-09",21341,5215083,8529,4664257,963,451150,168,42226,35,8985,203,51211,31036,24644.14,10381701,0
"2021-08-10",18923,5234006,9328,4673585,946,452096,175,42401,33,9018,208,51419,29405,25260.43,10411106,0
"2021-08-11",15651,5249657,8306,4681891,851,452947,129,42530,45,9063,174,51593,24982,24963.71,10436088,0
"2021-08-12",15042,5264699,8982,4690873,939,453886,170,42700,36,9099,206,51799,25169,24653,10461257,0
"2021-08-13",14927,5279626,9290,4700163,920,454806,240,42940,37,9136,277,52076,25414,24281.29,10486671,0
"2021-08-14",10407,5290033,6407,4706570,625,455431,529,43469,40,9176,569,52645,18008,23949.86,10504679,0
"2021-08-15",6694,5296727,4479,4711049,675,456106,566,44035,33,9209,599,53244,12447,23780.14,10517126,0
"2021-08-16",15724,5312451,9299,4720348,1150,457256,1319,45354,64,9273,1383,54627,27556,23283,10544682,0
"2021-08-17",17777,5330228,10436,4730784,1224,458480,1763,47117,84,9357,1847,56474,31284,23551.43,10575966,0
"2021-08-18",17508,5347736,10362,4741146,1261,459741,1983,49100,94,9451,2077,58551,31208,24440.86,10607174,0
"2021-08-19",16300,5364036,9525,4750671,1314,461055,1949,51049,66,9517,2015,60566,29154,25010.14,10636328,0
"2021-08-20",16281,5380317,11537,4762208,1253,462308,1859,52908,83,9600,1942,62508,31013,25810,10667341,0
"2021-08-21",11151,5391468,8038,4770246,877,463185,1057,53965,56,9656,1113,63621,21179,26263,10688520,0
"2021-08-22",4081,5395549,3902,4774148,262,463447,513,54478,34,9690,547,64168,8792,25740.86,10697312,0
"2021-08-23",15587,5411136,11799,4785947,1022,464469,1547,56025,74,9764,1621,65789,30029,26094.14,10727341,0
"2021-08-24",16917,5428053,12596,4798543,1004,465473,1770,57795,77,9841,1847,67636,32364,26248.43,10759705,0
"2021-08-25",14589,5442642,12443,4810986,1108,466581,1564,59359,76,9917,1640,69276,29780,26044.43,10789485,0
"2021-08-26",16166,5458808,14088,4825074,1070,467651,1768,61127,67,9984,1835,71111,33159,26616.57,10822644,0
"2021-08-27",14883,5473691,14824,4839898,969,468620,1667,62794,72,10056,1739,72850,32415,26816.86,10855059,0
"2021-08-28",10683,5484374,11523,4851421,836,469456,1011,63805,45,10101,1056,73906,24098,27233.86,10879157,0
"2021-08-29",7219,5491593,7495,4858916,541,469997,778,64583,57,10158,835,74741,16090,28276.43,10895247,0
"2021-08-30",15523,5507116,16924,4875840,1077,471074,1794,66377,83,10241,1877,76618,35401,29043.86,10930648,0
"2021-08-31",15525,5522641,15952,4891792,951,472025,1969,68346,86,10327,2055,78673,34483,29346.57,10965131,0
"2021-09-01",14835,5537476,14099,4905891,1020,473045,1807,70153,60,10387,1867,80540,31821,29638.14,10996952,0
"2021-09-02",14333,5551809,12518,4918409,895,473940,1702,71855,62,10449,1764,82304,29510,29116.86,11026462,0
"2021-09-03",15020,5566829,14303,4932712,973,474913,1892,73747,70,10519,1962,84266,32258,29094.43,11058720,0
"2021-09-04",9649,5576478,9405,4942117,687,475600,975,74722,34,10553,1009,85275,20750,28616.14,11079470,0
"2021-09-05",6804,5583282,5516,4947633,438,476038,707,75429,17,10570,724,85999,13482,28243.57,11092952,0
"2021-09-06",5196,5588478,4513,4952146,356,476394,270,75699,11,10581,281,86280,10346,24664.29,11103298,0
"2021-09-07",15578,5604056,17696,4969842,912,477306,1553,77252,87,10668,1640,87920,35826,24856.14,11139124,0
"2021-09-08",16167,5620223,14823,4984665,1072,478378,1768,79020,82,10750,1850,89770,33912,25154.86,11173036,0
"2021-09-09",16116,5636339,14750,4999415,1046,479424,1913,80933,73,10823,1986,91756,33898,25781.71,11206934,0
"2021-09-10",18377,5654716,15394,5014809,1208,480632,1969,82902,81,10904,2050,93806,37029,26463.29,11243963,0
"2021-09-11",12639,5667355,10347,5025156,957,481589,1026,83928,48,10952,1074,94880,25017,27072.86,11268980,0
"2021-09-12",8539,5675894,5050,5030206,766,482355,690,84618,29,10981,719,95599,15074,27300.29,11284054,0
"2021-09-13",16931,5692825,12960,5043166,976,483331,1652,86270,53,11034,1705,97304,32572,30475.43,11316626,0
"2021-09-14",16271,5709096,13679,5056845,884,484215,1591,87861,55,11089,1646,98950,32480,29997.43,11349106,0
"2021-09-15",15549,5724645,12879,5069724,727,484942,1565,89426,78,11167,1643,100593,30798,29552.57,11379904,0
"2021-09-16",15342,5739987,13910,5083634,1207,486149,1455,90881,66,11233,1521,102114,31980,29278.57,11411884,0
"2021-09-17",14438,5754425,13960,5097594,922,487071,1827,92708,58,11291,1885,103999,31205,28446.57,11443089,0
"2021-09-18",10003,5764428,10177,5107771,913,487984,1046,93754,41,11332,1087,105086,22180,28041.29,11465269,0
"2021-09-19",6179,5770607,6071,5113842,558,488542,747,94501,29,11361,776,105862,13584,27828.43,11478853,0
"2021-09-20",12679,5783286,12629,5126471,1068,489610,1920,96421,59,11420,1979,107841,28355,27226,11507208,0
"2021-09-21",12236,5795522,12772,5139243,1109,490719,2019,98440,78,11498,2097,109938,28214,26616.57,11535422,0
"2021-09-22",12824,5808346,12005,5151248,1090,491809,1680,100120,67,11565,1747,111685,27666,26169.14,11563088,0
"2021-09-23",14944,5823290,12757,5164005,1638,493447,2265,102385,72,11637,2337,114022,31676,26125.71,11594764,0
"2021-09-24",16455,5839745,13365,5177370,1632,495079,4622,107007,113,11750,4735,118757,36187,26837.43,11630951,0
"2021-09-25",10543,5850288,9025,5186395,1017,496096,3462,110469,75,11825,3537,122294,24122,27114.86,11655073,0
"2021-09-26",6304,5856592,5760,5192155,772,496868,2423,112892,56,11881,2479,124773,15315,27362.14,11670388,0
"2021-09-27",14165,5870757,8053,5200208,1155,498023,9057,121949,158,12039,9215,133988,32588,27966.86,11702976,0
"2021-09-28",11149,5881906,11778,5211986,902,498925,9913,131862,174,12213,10087,144075,33916,28781.43,11736892,0
"2021-09-29",11608,5893514,12196,5224182,1205,500130,9448,141310,162,12375,9610,153685,34619,29774.71,11771511,0
"2021-09-30",12241,5905755,12606,5236788,1336,501466,9743,151053,172,12547,9915,163600,36098,30406.43,11807609,0
"2021-10-01",12650,5918405,13430,5250218,1284,502750,10263,161316,147,12694,10410,174010,37774,30633.14,11845383,0
"2021-10-02",7734,5926139,9976,5260194,865,503615,4239,165555,75,12769,4314,178324,22889,30457,11868272,0
"2021-10-03",5077,5931216,6156,5266350,592,504207,2611,168166,56,12825,2667,180991,14492,30339.43,11882764,0
"2021-10-04",9909,5941125,11023,5277373,912,505119,9521,177687,141,12966,9662,190653,31506,30184.86,11914270,0
"2021-10-05",10165,5951290,11739,5289112,971,506090,9929,187616,174,13140,10103,200756,32978,30050.86,11947248,0
"2021-10-06",9919,5961209,11057,5300169,937,507027,9928,197544,154,13294,10082,210838,31995,29676,11979243,0
"2021-10-07",9666,5970875,12198,5312367,853,507880,10186,207730,168,13462,10354,221192,33071,29243.57,12012314,0
"2021-10-08",9462,5980337,12175,5324542,942,508822,10903,218633,160,13622,11063,232255,33642,28653.29,12045956,0
"2021-10-09",6259,5986596,8278,5332820,647,509469,4118,222751,89,13711,4207,236462,19391,28153.57,12065347,0
"2021-10-10",3543,5990139,5030,5337850,458,509927,2432,225183,41,13752,2473,238935,11504,27726.71,12076851,0
"2021-10-11",7624,5997763,9333,5347183,728,510655,8884,234067,156,13908,9040,247975,26725,27043.71,12103576,0
"2021-10-12",8078,6005841,10998,5358181,890,511545,10510,244577,180,14088,10690,258665,30656,26712,12134232,0
"2021-10-13",7155,6012996,10149,5368330,867,512412,8799,253376,175,14263,8974,267639,27145,26019.14,12161377,0
"2021-10-14",7447,6020443,11113,5379443,836,513248,10111,263487,161,14424,10272,277911,29668,25533,12191045,0
"2021-10-15",7728,6028171,11867,5391310,822,514070,10807,274294,164,14588,10971,288882,31388,25211,12222433,0
"2021-10-16",4864,6033035,7469,5398779,665,514735,3843,278137,65,14653,3908,292790,16906,24856,12239339,0
"2021-10-17",3061,6036096,4473,5403252,411,515146,2451,280588,41,14694,2492,295282,10437,24703.57,12249776,0
"2021-10-18",7053,6043149,10666,5413918,796,515942,9478,290066,170,14864,9648,304930,28163,24909,12277939,0
"2021-10-19",6576,6049725,8946,5422864,803,516745,9087,299153,168,15032,9255,314185,25580,24183.86,12303519,0
"2021-10-20",6535,6056260,9375,5432239,974,517719,9985,309138,172,15204,10157,324342,27041,24169,12330560,0
"2021-10-21",7031,6063291,9382,5441621,857,518576,10841,319979,149,15353,10990,335332,28260,23967.86,12358820,0
"2021-10-22",8131,6071422,10343,5451964,1025,519601,16343,336322,209,15562,16552,351884,36051,24634,12394871,0
"2021-10-23",5171,6076593,6458,5458422,690,520291,9121,345443,112,15674,9233,361117,21552,25297.71,12416423,0
"2021-10-24",3279,6079872,3972,5462394,770,521061,6148,351591,76,15750,6224,367341,14245,25841.71,12430668,0
"2021-10-25",8775,6088647,8739,5471133,1149,522210,19250,370841,288,16038,19538,386879,38201,27275.71,12468869,0
"2021-10-26",8206,6096853,7724,5478857,1258,523468,17287,388128,257,16295,17544,404423,34732,28583.14,12503601,0
"2021-10-27",10569,6107422,8393,5487250,1603,525071,20853,408981,307,16602,21160,425583,41725,30680.86,12545326,0
"2021-10-28",11332,6118754,8041,5495291,1792,526863,20836,429817,310,16912,21146,446729,42311,32688.14,12587637,0
"2021-10-29",11843,6130597,8242,5503533,1957,528820,22527,452344,315,17227,22842,469571,44884,33950,12632521,0
"2021-10-30",4632,6135229,5058,5508591,928,529748,11164,463508,159,17386,11323,480894,21941,34005.57,12654462,0
"2021-10-31",2666,6137895,2702,5511293,544,530292,6637,470145,95,17481,6732,487626,12644,33776.86,12667106,0
"2021-11-01",7140,6145035,6955,5518248,1089,531381,20379,490524,319,17800,20698,508324,35882,33445.57,12702988,0
"2021-11-02",6588,6151623,6593,5524841,1054,532435,20775,511299,263,18063,21038,529362,35273,33522.86,12738261,0
"2021-11-03",6856,6158479,6683,5531524,1026,533461,20623,531922,302,18365,20925,550287,35490,32632.14,12773751,0
"2021-11-04",9322,6167801,6282,5537806,995,534456,22350,554272,339,18704,22689,572976,39288,32200.29,12813039,0
"2021-11-05",11065,6178866,6726,5544532,1050,535506,23755,578027,344,19048,24099,597075,42940,31922.57,12855979,0
"2021-11-06",11139,6190005,4050,5548582,594,536100,12587,590614,164,19212,12751,609826,28534,32864.43,12884513,0
"2021-11-07",7260,6197265,2286,5550868,577,536677,7105,597719,92,19304,7197,617023,17320,33532.43,12901833,0
"2021-11-08",15060,6212325,5679,5556547,864,537541,19508,617227,271,19575,19779,636802,41382,34318.14,12943215,0
"2021-11-09",16159,6228484,5390,5561937,660,538201,20508,637735,267,19842,20775,657577,42984,35419.71,12986199,0
"2021-11-10",16938,6245422,5326,5567263,683,538884,22639,660374,289,20131,22928,680505,45875,36903.29,13032074,0
"2021-11-11",12582,6258004,5189,5572452,757,539641,22080,682454,278,20409,22358,702863,40886,37131.57,13072960,0
"2021-11-12",16900,6274904,5691,5578143,705,540346,23389,705843,350,20759,23739,726602,47035,37716.57,13119995,0
"2021-11-13",9947,6284851,3665,5581808,463,540809,13322,719165,176,20935,13498,740100,27573,37579.29,13147568,0
"2021-11-14",6016,6290867,2293,5584101,325,541134,7930,727095,75,21010,8005,748105,16639,37482,13164207,0
"2021-11-15",13228,6304095,5977,5590078,689,541823,25099,752194,350,21360,25449,773554,45343,38047.86,13209550,0
"2021-11-16",9978,6314073,5785,5595863,656,542479,30659,782853,413,21773,31072,804626,47491,38691.71,13257041,0
"2021-11-17",10315,6324388,6676,5602539,680,543159,31411,814264,402,22175,31813,836439,49484,39207.29,13306525,0
"2021-11-18",10746,6335134,6545,5609084,857,544016,32999,847263,438,22613,33437,869876,51585,40735.71,13358110,0
"2021-11-19",12033,6347167,6551,5615635,715,544731,36236,883499,444,23057,36680,906556,55979,42013.43,13414089,0
"2021-11-20",9339,6356506,3420,5619055,513,545244,22507,906006,248,23305,22755,929311,36027,43221.14,13450116,0
"2021-11-21",4958,6361464,1887,5620942,288,545532,13200,919206,144,23449,13344,942655,20477,43769.43,13470593,0
"2021-11-22",10452,6371916,5794,5626736,751,546283,35913,955119,432,23881,36345,979000,53342,44912.14,13523935,0
"2021-11-23",9813,6381729,4784,5631520,635,546918,33507,988626,360,24241,33867,1012867,49099,45141.86,13573034,0
"2021-11-24",8716,6390445,4752,5636272,651,547569,25914,1014540,279,24520,26193,1039060,40312,43831.57,13613346,0
"2021-11-25",449,6390894,325,5636597,80,547649,1003,1015543,9,24529,1012,1040072,1866,36728.86,13615212,0
"2021-11-26",8066,6398960,6990,5643587,530,548179,26584,1042127,281,24810,26865,1066937,42451,34796.29,13657663,0
"2021-11-27",6689,6405649,6837,5650424,371,548550,18835,1060962,216,25026,19051,1085988,32948,34356.43,13690611,0
"2021-11-28",4085,6409734,5786,5656210,282,548832,11878,1072840,114,25140,11992,1097980,22145,34594.71,13712756,0
"2021-11-29",9109,6418843,10987,5667197,687,549519,35019,1107859,419,25559,35438,1133418,56221,35006,13768977,0
"2021-11-30",10527,6429370,11436,5678633,513,550032,37779,1145638,478,26037,38257,1171675,60733,36668,13829710,0
"2021-12-01",11208,6440578,10988,5689621,720,550752,40340,1185978,429,26466,40769,1212444,63685,40007,13893395,0
"2021-12-02",11677,6452255,11040,5700661,626,551378,42148,1228126,442,26908,42590,1255034,65933,49159.43,13959328,0
"2021-12-03",13514,6465769,12892,5713553,676,552054,47914,1276040,509,27417,48423,1303457,75505,53881.43,14034833,0
"2021-12-04",9865,6475634,11296,5724849,567,552621,30670,1306710,296,27713,30966,1334423,52694,56702.29,14087527,0
"2021-12-05",5764,6481398,5705,5730554,271,552892,16656,1323366,124,27837,16780,1351203,28520,57613,14116047,0
"2021-12-06",12358,6493756,9957,5740511,599,553491,43237,1366603,430,28267,43667,1394870,66581,59093,14182628,0
"2021-12-07",12617,6506373,9259,5749770,625,554116,43016,1409619,490,28757,43506,1438376,66007,59846.43,14248635,0
"2021-12-08",13547,6519920,8780,5758550,555,554671,40776,1450395,461,29218,41237,1479613,64119,59908.43,14312754,0
"2021-12-09",13523,6533443,8757,5767307,554,555225,40804,1491199,480,29698,41284,1520897,64118,59649.14,14376872,0
"2021-12-10",14048,6547491,10146,5777453,671,555896,43661,1534860,481,30179,44142,1565039,69007,58720.86,14445879,0
"2021-12-11",10285,6557776,8123,5785576,405,556301,26691,1561551,272,30451,26963,1592002,45776,57732.57,14491655,0
"2021-12-12",6024,6563800,3855,5789431,290,556591,15165,1576716,130,30581,15295,1607297,25464,57296,14517119,0
"2021-12-13",12252,6576052,7429,5796860,658,557249,37868,1614584,380,30961,38248,1645545,58587,56154,14575706,0
"2021-12-14",12249,6588301,6962,5803822,730,557979,38139,1652723,418,31379,38557,1684102,58498,55081.29,14634204,0
"2021-12-15",12126,6600427,6241,5810063,755,558734,38118,1690841,478,31857,38596,1722698,57718,54166.86,14691922,0
"2021-12-16",13150,6613577,4274,5814337,740,559474,41039,1731880,433,32290,41472,1764170,59636,53526.57,14751558,0
"2021-12-17",15963,6629540,6936,5821273,620,560094,46758,1778638,464,32754,47222,1811392,70741,53774.29,14822299,0
"2021-12-18",13036,6642576,5720,5826993,432,560526,30614,1809252,263,33017,30877,1842269,50065,54387,14872364,0
"2021-12-19",7025,6649601,2994,5829987,327,560853,18001,1827253,171,33188,18172,1860441,28518,54823.29,14900882,0
"2021-12-20",16886,6666487,5874,5835861,746,561599,47424,1874677,554,33742,47978,1908419,71484,56665.71,14972366,0
"2021-12-21",17985,6684472,6580,5842441,805,562404,48896,1923573,570,34312,49466,1957885,74836,58999.71,15047202,0
"2021-12-22",18555,6703027,6565,5849006,938,563342,49659,1973232,517,34829,50176,2008061,76234,61644.86,15123436,0
"2021-12-23",19054,6722081,6480,5855486,930,564272,45818,2019050,508,35337,46326,2054387,72790,63524,15196226,0
"2021-12-24",9248,6731329,2955,5858441,598,564870,20590,2039640,207,35544,20797,2075184,33598,58217.86,15229824,0
"2021-12-25",344,6731673,63,5858504,31,564901,427,2040067,8,35552,435,2075619,873,51190.43,15230697,0
"2021-12-26",7977,6739650,3930,5862434,340,565241,17272,2057339,172,35724,17444,2093063,29691,51358,15260388,0
"2021-12-27",21793,6761443,9210,5871644,932,566173,43423,2100762,536,36260,43959,2137022,75894,51988,15336282,0
"2021-12-28",20172,6781615,8330,5879974,699,566872,47564,2148326,594,36854,48158,2185180,77359,52348.43,15413641,0
"2021-12-29",18506,6800121,7677,5887651,607,567479,45534,2193860,470,37324,46004,2231184,72794,51857,15486435,0
"2021-12-30",16897,6817018,7423,5895074,587,568066,44834,2238694,570,37894,45404,2276588,70311,51502.86,15556746,0
"2021-12-31",5365,6822383,2808,5897882,193,568259,14763,2253457,176,38070,14939,2291527,23305,50032.43,15580051,0
"2022-01-01",243,6822626,147,5898029,12,568271,501,2253958,21,38091,522,2292049,924,50039.71,15580975,0
"2022-01-02",6435,6829061,5023,5903052,153,568424,10973,2264931,109,38200,11082,2303131,22693,49040,15603668,0
"2022-01-03",14143,6843204,8497,5911549,513,568937,26923,2291854,317,38517,27240,2330371,50393,45397,15654061,0
"2022-01-04",12903,6856107,8107,5919656,414,569351,27161,2319015,347,38864,27508,2357879,48932,41336,15702993,0
"2022-01-05",11510,6867617,6995,5926651,382,569733,25840,2344855,300,39164,26140,2384019,45027,37369.29,15748020,0
"2022-01-06",11489,6879106,7392,5934043,482,570215,27509,2372364,326,39490,27835,2411854,47198,34067.43,15795218,0
"2022-01-07",10404,6889510,8425,5942468,338,570553,25015,2397379,309,39799,25324,2437178,44491,37094,15839709,0
"2022-01-08",7876,6897386,8567,5951035,310,570863,19447,2416826,175,39974,19622,2456800,36375,42158.43,15876084,0
"2022-01-09",4136,6901522,3844,5954879,214,571077,10059,2426885,91,40065,10150,2466950,18344,41537.14,15894428,0
"2022-01-10",10185,6911707,8188,5963067,490,571567,24603,2451488,294,40359,24897,2491847,43760,40589.57,15938188,0
"2022-01-11",8902,6920609,8000,5971067,520,572087,21020,2472508,276,40635,21296,2513143,38718,39130.43,15976906,0
"2022-01-12",8939,6929548,8316,5979383,427,572514,22333,2494841,285,40920,22618,2535761,40300,38455.14,16017206,0
"2022-01-13",9046,6938594,8873,5988256,451,572965,22870,2517711,309,41229,23179,2558940,41549,37648.14,16058755,0
"2022-01-14",10116,6948710,8119,5996375,476,573441,26433,2544144,314,41543,26747,2585687,45458,37786.29,16104213,0
"2022-01-15",6209,6954919,4311,6000686,178,573619,15144,2559288,173,41716,15317,2601004,26015,36306.29,16130228,0
"2022-01-16",2922,6957841,3249,6003935,95,573714,7822,2567110,82,41798,7904,2608908,14170,35710,16144398,0
"2022-01-17",6084,6963925,6762,6010697,363,574077,14674,2581784,214,42012,14888,2623796,28097,33472.43,16172495,0
"2022-01-18",8168,6972093,10316,6021013,396,574473,19659,2601443,315,42327,19974,2643770,38854,33491.86,16211349,0
"2022-01-19",7474,6979567,9254,6030267,304,574777,17711,2619154,266,42593,17977,2661747,35009,32736,16246358,0
"2022-01-20",6282,6985849,8566,6038833,305,575082,15246,2634400,241,42834,15487,2677234,30640,31177.57,16276998,0
"2022-01-21",7579,6993428,7504,6046337,276,575358,18505,2652905,278,43112,18783,2696017,34142,29561,16311140,0
"2022-01-22",5195,6998623,4940,6051277,131,575489,11316,2664221,125,43237,11441,2707458,21707,28945.57,16332847,0
"2022-01-23",2812,7001435,3329,6054606,97,575586,6227,2670448,75,43312,6302,2713760,12540,28712.71,16345387,0
"2022-01-24",6372,7007807,8205,6062811,262,575848,15069,2685517,234,43546,15303,2729063,30142,29004.86,16375529,0
"2022-01-25",6193,7014000,7938,6070749,232,576080,14682,2700199,255,43801,14937,2744000,29300,27640,16404829,0
"2022-01-26",5755,7019755,7173,6077922,289,576369,14014,2714213,207,44008,14221,2758221,27438,26558.43,16432267,0
"2022-01-27",5263,7025018,7092,6085014,321,576690,14076,2728289,230,44238,14306,2772527,26982,26035.86,16459249,0
"2022-01-28",6267,7031285,7867,6092881,203,576893,16125,2744414,234,44472,16359,2788886,30696,25543.57,16489945,0
"2022-01-29",843,7032128,728,6093609,28,576921,2536,2746950,39,44511,2575,2791461,4174,23038.86,16494119,0
"2022-01-30",2097,7034225,3021,6096630,103,577024,4535,2751485,63,44574,4598,2796059,9819,22650.14,16503938,0
"2022-01-31",5009,7039234,6599,6103229,220,577244,11371,2762856,197,44771,11568,2807627,23396,21686.43,16527334,0
"2022-02-01",4837,7044071,6440,6109669,219,577463,10707,2773563,216,44987,10923,2818550,22419,20703.43,16549753,0
"2022-02-02",4250,7048321,5926,6115595,213,577676,11226,2784789,236,45223,11462,2830012,21851,19905.29,16571604,0
"2022-02-03",4233,7052554,5810,6121405,216,577892,11213,2796002,199,45422,11412,2841424,21671,19146.57,16593275,0
"2022-02-04",4775,7057329,7115,6128520,214,578106,13215,2809217,235,45657,13450,2854874,25554,18412,16618829,0
"2022-02-05",3587,7060916,6056,6134576,110,578216,8568,2817785,149,45806,8717,2863591,18470,20454.29,16637299,0
"2022-02-06",2064,7062980,2132,6136708,121,578337,4638,2822423,102,45908,4740,2868331,9057,20345.43,16646356,0
"2022-02-07",4159,7067139,4727,6141435,205,578542,10131,2832554,232,46140,10363,2878694,19454,19782.29,16665810,0
"2022-02-08",4225,7071364,5613,6147048,214,578756,11321,2843875,301,46441,11622,2890316,21674,19675.86,16687484,0
"2022-02-09",4140,7075504,5404,6152452,222,578978,11657,2855532,251,46692,11908,2902224,21674,19650.57,16709158,0
"2022-02-10",4002,7079506,5123,6157575,244,579222,12192,2867724,282,46974,12474,2914698,21843,19675.14,16731001,0
"2022-02-11",4521,7084027,5808,6163383,195,579417,13726,2881450,314,47288,14040,2928738,24564,19533.71,16755565,0
"2022-02-12",3262,7087289,4344,6167727,97,579514,8805,2890255,214,47502,9019,2937757,16722,19284,16772287,0
"2022-02-13",1522,7088811,1542,6169269,41,579555,4880,2895135,108,47610,4988,2942745,8093,19146.29,16780380,0
"2022-02-14",2985,7091796,3624,6172893,167,579722,10567,2905702,324,47934,10891,2953636,17667,18891,16798047,0
"2022-02-15",3563,7095359,4072,6176965,175,579897,12776,2918478,277,48211,13053,2966689,20863,18775.14,16818910,0
"2022-02-16",3665,7099024,3906,6180871,200,580097,15714,2934192,292,48503,16006,2982695,23777,19075.57,16842687,0
"2022-02-17",4041,7103065,4086,6184957,162,580259,18259,2952451,357,48860,18616,3001311,26905,19798.71,16869592,0
"2022-02-18",4479,7107544,4787,6189744,190,580449,21525,2973976,447,49307,21972,3023283,31428,20779.29,16901020,0
"2022-02-19",3257,7110801,2177,6191921,65,580514,11179,2985155,215,49522,11394,3034677,16893,20803.71,16917913,0
"2022-02-20",1862,7112663,1447,6193368,59,580573,6576,2991731,112,49634,6688,3041365,10056,21084.14,16927969,0
"2022-02-21",3090,7115753,2692,6196060,95,580668,8351,3000082,224,49858,8575,3049940,14452,20624.86,16942421,0
"2022-02-22",4382,7120135,4250,6200310,175,580843,10830,3010912,249,50107,11079,3061019,19886,20485.29,16962307,0
"2022-02-23",4270,7124405,3792,6204102,145,580988,10659,3021571,238,50345,10897,3071916,19104,19817.71,16981411,0
"2022-02-24",3795,7128200,3658,6207760,108,581096,10185,3031756,229,50574,10414,3082330,17975,18542,16999386,0
"2022-02-25",3620,7131820,3626,6211386,134,581230,9972,3041728,233,50807,10205,3092535,17585,16564.43,17016971,0
"2022-02-26",2841,7134661,2575,6213961,74,581304,9513,3051241,153,50960,9666,3102201,15156,16316.29,17032127,0
"2022-02-27",1773,7136434,1371,6215332,52,581356,6269,3057510,98,51058,6367,3108568,9563,16245.86,17041690,0
"2022-02-28",3807,7140241,3132,6218464,141,581497,13130,3070640,246,51304,13376,3121944,20456,17103.57,17062146,0
"2022-03-01",2139,7142380,2629,6221093,103,581600,5167,3075807,181,51485,5348,3127292,10219,15722.57,17072365,0
"2022-03-02",1844,7144224,2438,6223531,106,581706,4128,3079935,207,51692,4335,3131627,8723,14239.57,17081088,0
"2022-03-03",1939,7146163,2556,6226087,106,581812,3791,3083726,169,51861,3960,3135587,8561,12894.71,17089649,0
"2022-03-04",2122,7148285,2873,6228960,66,581878,4327,3088053,207,52068,4534,3140121,9595,11753.29,17099244,0
"2022-03-05",1612,7149897,2126,6231086,43,581921,3316,3091369,115,52183,3431,3143552,7212,10618.43,17106456,0
"2022-03-06",799,7150696,880,6231966,30,581951,1621,3092990,55,52238,1676,3145228,3385,9735.86,17109841,0
"2022-03-07",1669,7152365,1786,6233752,86,582037,3496,3096486,161,52399,3657,3148885,7198,7841.86,17117039,0
"2022-03-08",1550,7153915,1893,6235645,80,582117,3122,3099608,149,52548,3271,3152156,6794,7352.57,17123833,0
"2022-03-09",1265,7155180,1667,6237312,79,582196,2584,3102192,131,52679,2715,3154871,5726,6924.43,17129559,0
"2022-03-10",1420,7156600,2097,6239409,85,582281,2954,3105146,163,52842,3117,3157988,6719,6661.29,17136278,0
"2022-03-11",1604,7158204,2272,6241681,81,582362,3212,3108358,187,53029,3399,3161387,7356,6341.43,17143634,0
"2022-03-12",880,7159084,1414,6243095,40,582402,2004,3110362,75,53104,2079,3163466,4413,5941.57,17148047,0
"2022-03-13",626,7159710,757,6243852,27,582429,1292,3111654,47,53151,1339,3164805,2749,5850.71,17150796,0
"2022-03-14",1374,7161084,1606,6245458,83,582512,2985,3114639,205,53356,3190,3167995,6253,5715.71,17157049,0
"2022-03-15",1363,7162447,1924,6247382,63,582575,3066,3117705,229,53585,3295,3171290,6645,5694.43,17163694,0
"2022-03-16",1402,7163849,2065,6249447,94,582669,3131,3120836,296,53881,3427,3174717,6988,5874.71,17170682,0
"2022-03-17",1185,7165034,1808,6251255,70,582739,2756,3123592,265,54146,3021,3177738,6084,5784,17176766,0
"2022-03-18",1595,7166629,2211,6253466,80,582819,3769,3127361,416,54562,4185,3181923,8071,5886.14,17184837,0
"2022-03-19",1115,7167744,1734,6255200,54,582873,2597,3129958,225,54787,2822,3184745,5725,6073.57,17190562,0
"2022-03-20",614,7168358,627,6255827,33,582906,1463,3131421,185,54972,1648,3186393,2922,6098.29,17193484,0
"2022-03-21",1422,7169780,1552,6257379,72,582978,3054,3134475,354,55326,3408,3189801,6454,6127,17199938,0
"2022-03-22",1343,7171123,1553,6258932,101,583079,2903,3137378,342,55668,3245,3193046,6242,6069.43,17206180,0
"2022-03-23",1262,7172385,1363,6260295,66,583145,2915,3140293,374,56042,3289,3196335,5980,5925.43,17212160,0
"2022-03-24",1212,7173597,1300,6261595,90,583235,2517,3142810,265,56307,2782,3199117,5384,5825.43,17217544,0
"2022-03-25",1391,7174988,1629,6263224,62,583297,3263,3146073,378,56685,3641,3202758,6723,5632.86,17224267,0
"2022-03-26",928,7175916,1163,6264387,36,583333,2303,3148376,250,56935,2553,3205311,4680,5483.57,17228947,0
"2022-03-27",574,7176490,527,6264914,29,583362,1312,3149688,204,57139,1516,3206827,2646,5444.14,17231593,0
"2022-03-28",1087,7177577,1164,6266078,68,583430,2438,3152126,364,57503,2802,3209629,5121,5253.71,17236714,0
"2022-03-29",1053,7178630,1105,6267183,85,583515,2513,3154639,881,58384,3394,3213023,5637,5167.29,17242351,0
"2022-03-30",1250,7179880,1143,6268326,98,583613,3067,3157706,3399,61783,6466,3219489,8957,5592.57,17251308,0
"2022-03-31",1291,7181171,1264,6269590,57,583670,3164,3160870,5489,67272,8653,3228142,11265,6432.71,17262573,0
"2022-04-01",1437,7182608,1498,6271088,76,583746,3249,3164119,6893,74165,10142,3238284,13153,7351.29,17275726,0
"2022-04-02",913,7183521,914,6272002,33,583779,2096,3166215,4521,78686,6617,3244901,8477,7893.71,17284203,0
"2022-04-03",560,7184081,501,6272503,28,583807,1222,3167437,3051,81737,4273,3249174,5362,8281.71,17289565,0
"2022-04-04",1356,7185437,1309,6273812,62,583869,2735,3170172,7689,89426,10424,3259598,13151,9428.86,17302716,0
"2022-04-05",1305,7186742,1167,6274979,66,583935,2854,3173026,7474,96900,10328,3269926,12866,10461.57,17315582,0
"2022-04-06",1345,7188087,1184,6276163,61,583996,2623,3175649,6945,103845,9568,3279494,12158,10918.86,17327740,0
"2022-04-07",1214,7189301,1064,6277227,57,584053,2376,3178025,6595,110440,8971,3288465,11306,10924.71,17339046,0
"2022-04-08",1494,7190795,1407,6278634,62,584115,3168,3181193,8771,119211,11939,3300404,14902,11174.57,17353948,0
"2022-04-09",923,7191718,924,6279558,29,584144,2071,3183264,4940,124151,7011,3307415,8887,11233.14,17362835,0
"2022-04-10",588,7192306,461,6280019,25,584169,1170,3184434,2890,127041,4060,3311475,5134,11200.57,17367969,0
"2022-04-11",1331,7193637,1238,6281257,59,584228,2664,3187098,7779,134820,10443,3321918,13071,11189.14,17381040,0
"2022-04-12",1219,7194856,1065,6282322,73,584301,2532,3189630,7395,142215,9927,3331845,12284,11106,17393324,0
"2022-04-13",1253,7196109,1083,6283405,59,584360,2509,3192139,7523,149738,10032,3341877,12427,11144.43,17405751,0
"2022-04-14",1279,7197388,1102,6284507,59,584419,2436,3194575,6566,156304,9002,3350879,11442,11163.86,17417193,0
"2022-04-15",1352,7198740,1101,6285608,53,584472,2564,3197139,6609,162913,9173,3360052,11679,10703.43,17428872,0
"2022-04-16",871,7199611,653,6286261,33,584505,1637,3198776,3671,166584,5308,3365360,6865,10414.57,17435737,0
"2022-04-17",347,7199958,203,6286464,27,584532,639,3199415,1153,167737,1792,3367152,2369,10019.57,17438106,0
"2022-04-18",1393,7201351,1119,6287583,82,584614,2589,3202004,6404,174141,8993,3376145,11587,9807.57,17449693,0
"2022-04-19",1420,7202771,942,6288525,72,584686,2572,3204576,5733,179874,8305,3384450,10739,9586.86,17460432,0
"2022-04-20",1319,7204090,1150,6289675,65,584751,2679,3207255,6611,186485,9290,3393740,11824,9500.71,17472256,0
"2022-04-21",1229,7205319,1063,6290738,53,584804,2330,3209585,5331,191816,7661,3401401,10006,9295.57,17482262,0
"2022-04-22",1220,7206539,1026,6291764,46,584850,2201,3211786,5630,197446,7831,3409232,10123,9073.29,17492385,0
"2022-04-23",718,7207257,751,6292515,59,584909,1427,3213213,3345,200791,4772,3414004,6300,8992.57,17498685,0
"2022-04-24",443,7207700,340,6292855,27,584936,814,3214027,1807,202598,2621,3416625,3431,9144.29,17502116,0
"2022-04-25",1032,7208732,916,6293771,64,585000,1853,3215880,5085,207683,6938,3423563,8950,8767.57,17511066,0
"2022-04-26",949,7209681,859,6294630,76,585076,1754,3217634,4684,212367,6438,3430001,8322,8422.29,17519388,0
"2022-04-27",1042,7210723,1029,6295659,80,585156,1930,3219564,5196,217563,7126,3437127,9277,8058.43,17528665,0
"2022-04-28",1092,7211815,991,6296650,50,585206,2005,3221569,4722,222285,6727,3443854,8860,7894.71,17537525,0
"2022-04-29",1192,7213007,1108,6297758,60,585266,2160,3223729,5380,227665,7540,3451394,9900,7862.86,17547425,0
"2022-04-30",730,7213737,743,6298501,43,585309,1393,3225122,2950,230615,4343,3455737,5859,7799.86,17553284,0
"2022-05-01",447,7214184,367,6298868,20,585329,766,3225888,1654,232269,2420,3458157,3254,7774.57,17556538,0
"2022-05-02",1061,7215245,794,6299662,52,585381,1672,3227560,3810,236079,5482,3463639,7389,7551.57,17563927,0
"2022-05-03",1124,7216369,869,6300531,61,585442,1995,3229555,4849,240928,6844,3470483,8898,7633.86,17572825,0
"2022-05-04",1022,7217391,885,6301416,48,585490,1913,3231468,4626,245554,6539,3477022,8494,7522,17581319,0
"2022-05-05",1059,7218450,952,6302368,86,585576,1927,3233395,4862,250416,6789,3483811,8886,7525.71,17590205,0
"2022-05-06",1096,7219546,960,6303328,51,585627,1869,3235264,4379,254795,6248,3490059,8355,7305,17598560,0
"2022-05-07",662,7220208,592,6303920,32,585659,1204,3236468,2423,257218,3627,3493686,4913,7169.86,17603473,0
"2022-05-08",417,7220625,247,6304167,17,585676,668,3237136,1379,258597,2047,3495733,2728,7094.71,17606201,0
"2022-05-09",1085,7221710,952,6305119,60,585736,1885,3239021,4418,263015,6303,3502036,8400,7239.14,17614601,0
"2022-05-10",1099,7222809,939,6306058,54,585790,1988,3241009,4703,267718,6691,3508727,8783,7222.71,17623384,0
"2022-05-11",1096,7223905,982,6307040,44,585834,1939,3242948,4823,272541,6762,3515489,8884,7278.43,17632268,0
"2022-05-12",1105,7225010,951,6307991,58,585892,2002,3244950,4654,277195,6656,3522145,8770,7261.86,17641038,0
"2022-05-13",1165,7226175,1042,6309033,44,585936,2061,3247011,4780,281975,6841,3528986,9092,7367.14,17650130,0
"2022-05-14",832,7227007,671,6309704,31,585967,1472,3248483,2941,284916,4413,3533399,5947,7514.86,17656077,0
"2022-05-15",512,7227519,358,6310062,21,585988,923,3249406,1644,286560,2567,3535966,3458,7619.14,17659535,0
"2022-05-16",1231,7228750,862,6310924,61,586049,1825,3251231,3853,290413,5678,3541644,7832,7538,17667367,0
"2022-05-17",1301,7230051,928,6311852,79,586128,2050,3253281,4867,295280,6917,3548561,9225,7601.14,17676592,0
"2022-05-18",1249,7231300,906,6312758,82,586210,2058,3255339,4912,300192,6970,3555531,9207,7647.29,17685799,0
"2022-05-19",1172,7232472,879,6313637,35,586245,2118,3257457,4712,304904,6830,3562361,8916,7668.14,17694715,0
"2022-05-20",1204,7233676,962,6314599,74,586319,2365,3259822,5165,310069,7530,3569891,9770,7765,17704485,0
"2022-05-21",837,7234513,650,6315249,23,586342,1726,3261548,3285,313354,5011,3574902,6521,7847,17711006,0
"2022-05-22",514,7235027,292,6315541,22,586364,1134,3262682,1835,315189,2969,3577871,3797,7895.43,17714803,0
"2022-05-23",1229,7236256,894,6316435,47,586411,2185,3264867,4689,319878,6874,3584745,9044,8068.57,17723847,0
"2022-05-24",1438,7237694,942,6317377,66,586477,2290,3267157,4461,324339,6751,3591496,9197,8064.57,17733044,0
"2022-05-25",1444,7239138,959,6318336,56,586533,2262,3269419,4235,328574,6497,3597993,8956,8028.71,17742000,0
"2022-05-26",1184,7240322,872,6319208,60,586593,2261,3271680,4125,332699,6386,3604379,8502,7969.57,17750502,0
"2022-05-27",1259,7241581,960,6320168,38,586631,2488,3274168,3894,336593,6382,3610761,8639,7808,17759141,0
"2022-05-28",722,7242303,518,6320686,19,586650,1777,3275945,2057,338650,3834,3614595,5093,7604,17764234,0
"2022-05-29",476,7242779,217,6320903,11,586661,762,3276707,1116,339766,1878,3616473,2582,7430.43,17766816,0
"2022-05-30",93,7242872,56,6320959,6,586667,139,3276846,143,339909,282,3616755,437,6200.86,17767253,0
"2022-05-31",1145,7244017,916,6321875,51,586718,1881,3278727,3050,342959,4931,3621686,7043,5893.14,17774296,0
"2022-06-01",1154,7245171,850,6322725,63,586781,1962,3280689,3401,346360,5363,3627049,7430,5675.14,17781726,0
"2022-06-02",1034,7246205,802,6323527,72,586853,1823,3282512,3151,349511,4974,3632023,6882,5443.71,17788608,0
"2022-06-03",1172,7247377,892,6324419,47,586900,2054,3284566,3471,352982,5525,3637548,7636,5300.43,17796244,0
"2022-06-04",728,7248105,585,6325004,26,586926,1548,3286114,1892,354874,3440,3640988,4779,5255.57,17801023,0
"2022-06-05",450,7248555,299,6325303,1,586927,876,3286990,978,355852,1854,3642842,2604,5258.71,17803627,0
"2022-06-06",1128,7249683,830,6326133,64,586991,1752,3288742,2720,358572,4472,3647314,6494,6124,17810121,0
"2022-06-07",1027,7250710,769,6326902,70,587061,1767,3290509,2549,361121,4316,3651630,6182,6001,17816303,0
"2022-06-08",1095,7251805,836,6327738,75,587136,1866,3292375,2726,363847,4592,3656222,6598,5882.14,17822901,0
"2022-06-09",1147,7252952,839,6328577,61,587197,2209,3294584,2676,366523,4885,3661107,6932,5889.29,17829833,0
"2022-06-10",1057,7254009,815,6329392,75,587272,1878,3296462,2809,369332,4687,3665794,6634,5746.14,17836467,0
"2022-06-11",685,7254694,510,6329902,24,587296,1316,3297778,1498,370830,2814,3668608,4033,5639.57,17840500,0
"2022-06-12",351,7255045,286,6330188,20,587316,879,3298657,767,371597,1646,3670254,2303,5596.57,17842803,0
"2022-06-13",1037,7256082,766,6330954,63,587379,1567,3300224,2167,373764,3734,3673988,5600,5468.86,17848403,0
"2022-06-14",942,7257024,819,6331773,55,587434,1660,3301884,2483,376247,4143,3678131,5959,5437,17854362,0
"2022-06-15",982,7258006,855,6332628,39,587473,1635,3303519,2399,378646,4034,3682165,5910,5338.71,17860272,0
"2022-06-16",944,7258950,776,6333404,59,587532,1808,3305327,2334,380980,4142,3686307,5921,5194.29,17866193,0
"2022-06-17",900,7259850,793,6334197,44,587576,1744,3307071,2384,383364,4128,3690435,5865,5084.43,17872058,0
"2022-06-18",663,7260513,519,6334716,26,587602,1275,3308346,1290,384654,2565,3693000,3773,5047.29,17875831,0
"2022-06-19",354,7260867,236,6334952,16,587618,724,3309070,602,385256,1326,3694326,1932,4994.29,17877763,0
"2022-06-20",831,7261698,488,6335440,41,587659,1556,3310626,1606,386862,3162,3697488,4522,4840.29,17882285,0
"2022-06-21",1057,7262755,728,6336168,50,587709,1671,3312297,2113,388975,3784,3701272,5619,4791.71,17887904,0
"2022-06-22",1024,7263779,811,6336979,45,587754,1678,3313975,1977,390952,3655,3704927,5535,4738.14,17893439,0
"2022-06-23",965,7264744,747,6337726,64,587818,1687,3315662,2136,393088,3823,3708750,5599,4692.14,17899038,0
"2022-06-24",939,7265683,758,6338484,48,587866,1613,3317275,2123,395211,3736,3712486,5481,4637.29,17904519,0
"2022-06-25",649,7266332,484,6338968,15,587881,1230,3318505,1131,396342,2361,3714847,3509,4599.57,17908028,0
"2022-06-26",461,7266793,247,6339215,14,587895,678,3319183,529,396871,1207,3716054,1929,4599.14,17909957,0
"2022-06-27",856,7267649,648,6339863,60,587955,1449,3320632,1601,398472,3050,3719104,4614,4612.29,17914571,0
"2022-06-28",987,7268636,826,6340689,50,588005,1840,3322472,2111,400583,3951,3723055,5814,4640.14,17920385,0
"2022-06-29",889,7269525,764,6341453,47,588052,1675,3324147,1907,402490,3582,3726637,5282,4604,17925667,0
"2022-06-30",904,7270429,800,6342253,46,588098,1709,3325856,2066,404556,3775,3730412,5525,4593.43,17931192,0
"2022-07-01",719,7271148,587,6342840,22,588120,1364,3327220,1705,406261,3069,3733481,4397,4438.57,17935589,0
"2022-07-02",451,7271599,377,6343217,16,588136,829,3328049,919,407180,1748,3735229,2592,4307.57,17938181,0
"2022-07-03",298,7271897,206,6343423,5,588141,460,3328509,481,407661,941,3736170,1450,4239.14,17939631,0
"2022-07-04",31,7271928,27,6343450,1,588142,29,3328538,38,407699,67,3736237,126,3598,17939757,0
"2022-07-05",814,7272742,749,6344199,35,588177,1386,3329924,1717,409416,3103,3739340,4701,3439,17944458,0
"2022-07-06",815,7273557,674,6344873,44,588221,1407,3331331,1787,411203,3194,3742534,4727,3359.71,17949185,0
"2022-07-07",866,7274423,700,6345573,45,588266,1492,3332823,1936,413139,3428,3745962,5039,3290.29,17954224,0
"2022-07-08",874,7275297,639,6346212,37,588303,1453,3334276,1936,415075,3389,3749351,4939,3367.71,17959163,0
"2022-07-09",528,7275825,406,6346618,25,588328,872,3335148,1329,416404,2201,3751552,3160,3448.86,17962323,0
"2022-07-10",329,7276154,184,6346802,14,588342,423,3335571,657,417061,1080,3752632,1607,3471.29,17963930,0
"2022-07-11",939,7277093,613,6347415,47,588389,1407,3336978,2172,419233,3579,3756211,5178,4193,17969108,0
"2022-07-12",921,7278014,673,6348088,45,588434,1382,3338360,2483,421716,3865,3760076,5504,4307.71,17974612,0
"2022-07-13",858,7278872,676,6348764,34,588468,1463,3339823,2695,424411,4158,3764234,5726,4450.43,17980338,0
"2022-07-14",939,7279811,671,6349435,44,588512,1470,3341293,2902,427313,4372,3768606,6026,4591.43,17986364,0
"2022-07-15",859,7280670,646,6350081,41,588553,1530,3342823,3006,430319,4536,3773142,6082,4754.71,17992446,120000
"2022-07-16",445,7281115,427,6350508,9,588562,954,3343777,1657,431976,2611,3775753,3492,4802.14,17995938,120000
"2022-07-17",347,7281462,214,6350722,16,588578,521,3344298,1147,433123,1668,3777421,2245,4893.29,17998183,120000
"2022-07-18",935,7282397,611,6351333,42,588620,1390,3345688,2363,435486,3753,3781174,5341,4916.57,18003524,120000
"2022-07-19",980,7283377,672,6352005,48,588668,1490,3347178,2698,438184,4188,3785362,5888,4971.43,18009412,120000
"2022-07-20",795,7284172,652,6352657,45,588713,1215,3348393,2174,440358,3389,3788751,4881,4850.71,18014293,120000
"2022-07-21",223,7284395,226,6352883,16,588729,445,3348838,766,441124,1211,3789962,1676,4229.29,18015969,120000
