"DATE","ADMIN_DOSE1_DAILY","ADMIN_DOSE1_CUMULATIVE","ADMIN_DOSE2_DAILY","ADMIN_DOSE2_CUMULATIVE","ADMIN_SINGLE_DAILY","ADMIN_SINGLE_CUMULATIVE","ADMIN_ADDITIONAL1_DAILY","ADMIN_ADDITIONAL1_CUMULATIVE","ADMIN_ADDITIONAL2_DAILY","ADMIN_ADDITIONAL2_CUMULATIVE","ADMIN_ADDITIONAL_DAILY","ADMIN_ADDITIONAL_CUMULATIVE","ADMIN_ALLDOSES_DAILY","ADMIN_ALLDOSES_7DAYAVG","ADMIN_ALLDOSES_CUMULATIVE","ADMIN_ALLDOSES_PRIMARY","INCOMPLETE"
"2020-12-14",79,79,0,0,2,2,0,0,0,0,0,0,81,,81,81,0
"2020-12-15",2051,2130,6,6,5,7,0,0,0,0,0,0,2062,,2143,2143,0
"2020-12-16",4606,6736,15,21,4,11,1,1,0,0,1,1,4626,,6769,6768,0
"2020-12-17",4658,11394,18,39,2,13,1,2,0,0,1,2,4679,,11448,11446,0
"2020-12-18",5832,17226,18,57,2,15,2,4,0,0,2,4,5854,,17302,17298,0
"2020-12-19",1689,18915,7,64,3,18,0,4,0,0,0,4,1699,,19001,18997,0
"2020-12-20",1116,20031,2,66,1,19,0,4,0,0,0,4,1119,2874.29,20120,20116,0
"2020-12-21",6343,26374,20,86,0,19,5,9,0,0,5,9,6368,3772.43,26488,26479,0
"2020-12-22",9796,36170,27,113,2,21,1,10,0,0,1,10,9826,4881.57,36314,36304,0
"2020-12-23",14274,50444,35,148,3,24,0,10,0,0,0,10,14312,6265.29,50626,50616,0
"2020-12-24",7195,57639,26,174,1,25,0,10,0,0,0,10,7222,6628.57,57848,57838,0
"2020-12-25",180,57819,0,174,0,25,1,11,0,0,1,11,181,5818.14,58029,58018,0
"2020-12-26",4388,62207,45,219,0,25,1,12,0,0,1,12,4434,6208.86,62463,62451,0
"2020-12-27",3870,66077,14,233,0,25,1,13,0,0,1,13,3885,6604,66348,66335,0
"2020-12-28",10993,77070,49,282,1,26,3,16,0,0,3,16,11046,7272.29,77394,77378,0
"2020-12-29",10717,87787,35,317,2,28,2,18,0,0,2,18,10756,7405.14,88150,88132,0
"2020-12-30",12823,100610,45,362,0,28,0,18,0,0,0,18,12868,7198.86,101018,101000,0
"2020-12-31",7260,107870,36,398,1,29,0,18,0,0,0,18,7297,7209.57,108315,108297,0
"2021-01-01",181,108051,2,400,1,30,3,21,0,0,3,21,187,7210.43,108502,108481,0
"2021-01-02",3809,111860,10,410,3,33,2,23,0,0,2,23,3824,7123.29,112326,112303,0
"2021-01-03",3542,115402,24,434,2,35,1,24,0,0,1,24,3569,7078.14,115895,115871,0
"2021-01-04",12255,127657,807,1241,2,37,7,31,0,0,7,31,13071,7367.43,128966,128935,0
"2021-01-05",14091,141748,2191,3432,2,39,12,43,1,1,13,44,16297,8159,145263,145219,0
"2021-01-06",17798,159546,3925,7357,1,40,32,75,8,9,40,84,21764,9429.86,167027,166943,0
"2021-01-07",16550,176096,5172,12529,4,44,45,120,3,12,48,132,21774,11498,188801,188669,0
"2021-01-08",16615,192711,5458,17987,0,44,34,154,4,16,38,170,22111,14630,210912,210742,0
"2021-01-09",7651,200362,1462,19449,1,45,7,161,2,18,9,179,9123,15387,220035,219856,0
"2021-01-10",7880,208242,984,20433,0,45,11,172,0,18,11,190,8875,16145,228910,228720,0
"2021-01-11",25823,234065,7455,27888,2,47,49,221,8,26,57,247,33337,19040.14,262247,262000,0
"2021-01-12",28251,262316,7862,35750,1,48,44,265,4,30,48,295,36162,21878,298409,298114,0
"2021-01-13",31718,294034,9396,45146,1,49,58,323,4,34,62,357,41177,24651.29,339586,339229,0
"2021-01-14",35812,329846,5315,50461,1,50,31,354,7,41,38,395,41166,27421.57,380752,380357,0
"2021-01-15",29264,359110,3707,54168,2,52,31,385,5,46,36,431,33009,28978.43,413761,413330,0
"2021-01-16",30287,389397,2380,56548,0,52,24,409,6,52,30,461,32697,32346.14,446458,445997,0
"2021-01-17",23744,413141,1633,58181,0,52,19,428,1,53,20,481,25397,34706.43,471855,471374,0
"2021-01-18",27091,440232,2423,60604,0,52,36,464,7,60,43,524,29558,34166.57,501413,500889,0
"2021-01-19",34294,474526,9632,70236,1,53,69,533,6,66,75,599,44002,35286.57,545415,544816,0
"2021-01-20",34866,509392,9497,79733,1,54,57,590,4,70,61,660,44425,35750.57,589840,589180,0
"2021-01-21",25587,534979,8094,87827,2,56,51,641,5,75,56,716,33739,34689.57,623579,622863,0
"2021-01-22",24752,559731,4385,92212,1,57,32,673,7,82,39,755,29177,34142.14,652756,652001,0
"2021-01-23",15740,575471,3226,95438,0,57,10,683,2,84,12,767,18978,32182.29,671734,670967,0
"2021-01-24",7177,582648,3455,98893,0,57,19,702,1,85,20,787,10652,30075.86,682386,681599,0
"2021-01-25",13409,596057,11822,110715,0,57,66,768,12,97,78,865,25309,29468.86,707695,706830,0
"2021-01-26",16758,612815,10757,121472,0,57,69,837,2,99,71,936,27586,27123.71,735281,734345,0
"2021-01-27",20835,633650,12354,133826,0,57,54,891,9,108,63,999,33252,25527.57,768533,767534,0
"2021-01-28",30762,664412,12847,146673,0,57,82,973,16,124,98,1097,43710,26952,812243,811146,0
"2021-01-29",31687,696099,11511,158184,0,57,82,1055,10,134,92,1189,43290,28968.14,855533,854344,0
"2021-01-30",18709,714808,3742,161926,0,57,20,1075,2,136,22,1211,22473,29467.43,878006,876795,0
"2021-01-31",13015,727823,2923,164849,1,58,29,1104,5,141,34,1245,15973,30227.57,893979,892734,0
"2021-02-01",1179,729002,5368,170217,4,62,38,1142,4,145,42,1287,6593,27553.86,900572,899285,0
"2021-02-02",2826,731828,9478,179695,2,64,47,1189,4,149,51,1338,12357,25378.29,912929,911591,0
"2021-02-03",16347,748175,21246,200941,4,68,205,1394,20,169,225,1563,37822,26031.14,950751,949188,0
"2021-02-04",27042,775217,19650,220591,3,71,203,1597,10,179,213,1776,46908,26488,997659,995883,0
"2021-02-05",27588,802805,20036,240627,0,71,184,1781,15,194,199,1975,47823,27135.57,1045482,1043507,0
"2021-02-06",22989,825794,11245,251872,0,71,113,1894,12,206,125,2100,34359,28833.57,1079841,1077741,0
"2021-02-07",12040,837834,8281,260153,1,72,93,1987,14,220,107,2207,20429,29470.14,1100270,1098063,0
"2021-02-08",16952,854786,23518,283671,2,74,237,2224,34,254,271,2478,40743,34348.71,1141013,1138535,0
"2021-02-09",17190,871976,28104,311775,2,76,341,2565,43,297,384,2862,45680,39109.14,1186693,1183831,0
"2021-02-10",19593,891569,29305,341080,2,78,264,2829,48,345,312,3174,49213,40736.43,1235906,1232732,0
"2021-02-11",27845,919414,33474,374554,2,80,338,3167,57,402,395,3569,61718,42852.14,1297624,1294055,0
"2021-02-12",38381,957795,30805,405359,3,83,358,3525,38,440,396,3965,69585,45961,1367209,1363244,0
"2021-02-13",28000,985795,25316,430675,2,85,307,3832,54,494,361,4326,53680,48721.14,1420889,1416563,0
"2021-02-14",16277,1002072,23728,454403,0,85,267,4099,32,526,299,4625,40304,51560.43,1461193,1456568,0
"2021-02-15",12794,1014866,10524,464927,2,87,176,4275,24,550,200,4825,23520,49100,1484713,1479888,0
"2021-02-16",14242,1029108,26721,491648,0,87,329,4604,37,587,366,5191,41329,48478.43,1526042,1520851,0
"2021-02-17",16390,1045498,22196,513844,1,88,282,4886,39,626,321,5512,38908,47006.29,1564950,1559438,0
"2021-02-18",12145,1057643,24994,538838,21,109,293,5179,42,668,335,5847,37495,43545.86,1602445,1596598,0
"2021-02-19",13261,1070904,23932,562770,39,148,308,5487,45,713,353,6200,37585,38974.43,1640030,1633830,0
"2021-02-20",11353,1082257,26071,588841,6,154,329,5816,78,791,407,6607,37838,36711.29,1677868,1671261,0
"2021-02-21",6361,1088618,17415,606256,15,169,288,6104,46,837,334,6941,24125,34400,1701993,1695052,0
"2021-02-22",13043,1101661,11843,618099,2,171,128,6232,21,858,149,7090,25037,34616.71,1727030,1719940,0
"2021-02-23",25249,1126910,14142,632241,1,172,157,6389,36,894,193,7283,39586,34367.71,1766616,1759333,0
"2021-02-24",36356,1163266,20393,652634,0,172,227,6616,41,935,268,7551,57017,36954.71,1823633,1816082,0
"2021-02-25",54612,1217878,30396,683030,6,178,400,7016,63,998,463,8014,85477,43809.29,1909110,1901096,0
"2021-02-26",62855,1280733,31868,714898,4,182,421,7437,80,1078,501,8515,95228,52044,2004338,1995823,0
"2021-02-27",51290,1332023,22755,737653,47,229,336,7773,52,1130,388,8903,74480,57278.57,2078818,2069915,0
"2021-02-28",44583,1376606,13831,751484,7,236,207,7980,34,1164,241,9144,58662,62212.43,2137480,2128336,0
"2021-03-01",39318,1415924,12778,764262,10,246,168,8148,25,1189,193,9337,52299,66107,2189779,2180442,0
"2021-03-02",47082,1463006,12579,776841,7,253,159,8307,14,1203,173,9510,59841,69000.57,2249620,2240110,0
"2021-03-03",48604,1511610,16156,792997,17,270,148,8455,21,1224,169,9679,64946,70133.29,2314566,2304887,0
"2021-03-04",59820,1571430,22819,815816,1092,1362,274,8729,35,1259,309,9988,84040,69928,2398606,2388618,0
"2021-03-05",60981,1632411,24283,840099,3108,4470,337,9066,36,1295,373,10361,88745,69001.86,2487351,2476990,0
"2021-03-06",47176,1679587,18881,858980,5451,9921,243,9309,36,1331,279,10640,71787,68617.14,2559138,2548498,0
"2021-03-07",36039,1715626,14881,873861,6245,16166,234,9543,20,1351,254,10894,57419,68439.57,2616557,2605663,0
"2021-03-08",39626,1755252,14680,888541,8561,24727,317,9860,92,1443,409,11303,63276,70007.71,2679833,2668530,0
"2021-03-09",39105,1794357,12853,901394,7760,32487,184,10044,34,1477,218,11521,59936,70021.29,2739769,2728248,0
"2021-03-10",51827,1846184,15361,916755,5066,37553,226,10270,33,1510,259,11780,72513,71102.29,2812282,2800502,0
"2021-03-11",59986,1906170,21821,938576,4619,42172,249,10519,48,1558,297,12077,86723,71485.57,2899005,2886928,0
"2021-03-12",52199,1958369,30309,968885,4182,46354,380,10899,85,1643,465,12542,87155,71258.43,2986160,2973618,0
"2021-03-13",40646,1999015,26688,995573,5110,51464,329,11228,53,1696,382,12924,72826,71406.86,3058986,3046062,0
"2021-03-14",30713,2029728,15973,1011546,4526,55990,241,11469,28,1724,269,13193,51482,70558.71,3110468,3097275,0
"2021-03-15",33592,2063320,17259,1028805,4709,60699,237,11706,33,1757,270,13463,55830,69495,3166298,3152835,0
"2021-03-16",38670,2101990,20517,1049322,4926,65625,257,11963,35,1792,292,13755,64405,70133.43,3230703,3216948,0
"2021-03-17",42612,2144602,24792,1074114,4244,69869,347,12310,39,1831,386,14141,72034,70065,3302737,3288596,0
"2021-03-18",50440,2195042,26813,1100927,5235,75104,372,12682,61,1892,433,14574,82921,69521.86,3385658,3371084,0
"2021-03-19",47792,2242834,29961,1130888,5624,80728,393,13075,71,1963,464,15038,83842,69048.57,3469500,3454462,0
"2021-03-20",38710,2281544,25836,1156724,4685,85413,298,13373,61,2024,359,15397,69590,68586.29,3539090,3523693,0
"2021-03-21",29297,2310841,19360,1176084,769,86182,225,13598,44,2068,269,15666,49695,68331,3588785,3573119,0
"2021-03-22",33866,2344707,26739,1202823,4037,90219,263,13861,39,2107,302,15968,64945,69633.14,3653730,3637762,0
"2021-03-23",38432,2383139,32845,1235668,4216,94435,299,14160,55,2162,354,16322,75847,71267.71,3729577,3713255,0
"2021-03-24",41496,2424635,37610,1273278,4848,99283,328,14488,63,2225,391,16713,84345,73026.43,3813922,3797209,0
"2021-03-25",43401,2468036,50802,1324080,5054,104337,481,14969,86,2311,567,17280,99824,75441.14,3913746,3896466,0
"2021-03-26",38501,2506537,55514,1379594,4309,108646,531,15500,99,2410,630,17910,98954,77600,4012700,3994790,0
"2021-03-27",35737,2542274,45754,1425348,2939,111585,420,15920,82,2492,502,18412,84932,79791.71,4097632,4079220,0
"2021-03-28",26387,2568661,34457,1459805,1482,113067,339,16259,65,2557,404,18816,62730,81653.86,4160362,4141546,0
"2021-03-29",34813,2603474,38868,1498673,3246,116313,350,16609,110,2667,460,19276,77387,83431.29,4237749,4218473,0
"2021-03-30",40506,2643980,41928,1540601,3713,120026,343,16952,64,2731,407,19683,86554,84960.86,4324303,4304620,0
"2021-03-31",49393,2693373,44877,1585478,7441,127467,405,17357,87,2818,492,20175,102203,87512,4426506,4406331,0
"2021-04-01",50774,2744147,53955,1639433,11277,138744,502,17859,85,2903,587,20762,116593,89907.57,4543099,4522337,0
"2021-04-02",43757,2787904,53885,1693318,11970,150714,554,18413,70,2973,624,21386,110236,91519.29,4653335,4631949,0
"2021-04-03",39247,2827151,39219,1732537,9859,160573,337,18750,59,3032,396,21782,88721,92060.57,4742056,4720274,0
"2021-04-04",26555,2853706,24788,1757325,3903,164476,227,18977,49,3081,276,22058,55522,91030.86,4797578,4775520,0
"2021-04-05",41882,2895588,34488,1791813,11198,175674,375,19352,60,3141,435,22493,88003,92547.43,4885581,4863088,0
"2021-04-06",53261,2948849,35616,1827429,13218,188892,434,19786,77,3218,511,23004,102606,94840.57,4988187,4965183,0
"2021-04-07",55501,3004350,40699,1868128,14388,203280,408,20194,83,3301,491,23495,111079,96108.57,5099266,5075771,0
"2021-04-08",59260,3063610,46597,1914725,16340,219620,522,20716,87,3388,609,24104,122806,96996.14,5222072,5197968,0
"2021-04-09",56643,3120253,44962,1959687,17559,237179,521,21237,77,3465,598,24702,119762,98357,5341834,5317132,0
"2021-04-10",49344,3169597,35644,1995331,12722,249901,395,21632,61,3526,456,25158,98166,99706.29,5440000,5414842,0
"2021-04-11",38181,3207778,28820,2024151,7681,257582,295,21927,58,3584,353,25511,75035,102493.86,5515035,5489524,0
"2021-04-12",46630,3254408,31847,2055998,13500,271082,468,22395,66,3650,534,26045,92511,103137.86,5607546,5581501,0
"2021-04-13",52545,3306953,33788,2089786,368,271450,400,22795,63,3713,463,26508,87164,100931.86,5694710,5668202,0
"2021-04-14",50142,3357095,39963,2129749,20,271470,369,23164,72,3785,441,26949,90566,98001.43,5785276,5758327,0
"2021-04-15",52117,3409212,43689,2173438,16,271486,455,23619,106,3891,561,27510,96384,94226.86,5881660,5854150,0
"2021-04-16",51188,3460400,42213,2215651,32,271518,434,24053,70,3961,504,28014,93937,90537.57,5975597,5947583,0
"2021-04-17",43835,3504235,35694,2251345,3,271521,368,24421,84,4045,452,28466,79984,87940.14,6055581,6027115,0
"2021-04-18",28605,3532840,29368,2280713,7,271528,254,24675,65,4110,319,28785,58299,85549.29,6113880,6085095,0
"2021-04-19",37462,3570302,36453,2317166,22,271550,327,25002,65,4175,392,29177,74329,82951.86,6188209,6159032,0
"2021-04-20",40811,3611113,39628,2356794,19,271569,317,25319,81,4256,398,29575,80856,82050.71,6269065,6239490,0
"2021-04-21",38891,3650004,46020,2402814,16,271585,500,25819,98,4354,598,30173,85525,81330.57,6354590,6324417,0
"2021-04-22",38489,3688493,48964,2451778,9,271594,341,26160,74,4428,415,30588,87878,80115.43,6442468,6411880,0
"2021-04-23",39693,3728186,44386,2496164,3,271597,350,26510,75,4503,425,31013,84507,78768.29,6526975,6495962,0
"2021-04-24",31944,3760130,41605,2537769,44,271641,277,26787,62,4565,339,31352,73932,77903.71,6600907,6569555,0
"2021-04-25",18420,3778550,31227,2568996,87,271728,197,26984,59,4624,256,31608,49990,76716.71,6650897,6619289,0
"2021-04-26",26967,3805517,40734,2609730,1012,272740,290,27274,89,4713,379,31987,69092,75968.57,6719989,6688002,0
"2021-04-27",28573,3834090,47138,2656868,1699,274439,356,27630,93,4806,449,32436,77859,75540.43,6797848,6765412,0
"2021-04-28",27028,3861118,56845,2713713,2146,276585,437,28067,99,4905,536,32972,86555,75687.57,6884403,6851431,0
"2021-04-29",28611,3889729,57198,2770911,2148,278733,369,28436,98,5003,467,33439,88424,75765.57,6972827,6939388,0
"2021-04-30",30116,3919845,51989,2822900,2058,280791,285,28721,74,5077,359,33798,84523,75767.86,7057350,7023552,0
"2021-05-01",22478,3942323,44541,2867441,1177,281968,234,28955,64,5141,298,34096,68494,74991,7125844,7091748,0
"2021-05-02",11921,3954244,36654,2904095,1081,283049,143,29098,54,5195,197,34293,49853,74971.43,7175697,7141404,0
"2021-05-03",18021,3972265,53032,2957127,2383,285432,255,29353,92,5287,347,34640,73784,75641.71,7249481,7214841,0
"2021-05-04",22735,3995000,56655,3013782,2331,287763,268,29621,115,5402,383,35023,82104,76248.14,7331585,7296562,0
"2021-05-05",21479,4016479,48766,3062548,2313,290076,310,29931,102,5504,412,35435,72970,74307.43,7404555,7369120,0
"2021-05-06",20676,4037155,50177,3112725,2508,292584,276,30207,89,5593,365,35800,73726,72207.71,7478281,7442481,0
"2021-05-07",21250,4058405,52095,3164820,2812,295396,311,30518,79,5672,390,36190,76547,71068.29,7554828,7518638,0
"2021-05-08",16628,4075033,41868,3206688,1835,297231,232,30750,69,5741,301,36491,60632,69945.14,7615460,7578969,0
"2021-05-09",7971,4083004,29413,3236101,1260,298491,151,30901,56,5797,207,36698,38851,68373.43,7654311,7617613,0
"2021-05-10",14381,4097385,38534,3274635,2355,300846,238,31139,92,5889,330,37028,55600,65775.71,7709911,7672883,0
"2021-05-11",19910,4117295,43061,3317696,2514,303360,283,31422,86,5975,369,37397,65854,63454.29,7775765,7738368,0
"2021-05-12",17821,4135116,40546,3358242,3595,306955,233,31655,79,6054,312,37709,62274,61926.29,7838039,7800330,0
"2021-05-13",24969,4160085,40433,3398675,3230,310185,262,31917,77,6131,339,38048,68971,61247,7907010,7868962,0
"2021-05-14",27031,4187116,42925,3441600,3537,313722,267,32184,96,6227,363,38411,73856,60862.57,7980866,7942455,0
"2021-05-15",23650,4210766,34920,3476520,3365,317087,251,32435,76,6303,327,38738,62262,61095.43,8043128,8004390,0
"2021-05-16",15521,4226287,19454,3495974,2496,319583,123,32558,45,6348,168,38906,37639,60922.29,8080767,8041861,0
"2021-05-17",22670,4248957,29147,3525121,3254,322837,182,32740,67,6415,249,39155,55320,60882.29,8136087,8096932,0
"2021-05-18",24634,4273591,31910,3557031,3405,326242,240,32980,74,6489,314,39469,60263,60083.57,8196350,8156881,0
"2021-05-19",24186,4297777,29725,3586756,3041,329283,226,33206,48,6537,274,39743,57226,59362.43,8253576,8213833,0
"2021-05-20",24152,4321929,30101,3616857,3162,332445,264,33470,86,6623,350,40093,57765,57761.57,8311341,8271248,0
"2021-05-21",24676,4346605,32002,3648859,3057,335502,246,33716,60,6683,306,40399,60041,55788,8371382,8330983,0
"2021-05-22",20018,4366623,24369,3673228,2525,338027,163,33879,48,6731,211,40610,47123,53625.29,8418505,8377895,0
"2021-05-23",11230,4377853,13733,3686961,1411,339438,94,33973,32,6763,126,40736,26500,52034,8445005,8404269,0
"2021-05-24",18870,4396723,23164,3710125,2756,342194,213,34186,55,6818,268,41004,45058,50568,8490063,8449059,0
"2021-05-25",19429,4416152,23382,3733507,2603,344797,171,34357,57,6875,228,41232,45642,48479.29,8535705,8494473,0
"2021-05-26",18784,4434936,21094,3754601,2696,347493,199,34556,48,6923,247,41479,42821,46421.43,8578526,8537047,0
"2021-05-27",18466,4453402,21280,3775881,2529,350022,180,34736,61,6984,241,41720,42516,44243,8621042,8579322,0
"2021-05-28",17860,4471262,22883,3798764,2751,352773,187,34923,56,7040,243,41963,43737,41913.86,8664779,8622816,0
"2021-05-29",12707,4483969,17811,3816575,1755,354528,107,35030,39,7079,146,42109,32419,39813.29,8697198,8655089,0
"2021-05-30",7029,4490998,8950,3825525,1074,355602,48,35078,17,7096,65,42174,17118,38473,8714316,8672142,0
"2021-05-31",4742,4495740,6924,3832449,1012,356614,64,35142,17,7113,81,42255,12759,33858.86,8727075,8684820,0
"2021-06-01",16047,4511787,25193,3857642,2176,358790,155,35297,43,7156,198,42453,43614,33569.14,8770689,8728236,0
"2021-06-02",15355,4527142,20397,3878039,2095,360885,139,35436,48,7204,187,42640,38034,32885.29,8808723,8766083,0
"2021-06-03",15003,4542145,23825,3901864,2281,363166,128,35564,44,7248,172,42812,41281,32708.86,8850004,8807192,0
"2021-06-04",14721,4556866,25994,3927858,2492,365658,145,35709,41,7289,186,42998,43393,32659.71,8893397,8850399,0
"2021-06-05",10991,4567857,22090,3949948,1806,367464,115,35824,28,7317,143,43141,35030,33032.71,8928427,8885286,0
"2021-06-06",6442,4574299,14486,3964434,1222,368686,89,35913,13,7330,102,43243,22252,33766.14,8950679,8907436,0
"2021-06-07",11702,4586001,21783,3986217,2378,371064,140,36053,37,7367,177,43420,36040,37092,8986719,8943299,0
"2021-06-08",12633,4598634,24023,4010240,2072,373136,124,36177,46,7413,170,43590,38898,36418.29,9025617,8982027,0
"2021-06-09",11133,4609767,23026,4033266,2299,375435,136,36313,39,7452,175,43765,36633,36218.14,9062250,9018485,0
"2021-06-10",12062,4621829,22238,4055504,2462,377897,138,36451,59,7511,197,43962,36959,35600.71,9099209,9055247,0
"2021-06-11",12709,4634538,25124,4080628,2484,380381,156,36607,58,7569,214,44176,40531,35191.86,9139740,9095564,0
"2021-06-12",10162,4644700,19318,4099946,1888,382269,93,36700,43,7612,136,44312,31504,34688.14,9171244,9126932,0
"2021-06-13",4257,4648957,10933,4110879,1219,383488,41,36741,22,7634,63,44375,16472,33862.43,9187716,9143341,0
"2021-06-14",10208,4659165,19240,4130119,2043,385531,128,36869,52,7686,180,44555,31671,33238.29,9219387,9174832,0
"2021-06-15",11884,4671049,21018,4151137,1943,387474,131,37000,40,7726,171,44726,35016,32683.71,9254403,9209677,0
"2021-06-16",11586,4682635,19409,4170546,1957,389431,145,37145,68,7794,213,44939,33165,32188.29,9287568,9242629,0
"2021-06-17",11024,4693659,18760,4189306,1973,391404,124,37269,35,7829,159,45098,31916,31467.86,9319484,9274386,0
"2021-06-18",12166,4705825,18499,4207805,2115,393519,113,37382,36,7865,149,45247,32929,30381.86,9352413,9307166,0
"2021-06-19",8495,4714320,13518,4221323,1459,394978,84,37466,21,7886,105,45352,23577,29249.43,9375990,9330638,0
"2021-06-20",4336,4718656,7158,4228481,924,395902,36,37502,17,7903,53,45405,12471,28677.86,9388461,9343056,0
"2021-06-21",10164,4728820,10010,4238491,1807,397709,68,37570,27,7930,95,45500,22076,27307.14,9410537,9365037,0
"2021-06-22",9839,4738659,15641,4254132,1589,399298,105,37675,28,7958,133,45633,27202,26190.86,9437739,9392106,0
"2021-06-23",10311,4748970,15186,4269318,1863,401161,103,37778,30,7988,133,45766,27493,25380.57,9465232,9419466,0
"2021-06-24",9684,4758654,14700,4284018,1799,402960,120,37898,26,8014,146,45912,26329,24582.43,9491561,9445649,0
"2021-06-25",10589,4769243,14386,4298404,1721,404681,113,38011,38,8052,151,46063,26847,23713.57,9518408,9472345,0
"2021-06-26",7800,4777043,10466,4308870,1250,405931,75,38086,24,8076,99,46162,19615,23147.57,9538023,9491861,0
"2021-06-27",5001,4782044,6000,4314870,795,406726,34,38120,14,8090,48,46210,11844,23058,9549867,9503657,0
"2021-06-28",9035,4791079,10344,4325214,1526,408252,109,38229,26,8116,135,46345,21040,22910,9570907,9524562,0
"2021-06-29",9737,4800816,12327,4337541,1347,409599,123,38352,32,8148,155,46500,23566,22390.57,9594473,9547973,0
"2021-06-30",9432,4810248,10931,4348472,1487,411086,148,38500,16,8164,164,46664,22014,21607.86,9616487,9569823,0
"2021-07-01",9396,4819644,10929,4359401,1434,412520,130,38630,24,8188,154,46818,21913,20977,9638400,9591582,0
"2021-07-02",9694,4829338,11451,4370852,1541,414061,119,38749,22,8210,141,46959,22828,20402.86,9661228,9614269,0
"2021-07-03",7055,4836393,8419,4379271,1193,415254,78,38827,17,8227,95,47054,16762,19995.29,9677990,9630936,0
"2021-07-04",1288,4837681,1335,4380606,567,415821,9,38836,3,8230,12,47066,3202,18760.71,9681192,9634126,0
"2021-07-05",6496,4844177,7106,4387712,1208,417029,64,38900,22,8252,86,47152,14896,17883,9696088,9648936,0
"2021-07-06",9512,4853689,12852,4400564,1315,418344,116,39016,37,8289,153,47305,23832,17921,9719920,9672615,0
"2021-07-07",8665,4862354,11112,4411676,1419,419763,123,39139,19,8308,142,47447,21338,17824.43,9741258,9693811,0
"2021-07-08",8219,4870573,10193,4421869,1260,421023,108,39247,22,8330,130,47577,19802,17522.86,9761060,9713483,0
"2021-07-09",8373,4878946,10835,4432704,1278,422301,90,39337,18,8348,108,47685,20594,17203.71,9781654,9733969,0
"2021-07-10",7103,4886049,8634,4441338,1132,423433,63,39400,20,8368,83,47768,16952,17230.86,9798606,9750838,0
"2021-07-11",4105,4890154,4540,4445878,702,424135,35,39435,6,8374,41,47809,9388,18114.57,9807994,9760185,0
"2021-07-12",8446,4898600,9563,4455441,1252,425387,82,39517,23,8397,105,47914,19366,18753.14,9827360,9779446,0
"2021-07-13",9463,4908063,9394,4464835,952,426339,105,39622,34,8431,139,48053,19948,18198.29,9847308,9799255,0
"2021-07-14",9000,4917063,9533,4474368,1011,427350,105,39727,21,8452,126,48179,19670,17960,9866978,9818799,0
"2021-07-15",8794,4925857,9156,4483524,1054,428404,80,39807,19,8471,99,48278,19103,17860.14,9886081,9837803,0
"2021-07-16",9247,4935104,9762,4493286,981,429385,102,39909,29,8500,131,48409,20121,17792.57,9906202,9857793,0
"2021-07-17",6840,4941944,7386,4500672,803,430188,80,39989,20,8520,100,48509,15129,17532.14,9921331,9872822,0
"2021-07-18",4255,4946199,4285,4504957,576,430764,35,40024,13,8533,48,48557,9164,17500.14,9930495,9881938,0
"2021-07-19",9120,4955319,8480,4513437,999,431763,91,40115,22,8555,113,48670,18712,17406.71,9949207,9900537,0
"2021-07-20",10646,4965965,8759,4522196,991,432754,95,40210,25,8580,120,48790,20516,17487.86,9969723,9920933,0
"2021-07-21",10060,4976025,8766,4530962,904,433658,147,40357,33,8613,180,48970,19910,17522.14,9989633,9940663,0
"2021-07-22",10689,4986714,8587,4539549,1046,434704,144,40501,26,8639,170,49140,20492,17720.57,10010125,9960985,0
"2021-07-23",11252,4997966,8881,4548430,1114,435818,139,40640,23,8662,162,49302,21409,17904.57,10031534,9982232,0
"2021-07-24",7399,5005365,6741,4555171,670,436488,83,40723,24,8686,107,49409,14917,17874.29,10046451,9997042,0
"2021-07-25",5475,5010840,2126,4557297,509,436997,59,40782,4,8690,63,49472,8173,17732.71,10054624,10005152,0
"2021-07-26",10870,5021710,7006,4564303,859,437856,109,40891,20,8710,129,49601,18864,17754.43,10073488,10023887,0
"2021-07-27",12068,5033778,8570,4572873,857,438713,134,41025,39,8749,173,49774,21668,17919,10095156,10045382,0
"2021-07-28",12016,5045794,8053,4580926,950,439663,132,41157,27,8776,159,49933,21178,18100.14,10116334,10066401,0
"2021-07-29",10932,5056726,7433,4588359,984,440647,135,41292,39,8815,174,50107,19523,17961.71,10135857,10085750,0
"2021-07-30",14954,5071680,8015,4596374,1151,441798,182,41474,31,8846,213,50320,24333,18379.43,10160190,10109870,0
"2021-07-31",9723,5081403,6317,4602691,815,442613,121,41595,20,8866,141,50461,16996,18676.43,10177186,10126725,0
"2021-08-01",6500,5087903,3312,4606003,564,443177,81,41676,20,8886,101,50562,10477,19005.57,10187663,10137101,0
"2021-08-02",13450,5101353,7155,4613158,846,444023,146,41822,18,8904,164,50726,21615,19398.57,10209278,10158552,0
"2021-08-03",15412,5116765,8389,4621547,1109,445132,143,41965,38,8942,181,50907,25091,19887.57,10234369,10183462,0
"2021-08-04",17262,5134027,8130,4629677,1454,446586,182,42147,35,8977,217,51124,27063,20728.29,10261432,10210308,0
"2021-08-05",17887,5151914,7930,4637607,1370,447956,160,42307,21,8998,181,51305,27368,21849,10288800,10237495,0
"2021-08-06",18180,5170094,8414,4646021,1232,449188,167,42474,32,9030,199,51504,28025,22376.43,10316825,10265321,0
"2021-08-07",13387,5183481,6014,4652035,799,449987,99,42573,28,9058,127,51631,20327,22852.29,10337152,10285521,0
"2021-08-08",9310,5192791,3835,4655870,400,450387,82,42655,10,9068,92,51723,13637,23303.71,10350789,10299066,0
"2021-08-09",21345,5214136,8526,4664396,965,451352,169,42824,34,9102,203,51926,31039,24650,10381828,10329902,0
"2021-08-10",18945,5233081,9332,4673728,946,452298,180,43004,33,9135,213,52139,29436,25270.71,10411264,10359125,0
"2021-08-11",15646,5248727,8312,4682040,853,453151,128,43132,45,9180,173,52312,24984,24973.71,10436248,10383936,0
"2021-08-12",15059,5263786,8988,4691028,942,454093,174,43306,34,9214,208,52520,25197,24663.57,10461445,10408925,0
"2021-08-13",14921,5278707,9293,4700321,919,455012,244,43550,37,9251,281,52801,25415,24290.71,10486860,10434059,0
"2021-08-14",10398,5289105,6410,4706731,625,455637,532,44082,40,9291,572,53373,18005,23959,10504865,10451492,0
"2021-08-15",6693,5295798,4479,4711210,676,456313,566,44648,33,9324,599,53972,12447,23789,10517312,10463340,0
"2021-08-16",15716,5311514,9302,4720512,1150,457463,1322,45970,65,9389,1387,55359,27555,23291.29,10544867,10489508,0
"2021-08-17",17770,5329284,10456,4730968,1229,458692,1772,47742,84,9473,1856,57215,31311,23559.14,10576178,10518963,0
"2021-08-18",17496,5346780,10375,4741343,1260,459952,1988,49730,96,9569,2084,59299,31215,24449.29,10607393,10548094,0
"2021-08-19",16293,5363073,9525,4750868,1315,461267,1958,51688,66,9635,2024,61323,29157,25015,10636550,10575227,0
"2021-08-20",16281,5379354,11537,4762405,1254,462521,1861,53549,85,9720,1946,63269,31018,25815.43,10667568,10604299,0
"2021-08-21",11148,5390502,8037,4770442,878,463399,1060,54609,57,9777,1117,64386,21180,26269,10688748,10624362,0
"2021-08-22",4078,5394580,3903,4774345,261,463660,516,55125,34,9811,550,64936,8792,25746.86,10697540,10632604,0
"2021-08-23",15582,5410162,11807,4786152,1022,464682,1548,56673,75,9886,1623,66559,30035,26101.14,10727575,10661016,0
"2021-08-24",16912,5427074,12599,4798751,1006,465688,1774,58447,78,9964,1852,68411,32369,26252.29,10759944,10691533,0
"2021-08-25",14573,5441647,12450,4811201,1111,466799,1568,60015,77,10041,1645,70056,29779,26047.14,10789723,10719667,0
"2021-08-26",16152,5457799,14098,4825299,1071,467870,1773,61788,68,10109,1841,71897,33162,26619.29,10822885,10750988,0
"2021-08-27",14878,5472677,14825,4840124,971,468841,1672,63460,74,10183,1746,73643,32420,26819.57,10855305,10781662,0
"2021-08-28",10680,5483357,11525,4851649,835,469676,1015,64475,45,10228,1060,74703,24100,27236.71,10879405,10804702,0
"2021-08-29",7217,5490574,7493,4859142,541,470217,780,65255,58,10286,838,75541,16089,28279.14,10895494,10819953,0
"2021-08-30",15523,5506097,16926,4876068,1076,471293,1791,67046,87,10373,1878,77419,35403,29046,10930897,10853478,0
"2021-08-31",15510,5521607,15958,4892026,952,472245,1975,69021,88,10461,2063,79482,34483,29348,10965380,10885898,0
"2021-09-01",14829,5536436,14106,4906132,1020,473265,1809,70830,61,10522,1870,81352,31825,29640.29,10997205,10915853,0
"2021-09-02",14321,5550757,12525,4918657,896,474161,1708,72538,62,10584,1770,83122,29512,29118.86,11026717,10943595,0
"2021-09-03",15011,5565768,14311,4932968,974,475135,1894,74432,70,10654,1964,85086,32260,29096,11058977,10973891,0
"2021-09-04",9645,5575413,9405,4942373,688,475823,977,75409,33,10687,1010,86096,20748,28617.14,11079725,10993629,0
"2021-09-05",6800,5582213,5515,4947888,438,476261,713,76122,16,10703,729,86825,13482,28244.71,11093207,11006382,0
"2021-09-06",5196,5587409,4512,4952400,358,476619,271,76393,11,10714,282,87107,10348,24665.43,11103555,11016448,0
"2021-09-07",15572,5602981,17700,4970100,912,477531,1557,77950,89,10803,1646,88753,35830,24857.86,11139385,11050632,0
"2021-09-08",16158,5619139,14827,4984927,1072,478603,1772,79722,83,10886,1855,90608,33912,25156,11173297,11082689,0
"2021-09-09",16107,5635246,14750,4999677,1047,479650,1916,81638,74,10960,1990,92598,33894,25782,11207191,11114593,0
"2021-09-10",18365,5653611,15394,5015071,1208,480858,1976,83614,81,11041,2057,94655,37024,26462.57,11244215,11149560,0
"2021-09-11",12637,5666248,10349,5025420,958,481816,1028,84642,48,11089,1076,95731,25020,27072.86,11269235,11173504,0
"2021-09-12",8538,5674786,5051,5030471,766,482582,691,85333,30,11119,721,96452,15076,27300.57,11284311,11187859,0
"2021-09-13",16929,5691715,12964,5043435,976,483558,1655,86988,53,11172,1708,98160,32577,30476.14,11316888,11218728,0
"2021-09-14",16265,5707980,13675,5057110,886,484444,1597,88585,56,11228,1653,99813,32479,29997.43,11349367,11249554,0
"2021-09-15",15531,5723511,12888,5069998,727,485171,1569,90154,81,11309,1650,101463,30796,29552.29,11380163,11278700,0
"2021-09-16",15338,5738849,13911,5083909,1209,486380,1461,91615,66,11375,1527,102990,31985,29279.57,11412148,11309158,0
"2021-09-17",14434,5753283,13960,5097869,922,487302,1834,93449,58,11433,1892,104882,31208,28448.71,11443356,11338474,0
"2021-09-18",9996,5763279,10186,5108055,913,488215,1047,94496,41,11474,1088,105970,22183,28043.43,11465539,11359569,0
"2021-09-19",6177,5769456,6073,5114128,558,488773,747,95243,29,11503,776,106746,13584,27830.29,11479123,11372377,0
"2021-09-20",12674,5782130,12633,5126761,1068,489841,1924,97167,58,11561,1982,108728,28357,27227.43,11507480,11398752,0
"2021-09-21",12229,5794359,12769,5139530,1109,490950,2030,99197,77,11638,2107,110835,28214,26618.14,11535694,11424859,0
"2021-09-22",12821,5807180,12006,5151536,1090,492040,1685,100882,68,11706,1753,112588,27670,26171.57,11563364,11450776,0
"2021-09-23",14935,5822115,12762,5164298,1639,493679,2268,103150,73,11779,2341,114929,31677,26127.57,11595041,11480112,0
"2021-09-24",16445,5838560,13367,5177665,1636,495315,4629,107779,114,11893,4743,119672,36191,26839.43,11631232,11511560,0
"2021-09-25",10537,5849097,9024,5186689,1018,496333,3465,111244,74,11967,3539,123211,24118,27115.86,11655350,11532139,0
"2021-09-26",6299,5855396,5762,5192451,773,497106,2423,113667,60,12027,2483,125694,15317,27363.43,11670667,11544973,0
"2021-09-27",14159,5869555,8057,5200508,1155,498261,9067,122734,159,12186,9226,134920,32598,27969.29,11703265,11568345,0
"2021-09-28",11136,5880691,11782,5212290,902,499163,9919,132653,177,12363,10096,145016,33916,28783.86,11737181,11592165,0
"2021-09-29",11604,5892295,12193,5224483,1205,500368,9454,142107,165,12528,9619,154635,34622,29777,11771803,11617168,0
"2021-09-30",12237,5904532,12605,5237088,1338,501706,9748,151855,176,12704,9924,164559,36104,30409.43,11807907,11643348,0
"2021-10-01",12635,5917167,13433,5250521,1284,502990,10273,162128,148,12852,10421,174980,37773,30635.43,11845680,11670700,0
"2021-10-02",7728,5924895,9977,5260498,865,503855,4245,166373,75,12927,4320,179300,22890,30460,11868570,11689270,0
"2021-10-03",5070,5929965,6159,5266657,593,504448,2614,168987,56,12983,2670,181970,14492,30342.14,11883062,11701092,0
"2021-10-04",9907,5939872,11020,5277677,913,505361,9532,178519,141,13124,9673,191643,31513,30187.14,11914575,11722932,0
"2021-10-05",10153,5950025,11739,5289416,972,506333,9943,188462,177,13301,10120,201763,32984,30054,11947559,11745796,0
"2021-10-06",9896,5959921,11050,5300466,936,507269,9935,198397,159,13460,10094,211857,31976,29676,11979535,11767678,0
"2021-10-07",9613,5969534,12154,5312620,850,508119,10180,208577,171,13631,10351,222208,32968,29228,12012503,11790295,0
"2021-10-08",9449,5978983,12176,5324796,941,509060,10913,219490,163,13794,11076,233284,33642,28637.86,12046145,11812861,0
"2021-10-09",6241,5985224,8237,5333033,643,509703,4122,223612,87,13881,4209,237493,19330,28129.29,12065475,11827982,0
"2021-10-10",3538,5988762,5028,5338061,458,510161,2436,226048,45,13926,2481,239974,11505,27702.57,12076980,11837006,0
"2021-10-11",7617,5996379,9335,5347396,728,510889,8888,234936,163,14089,9051,249025,26731,27019.43,12103711,11854686,0
"2021-10-12",8069,6004448,10994,5358390,891,511780,10523,245459,180,14269,10703,259728,30657,26687,12134368,11874640,0
"2021-10-13",7148,6011596,10149,5368539,869,512649,8799,254258,179,14448,8978,268706,27144,25996.71,12161512,11892806,0
"2021-10-14",7433,6019029,11114,5379653,836,513485,10125,264383,161,14609,10286,278992,29669,25525.43,12191181,11912189,0
"2021-10-15",7719,6026748,11855,5391508,823,514308,10827,275210,169,14778,10996,289988,31393,25204.14,12222574,11932586,0
"2021-10-16",4862,6031610,7467,5398975,666,514974,3846,279056,66,14844,3912,293900,16907,24858,12239481,11945581,0
"2021-10-17",3055,6034665,4473,5403448,411,515385,2452,281508,44,14888,2496,296396,10435,24705.14,12249916,11953520,0
"2021-10-18",7048,6041713,10666,5414114,796,516181,9483,290991,178,15066,9661,306057,28171,24910.86,12278087,11972030,0
"2021-10-19",6568,6048281,8946,5423060,804,516985,9097,300088,170,15236,9267,315324,25585,24186.29,12303672,11988348,0
"2021-10-20",6529,6054810,9373,5432433,975,517960,9998,310086,174,15410,10172,325496,27049,24172.71,12330721,12005225,0
"2021-10-21",7022,6061832,9386,5441819,858,518818,10850,320936,149,15559,10999,336495,28265,23972.14,12358986,12022491,0
"2021-10-22",8113,6069945,10346,5452165,1026,519844,16357,337293,210,15769,16567,353062,36052,24637.71,12395038,12041976,0
"2021-10-23",5163,6075108,6460,5458625,690,520534,9125,346418,116,15885,9241,362303,21554,25301.57,12416592,12054289,0
"2021-10-24",3269,6078377,3969,5462594,769,521303,6162,352580,76,15961,6238,368541,14245,25845.86,12430837,12062296,0
"2021-10-25",8753,6087130,8743,5471337,1150,522453,19257,371837,294,16255,19551,388092,38197,27278.14,12469034,12080942,0
"2021-10-26",8193,6095323,7724,5479061,1258,523711,17292,389129,264,16519,17556,405648,34731,28584.71,12503765,12098117,0
"2021-10-27",10543,6105866,8392,5487453,1605,525316,20872,410001,318,16837,21190,426838,41730,30682,12545495,12118657,0
"2021-10-28",11317,6117183,8036,5495489,1793,527109,20854,430855,317,17154,21171,448009,42317,32689.43,12587812,12139803,0
"2021-10-29",11845,6129028,8238,5503727,1958,529067,22541,453396,328,17482,22869,470878,44911,33955,12632723,12161845,0
"2021-10-30",4628,6133656,5064,5508791,930,529997,11173,464569,164,17646,11337,482215,21959,34012.86,12654682,12172467,0
"2021-10-31",2662,6136318,2701,5511492,544,530541,6637,471206,99,17745,6736,488951,12643,33784,12667325,12178374,0
"2021-11-01",7127,6143445,6954,5518446,1089,531630,20392,491598,323,18068,20715,509666,35885,33453.71,12703210,12193544,0
"2021-11-02",6570,6150015,6588,5525034,1054,532684,20795,512393,267,18335,21062,530728,35274,33531.29,12738484,12207756,0
"2021-11-03",6843,6156858,6681,5531715,1026,533710,20638,533031,305,18640,20943,551671,35495,32640.57,12773979,12222308,0
"2021-11-04",9305,6166163,6278,5537993,996,534706,22372,555403,345,18985,22717,574388,39296,32209,12813275,12238887,0
"2021-11-05",11044,6177207,6722,5544715,1051,535757,23767,579170,351,19336,24118,598506,42935,31926.71,12856210,12257704,0
"2021-11-06",11127,6188334,4052,5548767,594,536351,12601,591771,167,19503,12768,611274,28541,32867,12884751,12273477,0
"2021-11-07",7250,6195584,2287,5551054,577,536928,7110,598881,96,19599,7206,618480,17320,33535.14,12902071,12283591,0
"2021-11-08",15048,6210632,5678,5556732,864,537792,19521,618402,273,19872,19794,638274,41384,34320.71,12943455,12305181,0
"2021-11-09",16138,6226770,5389,5562121,660,538452,20521,638923,270,20142,20791,659065,42978,35421.29,12986433,12327368,0
"2021-11-10",16923,6243693,5321,5567442,683,539135,22658,661581,289,20431,22947,682012,45874,36904,13032307,12350295,0
"2021-11-11",12556,6256249,5183,5572625,759,539894,22098,683679,285,20716,22383,704395,40881,37130.43,13073188,12368793,0
"2021-11-12",16879,6273128,5686,5578311,705,540599,23418,707097,354,21070,23772,728167,47042,37717.14,13120230,12392063,0
"2021-11-13",9931,6283059,3663,5581974,463,541062,13337,720434,179,21249,13516,741683,27573,37578.86,13147803,12406120,0
"2021-11-14",6007,6289066,2290,5584264,325,541387,7939,728373,76,21325,8015,749698,16637,37481.29,13164440,12414742,0
"2021-11-15",13206,6302272,5972,5590236,690,542077,25120,753493,358,21683,25478,775176,45346,38047.29,13209786,12434610,0
"2021-11-16",9956,6312228,5781,5596017,654,542731,30679,784172,419,22102,31098,806274,47490,38691.86,13257276,12451002,0
"2021-11-17",10292,6322520,6671,5602688,681,543412,31435,815607,408,22510,31843,838117,49487,39208,13306763,12468646,0
"2021-11-18",10718,6333238,6534,5609222,857,544269,33024,848631,452,22962,33476,871593,51585,40737.14,13358348,12486755,0
"2021-11-19",12000,6345238,6548,5615770,715,544984,36263,884894,448,23410,36711,908304,55974,42013.14,13414322,12506018,0
"2021-11-20",9321,6354559,3417,5619187,513,545497,22522,907416,253,23663,22775,931079,36026,43220.71,13450348,12519269,0
"2021-11-21",4939,6359498,1888,5621075,288,545785,13208,920624,149,23812,13357,944436,20472,43768.57,13470820,12526384,0
"2021-11-22",10417,6369915,5785,5626860,750,546535,35950,956574,435,24247,36385,980821,53338,44910.29,13524158,12543337,0
"2021-11-23",9772,6379687,4784,5631644,636,547171,33541,990115,369,24616,33910,1014731,49103,45140.71,13573261,12558530,0
"2021-11-24",8694,6388381,4751,5636395,649,547820,25936,1016051,279,24895,26215,1040946,40309,43829.57,13613570,12572624,0
"2021-11-25",448,6388829,328,5636723,80,547900,1003,1017054,9,24904,1012,1041958,1868,36727.14,13615438,12573480,0
"2021-11-26",8056,6396885,6988,5643711,528,548428,26596,1043650,292,25196,26888,1068846,42460,34796.57,13657898,12589052,0
"2021-11-27",6673,6403558,6832,5650543,371,548799,18855,1062505,219,25415,19074,1087920,32951,34357.29,13690849,12602929,0
"2021-11-28",4068,6407626,5791,5656334,282,549081,11902,1074407,117,25532,12019,1099939,22160,34598.43,13713009,12613070,0
"2021-11-29",9091,6416717,11002,5667336,686,549767,35094,1109501,429,25961,35523,1135462,56302,35021.86,13769311,12633849,0
"2021-11-30",10485,6427202,11441,5678777,513,550280,37808,1147309,489,26450,38297,1173759,60736,36683.71,13830047,12656288,0
"2021-12-01",11178,6438380,10983,5689760,725,551005,40369,1187678,435,26885,40804,1214563,63691,40024,13893738,12679175,0
"2021-12-02",11643,6450023,11037,5700797,626,551631,42181,1229859,451,27336,42632,1257195,65938,49176.86,13959676,12702481,0
"2021-12-03",13459,6463482,12895,5713692,674,552305,47969,1277828,513,27849,48482,1305677,75510,53898.29,14035186,12729509,0
"2021-12-04",9841,6473323,11290,5724982,567,552872,30694,1308522,299,28148,30993,1336670,52691,56718.29,14087877,12751207,0
"2021-12-05",5749,6479072,5704,5730686,270,553142,16669,1325191,127,28275,16796,1353466,28519,57626.71,14116396,12762930,0
"2021-12-06",12314,6491386,9963,5740649,600,553742,43273,1368464,440,28715,43713,1397179,66590,59096.43,14182986,12785807,0
"2021-12-07",12571,6503957,9253,5749902,624,554366,43073,1411537,492,29207,43565,1440744,66013,59850.29,14248999,12808255,0
"2021-12-08",13513,6517470,8775,5758677,555,554921,40819,1452356,464,29671,41283,1482027,64126,59912.43,14313125,12831098,0
"2021-12-09",13473,6530943,8752,5767429,555,555476,40847,1493203,486,30157,41333,1523360,64113,59651.71,14377238,12853878,0
"2021-12-10",14025,6544968,10145,5777574,670,556146,43693,1536896,486,30643,44179,1567539,69019,58724.43,14446257,12878718,0
"2021-12-11",10268,6555236,8129,5785703,405,556551,26715,1563611,273,30916,26988,1594527,45791,57738.71,14492048,12897521,0
"2021-12-12",6010,6561246,3856,5789559,288,556839,15177,1578788,131,31047,15308,1609835,25462,57302,14517510,12907675,0
"2021-12-13",12205,6573451,7434,5796993,657,557496,37906,1616694,389,31436,38295,1648130,58591,56159.29,14576101,12927971,0
"2021-12-14",12222,6585673,6961,5803954,730,558226,38175,1654869,426,31862,38601,1686731,58514,55088,14634615,12947884,0
"2021-12-15",12081,6597754,6246,5810200,755,558981,38169,1693038,480,32342,38649,1725380,57732,54174.57,14692347,12966967,0
"2021-12-16",13165,6610919,4270,5814470,742,559723,41135,1734173,444,32786,41579,1766959,59756,53552.14,14752103,12985144,0
"2021-12-17",15932,6626851,6932,5821402,619,560342,46818,1780991,472,33258,47290,1814249,70773,53802.71,14822876,13008627,0
"2021-12-18",13011,6639862,5721,5827123,432,560774,30636,1811627,265,33523,30901,1845150,50065,54413.29,14872941,13027791,0
"2021-12-19",7012,6646874,2992,5830115,326,561100,18017,1829644,170,33693,18187,1863337,28517,54849.71,14901458,13038121,0
"2021-12-20",16847,6663721,5864,5835979,746,561846,47486,1877130,563,34256,48049,1911386,71506,56694.71,14972964,13061578,0
"2021-12-21",17954,6681675,6571,5842550,806,562652,48935,1926065,579,34835,49514,1960900,74845,59027.71,15047809,13086909,0
"2021-12-22",18534,6700209,6561,5849111,938,563590,49747,1975812,531,35366,50278,2011178,76311,61681.86,15124120,13112942,0
"2021-12-23",19028,6719237,6490,5855601,930,564520,45885,2021697,521,35887,46406,2057584,72854,63553,15196974,13139390,0
"2021-12-24",9231,6728468,2954,5858555,598,565118,20606,2042303,210,36097,20816,2078400,33599,58242.43,15230573,13152173,0
"2021-12-25",344,6728812,63,5858618,31,565149,427,2042730,8,36105,435,2078835,873,51215,15231446,13152611,0
"2021-12-26",7958,6736770,3925,5862543,340,565489,17290,2060020,173,36278,17463,2096298,29686,51382,15261132,13164834,0
"2021-12-27",21778,6758548,9202,5871745,934,566423,43459,2103479,548,36826,44007,2140305,75921,52012.71,15337053,13196748,0
"2021-12-28",20154,6778702,8331,5880076,702,567125,47590,2151069,605,37431,48195,2188500,77382,52375.14,15414435,13225935,0
"2021-12-29",18493,6797195,7672,5887748,607,567732,45593,2196662,474,37905,46067,2234567,72839,51879.14,15487274,13252707,0
"2021-12-30",16884,6814079,7423,5895171,588,568320,44857,2241519,577,38482,45434,2280001,70329,51518.43,15557603,13277602,0
"2021-12-31",5355,6819434,2806,5897977,193,568513,14772,2256291,181,38663,14953,2294954,23307,50048.14,15580910,13285956,0
"2022-01-01",243,6819677,147,5898124,12,568525,501,2256792,22,38685,523,2295477,925,50055.57,15581835,13286358,0
"2022-01-02",6428,6826105,5022,5903146,153,568678,10985,2267777,109,38794,11094,2306571,22697,49057.14,15604532,13297961,0
"2022-01-03",14124,6840229,8500,5911646,514,569192,26954,2294731,342,39136,27296,2333867,50434,45416.14,15654966,13321099,0
"2022-01-04",12815,6853044,8122,5919768,415,569607,27232,2321963,364,39500,27596,2361463,48948,41354.14,15703914,13342451,0
"2022-01-05",11337,6864381,7013,5926781,382,569989,25982,2347945,306,39806,26288,2387751,45020,37380,15748934,13361183,0
"2022-01-06",11378,6875759,7389,5934170,483,570472,27613,2375558,333,40139,27946,2415697,47196,34075.29,15796130,13380433,0
"2022-01-07",10226,6885985,8442,5942612,339,570811,25149,2400707,320,40459,25469,2441166,44477,37099.57,15840607,13399441,0
"2022-01-08",7829,6893814,8564,5951176,310,571121,19490,2420197,179,40638,19669,2460835,36373,42163.57,15876980,13416145,0
"2022-01-09",4125,6897939,3843,5955019,214,571335,10070,2430267,92,40730,10162,2470997,18344,41541.71,15895324,13424327,0
"2022-01-10",10169,6908108,8192,5963211,490,571825,24618,2454885,299,41029,24917,2495914,43768,40589.43,15939092,13443178,0
"2022-01-11",8885,6916993,7988,5971199,521,572346,21028,2475913,285,41314,21313,2517227,38709,39126.71,15977801,13460574,0
"2022-01-12",8929,6925922,8330,5979529,427,572773,22352,2498265,287,41601,22639,2539866,40325,38456,16018126,13478260,0
"2022-01-13",9039,6934961,8866,5988395,452,573225,22893,2521158,317,41918,23210,2563076,41568,37652,16059694,13496618,0
"2022-01-14",10094,6945055,8119,5996514,476,573701,26437,2547595,327,42245,26764,2589840,45453,37791.43,16105147,13515307,0
"2022-01-15",6206,6951261,4309,6000823,178,573879,15144,2562739,177,42422,15321,2605161,26014,36311.57,16131161,13526000,0
"2022-01-16",2915,6954176,3249,6004072,95,573974,7826,2570565,83,42505,7909,2613070,14168,35715,16145329,13532259,0
"2022-01-17",6068,6960244,6755,6010827,363,574337,14687,2585252,217,42722,14904,2627974,28090,33475.29,16173419,13545445,0
"2022-01-18",8151,6968395,10321,6021148,396,574733,19675,2604927,316,43038,19991,2647965,38859,33496.71,16212278,13564313,0
"2022-01-19",7451,6975846,9246,6030394,304,575037,17728,2622655,270,43308,17998,2665963,35000,32736,16247278,13581315,0
"2022-01-20",6271,6982117,8560,6038954,305,575342,15260,2637915,244,43552,15504,2681467,30640,31174.86,16277918,13596451,0
"2022-01-21",7558,6989675,7508,6046462,276,575618,18519,2656434,281,43833,18800,2700267,34142,29559,16312060,13611793,0
"2022-01-22",5185,6994860,4935,6051397,131,575749,11327,2667761,126,43959,11453,2711720,21704,28943.29,16333764,13622044,0
"2022-01-23",2808,6997668,3327,6054724,97,575846,6233,2673994,76,44035,6309,2718029,12541,28710.86,16346305,13628276,0
"2022-01-24",6357,7004025,8205,6062929,262,576108,15082,2689076,238,44273,15320,2733349,30144,29004.29,16376449,13643100,0
"2022-01-25",6182,7010207,7938,6070867,232,576340,14694,2703770,261,44534,14955,2748304,29307,27639.71,16405756,13657452,0
"2022-01-26",5745,7015952,7175,6078042,289,576629,14021,2717791,211,44745,14232,2762536,27441,26559.86,16433197,13670661,0
"2022-01-27",5246,7021198,7091,6085133,321,576950,14091,2731882,230,44975,14321,2776857,26979,26036.86,16460176,13683319,0
"2022-01-28",6249,7027447,7877,6093010,203,577153,16133,2748015,238,45213,16371,2793228,30700,25545.14,16490876,13697648,0
"2022-01-29",840,7028287,727,6093737,28,577181,2539,2750554,39,45252,2578,2795806,4173,23040.71,16495049,13699243,0
"2022-01-30",2094,7030381,3022,6096759,103,577284,4538,2755092,63,45315,4601,2800407,9820,22652,16504869,13704462,0
"2022-01-31",5000,7035381,6592,6103351,220,577504,11397,2766489,197,45512,11594,2812001,23406,21689.43,16528275,13716274,0
"2022-02-01",4825,7040206,6441,6109792,219,577723,10722,2777211,217,45729,10939,2822940,22424,20706.14,16550699,13727759,0
"2022-02-02",4254,7044460,5933,6115725,213,577936,11237,2788448,243,45972,11480,2834420,21880,19911.71,16572579,13738159,0
"2022-02-03",4224,7048684,5813,6121538,216,578152,11222,2799670,199,46171,11421,2845841,21674,19153.86,16594253,13748412,0
"2022-02-04",4759,7053443,7116,6128654,214,578366,13220,2812890,239,46410,13459,2859300,25548,18417.86,16619801,13760501,0
"2022-02-05",3572,7057015,6051,6134705,110,578476,8580,2821470,154,46564,8734,2868034,18467,20459.86,16638268,13770234,0
"2022-02-06",2061,7059076,2139,6136844,121,578597,4638,2826108,102,46666,4740,2872774,9062,20351.57,16647330,13774556,0
"2022-02-07",4148,7063224,4734,6141578,205,578802,10137,2836245,232,46898,10369,2883143,19456,19787.29,16666786,13783643,0
"2022-02-08",4215,7067439,5609,6147187,214,579016,11330,2847575,304,47202,11634,2894777,21672,19679.86,16688458,13793681,0
"2022-02-09",4130,7071569,5403,6152590,223,579239,11664,2859239,255,47457,11919,2906696,21675,19650.57,16710133,13803437,0
"2022-02-10",3989,7075558,5124,6157714,245,579484,12203,2871442,285,47742,12488,2919184,21846,19675.14,16731979,13812795,0
"2022-02-11",4507,7080065,5809,6163523,195,579679,13736,2885178,322,48064,14058,2933242,24569,19535.29,16756548,13823306,0
"2022-02-12",3257,7083322,4342,6167865,97,579776,8810,2893988,213,48277,9023,2942265,16719,19285.57,16773267,13831002,0
"2022-02-13",1519,7084841,1544,6169409,41,579817,4881,2898869,111,48388,4992,2947257,8096,19147.57,16781363,13834106,0
"2022-02-14",2980,7087821,3624,6173033,167,579984,10571,2909440,324,48712,10895,2958152,17666,18891.86,16799029,13840877,0
"2022-02-15",3548,7091369,4076,6177109,175,580159,12788,2922228,281,48993,13069,2971221,20868,18777,16819897,13848676,0
"2022-02-16",3646,7095015,3907,6181016,200,580359,15731,2937959,297,49290,16028,2987249,23781,19077.86,16843678,13856429,0
"2022-02-17",4030,7099045,4079,6185095,162,580521,18280,2956239,359,49649,18639,3005888,26910,19801.29,16870588,13864700,0
"2022-02-18",4465,7103510,4786,6189881,189,580710,21534,2977773,456,50105,21990,3027878,31430,20781.43,16902018,13874140,0
"2022-02-19",3251,7106761,2182,6192063,65,580775,11182,2988955,217,50322,11399,3039277,16897,20806.86,16918915,13879638,0
"2022-02-20",1854,7108615,1444,6193507,59,580834,6587,2995542,114,50436,6701,3045978,10058,21087.14,16928973,13882995,0
"2022-02-21",3083,7111698,2696,6196203,95,580929,8351,3003893,230,50666,8581,3054559,14455,20628.43,16943428,13888869,0
"2022-02-22",4378,7116076,4250,6200453,175,581104,10838,3014731,251,50917,11089,3065648,19892,20489,16963320,13897672,0
"2022-02-23",4259,7120335,3787,6204240,145,581249,10670,3025401,243,51160,10913,3076561,19104,19820.86,16982424,13905863,0
"2022-02-24",3792,7124127,3657,6207897,108,581357,10195,3035596,228,51388,10423,3086984,17980,18545.14,17000404,13913420,0
"2022-02-25",3612,7127739,3629,6211526,135,581492,9983,3045579,237,51625,10220,3097204,17596,16568.86,17018000,13920796,0
"2022-02-26",2836,7130575,2580,6214106,74,581566,9513,3055092,154,51779,9667,3106871,15157,16320.29,17033157,13926286,0
"2022-02-27",1768,7132343,1375,6215481,52,581618,6267,3061359,102,51881,6369,3113240,9564,16249.71,17042721,13929481,0
"2022-02-28",3797,7136140,3135,6218616,141,581759,13134,3074493,249,52130,13383,3126623,20456,17107,17063177,13936554,0
"2022-03-01",2133,7138273,2629,6221245,103,581862,5179,3079672,186,52316,5365,3131988,10230,15726.71,17073407,13941419,0
"2022-03-02",1836,7140109,2444,6223689,107,581969,4132,3083804,208,52524,4340,3136328,8727,14244.29,17082134,13945806,0
"2022-03-03",1936,7142045,2556,6226245,106,582075,3797,3087601,171,52695,3968,3140296,8566,12899.43,17090700,13950404,0
"2022-03-04",2124,7144169,2873,6229118,66,582141,4328,3091929,208,52903,4536,3144832,9599,11757,17100299,13955467,0
"2022-03-05",1611,7145780,2123,6231241,43,582184,3318,3095247,117,53020,3435,3148267,7212,10622,17107511,13959244,0
"2022-03-06",797,7146577,879,6232120,30,582214,1624,3096871,55,53075,1679,3149946,3385,9739.29,17110896,13960950,0
"2022-03-07",1667,7148244,1787,6233907,86,582300,3499,3100370,160,53235,3659,3153605,7199,7845.43,17118095,13964490,0
"2022-03-08",1550,7149794,1895,6235802,79,582379,3125,3103495,149,53384,3274,3156879,6798,7355.14,17124893,13968014,0
"2022-03-09",1266,7151060,1679,6237481,79,582458,2588,3106083,130,53514,2718,3159597,5742,6928.71,17130635,13971038,0
"2022-03-10",1419,7152479,2101,6239582,85,582543,2962,3109045,162,53676,3124,3162721,6729,6666.29,17137364,13974643,0
"2022-03-11",1599,7154078,2273,6241855,81,582624,3213,3112258,189,53865,3402,3166123,7355,6345.71,17144719,13978596,0
"2022-03-12",877,7154955,1415,6243270,42,582666,2008,3114266,76,53941,2084,3168207,4418,5946.57,17149137,13980930,0
"2022-03-13",624,7155579,757,6244027,28,582694,1289,3115555,50,53991,1339,3169546,2748,5855.57,17151885,13982339,0
"2022-03-14",1372,7156951,1609,6245636,83,582777,2990,3118545,208,54199,3198,3172744,6262,5721.71,17158147,13985403,0
"2022-03-15",1358,7158309,1928,6247564,63,582840,3069,3121614,230,54429,3299,3176043,6648,5700.29,17164795,13988752,0
"2022-03-16",1396,7159705,2066,6249630,94,582934,3138,3124752,295,54724,3433,3179476,6989,5878.43,17171784,13992308,0
"2022-03-17",1192,7160897,1806,6251436,70,583004,2762,3127514,266,54990,3028,3182504,6096,5788,17177880,13995376,0
"2022-03-18",1593,7162490,2218,6253654,79,583083,3771,3131285,415,55405,4186,3186690,8076,5891,17185956,13999266,0
"2022-03-19",1111,7163601,1731,6255385,54,583137,2603,3133888,227,55632,2830,3189520,5726,6077.86,17191682,14002162,0
"2022-03-20",610,7164211,629,6256014,33,583170,1465,3135353,186,55818,1651,3191171,2923,6102.86,17194605,14003434,0
"2022-03-21",1418,7165629,1555,6257569,72,583242,3059,3138412,357,56175,3416,3194587,6461,6131.29,17201066,14006479,0
"2022-03-22",1345,7166974,1555,6259124,101,583343,2905,3141317,344,56519,3249,3197836,6250,6074.43,17207316,14009480,0
"2022-03-23",1260,7168234,1360,6260484,66,583409,2922,3144239,374,56893,3296,3201132,5982,5930.57,17213298,14012166,0
"2022-03-24",1213,7169447,1299,6261783,90,583499,2520,3146759,269,57162,2789,3203921,5391,5829.86,17218689,14014768,0
"2022-03-25",1385,7170832,1630,6263413,62,583561,3268,3150027,379,57541,3647,3207568,6724,5636.71,17225413,14017845,0
"2022-03-26",927,7171759,1161,6264574,36,583597,2308,3152335,250,57791,2558,3210126,4682,5487.57,17230095,14019969,0
"2022-03-27",573,7172332,527,6265101,29,583626,1313,3153648,203,57994,1516,3211642,2645,5447.86,17232740,14021098,0
"2022-03-28",1085,7173417,1164,6266265,69,583695,2439,3156087,364,58358,2803,3214445,5121,5256.43,17237861,14023416,0
"2022-03-29",1051,7174468,1103,6267368,85,583780,2512,3158599,882,59240,3394,3217839,5633,5168.29,17243494,14025655,0
"2022-03-30",1246,7175714,1142,6268510,99,583879,3063,3161662,3407,62647,6470,3224309,8957,5593.29,17252451,14028142,0
"2022-03-31",1285,7176999,1259,6269769,57,583936,3164,3164826,5505,68152,8669,3232978,11271,6433.29,17263722,14030744,0
"2022-04-01",1428,7178427,1496,6271265,76,584012,3250,3168076,6902,75054,10152,3243130,13152,7351.57,17276874,14033744,0
"2022-04-02",910,7179337,910,6272175,33,584045,2093,3170169,4529,79583,6622,3249752,8475,7893.43,17285349,14035597,0
"2022-04-03",556,7179893,497,6272672,28,584073,1224,3171393,3051,82634,4275,3254027,5356,8280.71,17290705,14036678,0
"2022-04-04",1351,7181244,1308,6273980,61,584134,2734,3174127,7700,90334,10434,3264461,13154,9428.29,17303859,14039398,0
"2022-04-05",1302,7182546,1160,6275140,66,584200,2849,3176976,7486,97820,10335,3274796,12863,10461.14,17316722,14041926,0
"2022-04-06",1341,7183887,1180,6276320,61,584261,2623,3179599,6957,104777,9580,3284376,12162,10919,17328884,14044508,0
"2022-04-07",1208,7185095,1066,6277386,57,584318,2376,3181975,6608,111385,8984,3293360,11315,10925.29,17340199,14046839,0
"2022-04-08",1483,7186578,1408,6278794,61,584379,3169,3185144,8781,120166,11950,3305310,14902,11175.29,17355101,14049791,0
"2022-04-09",913,7187491,925,6279719,29,584408,2080,3187224,4947,125113,7027,3312337,8894,11235.14,17363995,14051658,0
"2022-04-10",584,7188075,461,6280180,25,584433,1168,3188392,2897,128010,4065,3316402,5135,11203.57,17369130,14052728,0
"2022-04-11",1312,7189387,1240,6281420,59,584492,2666,3191058,7804,135814,10470,3326872,13081,11193.14,17382211,14055339,0
"2022-04-12",1220,7190607,1056,6282476,73,584565,2527,3193585,7418,143232,9945,3336817,12294,11111.86,17394505,14057688,0
"2022-04-13",1239,7191846,1079,6283555,59,584624,2518,3196103,7536,150768,10054,3346871,12431,11150.29,17406936,14060065,0
"2022-04-14",1273,7193119,1096,6284651,59,584683,2445,3198548,6575,157343,9020,3355891,11448,11169.29,17418384,14062493,0
"2022-04-15",1338,7194457,1099,6285750,53,584736,2572,3201120,6617,163960,9189,3365080,11679,10708.86,17430063,14064983,0
"2022-04-16",859,7195316,654,6286404,34,584770,1645,3202765,3682,167642,5327,3370407,6874,10420.29,17436937,14066530,0
"2022-04-17",346,7195662,202,6286606,27,584797,638,3203403,1156,168798,1794,3372201,2369,10025.14,17439306,14067105,0
"2022-04-18",1391,7197053,1117,6287723,82,584879,2586,3205989,6412,175210,8998,3381199,11588,9811.86,17450894,14069695,0
"2022-04-19",1421,7198474,938,6288661,72,584951,2580,3208569,5741,180951,8321,3389520,10752,9591.57,17461646,14072126,0
"2022-04-20",1315,7199789,1159,6289820,65,585016,2715,3211284,6626,187577,9341,3398861,11880,9512.86,17473526,14074665,0
"2022-04-21",1228,7201017,1062,6290882,53,585069,2331,3213615,5335,192912,7666,3406527,10009,9307.29,17483535,14077008,0
"2022-04-22",1213,7202230,1026,6291908,46,585115,2200,3215815,5644,198556,7844,3414371,10130,9086,17493665,14079294,0
"2022-04-23",716,7202946,749,6292657,59,585174,1427,3217242,3346,201902,4773,3419144,6297,9003.57,17499962,14080818,0
"2022-04-24",441,7203387,338,6292995,27,585201,811,3218053,1813,203715,2624,3421768,3430,9155.14,17503392,14081624,0
"2022-04-25",1036,7204423,916,6293911,64,585265,1851,3219904,5090,208805,6941,3428709,8957,8779.29,17512349,14083640,0
"2022-04-26",952,7205375,859,6294770,76,585341,1749,3221653,4692,213497,6441,3435150,8328,8433,17520677,14085527,0
"2022-04-27",1039,7206414,1026,6295796,80,585421,1929,3223582,5205,218702,7134,3442284,9279,8061.43,17529956,14087672,0
"2022-04-28",1090,7207504,988,6296784,50,585471,2005,3225587,4727,223429,6732,3449016,8860,7897.29,17538816,14089800,0
"2022-04-29",1191,7208695,1107,6297891,60,585531,2162,3227749,5391,228820,7553,3456569,9911,7866,17548727,14092158,0
"2022-04-30",726,7209421,745,6298636,50,585581,1390,3229139,2963,231783,4353,3460922,5874,7805.57,17554601,14093679,0
"2022-05-01",445,7209866,366,6299002,20,585601,767,3229906,1657,233440,2424,3463346,3255,7780.57,17557856,14094510,0
"2022-05-02",1055,7210921,792,6299794,52,585653,1677,3231583,3813,237253,5490,3468836,7389,7556.57,17565245,14096409,0
"2022-05-03",1122,7212043,864,6300658,61,585714,2000,3233583,4858,242111,6858,3475694,8905,7639,17574150,14098456,0
"2022-05-04",1019,7213062,882,6301540,48,585762,1920,3235503,4644,246755,6564,3482258,8513,7529.57,17582663,14100405,0
"2022-05-05",1075,7214137,956,6302496,87,585849,1929,3237432,4871,251626,6800,3489058,8918,7537.86,17591581,14102523,0
"2022-05-06",1095,7215232,961,6303457,51,585900,1868,3239300,4383,256009,6251,3495309,8358,7316,17599939,14104630,0
"2022-05-07",660,7215892,593,6304050,32,585932,1205,3240505,2424,258433,3629,3498938,4914,7178.86,17604853,14105915,0
"2022-05-08",415,7216307,246,6304296,17,585949,667,3241172,1380,259813,2047,3500985,2725,7103.14,17607578,14106593,0
"2022-05-09",1084,7217391,947,6305243,60,586009,1892,3243064,4421,264234,6313,3507298,8404,7248.14,17615982,14108684,0
"2022-05-10",1099,7218490,932,6306175,54,586063,1986,3245050,4712,268946,6698,3513996,8783,7230.71,17624765,14110769,0
"2022-05-11",1095,7219585,979,6307154,44,586107,1946,3246996,4827,273773,6773,3520769,8891,7284.71,17633656,14112887,0
"2022-05-12",1109,7220694,950,6308104,60,586167,2001,3248997,4657,278430,6658,3527427,8777,7264.57,17642433,14115006,0
"2022-05-13",1162,7221856,1043,6309147,44,586211,2063,3251060,4789,283219,6852,3534279,9101,7370.71,17651534,14117255,0
"2022-05-14",831,7222687,670,6309817,31,586242,1472,3252532,2944,286163,4416,3538695,5948,7518.43,17657482,14118787,0
"2022-05-15",512,7223199,357,6310174,22,586264,923,3253455,1646,287809,2569,3541264,3460,7623.43,17660942,14119678,0
"2022-05-16",1232,7224431,858,6311032,62,586326,1830,3255285,3857,291666,5687,3546951,7839,7542.71,17668781,14121830,0
"2022-05-17",1298,7225729,929,6311961,79,586405,2046,3257331,4877,296543,6923,3553874,9229,7606.43,17678010,14124136,0
"2022-05-18",1247,7226976,902,6312863,82,586487,2065,3259396,4926,301469,6991,3560865,9222,7653.71,17687232,14126367,0
"2022-05-19",1171,7228147,882,6313745,36,586523,2120,3261516,4717,306186,6837,3567702,8926,7675,17696158,14128456,0
"2022-05-20",1205,7229352,965,6314710,74,586597,2366,3263882,5195,311381,7561,3575263,9807,7775.86,17705965,14130702,0
"2022-05-21",839,7230191,650,6315360,23,586620,1724,3265606,3287,314668,5011,3580274,6524,7858.14,17712489,14132215,0
"2022-05-22",511,7230702,290,6315650,22,586642,1136,3266742,1838,316506,2974,3583248,3797,7906.29,17716286,14133038,0
"2022-05-23",1224,7231926,889,6316539,52,586694,2189,3268931,4696,321202,6885,3590133,9050,8079.29,17725336,14135203,0
"2022-05-24",1431,7233357,944,6317483,66,586760,2298,3271229,4466,325668,6764,3596897,9206,8076,17734542,14137645,0
"2022-05-25",1434,7234791,958,6318441,56,586816,2264,3273493,4246,329914,6510,3603407,8959,8038.43,17743501,14140094,0
"2022-05-26",1187,7235978,890,6319331,60,586876,2262,3275755,4132,334046,6394,3609801,8532,7982.14,17752033,14142232,0
"2022-05-27",1260,7237238,958,6320289,38,586914,2498,3278253,3898,337944,6396,3616197,8653,7817.29,17760686,14144489,0
"2022-05-28",721,7237959,516,6320805,19,586933,1780,3280033,2063,340007,3843,3620040,5099,7613.71,17765785,14145745,0
"2022-05-29",476,7238435,216,6321021,11,586944,760,3280793,1120,341127,1880,3621920,2583,7440.29,17768368,14146448,0
"2022-05-30",91,7238526,58,6321079,6,586950,138,3280931,145,341272,283,3622203,438,6210,17768806,14146603,0
"2022-05-31",1144,7239670,919,6321998,51,587001,1887,3282818,3055,344327,4942,3627145,7056,5902.86,17775862,14148717,0
"2022-06-01",1163,7240833,850,6322848,63,587064,1970,3284788,3410,347737,5380,3632525,7456,5688.14,17783318,14150793,0
"2022-06-02",1036,7241869,803,6323651,72,587136,1821,3286609,3162,350899,4983,3637508,6894,5454.14,17790212,14152704,0
"2022-06-03",1174,7243043,894,6324545,47,587183,2059,3288668,3483,354382,5542,3643050,7657,5311.86,17797869,14154819,0
"2022-06-04",728,7243771,584,6325129,26,587209,1553,3290221,1899,356281,3452,3646502,4792,5268,17802661,14156159,0
"2022-06-05",451,7244222,297,6325426,1,587210,879,3291100,979,357260,1858,3648360,2607,5271.43,17805268,14156908,0
"2022-06-06",1127,7245349,827,6326253,64,587274,1753,3292853,2730,359990,4483,3652843,6501,6137.57,17811769,14158926,0
"2022-06-07",1027,7246376,767,6327020,70,587344,1783,3294636,2561,362551,4344,3657187,6208,6016.43,17817977,14160790,0
"2022-06-08",1099,7247475,836,6327856,75,587419,1874,3296510,2737,365288,4611,3661798,6622,5897.29,17824599,14162801,0
"2022-06-09",1147,7248622,839,6328695,61,587480,2219,3298729,2683,367971,4902,3666700,6949,5905.14,17831548,14164848,0
"2022-06-10",1053,7249675,820,6329515,75,587555,1881,3300610,2816,370787,4697,3671397,6645,5760.57,17838193,14166796,0
"2022-06-11",681,7250356,507,6330022,25,587580,1325,3301935,1502,372289,2827,3674224,4040,5653.14,17842233,14168009,0
"2022-06-12",352,7250708,288,6330310,21,587601,879,3302814,770,373059,1649,3675873,2310,5610.71,17844543,14168670,0
"2022-06-13",1034,7251742,771,6331081,63,587664,1569,3304383,2182,375241,3751,3679624,5620,5484.86,17850163,14170539,0
"2022-06-14",968,7252710,832,6331913,64,587728,1681,3306064,2494,377735,4175,3683799,6039,5460.71,17856202,14172403,0
"2022-06-15",980,7253690,867,6332780,39,587767,1659,3307723,2409,380144,4068,3687867,5954,5365.29,17862156,14174289,0
"2022-06-16",960,7254650,780,6333560,59,587826,1825,3309548,2357,382501,4182,3692049,5981,5227,17868137,14176088,0
"2022-06-17",906,7255556,796,6334356,48,587874,1754,3311302,2397,384898,4151,3696200,5902,5120.86,17874039,14177839,0
"2022-06-18",664,7256220,523,6334879,26,587900,1276,3312578,1292,386190,2568,3698768,3781,5083.86,17877820,14179052,0
"2022-06-19",351,7256571,236,6335115,16,587916,727,3313305,603,386793,1330,3700098,1933,5030,17879753,14179655,0
"2022-06-20",837,7257408,490,6335605,41,587957,1569,3314874,1612,388405,3181,3703279,4549,4877,17884302,14181023,0
"2022-06-21",1139,7258547,740,6336345,50,588007,1693,3316567,2130,390535,3823,3707102,5753,4836.14,17890055,14182953,0
"2022-06-22",1971,7260518,829,6337174,46,588053,1694,3318261,1987,392522,3681,3710783,6527,4918,17896582,14185799,0
"2022-06-23",2124,7262642,762,6337936,65,588118,1697,3319958,2143,394665,3840,3714623,6792,5033.86,17903374,14188751,0
"2022-06-24",2187,7264829,757,6338693,48,588166,1622,3321580,2144,396809,3766,3718389,6758,5156.14,17910132,14191743,0
"2022-06-25",2138,7266967,495,6339188,15,588181,1234,3322814,1138,397947,2372,3720761,5024,5333.71,17915156,14194395,0
"2022-06-26",1212,7268179,250,6339438,14,588195,682,3323496,530,398477,1212,3721973,2688,5441.57,17917844,14195871,0
"2022-06-27",1539,7269718,655,6340093,60,588255,1460,3324956,1643,400120,3103,3725076,5357,5557,17923201,14198125,0
"2022-06-28",1694,7271412,833,6340926,54,588309,1848,3326804,2139,402259,3987,3729063,6568,5673.43,17929769,14200706,0
"2022-06-29",1861,7273273,774,6341700,48,588357,1714,3328518,1917,404176,3631,3732694,6314,5643,17936083,14203389,0
"2022-06-30",1866,7275139,805,6342505,46,588403,1732,3330250,2120,406296,3852,3736546,6569,5611.14,17942652,14206106,0
"2022-07-01",1597,7276736,598,6343103,26,588429,1388,3331638,1722,408018,3110,3739656,5331,5407.29,17947983,14208327,0
"2022-07-02",973,7277709,385,6343488,18,588447,834,3332472,926,408944,1760,3741416,3136,5137.57,17951119,14209703,0
"2022-07-03",530,7278239,205,6343693,7,588454,458,3332930,487,409431,945,3742361,1687,4994.57,17952806,14210445,0
"2022-07-04",36,7278275,26,6343719,1,588455,30,3332960,38,409469,68,3742429,131,4248,17952937,14210508,0
"2022-07-05",1285,7279560,754,6344473,35,588490,1402,3334362,1736,411205,3138,3745567,5212,4054.29,17958149,14212582,0
"2022-07-06",1612,7281172,679,6345152,44,588534,1441,3335803,1834,413039,3275,3748842,5610,3953.71,17963759,14214917,0
"2022-07-07",1592,7282764,716,6345868,48,588582,1525,3337328,1994,415033,3519,3752361,5875,3854.57,17969634,14217273,0
"2022-07-08",1630,7284394,649,6346517,37,588619,1468,3338796,1971,417004,3439,3755800,5757,3915.43,17975391,14219591,0
"2022-07-09",983,7285377,422,6346939,26,588645,877,3339673,1341,418345,2218,3758018,3649,3988.71,17979040,14221022,0
"2022-07-10",639,7286016,187,6347126,17,588662,429,3340102,660,419005,1089,3759107,1932,4023.71,17980972,14221865,0
"2022-07-11",1397,7287413,635,6347761,49,588711,1429,3341531,2206,421211,3635,3762742,5716,4821.57,17986688,14223946,0
"2022-07-12",1401,7288814,687,6348448,45,588756,1397,3342928,2510,423721,3907,3766649,6040,4939.86,17992728,14226079,0
"2022-07-13",1621,7290435,729,6349177,36,588792,1511,3344439,2803,426524,4314,3770963,6700,5095.57,17999428,14228465,0
"2022-07-14",1592,7292027,841,6350018,47,588839,1596,3346035,3053,429577,4649,3775612,7130,5274.86,18006558,14230946,0
"2022-07-15",1618,7293645,934,6350952,46,588885,1559,3347594,3041,432618,4600,3780212,7198,5480.71,18013756,14233544,0
"2022-07-16",882,7294527,584,6351536,9,588894,973,3348567,1691,434309,2664,3782876,4139,5550.71,18017895,14235019,0
"2022-07-17",550,7295077,293,6351829,16,588910,529,3349096,1164,435473,1693,3784569,2552,5639.29,18020447,14235878,0
"2022-07-18",1397,7296474,842,6352671,45,588955,1430,3350526,2442,437915,3872,3788441,6156,5702.14,18026603,14238162,0
"2022-07-19",1441,7297915,976,6353647,51,589006,1537,3352063,2796,440711,4333,3792774,6801,5810.86,18033404,14240630,0
"2022-07-20",1384,7299299,1480,6355127,50,589056,1347,3353410,2383,443094,3730,3796504,6645,5803,18040049,14243545,0
"2022-07-21",1333,7300632,1434,6356561,47,589103,1389,3354799,2358,445452,3747,3800251,6561,5721.71,18046610,14246359,0
"2022-07-22",1430,7302062,1564,6358125,41,589144,1555,3356354,2839,448291,4394,3804645,7429,5754.71,18054039,14249394,0
"2022-07-23",905,7302967,1092,6359217,17,589161,995,3357349,1549,449840,2544,3807189,4558,5814.57,18058597,14251408,0
"2022-07-24",490,7303457,640,6359857,14,589175,501,3357850,803,450643,1304,3808493,2449,5799.86,18061046,14252553,0
"2022-07-25",1211,7304668,767,6360624,59,589234,1260,3359110,2053,452696,3313,3811806,5350,5684.71,18066396,14254590,0
"2022-07-26",1230,7305898,1018,6361642,41,589275,1463,3360573,2428,455124,3891,3815697,6180,5596,18072576,14256879,0
"2022-07-27",1318,7307216,1271,6362913,41,589316,1380,3361953,2185,457309,3565,3819262,6197,5532,18078773,14259511,0
"2022-07-28",1310,7308526,1413,6364326,71,589387,1417,3363370,2204,459513,3621,3822883,6415,5511.14,18085188,14262305,0
"2022-07-29",1316,7309842,1427,6365753,64,589451,1344,3364714,2130,461643,3474,3826357,6282,5347.29,18091470,14265113,0
"2022-07-30",724,7310566,714,6366467,25,589476,784,3365498,945,462588,1729,3828086,3195,5152.57,18094665,14266579,0
"2022-07-31",423,7310989,591,6367058,14,589490,487,3365985,570,463158,1057,3829143,2085,5100.57,18096750,14267607,0
"2022-08-01",1224,7312213,907,6367965,55,589545,1320,3367305,1501,464659,2821,3831964,5007,5051.57,18101757,14269793,0
"2022-08-02",1220,7313433,1011,6368976,73,589618,1333,3368638,1590,466249,2923,3834887,5227,4915.43,18106984,14272097,0
"2022-08-03",1265,7314698,1183,6370159,41,589659,1337,3369975,1518,467767,2855,3837742,5344,4793.57,18112328,14274586,0
"2022-08-04",1183,7315881,1178,6371337,57,589716,1283,3371258,1445,469212,2728,3840470,5146,4612.29,18117474,14277004,0
"2022-08-05",1301,7317182,1444,6372781,48,589764,1306,3372564,1435,470647,2741,3843211,5534,4505.43,18123008,14279797,0
"2022-08-06",687,7317869,838,6373619,14,589778,758,3373322,769,471416,1527,3844738,3067,4487.14,18126075,14281337,0
"2022-08-07",392,7318261,456,6374075,14,589792,421,3373743,352,471768,773,3845511,1635,4422.86,18127710,14282199,0
"2022-08-08",1179,7319440,929,6375004,70,589862,1267,3375010,1167,472935,2434,3847945,4612,4366.43,18132322,14284377,0
"2022-08-09",1124,7320564,893,6375897,38,589900,1220,3376230,1157,474092,2377,3850322,4432,4252.86,18136754,14286432,0
"2022-08-10",1206,7321770,1105,6377002,58,589958,1249,3377479,1240,475332,2489,3852811,4858,4183.43,18141612,14288801,0
"2022-08-11",1294,7323064,1061,6378063,84,590042,1206,3378685,1276,476608,2482,3855293,4921,4151.29,18146533,14291240,0
"2022-08-12",1318,7324382,1402,6379465,54,590096,1259,3379944,1235,477843,2494,3857787,5268,4113.29,18151801,14294014,0
"2022-08-13",754,7325136,779,6380244,15,590111,759,3380703,626,478469,1385,3859172,2933,4094.14,18154734,14295562,0
"2022-08-14",486,7325622,482,6380726,19,590130,404,3381107,279,478748,683,3859855,1670,4099.14,18156404,14296549,0
"2022-08-15",1269,7326891,1038,6381764,60,590190,1292,3382399,980,479728,2272,3862127,4639,4103,18161043,14298916,0
"2022-08-16",1298,7328189,862,6382626,50,590240,1358,3383757,1069,480797,2427,3864554,4637,4132.29,18165680,14301126,0
"2022-08-17",1207,7329396,953,6383579,39,590279,1223,3384980,978,481775,2201,3866755,4400,4066.86,18170080,14303325,0
"2022-08-18",1149,7330545,939,6384518,44,590323,1255,3386235,936,482711,2191,3868946,4323,3981.43,18174403,14305457,0
"2022-08-19",1237,7331782,1131,6385649,34,590357,1109,3387344,956,483667,2065,3871011,4467,3867,18178870,14307859,0
"2022-08-20",582,7332364,481,6386130,16,590373,627,3387971,499,484166,1126,3872137,2205,3763,18181075,14308938,0
"2022-08-21",352,7332716,245,6386375,9,590382,376,3388347,263,484429,639,3872776,1245,3702.29,18182320,14309544,0
"2022-08-22",1195,7333911,914,6387289,37,590419,1225,3389572,875,485304,2100,3874876,4246,3646.14,18186566,14311690,0
"2022-08-23",1223,7335134,1042,6388331,47,590466,1373,3390945,952,486256,2325,3877201,4638,3646.29,18191204,14314003,0
"2022-08-24",1260,7336394,1001,6389332,29,590495,1281,3392226,805,487061,2086,3879287,4377,3643,18195581,14316294,0
"2022-08-25",1212,7337606,964,6390296,62,590557,1183,3393409,800,487861,1983,3881270,4221,3628.43,18199802,14318532,0
"2022-08-26",1173,7338779,1162,6391458,53,590610,1177,3394586,774,488635,1951,3883221,4339,3610.14,18204141,14320920,0
"2022-08-27",680,7339459,527,6391985,13,590623,669,3395255,402,489037,1071,3884292,2291,3622.43,18206432,14322140,0
"2022-08-28",371,7339830,232,6392217,10,590633,443,3395698,221,489258,664,3884956,1277,3627,18207709,14322753,0
"2022-08-29",1144,7340974,908,6393125,40,590673,1114,3396812,603,489861,1717,3886673,3810,3564.71,18211519,14324846,0
"2022-08-30",1235,7342209,924,6394049,35,590708,1247,3398059,766,490627,2013,3888686,4207,3503.14,18215726,14327040,0
"2022-08-31",1128,7343337,989,6395038,43,590751,1082,3399141,569,491196,1651,3890337,3811,3422.29,18219537,14329200,0
"2022-09-01",995,7344332,937,6395975,51,590802,794,3399935,450,491646,1244,3891581,3227,3280.29,18222764,14331183,0
"2022-09-02",929,7345261,996,6396971,27,590829,579,3400514,176,491822,755,3892336,2707,3047.14,18225471,14333135,0
"2022-09-03",485,7345746,406,6397377,12,590841,359,3400873,50,491872,409,3892745,1312,2907.29,18226783,14334038,0
"2022-09-04",225,7345971,196,6397573,10,590851,189,3401062,32,491904,221,3892966,652,2818,18227435,14334469,0
"2022-09-05",73,7346044,67,6397640,7,590858,45,3401107,16,491920,61,3893027,208,2303.43,18227643,14334616,0
"2022-09-06",954,7346998,1131,6398771,48,590906,622,3401729,136,492056,758,3893785,2896,2116.14,18230539,14336754,0
"2022-09-07",835,7347833,961,6399732,38,590944,454,3402183,150,492206,604,3894389,2454,1922.29,18232993,14338604,0
"2022-09-08",707,7348540,695,6400427,36,590980,237,3402420,107,492313,344,3894733,1813,1720.29,18234806,14340073,0
"2022-09-09",713,7349253,992,6401419,49,591029,245,3402665,118,492431,363,3895096,2220,1650.71,18237026,14341930,0
"2022-09-10",391,7349644,547,6401966,12,591041,234,3402899,55,492486,289,3895385,1285,1646.86,18238311,14342926,0
"2022-09-11",172,7349816,201,6402167,11,591052,81,3402980,31,492517,112,3895497,526,1628.86,18238837,14343340,0
"2022-09-12",623,7350439,677,6402844,37,591089,187,3403167,92,492609,279,3895776,1677,1838.71,18240514,14344738,0
"2022-09-13",631,7351070,711,6403555,30,591119,211,3403378,111,492720,322,3896098,1795,1681.43,18242309,14346211,0
"2022-09-14",610,7351680,729,6404284,29,591148,210,3403588,120,492840,330,3896428,1823,1591.29,18244132,14347704,0
"2022-09-15",654,7352334,648,6404932,17,591165,210,3403798,108,492948,318,3896746,1788,1587.71,18245920,14349174,120000
"2022-09-16",666,7353000,882,6405814,19,591184,244,3404042,161,493109,405,3897151,2201,1585,18248121,14350970,120000
"2022-09-17",267,7353267,464,6406278,9,591193,236,3404278,52,493161,288,3897439,1120,1561.43,18249241,14351802,120000
"2022-09-18",134,7353401,147,6406425,7,591200,54,3404332,22,493183,76,3897515,386,1541.43,18249627,14352112,120000
"2022-09-19",587,7353988,545,6406970,27,591227,208,3404540,92,493275,300,3897815,1521,1519.14,18251148,14353333,120000
"2022-09-20",576,7354564,633,6407603,20,591247,200,3404740,83,493358,283,3898098,1629,1495.43,18252777,14354679,120000
"2022-09-21",251,7354815,242,6407845,7,591254,71,3404811,65,493423,136,3898234,699,1334.86,18253476,14355242,120000
