"DATE","ADMIN_DOSE1_DAILY","ADMIN_DOSE1_CUMULATIVE","ADMIN_DOSE2_DAILY","ADMIN_DOSE2_CUMULATIVE","ADMIN_SINGLE_DAILY","ADMIN_SINGLE_CUMULATIVE","ADMIN_ADDITIONAL1_DAILY","ADMIN_ADDITIONAL1_CUMULATIVE","ADMIN_ADDITIONAL2_DAILY","ADMIN_ADDITIONAL2_CUMULATIVE","ADMIN_ADDITIONAL_DAILY","ADMIN_ADDITIONAL_CUMULATIVE","ADMIN_BIVALENT_ADDITIONAL_DAILY","ADMIN_BIVALENT_ADDITIONAL_CUMULATIVE","ADMIN_ALLDOSES_DAILY","ADMIN_ALLDOSES_7DAYAVG","ADMIN_ALLDOSES_CUMULATIVE","ADMIN_ALLDOSES_PRIMARY","INCOMPLETE"
2020-12-14,79,79,0,0,2,2,0,0,0,0,0,0,0,0,81,,81,81,0
2020-12-15,2052,2131,7,7,5,7,0,0,0,0,0,0,0,0,2064,,2145,2145,0
2020-12-16,4605,6736,16,23,4,11,1,1,0,0,1,1,0,0,4626,,6771,6770,0
2020-12-17,4661,11397,18,41,2,13,1,2,0,0,1,2,0,0,4682,,11453,11451,0
2020-12-18,5836,17233,18,59,2,15,2,4,0,0,2,4,0,0,5858,,17311,17307,0
2020-12-19,1687,18920,9,68,3,18,0,4,0,0,0,4,0,0,1699,,19010,19006,0
2020-12-20,1117,20037,2,70,1,19,0,4,0,0,0,4,0,0,1120,2875.71,20130,20126,0
2020-12-21,6392,26429,20,90,0,19,5,9,0,0,5,9,0,0,6417,3780.86,26547,26538,0
2020-12-22,9765,36194,28,118,2,21,1,10,0,0,1,10,0,0,9796,4885.43,36343,36333,0
2020-12-23,14276,50470,37,155,3,24,0,10,0,0,0,10,0,0,14316,6269.71,50659,50649,0
2020-12-24,7170,57640,28,183,1,25,0,10,0,0,0,10,0,0,7199,6629.29,57858,57848,0
2020-12-25,180,57820,0,183,0,25,1,11,0,0,1,11,0,0,181,5818.29,58039,58028,0
2020-12-26,4393,62213,45,228,0,25,1,12,0,0,1,12,0,0,4439,6209.71,62478,62466,0
2020-12-27,3870,66083,14,242,0,25,1,13,0,0,1,13,0,0,3885,6604.71,66363,66350,0
2020-12-28,10992,77075,51,293,1,26,3,16,0,0,3,16,0,0,11047,7266.14,77410,77394,0
2020-12-29,10712,87787,37,330,2,28,3,19,0,0,3,19,0,0,10754,7403,88164,88145,0
2020-12-30,12822,100609,44,374,0,28,0,19,0,0,0,19,0,0,12866,7195.86,101030,101011,0
2020-12-31,7259,107868,37,411,1,29,0,19,0,0,0,19,0,0,7297,7209.86,108327,108308,0
2021-01-01,178,108046,2,413,1,30,3,22,0,0,3,22,0,0,184,7210.29,108511,108489,0
2021-01-02,3809,111855,10,423,3,33,2,24,0,0,2,24,0,0,3824,7122.43,112335,112311,0
2021-01-03,3541,115396,25,448,2,35,1,25,0,0,1,25,0,0,3569,7077.29,115904,115879,0
2021-01-04,12253,127649,809,1257,2,37,7,32,0,0,7,32,0,0,13071,7366.43,128975,128943,0
2021-01-05,14089,141738,2196,3453,2,39,14,46,1,1,15,47,0,0,16302,8159,145277,145230,0
2021-01-06,17796,159534,3930,7383,1,40,31,77,8,9,39,86,0,0,21766,9430.43,167043,166957,0
2021-01-07,16539,176073,5182,12565,4,44,47,124,3,12,50,136,0,0,21775,11498.71,188818,188682,0
2021-01-08,16610,192683,5461,18026,0,44,36,160,4,16,40,176,0,0,22111,14631.14,210929,210753,0
2021-01-09,7648,200331,1466,19492,1,45,7,167,2,18,9,185,0,0,9124,15388.29,220053,219868,0
2021-01-10,7880,208211,980,20472,0,45,13,180,0,18,13,198,0,0,8873,16146,228926,228728,0
2021-01-11,25809,234020,7460,27932,2,47,56,236,8,26,64,262,0,0,33335,19040.86,262261,261999,0
2021-01-12,28244,262264,7866,35798,1,48,45,281,4,30,49,311,0,0,36160,21877.71,298421,298110,0
2021-01-13,31708,293972,9419,45217,1,49,59,340,5,35,64,375,0,0,41192,24652.86,339613,339238,0
2021-01-14,35800,329772,5298,50515,1,50,34,374,7,42,41,416,0,0,41140,27419.29,380753,380337,0
2021-01-15,29247,359019,3716,54231,2,52,32,406,5,47,37,453,0,0,33002,28975.14,413755,413302,0
2021-01-16,30267,389286,2395,56626,0,52,24,430,6,53,30,483,0,0,32692,32342,446447,445964,0
2021-01-17,23733,413019,1642,58268,0,52,20,450,1,54,21,504,0,0,25396,34702.43,471843,471339,0
2021-01-18,27089,440108,2424,60692,0,52,37,487,7,61,44,548,0,0,29558,34162.86,501401,500853,0
2021-01-19,34278,474386,9639,70331,1,53,70,557,7,68,77,625,0,0,43995,35282.14,545396,544771,0
2021-01-20,34854,509240,9504,79835,1,54,61,618,3,71,64,689,0,0,44423,35743.71,589819,589130,0
2021-01-21,25576,534816,8098,87933,2,56,54,672,5,76,59,748,0,0,33735,34685.86,623554,622806,0
2021-01-22,24744,559560,4386,92319,1,57,31,703,7,83,38,786,0,0,29169,34138.29,652723,651937,0
2021-01-23,15740,575300,3225,95544,0,57,11,714,2,85,13,799,0,0,18978,32179.14,671701,670902,0
2021-01-24,7174,582474,3458,99002,0,57,19,733,1,86,20,819,0,0,10652,30072.86,682353,681534,0
2021-01-25,13400,595874,11828,110830,0,57,68,801,13,99,81,900,0,0,25309,29465.86,707662,706762,0
2021-01-26,16750,612624,10760,121590,0,57,71,872,3,102,75,975,0,0,27585,27121.57,735247,734273,0
2021-01-27,20829,633453,12357,133947,0,57,53,925,9,111,62,1037,0,0,33250,25525.43,768497,767461,0
2021-01-28,30750,664203,12857,146804,0,57,81,1006,16,127,97,1134,0,0,43707,26950,812204,811071,0
2021-01-29,31677,695880,11513,158317,0,57,84,1090,11,138,95,1229,0,0,43285,28966.57,855489,854261,0
2021-01-30,18705,714585,3745,162062,0,57,21,1111,2,140,24,1253,0,0,22474,29466,877963,876712,0
2021-01-31,13007,727592,2927,164989,1,58,30,1141,5,145,35,1288,0,0,15970,30225.71,893933,892647,0
2021-02-01,1180,728772,5398,170387,4,62,38,1179,5,150,43,1331,0,0,6625,27556.57,900558,899229,0
2021-02-02,2821,731593,9445,179832,2,64,51,1230,3,153,54,1385,0,0,12322,25376.14,912880,911497,0
2021-02-03,16343,747936,21238,201070,4,68,212,1442,22,175,234,1619,0,0,37819,26028.86,950699,949082,0
2021-02-04,27036,774972,19651,220721,3,71,207,1649,10,185,217,1836,0,0,46907,26486,997606,995772,0
2021-02-05,27578,802550,20033,240754,0,71,191,1840,15,200,207,2043,0,0,47818,27133.57,1045424,1043384,0
2021-02-06,22979,825529,11249,252003,0,71,117,1957,12,212,129,2172,0,0,34357,28831.14,1079781,1077612,0
2021-02-07,12030,837559,8285,260288,1,72,97,2054,13,225,111,2283,0,0,20427,29467.86,1100208,1097929,0
2021-02-08,16945,854504,23521,283809,2,74,239,2293,35,260,275,2558,0,0,40743,34341.86,1140951,1138398,0
2021-02-09,17289,871793,28095,311904,2,76,351,2644,42,302,396,2954,0,0,45782,39121.86,1186733,1183787,0
2021-02-10,19584,891377,29303,341207,2,78,270,2914,52,354,325,3279,0,0,49215,40749.86,1235948,1232680,0
2021-02-11,27831,919208,33464,374671,2,80,348,3262,59,413,407,3686,0,0,61706,42864,1297654,1293979,0
2021-02-12,38355,957563,30811,405482,3,83,362,3624,41,454,404,4090,0,0,69573,45971.86,1367227,1363149,0
2021-02-13,27990,985553,25312,430794,2,85,313,3937,57,511,371,4461,0,0,53676,48731.71,1420903,1416455,0
2021-02-14,16260,1001813,23722,454516,0,85,279,4216,34,545,313,4774,0,0,40295,51570,1461198,1456437,0
2021-02-15,12795,1014608,10523,465039,2,87,179,4395,24,569,204,4978,0,0,23524,49110.14,1484722,1479758,0
2021-02-16,14233,1028841,26709,491748,0,87,341,4736,41,610,383,5361,0,0,41325,48473.43,1526047,1520701,0
2021-02-17,16382,1045223,22196,513944,1,88,287,5023,40,650,327,5688,0,0,38906,47000.71,1564953,1559280,0
2021-02-18,12138,1057361,24984,538928,21,109,302,5325,45,695,347,6035,0,0,37490,43541.29,1602443,1596423,0
2021-02-19,13248,1070609,23927,562855,38,147,314,5639,48,743,362,6397,0,0,37575,38970.14,1640018,1633636,0
2021-02-20,11347,1081956,26070,588925,6,153,335,5974,77,820,414,6811,0,0,37838,36707.57,1677856,1671062,0
2021-02-21,6357,1088313,17409,606334,15,168,295,6269,46,866,342,7153,0,0,24123,34397.29,1701979,1694844,0
2021-02-22,13040,1101353,11837,618171,2,170,134,6403,21,887,155,7308,0,0,25034,34613,1727013,1719723,0
2021-02-23,25243,1126596,14135,632306,1,171,166,6569,35,922,202,7510,0,0,39582,34364,1766595,1759104,0
2021-02-24,36341,1162937,20395,652701,0,171,231,6800,43,965,275,7785,0,0,57011,36950.43,1823606,1815841,0
2021-02-25,54576,1217513,30400,683101,6,177,408,7208,67,1032,476,8261,0,0,85458,43803,1909064,1900824,0
2021-02-26,62829,1280342,31878,714979,4,181,419,7627,77,1109,499,8760,0,0,95210,52036.57,2004274,1995538,0
2021-02-27,51268,1331610,22748,737727,47,228,354,7981,53,1162,408,9168,0,0,74471,57269.86,2078745,2069602,0
2021-02-28,44559,1376169,13844,751571,7,235,206,8187,37,1199,243,9411,0,0,58653,62202.71,2137398,2128012,0
2021-03-01,39305,1415474,12784,764355,10,245,170,8357,24,1223,194,9605,0,0,52293,66096.86,2189691,2180111,0
2021-03-02,47073,1462547,12581,776936,7,252,158,8515,15,1238,173,9778,0,0,59834,68990,2249525,2239772,0
2021-03-03,48589,1511136,16157,793093,17,269,154,8669,21,1259,175,9953,0,0,64938,70122.43,2314463,2304535,0
2021-03-04,59803,1570939,22816,815909,1092,1361,277,8946,36,1295,314,10267,0,0,84025,69917.71,2398488,2388247,0
2021-03-05,60953,1631892,24286,840195,3107,4468,340,9286,36,1331,378,10645,0,0,88724,68991.14,2487212,2476595,0
2021-03-06,47153,1679045,18884,859079,5451,9919,245,9531,40,1371,285,10930,0,0,71773,68605.71,2558985,2548083,0
2021-03-07,36027,1715072,14881,873960,6244,16163,238,9769,21,1392,261,11191,0,0,57413,68428.57,2616398,2605237,0
2021-03-08,39609,1754681,14685,888645,8558,24721,318,10087,93,1485,416,11607,0,0,63268,69996.43,2679666,2668094,0
2021-03-09,39084,1793765,12858,901503,7759,32480,185,10272,35,1520,221,11828,0,0,59922,70009,2739588,2727796,0
2021-03-10,51814,1845579,15363,916866,5064,37544,229,10501,34,1554,265,12093,0,0,72506,71090.14,2812094,2800039,0
2021-03-11,59962,1905541,21826,938692,4619,42163,257,10758,48,1602,307,12400,0,0,86714,71474.29,2898808,2886448,0
2021-03-12,52180,1957721,30303,968995,4182,46345,388,11146,86,1688,474,12874,0,0,87139,71247.86,2985947,2973113,0
2021-03-13,40638,1998359,26683,995678,5110,51455,333,11479,54,1742,387,13261,0,0,72819,71397.29,3058766,3045545,0
2021-03-14,30699,2029058,15971,1011649,4524,55979,250,11729,28,1770,280,13541,0,0,51475,70549,3110241,3096742,0
2021-03-15,33689,2062747,17262,1028911,4707,60686,240,11969,33,1803,273,13814,0,0,55931,69500.86,3166172,3152400,0
2021-03-16,38658,2101405,20518,1049429,4925,65611,264,12233,36,1839,301,14115,0,0,64402,70140.86,3230574,3216502,0
2021-03-17,42601,2144006,24791,1074220,4243,69854,351,12584,41,1880,393,14508,0,0,72028,70072.57,3302602,3288138,0
2021-03-18,50415,2194421,26807,1101027,5228,75082,386,12970,63,1943,449,14957,0,0,82899,69527.57,3385501,3370588,0
2021-03-19,47769,2242190,29966,1130993,5624,80706,402,13372,73,2016,475,15432,0,0,83835,69055.57,3469336,3453948,0
2021-03-20,38697,2280887,25834,1156827,4683,85389,305,13677,60,2076,366,15798,0,0,69580,68592.86,3538916,3523163,0
2021-03-21,29286,2310173,19356,1176183,769,86158,231,13908,45,2121,276,16074,0,0,49687,68337.43,3588603,3572574,0
2021-03-22,33852,2344025,26747,1202930,4037,90195,266,14174,38,2159,305,16379,0,0,64942,69624.71,3653545,3637212,0
2021-03-23,38416,2382441,32849,1235779,4215,94410,302,14476,53,2212,359,16738,0,0,75839,71258.57,3729384,3712696,0
2021-03-24,41475,2423916,37613,1273392,4843,99253,338,14814,64,2276,405,17143,0,0,84336,73016.86,3813720,3796630,0
2021-03-25,43391,2467307,50784,1324176,5050,104303,489,15303,88,2364,581,17724,0,0,99806,75432.14,3913526,3895859,0
2021-03-26,38487,2505794,55495,1379671,4307,108610,546,15849,104,2468,654,18378,0,0,98943,77590.43,4012469,3994152,0
2021-03-27,35727,2541521,45741,1425412,2938,111548,434,16283,84,2552,519,18897,0,0,84925,79782.57,4097394,4078559,0
2021-03-28,26376,2567897,34454,1459866,1482,113030,342,16625,66,2618,412,19309,0,0,62724,81645,4160118,4140875,0
2021-03-29,34805,2602702,38858,1498724,3245,116275,360,16985,113,2731,474,19783,0,0,77382,83422.14,4237500,4217784,0
2021-03-30,40491,2643193,41922,1540646,3713,119988,349,17334,66,2797,416,20199,0,0,86542,84951.14,4324042,4303911,0
2021-03-31,49372,2692565,44876,1585522,7438,127426,417,17751,85,2882,502,20701,0,0,102188,87501.43,4426230,4405597,0
2021-04-01,50764,2743329,53952,1639474,11272,138698,506,18257,86,2968,596,21297,0,0,116584,89898.29,4542814,4521589,0
2021-04-02,43750,2787079,53875,1693349,11967,150665,557,18814,71,3039,633,21930,0,0,110225,91510,4653039,4631186,0
2021-04-03,39235,2826314,39214,1732563,9860,160525,343,19157,60,3099,404,22334,0,0,88713,92051.14,4741752,4719496,0
2021-04-04,26549,2852863,24781,1757344,3903,164428,229,19386,50,3149,279,22613,0,0,55512,91020.86,4797264,4774729,0
2021-04-05,41863,2894726,34479,1791823,11195,175623,391,19777,60,3209,452,23065,0,0,87989,92536.14,4885253,4862267,0
2021-04-06,53244,2947970,35615,1827438,13215,188838,444,20221,79,3288,524,23589,0,0,102598,94829.86,4987851,4964342,0
2021-04-07,55480,3003450,40706,1868144,14385,203223,415,20636,82,3370,499,24088,0,0,111070,96098.71,5098921,5074915,0
2021-04-08,59235,3062685,46587,1914731,16337,219560,536,21172,89,3459,626,24714,0,0,122785,96984.57,5221706,5197075,0
2021-04-09,56626,3119311,44954,1959685,17557,237117,535,21707,80,3539,620,25334,0,0,119757,98346.29,5341463,5316217,0
2021-04-10,49331,3168642,35646,1995331,12718,249835,399,22106,62,3601,465,25799,0,0,98160,99695.86,5439623,5413916,0
2021-04-11,38162,3206804,28826,2024157,7679,257514,296,22402,62,3663,359,26158,0,0,75026,102483.57,5514649,5488584,0
2021-04-12,46623,3253427,31839,2055996,13498,271012,475,22877,68,3731,543,26701,0,0,92503,103128.43,5607152,5580544,0
2021-04-13,52525,3305952,33797,2089793,367,271379,403,23280,65,3796,469,27170,0,0,87158,100922.71,5694310,5667234,0
2021-04-14,50118,3356070,39958,2129751,20,271399,371,23651,78,3874,450,27620,0,0,90546,97990.71,5784856,5757331,0
2021-04-15,52097,3408167,43688,2173439,16,271415,460,24111,108,3982,573,28193,0,0,96375,94217.86,5881231,5853138,0
2021-04-16,51177,3459344,42202,2215641,32,271447,444,24555,72,4054,519,28712,0,0,93930,90528.29,5975161,5946552,0
2021-04-17,43826,3503170,35694,2251335,3,271450,371,24926,83,4137,456,29168,0,0,79979,87931,6055140,6026077,0
2021-04-18,28594,3531764,29363,2280698,7,271457,266,25192,66,4203,333,29501,0,0,58297,85541.14,6113437,6084042,0
2021-04-19,37449,3569213,36451,2317149,22,271479,337,25529,67,4270,406,29907,0,0,74328,82944.71,6187765,6157966,0
2021-04-20,40801,3610014,39626,2356775,19,271498,319,25848,82,4352,402,30309,0,0,80848,82043.29,6268613,6238413,0
2021-04-21,38878,3648892,46025,2402800,17,271515,507,26355,97,4449,605,30914,0,0,85525,81326,6354138,6323334,0
2021-04-22,38481,3687373,48964,2451764,9,271524,349,26704,77,4526,428,31342,0,0,87883,80112.86,6442021,6410791,0
2021-04-23,39684,3727057,44387,2496151,3,271527,357,27061,75,4601,434,31776,0,0,84508,78766.86,6526529,6494867,0
2021-04-24,31927,3758984,41606,2537757,44,271571,285,27346,62,4663,347,32123,0,0,73924,77901.86,6600453,6568444,0
2021-04-25,18414,3777398,31220,2568977,87,271658,201,27547,60,4723,261,32384,0,0,49982,76714,6650435,6618165,0
2021-04-26,26959,3804357,40723,2609700,1012,272670,303,27850,91,4814,399,32783,0,0,69093,75966.14,6719528,6686864,0
2021-04-27,28557,3832914,47132,2656832,1698,274368,369,28219,96,4910,470,33253,0,0,77857,75538.86,6797385,6764256,0
2021-04-28,27012,3859926,56846,2713678,2145,276513,446,28665,101,5011,550,33803,0,0,86554,75685.86,6883939,6850263,0
2021-04-29,28587,3888513,57200,2770878,2149,278662,379,29044,100,5111,481,34284,0,0,88417,75762.14,6972356,6938201,0
2021-04-30,30106,3918619,51988,2822866,2059,280721,292,29336,75,5186,368,34652,0,0,84522,75764.14,7056878,7022356,0
2021-05-01,22473,3941092,44537,2867403,1177,281898,237,29573,65,5251,304,34956,0,0,68491,74988,7125369,7090545,0
2021-05-02,11916,3953008,36642,2904045,1081,282979,152,29725,56,5307,210,35166,0,0,49849,74969,7175218,7140186,0
2021-05-03,18007,3971015,53023,2957068,2381,285360,266,29991,92,5399,360,35526,0,0,73773,75637.57,7248991,7213601,0
2021-05-04,22729,3993744,56646,3013714,2331,287691,272,30263,116,5515,389,35915,0,0,82095,76243,7331086,7295308,0
2021-05-05,21476,4015220,48751,3062465,2313,290004,318,30581,105,5620,424,36339,0,0,72965,74301.71,7404051,7367850,0
2021-05-06,20668,4035888,50177,3112642,2508,292512,280,30861,91,5711,375,36714,0,0,73728,72203.29,7477779,7441207,0
2021-05-07,21234,4057122,52102,3164744,2812,295324,318,31179,80,5791,399,37113,0,0,76547,71064,7554326,7517356,0
2021-05-08,16620,4073742,41866,3206610,1835,297159,236,31415,72,5863,308,37421,0,0,60629,69940.86,7614955,7577677,0
2021-05-09,7967,4081709,29404,3236014,1260,298419,156,31571,57,5920,213,37634,0,0,38844,68368.71,7653799,7616308,0
2021-05-10,14375,4096084,38523,3274537,2356,300775,250,31821,93,6013,347,37981,0,0,55601,65772.71,7709400,7671566,0
2021-05-11,19897,4115981,43064,3317601,2513,303288,289,32110,88,6101,382,38363,0,0,65856,63452.86,7775256,7737045,0
2021-05-12,17813,4133794,40538,3358139,3595,306883,238,32348,81,6182,319,38682,0,0,62265,61924.29,7837521,7798991,0
2021-05-13,24960,4158754,40423,3398562,3229,310112,271,32619,78,6260,351,39033,0,0,68963,61243.57,7906484,7867605,0
2021-05-14,27008,4185762,42943,3441505,3536,313648,274,32893,96,6356,372,39405,0,0,73859,60859.57,7980343,7941094,0
2021-05-15,23637,4209399,34923,3476428,3364,317012,260,33153,75,6431,336,39741,0,0,62260,61092.57,8042603,8003019,0
2021-05-16,15520,4224919,19454,3495882,2496,319508,124,33277,47,6478,172,39913,0,0,37642,60920.86,8080245,8040490,0
2021-05-17,22666,4247585,29140,3525022,3253,322761,186,33463,70,6548,256,40169,0,0,55315,60880,8135560,8095549,0
2021-05-18,24617,4272202,31908,3556930,3403,326164,244,33707,81,6629,325,40494,0,0,60253,60079.57,8195813,8155477,0
2021-05-19,24177,4296379,29724,3586654,3041,329205,232,33939,49,6678,282,40776,0,0,57224,59359.43,8253037,8212420,0
2021-05-20,24136,4320515,30104,3616758,3163,332368,273,34212,88,6766,366,41142,0,0,57769,57760.29,8310806,8269828,0
2021-05-21,24669,4345184,32002,3648760,3057,335425,252,34464,61,6827,316,41458,0,0,60044,55786.71,8370850,8329559,0
2021-05-22,20014,4365198,24371,3673131,2523,337948,167,34631,47,6874,215,41673,0,0,47123,53624.29,8417973,8376468,0
2021-05-23,11227,4376425,13735,3686866,1411,339359,93,34724,31,6905,126,41799,0,0,26499,52032.43,8444472,8402843,0
2021-05-24,18860,4395285,23164,3710030,2757,342116,219,34943,55,6960,277,42076,0,0,45058,50567.14,8489530,8447627,0
2021-05-25,19423,4414708,23385,3733415,2602,344718,174,35117,59,7019,233,42309,0,0,45643,48480,8535173,8493037,0
2021-05-26,18775,4433483,21090,3754505,2698,347416,205,35322,48,7067,255,42564,0,0,42818,46422,8577991,8535602,0
2021-05-27,18455,4451938,21282,3775787,2531,349947,183,35505,60,7127,244,42808,0,0,42512,44242.43,8620503,8577871,0
2021-05-28,17854,4469792,22881,3798668,2751,352698,190,35695,58,7185,249,43057,0,0,43735,41912.57,8664238,8621358,0
2021-05-29,12703,4482495,17815,3816483,1754,354452,106,35801,39,7224,146,43203,0,0,32418,39811.86,8696656,8653631,0
2021-05-30,7025,4489520,8948,3825431,1074,355526,50,35851,19,7243,69,43272,0,0,17116,38471.43,8713772,8670678,0
2021-05-31,4740,4494260,6922,3832353,1011,356537,65,35916,18,7261,83,43355,0,0,12756,33856.86,8726528,8683351,0
2021-06-01,16047,4510307,25190,3857543,2177,358714,158,36074,42,7303,204,43559,0,0,43618,33567.57,8770146,8726769,0
2021-06-02,15351,4525658,20399,3877942,2095,360809,141,36215,47,7350,188,43747,0,0,38033,32884,8808179,8764614,0
2021-06-03,14996,4540654,23823,3901765,2280,363089,131,36346,45,7395,178,43925,0,0,41277,32707.57,8849456,8805715,0
2021-06-04,14709,4555363,26003,3927768,2492,365581,151,36497,42,7437,194,44119,0,0,43398,32659.43,8892854,8848920,0
2021-06-05,10981,4566344,22102,3949870,1806,367387,115,36612,29,7466,145,44264,0,0,35034,33033.14,8927888,8883810,0
2021-06-06,6444,4572788,14486,3964356,1222,368609,88,36700,13,7479,102,44366,0,0,22254,33767.14,8950142,8905963,0
2021-06-07,11695,4584483,21790,3986146,2378,370987,142,36842,37,7516,182,44548,0,0,36045,37094.14,8986187,8941829,0
2021-06-08,12624,4597107,24022,4010168,2071,373058,126,36968,47,7563,174,44722,0,0,38891,36418.86,9025078,8980547,0
2021-06-09,11129,4608236,23028,4033196,2300,375358,139,37107,40,7603,181,44903,0,0,36638,36219.57,9061716,9017006,0
2021-06-10,12054,4620290,22241,4055437,2462,377820,142,37249,60,7663,202,45105,0,0,36959,35602.71,9098675,9053763,0
2021-06-11,12698,4632988,25125,4080562,2483,380303,159,37408,62,7725,222,45327,0,0,40528,35192.71,9139203,9094070,0
2021-06-12,10159,4643147,19318,4099880,1888,382191,96,37504,43,7768,141,45468,0,0,31506,34688.71,9170709,9125437,0
2021-06-13,4253,4647400,10936,4110816,1219,383410,42,37546,21,7789,63,45531,0,0,16471,33862.57,9187180,9141845,0
2021-06-14,10204,4657604,19237,4130053,2042,385452,131,37677,53,7842,184,45715,0,0,31667,33237.14,9218847,9173328,0
2021-06-15,11880,4669484,21019,4151072,1942,387394,132,37809,41,7883,174,45889,0,0,35015,32683.43,9253862,9208170,0
2021-06-16,11581,4681065,19403,4170475,1956,389350,150,37959,74,7957,224,46113,0,0,33164,32187.14,9287026,9241110,0
2021-06-17,11020,4692085,18760,4189235,1973,391323,127,38086,35,7992,164,46277,0,0,31917,31466.86,9318943,9272865,0
2021-06-18,12167,4704252,18497,4207732,2115,393438,118,38204,36,8028,155,46432,0,0,32934,30382,9351877,9305645,0
2021-06-19,8492,4712744,13517,4221249,1459,394897,88,38292,21,8049,109,46541,0,0,23577,29249.29,9375454,9329113,0
2021-06-20,4334,4717078,7159,4228408,924,395821,37,38329,16,8065,53,46594,0,0,12470,28677.71,9387924,9341530,0
2021-06-21,10153,4727231,10012,4238420,1806,397627,72,38401,28,8093,101,46695,0,0,22072,27307,9409996,9363502,0
2021-06-22,9833,4737064,15645,4254065,1589,399216,105,38506,30,8123,135,46830,0,0,27202,26190.86,9437198,9390569,0
2021-06-23,10306,4747370,15191,4269256,1863,401079,102,38608,31,8154,134,46964,0,0,27494,25380.86,9464692,9417930,0
2021-06-24,9682,4757052,14702,4283958,1798,402877,122,38730,26,8180,150,47114,0,0,26332,24583,9491024,9444114,0
2021-06-25,10584,4767636,14387,4298345,1721,404598,116,38846,38,8218,154,47268,0,0,26846,23713.29,9517870,9470806,0
2021-06-26,7797,4775433,10465,4308810,1249,405847,78,38924,23,8241,102,47370,0,0,19613,23147,9537483,9490318,0
2021-06-27,4998,4780431,6002,4314812,795,406642,34,38958,14,8255,49,47419,0,0,11844,23057.57,9549327,9502114,0
2021-06-28,9031,4789462,10347,4325159,1526,408168,109,39067,26,8281,136,47555,0,0,21040,22910.14,9570367,9523019,0
2021-06-29,9732,4799194,12331,4337490,1347,409515,125,39192,32,8313,159,47714,0,0,23569,22391.14,9593936,9546431,0
2021-06-30,9427,4808621,10932,4348422,1486,411001,149,39341,19,8332,171,47885,0,0,22016,21608.57,9615952,9568279,0
2021-07-01,9395,4818016,10924,4359346,1434,412435,133,39474,25,8357,160,48045,0,0,21913,20977.29,9637865,9590034,0
2021-07-02,9688,4827704,11457,4370803,1541,413976,119,39593,21,8378,140,48185,0,0,22827,20403.14,9660692,9612721,0
2021-07-03,7055,4834759,8421,4379224,1192,415168,79,39672,17,8395,96,48281,0,0,16764,19996.14,9677456,9629389,0
2021-07-04,1288,4836047,1334,4380558,567,415735,10,39682,3,8398,13,48294,0,0,3202,18761.57,9680658,9632578,0
2021-07-05,6492,4842539,7108,4387666,1207,416942,67,39749,22,8420,89,48383,0,0,14896,17883.86,9695554,9647385,0
2021-07-06,9508,4852047,12853,4400519,1315,418257,117,39866,38,8458,156,48539,0,0,23832,17921.43,9719386,9671062,0
2021-07-07,8661,4860708,11111,4411630,1418,419675,128,39994,20,8478,148,48687,0,0,21338,17824.57,9740724,9692252,0
2021-07-08,8218,4868926,10195,4421825,1258,420933,108,40102,22,8500,132,48819,0,0,19803,17523.14,9760527,9711925,0
2021-07-09,8373,4877299,10832,4432657,1280,422213,90,40192,20,8520,110,48929,0,0,20595,17204.29,9781122,9732410,0
2021-07-10,7099,4884398,8635,4441292,1131,423344,66,40258,20,8540,87,49016,0,0,16952,17231.14,9798074,9749276,0
2021-07-11,4103,4888501,4540,4445832,701,424045,37,40295,6,8546,43,49059,0,0,9387,18114.71,9807461,9758620,0
2021-07-12,8444,4896945,9561,4455393,1251,425296,84,40379,23,8569,107,49166,0,0,19363,18752.86,9826824,9777876,0
2021-07-13,9459,4906404,9394,4464787,952,426248,109,40488,35,8604,146,49312,0,0,19951,18198.43,9846775,9797683,0
2021-07-14,8995,4915399,9534,4474321,1010,427258,107,40595,22,8626,133,49445,0,0,19672,17960.43,9866447,9817226,0
2021-07-15,8793,4924192,9155,4483476,1053,428311,81,40676,20,8646,102,49547,0,0,19103,17860.43,9885550,9836228,0
2021-07-16,9247,4933439,9761,4493237,981,429292,102,40778,29,8675,131,49678,0,0,20120,17792.57,9905670,9856217,0
2021-07-17,6839,4940278,7386,4500623,803,430095,80,40858,20,8695,100,49778,0,0,15128,17532,9920798,9871245,0
2021-07-18,4253,4944531,4285,4504908,575,430670,36,40894,14,8709,50,49828,0,0,9163,17500,9929961,9880358,0
2021-07-19,9120,4953651,8480,4513388,999,431669,91,40985,22,8731,114,49942,0,0,18713,17407.14,9948674,9898958,0
2021-07-20,10642,4964293,8760,4522148,991,432660,96,41081,25,8756,122,50064,0,0,20515,17487.71,9969189,9919352,0
2021-07-21,10055,4974348,8770,4530918,904,433564,149,41230,33,8789,182,50246,0,0,19911,17521.86,9989100,9939081,0
2021-07-22,10685,4985033,8584,4539502,1046,434610,146,41376,27,8816,174,50420,0,0,20489,17719.86,10009589,9959397,0
2021-07-23,11247,4996280,8884,4548386,1114,435724,138,41514,23,8839,163,50583,0,0,21408,17903.86,10030997,9980644,0
2021-07-24,7399,5003679,6739,4555125,670,436394,82,41596,26,8865,109,50692,0,0,14917,17873.71,10045914,9995453,0
2021-07-25,5473,5009152,2129,4557254,509,436903,58,41654,4,8869,62,50754,0,0,8173,17732.29,10054087,10003564,0
2021-07-26,10867,5020019,7007,4564261,857,437760,111,41765,20,8889,131,50885,0,0,18862,17753.57,10072949,10022295,0
2021-07-27,12064,5032083,8573,4572834,857,438617,136,41901,40,8929,177,51062,0,0,21671,17918.71,10094620,10043790,0
2021-07-28,12010,5044093,8052,4580886,950,439567,136,42037,29,8958,166,51228,0,0,21178,18099.71,10115798,10064803,0
2021-07-29,10930,5055023,7433,4588319,983,440550,135,42172,40,8998,179,51407,0,0,19525,17962,10135323,10084153,0
2021-07-30,14948,5069971,8018,4596337,1151,441701,186,42358,31,9029,219,51626,0,0,24336,18380.29,10159659,10108272,0
2021-07-31,9720,5079691,6321,4602658,815,442516,122,42480,20,9049,143,51769,0,0,16999,18677.71,10176658,10125129,0
2021-08-01,6498,5086189,3313,4605971,564,443080,81,42561,21,9070,102,51871,0,0,10477,19006.86,10187135,10135504,0
2021-08-02,13446,5099635,7152,4613123,846,443926,150,42711,19,9089,169,52040,0,0,21613,19399.86,10208748,10156948,0
2021-08-03,15405,5115040,8392,4621515,1109,445035,144,42855,39,9128,184,52224,0,0,25090,19888.29,10233838,10181855,0
2021-08-04,17259,5132299,8129,4629644,1454,446489,183,43038,36,9164,219,52443,0,0,27061,20728.71,10260899,10208697,0
2021-08-05,17882,5150181,7934,4637578,1371,447860,159,43197,21,9185,180,52623,0,0,27367,21849,10288266,10235884,0
2021-08-06,18176,5168357,8418,4645996,1231,449091,169,43366,32,9217,201,52824,0,0,28026,22376.14,10316292,10263709,0
2021-08-07,13380,5181737,6019,4652015,799,449890,101,43467,29,9246,130,52954,0,0,20328,22851.71,10336620,10283907,0
2021-08-08,9309,5191046,3834,4655849,400,450290,84,43551,10,9256,94,53048,0,0,13637,23303.14,10350257,10297450,0
2021-08-09,21339,5212385,8528,4664377,965,451255,174,43725,34,9290,209,53257,0,0,31041,24650,10381298,10328283,0
2021-08-10,18946,5231331,9332,4673709,946,452201,180,43905,33,9323,214,53471,0,0,29438,25271.14,10410736,10357508,0
2021-08-11,15642,5246973,8313,4682022,853,453054,131,44036,45,9368,177,53648,0,0,24985,24974.57,10435721,10382317,0
2021-08-12,15051,5262024,8988,4691010,942,453996,177,44213,35,9403,214,53862,0,0,25195,24664.29,10460916,10407300,0
2021-08-13,14916,5276940,9293,4700303,919,454915,246,44459,38,9441,285,54147,0,0,25414,24291.14,10486330,10432430,0
2021-08-14,10393,5287333,6413,4706716,625,455540,534,44993,41,9482,578,54725,0,0,18009,23959.86,10504339,10449864,0
2021-08-15,6689,5294022,4484,4711200,676,456216,567,45560,33,9515,604,55329,0,0,12453,23790.71,10516792,10461717,0
2021-08-16,15706,5309728,9307,4720507,1150,457366,1329,46889,66,9581,1400,56729,0,0,27563,23293.86,10544355,10487885,0
2021-08-17,17757,5327485,10459,4730966,1229,458595,1775,48664,85,9666,1874,58603,0,0,31319,23562.57,10575674,10517344,0
2021-08-18,17480,5344965,10381,4741347,1260,459855,2002,50666,91,9757,2104,60707,0,0,31225,24454,10606899,10546476,0
2021-08-19,16286,5361251,9530,4750877,1315,461170,1960,52626,67,9824,2040,62747,0,0,29171,25022,10636070,10573620,0
2021-08-20,16266,5377517,11540,4762417,1253,462423,1868,54494,86,9910,1968,64715,0,0,31027,25823.86,10667097,10602693,0
2021-08-21,11142,5388659,8041,4770458,878,463301,1066,55560,53,9963,1126,65841,0,0,21187,26277.86,10688284,10622761,0
2021-08-22,4077,5392736,3903,4774361,261,463562,519,56079,33,9996,556,66397,0,0,8797,25755.57,10697081,10631006,0
2021-08-23,15574,5408310,11810,4786171,1022,464584,1551,57630,77,10073,1641,68038,0,0,30048,26110.57,10727129,10659426,0
2021-08-24,16914,5425224,12595,4798766,1007,465591,1777,59407,81,10154,1866,69904,0,0,32382,26262.43,10759511,10689950,0
2021-08-25,14567,5439791,12456,4811222,1112,466703,1569,60976,80,10234,1664,71568,0,0,29799,26058.71,10789310,10718100,0
2021-08-26,16147,5455938,14101,4825323,1071,467774,1779,62755,70,10304,1861,73429,0,0,33180,26631.43,10822490,10749431,0
2021-08-27,14872,5470810,14830,4840153,971,468745,1673,64428,75,10379,1756,75185,0,0,32429,26831.71,10854919,10780112,0
2021-08-28,10674,5481484,11525,4851678,835,469580,1020,65448,45,10424,1066,76251,0,0,24100,27247.86,10879019,10803147,0
2021-08-29,7209,5488693,7499,4859177,541,470121,782,66230,58,10482,849,77100,0,0,16098,28290.86,10895117,10818405,0
2021-08-30,15514,5504207,16926,4876103,1076,471197,1796,68026,94,10576,1898,78998,0,0,35414,29057.43,10930531,10851929,0
2021-08-31,15501,5519708,15962,4892065,951,472148,1982,70008,90,10666,2082,81080,0,0,34496,29359.43,10965027,10884353,0
2021-09-01,14826,5534534,14111,4906176,1020,473168,1814,71822,62,10728,1886,82966,0,0,31843,29651.43,10996870,10914320,0
2021-09-02,14313,5548847,12523,4918699,896,474064,1715,73537,64,10792,1795,84761,0,0,29527,29129.57,11026397,10942068,0
2021-09-03,14998,5563845,14315,4933014,974,475038,1900,75437,73,10865,1979,86740,0,0,32266,29106.29,11058663,10972361,0
2021-09-04,9644,5573489,9405,4942419,688,475726,977,76414,35,10900,1017,87757,0,0,20754,28628.29,11079417,10992103,0
2021-09-05,6794,5580283,5512,4947931,438,476164,719,77133,17,10917,737,88494,0,0,13481,28254.43,11092898,11004848,0
2021-09-06,5193,5585476,4512,4952443,358,476522,274,77407,11,10928,287,88781,0,0,10350,24673.86,11103248,11014913,0
2021-09-07,15566,5601042,17701,4970144,912,477434,1561,78968,93,11021,1662,90443,0,0,35841,24866,11139089,11049100,0
2021-09-08,16151,5617193,14828,4984972,1070,478504,1783,80751,84,11105,1879,92322,0,0,33928,25163.86,11173017,11081161,0
2021-09-09,16095,5633288,14758,4999730,1047,479551,1922,82673,75,11180,2008,94330,0,0,33908,25789.71,11206925,11113072,0
2021-09-10,18354,5651642,15401,5015131,1207,480758,1979,84652,83,11263,2069,96399,0,0,37031,26470.43,11243956,11148041,0
2021-09-11,12631,5664273,10351,5025482,958,481716,1031,85683,49,11312,1086,97485,0,0,25026,27080.71,11268982,11171987,0
2021-09-12,8533,5672806,5053,5030535,765,482481,694,86377,31,11343,726,98211,0,0,15077,27308.71,11284059,11186339,0
2021-09-13,16920,5689726,12966,5043501,976,483457,1661,88038,53,11396,1724,99935,0,0,32586,30485.29,11316645,11217211,0
2021-09-14,16261,5705987,13678,5057179,886,484343,1602,89640,57,11453,1671,101606,0,0,32496,30007.43,11349141,11248048,0
2021-09-15,15514,5721501,12893,5070072,727,485070,1577,91217,83,11536,1669,103275,0,0,30803,29561,11379944,11277191,0
2021-09-16,15332,5736833,13916,5083988,1210,486280,1470,92687,69,11605,1545,104820,0,0,32003,29288.86,11411947,11307655,0
2021-09-17,14428,5751261,13955,5097943,922,487202,1844,94531,58,11663,1904,106724,0,0,31209,28457.14,11443156,11336962,0
2021-09-18,9989,5761250,10187,5108130,913,488115,1052,95583,42,11705,1098,107822,0,0,22187,28051.57,11465343,11358055,0
2021-09-19,6170,5767420,6077,5114207,558,488673,748,96331,28,11733,781,108603,0,0,13586,27838.57,11478929,11370865,0
2021-09-20,12664,5780084,12633,5126840,1068,489741,1926,98257,62,11795,1997,110600,0,0,28362,27235.14,11507291,11397239,0
2021-09-21,12216,5792300,12772,5139612,1108,490849,2038,100295,79,11874,2132,112732,0,0,28228,26625.43,11535519,11423350,0
2021-09-22,12817,5805117,12008,5151620,1090,491939,1691,101986,69,11943,1766,114498,0,0,27681,26179.43,11563200,11449271,0
2021-09-23,14920,5820037,12767,5164387,1639,493578,2273,104259,76,12019,2356,116854,0,0,31682,26133.57,11594882,11478604,0
2021-09-24,16486,5836523,13366,5177753,1636,495214,4627,108886,126,12145,4772,121626,0,0,36260,26855.14,11631142,11510111,0
2021-09-25,10522,5847045,9030,5186783,1017,496231,3465,112351,81,12226,3562,125188,0,0,24131,27132.86,11655273,11530696,0
2021-09-26,6289,5853334,5767,5192550,773,497004,2425,114776,61,12287,2497,127685,0,0,15326,27381.43,11670599,11543536,0
2021-09-27,14132,5867466,8062,5200612,1155,498159,9086,123862,163,12450,9299,136984,0,0,32649,27993.86,11703248,11566936,0
2021-09-28,11107,5878573,11788,5212400,901,499060,9938,133800,181,12631,10157,147141,0,0,33953,28811.71,11737201,11590770,0
2021-09-29,11595,5890168,12195,5224595,1205,500265,9460,143260,173,12804,9667,156808,0,0,34663,29809.14,11771864,11615800,0
2021-09-30,12213,5902381,12612,5237207,1338,501603,9768,153028,178,12982,9981,166789,0,0,36144,30446.57,11808008,11641998,0
2021-10-01,12619,5915000,13431,5250638,1284,502887,10292,163320,152,13134,10480,177269,0,0,37814,30668.57,11845822,11669368,0
2021-10-02,7720,5922720,9981,5260619,865,503752,4244,167564,83,13217,4351,181620,0,0,22917,30495.14,11868739,11687958,0
2021-10-03,5056,5927776,6160,5266779,593,504345,2623,170187,59,13276,2692,184312,1,1,14502,30377.43,11883241,11699777,0
2021-10-04,9900,5937676,11019,5277798,914,505259,9538,179725,149,13425,9724,194036,0,1,31557,30221.43,11914798,11721647,0
2021-10-05,10134,5947810,11735,5289533,972,506231,9962,189687,179,13604,10184,204220,1,2,33026,30089,11947824,11744531,0
2021-10-06,9870,5957680,11052,5300585,937,507168,9951,199638,161,13765,10148,214368,0,2,32007,29709.57,11979831,11766426,0
2021-10-07,9595,5967275,12158,5312743,850,508018,10189,209827,173,13938,10395,224763,0,2,32998,29260.14,12012829,11789062,0
2021-10-08,9428,5976703,12186,5324929,941,508959,10921,220748,165,14103,11125,235888,0,2,33680,28669.57,12046509,11811656,0
2021-10-09,6228,5982931,8239,5333168,643,509602,4131,224879,89,14192,4237,240125,0,2,19347,28159.57,12065856,11826783,0
2021-10-10,3529,5986460,5029,5338197,458,510060,2439,227318,47,14239,2495,242620,0,2,11511,27732.29,12077367,11835808,0
2021-10-11,7596,5994056,9338,5347535,728,510788,8903,236221,166,14405,9092,251712,0,2,26754,27046.14,12104121,11853493,0
2021-10-12,8051,6002107,10994,5358529,891,511679,10533,246754,187,14592,10761,262473,0,2,30697,26713.43,12134818,11873470,0
2021-10-13,7131,6009238,10147,5368676,869,512548,8814,255568,182,14774,9026,271499,0,2,27173,26022.86,12161991,11891647,0
2021-10-14,7405,6016643,11121,5379797,837,513385,10134,265702,165,14939,10338,281837,0,2,29701,25551.86,12191692,11911049,0
2021-10-15,7704,6024347,11859,5391656,823,514208,10860,276562,175,15114,11068,292905,0,2,31454,25233.86,12223146,11931468,0
2021-10-16,4854,6029201,7467,5399123,665,514873,3851,280413,67,15181,3930,296835,0,2,16916,24886.57,12240062,11944466,0
2021-10-17,3050,6032251,4472,5403595,411,515284,2459,282872,43,15224,2509,299344,0,2,10442,24733.86,12250504,11952406,0
2021-10-18,7017,6039268,10670,5414265,797,516081,9500,292372,188,15412,9722,309066,0,2,28206,24941.29,12278710,11970924,0
2021-10-19,6550,6045818,8944,5423209,803,516884,9108,301480,177,15589,9325,318391,1,3,25623,24216.43,12304333,11987261,0
2021-10-20,6518,6052336,9369,5432578,975,517859,10003,311483,181,15770,10222,328613,3,6,27086,24204,12331419,12004160,0
2021-10-21,7012,6059348,9387,5441965,858,518717,10864,322347,159,15929,11056,339669,1,7,28314,24005.86,12359733,12021450,0
2021-10-22,8086,6067434,10343,5452308,1026,519743,16373,338720,222,16151,16649,356318,0,7,36104,24670.14,12395837,12040959,0
2021-10-23,5150,6072584,6457,5458765,690,520433,9134,347854,119,16270,9273,365591,0,7,21570,25335,12417407,12053276,0
2021-10-24,3250,6075834,3966,5462731,769,521202,6176,354030,80,16350,6280,371871,1,8,14266,25881.29,12431673,12061285,0
2021-10-25,8771,6084605,8745,5471476,1152,522354,19288,373318,301,16651,19657,391528,0,8,38325,27326.86,12469998,12080021,0
2021-10-26,8155,6092760,7722,5479198,1258,523612,17316,390634,278,16929,17664,409192,0,8,34799,28637.71,12504797,12097226,0
2021-10-27,10503,6103263,8395,5487593,1605,525217,20898,411532,327,17256,21294,430486,0,8,41797,30739.29,12546594,12117798,0
2021-10-28,11263,6114526,8030,5495623,1794,527011,20900,432432,325,17581,21291,451777,0,8,42378,32748.43,12588972,12138951,0
2021-10-29,11808,6126334,8228,5503851,1968,528979,22579,455011,349,17930,23001,474778,1,9,45007,34020.29,12633979,12161029,0
2021-10-30,4601,6130935,5064,5508915,932,529911,11197,466208,167,18097,11403,486181,0,9,22000,34081.71,12655979,12171665,0
2021-10-31,2646,6133581,2700,5511615,544,530455,6651,472859,104,18201,6778,492959,1,10,12668,33853.43,12668647,12177577,0
2021-11-01,7077,6140658,6956,5518571,1085,531540,20431,493290,334,18535,20823,513782,1,11,35942,33513,12704589,12192753,0
2021-11-02,6527,6147185,6586,5525157,1055,532595,20821,514111,280,18815,21177,534959,0,11,35345,33591,12739934,12206997,0
2021-11-03,6796,6153981,6682,5531839,1026,533621,20676,534787,316,19131,21066,556025,0,11,35572,32701.71,12775506,12221577,0
2021-11-04,9259,6163240,6279,5538118,994,534615,22414,557201,351,19482,22848,578873,0,11,39380,32273.43,12814886,12238192,0
2021-11-05,11004,6174244,6718,5544836,1051,535666,23804,581005,359,19841,24245,603118,0,11,43018,31989.29,12857904,12257047,0
2021-11-06,11099,6185343,4048,5548884,594,536260,12618,593623,174,20015,12829,615947,0,11,28570,32927.86,12886474,12272825,0
2021-11-07,7229,6192572,2287,5551171,577,536837,7121,600744,97,20112,7233,623180,0,11,17326,33593.29,12903800,12282933,0
2021-11-08,15023,6207595,5679,5556850,862,537699,19539,620283,287,20399,19893,643073,1,12,41458,34381.29,12945258,12304564,0
2021-11-09,16109,6223704,5386,5562236,659,538358,20565,640848,278,20677,20923,663996,0,12,43077,35485.86,12988335,12326798,0
2021-11-10,16879,6240583,5321,5567557,682,539040,22716,663564,293,20970,23078,687074,0,12,45960,36969.86,13034295,12349749,0
2021-11-11,12505,6253088,5179,5572736,760,539800,22157,685721,290,21260,22516,709590,0,12,40960,37195.57,13075255,12368262,0
2021-11-12,16934,6270022,5686,5578422,705,540505,23478,709199,358,21618,23912,733502,1,13,47238,37798.43,13122493,12391663,0
2021-11-13,9903,6279925,3662,5582084,464,540969,13364,722563,184,21802,13591,747093,0,13,27620,37662.71,13150113,12405735,0
2021-11-14,5984,6285909,2285,5584369,324,541293,7955,730518,80,21882,8056,755149,0,13,16649,37566,13166762,12414349,0
2021-11-15,13176,6299085,5978,5590347,690,541983,25171,755689,367,22249,25618,780767,0,13,45462,38138,13212224,12434273,0
2021-11-16,9894,6308979,5780,5596127,653,542636,30729,786418,438,22687,31245,812012,0,13,47573,38780.29,13259797,12450679,0
2021-11-17,10222,6319201,6667,5602794,681,543317,31511,817929,424,23111,32024,844036,0,13,49594,39299.43,13309391,12468338,0
2021-11-18,10650,6329851,6528,5609322,855,544172,33104,851033,461,23572,33660,877696,0,13,51693,40832.71,13361084,12486466,0
2021-11-19,11907,6341758,6550,5615872,710,544882,36353,887386,465,24037,36909,914605,0,13,56076,42095.29,13417160,12505724,0
2021-11-20,9264,6351022,3415,5619287,513,545395,22577,909963,259,24296,22888,937493,0,13,36080,43303.86,13453240,12518968,0
2021-11-21,4900,6355922,1886,5621173,288,545683,13246,923209,155,24451,13426,950919,1,14,20501,43854.14,13473741,12526067,0
2021-11-22,10336,6366258,5782,5626955,750,546433,36021,959230,445,24896,36557,987476,0,14,53426,44991.86,13527167,12543027,0
2021-11-23,9700,6375958,4781,5631736,632,547065,33612,992842,381,25277,34065,1021541,0,14,49179,45221.29,13576346,12558213,0
2021-11-24,8624,6384582,4748,5636484,648,547713,25995,1018837,287,25564,26353,1047894,1,15,40374,43904.14,13616720,12572304,0
2021-11-25,447,6385029,328,5636812,80,547793,1004,1019841,9,25573,1013,1048907,0,15,1868,36786.29,13618588,12573159,0
2021-11-26,8004,6393033,6990,5643802,528,548321,26642,1046483,307,25880,27007,1075914,0,15,42529,34851,13661117,12588739,0
2021-11-27,6634,6399667,6830,5650632,370,548691,18896,1065379,226,26106,19159,1095073,0,15,32994,34410.14,13694111,12602611,0
2021-11-28,4035,6403702,5790,5656422,281,548972,11939,1077318,124,26230,12082,1107155,0,15,22188,34651.14,13716299,12612736,0
2021-11-29,9013,6412715,11007,5667429,684,549656,35152,1112470,451,26681,35681,1142836,1,16,56386,35074,13772685,12633518,0
2021-11-30,10415,6423130,11444,5678873,512,550168,37890,1150360,498,27179,38501,1181337,0,16,60872,36744.43,13833557,12656002,0
2021-12-01,11077,6434207,10984,5689857,724,550892,40478,1190838,440,27619,41019,1222356,0,16,63805,40091.71,13897362,12678889,0
2021-12-02,11552,6445759,11049,5700906,624,551516,42293,1233131,458,28077,42849,1265205,0,16,66074,49264,13963436,12702212,0
2021-12-03,13364,6459123,12905,5713811,664,552180,48093,1281224,526,28603,48721,1313926,1,17,75655,53996.29,14039091,12729247,0
2021-12-04,9764,6468887,11294,5725105,564,552744,30765,1311989,310,28913,31129,1345055,0,17,52751,56818.71,14091842,12750923,0
2021-12-05,5704,6474591,5703,5730808,270,553014,16710,1328699,130,29043,16874,1361929,0,17,28551,57727.71,14120393,12762634,0
2021-12-06,12237,6486828,9985,5740793,599,553613,43388,1372087,457,29500,43936,1405865,0,17,66757,59209.29,14187150,12785546,0
2021-12-07,12485,6499313,9256,5750049,623,554236,43174,1415261,515,30015,43777,1449642,0,17,66141,59962,14253291,12807998,0
2021-12-08,13439,6512752,8777,5758826,555,554791,40913,1456174,482,30497,41475,1491117,0,17,64246,60025,14317537,12830849,0
2021-12-09,13394,6526146,8759,5767585,550,555341,40949,1497123,497,30994,41543,1532660,0,17,64246,59763.86,14381783,12853649,0
2021-12-10,13938,6540084,10151,5777736,667,556008,43793,1540916,508,31502,44390,1577050,0,17,69146,58834,14450929,12878494,0
2021-12-11,10205,6550289,8128,5785864,405,556413,26766,1567682,286,31788,27101,1604151,0,17,45840,57846.71,14496769,12897282,0
2021-12-12,5979,6556268,3856,5789720,287,556700,15203,1582885,136,31924,15363,1619514,0,17,25485,57408.71,14522254,12907428,0
2021-12-13,12116,6568384,7434,5797154,655,557355,38026,1620911,404,32328,38511,1658025,0,17,58716,56260,14580970,12927714,0
2021-12-14,12155,6580539,6950,5804104,730,558085,38277,1659188,443,32771,38787,1696812,0,17,58622,55185.86,14639592,12947616,0
2021-12-15,12010,6592549,6246,5810350,756,558841,38260,1697448,495,33266,38835,1735647,0,17,57848,54271.86,14697440,12966709,0
2021-12-16,13090,6605639,4269,5814619,738,559579,41234,1738682,466,33732,41773,1777420,0,17,59870,53646.71,14757310,12984879,0
2021-12-17,15853,6621492,6942,5821561,618,560197,46929,1785611,482,34214,47507,1824927,0,17,70920,53900.14,14828230,13008388,0
2021-12-18,12948,6634440,5718,5827279,432,560629,30685,1816296,278,34492,31020,1855947,1,18,50118,54511.29,14878348,13027542,0
2021-12-19,6968,6641408,2996,5830275,326,560955,18053,1834349,177,34669,18261,1874208,0,18,28551,54949.29,14906899,13037863,0
2021-12-20,16745,6658153,5859,5836134,745,561700,47614,1881963,574,35243,48269,1922477,0,18,71618,56792.43,14978517,13061293,0
2021-12-21,17875,6676028,6579,5842713,806,562506,49035,1930998,595,35838,49709,1972186,0,18,74969,59127.71,15053486,13086632,0
2021-12-22,18487,6694515,6556,5849269,938,563444,49827,1980825,540,36378,50446,2022632,1,19,76428,61782,15129914,13112692,0
2021-12-23,18952,6713467,6487,5855756,930,564374,45996,2026821,533,36911,46594,2069226,0,19,72963,63652.43,15202877,13139126,0
2021-12-24,9186,6722653,2953,5858709,598,564972,20650,2047471,213,37124,20895,2090121,0,19,33632,58325.57,15236509,13151895,0
2021-12-25,343,6722996,63,5858772,31,565003,427,2047898,8,37132,436,2090557,0,19,873,51290.57,15237382,13152333,0
2021-12-26,7923,6730919,3932,5862704,341,565344,17311,2065209,178,37310,17521,2108078,0,19,29717,51457.14,15267099,13164561,0
2021-12-27,21697,6752616,9203,5871907,932,566276,43552,2108761,561,37871,44186,2152264,0,19,76018,52085.71,15343117,13196466,0
2021-12-28,20055,6772671,8339,5880246,702,566978,47685,2156446,625,38496,48398,2200662,0,19,77494,52446.43,15420611,13225650,0
2021-12-29,18427,6791098,7667,5887913,606,567584,45668,2202114,493,38989,46235,2246897,0,19,72935,51947.43,15493546,13252424,0
2021-12-30,16822,6807920,7433,5895346,588,568172,44924,2247038,594,39583,45604,2292501,0,19,70447,51588,15563993,13277353,0
2021-12-31,5341,6813261,2811,5898157,192,568364,14789,2261827,188,39771,14999,2307500,0,19,23343,50118.14,15587336,13285719,0
2022-01-01,244,6813505,147,5898304,12,568376,502,2262329,22,39793,528,2308028,0,19,931,50126.43,15588267,13286126,0
2022-01-02,6407,6819912,5020,5903324,153,568529,11004,2273333,111,39904,11131,2319159,0,19,22711,49125.57,15610978,13297722,0
2022-01-03,14093,6834005,8512,5911836,515,569044,27017,2300350,345,40249,27406,2346565,2,21,50528,45484.14,15661506,13320886,0
2022-01-04,12789,6846794,8129,5919965,415,569459,27300,2327650,370,40619,27729,2374294,77,98,49126,41431.57,15710632,13342265,0
2022-01-05,11284,6858078,7022,5926987,384,569843,26036,2353686,314,40933,26391,2400685,0,98,45081,37452.43,15755713,13360996,0
2022-01-06,11321,6869399,7395,5934382,485,570328,27662,2381348,358,41291,28072,2428757,2,100,47274,34142,15802987,13380248,0
2022-01-07,10122,6879521,8457,5942839,339,570667,25235,2406583,331,41622,25599,2454356,0,100,44518,37167,15847505,13399200,0
2022-01-08,7654,6887175,8592,5951431,311,570978,19627,2426210,189,41811,19833,2474189,0,100,36391,42232.71,15883896,13415775,0
2022-01-09,4109,6891284,3845,5955276,214,571192,10078,2436288,98,41909,10187,2484376,1,101,18356,41610.57,15902252,13423954,0
2022-01-10,10144,6901428,8195,5963471,490,571682,24632,2460920,310,42219,24993,2509369,1,102,43822,40652.57,15946074,13442833,0
2022-01-11,8838,6910266,7992,5971463,522,572204,21073,2481993,295,42514,21412,2530781,0,102,38766,39172.57,15984840,13460231,0
2022-01-12,8900,6919166,8328,5979791,428,572632,22397,2504390,290,42804,22722,2553503,1,103,40379,38500.86,16025219,13477922,0
2022-01-13,9000,6928166,8869,5988660,451,573083,22948,2527338,338,43142,23321,2576824,1,104,41643,37696.43,16066862,13496278,0
2022-01-14,10066,6938232,8126,5996786,474,573557,26473,2553811,341,43483,26856,2603680,0,104,45522,37839.86,16112384,13514986,0
2022-01-15,6184,6944416,4311,6001097,179,573736,15165,2568976,182,43665,15369,2619049,0,104,26043,36361.57,16138427,13525682,0
2022-01-16,2897,6947313,3248,6004345,95,573831,7839,2576815,88,43753,7937,2626986,0,104,14177,35764.57,16152604,13531932,0
2022-01-17,6038,6953351,6755,6011100,363,574194,14715,2591530,224,43977,14956,2641942,0,104,28112,33520.29,16180716,13545105,0
2022-01-18,8122,6961473,10323,6021423,394,574588,19707,2611237,322,44299,20058,2662000,0,104,38897,33539,16219613,13563973,0
2022-01-19,7422,6968895,9258,6030681,303,574891,17743,2628980,280,44579,18056,2680056,0,104,35040,32776.29,16254653,13580990,0
2022-01-20,6238,6975133,8562,6039243,305,575196,15297,2644277,251,44830,15574,2695630,0,104,30679,31210,16285332,13596121,0
2022-01-21,7525,6982658,7514,6046757,276,575472,18538,2662815,291,45121,18853,2714483,0,104,34168,29588,16319500,13611460,0
2022-01-22,5174,6987832,4936,6051693,132,575604,11335,2674150,131,45252,11491,2725974,0,104,21733,28972.29,16341233,13621727,0
2022-01-23,2789,6990621,3333,6055026,97,575701,6246,2680396,77,45329,6331,2732305,0,104,12550,28739.86,16353783,13627954,0
2022-01-24,6336,6996957,8208,6063234,262,575963,15092,2695488,246,45575,15365,2747670,0,104,30171,29034,16383954,13642787,0
2022-01-25,6154,7003111,7949,6071183,231,576194,14723,2710211,265,45840,15019,2762689,1,105,29354,27670.71,16413308,13657152,0
2022-01-26,5729,7008840,7178,6078361,288,576482,14032,2724243,215,46055,14274,2776963,0,105,27469,26589.14,16440777,13670374,0
2022-01-27,5230,7014070,7094,6085455,320,576802,14109,2738352,236,46291,14384,2791347,0,105,27028,26067.57,16467805,13683057,0
2022-01-28,6223,7020293,7882,6093337,205,577007,16150,2754502,242,46533,16415,2807762,1,106,30726,25575.86,16498531,13697390,0
2022-01-29,836,7021129,729,6094066,28,577035,2542,2757044,40,46573,2585,2810347,0,106,4178,23068,16502709,13698986,0
2022-01-30,2076,7023205,3025,6097091,103,577138,4553,2761597,62,46635,4619,2814966,0,106,9823,22678.43,16512532,13704194,0
2022-01-31,4983,7028188,6594,6103685,219,577357,11409,2773006,201,46836,11625,2826591,0,106,23421,21714.14,16535953,13716005,0
2022-02-01,4807,7032995,6451,6110136,220,577577,10730,2783736,222,47058,10970,2837561,1,107,22448,20727.57,16558401,13727500,0
2022-02-02,4251,7037246,5939,6116075,212,577789,11256,2794992,243,47301,11517,2849078,0,107,21919,19934.71,16580320,13737920,0
2022-02-03,4209,7041455,5817,6121892,216,578005,11237,2806229,203,47504,11465,2860543,0,107,21707,19174.57,16602027,13748187,0
2022-02-04,4735,7046190,7118,6129010,214,578219,13241,2819470,241,47745,13507,2874050,0,107,25574,18438.57,16627601,13760279,0
2022-02-05,3560,7049750,6056,6135066,110,578329,8590,2828060,159,47904,8764,2882814,0,107,18490,20483.14,16646091,13770020,0
2022-02-06,2055,7051805,2138,6137204,120,578449,4644,2832704,105,48009,4753,2887567,0,107,9067,20375.14,16655158,13774338,0
2022-02-07,4126,7055931,4747,6141951,205,578654,10146,2842850,237,48246,10408,2897975,0,107,19486,19813,16674644,13783441,0
2022-02-08,4197,7060128,5611,6147562,214,578868,11341,2854191,312,48558,11678,2909653,0,107,21700,19706.14,16696344,13793488,0
2022-02-09,4113,7064241,5403,6152965,221,579089,11677,2865868,259,48817,11960,2921613,0,107,21697,19674.43,16718041,13803249,0
2022-02-10,3967,7068208,5127,6158092,243,579332,12209,2878077,292,49109,12530,2934143,0,107,21867,19697.29,16739908,13812615,0
2022-02-11,4496,7072704,5813,6163905,195,579527,13744,2891821,328,49437,14103,2948246,0,107,24607,19559.14,16764515,13823150,0
2022-02-12,3243,7075947,4343,6168248,97,579624,8822,2900643,215,49652,9048,2957294,0,107,16731,19307.86,16781246,13830844,0
2022-02-13,1510,7077457,1543,6169791,41,579665,4887,2905530,115,49767,5007,2962301,0,107,8101,19169.86,16789347,13833943,0
2022-02-14,2968,7080425,3624,6173415,167,579832,10586,2916116,327,50094,10939,2973240,1,108,17699,18914.57,16807046,13840728,0
2022-02-15,3521,7083946,4079,6177494,174,580006,12806,2928922,287,50381,13109,2986349,0,108,20883,18797.86,16827929,13848518,0
2022-02-16,3628,7087574,3908,6181402,199,580205,15761,2944683,296,50677,16092,3002441,0,108,23827,19102.14,16851756,13856288,0
2022-02-17,4103,7091677,4081,6185483,161,580366,18361,2963044,369,51046,18760,3021201,0,108,27105,19850.43,16878861,13864663,0
2022-02-18,4435,7096112,4789,6190272,191,580557,21558,2984602,464,51510,22044,3043245,0,108,31459,20829.29,16910320,13874100,0
2022-02-19,3241,7099353,2182,6192454,65,580622,11196,2995798,218,51728,11425,3054670,0,108,16913,20855.29,16927233,13879599,0
2022-02-20,1844,7101197,1445,6193899,59,580681,6598,3002396,114,51842,6719,3061389,0,108,10067,21136.14,16937300,13882954,0
2022-02-21,3076,7104273,2693,6196592,95,580776,8358,3010754,237,52079,8608,3069997,0,108,14472,20675.14,16951772,13888831,0
2022-02-22,4362,7108635,4258,6200850,174,580950,10846,3021600,256,52335,11118,3081115,0,108,19912,20536.43,16971684,13897641,0
2022-02-23,4237,7112872,3794,6204644,145,581095,10683,3032283,245,52580,10944,3092059,0,108,19120,19864,16990804,13905833,0
2022-02-24,3782,7116654,3662,6208306,108,581203,10202,3042485,234,52814,10455,3102514,0,108,18007,18564.29,17008811,13913404,0
2022-02-25,3596,7120250,3634,6211940,135,581338,9991,3052476,245,53059,10249,3112763,0,108,17614,16586.43,17026425,13920782,0
2022-02-26,2820,7123070,2582,6214522,74,581412,9526,3062002,161,53220,9695,3122458,0,108,15171,16337.57,17041596,13926266,0
2022-02-27,1764,7124834,1373,6215895,52,581464,6274,3068276,101,53321,6382,3128840,0,108,9571,16266.71,17051167,13929462,0
2022-02-28,3769,7128603,3137,6219032,140,581604,13156,3081432,253,53574,13432,3142272,0,108,20478,17124.71,17071645,13936531,0
2022-03-01,2118,7130721,2631,6221663,103,581707,5192,3086624,187,53761,5386,3147658,0,108,10238,15742.71,17081883,13941390,0
2022-03-02,1826,7132547,2447,6224110,107,581814,4145,3090769,210,53971,4366,3152024,0,108,8746,14260.71,17090629,13945781,0
2022-03-03,1931,7134478,2561,6226671,106,581920,3806,3094575,171,54142,3990,3156014,0,108,8588,12915.14,17099217,13950392,0
2022-03-04,2116,7136594,2879,6229550,66,581986,4332,3098907,210,54352,4555,3160569,0,108,9616,11772.57,17108833,13955466,0
2022-03-05,1611,7138205,2124,6231674,43,582029,3318,3102225,119,54471,3440,3164009,0,108,7218,10636.43,17116051,13959247,0
2022-03-06,793,7138998,881,6232555,30,582059,1627,3103852,55,54526,1685,3165694,0,108,3389,9753.29,17119440,13960954,0
2022-03-07,1659,7140657,1789,6234344,87,582146,3504,3107356,162,54688,3680,3169374,0,108,7215,7858.57,17126655,13964503,0
2022-03-08,1547,7142204,1898,6236242,80,582226,3127,3110483,153,54841,3291,3172665,0,108,6816,7369.71,17133471,13968039,0
2022-03-09,1259,7143463,1683,6237925,80,582306,2595,3113078,130,54971,2730,3175395,0,108,5752,6942,17139223,13971066,0
2022-03-10,1411,7144874,2097,6240022,85,582391,2972,3116050,164,55135,3145,3178540,0,108,6738,6677.71,17145961,13974668,0
2022-03-11,1594,7146468,2277,6242299,81,582472,3216,3119266,190,55325,3424,3181964,0,108,7376,6357.71,17153337,13978638,0
2022-03-12,875,7147343,1417,6243716,42,582514,2010,3121276,75,55400,2088,3184052,0,108,4422,5958.29,17157759,13980975,0
2022-03-13,624,7147967,756,6244472,28,582542,1293,3122569,48,55448,1344,3185396,0,108,2752,5867.29,17160511,13982386,0
2022-03-14,1362,7149329,1614,6246086,84,582626,2998,3125567,208,55656,3226,3188622,0,108,6286,5734.57,17166797,13985466,0
2022-03-15,1354,7150683,1925,6248011,63,582689,3071,3128638,236,55892,3314,3191936,0,108,6656,5711.71,17173453,13988815,0
2022-03-16,1394,7152077,2061,6250072,94,582783,3150,3131788,295,56187,3461,3195397,0,108,7010,5891.43,17180463,13992380,0
2022-03-17,1190,7153267,1809,6251881,71,582854,2765,3134553,267,56454,3046,3198443,0,108,6116,5802.57,17186579,13995464,0
2022-03-18,1582,7154849,2220,6254101,79,582933,3776,3138329,421,56875,4203,3202646,0,108,8084,5903.71,17194663,13999351,0
2022-03-19,1105,7155954,1736,6255837,54,582987,2605,3140934,229,57104,2839,3205485,0,108,5734,6091.14,17200397,14002251,0
2022-03-20,605,7156559,630,6256467,33,583020,1470,3142404,186,57290,1660,3207145,0,108,2928,6116.29,17203325,14003523,0
2022-03-21,1414,7157973,1558,6258025,73,583093,3063,3145467,359,57649,3444,3210589,0,108,6489,6145.29,17209814,14006590,0
2022-03-22,1341,7159314,1554,6259579,101,583194,2907,3148374,349,57998,3266,3213855,0,108,6262,6089,17216076,14009596,0
2022-03-23,1257,7160571,1360,6260939,66,583260,2921,3151295,376,58374,3306,3217161,0,108,5989,5943.14,17222065,14012288,0
2022-03-24,1210,7161781,1298,6262237,90,583350,2521,3153816,273,58647,2804,3219965,0,108,5402,5841.14,17227467,14014896,0
2022-03-25,1378,7163159,1633,6263870,62,583412,3269,3157085,385,59032,3667,3223632,0,108,6740,5649.14,17234207,14017982,0
2022-03-26,923,7164082,1167,6265037,36,583448,2310,3159395,252,59284,2570,3226202,0,108,4696,5500.86,17238903,14020116,0
2022-03-27,574,7164656,528,6265565,29,583477,1315,3160710,202,59486,1519,3227721,0,108,2650,5461.14,17241553,14021249,0
2022-03-28,1074,7165730,1170,6266735,69,583546,2443,3163153,365,59851,2826,3230547,0,108,5139,5268.29,17246692,14023580,0
2022-03-29,1046,7166776,1106,6267841,85,583631,2513,3165666,887,60738,3420,3233967,1,109,5657,5181.86,17252349,14025836,0
2022-03-30,1238,7168014,1138,6268979,99,583730,3063,3168729,3411,64149,6563,3240530,0,109,9038,5617.43,17261387,14028400,0
2022-03-31,1275,7169289,1248,6270227,57,583787,3164,3171893,5531,69680,8832,3249362,0,109,11413,6476.14,17272800,14031118,0
2022-04-01,1423,7170712,1488,6271715,77,583864,3245,3175138,6920,76600,10322,3259684,0,109,13310,7414.71,17286110,14034263,0
2022-04-02,905,7171617,909,6272624,33,583897,2086,3177224,4542,81142,6722,3266406,0,109,8569,7968,17294679,14036204,0
2022-04-03,553,7172170,492,6273116,28,583925,1222,3178446,3058,84200,4342,3270748,0,109,5415,8363,17300094,14037339,0
2022-04-04,1347,7173517,1303,6274419,61,583986,2720,3181166,7720,91920,10595,3281343,0,109,13306,9529.71,17313400,14040205,0
2022-04-05,1291,7174808,1154,6275573,66,584052,2845,3184011,7503,99423,10521,3291864,0,109,13032,10583.29,17326432,14042889,0
2022-04-06,1332,7176140,1174,6276747,61,584113,2624,3186635,6963,106386,9749,3301613,0,109,12316,11051.57,17338748,14045618,0
2022-04-07,1205,7177345,1060,6277807,57,584170,2377,3189012,6627,113013,9149,3310762,0,109,11471,11059.86,17350219,14048085,0
2022-04-08,1475,7178820,1406,6279213,61,584231,3167,3192179,8793,121806,12153,3322915,0,109,15095,11314.86,17365314,14051220,0
2022-04-09,908,7179728,925,6280138,29,584260,2079,3194258,4958,126764,7120,3330035,0,109,8982,11373.86,17374296,14053165,0
2022-04-10,578,7180306,460,6280598,25,584285,1166,3195424,2903,129667,4130,3334165,0,109,5193,11342.14,17379489,14054289,0
2022-04-11,1305,7181611,1226,6281824,61,584346,2655,3198079,7837,137504,10645,3344810,0,109,13237,11332.29,17392726,14057034,0
2022-04-12,1214,7182825,1057,6282881,73,584419,2519,3200598,7448,144952,10138,3354948,0,109,12482,11253.71,17405208,14059549,0
2022-04-13,1231,7184056,1074,6283955,60,584479,2511,3203109,7549,152501,10209,3365157,0,109,12574,11290.57,17417782,14062063,0
2022-04-14,1263,7185319,1094,6285049,58,584537,2442,3205551,6598,159099,9168,3374325,0,109,11583,11306.57,17429365,14064606,0
2022-04-15,1332,7186651,1094,6286143,53,584590,2556,3208107,6632,165731,9317,3383642,0,109,11796,10835.29,17441161,14067214,0
2022-04-16,855,7187506,652,6286795,34,584624,1643,3209750,3691,169422,5400,3389042,0,109,6941,10543.71,17448102,14068821,0
2022-04-17,345,7187851,201,6286996,27,584651,638,3210388,1158,170580,1819,3390861,0,109,2392,10143.57,17450494,14069417,0
2022-04-18,1381,7189232,1114,6288110,82,584733,2584,3212972,6414,176994,9137,3399998,0,109,11714,9926,17462208,14072133,0
2022-04-19,1411,7190643,935,6289045,71,584804,2577,3215549,5760,182754,8439,3408437,0,109,10856,9693.71,17473064,14074652,0
2022-04-20,1299,7191942,1152,6290197,65,584869,2708,3218257,6646,189400,9495,3417932,0,109,12011,9613.29,17485075,14077309,0
2022-04-21,1224,7193166,1061,6291258,53,584922,2338,3220595,5396,194796,7855,3425787,0,109,10193,9414.71,17495268,14079768,0
2022-04-22,1234,7194400,1041,6292299,46,584968,2241,3222836,5781,200577,8134,3433921,0,109,10456,9223.29,17505724,14082202,0
2022-04-23,710,7195110,749,6293048,59,585027,1429,3224265,3351,203928,4846,3438767,0,109,6364,9140.86,17512088,14083786,0
2022-04-24,440,7195550,336,6293384,27,585054,808,3225073,1820,205748,2659,3441426,0,109,3462,9293.71,17515550,14084620,0
2022-04-25,1036,7196586,916,6294300,64,585118,1851,3226924,5089,210837,7053,3448479,0,109,9069,8915.86,17524619,14086749,0
2022-04-26,948,7197534,857,6295157,76,585194,1746,3228670,4695,215532,6535,3455014,0,109,8416,8567.29,17533035,14088724,0
2022-04-27,1036,7198570,1022,6296179,80,585274,1925,3230595,5213,220745,7259,3462273,0,109,9397,8193.86,17542432,14090983,0
2022-04-28,1081,7199651,987,6297166,50,585324,2002,3232597,4743,225488,6857,3469130,0,109,8975,8019.86,17551407,14093213,0
2022-04-29,1175,7200826,1100,6298266,60,585384,2156,3234753,5435,230923,7706,3476836,0,109,10041,7960.57,17561448,14095663,0
2022-04-30,724,7201550,743,6299009,50,585434,1390,3236143,2968,233891,4403,3481239,0,109,5920,7897.14,17567368,14097225,0
2022-05-01,445,7201995,366,6299375,20,585454,766,3236909,1656,235547,2454,3483693,0,109,3285,7871.86,17570653,14098088,0
2022-05-02,1045,7203040,792,6300167,52,585506,1677,3238586,3821,239368,5565,3489258,2,111,7455,7641.29,17578108,14100043,0
2022-05-03,1117,7204157,862,6301029,61,585567,1994,3240580,4872,244240,6962,3496220,0,111,9002,7725,17587110,14102179,0
2022-05-04,1008,7205165,882,6301911,48,585615,1923,3242503,4679,248919,6693,3502913,0,111,8631,7615.57,17595741,14104208,0
2022-05-05,1072,7206237,953,6302864,86,585701,1927,3244430,4883,253802,6909,3509822,0,111,9020,7622,17604761,14106418,0
2022-05-06,1096,7207333,955,6303819,51,585752,1860,3246290,4401,258203,6338,3516160,2,113,8440,7393.29,17613201,14108595,0
2022-05-07,660,7207993,590,6304409,32,585784,1203,3247493,2435,260638,3678,3519838,0,113,4960,7256.14,17618161,14109917,0
2022-05-08,411,7208404,243,6304652,17,585801,665,3248158,1388,262026,2075,3521913,0,113,2746,7179.14,17620907,14110610,0
2022-05-09,1077,7209481,943,6305595,60,585861,1893,3250051,4428,266454,6413,3528326,0,113,8493,7327.43,17629400,14112782,0
2022-05-10,1094,7210575,930,6306525,54,585915,1981,3252032,4720,271174,6807,3535133,0,113,8885,7310.71,17638285,14114966,0
2022-05-11,1084,7211659,972,6307497,44,585959,1945,3253977,4843,276017,6887,3542020,0,113,8987,7361.57,17647272,14117165,0
2022-05-12,1100,7212759,948,6308445,60,586019,2001,3255978,4668,280685,6770,3548790,0,113,8878,7341.29,17656150,14119374,0
2022-05-13,1154,7213913,1040,6309485,44,586063,2070,3258048,4810,285495,6973,3555763,0,113,9211,7451.43,17665361,14121705,0
2022-05-14,823,7214736,669,6310154,31,586094,1467,3259515,2955,288450,4464,3560227,0,113,5987,7598.14,17671348,14123270,0
2022-05-15,508,7215244,355,6310509,22,586116,925,3260440,1648,290098,2600,3562827,0,113,3485,7703.71,17674833,14124182,0
2022-05-16,1227,7216471,854,6311363,62,586178,1831,3262271,3866,293964,5761,3568588,1,114,7905,7619.71,17682738,14126389,0
2022-05-17,1287,7217758,932,6312295,79,586257,2046,3264317,4896,298860,7036,3575624,1,115,9335,7684,17692073,14128781,0
2022-05-18,1236,7218994,900,6313195,82,586339,2063,3266380,4943,303803,7117,3582741,1,116,9336,7733.86,17701409,14131110,0
2022-05-19,1157,7220151,881,6314076,36,586375,2116,3268496,4729,308532,6933,3589674,0,116,9007,7752.29,17710416,14133272,0
2022-05-20,1195,7221346,960,6315036,73,586448,2371,3270867,5207,313739,7691,3597365,0,116,9921,7853.71,17720337,14135615,0
2022-05-21,830,7222176,646,6315682,23,586471,1719,3272586,3307,317046,5087,3602452,0,116,6587,7939.43,17726924,14137176,0
2022-05-22,507,7222683,292,6315974,22,586493,1135,3273721,1840,318886,3009,3605461,0,116,3830,7988.71,17730754,14138031,0
2022-05-23,1218,7223901,884,6316858,52,586545,2189,3275910,4713,323599,7002,3612463,1,117,9157,8167.57,17739911,14140285,0
2022-05-24,1405,7225306,936,6317794,66,586611,2300,3278210,4494,328093,6895,3619358,0,117,9303,8163,17749214,14142794,0
2022-05-25,1415,7226721,954,6318748,56,586667,2256,3280466,4275,332368,6632,3625990,0,117,9058,8123.29,17758272,14145321,0
2022-05-26,1171,7227892,889,6319637,60,586727,2266,3282732,4153,336521,6488,3632478,1,118,8610,8066.57,17766882,14147511,0
2022-05-27,1242,7229134,958,6320595,38,586765,2497,3285229,3922,340443,6494,3638972,0,118,8733,7896.86,17775615,14149825,0
2022-05-28,711,7229845,517,6321112,19,586784,1783,3287012,2064,342507,3887,3642859,0,118,5134,7689.29,17780749,14151112,0
2022-05-29,473,7230318,216,6321328,11,586795,760,3287772,1126,343633,1905,3644764,0,118,2605,7514.29,17783354,14151831,0
2022-05-30,91,7230409,61,6321389,6,586801,139,3287911,144,343777,285,3645049,1,119,444,6269.57,17783798,14151991,0
2022-05-31,1137,7231546,918,6322307,51,586852,1897,3289808,3055,346832,5011,3650060,0,119,7117,5957.29,17790915,14154156,0
2022-06-01,1153,7232699,852,6323159,63,586915,1969,3291777,3428,350260,5471,3655531,0,119,7539,5740.29,17798454,14156298,0
2022-06-02,1031,7233730,799,6323958,72,586987,1825,3293602,3175,353435,5061,3660592,0,119,6963,5505,17805417,14158261,0
2022-06-03,1161,7234891,893,6324851,47,587034,2068,3295670,3498,356933,5632,3666224,0,119,7733,5362.14,17813150,14160428,0
2022-06-04,723,7235614,582,6325433,26,587060,1555,3297225,1906,358839,3496,3669720,0,119,4829,5318.57,17817979,14161796,0
2022-06-05,449,7236063,297,6325730,1,587061,880,3298105,981,359820,1870,3671590,0,119,2617,5320.29,17820596,14162552,0
2022-06-06,1125,7237188,826,6326556,64,587125,1753,3299858,2746,362566,4549,3676139,0,119,6564,6194.57,17827160,14164617,0
2022-06-07,1022,7238210,769,6327325,70,587195,1790,3301648,2565,365131,4402,3680541,0,119,6263,6072.57,17833423,14166525,0
2022-06-08,1093,7239303,835,6328160,75,587270,1876,3303524,2750,367881,4688,3685229,0,119,6692,5951.57,17840115,14168591,0
2022-06-09,1139,7240442,838,6328998,62,587332,2226,3305750,2695,370576,4973,3690202,0,119,7012,5958.57,17847127,14170682,0
2022-06-10,1048,7241490,817,6329815,75,587407,1879,3307629,2830,373406,4766,3694968,0,119,6706,5811.86,17853833,14172679,0
2022-06-11,678,7242168,508,6330323,25,587432,1326,3308955,1504,374910,2857,3697825,0,119,4068,5703.14,17857901,14173917,0
2022-06-12,351,7242519,287,6330610,21,587453,877,3309832,773,375683,1660,3699485,0,119,2319,5660.57,17860220,14174586,0
2022-06-13,1028,7243547,769,6331379,63,587516,1578,3311410,2186,377869,3804,3703289,0,119,5665,5532.14,17865885,14176487,0
2022-06-14,971,7244518,833,6332212,64,587580,1693,3313103,2504,380373,4258,3707547,0,119,6126,5512.57,17872011,14178416,0
2022-06-15,969,7245487,865,6333077,39,587619,1666,3314769,2425,382798,4150,3711697,0,119,6023,5417,17878034,14180348,0
2022-06-16,961,7246448,775,6333852,59,587678,1833,3316602,2369,385167,4255,3715952,1,120,6050,5279.57,17884084,14182195,0
2022-06-17,898,7247346,798,6334650,48,587726,1774,3318376,2401,387568,4219,3720171,0,120,5964,5173.57,17890048,14183984,0
2022-06-18,658,7248004,521,6335171,26,587752,1280,3319656,1297,388865,2605,3722776,1,121,3810,5136.71,17893858,14185216,0
2022-06-19,346,7248350,235,6335406,16,587768,727,3320383,608,389473,1347,3724123,0,121,1944,5083.14,17895802,14185825,0
2022-06-20,834,7249184,487,6335893,41,587809,1574,3321957,1613,391086,3225,3727348,0,121,4587,4929.14,17900389,14187225,0
2022-06-21,1134,7250318,742,6336635,50,587859,1697,3323654,2142,393228,3896,3731244,0,121,5823,4885.86,17906212,14189209,0
2022-06-22,1963,7252281,833,6337468,46,587905,1707,3325361,1996,395224,3746,3734990,0,121,6588,4966.57,17912800,14192094,0
2022-06-23,2121,7254402,764,6338232,65,587970,1699,3327060,2154,397378,3903,3738893,0,121,6854,5081.43,17919654,14195095,0
2022-06-24,2172,7256574,761,6338993,48,588018,1623,3328683,2157,399535,3828,3742721,0,121,6809,5202.14,17926463,14198124,0
2022-06-25,2138,7258712,497,6339490,15,588033,1234,3329917,1143,400678,2390,3745111,0,121,5044,5378.43,17931507,14200791,0
2022-06-26,1211,7259923,248,6339738,14,588047,686,3330603,531,401209,1223,3746334,0,121,2696,5485.86,17934203,14202270,0
2022-06-27,1532,7261455,653,6340391,60,588107,1465,3332068,1654,402863,3160,3749494,0,121,5405,5602.71,17939608,14204556,0
2022-06-28,1691,7263146,831,6341222,57,588164,1859,3333927,2142,405005,4046,3753540,0,121,6625,5717.29,17946233,14207180,0
2022-06-29,1857,7265003,777,6341999,48,588212,1717,3335644,1925,406930,3682,3757222,0,121,6364,5685.29,17952597,14209902,0
2022-06-30,1867,7266870,807,6342806,46,588258,1733,3337377,2133,409063,3910,3761132,0,121,6630,5653.29,17959227,14212666,0
2022-07-01,1602,7268472,597,6343403,26,588284,1394,3338771,1728,410791,3155,3764287,0,121,5380,5449.14,17964607,14214924,0
2022-07-02,978,7269450,389,6343792,18,588302,836,3339607,940,411731,1794,3766081,0,121,3179,5182.71,17967786,14216327,0
2022-07-03,530,7269980,205,6343997,7,588309,459,3340066,487,412218,949,3767030,0,121,1691,5039.14,17969477,14217072,0
2022-07-04,36,7270016,25,6344022,1,588310,31,3340097,38,412256,69,3767099,0,121,131,4285.71,17969608,14217134,0
2022-07-05,1297,7271313,758,6344780,35,588345,1405,3341502,1738,413994,3174,3770273,0,121,5264,4091.29,17974872,14219255,0
2022-07-06,1611,7272924,679,6345459,44,588389,1443,3342945,1842,415836,3325,3773598,0,121,5659,3990.57,17980531,14221629,0
2022-07-07,1592,7274516,712,6346171,48,588437,1529,3344474,2001,417837,3568,3777166,0,121,5920,3889.14,17986451,14224019,0
2022-07-08,1632,7276148,651,6346822,37,588474,1472,3345946,1978,419815,3499,3780665,0,121,5821,3952.14,17992272,14226390,0
2022-07-09,983,7277131,433,6347255,26,588500,878,3346824,1347,421162,2256,3782921,0,121,3698,4026.29,17995970,14227863,0
2022-07-10,638,7277769,187,6347442,17,588517,430,3347254,659,421821,1099,3784020,0,121,1941,4062,17997911,14228715,0
2022-07-11,1396,7279165,634,6348076,49,588566,1439,3348693,2213,424034,3686,3787706,0,121,5765,4866.86,18003676,14230828,0
2022-07-12,1404,7280569,687,6348763,45,588611,1399,3350092,2512,426546,3985,3791691,0,121,6121,4989.29,18009797,14233038,0
2022-07-13,1619,7282188,726,6349489,37,588648,1523,3351615,2833,429379,4421,3796112,0,121,6803,5152.71,18016600,14235485,0
2022-07-14,1586,7283774,842,6350331,47,588695,1602,3353217,3059,432438,4736,3800848,0,121,7212,5337.29,18023812,14238036,0
2022-07-15,1615,7285389,939,6351270,47,588742,1571,3354788,3050,435488,4680,3805528,0,121,7281,5545.86,18031093,14240696,0
2022-07-16,883,7286272,584,6351854,9,588751,979,3355767,1698,437186,2707,3808235,0,121,4183,5615.14,18035276,14242202,0
2022-07-17,550,7286822,290,6352144,16,588767,527,3356294,1167,438353,1718,3809953,0,121,2574,5705.57,18037850,14243082,0
2022-07-18,1405,7288227,844,6352988,45,588812,1429,3357723,2467,440820,3952,3813905,0,121,6246,5774.29,18044096,14245432,0
2022-07-19,1442,7289669,976,6353964,51,588863,1536,3359259,2800,443620,4429,3818334,0,121,6898,5885.29,18050994,14247994,0
2022-07-20,1381,7291050,1485,6355449,50,588913,1352,3360611,2395,446015,3807,3822141,0,121,6724,5874,18057718,14250971,0
2022-07-21,1334,7292384,1435,6356884,50,588963,1393,3362004,2364,448379,3804,3825945,0,121,6623,5789.86,18064341,14253837,0
2022-07-22,1428,7293812,1568,6358452,41,589004,1563,3363567,2853,451232,4498,3830443,0,121,7535,5826.14,18071876,14256956,0
2022-07-23,903,7294715,1099,6359551,17,589021,994,3364561,1555,452787,2584,3833027,3,124,4606,5886.57,18076482,14259010,0
2022-07-24,484,7295199,642,6360193,14,589035,503,3365064,805,453592,1316,3834343,0,124,2457,5869.86,18078939,14260159,0
2022-07-25,1230,7296429,766,6360959,59,589094,1261,3366325,2063,455655,3378,3837721,0,124,5433,5753.71,18084372,14262268,0
2022-07-26,1233,7297662,1021,6361980,41,589135,1471,3367796,2442,458097,3970,3841691,0,124,6266,5663.43,18090638,14264621,0
2022-07-27,1320,7298982,1278,6363258,42,589177,1387,3369183,2189,460286,3638,3845329,2,126,6282,5600.29,18096920,14267325,0
2022-07-28,1312,7300294,1423,6364681,71,589248,1424,3370607,2215,462501,3690,3849019,1,127,6497,5582.29,18103417,14270182,0
2022-07-29,1318,7301612,1430,6366111,64,589312,1358,3371965,2156,464657,3558,3852577,0,127,6371,5416,18109788,14273039,0
2022-07-30,739,7302351,716,6366827,25,589337,791,3372756,961,465618,1772,3854349,0,127,3255,5223,18113043,14274542,0
2022-07-31,422,7302773,590,6367417,14,589351,488,3373244,570,466188,1065,3855414,0,127,2091,5170.71,18115134,14275575,0
2022-08-01,1240,7304013,913,6368330,55,589406,1328,3374572,1509,467697,2882,3858296,1,128,5091,5121.86,18120225,14277828,0
2022-08-02,1232,7305245,1014,6369344,73,589479,1346,3375918,1598,469295,2989,3861285,0,128,5308,4985,18125533,14280192,0
2022-08-03,1267,7306512,1189,6370533,41,589520,1341,3377259,1530,470825,2911,3864196,1,129,5409,4860.29,18130942,14282729,0
2022-08-04,1191,7307703,1188,6371721,57,589577,1287,3378546,1457,472282,2773,3866969,0,129,5209,4676.29,18136151,14285194,0
2022-08-05,1317,7309020,1450,6373171,49,589626,1311,3379857,1441,473723,2776,3869745,0,129,5592,4565,18141743,14288034,0
2022-08-06,695,7309715,843,6374014,14,589640,762,3380619,776,474499,1564,3871309,0,129,3117,4545.29,18144860,14289613,0
2022-08-07,390,7310105,457,6374471,14,589654,425,3381044,358,474857,794,3872103,0,129,1655,4483,18146515,14290485,0
2022-08-08,1196,7311301,932,6375403,70,589724,1273,3382317,1178,476035,2481,3874584,0,129,4679,4424.14,18151194,14292713,0
2022-08-09,1135,7312436,893,6376296,38,589762,1228,3383545,1160,477195,2420,3877004,0,129,4486,4306.71,18155680,14294811,0
2022-08-10,1221,7313657,1111,6377407,59,589821,1259,3384804,1246,478441,2539,3879543,0,129,4930,4238.29,18160610,14297236,0
2022-08-11,1281,7314938,1069,6378476,84,589905,1211,3386015,1279,479720,2529,3882072,0,129,4963,4203.14,18165573,14299709,0
2022-08-12,1300,7316238,1405,6379881,55,589960,1267,3387282,1248,480968,2547,3884619,0,129,5307,4162.43,18170880,14302501,0
2022-08-13,758,7316996,786,6380667,15,589975,762,3388044,631,481599,1412,3886031,0,129,2971,4141.57,18173851,14304079,0
2022-08-14,473,7317469,478,6381145,20,589995,404,3388448,282,481881,689,3886720,0,129,1660,4142.29,18175511,14305053,0
2022-08-15,1246,7318715,1063,6382208,60,590055,1315,3389763,990,482871,2346,3889066,1,130,4716,4147.57,18180227,14307463,0
2022-08-16,1311,7320026,869,6383077,50,590105,1365,3391128,1077,483948,2474,3891540,0,130,4704,4178.71,18184931,14309725,0
2022-08-17,1215,7321241,957,6384034,39,590144,1235,3392363,1004,484952,2278,3893818,1,131,4490,4115.86,18189421,14311975,0
2022-08-18,1168,7322409,945,6384979,45,590189,1268,3393631,947,485899,2240,3896058,0,131,4398,4035.14,18193819,14314158,0
2022-08-19,1255,7323664,1130,6386109,34,590223,1116,3394747,978,486877,2124,3898182,6,137,4549,3926.86,18198368,14316607,0
2022-08-20,587,7324251,493,6386602,16,590239,630,3395377,504,487381,1147,3899329,1,138,2244,3823,18200612,14317716,0
2022-08-21,358,7324609,243,6386845,9,590248,382,3395759,267,487648,652,3899981,0,138,1262,3766.14,18201874,14318329,0
2022-08-22,1220,7325829,921,6387766,40,590288,1231,3396990,889,488537,2147,3902128,0,138,4328,3710.71,18206202,14320537,0
2022-08-23,1243,7327072,1049,6388815,48,590336,1378,3398368,962,489499,2368,3904496,3,141,4711,3711.71,18210913,14322905,0
2022-08-24,1268,7328340,1016,6389831,29,590365,1291,3399659,821,490320,2138,3906634,0,141,4452,3706.29,18215365,14325245,0
2022-08-25,1222,7329562,993,6390824,66,590431,1186,3400845,813,491133,2015,3908649,4,145,4299,3692.14,18219664,14327541,0
2022-08-26,1190,7330752,1179,6392003,56,590487,1191,3402036,779,491912,1991,3910640,1,146,4416,3673.14,18224080,14329986,0
2022-08-27,696,7331448,541,6392544,14,590501,673,3402709,404,492316,1090,3911730,3,149,2344,3687.43,18226424,14331250,0
2022-08-28,381,7331829,237,6392781,10,590511,443,3403152,227,492543,673,3912403,0,149,1301,3693,18227725,14331881,0
2022-08-29,1257,7333086,975,6393756,41,590552,1217,3404369,682,493225,1920,3914323,0,149,4194,3673.86,18231919,14334176,0
2022-08-30,1270,7334356,940,6394696,36,590588,1269,3405638,766,493991,2066,3916389,2,151,4314,3617.14,18236233,14336453,0
2022-08-31,1156,7335512,1013,6395709,43,590631,1103,3406741,571,494562,1695,3918084,0,151,3908,3539.43,18240141,14338687,0
2022-09-01,1026,7336538,962,6396671,51,590682,806,3407547,454,495016,1274,3919358,5,156,3319,3399.43,18243460,14340741,0
2022-09-02,977,7337515,1018,6397689,32,590714,592,3408139,175,495191,774,3920132,92,248,2878,3179.71,18246338,14342760,0
2022-09-03,530,7338045,448,6398137,12,590726,368,3408507,50,495241,422,3920554,314,562,1677,3084.43,18248015,14343705,0
2022-09-04,252,7338297,212,6398349,10,590736,189,3408696,25,495266,216,3920770,312,874,959,3035.57,18248974,14344138,0
2022-09-05,78,7338375,71,6398420,7,590743,44,3408740,16,495282,61,3920831,9,883,226,2468.71,18249200,14344295,0
2022-09-06,1127,7339502,1228,6399648,51,590794,631,3409371,130,495412,770,3921601,1269,2152,4224,2455.86,18253424,14346489,0
2022-09-07,1476,7340978,1383,6401031,38,590832,481,3409852,148,495560,649,3922250,6443,8595,9105,3198.29,18262529,14348522,0
2022-09-08,1528,7342506,1199,6402230,36,590868,251,3410103,111,495671,378,3922628,7794,16389,9810,4125.57,18272339,14350176,0
2022-09-09,1553,7344059,1609,6403839,48,590916,281,3410384,122,495793,434,3923062,9882,26271,12360,5480.14,18284699,14352251,0
2022-09-10,845,7344904,835,6404674,12,590928,264,3410648,44,495837,322,3923384,5316,31587,6747,6204.43,18291446,14353374,0
2022-09-11,496,7345400,442,6405116,11,590939,86,3410734,30,495867,125,3923509,3942,35529,4530,6714.57,18295976,14353846,0
2022-09-12,1679,7347079,1439,6406555,39,590978,205,3410939,90,495957,329,3923838,11657,47186,13536,8616,18309512,14355430,0
2022-09-13,1402,7348481,1273,6407828,33,591011,218,3411157,114,496071,381,3924219,9731,56917,11730,9688.29,18321242,14357097,0
2022-09-14,1411,7349892,1274,6409102,31,591042,225,3411382,123,496194,387,3924606,11024,67941,13066,10254.14,18334308,14358791,0
2022-09-15,1567,7351459,1286,6410388,22,591064,225,3411607,112,496306,372,3924978,12084,80025,14106,10867.86,18348414,14360476,0
2022-09-16,1692,7353151,1635,6412023,27,591091,268,3411875,155,496461,478,3925456,13802,93827,16260,11425,18364674,14362511,0
2022-09-17,802,7353953,869,6412892,12,591103,273,3412148,77,496538,373,3925829,6998,100825,8410,11662.57,18373084,14363573,0
2022-09-18,522,7354475,413,6413305,7,591110,74,3412222,26,496564,113,3925942,4480,105305,4972,11725.71,18378056,14363965,0
2022-09-19,1561,7356036,1324,6414629,29,591139,225,3412447,96,496660,347,3926289,13810,119115,15510,12007.71,18393566,14365344,0
2022-09-20,1444,7357480,1254,6415883,27,591166,219,3412666,90,496750,357,3926646,13215,132330,15012,12476.57,18408578,14366832,0
2022-09-21,1666,7359146,1352,6417235,31,591197,261,3412927,131,496881,426,3927072,14903,147233,16810,13011.43,18425388,14368347,0
2022-09-22,1469,7360615,1263,6418498,28,591225,171,3413098,138,497019,357,3927429,13223,160456,15036,13144.29,18440424,14369851,0
2022-09-23,1746,7362361,1650,6420148,24,591249,250,3413348,135,497154,448,3927877,16883,177339,19174,13560.57,18459598,14371757,0
2022-09-24,802,7363163,888,6421036,8,591257,267,3413615,67,497221,353,3928230,7485,184824,8836,13621.43,18468434,14372774,0
2022-09-25,485,7363648,395,6421431,1,591258,72,3413687,47,497268,128,3928358,4508,189332,4994,13624.57,18473428,14373141,0
2022-09-26,1577,7365225,1248,6422679,16,591274,284,3413971,144,497412,485,3928843,15011,204343,16703,13795,18490131,14374405,0
2022-09-27,1541,7366766,1308,6423987,26,591300,282,3414253,166,497578,484,3929327,14154,218497,16135,13955.43,18506266,14375938,0
2022-09-28,1619,7368385,1301,6425288,18,591318,189,3414442,184,497762,427,3929754,15493,233990,17266,14020.57,18523532,14377338,0
2022-09-29,1684,7370069,1301,6426589,19,591337,176,3414618,101,497863,313,3930067,15367,249357,17220,14332.57,18540752,14378914,0
2022-09-30,1648,7371717,1555,6428144,13,591350,181,3414799,175,498038,402,3930469,16488,265845,18651,14257.86,18559403,14380721,0
2022-10-01,718,7372435,669,6428813,5,591355,132,3414931,35,498073,176,3930645,7040,272885,7930,14128.43,18567333,14381444,0
2022-10-02,515,7372950,428,6429241,5,591360,48,3414979,45,498118,107,3930752,4430,277315,4840,14106.43,18572173,14381761,0
2022-10-03,1557,7374507,1190,6430431,23,591383,155,3415134,114,498232,315,3931067,14566,291881,15968,14001.43,18588141,14382894,0
2022-10-04,1383,7375890,1156,6431587,15,591398,150,3415284,120,498352,298,3931365,13397,305278,14794,13809.86,18602935,14384021,0
2022-10-05,1596,7377486,1287,6432874,17,591415,280,3415564,163,498515,496,3931861,14864,320142,16687,13727.14,18619622,14385401,0
2022-10-06,1494,7378980,1250,6434124,19,591434,167,3415731,161,498676,386,3932247,14952,335094,16620,13641.43,18636242,14386741,0
2022-10-07,1666,7380646,1428,6435552,15,591449,169,3415900,134,498810,365,3932612,17101,352195,19062,13700.14,18655304,14388399,0
2022-10-08,764,7381410,682,6436234,4,591453,143,3416043,62,498872,222,3932834,7694,359889,8623,13799.14,18663927,14389123,0
2022-10-09,493,7381903,410,6436644,5,591458,47,3416090,54,498926,119,3932953,4695,364584,5119,13839,18669046,14389446,0
2022-10-10,1550,7383453,1248,6437892,14,591472,174,3416264,116,499042,329,3933282,15195,379779,16490,13913.57,18685536,14390451,0
2022-10-11,1645,7385098,1106,6438998,19,591491,178,3416442,152,499194,385,3933667,14301,394080,15833,14062,18701369,14391653,0
2022-10-12,1865,7386963,1321,6440319,17,591508,134,3416576,182,499376,383,3934050,16259,410339,17855,14228.86,18719224,14392933,0
2022-10-13,1621,7388584,1148,6441467,28,591536,134,3416710,198,499574,403,3934453,14009,424348,15538,14074.29,18734762,14394130,0
2022-10-14,1820,7390404,1541,6443008,25,591561,130,3416840,179,499753,362,3934815,17195,441543,19178,14090.86,18753940,14395804,0
2022-10-15,772,7391176,638,6443646,9,591570,90,3416930,68,499821,179,3934994,7599,449142,8455,14066.86,18762395,14396502,0
2022-10-16,566,7391742,411,6444057,3,591573,25,3416955,65,499886,121,3935115,4727,453869,5170,14074.14,18767565,14396855,0
2022-10-17,1820,7393562,1254,6445311,18,591591,83,3417038,118,500004,238,3935353,16066,469935,17387,14202.29,18784952,14397975,0
2022-10-18,1695,7395257,1172,6446483,20,591611,101,3417139,141,500145,290,3935643,14622,484557,16009,14227.43,18800961,14399120,0
2022-10-19,2100,7397357,1328,6447811,21,591632,84,3417223,143,500288,290,3935933,16221,500778,17695,14204.57,18818656,14400367,0
2022-10-20,1696,7399053,1168,6448979,10,591642,88,3417311,152,500440,308,3936241,15390,516168,16844,14391.14,18835500,14401581,0
2022-10-21,1814,7400867,1346,6450325,11,591653,93,3417404,151,500591,300,3936541,16729,532897,18394,14279.14,18853894,14403002,0
2022-10-22,746,7401613,669,6450994,9,591662,44,3417448,46,500637,100,3936641,7676,540573,8405,14272,18862299,14403641,0
2022-10-23,523,7402136,368,6451362,3,591665,21,3417469,39,500676,69,3936710,4805,545378,5081,14259.29,18867380,14403857,0
2022-10-24,1748,7403884,1212,6452574,19,591684,71,3417540,112,500788,224,3936934,15540,560918,16826,14179.14,18884206,14404960,0
2022-10-25,1668,7405552,1188,6453762,12,591696,94,3417634,111,500899,234,3937168,15022,575940,16328,14224.71,18900534,14406061,0
2022-10-26,1860,7407412,1331,6455093,11,591707,90,3417724,171,501070,339,3937507,16799,592739,18273,14307.29,18918807,14407274,0
2022-10-27,1590,7409002,1073,6456166,13,591720,96,3417820,138,501208,289,3937796,15066,607805,16392,14242.71,18935199,14408366,0
2022-10-28,1707,7410709,1420,6457586,17,591737,107,3417927,154,501362,319,3938115,16750,624555,18564,14267,18953763,14409919,0
2022-10-29,697,7411406,544,6458130,9,591746,69,3417996,58,501420,141,3938256,7731,632286,8409,14267.57,18962172,14410470,0
2022-10-30,523,7411929,305,6458435,3,591749,19,3418015,57,501477,92,3938348,4490,636776,4778,14224.29,18966950,14410682,0
2022-10-31,1678,7413607,1111,6459546,8,591757,47,3418062,126,501603,217,3938565,14569,651345,15516,14037.14,18982466,14411456,0
2022-11-01,1669,7415276,1024,6460570,18,591775,78,3418140,129,501732,238,3938803,13598,664943,14913,13835,18997379,14412564,0
2022-11-02,1743,7417019,1127,6461697,17,591792,89,3418229,122,501854,253,3939056,14869,679812,16140,13530.29,19013519,14413624,0
2022-11-03,1422,7418441,1037,6462734,14,591806,84,3418313,165,502019,326,3939382,12613,692425,13887,13172.43,19027406,14414649,0
2022-11-04,1745,7420186,1224,6463958,14,591820,101,3418414,141,502160,275,3939657,15430,707855,17035,12954,19044441,14416012,0
2022-11-05,824,7421010,533,6464491,6,591826,67,3418481,80,502240,161,3939818,7027,714882,7747,12859.43,19052188,14416585,0
2022-11-06,407,7421417,331,6464822,4,591830,20,3418501,49,502289,106,3939924,4066,718948,4409,12806.71,19056597,14416859,0
2022-11-07,1639,7423056,1067,6465889,14,591844,75,3418576,99,502388,210,3940134,13211,732159,14370,12643,19070967,14417844,0
2022-11-08,1533,7424589,1012,6466901,7,591851,97,3418673,131,502519,269,3940403,12044,744203,13307,12413.57,19084274,14418879,0
2022-11-09,1571,7426160,1057,6467958,9,591860,84,3418757,115,502634,244,3940647,12180,756383,13438,12027.57,19097712,14419938,0
2022-11-10,1488,7427648,1010,6468968,14,591874,72,3418829,147,502781,276,3940923,12268,768651,13552,11979.71,19111264,14421003,0
2022-11-11,1506,7429154,1078,6470046,11,591885,98,3418927,101,502882,220,3941143,12824,781475,14255,11582.57,19125519,14422235,0
2022-11-12,673,7429827,516,6470562,2,591887,57,3418984,61,502943,128,3941271,6424,787899,7047,11482.57,19132566,14422740,0
2022-11-13,496,7430323,343,6470905,4,591891,16,3419000,68,503011,99,3941370,3894,791793,4213,11454.57,19136779,14422975,0
2022-11-14,1448,7431771,1026,6471931,19,591910,59,3419059,114,503125,204,3941574,11621,803414,12734,11220.86,19149513,14423915,0
2022-11-15,1490,7433261,1006,6472937,15,591925,103,3419162,166,503291,294,3941868,11278,814692,12658,11128.14,19162171,14425026,0
2022-11-16,1609,7434870,1034,6473971,21,591946,66,3419228,145,503436,246,3942114,11567,826259,12809,11038.29,19174980,14426057,0
2022-11-17,1401,7436271,971,6474942,10,591956,65,3419293,166,503602,272,3942386,10516,836775,11788,10786.29,19186768,14427098,0
2022-11-18,1572,7437843,1098,6476040,12,591968,68,3419361,118,503720,217,3942603,12328,849103,13920,10738.43,19200688,14428504,0
2022-11-19,679,7438522,439,6476479,4,591972,57,3419418,60,503780,126,3942729,5894,854997,6560,10668.86,19207248,14429053,0
2022-11-20,473,7438995,310,6476789,4,591976,12,3419430,35,503815,65,3942794,3537,858534,3837,10615.14,19211085,14429306,0
2022-11-21,1517,7440512,919,6477708,4,591980,51,3419481,81,503896,149,3942943,10392,868926,11364,10419.43,19222449,14430146,0
2022-11-22,1272,7441784,819,6478527,7,591987,53,3419534,88,503984,157,3943100,9254,878180,10269,10078.14,19232718,14431020,0
2022-11-23,1294,7443078,733,6479260,11,591998,63,3419597,75,504059,164,3943264,8675,886855,9603,9620.14,19242321,14431810,0
2022-11-24,19,7443097,9,6479269,2,592000,0,3419597,6,504065,8,3943272,110,886965,135,7955.43,19242456,14431829,0
2022-11-25,680,7443777,474,6479743,13,592013,36,3419633,54,504119,110,3943382,5682,892647,6413,6883,19248869,14432470,0
2022-11-26,590,7444367,379,6480122,2,592015,15,3419648,42,504161,62,3943444,4887,897534,5325,6706.57,19254194,14432851,0
2022-11-27,399,7444766,219,6480341,1,592016,10,3419658,23,504184,48,3943492,3172,900706,3360,6638.43,19257554,14433006,0
2022-11-28,952,7445718,698,6481039,9,592025,58,3419716,62,504246,140,3943632,6959,907665,7919,6146.29,19265473,14433846,0
2022-11-29,926,7446644,707,6481746,8,592033,45,3419761,73,504319,144,3943776,6931,914596,7964,5817,19273437,14434761,0
2022-11-30,1215,7447859,868,6482614,16,592049,49,3419810,53,504372,123,3943899,8729,923325,9735,5835.86,19283172,14435665,0
2022-12-01,1129,7448988,770,6483384,11,592060,60,3419870,95,504467,182,3944081,8482,931807,9545,7180.14,19292717,14436573,0
2022-12-02,1321,7450309,968,6484352,14,592074,70,3419940,103,504570,194,3944275,10228,942035,11551,7914.14,19304268,14437723,0
2022-12-03,609,7450918,421,6484773,12,592086,42,3419982,41,504611,86,3944361,4936,946971,5458,7933.14,19309726,14438162,0
2022-12-04,417,7451335,281,6485054,4,592090,7,3419989,26,504637,40,3944401,3276,950247,3500,7953.14,19313226,14438353,0
2022-12-05,1159,7452494,769,6485823,15,592105,57,3420046,69,504706,142,3944543,8603,958850,9601,8193.43,19322827,14439225,0
2022-12-06,1171,7453665,765,6486588,13,592118,63,3420109,87,504793,169,3944712,8149,966999,9139,8361.29,19331966,14440065,0
2022-12-07,1214,7454879,754,6487342,12,592130,63,3420172,80,504873,165,3944877,8311,975310,9332,8303.71,19341298,14440943,0
2022-12-08,1108,7455987,741,6488083,14,592144,67,3420239,76,504949,165,3945042,8683,983993,9711,8327.43,19351009,14441828,0
2022-12-09,1250,7457237,973,6489056,13,592157,81,3420320,101,505050,208,3945250,10415,994408,11781,8360.29,19362790,14443012,0
2022-12-10,677,7457914,461,6489517,7,592164,38,3420358,75,505125,131,3945381,6135,1000543,6711,8539.29,19369501,14443475,0
2022-12-11,431,7458345,262,6489779,4,592168,11,3420369,35,505160,56,3945437,3685,1004228,3887,8594.57,19373388,14443631,0
2022-12-12,1337,7459682,803,6490582,19,592187,78,3420447,105,505265,208,3945645,9980,1014208,11024,8797.86,19384412,14444492,0
2022-12-13,1268,7460950,842,6491424,17,592204,50,3420497,98,505363,177,3945822,9722,1023930,10751,9028.14,19395163,14445373,0
2022-12-14,1198,7462148,829,6492253,12,592216,67,3420564,99,505462,193,3946015,9645,1033575,10621,9212.29,19405784,14446183,0
2022-12-15,1198,7463346,698,6492951,10,592226,57,3420621,108,505570,181,3946196,8453,1042028,9412,9169.57,19415196,14446977,0
2022-12-16,1201,7464547,803,6493754,12,592238,67,3420688,124,505694,214,3946410,9369,1051397,10536,8991.71,19425732,14447953,0
2022-12-17,657,7465204,461,6494215,8,592246,29,3420717,35,505729,77,3946487,5803,1057200,6275,8929.43,19432007,14448361,0
2022-12-18,454,7465658,236,6494451,2,592248,14,3420731,23,505752,47,3946534,3461,1060661,3666,8897.86,19435673,14448529,0
2022-12-19,1210,7466868,779,6495230,7,592255,50,3420781,80,505832,144,3946678,8913,1069574,9815,8725.14,19445488,14449301,0
2022-12-20,1212,7468080,758,6495988,18,592273,82,3420863,138,505970,277,3946955,8574,1078148,9701,8575.14,19455189,14450208,0
2022-12-21,1095,7469175,693,6496681,16,592289,49,3420912,93,506063,172,3947127,8273,1086421,9142,8363.86,19464331,14450935,0
2022-12-22,995,7470170,584,6497265,4,592293,41,3420953,72,506135,131,3947258,6925,1093346,7649,8112,19471980,14451546,0
2022-12-23,832,7471002,509,6497774,11,592304,39,3420992,57,506192,109,3947367,5882,1099228,6484,7533.14,19478464,14452052,0
2022-12-24,190,7471192,111,6497885,1,592305,2,3420994,15,506207,20,3947387,1377,1100605,1496,6850.43,19479960,14452154,0
2022-12-25,5,7471197,3,6497888,0,592305,0,3420994,0,506207,0,3947387,29,1100634,32,6331.29,19479992,14452157,0
2022-12-26,571,7471768,266,6498154,16,592321,14,3421008,22,506229,41,3947428,3293,1103927,3596,5442.86,19483588,14452424,0
2022-12-27,1088,7472856,603,6498757,13,592334,55,3421063,57,506286,122,3947550,7219,1111146,8014,5201.86,19491602,14453107,0
2022-12-28,1064,7473920,562,6499319,8,592342,53,3421116,62,506348,125,3947675,6978,1118124,7761,5004.57,19499363,14453775,0
2022-12-29,1014,7474934,583,6499902,9,592351,47,3421163,87,506435,158,3947833,6579,1124703,7399,4968.86,19506762,14454461,0
2022-12-30,954,7475888,536,6500438,9,592360,47,3421210,47,506482,104,3947937,6120,1130823,6838,5019.43,19513600,14455085,0
2022-12-31,305,7476193,166,6500604,4,592364,16,3421226,10,506492,29,3947966,1806,1132629,1983,5089,19515583,14455236,0
2023-01-01,15,7476208,9,6500613,0,592364,1,3421227,5,506497,6,3947972,53,1132682,75,5095.14,19515658,14455252,0
2023-01-02,655,7476863,326,6500939,10,592374,14,3421241,23,506520,43,3948015,3654,1136336,3997,5152.43,19519655,14455558,0
2023-01-03,966,7477829,587,6501526,9,592383,41,3421282,55,506575,110,3948125,5454,1141790,6233,4898,19525888,14456241,0
2023-01-04,1084,7478913,671,6502197,17,592400,50,3421332,60,506635,129,3948254,6092,1147882,6949,4782,19532837,14456988,0
2023-01-05,1002,7479915,585,6502782,23,592423,34,3421366,86,506721,140,3948394,5727,1153609,6640,4673.57,19539477,14457781,0
2023-01-06,1047,7480962,775,6503557,17,592440,48,3421414,81,506802,141,3948535,6476,1160085,7515,4770.29,19546992,14458691,0
2023-01-07,602,7481564,429,6503986,8,592448,18,3421432,34,506836,58,3948593,4403,1164488,4864,5181.86,19551856,14459100,0
2023-01-08,378,7481942,244,6504230,4,592452,11,3421443,29,506865,47,3948640,2554,1167042,2764,5566,19554620,14459270,0
2023-01-09,949,7482891,558,6504788,17,592469,49,3421492,39,506904,98,3948738,5586,1172628,6401,5909.43,19561021,14459997,0
2023-01-10,841,7483732,634,6505422,8,592477,47,3421539,65,506969,125,3948863,5288,1177916,6146,5897,19567167,14460743,0
2023-01-11,858,7484590,544,6505966,21,592498,45,3421584,53,507022,118,3948981,5141,1183057,5915,5749.29,19573082,14461419,0
2023-01-12,740,7485330,484,6506450,24,592522,45,3421629,79,507101,141,3949122,4497,1187554,5337,5563.14,19578419,14462135,0
2023-01-13,800,7486130,551,6507001,10,592532,64,3421693,56,507157,137,3949259,5323,1192877,6201,5375.43,19584620,14462893,0
2023-01-14,507,7486637,280,6507281,10,592542,25,3421718,30,507187,57,3949316,3190,1196067,3589,5193.29,19588209,14463237,0
2023-01-15,285,7486922,149,6507430,4,592546,15,3421733,22,507209,52,3949368,1786,1197853,1985,5082,19590194,14463399,0
2023-01-16,500,7487422,298,6507728,11,592557,30,3421763,26,507235,63,3949431,2739,1200592,3168,4620.14,19593362,14463772,0
2023-01-17,787,7488209,463,6508191,19,592576,47,3421810,74,507309,134,3949565,3792,1204384,4632,4403.86,19597994,14464491,0
2023-01-18,794,7489003,472,6508663,14,592590,47,3421857,60,507369,114,3949679,3721,1208105,4513,4203.57,19602507,14465176,0
2023-01-19,638,7489641,429,6509092,6,592596,48,3421905,32,507401,99,3949778,3149,1211254,3867,3993.57,19606374,14465814,0
2023-01-20,666,7490307,459,6509551,20,592616,38,3421943,38,507439,83,3949861,3573,1214827,4320,3724.86,19610694,14466485,0
2023-01-21,360,7490667,189,6509740,12,592628,16,3421959,12,507451,29,3949890,1858,1216685,2146,3518.71,19612840,14466745,0
2023-01-22,216,7490883,62,6509802,5,592633,0,3421959,2,507453,3,3949893,863,1217548,957,3371.86,19613797,14466837,0
2023-01-23,634,7491517,330,6510132,12,592645,15,3421974,45,507498,68,3949961,2702,1220250,3359,3399.14,19617156,14467434,0
2023-01-24,561,7492078,384,6510516,15,592660,35,3422009,33,507531,81,3950042,2982,1223232,3612,3253.43,19620768,14467996,0
2023-01-25,582,7492660,342,6510858,19,592679,31,3422040,36,507567,80,3950122,2641,1225873,3279,3077.14,19624047,14468567,0
2023-01-26,543,7493203,332,6511190,18,592697,30,3422070,50,507617,97,3950219,2581,1228454,3209,2983.14,19627256,14469115,0
2023-01-27,543,7493746,429,6511619,11,592708,33,3422103,45,507662,87,3950306,2723,1231177,3439,2857.29,19630695,14469753,120000
2023-01-28,348,7494094,179,6511798,5,592713,19,3422122,38,507700,65,3950371,1506,1232683,1838,2813.29,19632533,14470028,120000
2023-01-29,223,7494317,105,6511903,2,592715,10,3422132,10,507710,24,3950395,952,1233635,1086,2831.71,19633619,14470142,120000
2023-01-30,582,7494899,381,6512284,18,592733,36,3422168,35,507745,74,3950469,2433,1236068,3123,2798,19636742,14470761,120000
2023-01-31,491,7495390,342,6512626,11,592744,28,3422196,46,507791,86,3950555,2332,1238400,2930,2700.57,19639672,14471285,120000
2023-02-01,445,7495835,315,6512941,15,592759,37,3422233,41,507832,86,3950641,2181,1240581,2773,2628.29,19642445,14471799,120000
2023-02-02,174,7496009,130,6513071,4,592763,10,3422243,14,507846,29,3950670,734,1241315,1006,2313.57,19643451,14472047,120000
