"DATE","ADMIN_DOSE1_DAILY","ADMIN_DOSE1_CUMULATIVE","ADMIN_DOSE2_DAILY","ADMIN_DOSE2_CUMULATIVE","ADMIN_SINGLE_DAILY","ADMIN_SINGLE_CUMULATIVE","ADMIN_ALLDOSES_DAILY","ADMIN_ALLDOSES_7DAYAVG","ADMIN_ALLDOSES_CUMULATIVE","INCOMPLETE"
"2020-12-14",79,79,0,0,0,0,79,,79,0
"2020-12-15",2048,2127,3,3,3,3,2054,,2133,0
"2020-12-16",4563,6690,13,16,1,4,4577,,6710,0
"2020-12-17",4652,11342,12,28,0,4,4664,,11374,0
"2020-12-18",5792,17134,24,52,2,6,5818,,17192,0
"2020-12-19",1686,18820,6,58,3,9,1695,,18887,0
"2020-12-20",1108,19928,2,60,1,10,1111,2856.86,19998,0
"2020-12-21",6270,26198,11,71,1,11,6282,3743,26280,0
"2020-12-22",9763,35961,19,90,2,13,9784,4847.29,36064,0
"2020-12-23",14238,50199,34,124,2,15,14274,6232.57,50338,0
"2020-12-24",7199,57398,54,178,1,16,7254,6602.57,57592,0
"2020-12-25",180,57578,0,178,0,16,180,5797.14,57772,0
"2020-12-26",4328,61906,36,214,0,16,4364,6178.43,62136,0
"2020-12-27",3830,65736,7,221,0,16,3837,6567.86,65973,0
"2020-12-28",10975,76711,36,257,1,17,11012,7243.57,76985,0
"2020-12-29",10699,87410,25,282,2,19,10726,7378.14,87711,0
"2020-12-30",12780,100190,50,332,0,19,12830,7171.86,100541,0
"2020-12-31",7236,107426,19,351,0,19,7255,7172,107796,0
"2021-01-01",181,107607,2,353,1,20,184,7172.57,107980,0
"2021-01-02",3807,111414,8,361,2,22,3817,7094.43,111797,0
"2021-01-03",3526,114940,18,379,1,23,3545,7052.71,115342,0
"2021-01-04",12194,127134,791,1170,0,23,12985,7334.57,128327,0
"2021-01-05",13981,141115,2155,3325,0,23,16136,8107.43,144463,0
"2021-01-06",17716,158831,3888,7213,0,23,21604,9360.86,166067,0
"2021-01-07",16419,175250,5131,12344,3,26,21553,11403.43,187620,0
"2021-01-08",16453,191703,5357,17701,0,26,21810,14492.86,209430,0
"2021-01-09",7660,199363,1441,19142,1,27,9102,15247.86,218532,0
"2021-01-10",7865,207228,963,20105,0,27,8828,16002.57,227360,0
"2021-01-11",25627,232855,7302,27407,1,28,32930,18851.86,260290,0
"2021-01-12",27901,260756,7779,35186,1,29,35681,21644,295971,0
"2021-01-13",31438,292194,9314,44500,1,30,40753,24379.57,336724,0
"2021-01-14",35518,327712,5269,49769,1,31,40788,27127.43,377512,0
"2021-01-15",28975,356687,3558,53327,2,33,32535,28659.57,410047,0
"2021-01-16",30141,386828,2311,55638,0,33,32452,31995.29,442499,0
"2021-01-17",23826,410654,1563,57201,0,33,25389,34361.14,467888,0
"2021-01-18",26927,437581,2324,59525,0,33,29251,33835.57,497139,0
"2021-01-19",33940,471521,9523,69048,2,35,43465,34947.57,540604,0
"2021-01-20",34462,505983,9357,78405,1,36,43820,35385.71,584424,0
"2021-01-21",25194,531177,7975,86380,0,36,33169,34297.29,617593,0
"2021-01-22",24248,555425,4343,90723,0,36,28591,33733.86,646184,0
"2021-01-23",15306,570731,3184,93907,0,36,18490,31739.29,664674,0
"2021-01-24",6975,577706,3399,97306,0,36,10374,29594.29,675048,0
"2021-01-25",13033,590739,11692,108998,0,36,24725,28947.71,699773,0
"2021-01-26",16355,607094,10560,119558,0,36,26915,26583.43,726688,0
"2021-01-27",20370,627464,12161,131719,0,36,32531,24970.71,759219,0
"2021-01-28",30427,657891,12662,144381,0,36,43089,26387.86,802308,0
"2021-01-29",31356,689247,11254,155635,0,36,42610,28390.57,844918,0
"2021-01-30",18430,707677,3656,159291,0,36,22086,28904.29,867004,0
"2021-01-31",12940,720617,2850,162141,0,36,15790,29678,882794,0
"2021-02-01",1124,721741,5286,167427,2,38,6412,27061.86,889206,0
"2021-02-02",2787,724528,9245,176672,2,40,12034,24936,901240,0
"2021-02-03",16209,740737,20725,197397,3,43,36937,25565.43,938177,0
"2021-02-04",26742,767479,19175,216572,2,45,45919,25969.71,984096,0
"2021-02-05",27253,794732,19583,236155,0,45,46836,26573.43,1030932,0
"2021-02-06",22769,817501,11073,247228,0,45,33842,28252.86,1064774,0
"2021-02-07",12049,829550,8120,255348,0,45,20169,28878.43,1084943,0
"2021-02-08",16768,846318,23138,278486,2,47,39908,33663.57,1124851,0
"2021-02-09",17002,863320,27655,306141,2,49,44659,38324.29,1169510,0
"2021-02-10",19456,882776,28788,334929,1,50,48245,39939.71,1217755,0
"2021-02-11",27717,910493,32920,367849,2,52,60639,42042.57,1278394,0
"2021-02-12",38285,948778,30170,398019,3,55,68458,45131.43,1346852,0
"2021-02-13",27800,976578,24806,422825,2,57,52608,47812.29,1399460,0
"2021-02-14",16233,992811,23401,446226,0,57,39634,50593,1439094,0
"2021-02-15",12625,1005436,10295,456521,1,58,22921,48166.29,1462015,0
"2021-02-16",14066,1019502,26203,482724,0,58,40269,47539.14,1502284,0
"2021-02-17",16124,1035626,21653,504377,1,59,37778,46043.86,1540062,0
"2021-02-18",11991,1047617,24582,528959,22,81,36595,42609,1576657,0
"2021-02-19",13069,1060686,23565,552524,39,120,36673,38068.29,1613330,0
"2021-02-20",11158,1071844,25825,578349,6,126,36989,35837,1650319,0
"2021-02-21",6283,1078127,17286,595635,15,141,23584,33544.14,1673903,0
"2021-02-22",12673,1090800,11615,607250,2,143,24290,33739.71,1698193,0
"2021-02-23",24929,1115729,13936,621186,1,144,38866,33539.29,1737059,0
"2021-02-24",35998,1151727,19779,640965,0,144,55777,36110.57,1792836,0
"2021-02-25",54391,1206118,29546,670511,7,151,83944,42874.71,1876780,0
"2021-02-26",62686,1268804,30942,701453,4,155,93632,51011.71,1970412,0
"2021-02-27",51172,1319976,22070,723523,49,204,73291,56197.71,2043703,0
"2021-02-28",44662,1364638,13397,736920,3,207,58062,61123.14,2101765,0
"2021-03-01",39028,1403666,12081,749001,8,215,51117,64955.57,2152882,0
"2021-03-02",46801,1450467,11789,760790,6,221,58596,67774.14,2211478,0
"2021-03-03",48243,1498710,15403,776193,16,237,63662,68900.57,2275140,0
"2021-03-04",59486,1558196,22114,798307,1089,1326,82689,68721.29,2357829,0
"2021-03-05",60611,1618807,23657,821964,3111,4437,87379,67828,2445208,0
"2021-03-06",46898,1665705,18388,840352,5433,9870,70719,67460.57,2515927,0
"2021-03-07",35951,1701656,14530,854882,6244,16114,56725,67269.57,2572652,0
"2021-03-08",39350,1741006,14289,869171,8552,24666,62191,68851.57,2634843,0
"2021-03-09",38792,1779798,12036,881207,7768,32434,58596,68851.57,2693439,0
"2021-03-10",51362,1831160,14287,895494,5049,37483,70698,69856.71,2764137,0
"2021-03-11",59845,1891005,20702,916196,4568,42051,85115,70203.29,2849252,0
"2021-03-12",51929,1942934,29313,945509,4135,46186,85377,69917.29,2934629,0
"2021-03-13",40497,1983431,26333,971842,5099,51285,71929,70090.14,3006558,0
"2021-03-14",30658,2014089,15480,987322,4554,55839,50692,69228.29,3057250,0
"2021-03-15",33328,2047417,16248,1003570,4789,60628,54365,68110.29,3111615,0
"2021-03-16",38415,2085832,19391,1022961,4915,65543,62721,68699.57,3174336,0
"2021-03-17",42379,2128211,23654,1046615,4241,69784,70274,68639,3244610,0
"2021-03-18",50360,2178571,25698,1072313,5280,75064,81338,68099.43,3325948,0
"2021-03-19",47594,2226165,28757,1101070,5616,80680,81967,67612.29,3407915,0
"2021-03-20",38612,2264777,24893,1125963,4681,85361,68186,67077.57,3476101,0
"2021-03-21",29241,2294018,18508,1144471,771,86132,48520,66767.29,3524621,0
"2021-03-22",33731,2327749,25556,1170027,4025,90157,63312,68045.43,3587933,0
"2021-03-23",38233,2365982,31465,1201492,4203,94360,73901,69642.57,3661834,0
"2021-03-24",41354,2407336,36257,1237749,4807,99167,82418,71377.43,3744252,0
"2021-03-25",43241,2450577,49026,1286775,5026,104193,97293,73656.71,3841545,0
"2021-03-26",38335,2488912,53602,1340377,4257,108450,96194,75689.14,3937739,0
"2021-03-27",35651,2524563,43937,1384314,2921,111371,82509,77735.29,4020248,0
"2021-03-28",26388,2550951,32930,1417244,1472,112843,60790,79488.14,4081038,0
"2021-03-29",34672,2585623,37066,1454310,3233,116076,74971,81153.71,4156009,0
"2021-03-30",40283,2625906,40492,1494802,3685,119761,84460,82662.14,4240469,0
"2021-03-31",49244,2675150,43316,1538118,7422,127183,99982,85171.29,4340451,0
"2021-04-01",50523,2725673,52864,1590982,11146,138329,114533,87634.14,4454984,0
"2021-04-02",43539,2769212,52842,1643824,11868,150197,108249,89356.29,4563233,0
"2021-04-03",39105,2808317,38347,1682171,9775,159972,87227,90030.29,4650460,0
"2021-04-04",26497,2834814,23801,1705972,3856,163828,54154,89082.29,4704614,0
"2021-04-05",41703,2876517,33699,1739671,11089,174917,86491,90728,4791105,0
"2021-04-06",52961,2929478,34387,1774058,13056,187973,100404,93005.71,4891509,0
"2021-04-07",55357,2984835,39698,1813756,14280,202253,109335,94341.86,5000844,0
"2021-04-08",59032,3043867,45508,1859264,16206,218459,120746,95229.43,5121590,0
"2021-04-09",56401,3100268,43713,1902977,17339,235798,117453,96544.29,5239043,0
"2021-04-10",49197,3149465,35374,1938351,12574,248372,97145,97961.14,5336188,0
"2021-04-11",38126,3187591,28684,1967035,7520,255892,74330,100843.43,5410518,0
"2021-04-12",46494,3234085,31486,1998521,13382,269274,91362,101539.29,5501880,0
"2021-04-13",52345,3286430,33379,2031900,363,269637,86087,99494,5587967,0
"2021-04-14",49988,3336418,39526,2071426,9,269646,89523,96663.71,5677490,0
"2021-04-15",51983,3388401,43169,2114595,9,269655,95161,93008.71,5772651,0
"2021-04-16",51042,3439443,41837,2156432,24,269679,92903,89501.57,5865554,0
"2021-04-17",43768,3483211,35411,2191843,3,269682,79182,86935.43,5944736,0
"2021-04-18",28623,3511834,29250,2221093,4,269686,57877,84585,6002613,0
"2021-04-19",37358,3549192,36089,2257182,14,269700,73461,82027.71,6076074,0
"2021-04-20",40721,3589913,39298,2296480,16,269716,80035,81163.14,6156109,0
"2021-04-21",38911,3628824,45504,2341984,11,269727,84426,80435,6240535,0
"2021-04-22",38498,3667322,48459,2390443,5,269732,86962,79263.71,6327497,0
"2021-04-23",39624,3706946,43890,2434333,5,269737,83519,77923.14,6411016,0
"2021-04-24",31843,3738789,41238,2475571,45,269782,73126,77058,6484142,0
"2021-04-25",18404,3757193,31135,2506706,84,269866,49623,75878.86,6533765,0
"2021-04-26",26854,3784047,40365,2547071,1009,270875,68228,75131.29,6601993,0
"2021-04-27",28605,3812652,46680,2593751,1689,272564,76974,74694,6678967,0
"2021-04-28",27123,3839775,56345,2650096,2132,274696,85600,74861.71,6764567,0
"2021-04-29",28725,3868500,56697,2706793,2124,276820,87546,74945.14,6852113,0
"2021-04-30",30160,3898660,51496,2758289,2012,278832,83668,74966.43,6935781,0
"2021-05-01",22519,3921179,44207,2802496,1163,279995,67889,74218.29,7003670,0
"2021-05-02",11947,3933126,36517,2839013,1077,281072,49541,74206.57,7053211,0
"2021-05-03",17997,3951123,52690,2891703,2373,283445,73060,74896.86,7126271,0
"2021-05-04",22720,3973843,56262,2947965,2312,285757,81294,75514,7207565,0
"2021-05-05",21512,3995355,48456,2996421,2300,288057,72268,73609.43,7279833,0
"2021-05-06",20657,4016012,49759,3046180,2488,290545,72904,71517.71,7352737,0
"2021-05-07",21271,4037283,51723,3097903,2786,293331,75780,70390.86,7428517,0
"2021-05-08",16648,4053931,41608,3139511,1833,295164,60089,69276.57,7488606,0
"2021-05-09",7992,4061923,29342,3168853,1260,296424,38594,67712.71,7527200,0
"2021-05-10",14364,4076287,38237,3207090,2342,298766,54943,65124.57,7582143,0
"2021-05-11",19944,4096231,42724,3249814,2491,301257,65159,62819.57,7647302,0
"2021-05-12",17754,4113985,40167,3289981,3577,304834,61498,61281,7708800,0
"2021-05-13",24912,4138897,40127,3330108,3217,308051,68256,60617,7777056,0
"2021-05-14",26979,4165876,42584,3372692,3524,311575,73087,60232.29,7850143,0
"2021-05-15",23673,4189549,34641,3407333,3352,314927,61666,60457.57,7911809,0
"2021-05-16",15553,4205102,19315,3426648,2497,317424,37365,60282,7949174,0
"2021-05-17",22628,4227730,28849,3455497,3239,320663,54716,60249.57,8003890,0
"2021-05-18",24602,4252332,31599,3487096,3383,324046,59584,59453.14,8063474,0
"2021-05-19",24198,4276530,29417,3516513,3021,327067,56636,58758.57,8120110,0
"2021-05-20",24150,4300680,29712,3546225,3128,330195,56990,57149.14,8177100,0
"2021-05-21",24674,4325354,31611,3577836,3043,333238,59328,55183.57,8236428,0
"2021-05-22",19989,4345343,24140,3601976,2522,335760,46651,53038.57,8283079,0
"2021-05-23",11238,4356581,13668,3615644,1407,337167,26313,51459.71,8309392,0
"2021-05-24",18864,4375445,22913,3638557,2752,339919,44529,50004.43,8353921,0
"2021-05-25",19433,4394878,23155,3661712,2583,342502,45171,47945.43,8399092,0
"2021-05-26",18646,4413524,20824,3682536,2684,345186,42154,45876.57,8441246,0
"2021-05-27",18420,4431944,20981,3703517,2521,347707,41922,43724,8483168,0
"2021-05-28",17821,4449765,22661,3726178,2718,350425,43200,41420,8526368,0
"2021-05-29",12677,4462442,17642,3743820,1752,352177,32071,39337.14,8558439,0
"2021-05-30",7037,4469479,8912,3752732,1072,353249,17021,38009.71,8575460,0
"2021-05-31",4760,4474239,6869,3759601,1011,354260,12640,33454.14,8588100,0
"2021-06-01",16048,4490287,24974,3784575,2157,356417,43179,33169.57,8631279,0
"2021-06-02",15334,4505621,20149,3804724,2079,358496,37562,32513.57,8668841,0
"2021-06-03",14997,4520618,23534,3828258,2272,360768,40803,32353.71,8709644,0
"2021-06-04",14689,4535307,25689,3853947,2467,363235,42845,32303,8752489,0
"2021-06-05",10971,4546278,21877,3875824,1801,365036,34649,32671.29,8787138,0
"2021-06-06",6467,4552745,14372,3890196,1219,366255,22058,33390.86,8809196,0
"2021-06-07",11734,4564479,21573,3911769,2366,368621,35673,36681.29,8844869,0
"2021-06-08",12652,4577131,23819,3935588,2054,370675,38525,36016.43,8883394,0
"2021-06-09",11092,4588223,22749,3958337,2265,372940,36106,35808.43,8919500,0
"2021-06-10",12077,4600300,21951,3980288,2451,375391,36479,35190.71,8955979,0
"2021-06-11",12673,4612973,24888,4005176,2457,377848,40018,34786.86,8995997,0
"2021-06-12",10152,4623125,19155,4024331,1878,379726,31185,34292,9027182,0
"2021-06-13",4255,4627380,10902,4035233,1217,380943,16374,33480,9043556,0
"2021-06-14",10199,4637579,19052,4054285,2041,382984,31292,32854.14,9074848,0
"2021-06-15",11882,4649461,20835,4075120,1934,384918,34651,32300.71,9109499,0
"2021-06-16",11581,4661042,19206,4094326,1947,386865,32734,31819,9142233,0
"2021-06-17",11020,4672062,18488,4112814,1955,388820,31463,31102.43,9173696,0
"2021-06-18",12169,4684231,18187,4131001,2101,390921,32457,30022.29,9206153,0
"2021-06-19",8510,4692741,13348,4144349,1455,392376,23313,28897.71,9229466,0
"2021-06-20",4368,4697109,7127,4151476,919,393295,12414,28332,9241880,0
"2021-06-21",10171,4707280,9900,4161376,1782,395077,21853,26983.57,9263733,0
"2021-06-22",9844,4717124,15519,4176895,1567,396644,26930,25880.57,9290663,0
"2021-06-23",10312,4727436,14944,4191839,1843,398487,27099,25075.57,9317762,0
"2021-06-24",9647,4737083,14482,4206321,1786,400273,25915,24283,9343677,0
"2021-06-25",10572,4747655,14210,4220531,1692,401965,26474,23428.29,9370151,0
"2021-06-26",7813,4755468,10326,4230857,1227,403192,19366,22864.43,9389517,0
"2021-06-27",5036,4760504,5959,4236816,783,403975,11778,22773.57,9401295,0
"2021-06-28",9041,4769545,10213,4247029,1507,405482,20761,22617.57,9422056,0
"2021-06-29",9755,4779300,12177,4259206,1329,406811,23261,22093.43,9445317,0
"2021-06-30",9382,4788682,10758,4269964,1458,408269,21598,21307.57,9466915,0
"2021-07-01",9297,4797979,10750,4280714,1392,409661,21439,20668.14,9488354,0
"2021-07-02",9621,4807600,11228,4291942,1501,411162,22350,20079,9510704,0
"2021-07-03",7030,4814630,8254,4300196,1182,412344,16466,19664.71,9527170,0
"2021-07-04",1294,4815924,1322,4301518,562,412906,3178,18436.14,9530348,0
"2021-07-05",6485,4822409,7046,4308564,1186,414092,14717,17572.71,9545065,0
"2021-07-06",9487,4831896,12640,4321204,1280,415372,23407,17593.57,9568472,0
"2021-07-07",8619,4840515,10846,4332050,1379,416751,20844,17485.86,9589316,0
"2021-07-08",8158,4848673,10000,4342050,1223,417974,19381,17191.86,9608697,0
"2021-07-09",8321,4856994,10628,4352678,1241,419215,20190,16883.29,9628887,0
"2021-07-10",7092,4864086,8500,4361178,1117,420332,16709,16918,9645596,0
"2021-07-11",4114,4868200,4512,4365690,699,421031,9325,17796.14,9654921,0
"2021-07-12",8399,4876599,9413,4375103,1233,422264,19045,18414.43,9673966,0
"2021-07-13",9423,4886022,9221,4384324,936,423200,19580,17867.71,9693546,0
"2021-07-14",8927,4894949,9387,4393711,996,424196,19310,17648.57,9712856,0
"2021-07-15",8697,4903646,8970,4402681,1041,425237,18708,17552.43,9731564,0
"2021-07-16",9197,4912843,9630,4412311,965,426202,19792,17495.57,9751356,0
"2021-07-17",6819,4919662,7285,4419596,788,426990,14892,17236,9766248,0
"2021-07-18",4250,4923912,4259,4423855,567,427557,9076,17200.43,9775324,0
"2021-07-19",9057,4932969,8355,4432210,988,428545,18400,17108.29,9793724,0
"2021-07-20",10549,4943518,8644,4440854,984,429529,20177,17193.57,9813901,0
"2021-07-21",9964,4953482,8575,4449429,902,430431,19441,17212.29,9833342,0
"2021-07-22",10585,4964067,8371,4457800,1035,431466,19991,17395.57,9853333,0
"2021-07-23",11120,4975187,8708,4466508,1096,432562,20924,17557.29,9874257,0
"2021-07-24",7370,4982557,6638,4473146,667,433229,14675,17526.29,9888932,0
"2021-07-25",5485,4988042,2093,4475239,504,433733,8082,17384.29,9897014,0
"2021-07-26",10850,4998892,6922,4482161,844,434577,18616,17415.14,9915630,0
"2021-07-27",12043,5010935,8476,4490637,842,435419,21361,17584.29,9936991,0
"2021-07-28",11845,5022780,7869,4498506,935,436354,20649,17756.86,9957640,0
"2021-07-29",10836,5033616,7276,4505782,955,437309,19067,17624.86,9976707,0
"2021-07-30",14818,5048434,7848,4513630,1126,438435,23792,18034.57,10000499,0
"2021-07-31",9695,5058129,6197,4519827,808,439243,16700,18323.86,10017199,0
"2021-08-01",6438,5064567,3283,4523110,520,439763,10241,18632.29,10027440,0
"2021-08-02",13297,5077864,7066,4530176,816,440579,21179,18998.43,10048619,0
"2021-08-03",15200,5093064,8249,4538425,977,441556,24426,19436.29,10073045,0
"2021-08-04",17028,5110092,7913,4546338,1404,442960,26345,20250,10099390,0
"2021-08-05",17583,5127675,7680,4554018,1307,444267,26570,21321.86,10125960,0
"2021-08-06",18081,5145756,8161,4562179,1199,445466,27441,21843.14,10153401,0
"2021-08-07",13244,5159000,5865,4568044,754,446220,19863,22295,10173264,0
"2021-08-08",9278,5168278,3799,4571843,384,446604,13461,22755,10186725,0
"2021-08-09",21013,5189291,8329,4580172,931,447535,30273,24054.14,10216998,0
"2021-08-10",18638,5207929,9137,4589309,863,448398,28638,24655.86,10245636,0
"2021-08-11",15318,5223247,8063,4597372,797,449195,24178,24346.29,10269814,0
"2021-08-12",14788,5238035,8697,4606069,894,450089,24379,24033.29,10294193,0
"2021-08-13",14548,5252583,8975,4615044,872,450961,24395,23598.14,10318588,0
"2021-08-14",10255,5262838,6208,4621252,523,451484,16986,23187.14,10335574,0
"2021-08-15",6616,5269454,4392,4625644,545,452029,11553,22914.57,10347127,0
"2021-08-16",14267,5283721,8648,4634292,1097,453126,24012,22020.14,10371139,0
"2021-08-17",16285,5300006,9147,4643439,1155,454281,26587,21727.14,10397726,0
"2021-08-18",15937,5315943,9158,4652597,1154,455435,26249,22023,10423975,120000
"2021-08-19",14979,5330922,8545,4661142,1254,456689,24778,22080,10448753,120000
"2021-08-20",13581,5344503,9909,4671051,1119,457808,24609,22110.57,10473362,120000
"2021-08-21",9474,5353977,6975,4678026,757,458565,17206,22142,10490568,120000
"2021-08-22",3276,5357253,3484,4681510,215,458780,6975,21488,10497543,120000
"2021-08-23",11712,5368965,8892,4690402,852,459632,21456,21122.86,10518999,120000
"2021-08-24",5262,5374227,4222,4694624,425,460057,9909,18740.29,10528908,120000
