"DATE","ADMIN_DOSE1_DAILY","ADMIN_DOSE1_CUMULATIVE","ADMIN_DOSE2_DAILY","ADMIN_DOSE2_CUMULATIVE","ADMIN_SINGLE_DAILY","ADMIN_SINGLE_CUMULATIVE","ADMIN_ADDITIONAL1_DAILY","ADMIN_ADDITIONAL1_CUMULATIVE","ADMIN_ADDITIONAL2_DAILY","ADMIN_ADDITIONAL2_CUMULATIVE","ADMIN_ADDITIONAL_DAILY","ADMIN_ADDITIONAL_CUMULATIVE","ADMIN_ALLDOSES_DAILY","ADMIN_ALLDOSES_7DAYAVG","ADMIN_ALLDOSES_CUMULATIVE","ADMIN_ALLDOSES_PRIMARY","INCOMPLETE"
2020-12-14,79,79,0,0,2,2,0,0,0,0,0,0,81,,81,81,0
2020-12-15,2051,2130,6,6,5,7,0,0,0,0,0,0,2062,,2143,2143,0
2020-12-16,4607,6737,15,21,4,11,1,1,0,0,1,1,4627,,6770,6769,0
2020-12-17,4659,11396,18,39,2,13,1,2,0,0,1,2,4680,,11450,11448,0
2020-12-18,5833,17229,18,57,2,15,2,4,0,0,2,4,5855,,17305,17301,0
2020-12-19,1688,18917,8,65,3,18,0,4,0,0,0,4,1699,,19004,19000,0
2020-12-20,1116,20033,2,67,1,19,0,4,0,0,0,4,1119,2874.71,20123,20119,0
2020-12-21,6344,26377,20,87,0,19,5,9,0,0,5,9,6369,3773,26492,26483,0
2020-12-22,9796,36173,27,114,2,21,2,11,0,0,2,11,9827,4882.29,36319,36308,0
2020-12-23,14274,50447,35,149,3,24,0,11,0,0,0,11,14312,6265.86,50631,50620,0
2020-12-24,7197,57644,26,175,1,25,0,11,0,0,0,11,7224,6629.29,57855,57844,0
2020-12-25,180,57824,0,175,0,25,1,12,0,0,1,12,181,5818.71,58036,58024,0
2020-12-26,4391,62215,45,220,0,25,1,13,0,0,1,13,4437,6209.86,62473,62460,0
2020-12-27,3870,66085,14,234,0,25,1,14,0,0,1,14,3885,6605,66358,66344,0
2020-12-28,10993,77078,50,284,1,26,3,17,0,0,3,17,11047,7273.29,77405,77388,0
2020-12-29,10716,87794,35,319,2,28,3,20,0,0,3,20,10756,7406,88161,88141,0
2020-12-30,12822,100616,45,364,0,28,0,20,0,0,0,20,12867,7199.57,101028,101008,0
2020-12-31,7259,107875,37,401,1,29,0,20,0,0,0,20,7297,7210,108325,108305,0
2021-01-01,180,108055,2,403,1,30,3,23,0,0,3,23,186,7210.71,108511,108488,0
2021-01-02,3809,111864,10,413,3,33,2,25,0,0,2,25,3824,7123.14,112335,112310,0
2021-01-03,3541,115405,25,438,2,35,1,26,0,0,1,26,3569,7078,115904,115878,0
2021-01-04,12255,127660,808,1246,2,37,7,33,0,0,7,33,13072,7367.29,128976,128943,0
2021-01-05,14092,141752,2192,3438,2,39,13,46,1,1,14,47,16300,8159.29,145276,145229,0
2021-01-06,17796,159548,3927,7365,1,40,32,78,8,9,40,87,21764,9430.29,167040,166953,0
2021-01-07,16548,176096,5174,12539,4,44,46,124,3,12,49,136,21775,11498.57,188815,188679,0
2021-01-08,16614,192710,5460,17999,0,44,34,158,4,16,38,174,22112,14630.86,210927,210753,0
2021-01-09,7651,200361,1463,19462,1,45,7,165,2,18,9,183,9124,15388,220051,219868,0
2021-01-10,7880,208241,983,20445,0,45,11,176,0,18,11,194,8874,16145.86,228925,228731,0
2021-01-11,25817,234058,7459,27904,2,47,51,227,8,26,59,253,33337,19040.86,262262,262009,0
2021-01-12,28250,262308,7863,35767,1,48,44,271,4,30,48,301,36162,21878.29,298424,298123,0
2021-01-13,31713,294021,9401,45168,1,49,58,329,4,34,62,363,41177,24651.57,339601,339238,0
2021-01-14,35805,329826,5318,50486,1,50,32,361,7,41,39,402,41163,27421.29,380764,380362,0
2021-01-15,29255,359081,3712,54198,2,52,31,392,5,46,36,438,33005,28977.43,413769,413331,0
2021-01-16,30278,389359,2388,56586,0,52,24,416,6,52,30,468,32696,32344.86,446465,445997,0
2021-01-17,23739,413098,1638,58224,0,52,19,435,1,53,20,488,25397,34705.29,471862,471374,0
2021-01-18,27091,440189,2424,60648,0,52,36,471,7,60,43,531,29559,34165.57,501421,500890,0
2021-01-19,34290,474479,9634,70282,1,53,70,541,6,66,76,607,44001,35285.43,545422,544815,0
2021-01-20,34861,509340,9500,79782,1,54,59,600,4,70,63,670,44425,35749.43,589847,589177,0
2021-01-21,25585,534925,8098,87880,2,56,51,651,5,75,56,726,33741,34689.14,623588,622862,0
2021-01-22,24748,559673,4385,92265,1,57,32,683,8,83,40,766,29174,34141.86,652762,651996,0
2021-01-23,15741,575414,3226,95491,0,57,10,693,2,85,12,778,18979,32182.29,671741,670963,0
2021-01-24,7175,582589,3457,98948,0,57,19,712,1,86,20,798,10652,30075.86,682393,681595,0
2021-01-25,13407,595996,11824,110772,0,57,66,778,12,98,78,876,25309,29468.71,707702,706826,0
2021-01-26,16752,612748,10762,121534,0,57,69,847,3,101,72,948,27586,27123.71,735288,734340,0
2021-01-27,20832,633580,12359,133893,0,57,53,900,9,110,62,1010,33253,25527.71,768541,767531,0
2021-01-28,30757,664337,12851,146744,0,57,84,984,16,126,100,1110,43711,26952,812252,811142,0
2021-01-29,31685,696022,11513,158257,0,57,82,1066,11,137,93,1203,43291,28968.71,855543,854340,0
2021-01-30,18709,714731,3743,162000,0,57,20,1086,2,139,22,1225,22474,29468,878017,876792,0
2021-01-31,13011,727742,2926,164926,1,58,29,1115,5,144,34,1259,15972,30228,893989,892730,0
2021-02-01,1179,728921,5369,170295,4,62,36,1151,4,148,40,1299,6592,27554.14,900581,899282,0
2021-02-02,2823,731744,9477,179772,2,64,48,1199,5,153,53,1352,12355,25378.29,912936,911584,0
2021-02-03,16344,748088,21243,201015,4,68,210,1409,20,173,230,1582,37821,26030.86,950757,949175,0
2021-02-04,27039,775127,19648,220663,3,71,207,1616,10,183,217,1799,46907,26487.43,997664,995865,0
2021-02-05,27586,802713,20034,240697,0,71,185,1801,15,198,200,1999,47820,27134.43,1045484,1043485,0
2021-02-06,22986,825699,11251,251948,0,71,112,1913,13,211,125,2124,34362,28832.71,1079846,1077722,0
2021-02-07,12039,837738,8283,260231,1,72,93,2006,14,225,107,2231,20430,29469.57,1100276,1098045,0
2021-02-08,16951,854689,23518,283749,2,74,238,2244,34,259,272,2503,40743,34348.29,1141019,1138516,0
2021-02-09,17194,871883,28108,311857,2,76,344,2588,42,301,386,2889,45690,39110.43,1186709,1183820,0
2021-02-10,19593,891476,29296,341153,2,78,273,2861,49,350,322,3211,49214,40738,1235923,1232712,0
2021-02-11,27838,919314,33468,374621,2,80,346,3207,56,406,402,3613,61712,42853,1297635,1294022,0
2021-02-12,38373,957687,30804,405425,3,83,361,3568,40,446,401,4014,69581,45961.71,1367216,1363202,0
2021-02-13,27998,985685,25308,430733,2,85,311,3879,57,503,368,4382,53677,48721,1420893,1416511,0
2021-02-14,16271,1001956,23721,454454,0,85,274,4153,34,537,308,4690,40300,51559.57,1461193,1456503,0
2021-02-15,12796,1014752,10522,464976,2,87,178,4331,24,561,202,4892,23522,49099.43,1484715,1479823,0
2021-02-16,14238,1028990,26720,491696,0,87,332,4663,38,599,370,5262,41328,48476.29,1526043,1520781,0
2021-02-17,16387,1045377,22201,513897,1,88,283,4946,37,636,320,5582,38909,47004.14,1564952,1559370,0
2021-02-18,12143,1057520,24987,538884,21,109,298,5244,45,681,343,5925,37494,43544.43,1602446,1596521,0
2021-02-19,13258,1070778,23926,562810,39,148,312,5556,46,727,358,6283,37581,38973,1640027,1633744,0
2021-02-20,11352,1082130,26069,588879,6,154,332,5888,78,805,410,6693,37838,36710.29,1677865,1671172,0
2021-02-21,6357,1088487,17414,606293,15,169,292,6180,46,851,338,7031,24124,34399.43,1701989,1694958,0
2021-02-22,13042,1101529,11840,618133,2,171,131,6311,20,871,151,7182,25035,34615.57,1727024,1719842,0
2021-02-23,25249,1126778,14138,632271,1,172,161,6472,35,906,196,7378,39585,34366.57,1766609,1759231,0
2021-02-24,36350,1163128,20388,652659,0,172,233,6705,43,949,276,7654,57014,36953,1823623,1815969,0
2021-02-25,54600,1217728,30395,683054,6,178,408,7113,63,1012,471,8125,85472,43807,1909095,1900970,0
2021-02-26,62844,1280572,31874,714928,4,182,417,7530,78,1090,495,8620,95217,52040.71,2004312,1995692,0
2021-02-27,51282,1331854,22751,737679,47,229,343,7873,52,1142,395,9015,74475,57274.57,2078787,2069772,0
2021-02-28,44572,1376426,13841,751520,7,236,204,8077,36,1178,240,9255,58660,62208.29,2137447,2128192,0
2021-03-01,39312,1415738,12781,764301,10,246,168,8245,25,1203,193,9448,52296,66102.71,2189743,2180295,0
2021-03-02,47078,1462816,12580,776881,7,253,157,8402,14,1217,171,9619,59836,68995.71,2249579,2239960,0
2021-03-03,48599,1511415,16156,793037,17,270,150,8552,21,1238,171,9790,64943,70128.43,2314522,2304732,0
2021-03-04,59816,1571231,22817,815854,1092,1362,275,8827,36,1274,311,10101,84036,69923.29,2398558,2388457,0
2021-03-05,60969,1632200,24287,840141,3108,4470,340,9167,36,1310,376,10477,88740,68998,2487298,2476821,0
2021-03-06,47171,1679371,18879,859020,5451,9921,248,9415,36,1346,284,10761,71785,68613.71,2559083,2548322,0
2021-03-07,36039,1715410,14881,873901,6244,16165,234,9649,20,1366,254,11015,57418,68436.29,2616501,2605486,0
2021-03-08,39616,1755026,14686,888587,8560,24725,317,9966,92,1458,409,11424,63271,70004.14,2679772,2668348,0
2021-03-09,39100,1794126,12854,901441,7760,32485,185,10151,34,1492,219,11643,59933,70018,2739705,2728062,0
2021-03-10,51823,1845949,15358,916799,5066,37551,229,10380,32,1524,261,11904,72508,71098.71,2812213,2800309,0
2021-03-11,59977,1905926,21826,938625,4619,42170,251,10631,48,1572,299,12203,86721,71482.29,2898934,2886731,0
2021-03-12,52193,1958119,30298,968923,4182,46352,390,11021,85,1657,475,12678,87148,71254.86,2986082,2973404,0
2021-03-13,40646,1998765,26684,995607,5109,51461,332,11353,53,1710,385,13063,72824,71403.29,3058906,3045843,0
2021-03-14,30709,2029474,15967,1011574,4526,55987,248,11601,28,1738,276,13339,51479,70554.86,3110385,3097046,0
2021-03-15,33595,2063069,17257,1028831,4707,60694,241,11842,34,1772,275,13614,55834,69492.43,3166219,3152605,0
2021-03-16,38666,2101735,20516,1049347,4926,65620,262,12104,35,1807,297,13911,64405,70131.29,3230624,3216713,0
2021-03-17,42607,2144342,24792,1074139,4244,69864,349,12453,40,1847,389,14300,72032,70063.29,3302656,3288356,0
2021-03-18,50432,2194774,26810,1100949,5233,75097,378,12831,61,1908,439,14739,82914,69519.43,3385570,3370831,0
2021-03-19,47785,2242559,29964,1130913,5626,80723,398,13229,69,1977,467,15206,83843,69047.29,3469413,3454207,0
2021-03-20,38705,2281264,25834,1156747,4684,85407,300,13529,60,2037,360,15566,69583,68584.29,3538996,3523430,0
2021-03-21,29293,2310557,19358,1176105,769,86176,228,13757,44,2081,272,15838,49692,68329,3588688,3572850,0
2021-03-22,33862,2344419,26739,1202844,4037,90213,266,14023,38,2119,304,16142,64943,69630.29,3653631,3637489,0
2021-03-23,38424,2382843,32848,1235692,4216,94429,304,14327,52,2171,356,16498,75844,71264.43,3729475,3712977,0
2021-03-24,41490,2424333,37613,1273305,4845,99274,332,14659,63,2234,395,16893,84343,73023.14,3813818,3796925,0
2021-03-25,43397,2467730,50795,1324100,5054,104328,485,15144,87,2321,572,17465,99818,75438,3913636,3896171,0
2021-03-26,38494,2506224,55503,1379603,4307,108635,542,15686,99,2420,641,18106,98945,77595.43,4012581,3994475,0
2021-03-27,35736,2541960,45746,1425349,2939,111574,423,16109,86,2506,509,18615,84930,79787.86,4097511,4078896,0
2021-03-28,26387,2568347,34457,1459806,1482,113056,339,16448,65,2571,404,19019,62730,81650.43,4160241,4141222,0
2021-03-29,34811,2603158,38866,1498672,3246,116302,350,16798,111,2682,461,19480,77384,83427.71,4237625,4218145,0
2021-03-30,40503,2643661,41926,1540598,3713,120015,346,17144,65,2747,411,19891,86553,84957.57,4324178,4304287,0
2021-03-31,49387,2693048,44876,1585474,7438,127453,409,17553,86,2833,495,20386,102196,87508,4426374,4405988,0
2021-04-01,50770,2743818,53958,1639432,11278,138731,500,18053,85,2918,585,20971,116591,89904.14,4542965,4521994,0
2021-04-02,43756,2787574,53882,1693314,11969,150700,554,18607,71,2989,625,21596,110232,91516.57,4653197,4631601,0
2021-04-03,39247,2826821,39216,1732530,9859,160559,338,18945,59,3048,397,21993,88719,92057.86,4741916,4719923,0
2021-04-04,26554,2853375,24786,1757316,3903,164462,228,19173,50,3098,278,22271,55521,91028,4797437,4775166,0
2021-04-05,41879,2895254,34482,1791798,11199,175661,377,19550,62,3160,439,22710,87999,92544.43,4885436,4862726,0
2021-04-06,53259,2948513,35613,1827411,13216,188877,440,19990,78,3238,518,23228,102606,94837.71,4988042,4964814,0
2021-04-07,55491,3004004,40705,1868116,14387,203264,410,20400,82,3320,492,23720,111075,96106.14,5099117,5075397,0
2021-04-08,59253,3063257,46596,1914712,16339,219603,528,20928,87,3407,615,24335,122803,96993.57,5221920,5197585,0
2021-04-09,56637,3119894,44961,1959673,17558,237161,524,21452,77,3484,601,24936,119757,98354.29,5341677,5316741,0
2021-04-10,49341,3169235,35641,1995314,12721,249882,396,21848,61,3545,457,25393,98160,99703,5439837,5414444,0
2021-04-11,38175,3207410,28824,2024138,7681,257563,296,22144,59,3604,355,25748,75035,102490.71,5514872,5489124,0
2021-04-12,46629,3254039,31843,2055981,13500,271063,470,22614,68,3672,538,26286,92510,103135.14,5607382,5581096,0
2021-04-13,52542,3306581,33788,2089769,369,271432,401,23015,63,3735,464,26750,87163,100929,5694545,5667795,0
2021-04-14,50137,3356718,39959,2129728,20,271452,369,23384,75,3810,444,27194,90560,97998.29,5785105,5757911,0
2021-04-15,52116,3408834,43683,2173411,16,271468,458,23842,107,3917,565,27759,96381,94223.71,5881486,5853727,0
2021-04-16,51184,3460018,42214,2215625,32,271500,434,24276,70,3987,504,28263,93934,90534.71,5975420,5947157,0
2021-04-17,43832,3503850,35695,2251320,3,271503,368,24644,84,4071,452,28715,79982,87937.86,6055402,6026687,0
2021-04-18,28599,3532449,29364,2280684,7,271510,262,24906,66,4137,328,29043,58298,85546.86,6113700,6084657,0
2021-04-19,37456,3569905,36455,2317139,22,271532,329,25235,65,4202,394,29437,74327,82949.29,6188027,6158590,0
2021-04-20,40808,3610713,39629,2356768,19,271551,317,25552,81,4283,398,29835,80854,82048,6268881,6239046,0
2021-04-21,38891,3649604,46020,2402788,16,271567,503,26055,97,4380,600,30435,85527,81329,6354408,6323973,0
2021-04-22,38488,3688092,48965,2451753,9,271576,343,26398,74,4454,417,30852,87880,80114.57,6442288,6411436,0
2021-04-23,39693,3727785,44386,2496139,3,271579,351,26749,75,4529,426,31278,84508,78768,6526796,6495518,0
2021-04-24,31939,3759724,41606,2537745,44,271623,278,27027,62,4591,340,31618,73929,77903.29,6600725,6569107,0
2021-04-25,18418,3778142,31227,2568972,87,271710,198,27225,58,4649,256,31874,49988,76716.14,6650713,6618839,0
2021-04-26,26965,3805107,40730,2609702,1012,272722,295,27520,88,4737,383,32257,69090,75968,6719803,6687546,0
2021-04-27,28569,3833676,47139,2656841,1699,274421,358,27878,95,4832,453,32710,77860,75540.29,6797663,6764953,0
2021-04-28,27024,3860700,56847,2713688,2146,276567,442,28320,99,4931,541,33251,86558,75687.57,6884221,6850970,0
2021-04-29,28602,3889302,57202,2770890,2148,278715,371,28691,98,5029,469,33720,88421,75764.86,6972642,6938922,0
2021-04-30,30115,3919417,51987,2822877,2058,280773,288,28979,74,5103,362,34082,84523,75767,7057165,7023083,0
2021-05-01,22477,3941894,44538,2867415,1177,281950,236,29215,64,5167,300,34382,68492,74990.29,7125657,7091275,0
2021-05-02,11921,3953815,36653,2904068,1081,283031,143,29358,55,5222,198,34580,49853,74971,7175510,7140930,0
2021-05-03,18017,3971832,53032,2957100,2383,285414,258,29616,91,5313,349,34929,73782,75641.29,7249292,7214363,0
2021-05-04,22733,3994565,56655,3013755,2331,287745,269,29885,115,5428,384,35313,82103,76247.43,7331395,7296082,0
2021-05-05,21475,4016040,48764,3062519,2313,290058,314,30199,104,5532,418,35731,72970,74306.29,7404365,7368634,0
2021-05-06,20673,4036713,50178,3112697,2508,292566,277,30476,90,5622,367,36098,73726,72207,7478091,7441993,0
2021-05-07,21243,4057956,52098,3164795,2812,295378,314,30790,79,5701,393,36491,76546,71067.43,7554637,7518146,0
2021-05-08,16628,4074584,41862,3206657,1835,297213,235,31025,73,5774,308,36799,60633,69944.71,7615270,7578471,0
2021-05-09,7968,4082552,29411,3236068,1260,298473,151,31176,57,5831,208,37007,38847,68372.43,7654117,7617110,0
2021-05-10,14380,4096932,38530,3274598,2356,300829,242,31418,92,5923,334,37341,55600,65775,7709717,7672376,0
2021-05-11,19908,4116840,43061,3317659,2514,303343,286,31704,86,6009,372,37713,65855,63453.86,7775572,7737859,0
2021-05-12,17819,4134659,40543,3358202,3595,306938,234,31938,80,6089,314,38027,62271,61925.43,7837843,7799816,0
2021-05-13,24967,4159626,40433,3398635,3229,310167,259,32197,78,6167,337,38364,68966,61245.43,7906809,7868445,0
2021-05-14,27014,4186640,42943,3441578,3538,313705,269,32466,96,6263,365,38729,73860,60861.71,7980669,7941940,0
2021-05-15,23648,4210288,34919,3476497,3365,317070,253,32719,77,6340,330,39059,62262,61094.43,8042931,8003872,0
2021-05-16,15522,4225810,19452,3495949,2496,319566,124,32843,46,6386,170,39229,37640,60922,8080571,8041342,0
2021-05-17,22669,4248479,29145,3525094,3254,322820,183,33026,68,6454,251,39480,55319,60881.86,8135890,8096410,0
2021-05-18,24627,4273106,31910,3557004,3405,326225,240,33266,76,6530,316,39796,60258,60082.29,8196148,8156352,0
2021-05-19,24185,4297291,29725,3586729,3041,329266,228,33494,48,6578,276,40072,57227,59361.71,8253375,8213303,0
2021-05-20,24149,4321440,30102,3616831,3163,332429,266,33760,87,6665,353,40425,57767,57761.86,8311142,8270717,0
2021-05-21,24673,4346113,32004,3648835,3057,335486,247,34007,61,6726,308,40733,60042,55787.86,8371184,8330451,0
2021-05-22,20018,4366131,24366,3673201,2524,338010,165,34172,48,6774,213,40946,47121,53624.86,8418305,8377359,0
2021-05-23,11228,4377359,13734,3686935,1411,339421,93,34265,32,6806,125,41071,26498,52033.14,8444803,8403732,0
2021-05-24,18871,4396230,23161,3710096,2756,342177,215,34480,56,6862,271,41342,45059,50567.43,8489862,8448520,0
2021-05-25,19428,4415658,23381,3733477,2602,344779,173,34653,58,6920,231,41573,45642,48479.43,8535504,8493931,0
2021-05-26,18780,4434438,21092,3754569,2697,347476,201,34854,49,6969,250,41823,42819,46421.14,8578323,8536500,0
2021-05-27,18463,4452901,21279,3775848,2530,350006,182,35036,60,7029,242,42065,42514,44242.14,8620837,8578772,0
2021-05-28,17858,4470759,22882,3798730,2751,352757,187,35223,57,7086,244,42309,43735,41912.57,8664572,8622263,0
2021-05-29,12706,4483465,17814,3816544,1755,354512,105,35328,39,7125,144,42453,32419,39812.29,8696991,8654538,0
2021-05-30,7027,4490492,8949,3825493,1074,355586,50,35378,17,7142,67,42520,17117,38472.14,8714108,8671588,0
2021-05-31,4741,4495233,6924,3832417,1013,356599,63,35441,17,7159,80,42600,12758,33857.71,8726866,8684266,0
2021-06-01,16048,4511281,25193,3857610,2176,358775,156,35597,43,7202,199,42799,43616,33568.29,8770482,8727683,0
2021-06-02,15355,4526636,20396,3878006,2095,360870,140,35737,48,7250,188,42987,38034,32884.71,8808516,8765529,0
2021-06-03,15001,4541637,23826,3901832,2280,363150,128,35865,44,7294,172,43159,41279,32708.29,8849795,8806636,0
2021-06-04,14717,4556354,25999,3927831,2492,365642,147,36012,42,7336,189,43348,43397,32660,8893192,8849844,0
2021-06-05,10987,4567341,22095,3949926,1806,367448,116,36128,28,7364,144,43492,35032,33033.29,8928224,8884732,0
2021-06-06,6444,4573785,14486,3964412,1222,368670,89,36217,13,7377,102,43594,22254,33767.14,8950478,8906884,0
2021-06-07,11698,4585483,21786,3986198,2378,371048,141,36358,37,7414,178,43772,36040,37093.14,8986518,8942746,0
2021-06-08,12631,4598114,24022,4010220,2071,373119,124,36482,46,7460,170,43942,38894,36418.57,9025412,8981470,0
2021-06-09,11134,4609248,23026,4033246,2299,375418,137,36619,40,7500,177,44119,36636,36218.86,9062048,9017929,0
2021-06-10,12059,4621307,22240,4055486,2462,377880,139,36758,59,7559,198,44317,36959,35601.71,9099007,9054690,0
2021-06-11,12705,4634012,25126,4080612,2483,380363,157,36915,59,7618,216,44533,40530,35192.14,9139537,9095004,0
2021-06-12,10162,4644174,19318,4099930,1888,382251,93,37008,43,7661,136,44669,31504,34688.14,9171041,9126372,0
2021-06-13,4257,4648431,10932,4110862,1219,383470,42,37050,22,7683,64,44733,16472,33862.14,9187513,9142780,0
2021-06-14,10207,4658638,19239,4130101,2043,385513,128,37178,52,7735,180,44913,31669,33237.71,9219182,9174269,0
2021-06-15,11882,4670520,21017,4151118,1943,387456,132,37310,41,7776,173,45086,35015,32683.57,9254197,9209111,0
2021-06-16,11583,4682103,19410,4170528,1957,389413,145,37455,70,7846,215,45301,33165,32187.71,9287362,9242061,0
2021-06-17,11021,4693124,18760,4189288,1973,391386,126,37581,35,7881,161,45462,31915,31467.14,9319277,9273815,0
2021-06-18,12165,4705289,18501,4207789,2115,393501,115,37696,35,7916,150,45612,32931,30381.57,9352208,9306596,0
2021-06-19,8493,4713782,13516,4221305,1459,394960,86,37782,21,7937,107,45719,23575,29248.86,9375783,9330064,0
2021-06-20,4335,4718117,7158,4228463,924,395884,36,37818,17,7954,53,45772,12470,28677.14,9388253,9342481,0
2021-06-21,10160,4728277,10011,4238474,1807,397691,69,37887,28,7982,97,45869,22075,27306.57,9410328,9364459,0
2021-06-22,9837,4738114,15642,4254116,1589,399280,105,37992,28,8010,133,46002,27201,26190.29,9437529,9391527,0
2021-06-23,10309,4748423,15187,4269303,1863,401143,102,38094,31,8041,133,46135,27492,25379.86,9465021,9418886,0
2021-06-24,9684,4758107,14701,4284004,1799,402942,120,38214,26,8067,146,46281,26330,24582,9491351,9445070,0
2021-06-25,10586,4768693,14389,4298393,1721,404663,113,38327,38,8105,151,46432,26847,23712.86,9518198,9471766,0
2021-06-26,7798,4776491,10467,4308860,1250,405913,76,38403,24,8129,100,46532,19615,23147.14,9537813,9491281,0
2021-06-27,5000,4781491,6002,4314862,795,406708,34,38437,14,8143,48,46580,11845,23057.86,9549658,9503078,0
2021-06-28,9034,4790525,10344,4325206,1526,408234,109,38546,27,8170,136,46716,21040,22910,9570698,9523982,0
2021-06-29,9736,4800261,12327,4337533,1347,409581,124,38670,32,8202,156,46872,23566,22390.71,9594264,9547392,0
2021-06-30,9432,4809693,10929,4348462,1486,411067,148,38818,16,8218,164,47036,22011,21607.71,9616275,9569239,0
2021-07-01,9396,4819089,10926,4359388,1434,412501,131,38949,24,8242,155,47191,21911,20976.43,9638186,9590995,0
2021-07-02,9691,4828780,11455,4370843,1541,414042,119,39068,21,8263,140,47331,22828,20402.29,9661014,9613683,0
2021-07-03,7055,4835835,8421,4379264,1192,415234,79,39147,17,8280,96,47427,16764,19995,9677778,9630351,0
2021-07-04,1288,4837123,1335,4380599,567,415801,9,39156,3,8283,12,47439,3202,18760.29,9680980,9633541,0
2021-07-05,6494,4843617,7107,4387706,1208,417009,65,39221,22,8305,87,47526,14896,17882.57,9695876,9648350,0
2021-07-06,9512,4853129,12849,4400555,1315,418324,117,39338,38,8343,155,47681,23831,17920.43,9719707,9672026,0
2021-07-07,8664,4861793,11112,4411667,1419,419743,124,39462,19,8362,143,47824,21338,17824.29,9741045,9693221,0
2021-07-08,8219,4870012,10194,4421861,1260,421003,108,39570,22,8384,130,47954,19803,17523.14,9760848,9712894,0
2021-07-09,8373,4878385,10834,4432695,1278,422281,90,39660,19,8403,109,48063,20594,17204,9781442,9733379,0
2021-07-10,7101,4885486,8635,4441330,1131,423412,64,39724,20,8423,84,48147,16951,17230.71,9798393,9750246,0
2021-07-11,4105,4889591,4538,4445868,701,424113,36,39760,6,8429,42,48189,9386,18114.14,9807779,9759590,0
2021-07-12,8446,4898037,9559,4455427,1252,425365,84,39844,23,8452,107,48296,19364,18752.43,9827143,9778847,0
2021-07-13,9463,4907500,9392,4464819,952,426317,106,39950,35,8487,141,48437,19948,18197.71,9847091,9798654,0
2021-07-14,8998,4916498,9532,4474351,1011,427328,106,40056,22,8509,128,48565,19669,17959.29,9866760,9818195,0
2021-07-15,8795,4925293,9155,4483506,1054,428382,80,40136,19,8528,99,48664,19103,17859.29,9885863,9837199,0
2021-07-16,9247,4934540,9762,4493268,981,429363,102,40238,29,8557,131,48795,20121,17791.71,9905984,9857189,0
2021-07-17,6840,4941380,7385,4500653,803,430166,80,40318,20,8577,100,48895,15128,17531.29,9921112,9872217,0
2021-07-18,4254,4945634,4285,4504938,576,430742,36,40354,13,8590,49,48944,9164,17499.57,9930276,9881332,0
2021-07-19,9119,4954753,8481,4513419,999,431741,91,40445,22,8612,113,49057,18712,17406.43,9948988,9899931,0
2021-07-20,10643,4965396,8760,4522179,991,432732,95,40540,25,8637,120,49177,20514,17487.29,9969502,9920325,0
2021-07-21,10058,4975454,8767,4530946,904,433636,147,40687,33,8670,180,49357,19909,17521.57,9989411,9940054,0
2021-07-22,10687,4986141,8585,4539531,1046,434682,145,40832,26,8696,171,49528,20489,17719.57,10009900,9960372,0
2021-07-23,11249,4997390,8884,4548415,1114,435796,139,40971,23,8719,162,49690,21409,17903.57,10031309,9981619,0
2021-07-24,7399,5004789,6739,4555154,670,436466,82,41053,26,8745,108,49798,14916,17873.29,10046225,9996427,0
2021-07-25,5474,5010263,2128,4557282,509,436975,58,41111,4,8749,62,49860,8173,17731.71,10054398,10004538,0
2021-07-26,10869,5021132,7006,4564288,859,437834,110,41221,20,8769,130,49990,18864,17753.43,10073262,10023272,0
2021-07-27,12067,5033199,8571,4572859,857,438691,135,41356,39,8808,174,50164,21669,17918.43,10094931,10044767,0
2021-07-28,12014,5045213,8052,4580911,950,439641,133,41489,28,8836,161,50325,21177,18099.57,10116108,10065783,0
2021-07-29,10930,5056143,7435,4588346,984,440625,134,41623,39,8875,173,50498,19522,17961.43,10135630,10085132,0
2021-07-30,14954,5071097,8014,4596360,1151,441776,183,41806,31,8906,214,50712,24333,18379.14,10159963,10109251,0
2021-07-31,9721,5080818,6318,4602678,815,442591,124,41930,20,8926,144,50856,16998,18676.57,10176961,10126105,0
2021-08-01,6500,5087318,3312,4605990,564,443155,81,42011,20,8946,101,50957,10477,19005.71,10187438,10136481,0
2021-08-02,13448,5100766,7154,4613144,846,444001,148,42159,19,8965,167,51124,21615,19398.71,10209053,10157929,0
2021-08-03,15412,5116178,8389,4621533,1109,445110,143,42302,38,9003,181,51305,25091,19887.57,10234144,10182839,0
2021-08-04,17262,5133440,8131,4629664,1454,446564,182,42484,34,9037,216,51521,27063,20728.43,10261207,10209686,0
2021-08-05,17886,5151326,7932,4637596,1370,447934,159,42643,21,9058,180,51701,27368,21849.29,10288575,10236874,0
2021-08-06,18179,5169505,8416,4646012,1232,449166,167,42810,32,9090,199,51900,28026,22376.86,10316601,10264701,0
2021-08-07,13382,5182887,6018,4652030,799,449965,101,42911,28,9118,129,52029,20328,22852.57,10336929,10284900,0
2021-08-08,9309,5192196,3835,4655865,400,450365,83,42994,10,9128,93,52122,13637,23304,10350566,10298444,0
2021-08-09,21343,5213539,8526,4664391,965,451330,169,43163,34,9162,203,52325,31037,24650,10381603,10329278,0
2021-08-10,18947,5232486,9329,4673720,946,452276,180,43343,33,9195,213,52538,29435,25270.57,10411038,10358500,0
2021-08-11,15644,5248130,8311,4682031,853,453129,129,43472,45,9240,174,52712,24982,24973.29,10436020,10383308,0
2021-08-12,15055,5263185,8990,4691021,942,454071,174,43646,35,9275,209,52921,25196,24663,10461216,10408295,0
2021-08-13,14919,5278104,9294,4700315,919,454990,245,43891,37,9312,282,53203,25415,24290,10486631,10433428,0
2021-08-14,10397,5288501,6410,4706725,625,455615,534,44425,39,9351,573,53776,18005,23958.14,10504636,10450860,0
2021-08-15,6692,5295193,4480,4711205,676,456291,567,44992,33,9384,600,54376,12448,23788.29,10517084,10462708,0
2021-08-16,15712,5310905,9303,4720508,1150,457441,1325,46317,65,9449,1390,55766,27555,23290.86,10544639,10488873,0
2021-08-17,17764,5328669,10459,4730967,1229,458670,1772,48089,84,9533,1856,57622,31308,23558.43,10575947,10518325,0
2021-08-18,17492,5346161,10377,4741344,1260,459930,1993,50082,93,9626,2086,59708,31215,24448.86,10607162,10547454,0
2021-08-19,16292,5362453,9525,4750869,1315,461245,1960,52042,66,9692,2026,61734,29158,25014.86,10636320,10574586,0
2021-08-20,16279,5378732,11536,4762405,1254,462499,1864,53906,86,9778,1950,63684,31019,25815.43,10667339,10603655,0
2021-08-21,11147,5389879,8036,4770441,878,463377,1064,54970,54,9832,1118,64802,21179,26268.86,10688518,10623716,0
2021-08-22,4078,5393957,3903,4774344,261,463638,515,55485,35,9867,550,65352,8792,25746.57,10697310,10631958,0
2021-08-23,15579,5409536,11808,4786152,1022,464660,1549,57034,76,9943,1625,66977,30035,26100.86,10727345,10660368,0
2021-08-24,16914,5426450,12598,4798750,1006,465666,1774,58808,79,10022,1853,68830,32371,26252.71,10759716,10690886,0
2021-08-25,14572,5441022,12452,4811202,1112,466778,1566,60374,79,10101,1645,70475,29781,26047.86,10789497,10719022,0
2021-08-26,16150,5457172,14097,4825299,1071,467849,1775,62149,69,10170,1844,72319,33162,26619.86,10822659,10750340,0
2021-08-27,14879,5472051,14824,4840123,971,468820,1672,63821,75,10245,1747,74066,32421,26820.14,10855080,10781014,0
2021-08-28,10679,5482730,11522,4851645,835,469655,1018,64839,45,10290,1063,75129,24099,27237.29,10879179,10804050,0
2021-08-29,7215,5489945,7494,4859139,541,470196,780,65619,58,10348,838,75967,16088,28279.57,10895267,10819300,0
2021-08-30,15522,5505467,16925,4876064,1076,471272,1791,67410,89,10437,1880,77847,35403,29046.43,10930670,10852823,0
2021-08-31,15507,5520974,15960,4892024,952,472224,1976,69386,89,10526,2065,79912,34484,29348.29,10965154,10885242,0
2021-09-01,14828,5535802,14108,4906132,1020,473244,1811,71197,61,10587,1872,81784,31828,29640.71,10996982,10915198,0
2021-09-02,14318,5550120,12524,4918656,896,474140,1713,72910,62,10649,1775,83559,29513,29119.43,11026495,10942936,0
2021-09-03,15007,5565127,14311,4932967,974,475114,1896,74806,70,10719,1966,85525,32258,29096.14,11058753,10973228,0
2021-09-04,9647,5574774,9405,4942372,688,475802,976,75782,34,10753,1010,86535,20750,28617.71,11079503,10992968,0
2021-09-05,6797,5581571,5513,4947885,438,476240,715,76497,17,10770,732,87267,13480,28245.14,11092983,11005716,0
2021-09-06,5196,5586767,4511,4952396,358,476598,272,76769,11,10781,283,87550,10348,24665.86,11103331,11015781,0
2021-09-07,15573,5602340,17699,4970095,912,477510,1558,78327,91,10872,1649,89199,35833,24858.57,11139164,11049965,0
2021-09-08,16155,5618495,14830,4984925,1071,478581,1776,80103,83,10955,1859,91058,33915,25156.71,11173079,11082021,0
2021-09-09,16104,5634599,14754,4999679,1047,479628,1919,82022,74,11029,1993,93051,33898,25783.14,11206977,11113926,0
2021-09-10,18364,5652963,15394,5015073,1207,480835,1978,84000,81,11110,2059,95110,37024,26464,11244001,11148891,0
2021-09-11,12634,5665597,10351,5025424,958,481793,1028,85028,49,11159,1077,96187,25020,27074,11269021,11172834,0
2021-09-12,8537,5674134,5052,5030476,765,482558,692,85720,30,11189,722,96909,15076,27302,11284097,11187188,0
2021-09-13,16928,5691062,12963,5043439,976,483534,1657,87377,53,11242,1710,98619,32577,30477.57,11316674,11218055,0
2021-09-14,16263,5707325,13675,5057114,886,484420,1598,88975,56,11298,1654,100273,32478,29998.29,11349152,11248879,0
2021-09-15,15530,5722855,12887,5070001,727,485147,1570,90545,81,11379,1651,101924,30795,29552.57,11379947,11278023,0
2021-09-16,15334,5738189,13913,5083914,1210,486357,1463,92008,67,11446,1530,103454,31987,29279.57,11411934,11308480,0
2021-09-17,14432,5752621,13960,5097874,922,487279,1836,93844,57,11503,1893,105347,31207,28448.57,11443141,11337794,0
2021-09-18,9992,5762613,10186,5108060,913,488192,1051,94895,41,11544,1092,106439,22183,28043.29,11465324,11358885,0
2021-09-19,6176,5768789,6073,5114133,558,488750,748,95643,28,11572,776,107215,13583,27830,11478907,11371692,0
2021-09-20,12670,5781459,12633,5126766,1068,489818,1927,97570,58,11630,1985,109200,28356,27227,11507263,11398063,0
2021-09-21,12224,5793683,12773,5139539,1108,490926,2034,99604,76,11706,2110,111310,28215,26618,11535478,11424168,0
2021-09-22,12819,5806502,12006,5151545,1090,492016,1687,101291,69,11775,1756,113066,27671,26171.71,11563149,11450083,0
2021-09-23,14929,5821431,12764,5164309,1639,493655,2266,103557,75,11850,2341,115407,31673,26126.86,11594822,11479415,0
2021-09-24,16439,5837870,13367,5177676,1636,495291,4628,108185,118,11968,4746,120153,36188,26838.43,11631010,11510857,0
2021-09-25,10532,5848402,9024,5186700,1018,496309,3466,111651,78,12046,3544,123697,24118,27114.86,11655128,11531431,0
2021-09-26,6298,5854700,5764,5192464,773,497082,2422,114073,60,12106,2482,126179,15317,27362.57,11670445,11544266,0
2021-09-27,14142,5868842,8062,5200526,1155,498237,9078,123151,160,12266,9238,135417,32598,27968.57,11703043,11567626,0
2021-09-28,11122,5879964,11785,5212311,902,499139,9932,133083,178,12444,10110,145527,33919,28783.43,11736962,11591435,0
2021-09-29,11601,5891565,12191,5224502,1205,500344,9457,142540,168,12612,9625,155152,34623,29776.57,11771585,11616433,0
2021-09-30,12229,5903794,12606,5237108,1338,501682,9757,152297,176,12788,9933,165085,36106,30409.86,11807691,11642606,0
2021-10-01,12629,5916423,13434,5250542,1284,502966,10279,162576,149,12937,10428,175513,37775,30636.57,11845466,11669953,0
2021-10-02,7726,5924149,9977,5260519,865,503831,4246,166822,76,13013,4322,179835,22890,30461.14,11868356,11688521,0
2021-10-03,5064,5929213,6158,5266677,593,504424,2620,169442,58,13071,2678,182513,14493,30343.43,11882849,11700336,0
2021-10-04,9904,5939117,11022,5277699,913,505337,9532,178974,143,13214,9675,192188,31514,30188.57,11914363,11722175,0
2021-10-05,10146,5949263,11734,5289433,972,506309,9956,188930,176,13390,10132,202320,32984,30055,11947347,11745027,0
2021-10-06,9888,5959151,11053,5300486,936,507245,9936,198866,158,13548,10094,212414,31971,29676.14,11979318,11766904,0
2021-10-07,9606,5968757,12155,5312641,850,508095,10184,209050,171,13719,10355,222769,32966,29227.57,12012284,11789515,0
2021-10-08,9441,5978198,12179,5324820,941,509036,10916,219966,164,13883,11080,233849,33641,28637,12045925,11812076,0
2021-10-09,6235,5984433,8236,5333056,643,509679,4127,224093,87,13970,4214,238063,19328,28128.14,12065253,11827190,0
2021-10-10,3534,5987967,5029,5338085,458,510137,2438,226531,45,14015,2483,240546,11504,27701.14,12076757,11836211,0
2021-10-11,7610,5995577,9335,5347420,728,510865,8895,235426,164,14179,9059,249605,26732,27018,12103489,11853884,0
2021-10-12,8065,6003642,10995,5358415,891,511756,10524,245950,180,14359,10704,260309,30655,26685.29,12134144,11873835,0
2021-10-13,7142,6010784,10149,5368564,869,512625,8806,254756,178,14537,8984,269293,27144,25995.71,12161288,11891995,0
2021-10-14,7421,6018205,11118,5379682,837,513462,10130,264886,161,14698,10291,279584,29667,25524.43,12190955,11911371,0
2021-10-15,7712,6025917,11856,5391538,823,514285,10831,275717,169,14867,11000,290584,31391,25203,12222346,11931762,0
2021-10-16,4861,6030778,7468,5399006,666,514951,3846,279563,66,14933,3912,294496,16907,24857.14,12239253,11944757,0
2021-10-17,3054,6033832,4474,5403480,411,515362,2453,282016,43,14976,2496,296992,10435,24704.43,12249688,11952696,0
2021-10-18,7038,6040870,10669,5414149,796,516158,9486,291502,181,15157,9667,306659,28170,24909.86,12277858,11971199,0
2021-10-19,6561,6047431,8945,5423094,804,516962,9100,300602,174,15331,9274,315933,25584,24185.43,12303442,11987509,0
2021-10-20,6524,6053955,9371,5432465,975,517937,10001,310603,174,15505,10175,326108,27045,24171.29,12330487,12004379,0
2021-10-21,7016,6060971,9385,5441850,858,518795,10860,321463,155,15660,11015,337123,28274,23972.29,12358761,12021638,0
2021-10-22,8104,6069075,10345,5452195,1026,519821,16358,337821,218,15878,16576,353699,36051,24638,12394812,12041113,0
2021-10-23,5162,6074237,6460,5458655,690,520511,9125,346946,116,15994,9241,362940,21553,25301.71,12416365,12053425,0
2021-10-24,3261,6077498,3968,5462623,769,521280,6170,353116,75,16069,6245,369185,14243,25845.71,12430608,12061423,0
2021-10-25,8741,6086239,8741,5471364,1150,522430,19269,372385,296,16365,19565,388750,38197,27278.14,12468805,12080055,0
2021-10-26,8178,6094417,7724,5479088,1258,523688,17302,389687,269,16634,17571,406321,34731,28584.86,12503536,12097215,0
2021-10-27,10528,6104945,8393,5487481,1605,525293,20878,410565,321,16955,21199,427520,41725,30682,12545261,12117741,0
2021-10-28,11300,6116245,8029,5495510,1793,527086,20871,431436,320,17275,21191,448711,42313,32687.57,12587574,12138863,0
2021-10-29,11833,6128078,8233,5503743,1960,529046,22552,453988,332,17607,22884,471595,44911,33953.29,12632485,12160890,0
2021-10-30,4616,6132694,5064,5508807,930,529976,11182,465170,166,17773,11348,482943,21958,34011.14,12654443,12171500,0
2021-10-31,2652,6135346,2699,5511506,544,530520,6646,471816,101,17874,6747,489690,12642,33782.43,12667085,12177395,0
2021-11-01,7106,6142452,6953,5518459,1087,531607,20412,492228,325,18199,20737,510427,35883,33451.86,12702968,12192541,0
2021-11-02,6554,6149006,6587,5525046,1054,532661,20805,513033,270,18469,21075,531502,35270,33528.86,12738238,12206736,0
2021-11-03,6826,6155832,6680,5531726,1026,533687,20653,533686,309,18778,20962,552464,35496,32639,12773734,12221270,0
2021-11-04,9282,6165114,6280,5538006,995,534682,22391,556077,345,19123,22736,575200,39293,32207.57,12813027,12237827,0
2021-11-05,11025,6176139,6720,5544726,1051,535733,23785,579862,350,19473,24135,599335,42931,31924.71,12855958,12256623,0
2021-11-06,11116,6187255,4051,5548777,594,536327,12612,592474,169,19642,12781,612116,28542,32865.29,12884500,12272384,0
2021-11-07,7242,6194497,2286,5551063,577,536904,7118,599592,96,19738,7214,619330,17319,33533.43,12901819,12282489,0
2021-11-08,15042,6209539,5677,5556740,864,537768,19526,619118,279,20017,19805,639135,41388,34319.86,12943207,12304072,0
2021-11-09,16132,6225671,5385,5562125,660,538428,20531,639649,273,20290,20804,659939,42981,35421.43,12986188,12326249,0
2021-11-10,16905,6242576,5320,5567445,683,539111,22671,662320,292,20582,22963,682902,45871,36903.57,13032059,12349157,0
2021-11-11,12544,6255120,5180,5572625,759,539870,22110,684430,289,20871,22399,705301,40882,37130.57,13072941,12367640,0
2021-11-12,16871,6271991,5686,5578311,705,540575,23432,707862,356,21227,23788,729089,47050,37719,13119991,12390902,0
2021-11-13,9920,6281911,3662,5581973,463,541038,13352,721214,180,21407,13532,742621,27577,37581.14,13147568,12404947,0
2021-11-14,6004,6287915,2289,5584262,324,541362,7942,729156,77,21484,8019,750640,16636,37483.57,13164204,12413564,0
2021-11-15,13209,6301124,5970,5590232,690,542052,25137,754293,360,21844,25497,776137,45366,38051.86,13209570,12433433,0
2021-11-16,9932,6311056,5781,5596013,654,542706,30697,784990,429,22273,31126,807263,47494,38696.57,13257064,12449801,0
2021-11-17,10259,6321315,6669,5602682,681,543387,31464,816454,414,22687,31878,839141,49487,39213.14,13306551,12467410,0
2021-11-18,10690,6332005,6530,5609212,856,544243,33057,849511,456,23143,33513,872654,51589,40742.71,13358140,12485486,0
2021-11-19,11967,6343972,6549,5615761,710,544953,36293,885804,456,23599,36749,909403,55975,42017.71,13414115,12504712,0
2021-11-20,9299,6353271,3416,5619177,513,545466,22539,908343,256,23855,22795,932198,36023,43224.29,13450138,12517940,0
2021-11-21,4928,6358199,1886,5621063,288,545754,13222,921565,149,24004,13371,945569,20473,43772.43,13470611,12525042,0
2021-11-22,10388,6368587,5784,5626847,750,546504,35975,957540,437,24441,36412,981981,53335,44910.86,13523946,12541965,0
2021-11-23,9743,6378330,4783,5631630,634,547138,33563,991103,374,24815,33937,1015918,49098,45140,13573044,12557126,0
2021-11-24,8662,6386992,4748,5636378,648,547786,25965,1017068,284,25099,26249,1042167,40307,43828.57,13613351,12571184,0
2021-11-25,448,6387440,327,5636705,80,547866,1002,1018070,9,25108,1011,1043178,1866,36725.29,13615217,12572039,0
2021-11-26,8041,6395481,6983,5643688,528,548394,26614,1044684,297,25405,26911,1070089,42463,34795,13657680,12587591,0
2021-11-27,6664,6402145,6832,5650520,371,548765,18867,1063551,221,25626,19088,1089177,32956,34356.86,13690636,12601459,0
2021-11-28,4052,6406197,5790,5656310,281,549046,11921,1075472,120,25746,12041,1101218,22164,34598.43,13712800,12611582,0
2021-11-29,9073,6415270,11006,5667316,686,549732,35103,1110575,438,26184,35541,1136759,56306,35022.86,13769106,12632347,0
2021-11-30,10459,6425729,11442,5678758,513,550245,37836,1148411,490,26674,38326,1175085,60740,36686,13829846,12654761,0
2021-12-01,11140,6436869,10987,5689745,725,550970,40402,1188813,437,27111,40839,1215924,63692,40026.71,13893538,12677614,0
2021-12-02,11605,6448474,11041,5700786,626,551596,42220,1231033,448,27559,42668,1258592,65940,49180.14,13959478,12700886,0
2021-12-03,13425,6461899,12897,5713683,674,552270,48001,1279034,514,28073,48515,1307107,75511,53901.29,14034989,12727882,0
2021-12-04,9814,6471713,11292,5724975,566,552836,30721,1309755,303,28376,31024,1338131,52696,56721.29,14087685,12749554,0
2021-12-05,5731,6477444,5703,5730678,270,553106,16683,1326438,130,28506,16813,1354944,28517,57628.86,14116202,12761258,0
2021-12-06,12293,6489737,9987,5740665,599,553705,43291,1369729,443,28949,43734,1398678,66613,59101.29,14182815,12784137,0
2021-12-07,12550,6502287,9256,5749921,624,554329,43093,1412822,499,29448,43592,1442270,66022,59855.86,14248837,12806567,0
2021-12-08,13484,6515771,8776,5758697,555,554884,40844,1453666,468,29916,41312,1483582,64127,59918,14312964,12829382,0
2021-12-09,13443,6529214,8753,5767450,554,555438,40867,1494533,489,30405,41356,1524938,64106,59656,14377070,12852132,0
2021-12-10,13993,6543207,10148,5777598,669,556107,43716,1538249,490,30895,44206,1569144,69016,58728.14,14446086,12876942,0
2021-12-11,10248,6553455,8130,5785728,405,556512,26734,1564983,275,31170,27009,1596153,45793,57742,14491879,12895726,0
2021-12-12,6005,6559460,3855,5789583,287,556799,15180,1580163,135,31305,15315,1611468,25462,57305.57,14517341,12905873,0
2021-12-13,12177,6571637,7431,5797014,655,557454,37929,1618092,394,31699,38323,1649791,58586,56158.86,14575927,12926136,0
2021-12-14,12201,6583838,6956,5803970,730,558184,38197,1656289,430,32129,38627,1688418,58514,55086.29,14634441,12946023,0
2021-12-15,12062,6595900,6247,5810217,756,558940,38178,1694467,485,32614,38663,1727081,57729,54172.29,14692170,12965089,0
2021-12-16,13141,6609041,4269,5814486,740,559680,41161,1735628,452,33066,41613,1768694,59763,53551.86,14751933,12983239,0
2021-12-17,15909,6624950,6937,5821423,619,560299,46838,1782466,473,33539,47311,1816005,70776,53803.29,14822709,13006704,0
2021-12-18,12993,6637943,5718,5827141,432,560731,30651,1813117,267,33806,30918,1846923,50061,54413,14872770,13025847,0
2021-12-19,6998,6644941,2990,5830131,326,561057,18029,1831146,174,33980,18203,1865126,28517,54849.43,14901287,13036161,0
2021-12-20,16817,6661758,5862,5835993,746,561803,47523,1878669,566,34546,48089,1913215,71514,56696.29,14972801,13059586,0
2021-12-21,17938,6679696,6573,5842566,805,562608,48949,1927618,584,35130,49533,1962748,74849,59029.86,15047650,13084902,0
2021-12-22,18517,6698213,6562,5849128,938,563546,49762,1977380,531,35661,50293,2013041,76310,61684.29,15123960,13110919,0
2021-12-23,19002,6717215,6482,5855610,930,564476,45907,2023287,526,36187,46433,2059474,72847,63553.43,15196807,13137333,0
2021-12-24,9217,6726432,2952,5858562,598,565074,20620,2043907,210,36397,20830,2080304,33597,58242.14,15230404,13150100,0
2021-12-25,344,6726776,63,5858625,31,565105,427,2044334,8,36405,435,2080739,873,51215.29,15231277,13150538,0
2021-12-26,7952,6734728,3924,5862549,340,565445,17295,2061629,175,36580,17470,2098209,29686,51382.29,15260963,13162754,0
2021-12-27,21757,6756485,9206,5871755,934,566379,43480,2105109,553,37133,44033,2142242,75930,52013.14,15336893,13194651,0
2021-12-28,20131,6776616,8330,5880085,702,567081,47610,2152719,609,37742,48219,2190461,77382,52375,15414275,13223814,0
2021-12-29,18484,6795100,7671,5887756,607,567688,45618,2198337,482,38224,46100,2236561,72862,51882.43,15487137,13250576,0
2021-12-30,16879,6811979,7424,5895180,588,568276,44894,2243231,579,38803,45473,2282034,70364,51527.71,15557501,13275467,0
2021-12-31,5349,6817328,2809,5897989,193,568469,14775,2258006,182,38985,14957,2296991,23308,50057.86,15580809,13283818,0
2022-01-01,244,6817572,147,5898136,12,568481,502,2258508,22,39007,524,2297515,927,50065.57,15581736,13284221,0
2022-01-02,6422,6823994,5020,5903156,153,568634,10990,2269498,109,39116,11099,2308614,22694,49066.71,15604430,13295816,0
2022-01-03,14120,6838114,8502,5911658,514,569148,26978,2296476,343,39459,27321,2335935,50457,45427.71,15654887,13318952,0
2022-01-04,12812,6850926,8125,5919783,415,569563,27252,2323728,364,39823,27616,2363551,48968,41368.57,15703855,13340304,0
2022-01-05,11325,6862251,7018,5926801,382,569945,25998,2349726,311,40134,26309,2389860,45034,37393.14,15748889,13359029,0
2022-01-06,11347,6873598,7395,5934196,483,570428,27641,2377367,339,40473,27980,2417840,47205,34084.71,15796094,13378254,0
2022-01-07,10194,6883792,8446,5942642,339,570767,25175,2402542,322,40795,25497,2443337,44477,37108.86,15840571,13397234,0
2022-01-08,7722,6891514,8580,5951222,310,571077,19575,2422117,183,40978,19758,2463095,36371,42172.29,15876942,13413847,0
2022-01-09,4118,6895632,3843,5955065,214,571291,10074,2432191,93,41071,10167,2473262,18342,41550.57,15895284,13422022,0
2022-01-10,10168,6905800,8192,5963257,490,571781,24623,2456814,302,41373,24925,2498187,43775,40596,15939059,13440872,0
2022-01-11,8868,6914668,7990,5971247,521,572302,21044,2477858,288,41661,21332,2519519,38713,39131,15977772,13458253,0
2022-01-12,8924,6923592,8330,5979577,427,572729,22369,2500227,287,41948,22656,2542175,40337,38460,16018109,13475934,0
2022-01-13,9024,6932616,8864,5988441,452,573181,22911,2523138,317,42265,23228,2565403,41569,37654.86,16059678,13494275,0
2022-01-14,10090,6942706,8123,5996564,475,573656,26457,2549595,334,42599,26791,2592194,45479,37798,16105157,13512963,0
2022-01-15,6205,6948911,4309,6000873,178,573834,15149,2564744,179,42778,15328,2607522,26020,36319.29,16131177,13523655,0
2022-01-16,2909,6951820,3249,6004122,95,573929,7829,2572573,84,42862,7913,2615435,14166,35722.71,16145343,13529908,0
2022-01-17,6057,6957877,6753,6010875,363,574292,14695,2587268,219,43081,14914,2630349,28087,33481.57,16173430,13543081,0
2022-01-18,8144,6966021,10323,6021198,396,574688,19682,2606950,314,43395,19996,2650345,38859,33502.43,16212289,13561944,0
2022-01-19,7443,6973464,9248,6030446,303,574991,17734,2624684,271,43666,18005,2668350,35000,32740,16247289,13578939,0
2022-01-20,6259,6979723,8560,6039006,305,575296,15272,2639956,248,43914,15520,2683870,30644,31179.29,16277933,13594063,0
2022-01-21,7550,6987273,7514,6046520,276,575572,18523,2658479,283,44197,18806,2702676,34146,29560.29,16312079,13609403,0
2022-01-22,5183,6992456,4935,6051455,131,575703,11326,2669805,128,44325,11454,2714130,21703,28943.57,16333782,13619652,0
2022-01-23,2805,6995261,3329,6054784,97,575800,6233,2676038,77,44402,6310,2720440,12541,28711.43,16346323,13625883,0
2022-01-24,6352,7001613,8203,6062987,262,576062,15087,2691125,240,44642,15327,2735767,30144,29005.29,16376467,13640700,0
2022-01-25,6171,7007784,7937,6070924,231,576293,14702,2705827,261,44903,14963,2750730,29302,27640,16405769,13655039,0
2022-01-26,5737,7013521,7179,6078103,289,576582,14026,2719853,211,45114,14237,2764967,27442,26560.29,16433211,13668244,0
2022-01-27,5238,7018759,7092,6085195,321,576903,14102,2733955,232,45346,14334,2779301,26985,26037.57,16460196,13680895,0
2022-01-28,6241,7025000,7880,6093075,203,577106,16137,2750092,240,45586,16377,2795678,30701,25545.43,16490897,13695219,0
2022-01-29,839,7025839,728,6093803,28,577134,2539,2752631,40,45626,2579,2798257,4174,23041.29,16495071,13696814,0
2022-01-30,2088,7027927,3023,6096826,103,577237,4544,2757175,62,45688,4606,2802863,9820,22652.57,16504891,13702028,0
2022-01-31,4994,7032921,6593,6103419,220,577457,11400,2768575,198,45886,11598,2814461,23405,21689.86,16528296,13713835,0
2022-02-01,4820,7037741,6442,6109861,220,577677,10723,2779298,219,46105,10942,2825403,22424,20707.29,16550720,13725317,0
2022-02-02,4249,7041990,5938,6115799,212,577889,11243,2790541,243,46348,11486,2836889,21885,19913.43,16572605,13735716,0
2022-02-03,4218,7046208,5817,6121616,216,578105,11228,2801769,199,46547,11427,2848316,21678,19155.29,16594283,13745967,0
2022-02-04,4753,7050961,7118,6128734,214,578319,13227,2814996,238,46785,13465,2861781,25550,18419.43,16619833,13758052,0
2022-02-05,3568,7054529,6051,6134785,110,578429,8581,2823577,157,46942,8738,2870519,18467,20461.29,16638300,13767781,0
2022-02-06,2058,7056587,2139,6136924,121,578550,4642,2828219,102,47044,4744,2875263,9063,20353.14,16647363,13772100,0
2022-02-07,4144,7060731,4738,6141662,205,578755,10144,2838363,232,47276,10376,2885639,19463,19790,16666826,13781187,0
2022-02-08,4208,7064939,5608,6147270,214,578969,11335,2849698,306,47582,11641,2897280,21671,19682.43,16688497,13791217,0
2022-02-09,4125,7069064,5405,6152675,223,579192,11668,2861366,256,47838,11924,2909204,21677,19652.71,16710174,13800970,0
2022-02-10,3977,7073041,5127,6157802,244,579436,12209,2873575,287,48125,12496,2921700,21844,19676.43,16732018,13810318,0
2022-02-11,4503,7077544,5810,6163612,195,579631,13741,2887316,324,48449,14065,2935765,24573,19536.86,16756591,13820826,0
2022-02-12,3256,7080800,4343,6167955,97,579728,8810,2896126,214,48663,9024,2944789,16720,19287.29,16773311,13828522,0
2022-02-13,1517,7082317,1544,6169499,41,579769,4883,2901009,111,48774,4994,2949783,8096,19149.14,16781407,13831624,0
2022-02-14,2974,7085291,3627,6173126,167,579936,10578,2911587,325,49099,10903,2960686,17671,18893.14,16799078,13838392,0
2022-02-15,3540,7088831,4076,6177202,175,580111,12795,2924382,282,49381,13077,2973763,20868,18778.43,16819946,13846183,0
2022-02-16,3640,7092471,3908,6181110,200,580311,15737,2940119,295,49676,16032,2989795,23780,19078.86,16843726,13853931,0
2022-02-17,4031,7096502,4081,6185191,162,580473,18331,2958450,359,50035,18690,3008485,26964,19810.29,16870690,13862205,0
2022-02-18,4458,7100960,4785,6189976,189,580662,21541,2979991,460,50495,22001,3030486,31433,20790.29,16902123,13871637,0
2022-02-19,3248,7104208,2183,6192159,65,580727,11184,2991175,218,50713,11402,3041888,16898,20815.71,16919021,13877133,0
2022-02-20,1847,7106055,1445,6193604,59,580786,6593,2997768,114,50827,6707,3048595,10058,21096,16929079,13880484,0
2022-02-21,3082,7109137,2695,6196299,95,580881,8351,3006119,232,51059,8583,3057178,14455,20636.57,16943534,13886356,0
2022-02-22,4373,7113510,4255,6200554,174,581055,10839,3016958,253,51312,11092,3068270,19894,20497.43,16963428,13895158,0
2022-02-23,4253,7117763,3791,6204345,145,581200,10675,3027633,241,51553,10916,3079186,19105,19829.57,16982533,13903347,0
2022-02-24,3786,7121549,3660,6208005,108,581308,10199,3037832,229,51782,10428,3089614,17982,18546.43,17000515,13910901,0
2022-02-25,3606,7125155,3633,6211638,135,581443,9985,3047817,239,52021,10224,3099838,17598,16570,17018113,13918275,0
2022-02-26,2824,7127979,2582,6214220,74,581517,9524,3057341,152,52173,9676,3109514,15156,16321.14,17033269,13923755,0
2022-02-27,1767,7129746,1375,6215595,52,581569,6269,3063610,102,52275,6371,3115885,9565,16250.71,17042834,13926949,0
2022-02-28,3786,7133532,3139,6218734,141,581710,13142,3076752,249,52524,13391,3129276,20457,17108.14,17063291,13934015,0
2022-03-01,2124,7135656,2632,6221366,103,581813,5184,3081936,188,52712,5372,3134648,10231,15727.71,17073522,13938874,0
2022-03-02,1836,7137492,2444,6223810,107,581920,4134,3086070,209,52921,4343,3138991,8730,14245.57,17082252,13943261,0
2022-03-03,1933,7139425,2558,6226368,106,582026,3797,3089867,171,53092,3968,3142959,8565,12900.29,17090817,13947858,0
2022-03-04,2120,7141545,2877,6229245,66,582092,4330,3094197,208,53300,4538,3147497,9601,11757.86,17100418,13952921,0
2022-03-05,1612,7143157,2123,6231368,43,582135,3317,3097514,119,53419,3436,3150933,7214,10623.29,17107632,13956699,0
2022-03-06,798,7143955,879,6232247,30,582165,1624,3099138,55,53474,1679,3152612,3386,9740.57,17111018,13958406,0
2022-03-07,1661,7145616,1789,6234036,86,582251,3503,3102641,160,53634,3663,3156275,7199,7846.57,17118217,13961942,0
2022-03-08,1546,7147162,1895,6235931,79,582330,3126,3105767,152,53786,3278,3159553,6798,7356.14,17125015,13965462,0
2022-03-09,1264,7148426,1680,6237611,80,582410,2588,3108355,130,53916,2718,3162271,5742,6929.29,17130757,13968486,0
2022-03-10,1415,7149841,2101,6239712,85,582495,2963,3111318,164,54080,3127,3165398,6728,6666.86,17137485,13972087,0
2022-03-11,1595,7151436,2275,6241987,81,582576,3215,3114533,189,54269,3404,3168802,7355,6346,17144840,13976038,0
2022-03-12,877,7152313,1415,6243402,42,582618,2009,3116542,75,54344,2084,3170886,4418,5946.57,17149258,13978372,0
2022-03-13,624,7152937,757,6244159,28,582646,1291,3117833,48,54392,1339,3172225,2748,5855.43,17152006,13979781,0
2022-03-14,1369,7154306,1611,6245770,83,582729,2989,3120822,210,54602,3199,3175424,6262,5721.57,17158268,13982844,0
2022-03-15,1356,7155662,1928,6247698,63,582792,3068,3123890,232,54834,3300,3178724,6647,5700,17164915,13986191,0
2022-03-16,1396,7157058,2066,6249764,94,582886,3137,3127027,296,55130,3433,3182157,6989,5878.14,17171904,13989747,0
2022-03-17,1192,7158250,1807,6251571,70,582956,2763,3129790,268,55398,3031,3185188,6100,5788.43,17178004,13992816,0
2022-03-18,1589,7159839,2218,6253789,79,583035,3773,3133563,418,55816,4191,3189379,8077,5891.57,17186081,13996702,0
2022-03-19,1110,7160949,1732,6255521,54,583089,2606,3136169,226,56042,2832,3192211,5728,6078.71,17191809,13999598,0
2022-03-20,608,7161557,630,6256151,33,583122,1467,3137636,186,56228,1653,3193864,2924,6103.86,17194733,14000869,0
2022-03-21,1419,7162976,1554,6257705,72,583194,3059,3140695,359,56587,3418,3197282,6463,6132.57,17201196,14003914,0
2022-03-22,1344,7164320,1554,6259259,101,583295,2905,3143600,345,56932,3250,3200532,6249,6075.71,17207445,14006913,0
2022-03-23,1260,7165580,1360,6260619,66,583361,2922,3146522,373,57305,3295,3203827,5981,5931.71,17213426,14009599,0
2022-03-24,1212,7166792,1299,6261918,90,583451,2520,3149042,270,57575,2790,3206617,5391,5830.43,17218817,14012200,0
2022-03-25,1382,7168174,1633,6263551,62,583513,3269,3152311,381,57956,3650,3210267,6727,5637.57,17225544,14015277,0
2022-03-26,926,7169100,1163,6264714,36,583549,2308,3154619,251,58207,2559,3212826,4684,5488.43,17230228,14017402,0
2022-03-27,573,7169673,528,6265242,29,583578,1315,3155934,202,58409,1517,3214343,2647,5448.86,17232875,14018532,0
2022-03-28,1082,7170755,1166,6266408,69,583647,2440,3158374,364,58773,2804,3217147,5121,5257.14,17237996,14020849,0
2022-03-29,1051,7171806,1103,6267511,85,583732,2510,3160884,884,59657,3394,3220541,5633,5169.14,17243629,14023088,0
2022-03-30,1242,7173048,1140,6268651,99,583831,3063,3163947,3412,63069,6475,3227016,8956,5594.14,17252585,14025569,0
2022-03-31,1280,7174328,1254,6269905,57,583888,3166,3167113,5517,68586,8683,3235699,11275,6434.71,17263860,14028161,0
2022-04-01,1422,7175750,1491,6271396,76,583964,3247,3170360,6912,75498,10159,3245858,13148,7352,17277008,14031150,0
2022-04-02,909,7176659,909,6272305,33,583997,2091,3172451,4532,80030,6623,3252481,8474,7893.43,17285482,14033001,0
2022-04-03,554,7177213,494,6272799,28,584025,1221,3173672,3057,83087,4278,3256759,5354,8280.14,17290836,14034077,0
2022-04-04,1352,7178565,1307,6274106,61,584086,2726,3176398,7706,90793,10432,3267191,13152,9427.43,17303988,14036797,0
2022-04-05,1302,7179867,1156,6275262,66,584152,2844,3179242,7489,98282,10333,3277524,12857,10459.43,17316845,14039321,0
2022-04-06,1337,7181204,1174,6276436,61,584213,2626,3181868,6961,105243,9587,3287111,12159,10917,17329004,14041893,0
2022-04-07,1206,7182410,1064,6277500,57,584270,2378,3184246,6610,111853,8988,3296099,11315,10922.71,17340319,14044220,0
2022-04-08,1481,7183891,1407,6278907,61,584331,3164,3187410,8789,120642,11953,3308052,14902,11173.29,17355221,14047169,0
2022-04-09,910,7184801,923,6279830,29,584360,2081,3189491,4950,125592,7031,3315083,8893,11233.14,17364114,14049031,0
2022-04-10,579,7185380,459,6280289,25,584385,1166,3190657,2903,128495,4069,3319152,5132,11201.43,17369246,14050094,0
2022-04-11,1307,7186687,1235,6281524,59,584444,2663,3193320,7823,136318,10486,3329638,13087,11192.14,17382333,14052695,0
2022-04-12,1216,7187903,1055,6282579,73,584517,2523,3195843,7435,143753,9958,3339596,12302,11112.86,17394635,14055039,0
2022-04-13,1238,7189141,1078,6283657,59,584576,2514,3198357,7537,151290,10051,3349647,12426,11151,17407061,14057414,0
2022-04-14,1269,7190410,1094,6284751,59,584635,2441,3200798,6585,157875,9026,3358673,11448,11170,17418509,14059836,0
2022-04-15,1335,7191745,1096,6285847,53,584688,2569,3203367,6625,164500,9194,3367867,11678,10709.43,17430187,14062320,0
2022-04-16,856,7192601,653,6286500,34,584722,1643,3205010,3687,168187,5330,3373197,6873,10420.86,17437060,14063863,0
2022-04-17,345,7192946,201,6286701,27,584749,638,3205648,1158,169345,1796,3374993,2369,10026.14,17439429,14064436,0
2022-04-18,1387,7194333,1117,6287818,82,584831,2586,3208234,6407,175752,8993,3383986,11579,9810.71,17451008,14067022,0
2022-04-19,1416,7195749,934,6288752,71,584902,2578,3210812,5750,181502,8328,3392314,10749,9588.86,17461757,14069443,0
2022-04-20,1309,7197058,1157,6289909,65,584967,2709,3213521,6634,188136,9343,3401657,11874,9510,17473631,14071974,0
2022-04-21,1221,7198279,1064,6290973,53,585020,2335,3215856,5342,193478,7677,3409334,10015,9305.29,17483646,14074312,0
2022-04-22,1211,7199490,1024,6291997,46,585066,2200,3218056,5648,199126,7848,3417182,10130,9084.14,17493776,14076594,0
2022-04-23,713,7200203,749,6292746,59,585125,1429,3219485,3349,202475,4778,3421960,6299,9002.14,17500075,14078115,0
2022-04-24,442,7200645,336,6293082,27,585152,810,3220295,1816,204291,2626,3424586,3431,9153.86,17503506,14078920,0
2022-04-25,1036,7201681,916,6293998,64,585216,1851,3222146,5093,209384,6944,3431530,8960,8779.71,17512466,14080936,0
2022-04-26,950,7202631,858,6294856,76,585292,1749,3223895,4695,214079,6444,3437974,8328,8433.86,17520794,14082820,0
2022-04-27,1037,7203668,1023,6295879,80,585372,1927,3225822,5211,219290,7138,3445112,9278,8063,17530072,14084960,0
2022-04-28,1089,7204757,984,6296863,50,585422,2002,3227824,4733,224023,6735,3451847,8858,7897.71,17538930,14087083,0
2022-04-29,1183,7205940,1103,6297966,60,585482,2161,3229985,5403,229426,7564,3459411,9910,7866.29,17548840,14089429,0
2022-04-30,725,7206665,744,6298710,50,585532,1392,3231377,2963,232389,4355,3463766,5874,7805.57,17554714,14090948,0
2022-05-01,445,7207110,366,6299076,20,585552,766,3232143,1655,234044,2421,3466187,3252,7780,17557966,14091779,0
2022-05-02,1052,7208162,791,6299867,52,585604,1676,3233819,3814,237858,5490,3471677,7385,7555,17565351,14093674,0
2022-05-03,1121,7209283,863,6300730,61,585665,1999,3235818,4861,242719,6860,3478537,8905,7637.43,17574256,14095719,0
2022-05-04,1016,7210299,883,6301613,48,585713,1929,3237747,4663,247382,6592,3485129,8539,7531.86,17582795,14097666,0
2022-05-05,1074,7211373,957,6302570,87,585800,1927,3239674,4876,252258,6803,3491932,8921,7540.86,17591716,14099784,0
2022-05-06,1095,7212468,959,6303529,51,585851,1864,3241538,4386,256644,6250,3498182,8355,7318.71,17600071,14101889,0
2022-05-07,660,7213128,591,6304120,32,585883,1202,3242740,2430,259074,3632,3501814,4915,7181.71,17604986,14103172,0
2022-05-08,413,7213541,244,6304364,17,585900,667,3243407,1384,260458,2051,3503865,2725,7106.43,17607711,14103846,0
2022-05-09,1083,7214624,947,6305311,60,585960,1888,3245295,4427,264885,6315,3510180,8405,7252.14,17616116,14105936,0
2022-05-10,1098,7215722,931,6306242,54,586014,1984,3247279,4715,269600,6699,3516879,8782,7234.57,17624898,14108019,0
2022-05-11,1091,7216813,977,6307219,44,586058,1943,3249222,4835,274435,6778,3523657,8890,7284.71,17633788,14110131,0
2022-05-12,1108,7217921,950,6308169,60,586118,1997,3251219,4661,279096,6658,3530315,8776,7264,17642564,14112249,0
2022-05-13,1161,7219082,1041,6309210,44,586162,2059,3253278,4792,283888,6851,3537166,9097,7370,17651661,14114495,0
2022-05-14,831,7219913,668,6309878,31,586193,1466,3254744,2953,286841,4419,3541585,5949,7517.71,17657610,14116025,0
2022-05-15,512,7220425,357,6310235,22,586215,924,3255668,1646,288487,2570,3544155,3461,7622.86,17661071,14116916,0
2022-05-16,1231,7221656,858,6311093,62,586277,1828,3257496,3858,292345,5686,3549841,7837,7541.71,17668908,14119067,0
2022-05-17,1292,7222948,933,6312026,79,586356,2044,3259540,4886,297231,6930,3556771,9234,7606.29,17678142,14121371,0
2022-05-18,1243,7224191,902,6312928,82,586438,2060,3261600,4937,302168,6997,3563768,9224,7654,17687366,14123598,0
2022-05-19,1165,7225356,881,6313809,36,586474,2119,3263719,4722,306890,6841,3570609,8923,7675,17696289,14125680,0
2022-05-20,1201,7226557,966,6314775,74,586548,2367,3266086,5197,312087,7564,3578173,9807,7776.43,17706096,14127923,0
2022-05-21,837,7227394,648,6315423,23,586571,1722,3267808,3295,315382,5017,3583190,6526,7858.86,17712622,14129432,0
2022-05-22,509,7227903,292,6315715,22,586593,1135,3268943,1837,317219,2972,3586162,3795,7906.57,17716417,14130255,0
2022-05-23,1221,7229124,889,6316604,52,586645,2189,3271132,4701,321920,6890,3593052,9052,8080.14,17725469,14132417,0
2022-05-24,1418,7230542,942,6317546,66,586711,2295,3273427,4480,326400,6775,3599827,9202,8075.57,17734671,14134844,0
2022-05-25,1431,7231973,956,6318502,56,586767,2257,3275684,4254,330654,6511,3606338,8955,8037.14,17743626,14137288,0
2022-05-26,1181,7233154,889,6319391,60,586827,2259,3277943,4140,334794,6399,3612737,8530,7981,17752156,14139419,0
2022-05-27,1250,7234404,960,6320351,38,586865,2497,3280440,3914,338708,6411,3619148,8660,7817.14,17760816,14141668,0
2022-05-28,714,7235118,518,6320869,19,586884,1782,3282222,2065,340773,3847,3622995,5098,7613.14,17765914,14142919,0
2022-05-29,476,7235594,215,6321084,11,586895,760,3282982,1123,341896,1883,3624878,2585,7440.29,17768499,14143621,0
2022-05-30,91,7235685,59,6321143,6,586901,138,3283120,145,342041,283,3625161,439,6209.86,17768938,14143777,0
2022-05-31,1143,7236828,919,6322062,51,586952,1890,3285010,3055,345096,4945,3630106,7058,5903.57,17775996,14145890,0
2022-06-01,1160,7237988,852,6322914,63,587015,1969,3286979,3415,348511,5384,3635490,7459,5689.86,17783455,14147965,0
2022-06-02,1035,7239023,803,6323717,72,587087,1821,3288800,3166,351677,4987,3640477,6897,5456.57,17790352,14149875,0
2022-06-03,1172,7240195,896,6324613,47,587134,2066,3290866,3485,355162,5551,3646028,7666,5314.57,17798018,14151990,0
2022-06-04,728,7240923,582,6325195,26,587160,1554,3292420,1903,357065,3457,3649485,4795,5271.29,17802813,14153328,0
2022-06-05,450,7241373,297,6325492,1,587161,880,3293300,978,358043,1858,3651343,2606,5274.29,17805419,14154076,0
2022-06-06,1129,7242502,827,6326319,64,587225,1752,3295052,2733,360776,4485,3655828,6505,6140.86,17811924,14156096,0
2022-06-07,1027,7243529,769,6327088,70,587295,1785,3296837,2561,363337,4346,3660174,6212,6020,17818136,14157962,0
2022-06-08,1096,7244625,838,6327926,75,587370,1875,3298712,2741,366078,4616,3664790,6626,5901,17824762,14159972,0
2022-06-09,1142,7245767,839,6328765,61,587431,2220,3300932,2687,368765,4907,3669697,6949,5908.43,17831711,14162014,0
2022-06-10,1051,7246818,821,6329586,75,587506,1881,3302813,2819,371584,4700,3674397,6647,5762.86,17838358,14163961,0
2022-06-11,680,7247498,508,6330094,25,587531,1325,3304138,1502,373086,2827,3677224,4040,5655,17842398,14165174,0
2022-06-12,352,7247850,288,6330382,21,587552,878,3305016,771,373857,1649,3678873,2310,5612.71,17844708,14165835,0
2022-06-13,1029,7248879,769,6331151,63,587615,1573,3306589,2185,376042,3758,3682631,5620,5486.29,17850328,14167697,0
2022-06-14,969,7249848,832,6331983,64,587679,1681,3308270,2497,378539,4178,3686809,6043,5462.14,17856371,14169562,0
2022-06-15,977,7250825,865,6332848,39,587718,1666,3309936,2409,380948,4075,3690884,5956,5366.43,17862327,14171443,0
2022-06-16,961,7251786,777,6333625,59,587777,1830,3311766,2366,383314,4196,3695080,5993,5229.86,17868320,14173240,0
2022-06-17,907,7252693,796,6334421,48,587825,1766,3313532,2396,385710,4162,3699242,5914,5125.14,17874234,14174992,0
2022-06-18,663,7253356,523,6334944,26,587851,1279,3314811,1290,387000,2569,3701811,3781,5088.14,17878015,14176204,0
2022-06-19,350,7253706,236,6335180,16,587867,727,3315538,603,387603,1330,3703141,1932,5034.14,17879947,14176806,0
2022-06-20,836,7254542,487,6335667,41,587908,1573,3317111,1612,389215,3185,3706326,4549,4881.14,17884496,14178170,0
2022-06-21,1138,7255680,741,6336408,50,587958,1696,3318807,2141,391356,3837,3710163,5767,4841.71,17890263,14180100,0
2022-06-22,1966,7257646,835,6337243,46,588004,1704,3320511,1993,393349,3697,3713860,6544,4925.71,17896807,14182947,0
2022-06-23,2120,7259766,762,6338005,65,588069,1700,3322211,2149,395498,3849,3717709,6797,5040.57,17903604,14185895,0
2022-06-24,2185,7261951,756,6338761,48,588117,1626,3323837,2145,397643,3771,3721480,6760,5161.43,17910364,14188884,0
2022-06-25,2140,7264091,496,6339257,15,588132,1235,3325072,1143,398786,2378,3723858,5033,5340.29,17915397,14191539,0
2022-06-26,1215,7265306,249,6339506,14,588146,683,3325755,529,399315,1212,3725070,2690,5448.57,17918087,14193017,0
2022-06-27,1536,7266842,653,6340159,60,588206,1463,3327218,1650,400965,3113,3728183,5362,5564.71,17923449,14195266,0
2022-06-28,1694,7268536,830,6340989,54,588260,1855,3329073,2140,403105,3995,3732178,6573,5679.86,17930022,14197844,0
2022-06-29,1860,7270396,776,6341765,48,588308,1718,3330791,1918,405023,3636,3735814,6320,5647.86,17936342,14200528,0
2022-06-30,1867,7272263,807,6342572,46,588354,1728,3332519,2128,407151,3856,3739670,6576,5616.29,17942918,14203248,0
2022-07-01,1602,7273865,598,6343170,26,588380,1388,3333907,1723,408874,3111,3742781,5337,5413,17948255,14205474,0
2022-07-02,979,7274844,388,6343558,18,588398,836,3334743,939,409813,1775,3744556,3160,5145.43,17951415,14206859,0
2022-07-03,530,7275374,205,6343763,7,588405,458,3335201,487,410300,945,3745501,1687,5002.14,17953102,14207601,0
2022-07-04,36,7275410,25,6343788,1,588406,31,3335232,38,410338,69,3745570,131,4254.86,17953233,14207663,0
2022-07-05,1291,7276701,756,6344544,35,588441,1404,3336636,1739,412077,3143,3748713,5225,4062.29,17958458,14209745,0
2022-07-06,1614,7278315,679,6345223,44,588485,1442,3338078,1834,413911,3276,3751989,5613,3961.29,17964071,14212082,0
2022-07-07,1592,7279907,714,6345937,48,588533,1527,3339605,1997,415908,3524,3755513,5878,3861.57,17969949,14214436,0
2022-07-08,1632,7281539,652,6346589,37,588570,1471,3341076,1973,417881,3444,3758957,5767,3923,17975716,14216759,0
2022-07-09,983,7282522,423,6347012,26,588596,877,3341953,1342,419223,2219,3761176,3651,3993.14,17979367,14218191,0
2022-07-10,639,7283161,187,6347199,17,588613,429,3342382,661,419884,1090,3762266,1933,4028.29,17981300,14219034,0
2022-07-11,1395,7284556,635,6347834,49,588662,1435,3343817,2209,422093,3644,3765910,5723,4827.14,17987023,14221113,0
2022-07-12,1402,7285958,687,6348521,45,588707,1398,3345215,2510,424603,3908,3769818,6042,4943.86,17993065,14223247,0
2022-07-13,1622,7287580,728,6349249,36,588743,1518,3346733,2815,427418,4333,3774151,6719,5101.86,17999784,14225633,0
2022-07-14,1596,7289176,842,6350091,47,588790,1598,3348331,3053,430471,4651,3778802,7137,5281.71,18006921,14228119,0
2022-07-15,1613,7290789,941,6351032,47,588837,1565,3349896,3047,433518,4612,3783414,7213,5488.29,18014134,14230720,0
2022-07-16,882,7291671,584,6351616,9,588846,978,3350874,1691,435209,2669,3786083,4144,5558.71,18018278,14232195,0
2022-07-17,550,7292221,291,6351907,16,588862,529,3351403,1164,436373,1693,3787776,2550,5646.86,18020828,14233052,0
2022-07-18,1398,7293619,842,6352749,45,588907,1430,3352833,2450,438823,3880,3791656,6165,5710,18026993,14235337,0
2022-07-19,1440,7295059,977,6353726,51,588958,1536,3354369,2798,441621,4334,3795990,6802,5818.57,18033795,14237805,0
2022-07-20,1385,7296444,1480,6355206,50,589008,1345,3355714,2389,444010,3734,3799724,6650,5808.71,18040445,14240721,0
2022-07-21,1335,7297779,1431,6356637,50,589058,1391,3357105,2361,446371,3752,3803476,6568,5727.43,18047013,14243537,0
2022-07-22,1433,7299212,1569,6358206,41,589099,1556,3358661,2848,449219,4404,3807880,7447,5760.86,18054460,14246580,0
2022-07-23,905,7300117,1098,6359304,17,589116,994,3359655,1552,450771,2546,3810426,4566,5821.14,18059026,14248600,0
2022-07-24,488,7300605,642,6359946,14,589130,501,3360156,804,451575,1305,3811731,2450,5806.86,18061476,14249745,0
2022-07-25,1217,7301822,764,6360710,59,589189,1262,3361418,2056,453631,3318,3815049,5358,5691.57,18066834,14251785,0
2022-07-26,1232,7303054,1020,6361730,41,589230,1468,3362886,2437,456068,3905,3818954,6198,5605.29,18073032,14254078,0
2022-07-27,1319,7304373,1276,6363006,41,589271,1384,3364270,2187,458255,3571,3822525,6209,5542.29,18079241,14256716,0
2022-07-28,1312,7305685,1417,6364423,71,589342,1425,3365695,2215,460470,3640,3826165,6440,5524,18085681,14259516,0
2022-07-29,1317,7307002,1429,6365852,64,589406,1356,3367051,2149,462619,3505,3829670,6316,5362.43,18091997,14262327,0
2022-07-30,724,7307726,715,6366567,25,589431,787,3367838,948,463567,1735,3831405,3202,5167.57,18095199,14263794,0
2022-07-31,423,7308149,590,6367157,14,589445,488,3368326,570,464137,1058,3832463,2085,5115.43,18097284,14264821,0
2022-08-01,1222,7309371,911,6368068,55,589500,1325,3369651,1504,465641,2829,3835292,5017,5066.71,18102301,14267009,0
2022-08-02,1224,7310595,1014,6369082,73,589573,1341,3370992,1594,467235,2935,3838227,5246,4930.71,18107547,14269320,0
2022-08-03,1265,7311860,1188,6370270,41,589614,1337,3372329,1522,468757,2859,3841086,5353,4808.43,18112900,14271814,0
2022-08-04,1183,7313043,1182,6371452,57,589671,1283,3373612,1447,470204,2730,3843816,5152,4624.43,18118052,14274236,0
2022-08-05,1304,7314347,1444,6372896,49,589720,1313,3374925,1436,471640,2749,3846565,5546,4514.43,18123598,14277033,0
2022-08-06,688,7315035,840,6373736,14,589734,759,3375684,770,472410,1529,3848094,3072,4495.86,18126670,14278576,0
2022-08-07,391,7315426,456,6374192,14,589748,422,3376106,352,472762,774,3848868,1635,4431.57,18128305,14279437,0
2022-08-08,1180,7316606,932,6375124,70,589818,1269,3377375,1170,473932,2439,3851307,4621,4375,18132926,14281619,0
2022-08-09,1125,7317731,892,6376016,38,589856,1224,3378599,1157,475089,2381,3853688,4436,4259.29,18137362,14283674,0
2022-08-10,1211,7318942,1110,6377126,58,589914,1253,3379852,1245,476334,2498,3856186,4877,4191.29,18142239,14286053,0
2022-08-11,1294,7320236,1064,6378190,84,589998,1210,3381062,1277,477611,2487,3858673,4929,4159.43,18147168,14288495,0
2022-08-12,1314,7321550,1406,6379596,54,590052,1263,3382325,1247,478858,2510,3861183,5284,4122,18152452,14291269,0
2022-08-13,753,7322303,783,6380379,15,590067,760,3383085,628,479486,1388,3862571,2939,4103,18155391,14292820,0
2022-08-14,481,7322784,480,6380859,19,590086,403,3383488,279,479765,682,3863253,1662,4106.86,18157053,14293800,0
2022-08-15,1259,7324043,1052,6381911,60,590146,1309,3384797,988,480753,2297,3865550,4668,4113.57,18161721,14296171,0
2022-08-16,1303,7325346,863,6382774,50,590196,1359,3386156,1070,481823,2429,3867979,4645,4143.43,18166366,14298387,0
2022-08-17,1207,7326553,953,6383727,39,590235,1228,3387384,994,482817,2222,3870201,4421,4078.29,18170787,14300586,0
2022-08-18,1157,7327710,942,6384669,45,590280,1263,3388647,942,483759,2205,3872406,4349,3995.43,18175136,14302730,0
2022-08-19,1249,7328959,1128,6385797,34,590314,1115,3389762,974,484733,2089,3874495,4500,3883.43,18179636,14305141,0
2022-08-20,581,7329540,486,6386283,16,590330,629,3390391,498,485231,1127,3875622,2210,3779.29,18181846,14306224,0
2022-08-21,356,7329896,244,6386527,9,590339,379,3390770,265,485496,644,3876266,1253,3720.86,18183099,14306833,0
2022-08-22,1201,7331097,915,6387442,38,590377,1229,3391999,880,486376,2109,3878375,4263,3663,18187362,14308987,0
2022-08-23,1226,7332323,1046,6388488,47,590424,1373,3393372,958,487334,2331,3880706,4651,3663.86,18192013,14311307,0
2022-08-24,1263,7333586,1007,6389495,29,590453,1284,3394656,817,488151,2101,3882807,4401,3661,18196414,14313607,0
2022-08-25,1213,7334799,974,6390469,65,590518,1184,3395840,809,488960,1993,3884800,4245,3646.14,18200659,14315859,0
2022-08-26,1177,7335976,1165,6391634,53,590571,1184,3397024,779,489739,1963,3886763,4358,3625.86,18205017,14318254,0
2022-08-27,693,7336669,536,6392170,13,590584,670,3397694,404,490143,1074,3887837,2316,3641,18207333,14319496,0
2022-08-28,373,7337042,232,6392402,10,590594,444,3398138,225,490368,669,3888506,1284,3645.43,18208617,14320111,0
2022-08-29,1247,7338289,961,6393363,40,590634,1207,3399345,677,491045,1884,3890390,4133,3626.86,18212750,14322360,0
2022-08-30,1257,7339546,935,6394298,36,590670,1259,3400604,763,491808,2022,3892412,4250,3569.57,18217000,14324588,0
2022-08-31,1137,7340683,1000,6395298,43,590713,1101,3401705,566,492374,1667,3894079,3848,3490.57,18220848,14326769,0
2022-09-01,1015,7341698,949,6396247,51,590764,803,3402508,452,492826,1255,3895334,3270,3351.29,18224118,14328784,0
2022-09-02,956,7342654,1002,6397249,28,590792,585,3403093,171,492997,756,3896090,2742,3120.43,18226860,14330770,0
2022-09-03,494,7343148,427,6397676,12,590804,359,3403452,49,493046,408,3896498,1341,2981.14,18228201,14331703,0
2022-09-04,225,7343373,195,6397871,10,590814,189,3403641,27,493073,216,3896714,646,2890,18228847,14332133,0
2022-09-05,73,7343446,69,6397940,7,590821,45,3403686,16,493089,61,3896775,210,2329.57,18229057,14332282,0
2022-09-06,965,7344411,1140,6399080,49,590870,628,3404314,130,493219,758,3897533,2917,2139.14,18231974,14334441,0
2022-09-07,899,7345310,1006,6400086,38,590908,474,3404788,148,493367,622,3898155,2582,1958.29,18234556,14336401,0
2022-09-08,779,7346089,749,6400835,36,590944,247,3405035,111,493478,358,3898513,1960,1771.14,18236516,14338003,0
2022-09-09,773,7346862,1052,6401887,48,590992,272,3405307,120,493598,392,3898905,2380,1719.43,18238896,14339991,0
2022-09-10,430,7347292,591,6402478,12,591004,257,3405564,45,493643,302,3899207,1391,1726.57,18240287,14341080,0
2022-09-11,193,7347485,214,6402692,11,591015,84,3405648,30,493673,114,3899321,564,1714.86,18240851,14341530,0
2022-09-12,684,7348169,739,6403431,37,591052,201,3405849,92,493765,293,3899614,1822,1945.14,18242673,14343059,0
2022-09-13,666,7348835,748,6404179,31,591083,219,3406068,112,493877,331,3899945,1884,1797.57,18244557,14344612,0
2022-09-14,646,7349481,789,6404968,30,591113,218,3406286,121,493998,339,3900284,1934,1705,18246491,14346207,0
2022-09-15,723,7350204,708,6405676,21,591134,220,3406506,108,494106,328,3900612,1934,1701.29,18248425,14347813,0
2022-09-16,707,7350911,964,6406640,27,591161,272,3406778,167,494273,439,3901051,2380,1701.29,18250805,14349754,0
2022-09-17,339,7351250,559,6407199,12,591173,268,3407046,79,494352,347,3901398,1363,1697.29,18252168,14350770,0
2022-09-18,160,7351410,177,6407376,7,591180,72,3407118,27,494379,99,3901497,468,1683.57,18252636,14351139,0
2022-09-19,628,7352038,613,6407989,28,591208,221,3407339,94,494473,315,3901812,1652,1659.29,18254288,14352476,0
2022-09-20,601,7352639,671,6408660,27,591235,212,3407551,90,494563,302,3902114,1723,1636.29,18256011,14353897,0
2022-09-21,619,7353258,646,6409306,31,591266,256,3407807,133,494696,389,3902503,1837,1622.43,18257848,14355345,0
2022-09-22,580,7353838,637,6409943,24,591290,167,3407974,137,494833,304,3902807,1743,1595.14,18259591,14356784,0
2022-09-23,644,7354482,910,6410853,24,591314,250,3408224,148,494981,398,3903205,2226,1573.14,18261817,14358612,0
2022-09-24,328,7354810,556,6411409,8,591322,260,3408484,68,495049,328,3903533,1320,1567,18263137,14359604,0
2022-09-25,138,7354948,165,6411574,1,591323,72,3408556,48,495097,120,3903653,470,1567.29,18263607,14359954,0
2022-09-26,526,7355474,519,6412093,16,591339,280,3408836,149,495246,429,3904082,1615,1562,18265222,14361140,0
2022-09-27,607,7356081,645,6412738,25,591364,277,3409113,168,495414,445,3904527,1910,1588.71,18267132,14362605,0
2022-09-28,513,7356594,592,6413330,16,591380,186,3409299,184,495598,370,3904897,1692,1568,18268824,14363927,0
2022-09-29,639,7357233,640,6413970,18,591398,172,3409471,107,495705,279,3905176,1787,1574.29,18270611,14365435,0
2022-09-30,585,7357818,821,6414791,13,591411,183,3409654,183,495888,366,3905542,2108,1557.43,18272719,14367177,0
2022-10-01,238,7358056,344,6415135,5,591416,130,3409784,35,495923,165,3905707,854,1490.86,18273573,14367866,0
2022-10-02,121,7358177,148,6415283,5,591421,46,3409830,46,495969,92,3905799,387,1479,18273960,14368161,0
2022-10-03,500,7358677,435,6415718,23,591444,155,3409985,118,496087,273,3906072,1335,1439,18275295,14369223,0
2022-10-04,474,7359151,495,6416213,14,591458,147,3410132,124,496211,271,3906343,1342,1357.86,18276637,14370294,0
2022-10-05,526,7359677,597,6416810,16,591474,277,3410409,166,496377,443,3906786,1743,1365.14,18278380,14371594,0
2022-10-06,523,7360200,595,6417405,17,591491,165,3410574,158,496535,323,3907109,1579,1335.43,18279959,14372850,0
2022-10-07,556,7360756,650,6418055,15,591506,168,3410742,146,496681,314,3907423,1888,1304,18281847,14374424,0
2022-10-08,244,7361000,357,6418412,4,591510,141,3410883,65,496746,206,3907629,883,1308.14,18282730,14375101,0
2022-10-09,105,7361105,155,6418567,4,591514,46,3410929,54,496800,100,3907729,398,1309.71,18283128,14375399,0
2022-10-10,362,7361467,430,6418997,14,591528,169,3411098,113,496913,282,3908011,1217,1292.86,18284345,14376334,0
2022-10-11,492,7361959,476,6419473,18,591546,173,3411271,129,497042,302,3908313,1399,1301,18285744,14377431,0
2022-10-12,465,7362424,528,6420001,15,591561,121,3411392,151,497193,272,3908585,1422,1255.14,18287166,14378581,0
2022-10-13,474,7362898,461,6420462,24,591585,129,3411521,179,497372,308,3908893,1366,1224.71,18288532,14379639,0
2022-10-14,503,7363401,711,6421173,24,591609,130,3411651,196,497568,326,3909219,1897,1226,18290429,14381210,120000
2022-10-15,230,7363631,318,6421491,8,591617,87,3411738,66,497634,153,3909372,795,1213.43,18291224,14381852,120000
2022-10-16,103,7363734,155,6421646,3,591620,24,3411762,65,497699,89,3909461,387,1211.86,18291611,14382150,120000
2022-10-17,468,7364202,427,6422073,13,591633,77,3411839,116,497815,193,3909654,1225,1213,18292836,14383182,120000
2022-10-18,416,7364618,489,6422562,15,591648,92,3411931,142,497957,234,3909888,1279,1195.86,18294115,14384227,120000
2022-10-19,440,7365058,430,6422992,7,591655,82,3412013,133,498090,215,3910103,1215,1166.29,18295330,14385227,120000
2022-10-20,200,7365258,190,6423182,3,591658,27,3412040,75,498165,102,3910205,554,1050.29,18295884,14385679,120000
