"DATE","ADMIN_DOSE1_DAILY","ADMIN_DOSE1_CUMULATIVE","ADMIN_DOSE2_DAILY","ADMIN_DOSE2_CUMULATIVE","ADMIN_SINGLE_DAILY","ADMIN_SINGLE_CUMULATIVE","ADMIN_ADDITIONAL_DAILY","ADMIN_ADDITIONAL_CUMULATIVE","ADMIN_ALLDOSES_DAILY","ADMIN_ALLDOSES_7DAYAVG","ADMIN_ALLDOSES_CUMULATIVE","INCOMPLETE"
"2020-12-14",79,79,0,0,0,0,0,0,79,,79,0
"2020-12-15",2053,2132,5,5,4,4,0,0,2062,,2141,0
"2020-12-16",4602,6734,13,18,1,5,1,1,4617,,6758,0
"2020-12-17",4655,11389,17,35,0,5,1,2,4673,,11431,0
"2020-12-18",5833,17222,20,55,2,7,2,4,5857,,17288,0
"2020-12-19",1689,18911,7,62,3,10,0,4,1699,,18987,0
"2020-12-20",1116,20027,2,64,1,11,0,4,1119,2872.29,20106,0
"2020-12-21",6339,26366,17,81,0,11,6,10,6362,3769.86,26468,0
"2020-12-22",9797,36163,27,108,2,13,1,11,9827,4879.14,36295,0
"2020-12-23",14272,50435,37,145,3,16,1,12,14313,6264.29,50608,0
"2020-12-24",7200,57635,25,170,1,17,0,12,7226,6629,57834,0
"2020-12-25",180,57815,0,170,0,17,1,13,181,5818.14,58015,0
"2020-12-26",4390,62205,43,213,0,17,1,14,4434,6208.86,62449,0
"2020-12-27",3868,66073,14,227,0,17,1,15,3883,6603.71,66332,0
"2020-12-28",10992,77065,50,277,1,18,3,18,11046,7272.86,77378,0
"2020-12-29",10722,87787,33,310,2,20,2,20,10759,7406,88137,0
"2020-12-30",12825,100612,44,354,0,20,0,20,12869,7199.71,101006,0
"2020-12-31",7263,107875,30,384,1,21,0,20,7294,7209.43,108300,0
"2021-01-01",181,108056,2,386,1,22,3,23,187,7210.29,108487,0
"2021-01-02",3810,111866,10,396,2,24,1,24,3823,7123,112310,0
"2021-01-03",3544,115410,23,419,2,26,1,25,3570,7078.29,115880,0
"2021-01-04",12257,127667,805,1224,2,28,6,31,13070,7367.43,128950,0
"2021-01-05",14083,141750,2193,3417,2,30,10,41,16288,8157.29,145238,0
"2021-01-06",17808,159558,3921,7338,1,31,30,71,21760,9427.43,166998,0
"2021-01-07",16547,176105,5172,12510,4,35,46,117,21769,11495.29,188767,0
"2021-01-08",16621,192726,5454,17964,0,35,32,149,22107,14626.71,210874,0
"2021-01-09",7649,200375,1463,19427,1,36,7,156,9120,15383.43,219994,0
"2021-01-10",7884,208259,981,20408,0,36,10,166,8875,16141.29,228869,0
"2021-01-11",25818,234077,7457,27865,2,38,47,213,33324,19034.71,262193,0
"2021-01-12",28266,262343,7858,35723,1,39,43,256,36168,21874.71,298361,0
"2021-01-13",31722,294065,9378,45101,1,40,55,311,41156,24645.57,339517,0
"2021-01-14",35804,329869,5328,50429,1,41,29,340,41162,27416,380679,0
"2021-01-15",29268,359137,3704,54133,2,43,32,372,33006,28973,413685,0
"2021-01-16",30291,389428,2379,56512,0,43,24,396,32694,32340.71,446379,0
"2021-01-17",23755,413183,1621,58133,0,43,18,414,25394,34700.57,471773,0
"2021-01-18",27109,440292,2410,60543,0,43,34,448,29553,34161.86,501326,0
"2021-01-19",34302,474594,9620,70163,1,44,67,515,43990,35279.29,545316,0
"2021-01-20",34865,509459,9495,79658,1,45,58,573,44419,35745.43,589735,0
"2021-01-21",25595,535054,8089,87747,2,47,48,621,33734,34684.29,623469,0
"2021-01-22",24754,559808,4386,92133,1,48,29,650,29170,34136.29,652639,0
"2021-01-23",15742,575550,3224,95357,0,48,10,660,18976,32176.57,671615,0
"2021-01-24",7180,582730,3447,98804,0,48,20,680,10647,30069.86,682262,0
"2021-01-25",13416,596146,11817,110621,0,48,63,743,25296,29461.71,707558,0
"2021-01-26",16768,612914,10746,121367,0,48,67,810,27581,27117.57,735139,0
"2021-01-27",20831,633745,12359,133726,0,48,49,859,33239,25520.43,768378,0
"2021-01-28",30766,664511,12842,146568,0,48,79,938,43687,26942.29,812065,0
"2021-01-29",31694,696205,11497,158065,0,48,77,1015,43268,28956.29,855333,0
"2021-01-30",18715,714920,3739,161804,0,48,20,1035,22474,29456,877807,0
"2021-01-31",13026,727946,2917,164721,1,49,27,1062,15971,30216.57,893778,0
"2021-02-01",1178,729124,5367,170088,4,53,36,1098,6585,27543.57,900363,0
"2021-02-02",2827,731951,9468,179556,2,55,50,1148,12347,25367.29,912710,0
"2021-02-03",16352,748303,21236,200792,4,59,200,1348,37792,26017.71,950502,0
"2021-02-04",27044,775347,19647,220439,3,62,199,1547,46893,26475.71,997395,0
"2021-02-05",27606,802953,20023,240462,0,62,182,1729,47811,27124.71,1045206,0
"2021-02-06",22992,825945,11246,251708,0,62,108,1837,34346,28820.71,1079552,0
"2021-02-07",12044,837989,8281,259989,1,63,87,1924,20413,29455.29,1099965,0
"2021-02-08",16969,854958,23510,283499,2,65,229,2153,40710,34330.29,1140675,0
"2021-02-09",17199,872157,28109,311608,2,67,325,2478,45635,39085.71,1186310,0
"2021-02-10",19596,891753,29302,340910,2,69,259,2737,49159,40709.57,1235469,0
"2021-02-11",27848,919601,33462,374372,2,71,348,3085,61660,42819.14,1297129,0
"2021-02-12",38410,958011,30785,405157,3,74,351,3436,69549,45924.57,1366678,0
"2021-02-13",28009,986020,25306,430463,2,76,304,3740,53621,48678.14,1420299,0
"2021-02-14",16287,1002307,23725,454188,0,76,257,3997,40269,51514.71,1460568,0
"2021-02-15",12799,1015106,10524,464712,2,78,165,4162,23490,49054.71,1484058,0
"2021-02-16",14242,1029348,26728,491440,0,78,315,4477,41285,48433.29,1525343,0
"2021-02-17",16407,1045755,22169,513609,1,79,289,4766,38866,46962.86,1564209,0
"2021-02-18",12157,1057912,24992,538601,21,100,277,5043,37447,43503.86,1601656,0
"2021-02-19",13270,1071182,23933,562534,39,139,293,5336,37535,38930.43,1639191,0
"2021-02-20",11352,1082534,26070,588604,6,145,326,5662,37754,36663.71,1676945,0
"2021-02-21",6360,1088894,17427,606031,15,160,279,5941,24081,34351.14,1701026,0
"2021-02-22",13040,1101934,11845,617876,2,162,125,6066,25012,34568.57,1726038,0
"2021-02-23",25244,1127178,14147,632023,1,163,160,6226,39552,34321,1765590,0
"2021-02-24",36357,1163535,20356,652379,0,163,222,6448,56935,36902.29,1822525,0
"2021-02-25",54620,1218155,30356,682735,6,169,388,6836,85370,43748.43,1907895,0
"2021-02-26",62884,1281039,31845,714580,4,173,399,7235,95132,51976.57,2003027,0
"2021-02-27",51303,1332342,22736,737316,47,220,326,7561,74412,57213.43,2077439,0
"2021-02-28",44603,1376945,13793,751109,7,227,202,7763,58605,62145.43,2136044,0
"2021-03-01",39314,1416259,12758,763867,10,237,166,7929,52248,66036.29,2188292,0
"2021-03-02",47083,1463342,12553,776420,7,244,158,8087,59801,68929,2248093,0
"2021-03-03",48606,1511948,16134,792554,17,261,146,8233,64903,70067.29,2312996,0
"2021-03-04",59824,1571772,22791,815345,1092,1353,265,8498,83972,69867.57,2396968,0
"2021-03-05",60994,1632766,24251,839596,3109,4462,330,8828,88684,68946.43,2485652,0
"2021-03-06",47180,1679946,18869,858465,5449,9911,235,9063,71733,68563.71,2557385,0
"2021-03-07",36042,1715988,14862,873327,6247,16158,226,9289,57377,68388.29,2614762,0
"2021-03-08",39621,1755609,14662,887989,8565,24723,307,9596,63155,69946.43,2677917,0
"2021-03-09",39103,1794712,12802,900791,7767,32490,178,9774,59850,69953.43,2737767,0
"2021-03-10",51831,1846543,15288,916079,5068,37558,221,9995,72408,71025.57,2810175,0
"2021-03-11",60004,1906547,21775,937854,4617,42175,249,10244,86645,71407.43,2896820,0
"2021-03-12",52201,1958748,30282,968136,4183,46358,371,10615,87037,71172.14,2983857,0
"2021-03-13",40661,1999409,26670,994806,5109,51467,324,10939,72764,71319.43,3056621,0
"2021-03-14",30721,2030130,15944,1010750,4528,55995,238,11177,51431,70470,3108052,0
"2021-03-15",33590,2063720,17225,1027975,4720,60715,236,11413,55771,69415.14,3163823,0
"2021-03-16",38675,2102395,20472,1048447,4925,65640,258,11671,64330,70055.14,3228153,0
"2021-03-17",42626,2145021,24753,1073200,4247,69887,335,12006,71961,69991.29,3300114,0
"2021-03-18",50471,2195492,26756,1099956,5240,75127,363,12369,82830,69446.29,3382944,0
"2021-03-19",47807,2243299,29902,1129858,5623,80750,386,12755,83718,68972.14,3466662,0
"2021-03-20",38712,2282011,25798,1155656,4690,85440,289,13044,69489,68504.29,3536151,0
"2021-03-21",29304,2311315,19312,1174968,771,86211,218,13262,49605,68243.43,3585756,0
"2021-03-22",33868,2345183,26701,1201669,4037,90248,261,13523,64867,69542.86,3650623,0
"2021-03-23",38441,2383624,32799,1234468,4222,94470,281,13804,75743,71173.29,3726366,0
"2021-03-24",41513,2425137,37543,1272011,4850,99320,321,14125,84227,72925.57,3810593,0
"2021-03-25",43424,2468561,50717,1322728,5054,104374,458,14583,99653,75328.86,3910246,0
"2021-03-26",38515,2507076,55427,1378155,4311,108685,517,15100,98770,77479.14,4009016,0
"2021-03-27",35753,2542829,45680,1423835,2939,111624,407,15507,84779,79663.43,4093795,0
"2021-03-28",26401,2569230,34385,1458220,1481,113105,320,15827,62587,81518,4156382,0
"2021-03-29",34832,2604062,38784,1497004,3248,116353,337,16164,77201,83280,4233583,0
"2021-03-30",40518,2644580,41886,1538890,3715,120068,319,16483,86438,84807.86,4320021,0
"2021-03-31",49410,2693990,44820,1583710,7441,127509,391,16874,102062,87355.71,4422083,0
"2021-04-01",50784,2744774,53917,1637627,11274,138783,497,17371,116472,89758.43,4538555,0
"2021-04-02",43766,2788540,53846,1691473,11973,150756,543,17914,110128,91381,4648683,0
"2021-04-03",39264,2827804,39178,1730651,9861,160617,334,18248,88637,91932.14,4737320,0
"2021-04-04",26566,2854370,24710,1755361,3901,164518,221,18469,55398,90905.14,4792718,0
"2021-04-05",41885,2896255,34422,1789783,11195,175713,364,18833,87866,92428.71,4880584,0
"2021-04-06",53283,2949538,35550,1825333,13221,188934,422,19255,102476,94719.86,4983060,0
"2021-04-07",55519,3005057,40669,1866002,14387,203321,388,19643,110963,95991.43,5094023,0
"2021-04-08",59281,3064338,46552,1912554,16336,219657,504,20147,122673,96877.29,5216696,0
"2021-04-09",56653,3120991,44933,1957487,17549,237206,494,20641,119629,98234.57,5336325,0
"2021-04-10",49363,3170354,35636,1993123,12727,249933,377,21018,98103,99586.86,5434428,0
"2021-04-11",38192,3208546,28810,2021933,7686,257619,288,21306,74976,102383.71,5509404,0
"2021-04-12",46648,3255194,31842,2053775,13493,271112,456,21762,92439,103037,5601843,0
"2021-04-13",52560,3307754,33777,2087552,368,271480,387,22149,87092,100839.29,5688935,0
"2021-04-14",50162,3357916,39954,2127506,20,271500,357,22506,90493,97915,5779428,0
"2021-04-15",52135,3410051,43667,2171173,16,271516,453,22959,96271,94143.29,5875699,0
"2021-04-16",51194,3461245,42221,2213394,32,271548,406,23365,93853,90461,5969552,0
"2021-04-17",43851,3505096,35681,2249075,3,271551,361,23726,79896,87860,6049448,0
"2021-04-18",28613,3533709,29370,2278445,7,271558,247,23973,58237,85468.71,6107685,0
"2021-04-19",37485,3571194,36447,2314892,22,271580,307,24280,74261,82871.86,6181946,0
"2021-04-20",40814,3612008,39633,2354525,19,271599,298,24578,80764,81967.86,6262710,0
"2021-04-21",38911,3650919,45959,2400484,15,271614,481,25059,85366,81235.43,6348076,0
"2021-04-22",38518,3689437,48948,2449432,9,271623,328,25387,87803,80025.71,6435879,0
"2021-04-23",39714,3729151,44368,2493800,4,271627,349,25736,84435,78680.29,6520314,0
"2021-04-24",31968,3761119,41596,2535396,44,271671,273,26009,73881,77821,6594195,0
"2021-04-25",18428,3779547,31230,2566626,86,271757,185,26194,49929,76634.14,6644124,0
"2021-04-26",26978,3806525,40724,2607350,1013,272770,284,26478,68999,75882.43,6713123,0
"2021-04-27",28574,3835099,47124,2654474,1697,274467,343,26821,77738,75450.14,6790861,0
"2021-04-28",27055,3862154,56834,2711308,2147,276614,419,27240,86455,75605.71,6877316,0
"2021-04-29",28618,3890772,57183,2768491,2145,278759,360,27600,88306,75677.57,6965622,0
"2021-04-30",30131,3920903,51987,2820478,2056,280815,273,27873,84447,75679.29,7050069,0
"2021-05-01",22485,3943388,44548,2865026,1176,281991,224,28097,68433,74901,7118502,0
"2021-05-02",11931,3955319,36652,2901678,1080,283071,131,28228,49794,74881.71,7168296,0
"2021-05-03",18038,3973357,53014,2954692,2383,285454,247,28475,73682,75550.71,7241978,0
"2021-05-04",22749,3996106,56641,3011333,2330,287784,258,28733,81978,76156.43,7323956,0
"2021-05-05",21480,4017586,48792,3060125,2311,290095,309,29042,72892,74218.86,7396848,0
"2021-05-06",20696,4038282,50174,3110299,2508,292603,263,29305,73641,72123.86,7470489,0
"2021-05-07",21263,4059545,52096,3162395,2813,295416,302,29607,76474,70984.86,7546963,0
"2021-05-08",16636,4076181,41873,3204268,1835,297251,223,29830,60567,69861.14,7607530,0
"2021-05-09",7976,4084157,29411,3233679,1260,298511,149,29979,38796,68290,7646326,0
"2021-05-10",14402,4098559,38537,3272216,2356,300867,221,30200,55516,65694.86,7701842,0
"2021-05-11",19929,4118488,43047,3315263,2514,303381,279,30479,65769,63379.29,7767611,0
"2021-05-12",17814,4136302,40534,3355797,3596,306977,227,30706,62171,61847.71,7829782,0
"2021-05-13",24984,4161286,40428,3396225,3230,310207,255,30961,68897,61170,7898679,0
"2021-05-14",27034,4188320,42906,3439131,3537,313744,278,31239,73755,60781.57,7972434,0
"2021-05-15",23659,4211979,34921,3474052,3366,317110,243,31482,62189,61013.29,8034623,0
"2021-05-16",15545,4227524,19434,3493486,2497,319607,124,31606,37600,60842.43,8072223,0
"2021-05-17",22679,4250203,29143,3522629,3257,322864,173,31779,55252,60804.71,8127475,0
"2021-05-18",24645,4274848,31900,3554529,3404,326268,234,32013,60183,60006.71,8187658,0
"2021-05-19",24209,4299057,29710,3584239,3040,329308,218,32231,57177,59293.29,8244835,0
"2021-05-20",24165,4323222,30084,3614323,3160,332468,265,32496,57674,57690,8302509,0
"2021-05-21",24695,4347917,32003,3646326,3060,335528,241,32737,59999,55724.86,8362508,0
"2021-05-22",20030,4367947,24357,3670683,2525,338053,155,32892,47067,53564.57,8409575,0
"2021-05-23",11239,4379186,13727,3684410,1411,339464,97,32989,26474,51975.14,8436049,0
"2021-05-24",18887,4398073,23147,3707557,2757,342221,215,33204,45006,50511.43,8481055,0
"2021-05-25",19444,4417517,23374,3730931,2601,344822,174,33378,45593,48427.14,8526648,0
"2021-05-26",18791,4436308,21079,3752010,2695,347517,199,33577,42764,46368.14,8569412,0
"2021-05-27",18478,4454786,21263,3773273,2530,350047,193,33770,42464,44195.29,8611876,0
"2021-05-28",17875,4472661,22888,3796161,2752,352799,183,33953,43698,41866.57,8655574,0
"2021-05-29",12714,4485375,17804,3813965,1755,354554,103,34056,32376,39767.86,8687950,0
"2021-05-30",7033,4492408,8949,3822914,1075,355629,45,34101,17102,38429,8705052,0
"2021-05-31",4741,4497149,6926,3829840,1012,356641,63,34164,12742,33819.86,8717794,0
"2021-06-01",16048,4513197,25197,3855037,2174,358815,149,34313,43568,33530.57,8761362,0
"2021-06-02",15357,4528554,20387,3875424,2092,360907,139,34452,37975,32846.43,8799337,0
"2021-06-03",15011,4543565,23816,3899240,2280,363187,121,34573,41228,32669.86,8840565,0
"2021-06-04",14735,4558300,25981,3925221,2492,365679,142,34715,43350,32620.14,8883915,0
"2021-06-05",10996,4569296,22079,3947300,1806,367485,115,34830,34996,32994.43,8918911,0
"2021-06-06",6451,4575747,14466,3961766,1222,368707,82,34912,22221,33725.71,8941132,0
"2021-06-07",11718,4587465,21781,3983547,2379,371086,139,35051,36017,37050.71,8977149,0
"2021-06-08",12660,4600125,24015,4007562,2072,373158,116,35167,38863,36378.57,9016012,0
"2021-06-09",11153,4611278,23023,4030585,2298,375456,130,35297,36604,36182.71,9052616,0
"2021-06-10",12076,4623354,22228,4052813,2462,377918,138,35435,36904,35565,9089520,0
"2021-06-11",12713,4636067,25111,4077924,2482,380400,151,35586,40457,35151.71,9129977,0
"2021-06-12",10170,4646237,19304,4097228,1888,382288,92,35678,31454,34645.71,9161431,0
"2021-06-13",4259,4650496,10936,4108164,1220,383508,41,35719,16456,33822.14,9177887,0
"2021-06-14",10219,4660715,19237,4127401,2042,385550,124,35843,31622,33194.29,9209509,0
"2021-06-15",11894,4672609,21006,4148407,1943,387493,123,35966,34966,32637.57,9244475,0
"2021-06-16",11593,4684202,19404,4167811,1957,389450,138,36104,33092,32135.86,9277567,0
"2021-06-17",11026,4695228,18759,4186570,1970,391420,118,36222,31873,31417.14,9309440,0
"2021-06-18",12171,4707399,18496,4205066,2115,393535,113,36335,32895,30336.86,9342335,0
"2021-06-19",8504,4715903,13521,4218587,1460,394995,79,36414,23564,29209.71,9365899,0
"2021-06-20",4336,4720239,7162,4225749,924,395919,36,36450,12458,28638.57,9378357,0
"2021-06-21",10166,4730405,10003,4235752,1806,397725,67,36517,22042,27270,9400399,0
"2021-06-22",9840,4740245,15640,4251392,1590,399315,102,36619,27172,26156.57,9427571,0
"2021-06-23",10320,4750565,15183,4266575,1862,401177,102,36721,27467,25353,9455038,0
"2021-06-24",9694,4760259,14695,4281270,1799,402976,116,36837,26304,24557.43,9481342,0
"2021-06-25",10594,4770853,14383,4295653,1718,404694,109,36946,26804,23687.29,9508146,0
"2021-06-26",7811,4778664,10460,4306113,1246,405940,73,37019,19590,23119.57,9527736,0
"2021-06-27",5004,4783668,5998,4312111,796,406736,32,37051,11830,23029.86,9539566,0
"2021-06-28",9036,4792704,10344,4322455,1524,408260,104,37155,21008,22882.14,9560574,0
"2021-06-29",9752,4802456,12311,4334766,1348,409608,123,37278,23534,22362.43,9584108,0
"2021-06-30",9430,4811886,10927,4345693,1481,411089,146,37424,21984,21579.14,9606092,0
"2021-07-01",9401,4821287,10924,4356617,1431,412520,125,37549,21881,20947.29,9627973,0
"2021-07-02",9695,4830982,11437,4368054,1541,414061,122,37671,22795,20374.57,9650768,0
"2021-07-03",7062,4838044,8419,4376473,1193,415254,76,37747,16750,19968.86,9667518,0
"2021-07-04",1288,4839332,1335,4377808,567,415821,8,37755,3198,18735.71,9670716,0
"2021-07-05",6495,4845827,7102,4384910,1208,417029,66,37821,14871,17859,9685587,0
"2021-07-06",9518,4855345,12847,4397757,1317,418346,113,37934,23795,17896.29,9709382,0
"2021-07-07",8677,4864022,11107,4408864,1419,419765,119,38053,21322,17801.71,9730704,0
"2021-07-08",8211,4872233,10195,4419059,1260,421025,105,38158,19771,17500.29,9750475,0
"2021-07-09",8381,4880614,10827,4429886,1279,422304,87,38245,20574,17183,9771049,0
"2021-07-10",7111,4887725,8625,4438511,1133,423437,64,38309,16933,17209.14,9787982,0
"2021-07-11",4105,4891830,4539,4443050,703,424140,35,38344,9382,18092.57,9797364,0
"2021-07-12",8454,4900284,9553,4452603,1250,425390,78,38422,19335,18730.29,9816699,0
"2021-07-13",9472,4909756,9382,4461985,951,426341,103,38525,19908,18175,9836607,0
"2021-07-14",9007,4918763,9525,4471510,1009,427350,103,38628,19644,17935.29,9856251,0
"2021-07-15",8796,4927559,9149,4480659,1052,428402,80,38708,19077,17836.14,9875328,0
"2021-07-16",9245,4936804,9762,4490421,978,429380,102,38810,20087,17766.57,9895415,0
"2021-07-17",6846,4943650,7386,4497807,802,430182,78,38888,15112,17506.43,9910527,0
"2021-07-18",4260,4947910,4285,4502092,569,430751,33,38921,9147,17472.86,9919674,0
"2021-07-19",9129,4957039,8471,4510563,999,431750,86,39007,18685,17380,9938359,0
"2021-07-20",10657,4967696,8755,4519318,991,432741,90,39097,20493,17463.57,9958852,0
"2021-07-21",10056,4977752,8763,4528081,903,433644,141,39238,19863,17494.86,9978715,0
"2021-07-22",10687,4988439,8580,4536661,1044,434688,142,39380,20453,17691.43,9999168,0
"2021-07-23",11261,4999700,8878,4545539,1114,435802,134,39514,21387,17877.14,10020555,0
"2021-07-24",7406,5007106,6734,4552273,670,436472,82,39596,14892,17845.71,10035447,0
"2021-07-25",5481,5012587,2122,4554395,509,436981,59,39655,8171,17706.29,10043618,0
"2021-07-26",10880,5023467,6998,4561393,859,437840,109,39764,18846,17729.29,10062464,0
"2021-07-27",12059,5035526,8566,4569959,857,438697,131,39895,21613,17889.29,10084077,0
"2021-07-28",11999,5047525,8048,4578007,950,439647,129,40024,21126,18069.71,10105203,0
"2021-07-29",10942,5058467,7426,4585433,983,440630,129,40153,19480,17930.71,10124683,0
"2021-07-30",14957,5073424,8005,4593438,1149,441779,180,40333,24291,18345.57,10148974,0
"2021-07-31",9735,5083159,6309,4599747,816,442595,117,40450,16977,18643.43,10165951,0
"2021-08-01",6506,5089665,3308,4603055,564,443159,79,40529,10457,18970,10176408,0
"2021-08-02",13455,5103120,7155,4610210,848,444007,143,40672,21601,19363.57,10198009,0
"2021-08-03",15422,5118542,8382,4618592,1107,445114,145,40817,25056,19855.43,10223065,0
"2021-08-04",17264,5135806,8123,4626715,1454,446568,177,40994,27018,20697.14,10250083,0
"2021-08-05",17870,5153676,7921,4634636,1365,447933,161,41155,27317,21816.71,10277400,0
"2021-08-06",18185,5171861,8409,4643045,1233,449166,164,41319,27991,22345.29,10305391,0
"2021-08-07",13389,5185250,6015,4649060,799,449965,97,41416,20300,22820,10325691,0
"2021-08-08",9312,5194562,3833,4652893,399,450364,79,41495,13623,23272.29,10339314,0
"2021-08-09",21342,5215904,8529,4661422,963,451327,169,41664,31003,24615.43,10370317,0
"2021-08-10",18927,5234831,9329,4670751,950,452277,168,41832,29374,25232.29,10399691,0
"2021-08-11",15653,5250484,8309,4679060,853,453130,125,41957,24940,24935.43,10424631,0
"2021-08-12",15054,5265538,8977,4688037,938,454068,168,42125,25137,24624,10449768,0
"2021-08-13",14930,5280468,9287,4697324,921,454989,236,42361,25374,24250.14,10475142,0
"2021-08-14",10416,5290884,6408,4703732,626,455615,522,42883,17972,23917.57,10493114,0
"2021-08-15",6697,5297581,4474,4708206,677,456292,567,43450,12415,23745,10505529,0
"2021-08-16",15725,5313306,9292,4717498,1149,457441,1315,44765,27481,23241.86,10533010,0
"2021-08-17",17784,5331090,10437,4727935,1221,458662,1754,46519,31196,23502.14,10564206,0
"2021-08-18",17518,5348608,10356,4738291,1260,459922,1978,48497,31112,24383.86,10595318,0
"2021-08-19",16313,5364921,9519,4747810,1316,461238,1942,50439,29090,24948.57,10624408,0
"2021-08-20",16292,5381213,11536,4759346,1254,462492,1846,52285,30928,25742,10655336,0
"2021-08-21",11160,5392373,8040,4767386,877,463369,1047,53332,21124,26192.29,10676460,0
"2021-08-22",4086,5396459,3903,4771289,262,463631,512,53844,8763,25670.57,10685223,0
"2021-08-23",15584,5412043,11797,4783086,1023,464654,1542,55386,29946,26022.71,10715169,0
"2021-08-24",16922,5428965,12591,4795677,1006,465660,1770,57156,32289,26178.86,10747458,0
"2021-08-25",14588,5443553,12435,4808112,1111,466771,1560,58716,29694,25976.29,10777152,0
"2021-08-26",16170,5459723,14084,4822196,1072,467843,1760,60476,33086,26547.14,10810238,0
"2021-08-27",14889,5474612,14819,4837015,972,468815,1652,62128,32332,26747.71,10842570,0
"2021-08-28",10688,5485300,11514,4848529,836,469651,1009,63137,24047,27165.29,10866617,0
"2021-08-29",7220,5492520,7494,4856023,541,470192,769,63906,16024,28202.57,10882641,0
"2021-08-30",15530,5508050,16921,4872944,1077,471269,1782,65688,35310,28968.86,10917951,0
"2021-08-31",15529,5523579,15940,4888884,952,472221,1956,67644,34377,29267.14,10952328,0
"2021-09-01",14840,5538419,14098,4902982,1021,473242,1791,69435,31750,29560.86,10984078,0
"2021-09-02",14346,5552765,12516,4915498,896,474138,1688,71123,29446,29040.86,11013524,0
"2021-09-03",15016,5567781,14298,4929796,974,475112,1887,73010,32175,29018.43,11045699,0
"2021-09-04",9655,5577436,9404,4939200,688,475800,959,73969,20706,28541.14,11066405,0
"2021-09-05",6808,5584244,5512,4944712,438,476238,701,74670,13459,28174.71,11079864,0
"2021-09-06",5202,5589446,4506,4949218,358,476596,269,74939,10335,24606.86,11090199,0
"2021-09-07",15581,5605027,17688,4966906,913,477509,1533,76472,35715,24798,11125914,0
"2021-09-08",16180,5621207,14823,4981729,1073,478582,1748,78220,33824,25094.29,11159738,0
"2021-09-09",16127,5637334,14742,4996471,1048,479630,1897,80117,33814,25718.29,11193552,0
"2021-09-10",18379,5655713,15393,5011864,1209,480839,1957,82074,36938,26398.71,11230490,0
"2021-09-11",12647,5668360,10343,5022207,958,481797,1016,83090,24964,27007,11255454,0
"2021-09-12",8542,5676902,5049,5027256,766,482563,683,83773,15040,27232.86,11270494,0
"2021-09-13",16945,5693847,12945,5040201,974,483537,1635,85408,32499,30399.14,11302993,0
"2021-09-14",16282,5710129,13669,5053870,886,484423,1584,86992,32421,29928.57,11335414,0
"2021-09-15",15560,5725689,12864,5066734,728,485151,1561,88553,30713,29484.14,11366127,0
"2021-09-16",15353,5741042,13904,5080638,1211,486362,1439,89992,31907,29211.71,11398034,0
"2021-09-17",14440,5755482,13962,5094600,922,487284,1818,91810,31142,28383.71,11429176,0
"2021-09-18",10012,5765494,10170,5104770,913,488197,1043,92853,22138,27980,11451314,0
"2021-09-19",6183,5771677,6069,5110839,557,488754,742,93595,13551,27767.29,11464865,0
"2021-09-20",12692,5784369,12629,5123468,1069,489823,1902,95497,28292,27166.29,11493157,0
"2021-09-21",12247,5796616,12769,5136237,1111,490934,2006,97503,28133,26553.71,11521290,0
"2021-09-22",12847,5809463,11985,5148222,1091,492025,1659,99162,27582,26106.43,11548872,0
"2021-09-23",14963,5824426,12749,5160971,1639,493664,2237,101399,31588,26060.86,11580460,0
"2021-09-24",16468,5840894,13358,5174329,1632,495296,4584,105983,36042,26760.86,11616502,0
"2021-09-25",10555,5851449,9020,5183349,1018,496314,3418,109401,24011,27028.43,11640513,0
"2021-09-26",6320,5857769,5754,5189103,773,497087,2399,111800,15246,27270.57,11655759,0
"2021-09-27",14187,5871956,8046,5197149,1155,498242,8945,120745,32333,27847.86,11688092,0
"2021-09-28",11174,5883130,11771,5208920,901,499143,9767,130512,33613,28630.71,11721705,0
"2021-09-29",11628,5894758,12185,5221105,1205,500348,9328,139840,34346,29597,11756051,0
"2021-09-30",12261,5907019,12593,5233698,1338,501686,9617,149457,35809,30200,11791860,0
"2021-10-01",12668,5919687,13425,5247123,1284,502970,10173,159630,37550,30415.43,11829410,0
"2021-10-02",7740,5927427,9974,5257097,864,503834,4186,163816,22764,30237.29,11852174,0
"2021-10-03",5084,5932511,6159,5263256,594,504428,2594,166410,14431,30120.86,11866605,0
"2021-10-04",9930,5942441,11030,5274286,913,505341,9425,175835,31298,29973,11897903,0
"2021-10-05",10192,5952633,11745,5286031,972,506313,9856,185691,32765,29851.86,11930668,0
"2021-10-06",9937,5962570,11053,5297084,937,507250,9858,195549,31785,29486,11962453,0
"2021-10-07",9689,5972259,12180,5309264,852,508102,10120,205669,32841,29062,11995294,0
"2021-10-08",9492,5981751,12166,5321430,943,509045,10821,216490,33422,28472.29,12028716,0
"2021-10-09",6280,5988031,8276,5329706,649,509694,4062,220552,19267,27972.71,12047983,0
"2021-10-10",3549,5991580,5021,5334727,458,510152,2406,222958,11434,27544.57,12059417,0
"2021-10-11",7644,5999224,9329,5344056,728,510880,8844,231802,26545,26865.57,12085962,0
"2021-10-12",8093,6007317,11003,5355059,891,511771,10420,242222,30407,26528.71,12116369,0
"2021-10-13",7189,6014506,10142,5365201,869,512640,8688,250910,26888,25829.14,12143257,0
"2021-10-14",7467,6021973,11109,5376310,836,513476,10005,260915,29417,25340,12172674,0
"2021-10-15",7751,6029724,11867,5388177,823,514299,10687,271602,31128,25012.29,12203802,0
"2021-10-16",4874,6034598,7463,5395640,666,514965,3790,275392,16793,24658.86,12220595,0
"2021-10-17",3064,6037662,4474,5400114,411,515376,2418,277810,10367,24506.43,12230962,0
"2021-10-18",7087,6044749,10658,5410772,797,516173,9354,287164,27896,24699.43,12258858,0
"2021-10-19",6601,6051350,8942,5419714,806,516979,8984,296148,25333,23974.57,12284191,0
"2021-10-20",6568,6057918,9372,5429086,975,517954,9881,306029,26796,23961.43,12310987,0
"2021-10-21",7063,6064981,9378,5438464,859,518813,10736,316765,28036,23764.14,12339023,0
"2021-10-22",8171,6073152,10349,5448813,1026,519839,16259,333024,35805,24432.29,12374828,0
"2021-10-23",5204,6078356,6459,5455272,690,520529,9074,342098,21427,25094.29,12396255,0
"2021-10-24",3286,6081642,3970,5459242,770,521299,6137,348235,14163,25636.57,12410418,0
"2021-10-25",8831,6090473,8750,5467992,1148,522447,19181,367416,37910,27067.14,12448328,0
"2021-10-26",8248,6098721,7727,5475719,1259,523706,17226,384642,34460,28371,12482788,0
"2021-10-27",10628,6109349,8399,5484118,1604,525310,20760,405402,41391,30456,12524179,0
"2021-10-28",11377,6120726,8043,5492161,1793,527103,20751,426153,41964,32445.71,12566143,0
"2021-10-29",11901,6132627,8246,5500407,1964,529067,22441,448594,44552,33695.29,12610695,0
"2021-10-30",4656,6137283,5051,5505458,934,530001,11122,459716,21763,33743.29,12632458,0
"2021-10-31",2678,6139961,2704,5508162,545,530546,6600,466316,12527,33509.57,12644985,0
"2021-11-01",7200,6147161,6953,5515115,1090,531636,20293,486609,35536,33170.43,12680521,0
"2021-11-02",6636,6153797,6585,5521700,1053,532689,20669,507278,34943,33239.43,12715464,0
"2021-11-03",6907,6160704,6677,5528377,1028,533717,20529,527807,35141,32346.57,12750605,0
"2021-11-04",9354,6170058,6275,5534652,997,534714,22263,550070,38889,31907.29,12789494,0
"2021-11-05",11124,6181182,6723,5541375,1052,535766,23681,573751,42580,31625.57,12832074,0
"2021-11-06",11150,6192332,4052,5545427,593,536359,12559,586310,28354,32567.14,12860428,0
"2021-11-07",7282,6199614,2283,5547710,576,536935,7075,593385,17216,33237,12877644,0
"2021-11-08",15113,6214727,5678,5553388,867,537802,19424,612809,41082,34029.29,12918726,0
"2021-11-09",16211,6230938,5381,5558769,661,538463,20457,633266,42710,35138.86,12961436,0
"2021-11-10",17009,6247947,5331,5564100,684,539147,22541,655807,45565,36628,13007001,0
"2021-11-11",12633,6260580,5193,5569293,761,539908,21986,677793,40573,36868.57,13047574,0
"2021-11-12",16951,6277531,5684,5574977,708,540616,23329,701122,46672,37453.14,13094246,0
"2021-11-13",9973,6287504,3666,5578643,465,541081,13288,714410,27392,37315.71,13121638,0
"2021-11-14",6041,6293545,2294,5580937,325,541406,7905,722315,16565,37222.71,13138203,0
"2021-11-15",13299,6306844,5971,5586908,690,542096,25008,747323,44968,37777.86,13183171,0
"2021-11-16",10035,6316879,5796,5592704,655,542751,30548,777871,47034,38395.57,13230205,0
"2021-11-17",10385,6327264,6678,5599382,682,543433,31273,809144,49018,38888.86,13279223,0
"2021-11-18",10798,6338062,6549,5605931,861,544294,32911,842055,51119,40395.43,13330342,0
"2021-11-19",12111,6350173,6553,5612484,717,545011,36142,878197,55523,41659.86,13385865,0
"2021-11-20",9393,6359566,3420,5615904,514,545525,22429,900626,35756,42854.71,13421621,0
"2021-11-21",5005,6364571,1893,5617797,288,545813,13153,913779,20339,43393.86,13441960,0
"2021-11-22",10542,6375113,5789,5623586,753,546566,35750,949529,52834,44517.57,13494794,0
"2021-11-23",9888,6385001,4782,5628368,635,547201,33379,982908,48684,44753.29,13543478,0
"2021-11-24",8776,6393777,4760,5633128,651,547852,25837,1008745,40024,43468.43,13583502,0
"2021-11-25",452,6394229,324,5633452,80,547932,997,1009742,1853,36430.43,13585355,0
"2021-11-26",8118,6402347,6989,5640441,528,548460,26506,1036248,42141,34518.71,13627496,0
"2021-11-27",6726,6409073,6828,5647269,373,548833,18754,1055002,32681,34079.43,13660177,0
"2021-11-28",4111,6413184,5782,5653051,282,549115,11827,1066829,22002,34317,13682179,0
"2021-11-29",9192,6422376,10986,5664037,688,549803,34875,1101704,55741,34732.29,13737920,0
"2021-11-30",10599,6432975,11431,5675468,512,550315,37635,1139339,60177,36374.14,13798097,0
"2021-12-01",11311,6444286,10961,5686429,723,551038,40198,1179537,63193,39684,13861290,0
"2021-12-02",11748,6456034,11025,5697454,626,551664,41981,1221518,65380,48759.29,13926670,0
"2021-12-03",13620,6469654,12868,5710322,676,552340,47773,1269291,74937,53444.43,14001607,0
"2021-12-04",9918,6479572,11277,5721599,567,552907,30572,1299863,52334,56252,14053941,0
"2021-12-05",5795,6485367,5704,5727303,270,553177,16612,1316475,28381,57163.29,14082322,0
"2021-12-06",12465,6497832,9938,5737241,603,553780,43100,1359575,66106,58644,14148428,0
"2021-12-07",12698,6510530,9240,5746481,625,554405,42914,1402489,65477,59401.14,14213905,0
"2021-12-08",13677,6524207,8745,5755226,556,554961,40625,1443114,63603,59459.71,14277508,0
"2021-12-09",13612,6537819,8757,5763983,558,555519,40688,1483802,63615,59207.57,14341123,0
"2021-12-10",14167,6551986,10125,5774108,672,556191,43501,1527303,68465,58283,14409588,0
"2021-12-11",10329,6562315,8102,5782210,405,556596,26644,1553947,45480,57303.86,14455068,0
"2021-12-12",6066,6568381,3856,5786066,288,556884,15117,1569064,25327,56867.57,14480395,0
"2021-12-13",12340,6580721,7413,5793479,657,557541,37760,1606824,58170,55733.86,14538565,0
"2021-12-14",12321,6593042,6957,5800436,733,558274,38047,1644871,58058,54674,14596623,0
"2021-12-15",12248,6605290,6239,5806675,755,559029,37972,1682843,57214,53761.29,14653837,0
"2021-12-16",13241,6618531,4265,5810940,734,559763,40870,1723713,59110,53117.71,14712947,0
"2021-12-17",16124,6634655,6928,5817868,620,560383,46544,1770257,70216,53367.86,14783163,0
"2021-12-18",13094,6647749,5717,5823585,432,560815,30507,1800764,49750,53977.86,14832913,0
"2021-12-19",7068,6654817,2987,5826572,327,561142,17952,1818716,28334,54407.43,14861247,0
"2021-12-20",17010,6671827,5868,5832440,746,561888,47269,1865985,70893,56225,14932140,0
"2021-12-21",18075,6689902,6554,5838994,808,562696,48735,1914720,74172,58527,15006312,0
"2021-12-22",18672,6708574,6555,5845549,938,563634,49475,1964195,75640,61159.29,15081952,0
"2021-12-23",19128,6727702,6479,5852028,929,564563,45701,2009896,72237,63034.57,15154189,0
"2021-12-24",9259,6736961,2952,5854980,597,565160,20560,2030456,33368,57770.57,15187557,0
"2021-12-25",343,6737304,65,5855045,31,565191,422,2030878,861,50786.43,15188418,0
"2021-12-26",7997,6745301,3924,5858969,341,565532,17247,2048125,29509,50954.29,15217927,0
"2021-12-27",21885,6767186,9199,5868168,933,566465,43324,2091449,75341,51589.71,15293268,0
"2021-12-28",20233,6787419,8322,5876490,698,567163,47459,2138908,76712,51952.57,15369980,0
"2021-12-29",18549,6805968,7657,5884147,607,567770,45427,2184335,72240,51466.86,15442220,0
"2021-12-30",16934,6822902,7411,5891558,582,568352,44737,2229072,69664,51099.29,15511884,0
"2021-12-31",5379,6828281,2796,5894354,193,568545,14716,2243788,23084,49630.14,15534968,0
"2022-01-01",237,6828518,145,5894499,11,568556,498,2244286,891,49634.43,15535859,0
"2022-01-02",6457,6834975,5009,5899508,153,568709,10964,2255250,22583,48645,15558442,0
"2022-01-03",14211,6849186,8479,5907987,515,569224,26806,2282056,50011,45026.43,15608453,0
"2022-01-04",13148,6862334,8059,5916046,412,569636,26921,2308977,48540,41001.86,15656993,0
"2022-01-05",11681,6874015,6957,5923003,385,570021,25674,2334651,44697,37067.14,15701690,0
"2022-01-06",11609,6885624,7353,5930356,480,570501,27369,2362020,46811,33802.43,15748501,0
"2022-01-07",10514,6896138,8413,5938769,337,570838,24884,2386904,44148,36811.57,15792649,0
"2022-01-08",7974,6904112,8540,5947309,310,571148,19356,2406260,36180,41852.86,15828829,0
"2022-01-09",4160,6908272,3842,5951151,214,571362,10037,2416297,18253,41234.29,15847082,0
"2022-01-10",10220,6918492,8173,5959324,490,571852,24522,2440819,43405,40290.57,15890487,0
"2022-01-11",8961,6927453,7971,5967295,520,572372,20935,2461754,38387,38840.14,15928874,0
"2022-01-12",9015,6936468,8305,5975600,428,572800,22246,2484000,39994,38168.29,15968868,0
"2022-01-13",9111,6945579,8838,5984438,449,573249,22730,2506730,41128,37356.43,16009996,0
"2022-01-14",10129,6955708,8063,5992501,475,573724,26167,2532897,44834,37454.43,16054830,0
"2022-01-15",6203,6961911,4264,5996765,178,573902,14926,2547823,25571,35938.86,16080401,0
"2022-01-16",2938,6964849,3252,6000017,93,573995,7800,2555623,14083,35343.14,16094484,0
"2022-01-17",6114,6970963,6751,6006768,363,574358,14611,2570234,27839,33119.43,16122323,0
"2022-01-18",8143,6979106,10149,6016917,397,574755,19330,2589564,38019,33066.86,16160342,0
"2022-01-19",7551,6986657,9223,6026140,306,575061,17625,2607189,34705,32311.29,16195047,0
"2022-01-20",6348,6993005,8560,6034700,303,575364,15141,2622330,30352,30771.86,16225399,0
"2022-01-21",7657,7000662,7485,6042185,277,575641,18378,2640708,33797,29195.14,16259196,0
"2022-01-22",5217,7005879,4923,6047108,131,575772,11277,2651985,21548,28620.43,16280744,0
"2022-01-23",2824,7008703,3326,6050434,97,575869,6213,2658198,12460,28388.57,16293204,0
"2022-01-24",6426,7015129,8184,6058618,261,576130,14992,2673190,29863,28677.71,16323067,0
"2022-01-25",6225,7021354,7917,6066535,232,576362,14634,2687824,29008,27390.43,16352075,0
"2022-01-26",5800,7027154,7147,6073682,290,576652,13957,2701781,27194,26317.43,16379269,0
"2022-01-27",5283,7032437,7075,6080757,320,576972,14023,2715804,26701,25795.86,16405970,0
"2022-01-28",6317,7038754,7848,6088605,205,577177,16058,2731862,30428,25314.57,16436398,0
"2022-01-29",848,7039602,726,6089331,28,577205,2522,2734384,4124,22825.43,16440522,0
"2022-01-30",2107,7041709,3016,6092347,103,577308,4527,2738911,9753,22438.71,16450275,0
"2022-01-31",5040,7046749,6583,6098930,219,577527,11313,2750224,23155,21480.43,16473430,0
"2022-02-01",4859,7051608,6440,6105370,219,577746,10657,2760881,22175,20504.29,16495605,0
"2022-02-02",4278,7055886,5921,6111291,214,577960,11174,2772055,21587,19703.29,16517192,0
"2022-02-03",4247,7060133,5787,6117078,217,578177,11167,2783222,21418,18948.57,16538610,0
"2022-02-04",4801,7064934,7087,6124165,214,578391,13150,2796372,25252,18209.14,16563862,0
"2022-02-05",3602,7068536,6039,6130204,110,578501,8548,2804920,18299,20234.14,16582161,0
"2022-02-06",2072,7070608,2132,6132336,121,578622,4623,2809543,8948,20119.14,16591109,0
"2022-02-07",4174,7074782,4719,6137055,205,578827,10106,2819649,19204,19554.71,16610313,0
"2022-02-08",4250,7079032,5595,6142650,213,579040,11260,2830909,21318,19432.29,16631631,0
"2022-02-09",4156,7083188,5389,6148039,222,579262,11609,2842518,21376,19402.14,16653007,0
"2022-02-10",4008,7087196,5101,6153140,243,579505,12110,2854628,21462,19408.43,16674469,0
"2022-02-11",4543,7091739,5794,6158934,194,579699,13685,2868313,24216,19260.43,16698685,0
"2022-02-12",3272,7095011,4333,6163267,96,579795,8773,2877086,16474,18999.71,16715159,0
"2022-02-13",1526,7096537,1542,6164809,41,579836,4872,2881958,7981,18861.57,16723140,0
"2022-02-14",3007,7099544,3617,6168426,165,580001,10537,2892495,17326,18593.29,16740466,0
"2022-02-15",3581,7103125,4056,6172482,177,580178,12730,2905225,20544,18482.71,16761010,0
"2022-02-16",3688,7106813,3887,6176369,196,580374,15640,2920865,23411,18773.43,16784421,0
"2022-02-17",4069,7110882,4077,6180446,163,580537,18177,2939042,26486,19491.14,16810907,0
"2022-02-18",4505,7115387,4773,6185219,189,580726,21500,2960542,30967,20455.57,16841874,0
"2022-02-19",3271,7118658,2176,6187395,65,580791,11149,2971691,16661,20482.29,16858535,0
"2022-02-20",1868,7120526,1444,6188839,59,580850,6565,2978256,9936,20761.57,16868471,0
"2022-02-21",3115,7123641,2685,6191524,95,580945,8324,2986580,14219,20317.71,16882690,0
"2022-02-22",4418,7128059,4239,6195763,175,581120,10787,2997367,19619,20185.57,16902309,0
"2022-02-23",4295,7132354,3776,6199539,144,581264,10623,3007990,18838,19532.29,16921147,0
"2022-02-24",3771,7136125,3651,6203190,108,581372,10156,3018146,17686,18275.14,16938833,0
"2022-02-25",3641,7139766,3605,6206795,135,581507,9950,3028096,17331,16327.14,16956164,0
"2022-02-26",2858,7142624,2574,6209369,74,581581,9490,3037586,14996,16089.29,16971160,0
"2022-02-27",1781,7144405,1368,6210737,52,581633,6264,3043850,9465,16022,16980625,0
"2022-02-28",3825,7148230,3118,6213855,140,581773,13086,3056936,20169,16872,17000794,0
"2022-03-01",2130,7150360,2605,6216460,102,581875,5151,3062087,9988,15496.14,17010782,0
"2022-03-02",1835,7152195,2418,6218878,105,581980,4101,3066188,8459,14013.43,17019241,0
"2022-03-03",1941,7154136,2548,6221426,106,582086,3781,3069969,8376,12683.43,17027617,0
"2022-03-04",2106,7156242,2862,6224288,67,582153,4307,3074276,9342,11542.14,17036959,0
"2022-03-05",1611,7157853,2119,6226407,43,582196,3300,3077576,7073,10410.29,17044032,0
"2022-03-06",802,7158655,877,6227284,30,582226,1617,3079193,3326,9533.29,17047358,0
"2022-03-07",1676,7160331,1774,6229058,85,582311,3472,3082665,7007,7653,17054365,0
"2022-03-08",1543,7161874,1893,6230951,79,582390,3112,3085777,6627,7172.86,17060992,0
"2022-03-09",1262,7163136,1662,6232613,78,582468,2567,3088344,5569,6760,17066561,0
"2022-03-10",1429,7164565,2088,6234701,85,582553,2935,3091279,6537,6497.29,17073098,0
"2022-03-11",1605,7166170,2260,6236961,80,582633,3192,3094471,7137,6182.29,17080235,0
"2022-03-12",882,7167052,1410,6238371,39,582672,1994,3096465,4325,5789.71,17084560,0
"2022-03-13",626,7167678,755,6239126,26,582698,1289,3097754,2696,5699.71,17087256,0
"2022-03-14",1384,7169062,1591,6240717,83,582781,2969,3100723,6027,5559.71,17093283,0
"2022-03-15",1344,7170406,1917,6242634,62,582843,3063,3103786,6386,5525.29,17099669,0
"2022-03-16",1394,7171800,2053,6244687,94,582937,3115,3106901,6656,5680.57,17106325,0
"2022-03-17",1175,7172975,1803,6246490,69,583006,2739,3109640,5786,5573.29,17112111,0
"2022-03-18",1578,7174553,2156,6248646,80,583086,3742,3113382,7556,5633.14,17119667,0
"2022-03-19",1113,7175666,1724,6250370,53,583139,2583,3115965,5473,5797.14,17125140,0
"2022-03-20",613,7176279,629,6250999,32,583171,1458,3117423,2732,5802.29,17127872,0
"2022-03-21",1422,7177701,1535,6252534,73,583244,3030,3120453,6060,5807,17133932,0
"2022-03-22",1333,7179034,1541,6254075,101,583345,2876,3123329,5851,5730.57,17139783,0
"2022-03-23",1259,7180293,1343,6255418,66,583411,2895,3126224,5563,5574.43,17145346,0
"2022-03-24",1208,7181501,1288,6256706,88,583499,2498,3128722,5082,5473.86,17150428,0
"2022-03-25",1383,7182884,1602,6258308,61,583560,3232,3131954,6278,5291.29,17156706,0
"2022-03-26",922,7183806,1145,6259453,37,583597,2280,3134234,4384,5135.71,17161090,0
"2022-03-27",573,7184379,526,6259979,29,583626,1307,3135541,2435,5093.29,17163525,0
"2022-03-28",1081,7185460,1142,6261121,67,583693,2424,3137965,4714,4901,17168239,0
"2022-03-29",1042,7186502,1100,6262221,85,583778,2492,3140457,4719,4739.29,17172958,0
"2022-03-30",1241,7187743,1124,6263345,95,583873,3034,3143491,5494,4729.43,17178452,0
"2022-03-31",1230,7188973,1222,6264567,57,583930,3115,3146606,5624,4806.86,17184076,0
"2022-04-01",1375,7190348,1458,6266025,66,583996,3199,3149805,6098,4781.14,17190174,0
"2022-04-02",878,7191226,905,6266930,31,584027,2080,3151885,3894,4711.14,17194068,0
"2022-04-03",545,7191771,494,6267424,28,584055,1212,3153097,2279,4688.86,17196347,0
"2022-04-04",1306,7193077,1288,6268712,56,584111,2661,3155758,5311,4774.14,17201658,0
"2022-04-05",1262,7194339,1126,6269838,66,584177,2814,3158572,5268,4852.57,17206926,0
"2022-04-06",1253,7195592,1148,6270986,55,584232,2561,3161133,5017,4784.43,17211943,120000
"2022-04-07",1138,7196730,1006,6271992,52,584284,2256,3163389,4452,4617,17216395,120000
"2022-04-08",1440,7198170,1366,6273358,51,584335,3020,3166409,5877,4585.43,17222272,120000
"2022-04-09",930,7199100,904,6274262,23,584358,2005,3168414,3862,4580.86,17226134,120000
"2022-04-10",587,7199687,449,6274711,18,584376,1153,3169567,2207,4570.57,17228341,120000
"2022-04-11",1306,7200993,1141,6275852,55,584431,2512,3172079,5014,4528.14,17233355,120000
"2022-04-12",359,7201352,340,6276192,19,584450,872,3172951,1590,4002.71,17234945,120000
