"DATE","ADMIN_DOSE1_DAILY","ADMIN_DOSE1_CUMULATIVE","ADMIN_DOSE2_DAILY","ADMIN_DOSE2_CUMULATIVE","ADMIN_SINGLE_DAILY","ADMIN_SINGLE_CUMULATIVE","ADMIN_ADDITIONAL_DAILY","ADMIN_ADDITIONAL_CUMULATIVE","ADMIN_ALLDOSES_DAILY","ADMIN_ALLDOSES_7DAYAVG","ADMIN_ALLDOSES_CUMULATIVE","INCOMPLETE"
"2020-12-14",79,79,0,0,0,0,0,0,79,,79,0
"2020-12-15",2051,2130,6,6,4,4,0,0,2061,,2140,0
"2020-12-16",4601,6731,13,19,1,5,1,1,4616,,6756,0
"2020-12-17",4655,11386,17,36,0,5,1,2,4673,,11429,0
"2020-12-18",5833,17219,20,56,2,7,2,4,5857,,17286,0
"2020-12-19",1690,18909,6,62,3,10,0,4,1699,,18985,0
"2020-12-20",1115,20024,2,64,1,11,0,4,1118,2871.86,20103,0
"2020-12-21",6337,26361,14,78,1,12,5,9,6357,3768.71,26460,0
"2020-12-22",9798,36159,26,104,2,14,1,10,9827,4878.14,36287,0
"2020-12-23",14272,50431,34,138,3,17,1,11,14310,6263,50597,0
"2020-12-24",7203,57634,24,162,1,18,1,12,7229,6628.14,57826,0
"2020-12-25",180,57814,0,162,0,18,1,13,181,5817.29,58007,0
"2020-12-26",4394,62208,41,203,0,18,1,14,4436,6208.29,62443,0
"2020-12-27",3869,66077,13,216,0,18,0,14,3882,6603.14,66325,0
"2020-12-28",10996,77073,44,260,1,19,3,17,11044,7272.71,77369,0
"2020-12-29",10727,87800,28,288,2,21,2,19,10759,7405.86,88128,0
"2020-12-30",12838,100638,45,333,0,21,0,19,12883,7202,101011,0
"2020-12-31",7265,107903,34,367,1,22,0,19,7300,7212.14,108311,0
"2021-01-01",185,108088,5,372,1,23,3,22,194,7214,108505,0
"2021-01-02",3815,111903,12,384,2,25,1,23,3830,7127.43,112335,0
"2021-01-03",3541,115444,24,408,2,27,1,24,3568,7082.57,115903,0
"2021-01-04",12256,127700,805,1213,2,29,7,31,13070,7372,128973,0
"2021-01-05",14078,141778,2192,3405,2,31,14,45,16286,8161.57,145259,0
"2021-01-06",17813,159591,3917,7322,1,32,32,77,21763,9430.14,167022,0
"2021-01-07",16546,176137,5178,12500,4,36,43,120,21771,11497.43,188793,0
"2021-01-08",16627,192764,5452,17952,0,36,28,148,22107,14627.86,210900,0
"2021-01-09",7656,200420,1460,19412,1,37,8,156,9125,15384.29,220025,0
"2021-01-10",7897,208317,978,20390,0,37,9,165,8884,16143.71,228909,0
"2021-01-11",25847,234164,7450,27840,2,39,45,210,33344,19040,262253,0
"2021-01-12",28267,262431,7850,35690,1,40,41,251,36159,21879,298412,0
"2021-01-13",31736,294167,9369,45059,1,41,53,304,41159,24649.86,339571,0
"2021-01-14",35811,329978,5319,50378,2,43,25,329,41157,27419.29,380728,0
"2021-01-15",29279,359257,3710,54088,2,45,27,356,33018,28978,413746,0
"2021-01-16",30312,389569,2369,56457,0,45,23,379,32704,32346.43,446450,0
"2021-01-17",23796,413365,1603,58060,0,45,15,394,25414,34707.86,471864,0
"2021-01-18",27158,440523,2396,60456,0,45,33,427,29587,34171.14,501451,0
"2021-01-19",34330,474853,9612,70068,1,46,67,494,44010,35292.71,545461,0
"2021-01-20",34907,509760,9485,79553,1,47,59,553,44452,35763.14,589913,0
"2021-01-21",25633,535393,8080,87633,1,48,46,599,33760,34706.43,623673,0
"2021-01-22",24760,560153,4376,92009,1,49,27,626,29164,34155.86,652837,0
"2021-01-23",15744,575897,3217,95226,0,49,11,637,18972,32194.14,671809,0
"2021-01-24",7179,583076,3450,98676,0,49,14,651,10643,30084,682452,0
"2021-01-25",13418,596494,11805,110481,0,49,62,713,25285,29469.43,707737,0
"2021-01-26",16778,613272,10737,121218,0,49,64,777,27579,27122.14,735316,0
"2021-01-27",20856,634128,12337,133555,0,49,51,828,33244,25521,768560,0
"2021-01-28",30781,664909,12821,146376,0,49,84,912,43686,26939,812246,0
"2021-01-29",31714,696623,11474,157850,0,49,74,986,43262,28953,855508,0
"2021-01-30",18727,715350,3729,161579,0,49,23,1009,22479,29454,877987,0
"2021-01-31",13037,728387,2898,164477,1,50,29,1038,15965,30214.29,893952,0
"2021-02-01",1180,729567,5366,169843,3,53,35,1073,6584,27542.71,900536,0
"2021-02-02",2822,732389,9469,179312,2,55,50,1123,12343,25366.14,912879,0
"2021-02-03",16369,748758,21221,200533,4,59,194,1317,37788,26015.29,950667,0
"2021-02-04",27053,775811,19636,220169,3,62,194,1511,46886,26472.43,997553,0
"2021-02-05",27621,803432,20000,240169,0,62,174,1685,47795,27120,1045348,0
"2021-02-06",22996,826428,11238,251407,0,62,103,1788,34337,28814,1079685,0
"2021-02-07",12055,838483,8274,259681,0,62,83,1871,20412,29449.29,1100097,0
"2021-02-08",17017,855500,23475,283156,2,64,224,2095,40718,34325.57,1140815,0
"2021-02-09",17214,872714,28108,311264,2,66,311,2406,45635,39081.57,1186450,0
"2021-02-10",19611,892325,29230,340494,2,68,327,2733,49170,40707.57,1235620,0
"2021-02-11",27875,920200,33478,373972,2,70,318,3051,61673,42820,1297293,0
"2021-02-12",38442,958642,30757,404729,3,73,348,3399,69550,45927.86,1366843,0
"2021-02-13",28024,986666,25295,430024,2,75,305,3704,53626,48683.43,1420469,0
"2021-02-14",16307,1002973,23712,453736,0,75,256,3960,40275,51521,1460744,0
"2021-02-15",12807,1015780,10500,464236,1,76,174,4134,23482,49058.71,1484226,0
"2021-02-16",14268,1030048,26710,490946,0,76,314,4448,41292,48438.29,1525518,0
"2021-02-17",16424,1046472,22150,513096,1,77,288,4736,38863,46965.86,1564381,0
"2021-02-18",12175,1058647,24964,538060,21,98,280,5016,37440,43504,1601821,0
"2021-02-19",13296,1071943,23912,561972,39,137,289,5305,37536,38930.57,1639357,0
"2021-02-20",11361,1083304,26071,588043,6,143,321,5626,37759,36663.86,1677116,0
"2021-02-21",6366,1089670,17424,605467,15,158,277,5903,24082,34350.57,1701198,0
"2021-02-22",13045,1102715,11830,617297,2,160,131,6034,25008,34568.57,1726206,0
"2021-02-23",25248,1127963,14147,631444,1,161,157,6191,39553,34320.14,1765759,0
"2021-02-24",36379,1164342,20343,651787,0,161,209,6400,56931,36901.29,1822690,0
"2021-02-25",54619,1218961,30330,682117,6,167,380,6780,85335,43743.43,1908025,0
"2021-02-26",62920,1281881,31810,713927,4,171,379,7159,95113,51968.71,2003138,0
"2021-02-27",51330,1333211,22701,736628,47,218,325,7484,74403,57203.57,2077541,0
"2021-02-28",44630,1377841,13764,750392,6,224,189,7673,58589,62133.14,2136130,0
"2021-03-01",39324,1417165,12738,763130,9,233,159,7832,52230,66022,2188360,0
"2021-03-02",47094,1464259,12534,775664,7,240,148,7980,59783,68912,2248143,0
"2021-03-03",48616,1512875,16101,791765,17,257,147,8127,64881,70047.71,2313024,0
"2021-03-04",59849,1572724,22759,814524,1092,1349,261,8388,83961,69851.43,2396985,0
"2021-03-05",61023,1633747,24231,838755,3112,4461,318,8706,88684,68933,2485669,0
"2021-03-06",47183,1680930,18846,857601,5450,9911,238,8944,71717,68549.29,2557386,0
"2021-03-07",36063,1716993,14826,872427,6247,16158,228,9172,57364,68374.29,2614750,0
"2021-03-08",39632,1756625,14633,887060,8568,24726,325,9497,63158,69935.43,2677908,0
"2021-03-09",39113,1795738,12759,899819,7770,32496,199,9696,59841,69943.71,2737749,0
"2021-03-10",51852,1847590,15236,915055,5068,37564,219,9915,72375,71014.29,2810124,0
"2021-03-11",60016,1907606,21730,936785,4617,42181,257,10172,86620,71394.14,2896744,0
"2021-03-12",52223,1959829,30244,967029,4184,46365,372,10544,87023,71156.86,2983767,0
"2021-03-13",40672,2000501,26655,993684,5113,51478,317,10861,72757,71305.43,3056524,0
"2021-03-14",30731,2031232,15919,1009603,4533,56011,238,11099,51421,70456.43,3107945,0
"2021-03-15",33596,2064828,17190,1026793,4726,60737,237,11336,55749,69398,3163694,0
"2021-03-16",38703,2103531,20412,1047205,4926,65663,256,11592,64297,70034.57,3227991,0
"2021-03-17",42639,2146170,24726,1071931,4248,69911,319,11911,71932,69971.29,3299923,0
"2021-03-18",50503,2196673,26710,1098641,5242,75153,347,12258,82802,69425.86,3382725,0
"2021-03-19",47827,2244500,29857,1128498,5626,80779,368,12626,83678,68948,3466403,0
"2021-03-20",38732,2283232,25748,1154246,4692,85471,280,12906,69452,68475.86,3535855,0
"2021-03-21",29316,2312548,19292,1173538,771,86242,203,13109,49582,68213.14,3585437,0
"2021-03-22",33881,2346429,26661,1200199,4040,90282,252,13361,64834,69511,3650271,0
"2021-03-23",38448,2384877,32772,1232971,4222,94504,263,13624,75705,71140.71,3725976,0
"2021-03-24",41522,2426399,37513,1270484,4848,99352,299,13923,84182,72890.71,3810158,0
"2021-03-25",43443,2469842,50668,1321152,5051,104403,428,14351,99590,75289,3909748,0
"2021-03-26",38518,2508360,55382,1376534,4308,108711,498,14849,98706,77435.86,4008454,0
"2021-03-27",35760,2544120,45618,1422152,2941,111652,376,15225,84695,79613.43,4093149,0
"2021-03-28",26410,2570530,34332,1456484,1481,113133,315,15540,62538,81464.29,4155687,0
"2021-03-29",34849,2605379,38714,1495198,3249,116382,320,15860,77132,83221.14,4232819,0
"2021-03-30",40556,2645935,41829,1537027,3713,120095,302,16162,86400,84749,4319219,0
"2021-03-31",49433,2695368,44767,1581794,7443,127538,369,16531,102012,87296.14,4421231,0
"2021-04-01",50782,2746150,53912,1635706,11278,138816,466,16997,116438,89703,4537669,0
"2021-04-02",43775,2789925,53847,1689553,11976,150792,509,17506,110107,91331.71,4647776,0
"2021-04-03",39280,2829205,39154,1728707,9861,160653,322,17828,88617,91892,4736393,0
"2021-04-04",26567,2855772,24657,1753364,3901,164554,217,18045,55342,90864,4791735,0
"2021-04-05",41891,2897663,34388,1787752,11191,175745,347,18392,87817,92390.43,4879552,0
"2021-04-06",53300,2950963,35501,1823253,13217,188962,403,18795,102421,94679.14,4981973,0
"2021-04-07",55548,3006511,40634,1863887,14385,203347,373,19168,110940,95954.57,5092913,0
"2021-04-08",59297,3065808,46515,1910402,16333,219680,481,19649,122626,96838.57,5215539,0
"2021-04-09",56657,3122465,44892,1955294,17549,237229,484,20133,119582,98192.14,5335121,0
"2021-04-10",49384,3171849,35633,1990927,12733,249962,354,20487,98104,99547.43,5433225,0
"2021-04-11",38207,3210056,28809,2019736,7685,257647,270,20757,74971,102351.57,5508196,0
"2021-04-12",46663,3256719,31840,2051576,13492,271139,433,21190,92428,103010.29,5600624,0
"2021-04-13",52582,3309301,33764,2085340,369,271508,376,21566,87091,100820.29,5687715,0
"2021-04-14",50190,3359491,39944,2125284,20,271528,347,21913,90501,97900.43,5778216,0
"2021-04-15",52155,3411646,43672,2168956,15,271543,427,22340,96269,94135.14,5874485,0
"2021-04-16",51209,3462855,42223,2211179,32,271575,393,22733,93857,90460.14,5968342,0
"2021-04-17",43871,3506726,35686,2246865,3,271578,343,23076,79903,87860,6048245,0
"2021-04-18",28628,3535354,29375,2276240,7,271585,226,23302,58236,85469.29,6106481,0
"2021-04-19",37496,3572850,36440,2312680,22,271607,294,23596,74252,82872.71,6180733,0
"2021-04-20",40823,3613673,39648,2352328,19,271626,278,23874,80768,81969.43,6261501,0
"2021-04-21",38940,3652613,45939,2398267,14,271640,470,24344,85363,81235.43,6346864,0
"2021-04-22",38535,3691148,48940,2447207,9,271649,313,24657,87797,80025.14,6434661,0
"2021-04-23",39738,3730886,44345,2491552,5,271654,331,24988,84419,78676.86,6519080,0
"2021-04-24",31985,3762871,41603,2533155,44,271698,257,25245,73889,77817.71,6592969,0
"2021-04-25",18438,3781309,31231,2564386,86,271784,176,25421,49931,76631.29,6642900,0
"2021-04-26",26984,3808293,40734,2605120,1013,272797,256,25677,68987,75879.14,6711887,0
"2021-04-27",28588,3836881,47124,2652244,1696,274493,327,26004,77735,75445.86,6789622,0
"2021-04-28",27085,3863966,56830,2709074,2145,276638,406,26410,86466,75603.43,6876088,0
"2021-04-29",28640,3892606,57173,2766247,2145,278783,337,26747,88295,75674.57,6964383,0
"2021-04-30",30140,3922746,51976,2818223,2055,280838,268,27015,84439,75677.43,7048822,0
"2021-05-01",22489,3945235,44546,2862769,1175,282013,219,27234,68429,74897.43,7117251,0
"2021-05-02",11932,3957167,36651,2899420,1080,283093,123,27357,49786,74876.71,7167037,0
"2021-05-03",18050,3975217,53010,2952430,2383,285476,234,27591,73677,75546.71,7240714,0
"2021-05-04",22766,3997983,56629,3009059,2328,287804,240,27831,81963,76150.71,7322677,0
"2021-05-05",21494,4019477,48782,3057841,2311,290115,296,28127,72883,74210.29,7395560,0
"2021-05-06",20706,4040183,50167,3108008,2509,292624,251,28378,73633,72115.71,7469193,0
"2021-05-07",21277,4061460,52086,3160094,2809,295433,282,28660,76454,70975,7545647,0
"2021-05-08",16636,4078096,41880,3201974,1835,297268,212,28872,60563,69851.29,7606210,0
"2021-05-09",7982,4086078,29419,3231393,1260,298528,136,29008,38797,68281.43,7645007,0
"2021-05-10",14402,4100480,38536,3269929,2355,300883,215,29223,55508,65685.86,7700515,0
"2021-05-11",19949,4120429,43038,3312967,2514,303397,268,29491,65769,63372.43,7766284,0
"2021-05-12",17814,4138243,40540,3353507,3592,306989,219,29710,62165,61841.29,7828449,0
"2021-05-13",24996,4163239,40419,3393926,3226,310215,249,29959,68890,61163.71,7897339,0
"2021-05-14",27043,4190282,42906,3436832,3535,313750,269,30228,73753,60777.86,7971092,0
"2021-05-15",23669,4213951,34926,3471758,3367,317117,226,30454,62188,61010,8033280,0
"2021-05-16",15556,4229507,19432,3491190,2497,319614,119,30573,37604,60839.57,8070884,0
"2021-05-17",22688,4252195,29126,3520316,3256,322870,164,30737,55234,60800.43,8126118,0
"2021-05-18",24654,4276849,31894,3552210,3402,326272,223,30960,60173,60001,8186291,0
"2021-05-19",24229,4301078,29703,3581913,3038,329310,207,31167,57177,59288.43,8243468,0
"2021-05-20",24188,4325266,30071,3611984,3158,332468,251,31418,57668,57685.29,8301136,0
"2021-05-21",24705,4349971,31986,3643970,3063,335531,234,31652,59988,55718.86,8361124,0
"2021-05-22",20036,4370007,24350,3668320,2525,338056,152,31804,47063,53558.14,8408187,0
"2021-05-23",11247,4381254,13715,3682035,1410,339466,97,31901,26469,51967.43,8434656,0
"2021-05-24",18899,4400153,23130,3705165,2760,342226,210,32111,44999,50505.29,8479655,0
"2021-05-25",19451,4419604,23362,3728527,2602,344828,173,32284,45588,48421.71,8525243,0
"2021-05-26",18793,4438397,21067,3749594,2695,347523,196,32480,42751,46360.86,8567994,0
"2021-05-27",18488,4456885,21258,3770852,2529,350052,182,32662,42457,44187.86,8610451,0
"2021-05-28",17890,4474775,22884,3793736,2753,352805,175,32837,43702,41861.29,8654153,0
"2021-05-29",12714,4487489,17800,3811536,1755,354560,100,32937,32369,39762.14,8686522,0
"2021-05-30",7036,4494525,8947,3820483,1074,355634,41,32978,17098,38423.43,8703620,0
"2021-05-31",4749,4499274,6919,3827402,1011,356645,62,33040,12741,33815.14,8716361,0
"2021-06-01",16058,4515332,25187,3852589,2172,358817,143,33183,43560,33525.43,8759921,0
"2021-06-02",15362,4530694,20380,3872969,2093,360910,133,33316,37968,32842.14,8797889,0
"2021-06-03",15020,4545714,23807,3896776,2284,363194,115,33431,41226,32666.29,8839115,0
"2021-06-04",14739,4560453,25971,3922747,2491,365685,138,33569,43339,32614.43,8882454,0
"2021-06-05",11005,4571458,22067,3944814,1806,367491,114,33683,34992,32989.14,8917446,0
"2021-06-06",6456,4577914,14462,3959276,1222,368713,81,33764,22221,33721,8939667,0
"2021-06-07",11731,4589645,21764,3981040,2379,371092,142,33906,36016,37046,8975683,0
"2021-06-08",12677,4602322,23991,4005031,2071,373163,114,34020,38853,36373.57,9014536,0
"2021-06-09",11168,4613490,23001,4028032,2298,375461,130,34150,36597,36177.71,9051133,0
"2021-06-10",12096,4625586,22209,4050241,2461,377922,133,34283,36899,35559.57,9088032,0
"2021-06-11",12725,4638311,25094,4075335,2483,380405,146,34429,40448,35146.57,9128480,0
"2021-06-12",10177,4648488,19299,4094634,1890,382295,87,34516,31453,34641,9159933,0
"2021-06-13",4260,4652748,10934,4105568,1219,383514,39,34555,16452,33816.86,9176385,0
"2021-06-14",10229,4662977,19223,4124791,2042,385556,120,34675,31614,33188,9207999,0
"2021-06-15",11900,4674877,20994,4145785,1943,387499,119,34794,34956,32631.29,9242955,0
"2021-06-16",11607,4686484,19393,4165178,1958,389457,134,34928,33092,32130.57,9276047,0
"2021-06-17",11035,4697519,18743,4183921,1969,391426,115,35043,31862,31411,9307909,0
"2021-06-18",12178,4709697,18487,4202408,2113,393539,109,35152,32887,30330.86,9340796,0
"2021-06-19",8506,4718203,13530,4215938,1460,394999,70,35222,23566,29204.14,9364362,0
"2021-06-20",4338,4722541,7163,4223101,924,395923,34,35256,12459,28633.71,9376821,0
"2021-06-21",10176,4732717,9990,4233091,1805,397728,65,35321,22036,27265.43,9398857,0
"2021-06-22",9850,4742567,15631,4248722,1589,399317,96,35417,27166,26152.57,9426023,0
"2021-06-23",10334,4752901,15165,4263887,1861,401178,100,35517,27460,25348,9453483,0
"2021-06-24",9707,4762608,14679,4278566,1798,402976,112,35629,26296,24552.86,9479779,0
"2021-06-25",10609,4773217,14375,4292941,1718,404694,106,35735,26808,23684.43,9506587,0
"2021-06-26",7813,4781030,10444,4303385,1244,405938,74,35809,19575,23114.29,9526162,0
"2021-06-27",5010,4786040,5991,4309376,796,406734,33,35842,11830,23024.43,9537992,0
"2021-06-28",9044,4795084,10335,4319711,1524,408258,104,35946,21007,22877.43,9558999,0
"2021-06-29",9761,4804845,12302,4332013,1348,409606,118,36064,23529,22357.86,9582528,0
"2021-06-30",9427,4814272,10917,4342930,1480,411086,143,36207,21967,21573.14,9604495,0
"2021-07-01",9399,4823671,10916,4353846,1429,412515,118,36325,21862,20939.71,9626357,0
"2021-07-02",9697,4833368,11429,4365275,1540,414055,120,36445,22786,20365.14,9649143,0
"2021-07-03",7059,4840427,8417,4373692,1193,415248,75,36520,16744,19960.71,9665887,0
"2021-07-04",1292,4841719,1334,4375026,567,415815,7,36527,3200,18727.86,9669087,0
"2021-07-05",6499,4848218,7095,4382121,1208,417023,64,36591,14866,17850.57,9683953,0
"2021-07-06",9526,4857744,12832,4394953,1317,418340,113,36704,23788,17887.57,9707741,0
"2021-07-07",8685,4866429,11091,4406044,1417,419757,118,36822,21311,17793.86,9729052,0
"2021-07-08",8214,4874643,10185,4416229,1260,421017,105,36927,19764,17494.14,9748816,0
"2021-07-09",8380,4883023,10816,4427045,1279,422296,89,37016,20564,17176.71,9769380,0
"2021-07-10",7108,4890131,8622,4435667,1132,423428,63,37079,16925,17202.57,9786305,0
"2021-07-11",4106,4894237,4537,4440204,703,424131,33,37112,9379,18085.29,9795684,0
"2021-07-12",8464,4902701,9538,4449742,1250,425381,72,37184,19324,18722.14,9815008,0
"2021-07-13",9472,4912173,9373,4459115,951,426332,99,37283,19895,18166,9834903,0
"2021-07-14",9012,4921185,9521,4468636,1008,427340,100,37383,19641,17927.43,9854544,0
"2021-07-15",8800,4929985,9136,4477772,1052,428392,82,37465,19070,17828.29,9873614,0
"2021-07-16",9250,4939235,9761,4487533,978,429370,96,37561,20085,17759.86,9893699,0
"2021-07-17",6857,4946092,7372,4494905,799,430169,77,37638,15105,17499.86,9908804,0
"2021-07-18",4264,4950356,4285,4499190,569,430738,33,37671,9151,17467.29,9917955,0
"2021-07-19",9131,4959487,8454,4507644,999,431737,85,37756,18669,17373.71,9936624,0
"2021-07-20",10658,4970145,8750,4516394,992,432729,84,37840,20484,17457.86,9957108,0
"2021-07-21",10064,4980209,8747,4525141,905,433634,137,37977,19853,17488.14,9976961,0
"2021-07-22",10697,4990906,8559,4533700,1044,434678,141,38118,20441,17684,9997402,0
"2021-07-23",11255,5002161,8871,4542571,1113,435791,134,38252,21373,17868,10018775,0
"2021-07-24",7410,5009571,6731,4549302,670,436461,80,38332,14891,17837.43,10033666,0
"2021-07-25",5484,5015055,2117,4551419,509,436970,58,38390,8168,17697,10041834,0
"2021-07-26",10890,5025945,6975,4558394,858,437828,105,38495,18828,17719.71,10060662,0
"2021-07-27",12063,5038008,8559,4566953,857,438685,130,38625,21609,17880.43,10082271,0
"2021-07-28",12001,5050009,8038,4574991,951,439636,131,38756,21121,18061.57,10103392,0
"2021-07-29",10948,5060957,7422,4582413,982,440618,127,38883,19479,17924.14,10122871,0
"2021-07-30",14960,5075917,7993,4590406,1149,441767,177,39060,24279,18339.29,10147150,0
"2021-07-31",9747,5085664,6297,4596703,815,442582,117,39177,16976,18637.14,10164126,0
"2021-08-01",6511,5092175,3306,4600009,564,443146,77,39254,10458,18964.29,10174584,0
"2021-08-02",13455,5105630,7149,4607158,848,443994,143,39397,21595,19359.57,10196179,0
"2021-08-03",15430,5121060,8354,4615512,1098,445092,143,39540,25025,19847.57,10221204,0
"2021-08-04",17268,5138328,8110,4623622,1455,446547,171,39711,27004,20688,10248208,0
"2021-08-05",17883,5156211,7908,4631530,1365,447912,156,39867,27312,21807,10275520,0
"2021-08-06",18196,5174407,8396,4639926,1233,449145,157,40024,27982,22336,10303502,0
"2021-08-07",13376,5187783,6000,4645926,796,449941,97,40121,20269,22806.43,10323771,0
"2021-08-08",9321,5197104,3822,4649748,399,450340,77,40198,13619,23258,10337390,0
"2021-08-09",21336,5218440,8524,4658272,964,451304,166,40364,30990,24600.14,10368380,0
"2021-08-10",18936,5237376,9312,4667584,949,452253,164,40528,29361,25219.57,10397741,0
"2021-08-11",15659,5253035,8301,4675885,851,453104,118,40646,24929,24923.14,10422670,0
"2021-08-12",15061,5268096,8970,4684855,937,454041,160,40806,25128,24611.14,10447798,0
"2021-08-13",14936,5283032,9264,4694119,918,454959,233,41039,25351,24235.29,10473149,0
"2021-08-14",10425,5293457,6400,4700519,626,455585,519,41558,17970,23906.86,10491119,0
"2021-08-15",6699,5300156,4468,4704987,675,456260,565,42123,12407,23733.71,10503526,0
"2021-08-16",15735,5315891,9277,4714264,1149,457409,1305,43428,27466,23230.29,10530992,0
"2021-08-17",17784,5333675,10436,4724700,1218,458627,1744,45172,31182,23490.43,10562174,0
"2021-08-18",17493,5351168,10340,4735040,1253,459880,1966,47138,31052,24365.14,10593226,0
"2021-08-19",16334,5367502,9504,4744544,1316,461196,1928,49066,29082,24930,10622308,0
"2021-08-20",16306,5383808,11522,4756066,1254,462450,1841,50907,30923,25726,10653231,0
"2021-08-21",11170,5394978,8031,4764097,877,463327,1046,51953,21124,26176.57,10674355,0
"2021-08-22",4091,5399069,3902,4767999,262,463589,509,52462,8764,25656.14,10683119,0
"2021-08-23",15593,5414662,11785,4779784,1023,464612,1529,53991,29930,26008.14,10713049,0
"2021-08-24",16937,5431599,12583,4792367,1006,465618,1764,55755,32290,26166.43,10745339,0
"2021-08-25",14607,5446206,12420,4804787,1111,466729,1542,57297,29680,25970.43,10775019,0
"2021-08-26",16197,5462403,14057,4818844,1072,467801,1750,59047,33076,26541,10808095,0
"2021-08-27",14865,5477268,14806,4833650,970,468771,1640,60687,32281,26735,10840376,0
"2021-08-28",10717,5487985,11494,4845144,836,469607,999,61686,24046,27152.43,10864422,0
"2021-08-29",7230,5495215,7491,4852635,541,470148,761,62447,16023,28189.43,10880445,0
"2021-08-30",15549,5510764,16893,4869528,1076,471224,1780,64227,35298,28956.29,10915743,0
"2021-08-31",15556,5526320,15918,4885446,952,472176,1945,66172,34371,29253.57,10950114,0
"2021-09-01",14854,5541174,14082,4899528,1018,473194,1778,67950,31732,29546.71,10981846,0
"2021-09-02",14364,5555538,12504,4912032,898,474092,1674,69624,29440,29027.29,11011286,0
"2021-09-03",15027,5570565,14289,4926321,973,475065,1865,71489,32154,29009.14,11043440,0
"2021-09-04",9658,5580223,9398,4935719,687,475752,954,72443,20697,28530.71,11064137,0
"2021-09-05",6820,5587043,5505,4941224,438,476190,696,73139,13459,28164.43,11077596,0
"2021-09-06",5205,5592248,4504,4945728,358,476548,265,73404,10332,24597.86,11087928,0
"2021-09-07",15597,5607845,17678,4963406,913,477461,1523,74927,35711,24789.29,11123639,0
"2021-09-08",16218,5624063,14784,4978190,1073,478534,1737,76664,33812,25086.43,11157451,0
"2021-09-09",16137,5640200,14725,4992915,1047,479581,1887,78551,33796,25708.71,11191247,0
"2021-09-10",18399,5658599,15359,5008274,1208,480789,1947,80498,36913,26388.57,11228160,0
"2021-09-11",12654,5671253,10342,5018616,959,481748,1010,81508,24965,26998.29,11253125,0
"2021-09-12",8549,5679802,5043,5023659,766,482514,684,82192,15042,27224.43,11268167,0
"2021-09-13",16960,5696762,12936,5036595,974,483488,1621,83813,32491,30390,11300658,0
"2021-09-14",16298,5713060,13651,5050246,884,484372,1571,85384,32404,29917.57,11333062,0
"2021-09-15",15599,5728659,12824,5063070,729,485101,1557,86941,30709,29474.29,11363771,0
"2021-09-16",15372,5744031,13898,5076968,1211,486312,1424,88365,31905,29204.14,11395676,0
"2021-09-17",14474,5758505,13915,5090883,921,487233,1807,90172,31117,28376.14,11426793,0
"2021-09-18",10022,5768527,10163,5101046,914,488147,1037,91209,22136,27972,11448929,0
"2021-09-19",6193,5774720,6062,5107108,557,488704,737,91946,13549,27758.71,11462478,0
"2021-09-20",12705,5787425,12615,5119723,1068,489772,1898,93844,28286,27158,11490764,0
"2021-09-21",12259,5799684,12753,5132476,1111,490883,1994,95838,28117,26545.57,11518881,0
"2021-09-22",12857,5812541,11965,5144441,1090,491973,1644,97482,27556,26095.14,11546437,0
"2021-09-23",14954,5827495,12736,5157177,1638,493611,2218,99700,31546,26043.86,11577983,0
"2021-09-24",16481,5843976,13333,5170510,1631,495242,4524,104224,35969,26737,11613952,0
"2021-09-25",10582,5854558,9008,5179518,1017,496259,3382,107606,23989,27001.71,11637941,0
"2021-09-26",6336,5860894,5749,5185267,773,497032,2374,109980,15232,27242.14,11653173,0
"2021-09-27",14198,5875092,8037,5193304,1154,498186,8862,118842,32251,27808.57,11685424,0
"2021-09-28",11194,5886286,11755,5205059,901,499087,9672,128514,33522,28580.71,11718946,0
"2021-09-29",11638,5897924,12172,5217231,1203,500290,9218,137732,34231,29534.29,11753177,0
"2021-09-30",12288,5910212,12585,5229816,1340,501630,9538,147270,35751,30135,11788928,0
"2021-10-01",12691,5922903,13413,5243229,1282,502912,10122,157392,37508,30354.86,11826436,0
"2021-10-02",7751,5930654,9975,5253204,864,503776,4159,161551,22749,30177.71,11849185,0
"2021-10-03",5091,5935745,6158,5259362,594,504370,2567,164118,14410,30060.29,11863595,0
"2021-10-04",9950,5945695,11015,5270377,913,505283,9381,173499,31259,29918.57,11894854,0
"2021-10-05",10210,5955905,11746,5282123,973,506256,9822,183321,32751,29808.43,11927605,0
"2021-10-06",9958,5965863,11036,5293159,937,507193,9827,193148,31758,29455.14,11959363,0
"2021-10-07",9716,5975579,12177,5305336,852,508045,10070,203218,32815,29035.71,11992178,0
"2021-10-08",9528,5985107,12130,5317466,943,508988,10783,214001,33384,28446.57,12025562,0
"2021-10-09",6282,5991389,8270,5325736,649,509637,4047,218048,19248,27946.43,12044810,0
"2021-10-10",3556,5994945,5019,5330755,458,510095,2395,220443,11428,27520.43,12056238,0
"2021-10-11",7654,6002599,9332,5340087,729,510824,8819,229262,26534,26845.43,12082772,0
"2021-10-12",8104,6010703,10988,5351075,891,511715,10388,239650,30371,26505.43,12113143,0
"2021-10-13",7214,6017917,10136,5361211,870,512585,8640,248290,26860,25805.71,12140003,0
"2021-10-14",7492,6025409,11098,5372309,836,513421,9948,258238,29374,25314.14,12169377,0
"2021-10-15",7768,6033177,11860,5384169,822,514243,10639,268877,31089,24986.29,12200466,0
"2021-10-16",4882,6038059,7455,5391624,665,514908,3757,272634,16759,24630.71,12217225,0
"2021-10-17",3071,6041130,4472,5396096,411,515319,2404,275038,10358,24477.86,12227583,0
"2021-10-18",7106,6048236,10646,5406742,798,516117,9296,284334,27846,24665.29,12255429,0
"2021-10-19",6673,6054909,8929,5415671,805,516922,8888,293222,25295,23940.14,12280724,0
"2021-10-20",6580,6061489,9357,5425028,973,517895,9838,303060,26748,23924.14,12307472,0
"2021-10-21",7082,6068571,9372,5434400,859,518754,10683,313743,27996,23727.29,12335468,0
"2021-10-22",8199,6076770,10331,5444731,1024,519778,16198,329941,35752,24393.43,12371220,0
"2021-10-23",5215,6081985,6458,5451189,690,520468,9041,338982,21404,25057,12392624,0
"2021-10-24",3302,6085287,3963,5455152,770,521238,6116,345098,14151,25598.86,12406775,0
"2021-10-25",8858,6094145,8749,5463901,1148,522386,19088,364186,37843,27027,12444618,0
"2021-10-26",8257,6102402,7727,5471628,1260,523646,17148,381334,34392,28326.57,12479010,0
"2021-10-27",10660,6113062,8381,5480009,1604,525250,20622,401956,41267,30400.71,12520277,0
"2021-10-28",11416,6124478,8028,5488037,1784,527034,20644,422600,41872,32383,12562149,0
"2021-10-29",11927,6136405,8235,5496272,1964,528998,22366,444966,44492,33631.57,12606641,0
"2021-10-30",4684,6141089,5048,5501320,935,529933,11079,456045,21746,33680.43,12628387,0
"2021-10-31",2697,6143786,2701,5504021,545,530478,6588,462633,12531,33449,12640918,0
"2021-11-01",7235,6151021,6947,5510968,1084,531562,20194,482827,35460,33108.57,12676378,0
"2021-11-02",6670,6157691,6574,5517542,1054,532616,20591,503418,34889,33179.57,12711267,0
"2021-11-03",6946,6164637,6657,5524199,1028,533644,20461,523879,35092,32297.43,12746359,0
"2021-11-04",9385,6174022,6263,5530462,996,534640,22171,546050,38815,31860.71,12785174,0
"2021-11-05",11173,6185195,6714,5537176,1053,535693,23555,569605,42495,31575.43,12827669,0
"2021-11-06",11172,6196367,4041,5541217,593,536286,12512,582117,28318,32514.29,12855987,0
"2021-11-07",7285,6203652,2273,5543490,576,536862,7048,589165,17182,33178.71,12873169,0
"2021-11-08",15136,6218788,5667,5549157,865,537727,19355,608520,41023,33973.43,12914192,0
"2021-11-09",16239,6235027,5375,5554532,662,538389,20375,628895,42651,35082.29,12956843,0
"2021-11-10",17038,6252065,5311,5559843,684,539073,22436,651331,45469,36564.71,13002312,0
"2021-11-11",12657,6264722,5190,5565033,758,539831,21868,673199,40473,36801.57,13042785,0
"2021-11-12",16987,6281709,5667,5570700,710,540541,23215,696414,46579,37385,13089364,0
"2021-11-13",9994,6291703,3665,5574365,466,541007,13265,709679,27390,37252.43,13116754,0
"2021-11-14",6068,6297771,2294,5576659,325,541332,7887,717566,16574,37165.57,13133328,0
"2021-11-15",13345,6311116,5971,5582630,689,542021,24947,742513,44952,37726.86,13178280,0
"2021-11-16",10209,6321325,5785,5588415,655,542676,30348,772861,46997,38347.71,13225277,0
"2021-11-17",10621,6331946,6674,5595089,690,543366,31001,803862,48986,38850.14,13274263,0
"2021-11-18",11058,6343004,6537,5601626,865,544231,32559,836421,51019,40356.71,13325282,0
"2021-11-19",12353,6355357,6540,5608166,720,544951,35880,872301,55493,41630.14,13380775,0
"2021-11-20",9549,6364906,3420,5611586,514,545465,22228,894529,35711,42818.86,13416486,0
"2021-11-21",5104,6370010,1889,5613475,291,545756,13032,907561,20316,43353.43,13436802,0
"2021-11-22",10735,6380745,5781,5619256,755,546511,35496,943057,52767,44469.86,13489569,0
"2021-11-23",10006,6390751,4781,5624037,639,547150,33212,976269,48638,44704.29,13538207,0
"2021-11-24",8835,6399586,4752,5628789,653,547803,25752,1002021,39992,43419.43,13578199,0
"2021-11-25",459,6400045,323,5629112,80,547883,990,1003011,1852,36395.57,13580051,0
"2021-11-26",8370,6408415,6967,5636079,531,548414,26220,1029231,42088,34480.57,13622139,0
"2021-11-27",6877,6415292,6805,5642884,377,548791,18549,1047780,32608,34037.29,13654747,0
"2021-11-28",4246,6419538,5759,5648643,286,549077,11650,1059430,21941,34269.43,13676688,0
"2021-11-29",9536,6429074,10960,5659603,689,549766,34430,1093860,55615,34676.29,13732303,0
"2021-11-30",10822,6439896,11403,5671006,515,550281,37234,1131094,59974,36295.71,13792277,0
"2021-12-01",11450,6451346,10943,5681949,723,551004,39973,1171067,63089,39595.29,13855366,0
"2021-12-02",12012,6463358,11002,5692951,622,551626,41509,1212576,65145,48637.14,13920511,0
"2021-12-03",14067,6477425,12813,5705764,683,552309,47111,1259687,74674,53292.29,13995185,0
"2021-12-04",10182,6487607,11183,5716947,571,552880,30185,1289872,52121,56079.86,14047306,0
"2021-12-05",5884,6493491,5700,5722647,270,553150,16491,1306363,28345,56994.71,14075651,0
"2021-12-06",12855,6506346,9899,5732546,608,553758,42604,1348967,65966,58473.43,14141617,0
"2021-12-07",13158,6519504,9199,5741745,633,554391,42343,1391310,65333,59239,14206950,0
"2021-12-08",13978,6533482,8715,5750460,559,554950,40250,1431560,63502,59298,14270452,0
"2021-12-09",13897,6547379,8726,5759186,551,555501,40278,1471838,63452,59056.14,14333904,0
"2021-12-10",14585,6561964,10078,5769264,665,556166,42988,1514826,68316,58147.86,14402220,0
"2021-12-11",10521,6572485,8032,5777296,407,556573,26405,1541231,45365,57182.71,14447585,0
"2021-12-12",6122,6578607,3851,5781147,287,556860,15044,1556275,25304,56748.29,14472889,0
"2021-12-13",12465,6591072,7393,5788540,656,557516,37586,1593861,58100,55624.57,14530989,0
"2021-12-14",12615,6603687,6919,5795459,737,558253,37689,1631550,57960,54571.29,14588949,0
"2021-12-15",12747,6616434,6220,5801679,755,559008,37406,1668956,57128,53660.71,14646077,0
"2021-12-16",13708,6630142,4220,5805899,738,559746,40203,1709159,58869,53006,14704946,0
"2021-12-17",16630,6646772,6869,5812768,622,560368,45750,1754909,69871,53228.14,14774817,0
"2021-12-18",13371,6660143,5692,5818460,433,560801,30146,1785055,49642,53839.14,14824459,0
"2021-12-19",7217,6667360,2982,5821442,330,561131,17772,1802827,28301,54267.29,14852760,0
"2021-12-20",17568,6684928,5838,5827280,753,561884,46479,1849306,70638,56058.43,14923398,0
"2021-12-21",18607,6703535,6506,5833786,808,562692,47829,1897135,73750,58314.14,14997148,0
"2021-12-22",19248,6722783,6539,5840325,938,563630,48675,1945810,75400,60924.43,15072548,0
"2021-12-23",19548,6742331,6466,5846791,925,564555,44988,1990798,71927,62789.86,15144475,0
"2021-12-24",9469,6751800,2937,5849728,594,565149,20237,2011035,33237,57556.43,15177712,0
"2021-12-25",344,6752144,64,5849792,32,565181,421,2011456,861,50587.71,15178573,0
"2021-12-26",8198,6760342,3909,5853701,340,565521,17022,2028478,29469,50754.57,15208042,0
"2021-12-27",21869,6782211,9163,5862864,932,566453,43097,2071575,75061,51386.43,15283103,0
"2021-12-28",20081,6802292,8283,5871147,692,567145,47064,2118639,76120,51725,15359223,0
"2021-12-29",18555,6820847,7599,5878746,601,567746,45035,2163674,71790,51209.29,15431013,0
"2021-12-30",16926,6837773,7400,5886146,578,568324,44503,2208177,69407,50849.29,15500420,0
"2021-12-31",5361,6843134,2787,5888933,192,568516,14603,2222780,22943,49378.71,15523363,0
"2022-01-01",230,6843364,137,5889070,11,568527,482,2223262,860,49378.57,15524223,0
"2022-01-02",6470,6849834,4999,5894069,155,568682,10915,2234177,22539,48388.57,15546762,0
"2022-01-03",14253,6864087,8446,5902515,516,569198,26612,2260789,49827,44783.71,15596589,0
"2022-01-04",13238,6877325,8040,5910555,403,569601,26683,2287472,48364,40818.57,15644953,0
"2022-01-05",11897,6889222,6921,5917476,385,569986,25327,2312799,44530,36924.29,15689483,0
"2022-01-06",11921,6901143,7301,5924777,484,570470,26908,2339707,46614,33668.14,15736097,0
"2022-01-07",10690,6911833,8354,5933131,336,570806,24573,2364280,43953,36669.57,15780050,0
"2022-01-08",8053,6919886,8496,5941627,311,571117,19191,2383471,36051,41696.86,15816101,0
"2022-01-09",4308,6924194,3820,5945447,216,571333,9846,2393317,18190,41075.57,15834291,0
"2022-01-10",10567,6934761,8126,5953573,483,571816,24114,2417431,43290,40141.71,15877581,0
"2022-01-11",9170,6943931,7924,5961497,521,572337,20593,2438024,38208,38690.86,15915789,0
"2022-01-12",9116,6953047,8243,5969740,423,572760,21966,2459990,39748,38007.71,15955537,0
"2022-01-13",9243,6962290,8740,5978480,449,573209,22375,2482365,40807,37178.14,15996344,0
"2022-01-14",10166,6972456,8002,5986482,472,573681,25864,2508229,44504,37256.86,16040848,0
"2022-01-15",6285,6978741,4245,5990727,175,573856,14810,2523039,25515,35751.71,16066363,0
"2022-01-16",3035,6981776,3226,5993953,96,573952,7697,2530736,14054,35160.86,16080417,0
"2022-01-17",6259,6988035,6679,6000632,359,574311,14334,2545070,27631,32923.86,16108048,0
"2022-01-18",8356,6996391,10003,6010635,392,574703,18987,2564057,37738,32856.71,16145786,0
"2022-01-19",7743,7004134,9135,6019770,308,575011,17321,2581378,34507,32108,16180293,0
"2022-01-20",6488,7010622,8403,6028173,297,575308,14782,2596160,29970,30559.86,16210263,0
"2022-01-21",7822,7018444,7397,6035570,280,575588,18043,2614203,33542,28993.86,16243805,0
"2022-01-22",5249,7023693,4817,6040387,130,575718,11037,2625240,21233,28382.14,16265038,0
"2022-01-23",2937,7026630,3295,6043682,97,575815,6077,2631317,12406,28146.71,16277444,0
"2022-01-24",6534,7033164,8085,6051767,253,576068,14741,2646058,29613,28429.86,16307057,0
"2022-01-25",6344,7039508,7785,6059552,229,576297,14286,2660344,28644,27130.71,16335701,0
"2022-01-26",5855,7045363,7023,6066575,279,576576,13546,2673890,26703,26015.86,16362404,0
"2022-01-27",5279,7050642,6929,6073504,304,576880,13640,2687530,26152,25470.43,16388556,0
"2022-01-28",6311,7056953,7693,6081197,203,577083,15765,2703295,29972,24960.43,16418528,0
"2022-01-29",874,7057827,686,6081883,24,577107,2472,2705767,4056,22506.57,16422584,0
"2022-01-30",2165,7059992,2979,6084862,100,577207,4441,2710208,9685,22117.86,16432269,0
"2022-01-31",5116,7065108,6466,6091328,218,577425,11024,2721232,22824,21148,16455093,0
"2022-02-01",4895,7070003,6278,6097606,204,577629,10308,2731540,21685,20153.86,16476778,0
"2022-02-02",4310,7074313,5763,6103369,207,577836,10711,2742251,20991,19337.86,16497769,120000
"2022-02-03",4258,7078571,5630,6108999,210,578046,10727,2752978,20825,18576.86,16518594,120000
"2022-02-04",4770,7083341,6838,6115837,191,578237,12554,2765532,24353,17774.14,16542947,120000
"2022-02-05",3585,7086926,5863,6121700,101,578338,8216,2773748,17765,19732.57,16560712,120000
"2022-02-06",2014,7088940,2058,6123758,91,578429,4419,2778167,8582,19575,16569294,120000
"2022-02-07",4016,7092956,4426,6128184,157,578586,9213,2787380,17812,18859,16587106,120000
"2022-02-08",1280,7094236,1774,6129958,62,578648,3814,2791194,6930,16751.14,16594036,120000
