"DATE","ADMIN_DOSE1_DAILY","ADMIN_DOSE1_CUMULATIVE","ADMIN_DOSE2_DAILY","ADMIN_DOSE2_CUMULATIVE","ADMIN_SINGLE_DAILY","ADMIN_SINGLE_CUMULATIVE","ADMIN_ADDITIONAL1_DAILY","ADMIN_ADDITIONAL1_CUMULATIVE","ADMIN_ADDITIONAL2_DAILY","ADMIN_ADDITIONAL2_CUMULATIVE","ADMIN_ADDITIONAL_DAILY","ADMIN_ADDITIONAL_CUMULATIVE","ADMIN_ALLDOSES_DAILY","ADMIN_ALLDOSES_7DAYAVG","ADMIN_ALLDOSES_CUMULATIVE","INCOMPLETE"
"2020-12-14",79,79,0,0,0,0,0,0,0,0,0,0,79,,79,0
"2020-12-15",2051,2130,6,6,4,4,0,0,0,0,0,0,2061,,2140,0
"2020-12-16",4607,6737,14,20,1,5,1,1,0,0,1,1,4623,,6763,0
"2020-12-17",4657,11394,18,38,0,5,1,2,0,0,1,2,4676,,11439,0
"2020-12-18",5832,17226,18,56,2,7,2,4,0,0,2,4,5854,,17293,0
"2020-12-19",1689,18915,7,63,3,10,0,4,0,0,0,4,1699,,18992,0
"2020-12-20",1116,20031,2,65,1,11,0,4,0,0,0,4,1119,2873,20111,0
"2020-12-21",6341,26372,20,85,0,11,5,9,0,0,5,9,6366,3771.14,26477,0
"2020-12-22",9794,36166,27,112,2,13,1,10,0,0,1,10,9824,4880.14,36301,0
"2020-12-23",14274,50440,35,147,3,16,1,11,0,0,1,11,14313,6264.43,50614,0
"2020-12-24",7197,57637,26,173,1,17,0,11,0,0,0,11,7224,6628.43,57838,0
"2020-12-25",180,57817,0,173,0,17,1,12,0,0,1,12,181,5818,58019,0
"2020-12-26",4388,62205,45,218,0,17,1,13,0,0,1,13,4434,6208.71,62453,0
"2020-12-27",3870,66075,14,232,0,17,1,14,0,0,1,14,3885,6603.86,66338,0
"2020-12-28",10993,77068,49,281,1,18,2,16,0,0,2,16,11045,7272.29,77383,0
"2020-12-29",10718,87786,35,316,2,20,2,18,0,0,2,18,10757,7405.57,88140,0
"2020-12-30",12825,100611,45,361,0,20,0,18,0,0,0,18,12870,7199.43,101010,0
"2020-12-31",7262,107873,34,395,1,21,0,18,0,0,0,18,7297,7209.86,108307,0
"2021-01-01",181,108054,2,397,1,22,3,21,0,0,3,21,187,7210.71,108494,0
"2021-01-02",3809,111863,10,407,2,24,2,23,0,0,2,23,3823,7123.43,112317,0
"2021-01-03",3542,115405,24,431,2,26,1,24,0,0,1,24,3569,7078.29,115886,0
"2021-01-04",12256,127661,807,1238,2,28,6,30,0,0,6,30,13071,7367.71,128957,0
"2021-01-05",14091,141752,2191,3429,2,30,12,42,1,1,13,43,16297,8159.14,145254,0
"2021-01-06",17801,159553,3925,7354,1,31,29,71,8,9,37,80,21764,9429.71,167018,0
"2021-01-07",16551,176104,5171,12525,4,35,45,116,3,12,48,128,21774,11497.86,188792,0
"2021-01-08",16620,192724,5455,17980,0,35,33,149,4,16,37,165,22112,14630,210904,0
"2021-01-09",7652,200376,1462,19442,1,36,7,156,2,18,9,174,9124,15387.29,220028,0
"2021-01-10",7881,208257,983,20425,0,36,10,166,0,18,10,184,8874,16145.14,228902,0
"2021-01-11",25825,234082,7455,27880,2,38,48,214,8,26,56,240,33338,19040.43,262240,0
"2021-01-12",28258,262340,7858,35738,1,39,44,258,4,30,48,288,36165,21878.71,298405,0
"2021-01-13",31722,294062,9389,45127,1,40,56,314,4,34,60,348,41172,24651.29,339577,0
"2021-01-14",35812,329874,5319,50446,1,41,30,344,7,41,37,385,41169,27422,380746,0
"2021-01-15",29266,359140,3703,54149,2,43,31,375,5,46,36,421,33007,28978.43,413753,0
"2021-01-16",30289,389429,2377,56526,0,43,25,400,6,52,31,452,32697,32346,446450,0
"2021-01-17",23749,413178,1629,58155,0,43,19,419,1,53,20,472,25398,34706.57,471848,0
"2021-01-18",27103,440281,2413,60568,1,44,34,453,7,60,41,513,29558,34166.57,501406,0
"2021-01-19",34295,474576,9629,70197,1,45,69,522,6,66,75,588,44000,35285.86,545406,0
"2021-01-20",34867,509443,9495,79692,1,46,58,580,4,70,62,650,44425,35750.57,589831,0
"2021-01-21",25591,535034,8092,87784,2,48,48,628,6,76,54,704,33739,34689.14,623570,0
"2021-01-22",24753,559787,4384,92168,1,49,32,660,7,83,39,743,29177,34142,652747,0
"2021-01-23",15743,575530,3224,95392,0,49,10,670,2,85,12,755,18979,32182.29,671726,0
"2021-01-24",7178,582708,3454,98846,0,49,19,689,1,86,20,775,10652,30075.71,682378,0
"2021-01-25",13412,596120,11819,110665,0,49,65,754,12,98,77,852,25308,29468.57,707686,0
"2021-01-26",16764,612884,10752,121417,0,49,68,822,2,100,70,922,27586,27123.71,735272,0
"2021-01-27",20836,633720,12356,133773,0,49,52,874,8,108,60,982,33252,25527.57,768524,0
"2021-01-28",30763,664483,12848,146621,0,49,81,955,16,124,97,1079,43708,26951.71,812232,0
"2021-01-29",31693,696176,11507,158128,0,49,78,1033,10,134,88,1167,43288,28967.57,855520,0
"2021-01-30",18706,714882,3743,161871,0,49,20,1053,2,136,22,1189,22471,29466.43,877991,0
"2021-01-31",13017,727899,2923,164794,1,50,29,1082,4,140,33,1222,15974,30226.71,893965,0
"2021-02-01",1179,729078,5370,170164,4,54,35,1117,4,144,39,1261,6592,27553,900557,0
"2021-02-02",2827,731905,9475,179639,2,56,47,1164,4,148,51,1312,12355,25377.14,912912,0
"2021-02-03",16347,748252,21247,200886,4,60,201,1365,20,168,221,1533,37819,26029.57,950731,0
"2021-02-04",27045,775297,19651,220537,3,63,200,1565,10,178,210,1743,46909,26486.86,997640,0
"2021-02-05",27592,802889,20040,240577,0,63,179,1744,15,193,194,1937,47826,27135.14,1045466,0
"2021-02-06",22990,825879,11245,251822,0,63,112,1856,12,205,124,2061,34359,28833.43,1079825,0
"2021-02-07",12042,837921,8282,260104,1,64,92,1948,13,218,105,2166,20430,29470,1100255,0
"2021-02-08",16958,854879,23520,283624,2,66,231,2179,34,252,265,2431,40745,34349,1141000,0
"2021-02-09",17190,872069,28108,311732,2,68,337,2516,42,294,379,2810,45679,39109.57,1186679,0
"2021-02-10",19591,891660,29312,341044,2,70,254,2770,49,343,303,3113,49208,40736.57,1235887,0
"2021-02-11",27848,919508,33470,374514,2,72,339,3109,57,400,396,3509,61716,42851.86,1297603,0
"2021-02-12",38391,957899,30802,405316,3,75,352,3461,38,438,390,3899,69586,45960.43,1367189,0
"2021-02-13",28005,985904,25316,430632,2,77,304,3765,52,490,356,4255,53679,48720.43,1420868,0
"2021-02-14",16278,1002182,23734,454366,0,77,262,4027,32,522,294,4549,40306,51559.86,1461174,0
"2021-02-15",12795,1014977,10529,464895,2,79,170,4197,23,545,193,4742,23519,49099,1484693,0
"2021-02-16",14242,1029219,26730,491625,0,79,322,4519,35,580,357,5099,41329,48477.57,1526022,0
"2021-02-17",16392,1045611,22196,513821,1,80,282,4801,37,617,319,5418,38908,47006.14,1564930,0
"2021-02-18",12151,1057762,24993,538814,21,101,289,5090,43,660,332,5750,37497,43546.29,1602427,0
"2021-02-19",13261,1071023,23936,562750,39,140,305,5395,44,704,349,6099,37585,38974.71,1640012,0
"2021-02-20",11354,1082377,26074,588824,6,146,326,5721,78,782,404,6503,37838,36711.71,1677850,0
"2021-02-21",6360,1088737,17420,606244,15,161,287,6008,44,826,331,6834,24126,34400.29,1701976,0
"2021-02-22",13045,1101782,11847,618091,2,163,125,6133,19,845,144,6978,25038,34617.29,1727014,0
"2021-02-23",25250,1127032,14145,632236,1,164,157,6290,34,879,191,7169,39587,34368.43,1766601,0
"2021-02-24",36358,1163390,20393,652629,0,164,230,6520,38,917,268,7437,57019,36955.71,1823620,0
"2021-02-25",54620,1218010,30392,683021,6,170,398,6918,63,980,461,7898,85479,43810.29,1909099,0
"2021-02-26",62866,1280876,31869,714890,4,174,416,7334,78,1058,494,8392,95233,52045.71,2004332,0
"2021-02-27",51302,1332178,22746,737636,47,221,333,7667,53,1111,386,8778,74481,57280.43,2078813,0
"2021-02-28",44590,1376768,13826,751462,7,228,204,7871,34,1145,238,9016,58661,62214,2137474,0
"2021-03-01",39319,1416087,12779,764241,10,238,167,8038,26,1171,193,9209,52301,66108.71,2189775,0
"2021-03-02",47082,1463169,12578,776819,7,245,160,8198,14,1185,174,9383,59841,69002.14,2249616,0
"2021-03-03",48606,1511775,16155,792974,17,262,147,8345,21,1206,168,9551,64946,70134.57,2314562,0
"2021-03-04",59819,1571594,22823,815797,1092,1354,269,8614,35,1241,304,9855,84038,69928.71,2398600,0
"2021-03-05",60989,1632583,24283,840080,3109,4463,333,8947,35,1276,368,10223,88749,69002.43,2487349,0
"2021-03-06",47175,1679758,18883,858963,5451,9914,239,9186,37,1313,276,10499,71785,68617.29,2559134,0
"2021-03-07",36041,1715799,14881,873844,6246,16160,230,9416,21,1334,251,10750,57419,68439.86,2616553,0
"2021-03-08",39630,1755429,14681,888525,8563,24723,313,9729,91,1425,404,11154,63278,70008,2679831,0
"2021-03-09",39106,1794535,12856,901381,7762,32485,180,9909,33,1458,213,11367,59937,70021.71,2739768,0
"2021-03-10",51831,1846366,15355,916736,5066,37551,225,10134,32,1490,257,11624,72509,71102.14,2812277,0
"2021-03-11",59990,1906356,21821,938557,4619,42170,247,10381,50,1540,297,11921,86727,71486.29,2899004,0
"2021-03-12",52202,1958558,30313,968870,4183,46353,374,10755,85,1625,459,12380,87157,71258.86,2986161,0
"2021-03-13",40652,1999210,26688,995558,5110,51463,323,11078,51,1676,374,12754,72824,71407.29,3058985,0
"2021-03-14",30718,2029928,15968,1011526,4525,55988,243,11321,27,1703,270,13024,51481,70559,3110466,0
"2021-03-15",33591,2063519,17256,1028782,4712,60700,235,11556,33,1736,268,13292,55827,69494.57,3166293,0
"2021-03-16",38672,2102191,20514,1049296,4927,65627,256,11812,35,1771,291,13583,64404,70132.71,3230697,0
"2021-03-17",42621,2144812,24794,1074090,4244,69871,343,12155,37,1808,380,13963,72039,70065.57,3302736,0
"2021-03-18",50449,2195261,26810,1100900,5237,75108,367,12522,60,1868,427,14390,82923,69522.14,3385659,0
"2021-03-19",47794,2243055,29961,1130861,5625,80733,391,12913,71,1939,462,14852,83842,69048.57,3469501,0
"2021-03-20",38713,2281768,25839,1156700,4687,85420,296,13209,59,1998,355,15207,69594,68587.14,3539095,0
"2021-03-21",29304,2311072,19356,1176056,769,86189,223,13432,44,2042,267,15474,49696,68332.14,3588791,0
"2021-03-22",33867,2344939,26742,1202798,4037,90226,262,13694,38,2080,300,15774,64946,69634.86,3653737,0
"2021-03-23",38436,2383375,32845,1235643,4218,94444,292,13986,56,2136,348,16122,75847,71269.57,3729584,0
"2021-03-24",41497,2424872,37606,1273249,4848,99292,330,14316,62,2198,392,16514,84343,73027.29,3813927,0
"2021-03-25",43403,2468275,50805,1324054,5055,104347,473,14789,86,2284,559,17073,99822,75441.43,3913749,0
"2021-03-26",38502,2506777,55518,1379572,4309,108656,526,15315,97,2381,623,17696,98952,77600,4012701,0
"2021-03-27",35737,2542514,45758,1425330,2939,111595,416,15731,83,2464,499,18195,84933,79791.29,4097634,0
"2021-03-28",26391,2568905,34458,1459788,1482,113077,335,16066,65,2529,400,18595,62731,81653.43,4160365,0
"2021-03-29",34816,2603721,38873,1498661,3246,116323,343,16409,110,2639,453,19048,77388,83430.86,4237753,0
"2021-03-30",40514,2644235,41924,1540585,3714,120037,340,16749,65,2704,405,19453,86557,84960.86,4324310,0
"2021-03-31",49400,2693635,44871,1585456,7440,127477,402,17151,88,2792,490,19943,102201,87512,4426511,0
"2021-04-01",50781,2744416,53954,1639410,11276,138753,500,17651,84,2876,584,20527,116595,89908.14,4543106,0
"2021-04-02",43760,2788176,53886,1693296,11971,150724,550,18201,73,2949,623,21150,110240,91520.71,4653346,0
"2021-04-03",39253,2827429,39219,1732515,9860,160584,333,18534,58,3007,391,21541,88723,92062.14,4742069,0
"2021-04-04",26558,2853987,24788,1757303,3903,164487,224,18758,49,3056,273,21814,55522,91032.29,4797591,0
"2021-04-05",41886,2895873,34489,1791792,11198,175685,371,19129,60,3116,431,22245,88004,92548.86,4885595,0
"2021-04-06",53268,2949141,35617,1827409,13218,188903,432,19561,74,3190,506,22751,102609,94842,4988204,0
"2021-04-07",55511,3004652,40702,1868111,14391,203294,395,19956,81,3271,476,23227,111080,96110.43,5099284,0
"2021-04-08",59265,3063917,46596,1914707,16341,219635,519,20475,86,3357,605,23832,122807,96997.86,5222091,0
"2021-04-09",56653,3120570,44962,1959669,17559,237194,513,20988,76,3433,589,24421,119763,98358.29,5341854,0
"2021-04-10",49348,3169918,35649,1995318,12727,249921,387,21375,61,3494,448,24869,98172,99708.14,5440026,0
"2021-04-11",38182,3208100,28821,2024139,7681,257602,294,21669,57,3551,351,25220,75035,102495.71,5515061,0
"2021-04-12",46638,3254738,31846,2055985,13502,271104,466,22135,64,3615,530,25750,92516,103140.29,5607577,0
"2021-04-13",52548,3307286,33791,2089776,368,271472,393,22528,62,3677,455,26205,87162,100933.57,5694739,0
"2021-04-14",50148,3357434,39959,2129735,20,271492,368,22896,72,3749,440,26645,90567,98003.14,5785306,0
"2021-04-15",52121,3409555,43681,2173416,16,271508,454,23350,105,3854,559,27204,96377,94227.43,5881683,0
"2021-04-16",51188,3460743,42214,2215630,32,271540,428,23778,68,3922,496,27700,93930,90537,5975613,0
"2021-04-17",43838,3504581,35695,2251325,3,271543,364,24142,83,4005,447,28147,79983,87938.57,6055596,0
"2021-04-18",28608,3533189,29371,2280696,7,271550,252,24394,62,4067,314,28461,58300,85547.86,6113896,0
"2021-04-19",37472,3570661,36449,2317145,22,271572,323,24717,65,4132,388,28849,74331,82950,6188227,0
"2021-04-20",40814,3611475,39628,2356773,19,271591,314,25031,78,4210,392,29241,80853,82048.71,6269080,0
"2021-04-21",38901,3650376,46018,2402791,16,271607,494,25525,98,4308,592,29833,85527,81328.71,6354607,0
"2021-04-22",38493,3688869,48964,2451755,9,271616,337,25862,74,4382,411,30244,87877,80114.43,6442484,0
"2021-04-23",39696,3728565,44383,2496138,3,271619,347,26209,74,4456,421,30665,84503,78767.71,6526987,0
"2021-04-24",31949,3760514,41603,2537741,44,271663,276,26485,63,4519,339,31004,73935,77903.71,6600922,0
"2021-04-25",18425,3778939,31227,2568968,86,271749,195,26680,57,4576,252,31256,49990,76716.57,6650912,0
"2021-04-26",26970,3805909,40739,2609707,1013,272762,284,26964,85,4661,369,31625,69091,75968,6720003,0
"2021-04-27",28576,3834485,47145,2656852,1698,274460,348,27312,91,4752,439,32064,77858,75540.14,6797861,0
"2021-04-28",27035,3861520,56846,2713698,2148,276608,429,27741,100,4852,529,32593,86558,75687.43,6884419,0
"2021-04-29",28613,3890133,57201,2770899,2149,278757,366,28107,100,4952,466,33059,88429,75766.29,6972848,0
"2021-04-30",30122,3920255,51997,2822896,2055,280812,279,28386,73,5025,352,33411,84526,75769.57,7057374,0
"2021-05-01",22479,3942734,44540,2867436,1177,281989,233,28619,64,5089,297,33708,68493,74992.14,7125867,0
"2021-05-02",11925,3954659,36654,2904090,1081,283070,140,28759,54,5143,194,33902,49854,74972.71,7175721,0
"2021-05-03",18024,3972683,53032,2957122,2383,285453,251,29010,92,5235,343,34245,73782,75642.86,7249503,0
"2021-05-04",22737,3995420,56646,3013768,2330,287783,268,29278,116,5351,384,34629,82097,76248.43,7331600,0
"2021-05-05",21475,4016895,48769,3062537,2313,290096,308,29586,101,5452,409,35038,72966,74306.71,7404566,0
"2021-05-06",20678,4037573,50184,3112721,2508,292604,270,29856,87,5539,357,35395,73727,72206.43,7478293,0
"2021-05-07",21251,4058824,52099,3164820,2813,295417,307,30163,75,5614,382,35777,76545,71066.29,7554838,0
"2021-05-08",16630,4075454,41871,3206691,1835,297252,229,30392,68,5682,297,36074,60633,69943.43,7615471,0
"2021-05-09",7973,4083427,29416,3236107,1260,298512,147,30539,56,5738,203,36277,38852,68371.71,7654323,0
"2021-05-10",14386,4097813,38536,3274643,2355,300867,233,30772,90,5828,323,36600,55600,65774.29,7709923,0
"2021-05-11",19912,4117725,43063,3317706,2514,303381,281,31053,85,5913,366,36966,65855,63454,7775778,0
"2021-05-12",17812,4135537,40549,3358255,3596,306977,227,31280,78,5991,305,37271,62262,61924.86,7838040,0
"2021-05-13",24974,4160511,40434,3398689,3230,310207,259,31539,76,6067,335,37606,68973,61245.71,7907013,0
"2021-05-14",27038,4187549,42928,3441617,3537,313744,261,31800,95,6162,356,37962,73859,60862,7980872,0
"2021-05-15",23650,4211199,34920,3476537,3365,317109,253,32053,75,6237,328,38290,62263,61094.86,8043135,0
"2021-05-16",15524,4226723,19455,3495992,2496,319605,121,32174,45,6282,166,38456,37641,60921.86,8080776,0
"2021-05-17",22673,4249396,29146,3525138,3256,322861,177,32351,67,6349,244,38700,55319,60881.71,8136095,0
"2021-05-18",24638,4274034,31911,3557049,3406,326267,238,32589,72,6421,310,39010,60265,60083.14,8196360,0
"2021-05-19",24190,4298224,29722,3586771,3041,329308,224,32813,48,6469,272,39282,57225,59363.57,8253585,0
"2021-05-20",24152,4322376,30101,3616872,3163,332471,261,33074,86,6555,347,39629,57763,57762.14,8311348,0
"2021-05-21",24678,4347054,32003,3648875,3056,335527,244,33318,58,6613,302,39931,60039,55787.86,8371387,0
"2021-05-22",20021,4367075,24363,3673238,2525,338052,164,33482,49,6662,213,40144,47122,53624.86,8418509,0
"2021-05-23",11233,4378308,13733,3686971,1411,339463,92,33574,32,6694,124,40268,26501,52033.43,8445010,0
"2021-05-24",18877,4397185,23159,3710130,2756,342219,213,33787,55,6749,268,40536,45060,50567.86,8490070,0
"2021-05-25",19429,4416614,23383,3733513,2603,344822,171,33958,57,6806,228,40764,45643,48479,8535713,0
"2021-05-26",18784,4435398,21091,3754604,2696,347518,199,34157,48,6854,247,41011,42818,46420.86,8578531,0
"2021-05-27",18472,4453870,21278,3775882,2529,350047,181,34338,59,6913,240,41251,42519,44243.14,8621050,0
"2021-05-28",17863,4471733,22888,3798770,2751,352798,185,34523,53,6966,238,41489,43740,41914.71,8664790,0
"2021-05-29",12709,4484442,17810,3816580,1755,354553,106,34629,39,7005,145,41634,32419,39814.29,8697209,0
"2021-05-30",7030,4491472,8949,3825529,1074,355627,48,34677,17,7022,65,41699,17118,38473.86,8714327,0
"2021-05-31",4742,4496214,6924,3832453,1012,356639,64,34741,17,7039,81,41780,12759,33859.43,8727086,0
"2021-06-01",16047,4512261,25198,3857651,2177,358816,152,34893,43,7082,195,41975,43617,33570,8770703,0
"2021-06-02",15355,4527616,20391,3878042,2095,360911,139,35032,48,7130,187,42162,38028,32885.71,8808731,0
"2021-06-03",15006,4542622,23824,3901866,2281,363192,128,35160,43,7173,171,42333,41282,32709,8850013,0
"2021-06-04",14722,4557344,25998,3927864,2492,365684,146,35306,40,7213,186,42519,43398,32660.14,8893411,0
"2021-06-05",10993,4568337,22090,3949954,1806,367490,115,35421,28,7241,143,42662,35032,33033.43,8928443,0
"2021-06-06",6444,4574781,14485,3964439,1222,368712,88,35509,13,7254,101,42763,22252,33766.86,8950695,0
"2021-06-07",11705,4586486,21783,3986222,2378,371090,139,35648,37,7291,176,42939,36042,37093,8986737,0
"2021-06-08",12636,4599122,24023,4010245,2072,373162,121,35769,46,7337,167,43106,38898,36418.86,9025635,0
"2021-06-09",11136,4610258,23027,4033272,2299,375461,135,35904,40,7377,175,43281,36637,36220.14,9062272,0
"2021-06-10",12066,4622324,22234,4055506,2462,377923,139,36043,59,7436,198,43479,36960,35602.71,9099232,0
"2021-06-11",12710,4635034,25120,4080626,2484,380407,156,36199,58,7494,214,43693,40528,35192.71,9139760,0
"2021-06-12",10166,4645200,19315,4099941,1888,382295,93,36292,42,7536,135,43828,31504,34688.71,9171264,0
"2021-06-13",4257,4649457,10936,4110877,1219,383514,41,36333,22,7558,63,43891,16475,33863.43,9187739,0
"2021-06-14",10209,4659666,19241,4130118,2043,385557,127,36460,51,7609,178,44069,31671,33239,9219410,0
"2021-06-15",11885,4671551,21015,4151133,1943,387500,131,36591,40,7649,171,44240,35014,32684.14,9254424,0
"2021-06-16",11586,4683137,19412,4170545,1957,389457,140,36731,68,7717,208,44448,33163,32187.86,9287587,0
"2021-06-17",11025,4694162,18761,4189306,1973,391430,122,36853,35,7752,157,44605,31916,31467.29,9319503,0
"2021-06-18",12167,4706329,18503,4207809,2116,393546,112,36965,36,7788,148,44753,32934,30382.43,9352437,0
"2021-06-19",8498,4714827,13517,4221326,1459,395005,83,37048,21,7809,104,44857,23578,29250.14,9376015,0
"2021-06-20",4336,4719163,7158,4228484,924,395929,36,37084,17,7826,53,44910,12471,28678.14,9388486,0
"2021-06-21",10162,4729325,10011,4238495,1807,397736,68,37152,27,7853,95,45005,22075,27307.29,9410561,0
"2021-06-22",9838,4739163,15641,4254136,1589,399325,105,37257,28,7881,133,45138,27201,26191.14,9437762,0
"2021-06-23",10313,4749476,15185,4269321,1863,401188,102,37359,30,7911,132,45270,27493,25381.14,9465255,0
"2021-06-24",9686,4759162,14699,4284020,1799,402987,119,37478,26,7937,145,45415,26329,24583,9491584,0
"2021-06-25",10590,4769752,14387,4298407,1721,404708,111,37589,38,7975,149,45564,26847,23713.43,9518431,0
"2021-06-26",7802,4777554,10464,4308871,1251,405959,74,37663,24,7999,98,45662,19615,23147.29,9538046,0
"2021-06-27",5001,4782555,6002,4314873,795,406754,33,37696,14,8013,47,45709,11845,23057.86,9549891,0
"2021-06-28",9036,4791591,10346,4325219,1526,408280,107,37803,26,8039,133,45842,21041,22910.14,9570932,0
"2021-06-29",9743,4801334,12322,4337541,1347,409627,122,37925,31,8070,153,45995,23565,22390.71,9594497,0
"2021-06-30",9435,4810769,10929,4348470,1486,411113,147,38072,16,8086,163,46158,22013,21607.86,9616510,0
"2021-07-01",9398,4820167,10929,4359399,1434,412547,124,38196,24,8110,148,46306,21909,20976.43,9638419,0
"2021-07-02",9692,4829859,11452,4370851,1541,414088,118,38314,22,8132,140,46446,22825,20401.86,9661244,0
"2021-07-03",7056,4836915,8421,4379272,1193,415281,75,38389,17,8149,92,46538,16762,19994.29,9678006,0
"2021-07-04",1288,4838203,1335,4380607,567,415848,9,38398,3,8152,12,46550,3202,18759.57,9681208,0
"2021-07-05",6497,4844700,7106,4387713,1208,417056,63,38461,22,8174,85,46635,14896,17881.71,9696104,0
"2021-07-06",9512,4854212,12851,4400564,1316,418372,114,38575,38,8212,152,46787,23831,17919.71,9719935,0
"2021-07-07",8666,4862878,11109,4411673,1419,419791,123,38698,19,8231,142,46929,21336,17823,9741271,0
"2021-07-08",8209,4871087,10192,4421865,1260,421051,107,38805,21,8252,128,47057,19789,17520.14,9761060,0
"2021-07-09",8374,4879461,10833,4432698,1278,422329,90,38895,18,8270,108,47165,20593,17201.29,9781653,0
"2021-07-10",7104,4886565,8632,4441330,1132,423461,63,38958,20,8290,83,47248,16951,17228.29,9798604,0
"2021-07-11",4105,4890670,4540,4445870,703,424164,34,38992,6,8296,40,47288,9388,18112,9807992,0
"2021-07-12",8448,4899118,9559,4455429,1251,425415,82,39074,23,8319,105,47393,19363,18750.14,9827355,0
"2021-07-13",9459,4908577,9393,4464822,952,426367,105,39179,34,8353,139,47532,19943,18194.71,9847298,0
"2021-07-14",9000,4917577,9532,4474354,1011,427378,105,39284,21,8374,126,47658,19669,17956.57,9866967,0
"2021-07-15",8789,4926366,9157,4483511,1054,428432,81,39365,19,8393,100,47758,19100,17858.14,9886067,0
"2021-07-16",9241,4935607,9762,4493273,980,429412,102,39467,30,8423,132,47890,20115,17789.86,9906182,0
"2021-07-17",6842,4942449,7387,4500660,803,430215,80,39547,19,8442,99,47989,15131,17529.86,9921313,0
"2021-07-18",4256,4946705,4284,4504944,576,430791,35,39582,13,8455,48,48037,9164,17497.86,9930477,0
"2021-07-19",9120,4955825,8478,4513422,999,431790,91,39673,22,8477,113,48150,18710,17404.57,9949187,0
"2021-07-20",10649,4966474,8758,4522180,991,432781,95,39768,25,8502,120,48270,20518,17486.71,9969705,0
"2021-07-21",10049,4976523,8765,4530945,903,433684,146,39914,33,8535,179,48449,19896,17519.14,9989601,0
"2021-07-22",10687,4987210,8587,4539532,1046,434730,144,40058,25,8560,169,48618,20489,17717.57,10010090,0
"2021-07-23",11252,4998462,8881,4548413,1114,435844,139,40197,23,8583,162,48780,21409,17902.43,10031499,0
"2021-07-24",7402,5005864,6738,4555151,670,436514,82,40279,24,8607,106,48886,14916,17871.71,10046415,0
"2021-07-25",5478,5011342,2125,4557276,509,437023,58,40337,4,8611,62,48948,8174,17730.29,10054589,0
"2021-07-26",10872,5022214,7004,4564280,859,437882,109,40446,20,8631,129,49077,18864,17752.29,10073453,0
"2021-07-27",12054,5034268,8567,4572847,857,438739,134,40580,38,8669,172,49249,21650,17914,10095103,0
"2021-07-28",11992,5046260,8050,4580897,950,439689,131,40711,26,8695,157,49406,21149,18093,10116252,0
"2021-07-29",10936,5057196,7429,4588326,984,440673,133,40844,38,8733,171,49577,19520,17954.57,10135772,0
"2021-07-30",14955,5072151,8013,4596339,1151,441824,181,41025,31,8764,212,49789,24331,18372,10160103,0
"2021-07-31",9726,5081877,6315,4602654,816,442640,120,41145,20,8784,140,49929,16997,18669.29,10177100,0
"2021-08-01",6503,5088380,3309,4605963,564,443204,81,41226,20,8804,101,50030,10477,18998.29,10187577,0
"2021-08-02",13450,5101830,7157,4613120,847,444051,144,41370,17,8821,161,50191,21615,19391.29,10209192,0
"2021-08-03",15411,5117241,8388,4621508,1109,445160,144,41514,37,8858,181,50372,25089,19882.57,10234281,0
"2021-08-04",17262,5134503,8126,4629634,1454,446614,181,41695,34,8892,215,50587,27057,20726.57,10261338,0
"2021-08-05",17867,5152370,7928,4637562,1367,447981,162,41857,20,8912,182,50769,27344,21844.29,10288682,0
"2021-08-06",18172,5170542,8411,4645973,1233,449214,165,42022,32,8944,197,50966,28013,22370.29,10316695,0
"2021-08-07",13388,5183930,6014,4651987,799,450013,99,42121,28,8972,127,51093,20328,22846.14,10337023,0
"2021-08-08",9309,5193239,3835,4655822,400,450413,82,42203,10,8982,92,51185,13636,23297.43,10350659,0
"2021-08-09",21344,5214583,8527,4664349,965,451378,165,42368,35,9017,200,51385,31036,24643.29,10381695,0
"2021-08-10",18919,5233502,9328,4673677,947,452325,178,42546,33,9050,211,51596,29405,25259.86,10411100,0
"2021-08-11",15648,5249150,8308,4681985,853,453178,129,42675,45,9095,174,51770,24983,24963.57,10436083,0
"2021-08-12",15041,5264191,8980,4690965,940,454118,171,42846,36,9131,207,51977,25168,24652.71,10461251,0
"2021-08-13",14928,5279119,9291,4700256,920,455038,239,43085,37,9168,276,52253,25415,24281.57,10486666,0
"2021-08-14",10406,5289525,6406,4706662,625,455663,529,43614,40,9208,569,52822,18006,23949.86,10504672,0
"2021-08-15",6693,5296218,4479,4711141,676,456339,566,44180,33,9241,599,53421,12447,23780,10517119,0
"2021-08-16",15722,5311940,9301,4720442,1150,457489,1318,45498,65,9306,1383,54804,27556,23282.86,10544675,0
"2021-08-17",17768,5329708,10436,4730878,1225,458714,1768,47266,84,9390,1852,56656,31281,23550.86,10575956,0
"2021-08-18",17507,5347215,10362,4741240,1261,459975,1987,49253,94,9484,2081,58737,31211,24440.57,10607167,0
"2021-08-19",16300,5363515,9520,4750760,1315,461290,1952,51205,65,9549,2017,60754,29152,25009.71,10636319,0
"2021-08-20",16279,5379794,11537,4762297,1254,462544,1859,53064,83,9632,1942,62696,31012,25809.29,10667331,0
"2021-08-21",11148,5390942,8039,4770336,878,463422,1058,54122,56,9688,1114,63810,21179,26262.57,10688510,0
"2021-08-22",4081,5395023,3901,4774237,262,463684,514,54636,34,9722,548,64358,8792,25740.43,10697302,0
"2021-08-23",15583,5410606,11799,4786036,1023,464707,1547,56183,74,9796,1621,65979,30026,26093.29,10727328,0
"2021-08-24",16916,5427522,12593,4798629,1006,465713,1774,57957,77,9873,1851,67830,32366,26248.29,10759694,0
"2021-08-25",14584,5442106,12444,4811073,1111,466824,1565,59522,76,9949,1641,69471,29780,26043.86,10789474,0
"2021-08-26",16164,5458270,14083,4825156,1072,467896,1771,61293,67,10016,1838,71309,33157,26616,10822631,0
"2021-08-27",14882,5473152,14819,4839975,971,468867,1669,62962,74,10090,1743,73052,32415,26816.43,10855046,0
"2021-08-28",10682,5483834,11522,4851497,835,469702,1014,63976,45,10135,1059,74111,24098,27233.43,10879144,0
"2021-08-29",7218,5491052,7495,4858992,541,470243,778,64754,57,10192,835,74946,16089,28275.86,10895233,0
"2021-08-30",15523,5506575,16925,4875917,1077,471320,1790,66544,87,10279,1877,76823,35402,29043.86,10930635,0
"2021-08-31",15521,5522096,15951,4891868,951,472271,1971,68515,87,10366,2058,78881,34481,29346,10965116,0
"2021-09-01",14834,5536930,14098,4905966,1021,473292,1809,70324,60,10426,1869,80750,31822,29637.71,10996938,0
"2021-09-02",14328,5551258,12522,4918488,896,474188,1705,72029,61,10487,1766,82516,29512,29117,11026450,0
"2021-09-03",15018,5566276,14305,4932793,974,475162,1895,73924,69,10556,1964,84480,32261,29095,11058711,0
"2021-09-04",9647,5575923,9406,4942199,688,475850,974,74898,34,10590,1008,85488,20749,28616.57,11079460,0
"2021-09-05",6803,5582726,5515,4947714,438,476288,710,75608,16,10606,726,86214,13482,28244.14,11092942,0
"2021-09-06",5196,5587922,4512,4952226,358,476646,270,75878,11,10617,281,86495,10347,24664.86,11103289,0
"2021-09-07",15577,5603499,17703,4969929,912,477558,1554,77432,87,10704,1641,88136,35833,24858,11139122,0
"2021-09-08",16164,5619663,14824,4984753,1072,478630,1770,79202,83,10787,1853,89989,33913,25156.71,11173035,0
"2021-09-09",16113,5635776,14752,4999505,1047,479677,1912,81114,73,10860,1985,91974,33897,25783.14,11206932,0
"2021-09-10",18376,5654152,15389,5014894,1208,480885,1971,83085,81,10941,2052,94026,37025,26463.71,11243957,0
"2021-09-11",12637,5666789,10348,5025242,958,481843,1027,84112,48,10989,1075,95101,25018,27073.57,11268975,0
"2021-09-12",8540,5675329,5052,5030294,766,482609,690,84802,29,11018,719,95820,15077,27301.43,11284052,0
"2021-09-13",16933,5692262,12960,5043254,976,483585,1652,86454,53,11071,1705,97525,32574,30476.71,11316626,0
"2021-09-14",16270,5708532,13677,5056931,886,484471,1594,88048,55,11126,1649,99174,32482,29998,11349108,0
"2021-09-15",15545,5724077,12881,5069812,727,485198,1566,89614,78,11204,1644,100818,30797,29552.86,11379905,0
"2021-09-16",15342,5739419,13910,5083722,1210,486408,1456,91070,66,11270,1522,102340,31984,29279.57,11411889,0
"2021-09-17",14438,5753857,13961,5097683,922,487330,1827,92897,56,11326,1883,104223,31204,28448,11443093,0
"2021-09-18",10000,5763857,10180,5107863,913,488243,1046,93943,41,11367,1087,105310,22180,28042.57,11465273,0
"2021-09-19",6179,5770036,6071,5113934,558,488801,747,94690,29,11396,776,106086,13584,27829.29,11478857,0
"2021-09-20",12675,5782711,12630,5126564,1068,489869,1921,96611,58,11454,1979,108065,28352,27226.14,11507209,0
"2021-09-21",12233,5794944,12770,5139334,1109,490978,2024,98635,78,11532,2102,110167,28214,26616.43,11535423,0
"2021-09-22",12822,5807766,12008,5151342,1089,492067,1683,100318,67,11599,1750,111917,27669,26169.57,11563092,0
"2021-09-23",14941,5822707,12758,5164100,1639,493706,2266,102584,72,11671,2338,114255,31676,26125.57,11594768,0
"2021-09-24",16448,5839155,13367,5177467,1636,495342,4625,107209,113,11784,4738,118993,36189,26837.71,11630957,0
"2021-09-25",10541,5849696,9024,5186491,1018,496360,3461,110670,77,11861,3538,122531,24121,27115,11655078,0
"2021-09-26",6303,5855999,5759,5192250,773,497133,2426,113096,55,11916,2481,125012,15316,27362.43,11670394,0
"2021-09-27",14163,5870162,8055,5200305,1155,498288,9062,122158,156,12072,9218,134230,32591,27968,11702985,0
"2021-09-28",11148,5881310,11779,5212084,902,499190,9913,132071,174,12246,10087,144317,33916,28782.57,11736901,0
"2021-09-29",11607,5892917,12193,5224277,1205,500395,9454,141525,162,12408,9616,153933,34621,29775.71,11771522,0
"2021-09-30",12239,5905156,12605,5236882,1338,501733,9748,151273,172,12580,9920,163853,36102,30408,11807624,0
"2021-10-01",12647,5917803,13431,5250313,1284,503017,10267,161540,148,12728,10415,174268,37777,30634.86,11845401,0
"2021-10-02",7730,5925533,9975,5260288,865,503882,4243,165783,75,12803,4318,178586,22888,30458.71,11868289,0
"2021-10-03",5077,5930610,6156,5266444,593,504475,2613,168396,56,12859,2669,181255,14495,30341.43,11882784,0
"2021-10-04",9908,5940518,11023,5277467,913,505388,9524,177920,141,13000,9665,190920,31509,30186.86,11914293,0
"2021-10-05",10159,5950677,11739,5289206,972,506360,9936,187856,175,13175,10111,201031,32981,30053.29,11947274,0
"2021-10-06",9915,5960592,11059,5300265,937,507297,9933,197789,154,13329,10087,211118,31998,29678.57,11979272,0
"2021-10-07",9663,5970255,12195,5312460,853,508150,10191,207980,170,13499,10361,221479,33072,29245.71,12012344,0
"2021-10-08",9459,5979714,12174,5324634,942,509092,10905,218885,163,13662,11068,232547,33643,28655.14,12045987,0
"2021-10-09",6257,5985971,8276,5332910,649,509741,4122,223007,90,13752,4212,236759,19394,28156,12065381,0
"2021-10-10",3543,5989514,5029,5337939,458,510199,2433,225440,43,13795,2476,239235,11506,27729,12076887,0
"2021-10-11",7620,5997134,9330,5347269,728,510927,8889,234329,159,13954,9048,248283,26726,27045.71,12103613,0
"2021-10-12",8078,6005212,10998,5358267,891,511818,10511,244840,180,14134,10691,258974,30658,26713.86,12134271,0
"2021-10-13",7152,6012364,10148,5368415,869,512687,8800,253640,175,14309,8975,267949,27144,26020.43,12161415,0
"2021-10-14",7443,6019807,11114,5379529,836,513523,10117,263757,160,14469,10277,278226,29670,25534.43,12191085,0
"2021-10-15",7726,6027533,11858,5391387,823,514346,10824,274581,165,14634,10989,289215,31396,25213.43,12222481,0
"2021-10-16",4865,6032398,7468,5398855,666,515012,3843,278424,65,14699,3908,293123,16907,24858.14,12239388,0
"2021-10-17",3061,6035459,4473,5403328,411,515423,2452,280876,41,14740,2493,295616,10438,24705.57,12249826,0
"2021-10-18",7049,6042508,10665,5413993,796,516219,9486,290362,172,14912,9658,305274,28168,24911.57,12277994,0
"2021-10-19",6576,6049084,8947,5422940,804,517023,9089,299451,168,15080,9257,314531,25584,24186.71,12303578,0
"2021-10-20",6535,6055619,9374,5432314,975,517998,9987,309438,173,15253,10160,324691,27044,24172.43,12330622,0
"2021-10-21",7028,6062647,9384,5441698,858,518856,10843,320281,150,15403,10993,335684,28263,23971.43,12358885,0
"2021-10-22",8126,6070773,10341,5452039,1026,519882,16350,336631,210,15613,16560,352244,36053,24636.71,12394938,0
"2021-10-23",5168,6075941,6457,5458496,690,520572,9125,345756,113,15726,9238,361482,21553,25300.43,12416491,0
"2021-10-24",3275,6079216,3972,5462468,769,521341,6153,351909,76,15802,6229,367711,14245,25844.29,12430736,0
"2021-10-25",8772,6087988,8739,5471207,1150,522491,19249,371158,289,16091,19538,387249,38199,27277.29,12468935,0
"2021-10-26",8203,6096191,7721,5478928,1258,523749,17290,388448,259,16350,17549,404798,34731,28584,12503666,0
"2021-10-27",10563,6106754,8392,5487320,1604,525353,20858,409306,307,16657,21165,425963,41724,30681.14,12545390,0
"2021-10-28",11330,6118084,8036,5495356,1793,527146,20843,430149,313,16970,21156,447119,42315,32688.57,12587705,0
"2021-10-29",11839,6129923,8238,5503594,1956,529102,22535,452684,316,17286,22851,469970,44884,33950.14,12632589,0
"2021-10-30",4629,6134552,5058,5508652,930,530032,11170,463854,160,17446,11330,481300,21947,34006.43,12654536,0
"2021-10-31",2664,6137216,2702,5511354,544,530576,6638,470492,97,17543,6735,488035,12645,33777.86,12667181,0
"2021-11-01",7139,6144355,6954,5518308,1089,531665,20384,490876,317,17860,20701,508736,35883,33447,12703064,0
"2021-11-02",6582,6150937,6593,5524901,1054,532719,20779,511655,264,18124,21043,529779,35272,33524.29,12738336,0
"2021-11-03",6852,6157789,6679,5531580,1026,533745,20630,532285,300,18424,20930,550709,35487,32633.29,12773823,0
"2021-11-04",9311,6167100,6279,5537859,995,534740,22361,554646,344,18768,22705,573414,39290,32201.14,12813113,0
"2021-11-05",11062,6178162,6724,5544583,1051,535791,23759,578405,345,19113,24104,597518,42941,31923.57,12856054,0
"2021-11-06",11135,6189297,4051,5548634,594,536385,12592,590997,164,19277,12756,610274,28536,32864.86,12884590,0
"2021-11-07",7258,6196555,2287,5550921,577,536962,7105,598102,93,19370,7198,617472,17320,33532.71,12901910,0
"2021-11-08",15057,6211612,5677,5556598,864,537826,19512,617614,272,19642,19784,637256,41382,34318.29,12943292,0
"2021-11-09",16150,6227762,5390,5561988,660,538486,20514,638128,267,19909,20781,658037,42981,35419.57,12986273,0
"2021-11-10",16929,6244691,5321,5567309,683,539169,22649,660777,289,20198,22938,680975,45871,36903,13032144,0
"2021-11-11",12574,6257265,5188,5572497,759,539928,22087,682864,279,20477,22366,703341,40887,37131.14,13073031,0
"2021-11-12",16894,6274159,5688,5578185,705,540633,23398,706262,350,20827,23748,727089,47035,37716,13120066,0
"2021-11-13",9940,6284099,3663,5581848,463,541096,13325,719587,179,21006,13504,740593,27570,37578,13147636,0
"2021-11-14",6013,6290112,2292,5584140,325,541421,7932,727519,76,21082,8008,748601,16638,37480.57,13164274,0
"2021-11-15",13217,6303329,5974,5590114,690,542111,25110,752629,350,21432,25460,774061,45341,38046.14,13209615,0
"2021-11-16",9970,6313299,5782,5595896,656,542767,30667,783296,415,21847,31082,805143,47490,38690.29,13257105,0
"2021-11-17",10311,6323610,6671,5602567,681,543448,31422,814718,402,22249,31824,836967,49487,39206.86,13306592,0
"2021-11-18",10732,6334342,6541,5609108,858,544306,33017,847735,437,22686,33454,870421,51585,40735.14,13358177,0
"2021-11-19",12029,6346371,6550,5615658,715,545021,36243,883978,444,23130,36687,907108,55981,42013.14,13414158,0
"2021-11-20",9330,6355701,3417,5619075,513,545534,22517,906495,248,23378,22765,929873,36025,43221,13450183,0
"2021-11-21",4952,6360653,1888,5620963,288,545822,13201,919696,146,23524,13347,943220,20475,43769.14,13470658,0
"2021-11-22",10441,6371094,5786,5626749,750,546572,35927,955623,433,23957,36360,979580,53337,44911.43,13523995,0
"2021-11-23",9802,6380896,4782,5631531,636,547208,33514,989137,363,24320,33877,1013457,49097,45141,13573092,0
"2021-11-24",8710,6389606,4752,5636283,651,547859,25923,1015060,277,24597,26200,1039657,40313,43830.43,13613405,0
"2021-11-25",448,6390054,326,5636609,80,547939,1003,1016063,9,24606,1012,1040669,1866,36727.71,13615271,0
"2021-11-26",8061,6398115,6992,5643601,528,548467,26593,1042656,284,24890,26877,1067546,42458,34795.86,13657729,0
"2021-11-27",6686,6404801,6837,5650438,371,548838,18838,1061494,218,25108,19056,1086602,32950,34356.57,13690679,0
"2021-11-28",4085,6408886,5793,5656231,282,549120,11888,1073382,117,25225,12005,1098607,22165,34598,13712844,0
"2021-11-29",9122,6418008,10997,5667228,687,549807,35075,1108457,418,25643,35493,1134100,56299,35021.14,13769143,0
"2021-11-30",10518,6428526,11436,5678664,513,550320,37785,1146242,480,26123,38265,1172365,60732,36683.29,13829875,0
"2021-12-01",11197,6439723,10986,5689650,724,551044,40352,1186594,431,26554,40783,1213148,63690,40022.86,13893565,0
"2021-12-02",11666,6451389,11040,5700690,627,551671,42164,1228758,441,26995,42605,1255753,65938,49176,13959503,0
"2021-12-03",13498,6464887,12887,5713577,675,552346,47933,1276691,512,27507,48445,1304198,75505,53897,14035008,0
"2021-12-04",9861,6474748,11293,5724870,567,552913,30674,1307365,298,27805,30972,1335170,52693,56717.43,14087701,0
"2021-12-05",5761,6480509,5707,5730577,270,553183,16660,1324025,124,27929,16784,1351954,28522,57625.57,14116223,0
"2021-12-06",12349,6492858,9958,5740535,600,553783,43241,1367266,435,28364,43676,1395630,66583,59094.71,14182806,0
"2021-12-07",12596,6505454,9258,5749793,625,554408,43041,1410307,489,28853,43530,1439160,66009,59848.57,14248815,0
"2021-12-08",13540,6518994,8776,5758569,555,554963,40788,1451095,459,29312,41247,1480407,64118,59909.71,14312933,0
"2021-12-09",13512,6532506,8755,5767324,555,555518,40810,1491905,481,29793,41291,1521698,64113,59649,14377046,0
"2021-12-10",14044,6546550,10141,5777465,671,556189,43667,1535572,482,30275,44149,1565847,69005,58720.43,14446051,0
"2021-12-11",10283,6556833,8125,5785590,405,556594,26696,1562268,273,30548,26969,1592816,45782,57733.14,14491833,0
"2021-12-12",6017,6562850,3855,5789445,289,556883,15172,1577440,130,30678,15302,1608118,25463,57296.14,14517296,0
"2021-12-13",12239,6575089,7429,5796874,658,557541,37879,1615319,386,31064,38265,1646383,58591,56154.43,14575887,0
"2021-12-14",12235,6587324,6956,5803830,731,558272,38152,1653471,418,31482,38570,1684953,58492,55080.57,14634379,0
"2021-12-15",12110,6599434,6243,5810073,755,559027,38135,1691606,478,31960,38613,1723566,57721,54166.71,14692100,0
"2021-12-16",13138,6612572,4271,5814344,740,559767,41049,1732655,436,32396,41485,1765051,59634,53526.86,14751734,0
"2021-12-17",15954,6628526,6931,5821275,620,560387,46772,1779427,466,32862,47238,1812289,70743,53775.14,14822477,0
"2021-12-18",13030,6641556,5716,5826991,432,560819,30619,1810046,266,33128,30885,1843174,50063,54386.71,14872540,0
"2021-12-19",7021,6648577,2995,5829986,326,561145,18005,1828051,169,33297,18174,1861348,28516,54822.86,14901056,0
"2021-12-20",16870,6665447,5862,5835848,746,561891,47449,1875500,556,33853,48005,1909353,71483,56664.57,14972539,0
"2021-12-21",17979,6683426,6570,5842418,806,562697,48915,1924415,574,34427,49489,1958842,74844,59000.57,15047383,0
"2021-12-22",18541,6701967,6562,5848980,939,563636,49678,1974093,519,34946,50197,2009039,76239,61646,15123622,0
"2021-12-23",19043,6721010,6481,5855461,930,564566,45836,2019929,509,35455,46345,2055384,72799,63526.71,15196421,0
"2021-12-24",9244,6730254,2952,5858413,598,565164,20596,2040525,211,35666,20807,2076191,33601,58220.71,15230022,0
"2021-12-25",344,6730598,63,5858476,31,565195,427,2040952,8,35674,435,2076626,873,51193.57,15230895,0
"2021-12-26",7967,6738565,3929,5862405,340,565535,17282,2058234,172,35846,17454,2094080,29690,51361.29,15260585,0
"2021-12-27",21790,6760355,9205,5871610,933,566468,43443,2101677,536,36382,43979,2138059,75907,51993.29,15336492,0
"2021-12-28",20166,6780521,8328,5879938,699,567167,47579,2149256,596,36978,48175,2186234,77368,52353.86,15413860,0
"2021-12-29",18508,6799029,7670,5887608,607,567774,45568,2194824,474,37452,46042,2232276,72827,51866.43,15486687,0
"2021-12-30",16891,6815920,7420,5895028,587,568361,44847,2239671,572,38024,45419,2277695,70317,51511.86,15557004,0
"2021-12-31",5359,6821279,2808,5897836,193,568554,14770,2254441,176,38200,14946,2292641,23306,50041.14,15580310,0
"2022-01-01",243,6821522,147,5897983,12,568566,501,2254942,21,38221,522,2293163,924,50048.43,15581234,0
"2022-01-02",6433,6827955,5022,5903005,153,568719,10975,2265917,110,38331,11085,2304248,22693,49048.86,15603927,0
"2022-01-03",14131,6842086,8494,5911499,514,569233,26929,2292846,322,38653,27251,2331499,50390,45403.57,15654317,0
"2022-01-04",12876,6854962,8107,5919606,414,569647,27182,2320028,348,39001,27530,2359029,48927,41340.57,15703244,0
"2022-01-05",11440,6866402,6998,5926604,382,570029,25898,2345926,302,39303,26200,2385229,45020,37368.14,15748264,0
"2022-01-06",11481,6877883,7384,5933988,483,570512,27523,2373449,327,39630,27850,2413079,47198,34065.43,15795462,0
"2022-01-07",10392,6888275,8417,5942405,338,570850,25021,2398470,313,39943,25334,2438413,44481,37090.43,15839943,0
"2022-01-08",7871,6896146,8565,5950970,310,571160,19452,2417922,175,40118,19627,2458040,36373,42154.57,15876316,0
"2022-01-09",4132,6900278,3843,5954813,214,571374,10062,2427984,91,40209,10153,2468193,18342,41533,15894658,0
"2022-01-10",10180,6910458,8190,5963003,490,571864,24602,2452586,298,40507,24900,2493093,43760,40585.86,15938418,0
"2022-01-11",8895,6919353,7990,5970993,521,572385,21028,2473614,277,40784,21305,2514398,38711,39126.43,15977129,0
"2022-01-12",8934,6928287,8320,5979313,427,572812,22334,2495948,286,41070,22620,2537018,40301,38452.29,16017430,0
"2022-01-13",9046,6937333,8862,5988175,451,573263,22872,2518820,315,41385,23187,2560205,41546,37644.86,16058976,0
"2022-01-14",10108,6947441,8118,5996293,476,573739,26440,2545260,316,41701,26756,2586961,45458,37784.43,16104434,0
"2022-01-15",6209,6953650,4309,6000602,178,573917,15144,2560404,175,41876,15319,2602280,26015,36304.71,16130449,0
"2022-01-16",2921,6956571,3249,6003851,95,574012,7824,2568228,82,41958,7906,2610186,14171,35708.86,16144620,0
"2022-01-17",6080,6962651,6755,6010606,363,574375,14682,2582910,214,42172,14896,2625082,28094,33470.86,16172714,0
"2022-01-18",8164,6970815,10316,6020922,396,574771,19666,2602576,314,42486,19980,2645062,38856,33491.57,16211570,0
"2022-01-19",7466,6978281,9250,6030172,304,575075,17718,2620294,267,42753,17985,2663047,35005,32735,16246575,0
"2022-01-20",6282,6984563,8560,6038732,305,575380,15249,2635543,241,42994,15490,2678537,30637,31176.57,16277212,0
"2022-01-21",7573,6992136,7503,6046235,276,575656,18506,2654049,281,43275,18787,2697324,34139,29559.57,16311351,0
"2022-01-22",5191,6997327,4940,6051175,131,575787,11317,2665366,125,43400,11442,2708766,21704,28943.71,16333055,0
"2022-01-23",2811,7000138,3329,6054504,97,575884,6228,2671594,75,43475,6303,2715069,12540,28710.71,16345595,0
"2022-01-24",6371,7006509,8204,6062708,262,576146,15072,2686666,235,43710,15307,2730376,30144,29003.57,16375739,0
"2022-01-25",6187,7012696,7933,6070641,233,576379,14693,2701359,256,43966,14949,2745325,29302,27638.71,16405041,0
"2022-01-26",5755,7018451,7170,6077811,289,576668,14017,2715376,208,44174,14225,2759550,27439,26557.86,16432480,0
"2022-01-27",5257,7023708,7094,6084905,321,576989,14080,2729456,229,44403,14309,2773859,26981,26035.57,16459461,0
"2022-01-28",6261,7029969,7872,6092777,203,577192,16131,2745587,234,44637,16365,2790224,30701,25544.43,16490162,0
"2022-01-29",841,7030810,728,6093505,28,577220,2538,2748125,39,44676,2577,2792801,4174,23040.14,16494336,0
"2022-01-30",2096,7032906,3022,6096527,103,577323,4536,2752661,63,44739,4599,2797400,9820,22651.57,16504156,0
"2022-01-31",5006,7037912,6593,6103120,220,577543,11382,2764043,197,44936,11579,2808979,23398,21687.86,16527554,0
"2022-02-01",4835,7042747,6430,6109550,219,577762,10711,2774754,219,45155,10930,2819909,22414,20703.86,16549968,0
"2022-02-02",4258,7047005,5931,6115481,213,577975,11235,2785989,237,45392,11472,2831381,21874,19908.86,16571842,0
"2022-02-03",4227,7051232,5812,6121293,216,578191,11218,2797207,199,45591,11417,2842798,21672,19150.43,16593514,0
"2022-02-04",4770,7056002,7113,6128406,214,578405,13215,2810422,235,45826,13450,2856248,25547,18414.14,16619061,0
"2022-02-05",3585,7059587,6049,6134455,110,578515,8574,2818996,150,45976,8724,2864972,18468,20456.14,16637529,0
"2022-02-06",2063,7061650,2136,6136591,121,578636,4635,2823631,102,46078,4737,2869709,9057,20347.14,16646586,0
"2022-02-07",4158,7065808,4726,6141317,205,578841,10132,2833763,231,46309,10363,2880072,19452,19783.43,16666038,0
"2022-02-08",4222,7070030,5609,6146926,214,579055,11327,2845090,300,46609,11627,2891699,21672,19677.43,16687710,0
"2022-02-09",4135,7074165,5405,6152331,222,579277,11661,2856751,251,46860,11912,2903611,21674,19648.86,16709384,0
"2022-02-10",3996,7078161,5122,6157453,245,579522,12198,2868949,282,47142,12480,2916091,21843,19673.29,16731227,0
"2022-02-11",4521,7082682,5802,6163255,195,579717,13731,2882680,316,47458,14047,2930138,24565,19533,16755792,0
"2022-02-12",3257,7085939,4340,6167595,97,579814,8809,2891489,213,47671,9022,2939160,16716,19282.71,16772508,0
"2022-02-13",1522,7087461,1541,6169136,41,579855,4882,2896371,107,47778,4989,2944149,8093,19145,16780601,0
"2022-02-14",2983,7090444,3625,6172761,167,580022,10569,2906940,323,48101,10892,2955041,17667,18890,16798268,0
"2022-02-15",3560,7094004,4071,6176832,175,580197,12784,2919724,279,48380,13063,2968104,20869,18775.29,16819137,0
"2022-02-16",3663,7097667,3906,6180738,200,580397,15720,2935444,291,48671,16011,2984115,23780,19076.14,16842917,0
"2022-02-17",4037,7101704,4081,6184819,162,580559,18271,2953715,357,49028,18628,3002743,26908,19799.71,16869825,0
"2022-02-18",4475,7106179,4783,6189602,190,580749,21533,2975248,448,49476,21981,3024724,31429,20780.29,16901254,0
"2022-02-19",3257,7109436,2180,6191782,65,580814,11176,2986424,217,49693,11393,3036117,16895,20805.86,16918149,0
"2022-02-20",1862,7111298,1446,6193228,59,580873,6575,2992999,114,49807,6689,3042806,10056,21086.29,16928205,0
"2022-02-21",3084,7114382,2695,6195923,95,580968,8349,3001348,228,50035,8577,3051383,14451,20626.86,16942656,0
"2022-02-22",4382,7118764,4251,6200174,175,581143,10832,3012180,249,50284,11081,3062464,19889,20486.86,16962545,0
"2022-02-23",4267,7123031,3790,6203964,145,581288,10665,3022845,239,50523,10904,3073368,19106,19819.14,16981651,0
"2022-02-24",3799,7126830,3657,6207621,108,581396,10187,3033032,227,50750,10414,3083782,17978,18543.43,16999629,0
"2022-02-25",3618,7130448,3621,6211242,134,581530,9978,3043010,236,50986,10214,3093996,17587,16566,17017216,0
"2022-02-26",2838,7133286,2579,6213821,74,581604,9512,3052522,153,51139,9665,3103661,15156,16317.57,17032372,0
"2022-02-27",1774,7135060,1372,6215193,52,581656,6266,3058788,100,51239,6366,3110027,9564,16247.29,17041936,0
"2022-02-28",3803,7138863,3133,6218326,141,581797,13129,3071917,247,51486,13376,3123403,20453,17104.71,17062389,0
"2022-03-01",2137,7141000,2627,6220953,103,581900,5172,3077089,185,51671,5357,3128760,10224,15724,17072613,0
"2022-03-02",1842,7142842,2439,6223392,106,582006,4128,3081217,208,51879,4336,3133096,8723,14240.71,17081336,0
"2022-03-03",1935,7144777,2554,6225946,106,582112,3797,3085014,168,52047,3965,3137061,8560,12895.29,17089896,0
"2022-03-04",2122,7146899,2871,6228817,66,582178,4330,3089344,208,52255,4538,3141599,9597,11753.86,17099493,0
"2022-03-05",1612,7148511,2122,6230939,43,582221,3318,3092662,115,52370,3433,3145032,7210,10618.71,17106703,0
"2022-03-06",799,7149310,879,6231818,30,582251,1622,3094284,55,52425,1677,3146709,3385,9736,17110088,0
"2022-03-07",1669,7150979,1786,6233604,86,582337,3496,3097780,161,52586,3657,3150366,7198,7842.43,17117286,0
"2022-03-08",1550,7152529,1893,6235497,79,582416,3124,3100904,149,52735,3273,3153639,6795,7352.57,17124081,0
"2022-03-09",1269,7153798,1677,6237174,79,582495,2584,3103488,130,52865,2714,3156353,5739,6926.29,17129820,0
"2022-03-10",1420,7155218,2099,6239273,85,582580,2955,3106443,163,53028,3118,3159471,6722,6663.71,17136542,0
"2022-03-11",1602,7156820,2273,6241546,81,582661,3213,3109656,187,53215,3400,3162871,7356,6343.57,17143898,0
"2022-03-12",879,7157699,1414,6242960,40,582701,2003,3111659,77,53292,2080,3164951,4413,5944,17148311,0
"2022-03-13",626,7158325,756,6243716,28,582729,1292,3112951,47,53339,1339,3166290,2749,5853.14,17151060,0
"2022-03-14",1373,7159698,1605,6245321,83,582812,2989,3115940,207,53546,3196,3169486,6257,5718.71,17157317,0
"2022-03-15",1361,7161059,1926,6247247,63,582875,3065,3119005,231,53777,3296,3172782,6646,5697.43,17163963,0
"2022-03-16",1400,7162459,2067,6249314,94,582969,3133,3122138,295,54072,3428,3176210,6989,5876,17170952,0
"2022-03-17",1185,7163644,1807,6251121,70,583039,2758,3124896,266,54338,3024,3179234,6086,5785.14,17177038,0
"2022-03-18",1595,7165239,2216,6253337,80,583119,3769,3128665,415,54753,4184,3183418,8075,5887.86,17185113,0
"2022-03-19",1113,7166352,1734,6255071,54,583173,2597,3131262,227,54980,2824,3186242,5725,6075.29,17190838,0
"2022-03-20",614,7166966,627,6255698,33,583206,1462,3132724,186,55166,1648,3187890,2922,6100,17193760,0
"2022-03-21",1421,7168387,1550,6257248,72,583278,3055,3135779,356,55522,3411,3191301,6454,6128.14,17200214,0
"2022-03-22",1341,7169728,1554,6258802,101,583379,2903,3138682,344,55866,3247,3194548,6243,6070.57,17206457,0
"2022-03-23",1261,7170989,1361,6260163,66,583445,2919,3141601,374,56240,3293,3197841,5981,5926.57,17212438,0
"2022-03-24",1210,7172199,1299,6261462,90,583535,2519,3144120,266,56506,2785,3200626,5384,5826.29,17217822,0
"2022-03-25",1391,7173590,1629,6263091,62,583597,3264,3147384,378,56884,3642,3204268,6724,5633.29,17224546,0
"2022-03-26",928,7174518,1162,6264253,36,583633,2304,3149688,250,57134,2554,3206822,4680,5484,17229226,0
"2022-03-27",574,7175092,528,6264781,29,583662,1312,3151000,204,57338,1516,3208338,2647,5444.71,17231873,0
"2022-03-28",1086,7176178,1165,6265946,69,583731,2438,3153438,365,57703,2803,3211141,5123,5254.57,17236996,0
"2022-03-29",1052,7177230,1105,6267051,85,583816,2514,3155952,880,58583,3394,3214535,5636,5167.86,17242632,0
"2022-03-30",1250,7178480,1141,6268192,98,583914,3065,3159017,3404,61987,6469,3221004,8958,5593.14,17251590,0
"2022-03-31",1289,7179769,1262,6269454,57,583971,3165,3162182,5502,67489,8667,3229671,11275,6434.71,17262865,0
"2022-04-01",1431,7181200,1499,6270953,76,584047,3250,3165432,6899,74388,10149,3239820,13155,7353.43,17276020,0
"2022-04-02",912,7182112,913,6271866,33,584080,2096,3167528,4524,78912,6620,3246440,8478,7896,17284498,0
"2022-04-03",560,7182672,500,6272366,28,584108,1222,3168750,3050,81962,4272,3250712,5360,8283.57,17289858,0
"2022-04-04",1355,7184027,1309,6273675,61,584169,2735,3171485,7694,89656,10429,3261141,13154,9430.86,17303012,0
"2022-04-05",1305,7185332,1164,6274839,66,584235,2856,3174341,7478,97134,10334,3271475,12869,10464.14,17315881,0
"2022-04-06",1344,7186676,1184,6276023,61,584296,2624,3176965,6945,104079,9569,3281044,12158,10921.29,17328039,0
"2022-04-07",1213,7187889,1067,6277090,57,584353,2378,3179343,6602,110681,8980,3290024,11317,10927.29,17339356,0
"2022-04-08",1490,7189379,1404,6278494,62,584415,3173,3182516,8777,119458,11950,3301974,14906,11177.43,17354262,0
"2022-04-09",920,7190299,924,6279418,29,584444,2078,3184594,4940,124398,7018,3308992,8891,11236.43,17363153,0
"2022-04-10",586,7190885,460,6279878,25,584469,1170,3185764,2893,127291,4063,3313055,5134,11204.14,17368287,0
"2022-04-11",1320,7192205,1238,6281116,59,584528,2668,3188432,7791,135082,10459,3323514,13076,11193,17381363,0
"2022-04-12",1217,7193422,1061,6282177,73,584601,2526,3190958,7407,142489,9933,3333447,12284,11109.43,17393647,0
"2022-04-13",1243,7194665,1081,6283258,59,584660,2517,3193475,7532,150021,10049,3343496,12432,11148.57,17406079,0
"2022-04-14",1273,7195938,1101,6284359,59,584719,2442,3195917,6569,156590,9011,3352507,11444,11166.71,17417523,0
"2022-04-15",1347,7197285,1098,6285457,53,584772,2565,3198482,6616,163206,9181,3361688,11679,10705.71,17429202,0
"2022-04-16",865,7198150,654,6286111,33,584805,1642,3200124,3677,166883,5319,3367007,6871,10417.14,17436073,0
"2022-04-17",347,7198497,202,6286313,27,584832,639,3200763,1154,168037,1793,3368800,2369,10022.14,17438442,0
"2022-04-18",1393,7199890,1120,6287433,82,584914,2585,3203348,6408,174445,8993,3377793,11588,9809.57,17450030,0
"2022-04-19",1419,7201309,940,6288373,72,584986,2574,3205922,5737,180182,8311,3386104,10742,9589.29,17460772,0
"2022-04-20",1343,7202652,1151,6289524,65,585051,2690,3208612,6616,186798,9306,3395410,11865,9508.29,17472637,0
"2022-04-21",1229,7203881,1064,6290588,53,585104,2329,3210941,5331,192129,7660,3403070,10006,9302.86,17482643,0
"2022-04-22",1219,7205100,1025,6291613,46,585150,2203,3213144,5634,197763,7837,3410907,10127,9081.14,17492770,0
"2022-04-23",718,7205818,751,6292364,59,585209,1426,3214570,3345,201108,4771,3415678,6299,8999.43,17499069,0
"2022-04-24",442,7206260,338,6292702,27,585236,813,3215383,1810,202918,2623,3418301,3430,9151,17502499,0
"2022-04-25",1032,7207292,917,6293619,64,585300,1853,3217236,5084,208002,6937,3425238,8950,8774.14,17511449,0
"2022-04-26",949,7208241,859,6294478,76,585376,1754,3218990,4685,212687,6439,3431677,8323,8428.57,17519772,0
"2022-04-27",1041,7209282,1027,6295505,80,585456,1929,3220919,5200,217887,7129,3438806,9277,8058.86,17529049,0
"2022-04-28",1091,7210373,990,6296495,50,585506,2006,3222925,4724,222611,6730,3445536,8861,7895.29,17537910,0
"2022-04-29",1191,7211564,1108,6297603,60,585566,2161,3225086,5387,227998,7548,3453084,9907,7863.86,17547817,0
"2022-04-30",730,7212294,741,6298344,43,585609,1394,3226480,2953,230951,4347,3457431,5861,7801.29,17553678,0
"2022-05-01",447,7212741,367,6298711,20,585629,767,3227247,1654,232605,2421,3459852,3255,7776.29,17556933,0
"2022-05-02",1061,7213802,797,6299508,52,585681,1670,3228917,3813,236418,5483,3465335,7393,7553.86,17564326,0
"2022-05-03",1123,7214925,863,6300371,61,585742,1998,3230915,4857,241275,6855,3472190,8902,7636.57,17573228,0
"2022-05-04",1022,7215947,886,6301257,48,585790,1913,3232828,4628,245903,6541,3478731,8497,7525.14,17581725,0
"2022-05-05",1059,7217006,952,6302209,86,585876,1924,3234752,4865,250768,6789,3485520,8886,7528.71,17590611,0
"2022-05-06",1096,7218102,960,6303169,51,585927,1867,3236619,4382,255150,6249,3491769,8356,7307.14,17598967,0
"2022-05-07",662,7218764,591,6303760,32,585959,1204,3237823,2425,257575,3629,3495398,4914,7171.86,17603881,0
"2022-05-08",417,7219181,247,6304007,17,585976,666,3238489,1379,258954,2045,3497443,2726,7096.29,17606607,0
"2022-05-09",1087,7220268,947,6304954,60,586036,1886,3240375,4422,263376,6308,3503751,8402,7240.43,17615009,0
"2022-05-10",1098,7221366,935,6305889,54,586090,1988,3242363,4708,268084,6696,3510447,8783,7223.43,17623792,0
"2022-05-11",1095,7222461,981,6306870,44,586134,1940,3244303,4825,272909,6765,3517212,8885,7278.86,17632677,0
"2022-05-12",1105,7223566,951,6307821,60,586194,2002,3246305,4655,277564,6657,3523869,8773,7262.71,17641450,0
"2022-05-13",1165,7224731,1039,6308860,44,586238,2061,3248366,4782,282346,6843,3530712,9091,7367.71,17650541,0
"2022-05-14",832,7225563,671,6309531,31,586269,1472,3249838,2942,285288,4414,3535126,5948,7515.43,17656489,0
"2022-05-15",512,7226075,357,6309888,21,586290,923,3250761,1645,286933,2568,3537694,3458,7620,17659947,0
"2022-05-16",1234,7227309,862,6310750,62,586352,1826,3252587,3852,290785,5678,3543372,7836,7539.14,17667783,0
"2022-05-17",1299,7228608,928,6311678,79,586431,2052,3254639,4871,295656,6923,3550295,9229,7602.86,17677012,0
"2022-05-18",1251,7229859,901,6312579,82,586513,2064,3256703,4915,300571,6979,3557274,9213,7649.71,17686225,0
"2022-05-19",1172,7231031,883,6313462,35,586548,2118,3258821,4710,305281,6828,3564102,8918,7670.43,17695143,0
"2022-05-20",1205,7232236,960,6314422,74,586622,2366,3261187,5185,310466,7551,3571653,9790,7770.29,17704933,0
"2022-05-21",838,7233074,647,6315069,23,586645,1725,3262912,3287,313753,5012,3576665,6520,7852,17711453,0
"2022-05-22",514,7233588,290,6315359,22,586667,1134,3264046,1838,315591,2972,3579637,3798,7900.57,17715251,0
"2022-05-23",1228,7234816,892,6316251,47,586714,2187,3266233,4692,320283,6879,3586516,9046,8073.43,17724297,0
"2022-05-24",1436,7236252,941,6317192,66,586780,2294,3268527,4465,324748,6759,3593275,9202,8069.57,17733499,0
"2022-05-25",1442,7237694,958,6318150,56,586836,2261,3270788,4236,328984,6497,3599772,8953,8032.43,17742452,0
"2022-05-26",1183,7238877,873,6319023,60,586896,2262,3273050,4127,333111,6389,3606161,8505,7973.43,17750957,0
"2022-05-27",1259,7240136,960,6319983,38,586934,2490,3275540,3891,337002,6381,3612542,8638,7808.86,17759595,0
"2022-05-28",720,7240856,518,6320501,19,586953,1779,3277319,2060,339062,3839,3616381,5096,7605.43,17764691,0
"2022-05-29",476,7241332,218,6320719,11,586964,762,3278081,1116,340178,1878,3618259,2583,7431.86,17767274,0
"2022-05-30",91,7241423,58,6320777,6,586970,139,3278220,144,340322,283,3618542,438,6202.14,17767712,0
"2022-05-31",1142,7242565,917,6321694,51,587021,1881,3280101,3054,343376,4935,3623477,7045,5894,17774757,0
"2022-06-01",1160,7243725,844,6322538,63,587084,1964,3282065,3406,346782,5370,3628847,7437,5677.43,17782194,0
"2022-06-02",1037,7244762,804,6323342,72,587156,1823,3283888,3155,349937,4978,3633825,6891,5446.86,17789085,0
"2022-06-03",1170,7245932,892,6324234,47,587203,2054,3285942,3476,353413,5530,3639355,7639,5304.14,17796724,0
"2022-06-04",728,7246660,582,6324816,26,587229,1547,3287489,1894,355307,3441,3642796,4777,5258.57,17801501,0
"2022-06-05",450,7247110,298,6325114,1,587230,878,3288367,978,356285,1856,3644652,2605,5261.71,17804106,0
"2022-06-06",1127,7248237,826,6325940,64,587294,1752,3290119,2724,359009,4476,3649128,6493,6126.71,17810599,0
"2022-06-07",1030,7249267,768,6326708,70,587364,1766,3291885,2551,361560,4317,3653445,6185,6003.86,17816784,0
"2022-06-08",1096,7250363,835,6327543,75,587439,1867,3293752,2726,364286,4593,3658038,6599,5884.14,17823383,0
"2022-06-09",1145,7251508,840,6328383,61,587500,2213,3295965,2676,366962,4889,3662927,6935,5890.43,17830318,0
"2022-06-10",1055,7252563,819,6329202,75,587575,1880,3297845,2811,369773,4691,3667618,6640,5747.71,17836958,0
"2022-06-11",683,7253246,507,6329709,25,587600,1317,3299162,1502,371275,2819,3670437,4034,5641.57,17840992,0
"2022-06-12",351,7253597,286,6329995,20,587620,880,3300042,767,372042,1647,3672084,2304,5598.57,17843296,0
"2022-06-13",1038,7254635,766,6330761,63,587683,1567,3301609,2173,374215,3740,3675824,5607,5472,17848903,0
"2022-06-14",943,7255578,816,6331577,55,587738,1659,3303268,2487,376702,4146,3679970,5960,5439.86,17854863,0
"2022-06-15",979,7256557,854,6332431,39,587777,1641,3304909,2398,379100,4039,3684009,5911,5341.57,17860774,0
"2022-06-16",942,7257499,777,6333208,59,587836,1808,3306717,2345,381445,4153,3688162,5931,5198.14,17866705,0
"2022-06-17",903,7258402,792,6334000,44,587880,1746,3308463,2385,383830,4131,3692293,5870,5088.14,17872575,0
"2022-06-18",666,7259068,522,6334522,26,587906,1272,3309735,1291,385121,2563,3694856,3777,5051.43,17876352,0
"2022-06-19",353,7259421,236,6334758,16,587922,725,3310460,603,385724,1328,3696184,1933,4998.43,17878285,0
"2022-06-20",838,7260259,489,6335247,41,587963,1560,3312020,1609,387333,3169,3699353,4537,4845.57,17882822,0
"2022-06-21",1137,7261396,728,6335975,50,588013,1673,3313693,2118,389451,3791,3703144,5706,4809.29,17888528,0
"2022-06-22",1968,7263364,817,6336792,46,588059,1682,3315375,1981,391432,3663,3706807,6494,4892.57,17895022,0
"2022-06-23",2112,7265476,750,6337542,64,588123,1689,3317064,2140,393572,3829,3710636,6755,5010.29,17901777,0
"2022-06-24",2170,7267646,757,6338299,48,588171,1617,3318681,2133,395705,3750,3714386,6725,5132.43,17908502,0
"2022-06-25",2139,7269785,487,6338786,15,588186,1231,3319912,1132,396837,2363,3716749,5004,5307.71,17913506,0
"2022-06-26",1214,7270999,247,6339033,14,588200,680,3320592,529,397366,1209,3717958,2684,5415,17916190,0
"2022-06-27",1524,7272523,649,6339682,60,588260,1450,3322042,1603,398969,3053,3721011,5286,5522,17921476,0
"2022-06-28",1690,7274213,830,6340512,50,588310,1843,3323885,2119,401088,3962,3724973,6532,5640,17928008,0
"2022-06-29",1831,7276044,762,6341274,48,588358,1677,3325562,1913,403001,3590,3728563,6231,5602.43,17934239,0
"2022-06-30",1849,7277893,800,6342074,46,588404,1726,3327288,2088,405089,3814,3732377,6509,5567.29,17940748,0
"2022-07-01",1571,7279464,590,6342664,25,588429,1378,3328666,1715,406804,3093,3735470,5279,5360.71,17946027,0
"2022-07-02",969,7280433,378,6343042,16,588445,831,3329497,924,407728,1755,3737225,3118,5091.29,17949145,0
"2022-07-03",529,7280962,205,6343247,5,588450,459,3329956,483,408211,942,3738167,1681,4948,17950826,0
"2022-07-04",35,7280997,26,6343273,1,588451,30,3329986,38,408249,68,3738235,130,4211.43,17950956,0
"2022-07-05",1271,7282268,746,6344019,35,588486,1389,3331375,1727,409976,3116,3741351,5168,4016.57,17956124,0
"2022-07-06",1599,7283867,675,6344694,44,588530,1418,3332793,1810,411786,3228,3744579,5546,3918.71,17961670,0
"2022-07-07",1554,7285421,710,6345404,46,588576,1509,3334302,1977,413763,3486,3748065,5796,3816.86,17967466,0
"2022-07-08",1614,7287035,641,6346045,37,588613,1459,3335761,1956,415719,3415,3751480,5707,3878,17973173,0
"2022-07-09",979,7288014,407,6346452,25,588638,875,3336636,1336,417055,2211,3753691,3622,3950,17976795,0
"2022-07-10",643,7288657,184,6346636,17,588655,425,3337061,657,417712,1082,3754773,1926,3985,17978721,0
"2022-07-11",1373,7290030,627,6347263,49,588704,1419,3338480,2182,419894,3601,3758374,5650,4773.57,17984371,0
"2022-07-12",1390,7291420,682,6347945,45,588749,1382,3339862,2485,422379,3867,3762241,5984,4890.14,17990355,0
"2022-07-13",1589,7293009,717,6348662,35,588784,1475,3341337,2761,425140,4236,3766477,6577,5037.43,17996932,0
"2022-07-14",1554,7294563,830,6349492,47,588831,1576,3342913,3030,428170,4606,3771083,7037,5214.71,18003969,0
"2022-07-15",1585,7296148,915,6350407,44,588875,1544,3344457,3021,431191,4565,3775648,7109,5415,18011078,0
"2022-07-16",876,7297024,572,6350979,9,588884,965,3345422,1677,432868,2642,3778290,4099,5483.14,18015177,0
"2022-07-17",546,7297570,292,6351271,16,588900,528,3345950,1162,434030,1690,3779980,2544,5571.43,18017721,0
"2022-07-18",1374,7298944,834,6352105,43,588943,1409,3347359,2410,436440,3819,3783799,6070,5631.43,18023791,0
"2022-07-19",1421,7300365,965,6353070,50,588993,1525,3348884,2754,439194,4279,3788078,6715,5735.86,18030506,0
"2022-07-20",1361,7301726,1451,6354521,50,589043,1317,3350201,2338,441532,3655,3791733,6517,5727.29,18037023,0
"2022-07-21",1317,7303043,1415,6355936,45,589088,1371,3351572,2325,443857,3696,3795429,6473,5646.71,18043496,0
"2022-07-22",1415,7304458,1537,6357473,35,589123,1530,3353102,2811,446668,4341,3799770,7328,5678,18050824,0
"2022-07-23",900,7305358,1086,6358559,15,589138,987,3354089,1536,448204,2523,3802293,4524,5738.71,18055348,0
"2022-07-24",489,7305847,638,6359197,14,589152,496,3354585,797,449001,1293,3803586,2434,5723,18057782,0
"2022-07-25",1205,7307052,758,6359955,56,589208,1248,3355833,2024,451025,3272,3806858,5291,5611.71,18063073,0
"2022-07-26",1200,7308252,1006,6360961,37,589245,1438,3357271,2377,453402,3815,3810673,6058,5517.86,18069131,0
"2022-07-27",1297,7309549,1251,6362212,40,589285,1366,3358637,2143,455545,3509,3814182,6097,5457.86,18075228,0
"2022-07-28",1279,7310828,1383,6363595,67,589352,1387,3360024,2134,457679,3521,3817703,6250,5426,18081478,120000
"2022-07-29",1293,7312121,1398,6364993,65,589417,1313,3361337,2062,459741,3375,3821078,6131,5255,18087609,120000
"2022-07-30",708,7312829,682,6365675,23,589440,773,3362110,928,460669,1701,3822779,3114,5053.57,18090723,120000
"2022-07-31",403,7313232,573,6366248,12,589452,484,3362594,561,461230,1045,3823824,2033,4996.29,18092756,120000
"2022-08-01",1198,7314430,872,6367120,52,589504,1286,3363880,1442,462672,2728,3826552,4850,4933.29,18097606,120000
"2022-08-02",1173,7315603,964,6368084,61,589565,1272,3365152,1485,464157,2757,3829309,4955,4775.71,18102561,120000
"2022-08-03",463,7316066,488,6368572,8,589573,434,3365586,507,464664,941,3830250,1900,4176.14,18104461,120000
