"DATE","ADMIN_DOSE1_DAILY","ADMIN_DOSE1_CUMULATIVE","ADMIN_DOSE2_DAILY","ADMIN_DOSE2_CUMULATIVE","ADMIN_SINGLE_DAILY","ADMIN_SINGLE_CUMULATIVE","ADMIN_ADDITIONAL1_DAILY","ADMIN_ADDITIONAL1_CUMULATIVE","ADMIN_ADDITIONAL2_DAILY","ADMIN_ADDITIONAL2_CUMULATIVE","ADMIN_ADDITIONAL_DAILY","ADMIN_ADDITIONAL_CUMULATIVE","ADMIN_BIVALENT_ADDITIONAL_DAILY","ADMIN_BIVALENT_ADDITIONAL_CUMULATIVE","ADMIN_ALLDOSES_DAILY","ADMIN_ALLDOSES_7DAYAVG","ADMIN_ALLDOSES_CUMULATIVE","ADMIN_ALLDOSES_PRIMARY","INCOMPLETE"
2020-12-14,79,79,0,0,2,2,0,0,0,0,0,0,0,0,81,,81,81,0
2020-12-15,2052,2131,7,7,5,7,0,0,0,0,0,0,0,0,2064,,2145,2145,0
2020-12-16,4606,6737,15,22,4,11,1,1,0,0,1,1,0,0,4626,,6771,6770,0
2020-12-17,4660,11397,18,40,2,13,1,2,0,0,1,2,0,0,4681,,11452,11450,0
2020-12-18,5835,17232,18,58,2,15,2,4,0,0,2,4,0,0,5857,,17309,17305,0
2020-12-19,1687,18919,8,66,3,18,0,4,0,0,0,4,0,0,1698,,19007,19003,0
2020-12-20,1117,20036,2,68,1,19,0,4,0,0,0,4,0,0,1120,2875.29,20127,20123,0
2020-12-21,6392,26428,20,88,0,19,5,9,0,0,5,9,0,0,6417,3780.43,26544,26535,0
2020-12-22,9767,36195,28,116,2,21,1,10,0,0,1,10,0,0,9798,4885.29,36342,36332,0
2020-12-23,14278,50473,36,152,3,24,0,10,0,0,0,10,0,0,14317,6269.71,50659,50649,0
2020-12-24,7171,57644,27,179,1,25,0,10,0,0,0,10,0,0,7199,6629.43,57858,57848,0
2020-12-25,180,57824,0,179,0,25,1,11,0,0,1,11,0,0,181,5818.57,58039,58028,0
2020-12-26,4394,62218,44,223,0,25,1,12,0,0,1,12,0,0,4439,6210.14,62478,62466,0
2020-12-27,3870,66088,14,237,0,25,1,13,0,0,1,13,0,0,3885,6605.14,66363,66350,0
2020-12-28,10993,77081,51,288,1,26,3,16,0,0,3,16,0,0,11048,7266.71,77411,77395,0
2020-12-29,10714,87795,36,324,2,28,3,19,0,0,3,19,0,0,10755,7403.43,88166,88147,0
2020-12-30,12822,100617,45,369,0,28,0,19,0,0,0,19,0,0,12867,7196.29,101033,101014,0
2020-12-31,7260,107877,36,405,1,29,0,19,0,0,0,19,0,0,7297,7210.29,108330,108311,0
2021-01-01,179,108056,2,407,1,30,3,22,0,0,3,22,0,0,185,7210.86,108515,108493,0
2021-01-02,3809,111865,10,417,3,33,2,24,0,0,2,24,0,0,3824,7123,112339,112315,0
2021-01-03,3542,115407,24,441,2,35,1,25,0,0,1,25,0,0,3569,7077.86,115908,115883,0
2021-01-04,12255,127662,807,1248,2,37,7,32,0,0,7,32,0,0,13071,7366.86,128979,128947,0
2021-01-05,14090,141752,2196,3444,2,39,13,45,1,1,14,46,0,0,16302,8159.29,145281,145235,0
2021-01-06,17796,159548,3929,7373,1,40,31,76,8,9,39,85,0,0,21765,9430.43,167046,166961,0
2021-01-07,16540,176088,5181,12554,4,44,46,122,3,12,49,134,0,0,21774,11498.57,188820,188686,0
2021-01-08,16611,192699,5461,18015,0,44,35,157,4,16,39,173,0,0,22111,14630.86,210931,210758,0
2021-01-09,7648,200347,1466,19481,1,45,7,164,2,18,9,182,0,0,9124,15388,220055,219873,0
2021-01-10,7879,208226,983,20464,0,45,11,175,0,18,11,193,0,0,8873,16145.71,228928,228735,0
2021-01-11,25810,234036,7460,27924,2,47,55,230,8,26,63,256,0,0,33335,19040.57,262263,262007,0
2021-01-12,28245,262281,7863,35787,1,48,47,277,4,30,51,307,0,0,36160,21877.43,298423,298116,0
2021-01-13,31709,293990,9419,45206,1,49,59,336,5,35,64,371,0,0,41193,24652.86,339616,339245,0
2021-01-14,35801,329791,5299,50505,1,50,34,370,7,42,41,412,0,0,41142,27419.71,380758,380346,0
2021-01-15,29247,359038,3716,54221,2,52,32,402,5,47,37,449,0,0,33002,28975.57,413760,413311,0
2021-01-16,30271,389309,2393,56614,0,52,24,426,6,53,30,479,0,0,32694,32342.71,446454,445975,0
2021-01-17,23733,413042,1641,58255,0,52,20,446,1,54,21,500,0,0,25395,34703,471849,471349,0
2021-01-18,27088,440130,2425,60680,0,52,37,483,7,61,44,544,0,0,29558,34163.43,501407,500863,0
2021-01-19,34280,474410,9641,70321,1,53,70,553,6,67,76,620,0,0,43998,35283.14,545405,544785,0
2021-01-20,34857,509267,9500,79821,1,54,61,614,3,70,64,684,0,0,44422,35744.43,589827,589143,0
2021-01-21,25576,534843,8099,87920,2,56,53,667,5,75,58,742,0,0,33735,34686.29,623562,622820,0
2021-01-22,24744,559587,4386,92306,1,57,31,698,7,82,38,780,0,0,29169,34138.71,652731,651951,0
2021-01-23,15741,575328,3226,95532,0,57,10,708,2,84,12,792,0,0,18979,32179.43,671710,670918,0
2021-01-24,7175,582503,3457,98989,0,57,19,727,1,85,20,812,0,0,10652,30073.29,682362,681550,0
2021-01-25,13400,595903,11832,110821,0,57,65,792,13,98,78,890,0,0,25310,29466.43,707672,706782,0
2021-01-26,16752,612655,10761,121582,0,57,69,861,3,101,73,963,0,0,27586,27121.86,735258,734296,0
2021-01-27,20830,633485,12360,133942,0,57,53,914,9,110,62,1025,0,0,33253,25526.29,768511,767487,0
2021-01-28,30749,664234,12856,146798,0,57,82,996,16,126,98,1123,0,0,43706,26950.71,812217,811095,0
2021-01-29,31679,695913,11511,158309,0,57,85,1081,11,137,96,1219,0,0,43286,28967.43,855503,854285,0
2021-01-30,18709,714622,3743,162052,0,57,21,1102,2,139,24,1243,0,0,22476,29467,877979,876738,0
2021-01-31,13008,727630,2928,164980,1,58,29,1131,5,144,34,1277,0,0,15971,30226.86,893950,892675,0
2021-02-01,1180,728810,5400,170380,4,62,37,1168,4,148,41,1318,0,0,6625,27557.57,900575,899259,0
2021-02-02,2821,731631,9447,179827,2,64,50,1218,3,151,53,1371,0,0,12323,25377.14,912898,911529,0
2021-02-03,16344,747975,21236,201063,4,68,215,1433,22,173,237,1608,0,0,37821,26029.71,950719,949113,0
2021-02-04,27039,775014,19646,220709,3,71,210,1643,10,183,220,1828,0,0,46908,26487.14,997627,995801,0
2021-02-05,27580,802594,20031,240740,0,71,190,1833,15,198,206,2034,0,0,47817,27134.43,1045444,1043413,0
2021-02-06,22980,825574,11250,251990,0,71,116,1949,12,210,128,2162,0,0,34358,28831.86,1079802,1077643,0
2021-02-07,12030,837604,8284,260274,1,72,98,2047,14,224,113,2275,0,0,20428,29468.57,1100230,1097959,0
2021-02-08,16945,854549,23520,283794,2,74,240,2287,35,259,276,2551,0,0,40743,34342.57,1140973,1138427,0
2021-02-09,17266,871815,28092,311886,2,76,350,2637,42,301,395,2946,0,0,45755,39118.57,1186728,1183790,0
2021-02-10,19586,891401,29297,341183,2,78,274,2911,52,353,329,3275,0,0,49215,40746.29,1235943,1232679,0
2021-02-11,27832,919233,33465,374648,2,80,349,3260,57,410,407,3682,0,0,61708,42860.57,1297651,1293981,0
2021-02-12,38359,957592,30809,405457,3,83,361,3621,42,452,404,4086,0,0,69575,45968.86,1367226,1363153,0
2021-02-13,27989,985581,25313,430770,2,85,313,3934,57,509,371,4457,0,0,53676,48728.57,1420902,1416459,0
2021-02-14,16262,1001843,23723,454493,0,85,276,4210,34,543,310,4767,0,0,40295,51566.71,1461197,1456444,0
2021-02-15,12795,1014638,10523,465016,2,87,179,4389,24,567,204,4971,0,0,23524,49106.86,1484721,1479765,0
2021-02-16,14234,1028872,26713,491729,0,87,337,4726,40,607,378,5349,0,0,41325,48474,1526046,1520713,0
2021-02-17,16382,1045254,22197,513926,1,88,288,5014,38,645,326,5675,0,0,38906,47001.29,1564952,1559293,0
2021-02-18,12139,1057393,24986,538912,21,109,298,5312,45,690,343,6018,0,0,37489,43541.43,1602441,1596439,0
2021-02-19,13252,1070645,23928,562840,38,147,313,5625,46,736,359,6377,0,0,37577,38970.29,1640018,1633657,0
2021-02-20,11348,1081993,26073,588913,6,153,334,5959,77,813,413,6790,0,0,37841,36708.14,1677859,1671087,0
2021-02-21,6356,1088349,17411,606324,15,168,294,6253,46,859,341,7131,0,0,24123,34397.86,1701982,1694870,0
2021-02-22,13041,1101390,11837,618161,2,170,135,6388,20,879,155,7286,0,0,25035,34613.71,1727017,1719750,0
2021-02-23,25243,1126633,14136,632297,1,171,165,6553,35,914,201,7487,0,0,39582,34364.71,1766599,1759132,0
2021-02-24,36342,1162975,20395,652692,0,171,232,6785,42,956,275,7762,0,0,57012,36951.29,1823611,1815870,0
2021-02-25,54580,1217555,30401,683093,6,177,407,7192,66,1022,474,8236,0,0,85461,43804.43,1909072,1900858,0
2021-02-26,62827,1280382,31881,714974,4,181,417,7609,77,1099,497,8733,0,0,95209,52037.57,2004281,1995573,0
2021-02-27,51272,1331654,22748,737722,47,228,352,7961,53,1152,406,9139,0,0,74473,57270.71,2078754,2069641,0
2021-02-28,44564,1376218,13841,751563,7,235,206,8167,37,1189,243,9382,0,0,58655,62203.86,2137409,2128053,0
2021-03-01,39306,1415524,12784,764347,10,245,170,8337,24,1213,194,9576,0,0,52294,66098,2189703,2180153,0
2021-03-02,47074,1462598,12581,776928,7,252,158,8495,14,1227,172,9748,0,0,59834,68991.14,2249537,2239815,0
2021-03-03,48594,1511192,16154,793082,17,269,152,8647,21,1248,173,9921,0,0,64938,70123.43,2314475,2304580,0
2021-03-04,59805,1570997,22816,815898,1092,1361,275,8922,37,1285,313,10234,0,0,84026,69918.43,2398501,2388294,0
2021-03-05,60959,1631956,24287,840185,3107,4468,339,9261,36,1321,377,10611,0,0,88730,68992.86,2487231,2476649,0
2021-03-06,47154,1679110,18883,859068,5451,9919,246,9507,40,1361,286,10897,0,0,71774,68607.29,2559005,2548137,0
2021-03-07,36030,1715140,14878,873946,6244,16163,240,9747,21,1382,263,11160,0,0,57415,68430.14,2616420,2605291,0
2021-03-08,39612,1754752,14685,888631,8558,24721,318,10065,93,1475,416,11576,0,0,63271,69998.29,2679691,2668151,0
2021-03-09,39087,1793839,12856,901487,7758,32479,185,10250,35,1510,221,11797,0,0,59922,70010.86,2739613,2727853,0
2021-03-10,51816,1845655,15363,916850,5064,37543,228,10478,34,1544,264,12061,0,0,72507,71092.14,2812120,2800098,0
2021-03-11,59968,1905623,21824,938674,4619,42162,256,10734,48,1592,306,12367,0,0,86717,71476.57,2898837,2886511,0
2021-03-12,52184,1957807,30303,968977,4182,46344,387,11121,85,1677,472,12839,0,0,87141,71249.57,2985978,2973180,0
2021-03-13,40637,1998444,26688,995665,5110,51454,331,11452,54,1731,385,13224,0,0,72821,71399.14,3058799,3045616,0
2021-03-14,30704,2029148,15969,1011634,4522,55976,251,11703,29,1760,282,13506,0,0,51478,70551,3110277,3096814,0
2021-03-15,33663,2062811,17259,1028893,4707,60683,242,11945,33,1793,275,13781,0,0,55904,69498.57,3166181,3152443,0
2021-03-16,38661,2101472,20517,1049410,4925,65608,261,12206,39,1832,301,14082,0,0,64404,70138.86,3230585,3216547,0
2021-03-17,42605,2144077,24789,1074199,4244,69852,351,12557,40,1872,392,14474,0,0,72030,70070.71,3302615,3288186,0
2021-03-18,50418,2194495,26806,1101005,5231,75083,385,12942,62,1934,447,14921,0,0,82902,69525.71,3385517,3370641,0
2021-03-19,47770,2242265,29967,1130972,5624,80707,401,13343,73,2007,474,15395,0,0,83836,69053.57,3469353,3454003,0
2021-03-20,38698,2280963,25838,1156810,4684,85391,301,13644,60,2067,362,15757,0,0,69582,68590.86,3538935,3523224,0
2021-03-21,29287,2310250,19359,1176169,769,86160,230,13874,44,2111,275,16032,0,0,49690,68335.43,3588625,3572640,0
2021-03-22,33856,2344106,26741,1202910,4037,90197,268,14142,38,2149,307,16339,0,0,64942,69626.57,3653567,3637276,0
2021-03-23,38418,2382524,32849,1235759,4215,94412,301,14443,53,2202,358,16697,0,0,75840,71260.29,3729407,3712762,0
2021-03-24,41479,2424003,37613,1273372,4843,99255,339,14782,63,2265,405,17102,0,0,84340,73018.86,3813747,3796700,0
2021-03-25,43391,2467394,50784,1324156,5050,104305,491,15273,89,2354,584,17686,0,0,99809,75434.14,3913556,3895929,0
2021-03-26,38489,2505883,55495,1379651,4307,108612,547,15820,102,2456,653,18339,0,0,98944,77592.43,4012500,3994224,0
2021-03-27,35728,2541611,45742,1425393,2938,111550,431,16251,84,2540,516,18855,0,0,84924,79784.14,4097424,4078633,0
2021-03-28,26378,2567989,34453,1459846,1482,113032,342,16593,66,2606,412,19267,0,0,62725,81646.29,4160149,4140950,0
2021-03-29,34806,2602795,38861,1498707,3245,116277,359,16952,112,2718,472,19739,0,0,77384,83423.71,4237533,4217863,0
2021-03-30,40493,2643288,41924,1540631,3713,119990,347,17299,66,2784,414,20153,0,0,86544,84952.86,4324077,4303994,0
2021-03-31,49375,2692663,44875,1585506,7438,127428,416,17715,87,2871,503,20656,0,0,102191,87503,4426268,4405682,0
2021-04-01,50768,2743431,53953,1639459,11275,138703,502,18217,86,2957,592,21248,0,0,116588,89900,4542856,4521682,0
2021-04-02,43749,2787180,53878,1693337,11969,150672,557,18774,70,3027,632,21880,0,0,110228,91512,4653084,4631283,0
2021-04-03,39238,2826418,39216,1732553,9859,160531,343,19117,60,3087,404,22284,0,0,88717,92053.86,4741801,4719597,0
2021-04-04,26550,2852968,24782,1757335,3903,164434,230,19347,50,3137,280,22564,0,0,55515,91023.86,4797316,4774832,0
2021-04-05,41868,2894836,34483,1791818,11196,175630,384,19731,60,3197,445,23009,0,0,87992,92539.29,4885308,4862380,0
2021-04-06,53251,2948087,35615,1827433,13214,188844,442,20173,79,3276,522,23531,0,0,102602,94833.29,4987910,4964461,0
2021-04-07,55481,3003568,40707,1868140,14386,203230,413,20586,82,3358,497,24028,0,0,111071,96101.86,5098981,5075037,0
2021-04-08,59243,3062811,46589,1914729,16337,219567,533,21119,86,3444,620,24648,0,0,122789,96987.71,5221770,5197207,0
2021-04-09,56629,3119440,44957,1959686,17555,237122,533,21652,78,3522,616,25264,0,0,119757,98349,5341527,5316353,0
2021-04-10,49337,3168777,35644,1995330,12719,249841,399,22051,61,3583,464,25728,0,0,98164,99698.57,5439691,5414057,0
2021-04-11,38166,3206943,28826,2024156,7679,257520,296,22347,62,3645,359,26087,0,0,75030,102486.43,5514721,5488729,0
2021-04-12,46624,3253567,31838,2055994,13499,271019,474,22821,69,3714,543,26630,0,0,92504,103131,5607225,5580690,0
2021-04-13,52529,3306096,33796,2089790,369,271388,401,23222,64,3778,466,27096,0,0,87160,100925,5694385,5667385,0
2021-04-14,50121,3356217,39961,2129751,20,271408,369,23591,76,3854,446,27542,0,0,90548,97993.14,5784933,5757488,0
2021-04-15,52100,3408317,43685,2173436,16,271424,460,24051,108,3962,573,28115,0,0,96375,94219.71,5881308,5853295,0
2021-04-16,51176,3459493,42205,2215641,32,271456,442,24493,72,4034,517,28632,0,0,93930,90530.14,5975238,5946711,0
2021-04-17,43828,3503321,35694,2251335,3,271459,372,24865,84,4118,458,29090,0,0,79983,87932.86,6055221,6026238,0
2021-04-18,28598,3531919,29362,2280697,7,271466,264,25129,66,4184,331,29421,0,0,58298,85542.57,6113519,6084206,0
2021-04-19,37452,3569371,36453,2317150,22,271488,332,25461,67,4251,401,29822,0,0,74328,82946,6187847,6158135,0
2021-04-20,40802,3610173,39628,2356778,19,271507,318,25779,81,4332,400,30222,0,0,80849,82044.43,6268696,6238585,0
2021-04-21,38880,3649053,46023,2402801,16,271523,506,26285,97,4429,604,30826,0,0,85523,81326.57,6354219,6323505,0
2021-04-22,38480,3687533,48964,2451765,9,271532,349,26634,77,4506,428,31254,0,0,87882,80113.29,6442101,6410961,0
2021-04-23,39685,3727218,44385,2496150,3,271535,358,26992,74,4580,434,31688,0,0,84507,78767.14,6526608,6495036,0
2021-04-24,31928,3759146,41608,2537758,44,271579,282,27274,63,4643,345,32033,0,0,73925,77901.71,6600533,6568616,0
2021-04-25,18414,3777560,31222,2568980,87,271666,200,27474,60,4703,260,32293,0,0,49983,76713.86,6650516,6618339,0
2021-04-26,26961,3804521,40724,2609704,1012,272678,302,27776,90,4793,397,32690,0,0,69094,75966.14,6719610,6687041,0
2021-04-27,28560,3833081,47135,2656839,1699,274377,366,28142,95,4888,466,33156,0,0,77860,75539.14,6797470,6764440,0
2021-04-28,27016,3860097,56846,2713685,2144,276521,444,28586,100,4988,547,33703,0,0,86554,75686.43,6884024,6850450,0
2021-04-29,28591,3888688,57204,2770889,2149,278670,375,28961,100,5088,477,34180,0,0,88421,75763.43,6972445,6938396,0
2021-04-30,30108,3918796,51989,2822878,2059,280729,291,29252,74,5162,366,34546,0,0,84523,75765.71,7056968,7022554,0
2021-05-01,22472,3941268,44541,2867419,1177,281906,236,29488,65,5227,303,34849,0,0,68493,74989.71,7125461,7090746,0
2021-05-02,11917,3953185,36645,2904064,1081,282987,151,29639,55,5282,208,35057,0,0,49851,74970.86,7175312,7140391,0
2021-05-03,18008,3971193,53028,2957092,2381,285368,263,29902,93,5375,358,35415,0,0,73777,75639.86,7249089,7213812,0
2021-05-04,22731,3993924,56649,3013741,2331,287699,271,30173,115,5490,387,35802,0,0,82098,76245.29,7331187,7295524,0
2021-05-05,21475,4015399,48755,3062496,2313,290012,315,30488,105,5595,421,36223,0,0,72965,74304,7404152,7368069,0
2021-05-06,20672,4036071,50178,3112674,2508,292520,279,30767,90,5685,373,36596,0,0,73731,72205.43,7477883,7441431,0
2021-05-07,21236,4057307,52099,3164773,2812,295332,320,31087,80,5765,401,36997,0,0,76548,71066.14,7554431,7517579,0
2021-05-08,16625,4073932,41864,3206637,1835,297167,235,31322,73,5838,308,37305,0,0,60632,69943.14,7615063,7577903,0
2021-05-09,7968,4081900,29407,3236044,1260,298427,155,31477,56,5894,211,37516,0,0,38846,68371,7653909,7616538,0
2021-05-10,14376,4096276,38528,3274572,2356,300783,247,31724,92,5986,343,37859,0,0,55603,65774.71,7709512,7671802,0
2021-05-11,19898,4116174,43065,3317637,2513,303296,289,32013,88,6074,382,38241,0,0,65858,63454.71,7775370,7737283,0
2021-05-12,17815,4133989,40538,3358175,3595,306891,236,32249,80,6154,316,38557,0,0,62264,61926,7837634,7799231,0
2021-05-13,24960,4158949,40427,3398602,3229,310120,268,32517,79,6233,349,38906,0,0,68965,61245.14,7906599,7867849,0
2021-05-14,27010,4185959,42941,3441543,3536,313656,274,32791,96,6329,372,39278,0,0,73859,60861,7980458,7941338,0
2021-05-15,23639,4209598,34922,3476465,3364,317020,257,33048,76,6405,334,39612,0,0,62259,61093.43,8042717,8003264,0
2021-05-16,15518,4225116,19454,3495919,2496,319516,124,33172,47,6452,172,39784,0,0,37640,60921.14,8080357,8040733,0
2021-05-17,22667,4247783,29143,3525062,3253,322769,185,33357,70,6522,255,40039,0,0,55318,60880.43,8135675,8095796,0
2021-05-18,24619,4272402,31911,3556973,3404,326173,242,33599,78,6600,320,40359,0,0,60254,60079.86,8195929,8155730,0
2021-05-19,24177,4296579,29726,3586699,3041,329214,231,33830,49,6649,281,40640,0,0,57225,59360,8253154,8212675,0
2021-05-20,24138,4320717,30107,3616806,3163,332377,270,34100,88,6737,363,41003,0,0,57771,57760.86,8310925,8270088,0
2021-05-21,24667,4345384,32005,3648811,3057,335434,251,34351,61,6798,315,41318,0,0,60044,55787.29,8370969,8329820,0
2021-05-22,20013,4365397,24370,3673181,2523,337957,167,34518,49,6847,217,41535,0,0,47123,53625,8418092,8376727,0
2021-05-23,11227,4376624,13733,3686914,1411,339368,94,34612,32,6879,128,41663,0,0,26499,52033.43,8444591,8403100,0
2021-05-24,18861,4395485,23162,3710076,2757,342125,221,34833,55,6934,279,41942,0,0,45059,50567.86,8489650,8447883,0
2021-05-25,19423,4414908,23387,3733463,2602,344727,172,35005,59,6993,231,42173,0,0,45643,48480.57,8535293,8493295,0
2021-05-26,18777,4433685,21091,3754554,2697,347424,204,35209,48,7041,254,42427,0,0,42819,46422.57,8578112,8535862,0
2021-05-27,18456,4452141,21283,3775837,2531,349955,183,35392,60,7101,244,42671,0,0,42514,44243,8620626,8578133,0
2021-05-28,17853,4469994,22881,3798718,2751,352706,191,35583,58,7159,250,42921,0,0,43735,41913.14,8664361,8621619,0
2021-05-29,12703,4482697,17817,3816535,1755,354461,105,35688,39,7198,145,43066,0,0,32420,39812.71,8696781,8653895,0
2021-05-30,7024,4489721,8951,3825486,1074,355535,50,35738,17,7215,67,43133,0,0,17116,38472.29,8713897,8670944,0
2021-05-31,4740,4494461,6922,3832408,1012,356547,65,35803,17,7232,82,43215,0,0,12756,33857.57,8726653,8683618,0
2021-06-01,16049,4510510,25189,3857597,2177,358724,157,35960,42,7274,203,43418,0,0,43618,33568.29,8770271,8727037,0
2021-06-02,15351,4525861,20397,3877994,2095,360819,142,36102,48,7322,190,43608,0,0,38033,32884.57,8808304,8764880,0
2021-06-03,14998,4540859,23824,3901818,2280,363099,130,36232,45,7367,177,43785,0,0,41279,32708.14,8849583,8805984,0
2021-06-04,14710,4555569,26005,3927823,2492,365591,148,36380,42,7409,191,43976,0,0,43398,32660,8892981,8849192,0
2021-06-05,10982,4566551,22101,3949924,1806,367397,115,36495,28,7437,144,44120,0,0,35033,33033.29,8928014,8884082,0
2021-06-06,6444,4572995,14486,3964410,1222,368619,88,36583,13,7450,102,44222,0,0,22254,33767.29,8950268,8906235,0
2021-06-07,11695,4584690,21792,3986202,2378,370997,142,36725,37,7487,182,44404,0,0,36047,37094.57,8986315,8942103,0
2021-06-08,12627,4597317,24021,4010223,2071,373068,126,36851,48,7535,175,44579,0,0,38894,36419.71,9025209,8980823,0
2021-06-09,11130,4608447,23028,4033251,2299,375367,138,36989,41,7576,181,44760,0,0,36638,36220.43,9061847,9017282,0
2021-06-10,12055,4620502,22240,4055491,2462,377829,141,37130,60,7636,201,44961,0,0,36958,35603.14,9098805,9054039,0
2021-06-11,12699,4633201,25124,4080615,2483,380312,158,37288,63,7699,222,45183,0,0,40528,35193.14,9139333,9094346,0
2021-06-12,10159,4643360,19318,4099933,1888,382200,95,37383,43,7742,140,45323,0,0,31505,34689.14,9170838,9125713,0
2021-06-13,4254,4647614,10934,4110867,1219,383419,42,37425,22,7764,64,45387,0,0,16471,33863,9187309,9142120,0
2021-06-14,10203,4657817,19238,4130105,2042,385461,131,37556,53,7817,184,45571,0,0,31667,33237.29,9218976,9173603,0
2021-06-15,11880,4669697,21019,4151124,1943,387404,132,37688,41,7858,174,45745,0,0,35016,32683.29,9253992,9208446,0
2021-06-16,11581,4681278,19404,4170528,1956,389360,149,37837,74,7932,223,45968,0,0,33164,32187,9287156,9241387,0
2021-06-17,11019,4692297,18760,4189288,1973,391333,127,37964,35,7967,164,46132,0,0,31916,31466.71,9319072,9273141,0
2021-06-18,12166,4704463,18498,4207786,2115,393448,116,38080,37,8004,154,46286,0,0,32933,30381.71,9352005,9305921,0
2021-06-19,8492,4712955,13517,4221303,1459,394907,88,38168,21,8025,109,46395,0,0,23577,29249.14,9375582,9329389,0
2021-06-20,4334,4717289,7157,4228460,924,395831,37,38205,17,8042,54,46449,0,0,12469,28677.43,9388051,9341804,0
2021-06-21,10154,4727443,10013,4238473,1807,397638,69,38274,28,8070,98,46547,0,0,22072,27306.71,9410123,9363779,0
2021-06-22,9833,4737276,15645,4254118,1589,399227,106,38380,29,8099,135,46682,0,0,27202,26190.43,9437325,9390846,0
2021-06-23,10305,4747581,15189,4269307,1863,401090,102,38482,31,8130,134,46816,0,0,27491,25380,9464816,9418204,0
2021-06-24,9683,4757264,14700,4284007,1798,402888,122,38604,27,8157,151,46967,0,0,26332,24582.29,9491148,9444387,0
2021-06-25,10584,4767848,14387,4298394,1721,404609,116,38720,38,8195,154,47121,0,0,26846,23712.71,9517994,9471079,0
2021-06-26,7798,4775646,10464,4308858,1249,405858,78,38798,24,8219,103,47224,0,0,19614,23146.57,9537608,9490591,0
2021-06-27,4998,4780644,6002,4314860,795,406653,34,38832,14,8233,49,47273,0,0,11844,23057.29,9549452,9502387,0
2021-06-28,9033,4789677,10345,4325205,1526,408179,109,38941,26,8259,136,47409,0,0,21040,22909.86,9570492,9523292,0
2021-06-29,9733,4799410,12330,4337535,1347,409526,125,39066,32,8291,159,47568,0,0,23569,22390.86,9594061,9546704,0
2021-06-30,9428,4808838,10933,4348468,1486,411012,149,39215,17,8308,169,47737,0,0,22016,21608.71,9616077,9568554,0
2021-07-01,9395,4818233,10924,4359392,1434,412446,133,39348,25,8333,160,47897,0,0,21913,20977.43,9637990,9590309,0
2021-07-02,9688,4827921,11457,4370849,1541,413987,119,39467,21,8354,140,48037,0,0,22827,20403.29,9660817,9612996,0
2021-07-03,7055,4834976,8421,4379270,1192,415179,79,39546,17,8371,96,48133,0,0,16764,19996.14,9677581,9629664,0
2021-07-04,1288,4836264,1334,4380604,567,415746,10,39556,3,8374,13,48146,0,0,3202,18761.57,9680783,9632853,0
2021-07-05,6492,4842756,7109,4387713,1207,416953,66,39622,22,8396,88,48234,0,0,14896,17883.86,9695679,9647661,0
2021-07-06,9509,4852265,12852,4400565,1315,418268,117,39739,38,8434,156,48390,0,0,23832,17921.43,9719511,9671338,0
2021-07-07,8664,4860929,11110,4411675,1418,419686,126,39865,20,8454,146,48536,0,0,21338,17824.57,9740849,9692530,0
2021-07-08,8218,4869147,10194,4421869,1259,420945,108,39973,22,8476,132,48668,0,0,19803,17523.14,9760652,9712203,0
2021-07-09,8373,4877520,10832,4432701,1280,422225,90,40063,20,8496,110,48778,0,0,20595,17204.29,9781247,9732688,0
2021-07-10,7101,4884621,8633,4441334,1131,423356,66,40129,20,8516,87,48865,0,0,16952,17231.14,9798199,9749554,0
2021-07-11,4104,4888725,4538,4445872,701,424057,37,40166,6,8522,43,48908,0,0,9386,18114.57,9807585,9758897,0
2021-07-12,8445,4897170,9560,4455432,1251,425308,84,40250,23,8545,107,49015,0,0,19363,18752.71,9826948,9778153,0
2021-07-13,9460,4906630,9393,4464825,952,426260,109,40359,35,8580,146,49161,0,0,19951,18198.29,9846899,9797960,0
2021-07-14,8996,4915626,9534,4474359,1011,427271,106,40465,22,8602,132,49293,0,0,19673,17960.43,9866572,9817505,0
2021-07-15,8794,4924420,9155,4483514,1053,428324,81,40546,20,8622,102,49395,0,0,19104,17860.57,9885676,9836508,0
2021-07-16,9248,4933668,9759,4493273,981,429305,103,40649,29,8651,132,49527,0,0,20120,17792.71,9905796,9856496,0
2021-07-17,6839,4940507,7386,4500659,803,430108,80,40729,20,8671,100,49627,0,0,15128,17532.14,9920924,9871524,0
2021-07-18,4253,4944760,4284,4504943,575,430683,36,40765,14,8685,50,49677,0,0,9162,17500.14,9930086,9880636,0
2021-07-19,9120,4953880,8480,4513423,999,431682,91,40856,22,8707,114,49791,0,0,18713,17407.29,9948799,9899236,0
2021-07-20,10642,4964522,8760,4522183,991,432673,96,40952,25,8732,122,49913,0,0,20515,17487.86,9969314,9919630,0
2021-07-21,10054,4974576,8770,4530953,904,433577,149,41101,33,8765,182,50095,0,0,19910,17521.71,9989224,9939358,0
2021-07-22,10685,4985261,8584,4539537,1046,434623,146,41247,27,8792,174,50269,0,0,20489,17719.57,10009713,9959674,0
2021-07-23,11248,4996509,8883,4548420,1114,435737,138,41385,23,8815,163,50432,0,0,21408,17903.57,10031121,9980921,0
2021-07-24,7398,5003907,6739,4555159,670,436407,82,41467,26,8841,109,50541,0,0,14916,17873.29,10046037,9995729,0
2021-07-25,5472,5009379,2129,4557288,509,436916,58,41525,4,8845,62,50603,0,0,8172,17731.86,10054209,10003839,0
2021-07-26,10868,5020247,7006,4564294,859,437775,111,41636,20,8865,131,50734,0,0,18864,17753.43,10073073,10022572,0
2021-07-27,12065,5032312,8572,4572866,857,438632,136,41772,40,8905,177,50911,0,0,21671,17918.57,10094744,10044067,0
2021-07-28,12011,5044323,8054,4580920,950,439582,134,41906,28,8933,163,51074,0,0,21178,18099.71,10115922,10065083,0
2021-07-29,10930,5055253,7435,4588355,983,440565,134,42040,39,8972,177,51251,0,0,19525,17962,10135447,10084435,0
2021-07-30,14952,5070205,8013,4596368,1151,441716,187,42227,31,9003,220,51471,0,0,24336,18380.29,10159783,10108553,0
2021-07-31,9720,5079925,6320,4602688,815,442531,122,42349,20,9023,143,51614,0,0,16998,18677.71,10176781,10125409,0
2021-08-01,6499,5086424,3313,4606001,564,443095,81,42430,21,9044,102,51716,0,0,10478,19007.14,10187259,10135785,0
2021-08-02,13446,5099870,7153,4613154,846,443941,150,42580,19,9063,169,51885,0,0,21614,19400,10208873,10157230,0
2021-08-03,15406,5115276,8392,4621546,1109,445050,144,42724,39,9102,184,52069,0,0,25091,19888.57,10233964,10182138,0
2021-08-04,17261,5132537,8129,4629675,1454,446504,182,42906,36,9138,218,52287,0,0,27062,20729.14,10261026,10208982,0
2021-08-05,17885,5150422,7932,4637607,1371,447875,159,43065,21,9159,180,52467,0,0,27368,21849.57,10288394,10236170,0
2021-08-06,18177,5168599,8418,4646025,1231,449106,168,43233,32,9191,200,52667,0,0,28026,22376.71,10316420,10263996,0
2021-08-07,13380,5181979,6020,4652045,799,449905,101,43334,28,9219,129,52796,0,0,20328,22852.43,10336748,10284195,0
2021-08-08,9309,5191288,3834,4655879,400,450305,84,43418,10,9229,94,52890,0,0,13637,23303.71,10350385,10297738,0
2021-08-09,21342,5212630,8527,4664406,965,451270,173,43591,34,9263,208,53098,0,0,31042,24650.57,10381427,10328573,0
2021-08-10,18946,5231576,9331,4673737,946,452216,180,43771,33,9296,214,53312,0,0,29437,25271.43,10410864,10357797,0
2021-08-11,15641,5247217,8313,4682050,853,453069,130,43901,45,9341,176,53488,0,0,24983,24974.43,10435847,10382605,0
2021-08-12,15053,5262270,8989,4691039,942,454011,177,44078,35,9376,214,53702,0,0,25198,24664.43,10461045,10407591,0
2021-08-13,14918,5277188,9293,4700332,919,454930,245,44323,38,9414,284,53986,0,0,25415,24291.43,10486460,10432723,0
2021-08-14,10394,5287582,6410,4706742,625,455555,534,44857,41,9455,578,54564,0,0,18007,23959.86,10504467,10450155,0
2021-08-15,6689,5294271,4483,4711225,676,456231,567,45424,32,9487,604,55168,0,0,12452,23790.57,10516919,10462008,0
2021-08-16,15707,5309978,9306,4720531,1150,457381,1328,46752,66,9553,1399,56567,0,0,27562,23293.43,10544481,10488176,0
2021-08-17,17759,5327737,10459,4730990,1229,458610,1774,48526,85,9638,1873,58440,0,0,31320,23562.43,10575801,10517637,0
2021-08-18,17484,5345221,10379,4741369,1260,459870,2000,50526,91,9729,2102,60542,0,0,31225,24454.14,10607026,10546771,0
2021-08-19,16285,5361506,9530,4750899,1315,461185,1960,52486,67,9796,2040,62582,0,0,29170,25021.57,10636196,10573914,0
2021-08-20,16267,5377773,11540,4762439,1253,462438,1867,54353,86,9882,1967,64549,0,0,31027,25823.29,10667223,10602988,0
2021-08-21,11141,5388914,8039,4770478,878,463316,1067,55420,53,9935,1127,65676,0,0,21185,26277.29,10688408,10623053,0
2021-08-22,4077,5392991,3903,4774381,261,463577,518,55938,34,9969,556,66232,0,0,8797,25755.14,10697205,10631298,0
2021-08-23,15575,5408566,11810,4786191,1022,464599,1549,57487,77,10046,1639,67871,0,0,30047,26110.14,10727252,10659719,0
2021-08-24,16911,5425477,12595,4798786,1007,465606,1777,59264,81,10127,1866,69737,0,0,32379,26261.43,10759631,10690240,0
2021-08-25,14565,5440042,12454,4811240,1112,466718,1567,60831,79,10206,1661,71398,0,0,29792,26056.71,10789423,10718386,0
2021-08-26,16142,5456184,14100,4825340,1071,467789,1781,62612,68,10274,1860,73258,0,0,33173,26628.57,10822596,10749710,0
2021-08-27,14874,5471058,14826,4840166,971,468760,1674,64286,75,10349,1757,75015,0,0,32428,26828.71,10855024,10780389,0
2021-08-28,10675,5481733,11523,4851689,835,469595,1018,65304,45,10394,1064,76079,0,0,24097,27244.71,10879121,10803423,0
2021-08-29,7210,5488943,7499,4859188,541,470136,782,66086,58,10452,849,76928,0,0,16099,28287.86,10895220,10818682,0
2021-08-30,15516,5504459,16924,4876112,1076,471212,1795,67881,94,10546,1897,78825,0,0,35413,29054.43,10930633,10852206,0
2021-08-31,15502,5519961,15961,4892073,952,472164,1980,69861,89,10635,2079,80904,0,0,34494,29356.57,10965127,10884631,0
2021-09-01,14827,5534788,14111,4906184,1020,473184,1812,71673,63,10698,1885,82789,0,0,31843,29649.57,10996970,10914599,0
2021-09-02,14311,5549099,12527,4918711,896,474080,1715,73388,64,10762,1795,84584,0,0,29529,29129,11026499,10942349,0
2021-09-03,14999,5564098,14313,4933024,974,475054,1900,75288,72,10834,1978,86562,0,0,32264,29105.57,11058763,10972641,0
2021-09-04,9645,5573743,9405,4942429,688,475742,976,76264,35,10869,1016,87578,0,0,20754,28628,11079517,10992384,0
2021-09-05,6795,5580538,5513,4947942,438,476180,717,76981,17,10886,735,88313,0,0,13481,28254,11092998,11005131,0
2021-09-06,5195,5585733,4511,4952453,358,476538,272,77253,11,10897,286,88599,0,0,10350,24673.57,11103348,11015198,0
2021-09-07,15569,5601302,17700,4970153,912,477450,1560,78813,92,10989,1660,90259,0,0,35841,24866,11139189,11049387,0
2021-09-08,16150,5617452,14829,4984982,1070,478520,1781,80594,84,11073,1877,92136,0,0,33926,25163.57,11173115,11081448,0
2021-09-09,16095,5633547,14757,4999739,1047,479567,1922,82516,75,11148,2008,94144,0,0,33907,25789,11207022,11113358,0
2021-09-10,18354,5651901,15400,5015139,1207,480774,1979,84495,83,11231,2069,96213,0,0,37030,26469.86,11244052,11148326,0
2021-09-11,12630,5664531,10349,5025488,958,481732,1031,85526,49,11280,1086,97299,0,0,25023,27079.71,11269075,11172269,0
2021-09-12,8534,5673065,5052,5030540,765,482497,694,86220,31,11311,726,98025,0,0,15077,27307.71,11284152,11186621,0
2021-09-13,16919,5689984,12966,5043506,976,483473,1661,87881,53,11364,1723,99748,0,0,32584,30484,11316736,11217491,0
2021-09-14,16263,5706247,13677,5057183,885,484358,1601,89482,57,11421,1670,101418,0,0,32495,30006,11349231,11248328,0
2021-09-15,15517,5721764,12890,5070073,727,485085,1577,91059,82,11503,1668,103086,0,0,30802,29559.71,11380033,11277471,0
2021-09-16,15330,5737094,13913,5083986,1210,486295,1469,92528,69,11572,1544,104630,0,0,31997,29286.86,11412030,11307930,0
2021-09-17,14428,5751522,13957,5097943,922,487217,1842,94370,58,11630,1902,106532,0,0,31209,28455.29,11443239,11337239,0
2021-09-18,9990,5761512,10187,5108130,913,488130,1052,95422,42,11672,1098,107630,0,0,22188,28050.29,11465427,11358333,0
2021-09-19,6171,5767683,6076,5114206,558,488688,748,96170,28,11700,781,108411,0,0,13586,27837.29,11479013,11371143,0
2021-09-20,12664,5780347,12634,5126840,1068,489756,1926,98096,61,11761,1996,110407,0,0,28362,27234.14,11507375,11397518,0
2021-09-21,12217,5792564,12774,5139614,1108,490864,2036,100132,78,11839,2129,112536,0,0,28228,26624.57,11535603,11423632,0
2021-09-22,12818,5805382,12004,5151618,1090,491954,1691,101823,69,11908,1766,114302,0,0,27678,26178.29,11563281,11449550,0
2021-09-23,14920,5820302,12767,5164385,1639,493593,2273,104096,74,11982,2354,116656,0,0,31680,26133,11594961,11478883,0
2021-09-24,16459,5836761,13367,5177752,1636,495229,4627,108723,126,12108,4772,121428,0,0,36234,26850.86,11631195,11510364,0
2021-09-25,10524,5847285,9028,5186780,1017,496246,3466,112189,80,12188,3562,124990,0,0,24131,27128.43,11655326,11530949,0
2021-09-26,6290,5853575,5768,5192548,773,497019,2423,114612,61,12249,2495,127485,0,0,15326,27377,11670652,11543791,0
2021-09-27,14134,5867709,8063,5200611,1155,498174,9084,123696,160,12409,9294,136779,0,0,32647,27989.14,11703299,11567194,0
2021-09-28,11108,5878817,11787,5212398,901,499075,9939,133635,180,12589,10154,146933,0,0,33950,28806.57,11737249,11591025,0
2021-09-29,11594,5890411,12194,5224592,1205,500280,9461,143096,171,12760,9666,156599,0,0,34660,29804,11771909,11616053,0
2021-09-30,12212,5902623,12611,5237203,1338,501618,9766,152862,178,12938,9979,166578,0,0,36140,30441.14,11808049,11642249,0
2021-10-01,12623,5915246,13430,5250633,1284,502902,10289,163151,150,13088,10475,177053,0,0,37812,30666.57,11845861,11669622,0
2021-10-02,7720,5922966,9979,5260612,865,503767,4247,167398,80,13168,4351,181404,0,0,22915,30492.86,11868776,11688210,0
2021-10-03,5058,5928024,6158,5266770,593,504360,2623,170021,59,13227,2692,184096,1,1,14502,30375.14,11883278,11700029,0
2021-10-04,9902,5937926,11019,5277789,914,505274,9537,179558,147,13374,9721,193817,0,1,31556,30219.29,11914834,11721901,0
2021-10-05,10136,5948062,11737,5289526,972,506246,9961,189519,178,13552,10181,203998,1,2,33027,30087.43,11947861,11744788,0
2021-10-06,9876,5957938,11050,5300576,937,507183,9948,199467,160,13712,10143,214141,0,2,32006,29708.29,11979867,11766686,0
2021-10-07,9596,5967534,12157,5312733,850,508033,10187,209654,174,13886,10394,224535,0,2,32997,29259.29,12012864,11789322,0
2021-10-08,9430,5976964,12185,5324918,941,508974,10919,220573,166,14052,11124,235659,0,2,33680,28669,12046544,11811917,0
2021-10-09,6232,5983196,8238,5333156,643,509617,4129,224702,89,14141,4234,239893,0,2,19347,28159.29,12065891,11827046,0
2021-10-10,3529,5986725,5030,5338186,458,510075,2440,227142,47,14188,2495,242388,0,2,11512,27732.14,12077403,11836071,0
2021-10-11,7597,5994322,9338,5347524,728,510803,8903,236045,165,14353,9091,251479,0,2,26754,27046.14,12104157,11853757,0
2021-10-12,8055,6002377,10995,5358519,891,511694,10531,246576,184,14537,10756,262235,0,2,30697,26713.29,12134854,11873739,0
2021-10-13,7134,6009511,10147,5368666,869,512563,8812,255388,181,14718,9023,271258,0,2,27173,26022.86,12162027,11891919,0
2021-10-14,7410,6016921,11121,5379787,837,513400,10128,265516,165,14883,10333,281591,0,2,29701,25552,12191728,11911327,0
2021-10-15,7705,6024626,11858,5391645,823,514223,10859,276375,176,15059,11069,292660,0,2,31455,25234.14,12223183,11931747,0
2021-10-16,4858,6029484,7465,5399110,666,514889,3851,280226,66,15125,3929,296589,0,2,16918,24887.14,12240101,11944748,0
2021-10-17,3050,6032534,4473,5403583,411,515300,2457,282683,44,15169,2508,299097,0,2,10442,24734.29,12250543,11952689,0
2021-10-18,7020,6039554,10669,5414252,797,516097,9497,292180,187,15356,9718,308815,0,2,28204,24941.43,12278747,11971209,0
2021-10-19,6554,6046108,8944,5423196,804,516901,9107,301287,174,15530,9321,318136,1,3,25624,24216.71,12304371,11987551,0
2021-10-20,6519,6052627,9370,5432566,975,517876,10002,311289,181,15711,10221,328357,3,6,27087,24204.43,12331458,12004452,0
2021-10-21,7012,6059639,9386,5441952,858,518734,10861,322150,160,15871,11055,339412,1,7,28312,24006,12359770,12021742,0
2021-10-22,8093,6067732,10341,5452293,1026,519760,16369,338519,222,16093,16645,356057,0,7,36105,24670.29,12395875,12041256,0
2021-10-23,5152,6072884,6458,5458751,690,520450,9134,347653,118,16211,9272,365329,0,7,21572,25335.14,12417447,12053576,0
2021-10-24,3252,6076136,3965,5462716,769,521219,6176,353829,79,16290,6279,371608,1,8,14266,25881.43,12431713,12061586,0
2021-10-25,8745,6084881,8745,5471461,1150,522369,19286,373115,300,16590,19655,391263,0,8,38295,27323,12470008,12080295,0
2021-10-26,8158,6093039,7724,5479185,1258,523627,17314,390429,276,16866,17660,408923,0,8,34800,28633.86,12504808,12097505,0
2021-10-27,10510,6103549,8393,5487578,1605,525232,20894,411323,326,17192,21287,430210,0,8,41795,30735,12546603,12118080,0
2021-10-28,11268,6114817,8030,5495608,1794,527026,20896,432219,326,17518,21288,451498,0,8,42380,32744.71,12588983,12139238,0
2021-10-29,11815,6126632,8230,5503838,1968,528994,22575,454794,345,17863,22993,474491,1,9,45008,34016.57,12633991,12161325,0
2021-10-30,4604,6131236,5064,5508902,932,529926,11193,465987,169,18032,11400,485891,0,9,22000,34077.71,12655991,12171963,0
2021-10-31,2646,6133882,2700,5511602,544,530470,6650,472637,105,18137,6778,492669,1,10,12668,33849.43,12668659,12177875,0
2021-11-01,7084,6140966,6955,5518557,1086,531556,20427,493064,333,18470,20816,513485,1,11,35942,33513.29,12704601,12193056,0
2021-11-02,6534,6147500,6586,5525143,1055,532611,20817,513881,279,18749,21170,534655,0,11,35345,33591.14,12739946,12207305,0
2021-11-03,6802,6154302,6682,5531825,1026,533637,20671,534552,314,19063,21060,555715,0,11,35572,32702.14,12775518,12221892,0
2021-11-04,9264,6163566,6278,5538103,994,534631,22413,556965,347,19410,22843,578558,0,11,39379,32273.43,12814897,12238511,0
2021-11-05,11007,6174573,6718,5544821,1051,535682,23805,580770,355,19765,24240,602798,0,11,43016,31988.86,12857913,12257367,0
2021-11-06,11105,6185678,4049,5548870,594,536276,12614,593384,173,19938,12824,615622,0,11,28572,32927.71,12886485,12273152,0
2021-11-07,7231,6192909,2286,5551156,577,536853,7120,600504,98,20036,7233,622855,0,11,17327,33593.29,12903812,12283261,0
2021-11-08,15026,6207935,5676,5556832,863,537716,19542,620046,285,20321,19892,642747,1,12,41458,34381.29,12945270,12304891,0
2021-11-09,16112,6224047,5386,5562218,659,538375,20556,640602,276,20597,20912,663659,0,12,43069,35484.71,12988339,12327128,0
2021-11-10,16877,6240924,5321,5567539,682,539057,22704,663306,292,20889,23064,686723,0,12,45944,36966.43,13034283,12350076,0
2021-11-11,12510,6253434,5180,5572719,760,539817,22142,685448,289,21178,22502,709225,0,12,40952,37191.14,13075235,12368597,0
2021-11-12,16909,6270343,5688,5578407,705,540522,23469,708917,356,21534,23901,733126,1,13,47204,37789.43,13122439,12391975,0
2021-11-13,9905,6280248,3662,5582069,464,540986,13364,722281,183,21717,13590,746716,0,13,27621,37653.57,13150060,12406049,0
2021-11-14,5984,6286232,2286,5584355,324,541310,7953,730234,80,21797,8054,754770,1,14,16649,37556.71,13166709,12414664,0
2021-11-15,13184,6299416,5974,5590329,691,542001,25164,755398,368,22165,25612,780382,0,14,45461,38128.57,13212170,12434593,0
2021-11-16,9902,6309318,5780,5596109,653,542654,30723,786121,439,22604,31239,811621,0,14,47575,38772.29,13259745,12451006,0
2021-11-17,10230,6319548,6667,5602776,681,543335,31505,817626,421,23025,32015,843636,0,14,49593,39293.57,13309338,12468673,0
2021-11-18,10654,6330202,6531,5609307,855,544190,33095,850721,460,23485,33649,877285,0,14,51689,40827.43,13361027,12486807,0
2021-11-19,11920,6342122,6548,5615855,710,544900,36345,887066,464,23949,36899,914184,0,14,56077,42095,13417104,12506075,0
2021-11-20,9272,6351394,3415,5619270,513,545413,22570,909636,259,24208,22881,937065,0,14,36081,43303.57,13453185,12519327,0
2021-11-21,4905,6356299,1886,5621156,288,545701,13244,922880,153,24361,13421,950486,1,15,20501,43853.86,13473686,12526430,0
2021-11-22,10341,6366640,5781,5626937,750,546451,36017,958897,444,24805,36552,987038,0,15,53425,44991.57,13527111,12543394,0
2021-11-23,9713,6376353,4783,5631720,633,547084,33602,992499,377,25182,34052,1021090,0,15,49182,45221.14,13576293,12558597,0
2021-11-24,8627,6384980,4749,5636469,648,547732,25996,1018495,286,25468,26353,1047443,1,16,40378,43904.71,13616671,12572692,0
2021-11-25,447,6385427,328,5636797,80,547812,1003,1019498,9,25477,1012,1048455,0,16,1867,36787.29,13618538,12573547,0
2021-11-26,8011,6393438,6989,5643786,528,548340,26634,1046132,309,25786,26999,1075454,0,16,42527,34851.57,13661065,12589131,0
2021-11-27,6638,6400076,6832,5650618,370,548710,18893,1065025,225,26011,19154,1094608,0,16,32995,34410.71,13694060,12603008,0
2021-11-28,4041,6404117,5789,5656407,281,548991,11933,1076958,123,26134,12075,1106683,0,16,22186,34651.43,13716246,12613138,0
2021-11-29,9025,6413142,11006,5667413,684,549675,35147,1112105,446,26580,35670,1142353,1,17,56386,35074.43,13772632,12633930,0
2021-11-30,10421,6423563,11445,5678858,512,550187,37885,1149990,497,27077,38495,1180848,0,17,60873,36744.57,13833505,12656421,0
2021-12-01,11090,6434653,10984,5689842,724,550911,40463,1190453,439,27516,41002,1221850,0,17,63801,40090.71,13897306,12679320,0
2021-12-02,11577,6446230,11044,5700886,624,551535,42274,1232727,454,27970,42827,1264677,0,17,66072,49262.86,13963378,12702664,0
2021-12-03,13379,6459609,12904,5713790,666,552201,48080,1280807,522,28492,48705,1313382,1,18,75655,53995.43,14039033,12729716,0
2021-12-04,9774,6469383,11293,5725083,564,552765,30757,1311564,308,28800,31119,1344501,0,18,52750,56817.57,14091783,12751401,0
2021-12-05,5708,6475091,5704,5730787,270,553035,16703,1328267,131,28931,16869,1361370,0,18,28551,57726.86,14120334,12763118,0
2021-12-06,12254,6487345,9983,5740770,599,553634,43375,1371642,454,29385,43921,1405291,0,18,66757,59208.43,14187091,12786046,0
2021-12-07,12501,6499846,9258,5750028,623,554257,43167,1414809,512,29897,43765,1449056,0,18,66147,59961.86,14253238,12808514,0
2021-12-08,13443,6513289,8778,5758806,555,554812,40911,1455720,482,30379,41471,1490527,0,18,64247,60025.57,14317485,12831368,0
2021-12-09,13406,6526695,8757,5767563,553,555365,40935,1496655,497,30876,41529,1532056,0,18,64245,59764.57,14381730,12854181,0
2021-12-10,13952,6540647,10153,5777716,668,556033,43781,1540436,506,31382,44378,1576434,0,18,69151,58835.43,14450881,12879045,0
2021-12-11,10210,6550857,8130,5785846,405,556438,26758,1567194,287,31669,27094,1603528,0,18,45840,57848.29,14496721,12897840,0
2021-12-12,5983,6556840,3857,5789703,287,556725,15199,1582393,135,31804,15358,1618886,0,18,25485,57410.29,14522206,12907991,0
2021-12-13,12136,6568976,7431,5797134,655,557380,38009,1620402,401,32205,38494,1657380,0,18,58716,56261.57,14580922,12928297,0
2021-12-14,12167,6581143,6949,5804083,730,558110,38258,1658660,442,32647,38767,1696147,0,18,58613,55185.29,14639535,12948210,0
2021-12-15,12019,6593162,6248,5810331,756,558866,38251,1696911,493,33140,38822,1734969,0,18,57846,54270.86,14697381,12967312,0
2021-12-16,13102,6606264,4269,5814600,738,559604,41227,1738138,466,33606,41766,1776735,0,18,59875,53646.57,14757256,12985494,0
2021-12-17,15866,6622130,6942,5821542,618,560222,46920,1785058,479,34085,47495,1824230,0,18,70921,53899.43,14828177,13009016,0
2021-12-18,12957,6635087,5721,5827263,432,560654,30677,1815735,276,34361,31010,1855240,1,19,50120,54510.86,14878297,13028182,0
2021-12-19,6976,6642063,2994,5830257,326,560980,18049,1833784,174,34535,18255,1873495,0,19,28551,54948.86,14906848,13038510,0
2021-12-20,16758,6658821,5859,5836116,745,561725,47606,1881390,572,35107,48257,1921752,0,19,71619,56792.14,14978467,13061951,0
2021-12-21,17886,6676707,6576,5842692,805,562530,49026,1930416,595,35702,49700,1971452,0,19,74967,59128.43,15053434,13087297,0
2021-12-22,18497,6695204,6554,5849246,938,563468,49825,1980241,536,36238,50439,2021891,1,20,76429,61783.14,15129863,13113364,0
2021-12-23,18962,6714166,6485,5855731,930,564398,45993,2026234,530,36768,46588,2068479,0,20,72965,63653.14,15202828,13139806,0
2021-12-24,9193,6723359,2951,5858682,598,564996,20646,2046880,213,36981,20891,2089370,0,20,33633,58326.29,15236461,13152580,0
2021-12-25,344,6723703,63,5858745,31,565027,427,2047307,8,36989,436,2089806,0,20,874,51291.14,15237335,13153019,0
2021-12-26,7928,6731631,3930,5862675,341,565368,17308,2064615,178,37167,17518,2107324,0,20,29717,51457.71,15267052,13165250,0
2021-12-27,21707,6753338,9203,5871878,932,566300,43544,2108159,559,37726,44176,2151500,0,20,76018,52086.14,15343070,13197165,0
2021-12-28,20070,6773408,8338,5880216,702,567002,47672,2155831,625,38351,48384,2199884,0,20,77494,52447.14,15420564,13226362,0
2021-12-29,18442,6791850,7668,5887884,606,567608,45652,2201483,492,38843,46219,2246103,0,20,72935,51948,15493499,13253153,0
2021-12-30,16835,6808685,7430,5895314,588,568196,44919,2246402,591,39434,45596,2291699,0,20,70449,51588.57,15563948,13278092,0
2021-12-31,5343,6814028,2810,5898124,192,568388,14788,2261190,188,39622,14998,2306697,0,20,23343,50118.57,15587291,13286459,0
2022-01-01,244,6814272,147,5898271,12,568400,502,2261692,22,39644,528,2307225,0,20,931,50126.71,15588222,13286866,0
2022-01-02,6414,6820686,5021,5903292,153,568553,10998,2272690,111,39755,11125,2318350,0,20,22713,49126.14,15610935,13298470,0
2022-01-03,14100,6834786,8509,5911801,515,569068,27012,2299702,344,40099,27400,2345750,1,21,50525,45484.29,15661460,13321638,0
2022-01-04,12785,6847571,8129,5919930,415,569483,27295,2326997,367,40466,27720,2373470,0,21,49049,41420.71,15710509,13343025,0
2022-01-05,11289,6858860,7023,5926953,384,569867,26030,2353027,314,40780,26385,2399855,0,21,45081,37441.57,15755590,13361762,0
2022-01-06,11321,6870181,7396,5934349,485,570352,27664,2380691,352,41132,28068,2427923,0,21,47270,34130.29,15802860,13381016,0
2022-01-07,10128,6880309,8457,5942806,339,570691,25230,2405921,327,41459,25591,2453514,0,21,44516,37155,15847376,13399975,0
2022-01-08,7655,6887964,8590,5951396,311,571002,19630,2425551,185,41644,19832,2473346,0,21,36389,42220.43,15883765,13416549,0
2022-01-09,4110,6892074,3843,5955239,214,571216,10081,2435632,96,41740,10188,2483534,0,21,18355,41597.86,15902120,13424727,0
2022-01-10,10147,6902221,8193,5963432,490,571706,24636,2460268,306,42046,24993,2508527,1,22,43823,40640.43,15945943,13443607,0
2022-01-11,8848,6911069,7992,5971424,521,572227,21060,2481328,294,42340,21398,2529925,0,22,38761,39170.71,15984704,13461014,0
2022-01-12,8903,6919972,8329,5979753,428,572655,22395,2503723,288,42628,22718,2552643,1,23,40379,38499,16025083,13478709,0
2022-01-13,8997,6928969,8867,5988620,451,573106,22941,2526664,323,42951,23299,2575942,0,23,41615,37691.14,16066698,13497060,0
2022-01-14,10071,6939040,8125,5996745,475,573581,26473,2553137,335,43286,26850,2602792,0,23,45521,37834.71,16112219,13515773,0
2022-01-15,6187,6945227,4310,6001055,179,573760,15164,2568301,180,43466,15366,2618158,0,23,26042,36356.57,16138261,13526471,0
2022-01-16,2901,6948128,3247,6004302,95,573855,7839,2576140,86,43552,7934,2626092,0,23,14177,35759.71,16152438,13532723,0
2022-01-17,6038,6954166,6751,6011053,363,574218,14712,2590852,223,43775,14952,2641044,0,23,28104,33514.14,16180542,13545892,0
2022-01-18,8131,6962297,10322,6021375,395,574613,19701,2610553,321,44096,20051,2661095,0,23,38899,33533.86,16219441,13564769,0
2022-01-19,7428,6969725,9255,6030630,303,574916,17739,2628292,280,44376,18051,2679146,0,23,35038,32770.86,16254479,13581788,0
2022-01-20,6240,6975965,8563,6039193,305,575221,15294,2643586,250,44626,15570,2694716,0,23,30678,31208.43,16285157,13596922,0
2022-01-21,7532,6983497,7514,6046707,276,575497,18536,2662122,289,44915,18849,2713565,0,23,34171,29587,16319328,13612268,0
2022-01-22,5173,6988670,4937,6051644,131,575628,11339,2673461,128,45043,11491,2725056,0,23,21732,28971.29,16341060,13622533,0
2022-01-23,2790,6991460,3331,6054975,97,575725,6246,2679707,78,45121,6332,2731388,0,23,12550,28738.86,16353610,13628759,0
2022-01-24,6341,6997801,8206,6063181,262,575987,15091,2694798,243,45364,15362,2746750,0,23,30171,29034.14,16383781,13643596,0
2022-01-25,6156,7003957,7950,6071131,231,576218,14724,2709522,262,45626,15017,2761767,0,23,29354,27670.57,16413135,13657964,0
2022-01-26,5730,7009687,7179,6078310,289,576507,14031,2723553,214,45840,14272,2776039,0,23,27470,26589.43,16440605,13671189,0
2022-01-27,5234,7014921,7094,6085404,320,576827,14105,2737658,236,46076,14381,2790420,0,23,27029,26068.14,16467634,13683877,0
2022-01-28,6228,7021149,7881,6093285,205,577032,16148,2753806,240,46316,16411,2806831,0,23,30725,25575.86,16498359,13698214,0
2022-01-29,838,7021987,729,6094014,28,577060,2540,2756346,40,46356,2583,2809414,0,23,4178,23068.14,16502537,13699812,0
2022-01-30,2079,7024066,3025,6097039,103,577163,4550,2760896,63,46419,4616,2814030,0,23,9823,22678.57,16512360,13705022,0
2022-01-31,4986,7029052,6594,6103633,220,577383,11407,2772303,199,46618,11621,2825651,0,23,23421,21714.29,16535781,13716837,0
2022-02-01,4807,7033859,6450,6110083,220,577603,10730,2783033,222,46840,10970,2836621,0,23,22447,20727.57,16558228,13728332,0
2022-02-02,4251,7038110,5940,6116023,212,577815,11253,2794286,245,47085,11516,2848137,0,23,21919,19934.57,16580147,13738753,0
2022-02-03,4207,7042317,5817,6121840,216,578031,11236,2805522,201,47286,11462,2859599,0,23,21702,19173.57,16601849,13749018,0
2022-02-04,4741,7047058,7118,6128958,214,578245,13240,2818762,239,47525,13503,2873102,0,23,25576,18438,16627425,13761115,0
2022-02-05,3561,7050619,6053,6135011,110,578355,8590,2827352,156,47681,8761,2881863,0,23,18485,20481.86,16645910,13770854,0
2022-02-06,2057,7052676,2138,6137149,120,578475,4644,2831996,104,47785,4752,2886615,0,23,9068,20374,16654978,13775174,0
2022-02-07,4131,7056807,4743,6141892,205,578680,10145,2842141,236,48021,10406,2897021,0,23,19485,19811.71,16674463,13784278,0
2022-02-08,4200,7061007,5611,6147503,214,578894,11343,2853484,309,48330,11677,2908698,0,23,21702,19705.29,16696165,13794328,0
2022-02-09,4115,7065122,5404,6152907,222,579116,11676,2865160,258,48588,11960,2920658,0,23,21701,19674.14,16717866,13804095,0
2022-02-10,3970,7069092,5127,6158034,243,579359,12209,2877369,291,48879,12527,2933185,0,23,21867,19697.71,16739733,13813462,0
2022-02-11,4497,7073589,5812,6163846,195,579554,13744,2891113,325,49204,14100,2947285,0,23,24604,19558.86,16764337,13823997,0
2022-02-12,3245,7076834,4343,6168189,97,579651,8818,2899931,215,49419,9044,2956329,0,23,16729,19308,16781066,13831693,0
2022-02-13,1511,7078345,1543,6169732,41,579692,4888,2904819,113,49532,5006,2961335,0,23,8101,19169.86,16789167,13834793,0
2022-02-14,2972,7081317,3624,6173356,167,579859,10587,2915406,325,49857,10938,2972273,0,23,17701,18915,16806868,13841582,0
2022-02-15,3528,7084845,4078,6177434,174,580033,12800,2928206,286,50143,13102,2985375,0,23,20882,18797.86,16827750,13849378,0
2022-02-16,3629,7088474,3909,6181343,199,580232,15751,2943957,298,50441,16083,3001458,0,23,23820,19100.57,16851570,13857149,0
2022-02-17,4074,7092548,4081,6185424,161,580393,18362,2962319,365,50806,18757,3020215,0,23,27073,19844.29,16878643,13865495,0
2022-02-18,4440,7096988,4788,6190212,191,580584,21559,2983878,459,51265,22040,3042255,0,23,31459,20823.57,16910102,13874936,0
2022-02-19,3242,7100230,2183,6192395,65,580649,11195,2995073,216,51481,11422,3053677,0,23,16912,20849.71,16927014,13880437,0
2022-02-20,1845,7102075,1445,6193840,59,580708,6596,3001669,115,51596,6718,3060395,0,23,10067,21130.57,16937081,13883793,0
2022-02-21,3077,7105152,2694,6196534,95,580803,8356,3010025,235,51831,8604,3068999,0,23,14470,20669,16951551,13889672,0
2022-02-22,4364,7109516,4257,6200791,174,580977,10845,3020870,252,52083,11113,3080112,0,23,19908,20529.86,16971459,13898483,0
2022-02-23,4242,7113758,3797,6204588,145,581122,10676,3031546,244,52327,10936,3091048,0,23,19120,19858.43,16990579,13906683,0
2022-02-24,3781,7117539,3662,6208250,108,581230,10204,3041750,231,52558,10454,3101502,0,23,18005,18563,17008584,13914253,0
2022-02-25,3597,7121136,3635,6211885,135,581365,9990,3051740,245,52803,10248,3111750,0,23,17615,16585.29,17026199,13921633,0
2022-02-26,2821,7123957,2582,6214467,74,581439,9526,3061266,160,52963,9694,3121444,0,23,15171,16336.57,17041370,13927118,0
2022-02-27,1764,7125721,1373,6215840,52,581491,6274,3067540,101,53064,6383,3127827,0,23,9572,16265.86,17050942,13930315,0
2022-02-28,3774,7129495,3137,6218977,140,581631,13152,3080692,252,53316,13427,3141254,0,23,20478,17124.14,17071420,13937389,0
2022-03-01,2120,7131615,2631,6221608,103,581734,5190,3085882,187,53503,5384,3146638,0,23,10238,15742.71,17081658,13942250,0
2022-03-02,1828,7133443,2446,6224054,107,581841,4144,3090026,210,53713,4365,3151003,0,23,8746,14260.71,17090404,13946642,0
2022-03-03,1931,7135374,2560,6226614,106,581947,3804,3093830,171,53884,3988,3154991,0,23,8585,12915,17098989,13951252,0
2022-03-04,2118,7137492,2878,6229492,66,582013,4332,3098162,209,54093,4553,3159544,0,23,9615,11772.14,17108604,13956326,0
2022-03-05,1611,7139103,2123,6231615,43,582056,3317,3101479,119,54212,3439,3162983,0,23,7216,10635.71,17115820,13960106,0
2022-03-06,794,7139897,880,6232495,30,582086,1626,3103105,55,54267,1684,3164667,0,23,3388,9752.29,17119208,13961813,0
2022-03-07,1659,7141556,1789,6234284,87,582173,3505,3106610,162,54429,3681,3168348,0,23,7216,7857.71,17126424,13965362,0
2022-03-08,1548,7143104,1897,6236181,80,582253,3127,3109737,153,54582,3291,3171639,0,23,6816,7368.86,17133240,13968898,0
2022-03-09,1261,7144365,1682,6237863,80,582333,2594,3112331,130,54712,2729,3174368,0,23,5752,6941.14,17138992,13971926,0
2022-03-10,1411,7145776,2098,6239961,85,582418,2971,3115302,164,54876,3144,3177512,0,23,6738,6677.29,17145730,13975529,0
2022-03-11,1592,7147368,2276,6242237,81,582499,3215,3118517,190,55066,3423,3180935,0,23,7372,6356.86,17153102,13979496,0
2022-03-12,876,7148244,1416,6243653,42,582541,2010,3120527,75,55141,2088,3183023,0,23,4422,5957.71,17157524,13981833,0
2022-03-13,625,7148869,756,6244409,28,582569,1293,3121820,47,55188,1343,3184366,0,23,2752,5866.86,17160276,13983245,0
2022-03-14,1363,7150232,1615,6246024,83,582652,2996,3124816,208,55396,3224,3187590,0,23,6285,5733.86,17166561,13986326,0
2022-03-15,1354,7151586,1925,6247949,63,582715,3073,3127889,233,55629,3313,3190903,0,23,6655,5710.86,17173216,13989675,0
2022-03-16,1396,7152982,2062,6250011,94,582809,3147,3131036,295,55924,3458,3194361,0,23,7010,5890.57,17180226,13993243,0
2022-03-17,1192,7154174,1808,6251819,71,582880,2764,3133800,268,56192,3046,3197407,0,23,6117,5801.86,17186343,13996328,0
2022-03-18,1583,7155757,2219,6254038,79,582959,3774,3137574,423,56615,4203,3201610,0,23,8084,5903.57,17194427,14000215,0
2022-03-19,1106,7156863,1735,6255773,54,583013,2606,3140180,228,56843,2839,3204449,0,23,5734,6091,17200161,14003115,0
2022-03-20,606,7157469,630,6256403,33,583046,1469,3141649,186,57029,1659,3206108,0,23,2928,6116.14,17203089,14004388,0
2022-03-21,1416,7158885,1557,6257960,73,583119,3061,3144710,360,57389,3442,3209550,0,23,6488,6145.14,17209577,14007455,0
2022-03-22,1342,7160227,1555,6259515,101,583220,2908,3147618,345,57734,3264,3212814,0,23,6262,6089,17215839,14010464,0
2022-03-23,1258,7161485,1360,6260875,66,583286,2921,3150539,375,58109,3305,3216119,0,23,5989,5943.14,17221828,14013157,0
2022-03-24,1211,7162696,1299,6262174,90,583376,2522,3153061,270,58379,2802,3218921,0,23,5402,5841,17227230,14015767,0
2022-03-25,1379,7164075,1633,6263807,62,583438,3269,3156330,383,58762,3665,3222586,0,23,6739,5648.86,17233969,14018854,0
2022-03-26,924,7164999,1166,6264973,36,583474,2309,3158639,251,59013,2568,3225154,0,23,4694,5500.29,17238663,14020988,0
2022-03-27,574,7165573,527,6265500,29,583503,1315,3159954,202,59215,1519,3226673,0,23,2649,5460.43,17241312,14022120,0
2022-03-28,1079,7166652,1168,6266668,69,583572,2441,3162395,365,59580,2824,3229497,0,23,5140,5267.86,17246452,14024454,0
2022-03-29,1047,7167699,1106,6267774,85,583657,2514,3164909,885,60465,3419,3232916,1,24,5657,5181.43,17252109,14026711,0
2022-03-30,1238,7168937,1138,6268912,99,583756,3064,3167973,3412,63877,6563,3239479,0,24,9038,5617,17261147,14029273,0
2022-03-31,1276,7170213,1249,6270161,57,583813,3163,3171136,5526,69403,8828,3248307,0,24,11411,6475.43,17272558,14031995,0
2022-04-01,1423,7171636,1489,6271650,76,583889,3244,3174380,6920,76323,10321,3258628,0,24,13309,7414,17285867,14035140,0
2022-04-02,907,7172543,908,6272558,33,583922,2087,3176467,4541,80864,6723,3265351,0,24,8571,7967.86,17294438,14037083,0
2022-04-03,554,7173097,493,6273051,28,583950,1220,3177687,3059,83923,4341,3269692,0,24,5416,8363.14,17299854,14038220,0
2022-04-04,1348,7174445,1303,6274354,61,584011,2722,3180409,7718,91641,10594,3280286,0,24,13306,9529.71,17313160,14041086,0
2022-04-05,1294,7175739,1152,6275506,66,584077,2845,3183254,7502,99143,10520,3290806,0,24,13032,10583.29,17326192,14043771,0
2022-04-06,1333,7177072,1174,6276680,61,584138,2624,3185878,6965,106108,9748,3300554,0,24,12316,11051.57,17338508,14046498,0
2022-04-07,1205,7178277,1061,6277741,57,584195,2376,3188254,6626,112734,9148,3309702,0,24,11471,11060.14,17349979,14048967,0
2022-04-08,1478,7179755,1406,6279147,61,584256,3164,3191418,8797,121531,12150,3321852,0,24,15095,11315.29,17365074,14052101,0
2022-04-09,911,7180666,925,6280072,29,584285,2079,3193497,4955,126486,7118,3328970,0,24,8983,11374.14,17374057,14054050,0
2022-04-10,578,7181244,460,6280532,25,584310,1167,3194664,2902,129388,4130,3333100,0,24,5193,11342.29,17379250,14055174,0
2022-04-11,1306,7182550,1226,6281758,61,584371,2655,3197319,7838,137226,10644,3343744,0,24,13237,11332.43,17392487,14057918,0
2022-04-12,1214,7183764,1058,6282816,73,584444,2519,3199838,7448,144674,10137,3353881,0,24,12482,11253.86,17404969,14060433,0
2022-04-13,1231,7184995,1075,6283891,60,584504,2513,3202351,7547,152221,10207,3364088,0,24,12573,11290.57,17417542,14062946,0
2022-04-14,1261,7186256,1094,6284985,59,584563,2443,3204794,6592,158813,9157,3373245,0,24,11571,11304.86,17429113,14065482,0
2022-04-15,1332,7187588,1094,6286079,53,584616,2558,3207352,6634,165447,9319,3382564,0,24,11798,10833.86,17440911,14068088,0
2022-04-16,855,7188443,652,6286731,34,584650,1643,3208995,3689,169136,5400,3387964,0,24,6941,10542.14,17447852,14069697,0
2022-04-17,345,7188788,201,6286932,27,584677,638,3209633,1158,170294,1819,3389783,0,24,2392,10142,17450244,14070293,0
2022-04-18,1383,7190171,1114,6288046,82,584759,2583,3212216,6413,176707,9135,3398918,0,24,11714,9924.43,17461958,14073011,0
2022-04-19,1412,7191583,935,6288981,71,584830,2576,3214792,5759,182466,8437,3407355,0,24,10855,9692,17472813,14075531,0
2022-04-20,1304,7192887,1153,6290134,65,584895,2707,3217499,6646,189112,9490,3416845,0,24,12012,9611.86,17484825,14078190,0
2022-04-21,1225,7194112,1062,6291196,53,584948,2339,3219838,5397,194509,7854,3424699,0,24,10194,9415.14,17495019,14080648,0
2022-04-22,1236,7195348,1040,6292236,46,584994,2241,3222079,5780,200289,8133,3432832,0,24,10456,9223.43,17505475,14083083,0
2022-04-23,710,7196058,749,6292985,59,585053,1429,3223508,3351,203640,4847,3437679,0,24,6365,9141.14,17511840,14084668,0
2022-04-24,440,7196498,336,6293321,27,585080,808,3224316,1820,205460,2659,3440338,0,24,3462,9294,17515302,14085502,0
2022-04-25,1038,7197536,914,6294235,64,585144,1850,3226166,5090,210550,7055,3447393,0,24,9071,8916.43,17524373,14087633,0
2022-04-26,948,7198484,857,6295092,76,585220,1747,3227913,4694,215244,6536,3453929,0,24,8417,8568.14,17532790,14089609,0
2022-04-27,1036,7199520,1023,6296115,80,585300,1925,3229838,5212,220456,7258,3461187,0,24,9397,8194.57,17542187,14091869,0
2022-04-28,1082,7200602,986,6297101,50,585350,2003,3231841,4741,225197,6856,3468043,0,24,8974,8020.29,17551161,14094099,0
2022-04-29,1177,7201779,1097,6298198,60,585410,2156,3233997,5424,230621,7694,3475737,0,24,10028,7959.14,17561189,14096547,0
2022-04-30,724,7202503,743,6298941,50,585460,1390,3235387,2969,233590,4403,3480140,0,24,5920,7895.57,17567109,14098108,0
2022-05-01,446,7202949,366,6299307,20,585480,766,3236153,1656,235246,2453,3482593,0,24,3285,7870.29,17570394,14098971,0
2022-05-02,1047,7203996,792,6300099,52,585532,1675,3237828,3819,239065,5561,3488154,1,25,7453,7639.14,17577847,14100929,0
2022-05-03,1118,7205114,863,6300962,61,585593,1994,3239822,4872,243937,6961,3495115,0,25,9003,7722.86,17586850,14103066,0
2022-05-04,1009,7206123,883,6301845,48,585641,1924,3241746,4676,248613,6690,3501805,0,25,8630,7613.29,17595480,14105096,0
2022-05-05,1072,7207195,954,6302799,86,585727,1928,3243674,4882,253495,6909,3508714,0,25,9021,7620,17604501,14107307,0
2022-05-06,1094,7208289,955,6303754,51,585778,1860,3245534,4403,257898,6340,3515054,1,26,8440,7393.14,17612941,14109483,0
2022-05-07,661,7208950,590,6304344,32,585810,1202,3246736,2433,260331,3674,3518728,0,26,4957,7255.57,17617898,14110805,0
2022-05-08,411,7209361,243,6304587,17,585827,666,3247402,1388,261719,2076,3520804,0,26,2747,7178.71,17620645,14111498,0
2022-05-09,1077,7210438,943,6305530,60,585887,1894,3249296,4430,266149,6414,3527218,0,26,8494,7327.43,17629139,14113668,0
2022-05-10,1096,7211534,929,6306459,54,585941,1982,3251278,4718,270867,6805,3534023,0,26,8884,7310.43,17638023,14115852,0
2022-05-11,1086,7212620,972,6307431,44,585985,1942,3253220,4843,275710,6884,3540907,0,26,8986,7361.29,17647009,14118053,0
2022-05-12,1103,7213723,949,6308380,60,586045,2000,3255220,4666,280376,6763,3547670,0,26,8875,7340.43,17655884,14120262,0
2022-05-13,1156,7214879,1041,6309421,44,586089,2068,3257288,4803,285179,6961,3554631,0,26,9202,7449.29,17665086,14122593,0
2022-05-14,825,7215704,669,6310090,31,586120,1466,3258754,2954,288133,4462,3559093,0,26,5987,7596.43,17671073,14124160,0
2022-05-15,508,7216212,357,6310447,22,586142,924,3259678,1646,289779,2598,3561691,0,26,3485,7701.86,17674558,14125075,0
2022-05-16,1227,7217439,854,6311301,62,586204,1830,3261508,3866,293645,5759,3567450,1,27,7903,7617.43,17682461,14127281,0
2022-05-17,1288,7218727,931,6312232,79,586283,2043,3263551,4897,298542,7034,3574484,0,27,9332,7681.43,17691793,14129673,0
2022-05-18,1238,7219965,901,6313133,82,586365,2063,3265614,4940,303482,7114,3581598,1,28,9336,7731.43,17701129,14132005,0
2022-05-19,1160,7221125,881,6314014,36,586401,2116,3267730,4729,308211,6931,3588529,0,28,9008,7750.43,17710137,14134168,0
2022-05-20,1196,7222321,962,6314976,73,586474,2369,3270099,5205,313416,7687,3596216,0,28,9920,7853,17720057,14136514,0
2022-05-21,833,7223154,647,6315623,23,586497,1718,3271817,3305,316721,5084,3601300,0,28,6588,7938.86,17726645,14138079,0
2022-05-22,508,7223662,292,6315915,22,586519,1134,3272951,1840,318561,3008,3604308,0,28,3830,7988.14,17730475,14138935,0
2022-05-23,1221,7224883,885,6316800,52,586571,2185,3275136,4710,323271,6994,3611302,1,29,9153,8166.71,17739628,14141192,0
2022-05-24,1406,7226289,937,6317737,66,586637,2299,3277435,4493,327764,6893,3618195,0,29,9303,8162.57,17748931,14143703,0
2022-05-25,1416,7227705,954,6318691,56,586693,2258,3279693,4271,332035,6630,3624825,0,29,9057,8122.71,17757988,14146231,0
2022-05-26,1173,7228878,889,6319580,60,586753,2265,3281958,4152,336187,6486,3631311,1,30,8610,8065.86,17766598,14148423,0
2022-05-27,1242,7230120,959,6320539,38,586791,2498,3284456,3919,340106,6493,3637804,0,30,8733,7896.29,17775331,14150739,0
2022-05-28,712,7230832,517,6321056,19,586810,1783,3286239,2064,342170,3887,3641691,0,30,5135,7688.71,17780466,14152027,0
2022-05-29,473,7231305,216,6321272,11,586821,760,3286999,1126,343296,1905,3643596,0,30,2605,7513.71,17783071,14152746,0
2022-05-30,91,7231396,61,6321333,6,586827,139,3287138,144,343440,285,3643881,1,31,444,6269.57,17783515,14152906,0
2022-05-31,1138,7232534,919,6322252,51,586878,1895,3289033,3052,346492,5006,3648887,0,31,7114,5956.86,17790629,14155073,0
2022-06-01,1153,7233687,853,6323105,63,586941,1967,3291000,3429,349921,5469,3654356,0,31,7538,5739.86,17798167,14157215,0
2022-06-02,1033,7234720,799,6323904,72,587013,1823,3292823,3172,353093,5056,3659412,0,31,6960,5504.14,17805127,14159180,0
2022-06-03,1161,7235881,893,6324797,47,587060,2067,3294890,3497,356590,5631,3665043,0,31,7732,5361.14,17812859,14161348,0
2022-06-04,724,7236605,582,6325379,26,587086,1555,3296445,1906,358496,3496,3668539,0,31,4830,5317.57,17817689,14162717,0
2022-06-05,449,7237054,297,6325676,1,587087,880,3297325,981,359477,1870,3670409,0,31,2617,5319.29,17820306,14163473,0
2022-06-06,1125,7238179,827,6326503,64,587151,1753,3299078,2744,362221,4547,3674956,0,31,6563,6193.43,17826869,14165539,0
2022-06-07,1025,7239204,769,6327272,70,587221,1789,3300867,2563,364784,4400,3679356,0,31,6264,6072,17833133,14167451,0
2022-06-08,1094,7240298,835,6328107,75,587296,1877,3302744,2750,367534,4689,3684045,0,31,6694,5951.43,17839827,14169518,0
2022-06-09,1140,7241438,840,6328947,62,587358,2226,3304970,2693,370227,4971,3689016,0,31,7013,5959,17846840,14171612,0
2022-06-10,1048,7242486,818,6329765,75,587433,1878,3306848,2831,373058,4764,3693780,0,31,6705,5812.29,17853545,14173608,0
2022-06-11,679,7243165,508,6330273,25,587458,1326,3308174,1504,374562,2856,3696636,0,31,4068,5703.43,17857613,14174846,0
2022-06-12,351,7243516,287,6330560,21,587479,877,3309051,773,375335,1660,3698296,0,31,2319,5660.86,17859932,14175515,0
2022-06-13,1029,7244545,768,6331328,63,587542,1576,3310627,2186,377521,3802,3702098,0,31,5663,5532.29,17865595,14177416,0
2022-06-14,967,7245512,833,6332161,64,587606,1688,3312315,2506,380027,4254,3706352,0,31,6118,5511.43,17871713,14179340,0
2022-06-15,969,7246481,864,6333025,39,587645,1667,3313982,2423,382450,4148,3710500,0,31,6020,5415.14,17877733,14181270,0
2022-06-16,961,7247442,775,6333800,59,587704,1831,3315813,2369,384819,4253,3714753,1,32,6048,5277.29,17883781,14183117,0
2022-06-17,901,7248343,799,6334599,48,587752,1770,3317583,2398,387217,4212,3718965,0,32,5961,5171,17889742,14184910,0
2022-06-18,658,7249001,520,6335119,26,587778,1281,3318864,1297,388514,2606,3721571,1,33,3810,5134.14,17893552,14186141,0
2022-06-19,346,7249347,235,6335354,16,587794,727,3319591,608,389122,1347,3722918,0,33,1944,5080.57,17895496,14186750,0
2022-06-20,834,7250181,488,6335842,41,587835,1572,3321163,1614,390736,3224,3726142,0,33,4587,4926.86,17900083,14188151,0
2022-06-21,1135,7251316,740,6336582,50,587885,1698,3322861,2142,392878,3897,3730039,0,33,5823,4884.71,17905906,14190134,0
2022-06-22,1964,7253280,834,6337416,46,587931,1705,3324566,1993,394871,3741,3733780,0,33,6585,4965.43,17912491,14193021,0
2022-06-23,2121,7255401,763,6338179,65,587996,1698,3326264,2153,397024,3901,3737681,0,33,6851,5080.14,17919342,14196021,0
2022-06-24,2172,7257573,758,6338937,48,588044,1623,3327887,2158,399182,3829,3741510,0,33,6807,5201,17926149,14199047,0
2022-06-25,2139,7259712,497,6339434,15,588059,1234,3329121,1142,400324,2389,3743899,0,33,5044,5377.29,17931193,14201715,0
2022-06-26,1211,7260923,248,6339682,14,588073,686,3329807,531,400855,1223,3745122,0,33,2696,5484.71,17933889,14203194,0
2022-06-27,1532,7262455,654,6340336,60,588133,1463,3331270,1655,402510,3158,3748280,0,33,5404,5601.43,17939293,14205480,0
2022-06-28,1692,7264147,831,6341167,57,588190,1858,3333128,2143,404653,4046,3752326,0,33,6626,5716.14,17945919,14208105,0
2022-06-29,1857,7266004,777,6341944,48,588238,1717,3334845,1928,406581,3684,3756010,0,33,6366,5684.86,17952285,14210826,0
2022-06-30,1868,7267872,807,6342751,46,588284,1731,3336576,2133,408714,3908,3759918,0,33,6629,5653.14,17958914,14213591,0
2022-07-01,1602,7269474,598,6343349,26,588310,1394,3337970,1726,410440,3153,3763071,0,33,5379,5449.14,17964293,14215850,0
2022-07-02,978,7270452,389,6343738,18,588328,836,3338806,941,411381,1794,3764865,0,33,3179,5182.71,17967472,14217252,0
2022-07-03,530,7270982,205,6343943,7,588335,459,3339265,486,411867,948,3765813,0,33,1690,5039,17969162,14217997,0
2022-07-04,36,7271018,25,6343968,1,588336,31,3339296,38,411905,69,3765882,0,33,131,4285.71,17969293,14218059,0
2022-07-05,1296,7272314,758,6344726,35,588371,1405,3340701,1738,413643,3174,3769056,0,33,5263,4091,17974556,14220179,0
2022-07-06,1609,7273923,679,6345405,44,588415,1445,3342146,1841,415484,3325,3772381,0,33,5657,3989.71,17980213,14222550,0
2022-07-07,1592,7275515,713,6346118,48,588463,1528,3343674,2003,417487,3568,3775949,0,33,5921,3888.57,17986134,14224940,0
2022-07-08,1632,7277147,650,6346768,37,588500,1475,3345149,1976,419463,3500,3779449,0,33,5821,3951.71,17991955,14227310,0
2022-07-09,983,7278130,428,6347196,26,588526,878,3346027,1347,420810,2256,3781705,0,33,3693,4025.14,17995648,14228778,0
2022-07-10,638,7278768,187,6347383,17,588543,429,3346456,658,421468,1097,3782802,0,33,1939,4060.71,17997587,14229630,0
2022-07-11,1396,7280164,635,6348018,49,588592,1438,3347894,2213,423681,3685,3786487,0,33,5765,4865.57,18003352,14231744,0
2022-07-12,1404,7281568,687,6348705,45,588637,1399,3349293,2514,426195,3985,3790472,0,33,6121,4988.14,18009473,14233952,0
2022-07-13,1620,7283188,725,6349430,37,588674,1523,3350816,2831,429026,4418,3794890,0,33,6800,5151.43,18016273,14236398,0
2022-07-14,1588,7284776,842,6350272,47,588721,1603,3352419,3059,432085,4734,3799624,0,33,7212,5335.86,18023485,14238948,0
2022-07-15,1615,7286391,938,6351210,47,588768,1570,3353989,3049,435134,4679,3804303,0,33,7279,5544.14,18030764,14241608,0
2022-07-16,883,7287274,585,6351795,9,588777,981,3354970,1696,436830,2707,3807010,0,33,4184,5614.29,18034948,14243115,0
2022-07-17,550,7287824,290,6352085,16,588793,527,3355497,1168,437998,1719,3808729,0,33,2575,5705.14,18037523,14243995,0
2022-07-18,1407,7289231,842,6352927,45,588838,1431,3356928,2463,440461,3950,3812679,0,33,6244,5773.57,18043767,14246345,0
2022-07-19,1443,7290674,977,6353904,51,588889,1534,3358462,2800,443261,4427,3817106,0,33,6898,5884.57,18050665,14248909,0
2022-07-20,1380,7292054,1484,6355388,50,588939,1352,3359814,2393,445654,3805,3820911,0,33,6720,5873.14,18057385,14251884,0
2022-07-21,1334,7293388,1434,6356822,50,588989,1394,3361208,2363,448017,3804,3824715,0,33,6622,5788.86,18064007,14254749,0
2022-07-22,1428,7294816,1569,6358391,41,589030,1562,3362770,2852,450869,4495,3829210,0,33,7533,5825.14,18071540,14257868,0
2022-07-23,903,7295719,1099,6359490,17,589047,995,3363765,1555,452424,2584,3831794,3,36,4606,5885.43,18076146,14259921,0
2022-07-24,485,7296204,642,6360132,14,589061,503,3364268,804,453228,1315,3833109,0,36,2457,5868.57,18078603,14261071,0
2022-07-25,1228,7297432,766,6360898,59,589120,1262,3365530,2060,455288,3376,3836485,0,36,5429,5752.14,18084032,14263178,0
2022-07-26,1232,7298664,1021,6361919,41,589161,1471,3367001,2441,457729,3970,3840455,0,36,6265,5661.71,18090297,14265531,0
2022-07-27,1319,7299983,1275,6363194,42,589203,1387,3368388,2192,459921,3638,3844093,2,38,6278,5598.57,18096575,14268228,0
2022-07-28,1311,7301294,1422,6364616,71,589274,1424,3369812,2216,462137,3690,3847783,1,39,6495,5580.43,18103070,14271082,0
2022-07-29,1317,7302611,1430,6366046,64,589338,1359,3371171,2153,464290,3557,3851340,0,39,6369,5414.14,18109439,14273939,0
2022-07-30,741,7303352,715,6366761,25,589363,791,3371962,960,465250,1771,3853111,0,39,3255,5221.14,18112694,14275443,0
2022-07-31,422,7303774,589,6367350,14,589377,488,3372450,571,465821,1065,3854176,0,39,2090,5168.71,18114784,14276474,0
2022-08-01,1241,7305015,911,6368261,55,589432,1330,3373780,1506,467327,2881,3857057,1,40,5089,5120.14,18119873,14278726,0
2022-08-02,1229,7306244,1013,6369274,73,589505,1347,3375127,1598,468925,2990,3860047,0,40,5305,4983,18125178,14281086,0
2022-08-03,1265,7307509,1190,6370464,41,589546,1340,3376467,1529,470454,2908,3862955,0,40,5404,4858.14,18130582,14283621,0
2022-08-04,1192,7308701,1187,6371651,57,589603,1286,3377753,1457,471911,2772,3865727,0,40,5208,4674.29,18135790,14286086,0
2022-08-05,1318,7310019,1450,6373101,49,589652,1309,3379062,1441,473352,2774,3868501,0,40,5591,4563.14,18141381,14288927,0
2022-08-06,695,7310714,843,6373944,14,589666,762,3379824,777,474129,1564,3870065,0,40,3117,4543.43,18144498,14290505,0
2022-08-07,391,7311105,457,6374401,14,589680,424,3380248,359,474488,793,3870858,0,40,1655,4481.29,18146153,14291377,0
2022-08-08,1194,7312299,933,6375334,70,589750,1272,3381520,1178,475666,2480,3873338,0,40,4677,4422.43,18150830,14293604,0
2022-08-09,1134,7313433,893,6376227,38,589788,1228,3382748,1159,476825,2419,3875757,0,40,4484,4305.14,18155314,14295701,0
2022-08-10,1223,7314656,1110,6377337,59,589847,1257,3384005,1247,478072,2538,3878295,0,40,4930,4237.43,18160244,14298127,0
2022-08-11,1281,7315937,1069,6378406,84,589931,1211,3385216,1279,479351,2529,3880824,0,40,4963,4202.43,18165207,14300600,0
2022-08-12,1301,7317238,1407,6379813,55,589986,1267,3386483,1249,480600,2546,3883370,0,40,5309,4162.14,18170516,14303393,0
2022-08-13,758,7317996,786,6380599,15,590001,762,3387245,630,481230,1411,3884781,0,40,2970,4141.14,18173486,14304971,0
2022-08-14,473,7318469,478,6381077,20,590021,405,3387650,281,481511,689,3885470,0,40,1660,4141.86,18175146,14305945,0
2022-08-15,1246,7319715,1061,6382138,60,590081,1317,3388967,989,482500,2346,3887816,1,41,4714,4147.14,18179860,14308352,0
2022-08-16,1310,7321025,869,6383007,50,590131,1364,3390331,1075,483575,2471,3890287,0,41,4700,4178,18184560,14310613,0
2022-08-17,1214,7322239,957,6383964,39,590170,1235,3391566,1006,484581,2279,3892566,0,41,4489,4115,18189049,14312861,0
2022-08-18,1168,7323407,945,6384909,45,590215,1268,3392834,946,485527,2239,3894805,0,41,4397,4034.14,18193446,14315044,0
2022-08-19,1255,7324662,1130,6386039,34,590249,1115,3393949,979,486506,2124,3896929,6,47,4549,3925.57,18197995,14317493,0
2022-08-20,586,7325248,493,6386532,16,590265,630,3394579,504,487010,1147,3898076,0,47,2242,3821.57,18200237,14318601,0
2022-08-21,358,7325606,243,6386775,9,590274,382,3394961,267,487277,652,3898728,0,47,1262,3764.71,18201499,14319214,0
2022-08-22,1219,7326825,920,6387695,40,590314,1232,3396193,886,488163,2146,3900874,0,47,4325,3709.14,18205824,14321421,0
2022-08-23,1240,7328065,1049,6388744,48,590362,1377,3397570,961,489124,2367,3903241,3,50,4707,3710.14,18210531,14323787,0
2022-08-24,1267,7329332,1014,6389758,29,590391,1291,3398861,822,489946,2138,3905379,0,50,4449,3704.43,18214980,14326123,0
2022-08-25,1221,7330553,994,6390752,66,590457,1184,3400045,812,490758,2012,3907391,4,54,4296,3690,18219276,14328419,0
2022-08-26,1187,7331740,1179,6391931,53,590510,1192,3401237,778,491536,1991,3909382,1,55,4410,3670.14,18223686,14330858,0
2022-08-27,697,7332437,541,6392472,14,590524,671,3401908,404,491940,1088,3910470,2,57,2342,3684.43,18226028,14332123,0
2022-08-28,381,7332818,237,6392709,10,590534,443,3402351,227,492167,673,3911143,0,57,1301,3690,18227329,14332754,0
2022-08-29,1255,7334073,975,6393684,41,590575,1218,3403569,682,492849,1921,3913064,0,57,4193,3671.14,18231522,14335047,0
2022-08-30,1270,7335343,940,6394624,36,590611,1267,3404836,765,493614,2063,3915127,2,59,4311,3614.57,18235833,14337324,0
2022-08-31,1154,7336497,1011,6395635,43,590654,1103,3405939,571,494185,1695,3916822,0,59,3904,3536.71,18239737,14339554,0
2022-09-01,1025,7337522,960,6396595,51,590705,804,3406743,454,494639,1272,3918094,5,64,3314,3396.43,18243051,14341605,0
2022-09-02,977,7338499,1018,6397613,29,590734,591,3407334,175,494814,773,3918867,92,156,2874,3177,18245925,14343621,0
2022-09-03,530,7339029,445,6398058,12,590746,367,3407701,50,494864,421,3919288,312,468,1672,3081.29,18247597,14344564,0
2022-09-04,252,7339281,212,6398270,10,590756,188,3407889,25,494889,215,3919503,312,780,958,3032.29,18248555,14344997,0
2022-09-05,78,7339359,71,6398341,7,590763,44,3407933,16,494905,61,3919564,9,789,226,2465.57,18248781,14345154,0
2022-09-06,1122,7340481,1227,6399568,50,590813,629,3408562,130,495035,768,3920332,1269,2058,4215,2451.86,18252996,14347341,0
2022-09-07,1478,7341959,1381,6400949,38,590851,479,3409041,148,495183,646,3920978,6445,8503,9103,3194.57,18262099,14349372,0
2022-09-08,1528,7343487,1198,6402147,36,590887,251,3409292,111,495294,378,3921356,7796,16299,9809,4122.43,18271908,14351023,0
2022-09-09,1541,7345028,1603,6403750,48,590935,280,3409572,122,495416,433,3921789,9770,26069,12245,5461.14,18284153,14353096,0
2022-09-10,846,7345874,839,6404589,12,590947,263,3409835,44,495460,321,3922110,5315,31384,6745,6185.86,18290898,14354219,0
2022-09-11,496,7346370,443,6405032,11,590958,86,3409921,30,495490,125,3922235,3941,35325,4529,6696,18295427,14354691,0
2022-09-12,1683,7348053,1443,6406475,39,590997,205,3410126,90,495580,329,3922564,11657,46982,13540,8598,18308967,14356279,0
2022-09-13,1405,7349458,1272,6407747,32,591029,218,3410344,115,495695,382,3922946,9725,56707,11724,9670.71,18320691,14357945,0
2022-09-14,1414,7350872,1273,6409020,31,591060,224,3410568,123,495818,386,3923332,11002,67709,13045,10233.86,18333736,14359641,0
2022-09-15,1567,7352439,1281,6410301,22,591082,224,3410792,112,495930,371,3923703,12064,79773,14082,10844.29,18347818,14361323,0
2022-09-16,1692,7354131,1637,6411938,27,591109,266,3411058,154,496084,475,3924178,13782,93555,16234,11414.14,18364052,14363355,0
2022-09-17,804,7354935,869,6412807,12,591121,272,3411330,77,496161,372,3924550,6993,100548,8402,11650.86,18372454,14364415,0
2022-09-18,522,7355457,413,6413220,7,591128,74,3411404,26,496187,113,3924663,4480,105028,4972,11714.14,18377426,14364807,0
2022-09-19,1564,7357021,1324,6414544,29,591157,225,3411629,95,496282,346,3925009,13806,118834,15506,11995,18392932,14366187,0
2022-09-20,1441,7358462,1253,6415797,27,591184,218,3411847,90,496372,356,3925365,13176,132010,14971,12458.86,18407903,14367674,0
2022-09-21,1668,7360130,1345,6417142,31,591215,258,3412105,131,496503,423,3925788,14812,146822,16715,12983.14,18424618,14369188,0
2022-09-22,1470,7361600,1261,6418403,28,591243,171,3412276,138,496641,357,3926145,13199,160021,15013,13116.14,18439631,14370693,0
2022-09-23,1749,7363349,1651,6420054,24,591267,249,3412525,136,496777,447,3926592,16864,176885,19154,13533.29,18458785,14372598,0
2022-09-24,799,7364148,888,6420942,8,591275,267,3412792,67,496844,353,3926945,7476,184361,8826,13593.86,18467611,14373614,0
2022-09-25,485,7364633,395,6421337,1,591276,72,3412864,47,496891,128,3927073,4508,188869,4994,13597,18472605,14373981,0
2022-09-26,1578,7366211,1249,6422586,16,591292,284,3413148,144,497035,485,3927558,14997,203866,16688,13765.86,18489293,14375244,0
2022-09-27,1543,7367754,1304,6423890,26,591318,282,3413430,166,497201,484,3928042,14123,217989,16101,13927.29,18505394,14376774,0
2022-09-28,1620,7369374,1299,6425189,18,591336,189,3413619,184,497385,427,3928469,15483,233472,17254,14004.29,18522648,14378172,0
2022-09-29,1685,7371059,1298,6426487,19,591355,176,3413795,101,497486,313,3928782,15351,248823,17202,14317,18539850,14379746,0
2022-09-30,1650,7372709,1558,6428045,13,591368,181,3413976,175,497661,402,3929184,16479,265302,18642,14243.86,18558492,14381553,0
2022-10-01,717,7373426,666,6428711,5,591373,132,3414108,35,497696,176,3929360,7037,272339,7925,14115.14,18566417,14382274,0
2022-10-02,515,7373941,430,6429141,5,591378,46,3414154,45,497741,105,3929465,4430,276769,4838,14092.86,18571255,14382591,0
2022-10-03,1556,7375497,1187,6430328,23,591401,155,3414309,114,497855,315,3929780,14559,291328,15956,13988.29,18587211,14383719,0
2022-10-04,1386,7376883,1157,6431485,15,591416,150,3414459,121,497976,298,3930078,13367,304695,14762,13797,18601973,14384843,0
2022-10-05,1604,7378487,1285,6432770,17,591433,280,3414739,164,498140,497,3930575,14845,319540,16667,13713.14,18618640,14386221,0
2022-10-06,1493,7379980,1248,6434018,19,591452,167,3414906,161,498301,386,3930961,14940,334480,16604,13627.71,18635244,14387557,0
2022-10-07,1669,7381649,1427,6435445,15,591467,170,3415076,133,498434,365,3931326,17058,351538,19016,13681.14,18654260,14389212,0
2022-10-08,763,7382412,683,6436128,4,591471,143,3415219,61,498495,221,3931547,7689,359227,8617,13780,18662877,14389936,0
2022-10-09,493,7382905,409,6436537,5,591476,47,3415266,54,498549,119,3931666,4695,363922,5118,13820,18667995,14390258,0
2022-10-10,1551,7384456,1249,6437786,14,591490,173,3415439,117,498666,329,3931995,15178,379100,16471,13893.57,18684466,14391261,0
2022-10-11,1650,7386106,1105,6438891,19,591509,178,3415617,152,498818,385,3932380,14288,393388,15820,14044.71,18700286,14392463,0
2022-10-12,1864,7387970,1312,6440203,17,591526,133,3415750,181,498999,381,3932761,16195,409583,17785,14204.43,18718071,14393739,0
2022-10-13,1623,7389593,1144,6441347,28,591554,132,3415882,197,499196,401,3933162,13955,423538,15479,14043.71,18733550,14394934,0
2022-10-14,1817,7391410,1538,6442885,25,591579,130,3416012,179,499375,363,3933525,17118,440656,19099,14055.57,18752649,14396606,0
2022-10-15,771,7392181,639,6443524,9,591588,90,3416102,68,499443,179,3933704,7592,448248,8448,14031.43,18761097,14397304,0
2022-10-16,567,7392748,410,6443934,3,591591,25,3416127,65,499508,121,3933825,4730,452978,5172,14039.14,18766269,14397656,0
2022-10-17,1816,7394564,1248,6445182,18,591609,83,3416210,118,499626,238,3934063,16043,469021,17356,14165.57,18783625,14398768,0
2022-10-18,1698,7396262,1169,6446351,20,591629,101,3416311,141,499767,289,3934352,14612,483633,15996,14190.71,18799621,14399910,0
2022-10-19,2099,7398361,1322,6447673,21,591650,83,3416394,144,499911,290,3934642,16188,499821,17656,14172.29,18817277,14401151,0
2022-10-20,1696,7400057,1170,6448843,10,591660,85,3416479,153,500064,305,3934947,15372,515193,16821,14364,18834098,14402362,0
2022-10-21,1813,7401870,1346,6450189,11,591671,93,3416572,148,500212,293,3935240,16712,531905,18365,14259.14,18852463,14403774,0
2022-10-22,747,7402617,669,6450858,9,591680,43,3416615,46,500258,99,3935339,7664,539569,8393,14251.29,18860856,14404414,0
2022-10-23,524,7403141,368,6451226,3,591683,21,3416636,39,500297,69,3935408,4805,544374,5080,14238.14,18865936,14404629,0
2022-10-24,1751,7404892,1211,6452437,19,591702,71,3416707,114,500411,225,3935633,15526,559900,16809,14160,18882745,14405727,0
2022-10-25,1660,7406552,1187,6453624,12,591714,94,3416801,111,500522,234,3935867,14995,574895,16294,14202.57,18899039,14406821,0
2022-10-26,1864,7408416,1330,6454954,11,591725,90,3416891,169,500691,338,3936205,16753,591648,18224,14283.71,18917263,14408033,0
2022-10-27,1588,7410004,1071,6456025,13,591738,95,3416986,138,500829,288,3936493,15025,606673,16346,14215.86,18933609,14409121,0
2022-10-28,1706,7411710,1417,6457442,17,591755,105,3417091,150,500979,309,3936802,16729,623402,18529,14239.29,18952138,14410666,0
2022-10-29,697,7412407,545,6457987,9,591764,68,3417159,58,501037,140,3936942,7722,631124,8398,14240,18960536,14411216,0
2022-10-30,522,7412929,305,6458292,3,591767,19,3417178,57,501094,92,3937034,4485,635609,4771,14195.86,18965307,14411426,0
2022-10-31,1682,7414611,1112,6459404,8,591775,48,3417226,126,501220,217,3937251,14558,650167,15505,14009.57,18980812,14412199,0
2022-11-01,1670,7416281,1021,6460425,18,591793,75,3417301,129,501349,235,3937486,13573,663740,14883,13808,18995695,14413305,0
2022-11-02,1743,7418024,1125,6461550,17,591810,89,3417390,122,501471,253,3937739,14833,678573,16096,13504,19011791,14414357,0
2022-11-03,1421,7419445,1032,6462582,13,591823,84,3417474,163,501634,324,3938063,12554,691127,13824,13143.71,19025615,14415380,0
2022-11-04,1749,7421194,1221,6463803,14,591837,101,3417575,141,501775,275,3938338,15419,706546,17022,12928.43,19042637,14416741,0
2022-11-05,826,7422020,533,6464336,6,591843,67,3417642,80,501855,161,3938499,7028,713574,7748,12835.57,19050385,14417314,0
2022-11-06,407,7422427,330,6464666,4,591847,20,3417662,49,501904,106,3938605,4067,717641,4409,12783.86,19054794,14417587,0
2022-11-07,1639,7424066,1069,6465735,14,591861,75,3417737,99,502003,210,3938815,13199,730840,14354,12619.43,19069148,14418568,0
2022-11-08,1536,7425602,1004,6466739,7,591868,96,3417833,130,502133,260,3939075,12001,742841,13251,12386.29,19082399,14419592,0
2022-11-09,1568,7427170,1053,6467792,9,591877,85,3417918,113,502246,243,3939318,12130,754971,13382,11998.57,19095781,14420646,0
2022-11-10,1488,7428658,1009,6468801,14,591891,72,3417990,147,502393,276,3939594,12214,767185,13496,11951.71,19109277,14421709,0
2022-11-11,1502,7430160,1071,6469872,11,591902,97,3418087,100,502493,218,3939812,12750,779935,14177,11545.29,19123454,14422939,0
2022-11-12,669,7430829,515,6470387,2,591904,57,3418144,61,502554,128,3939940,6421,786356,7039,11444,19130493,14423439,0
2022-11-13,496,7431325,343,6470730,4,591908,16,3418160,68,502622,99,3940039,3892,790248,4211,11415.71,19134704,14423674,0
2022-11-14,1445,7432770,1023,6471753,19,591927,59,3418219,113,502735,203,3940242,11592,801840,12700,11179.43,19147404,14424610,0
2022-11-15,1482,7434252,1005,6472758,15,591942,103,3418322,166,502901,294,3940536,11233,813073,12611,11088,19160015,14425719,0
2022-11-16,1608,7435860,1032,6473790,21,591963,65,3418387,144,503045,244,3940780,11533,824606,12770,11000.57,19172785,14426747,0
2022-11-17,1392,7437252,970,6474760,10,591973,65,3418452,165,503210,271,3941051,10491,835097,11758,10752.29,19184543,14427784,0
2022-11-18,1568,7438820,1096,6475856,12,591985,67,3418519,118,503328,216,3941267,12297,847394,13884,10710.43,19198427,14429186,0
2022-11-19,680,7439500,439,6476295,4,591989,56,3418575,60,503388,125,3941392,5889,853283,6553,10641,19204980,14429734,0
2022-11-20,472,7439972,309,6476604,4,591993,12,3418587,35,503423,65,3941457,3536,856819,3834,10587.14,19208814,14429985,0
2022-11-21,1517,7441489,919,6477523,4,591997,51,3418638,81,503504,149,3941606,10389,867208,11358,10395.43,19220172,14430822,0
2022-11-22,1267,7442756,814,6478337,7,592004,53,3418691,88,503592,157,3941763,9237,876445,10247,10057.71,19230419,14431691,0
2022-11-23,1286,7444042,725,6479062,11,592015,63,3418754,74,503666,163,3941926,8639,885084,9552,9598,19239971,14432467,0
2022-11-24,18,7444060,10,6479072,2,592017,0,3418754,6,503672,8,3941934,110,885194,134,7937.43,19240105,14432485,0
2022-11-25,679,7444739,473,6479545,13,592030,35,3418789,53,503725,108,3942042,5668,890862,6395,6867.57,19246500,14433124,0
2022-11-26,587,7445326,377,6479922,2,592032,15,3418804,42,503767,62,3942104,4875,895737,5311,6690.14,19251811,14433503,0
2022-11-27,400,7445726,220,6480142,1,592033,10,3418814,23,503790,48,3942152,3174,898911,3361,6622.57,19255172,14433657,0
2022-11-28,945,7446671,692,6480834,9,592042,57,3418871,62,503852,139,3942291,6933,905844,7888,6126.86,19263060,14434493,0
2022-11-29,917,7447588,704,6481538,8,592050,45,3418916,74,503926,145,3942436,6899,912743,7927,5795.43,19270987,14435402,0
2022-11-30,1208,7448796,869,6482407,14,592064,49,3418965,53,503979,122,3942558,8701,921444,9701,5816.71,19280688,14436300,0
2022-12-01,1122,7449918,763,6483170,11,592075,59,3419024,95,504074,180,3942738,8435,929879,9483,7152.29,19290171,14437194,0
2022-12-02,1314,7451232,964,6484134,13,592088,69,3419093,100,504174,190,3942928,10154,940033,11462,7876.14,19301633,14438333,0
2022-12-03,596,7451828,420,6484554,12,592100,42,3419135,41,504215,86,3943014,4913,944946,5433,7893.57,19307066,14438770,0
2022-12-04,419,7452247,282,6484836,4,592104,6,3419141,26,504241,39,3943053,3268,948214,3490,7912,19310556,14438960,0
2022-12-05,1152,7453399,766,6485602,15,592119,55,3419196,69,504310,140,3943193,8574,956788,9562,8151.14,19320118,14439824,0
2022-12-06,1164,7454563,765,6486367,11,592130,62,3419258,86,504396,167,3943360,8125,964913,9101,8318.86,19329219,14440652,0
2022-12-07,1202,7455765,748,6487115,12,592142,64,3419322,80,504476,166,3943526,8230,973143,9245,8253.71,19338464,14441523,0
2022-12-08,1099,7456864,743,6487858,14,592156,65,3419387,74,504550,160,3943686,8664,981807,9679,8281.71,19348143,14442399,0
2022-12-09,1237,7458101,961,6488819,13,592169,82,3419469,101,504651,208,3943894,10258,992065,11615,8303.57,19359758,14443573,0
2022-12-10,670,7458771,462,6489281,7,592176,38,3419507,75,504726,131,3944025,6103,998168,6676,8481.14,19366434,14444033,0
2022-12-11,424,7459195,259,6489540,4,592180,11,3419518,35,504761,56,3944081,3657,1001825,3857,8533.57,19370291,14444187,0
2022-12-12,1320,7460515,794,6490334,19,592199,76,3419594,104,504865,205,3944286,9895,1011720,10924,8728.14,19381215,14445036,0
2022-12-13,1264,7461779,838,6491172,17,592216,51,3419645,96,504961,174,3944460,9696,1021416,10714,8958.57,19391929,14445907,0
2022-12-14,1185,7462964,826,6491998,11,592227,64,3419709,99,505060,190,3944650,9558,1030974,10520,9140.71,19402449,14446706,0
2022-12-15,1190,7464154,694,6492692,10,592237,56,3419765,106,505166,178,3944828,8404,1039378,9352,9094,19411801,14447492,0
2022-12-16,1184,7465338,792,6493484,13,592250,67,3419832,119,505285,208,3945036,9225,1048603,10374,8916.71,19422175,14448455,0
2022-12-17,654,7465992,454,6493938,8,592258,29,3419861,34,505319,76,3945112,5774,1054377,6238,8854.14,19428413,14448856,0
2022-12-18,451,7466443,236,6494174,2,592260,14,3419875,23,505342,47,3945159,3435,1057812,3639,8823,19432052,14449023,0
2022-12-19,1192,7467635,777,6494951,6,592266,50,3419925,79,505421,142,3945301,8845,1066657,9732,8652.71,19441784,14449781,0
2022-12-20,1193,7468828,750,6495701,18,592284,81,3420006,138,505559,276,3945577,8462,1075119,9575,8490,19451359,14450675,0
2022-12-21,1082,7469910,674,6496375,16,592300,49,3420055,94,505653,173,3945750,8148,1083267,9003,8273.29,19460362,14451387,0
2022-12-22,980,7470890,578,6496953,4,592304,38,3420093,72,505725,128,3945878,6764,1090031,7481,8006,19467843,14451994,0
2022-12-23,824,7471714,501,6497454,10,592314,38,3420131,57,505782,108,3945986,5829,1095860,6420,7441.14,19474263,14452490,0
2022-12-24,184,7471898,109,6497563,1,592315,2,3420133,15,505797,20,3946006,1344,1097204,1462,6758.86,19475725,14452591,0
2022-12-25,5,7471903,3,6497566,0,592315,0,3420133,0,505797,0,3946006,25,1097229,28,6243,19475753,14452594,0
2022-12-26,566,7472469,262,6497828,16,592331,14,3420147,22,505819,41,3946047,3252,1100481,3552,5360.14,19479305,14452858,0
2022-12-27,1072,7473541,592,6498420,12,592343,55,3420202,56,505875,121,3946168,7106,1107587,7882,5118.29,19487187,14453523,0
2022-12-28,1047,7474588,553,6498973,8,592351,51,3420253,62,505937,123,3946291,6852,1114439,7625,4921.43,19494812,14454183,0
2022-12-29,1003,7475591,572,6499545,8,592359,46,3420299,85,506022,155,3946446,6488,1120927,7292,4894.43,19502104,14454856,0
2022-12-30,937,7476528,525,6500070,9,592368,44,3420343,47,506069,101,3946547,5988,1126915,6690,4933,19508794,14455467,120000
2022-12-31,298,7476826,155,6500225,4,592372,16,3420359,10,506079,29,3946576,1743,1128658,1916,4997.86,19510710,14455614,120000
2023-01-01,11,7476837,9,6500234,0,592372,1,3420360,5,506084,6,3946582,45,1128703,64,5003,19510774,14455627,120000
2023-01-02,642,7477479,311,6500545,7,592379,13,3420373,22,506106,41,3946623,3572,1132275,3901,5052.86,19514675,14455921,120000
2023-01-03,941,7478420,556,6501101,9,592388,35,3420408,49,506155,97,3946720,5266,1137541,6000,4784,19520675,14456571,120000
2023-01-04,1052,7479472,643,6501744,12,592400,49,3420457,58,506213,124,3946844,5796,1143337,6615,4639.71,19527290,14457283,120000
2023-01-05,347,7479819,217,6501961,4,592404,15,3420472,50,506263,77,3946921,1913,1145250,2326,3930.29,19529616,14457631,120000
