"DATE","ADMIN_DOSE1_DAILY","ADMIN_DOSE1_CUMULATIVE","ADMIN_DOSE2_DAILY","ADMIN_DOSE2_CUMULATIVE","ADMIN_SINGLE_DAILY","ADMIN_SINGLE_CUMULATIVE","ADMIN_ADDITIONAL1_DAILY","ADMIN_ADDITIONAL1_CUMULATIVE","ADMIN_ADDITIONAL2_DAILY","ADMIN_ADDITIONAL2_CUMULATIVE","ADMIN_ADDITIONAL_DAILY","ADMIN_ADDITIONAL_CUMULATIVE","ADMIN_ALLDOSES_DAILY","ADMIN_ALLDOSES_7DAYAVG","ADMIN_ALLDOSES_CUMULATIVE","INCOMPLETE"
"2020-12-14",79,79,0,0,0,0,0,0,0,0,0,0,79,,79,0
"2020-12-15",2051,2130,6,6,4,4,0,0,0,0,0,0,2061,,2140,0
"2020-12-16",4607,6737,14,20,1,5,1,1,0,0,1,1,4623,,6763,0
"2020-12-17",4657,11394,18,38,0,5,1,2,0,0,1,2,4676,,11439,0
"2020-12-18",5832,17226,18,56,2,7,2,4,0,0,2,4,5854,,17293,0
"2020-12-19",1689,18915,7,63,3,10,0,4,0,0,0,4,1699,,18992,0
"2020-12-20",1116,20031,2,65,1,11,0,4,0,0,0,4,1119,2873,20111,0
"2020-12-21",6341,26372,19,84,0,11,5,9,0,0,5,9,6365,3771,26476,0
"2020-12-22",9795,36167,26,110,2,13,1,10,0,0,1,10,9824,4880,36300,0
"2020-12-23",14273,50440,35,145,3,16,1,11,0,0,1,11,14312,6264.14,50612,0
"2020-12-24",7198,57638,25,170,1,17,0,11,0,0,0,11,7224,6628.14,57836,0
"2020-12-25",180,57818,0,170,0,17,1,12,0,0,1,12,181,5817.71,58017,0
"2020-12-26",4389,62207,44,214,0,17,1,13,0,0,1,13,4434,6208.43,62451,0
"2020-12-27",3870,66077,14,228,0,17,1,14,0,0,1,14,3885,6603.57,66336,0
"2020-12-28",10993,77070,49,277,1,18,2,16,0,0,2,16,11045,7272.14,77381,0
"2020-12-29",10717,87787,34,311,2,20,2,18,0,0,2,18,10755,7405.14,88136,0
"2020-12-30",12825,100612,45,356,0,20,0,18,0,0,0,18,12870,7199.14,101006,0
"2020-12-31",7262,107874,34,390,1,21,0,18,0,0,0,18,7297,7209.57,108303,0
"2021-01-01",181,108055,2,392,1,22,3,21,0,0,3,21,187,7210.43,108490,0
"2021-01-02",3809,111864,10,402,2,24,2,23,0,0,2,23,3823,7123.14,112313,0
"2021-01-03",3540,115404,24,426,2,26,1,24,0,0,1,24,3567,7077.71,115880,0
"2021-01-04",12255,127659,807,1233,2,28,6,30,0,0,6,30,13070,7367,128950,0
"2021-01-05",14091,141750,2190,3423,2,30,12,42,1,1,13,43,16296,8158.57,145246,0
"2021-01-06",17800,159550,3926,7349,1,31,29,71,7,8,36,79,21763,9429,167009,0
"2021-01-07",16551,176101,5170,12519,4,35,45,116,3,11,48,127,21773,11497,188782,0
"2021-01-08",16621,192722,5455,17974,0,35,33,149,4,15,37,164,22113,14629.29,210895,0
"2021-01-09",7652,200374,1462,19436,1,36,7,156,2,17,9,173,9124,15386.57,220019,0
"2021-01-10",7881,208255,983,20419,0,36,10,166,0,17,10,183,8874,16144.71,228893,0
"2021-01-11",25825,234080,7455,27874,2,38,48,214,8,25,56,239,33338,19040.14,262231,0
"2021-01-12",28258,262338,7861,35735,1,39,44,258,2,27,46,285,36166,21878.71,298397,0
"2021-01-13",31721,294059,9389,45124,1,40,56,314,4,31,60,345,41171,24651.29,339568,0
"2021-01-14",35813,329872,5319,50443,1,41,30,344,7,38,37,382,41170,27422.29,380738,0
"2021-01-15",29265,359137,3703,54146,2,43,32,376,5,43,37,419,33007,28978.57,413745,0
"2021-01-16",30292,389429,2377,56523,0,43,25,401,5,48,30,449,32699,32346.43,446444,0
"2021-01-17",23749,413178,1628,58151,0,43,19,420,1,49,20,469,25397,34706.86,471841,0
"2021-01-18",27108,440286,2409,60560,1,44,34,454,7,56,41,510,29559,34167,501400,0
"2021-01-19",34293,474579,9628,70188,1,45,69,523,6,62,75,585,43997,35285.71,545397,0
"2021-01-20",34870,509449,9494,79682,1,46,58,581,4,66,62,647,44427,35750.86,589824,0
"2021-01-21",25594,535043,8092,87774,2,48,48,629,5,71,53,700,33741,34689.57,623565,0
"2021-01-22",24753,559796,4383,92157,1,49,32,661,8,79,40,740,29177,34142.43,652742,0
"2021-01-23",15742,575538,3225,95382,0,49,9,670,2,81,11,751,18978,32182.29,671720,0
"2021-01-24",7178,582716,3453,98835,0,49,19,689,1,82,20,771,10651,30075.71,682371,0
"2021-01-25",13412,596128,11819,110654,0,49,66,755,12,94,78,849,25309,29468.57,707680,0
"2021-01-26",16766,612894,10752,121406,0,49,67,822,2,96,69,918,27587,27124.29,735267,0
"2021-01-27",20836,633730,12356,133762,0,49,51,873,8,104,59,977,33251,25527.71,768518,0
"2021-01-28",30763,664493,12848,146610,0,49,83,956,16,120,99,1076,43710,26951.86,812228,0
"2021-01-29",31693,696186,11507,158117,0,49,77,1033,10,130,87,1163,43287,28967.57,855515,0
"2021-01-30",18708,714894,3742,161859,0,49,20,1053,2,132,22,1185,22472,29466.71,877987,0
"2021-01-31",13020,727914,2920,164779,1,50,29,1082,4,136,33,1218,15974,30227.14,893961,0
"2021-02-01",1179,729093,5369,170148,4,54,35,1117,4,140,39,1257,6591,27553.14,900552,0
"2021-02-02",2829,731922,9475,179623,2,56,46,1163,4,144,50,1307,12356,25377.29,912908,0
"2021-02-03",16347,748269,21246,200869,4,60,203,1366,19,163,222,1529,37819,26029.86,950727,0
"2021-02-04",27048,775317,19648,220517,3,63,200,1566,10,173,210,1739,46909,26486.86,997636,0
"2021-02-05",27595,802912,20040,240557,0,63,177,1743,15,188,192,1931,47827,27135.43,1045463,0
"2021-02-06",22992,825904,11247,251804,0,63,109,1852,12,200,121,2052,34360,28833.71,1079823,0
"2021-02-07",12043,837947,8282,260086,1,64,91,1943,13,213,104,2156,20430,29470.29,1100253,0
"2021-02-08",16960,854907,23518,283604,2,66,232,2175,34,247,266,2422,40746,34349.57,1140999,0
"2021-02-09",17190,872097,28110,311714,2,68,334,2509,42,289,376,2798,45678,39109.86,1186677,0
"2021-02-10",19591,891688,29312,341026,2,70,256,2765,49,338,305,3103,49210,40737.14,1235887,0
"2021-02-11",27848,919536,33470,374496,2,72,341,3106,57,395,398,3501,61718,42852.71,1297605,0
"2021-02-12",38392,957928,30798,405294,3,75,352,3458,39,434,391,3892,69584,45960.86,1367189,0
"2021-02-13",28008,985936,25314,430608,2,77,305,3763,52,486,357,4249,53681,48721,1420870,0
"2021-02-14",16281,1002217,23734,454342,0,77,261,4024,31,517,292,4541,40307,51560.57,1461177,0
"2021-02-15",12796,1015013,10528,464870,2,79,170,4194,23,540,193,4734,23519,49099.57,1484696,0
"2021-02-16",14241,1029254,26732,491602,0,79,321,4515,35,575,356,5090,41329,48478.29,1526025,0
"2021-02-17",16393,1045647,22196,513798,1,80,282,4797,37,612,319,5409,38909,47006.71,1564934,0
"2021-02-18",12151,1057798,24994,538792,21,101,287,5084,43,655,330,5739,37496,43546.43,1602430,0
"2021-02-19",13262,1071060,23936,562728,39,140,303,5387,44,699,347,6086,37584,38975,1640014,0
"2021-02-20",11352,1082412,26076,588804,6,146,326,5713,78,777,404,6490,37838,36711.71,1677852,0
"2021-02-21",6360,1088772,17423,606227,15,161,283,5996,44,821,327,6817,24125,34400,1701977,0
"2021-02-22",13043,1101815,11848,618075,2,163,125,6121,19,840,144,6961,25037,34616.86,1727014,0
"2021-02-23",25247,1127062,14146,632221,1,164,157,6278,34,874,191,7152,39585,34367.71,1766599,0
"2021-02-24",36362,1163424,20392,652613,0,164,226,6504,37,911,263,7415,57017,36954.57,1823616,0
"2021-02-25",54616,1218040,30395,683008,6,170,393,6897,64,975,457,7872,85474,43808.57,1909090,0
"2021-02-26",62869,1280909,31870,714878,4,174,411,7308,78,1053,489,8361,95232,52044,2004322,0
"2021-02-27",51301,1332210,22746,737624,47,221,333,7641,53,1106,386,8747,74480,57278.57,2078802,0
"2021-02-28",44592,1376802,13824,751448,7,228,203,7844,34,1140,237,8984,58660,62212.14,2137462,0
"2021-03-01",39320,1416122,12779,764227,10,238,164,8008,25,1165,189,9173,52298,66106.57,2189760,0
"2021-03-02",47081,1463203,12580,776807,7,245,159,8167,14,1179,173,9346,59841,69000.29,2249601,0
"2021-03-03",48605,1511808,16155,792962,17,262,146,8313,21,1200,167,9513,64944,70132.71,2314545,0
"2021-03-04",59819,1571627,22824,815786,1092,1354,270,8583,34,1234,304,9817,84039,69927.71,2398584,0
"2021-03-05",60988,1632615,24282,840068,3109,4463,333,8916,33,1267,366,10183,88745,69001,2487329,0
"2021-03-06",47176,1679791,18884,858952,5451,9914,238,9154,36,1303,274,10457,71785,68616,2559114,0
"2021-03-07",36044,1715835,14881,873833,6246,16160,228,9382,20,1323,248,10705,57419,68438.71,2616533,0
"2021-03-08",39629,1755464,14679,888512,8563,24723,313,9695,91,1414,404,11109,63275,70006.86,2679808,0
"2021-03-09",39108,1794572,12856,901368,7764,32487,178,9873,33,1447,211,11320,59939,70020.86,2739747,0
"2021-03-10",51833,1846405,15350,916718,5066,37553,226,10099,31,1478,257,11577,72506,71101.14,2812253,0
"2021-03-11",59988,1906393,21820,938538,4619,42172,248,10347,49,1527,297,11874,86724,71484.71,2898977,0
"2021-03-12",52206,1958599,30309,968847,4183,46355,373,10720,83,1610,456,12330,87154,71257.43,2986131,0
"2021-03-13",40654,1999253,26681,995528,5110,51465,325,11045,51,1661,376,12706,72821,71405.43,3058952,0
"2021-03-14",30719,2029972,15968,1011496,4525,55990,242,11287,27,1688,269,12975,51481,70557.14,3110433,0
"2021-03-15",33590,2063562,17254,1028750,4712,60702,235,11522,33,1721,268,13243,55824,69492.71,3166257,0
"2021-03-16",38676,2102238,20508,1049258,4925,65627,257,11779,35,1756,292,13535,64401,70130.14,3230658,0
"2021-03-17",42619,2144857,24798,1074056,4246,69873,339,12118,36,1792,375,13910,72038,70063.29,3302696,0
"2021-03-18",50452,2195309,26807,1100863,5238,75111,364,12482,60,1852,424,14334,82921,69520,3385617,0
"2021-03-19",47795,2243104,29961,1130824,5624,80735,389,12871,70,1922,459,14793,83839,69046.43,3469456,0
"2021-03-20",38713,2281817,25838,1156662,4686,85421,297,13168,59,1981,356,15149,69593,68585.29,3539049,0
"2021-03-21",29301,2311118,19359,1176021,769,86190,221,13389,44,2025,265,15414,49694,68330,3588743,0
"2021-03-22",33867,2344985,26742,1202763,4036,90226,262,13651,37,2062,299,15713,64944,69632.86,3653687,0
"2021-03-23",38435,2383420,32842,1235605,4219,94445,294,13945,56,2118,350,16063,75846,71267.86,3729533,0
"2021-03-24",41496,2424916,37606,1273211,4848,99293,327,14272,62,2180,389,16452,84339,73025.14,3813872,0
"2021-03-25",43406,2468322,50800,1324011,5055,104348,471,14743,86,2266,557,17009,99818,75439,3913690,0
"2021-03-26",38505,2506827,55512,1379523,4310,108658,525,15268,96,2362,621,17630,98948,77597.43,4012638,0
"2021-03-27",35738,2542565,45756,1425279,2938,111596,416,15684,82,2444,498,18128,84930,79788.43,4097568,0
"2021-03-28",26392,2568957,34461,1459740,1482,113078,331,16015,64,2508,395,18523,62730,81650.71,4160298,0
"2021-03-29",34818,2603775,38867,1498607,3246,116324,342,16357,110,2618,452,18975,77383,83427.71,4237681,0
"2021-03-30",40511,2644286,41927,1540534,3714,120038,337,16694,65,2683,402,19377,86554,84957.43,4324235,0
"2021-03-31",49397,2693683,44872,1585406,7442,127480,397,17091,86,2769,483,19860,102194,87508.14,4426429,0
"2021-04-01",50784,2744467,53948,1639354,11275,138755,500,17591,81,2850,581,20441,116588,89903.86,4543017,0
"2021-04-02",43761,2788228,53891,1693245,11972,150727,543,18134,72,2922,615,21056,110239,91516.86,4653256,0
"2021-04-03",39255,2827483,39218,1732463,9860,160587,332,18466,58,2980,390,21446,88723,92058.71,4741979,0
"2021-04-04",26560,2854043,24783,1757246,3902,164489,223,18689,49,3029,272,21718,55517,91028.29,4797496,0
"2021-04-05",41891,2895934,34485,1791731,11197,175686,369,19058,60,3089,429,22147,88002,92545.29,4885498,0
"2021-04-06",53272,2949206,35617,1827348,13220,188906,425,19483,73,3162,498,22645,102607,94838.57,4988105,0
"2021-04-07",55512,3004718,40701,1868049,14391,203297,393,19876,76,3238,469,23114,111073,96107,5099178,0
"2021-04-08",59270,3063988,46591,1914640,16343,219640,519,20395,80,3318,599,23713,122803,96994.86,5221981,0
"2021-04-09",56649,3120637,44960,1959600,17556,237196,517,20912,77,3395,594,24307,119759,98354.86,5341740,0
"2021-04-10",49348,3169985,35648,1995248,12728,249924,387,21299,60,3455,447,24754,98171,99704.57,5439911,0
"2021-04-11",38183,3208168,28821,2024069,7682,257606,293,21592,56,3511,349,25103,75035,102492.86,5514946,0
"2021-04-12",46638,3254806,31848,2055917,13500,271106,465,22057,63,3574,528,25631,92514,103137.43,5607460,0
"2021-04-13",52548,3307354,33790,2089707,368,271474,394,22451,61,3635,455,26086,87161,100930.86,5694621,0
"2021-04-14",50149,3357503,39957,2129664,20,271494,369,22820,70,3705,439,26525,90565,98001.14,5785186,0
"2021-04-15",52126,3409629,43682,2173346,16,271510,451,23271,104,3809,555,27080,96379,94226.29,5881565,0
"2021-04-16",51192,3460821,42215,2215561,32,271542,423,23694,67,3876,490,27570,93929,90536.29,5975494,0
"2021-04-17",43839,3504660,35693,2251254,3,271545,365,24059,82,3958,447,28017,79982,87937.86,6055476,0
"2021-04-18",28608,3533268,29372,2280626,7,271552,251,24310,61,4019,312,28329,58299,85547,6113775,0
"2021-04-19",37475,3570743,36449,2317075,22,271574,322,24632,62,4081,384,28713,74330,82949.29,6188105,0
"2021-04-20",40811,3611554,39627,2356702,19,271593,315,24947,77,4158,392,29105,80849,82047.57,6268954,0
"2021-04-21",38902,3650456,46016,2402718,16,271609,493,25440,95,4253,588,29693,85522,81327.14,6354476,0
"2021-04-22",38493,3688949,48966,2451684,9,271618,336,25776,73,4326,409,30102,87877,80112.57,6442353,0
"2021-04-23",39698,3728647,44382,2496066,4,271622,347,26123,71,4397,418,30520,84502,78765.86,6526855,0
"2021-04-24",31951,3760598,41604,2537670,44,271666,276,26399,60,4457,336,30856,73935,77902,6600790,0
"2021-04-25",18423,3779021,31228,2568898,86,271752,194,26593,54,4511,248,31104,49985,76714.29,6650775,0
"2021-04-26",26972,3805993,40740,2609638,1013,272765,280,26873,84,4595,364,31468,69089,75965.57,6719864,0
"2021-04-27",28577,3834570,47144,2656782,1698,274463,347,27220,92,4687,439,31907,77858,75538.29,6797722,0
"2021-04-28",27037,3861607,56845,2713627,2147,276610,428,27648,99,4786,527,32434,86556,75686,6884278,0
"2021-04-29",28613,3890220,57205,2770832,2149,278759,363,28011,100,4886,463,32897,88430,75765,6972708,0
"2021-04-30",30123,3920343,51993,2822825,2054,280813,279,28290,72,4958,351,33248,84521,75767.71,7057229,0
"2021-05-01",22479,3942822,44543,2867368,1177,281990,232,28522,63,5021,295,33543,68494,74990.43,7125723,0
"2021-05-02",11925,3954747,36655,2904023,1081,283071,138,28660,56,5077,194,33737,49855,74971.86,7175578,0
"2021-05-03",18027,3972774,53029,2957052,2383,285454,255,28915,89,5166,344,34081,73783,75642.43,7249361,0
"2021-05-04",22738,3995512,56649,3013701,2330,287784,266,29181,113,5279,379,34460,82096,76247.86,7331457,0
"2021-05-05",21476,4016988,48790,3062491,2313,290097,311,29492,98,5377,409,34869,72988,74309.57,7404445,0
"2021-05-06",20682,4037670,50183,3112674,2508,292605,268,29760,83,5460,351,35220,73724,72208.71,7478169,0
"2021-05-07",21254,4058924,52096,3164770,2813,295418,306,30066,72,5532,378,35598,76541,71068.71,7554710,0
"2021-05-08",16633,4075557,41866,3206636,1835,297253,230,30296,69,5601,299,35897,60633,69945.71,7615343,0
"2021-05-09",7975,4083532,29413,3236049,1260,298513,146,30442,56,5657,202,36099,38850,68373.57,7654193,0
"2021-05-10",14389,4097921,38539,3274588,2355,300868,233,30675,89,5746,322,36421,55605,65776.71,7709798,0
"2021-05-11",19913,4117834,43063,3317651,2514,303382,281,30956,83,5829,364,36785,65854,63456.43,7775652,0
"2021-05-12",17813,4135647,40549,3358200,3595,306977,225,31181,77,5906,302,37087,62259,61923.71,7837911,0
"2021-05-13",24976,4160623,40428,3398628,3230,310207,263,31444,74,5980,337,37424,68971,61244.71,7906882,0
"2021-05-14",27037,4187660,42918,3441546,3536,313743,275,31719,93,6073,368,37792,73859,60861.57,7980741,0
"2021-05-15",23652,4211312,34913,3476459,3365,317108,252,31971,75,6148,327,38119,62257,61093.57,8042998,0
"2021-05-16",15527,4226839,19446,3495905,2496,319604,125,32096,45,6193,170,38289,37639,60920.57,8080637,0
"2021-05-17",22673,4249512,29142,3525047,3256,322860,177,32273,68,6261,245,38534,55316,60879.29,8135953,0
"2021-05-18",24639,4274151,31913,3556960,3406,326266,236,32509,70,6331,306,38840,60264,60080.71,8196217,0
"2021-05-19",24194,4298345,29720,3586680,3042,329308,221,32730,46,6377,267,39107,57223,59361.29,8253440,0
"2021-05-20",24154,4322499,30089,3616769,3161,332469,267,32997,89,6466,356,39463,57760,57759.71,8311200,0
"2021-05-21",24680,4347179,32005,3648774,3056,335525,246,33243,60,6526,306,39769,60047,55786.57,8371247,0
"2021-05-22",20020,4367199,24361,3673135,2525,338050,164,33407,48,6574,212,39981,47118,53623.86,8418365,0
"2021-05-23",11234,4378433,13734,3686869,1411,339461,92,33499,32,6606,124,40105,26503,52033,8444868,0
"2021-05-24",18879,4397312,23158,3710027,2756,342217,213,33712,54,6660,267,40372,45060,50567.86,8489928,0
"2021-05-25",19432,4416744,23381,3733408,2601,344818,175,33887,67,6727,242,40614,45656,48481,8535584,0
"2021-05-26",18785,4435529,21091,3754499,2696,347514,199,34086,52,6779,251,40865,42823,46423.86,8578407,0
"2021-05-27",18473,4454002,21276,3775775,2529,350043,189,34275,64,6843,253,41118,42531,44248.29,8620938,0
"2021-05-28",17864,4471866,22890,3798665,2751,352794,185,34460,52,6895,237,41355,43742,41919,8664680,0
"2021-05-29",12708,4484574,17809,3816474,1755,354549,105,34565,39,6934,144,41499,32416,39818.71,8697096,0
"2021-05-30",7031,4491605,8948,3825422,1074,355623,48,34613,17,6951,65,41564,17118,38478,8714214,0
"2021-05-31",4743,4496348,6924,3832346,1012,356635,64,34677,17,6968,81,41645,12760,33863.71,8726974,0
"2021-06-01",16047,4512395,25198,3857544,2177,358812,152,34829,40,7008,192,41837,43614,33572,8770588,0
"2021-06-02",15354,4527749,20389,3877933,2095,360907,139,34968,47,7055,186,42023,38024,32886.43,8808612,0
"2021-06-03",15007,4542756,23821,3901754,2281,363188,128,35096,44,7099,172,42195,41281,32707.86,8849893,0
"2021-06-04",14723,4557479,25999,3927753,2492,365680,145,35241,39,7138,184,42379,43398,32658.71,8893291,0
"2021-06-05",10994,4568473,22089,3949842,1806,367486,115,35356,30,7168,145,42524,35034,33032.71,8928325,0
"2021-06-06",6445,4574918,14483,3964325,1222,368708,88,35444,13,7181,101,42625,22251,33766,8950576,0
"2021-06-07",11704,4586622,21784,3986109,2378,371086,139,35583,35,7216,174,42799,36040,37091.71,8986616,0
"2021-06-08",12638,4599260,24024,4010133,2072,373158,119,35702,46,7262,165,42964,38899,36418.14,9025515,0
"2021-06-09",11138,4610398,23027,4033160,2299,375457,135,35837,38,7300,173,43137,36637,36220,9062152,0
"2021-06-10",12067,4622465,22235,4055395,2462,377919,141,35978,57,7357,198,43335,36962,35603,9099114,0
"2021-06-11",12711,4635176,25120,4080515,2484,380403,156,36134,59,7416,215,43550,40530,35193.29,9139644,0
"2021-06-12",10166,4645342,19312,4099827,1888,382291,94,36228,40,7456,134,43684,31500,34688.43,9171144,0
"2021-06-13",4257,4649599,10936,4110763,1219,383510,42,36270,21,7477,63,43747,16475,33863.29,9187619,0
"2021-06-14",10209,4659808,19240,4130003,2043,385553,127,36397,51,7528,178,43925,31670,33239,9219289,0
"2021-06-15",11886,4671694,21014,4151017,1943,387496,131,36528,41,7569,172,44097,35015,32684.14,9254304,0
"2021-06-16",11588,4683282,19411,4170428,1957,389453,140,36668,69,7638,209,44306,33165,32188.14,9287469,0
"2021-06-17",11025,4694307,18764,4189192,1973,391426,121,36789,34,7672,155,44461,31917,31467.43,9319386,0
"2021-06-18",12166,4706473,18502,4207694,2116,393542,113,36902,36,7708,149,44610,32933,30382.14,9352319,0
"2021-06-19",8498,4714971,13516,4221210,1459,395001,84,36986,21,7729,105,44715,23578,29250.43,9375897,0
"2021-06-20",4336,4719307,7158,4228368,924,395925,36,37022,17,7746,53,44768,12471,28678.43,9388368,0
"2021-06-21",10162,4729469,10010,4238378,1807,397732,68,37090,28,7774,96,44864,22075,27307.71,9410443,0
"2021-06-22",9837,4739306,15640,4254018,1589,399321,105,37195,27,7801,132,44996,27198,26191,9437641,0
"2021-06-23",10313,4749619,15187,4269205,1863,401184,102,37297,29,7830,131,45127,27494,25380.86,9465135,0
"2021-06-24",9688,4759307,14697,4283902,1799,402983,119,37416,26,7856,145,45272,26329,24582.57,9491464,0
"2021-06-25",10591,4769898,14386,4298288,1721,404704,111,37527,37,7893,148,45420,26846,23713,9518310,0
"2021-06-26",7803,4777701,10464,4308752,1251,405955,74,37601,24,7917,98,45518,19616,23147,9537926,0
"2021-06-27",5001,4782702,6001,4314753,795,406750,33,37634,14,7931,47,45565,11844,23057.43,9549770,0
"2021-06-28",9036,4791738,10345,4325098,1526,408276,108,37742,26,7957,134,45699,21041,22909.71,9570811,0
"2021-06-29",9745,4801483,12321,4337419,1347,409623,122,37864,29,7986,151,45850,23564,22390.57,9594375,0
"2021-06-30",9435,4810918,10928,4348347,1486,411109,147,38011,16,8002,163,46013,22012,21607.43,9616387,0
"2021-07-01",9397,4820315,10930,4359277,1434,412543,125,38136,24,8026,149,46162,21910,20976.14,9638297,0
"2021-07-02",9694,4830009,11451,4370728,1541,414084,119,38255,22,8048,141,46303,22827,20402,9661124,0
"2021-07-03",7057,4837066,8423,4379151,1193,415277,75,38330,17,8065,92,46395,16765,19994.71,9677889,0
"2021-07-04",1288,4838354,1336,4380487,567,415844,8,38338,3,8068,11,46406,3202,18760.14,9681091,0
"2021-07-05",6496,4844850,7106,4387593,1208,417052,64,38402,20,8088,84,46490,14894,17882,9695985,0
"2021-07-06",9512,4854362,12852,4400445,1316,418368,114,38516,35,8123,149,46639,23829,17919.86,9719814,0
"2021-07-07",8670,4863032,11108,4411553,1419,419787,121,38637,19,8142,140,46779,21337,17823.43,9741151,0
"2021-07-08",8209,4871241,10192,4421745,1260,421047,107,38744,21,8163,128,46907,19789,17520.43,9760940,0
"2021-07-09",8375,4879616,10833,4432578,1278,422325,90,38834,17,8180,107,47014,20593,17201.29,9781533,0
"2021-07-10",7106,4886722,8630,4441208,1132,423457,62,38896,20,8200,82,47096,16950,17227.71,9798483,0
"2021-07-11",4105,4890827,4539,4445747,703,424160,34,38930,6,8206,40,47136,9387,18111.29,9807870,0
"2021-07-12",8451,4899278,9556,4455303,1251,425411,82,39012,22,8228,104,47240,19362,18749.57,9827232,0
"2021-07-13",9461,4908739,9392,4464695,952,426363,105,39117,33,8261,138,47378,19943,18194.43,9847175,0
"2021-07-14",9001,4917740,9531,4474226,1011,427374,105,39222,20,8281,125,47503,19668,17956,9866843,0
"2021-07-15",8789,4926529,9156,4483382,1054,428428,81,39303,17,8298,98,47601,19097,17857.14,9885940,0
"2021-07-16",9243,4935772,9760,4493142,980,429408,102,39405,31,8329,133,47734,20116,17789,9906056,0
"2021-07-17",6842,4942614,7387,4500529,803,430211,80,39485,19,8348,99,47833,15131,17529.14,9921187,0
"2021-07-18",4257,4946871,4282,4504811,576,430787,36,39521,14,8362,50,47883,9165,17497.43,9930352,0
"2021-07-19",9121,4955992,8478,4513289,999,431786,91,39612,20,8382,111,47994,18709,17404.14,9949061,0
"2021-07-20",10649,4966641,8759,4522048,991,432777,94,39706,24,8406,118,48112,20517,17486.14,9969578,0
"2021-07-21",10050,4976691,8764,4530812,903,433680,146,39852,31,8437,177,48289,19894,17518.43,9989472,0
"2021-07-22",10688,4987379,8587,4539399,1046,434726,143,39995,26,8463,169,48458,20490,17717.43,10009962,0
"2021-07-23",11252,4998631,8882,4548281,1114,435840,137,40132,22,8485,159,48617,21407,17901.86,10031369,0
"2021-07-24",7405,5006036,6737,4555018,670,436510,81,40213,22,8507,103,48720,14915,17871,10046284,0
"2021-07-25",5477,5011513,2126,4557144,509,437019,59,40272,4,8511,63,48783,8175,17729.57,10054459,0
"2021-07-26",10873,5022386,7003,4564147,859,437878,109,40381,17,8528,126,48909,18861,17751.29,10073320,0
"2021-07-27",12056,5034442,8567,4572714,857,438735,133,40514,34,8562,167,49076,21647,17912.71,10094967,0
"2021-07-28",11992,5046434,8050,4580764,950,439685,131,40645,24,8586,155,49231,21147,18091.71,10116114,0
"2021-07-29",10935,5057369,7429,4588193,984,440669,133,40778,39,8625,172,49403,19520,17953.14,10135634,0
"2021-07-30",14954,5072323,8013,4596206,1150,441819,181,40959,29,8654,210,49613,24327,18370.29,10159961,0
"2021-07-31",9725,5082048,6317,4602523,816,442635,119,41078,20,8674,139,49752,16997,18667.71,10176958,0
"2021-08-01",6504,5088552,3308,4605831,564,443199,81,41159,19,8693,100,49852,10476,18996.43,10187434,0
"2021-08-02",13451,5102003,7154,4612985,847,444046,144,41303,18,8711,162,50014,21614,19389.71,10209048,0
"2021-08-03",15413,5117416,8386,4621371,1109,445155,144,41447,33,8744,177,50191,25085,19880.86,10234133,0
"2021-08-04",17262,5134678,8125,4629496,1454,446609,181,41628,30,8774,211,50402,27052,20724.43,10261185,0
"2021-08-05",17867,5152545,7928,4637424,1366,447975,160,41788,18,8792,178,50580,27339,21841.43,10288524,0
"2021-08-06",18175,5170720,8411,4645835,1233,449208,163,41951,30,8822,193,50773,28012,22367.86,10316536,0
"2021-08-07",13387,5184107,6015,4651850,799,450007,100,42051,26,8848,126,50899,20327,22843.57,10336863,0
"2021-08-08",9309,5193416,3835,4655685,399,450406,83,42134,8,8856,91,50990,13634,23294.71,10350497,0
"2021-08-09",21340,5214756,8528,4664213,964,451370,168,42302,34,8890,202,51192,31034,24640.43,10381531,0
"2021-08-10",18922,5233678,9328,4673541,947,452317,176,42478,33,8923,209,51401,29406,25257.71,10410937,0
"2021-08-11",15651,5249329,8306,4681847,853,453170,128,42606,41,8964,169,51570,24979,24961.57,10435916,0
"2021-08-12",15043,5264372,8979,4690826,940,454110,170,42776,33,8997,203,51773,25165,24651,10461081,0
"2021-08-13",14926,5279298,9292,4700118,920,455030,239,43015,36,9033,275,52048,25413,24279.71,10486494,0
"2021-08-14",10407,5289705,6407,4706525,625,455655,529,43544,40,9073,569,52617,18008,23948.43,10504502,0
"2021-08-15",6694,5296399,4477,4711002,676,456331,567,44111,31,9104,598,53215,12445,23778.57,10516947,0
"2021-08-16",15723,5312122,9299,4720301,1150,457481,1319,45430,63,9167,1382,54597,27554,23281.43,10544501,0
"2021-08-17",17775,5329897,10435,4730736,1224,458705,1764,47194,81,9248,1845,56442,31279,23549,10575780,0
"2021-08-18",17508,5347405,10361,4741097,1261,459966,1985,49179,92,9340,2077,58519,31207,24438.71,10606987,0
"2021-08-19",16300,5363705,9521,4750618,1315,461281,1950,51129,64,9404,2014,60533,29150,25008,10636137,0
"2021-08-20",16279,5379984,11537,4762155,1254,462535,1858,52987,81,9485,1939,62472,31009,25807.43,10667146,0
"2021-08-21",11150,5391134,8039,4770194,878,463413,1057,54044,53,9538,1110,63582,21177,26260.14,10688323,0
"2021-08-22",4081,5395215,3901,4774095,262,463675,514,54558,32,9570,546,64128,8790,25738,10697113,0
"2021-08-23",15584,5410799,11797,4785892,1023,464698,1547,56105,72,9642,1619,65747,30023,26090.71,10727136,0
"2021-08-24",16916,5427715,12595,4798487,1006,465704,1771,57876,73,9715,1844,67591,32361,26245.29,10759497,0
"2021-08-25",14585,5442300,12442,4810929,1110,466814,1565,59441,76,9791,1641,69232,29778,26041.14,10789275,0
"2021-08-26",16167,5458467,14083,4825012,1072,467886,1767,61208,67,9858,1834,71066,33156,26613.43,10822431,0
"2021-08-27",14882,5473349,14824,4839836,971,468857,1667,62875,72,9930,1739,72805,32416,26814.43,10854847,0
"2021-08-28",10683,5484032,11522,4851358,836,469693,1012,63887,42,9972,1054,73859,24095,27231.29,10878942,0
"2021-08-29",7218,5491250,7495,4858853,541,470234,778,64665,55,10027,833,74692,16087,28273.71,10895029,0
"2021-08-30",15523,5506773,16925,4875778,1077,471311,1793,66458,82,10109,1875,76567,35400,29041.86,10930429,0
"2021-08-31",15523,5522296,15953,4891731,951,472262,1968,68426,84,10193,2052,78619,34479,29344.43,10964908,0
"2021-09-01",14833,5537129,14098,4905829,1020,473282,1808,70234,60,10253,1868,80487,31819,29636,10996727,0
"2021-09-02",14333,5551462,12518,4918347,896,474178,1703,71937,59,10312,1762,82249,29509,29115,11026236,0
"2021-09-03",15018,5566480,14303,4932650,974,475152,1894,73831,69,10381,1963,84212,32258,29092.43,11058494,0
"2021-09-04",9648,5576128,9405,4942055,688,475840,975,74806,33,10414,1008,85220,20749,28614.43,11079243,0
"2021-09-05",6804,5582932,5515,4947570,438,476278,708,75514,14,10428,722,85942,13479,28241.86,11092722,0
"2021-09-06",5196,5588128,4513,4952083,358,476636,270,75784,11,10439,281,86223,10348,24663,11103070,0
"2021-09-07",15578,5603706,17696,4969779,912,477548,1553,77337,88,10527,1641,87864,35827,24855.57,11138897,0
"2021-09-08",16166,5619872,14823,4984602,1072,478620,1768,79105,78,10605,1846,89710,33907,25153.86,11172804,0
"2021-09-09",16114,5635986,14751,4999353,1047,479667,1912,81017,71,10676,1983,91693,33895,25780.43,11206699,0
"2021-09-10",18375,5654361,15394,5014747,1208,480875,1969,82986,80,10756,2049,93742,37026,26461.57,11243725,0
"2021-09-11",12638,5666999,10347,5025094,958,481833,1026,84012,46,10802,1072,94814,25015,27071,11268740,0
"2021-09-12",8539,5675538,5050,5030144,766,482599,689,84701,29,10831,718,95532,15073,27298.71,11283813,0
"2021-09-13",16933,5692471,12959,5043103,976,483575,1651,86352,53,10884,1704,97236,32572,30473.57,11316385,0
"2021-09-14",16271,5708742,13677,5056780,886,484461,1593,87945,51,10935,1644,98880,32478,29995.14,11348863,0
"2021-09-15",15546,5724288,12878,5069658,727,485188,1567,89512,79,11014,1646,100526,30797,29550.86,11379660,0
"2021-09-16",15341,5739629,13909,5083567,1210,486398,1457,90969,63,11077,1520,102046,31980,29277.29,11411640,0
"2021-09-17",14438,5754067,13961,5097528,922,487320,1827,92796,55,11132,1882,103928,31203,28445.43,11442843,0
"2021-09-18",10003,5764070,10176,5107704,913,488233,1046,93842,40,11172,1086,105014,22178,28040.14,11465021,0
"2021-09-19",6179,5770249,6071,5113775,558,488791,747,94589,28,11200,775,105789,13583,27827.29,11478604,0
"2021-09-20",12675,5782924,12629,5126404,1067,489858,1920,96509,55,11255,1975,107764,28346,27223.57,11506950,0
"2021-09-21",12236,5795160,12768,5139172,1109,490967,2022,98531,76,11331,2098,109862,28211,26614,11535161,0
"2021-09-22",12822,5807982,12006,5151178,1089,492056,1682,100213,66,11397,1748,111610,27665,26166.57,11562826,0
"2021-09-23",14943,5822925,12758,5163936,1639,493695,2265,102478,72,11469,2337,113947,31677,26123.29,11594503,0
"2021-09-24",16450,5839375,13366,5177302,1633,495328,4625,107103,110,11579,4735,118682,36184,26834.86,11630687,0
"2021-09-25",10543,5849918,9023,5186325,1018,496346,3462,110565,76,11655,3538,122220,24122,27112.57,11654809,0
"2021-09-26",6304,5856222,5762,5192087,773,497119,2421,112986,56,11711,2477,124697,15316,27360.14,11670125,0
"2021-09-27",14162,5870384,8053,5200140,1155,498274,9058,122044,157,11868,9215,133912,32585,27965.71,11702710,0
"2021-09-28",11149,5881533,11778,5211918,902,499176,9911,131955,172,12040,10083,143995,33912,28780.14,11736622,0
"2021-09-29",11607,5893140,12194,5224112,1206,500382,9449,141404,160,12200,9609,153604,34616,29773.14,11771238,0
"2021-09-30",12240,5905380,12604,5236716,1338,501720,9744,151148,172,12372,9916,163520,36098,30404.71,11807336,0
"2021-10-01",12649,5918029,13430,5250146,1284,503004,10264,161412,144,12516,10408,173928,37771,30631.43,11845107,0
"2021-10-02",7735,5925764,9975,5260121,865,503869,4238,165650,74,12590,4312,178240,22887,30455,11867994,0
"2021-10-03",5077,5930841,6156,5266277,593,504462,2612,168262,54,12644,2666,180906,14492,30337.29,11882486,0
"2021-10-04",9909,5940750,11024,5277301,913,505375,9521,177783,138,12782,9659,190565,31505,30183,11913991,0
"2021-10-05",10163,5950913,11739,5289040,972,506347,9931,187714,172,12954,10103,200668,32977,30049.43,11946968,0
"2021-10-06",9916,5960829,11057,5300097,937,507284,9926,197640,152,13106,10078,210746,31988,29674,11978956,0
"2021-10-07",9666,5970495,12196,5312293,853,508137,10187,207827,166,13272,10353,221099,33068,29241.14,12012024,0
"2021-10-08",9462,5979957,12175,5324468,942,509079,10903,218730,159,13431,11062,232161,33641,28651.14,12045665,0
"2021-10-09",6258,5986215,8278,5332746,649,509728,4118,222848,86,13517,4204,236365,19389,28151.43,12065054,0
"2021-10-10",3543,5989758,5029,5337775,458,510186,2433,225281,40,13557,2473,238838,11503,27724.43,12076557,0
"2021-10-11",7624,5997382,9332,5347107,728,510914,8886,234167,152,13709,9038,247876,26722,27041.14,12103279,0
"2021-10-12",8078,6005460,10998,5358105,891,511805,10510,244677,177,13886,10687,258563,30654,26709.29,12133933,0
"2021-10-13",7154,6012614,10146,5368251,869,512674,8800,253477,174,14060,8974,267537,27143,26017.14,12161076,0
"2021-10-14",7445,6020059,11113,5379364,836,513510,10115,263592,158,14218,10273,277810,29667,25531.29,12190743,0
"2021-10-15",7728,6027787,11863,5391227,823,514333,10808,274400,164,14382,10972,288782,31386,25209.14,12222129,0
"2021-10-16",4865,6032652,7468,5398695,666,514999,3843,278243,65,14447,3908,292690,16907,24854.57,12239036,0
"2021-10-17",3061,6035713,4473,5403168,411,515410,2451,280694,41,14488,2492,295182,10437,24702.29,12249473,0
"2021-10-18",7054,6042767,10666,5413834,796,516206,9477,290171,165,14653,9642,304824,28158,24907.43,12277631,0
"2021-10-19",6576,6049343,8946,5422780,804,517010,9086,299257,165,14818,9251,314075,25577,24182.14,12303208,0
"2021-10-20",6538,6055881,9375,5432155,974,517984,9983,309240,170,14988,10153,324228,27040,24167.43,12330248,0
"2021-10-21",7032,6062913,9379,5441534,858,518842,10841,320081,147,15135,10988,335216,28257,23966,12358505,0
"2021-10-22",8130,6071043,10343,5451877,1026,519868,16344,336425,208,15343,16552,351768,36051,24632.43,12394556,0
"2021-10-23",5172,6076215,6458,5458335,690,520558,9120,345545,111,15454,9231,360999,21551,25295.86,12416107,0
"2021-10-24",3275,6079490,3972,5462307,770,521328,6151,351696,72,15526,6223,367222,14240,25839.14,12430347,0
"2021-10-25",8775,6088265,8739,5471046,1149,522477,19251,370947,283,15809,19534,386756,38197,27273.29,12468544,0
"2021-10-26",8203,6096468,7722,5478768,1258,523735,17287,388234,256,16065,17543,404299,34726,28580.29,12503270,0
"2021-10-27",10567,6107035,8393,5487161,1603,525338,20854,409088,302,16367,21156,425455,41719,30677.29,12544989,0
"2021-10-28",11330,6118365,8040,5495201,1793,527131,20837,429925,310,16677,21147,446602,42310,32684.86,12587299,0
"2021-10-29",11839,6130204,8239,5503440,1963,529094,22532,452457,313,16990,22845,469447,44886,33947,12632185,0
"2021-10-30",4631,6134835,5059,5508499,932,530026,11164,463621,156,17146,11320,480767,21942,34002.86,12654127,0
"2021-10-31",2665,6137500,2702,5511201,544,530570,6637,470258,95,17241,6732,487499,12643,33774.71,12666770,0
"2021-11-01",7140,6144640,6955,5518156,1089,531659,20380,490638,312,17553,20692,508191,35876,33443.14,12702646,0
"2021-11-02",6584,6151224,6593,5524749,1054,532713,20777,511415,262,17815,21039,529230,35270,33520.86,12737916,0
"2021-11-03",6854,6158078,6681,5531430,1026,533739,20627,532042,292,18107,20919,550149,35480,32629.57,12773396,0
"2021-11-04",9317,6167395,6279,5537709,995,534734,22356,554398,336,18443,22692,572841,39283,32197.14,12812679,0
"2021-11-05",11061,6178456,6724,5544433,1051,535785,23759,578157,338,18781,24097,596938,42933,31918.14,12855612,0
"2021-11-06",11132,6189588,4051,5548484,594,536379,12590,590747,160,18941,12750,609688,28527,32858.86,12884139,0
"2021-11-07",7256,6196844,2287,5550771,577,536956,7105,597852,89,19030,7194,616882,17314,33526.14,12901453,0
"2021-11-08",15055,6211899,5678,5556449,865,537821,19508,617360,267,19297,19775,636657,41373,34311.43,12942826,0
"2021-11-09",16155,6228054,5390,5561839,661,538482,20509,637869,260,19557,20769,657426,42975,35412.14,12985801,0
"2021-11-10",16937,6244991,5323,5567162,683,539165,22640,660509,281,19838,22921,680347,45864,36895.57,13031665,0
"2021-11-11",12580,6257571,5187,5572349,760,539925,22082,682591,275,20113,22357,702704,40884,37124.29,13072549,0
"2021-11-12",16892,6274463,5689,5578038,706,540631,23393,705984,349,20462,23742,726446,47029,37709.43,13119578,0
"2021-11-13",9946,6284409,3664,5581702,464,541095,13323,719307,172,20634,13495,739941,27569,37572.57,13147147,0
"2021-11-14",6016,6290425,2293,5583995,325,541420,7929,727236,73,20707,8002,747943,16636,37475.71,13163783,0
"2021-11-15",13225,6303650,5975,5589970,690,542110,25104,752340,341,21048,25445,773388,45335,38041.71,13209118,0
"2021-11-16",9974,6313624,5781,5595751,656,542766,30670,783010,402,21450,31072,804460,47483,38685.71,13256601,0
"2021-11-17",10314,6323938,6676,5602427,681,543447,31413,814423,397,21847,31810,836270,49481,39202.43,13306082,0
"2021-11-18",10743,6334681,6545,5608972,858,544305,33003,847426,432,22279,33435,869705,51581,40730.57,13357663,0
"2021-11-19",12032,6346713,6553,5615525,715,545020,36238,883664,440,22719,36678,906383,55978,42009,13413641,0
"2021-11-20",9336,6356049,3419,5618944,513,545533,22512,906176,243,22962,22755,929138,36023,43216.71,13449664,0
"2021-11-21",4959,6361008,1887,5620831,288,545821,13199,919375,142,23104,13341,942479,20475,43765.14,13470139,0
"2021-11-22",10449,6371457,5792,5626623,751,546572,35917,955292,425,23529,36342,978821,53334,44907.86,13523473,0
"2021-11-23",9808,6381265,4781,5631404,636,547208,33514,988806,355,23884,33869,1012690,49094,45138,13572567,0
"2021-11-24",8714,6389979,4753,5636157,651,547859,25912,1014718,269,24153,26181,1038871,40299,43826.29,13612866,0
"2021-11-25",449,6390428,325,5636482,80,547939,1003,1015721,9,24162,1012,1039883,1866,36724.14,13614732,0
"2021-11-26",8064,6398492,6987,5643469,530,548469,26585,1042306,280,24442,26865,1066748,42446,34791,13657178,0
"2021-11-27",6690,6405182,6834,5650303,371,548840,18838,1061144,213,24655,19051,1085799,32946,34351.43,13690124,0
"2021-11-28",4083,6409265,5785,5656088,282,549122,11879,1073023,113,24768,11992,1097791,22142,34589.57,13712266,0
"2021-11-29",9104,6418369,10984,5667072,687,549809,35023,1108046,410,25178,35433,1133224,56208,35000.14,13768474,0
"2021-11-30",10522,6428891,11435,5678507,513,550322,37782,1145828,472,25650,38254,1171478,60724,36661.57,13829198,0
"2021-12-01",11203,6440094,10985,5689492,723,551045,40344,1186172,421,26071,40765,1212243,63676,40001.14,13892874,0
"2021-12-02",11669,6451763,11037,5700529,627,551672,42157,1228329,437,26508,42594,1254837,65927,49152.71,13958801,0
"2021-12-03",13509,6465272,12889,5713418,676,552348,47922,1276251,494,27002,48416,1303253,75490,53873.29,14034291,0
"2021-12-04",9866,6475138,11294,5724712,567,552915,30671,1306922,288,27290,30959,1334212,52686,56693.29,14086977,0
"2021-12-05",5764,6480902,5708,5730420,271,553186,16655,1323577,123,27413,16778,1350990,28521,57604.57,14115498,0
"2021-12-06",12352,6493254,9953,5740373,600,553786,43242,1366819,427,27840,43669,1394659,66574,59085.43,14182072,0
"2021-12-07",12614,6505868,9255,5749628,625,554411,43024,1409843,481,28321,43505,1438164,65999,59839,14248071,0
"2021-12-08",13546,6519414,8776,5758404,554,554965,40783,1450626,452,28773,41235,1479399,64111,59901.14,14312182,0
"2021-12-09",13520,6532934,8757,5767161,555,555520,40807,1491433,472,29245,41279,1520678,64111,59641.71,14376293,0
"2021-12-10",14049,6546983,10142,5777303,670,556190,43666,1535099,476,29721,44142,1564820,69003,58715,14445296,0
"2021-12-11",10285,6557268,8120,5785423,405,556595,26696,1561795,262,29983,26958,1591778,45768,57726.71,14491064,0
"2021-12-12",6024,6563292,3856,5789279,290,556885,15164,1576959,129,30112,15293,1607071,25463,57289.86,14516527,0
"2021-12-13",12241,6575533,7429,5796708,658,557543,37876,1614835,375,30487,38251,1645322,58579,56147.71,14575106,0
"2021-12-14",12253,6587786,6958,5803666,731,558274,38141,1652976,412,30899,38553,1683875,58495,55075.71,14633601,0
"2021-12-15",12120,6599906,6239,5809905,755,559029,38125,1691101,473,31372,38598,1722473,57712,54161.57,14691313,0
"2021-12-16",13144,6613050,4275,5814180,740,559769,41039,1732140,425,31797,41464,1763937,59623,53520.43,14750936,0
"2021-12-17",15956,6629006,6930,5821110,620,560389,46764,1778904,457,32254,47221,1811158,70727,53766.71,14821663,0
"2021-12-18",13031,6642037,5719,5826829,432,560821,30617,1809521,259,32513,30876,1842034,50058,54379.57,14871721,0
"2021-12-19",7025,6649062,2995,5829824,326,561147,18004,1827525,165,32678,18169,1860203,28515,54815.57,14900236,0
"2021-12-20",16884,6665946,5866,5835690,746,561893,47432,1874957,542,33220,47974,1908177,71470,56657.14,14971706,0
"2021-12-21",17982,6683928,6576,5842266,806,562699,48902,1923859,560,33780,49462,1957639,74826,58990.14,15046532,0
"2021-12-22",18550,6702478,6559,5848825,938,563637,49664,1973523,511,34291,50175,2007814,76222,61634.43,15122754,0
"2021-12-23",19052,6721530,6481,5855306,929,564566,45820,2019343,502,34793,46322,2054136,72784,63514.57,15195538,0
"2021-12-24",9247,6730777,2952,5858258,598,565164,20591,2039934,204,34997,20795,2074931,33592,58209.57,15229130,0
"2021-12-25",343,6731120,64,5858322,31,565195,427,2040361,8,35005,435,2075366,873,51183.14,15230003,0
"2021-12-26",7977,6739097,3929,5862251,341,565536,17273,2057634,167,35172,17440,2092806,29687,51350.57,15259690,0
"2021-12-27",21793,6760890,9205,5871456,932,566468,43424,2101058,529,35701,43953,2136759,75883,51981,15335573,0
"2021-12-28",20168,6781058,8331,5879787,699,567167,47562,2148620,585,36286,48147,2184906,77345,52340.86,15412918,0
"2021-12-29",18507,6799565,7672,5887459,607,567774,45536,2194156,466,36752,46002,2230908,72788,51850.29,15485706,0
"2021-12-30",16887,6816452,7418,5894877,587,568361,44838,2238994,559,37311,45397,2276305,70289,51493.86,15555995,0
"2021-12-31",5365,6821817,2808,5897685,193,568554,14760,2253754,173,37484,14933,2291238,23299,50023.43,15579294,0
"2022-01-01",243,6822060,147,5897832,12,568566,501,2254255,20,37504,521,2291759,923,50030.57,15580217,0
"2022-01-02",6434,6828494,5021,5902853,153,568719,10974,2265229,107,37611,11081,2302840,22689,49030.86,15602906,0
"2022-01-03",14141,6842635,8486,5911339,515,569234,26925,2292154,313,37924,27238,2330078,50380,45387.57,15653286,0
"2022-01-04",12914,6855549,8108,5919447,414,569648,27154,2319308,344,38268,27498,2357576,48934,41328.86,15702220,0
"2022-01-05",11511,6867060,6994,5926441,384,570032,25838,2345146,296,38564,26134,2383710,45023,37362.43,15747243,0
"2022-01-06",11488,6878548,7386,5933827,485,570517,27513,2372659,322,38886,27835,2411545,47194,34063.14,15794437,0
"2022-01-07",10406,6888954,8419,5942246,338,570855,25019,2397678,306,39192,25325,2436870,44488,37090.14,15838925,0
"2022-01-08",7876,6896830,8568,5950814,310,571165,19448,2417126,171,39363,19619,2456489,36373,42154.43,15875298,0
"2022-01-09",4136,6900966,3845,5954659,214,571379,10057,2427183,88,39451,10145,2466634,18340,41533.14,15893638,0
"2022-01-10",10184,6911150,8187,5962846,490,571869,24603,2451786,288,39739,24891,2491525,43752,40586.29,15937390,0
"2022-01-11",8900,6920050,7998,5970844,521,572390,21022,2472808,271,40010,21293,2512818,38712,39126,15976102,0
"2022-01-12",8939,6928989,8319,5979163,428,572818,22331,2495139,283,40293,22614,2535432,40300,38451.29,16016402,0
"2022-01-13",9046,6938035,8866,5988029,451,573269,22876,2518015,302,40595,23178,2558610,41541,37643.71,16057943,0
"2022-01-14",10118,6948153,8121,5996150,476,573745,26433,2544448,306,40901,26739,2585349,45454,37781.71,16103397,0
"2022-01-15",6209,6954362,4308,6000458,179,573924,15145,2559593,168,41069,15313,2600662,26009,36301.14,16129406,0
"2022-01-16",2922,6957284,3250,6003708,95,574019,7819,2567412,80,41149,7899,2608561,14166,35704.86,16143572,0
"2022-01-17",6084,6963368,6759,6010467,363,574382,14678,2582090,206,41355,14884,2623445,28090,33467.43,16171662,0
"2022-01-18",8168,6971536,10315,6020782,397,574779,19661,2601751,312,41667,19973,2643418,38853,33487.57,16210515,0
"2022-01-19",7473,6979009,9253,6030035,304,575083,17711,2619462,264,41931,17975,2661393,35005,32731.14,16245520,0
"2022-01-20",6281,6985290,8561,6038596,305,575388,15252,2634714,230,42161,15482,2676875,30629,31172.29,16276149,0
"2022-01-21",7576,6992866,7500,6046096,276,575664,18505,2653219,275,42436,18780,2695655,34132,29554.86,16310281,0
"2022-01-22",5194,6998060,4939,6051035,131,575795,11318,2664537,121,42557,11439,2707094,21703,28939.71,16331984,0
"2022-01-23",2811,7000871,3329,6054364,97,575892,6228,2670765,74,42631,6302,2713396,12539,28707.29,16344523,0
"2022-01-24",6371,7007242,8201,6062565,262,576154,15074,2685839,232,42863,15306,2728702,30140,29000.14,16374663,0
"2022-01-25",6191,7013433,7936,6070501,233,576387,14684,2700523,253,43116,14937,2743639,29297,27635,16403960,0
"2022-01-26",5756,7019189,7170,6077671,289,576676,14016,2714539,206,43322,14222,2757861,27437,26553.86,16431397,0
"2022-01-27",5263,7024452,7090,6084761,321,576997,14079,2728618,227,43549,14306,2772167,26980,26032.57,16458377,0
"2022-01-28",6266,7030718,7867,6092628,203,577200,16128,2744746,231,43780,16359,2788526,30695,25541.57,16489072,0
"2022-01-29",843,7031561,727,6093355,28,577228,2537,2747283,39,43819,2576,2791102,4174,23037.43,16493246,0
"2022-01-30",2097,7033658,3020,6096375,103,577331,4536,2751819,61,43880,4597,2795699,9817,22648.57,16503063,0
"2022-01-31",5008,7038666,6599,6102974,220,577551,11374,2763193,196,44076,11570,2807269,23397,21685.29,16526460,0
"2022-02-01",4839,7043505,6436,6109410,219,577770,10710,2773903,210,44286,10920,2818189,22414,20702,16548874,0
"2022-02-02",4250,7047755,5924,6115334,213,577983,11227,2785130,234,44520,11461,2829650,21848,19903.57,16570722,0
"2022-02-03",4233,7051988,5810,6121144,216,578199,11214,2796344,194,44714,11408,2841058,21667,19144.57,16592389,0
"2022-02-04",4776,7056764,7114,6128258,214,578413,13217,2809561,232,44946,13449,2854507,25553,18410,16617942,0
"2022-02-05",3587,7060351,6052,6134310,110,578523,8572,2818133,147,45093,8719,2863226,18468,20452,16636410,0
"2022-02-06",2064,7062415,2133,6136443,121,578644,4637,2822770,102,45195,4739,2867965,9057,20343.43,16645467,0
"2022-02-07",4159,7066574,4727,6141170,205,578849,10133,2832903,226,45421,10359,2878324,19450,19779.57,16664917,0
"2022-02-08",4225,7070799,5610,6146780,214,579063,11325,2844228,300,45721,11625,2889949,21674,19673.86,16686591,0
"2022-02-09",4141,7074940,5403,6152183,222,579285,11659,2855887,247,45968,11906,2901855,21672,19648.71,16708263,0
"2022-02-10",4002,7078942,5118,6157301,245,579530,12195,2868082,279,46247,12474,2914329,21839,19673.29,16730102,0
"2022-02-11",4518,7083460,5806,6163107,195,579725,13731,2881813,310,46557,14041,2928370,24560,19531.43,16754662,0
"2022-02-12",3262,7086722,4341,6167448,97,579822,8805,2890618,212,46769,9017,2937387,16717,19281.29,16771379,0
"2022-02-13",1522,7088244,1542,6168990,41,579863,4881,2895499,105,46874,4986,2942373,8091,19143.29,16779470,0
"2022-02-14",2985,7091229,3624,6172614,167,580030,10568,2906067,321,47195,10889,2953262,17665,18888.29,16797135,0
"2022-02-15",3561,7094790,4070,6176684,176,580206,12779,2918846,269,47464,13048,2966310,20855,18771.29,16817990,0
"2022-02-16",3666,7098456,3902,6180586,200,580406,15720,2934566,287,47751,16007,2982317,23775,19071.71,16841765,0
"2022-02-17",4040,7102496,4078,6184664,162,580568,18268,2952834,353,48104,18621,3000938,26901,19794.86,16868666,0
"2022-02-18",4478,7106974,4782,6189446,190,580758,21529,2974363,446,48550,21975,3022913,31425,20775.57,16900091,0
"2022-02-19",3258,7110232,2179,6191625,65,580823,11176,2985539,211,48761,11387,3034300,16889,20800.14,16916980,0
"2022-02-20",1862,7112094,1447,6193072,59,580882,6576,2992115,110,48871,6686,3040986,10054,21080.57,16927034,0
"2022-02-21",3087,7115181,2692,6195764,95,580977,8354,3000469,222,49093,8576,3049562,14450,20621.29,16941484,0
"2022-02-22",4382,7119563,4249,6200013,175,581152,10829,3011298,247,49340,11076,3060638,19882,20482.29,16961366,0
"2022-02-23",4271,7123834,3791,6203804,145,581297,10661,3021959,237,49577,10898,3071536,19105,19815.14,16980471,0
"2022-02-24",3796,7127630,3656,6207460,108,581405,10185,3032144,229,49806,10414,3081950,17974,18539.86,16998445,0
"2022-02-25",3620,7131250,3624,6211084,134,581539,9973,3042117,230,50036,10203,3092153,17581,16562.14,17016026,0
"2022-02-26",2840,7134090,2578,6213662,74,581613,9509,3051626,153,50189,9662,3101815,15154,16314.29,17031180,0
"2022-02-27",1773,7135863,1371,6215033,52,581665,6268,3057894,97,50286,6365,3108180,9561,16243.86,17040741,0
"2022-02-28",3806,7139669,3133,6218166,140,581805,13127,3071021,246,50532,13373,3121553,20452,17101.29,17061193,0
"2022-03-01",2139,7141808,2624,6220790,103,581908,5169,3076190,182,50714,5351,3126904,10217,15720.57,17071410,0
"2022-03-02",1845,7143653,2437,6223227,106,582014,4128,3080318,204,50918,4332,3131236,8720,14237,17080130,0
"2022-03-03",1939,7145592,2555,6225782,106,582120,3793,3084111,168,51086,3961,3135197,8561,12892.29,17088691,0
"2022-03-04",2122,7147714,2873,6228655,66,582186,4327,3088438,205,51291,4532,3139729,9593,11751.14,17098284,0
"2022-03-05",1612,7149326,2125,6230780,43,582229,3316,3091754,112,51403,3428,3143157,7208,10616,17105492,0
"2022-03-06",799,7150125,879,6231659,30,582259,1622,3093376,54,51457,1676,3144833,3384,9733.57,17108876,0
"2022-03-07",1668,7151793,1787,6233446,86,582345,3496,3096872,160,51617,3656,3148489,7197,7840,17116073,0
"2022-03-08",1550,7153343,1892,6235338,80,582425,3123,3099995,145,51762,3268,3151757,6790,7350.43,17122863,0
"2022-03-09",1266,7154609,1667,6237005,79,582504,2584,3102579,129,51891,2713,3154470,5725,6922.57,17128588,0
"2022-03-10",1419,7156028,2099,6239104,85,582589,2951,3105530,161,52052,3112,3157582,6715,6658.86,17135303,0
"2022-03-11",1604,7157632,2272,6241376,81,582670,3212,3108742,187,52239,3399,3160981,7356,6339.29,17142659,0
"2022-03-12",879,7158511,1414,6242790,40,582710,2004,3110746,72,52311,2076,3163057,4409,5939.43,17147068,0
"2022-03-13",626,7159137,757,6243547,27,582737,1292,3112038,47,52358,1339,3164396,2749,5848.71,17149817,0
"2022-03-14",1373,7160510,1602,6245149,83,582820,2989,3115027,204,52562,3193,3167589,6251,5713.57,17156068,0
"2022-03-15",1362,7161872,1923,6247072,63,582883,3068,3118095,228,52790,3296,3170885,6644,5692.71,17162712,0
"2022-03-16",1401,7163273,2065,6249137,94,582977,3132,3121227,293,53083,3425,3174310,6985,5872.71,17169697,0
"2022-03-17",1185,7164458,1806,6250943,70,583047,2758,3123985,262,53345,3020,3177330,6081,5782.14,17175778,0
"2022-03-18",1595,7166053,2211,6253154,80,583127,3770,3127755,413,53758,4183,3181513,8069,5884,17183847,0
"2022-03-19",1112,7167165,1733,6254887,54,583181,2597,3130352,225,53983,2822,3184335,5721,6071.43,17189568,0
"2022-03-20",614,7167779,627,6255514,33,583214,1463,3131815,183,54166,1646,3185981,2920,6095.86,17192488,0
"2022-03-21",1422,7169201,1552,6257066,72,583286,3054,3134869,352,54518,3406,3189387,6452,6124.57,17198940,0
"2022-03-22",1344,7170545,1551,6258617,101,583387,2902,3137771,338,54856,3240,3192627,6236,6066.29,17205176,0
"2022-03-23",1262,7171807,1361,6259978,66,583453,2917,3140688,371,55227,3288,3195915,5977,5922.29,17211153,0
"2022-03-24",1211,7173018,1300,6261278,90,583543,2517,3143205,264,55491,2781,3198696,5382,5822.43,17216535,0
"2022-03-25",1390,7174408,1629,6262907,62,583605,3263,3146468,372,55863,3635,3202331,6716,5629.14,17223251,0
"2022-03-26",929,7175337,1162,6264069,36,583641,2303,3148771,249,56112,2552,3204883,4679,5480.29,17227930,0
"2022-03-27",574,7175911,527,6264596,29,583670,1312,3150083,203,56315,1515,3206398,2645,5441,17230575,0
"2022-03-28",1087,7176998,1164,6265760,68,583738,2440,3152523,354,56669,2794,3209192,5113,5249.71,17235688,0
"2022-03-29",1052,7178050,1104,6266864,85,583823,2514,3155037,873,57542,3387,3212579,5628,5162.86,17241316,0
"2022-03-30",1251,7179301,1142,6268006,98,583921,3066,3158103,3377,60919,6443,3219022,8934,5585.29,17250250,0
"2022-03-31",1290,7180591,1261,6269267,57,583978,3166,3161269,5473,66392,8639,3227661,11247,6423.14,17261497,0
"2022-04-01",1436,7182027,1496,6270763,76,584054,3250,3164519,6865,73257,10115,3237776,13123,7338.43,17274620,0
"2022-04-02",913,7182940,913,6271676,33,584087,2097,3166616,4494,77751,6591,3244367,8450,7877.14,17283070,0
"2022-04-03",561,7183501,499,6272175,28,584115,1223,3167839,3041,80792,4264,3248631,5352,8263.86,17288422,0
"2022-04-04",1358,7184859,1308,6273483,60,584175,2734,3170573,7651,88443,10385,3259016,13111,9406.43,17301533,0
"2022-04-05",1305,7186164,1164,6274647,66,584241,2856,3173429,7441,95884,10297,3269313,12832,10435.57,17314365,0
"2022-04-06",1345,7187509,1180,6275827,61,584302,2622,3176051,6913,102797,9535,3278848,12121,10890.86,17326486,0
"2022-04-07",1213,7188722,1063,6276890,57,584359,2378,3178429,6572,109369,8950,3287798,11283,10896,17337769,0
"2022-04-08",1493,7190215,1403,6278293,62,584421,3168,3181597,8724,118093,11892,3299690,14850,11142.71,17352619,0
"2022-04-09",925,7191140,924,6279217,29,584450,2069,3183666,4916,123009,6985,3306675,8863,11201.71,17361482,0
"2022-04-10",588,7191728,460,6279677,25,584475,1170,3184836,2870,125879,4040,3310715,5113,11167.57,17366595,0
"2022-04-11",1330,7193058,1235,6280912,59,584534,2665,3187501,7741,133620,10406,3321121,13030,11156,17379625,0
"2022-04-12",1221,7194279,1058,6281970,73,584607,2530,3190031,7371,140991,9901,3331022,12253,11073.29,17391878,0
"2022-04-13",1255,7195534,1079,6283049,59,584666,2508,3192539,7492,148483,10000,3341022,12393,11112.14,17404271,0
"2022-04-14",1279,7196813,1102,6284151,59,584725,2436,3194975,6529,155012,8965,3349987,11405,11129.57,17415676,0
"2022-04-15",1353,7198166,1097,6285248,53,584778,2566,3197541,6570,161582,9136,3359123,11639,10670.86,17427315,0
"2022-04-16",872,7199038,653,6285901,33,584811,1639,3199180,3642,165224,5281,3364404,6839,10381.71,17434154,0
"2022-04-17",347,7199385,203,6286104,27,584838,639,3199819,1144,166368,1783,3366187,2360,9988.43,17436514,0
"2022-04-18",1393,7200778,1116,6287220,82,584920,2589,3202408,6370,172738,8959,3375146,11550,9777,17448064,0
"2022-04-19",1420,7202198,939,6288159,72,584992,2574,3204982,5701,178439,8275,3383421,10706,9556,17458770,0
"2022-04-20",1317,7203515,1147,6289306,65,585057,2682,3207664,6585,185024,9267,3392688,11796,9470.71,17470566,0
"2022-04-21",1228,7204743,1062,6290368,53,585110,2330,3209994,5295,190319,7625,3400313,9968,9265.43,17480534,0
"2022-04-22",1219,7205962,1026,6291394,46,585156,2201,3212195,5587,195906,7788,3408101,10079,9042.57,17490613,0
"2022-04-23",718,7206680,750,6292144,59,585215,1427,3213622,3323,199229,4750,3412851,6277,8962.29,17496890,0
"2022-04-24",443,7207123,338,6292482,27,585242,814,3214436,1797,201026,2611,3415462,3419,9113.57,17500309,0
"2022-04-25",1032,7208155,915,6293397,64,585306,1853,3216289,5049,206075,6902,3422364,8913,8736.86,17509222,0
"2022-04-26",949,7209104,857,6294254,76,585382,1754,3218043,4654,210729,6408,3428772,8290,8391.71,17517512,0
"2022-04-27",1042,7210146,1026,6295280,80,585462,1931,3219974,5166,215895,7097,3435869,9245,8027.29,17526757,0
"2022-04-28",1092,7211238,988,6296268,50,585512,2006,3221980,4694,220589,6700,3442569,8830,7864.71,17535587,0
"2022-04-29",1191,7212429,1107,6297375,60,585572,2156,3224136,5333,225922,7489,3450058,9847,7831.57,17545434,0
"2022-04-30",730,7213159,741,6298116,43,585615,1393,3225529,2936,228858,4329,3454387,5843,7769.57,17551277,0
"2022-05-01",447,7213606,367,6298483,20,585635,766,3226295,1640,230498,2406,3456793,3240,7744,17554517,0
"2022-05-02",1061,7214667,792,6299275,52,585687,1673,3227968,3780,234278,5453,3462246,7358,7521.86,17561875,0
"2022-05-03",1124,7215791,863,6300138,61,585748,1997,3229965,4826,239104,6823,3469069,8871,7604.86,17570746,0
"2022-05-04",1023,7216814,883,6301021,48,585796,1914,3231879,4595,243699,6509,3475578,8463,7493.14,17579209,0
"2022-05-05",1060,7217874,952,6301973,86,585882,1926,3233805,4841,248540,6767,3482345,8865,7498.14,17588074,0
"2022-05-06",1095,7218969,958,6302931,51,585933,1867,3235672,4338,252878,6205,3488550,8309,7278.43,17596383,0
"2022-05-07",663,7219632,592,6303523,32,585965,1203,3236875,2409,255287,3612,3492162,4899,7143.57,17601282,0
"2022-05-08",417,7220049,247,6303770,17,585982,668,3237543,1367,256654,2035,3494197,2716,7068.71,17603998,0
"2022-05-09",1085,7221134,950,6304720,60,586042,1884,3239427,4402,261056,6286,3500483,8381,7214.86,17612379,0
"2022-05-10",1099,7222233,936,6305656,54,586096,1987,3241414,4667,265723,6654,3507137,8743,7196.57,17621122,0
"2022-05-11",1096,7223329,979,6306635,44,586140,1939,3243353,4803,270526,6742,3513879,8861,7253.43,17629983,0
"2022-05-12",1105,7224434,949,6307584,58,586198,2004,3245357,4618,275144,6622,3520501,8734,7234.71,17638717,0
"2022-05-13",1166,7225600,1039,6308623,44,586242,2061,3247418,4753,279897,6814,3527315,9063,7342.43,17647780,0
"2022-05-14",832,7226432,670,6309293,31,586273,1471,3248889,2913,282810,4384,3531699,5917,7487.86,17653697,0
"2022-05-15",511,7226943,358,6309651,21,586294,923,3249812,1637,284447,2560,3534259,3450,7592.71,17657147,0
"2022-05-16",1231,7228174,862,6310513,61,586355,1825,3251637,3824,288271,5649,3539908,7803,7510.14,17664950,0
"2022-05-17",1301,7229475,926,6311439,79,586434,2051,3253688,4837,293108,6888,3546796,9194,7574.57,17674144,0
"2022-05-18",1249,7230724,903,6312342,82,586516,2060,3255748,4879,297987,6939,3553735,9173,7619.14,17683317,0
"2022-05-19",1172,7231896,878,6313220,35,586551,2115,3257863,4677,302664,6792,3560527,8877,7639.57,17692194,0
"2022-05-20",1204,7233100,955,6314175,74,586625,2368,3260231,5134,307798,7502,3568029,9735,7735.57,17701929,0
"2022-05-21",837,7233937,648,6314823,23,586648,1726,3261957,3263,311061,4989,3573018,6497,7818.43,17708426,0
"2022-05-22",514,7234451,292,6315115,22,586670,1134,3263091,1824,312885,2958,3575976,3786,7866.43,17712212,0
"2022-05-23",1228,7235679,891,6316006,47,586717,2183,3265274,4660,317545,6843,3582819,9009,8038.71,17721221,0
"2022-05-24",1438,7237117,939,6316945,66,586783,2289,3267563,4432,321977,6721,3589540,9164,8034.43,17730385,0
"2022-05-25",1443,7238560,958,6317903,56,586839,2263,3269826,4199,326176,6462,3596002,8919,7998.14,17739304,0
"2022-05-26",1183,7239743,871,6318774,60,586899,2259,3272085,4089,330265,6348,3602350,8462,7938.86,17747766,0
"2022-05-27",1258,7241001,956,6319730,38,586937,2491,3274576,3855,334120,6346,3608696,8598,7776.43,17756364,0
"2022-05-28",720,7241721,518,6320248,19,586956,1777,3276353,2042,336162,3819,3612515,5076,7573.43,17761440,0
"2022-05-29",476,7242197,217,6320465,11,586967,762,3277115,1111,337273,1873,3614388,2577,7400.71,17764017,0
"2022-05-30",92,7242289,56,6320521,6,586973,139,3277254,143,337416,282,3614670,436,6176,17764453,0
"2022-05-31",1139,7243428,912,6321433,51,587024,1878,3279132,3036,340452,4914,3619584,7016,5869.14,17771469,0
"2022-06-01",1153,7244581,845,6322278,63,587087,1960,3281092,3377,343829,5337,3624921,7398,5651.86,17778867,0
"2022-06-02",1033,7245614,800,6323078,72,587159,1821,3282913,3139,346968,4960,3629881,6865,5423.71,17785732,0
"2022-06-03",1171,7246785,890,6323968,47,587206,2053,3284966,3471,350439,5524,3635405,7632,5285.71,17793364,0
"2022-06-04",728,7247513,582,6324550,26,587232,1550,3286516,1888,352327,3438,3638843,4774,5242.57,17798138,0
"2022-06-05",450,7247963,297,6324847,1,587233,878,3287394,977,353304,1855,3640698,2603,5246.29,17800741,0
"2022-06-06",1126,7249089,826,6325673,64,587297,1752,3289146,2722,356026,4474,3645172,6490,6111.14,17807231,0
"2022-06-07",1027,7250116,767,6326440,70,587367,1767,3290913,2550,358576,4317,3649489,6181,5991.86,17813412,0
"2022-06-08",1094,7251210,835,6327275,75,587442,1867,3292780,2720,361296,4587,3654076,6591,5876.57,17820003,0
"2022-06-09",1147,7252357,836,6328111,62,587504,2211,3294991,2676,363972,4887,3658963,6932,5886.14,17826935,0
"2022-06-10",1054,7253411,813,6328924,75,587579,1877,3296868,2804,366776,4681,3663644,6623,5742,17833558,0
"2022-06-11",684,7254095,508,6329432,24,587603,1316,3298184,1499,368275,2815,3666459,4031,5635.86,17837589,0
"2022-06-12",351,7254446,286,6329718,20,587623,879,3299063,766,369041,1645,3668104,2302,5592.86,17839891,0
"2022-06-13",1036,7255482,764,6330482,63,587686,1570,3300633,2168,371209,3738,3671842,5601,5465.86,17845492,0
"2022-06-14",942,7256424,817,6331299,55,587741,1659,3302292,2484,373693,4143,3675985,5957,5433.86,17851449,0
"2022-06-15",982,7257406,853,6332152,39,587780,1635,3303927,2397,376090,4032,3680017,5906,5336,17857355,0
"2022-06-16",942,7258348,775,6332927,59,587839,1807,3305734,2330,378420,4137,3684154,5913,5190.43,17863268,0
"2022-06-17",899,7259247,786,6333713,44,587883,1745,3307479,2380,380800,4125,3688279,5854,5080.57,17869122,0
"2022-06-18",663,7259910,520,6334233,26,587909,1270,3308749,1290,382090,2560,3690839,3769,5043.14,17872891,0
"2022-06-19",355,7260265,236,6334469,16,587925,723,3309472,602,382692,1325,3692164,1932,4990.29,17874823,0
"2022-06-20",831,7261096,485,6334954,41,587966,1550,3311022,1606,384298,3156,3695320,4513,4834.86,17879336,0
"2022-06-21",1056,7262152,723,6335677,50,588016,1672,3312694,2112,386410,3784,3699104,5613,4785.71,17884949,0
"2022-06-22",1003,7263155,803,6336480,44,588060,1675,3314369,1969,388379,3644,3702748,5494,4726.86,17890443,0
"2022-06-23",939,7264094,747,6337227,64,588124,1685,3316054,2131,390510,3816,3706564,5566,4677.29,17896009,0
"2022-06-24",925,7265019,752,6337979,48,588172,1614,3317668,2121,392631,3735,3710299,5460,4621,17901469,0
"2022-06-25",632,7265651,480,6338459,15,588187,1228,3318896,1121,393752,2349,3712648,3476,4579.14,17904945,0
"2022-06-26",438,7266089,247,6338706,14,588201,678,3319574,529,394281,1207,3713855,1906,4575.43,17906851,0
"2022-06-27",850,7266939,645,6339351,60,588261,1445,3321019,1592,395873,3037,3716892,4592,4586.71,17911443,0
"2022-06-28",979,7267918,818,6340169,50,588311,1833,3322852,2087,397960,3920,3720812,5767,4608.71,17917210,0
"2022-06-29",882,7268800,760,6340929,47,588358,1674,3324526,1901,399861,3575,3724387,5264,4575.86,17922474,0
"2022-06-30",886,7269686,796,6341725,46,588404,1699,3326225,2058,401919,3757,3728144,5485,4564.29,17927959,0
"2022-07-01",713,7270399,584,6342309,22,588426,1362,3327587,1695,403614,3057,3731201,4376,4409.43,17932335,0
"2022-07-02",436,7270835,377,6342686,15,588441,823,3328410,918,404532,1741,3732942,2569,4279.86,17934904,0
"2022-07-03",296,7271131,205,6342891,5,588446,459,3328869,478,405010,937,3733879,1443,4213.71,17936347,0
"2022-07-04",31,7271162,26,6342917,1,588447,30,3328899,38,405048,68,3733947,126,3575.71,17936473,0
"2022-07-05",809,7271971,740,6343657,33,588480,1382,3330281,1718,406766,3100,3737047,4682,3420.71,17941155,0
"2022-07-06",806,7272777,662,6344319,43,588523,1392,3331673,1756,408522,3148,3740195,4659,3334.29,17945814,0
"2022-07-07",837,7273614,692,6345011,45,588568,1469,3333142,1925,410447,3394,3743589,4968,3260.43,17950782,0
"2022-07-08",863,7274477,632,6345643,37,588605,1440,3334582,1923,412370,3363,3746952,4895,3334.57,17955677,0
"2022-07-09",507,7274984,405,6346048,23,588628,866,3335448,1321,413691,2187,3749139,3122,3413.57,17958799,0
"2022-07-10",327,7275311,181,6346229,14,588642,422,3335870,651,414342,1073,3750212,1595,3435.29,17960394,0
"2022-07-11",927,7276238,611,6346840,46,588688,1395,3337265,2141,416483,3536,3753748,5120,4148.71,17965514,0
"2022-07-12",883,7277121,669,6347509,44,588732,1375,3338640,2458,418941,3833,3757581,5429,4255.43,17970943,0
"2022-07-13",834,7277955,664,6348173,33,588765,1443,3340083,2634,421575,4077,3761658,5608,4391,17976551,120000
"2022-07-14",886,7278841,654,6348827,44,588809,1442,3341525,2822,424397,4264,3765922,5848,4516.71,17982399,120000
"2022-07-15",839,7279680,639,6349466,39,588848,1516,3343041,2940,427337,4456,3770378,5973,4670.71,17988372,120000
"2022-07-16",411,7280091,416,6349882,9,588857,942,3343983,1637,428974,2579,3772957,3415,4712.57,17991787,120000
"2022-07-17",341,7280432,210,6350092,16,588873,512,3344495,1140,430114,1652,3774609,2219,4801.71,17994006,120000
"2022-07-18",913,7281345,590,6350682,42,588915,1358,3345853,2316,432430,3674,3778283,5219,4815.86,17999225,120000
"2022-07-19",305,7281650,240,6350922,13,588928,532,3346385,1051,433481,1583,3779866,2141,4346.14,18001366,120000
