"DATE","ADMIN_DOSE1_DAILY","ADMIN_DOSE1_CUMULATIVE","ADMIN_DOSE2_DAILY","ADMIN_DOSE2_CUMULATIVE","ADMIN_SINGLE_DAILY","ADMIN_SINGLE_CUMULATIVE","ADMIN_ADDITIONAL_DAILY","ADMIN_ADDITIONAL_CUMULATIVE","ADMIN_ALLDOSES_DAILY","ADMIN_ALLDOSES_7DAYAVG","ADMIN_ALLDOSES_CUMULATIVE","INCOMPLETE"
"2020-12-14",79,79,0,0,0,0,0,0,79,,79,0
"2020-12-15",2052,2131,6,6,4,4,0,0,2062,,2141,0
"2020-12-16",4603,6734,13,19,1,5,1,1,4618,,6759,0
"2020-12-17",4655,11389,17,36,0,5,1,2,4673,,11432,0
"2020-12-18",5833,17222,20,56,2,7,2,4,5857,,17289,0
"2020-12-19",1689,18911,7,63,3,10,0,4,1699,,18988,0
"2020-12-20",1116,20027,2,65,1,11,0,4,1119,2872.43,20107,0
"2020-12-21",6338,26365,18,83,0,11,6,10,6362,3770,26469,0
"2020-12-22",9796,36161,27,110,2,13,1,11,9826,4879.14,36295,0
"2020-12-23",14273,50434,36,146,3,16,1,12,14313,6264.14,50608,0
"2020-12-24",7200,57634,25,171,1,17,0,12,7226,6628.86,57834,0
"2020-12-25",180,57814,0,171,0,17,1,13,181,5818,58015,0
"2020-12-26",4389,62203,42,213,0,17,1,14,4432,6208.43,62447,0
"2020-12-27",3868,66071,14,227,0,17,1,15,3883,6603.29,66330,0
"2020-12-28",10995,77066,50,277,1,18,2,17,11048,7272.71,77378,0
"2020-12-29",10719,87785,34,311,2,20,2,19,10757,7405.71,88135,0
"2020-12-30",12824,100609,45,356,0,20,0,19,12869,7199.43,101004,0
"2020-12-31",7263,107872,30,386,1,21,0,19,7294,7209.14,108298,0
"2021-01-01",181,108053,2,388,1,22,3,22,187,7210,108485,0
"2021-01-02",3810,111863,10,398,2,24,2,24,3824,7123.14,112309,0
"2021-01-03",3543,115406,23,421,2,26,1,25,3569,7078.29,115878,0
"2021-01-04",12258,127664,805,1226,2,28,6,31,13071,7367.29,128949,0
"2021-01-05",14085,141749,2191,3417,2,30,11,42,16289,8157.57,145238,0
"2021-01-06",17807,159556,3924,7341,1,31,30,72,21762,9428,167000,0
"2021-01-07",16547,176103,5172,12513,4,35,45,117,21768,11495.71,188768,0
"2021-01-08",16618,192721,5456,17969,0,35,32,149,22106,14627,210874,0
"2021-01-09",7649,200370,1463,19432,1,36,7,156,9120,15383.57,219994,0
"2021-01-10",7883,208253,981,20413,0,36,10,166,8874,16141.43,228868,0
"2021-01-11",25825,234078,7458,27871,2,38,48,214,33333,19036,262201,0
"2021-01-12",28264,262342,7859,35730,1,39,43,257,36167,21875.71,298368,0
"2021-01-13",31731,294073,9382,45112,1,40,52,309,41166,24647.71,339534,0
"2021-01-14",35807,329880,5327,50439,1,41,28,337,41163,27418.43,380697,0
"2021-01-15",29266,359146,3707,54146,2,43,32,369,33007,28975.71,413704,0
"2021-01-16",30291,389437,2381,56527,0,43,25,394,32697,32343.86,446401,0
"2021-01-17",23752,413189,1623,58150,0,43,18,412,25393,34703.71,471794,0
"2021-01-18",27108,440297,2413,60563,0,43,35,447,29556,34164.14,501350,0
"2021-01-19",34300,474597,9623,70186,1,44,71,518,43995,35282.43,545345,0
"2021-01-20",34868,509465,9494,79680,1,45,59,577,44422,35747.57,589767,0
"2021-01-21",25591,535056,8091,87771,2,47,49,626,33733,34686.14,623500,0
"2021-01-22",24756,559812,4382,92153,1,48,32,658,29171,34138.14,652671,0
"2021-01-23",15742,575554,3223,95376,0,48,10,668,18975,32177.86,671646,0
"2021-01-24",7178,582732,3450,98826,0,48,19,687,10647,30071.29,682293,0
"2021-01-25",13415,596147,11820,110646,0,48,63,750,25298,29463,707591,0
"2021-01-26",16764,612911,10752,121398,0,48,67,817,27583,27118.43,735174,0
"2021-01-27",20835,633746,12356,133754,0,48,50,867,33241,25521.14,768415,0
"2021-01-28",30765,664511,12846,146600,0,48,79,946,43690,26943.57,812105,0
"2021-01-29",31692,696203,11497,158097,0,48,80,1026,43269,28957.57,855374,0
"2021-01-30",18716,714919,3738,161835,0,48,20,1046,22474,29457.43,877848,0
"2021-01-31",13024,727943,2917,164752,1,49,28,1074,15970,30217.86,893818,0
"2021-02-01",1180,729123,5369,170121,4,53,35,1109,6588,27545,900406,0
"2021-02-02",2828,731951,9470,179591,2,55,49,1158,12349,25368.71,912755,0
"2021-02-03",16347,748298,21240,200831,4,59,201,1359,37792,26018.86,950547,0
"2021-02-04",27047,775345,19650,220481,3,62,198,1557,46898,26477.14,997445,0
"2021-02-05",27602,802947,20030,240511,0,62,184,1741,47816,27126.71,1045261,0
"2021-02-06",22994,825941,11247,251758,0,62,110,1851,34351,28823.43,1079612,0
"2021-02-07",12046,837987,8282,260040,1,63,88,1939,20417,29458.71,1100029,0
"2021-02-08",16966,854953,23513,283553,2,65,231,2170,40712,34333.57,1140741,0
"2021-02-09",17198,872151,28108,311661,2,67,330,2500,45638,39089.14,1186379,0
"2021-02-10",19596,891747,29306,340967,2,69,257,2757,49161,40713.29,1235540,0
"2021-02-11",27847,919594,33466,374433,2,71,346,3103,61661,42822.29,1297201,0
"2021-02-12",38406,958000,30788,405221,3,74,356,3459,69553,45927.57,1366754,0
"2021-02-13",28004,986004,25309,430530,2,76,306,3765,53621,48680.43,1420375,0
"2021-02-14",16283,1002287,23729,454259,0,76,259,4024,40271,51516.71,1460646,0
"2021-02-15",12796,1015083,10530,464789,2,78,164,4188,23492,49056.71,1484138,0
"2021-02-16",14239,1029322,26730,491519,0,78,319,4507,41288,48435.29,1525426,0
"2021-02-17",16399,1045721,22184,513703,1,79,286,4793,38870,46965.14,1564296,0
"2021-02-18",12156,1057877,24986,538689,21,100,285,5078,37448,43506.14,1601744,0
"2021-02-19",13265,1071142,23934,562623,39,139,302,5380,37540,38932.86,1639284,0
"2021-02-20",11352,1082494,26071,588694,6,145,323,5703,37752,36665.86,1677036,0
"2021-02-21",6362,1088856,17424,606118,15,160,282,5985,24083,34353.29,1701119,0
"2021-02-22",13041,1101897,11848,617966,2,162,125,6110,25016,34571,1726135,0
"2021-02-23",25245,1127142,14147,632113,1,163,159,6269,39552,34323,1765687,0
"2021-02-24",36361,1163503,20371,652484,0,163,222,6491,56954,36906.43,1822641,0
"2021-02-25",54621,1218124,30373,682857,6,169,393,6884,85393,43755.71,1908034,0
"2021-02-26",62877,1281001,31857,714714,4,173,403,7287,95141,51984.43,2003175,0
"2021-02-27",51301,1332302,22740,737454,47,220,331,7618,74419,57222.57,2077594,0
"2021-02-28",44596,1376898,13811,751265,7,227,204,7822,58618,62156.14,2136212,0
"2021-03-01",39315,1416213,12765,764030,10,237,166,7988,52256,66047.57,2188468,0
"2021-03-02",47081,1463294,12567,776597,7,244,161,8149,59816,68942.43,2248284,0
"2021-03-03",48606,1511900,16145,792742,17,261,145,8294,64913,70079.43,2313197,0
"2021-03-04",59823,1571723,22810,815552,1092,1353,266,8560,83991,69879.14,2397188,0
"2021-03-05",60991,1632714,24261,839813,3109,4462,331,8891,88692,68957.86,2485880,0
"2021-03-06",47177,1679891,18879,858692,5450,9912,237,9128,71743,68575.57,2557623,0
"2021-03-07",36047,1715938,14865,873557,6246,16158,227,9355,57385,68399.43,2615008,0
"2021-03-08",39629,1755567,14661,888218,8564,24722,311,9666,63165,69957.86,2678173,0
"2021-03-09",39107,1794674,12817,901035,7767,32489,174,9840,59865,69964.86,2738038,0
"2021-03-10",51833,1846507,15315,916350,5068,37557,224,10064,72440,71040.14,2810478,0
"2021-03-11",59997,1906504,21790,938140,4618,42175,250,10314,86655,71420.71,2897133,0
"2021-03-12",52199,1958703,30296,968436,4183,46358,373,10687,87051,71186.29,2984184,0
"2021-03-13",40657,1999360,26675,995111,5109,51467,326,11013,72767,71332.57,3056951,0
"2021-03-14",30719,2030079,15954,1011065,4528,55995,237,11250,51438,70483,3108389,0
"2021-03-15",33592,2063671,17234,1028299,4717,60712,237,11487,55780,69428,3164169,0
"2021-03-16",38679,2102350,20482,1048781,4925,65637,259,11746,64345,70068,3228514,0
"2021-03-17",42626,2144976,24763,1073544,4247,69884,335,12081,71971,70001,3300485,0
"2021-03-18",50468,2195444,26774,1100318,5241,75125,364,12445,82847,69457,3383332,0
"2021-03-19",47806,2243250,29916,1130234,5623,80748,386,12831,83731,68982.71,3467063,0
"2021-03-20",38712,2281962,25818,1156052,4690,85438,291,13122,69511,68517.57,3536574,0
"2021-03-21",29301,2311263,19338,1175390,770,86208,219,13341,49628,68259,3586202,0
"2021-03-22",33868,2345131,26719,1202109,4037,90245,261,13602,64885,69559.71,3651087,0
"2021-03-23",38439,2383570,32821,1234930,4222,94467,285,13887,75767,71191.43,3726854,0
"2021-03-24",41509,2425079,37563,1272493,4849,99316,325,14212,84246,72945,3811100,0
"2021-03-25",43420,2468499,50742,1323235,5055,104371,465,14677,99682,75350,3910782,0
"2021-03-26",38512,2507011,55459,1378694,4310,108681,525,15202,98806,77503.57,4009588,0
"2021-03-27",35749,2542760,45707,1424401,2939,111620,409,15611,84804,79688.29,4094392,0
"2021-03-28",26399,2569159,34405,1458806,1481,113101,327,15938,62612,81543.14,4157004,0
"2021-03-29",34828,2603987,38815,1497621,3248,116349,343,16281,77234,83307.29,4234238,0
"2021-03-30",40516,2644503,41900,1539521,3714,120063,326,16607,86456,84834.29,4320694,0
"2021-03-31",49407,2693910,44835,1584356,7440,127503,395,17002,102077,87381.57,4422771,0
"2021-04-01",50787,2744697,53924,1638280,11275,138778,501,17503,116487,89782.29,4539258,0
"2021-04-02",43765,2788462,53852,1692132,11972,150750,549,18052,110138,91401.14,4649396,0
"2021-04-03",39262,2827724,39187,1731319,9861,160611,337,18389,88647,91950.14,4738043,0
"2021-04-04",26564,2854288,24745,1756064,3902,164513,220,18609,55431,90924.29,4793474,0
"2021-04-05",41886,2896174,34442,1790506,11196,175709,368,18977,87892,92446.86,4881366,0
"2021-04-06",53282,2949456,35574,1826080,13224,188933,425,19402,102505,94739.57,4983871,0
"2021-04-07",55517,3004973,40678,1866758,14389,203322,389,19791,110973,96010.43,5094844,0
"2021-04-08",59279,3064252,46560,1913318,16337,219659,508,20299,122684,96895.71,5217528,0
"2021-04-09",56652,3120904,44943,1958261,17548,237207,507,20806,119650,98254.57,5337178,0
"2021-04-10",49359,3170263,35638,1993899,12728,249935,384,21190,98109,99606.29,5435287,0
"2021-04-11",38188,3208451,28809,2022708,7685,257620,291,21481,74973,102398,5510260,0
"2021-04-12",46647,3255098,31844,2054552,13494,271114,459,21940,92444,103048.29,5602704,0
"2021-04-13",52553,3307651,33784,2088336,368,271482,390,22330,87095,100846.86,5689799,0
"2021-04-14",50157,3357808,39958,2128294,20,271502,361,22691,90496,97921.57,5780295,0
"2021-04-15",52131,3409939,43673,2171967,16,271518,453,23144,96273,94148.57,5876568,0
"2021-04-16",51194,3461133,42218,2214185,32,271550,411,23555,93855,90463.57,5970423,0
"2021-04-17",43847,3504980,35686,2249871,3,271553,361,23916,79897,87861.86,6050320,0
"2021-04-18",28610,3533590,29374,2279245,7,271560,247,24163,58238,85471.14,6108558,0
"2021-04-19",37482,3571072,36448,2315693,22,271582,315,24478,74267,82874.43,6182825,0
"2021-04-20",40812,3611884,39629,2355322,19,271601,305,24783,80765,81970.14,6263590,0
"2021-04-21",38915,3650799,46003,2401325,15,271616,489,25272,85422,81245.29,6349012,0
"2021-04-22",38511,3689310,48951,2450276,9,271625,332,25604,87803,80035.29,6436815,0
"2021-04-23",39712,3729022,44369,2494645,4,271629,347,25951,84432,78689.14,6521247,0
"2021-04-24",31961,3760983,41598,2536243,44,271673,275,26226,73878,77829.29,6595125,0
"2021-04-25",18425,3779408,31229,2567472,86,271759,190,26416,49930,76642.43,6645055,0
"2021-04-26",26977,3806385,40730,2608202,1013,272772,285,26701,69005,75890.71,6714060,0
"2021-04-27",28578,3834963,47141,2655343,1698,274470,345,27046,77762,75461.71,6791822,0
"2021-04-28",27057,3862020,56832,2712175,2148,276618,418,27464,86455,75609.29,6878277,0
"2021-04-29",28616,3890636,57198,2769373,2147,278765,360,27824,88321,75683.29,6966598,0
"2021-04-30",30129,3920765,51983,2821356,2056,280821,278,28102,84446,75685.29,7051044,0
"2021-05-01",22484,3943249,44551,2865907,1177,281998,221,28323,68433,74907.43,7119477,0
"2021-05-02",11929,3955178,36657,2902564,1080,283078,131,28454,49797,74888.43,7169274,0
"2021-05-03",18037,3973215,53018,2955582,2383,285461,249,28703,73687,75557.29,7242961,0
"2021-05-04",22747,3995962,56643,3012225,2330,287791,260,28963,81980,76159.86,7324941,0
"2021-05-05",21480,4017442,48794,3061019,2312,290103,310,29273,72896,74222.86,7397837,0
"2021-05-06",20685,4038127,50180,3111199,2508,292611,266,29539,73639,72125.43,7471476,0
"2021-05-07",21260,4059387,52101,3163300,2813,295424,302,29841,76476,70986.86,7547952,0
"2021-05-08",16637,4076024,41872,3205172,1835,297259,224,30065,60568,69863.29,7608520,0
"2021-05-09",7976,4084000,29413,3234585,1260,298519,148,30213,38797,68291.86,7647317,0
"2021-05-10",14398,4098398,38538,3273123,2356,300875,225,30438,55517,65696.14,7702834,0
"2021-05-11",19926,4118324,43048,3316171,2515,303390,277,30715,65766,63379.86,7768600,0
"2021-05-12",17818,4136142,40530,3356701,3596,306986,227,30942,62171,61847.71,7830771,0
"2021-05-13",24981,4161123,40428,3397129,3230,310216,257,31199,68896,61170.14,7899667,0
"2021-05-14",27030,4188153,42906,3440035,3537,313753,279,31478,73752,60781,7973419,0
"2021-05-15",23656,4211809,34915,3474950,3366,317119,245,31723,62182,61011.57,8035601,0
"2021-05-16",15538,4227347,19435,3494385,2497,319616,125,31848,37595,60839.86,8073196,0
"2021-05-17",22679,4250026,29139,3523524,3258,322874,174,32022,55250,60801.71,8128446,0
"2021-05-18",24642,4274668,31901,3555425,3404,326278,237,32259,60184,60004.29,8188630,0
"2021-05-19",24205,4298873,29704,3585129,3040,329318,223,32482,57172,59290.14,8245802,0
"2021-05-20",24163,4323036,30079,3615208,3161,332479,271,32753,57674,57687,8303476,0
"2021-05-21",24694,4347730,31998,3647206,3060,335539,247,33000,59999,55722.29,8363475,0
"2021-05-22",20028,4367758,24354,3671560,2525,338064,159,33159,47066,53562.86,8410541,0
"2021-05-23",11238,4378996,13732,3685292,1411,339475,93,33252,26474,51974.14,8437015,0
"2021-05-24",18884,4397880,23149,3708441,2757,342232,215,33467,45005,50510.57,8482020,0
"2021-05-25",19442,4417322,23371,3731812,2601,344833,176,33643,45590,48425.71,8527610,0
"2021-05-26",18789,4436111,21082,3752894,2696,347529,198,33841,42765,46367.57,8570375,0
"2021-05-27",18476,4454587,21266,3774160,2530,350059,191,34032,42463,44194.57,8612838,0
"2021-05-28",17869,4472456,22887,3797047,2752,352811,185,34217,43693,41865.14,8656531,0
"2021-05-29",12715,4485171,17805,3814852,1755,354566,103,34320,32378,39766.86,8688909,0
"2021-05-30",7033,4492204,8947,3823799,1074,355640,46,34366,17100,38427.71,8706009,0
"2021-05-31",4742,4496946,6925,3830724,1012,356652,64,34430,12743,33818.86,8718752,0
"2021-06-01",16042,4512988,25197,3855921,2175,358827,149,34579,43563,33529.29,8762315,0
"2021-06-02",15355,4528343,20389,3876310,2093,360920,137,34716,37974,32844.86,8800289,0
"2021-06-03",15011,4543354,23816,3900126,2280,363200,125,34841,41232,32669,8841521,0
"2021-06-04",14733,4558087,25982,3926108,2492,365692,142,34983,43349,32619.86,8884870,0
"2021-06-05",10995,4569082,22084,3948192,1806,367498,111,35094,34996,32993.86,8919866,0
"2021-06-06",6449,4575531,14465,3962657,1222,368720,84,35178,22220,33725.29,8942086,0
"2021-06-07",11714,4587245,21782,3984439,2380,371100,136,35314,36012,37049.43,8978098,0
"2021-06-08",12659,4599904,24013,4008452,2072,373172,115,35429,38859,36377.43,9016957,0
"2021-06-09",11151,4611055,23025,4031477,2297,375469,127,35556,36600,36181.14,9053557,0
"2021-06-10",12074,4623129,22230,4053707,2462,377931,137,35693,36903,35562.71,9090460,0
"2021-06-11",12709,4635838,25117,4078824,2483,380414,150,35843,40459,35149.86,9130919,0
"2021-06-12",10170,4646008,19304,4098128,1888,382302,92,35935,31454,34643.86,9162373,0
"2021-06-13",4260,4650268,10935,4109063,1219,383521,40,35975,16454,33820.14,9178827,0
"2021-06-14",10218,4660486,19238,4128301,2042,385563,126,36101,31624,33193.29,9210451,0
"2021-06-15",11892,4672378,21003,4149304,1943,387506,126,36227,34964,32636.86,9245415,0
"2021-06-16",11593,4683971,19407,4168711,1956,389462,137,36364,33093,32135.86,9278508,0
"2021-06-17",11024,4694995,18761,4187472,1971,391433,119,36483,31875,31417.57,9310383,0
"2021-06-18",12173,4707168,18495,4205967,2115,393548,113,36596,32896,30337.14,9343279,0
"2021-06-19",8504,4715672,13518,4219485,1459,395007,79,36675,23560,29209.43,9366839,0
"2021-06-20",4336,4720008,7159,4226644,924,395931,36,36711,12455,28638.14,9379294,0
"2021-06-21",10164,4730172,10006,4236650,1806,397737,68,36779,22044,27269.57,9401338,0
"2021-06-22",9839,4740011,15639,4252289,1589,399326,104,36883,27171,26156.29,9428509,0
"2021-06-23",10320,4750331,15180,4267469,1862,401188,101,36984,27463,25352,9455972,0
"2021-06-24",9693,4760024,14697,4282166,1799,402987,115,37099,26304,24556.14,9482276,0
"2021-06-25",10593,4770617,14384,4296550,1718,404705,109,37208,26804,23685.86,9509080,0
"2021-06-26",7807,4778424,10463,4307013,1246,405951,73,37281,19589,23118.57,9528669,0
"2021-06-27",5004,4783428,5998,4313011,796,406747,31,37312,11829,23029.14,9540498,0
"2021-06-28",9036,4792464,10344,4323355,1524,408271,104,37416,21008,22881.14,9561506,0
"2021-06-29",9750,4802214,12310,4335665,1347,409618,127,37543,23534,22361.57,9585040,0
"2021-06-30",9431,4811645,10926,4346591,1481,411099,146,37689,21984,21578.86,9607024,0
"2021-07-01",9399,4821044,10925,4357516,1431,412530,125,37814,21880,20946.86,9628904,0
"2021-07-02",9697,4830741,11436,4368952,1541,414071,121,37935,22795,20374.14,9651699,0
"2021-07-03",7061,4837802,8421,4377373,1193,415264,74,38009,16749,19968.43,9668448,0
"2021-07-04",1288,4839090,1336,4378709,567,415831,8,38017,3199,18735.57,9671647,0
"2021-07-05",6494,4845584,7105,4385814,1208,417039,64,38081,14871,17858.86,9686518,0
"2021-07-06",9515,4855099,12848,4398662,1317,418356,113,38194,23793,17895.86,9710311,0
"2021-07-07",8673,4863772,11106,4409768,1419,419775,121,38315,21319,17800.86,9731630,0
"2021-07-08",8211,4871983,10190,4419958,1260,421035,106,38421,19767,17499,9751397,0
"2021-07-09",8379,4880362,10829,4430787,1279,422314,87,38508,20574,17181.71,9771971,0
"2021-07-10",7110,4887472,8626,4439413,1132,423446,63,38571,16931,17207.71,9788902,0
"2021-07-11",4104,4891576,4539,4443952,703,424149,34,38605,9380,18090.71,9798282,0
"2021-07-12",8454,4900030,9553,4453505,1250,425399,80,38685,19337,18728.71,9817619,0
"2021-07-13",9468,4909498,9383,4462888,951,426350,104,38789,19906,18173.43,9837525,0
"2021-07-14",9005,4918503,9526,4472414,1009,427359,102,38891,19642,17933.86,9857167,0
"2021-07-15",8794,4927297,9150,4481564,1051,428410,82,38973,19077,17835.29,9876244,0
"2021-07-16",9243,4936540,9761,4491325,978,429388,101,39074,20083,17765.14,9896327,0
"2021-07-17",6845,4943385,7387,4498712,802,430190,77,39151,15111,17505.14,9911438,0
"2021-07-18",4260,4947645,4284,4502996,569,430759,33,39184,9146,17471.71,9920584,0
"2021-07-19",9127,4956772,8468,4511464,999,431758,87,39271,18681,17378,9939265,0
"2021-07-20",10653,4967425,8757,4520221,991,432749,92,39363,20493,17461.86,9959758,0
"2021-07-21",10053,4977478,8763,4528984,903,433652,144,39507,19863,17493.43,9979621,0
"2021-07-22",10687,4988165,8582,4537566,1044,434696,142,39649,20455,17690.29,10000076,0
"2021-07-23",11257,4999422,8877,4546443,1114,435810,136,39785,21384,17876.14,10021460,0
"2021-07-24",7406,5006828,6733,4553176,670,436480,81,39866,14890,17844.57,10036350,0
"2021-07-25",5480,5012308,2123,4555299,509,436989,59,39925,8171,17705.29,10044521,0
"2021-07-26",10879,5023187,6997,4562296,859,437848,111,40036,18846,17728.86,10063367,0
"2021-07-27",12060,5035247,8563,4570859,857,438705,132,40168,21612,17888.71,10084979,0
"2021-07-28",11999,5047246,8044,4578903,950,439655,129,40297,21122,18068.57,10106101,0
"2021-07-29",10939,5058185,7425,4586328,983,440638,132,40429,19479,17929.14,10125580,0
"2021-07-30",14958,5073143,8007,4594335,1150,441788,179,40608,24294,18344.86,10149874,0
"2021-07-31",9731,5082874,6312,4600647,816,442604,117,40725,16976,18642.86,10166850,0
"2021-08-01",6504,5089378,3309,4603956,564,443168,79,40804,10456,18969.29,10177306,0
"2021-08-02",13452,5102830,7154,4611110,847,444015,145,40949,21598,19362.43,10198904,0
"2021-08-03",15419,5118249,8381,4619491,1109,445124,142,41091,25051,19853.71,10223955,0
"2021-08-04",17263,5135512,8121,4627612,1454,446578,179,41270,27017,20695.86,10250972,0
"2021-08-05",17868,5153380,7922,4635534,1365,447943,162,41432,27317,21815.57,10278289,0
"2021-08-06",18184,5171564,8411,4643945,1233,449176,161,41593,27989,22343.43,10306278,0
"2021-08-07",13389,5184953,6016,4649961,799,449975,97,41690,20301,22818.43,10326579,0
"2021-08-08",9311,5194264,3836,4653797,399,450374,81,41771,13627,23271.43,10340206,0
"2021-08-09",21343,5215607,8525,4662322,963,451337,169,41940,31000,24614.57,10371206,0
"2021-08-10",18925,5234532,9329,4671651,950,452287,171,42111,29375,25232.29,10400581,0
"2021-08-11",15653,5250185,8305,4679956,853,453140,127,42238,24938,24935.29,10425519,0
"2021-08-12",15053,5265238,8976,4688932,939,454079,167,42405,25135,24623.57,10450654,0
"2021-08-13",14927,5280165,9290,4698222,921,455000,237,42642,25375,24250.14,10476029,0
"2021-08-14",10415,5290580,6401,4704623,626,455626,527,43169,17969,23917,10493998,0
"2021-08-15",6698,5297278,4475,4709098,676,456302,566,43735,12415,23743.86,10506413,0
"2021-08-16",15728,5313006,9289,4718387,1149,457451,1318,45053,27484,23241.57,10533897,0
"2021-08-17",17782,5330788,10438,4728825,1223,458674,1759,46812,31202,23502.57,10565099,0
"2021-08-18",17513,5348301,10360,4739185,1261,459935,1979,48791,31113,24384.71,10596212,0
"2021-08-19",16307,5364608,9517,4748702,1315,461250,1947,50738,29086,24949.14,10625298,0
"2021-08-20",16290,5380898,11537,4760239,1254,462504,1845,52583,30926,25742.14,10656224,0
"2021-08-21",11157,5392055,8038,4768277,877,463381,1050,53633,21122,26192.57,10677346,0
"2021-08-22",4085,5396140,3898,4772175,262,463643,514,54147,8759,25670.29,10686105,0
"2021-08-23",15586,5411726,11794,4783969,1023,464666,1540,55687,29943,26021.57,10716048,0
"2021-08-24",16921,5428647,12593,4796562,1006,465672,1771,57458,32291,26177.14,10748339,0
"2021-08-25",14591,5443238,12437,4808999,1110,466782,1563,59021,29701,25975.43,10778040,0
"2021-08-26",16172,5459410,14084,4823083,1072,467854,1763,60784,33091,26547.57,10811131,0
"2021-08-27",14893,5474303,14822,4837905,972,468826,1658,62442,32345,26750.29,10843476,0
"2021-08-28",10691,5484994,11515,4849420,836,469662,1009,63451,24051,27168.71,10867527,0
"2021-08-29",7221,5492215,7494,4856914,541,470203,776,64227,16032,28207.71,10883559,0
"2021-08-30",15532,5507747,16925,4873839,1077,471280,1788,66015,35322,28976.14,10918881,0
"2021-08-31",15529,5523276,15946,4889785,952,472232,1962,67977,34389,29275.86,10953270,0
"2021-09-01",14840,5538116,14094,4903879,1021,473253,1798,69775,31753,29569,10985023,0
"2021-09-02",14350,5552466,12515,4916394,896,474149,1692,71467,29453,29049.29,11014476,0
"2021-09-03",15018,5567484,14298,4930692,974,475123,1890,73357,32180,29025.71,11046656,0
"2021-09-04",9651,5577135,9406,4940098,688,475811,961,74318,20706,28547.86,11067362,0
"2021-09-05",6806,5583941,5513,4945611,438,476249,706,75024,13463,28180.86,11080825,0
"2021-09-06",5201,5589142,4508,4950119,358,476607,270,75294,10337,24611.57,11091162,0
"2021-09-07",15579,5604721,17690,4967809,912,477519,1539,76833,35720,24801.71,11126882,0
"2021-09-08",16177,5620898,14819,4982628,1073,478592,1753,78586,33822,25097.29,11160704,0
"2021-09-09",16123,5637021,14744,4997372,1047,479639,1899,80485,33813,25720.14,11194517,0
"2021-09-10",18376,5655397,15389,5012761,1208,480847,1965,82450,36938,26399.86,11231455,0
"2021-09-11",12642,5668039,10344,5023105,958,481805,1018,83468,24962,27007.86,11256417,0
"2021-09-12",8537,5676576,5049,5028154,766,482571,688,84156,15040,27233.14,11271457,0
"2021-09-13",16942,5693518,12946,5041100,975,483546,1641,85797,32504,30399.86,11303961,0
"2021-09-14",16278,5709796,13674,5054774,886,484432,1588,87385,32426,29929.29,11336387,0
"2021-09-15",15551,5725347,12869,5067643,728,485160,1560,88945,30708,29484.43,11367095,0
"2021-09-16",15350,5740697,13904,5081547,1211,486371,1446,90391,31911,29212.71,11399006,0
"2021-09-17",14439,5755136,13962,5095509,922,487293,1819,92210,31142,28384.71,11430148,0
"2021-09-18",10008,5765144,10172,5105681,913,488206,1045,93255,22138,27981.29,11452286,0
"2021-09-19",6180,5771324,6070,5111751,558,488764,743,93998,13551,27768.57,11465837,0
"2021-09-20",12686,5784010,12631,5124382,1069,489833,1909,95907,28295,27167.29,11494132,0
"2021-09-21",12243,5796253,12768,5137150,1111,490944,2013,97920,28135,26554.29,11522267,0
"2021-09-22",12831,5809084,11996,5149146,1090,492034,1671,99591,27588,26108.57,11549855,0
"2021-09-23",14955,5824039,12755,5161901,1639,493673,2245,101836,31594,26063.29,11581449,0
"2021-09-24",16461,5840500,13366,5175267,1632,495305,4601,106437,36060,26765.86,11617509,0
"2021-09-25",10551,5851051,9022,5184289,1018,496323,3438,109875,24029,27036,11641538,0
"2021-09-26",6310,5857361,5761,5190050,773,497096,2409,112284,15253,27279.14,11656791,0
"2021-09-27",14179,5871540,8051,5198101,1155,498251,8988,121272,32373,27861.71,11689164,0
"2021-09-28",11164,5882704,11766,5209867,901,499152,9836,131108,33667,28652,11722831,0
"2021-09-29",11620,5894324,12190,5222057,1206,500358,9388,140496,34404,29625.71,11757235,0
"2021-09-30",12258,5906582,12596,5234653,1338,501696,9679,150175,35871,30236.71,11793106,0
"2021-10-01",12667,5919249,13424,5248077,1284,502980,10207,160382,37582,30454.14,11830688,0
"2021-10-02",7739,5926988,9973,5258050,865,503845,4201,164583,22778,30275.43,11853466,0
"2021-10-03",5081,5932069,6154,5264204,593,504438,2601,167184,14429,30157.71,11867895,0
"2021-10-04",9923,5941992,11026,5275230,913,505351,9464,176648,31326,30008.14,11899221,0
"2021-10-05",10187,5952179,11731,5286961,972,506323,9890,186538,32780,29881.43,11932001,0
"2021-10-06",9934,5962113,11051,5298012,937,507260,9882,196420,31804,29510,11963805,0
"2021-10-07",9683,5971796,12184,5310196,852,508112,10148,206568,32867,29080.86,11996672,0
"2021-10-08",9482,5981278,12173,5322369,943,509055,10844,217412,33442,28489.43,12030114,0
"2021-10-09",6274,5987552,8274,5330643,649,509704,4094,221506,19291,27991.29,12049405,0
"2021-10-10",3546,5991098,5023,5335666,458,510162,2417,223923,11444,27564.86,12060849,0
"2021-10-11",7641,5998739,9330,5344996,728,510890,8859,232782,26558,26883.71,12087407,0
"2021-10-12",8087,6006826,11002,5355998,891,511781,10459,243241,30439,26549.29,12117846,0
"2021-10-13",7179,6014005,10139,5366137,869,512650,8730,251971,26917,25851.14,12144763,0
"2021-10-14",7464,6021469,11110,5377247,836,513486,10053,262024,29463,25364.86,12174226,0
"2021-10-15",7746,6029215,11864,5389111,823,514309,10736,272760,31169,25040.14,12205395,0
"2021-10-16",4873,6034088,7465,5396576,666,514975,3800,276560,16804,24684.86,12222199,0
"2021-10-17",3063,6037151,4473,5401049,411,515386,2429,278989,10376,24532.29,12232575,0
"2021-10-18",7070,6044221,10660,5411709,796,516182,9396,288385,27922,24727.14,12260497,0
"2021-10-19",6595,6050816,8942,5420651,805,516987,9026,297411,25368,24002.71,12285865,0
"2021-10-20",6560,6057376,9377,5430028,975,517962,9918,307329,26830,23990.29,12312695,0
"2021-10-21",7053,6064429,9380,5439408,859,518821,10780,318109,28072,23791.57,12340767,0
"2021-10-22",8154,6072583,10343,5449751,1027,519848,16295,334404,35819,24455.86,12376586,0
"2021-10-23",5193,6077776,6459,5456210,690,520538,9088,343492,21430,25116.71,12398016,0
"2021-10-24",3283,6081059,3973,5460183,770,521308,6137,349629,14163,25657.71,12412179,0
"2021-10-25",8809,6089868,8744,5468927,1148,522456,19207,368836,37908,27084.29,12450087,0
"2021-10-26",8229,6098097,7727,5476654,1259,523715,17253,386089,34468,28384.29,12484555,0
"2021-10-27",10602,6108699,8396,5485050,1604,525319,20795,406884,41397,30465.29,12525952,0
"2021-10-28",11370,6120069,8039,5493089,1792,527111,20783,427667,41984,32452.71,12567936,0
"2021-10-29",11877,6131946,8244,5501333,1962,529073,22470,450137,44553,33700.43,12612489,0
"2021-10-30",4646,6136592,5056,5506389,934,530007,11139,461276,21775,33749.71,12634264,0
"2021-10-31",2673,6139265,2705,5509094,545,530552,6606,467882,12529,33516.29,12646793,0
"2021-11-01",7187,6146452,6951,5516045,1089,531641,20317,488199,35544,33178.57,12682337,0
"2021-11-02",6624,6153076,6589,5522634,1055,532696,20697,508896,34965,33249.57,12717302,0
"2021-11-03",6898,6159974,6682,5529316,1028,533724,20563,529459,35171,32360.14,12752473,0
"2021-11-04",9344,6169318,6277,5535593,997,534721,22293,551752,38911,31921.14,12791384,0
"2021-11-05",11103,6180421,6720,5542313,1052,535773,23714,575466,42589,31640.57,12833973,0
"2021-11-06",11148,6191569,4051,5546364,593,536366,12569,588035,28361,32581.43,12862334,0
"2021-11-07",7276,6198845,2282,5548646,577,536943,7087,595122,17222,33251.86,12879556,0
"2021-11-08",15093,6213938,5679,5554325,867,537810,19451,614573,41090,34044.14,12920646,0
"2021-11-09",16192,6230130,5381,5559706,661,538471,20470,635043,42704,35149.71,12963350,0
"2021-11-10",16988,6247118,5326,5565032,685,539156,22578,657621,45577,36636.29,13008927,0
"2021-11-11",12618,6259736,5195,5570227,761,539917,22021,679642,40595,36876.86,13049522,0
"2021-11-12",16931,6276667,5685,5575912,708,540625,23348,702990,46672,37460.14,13096194,0
"2021-11-13",9966,6286633,3667,5579579,465,541090,13297,716287,27395,37322.14,13123589,0
"2021-11-14",6035,6292668,2295,5581874,325,541415,7912,724199,16567,37228.57,13140156,0
"2021-11-15",13271,6305939,5969,5587843,690,542105,25051,749250,44981,37784.43,13185137,0
"2021-11-16",10019,6315958,5792,5593635,655,542760,30597,779847,47063,38407.14,13232200,0
"2021-11-17",10371,6326329,6676,5600311,681,543441,31338,811185,49066,38905.57,13281266,0
"2021-11-18",10786,6337115,6552,5606863,861,544302,32926,844111,51125,40409.86,13332391,0
"2021-11-19",12076,6349191,6556,5613419,716,545018,36184,880295,55532,41675.57,13387923,0
"2021-11-20",9383,6358574,3422,5616841,514,545532,22454,902749,35773,42872.43,13423696,0
"2021-11-21",4993,6363567,1892,5618733,288,545820,13165,915914,20338,43411.14,13444034,0
"2021-11-22",10503,6374070,5797,5624530,752,546572,35836,951750,52888,44540.71,13496922,0
"2021-11-23",9872,6383942,4779,5629309,637,547209,33442,985192,48730,44778.86,13545652,0
"2021-11-24",8765,6392707,4757,5634066,651,547860,25862,1011054,40035,43488.71,13585687,0
"2021-11-25",451,6393158,325,5634391,80,547940,999,1012053,1855,36450.14,13587542,0
"2021-11-26",8104,6401262,6991,5641382,528,548468,26532,1038585,42155,34539.14,13629697,0
"2021-11-27",6714,6407976,6833,5648215,373,548841,18781,1057366,32701,34100.29,13662398,0
"2021-11-28",4102,6412078,5783,5653998,282,549123,11847,1069213,22014,34339.71,13684412,0
"2021-11-29",9150,6421228,10993,5664991,688,549811,34935,1104148,55766,34750.86,13740178,0
"2021-11-30",10577,6431805,11433,5676424,513,550324,37694,1141842,60217,36391.86,13800395,0
"2021-12-01",11261,6443066,10984,5687408,723,551047,40247,1182089,63215,39703.29,13863610,0
"2021-12-02",11728,6454794,11026,5698434,626,551673,42052,1224141,65432,48785.71,13929042,0
"2021-12-03",13567,6468361,12881,5711315,676,552349,47840,1271981,74964,53472.71,14004006,0
"2021-12-04",9903,6478264,11285,5722600,567,552916,30602,1302583,52357,56280.71,14056363,0
"2021-12-05",5786,6484050,5702,5728302,269,553185,16627,1319210,28384,57190.71,14084747,0
"2021-12-06",12417,6496467,9951,5738253,602,553787,43159,1362369,66129,58671.14,14150876,0
"2021-12-07",12678,6509145,9255,5747508,625,554412,42966,1405335,65524,59429.29,14216400,0
"2021-12-08",13647,6522792,8759,5756267,555,554967,40681,1446016,63642,59490.29,14280042,0
"2021-12-09",13589,6536381,8767,5765034,558,555525,40726,1486742,63640,59234.29,14343682,0
"2021-12-10",14122,6550503,10137,5775171,671,556196,43569,1530311,68499,58310.71,14412181,0
"2021-12-11",10315,6560818,8117,5783288,405,556601,26664,1556975,45501,57331.29,14457682,0
"2021-12-12",6056,6566874,3856,5787144,288,556889,15135,1572110,25335,56895.71,14483017,0
"2021-12-13",12294,6579168,7421,5794565,656,557545,37818,1609928,58189,55761.43,14541206,0
"2021-12-14",12304,6591472,6962,5801527,731,558276,38077,1648005,58074,54697.14,14599280,0
"2021-12-15",12213,6603685,6239,5807766,755,559031,38022,1686027,57229,53781,14656509,0
"2021-12-16",13206,6616891,4272,5812038,742,559773,40915,1726942,59135,53137.43,14715644,0
"2021-12-17",16038,6632929,6936,5818974,620,560393,46659,1773601,70253,53388,14785897,0
"2021-12-18",13079,6646008,5713,5824687,432,560825,30541,1804142,49765,53997.14,14835662,0
"2021-12-19",7062,6653070,2992,5827679,326,561151,17970,1822112,28350,54427.86,14864012,0
"2021-12-20",16953,6670023,5872,5833551,747,561898,47331,1869443,70903,56244.14,14934915,0
"2021-12-21",18049,6688072,6566,5840117,806,562704,48805,1918248,74226,58551.57,15009141,0
"2021-12-22",18662,6706734,6564,5846681,938,563642,49528,1967776,75692,61189.14,15084833,0
"2021-12-23",19110,6725844,6481,5853162,930,564572,45745,2013521,72266,63065,15157099,0
"2021-12-24",9254,6735098,2951,5856113,598,565170,20579,2034100,33382,57797.71,15190481,0
"2021-12-25",344,6735442,64,5856177,31,565201,424,2034524,863,50811.71,15191344,0
"2021-12-26",7993,6743435,3927,5860104,341,565542,17252,2051776,29513,50977.86,15220857,0
"2021-12-27",21864,6765299,9202,5869306,933,566475,43352,2095128,75351,51613.29,15296208,0
"2021-12-28",20223,6785522,8326,5877632,698,567173,47492,2142620,76739,51972.29,15372947,0
"2021-12-29",18552,6804074,7661,5885293,607,567780,45473,2188093,72293,51486.71,15445240,0
"2021-12-30",16924,6820998,7416,5892709,582,568362,44762,2232855,69684,51117.86,15514924,0
"2021-12-31",5373,6826371,2806,5895515,193,568555,14740,2247595,23112,49650.71,15538036,0
"2022-01-01",237,6826608,146,5895661,11,568566,498,2248093,892,49654.86,15538928,0
"2022-01-02",6451,6833059,5013,5900674,153,568719,10967,2259060,22584,48665,15561512,0
"2022-01-03",14207,6847266,8481,5909155,515,569234,26825,2285885,50028,45047.43,15611540,0
"2022-01-04",13121,6860387,8069,5917224,412,569646,26960,2312845,48562,41022.14,15660102,0
"2022-01-05",11646,6872033,6970,5924194,385,570031,25709,2338554,44710,37081.71,15704812,0
"2022-01-06",11575,6883608,7365,5931559,485,570516,27416,2365970,46841,33818.43,15751653,0
"2022-01-07",10494,6894102,8413,5939972,337,570853,24933,2390903,44177,36827.71,15795830,0
"2022-01-08",7955,6902057,8550,5948522,310,571163,19379,2410282,36194,41870.86,15832024,0
"2022-01-09",4154,6906211,3842,5952364,214,571377,10043,2420325,18253,41252.14,15850277,0
"2022-01-10",10197,6916408,8183,5960547,489,571866,24569,2444894,43438,40310.71,15893715,0
"2022-01-11",8933,6925341,7986,5968533,521,572387,20965,2465859,38405,38859.71,15932120,0
"2022-01-12",8993,6934334,8318,5976851,428,572815,22262,2488121,40001,38187,15972121,0
"2022-01-13",9100,6943434,8855,5985706,451,573266,22779,2510900,41185,37379,16013306,0
"2022-01-14",10148,6953582,8113,5993819,476,573742,26377,2537277,45114,37512.86,16058420,0
"2022-01-15",6225,6959807,4305,5998124,178,573920,15124,2552401,25832,36032.57,16084252,0
"2022-01-16",2934,6962741,3252,6001376,93,574013,7804,2560205,14083,35436.86,16098335,0
"2022-01-17",6106,6968847,6757,6008133,363,574376,14635,2574840,27861,33211.57,16126196,0
"2022-01-18",8214,6977061,10300,6018433,397,574773,19573,2594413,38484,33222.86,16164680,0
"2022-01-19",7536,6984597,9233,6027666,306,575079,17646,2612059,34721,32468.57,16199401,0
"2022-01-20",6342,6990939,8565,6036231,304,575383,15157,2627216,30368,30923.29,16229769,0
"2022-01-21",7649,6998588,7488,6043719,276,575659,18408,2645624,33821,29310,16263590,0
"2022-01-22",5205,7003793,4932,6048651,131,575790,11288,2656912,21556,28699.14,16285146,0
"2022-01-23",2820,7006613,3326,6051977,97,575887,6219,2663131,12462,28467.57,16297608,0
"2022-01-24",6419,7013032,8192,6060169,262,576149,15002,2678133,29875,28755.29,16327483,0
"2022-01-25",6215,7019247,7921,6068090,232,576381,14657,2692790,29025,27404,16356508,0
"2022-01-26",5781,7025028,7160,6075250,290,576671,13973,2706763,27204,26330.14,16383712,0
"2022-01-27",5280,7030308,7081,6082331,321,576992,14037,2720800,26719,25808.86,16410431,0
"2022-01-28",6306,7036614,7852,6090183,204,577196,16072,2736872,30434,25325,16440865,0
"2022-01-29",847,7037461,728,6090911,28,577224,2522,2739394,4125,22834.86,16444990,0
"2022-01-30",2100,7039561,3021,6093932,103,577327,4529,2743923,9753,22447.86,16454743,0
"2022-01-31",5034,7044595,6590,6100522,219,577546,11324,2755247,23167,21489.57,16477910,0
"2022-02-01",4856,7049451,6436,6106958,219,577765,10668,2765915,22179,20511.57,16500089,0
"2022-02-02",4271,7053722,5923,6112881,214,577979,11185,2777100,21593,19710,16521682,0
"2022-02-03",4244,7057966,5792,6118673,217,578196,11184,2788284,21437,18955.43,16543119,0
"2022-02-04",4805,7062771,7103,6125776,214,578410,13175,2801459,25297,18221.57,16568416,0
"2022-02-05",3597,7066368,6045,6131821,110,578520,8552,2810011,18304,20247.14,16586720,0
"2022-02-06",2068,7068436,2134,6133955,121,578641,4627,2814638,8950,20132.43,16595670,0
"2022-02-07",4169,7072605,4723,6138678,205,578846,10111,2824749,19208,19566.86,16614878,0
"2022-02-08",4243,7076848,5602,6144280,214,579060,11279,2836028,21338,19446.71,16636216,0
"2022-02-09",4152,7081000,5393,6149673,222,579282,11634,2847662,21401,19419.29,16657617,0
"2022-02-10",4007,7085007,5113,6154786,244,579526,12158,2859820,21522,19431.43,16679139,0
"2022-02-11",4539,7089546,5800,6160586,194,579720,13704,2873524,24237,19280,16703376,0
"2022-02-12",3268,7092814,4336,6164922,96,579816,8784,2882308,16484,19020,16719860,0
"2022-02-13",1523,7094337,1543,6166465,41,579857,4878,2887186,7985,18882.14,16727845,0
"2022-02-14",3004,7097341,3618,6170083,165,580022,10542,2897728,17329,18613.71,16745174,0
"2022-02-15",3578,7100919,4064,6174147,176,580198,12751,2910479,20569,18503.86,16765743,0
"2022-02-16",3682,7104601,3890,6178037,198,580396,15673,2926152,23443,18795.57,16789186,0
"2022-02-17",4063,7108664,4077,6182114,164,580560,18234,2944386,26538,19512.14,16815724,0
"2022-02-18",4496,7113160,4775,6186889,190,580750,21507,2965893,30968,20473.71,16846692,0
"2022-02-19",3266,7116426,2180,6189069,65,580815,11155,2977048,16666,20499.71,16863358,0
"2022-02-20",1866,7118292,1444,6190513,59,580874,6569,2983617,9938,20778.71,16873296,0
"2022-02-21",3101,7121393,2687,6193200,95,580969,8343,2991960,14226,20335.43,16887522,0
"2022-02-22",4406,7125799,4243,6197443,175,581144,10799,3002759,19623,20200.29,16907145,0
"2022-02-23",4286,7130085,3781,6201224,144,581288,10636,3013395,18847,19543.71,16925992,0
"2022-02-24",3787,7133872,3651,6204875,108,581396,10162,3023557,17708,18282.29,16943700,0
"2022-02-25",3630,7137502,3617,6208492,135,581531,9959,3033516,17341,16335.57,16961041,0
"2022-02-26",2851,7140353,2578,6211070,74,581605,9497,3043013,15000,16097.57,16976041,0
"2022-02-27",1779,7142132,1371,6212441,52,581657,6261,3049274,9463,16029.71,16985504,0
"2022-02-28",3833,7145965,3124,6215565,141,581798,13091,3062365,20189,16881.57,17005693,0
"2022-03-01",2134,7148099,2607,6218172,103,581901,5158,3067523,10002,15507.14,17015695,0
"2022-03-02",1839,7149938,2426,6220598,105,582006,4104,3071627,8474,14025.29,17024169,0
"2022-03-03",1939,7151877,2557,6223155,106,582112,3786,3075413,8388,12693.86,17032557,0
"2022-03-04",2113,7153990,2867,6226022,67,582179,4311,3079724,9358,11553.43,17041915,0
"2022-03-05",1612,7155602,2124,6228146,43,582222,3304,3083028,7083,10422.43,17048998,0
"2022-03-06",802,7156404,878,6229024,30,582252,1617,3084645,3327,9545.86,17052325,0
"2022-03-07",1675,7158079,1780,6230804,85,582337,3478,3088123,7018,7664.29,17059343,0
"2022-03-08",1552,7159631,1891,6232695,81,582418,3116,3091239,6640,7184,17065983,0
"2022-03-09",1270,7160901,1664,6234359,78,582496,2570,3093809,5582,6770.86,17071565,0
"2022-03-10",1427,7162328,2094,6236453,85,582581,2941,3096750,6547,6507.86,17078112,0
"2022-03-11",1609,7163937,2266,6238719,80,582661,3199,3099949,7154,6193,17085266,0
"2022-03-12",880,7164817,1412,6240131,40,582701,1996,3101945,4328,5799.43,17089594,0
"2022-03-13",626,7165443,757,6240888,26,582727,1291,3103236,2700,5709.86,17092294,0
"2022-03-14",1382,7166825,1597,6242485,83,582810,2979,3106215,6041,5570.29,17098335,0
"2022-03-15",1354,7168179,1923,6244408,63,582873,3069,3109284,6409,5537.29,17104744,0
"2022-03-16",1400,7169579,2061,6246469,94,582967,3121,3112405,6676,5693.57,17111420,0
"2022-03-17",1182,7170761,1811,6248280,70,583037,2748,3115153,5811,5588.43,17117231,0
"2022-03-18",1589,7172350,2176,6250456,80,583117,3753,3118906,7598,5651.86,17124829,0
"2022-03-19",1116,7173466,1726,6252182,54,583171,2587,3121493,5483,5816.86,17130312,0
"2022-03-20",612,7174078,630,6252812,32,583203,1459,3122952,2733,5821.57,17133045,0
"2022-03-21",1424,7175502,1551,6254363,73,583276,3040,3125992,6088,5828.29,17139133,0
"2022-03-22",1341,7176843,1546,6255909,101,583377,2890,3128882,5878,5752.43,17145011,0
"2022-03-23",1259,7178102,1348,6257257,66,583443,2908,3131790,5581,5596,17150592,0
"2022-03-24",1216,7179318,1293,6258550,89,583532,2504,3134294,5102,5494.71,17155694,0
"2022-03-25",1389,7180707,1613,6260163,61,583593,3248,3137542,6311,5310.86,17162005,0
"2022-03-26",928,7181635,1155,6261318,36,583629,2290,3139832,4409,5157.43,17166414,0
"2022-03-27",576,7182211,525,6261843,29,583658,1310,3141142,2440,5115.57,17168854,0
"2022-03-28",1086,7183297,1149,6262992,68,583726,2429,3143571,4732,4921.86,17173586,0
"2022-03-29",1059,7184356,1104,6264096,86,583812,2498,3146069,4747,4760.29,17178333,0
"2022-03-30",1251,7185607,1134,6265230,98,583910,3048,3149117,5531,4753.14,17183864,0
"2022-03-31",1253,7186860,1248,6266478,57,583967,3143,3152260,5701,4838.71,17189565,0
"2022-04-01",1402,7188262,1482,6267960,73,584040,3229,3155489,6186,4820.86,17195751,0
"2022-04-02",889,7189151,907,6268867,33,584073,2085,3157574,3914,4750.14,17199665,0
"2022-04-03",544,7189695,493,6269360,28,584101,1220,3158794,2285,4728,17201950,0
"2022-04-04",1325,7191020,1301,6270661,60,584161,2710,3161504,5396,4822.86,17207346,0
"2022-04-05",1275,7192295,1148,6271809,68,584229,2851,3164355,5342,4907.86,17212688,0
"2022-04-06",1277,7193572,1171,6272980,58,584287,2613,3166968,5119,4849,17217807,0
"2022-04-07",1195,7194767,1060,6274040,54,584341,2367,3169335,4676,4702.57,17222483,0
"2022-04-08",1487,7196254,1390,6275430,56,584397,3151,3172486,6084,4688,17228567,0
"2022-04-09",937,7197191,918,6276348,28,584425,2046,3174532,3929,4690.14,17232496,0
"2022-04-10",594,7197785,461,6276809,25,584450,1171,3175703,2251,4685.29,17234747,0
"2022-04-11",1339,7199124,1223,6278032,59,584509,2641,3178344,5262,4666.14,17240009,0
"2022-04-12",1201,7200325,1049,6279081,73,584582,2514,3180858,4837,4594,17244846,0
"2022-04-13",1262,7201587,1063,6280144,58,584640,2495,3183353,4878,4559.57,17249724,0
"2022-04-14",1265,7202852,1084,6281228,53,584693,2372,3185725,4774,4573.57,17254498,0
"2022-04-15",1335,7204187,1089,6282317,52,584745,2547,3188272,5023,4422,17259521,0
"2022-04-16",872,7205059,647,6282964,29,584774,1634,3189906,3182,4315.29,17262703,0
"2022-04-17",348,7205407,202,6283166,26,584800,631,3190537,1207,4166.14,17263910,0
"2022-04-18",1365,7206772,1104,6284270,82,584882,2568,3193105,5119,4145.71,17269029,0
"2022-04-19",1403,7208175,933,6285203,70,584952,2556,3195661,4962,4163.57,17273991,0
"2022-04-20",1297,7209472,1127,6286330,65,585017,2609,3198270,5098,4195,17279089,0
"2022-04-21",1209,7210681,1053,6287383,51,585068,2299,3200569,4612,4171.86,17283701,0
"2022-04-22",1209,7211890,1007,6288390,43,585111,2185,3202754,4444,4089.14,17288145,0
"2022-04-23",717,7212607,743,6289133,42,585153,1411,3204165,2913,4050.71,17291058,0
"2022-04-24",441,7213048,338,6289471,27,585180,809,3204974,1615,4109,17292673,0
"2022-04-25",1013,7214061,905,6290376,57,585237,1830,3206804,3805,3921.29,17296478,0
"2022-04-26",918,7214979,845,6291221,66,585303,1736,3208540,3565,3721.71,17300043,0
"2022-04-27",1005,7215984,965,6292186,74,585377,1890,3210430,3934,3555.43,17303977,0
"2022-04-28",1050,7217034,965,6293151,48,585425,1937,3212367,4000,3468,17307977,0
"2022-04-29",921,7217955,942,6294093,56,585481,1700,3214067,3619,3350.14,17311596,0
"2022-04-30",713,7218668,720,6294813,41,585522,1378,3215445,2852,3341.43,17314448,0
"2022-05-01",442,7219110,367,6295180,20,585542,746,3216191,1575,3335.71,17316023,0
"2022-05-02",1024,7220134,789,6295969,48,585590,1633,3217824,3494,3291.29,17319517,120000
"2022-05-03",1072,7221206,824,6296793,57,585647,1899,3219723,3852,3332.29,17323369,120000
"2022-05-04",984,7222190,847,6297640,43,585690,1835,3221558,3709,3300.14,17327078,120000
"2022-05-05",1000,7223190,908,6298548,72,585762,1771,3223329,3751,3264.57,17330829,120000
"2022-05-06",1025,7224215,875,6299423,43,585805,1774,3225103,3717,3278.57,17334546,120000
"2022-05-07",632,7224847,554,6299977,27,585832,1151,3226254,2364,3208.86,17336910,120000
"2022-05-08",113,7224960,92,6300069,11,585843,176,3226430,392,3039.86,17337302,120000
