"DATE","ADMIN_DOSE1_DAILY","ADMIN_DOSE1_CUMULATIVE","ADMIN_DOSE2_DAILY","ADMIN_DOSE2_CUMULATIVE","ADMIN_SINGLE_DAILY","ADMIN_SINGLE_CUMULATIVE","ADMIN_ADDITIONAL1_DAILY","ADMIN_ADDITIONAL1_CUMULATIVE","ADMIN_ADDITIONAL2_DAILY","ADMIN_ADDITIONAL2_CUMULATIVE","ADMIN_ADDITIONAL_DAILY","ADMIN_ADDITIONAL_CUMULATIVE","ADMIN_ALLDOSES_DAILY","ADMIN_ALLDOSES_7DAYAVG","ADMIN_ALLDOSES_CUMULATIVE","INCOMPLETE"
"2020-12-14",79,79,0,0,0,0,0,0,0,0,0,0,79,,79,0
"2020-12-15",2051,2130,6,6,5,5,0,0,0,0,0,0,2062,,2141,0
"2020-12-16",4607,6737,14,20,3,8,1,1,0,0,1,1,4625,,6766,0
"2020-12-17",4657,11394,18,38,2,10,1,2,0,0,1,2,4678,,11444,0
"2020-12-18",5832,17226,18,56,2,12,2,4,0,0,2,4,5854,,17298,0
"2020-12-19",1689,18915,7,63,3,15,0,4,0,0,0,4,1699,,18997,0
"2020-12-20",1116,20031,2,65,1,16,0,4,0,0,0,4,1119,2873.71,20116,0
"2020-12-21",6343,26374,20,85,0,16,5,9,0,0,5,9,6368,3772.14,26484,0
"2020-12-22",9795,36169,27,112,2,18,1,10,0,0,1,10,9825,4881.14,36309,0
"2020-12-23",14274,50443,35,147,3,21,0,10,0,0,0,10,14312,6265,50621,0
"2020-12-24",7195,57638,26,173,1,22,0,10,0,0,0,10,7222,6628.43,57843,0
"2020-12-25",180,57818,0,173,0,22,1,11,0,0,1,11,181,5818,58024,0
"2020-12-26",4388,62206,45,218,0,22,1,12,0,0,1,12,4434,6208.71,62458,0
"2020-12-27",3870,66076,14,232,0,22,1,13,0,0,1,13,3885,6603.86,66343,0
"2020-12-28",10992,77068,49,281,1,23,2,15,0,0,2,15,11044,7271.86,77387,0
"2020-12-29",10717,87785,35,316,2,25,2,17,0,0,2,17,10756,7404.86,88143,0
"2020-12-30",12823,100608,45,361,0,25,0,17,0,0,0,17,12868,7198.57,101011,0
"2020-12-31",7262,107870,34,395,1,26,0,17,0,0,0,17,7297,7209.29,108308,0
"2021-01-01",181,108051,2,397,1,27,3,20,0,0,3,20,187,7210.14,108495,0
"2021-01-02",3809,111860,10,407,3,30,2,22,0,0,2,22,3824,7123,112319,0
"2021-01-03",3542,115402,24,431,2,32,1,23,0,0,1,23,3569,7077.86,115888,0
"2021-01-04",12256,127658,806,1237,2,34,7,30,0,0,7,30,13071,7367.43,128959,0
"2021-01-05",14091,141749,2191,3428,2,36,12,42,1,1,13,43,16297,8159,145256,0
"2021-01-06",17801,159550,3925,7353,1,37,29,71,8,9,37,80,21764,9429.86,167020,0
"2021-01-07",16550,176100,5171,12524,4,41,45,116,3,12,48,128,21773,11497.86,188793,0
"2021-01-08",16617,192717,5456,17980,0,41,34,150,4,16,38,166,22111,14629.86,210904,0
"2021-01-09",7651,200368,1462,19442,1,42,7,157,2,18,9,175,9123,15386.86,220027,0
"2021-01-10",7882,208250,982,20424,0,42,10,167,0,18,10,185,8874,16144.71,228901,0
"2021-01-11",25825,234075,7454,27878,2,44,49,216,8,26,57,242,33338,19040,262239,0
"2021-01-12",28256,262331,7859,35737,1,45,44,260,4,30,48,290,36164,21878.14,298403,0
"2021-01-13",31723,294054,9391,45128,1,46,57,317,4,34,61,351,41176,24651.29,339579,0
"2021-01-14",35814,329868,5314,50442,1,47,30,347,7,41,37,388,41166,27421.71,380745,0
"2021-01-15",29267,359135,3703,54145,2,49,31,378,5,46,36,424,33008,28978.43,413753,0
"2021-01-16",30288,389423,2380,56525,0,49,24,402,6,52,30,454,32698,32346.29,446451,0
"2021-01-17",23748,413171,1630,58155,0,49,19,421,1,53,20,474,25398,34706.86,471849,0
"2021-01-18",27102,440273,2413,60568,0,49,36,457,7,60,43,517,29558,34166.86,501407,0
"2021-01-19",34297,474570,9629,70197,1,50,69,526,6,66,75,592,44002,35286.57,545409,0
"2021-01-20",34868,509438,9493,79690,1,51,58,584,4,70,62,654,44424,35750.57,589833,0
"2021-01-21",25590,535028,8093,87783,2,53,49,633,5,75,54,708,33739,34689.57,623572,0
"2021-01-22",24754,559782,4382,92165,1,54,32,665,7,82,39,747,29176,34142.14,652748,0
"2021-01-23",15743,575525,3224,95389,0,54,10,675,2,84,12,759,18979,32182.29,671727,0
"2021-01-24",7179,582704,3453,98842,0,54,19,694,1,85,20,779,10652,30075.71,682379,0
"2021-01-25",13412,596116,11819,110661,0,54,65,759,12,97,77,856,25308,29468.57,707687,0
"2021-01-26",16763,612879,10753,121414,0,54,68,827,2,99,70,926,27586,27123.43,735273,0
"2021-01-27",20836,633715,12355,133769,0,54,53,880,8,107,61,987,33252,25527.43,768525,0
"2021-01-28",30764,664479,12846,146615,0,54,81,961,16,123,97,1084,43707,26951.43,812232,0
"2021-01-29",31692,696171,11506,158121,0,54,80,1041,10,133,90,1174,43288,28967.43,855520,0
"2021-01-30",18705,714876,3744,161865,0,54,20,1061,2,135,22,1196,22471,29466.29,877991,0
"2021-01-31",13017,727893,2923,164788,1,55,29,1090,4,139,33,1229,15974,30226.57,893965,0
"2021-02-01",1179,729072,5370,170158,4,59,35,1125,4,143,39,1268,6592,27552.86,900557,0
"2021-02-02",2827,731899,9475,179633,2,61,47,1172,4,147,51,1319,12355,25377,912912,0
"2021-02-03",16348,748247,21247,200880,4,65,201,1373,20,167,221,1540,37820,26029.57,950732,0
"2021-02-04",27045,775292,19649,220529,3,68,201,1574,10,177,211,1751,46908,26486.86,997640,0
"2021-02-05",27591,802883,20038,240567,0,68,181,1755,15,192,196,1947,47825,27135,1045465,0
"2021-02-06",22991,825874,11246,251813,0,68,110,1865,12,204,122,2069,34359,28833.29,1079824,0
"2021-02-07",12040,837914,8284,260097,1,69,91,1956,14,218,105,2174,20430,29469.86,1100254,0
"2021-02-08",16955,854869,23519,283616,2,71,235,2191,34,252,269,2443,40745,34348.86,1140999,0
"2021-02-09",17189,872058,28110,311726,2,73,337,2528,42,294,379,2822,45680,39109.57,1186679,0
"2021-02-10",19592,891650,29312,341038,2,75,254,2782,49,343,303,3125,49209,40736.57,1235888,0
"2021-02-11",27847,919497,33473,374511,2,77,338,3120,56,399,394,3519,61716,42852,1297604,0
"2021-02-12",38389,957886,30804,405315,3,80,352,3472,38,437,390,3909,69586,45960.71,1367190,0
"2021-02-13",28005,985891,25314,430629,2,82,305,3777,53,490,358,4267,53679,48720.71,1420869,0
"2021-02-14",16277,1002168,23735,454364,0,82,263,4040,31,521,294,4561,40306,51560.14,1461175,0
"2021-02-15",12795,1014963,10527,464891,2,84,173,4213,23,544,196,4757,23520,49099.43,1484695,0
"2021-02-16",14242,1029205,26729,491620,0,84,322,4535,36,580,358,5115,41329,48477.86,1526024,0
"2021-02-17",16392,1045597,22195,513815,1,85,282,4817,37,617,319,5434,38907,47006.14,1564931,0
"2021-02-18",12150,1057747,24995,538810,21,106,288,5105,42,659,330,5764,37496,43546.14,1602427,0
"2021-02-19",13261,1071008,23935,562745,39,145,305,5410,44,703,349,6113,37584,38974.43,1640011,0
"2021-02-20",11353,1082361,26073,588818,6,151,327,5737,78,781,405,6518,37837,36711.29,1677848,0
"2021-02-21",6360,1088721,17419,606237,15,166,287,6024,44,825,331,6849,24125,34399.71,1701973,0
"2021-02-22",13045,1101766,11847,618084,2,168,125,6149,19,844,144,6993,25038,34616.57,1727011,0
"2021-02-23",25249,1127015,14146,632230,1,169,156,6305,34,878,190,7183,39586,34367.57,1766597,0
"2021-02-24",36358,1163373,20395,652625,0,169,227,6532,38,916,265,7448,57018,36954.86,1823615,0
"2021-02-25",54619,1217992,30394,683019,6,175,397,6929,63,979,460,7908,85479,43809.57,1909094,0
"2021-02-26",62863,1280855,31871,714890,4,179,415,7344,78,1057,493,8401,95231,52044.86,2004325,0
"2021-02-27",51300,1332155,22747,737637,47,226,334,7678,53,1110,387,8788,74481,57279.71,2078806,0
"2021-02-28",44588,1376743,13829,751466,7,233,204,7882,34,1144,238,9026,58662,62213.57,2137468,0
"2021-03-01",39318,1416061,12778,764244,10,243,168,8050,26,1170,194,9220,52300,66108.14,2189768,0
"2021-03-02",47083,1463144,12578,776822,7,250,159,8209,14,1184,173,9393,59841,69001.71,2249609,0
"2021-03-03",48605,1511749,16157,792979,17,267,147,8356,21,1205,168,9561,64947,70134.43,2314556,0
"2021-03-04",59819,1571568,22822,815801,1092,1359,269,8625,35,1240,304,9865,84037,69928.43,2398593,0
"2021-03-05",60986,1632554,24285,840086,3109,4468,333,8958,35,1275,368,10233,88748,69002.29,2487341,0
"2021-03-06",47175,1679729,18882,858968,5451,9919,241,9199,36,1311,277,10510,71785,68617.14,2559126,0
"2021-03-07",36041,1715770,14884,873852,6246,16165,228,9427,20,1331,248,10758,57419,68439.57,2616545,0
"2021-03-08",39630,1755400,14680,888532,8563,24728,314,9741,91,1422,405,11163,63278,70007.86,2679823,0
"2021-03-09",39106,1794506,12853,901385,7762,32490,182,9923,34,1456,216,11379,59937,70021.57,2739760,0
"2021-03-10",51828,1846334,15358,916743,5066,37556,226,10149,32,1488,258,11637,72510,71102,2812270,0
"2021-03-11",59988,1906322,21824,938567,4619,42175,247,10396,48,1536,295,11932,86726,71486.14,2898996,0
"2021-03-12",52201,1958523,30312,968879,4182,46357,376,10772,85,1621,461,12393,87156,71258.71,2986152,0
"2021-03-13",40650,1999173,26688,995567,5110,51467,325,11097,51,1672,376,12769,72824,71407.14,3058976,0
"2021-03-14",30718,2029891,15969,1011536,4525,55992,243,11340,27,1699,270,13039,51482,70559,3110458,0
"2021-03-15",33590,2063481,17258,1028794,4711,60703,235,11575,33,1732,268,13307,55827,69494.57,3166285,0
"2021-03-16",38670,2102151,20516,1049310,4926,65629,257,11832,35,1767,292,13599,64404,70132.71,3230689,0
"2021-03-17",42619,2144770,24795,1074105,4244,69873,342,12174,37,1804,379,13978,72037,70065.14,3302726,0
"2021-03-18",50447,2195217,26808,1100913,5235,75108,371,12545,60,1864,431,14409,82921,69521.57,3385647,0
"2021-03-19",47794,2243011,29965,1130878,5624,80732,390,12935,70,1934,460,14869,83843,69048.29,3469490,0
"2021-03-20",38713,2281724,25837,1156715,4686,85418,297,13232,59,1993,356,15225,69592,68586.57,3539082,0
"2021-03-21",29303,2311027,19356,1176071,769,86187,224,13456,44,2037,268,15493,49696,68331.43,3588778,0
"2021-03-22",33866,2344893,26742,1202813,4036,90223,263,13719,38,2075,301,15794,64945,69634,3653723,0
"2021-03-23",38433,2383326,32845,1235658,4218,94441,295,14014,55,2130,350,16144,75846,71268.57,3729569,0
"2021-03-24",41499,2424825,37607,1273265,4848,99289,329,14343,62,2192,391,16535,84345,73026.86,3813914,0
"2021-03-25",43403,2468228,50806,1324071,5055,104344,473,14816,86,2278,559,17094,99823,75441.43,3913737,0
"2021-03-26",38504,2506732,55515,1379586,4309,108653,528,15344,98,2376,626,17720,98954,77600.14,4012691,0
"2021-03-27",35737,2542469,45759,1425345,2939,111592,417,15761,82,2458,499,18219,84934,79791.86,4097625,0
"2021-03-28",26390,2568859,34459,1459804,1482,113074,334,16095,66,2524,400,18619,62731,81654,4160356,0
"2021-03-29",34816,2603675,38871,1498675,3246,116320,344,16439,111,2635,455,19074,77388,83431.57,4237744,0
"2021-03-30",40512,2644187,41924,1540599,3714,120034,341,16780,65,2700,406,19480,86556,84961.57,4324300,0
"2021-03-31",49396,2693583,44875,1585474,7441,127475,404,17184,87,2787,491,19971,102203,87512.71,4426503,0
"2021-04-01",50781,2744364,53956,1639430,11276,138751,499,17683,84,2871,583,20554,116596,89908.86,4543099,0
"2021-04-02",43756,2788120,53888,1693318,11971,150722,550,18233,72,2943,622,21176,110237,91520.71,4653336,0
"2021-04-03",39249,2827369,39222,1732540,9859,160581,333,18566,58,3001,391,21567,88721,92061.71,4742057,0
"2021-04-04",26555,2853924,24791,1757331,3903,164484,224,18790,49,3050,273,21840,55522,91031.86,4797579,0
"2021-04-05",41885,2895809,34488,1791819,11198,175682,371,19161,61,3111,432,22272,88003,92548.29,4885582,0
"2021-04-06",53266,2949075,35617,1827436,13217,188899,433,19594,75,3186,508,22780,102608,94841.43,4988190,0
"2021-04-07",55508,3004583,40698,1868134,14388,203287,404,19998,80,3266,484,23264,111078,96109.29,5099268,0
"2021-04-08",59261,3063844,46599,1914733,16341,219628,521,20519,85,3351,606,23870,122807,96996.57,5222075,0
"2021-04-09",56651,3120495,44960,1959693,17559,237187,518,21037,76,3427,594,24464,119764,98357.57,5341839,0
"2021-04-10",49346,3169841,35651,1995344,12726,249913,388,21425,60,3487,448,24912,98171,99707.57,5440010,0
"2021-04-11",38181,3208022,28820,2024164,7682,257595,294,21719,57,3544,351,25263,75034,102495,5515044,0
"2021-04-12",46637,3254659,31843,2056007,13501,271096,467,22186,65,3609,532,25795,92513,103139.29,5607557,0
"2021-04-13",52548,3307207,33790,2089797,368,271464,394,22580,63,3672,457,26252,87163,100932.86,5694720,0
"2021-04-14",50146,3357353,39960,2129757,20,271484,368,22948,73,3745,441,26693,90567,98002.71,5785287,0
"2021-04-15",52118,3409471,43687,2173444,16,271500,454,23402,104,3849,558,27251,96379,94227.29,5881666,0
"2021-04-16",51188,3460659,42214,2215658,32,271532,427,23829,69,3918,496,27747,93930,90536.71,5975596,0
"2021-04-17",43835,3504494,35699,2251357,3,271535,363,24192,83,4001,446,28193,79983,87938.43,6055579,0
"2021-04-18",28606,3533100,29370,2280727,7,271542,252,24444,64,4065,316,28509,58299,85547.71,6113878,0
"2021-04-19",37468,3570568,36453,2317180,22,271564,323,24767,64,4129,387,28896,74330,82950.14,6188208,0
"2021-04-20",40813,3611381,39628,2356808,19,271583,314,25081,79,4208,393,29289,80853,82048.71,6269061,0
"2021-04-21",38896,3650277,46017,2402825,16,271599,499,25580,97,4305,596,29885,85525,81328.43,6354586,0
"2021-04-22",38492,3688769,48961,2451786,9,271608,340,25920,74,4379,414,30299,87876,80113.71,6442462,0
"2021-04-23",39696,3728465,44382,2496168,3,271611,350,26270,73,4452,423,30722,84504,78767.14,6526966,0
"2021-04-24",31948,3760413,41605,2537773,44,271655,276,26546,63,4515,339,31061,73936,77903.29,6600902,0
"2021-04-25",18423,3778836,31226,2568999,86,271741,197,26743,57,4572,254,31315,49989,76716.14,6650891,0
"2021-04-26",26967,3805803,40741,2609740,1013,272754,284,27027,86,4658,370,31685,69091,75967.71,6719982,0
"2021-04-27",28575,3834378,47143,2656883,1698,274452,351,27378,92,4750,443,32128,77859,75540,6797841,0
"2021-04-28",27030,3861408,56845,2713728,2147,276599,432,27810,100,4850,532,32660,86554,75687,6884395,0
"2021-04-29",28613,3890021,57200,2770928,2149,278748,366,28176,101,4951,467,33127,88429,75766,6972824,0
"2021-04-30",30119,3920140,51994,2822922,2055,280803,283,28459,74,5025,357,33484,84525,75769,7057349,0
"2021-05-01",22477,3942617,44542,2867464,1177,281980,233,28692,64,5089,297,33781,68493,74991.43,7125842,0
"2021-05-02",11922,3954539,36654,2904118,1081,283061,143,28835,54,5143,197,33978,49854,74972.14,7175696,0
"2021-05-03",18024,3972563,53032,2957150,2383,285444,252,29087,92,5235,344,34322,73783,75642.43,7249479,0
"2021-05-04",22740,3995303,56650,3013800,2331,287775,268,29355,116,5351,384,34706,82105,76249,7331584,0
"2021-05-05",21479,4016782,48769,3062569,2313,290088,309,29664,100,5451,409,35115,72970,74308.43,7404554,0
"2021-05-06",20680,4037462,50180,3112749,2508,292596,271,29935,89,5540,360,35475,73728,72208.29,7478282,0
"2021-05-07",21252,4058714,52097,3164846,2813,295409,308,30243,77,5617,385,35860,76547,71068.57,7554829,0
"2021-05-08",16628,4075342,41870,3206716,1835,297244,231,30474,68,5685,299,36159,60632,69945.57,7615461,0
"2021-05-09",7973,4083315,29413,3236129,1260,298504,149,30623,57,5742,206,36365,38852,68373.86,7654313,0
"2021-05-10",14385,4097700,38536,3274665,2355,300859,234,30857,90,5832,324,36689,55600,65776.29,7709913,0
"2021-05-11",19912,4117612,43064,3317729,2514,303373,281,31138,85,5917,366,37055,65856,63455,7775769,0
"2021-05-12",17820,4135432,40547,3358276,3596,306969,229,31367,79,5996,308,37363,62271,61926.57,7838040,0
"2021-05-13",24972,4160404,40433,3398709,3230,310199,260,31627,76,6072,336,37699,68971,61247,7907011,0
"2021-05-14",27036,4187440,42926,3441635,3537,313736,262,31889,96,6168,358,38057,73857,60862.71,7980868,0
"2021-05-15",23650,4211090,34920,3476555,3365,317101,252,32141,75,6243,327,38384,62262,61095.57,8043130,0
"2021-05-16",15522,4226612,19455,3496010,2496,319597,121,32262,45,6288,166,38550,37639,60922.29,8080769,0
"2021-05-17",22673,4249285,29146,3525156,3255,322852,178,32440,67,6355,245,38795,55319,60882.14,8136088,0
"2021-05-18",24638,4273923,31910,3557066,3406,326258,238,32678,72,6427,310,39105,60264,60083.29,8196352,0
"2021-05-19",24191,4298114,29719,3586785,3040,329298,227,32905,47,6474,274,39379,57224,59362.29,8253576,0
"2021-05-20",24152,4322266,30100,3616885,3162,332460,263,33168,86,6560,349,39728,57763,57761.14,8311339,0
"2021-05-21",24679,4346945,32001,3648886,3056,335516,246,33414,58,6618,304,40032,60040,55787.29,8371379,0
"2021-05-22",20021,4366966,24366,3673252,2525,338041,163,33577,48,6666,211,40243,47123,53624.57,8418502,0
"2021-05-23",11233,4378199,13733,3686985,1411,339452,93,33670,32,6698,125,40368,26502,52033.57,8445004,0
"2021-05-24",18873,4397072,23161,3710146,2756,342208,214,33884,56,6754,270,40638,45060,50568,8490064,0
"2021-05-25",19430,4416502,23383,3733529,2603,344811,171,34055,57,6811,228,40866,45644,48479.43,8535708,0
"2021-05-26",18786,4435288,21092,3754621,2696,347507,200,34255,48,6859,248,41114,42822,46422,8578530,0
"2021-05-27",18471,4453759,21280,3775901,2529,350036,179,34434,60,6919,239,41353,42519,44244.29,8621049,0
"2021-05-28",17862,4471621,22885,3798786,2751,352787,188,34622,54,6973,242,41595,43740,41915.71,8664789,0
"2021-05-29",12709,4484330,17810,3816596,1755,354542,105,34727,39,7012,144,41739,32418,39815,8697207,0
"2021-05-30",7030,4491360,8949,3825545,1074,355616,48,34775,17,7029,65,41804,17118,38474.43,8714325,0
"2021-05-31",4742,4496102,6924,3832469,1012,356628,64,34839,17,7046,81,41885,12759,33860,8727084,0
"2021-06-01",16046,4512148,25197,3857666,2177,358805,152,34991,43,7089,195,42080,43615,33570.14,8770699,0
"2021-06-02",15356,4527504,20396,3878062,2095,360900,139,35130,48,7137,187,42267,38034,32886.14,8808733,0
"2021-06-03",15004,4542508,23825,3901887,2281,363181,128,35258,43,7180,171,42438,41281,32709.29,8850014,0
"2021-06-04",14722,4557230,25997,3927884,2492,365673,144,35402,40,7220,184,42622,43395,32660,8893409,0
"2021-06-05",10992,4568222,22091,3949975,1806,367479,115,35517,28,7248,143,42765,35032,33033.43,8928441,0
"2021-06-06",6443,4574665,14481,3964456,1222,368701,90,35607,13,7261,103,42868,22249,33766.43,8950690,0
"2021-06-07",11704,4586369,21783,3986239,2378,371079,140,35747,37,7298,177,43045,36042,37092.57,8986732,0
"2021-06-08",12636,4599005,24023,4010262,2072,373151,120,35867,46,7344,166,43211,38897,36418.57,9025629,0
"2021-06-09",11134,4610139,23027,4033289,2299,375450,135,36002,41,7385,176,43387,36636,36218.86,9062265,0
"2021-06-10",12064,4622203,22235,4055524,2462,377912,140,36142,59,7444,199,43586,36960,35601.57,9099225,0
"2021-06-11",12710,4634913,25123,4080647,2484,380396,156,36298,58,7502,214,43800,40531,35192.43,9139756,0
"2021-06-12",10165,4645078,19316,4099963,1888,382284,93,36391,42,7544,135,43935,31504,34688.43,9171260,0
"2021-06-13",4257,4649335,10936,4110899,1219,383503,41,36432,22,7566,63,43998,16475,33863.57,9187735,0
"2021-06-14",10209,4659544,19240,4130139,2043,385546,128,36560,51,7617,179,44177,31671,33239.14,9219406,0
"2021-06-15",11883,4671427,21018,4151157,1943,387489,131,36691,40,7657,171,44348,35015,32684.57,9254421,0
"2021-06-16",11586,4683013,19412,4170569,1957,389446,141,36832,68,7725,209,44557,33164,32188.57,9287585,0
"2021-06-17",11025,4694038,18761,4189330,1973,391419,123,36955,35,7760,158,44715,31917,31468.14,9319502,0
"2021-06-18",12166,4706204,18500,4207830,2116,393535,115,37070,36,7796,151,44866,32933,30382.71,9352435,0
"2021-06-19",8498,4714702,13517,4221347,1459,394994,83,37153,21,7817,104,44970,23578,29250.43,9376013,0
"2021-06-20",4336,4719038,7158,4228505,924,395918,36,37189,17,7834,53,45023,12471,28678.43,9388484,0
"2021-06-21",10162,4729200,10010,4238515,1807,397725,68,37257,28,7862,96,45119,22075,27307.57,9410559,0
"2021-06-22",9839,4739039,15640,4254155,1589,399314,105,37362,28,7890,133,45252,27201,26191.29,9437760,0
"2021-06-23",10311,4749350,15187,4269342,1863,401177,102,37464,30,7920,132,45384,27493,25381.14,9465253,0
"2021-06-24",9685,4759035,14699,4284041,1799,402976,120,37584,26,7946,146,45530,26329,24582.86,9491582,0
"2021-06-25",10589,4769624,14388,4298429,1721,404697,112,37696,38,7984,150,45680,26848,23713.57,9518430,0
"2021-06-26",7801,4777425,10465,4308894,1251,405948,74,37770,24,8008,98,45778,19615,23147.43,9538045,0
"2021-06-27",5001,4782426,6002,4314896,795,406743,33,37803,14,8022,47,45825,11845,23058,9549890,0
"2021-06-28",9035,4791461,10345,4325241,1526,408269,108,37911,26,8048,134,45959,21040,22910.14,9570930,0
"2021-06-29",9739,4801200,12326,4337567,1347,409616,123,38034,31,8079,154,46113,23566,22390.86,9594496,0
"2021-06-30",9434,4810634,10930,4348497,1487,411103,147,38181,16,8095,163,46276,22014,21608.14,9616510,0
"2021-07-01",9395,4820029,10929,4359426,1434,412537,127,38308,24,8119,151,46427,21909,20976.71,9638419,0
"2021-07-02",9693,4829722,11452,4370878,1541,414078,118,38426,22,8141,140,46567,22826,20402.14,9661245,0
"2021-07-03",7056,4836778,8421,4379299,1193,415271,77,38503,17,8158,94,46661,16764,19994.86,9678009,0
"2021-07-04",1288,4838066,1335,4380634,567,415838,9,38512,3,8161,12,46673,3202,18760.14,9681211,0
"2021-07-05",6496,4844562,7107,4387741,1208,417046,63,38575,22,8183,85,46758,14896,17882.43,9696107,0
"2021-07-06",9511,4854073,12850,4400591,1316,418362,116,38691,37,8220,153,46911,23830,17920.14,9719937,0
"2021-07-07",8666,4862739,11110,4411701,1419,419781,123,38814,19,8239,142,47053,21337,17823.43,9741274,0
"2021-07-08",8220,4870959,10192,4421893,1260,421041,107,38921,21,8260,128,47181,19800,17522.14,9761074,0
"2021-07-09",8373,4879332,10835,4432728,1278,422319,90,39011,18,8278,108,47289,20594,17203.29,9781668,0
"2021-07-10",7103,4886435,8634,4441362,1132,423451,62,39073,20,8298,82,47371,16951,17230,9798619,0
"2021-07-11",4105,4890540,4540,4445902,703,424154,34,39107,6,8304,40,47411,9388,18113.71,9808007,0
"2021-07-12",8450,4898990,9560,4455462,1251,425405,82,39189,23,8327,105,47516,19366,18752.29,9827373,0
"2021-07-13",9462,4908452,9393,4464855,952,426357,105,39294,34,8361,139,47655,19946,18197.43,9847319,0
"2021-07-14",9000,4917452,9533,4474388,1011,427368,105,39399,21,8382,126,47781,19670,17959.29,9866989,0
"2021-07-15",8792,4926244,9158,4483546,1054,428422,79,39478,19,8401,98,47879,19102,17859.57,9886091,0
"2021-07-16",9247,4935491,9762,4493308,981,429403,102,39580,29,8430,131,48010,20121,17792,9906212,0
"2021-07-17",6841,4942332,7387,4500695,803,430206,80,39660,19,8449,99,48109,15130,17531.86,9921342,0
"2021-07-18",4256,4946588,4284,4504979,576,430782,35,39695,13,8462,48,48157,9164,17499.86,9930506,0
"2021-07-19",9120,4955708,8478,4513457,999,431781,91,39786,22,8484,113,48270,18710,17406.14,9949216,0
"2021-07-20",10647,4966355,8759,4522216,991,432772,95,39881,25,8509,120,48390,20517,17487.71,9969733,0
"2021-07-21",10060,4976415,8766,4530982,904,433676,146,40027,33,8542,179,48569,19909,17521.86,9989642,0
"2021-07-22",10689,4987104,8588,4539570,1046,434722,144,40171,25,8567,169,48738,20492,17720.43,10010134,0
"2021-07-23",11252,4998356,8881,4548451,1114,435836,139,40310,23,8590,162,48900,21409,17904.43,10031543,0
"2021-07-24",7402,5005758,6738,4555189,670,436506,82,40392,24,8614,106,49006,14916,17873.86,10046459,0
"2021-07-25",5477,5011235,2126,4557315,509,437015,58,40450,4,8618,62,49068,8174,17732.43,10054633,0
"2021-07-26",10873,5022108,7004,4564319,859,437874,110,40560,20,8638,130,49198,18866,17754.71,10073499,0
"2021-07-27",12068,5034176,8567,4572886,857,438731,134,40694,38,8676,172,49370,21664,17918.57,10095163,0
"2021-07-28",12017,5046193,8051,4580937,950,439681,132,40826,27,8703,159,49529,21177,18099.71,10116340,0
"2021-07-29",10934,5057127,7431,4588368,984,440665,133,40959,37,8740,170,49699,19519,17960.71,10135859,0
"2021-07-30",14954,5072081,8014,4596382,1151,441816,181,41140,31,8771,212,49911,24331,18378.14,10160190,0
"2021-07-31",9725,5081806,6316,4602698,815,442631,121,41261,20,8791,141,50052,16997,18675.43,10177187,0
"2021-08-01",6501,5088307,3311,4606009,564,443195,81,41342,20,8811,101,50153,10477,19004.43,10187664,0
"2021-08-02",13449,5101756,7157,4613166,846,444041,145,41487,18,8829,163,50316,21615,19397.14,10209279,0
"2021-08-03",15411,5117167,8387,4621553,1109,445150,144,41631,38,8867,182,50498,25089,19886.43,10234368,0
"2021-08-04",17263,5134430,8127,4629680,1454,446604,181,41812,34,8901,215,50713,27059,20726.71,10261427,0
"2021-08-05",17887,5152317,7927,4637607,1370,447974,162,41974,20,8921,182,50895,27366,21847.71,10288793,0
"2021-08-06",18182,5170499,8415,4646022,1233,449207,165,42139,32,8953,197,51092,28027,22375.71,10316820,0
"2021-08-07",13387,5183886,6015,4652037,799,450006,99,42238,28,8981,127,51219,20328,22851.57,10337148,0
"2021-08-08",9310,5193196,3835,4655872,400,450406,82,42320,10,8991,92,51311,13637,23303,10350785,0
"2021-08-09",21347,5214543,8525,4664397,965,451371,169,42489,34,9025,203,51514,31040,24649.43,10381825,0
"2021-08-10",18949,5233492,9330,4673727,946,452317,179,42668,33,9058,212,51726,29437,25270.57,10411262,0
"2021-08-11",15648,5249140,8311,4682038,853,453170,128,42796,45,9103,173,51899,24985,24974.29,10436247,0
"2021-08-12",15061,5264201,8984,4691022,942,454112,172,42968,34,9137,206,52105,25193,24663.86,10461440,0
"2021-08-13",14928,5279129,9289,4700311,920,455032,240,43208,37,9174,277,52382,25414,24290.57,10486854,0
"2021-08-14",10401,5289530,6407,4706718,625,455657,530,43738,40,9214,570,52952,18003,23958.43,10504857,0
"2021-08-15",6694,5296224,4476,4711194,676,456333,568,44306,33,9247,601,53553,12447,23788.43,10517304,0
"2021-08-16",15720,5311944,9301,4720495,1150,457483,1318,45624,65,9312,1383,54936,27554,23290.43,10544858,0
"2021-08-17",17774,5329718,10456,4730951,1229,458712,1769,47393,84,9396,1853,56789,31312,23558.29,10576170,0
"2021-08-18",17496,5347214,10374,4741325,1260,459972,1987,49380,96,9492,2083,58872,31213,24448,10607383,0
"2021-08-19",16296,5363510,9527,4750852,1315,461287,1955,51335,65,9557,2020,60892,29158,25014.43,10636541,0
"2021-08-20",16282,5379792,11540,4762392,1254,462541,1859,53194,84,9641,1943,62835,31019,25815.14,10667560,0
"2021-08-21",11148,5390940,8040,4770432,878,463419,1058,54252,56,9697,1114,63949,21180,26269,10688740,0
"2021-08-22",4080,5395020,3901,4774333,262,463681,515,54767,34,9731,549,64498,8792,25746.86,10697532,0
"2021-08-23",15584,5410604,11805,4786138,1023,464704,1547,56314,75,9806,1622,66120,30034,26101.14,10727566,0
"2021-08-24",16914,5427518,12596,4798734,1006,465710,1775,58089,76,9882,1851,67971,32367,26251.86,10759933,0
"2021-08-25",14579,5442097,12449,4811183,1111,466821,1565,59654,76,9958,1641,69612,29780,26047.14,10789713,0
"2021-08-26",16154,5458251,14095,4825278,1071,467892,1774,61428,67,10025,1841,71453,33161,26619,10822874,0
"2021-08-27",14881,5473132,14825,4840103,971,468863,1671,63099,74,10099,1745,73198,32422,26819.43,10855296,0
"2021-08-28",10682,5483814,11523,4851626,835,469698,1014,64113,45,10144,1059,74257,24099,27236.43,10879395,0
"2021-08-29",7218,5491032,7495,4859121,541,470239,778,64891,57,10201,835,75092,16089,28278.86,10895484,0
"2021-08-30",15524,5506556,16927,4876048,1076,471315,1791,66682,86,10287,1877,76969,35404,29046,10930888,0
"2021-08-31",15514,5522070,15958,4892006,951,472266,1972,68654,87,10374,2059,79028,34482,29348.14,10965370,0
"2021-09-01",14829,5536899,14103,4906109,1020,473286,1809,70463,61,10435,1870,80898,31822,29639.86,10997192,0
"2021-09-02",14323,5551222,12527,4918636,896,474182,1706,72169,61,10496,1767,82665,29513,29118.71,11026705,0
"2021-09-03",15015,5566237,14307,4932943,974,475156,1896,74065,69,10565,1965,84630,32261,29095.71,11058966,0
"2021-09-04",9646,5575883,9405,4942348,688,475844,976,75041,33,10598,1009,85639,20748,28617,11079714,0
"2021-09-05",6803,5582686,5514,4947862,438,476282,711,75752,16,10614,727,86366,13482,28244.57,11093196,0
"2021-09-06",5196,5587882,4512,4952374,358,476640,270,76022,11,10625,281,86647,10347,24665,11103543,0
"2021-09-07",15575,5603457,17704,4970078,912,477552,1553,77575,87,10712,1640,88287,35831,24857.71,11139374,0
"2021-09-08",16162,5619619,14826,4984904,1072,478624,1771,79346,83,10795,1854,90141,33914,25156.57,11173288,0
"2021-09-09",16109,5635728,14751,4999655,1047,479671,1914,81260,74,10869,1988,92129,33895,25782.57,11207183,0
"2021-09-10",18372,5654100,15392,5015047,1208,480879,1971,83231,82,10951,2053,94182,37025,26463.14,11244208,0
"2021-09-11",12637,5666737,10348,5025395,958,481837,1028,84259,48,10999,1076,95258,25019,27073.29,11269227,0
"2021-09-12",8540,5675277,5052,5030447,766,482603,690,84949,29,11028,719,95977,15077,27301.14,11284304,0
"2021-09-13",16931,5692208,12963,5043410,976,483579,1652,86601,53,11081,1705,97682,32575,30476.57,11316879,0
"2021-09-14",16267,5708475,13677,5057087,886,484465,1595,88196,55,11136,1650,99332,32480,29997.86,11349359,0
"2021-09-15",15540,5724015,12882,5069969,727,485192,1570,89766,78,11214,1648,100980,30797,29552.57,11380156,0
"2021-09-16",15340,5739355,13910,5083879,1209,486401,1459,91225,66,11280,1525,102505,31984,29279.57,11412140,0
"2021-09-17",14435,5753790,13964,5097843,922,487323,1828,93053,57,11337,1885,104390,31206,28448.29,11443346,0
"2021-09-18",10000,5763790,10183,5108026,913,488236,1046,94099,41,11378,1087,105477,22183,28043.14,11465529,0
"2021-09-19",6178,5769968,6072,5114098,558,488794,747,94846,29,11407,776,106253,13584,27829.86,11479113,0
"2021-09-20",12676,5782644,12628,5126726,1068,489862,1922,96768,59,11466,1981,108234,28353,27226.71,11507466,0
"2021-09-21",12233,5794877,12768,5139494,1109,490971,2026,98794,78,11544,2104,110338,28214,26617.29,11535680,0
"2021-09-22",12822,5807699,12007,5151501,1089,492060,1684,100478,67,11611,1751,112089,27669,26170.43,11563349,0
"2021-09-23",14938,5822637,12760,5164261,1639,493699,2266,102744,73,11684,2339,114428,31676,26126.43,11595025,0
"2021-09-24",16446,5839083,13367,5177628,1636,495335,4627,107371,113,11797,4740,119168,36189,26838.29,11631214,0
"2021-09-25",10541,5849624,9024,5186652,1018,496353,3463,110834,75,11872,3538,122706,24121,27115.14,11655335,0
"2021-09-26",6300,5855924,5763,5192415,773,497126,2425,113259,56,11928,2481,125187,15317,27362.71,11670652,0
"2021-09-27",14160,5870084,8055,5200470,1155,498281,9064,122323,157,12085,9221,134408,32591,27968.14,11703243,0
"2021-09-28",11143,5881227,11782,5212252,902,499183,9912,132235,176,12261,10088,144496,33915,28782.57,11737158,0
"2021-09-29",11605,5892832,12195,5224447,1205,500388,9453,141688,163,12424,9616,154112,34621,29775.71,11771779,0
"2021-09-30",12239,5905071,12605,5237052,1338,501726,9747,151435,173,12597,9920,164032,36102,30408,11807881,0
"2021-10-01",12642,5917713,13432,5250484,1284,503010,10270,161705,148,12745,10418,174450,37776,30634.71,11845657,0
"2021-10-02",7730,5925443,9975,5260459,865,503875,4243,165948,75,12820,4318,178768,22888,30458.57,11868545,0
"2021-10-03",5075,5930518,6156,5266615,593,504468,2613,168561,56,12876,2669,181437,14493,30340.86,11883038,0
"2021-10-04",9909,5940427,11021,5277636,913,505381,9528,178089,141,13017,9669,191106,31512,30186.71,11914550,0
"2021-10-05",10157,5950584,11739,5289375,972,506353,9938,188027,175,13192,10113,201219,32981,30053.29,11947531,0
"2021-10-06",9902,5960486,11052,5300427,936,507289,9931,197958,155,13347,10086,211305,31976,29675.43,11979507,0
"2021-10-07",9616,5970102,12154,5312581,850,508139,10180,208138,167,13514,10347,221652,32967,29227.57,12012474,0
"2021-10-08",9457,5979559,12175,5324756,941,509080,10908,219046,163,13677,11071,232723,33644,28637.29,12046118,0
"2021-10-09",6245,5985804,8237,5332993,643,509723,4114,223160,88,13765,4202,236925,19327,28128.57,12065445,0
"2021-10-10",3542,5989346,5030,5338023,458,510181,2433,225593,43,13808,2476,239401,11506,27701.86,12076951,0
"2021-10-11",7620,5996966,9328,5347351,728,510909,8891,234484,160,13968,9051,248452,26727,27018.29,12103678,0
"2021-10-12",8073,6005039,10996,5358347,891,511800,10517,245001,180,14148,10697,259149,30657,26686.29,12134335,0
"2021-10-13",7151,6012190,10148,5368495,869,512669,8797,253798,178,14326,8975,268124,27143,25995.86,12161478,0
"2021-10-14",7441,6019631,11114,5379609,836,513505,10119,263917,160,14486,10279,278403,29670,25524.86,12191148,0
"2021-10-15",7723,6027354,11851,5391460,823,514328,10823,274740,167,14653,10990,289393,31387,25202.43,12222535,0
"2021-10-16",4863,6032217,7469,5398929,666,514994,3844,278584,65,14718,3909,293302,16907,24856.71,12239442,0
"2021-10-17",3061,6035278,4473,5403402,411,515405,2452,281036,41,14759,2493,295795,10438,24704.14,12249880,0
"2021-10-18",7049,6042327,10666,5414068,796,516201,9485,290521,173,14932,9658,305453,28169,24910.14,12278049,0
"2021-10-19",6576,6048903,8948,5423016,804,517005,9088,299609,168,15100,9256,314709,25584,24185.43,12303633,0
"2021-10-20",6535,6055438,9375,5432391,975,517980,9994,309603,169,15269,10163,324872,27048,24171.86,12330681,0
"2021-10-21",7027,6062465,9385,5441776,858,518838,10844,320447,150,15419,10994,335866,28264,23971,12358945,0
"2021-10-22",8120,6070585,10342,5452118,1026,519864,16354,336801,211,15630,16565,352431,36053,24637.57,12394998,0
"2021-10-23",5168,6075753,6457,5458575,690,520554,9125,345926,114,15744,9239,361670,21554,25301.43,12416552,0
"2021-10-24",3274,6079027,3971,5462546,769,521323,6156,352082,75,15819,6231,367901,14245,25845.29,12430797,0
"2021-10-25",8767,6087794,8740,5471286,1150,522473,19248,371330,292,16111,19540,387441,38197,27277.86,12468994,0
"2021-10-26",8200,6095994,7722,5479008,1258,523731,17291,388621,261,16372,17552,404993,34732,28584.71,12503726,0
"2021-10-27",10557,6106551,8390,5487398,1604,525335,20860,409481,313,16685,21173,426166,41724,30681.29,12545450,0
"2021-10-28",11329,6117880,8032,5495430,1793,527128,20847,430328,314,16999,21161,447327,42315,32688.57,12587765,0
"2021-10-29",11856,6129736,8239,5503669,1957,529085,22540,452868,318,17317,22858,470185,44910,33953.86,12632675,0
"2021-10-30",4633,6134369,5061,5508730,930,530015,11170,464038,162,17479,11332,481517,21956,34011.29,12654631,0
"2021-10-31",2664,6137033,2702,5511432,544,530559,6637,470675,98,17577,6735,488252,12645,33782.71,12667276,0
"2021-11-01",7138,6144171,6956,5518388,1089,531648,20383,491058,318,17895,20701,508953,35884,33452.29,12703160,0
"2021-11-02",6581,6150752,6591,5524979,1054,532702,20786,511844,263,18158,21049,530002,35275,33529.86,12738435,0
"2021-11-03",6851,6157603,6680,5531659,1026,533728,20633,532477,300,18458,20933,550935,35490,32639.29,12773925,0
"2021-11-04",9311,6166914,6279,5537938,995,534723,22366,554843,344,18802,22710,573645,39295,32207.86,12813220,0
"2021-11-05",11053,6177967,6723,5544661,1051,535774,23763,578606,346,19148,24109,597754,42936,31925.86,12856156,0
"2021-11-06",11134,6189101,4051,5548712,594,536368,12594,591200,165,19313,12759,610513,28538,32866.14,12884694,0
"2021-11-07",7254,6196355,2286,5550998,577,536945,7107,598307,95,19408,7202,617715,17319,33533.86,12902013,0
"2021-11-08",15056,6211411,5679,5556677,864,537809,19515,617822,274,19682,19789,637504,41388,34320.14,12943401,0
"2021-11-09",16148,6227559,5389,5562066,660,538469,20518,638340,267,19949,20785,658289,42982,35421.14,12986383,0
"2021-11-10",16932,6244491,5321,5567387,683,539152,22653,660993,288,20237,22941,681230,45877,36905,13032260,0
"2021-11-11",12573,6257064,5186,5572573,759,539911,22088,683081,280,20517,22368,703598,40886,37132.29,13073146,0
"2021-11-12",16895,6273959,5686,5578259,705,540616,23407,706488,350,20867,23757,727355,47043,37719,13120189,0
"2021-11-13",9939,6283898,3663,5581922,463,541079,13328,719816,179,21046,13507,740862,27572,37581,13147761,0
"2021-11-14",6010,6289908,2291,5584213,325,541404,7936,727752,75,21121,8011,748873,16637,37483.57,13164398,0
"2021-11-15",13212,6303120,5975,5590188,690,542094,25116,752868,351,21472,25467,774340,45344,38048.71,13209742,0
"2021-11-16",9966,6313086,5782,5595970,655,542749,30671,783539,414,21886,31085,805425,47488,38692.43,13257230,0
"2021-11-17",10304,6323390,6670,5602640,681,543430,31426,814965,404,22290,31830,837255,49485,39207.86,13306715,0
"2021-11-18",10728,6334118,6541,5609181,857,544287,33017,847982,441,22731,33458,870713,51584,40736.14,13358299,0
"2021-11-19",12024,6346142,6550,5615731,715,545002,36246,884228,446,23177,36692,907405,55981,42013,13414280,0
"2021-11-20",9329,6355471,3418,5619149,513,545515,22515,906743,251,23428,22766,930171,36026,43220.71,13450306,0
"2021-11-21",4947,6360418,1888,5621037,288,545803,13206,919949,146,23574,13352,943523,20475,43769,13470781,0
"2021-11-22",10433,6370851,5788,5626825,750,546553,35934,955883,432,24006,36366,979889,53337,44910.86,13524118,0
"2021-11-23",9788,6380639,4782,5631607,636,547189,33528,989411,364,24370,33892,1013781,49098,45140.86,13573216,0
"2021-11-24",8708,6389347,4751,5636358,650,547839,25926,1015337,277,24647,26203,1039984,40312,43830.43,13613528,0
"2021-11-25",448,6389795,326,5636684,80,547919,1003,1016340,9,24656,1012,1040996,1866,36727.86,13615394,0
"2021-11-26",8060,6397855,6988,5643672,528,548447,26597,1042937,285,24941,26882,1067878,42458,34796,13657852,0
"2021-11-27",6683,6404538,6833,5650505,371,548818,18842,1061779,219,25160,19061,1086939,32948,34356.29,13690800,0
"2021-11-28",4082,6408620,5792,5656297,282,549100,11890,1073669,116,25276,12006,1098945,22162,34597.29,13712962,0
"2021-11-29",9109,6417729,11003,5667300,687,549787,35081,1108750,423,25699,35504,1134449,56303,35021,13769265,0
"2021-11-30",10514,6428243,11438,5678738,512,550299,37784,1146534,485,26184,38269,1172718,60733,36683.14,13829998,0
"2021-12-01",11192,6439435,10981,5689719,724,551023,40357,1186891,431,26615,40788,1213506,63685,40022.14,13893683,0
"2021-12-02",11657,6451092,11040,5700759,626,551649,42168,1229059,445,27060,42613,1256119,65936,49175,13959619,0
"2021-12-03",13483,6464575,12889,5713648,675,552324,47952,1277011,508,27568,48460,1304579,75507,53896.29,14035126,0
"2021-12-04",9857,6474432,11289,5724937,567,552891,30679,1307690,298,27866,30977,1335556,52690,56716.57,14087816,0
"2021-12-05",5759,6480191,5705,5730642,270,553161,16661,1324351,126,27992,16787,1352343,28521,57625,14116337,0
"2021-12-06",12342,6492533,9955,5740597,600,553761,43245,1367596,437,28429,43682,1396025,66579,59093,14182916,0
"2021-12-07",12588,6505121,9260,5749857,625,554386,43048,1410644,489,28918,43537,1439562,66010,59846.86,14248926,0
"2021-12-08",13530,6518651,8775,5758632,554,554940,40796,1451440,460,29378,41256,1480818,64115,59908.29,14313041,0
"2021-12-09",13495,6532146,8750,5767382,555,555495,40833,1492273,478,29856,41311,1522129,64111,59647.57,14377152,0
"2021-12-10",14032,6546178,10148,5777530,670,556165,43675,1535948,483,30339,44158,1566287,69008,58719.14,14446160,0
"2021-12-11",10280,6556458,8127,5785657,405,556570,26700,1562648,273,30612,26973,1593260,45785,57732.71,14491945,0
"2021-12-12",6018,6562476,3854,5789511,288,556858,15171,1577819,131,30743,15302,1608562,25462,57295.71,14517407,0
"2021-12-13",12230,6574706,7431,5796942,658,557516,37884,1615703,388,31131,38272,1646834,58591,56154.57,14575998,0
"2021-12-14",12238,6586944,6959,5803901,731,558247,38160,1653863,421,31552,38581,1685415,58509,55083,14634507,0
"2021-12-15",12104,6599048,6241,5810142,755,559002,38138,1692001,481,32033,38619,1724034,57719,54169.29,14692226,0
"2021-12-16",13163,6612211,4272,5814414,741,559743,41062,1733063,434,32467,41496,1765530,59672,53535.14,14751898,0
"2021-12-17",15947,6628158,6931,5821345,620,560363,46794,1779857,469,32936,47263,1812793,70761,53785.57,14822659,0
"2021-12-18",13022,6641180,5719,5827064,432,560795,30626,1810483,266,33202,30892,1843685,50065,54397,14872724,0
"2021-12-19",7017,6648197,2994,5830058,326,561121,18010,1828493,169,33371,18179,1861864,28516,54833.29,14901240,0
"2021-12-20",16860,6665057,5868,5835926,746,561867,47467,1875960,560,33931,48027,1909891,71501,56677.57,14972741,0
"2021-12-21",17968,6683025,6572,5842498,806,562673,48921,1924881,574,34505,49495,1959386,74841,59010.71,15047582,0
"2021-12-22",18549,6701574,6566,5849064,939,563612,49725,1974606,521,35026,50246,2009632,76300,61665.14,15123882,0
"2021-12-23",19037,6720611,6486,5855550,930,564542,45870,2020476,511,35537,46381,2056013,72834,63545.43,15196716,0
"2021-12-24",9237,6729848,2954,5858504,598,565140,20601,2041077,211,35748,20812,2076825,33601,58236.86,15230317,0
"2021-12-25",344,6730192,63,5858567,31,565171,427,2041504,8,35756,435,2077260,873,51209.43,15231190,0
"2021-12-26",7964,6738156,3927,5862494,340,565511,17283,2058787,173,35929,17456,2094716,29687,51376.71,15260877,0
"2021-12-27",21787,6759943,9201,5871695,934,566445,43456,2102243,538,36467,43994,2138710,75916,52007.43,15336793,0
"2021-12-28",20160,6780103,8330,5880025,699,567144,47586,2149829,598,37065,48184,2186894,77373,52369.14,15414166,0
"2021-12-29",18501,6798604,7672,5887697,607,567751,45571,2195400,474,37539,46045,2232939,72825,51872.71,15486991,0
"2021-12-30",16888,6815492,7421,5895118,587,568338,44848,2240248,573,38112,45421,2278360,70317,51513.14,15557308,0
"2021-12-31",5357,6820849,2808,5897926,193,568531,14772,2255020,177,38289,14949,2293309,23307,50042.57,15580615,0
"2022-01-01",243,6821092,147,5898073,12,568543,501,2255521,21,38310,522,2293831,924,50049.86,15581539,0
"2022-01-02",6432,6827524,5021,5903094,153,568696,10978,2266499,110,38420,11088,2304919,22694,49050.86,15604233,0
"2022-01-03",14130,6841654,8497,5911591,514,569210,26938,2293437,323,38743,27261,2332180,50402,45406,15654635,0
"2022-01-04",12846,6854500,8111,5919702,414,569624,27213,2320650,351,39094,27564,2359744,48935,41343.43,15703570,0
"2022-01-05",11406,6865906,7002,5926704,382,570006,25925,2346575,302,39396,26227,2385971,45017,37370.86,15748587,0
"2022-01-06",11456,6877362,7383,5934087,483,570489,27544,2374119,331,39727,27875,2413846,47197,34068,15795784,0
"2022-01-07",10384,6887746,8418,5942505,338,570827,25037,2399156,312,40039,25349,2439195,44489,37094,15840273,0
"2022-01-08",7853,6895599,8563,5951068,310,571137,19469,2418625,176,40215,19645,2458840,36371,42157.86,15876644,0
"2022-01-09",4129,6899728,3842,5954910,214,571351,10065,2428690,92,40307,10157,2468997,18342,41536.14,15894986,0
"2022-01-10",10174,6909902,8192,5963102,490,571841,24610,2453300,298,40605,24908,2493905,43764,40587.86,15938750,0
"2022-01-11",8890,6918792,7986,5971088,521,572362,21029,2474329,278,40883,21307,2515212,38704,39126.29,15977454,0
"2022-01-12",8937,6927729,8322,5979410,427,572789,22337,2496666,286,41169,22623,2537835,40309,38453.71,16017763,0
"2022-01-13",9040,6936769,8866,5988276,451,573240,22877,2519543,314,41483,23191,2561026,41548,37646.71,16059311,0
"2022-01-14",10105,6946874,8120,5996396,476,573716,26436,2545979,320,41803,26756,2587782,45457,37785,16104768,0
"2022-01-15",6208,6953082,4307,6000703,178,573894,15144,2561123,176,41979,15320,2603102,26013,36305.29,16130781,0
"2022-01-16",2918,6956000,3249,6003952,95,573989,7825,2568948,83,42062,7908,2611010,14170,35709.29,16144951,0
"2022-01-17",6076,6962076,6755,6010707,363,574352,14683,2583631,215,42277,14898,2625908,28092,33470.43,16173043,0
"2022-01-18",8158,6970234,10322,6021029,396,574748,19668,2603299,316,42593,19984,2645892,38860,33492.71,16211903,0
"2022-01-19",7460,6977694,9250,6030279,304,575052,17720,2621019,268,42861,17988,2663880,35002,32734.57,16246905,0
"2022-01-20",6280,6983974,8559,6038838,305,575357,15253,2636272,242,43103,15495,2679375,30639,31176.14,16277544,0
"2022-01-21",7569,6991543,7506,6046344,276,575633,18511,2654783,280,43383,18791,2698166,34142,29559.71,16311686,0
"2022-01-22",5187,6996730,4938,6051282,131,575764,11319,2666102,128,43511,11447,2709613,21703,28944,16333389,0
"2022-01-23",2811,6999541,3327,6054609,97,575861,6229,2672331,76,43587,6305,2715918,12540,28711.14,16345929,0
"2022-01-24",6367,7005908,8205,6062814,262,576123,15073,2687404,237,43824,15310,2731228,30144,29004.29,16376073,0
"2022-01-25",6186,7012094,7932,6070746,233,576356,14696,2702100,255,44079,14951,2746179,29302,27638.86,16405375,0
"2022-01-26",5750,7017844,7172,6077918,289,576645,14019,2716119,210,44289,14229,2760408,27440,26558.57,16432815,0
"2022-01-27",5256,7023100,7092,6085010,321,576966,14086,2730205,228,44517,14314,2774722,26983,26036.29,16459798,0
"2022-01-28",6254,7029354,7873,6092883,203,577169,16134,2746339,236,44753,16370,2791092,30700,25544.57,16490498,0
"2022-01-29",840,7030194,728,6093611,28,577197,2539,2748878,39,44792,2578,2793670,4174,23040.43,16494672,0
"2022-01-30",2097,7032291,3022,6096633,103,577300,4536,2753414,63,44855,4599,2798269,9821,22652,16504493,0
"2022-01-31",5003,7037294,6593,6103226,220,577520,11388,2764802,197,45052,11585,2809854,23401,21688.71,16527894,0
"2022-02-01",4830,7042124,6436,6109662,219,577739,10719,2775521,215,45267,10934,2820788,22419,20705.43,16550313,0
"2022-02-02",4256,7046380,5930,6115592,213,577952,11235,2786756,240,45507,11475,2832263,21874,19910.29,16572187,0
"2022-02-03",4225,7050605,5813,6121405,216,578168,11219,2797975,199,45706,11418,2843681,21672,19151.57,16593859,0
"2022-02-04",4766,7055371,7113,6128518,214,578382,13215,2811190,239,45945,13454,2857135,25547,18415.43,16619406,0
"2022-02-05",3583,7058954,6047,6134565,110,578492,8577,2819767,150,46095,8727,2865862,18467,20457.29,16637873,0
"2022-02-06",2064,7061018,2137,6136702,121,578613,4635,2824402,102,46197,4737,2870599,9059,20348.43,16646932,0
"2022-02-07",4157,7065175,4728,6141430,205,578818,10131,2834533,232,46429,10363,2880962,19453,19784.43,16666385,0
"2022-02-08",4217,7069392,5610,6147040,214,579032,11330,2845863,301,46730,11631,2892593,21672,19677.71,16688057,0
"2022-02-09",4134,7073526,5404,6152444,222,579254,11663,2857526,251,46981,11914,2904507,21674,19649.14,16709731,0
"2022-02-10",3994,7077520,5123,6157567,245,579499,12200,2869726,283,47264,12483,2916990,21845,19673.86,16731576,0
"2022-02-11",4521,7082041,5803,6163370,195,579694,13729,2883455,318,47582,14047,2931037,24566,19533.71,16756142,0
"2022-02-12",3258,7085299,4341,6167711,97,579791,8809,2892264,214,47796,9023,2940060,16719,19284,16772861,0
"2022-02-13",1522,7086821,1544,6169255,41,579832,4879,2897143,110,47906,4989,2945049,8096,19146.43,16780957,0
"2022-02-14",2984,7089805,3624,6172879,167,579999,10569,2907712,323,48229,10892,2955941,17667,18891.29,16798624,0
"2022-02-15",3558,7093363,4072,6176951,175,580174,12785,2920497,278,48507,13063,2969004,20868,18776.43,16819492,0
"2022-02-16",3660,7097023,3907,6180858,200,580374,15722,2936219,291,48798,16013,2985017,23780,19077.29,16843272,0
"2022-02-17",4036,7101059,4081,6184939,162,580536,18278,2954497,355,49153,18633,3003650,26912,19801.14,16870184,0
"2022-02-18",4471,7105530,4786,6189725,190,580726,21532,2976029,451,49604,21983,3025633,31430,20781.71,16901614,0
"2022-02-19",3253,7108783,2181,6191906,65,580791,11177,2987206,218,49822,11395,3037028,16894,20806.71,16918508,0
"2022-02-20",1860,7110643,1444,6193350,59,580850,6582,2993788,112,49934,6694,3043722,10057,21086.86,16928565,0
"2022-02-21",3084,7113727,2695,6196045,95,580945,8351,3002139,228,50162,8579,3052301,14453,20627.71,16943018,0
"2022-02-22",4381,7118108,4252,6200297,175,581120,10833,3012972,250,50412,11083,3063384,19891,20488.14,16962909,0
"2022-02-23",4264,7122372,3787,6204084,145,581265,10668,3023640,238,50650,10906,3074290,19102,19819.86,16982011,0
"2022-02-24",3796,7126168,3656,6207740,108,581373,10192,3033832,228,50878,10420,3084710,17980,18543.86,16999991,0
"2022-02-25",3617,7129785,3627,6211367,135,581508,9978,3043810,238,51116,10216,3094926,17595,16567.43,17017586,0
"2022-02-26",2837,7132622,2578,6213945,74,581582,9512,3053322,153,51269,9665,3104591,15154,16318.86,17032740,0
"2022-02-27",1772,7134394,1372,6215317,52,581634,6267,3059589,100,51369,6367,3110958,9563,16248.29,17042303,0
"2022-02-28",3801,7138195,3133,6218450,141,581775,13133,3072722,246,51615,13379,3124337,20454,17105.57,17062757,0
"2022-03-01",2135,7140330,2626,6221076,103,581878,5175,3077897,185,51800,5360,3129697,10224,15724.57,17072981,0
"2022-03-02",1840,7142170,2439,6223515,106,581984,4129,3082026,209,52009,4338,3134035,8723,14241.86,17081704,0
"2022-03-03",1934,7144104,2556,6226071,106,582090,3797,3085823,169,52178,3966,3138001,8562,12896.43,17090266,0
"2022-03-04",2123,7146227,2874,6228945,66,582156,4329,3090152,207,52385,4536,3142537,9599,11754.14,17099865,0
"2022-03-05",1612,7147839,2124,6231069,43,582199,3318,3093470,115,52500,3433,3145970,7212,10619.57,17107077,0
"2022-03-06",798,7148637,879,6231948,30,582229,1621,3095091,57,52557,1678,3147648,3385,9737,17110462,0
"2022-03-07",1668,7150305,1786,6233734,86,582315,3497,3098588,161,52718,3658,3151306,7198,7843.29,17117660,0
"2022-03-08",1550,7151855,1893,6235627,79,582394,3125,3101713,149,52867,3274,3154580,6796,7353.57,17124456,0
"2022-03-09",1266,7153121,1678,6237305,79,582473,2585,3104298,130,52997,2715,3157295,5738,6927.14,17130194,0
"2022-03-10",1419,7154540,2101,6239406,85,582558,2957,3107255,162,53159,3119,3160414,6724,6664.57,17136918,0
"2022-03-11",1601,7156141,2273,6241679,81,582639,3212,3110467,187,53346,3399,3163813,7354,6343.86,17144272,0
"2022-03-12",880,7157021,1414,6243093,42,582681,2005,3112472,75,53421,2080,3165893,4416,5944.43,17148688,0
"2022-03-13",624,7157645,757,6243850,28,582709,1292,3113764,47,53468,1339,3167232,2748,5853.43,17151436,0
"2022-03-14",1372,7159017,1607,6245457,83,582792,2990,3116754,207,53675,3197,3170429,6259,5719.29,17157695,0
"2022-03-15",1361,7160378,1926,6247383,63,582855,3067,3119821,230,53905,3297,3173726,6647,5698,17164342,0
"2022-03-16",1398,7161776,2066,6249449,94,582949,3136,3122957,296,54201,3432,3177158,6990,5876.86,17171332,0
"2022-03-17",1193,7162969,1807,6251256,70,583019,2760,3125717,267,54468,3027,3180185,6097,5787.29,17177429,0
"2022-03-18",1592,7164561,2218,6253474,80,583099,3770,3129487,416,54884,4186,3184371,8076,5890.43,17185505,0
"2022-03-19",1114,7165675,1733,6255207,54,583153,2600,3132087,227,55111,2827,3187198,5728,6077.86,17191233,0
"2022-03-20",614,7166289,627,6255834,33,583186,1461,3133548,187,55298,1648,3188846,2922,6102.71,17194155,0
"2022-03-21",1419,7167708,1553,6257387,72,583258,3056,3136604,357,55655,3413,3192259,6457,6131,17200612,0
"2022-03-22",1344,7169052,1555,6258942,101,583359,2903,3139507,345,56000,3248,3195507,6248,6074,17206860,0
"2022-03-23",1260,7170312,1361,6260303,66,583425,2920,3142427,374,56374,3294,3198801,5981,5929.86,17212841,0
"2022-03-24",1214,7171526,1297,6261600,90,583515,2520,3144947,267,56641,2787,3201588,5388,5828.57,17218229,0
"2022-03-25",1390,7172916,1630,6263230,62,583577,3263,3148210,378,57019,3641,3205229,6723,5635.29,17224952,0
"2022-03-26",927,7173843,1162,6264392,36,583613,2308,3150518,250,57269,2558,3207787,4683,5486,17229635,0
"2022-03-27",574,7174417,528,6264920,29,583642,1311,3151829,205,57474,1516,3209303,2647,5446.71,17232282,0
"2022-03-28",1086,7175503,1164,6266084,69,583711,2438,3154267,365,57839,2803,3212106,5122,5256,17237404,0
"2022-03-29",1052,7176555,1105,6267189,85,583796,2514,3156781,880,58719,3394,3215500,5636,5168.57,17243040,0
"2022-03-30",1249,7177804,1142,6268331,98,583894,3066,3159847,3403,62122,6469,3221969,8958,5593.86,17251998,0
"2022-03-31",1290,7179094,1259,6269590,57,583951,3165,3163012,5508,67630,8673,3230642,11279,6435.43,17263277,0
"2022-04-01",1431,7180525,1499,6271089,76,584027,3249,3166261,6898,74528,10147,3240789,13153,7354,17276430,0
"2022-04-02",911,7181436,912,6272001,33,584060,2096,3168357,4524,79052,6620,3247409,8476,7895.86,17284906,0
"2022-04-03",560,7181996,499,6272500,28,584088,1222,3169579,3050,82102,4272,3251681,5359,8283.29,17290265,0
"2022-04-04",1355,7183351,1307,6273807,61,584149,2736,3172315,7697,89799,10433,3262114,13156,9431,17303421,0
"2022-04-05",1305,7184656,1162,6274969,66,584215,2856,3175171,7480,97279,10336,3272450,12869,10464.29,17316290,0
"2022-04-06",1345,7186001,1181,6276150,61,584276,2625,3177796,6948,104227,9573,3282023,12160,10921.71,17328450,0
"2022-04-07",1209,7187210,1067,6277217,57,584333,2378,3180174,6604,110831,8982,3291005,11315,10926.86,17339765,0
"2022-04-08",1482,7188692,1408,6278625,61,584394,3176,3183350,8774,119605,11950,3302955,14901,11176.57,17354666,0
"2022-04-09",916,7189608,924,6279549,29,584423,2082,3185432,4942,124547,7024,3309979,8893,11236.14,17363559,0
"2022-04-10",584,7190192,461,6280010,25,584448,1171,3186603,2893,127440,4064,3314043,5134,11204,17368693,0
"2022-04-11",1313,7191505,1238,6281248,59,584507,2667,3189270,7798,135238,10465,3324508,13075,11192.43,17381768,0
"2022-04-12",1223,7192728,1057,6282305,73,584580,2526,3191796,7412,142650,9938,3334446,12291,11109.86,17394059,0
"2022-04-13",1240,7193968,1080,6283385,59,584639,2518,3194314,7537,150187,10055,3344501,12434,11149,17406493,0
"2022-04-14",1275,7195243,1101,6284486,59,584698,2447,3196761,6569,156756,9016,3353517,11451,11168.43,17417944,0
"2022-04-15",1339,7196582,1099,6285585,53,584751,2571,3199332,6618,163374,9189,3362706,11680,10708.29,17429624,0
"2022-04-16",861,7197443,654,6286239,33,584784,1645,3200977,3678,167052,5323,3368029,6871,10419.43,17436495,0
"2022-04-17",347,7197790,202,6286441,27,584811,640,3201617,1154,168206,1794,3369823,2370,10024.57,17438865,0
"2022-04-18",1393,7199183,1117,6287558,82,584893,2585,3204202,6411,174617,8996,3378819,11588,9812.14,17450453,0
"2022-04-19",1424,7200607,939,6288497,72,584965,2573,3206775,5739,180356,8312,3387131,10747,9591.57,17461200,0
"2022-04-20",1320,7201927,1160,6289657,65,585030,2716,3209491,6621,186977,9337,3396468,11882,9512.71,17473082,0
"2022-04-21",1229,7203156,1065,6290722,53,585083,2331,3211822,5336,192313,7667,3404135,10014,9307.43,17483096,0
"2022-04-22",1217,7204373,1025,6291747,46,585129,2204,3214026,5634,197947,7838,3411973,10126,9085.43,17493222,0
"2022-04-23",718,7205091,751,6292498,59,585188,1427,3215453,3345,201292,4772,3416745,6300,9003.86,17499522,0
"2022-04-24",442,7205533,338,6292836,27,585215,813,3216266,1811,203103,2624,3419369,3431,9155.43,17502953,0
"2022-04-25",1032,7206565,917,6293753,64,585279,1853,3218119,5088,208191,6941,3426310,8954,8779.14,17511907,0
"2022-04-26",952,7207517,860,6294613,76,585355,1752,3219871,4686,212877,6438,3432748,8326,8433.29,17520233,0
"2022-04-27",1041,7208558,1024,6295637,80,585435,1929,3221800,5204,218081,7133,3439881,9278,8061.29,17529511,0
"2022-04-28",1092,7209650,989,6296626,50,585485,2007,3223807,4725,222806,6732,3446613,8863,7896.86,17538374,0
"2022-04-29",1190,7210840,1108,6297734,60,585545,2161,3225968,5388,228194,7549,3454162,9907,7865.57,17548281,0
"2022-04-30",730,7211570,741,6298475,50,585595,1395,3227363,2952,231146,4347,3458509,5868,7803.86,17554149,0
"2022-05-01",445,7212015,366,6298841,20,585615,766,3228129,1656,232802,2422,3460931,3253,7778.43,17557402,0
"2022-05-02",1060,7213075,796,6299637,52,585667,1672,3229801,3812,236614,5484,3466415,7392,7555.29,17564794,0
"2022-05-03",1126,7214201,864,6300501,61,585728,1998,3231799,4857,241471,6855,3473270,8906,7638.14,17573700,0
"2022-05-04",1021,7215222,885,6301386,48,585776,1917,3233716,4642,246113,6559,3479829,8513,7528.86,17582213,0
"2022-05-05",1069,7216291,953,6302339,86,585862,1922,3235638,4869,250982,6791,3486620,8899,7534,17591112,0
"2022-05-06",1093,7217384,960,6303299,51,585913,1868,3237506,4384,255366,6252,3492872,8356,7312.43,17599468,0
"2022-05-07",661,7218045,592,6303891,32,585945,1203,3238709,2426,257792,3629,3496501,4914,7176.14,17604382,0
"2022-05-08",417,7218462,247,6304138,17,585962,665,3239374,1381,259173,2046,3498547,2727,7101,17607109,0
"2022-05-09",1087,7219549,948,6305086,60,586022,1888,3241262,4420,263593,6308,3504855,8403,7245.43,17615512,0
"2022-05-10",1098,7220647,931,6306017,54,586076,1986,3243248,4712,268305,6698,3511553,8781,7227.57,17624293,0
"2022-05-11",1095,7221742,982,6306999,44,586120,1940,3245188,4825,273130,6765,3518318,8886,7280.86,17633179,0
"2022-05-12",1107,7222849,951,6307950,60,586180,2001,3247189,4656,277786,6657,3524975,8775,7263.14,17641954,0
"2022-05-13",1165,7224014,1041,6308991,44,586224,2061,3249250,4783,282569,6844,3531819,9094,7368.57,17651048,0
"2022-05-14",832,7224846,670,6309661,31,586255,1471,3250721,2943,285512,4414,3536233,5947,7516.14,17656995,0
"2022-05-15",512,7225358,357,6310018,22,586277,924,3251645,1644,287156,2568,3538801,3459,7620.71,17660454,0
"2022-05-16",1233,7226591,860,6310878,62,586339,1830,3253475,3853,291009,5683,3544484,7838,7540,17668292,0
"2022-05-17",1301,7227892,928,6311806,79,586418,2050,3255525,4871,295880,6921,3551405,9229,7604,17677521,0
"2022-05-18",1249,7229141,902,6312708,82,586500,2065,3257590,4915,300795,6980,3558385,9213,7650.71,17686734,0
"2022-05-19",1173,7230314,883,6313591,36,586536,2118,3259708,4714,305509,6832,3565217,8924,7672,17695658,0
"2022-05-20",1205,7231519,960,6314551,74,586610,2362,3262070,5189,310698,7551,3572768,9790,7771.43,17705448,0
"2022-05-21",838,7232357,649,6315200,23,586633,1725,3263795,3287,313985,5012,3577780,6522,7853.57,17711970,0
"2022-05-22",513,7232870,291,6315491,22,586655,1134,3264929,1838,315823,2972,3580752,3798,7902,17715768,0
"2022-05-23",1227,7234097,892,6316383,52,586707,2187,3267116,4692,320515,6879,3587631,9050,8075.14,17724818,0
"2022-05-24",1436,7235533,942,6317325,66,586773,2292,3269408,4469,324984,6761,3594392,9205,8071.71,17734023,0
"2022-05-25",1441,7236974,960,6318285,56,586829,2262,3271670,4237,329221,6499,3600891,8956,8035,17742979,0
"2022-05-26",1184,7238158,879,6319164,60,586889,2262,3273932,4130,333351,6392,3607283,8515,7976.57,17751494,0
"2022-05-27",1257,7239415,958,6320122,38,586927,2491,3276423,3893,337244,6384,3613667,8637,7811.86,17760131,0
"2022-05-28",720,7240135,518,6320640,19,586946,1779,3278202,2060,339304,3839,3617506,5096,7608.14,17765227,0
"2022-05-29",476,7240611,218,6320858,11,586957,761,3278963,1117,340421,1878,3619384,2583,7434.57,17767810,0
"2022-05-30",91,7240702,57,6320915,6,586963,139,3279102,145,340566,284,3619668,438,6204.29,17768248,0
"2022-05-31",1142,7241844,918,6321833,51,587014,1884,3280986,3056,343622,4940,3624608,7051,5896.57,17775299,0
"2022-06-01",1160,7243004,849,6322682,63,587077,1966,3282952,3406,347028,5372,3629980,7444,5680.57,17782743,0
"2022-06-02",1038,7244042,802,6323484,72,587149,1822,3284774,3158,350186,4980,3634960,6892,5448.71,17789635,0
"2022-06-03",1170,7245212,891,6324375,47,587196,2056,3286830,3479,353665,5535,3640495,7643,5306.71,17797278,0
"2022-06-04",729,7245941,583,6324958,26,587222,1548,3288378,1893,355558,3441,3643936,4779,5261.43,17802057,0
"2022-06-05",450,7246391,297,6325255,1,587223,881,3289259,977,356535,1858,3645794,2606,5264.71,17804663,0
"2022-06-06",1126,7247517,826,6326081,64,587287,1752,3291011,2728,359263,4480,3650274,6496,6130.14,17811159,0
"2022-06-07",1030,7248547,767,6326848,70,587357,1770,3292781,2554,361817,4324,3654598,6191,6007.29,17817350,0
"2022-06-08",1099,7249646,835,6327683,75,587432,1871,3294652,2729,364546,4600,3659198,6609,5888,17823959,0
"2022-06-09",1147,7250793,839,6328522,61,587493,2216,3296868,2680,367226,4896,3664094,6943,5895.29,17830902,0
"2022-06-10",1055,7251848,820,6329342,75,587568,1879,3298747,2812,370038,4691,3668785,6641,5752.14,17837543,0
"2022-06-11",682,7252530,507,6329849,25,587593,1318,3300065,1502,371540,2820,3671605,4034,5645.71,17841577,0
"2022-06-12",352,7252882,288,6330137,21,587614,879,3300944,769,372309,1648,3673253,2309,5603.29,17843886,0
"2022-06-13",1039,7253921,767,6330904,63,587677,1566,3302510,2177,374486,3743,3676996,5612,5477,17849498,0
"2022-06-14",954,7254875,829,6331733,64,587741,1676,3304186,2487,376973,4163,3681159,6010,5451.14,17855508,0
"2022-06-15",982,7255857,863,6332596,39,587780,1651,3305837,2402,379375,4053,3685212,5937,5355.14,17861445,0
"2022-06-16",954,7256811,780,6333376,59,587839,1822,3307659,2347,381722,4169,3689381,5962,5215,17867407,0
"2022-06-17",903,7257714,795,6334171,48,587887,1745,3309404,2386,384108,4131,3693512,5877,5105.86,17873284,0
"2022-06-18",665,7258379,521,6334692,26,587913,1274,3310678,1291,385399,2565,3696077,3777,5069.14,17877061,0
"2022-06-19",351,7258730,236,6334928,16,587929,727,3311405,603,386002,1330,3697407,1933,5015.43,17878994,0
"2022-06-20",838,7259568,489,6335417,41,587970,1565,3312970,1611,387613,3176,3700583,4544,4862.86,17883538,0
"2022-06-21",1138,7260706,735,6336152,50,588020,1690,3314660,2122,389735,3812,3704395,5735,4823.57,17889273,0
"2022-06-22",1972,7262678,822,6336974,46,588066,1690,3316350,1981,391716,3671,3708066,6511,4905.57,17895784,0
"2022-06-23",2127,7264805,758,6337732,64,588130,1695,3318045,2141,393857,3836,3711902,6785,5023.14,17902569,0
"2022-06-24",2177,7266982,755,6338487,48,588178,1618,3319663,2133,395990,3751,3715653,6731,5145.14,17909300,0
"2022-06-25",2141,7269123,487,6338974,15,588193,1231,3320894,1133,397123,2364,3718017,5007,5320.86,17914307,0
"2022-06-26",1213,7270336,249,6339223,14,588207,680,3321574,530,397653,1210,3719227,2686,5428.43,17916993,0
"2022-06-27",1535,7271871,652,6339875,60,588267,1456,3323030,1635,399288,3091,3722318,5338,5541.86,17922331,0
"2022-06-28",1691,7273562,831,6340706,53,588320,1843,3324873,2122,401410,3965,3726283,6540,5656.86,17928871,0
"2022-06-29",1854,7275416,769,6341475,48,588368,1710,3326583,1912,403322,3622,3729905,6293,5625.71,17935164,0
"2022-06-30",1861,7277277,801,6342276,46,588414,1729,3328312,2109,405431,3838,3733743,6546,5591.57,17941710,0
"2022-07-01",1581,7278858,592,6342868,25,588439,1383,3329695,1715,407146,3098,3736841,5296,5386.57,17947006,0
"2022-07-02",972,7279830,379,6343247,18,588457,830,3330525,925,408071,1755,3738596,3124,5117.57,17950130,0
"2022-07-03",529,7280359,205,6343452,7,588464,459,3330984,485,408556,944,3739540,1685,4974.57,17951815,0
"2022-07-04",35,7280394,26,6343478,1,588465,30,3331014,38,408594,68,3739608,130,4230.57,17951945,0
"2022-07-05",1275,7281669,748,6344226,35,588500,1391,3332405,1731,410325,3122,3742730,5180,4036.29,17957125,0
"2022-07-06",1609,7283278,677,6344903,44,588544,1440,3333845,1822,412147,3262,3745992,5592,3936.14,17962717,0
"2022-07-07",1583,7284861,716,6345619,48,588592,1513,3335358,1983,414130,3496,3749488,5843,3835.71,17968560,0
"2022-07-08",1621,7286482,642,6346261,37,588629,1462,3336820,1960,416090,3422,3752910,5722,3896.57,17974282,0
"2022-07-09",980,7287462,411,6346672,26,588655,876,3337696,1339,417429,2215,3755125,3632,3969.14,17977914,0
"2022-07-10",642,7288104,183,6346855,17,588672,426,3338122,658,418087,1084,3756209,1926,4003.57,17979840,0
"2022-07-11",1388,7289492,630,6347485,49,588721,1421,3339543,2195,420282,3616,3759825,5683,4796.86,17985523,0
"2022-07-12",1396,7290888,682,6348167,45,588766,1388,3340931,2499,422781,3887,3763712,6010,4915.43,17991533,0
"2022-07-13",1605,7292493,726,6348893,36,588802,1502,3342433,2784,425565,4286,3767998,6653,5067,17998186,0
"2022-07-14",1576,7294069,834,6349727,47,588849,1585,3344018,3039,428604,4624,3772622,7081,5243.86,18005267,0
"2022-07-15",1604,7295673,917,6350644,45,588894,1548,3345566,3033,431637,4581,3777203,7147,5447.43,18012414,0
"2022-07-16",880,7296553,576,6351220,9,588903,969,3346535,1684,433321,2653,3779856,4118,5516.86,18016532,0
"2022-07-17",546,7297099,291,6351511,16,588919,529,3347064,1163,434484,1692,3781548,2545,5605.29,18019077,0
"2022-07-18",1389,7298488,840,6352351,45,588964,1419,3348483,2428,436912,3847,3785395,6121,5667.86,18025198,0
"2022-07-19",1427,7299915,967,6353318,51,589015,1530,3350013,2765,439677,4295,3789690,6740,5772.14,18031938,0
"2022-07-20",1375,7301290,1469,6354787,50,589065,1331,3351344,2353,442030,3684,3793374,6578,5761.43,18038516,0
"2022-07-21",1326,7302616,1425,6356212,46,589111,1380,3352724,2337,444367,3717,3797091,6514,5680.43,18045030,0
"2022-07-22",1417,7304033,1546,6357758,41,589152,1535,3354259,2826,447193,4361,3801452,7365,5711.57,18052395,0
"2022-07-23",901,7304934,1091,6358849,16,589168,991,3355250,1546,448739,2537,3803989,4545,5772.57,18056940,0
"2022-07-24",490,7305424,638,6359487,14,589182,500,3355750,799,449538,1299,3805288,2441,5757.71,18059381,0
"2022-07-25",1204,7306628,762,6360249,57,589239,1250,3357000,2037,451575,3287,3808575,5310,5641.86,18064691,0
"2022-07-26",1215,7307843,1009,6361258,40,589279,1454,3358454,2407,453982,3861,3812436,6125,5554,18070816,0
"2022-07-27",1301,7309144,1263,6362521,41,589320,1374,3359828,2154,456136,3528,3815964,6133,5490.43,18076949,0
"2022-07-28",1285,7310429,1400,6363921,70,589390,1402,3361230,2168,458304,3570,3819534,6325,5463.43,18083274,0
"2022-07-29",1312,7311741,1410,6365331,64,589454,1331,3362561,2104,460408,3435,3822969,6221,5300,18089495,0
"2022-07-30",717,7312458,712,6366043,23,589477,781,3363342,938,461346,1719,3824688,3171,5103.71,18092666,0
"2022-07-31",415,7312873,586,6366629,14,589491,486,3363828,568,461914,1054,3825742,2069,5050.57,18094735,0
"2022-08-01",1207,7314080,894,6367523,54,589545,1309,3365137,1462,463376,2771,3828513,4926,4995.71,18099661,0
"2022-08-02",1205,7315285,1001,6368524,72,589617,1325,3366462,1566,464942,2891,3831404,5169,4859.14,18104830,0
"2022-08-03",1232,7316517,1160,6369684,41,589658,1304,3367766,1425,466367,2729,3834133,5162,4720.43,18109992,0
"2022-08-04",1148,7317665,1146,6370830,52,589710,1231,3368997,1341,467708,2572,3836705,4918,4519.43,18114910,0
"2022-08-05",1260,7318925,1391,6372221,43,589753,1264,3370261,1314,469022,2578,3839283,5272,4383.86,18120182,0
"2022-08-06",662,7319587,828,6373049,14,589767,729,3370990,694,469716,1423,3840706,2927,4349,18123109,0
"2022-08-07",382,7319969,453,6373502,13,589780,416,3371406,335,470051,751,3841457,1599,4281.86,18124708,0
"2022-08-08",1140,7321109,896,6374398,65,589845,1208,3372614,1083,471134,2291,3843748,4392,4205.57,18129100,0
"2022-08-09",1096,7322205,866,6375264,33,589878,1150,3373764,1061,472195,2211,3845959,4206,4068,18133306,0
"2022-08-10",1172,7323377,1079,6376343,54,589932,1200,3374964,1124,473319,2324,3848283,4629,3991.86,18137935,0
"2022-08-11",1279,7324656,1017,6377360,71,590003,1158,3376122,1178,474497,2336,3850619,4703,3961.14,18142638,0
"2022-08-12",1272,7325928,1354,6378714,50,590053,1200,3377322,1146,475643,2346,3852965,5022,3925.43,18147660,120000
"2022-08-13",741,7326669,763,6379477,14,590067,728,3378050,544,476187,1272,3854237,2790,3905.86,18150450,120000
"2022-08-14",498,7327167,477,6379954,19,590086,389,3378439,265,476452,654,3854891,1648,3912.86,18152098,120000
"2022-08-15",1245,7328412,1011,6380965,53,590139,1224,3379663,887,477339,2111,3857002,4420,3916.86,18156518,120000
"2022-08-16",1232,7329644,809,6381774,41,590180,1283,3380946,978,478317,2261,3859263,4343,3936.43,18160861,120000
"2022-08-17",1172,7330816,899,6382673,32,590212,1167,3382113,868,479185,2035,3861298,4138,3866.29,18164999,120000
"2022-08-18",415,7331231,396,6383069,9,590221,434,3382547,315,479500,749,3862047,1569,3418.57,18166568,120000
