"DATE","ADMIN_DOSE1_DAILY","ADMIN_DOSE1_CUMULATIVE","ADMIN_DOSE2_DAILY","ADMIN_DOSE2_CUMULATIVE","ADMIN_SINGLE_DAILY","ADMIN_SINGLE_CUMULATIVE","ADMIN_ADDITIONAL1_DAILY","ADMIN_ADDITIONAL1_CUMULATIVE","ADMIN_ADDITIONAL2_DAILY","ADMIN_ADDITIONAL2_CUMULATIVE","ADMIN_ADDITIONAL_DAILY","ADMIN_ADDITIONAL_CUMULATIVE","ADMIN_ALLDOSES_DAILY","ADMIN_ALLDOSES_7DAYAVG","ADMIN_ALLDOSES_CUMULATIVE","ADMIN_ALLDOSES_PRIMARY","INCOMPLETE"
2020-12-14,79,79,0,0,2,2,0,0,0,0,0,0,81,,81,81,0
2020-12-15,2051,2130,6,6,5,7,0,0,0,0,0,0,2062,,2143,2143,0
2020-12-16,4607,6737,15,21,4,11,1,1,0,0,1,1,4627,,6770,6769,0
2020-12-17,4659,11396,18,39,2,13,1,2,0,0,1,2,4680,,11450,11448,0
2020-12-18,5833,17229,18,57,2,15,2,4,0,0,2,4,5855,,17305,17301,0
2020-12-19,1688,18917,8,65,3,18,0,4,0,0,0,4,1699,,19004,19000,0
2020-12-20,1116,20033,2,67,1,19,0,4,0,0,0,4,1119,2874.71,20123,20119,0
2020-12-21,6344,26377,20,87,0,19,5,9,0,0,5,9,6369,3773,26492,26483,0
2020-12-22,9797,36174,27,114,2,21,1,10,0,0,1,10,9827,4882.29,36319,36309,0
2020-12-23,14275,50449,35,149,3,24,0,10,0,0,0,10,14313,6266,50632,50622,0
2020-12-24,7196,57645,26,175,1,25,0,10,0,0,0,10,7223,6629.29,57855,57845,0
2020-12-25,180,57825,0,175,0,25,1,11,0,0,1,11,181,5818.71,58036,58025,0
2020-12-26,4390,62215,45,220,0,25,1,12,0,0,1,12,4436,6209.71,62472,62460,0
2020-12-27,3870,66085,14,234,0,25,1,13,0,0,1,13,3885,6604.86,66357,66344,0
2020-12-28,10993,77078,49,283,1,26,3,16,0,0,3,16,11046,7273,77403,77387,0
2020-12-29,10716,87794,35,318,2,28,3,19,0,0,3,19,10756,7405.71,88159,88140,0
2020-12-30,12823,100617,46,364,0,28,0,19,0,0,0,19,12869,7199.43,101028,101009,0
2020-12-31,7261,107878,35,399,1,29,0,19,0,0,0,19,7297,7210,108325,108306,0
2021-01-01,180,108058,2,401,1,30,3,22,0,0,3,22,186,7210.71,108511,108489,0
2021-01-02,3809,111867,10,411,3,33,2,24,0,0,2,24,3824,7123.29,112335,112311,0
2021-01-03,3542,115409,24,435,2,35,1,25,0,0,1,25,3569,7078.14,115904,115879,0
2021-01-04,12256,127665,807,1242,2,37,7,32,0,0,7,32,13072,7367.57,128976,128944,0
2021-01-05,14092,141757,2192,3434,2,39,13,45,1,1,14,46,16300,8159.57,145276,145230,0
2021-01-06,17797,159554,3928,7362,1,40,31,76,8,9,39,85,21765,9430.43,167041,166956,0
2021-01-07,16550,176104,5172,12534,4,44,46,122,3,12,49,134,21775,11498.71,188816,188682,0
2021-01-08,16613,192717,5461,17995,0,44,34,156,4,16,38,172,22112,14631,210928,210756,0
2021-01-09,7651,200368,1463,19458,1,45,7,163,2,18,9,181,9124,15388.14,220052,219871,0
2021-01-10,7881,208249,983,20441,0,45,11,174,0,18,11,192,8875,16146.14,228927,228735,0
2021-01-11,25819,234068,7459,27900,2,47,50,224,8,26,58,250,33338,19041.29,262265,262015,0
2021-01-12,28251,262319,7863,35763,1,48,44,268,4,30,48,298,36163,21878.86,298428,298130,0
2021-01-13,31718,294037,9398,45161,1,49,58,326,4,34,62,360,41179,24652.29,339607,339247,0
2021-01-14,35811,329848,5315,50476,1,50,31,357,7,41,38,398,41165,27422.29,380772,380374,0
2021-01-15,29259,359107,3711,54187,2,52,31,388,5,46,36,434,33008,28978.86,413780,413346,0
2021-01-16,30282,389389,2385,56572,0,52,24,412,6,52,30,464,32697,32346.43,446477,446013,0
2021-01-17,23743,413132,1634,58206,0,52,19,431,1,53,20,484,25397,34706.71,471874,471390,0
2021-01-18,27093,440225,2421,60627,0,52,36,467,7,60,43,527,29558,34166.71,501432,500905,0
2021-01-19,34293,474518,9633,70260,1,53,69,536,6,66,75,602,44002,35286.57,545434,544832,0
2021-01-20,34865,509383,9499,79759,1,54,58,594,4,70,62,664,44427,35750.57,589861,589197,0
2021-01-21,25588,534971,8097,87856,2,56,50,644,5,75,55,719,33742,34690.14,623603,622884,0
2021-01-22,24749,559720,4385,92241,1,57,32,676,8,83,40,759,29175,34142.57,652778,652019,0
2021-01-23,15739,575459,3228,95469,0,57,10,686,2,85,12,771,18979,32182.86,671757,670986,0
2021-01-24,7177,582636,3455,98924,0,57,19,705,1,86,20,791,10652,30076.43,682409,681618,0
2021-01-25,13405,596041,11825,110749,0,57,67,772,12,98,79,870,25309,29469.43,707718,706848,0
2021-01-26,16757,612798,10758,121507,0,57,70,842,2,100,72,942,27587,27124.43,735305,734363,0
2021-01-27,20832,633630,12359,133866,0,57,53,895,9,109,62,1004,33253,25528.14,768558,767554,0
2021-01-28,30762,664392,12843,146709,0,57,87,982,16,125,103,1107,43711,26952.29,812269,811162,0
2021-01-29,31689,696081,11509,158218,0,57,83,1065,10,135,93,1200,43291,28968.86,855560,854360,0
2021-01-30,18710,714791,3741,161959,0,57,21,1086,2,137,23,1223,22474,29468.14,878034,876811,0
2021-01-31,13014,727805,2923,164882,1,58,30,1116,5,142,35,1258,15973,30228.29,894007,892749,0
2021-02-01,1179,728984,5369,170251,4,62,36,1152,4,146,40,1298,6592,27554.43,900599,899301,0
2021-02-02,2825,731809,9477,179728,2,64,48,1200,5,151,53,1351,12357,25378.71,912956,911605,0
2021-02-03,16347,748156,21246,200974,4,68,207,1407,20,171,227,1578,37824,26031.71,950780,949202,0
2021-02-04,27038,775194,19652,220626,3,71,204,1611,10,181,214,1792,46907,26488.29,997687,995895,0
2021-02-05,27587,802781,20036,240662,0,71,184,1795,15,196,199,1991,47822,27135.57,1045509,1043518,0
2021-02-06,22985,825766,11250,251912,0,71,113,1908,12,208,125,2116,34360,28833.57,1079869,1077753,0
2021-02-07,12038,837804,8285,260197,1,72,92,2000,14,222,106,2222,20430,29470.29,1100299,1098077,0
2021-02-08,16948,854752,23523,283720,2,74,237,2237,34,256,271,2493,40744,34349.14,1141043,1138550,0
2021-02-09,17190,871942,28107,311827,2,76,343,2580,42,298,385,2878,45684,39110.14,1186727,1183849,0
2021-02-10,19595,891537,29279,341106,2,78,291,2871,48,346,339,3217,49216,40737.57,1235943,1232726,0
2021-02-11,27840,919377,33472,374578,2,80,344,3215,57,403,401,3618,61717,42853.29,1297660,1294042,0
2021-02-12,38379,957756,30803,405381,3,83,360,3575,39,442,399,4017,69584,45962.14,1367244,1363227,0
2021-02-13,27999,985755,25313,430694,2,85,307,3882,57,499,364,4381,53679,48722,1420923,1416542,0
2021-02-14,16276,1002031,23725,454419,0,85,270,4152,33,532,303,4684,40304,51561.14,1461227,1456543,0
2021-02-15,12797,1014828,10522,464941,2,87,177,4329,24,556,201,4885,23522,49100.86,1484749,1479864,0
2021-02-16,14240,1029068,26720,491661,0,87,331,4660,38,594,369,5254,41329,48478.71,1526078,1520824,0
2021-02-17,16387,1045455,22201,513862,1,88,284,4944,38,632,322,5576,38911,47006.57,1564989,1559413,0
2021-02-18,12144,1057599,24994,538856,21,109,293,5237,43,675,336,5912,37495,43546.29,1602484,1596572,0
2021-02-19,13261,1070860,23926,562782,39,148,314,5551,45,720,359,6271,37585,38975,1640069,1633798,0
2021-02-20,11352,1082212,26071,588853,6,154,330,5881,78,798,408,6679,37838,36712,1677907,1671228,0
2021-02-21,6359,1088571,17412,606265,15,169,292,6173,46,844,338,7017,24124,34400.57,1702031,1695014,0
2021-02-22,13043,1101614,11840,618105,2,171,130,6303,20,864,150,7167,25035,34616.71,1727066,1719899,0
2021-02-23,25249,1126863,14140,632245,1,172,159,6462,35,899,194,7361,39585,34367.57,1766651,1759290,0
2021-02-24,36356,1163219,20384,652629,0,172,232,6694,45,944,277,7638,57017,36954.14,1823668,1816030,0
2021-02-25,54606,1217825,30395,683024,6,178,405,7099,63,1007,468,8106,85475,43808.43,1909143,1901037,0
2021-02-26,62849,1280674,31874,714898,4,182,418,7517,78,1085,496,8602,95223,52042.43,2004366,1995764,0
2021-02-27,51285,1331959,22755,737653,47,229,339,7856,52,1137,391,8993,74478,57276.71,2078844,2069851,0
2021-02-28,44576,1376535,13838,751491,7,236,207,8063,34,1171,241,9234,58662,62210.71,2137506,2128272,0
2021-03-01,39316,1415851,12780,764271,10,246,168,8231,25,1196,193,9427,52299,66105.57,2189805,2180378,0
2021-03-02,47080,1462931,12581,776852,7,253,157,8388,14,1210,171,9598,59839,68999,2249644,2240046,0
2021-03-03,48603,1511534,16151,793003,17,270,154,8542,21,1231,175,9773,64946,70131.71,2314590,2304817,0
2021-03-04,59816,1571350,22820,815823,1092,1362,275,8817,35,1266,310,10083,84038,69926.43,2398628,2388545,0
2021-03-05,60973,1632323,24284,840107,3108,4470,341,9158,35,1301,376,10459,88741,69000.43,2487369,2476910,0
2021-03-06,47175,1679498,18881,858988,5451,9921,244,9402,36,1337,280,10739,71787,68616,2559156,2548417,0
2021-03-07,36040,1715538,14882,873870,6245,16166,231,9633,21,1358,252,10991,57419,68438.43,2616575,2605584,0
2021-03-08,39621,1755159,14683,888553,8560,24726,319,9952,92,1450,411,11402,63275,70006.43,2679850,2668448,0
2021-03-09,39103,1794262,12856,901409,7761,32487,182,10134,34,1484,216,11618,59936,70020.29,2739786,2728168,0
2021-03-10,51824,1846086,15355,916764,5066,37553,232,10366,32,1516,264,11882,72509,71100.71,2812295,2800413,0
2021-03-11,59978,1906064,21827,938591,4619,42172,249,10615,48,1564,297,12179,86721,71484,2899016,2886837,0
2021-03-12,52197,1958261,30309,968900,4182,46354,380,10995,86,1650,466,12645,87154,71257.29,2986170,2973525,0
2021-03-13,40647,1998908,26691,995591,5110,51464,326,11321,52,1702,378,13023,72826,71405.71,3058996,3045973,0
2021-03-14,30711,2029619,15963,1011554,4525,55989,253,11574,28,1730,281,13304,51481,70557.43,3110477,3097173,0
2021-03-15,33591,2063210,17261,1028815,4707,60696,236,11810,33,1763,269,13573,55828,69493.57,3166305,3152732,0
2021-03-16,38667,2101877,20518,1049333,4926,65622,259,12069,35,1798,294,13867,64405,70132,3230710,3216843,0
2021-03-17,42609,2144486,24794,1074127,4243,69865,349,12418,39,1837,388,14255,72034,70064.14,3302744,3288489,0
2021-03-18,50438,2194924,26808,1100935,5235,75100,376,12794,62,1899,438,14693,82919,69521,3385663,3370970,0
2021-03-19,47787,2242711,29967,1130902,5624,80724,394,13188,69,1968,463,15156,83842,69047.86,3469505,3454349,0
2021-03-20,38708,2281419,25836,1156738,4685,85409,301,13489,60,2028,361,15517,69590,68585.57,3539095,3523578,0
2021-03-21,29295,2310714,19359,1176097,769,86178,227,13716,44,2072,271,15788,49694,68330.29,3588789,3573001,0
2021-03-22,33862,2344576,26743,1202840,4038,90216,263,13979,38,2110,301,16089,64945,69632.71,3653734,3637645,0
2021-03-23,38429,2383005,32847,1235687,4216,94432,299,14278,54,2164,353,16442,75845,71267,3729579,3713137,0
2021-03-24,41493,2424498,37611,1273298,4844,99276,333,14611,63,2227,396,16838,84344,73025.57,3813923,3797085,0
2021-03-25,43397,2467895,50801,1324099,5054,104330,481,15092,86,2313,567,17405,99819,75439.86,3913742,3896337,0
2021-03-26,38499,2506394,55508,1379607,4309,108639,535,15627,101,2414,636,18041,98952,77598.43,4012694,3994653,0
2021-03-27,35736,2542130,45751,1425358,2939,111578,421,16048,84,2498,505,18546,84931,79790,4097625,4079079,0
2021-03-28,26387,2568517,34457,1459815,1482,113060,339,16387,65,2563,404,18950,62730,81652.29,4160355,4141405,0
2021-03-29,34811,2603328,38870,1498685,3246,116306,349,16736,110,2673,459,19409,77386,83429.57,4237741,4218332,0
2021-03-30,40505,2643833,41925,1540610,3713,120019,344,17080,65,2738,409,19818,86552,84959.14,4324293,4304475,0
2021-03-31,49387,2693220,44882,1585492,7440,127459,406,17486,86,2824,492,20310,102201,87510.14,4426494,4406184,0
2021-04-01,50773,2743993,53953,1639445,11278,138737,504,17990,86,2910,590,20900,116594,89906.57,4543088,4522188,0
2021-04-02,43756,2787749,53884,1693329,11970,150707,554,18544,70,2980,624,21524,110234,91518.29,4653322,4631798,0
2021-04-03,39247,2826996,39218,1732547,9859,160566,338,18882,59,3039,397,21921,88721,92059.71,4742043,4720122,0
2021-04-04,26555,2853551,24789,1757336,3903,164469,226,19108,49,3088,275,22196,55522,91030,4797565,4775369,0
2021-04-05,41879,2895430,34485,1791821,11198,175667,377,19485,61,3149,438,22634,88000,92546.29,4885565,4862931,0
2021-04-06,53260,2948690,35615,1827436,13218,188885,437,19922,77,3226,514,23148,102607,94839.86,4988172,4965024,0
2021-04-07,55499,3004189,40699,1868135,14388,203273,410,20332,82,3308,492,23640,111078,96108,5099250,5075610,0
2021-04-08,59256,3063445,46594,1914729,16340,219613,527,20859,87,3395,614,24254,122804,96995.14,5222054,5197800,0
2021-04-09,56642,3120087,44962,1959691,17559,237172,523,21382,77,3472,600,24854,119763,98356.43,5341817,5316963,0
2021-04-10,49344,3169431,35643,1995334,12722,249894,396,21778,62,3534,458,25312,98167,99705.86,5439984,5414672,0
2021-04-11,38179,3207610,28818,2024152,7681,257575,299,22077,58,3592,357,25669,75035,102493.43,5515019,5489350,0
2021-04-12,46630,3254240,31846,2055998,13500,271075,468,22545,67,3659,535,26204,92511,103137.86,5607530,5581326,0
2021-04-13,52544,3306784,33787,2089785,368,271443,400,22945,64,3723,464,26668,87163,100931.57,5694693,5668025,0
2021-04-14,50140,3356924,39956,2129741,20,271463,372,23317,75,3798,447,27115,90563,98000.86,5785256,5758141,0
2021-04-15,52116,3409040,43688,2173429,16,271479,455,23772,107,3905,562,27677,96383,94226.43,5881639,5853962,0
2021-04-16,51187,3460227,42214,2215643,32,271511,432,24204,70,3975,502,28179,93935,90536.71,5975574,5947395,0
2021-04-17,43830,3504057,35694,2251337,3,271514,369,24573,84,4059,453,28632,79980,87938.57,6055554,6026922,0
2021-04-18,28603,3532660,29366,2280703,7,271521,257,24830,66,4125,323,28955,58299,85547.71,6113853,6084898,0
2021-04-19,37459,3570119,36454,2317157,22,271543,328,25158,65,4190,393,29348,74328,82950.14,6188181,6158833,0
2021-04-20,40809,3610928,39628,2356785,19,271562,318,25476,81,4271,399,29747,80855,82049,6269036,6239289,0
2021-04-21,38890,3649818,46020,2402805,16,271578,503,25979,97,4368,600,30347,85526,81329.43,6354562,6324215,0
2021-04-22,38490,3688308,48958,2451763,9,271587,348,26327,74,4442,422,30769,87880,80114.71,6442442,6411673,0
2021-04-23,39692,3728000,44387,2496150,3,271590,351,26678,75,4517,426,31195,84508,78768,6526950,6495755,0
2021-04-24,31941,3759941,41605,2537755,44,271634,279,26957,63,4580,342,31537,73932,77904,6600882,6569345,0
2021-04-25,18418,3778359,31228,2568983,87,271721,198,27155,58,4638,256,31793,49989,76716.86,6650871,6619078,0
2021-04-26,26964,3805323,40732,2609715,1012,272733,295,27450,88,4726,383,32176,69091,75968.71,6719962,6687786,0
2021-04-27,28572,3833895,47137,2656852,1699,274432,358,27808,94,4820,452,32628,77860,75540.86,6797822,6765194,0
2021-04-28,27027,3860922,56849,2713701,2146,276578,438,28246,99,4919,537,33165,86559,75688.43,6884381,6851216,0
2021-04-29,28608,3889530,57199,2770900,2148,278726,369,28615,100,5019,469,33634,88424,75766.14,6972805,6939171,0
2021-04-30,30114,3919644,51990,2822890,2058,280784,286,28901,74,5093,360,33994,84523,75768.29,7057328,7023334,0
2021-05-01,22477,3942121,44539,2867429,1177,281961,235,29136,65,5158,300,34294,68493,74991.29,7125821,7091527,0
2021-05-02,11921,3954042,36654,2904083,1081,283042,143,29279,54,5212,197,34491,49853,74971.86,7175674,7141183,0
2021-05-03,18020,3972062,53032,2957115,2383,285425,256,29535,92,5304,348,34839,73784,75642.29,7249458,7214619,0
2021-05-04,22735,3994797,56655,3013770,2331,287756,268,29803,115,5419,383,35222,82104,76248.57,7331562,7296340,0
2021-05-05,21477,4016274,48766,3062536,2313,290069,311,30114,103,5522,414,35636,72970,74307.29,7404532,7368896,0
2021-05-06,20676,4036950,50177,3112713,2508,292577,276,30390,90,5612,366,36002,73727,72207.71,7478259,7442257,0
2021-05-07,21246,4058196,52098,3164811,2812,295389,313,30703,79,5691,392,36394,76548,71068.43,7554807,7518413,0
2021-05-08,16628,4074824,41863,3206674,1835,297224,235,30938,71,5762,306,36700,60632,69945.43,7615439,7578739,0
2021-05-09,7968,4082792,29414,3236088,1260,298484,151,31089,56,5818,207,36907,38849,68373.43,7654288,7617381,0
2021-05-10,14380,4097172,38532,3274620,2356,300840,239,31328,93,5911,332,37239,55600,65775.71,7709888,7672649,0
2021-05-11,19907,4117079,43063,3317683,2514,303354,284,31612,86,5997,370,37609,65854,63454.29,7775742,7738133,0
2021-05-12,17820,4134899,40544,3358227,3595,306949,234,31846,80,6077,314,37923,62273,61926.14,7838015,7800092,0
2021-05-13,24968,4159867,40436,3398663,3230,310179,259,32105,77,6154,336,38259,68970,61246.57,7906985,7868726,0
2021-05-14,27034,4186901,42923,3441586,3538,313717,270,32375,96,6250,366,38625,73861,60862.71,7980846,7942221,0
2021-05-15,23649,4210550,34921,3476507,3365,317082,251,32626,77,6327,328,38953,62263,61095.71,8043109,8004156,0
2021-05-16,15522,4226072,19453,3495960,2496,319578,124,32750,45,6372,169,39122,37640,60923,8080749,8041627,0
2021-05-17,22668,4248740,29146,3525106,3254,322832,185,32935,67,6439,252,39374,55320,60883,8136069,8096695,0
2021-05-18,24631,4273371,31910,3557016,3405,326237,240,33175,75,6514,315,39689,60261,60084,8196330,8156641,0
2021-05-19,24186,4297557,29725,3586741,3041,329278,226,33401,48,6562,274,39963,57226,59363,8253556,8213593,0
2021-05-20,24149,4321706,30102,3616843,3162,332440,266,33667,87,6649,353,40316,57766,57762.43,8311322,8271006,0
2021-05-21,24675,4346381,32004,3648847,3057,335497,246,33913,60,6709,306,40622,60042,55788.29,8371364,8330742,0
2021-05-22,20018,4366399,24367,3673214,2525,338022,164,34077,48,6757,212,40834,47122,53625.29,8418486,8377652,0
2021-05-23,11229,4377628,13735,3686949,1411,339433,93,34170,32,6789,125,40959,26500,52033.86,8444986,8404027,0
2021-05-24,18872,4396500,23163,3710112,2756,342189,214,34384,55,6844,269,41228,45060,50568.14,8490046,8448818,0
2021-05-25,19430,4415930,23381,3733493,2602,344791,173,34557,57,6901,230,41458,45643,48479.86,8535689,8494231,0
2021-05-26,18783,4434713,21094,3754587,2697,347488,199,34756,48,6949,247,41705,42821,46422,8578510,8536805,0
2021-05-27,18465,4453178,21281,3775868,2529,350017,180,34936,61,7010,241,41946,42516,44243.43,8621026,8579080,0
2021-05-28,17860,4471038,22881,3798749,2751,352768,189,35125,56,7066,245,42191,43737,41914.14,8664763,8622572,0
2021-05-29,12706,4483744,17814,3816563,1755,354523,105,35230,39,7105,144,42335,32419,39813.71,8697182,8654847,0
2021-05-30,7029,4490773,8949,3825512,1074,355597,49,35279,17,7122,66,42401,17118,38473.43,8714300,8671899,0
2021-05-31,4742,4495515,6923,3832435,1013,356610,63,35342,17,7139,80,42481,12758,33858.86,8727058,8684577,0
2021-06-01,16048,4511563,25194,3857629,2176,358786,155,35497,43,7182,198,42679,43616,33569.29,8770674,8727995,0
2021-06-02,15355,4526918,20396,3878025,2095,360881,140,35637,48,7230,188,42867,38034,32885.43,8808708,8765841,0
2021-06-03,15002,4541920,23827,3901852,2281,363162,128,35765,44,7274,172,43039,41282,32709.14,8849990,8806951,0
2021-06-04,14718,4556638,25998,3927850,2492,365654,146,35911,42,7316,188,43227,43396,32660.43,8893386,8850159,0
2021-06-05,10988,4567626,22094,3949944,1806,367460,116,36027,28,7344,144,43371,35032,33033.71,8928418,8885047,0
2021-06-06,6444,4574070,14486,3964430,1222,368682,89,36116,13,7357,102,43473,22254,33767.43,8950672,8907199,0
2021-06-07,11700,4585770,21786,3986216,2378,371060,141,36257,37,7394,178,43651,36042,37093.71,8986714,8943063,0
2021-06-08,12633,4598403,24022,4010238,2072,373132,124,36381,46,7440,170,43821,38897,36419.57,9025611,8981790,0
2021-06-09,11134,4609537,23027,4033265,2299,375431,137,36518,39,7479,176,43997,36636,36219.86,9062247,9018250,0
2021-06-10,12060,4621597,22238,4055503,2462,377893,138,36656,60,7539,198,44195,36958,35602.14,9099205,9055010,0
2021-06-11,12705,4634302,25126,4080629,2483,380376,157,36813,59,7598,216,44411,40530,35192.71,9139735,9095324,0
2021-06-12,10161,4644463,19319,4099948,1888,382264,93,36906,43,7641,136,44547,31504,34688.71,9171239,9126692,0
2021-06-13,4257,4648720,10933,4110881,1219,383483,41,36947,22,7663,63,44610,16472,33862.71,9187711,9143101,0
2021-06-14,10208,4658928,19238,4130119,2043,385526,128,37075,52,7715,180,44790,31669,33238,9219380,9174590,0
2021-06-15,11883,4670811,21019,4151138,1943,387469,131,37206,40,7755,171,44961,35016,32683.57,9254396,9209435,0
2021-06-16,11585,4682396,19410,4170548,1957,389426,144,37350,69,7824,213,45174,33165,32187.71,9287561,9242387,0
2021-06-17,11022,4693418,18761,4189309,1973,391399,125,37475,35,7859,160,45334,31916,31467.43,9319477,9274143,0
2021-06-18,12165,4705583,18501,4207810,2115,393514,113,37588,36,7895,149,45483,32930,30381.71,9352407,9306924,0
2021-06-19,8494,4714077,13516,4221326,1459,394973,86,37674,21,7916,107,45590,23576,29249.14,9375983,9330393,0
2021-06-20,4335,4718412,7159,4228485,924,395897,36,37710,17,7933,53,45643,12471,28677.57,9388454,9342811,0
2021-06-21,10161,4728573,10013,4238498,1807,397704,68,37778,27,7960,95,45738,22076,27307.14,9410530,9364792,0
2021-06-22,9837,4738410,15642,4254140,1589,399293,105,37883,28,7988,133,45871,27201,26190.71,9437731,9391860,0
2021-06-23,10310,4748720,15186,4269326,1863,401156,103,37986,30,8018,133,46004,27492,25380.29,9465223,9419219,0
2021-06-24,9683,4758403,14701,4284027,1799,402955,120,38106,26,8044,146,46150,26329,24582.14,9491552,9445402,0
2021-06-25,10588,4768991,14388,4298415,1721,404676,113,38219,38,8082,151,46301,26848,23713.29,9518400,9472099,0
2021-06-26,7799,4776790,10467,4308882,1250,405926,76,38295,24,8106,100,46401,19616,23147.57,9538016,9491615,0
2021-06-27,5001,4781791,6001,4314883,795,406721,34,38329,14,8120,48,46449,11845,23058.14,9549861,9503412,0
2021-06-28,9034,4790825,10344,4325227,1526,408247,109,38438,27,8147,136,46585,21040,22910.14,9570901,9524316,0
2021-06-29,9736,4800561,12328,4337555,1347,409594,123,38561,32,8179,155,46740,23566,22390.86,9594467,9547727,0
2021-06-30,9432,4809993,10931,4348486,1487,411081,148,38709,16,8195,164,46904,22014,21608.29,9616481,9569577,0
2021-07-01,9396,4819389,10927,4359413,1434,412515,131,38840,24,8219,155,47059,21912,20977.29,9638393,9591334,0
2021-07-02,9693,4829082,11452,4370865,1541,414056,119,38959,22,8241,141,47200,22828,20403,9661221,9614021,0
2021-07-03,7055,4836137,8420,4379285,1193,415249,78,39037,17,8258,95,47295,16763,19995.43,9677984,9630689,0
2021-07-04,1288,4837425,1335,4380620,567,415816,9,39046,3,8261,12,47307,3202,18760.71,9681186,9633879,0
2021-07-05,6494,4843919,7107,4387727,1208,417024,65,39111,22,8283,87,47394,14896,17883,9696082,9648688,0
2021-07-06,9511,4853430,12853,4400580,1315,418339,116,39227,37,8320,153,47547,23832,17921,9719914,9672367,0
2021-07-07,8664,4862094,11112,4411692,1419,419758,124,39351,19,8339,143,47690,21338,17824.43,9741252,9693562,0
2021-07-08,8219,4870313,10194,4421886,1260,421018,108,39459,22,8361,130,47820,19803,17523.14,9761055,9713235,0
2021-07-09,8372,4878685,10836,4432722,1278,422296,90,39549,18,8379,108,47928,20594,17204,9781649,9733721,0
2021-07-10,7102,4885787,8635,4441357,1131,423427,64,39613,20,8399,84,48012,16952,17231,9798601,9750589,0
2021-07-11,4105,4889892,4539,4445896,702,424129,35,39648,7,8406,42,48054,9388,18114.71,9807989,9759935,0
2021-07-12,8446,4898338,9561,4455457,1252,425381,83,39731,23,8429,106,48160,19365,18753.14,9827354,9779194,0
2021-07-13,9463,4907801,9393,4464850,952,426333,105,39836,35,8464,140,48300,19948,18198.29,9847302,9799002,0
2021-07-14,8999,4916800,9533,4474383,1011,427344,105,39941,21,8485,126,48426,19669,17959.86,9866971,9818545,0
2021-07-15,8795,4925595,9155,4483538,1054,428398,80,40021,19,8504,99,48525,19103,17859.86,9886074,9837549,0
2021-07-16,9246,4934841,9763,4493301,981,429379,102,40123,29,8533,131,48656,20121,17792.29,9906195,9857539,0
2021-07-17,6841,4941682,7386,4500687,803,430182,80,40203,20,8553,100,48756,15130,17532,9921325,9872569,0
2021-07-18,4255,4945937,4285,4504972,576,430758,35,40238,13,8566,48,48804,9164,17500,9930489,9881685,0
2021-07-19,9120,4955057,8480,4513452,999,431757,91,40329,22,8588,113,48917,18712,17406.71,9949201,9900284,0
2021-07-20,10645,4965702,8759,4522211,991,432748,95,40424,25,8613,120,49037,20515,17487.71,9969716,9920679,0
2021-07-21,10060,4975762,8765,4530976,904,433652,148,40572,33,8646,181,49218,19910,17522.14,9989626,9940408,0
2021-07-22,10686,4986448,8587,4539563,1046,434698,146,40718,26,8672,172,49390,20491,17720.43,10010117,9960727,0
2021-07-23,11251,4997699,8882,4548445,1114,435812,139,40857,23,8695,162,49552,21409,17904.43,10031526,9981974,0
2021-07-24,7399,5005098,6740,4555185,670,436482,82,40939,26,8721,108,49660,14917,17874,10046443,9996783,0
2021-07-25,5475,5010573,2126,4557311,509,436991,59,40998,4,8725,63,49723,8173,17732.43,10054616,10004893,0
2021-07-26,10868,5021441,7006,4564317,859,437850,110,41108,20,8745,130,49853,18863,17754,10073479,10023626,0
2021-07-27,12068,5033509,8571,4572888,857,438707,134,41242,39,8784,173,50026,21669,17918.86,10095148,10045122,0
2021-07-28,12016,5045525,8051,4580939,950,439657,133,41375,28,8812,161,50187,21178,18100,10116326,10066139,0
2021-07-29,10931,5056456,7434,4588373,984,440641,135,41510,39,8851,174,50361,19523,17961.71,10135849,10085488,0
2021-07-30,14954,5071410,8015,4596388,1151,441792,182,41692,31,8882,213,50574,24333,18379.43,10160182,10109608,0
2021-07-31,9722,5081132,6318,4602706,815,442607,123,41815,20,8902,143,50717,16998,18676.71,10177180,10126463,0
2021-08-01,6500,5087632,3312,4606018,564,443171,81,41896,20,8922,101,50818,10477,19005.86,10187657,10136839,0
2021-08-02,13449,5101081,7154,4613172,846,444017,147,42043,19,8941,166,50984,21615,19399,10209272,10158288,0
2021-08-03,15413,5116494,8388,4621560,1109,445126,143,42186,38,8979,181,51165,25091,19887.86,10234363,10183198,0
2021-08-04,17262,5133756,8132,4629692,1454,446580,181,42367,34,9013,215,51380,27063,20728.57,10261426,10210046,0
2021-08-05,17885,5151641,7932,4637624,1370,447950,159,42526,21,9034,180,51560,27367,21849.14,10288793,10237233,0
2021-08-06,18179,5169820,8415,4646039,1232,449182,168,42694,32,9066,200,51760,28026,22376.71,10316819,10265059,0
2021-08-07,13385,5183205,6017,4652056,799,449981,99,42793,28,9094,127,51887,20328,22852.43,10337147,10285260,0
2021-08-08,9309,5192514,3835,4655891,400,450381,83,42876,10,9104,93,51980,13637,23303.86,10350784,10298804,0
2021-08-09,21343,5213857,8527,4664418,965,451346,169,43045,34,9138,203,52183,31038,24650,10381822,10329639,0
2021-08-10,18946,5232803,9330,4673748,946,452292,180,43225,33,9171,213,52396,29435,25270.57,10411257,10358861,0
2021-08-11,15646,5248449,8312,4682060,853,453145,128,43353,45,9216,173,52569,24984,24973.57,10436241,10383672,0
2021-08-12,15057,5263506,8988,4691048,942,454087,174,43527,35,9251,209,52778,25196,24663.43,10461437,10408659,0
2021-08-13,14920,5278426,9294,4700342,919,455006,244,43771,37,9288,281,53059,25415,24290.43,10486852,10433793,0
2021-08-14,10397,5288823,6410,4706752,625,455631,534,44305,39,9327,573,53632,18005,23958.57,10504857,10451225,0
2021-08-15,6692,5295515,4479,4711231,676,456307,567,44872,33,9360,600,54232,12447,23788.57,10517304,10463072,0
2021-08-16,15714,5311229,9301,4720532,1150,457457,1324,46196,65,9425,1389,55621,27554,23290.86,10544858,10489237,0
2021-08-17,17767,5328996,10457,4730989,1229,458686,1772,47968,86,9511,1858,57479,31311,23558.86,10576169,10518690,0
2021-08-18,17495,5346491,10375,4741364,1260,459946,1991,49959,94,9605,2085,59564,31215,24449,10607384,10547820,0
2021-08-19,16292,5362783,9527,4750891,1315,461261,1957,51916,67,9672,2024,61588,29158,25015,10636542,10574954,0
2021-08-20,16280,5379063,11536,4762427,1254,462515,1861,53777,86,9758,1947,63535,31017,25815.29,10667559,10604024,0
2021-08-21,11147,5390210,8037,4770464,878,463393,1061,54838,57,9815,1118,64653,21180,26268.86,10688739,10624086,0
2021-08-22,4078,5394288,3903,4774367,261,463654,516,55354,34,9849,550,65203,8792,25746.71,10697531,10632328,0
2021-08-23,15581,5409869,11805,4786172,1022,464676,1549,56903,76,9925,1625,66828,30034,26101,10727565,10660737,0
2021-08-24,16915,5426784,12600,4798772,1006,465682,1773,58676,78,10003,1851,68679,32372,26252.57,10759937,10691258,0
2021-08-25,14571,5441355,12453,4811225,1111,466793,1566,60242,79,10082,1645,70324,29780,26047.57,10789717,10719393,0
2021-08-26,16150,5457505,14097,4825322,1071,467864,1775,62017,68,10150,1843,72167,33161,26619.43,10822878,10750711,0
2021-08-27,14879,5472384,14825,4840147,971,468835,1672,63689,74,10224,1746,73913,32421,26820,10855299,10781386,0
2021-08-28,10680,5483064,11524,4851671,835,469670,1016,64705,45,10269,1061,74974,24100,27237.14,10879399,10804425,0
2021-08-29,7216,5490280,7493,4859164,541,470211,780,65485,58,10327,838,75812,16088,28279.43,10895487,10819675,0
2021-08-30,15523,5505803,16924,4876088,1076,471287,1791,67276,89,10416,1880,77692,35403,29046.43,10930890,10853198,0
2021-08-31,15508,5521311,15961,4892049,952,472239,1975,69251,88,10504,2063,79755,34484,29348.14,10965374,10885619,0
2021-09-01,14828,5536139,14107,4906156,1020,473259,1810,71061,61,10565,1871,81626,31826,29640.43,10997200,10915574,0
2021-09-02,14320,5550459,12524,4918680,896,474155,1711,72772,61,10626,1772,83398,29512,29119.14,11026712,10943314,0
2021-09-03,15008,5565467,14311,4932991,974,475129,1895,74667,70,10696,1965,85363,32258,29095.86,11058970,10973607,0
2021-09-04,9647,5575114,9405,4942396,688,475817,976,75643,34,10730,1010,86373,20750,28617.29,11079720,10993347,0
2021-09-05,6800,5581914,5514,4947910,438,476255,713,76356,18,10748,731,87104,13483,28245.14,11093203,11006099,0
2021-09-06,5196,5587110,4512,4952422,358,476613,271,76627,11,10759,282,87386,10348,24665.86,11103551,11016165,0
2021-09-07,15573,5602683,17700,4970122,912,477525,1557,78184,89,10848,1646,89032,35831,24858.29,11139382,11050350,0
2021-09-08,16157,5618840,14830,4984952,1072,478597,1773,79957,83,10931,1856,90888,33915,25156.71,11173297,11082409,0
2021-09-09,16106,5634946,14750,4999702,1046,479643,1919,81876,74,11005,1993,92881,33895,25782.86,11207192,11114311,0
2021-09-10,18365,5653311,15394,5015096,1207,480850,1977,83853,81,11086,2058,94939,37024,26463.71,11244216,11149277,0
2021-09-11,12637,5665948,10349,5025445,958,481808,1027,84880,49,11135,1076,96015,25020,27073.71,11269236,11173221,0
2021-09-12,8537,5674485,5052,5030497,765,482573,692,85572,30,11165,722,96737,15076,27301.29,11284312,11187575,0
2021-09-13,16931,5691416,12963,5043460,976,483549,1655,87227,53,11218,1708,98445,32578,30477,11316890,11218445,0
2021-09-14,16264,5707680,13676,5057136,886,484435,1597,88824,56,11274,1653,100098,32479,29998.14,11349369,11249271,0
2021-09-15,15530,5723210,12887,5070023,727,485162,1570,90394,81,11355,1651,101749,30795,29552.43,11380164,11278415,0
2021-09-16,15335,5738545,13914,5083937,1210,486372,1462,91856,66,11421,1528,103277,31987,29279.86,11412151,11308874,0
2021-09-17,14434,5752979,13959,5097896,922,487294,1836,93692,57,11478,1893,105170,31208,28449,11443359,11338189,0
2021-09-18,9994,5762973,10185,5108081,913,488207,1050,94742,41,11519,1091,106261,22183,28043.71,11465542,11359281,0
2021-09-19,6176,5769149,6073,5114154,558,488765,748,95490,28,11547,776,107037,13583,27830.43,11479125,11372088,0
2021-09-20,12671,5781820,12633,5126787,1068,489833,1927,97417,58,11605,1985,109022,28357,27227.43,11507482,11398460,0
2021-09-21,12226,5794046,12773,5139560,1108,490941,2032,99449,76,11681,2108,111130,28215,26618.29,11535697,11424567,0
2021-09-22,12819,5806865,12006,5151566,1090,492031,1686,101135,69,11750,1755,112885,27670,26171.86,11563367,11450482,0
2021-09-23,14932,5821797,12763,5164329,1639,493670,2267,103402,73,11823,2340,115225,31674,26127.14,11595041,11479816,0
2021-09-24,16441,5838238,13366,5177695,1636,495306,4628,108030,117,11940,4745,119970,36188,26838.57,11631229,11511259,0
2021-09-25,10536,5848774,9025,5186720,1018,496324,3464,111494,75,12015,3539,123509,24118,27115,11655347,11531838,0
2021-09-26,6298,5855072,5764,5192484,773,497097,2422,113916,60,12075,2482,125991,15317,27362.71,11670664,11544673,0
2021-09-27,14148,5869220,8061,5200545,1155,498252,9075,122991,158,12233,9233,135224,32598,27968.57,11703262,11568038,0
2021-09-28,11125,5880345,11785,5212330,902,499154,9928,132919,178,12411,10106,145330,33918,28783.29,11737180,11591850,0
2021-09-29,11600,5891945,12192,5224522,1205,500359,9459,142378,165,12576,9624,154954,34622,29776.43,11771802,11616848,0
2021-09-30,12232,5904177,12606,5237128,1338,501697,9750,152128,180,12756,9930,164884,36106,30409.57,11807908,11643024,0
2021-10-01,12633,5916810,13433,5250561,1284,502981,10273,162401,150,12906,10423,175307,37773,30636,11845681,11670374,0
2021-10-02,7725,5924535,9978,5260539,865,503846,4246,166647,76,12982,4322,179629,22890,30460.57,11868571,11688942,0
2021-10-03,5067,5929602,6158,5266697,593,504439,2618,169265,57,13039,2675,182304,14493,30342.86,11883064,11700760,0
2021-10-04,9907,5939509,11022,5277719,913,505352,9529,178794,143,13182,9672,191976,31514,30188,11914578,11722602,0
2021-10-05,10148,5949657,11736,5289455,972,506324,9950,188744,177,13359,10127,202103,32983,30054.43,11947561,11745458,0
2021-10-06,9892,5959549,11052,5300507,936,507260,9937,198681,158,13517,10095,212198,31975,29676.29,11979536,11767338,0
2021-10-07,9610,5969159,12152,5312659,850,508110,10185,208866,171,13688,10356,222554,32968,29228,12012504,11789950,0
2021-10-08,9445,5978604,12178,5324837,941,509051,10914,219780,163,13851,11077,233631,33641,28637.71,12046145,11812514,0
2021-10-09,6238,5984842,8237,5333074,643,509694,4125,223905,87,13938,4212,237843,19330,28129.14,12065475,11827632,0
2021-10-10,3538,5988380,5028,5338102,458,510152,2433,226338,47,13985,2480,240323,11504,27702.14,12076979,11836656,0
2021-10-11,7613,5995993,9335,5347437,728,510880,8892,235230,163,14148,9055,249378,26731,27018.86,12103710,11854332,0
2021-10-12,8066,6004059,10996,5358433,891,511771,10524,245754,181,14329,10705,260083,30658,26686.71,12134368,11874285,0
2021-10-13,7147,6011206,10148,5368581,869,512640,8804,254558,177,14506,8981,269064,27145,25996.71,12161513,11892449,0
2021-10-14,7427,6018633,11115,5379696,837,513477,10127,264685,160,14666,10287,279351,29666,25525,12191179,11911828,0
2021-10-15,7714,6026347,11856,5391552,823,514300,10831,275516,169,14835,11000,290351,31393,25203.86,12222572,11932221,0
2021-10-16,4862,6031209,7468,5399020,666,514966,3845,279361,66,14901,3911,294262,16907,24857.71,12239479,11945217,0
2021-10-17,3054,6034263,4474,5403494,411,515377,2453,281814,42,14943,2495,296757,10434,24704.86,12249913,11953156,0
2021-10-18,7040,6041303,10668,5414162,796,516173,9487,291301,178,15121,9665,306422,28169,24910.29,12278082,11971660,0
2021-10-19,6565,6047868,8946,5423108,804,516977,9097,300398,173,15294,9270,315692,25585,24185.57,12303667,11987975,0
2021-10-20,6527,6054395,9373,5432481,975,517952,10001,310399,172,15466,10173,325865,27048,24171.71,12330715,12004850,0
2021-10-21,7019,6061414,9388,5441869,858,518810,10857,321256,153,15619,11010,336875,28275,23973,12358990,12022115,0
2021-10-22,8109,6069523,10345,5452214,1026,519836,16357,337613,214,15833,16571,353446,36051,24638.43,12395041,12041595,0
2021-10-23,5163,6074686,6459,5458673,690,520526,9127,346740,114,15947,9241,362687,21553,25302.14,12416594,12053907,0
2021-10-24,3263,6077949,3968,5462641,769,521295,6169,352909,76,16023,6245,368932,14245,25846.57,12430839,12061907,0
2021-10-25,8747,6086696,8740,5471381,1150,522445,19267,372176,296,16319,19563,388495,38200,27279.57,12469039,12080544,0
2021-10-26,8185,6094881,7724,5479105,1258,523703,17298,389474,268,16587,17566,406061,34733,28586.43,12503772,12097711,0
2021-10-27,10538,6105419,8392,5487497,1605,525308,20873,410347,319,16906,21192,427253,41727,30683.43,12545499,12118246,0
2021-10-28,11306,6116725,8034,5495531,1793,527101,20866,431213,319,17225,21185,448438,42318,32689.57,12587817,12139379,0
2021-10-29,11838,6128563,8235,5503766,1960,529061,22551,453764,327,17552,22878,471316,44912,33955.43,12632729,12161413,0
2021-10-30,4624,6133187,5064,5508830,930,529991,11176,464940,165,17717,11341,482657,21959,34013.43,12654688,12172031,0
2021-10-31,2654,6135841,2700,5511530,544,530535,6646,471586,100,17817,6746,489403,12644,33784.71,12667332,12177929,0
2021-11-01,7115,6142956,6953,5518483,1089,531624,20405,491991,321,18138,20726,510129,35883,33453.71,12703215,12193086,0
2021-11-02,6558,6149514,6586,5525069,1054,532678,20803,512794,269,18407,21072,531201,35270,33530.43,12738485,12207284,0
2021-11-03,6834,6156348,6680,5531749,1026,533704,20647,533441,308,18715,20955,552156,35497,32640.43,12773982,12221826,0
2021-11-04,9295,6165643,6278,5538027,995,534699,22381,555822,345,19060,22726,574882,39294,32208.43,12813276,12238394,0
2021-11-05,11034,6176677,6720,5544747,1051,535750,23775,579597,352,19412,24127,599009,42932,31925.57,12856208,12257199,0
2021-11-06,11124,6187801,4052,5548799,594,536344,12603,592200,167,19579,12770,611779,28540,32865.71,12884748,12272969,0
2021-11-07,7245,6195046,2286,5551085,577,536921,7118,599318,94,19673,7212,618991,17320,33533.71,12902068,12283077,0
2021-11-08,15046,6210092,5677,5556762,864,537785,19525,618843,276,19949,19801,638792,41388,34320.14,12943456,12304664,0
2021-11-09,16135,6226227,5386,5562148,660,538445,20528,639371,271,20220,20799,659591,42980,35421.57,12986436,12326845,0
2021-11-10,16910,6243137,5321,5567469,683,539128,22673,662044,286,20506,22959,682550,45873,36903.86,13032309,12349759,0
2021-11-11,12549,6255686,5181,5572650,759,539887,22107,684151,288,20794,22395,704945,40884,37131,13073193,12368248,0
2021-11-12,16865,6272551,5686,5578336,705,540592,23432,707583,355,21149,23787,728732,47043,37718.29,13120236,12391504,0
2021-11-13,9929,6282480,3662,5581998,463,541055,13338,720921,181,21330,13519,742251,27573,37580.14,13147809,12405558,0
2021-11-14,6004,6288484,2290,5584288,324,541379,7941,728862,76,21406,8017,750268,16635,37482.29,13164444,12414176,0
2021-11-15,13218,6301702,5969,5590257,690,542069,25131,753993,357,21763,25488,775756,45365,38050.43,13209809,12434053,0
2021-11-16,9941,6311643,5781,5596038,654,542723,30690,784683,423,22186,31113,806869,47490,38694.71,13257299,12450430,0
2021-11-17,10275,6321918,6670,5602708,681,543404,31452,816135,409,22595,31861,838730,49487,39211,13306786,12468056,0
2021-11-18,10705,6332623,6533,5609241,857,544261,33039,849174,453,23048,33492,872222,51587,40740,13358373,12486151,0
2021-11-19,11979,6344602,6547,5615788,711,544972,36285,885459,454,23502,36739,908961,55976,42016.14,13414349,12505388,0
2021-11-20,9309,6353911,3416,5619204,513,545485,22534,907993,254,23756,22788,931749,36026,43223.71,13450375,12518626,0
2021-11-21,4936,6358847,1888,5621092,288,545773,13213,921206,148,23904,13361,945110,20473,43772,13470848,12525738,0
2021-11-22,10400,6369247,5787,5626879,750,546523,35961,957167,436,24340,36397,981507,53335,44910.57,13524183,12542676,0
2021-11-23,9754,6379001,4785,5631664,635,547158,33559,990726,368,24708,33927,1015434,49102,45140.86,13573285,12557851,0
2021-11-24,8679,6387680,4750,5636414,649,547807,25949,1016675,281,24989,26230,1041664,40308,43829.57,13613593,12571929,0
2021-11-25,448,6388128,328,5636742,80,547887,1003,1017678,9,24998,1012,1042676,1868,36726.86,13615461,12572785,0
2021-11-26,8048,6396176,6984,5643726,528,548415,26605,1044283,296,25294,26901,1069577,42461,34796.14,13657922,12588345,0
2021-11-27,6666,6402842,6833,5650559,371,548786,18864,1063147,219,25513,19083,1088660,32954,34357.29,13690876,12602216,0
2021-11-28,4058,6406900,5792,5656351,282,549068,11915,1075062,118,25631,12033,1100693,22165,34599,13713041,12612348,0
2021-11-29,9081,6415981,11003,5667354,686,549754,35101,1110163,432,26063,35533,1136226,56303,35023,13769344,12633118,0
2021-11-30,10474,6426455,11443,5678797,513,550267,37818,1147981,488,26551,38306,1174532,60736,36685,13830080,12655548,0
2021-12-01,11159,6437614,10987,5689784,725,550992,40385,1188366,437,26988,40822,1215354,63694,40025.86,13893774,12678420,0
2021-12-02,11622,6449236,11040,5700824,626,551618,42205,1230571,445,27433,42650,1258004,65938,49178.71,13959712,12701708,0
2021-12-03,13443,6462679,12896,5713720,674,552292,47982,1278553,516,27949,48498,1306502,75511,53900.14,14035223,12728721,0
2021-12-04,9824,6472503,11292,5725012,566,552858,30706,1309259,304,28253,31010,1337512,52692,56719.86,14087915,12750403,0
2021-12-05,5740,6478243,5702,5730714,270,553128,16675,1325934,129,28382,16804,1354316,28516,57627.14,14116431,12762115,0
2021-12-06,12301,6490544,9988,5740702,600,553728,43281,1369215,443,28825,43724,1398040,66613,59100,14183044,12785004,0
2021-12-07,12565,6503109,9251,5749953,624,554352,43077,1412292,495,29320,43572,1441612,66012,59853.71,14249056,12807444,0
2021-12-08,13496,6516605,8776,5758729,555,554907,40837,1453129,466,29786,41303,1482915,64130,59916,14313186,12830271,0
2021-12-09,13459,6530064,8751,5767480,555,555462,40851,1493980,491,30277,41342,1524257,64107,59654.43,14377293,12853036,0
2021-12-10,14008,6544072,10144,5777624,670,556132,43703,1537683,491,30768,44194,1568451,69016,58726.57,14446309,12877858,0
2021-12-11,10258,6554330,8128,5785752,405,556537,26726,1564409,275,31043,27001,1595452,45793,57741,14492102,12896650,0
2021-12-12,6008,6560338,3855,5789607,288,556825,15178,1579587,134,31177,15312,1610764,25463,57304.86,14517565,12906801,0
2021-12-13,12189,6572527,7432,5797039,657,557482,37920,1617507,392,31569,38312,1649076,58590,56158.71,14576155,12927079,0
2021-12-14,12210,6584737,6957,5803996,730,558212,38184,1655691,432,32001,38616,1687692,58513,55087.43,14634668,12946976,0
2021-12-15,12070,6596807,6244,5810240,755,558967,38178,1693869,481,32482,38659,1726351,57729,54173,14692397,12966046,0
2021-12-16,13154,6609961,4271,5814511,742,559709,41146,1735015,448,32930,41594,1767945,59761,53552.14,14752158,12984213,0
2021-12-17,15920,6625881,6936,5821447,619,560328,46829,1781844,474,33404,47303,1815248,70778,53803.86,14822936,13007688,0
2021-12-18,13002,6638883,5720,5827167,432,560760,30643,1812487,267,33671,30910,1846158,50064,54414,14873000,13026842,0
2021-12-19,7007,6645890,2991,5830158,326,561086,18023,1830510,171,33842,18194,1864352,28518,54850.43,14901518,13037166,0
2021-12-20,16832,6662722,5866,5836024,746,561832,47500,1878010,565,34407,48065,1912417,71509,56696,14973027,13060610,0
2021-12-21,17948,6680670,6573,5842597,805,562637,48937,1926947,583,34990,49520,1961937,74846,59029.29,15047873,13085936,0
2021-12-22,18525,6699195,6560,5849157,938,563575,49758,1976705,528,35518,50286,2012223,76309,61683.57,15124182,13111959,0
2021-12-23,19018,6718213,6485,5855642,930,564505,45891,2022596,527,36045,46418,2058641,72851,63553.57,15197033,13138392,0
2021-12-24,9225,6727438,2952,5858594,598,565103,20613,2043209,210,36255,20823,2079464,33598,58242.14,15230631,13151167,0
2021-12-25,344,6727782,63,5858657,31,565134,427,2043636,8,36263,435,2079899,873,51214.86,15231504,13151605,0
2021-12-26,7954,6735736,3924,5862581,340,565474,17294,2060930,174,36437,17468,2097367,29686,51381.71,15261190,13163823,0
2021-12-27,21768,6757504,9203,5871784,934,566408,43471,2104401,549,36986,44020,2141387,75925,52012.57,15337115,13195728,0
2021-12-28,20141,6777645,8332,5880116,702,567110,47603,2152004,605,37591,48208,2189595,77383,52375,15414498,13224903,0
2021-12-29,18487,6796132,7671,5887787,607,567717,45592,2197596,481,38072,46073,2235668,72838,51879.14,15487336,13251668,0
2021-12-30,16877,6813009,7424,5895211,588,568305,44868,2242464,578,38650,45446,2281114,70335,51519.71,15557671,13276557,0
2021-12-31,5353,6818362,2809,5898020,193,568498,14774,2257238,181,38831,14955,2296069,23310,50050,15580981,13284912,0
2022-01-01,244,6818606,147,5898167,12,568510,501,2257739,22,38853,523,2296592,926,50057.57,15581907,13285315,0
2022-01-02,6425,6825031,5022,5903189,153,568663,10987,2268726,109,38962,11096,2307688,22696,49059,15604603,13296915,0
2022-01-03,14117,6839148,8501,5911690,514,569177,26962,2295688,342,39304,27304,2334992,50436,45417.71,15655039,13320047,0
2022-01-04,12808,6851956,8125,5919815,415,569592,27238,2322926,362,39666,27600,2362592,48948,41355.57,15703987,13341395,0
2022-01-05,11329,6863285,7015,5926830,382,569974,25986,2348912,309,39975,26295,2388887,45021,37381.71,15749008,13360121,0
2022-01-06,11367,6874652,7389,5934219,483,570457,27621,2376533,333,40308,27954,2416841,47193,34075.71,15796201,13379360,0
2022-01-07,10206,6884858,8443,5942662,339,570796,25164,2401697,320,40628,25484,2442325,44473,37099,15840674,13398349,0
2022-01-08,7723,6892581,8579,5951241,310,571106,19570,2421267,179,40807,19749,2462074,36362,42161.29,15877036,13414962,0
2022-01-09,4122,6896703,3843,5955084,214,571320,10071,2431338,92,40899,10163,2472237,18342,41539.29,15895378,13423141,0
2022-01-10,10166,6906869,8194,5963278,490,571810,24621,2455959,300,41199,24921,2497158,43771,40587.14,15939149,13441991,0
2022-01-11,8877,6915746,7988,5971266,521,572331,21036,2476995,285,41484,21321,2518479,38709,39124.43,15977858,13459379,0
2022-01-12,8925,6924671,8328,5979594,427,572758,22356,2499351,287,41771,22643,2541122,40323,38453.29,16018181,13477059,0
2022-01-13,9029,6933700,8866,5988460,452,573210,22906,2522257,317,42088,23223,2564345,41571,37650.14,16059752,13495407,0
2022-01-14,10089,6943789,8121,5996581,476,573686,26437,2548694,328,42416,26765,2591110,45451,37789.86,16105203,13514093,0
2022-01-15,6204,6949993,4307,6000888,178,573864,15145,2563839,179,42595,15324,2606434,26013,36311.43,16131216,13524782,0
2022-01-16,2912,6952905,3249,6004137,95,573959,7829,2571668,84,42679,7913,2614347,14169,35715.29,16145385,13531038,0
2022-01-17,6063,6958968,6754,6010891,363,574322,14692,2586360,218,42897,14910,2629257,28090,33475.14,16173475,13544218,0
2022-01-18,8146,6967114,10323,6021214,396,574718,19681,2606041,313,43210,19994,2649251,38859,33496.57,16212334,13563083,0
2022-01-19,7446,6974560,9249,6030463,304,575022,17729,2623770,273,43483,18002,2667253,35002,32736.43,16247336,13580083,0
2022-01-20,6263,6980823,8561,6039024,305,575327,15267,2639037,248,43731,15515,2682768,30644,31175.43,16277980,13595212,0
2022-01-21,7557,6988380,7511,6046535,276,575603,18519,2657556,283,44014,18802,2701570,34146,29560.43,16312126,13610556,0
2022-01-22,5183,6993563,4935,6051470,131,575734,11326,2668882,129,44143,11455,2713025,21704,28944.86,16333830,13620805,0
2022-01-23,2806,6996369,3327,6054797,97,575831,6233,2675115,76,44219,6309,2719334,12539,28712,16346369,13627035,0
2022-01-24,6355,7002724,8205,6063002,262,576093,15084,2690199,238,44457,15322,2734656,30144,29005.43,16376513,13641857,0
2022-01-25,6178,7008902,7938,6070940,231,576324,14696,2704895,262,44719,14958,2749614,29305,27640.57,16405818,13656204,0
2022-01-26,5740,7014642,7176,6078116,289,576613,14024,2718919,211,44930,14235,2763849,27440,26560.29,16433258,13669409,0
2022-01-27,5244,7019886,7091,6085207,321,576934,14091,2733010,231,45161,14322,2778171,26978,26036.57,16460236,13682065,0
2022-01-28,6243,7026129,7880,6093087,203,577137,16138,2749148,237,45398,16375,2794546,30701,25544.43,16490937,13696391,0
2022-01-29,840,7026969,728,6093815,28,577165,2539,2751687,39,45437,2578,2797124,4174,23040.14,16495111,13697987,0
2022-01-30,2089,7029058,3025,6096840,103,577268,4540,2756227,63,45500,4603,2801727,9820,22651.71,16504931,13703204,0
2022-01-31,4996,7034054,6593,6103433,220,577488,11399,2767626,198,45698,11597,2813324,23406,21689.14,16528337,13715013,0
2022-02-01,4822,7038876,6442,6109875,219,577707,10724,2778350,218,45916,10942,2824266,22425,20706.29,16550762,13726496,0
2022-02-02,4252,7043128,5936,6115811,212,577919,11242,2789592,243,46159,11485,2835751,21885,19912.71,16572647,13736896,0
2022-02-03,4222,7047350,5815,6121626,216,578135,11224,2800816,200,46359,11424,2847175,21677,19155.43,16594324,13747149,0
2022-02-04,4755,7052105,7114,6128740,214,578349,13226,2814042,238,46597,13464,2860639,25547,18419.14,16619871,13759232,0
2022-02-05,3570,7055675,6052,6134792,110,578459,8581,2822623,155,46752,8736,2869375,18468,20461.14,16638339,13768964,0
2022-02-06,2060,7057735,2138,6136930,121,578580,4642,2827265,102,46854,4744,2874119,9064,20353.14,16647403,13773284,0
2022-02-07,4147,7061882,4737,6141667,205,578785,10141,2837406,233,47087,10374,2884493,19463,19789.86,16666866,13782373,0
2022-02-08,4213,7066095,5608,6147275,214,578999,11330,2848736,305,47392,11635,2896128,21670,19682,16688536,13792408,0
2022-02-09,4129,7070224,5404,6152679,223,579222,11665,2860401,255,47647,11920,2908048,21676,19652.14,16710212,13802164,0
2022-02-10,3984,7074208,5123,6157802,245,579467,12207,2872608,286,47933,12493,2920541,21845,19676.14,16732057,13811516,0
2022-02-11,4504,7078712,5808,6163610,195,579662,13742,2886350,320,48253,14062,2934603,24569,19536.43,16756626,13822023,0
2022-02-12,3256,7081968,4343,6167953,97,579759,8811,2895161,213,48466,9024,2943627,16720,19286.71,16773346,13829719,0
2022-02-13,1519,7083487,1543,6169496,41,579800,4882,2900043,111,48577,4993,2948620,8096,19148.43,16781442,13832822,0
2022-02-14,2976,7086463,3627,6173123,167,579967,10575,2910618,325,48902,10900,2959520,17670,18892.29,16799112,13839592,0
2022-02-15,3545,7090008,4076,6177199,175,580142,12791,2923409,282,49184,13073,2972593,20869,18777.86,16819981,13847388,0
2022-02-16,3644,7093652,3907,6181106,200,580342,15735,2939144,295,49479,16030,2988623,23781,19078.57,16843762,13855139,0
2022-02-17,4029,7097681,4078,6185184,162,580504,18323,2957467,360,49839,18683,3007306,26952,19808.14,16870714,13863408,0
2022-02-18,4461,7102142,4786,6189970,189,580693,21538,2979005,458,50297,21996,3029302,31432,20788.57,16902146,13872844,0
2022-02-19,3249,7105391,2183,6192153,65,580758,11182,2990187,218,50515,11400,3040702,16897,20813.86,16919043,13878341,0
2022-02-20,1849,7107240,1444,6193597,59,580817,6590,2996777,116,50631,6706,3047408,10058,21094.14,16929101,13881693,0
2022-02-21,3083,7110323,2694,6196291,95,580912,8349,3005126,234,50865,8583,3055991,14455,20634.86,16943556,13887565,0
2022-02-22,4376,7114699,4254,6200545,175,581087,10835,3015961,254,51119,11089,3067080,19894,20495.57,16963450,13896370,0
2022-02-23,4256,7118955,3787,6204332,145,581232,10673,3026634,242,51361,10915,3077995,19103,19827.29,16982553,13904558,0
2022-02-24,3790,7122745,3657,6207989,108,581340,10199,3036833,227,51588,10426,3088421,17981,18545.71,17000534,13912113,0
2022-02-25,3610,7126355,3629,6211618,135,581475,9985,3046818,240,51828,10225,3098646,17599,16569.57,17018133,13919487,0
2022-02-26,2830,7129185,2580,6214198,74,581549,9520,3056338,153,51981,9673,3108319,15157,16321,17033290,13924971,0
2022-02-27,1768,7130953,1374,6215572,52,581601,6269,3062607,102,52083,6371,3114690,9565,16250.57,17042855,13928165,0
2022-02-28,3794,7134747,3134,6218706,141,581742,13138,3075745,252,52335,13390,3128080,20459,17108.29,17063314,13935234,0
2022-03-01,2129,7136876,2629,6221335,103,581845,5184,3080929,186,52521,5370,3133450,10231,15727.86,17073545,13940095,0
2022-03-02,1837,7138713,2444,6223779,107,581952,4133,3085062,209,52730,4342,3137792,8730,14246,17082275,13944483,0
2022-03-03,1935,7140648,2556,6226335,106,582058,3799,3088861,170,52900,3969,3141761,8566,12901,17090841,13949080,0
2022-03-04,2123,7142771,2872,6229207,66,582124,4330,3093191,208,53108,4538,3146299,9599,11758.14,17100440,13954141,0
2022-03-05,1611,7144382,2123,6231330,43,582167,3319,3096510,117,53225,3436,3149735,7213,10623.29,17107653,13957918,0
2022-03-06,798,7145180,879,6232209,30,582197,1624,3098134,55,53280,1679,3151414,3386,9740.57,17111039,13959625,0
2022-03-07,1666,7146846,1787,6233996,86,582283,3499,3101633,161,53441,3660,3155074,7199,7846.29,17118238,13963164,0
2022-03-08,1546,7148392,1895,6235891,79,582362,3125,3104758,152,53593,3277,3158351,6797,7355.71,17125035,13966684,0
2022-03-09,1266,7149658,1678,6237569,80,582442,2589,3107347,129,53722,2718,3161069,5742,6928.86,17130777,13969708,0
2022-03-10,1417,7151075,2102,6239671,85,582527,2961,3110308,163,53885,3124,3164193,6728,6666.29,17137505,13973312,0
2022-03-11,1599,7152674,2273,6241944,81,582608,3212,3113520,189,54074,3401,3167594,7354,6345.57,17144859,13977265,0
2022-03-12,877,7153551,1415,6243359,42,582650,2009,3115529,75,54149,2084,3169678,4418,5946.29,17149277,13979599,0
2022-03-13,624,7154175,757,6244116,28,582678,1292,3116821,47,54196,1339,3171017,2748,5855.14,17152025,13981008,0
2022-03-14,1369,7155544,1611,6245727,83,582761,2990,3119811,209,54405,3199,3174216,6262,5721.29,17158287,13984071,0
2022-03-15,1357,7156901,1927,6247654,63,582824,3069,3122880,231,54636,3300,3177516,6647,5699.86,17164934,13987418,0
2022-03-16,1396,7158297,2065,6249719,94,582918,3138,3126018,295,54931,3433,3180949,6988,5877.86,17171922,13990973,0
2022-03-17,1193,7159490,1808,6251527,70,582988,2763,3128781,267,55198,3030,3183979,6101,5788.29,17178023,13994044,0
2022-03-18,1591,7161081,2218,6253745,79,583067,3773,3132554,417,55615,4190,3188169,8078,5891.71,17186101,13997932,0
2022-03-19,1109,7162190,1733,6255478,54,583121,2603,3135157,228,55843,2831,3191000,5727,6078.71,17191828,14000828,0
2022-03-20,610,7162800,628,6256106,33,583154,1467,3136624,186,56029,1653,3192653,2924,6103.86,17194752,14002099,0
2022-03-21,1418,7164218,1555,6257661,72,583226,3059,3139683,358,56387,3417,3196070,6462,6132.43,17201214,14005144,0
2022-03-22,1344,7165562,1554,6259215,101,583327,2906,3142589,345,56732,3251,3199321,6250,6075.71,17207464,14008143,0
2022-03-23,1260,7166822,1360,6260575,66,583393,2921,3145510,373,57105,3294,3202615,5980,5931.71,17213444,14010829,0
2022-03-24,1212,7168034,1299,6261874,90,583483,2521,3148031,269,57374,2790,3205405,5391,5830.29,17218835,14013430,0
2022-03-25,1385,7169419,1632,6263506,62,583545,3267,3151298,380,57754,3647,3209052,6726,5637.14,17225561,14016509,0
2022-03-26,926,7170345,1163,6264669,36,583581,2308,3153606,251,58005,2559,3211611,4684,5488.14,17230245,14018634,0
2022-03-27,573,7170918,527,6265196,29,583610,1315,3154921,202,58207,1517,3213128,2646,5448.43,17232891,14019763,0
2022-03-28,1082,7172000,1166,6266362,69,583679,2440,3157361,364,58571,2804,3215932,5121,5256.86,17238012,14022080,0
2022-03-29,1051,7173051,1103,6267465,85,583764,2510,3159871,883,59454,3393,3219325,5632,5168.57,17243644,14024319,0
2022-03-30,1243,7174294,1140,6268605,99,583863,3064,3162935,3410,62864,6474,3225799,8956,5593.71,17252600,14026801,0
2022-03-31,1283,7175577,1255,6269860,57,583920,3165,3166100,5511,68375,8676,3234475,11272,6433.86,17263872,14029397,0
2022-04-01,1424,7177001,1490,6271350,76,583996,3249,3169349,6912,75287,10161,3244636,13151,7351.71,17277023,14032387,0
2022-04-02,909,7177910,908,6272258,33,584029,2092,3171441,4533,79820,6625,3251261,8475,7893.29,17285498,14034237,0
2022-04-03,554,7178464,495,6272753,28,584057,1221,3172662,3055,82875,4276,3255537,5353,8280,17290851,14035314,0
2022-04-04,1354,7179818,1307,6274060,61,584118,2728,3175390,7704,90579,10432,3265969,13154,9427.57,17304005,14038036,0
2022-04-05,1302,7181120,1158,6275218,66,584184,2847,3178237,7485,98064,10332,3276301,12858,10459.86,17316863,14040562,0
2022-04-06,1342,7182462,1176,6276394,61,584245,2624,3180861,6960,105024,9584,3285885,12163,10918,17329026,14043141,0
2022-04-07,1208,7183670,1065,6277459,57,584302,2379,3183240,6612,111636,8991,3294876,11321,10925,17340347,14045471,0
2022-04-08,1482,7185152,1407,6278866,61,584363,3166,3186406,8787,120423,11953,3306829,14903,11175.29,17355250,14048421,0
2022-04-09,910,7186062,923,6279789,29,584392,2081,3188487,4948,125371,7029,3313858,8891,11234.71,17364141,14050283,0
2022-04-10,581,7186643,461,6280250,25,584417,1169,3189656,2897,128268,4066,3317924,5133,11203.29,17369274,14051350,0
2022-04-11,1311,7187954,1237,6281487,59,584476,2660,3192316,7813,136081,10473,3328397,13080,11192.71,17382354,14053957,0
2022-04-12,1218,7189172,1055,6282542,73,584549,2524,3194840,7426,143507,9950,3338347,12296,11112.43,17394650,14056303,0
2022-04-13,1237,7190409,1080,6283622,59,584608,2517,3197357,7532,151039,10049,3348396,12425,11149.86,17407075,14058679,0
2022-04-14,1271,7191680,1095,6284717,59,584667,2441,3199798,6584,157623,9025,3357421,11450,11168.29,17418525,14061104,0
2022-04-15,1335,7193015,1099,6285816,53,584720,2570,3202368,6621,164244,9191,3366612,11678,10707.57,17430203,14063591,0
2022-04-16,857,7193872,654,6286470,34,584754,1644,3204012,3683,167927,5327,3371939,6872,10419.14,17437075,14065136,0
2022-04-17,345,7194217,201,6286671,27,584781,638,3204650,1158,169085,1796,3373735,2369,10024.29,17439444,14065709,0
2022-04-18,1388,7195605,1117,6287788,82,584863,2588,3207238,6410,175495,8998,3382733,11585,9810.71,17451029,14068296,0
2022-04-19,1419,7197024,935,6288723,71,584934,2580,3209818,5745,181240,8325,3391058,10750,9589.86,17461779,14070721,0
2022-04-20,1312,7198336,1157,6289880,65,584999,2709,3212527,6636,187876,9345,3400403,11879,9511.86,17473658,14073255,0
2022-04-21,1224,7199560,1063,6290943,53,585052,2333,3214860,5334,193210,7667,3408070,10007,9305.71,17483665,14075595,0
2022-04-22,1213,7200773,1024,6291967,46,585098,2200,3217060,5645,198855,7845,3415915,10129,9084.43,17493794,14077879,0
2022-04-23,715,7201488,748,6292715,59,585157,1427,3218487,3346,202201,4773,3420688,6295,9002,17500089,14079401,0
2022-04-24,442,7201930,336,6293051,27,585184,811,3219298,1815,204016,2626,3423314,3431,9153.71,17503520,14080206,0
2022-04-25,1034,7202964,918,6293969,64,585248,1852,3221150,5090,209106,6942,3430256,8958,8778.43,17512478,14082222,0
2022-04-26,952,7203916,859,6294828,76,585324,1748,3222898,4696,213802,6444,3436700,8331,8432.86,17520809,14084109,0
2022-04-27,1038,7204954,1025,6295853,80,585404,1928,3224826,5209,219011,7137,3443837,9280,8061.57,17530089,14086252,0
2022-04-28,1091,7206045,986,6296839,50,585454,2004,3226830,4730,223741,6734,3450571,8861,7897.86,17538950,14088379,0
2022-04-29,1185,7207230,1105,6297944,60,585514,2165,3228995,5397,229138,7562,3458133,9912,7866.86,17548862,14090729,0
2022-04-30,726,7207956,744,6298688,50,585564,1391,3230386,2964,232102,4355,3462488,5875,7806.86,17554737,14092249,0
2022-05-01,445,7208401,366,6299054,20,585584,766,3231152,1658,233760,2424,3464912,3255,7781.71,17557992,14093080,0
2022-05-02,1052,7209453,791,6299845,52,585636,1678,3232830,3815,237575,5493,3470405,7388,7557.43,17565380,14094975,0
2022-05-03,1120,7210573,864,6300709,61,585697,1999,3234829,4861,242436,6860,3477265,8905,7639.43,17574285,14097020,0
2022-05-04,1018,7211591,881,6301590,48,585745,1929,3236758,4664,247100,6593,3483858,8540,7533.71,17582825,14098967,0
2022-05-05,1075,7212666,957,6302547,87,585832,1928,3238686,4873,251973,6801,3490659,8920,7542.14,17591745,14101086,0
2022-05-06,1094,7213760,961,6303508,51,585883,1866,3240552,4385,256358,6251,3496910,8357,7320,17600102,14103192,0
2022-05-07,660,7214420,591,6304099,32,585915,1204,3241756,2427,258785,3631,3500541,4914,7182.71,17605016,14104475,0
2022-05-08,414,7214834,245,6304344,17,585932,667,3242423,1382,260167,2049,3502590,2725,7107,17607741,14105151,0
2022-05-09,1084,7215918,946,6305290,60,585992,1891,3244314,4426,264593,6317,3508907,8407,7252.57,17616148,14107241,0
2022-05-10,1097,7217015,932,6306222,54,586046,1986,3246300,4714,269307,6700,3515607,8783,7235.14,17624931,14109324,0
2022-05-11,1092,7218107,978,6307200,44,586090,1945,3248245,4830,274137,6775,3522382,8889,7285,17633820,14111438,0
2022-05-12,1109,7219216,951,6308151,60,586150,1998,3250243,4660,278797,6658,3529040,8778,7264.71,17642598,14113558,0
2022-05-13,1162,7220378,1042,6309193,44,586194,2060,3252303,4792,283589,6852,3535892,9100,7370.86,17651698,14115806,0
2022-05-14,831,7221209,670,6309863,31,586225,1469,3253772,2949,286538,4418,3540310,5950,7518.86,17657648,14117338,0
2022-05-15,513,7221722,357,6310220,22,586247,923,3254695,1646,288184,2569,3542879,3461,7624,17661109,14118230,0
2022-05-16,1232,7222954,858,6311078,62,586309,1830,3256525,3856,292040,5686,3548565,7838,7542.71,17668947,14120382,0
2022-05-17,1296,7224250,932,6312010,79,586388,2045,3258570,4882,296922,6927,3555492,9234,7607.14,17678181,14122689,0
2022-05-18,1246,7225496,902,6312912,82,586470,2062,3260632,4932,301854,6994,3562486,9224,7655,17687405,14124919,0
2022-05-19,1168,7226664,881,6313793,36,586506,2119,3262751,4719,306573,6838,3569324,8923,7675.71,17696328,14127004,0
2022-05-20,1203,7227867,965,6314758,74,586580,2367,3265118,5195,311768,7562,3576886,9806,7776.57,17706134,14129248,0
2022-05-21,838,7228705,650,6315408,23,586603,1722,3266840,3292,315060,5014,3581900,6526,7858.86,17712660,14130760,0
2022-05-22,509,7229214,292,6315700,22,586625,1136,3267976,1835,316895,2971,3584871,3794,7906.43,17716454,14131583,0
2022-05-23,1223,7230437,889,6316589,52,586677,2187,3270163,4700,321595,6887,3591758,9051,8079.71,17725505,14133747,0
2022-05-24,1425,7231862,944,6317533,66,586743,2296,3272459,4476,326071,6772,3598530,9208,8076,17734713,14136183,0
2022-05-25,1433,7233295,957,6318490,56,586799,2263,3274722,4249,330320,6512,3605042,8959,8038.14,17743672,14138630,0
2022-05-26,1183,7234478,890,6319380,60,586859,2261,3276983,4136,334456,6397,3611439,8531,7982.14,17752203,14140764,0
2022-05-27,1252,7235730,959,6320339,38,586897,2499,3279482,3902,338358,6401,3617840,8651,7817.14,17760854,14143014,0
2022-05-28,718,7236448,518,6320857,19,586916,1783,3281265,2063,340421,3846,3621686,5101,7613.57,17765955,14144269,0
2022-05-29,476,7236924,216,6321073,11,586927,759,3282024,1122,341543,1881,3623567,2584,7440.71,17768539,14144972,0
2022-05-30,91,7237015,58,6321131,6,586933,138,3282162,145,341688,283,3623850,438,6210.29,17768977,14145127,0
2022-05-31,1145,7238160,919,6322050,51,586984,1890,3284052,3055,344743,4945,3628795,7060,5903.43,17776037,14147242,0
2022-06-01,1163,7239323,849,6322899,63,587047,1969,3286021,3415,348158,5384,3634179,7459,5689.14,17783496,14149317,0
2022-06-02,1037,7240360,803,6323702,72,587119,1822,3287843,3163,351321,4985,3639164,6897,5455.71,17790393,14151229,0
2022-06-03,1173,7241533,894,6324596,47,587166,2062,3289905,3485,354806,5547,3644711,7661,5314.29,17798054,14153343,0
2022-06-04,728,7242261,582,6325178,26,587192,1554,3291459,1900,356706,3454,3648165,4792,5270.14,17802846,14154681,0
2022-06-05,451,7242712,297,6325475,1,587193,880,3292339,978,357684,1858,3650023,2607,5273.43,17805453,14155430,0
2022-06-06,1128,7243840,827,6326302,64,587257,1753,3294092,2732,360416,4485,3654508,6504,6140,17811957,14157449,0
2022-06-07,1028,7244868,769,6327071,70,587327,1784,3295876,2560,362976,4344,3658852,6211,6018.71,17818168,14159316,0
2022-06-08,1099,7245967,837,6327908,75,587402,1874,3297750,2737,365713,4611,3663463,6623,5899.29,17824791,14161328,0
2022-06-09,1147,7247114,840,6328748,61,587463,2219,3299969,2682,368395,4901,3668364,6949,5906.71,17831740,14163376,0
2022-06-10,1050,7248164,820,6329568,75,587538,1882,3301851,2817,371212,4699,3673063,6644,5761.43,17838384,14165321,0
2022-06-11,681,7248845,507,6330075,25,587563,1325,3303176,1502,372714,2827,3675890,4040,5654,17842424,14166534,0
2022-06-12,352,7249197,288,6330363,21,587584,878,3304054,771,373485,1649,3677539,2310,5611.57,17844734,14167195,0
2022-06-13,1032,7250229,770,6331133,63,587647,1572,3305626,2181,375666,3753,3681292,5619,5485.14,17850353,14169061,0
2022-06-14,970,7251199,833,6331966,64,587711,1680,3307306,2494,378160,4174,3685466,6041,5460.86,17856394,14170928,0
2022-06-15,981,7252180,865,6332831,39,587750,1659,3308965,2407,380567,4066,3689532,5951,5364.86,17862345,14172813,0
2022-06-16,961,7253141,780,6333611,59,587809,1828,3310793,2365,382932,4193,3693725,5993,5228.29,17868338,14174613,0
2022-06-17,906,7254047,795,6334406,48,587857,1761,3312554,2396,385328,4157,3697882,5907,5123,17874245,14176363,0
2022-06-18,664,7254711,522,6334928,26,587883,1279,3313833,1291,386619,2570,3700452,3782,5086.14,17878027,14177575,0
2022-06-19,351,7255062,236,6335164,16,587899,727,3314560,603,387222,1330,3701782,1933,5032.29,17879960,14178178,0
2022-06-20,836,7255898,488,6335652,41,587940,1570,3316130,1613,388835,3183,3704965,4548,4879.29,17884508,14179543,0
2022-06-21,1140,7257038,740,6336392,50,587990,1693,3317823,2130,390965,3823,3708788,5754,4838.29,17890262,14181474,0
2022-06-22,1969,7259007,832,6337224,46,588036,1698,3319521,1989,392954,3687,3712475,6534,4921.57,17896796,14184321,0
2022-06-23,2124,7261131,762,6337986,65,588101,1697,3321218,2147,395101,3844,3716319,6796,5036.29,17903592,14187273,0
2022-06-24,2188,7263319,757,6338743,48,588149,1624,3322842,2146,397247,3770,3720089,6763,5158.57,17910355,14190266,0
2022-06-25,2139,7265458,495,6339238,15,588164,1236,3324078,1141,398388,2377,3722466,5030,5336.86,17915385,14192919,0
2022-06-26,1214,7266672,249,6339487,14,588178,683,3324761,529,398917,1212,3723678,2689,5444.86,17918074,14194396,0
2022-06-27,1539,7268211,655,6340142,60,588238,1461,3326222,1647,400564,3108,3726786,5362,5561.14,17923436,14196650,0
2022-06-28,1692,7269903,832,6340974,54,588292,1853,3328075,2139,402703,3992,3730778,6570,5677.71,17930006,14199228,0
2022-06-29,1860,7271763,775,6341749,48,588340,1717,3329792,1918,404621,3635,3734413,6318,5646.86,17936324,14201911,0
2022-06-30,1867,7273630,807,6342556,46,588386,1727,3331519,2124,406745,3851,3738264,6571,5614.71,17942895,14204631,0
2022-07-01,1600,7275230,598,6343154,26,588412,1389,3332908,1722,408467,3111,3741375,5335,5410.71,17948230,14206855,0
2022-07-02,979,7276209,388,6343542,18,588430,836,3333744,939,409406,1775,3743150,3160,5143.57,17951390,14208240,0
2022-07-03,530,7276739,205,6343747,7,588437,458,3334202,487,409893,945,3744095,1687,5000.43,17953077,14208982,0
2022-07-04,36,7276775,25,6343772,1,588438,31,3334233,38,409931,69,3744164,131,4253.14,17953208,14209044,0
2022-07-05,1290,7278065,756,6344528,35,588473,1404,3335637,1739,411670,3143,3747307,5224,4060.86,17958432,14211125,0
2022-07-06,1613,7279678,679,6345207,44,588517,1442,3337079,1835,413505,3277,3750584,5613,3960.14,17964045,14213461,0
2022-07-07,1593,7281271,716,6345923,48,588565,1526,3338605,1995,415500,3521,3754105,5878,3861.14,17969923,14215818,0
2022-07-08,1632,7282903,652,6346575,37,588602,1470,3340075,1972,417472,3442,3757547,5765,3922.57,17975688,14218141,0
2022-07-09,983,7283886,423,6346998,26,588628,876,3340951,1343,418815,2219,3759766,3651,3992.71,17979339,14219573,0
2022-07-10,638,7284524,187,6347185,17,588645,429,3341380,661,419476,1090,3760856,1932,4027.71,17981271,14220415,0
2022-07-11,1397,7285921,636,6347821,49,588694,1430,3342810,2208,421684,3638,3764494,5720,4826.14,17986991,14222497,0
2022-07-12,1402,7287323,687,6348508,45,588739,1397,3344207,2508,424192,3905,3768399,6039,4942.57,17993030,14224631,0
2022-07-13,1623,7288946,730,6349238,36,588775,1514,3345721,2809,427001,4323,3772722,6712,5099.57,17999742,14227020,0
2022-07-14,1596,7290542,841,6350079,47,588822,1598,3347319,3053,430054,4651,3777373,7136,5279.29,18006878,14229505,0
2022-07-15,1616,7292158,940,6351019,46,588868,1561,3348880,3046,433100,4607,3781980,7209,5485.57,18014087,14232107,0
2022-07-16,881,7293039,583,6351602,9,588877,979,3349859,1691,434791,2670,3784650,4143,5555.86,18018230,14233580,0
2022-07-17,550,7293589,292,6351894,16,588893,529,3350388,1165,435956,1694,3786344,2552,5644.43,18020782,14234438,0
2022-07-18,1399,7294988,841,6352735,45,588938,1430,3351818,2445,438401,3875,3790219,6160,5707.29,18026942,14236723,0
2022-07-19,1441,7296429,976,6353711,51,588989,1537,3353355,2797,441198,4334,3794553,6802,5816.29,18033744,14239191,0
2022-07-20,1384,7297813,1482,6355193,50,589039,1345,3354700,2388,443586,3733,3798286,6650,5807.43,18040394,14242108,0
2022-07-21,1337,7299150,1431,6356624,50,589089,1392,3356092,2358,445944,3750,3802036,6568,5726.29,18046962,14244926,0
2022-07-22,1429,7300579,1567,6358191,41,589130,1554,3357646,2844,448788,4398,3806434,7435,5758.57,18054397,14247963,0
2022-07-23,904,7301483,1097,6359288,17,589147,994,3358640,1551,450339,2545,3808979,4563,5818.57,18058960,14249981,0
2022-07-24,488,7301971,641,6359929,14,589161,502,3359142,803,451142,1305,3810284,2449,5803.86,18061409,14251125,0
2022-07-25,1218,7303189,766,6360695,59,589220,1262,3360404,2052,453194,3314,3813598,5357,5689.14,18066766,14253168,0
2022-07-26,1230,7304419,1020,6361715,41,589261,1465,3361869,2433,455627,3898,3817496,6189,5601.57,18072955,14255459,0
2022-07-27,1318,7305737,1275,6362990,41,589302,1382,3363251,2187,457814,3569,3821065,6205,5538,18079160,14258095,0
2022-07-28,1312,7307049,1417,6364407,71,589373,1423,3364674,2211,460025,3634,3824699,6434,5518.86,18085594,14260895,0
2022-07-29,1316,7308365,1428,6365835,64,589437,1353,3366027,2141,462166,3494,3828193,6303,5357.14,18091897,14263704,0
2022-07-30,724,7309089,715,6366550,25,589462,787,3366814,946,463112,1733,3829926,3200,5162.43,18095097,14265171,0
2022-07-31,423,7309512,590,6367140,14,589476,488,3367302,570,463682,1058,3830984,2085,5110.43,18097182,14266198,0
2022-08-01,1224,7310736,911,6368051,55,589531,1324,3368626,1503,465185,2827,3833811,5017,5061.86,18102199,14268388,0
2022-08-02,1221,7311957,1013,6369064,73,589604,1335,3369961,1592,466777,2927,3836738,5234,4925.43,18107433,14270695,0
2022-08-03,1265,7313222,1187,6370251,41,589645,1337,3371298,1520,468297,2857,3839595,5350,4803.29,18112783,14273188,0
2022-08-04,1184,7314406,1180,6371431,57,589702,1282,3372580,1446,469743,2728,3842323,5149,4619.71,18117932,14275609,0
2022-08-05,1304,7315710,1444,6372875,49,589751,1309,3373889,1436,471179,2745,3845068,5542,4511,18123474,14278406,0
2022-08-06,688,7316398,838,6373713,14,589765,759,3374648,769,471948,1528,3846596,3069,4492.29,18126543,14279947,0
2022-08-07,391,7316789,456,6374169,14,589779,422,3375070,352,472300,774,3847370,1635,4428,18128178,14280808,0
2022-08-08,1180,7317969,930,6375099,70,589849,1267,3376337,1169,473469,2436,3849806,4616,4370.71,18132794,14282988,0
2022-08-09,1126,7319095,893,6375992,38,589887,1222,3377559,1157,474626,2379,3852185,4436,4256.71,18137230,14285045,0
2022-08-10,1210,7320305,1108,6377100,58,589945,1248,3378807,1245,475871,2493,3854678,4869,4188,18142099,14287421,0
2022-08-11,1295,7321600,1061,6378161,84,590029,1207,3380014,1278,477149,2485,3857163,4925,4156,18147024,14289861,0
2022-08-12,1316,7322916,1405,6379566,54,590083,1261,3381275,1241,478390,2502,3859665,5277,4118.14,18152301,14292636,0
2022-08-13,747,7323663,777,6380343,15,590098,760,3382035,627,479017,1387,3861052,2926,4097.71,18155227,14294175,0
2022-08-14,481,7324144,484,6380827,19,590117,404,3382439,279,479296,683,3861735,1667,4102.29,18156894,14295159,0
2022-08-15,1264,7325408,1048,6381875,60,590177,1306,3383745,987,480283,2293,3864028,4665,4109.29,18161559,14297531,0
2022-08-16,1305,7326713,863,6382738,50,590227,1358,3385103,1070,481353,2428,3866456,4646,4139.29,18166205,14299749,0
2022-08-17,1208,7327921,953,6383691,39,590266,1224,3386327,983,482336,2207,3868663,4407,4073.29,18170612,14301949,0
2022-08-18,1154,7329075,942,6384633,44,590310,1263,3387590,941,483277,2204,3870867,4344,3990.29,18174956,14304089,0
2022-08-19,1247,7330322,1132,6385765,34,590344,1115,3388705,968,484245,2083,3872950,4496,3878.71,18179452,14306502,0
2022-08-20,583,7330905,482,6386247,16,590360,629,3389334,498,484743,1127,3874077,2208,3776.14,18181660,14307583,0
2022-08-21,354,7331259,245,6386492,9,590369,378,3389712,265,485008,643,3874720,1251,3716.71,18182911,14308191,0
2022-08-22,1201,7332460,915,6387407,37,590406,1229,3390941,881,485889,2110,3876830,4263,3659.29,18187174,14310344,0
2022-08-23,1226,7333686,1043,6388450,47,590453,1374,3392315,953,486842,2327,3879157,4644,3659,18191818,14312661,0
2022-08-24,1263,7334949,1007,6389457,29,590482,1284,3393599,816,487658,2100,3881257,4400,3658,18196218,14314961,0
2022-08-25,1213,7336162,972,6390429,63,590545,1184,3394783,809,488467,1993,3883250,4241,3643.29,18200459,14317209,0
2022-08-26,1177,7337339,1165,6391594,53,590598,1183,3395966,778,489245,1961,3885211,4356,3623.29,18204815,14319604,0
2022-08-27,683,7338022,527,6392121,13,590611,670,3396636,405,489650,1075,3886286,2298,3636.14,18207113,14320827,0
2022-08-28,373,7338395,232,6392353,10,590621,444,3397080,224,489874,668,3886954,1283,3640.71,18208396,14321442,0
2022-08-29,1246,7339641,961,6393314,40,590661,1206,3398286,672,490546,1878,3888832,4126,3621.14,18212522,14323690,0
2022-08-30,1255,7340896,935,6394249,35,590696,1256,3399542,764,491310,2020,3890852,4245,3564.14,18216767,14325915,0
2022-08-31,1140,7342036,996,6395245,43,590739,1096,3400638,566,491876,1662,3892514,3842,3484.43,18220609,14328095,0
2022-09-01,1015,7343051,946,6396191,51,590790,800,3401438,449,492325,1249,3893763,3261,3344.43,18223870,14330107,0
2022-09-02,954,7344005,1001,6397192,28,590818,582,3402020,171,492496,753,3894516,2736,3113,18226606,14332090,0
2022-09-03,486,7344491,408,6397600,12,590830,359,3402379,49,492545,408,3894924,1314,2972.43,18227920,14332996,0
2022-09-04,225,7344716,195,6397795,10,590840,189,3402568,27,492572,216,3895140,646,2881.43,18228566,14333426,0
2022-09-05,73,7344789,69,6397864,7,590847,45,3402613,16,492588,61,3895201,210,2322,18228776,14333575,0
2022-09-06,964,7345753,1138,6399002,49,590896,626,3403239,130,492718,756,3895957,2912,2131.57,18231688,14335731,0
2022-09-07,900,7346653,1004,6400006,38,590934,469,3403708,149,492867,618,3896575,2577,1950.86,18234265,14337690,0
2022-09-08,775,7347428,745,6400751,36,590970,245,3403953,113,492980,358,3896933,1952,1763.86,18236217,14339284,0
2022-09-09,762,7348190,1044,6401795,49,591019,267,3404220,119,493099,386,3897319,2355,1709.43,18238572,14341253,0
2022-09-10,431,7348621,587,6402382,12,591031,257,3404477,45,493144,302,3897621,1386,1719.71,18239958,14342337,0
2022-09-11,193,7348814,213,6402595,11,591042,84,3404561,30,493174,114,3897735,563,1707.86,18240521,14342786,0
2022-09-12,678,7349492,737,6403332,37,591079,201,3404762,92,493266,293,3898028,1813,1936.86,18242334,14344306,0
2022-09-13,667,7350159,743,6404075,31,591110,217,3404979,111,493377,328,3898356,1877,1789,18244211,14345855,0
2022-09-14,642,7350801,782,6404857,30,591140,214,3405193,116,493493,330,3898686,1914,1694.29,18246125,14347439,0
2022-09-15,719,7351520,708,6405565,19,591159,217,3405410,107,493600,324,3899010,1923,1690.14,18248048,14349038,0
2022-09-16,704,7352224,959,6406524,24,591183,268,3405678,163,493763,431,3899441,2360,1690.86,18250408,14350967,0
2022-09-17,326,7352550,538,6407062,11,591194,266,3405944,79,493842,345,3899786,1326,1682.29,18251734,14351948,0
2022-09-18,160,7352710,177,6407239,7,591201,72,3406016,27,493869,99,3899885,468,1668.71,18252202,14352317,0
2022-09-19,626,7353336,611,6407850,28,591229,218,3406234,94,493963,312,3900197,1645,1644.71,18253847,14353650,0
2022-09-20,604,7353940,668,6408518,26,591255,208,3406442,90,494053,298,3900495,1718,1622,18255565,14355070,0
2022-09-21,615,7354555,645,6409163,31,591286,256,3406698,132,494185,388,3900883,1831,1610.14,18257396,14356513,0
2022-09-22,579,7355134,637,6409800,23,591309,166,3406864,136,494321,302,3901185,1738,1583.71,18259134,14357949,0
2022-09-23,643,7355777,904,6410704,23,591332,250,3407114,152,494473,402,3901587,2219,1563.57,18261353,14359766,0
2022-09-24,315,7356092,544,6411248,7,591339,260,3407374,73,494546,333,3901920,1295,1559.14,18262648,14360728,0
2022-09-25,138,7356230,163,6411411,1,591340,72,3407446,53,494599,125,3902045,473,1559.86,18263121,14361076,0
2022-09-26,524,7356754,514,6411925,16,591356,276,3407722,152,494751,428,3902473,1607,1554.43,18264728,14362255,0
2022-09-27,601,7357355,642,6412567,23,591379,274,3407996,175,494926,449,3902922,1903,1580.86,18266631,14363709,0
2022-09-28,512,7357867,586,6413153,14,591393,185,3408181,171,495097,356,3903278,1669,1557.71,18268300,14365022,0
2022-09-29,639,7358506,634,6413787,16,591409,172,3408353,108,495205,280,3903558,1779,1563.57,18270079,14366521,0
2022-09-30,578,7359084,810,6414597,13,591422,182,3408535,184,495389,366,3903924,2086,1544.57,18272165,14368241,120000
2022-10-01,229,7359313,328,6414925,5,591427,128,3408663,41,495430,169,3904093,830,1478.14,18272995,14368902,120000
2022-10-02,121,7359434,148,6415073,5,591432,46,3408709,46,495476,92,3904185,387,1465.86,18273382,14369197,120000
2022-10-03,492,7359926,425,6415498,21,591453,152,3408861,107,495583,259,3904444,1301,1422.14,18274683,14370239,120000
2022-10-04,456,7360382,480,6415978,9,591462,141,3409002,112,495695,253,3904697,1284,1333.71,18275967,14371270,120000
2022-10-05,473,7360855,526,6416504,8,591470,254,3409256,156,495851,410,3905107,1571,1319.71,18277538,14372431,120000
2022-10-06,201,7361056,236,6416740,6,591476,58,3409314,84,495935,142,3905249,643,1157.43,18278181,14372932,120000
