"DATE","ADMIN_DOSE1_DAILY","ADMIN_DOSE1_CUMULATIVE","ADMIN_DOSE2_DAILY","ADMIN_DOSE2_CUMULATIVE","ADMIN_SINGLE_DAILY","ADMIN_SINGLE_CUMULATIVE","ADMIN_ALLDOSES_DAILY","ADMIN_ALLDOSES_7DAYAVG","ADMIN_ALLDOSES_CUMULATIVE","INCOMPLETE"
"2020-12-14",78,78,0,0,0,0,78,,78,0
"2020-12-15",2050,2128,3,3,4,4,2057,,2135,0
"2020-12-16",4567,6695,12,15,1,5,4580,,6715,0
"2020-12-17",4651,11346,15,30,0,5,4666,,11381,0
"2020-12-18",5799,17145,24,54,2,7,5825,,17206,0
"2020-12-19",1686,18831,5,59,3,10,1694,,18900,0
"2020-12-20",1109,19940,2,61,1,11,1112,2858.86,20012,0
"2020-12-21",6267,26207,12,73,1,12,6280,3744.86,26292,0
"2020-12-22",9767,35974,21,94,2,14,9790,4849.57,36082,0
"2020-12-23",14240,50214,34,128,2,16,14276,6234.71,50358,0
"2020-12-24",7202,57416,52,180,1,17,7255,6604.57,57613,0
"2020-12-25",179,57595,0,180,0,17,179,5798,57792,0
"2020-12-26",4330,61925,35,215,0,17,4365,6179.57,62157,0
"2020-12-27",3828,65753,9,224,0,17,3837,6568.86,65994,0
"2020-12-28",10978,76731,37,261,1,18,11016,7245.43,77010,0
"2020-12-29",10697,87428,27,288,2,20,10726,7379.14,87736,0
"2020-12-30",12782,100210,48,336,0,20,12830,7172.57,100566,0
"2020-12-31",7241,107451,19,355,0,20,7260,7173.29,107826,0
"2021-01-01",184,107635,2,357,1,21,187,7174.43,108013,0
"2021-01-02",3806,111441,9,366,2,23,3817,7096.14,111830,0
"2021-01-03",3525,114966,19,385,1,24,3545,7054.43,115375,0
"2021-01-04",12198,127164,794,1179,0,24,12992,7336.71,128367,0
"2021-01-05",13986,141150,2159,3338,0,24,16145,8110.86,144512,0
"2021-01-06",17714,158864,3891,7229,0,24,21605,9364.43,166117,0
"2021-01-07",16427,175291,5132,12361,3,27,21562,11407.57,187679,0
"2021-01-08",16451,191742,5368,17729,0,27,21819,14497.86,209498,0
"2021-01-09",7659,199401,1444,19173,1,28,9104,15253.14,218602,0
"2021-01-10",7883,207284,960,20133,0,28,8843,16010,227445,0
"2021-01-11",25626,232910,7310,27443,1,29,32937,18859.29,260382,0
"2021-01-12",27900,260810,7791,35234,1,30,35692,21651.71,296074,0
"2021-01-13",31449,292259,9317,44551,1,31,40767,24389.14,336841,0
"2021-01-14",35527,327786,5270,49821,1,32,40798,27137.14,377639,0
"2021-01-15",28982,356768,3566,53387,2,34,32550,28670.14,410189,0
"2021-01-16",30152,386920,2313,55700,0,34,32465,32007.43,442654,0
"2021-01-17",23827,410747,1567,57267,0,34,25394,34371.86,468048,0
"2021-01-18",26926,437673,2329,59596,0,34,29255,33845.86,497303,0
"2021-01-19",33934,471607,9527,69123,1,35,43462,34955.86,540765,0
"2021-01-20",34452,506059,9366,78489,1,36,43819,35391.86,584584,0
"2021-01-21",25200,531259,7979,86468,0,36,33179,34303.43,617763,0
"2021-01-22",24253,555512,4344,90812,0,36,28597,33738.71,646360,0
"2021-01-23",15306,570818,3186,93998,0,36,18492,31742.57,664852,0
"2021-01-24",6974,577792,3399,97397,0,36,10373,29596.71,675225,0
"2021-01-25",13028,590820,11696,109093,0,36,24724,28949.43,699949,0
"2021-01-26",16341,607161,10574,119667,0,36,26915,26585.57,726864,0
"2021-01-27",20367,627528,12171,131838,0,36,32538,24974,759402,0
"2021-01-28",30417,657945,12676,144514,0,36,43093,26390.29,802495,0
"2021-01-29",31344,689289,11261,155775,0,36,42605,28391.43,845100,0
"2021-01-30",18430,707719,3663,159438,0,36,22093,28905.86,867193,0
"2021-01-31",12941,720660,2849,162287,0,36,15790,29679.71,882983,0
"2021-02-01",1128,721788,5287,167574,2,38,6417,27064.43,889400,0
"2021-02-02",2782,724570,9247,176821,2,40,12031,24938.14,901431,0
"2021-02-03",16206,740776,20741,197562,3,43,36950,25568.43,938381,0
"2021-02-04",26741,767517,19191,216753,2,45,45934,25974.29,984315,0
"2021-02-05",27265,794782,19591,236344,0,45,46856,26581.57,1031171,0
"2021-02-06",22762,817544,11077,247421,0,45,33839,28259.57,1065010,0
"2021-02-07",12045,829589,8141,255562,0,45,20186,28887.57,1085196,0
"2021-02-08",16758,846347,23152,278714,2,47,39912,33672.57,1125108,0
"2021-02-09",16992,863339,27665,306379,2,49,44659,38333.71,1169767,0
"2021-02-10",19447,882786,28792,335171,1,50,48240,39946.57,1218007,0
"2021-02-11",27701,910487,32935,368106,2,52,60638,42047.14,1278645,0
"2021-02-12",38266,948753,30191,398297,3,55,68460,45133.43,1347105,0
"2021-02-13",27787,976540,24827,423124,2,57,52616,47815.86,1399721,0
"2021-02-14",16218,992758,23417,446541,0,57,39635,50594.29,1439356,0
"2021-02-15",12620,1005378,10292,456833,1,58,22913,48165.86,1462269,0
"2021-02-16",14065,1019443,26206,483039,0,58,40271,47539,1502540,0
"2021-02-17",16125,1035568,21658,504697,1,59,37784,46045.29,1540324,0
"2021-02-18",11985,1047553,24586,529283,22,81,36593,42610.29,1576917,0
"2021-02-19",13059,1060612,23569,552852,39,120,36667,38068.43,1613584,0
"2021-02-20",11154,1071766,25834,578686,6,126,36994,35836.71,1650578,0
"2021-02-21",6281,1078047,17288,595974,15,141,23584,33543.71,1674162,0
"2021-02-22",12676,1090723,11622,607596,2,143,24300,33741.86,1698462,0
"2021-02-23",24931,1115654,13930,621526,1,144,38862,33540.57,1737324,0
"2021-02-24",35992,1151646,19806,641332,0,144,55798,36114,1793122,0
"2021-02-25",54387,1206033,29576,670908,7,151,83970,42882.14,1877092,0
"2021-02-26",62673,1268706,30982,701890,4,155,93659,51023.86,1970751,0
"2021-02-27",51158,1319864,22097,723987,49,204,73304,56211,2044055,0
"2021-02-28",44654,1364518,13414,737401,4,208,58072,61137.86,2102127,0
"2021-03-01",39033,1403551,12103,749504,8,216,51144,64972.71,2153271,0
"2021-03-02",46798,1450349,11825,761329,7,223,58630,67796.71,2211901,0
"2021-03-03",48227,1498576,15431,776760,16,239,63674,68921.86,2275575,0
"2021-03-04",59482,1558058,22141,798901,1087,1326,82710,68741.86,2358285,0
"2021-03-05",60601,1618659,23685,822586,3110,4436,87396,67847.14,2445681,0
"2021-03-06",46903,1665562,18401,840987,5434,9870,70738,67480.57,2516419,0
"2021-03-07",35945,1701507,14555,855542,6241,16111,56741,67290.43,2573160,0
"2021-03-08",39354,1740861,14298,869840,8551,24662,62203,68870.29,2635363,0
"2021-03-09",38787,1779648,12057,881897,7769,32431,58613,68867.86,2693976,0
"2021-03-10",51348,1830996,14326,896223,5048,37479,70722,69874.71,2764698,0
"2021-03-11",59842,1890838,20732,916955,4571,42050,85145,70222.57,2849843,0
"2021-03-12",51926,1942764,29330,946285,4133,46183,85389,69935.86,2935232,0
"2021-03-13",40499,1983263,26338,972623,5101,51284,71938,70107.29,3007170,0
"2021-03-14",30653,2013916,15507,988130,4549,55833,50709,69245.57,3057879,0
"2021-03-15",33328,2047244,16277,1004407,4787,60620,54392,68129.71,3112271,0
"2021-03-16",38411,2085655,19431,1023838,4915,65535,62757,68721.71,3175028,0
"2021-03-17",42386,2128041,23677,1047515,4241,69776,70304,68662,3245332,0
"2021-03-18",50351,2178392,25732,1073247,5281,75057,81364,68121.86,3326696,0
"2021-03-19",47589,2225981,28784,1102031,5617,80674,81990,67636.29,3408686,0
"2021-03-20",38613,2264594,24938,1126969,4682,85356,68233,67107,3476919,0
"2021-03-21",29239,2293833,18529,1145498,771,86127,48539,66797,3525458,0
"2021-03-22",33720,2327553,25587,1171085,4022,90149,63329,68073.71,3588787,0
"2021-03-23",38240,2365793,31509,1202594,4199,94348,73948,69672.43,3662735,0
"2021-03-24",41361,2407154,36285,1238879,4828,99176,82474,71411,3745209,0
"2021-03-25",43250,2450404,49052,1287931,5037,104213,97339,73693.14,3842548,0
"2021-03-26",38346,2488750,53658,1341589,4299,108512,96303,75737.86,3938851,0
"2021-03-27",35705,2524455,43968,1385557,2920,111432,82593,77789.29,4021444,0
"2021-03-28",26388,2550843,32955,1418512,1475,112907,60818,79543.43,4082262,0
"2021-03-29",34692,2585535,37103,1455615,3247,116154,75042,81216.71,4157304,0
"2021-03-30",40348,2625883,40511,1496126,3699,119853,84558,82732.43,4241862,0
"2021-03-31",49273,2675156,43338,1539464,7421,127274,100032,85240.71,4341894,0
"2021-04-01",50536,2725692,52914,1592378,11158,138432,114608,87707.71,4456502,0
"2021-04-02",43546,2769238,52868,1645246,11873,150305,108287,89419.71,4564789,0
"2021-04-03",39107,2808345,38362,1683608,9772,160077,87241,90083.71,4652030,0
"2021-04-04",26496,2834841,23816,1707424,3860,163937,54172,89134.29,4706202,0
"2021-04-05",41704,2876545,33701,1741125,11112,175049,86517,90773.57,4792719,0
"2021-04-06",52976,2929521,34403,1775528,13101,188150,100480,93048.14,4893199,0
"2021-04-07",55374,2984895,39725,1815253,14320,202470,109419,94389.14,5002618,0
"2021-04-08",59073,3043968,45548,1860801,16233,218703,120854,95281.43,5123472,0
"2021-04-09",56394,3100362,43736,1904537,17364,236067,117494,96596.71,5240966,0
"2021-04-10",49200,3149562,35378,1939915,12587,248654,97165,98014.43,5338131,0
"2021-04-11",38117,3187679,28698,1968613,7522,256176,74337,100895.14,5412468,0
"2021-04-12",46492,3234171,31496,2000109,13411,269587,91399,101592.57,5503867,0
"2021-04-13",52362,3286533,33392,2033501,365,269952,86119,99541,5589986,0
"2021-04-14",50006,3336539,39551,2073052,20,269972,89577,96706.43,5679563,0
"2021-04-15",51997,3388536,43221,2116273,13,269985,95231,93046,5774794,0
"2021-04-16",51048,3439584,41879,2158152,30,270015,92957,89540.71,5867751,0
"2021-04-17",43771,3483355,35440,2193592,3,270018,79214,86976.29,5946965,0
"2021-04-18",28622,3511977,29245,2222837,7,270025,57874,84624.43,6004839,0
"2021-04-19",37361,3549338,36108,2258945,22,270047,73491,82066.14,6078330,0
"2021-04-20",40711,3590049,39326,2298271,18,270065,80055,81199.86,6158385,0
"2021-04-21",38895,3628944,45570,2343841,12,270077,84477,80471.29,6242862,0
"2021-04-22",38489,3667433,48506,2392347,4,270081,86999,79295.29,6329861,0
"2021-04-23",39619,3707052,43972,2436319,5,270086,83596,77958,6413457,0
"2021-04-24",31839,3738891,41313,2477632,45,270131,73197,77098.43,6486654,0
"2021-04-25",18402,3757293,31134,2508766,83,270214,49619,75919.14,6536273,0
"2021-04-26",26879,3784172,40405,2549171,1012,271226,68296,75177,6604569,0
"2021-04-27",28578,3812750,46751,2595922,1690,272916,77019,74743.29,6681588,0
"2021-04-28",27111,3839861,56383,2652305,2131,275047,85625,74907.29,6767213,0
"2021-04-29",28720,3868581,56728,2709033,2126,277173,87574,74989.43,6854787,0
"2021-04-30",30157,3898738,51520,2760553,2016,279189,83693,75003.29,6938480,0
"2021-05-01",22512,3921250,44227,2804780,1163,280352,67902,74246.86,7006382,0
"2021-05-02",11941,3933191,36520,2841300,1077,281429,49538,74235.29,7055920,0
"2021-05-03",18002,3951193,52703,2894003,2376,283805,73081,74918.86,7129001,0
"2021-05-04",22729,3973922,56288,2950291,2314,286119,81331,75534.86,7210332,0
"2021-05-05",21499,3995421,48488,2998779,2302,288421,72289,73629.71,7282621,0
"2021-05-06",20703,4016124,49833,3048612,2494,290915,73030,71552,7355651,0
"2021-05-07",21308,4037432,51777,3100389,2790,293705,75875,70435.14,7431526,0
"2021-05-08",16663,4054095,41632,3142021,1834,295539,60129,69324.71,7491655,0
"2021-05-09",7988,4062083,29347,3171368,1260,296799,38595,67761.43,7530250,0
"2021-05-10",14376,4076459,38248,3209616,2346,299145,54970,65174.14,7585220,0
"2021-05-11",19935,4096394,42775,3252391,2505,301650,65215,62871.86,7650435,0
"2021-05-12",17828,4114222,40252,3292643,3582,305232,61662,61353.71,7712097,0
"2021-05-13",24954,4139176,40195,3332838,3218,308450,68367,60687.57,7780464,0
"2021-05-14",26988,4166164,42619,3375457,3523,311973,73130,60295.43,7853594,0
"2021-05-15",23702,4189866,34684,3410141,3356,315329,61742,60525.86,7915336,0
"2021-05-16",15546,4205412,19332,3429473,2499,317828,37377,60351.86,7952713,0
"2021-05-17",22632,4228044,28866,3458339,3241,321069,54739,60318.86,8007452,0
"2021-05-18",24612,4252656,31702,3490041,3386,324455,59700,59531,8067152,0
"2021-05-19",24213,4276869,29523,3519564,3020,327475,56756,58830.14,8123908,0
"2021-05-20",24153,4301022,29845,3549409,3131,330606,57129,57224.71,8181037,0
"2021-05-21",24680,4325702,31692,3581101,3050,333656,59422,55266.43,8240459,0
"2021-05-22",20005,4345707,24219,3605320,2522,336178,46746,53124.14,8287205,0
"2021-05-23",11236,4356943,13674,3618994,1407,337585,26317,51544.14,8313522,0
"2021-05-24",18852,4375795,22971,3641965,2743,340328,44566,50090.86,8358088,0
"2021-05-25",19430,4395225,23180,3665145,2586,342914,45196,48018.86,8403284,0
"2021-05-26",18718,4413943,20910,3686055,2683,345597,42311,45955.29,8445595,0
"2021-05-27",18427,4432370,21046,3707101,2521,348118,41994,43793.14,8487589,0
"2021-05-28",17879,4450249,22733,3729834,2719,350837,43331,41494.43,8530920,0
"2021-05-29",12709,4462958,17714,3747548,1752,352589,32175,39412.86,8563095,0
"2021-05-30",7032,4469990,8919,3756467,1073,353662,17024,38085.29,8580119,0
"2021-05-31",4759,4474749,6873,3763340,1010,354672,12642,33524.71,8592761,0
"2021-06-01",16045,4490794,25009,3788349,2157,356829,43211,33241.14,8635972,0
"2021-06-02",15336,4506130,20238,3808587,2086,358915,37660,32576.71,8673632,0
"2021-06-03",15015,4521145,23633,3832220,2277,361192,40925,32424,8714557,0
"2021-06-04",14708,4535853,25798,3858018,2475,363667,42981,32374,8757538,0
"2021-06-05",10973,4546826,21943,3879961,1801,365468,34717,32737.14,8792255,0
"2021-06-06",6466,4553292,14380,3894341,1220,366688,22066,33457.43,8814321,0
"2021-06-07",11727,4565019,21596,3915937,2367,369055,35690,36750,8850011,0
"2021-06-08",12653,4577672,23843,3939780,2059,371114,38555,36084.86,8888566,0
"2021-06-09",11143,4588815,22843,3962623,2283,373397,36269,35886.14,8924835,0
"2021-06-10",12080,4600895,22015,3984638,2457,375854,36552,35261.43,8961387,0
"2021-06-11",12704,4613599,24952,4009590,2461,378315,40117,34852.29,9001504,0
"2021-06-12",10190,4623789,19216,4028806,1879,380194,31285,34362,9032789,0
"2021-06-13",4257,4628046,10912,4039718,1218,381412,16387,33550.71,9049176,0
"2021-06-14",10200,4638246,19090,4058808,2042,383454,31332,32928.14,9080508,0
"2021-06-15",11887,4650133,20857,4079665,1936,385390,34680,32374.57,9115188,0
"2021-06-16",11594,4661727,19296,4098961,1949,387339,32839,31884.57,9148027,0
"2021-06-17",11047,4672774,18613,4117574,1962,389301,31622,31180.29,9179649,0
"2021-06-18",12171,4684945,18331,4135905,2105,391406,32607,30107.43,9212256,0
"2021-06-19",8503,4693448,13441,4149346,1456,392862,23400,28981,9235656,0
"2021-06-20",4370,4697818,7140,4156486,919,393781,12429,28415.57,9248085,0
"2021-06-21",10185,4708003,9911,4166397,1791,395572,21887,27066.29,9269972,0
"2021-06-22",9838,4717841,15536,4181933,1565,397137,26939,25960.43,9296911,0
"2021-06-23",10337,4728178,15007,4196940,1852,398989,27196,25154.29,9324107,0
"2021-06-24",9680,4737858,14574,4211514,1789,400778,26043,24357.29,9350150,0
"2021-06-25",10594,4748452,14264,4225778,1697,402475,26555,23492.71,9376705,0
"2021-06-26",7833,4756285,10367,4236145,1228,403703,19428,22925.29,9396133,0
"2021-06-27",5031,4761316,5966,4242111,783,404486,11780,22832.57,9407913,0
"2021-06-28",9038,4770354,10228,4252339,1508,405994,20774,22673.57,9428687,0
"2021-06-29",9754,4780108,12192,4264531,1330,407324,23276,22150.29,9451963,0
"2021-06-30",9430,4789538,10830,4275361,1462,408786,21722,21368.29,9473685,0
"2021-07-01",9350,4798888,10819,4286180,1400,410186,21569,20729.14,9495254,0
"2021-07-02",9673,4808561,11303,4297483,1511,411697,22487,20148,9517741,0
"2021-07-03",7052,4815613,8343,4305826,1181,412878,16576,19740.57,9534317,0
"2021-07-04",1296,4816909,1323,4307149,563,413441,3182,18512.29,9537499,0
"2021-07-05",6485,4823394,7049,4314198,1187,414628,14721,17647.57,9552220,0
"2021-07-06",9508,4832902,12685,4326883,1282,415910,23475,17676,9575695,0
"2021-07-07",8648,4841550,10957,4337840,1384,417294,20989,17571.29,9596684,0
"2021-07-08",8175,4849725,10081,4347921,1229,418523,19485,17273.57,9616169,0
"2021-07-09",8357,4858082,10699,4358620,1246,419769,20302,16961.43,9636471,0
"2021-07-10",7112,4865194,8572,4367192,1123,420892,16807,16994.43,9653278,0
"2021-07-11",4117,4869311,4518,4371710,701,421593,9336,17873.57,9662614,0
"2021-07-12",8415,4877726,9440,4381150,1234,422827,19089,18497.57,9681703,0
"2021-07-13",9445,4887171,9257,4390407,946,423773,19648,17950.86,9701351,0
"2021-07-14",8985,4896156,9442,4399849,1000,424773,19427,17727.71,9720778,0
"2021-07-15",8740,4904896,9032,4408881,1040,425813,18812,17631.57,9739590,0
"2021-07-16",9211,4914107,9683,4418564,966,426779,19860,17568.43,9759450,0
"2021-07-17",6853,4920960,7334,4425898,789,427568,14976,17306.86,9774426,0
"2021-07-18",4257,4925217,4271,4430169,568,428136,9096,17272.57,9783522,0
"2021-07-19",9079,4934296,8373,4438542,992,429128,18444,17180.43,9801966,0
"2021-07-20",10575,4944871,8665,4447207,989,430117,20229,17263.43,9822195,0
"2021-07-21",10052,4954923,8649,4455856,903,431020,19604,17288.71,9841799,0
"2021-07-22",10638,4965561,8437,4464293,1037,432057,20112,17474.43,9861911,0
"2021-07-23",11204,4976765,8776,4473069,1099,433156,21079,17648.57,9882990,0
"2021-07-24",7415,4984180,6694,4479763,669,433825,14778,17620.29,9897768,0
"2021-07-25",5484,4989664,2103,4481866,504,434329,8091,17476.71,9905859,0
"2021-07-26",10856,5000520,6936,4488802,851,435180,18643,17505.14,9924502,0
"2021-07-27",12069,5012589,8493,4497295,848,436028,21410,17673.86,9945912,0
"2021-07-28",11951,5024540,7945,4505240,930,436958,20826,17848.43,9966738,0
"2021-07-29",10923,5035463,7326,4512566,957,437915,19206,17719,9985944,0
"2021-07-30",14901,5050364,7920,4520486,1126,439041,23947,18128.71,10009891,0
"2021-07-31",9755,5060119,6259,4526745,809,439850,16823,18420.86,10026714,0
"2021-08-01",6491,5066610,3293,4530038,548,440398,10332,18741,10037046,0
"2021-08-02",13350,5079960,7089,4537127,835,441233,21274,19116.86,10058320,0
"2021-08-03",15312,5095272,8298,4545425,992,442225,24602,19572.86,10082922,0
"2021-08-04",17104,5112376,8000,4553425,1413,443638,26517,20385.86,10109439,0
"2021-08-05",17741,5130117,7777,4561202,1317,444955,26835,21475.71,10136274,0
"2021-08-06",18115,5148232,8270,4569472,1200,446155,27585,21995.43,10163859,0
"2021-08-07",13329,5161561,5959,4575431,788,446943,20076,22460.14,10183935,0
"2021-08-08",9309,5170870,3806,4579237,392,447335,13507,22913.71,10197442,0
"2021-08-09",21205,5192075,8408,4587645,944,448279,30557,24239.86,10227999,0
"2021-08-10",18829,5210904,9202,4596847,874,449153,28905,24854.57,10256904,0
"2021-08-11",15517,5226421,8191,4605038,801,449954,24509,24567.71,10281413,0
"2021-08-12",14997,5241418,8845,4613883,919,450873,24761,24271.43,10306174,0
"2021-08-13",14818,5256236,9130,4623013,896,451769,24844,23879.86,10331018,0
"2021-08-14",10388,5266624,6334,4629347,618,452387,17340,23489,10348358,0
"2021-08-15",6693,5273317,4447,4633794,667,453054,11807,23246.14,10360165,0
"2021-08-16",15637,5288954,9159,4642953,1133,454187,25929,22585,10386094,0
"2021-08-17",17663,5306617,10316,4653269,1190,455377,29169,22622.71,10415263,0
"2021-08-18",17362,5323979,10169,4663438,1185,456562,28716,23223.71,10443979,0
"2021-08-19",16110,5340089,9317,4672755,1288,457850,26715,23502.86,10470694,0
"2021-08-20",16060,5356149,11351,4684106,1192,459042,28603,24039.86,10499297,0
"2021-08-21",11117,5367266,7942,4692048,840,459882,19899,24405.43,10519196,0
"2021-08-22",4079,5371345,3873,4695921,259,460141,8211,23891.71,10527407,0
"2021-08-23",15489,5386834,11570,4707491,981,461122,28040,24193.29,10555447,0
"2021-08-24",16704,5403538,12372,4719863,966,462088,30042,24318,10585489,0
"2021-08-25",14407,5417945,12140,4732003,1058,463146,27605,24159.29,10613094,0
"2021-08-26",15904,5433849,13778,4745781,1032,464178,30714,24730.57,10643808,0
"2021-08-27",14579,5448428,14544,4760325,926,465104,30049,24937.14,10673857,0
"2021-08-28",10657,5459085,11298,4771623,792,465896,22747,25344,10696604,0
"2021-08-29",7198,5466283,7418,4779041,507,466403,15123,26331.43,10711727,0
"2021-08-30",15308,5481591,16507,4795548,1016,467419,32831,27015.86,10744558,0
"2021-08-31",15243,5496834,15585,4811133,920,468339,31748,27259.57,10776306,0
"2021-09-01",14345,5511179,13566,4824699,934,469273,28845,27436.71,10805151,0
"2021-09-02",13828,5525007,11977,4836676,831,470104,26636,26854.14,10831787,0
"2021-09-03",14366,5539373,13568,4850244,854,470958,28788,26674,10860575,120000
"2021-09-04",9287,5548660,8894,4859138,624,471582,18805,26110.86,10879380,120000
"2021-09-05",6680,5555340,5335,4864473,402,471984,12417,25724.29,10891797,120000
"2021-09-06",5107,5560447,4351,4868824,345,472329,9803,22434.57,10901600,120000
"2021-09-07",14688,5575135,16502,4885326,818,473147,32008,22471.71,10933608,120000
"2021-09-08",12051,5587186,10986,4896312,956,474103,23993,21778.57,10957601,120000
"2021-09-09",4869,5592055,5019,4901331,424,474527,10312,19446.57,10967913,120000
