"DATE","ADMIN_DOSE1_DAILY","ADMIN_DOSE1_CUMULATIVE","ADMIN_DOSE2_DAILY","ADMIN_DOSE2_CUMULATIVE","ADMIN_SINGLE_DAILY","ADMIN_SINGLE_CUMULATIVE","ADMIN_ADDITIONAL1_DAILY","ADMIN_ADDITIONAL1_CUMULATIVE","ADMIN_ADDITIONAL2_DAILY","ADMIN_ADDITIONAL2_CUMULATIVE","ADMIN_ADDITIONAL_DAILY","ADMIN_ADDITIONAL_CUMULATIVE","ADMIN_ALLDOSES_DAILY","ADMIN_ALLDOSES_7DAYAVG","ADMIN_ALLDOSES_CUMULATIVE","ADMIN_ALLDOSES_PRIMARY","INCOMPLETE"
2020-12-14,79,79,0,0,2,2,0,0,0,0,0,0,81,,81,81,0
2020-12-15,2053,2132,6,6,5,7,0,0,0,0,0,0,2064,,2145,2145,0
2020-12-16,4606,6738,15,21,4,11,1,1,0,0,1,1,4626,,6771,6770,0
2020-12-17,4660,11398,18,39,2,13,1,2,0,0,1,2,4681,,11452,11450,0
2020-12-18,5835,17233,18,57,2,15,2,4,0,0,2,4,5857,,17309,17305,0
2020-12-19,1688,18921,8,65,3,18,0,4,0,0,0,4,1699,,19008,19004,0
2020-12-20,1117,20038,2,67,1,19,0,4,0,0,0,4,1120,2875.43,20128,20124,0
2020-12-21,6392,26430,20,87,0,19,5,9,0,0,5,9,6417,3780.57,26545,26536,0
2020-12-22,9767,36197,28,115,2,21,1,10,0,0,1,10,9798,4885.43,36343,36333,0
2020-12-23,14278,50475,36,151,3,24,0,10,0,0,0,10,14317,6269.86,50660,50650,0
2020-12-24,7173,57648,25,176,1,25,0,10,0,0,0,10,7199,6629.57,57859,57849,0
2020-12-25,180,57828,0,176,0,25,1,11,0,0,1,11,181,5818.71,58040,58029,0
2020-12-26,4393,62221,45,221,0,25,1,12,0,0,1,12,4439,6210.14,62479,62467,0
2020-12-27,3870,66091,14,235,0,25,1,13,0,0,1,13,3885,6605.14,66364,66351,0
2020-12-28,10994,77085,50,285,1,26,3,16,0,0,3,16,11048,7266.71,77412,77396,0
2020-12-29,10714,87799,36,321,2,28,3,19,0,0,3,19,10755,7403.43,88167,88148,0
2020-12-30,12821,100620,46,367,0,28,0,19,0,0,0,19,12867,7196.29,101034,101015,0
2020-12-31,7260,107880,36,403,1,29,0,19,0,0,0,19,7297,7210.29,108331,108312,0
2021-01-01,180,108060,2,405,1,30,3,22,0,0,3,22,186,7211,108517,108495,0
2021-01-02,3809,111869,10,415,3,33,2,24,0,0,2,24,3824,7123.14,112341,112317,0
2021-01-03,3542,115411,24,439,2,35,1,25,0,0,1,25,3569,7078,115910,115885,0
2021-01-04,12255,127666,807,1246,2,37,7,32,0,0,7,32,13071,7367,128981,128949,0
2021-01-05,14090,141756,2197,3443,2,39,12,44,1,1,13,45,16302,8159.43,145283,145238,0
2021-01-06,17798,159554,3929,7372,1,40,31,75,8,9,39,84,21767,9430.86,167050,166966,0
2021-01-07,16540,176094,5181,12553,4,44,46,121,3,12,49,133,21774,11499,188824,188691,0
2021-01-08,16611,192705,5461,18014,0,44,35,156,4,16,39,172,22111,14631.14,210935,210763,0
2021-01-09,7649,200354,1466,19480,1,45,7,163,2,18,9,181,9125,15388.43,220060,219879,0
2021-01-10,7880,208234,983,20463,0,45,11,174,0,18,11,192,8874,16146.29,228934,228742,0
2021-01-11,25811,234045,7461,27924,2,47,54,228,8,26,62,254,33336,19041.29,262270,262016,0
2021-01-12,28248,262293,7862,35786,1,48,46,274,4,30,50,304,36161,21878.29,298431,298127,0
2021-01-13,31710,294003,9418,45204,1,49,59,333,5,35,64,368,41193,24653.43,339624,339256,0
2021-01-14,35800,329803,5302,50506,1,50,33,366,7,42,40,408,41143,27420.43,380767,380359,0
2021-01-15,29252,359055,3716,54222,2,52,31,397,5,47,36,444,33006,28976.86,413773,413329,0
2021-01-16,30273,389328,2392,56614,0,52,24,421,6,53,30,474,32695,32344,446468,445994,0
2021-01-17,23734,413062,1641,58255,0,52,20,441,1,54,21,495,25396,34704.29,471864,471369,0
2021-01-18,27089,440151,2425,60680,0,52,37,478,7,61,44,539,29559,34164.71,501423,500884,0
2021-01-19,34284,474435,9639,70319,1,53,70,548,6,67,76,615,44000,35284.57,545423,544808,0
2021-01-20,34860,509295,9498,79817,1,54,60,608,4,71,64,679,44423,35746,589846,589167,0
2021-01-21,25579,534874,8098,87915,2,56,52,660,5,76,57,736,33736,34687.86,623582,622846,0
2021-01-22,24744,559618,4386,92301,1,57,32,692,8,84,40,776,29171,34140,652753,651977,0
2021-01-23,15743,575361,3225,95526,0,57,10,702,2,86,12,788,18980,32180.71,671733,670945,0
2021-01-24,7175,582536,3457,98983,0,57,19,721,1,87,20,808,10652,30074.43,682385,681577,0
2021-01-25,13404,595940,11826,110809,0,57,67,788,12,99,79,887,25309,29467.29,707694,706807,0
2021-01-26,16750,612690,10763,121572,0,57,69,857,3,102,72,959,27585,27122.29,735279,734320,0
2021-01-27,20832,633522,12358,133930,0,57,53,910,9,111,62,1021,33252,25526.43,768531,767510,0
2021-01-28,30750,664272,12857,146787,0,57,82,992,16,127,98,1119,43708,26951,812239,811120,0
2021-01-29,31681,695953,11511,158298,0,57,84,1076,11,138,95,1214,43287,28967.57,855526,854312,0
2021-01-30,18711,714664,3741,162039,0,57,21,1097,2,140,23,1237,22475,29466.86,878001,876764,0
2021-01-31,13008,727672,2928,164967,1,58,29,1126,5,145,34,1271,15971,30226.71,893972,892701,0
2021-02-01,1180,728852,5400,170367,4,62,37,1163,4,149,41,1312,6625,27557.57,900597,899285,0
2021-02-02,2822,731674,9447,179814,2,64,50,1213,3,152,53,1365,12324,25377.43,912921,911556,0
2021-02-03,16346,748020,21238,201052,4,68,214,1427,21,173,235,1600,37823,26030.43,950744,949144,0
2021-02-04,27041,775061,19649,220701,3,71,207,1634,10,183,217,1817,46910,26487.86,997654,995837,0
2021-02-05,27580,802641,20032,240733,0,71,189,1823,16,199,205,2022,47817,27135,1045471,1043449,0
2021-02-06,22982,825623,11251,251984,0,71,116,1939,12,211,128,2150,34361,28833,1079832,1077682,0
2021-02-07,12030,837653,8286,260270,1,72,97,2036,14,225,111,2261,20428,29469.71,1100260,1097999,0
2021-02-08,16949,854602,23517,283787,2,74,240,2276,35,260,275,2536,40743,34343.71,1141003,1138467,0
2021-02-09,17240,871842,28092,311879,2,76,349,2625,44,304,393,2929,45727,39115.57,1186730,1183801,0
2021-02-10,19586,891428,29305,341184,2,78,270,2895,49,353,319,3248,49213,40742.71,1235943,1232695,0
2021-02-11,27832,919260,33463,374647,2,80,351,3246,58,411,409,3657,61708,42856.71,1297651,1293994,0
2021-02-12,38362,957622,30809,405456,3,83,361,3607,40,451,401,4058,69575,45965,1367226,1363168,0
2021-02-13,27994,985616,25312,430768,2,85,310,3917,57,508,367,4425,53676,48724.29,1420902,1416477,0
2021-02-14,16268,1001884,23724,454492,0,85,274,4191,34,542,308,4733,40300,51563.14,1461202,1456469,0
2021-02-15,12795,1014679,10524,465016,2,87,177,4368,25,567,202,4935,23523,49103.14,1484725,1479790,0
2021-02-16,14236,1028915,26711,491727,0,87,337,4705,42,609,379,5314,41326,48474.43,1526051,1520737,0
2021-02-17,16384,1045299,22198,513925,1,88,285,4990,38,647,323,5637,38906,47002,1564957,1559320,0
2021-02-18,12139,1057438,24987,538912,21,109,299,5289,45,692,344,5981,37491,43542.43,1602448,1596467,0
2021-02-19,13254,1070692,23925,562837,38,147,314,5603,47,739,361,6342,37578,38971.43,1640026,1633684,0
2021-02-20,11349,1082041,26073,588910,6,153,334,5937,77,816,411,6753,37840,36709.14,1677866,1671113,0
2021-02-21,6357,1088398,17409,606319,15,168,295,6232,46,862,341,7094,24122,34398,1701988,1694894,0
2021-02-22,13042,1101440,11838,618157,2,170,132,6364,21,883,153,7247,25035,34614,1727023,1719776,0
2021-02-23,25245,1126685,14137,632294,1,171,163,6527,35,918,198,7445,39582,34364.86,1766605,1759160,0
2021-02-24,36343,1163028,20394,652688,0,171,233,6760,42,960,275,7720,57012,36951.43,1823617,1815897,0
2021-02-25,54588,1217616,30402,683090,6,177,407,7167,64,1024,471,8191,85467,43805.14,1909084,1900893,0
2021-02-26,62837,1280453,31876,714966,4,181,417,7584,77,1101,494,8685,95211,52038.43,2004295,1995610,0
2021-02-27,51271,1331724,22754,737720,47,228,349,7933,53,1154,402,9087,74474,57271.86,2078769,2069682,0
2021-02-28,44569,1376293,13838,751558,7,235,206,8139,37,1191,243,9330,58657,62205.43,2137426,2128096,0
2021-03-01,39308,1415601,12784,764342,10,245,168,8307,24,1215,192,9522,52294,66099.57,2189720,2180198,0
2021-03-02,47073,1462674,12581,776923,7,252,158,8465,14,1229,172,9694,59833,68992.57,2249553,2239859,0
2021-03-03,48595,1511269,16155,793078,17,269,151,8616,22,1251,173,9867,64940,70125.14,2314493,2304626,0
2021-03-04,59810,1571079,22813,815891,1092,1361,277,8893,35,1286,312,10179,84027,69919.43,2398520,2388341,0
2021-03-05,60962,1632041,24288,840179,3107,4468,339,9232,36,1322,375,10554,88732,68993.86,2487252,2476698,0
2021-03-06,47162,1679203,18881,859060,5451,9919,246,9478,39,1361,285,10839,71779,68608.86,2559031,2548192,0
2021-03-07,36030,1715233,14879,873939,6244,16163,240,9718,21,1382,261,11100,57414,68431.29,2616445,2605345,0
2021-03-08,39611,1754844,14688,888627,8559,24722,318,10036,92,1474,410,11510,63268,69999,2679713,2668203,0
2021-03-09,39092,1793936,12855,901482,7758,32480,184,10220,35,1509,219,11729,59924,70012,2739637,2727908,0
2021-03-10,51814,1845750,15366,916848,5064,37544,228,10448,34,1543,262,11991,72506,71092.86,2812143,2800152,0
2021-03-11,59968,1905718,21823,938671,4619,42163,258,10706,48,1591,306,12297,86716,71477,2898859,2886562,0
2021-03-12,52183,1957901,30301,968972,4182,46345,390,11096,85,1676,475,12772,87141,71249.71,2986000,2973228,0
2021-03-13,40641,1998542,26685,995657,5110,51455,332,11428,54,1730,386,13158,72822,71398.71,3058822,3045664,0
2021-03-14,30707,2029249,15971,1011628,4525,55980,245,11673,29,1759,274,13432,51478,70550.71,3110300,3096868,0
2021-03-15,33636,2062885,17260,1028888,4707,60687,241,11914,34,1793,275,13707,55878,69495,3166178,3152471,0
2021-03-16,38663,2101548,20521,1049409,4925,65612,259,12173,35,1828,294,14001,64403,70134.86,3230581,3216580,0
2021-03-17,42605,2144153,24793,1074202,4244,69856,348,12521,40,1868,388,14389,72030,70066.86,3302611,3288222,0
2021-03-18,50422,2194575,26806,1101008,5231,75087,384,12905,63,1931,447,14836,82906,69522.57,3385517,3370681,0
2021-03-19,47773,2242348,29968,1130976,5625,80712,400,13305,72,2003,472,15308,83839,69050.86,3469356,3454048,0
2021-03-20,38701,2281049,25832,1156808,4683,85395,304,13609,61,2064,365,15673,69581,68587.86,3538937,3523264,0
2021-03-21,29289,2310338,19359,1176167,769,86164,229,13838,44,2108,273,15946,49690,68332.43,3588627,3572681,0
2021-03-22,33858,2344196,26739,1202906,4037,90201,268,14106,39,2147,307,16253,64942,69627.29,3653569,3637316,0
2021-03-23,38418,2382614,32849,1235755,4216,94417,301,14407,54,2201,355,16608,75838,71260.86,3729407,3712799,0
2021-03-24,41481,2424095,37614,1273369,4843,99260,338,14745,63,2264,401,17009,84339,73019.29,3813746,3796737,0
2021-03-25,43393,2467488,50789,1324158,5051,104311,488,15233,87,2351,575,17584,99808,75433.86,3913554,3895970,0
2021-03-26,38490,2505978,55496,1379654,4307,108618,546,15779,102,2453,648,18232,98941,77591.29,4012495,3994263,0
2021-03-27,35732,2541710,45742,1425396,2938,111556,430,16209,84,2537,514,18746,84926,79783.43,4097421,4078675,0
2021-03-28,26380,2568090,34455,1459851,1482,113038,341,16550,67,2604,408,19154,62725,81645.57,4160146,4140992,0
2021-03-29,34810,2602900,38858,1498709,3245,116283,356,16906,113,2717,469,19623,77382,83422.71,4237528,4217905,0
2021-03-30,40497,2643397,41924,1540633,3713,119996,348,17254,65,2782,413,20036,86547,84952.57,4324075,4304039,0
2021-03-31,49382,2692779,44868,1585501,7438,127434,416,17670,88,2870,504,20540,102192,87503,4426267,4405727,0
2021-04-01,50768,2743547,53951,1639452,11275,138709,504,18174,87,2957,591,21131,116585,89899.71,4542852,4521721,0
2021-04-02,43751,2787298,53880,1693332,11969,150678,554,18728,71,3028,625,21756,110225,91511.71,4653077,4631321,0
2021-04-03,39239,2826537,39218,1732550,9859,160537,339,19067,61,3089,400,22156,88716,92053.14,4741793,4719637,0
2021-04-04,26551,2853088,24785,1757335,3903,164440,229,19296,50,3139,279,22435,55518,91023.57,4797311,4774876,0
2021-04-05,41869,2894957,34483,1791818,11198,175638,384,19680,60,3199,444,22879,87994,92539.57,4885305,4862426,0
2021-04-06,53252,2948209,35615,1827433,13214,188852,442,20122,79,3278,521,23400,102602,94833.14,4987907,4964507,0
2021-04-07,55486,3003695,40701,1868134,14387,203239,412,20534,83,3361,495,23895,111069,96101.29,5098976,5075081,0
2021-04-08,59245,3062940,46590,1914724,16337,219576,532,21066,86,3447,618,24513,122790,96987.71,5221766,5197253,0
2021-04-09,56631,3119571,44956,1959680,17555,237131,534,21600,77,3524,611,25124,119753,98348.86,5341519,5316395,0
2021-04-10,49338,3168909,35641,1995321,12720,249851,400,22000,62,3586,462,25586,98161,99698.14,5439680,5414094,0
2021-04-11,38173,3207082,28822,2024143,7680,257531,298,22298,60,3646,358,25944,75033,102486,5514713,5488769,0
2021-04-12,46626,3253708,31840,2055983,13500,271031,471,22769,68,3714,539,26483,92505,103130.43,5607218,5580735,0
2021-04-13,52536,3306244,33789,2089772,369,271400,403,23172,65,3779,468,26951,87162,100924.71,5694380,5667429,0
2021-04-14,50123,3356367,39959,2129731,20,271420,370,23542,78,3857,448,27399,90550,97993.43,5784930,5757531,0
2021-04-15,52104,3408471,43686,2173417,16,271436,459,24001,108,3965,567,27966,96374,94219.71,5881304,5853338,0
2021-04-16,51182,3459653,42204,2215621,32,271468,441,24442,71,4036,512,28478,93930,90530.71,5975234,5946756,0
2021-04-17,43832,3503485,35691,2251312,3,271471,371,24813,84,4120,455,28933,79981,87933.57,6055215,6026282,0
2021-04-18,28598,3532083,29362,2280674,7,271478,264,25077,65,4185,329,29262,58296,85542.57,6113511,6084249,0
2021-04-19,37451,3569534,36457,2317131,22,271500,331,25408,66,4251,397,29659,74327,82945.71,6187838,6158179,0
2021-04-20,40803,3610337,39630,2356761,19,271519,317,25725,82,4333,399,30058,80851,82044.14,6268689,6238631,0
2021-04-21,38879,3649216,46024,2402785,16,271535,505,26230,98,4431,603,30661,85522,81325.86,6354211,6323550,0
2021-04-22,38481,3687697,48962,2451747,9,271544,348,26578,79,4510,427,31088,87880,80112.43,6442091,6411003,0
2021-04-23,39686,3727383,44385,2496132,3,271547,357,26935,74,4584,431,31519,84505,78766,6526596,6495077,0
2021-04-24,31929,3759312,41609,2537741,44,271591,281,27216,62,4646,343,31862,73925,77900.86,6600521,6568659,0
2021-04-25,18415,3777727,31227,2568968,87,271678,198,27414,60,4706,258,32120,49987,76713.86,6650508,6618388,0
2021-04-26,26960,3804687,40729,2609697,1012,272690,299,27713,89,4795,388,32508,69089,75965.57,6719597,6687089,0
2021-04-27,28566,3833253,47137,2656834,1699,274389,361,28074,94,4889,455,32963,77857,75537.86,6797454,6764491,0
2021-04-28,27018,3860271,56847,2713681,2144,276533,443,28517,101,4990,544,33507,86553,75685.14,6884007,6850500,0
2021-04-29,28597,3888868,57205,2770886,2149,278682,373,28890,98,5088,471,33978,88422,75762.57,6972429,6938451,0
2021-04-30,30111,3918979,51991,2822877,2057,280739,288,29178,74,5162,362,34340,84522,75765,7056951,7022611,0
2021-05-01,22474,3941453,44538,2867415,1177,281916,236,29414,67,5229,303,34643,68492,74988.86,7125443,7090800,0
2021-05-02,11918,3953371,36650,2904065,1081,282997,148,29562,55,5284,203,34846,49852,74969.57,7175295,7140449,0
2021-05-03,18010,3971381,53030,2957095,2383,285380,259,29821,92,5376,351,35197,73776,75639.14,7249071,7213874,0
2021-05-04,22733,3994114,56651,3013746,2331,287711,269,30090,116,5492,385,35582,82100,76245.29,7331171,7295589,0
2021-05-05,21474,4015588,48758,3062504,2313,290024,315,30405,105,5597,420,36002,72966,74304.29,7404137,7368135,0
2021-05-06,20673,4036261,50177,3112681,2508,292532,278,30683,91,5688,369,36371,73727,72205,7477864,7441493,0
2021-05-07,21239,4057500,52102,3164783,2812,295344,317,31000,79,5767,396,36767,76549,71066,7554413,7517646,0
2021-05-08,16624,4074124,41866,3206649,1835,297179,234,31234,73,5840,307,37074,60632,69943.14,7615045,7577971,0
2021-05-09,7968,4082092,29407,3236056,1260,298439,154,31388,57,5897,211,37285,38846,68370.86,7653891,7616606,0
2021-05-10,14378,4096470,38526,3274582,2356,300795,247,31635,93,5990,340,37625,55600,65774.29,7709491,7671866,0
2021-05-11,19898,4116368,43067,3317649,2514,303309,287,31922,88,6078,375,38000,65854,63453.43,7775345,7737345,0
2021-05-12,17816,4134184,40537,3358186,3595,306904,237,32159,80,6158,317,38317,62265,61924.71,7837610,7799293,0
2021-05-13,24962,4159146,40427,3398613,3229,310133,265,32424,78,6236,343,38660,68961,61243.86,7906571,7867911,0
2021-05-14,27010,4186156,42941,3441554,3536,313669,273,32697,97,6333,370,39030,73857,60859.29,7980428,7941398,0
2021-05-15,23643,4209799,34921,3476475,3364,317033,254,32951,78,6411,332,39362,62260,61091.86,8042688,8003326,0
2021-05-16,15519,4225318,19454,3495929,2496,319529,124,33075,47,6458,171,39533,37640,60919.57,8080328,8040795,0
2021-05-17,22667,4247985,29139,3525068,3253,322782,185,33260,72,6530,257,39790,55316,60879,8135644,8095854,0
2021-05-18,24619,4272604,31915,3556983,3405,326187,240,33500,76,6606,316,40106,60255,60079.14,8195899,8155793,0
2021-05-19,24181,4296785,29725,3586708,3041,329228,230,33730,50,6656,280,40386,57227,59359.43,8253126,8212740,0
2021-05-20,24140,4320925,30106,3616814,3163,332391,268,33998,89,6745,357,40743,57766,57760.14,8310892,8270149,0
2021-05-21,24671,4345596,32003,3648817,3057,335448,249,34247,61,6806,310,41053,60041,55786.43,8370933,8329880,0
2021-05-22,20014,4365610,24369,3673186,2523,337971,167,34414,48,6854,215,41268,47121,53623.71,8418054,8376786,0
2021-05-23,11227,4376837,13733,3686919,1411,339382,94,34508,32,6886,126,41394,26497,52031.86,8444551,8403157,0
2021-05-24,18862,4395699,23161,3710080,2757,342139,219,34727,55,6941,274,41668,45054,50565.86,8489605,8447937,0
2021-05-25,19424,4415123,23386,3733466,2602,344741,173,34900,58,6999,231,41899,45643,48478.43,8535248,8493349,0
2021-05-26,18778,4433901,21092,3754558,2697,347438,203,35103,48,7047,251,42150,42818,46420,8578066,8535916,0
2021-05-27,18459,4452360,21281,3775839,2531,349969,183,35286,60,7107,243,42393,42514,44241.14,8620580,8578187,0
2021-05-28,17854,4470214,22884,3798723,2751,352720,188,35474,58,7165,246,42639,43735,41911.71,8664315,8621676,0
2021-05-29,12704,4482918,17816,3816539,1755,354475,105,35579,40,7205,145,42784,32420,39811.57,8696735,8653951,0
2021-05-30,7026,4489944,8949,3825488,1074,355549,50,35629,17,7222,67,42851,17116,38471.43,8713851,8671000,0
2021-05-31,4740,4494684,6922,3832410,1012,356561,65,35694,17,7239,82,42933,12756,33857.43,8726607,8683674,0
2021-06-01,16048,4510732,25189,3857599,2176,358737,158,35852,44,7283,202,43135,43615,33567.71,8770222,8727087,0
2021-06-02,15352,4526084,20396,3877995,2095,360832,143,35995,47,7330,190,43325,38033,32884.14,8808255,8764930,0
2021-06-03,14999,4541083,23824,3901819,2280,363112,128,36123,46,7376,174,43499,41277,32707.43,8849532,8806033,0
2021-06-04,14712,4555795,26002,3927821,2492,365604,148,36271,42,7418,190,43689,43396,32659,8892928,8849239,0
2021-06-05,10983,4566778,22099,3949920,1806,367410,115,36386,31,7449,146,43835,35034,33032.43,8927962,8884127,0
2021-06-06,6444,4573222,14485,3964405,1222,368632,89,36475,13,7462,102,43937,22253,33766.29,8950215,8906278,0
2021-06-07,11695,4584917,21791,3986196,2378,371010,142,36617,38,7500,180,44117,36044,37093.14,8986259,8942142,0
2021-06-08,12627,4597544,24020,4010216,2070,373080,127,36744,47,7547,174,44291,38891,36418.29,9025150,8980859,0
2021-06-09,11130,4608674,23029,4033245,2299,375379,138,36882,40,7587,178,44469,36636,36218.71,9061786,9017317,0
2021-06-10,12056,4620730,22239,4055484,2462,377841,141,37023,60,7647,201,44670,36958,35601.71,9098744,9054074,0
2021-06-11,12702,4633432,25123,4080607,2483,380324,158,37181,62,7709,220,44890,40528,35192,9139272,9094382,0
2021-06-12,10159,4643591,19320,4099927,1888,382212,94,37275,43,7752,137,45027,31504,34687.71,9170776,9125749,0
2021-06-13,4256,4647847,10932,4110859,1219,383431,42,37317,22,7774,64,45091,16471,33861.71,9187247,9142156,0
2021-06-14,10203,4658050,19238,4130097,2043,385474,129,37446,54,7828,183,45274,31667,33236.43,9218914,9173640,0
2021-06-15,11881,4669931,21018,4151115,1943,387417,133,37579,41,7869,174,45448,35016,32682.86,9253930,9208482,0
2021-06-16,11582,4681513,19406,4170521,1956,389373,147,37726,74,7943,221,45669,33165,32187,9287095,9241426,0
2021-06-17,11019,4692532,18761,4189282,1973,391346,126,37852,35,7978,161,45830,31914,31466.43,9319009,9273179,0
2021-06-18,12168,4704700,18499,4207781,2115,393461,115,37967,36,8014,151,45981,32933,30381.43,9351942,9305961,0
2021-06-19,8493,4713193,13513,4221294,1459,394920,88,38055,21,8035,109,46090,23574,29248.57,9375516,9329426,0
2021-06-20,4335,4717528,7159,4228453,924,395844,36,38091,17,8052,53,46143,12471,28677.14,9387987,9341844,0
2021-06-21,10155,4727683,10013,4238466,1807,397651,69,38160,28,8080,97,46240,22072,27306.43,9410059,9363819,0
2021-06-22,9833,4737516,15647,4254113,1589,399240,104,38264,29,8109,133,46373,27202,26190.14,9437261,9390888,0
2021-06-23,10306,4747822,15189,4269302,1863,401103,102,38366,32,8141,134,46507,27492,25379.71,9464753,9418246,0
2021-06-24,9684,4757506,14701,4284003,1798,402901,121,38487,26,8167,147,46654,26330,24582,9491083,9444429,0
2021-06-25,10584,4768090,14388,4298391,1721,404622,115,38602,38,8205,153,46807,26846,23712.43,9517929,9471122,0
2021-06-26,7798,4775888,10466,4308857,1250,405872,76,38678,24,8229,100,46907,19614,23146.71,9537543,9490636,0
2021-06-27,4999,4780887,6001,4314858,795,406667,34,38712,14,8243,48,46955,11843,23057,9549386,9502431,0
2021-06-28,9033,4789920,10344,4325202,1526,408193,110,38822,26,8269,136,47091,21039,22909.43,9570425,9523334,0
2021-06-29,9733,4799653,12329,4337531,1347,409540,124,38946,32,8301,156,47247,23565,22389.86,9593990,9546743,0
2021-06-30,9429,4809082,10932,4348463,1486,411026,148,39094,17,8318,165,47412,22012,21607,9616002,9568590,0
2021-07-01,9394,4818476,10925,4359388,1434,412460,134,39228,24,8342,158,47570,21911,20975.71,9637913,9590343,0
2021-07-02,9689,4828165,11457,4370845,1541,414001,119,39347,21,8363,140,47710,22828,20401.71,9660741,9613031,0
2021-07-03,7055,4835220,8421,4379266,1192,415193,79,39426,17,8380,96,47806,16764,19994.57,9677505,9629699,0
2021-07-04,1288,4836508,1335,4380601,567,415760,9,39435,3,8383,12,47818,3202,18760.14,9680707,9632889,0
2021-07-05,6492,4843000,7109,4387710,1207,416967,66,39501,22,8405,88,47906,14896,17882.57,9695603,9647697,0
2021-07-06,9508,4852508,12853,4400563,1315,418282,117,39618,38,8443,155,48061,23831,17920.57,9719434,9671373,0
2021-07-07,8664,4861172,11111,4411674,1418,419700,126,39744,20,8463,146,48207,21339,17824.43,9740773,9692566,0
2021-07-08,8218,4869390,10195,4421869,1259,420959,108,39852,22,8485,130,48337,19802,17523.14,9760575,9712238,0
2021-07-09,8373,4877763,10832,4432701,1280,422239,90,39942,20,8505,110,48447,20595,17204.14,9781170,9732723,0
2021-07-10,7103,4884866,8634,4441335,1131,423370,65,40007,21,8526,86,48533,16954,17231.29,9798124,9749591,0
2021-07-11,4105,4888971,4539,4445874,701,424071,36,40043,6,8532,42,48575,9387,18114.86,9807511,9758936,0
2021-07-12,8445,4897416,9560,4455434,1251,425322,84,40127,23,8555,107,48682,19363,18753,9826874,9778192,0
2021-07-13,9461,4906877,9391,4464825,952,426274,110,40237,35,8590,145,48827,19949,18198.43,9846823,9797996,0
2021-07-14,8995,4915872,9534,4474359,1011,427285,106,40343,22,8612,128,48955,19668,17959.71,9866491,9817536,0
2021-07-15,8794,4924666,9155,4483514,1054,428339,80,40423,20,8632,100,49055,19103,17859.86,9885594,9836539,0
2021-07-16,9248,4933914,9761,4493275,981,429320,102,40525,30,8662,132,49187,20122,17792.29,9905716,9856529,0
2021-07-17,6838,4940752,7387,4500662,803,430123,79,40604,20,8682,99,49286,15127,17531.29,9920843,9871557,0
2021-07-18,4253,4945005,4286,4504948,576,430699,35,40639,14,8696,49,49335,9164,17499.43,9930007,9880672,0
2021-07-19,9120,4954125,8480,4513428,999,431698,91,40730,22,8718,113,49448,18712,17406.43,9948719,9899271,0
2021-07-20,10642,4964767,8762,4522190,991,432689,95,40825,26,8744,121,49569,20516,17487.43,9969235,9919666,0
2021-07-21,10056,4974823,8768,4530958,904,433593,148,40973,33,8777,181,49750,19909,17521.86,9989144,9939394,0
2021-07-22,10685,4985508,8584,4539542,1046,434639,146,41119,28,8805,174,49924,20489,17719.86,10009633,9959709,0
2021-07-23,11248,4996756,8884,4548426,1114,435753,138,41257,23,8828,161,50085,21407,17903.43,10031040,9980955,0
2021-07-24,7398,5004154,6739,4555165,670,436423,82,41339,26,8854,108,50193,14915,17873.14,10045955,9995762,0
2021-07-25,5472,5009626,2130,4557295,509,436932,58,41397,5,8859,63,50256,8174,17731.71,10054129,10003873,0
2021-07-26,10868,5020494,7006,4564301,859,437791,111,41508,20,8879,131,50387,18864,17753.43,10072993,10022606,0
2021-07-27,12065,5032559,8571,4572872,857,438648,136,41644,40,8919,176,50563,21669,17918.14,10094662,10044099,0
2021-07-28,12011,5044570,8054,4580926,950,439598,134,41778,28,8947,162,50725,21177,18099.29,10115839,10065114,0
2021-07-29,10931,5055501,7434,4588360,983,440581,134,41912,40,8987,174,50899,19522,17961.14,10135361,10084462,0
2021-07-30,14952,5070453,8015,4596375,1152,441733,184,42096,31,9018,215,51114,24334,18379.29,10159695,10108581,0
2021-07-31,9721,5080174,6320,4602695,815,442548,123,42219,20,9038,143,51257,16999,18677,10176694,10125437,0
2021-08-01,6499,5086673,3313,4606008,564,443112,81,42300,21,9059,102,51359,10478,19006.14,10187172,10135813,0
2021-08-02,13446,5100119,7153,4613161,846,443958,150,42450,20,9079,170,51529,21615,19399.14,10208787,10157258,0
2021-08-03,15406,5115525,8392,4621553,1109,445067,143,42593,39,9118,182,51711,25089,19887.71,10233876,10182165,0
2021-08-04,17261,5132786,8131,4629684,1454,446521,182,42775,35,9153,217,51928,27063,20728.57,10260939,10209011,0
2021-08-05,17885,5150671,7932,4637616,1370,447891,159,42934,21,9174,180,52108,27367,21849.29,10288306,10236198,0
2021-08-06,18178,5168849,8417,4646033,1232,449123,167,43101,32,9206,199,52307,28026,22376.71,10316332,10264025,0
2021-08-07,13380,5182229,6019,4652052,799,449922,101,43202,28,9234,129,52436,20327,22852.14,10336659,10284223,0
2021-08-08,9309,5191538,3834,4655886,400,450322,84,43286,10,9244,94,52530,13637,23303.43,10350296,10297766,0
2021-08-09,21343,5212881,8526,4664412,965,451287,172,43458,35,9279,207,52737,31041,24650,10381337,10328600,0
2021-08-10,18946,5231827,9331,4673743,946,452233,180,43638,33,9312,213,52950,29436,25271,10410773,10357823,0
2021-08-11,15643,5247470,8311,4682054,853,453086,130,43768,46,9358,176,53126,24983,24973.86,10435756,10382630,0
2021-08-12,15054,5262524,8990,4691044,942,454028,175,43943,35,9393,210,53336,25196,24663.71,10460952,10407616,0
2021-08-13,14919,5277443,9293,4700337,919,454947,245,44188,38,9431,283,53619,25415,24290.71,10486367,10432748,0
2021-08-14,10396,5287839,6408,4706745,625,455572,534,44722,41,9472,575,54194,18004,23958.86,10504371,10450177,0
2021-08-15,6689,5294528,4482,4711227,676,456248,568,45290,33,9505,601,54795,12448,23789,10516819,10462024,0
2021-08-16,15710,5310238,9305,4720532,1150,457398,1326,46616,66,9571,1392,56187,27557,23291.29,10544376,10488189,0
2021-08-17,17762,5328000,10458,4730990,1229,458627,1772,48388,85,9656,1857,58044,31306,23558.43,10575682,10517638,0
2021-08-18,17487,5345487,10377,4741367,1260,459887,1998,50386,93,9749,2091,60135,31215,24448.71,10606897,10546762,0
2021-08-19,16286,5361773,9528,4750895,1315,461202,1960,52346,67,9816,2027,62162,29156,25014.43,10636053,10573891,0
2021-08-20,16269,5378042,11539,4762434,1253,462455,1869,54215,86,9902,1955,64117,31016,25814.57,10667069,10602952,0
2021-08-21,11143,5389185,8039,4770473,878,463333,1065,55280,53,9955,1118,65235,21178,26268,10688247,10623012,0
2021-08-22,4077,5393262,3904,4774377,261,463594,517,55797,34,9989,551,65786,8793,25745.86,10697040,10631254,0
2021-08-23,15576,5408838,11809,4786186,1022,464616,1550,57347,76,10065,1626,67412,30034,26099.71,10727074,10659662,0
2021-08-24,16913,5425751,12596,4798782,1007,465623,1775,59122,81,10146,1856,69268,32372,26252,10759446,10690178,0
2021-08-25,14565,5440316,12455,4811237,1112,466735,1567,60689,80,10226,1647,70915,29779,26046.86,10789225,10718310,0
2021-08-26,16145,5456461,14098,4825335,1071,467806,1780,62469,68,10294,1848,72763,33162,26619.14,10822387,10749624,0
2021-08-27,14875,5471336,14825,4840160,971,468777,1675,64144,74,10368,1749,74512,32420,26819.71,10854807,10780295,0
2021-08-28,10675,5482011,11523,4851683,835,469612,1018,65162,45,10413,1063,75575,24096,27236.57,10878903,10803328,0
2021-08-29,7211,5489222,7496,4859179,541,470153,781,65943,58,10471,839,76414,16087,28278.57,10894990,10818576,0
2021-08-30,15517,5504739,16926,4876105,1076,471229,1792,67735,92,10563,1884,78298,35403,29045.57,10930393,10852095,0
2021-08-31,15504,5520243,15959,4892064,952,472181,1978,69713,89,10652,2067,80365,34482,29347,10964875,10884510,0
2021-09-01,14828,5535071,14110,4906174,1020,473201,1812,71525,63,10715,1875,82240,31833,29640.43,10996708,10914468,0
2021-09-02,14313,5549384,12527,4918701,896,474097,1715,73240,62,10777,1777,84017,29513,29119.14,11026221,10942204,0
2021-09-03,14998,5564382,14313,4933014,974,475071,1900,75140,72,10849,1972,85989,32257,29095.86,11058478,10972489,0
2021-09-04,9645,5574027,9405,4942419,688,475759,976,76116,35,10884,1011,87000,20749,28617.71,11079227,10992227,0
2021-09-05,6795,5580822,5513,4947932,438,476197,717,76833,17,10901,734,87734,13480,28245.29,11092707,11004973,0
2021-09-06,5194,5586016,4512,4952444,358,476555,273,77106,11,10912,284,88018,10348,24666,11103055,11015037,0
2021-09-07,15570,5601586,17701,4970145,912,477467,1559,78665,93,11005,1652,89670,35835,24859.29,11138890,11049220,0
2021-09-08,16152,5617738,14829,4984974,1071,478538,1778,80443,84,11089,1862,91532,33914,25156.57,11172804,11081272,0
2021-09-09,16096,5633834,14758,4999732,1047,479585,1921,82364,74,11163,1995,93527,33896,25782.71,11206700,11113173,0
2021-09-10,18358,5652192,15397,5015129,1207,480792,1979,84343,83,11246,2062,95589,37024,26463.71,11243724,11148135,0
2021-09-11,12631,5664823,10350,5025479,958,481750,1029,85372,50,11296,1079,96668,25018,27073.57,11268742,11172074,0
2021-09-12,8535,5673358,5052,5030531,765,482515,693,86065,30,11326,723,97391,15075,27301.43,11283817,11186426,0
2021-09-13,16921,5690279,12965,5043496,976,483491,1660,87725,53,11379,1713,99104,32575,30476.71,11316392,11217288,0
2021-09-14,16264,5706543,13678,5057174,885,484376,1600,89325,57,11436,1657,100761,32484,29998,11348876,11248115,0
2021-09-15,15521,5722064,12888,5070062,727,485103,1575,90900,84,11520,1659,102420,30795,29552.43,11379671,11277251,0
2021-09-16,15330,5737394,13916,5083978,1210,486313,1466,92366,68,11588,1534,103954,31990,29280.14,11411661,11307707,0
2021-09-17,14429,5751823,13959,5097937,922,487235,1840,94206,58,11646,1898,105852,31208,28449.29,11442869,11337017,0
2021-09-18,9990,5761813,10187,5108124,913,488148,1052,95258,42,11688,1094,106946,22184,28044.43,11465053,11358107,0
2021-09-19,6172,5767985,6075,5114199,558,488706,748,96006,28,11716,776,107722,13581,27831,11478634,11370912,0
2021-09-20,12663,5780648,12636,5126835,1068,489774,1926,97932,60,11776,1986,109708,28353,27227.86,11506987,11397279,0
2021-09-21,12219,5792867,12773,5139608,1108,490882,2035,99967,78,11854,2113,111821,28213,26617.71,11535200,11423379,0
2021-09-22,12819,5805686,12002,5151610,1090,491972,1692,101659,69,11923,1761,113582,27672,26171.57,11562872,11449290,0
2021-09-23,14924,5820610,12765,5164375,1639,493611,2271,103930,74,11997,2345,115927,31673,26126.29,11594545,11478618,0
2021-09-24,16436,5837046,13364,5177739,1636,495247,4626,108556,126,12123,4752,120679,36188,26837.71,11630733,11510054,0
2021-09-25,10526,5847572,9027,5186766,1017,496264,3466,112022,80,12203,3546,124225,24116,27113.71,11654849,11530624,0
2021-09-26,6290,5853862,5768,5192534,773,497037,2423,114445,61,12264,2484,126709,15315,27361.43,11670164,11543455,0
2021-09-27,14136,5867998,8059,5200593,1155,498192,9085,123530,161,12425,9246,135955,32597,27967.71,11702761,11566806,0
2021-09-28,11110,5879108,11788,5212381,901,499093,9940,133470,179,12604,10119,146074,33918,28782.71,11736679,11590605,0
2021-09-29,11597,5890705,12194,5224575,1205,500298,9460,142930,170,12774,9630,155704,34627,29776.29,11771306,11615602,0
2021-09-30,12215,5902920,12610,5237185,1338,501636,9762,152692,179,12953,9941,165645,36104,30409.29,11807410,11641765,0
2021-10-01,12626,5915546,13429,5250614,1284,502920,10285,162977,151,13104,10436,176081,37775,30636,11845185,11669104,0
2021-10-02,7719,5923265,9979,5260593,865,503785,4247,167224,80,13184,4327,180408,22890,30460.86,11868075,11687667,0
2021-10-03,5060,5928325,6157,5266750,593,504378,2623,169847,59,13243,2682,183090,14492,30343.29,11882567,11699477,0
2021-10-04,9902,5938227,11019,5277769,914,505292,9536,179383,147,13390,9683,192773,31518,30189.14,11914085,11721312,0
2021-10-05,10136,5948363,11737,5289506,972,506264,9960,189343,179,13569,10139,202912,32984,30055.71,11947069,11744157,0
2021-10-06,9881,5958244,11052,5300558,936,507200,9945,199288,160,13729,10105,213017,31974,29676.71,11979043,11766026,0
2021-10-07,9598,5967842,12157,5312715,850,508050,10187,209475,173,13902,10360,223377,32965,29228.29,12012008,11788631,0
2021-10-08,9433,5977275,12184,5324899,941,508991,10918,220393,166,14068,11084,234461,33642,28637.86,12045650,11811189,0
2021-10-09,6233,5983508,8238,5333137,643,509634,4128,224521,89,14157,4217,238678,19331,28129.43,12064981,11826303,0
2021-10-10,3529,5987037,5030,5338167,458,510092,2440,226961,47,14204,2487,241165,11504,27702.57,12076485,11835320,0
2021-10-11,7603,5994640,9336,5347503,728,510820,8898,235859,164,14368,9062,250227,26729,27018.43,12103214,11852987,0
2021-10-12,8057,6002697,10996,5358499,891,511711,10526,246385,185,14553,10711,260938,30655,26685.71,12133869,11872931,0
2021-10-13,7136,6009833,10150,5368649,869,512580,8811,255196,179,14732,8990,269928,27145,25995.86,12161014,11891086,0
2021-10-14,7410,6017243,11121,5379770,837,513417,10132,265328,163,14895,10295,280223,29663,25524.14,12190677,11910454,0
2021-10-15,7708,6024951,11858,5391628,823,514240,10859,276187,172,15067,11031,291254,31420,25206.71,12222097,11930843,0
2021-10-16,4859,6029810,7469,5399097,666,514906,3847,280034,66,15133,3913,295167,16907,24860.43,12239004,11943837,0
2021-10-17,3051,6032861,4473,5403570,411,515317,2456,282490,44,15177,2500,297667,10435,24707.71,12249439,11951772,0
2021-10-18,7026,6039887,10669,5414239,796,516113,9494,291984,184,15361,9678,307345,28169,24913.43,12277608,11970263,0
2021-10-19,6556,6046443,8946,5423185,804,516917,9102,301086,174,15535,9276,316621,25582,24188.71,12303190,11986569,0
2021-10-20,6523,6052966,9370,5432555,975,517892,9999,311085,178,15713,10177,326798,27045,24174.43,12330235,12003437,0
2021-10-21,7013,6059979,9386,5441941,858,518750,10860,321945,160,15873,11020,337818,28277,23976.43,12358512,12020694,0
2021-10-22,8095,6068074,10344,5452285,1026,519776,16365,338310,222,16095,16587,354405,36052,24638.14,12394564,12040159,0
2021-10-23,5155,6073229,6457,5458742,690,520466,9133,347443,118,16213,9251,363656,21553,25301.86,12416117,12052461,0
2021-10-24,3254,6076483,3966,5462708,769,521235,6175,353618,78,16291,6253,369909,14242,25845.71,12430359,12060450,0
2021-10-25,8721,6085204,8745,5471453,1150,522385,19282,372900,300,16591,19582,389491,38198,27278.43,12468557,12079066,0
2021-10-26,8165,6093369,7724,5479177,1258,523643,17311,390211,271,16862,17582,407073,34729,28585.14,12503286,12096213,0
2021-10-27,10515,6103884,8395,5487572,1605,525248,20890,411101,322,17184,21212,428285,41727,30682.57,12545013,12116728,0
2021-10-28,11275,6115159,8030,5495602,1794,527042,20893,431994,324,17508,21217,449502,42316,32688.14,12587329,12137827,0
2021-10-29,11820,6126979,8231,5503833,1962,529004,22574,454568,341,17849,22915,472417,44929,33956.29,12632258,12159841,0
2021-10-30,4606,6131585,5064,5508897,930,529934,11193,465761,168,18017,11361,483778,21961,34014.57,12654219,12170441,0
2021-10-31,2649,6134234,2698,5511595,544,530478,6649,472410,104,18121,6753,490531,12644,33786.29,12666863,12176332,0
2021-11-01,7088,6141322,6954,5518549,1087,531565,20423,492833,332,18453,20755,511286,35884,33455.71,12702747,12191461,0
2021-11-02,6538,6147860,6586,5525135,1055,532620,20813,513646,278,18731,21091,532377,35270,33533,12738017,12205640,0
2021-11-03,6810,6154670,6679,5531814,1026,533646,20669,534315,312,19043,20981,553358,35498,32643.14,12773515,12220157,0
2021-11-04,9268,6163938,6277,5538091,995,534641,22410,556725,344,19387,22754,576112,39294,32211.43,12812809,12236697,0
2021-11-05,11012,6174950,6719,5544810,1051,535692,23800,580525,354,19741,24154,600266,42936,31926.71,12855745,12255479,0
2021-11-06,11108,6186058,4048,5548858,594,536286,12612,593137,172,19913,12784,613050,28534,32865.71,12884279,12271229,0
2021-11-07,7230,6193288,2287,5551145,577,536863,7121,600258,98,20011,7219,620269,17313,33532.71,12901592,12281323,0
2021-11-08,15026,6208314,5677,5556822,863,537726,19543,619801,280,20291,19823,640092,41389,34319.14,12942981,12302889,0
2021-11-09,16113,6224427,5387,5562209,659,538385,20549,640350,276,20567,20825,660917,42984,35421.14,12985965,12325048,0
2021-11-10,16882,6241309,5320,5567529,682,539067,22701,663051,292,20859,22993,683910,45877,36903.86,13031842,12347932,0
2021-11-11,12519,6253828,5179,5572708,759,539826,22131,685182,290,21149,22421,706331,40878,37130.14,13072720,12366389,0
2021-11-12,16888,6270716,5687,5578395,705,540531,23459,708641,356,21505,23815,730146,47095,37724.29,13119815,12389669,0
2021-11-13,9907,6280623,3662,5582057,463,540994,13357,721998,184,21689,13541,743687,27573,37587,13147388,12403701,0
2021-11-14,5985,6286608,2287,5584344,324,541318,7954,729952,79,21768,8033,751720,16629,37489.29,13164017,12412297,0
2021-11-15,13192,6299800,5973,5590317,690,542008,25158,755110,367,22135,25525,777245,45380,38059.43,13209397,12432152,0
2021-11-16,9908,6309708,5779,5596096,653,542661,30720,785830,435,22570,31155,808400,47496,38704,13256893,12448493,0
2021-11-17,10238,6319946,6668,5602764,681,543342,31498,817328,420,22990,31918,840318,49505,39222.29,13306398,12466080,0
2021-11-18,10658,6330604,6530,5609294,855,544197,33093,850421,458,23448,33551,873869,51594,40753.14,13357992,12484123,0
2021-11-19,11935,6342539,6551,5615845,710,544907,36330,886751,461,23909,36791,910660,55987,42023.43,13413979,12503319,0
2021-11-20,9278,6351817,3415,5619260,513,545420,22562,909313,259,24168,22821,933481,36027,43231.14,13450006,12516525,0
2021-11-21,4907,6356724,1887,5621147,288,545708,13241,922554,152,24320,13393,946874,20475,43780.57,13470481,12523607,0
2021-11-22,10356,6367080,5779,5626926,750,546458,36006,958560,443,24763,36449,983323,53335,44917,13523816,12540493,0
2021-11-23,9719,6376799,4783,5631709,633,547091,33597,992157,377,25140,33974,1017297,49110,45147.57,13572926,12555629,0
2021-11-24,8638,6385437,4749,5636458,648,547739,25988,1018145,286,25426,26274,1043571,40309,43833.86,13613235,12569664,0
2021-11-25,447,6385884,328,5636786,80,547819,1003,1019148,9,25435,1012,1044583,1867,36730,13615102,12570519,0
2021-11-26,8018,6393902,6992,5643778,528,548347,26630,1045778,305,25740,26935,1071518,42473,34799.43,13657575,12586057,0
2021-11-27,6646,6400548,6831,5650609,370,548717,18887,1064665,225,25965,19112,1090630,32960,34361.29,13690535,12599905,0
2021-11-28,4048,6404596,5788,5656397,281,548998,11928,1076593,122,26087,12050,1102680,22167,34603,13712702,12610022,0
2021-11-29,9038,6413634,11004,5667401,685,549683,35135,1111728,448,26535,35583,1138263,56310,35028,13769012,12630749,0
2021-11-30,10432,6424066,11444,5678845,512,550195,37873,1149601,496,27031,38369,1176632,60757,36691.86,13829769,12653137,0
2021-12-01,11102,6435168,10987,5689832,724,550919,40445,1190046,443,27474,40888,1217520,63702,40033.71,13893471,12675951,0
2021-12-02,11588,6446756,11043,5700875,624,551543,42267,1232313,453,27927,42720,1260240,65975,49192,13959446,12699206,0
2021-12-03,13395,6460151,12901,5713776,670,552213,48053,1280366,521,28448,48574,1308814,75540,53915.86,14034986,12726172,0
2021-12-04,9788,6469939,11292,5725068,564,552777,30749,1311115,306,28754,31055,1339869,52699,56735.71,14087685,12747816,0
2021-12-05,5715,6475654,5705,5730773,270,553047,16694,1327809,132,28886,16826,1356695,28516,57642.71,14116201,12759506,0
2021-12-06,12265,6487919,9987,5740760,599,553646,43362,1371171,454,29340,43816,1400511,66667,59122.29,14182868,12782357,0
2021-12-07,12513,6500432,9255,5750015,623,554269,43157,1414328,509,29849,43666,1444177,66057,59879.43,14248925,12804748,0
2021-12-08,13451,6513883,8774,5758789,555,554824,40904,1455232,481,30330,41385,1485562,64165,59945.57,14313090,12827528,0
2021-12-09,13415,6527298,8756,5767545,554,555378,40931,1496163,492,30822,41423,1526985,64148,59684.57,14377238,12850253,0
2021-12-10,13969,6541267,10152,5777697,668,556046,43770,1539933,501,31323,44271,1571256,69060,58758.86,14446298,12875042,0
2021-12-11,10220,6551487,8131,5785828,405,556451,26751,1566684,285,31608,27036,1598292,45793,57772.29,14492091,12893799,0
2021-12-12,5988,6557475,3858,5789686,287,556738,15193,1581877,136,31744,15329,1613621,25462,57336,14517553,12903932,0
2021-12-13,12150,6569625,7432,5797118,655,557393,37996,1619873,401,32145,38397,1652018,58634,56188.43,14576187,12924169,0
2021-12-14,12181,6581806,6950,5804068,730,558123,38250,1658123,441,32586,38691,1690709,58552,55116.29,14634739,12944030,0
2021-12-15,12034,6593840,6248,5810316,756,558879,38234,1696357,491,33077,38725,1729434,57764,54201.86,14692503,12963069,0
2021-12-16,13115,6606955,4266,5814582,739,559618,41217,1737574,463,33540,41680,1771114,59800,53580.71,14752303,12981189,0
2021-12-17,15887,6622842,6938,5821520,618,560236,46894,1784468,481,34021,47375,1818489,70818,53831.86,14823121,13004632,0
2021-12-18,12968,6635810,5722,5827242,432,560668,30663,1815131,275,34296,30938,1849427,50060,54441.43,14873181,13023754,0
2021-12-19,6982,6642792,2994,5830236,326,560994,18041,1833172,174,34470,18215,1867642,28517,54877.86,14901698,13034056,0
2021-12-20,16781,6659573,5857,5836093,745,561739,47582,1880754,570,35040,48152,1915794,71535,56720.86,14973233,13057439,0
2021-12-21,17908,6677481,6575,5842668,804,562543,49006,1929760,591,35631,49597,1965391,74884,59054,15048117,13082726,0
2021-12-22,18504,6695985,6557,5849225,937,563480,49816,1979576,532,36163,50348,2015739,76346,61708.57,15124463,13108724,0
2021-12-23,18980,6714965,6487,5855712,930,564410,45968,2025544,529,36692,46497,2062236,72894,63579.14,15197357,13135121,0
2021-12-24,9201,6724166,2952,5858664,598,565008,20638,2046182,213,36905,20851,2083087,33602,58262.57,15230959,13147872,0
2021-12-25,344,6724510,63,5858727,31,565039,427,2046609,8,36913,435,2083522,873,51235.86,15231832,13148310,0
2021-12-26,7938,6732448,3929,5862656,340,565379,17304,2063913,175,37088,17479,2101001,29686,51402.86,15261518,13160517,0
2021-12-27,21728,6754176,9205,5871861,932,566311,43525,2107438,559,37647,44084,2145085,75949,52033.43,15337467,13192382,0
2021-12-28,20089,6774265,8341,5880202,702,567013,47653,2155091,623,38270,48276,2193361,77408,52394,15414875,13221514,0
2021-12-29,18452,6792717,7669,5887871,607,567620,45643,2200734,492,38762,46135,2239496,72863,51896.43,15487738,13248242,0
2021-12-30,16846,6809563,7427,5895298,588,568208,44917,2245651,587,39349,45504,2285000,70365,51535.14,15558103,13273103,0
2021-12-31,5344,6814907,2810,5898108,193,568401,14786,2260437,186,39535,14972,2299972,23319,50066.14,15581422,13281450,0
2022-01-01,244,6815151,147,5898255,12,568413,502,2260939,22,39557,524,2300496,927,50073.86,15582349,13281853,0
2022-01-02,6418,6821569,5023,5903278,153,568566,10992,2271931,111,39668,11103,2311599,22697,49075.43,15605046,13293447,0
2022-01-03,14105,6835674,8505,5911783,513,569079,27006,2298937,347,40015,27353,2338952,50476,45436.43,15655522,13316570,0
2022-01-04,12793,6848467,8128,5919911,415,569494,27292,2326229,367,40382,27659,2366611,48995,41377.43,15704517,13337906,0
2022-01-05,11300,6859767,7022,5926933,382,569876,26017,2352246,314,40696,26331,2392942,45035,37402,15749552,13356610,0
2022-01-06,11326,6871093,7396,5934329,483,570359,27661,2379907,348,41044,28009,2420951,47214,34094.71,15796766,13375815,0
2022-01-07,10147,6881240,8455,5942784,339,570698,25211,2405118,324,41368,25535,2446486,44477,37117.29,15841243,13394757,0
2022-01-08,7661,6888901,8590,5951374,311,571009,19625,2424743,184,41552,19809,2466295,36372,42180.86,15877615,13411320,0
2022-01-09,4112,6893013,3841,5955215,214,571223,10082,2434825,95,41647,10177,2476472,18344,41559,15895959,13419487,0
2022-01-10,10147,6903160,8192,5963407,490,571713,24638,2459463,306,41953,24944,2501416,43773,40601.43,15939732,13438316,0
2022-01-11,8853,6912013,7989,5971396,521,572234,21058,2480521,293,42246,21351,2522767,38716,39133,15978448,13455681,0
2022-01-12,8913,6920926,8330,5979726,427,572661,22385,2502906,286,42532,22671,2545438,40341,38462.43,16018789,13473351,0
2022-01-13,9005,6929931,8868,5988594,451,573112,22931,2525837,323,42855,23254,2568692,41579,37657.43,16060368,13491676,0
2022-01-14,10077,6940008,8127,5996721,475,573587,26466,2552303,334,43189,26800,2595492,45479,37800.57,16105847,13510355,0
2022-01-15,6192,6946200,4310,6001031,178,573765,15160,2567463,179,43368,15339,2610831,26019,36321.57,16131866,13521035,0
2022-01-16,2902,6949102,3248,6004279,95,573860,7837,2575300,87,43455,7924,2618755,14169,35725.14,16146035,13527280,0
2022-01-17,6039,6955141,6751,6011030,363,574223,14711,2590011,221,43676,14932,2633687,28085,33484,16174120,13540433,0
2022-01-18,8134,6963275,10322,6021352,394,574617,19700,2609711,319,43995,20019,2653706,38869,33505.86,16212989,13559283,0
2022-01-19,7428,6970703,9254,6030606,303,574920,17735,2627446,281,44276,18016,2671722,35002,32743.14,16247991,13576269,0
2022-01-20,6244,6976947,8561,6039167,305,575225,15289,2642735,252,44528,15541,2687263,30651,31182,16278642,13591379,0
2022-01-21,7536,6984483,7512,6046679,276,575501,18530,2661265,293,44821,18823,2706086,34147,29563.14,16312789,13606703,0
2022-01-22,5175,6989658,4936,6051615,131,575632,11334,2672599,131,44952,11465,2717551,21707,28947.14,16334496,13616945,0
2022-01-23,2793,6992451,3329,6054944,97,575729,6245,2678844,77,45029,6322,2723873,12541,28714.57,16347037,13623164,0
2022-01-24,6343,6998794,8204,6063148,262,575991,15093,2693937,243,45272,15336,2739209,30145,29008.86,16377182,13637973,0
2022-01-25,6162,7004956,7948,6071096,231,576222,14718,2708655,263,45535,14981,2754190,29322,27645,16406504,13652314,0
2022-01-26,5732,7010688,7182,6078278,289,576511,14027,2722682,214,45749,14241,2768431,27444,26565.29,16433948,13665517,0
2022-01-27,5234,7015922,7093,6085371,320,576831,14102,2736784,237,45986,14339,2782770,26986,26041.71,16460934,13678164,0
2022-01-28,6235,7022157,7879,6093250,203,577034,16145,2752929,240,46226,16385,2799155,30702,25549.57,16491636,13692481,0
2022-01-29,838,7022995,729,6093979,28,577062,2540,2755469,40,46266,2580,2801735,4175,23045,16495811,13694076,0
2022-01-30,2081,7025076,3023,6097002,103,577165,4551,2760020,62,46328,4613,2806348,9820,22656.29,16505631,13699283,0
2022-01-31,4987,7030063,6594,6103596,220,577385,11406,2771426,200,46528,11606,2817954,23407,21693.71,16529038,13711084,0
2022-02-01,4813,7034876,6448,6110044,220,577605,10728,2782154,221,46749,10949,2828903,22430,20709.14,16551468,13722565,0
2022-02-02,4251,7039127,5940,6115984,212,577817,11253,2793407,244,46993,11497,2840400,21900,19917.14,16573368,13732968,0
2022-02-03,4206,7043333,5818,6121802,216,578033,11235,2804642,201,47194,11436,2851836,21676,19158.57,16595044,13743208,0
2022-02-04,4744,7048077,7119,6128921,214,578247,13235,2817877,240,47434,13475,2865311,25552,18422.86,16620596,13755285,0
2022-02-05,3562,7051639,6052,6134973,110,578357,8588,2826465,156,47590,8744,2874055,18468,20464.71,16639064,13765009,0
2022-02-06,2057,7053696,2138,6137111,120,578477,4644,2831109,105,47695,4749,2878804,9065,20356.86,16648129,13769325,0
2022-02-07,4136,7057832,4739,6141850,205,578682,10146,2841255,234,47929,10380,2889184,19460,19793,16667589,13778405,0
2022-02-08,4202,7062034,5609,6147459,214,578896,11340,2852595,306,48235,11646,2900830,21671,19684.57,16689260,13788430,0
2022-02-09,4117,7066151,5405,6152864,222,579118,11674,2864269,260,48495,11934,2912764,21678,19652.86,16710938,13798174,0
2022-02-10,3974,7070125,5126,6157990,244,579362,12207,2876476,289,48784,12496,2925260,21840,19676.29,16732778,13807518,0
2022-02-11,4499,7074624,5812,6163802,195,579557,13744,2890220,325,49109,14069,2939329,24575,19536.71,16757353,13818024,0
2022-02-12,3246,7077870,4344,6168146,97,579654,8816,2899036,216,49325,9032,2948361,16719,19286.86,16774072,13825711,0
2022-02-13,1513,7079383,1543,6169689,41,579695,4887,2903923,112,49437,4999,2953360,8096,19148.43,16782168,13828808,0
2022-02-14,2971,7082354,3623,6173312,167,579862,10582,2914505,325,49762,10907,2964267,17668,18892.43,16799836,13835569,0
2022-02-15,3532,7085886,4078,6177390,173,580035,12798,2927303,286,50048,13084,2977351,20867,18777.57,16820703,13843352,0
2022-02-16,3634,7089520,3907,6181297,200,580235,15742,2943045,299,50347,16041,2993392,23782,19078.14,16844485,13851093,0
2022-02-17,4056,7093576,4083,6185380,161,580396,18351,2961396,366,50713,18717,3012109,27017,19817.71,16871502,13859393,0
2022-02-18,4442,7098018,4788,6190168,190,580586,21553,2982949,461,51174,22014,3034123,31434,20797.57,16902936,13868813,0
2022-02-19,3244,7101262,2184,6192352,65,580651,11192,2994141,217,51391,11409,3045532,16902,20823.71,16919838,13874306,0
2022-02-20,1846,7103108,1446,6193798,59,580710,6592,3000733,116,51507,6708,3052240,10059,21104.14,16929897,13877657,0
2022-02-21,3078,7106186,2695,6196493,95,580805,8354,3009087,234,51741,8588,3060828,14456,20645.29,16944353,13883525,0
2022-02-22,4364,7110550,4257,6200750,174,580979,10844,3019931,254,51995,11098,3071926,19893,20506.14,16964246,13892320,0
2022-02-23,4247,7114797,3793,6204543,145,581124,10674,3030605,246,52241,10920,3082846,19105,19838,16983351,13900505,0
2022-02-24,3785,7118582,3660,6208203,108,581232,10201,3040806,231,52472,10432,3093278,17985,18547.71,17001336,13908058,0
2022-02-25,3602,7122184,3635,6211838,135,581367,9988,3050794,243,52715,10231,3103509,17603,16571.86,17018939,13915430,0
2022-02-26,2824,7125008,2582,6214420,74,581441,9526,3060320,157,52872,9683,3113192,15163,16323.43,17034102,13920910,0
2022-02-27,1766,7126774,1373,6215793,52,581493,6271,3066591,103,52975,6374,3119566,9565,16252.86,17043667,13924101,0
2022-02-28,3778,7130552,3138,6218931,141,581634,13146,3079737,252,53227,13398,3132964,20455,17109.86,17064122,13931158,0
2022-03-01,2119,7132671,2631,6221562,103,581737,5189,3084926,187,53414,5376,3138340,10229,15729.29,17074351,13936011,0
2022-03-02,1829,7134500,2445,6224007,107,581844,4144,3089070,210,53624,4354,3142694,8735,14247.86,17083086,13940392,0
2022-03-03,1931,7136431,2560,6226567,106,581950,3802,3092872,171,53795,3973,3146667,8570,12902.86,17091656,13944989,0
2022-03-04,2119,7138550,2878,6229445,66,582016,4331,3097203,209,54004,4540,3151207,9603,11760,17101259,13950052,0
2022-03-05,1611,7140161,2123,6231568,43,582059,3318,3100521,119,54123,3437,3154644,7214,10624.43,17108473,13953829,0
2022-03-06,797,7140958,880,6232448,30,582089,1623,3102144,55,54178,1678,3156322,3385,9741.57,17111858,13955536,0
2022-03-07,1660,7142618,1787,6234235,87,582176,3505,3105649,160,54338,3665,3159987,7199,7847.86,17119057,13959070,0
2022-03-08,1548,7144166,1896,6236131,79,582255,3127,3108776,153,54491,3280,3163267,6803,7358.43,17125860,13962593,0
2022-03-09,1262,7145428,1681,6237812,80,582335,2596,3111372,129,54620,2725,3165992,5748,6931.71,17131608,13965616,0
2022-03-10,1412,7146840,2099,6239911,85,582420,2969,3114341,164,54784,3133,3169125,6729,6668.71,17138337,13969212,0
2022-03-11,1593,7148433,2276,6242187,81,582501,3214,3117555,190,54974,3404,3172529,7354,6347.43,17145691,13973162,0
2022-03-12,876,7149309,1416,6243603,42,582543,2010,3119565,75,55049,2085,3174614,4419,5948.14,17150110,13975496,0
2022-03-13,625,7149934,756,6244359,28,582571,1293,3120858,47,55096,1340,3175954,2749,5857.29,17152859,13976905,0
2022-03-14,1364,7151298,1612,6245971,83,582654,2994,3123852,208,55304,3202,3179156,6261,5723.29,17159120,13979964,0
2022-03-15,1354,7152652,1926,6247897,63,582717,3072,3126924,233,55537,3305,3182461,6648,5701.14,17165768,13983307,0
2022-03-16,1397,7154049,2062,6249959,94,582811,3145,3130069,295,55832,3440,3185901,6993,5879,17172761,13986860,0
2022-03-17,1193,7155242,1808,6251767,71,582882,2763,3132832,268,56100,3031,3188932,6103,5789.57,17178864,13989932,0
2022-03-18,1588,7156830,2217,6253984,79,582961,3775,3136607,419,56519,4194,3193126,8078,5893,17186942,13993816,0
2022-03-19,1106,7157936,1736,6255720,54,583015,2606,3139213,229,56748,2835,3195961,5731,6080.43,17192673,13996712,0
2022-03-20,607,7158543,630,6256350,33,583048,1468,3140681,186,56934,1654,3197615,2924,6105.43,17195597,13997982,0
2022-03-21,1417,7159960,1556,6257906,73,583121,3060,3143741,360,57294,3420,3201035,6466,6134.71,17202063,14001028,0
2022-03-22,1345,7161305,1554,6259460,101,583222,2905,3146646,346,57640,3251,3204286,6251,6078,17208314,14004028,0
2022-03-23,1258,7162563,1360,6260820,66,583288,2921,3149567,375,58015,3296,3207582,5980,5933.29,17214294,14006712,0
2022-03-24,1211,7163774,1299,6262119,90,583378,2521,3152088,271,58286,2792,3210374,5392,5831.71,17219686,14009312,0
2022-03-25,1381,7165155,1634,6263753,62,583440,3267,3155355,383,58669,3650,3214024,6727,5638.71,17226413,14012389,0
2022-03-26,926,7166081,1165,6264918,36,583476,2308,3157663,251,58920,2559,3216583,4686,5489.43,17231099,14014516,0
2022-03-27,574,7166655,528,6265446,29,583505,1315,3158978,202,59122,1517,3218100,2648,5450,17233747,14015647,0
2022-03-28,1079,7167734,1168,6266614,69,583574,2440,3161418,365,59487,2805,3220905,5121,5257.86,17238868,14017963,0
2022-03-29,1049,7168783,1103,6267717,85,583659,2513,3163931,885,60372,3398,3224303,5635,5169.86,17244503,14020200,0
2022-03-30,1240,7170023,1138,6268855,99,583758,3062,3166993,3413,63785,6475,3230778,8952,5594.43,17253455,14022677,0
2022-03-31,1277,7171300,1249,6270104,57,583815,3166,3170159,5523,69308,8689,3239467,11273,6434.57,17264728,14025261,0
2022-04-01,1421,7172721,1488,6271592,76,583891,3244,3173403,6918,76226,10162,3249629,13147,7351.71,17277875,14028246,0
2022-04-02,908,7173629,909,6272501,33,583924,2088,3175491,4537,80763,6625,3256254,8475,7893,17286350,14030096,0
2022-04-03,554,7174183,493,6272994,28,583952,1220,3176711,3059,83822,4279,3260533,5354,8279.57,17291704,14031171,0
2022-04-04,1349,7175532,1305,6274299,61,584013,2721,3179432,7715,91537,10436,3270969,13151,9426.71,17304855,14033886,0
2022-04-05,1294,7176826,1155,6275454,66,584079,2844,3182276,7498,99035,10342,3281311,12857,10458.43,17317712,14036401,0
2022-04-06,1335,7178161,1175,6276629,61,584140,2623,3184899,6966,106001,9589,3290900,12160,10916.71,17329872,14038972,0
2022-04-07,1207,7179368,1062,6277691,57,584197,2374,3187273,6623,112624,8997,3299897,11323,10923.86,17341195,14041298,0
2022-04-08,1478,7180846,1406,6279097,61,584258,3163,3190436,8795,121419,11958,3311855,14903,11174.71,17356098,14044243,0
2022-04-09,911,7181757,926,6280023,29,584287,2079,3192515,4952,126371,7031,3318886,8897,11235,17364995,14046109,0
2022-04-10,578,7182335,460,6280483,25,584312,1168,3193683,2901,129272,4069,3322955,5132,11203.29,17370127,14047172,0
2022-04-11,1307,7183642,1227,6281710,61,584373,2655,3196338,7838,137110,10493,3333448,13088,11194.29,17383215,14049767,0
2022-04-12,1213,7184855,1057,6282767,73,584446,2521,3198859,7446,144556,9967,3343415,12310,11116.14,17395525,14052110,0
2022-04-13,1231,7186086,1074,6283841,60,584506,2512,3201371,7546,152102,10058,3353473,12423,11153.71,17407948,14054475,0
2022-04-14,1262,7187348,1096,6284937,59,584565,2443,3203814,6589,158691,9032,3362505,11449,11171.71,17419397,14056892,0
2022-04-15,1333,7188681,1095,6286032,53,584618,2560,3206374,6632,165323,9192,3371697,11673,10710.29,17431070,14059373,0
2022-04-16,855,7189536,652,6286684,34,584652,1643,3208017,3688,169011,5331,3377028,6872,10421,17437942,14060914,0
2022-04-17,345,7189881,201,6286885,27,584679,638,3208655,1157,170168,1795,3378823,2368,10026.14,17440310,14061487,0
2022-04-18,1385,7191266,1115,6288000,82,584761,2583,3211238,6411,176579,8994,3387817,11576,9810.14,17451886,14064069,0
2022-04-19,1414,7192680,935,6288935,71,584832,2578,3213816,5756,182335,8334,3396151,10754,9587.86,17462640,14066489,0
2022-04-20,1305,7193985,1153,6290088,65,584897,2707,3216523,6641,188976,9348,3405499,11871,9509,17474511,14069012,0
2022-04-21,1226,7195211,1065,6291153,53,584950,2338,3218861,5394,194370,7732,3413231,10076,9312.86,17484587,14071356,0
2022-04-22,1237,7196448,1040,6292193,46,584996,2240,3221101,5777,200147,8017,3421248,10341,9122.57,17494928,14073680,0
2022-04-23,712,7197160,749,6292942,59,585055,1428,3222529,3352,203499,4780,3426028,6300,9040.86,17501228,14075200,0
2022-04-24,441,7197601,336,6293278,27,585082,808,3223337,1819,205318,2627,3428655,3431,9192.71,17504659,14076004,0
2022-04-25,1036,7198637,913,6294191,64,585146,1852,3225189,5092,210410,6944,3435599,8957,8818.57,17513616,14078017,0
2022-04-26,948,7199585,858,6295049,76,585222,1748,3226937,4694,215104,6442,3442041,8324,8471.43,17521940,14079899,0
2022-04-27,1037,7200622,1022,6296071,80,585302,1926,3228863,5213,220317,7139,3449180,9278,8101,17531218,14082038,0
2022-04-28,1082,7201704,988,6297059,50,585352,2003,3230866,4739,225056,6742,3455922,8862,7927.57,17540080,14084158,0
2022-04-29,1178,7202882,1097,6298156,60,585412,2159,3233025,5423,230479,7582,3463504,9917,7867,17549997,14086493,0
2022-04-30,725,7203607,743,6298899,50,585462,1391,3234416,2967,233446,4358,3467862,5876,7806.43,17555873,14088011,0
2022-05-01,445,7204052,366,6299265,20,585482,766,3235182,1655,235101,2421,3470283,3252,7780.86,17559125,14088842,0
2022-05-02,1048,7205100,790,6300055,52,585534,1676,3236858,3817,238918,5493,3475776,7383,7556,17566508,14090732,0
2022-05-03,1118,7206218,863,6300918,61,585595,1994,3238852,4872,243790,6866,3482642,8908,7639.43,17575416,14092774,0
2022-05-04,1008,7207226,884,6301802,48,585643,1923,3240775,4675,248465,6598,3489240,8538,7533.71,17583954,14094714,0
2022-05-05,1073,7208299,955,6302757,87,585730,1928,3242703,4879,253344,6807,3496047,8922,7542.29,17592876,14096829,0
2022-05-06,1093,7209392,955,6303712,51,585781,1858,3244561,4402,257746,6260,3502307,8359,7319.71,17601235,14098928,0
2022-05-07,661,7210053,589,6304301,32,585813,1202,3245763,2432,260178,3634,3505941,4916,7182.57,17606151,14100210,0
2022-05-08,412,7210465,244,6304545,17,585830,666,3246429,1386,261564,2052,3507993,2725,7107.29,17608876,14100883,0
2022-05-09,1079,7211544,945,6305490,60,585890,1892,3248321,4430,265994,6322,3514315,8406,7253.43,17617282,14102967,0
2022-05-10,1097,7212641,929,6306419,54,585944,1982,3250303,4716,270710,6698,3521013,8778,7234.86,17626060,14105047,0
2022-05-11,1086,7213727,973,6307392,44,585988,1943,3252246,4840,275550,6783,3527796,8886,7284.57,17634946,14107150,0
2022-05-12,1103,7214830,951,6308343,60,586048,2001,3254247,4663,280213,6664,3534460,8778,7264,17643724,14109264,0
2022-05-13,1159,7215989,1041,6309384,44,586092,2067,3256314,4800,285013,6867,3541327,9111,7371.43,17652835,14111508,0
2022-05-14,828,7216817,669,6310053,31,586123,1466,3257780,2950,287963,4416,3545743,5944,7518.29,17658779,14113036,0
2022-05-15,510,7217327,357,6310410,22,586145,923,3258703,1646,289609,2569,3548312,3458,7623,17662237,14113925,0
2022-05-16,1228,7218555,856,6311266,62,586207,1830,3260533,3863,293472,5693,3554005,7839,7542,17670076,14116071,0
2022-05-17,1289,7219844,932,6312198,79,586286,2044,3262577,4892,298364,6936,3560941,9236,7607.43,17679312,14118371,0
2022-05-18,1242,7221086,900,6313098,82,586368,2061,3264638,4936,303300,6997,3567938,9221,7655.29,17688533,14120595,0
2022-05-19,1162,7222248,881,6313979,36,586404,2116,3266754,4728,308028,6844,3574782,8923,7676,17697456,14122674,0
2022-05-20,1196,7223444,966,6314945,73,586477,2372,3269126,5201,313229,7573,3582355,9810,7775.86,17707266,14124911,0
2022-05-21,834,7224278,646,6315591,23,586500,1719,3270845,3304,316533,5023,3587378,6527,7859.14,17713793,14126415,0
2022-05-22,508,7224786,292,6315883,22,586522,1136,3271981,1838,318371,2974,3590352,3796,7907.43,17717589,14127237,0
2022-05-23,1221,7226007,886,6316769,52,586574,2186,3274167,4710,323081,6896,3597248,9055,8081.14,17726644,14129396,0
2022-05-24,1409,7227416,937,6317706,66,586640,2296,3276463,4493,327574,6789,3604037,9202,8076.29,17735846,14131809,0
2022-05-25,1418,7228834,954,6318660,56,586696,2257,3278720,4271,331845,6528,3610565,8957,8038.57,17744803,14134238,0
2022-05-26,1173,7230007,889,6319549,60,586756,2266,3280986,4150,335995,6416,3616981,8539,7983.71,17753342,14136361,0
2022-05-27,1244,7231251,959,6320508,38,586794,2499,3283485,3917,339912,6416,3623397,8658,7819.14,17762000,14138603,0
2022-05-28,712,7231963,517,6321025,19,586813,1784,3285269,2065,341977,3849,3627246,5097,7614.86,17767097,14139851,0
2022-05-29,474,7232437,215,6321240,11,586824,760,3286029,1125,343102,1885,3629131,2585,7441.86,17769682,14140551,0
2022-05-30,92,7232529,59,6321299,6,586830,139,3286168,144,343246,283,3629414,440,6211.14,17770122,14140708,0
2022-05-31,1139,7233668,919,6322218,51,586881,1894,3288062,3052,346298,4946,3634360,7055,5904.43,17777177,14142817,0
2022-06-01,1155,7234823,854,6323072,63,586944,1968,3290030,3426,349724,5394,3639754,7466,5691.43,17784643,14144889,0
2022-06-02,1033,7235856,799,6323871,72,587016,1823,3291853,3169,352893,4992,3644746,6896,5456.71,17791539,14146793,0
2022-06-03,1164,7237020,895,6324766,47,587063,2067,3293920,3494,356387,5561,3650307,7667,5315.14,17799206,14148899,0
2022-06-04,726,7237746,582,6325348,26,587089,1555,3295475,1904,358291,3459,3653766,4795,5272,17804001,14150235,0
2022-06-05,450,7238196,297,6325645,1,587090,880,3296355,978,359269,1858,3655624,2606,5275,17806607,14150983,0
2022-06-06,1127,7239323,827,6326472,64,587154,1752,3298107,2736,362005,4488,3660112,6506,6141.57,17813113,14153001,0
2022-06-07,1025,7240348,771,6327243,70,587224,1789,3299896,2563,364568,4352,3664464,6218,6022,17819331,14154867,0
2022-06-08,1094,7241442,836,6328079,75,587299,1877,3301773,2744,367312,4621,3669085,6627,5902.14,17825958,14156873,0
2022-06-09,1141,7242583,839,6328918,61,587360,2223,3303996,2690,370002,4913,3673998,6954,5910.43,17832912,14158914,0
2022-06-10,1047,7243630,818,6329736,75,587435,1883,3305879,2825,372827,4708,3678706,6648,5764.86,17839560,14160854,0
2022-06-11,683,7244313,507,6330243,25,587460,1325,3307204,1503,374330,2828,3681534,4043,5657.43,17843603,14162069,0
2022-06-12,351,7244664,287,6330530,21,587481,877,3308081,773,375103,1650,3683184,2309,5615,17845912,14162728,0
2022-06-13,1028,7245692,768,6331298,63,587544,1576,3309657,2185,377288,3761,3686945,5621,5488.57,17851533,14164588,0
2022-06-14,965,7246657,832,6332130,64,587608,1683,3311340,2502,379790,4185,3691130,6046,5464,17857579,14166449,0
2022-06-15,969,7247626,866,6332996,39,587647,1664,3313004,2420,382210,4084,3695214,5958,5368.43,17863537,14168323,0
2022-06-16,961,7248587,777,6333773,59,587706,1828,3314832,2369,384579,4197,3699411,5994,5231.29,17869531,14170120,0
2022-06-17,901,7249488,799,6334572,48,587754,1770,3316602,2398,386977,4168,3703579,5917,5126.86,17875448,14171869,0
2022-06-18,657,7250145,522,6335094,26,587780,1280,3317882,1295,388272,2575,3706154,3780,5089.29,17879228,14173074,0
2022-06-19,347,7250492,235,6335329,16,587796,727,3318609,607,388879,1334,3707488,1932,5035.43,17881160,14173672,0
2022-06-20,835,7251327,487,6335816,41,587837,1572,3320181,1615,390494,3187,3710675,4550,4882.43,17885710,14175035,0
2022-06-21,1135,7252462,741,6336557,50,587887,1697,3321878,2142,392636,3839,3714514,5766,4842.43,17891476,14176962,0
2022-06-22,1964,7254426,834,6337391,46,587933,1705,3323583,1992,394628,3697,3718211,6541,4925.71,17898017,14179806,0
2022-06-23,2120,7256546,763,6338154,65,587998,1697,3325280,2151,396779,3848,3722059,6797,5040.43,17904814,14182755,0
2022-06-24,2176,7258722,757,6338911,48,588046,1624,3326904,2154,398933,3778,3725837,6759,5160.71,17911573,14185736,0
2022-06-25,2139,7260861,497,6339408,15,588061,1234,3328138,1142,400075,2376,3728213,5031,5339.43,17916604,14188391,0
2022-06-26,1212,7262073,248,6339656,14,588075,685,3328823,530,400605,1215,3729428,2689,5447.57,17919293,14189865,0
2022-06-27,1533,7263606,654,6340310,60,588135,1461,3330284,1655,402260,3116,3732544,5363,5563.71,17924656,14192112,0
2022-06-28,1691,7265297,831,6341141,57,588192,1859,3332143,2139,404399,3998,3736542,6577,5679.57,17931233,14194691,0
2022-06-29,1859,7267156,777,6341918,48,588240,1719,3333862,1922,406321,3641,3740183,6325,5648.71,17937558,14197375,0
2022-06-30,1869,7269025,807,6342725,46,588286,1730,3335592,2134,408455,3864,3744047,6586,5618.57,17944144,14200097,0
2022-07-01,1603,7270628,598,6343323,26,588312,1392,3336984,1724,410179,3116,3747163,5343,5416.29,17949487,14202324,0
2022-07-02,978,7271606,389,6343712,18,588330,837,3337821,941,411120,1778,3748941,3163,5149.43,17952650,14203709,0
2022-07-03,530,7272136,205,6343917,7,588337,458,3338279,487,411607,945,3749886,1687,5006.29,17954337,14204451,0
2022-07-04,36,7272172,25,6343942,1,588338,31,3338310,38,411645,69,3749955,131,4258.86,17954468,14204513,0
2022-07-05,1296,7273468,758,6344700,35,588373,1404,3339714,1738,413383,3142,3753097,5231,4066.57,17959699,14206602,0
2022-07-06,1611,7275079,679,6345379,44,588417,1443,3341157,1840,415223,3283,3756380,5617,3965.43,17965316,14208936,0
2022-07-07,1592,7276671,713,6346092,48,588465,1529,3342686,2000,417223,3529,3759909,5882,3864.86,17971198,14211289,0
2022-07-08,1631,7278302,652,6346744,37,588502,1472,3344158,1975,419198,3447,3763356,5769,3925.71,17976967,14213611,0
2022-07-09,981,7279283,427,6347171,26,588528,878,3345036,1343,420541,2221,3765577,3655,3996,17980622,14215045,0
2022-07-10,638,7279921,187,6347358,17,588545,429,3345465,661,421202,1090,3766667,1932,4031,17982554,14215887,0
2022-07-11,1397,7281318,635,6347993,49,588594,1437,3346902,2210,423412,3647,3770314,5728,4830.57,17988282,14217968,0
2022-07-12,1403,7282721,688,6348681,45,588639,1398,3348300,2510,425922,3908,3774222,6044,4946.71,17994326,14220104,0
2022-07-13,1621,7284342,725,6349406,37,588676,1523,3349823,2825,428747,4348,3778570,6731,5105.86,18001057,14222487,0
2022-07-14,1589,7285931,843,6350249,47,588723,1602,3351425,3057,431804,4659,3783229,7139,5285.43,18008196,14224967,0
2022-07-15,1615,7287546,938,6351187,47,588770,1569,3352994,3050,434854,4619,3787848,7219,5492.57,18015415,14227567,0
2022-07-16,881,7288427,584,6351771,9,588779,980,3353974,1695,436549,2675,3790523,4149,5563.14,18019564,14229041,0
2022-07-17,550,7288977,290,6352061,16,588795,528,3354502,1167,437716,1695,3792218,2551,5651.57,18022115,14229897,0
2022-07-18,1404,7290381,842,6352903,45,588840,1432,3355934,2451,440167,3883,3796101,6174,5715.29,18028289,14232188,0
2022-07-19,1443,7291824,977,6353880,51,588891,1536,3357470,2798,442965,4334,3800435,6805,5824,18035094,14234659,0
2022-07-20,1382,7293206,1480,6355360,50,588941,1349,3358819,2389,445354,3738,3804173,6651,5812.57,18041745,14237572,0
2022-07-21,1333,7294539,1434,6356794,50,588991,1394,3360213,2363,447717,3757,3807930,6574,5731.86,18048319,14240389,0
2022-07-22,1430,7295969,1569,6358363,41,589032,1559,3361772,2849,450566,4408,3812338,7448,5764.57,18055767,14243429,0
2022-07-23,903,7296872,1099,6359462,17,589049,995,3362767,1551,452117,2546,3814884,4565,5824,18060332,14245448,0
2022-07-24,486,7297358,642,6360104,14,589063,502,3363269,805,452922,1307,3816191,2450,5809.57,18062782,14246591,0
2022-07-25,1226,7298584,766,6360870,59,589122,1262,3364531,2059,454981,3321,3819512,5372,5695,18068154,14248642,0
2022-07-26,1231,7299815,1021,6361891,41,589163,1469,3366000,2440,457421,3909,3823421,6203,5609,18074357,14250936,0
2022-07-27,1319,7301134,1276,6363167,42,589205,1386,3367386,2190,459611,3576,3826997,6215,5546.71,18080572,14253575,0
2022-07-28,1312,7302446,1418,6364585,71,589276,1424,3368810,2219,461830,3643,3830640,6444,5528.14,18087016,14256376,0
2022-07-29,1317,7303763,1428,6366013,64,589340,1357,3370167,2150,463980,3507,3834147,6317,5366.57,18093333,14259186,0
2022-07-30,724,7304487,714,6366727,25,589365,789,3370956,952,464932,1741,3835888,3207,5172.57,18096540,14260652,0
2022-07-31,423,7304910,590,6367317,14,589379,487,3371443,571,465503,1058,3836946,2085,5120.43,18098625,14261679,0
2022-08-01,1225,7306135,912,6368229,55,589434,1327,3372770,1505,467008,2832,3839778,5024,5070.71,18103649,14263871,0
2022-08-02,1222,7307357,1013,6369242,73,589507,1346,3374116,1594,468602,2940,3842718,5248,4934.29,18108897,14266179,0
2022-08-03,1263,7308620,1189,6370431,41,589548,1339,3375455,1526,470128,2865,3845583,5358,4811.86,18114255,14268672,0
2022-08-04,1184,7309804,1186,6371617,57,589605,1284,3376739,1456,471584,2740,3848323,5167,4629.43,18119422,14271099,0
2022-08-05,1306,7311110,1449,6373066,49,589654,1310,3378049,1437,473021,2747,3851070,5551,4520,18124973,14273903,0
2022-08-06,689,7311799,841,6373907,14,589668,760,3378809,772,473793,1532,3852602,3077,4501.43,18128050,14275448,0
2022-08-07,390,7312189,456,6374363,14,589682,422,3379231,353,474146,775,3853377,1635,4437.14,18129685,14276308,0
2022-08-08,1182,7313371,933,6375296,70,589752,1272,3380503,1172,475318,2444,3855821,4629,4380.71,18134314,14278493,0
2022-08-09,1127,7314498,892,6376188,38,589790,1227,3381730,1159,476477,2386,3858207,4443,4265.71,18138757,14280550,0
2022-08-10,1215,7315713,1108,6377296,59,589849,1257,3382987,1243,477720,2500,3860707,4882,4197.71,18143639,14282932,0
2022-08-11,1279,7316992,1069,6378365,84,589933,1211,3384198,1278,478998,2489,3863196,4921,4162.57,18148560,14285364,0
2022-08-12,1292,7318284,1408,6379773,54,589987,1267,3385465,1249,480247,2516,3865712,5270,4122.43,18153830,14288118,0
2022-08-13,756,7319040,784,6380557,15,590002,762,3386227,628,480875,1390,3867102,2945,4103.57,18156775,14289673,0
2022-08-14,466,7319506,478,6381035,20,590022,404,3386631,281,481156,685,3867787,1649,4105.57,18158424,14290637,0
2022-08-15,1243,7320749,1061,6382096,60,590082,1313,3387944,989,482145,2302,3870089,4666,4110.86,18163090,14293001,0
2022-08-16,1308,7322057,868,6382964,50,590132,1362,3389306,1074,483219,2436,3872525,4662,4142.14,18167752,14295227,0
2022-08-17,1208,7323265,955,6383919,39,590171,1232,3390538,1001,484220,2233,3874758,4435,4078.29,18172187,14297429,0
2022-08-18,1156,7324421,944,6384863,45,590216,1267,3391805,945,485165,2212,3876970,4357,3997.71,18176544,14299574,0
2022-08-19,1250,7325671,1129,6385992,34,590250,1115,3392920,979,486144,2094,3879064,4507,3888.71,18181051,14301987,0
2022-08-20,582,7326253,487,6386479,16,590266,630,3393550,500,486644,1130,3880194,2215,3784.43,18183266,14303072,0
2022-08-21,357,7326610,243,6386722,9,590275,382,3393932,266,486910,648,3880842,1257,3728.43,18184523,14303681,0
2022-08-22,1205,7327815,916,6387638,39,590314,1228,3395160,885,487795,2113,3882955,4273,3672.29,18188796,14305841,0
2022-08-23,1235,7329050,1049,6388687,47,590361,1374,3396534,962,488757,2336,3885291,4668,3673.14,18193464,14308173,0
2022-08-24,1262,7330312,1010,6389697,29,590390,1288,3397822,819,489576,2107,3887398,4409,3669.43,18197873,14310475,0
2022-08-25,1213,7331525,979,6390676,66,590456,1182,3399004,812,490388,1994,3889392,4252,3654.43,18202125,14312733,0
2022-08-26,1185,7332710,1168,6391844,53,590509,1188,3400192,778,491166,1966,3891358,4372,3635.14,18206497,14315139,0
2022-08-27,692,7333402,540,6392384,14,590523,670,3400862,404,491570,1074,3892432,2320,3650.14,18208817,14316385,0
2022-08-28,374,7333776,232,6392616,10,590533,443,3401305,226,491796,669,3893101,1285,3654.14,18210102,14317001,0
2022-08-29,1249,7335025,963,6393579,41,590574,1214,3402519,682,492478,1896,3894997,4150,3636.57,18214252,14319255,0
2022-08-30,1266,7336291,936,6394515,36,590610,1263,3403782,765,493243,2028,3897025,4266,3579.14,18218518,14321493,0
2022-08-31,1137,7337428,1003,6395518,43,590653,1103,3404885,569,493812,1672,3898697,3856,3500.14,18222374,14323677,0
2022-09-01,1022,7338450,959,6396477,51,590704,802,3405687,454,494266,1256,3899953,3288,3362.43,18225662,14325709,0
2022-09-02,959,7339409,1006,6397483,29,590733,587,3406274,172,494438,759,3900712,2753,3131.14,18228415,14327703,0
2022-09-03,493,7339902,431,6397914,12,590745,364,3406638,50,494488,414,3901126,1350,2992.57,18229765,14328639,0
2022-09-04,224,7340126,195,6398109,10,590755,188,3406826,27,494515,215,3901341,644,2901,18230409,14329068,0
2022-09-05,74,7340200,69,6398178,7,590762,44,3406870,17,494532,61,3901402,211,2338.29,18230620,14329218,0
2022-09-06,967,7341167,1144,6399322,50,590812,630,3407500,132,494664,762,3902164,2928,2147.14,18233548,14331384,0
2022-09-07,909,7342076,1030,6400352,38,590850,476,3407976,149,494813,625,3902789,2619,1970.43,18236167,14333378,0
2022-09-08,786,7342862,758,6401110,36,590886,249,3408225,111,494924,360,3903149,1978,1783.29,18238145,14334996,0
2022-09-09,797,7343659,1071,6402181,48,590934,277,3408502,121,495045,398,3903547,2429,1737,18240574,14337027,0
2022-09-10,436,7344095,598,6402779,12,590946,262,3408764,46,495091,308,3903855,1410,1745.57,18241984,14338129,0
2022-09-11,199,7344294,218,6402997,11,590957,87,3408851,30,495121,117,3903972,577,1736,18242561,14338589,0
2022-09-12,692,7344986,742,6403739,39,590996,202,3409053,95,495216,297,3904269,1841,1968.86,18244402,14340133,0
2022-09-13,688,7345674,778,6404517,32,591028,219,3409272,115,495331,334,3904603,1941,1827.86,18246343,14341740,0
2022-09-14,667,7346341,820,6405337,31,591059,223,3409495,124,495455,347,3904950,1995,1738.71,18248338,14343388,0
2022-09-15,739,7347080,721,6406058,22,591081,222,3409717,112,495567,334,3905284,1970,1737.57,18250308,14345024,0
2022-09-16,720,7347800,978,6407036,27,591108,271,3409988,168,495735,439,3905723,2407,1734.43,18252715,14346992,0
2022-09-17,339,7348139,565,6407601,12,591120,272,3410260,79,495814,351,3906074,1375,1729.43,18254090,14348016,0
2022-09-18,163,7348302,183,6407784,7,591127,72,3410332,28,495842,100,3906174,478,1715.29,18254568,14348394,0
2022-09-19,628,7348930,618,6408402,29,591156,221,3410553,95,495937,316,3906490,1659,1689.29,18256227,14349737,0
2022-09-20,606,7349536,678,6409080,27,591183,217,3410770,91,496028,308,3906798,1742,1660.86,18257969,14351171,0
2022-09-21,630,7350166,651,6409731,31,591214,256,3411026,134,496162,390,3907188,1854,1640.71,18259823,14352635,0
2022-09-22,584,7350750,639,6410370,28,591242,170,3411196,139,496301,309,3907497,1759,1610.57,18261582,14354085,0
2022-09-23,645,7351395,911,6411281,24,591266,250,3411446,146,496447,396,3907893,2228,1585,18263810,14355917,0
2022-09-24,327,7351722,562,6411843,8,591274,262,3411708,67,496514,329,3908222,1325,1577.86,18265135,14356913,0
2022-09-25,139,7351861,167,6412010,1,591275,72,3411780,48,496562,120,3908342,473,1577.14,18265608,14357266,0
2022-09-26,536,7352397,524,6412534,16,591291,281,3412061,149,496711,430,3908772,1631,1573.14,18267239,14358467,0
2022-09-27,614,7353011,654,6413188,26,591317,281,3412342,170,496881,451,3909223,1934,1600.57,18269173,14359950,0
2022-09-28,511,7353522,602,6413790,18,591335,188,3412530,189,497070,377,3909600,1710,1580,18270883,14361283,0
2022-09-29,650,7354172,651,6414441,19,591354,173,3412703,105,497175,278,3909878,1811,1587.43,18272694,14362816,0
2022-09-30,584,7354756,829,6415270,13,591367,181,3412884,186,497361,367,3910245,2120,1572,18274814,14364569,0
2022-10-01,241,7354997,356,6415626,5,591372,132,3413016,36,497397,168,3910413,876,1507.86,18275690,14365277,0
2022-10-02,123,7355120,150,6415776,5,591377,46,3413062,46,497443,92,3910505,393,1496.43,18276083,14365578,0
2022-10-03,504,7355624,442,6416218,23,591400,155,3413217,119,497562,274,3910779,1348,1456,18277431,14366652,0
2022-10-04,480,7356104,511,6416729,15,591415,149,3413366,123,497685,272,3911051,1368,1375.14,18278799,14367748,0
2022-10-05,531,7356635,607,6417336,17,591432,280,3413646,168,497853,448,3911499,1768,1383.43,18280567,14369068,0
2022-10-06,530,7357165,601,6417937,19,591451,167,3413813,162,498015,329,3911828,1601,1353.43,18282168,14370340,0
2022-10-07,552,7357717,663,6418600,15,591466,168,3413981,148,498163,316,3912144,1900,1322,18284068,14371924,0
2022-10-08,249,7357966,370,6418970,4,591470,142,3414123,64,498227,206,3912350,904,1326,18284972,14372622,0
2022-10-09,103,7358069,159,6419129,5,591475,47,3414170,56,498283,103,3912453,404,1327.57,18285376,14372923,0
2022-10-10,373,7358442,438,6419567,14,591489,172,3414342,117,498400,289,3912742,1243,1312.57,18286619,14373877,0
2022-10-11,523,7358965,492,6420059,19,591508,178,3414520,152,498552,330,3913072,1475,1327.86,18288094,14375022,0
2022-10-12,486,7359451,547,6420606,17,591525,133,3414653,182,498734,315,3913387,1510,1291,18289604,14376217,0
2022-10-13,508,7359959,478,6421084,28,591553,129,3414782,204,498938,333,3913720,1445,1268.71,18291049,14377329,0
2022-10-14,525,7360484,729,6421813,25,591578,134,3414916,208,499146,342,3914062,1957,1276.86,18293006,14378944,0
2022-10-15,234,7360718,335,6422148,9,591587,89,3415005,67,499213,156,3914218,830,1266.29,18293836,14379618,0
2022-10-16,112,7360830,165,6422313,3,591590,25,3415030,65,499278,90,3914308,408,1266.86,18294244,14379936,0
2022-10-17,490,7361320,440,6422753,18,591608,83,3415113,122,499400,205,3914513,1278,1271.86,18295522,14381009,0
2022-10-18,438,7361758,505,6423258,20,591628,101,3415214,148,499548,249,3914762,1337,1252.14,18296859,14382097,0
2022-10-19,530,7362288,489,6423747,21,591649,86,3415300,152,499700,238,3915000,1407,1237.43,18298266,14383266,0
2022-10-20,505,7362793,496,6424243,10,591659,85,3415385,154,499854,239,3915239,1375,1227.43,18299641,14384402,0
2022-10-21,475,7363268,546,6424789,11,591670,92,3415477,158,500012,250,3915489,1601,1176.57,18301242,14385753,0
2022-10-22,215,7363483,312,6425101,9,591679,43,3415520,42,500054,85,3915574,709,1159.29,18301951,14386377,0
2022-10-23,84,7363567,97,6425198,3,591682,21,3415541,39,500093,60,3915634,265,1138.86,18302216,14386582,0
2022-10-24,482,7364049,423,6425621,19,591701,69,3415610,115,500208,184,3915818,1231,1132.14,18303447,14387629,0
2022-10-25,467,7364516,450,6426071,12,591713,92,3415702,112,500320,204,3916022,1268,1122.29,18304715,14388693,0
2022-10-26,493,7365009,449,6426520,11,591724,88,3415790,175,500495,263,3916285,1391,1120,18306106,14389821,0
2022-10-27,436,7365445,444,6426964,13,591737,94,3415884,137,500632,231,3916516,1257,1103.14,18307363,14390847,0
2022-10-28,538,7365983,638,6427602,17,591754,102,3415986,163,500795,265,3916781,1743,1123.43,18309106,14392325,0
2022-10-29,191,7366174,242,6427844,9,591763,67,3416053,57,500852,124,3916905,656,1115.86,18309762,14392857,0
2022-10-30,90,7366264,76,6427920,3,591766,19,3416072,57,500909,76,3916981,267,1116.14,18310029,14393048,0
2022-10-31,336,7366600,317,6428237,8,591774,47,3416119,127,501036,174,3917155,904,1069.43,18310933,14393778,0
2022-11-01,472,7367072,384,6428621,18,591792,76,3416195,128,501164,204,3917359,1265,1069,18312198,14394839,0
2022-11-02,409,7367481,399,6429020,17,591809,87,3416282,119,501283,206,3917565,1195,1041,18313393,14395828,0
2022-11-03,410,7367891,385,6429405,13,591822,81,3416363,158,501441,239,3917804,1173,1029,18314566,14396762,0
2022-11-04,453,7368344,502,6429907,14,591836,99,3416462,159,501600,258,3918062,1573,1004.71,18316139,14398077,0
2022-11-05,229,7368573,224,6430131,6,591842,67,3416529,79,501679,146,3918208,698,1010.71,18316837,14398629,0
2022-11-06,78,7368651,99,6430230,4,591846,19,3416548,49,501728,68,3918276,304,1016,18317141,14398865,0
2022-11-07,432,7369083,369,6430599,14,591860,74,3416622,107,501835,181,3918457,1118,1046.57,18318259,14399802,0
2022-11-08,421,7369504,382,6430981,7,591867,93,3416715,129,501964,222,3918679,1208,1038.43,18319467,14400788,0
2022-11-09,417,7369921,389,6431370,9,591876,88,3416803,114,502078,202,3918881,1201,1039.29,18320668,14401787,0
2022-11-10,431,7370352,406,6431776,14,591890,69,3416872,145,502223,214,3919095,1214,1045.14,18321882,14402787,0
2022-11-11,413,7370765,432,6432208,11,591901,95,3416967,95,502318,190,3919285,1391,1019.14,18323273,14403988,0
2022-11-12,210,7370975,204,6432412,2,591903,53,3417020,61,502379,114,3919399,601,1005.29,18323874,14404475,0
2022-11-13,92,7371067,96,6432508,4,591907,15,3417035,67,502446,82,3919481,301,1004.86,18324175,14404694,0
2022-11-14,401,7371468,368,6432876,19,591926,58,3417093,107,502553,165,3919646,1057,996.14,18325232,14405586,0
2022-11-15,468,7371936,397,6433273,15,591941,95,3417188,133,502686,228,3919874,1273,1005.43,18326505,14406631,0
2022-11-16,403,7372339,393,6433666,20,591961,60,3417248,108,502794,168,3920042,1110,992.43,18327615,14407573,0
2022-11-17,431,7372770,414,6434080,10,591971,62,3417310,161,502955,223,3920265,1199,990.29,18328814,14408549,0
2022-11-18,498,7373268,499,6434579,12,591983,63,3417373,144,503099,207,3920472,1549,1012.86,18330363,14409891,0
2022-11-19,200,7373468,205,6434784,4,591987,55,3417428,61,503160,116,3920588,655,1020.57,18331018,14410430,0
2022-11-20,90,7373558,107,6434891,3,591990,12,3417440,33,503193,45,3920633,274,1016.71,18331292,14410659,0
2022-11-21,406,7373964,309,6435200,3,591993,47,3417487,86,503279,133,3920766,937,999.57,18332229,14411463,0
2022-11-22,371,7374335,349,6435549,6,591999,52,3417539,89,503368,141,3920907,983,958.14,18333212,14412305,0
2022-11-23,337,7374672,278,6435827,11,592010,64,3417603,76,503444,140,3921047,878,925,18334090,14413043,0
2022-11-24,9,7374681,3,6435830,1,592011,0,3417603,6,503450,6,3921053,19,756.43,18334109,14413056,0
2022-11-25,222,7374903,235,6436065,13,592024,34,3417637,61,503511,95,3921148,703,635.57,18334812,14413664,0
2022-11-26,139,7375042,158,6436223,2,592026,14,3417651,42,503553,56,3921204,424,602.57,18335236,14414032,0
2022-11-27,61,7375103,53,6436276,1,592027,10,3417661,27,503580,37,3921241,175,588.43,18335411,14414170,0
2022-11-28,320,7375423,377,6436653,9,592036,56,3417717,62,503642,118,3921359,923,586.43,18336334,14414975,0
2022-11-29,352,7375775,388,6437041,8,592044,45,3417762,75,503717,120,3921479,983,586.43,18337317,14415838,0
2022-11-30,377,7376152,374,6437415,11,592055,49,3417811,52,503769,101,3921580,973,600,18338290,14416710,0
2022-12-01,363,7376515,340,6437755,11,592066,54,3417865,87,503856,141,3921721,987,738.29,18339277,14417556,0
2022-12-02,358,7376873,437,6438192,13,592079,69,3417934,113,503969,182,3921903,1264,818.43,18340541,14418638,120000
2022-12-03,133,7377006,187,6438379,12,592091,36,3417970,39,504008,75,3921978,490,827.86,18341031,14419053,120000
2022-12-04,64,7377070,77,6438456,4,592095,6,3417976,25,504033,31,3922009,210,832.86,18341241,14419232,120000
2022-12-05,370,7377440,334,6438790,14,592109,53,3418029,68,504101,121,3922130,949,836.57,18342190,14420060,120000
2022-12-06,344,7377784,334,6439124,11,592120,54,3418083,81,504182,135,3922265,927,828.57,18343117,14420852,120000
2022-12-07,350,7378134,302,6439426,7,592127,61,3418144,73,504255,134,3922399,891,816.86,18344008,14421609,120000
2022-12-08,176,7378310,152,6439578,5,592132,29,3418173,36,504291,65,3922464,465,742.29,18344473,14422009,120000
