"DATE","ADMIN_DOSE1_DAILY","ADMIN_DOSE1_CUMULATIVE","ADMIN_DOSE2_DAILY","ADMIN_DOSE2_CUMULATIVE","ADMIN_SINGLE_DAILY","ADMIN_SINGLE_CUMULATIVE","ADMIN_ADDITIONAL1_DAILY","ADMIN_ADDITIONAL1_CUMULATIVE","ADMIN_ADDITIONAL2_DAILY","ADMIN_ADDITIONAL2_CUMULATIVE","ADMIN_ADDITIONAL_DAILY","ADMIN_ADDITIONAL_CUMULATIVE","ADMIN_BIVALENT_ADDITIONAL_DAILY","ADMIN_BIVALENT_ADDITIONAL_CUMULATIVE","ADMIN_ALLDOSES_DAILY","ADMIN_ALLDOSES_7DAYAVG","ADMIN_ALLDOSES_CUMULATIVE","ADMIN_ALLDOSES_PRIMARY","INCOMPLETE"
2020-12-14,79,79,0,0,2,2,0,0,0,0,0,0,0,0,81,,81,81,0
2020-12-15,2052,2131,7,7,5,7,0,0,0,0,0,0,0,0,2064,,2145,2145,0
2020-12-16,4604,6735,17,24,4,11,1,1,0,0,1,1,0,0,4626,,6771,6770,0
2020-12-17,4661,11396,18,42,2,13,1,2,0,0,1,2,0,0,4682,,11453,11451,0
2020-12-18,5834,17230,22,64,2,15,2,4,0,0,2,4,0,0,5860,,17313,17309,0
2020-12-19,1688,18918,9,73,3,18,0,4,0,0,0,4,0,0,1700,,19013,19009,0
2020-12-20,1118,20036,2,75,1,19,0,4,0,0,0,4,0,0,1121,2876.29,20134,20130,0
2020-12-21,6392,26428,22,97,0,19,4,8,0,0,4,8,0,0,6418,3781.57,26552,26544,0
2020-12-22,9765,36193,29,126,2,21,1,9,0,0,1,9,0,0,9797,4886.29,36349,36340,0
2020-12-23,14274,50467,39,165,3,24,0,9,0,0,0,9,0,0,14316,6270.57,50665,50656,0
2020-12-24,7170,57637,28,193,1,25,0,9,0,0,0,9,0,0,7199,6630.14,57864,57855,0
2020-12-25,180,57817,0,193,0,25,1,10,0,0,1,10,0,0,181,5818.86,58045,58035,0
2020-12-26,4392,62209,48,241,0,25,1,11,0,0,1,11,0,0,4441,6210.43,62486,62475,0
2020-12-27,3869,66078,15,256,0,25,1,12,0,0,1,12,0,0,3885,6605.29,66371,66359,0
2020-12-28,10991,77069,51,307,1,26,3,15,0,0,3,15,0,0,11046,7266.43,77417,77402,0
2020-12-29,10712,87781,37,344,2,28,3,18,0,0,3,18,0,0,10754,7403.14,88171,88153,0
2020-12-30,12819,100600,45,389,0,28,0,18,0,0,0,18,0,0,12864,7195.71,101035,101017,0
2020-12-31,7258,107858,38,427,1,29,0,18,0,0,0,18,0,0,7297,7209.71,108332,108314,0
2021-01-01,178,108036,2,429,1,30,3,21,0,0,3,21,0,0,184,7210.14,108516,108495,0
2021-01-02,3810,111846,10,439,3,33,2,23,0,0,2,23,0,0,3825,7122.14,112341,112318,0
2021-01-03,3545,115391,24,463,2,35,1,24,0,0,1,24,0,0,3572,7077.43,115913,115889,0
2021-01-04,12249,127640,812,1275,2,37,7,31,0,0,7,31,0,0,13070,7366.57,128983,128952,0
2021-01-05,14086,141726,2197,3472,2,39,14,45,1,1,15,46,0,0,16300,8158.86,145283,145237,0
2021-01-06,17795,159521,3928,7400,1,40,33,78,8,9,41,87,0,0,21765,9430.43,167048,166961,0
2021-01-07,16539,176060,5185,12585,4,44,46,124,3,12,49,136,0,0,21777,11499,188825,188689,0
2021-01-08,16611,192671,5462,18047,0,44,37,161,5,17,42,178,0,0,22115,14632,210940,210762,0
2021-01-09,7647,200318,1464,19511,1,45,9,170,2,19,11,189,0,0,9123,15388.86,220063,219874,0
2021-01-10,7877,208195,980,20491,0,45,14,184,0,19,14,203,0,0,8871,16145.86,228934,228731,0
2021-01-11,25808,234003,7463,27954,2,47,59,243,6,25,65,268,0,0,33338,19041.29,262272,262004,0
2021-01-12,28241,262244,7866,35820,1,48,47,290,4,29,51,319,0,0,36159,21878.29,298431,298112,0
2021-01-13,31701,293945,9419,45239,1,49,60,350,6,35,66,385,0,0,41187,24652.86,339618,339233,0
2021-01-14,35794,329739,5304,50543,1,50,34,384,7,42,41,426,0,0,41140,27419,380758,380332,0
2021-01-15,29246,358985,3716,54259,2,52,33,417,6,48,39,465,0,0,33003,28974.43,413761,413296,0
2021-01-16,30255,389240,2400,56659,0,52,25,442,6,54,31,496,0,0,32686,32340.57,446447,445951,0
2021-01-17,23724,412964,1647,58306,0,52,20,462,1,55,21,517,0,0,25392,34700.71,471839,471322,0
2021-01-18,27078,440042,2429,60735,0,52,37,499,7,62,44,561,0,0,29552,34159.86,501391,500830,0
2021-01-19,34263,474305,9647,70382,1,53,73,572,8,70,81,642,0,0,43992,35278.86,545383,544741,0
2021-01-20,34844,509149,9506,79888,1,54,62,634,3,73,65,707,0,0,44416,35740.14,589799,589092,0
2021-01-21,25571,534720,8099,87987,2,56,55,689,5,78,60,767,0,0,33732,34681.86,623531,622764,0
2021-01-22,24738,559458,4387,92374,1,57,32,721,7,85,39,806,0,0,29165,34133.57,652696,651890,0
2021-01-23,15733,575191,3226,95600,0,57,12,733,2,87,14,820,0,0,18973,32174.57,671669,670849,0
2021-01-24,7166,582357,3462,99062,0,57,20,753,1,88,21,841,0,0,10649,30068.43,682318,681477,0
2021-01-25,13390,595747,11833,110895,0,57,70,823,13,101,83,924,0,0,25306,29461.86,707624,706700,0
2021-01-26,16746,612493,10766,121661,0,57,69,892,3,104,73,997,0,0,27585,27118,735209,734213,0
2021-01-27,20819,633312,12354,134015,0,57,59,951,9,113,68,1065,0,0,33241,25521.57,768450,767386,0
2021-01-28,30722,664034,12860,146875,0,57,86,1037,16,129,102,1167,0,0,43687,26943.71,812137,810971,0
2021-01-29,31665,695699,11515,158390,0,57,85,1122,11,140,96,1263,0,0,43276,28959.57,855413,854151,0
2021-01-30,18705,714404,3744,162134,0,57,23,1145,2,142,26,1289,0,0,22475,29459.86,877888,876601,0
2021-01-31,13004,727408,2932,165066,1,58,28,1173,5,147,33,1322,0,0,15970,30220,893858,892538,0
2021-02-01,1180,728588,5399,170465,4,62,39,1212,4,151,43,1365,0,0,6626,27551.43,900484,899121,0
2021-02-02,2823,731411,9442,179907,2,64,54,1266,3,154,57,1422,0,0,12324,25371.29,912808,911388,0
2021-02-03,16341,747752,21236,201143,4,68,213,1479,22,176,235,1657,0,0,37816,26024.86,950624,948969,0
2021-02-04,27032,774784,19653,220796,3,71,211,1690,11,187,222,1879,0,0,46910,26485.29,997534,995657,0
2021-02-05,27575,802359,20030,240826,0,71,196,1886,16,203,213,2092,0,0,47818,27134.14,1045352,1043263,0
2021-02-06,22972,825331,11251,252077,0,71,117,2003,13,216,130,2222,0,0,34353,28831,1079705,1077486,0
2021-02-07,12026,837357,8285,260362,1,72,99,2102,13,229,113,2335,0,0,20425,29467.43,1100130,1097799,0
2021-02-08,16933,854290,23528,283890,2,74,240,2342,37,266,278,2613,0,0,40741,34341,1140871,1138263,0
2021-02-09,17182,871472,28086,311976,2,76,362,2704,42,308,407,3020,0,0,45677,39105.71,1186548,1183536,0
2021-02-10,19578,891050,29303,341279,2,78,274,2978,52,360,329,3349,0,0,49213,40733.86,1235761,1232423,0
2021-02-11,27827,918877,33455,374734,2,80,357,3335,59,419,416,3765,0,0,61702,42847,1297463,1293709,0
2021-02-12,38348,957225,30805,405539,3,83,370,3705,42,461,413,4178,0,0,69569,45954.29,1367032,1362866,0
2021-02-13,27979,985204,25315,430854,2,85,317,4022,59,520,377,4555,0,0,53674,48714.43,1420706,1416164,0
2021-02-14,16257,1001461,23718,454572,0,85,284,4306,36,556,320,4875,0,0,40295,51553,1461001,1456139,0
2021-02-15,12787,1014248,10524,465096,2,87,184,4490,24,580,209,5084,0,0,23522,49093.14,1484523,1479453,0
2021-02-16,14228,1028476,26704,491800,0,87,346,4836,43,623,390,5474,0,0,41322,48471,1525845,1520386,0
2021-02-17,16376,1044852,22195,513995,1,88,289,5125,42,665,331,5805,0,0,38903,46998.14,1564748,1558958,0
2021-02-18,12131,1056983,24983,538978,21,109,309,5434,46,711,355,6160,0,0,37490,43539.29,1602238,1596093,0
2021-02-19,13234,1070217,23925,562903,38,147,317,5751,49,760,366,6526,0,0,37563,38967,1639801,1633290,0
2021-02-20,11339,1081556,26069,588972,7,154,341,6092,79,839,422,6948,0,0,37838,36704.71,1677639,1670708,0
2021-02-21,6345,1087901,17412,606384,15,169,304,6396,46,885,351,7299,0,0,24123,34394.43,1701762,1694481,0
2021-02-22,13040,1100941,11835,618219,2,171,133,6529,22,907,155,7454,0,0,25032,34610.14,1726794,1719358,0
2021-02-23,25221,1126162,14147,632366,1,172,171,6700,35,942,207,7661,0,0,39577,34360.86,1766371,1758729,0
2021-02-24,36317,1162479,20410,652776,0,172,232,6932,43,985,276,7937,0,0,57003,36946.57,1823374,1815457,0
2021-02-25,54507,1216986,30453,683229,6,178,418,7350,65,1050,484,8421,0,0,85450,43798,1908824,1900424,0
2021-02-26,62784,1279770,31901,715130,4,182,429,7779,79,1129,510,8931,0,0,95199,52031.71,2004023,1995115,0
2021-02-27,51255,1331025,22752,737882,47,229,358,8137,55,1184,414,9345,0,0,74468,57264.57,2078491,2069170,0
2021-02-28,44542,1375567,13852,751734,7,236,211,8348,37,1221,248,9593,0,0,58649,62196.86,2137140,2127571,0
2021-03-01,39297,1414864,12783,764517,10,246,174,8522,24,1245,198,9791,0,0,52288,66090.57,2189428,2179661,0
2021-03-02,47069,1461933,12575,777092,7,253,163,8685,17,1262,180,9971,0,0,59831,68984,2249259,2239312,0
2021-03-03,48589,1510522,16151,793243,17,270,158,8843,21,1283,179,10150,0,0,64936,70117.29,2314195,2304069,0
2021-03-04,59794,1570316,22817,816060,1092,1362,278,9121,38,1321,318,10468,0,0,84021,69913.14,2398216,2387774,0
2021-03-05,60941,1631257,24293,840353,3107,4469,339,9460,35,1356,376,10844,0,0,88717,68987.14,2486933,2476117,0
2021-03-06,47144,1678401,18886,859239,5451,9920,247,9707,42,1398,289,11133,0,0,71770,68601.71,2558703,2547598,0
2021-03-07,36014,1714415,14886,874125,6243,16163,242,9949,23,1421,267,11400,0,0,57410,68424.71,2616113,2604743,0
2021-03-08,39600,1754015,14687,888812,8554,24717,325,10274,93,1514,423,11823,0,0,63264,69992.71,2679377,2667589,0
2021-03-09,39080,1793095,12856,901668,7757,32474,190,10464,36,1550,227,12050,0,0,59920,70005.43,2739297,2727283,0
2021-03-10,51803,1844898,15369,917037,5064,37538,230,10694,34,1584,266,12316,0,0,72502,71086.29,2811799,2799521,0
2021-03-11,59957,1904855,21826,938863,4618,42156,260,10954,48,1632,310,12626,0,0,86711,71470.57,2898510,2885924,0
2021-03-12,52166,1957021,30308,969171,4182,46338,388,11342,91,1723,479,13105,0,0,87135,71244.57,2985645,2972580,0
2021-03-13,40632,1997653,26678,995849,5110,51448,342,11684,56,1779,398,13503,0,0,72818,71394.29,3058463,3045000,0
2021-03-14,30695,2028348,15971,1011820,4522,55970,255,11939,28,1807,285,13788,0,0,51474,70546.29,3109937,3096191,0
2021-03-15,33577,2061925,17258,1029078,4702,60672,246,12185,33,1840,279,14067,0,0,55816,69482.29,3165753,3151728,0
2021-03-16,38658,2100583,20509,1049587,4922,65594,271,12456,37,1877,309,14376,0,0,64398,70122,3230151,3215818,0
2021-03-17,42596,2143179,24785,1074372,4242,69836,356,12812,43,1920,400,14776,0,0,72023,70053.57,3302174,3287442,0
2021-03-18,50404,2193583,26812,1101184,5224,75060,390,13202,64,1984,454,15230,0,0,82894,69508.29,3385068,3369882,0
2021-03-19,47759,2241342,29964,1131148,5622,80682,410,13612,76,2060,486,15716,0,0,83832,69036.43,3468900,3453228,0
2021-03-20,38686,2280028,25837,1156985,4681,85363,312,13924,60,2120,373,16089,0,0,69577,68573.43,3538477,3522433,0
2021-03-21,29283,2309311,19351,1176336,769,86132,235,14159,45,2165,280,16369,0,0,49683,68317.57,3588160,3571836,0
2021-03-22,33847,2343158,26753,1203089,4037,90169,260,14419,38,2203,299,16668,0,0,64937,69620.57,3653097,3636475,0
2021-03-23,38412,2381570,32849,1235938,4213,94382,307,14726,55,2258,366,17034,0,0,75840,71255.14,3728937,3711953,0
2021-03-24,41468,2423038,37613,1273551,4843,99225,342,15068,65,2323,410,17444,0,0,84334,73013.86,3813271,3795880,0
2021-03-25,43383,2466421,50780,1324331,5050,104275,496,15564,89,2412,589,18033,0,0,99802,75429.29,3913073,3895097,0
2021-03-26,38479,2504900,55496,1379827,4307,108582,546,16110,106,2518,656,18689,0,0,98938,77587.29,4012011,3993383,0
2021-03-27,35715,2540615,45744,1425571,2938,111520,439,16549,86,2604,526,19215,0,0,84923,79779.57,4096934,4077781,0
2021-03-28,26370,2566985,34444,1460015,1480,113000,355,16904,68,2672,427,19642,0,0,62721,81642.14,4159655,4140079,0
2021-03-29,34799,2601784,38853,1498868,3243,116243,367,17271,115,2787,483,20125,0,0,77378,83419.43,4237033,4216975,0
2021-03-30,40480,2642264,41926,1540794,3712,119955,353,17624,65,2852,419,20544,0,0,86537,84947.57,4323570,4303094,0
2021-03-31,49363,2691627,44876,1585670,7438,127393,424,18048,87,2939,511,21055,0,0,102188,87498.14,4425758,4404771,0
2021-04-01,50755,2742382,53941,1639611,11272,138665,520,18568,86,3025,610,21665,0,0,116578,89894.71,4542336,4520743,0
2021-04-02,43744,2786126,53869,1693480,11964,150629,566,19134,74,3099,645,22310,0,0,110222,91506.71,4652558,4630325,0
2021-04-03,39235,2825361,39205,1732685,9859,160488,353,19487,61,3160,415,22725,0,0,88714,92048.29,4741272,4718625,0
2021-04-04,26546,2851907,24778,1757463,3902,164390,233,19720,51,3211,284,23009,0,0,55510,91018.14,4796782,4773851,0
2021-04-05,41857,2893764,34475,1791938,11193,175583,396,20116,61,3272,458,23467,0,0,87983,92533.14,4884765,4861377,0
2021-04-06,53233,2946997,35616,1827554,13212,188795,454,20570,79,3351,534,24001,0,0,102595,94827.14,4987360,4963439,0
2021-04-07,55468,3002465,40704,1868258,14385,203180,421,20991,83,3434,506,24507,0,0,111063,96095,5098423,5073998,0
2021-04-08,59233,3061698,46579,1914837,16335,219515,547,21538,88,3522,636,25143,0,0,122783,96981.43,5221206,5196146,0
2021-04-09,56621,3118319,44945,1959782,17555,237070,546,22084,80,3602,631,25774,0,0,119752,98342.86,5340958,5315272,0
2021-04-10,49323,3167642,35641,1995423,12716,249786,406,22490,66,3668,476,26250,0,0,98156,99691.71,5439114,5412956,0
2021-04-11,38156,3205798,28825,2024248,7680,257466,301,22791,61,3729,363,26613,0,0,75024,102479.43,5514138,5487618,0
2021-04-12,46614,3252412,31834,2056082,13493,270959,480,23271,69,3798,549,27162,0,0,92490,103123.29,5606628,5579559,0
2021-04-13,52529,3304941,33789,2089871,369,271328,414,23685,65,3863,480,27642,0,0,87167,100919.29,5693795,5666247,0
2021-04-14,50127,3355068,39954,2129825,20,271348,377,24062,79,3942,457,28099,0,0,90558,97990,5784353,5756349,0
2021-04-15,52101,3407169,43686,2173511,16,271364,467,24529,108,4050,580,28679,0,0,96384,94218.71,5880737,5852158,0
2021-04-16,51171,3458340,42197,2215708,31,271395,454,24983,75,4125,532,29211,0,0,93931,90530,5974668,5945560,0
2021-04-17,43820,3502160,35688,2251396,3,271398,379,25362,85,4210,466,29677,0,0,79977,87933,6054645,6025073,0
2021-04-18,28592,3530752,29363,2280759,7,271405,268,25630,66,4276,335,30012,0,0,58297,85543.43,6112942,6083036,0
2021-04-19,37439,3568191,36446,2317205,21,271426,347,25977,71,4347,420,30432,0,0,74326,82948.57,6187268,6156944,0
2021-04-20,40786,3608977,39624,2356829,19,271445,323,26300,84,4431,408,30840,0,0,80837,82044.29,6268105,6237374,0
2021-04-21,38872,3647849,46025,2402854,17,271462,512,26812,99,4530,612,31452,0,0,85526,81325.43,6353631,6322289,0
2021-04-22,38473,3686322,48952,2451806,9,271471,356,27168,80,4610,438,31890,0,0,87873,80109.57,6441504,6409726,0
2021-04-23,39679,3726001,44382,2496188,3,271474,364,27532,76,4686,442,32332,0,0,84506,78763.14,6526010,6493792,0
2021-04-24,31922,3757923,41600,2537788,44,271518,292,27824,62,4748,355,32687,0,0,73921,77898,6599931,6567359,0
2021-04-25,18411,3776334,31213,2569001,87,271605,208,28032,63,4811,271,32958,0,0,49982,76710.14,6649913,6617070,0
2021-04-26,26952,3803286,40717,2609718,1012,272617,308,28340,96,4907,409,33367,0,0,69090,75962.14,6719003,6685756,0
2021-04-27,28547,3831833,47129,2656847,1696,274313,378,28718,99,5006,482,33849,0,0,77854,75536,6796857,6763133,0
2021-04-28,27007,3858840,56839,2713686,2146,276459,458,29176,102,5108,563,34412,0,0,86555,75683,6883412,6849128,0
2021-04-29,28582,3887422,57196,2770882,2150,278609,384,29560,103,5211,489,34901,0,0,88417,75760.71,6971829,6937058,0
2021-04-30,30098,3917520,51991,2822873,2060,280669,294,29854,75,5286,370,35271,0,0,84520,75762.71,7056349,7021209,0
2021-05-01,22472,3939992,44534,2867407,1177,281846,237,30091,68,5354,307,35578,0,0,68490,74986.86,7124839,7089394,0
2021-05-02,11916,3951908,36635,2904042,1081,282927,156,30247,59,5413,217,35795,0,0,49849,74967.86,7174688,7139028,0
2021-05-03,18006,3969914,53015,2957057,2381,285308,271,30518,94,5507,367,36162,0,0,73771,75636.57,7248459,7212434,0
2021-05-04,22723,3992637,56641,3013698,2332,287640,277,30795,118,5625,396,36558,0,0,82093,76242.14,7330552,7294132,0
2021-05-05,21470,4014107,48754,3062452,2313,289953,319,31114,105,5730,425,36983,0,0,72963,74300.43,7403515,7366671,0
2021-05-06,20669,4034776,50177,3112629,2508,292461,283,31397,90,5820,377,37360,0,0,73731,72202.43,7477246,7440029,0
2021-05-07,21230,4056006,52102,3164731,2812,295273,323,31720,81,5901,405,37765,0,0,76549,71063.71,7553795,7516174,0
2021-05-08,16617,4072623,41861,3206592,1834,297107,239,31959,74,5975,313,38078,0,0,60625,69940.14,7614420,7576486,0
2021-05-09,7967,4080590,29401,3235993,1260,298367,159,32118,56,6031,215,38293,0,0,38843,68367.86,7653263,7615114,0
2021-05-10,14369,4094959,38525,3274518,2356,300723,252,32370,94,6125,350,38643,0,0,55601,65772.14,7708864,7670369,0
2021-05-11,19890,4114849,43057,3317575,2512,303235,295,32665,89,6214,389,39032,0,0,65849,63451.57,7774713,7735834,0
2021-05-12,17808,4132657,40533,3358108,3595,306830,244,32909,81,6295,325,39357,0,0,62261,61922.71,7836974,7797770,0
2021-05-13,24940,4157597,40430,3398538,3229,310059,274,33183,81,6376,357,39714,0,0,68957,61240.71,7905931,7866372,0
2021-05-14,27003,4184600,42943,3441481,3535,313594,278,33461,95,6471,375,40089,0,0,73856,60856,7979787,7939855,0
2021-05-15,23637,4208237,34921,3476402,3364,316958,262,33723,75,6546,338,40427,0,0,62260,61089.57,8042047,8001778,0
2021-05-16,15513,4223750,19461,3495863,2496,319454,123,33846,47,6593,171,40598,0,0,37641,60917.86,8079688,8039249,0
2021-05-17,22659,4246409,29135,3524998,3252,322706,192,34038,73,6666,265,40863,0,0,55311,60876.43,8134999,8094295,0
2021-05-18,24612,4271021,31903,3556901,3402,326108,248,34286,84,6750,332,41195,0,0,60249,60076.43,8195248,8154212,0
2021-05-19,24169,4295190,29730,3586631,3040,329148,234,34520,51,6801,286,41481,0,0,57225,59357,8252473,8211152,0
2021-05-20,24130,4319320,30105,3616736,3163,332311,274,34794,89,6890,368,41849,0,0,57766,57758.29,8310239,8268555,0
2021-05-21,24661,4343981,32003,3648739,3057,335368,253,35047,64,6954,320,42169,0,0,60041,55784.71,8370280,8328279,0
2021-05-22,20008,4363989,24373,3673112,2523,337891,171,35218,48,7002,220,42389,0,0,47124,53622.43,8417404,8375184,0
2021-05-23,11223,4375212,13735,3686847,1411,339302,95,35313,32,7034,129,42518,0,0,26498,52030.57,8443902,8401555,0
2021-05-24,18852,4394064,23166,3710013,2757,342059,224,35537,55,7089,282,42800,0,0,45057,50565.71,8488959,8446333,0
2021-05-25,19414,4413478,23383,3733396,2601,344660,180,35717,59,7148,239,43039,0,0,45637,48478.29,8534596,8491731,0
2021-05-26,18774,4432252,21087,3754483,2698,347358,205,35922,49,7197,256,43295,0,0,42815,46419.71,8577411,8534292,0
2021-05-27,18450,4450702,21284,3775767,2530,349888,185,36107,62,7259,248,43543,0,0,42512,44240.57,8619923,8576557,0
2021-05-28,17851,4468553,22875,3798642,2751,352639,194,36301,59,7318,254,43797,0,0,43731,41910.57,8663654,8620035,0
2021-05-29,12700,4481253,17815,3816457,1755,354394,108,36409,39,7357,148,43945,0,0,32418,39809.71,8696072,8652306,0
2021-05-30,7023,4488276,8952,3825409,1074,355468,49,36458,16,7373,65,44010,0,0,17114,38469.14,8713186,8669355,0
2021-05-31,4739,4493015,6922,3832331,1011,356479,66,36524,18,7391,84,44094,0,0,12756,33854.71,8725942,8682027,0
2021-06-01,16043,4509058,25191,3857522,2177,358656,159,36683,42,7433,205,44299,0,0,43616,33566,8769558,8725442,0
2021-06-02,15352,4524410,20399,3877921,2095,360751,141,36824,47,7480,188,44487,0,0,38034,32883,8807592,8763288,0
2021-06-03,14991,4539401,23822,3901743,2280,363031,137,36961,45,7525,184,44671,0,0,41277,32706.57,8848869,8804383,0
2021-06-04,14709,4554110,26002,3927745,2492,365523,152,37113,42,7567,195,44866,0,0,43399,32659.14,8892268,8847588,0
2021-06-05,10979,4565089,22103,3949848,1806,367329,117,37230,29,7596,147,45013,0,0,35035,33033,8927303,8882477,0
2021-06-06,6443,4571532,14484,3964332,1222,368551,92,37322,13,7609,106,45119,0,0,22255,33767.43,8949558,8904627,0
2021-06-07,11693,4583225,21782,3986114,2378,370929,146,37468,38,7647,187,45306,0,0,36040,37093.71,8985598,8940483,0
2021-06-08,12621,4595846,24019,4010133,2071,373000,129,37597,46,7693,176,45482,0,0,38887,36418.14,9024485,8979195,0
2021-06-09,11120,4606966,23024,4033157,2300,375300,142,37739,44,7737,188,45670,0,0,36632,36217.86,9061117,9015641,0
2021-06-10,12054,4619020,22230,4055387,2461,377761,149,37888,63,7800,212,45882,0,0,36958,35600.86,9098075,9052387,0
2021-06-11,12691,4631711,25127,4080514,2483,380244,161,38049,63,7863,225,46107,0,0,40526,35190.43,9138601,9092689,0
2021-06-12,10158,4641869,19318,4099832,1888,382132,97,38146,45,7908,144,46251,0,0,31508,34686.57,9170109,9124055,0
2021-06-13,4249,4646118,10939,4110771,1219,383351,42,38188,21,7929,63,46314,0,0,16472,33860.43,9186581,9140464,0
2021-06-14,10199,4656317,19238,4130009,2040,385391,137,38325,53,7982,190,46504,0,0,31667,33235.71,9218248,9171941,0
2021-06-15,11878,4668195,21014,4151023,1942,387333,132,38457,42,8024,175,46679,0,0,35010,32681.86,9253258,9206777,0
2021-06-16,11581,4679776,19401,4170424,1956,389289,153,38610,73,8097,226,46905,0,0,33164,32186.43,9286422,9239715,0
2021-06-17,11015,4690791,18759,4189183,1973,391262,132,38742,35,8132,169,47074,0,0,31916,31466.14,9318338,9271464,0
2021-06-18,12163,4702954,18494,4207677,2115,393377,121,38863,37,8169,159,47233,0,0,32932,30381.29,9351270,9304238,0
2021-06-19,8490,4711444,13516,4221193,1459,394836,91,38954,23,8192,114,47347,0,0,23579,29248.57,9374849,9327703,0
2021-06-20,4333,4715777,7159,4228352,924,395760,37,38991,16,8208,53,47400,0,0,12469,28676.71,9387318,9340119,0
2021-06-21,10151,4725928,10014,4238366,1807,397567,73,39064,28,8236,102,47502,0,0,22074,27306.29,9409392,9362092,0
2021-06-22,9828,4735756,15644,4254010,1588,399155,108,39172,29,8265,137,47639,0,0,27197,26190.14,9436589,9389152,0
2021-06-23,10303,4746059,15189,4269199,1862,401017,102,39274,31,8296,134,47773,0,0,27488,25379.29,9464077,9416507,0
2021-06-24,9676,4755735,14702,4283901,1798,402815,125,39399,27,8323,154,47927,0,0,26330,24581.29,9490407,9442685,0
2021-06-25,10583,4766318,14382,4298283,1720,404535,122,39521,38,8361,160,48087,0,0,26845,23711.71,9517252,9469370,0
2021-06-26,7798,4774116,10465,4308748,1249,405784,79,39600,23,8384,103,48190,0,0,19615,23145.43,9536867,9488883,0
2021-06-27,4998,4779114,6001,4314749,795,406579,34,39634,15,8399,50,48240,0,0,11844,23056.14,9548711,9500678,0
2021-06-28,9028,4788142,10351,4325100,1526,408105,110,39744,26,8425,137,48377,0,0,21042,22908.71,9569753,9521584,0
2021-06-29,9726,4797868,12332,4337432,1347,409452,126,39870,34,8459,161,48538,0,0,23566,22390,9593319,9544990,0
2021-06-30,9426,4807294,10929,4348361,1486,410938,151,40021,18,8477,172,48710,0,0,22013,21607.86,9615332,9566834,0
2021-07-01,9391,4816685,10927,4359288,1434,412372,132,40153,25,8502,159,48869,0,0,21911,20976.57,9637243,9588588,0
2021-07-02,9688,4826373,11457,4370745,1541,413913,119,40272,21,8523,140,49009,0,0,22827,20402.57,9660070,9611275,0
2021-07-03,7058,4833431,8423,4379168,1192,415105,79,40351,17,8540,96,49105,0,0,16769,19996,9676839,9627948,0
2021-07-04,1286,4834717,1335,4380503,567,415672,11,40362,3,8543,14,49119,0,0,3202,18761.43,9680041,9631136,0
2021-07-05,6492,4841209,7108,4387611,1207,416879,67,40429,22,8565,89,49208,0,0,14896,17883.43,9694937,9645943,0
2021-07-06,9505,4850714,12853,4400464,1315,418194,117,40546,38,8603,156,49364,0,0,23829,17921,9718766,9669617,0
2021-07-07,8661,4859375,11107,4411571,1418,419612,129,40675,20,8623,149,49513,0,0,21335,17824.14,9740101,9690803,0
2021-07-08,8216,4867591,10190,4421761,1258,420870,111,40786,23,8646,136,49649,0,0,19800,17522.57,9759901,9710469,0
2021-07-09,8370,4875961,10831,4432592,1280,422150,92,40878,20,8666,112,49761,0,0,20593,17203.43,9780494,9730950,0
2021-07-10,7097,4883058,8636,4441228,1131,423281,68,40946,21,8687,90,49851,0,0,16954,17229.86,9797448,9747815,0
2021-07-11,4104,4887162,4540,4445768,701,423982,38,40984,6,8693,44,49895,0,0,9389,18113.71,9806837,9757160,0
2021-07-12,8446,4895608,9562,4455330,1251,425233,85,41069,23,8716,108,50003,0,0,19367,18752.43,9826204,9776419,0
2021-07-13,9457,4905065,9394,4464724,952,426185,109,41178,36,8752,147,50150,0,0,19950,18198.29,9846154,9796224,0
2021-07-14,8990,4914055,9534,4474258,1010,427195,110,41288,22,8774,136,50286,0,0,19670,17960.43,9865824,9815762,0
2021-07-15,8789,4922844,9156,4483414,1052,428247,85,41373,20,8794,106,50392,0,0,19103,17860.86,9884927,9834760,0
2021-07-16,9246,4932090,9765,4493179,980,429227,104,41477,30,8824,134,50526,0,0,20125,17794,9905052,9854751,0
2021-07-17,6838,4938928,7387,4500566,803,430030,80,41557,21,8845,101,50627,0,0,15129,17533.29,9920181,9869779,0
2021-07-18,4252,4943180,4287,4504853,575,430605,36,41593,13,8858,49,50676,0,0,9163,17501,9929344,9878893,0
2021-07-19,9118,4952298,8486,4513339,999,431604,93,41686,22,8880,116,50792,0,0,18719,17408.43,9948063,9897497,0
2021-07-20,10637,4962935,8761,4522100,991,432595,96,41782,25,8905,122,50914,0,0,20511,17488.57,9968574,9917887,0
2021-07-21,10050,4972985,8776,4530876,904,433499,149,41931,33,8938,182,51096,0,0,19912,17523.14,9988486,9937617,0
2021-07-22,10685,4983670,8584,4539460,1045,434544,146,42077,27,8965,174,51270,0,0,20488,17721,10008974,9957932,0
2021-07-23,11245,4994915,8887,4548347,1114,435658,140,42217,23,8988,165,51435,0,0,21411,17904.71,10030385,9979180,0
2021-07-24,7400,5002315,6741,4555088,670,436328,82,42299,26,9014,109,51544,0,0,14920,17874.86,10045305,9993992,0
2021-07-25,5471,5007786,2130,4557218,509,436837,58,42357,4,9018,62,51606,0,0,8172,17733.29,10053477,10002102,0
2021-07-26,10865,5018651,7010,4564228,856,437693,113,42470,20,9038,133,51739,0,0,18864,17754,10072341,10020833,0
2021-07-27,12058,5030709,8572,4572800,856,438549,140,42610,41,9079,182,51921,0,0,21668,17919.29,10094009,10042320,0
2021-07-28,12001,5042710,8058,4580858,950,439499,138,42748,29,9108,168,52089,0,0,21177,18100,10115186,10063330,0
2021-07-29,10923,5053633,7437,4588295,983,440482,139,42887,41,9149,184,52273,0,0,19527,17962.71,10134713,10082677,0
2021-07-30,14945,5068578,8014,4596309,1151,441633,188,43075,32,9181,222,52495,0,0,24332,18380,10159045,10106789,0
2021-07-31,9718,5078296,6324,4602633,815,442448,122,43197,21,9202,144,52639,0,0,17001,18677.29,10176046,10123647,0
2021-08-01,6496,5084792,3312,4605945,564,443012,82,43279,22,9224,104,52743,0,0,10476,19006.43,10186522,10134019,0
2021-08-02,13448,5098240,7153,4613098,845,443857,150,43429,19,9243,169,52912,0,0,21615,19399.43,10208137,10155465,0
2021-08-03,15400,5113640,8392,4621490,1109,444966,145,43574,39,9282,185,53097,0,0,25086,19887.71,10233223,10180367,0
2021-08-04,17253,5130893,8135,4629625,1454,446420,183,43757,36,9318,219,53316,0,0,27061,20728.29,10260284,10207209,0
2021-08-05,17880,5148773,7935,4637560,1371,447791,162,43919,22,9340,184,53500,0,0,27370,21848.71,10287654,10234395,0
2021-08-06,18168,5166941,8421,4645981,1229,449020,173,44092,32,9372,205,53705,0,0,28023,22376,10315677,10262213,0
2021-08-07,13376,5180317,6019,4652000,800,449820,105,44197,29,9401,134,53839,0,0,20329,22851.43,10336006,10282408,0
2021-08-08,9309,5189626,3834,4655834,400,450220,84,44281,10,9411,94,53933,0,0,13637,23303,10349643,10295951,0
2021-08-09,21332,5210958,8529,4664363,965,451185,178,44459,34,9445,213,54146,0,0,31039,24649.29,10380682,10326778,0
2021-08-10,18944,5229902,9332,4673695,946,452131,182,44641,34,9479,217,54363,0,0,29439,25271.14,10410121,10356001,0
2021-08-11,15641,5245543,8314,4682009,853,452984,132,44773,46,9525,179,54542,0,0,24987,24974.86,10435108,10380810,0
2021-08-12,15046,5260589,8988,4690997,942,453926,180,44953,37,9562,219,54761,0,0,25195,24664.14,10460303,10405788,0
2021-08-13,14912,5275501,9294,4700291,919,454845,247,45200,38,9600,286,55047,0,0,25412,24291.14,10485715,10430915,0
2021-08-14,10392,5285893,6413,4706704,625,455470,537,45737,41,9641,581,55628,0,0,18011,23960,10503726,10448348,0
2021-08-15,6687,5292580,4483,4711187,676,456146,568,46305,33,9674,605,56233,0,0,12451,23790.57,10516177,10460198,0
2021-08-16,15696,5308276,9312,4720499,1149,457295,1330,47635,67,9741,1402,57635,0,0,27559,23293.43,10543736,10486360,0
2021-08-17,17754,5326030,10457,4730956,1229,458524,1778,49413,85,9826,1879,59514,0,0,31319,23562,10575055,10515816,0
2021-08-18,17477,5343507,10381,4741337,1262,459786,2004,51417,91,9917,2106,61620,0,0,31226,24453.29,10606281,10544947,0
2021-08-19,16283,5359790,9530,4750867,1315,461101,1963,53380,69,9986,2046,63666,0,0,29174,25021.71,10635455,10572089,0
2021-08-20,16257,5376047,11541,4762408,1252,462353,1873,55253,89,10075,1976,65642,0,0,31026,25823.71,10666481,10601153,0
2021-08-21,11143,5387190,8038,4770446,878,463231,1069,56322,53,10128,1129,66771,0,0,21188,26277.57,10687669,10621219,0
2021-08-22,4075,5391265,3903,4774349,261,463492,520,56842,33,10161,557,67328,0,0,8796,25755.43,10696465,10629462,0
2021-08-23,15570,5406835,11811,4786160,1022,464514,1553,58395,77,10238,1643,68971,0,0,30047,26110.86,10726512,10657879,0
2021-08-24,16900,5423735,12599,4798759,1007,465521,1777,60172,82,10320,1867,70838,0,0,32373,26261.43,10758885,10688393,0
2021-08-25,14559,5438294,12456,4811215,1112,466633,1573,61745,82,10402,1670,72508,0,0,29797,26057.29,10788682,10716535,0
2021-08-26,16140,5454434,14102,4825317,1070,467703,1783,63528,71,10473,1866,74374,0,0,33178,26629.29,10821860,10747859,0
2021-08-27,14866,5469300,14828,4840145,971,468674,1678,65206,76,10549,1762,76136,0,0,32427,26829.43,10854287,10778532,0
2021-08-28,10674,5479974,11521,4851666,835,469509,1023,66229,47,10596,1071,77207,0,0,24101,27245.57,10878388,10801563,0
2021-08-29,7208,5487182,7500,4859166,541,470050,782,67011,58,10654,849,78056,0,0,16098,28288.71,10894486,10816821,0
2021-08-30,15507,5502689,16932,4876098,1076,471126,1800,68811,94,10748,1902,79958,0,0,35417,29055.86,10929903,10850344,0
2021-08-31,15497,5518186,15961,4892059,952,472078,1983,70794,91,10839,2084,82042,0,0,34494,29358.86,10964397,10882764,0
2021-09-01,14819,5533005,14114,4906173,1020,473098,1815,72609,62,10901,1887,83929,0,0,31840,29650.71,10996237,10912727,0
2021-09-02,14307,5547312,12525,4918698,896,473994,1717,74326,65,10966,1798,85727,0,0,29526,29129,11025763,10940471,0
2021-09-03,14990,5562302,14315,4933013,974,474968,1902,76228,74,11040,1982,87709,0,0,32261,29105.29,11058024,10970756,0
2021-09-04,9640,5571942,9405,4942418,688,475656,982,77210,34,11074,1021,88730,0,0,20754,28627.14,11078778,10990494,0
2021-09-05,6790,5578732,5511,4947929,438,476094,720,77930,19,11093,740,89470,0,0,13479,28253,11092257,11003234,0
2021-09-06,5195,5583927,4511,4952440,358,476452,274,78204,11,11104,287,89757,0,0,10351,24672.14,11102608,11013300,0
2021-09-07,15555,5599482,17699,4970139,912,477364,1564,79768,95,11199,1667,91424,0,0,35833,24863.43,11138441,11047474,0
2021-09-08,16144,5615626,14829,4984968,1069,478433,1789,81557,83,11282,1883,93307,0,0,33925,25161.29,11172366,11079527,0
2021-09-09,16093,5631719,14759,4999727,1048,479481,1922,83479,78,11360,2011,95318,0,0,33911,25787.71,11206277,11111438,0
2021-09-10,18347,5650066,15402,5015129,1207,480688,1983,85462,82,11442,2072,97390,0,0,37028,26468.71,11243305,11146401,0
2021-09-11,12624,5662690,10350,5025479,958,481646,1037,86499,50,11492,1093,98483,0,0,25025,27078.86,11268330,11170339,0
2021-09-12,8532,5671222,5053,5030532,765,482411,694,87193,32,11524,727,99210,0,0,15077,27307.14,11283407,11184690,0
2021-09-13,16917,5688139,12967,5043499,976,483387,1663,88856,52,11576,1725,100935,0,0,32585,30483.43,11315992,11215560,0
2021-09-14,16256,5704395,13676,5057175,887,484274,1605,90461,57,11633,1674,102609,0,0,32494,30006.43,11348486,11246392,0
2021-09-15,15508,5719903,12897,5070072,727,485001,1575,92036,86,11719,1670,104279,0,0,30802,29560.29,11379288,11275533,0
2021-09-16,15322,5735225,13918,5083990,1209,486210,1473,93509,69,11788,1549,105828,0,0,31998,29287,11411286,11305989,0
2021-09-17,14424,5749649,13952,5097942,922,487132,1849,95358,61,11849,1912,107740,0,0,31210,28455.86,11442496,11335289,0
2021-09-18,9983,5759632,10191,5108133,913,488045,1054,96412,42,11891,1100,108840,0,0,22187,28050.43,11464683,11356380,0
2021-09-19,6166,5765798,6078,5114211,558,488603,749,97161,28,11919,782,109622,0,0,13584,27837.14,11478267,11369187,0
2021-09-20,12657,5778455,12634,5126845,1068,489671,1929,99090,62,11981,2000,111622,0,0,28360,27233.57,11506627,11395556,0
2021-09-21,12217,5790672,12772,5139617,1108,490779,2038,101128,81,12062,2135,113757,0,0,28232,26624.71,11534859,11421669,0
2021-09-22,12813,5803485,12008,5151625,1088,491867,1693,102821,69,12131,1768,115525,0,0,27677,26178.29,11562536,11447584,0
2021-09-23,14913,5818398,12770,5164395,1639,493506,2276,105097,76,12207,2359,117884,0,0,31681,26133,11594217,11476913,0
2021-09-24,16638,5835036,13362,5177757,1636,495142,4631,109728,128,12335,4777,122661,0,0,36413,26876.29,11630630,11508567,0
2021-09-25,10518,5845554,9033,5186790,1017,496159,3462,113190,83,12418,3562,126223,0,0,24130,27153.86,11654760,11529152,0
2021-09-26,6288,5851842,5768,5192558,773,496932,2423,115613,62,12480,2497,128720,0,0,15326,27402.71,11670086,11541993,0
2021-09-27,14127,5865969,8065,5200623,1155,498087,9086,124699,166,12646,9301,138021,0,0,32649,28015.43,11702735,11565390,0
2021-09-28,11097,5877066,11790,5212413,901,498988,9937,134636,185,12831,10161,148182,0,0,33949,28832.14,11736684,11589217,0
2021-09-29,11585,5888651,12195,5224608,1204,500192,9462,144098,180,13011,9677,157859,0,0,34661,29829.86,11771345,11614236,0
2021-09-30,12206,5900857,12612,5237220,1337,501529,9769,153867,183,13194,9986,167845,0,0,36141,30467,11807486,11640425,0
2021-10-01,12609,5913466,13431,5250651,1284,502813,10296,164163,158,13352,10490,178335,0,0,37814,30667.14,11845300,11667785,0
2021-10-02,7715,5921181,9982,5260633,865,503678,4248,168411,84,13436,4356,182691,0,0,22918,30494,11868218,11686371,0
2021-10-03,5052,5926233,6157,5266790,593,504271,2627,171038,60,13496,2697,185388,0,0,14499,30375.86,11882717,11698183,0
2021-10-04,9894,5936127,11017,5277807,914,505185,9542,180580,151,13647,9729,195117,0,0,31554,30219.43,11914271,11720044,0
2021-10-05,10129,5946256,11734,5289541,972,506157,9960,190540,181,13828,10184,205301,0,0,33019,30086.57,11947290,11742922,0
2021-10-06,9862,5956118,11051,5300592,937,507094,9958,200498,162,13990,10156,215457,0,0,32007,29707.43,11979297,11764809,0
2021-10-07,9591,5965709,12153,5312745,850,507944,10184,210682,183,14173,10401,225858,0,0,32995,29258,12012292,11787437,0
2021-10-08,9424,5975133,12182,5324927,940,508884,10928,221610,166,14339,11133,236991,0,0,33679,28667.29,12045971,11810022,0
2021-10-09,6223,5981356,8243,5333170,643,509527,4130,225740,92,14431,4239,241230,0,0,19348,28157.29,12065319,11825148,0
2021-10-10,3528,5984884,5028,5338198,458,509985,2440,228180,48,14479,2496,243726,0,0,11510,27730.29,12076829,11834170,0
2021-10-11,7587,5992471,9340,5347538,728,510713,8911,237091,165,14644,9101,252827,0,0,26756,27044.86,12103585,11851850,0
2021-10-12,8039,6000510,10998,5358536,891,511604,10544,247635,186,14830,10771,263598,0,0,30699,26713.43,12134284,11871819,0
2021-10-13,7121,6007631,10149,5368685,869,512473,8816,256451,187,15017,9033,272631,0,0,27172,26022.71,12161456,11889988,0
2021-10-14,7401,6015032,11116,5379801,837,513310,10137,266588,170,15187,10347,282978,0,0,29701,25552.14,12191157,11909382,0
2021-10-15,7700,6022732,11858,5391659,823,514133,10861,277449,176,15363,11070,294048,0,0,31451,25233.86,12222608,11929796,0
2021-10-16,4853,6027585,7464,5399123,665,514798,3856,281305,67,15430,3935,297983,0,0,16917,24886.57,12239525,11942790,0
2021-10-17,3047,6030632,4468,5403591,411,515209,2463,283768,46,15476,2516,300499,0,0,10442,24734,12249967,11950723,0
2021-10-18,7013,6037645,10671,5414262,797,516006,9502,293270,189,15665,9725,310224,0,0,28206,24941.14,12278173,11969238,0
2021-10-19,6544,6044189,8945,5423207,803,516809,9110,302380,182,15847,9333,319557,0,0,25625,24216.29,12303798,11985571,0
2021-10-20,6510,6050699,9373,5432580,975,517784,10003,312383,181,16028,10222,329779,0,0,27080,24203.14,12330878,12002467,0
2021-10-21,7000,6057699,9385,5441965,857,518641,10875,323258,159,16187,11069,340848,0,0,28311,24004.57,12359189,12019744,0
2021-10-22,8072,6065771,10341,5452306,1025,519666,16381,339639,229,16416,16664,357512,0,0,36102,24669,12395291,12039236,0
2021-10-23,5147,6070918,6452,5458758,690,520356,9140,348779,117,16533,9278,366790,0,0,21567,25333.29,12416858,12051546,0
2021-10-24,3246,6074164,3967,5462725,766,521122,6179,354958,81,16614,6285,373075,0,0,14264,25879.29,12431122,12059550,0
2021-10-25,8918,6083082,8746,5471471,1152,522274,19286,374244,309,16923,19668,392743,0,0,38484,27347.57,12469606,12078439,0
2021-10-26,8141,6091223,7725,5479196,1258,523532,17319,391563,283,17206,17672,410415,0,0,34796,28657.71,12504402,12095633,0
2021-10-27,10493,6101716,8391,5487587,1604,525136,20894,412457,338,17544,21304,431719,0,0,41792,30759.43,12546194,12116193,0
2021-10-28,11254,6112970,8027,5495614,1793,526929,20909,433366,331,17875,21308,453027,0,0,42382,32769.57,12588576,12137335,0
2021-10-29,11796,6124766,8226,5503840,1967,528896,22585,455951,355,18230,23012,476039,0,0,45002,34041,12633578,12159397,0
2021-10-30,4592,6129358,5062,5508902,932,529828,11205,467156,167,18397,11412,487451,0,0,21998,34102.57,12655576,12170023,0
2021-10-31,2641,6131999,2699,5511601,544,530372,6652,473808,107,18504,6783,494234,0,0,12667,33874.43,12668243,12175931,0
2021-11-01,7061,6139060,6952,5518553,1085,531457,20436,494244,343,18847,20839,515073,0,0,35937,33510.57,12704180,12191089,0
2021-11-02,6519,6145579,6587,5525140,1055,532512,20825,515069,282,19129,21185,536258,0,0,35347,33589.29,12739527,12205329,0
2021-11-03,6776,6152355,6675,5531815,1025,533537,20693,535762,314,19443,21084,557342,0,0,35562,32699.29,12775089,12219884,0
2021-11-04,9248,6161603,6275,5538090,997,534534,22432,558194,353,19796,22870,580212,0,0,39390,32271.86,12814479,12236489,0
2021-11-05,11008,6172611,6717,5544807,1049,535583,23816,582010,361,20157,24261,604473,0,0,43035,31990.86,12857514,12255347,0
2021-11-06,11133,6183744,4051,5548858,593,536176,12617,594627,178,20335,12832,617305,0,0,28609,32935.29,12886123,12271161,0
2021-11-07,7222,6190966,2287,5551145,577,536753,7123,601750,99,20434,7237,624542,0,0,17323,33600.43,12903446,12281262,0
2021-11-08,15015,6205981,5678,5556823,862,537615,19545,621295,290,20724,19902,644444,0,0,41457,34389,12944903,12302884,0
2021-11-09,16092,6222073,5384,5562207,658,538273,20563,641858,286,21010,20932,665376,0,0,43066,35491.71,12987969,12325101,0
2021-11-10,16854,6238927,5321,5567528,682,538955,22724,664582,296,21306,23090,688466,0,0,45947,36975.29,13033916,12348028,0
2021-11-11,12479,6251406,5188,5572716,760,539715,22161,686743,299,21605,22530,710996,0,0,40957,37199.14,13074873,12366525,0
2021-11-12,16813,6268219,5684,5578400,705,540420,23486,710229,363,21968,23926,734922,0,0,47128,37783.86,13122001,12389804,0
2021-11-13,9909,6278128,3660,5582060,464,540884,13371,723600,185,22153,13601,748523,0,0,27634,37644.57,13149635,12403882,0
2021-11-14,5975,6284103,2283,5584343,324,541208,7963,731563,82,22235,8066,756589,0,0,16648,37548.14,13166283,12412485,0
2021-11-15,13164,6297267,5974,5590317,688,541896,25185,756748,369,22604,25633,782222,0,0,45459,38119.86,13211742,12432390,0
2021-11-16,9867,6307134,5778,5596095,652,542548,30742,787490,446,23050,31267,813489,0,0,47566,38762.71,13259308,12448768,0
2021-11-17,10196,6317330,6669,5602764,680,543228,31522,819012,432,23482,32045,845534,0,0,49590,39283.14,13308898,12466404,0
2021-11-18,10619,6327949,6522,5609286,854,544082,33129,852141,477,23959,33703,879237,0,0,51698,40817.57,13360596,12484496,0
2021-11-19,11890,6339839,6550,5615836,707,544789,36374,888515,474,24433,36939,916176,0,0,56086,42097.29,13416682,12503734,0
2021-11-20,9270,6349109,3414,5619250,512,545301,22584,911099,265,24698,22901,939077,0,0,36097,43306.29,13452779,12516982,0
2021-11-21,4885,6353994,1886,5621136,288,545589,13257,924356,157,24855,13439,952516,0,0,20498,43856.29,13473277,12524066,0
2021-11-22,10314,6364308,5782,5626918,748,546337,36030,960386,453,25308,36575,989091,0,0,53419,44993.43,13526696,12541002,0
2021-11-23,9668,6373976,4778,5631696,631,546968,33620,994006,396,25704,34089,1023180,0,0,49167,45222.14,13575863,12556153,0
2021-11-24,8607,6382583,4745,5636441,648,547616,26002,1020008,296,26000,26369,1049549,0,0,40369,43904.86,13616232,12570224,0
2021-11-25,447,6383030,330,5636771,80,547696,1003,1021011,9,26009,1012,1050561,0,0,1869,36786.43,13618101,12571081,0
2021-11-26,7983,6391013,7006,5643777,528,548224,26657,1047668,315,26324,27029,1077590,0,0,42546,34852.14,13660647,12586655,0
2021-11-27,6631,6397644,6859,5650636,370,548594,18896,1066564,232,26556,19166,1096756,0,0,33027,34413.57,13693674,12600554,0
2021-11-28,4024,6401668,5792,5656428,280,548874,11943,1078507,125,26681,12088,1108844,0,0,22184,34654.43,13715858,12610670,0
2021-11-29,8987,6410655,11019,5667447,684,549558,35165,1113672,464,27145,35707,1144551,0,0,56397,35079.86,13772255,12631438,0
2021-11-30,10384,6421039,11448,5678895,510,550068,37880,1151552,512,27657,38506,1183057,0,0,60848,36748.57,13833103,12653894,0
2021-12-01,11050,6432089,10983,5689878,724,550792,40495,1192047,442,28099,41035,1224092,0,0,63794,40095,13896897,12676751,0
2021-12-02,11509,6443598,11056,5700934,625,551417,42345,1234392,475,28574,42918,1267010,0,0,66108,49272,13963005,12700039,0
2021-12-03,13327,6456925,12916,5713850,665,552082,48122,1282514,548,29122,48775,1315785,0,0,75683,54005.86,14038688,12727052,0
2021-12-04,9738,6466663,11322,5725172,564,552646,30777,1313291,314,29436,31145,1346930,0,0,52769,56826.14,14091457,12748730,0
2021-12-05,5685,6472348,5704,5730876,270,552916,16720,1330011,133,29569,16889,1363819,0,0,28548,57735.29,14120005,12760425,0
2021-12-06,12196,6484544,9992,5740868,599,553515,43388,1373399,473,30042,43954,1407773,0,0,66742,59213.14,14186747,12783306,0
2021-12-07,12471,6497015,9259,5750127,623,554138,43198,1416597,527,30569,43815,1451588,0,0,66168,59973.14,14252915,12805749,0
2021-12-08,13421,6510436,8777,5758904,555,554693,40925,1457522,501,31070,41508,1493096,0,0,64261,60039.86,14317176,12828584,0
2021-12-09,13355,6523791,8761,5767665,551,555244,40986,1498508,507,31577,41593,1534689,0,0,64261,59776,14381437,12851352,0
2021-12-10,13921,6537712,10162,5777827,666,555910,43825,1542333,544,32121,44457,1579146,0,0,69207,58850.86,14450644,12876190,0
2021-12-11,10186,6547898,8156,5785983,404,556314,26781,1569114,293,32414,27124,1606270,0,0,45871,57865.43,14496515,12894987,0
2021-12-12,5967,6553865,3857,5789840,287,556601,15211,1584325,138,32552,15374,1621644,0,0,25485,57427.86,14522000,12905123,0
2021-12-13,12093,6565958,7435,5797275,654,557255,38045,1622370,411,32963,38539,1660183,0,0,58721,56282,14580721,12925388,0
2021-12-14,12130,6578088,6948,5804223,729,557984,38288,1660658,456,33419,38812,1698995,0,0,58620,55203.71,14639341,12945264,0
2021-12-15,11974,6590062,6247,5810470,754,558738,38286,1698944,500,33919,38869,1737864,0,0,57845,54287.14,14697186,12964323,0
2021-12-16,13055,6603117,4265,5814735,737,559475,41259,1740203,471,34390,41804,1779668,0,0,59861,53658.57,14757047,12982454,0
2021-12-17,15817,6618934,6945,5821680,617,560092,46960,1787163,490,34880,47547,1827215,0,0,70926,53904.14,14827973,13005930,0
2021-12-18,12931,6631865,5731,5827411,432,560524,30713,1817876,283,35163,31053,1858268,0,0,50147,54515,14878120,13025081,0
2021-12-19,6952,6638817,2994,5830405,326,560850,18061,1835937,182,35345,18275,1876543,0,0,28547,54952.43,14906667,13035385,0
2021-12-20,16688,6655505,5857,5836262,745,561595,47666,1883603,585,35930,48332,1924875,0,0,71622,56795.43,14978289,13058756,0
2021-12-21,17820,6673325,6575,5842837,806,562401,49077,1932680,617,36547,49773,1974648,0,0,74975,59131.86,15053264,13084037,0
2021-12-22,18466,6691791,6553,5849390,938,563339,49852,1982532,548,37095,50480,2025128,0,0,76437,61787.86,15129701,13110074,0
2021-12-23,18921,6710712,6489,5855879,929,564268,46036,2028568,546,37641,46648,2071776,0,0,72987,63663,15202688,13136479,0
2021-12-24,9178,6719890,2957,5858836,598,564866,20662,2049230,213,37854,20909,2092685,0,0,33642,58336.71,15236330,13149246,0
2021-12-25,342,6720232,63,5858899,31,564897,427,2049657,8,37862,436,2093121,0,0,872,51297.43,15237202,13149683,0
2021-12-26,7913,6728145,3932,5862831,341,565238,17319,2066976,179,38041,17529,2110650,0,0,29715,51464.29,15266917,13161900,0
2021-12-27,21693,6749838,9213,5872044,934,566172,43568,2110544,574,38615,44215,2154865,0,0,76055,52097.57,15342972,13193813,0
2021-12-28,20034,6769872,8344,5880388,700,566872,47720,2158264,631,39246,48439,2203304,0,0,77517,52460.71,15420489,13222979,0
2021-12-29,18413,6788285,7676,5888064,606,567478,45704,2203968,501,39747,46280,2249584,0,0,72975,51966.14,15493464,13249749,0
2021-12-30,16801,6805086,7443,5895507,588,568066,44946,2248914,603,40350,45639,2295223,0,0,70472,51606.86,15563936,13274672,0
2021-12-31,5340,6810426,2817,5898324,193,568259,14800,2263714,190,40540,15012,2310235,0,0,23362,50138.29,15587298,13283044,0
2022-01-01,244,6810670,149,5898473,12,568271,504,2264218,36,40576,544,2310779,0,0,949,50149.29,15588247,13283453,0
2022-01-02,6400,6817070,5020,5903493,153,568424,11011,2275229,111,40687,11137,2321916,0,0,22710,49148.57,15610957,13295041,0
2022-01-03,14060,6831130,8527,5912020,515,568939,27042,2302271,353,41040,27439,2349355,0,0,50541,45503.71,15661498,13318187,0
2022-01-04,12760,6843890,8129,5920149,414,569353,27319,2329590,374,41414,27752,2377107,0,0,49055,41437.71,15710553,13339549,0
2022-01-05,11276,6855166,7034,5927183,386,569739,26038,2355628,322,41736,26404,2403511,0,0,45100,37455.57,15755653,13358289,0
2022-01-06,11299,6866465,7399,5934582,485,570224,27689,2383317,363,42099,28104,2431615,0,0,47287,34143.43,15802940,13377524,0
2022-01-07,10107,6876572,8458,5943040,339,570563,25248,2408565,334,42433,25616,2457231,0,0,44521,37166.14,15847461,13396463,0
2022-01-08,7636,6884208,8606,5951646,311,570874,19650,2428215,193,42626,19860,2477091,0,0,36414,42232.57,15883875,13413034,0
2022-01-09,4098,6888306,3845,5955491,214,571088,10084,2438299,100,42726,10195,2487286,0,0,18354,41610.29,15902229,13421204,0
2022-01-10,10123,6898429,8202,5963693,490,571578,24661,2462960,311,43037,25023,2512309,0,0,43838,40652.71,15946067,13440070,0
2022-01-11,8825,6907254,7987,5971680,522,572100,21087,2484047,296,43333,21428,2533737,0,0,38766,39182.86,15984833,13457453,0
2022-01-12,8883,6916137,8333,5980013,427,572527,22412,2506459,295,43628,22742,2556479,0,0,40386,38509.43,16025219,13475132,0
2022-01-13,8976,6925113,8873,5988886,451,572978,22964,2529423,344,43972,23346,2579825,0,0,41648,37703.86,16066867,13493472,0
2022-01-14,10051,6935164,8131,5997017,474,573452,26497,2555920,341,44313,26879,2606704,0,0,45535,37848.71,16112402,13512169,0
2022-01-15,6180,6941344,4322,6001339,180,573632,15172,2571092,186,44499,15382,2622086,0,0,26064,36370.14,16138466,13522875,0
2022-01-16,2887,6944231,3251,6004590,95,573727,7844,2578936,90,44589,7944,2630030,0,0,14178,35773.57,16152644,13529119,0
2022-01-17,6031,6950262,6761,6011351,363,574090,14726,2593662,224,44813,14969,2644999,0,0,28124,33528.71,16180768,13542293,0
2022-01-18,8105,6958367,10327,6021678,393,574483,19718,2613380,329,45142,20078,2665077,0,0,38903,33548.29,16219671,13561149,0
2022-01-19,7400,6965767,9267,6030945,303,574786,17765,2631145,286,45428,18083,2683160,0,0,35053,32786.43,16254724,13578151,0
2022-01-20,6217,6971984,8570,6039515,305,575091,15307,2646452,260,45688,15594,2698754,0,0,30687,31220.57,16285411,13593271,0
2022-01-21,7504,6979488,7521,6047036,276,575367,18558,2665010,295,45983,18878,2717632,0,0,34179,29598.29,16319590,13608597,0
2022-01-22,5166,6984654,4955,6051991,132,575499,11346,2676356,133,46116,11504,2729136,0,0,21757,28983,16341347,13618875,0
2022-01-23,2777,6987431,3338,6055329,97,575596,6251,2682607,79,46195,6338,2735474,0,0,12550,28750.43,16353897,13625095,0
2022-01-24,6316,6993747,8215,6063544,262,575858,15106,2697713,253,46448,15386,2750860,0,0,30180,29044.14,16384077,13639916,0
2022-01-25,6132,6999879,7961,6071505,230,576088,14743,2712456,295,46743,15072,2765932,0,0,29395,27685.86,16413472,13654273,0
2022-01-26,5706,7005585,7190,6078695,287,576375,14051,2726507,225,46968,14304,2780236,0,0,27487,26605,16440959,13667484,0
2022-01-27,5201,7010786,7102,6085797,320,576695,14126,2740633,240,47208,14405,2794641,0,0,27028,26082.29,16467987,13680146,0
2022-01-28,6207,7016993,7885,6093682,205,576900,16165,2756798,246,47454,16434,2811075,0,0,30731,25589.71,16498718,13694466,0
2022-01-29,833,7017826,729,6094411,28,576928,2544,2759342,40,47494,2587,2813662,0,0,4177,23078.29,16502895,13696059,0
2022-01-30,2070,7019896,3025,6097436,103,577031,4557,2763899,64,47558,4625,2818287,0,0,9823,22688.71,16512718,13701261,0
2022-01-31,4969,7024865,6600,6104036,219,577250,11413,2775312,208,47766,11636,2829923,0,0,23424,21723.57,16536142,13713064,0
2022-02-01,4796,7029661,6457,6110493,220,577470,10740,2786052,223,47989,10981,2840904,0,0,22455,20732.14,16558597,13724556,0
2022-02-02,4241,7033902,5938,6116431,212,577682,11260,2797312,243,48232,11521,2852425,0,0,21912,19935.71,16580509,13734965,0
2022-02-03,4198,7038100,5818,6122249,216,577898,11240,2808552,206,48438,11473,2863898,0,0,21706,19175.43,16602215,13745225,0
2022-02-04,4729,7042829,7121,6129370,214,578112,13259,2821811,242,48680,13526,2877424,0,0,25590,18441,16627805,13757314,0
2022-02-05,3551,7046380,6082,6135452,109,578221,8608,2830419,159,48839,8782,2886206,0,0,18524,20490.57,16646329,13767071,0
2022-02-06,2046,7048426,2138,6137590,120,578341,4654,2835073,105,48944,4763,2890969,0,0,9068,20382.71,16655397,13771380,0
2022-02-07,4116,7052542,4751,6142341,205,578546,10154,2845227,238,49182,10417,2901386,0,0,19489,19820.57,16674886,13780477,0
2022-02-08,4178,7056720,5607,6147948,214,578760,11358,2856585,316,49498,11699,2913085,0,0,21698,19712.43,16696584,13790501,0
2022-02-09,4104,7060824,5405,6153353,221,578981,11685,2868270,259,49757,11968,2925053,0,0,21698,19681.86,16718282,13800255,0
2022-02-10,3960,7064784,5129,6158482,243,579224,12213,2880483,296,50053,12539,2937592,0,0,21871,19705.43,16740153,13809617,0
2022-02-11,4487,7069271,5810,6164292,195,579419,13757,2894240,328,50381,14118,2951710,0,0,24610,19565.43,16764763,13820142,0
2022-02-12,3232,7072503,4352,6168644,97,579516,8828,2903068,220,50601,9059,2960769,0,0,16740,19310.57,16781503,13827834,0
2022-02-13,1508,7074011,1544,6170188,41,579557,4888,2907956,115,50716,5008,2965777,0,0,8101,19172.43,16789604,13830932,0
2022-02-14,2957,7076968,3633,6173821,167,579724,10588,2918544,332,51048,10947,2976724,0,0,17704,18917.43,16807308,13837716,0
2022-02-15,3514,7080482,4077,6177898,174,579898,12804,2931348,294,51342,13114,2989838,0,0,20879,18800.43,16828187,13845497,0
2022-02-16,3609,7084091,3912,6181810,199,580097,15771,2947119,299,51641,16105,3005943,0,0,23825,19104.29,16852012,13853252,0
2022-02-17,3985,7088076,4081,6185891,162,580259,18366,2965485,378,52019,18774,3024717,0,0,27002,19837.29,16879014,13861510,0
2022-02-18,4421,7092497,4794,6190685,190,580449,21563,2987048,469,52488,22055,3046772,0,0,31460,20815.86,16910474,13870938,0
2022-02-19,3231,7095728,2187,6192872,65,580514,11205,2998253,220,52708,11436,3058208,0,0,16919,20841.43,16927393,13876432,0
2022-02-20,1841,7097569,1446,6194318,59,580573,6600,3004853,116,52824,6723,3064931,0,0,10069,21122.57,16937462,13879785,0
2022-02-21,3070,7100639,2695,6197013,93,580666,8368,3013221,236,53060,8617,3073548,0,0,14475,20661.29,16951937,13885656,0
2022-02-22,4357,7104996,4267,6201280,174,580840,10849,3024070,256,53316,11124,3084672,0,0,19922,20524.57,16971859,13894473,0
2022-02-23,4230,7109226,3792,6205072,145,580985,10695,3034765,242,53558,10954,3095626,0,0,19121,19852.57,16990980,13902657,0
2022-02-24,3778,7113004,3659,6208731,108,581093,10209,3044974,241,53799,10468,3106094,0,0,18013,18568.43,17008993,13910220,0
2022-02-25,3583,7116587,3637,6212368,135,581228,9998,3054972,248,54047,10259,3116353,0,0,17614,16590.43,17026607,13917588,0
2022-02-26,2811,7119398,2593,6214961,73,581301,9530,3064502,162,54209,9701,3126054,0,0,15178,16341.71,17041785,13923074,0
2022-02-27,1760,7121158,1373,6216334,52,581353,6276,3070778,103,54312,6386,3132440,0,0,9571,16270.57,17051356,13926266,0
2022-02-28,3762,7124920,3137,6219471,140,581493,13160,3083938,259,54571,13443,3145883,0,0,20482,17128.71,17071838,13933329,0
2022-03-01,2112,7127032,2632,6222103,103,581596,5194,3089132,189,54760,5390,3151273,0,0,10237,15745.14,17082075,13938183,0
2022-03-02,1822,7128854,2448,6224551,107,581703,4148,3093280,212,54972,4371,3155644,0,0,8748,14263.29,17090823,13942571,0
2022-03-03,1926,7130780,2564,6227115,106,581809,3808,3097088,171,55143,3993,3159637,0,0,8589,12917,17099412,13947181,0
2022-03-04,2110,7132890,2884,6229999,66,581875,4337,3101425,214,55357,4563,3164200,0,0,9623,11775.43,17109035,13952253,0
2022-03-05,1609,7134499,2128,6232127,43,581918,3322,3104747,119,55476,3444,3167644,0,0,7224,10639.14,17116259,13956036,0
2022-03-06,792,7135291,881,6233008,30,581948,1626,3106373,55,55531,1684,3169328,0,0,3387,9755.71,17119646,13957742,0
2022-03-07,1657,7136948,1788,6234796,87,582035,3509,3109882,162,55693,3685,3173013,0,0,7217,7860.71,17126863,13961288,0
2022-03-08,1541,7138489,1898,6236694,81,582116,3129,3113011,155,55848,3296,3176309,0,0,6816,7372,17133679,13964820,0
2022-03-09,1260,7139749,1685,6238379,80,582196,2595,3115606,128,55976,2729,3179038,0,0,5754,6944.29,17139433,13967851,0
2022-03-10,1407,7141156,2097,6240476,84,582280,2978,3118584,165,56141,3152,3182190,0,0,6740,6680.14,17146173,13971448,0
2022-03-11,1595,7142751,2278,6242754,81,582361,3217,3121801,190,56331,3425,3185615,0,0,7379,6359.57,17153552,13975420,0
2022-03-12,874,7143625,1419,6244173,42,582403,2012,3123813,74,56405,2089,3187704,0,0,4424,5959.57,17157976,13977758,0
2022-03-13,624,7144249,757,6244930,28,582431,1292,3125105,48,56453,1343,3189047,0,0,2752,5868.86,17160728,13979170,0
2022-03-14,1358,7145607,1616,6246546,84,582515,3000,3128105,209,56662,3231,3192278,0,0,6289,5736.29,17167017,13982250,0
2022-03-15,1354,7146961,1924,6248470,63,582578,3070,3131175,238,56900,3315,3195593,0,0,6656,5713.43,17173673,13985598,0
2022-03-16,1395,7148356,2061,6250531,94,582672,3147,3134322,296,57196,3459,3199052,0,0,7009,5892.71,17180682,13989164,0
2022-03-17,1190,7149546,1809,6252340,71,582743,2765,3137087,269,57465,3048,3202100,0,0,6118,5803.86,17186800,13992248,0
2022-03-18,1577,7151123,2221,6254561,79,582822,3779,3140866,423,57888,4208,3206308,0,0,8085,5904.71,17194885,13996131,0
2022-03-19,1101,7152224,1737,6256298,54,582876,2607,3143473,231,58119,2843,3209151,0,0,5735,6092,17200620,13999028,0
2022-03-20,603,7152827,630,6256928,33,582909,1471,3144944,186,58305,1661,3210812,0,0,2927,6117,17203547,14000298,0
2022-03-21,1408,7154235,1561,6258489,73,582982,3064,3148008,363,58668,3448,3214260,0,0,6490,6145.71,17210037,14003361,0
2022-03-22,1340,7155575,1553,6260042,101,583083,2907,3150915,350,59018,3267,3217527,0,0,6261,6089.29,17216298,14006365,0
2022-03-23,1256,7156831,1358,6261400,66,583149,2926,3153841,375,59393,3311,3220838,0,0,5991,5943.86,17222289,14009055,0
2022-03-24,1206,7158037,1299,6262699,90,583239,2519,3156360,278,59671,2806,3223644,0,0,5401,5841.43,17227690,14011659,0
2022-03-25,1379,7159416,1638,6264337,62,583301,3270,3159630,385,60056,3668,3227312,0,0,6747,5650.29,17234437,14014751,0
2022-03-26,920,7160336,1170,6265507,36,583337,2311,3161941,255,60311,2574,3229886,0,0,4700,5502.43,17239137,14016885,0
2022-03-27,574,7160910,527,6266034,29,583366,1314,3163255,204,60515,1520,3231406,0,0,2650,5462.86,17241787,14018017,0
2022-03-28,1071,7161981,1170,6267204,69,583435,2443,3165698,367,60882,2829,3234235,0,0,5139,5269.86,17246926,14020346,0
2022-03-29,1041,7163022,1106,6268310,84,583519,2516,3168214,886,61768,3423,3237658,0,0,5654,5183.14,17252580,14022598,0
2022-03-30,1235,7164257,1139,6269449,99,583618,3065,3171279,3413,65181,6569,3244227,0,0,9042,5619,17261622,14025162,0
2022-03-31,1274,7165531,1250,6270699,58,583676,3163,3174442,5535,70716,8837,3253064,0,0,11420,6478.86,17273042,14027884,0
2022-04-01,1421,7166952,1487,6272186,77,583753,3243,3177685,6927,77643,10326,3263390,0,0,13311,7416.57,17286353,14031025,0
2022-04-02,904,7167856,909,6273095,33,583786,2085,3179770,4543,82186,6724,3270114,0,0,8570,7969.43,17294923,14032967,0
2022-04-03,553,7168409,490,6273585,28,583814,1219,3180989,3061,85247,4344,3274458,0,0,5415,8364.43,17300338,14034102,0
2022-04-04,1343,7169752,1299,6274884,62,583876,2725,3183714,7724,92971,10605,3285063,0,0,13309,9531.57,17313647,14036962,0
2022-04-05,1288,7171040,1153,6276037,66,583942,2843,3186557,7505,100476,10525,3295588,0,0,13032,10585.57,17326679,14039646,0
2022-04-06,1327,7172367,1174,6277211,61,584003,2629,3189186,6959,107435,9751,3305339,0,0,12313,11052.86,17338992,14042371,0
2022-04-07,1198,7173565,1060,6278271,57,584060,2379,3191565,6627,114062,9156,3314495,0,0,11471,11060.14,17350463,14044836,0
2022-04-08,1470,7175035,1409,6279680,61,584121,3170,3194735,8791,122853,12160,3326655,0,0,15100,11315.71,17365563,14047975,0
2022-04-09,906,7175941,925,6280605,29,584150,2081,3196816,4961,127814,7128,3333783,0,0,8988,11375.43,17374551,14049921,0
2022-04-10,573,7176514,459,6281064,25,584175,1169,3197985,2902,130716,4134,3337917,0,0,5191,11343.43,17379742,14051041,0
2022-04-11,1303,7177817,1224,6282288,61,584236,2654,3200639,7842,138558,10652,3348569,0,0,13240,11333.57,17392982,14053785,0
2022-04-12,1210,7179027,1053,6283341,73,584309,2513,3203152,7455,146013,10143,3358712,0,0,12479,11254.57,17405461,14056296,0
2022-04-13,1227,7180254,1073,6284414,61,584370,2512,3205664,7551,153564,10216,3368928,0,0,12577,11292.29,17418038,14058810,0
2022-04-14,1259,7181513,1095,6285509,58,584428,2444,3208108,6595,160159,9168,3378096,0,0,11580,11307.86,17429618,14061351,0
2022-04-15,1333,7182846,1092,6286601,53,584481,2552,3210660,6636,166795,9322,3387418,0,0,11800,10836.43,17441418,14063963,0
2022-04-16,853,7183699,652,6287253,34,584515,1641,3212301,3692,170487,5401,3392819,0,0,6940,10543.86,17448358,14065570,0
2022-04-17,345,7184044,201,6287454,27,584542,636,3212937,1159,171646,1819,3394638,0,0,2392,10144,17450750,14066167,0
2022-04-18,1376,7185420,1110,6288564,82,584624,2581,3215518,6419,178065,9143,3403781,0,0,11711,9925.57,17462461,14068878,0
2022-04-19,1406,7186826,933,6289497,71,584695,2569,3218087,5767,183832,8440,3412221,0,0,10850,9692.86,17473311,14071392,0
2022-04-20,1295,7188121,1151,6290648,66,584761,2711,3220798,6650,190482,9504,3421725,0,0,12016,9612.71,17485327,14074047,0
2022-04-21,1223,7189344,1061,6291709,53,584814,2339,3223137,5404,195886,7860,3429585,0,0,10197,9415.14,17495524,14076501,0
2022-04-22,1230,7190574,1038,6292747,46,584860,2239,3225376,5785,201671,8140,3437725,0,0,10454,9222.86,17505978,14078931,0
2022-04-23,710,7191284,751,6293498,59,584919,1427,3226803,3353,205024,4847,3442572,0,0,6367,9141,17512345,14080518,0
2022-04-24,445,7191729,344,6293842,27,584946,812,3227615,1845,206869,2690,3445262,0,0,3506,9300.14,17515851,14081367,0
2022-04-25,1036,7192765,917,6294759,64,585010,1849,3229464,5095,211964,7057,3452319,0,0,9075,8923.57,17524926,14083498,0
2022-04-26,946,7193711,856,6295615,76,585086,1748,3231212,4700,216664,6539,3458858,0,0,8417,8576,17533343,14085467,0
2022-04-27,1034,7194745,1020,6296635,80,585166,1924,3233136,5219,221883,7264,3466122,0,0,9398,8202,17542741,14087722,0
2022-04-28,1080,7195825,985,6297620,50,585216,2007,3235143,4749,226632,6869,3472991,0,0,8985,8028.86,17551726,14089951,0
2022-04-29,1170,7196995,1102,6298722,60,585276,2158,3237301,5437,232069,7713,3480704,0,0,10045,7970.43,17561771,14092401,0
2022-04-30,723,7197718,742,6299464,50,585326,1392,3238693,2966,235035,4407,3485111,0,0,5922,7906.86,17567693,14093965,0
2022-05-01,445,7198163,366,6299830,20,585346,766,3239459,1657,236692,2454,3487565,0,0,3285,7875.29,17570978,14094827,0
2022-05-02,1042,7199205,791,6300621,52,585398,1673,3241132,3824,240516,5565,3493130,0,0,7450,7643.14,17578428,14096780,0
2022-05-03,1115,7200320,864,6301485,61,585459,1994,3243126,4872,245388,6964,3500094,0,0,9004,7727,17587432,14098918,0
2022-05-04,1003,7201323,881,6302366,48,585507,1925,3245051,4677,250065,6696,3506790,0,0,8628,7617,17596060,14100944,0
2022-05-05,1070,7202393,952,6303318,86,585593,1928,3246979,4890,254955,6917,3513707,0,0,9025,7622.71,17605085,14103151,0
2022-05-06,1093,7203486,956,6304274,51,585644,1858,3248837,4403,259358,6339,3520046,0,0,8439,7393.29,17613524,14105329,0
2022-05-07,659,7204145,589,6304863,32,585676,1204,3250041,2435,261793,3679,3523725,0,0,4959,7255.71,17618483,14106649,0
2022-05-08,409,7204554,243,6305106,17,585693,666,3250707,1389,263182,2077,3525802,0,0,2746,7178.71,17621229,14107340,0
2022-05-09,1075,7205629,946,6306052,60,585753,1889,3252596,4438,267620,6421,3532223,0,0,8502,7329,17629731,14109515,0
2022-05-10,1093,7206722,928,6306980,54,585807,1978,3254574,4721,272341,6809,3539032,0,0,8884,7311.86,17638615,14111700,0
2022-05-11,1082,7207804,970,6307950,44,585851,1942,3256516,4843,277184,6889,3545921,0,0,8985,7362.86,17647600,14113900,0
2022-05-12,1098,7208902,950,6308900,60,585911,2002,3258518,4669,281853,6772,3552693,0,0,8880,7342.14,17656480,14116109,0
2022-05-13,1153,7210055,1037,6309937,44,585955,2074,3260592,4810,286663,6977,3559670,0,0,9211,7452.43,17665691,14118436,0
2022-05-14,826,7210881,671,6310608,31,585986,1468,3262060,2965,289628,4475,3564145,0,0,6003,7601.57,17671694,14120006,0
2022-05-15,508,7211389,355,6310963,22,586008,924,3262984,1649,291277,2599,3566744,0,0,3484,7707,17675178,14120917,0
2022-05-16,1222,7212611,855,6311818,62,586070,1831,3264815,3870,295147,5766,3572510,0,0,7905,7621.71,17683083,14123121,0
2022-05-17,1282,7213893,931,6312749,79,586149,2046,3266861,4900,300047,7040,3579550,0,0,9332,7685.71,17692415,14125507,0
2022-05-18,1233,7215126,897,6313646,82,586231,2062,3268923,4950,304997,7125,3586675,0,0,9337,7736,17701752,14127832,0
2022-05-19,1157,7216283,881,6314527,36,586267,2117,3271040,4732,309729,6935,3593610,0,0,9009,7754.43,17710761,14129992,0
2022-05-20,1195,7217478,958,6315485,73,586340,2369,3273409,5215,314944,7697,3601307,0,0,9925,7856.43,17720686,14132333,0
2022-05-21,830,7218308,647,6316132,24,586364,1727,3275136,3312,318256,5100,3606407,0,0,6601,7941.86,17727287,14133895,0
2022-05-22,506,7218814,292,6316424,22,586386,1136,3276272,1839,320095,3010,3609417,0,0,3830,7991.29,17731117,14134750,0
2022-05-23,1215,7220029,886,6317310,52,586438,2188,3278460,4711,324806,7002,3616419,0,0,9155,8169.86,17740272,14137006,0
2022-05-24,1400,7221429,934,6318244,66,586504,2305,3280765,4493,329299,6906,3623325,0,0,9307,8166.29,17749579,14139515,0
2022-05-25,1410,7222839,956,6319200,57,586561,2264,3283029,4277,333576,6643,3629968,0,0,9067,8127.71,17758646,14142041,0
2022-05-26,1166,7224005,889,6320089,60,586621,2274,3285303,4155,337731,6497,3636465,0,0,8613,8071.14,17767259,14144225,0
2022-05-27,1240,7225245,954,6321043,38,586659,2497,3287800,3927,341658,6503,3642968,0,0,8736,7901.29,17775995,14146537,0
2022-05-28,710,7225955,516,6321559,19,586678,1784,3289584,2069,343727,3893,3646861,0,0,5138,7692.29,17781133,14147822,0
2022-05-29,469,7226424,216,6321775,11,586689,761,3290345,1127,344854,1908,3648769,0,0,2604,7517.14,17783737,14148538,0
2022-05-30,91,7226515,62,6321837,6,586695,138,3290483,144,344998,284,3649053,0,0,443,6272.57,17784180,14148699,0
2022-05-31,1135,7227650,918,6322755,51,586746,1902,3292385,3053,348051,5016,3654069,0,0,7120,5960.14,17791300,14150864,0
2022-06-01,1151,7228801,851,6323606,63,586809,1969,3294354,3433,351484,5477,3659546,0,0,7542,5742.29,17798842,14153004,0
2022-06-02,1025,7229826,799,6324405,72,586881,1827,3296181,3179,354663,5068,3664614,0,0,6964,5506.71,17805806,14154962,0
2022-06-03,1154,7230980,894,6325299,47,586928,2073,3298254,3495,358158,5638,3670252,0,0,7733,5363.43,17813539,14157127,0
2022-06-04,719,7231699,585,6325884,26,586954,1560,3299814,1907,360065,3503,3673755,0,0,4835,5320.14,17818374,14158495,0
2022-06-05,447,7232146,297,6326181,1,586955,881,3300695,981,361046,1871,3675626,0,0,2616,5321.86,17820990,14159249,0
2022-06-06,1120,7233266,828,6327009,65,587020,1758,3302453,2747,363793,4558,3680184,0,0,6571,6197.29,17827561,14161315,0
2022-06-07,1017,7234283,773,6327782,70,587090,1795,3304248,2569,366362,4412,3684596,0,0,6273,6076.29,17833834,14163224,0
2022-06-08,1088,7235371,836,6328618,75,587165,1877,3306125,2752,369114,4694,3689290,0,0,6693,5955,17840527,14165288,0
2022-06-09,1134,7236505,840,6329458,62,587227,2231,3308356,2693,371807,4976,3694266,0,0,7012,5961.86,17847539,14167376,0
2022-06-10,1045,7237550,816,6330274,76,587303,1881,3310237,2834,374641,4772,3699038,0,0,6709,5815.57,17854248,14169370,0
2022-06-11,678,7238228,507,6330781,25,587328,1333,3311570,1505,376146,2865,3701903,0,0,4075,5707,17858323,14170607,0
2022-06-12,349,7238577,287,6331068,21,587349,876,3312446,775,376921,1660,3703563,0,0,2317,5664.29,17860640,14171273,0
2022-06-13,1027,7239604,768,6331836,62,587411,1584,3314030,2189,379110,3812,3707375,0,0,5670,5535.57,17866310,14173170,0
2022-06-14,972,7240576,833,6332669,65,587476,1693,3315723,2505,381615,4261,3711636,0,0,6131,5515.29,17872441,14175103,0
2022-06-15,968,7241544,865,6333534,39,587515,1666,3317389,2428,384043,4155,3715791,0,0,6027,5420.14,17878468,14177036,0
2022-06-16,959,7242503,777,6334311,59,587574,1835,3319224,2366,386409,4257,3720048,0,0,6052,5283,17884520,14178887,0
2022-06-17,897,7243400,797,6335108,48,587622,1771,3320995,2408,388817,4224,3724272,0,0,5967,5177,17890487,14180675,0
2022-06-18,653,7244053,524,6335632,26,587648,1285,3322280,1296,390113,2611,3726883,0,0,3814,5139.71,17894301,14181908,0
2022-06-19,345,7244398,231,6335863,16,587664,730,3323010,609,390722,1351,3728234,0,0,1943,5086.29,17896244,14182512,0
2022-06-20,829,7245227,489,6336352,41,587705,1581,3324591,1611,392333,3231,3731465,0,0,4590,4932,17900834,14183910,0
2022-06-21,1129,7246356,739,6337091,49,587754,1702,3326293,2144,394477,3904,3735369,0,0,5823,4888,17906657,14185887,0
2022-06-22,1957,7248313,836,6337927,47,587801,1710,3328003,1996,396473,3749,3739118,0,0,6589,4968.29,17913246,14188770,0
2022-06-23,2119,7250432,763,6338690,66,587867,1704,3329707,2157,398630,3913,3743031,0,0,6861,5083.86,17920107,14191770,0
2022-06-24,2167,7252599,760,6339450,48,587915,1626,3331333,2161,400791,3835,3746866,0,0,6810,5204.29,17926917,14194793,0
2022-06-25,2137,7254736,499,6339949,15,587930,1238,3332571,1143,401934,2396,3749262,0,0,5050,5380.86,17931967,14197462,0
2022-06-26,1209,7255945,248,6340197,14,587944,687,3333258,531,402465,1224,3750486,0,0,2695,5488.29,17934662,14198939,0
2022-06-27,1528,7257473,656,6340853,60,588004,1473,3334731,1657,404122,3170,3753656,0,0,5415,5606.14,17940077,14201224,0
2022-06-28,1686,7259159,830,6341683,57,588061,1867,3336598,2144,406266,4057,3757713,0,0,6630,5721.43,17946707,14203843,0
2022-06-29,1856,7261015,777,6342460,48,588109,1719,3338317,1928,408194,3686,3761399,0,0,6367,5689.71,17953074,14206563,0
2022-06-30,1866,7262881,807,6343267,46,588155,1736,3340053,2134,410328,3914,3765313,0,0,6633,5657.14,17959707,14209326,0
2022-07-01,1605,7264486,598,6343865,26,588181,1400,3341453,1730,412058,3162,3768475,0,0,5391,5454.43,17965098,14211587,0
2022-07-02,979,7265465,388,6344253,19,588200,842,3342295,940,412998,1800,3770275,0,0,3186,5188.14,17968284,14212991,0
2022-07-03,529,7265994,205,6344458,7,588207,461,3342756,486,413484,950,3771225,0,0,1691,5044.71,17969975,14213735,0
2022-07-04,36,7266030,25,6344483,1,588208,31,3342787,38,413522,69,3771294,0,0,131,4289.86,17970106,14213797,0
2022-07-05,1295,7267325,757,6345240,35,588243,1407,3344194,1739,415261,3177,3774471,0,0,5264,4094.71,17975370,14215915,0
2022-07-06,1612,7268937,677,6345917,44,588287,1442,3345636,1844,417105,3329,3777800,0,0,5662,3994,17981032,14218291,0
2022-07-07,1592,7270529,713,6346630,48,588335,1526,3347162,2002,419107,3566,3781366,0,0,5919,3892,17986951,14220682,0
2022-07-08,1633,7272162,651,6347281,37,588372,1476,3348638,1979,421086,3505,3784871,0,0,5827,3954.29,17992778,14223054,0
2022-07-09,985,7273147,435,6347716,26,588398,884,3349522,1347,422433,2262,3787133,0,0,3708,4028.86,17996486,14224531,0
2022-07-10,637,7273784,187,6347903,17,588415,430,3349952,659,423092,1099,3788232,0,0,1940,4064.43,17998426,14225382,0
2022-07-11,1395,7275179,634,6348537,49,588464,1446,3351398,2213,425305,3694,3791926,0,0,5772,4870.29,18004198,14227495,0
2022-07-12,1407,7276586,687,6349224,45,588509,1404,3352802,2515,427820,3993,3795919,0,0,6132,4994.29,18010330,14229708,0
2022-07-13,1614,7278200,726,6349950,37,588546,1525,3354327,2841,430661,4431,3800350,0,0,6808,5158,18017138,14232150,0
2022-07-14,1585,7279785,842,6350792,47,588593,1607,3355934,3064,433725,4749,3805099,0,0,7224,5344.43,18024362,14234703,0
2022-07-15,1615,7281400,937,6351729,47,588640,1577,3357511,3059,436784,4696,3809795,0,0,7295,5554.14,18031657,14237362,0
2022-07-16,881,7282281,586,6352315,9,588649,986,3358497,1701,438485,2717,3812512,0,0,4193,5623.43,18035850,14238868,0
2022-07-17,550,7282831,289,6352604,16,588665,527,3359024,1166,439651,1719,3814231,0,0,2574,5714,18038424,14239749,0
2022-07-18,1402,7284233,843,6353447,45,588710,1431,3360455,2464,442115,3953,3818184,0,0,6243,5781.29,18044667,14242097,0
2022-07-19,1440,7285673,976,6354423,51,588761,1544,3361999,2803,444918,4439,3822623,0,0,6906,5891.86,18051573,14244656,0
2022-07-20,1379,7287052,1483,6355906,50,588811,1355,3363354,2397,447315,3814,3826437,0,0,6727,5880.29,18058300,14247631,0
2022-07-21,1333,7288385,1435,6357341,50,588861,1395,3364749,2364,449679,3808,3830245,0,0,6626,5794.86,18064926,14250498,0
2022-07-22,1428,7289813,1569,6358910,42,588903,1563,3366312,2857,452536,4503,3834748,0,0,7542,5830.14,18072468,14253620,0
2022-07-23,906,7290719,1103,6360013,17,588920,999,3367311,1554,454090,2589,3837337,0,0,4615,5890.43,18077083,14255682,0
2022-07-24,483,7291202,642,6360655,14,588934,504,3367815,805,454895,1317,3838654,0,0,2457,5873.71,18079540,14256830,0
2022-07-25,1230,7292432,764,6361419,59,588993,1264,3369079,2065,456960,3382,3842036,0,0,5435,5758.29,18084975,14258936,0
2022-07-26,1233,7293665,1022,6362441,41,589034,1478,3370557,2445,459405,3983,3846019,0,0,6279,5668.71,18091254,14261292,0
2022-07-27,1318,7294983,1279,6363720,42,589076,1392,3371949,2195,461600,3647,3849666,0,0,6287,5605.86,18097541,14263992,0
2022-07-28,1311,7296294,1424,6365144,72,589148,1425,3373374,2217,463817,3692,3853358,0,0,6499,5587.71,18104040,14266849,0
2022-07-29,1319,7297613,1431,6366575,64,589212,1361,3374735,2161,465978,3565,3856923,0,0,6379,5421.57,18110419,14269706,0
2022-07-30,738,7298351,719,6367294,25,589237,796,3375531,961,466939,1780,3858703,0,0,3265,5228.71,18113684,14271214,0
2022-07-31,422,7298773,590,6367884,14,589251,488,3376019,571,467510,1065,3859768,0,0,2091,5176.43,18115775,14272246,0
2022-08-01,1245,7300018,914,6368798,55,589306,1333,3377352,1511,469021,2889,3862657,0,0,5103,5129,18120878,14274505,0
2022-08-02,1230,7301248,1014,6369812,73,589379,1350,3378702,1602,470623,2998,3865655,0,0,5315,4991.29,18126193,14276868,0
2022-08-03,1263,7302511,1190,6371002,41,589420,1344,3380046,1532,472155,2916,3868571,0,0,5410,4866,18131603,14279402,0
2022-08-04,1190,7303701,1187,6372189,58,589478,1288,3381334,1460,473615,2779,3871350,0,0,5214,4682.43,18136817,14281868,0
2022-08-05,1316,7305017,1452,6373641,49,589527,1316,3382650,1442,475057,2782,3874132,0,0,5599,4571,18142416,14284709,0
2022-08-06,696,7305713,844,6374485,14,589541,766,3383416,777,475834,1568,3875700,0,0,3123,4550.71,18145539,14286289,0
2022-08-07,389,7306102,454,6374939,14,589555,428,3383844,358,476192,797,3876497,0,0,1654,4488.29,18147193,14287157,0
2022-08-08,1191,7307293,935,6375874,70,589625,1279,3385123,1187,477379,2496,3878993,0,0,4692,4429.57,18151885,14289383,0
2022-08-09,1133,7308426,891,6376765,38,589663,1232,3386355,1162,478541,2427,3881420,0,0,4489,4311.57,18156374,14291478,0
2022-08-10,1222,7309648,1115,6377880,59,589722,1260,3387615,1247,479788,2542,3883962,0,0,4938,4244.14,18161312,14293909,0
2022-08-11,1277,7310925,1071,6378951,84,589806,1212,3388827,1279,481067,2530,3886492,0,0,4962,4208.14,18166274,14296380,0
2022-08-12,1293,7312218,1411,6380362,55,589861,1269,3390096,1249,482316,2550,3889042,0,0,5309,4166.71,18171583,14299171,0
2022-08-13,754,7312972,790,6381152,15,589876,763,3390859,634,482950,1415,3890457,0,0,2974,4145.43,18174557,14300748,0
2022-08-14,468,7313440,477,6381629,20,589896,405,3391264,283,483233,691,3891148,0,0,1656,4145.71,18176213,14301716,0
2022-08-15,1246,7314686,1067,6382696,60,589956,1318,3392582,991,484224,2350,3893498,0,0,4723,4150.14,18180936,14304130,0
2022-08-16,1304,7315990,869,6383565,50,590006,1371,3393953,1079,485303,2482,3895980,0,0,4706,4181.14,18185642,14306386,0
2022-08-17,1212,7317202,959,6384524,39,590045,1237,3395190,1004,486307,2280,3898260,0,0,4490,4117.14,18190132,14308635,0
2022-08-18,1169,7318371,945,6385469,45,590090,1268,3396458,949,487256,2242,3900502,0,0,4401,4037,18194533,14310819,0
2022-08-19,1254,7319625,1136,6386605,34,590124,1121,3397579,979,488235,2130,3902632,0,0,4554,3929.14,18199087,14313273,0
2022-08-20,590,7320215,492,6387097,16,590140,636,3398215,517,488752,1166,3903798,0,0,2264,3827.71,18201351,14314384,0
2022-08-21,358,7320573,243,6387340,9,590149,382,3398597,267,489019,652,3904450,0,0,1262,3771.43,18202613,14314997,0
2022-08-22,1221,7321794,923,6388263,40,590189,1238,3399835,888,489907,2153,3906603,0,0,4337,3716.29,18206950,14317208,0
2022-08-23,1237,7323031,1050,6389313,48,590237,1384,3401219,962,490869,2374,3908977,0,0,4710,3716.86,18211660,14319572,0
2022-08-24,1265,7324296,1017,6390330,29,590266,1296,3402515,822,491691,2144,3911121,0,0,4456,3712,18216116,14321910,0
2022-08-25,1220,7325516,995,6391325,66,590332,1194,3403709,813,492504,2023,3913144,0,0,4304,3698.14,18220420,14324207,0
2022-08-26,1187,7326703,1178,6392503,56,590388,1193,3404902,780,493284,1995,3915139,0,0,4416,3678.43,18224836,14326650,0
2022-08-27,694,7327397,543,6393046,14,590402,685,3405587,404,493688,1102,3916241,0,0,2353,3691.14,18227189,14327914,0
2022-08-28,378,7327775,240,6393286,10,590412,442,3406029,228,493916,673,3916914,0,0,1301,3696.71,18228490,14328545,0
2022-08-29,1253,7329028,981,6394267,41,590453,1231,3407260,689,494605,1941,3918855,0,0,4217,3679.57,18232707,14330842,0
2022-08-30,1267,7330295,942,6395209,36,590489,1273,3408533,767,495372,2070,3920925,0,0,4315,3623.14,18237022,14333117,0
2022-08-31,1154,7331449,1014,6396223,43,590532,1106,3409639,574,495946,1700,3922625,0,0,3912,3545.43,18240934,14335349,0
2022-09-01,1028,7332477,963,6397186,51,590583,809,3410448,456,496402,1279,3923904,0,0,3322,3405.14,18244256,14337406,0
2022-09-02,976,7333453,1022,6398208,32,590615,594,3411042,176,496578,777,3924681,92,92,2884,3186.29,18247140,14339428,0
2022-09-03,533,7333986,449,6398657,12,590627,371,3411413,50,496628,425,3925106,314,406,1684,3090.71,18248824,14340377,0
2022-09-04,252,7334238,212,6398869,10,590637,189,3411602,25,496653,216,3925322,312,718,959,3041.86,18249783,14340810,0
2022-09-05,78,7334316,71,6398940,7,590644,44,3411646,16,496669,61,3925383,9,727,226,2471.71,18250009,14340967,0
2022-09-06,1129,7335445,1229,6400169,51,590695,638,3412284,130,496799,777,3926160,1269,1996,4236,2460.43,18254245,14343166,0
2022-09-07,1473,7336918,1380,6401549,38,590733,486,3412770,156,496955,662,3926822,6446,8442,9122,3204.71,18263367,14345200,0
2022-09-08,1525,7338443,1197,6402746,36,590769,254,3413024,110,497065,380,3927202,7828,16270,9846,4136.71,18273213,14346854,0
2022-09-09,1548,7339991,1608,6404354,49,590818,286,3413310,122,497187,439,3927641,9890,26160,12372,5492.14,18285585,14348928,0
2022-09-10,843,7340834,839,6405193,12,590830,271,3413581,45,497232,329,3927970,5318,31478,6760,6217.29,18292345,14350054,0
2022-09-11,496,7341330,438,6405631,11,590841,86,3413667,30,497262,125,3928095,3941,35419,4529,6727.29,18296874,14350526,0
2022-09-12,1670,7343000,1436,6407067,39,590880,206,3413873,92,497354,332,3928427,11659,47078,13541,8629.43,18310415,14352110,0
2022-09-13,1397,7344397,1273,6408340,33,590913,221,3414094,118,497472,388,3928815,9734,56812,11739,9701.29,18322154,14353776,0
2022-09-14,1410,7345807,1270,6409610,32,590945,225,3414319,125,497597,389,3929204,11030,67842,13078,10266.43,18335232,14355474,0
2022-09-15,1559,7347366,1281,6410891,23,590968,227,3414546,109,497706,371,3929575,12085,79927,14108,10875.29,18349340,14357161,0
2022-09-16,1686,7349052,1627,6412518,27,590995,269,3414815,157,497863,481,3930056,13805,93732,16266,11431.57,18365606,14359196,0
2022-09-17,800,7349852,865,6413383,12,591007,275,3415090,78,497941,376,3930432,7003,100735,8412,11667.57,18374018,14360252,0
2022-09-18,518,7350370,411,6413794,7,591014,74,3415164,26,497967,113,3930545,4484,105219,4976,11731.43,18378994,14360644,0
2022-09-19,1550,7351920,1323,6415117,29,591043,227,3415391,98,498065,351,3930896,13813,119032,15517,12013.71,18394511,14362023,0
2022-09-20,1438,7353358,1252,6416369,27,591070,223,3415614,91,498156,360,3931256,13212,132244,15015,12481.71,18409526,14363512,0
2022-09-21,1666,7355024,1351,6417720,31,591101,261,3415875,131,498287,426,3931682,14940,147184,16849,13020.43,18426375,14365029,0
2022-09-22,1469,7356493,1260,6418980,28,591129,174,3416049,138,498425,357,3932039,13229,160413,15048,13154.71,18441423,14366536,0
2022-09-23,1732,7358225,1648,6420628,24,591153,252,3416301,145,498570,460,3932499,16949,177362,19250,13581,18460673,14368440,0
2022-09-24,799,7359024,888,6421516,8,591161,272,3416573,68,498638,359,3932858,7507,184869,8856,13644.43,18469529,14369449,0
2022-09-25,484,7359508,391,6421907,1,591162,72,3416645,47,498685,128,3932986,4508,189377,4995,13647.14,18474524,14369817,0
2022-09-26,1568,7361076,1244,6423151,16,591178,290,3416935,144,498829,492,3933478,15013,204390,16712,13817.86,18491236,14371082,0
2022-09-27,1531,7362607,1307,6424458,26,591204,283,3417218,172,499001,491,3933969,14158,218548,16149,13979.86,18507385,14372618,0
2022-09-28,1620,7364227,1292,6425750,18,591222,190,3417408,186,499187,430,3934399,15509,234057,17286,14042.29,18524671,14374019,0
2022-09-29,1671,7365898,1301,6427051,19,591241,178,3417586,96,499283,311,3934710,15376,249433,17225,14353.29,18541896,14375594,0
2022-09-30,1635,7367533,1550,6428601,13,591254,182,3417768,177,499460,405,3935115,16485,265918,18653,14268,18560549,14377403,0
2022-10-01,718,7368251,669,6429270,5,591259,138,3417906,34,499494,181,3935296,7053,272971,7942,14137.43,18568491,14378120,0
2022-10-02,511,7368762,428,6429698,5,591264,48,3417954,45,499539,107,3935403,4428,277399,4838,14115,18573329,14378437,0
2022-10-03,1550,7370312,1188,6430886,23,591287,156,3418110,113,499652,316,3935719,14572,291971,15976,14009.86,18589305,14379572,0
2022-10-04,1378,7371690,1157,6432043,15,591302,150,3418260,121,499773,299,3936018,13403,305374,14798,13816.86,18604103,14380696,0
2022-10-05,1588,7373278,1285,6433328,17,591319,283,3418543,164,499937,500,3936518,14867,320241,16692,13732,18620795,14382074,0
2022-10-06,1485,7374763,1248,6434576,19,591338,166,3418709,160,500097,385,3936903,14957,335198,16620,13645.57,18637415,14383411,0
2022-10-07,1661,7376424,1426,6436002,15,591353,171,3418880,136,500233,368,3937271,17111,352309,19073,13705.57,18656488,14385066,0
2022-10-08,760,7377184,680,6436682,4,591357,146,3419026,62,500295,225,3937496,7714,360023,8642,13805.57,18665130,14385786,0
2022-10-09,485,7377669,409,6437091,5,591362,47,3419073,55,500350,120,3937616,4694,364717,5119,13845.71,18670249,14386109,0
2022-10-10,1544,7379213,1253,6438344,14,591376,174,3419247,120,500470,333,3937949,15206,379923,16510,13922,18686759,14387119,0
2022-10-11,1637,7380850,1102,6439446,19,591395,180,3419427,152,500622,388,3938337,14321,394244,15855,14073,18702614,14388321,0
2022-10-12,1862,7382712,1324,6440770,17,591412,135,3419562,186,500808,387,3938724,16283,410527,17889,14244,18720503,14389606,0
2022-10-13,1612,7384324,1150,6441920,28,591440,136,3419698,201,501009,408,3939132,14036,424563,15573,14094.43,18736076,14390806,0
2022-10-14,1812,7386136,1538,6443458,25,591465,130,3419828,181,501190,364,3939496,17209,441772,19192,14111.43,18755268,14392478,0
2022-10-15,766,7386902,638,6444096,9,591474,91,3419919,68,501258,180,3939676,7617,449389,8475,14087.57,18763743,14393177,0
2022-10-16,564,7387466,410,6444506,3,591477,25,3419944,65,501323,121,3939797,4726,454115,5169,14094.71,18768912,14393530,0
2022-10-17,1815,7389281,1251,6445757,18,591495,83,3420027,116,501439,236,3940033,16073,470188,17394,14221,18786306,14394652,0
2022-10-18,1682,7390963,1172,6446929,20,591515,100,3420127,135,501574,282,3940315,14639,484827,16011,14243.29,18802317,14395789,0
2022-10-19,2086,7393049,1331,6448260,21,591536,84,3420211,142,501716,289,3940604,16233,501060,17706,14217.14,18820023,14397036,0
2022-10-20,1683,7394732,1167,6449427,11,591547,89,3420300,147,501863,303,3940907,15403,516463,16852,14399.86,18836875,14398249,0
2022-10-21,1800,7396532,1347,6450774,12,591559,92,3420392,150,502013,297,3941204,16738,533201,18407,14287.71,18855282,14399676,0
2022-10-22,740,7397272,668,6451442,9,591568,44,3420436,46,502059,100,3941304,7690,540891,8419,14279.71,18863701,14400315,0
2022-10-23,520,7397792,370,6451812,3,591571,21,3420457,39,502098,69,3941373,4804,545695,5081,14267.14,18868782,14400532,0
2022-10-24,1740,7399532,1207,6453019,19,591590,70,3420527,111,502209,223,3941596,15558,561253,16843,14188.43,18885625,14401636,0
2022-10-25,1659,7401191,1186,6454205,12,591602,94,3420621,109,502318,232,3941828,15039,576292,16343,14235.86,18901968,14402737,0
2022-10-26,1852,7403043,1331,6455536,11,591613,90,3420711,168,502486,334,3942162,16817,593109,18287,14318.86,18920255,14403949,0
2022-10-27,1581,7404624,1074,6456610,13,591626,91,3420802,127,502613,271,3942433,15116,608225,16414,14256.29,18936669,14405029,0
2022-10-28,1697,7406321,1426,6458036,17,591643,108,3420910,153,502766,320,3942753,16764,624989,18579,14280.86,18955248,14406583,0
2022-10-29,694,7407015,544,6458580,9,591652,69,3420979,57,502823,140,3942893,7747,632736,8416,14280.43,18963664,14407126,0
2022-10-30,519,7407534,306,6458886,3,591655,19,3420998,57,502880,92,3942985,4491,637227,4779,14237.29,18968443,14407338,0
2022-10-31,1674,7409208,1109,6459995,8,591663,48,3421046,126,503006,217,3943202,14595,651822,15541,14051.29,18983984,14408110,0
2022-11-01,1664,7410872,1021,6461016,18,591681,78,3421124,128,503134,238,3943440,13621,665443,14938,13850.57,18998922,14409221,0
2022-11-02,1732,7412604,1120,6462136,17,591698,90,3421214,123,503257,255,3943695,14875,680318,16147,13544.86,19015069,14410280,0
2022-11-03,1420,7414024,1033,6463169,14,591712,84,3421298,167,503424,328,3944023,12623,692941,13904,13186.29,19028973,14411310,0
2022-11-04,1736,7415760,1216,6464385,14,591726,101,3421399,139,503563,275,3944298,15433,708374,17032,12965.29,19046005,14412669,0
2022-11-05,824,7416584,529,6464914,6,591732,65,3421464,82,503645,161,3944459,7045,715419,7757,12871.14,19053762,14413234,0
2022-11-06,406,7416990,330,6465244,4,591736,20,3421484,49,503694,106,3944565,4072,719491,4412,12818.71,19058174,14413505,0
2022-11-07,1638,7418628,1065,6466309,14,591750,75,3421559,101,503795,213,3944778,13220,732711,14382,12653.14,19072556,14414491,0
2022-11-08,1530,7420158,1008,6467317,8,591758,97,3421656,132,503927,270,3945048,12069,744780,13333,12423.86,19085889,14415526,0
2022-11-09,1568,7421726,1057,6468374,9,591767,86,3421742,114,504041,247,3945295,12191,756971,13456,12039.43,19099345,14416591,0
2022-11-10,1484,7423210,1012,6469386,14,591781,73,3421815,147,504188,276,3945571,12353,769324,13629,12000.14,19112974,14417647,0
2022-11-11,1499,7424709,1073,6470459,11,591792,101,3421916,102,504290,224,3945795,12874,782198,14300,11609.86,19127274,14418870,0
2022-11-12,671,7425380,513,6470972,2,591794,57,3421973,61,504351,128,3945923,6430,788628,7049,11508.71,19134323,14419371,0
2022-11-13,495,7425875,340,6471312,4,591798,15,3421988,68,504419,98,3946021,3893,792521,4210,11479.86,19138533,14419605,0
2022-11-14,1441,7427316,1024,6472336,19,591817,59,3422047,113,504532,203,3946224,11629,804150,12742,11245.57,19151275,14420546,0
2022-11-15,1491,7428807,1000,6473336,15,591832,103,3422150,165,504697,294,3946518,11273,815423,12654,11148.57,19163929,14421659,0
2022-11-16,1597,7430404,1033,6474369,21,591853,66,3422216,146,504843,248,3946766,11563,826986,12811,11056.43,19176740,14422695,0
2022-11-17,1420,7431824,977,6475346,10,591863,72,3422288,189,505032,302,3947068,10539,837525,11869,10805,19188609,14423764,0
2022-11-18,1582,7433406,1103,6476449,12,591875,68,3422356,118,505150,216,3947284,12404,849929,13995,10761.43,19202604,14425169,0
2022-11-19,677,7434083,436,6476885,4,591879,57,3422413,63,505213,129,3947413,5911,855840,6568,10692.71,19209172,14425706,0
2022-11-20,475,7434558,303,6477188,4,591883,12,3422425,35,505248,64,3947477,3538,859378,3838,10639.57,19213010,14425959,0
2022-11-21,1516,7436074,920,6478108,4,591887,51,3422476,81,505329,149,3947626,10392,869770,11368,10443.29,19224378,14426803,0
2022-11-22,1268,7437342,816,6478924,7,591894,53,3422529,92,505421,163,3947789,9264,879034,10289,10105.43,19234667,14427683,0
2022-11-23,1290,7438632,733,6479657,11,591905,64,3422593,80,505501,170,3947959,8673,887707,9612,9648.43,19244279,14428478,0
2022-11-24,18,7438650,10,6479667,2,591907,0,3422593,6,505507,8,3947967,112,887819,137,7972.43,19244416,14428497,0
2022-11-25,679,7439329,475,6480142,14,591921,37,3422630,55,505562,111,3948078,5682,893501,6419,6890.14,19250835,14429142,0
2022-11-26,591,7439920,378,6480520,2,591923,15,3422645,43,505605,62,3948140,4896,898397,5331,6713.43,19256166,14429519,0
2022-11-27,396,7440316,219,6480739,1,591924,11,3422656,23,505628,49,3948189,3171,901568,3353,6644.14,19259519,14429667,0
2022-11-28,947,7441263,698,6481437,10,591934,59,3422715,65,505693,145,3948334,6950,908518,7918,6151.29,19267437,14430511,0
2022-11-29,925,7442188,709,6482146,8,591942,46,3422761,72,505765,144,3948478,6929,915447,7966,5819.43,19275403,14431430,0
2022-11-30,1209,7443397,866,6483012,16,591958,51,3422812,54,505819,124,3948602,8726,924173,9734,5836.86,19285137,14432333,0
2022-12-01,1128,7444525,770,6483782,13,591971,61,3422873,96,505915,183,3948785,8469,932642,9541,7180.29,19294678,14433248,0
2022-12-02,1314,7445839,971,6484753,14,591985,70,3422943,105,506020,195,3948980,10217,942859,11543,7912.29,19306221,14434399,0
2022-12-03,614,7446453,423,6485176,12,591997,42,3422985,42,506062,87,3949067,4951,947810,5477,7933.14,19311698,14434841,0
2022-12-04,418,7446871,284,6485460,4,592001,7,3422992,26,506088,40,3949107,3269,951079,3496,7953.57,19315194,14435035,0
2022-12-05,1161,7448032,766,6486226,15,592016,62,3423054,71,506159,149,3949256,8600,959679,9610,8195.29,19324804,14435912,0
2022-12-06,1163,7449195,766,6486992,13,592029,69,3423123,89,506248,176,3949432,8129,967808,9128,8361.29,19333932,14436753,0
2022-12-07,1207,7450402,752,6487744,12,592041,62,3423185,81,506329,163,3949595,8297,976105,9315,8301.43,19343247,14437628,0
2022-12-08,1101,7451503,741,6488485,14,592055,69,3423254,77,506406,166,3949761,8672,984777,9702,8324.43,19352949,14438512,0
2022-12-09,1229,7452732,975,6489460,13,592068,81,3423335,103,506509,210,3949971,10407,995184,11774,8357.43,19364723,14439695,0
2022-12-10,678,7453410,460,6489920,7,592075,36,3423371,74,506583,128,3950099,6145,1001329,6713,8534,19371436,14440153,0
2022-12-11,431,7453841,263,6490183,4,592079,11,3423382,35,506618,56,3950155,3683,1005012,3885,8589.57,19375321,14440309,0
2022-12-12,1336,7455177,803,6490986,19,592098,78,3423460,105,506723,209,3950364,9971,1014983,11020,8791,19386341,14441175,0
2022-12-13,1274,7456451,844,6491830,17,592115,54,3423514,101,506824,190,3950554,9696,1024679,10753,9023.14,19397094,14442077,0
2022-12-14,1194,7457645,830,6492660,12,592127,67,3423581,99,506923,193,3950747,9635,1034314,10616,9209,19407710,14442892,0
2022-12-15,1193,7458838,695,6493355,11,592138,60,3423641,109,507032,184,3950931,8445,1042759,9415,9168,19417125,14443693,0
2022-12-16,1202,7460040,804,6494159,12,592150,69,3423710,126,507158,217,3951148,9358,1052117,10532,8990.57,19427657,14444672,0
2022-12-17,651,7460691,464,6494623,8,592158,31,3423741,36,507194,80,3951228,5831,1057948,6305,8932.29,19433962,14445079,0
2022-12-18,439,7461130,231,6494854,2,592160,15,3423756,23,507217,48,3951276,3402,1061350,3609,8892.86,19437571,14445248,0
2022-12-19,1222,7462352,775,6495629,7,592167,56,3423812,84,507301,154,3951430,8907,1070257,9841,8724.43,19447412,14446042,0
2022-12-20,1209,7463561,762,6496391,18,592185,83,3423895,138,507439,277,3951707,8584,1078841,9717,8576.43,19457129,14446954,0
2022-12-21,1091,7464652,695,6497086,16,592201,54,3423949,95,507534,180,3951887,8283,1087124,9159,8368.29,19466288,14447681,0
2022-12-22,988,7465640,588,6497674,4,592205,44,3423993,73,507607,134,3952021,6940,1094064,7673,8119.43,19473961,14448297,0
2022-12-23,832,7466472,503,6498177,11,592216,41,3424034,58,507665,112,3952133,5914,1099978,6520,7546.29,19480481,14448804,0
2022-12-24,191,7466663,113,6498290,1,592217,2,3424036,15,507680,20,3952153,1378,1101356,1497,6859.43,19481978,14448906,0
2022-12-25,8,7466671,3,6498293,0,592217,2,3424038,0,507680,2,3952155,29,1101385,37,6349.14,19482015,14448912,0
2022-12-26,572,7467243,269,6498562,16,592233,19,3424057,22,507702,44,3952199,3306,1104691,3617,5460,19485632,14449182,0
2022-12-27,1085,7468328,607,6499169,13,592246,56,3424113,60,507762,125,3952324,7236,1111927,8036,5219.86,19493668,14449866,0
2022-12-28,1062,7469390,562,6499731,8,592254,58,3424171,64,507826,132,3952456,6989,1118916,7785,5023.57,19501453,14450540,0
2022-12-29,1013,7470403,585,6500316,9,592263,50,3424221,90,507916,163,3952619,6593,1125509,7425,4988.14,19508878,14451232,0
2022-12-30,950,7471353,538,6500854,9,592272,49,3424270,50,507966,109,3952728,6133,1131642,6859,5036.57,19515737,14451859,0
2022-12-31,307,7471660,168,6501022,4,592276,17,3424287,10,507976,30,3952758,1813,1133455,1991,5107.14,19517728,14452010,0
2023-01-01,20,7471680,9,6501031,0,592276,3,3424290,5,507981,8,3952766,59,1133514,87,5114.29,19517815,14452030,0
2023-01-02,654,7472334,329,6501360,10,592286,14,3424304,24,508005,44,3952810,3655,1137169,4003,5169.43,19521818,14452340,0
2023-01-03,968,7473302,594,6501954,9,592295,41,3424345,58,508063,111,3952921,5480,1142649,6270,4917.14,19528088,14453031,0
2023-01-04,1106,7474408,677,6502631,17,592312,52,3424397,63,508126,133,3953054,6179,1148828,7059,4813.43,19535147,14453796,0
2023-01-05,1008,7475416,589,6503220,23,592335,35,3424432,89,508215,143,3953197,5766,1154594,6696,4709.29,19541843,14454602,0
2023-01-06,1052,7476468,779,6503999,17,592352,49,3424481,81,508296,141,3953338,6501,1161095,7552,4808.29,19549395,14455523,0
2023-01-07,602,7477070,430,6504429,8,592360,23,3424504,34,508330,63,3953401,4454,1165549,4914,5225.86,19554309,14455926,0
2023-01-08,375,7477445,246,6504675,4,592364,12,3424516,29,508359,45,3953446,2560,1168109,2770,5609.14,19557079,14456095,0
2023-01-09,955,7478400,584,6505259,17,592381,52,3424568,41,508400,102,3953548,5608,1173717,6452,5959,19563531,14456846,0
2023-01-10,860,7479260,644,6505903,8,592389,49,3424617,85,508485,151,3953699,5342,1179059,6251,5956.29,19569782,14457621,0
2023-01-11,879,7480139,550,6506453,21,592410,46,3424663,68,508553,137,3953836,5166,1184225,5979,5802,19575761,14458320,0
2023-01-12,778,7480917,495,6506948,24,592434,54,3424717,120,508673,197,3954033,4536,1188761,5481,5628.43,19581242,14459091,0
2023-01-13,800,7481717,557,6507505,11,592445,69,3424786,58,508731,143,3954176,5377,1194138,6266,5444.71,19587508,14459853,0
2023-01-14,510,7482227,280,6507785,10,592455,27,3424813,31,508762,60,3954236,3229,1197367,3634,5261.86,19591142,14460200,0
2023-01-15,285,7482512,152,6507937,6,592461,16,3424829,23,508785,54,3954290,1793,1199160,1998,5151.57,19593140,14460366,0
2023-01-16,500,7483012,308,6508245,11,592472,32,3424861,27,508812,64,3954354,2776,1201936,3213,4688.86,19596353,14460744,0
2023-01-17,804,7483816,476,6508721,19,592491,49,3424910,73,508885,135,3954489,3832,1205768,4700,4467.29,19601053,14461490,0
2023-01-18,800,7484616,478,6509199,16,592507,48,3424958,61,508946,116,3954605,3733,1209501,4540,4261.71,19605593,14462188,0
2023-01-19,658,7485274,430,6509629,6,592513,50,3425008,34,508980,103,3954708,3168,1212669,3915,4038,19609508,14462851,0
2023-01-20,707,7485981,488,6510117,23,592536,40,3425048,39,509019,86,3954794,3746,1216415,4531,3790.14,19614039,14463557,0
2023-01-21,370,7486351,195,6510312,12,592548,20,3425068,12,509031,33,3954827,1894,1218309,2204,3585.86,19616243,14463835,0
2023-01-22,226,7486577,62,6510374,5,592553,0,3425068,2,509033,3,3954830,863,1219172,969,3438.86,19617212,14463939,0
2023-01-23,642,7487219,329,6510703,12,592565,14,3425082,45,509078,66,3954896,2707,1221879,3370,3461.29,19620582,14464543,0
2023-01-24,576,7487795,393,6511096,17,592582,38,3425120,34,509112,85,3954981,3058,1224937,3710,3319.86,19624292,14465123,0
2023-01-25,602,7488397,364,6511460,21,592603,32,3425152,41,509153,85,3955066,2708,1227645,3385,3154.86,19627677,14465727,0
2023-01-26,557,7488954,353,6511813,18,592621,35,3425187,51,509204,102,3955168,2696,1230341,3359,3075.43,19631036,14466304,0
2023-01-27,565,7489519,437,6512250,11,592632,35,3425222,49,509253,91,3955259,2820,1233161,3558,2936.43,19634594,14466958,0
2023-01-28,359,7489878,187,6512437,5,592637,24,3425246,39,509292,70,3955329,1589,1234750,1927,2896.86,19636521,14467233,0
2023-01-29,237,7490115,117,6512554,3,592640,13,3425259,10,509302,27,3955356,991,1235741,1144,2921.86,19637665,14467363,0
2023-01-30,600,7490715,401,6512955,18,592658,40,3425299,36,509338,79,3955435,2504,1238245,3227,2901.43,19640892,14468010,0
2023-01-31,512,7491227,356,6513311,12,592670,31,3425330,49,509387,92,3955527,2438,1240683,3069,2809.86,19643961,14468561,0
2023-02-01,485,7491712,340,6513651,16,592686,40,3425370,44,509431,92,3955619,2327,1243010,2973,2751,19646934,14469123,0
2023-02-02,462,7492174,350,6514001,13,592699,34,3425404,35,509466,77,3955696,2156,1245166,2778,2668,19649712,14469676,0
2023-02-03,543,7492717,394,6514395,14,592713,27,3425431,35,509501,69,3955765,2363,1247529,3067,2597.86,19652779,14470318,0
2023-02-04,243,7492960,158,6514553,12,592725,14,3425445,16,509517,31,3955796,1141,1248670,1404,2523.14,19654183,14470551,0
2023-02-05,201,7493161,97,6514650,0,592725,2,3425447,15,509532,19,3955815,855,1249525,973,2498.71,19655156,14470652,0
2023-02-06,598,7493759,313,6514963,9,592734,29,3425476,27,509559,65,3955880,2254,1251779,2831,2442.14,19657987,14471173,0
2023-02-07,480,7494239,362,6515325,5,592739,28,3425504,35,509594,71,3955951,2336,1254115,2936,2423.14,19660923,14471710,0
2023-02-08,454,7494693,320,6515645,4,592743,27,3425531,36,509630,69,3956020,2316,1256431,2879,2409.71,19663802,14472210,0
2023-02-09,477,7495170,348,6515993,3,592746,38,3425569,46,509676,98,3956118,2057,1258488,2712,2400.29,19666514,14472781,0
2023-02-10,496,7495666,389,6516382,2,592748,30,3425599,33,509709,87,3956205,2278,1260766,2968,2386.14,19669482,14473408,0
2023-02-11,294,7495960,197,6516579,7,592755,22,3425621,25,509734,48,3956253,1345,1262111,1663,2423.14,19671145,14473679,0
2023-02-12,184,7496144,81,6516660,0,592755,6,3425627,0,509734,10,3956263,707,1262818,820,2401.29,19671965,14473786,0
2023-02-13,443,7496587,292,6516952,4,592759,21,3425648,26,509760,51,3956314,1759,1264577,2321,2328.43,19674286,14474301,0
2023-02-14,401,7496988,272,6517224,6,592765,30,3425678,22,509782,57,3956371,1695,1266272,2226,2227,19676512,14474780,0
2023-02-15,405,7497393,289,6517513,10,592775,24,3425702,28,509810,64,3956435,1746,1268018,2263,2139,19678775,14475245,0
2023-02-16,361,7497754,244,6517757,6,592781,26,3425728,19,509829,50,3956485,1630,1269648,2107,2052.57,19680882,14475677,0
2023-02-17,398,7498152,312,6518069,6,592787,24,3425752,32,509861,63,3956548,1696,1271344,2267,1952.43,19683149,14476192,0
2023-02-18,199,7498351,117,6518186,5,592792,13,3425765,4,509865,18,3956566,1005,1272349,1191,1885,19684340,14476361,0
2023-02-19,120,7498471,55,6518241,2,592794,6,3425771,6,509871,14,3956580,540,1272889,611,1855.14,19684951,14476420,0
2023-02-20,314,7498785,160,6518401,3,592797,10,3425781,17,509888,28,3956608,1160,1274049,1425,1727.14,19686376,14476658,0
2023-02-21,378,7499163,286,6518687,5,592802,25,3425806,34,509922,64,3956672,1535,1275584,2073,1705.29,19688449,14477137,0
2023-02-22,406,7499569,278,6518965,8,592810,39,3425845,26,509948,69,3956741,1641,1277225,2181,1693.57,19690630,14477612,0
2023-02-23,388,7499957,252,6519217,10,592820,26,3425871,31,509979,71,3956812,1480,1278705,2025,1681.86,19692655,14478100,0
2023-02-24,366,7500323,324,6519541,4,592824,30,3425901,26,510005,63,3956875,1738,1280443,2298,1686.29,19694953,14478604,0
2023-02-25,163,7500486,123,6519664,2,592826,9,3425910,13,510018,24,3956899,778,1281221,973,1655.14,19695926,14478777,0
2023-02-26,92,7500578,49,6519713,0,592826,8,3425918,5,510023,17,3956916,472,1281693,539,1644.86,19696465,14478831,0
2023-02-27,376,7500954,300,6520013,4,592830,32,3425950,20,510043,55,3956971,1492,1283185,2012,1728.71,19698477,14479299,0
2023-02-28,356,7501310,239,6520252,8,592838,30,3425980,27,510070,62,3957033,1334,1284519,1817,1692.14,19700294,14479725,0
2023-03-01,387,7501697,291,6520543,7,592845,25,3426005,20,510090,51,3957084,1444,1285963,1982,1663.71,19702276,14480218,0
2023-03-02,375,7502072,293,6520836,11,592856,20,3426025,23,510113,50,3957134,1331,1287294,1876,1642.43,19704152,14480720,0
2023-03-03,404,7502476,316,6521152,10,592866,26,3426051,25,510138,58,3957192,1601,1288895,2194,1627.57,19706346,14481262,0
2023-03-04,199,7502675,123,6521275,4,592870,10,3426061,16,510154,28,3957220,799,1289694,1033,1636.14,19707379,14481470,0
2023-03-05,125,7502800,60,6521335,2,592872,4,3426065,6,510160,14,3957234,464,1290158,558,1638.86,19707937,14481554,0
2023-03-06,408,7503208,264,6521599,12,592884,22,3426087,16,510176,41,3957275,1385,1291543,1894,1622,19709831,14482025,0
2023-03-07,362,7503570,244,6521843,6,592890,22,3426109,30,510206,61,3957336,1306,1292849,1772,1615.57,19711603,14482439,0
2023-03-08,371,7503941,244,6522087,3,592893,35,3426144,30,510236,69,3957405,1340,1294189,1836,1594.71,19713439,14482870,0
2023-03-09,360,7504301,242,6522329,4,592897,16,3426160,24,510260,46,3957451,1263,1295452,1748,1576.43,19715187,14483315,0
2023-03-10,303,7504604,282,6522611,3,592900,9,3426169,20,510280,37,3957488,1397,1296849,1851,1527.43,19717038,14483740,0
2023-03-11,187,7504791,88,6522699,3,592903,18,3426187,4,510284,23,3957511,687,1297536,872,1504.43,19717910,14483903,0
2023-03-12,109,7504900,47,6522746,1,592904,4,3426191,7,510291,17,3957528,435,1297971,517,1498.57,19718427,14483974,0
2023-03-13,333,7505233,201,6522947,7,592911,11,3426202,13,510304,25,3957553,1127,1299098,1522,1445.43,19719949,14484345,0
2023-03-14,285,7505518,183,6523130,5,592916,15,3426217,11,510315,32,3957585,1065,1300163,1417,1394.71,19721366,14484671,0
2023-03-15,329,7505847,270,6523400,3,592919,9,3426226,13,510328,23,3957608,1231,1301394,1680,1372.43,19723046,14485098,0
2023-03-16,302,7506149,246,6523646,9,592928,14,3426240,15,510343,35,3957643,1164,1302558,1592,1350.14,19724638,14485497,0
2023-03-17,327,7506476,266,6523912,5,592933,20,3426260,8,510351,29,3957672,1276,1303834,1708,1329.71,19726346,14485901,0
2023-03-18,158,7506634,100,6524012,2,592935,8,3426268,5,510356,14,3957686,671,1304505,840,1325.14,19727186,14486057,0
2023-03-19,114,7506748,56,6524068,1,592936,3,3426271,3,510359,9,3957695,366,1304871,451,1315.71,19727637,14486136,0
2023-03-20,343,7507091,214,6524282,7,592943,29,3426300,15,510374,45,3957740,1219,1306090,1617,1329.29,19729254,14486490,0
2023-03-21,342,7507433,191,6524473,7,592950,23,3426323,18,510392,43,3957783,1125,1307215,1533,1345.86,19730787,14486857,0
2023-03-22,316,7507749,226,6524699,6,592956,12,3426335,11,510403,25,3957808,1131,1308346,1530,1324.43,19732317,14487233,0
2023-03-23,272,7508021,203,6524902,1,592957,21,3426356,12,510415,37,3957845,1017,1309363,1413,1298.86,19733730,14487596,0
2023-03-24,312,7508333,256,6525158,8,592965,19,3426375,19,510434,41,3957886,1129,1310492,1594,1282.57,19735324,14488023,0
2023-03-25,131,7508464,117,6525275,1,592966,9,3426384,9,510443,18,3957904,592,1311084,741,1268.43,19736065,14488154,0
2023-03-26,92,7508556,44,6525319,2,592968,4,3426388,4,510447,9,3957913,389,1311473,451,1268.43,19736516,14488208,0
2023-03-27,283,7508839,233,6525552,3,592971,14,3426402,11,510458,26,3957939,1012,1312485,1408,1238.57,19737924,14488579,0
2023-03-28,283,7509122,182,6525734,10,592981,20,3426422,9,510467,32,3957971,1019,1313504,1374,1215.86,19739298,14488905,0
2023-03-29,296,7509418,187,6525921,5,592986,13,3426435,9,510476,22,3957993,1071,1314575,1428,1201.29,19740726,14489240,0
2023-03-30,258,7509676,185,6526106,2,592988,17,3426452,10,510486,31,3958024,978,1315553,1325,1188.71,19742051,14489560,0
2023-03-31,296,7509972,260,6526366,7,592995,23,3426475,20,510506,44,3958068,1031,1316584,1493,1174.29,19743544,14489979,0
2023-04-01,122,7510094,66,6526432,3,592998,8,3426483,5,510511,15,3958083,528,1317112,659,1162.57,19744203,14490097,0
2023-04-02,92,7510186,35,6526467,0,592998,5,3426488,3,510514,10,3958093,273,1317385,340,1146.71,19744543,14490156,0
2023-04-03,276,7510462,157,6526624,8,593006,19,3426507,15,510529,40,3958133,893,1318278,1213,1118.86,19745756,14490442,0
2023-04-04,284,7510746,192,6526816,3,593009,13,3426520,10,510539,26,3958159,869,1319147,1222,1097.14,19746978,14490772,0
2023-04-05,269,7511015,155,6526971,8,593017,17,3426537,7,510546,27,3958186,989,1320136,1283,1076.43,19748261,14491042,0
2023-04-06,343,7511358,161,6527132,9,593026,17,3426554,5,510551,22,3958208,985,1321121,1320,1075.71,19749581,14491355,0
2023-04-07,246,7511604,146,6527278,5,593031,12,3426566,8,510559,20,3958228,752,1321873,1048,1012.14,19750629,14491631,0
2023-04-08,172,7511776,105,6527383,1,593032,5,3426571,10,510569,16,3958244,554,1322427,696,1017.43,19751325,14491758,0
2023-04-09,68,7511844,23,6527406,0,593032,0,3426571,4,510573,4,3958248,204,1322631,246,1004,19751571,14491796,0
2023-04-10,284,7512128,180,6527586,6,593038,19,3426590,9,510582,28,3958276,890,1323521,1217,1004.57,19752788,14492095,0
2023-04-11,272,7512400,153,6527739,5,593043,15,3426605,9,510591,28,3958304,913,1324434,1218,1004,19754006,14492376,0
2023-04-12,288,7512688,164,6527903,5,593048,15,3426620,8,510599,25,3958329,826,1325260,1176,988.71,19755182,14492703,0
2023-04-13,249,7512937,137,6528040,8,593056,12,3426632,7,510606,20,3958349,844,1326104,1147,964,19756329,14492987,0
2023-04-14,242,7513179,198,6528238,2,593058,6,3426638,10,510616,18,3958367,853,1326957,1179,982.71,19757508,14493297,0
2023-04-15,121,7513300,95,6528333,6,593064,3,3426641,7,510623,11,3958378,408,1327365,556,962.71,19758064,14493435,0
2023-04-16,76,7513376,31,6528364,0,593064,0,3426641,1,510624,1,3958379,266,1327631,307,971.43,19758371,14493475,0
2023-04-17,230,7513606,140,6528504,3,593067,7,3426648,3,510627,11,3958390,712,1328343,993,939.43,19759364,14493746,0
2023-04-18,217,7513823,127,6528631,6,593073,9,3426657,10,510637,22,3958412,754,1329097,984,906,19760348,14493957,0
2023-04-19,198,7514021,112,6528743,5,593078,7,3426664,9,510646,16,3958428,923,1330020,1080,892.29,19761428,14494098,0
2023-04-20,231,7514252,140,6528883,2,593080,14,3426678,19,510665,38,3958466,1277,1331297,1444,934.71,19762872,14494232,0
2023-04-21,232,7514484,135,6529018,6,593086,14,3426692,9,510674,29,3958495,1757,1333054,1882,1035.14,19764754,14494334,0
2023-04-22,107,7514591,58,6529076,3,593089,8,3426700,4,510678,13,3958508,946,1334000,1010,1100,19765764,14494386,0
2023-04-23,73,7514664,46,6529122,1,593090,1,3426701,2,510680,4,3958512,601,1334601,628,1145.86,19766392,14494410,0
2023-04-24,236,7514900,147,6529269,2,593092,11,3426712,7,510687,22,3958534,1790,1336391,1899,1275.29,19768291,14494501,0
2023-04-25,246,7515146,140,6529409,6,593098,12,3426724,11,510698,27,3958561,1787,1338178,1890,1404.71,19770181,14494581,0
2023-04-26,221,7515367,129,6529538,5,593103,7,3426731,5,510703,21,3958582,1649,1339827,1725,1496.86,19771906,14494645,0
2023-04-27,280,7515647,159,6529697,1,593104,11,3426742,17,510720,45,3958627,1810,1341637,1913,1563.86,19773819,14494720,0
2023-04-28,251,7515898,174,6529871,2,593106,11,3426753,16,510736,35,3958662,2026,1343663,2114,1597,19775933,14494781,0
2023-04-29,142,7516040,63,6529934,2,593108,5,3426758,6,510742,12,3958674,910,1344573,967,1590.86,19776900,14494827,0
2023-04-30,97,7516137,27,6529961,1,593109,6,3426764,3,510745,10,3958684,546,1345119,567,1582.14,19777467,14494839,0
2023-05-01,309,7516446,152,6530113,2,593111,12,3426776,9,510754,23,3958707,1917,1347036,2009,1597.86,19779476,14494910,0
2023-05-02,251,7516697,138,6530251,3,593114,11,3426787,6,510760,21,3958728,1771,1348807,1826,1588.71,19781302,14494948,0
2023-05-03,256,7516953,142,6530393,1,593115,13,3426800,10,510770,25,3958753,1737,1350544,1813,1601.29,19783115,14495001,0
2023-05-04,237,7517190,155,6530548,0,593115,12,3426812,8,510778,27,3958780,1975,1352519,2046,1620.29,19785161,14495052,0
2023-05-05,303,7517493,157,6530705,1,593116,6,3426818,11,510789,19,3958799,2119,1354638,2172,1628.57,19787333,14495088,0
2023-05-06,132,7517625,74,6530779,0,593116,13,3426831,8,510797,24,3958823,962,1355600,1025,1636.86,19788358,14495130,0
2023-05-07,77,7517702,34,6530813,0,593116,0,3426831,6,510803,7,3958830,626,1356226,641,1647.43,19788999,14495139,0
2023-05-08,265,7517967,141,6530954,0,593116,8,3426839,10,510813,19,3958849,1990,1358216,2044,1652.43,19791043,14495175,0
2023-05-09,259,7518226,122,6531076,0,593116,5,3426844,4,510817,18,3958867,1743,1359959,1786,1646.71,19792829,14495209,0
2023-05-10,245,7518471,123,6531199,1,593117,6,3426850,13,510830,26,3958893,1887,1361846,1950,1666.29,19794779,14495253,0
2023-05-11,228,7518699,127,6531326,1,593118,11,3426861,23,510853,41,3958934,1816,1363662,1891,1644.14,19796670,14495294,0
2023-05-12,166,7518865,122,6531448,1,593119,5,3426866,10,510863,26,3958960,1555,1365217,1599,1562.29,19798269,14495323,0
2023-05-13,98,7518963,48,6531496,0,593119,1,3426867,4,510867,8,3958968,700,1365917,725,1519.43,19798994,14495343,0
2023-05-14,59,7519022,21,6531517,0,593119,2,3426869,0,510867,3,3958971,363,1366280,373,1481.14,19799367,14495351,0
2023-05-15,210,7519232,120,6531637,0,593119,4,3426873,8,510875,18,3958989,1447,1367727,1507,1404.43,19800874,14495399,0
2023-05-16,250,7519482,100,6531737,0,593119,6,3426879,7,510882,15,3959004,1347,1369074,1397,1348.86,19802271,14495436,0
2023-05-17,210,7519692,101,6531838,0,593119,4,3426883,4,510886,12,3959016,1406,1370480,1452,1277.71,19803723,14495474,0
2023-05-18,221,7519913,99,6531937,0,593119,12,3426895,13,510899,32,3959048,1256,1371736,1318,1195.86,19805041,14495511,0
2023-05-19,194,7520107,121,6532058,0,593119,9,3426904,10,510909,28,3959076,1491,1373227,1542,1187.71,19806583,14495543,0
2023-05-20,126,7520233,39,6532097,0,593119,4,3426908,5,510914,10,3959086,685,1373912,714,1186.14,19807297,14495563,0
2023-05-21,62,7520295,16,6532113,0,593119,2,3426910,1,510915,4,3959090,350,1374262,360,1184.29,19807657,14495570,0
2023-05-22,222,7520517,93,6532206,0,593119,4,3426914,3,510918,7,3959097,1300,1375562,1326,1158.43,19808983,14495589,0
2023-05-23,213,7520730,98,6532304,0,593119,12,3426926,5,510923,20,3959117,1240,1376802,1295,1143.86,19810278,14495627,0
2023-05-24,218,7520948,117,6532421,2,593121,11,3426937,8,510931,25,3959142,1223,1378025,1276,1118.71,19811554,14495661,0
2023-05-25,186,7521134,90,6532511,1,593122,4,3426941,6,510937,15,3959157,1200,1379225,1230,1106.14,19812784,14495681,0
2023-05-26,180,7521314,129,6532640,0,593122,8,3426949,6,510943,17,3959174,1223,1380448,1270,1067.29,19814054,14495714,0
2023-05-27,108,7521422,44,6532684,0,593122,5,3426954,6,510949,15,3959189,532,1380980,564,1045.86,19814618,14495735,0
2023-05-28,52,7521474,13,6532697,1,593123,0,3426954,0,510949,0,3959189,310,1381290,315,1039.43,19814933,14495740,0
2023-05-29,11,7521485,5,6532702,0,593123,1,3426955,0,510949,1,3959190,61,1381351,65,859.29,19814998,14495743,0
2023-05-30,221,7521706,103,6532805,0,593123,4,3426959,2,510951,8,3959198,1235,1382586,1265,855,19816263,14495767,0
2023-05-31,182,7521888,107,6532912,0,593123,8,3426967,2,510953,13,3959211,1115,1383701,1144,836.14,19817407,14495786,0
2023-06-01,183,7522071,83,6532995,1,593124,1,3426968,6,510959,8,3959219,1154,1384855,1176,828.43,19818583,14495801,0
2023-06-02,227,7522298,94,6533089,0,593124,8,3426976,2,510961,10,3959229,1158,1386013,1188,816.71,19819771,14495821,0
2023-06-03,89,7522387,33,6533122,0,593124,1,3426977,0,510961,1,3959230,547,1386560,562,816.43,19820333,14495835,0
2023-06-04,66,7522453,14,6533136,0,593124,2,3426979,3,510964,5,3959235,304,1386864,315,816.43,19820648,14495841,0
2023-06-05,202,7522655,88,6533224,0,593124,4,3426983,4,510968,12,3959247,1104,1387968,1136,969.43,19821784,14495865,0
2023-06-06,168,7522823,93,6533317,0,593124,8,3426991,3,510971,13,3959260,1003,1388971,1028,935.57,19822812,14495879,0
2023-06-07,174,7522997,93,6533410,2,593126,7,3426998,7,510978,15,3959275,971,1389942,1001,915.14,19823813,14495895,0
2023-06-08,178,7523175,72,6533482,1,593127,4,3427002,10,510988,14,3959289,816,1390758,848,868.29,19824661,14495913,0
2023-06-09,165,7523340,97,6533579,0,593127,11,3427013,10,510998,24,3959313,1012,1391770,1052,848.86,19825713,14495932,0
2023-06-10,112,7523452,33,6533612,0,593127,2,3427015,2,511000,5,3959318,411,1392181,433,830.43,19826146,14495950,0
2023-06-11,53,7523505,13,6533625,0,593127,0,3427015,0,511000,0,3959318,251,1392432,257,822.14,19826403,14495956,0
2023-06-12,165,7523670,81,6533706,1,593128,8,3427023,1,511001,11,3959329,961,1393393,981,800,19827384,14495967,0
2023-06-13,173,7523843,84,6533790,0,593128,1,3427024,3,511004,4,3959333,912,1394305,926,785.43,19828310,14495977,0
2023-06-14,167,7524010,97,6533887,0,593128,9,3427033,1,511005,11,3959344,1005,1395310,1035,790.29,19829345,14495997,0
2023-06-15,157,7524167,82,6533969,2,593130,7,3427040,3,511008,11,3959355,959,1396269,980,809.14,19830325,14496008,0
2023-06-16,204,7524371,82,6534051,0,593130,3,3427043,0,511008,4,3959359,904,1397173,924,790.86,19831249,14496025,0
2023-06-17,80,7524451,22,6534073,0,593130,2,3427045,2,511010,5,3959364,399,1397572,412,787.86,19831661,14496034,0
2023-06-18,58,7524509,16,6534089,0,593130,1,3427046,0,511010,1,3959365,224,1397796,229,783.86,19831890,14496038,0
2023-06-19,98,7524607,34,6534123,0,593130,2,3427048,2,511012,5,3959370,629,1398425,637,734.71,19832527,14496042,0
2023-06-20,167,7524774,88,6534211,1,593131,4,3427052,1,511013,5,3959375,905,1399330,917,733.43,19833444,14496049,0
2023-06-21,156,7524930,74,6534285,0,593131,10,3427062,1,511014,12,3959387,873,1400203,899,714,19834343,14496064,0
2023-06-22,186,7525116,51,6534336,0,593131,5,3427067,2,511016,7,3959394,814,1401017,830,692.57,19835173,14496073,0
2023-06-23,150,7525266,75,6534411,0,593131,5,3427072,0,511016,7,3959401,789,1401806,803,675.29,19835976,14496082,0
2023-06-24,64,7525330,26,6534437,0,593131,1,3427073,3,511019,5,3959406,326,1402132,340,665,19836316,14496092,0
2023-06-25,38,7525368,10,6534447,0,593131,1,3427074,5,511024,6,3959412,173,1402305,194,660,19836510,14496107,0
2023-06-26,132,7525500,60,6534507,1,593132,9,3427083,1,511025,11,3959423,761,1403066,788,681.57,19837298,14496124,0
2023-06-27,128,7525628,61,6534568,0,593132,6,3427089,0,511025,7,3959430,709,1403775,728,654.57,19838026,14496137,0
2023-06-28,153,7525781,66,6534634,0,593132,7,3427096,2,511027,9,3959439,806,1404581,826,644.14,19838852,14496148,0
2023-06-29,158,7525939,62,6534696,0,593132,3,3427099,5,511032,8,3959447,748,1405329,768,635.29,19839620,14496160,0
2023-06-30,163,7526102,66,6534762,0,593132,3,3427102,4,511036,8,3959455,675,1406004,689,619,19840309,14496167,0
2023-07-01,54,7526156,26,6534788,0,593132,2,3427104,0,511036,2,3959457,286,1406290,298,613,19840607,14496177,0
2023-07-02,37,7526193,8,6534796,0,593132,0,3427104,0,511036,0,3959457,162,1406452,168,609.29,19840775,14496183,0
2023-07-03,122,7526315,51,6534847,0,593132,8,3427112,3,511039,11,3959468,569,1407021,587,580.57,19841362,14496190,0
2023-07-04,1,7526316,2,6534849,1,593133,0,3427112,0,511039,0,3959468,9,1407030,10,478,19841372,14496191,0
2023-07-05,137,7526453,48,6534897,1,593134,6,3427118,0,511039,6,3959474,599,1407629,608,446.86,19841980,14496194,0
2023-07-06,146,7526599,52,6534949,0,593134,6,3427124,2,511041,8,3959482,613,1408242,631,427.29,19842611,14496204,0
2023-07-07,158,7526757,76,6535025,0,593134,4,3427128,1,511042,6,3959488,684,1408926,693,427.86,19843304,14496208,0
2023-07-08,77,7526834,21,6535046,0,593134,1,3427129,4,511046,6,3959494,257,1409183,275,424.57,19843579,14496221,0
2023-07-09,23,7526857,7,6535053,0,593134,0,3427129,0,511046,0,3959494,115,1409298,115,417,19843694,14496221,0
2023-07-10,148,7527005,58,6535111,1,593135,3,3427132,1,511047,5,3959499,613,1409911,639,424.43,19844333,14496243,0
2023-07-11,129,7527134,64,6535175,0,593135,5,3427137,2,511049,7,3959506,607,1410518,623,512,19844956,14496252,0
2023-07-12,154,7527288,63,6535238,0,593135,2,3427139,1,511050,3,3959509,654,1411172,665,520.14,19845621,14496260,0
2023-07-13,127,7527415,43,6535281,0,593135,3,3427142,3,511053,7,3959516,501,1411673,514,503.43,19846135,14496267,0
2023-07-14,139,7527554,66,6535347,0,593135,4,3427146,2,511055,7,3959523,604,1412277,619,492.86,19846754,14496276,0
2023-07-15,77,7527631,17,6535364,0,593135,2,3427148,2,511057,4,3959527,242,1412519,256,490.14,19847010,14496286,0
2023-07-16,38,7527669,4,6535368,0,593135,0,3427148,0,511057,0,3959527,113,1412632,113,489.86,19847123,14496286,0
2023-07-17,136,7527805,54,6535422,0,593135,1,3427149,1,511058,3,3959530,557,1413189,570,480,19847693,14496297,0
2023-07-18,126,7527931,60,6535482,0,593135,4,3427153,2,511060,6,3959536,520,1413709,532,467,19848225,14496303,0
2023-07-19,113,7528044,70,6535552,1,593136,2,3427155,4,511064,6,3959542,545,1414254,562,452.29,19848787,14496314,0
2023-07-20,155,7528199,52,6535604,0,593136,12,3427167,3,511067,17,3959559,516,1414770,547,457,19849334,14496330,0
2023-07-21,139,7528338,70,6535674,0,593136,1,3427168,0,511067,2,3959561,576,1415346,581,451.57,19849915,14496334,0
2023-07-22,80,7528418,18,6535692,0,593136,3,3427171,0,511067,3,3959564,193,1415539,230,447.86,19850145,14496368,0
2023-07-23,30,7528448,11,6535703,0,593136,0,3427171,0,511067,0,3959564,101,1415640,101,446.14,19850246,14496368,0
2023-07-24,152,7528600,41,6535744,0,593136,8,3427179,0,511067,9,3959573,568,1416208,579,447.43,19850825,14496371,0
2023-07-25,103,7528703,33,6535777,0,593136,0,3427179,1,511068,1,3959574,446,1416654,451,435.86,19851276,14496375,0
2023-07-26,136,7528839,52,6535829,1,593137,6,3427185,2,511070,8,3959582,525,1417179,547,433.71,19851823,14496389,0
2023-07-27,131,7528970,47,6535876,1,593138,6,3427191,1,511071,7,3959589,484,1417663,498,426.71,19852321,14496396,0
2023-07-28,115,7529085,58,6535934,0,593138,2,3427193,2,511073,4,3959593,471,1418134,482,412.57,19852803,14496403,120000
2023-07-29,57,7529142,12,6535946,0,593138,0,3427193,4,511077,4,3959597,211,1418345,226,412,19853029,14496414,120000
2023-07-30,35,7529177,14,6535960,0,593138,1,3427194,0,511077,1,3959598,150,1418495,151,419.14,19853180,14496414,120000
2023-07-31,142,7529319,69,6536029,0,593138,0,3427194,2,511079,3,3959601,577,1419072,595,421.43,19853775,14496430,120000
2023-08-01,119,7529438,55,6536084,0,593138,1,3427195,2,511081,3,3959604,545,1419617,551,435.71,19854326,14496433,120000
2023-08-02,149,7529587,46,6536130,0,593138,2,3427197,2,511083,4,3959608,540,1420157,553,436.57,19854879,14496442,120000
2023-08-03,42,7529629,25,6536155,0,593138,1,3427198,1,511084,2,3959610,193,1420350,198,393.71,19855077,14496445,120000
