"DATE","ADMIN_DOSE1_DAILY","ADMIN_DOSE1_CUMULATIVE","ADMIN_DOSE2_DAILY","ADMIN_DOSE2_CUMULATIVE","ADMIN_SINGLE_DAILY","ADMIN_SINGLE_CUMULATIVE","ADMIN_ADDITIONAL1_DAILY","ADMIN_ADDITIONAL1_CUMULATIVE","ADMIN_ADDITIONAL2_DAILY","ADMIN_ADDITIONAL2_CUMULATIVE","ADMIN_ADDITIONAL_DAILY","ADMIN_ADDITIONAL_CUMULATIVE","ADMIN_ALLDOSES_DAILY","ADMIN_ALLDOSES_7DAYAVG","ADMIN_ALLDOSES_CUMULATIVE","INCOMPLETE"
"2020-12-14",79,79,0,0,0,0,0,0,0,0,0,0,79,,79,0
"2020-12-15",2052,2131,6,6,4,4,0,0,0,0,0,0,2062,,2141,0
"2020-12-16",4603,6734,13,19,1,5,1,1,0,0,1,1,4618,,6759,0
"2020-12-17",4655,11389,17,36,0,5,1,2,0,0,1,2,4673,,11432,0
"2020-12-18",5834,17223,19,55,2,7,2,4,0,0,2,4,5857,,17289,0
"2020-12-19",1689,18912,7,62,3,10,0,4,0,0,0,4,1699,,18988,0
"2020-12-20",1116,20028,2,64,1,11,0,4,0,0,0,4,1119,2872.43,20107,0
"2020-12-21",6340,26368,18,82,0,11,5,9,0,0,5,9,6363,3770.14,26470,0
"2020-12-22",9795,36163,27,109,2,13,1,10,0,0,1,10,9825,4879.14,36295,0
"2020-12-23",14276,50439,34,143,3,16,1,11,0,0,1,11,14314,6264.29,50609,0
"2020-12-24",7201,57640,24,167,1,17,0,11,0,0,0,11,7226,6629,57835,0
"2020-12-25",180,57820,0,167,0,17,1,12,0,0,1,12,181,5818.14,58016,0
"2020-12-26",4389,62209,42,209,0,17,1,13,0,0,1,13,4432,6208.57,62448,0
"2020-12-27",3869,66078,14,223,0,17,1,14,0,0,1,14,3884,6603.57,66332,0
"2020-12-28",10995,77073,49,272,1,18,2,16,0,0,2,16,11047,7272.71,77379,0
"2020-12-29",10720,87793,34,306,2,20,2,18,0,0,2,18,10758,7406,88137,0
"2020-12-30",12824,100617,45,351,0,20,0,18,0,0,0,18,12869,7199.57,101006,0
"2020-12-31",7262,107879,31,382,1,21,0,18,0,0,0,18,7294,7209.29,108300,0
"2021-01-01",181,108060,2,384,1,22,3,21,0,0,3,21,187,7210.14,108487,0
"2021-01-02",3809,111869,10,394,2,24,2,23,0,0,2,23,3823,7123.14,112310,0
"2021-01-03",3541,115410,24,418,2,26,1,24,0,0,1,24,3568,7078,115878,0
"2021-01-04",12257,127667,806,1224,2,28,6,30,0,0,6,30,13071,7367.14,128949,0
"2021-01-05",14085,141752,2191,3415,2,30,11,41,1,1,12,42,16290,8157.43,145239,0
"2021-01-06",17802,159554,3927,7342,1,31,30,71,6,7,36,78,21766,9428.43,167005,0
"2021-01-07",16552,176106,5170,12512,4,35,45,116,3,10,48,126,21774,11497,188779,0
"2021-01-08",16619,192725,5455,17967,0,35,33,149,4,14,37,163,22111,14629,210890,0
"2021-01-09",7652,200377,1462,19429,1,36,7,156,2,16,9,172,9124,15386.29,220014,0
"2021-01-10",7881,208258,983,20412,0,36,10,166,0,16,10,182,8874,16144.29,228888,0
"2021-01-11",25827,234085,7454,27866,2,38,48,214,8,24,56,238,33339,19039.71,262227,0
"2021-01-12",28263,262348,7857,35723,1,39,44,258,2,26,46,284,36167,21879.29,298394,0
"2021-01-13",31725,294073,9387,45110,1,40,52,310,4,30,56,340,41169,24651.14,339563,0
"2021-01-14",35810,329883,5325,50435,1,41,28,338,7,37,35,375,41171,27422.14,380734,0
"2021-01-15",29268,359151,3705,54140,2,43,32,370,4,41,36,411,33011,28979.29,413745,0
"2021-01-16",30289,389440,2382,56522,0,43,24,394,5,46,29,440,32700,32347.29,446445,0
"2021-01-17",23752,413192,1623,58145,0,43,18,412,1,47,19,459,25394,34707.29,471839,0
"2021-01-18",27108,440300,2413,60558,1,44,34,446,7,54,41,500,29563,34167.86,501402,0
"2021-01-19",34295,474595,9626,70184,1,45,71,517,5,59,76,576,43998,35286.57,545400,0
"2021-01-20",34869,509464,9496,79680,1,46,59,576,4,63,63,639,44429,35752.29,589829,0
"2021-01-21",25593,535057,8093,87773,2,48,48,624,5,68,53,692,33741,34690.86,623570,0
"2021-01-22",24754,559811,4383,92156,1,49,31,655,7,75,38,730,29176,34143,652746,0
"2021-01-23",15744,575555,3223,95379,0,49,9,664,2,77,11,741,18978,32182.71,671724,0
"2021-01-24",7174,582729,3454,98833,0,49,19,683,1,78,20,761,10648,30076.14,682372,0
"2021-01-25",13412,596141,11821,110654,0,49,65,748,11,89,76,837,25309,29468.43,707681,0
"2021-01-26",16766,612907,10752,121406,0,49,67,815,2,91,69,906,27587,27124,735268,0
"2021-01-27",20835,633742,12358,133764,0,49,50,865,7,98,57,963,33250,25527,768518,0
"2021-01-28",30763,664505,12848,146612,0,49,80,945,16,114,96,1059,43707,26950.71,812225,0
"2021-01-29",31695,696200,11501,158113,0,49,78,1023,10,124,88,1147,43284,28966.14,855509,0
"2021-01-30",18709,714909,3742,161855,0,49,20,1043,2,126,22,1169,22473,29465.43,877982,0
"2021-01-31",13022,727931,2919,164774,1,50,28,1071,4,130,32,1201,15974,30226.29,893956,0
"2021-02-01",1180,729111,5368,170142,4,54,35,1106,4,134,39,1240,6591,27552.29,900547,0
"2021-02-02",2827,731938,9475,179617,2,56,46,1152,4,138,50,1290,12354,25376.14,912901,0
"2021-02-03",16350,748288,21243,200860,4,60,202,1354,19,157,221,1511,37818,26028.71,950719,0
"2021-02-04",27048,775336,19651,220511,3,63,198,1552,10,167,208,1719,46910,26486.29,997629,0
"2021-02-05",27601,802937,20031,240542,0,63,183,1735,15,182,198,1917,47830,27135.71,1045459,0
"2021-02-06",22994,825931,11246,251788,0,63,109,1844,11,193,120,2037,34360,28833.86,1079819,0
"2021-02-07",12043,837974,8282,260070,1,64,91,1935,13,206,104,2141,20430,29470.43,1100249,0
"2021-02-08",16968,854942,23511,283581,2,66,234,2169,33,239,267,2408,40748,34350,1140997,0
"2021-02-09",17193,872135,28111,311692,2,68,331,2500,43,282,374,2782,45680,39110.86,1186677,0
"2021-02-10",19591,891726,29313,341005,2,70,258,2758,49,331,307,3089,49213,40738.71,1235890,0
"2021-02-11",27849,919575,33468,374473,2,72,343,3101,58,389,401,3490,61720,42854.43,1297610,0
"2021-02-12",38396,957971,30796,405269,3,75,354,3455,38,427,392,3882,69587,45962.57,1367197,0
"2021-02-13",28007,985978,25310,430579,2,77,311,3766,50,477,361,4243,53680,48722.57,1420877,0
"2021-02-14",16282,1002260,23733,454312,0,77,257,4023,32,509,289,4532,40304,51561.71,1461181,0
"2021-02-15",12795,1015055,10527,464839,2,79,168,4191,23,532,191,4723,23515,49099.86,1484696,0
"2021-02-16",14239,1029294,26732,491571,0,79,320,4511,36,568,356,5079,41327,48478,1526023,0
"2021-02-17",16394,1045688,22192,513763,1,80,284,4795,37,605,321,5400,38908,47005.86,1564931,0
"2021-02-18",12153,1057841,24992,538755,21,101,286,5081,43,648,329,5729,37495,43545.14,1602426,0
"2021-02-19",13265,1071106,23932,562687,39,140,304,5385,43,691,347,6076,37583,38973.14,1640009,0
"2021-02-20",11352,1082458,26075,588762,6,146,325,5710,78,769,403,6479,37836,36709.71,1677845,0
"2021-02-21",6362,1088820,17422,606184,15,161,283,5993,42,811,325,6804,24124,34398.29,1701969,0
"2021-02-22",13042,1101862,11847,618031,2,163,124,6117,20,831,144,6948,25035,34615.43,1727004,0
"2021-02-23",25244,1127106,14148,632179,1,164,160,6277,35,866,195,7143,39588,34367,1766592,0
"2021-02-24",36364,1163470,20388,652567,0,164,224,6501,36,902,260,7403,57012,36953.29,1823604,0
"2021-02-25",54617,1218087,30389,682956,6,170,393,6894,65,967,458,7861,85470,43806.86,1909074,0
"2021-02-26",62874,1280961,31873,714829,4,174,407,7301,75,1042,482,8343,95233,52042.57,2004307,0
"2021-02-27",51295,1332256,22753,737582,47,221,332,7633,51,1093,383,8726,74478,57277.14,2078785,0
"2021-02-28",44596,1376852,13821,751403,7,228,204,7837,33,1126,237,8963,58661,62211,2137446,0
"2021-03-01",39319,1416171,12778,764181,10,238,165,8002,25,1151,190,9153,52297,66105.57,2189743,0
"2021-03-02",47084,1463255,12575,776756,7,245,160,8162,14,1165,174,9327,59840,68998.71,2249583,0
"2021-03-03",48608,1511863,16156,792912,17,262,146,8308,21,1186,167,9494,64948,70132.43,2314531,0
"2021-03-04",59819,1571682,22821,815733,1092,1354,272,8580,34,1220,306,9800,84038,69927.86,2398569,0
"2021-03-05",60990,1632672,24282,840015,3109,4463,328,8908,34,1254,362,10162,88743,69000.71,2487312,0
"2021-03-06",47180,1679852,18884,858899,5451,9914,236,9144,34,1288,270,10432,71785,68616,2559097,0
"2021-03-07",36047,1715899,14877,873776,6245,16159,228,9372,20,1308,248,10680,57417,68438.29,2616514,0
"2021-03-08",39629,1755528,14674,888450,8564,24723,314,9686,91,1399,405,11085,63272,70006.14,2679786,0
"2021-03-09",39109,1794637,12846,901296,7764,32487,178,9864,33,1432,211,11296,59930,70019,2739716,0
"2021-03-10",51832,1846469,15340,916636,5067,37554,228,10092,31,1463,259,11555,72498,71097.57,2812214,0
"2021-03-11",59993,1906462,21806,938442,4618,42172,251,10343,48,1511,299,11854,86716,71480.14,2898930,0
"2021-03-12",52206,1958668,30309,968751,4183,46355,372,10715,80,1591,452,12306,87150,71252.57,2986080,0
"2021-03-13",40653,1999321,26684,995435,5109,51464,323,11038,53,1644,376,12682,72822,71400.71,3058902,0
"2021-03-14",30717,2030038,15968,1011403,4527,55991,238,11276,26,1670,264,12946,51476,70552,3110378,0
"2021-03-15",33591,2063629,17252,1028655,4717,60708,233,11509,32,1702,265,13211,55825,69488.14,3166203,0
"2021-03-16",38680,2102309,20501,1049156,4925,65633,257,11766,35,1737,292,13503,64398,70126.43,3230601,0
"2021-03-17",42620,2144929,24789,1073945,4247,69880,338,12104,36,1773,374,13877,72030,70059.57,3302631,0
"2021-03-18",50457,2195386,26799,1100744,5239,75119,363,12467,61,1834,424,14301,82919,69517.14,3385550,0
"2021-03-19",47796,2243182,29954,1130698,5624,80743,389,12856,69,1903,458,14759,83832,69043.14,3469382,0
"2021-03-20",38714,2281896,25830,1156528,4687,85430,297,13153,60,1963,357,15116,69588,68581.14,3538970,0
"2021-03-21",29302,2311198,19357,1175885,770,86200,219,13372,42,2005,261,15377,49690,68326,3588660,0
"2021-03-22",33872,2345070,26731,1202616,4037,90237,260,13632,37,2042,297,15674,64937,69627.71,3653597,0
"2021-03-23",38437,2383507,32840,1235456,4219,94456,291,13923,55,2097,346,16020,75842,71262.57,3729439,0
"2021-03-24",41500,2425007,37594,1273050,4850,99306,326,14249,63,2160,389,16409,84333,73020.14,3813772,0
"2021-03-25",43418,2468425,50778,1323828,5055,104361,470,14719,85,2245,555,16964,99806,75432.57,3913578,0
"2021-03-26",38508,2506933,55505,1379333,4310,108671,522,15241,97,2342,619,17583,98942,77591.14,4012520,0
"2021-03-27",35739,2542672,45750,1425083,2939,111610,412,15653,82,2424,494,18077,84922,79781.71,4097442,0
"2021-03-28",26392,2569064,34454,1459537,1482,113092,328,15981,62,2486,390,18467,62718,81642.86,4160160,0
"2021-03-29",34820,2603884,38862,1498399,3247,116339,340,16321,110,2596,450,18917,77379,83420.29,4237539,0
"2021-03-30",40515,2644399,41916,1540315,3714,120053,335,16656,66,2662,401,19318,86546,84949.43,4324085,0
"2021-03-31",49399,2693798,44858,1585173,7442,127495,396,17052,86,2748,482,19800,102181,87499.14,4426266,0
"2021-04-01",50785,2744583,53943,1639116,11275,138770,500,17552,81,2829,581,20381,116584,89896,4542850,0
"2021-04-02",43762,2788345,53885,1693001,11971,150741,544,18096,68,2897,612,20993,110230,91508.57,4653080,0
"2021-04-03",39257,2827602,39211,1732212,9860,160601,336,18432,57,2954,393,21386,88721,92051.29,4741801,0
"2021-04-04",26561,2854163,24779,1756991,3902,164503,223,18655,49,3003,272,21658,55514,91022.14,4797315,0
"2021-04-05",41890,2896053,34485,1791476,11195,175698,369,19024,60,3063,429,22087,87999,92539.29,4885314,0
"2021-04-06",53271,2949324,35617,1827093,13222,188920,426,19450,71,3134,497,22584,102607,94833.71,4987921,0
"2021-04-07",55520,3004844,40690,1867783,14389,203309,392,19842,77,3211,469,23053,111068,96103.29,5098989,0
"2021-04-08",59270,3064114,46586,1914369,16340,219649,514,20356,77,3288,591,23644,122787,96989.43,5221776,0
"2021-04-09",56648,3120762,44959,1959328,17551,237200,512,20868,77,3365,589,24233,119747,98349,5341523,0
"2021-04-10",49353,3170115,35642,1994970,12728,249928,386,21254,60,3425,446,24679,98169,99698.71,5439692,0
"2021-04-11",38187,3208302,28817,2023787,7684,257612,293,21547,56,3481,349,25028,75037,102487.71,5514729,0
"2021-04-12",46642,3254944,31848,2055635,13496,271108,463,22010,63,3544,526,25554,92512,103132.43,5607241,0
"2021-04-13",52544,3307488,33794,2089429,368,271476,395,22405,59,3603,454,26008,87160,100925.71,5694401,0
"2021-04-14",50151,3357639,39960,2129389,20,271496,364,22769,67,3670,431,26439,90562,97996.29,5784963,0
"2021-04-15",52129,3409768,43678,2173067,16,271512,452,23221,103,3773,555,26994,96378,94223.57,5881341,0
"2021-04-16",51187,3460955,42218,2215285,32,271544,418,23639,65,3838,483,27477,93920,90534,5975261,0
"2021-04-17",43843,3504798,35692,2250977,3,271547,363,24002,83,3921,446,27923,79984,87936.14,6055245,0
"2021-04-18",28612,3533410,29371,2280348,7,271554,248,24250,62,3983,310,28233,58300,85545.14,6113545,0
"2021-04-19",37476,3570886,36448,2316796,22,271576,322,24572,61,4044,383,28616,74329,82947.57,6187874,0
"2021-04-20",40811,3611697,39626,2356422,19,271595,314,24886,75,4119,389,29005,80845,82045.43,6268719,0
"2021-04-21",38908,3650605,46010,2402432,16,271611,491,25377,95,4214,586,29591,85520,81325.14,6354239,0
"2021-04-22",38500,3689105,48962,2451394,9,271620,335,25712,73,4287,408,29999,87879,80111,6442118,0
"2021-04-23",39703,3728808,44384,2495778,4,271624,344,26056,69,4356,413,30412,84504,78765.86,6526622,0
"2021-04-24",31952,3760760,41604,2537382,44,271668,275,26331,59,4415,334,30746,73934,77901.57,6600556,0
"2021-04-25",18423,3779183,31231,2568613,86,271754,191,26522,54,4469,245,30991,49985,76713.71,6650541,0
"2021-04-26",26972,3806155,40737,2609350,1013,272767,282,26804,82,4551,364,31355,69086,75964.71,6719627,0
"2021-04-27",28575,3834730,47142,2656492,1697,274464,348,27152,92,4643,440,31795,77854,75537.43,6797481,0
"2021-04-28",27047,3861777,56838,2713330,2148,276612,425,27577,97,4740,522,32317,86555,75685.29,6884036,0
"2021-04-29",28612,3890389,57200,2770530,2148,278760,362,27939,99,4839,461,32778,88421,75762.71,6972457,0
"2021-04-30",30126,3920515,51988,2822518,2056,280816,280,28219,72,4911,352,33130,84522,75765.29,7056979,0
"2021-05-01",22482,3942997,44549,2867067,1177,281993,223,28442,63,4974,286,33416,68494,74988.14,7125473,0
"2021-05-02",11927,3954924,36654,2903721,1080,283073,137,28579,55,5029,192,33608,49853,74969.29,7175326,0
"2021-05-03",18033,3972957,53025,2956746,2383,285456,254,28833,88,5117,342,33950,73783,75640.29,7249109,0
"2021-05-04",22739,3995696,56649,3013395,2330,287786,264,29097,113,5230,377,34327,82095,76246.14,7331204,0
"2021-05-05",21478,4017174,48799,3062194,2313,290099,309,29406,98,5328,407,34734,72997,74309.29,7404201,0
"2021-05-06",20684,4037858,50178,3112372,2507,292606,270,29676,82,5410,352,35086,73721,72209.29,7477922,0
"2021-05-07",21258,4059116,52098,3164470,2813,295419,306,29982,70,5480,376,35462,76545,71069.71,7554467,0
"2021-05-08",16634,4075750,41870,3206340,1835,297254,227,30209,66,5546,293,35755,60632,69946.57,7615099,0
"2021-05-09",7977,4083727,29413,3235753,1260,298514,148,30357,55,5601,203,35958,38853,68375.14,7653952,0
"2021-05-10",14391,4098118,38541,3274294,2355,300869,230,30587,86,5687,316,36274,55603,65778,7709555,0
"2021-05-11",19916,4118034,43059,3317353,2514,303383,279,30866,83,5770,362,36636,65851,63457.43,7775406,0
"2021-05-12",17812,4135846,40536,3357889,3596,306979,229,31095,76,5846,305,36941,62249,61922,7837655,0
"2021-05-13",24975,4160821,40434,3398323,3230,310209,259,31354,73,5919,332,37273,68971,61243.43,7906626,0
"2021-05-14",27026,4187847,42915,3441238,3537,313746,281,31635,93,6012,374,37647,73852,60858.71,7980478,0
"2021-05-15",23652,4211499,34914,3476152,3366,317112,248,31883,74,6086,322,37969,62254,61090.43,8042732,0
"2021-05-16",15530,4227029,19443,3495595,2497,319609,125,32008,46,6132,171,38140,37641,60917.29,8080373,0
"2021-05-17",22676,4249705,29139,3524734,3257,322866,177,32185,66,6198,243,38383,55315,60876.14,8135688,0
"2021-05-18",24637,4274342,31908,3556642,3404,326270,236,32421,70,6268,306,38689,60255,60076.71,8195943,0
"2021-05-19",24195,4298537,29715,3586357,3040,329310,222,32643,46,6314,268,38957,57218,59358,8253161,0
"2021-05-20",24156,4322693,30084,3616441,3162,332472,272,32915,99,6413,371,39328,57773,57758.29,8310934,0
"2021-05-21",24687,4347380,32003,3648444,3060,335532,251,33166,60,6473,311,39639,60061,55788.14,8370995,0
"2021-05-22",20024,4367404,24357,3672801,2525,338057,162,33328,47,6520,209,39848,47115,53625.43,8418110,0
"2021-05-23",11236,4378640,13732,3686533,1411,339468,93,33421,32,6552,125,39973,26504,52034.43,8444614,0
"2021-05-24",18879,4397519,23156,3709689,2757,342225,213,33634,52,6604,265,40238,45057,50569,8489671,0
"2021-05-25",19433,4416952,23378,3733067,2601,344826,177,33811,70,6674,247,40485,45659,48483.86,8535330,0
"2021-05-26",18787,4435739,21087,3754154,2696,347522,199,34010,52,6726,251,40736,42821,46427.14,8578151,0
"2021-05-27",18472,4454211,21275,3775429,2529,350051,188,34198,63,6789,251,40987,42527,44249.14,8620678,0
"2021-05-28",17864,4472075,22888,3798317,2751,352802,186,34384,53,6842,239,41226,43742,41917.86,8664420,0
"2021-05-29",12710,4484785,17809,3816126,1755,354557,105,34489,39,6881,144,41370,32418,39818.29,8696838,0
"2021-05-30",7032,4491817,8949,3825075,1074,355631,47,34536,17,6898,64,41434,17119,38477.57,8713957,0
"2021-05-31",4743,4496560,6924,3831999,1012,356643,64,34600,16,6914,80,41514,12759,33863.57,8726716,0
"2021-06-01",16046,4512606,25196,3857195,2175,358818,151,34751,40,6954,191,41705,43608,33570.57,8770324,0
"2021-06-02",15352,4527958,20388,3877583,2094,360912,138,34889,46,7000,184,41889,38018,32884.43,8808342,0
"2021-06-03",15009,4542967,23818,3901401,2280,363192,128,35017,44,7044,172,42061,41279,32706.14,8849621,0
"2021-06-04",14731,4557698,25987,3927388,2492,365684,141,35158,39,7083,180,42241,43390,32655.86,8893011,0
"2021-06-05",10992,4568690,22086,3949474,1806,367490,112,35270,30,7113,142,42383,35026,33028.43,8928037,0
"2021-06-06",6446,4575136,14468,3963942,1222,368712,86,35356,13,7126,99,42482,22235,33759.29,8950272,0
"2021-06-07",11709,4586845,21788,3985730,2379,371091,138,35494,36,7162,174,42656,36050,37086.57,8986322,0
"2021-06-08",12647,4599492,24021,4009751,2072,373163,117,35611,44,7206,161,42817,38901,36414.14,9025223,0
"2021-06-09",11142,4610634,23024,4032775,2298,375461,133,35744,39,7245,172,42989,36636,36216.71,9061859,0
"2021-06-10",12071,4622705,22232,4055007,2462,377923,140,35884,56,7301,196,43185,36961,35599.86,9098820,0
"2021-06-11",12704,4635409,25123,4080130,2483,380406,151,36035,58,7359,209,43394,40519,35189.71,9139339,0
"2021-06-12",10167,4645576,19307,4099437,1888,382294,94,36129,38,7397,132,43526,31494,34685.14,9170833,0
"2021-06-13",4258,4649834,10936,4110373,1219,383513,41,36170,21,7418,62,43588,16475,33862.29,9187308,0
"2021-06-14",10208,4660042,19245,4129618,2042,385555,127,36297,51,7469,178,43766,31673,33237,9218981,0
"2021-06-15",11886,4671928,21009,4150627,1943,387498,131,36428,41,7510,172,43938,35010,32681.14,9253991,0
"2021-06-16",11591,4683519,19410,4170037,1956,389454,138,36566,66,7576,204,44142,33161,32184.71,9287152,0
"2021-06-17",11026,4694545,18763,4188800,1971,391425,120,36686,34,7610,154,44296,31914,31463.71,9319066,0
"2021-06-18",12168,4706713,18499,4207299,2116,393541,113,36799,35,7645,148,44444,32931,30379.71,9351997,0
"2021-06-19",8499,4715212,13520,4220819,1459,395000,81,36880,20,7665,101,44545,23579,29249,9375576,0
"2021-06-20",4335,4719547,7159,4227978,924,395924,37,36917,17,7682,54,44599,12472,28677.14,9388048,0
"2021-06-21",10162,4729709,10009,4237987,1806,397730,68,36985,28,7710,96,44695,22073,27305.71,9410121,0
"2021-06-22",9836,4739545,15641,4253628,1589,399319,104,37089,27,7737,131,44826,27197,26189.57,9437318,0
"2021-06-23",10314,4749859,15187,4268815,1860,401179,101,37190,28,7765,129,44955,27490,25379.43,9464808,0
"2021-06-24",9690,4759549,14697,4283512,1799,402978,118,37308,25,7790,143,45098,26329,24581.57,9491137,0
"2021-06-25",10592,4770141,14384,4297896,1719,404697,110,37418,37,7827,147,45245,26842,23711.71,9517979,0
"2021-06-26",7805,4777946,10464,4308360,1247,405944,74,37492,23,7850,97,45342,19613,23145.14,9537592,0
"2021-06-27",5001,4782947,6001,4314361,795,406739,33,37525,14,7864,47,45389,11844,23055.43,9549436,0
"2021-06-28",9032,4791979,10345,4324706,1524,408263,106,37631,26,7890,132,45521,21033,22906.86,9570469,0
"2021-06-29",9749,4801728,12316,4337022,1347,409610,123,37754,28,7918,151,45672,23563,22387.71,9594032,0
"2021-06-30",9431,4811159,10926,4347948,1481,411091,147,37901,16,7934,163,45835,22001,21603.57,9616033,0
"2021-07-01",9397,4820556,10928,4358876,1431,412522,126,38027,24,7958,150,45985,21906,20971.71,9637939,0
"2021-07-02",9695,4830251,11441,4370317,1541,414063,120,38147,23,7981,143,46128,22820,20397.14,9660759,0
"2021-07-03",7059,4837310,8422,4378739,1193,415256,75,38222,16,7997,91,46219,16765,19990.29,9677524,0
"2021-07-04",1288,4838598,1336,4380075,567,415823,8,38230,3,8000,11,46230,3202,18755.71,9680726,0
"2021-07-05",6495,4845093,7105,4387180,1208,417031,64,38294,19,8019,83,46313,14891,17878.29,9695617,0
"2021-07-06",9511,4854604,12851,4400031,1316,418347,115,38409,34,8053,149,46462,23827,17916,9719444,0
"2021-07-07",8671,4863275,11108,4411139,1419,419766,121,38530,18,8071,139,46601,21337,17821.14,9740781,0
"2021-07-08",8208,4871483,10190,4421329,1260,421026,107,38637,21,8092,128,46729,19786,17518.29,9760567,0
"2021-07-09",8377,4879860,10833,4432162,1279,422305,88,38725,17,8109,105,46834,20594,17200.29,9781161,0
"2021-07-10",7107,4886967,8629,4440791,1132,423437,62,38787,20,8129,82,46916,16950,17226.71,9798111,0
"2021-07-11",4105,4891072,4539,4445330,703,424140,34,38821,6,8135,40,46956,9387,18110.29,9807498,0
"2021-07-12",8455,4899527,9554,4454884,1250,425390,81,38902,20,8155,101,47057,19360,18748.71,9826858,0
"2021-07-13",9463,4908990,9390,4464274,951,426341,104,39006,33,8188,137,47194,19941,18193.57,9846799,0
"2021-07-14",9002,4917992,9531,4473805,1009,427350,102,39108,19,8207,121,47315,19663,17954.43,9866462,0
"2021-07-15",8791,4926783,9153,4482958,1051,428401,82,39190,17,8224,99,47414,19094,17855.57,9885556,0
"2021-07-16",9243,4936026,9761,4492719,978,429379,102,39292,31,8255,133,47547,20115,17787.14,9905671,0
"2021-07-17",6845,4942871,7385,4500104,802,430181,79,39371,19,8274,98,47645,15130,17527.14,9920801,0
"2021-07-18",4259,4947130,4283,4504387,569,430750,35,39406,14,8288,49,47694,9160,17494.71,9929961,0
"2021-07-19",9126,4956256,8467,4512854,999,431749,89,39495,20,8308,109,47803,18701,17400.57,9948662,0
"2021-07-20",10651,4966907,8758,4521612,991,432740,93,39588,24,8332,117,47920,20517,17482.86,9969179,0
"2021-07-21",10053,4976960,8763,4530375,903,433643,145,39733,30,8362,175,48095,19894,17515.86,9989073,0
"2021-07-22",10688,4987648,8583,4538958,1045,434688,142,39875,25,8387,167,48262,20483,17714.29,10009556,0
"2021-07-23",11254,4998902,8880,4547838,1114,435802,137,40012,22,8409,159,48421,21407,17898.86,10030963,0
"2021-07-24",7404,5006306,6735,4554573,670,436472,81,40093,22,8431,103,48524,14912,17867.71,10045875,0
"2021-07-25",5477,5011783,2126,4556699,509,436981,59,40152,4,8435,63,48587,8175,17727,10054050,0
"2021-07-26",10876,5022659,6999,4563698,859,437840,109,40261,16,8451,125,48712,18859,17749.57,10072909,0
"2021-07-27",12057,5034716,8566,4572264,857,438697,132,40393,34,8485,166,48878,21646,17910.86,10094555,0
"2021-07-28",11994,5046710,8048,4580312,950,439647,131,40524,24,8509,155,49033,21147,18089.86,10115702,0
"2021-07-29",10935,5057645,7428,4587740,984,440631,132,40656,39,8548,171,49204,19518,17952,10135220,0
"2021-07-30",14955,5072600,8009,4595749,1150,441781,181,40837,27,8575,208,49412,24322,18368.43,10159542,0
"2021-07-31",9731,5082331,6310,4602059,816,442597,119,40956,19,8594,138,49550,16995,18666,10176537,0
"2021-08-01",6503,5088834,3308,4605367,564,443161,81,41037,19,8613,100,49650,10475,18994.57,10187012,0
"2021-08-02",13452,5102286,7153,4612520,847,444008,144,41181,18,8631,162,49812,21614,19388.14,10208626,0
"2021-08-03",15414,5117700,8382,4620902,1109,445117,144,41325,32,8663,176,49988,25081,19878.86,10233707,0
"2021-08-04",17259,5134959,8125,4629027,1454,446571,179,41504,30,8693,209,50197,27047,20721.71,10260754,0
"2021-08-05",17864,5152823,7927,4636954,1366,447937,161,41665,17,8710,178,50375,27335,21838.43,10288089,0
"2021-08-06",18181,5171004,8412,4645366,1233,449170,162,41827,30,8740,192,50567,28018,22366.43,10316107,0
"2021-08-07",13388,5184392,6014,4651380,799,449969,100,41927,27,8767,127,50694,20328,22842.57,10336435,0
"2021-08-08",9308,5193700,3838,4655218,399,450368,82,42009,8,8775,90,50784,13635,23294,10350070,0
"2021-08-09",21341,5215041,8526,4663744,963,451331,169,42178,32,8807,201,50985,31031,24639.29,10381101,0
"2021-08-10",18921,5233962,9331,4673075,947,452278,174,42352,32,8839,206,51191,29405,25257,10410506,0
"2021-08-11",15649,5249611,8308,4681383,853,453131,129,42481,37,8876,166,51357,24976,24961.14,10435482,0
"2021-08-12",15047,5264658,8976,4690359,940,454071,170,42651,31,8907,201,51558,25164,24651,10460646,0
"2021-08-13",14927,5279585,9290,4699649,921,454992,238,42889,35,8942,273,51831,25411,24278.57,10486057,0
"2021-08-14",10409,5289994,6405,4706054,625,455617,529,43418,38,8980,567,52398,18006,23946.86,10504063,0
"2021-08-15",6696,5296690,4475,4710529,676,456293,567,43985,30,9010,597,52995,12444,23776.71,10516507,0
"2021-08-16",15725,5312415,9295,4719824,1149,457442,1319,45304,61,9071,1380,54375,27549,23279.29,10544056,0
"2021-08-17",17779,5330194,10435,4730259,1223,458665,1764,47068,76,9147,1840,56215,31277,23546.71,10575333,0
"2021-08-18",17510,5347704,10359,4740618,1261,459926,1985,49053,90,9237,2075,58290,31205,24436.57,10606538,0
"2021-08-19",16305,5364009,9517,4750135,1315,461241,1947,51000,62,9299,2009,60299,29146,25005.43,10635684,0
"2021-08-20",16286,5380295,11537,4761672,1254,462495,1851,52851,81,9380,1932,62231,31009,25805.14,10666693,0
"2021-08-21",11152,5391447,8042,4769714,878,463373,1053,53904,52,9432,1105,63336,21177,26258.14,10687870,0
"2021-08-22",4081,5395528,3901,4773615,262,463635,514,54418,31,9463,545,63881,8789,25736,10696659,0
"2021-08-23",15582,5411110,11792,4785407,1023,464658,1546,55964,72,9535,1618,65499,30015,26088.29,10726674,0
"2021-08-24",16916,5428026,12597,4798004,1006,465664,1772,57736,72,9607,1844,67343,32363,26243.43,10759037,0
"2021-08-25",14588,5442614,12440,4810444,1110,466774,1562,59298,74,9681,1636,68979,29774,26039,10788811,0
"2021-08-26",16170,5458784,14084,4824528,1072,467846,1766,61064,65,9746,1831,70810,33157,26612,10821968,0
"2021-08-27",14886,5473670,14820,4839348,971,468817,1665,62729,74,9820,1739,72549,32416,26813,10854384,0
"2021-08-28",10685,5484355,11522,4850870,836,469653,1008,63737,42,9862,1050,73599,24093,27229.57,10878477,0
"2021-08-29",7220,5491575,7495,4858365,541,470194,776,64513,54,9916,830,74429,16086,28272,10894563,0
"2021-08-30",15526,5507101,16927,4875292,1077,471271,1790,66303,79,9995,1869,76298,35399,29041.14,10929962,0
"2021-08-31",15522,5522623,15950,4891242,951,472222,1969,68272,84,10079,2053,78351,34476,29343,10964438,0
"2021-09-01",14833,5537456,14097,4905339,1021,473243,1804,70076,60,10139,1864,80215,31815,29634.57,10996253,0
"2021-09-02",14337,5551793,12520,4917859,896,474139,1697,71773,59,10198,1756,81971,29509,29113.43,11025762,0
"2021-09-03",15016,5566809,14298,4932157,974,475113,1892,73665,69,10267,1961,83932,32249,29089.57,11058011,0
"2021-09-04",9646,5576455,9407,4941564,688,475801,967,74632,34,10301,1001,84933,20742,28610.86,11078753,0
"2021-09-05",6802,5583257,5513,4947077,438,476239,708,75340,13,10314,721,85654,13474,28237.71,11092227,0
"2021-09-06",5197,5588454,4512,4951589,358,476597,270,75610,11,10325,281,85935,10348,24659,11102575,0
"2021-09-07",15572,5604026,17694,4969283,912,477509,1546,77156,83,10408,1629,87564,35807,24849.14,11138382,0
"2021-09-08",16164,5620190,14823,4984106,1073,478582,1763,78919,76,10484,1839,89403,33899,25146.86,11172281,0
"2021-09-09",16119,5636309,14745,4998851,1047,479629,1906,80825,70,10554,1976,91379,33887,25772.29,11206168,0
"2021-09-10",18369,5654678,15392,5014243,1208,480837,1967,82792,79,10633,2046,93425,37015,26453.14,11243183,0
"2021-09-11",12633,5667311,10346,5024589,958,481795,1022,83814,47,10680,1069,94494,25006,27062.29,11268189,0
"2021-09-12",8533,5675844,5051,5029640,766,482561,688,84502,28,10708,716,95210,15066,27289.71,11283255,0
"2021-09-13",16936,5692780,12946,5042586,977,483538,1646,86148,53,10761,1699,96909,32558,30462.57,11315813,0
"2021-09-14",16273,5709053,13677,5056263,886,484424,1590,87738,48,10809,1638,98547,32474,29986.43,11348287,0
"2021-09-15",15546,5724599,12871,5069134,727,485151,1565,89303,81,10890,1646,100193,30790,29542.29,11379077,0
"2021-09-16",15343,5739942,13906,5083040,1210,486361,1452,90755,63,10953,1515,101708,31974,29269,11411051,0
"2021-09-17",14437,5754379,13962,5097002,922,487283,1825,92580,54,11007,1879,103587,31200,28438.29,11442251,0
"2021-09-18",10004,5764383,10174,5107176,913,488196,1046,93626,38,11045,1084,104671,22175,28033.86,11464426,0
"2021-09-19",6178,5770561,6071,5113247,558,488754,744,94370,28,11073,772,105443,13579,27821.43,11478005,0
"2021-09-20",12680,5783241,12628,5125875,1068,489822,1919,96289,54,11127,1973,107416,28349,27220.14,11506354,0
"2021-09-21",12238,5795479,12769,5138644,1110,490932,2017,98306,74,11201,2091,109507,28208,26610.71,11534562,0
"2021-09-22",12824,5808303,11999,5150643,1089,492021,1683,99989,66,11267,1749,111256,27661,26163.71,11562223,0
"2021-09-23",14946,5823249,12755,5163398,1639,493660,2260,102249,73,11340,2333,113589,31673,26120.71,11593896,0
"2021-09-24",16452,5839701,13366,5176764,1633,495293,4622,106871,109,11449,4731,118320,36182,26832.43,11630078,0
"2021-09-25",10545,5850246,9023,5185787,1018,496311,3452,110323,77,11526,3529,121849,24115,27109.57,11654193,0
"2021-09-26",6304,5856550,5764,5191551,774,497085,2419,112742,55,11581,2474,124323,15316,27357.71,11669509,0
"2021-09-27",14165,5870715,8054,5199605,1155,498240,9043,121785,157,11738,9200,133523,32574,27961.29,11702083,0
"2021-09-28",11154,5881869,11774,5211379,901,499141,9898,131683,168,11906,10066,143589,33895,28773.71,11735978,0
"2021-09-29",11608,5893477,12194,5223573,1206,500347,9441,141124,156,12062,9597,153186,34605,29765.71,11770583,0
"2021-09-30",12246,5905723,12601,5236174,1339,501686,9723,150847,167,12229,9890,163076,36076,30394.71,11806659,0
"2021-10-01",12651,5918374,13427,5249601,1284,502970,10253,161100,143,12372,10396,173472,37758,30619.86,11844417,0
"2021-10-02",7739,5926113,9971,5259572,865,503835,4232,165332,76,12448,4308,177780,22883,30443.86,11867300,0
"2021-10-03",5081,5931194,6155,5265727,593,504428,2609,167941,53,12501,2662,180442,14491,30326,11881791,0
"2021-10-04",9916,5941110,11023,5276750,913,505341,9506,177447,138,12639,9644,190086,31496,30172,11913287,0
"2021-10-05",10174,5951284,11732,5288482,972,506313,9926,187373,166,12805,10092,200178,32970,30039.86,11946257,0
"2021-10-06",9925,5961209,11055,5299537,937,507250,9916,197289,149,12954,10065,210243,31982,29665.14,11978239,0
"2021-10-07",9672,5970881,12191,5311728,852,508102,10181,207470,165,13119,10346,220589,33061,29234.43,12011300,0
"2021-10-08",9469,5980350,12171,5323899,942,509044,10896,218366,155,13274,11051,231640,33633,28645.14,12044933,0
"2021-10-09",6266,5986616,8276,5332175,649,509693,4113,222479,87,13361,4200,235840,19391,28146.29,12064324,0
"2021-10-10",3545,5990161,5023,5337198,458,510151,2433,224912,40,13401,2473,238313,11499,27718.86,12075823,0
"2021-10-11",7628,5997789,9330,5346528,728,510879,8882,233794,151,13552,9033,247346,26719,27036.43,12102542,0
"2021-10-12",8079,6005868,11000,5357528,891,511770,10498,244292,178,13730,10676,258022,30646,26704.43,12133188,0
"2021-10-13",7164,6013032,10142,5367670,869,512639,8788,253080,170,13900,8958,266980,27133,26011.71,12160321,0
"2021-10-14",7453,6020485,11110,5378780,836,513475,10101,263181,156,14056,10257,277237,29656,25525.29,12189977,0
"2021-10-15",7735,6028220,11863,5390643,823,514298,10796,273977,160,14216,10956,288193,31377,25203,12221354,0
"2021-10-16",4870,6033090,7464,5398107,666,514964,3833,277810,66,14282,3899,292092,16899,24847,12238253,0
"2021-10-17",3060,6036150,4474,5402581,411,515375,2448,280258,40,14322,2488,294580,10433,24694.71,12248686,0
"2021-10-18",7060,6043210,10662,5413243,796,516171,9462,289720,160,14482,9622,304202,28140,24897.71,12276826,0
"2021-10-19",6581,6049791,8943,5422186,804,516975,9071,298791,160,14642,9231,313433,25559,24171,12302385,0
"2021-10-20",6544,6056335,9376,5431562,975,517950,9970,308761,165,14807,10135,323568,27030,24156.29,12329415,0
"2021-10-21",7036,6063371,9378,5440940,858,518808,10831,319592,143,14950,10974,334542,28246,23954.86,12357661,0
"2021-10-22",8139,6071510,10343,5451283,1027,519835,16327,335919,207,15157,16534,351076,36043,24621.43,12393704,0
"2021-10-23",5176,6076686,6457,5457740,690,520525,9116,345035,109,15266,9225,360301,21548,25285.57,12415252,0
"2021-10-24",3278,6079964,3971,5461711,770,521295,6146,351181,74,15340,6220,366521,14239,25829.29,12429491,0
"2021-10-25",8786,6088750,8742,5470453,1149,522444,19237,370418,278,15618,19515,386036,38192,27265.29,12467683,0
"2021-10-26",8212,6096962,7724,5478177,1259,523703,17278,387696,251,15869,17529,403565,34724,28574.57,12502407,0
"2021-10-27",10581,6107543,8392,5486569,1604,525307,20832,408528,300,16169,21132,424697,41709,30671.57,12544116,0
"2021-10-28",11343,6118886,8040,5494609,1793,527100,20825,429353,305,16474,21130,445827,42306,32680.14,12586422,0
"2021-10-29",11848,6130734,8241,5502850,1963,529063,22516,451869,310,16784,22826,468653,44878,33942.29,12631300,0
"2021-10-30",4635,6135369,5058,5507908,932,529995,11155,463024,157,16941,11312,479965,21937,33997.86,12653237,0
"2021-10-31",2667,6138036,2702,5510610,544,530539,6633,469657,93,17034,6726,486691,12639,33769.29,12665876,0
"2021-11-01",7152,6145188,6960,5517570,1089,531628,20362,490019,307,17341,20669,507360,35870,33437.57,12701746,0
"2021-11-02",6595,6151783,6588,5524158,1055,532683,20758,510777,259,17600,21017,528377,35255,33513.43,12737001,0
"2021-11-03",6861,6158644,6681,5530839,1026,533709,20613,531390,285,17885,20898,549275,35466,32621.57,12772467,0
"2021-11-04",9320,6167964,6280,5537119,995,534704,22341,553731,332,18217,22673,571948,39268,32187.57,12811735,0
"2021-11-05",11075,6179039,6723,5543842,1051,535755,23747,577478,331,18548,24078,596026,42927,31908.86,12854662,0
"2021-11-06",11134,6190173,4051,5547893,594,536349,12584,590062,159,18707,12743,608769,28522,32849.57,12883184,0
"2021-11-07",7261,6197434,2286,5550179,577,536926,7100,597162,88,18795,7188,615957,17312,33517.14,12900496,0
"2021-11-08",15064,6212498,5679,5555858,866,537792,19495,616657,265,19060,19760,635717,41369,34302.71,12941865,0
"2021-11-09",16163,6228661,5388,5561246,661,538453,20499,637156,257,19317,20756,656473,42968,35404.57,12984833,0
"2021-11-10",16952,6245613,5323,5566569,684,539137,22620,659776,276,19593,22896,679369,45855,36888.71,13030688,0
"2021-11-11",12591,6258204,5189,5571758,760,539897,22064,681840,277,19870,22341,701710,40881,37119.14,13071569,0
"2021-11-12",16910,6275114,5686,5577444,707,540604,23374,705214,348,20218,23722,725432,47025,37704.57,13118594,0
"2021-11-13",9951,6285065,3663,5581107,465,541069,13314,718528,169,20387,13483,738915,27562,37567.43,13146156,0
"2021-11-14",6026,6291091,2293,5583400,325,541394,7920,726448,72,20459,7992,746907,16636,37470.86,13162792,0
"2021-11-15",13250,6304341,5970,5589370,690,542084,25086,751534,333,20792,25419,772326,45329,38036.57,13208121,0
"2021-11-16",9992,6314333,5786,5595156,656,542740,30642,782176,398,21190,31040,803366,47474,38680.29,13255595,0
"2021-11-17",10329,6324662,6679,5601835,681,543421,31385,813561,391,21581,31776,835142,49465,39196,13305060,0
"2021-11-18",10748,6335410,6547,5608382,860,544281,32978,846539,423,22004,33401,868543,51556,40721,13356616,0
"2021-11-19",12044,6347454,6558,5614940,715,544996,36221,882760,430,22434,36651,905194,55968,41998.57,13412584,0
"2021-11-20",9353,6356807,3419,5618359,514,545510,22491,905251,242,22676,22733,927927,36019,43206.71,13448603,0
"2021-11-21",4971,6361778,1887,5620246,287,545797,13189,918440,142,22818,13331,941258,20476,43755.29,13469079,0
"2021-11-22",10466,6372244,5792,5626038,752,546549,35889,954329,413,23231,36302,977560,53312,44895.71,13522391,0
"2021-11-23",9830,6382074,4779,5630817,636,547185,33491,987820,353,23584,33844,1011404,49089,45126.43,13571480,0
"2021-11-24",8735,6390809,4753,5635570,651,547836,25893,1013713,261,23845,26154,1037558,40293,43816.14,13611773,0
"2021-11-25",450,6391259,325,5635895,80,547916,1002,1014715,8,23853,1010,1038568,1865,36717.43,13613638,0
"2021-11-26",8075,6399334,6989,5642884,531,548447,26565,1041280,276,24129,26841,1065409,42436,34784.29,13656074,0
"2021-11-27",6695,6406029,6835,5649719,371,548818,18830,1060110,206,24335,19036,1084445,32937,34344,13689011,0
"2021-11-28",4086,6410115,5782,5655501,281,549099,11869,1071979,112,24447,11981,1096426,22130,34580.29,13711141,0
"2021-11-29",9115,6419230,10984,5666485,687,549786,35005,1106984,405,24852,35410,1131836,56196,34992.29,13767337,0
"2021-11-30",10540,6429770,11434,5677919,513,550299,37762,1144746,463,25315,38225,1170061,60712,36652.71,13828049,0
"2021-12-01",11211,6440981,10984,5688903,723,551022,40311,1185057,413,25728,40724,1210785,63642,39988.29,13891691,0
"2021-12-02",11687,6452668,11028,5699931,626,551648,42128,1227185,435,26163,42563,1253348,65904,49136.71,13957595,0
"2021-12-03",13530,6466198,12884,5712815,677,552325,47889,1275074,493,26656,48382,1301730,75473,53856.29,14033068,0
"2021-12-04",9870,6476068,11288,5724103,567,552892,30658,1305732,287,26943,30945,1332675,52670,56675.29,14085738,0
"2021-12-05",5768,6481836,5705,5729808,270,553162,16645,1322377,120,27063,16765,1349440,28508,57586.43,14114246,0
"2021-12-06",12374,6494210,9955,5739763,601,553763,43207,1365584,415,27478,43622,1393062,66552,59065.86,14180798,0
"2021-12-07",12639,6506849,9253,5749016,624,554387,43005,1408589,474,27952,43479,1436541,65995,59820.57,14246793,0
"2021-12-08",13573,6520422,8761,5757777,554,554941,40761,1449350,448,28400,41209,1477750,64097,59885.57,14310890,0
"2021-12-09",13544,6533966,8759,5766536,556,555497,40783,1490133,458,28858,41241,1518991,64100,59627.86,14374990,0
"2021-12-10",14069,6548035,10139,5776675,670,556167,43628,1533761,473,29331,44101,1563092,68979,58700.14,14443969,0
"2021-12-11",10286,6558321,8116,5784791,405,556572,26687,1560448,259,29590,26946,1590038,45753,57712,14489722,0
"2021-12-12",6034,6564355,3854,5788645,288,556860,15152,1575600,129,29719,15281,1605319,25457,57276.14,14515179,0
"2021-12-13",12266,6576621,7425,5796070,656,557516,37847,1613447,373,30092,38220,1643539,58567,56135.43,14573746,0
"2021-12-14",12271,6588892,6955,5803025,731,558247,38113,1651560,410,30502,38523,1682062,58480,55061.86,14632226,0
"2021-12-15",12143,6601035,6240,5809265,756,559003,38087,1689647,463,30965,38550,1720612,57689,54146.43,14689915,0
"2021-12-16",13156,6614191,4274,5813539,742,559745,41017,1730664,419,31384,41436,1762048,59608,53504.71,14749523,0
"2021-12-17",15978,6630169,6933,5820472,621,560366,46725,1777389,442,31826,47167,1809215,70699,53750.43,14820222,0
"2021-12-18",13045,6643214,5719,5826191,432,560798,30586,1807975,252,32078,30838,1840053,50034,54362,14870256,0
"2021-12-19",7034,6650248,2995,5829186,326,561124,17989,1825964,159,32237,18148,1858201,28503,54797.14,14898759,0
"2021-12-20",16894,6667142,5864,5835050,747,561871,47397,1873361,529,32766,47926,1906127,71431,56634.86,14970190,0
"2021-12-21",17992,6685134,6570,5841620,806,562677,48860,1922221,550,33316,49410,1955537,74778,58963.14,15044968,0
"2021-12-22",18580,6703714,6561,5848181,938,563615,49603,1971824,500,33816,50103,2005640,76182,61605,15121150,0
"2021-12-23",19074,6722788,6483,5854664,929,564544,45785,2017609,491,34307,46276,2051916,72762,63484.14,15193912,0
"2021-12-24",9243,6732031,2953,5857617,598,565142,20587,2038196,197,34504,20784,2072700,33578,58181.14,15227490,0
"2021-12-25",343,6732374,64,5857681,31,565173,426,2038622,8,34512,434,2073134,872,51158,15228362,0
"2021-12-26",7978,6740352,3927,5861608,341,565514,17268,2055890,164,34676,17432,2090566,29678,51325.86,15258040,0
"2021-12-27",21815,6762167,9206,5870814,932,566446,43397,2099287,520,35196,43917,2134483,75870,51960,15333910,0
"2021-12-28",20178,6782345,8322,5879136,698,567144,47548,2146835,580,35776,48128,2182611,77326,52324,15411236,0
"2021-12-29",18515,6800860,7667,5886803,607,567751,45505,2192340,458,36234,45963,2228574,72752,51834,15483988,0
"2021-12-30",16893,6817753,7417,5894220,584,568335,44794,2237134,555,36789,45349,2273923,70243,51474.14,15554231,0
"2021-12-31",5363,6823116,2807,5897027,193,568528,14755,2251889,166,36955,14921,2288844,23284,50003.57,15577515,0
"2022-01-01",242,6823358,146,5897173,11,568539,498,2252387,13,36968,511,2289355,910,50009,15578425,0
"2022-01-02",6439,6829797,5017,5902190,153,568692,10974,2263361,100,37068,11074,2300429,22683,49009.71,15601108,0
"2022-01-03",14178,6843975,8471,5910661,515,569207,26863,2290224,282,37350,27145,2327574,50309,45358.14,15651417,0
"2022-01-04",13082,6857057,8081,5918742,412,569619,27005,2317229,336,37686,27341,2354915,48916,41299.57,15700333,0
"2022-01-05",11594,6868651,6980,5925722,384,570003,25754,2342983,287,37973,26041,2380956,44999,37334.86,15745332,0
"2022-01-06",11528,6880179,7380,5933102,485,570488,27444,2370427,312,38285,27756,2408712,47149,34035.71,15792481,0
"2022-01-07",10455,6890634,8420,5941522,337,570825,24964,2395391,295,38580,25259,2433971,44471,37062.43,15836952,0
"2022-01-08",7920,6898554,8555,5950077,310,571135,19412,2414803,166,38746,19578,2453549,36363,42127.14,15873315,0
"2022-01-09",4137,6902691,3844,5953921,214,571349,10057,2424860,86,38832,10143,2463692,18338,41506.43,15891653,0
"2022-01-10",10181,6912872,8187,5962108,490,571839,24593,2449453,279,39111,24872,2488564,43730,40566.57,15935383,0
"2022-01-11",8906,6921778,7992,5970100,520,572359,20985,2470438,267,39378,21252,2509816,38670,39102.86,15974053,0
"2022-01-12",8951,6930729,8314,5978414,428,572787,22309,2492747,278,39656,22587,2532403,40280,38428.71,16014333,0
"2022-01-13",9045,6939774,8853,5987267,449,573236,22833,2515580,293,39949,23126,2555529,41473,37617.86,16055806,0
"2022-01-14",10125,6949899,8119,5995386,476,573712,26401,2541981,302,40251,26703,2582232,45423,37753.86,16101229,0
"2022-01-15",6212,6956111,4306,5999692,178,573890,15147,2557128,165,40416,15312,2597544,26008,36274.57,16127237,0
"2022-01-16",2923,6959034,3250,6002942,95,573985,7815,2564943,78,40494,7893,2605437,14161,35677.86,16141398,0
"2022-01-17",6087,6965121,6761,6009703,363,574348,14653,2579596,204,40698,14857,2620294,28068,33440.43,16169466,0
"2022-01-18",8172,6973293,10298,6020001,397,574745,19629,2599225,310,41008,19939,2640233,38806,33459.86,16208272,0
"2022-01-19",7490,6980783,9242,6029243,305,575050,17687,2616912,259,41267,17946,2658179,34983,32703.14,16243255,0
"2022-01-20",6294,6987077,8560,6037803,305,575355,15234,2632146,227,41494,15461,2673640,30620,31152.71,16273875,0
"2022-01-21",7580,6994657,7490,6045293,276,575631,18482,2650628,269,41763,18751,2692391,34097,29534.71,16307972,0
"2022-01-22",5195,6999852,4932,6050225,131,575762,11298,2661926,118,41881,11416,2703807,21674,28915.57,16329646,0
"2022-01-23",2816,7002668,3328,6053553,97,575859,6223,2668149,74,41955,6297,2710104,12538,28683.71,16342184,0
"2022-01-24",6382,7009050,8191,6061744,262,576121,15060,2683209,229,42184,15289,2725393,30124,28977.43,16372308,0
"2022-01-25",6199,7015249,7927,6069671,232,576353,14670,2697879,251,42435,14921,2740314,29279,27616.43,16401587,0
"2022-01-26",5760,7021009,7163,6076834,289,576642,14006,2711885,198,42633,14204,2754518,27416,26535.43,16429003,0
"2022-01-27",5273,7026282,7083,6083917,321,576963,14058,2725943,222,42855,14280,2768798,26957,26012.14,16455960,0
"2022-01-28",6270,7032552,7857,6091774,203,577166,16105,2742048,226,43081,16331,2785129,30661,25521.29,16486621,0
"2022-01-29",842,7033394,727,6092501,28,577194,2535,2744583,38,43119,2573,2787702,4170,23020.71,16490791,0
"2022-01-30",2099,7035493,3022,6095523,103,577297,4532,2749115,61,43180,4593,2792295,9817,22632,16500608,0
"2022-01-31",5005,7040498,6591,6102114,219,577516,11359,2760474,192,43372,11551,2803846,23366,21666.57,16523974,0
"2022-02-01",4846,7045344,6437,6108551,219,577735,10691,2771165,204,43576,10895,2814741,22397,20683.43,16546371,0
"2022-02-02",4251,7049595,5916,6114467,214,577949,11214,2782379,231,43807,11445,2826186,21826,19884.86,16568197,0
"2022-02-03",4238,7053833,5800,6120267,216,578165,11208,2793587,192,43999,11400,2837586,21654,19127.29,16589851,0
"2022-02-04",4787,7058620,7105,6127372,214,578379,13197,2806784,232,44231,13429,2851015,25535,18395,16615386,0
"2022-02-05",3588,7062208,6042,6133414,110,578489,8561,2815345,144,44375,8705,2859720,18445,20434.29,16633831,0
"2022-02-06",2064,7064272,2135,6135549,121,578610,4630,2819975,102,44477,4732,2864452,9052,20325,16642883,0
"2022-02-07",4156,7068428,4723,6140272,205,578815,10125,2830100,226,44703,10351,2874803,19435,19763.43,16662318,0
"2022-02-08",4236,7072664,5602,6145874,214,579029,11313,2841413,299,45002,11612,2886415,21664,19658.71,16683982,0
"2022-02-09",4144,7076808,5397,6151271,222,579251,11649,2853062,241,45243,11890,2898305,21653,19634,16705635,0
"2022-02-10",4001,7080809,5114,6156385,245,579496,12185,2865247,272,45515,12457,2910762,21817,19657.29,16727452,0
"2022-02-11",4522,7085331,5800,6162185,194,579690,13721,2878968,307,45822,14028,2924790,24544,19515.71,16751996,0
"2022-02-12",3255,7088586,4339,6166524,96,579786,8796,2887764,210,46032,9006,2933796,16696,19265.86,16768692,0
"2022-02-13",1519,7090105,1542,6168066,41,579827,4879,2892643,102,46134,4981,2938777,8083,19127.43,16776775,0
"2022-02-14",2990,7093095,3619,6171685,166,579993,10555,2903198,317,46451,10872,2949649,17647,18872,16794422,0
"2022-02-15",3568,7096663,4067,6175752,176,580169,12760,2915958,273,46724,13033,2962682,20844,18754.86,16815266,0
"2022-02-16",3673,7100336,3898,6179650,200,580369,15686,2931644,284,47008,15970,2978652,23741,19053.14,16839007,0
"2022-02-17",4055,7104391,4082,6183732,162,580531,18251,2949895,347,47355,18598,2997250,26897,19778.86,16865904,0
"2022-02-18",4482,7108873,4776,6188508,190,580721,21523,2971418,441,47796,21964,3019214,31412,20760,16897316,0
"2022-02-19",3259,7112132,2178,6190686,65,580786,11165,2982583,210,48006,11375,3030589,16877,20785.86,16914193,0
"2022-02-20",1864,7113996,1444,6192130,59,580845,6575,2989158,110,48116,6685,3037274,10052,21067.14,16924245,0
"2022-02-21",3092,7117088,2687,6194817,95,580940,8348,2997506,218,48334,8566,3045840,14440,20609,16938685,0
"2022-02-22",4396,7121484,4243,6199060,175,581115,10813,3008319,244,48578,11057,3056897,19871,20470,16958556,0
"2022-02-23",4276,7125760,3787,6202847,145,581260,10649,3018968,231,48809,10880,3067777,19088,19805.29,16977644,0
"2022-02-24",3790,7129550,3650,6206497,108,581368,10174,3029142,226,49035,10400,3078177,17948,18526.86,16995592,0
"2022-02-25",3623,7133173,3619,6210116,134,581502,9973,3039115,224,49259,10197,3088374,17573,16549.86,17013165,0
"2022-02-26",2845,7136018,2578,6212694,74,581576,9504,3048619,149,49408,9653,3098027,15150,16303.14,17028315,0
"2022-02-27",1776,7137794,1373,6214067,52,581628,6265,3054884,96,49504,6361,3104388,9562,16233.14,17037877,0
"2022-02-28",3819,7141613,3129,6217196,140,581768,13108,3067992,243,49747,13351,3117739,20439,17090.14,17058316,0
"2022-03-01",2135,7143748,2613,6219809,103,581871,5159,3073151,180,49927,5339,3123078,10190,15707.14,17068506,0
"2022-03-02",1835,7145583,2434,6222243,106,581977,4116,3077267,204,50131,4320,3127398,8695,14222.43,17077201,0
"2022-03-03",1936,7147519,2557,6224800,106,582083,3792,3081059,167,50298,3959,3131357,8558,12881,17085759,0
"2022-03-04",2121,7149640,2870,6227670,66,582149,4321,3085380,205,50503,4526,3135883,9583,11739.57,17095342,0
"2022-03-05",1611,7151251,2123,6229793,43,582192,3310,3088690,109,50612,3419,3139302,7196,10603.29,17102538,0
"2022-03-06",801,7152052,878,6230671,30,582222,1621,3090311,54,50666,1675,3140977,3384,9720.71,17105922,0
"2022-03-07",1665,7153717,1784,6232455,86,582308,3491,3093802,158,50824,3649,3144626,7184,7827.14,17113106,0
"2022-03-08",1548,7155265,1892,6234347,80,582388,3120,3096922,146,50970,3266,3147892,6786,7340.86,17119892,0
"2022-03-09",1267,7156532,1665,6236012,79,582467,2575,3099497,129,51099,2704,3150596,5715,6915.14,17125607,0
"2022-03-10",1423,7157955,2097,6238109,85,582552,2947,3102444,157,51256,3104,3153700,6709,6651,17132316,0
"2022-03-11",1608,7159563,2266,6240375,81,582633,3206,3105650,184,51440,3390,3157090,7345,6331.29,17139661,0
"2022-03-12",878,7160441,1411,6241786,40,582673,1999,3107649,71,51511,2070,3159160,4399,5931.71,17144060,0
"2022-03-13",625,7161066,757,6242543,27,582700,1292,3108941,47,51558,1339,3160499,2748,5840.86,17146808,0
"2022-03-14",1376,7162442,1600,6244143,83,582783,2986,3111927,204,51762,3190,3163689,6249,5707.29,17153057,0
"2022-03-15",1362,7163804,1921,6246064,63,582846,3069,3114996,225,51987,3294,3166983,6640,5686.43,17159697,0
"2022-03-16",1398,7165202,2065,6248129,94,582940,3126,3118122,292,52279,3418,3170401,6975,5866.43,17166672,0
"2022-03-17",1183,7166385,1808,6249937,70,583010,2753,3120875,262,52541,3015,3173416,6076,5776,17172748,0
"2022-03-18",1586,7167971,2189,6252126,80,583090,3754,3124629,414,52955,4168,3177584,8023,5872.86,17180771,0
"2022-03-19",1114,7169085,1729,6253855,54,583144,2585,3127214,222,53177,2807,3180391,5704,6059.29,17186475,0
"2022-03-20",613,7169698,627,6254482,33,583177,1461,3128675,183,53360,1644,3182035,2917,6083.43,17189392,0
"2022-03-21",1422,7171120,1551,6256033,73,583250,3044,3131719,349,53709,3393,3185428,6439,6110.57,17195831,0
"2022-03-22",1345,7172465,1547,6257580,101,583351,2892,3134611,337,54046,3229,3188657,6222,6050.86,17202053,0
"2022-03-23",1262,7173727,1351,6258931,66,583417,2906,3137517,370,54416,3276,3191933,5955,5905.14,17208008,0
"2022-03-24",1213,7174940,1295,6260226,89,583506,2511,3140028,262,54678,2773,3194706,5370,5804.29,17213378,0
"2022-03-25",1389,7176329,1624,6261850,62,583568,3254,3143282,372,55050,3626,3198332,6701,5615.43,17220079,0
"2022-03-26",929,7177258,1159,6263009,36,583604,2289,3145571,249,55299,2538,3200870,4662,5466.57,17224741,0
"2022-03-27",574,7177832,527,6263536,29,583633,1311,3146882,201,55500,1512,3202382,2642,5427.29,17227383,0
"2022-03-28",1085,7178917,1156,6264692,68,583701,2436,3149318,354,55854,2790,3205172,5099,5235.86,17232482,0
"2022-03-29",1051,7179968,1105,6265797,85,583786,2505,3151823,870,56724,3375,3208547,5616,5149.29,17238098,0
"2022-03-30",1247,7181215,1140,6266937,98,583884,3050,3154873,3359,60083,6409,3214956,8894,5569.14,17246992,0
"2022-03-31",1286,7182501,1257,6268194,57,583941,3154,3158027,5436,65519,8590,3223546,11190,6400.57,17258182,0
"2022-04-01",1438,7183939,1492,6269686,76,584017,3242,3161269,6823,72342,10065,3233611,13071,7310.57,17271253,0
"2022-04-02",914,7184853,912,6270598,33,584050,2091,3163360,4465,76807,6556,3240167,8415,7846.71,17279668,0
"2022-04-03",559,7185412,499,6271097,28,584078,1224,3164584,3031,79838,4255,3244422,5341,8232.29,17285009,0
"2022-04-04",1354,7186766,1309,6272406,60,584138,2723,3167307,7601,87439,10324,3254746,13047,9367.71,17298056,0
"2022-04-05",1302,7188068,1158,6273564,66,584204,2852,3170159,7379,94818,10231,3264977,12757,10387.86,17310813,0
"2022-04-06",1319,7189387,1185,6274749,58,584262,2614,3172773,6864,101682,9478,3274455,12040,10837.29,17322853,0
"2022-04-07",1212,7190599,1060,6275809,54,584316,2369,3175142,6524,108206,8893,3283348,11219,10841.43,17334072,0
"2022-04-08",1488,7192087,1398,6277207,62,584378,3153,3178295,8647,116853,11800,3295148,14748,11081,17348820,0
"2022-04-09",937,7193024,917,6278124,28,584406,2056,3180351,4876,121729,6932,3302080,8814,11138,17357634,0
"2022-04-10",591,7193615,462,6278586,25,584431,1168,3181519,2860,124589,4028,3306108,5106,11104.43,17362740,0
"2022-04-11",1338,7194953,1227,6279813,59,584490,2648,3184167,7658,132247,10306,3316414,12930,11087.71,17375670,0
"2022-04-12",1214,7196167,1053,6280866,73,584563,2520,3186687,7314,139561,9834,3326248,12174,11004.43,17387844,0
"2022-04-13",1263,7197430,1063,6281929,58,584621,2492,3189179,7414,146975,9906,3336154,12290,11040.14,17400134,0
"2022-04-14",1279,7198709,1094,6283023,59,584680,2422,3191601,6500,153475,8922,3345076,11354,11059.43,17411488,0
"2022-04-15",1346,7200055,1090,6284113,53,584733,2551,3194152,6519,159994,9070,3354146,11559,10603.86,17423047,0
"2022-04-16",872,7200927,651,6284764,31,584764,1633,3195785,3620,163614,5253,3359399,6807,10317.14,17429854,0
"2022-04-17",348,7201275,203,6284967,27,584791,638,3196423,1139,164753,1777,3361176,2355,9924.14,17432209,0
"2022-04-18",1385,7202660,1111,6286078,82,584873,2576,3198999,6320,171073,8896,3370072,11474,9716.14,17443683,0
"2022-04-19",1413,7204073,933,6287011,72,584945,2565,3201564,5659,176732,8224,3378296,10642,9497.29,17454325,0
"2022-04-20",1313,7205386,1140,6288151,65,585010,2672,3204236,6542,183274,9214,3387510,11732,9417.57,17466057,0
"2022-04-21",1222,7206608,1061,6289212,52,585062,2317,3206553,5248,188522,7565,3395075,9900,9209.86,17475957,0
"2022-04-22",1217,7207825,1022,6290234,46,585108,2195,3208748,5533,194055,7728,3402803,10013,8989,17485970,0
"2022-04-23",721,7208546,747,6290981,59,585167,1422,3210170,3289,197344,4711,3407514,6238,8907.71,17492208,0
"2022-04-24",442,7208988,338,6291319,27,585194,811,3210981,1796,199140,2607,3410121,3414,9059,17495622,0
"2022-04-25",1025,7210013,909,6292228,64,585258,1847,3212828,4999,204139,6846,3416967,8844,8683.29,17504466,0
"2022-04-26",943,7210956,854,6293082,76,585334,1746,3214574,4601,208740,6347,3423314,8220,8337.29,17512686,0
"2022-04-27",1037,7211993,997,6294079,78,585412,1922,3216496,5096,213836,7018,3430332,9130,7965.57,17521816,0
"2022-04-28",1085,7213078,985,6295064,49,585461,1997,3218493,4684,218520,6681,3437013,8800,7808.43,17530616,0
"2022-04-29",1191,7214269,1098,6296162,61,585522,2151,3220644,5271,223791,7422,3444435,9772,7774,17540388,0
"2022-04-30",722,7214991,744,6296906,43,585565,1392,3222036,2933,226724,4325,3448760,5834,7716.29,17546222,0
"2022-05-01",450,7215441,371,6297277,21,585586,760,3222796,1635,228359,2395,3451155,3237,7691,17549459,0
"2022-05-02",1051,7216492,792,6298069,52,585638,1669,3224465,3736,232095,5405,3456560,7300,7470.43,17556759,0
"2022-05-03",1119,7217611,853,6298922,60,585698,1973,3226438,4773,236868,6746,3463306,8778,7550.14,17565537,0
"2022-05-04",1016,7218627,883,6299805,48,585746,1899,3228337,4542,241410,6441,3469747,8388,7444.14,17573925,0
"2022-05-05",1048,7219675,949,6300754,86,585832,1926,3230263,4809,246219,6735,3476482,8818,7446.71,17582743,0
"2022-05-06",1090,7220765,938,6301692,50,585882,1861,3232124,4313,250532,6174,3482656,8252,7229.57,17590995,0
"2022-05-07",657,7221422,588,6302280,30,585912,1199,3233323,2399,252931,3598,3486254,4873,7092.29,17595868,0
"2022-05-08",415,7221837,249,6302529,17,585929,669,3233992,1363,254294,2032,3488286,2713,7017.43,17598581,0
"2022-05-09",1077,7222914,937,6303466,62,585991,1869,3235861,4344,258638,6213,3494499,8289,7158.71,17606870,0
"2022-05-10",1096,7224010,928,6304394,54,586045,1985,3237846,4633,263271,6618,3501117,8696,7147,17615566,0
"2022-05-11",1089,7225099,970,6305364,44,586089,1920,3239766,4742,268013,6662,3507779,8765,7200.86,17624331,0
"2022-05-12",1095,7226194,942,6306306,58,586147,1993,3241759,4562,272575,6555,3514334,8650,7176.86,17632981,0
"2022-05-13",1159,7227353,1034,6307340,43,586190,2050,3243809,4718,277293,6768,3521102,9004,7284.29,17641985,0
"2022-05-14",824,7228177,668,6308008,31,586221,1464,3245273,2877,280170,4341,3525443,5864,7425.86,17647849,0
"2022-05-15",512,7228689,354,6308362,21,586242,913,3246186,1665,281835,2578,3528021,3465,7533.29,17651314,0
"2022-05-16",1219,7229908,844,6309206,59,586301,1809,3247995,3763,285598,5572,3533593,7694,7448.29,17659008,0
"2022-05-17",1297,7231205,917,6310123,79,586380,2033,3250028,4782,290380,6815,3540408,9108,7507.14,17668116,0
"2022-05-18",1241,7232446,902,6311025,82,586462,2054,3252082,4829,295209,6883,3547291,9108,7556.14,17677224,0
"2022-05-19",1164,7233610,868,6311893,35,586497,2098,3254180,4641,299850,6739,3554030,8806,7578.43,17686030,0
"2022-05-20",1185,7234795,946,6312839,73,586570,2347,3256527,5082,304932,7429,3561459,9633,7668.29,17695663,0
"2022-05-21",835,7235630,646,6313485,23,586593,1702,3258229,3228,308160,4930,3566389,6434,7749.71,17702097,0
"2022-05-22",511,7236141,287,6313772,21,586614,1131,3259360,1816,309976,2947,3569336,3766,7792.71,17705863,0
"2022-05-23",1217,7237358,887,6314659,44,586658,2155,3261515,4602,314578,6757,3576093,8905,7965.71,17714768,0
"2022-05-24",1423,7238781,923,6315582,61,586719,2213,3263728,4369,318947,6582,3582675,8989,7948.71,17723757,0
"2022-05-25",1424,7240205,952,6316534,52,586771,2229,3265957,4136,323083,6365,3589040,8793,7903.71,17732550,0
"2022-05-26",1172,7241377,849,6317383,58,586829,2242,3268199,4023,327106,6265,3595305,8344,7837.71,17740894,0
"2022-05-27",1235,7242612,940,6318323,36,586865,2465,3270664,3760,330866,6225,3601530,8436,7666.71,17749330,0
"2022-05-28",710,7243322,506,6318829,19,586884,1741,3272405,2015,332881,3756,3605286,4991,7460.57,17754321,0
"2022-05-29",475,7243797,213,6319042,11,586895,761,3273166,1106,333987,1867,3607153,2566,7289.14,17756887,0
"2022-05-30",86,7243883,54,6319096,6,586901,135,3273301,142,334129,277,3607430,423,6077.43,17757310,0
"2022-05-31",1115,7244998,891,6319987,49,586950,1847,3275148,2932,337061,4779,3612209,6834,5769.57,17764144,0
"2022-06-01",1119,7246117,832,6320819,60,587010,1941,3277089,3320,340381,5261,3617470,7272,5552.29,17771416,0
"2022-06-02",1013,7247130,786,6321605,71,587081,1781,3278870,3089,343470,4870,3622340,6740,5323.14,17778156,0
"2022-06-03",1162,7248292,879,6322484,48,587129,2022,3280892,3431,346901,5453,3627793,7542,5195.43,17785698,0
"2022-06-04",721,7249013,573,6323057,21,587150,1542,3282434,1870,348771,3412,3631205,4727,5157.71,17790425,0
"2022-06-05",444,7249457,291,6323348,1,587151,849,3283283,960,349731,1809,3633014,2545,5154.71,17792970,0
"2022-06-06",1112,7250569,811,6324159,62,587213,1723,3285006,2637,352368,4360,3637374,6345,6000.71,17799315,120000
"2022-06-07",995,7251564,739,6324898,65,587278,1729,3286735,2475,354843,4204,3641578,6003,5882,17805318,120000
"2022-06-08",1051,7252615,797,6325695,71,587349,1794,3288529,2605,357448,4399,3645977,6318,5745.71,17811636,120000
"2022-06-09",1093,7253708,788,6326483,55,587404,2049,3290578,2460,359908,4509,3650486,6445,5703.57,17818081,120000
"2022-06-10",986,7254694,771,6327254,63,587467,1740,3292318,2567,362475,4307,3654793,6127,5501.43,17824208,120000
"2022-06-11",667,7255361,479,6327733,15,587482,1259,3293577,1412,363887,2671,3657464,3832,5373.57,17828040,120000
"2022-06-12",85,7255446,70,6327803,5,587487,250,3293827,226,364113,476,3657940,636,5100.86,17828676,120000
