"DATE","ADMIN_DOSE1_DAILY","ADMIN_DOSE1_CUMULATIVE","ADMIN_DOSE2_DAILY","ADMIN_DOSE2_CUMULATIVE","ADMIN_SINGLE_DAILY","ADMIN_SINGLE_CUMULATIVE","ADMIN_ADDITIONAL_DAILY","ADMIN_ADDITIONAL_CUMULATIVE","ADMIN_ALLDOSES_DAILY","ADMIN_ALLDOSES_7DAYAVG","ADMIN_ALLDOSES_CUMULATIVE","INCOMPLETE"
"2020-12-14",79,79,0,0,0,0,0,0,79,,79,0
"2020-12-15",2053,2132,5,5,4,4,0,0,2062,,2141,0
"2020-12-16",4598,6730,13,18,1,5,1,1,4613,,6754,0
"2020-12-17",4652,11382,18,36,0,5,1,2,4671,,11425,0
"2020-12-18",5831,17213,20,56,2,7,2,4,5855,,17280,0
"2020-12-19",1689,18902,6,62,3,10,0,4,1698,,18978,0
"2020-12-20",1114,20016,2,64,1,11,0,4,1117,2870.71,20095,0
"2020-12-21",6335,26351,15,79,1,12,5,9,6356,3767.43,26451,0
"2020-12-22",9800,36151,24,103,2,14,1,10,9827,4876.71,36278,0
"2020-12-23",14270,50421,34,137,3,17,1,11,14308,6261.71,50586,0
"2020-12-24",7206,57627,24,161,1,18,0,11,7231,6627.43,57817,0
"2020-12-25",180,57807,0,161,0,18,1,12,181,5816.86,57998,0
"2020-12-26",4394,62201,41,202,0,18,1,13,4436,6208,62434,0
"2020-12-27",3869,66070,12,214,0,18,0,13,3881,6602.86,66315,0
"2020-12-28",10996,77066,43,257,1,19,3,16,11043,7272.43,77358,0
"2020-12-29",10726,87792,29,286,2,21,2,18,10759,7405.57,88117,0
"2020-12-30",12841,100633,41,327,0,21,0,18,12882,7201.86,100999,0
"2020-12-31",7268,107901,30,357,1,22,0,18,7299,7211.57,108298,0
"2021-01-01",187,108088,2,359,1,23,3,21,193,7213.29,108491,0
"2021-01-02",3816,111904,10,369,2,25,1,22,3829,7126.57,112320,0
"2021-01-03",3541,115445,23,392,2,27,1,23,3567,7081.71,115887,0
"2021-01-04",12256,127701,804,1196,2,29,6,29,13068,7371,128955,0
"2021-01-05",14084,141785,2188,3384,2,31,9,38,16283,8160.14,145238,0
"2021-01-06",17814,159599,3913,7297,1,32,30,68,21758,9428.14,166996,0
"2021-01-07",16545,176144,5173,12470,4,36,41,109,21763,11494.43,188759,0
"2021-01-08",16627,192771,5448,17918,0,36,29,138,22104,14624.57,210863,0
"2021-01-09",7659,200430,1457,19375,1,37,8,146,9125,15381.14,219988,0
"2021-01-10",7899,208329,973,20348,0,37,9,155,8881,16140.29,228869,0
"2021-01-11",25856,234185,7439,27787,2,39,46,201,33343,19036.71,262212,0
"2021-01-12",28272,262457,7844,35631,1,40,41,242,36158,21876,298370,0
"2021-01-13",31738,294195,9363,44994,1,41,49,291,41151,24646.43,339521,0
"2021-01-14",35813,330008,5313,50307,1,42,24,315,41151,27416.14,380672,0
"2021-01-15",29284,359292,3702,54009,2,44,26,341,33014,28974.71,413686,0
"2021-01-16",30317,389609,2365,56374,0,44,20,361,32702,32342.86,446388,0
"2021-01-17",23796,413405,1603,57977,0,44,15,376,25414,34704.71,471802,0
"2021-01-18",27161,440566,2389,60366,0,44,33,409,29583,34167.57,501385,0
"2021-01-19",34331,474897,9606,69972,1,45,66,475,44004,35288.43,545389,0
"2021-01-20",34917,509814,9480,79452,1,46,55,530,44453,35760.14,589842,0
"2021-01-21",25639,535453,8081,87533,0,46,43,573,33763,34704.71,623605,0
"2021-01-22",24774,560227,4373,91906,1,47,26,599,29174,34156.14,652779,0
"2021-01-23",15749,575976,3212,95118,0,47,11,610,18972,32194.71,671751,0
"2021-01-24",7180,583156,3449,98567,0,47,14,624,10643,30084.57,682394,0
"2021-01-25",13430,596586,11798,110365,0,47,62,686,25290,29471.29,707684,0
"2021-01-26",16786,613372,10735,121100,0,47,62,748,27583,27125.43,735267,0
"2021-01-27",20856,634228,12336,133436,0,47,48,796,33240,25523.57,768507,0
"2021-01-28",30792,665020,12830,146266,0,47,74,870,43696,26942.57,812203,0
"2021-01-29",31714,696734,11470,157736,0,47,70,940,43254,28954,855457,0
"2021-01-30",18730,715464,3730,161466,0,47,19,959,22479,29455,877936,0
"2021-01-31",13034,728498,2901,164367,1,48,23,982,15959,30214.43,893895,0
"2021-02-01",1182,729680,5364,169731,3,51,33,1015,6582,27541.86,900477,0
"2021-02-02",2816,732496,9477,179208,2,53,44,1059,12339,25364.14,912816,0
"2021-02-03",16382,748878,21226,200434,3,56,185,1244,37796,26015,950612,0
"2021-02-04",27059,775937,19637,220071,3,59,184,1428,46883,26470.29,997495,0
"2021-02-05",27628,803565,20003,240074,0,59,166,1594,47797,27119.29,1045292,0
"2021-02-06",22996,826561,11237,251311,0,59,100,1694,34333,28812.71,1079625,0
"2021-02-07",12056,838617,8276,259587,0,59,78,1772,20410,29448.57,1100035,0
"2021-02-08",17016,855633,23478,283065,2,61,214,1986,40710,34324,1140745,0
"2021-02-09",17220,872853,28108,311173,2,63,303,2289,45633,39080.29,1186378,0
"2021-02-10",19622,892475,29299,340472,2,65,247,2536,49170,40705.14,1235548,0
"2021-02-11",27881,920356,33486,373958,2,67,306,2842,61675,42818.29,1297223,0
"2021-02-12",38456,958812,30783,404741,3,70,321,3163,69563,45927.71,1366786,0
"2021-02-13",28035,986847,25305,430046,2,72,283,3446,53625,48683.71,1420411,0
"2021-02-14",16307,1003154,23729,453775,0,72,237,3683,40273,51521.29,1460684,0
"2021-02-15",12809,1015963,10520,464295,1,73,153,3836,23483,49060.29,1484167,0
"2021-02-16",14268,1030231,26734,491029,0,73,296,4132,41298,48441,1525465,0
"2021-02-17",16430,1046661,22173,513202,1,74,259,4391,38863,46968.57,1564328,0
"2021-02-18",12180,1058841,24977,538179,21,95,264,4655,37442,43506.71,1601770,0
"2021-02-19",13305,1072146,23937,562116,39,134,269,4924,37550,38933.43,1639320,0
"2021-02-20",11359,1083505,26088,588204,6,140,301,5225,37754,36666.14,1677074,0
"2021-02-21",6369,1089874,17437,605641,15,155,263,5488,24084,34353.43,1701158,0
"2021-02-22",13048,1102922,11844,617485,2,157,117,5605,25011,34571.71,1726169,0
"2021-02-23",25252,1128174,14158,631643,1,158,150,5755,39561,34323.57,1765730,0
"2021-02-24",36385,1164559,20348,651991,0,158,199,5954,56932,36904.86,1822662,0
"2021-02-25",54616,1219175,30340,682331,6,164,363,6317,85325,43745.29,1907987,0
"2021-02-26",62923,1282098,31806,714137,4,168,370,6687,95103,51967.14,2003090,0
"2021-02-27",51335,1333433,22703,736840,47,215,308,6995,74393,57201.29,2077483,0
"2021-02-28",44638,1378071,13754,750594,6,221,185,7180,58583,62129.71,2136066,0
"2021-03-01",39320,1417391,12734,763328,9,230,155,7335,52218,66016.43,2188284,0
"2021-03-02",47094,1464485,12528,775856,7,237,148,7483,59777,68904.43,2248061,0
"2021-03-03",48610,1513095,16115,791971,17,254,136,7619,64878,70039.57,2312939,0
"2021-03-04",59853,1572948,22759,814730,1092,1346,254,7873,83958,69844.29,2396897,0
"2021-03-05",61015,1633963,24244,838974,3112,4458,302,8175,88673,68925.71,2485570,0
"2021-03-06",47180,1681143,18851,857825,5449,9907,224,8399,71704,68541.57,2557274,0
"2021-03-07",36061,1717204,14829,872654,6247,16154,218,8617,57355,68366.14,2614629,0
"2021-03-08",39629,1756833,14657,887311,8567,24721,296,8913,63149,69927.71,2677778,0
"2021-03-09",39112,1795945,12778,900089,7768,32489,171,9084,59829,69935.14,2737607,0
"2021-03-10",51845,1847790,15239,915328,5067,37556,196,9280,72347,71002.14,2809954,0
"2021-03-11",60014,1907804,21741,937069,4614,42170,232,9512,86601,71379.71,2896555,0
"2021-03-12",52228,1960032,30262,967331,4183,46353,347,9859,87020,71143.57,2983575,0
"2021-03-13",40676,2000708,26668,993999,5113,51466,301,10160,72758,71294.14,3056333,0
"2021-03-14",30734,2031442,15921,1009920,4536,56002,218,10378,51409,70444.71,3107742,0
"2021-03-15",33589,2065031,17202,1027122,4732,60734,214,10592,55737,69385.86,3163479,0
"2021-03-16",38695,2103726,20421,1047543,4926,65660,238,10830,64280,70021.71,3227759,0
"2021-03-17",42639,2146365,24721,1072264,4246,69906,304,11134,71910,69959.29,3299669,0
"2021-03-18",50506,2196871,26697,1098961,5241,75147,333,11467,82777,69413,3382446,0
"2021-03-19",47824,2244695,29833,1128794,5626,80773,361,11828,83644,68930.71,3466090,0
"2021-03-20",38736,2283431,25738,1154532,4691,85464,269,12097,69434,68455.86,3535524,0
"2021-03-21",29313,2312744,19279,1173811,771,86235,201,12298,49564,68192.29,3585088,0
"2021-03-22",33881,2346625,26632,1200443,4041,90276,250,12548,64804,69487.57,3649892,0
"2021-03-23",38448,2385073,32741,1233184,4222,94498,263,12811,75674,71115.29,3725566,0
"2021-03-24",41518,2426591,37485,1270669,4847,99345,297,13108,84147,72863.43,3809713,0
"2021-03-25",43441,2470032,50620,1321289,5053,104398,419,13527,99533,75257.14,3909246,0
"2021-03-26",38521,2508553,55319,1376608,4308,108706,495,14022,98643,77399.86,4007889,0
"2021-03-27",35759,2544312,45567,1422175,2940,111646,371,14393,84637,79571.71,4092526,0
"2021-03-28",26411,2570723,34283,1456458,1481,113127,312,14705,62487,81417.86,4155013,0
"2021-03-29",34853,2605576,38635,1495093,3250,116377,320,15025,77058,83168.43,4232071,0
"2021-03-30",40557,2646133,41794,1536887,3714,120091,301,15326,86366,84695.86,4318437,0
"2021-03-31",49436,2695569,44720,1581607,7441,127532,366,15692,101963,87241,4420400,0
"2021-04-01",50788,2746357,53889,1635496,11279,138811,461,16153,116417,89653,4536817,0
"2021-04-02",43771,2790128,53827,1689323,11968,150779,509,16662,110075,91286.14,4646892,0
"2021-04-03",39275,2829403,39123,1728446,9861,160640,318,16980,88577,91849,4735469,0
"2021-04-04",26567,2855970,24618,1753064,3900,164540,213,17193,55298,90822,4790767,0
"2021-04-05",41882,2897852,34362,1787426,11191,175731,347,17540,87782,92354,4878549,0
"2021-04-06",53296,2951148,35437,1822863,13216,188947,405,17945,102354,94638,4980903,0
"2021-04-07",55552,3006700,40594,1863457,14383,203330,368,18313,110897,95914.29,5091800,0
"2021-04-08",59288,3065988,46471,1909928,16330,219660,474,18787,122563,96792.29,5214363,0
"2021-04-09",56653,3122641,44840,1954768,17533,237193,480,19267,119506,98139.57,5333869,0
"2021-04-10",49379,3172020,35631,1990399,12731,249924,352,19619,98093,99499,5431962,0
"2021-04-11",38204,3210224,28806,2019205,7683,257607,268,19887,74961,102308,5506923,0
"2021-04-12",46665,3256889,31829,2051034,13480,271087,433,20320,92407,102968.71,5599330,0
"2021-04-13",52584,3309473,33755,2084789,368,271455,374,20694,87081,100786.86,5686411,0
"2021-04-14",50189,3359662,39932,2124721,20,271475,344,21038,90485,97870.86,5776896,0
"2021-04-15",52150,3411812,43669,2168390,15,271490,424,21462,96258,94113,5873154,0
"2021-04-16",51214,3463026,42212,2210602,32,271522,390,21852,93848,90447.57,5967002,0
"2021-04-17",43866,3506892,35668,2246270,3,271525,342,22194,79879,87845.57,6046881,0
"2021-04-18",28622,3535514,29369,2275639,7,271532,227,22421,58225,85454.71,6105106,0
"2021-04-19",37490,3573004,36438,2312077,22,271554,289,22710,74239,82859.29,6179345,0
"2021-04-20",40828,3613832,39639,2351716,19,271573,272,22982,80758,81956,6260103,0
"2021-04-21",38939,3652771,45926,2397642,15,271588,463,23445,85343,81221.43,6345446,0
"2021-04-22",38538,3691309,48928,2446570,9,271597,305,23750,87780,80010.29,6433226,0
"2021-04-23",39734,3731043,44338,2490908,5,271602,330,24080,84407,78661.57,6517633,0
"2021-04-24",31979,3763022,41595,2532503,44,271646,255,24335,73873,77803.57,6591506,0
"2021-04-25",18432,3781454,31233,2563736,86,271732,172,24507,49923,76617.57,6641429,0
"2021-04-26",26978,3808432,40723,2604459,1013,272745,255,24762,68969,75864.71,6710398,0
"2021-04-27",28589,3837021,47109,2651568,1694,274439,326,25088,77718,75430.43,6788116,0
"2021-04-28",27086,3864107,56814,2708382,2143,276582,406,25494,86449,75588.43,6874565,0
"2021-04-29",28647,3892754,57146,2765528,2145,278727,335,25829,88273,75658.86,6962838,0
"2021-04-30",30138,3922892,51966,2817494,2055,280782,269,26098,84428,75661.86,7047266,0
"2021-05-01",22485,3945377,44541,2862035,1175,281957,214,26312,68415,74882.14,7115681,0
"2021-05-02",11930,3957307,36639,2898674,1080,283037,124,26436,49773,74860.71,7165454,0
"2021-05-03",18048,3975355,52997,2951671,2383,285420,231,26667,73659,75530.71,7239113,0
"2021-05-04",22764,3998119,56622,3008293,2327,287747,237,26904,81950,76135.29,7321063,0
"2021-05-05",21492,4019611,48781,3057074,2311,290058,288,27192,72872,74195.71,7393935,0
"2021-05-06",20715,4040326,50152,3107226,2509,292567,248,27440,73624,72103,7467559,0
"2021-05-07",21278,4061604,52086,3159312,2809,295376,274,27714,76447,70962.86,7544006,0
"2021-05-08",16636,4078240,41869,3201181,1835,297211,209,27923,60549,69839.14,7604555,0
"2021-05-09",7980,4086220,29410,3230591,1260,298471,135,28058,38785,68269.43,7643340,0
"2021-05-10",14402,4100622,38521,3269112,2355,300826,211,28269,55489,65673.71,7698829,0
"2021-05-11",19952,4120574,43026,3312138,2512,303338,268,28537,65758,63360.57,7764587,0
"2021-05-12",17817,4138391,40523,3352661,3590,306928,217,28754,62147,61828.43,7826734,0
"2021-05-13",24995,4163386,40407,3393068,3225,310153,248,29002,68875,61150,7895609,0
"2021-05-14",27043,4190429,42897,3435965,3534,313687,264,29266,73738,60763,7969347,0
"2021-05-15",23672,4214101,34914,3470879,3365,317052,223,29489,62174,60995.14,8031521,0
"2021-05-16",15557,4229658,19425,3490304,2497,319549,117,29606,37596,60825.29,8069117,0
"2021-05-17",22679,4252337,29121,3519425,3254,322803,162,29768,55216,60786.29,8124333,0
"2021-05-18",24652,4276989,31888,3551313,3401,326204,220,29988,60161,59986.71,8184494,0
"2021-05-19",24227,4301216,29687,3581000,3037,329241,211,30199,57162,59274.57,8241656,0
"2021-05-20",24186,4325402,30063,3611063,3156,332397,246,30445,57651,57671.14,8299307,0
"2021-05-21",24707,4350109,31973,3643036,3062,335459,233,30678,59975,55705,8359282,0
"2021-05-22",20024,4370133,24346,3667382,2525,337984,151,30829,47046,53543.86,8406328,0
"2021-05-23",11247,4381380,13711,3681093,1411,339395,92,30921,26461,51953.14,8432789,0
"2021-05-24",18894,4400274,23124,3704217,2757,342152,205,31126,44980,50490.86,8477769,0
"2021-05-25",19448,4419722,23354,3727571,2602,344754,175,31301,45579,48407.71,8523348,0
"2021-05-26",18790,4438512,21069,3748640,2696,347450,192,31493,42747,46348.43,8566095,0
"2021-05-27",18491,4457003,21250,3769890,2528,349978,180,31673,42449,44176.71,8608544,0
"2021-05-28",17889,4474892,22878,3792768,2749,352727,168,31841,43684,41849.43,8652228,0
"2021-05-29",12708,4487600,17800,3810568,1755,354482,97,31938,32360,39751.43,8684588,0
"2021-05-30",7037,4494637,8948,3819516,1073,355555,39,31977,17097,38413.71,8701685,0
"2021-05-31",4748,4499385,6922,3826438,1011,356566,58,32035,12739,33807.86,8714424,0
"2021-06-01",16060,4515445,25178,3851616,2172,358738,139,32174,43549,33517.86,8757973,0
"2021-06-02",15364,4530809,20366,3871982,2094,360832,133,32307,37957,32833.57,8795930,0
"2021-06-03",15020,4545829,23805,3895787,2284,363116,115,32422,41224,32658.57,8837154,0
"2021-06-04",14739,4560568,25958,3921745,2491,365607,143,32565,43331,32608.14,8880485,0
"2021-06-05",11000,4571568,22062,3943807,1806,367413,113,32678,34981,32982.57,8915466,0
"2021-06-06",6453,4578021,14456,3958263,1221,368634,82,32760,22212,33713.29,8937678,0
"2021-06-07",11733,4589754,21756,3980019,2379,371013,140,32900,36008,37037.43,8973686,0
"2021-06-08",12678,4602432,23980,4003999,2071,373084,117,33017,38846,36365.57,9012532,0
"2021-06-09",11160,4613592,22991,4026990,2297,375381,129,33146,36577,36168.43,9049109,0
"2021-06-10",12100,4625692,22196,4049186,2461,377842,132,33278,36889,35549.14,9085998,0
"2021-06-11",12726,4638418,25085,4074271,2480,380322,148,33426,40439,35136,9126437,0
"2021-06-12",10180,4648598,19284,4093555,1890,382212,89,33515,31443,34630.57,9157880,0
"2021-06-13",4259,4652857,10928,4104483,1219,383431,39,33554,16445,33806.71,9174325,0
"2021-06-14",10226,4663083,19211,4123694,2042,385473,122,33676,31601,33177.14,9205926,0
"2021-06-15",11902,4674985,20989,4144683,1942,387415,115,33791,34948,32620.29,9240874,0
"2021-06-16",11605,4686590,19386,4164069,1957,389372,131,33922,33079,32120.57,9273953,0
"2021-06-17",11038,4697628,18735,4182804,1969,391341,115,34037,31857,31401.71,9305810,0
"2021-06-18",12175,4709803,18478,4201282,2114,393455,104,34141,32871,30320.57,9338681,0
"2021-06-19",8511,4718314,13516,4214798,1460,394915,70,34211,23557,29194,9362238,0
"2021-06-20",4338,4722652,7164,4221962,924,395839,33,34244,12459,28624.57,9374697,0
"2021-06-21",10173,4732825,9985,4231947,1805,397644,65,34309,22028,27257,9396725,0
"2021-06-22",9852,4742677,15622,4247569,1585,399229,94,34403,27153,26143.43,9423878,0
"2021-06-23",10334,4753011,15162,4262731,1861,401090,99,34502,27456,25340.14,9451334,0
"2021-06-24",9711,4762722,14676,4277407,1797,402887,113,34615,26297,24545.86,9477631,0
"2021-06-25",10610,4773332,14370,4291777,1715,404602,105,34720,26800,23678.57,9504431,0
"2021-06-26",7811,4781143,10437,4302214,1244,405846,74,34794,19566,23108.43,9523997,0
"2021-06-27",5011,4786154,5990,4308204,796,406642,33,34827,11830,23018.57,9535827,0
"2021-06-28",9046,4795200,10326,4318530,1523,408165,105,34932,21000,22871.71,9556827,0
"2021-06-29",9758,4804958,12300,4330830,1348,409513,118,35050,23524,22353.29,9580351,0
"2021-06-30",9425,4814383,10912,4341742,1480,410993,142,35192,21959,21568,9602310,0
"2021-07-01",9399,4823782,10910,4352652,1429,412422,116,35308,21854,20933.29,9624164,0
"2021-07-02",9696,4833478,11419,4364071,1537,413959,119,35427,22771,20357.71,9646935,0
"2021-07-03",7062,4840540,8411,4372482,1194,415153,77,35504,16744,19954.57,9663679,0
"2021-07-04",1291,4841831,1333,4373815,567,415720,7,35511,3198,18721.43,9666877,0
"2021-07-05",6498,4848329,7093,4380908,1208,416928,65,35576,14864,17844.86,9681741,0
"2021-07-06",9528,4857857,12828,4393736,1315,418243,112,35688,23783,17881.86,9705524,0
"2021-07-07",8687,4866544,11082,4404818,1416,419659,117,35805,21302,17788,9726826,0
"2021-07-08",8209,4874753,10180,4414998,1259,420918,101,35906,19749,17487.29,9746575,0
"2021-07-09",8385,4883138,10805,4425803,1278,422196,90,35996,20558,17171.14,9767133,0
"2021-07-10",7112,4890250,8618,4434421,1131,423327,61,36057,16922,17196.57,9784055,0
"2021-07-11",4106,4894356,4535,4438956,702,424029,33,36090,9376,18079.14,9793431,0
"2021-07-12",8458,4902814,9535,4448491,1250,425279,71,36161,19314,18714.86,9812745,0
"2021-07-13",9468,4912282,9371,4457862,951,426230,99,36260,19889,18158.57,9832634,0
"2021-07-14",9008,4921290,9514,4467376,1008,427238,101,36361,19631,17919.86,9852265,0
"2021-07-15",8798,4930088,9135,4476511,1052,428290,82,36443,19067,17822.43,9871332,0
"2021-07-16",9255,4939343,9748,4486259,978,429268,97,36540,20078,17753.86,9891410,0
"2021-07-17",6862,4946205,7368,4493627,799,430067,75,36615,15104,17494.14,9906514,0
"2021-07-18",4263,4950468,4285,4497912,569,430636,33,36648,9150,17461.86,9915664,0
"2021-07-19",9128,4959596,8451,4506363,999,431635,83,36731,18661,17368.57,9934325,0
"2021-07-20",10659,4970255,8742,4515105,992,432627,84,36815,20477,17452.57,9954802,0
"2021-07-21",10065,4980320,8740,4523845,906,433533,138,36953,19849,17483.71,9974651,0
"2021-07-22",10692,4991012,8556,4532401,1045,434578,140,37093,20433,17678.86,9995084,0
"2021-07-23",11239,5002251,8871,4541272,1114,435692,131,37224,21355,17861.29,10016439,0
"2021-07-24",7412,5009663,6727,4547999,670,436362,80,37304,14889,17830.57,10031328,0
"2021-07-25",5485,5015148,2115,4550114,509,436871,58,37362,8167,17690.14,10039495,0
"2021-07-26",10891,5026039,6973,4557087,858,437729,103,37465,18825,17713.57,10058320,0
"2021-07-27",12064,5038103,8553,4565640,857,438586,131,37596,21605,17874.71,10079925,0
"2021-07-28",11997,5050100,8035,4573675,950,439536,128,37724,21110,18054.86,10101035,0
"2021-07-29",10948,5061048,7417,4581092,982,440518,126,37850,19473,17917.71,10120508,0
"2021-07-30",14960,5076008,7996,4589088,1148,441666,173,38023,24277,18335.14,10144785,0
"2021-07-31",9745,5085753,6298,4595386,815,442481,115,38138,16973,18632.86,10161758,0
"2021-08-01",6510,5092263,3305,4598691,564,443045,77,38215,10456,18959.86,10172214,0
"2021-08-02",13462,5105725,7140,4605831,847,443892,142,38357,21591,19355,10193805,0
"2021-08-03",15428,5121153,8342,4614173,1098,444990,144,38501,25012,19841.71,10218817,0
"2021-08-04",17265,5138418,8107,4622280,1455,446445,170,38671,26997,20682.71,10245814,0
"2021-08-05",17880,5156298,7905,4630185,1365,447810,153,38824,27303,21801.29,10273117,0
"2021-08-06",18196,5174494,8391,4638576,1231,449041,156,38980,27974,22329.43,10301091,0
"2021-08-07",13377,5187871,5999,4644575,793,449834,96,39076,20265,22799.71,10321356,0
"2021-08-08",9323,5197194,3821,4648396,398,450232,77,39153,13619,23251.57,10334975,0
"2021-08-09",21338,5218532,8520,4656916,964,451196,165,39318,30987,24593.86,10365962,0
"2021-08-10",18935,5237467,9305,4666221,946,452142,165,39483,29351,25213.71,10395313,0
"2021-08-11",15654,5253121,8298,4674519,851,452993,117,39600,24920,24917,10420233,0
"2021-08-12",15059,5268180,8960,4683479,937,453930,162,39762,25118,24604.86,10445351,0
"2021-08-13",14938,5283118,9249,4692728,918,454848,233,39995,25338,24228.29,10470689,0
"2021-08-14",10429,5293547,6394,4699122,624,455472,516,40511,17963,23899.43,10488652,0
"2021-08-15",6702,5300249,4465,4703587,675,456147,565,41076,12407,23726.29,10501059,0
"2021-08-16",15732,5315981,9278,4712865,1148,457295,1301,42377,27459,23222.29,10528518,0
"2021-08-17",17791,5333772,10433,4723298,1217,458512,1739,44116,31180,23483.57,10559698,0
"2021-08-18",17498,5351270,10330,4733628,1253,459765,1966,46082,31047,24358.86,10590745,0
"2021-08-19",16336,5367606,9499,4743127,1316,461081,1923,48005,29074,24924,10619819,0
"2021-08-20",16304,5383910,11516,4754643,1253,462334,1840,49845,30913,25720.43,10650732,0
"2021-08-21",11156,5395066,8031,4762674,877,463211,1045,50890,21109,26169.86,10671841,0
"2021-08-22",4092,5399158,3901,4766575,262,463473,509,51399,8764,25649.43,10680605,0
"2021-08-23",15596,5414754,11781,4778356,1022,464495,1526,52925,29925,26001.71,10710530,0
"2021-08-24",16939,5431693,12585,4790941,1006,465501,1757,54682,32287,26159.86,10742817,0
"2021-08-25",14609,5446302,12414,4803355,1110,466611,1539,56221,29672,25963.43,10772489,0
"2021-08-26",16199,5462501,14051,4817406,1073,467684,1748,57969,33071,26534.43,10805560,0
"2021-08-27",14867,5477368,14804,4832210,969,468653,1638,59607,32278,26729.43,10837838,0
"2021-08-28",10720,5488088,11490,4843700,836,469489,997,60604,24043,27148.57,10861881,0
"2021-08-29",7229,5495317,7494,4851194,541,470030,759,61363,16023,28185.57,10877904,0
"2021-08-30",15552,5510869,16885,4868079,1075,471105,1781,63144,35293,28952.43,10913197,0
"2021-08-31",15563,5526432,15913,4883992,951,472056,1942,65086,34369,29249.86,10947566,0
"2021-09-01",14857,5541289,14078,4898070,1018,473074,1775,66861,31728,29543.57,10979294,0
"2021-09-02",14366,5555655,12501,4910571,898,473972,1671,68532,29436,29024.29,11008730,0
"2021-09-03",15025,5570680,14286,4924857,973,474945,1864,70396,32148,29005.71,11040878,0
"2021-09-04",9657,5580337,9399,4934256,687,475632,950,71346,20693,28527.14,11061571,0
"2021-09-05",6822,5587159,5504,4939760,438,476070,694,72040,13458,28160.71,11075029,0
"2021-09-06",5207,5592366,4501,4944261,358,476428,264,72304,10330,24594.57,11085359,0
"2021-09-07",15591,5607957,17672,4961933,912,477340,1523,73827,35698,24784.43,11121057,0
"2021-09-08",16225,5624182,14775,4976708,1072,478412,1737,75564,33809,25081.71,11154866,0
"2021-09-09",16142,5640324,14719,4991427,1046,479458,1884,77448,33791,25703.86,11188657,0
"2021-09-10",18400,5658724,15355,5006782,1207,480665,1943,79391,36905,26383.43,11225562,0
"2021-09-11",12659,5671383,10334,5017116,959,481624,1009,80400,24961,26993.14,11250523,0
"2021-09-12",8548,5679931,5043,5022159,766,482390,682,81082,15039,27219,11265562,0
"2021-09-13",16957,5696888,12938,5035097,970,483360,1613,82695,32478,30383,11298040,0
"2021-09-14",16299,5713187,13645,5048742,883,484243,1571,84266,32398,29911.57,11330438,0
"2021-09-15",15597,5728784,12812,5061554,731,484974,1555,85821,30695,29466.71,11361133,0
"2021-09-16",15380,5744164,13887,5075441,1211,486185,1419,87240,31897,29196.14,11393030,0
"2021-09-17",14477,5758641,13904,5089345,921,487106,1808,89048,31110,28368.29,11424140,0
"2021-09-18",10023,5768664,10162,5099507,914,488020,1034,90082,22133,27964.29,11446273,0
"2021-09-19",6193,5774857,6061,5105568,557,488577,737,90819,13548,27751.29,11459821,0
"2021-09-20",12705,5787562,12617,5118185,1067,489644,1893,92712,28282,27151.86,11488103,0
"2021-09-21",12251,5799813,12752,5130937,1111,490755,1987,94699,28101,26538,11516204,0
"2021-09-22",12851,5812664,11964,5142901,1087,491842,1640,96339,27542,26087.57,11543746,0
"2021-09-23",14946,5827610,12730,5155631,1637,493479,2214,98553,31527,26034.71,11575273,0
"2021-09-24",16487,5844097,13323,5168954,1629,495108,4512,103065,35951,26726.29,11611224,0
"2021-09-25",10587,5854684,9007,5177961,1017,496125,3377,106442,23988,26991.29,11635212,0
"2021-09-26",6340,5861024,5745,5183706,773,496898,2373,108815,15231,27231.71,11650443,0
"2021-09-27",14195,5875219,8034,5191740,1153,498051,8854,117669,32236,27796.57,11682679,0
"2021-09-28",11199,5886418,11741,5203481,901,498952,9664,127333,33505,28568.57,11716184,0
"2021-09-29",11641,5898059,12166,5215647,1199,500151,9210,136543,34216,29522,11750400,0
"2021-09-30",12283,5910342,12568,5228215,1340,501491,9530,146073,35721,30121.14,11786121,0
"2021-10-01",12679,5923021,13399,5241614,1281,502772,10115,156188,37474,30338.71,11823595,0
"2021-10-02",7747,5930768,9964,5251578,864,503636,4157,160345,22732,30159.29,11846327,0
"2021-10-03",5084,5935852,6148,5257726,594,504230,2565,162910,14391,30039.29,11860718,0
"2021-10-04",9948,5945800,11001,5268727,913,505143,9372,172282,31234,29896.14,11891952,0
"2021-10-05",10207,5956007,11737,5280464,972,506115,9817,182099,32733,29785.86,11924685,0
"2021-10-06",9948,5965955,11030,5291494,936,507051,9814,191913,31728,29430.43,11956413,0
"2021-10-07",9694,5975649,12155,5303649,851,507902,10054,201967,32754,29006.57,11989167,0
"2021-10-08",9505,5985154,12118,5315767,943,508845,10779,212746,33345,28416.71,12022512,0
"2021-10-09",6283,5991437,8270,5324037,649,509494,4041,216787,19243,27918.29,12041755,0
"2021-10-10",3550,5994987,5010,5329047,458,509952,2393,219180,11411,27492.57,12053166,0
"2021-10-11",7651,6002638,9326,5338373,727,510679,8807,227987,26511,26817.86,12079677,0
"2021-10-12",8098,6010736,10978,5349351,891,511570,10382,238369,30349,26477.29,12110026,0
"2021-10-13",7215,6017951,10123,5359474,869,512439,8623,246992,26830,25777.57,12136856,0
"2021-10-14",7485,6025436,11089,5370563,833,513272,9929,256921,29336,25289.29,12166192,0
"2021-10-15",7772,6033208,11837,5382400,821,514093,10621,267542,31051,24961.57,12197243,0
"2021-10-16",4883,6038091,7450,5389850,665,514758,3757,271299,16755,24606.14,12213998,0
"2021-10-17",3070,6041161,4470,5394320,411,515169,2403,273702,10354,24455.14,12224352,0
"2021-10-18",7103,6048264,10635,5404955,796,515965,9281,282983,27815,24641.43,12252167,0
"2021-10-19",6673,6054937,8918,5413873,805,516770,8878,291861,25274,23916.43,12277441,0
"2021-10-20",6572,6061509,9350,5423223,972,517742,9805,301666,26699,23897.71,12304140,0
"2021-10-21",7083,6068592,9337,5432560,857,518599,10600,312266,27877,23689.29,12332017,0
"2021-10-22",8174,6076766,10317,5442877,1022,519621,16007,328273,35520,24327.71,12367537,0
"2021-10-23",5211,6081977,6451,5449328,690,520311,9013,337286,21365,24986.29,12388902,0
"2021-10-24",3302,6085279,3952,5453280,767,521078,6082,343368,14103,25521.86,12403005,0
"2021-10-25",8859,6094138,8743,5462023,1146,522224,19048,362416,37796,26947.71,12440801,0
"2021-10-26",8255,6102393,7718,5469741,1257,523481,17121,379537,34351,28244.43,12475152,0
"2021-10-27",10662,6113055,8372,5478113,1602,525083,20560,400097,41196,30315.43,12516348,0
"2021-10-28",11412,6124467,8019,5486132,1777,526860,20585,420682,41793,32303.43,12558141,0
"2021-10-29",11915,6136382,8219,5494351,1959,528819,22312,442994,44405,33572.71,12602546,0
"2021-10-30",4677,6141059,5044,5499395,934,529753,11044,454038,21699,33620.43,12624245,0
"2021-10-31",2697,6143756,2697,5502092,544,530297,6570,460608,12508,33392.57,12636753,0
"2021-11-01",7214,6150970,6927,5509019,1080,531377,20118,480726,35339,33041.57,12672092,0
"2021-11-02",6661,6157631,6555,5515574,1051,532428,20547,501273,34814,33107.71,12706906,0
"2021-11-03",6947,6164578,6645,5522219,1027,533455,20413,521686,35032,32227.14,12741938,0
"2021-11-04",9376,6173954,6252,5528471,993,534448,22076,543762,38697,31784.86,12780635,0
"2021-11-05",11166,6185120,6709,5535180,1052,535500,23519,567281,42446,31505,12823081,0
"2021-11-06",11179,6196299,4036,5539216,592,536092,12503,579784,28310,32449.43,12851391,0
"2021-11-07",7281,6203580,2268,5541484,576,536668,7043,586827,17168,33115.14,12868559,0
"2021-11-08",15126,6218706,5657,5547141,865,537533,19307,606134,40955,33917.43,12909514,0
"2021-11-09",16232,6234938,5370,5552511,662,538195,20356,626490,42620,35032.57,12952134,0
"2021-11-10",17032,6251970,5307,5557818,684,538879,22394,648884,45417,36516.14,12997551,0
"2021-11-11",12661,6264631,5182,5563000,758,539637,21832,670716,40433,36764.14,13037984,0
"2021-11-12",16984,6281615,5660,5568660,709,540346,23185,693901,46538,37348.71,13084522,0
"2021-11-13",9988,6291603,3667,5572327,465,540811,13231,707132,27351,37211.71,13111873,0
"2021-11-14",6132,6297735,2292,5574619,320,541131,7864,714996,16608,37131.71,13128481,0
"2021-11-15",13329,6311064,5969,5580588,688,541819,24893,739889,44879,37692.29,13173360,0
"2021-11-16",10211,6321275,5780,5586368,651,542470,30302,770191,46944,38310,13220304,0
"2021-11-17",10618,6331893,6666,5593034,688,543158,30865,801056,48837,38798.57,13269141,0
"2021-11-18",11057,6342950,6515,5599549,865,544023,32499,833555,50936,40299,13320077,0
"2021-11-19",12356,6355306,6532,5606081,718,544741,35781,869336,55387,41563.14,13375464,0
"2021-11-20",9552,6364858,3416,5609497,513,545254,22187,891523,35668,42751.29,13411132,0
"2021-11-21",5090,6369948,1883,5611380,289,545543,12957,904480,20219,43267.14,13431351,0
"2021-11-22",10734,6380682,5770,5617150,753,546296,35375,939855,52632,44374.71,13483983,0
"2021-11-23",9990,6390672,4776,5621926,640,546936,33109,972964,48515,44599.14,13532498,0
"2021-11-24",8841,6399513,4751,5626677,651,547587,25692,998656,39935,43327.43,13572433,0
"2021-11-25",458,6399971,325,5627002,79,547666,971,999627,1833,36312.71,13574266,0
"2021-11-26",8358,6408329,6955,5633957,530,548196,26123,1025750,41966,34395.43,13616232,0
"2021-11-27",6873,6415202,6799,5640756,377,548573,18500,1044250,32549,33949.86,13648781,0
"2021-11-28",4225,6419427,5723,5646479,286,548859,11561,1055811,21795,34175,13670576,0
"2021-11-29",9535,6428962,10931,5657410,689,549548,34294,1090105,55449,34577.43,13726025,0
"2021-11-30",10771,6439733,11387,5668797,516,550064,37077,1127182,59751,36182.57,13785776,0
"2021-12-01",11436,6451169,10900,5679697,715,550779,39781,1166963,62832,39453.57,13848608,0
"2021-12-02",12006,6463175,10973,5690670,623,551402,41361,1208324,64963,48472.14,13913571,0
"2021-12-03",14097,6477272,12780,5703450,682,552084,46984,1255308,74543,53126,13988114,0
"2021-12-04",10172,6487444,11157,5714607,573,552657,30103,1285411,52005,55905.43,14040119,0
"2021-12-05",5834,6493278,5770,5720377,270,552927,16446,1301857,28320,56837.57,14068439,0
"2021-12-06",12850,6506128,9883,5730260,607,553534,42430,1344287,65770,58312,14134209,0
"2021-12-07",13157,6519285,9168,5739428,633,554167,42143,1386430,65101,59076.29,14199310,0
"2021-12-08",14078,6533363,8665,5748093,557,554724,39781,1426211,63081,59111.86,14262391,0
"2021-12-09",14053,6547416,8693,5756786,556,555280,39912,1466123,63214,58862,14325605,0
"2021-12-10",14560,6561976,10043,5766829,663,555943,42693,1508816,67959,57921.43,14393564,0
"2021-12-11",10503,6572479,8008,5774837,405,556348,26384,1535200,45300,56963.57,14438864,0
"2021-12-12",6110,6578589,3836,5778673,287,556635,14986,1550186,25219,56520.57,14464083,0
"2021-12-13",12428,6591017,7377,5786050,655,557290,37414,1587600,57874,55392.57,14521957,0
"2021-12-14",12559,6603576,6893,5792943,738,558028,37484,1625084,57674,54331.57,14579631,0
"2021-12-15",12669,6616245,6198,5799141,759,558787,37158,1662242,56784,53432,14636415,0
"2021-12-16",13653,6629898,4202,5803343,738,559525,39952,1702194,58545,52765,14694960,0
"2021-12-17",16568,6646466,6848,5810191,620,560145,45523,1747717,69559,52993.57,14764519,0
"2021-12-18",13320,6659786,5673,5815864,430,560575,29992,1777709,49415,53581.43,14813934,0
"2021-12-19",7172,6666958,2972,5818836,331,560906,17612,1795321,28087,53991.14,14842021,0
"2021-12-20",17465,6684423,5822,5824658,747,561653,46200,1841521,70234,55756.86,14912255,0
"2021-12-21",18538,6702961,6455,5831113,797,562450,47564,1889085,73354,57996.86,14985609,0
"2021-12-22",19130,6722091,6495,5837608,928,563378,48375,1937460,74928,60588.86,15060537,0
"2021-12-23",19469,6741560,6443,5844051,915,564293,44838,1982298,71665,62463.14,15132202,0
"2021-12-24",9398,6750958,2922,5846973,589,564882,20149,2002447,33058,57248.71,15165260,0
"2021-12-25",338,6751296,64,5847037,32,564914,420,2002867,854,50311.43,15166114,0
"2021-12-26",8184,6759480,3869,5850906,336,565250,16967,2019834,29356,50492.71,15195470,0
"2021-12-27",21710,6781190,9127,5860033,925,566175,42928,2062762,74690,51129.29,15270160,0
"2021-12-28",19908,6801098,8228,5868261,684,566859,46799,2109561,75619,51452.86,15345779,0
"2021-12-29",18333,6819431,7480,5875741,596,567455,44715,2154276,71124,50909.43,15416903,0
"2021-12-30",16792,6836223,7335,5883076,576,568031,44205,2198481,68908,50515.57,15485811,0
"2021-12-31",5229,6841452,2756,5885832,191,568222,14500,2212981,22676,49032.43,15508487,0
"2022-01-01",227,6841679,127,5885959,11,568233,482,2213463,847,49031.43,15509334,0
"2022-01-02",6438,6848117,4988,5890947,152,568385,10885,2224348,22463,48046.71,15531797,0
"2022-01-03",14102,6862219,8362,5899309,509,568894,26388,2250736,49361,44428.29,15581158,0
"2022-01-04",13109,6875328,7978,5907287,392,569286,26450,2277186,47929,40472.57,15629087,0
"2022-01-05",11802,6887130,6845,5914132,379,569665,25032,2302218,44058,36606,15673145,0
"2022-01-06",11818,6898948,7240,5921372,468,570133,26733,2328951,46259,33370.43,15719404,0
"2022-01-07",10595,6909543,8272,5929644,331,570464,24274,2353225,43472,36341.29,15762876,0
"2022-01-08",7999,6917542,8450,5938094,311,570775,19098,2372323,35858,41342.86,15798734,0
"2022-01-09",4283,6921825,3787,5941881,213,570988,9798,2382121,18081,40716.86,15816815,0
"2022-01-10",10415,6932240,8044,5949925,477,571465,23842,2405963,42778,39776.43,15859593,0
"2022-01-11",9055,6941295,7811,5957736,509,571974,20341,2426304,37716,38317.43,15897309,0
"2022-01-12",8995,6950290,8110,5965846,417,572391,21624,2447928,39146,37615.71,15936455,0
"2022-01-13",9064,6959354,8554,5974400,441,572832,21990,2469918,40049,36728.57,15976504,0
"2022-01-14",9976,6969330,7814,5982214,438,573270,25138,2495056,43366,36713.43,16019870,0
"2022-01-15",6132,6975462,4156,5986370,168,573438,14305,2509361,24761,35128.14,16044631,0
"2022-01-16",2996,6978458,3173,5989543,91,573529,7489,2516850,13749,34509.29,16058380,120000
"2022-01-17",6099,6984557,6401,5995944,346,573875,13743,2530593,26589,32196.57,16084969,120000
"2022-01-18",8153,6992710,9665,6005609,379,574254,18371,2548964,36568,32032.57,16121537,120000
"2022-01-19",7499,7000209,8686,6014295,288,574542,16577,2565541,33050,31161.71,16154587,120000
"2022-01-20",6257,7006466,8068,6022363,283,574825,14129,2579670,28737,29545.71,16183324,120000
"2022-01-21",6416,7012882,6366,6028729,238,575063,14284,2593954,27304,27251.14,16210628,120000
"2022-01-22",2240,7015122,2849,6031578,40,575103,4120,2598074,9249,25035.14,16219877,120000
