"DATE","ADMIN_DOSE1_DAILY","ADMIN_DOSE1_CUMULATIVE","ADMIN_DOSE2_DAILY","ADMIN_DOSE2_CUMULATIVE","ADMIN_SINGLE_DAILY","ADMIN_SINGLE_CUMULATIVE","ADMIN_ADDITIONAL_DAILY","ADMIN_ADDITIONAL_CUMULATIVE","ADMIN_ALLDOSES_DAILY","ADMIN_ALLDOSES_7DAYAVG","ADMIN_ALLDOSES_CUMULATIVE","INCOMPLETE"
"2020-12-14",79,79,0,0,0,0,0,0,79,,79,0
"2020-12-15",2053,2132,5,5,4,4,0,0,2062,,2141,0
"2020-12-16",4598,6730,13,18,1,5,1,1,4613,,6754,0
"2020-12-17",4652,11382,18,36,0,5,1,2,4671,,11425,0
"2020-12-18",5831,17213,20,56,2,7,2,4,5855,,17280,0
"2020-12-19",1689,18902,6,62,3,10,0,4,1698,,18978,0
"2020-12-20",1113,20015,2,64,1,11,0,4,1116,2870.57,20094,0
"2020-12-21",6335,26350,15,79,1,12,5,9,6356,3767.29,26450,0
"2020-12-22",9799,36149,25,104,2,14,1,10,9827,4876.57,36277,0
"2020-12-23",14270,50419,34,138,3,17,1,11,14308,6261.57,50585,0
"2020-12-24",7206,57625,24,162,1,18,0,11,7231,6627.29,57816,0
"2020-12-25",180,57805,0,162,0,18,1,12,181,5816.71,57997,0
"2020-12-26",4394,62199,41,203,0,18,1,13,4436,6207.86,62433,0
"2020-12-27",3869,66068,12,215,0,18,0,13,3881,6602.86,66314,0
"2020-12-28",10996,77064,43,258,1,19,3,16,11043,7272.43,77357,0
"2020-12-29",10726,87790,29,287,2,21,2,18,10759,7405.57,88116,0
"2020-12-30",12840,100630,42,329,0,21,0,18,12882,7201.86,100998,0
"2020-12-31",7267,107897,31,360,1,22,0,18,7299,7211.57,108297,0
"2021-01-01",187,108084,2,362,1,23,3,21,193,7213.29,108490,0
"2021-01-02",3816,111900,10,372,2,25,1,22,3829,7126.57,112319,0
"2021-01-03",3540,115440,23,395,2,27,1,23,3566,7081.57,115885,0
"2021-01-04",12256,127696,804,1199,2,29,6,29,13068,7370.86,128953,0
"2021-01-05",14083,141779,2188,3387,2,31,9,38,16282,8159.86,145235,0
"2021-01-06",17815,159594,3913,7300,1,32,30,68,21759,9428,166994,0
"2021-01-07",16543,176137,5173,12473,4,36,42,110,21762,11494.14,188756,0
"2021-01-08",16627,192764,5448,17921,0,36,29,139,22104,14624.29,210860,0
"2021-01-09",7659,200423,1457,19378,1,37,8,147,9125,15380.86,219985,0
"2021-01-10",7899,208322,972,20350,0,37,9,156,8880,16140,228865,0
"2021-01-11",25855,234177,7439,27789,2,39,46,202,33342,19036.29,262207,0
"2021-01-12",28268,262445,7845,35634,1,40,41,243,36155,21875.29,298362,0
"2021-01-13",31736,294181,9365,44999,1,41,50,293,41152,24645.71,339514,0
"2021-01-14",35815,329996,5313,50312,1,42,24,317,41153,27415.86,380667,0
"2021-01-15",29281,359277,3701,54013,2,44,27,344,33011,28974,413678,0
"2021-01-16",30317,389594,2365,56378,0,44,20,364,32702,32342.14,446380,0
"2021-01-17",23796,413390,1603,57981,0,44,15,379,25414,34704.14,471794,0
"2021-01-18",27158,440548,2391,60372,0,44,33,412,29582,34167,501376,0
"2021-01-19",34330,474878,9608,69980,1,45,66,478,44005,35288.43,545381,0
"2021-01-20",34913,509791,9481,79461,1,46,55,533,44450,35759.57,589831,0
"2021-01-21",25639,535430,8081,87542,0,46,44,577,33764,34704,623595,0
"2021-01-22",24774,560204,4374,91916,1,47,26,603,29175,34156,652770,0
"2021-01-23",15749,575953,3212,95128,0,47,11,614,18972,32194.57,671742,0
"2021-01-24",7180,583133,3449,98577,0,47,14,628,10643,30084.43,682385,0
"2021-01-25",13428,596561,11797,110374,0,47,62,690,25287,29470.86,707672,0
"2021-01-26",16787,613348,10735,121109,0,47,61,751,27583,27124.86,735255,0
"2021-01-27",20853,634201,12335,133444,0,47,47,798,33235,25522.71,768490,0
"2021-01-28",30792,664993,12828,146272,0,47,75,873,43695,26941.43,812185,0
"2021-01-29",31714,696707,11469,157741,0,47,70,943,43253,28952.57,855438,0
"2021-01-30",18735,715442,3731,161472,0,47,19,962,22485,29454.43,877923,0
"2021-01-31",13034,728476,2901,164373,1,48,23,985,15959,30213.86,893882,0
"2021-02-01",1182,729658,5363,169736,3,51,34,1019,6582,27541.71,900464,0
"2021-02-02",2816,732474,9477,179213,2,53,44,1063,12339,25364,912803,0
"2021-02-03",16386,748860,21223,200436,3,56,186,1249,37798,26015.86,950601,0
"2021-02-04",27059,775919,19636,220072,3,59,185,1434,46883,26471.29,997484,0
"2021-02-05",27627,803546,20001,240073,0,59,167,1601,47795,27120.14,1045279,0
"2021-02-06",22995,826541,11238,251311,0,59,100,1701,34333,28812.71,1079612,0
"2021-02-07",12056,838597,8276,259587,0,59,78,1779,20410,29448.57,1100022,0
"2021-02-08",17016,855613,23479,283066,2,61,214,1993,40711,34324.14,1140733,0
"2021-02-09",17218,872831,28106,311172,2,63,306,2299,45632,39080.29,1186365,0
"2021-02-10",19622,892453,29297,340469,2,65,249,2548,49170,40704.86,1235535,0
"2021-02-11",27882,920335,33487,373956,2,67,306,2854,61677,42818.29,1297212,0
"2021-02-12",38455,958790,30782,404738,3,70,322,3176,69562,45927.86,1366774,0
"2021-02-13",28035,986825,25305,430043,2,72,283,3459,53625,48683.86,1420399,0
"2021-02-14",16307,1003132,23727,453770,0,72,238,3697,40272,51521.29,1460671,0
"2021-02-15",12810,1015942,10519,464289,1,73,153,3850,23483,49060.14,1484154,0
"2021-02-16",14268,1030210,26733,491022,0,73,298,4148,41299,48441.14,1525453,0
"2021-02-17",16431,1046641,22172,513194,1,74,258,4406,38862,46968.57,1564315,0
"2021-02-18",12181,1058822,24975,538169,21,95,265,4671,37442,43506.43,1601757,0
"2021-02-19",13305,1072127,23936,562105,39,134,271,4942,37551,38933.43,1639308,0
"2021-02-20",11357,1083484,26087,588192,6,140,302,5244,37752,36665.86,1677060,0
"2021-02-21",6369,1089853,17435,605627,15,155,263,5507,24082,34353,1701142,0
"2021-02-22",13048,1102901,11842,617469,2,157,117,5624,25009,34571,1726151,0
"2021-02-23",25250,1128151,14159,631628,1,158,149,5773,39559,34322.43,1765710,0
"2021-02-24",36383,1164534,20351,651979,0,158,198,5971,56932,36903.86,1822642,0
"2021-02-25",54616,1219150,30335,682314,6,164,367,6338,85324,43744.14,1907966,0
"2021-02-26",62922,1282072,31808,714122,4,168,370,6708,95104,51966,2003070,0
"2021-02-27",51334,1333406,22702,736824,47,215,311,7019,74394,57200.57,2077464,0
"2021-02-28",44638,1378044,13752,750576,6,221,187,7206,58583,62129.29,2136047,0
"2021-03-01",39320,1417364,12737,763313,9,230,155,7361,52221,66016.71,2188268,0
"2021-03-02",47094,1464458,12525,775838,7,237,149,7510,59775,68904.71,2248043,0
"2021-03-03",48610,1513068,16117,791955,17,254,136,7646,64880,70040.14,2312923,0
"2021-03-04",59855,1572923,22757,814712,1092,1346,254,7900,83958,69845,2396881,0
"2021-03-05",61014,1633937,24245,838957,3112,4458,303,8203,88674,68926.43,2485555,0
"2021-03-06",47182,1681119,18849,857806,5449,9907,223,8426,71703,68542,2557258,0
"2021-03-07",36061,1717180,14829,872635,6247,16154,218,8644,57355,68366.57,2614613,0
"2021-03-08",39629,1756809,14657,887292,8568,24722,296,8940,63150,69927.86,2677763,0
"2021-03-09",39112,1795921,12778,900070,7768,32490,171,9111,59829,69935.57,2737592,0
"2021-03-10",51845,1847766,15242,915312,5067,37557,194,9305,72348,71002.43,2809940,0
"2021-03-11",60015,1907781,21738,937050,4614,42171,234,9539,86601,71380,2896541,0
"2021-03-12",52229,1960010,30261,967311,4183,46354,347,9886,87020,71143.71,2983561,0
"2021-03-13",40673,2000683,26668,993979,5113,51467,301,10187,72755,71294,3056316,0
"2021-03-14",30733,2031416,15922,1009901,4536,56003,218,10405,51409,70444.57,3107725,0
"2021-03-15",33590,2065006,17200,1027101,4733,60736,214,10619,55737,69385.57,3163462,0
"2021-03-16",38693,2103699,20421,1047522,4927,65663,239,10858,64280,70021.43,3227742,0
"2021-03-17",42639,2146338,24720,1072242,4246,69909,305,11163,71910,69958.86,3299652,0
"2021-03-18",50507,2196845,26698,1098940,5241,75150,332,11495,82778,69412.71,3382430,0
"2021-03-19",47827,2244672,29831,1128771,5626,80776,362,11857,83646,68930.71,3466076,0
"2021-03-20",38736,2283408,25737,1154508,4691,85467,269,12126,69433,68456.14,3535509,0
"2021-03-21",29313,2312721,19277,1173785,771,86238,202,12328,49563,68192.43,3585072,0
"2021-03-22",33880,2346601,26632,1200417,4041,90279,251,12579,64804,69487.71,3649876,0
"2021-03-23",38448,2385049,32741,1233158,4222,94501,263,12842,75674,71115.43,3725550,0
"2021-03-24",41520,2426569,37481,1270639,4847,99348,298,13140,84146,72863.43,3809696,0
"2021-03-25",43440,2470009,50619,1321258,5052,104400,423,13563,99534,75257.14,3909230,0
"2021-03-26",38519,2508528,55316,1376574,4308,108708,498,14061,98641,77399.29,4007871,0
"2021-03-27",35761,2544289,45565,1422139,2940,111648,372,14433,84638,79571.43,4092509,0
"2021-03-28",26410,2570699,34282,1456421,1481,113129,314,14747,62487,81417.71,4154996,0
"2021-03-29",34854,2605553,38634,1495055,3250,116379,321,15068,77059,83168.43,4232055,0
"2021-03-30",40558,2646111,41790,1536845,3714,120093,304,15372,86366,84695.86,4318421,0
"2021-03-31",49438,2695549,44719,1581564,7441,127534,366,15738,101964,87241.29,4420385,0
"2021-04-01",50789,2746338,53887,1635451,11279,138813,462,16200,116417,89653.14,4536802,0
"2021-04-02",43772,2790110,53827,1689278,11969,150782,508,16708,110076,91286.71,4646878,0
"2021-04-03",39274,2829384,39122,1728400,9860,160642,318,17026,88574,91849,4735452,0
"2021-04-04",26566,2855950,24617,1753017,3901,164543,214,17240,55298,90822,4790750,0
"2021-04-05",41882,2897832,34363,1787380,11191,175734,347,17587,87783,92354,4878533,0
"2021-04-06",53296,2951128,35435,1822815,13215,188949,405,17992,102351,94637.57,4980884,0
"2021-04-07",55554,3006682,40592,1863407,14382,203331,369,18361,110897,95913.71,5091781,0
"2021-04-08",59291,3065973,46470,1909877,16330,219661,474,18835,122565,96792,5214346,0
"2021-04-09",56654,3122627,44843,1954720,17529,237190,478,19313,119504,98138.86,5333850,0
"2021-04-10",49379,3172006,35632,1990352,12731,249921,352,19665,98094,99498.86,5431944,0
"2021-04-11",38204,3210210,28803,2019155,7683,257604,271,19936,74961,102307.86,5506905,0
"2021-04-12",46664,3256874,31828,2050983,13479,271083,434,20370,92405,102968.14,5599310,0
"2021-04-13",52584,3309458,33755,2084738,368,271451,374,20744,87081,100786.71,5686391,0
"2021-04-14",50194,3359652,39932,2124670,20,271471,344,21088,90490,97871.43,5776881,0
"2021-04-15",52152,3411804,43667,2168337,15,271486,427,21515,96261,94113.71,5873142,0
"2021-04-16",51215,3463019,42212,2210549,30,271516,390,21905,93847,90448.43,5966989,0
"2021-04-17",43867,3506886,35671,2246220,3,271519,340,22245,79881,87846.57,6046870,0
"2021-04-18",28622,3535508,29368,2275588,7,271526,228,22473,58225,85455.71,6105095,0
"2021-04-19",37488,3572996,36436,2312024,22,271548,291,22764,74237,82860.29,6179332,0
"2021-04-20",40829,3613825,39640,2351664,19,271567,272,23036,80760,81957.29,6260092,0
"2021-04-21",38943,3652768,45925,2397589,15,271582,461,23497,85344,81222.14,6345436,0
"2021-04-22",38540,3691308,48927,2446516,9,271591,305,23802,87781,80010.71,6433217,0
"2021-04-23",39731,3731039,44337,2490853,5,271596,330,24132,84403,78661.57,6517620,0
"2021-04-24",31981,3763020,41593,2532446,44,271640,255,24387,73873,77803.29,6591493,0
"2021-04-25",18432,3781452,31231,2563677,86,271726,172,24559,49921,76617,6641414,0
"2021-04-26",26978,3808430,40721,2604398,1013,272739,256,24815,68968,75864.29,6710382,0
"2021-04-27",28588,3837018,47109,2651507,1694,274433,325,25140,77716,75429.43,6788098,0
"2021-04-28",27084,3864102,56812,2708319,2143,276576,406,25546,86445,75586.71,6874543,0
"2021-04-29",28650,3892752,57141,2765460,2144,278720,336,25882,88271,75656.71,6962814,0
"2021-04-30",30140,3922892,51964,2817424,2055,280775,271,26153,84430,75660.57,7047244,0
"2021-05-01",22484,3945376,44540,2861964,1175,281950,214,26367,68413,74880.57,7115657,0
"2021-05-02",11931,3957307,36638,2898602,1080,283030,124,26491,49773,74859.43,7165430,0
"2021-05-03",18048,3975355,52995,2951597,2383,285413,231,26722,73657,75529.29,7239087,0
"2021-05-04",22766,3998121,56617,3008214,2327,287740,238,26960,81948,76133.86,7321035,0
"2021-05-05",21493,4019614,48781,3056995,2311,290051,287,27247,72872,74194.86,7393907,0
"2021-05-06",20718,4040332,50148,3107143,2509,292560,249,27496,73624,72102.43,7467531,0
"2021-05-07",21278,4061610,52085,3159228,2809,295369,275,27771,76447,70962,7543978,0
"2021-05-08",16636,4078246,41868,3201096,1835,297204,210,27981,60549,69838.57,7604527,0
"2021-05-09",7979,4086225,29410,3230506,1260,298464,135,28116,38784,68268.71,7643311,0
"2021-05-10",14402,4100627,38518,3269024,2354,300818,211,28327,55485,65672.71,7698796,0
"2021-05-11",19952,4120579,43023,3312047,2511,303329,269,28596,65755,63359.43,7764551,0
"2021-05-12",17819,4138398,40526,3352573,3590,306919,216,28812,62151,61827.86,7826702,0
"2021-05-13",24996,4163394,40406,3392979,3225,310144,249,29061,68876,61149.57,7895578,0
"2021-05-14",27044,4190438,42895,3435874,3534,313678,265,29326,73738,60762.57,7969316,0
"2021-05-15",23674,4214112,34916,3470790,3365,317043,223,29549,62178,60995.29,8031494,0
"2021-05-16",15557,4229669,19424,3490214,2497,319540,116,29665,37594,60825.29,8069088,0
"2021-05-17",22679,4252348,29120,3519334,3254,322794,162,29827,55215,60786.71,8124303,0
"2021-05-18",24652,4277000,31887,3551221,3401,326195,220,30047,60160,59987.43,8184463,0
"2021-05-19",24228,4301228,29688,3580909,3037,329232,211,30258,57164,59275,8241627,0
"2021-05-20",24188,4325416,30062,3610971,3156,332388,247,30505,57653,57671.71,8299280,0
"2021-05-21",24706,4350122,31971,3642942,3062,335450,234,30739,59973,55705.29,8359253,0
"2021-05-22",20022,4370144,24346,3667288,2525,337975,152,30891,47045,53543.43,8406298,0
"2021-05-23",11247,4381391,13712,3681000,1411,339386,91,30982,26461,51953,8432759,0
"2021-05-24",18894,4400285,23127,3704127,2757,342143,203,31185,44981,50491,8477740,0
"2021-05-25",19449,4419734,23356,3727483,2601,344744,176,31361,45582,48408.43,8523322,0
"2021-05-26",18794,4438528,21068,3748551,2696,347440,192,31553,42750,46349.29,8566072,0
"2021-05-27",18491,4457019,21248,3769799,2528,349968,180,31733,42447,44177,8608519,0
"2021-05-28",17890,4474909,22879,3792678,2749,352717,166,31899,43684,41850,8652203,0
"2021-05-29",12708,4487617,17799,3810477,1755,354472,97,31996,32359,39752,8684562,0
"2021-05-30",7037,4494654,8948,3819425,1073,355545,39,32035,17097,38414.29,8701659,0
"2021-05-31",4748,4499402,6920,3826345,1011,356556,59,32094,12738,33808.14,8714397,0
"2021-06-01",16060,4515462,25176,3851521,2172,358728,140,32234,43548,33517.57,8757945,0
"2021-06-02",15364,4530826,20367,3871888,2094,360822,133,32367,37958,32833,8795903,0
"2021-06-03",15020,4545846,23808,3895696,2284,363106,113,32480,41225,32658.43,8837128,0
"2021-06-04",14738,4560584,25958,3921654,2491,365597,142,32622,43329,32607.71,8880457,0
"2021-06-05",11000,4571584,22061,3943715,1806,367403,114,32736,34981,32982.29,8915438,0
"2021-06-06",6453,4578037,14454,3958169,1221,368624,83,32819,22211,33712.86,8937649,0
"2021-06-07",11733,4589770,21757,3979926,2379,371003,138,32957,36007,37037,8973656,0
"2021-06-08",12678,4602448,23978,4003904,2071,373074,117,33074,38844,36365,9012500,0
"2021-06-09",11162,4613610,22987,4026891,2298,375372,130,33204,36577,36167.71,9049077,0
"2021-06-10",12101,4625711,22193,4049084,2461,377833,133,33337,36888,35548.14,9085965,0
"2021-06-11",12725,4638436,25084,4074168,2480,380313,148,33485,40437,35135,9126402,0
"2021-06-12",10181,4648617,19283,4093451,1890,382203,89,33574,31443,34629.57,9157845,0
"2021-06-13",4259,4652876,10927,4104378,1219,383422,40,33614,16445,33805.86,9174290,0
"2021-06-14",10226,4663102,19210,4123588,2044,385466,121,33735,31601,33176.43,9205891,0
"2021-06-15",11902,4675004,20989,4144577,1942,387408,115,33850,34948,32619.86,9240839,0
"2021-06-16",11604,4686608,19388,4163965,1957,389365,132,33982,33081,32120.43,9273920,0
"2021-06-17",11038,4697646,18732,4182697,1969,391334,116,34098,31855,31401.43,9305775,0
"2021-06-18",12176,4709822,18477,4201174,2114,393448,104,34202,32871,30320.57,9338646,0
"2021-06-19",8511,4718333,13516,4214690,1460,394908,71,34273,23558,29194.14,9362204,0
"2021-06-20",4338,4722671,7164,4221854,924,395832,33,34306,12459,28624.71,9374663,0
"2021-06-21",10173,4732844,9984,4231838,1805,397637,65,34371,22027,27257,9396690,0
"2021-06-22",9852,4742696,15620,4247458,1585,399222,94,34465,27151,26143.14,9423841,0
"2021-06-23",10334,4753030,15162,4262620,1861,401083,99,34564,27456,25339.57,9451297,0
"2021-06-24",9711,4762741,14676,4277296,1797,402880,113,34677,26297,24545.57,9477594,0
"2021-06-25",10610,4773351,14369,4291665,1715,404595,105,34782,26799,23678.14,9504393,0
"2021-06-26",7811,4781162,10436,4302101,1244,405839,73,34855,19564,23107.57,9523957,0
"2021-06-27",5011,4786173,5990,4308091,796,406635,33,34888,11830,23017.71,9535787,0
"2021-06-28",9048,4795221,10324,4318415,1523,408158,105,34993,21000,22871,9556787,0
"2021-06-29",9758,4804979,12300,4330715,1347,409505,118,35111,23523,22352.71,9580310,0
"2021-06-30",9424,4814403,10913,4341628,1480,410985,142,35253,21959,21567.43,9602269,0
"2021-07-01",9397,4823800,10910,4352538,1429,412414,117,35370,21853,20932.57,9624122,0
"2021-07-02",9696,4833496,11417,4363955,1537,413951,120,35490,22770,20357,9646892,0
"2021-07-03",7062,4840558,8410,4372365,1194,415145,77,35567,16743,19954,9663635,0
"2021-07-04",1291,4841849,1333,4373698,567,415712,7,35574,3198,18720.86,9666833,0
"2021-07-05",6498,4848347,7093,4380791,1208,416920,65,35639,14864,17844.29,9681697,0
"2021-07-06",9528,4857875,12828,4393619,1314,418234,112,35751,23782,17881.29,9705479,0
"2021-07-07",8685,4866560,11081,4404700,1414,419648,116,35867,21296,17786.57,9726775,0
"2021-07-08",8209,4874769,10180,4414880,1259,420907,101,35968,19749,17486,9746524,0
"2021-07-09",8381,4883150,10804,4425684,1278,422185,90,36058,20553,17169.29,9767077,0
"2021-07-10",7112,4890262,8618,4434302,1131,423316,61,36119,16922,17194.86,9783999,0
"2021-07-11",4106,4894368,4536,4438838,702,424018,32,36151,9376,18077.43,9793375,0
"2021-07-12",8456,4902824,9534,4448372,1246,425264,71,36222,19307,18712.14,9812682,0
"2021-07-13",9469,4912293,9370,4457742,950,426214,99,36321,19888,18155.86,9832570,0
"2021-07-14",9008,4921301,9513,4467255,1008,427222,101,36422,19630,17917.86,9852200,0
"2021-07-15",8799,4930100,9134,4476389,1052,428274,83,36505,19068,17820.57,9871268,0
"2021-07-16",9254,4939354,9748,4486137,978,429252,96,36601,20076,17752.43,9891344,0
"2021-07-17",6862,4946216,7368,4493505,799,430051,75,36676,15104,17492.71,9906448,0
"2021-07-18",4262,4950478,4285,4497790,569,430620,33,36709,9149,17460.29,9915597,0
"2021-07-19",9128,4959606,8452,4506242,999,431619,82,36791,18661,17368,9934258,0
"2021-07-20",10659,4970265,8741,4514983,992,432611,85,36876,20477,17452.14,9954735,0
"2021-07-21",10064,4980329,8740,4523723,906,433517,138,37014,19848,17483.29,9974583,0
"2021-07-22",10692,4991021,8556,4532279,1045,434562,140,37154,20433,17678.29,9995016,0
"2021-07-23",11240,5002261,8869,4541148,1114,435676,132,37286,21355,17861,10016371,0
"2021-07-24",7412,5009673,6726,4547874,670,436346,80,37366,14888,17830.14,10031259,0
"2021-07-25",5485,5015158,2115,4549989,509,436855,58,37424,8167,17689.86,10039426,0
"2021-07-26",10891,5026049,6973,4556962,858,437713,103,37527,18825,17713.29,10058251,0
"2021-07-27",12063,5038112,8553,4565515,857,438570,131,37658,21604,17874.29,10079855,0
"2021-07-28",11998,5050110,8034,4573549,950,439520,128,37786,21110,18054.57,10100965,0
"2021-07-29",10948,5061058,7417,4580966,982,440502,126,37912,19473,17917.43,10120438,0
"2021-07-30",14960,5076018,7997,4588963,1148,441650,173,38085,24278,18335,10144716,0
"2021-07-31",9745,5085763,6298,4595261,816,442466,114,38199,16973,18632.86,10161689,0
"2021-08-01",6510,5092273,3305,4598566,564,443030,77,38276,10456,18959.86,10172145,0
"2021-08-02",13461,5105734,7139,4605705,847,443877,142,38418,21589,19354.71,10193734,0
"2021-08-03",15427,5121161,8344,4614049,1098,444975,144,38562,25013,19841.71,10218747,0
"2021-08-04",17262,5138423,8104,4622153,1452,446427,169,38731,26987,20681.29,10245734,0
"2021-08-05",17881,5156304,7906,4630059,1365,447792,152,38883,27304,21800,10273038,0
"2021-08-06",18195,5174499,8388,4638447,1231,449023,157,39040,27971,22327.57,10301009,0
"2021-08-07",13379,5187878,5997,4644444,793,449816,96,39136,20265,22797.86,10321274,0
"2021-08-08",9323,5197201,3821,4648265,398,450214,77,39213,13619,23249.71,10334893,0
"2021-08-09",21338,5218539,8519,4656784,964,451178,166,39379,30987,24592.29,10365880,0
"2021-08-10",18937,5237476,9305,4666089,946,452124,165,39544,29353,25212.29,10395233,0
"2021-08-11",15655,5253131,8298,4674387,851,452975,116,39660,24920,24917,10420153,0
"2021-08-12",15059,5268190,8961,4683348,937,453912,162,39822,25119,24604.86,10445272,0
"2021-08-13",14938,5283128,9248,4692596,918,454830,233,40055,25337,24228.57,10470609,0
"2021-08-14",10429,5293557,6394,4698990,624,455454,517,40572,17964,23899.86,10488573,0
"2021-08-15",6703,5300260,4464,4703454,675,456129,565,41137,12407,23726.71,10500980,0
"2021-08-16",15732,5315992,9278,4712732,1148,457277,1301,42438,27459,23222.71,10528439,0
"2021-08-17",17791,5333783,10434,4723166,1217,458494,1739,44177,31181,23483.86,10559620,0
"2021-08-18",17495,5351278,10328,4733494,1253,459747,1966,46143,31042,24358.43,10590662,0
"2021-08-19",16335,5367613,9499,4742993,1316,461063,1923,48066,29073,24923.29,10619735,0
"2021-08-20",16307,5383920,11515,4754508,1253,462316,1840,49906,30915,25720.14,10650650,0
"2021-08-21",11157,5395077,8030,4762538,877,463193,1045,50951,21109,26169.43,10671759,0
"2021-08-22",4092,5399169,3900,4766438,262,463455,509,51460,8763,25648.86,10680522,0
"2021-08-23",15597,5414766,11781,4778219,1022,464477,1524,52984,29924,26001,10710446,0
"2021-08-24",16941,5431707,12584,4790803,1006,465483,1756,54740,32287,26159,10742733,0
"2021-08-25",14609,5446316,12414,4803217,1110,466593,1539,56279,29672,25963.29,10772405,0
"2021-08-26",16198,5462514,14051,4817268,1072,467665,1750,58029,33071,26534.43,10805476,0
"2021-08-27",14866,5477380,14803,4832071,969,468634,1639,59668,32277,26729,10837753,0
"2021-08-28",10720,5488100,11490,4843561,836,469470,996,60664,24042,27148,10861795,0
"2021-08-29",7229,5495329,7494,4851055,541,470011,759,61423,16023,28185.14,10877818,0
"2021-08-30",15552,5510881,16885,4867940,1075,471086,1780,63203,35292,28952,10913110,0
"2021-08-31",15563,5526444,15913,4883853,951,472037,1942,65145,34369,29249.43,10947479,0
"2021-09-01",14856,5541300,14078,4897931,1018,473055,1775,66920,31727,29543,10979206,0
"2021-09-02",14366,5555666,12502,4910433,898,473953,1671,68591,29437,29023.86,11008643,0
"2021-09-03",15024,5570690,14286,4924719,973,474926,1863,70454,32146,29005.14,11040789,0
"2021-09-04",9657,5580347,9399,4934118,687,475613,950,71404,20693,28526.71,11061482,0
"2021-09-05",6821,5587168,5505,4939623,438,476051,694,72098,13458,28160.29,11074940,0
"2021-09-06",5207,5592375,4501,4944124,358,476409,264,72362,10330,24594.29,11085270,0
"2021-09-07",15594,5607969,17670,4961794,912,477321,1522,73884,35698,24784.14,11120968,0
"2021-09-08",16216,5624185,14771,4976565,1072,478393,1736,75620,33795,25079.57,11154763,0
"2021-09-09",16142,5640327,14719,4991284,1046,479439,1883,77503,33790,25701.43,11188553,0
"2021-09-10",18401,5658728,15352,5006636,1207,480646,1943,79446,36903,26381,11225456,0
"2021-09-11",12659,5671387,10333,5016969,959,481605,1009,80455,24960,26990.57,11250416,0
"2021-09-12",8548,5679935,5043,5022012,766,482371,682,81137,15039,27216.43,11265455,0
"2021-09-13",16957,5696892,12938,5034950,970,483341,1613,82750,32478,30380.43,11297933,0
"2021-09-14",16299,5713191,13645,5048595,883,484224,1571,84321,32398,29909,11330331,0
"2021-09-15",15595,5728786,12813,5061408,731,484955,1555,85876,30694,29466,11361025,0
"2021-09-16",15379,5744165,13887,5075295,1211,486166,1419,87295,31896,29195.43,11392921,0
"2021-09-17",14481,5758646,13901,5089196,921,487087,1808,89103,31111,28368,11424032,0
"2021-09-18",10023,5768669,10162,5099358,914,488001,1034,90137,22133,27964.14,11446165,0
"2021-09-19",6193,5774862,6061,5105419,557,488558,737,90874,13548,27751.14,11459713,0
"2021-09-20",12705,5787567,12616,5118035,1067,489625,1893,92767,28281,27151.57,11487994,0
"2021-09-21",12250,5799817,12752,5130787,1111,490736,1987,94754,28100,26537.57,11516094,0
"2021-09-22",12850,5812667,11963,5142750,1087,491823,1640,96394,27540,26087,11543634,0
"2021-09-23",14946,5827613,12728,5155478,1637,493460,2214,98608,31525,26034,11575159,0
"2021-09-24",16486,5844099,13321,5168799,1630,495090,4510,103118,35947,26724.86,11611106,0
"2021-09-25",10588,5854687,9006,5177805,1017,496107,3376,106494,23987,26989.71,11635093,0
"2021-09-26",6340,5861027,5744,5183549,773,496880,2373,108867,15230,27230,11650323,0
"2021-09-27",14195,5875222,8033,5191582,1153,498033,8853,117720,32234,27794.71,11682557,0
"2021-09-28",11199,5886421,11740,5203322,901,498934,9663,127383,33503,28566.57,11716060,0
"2021-09-29",11641,5898062,12165,5215487,1199,500133,9210,136593,34215,29520.14,11750275,0
"2021-09-30",12284,5910346,12565,5228052,1340,501473,9528,146121,35717,30119,11785992,0
"2021-10-01",12679,5923025,13384,5241436,1281,502754,10115,156236,37459,30335,11823451,0
"2021-10-02",7747,5930772,9961,5251397,864,503618,4157,160393,22729,30155.29,11846180,0
"2021-10-03",5086,5935858,6148,5257545,594,504212,2563,162956,14391,30035.43,11860571,0
"2021-10-04",9949,5945807,11000,5268545,913,505125,9372,172328,31234,29892.57,11891805,0
"2021-10-05",10210,5956017,11739,5280284,972,506097,9815,182143,32736,29783,11924541,0
"2021-10-06",9950,5965967,11026,5291310,936,507033,9814,191957,31726,29427.43,11956267,0
"2021-10-07",9694,5975661,12155,5303465,851,507884,10053,202010,32753,29004,11989020,0
"2021-10-08",9490,5985151,12117,5315582,943,508827,10777,212787,33327,28413.71,12022347,0
"2021-10-09",6284,5991435,8269,5323851,649,509476,4041,216828,19243,27915.71,12041590,0
"2021-10-10",3551,5994986,5010,5328861,458,509934,2393,219221,11412,27490.14,12053002,0
"2021-10-11",7652,6002638,9326,5338187,727,510661,8806,228027,26511,26815.43,12079513,0
"2021-10-12",8099,6010737,10980,5349167,891,511552,10382,238409,30352,26474.86,12109865,0
"2021-10-13",7215,6017952,10119,5359286,869,512421,8620,247029,26823,25774.43,12136688,0
"2021-10-14",7485,6025437,11089,5370375,833,513254,9927,256956,29334,25286,12166022,0
"2021-10-15",7771,6033208,11836,5382211,821,514075,10616,267572,31044,24959.86,12197066,0
"2021-10-16",4883,6038091,7450,5389661,665,514740,3756,271328,16754,24604.29,12213820,0
"2021-10-17",3070,6041161,4470,5394131,411,515151,2401,273729,10352,24452.86,12224172,0
"2021-10-18",7102,6048263,10635,5404766,796,515947,9278,283007,27811,24638.57,12251983,0
"2021-10-19",6673,6054936,8918,5413684,805,516752,8873,291880,25269,23912.43,12277252,0
"2021-10-20",6573,6061509,9350,5423034,972,517724,9783,301663,26678,23891.71,12303930,0
"2021-10-21",7079,6068588,9335,5432369,857,518581,10581,312244,27852,23680,12331782,0
"2021-10-22",8177,6076765,10314,5442683,1022,519603,15994,328238,35507,24317.57,12367289,0
"2021-10-23",5210,6081975,6449,5449132,690,520293,9012,337250,21361,24975.71,12388650,0
"2021-10-24",3301,6085276,3951,5453083,767,521060,6076,343326,14095,25510.43,12402745,0
"2021-10-25",8859,6094135,8742,5461825,1146,522206,19041,362367,37788,26935.71,12440533,0
"2021-10-26",8254,6102389,7718,5469543,1257,523463,17118,379485,34347,28232.57,12474880,0
"2021-10-27",10654,6113043,8371,5477914,1602,525065,20536,400021,41163,30301.86,12516043,0
"2021-10-28",11414,6124457,8019,5485933,1777,526842,20580,420601,41790,32293,12557833,0
"2021-10-29",11920,6136377,8213,5494146,1958,528800,22306,442907,44397,33563,12602230,0
"2021-10-30",4677,6141054,5044,5499190,934,529734,11043,453950,21698,33611.14,12623928,0
"2021-10-31",2698,6143752,2697,5501887,544,530278,6568,460518,12507,33384.29,12636435,0
"2021-11-01",7214,6150966,6926,5508813,1079,531357,20104,480622,35323,33032.14,12671758,0
"2021-11-02",6659,6157625,6555,5515368,1051,532408,20540,501162,34805,33097.57,12706563,0
"2021-11-03",6946,6164571,6644,5522012,1026,533434,20407,521569,35023,32220.43,12741586,0
"2021-11-04",9373,6173944,6251,5528263,993,534427,22069,543638,38686,31777,12780272,0
"2021-11-05",11168,6185112,6711,5534974,1052,535479,23509,567147,42440,31497.43,12822712,0
"2021-11-06",11179,6196291,4036,5539010,592,536071,12503,579650,28310,32442,12851022,0
"2021-11-07",7281,6203572,2267,5541277,576,536647,7044,586694,17168,33107.86,12868190,0
"2021-11-08",15127,6218699,5657,5546934,865,537512,19304,605998,40953,33912.14,12909143,0
"2021-11-09",16235,6234934,5371,5552305,662,538174,20356,626354,42624,35029.14,12951767,0
"2021-11-10",17031,6251965,5306,5557611,684,538858,22387,648741,45408,36512.71,12997175,0
"2021-11-11",12662,6264627,5183,5562794,758,539616,21819,670560,40422,36760.71,13037597,0
"2021-11-12",16984,6281611,5659,5568453,709,540325,23183,693743,46535,37345.71,13084132,0
"2021-11-13",9986,6291597,3668,5572121,465,540790,13231,706974,27350,37208.57,13111482,0
"2021-11-14",6129,6297726,2290,5574411,320,541110,7861,714835,16600,37127.43,13128082,0
"2021-11-15",13323,6311049,5967,5580378,688,541798,24889,739724,44867,37686.57,13172949,0
"2021-11-16",10208,6321257,5780,5586158,651,542449,30295,770019,46934,38302.29,13219883,0
"2021-11-17",10617,6331874,6667,5592825,688,543137,30859,800878,48831,38791.29,13268714,0
"2021-11-18",11059,6342933,6515,5599340,865,544002,32494,833372,50933,40292.86,13319647,0
"2021-11-19",12357,6355290,6530,5605870,718,544720,35764,869136,55369,41554.86,13375016,0
"2021-11-20",9550,6364840,3416,5609286,513,545233,22187,891323,35666,42742.86,13410682,0
"2021-11-21",5090,6369930,1883,5611169,289,545522,12956,904279,20218,43259.71,13430900,0
"2021-11-22",10734,6380664,5770,5616939,753,546275,35350,939629,52607,44365.43,13483507,0
"2021-11-23",9990,6390654,4776,5621715,640,546915,33098,972727,48504,44589.71,13532011,0
"2021-11-24",8841,6399495,4749,5626464,651,547566,25680,998407,39921,43316.86,13571932,0
"2021-11-25",458,6399953,325,5626789,79,547645,971,999378,1833,36302.57,13573765,0
"2021-11-26",8355,6408308,6954,5633743,530,548175,26097,1025475,41936,34383.57,13615701,0
"2021-11-27",6872,6415180,6798,5640541,377,548552,18475,1043950,32522,33934.43,13648223,0
"2021-11-28",4226,6419406,5722,5646263,286,548838,11559,1055509,21793,34159.43,13670016,0
"2021-11-29",9535,6428941,10934,5657197,689,549527,34289,1089798,55447,34565.14,13725463,0
"2021-11-30",10759,6439700,11375,5668572,515,550042,37061,1126859,59710,36166,13785173,0
"2021-12-01",11438,6451138,10895,5679467,714,550756,39767,1166626,62814,39436.43,13847987,0
"2021-12-02",12000,6463138,10969,5690436,623,551379,41261,1207887,64853,48439.29,13912840,0
"2021-12-03",14096,6477234,12773,5703209,682,552061,46954,1254841,74505,53092,13987345,0
"2021-12-04",10171,6487405,11153,5714362,571,552632,30100,1284941,51995,55873.86,14039340,0
"2021-12-05",5810,6493215,5764,5720126,269,552901,16438,1301379,28281,56800.71,14067621,0
"2021-12-06",12844,6506059,9882,5730008,607,553508,42408,1343787,65741,58271.29,14133362,0
"2021-12-07",13158,6519217,9167,5739175,633,554141,42130,1385917,65088,59039.57,14198450,0
"2021-12-08",14073,6533290,8663,5747838,557,554698,39771,1425688,63064,59075.29,14261514,0
"2021-12-09",14045,6547335,8691,5756529,556,555254,39905,1465593,63197,58838.71,14324711,0
"2021-12-10",14558,6561893,10041,5766570,663,555917,42657,1508250,67919,57897.86,14392630,0
"2021-12-11",10503,6572396,8006,5774576,405,556322,26366,1534616,45280,56938.57,14437910,0
"2021-12-12",6110,6578506,3836,5778412,287,556609,14984,1549600,25217,56500.86,14463127,0
"2021-12-13",12419,6590925,7376,5785788,654,557263,37381,1586981,57830,55370.71,14520957,0
"2021-12-14",12545,6603470,6887,5792675,738,558001,37432,1624413,57602,54301.29,14578559,0
"2021-12-15",12653,6616123,6196,5798871,757,558758,37136,1661549,56742,53398.14,14635301,0
"2021-12-16",13647,6629770,4200,5803071,738,559496,39926,1701475,58511,52728.71,14693812,0
"2021-12-17",16551,6646321,6846,5809917,621,560117,45490,1746965,69508,52955.71,14763320,0
"2021-12-18",13310,6659631,5671,5815588,425,560542,29933,1776898,49339,53535.57,14812659,0
"2021-12-19",7171,6666802,2972,5818560,331,560873,17609,1794507,28083,53945,14840742,0
"2021-12-20",17432,6684234,5811,5824371,744,561617,45987,1840494,69974,55679.86,14910716,0
"2021-12-21",18499,6702733,6434,5830805,796,562413,47398,1887892,73127,57897.71,14983843,0
"2021-12-22",19068,6721801,6476,5837281,919,563332,48106,1935998,74569,60444.43,15058412,0
"2021-12-23",19397,6741198,6426,5843707,914,564246,44641,1980639,71378,62282.57,15129790,0
"2021-12-24",9379,6750577,2914,5846621,586,564832,20112,2000751,32991,57065.86,15162781,0
"2021-12-25",322,6750899,63,5846684,31,564863,411,2001162,827,50135.57,15163608,0
"2021-12-26",8189,6759088,3844,5850528,336,565199,16969,2018131,29338,50314.86,15192946,0
"2021-12-27",21640,6780728,9104,5859632,925,566124,42803,2060934,74472,50957.43,15267418,0
"2021-12-28",19875,6800603,8213,5867845,683,566807,46734,2107668,75505,51297.14,15342923,0
"2021-12-29",18274,6818877,7462,5875307,592,567399,44657,2152325,70985,50785.14,15413908,0
"2021-12-30",16755,6835632,7322,5882629,574,567973,44136,2196461,68787,50415,15482695,0
"2021-12-31",5209,6840841,2746,5885375,191,568164,14468,2210929,22614,48932.57,15505309,0
"2022-01-01",226,6841067,127,5885502,11,568175,482,2211411,846,48935.29,15506155,0
"2022-01-02",6437,6847504,4986,5890488,152,568327,10885,2222296,22460,47952.71,15528615,0
"2022-01-03",14063,6861567,8354,5898842,508,568835,26313,2248609,49238,44347.86,15577853,0
"2022-01-04",13091,6874658,7972,5906814,388,569223,26425,2275034,47876,40400.86,15625729,0
"2022-01-05",11798,6886456,6825,5913639,378,569601,24963,2299997,43964,36540.71,15669693,0
"2022-01-06",11800,6898256,7231,5920870,467,570068,26677,2326674,46175,33310.43,15715868,0
"2022-01-07",10575,6908831,8257,5929127,331,570399,24206,2350880,43369,36275.43,15759237,0
"2022-01-08",7972,6916803,8441,5937568,311,570710,19032,2369912,35756,41262.57,15794993,0
"2022-01-09",4279,6921082,3786,5941354,213,570923,9792,2379704,18070,40635.43,15813063,0
"2022-01-10",10377,6931459,8016,5949370,476,571399,23803,2403507,42672,39697.43,15855735,0
"2022-01-11",9031,6940490,7797,5957167,508,571907,20282,2423789,37618,38232,15893353,0
"2022-01-12",8984,6949474,8072,5965239,396,572303,21469,2445258,38921,37511.57,15932274,0
"2022-01-13",9046,6958520,8524,5973763,440,572743,21914,2467172,39924,36618.57,15972198,0
"2022-01-14",9940,6968460,7789,5981552,436,573179,25084,2492256,43249,36601.43,16015447,120000
"2022-01-15",6106,6974566,4145,5985697,146,573325,14226,2506482,24623,35011,16040070,120000
"2022-01-16",2988,6977554,3163,5988860,90,573415,7465,2513947,13706,34387.57,16053776,120000
"2022-01-17",6043,6983597,6335,5995195,341,573756,13644,2527591,26363,32057.71,16080139,120000
"2022-01-18",8049,6991646,9568,6004763,365,574121,18206,2545797,36188,31853.43,16116327,120000
"2022-01-19",7211,6998857,8426,6013189,269,574390,15695,2561492,31601,30807.71,16147928,120000
"2022-01-20",1879,7000736,2912,6016101,98,574488,4504,2565996,9393,26446.14,16157321,120000
