"DATE","ADMIN_DOSE1_DAILY","ADMIN_DOSE1_CUMULATIVE","ADMIN_DOSE2_DAILY","ADMIN_DOSE2_CUMULATIVE","ADMIN_SINGLE_DAILY","ADMIN_SINGLE_CUMULATIVE","ADMIN_ADDITIONAL1_DAILY","ADMIN_ADDITIONAL1_CUMULATIVE","ADMIN_ADDITIONAL2_DAILY","ADMIN_ADDITIONAL2_CUMULATIVE","ADMIN_ADDITIONAL_DAILY","ADMIN_ADDITIONAL_CUMULATIVE","ADMIN_ALLDOSES_DAILY","ADMIN_ALLDOSES_7DAYAVG","ADMIN_ALLDOSES_CUMULATIVE","INCOMPLETE"
"2020-12-14",79,79,0,0,0,0,0,0,0,0,0,0,79,,79,0
"2020-12-15",2051,2130,6,6,4,4,0,0,0,0,0,0,2061,,2140,0
"2020-12-16",4604,6734,14,20,1,5,1,1,0,0,1,1,4620,,6760,0
"2020-12-17",4657,11391,17,37,0,5,1,2,0,0,1,2,4675,,11435,0
"2020-12-18",5833,17224,18,55,2,7,2,4,0,0,2,4,5855,,17290,0
"2020-12-19",1689,18913,7,62,3,10,0,4,0,0,0,4,1699,,18989,0
"2020-12-20",1116,20029,2,64,1,11,0,4,0,0,0,4,1119,2872.57,20108,0
"2020-12-21",6340,26369,19,83,0,11,5,9,0,0,5,9,6364,3770.43,26472,0
"2020-12-22",9795,36164,26,109,2,13,1,10,0,0,1,10,9824,4879.43,36296,0
"2020-12-23",14277,50441,34,143,3,16,1,11,0,0,1,11,14315,6264.43,50611,0
"2020-12-24",7200,57641,24,167,1,17,0,11,0,0,0,11,7225,6628.71,57836,0
"2020-12-25",180,57821,0,167,0,17,1,12,0,0,1,12,181,5818.14,58017,0
"2020-12-26",4387,62208,44,211,0,17,1,13,0,0,1,13,4432,6208.57,62449,0
"2020-12-27",3869,66077,14,225,0,17,1,14,0,0,1,14,3884,6603.57,66333,0
"2020-12-28",10995,77072,49,274,1,18,2,16,0,0,2,16,11047,7272.57,77380,0
"2020-12-29",10718,87790,34,308,2,20,2,18,0,0,2,18,10756,7405.71,88136,0
"2020-12-30",12826,100616,44,352,0,20,0,18,0,0,0,18,12870,7199.29,101006,0
"2020-12-31",7260,107876,34,386,1,21,0,18,0,0,0,18,7295,7209.29,108301,0
"2021-01-01",181,108057,2,388,1,22,3,21,0,0,3,21,187,7210.14,108488,0
"2021-01-02",3809,111866,10,398,2,24,2,23,0,0,2,23,3823,7123.14,112311,0
"2021-01-03",3541,115407,24,422,2,26,1,24,0,0,1,24,3568,7078,115879,0
"2021-01-04",12255,127662,806,1228,2,28,6,30,0,0,6,30,13069,7366.86,128948,0
"2021-01-05",14088,141750,2192,3420,2,30,12,42,1,1,13,43,16295,8158.14,145243,0
"2021-01-06",17802,159552,3926,7346,1,31,29,71,7,8,36,79,21765,9428.86,167008,0
"2021-01-07",16552,176104,5171,12517,4,35,44,115,3,11,47,126,21774,11497.29,188782,0
"2021-01-08",16620,192724,5455,17972,0,35,33,148,4,15,37,163,22112,14629.43,210894,0
"2021-01-09",7652,200376,1462,19434,1,36,7,155,2,17,9,172,9124,15386.71,220018,0
"2021-01-10",7881,208257,983,20417,0,36,10,165,0,17,10,182,8874,16144.71,228892,0
"2021-01-11",25826,234083,7454,27871,2,38,48,213,8,25,56,238,33338,19040.29,262230,0
"2021-01-12",28263,262346,7858,35729,1,39,44,257,2,27,46,284,36168,21879.29,298398,0
"2021-01-13",31723,294069,9389,45118,1,40,55,312,4,31,59,343,41172,24651.71,339570,0
"2021-01-14",35815,329884,5318,50436,1,41,28,340,7,38,35,378,41169,27422.43,380739,0
"2021-01-15",29265,359149,3704,54140,2,43,32,372,5,43,37,415,33008,28979,413747,0
"2021-01-16",30290,389439,2380,56520,0,43,25,397,5,48,30,445,32700,32347,446447,0
"2021-01-17",23750,413189,1625,58145,0,43,18,415,1,49,19,464,25394,34707,471841,0
"2021-01-18",27107,440296,2411,60556,1,44,34,449,7,56,41,505,29560,34167.29,501401,0
"2021-01-19",34295,474591,9627,70183,1,45,70,519,5,61,75,580,43998,35285.86,545399,0
"2021-01-20",34870,509461,9494,79677,1,46,59,578,4,65,63,643,44428,35751,589827,0
"2021-01-21",25594,535055,8090,87767,2,48,50,628,5,70,55,698,33741,34689.86,623568,0
"2021-01-22",24755,559810,4381,92148,1,49,32,660,7,77,39,737,29176,34142.43,652744,0
"2021-01-23",15745,575555,3222,95370,0,49,9,669,2,79,11,748,18978,32182.14,671722,0
"2021-01-24",7176,582731,3453,98823,0,49,19,688,1,80,20,768,10649,30075.71,682371,0
"2021-01-25",13412,596143,11820,110643,0,49,66,754,11,91,77,845,25309,29468.43,707680,0
"2021-01-26",16766,612909,10752,121395,0,49,67,821,2,93,69,914,27587,27124,735267,0
"2021-01-27",20836,633745,12355,133750,0,49,51,872,8,101,59,973,33250,25527.14,768517,0
"2021-01-28",30764,664509,12848,146598,0,49,82,954,15,116,97,1070,43709,26951.14,812226,0
"2021-01-29",31695,696204,11504,158102,0,49,77,1031,10,126,87,1157,43286,28966.86,855512,0
"2021-01-30",18709,714913,3741,161843,0,49,20,1051,2,128,22,1179,22472,29466,877984,0
"2021-01-31",13021,727934,2920,164763,1,50,28,1079,4,132,32,1211,15974,30226.71,893958,0
"2021-02-01",1180,729114,5369,170132,4,54,35,1114,4,136,39,1250,6592,27552.86,900550,0
"2021-02-02",2827,731941,9476,179608,2,56,46,1160,4,140,50,1300,12355,25376.86,912905,0
"2021-02-03",16349,748290,21245,200853,4,60,201,1361,19,159,220,1520,37818,26029.43,950723,0
"2021-02-04",27048,775338,19650,220503,3,63,199,1560,10,169,209,1729,46910,26486.71,997633,0
"2021-02-05",27601,802939,20035,240538,0,63,179,1739,15,184,194,1923,47830,27135.86,1045463,0
"2021-02-06",22992,825931,11245,251783,0,63,110,1849,12,196,122,2045,34359,28834,1079822,0
"2021-02-07",12043,837974,8282,260065,1,64,91,1940,13,209,104,2149,20430,29470.57,1100252,0
"2021-02-08",16965,854939,23516,283581,2,66,231,2171,33,242,264,2413,40747,34349.86,1140999,0
"2021-02-09",17191,872130,28111,311692,2,68,333,2504,41,283,374,2787,45678,39110.29,1186677,0
"2021-02-10",19592,891722,29310,341002,2,70,259,2763,50,333,309,3096,49213,40738.14,1235890,0
"2021-02-11",27846,919568,33473,374475,2,72,339,3102,57,390,396,3492,61717,42853.43,1297607,0
"2021-02-12",38395,957963,30796,405271,3,75,354,3456,38,428,392,3884,69586,45961.43,1367193,0
"2021-02-13",28010,985973,25310,430581,2,77,309,3765,50,478,359,4243,53681,48721.71,1420874,0
"2021-02-14",16282,1002255,23731,454312,0,77,260,4025,31,509,291,4534,40304,51560.86,1461178,0
"2021-02-15",12795,1015050,10527,464839,2,79,169,4194,24,533,193,4727,23517,49099.43,1484695,0
"2021-02-16",14241,1029291,26733,491572,0,79,320,4514,35,568,355,5082,41329,48478.14,1526024,0
"2021-02-17",16393,1045684,22196,513768,1,80,281,4795,37,605,318,5400,38908,47006,1564932,0
"2021-02-18",12153,1057837,24994,538762,21,101,285,5080,43,648,328,5728,37496,43545.86,1602428,0
"2021-02-19",13264,1071101,23934,562696,39,140,302,5382,44,692,346,6074,37583,38974,1640011,0
"2021-02-20",11352,1082453,26076,588772,6,146,324,5706,78,770,402,6476,37836,36710.43,1677847,0
"2021-02-21",6362,1088815,17422,606194,15,161,284,5990,42,812,326,6802,24125,34399.14,1701972,0
"2021-02-22",13043,1101858,11848,618042,2,163,125,6115,19,831,144,6946,25037,34616.29,1727009,0
"2021-02-23",25245,1127103,14146,632188,1,164,159,6274,34,865,193,7139,39585,34367.14,1766594,0
"2021-02-24",36364,1163467,20391,652579,0,164,224,6498,37,902,261,7400,57016,36954,1823610,0
"2021-02-25",54617,1218084,30392,682971,6,170,394,6892,64,966,458,7858,85473,43807.86,1909083,0
"2021-02-26",62874,1280958,31870,714841,4,174,407,7299,77,1043,484,8342,95232,52043.43,2004315,0
"2021-02-27",51295,1332253,22754,737595,47,221,331,7630,51,1094,382,8724,74478,57278,2078793,0
"2021-02-28",44597,1376850,13822,751417,7,228,204,7834,33,1127,237,8961,58663,62212,2137456,0
"2021-03-01",39320,1416170,12779,764196,10,238,164,7998,25,1152,189,9150,52298,66106.43,2189754,0
"2021-03-02",47082,1463252,12578,776774,7,245,159,8157,14,1166,173,9323,59840,69000,2249594,0
"2021-03-03",48607,1511859,16156,792930,17,262,145,8302,21,1187,166,9489,64946,70132.86,2314540,0
"2021-03-04",59819,1571678,22822,815752,1092,1354,270,8572,34,1221,304,9793,84037,69927.71,2398577,0
"2021-03-05",60990,1632668,24282,840034,3109,4463,329,8901,33,1254,362,10155,88743,69000.71,2487320,0
"2021-03-06",47179,1679847,18886,858920,5451,9914,235,9136,35,1289,270,10425,71786,68616.14,2559106,0
"2021-03-07",36046,1715893,14877,873797,6245,16159,230,9366,20,1309,250,10675,57418,68438.29,2616524,0
"2021-03-08",39628,1755521,14677,888474,8564,24723,313,9679,91,1400,404,11079,63273,70006.14,2679797,0
"2021-03-09",39108,1794629,12852,901326,7764,32487,177,9856,33,1433,210,11289,59934,70019.57,2739731,0
"2021-03-10",51832,1846461,15340,916666,5067,37554,229,10085,31,1464,260,11549,72499,71098.57,2812230,0
"2021-03-11",59992,1906453,21813,938479,4619,42173,250,10335,49,1513,299,11848,86723,71482.29,2898953,0
"2021-03-12",52205,1958658,30311,968790,4183,46356,371,10706,81,1594,452,12300,87151,71254.86,2986104,0
"2021-03-13",40653,1999311,26684,995474,5109,51465,324,11030,51,1645,375,12675,72821,71402.71,3058925,0
"2021-03-14",30717,2030028,15967,1011441,4527,55992,240,11270,27,1672,267,12942,51478,70554.14,3110403,0
"2021-03-15",33590,2063618,17253,1028694,4717,60709,233,11503,33,1705,266,13208,55826,69490.29,3166229,0
"2021-03-16",38679,2102297,20503,1049197,4925,65634,256,11759,35,1740,291,13499,64398,70128,3230627,0
"2021-03-17",42619,2144916,24793,1073990,4247,69881,337,12096,36,1776,373,13872,72032,70061.29,3302659,0
"2021-03-18",50454,2195370,26801,1100791,5238,75119,365,12461,61,1837,426,14298,82919,69517.86,3385578,0
"2021-03-19",47795,2243165,29956,1130747,5624,80743,390,12851,70,1907,460,14758,83835,69044.14,3469413,0
"2021-03-20",38713,2281878,25832,1156579,4687,85430,297,13148,60,1967,357,15115,69589,68582.43,3539002,0
"2021-03-21",29301,2311179,19361,1175940,769,86199,220,13368,42,2009,262,15377,49693,68327.43,3588695,0
"2021-03-22",33871,2345050,26734,1202674,4037,90236,260,13628,37,2046,297,15674,64939,69629.29,3653634,0
"2021-03-23",38436,2383486,32840,1235514,4219,94455,292,13920,55,2101,347,16021,75842,71264.14,3729476,0
"2021-03-24",41496,2424982,37603,1273117,4848,99303,327,14247,62,2163,389,16410,84336,73021.86,3813812,0
"2021-03-25",43416,2468398,50785,1323902,5054,104357,470,14717,85,2248,555,16965,99810,75434.86,3913622,0
"2021-03-26",38508,2506906,55509,1379411,4310,108667,523,15240,96,2344,619,17584,98946,77593.57,4012568,0
"2021-03-27",35737,2542643,45752,1425163,2938,111605,413,15653,82,2426,495,18079,84922,79784,4097490,0
"2021-03-28",26392,2569035,34458,1459621,1482,113087,330,15983,63,2489,393,18472,62725,81645.71,4160215,0
"2021-03-29",34820,2603855,38866,1498487,3247,116334,340,16323,110,2599,450,18922,77383,83423.43,4237598,0
"2021-03-30",40513,2644368,41924,1540411,3714,120048,335,16658,66,2665,401,19323,86552,84953.43,4324150,0
"2021-03-31",49399,2693767,44863,1585274,7442,127490,396,17054,85,2750,481,19804,102185,87503.29,4426335,0
"2021-04-01",50785,2744552,53947,1639221,11275,138765,500,17554,81,2831,581,20385,116588,89900.14,4542923,0
"2021-04-02",43762,2788314,53884,1693105,11971,150736,546,18100,70,2901,616,21001,110233,91512.57,4653156,0
"2021-04-03",39256,2827570,39215,1732320,9860,160596,333,18433,58,2959,391,21392,88722,92055.43,4741878,0
"2021-04-04",26560,2854130,24780,1757100,3902,164498,223,18656,49,3008,272,21664,55514,91025.29,4797392,0
"2021-04-05",41891,2896021,34485,1791585,11195,175693,369,19025,60,3068,429,22093,88000,92542,4885392,0
"2021-04-06",53271,2949292,35618,1827203,13220,188913,426,19451,71,3139,497,22590,102606,94835.43,4987998,0
"2021-04-07",55514,3004806,40694,1867897,14392,203305,393,19844,78,3217,471,23061,111071,96104.86,5099069,0
"2021-04-08",59266,3064072,46590,1914487,16343,219648,515,20359,79,3296,594,23655,122793,96991.29,5221862,0
"2021-04-09",56648,3120720,44962,1959449,17552,237200,513,20872,77,3373,590,24245,119752,98351.14,5341614,0
"2021-04-10",49350,3170070,35644,1995093,12729,249929,387,21259,60,3433,447,24692,98170,99700.86,5439784,0
"2021-04-11",38185,3208255,28820,2023913,7682,257611,294,21553,56,3489,350,25042,75037,102489.86,5514821,0
"2021-04-12",46641,3254896,31850,2055763,13499,271110,463,22016,63,3552,526,25568,92516,103135,5607337,0
"2021-04-13",52544,3307440,33794,2089557,368,271478,393,22409,59,3611,452,26020,87158,100928.14,5694495,0
"2021-04-14",50150,3357590,39958,2129515,20,271498,367,22776,69,3680,436,26456,90564,97998.57,5785059,0
"2021-04-15",52129,3409719,43678,2173193,16,271514,452,23228,103,3783,555,27011,96378,94225,5881437,0
"2021-04-16",51187,3460906,42219,2215412,32,271546,419,23647,65,3848,484,27495,93922,90535,5975359,0
"2021-04-17",43843,3504749,35691,2251103,3,271549,363,24010,82,3930,445,27940,79982,87936.71,6055341,0
"2021-04-18",28609,3533358,29374,2280477,7,271556,249,24259,61,3991,310,28250,58300,85545.71,6113641,0
"2021-04-19",37474,3570832,36450,2316927,22,271578,322,24581,61,4052,383,28633,74329,82947.57,6187970,0
"2021-04-20",40811,3611643,39626,2356553,19,271597,313,24894,76,4128,389,29022,80845,82045.71,6268815,0
"2021-04-21",38904,3650547,46015,2402568,16,271613,493,25387,95,4223,588,29610,85523,81325.57,6354338,0
"2021-04-22",38498,3689045,48963,2451531,9,271622,336,25723,73,4296,409,30019,87879,80111.43,6442217,0
"2021-04-23",39701,3728746,44385,2495916,4,271626,343,26066,69,4365,412,30431,84502,78765.71,6526719,0
"2021-04-24",31952,3760698,41603,2537519,44,271670,276,26342,58,4423,334,30765,73933,77901.57,6600652,0
"2021-04-25",18423,3779121,31230,2568749,86,271756,192,26534,55,4478,247,31012,49986,76713.86,6650638,0
"2021-04-26",26973,3806094,40739,2609488,1013,272769,281,26815,82,4560,363,31375,69088,75965.14,6719726,0
"2021-04-27",28576,3834670,47142,2656630,1697,274466,348,27163,92,4652,440,31815,77855,75538,6797581,0
"2021-04-28",27038,3861708,56842,2713472,2148,276614,427,27590,98,4750,525,32340,86553,75685.14,6884134,0
"2021-04-29",28612,3890320,57204,2770676,2148,278762,363,27953,98,4848,461,32801,88425,75763.14,6972559,0
"2021-04-30",30126,3920446,51987,2822663,2056,280818,280,28233,72,4920,352,33153,84521,75765.86,7057080,0
"2021-05-01",22481,3942927,44547,2867210,1177,281995,226,28459,63,4983,289,33442,68494,74988.86,7125574,0
"2021-05-02",11926,3954853,36656,2903866,1080,283075,138,28597,55,5038,193,33635,49855,74970.14,7175429,0
"2021-05-03",18029,3972882,53027,2956893,2383,285458,255,28852,89,5127,344,33979,73783,75640.86,7249212,0
"2021-05-04",22739,3995621,56647,3013540,2330,287788,265,29117,113,5240,378,34357,82094,76246.43,7331306,0
"2021-05-05",21481,4017102,48799,3062339,2313,290101,310,29427,98,5338,408,34765,73001,74310.43,7404307,0
"2021-05-06",20683,4037785,50181,3112520,2507,292608,269,29696,83,5421,352,35117,73723,72210.14,7478030,0
"2021-05-07",21257,4059042,52099,3164619,2813,295421,306,30002,70,5491,376,35493,76545,71070.71,7554575,0
"2021-05-08",16633,4075675,41867,3206486,1835,297256,228,30230,69,5560,297,35790,60632,69947.57,7615207,0
"2021-05-09",7977,4083652,29411,3235897,1260,298516,149,30379,56,5616,205,35995,38853,68375.86,7654060,0
"2021-05-10",14391,4098043,38541,3274438,2355,300871,231,30610,87,5703,318,36313,55605,65779,7709665,0
"2021-05-11",19913,4117956,43059,3317497,2514,303385,280,30890,83,5786,363,36676,65849,63458.29,7775514,0
"2021-05-12",17812,4135768,40536,3358033,3595,306980,232,31122,76,5862,308,36984,62251,61922.57,7837765,0
"2021-05-13",24975,4160743,40431,3398464,3230,310210,261,31383,74,5936,335,37319,68971,61243.71,7906736,0
"2021-05-14",27035,4187778,42914,3441378,3537,313747,281,31664,93,6029,374,37693,73860,60860.14,7980596,0
"2021-05-15",23652,4211430,34914,3476292,3366,317113,250,31914,75,6104,325,38018,62257,61092.29,8042853,0
"2021-05-16",15529,4226959,19445,3495737,2497,319610,125,32039,45,6149,170,38188,37641,60919.14,8080494,0
"2021-05-17",22673,4249632,29140,3524877,3257,322867,177,32216,67,6216,244,38432,55314,60877.57,8135808,0
"2021-05-18",24635,4274267,31911,3556788,3404,326271,236,32452,70,6286,306,38738,60256,60078.57,8196064,0
"2021-05-19",24196,4298463,29718,3586506,3039,329310,221,32673,46,6332,267,39005,57220,59359.86,8253284,0
"2021-05-20",24154,4322617,30086,3616592,3162,332472,270,32943,100,6432,370,39375,57772,57760,8311056,0
"2021-05-21",24686,4347303,32004,3648596,3060,335532,252,33195,60,6492,312,39687,60062,55788.86,8371118,0
"2021-05-22",20023,4367326,24360,3672956,2525,338057,162,33357,48,6540,210,39897,47118,53626.14,8418236,0
"2021-05-23",11235,4378561,13732,3686688,1411,339468,93,33450,32,6572,125,40022,26503,52035,8444739,0
"2021-05-24",18879,4397440,23156,3709844,2756,342224,214,33664,53,6625,267,40289,45058,50569.86,8489797,0
"2021-05-25",19434,4416874,23379,3733223,2601,344825,177,33841,70,6695,247,40536,45661,48484.86,8535458,0
"2021-05-26",18786,4435660,21089,3754312,2696,347521,199,34040,52,6747,251,40787,42822,46428,8578280,0
"2021-05-27",18473,4454133,21274,3775586,2529,350050,189,34229,63,6810,252,41039,42528,44250.29,8620808,0
"2021-05-28",17864,4471997,22888,3798474,2751,352801,186,34415,53,6863,239,41278,43742,41918.86,8664550,0
"2021-05-29",12710,4484707,17808,3816282,1755,354556,106,34521,39,6902,145,41423,32418,39818.86,8696968,0
"2021-05-30",7032,4491739,8949,3825231,1074,355630,47,34568,17,6919,64,41487,17119,38478.29,8714087,0
"2021-05-31",4743,4496482,6924,3832155,1012,356642,64,34632,17,6936,81,41568,12760,33864.29,8726847,0
"2021-06-01",16047,4512529,25197,3857352,2176,358818,152,34784,40,6976,192,41760,43612,33571.57,8770459,0
"2021-06-02",15354,4527883,20390,3877742,2094,360912,139,34923,46,7022,185,41945,38023,32886,8808482,0
"2021-06-03",15008,4542891,23819,3901561,2280,363192,128,35051,45,7067,173,42118,41280,32707.71,8849762,0
"2021-06-04",14727,4557618,25998,3927559,2492,365684,141,35192,39,7106,180,42298,43397,32658.43,8893159,0
"2021-06-05",10992,4568610,22090,3949649,1806,367490,113,35305,30,7136,143,42441,35031,33031.71,8928190,0
"2021-06-06",6444,4575054,14484,3964133,1222,368712,86,35391,13,7149,99,42540,22249,33764.57,8950439,0
"2021-06-07",11708,4586762,21782,3985915,2379,371091,139,35530,36,7185,175,42715,36044,37090.86,8986483,0
"2021-06-08",12642,4599404,24018,4009933,2072,373163,118,35648,45,7230,163,42878,38895,36417,9025378,0
"2021-06-09",11139,4610543,23029,4032962,2299,375462,133,35781,39,7269,172,43050,36639,36219.29,9062017,0
"2021-06-10",12069,4622612,22234,4055196,2462,377924,141,35922,57,7326,198,43248,36963,35602.57,9098980,0
"2021-06-11",12709,4635321,25121,4080317,2484,380408,153,36075,59,7385,212,43460,40526,35192.43,9139506,0
"2021-06-12",10167,4645488,19310,4099627,1888,382296,94,36169,40,7425,134,43594,31499,34687.86,9171005,0
"2021-06-13",4257,4649745,10936,4110563,1219,383515,42,36211,21,7446,63,43657,16475,33863,9187480,0
"2021-06-14",10209,4659954,19239,4129802,2042,385557,131,36342,51,7497,182,43839,31672,33238.43,9219152,0
"2021-06-15",11886,4671840,21011,4150813,1943,387500,132,36474,41,7538,173,44012,35013,32683.86,9254165,0
"2021-06-16",11589,4683429,19411,4170224,1956,389456,140,36614,66,7604,206,44218,33162,32187.14,9287327,0
"2021-06-17",11025,4694454,18764,4188988,1972,391428,121,36735,34,7638,155,44373,31916,31466.14,9319243,0
"2021-06-18",12167,4706621,18502,4207490,2116,393544,112,36847,35,7673,147,44520,32932,30381.29,9352175,0
"2021-06-19",8499,4715120,13521,4221011,1459,395003,82,36929,20,7693,102,44622,23581,29250.14,9375756,0
"2021-06-20",4335,4719455,7158,4228169,924,395927,36,36965,17,7710,53,44675,12470,28678,9388226,0
"2021-06-21",10164,4729619,10008,4238177,1806,397733,68,37033,27,7737,95,44770,22073,27306.71,9410299,0
"2021-06-22",9836,4739455,15641,4253818,1589,399322,105,37138,27,7764,132,44902,27198,26190.29,9437497,0
"2021-06-23",10313,4749768,15187,4269005,1860,401182,102,37240,29,7793,131,45033,27491,25380.14,9464988,0
"2021-06-24",9690,4759458,14698,4283703,1799,402981,118,37358,26,7819,144,45177,26331,24582.29,9491319,0
"2021-06-25",10591,4770049,14387,4298090,1719,404700,110,37468,37,7856,147,45324,26844,23712.57,9518163,0
"2021-06-26",7803,4777852,10465,4308555,1247,405947,74,37542,23,7879,97,45421,19612,23145.57,9537775,0
"2021-06-27",5001,4782853,6001,4314556,795,406742,33,37575,14,7893,47,45468,11844,23056.14,9549619,0
"2021-06-28",9032,4791885,10345,4324901,1524,408266,107,37682,26,7919,133,45601,21034,22907.71,9570653,0
"2021-06-29",9750,4801635,12319,4337220,1347,409613,122,37804,28,7947,150,45751,23566,22388.86,9594219,0
"2021-06-30",9431,4811066,10926,4348146,1481,411094,148,37952,16,7963,164,45915,22002,21604.71,9616221,0
"2021-07-01",9398,4820464,10929,4359075,1431,412525,126,38078,24,7987,150,46065,21908,20972.86,9638129,0
"2021-07-02",9694,4830158,11448,4370523,1541,414066,120,38198,23,8010,143,46208,22826,20398.86,9660955,0
"2021-07-03",7057,4837215,8424,4378947,1193,415259,75,38273,16,8026,91,46299,16765,19992.14,9677720,0
"2021-07-04",1288,4838503,1336,4380283,567,415826,8,38281,3,8029,11,46310,3202,18757.57,9680922,0
"2021-07-05",6495,4844998,7105,4387388,1208,417034,64,38345,20,8049,84,46394,14892,17880.14,9695814,0
"2021-07-06",9511,4854509,12853,4400241,1316,418350,115,38460,35,8084,150,46544,23830,17917.86,9719644,0
"2021-07-07",8671,4863180,11107,4411348,1419,419769,120,38580,19,8103,139,46683,21336,17822.71,9740980,0
"2021-07-08",8208,4871388,10192,4421540,1260,421029,107,38687,21,8124,128,46811,19788,17519.86,9760768,0
"2021-07-09",8376,4879764,10833,4432373,1278,422307,90,38777,17,8141,107,46918,20594,17201,9781362,0
"2021-07-10",7107,4886871,8629,4441002,1132,423439,62,38839,20,8161,82,47000,16950,17227.43,9798312,0
"2021-07-11",4105,4890976,4539,4445541,703,424142,34,38873,6,8167,40,47040,9387,18111,9807699,0
"2021-07-12",8454,4899430,9554,4455095,1250,425392,82,38955,21,8188,103,47143,19361,18749.43,9827060,0
"2021-07-13",9463,4908893,9390,4464485,951,426343,105,39060,33,8221,138,47281,19942,18194,9847002,0
"2021-07-14",9000,4917893,9532,4474017,1009,427352,104,39164,19,8240,123,47404,19664,17955.14,9866666,0
"2021-07-15",8791,4926684,9154,4483171,1051,428403,81,39245,17,8257,98,47502,19094,17856,9885760,0
"2021-07-16",9243,4935927,9760,4492931,978,429381,102,39347,31,8288,133,47635,20114,17787.43,9905874,0
"2021-07-17",6844,4942771,7386,4500317,802,430183,79,39426,19,8307,98,47733,15130,17527.43,9921004,0
"2021-07-18",4257,4947028,4282,4504599,569,430752,35,39461,14,8321,49,47782,9157,17494.57,9930161,0
"2021-07-19",9123,4956151,8471,4513070,999,431751,90,39551,20,8341,110,47892,18703,17400.57,9948864,0
"2021-07-20",10650,4966801,8760,4521830,991,432742,92,39643,24,8365,116,48008,20517,17482.71,9969381,0
"2021-07-21",10052,4976853,8762,4530592,903,433645,146,39789,31,8396,177,48185,19894,17515.57,9989275,0
"2021-07-22",10687,4987540,8584,4539176,1046,434691,142,39931,25,8421,167,48352,20484,17714.14,10009759,0
"2021-07-23",11254,4998794,8880,4548056,1114,435805,137,40068,22,8443,159,48511,21407,17898.86,10031166,0
"2021-07-24",7405,5006199,6735,4554791,670,436475,81,40149,22,8465,103,48614,14913,17867.86,10046079,0
"2021-07-25",5477,5011676,2126,4556917,509,436984,59,40208,4,8469,63,48677,8175,17727.57,10054254,0
"2021-07-26",10874,5022550,6999,4563916,859,437843,109,40317,16,8485,125,48802,18857,17749.57,10073111,0
"2021-07-27",12057,5034607,8566,4572482,857,438700,133,40450,34,8519,167,48969,21647,17911,10094758,0
"2021-07-28",11994,5046601,8048,4580530,950,439650,131,40581,24,8543,155,49124,21147,18090,10115905,0
"2021-07-29",10937,5057538,7428,4587958,984,440634,133,40714,39,8582,172,49296,19521,17952.43,10135426,0
"2021-07-30",14955,5072493,8012,4595970,1150,441784,181,40895,28,8610,209,49505,24326,18369.43,10159752,0
"2021-07-31",9729,5082222,6313,4602283,816,442600,119,41014,20,8630,139,49644,16997,18667.14,10176749,0
"2021-08-01",6503,5088725,3308,4605591,564,443164,81,41095,19,8649,100,49744,10475,18995.71,10187224,0
"2021-08-02",13452,5102177,7153,4612744,847,444011,144,41239,18,8667,162,49906,21614,19389.57,10208838,0
"2021-08-03",15414,5117591,8382,4621126,1109,445120,145,41384,33,8700,178,50084,25083,19880.43,10233921,0
"2021-08-04",17262,5134853,8124,4629250,1454,446574,180,41564,31,8731,211,50295,27051,20723.86,10260972,0
"2021-08-05",17865,5152718,7927,4637177,1366,447940,161,41725,17,8748,178,50473,27336,21840.29,10288308,0
"2021-08-06",18178,5170896,8413,4645590,1233,449173,162,41887,30,8778,192,50665,28016,22367.43,10316324,0
"2021-08-07",13387,5184283,6017,4651607,799,449972,99,41986,26,8804,125,50790,20328,22843.29,10336652,0
"2021-08-08",9309,5193592,3835,4655442,399,450371,82,42068,9,8813,91,50881,13634,23294.57,10350286,0
"2021-08-09",21340,5214932,8527,4663969,964,451335,168,42236,33,8846,201,51082,31032,24640,10381318,0
"2021-08-10",18921,5233853,9329,4673298,947,452282,176,42412,32,8878,208,51290,29405,25257.43,10410723,0
"2021-08-11",15649,5249502,8307,4681605,853,453135,128,42540,39,8917,167,51457,24976,24961,10435699,0
"2021-08-12",15045,5264547,8979,4690584,940,454075,169,42709,32,8949,201,51658,25165,24650.86,10460864,0
"2021-08-13",14926,5279473,9291,4699875,921,454996,238,42947,36,8985,274,51932,25412,24278.86,10486276,0
"2021-08-14",10409,5289882,6405,4706280,625,455621,529,43476,40,9025,569,52501,18008,23947.43,10504284,0
"2021-08-15",6693,5296575,4477,4710757,676,456297,568,44044,30,9055,598,53099,12444,23777.43,10516728,0
"2021-08-16",15725,5312300,9296,4720053,1150,457447,1318,45362,62,9117,1380,54479,27551,23280.14,10544279,0
"2021-08-17",17777,5330077,10436,4730489,1223,458670,1763,47125,78,9195,1841,56320,31277,23547.57,10575556,0
"2021-08-18",17509,5347586,10359,4740848,1261,459931,1986,49111,91,9286,2077,58397,31206,24437.57,10606762,0
"2021-08-19",16303,5363889,9518,4750366,1315,461246,1948,51059,63,9349,2011,60408,29147,25006.43,10635909,0
"2021-08-20",16286,5380175,11536,4761902,1254,462500,1852,52911,81,9430,1933,62341,31009,25806,10666918,0
"2021-08-21",11151,5391326,8041,4769943,878,463378,1054,53965,52,9482,1106,63447,21176,26258.57,10688094,0
"2021-08-22",4081,5395407,3901,4773844,262,463640,514,54479,31,9513,545,63992,8789,25736.43,10696883,0
"2021-08-23",15576,5410983,11795,4785639,1023,464663,1547,56026,72,9585,1619,65611,30013,26088.14,10726896,0
"2021-08-24",16917,5427900,12596,4798235,1006,465669,1771,57797,72,9657,1843,67454,32362,26243.14,10759258,0
"2021-08-25",14588,5442488,12442,4810677,1110,466779,1564,59361,75,9732,1639,69093,29779,26039.29,10789037,0
"2021-08-26",16169,5458657,14082,4824759,1072,467851,1767,61128,66,9798,1833,70926,33156,26612,10822193,0
"2021-08-27",14884,5473541,14822,4839581,971,468822,1667,62795,73,9871,1740,72666,32417,26813.14,10854610,0
"2021-08-28",10685,5484226,11521,4851102,836,469658,1010,63805,42,9913,1052,73718,24094,27230,10878704,0
"2021-08-29",7220,5491446,7495,4858597,541,470199,776,64581,54,9967,830,74548,16086,28272.43,10894790,0
"2021-08-30",15524,5506970,16926,4875523,1077,471276,1793,66374,80,10047,1873,76421,35400,29042,10930190,0
"2021-08-31",15522,5522492,15951,4891474,951,472227,1968,68342,84,10131,2052,78473,34476,29344,10964666,0
"2021-09-01",14832,5537324,14098,4905572,1020,473247,1806,70148,59,10190,1865,80338,31815,29634.86,10996481,0
"2021-09-02",14333,5551657,12518,4918090,896,474143,1703,71851,59,10249,1762,82100,29509,29113.86,11025990,0
"2021-09-03",15020,5566677,14300,4932390,974,475117,1895,73746,68,10317,1963,84063,32257,29091,11058247,0
"2021-09-04",9648,5576325,9407,4941797,688,475805,971,74717,34,10351,1005,85068,20748,28613,11078995,0
"2021-09-05",6806,5583131,5514,4947311,438,476243,708,75425,13,10364,721,85789,13479,28240.57,11092474,0
"2021-09-06",5196,5588327,4512,4951823,358,476601,270,75695,11,10375,281,86070,10347,24661.57,11102821,0
"2021-09-07",15580,5603907,17694,4969517,912,477513,1552,77247,86,10461,1638,87708,35824,24854.14,11138645,0
"2021-09-08",16169,5620076,14823,4984340,1072,478585,1766,79013,76,10537,1842,89550,33906,25152.86,11172551,0
"2021-09-09",16119,5636195,14750,4999090,1047,479632,1908,80921,69,10606,1977,91527,33893,25779.14,11206444,0
"2021-09-10",18374,5654569,15395,5014485,1208,480840,1968,82889,79,10685,2047,93574,37024,26460.14,11243468,0
"2021-09-11",12638,5667207,10348,5024833,958,481798,1025,83914,46,10731,1071,94645,25015,27069.71,11268483,0
"2021-09-12",8539,5675746,5050,5029883,766,482564,689,84603,29,10760,718,95363,15073,27297.43,11283556,0
"2021-09-13",16940,5692686,12947,5042830,976,483540,1650,86253,53,10813,1703,97066,32566,30471.57,11316122,0
"2021-09-14",16273,5708959,13676,5056506,886,484426,1592,87845,49,10862,1641,98707,32476,29993.29,11348598,0
"2021-09-15",15549,5724508,12877,5069383,727,485153,1565,89410,79,10941,1644,100351,30797,29549.14,11379395,0
"2021-09-16",15343,5739851,13906,5083289,1210,486363,1456,90866,63,11004,1519,101870,31978,29275.57,11411373,0
"2021-09-17",14438,5754289,13963,5097252,922,487285,1826,92692,53,11057,1879,103749,31202,28443.86,11442575,0
"2021-09-18",10005,5764294,10175,5107427,913,488198,1045,93737,39,11096,1084,104833,22177,28038.43,11464752,0
"2021-09-19",6179,5770473,6072,5113499,558,488756,745,94482,28,11124,773,105606,13582,27825.43,11478334,0
"2021-09-20",12679,5783152,12628,5126127,1068,489824,1919,96401,55,11179,1974,107580,28349,27223,11506683,0
"2021-09-21",12237,5795389,12767,5138894,1110,490934,2020,98421,76,11255,2096,109676,28210,26613.57,11534893,0
"2021-09-22",12823,5808212,12002,5150896,1089,492023,1682,100103,66,11321,1748,111424,27662,26165.71,11562555,0
"2021-09-23",14945,5823157,12758,5163654,1639,493662,2262,102365,71,11392,2333,113757,31675,26122.43,11594230,0
"2021-09-24",16449,5839606,13367,5177021,1633,495295,4624,106989,109,11501,4733,118490,36182,26833.86,11630412,0
"2021-09-25",10545,5850151,9024,5186045,1018,496313,3453,110442,77,11578,3530,122020,24117,27111,11654529,0
"2021-09-26",6304,5856455,5762,5191807,773,497086,2422,112864,55,11633,2477,124497,15316,27358.71,11669845,0
"2021-09-27",14162,5870617,8052,5199859,1155,498241,9051,121915,156,11789,9207,133704,32576,27962.57,11702421,0
"2021-09-28",11153,5881770,11775,5211634,901,499142,9898,131813,170,11959,10068,143772,33897,28775,11736318,0
"2021-09-29",11606,5893376,12193,5223827,1206,500348,9443,141256,156,12115,9599,153371,34604,29766.71,11770922,0
"2021-09-30",12244,5905620,12602,5236429,1338,501686,9732,150988,170,12285,9902,163273,36086,30396.86,11807008,0
"2021-10-01",12648,5918268,13431,5249860,1284,502970,10257,161245,144,12429,10401,173674,37764,30622.86,11844772,0
"2021-10-02",7737,5926005,9973,5259833,865,503835,4235,165480,76,12505,4311,177985,22886,30447,11867658,0
"2021-10-03",5079,5931084,6157,5265990,593,504428,2609,168089,53,12558,2662,180647,14491,30329.14,11882149,0
"2021-10-04",9913,5940997,11021,5277011,913,505341,9516,177605,138,12696,9654,190301,31501,30175.57,11913650,0
"2021-10-05",10167,5951164,11738,5288749,972,506313,9931,187536,170,12866,10101,200402,32978,30044.29,11946628,0
"2021-10-06",9918,5961082,11058,5299807,937,507250,9924,197460,150,13016,10074,210476,31987,29670.43,11978615,0
"2021-10-07",9668,5970750,12192,5311999,852,508102,10186,207646,165,13181,10351,220827,33063,29238.57,12011678,0
"2021-10-08",9465,5980215,12174,5324173,942,509044,10902,218548,156,13337,11058,231885,33639,28649.29,12045317,0
"2021-10-09",6261,5986476,8278,5332451,649,509693,4116,222664,87,13424,4203,236088,19391,28150,12064708,0
"2021-10-10",3541,5990017,5028,5337479,458,510151,2434,225098,40,13464,2474,238562,11501,27722.86,12076209,0
"2021-10-11",7625,5997642,9332,5346811,728,510879,8883,233981,152,13616,9035,247597,26720,27039.86,12102929,0
"2021-10-12",8080,6005722,11000,5357811,891,511770,10504,244485,177,13793,10681,258278,30652,26707.57,12133581,0
"2021-10-13",7157,6012879,10146,5367957,869,512639,8794,253279,174,13967,8968,267246,27140,26015.14,12160721,0
"2021-10-14",7449,6020328,11112,5379069,836,513475,10106,263385,157,14124,10263,277509,29660,25529,12190381,0
"2021-10-15",7731,6028059,11864,5390933,823,514298,10801,274186,160,14284,10961,288470,31379,25206.14,12221760,0
"2021-10-16",4867,6032926,7467,5398400,666,514964,3838,278024,65,14349,3903,292373,16903,24850.71,12238663,0
"2021-10-17",3061,6035987,4473,5402873,411,515375,2449,280473,40,14389,2489,294862,10434,24698.29,12249097,0
"2021-10-18",7058,6043045,10663,5413536,796,516171,9469,289942,163,14552,9632,304494,28149,24902.43,12277246,0
"2021-10-19",6580,6049625,8945,5422481,804,516975,9079,299021,161,14713,9240,313734,25569,24176.29,12302815,0
"2021-10-20",6541,6056166,9376,5431857,975,517950,9974,308995,168,14881,10142,323876,27034,24161.14,12329849,0
"2021-10-21",7035,6063201,9376,5441233,858,518808,10837,319832,144,15025,10981,334857,28250,23959.71,12358099,0
"2021-10-22",8135,6071336,10344,5451577,1026,519834,16334,336166,206,15231,16540,351397,36045,24626.29,12394144,0
"2021-10-23",5175,6076511,6457,5458034,690,520524,9118,345284,109,15340,9227,360624,21549,25290,12415693,0
"2021-10-24",3276,6079787,3971,5462005,770,521294,6151,351435,72,15412,6223,366847,14240,25833.71,12429933,0
"2021-10-25",8780,6088567,8742,5470747,1149,522443,19241,370676,282,15694,19523,386370,38194,27268.71,12468127,0
"2021-10-26",8209,6096776,7726,5478473,1258,523701,17278,387954,254,15948,17532,403902,34725,28576.71,12502852,0
"2021-10-27",10576,6107352,8394,5486867,1604,525305,20840,408794,300,16248,21140,425042,41714,30673.86,12544566,0
"2021-10-28",11337,6118689,8040,5494907,1793,527098,20831,429625,309,16557,21140,446182,42310,32682.43,12586876,0
"2021-10-29",11845,6130534,8241,5503148,1963,529061,22523,452148,309,16866,22832,469014,44881,33944.71,12631757,0
"2021-10-30",4633,6135167,5059,5508207,932,529993,11159,463307,158,17024,11317,480331,21941,34000.71,12653698,0
"2021-10-31",2666,6137833,2702,5510909,544,530537,6635,469942,94,17118,6729,487060,12641,33772.29,12666339,0
"2021-11-01",7148,6144981,6957,5517866,1089,531626,20370,490312,309,17427,20679,507739,35873,33440.71,12702212,0
"2021-11-02",6592,6151573,6592,5524458,1056,532682,20765,511077,260,17687,21025,528764,35265,33517.86,12737477,0
"2021-11-03",6859,6158432,6681,5531139,1026,533708,20619,531696,287,17974,20906,549670,35472,32626.14,12772949,0
"2021-11-04",9318,6167750,6280,5537419,995,534703,22341,554037,336,18310,22677,572347,39270,32191.86,12812219,0
"2021-11-05",11068,6178818,6723,5544142,1051,535754,23754,577791,333,18643,24087,596434,42929,31913,12855148,0
"2021-11-06",11135,6189953,4050,5548192,594,536348,12586,590377,159,18802,12745,609179,28524,32853.43,12883672,0
"2021-11-07",7258,6197211,2286,5550478,577,536925,7104,597481,88,18890,7192,616371,17313,33520.86,12900985,0
"2021-11-08",15061,6212272,5680,5556158,865,537790,19501,616982,267,19157,19768,636139,41374,34306.71,12942359,0
"2021-11-09",16159,6228431,5390,5561548,661,538451,20502,637484,258,19415,20760,656899,42970,35407.43,12985329,0
"2021-11-10",16943,6245374,5324,5566872,683,539134,22627,660111,277,19692,22904,679803,45854,36890.57,13031183,0
"2021-11-11",12584,6257958,5189,5572061,760,539894,22071,682182,277,19969,22348,702151,40881,37120.71,13072064,0
"2021-11-12",16903,6274861,5686,5577747,706,540600,23382,705564,347,20316,23729,725880,47024,37705.71,13119088,0
"2021-11-13",9949,6284810,3661,5581408,465,541065,13318,718882,172,20488,13490,739370,27565,37568.71,13146653,0
"2021-11-14",6022,6290832,2294,5583702,325,541390,7921,726803,73,20561,7994,747364,16635,37471.86,13163288,0
"2021-11-15",13236,6304068,5971,5589673,690,542080,25093,751896,338,20899,25431,772795,45328,38036.71,13208616,0
"2021-11-16",9987,6314055,5783,5595456,656,542736,30650,782546,401,21300,31051,803846,47477,38680.57,13256093,0
"2021-11-17",10322,6324377,6677,5602133,681,543417,31399,813945,394,21694,31793,835639,49473,39197.57,13305566,0
"2021-11-18",10745,6335122,6545,5608678,860,544277,32993,846938,426,22120,33419,869058,51569,40724.43,13357135,0
"2021-11-19",12037,6347159,6558,5615236,715,544992,36229,883167,433,22553,36662,905720,55972,42002.71,13413107,0
"2021-11-20",9344,6356503,3419,5618655,513,545505,22503,905670,243,22796,22746,928466,36022,43210.86,13449129,0
"2021-11-21",4965,6361468,1887,5620542,288,545793,13193,918863,142,22938,13335,941801,20475,43759.43,13469604,0
"2021-11-22",10462,6371930,5790,5626332,752,546545,35901,954764,421,23359,36322,978123,53326,44902,13522930,0
"2021-11-23",9823,6381753,4779,5631111,636,547181,33496,988260,356,23715,33852,1011975,49090,45132.43,13572020,0
"2021-11-24",8721,6390474,4754,5635865,651,547832,25902,1014162,265,23980,26167,1038142,40293,43821,13612313,0
"2021-11-25",449,6390923,325,5636190,80,547912,1003,1015165,9,23989,1012,1039154,1866,36720.57,13614179,0
"2021-11-26",8073,6398996,6988,5643178,530,548442,26574,1041739,278,24267,26852,1066006,42443,34787.86,13656622,0
"2021-11-27",6691,6405687,6833,5650011,371,548813,18831,1060570,208,24475,19039,1085045,32934,34346.71,13689556,0
"2021-11-28",4085,6409772,5784,5655795,282,549095,11872,1072442,113,24588,11985,1097030,22136,34584,13711692,0
"2021-11-29",9112,6418884,10986,5666781,687,549782,35010,1107452,407,24995,35417,1132447,56202,34994.86,13767894,0
"2021-11-30",10534,6429418,11435,5678216,513,550295,37774,1145226,464,25459,38238,1170685,60720,36656.29,13828614,0
"2021-12-01",11205,6440623,10985,5689201,723,551018,40321,1185547,417,25876,40738,1211423,63651,39993.14,13892265,0
"2021-12-02",11682,6452305,11031,5700232,627,551645,42136,1227683,436,26312,42572,1253995,65912,49142.57,13958177,0
"2021-12-03",13525,6465830,12893,5713125,677,552322,47897,1275580,495,26807,48392,1302387,75487,53863.14,14033664,0
"2021-12-04",9866,6475696,11292,5724417,567,552889,30662,1306242,287,27094,30949,1333336,52674,56683.14,14086338,0
"2021-12-05",5763,6481459,5707,5730124,270,553159,16648,1322890,122,27216,16770,1350106,28510,57593.71,14114848,0
"2021-12-06",12362,6493821,9955,5740079,601,553760,43218,1366108,421,27637,43639,1393745,66557,59073,14181405,0
"2021-12-07",12625,6506446,9255,5749334,624,554384,43016,1409124,477,28114,43493,1437238,65997,59826.86,14247402,0
"2021-12-08",13558,6520004,8768,5758102,554,554938,40766,1449890,449,28563,41215,1478453,64095,59890.29,14311497,0
"2021-12-09",13531,6533535,8763,5766865,556,555494,40790,1490680,464,29027,41254,1519707,64104,59632,14375601,0
"2021-12-10",14059,6547594,10140,5777005,670,556164,43640,1534320,474,29501,44114,1563821,68983,58702.86,14444584,0
"2021-12-11",10283,6557877,8120,5785125,405,556569,26689,1561009,260,29761,26949,1590770,45757,57714.71,14490341,0
"2021-12-12",6030,6563907,3853,5788978,288,556857,15158,1576167,128,29889,15286,1606056,25457,57278.57,14515798,0
"2021-12-13",12254,6576161,7430,5796408,657,557514,37856,1614023,374,30263,38230,1644286,58571,56137.71,14574369,0
"2021-12-14",12262,6588423,6955,5803363,731,558245,38121,1652144,414,30677,38535,1682821,58483,55064.29,14632852,0
"2021-12-15",12133,6600556,6237,5809600,756,559001,38100,1690244,465,31142,38565,1721386,57691,54149.43,14690543,0
"2021-12-16",13149,6613705,4275,5813875,742,559743,41028,1731272,420,31562,41448,1762834,59614,53508,14750157,0
"2021-12-17",15966,6629671,6937,5820812,620,560363,46735,1778007,450,32012,47185,1810019,70708,53754.43,14820865,0
"2021-12-18",13038,6642709,5720,5826532,432,560795,30592,1808599,256,32268,30848,1840867,50038,54366,14870903,0
"2021-12-19",7028,6649737,2996,5829528,326,561121,17990,1826589,163,32431,18153,1859020,28503,54801.14,14899406,0
"2021-12-20",16884,6666621,5865,5835393,747,561868,47408,1873997,534,32965,47942,1906962,71438,56639.29,14970844,0
"2021-12-21",17981,6684602,6571,5841964,806,562674,48875,1922872,551,33516,49426,1956388,74784,58968,15045628,0
"2021-12-22",18554,6703156,6561,5848525,938,563612,49627,1972499,507,34023,50134,2006522,76187,61610.29,15121815,0
"2021-12-23",19059,6722215,6480,5855005,929,564541,45800,2018299,499,34522,46299,2052821,72767,63489.29,15194582,0
"2021-12-24",9240,6731455,2953,5857958,598,565139,20588,2038887,199,34721,20787,2073608,33578,58185,15228160,0
"2021-12-25",343,6731798,64,5858022,31,565170,426,2039313,8,34729,434,2074042,872,51161.29,15229032,0
"2021-12-26",7977,6739775,3926,5861948,341,565511,17268,2056581,164,34893,17432,2091474,29676,51328.86,15258708,0
"2021-12-27",21800,6761575,9206,5871154,932,566443,43410,2099991,527,35420,43937,2135411,75875,51962.71,15334583,0
"2021-12-28",20171,6781746,8329,5879483,698,567141,47550,2147541,582,36002,48132,2183543,77330,52326.43,15411913,0
"2021-12-29",18503,6800249,7671,5887154,607,567748,45518,2193059,460,36462,45978,2229521,72759,51836.71,15484672,0
"2021-12-30",16889,6817138,7416,5894570,584,568332,44799,2237858,557,37019,45356,2274877,70245,51476.43,15554917,0
"2021-12-31",5361,6822499,2809,5897379,193,568525,14756,2252614,170,37189,14926,2289803,23289,50006.57,15578206,0
"2022-01-01",242,6822741,146,5897525,11,568536,498,2253112,13,37202,511,2290314,910,50012,15579116,0
"2022-01-02",6433,6829174,5022,5902547,153,568689,10975,2264087,101,37303,11076,2301390,22684,49013.14,15601800,0
"2022-01-03",14167,6843341,8475,5911022,515,569204,26885,2290972,284,37587,27169,2328559,50326,45363.29,15652126,0
"2022-01-04",13063,6856404,8081,5919103,412,569616,27028,2318000,337,37924,27365,2355924,48921,41304.86,15701047,0
"2022-01-05",11580,6867984,6984,5926087,384,570000,25775,2343775,289,38213,26064,2381988,45012,37341,15746059,0
"2022-01-06",11517,6879501,7382,5933469,485,570485,27485,2371260,317,38530,27802,2409790,47186,34046.86,15793245,0
"2022-01-07",10440,6889941,8418,5941887,337,570822,24980,2396240,300,38830,25280,2435070,44475,37073.43,15837720,0
"2022-01-08",7911,6897852,8560,5950447,310,571132,19419,2415659,168,38998,19587,2454657,36368,42138.86,15874088,0
"2022-01-09",4137,6901989,3844,5954291,214,571346,10057,2425716,86,39084,10143,2464800,18338,41518,15892426,0
"2022-01-10",10177,6912166,8188,5962479,490,571836,24597,2450313,284,39368,24881,2489681,43736,40576.57,15936162,0
"2022-01-11",8903,6921069,7995,5970474,521,572357,21009,2471322,270,39638,21279,2510960,38698,39116.14,15974860,0
"2022-01-12",8945,6930014,8317,5978791,428,572785,22318,2493640,278,39916,22596,2533556,40286,38441,16015146,0
"2022-01-13",9051,6939065,8863,5987654,449,573234,22867,2516507,299,40215,23166,2556722,41529,37632.86,16056675,0
"2022-01-14",10123,6949188,8119,5995773,476,573710,26415,2542922,304,40519,26719,2583441,45437,37770.29,16102112,0
"2022-01-15",6210,6955398,4307,6000080,178,573888,15146,2558068,165,40684,15311,2598752,26006,36290,16128118,0
"2022-01-16",2921,6958319,3249,6003329,95,573983,7815,2565883,79,40763,7894,2606646,14159,35693,16142277,0
"2022-01-17",6084,6964403,6762,6010091,363,574346,14665,2580548,206,40969,14871,2621517,28080,33456.43,16170357,0
"2022-01-18",8173,6972576,10311,6020402,397,574743,19654,2600202,308,41277,19962,2641479,38843,33477.14,16209200,0
"2022-01-19",7484,6980060,9245,6029647,305,575048,17694,2617896,260,41537,17954,2659433,34988,32720.29,16244188,0
"2022-01-20",6286,6986346,8561,6038208,305,575353,15240,2633136,226,41763,15466,2674899,30618,31161.57,16274806,0
"2022-01-21",7580,6993926,7500,6045708,276,575629,18497,2651633,272,42035,18769,2693668,34125,29545.57,16308931,0
"2022-01-22",5194,6999120,4939,6050647,131,575760,11314,2662947,119,42154,11433,2705101,21697,28930,16330628,0
"2022-01-23",2813,7001933,3328,6053975,97,575857,6227,2669174,74,42228,6301,2711402,12539,28698.57,16343167,0
"2022-01-24",6376,7008309,8195,6062170,262,576119,15067,2684241,229,42457,15296,2726698,30129,28991.29,16373296,0
"2022-01-25",6200,7014509,7932,6070102,233,576352,14679,2698920,253,42710,14932,2741630,29297,27627.57,16402593,0
"2022-01-26",5756,7020265,7167,6077269,289,576641,14014,2712934,203,42913,14217,2755847,27429,26547.71,16430022,0
"2022-01-27",5266,7025531,7089,6084358,321,576962,14074,2727008,224,43137,14298,2770145,26974,26027.14,16456996,0
"2022-01-28",6270,7031801,7861,6092219,203,577165,16126,2743134,229,43366,16355,2786500,30689,25536.29,16487685,0
"2022-01-29",842,7032643,728,6092947,28,577193,2537,2745671,38,43404,2575,2789075,4173,23032.86,16491858,0
"2022-01-30",2099,7034742,3022,6095969,103,577296,4532,2750203,61,43465,4593,2793668,9817,22644,16501675,0
"2022-01-31",5007,7039749,6590,6102559,220,577516,11370,2761573,194,43659,11564,2805232,23381,21680,16525056,0
"2022-02-01",4845,7044594,6437,6108996,219,577735,10705,2772278,208,43867,10913,2816145,22414,20696.71,16547470,0
"2022-02-02",4255,7048849,5920,6114916,213,577948,11221,2783499,232,44099,11453,2827598,21841,19898.43,16569311,0
"2022-02-03",4236,7053085,5802,6120718,216,578164,11208,2794707,193,44292,11401,2838999,21655,19138.57,16590966,0
"2022-02-04",4785,7057870,7108,6127826,214,578378,13210,2807917,232,44524,13442,2852441,25549,18404.29,16616515,0
"2022-02-05",3590,7061460,6049,6133875,110,578488,8566,2816483,145,44669,8711,2861152,18460,20445.29,16634975,0
"2022-02-06",2063,7063523,2135,6136010,121,578609,4634,2821117,102,44771,4736,2865888,9055,20336.43,16644030,0
"2022-02-07",4155,7067678,4723,6140733,205,578814,10134,2831251,227,44998,10361,2876249,19444,19774,16663474,0
"2022-02-08",4230,7071908,5609,6146342,214,579028,11318,2842569,299,45297,11617,2887866,21670,19667.71,16685144,0
"2022-02-09",4141,7076049,5403,6151745,222,579250,11658,2854227,243,45540,11901,2899767,21667,19642.86,16706811,0
"2022-02-10",4001,7080050,5118,6156863,245,579495,12197,2866424,274,45814,12471,2912238,21835,19668.57,16728646,0
"2022-02-11",4521,7084571,5805,6162668,195,579690,13730,2880154,309,46123,14039,2926277,24560,19527.29,16753206,0
"2022-02-12",3257,7087828,4342,6167010,97,579787,8805,2888959,211,46334,9016,2935293,16712,19277.57,16769918,0
"2022-02-13",1521,7089349,1542,6168552,41,579828,4879,2893838,103,46437,4982,2940275,8086,19139.14,16778004,0
"2022-02-14",2988,7092337,3620,6172172,167,579995,10565,2904403,320,46757,10885,2951160,17660,18884.29,16795664,0
"2022-02-15",3564,7095901,4068,6176240,176,580171,12769,2917172,273,47030,13042,2964202,20850,18767.14,16816514,0
"2022-02-16",3668,7099569,3898,6180138,200,580371,15698,2932870,286,47316,15984,2980186,23750,19064.71,16840264,0
"2022-02-17",4045,7103614,4080,6184218,162,580533,18266,2951136,350,47666,18616,2998802,26903,19788.71,16867167,0
"2022-02-18",4483,7108097,4778,6188996,190,580723,21527,2972663,444,48110,21971,3020773,31422,20769,16898589,0
"2022-02-19",3257,7111354,2181,6191177,65,580788,11172,2983835,211,48321,11383,3032156,16886,20793.86,16915475,0
"2022-02-20",1863,7113217,1444,6192621,59,580847,6577,2990412,111,48432,6688,3038844,10054,21075,16925529,0
"2022-02-21",3088,7116305,2690,6195311,95,580942,8354,2998766,220,48652,8574,3047418,14447,20616,16939976,0
"2022-02-22",4382,7120687,4245,6199556,175,581117,10828,3009594,244,48896,11072,3058490,19874,20476.57,16959850,0
"2022-02-23",4275,7124962,3793,6203349,145,581262,10656,3020250,232,49128,10888,3069378,19101,19812.43,16978951,0
"2022-02-24",3784,7128746,3655,6207004,108,581370,10183,3030433,227,49355,10410,3079788,17957,18534.43,16996908,0
"2022-02-25",3622,7132368,3621,6210625,134,581504,9976,3040409,227,49582,10203,3089991,17580,16557,17014488,0
"2022-02-26",2845,7135213,2579,6213204,74,581578,9505,3049914,150,49732,9655,3099646,15153,16309.43,17029641,0
"2022-02-27",1775,7136988,1372,6214576,52,581630,6266,3056180,97,49829,6363,3106009,9562,16239.14,17039203,0
"2022-02-28",3810,7140798,3131,6217707,140,581770,13119,3069299,244,50073,13363,3119372,20444,17095.86,17059647,0
"2022-03-01",2136,7142934,2620,6220327,103,581873,5168,3074467,182,50255,5350,3124722,10209,15715.14,17069856,0
"2022-03-02",1835,7144769,2436,6222763,106,581979,4122,3078589,204,50459,4326,3129048,8703,14229.71,17078559,0
"2022-03-03",1938,7146707,2557,6225320,106,582085,3794,3082383,168,50627,3962,3133010,8563,12887.71,17087122,0
"2022-03-04",2120,7148827,2871,6228191,66,582151,4326,3086709,205,50832,4531,3137541,9588,11746,17096710,0
"2022-03-05",1610,7150437,2124,6230315,43,582194,3314,3090023,111,50943,3425,3140966,7202,10610.14,17103912,0
"2022-03-06",800,7151237,878,6231193,30,582224,1622,3091645,54,50997,1676,3142642,3384,9727.57,17107296,0
"2022-03-07",1667,7152904,1784,6232977,86,582310,3495,3095140,159,51156,3654,3146296,7191,7834.29,17114487,0
"2022-03-08",1550,7154454,1892,6234869,80,582390,3123,3098263,145,51301,3268,3149564,6790,7345.86,17121277,0
"2022-03-09",1269,7155723,1667,6236536,79,582469,2582,3100845,129,51430,2711,3152275,5726,6920.57,17127003,0
"2022-03-10",1421,7157144,2099,6238635,85,582554,2951,3103796,158,51588,3109,3155384,6714,6656.43,17133717,0
"2022-03-11",1608,7158752,2270,6240905,81,582635,3209,3107005,186,51774,3395,3158779,7354,6337.29,17141071,0
"2022-03-12",879,7159631,1413,6242318,40,582675,2005,3109010,71,51845,2076,3160855,4408,5938.14,17145479,0
"2022-03-13",626,7160257,757,6243075,27,582702,1292,3110302,47,51892,1339,3162194,2749,5847.43,17148228,0
"2022-03-14",1376,7161633,1601,6244676,83,582785,2988,3113290,204,52096,3192,3165386,6252,5713.29,17154480,0
"2022-03-15",1363,7162996,1924,6246600,63,582848,3070,3116360,226,52322,3296,3168682,6646,5692.71,17161126,0
"2022-03-16",1401,7164397,2065,6248665,94,582942,3133,3119493,292,52614,3425,3172107,6985,5872.57,17168111,0
"2022-03-17",1184,7165581,1809,6250474,70,583012,2754,3122247,262,52876,3016,3175123,6079,5781.86,17174190,0
"2022-03-18",1592,7167173,2196,6252670,80,583092,3767,3126014,413,53289,4180,3179303,8048,5881,17182238,0
"2022-03-19",1113,7168286,1733,6254403,54,583146,2597,3128611,224,53513,2821,3182124,5721,6068.57,17187959,0
"2022-03-20",612,7168898,627,6255030,33,583179,1463,3130074,183,53696,1646,3183770,2918,6092.71,17190877,0
"2022-03-21",1423,7170321,1551,6256581,73,583252,3051,3133125,350,54046,3401,3187171,6448,6120.71,17197325,0
"2022-03-22",1345,7171666,1550,6258131,101,583353,2901,3136026,337,54383,3238,3190409,6234,6061.86,17203559,0
"2022-03-23",1263,7172929,1353,6259484,66,583419,2916,3138942,371,54754,3287,3193696,5969,5916.71,17209528,0
"2022-03-24",1210,7174139,1299,6260783,89,583508,2514,3141456,263,55017,2777,3196473,5375,5816.14,17214903,0
"2022-03-25",1392,7175531,1626,6262409,62,583570,3260,3144716,372,55389,3632,3200105,6712,5625.29,17221615,0
"2022-03-26",927,7176458,1162,6263571,36,583606,2300,3147016,249,55638,2549,3202654,4674,5475.71,17226289,0
"2022-03-27",574,7177032,527,6264098,29,583635,1312,3148328,202,55840,1514,3204168,2644,5436.57,17228933,0
"2022-03-28",1088,7178120,1159,6265257,68,583703,2439,3150767,354,56194,2793,3206961,5108,5245.14,17234041,0
"2022-03-29",1052,7179172,1105,6266362,85,583788,2515,3153282,871,57065,3386,3210347,5628,5158.57,17239669,0
"2022-03-30",1250,7180422,1141,6267503,98,583886,3062,3156344,3373,60438,6435,3216782,8924,5580.71,17248593,0
"2022-03-31",1290,7181712,1260,6268763,57,583943,3165,3159509,5470,65908,8635,3225417,11242,6418.86,17259835,0
"2022-04-01",1438,7183150,1497,6270260,76,584019,3246,3162755,6860,72768,10106,3235523,13117,7333.86,17272952,0
"2022-04-02",914,7184064,912,6271172,33,584052,2098,3164853,4485,77253,6583,3242106,8442,7872.14,17281394,0
"2022-04-03",561,7184625,500,6271672,28,584080,1223,3166076,3036,80289,4259,3246365,5348,8258.43,17286742,0
"2022-04-04",1358,7185983,1309,6272981,60,584140,2733,3168809,7639,87928,10372,3256737,13099,9400,17299841,0
"2022-04-05",1305,7187288,1164,6274145,66,584206,2858,3171667,7430,95358,10288,3267025,12823,10427.86,17312664,0
"2022-04-06",1322,7188610,1186,6275331,60,584266,2621,3174288,6900,102258,9521,3276546,12089,10880,17324753,0
"2022-04-07",1214,7189824,1060,6276391,54,584320,2375,3176663,6570,108828,8945,3285491,11273,10884.43,17336026,0
"2022-04-08",1500,7191324,1405,6277796,62,584382,3161,3179824,8708,117536,11869,3297360,14836,11130,17350862,0
"2022-04-09",936,7192260,918,6278714,29,584411,2063,3181887,4902,122438,6965,3304325,8848,11188,17359710,0
"2022-04-10",591,7192851,461,6279175,25,584436,1168,3183055,2868,125306,4036,3308361,5113,11154.43,17364823,0
"2022-04-11",1340,7194191,1230,6280405,59,584495,2658,3185713,7727,133033,10385,3318746,13014,11142.29,17377837,0
"2022-04-12",1221,7195412,1056,6281461,73,584568,2526,3188239,7357,140390,9883,3328629,12233,11058,17390070,0
"2022-04-13",1265,7196677,1075,6282536,59,584627,2501,3190740,7476,147866,9977,3338606,12376,11099,17402446,0
"2022-04-14",1283,7197960,1097,6283633,59,584686,2429,3193169,6519,154385,8948,3347554,11387,11115.29,17413833,0
"2022-04-15",1352,7199312,1095,6284728,53,584739,2561,3195730,6561,160946,9122,3356676,11622,10656.14,17425455,0
"2022-04-16",873,7200185,652,6285380,33,584772,1637,3197367,3634,164580,5271,3361947,6829,10367.71,17432284,0
"2022-04-17",347,7200532,203,6285583,27,584799,639,3198006,1141,165721,1780,3363727,2357,9974,17434641,0
"2022-04-18",1387,7201919,1116,6286699,82,584881,2586,3200592,6354,172075,8940,3372667,11525,9761.29,17446166,0
"2022-04-19",1416,7203335,938,6287637,72,584953,2572,3203164,5690,177765,8262,3380929,10688,9540.57,17456854,0
"2022-04-20",1315,7204650,1144,6288781,65,585018,2683,3205847,6573,184338,9256,3390185,11780,9455.43,17468634,0
"2022-04-21",1225,7205875,1062,6289843,53,585071,2326,3208173,5284,189622,7610,3397795,9950,9250.14,17478584,0
"2022-04-22",1221,7207096,1026,6290869,46,585117,2199,3210372,5571,195193,7770,3405565,10063,9027.43,17488647,0
"2022-04-23",718,7207814,750,6291619,59,585176,1426,3211798,3313,198506,4739,3410304,6266,8947,17494913,0
"2022-04-24",443,7208257,338,6291957,27,585203,813,3212611,1798,200304,2611,3412915,3419,9098.71,17498332,0
"2022-04-25",1033,7209290,913,6292870,64,585267,1849,3214460,5038,205342,6887,3419802,8897,8723.29,17507229,0
"2022-04-26",947,7210237,858,6293728,76,585343,1752,3216212,4647,209989,6399,3426201,8280,8379.29,17515509,0
"2022-04-27",1041,7211278,1004,6294732,80,585423,1932,3218144,5160,215149,7092,3433293,9217,8013.14,17524726,0
"2022-04-28",1092,7212370,987,6295719,50,585473,2003,3220147,4687,219836,6690,3439983,8819,7851.57,17533545,0
"2022-04-29",1189,7213559,1106,6296825,60,585533,2157,3222304,5317,225153,7474,3447457,9829,7818.14,17543374,0
"2022-04-30",727,7214286,743,6297568,43,585576,1392,3223696,2928,228081,4320,3451777,5833,7756.29,17549207,0
"2022-05-01",452,7214738,366,6297934,20,585596,759,3224455,1632,229713,2391,3454168,3229,7729.14,17552436,0
"2022-05-02",1055,7215793,791,6298725,52,585648,1673,3226128,3776,233489,5449,3459617,7347,7507.71,17559783,0
"2022-05-03",1125,7216918,860,6299585,61,585709,1988,3228116,4812,238301,6800,3466417,8846,7588.57,17568629,0
"2022-05-04",1021,7217939,883,6300468,48,585757,1912,3230028,4590,242891,6502,3472919,8454,7479.57,17577083,0
"2022-05-05",1050,7218989,953,6301421,86,585843,1923,3231951,4821,247712,6744,3479663,8833,7481.57,17585916,0
"2022-05-06",1094,7220083,959,6302380,50,585893,1865,3233816,4328,252040,6193,3485856,8296,7262.57,17594212,0
"2022-05-07",663,7220746,590,6302970,31,585924,1207,3235023,2403,254443,3610,3489466,4894,7128.43,17599106,0
"2022-05-08",414,7221160,246,6303216,17,585941,669,3235692,1365,255808,2034,3491500,2711,7054.43,17601817,0
"2022-05-09",1081,7222241,946,6304162,60,586001,1882,3237574,4388,260196,6270,3497770,8357,7198.71,17610174,0
"2022-05-10",1100,7223341,926,6305088,54,586055,1987,3239561,4659,264855,6646,3504416,8726,7181.57,17618900,0
"2022-05-11",1096,7224437,977,6306065,44,586099,1937,3241498,4779,269634,6716,3511132,8833,7235.71,17627733,0
"2022-05-12",1097,7225534,948,6307013,58,586157,1999,3243497,4598,274232,6597,3517729,8700,7216.71,17636433,0
"2022-05-13",1163,7226697,1039,6308052,44,586201,2057,3245554,4734,278966,6791,3524520,9037,7322.57,17645470,0
"2022-05-14",829,7227526,671,6308723,31,586232,1471,3247025,2906,281872,4377,3528897,5908,7467.43,17651378,0
"2022-05-15",513,7228039,355,6309078,21,586253,919,3247944,1629,283501,2548,3531445,3437,7571.14,17654815,0
"2022-05-16",1230,7229269,860,6309938,60,586313,1823,3249767,3815,287316,5638,3537083,7788,7489.86,17662603,0
"2022-05-17",1298,7230567,923,6310861,79,586392,2052,3251819,4825,292141,6877,3543960,9177,7554.29,17671780,0
"2022-05-18",1250,7231817,903,6311764,82,586474,2061,3253880,4868,297009,6929,3550889,9164,7601.57,17680944,0
"2022-05-19",1173,7232990,871,6312635,35,586509,2104,3255984,4650,301659,6754,3557643,8833,7620.57,17689777,0
"2022-05-20",1198,7234188,951,6313586,74,586583,2366,3258350,5122,306781,7488,3565131,9711,7716.86,17699488,0
"2022-05-21",837,7235025,647,6314233,23,586606,1726,3260076,3259,310040,4985,3570116,6492,7800.29,17705980,0
"2022-05-22",512,7235537,292,6314525,21,586627,1132,3261208,1820,311860,2952,3573068,3777,7848.86,17709757,0
"2022-05-23",1227,7236764,890,6315415,47,586674,2177,3263385,4651,316511,6828,3579896,8992,8020.86,17718749,0
"2022-05-24",1432,7238196,936,6316351,66,586740,2239,3265624,4408,320919,6647,3586543,9081,8007.14,17727830,0
"2022-05-25",1433,7239629,955,6317306,56,586796,2259,3267883,4186,325105,6445,3592988,8889,7967.86,17736719,0
"2022-05-26",1182,7240811,860,6318166,60,586856,2257,3270140,4070,329175,6327,3599315,8429,7910.14,17745148,0
"2022-05-27",1249,7242060,953,6319119,38,586894,2487,3272627,3837,333012,6324,3605639,8564,7746.29,17753712,0
"2022-05-28",718,7242778,515,6319634,19,586913,1767,3274394,2038,335050,3805,3609444,5057,7541.29,17758769,0
"2022-05-29",474,7243252,215,6319849,11,586924,761,3275155,1111,336161,1872,3611316,2572,7369.14,17761341,0
"2022-05-30",90,7243342,55,6319904,6,586930,137,3275292,143,336304,280,3611596,431,6146.14,17761772,0
"2022-05-31",1130,7244472,905,6320809,51,586981,1875,3277167,3026,339330,4901,3616497,6987,5847,17768759,0
"2022-06-01",1144,7245616,840,6321649,62,587043,1957,3279124,3370,342700,5327,3621824,7373,5630.43,17776132,0
"2022-06-02",1024,7246640,796,6322445,71,587114,1806,3280930,3132,345832,4938,3626762,6829,5401.86,17782961,0
"2022-06-03",1168,7247808,883,6323328,48,587162,2050,3282980,3470,349302,5520,3632282,7619,5266.86,17790580,0
"2022-06-04",724,7248532,579,6323907,26,587188,1548,3284528,1884,351186,3432,3635714,4761,5224.57,17795341,0
"2022-06-05",449,7248981,295,6324202,1,587189,875,3285403,967,352153,1842,3637556,2587,5226.71,17797928,0
"2022-06-06",1118,7250099,821,6325023,62,587251,1745,3287148,2711,354864,4456,3642012,6457,6087.57,17804385,0
"2022-06-07",1015,7251114,764,6325787,69,587320,1755,3288903,2533,357397,4288,3646300,6136,5966,17810521,0
"2022-06-08",1087,7252201,822,6326609,75,587395,1863,3290766,2701,360098,4564,3650864,6548,5848.14,17817069,0
"2022-06-09",1135,7253336,830,6327439,61,587456,2190,3292956,2661,362759,4851,3655715,6877,5855,17823946,0
"2022-06-10",1048,7254384,807,6328246,76,587532,1866,3294822,2775,365534,4641,3660356,6572,5705.43,17830518,0
"2022-06-11",686,7255070,507,6328753,24,587556,1308,3296130,1494,367028,2802,3663158,4019,5599.43,17834537,0
"2022-06-12",351,7255421,285,6329038,19,587575,875,3297005,765,367793,1640,3664798,2295,5557.71,17836832,0
"2022-06-13",1023,7256444,757,6329795,58,587633,1560,3298565,2163,369956,3723,3668521,5561,5429.71,17842393,0
"2022-06-14",933,7257377,805,6330600,54,587687,1648,3300213,2480,372436,4128,3672649,5920,5398.86,17848313,0
"2022-06-15",960,7258337,839,6331439,38,587725,1624,3301837,2378,374814,4002,3676651,5839,5297.57,17854152,0
"2022-06-16",921,7259258,761,6332200,57,587782,1775,3303612,2232,377046,4007,3680658,5746,5136,17859898,0
"2022-06-17",881,7260139,774,6332974,41,587823,1714,3305326,2262,379308,3976,3684634,5672,5007.43,17865570,0
"2022-06-18",661,7260800,516,6333490,26,587849,1262,3306588,1276,380584,2538,3687172,3741,4967.71,17869311,0
"2022-06-19",352,7261152,225,6333715,16,587865,705,3307293,592,381176,1297,3688469,1890,4909.86,17871201,0
"2022-06-20",814,7261966,475,6334190,39,587904,1524,3308817,1583,382759,3107,3691576,4435,4749,17875636,120000
"2022-06-21",1034,7263000,700,6334890,48,587952,1625,3310442,2037,384796,3662,3695238,5444,4681,17881080,120000
"2022-06-22",950,7263950,786,6335676,39,587991,1611,3312053,1868,386664,3479,3698717,5254,4597.43,17886334,120000
"2022-06-23",877,7264827,708,6336384,64,588055,1541,3313594,1885,388549,3426,3702143,5075,4501.57,17891409,120000
"2022-06-24",886,7265713,710,6337094,42,588097,1535,3315129,1952,390501,3487,3705630,5125,4423.43,17896534,120000
"2022-06-25",610,7266323,457,6337551,14,588111,1153,3316282,1051,391552,2204,3707834,3285,4358.29,17899819,120000
"2022-06-26",170,7266493,83,6337634,3,588114,205,3316487,139,391691,344,3708178,600,4174,17900419,120000
