"DATE","ADMIN_DOSE1_DAILY","ADMIN_DOSE1_CUMULATIVE","ADMIN_DOSE2_DAILY","ADMIN_DOSE2_CUMULATIVE","ADMIN_SINGLE_DAILY","ADMIN_SINGLE_CUMULATIVE","ADMIN_ADDITIONAL1_DAILY","ADMIN_ADDITIONAL1_CUMULATIVE","ADMIN_ADDITIONAL2_DAILY","ADMIN_ADDITIONAL2_CUMULATIVE","ADMIN_ADDITIONAL_DAILY","ADMIN_ADDITIONAL_CUMULATIVE","ADMIN_ALLDOSES_DAILY","ADMIN_ALLDOSES_7DAYAVG","ADMIN_ALLDOSES_CUMULATIVE","INCOMPLETE"
"2020-12-14",79,79,0,0,0,0,0,0,0,0,0,0,79,,79,0
"2020-12-15",2051,2130,6,6,4,4,0,0,0,0,0,0,2061,,2140,0
"2020-12-16",4605,6735,14,20,1,5,1,1,0,0,1,1,4621,,6761,0
"2020-12-17",4658,11393,17,37,0,5,1,2,0,0,1,2,4676,,11437,0
"2020-12-18",5833,17226,18,55,2,7,2,4,0,0,2,4,5855,,17292,0
"2020-12-19",1689,18915,7,62,3,10,0,4,0,0,0,4,1699,,18991,0
"2020-12-20",1116,20031,2,64,1,11,0,4,0,0,0,4,1119,2872.86,20110,0
"2020-12-21",6341,26372,19,83,0,11,5,9,0,0,5,9,6365,3770.86,26475,0
"2020-12-22",9794,36166,26,109,2,13,1,10,0,0,1,10,9823,4879.71,36298,0
"2020-12-23",14274,50440,35,144,3,16,1,11,0,0,1,11,14313,6264.29,50611,0
"2020-12-24",7198,57638,25,169,1,17,0,11,0,0,0,11,7224,6628.29,57835,0
"2020-12-25",180,57818,0,169,0,17,1,12,0,0,1,12,181,5817.71,58016,0
"2020-12-26",4389,62207,44,213,0,17,1,13,0,0,1,13,4434,6208.43,62450,0
"2020-12-27",3870,66077,14,227,0,17,1,14,0,0,1,14,3885,6603.57,66335,0
"2020-12-28",10993,77070,49,276,1,18,2,16,0,0,2,16,11045,7272.14,77380,0
"2020-12-29",10718,87788,34,310,2,20,2,18,0,0,2,18,10756,7405.43,88136,0
"2020-12-30",12826,100614,44,354,0,20,0,18,0,0,0,18,12870,7199.29,101006,0
"2020-12-31",7261,107875,34,388,1,21,0,18,0,0,0,18,7296,7209.57,108302,0
"2021-01-01",181,108056,2,390,1,22,3,21,0,0,3,21,187,7210.43,108489,0
"2021-01-02",3809,111865,10,400,2,24,2,23,0,0,2,23,3823,7123.14,112312,0
"2021-01-03",3541,115406,24,424,2,26,1,24,0,0,1,24,3568,7077.86,115880,0
"2021-01-04",12255,127661,807,1231,2,28,6,30,0,0,6,30,13070,7367.14,128950,0
"2021-01-05",14089,141750,2192,3423,2,30,12,42,1,1,13,43,16296,8158.57,145246,0
"2021-01-06",17801,159551,3925,7348,1,31,29,71,7,8,36,79,21763,9429,167009,0
"2021-01-07",16551,176102,5171,12519,4,35,45,116,3,11,48,127,21774,11497.29,188783,0
"2021-01-08",16621,192723,5455,17974,0,35,33,149,4,15,37,164,22113,14629.57,210896,0
"2021-01-09",7652,200375,1462,19436,1,36,7,156,2,17,9,173,9124,15386.86,220020,0
"2021-01-10",7880,208255,984,20420,0,36,10,166,0,17,10,183,8874,16144.86,228894,0
"2021-01-11",25825,234080,7456,27876,2,38,48,214,8,25,56,239,33339,19040.43,262233,0
"2021-01-12",28260,262340,7859,35735,1,39,44,258,2,27,46,285,36166,21879,298399,0
"2021-01-13",31719,294059,9391,45126,1,40,56,314,4,31,60,345,41171,24651.57,339570,0
"2021-01-14",35814,329873,5317,50443,1,41,30,344,7,38,37,382,41169,27422.29,380739,0
"2021-01-15",29265,359138,3703,54146,2,43,32,376,5,43,37,419,33007,28978.57,413746,0
"2021-01-16",30291,389429,2378,56524,0,43,25,401,5,48,30,449,32699,32346.43,446445,0
"2021-01-17",23749,413178,1628,58152,0,43,19,420,1,49,20,469,25397,34706.86,471842,0
"2021-01-18",27107,440285,2411,60563,1,44,34,454,7,56,41,510,29560,34167,501402,0
"2021-01-19",34293,474578,9627,70190,1,45,70,524,6,62,76,586,43997,35285.71,545399,0
"2021-01-20",34871,509449,9492,79682,1,46,59,583,4,66,63,649,44427,35750.86,589826,0
"2021-01-21",25593,535042,8093,87775,2,48,49,632,5,71,54,703,33742,34689.86,623568,0
"2021-01-22",24755,559797,4382,92157,1,49,32,664,7,78,39,742,29177,34142.71,652745,0
"2021-01-23",15744,575541,3223,95380,0,49,9,673,2,80,11,753,18978,32182.57,671723,0
"2021-01-24",7178,582719,3453,98833,0,49,19,692,1,81,20,773,10651,30076,682374,0
"2021-01-25",13412,596131,11819,110652,0,49,66,758,12,93,78,851,25309,29468.71,707683,0
"2021-01-26",16766,612897,10752,121404,0,49,67,825,2,95,69,920,27587,27124.43,735270,0
"2021-01-27",20836,633733,12356,133760,0,49,51,876,8,103,59,979,33251,25527.86,768521,0
"2021-01-28",30764,664497,12846,146606,0,49,83,959,16,119,99,1078,43709,26951.71,812230,0
"2021-01-29",31694,696191,11506,158112,0,49,77,1036,10,129,87,1165,43287,28967.43,855517,0
"2021-01-30",18708,714899,3742,161854,0,49,20,1056,2,131,22,1187,22472,29466.57,877989,0
"2021-01-31",13021,727920,2920,164774,1,50,28,1084,4,135,32,1219,15974,30227,893963,0
"2021-02-01",1180,729100,5368,170142,4,54,35,1119,4,139,39,1258,6591,27553,900554,0
"2021-02-02",2829,731929,9475,179617,2,56,47,1166,4,143,51,1309,12357,25377.29,912911,0
"2021-02-03",16348,748277,21245,200862,4,60,203,1369,19,162,222,1531,37819,26029.86,950730,0
"2021-02-04",27048,775325,19648,220510,3,63,200,1569,10,172,210,1741,46909,26487,997639,0
"2021-02-05",27599,802924,20037,240547,0,63,178,1747,15,187,193,1934,47829,27135.86,1045468,0
"2021-02-06",22992,825916,11246,251793,0,63,110,1857,12,199,122,2056,34360,28834.14,1079828,0
"2021-02-07",12043,837959,8280,260073,1,64,92,1949,14,213,106,2162,20430,29470.71,1100258,0
"2021-02-08",16961,854920,23519,283592,2,66,231,2180,34,247,265,2427,40747,34350.14,1141005,0
"2021-02-09",17191,872111,28111,311703,2,68,333,2513,41,288,374,2801,45678,39110.29,1186683,0
"2021-02-10",19592,891703,29308,341011,2,70,260,2773,49,337,309,3110,49211,40737.71,1235894,0
"2021-02-11",27847,919550,33470,374481,2,72,342,3115,57,394,399,3509,61718,42853.29,1297612,0
"2021-02-12",38393,957943,30798,405279,3,75,352,3467,38,432,390,3899,69584,45961.14,1367196,0
"2021-02-13",28009,985952,25312,430591,2,77,307,3774,51,483,358,4257,53681,48721.29,1420877,0
"2021-02-14",16281,1002233,23735,454326,0,77,260,4034,31,514,291,4548,40307,51560.86,1461184,0
"2021-02-15",12796,1015029,10528,464854,2,79,170,4204,23,537,193,4741,23519,49099.71,1484703,0
"2021-02-16",14241,1029270,26732,491586,0,79,321,4525,35,572,356,5097,41329,48478.43,1526032,0
"2021-02-17",16393,1045663,22196,513782,1,80,282,4807,37,609,319,5416,38909,47006.71,1564941,0
"2021-02-18",12152,1057815,24993,538775,21,101,287,5094,43,652,330,5746,37496,43546.43,1602437,0
"2021-02-19",13262,1071077,23935,562710,39,140,304,5398,44,696,348,6094,37584,38975,1640021,0
"2021-02-20",11352,1082429,26078,588788,6,146,324,5722,78,774,402,6496,37838,36711.71,1677859,0
"2021-02-21",6361,1088790,17422,606210,15,161,283,6005,44,818,327,6823,24125,34400,1701984,0
"2021-02-22",13043,1101833,11848,618058,2,163,125,6130,19,837,144,6967,25037,34616.86,1727021,0
"2021-02-23",25247,1127080,14147,632205,1,164,158,6288,34,871,192,7159,39587,34368,1766608,0
"2021-02-24",36362,1163442,20392,652597,0,164,226,6514,37,908,263,7422,57017,36954.86,1823625,0
"2021-02-25",54617,1218059,30392,682989,6,170,395,6909,64,972,459,7881,85474,43808.86,1909099,0
"2021-02-26",62870,1280929,31874,714863,4,174,408,7317,77,1049,485,8366,95233,52044.43,2004332,0
"2021-02-27",51299,1332228,22749,737612,47,221,333,7650,52,1101,385,8751,74480,57279,2078812,0
"2021-02-28",44592,1376820,13824,751436,7,228,204,7854,33,1134,237,8988,58660,62212.57,2137472,0
"2021-03-01",39322,1416142,12776,764212,10,238,165,8019,25,1159,190,9178,52298,66107,2189770,0
"2021-03-02",47083,1463225,12578,776790,7,245,159,8178,14,1173,173,9351,59841,69000.43,2249611,0
"2021-03-03",48606,1511831,16156,792946,17,262,145,8323,21,1194,166,9517,64945,70133,2314556,0
"2021-03-04",59819,1571650,22824,815770,1092,1354,270,8593,34,1228,304,9821,84039,69928,2398595,0
"2021-03-05",60989,1632639,24282,840052,3109,4463,332,8925,33,1261,365,10186,88745,69001.14,2487340,0
"2021-03-06",47178,1679817,18885,858937,5451,9914,237,9162,36,1297,273,10459,71787,68616.43,2559127,0
"2021-03-07",36045,1715862,14881,873818,6246,16160,228,9390,20,1317,248,10707,57420,68439.29,2616547,0
"2021-03-08",39631,1755493,14678,888496,8563,24723,313,9703,91,1408,404,11111,63276,70007.57,2679823,0
"2021-03-09",39108,1794601,12856,901352,7764,32487,178,9881,33,1441,211,11322,59939,70021.57,2739762,0
"2021-03-10",51834,1846435,15348,916700,5066,37553,226,10107,31,1472,257,11579,72505,71101.57,2812267,0
"2021-03-11",59990,1906425,21815,938515,4619,42172,251,10358,49,1521,300,11879,86724,71485.14,2898991,0
"2021-03-12",52205,1958630,30309,968824,4183,46355,373,10731,83,1604,456,12335,87153,71257.71,2986144,0
"2021-03-13",40653,1999283,26682,995506,5110,51465,325,11056,51,1655,376,12711,72821,71405.43,3058965,0
"2021-03-14",30719,2030002,15969,1011475,4526,55991,240,11296,27,1682,267,12978,51481,70557,3110446,0
"2021-03-15",33590,2063592,17256,1028731,4717,60708,233,11529,33,1715,266,13244,55829,69493.14,3166275,0
"2021-03-16",38677,2102269,20509,1049240,4925,65633,256,11785,35,1750,291,13535,64402,70130.71,3230677,0
"2021-03-17",42617,2144886,24799,1074039,4247,69880,338,12123,36,1786,374,13909,72037,70063.86,3302714,0
"2021-03-18",50452,2195338,26805,1100844,5238,75118,366,12489,60,1846,426,14335,82921,69520.57,3385635,0
"2021-03-19",47794,2243132,29960,1130804,5624,80742,390,12879,70,1916,460,14795,83838,69047,3469473,0
"2021-03-20",38712,2281844,25838,1156642,4686,85428,297,13176,59,1975,356,15151,69592,68585.71,3539065,0
"2021-03-21",29300,2311144,19359,1176001,769,86197,222,13398,44,2019,266,15417,49694,68330.43,3588759,0
"2021-03-22",33870,2345014,26740,1202741,4037,90234,260,13658,37,2056,297,15714,64944,69632.57,3653703,0
"2021-03-23",38435,2383449,32843,1235584,4219,94453,294,13952,55,2111,349,16063,75846,71267.43,3729549,0
"2021-03-24",41496,2424945,37607,1273191,4848,99301,326,14278,62,2173,388,16451,84339,73024.86,3813888,0
"2021-03-25",43414,2468359,50793,1323984,5055,104356,470,14748,86,2259,556,17007,99818,75438.71,3913706,0
"2021-03-26",38506,2506865,55513,1379497,4310,108666,523,15271,96,2355,619,17626,98948,77597.29,4012654,0
"2021-03-27",35738,2542603,45759,1425256,2938,111604,413,15684,82,2437,495,18121,84930,79788.43,4097584,0
"2021-03-28",26392,2568995,34460,1459716,1482,113086,331,16015,65,2502,396,18517,62730,81650.71,4160314,0
"2021-03-29",34819,2603814,38868,1498584,3246,116332,343,16358,110,2612,453,18970,77386,83428.14,4237700,0
"2021-03-30",40512,2644326,41927,1540511,3714,120046,337,16695,65,2677,402,19372,86555,84958,4324255,0
"2021-03-31",49397,2693723,44872,1585383,7442,127488,396,17091,86,2763,482,19854,102193,87508.57,4426448,0
"2021-04-01",50785,2744508,53948,1639331,11275,138763,500,17591,81,2844,581,20435,116589,89904.43,4543037,0
"2021-04-02",43763,2788271,53887,1693218,11972,150735,546,18137,71,2915,617,21052,110239,91517.43,4653276,0
"2021-04-03",39254,2827525,39219,1732437,9860,160595,333,18470,58,2973,391,21443,88724,92059.43,4742000,0
"2021-04-04",26561,2854086,24781,1757218,3902,164497,224,18694,49,3022,273,21716,55517,91029,4797517,0
"2021-04-05",41891,2895977,34486,1791704,11195,175692,370,19064,60,3082,430,22146,88002,92545.57,4885519,0
"2021-04-06",53273,2949250,35613,1827317,13220,188912,429,19493,72,3154,501,22647,102607,94838.71,4988126,0
"2021-04-07",55513,3004763,40696,1868013,14391,203303,393,19886,77,3231,470,23117,111070,96106.86,5099196,0
"2021-04-08",59268,3064031,46594,1914607,16343,219646,516,20402,80,3311,596,23713,122801,96994.29,5221997,0
"2021-04-09",56648,3120679,44961,1959568,17555,237201,516,20918,77,3388,593,24306,119757,98354,5341754,0
"2021-04-10",49349,3170028,35647,1995215,12728,249929,387,21305,60,3448,447,24753,98171,99703.57,5439925,0
"2021-04-11",38185,3208213,28818,2024033,7682,257611,295,21600,56,3504,351,25104,75036,102492,5514961,0
"2021-04-12",46638,3254851,31850,2055883,13499,271110,465,22065,63,3567,528,25632,92515,103136.71,5607476,0
"2021-04-13",52545,3307396,33792,2089675,368,271478,394,22459,60,3627,454,26086,87159,100929.86,5694635,0
"2021-04-14",50150,3357546,39959,2129634,20,271498,367,22826,70,3697,437,26523,90566,98000.71,5785201,0
"2021-04-15",52126,3409672,43680,2173314,16,271514,451,23277,104,3801,555,27078,96377,94225.86,5881578,0
"2021-04-16",51188,3460860,42215,2215529,32,271546,423,23700,67,3868,490,27568,93925,90535.57,5975503,0
"2021-04-17",43840,3504700,35693,2251222,3,271549,364,24064,82,3950,446,28014,79982,87937.14,6055485,0
"2021-04-18",28608,3533308,29372,2280594,7,271556,251,24315,61,4011,312,28326,58299,85546.14,6113784,0
"2021-04-19",37475,3570783,36451,2317045,22,271578,321,24636,62,4073,383,28709,74331,82948.43,6188115,0
"2021-04-20",40810,3611593,39626,2356671,19,271597,314,24950,77,4150,391,29100,80846,82046.57,6268961,0
"2021-04-21",38904,3650497,46014,2402685,16,271613,493,25443,95,4245,588,29688,85522,81326,6354483,0
"2021-04-22",38494,3688991,48966,2451651,9,271622,336,25779,73,4318,409,30097,87878,80111.86,6442361,0
"2021-04-23",39699,3728690,44381,2496032,4,271626,348,26127,70,4388,418,30515,84502,78765.71,6526863,0
"2021-04-24",31951,3760641,41605,2537637,44,271670,275,26402,59,4447,334,30849,73934,77901.71,6600797,0
"2021-04-25",18423,3779064,31228,2568865,86,271756,194,26596,55,4502,249,31098,49986,76714.14,6650783,0
"2021-04-26",26973,3806037,40741,2609606,1013,272769,280,26876,83,4585,363,31461,69090,75965.43,6719873,0
"2021-04-27",28579,3834616,47142,2656748,1697,274466,346,27222,92,4677,438,31899,77856,75538.29,6797729,0
"2021-04-28",27037,3861653,56844,2713592,2146,276612,428,27650,98,4775,526,32425,86553,75685.57,6884282,0
"2021-04-29",28613,3890266,57204,2770796,2148,278760,363,28013,100,4875,463,32888,88428,75764.14,6972710,0
"2021-04-30",30122,3920388,51992,2822788,2055,280815,281,28294,72,4947,353,33241,84522,75767,7057232,0
"2021-05-01",22480,3942868,44545,2867333,1177,281992,229,28523,63,5010,292,33533,68494,74989.86,7125726,0
"2021-05-02",11925,3954793,36657,2903990,1080,283072,138,28661,55,5065,193,33726,49855,74971.14,7175581,0
"2021-05-03",18028,3972821,53028,2957018,2383,285455,255,28916,89,5154,344,34070,73783,75641.57,7249364,0
"2021-05-04",22738,3995559,56648,3013666,2330,287785,267,29183,113,5267,380,34450,82096,76247.29,7331460,0
"2021-05-05",21481,4017040,48798,3062464,2313,290098,311,29494,98,5365,409,34859,73001,74311.29,7404461,0
"2021-05-06",20682,4037722,50182,3112646,2508,292606,271,29765,83,5448,354,35213,73726,72211,7478187,0
"2021-05-07",21257,4058979,52097,3164743,2813,295419,307,30072,71,5519,378,35591,76545,71071.43,7554732,0
"2021-05-08",16633,4075612,41866,3206609,1835,297254,229,30301,69,5588,298,35889,60632,69948.29,7615364,0
"2021-05-09",7976,4083588,29409,3236018,1260,298514,151,30452,56,5644,207,36096,38852,68376.43,7654216,0
"2021-05-10",14390,4097978,38539,3274557,2355,300869,233,30685,89,5733,322,36418,55606,65779.71,7709822,0
"2021-05-11",19913,4117891,43063,3317620,2514,303383,280,30965,83,5816,363,36781,65853,63459.29,7775675,0
"2021-05-12",17813,4135704,40540,3358160,3594,306977,232,31197,78,5894,310,37091,62257,61924.43,7837932,0
"2021-05-13",24975,4160679,40427,3398587,3230,310207,263,31460,74,5968,337,37428,68969,61244.86,7906901,0
"2021-05-14",27036,4187715,42915,3441502,3537,313744,282,31742,93,6061,375,37803,73863,60861.71,7980764,0
"2021-05-15",23652,4211367,34913,3476415,3366,317110,251,31993,75,6136,326,38129,62257,61093.86,8043021,0
"2021-05-16",15526,4226893,19447,3495862,2497,319607,124,32117,45,6181,169,38298,37639,60920.57,8080660,0
"2021-05-17",22674,4249567,29141,3525003,3257,322864,177,32294,67,6248,244,38542,55316,60879.14,8135976,0
"2021-05-18",24639,4274206,31913,3556916,3404,326268,237,32531,70,6318,307,38849,60263,60080.57,8196239,0
"2021-05-19",24195,4298401,29719,3586635,3039,329307,221,32752,46,6364,267,39116,57220,59361,8253459,0
"2021-05-20",24154,4322555,30088,3616723,3162,332469,269,33021,100,6464,369,39485,57773,57761.57,8311232,0
"2021-05-21",24681,4347236,32004,3648727,3060,335529,256,33277,60,6524,316,39801,60061,55789.86,8371293,0
"2021-05-22",20022,4367258,24360,3673087,2525,338054,164,33441,48,6572,212,40013,47119,53627.29,8418412,0
"2021-05-23",11235,4378493,13732,3686819,1411,339465,93,33534,32,6604,125,40138,26503,52036.43,8444915,0
"2021-05-24",18879,4397372,23158,3709977,2756,342221,213,33747,53,6657,266,40404,45059,50571.14,8489974,0
"2021-05-25",19433,4416805,23381,3733358,2601,344822,177,33924,69,6726,246,40650,45661,48485.14,8535635,0
"2021-05-26",18785,4435590,21091,3754449,2696,347518,199,34123,52,6778,251,40901,42823,46428.43,8578458,0
"2021-05-27",18474,4454064,21276,3775725,2529,350047,189,34312,63,6841,252,41153,42531,44251,8620989,0
"2021-05-28",17864,4471928,22889,3798614,2751,352798,185,34497,53,6894,238,41391,43742,41919.71,8664731,0
"2021-05-29",12710,4484638,17808,3816422,1755,354553,106,34603,39,6933,145,41536,32418,39819.57,8697149,0
"2021-05-30",7032,4491670,8949,3825371,1074,355627,47,34650,17,6950,64,41600,17119,38479,8714268,0
"2021-05-31",4743,4496413,6924,3832295,1012,356639,64,34714,17,6967,81,41681,12760,33864.86,8727028,0
"2021-06-01",16047,4512460,25198,3857493,2176,358815,152,34866,40,7007,192,41873,43613,33572.29,8770641,0
"2021-06-02",15354,4527814,20389,3877882,2094,360909,139,35005,47,7054,186,42059,38023,32886.57,8808664,0
"2021-06-03",15008,4542822,23820,3901702,2281,363190,128,35133,44,7098,172,42231,41281,32708,8849945,0
"2021-06-04",14725,4557547,25998,3927700,2492,365682,144,35277,39,7137,183,42414,43398,32658.86,8893343,0
"2021-06-05",10994,4568541,22090,3949790,1806,367488,114,35391,30,7167,144,42558,35034,33032.57,8928377,0
"2021-06-06",6445,4574986,14483,3964273,1222,368710,88,35479,13,7180,101,42659,22251,33765.71,8950628,0
"2021-06-07",11704,4586690,21784,3986057,2379,371089,139,35618,35,7215,174,42833,36041,37091.57,8986669,0
"2021-06-08",12639,4599329,24024,4010081,2072,373161,119,35737,46,7261,165,42998,38900,36418.29,9025569,0
"2021-06-09",11138,4610467,23028,4033109,2299,375460,134,35871,39,7300,173,43171,36638,36220.43,9062207,0
"2021-06-10",12067,4622534,22235,4055344,2462,377922,141,36012,57,7357,198,43369,36962,35603.43,9099169,0
"2021-06-11",12709,4635243,25122,4080466,2484,380406,156,36168,59,7416,215,43584,40530,35193.71,9139699,0
"2021-06-12",10167,4645410,19310,4099776,1888,382294,94,36262,40,7456,134,43718,31499,34688.71,9171198,0
"2021-06-13",4257,4649667,10937,4110713,1219,383513,41,36303,21,7477,62,43780,16475,33863.57,9187673,0
"2021-06-14",10209,4659876,19241,4129954,2043,385556,126,36429,51,7528,177,43957,31670,33239.14,9219343,0
"2021-06-15",11886,4671762,21014,4150968,1943,387499,131,36560,41,7569,172,44129,35015,32684.14,9254358,0
"2021-06-16",11588,4683350,19411,4170379,1957,389456,140,36700,68,7637,208,44337,33164,32187.86,9287522,0
"2021-06-17",11025,4694375,18764,4189143,1972,391428,121,36821,34,7671,155,44492,31916,31467,9319438,0
"2021-06-18",12166,4706541,18502,4207645,2116,393544,113,36934,36,7707,149,44641,32933,30381.71,9352371,0
"2021-06-19",8498,4715039,13520,4221165,1459,395003,82,37016,21,7728,103,44744,23580,29250.43,9375951,0
"2021-06-20",4336,4719375,7158,4228323,924,395927,36,37052,17,7745,53,44797,12471,28678.43,9388422,0
"2021-06-21",10163,4729538,10009,4238332,1807,397734,68,37120,28,7773,96,44893,22075,27307.71,9410497,0
"2021-06-22",9836,4739374,15641,4253973,1589,399323,105,37225,27,7800,132,45025,27198,26191,9437695,0
"2021-06-23",10313,4749687,15187,4269160,1863,401186,102,37327,29,7829,131,45156,27494,25381,9465189,0
"2021-06-24",9688,4759375,14697,4283857,1799,402985,119,37446,26,7855,145,45301,26329,24582.86,9491518,0
"2021-06-25",10591,4769966,14386,4298243,1721,404706,110,37556,37,7892,147,45448,26845,23713.14,9518363,0
"2021-06-26",7803,4777769,10465,4308708,1251,405957,74,37630,24,7916,98,45546,19617,23147,9537980,0
"2021-06-27",5001,4782770,6001,4314709,795,406752,33,37663,14,7930,47,45593,11844,23057.43,9549824,0
"2021-06-28",9037,4791807,10344,4325053,1526,408278,107,37770,26,7956,133,45726,21040,22909.57,9570864,0
"2021-06-29",9745,4801552,12321,4337374,1347,409625,122,37892,29,7985,151,45877,23564,22390.43,9594428,0
"2021-06-30",9435,4810987,10928,4348302,1486,411111,147,38039,16,8001,163,46040,22012,21607.29,9616440,0
"2021-07-01",9398,4820385,10929,4359231,1433,412544,125,38164,24,8025,149,46189,21909,20975.86,9638349,0
"2021-07-02",9694,4830079,11451,4370682,1541,414085,120,38284,23,8048,143,46332,22829,20402.14,9661178,0
"2021-07-03",7057,4837136,8424,4379106,1193,415278,75,38359,16,8064,91,46423,16765,19994.71,9677943,0
"2021-07-04",1288,4838424,1336,4380442,567,415845,8,38367,3,8067,11,46434,3202,18760.14,9681145,0
"2021-07-05",6496,4844920,7106,4387548,1208,417053,64,38431,20,8087,84,46518,14894,17882.14,9696039,0
"2021-07-06",9511,4854431,12852,4400400,1316,418369,114,38545,35,8122,149,46667,23828,17919.86,9719867,0
"2021-07-07",8670,4863101,11108,4411508,1419,419788,121,38666,19,8141,140,46807,21337,17823.43,9741204,0
"2021-07-08",8208,4871309,10193,4421701,1260,421048,107,38773,21,8162,128,46935,19789,17520.57,9760993,0
"2021-07-09",8375,4879684,10833,4432534,1278,422326,90,38863,17,8179,107,47042,20593,17201.14,9781586,0
"2021-07-10",7106,4886790,8630,4441164,1132,423458,62,38925,20,8199,82,47124,16950,17227.57,9798536,0
"2021-07-11",4105,4890895,4539,4445703,703,424161,34,38959,6,8205,40,47164,9387,18111.14,9807923,0
"2021-07-12",8452,4899347,9555,4455258,1251,425412,82,39041,22,8227,104,47268,19362,18749.43,9827285,0
"2021-07-13",9461,4908808,9392,4464650,952,426364,105,39146,33,8260,138,47406,19943,18194.43,9847228,0
"2021-07-14",9000,4917808,9531,4474181,1011,427375,105,39251,20,8280,125,47531,19667,17955.86,9866895,0
"2021-07-15",8791,4926599,9154,4483335,1054,428429,81,39332,17,8297,98,47629,19097,17857,9885992,0
"2021-07-16",9243,4935842,9760,4493095,980,429409,102,39434,31,8328,133,47762,20116,17788.86,9906108,0
"2021-07-17",6842,4942684,7387,4500482,803,430212,80,39514,19,8347,99,47861,15131,17529,9921239,0
"2021-07-18",4257,4946941,4282,4504764,576,430788,36,39550,14,8361,50,47911,9165,17497.29,9930404,0
"2021-07-19",9122,4956063,8477,4513241,999,431787,90,39640,20,8381,110,48021,18708,17403.86,9949112,0
"2021-07-20",10650,4966713,8759,4522000,991,432778,93,39733,24,8405,117,48138,20517,17485.86,9969629,0
"2021-07-21",10051,4976764,8763,4530763,903,433681,146,39879,31,8436,177,48315,19894,17518.29,9989523,0
"2021-07-22",10688,4987452,8586,4539349,1046,434727,143,40022,26,8462,169,48484,20489,17717.14,10010012,0
"2021-07-23",11252,4998704,8882,4548231,1114,435841,137,40159,22,8484,159,48643,21407,17901.57,10031419,0
"2021-07-24",7405,5006109,6735,4554966,670,436511,81,40240,22,8506,103,48746,14913,17870.43,10046332,0
"2021-07-25",5476,5011585,2127,4557093,509,437020,59,40299,4,8510,63,48809,8175,17729,10054507,0
"2021-07-26",10872,5022457,7003,4564096,859,437879,109,40408,17,8527,126,48935,18860,17750.71,10073367,0
"2021-07-27",12056,5034513,8567,4572663,857,438736,133,40541,34,8561,167,49102,21647,17912.14,10095014,0
"2021-07-28",11992,5046505,8050,4580713,950,439686,131,40672,24,8585,155,49257,21147,18091.14,10116161,0
"2021-07-29",10935,5057440,7428,4588141,984,440670,133,40805,40,8625,173,49430,19520,17952.71,10135681,0
"2021-07-30",14953,5072393,8012,4596153,1150,441820,182,40987,28,8653,210,49640,24325,18369.57,10160006,0
"2021-07-31",9725,5082118,6317,4602470,816,442636,119,41106,20,8673,139,49779,16997,18667.29,10177003,0
"2021-08-01",6504,5088622,3308,4605778,564,443200,81,41187,19,8692,100,49879,10476,18996,10187479,0
"2021-08-02",13451,5102073,7153,4612931,847,444047,144,41331,18,8710,162,50041,21613,19389.29,10209092,0
"2021-08-03",15414,5117487,8385,4621316,1109,445156,144,41475,33,8743,177,50218,25085,19880.43,10234177,0
"2021-08-04",17262,5134749,8124,4629440,1454,446610,180,41655,31,8774,211,50429,27051,20723.86,10261228,0
"2021-08-05",17866,5152615,7928,4637368,1366,447976,161,41816,17,8791,178,50607,27338,21840.71,10288566,0
"2021-08-06",18175,5170790,8416,4645784,1233,449209,162,41978,30,8821,192,50799,28016,22368,10316582,0
"2021-08-07",13387,5184177,6015,4651799,799,450008,100,42078,26,8847,126,50925,20327,22843.71,10336909,0
"2021-08-08",9310,5193487,3834,4655633,399,450407,83,42161,8,8855,91,51016,13634,23294.86,10350543,0
"2021-08-09",21340,5214827,8528,4664161,964,451371,168,42329,34,8889,202,51218,31034,24640.71,10381577,0
"2021-08-10",18921,5233748,9329,4673490,947,452318,176,42505,32,8921,208,51426,29405,25257.86,10410982,0
"2021-08-11",15649,5249397,8306,4681796,853,453171,127,42632,40,8961,167,51593,24975,24961.29,10435957,0
"2021-08-12",15045,5264442,8979,4690775,940,454111,169,42801,33,8994,202,51795,25166,24651,10461123,0
"2021-08-13",14924,5279366,9292,4700067,921,455032,238,43039,36,9030,274,52069,25411,24278.86,10486534,0
"2021-08-14",10407,5289773,6407,4706474,625,455657,529,43568,40,9070,569,52638,18008,23947.57,10504542,0
"2021-08-15",6694,5296467,4476,4710950,676,456333,567,44135,32,9102,599,53237,12445,23777.71,10516987,0
"2021-08-16",15723,5312190,9298,4720248,1150,457483,1318,45453,64,9166,1382,54619,27553,23280.43,10544540,0
"2021-08-17",17776,5329966,10435,4730683,1224,458707,1763,47216,80,9246,1843,56462,31278,23548,10575818,0
"2021-08-18",17509,5347475,10360,4741043,1261,459968,1986,49202,91,9337,2077,58539,31207,24438.29,10607025,0
"2021-08-19",16301,5363776,9520,4750563,1315,461283,1950,51152,64,9401,2014,60553,29150,25007.43,10636175,0
"2021-08-20",16282,5380058,11535,4762098,1254,462537,1855,53007,83,9484,1938,62491,31009,25807.14,10667184,0
"2021-08-21",11149,5391207,8039,4770137,878,463415,1055,54062,55,9539,1110,63601,21176,26259.71,10688360,0
"2021-08-22",4081,5395288,3901,4774038,262,463677,514,54576,32,9571,546,64147,8790,25737.57,10697150,0
"2021-08-23",15585,5410873,11796,4785834,1023,464700,1547,56123,72,9643,1619,65766,30023,26090.43,10727173,0
"2021-08-24",16917,5427790,12594,4798428,1006,465706,1771,57894,73,9716,1844,67610,32361,26245.14,10759534,0
"2021-08-25",14588,5442378,12441,4810869,1110,466816,1564,59458,76,9792,1640,69250,29779,26041.14,10789313,0
"2021-08-26",16167,5458545,14082,4824951,1072,467888,1768,61226,67,9859,1835,71085,33156,26613.43,10822469,0
"2021-08-27",14882,5473427,14822,4839773,971,468859,1667,62893,74,9933,1741,72826,32416,26814.43,10854885,0
"2021-08-28",10683,5484110,11521,4851294,836,469695,1012,63905,43,9976,1055,73881,24095,27231.43,10878980,0
"2021-08-29",7220,5491330,7494,4858788,541,470236,777,64682,54,10030,831,74712,16086,28273.71,10895066,0
"2021-08-30",15524,5506854,16926,4875714,1077,471313,1793,66475,82,10112,1875,76587,35402,29042.14,10930468,0
"2021-08-31",15523,5522377,15952,4891666,951,472264,1968,68443,84,10196,2052,78639,34478,29344.57,10964946,0
"2021-09-01",14831,5537208,14097,4905763,1020,473284,1806,70249,61,10257,1867,80506,31815,29635.43,10996761,0
"2021-09-02",14333,5551541,12518,4918281,896,474180,1703,71952,59,10316,1762,82268,29509,29114.43,11026270,0
"2021-09-03",15017,5566558,14301,4932582,974,475154,1894,73846,69,10385,1963,84231,32255,29091.43,11058525,0
"2021-09-04",9647,5576205,9407,4941989,688,475842,973,74819,33,10418,1006,85237,20748,28613.29,11079273,0
"2021-09-05",6805,5583010,5515,4947504,438,476280,709,75528,13,10431,722,85959,13480,28241,11092753,0
"2021-09-06",5196,5588206,4513,4952017,358,476638,270,75798,11,10442,281,86240,10348,24661.86,11103101,0
"2021-09-07",15579,5603785,17695,4969712,912,477550,1553,77351,87,10529,1640,87880,35826,24854.43,11138927,0
"2021-09-08",16166,5619951,14823,4984535,1072,478622,1768,79119,77,10606,1845,89725,33906,25153.14,11172833,0
"2021-09-09",16115,5636066,14750,4999285,1047,479669,1912,81031,71,10677,1983,91708,33895,25779.71,11206728,0
"2021-09-10",18376,5654442,15394,5014679,1208,480877,1969,83000,79,10756,2048,93756,37026,26461.29,11243754,0
"2021-09-11",12638,5667080,10347,5025026,958,481835,1026,84026,46,10802,1072,94828,25015,27070.86,11268769,0
"2021-09-12",8539,5675619,5051,5030077,766,482601,689,84715,29,10831,718,95546,15074,27298.57,11283843,0
"2021-09-13",16937,5692556,12957,5043034,976,483577,1650,86365,53,10884,1703,97249,32573,30473.57,11316416,0
"2021-09-14",16273,5708829,13677,5056711,886,484463,1591,87956,51,10935,1642,98891,32478,29995.29,11348894,0
"2021-09-15",15546,5724375,12879,5069590,727,485190,1566,89522,79,11014,1645,100536,30797,29551.14,11379691,0
"2021-09-16",15342,5739717,13906,5083496,1210,486400,1457,90979,63,11077,1520,102056,31978,29277.29,11411669,0
"2021-09-17",14438,5754155,13962,5097458,922,487322,1827,92806,54,11131,1881,103937,31203,28445.43,11442872,0
"2021-09-18",10004,5764159,10176,5107634,913,488235,1045,93851,40,11171,1085,105022,22178,28040.14,11465050,0
"2021-09-19",6179,5770338,6072,5113706,558,488793,746,94597,28,11199,774,105796,13583,27827.14,11478633,0
"2021-09-20",12677,5783015,12628,5126334,1067,489860,1919,96516,55,11254,1974,107770,28346,27223.29,11506979,0
"2021-09-21",12237,5795252,12767,5139101,1110,490970,2021,98537,76,11330,2097,109867,28211,26613.71,11535190,0
"2021-09-22",12823,5808075,12003,5151104,1089,492059,1682,100219,66,11396,1748,111615,27663,26166,11562853,0
"2021-09-23",14943,5823018,12758,5163862,1639,493698,2265,102484,71,11467,2336,113951,31676,26122.86,11594529,0
"2021-09-24",16450,5839468,13366,5177228,1633,495331,4625,107109,109,11576,4734,118685,36183,26834.29,11630712,0
"2021-09-25",10543,5850011,9023,5186251,1018,496349,3461,110570,77,11653,3538,122223,24122,27112,11654834,0
"2021-09-26",6304,5856315,5762,5192013,773,497122,2422,112992,55,11708,2477,124700,15316,27359.57,11670150,0
"2021-09-27",14163,5870478,8050,5200063,1155,498277,9059,122051,157,11865,9216,133916,32584,27965,11702734,0
"2021-09-28",11148,5881626,11779,5211842,901,499178,9909,131960,171,12036,10080,143996,33908,28778.86,11736642,0
"2021-09-29",11609,5893235,12192,5224034,1206,500384,9445,141405,161,12197,9606,153602,34613,29771.71,11771255,0
"2021-09-30",12242,5905477,12603,5236637,1338,501722,9742,151147,171,12368,9913,163515,36096,30403.14,11807351,0
"2021-10-01",12649,5918126,13430,5250067,1284,503006,10263,161410,144,12512,10407,173922,37770,30629.86,11845121,0
"2021-10-02",7736,5925862,9974,5260041,865,503871,4238,165648,74,12586,4312,178234,22887,30453.43,11868008,0
"2021-10-03",5078,5930940,6156,5266197,593,504464,2611,168259,54,12640,2665,180899,14492,30335.71,11882500,0
"2021-10-04",9912,5940852,11023,5277220,913,505377,9519,177778,139,12779,9658,190557,31506,30181.71,11914006,0
"2021-10-05",10165,5951017,11737,5288957,972,506349,9932,187710,171,12950,10103,200660,32977,30048.71,11946983,0
"2021-10-06",9916,5960933,11056,5300013,937,507286,9927,197637,152,13102,10079,210739,31988,29673.71,11978971,0
"2021-10-07",9667,5970600,12195,5312208,853,508139,10189,207826,165,13267,10354,221093,33069,29241.29,12012040,0
"2021-10-08",9463,5980063,12174,5324382,942,509081,10903,218729,159,13426,11062,232155,33641,28651.43,12045681,0
"2021-10-09",6260,5986323,8277,5332659,649,509730,4117,222846,87,13513,4204,236359,19390,28151.86,12065071,0
"2021-10-10",3542,5989865,5029,5337688,458,510188,2433,225279,40,13553,2473,238832,11502,27724.71,12076573,0
"2021-10-11",7625,5997490,9331,5347019,728,510916,8885,234164,153,13706,9038,247870,26722,27041.29,12103295,0
"2021-10-12",8078,6005568,10999,5358018,891,511807,10508,244672,178,13884,10686,258556,30654,26709.43,12133949,0
"2021-10-13",7156,6012724,10145,5368163,869,512676,8798,253470,175,14059,8973,267529,27143,26017.29,12161092,0
"2021-10-14",7445,6020169,11113,5379276,836,513512,10114,263584,158,14217,10272,277801,29666,25531.14,12190758,0
"2021-10-15",7731,6027900,11864,5391140,823,514335,10805,274389,163,14380,10968,288769,31386,25209,12222144,0
"2021-10-16",4866,6032766,7467,5398607,666,515001,3843,278232,65,14445,3908,292677,16907,24854.29,12239051,0
"2021-10-17",3061,6035827,4473,5403080,411,515412,2451,280683,40,14485,2491,295168,10436,24702,12249487,0
"2021-10-18",7057,6042884,10666,5413746,796,516208,9475,290158,163,14648,9638,304806,28157,24907,12277644,0
"2021-10-19",6577,6049461,8947,5422693,804,517012,9083,299241,164,14812,9247,314053,25575,24181.43,12303219,0
"2021-10-20",6540,6056001,9375,5432068,975,517987,9980,309221,170,14982,10150,324203,27040,24166.71,12330259,0
"2021-10-21",7033,6063034,9379,5441447,858,518845,10840,320061,147,15129,10987,335190,28257,23965.43,12358516,0
"2021-10-22",8130,6071164,10343,5451790,1026,519871,16339,336400,208,15337,16547,351737,36046,24631.14,12394562,0
"2021-10-23",5173,6076337,6458,5458248,690,520561,9119,345519,110,15447,9229,360966,21550,25294.43,12416112,0
"2021-10-24",3275,6079612,3972,5462220,770,521331,6151,351670,72,15519,6223,367189,14240,25837.86,12430352,0
"2021-10-25",8777,6088389,8742,5470962,1149,522480,19244,370914,283,15802,19527,386716,38195,27271.86,12468547,0
"2021-10-26",8206,6096595,7722,5478684,1258,523738,17283,388197,255,16057,17538,404254,34724,28578.86,12503271,0
"2021-10-27",10571,6107166,8394,5487078,1603,525341,20849,409046,301,16358,21150,425404,41718,30675.71,12544989,0
"2021-10-28",11334,6118500,8039,5495117,1793,527134,20835,429881,310,16668,21145,446549,42311,32683.43,12587300,0
"2021-10-29",11843,6130343,8241,5503358,1963,529097,22522,452403,315,16983,22837,469386,44884,33946,12632184,0
"2021-10-30",4631,6134974,5059,5508417,932,530029,11163,463566,157,17140,11320,480706,21942,34002,12654126,0
"2021-10-31",2666,6137640,2702,5511119,544,530573,6635,470201,95,17235,6730,487436,12642,33773.71,12666768,0
"2021-11-01",7143,6144783,6956,5518075,1089,531662,20377,490578,309,17544,20686,508122,35874,33442.14,12702642,0
"2021-11-02",6588,6151371,6592,5524667,1055,532717,20774,511352,260,17804,21034,529156,35269,33520,12737911,0
"2021-11-03",6855,6158226,6681,5531348,1026,533743,20626,531978,290,18094,20916,550072,35478,32628.57,12773389,0
"2021-11-04",9317,6167543,6279,5537627,995,534738,22352,554330,338,18432,22690,572762,39281,32195.71,12812670,0
"2021-11-05",11060,6178603,6725,5544352,1051,535789,23756,578086,337,18769,24093,596855,42929,31916.43,12855599,0
"2021-11-06",11132,6189735,4050,5548402,594,536383,12590,590676,160,18929,12750,609605,28526,32857,12884125,0
"2021-11-07",7256,6196991,2287,5550689,577,536960,7107,597783,87,19016,7194,616799,17314,33524.43,12901439,0
"2021-11-08",15058,6212049,5680,5556369,865,537825,19504,617287,268,19284,19772,636571,41375,34310.29,12942814,0
"2021-11-09",16158,6228207,5390,5561759,661,538486,20504,637791,259,19543,20763,657334,42972,35410.71,12985786,0
"2021-11-10",16941,6245148,5323,5567082,683,539169,22636,660427,280,19823,22916,680250,45863,36894.29,13031649,0
"2021-11-11",12582,6257730,5188,5572270,760,539929,22078,682505,276,20099,22354,702604,40884,37123.29,13072533,0
"2021-11-12",16897,6274627,5687,5577957,706,540635,23388,705893,348,20447,23736,726340,47026,37708.57,13119559,0
"2021-11-13",9946,6284573,3664,5581621,464,541099,13321,719214,172,20619,13493,739833,27567,37571.57,13147126,0
"2021-11-14",6020,6290593,2293,5583914,325,541424,7925,727139,73,20692,7998,747831,16636,37474.71,13163762,0
"2021-11-15",13231,6303824,5974,5589888,690,542114,25101,752240,340,21032,25441,773272,45336,38040.57,13209098,0
"2021-11-16",9979,6313803,5781,5595669,656,542770,30661,782901,403,21435,31064,804336,47480,38684.57,13256578,0
"2021-11-17",10317,6324120,6676,5602345,681,543451,31408,814309,397,21832,31805,836141,49479,39201.14,13306057,0
"2021-11-18",10747,6334867,6545,5608890,858,544309,33000,847309,430,22262,33430,869571,51580,40729.14,13357637,0
"2021-11-19",12034,6346901,6554,5615444,715,545024,36237,883546,437,22699,36674,906245,55977,42007.86,13413614,0
"2021-11-20",9338,6356239,3419,5618863,513,545537,22511,906057,242,22941,22753,928998,36023,43215.86,13449637,0
"2021-11-21",4959,6361198,1887,5620750,288,545825,13200,919257,141,23082,13341,942339,20475,43764.29,13470112,0
"2021-11-22",10461,6371659,5790,5626540,751,546576,35908,955165,424,23506,36332,978671,53334,44906.86,13523446,0
"2021-11-23",9814,6381473,4781,5631321,636,547212,33509,988674,355,23861,33864,1012535,49095,45137.57,13572541,0
"2021-11-24",8717,6390190,4753,5636074,651,547863,25911,1014585,268,24129,26179,1038714,40300,43826.29,13612841,0
"2021-11-25",449,6390639,325,5636399,80,547943,1003,1015588,9,24138,1012,1039726,1866,36724.29,13614707,0
"2021-11-26",8067,6398706,6988,5643387,530,548473,26582,1042170,280,24418,26862,1066588,42447,34791.43,13657154,0
"2021-11-27",6692,6405398,6834,5650221,371,548844,18836,1061006,211,24629,19047,1085635,32944,34351.57,13690098,0
"2021-11-28",4084,6409482,5784,5656005,282,549126,11879,1072885,113,24742,11992,1097627,22142,34589.71,13712240,0
"2021-11-29",9108,6418590,10985,5666990,687,549813,35020,1107905,411,25153,35431,1133058,56211,35000.71,13768451,0
"2021-11-30",10524,6429114,11433,5678423,513,550326,37781,1145686,472,25625,38253,1171311,60723,36661.86,13829174,0
"2021-12-01",11204,6440318,10985,5689408,723,551049,40343,1186029,420,26045,40763,1212074,63675,40001.14,13892849,0
"2021-12-02",11671,6451989,11037,5700445,627,551676,42153,1228182,432,26477,42585,1254659,65920,49151.71,13958769,0
"2021-12-03",13516,6465505,12891,5713336,676,552352,47910,1276092,495,26972,48405,1303064,75488,53871.86,14034257,0
"2021-12-04",9868,6475373,11294,5724630,567,552919,30669,1306761,289,27261,30958,1334022,52687,56692.29,14086944,0
"2021-12-05",5765,6481138,5707,5730337,271,553190,16653,1323414,123,27384,16776,1350798,28519,57603.29,14115463,0
"2021-12-06",12358,6493496,9959,5740296,601,553791,43235,1366649,426,27810,43661,1394459,66579,59084.43,14182042,0
"2021-12-07",12618,6506114,9256,5749552,625,554416,43022,1409671,480,28290,43502,1437961,66001,59838.43,14248043,0
"2021-12-08",13554,6519668,8773,5758325,554,554970,40775,1450446,452,28742,41227,1479188,64108,59900.29,14312151,0
"2021-12-09",13525,6533193,8756,5767081,555,555525,40803,1491249,469,29211,41272,1520460,64108,59641.43,14376259,0
"2021-12-10",14052,6547245,10142,5777223,670,556195,43660,1534909,477,29688,44137,1564597,69001,58714.71,14445260,0
"2021-12-11",10286,6557531,8119,5785342,405,556600,26695,1561604,261,29949,26956,1591553,45766,57726,14491026,0
"2021-12-12",6026,6563557,3856,5789198,290,556890,15161,1576765,129,30078,15290,1606843,25462,57289.29,14516488,0
"2021-12-13",12246,6575803,7428,5796626,657,557547,37869,1614634,376,30454,38245,1645088,58576,56146,14575064,0
"2021-12-14",12255,6588058,6957,5803583,731,558278,38137,1652771,414,30868,38551,1683639,58494,55073.57,14633558,0
"2021-12-15",12123,6600181,6240,5809823,756,559034,38119,1690890,472,31340,38591,1722230,57710,54159.57,14691268,0
"2021-12-16",13144,6613325,4275,5814098,741,559775,41041,1731931,425,31765,41466,1763696,59626,53519.29,14750894,0
"2021-12-17",15964,6629289,6934,5821032,620,560395,46757,1778688,452,32217,47209,1810905,70727,53765.86,14821621,0
"2021-12-18",13035,6642324,5719,5826751,432,560827,30614,1809302,257,32474,30871,1841776,50057,54378.86,14871678,0
"2021-12-19",7030,6649354,2997,5829748,326,561153,17997,1827299,164,32638,18161,1859937,28514,54814.86,14900192,0
"2021-12-20",16892,6666246,5868,5835616,747,561900,47420,1874719,541,33179,47961,1907898,71468,56656.57,14971660,0
"2021-12-21",17983,6684229,6576,5842192,806,562706,48896,1923615,558,33737,49454,1957352,74819,58988.71,15046479,0
"2021-12-22",18554,6702783,6559,5848751,938,563644,49652,1973267,512,34249,50164,2007516,76215,61632.29,15122694,0
"2021-12-23",19055,6721838,6481,5855232,929,564573,45816,2019083,502,34751,46318,2053834,72783,63511.86,15195477,0
"2021-12-24",9246,6731084,2951,5858183,598,565171,20591,2039674,204,34955,20795,2074629,33590,58206.57,15229067,0
"2021-12-25",343,6731427,64,5858247,31,565202,427,2040101,8,34963,435,2075064,873,51180.29,15229940,0
"2021-12-26",7976,6739403,3929,5862176,341,565543,17273,2057374,166,35129,17439,2092503,29685,51347.57,15259625,0
"2021-12-27",21792,6761195,9205,5871381,932,566475,43419,2100793,529,35658,43948,2136451,75877,51977.43,15335502,0
"2021-12-28",20169,6781364,8330,5879711,698,567173,47559,2148352,584,36242,48143,2184594,77340,52337.57,15412842,0
"2021-12-29",18507,6799871,7672,5887383,607,567780,45531,2193883,464,36706,45995,2230589,72781,51847,15485623,0
"2021-12-30",16882,6816753,7417,5894800,584,568364,44810,2238693,557,37263,45367,2275956,70250,51485.14,15555873,0
"2021-12-31",5365,6822118,2808,5897608,193,568557,14759,2253452,173,37436,14932,2290888,23298,50014.86,15579171,0
"2022-01-01",243,6822361,147,5897755,11,568568,501,2253953,20,37456,521,2291409,922,50021.86,15580093,0
"2022-01-02",6434,6828795,5021,5902776,153,568721,10974,2264927,107,37563,11081,2302490,22689,49022.43,15602782,0
"2022-01-03",14155,6842950,8484,5911260,515,569236,26909,2291836,313,37876,27222,2329712,50376,45379.43,15653158,0
"2022-01-04",12991,6855941,8101,5919361,414,569650,27086,2318922,343,38219,27429,2357141,48935,41321.57,15702093,0
"2022-01-05",11544,6867485,6994,5926355,384,570034,25807,2344729,293,38512,26100,2383241,45022,37356,15747115,0
"2022-01-06",11496,6878981,7385,5933740,485,570519,27506,2372235,321,38833,27827,2411068,47193,34062.14,15794308,0
"2022-01-07",10421,6889402,8418,5942158,337,570856,25006,2397241,306,39139,25312,2436380,44488,37089.29,15838796,0
"2022-01-08",7886,6897288,8568,5950726,310,571166,19439,2416680,171,39310,19610,2455990,36374,42153.86,15875170,0
"2022-01-09",4136,6901424,3844,5954570,214,571380,10058,2426738,87,39397,10145,2466135,18339,41532.43,15893509,0
"2022-01-10",10185,6911609,8188,5962758,490,571870,24599,2451337,288,39685,24887,2491022,43750,40585.86,15937259,0
"2022-01-11",8899,6920508,7999,5970757,521,572391,21020,2472357,270,39955,21290,2512312,38709,39125,15975968,0
"2022-01-12",8943,6929451,8319,5979076,428,572819,22327,2494684,282,40237,22609,2534921,40299,38450.29,16016267,0
"2022-01-13",9047,6938498,8865,5987941,450,573269,22869,2517553,302,40539,23171,2558092,41533,37641.71,16057800,0
"2022-01-14",10120,6948618,8120,5996061,476,573745,26430,2543983,305,40844,26735,2584827,45451,37779.29,16103251,0
"2022-01-15",6209,6954827,4309,6000370,179,573924,15143,2559126,167,41011,15310,2600137,26007,36298.29,16129258,0
"2022-01-16",2922,6957749,3251,6003621,95,574019,7817,2566943,79,41090,7896,2608033,14164,35701.86,16143422,0
"2022-01-17",6085,6963834,6759,6010380,363,574382,14674,2581617,206,41296,14880,2622913,28087,33464.29,16171509,0
"2022-01-18",8169,6972003,10317,6020697,397,574779,19658,2601275,312,41608,19970,2642883,38853,33484.86,16210362,0
"2022-01-19",7474,6979477,9251,6029948,305,575084,17706,2618981,262,41870,17968,2660851,34998,32727.57,16245360,0
"2022-01-20",6282,6985759,8562,6038510,305,575389,15247,2634228,230,42100,15477,2676328,30626,31169.43,16275986,0
"2022-01-21",7580,6993339,7501,6046011,276,575665,18501,2652729,275,42375,18776,2695104,34133,29552.57,16310119,0
"2022-01-22",5194,6998533,4939,6050950,131,575796,11318,2664047,121,42496,11439,2706543,21703,28937.71,16331822,0
"2022-01-23",2812,7001345,3329,6054279,97,575893,6227,2670274,74,42570,6301,2712844,12539,28705.57,16344361,0
"2022-01-24",6372,7007717,8197,6062476,262,576155,15075,2685349,231,42801,15306,2728150,30137,28998.43,16374498,0
"2022-01-25",6193,7013910,7936,6070412,233,576388,14683,2700032,253,43054,14936,2743086,29298,27633.43,16403796,0
"2022-01-26",5754,7019664,7169,6077581,289,576677,14014,2714046,206,43260,14220,2757306,27432,26552.57,16431228,0
"2022-01-27",5264,7024928,7090,6084671,321,576998,14076,2728122,227,43487,14303,2771609,26978,26031.43,16458206,0
"2022-01-28",6269,7031197,7863,6092534,203,577201,16127,2744249,232,43719,16359,2787968,30694,25540.14,16488900,0
"2022-01-29",843,7032040,727,6093261,28,577229,2537,2746786,39,43758,2576,2790544,4174,23036,16493074,0
"2022-01-30",2097,7034137,3021,6096282,103,577332,4536,2751322,61,43819,4597,2795141,9818,22647.29,16502892,0
"2022-01-31",5011,7039148,6599,6102881,220,577552,11373,2762695,194,44013,11567,2806708,23397,21684.43,16526289,0
"2022-02-01",4842,7043990,6437,6109318,219,577771,10706,2773401,210,44223,10916,2817624,22414,20701,16548703,0
"2022-02-02",4251,7048241,5924,6115242,213,577984,11226,2784627,233,44456,11459,2829083,21847,19903.14,16570550,0
"2022-02-03",4236,7052477,5807,6121049,216,578200,11209,2795836,194,44650,11403,2840486,21662,19143.71,16592212,0
"2022-02-04",4776,7057253,7112,6128161,214,578414,13216,2809052,231,44881,13447,2853933,25549,18408.71,16617761,0
"2022-02-05",3588,7060841,6050,6134211,110,578524,8571,2817623,148,45029,8719,2862652,18467,20450.57,16636228,0
"2022-02-06",2064,7062905,2134,6136345,121,578645,4637,2822260,102,45131,4739,2867391,9058,20342,16645286,0
"2022-02-07",4159,7067064,4724,6141069,205,578850,10132,2832392,226,45357,10358,2877749,19446,19777.57,16664732,0
"2022-02-08",4225,7071289,5611,6146680,214,579064,11325,2843717,300,45657,11625,2889374,21675,19672,16686407,0
"2022-02-09",4142,7075431,5402,6152082,222,579286,11657,2855374,247,45904,11904,2901278,21670,19646.71,16708077,0
"2022-02-10",4002,7079433,5118,6157200,245,579531,12194,2867568,276,46180,12470,2913748,21835,19671.43,16729912,0
"2022-02-11",4517,7083950,5806,6163006,195,579726,13733,2881301,310,46490,14043,2927791,24561,19530.29,16754473,0
"2022-02-12",3262,7087212,4341,6167347,97,579823,8807,2890108,211,46701,9018,2936809,16718,19280.43,16771191,0
"2022-02-13",1522,7088734,1542,6168889,41,579864,4881,2894989,105,46806,4986,2941795,8091,19142.29,16779282,0
"2022-02-14",2986,7091720,3622,6172511,167,580031,10567,2905556,321,47127,10888,2952683,17663,18887.57,16796945,0
"2022-02-15",3562,7095282,4070,6176581,176,580207,12777,2918333,270,47397,13047,2965730,20855,18770.43,16817800,0
"2022-02-16",3665,7098947,3895,6180476,200,580407,15705,2934038,287,47684,15992,2981722,23752,19067.86,16841552,0
"2022-02-17",4041,7102988,4081,6184557,162,580569,18266,2952304,353,48037,18619,3000341,26903,19791.86,16868455,0
"2022-02-18",4478,7107466,4781,6189338,190,580759,21532,2973836,445,48482,21977,3022318,31426,20772.57,16899881,0
"2022-02-19",3259,7110725,2180,6191518,65,580824,11171,2985007,211,48693,11382,3033700,16886,20796.57,16916767,0
"2022-02-20",1863,7112588,1447,6192965,59,580883,6576,2991583,111,48804,6687,3040387,10056,21077.29,16926823,0
"2022-02-21",3088,7115676,2690,6195655,95,580978,8351,2999934,220,49024,8571,3048958,14444,20617.43,16941267,0
"2022-02-22",4382,7120058,4249,6199904,175,581153,10828,3010762,247,49271,11075,3060033,19881,20478.29,16961148,0
"2022-02-23",4272,7124330,3793,6203697,145,581298,10653,3021415,236,49507,10889,3070922,19099,19813.57,16980247,0
"2022-02-24",3799,7128129,3655,6207352,108,581406,10183,3031598,227,49734,10410,3081332,17972,18537.71,16998219,0
"2022-02-25",3623,7131752,3625,6210977,134,581540,9974,3041572,229,49963,10203,3091535,17585,16560.43,17015804,0
"2022-02-26",2843,7134595,2577,6213554,74,581614,9507,3051079,152,50115,9659,3101194,15153,16312.86,17030957,0
"2022-02-27",1773,7136368,1372,6214926,52,581666,6267,3057346,97,50212,6364,3107558,9561,16242.14,17040518,0
"2022-02-28",3805,7140173,3132,6218058,140,581806,13123,3070469,246,50458,13369,3120927,20446,17099.57,17060964,0
"2022-03-01",2138,7142311,2622,6220680,103,581909,5169,3075638,182,50640,5351,3126278,10214,15718.57,17071178,0
"2022-03-02",1843,7144154,2437,6223117,106,582015,4122,3079760,204,50844,4326,3130604,8712,14234.71,17079890,0
"2022-03-03",1939,7146093,2556,6225673,106,582121,3795,3083555,168,51012,3963,3134567,8564,12890.71,17088454,0
"2022-03-04",2121,7148214,2873,6228546,66,582187,4327,3087882,205,51217,4532,3139099,9592,11748.86,17098046,0
"2022-03-05",1613,7149827,2125,6230671,43,582230,3315,3091197,112,51329,3427,3142526,7208,10613.86,17105254,0
"2022-03-06",799,7150626,879,6231550,30,582260,1622,3092819,54,51383,1676,3144202,3384,9731.43,17108638,0
"2022-03-07",1668,7152294,1787,6233337,86,582346,3495,3096314,159,51542,3654,3147856,7195,7838.43,17115833,0
"2022-03-08",1550,7153844,1892,6235229,80,582426,3123,3099437,145,51687,3268,3151124,6790,7349.29,17122623,0
"2022-03-09",1268,7155112,1667,6236896,79,582505,2583,3102020,129,51816,2712,3153836,5726,6922.71,17128349,0
"2022-03-10",1421,7156533,2099,6238995,85,582590,2952,3104972,159,51975,3111,3156947,6716,6658.71,17135065,0
"2022-03-11",1604,7158137,2272,6241267,81,582671,3212,3108184,186,52161,3398,3160345,7355,6339.14,17142420,0
"2022-03-12",879,7159016,1414,6242681,40,582711,2004,3110188,72,52233,2076,3162421,4409,5939.29,17146829,0
"2022-03-13",626,7159642,757,6243438,27,582738,1292,3111480,47,52280,1339,3163760,2749,5848.57,17149578,0
"2022-03-14",1376,7161018,1601,6245039,83,582821,2988,3114468,203,52483,3191,3166951,6251,5713.71,17155829,0
"2022-03-15",1363,7162381,1924,6246963,63,582884,3069,3117537,227,52710,3296,3170247,6646,5693.14,17162475,0
"2022-03-16",1401,7163782,2065,6249028,94,582978,3132,3120669,293,53003,3425,3173672,6985,5873,17169460,0
"2022-03-17",1185,7164967,1806,6250834,70,583048,2757,3123426,262,53265,3019,3176691,6080,5782.14,17175540,0
"2022-03-18",1594,7166561,2210,6253044,80,583128,3767,3127193,413,53678,4180,3180871,8064,5883.43,17183604,0
"2022-03-19",1113,7167674,1733,6254777,54,583182,2594,3129787,225,53903,2819,3183690,5719,6070.57,17189323,0
"2022-03-20",614,7168288,627,6255404,33,583215,1463,3131250,183,54086,1646,3185336,2920,6095,17192243,0
"2022-03-21",1422,7169710,1551,6256955,72,583287,3053,3134303,352,54438,3405,3188741,6450,6123.43,17198693,0
"2022-03-22",1344,7171054,1551,6258506,101,583388,2902,3137205,338,54776,3240,3191981,6236,6064.86,17204929,0
"2022-03-23",1263,7172317,1361,6259867,66,583454,2916,3140121,371,55147,3287,3195268,5977,5920.86,17210906,0
"2022-03-24",1211,7173528,1299,6261166,90,583544,2516,3142637,264,55411,2780,3198048,5380,5820.86,17216286,0
"2022-03-25",1391,7174919,1627,6262793,62,583606,3262,3145899,372,55783,3634,3201682,6714,5628,17223000,0
"2022-03-26",929,7175848,1163,6263956,36,583642,2302,3148201,249,56032,2551,3204233,4679,5479.43,17227679,0
"2022-03-27",574,7176422,527,6264483,29,583671,1312,3149513,203,56235,1515,3205748,2645,5440.14,17230324,0
"2022-03-28",1088,7177510,1161,6265644,68,583739,2440,3151953,354,56589,2794,3208542,5111,5248.86,17235435,0
"2022-03-29",1052,7178562,1105,6266749,85,583824,2515,3154468,872,57461,3387,3211929,5629,5162.14,17241064,0
"2022-03-30",1251,7179813,1143,6267892,98,583922,3065,3157533,3377,60838,6442,3218371,8934,5584.57,17249998,0
"2022-03-31",1289,7181102,1263,6269155,57,583979,3166,3160699,5472,66310,8638,3227009,11247,6422.71,17261245,0
"2022-04-01",1440,7182542,1495,6270650,76,584055,3248,3163947,6865,73175,10113,3237122,13124,7338.43,17274369,0
"2022-04-02",913,7183455,913,6271563,33,584088,2097,3166044,4494,77669,6591,3243713,8450,7877.14,17282819,0
"2022-04-03",561,7184016,499,6272062,28,584116,1223,3167267,3041,80710,4264,3247977,5352,8263.86,17288171,0
"2022-04-04",1359,7185375,1308,6273370,60,584176,2734,3170001,7646,88356,10380,3258357,13107,9406.14,17301278,0
"2022-04-05",1304,7186679,1165,6274535,66,584242,2857,3172858,7439,95795,10296,3268653,12831,10435,17314109,0
"2022-04-06",1329,7188008,1184,6275719,61,584303,2622,3175480,6910,102705,9532,3278185,12106,10888.14,17326215,0
"2022-04-07",1210,7189218,1063,6276782,54,584357,2378,3177858,6569,109274,8947,3287132,11274,10892,17337489,0
"2022-04-08",1492,7190710,1403,6278185,62,584419,3167,3181025,8721,117995,11888,3299020,14845,11137.86,17352334,0
"2022-04-09",927,7191637,923,6279108,29,584448,2068,3183093,4912,122907,6980,3306000,8859,11196.29,17361193,0
"2022-04-10",588,7192225,461,6279569,25,584473,1170,3184263,2868,125775,4038,3310038,5112,11162,17366305,0
"2022-04-11",1332,7193557,1234,6280803,59,584532,2664,3186927,7732,133507,10396,3320434,13021,11149.71,17379326,0
"2022-04-12",1220,7194777,1057,6281860,73,584605,2529,3189456,7368,140875,9897,3330331,12247,11066.29,17391573,0
"2022-04-13",1256,7196033,1078,6282938,59,584664,2507,3191963,7490,148365,9997,3340328,12390,11106.86,17403963,0
"2022-04-14",1280,7197313,1100,6284038,59,584723,2431,3194394,6528,154893,8959,3349287,11398,11124.57,17415361,0
"2022-04-15",1350,7198663,1097,6285135,53,584776,2565,3196959,6567,161460,9132,3358419,11632,10665.57,17426993,0
"2022-04-16",873,7199536,653,6285788,33,584809,1638,3198597,3637,165097,5275,3363694,6834,10376.29,17433827,0
"2022-04-17",347,7199883,203,6285991,27,584836,639,3199236,1144,166241,1783,3365477,2360,9983.14,17436187,0
"2022-04-18",1394,7201277,1116,6287107,82,584918,2587,3201823,6361,172602,8948,3374425,11540,9771.57,17447727,0
"2022-04-19",1416,7202693,938,6288045,72,584990,2572,3204395,5698,178300,8270,3382695,10696,9550,17458423,0
"2022-04-20",1316,7204009,1143,6289188,65,585055,2684,3207079,6583,184883,9267,3391962,11791,9464.43,17470214,0
"2022-04-21",1226,7205235,1062,6290250,53,585108,2328,3209407,5292,190175,7620,3399582,9961,9259.14,17480175,0
"2022-04-22",1219,7206454,1026,6291276,46,585154,2201,3211608,5579,195754,7780,3407362,10071,9036.14,17490246,0
"2022-04-23",719,7207173,750,6292026,59,585213,1426,3213034,3323,199077,4749,3412111,6277,8956.57,17496523,0
"2022-04-24",443,7207616,338,6292364,27,585240,814,3213848,1797,200874,2611,3414722,3419,9107.86,17499942,0
"2022-04-25",1032,7208648,913,6293277,64,585304,1851,3215699,5042,205916,6893,3421615,8902,8731,17508844,0
"2022-04-26",947,7209595,858,6294135,76,585380,1752,3217451,4653,210569,6405,3428020,8286,8386.71,17517130,0
"2022-04-27",1041,7210636,1014,6295149,80,585460,1931,3219382,5165,215734,7096,3435116,9231,8021,17526361,0
"2022-04-28",1092,7211728,987,6296136,50,585510,2004,3221386,4693,220427,6697,3441813,8826,7858.86,17535187,0
"2022-04-29",1190,7212918,1106,6297242,60,585570,2156,3223542,5327,225754,7483,3449296,9839,7825.71,17545026,0
"2022-04-30",730,7213648,741,6297983,43,585613,1393,3224935,2934,228688,4327,3453623,5841,7763.43,17550867,0
"2022-05-01",447,7214095,367,6298350,20,585633,766,3225701,1638,230326,2404,3456027,3238,7737.57,17554105,0
"2022-05-02",1060,7215155,792,6299142,52,585685,1673,3227374,3779,234105,5452,3461479,7356,7516.71,17561461,0
"2022-05-03",1125,7216280,861,6300003,61,585746,1991,3229365,4820,238925,6811,3468290,8858,7598.43,17570319,0
"2022-05-04",1022,7217302,884,6300887,48,585794,1913,3231278,4593,243518,6506,3474796,8460,7488.29,17578779,0
"2022-05-05",1058,7218360,952,6301839,86,585880,1926,3233204,4837,248355,6763,3481559,8859,7493,17587638,0
"2022-05-06",1096,7219456,959,6302798,51,585931,1864,3235068,4335,252690,6199,3487758,8305,7273.86,17595943,0
"2022-05-07",663,7220119,592,6303390,31,585962,1207,3236275,2410,255100,3617,3491375,4903,7139.86,17600846,0
"2022-05-08",417,7220536,247,6303637,17,585979,668,3236943,1366,256466,2034,3493409,2715,7065.14,17603561,0
"2022-05-09",1083,7221619,948,6304585,60,586039,1883,3238826,4396,260862,6279,3499688,8370,7210,17611931,0
"2022-05-10",1099,7222718,927,6305512,54,586093,1987,3240813,4664,265526,6651,3506339,8731,7191.86,17620662,0
"2022-05-11",1095,7223813,979,6306491,44,586137,1938,3242751,4789,270315,6727,3513066,8845,7246.86,17629507,0
"2022-05-12",1103,7224916,949,6307440,58,586195,2003,3244754,4613,274928,6616,3519682,8726,7227.86,17638233,0
"2022-05-13",1165,7226081,1039,6308479,44,586239,2059,3246813,4745,279673,6804,3526486,9052,7334.57,17647285,0
"2022-05-14",832,7226913,670,6309149,31,586270,1471,3248284,2911,282584,4382,3530868,5915,7479.14,17653200,0
"2022-05-15",511,7227424,355,6309504,21,586291,923,3249207,1633,284217,2556,3533424,3443,7583.14,17656643,0
"2022-05-16",1232,7228656,860,6310364,60,586351,1824,3251031,3820,288037,5644,3539068,7796,7501.14,17664439,0
"2022-05-17",1300,7229956,924,6311288,79,586430,2052,3253083,4834,292871,6886,3545954,9189,7566.57,17673628,0
"2022-05-18",1248,7231204,904,6312192,82,586512,2061,3255144,4872,297743,6933,3552887,9167,7612.57,17682795,0
"2022-05-19",1176,7232380,872,6313064,35,586547,2113,3257257,4668,302411,6781,3559668,8864,7632.29,17691659,0
"2022-05-20",1206,7233586,955,6314019,74,586621,2366,3259623,5129,307540,7495,3567163,9730,7729.14,17701389,0
"2022-05-21",837,7234423,648,6314667,23,586644,1726,3261349,3261,310801,4987,3572150,6495,7812,17707884,0
"2022-05-22",513,7234936,292,6314959,22,586666,1134,3262483,1824,312625,2958,3575108,3785,7860.86,17711669,0
"2022-05-23",1228,7236164,891,6315850,47,586713,2182,3264665,4659,317284,6841,3581949,9007,8033.86,17720676,0
"2022-05-24",1436,7237600,939,6316789,66,586779,2288,3266953,4432,321716,6720,3588669,9161,8029.86,17729837,0
"2022-05-25",1441,7239041,958,6317747,56,586835,2261,3269214,4195,325911,6456,3595125,8911,7993.29,17738748,0
"2022-05-26",1184,7240225,869,6318616,60,586895,2259,3271473,4087,329998,6346,3601471,8459,7935.43,17747207,0
"2022-05-27",1252,7241477,955,6319571,38,586933,2491,3273964,3853,333851,6344,3607815,8589,7772.43,17755796,0
"2022-05-28",721,7242198,516,6320087,19,586952,1772,3275736,2042,335893,3814,3611629,5070,7568.86,17760866,0
"2022-05-29",475,7242673,217,6320304,11,586963,762,3276498,1111,337004,1873,3613502,2576,7396.14,17763442,0
"2022-05-30",92,7242765,56,6320360,6,586969,139,3276637,143,337147,282,3613784,436,6171.71,17763878,0
"2022-05-31",1137,7243902,910,6321270,51,587020,1875,3278512,3036,340183,4911,3618695,7009,5864.29,17770887,0
"2022-06-01",1153,7245055,845,6322115,63,587083,1960,3280472,3375,343558,5335,3624030,7396,5647.86,17778283,0
"2022-06-02",1030,7246085,797,6322912,72,587155,1821,3282293,3139,346697,4960,3628990,6859,5419.29,17785142,0
"2022-06-03",1170,7247255,888,6323800,47,587202,2052,3284345,3470,350167,5522,3634512,7627,5281.86,17792769,0
"2022-06-04",727,7247982,582,6324382,26,587228,1551,3285896,1887,352054,3438,3637950,4773,5239.43,17797542,0
"2022-06-05",449,7248431,297,6324679,1,587229,878,3286774,974,353028,1852,3639802,2599,5242.71,17800141,0
"2022-06-06",1126,7249557,825,6325504,64,587293,1748,3288522,2721,355749,4469,3644271,6484,6106.71,17806625,0
"2022-06-07",1022,7250579,767,6326271,70,587363,1763,3290285,2544,358293,4307,3648578,6166,5986.29,17812791,0
"2022-06-08",1093,7251672,834,6327105,75,587438,1866,3292151,2718,361011,4584,3653162,6586,5870.57,17819377,0
"2022-06-09",1149,7252821,836,6327941,61,587499,2198,3294349,2670,363681,4868,3658030,6914,5878.43,17826291,0
"2022-06-10",1049,7253870,809,6328750,75,587574,1869,3296218,2791,366472,4660,3662690,6593,5730.71,17832884,0
"2022-06-11",684,7254554,508,6329258,24,587598,1317,3297535,1498,367970,2815,3665505,4031,5624.71,17836915,0
"2022-06-12",351,7254905,286,6329544,20,587618,877,3298412,766,368736,1643,3667148,2300,5582,17839215,0
"2022-06-13",1033,7255938,762,6330306,63,587681,1567,3299979,2167,370903,3734,3670882,5592,5454.57,17844807,0
"2022-06-14",938,7256876,814,6331120,55,587736,1653,3301632,2481,373384,4134,3675016,5941,5422.43,17850748,0
"2022-06-15",970,7257846,850,6331970,39,587775,1635,3303267,2394,375778,4029,3679045,5888,5322.71,17856636,0
"2022-06-16",940,7258786,770,6332740,58,587833,1800,3305067,2302,378080,4102,3683147,5870,5173.57,17862506,0
"2022-06-17",891,7259677,779,6333519,44,587877,1733,3306800,2328,380408,4061,3687208,5775,5056.71,17868281,0
"2022-06-18",661,7260338,522,6334041,26,587903,1270,3308070,1288,381696,2558,3689766,3767,5019,17872048,0
"2022-06-19",355,7260693,236,6334277,16,587919,721,3308791,598,382294,1319,3691085,1926,4965.57,17873974,0
"2022-06-20",829,7261522,481,6334758,41,587960,1545,3310336,1600,383894,3145,3694230,4496,4809,17878470,0
"2022-06-21",1049,7262571,719,6335477,50,588010,1658,3311994,2081,385975,3739,3697969,5557,4754.14,17884027,0
"2022-06-22",981,7263552,800,6336277,44,588054,1657,3313651,1935,387910,3592,3701561,5417,4686.86,17889444,0
"2022-06-23",922,7264474,738,6337015,64,588118,1662,3315313,2058,389968,3720,3705281,5444,4626,17894888,0
"2022-06-24",920,7265394,748,6337763,48,588166,1609,3316922,2108,392076,3717,3708998,5433,4577.14,17900321,0
"2022-06-25",630,7266024,478,6338241,15,588181,1226,3318148,1121,393197,2347,3711345,3470,4534.71,17903791,0
"2022-06-26",437,7266461,247,6338488,14,588195,676,3318824,528,393725,1204,3712549,1902,4531.29,17905693,0
"2022-06-27",848,7267309,642,6339130,59,588254,1436,3320260,1587,395312,3023,3715572,4572,4542.14,17910265,0
"2022-06-28",972,7268281,814,6339944,50,588304,1832,3322092,2080,397392,3912,3719484,5748,4569.43,17916013,0
"2022-06-29",876,7269157,755,6340699,48,588352,1665,3323757,1873,399265,3538,3723022,5217,4540.86,17921230,0
"2022-06-30",885,7270042,790,6341489,46,588398,1696,3325453,2054,401319,3750,3726772,5471,4544.71,17926701,0
"2022-07-01",705,7270747,578,6342067,22,588420,1353,3326806,1686,403005,3039,3729811,4344,4389.14,17931045,0
"2022-07-02",434,7271181,377,6342444,15,588435,818,3327624,915,403920,1733,3731544,2559,4259,17933604,0
"2022-07-03",296,7271477,203,6342647,5,588440,450,3328074,474,404394,924,3732468,1428,4191.29,17935032,0
"2022-07-04",31,7271508,26,6342673,1,588441,30,3328104,38,404432,68,3732536,126,3556.14,17935158,0
"2022-07-05",805,7272313,734,6343407,33,588474,1377,3329481,1706,406138,3083,3735619,4655,3400,17939813,0
"2022-07-06",804,7273117,655,6344062,43,588517,1376,3330857,1752,407890,3128,3738747,4630,3316.14,17944443,120000
"2022-07-07",826,7273943,678,6344740,45,588562,1411,3332268,1842,409732,3253,3742000,4802,3220.57,17949245,120000
"2022-07-08",856,7274799,623,6345363,35,588597,1417,3333685,1903,411635,3320,3745320,4834,3290.57,17954079,120000
"2022-07-09",503,7275302,404,6345767,23,588620,847,3334532,1303,412938,2150,3747470,3080,3365,17957159,120000
"2022-07-10",315,7275617,180,6345947,13,588633,416,3334948,637,413575,1053,3748523,1561,3384,17958720,120000
"2022-07-11",907,7276524,586,6346533,44,588677,1361,3336309,2108,415683,3469,3751992,5006,4081.14,17963726,120000
"2022-07-12",272,7276796,234,6346767,16,588693,465,3336774,913,416596,1378,3753370,1900,3687.57,17965626,120000
