"DATE","ADMIN_DOSE1_DAILY","ADMIN_DOSE1_CUMULATIVE","ADMIN_DOSE2_DAILY","ADMIN_DOSE2_CUMULATIVE","ADMIN_SINGLE_DAILY","ADMIN_SINGLE_CUMULATIVE","ADMIN_ADDITIONAL1_DAILY","ADMIN_ADDITIONAL1_CUMULATIVE","ADMIN_ADDITIONAL2_DAILY","ADMIN_ADDITIONAL2_CUMULATIVE","ADMIN_ADDITIONAL_DAILY","ADMIN_ADDITIONAL_CUMULATIVE","ADMIN_ALLDOSES_DAILY","ADMIN_ALLDOSES_7DAYAVG","ADMIN_ALLDOSES_CUMULATIVE","ADMIN_ALLDOSES_PRIMARY","INCOMPLETE"
2020-12-14,79,79,0,0,2,2,0,0,0,0,0,0,81,,81,81,0
2020-12-15,2051,2130,6,6,5,7,0,0,0,0,0,0,2062,,2143,2143,0
2020-12-16,4606,6736,15,21,4,11,1,1,0,0,1,1,4626,,6769,6768,0
2020-12-17,4659,11395,18,39,2,13,1,2,0,0,1,2,4680,,11449,11447,0
2020-12-18,5835,17230,18,57,2,15,2,4,0,0,2,4,5857,,17306,17302,0
2020-12-19,1687,18917,8,65,3,18,0,4,0,0,0,4,1698,,19004,19000,0
2020-12-20,1116,20033,2,67,1,19,0,4,0,0,0,4,1119,2874.71,20123,20119,0
2020-12-21,6392,26425,20,87,0,19,5,9,0,0,5,9,6417,3779.86,26540,26531,0
2020-12-22,9766,36191,29,116,2,21,1,10,0,0,1,10,9798,4885,36338,36328,0
2020-12-23,14278,50469,36,152,3,24,0,10,0,0,0,10,14317,6269.43,50655,50645,0
2020-12-24,7173,57642,26,178,1,25,0,10,0,0,0,10,7200,6629.43,57855,57845,0
2020-12-25,180,57822,0,178,0,25,1,11,0,0,1,11,181,5818.57,58036,58025,0
2020-12-26,4392,62214,45,223,0,25,1,12,0,0,1,12,4438,6210,62474,62462,0
2020-12-27,3870,66084,14,237,0,25,1,13,0,0,1,13,3885,6605.14,66359,66346,0
2020-12-28,10993,77077,50,287,1,26,3,16,0,0,3,16,11047,7266.57,77406,77390,0
2020-12-29,10714,87791,36,323,2,28,3,19,0,0,3,19,10755,7403.29,88161,88142,0
2020-12-30,12821,100612,46,369,0,28,0,19,0,0,0,19,12867,7196.14,101028,101009,0
2020-12-31,7259,107871,36,405,1,29,0,19,0,0,0,19,7296,7209.86,108324,108305,0
2021-01-01,180,108051,2,407,1,30,3,22,0,0,3,22,186,7210.57,108510,108488,0
2021-01-02,3809,111860,10,417,3,33,2,24,0,0,2,24,3824,7122.86,112334,112310,0
2021-01-03,3541,115401,24,441,2,35,1,25,0,0,1,25,3568,7077.57,115902,115877,0
2021-01-04,12255,127656,807,1248,2,37,7,32,0,0,7,32,13071,7366.71,128973,128941,0
2021-01-05,14091,141747,2194,3442,2,39,13,45,1,1,14,46,16301,8159,145274,145228,0
2021-01-06,17798,159545,3929,7371,1,40,31,76,8,9,39,85,21767,9430.43,167041,166956,0
2021-01-07,16542,176087,5179,12550,4,44,46,122,3,12,49,134,21774,11498.71,188815,188681,0
2021-01-08,16611,192698,5461,18011,0,44,35,157,4,16,39,173,22111,14630.86,210926,210753,0
2021-01-09,7650,200348,1464,19475,1,45,7,164,2,18,9,182,9124,15388,220050,219868,0
2021-01-10,7880,208228,983,20458,0,45,11,175,0,18,11,193,8874,16146,228924,228731,0
2021-01-11,25812,234040,7460,27918,2,47,54,229,8,26,62,255,33336,19041,262260,262005,0
2021-01-12,28250,262290,7861,35779,1,48,45,274,4,30,49,304,36161,21878.14,298421,298117,0
2021-01-13,31710,294000,9418,45197,1,49,58,332,5,35,63,367,41192,24653.14,339613,339246,0
2021-01-14,35799,329799,5303,50500,1,50,33,365,7,42,40,407,41143,27420.14,380756,380349,0
2021-01-15,29252,359051,3716,54216,2,52,31,396,5,47,36,443,33006,28976.57,413762,413319,0
2021-01-16,30273,389324,2391,56607,0,52,25,421,6,53,31,474,32695,32343.86,446457,445983,0
2021-01-17,23736,413060,1639,58246,0,52,20,441,1,54,21,495,25396,34704.14,471853,471358,0
2021-01-18,27089,440149,2425,60671,0,52,37,478,7,61,44,539,29559,34164.57,501412,500873,0
2021-01-19,34284,474433,9639,70310,1,53,70,548,6,67,76,615,44000,35284.43,545412,544797,0
2021-01-20,34859,509292,9498,79808,1,54,60,608,4,71,64,679,44422,35745.86,589834,589155,0
2021-01-21,25579,534871,8099,87907,2,56,51,659,5,76,56,735,33736,34687.71,623570,622835,0
2021-01-22,24746,559617,4385,92292,1,57,32,691,8,84,40,775,29172,34140,652742,651967,0
2021-01-23,15743,575360,3225,95517,0,57,10,701,2,86,12,787,18980,32180.71,671722,670935,0
2021-01-24,7174,582534,3458,98975,0,57,19,720,1,87,20,807,10652,30074.43,682374,681567,0
2021-01-25,13406,595940,11824,110799,0,57,66,786,12,99,78,885,25308,29467.14,707682,706797,0
2021-01-26,16752,612692,10760,121559,0,57,70,856,3,102,73,958,27585,27122.14,735267,734309,0
2021-01-27,20831,633523,12359,133918,0,57,53,909,9,111,62,1020,33252,25526.43,768519,767499,0
2021-01-28,30751,664274,12857,146775,0,57,82,991,16,127,98,1118,43709,26951.14,812228,811110,0
2021-01-29,31679,695953,11513,158288,0,57,84,1075,11,138,95,1213,43287,28967.57,855515,854302,0
2021-01-30,18711,714664,3740,162028,0,57,21,1096,2,140,23,1236,22474,29466.71,877989,876753,0
2021-01-31,13008,727672,2928,164956,1,58,30,1126,5,145,35,1271,15972,30226.71,893961,892690,0
2021-02-01,1180,728852,5400,170356,4,62,37,1163,4,149,41,1312,6625,27557.71,900586,899274,0
2021-02-02,2821,731673,9448,179804,2,64,50,1213,3,152,53,1365,12324,25377.57,912910,911545,0
2021-02-03,16346,748019,21236,201040,4,68,215,1428,22,174,237,1602,37823,26030.57,950733,949131,0
2021-02-04,27041,775060,19648,220688,3,71,207,1635,10,184,217,1819,46909,26487.71,997642,995823,0
2021-02-05,27582,802642,20032,240720,0,71,189,1824,15,199,204,2023,47818,27135,1045460,1043437,0
2021-02-06,22984,825626,11250,251970,0,71,115,1939,12,211,127,2150,34361,28833.14,1079821,1077671,0
2021-02-07,12033,837659,8283,260253,1,72,97,2036,14,225,111,2261,20428,29469.71,1100249,1097988,0
2021-02-08,16950,854609,23517,283770,2,74,240,2276,34,259,274,2535,40743,34343.71,1140992,1138457,0
2021-02-09,17233,871842,28090,311860,2,76,354,2630,42,301,396,2931,45721,39114.71,1186713,1183782,0
2021-02-10,19586,891428,29306,341166,2,78,269,2899,49,350,318,3249,49213,40741.86,1235926,1232677,0
2021-02-11,27831,919259,33466,374632,2,80,350,3249,57,407,407,3656,61708,42856,1297634,1293978,0
2021-02-12,38363,957622,30808,405440,3,83,363,3612,39,446,402,4058,69576,45964.29,1367210,1363152,0
2021-02-13,27994,985616,25312,430752,2,85,309,3921,57,503,366,4424,53675,48723.43,1420885,1416461,0
2021-02-14,16269,1001885,23723,454475,0,85,273,4194,35,538,308,4732,40300,51562.29,1461185,1456453,0
2021-02-15,12796,1014681,10523,464998,2,87,177,4371,25,563,202,4934,23523,49102.29,1484708,1479774,0
2021-02-16,14236,1028917,26716,491714,0,87,334,4705,40,603,374,5308,41326,48474.43,1526034,1520726,0
2021-02-17,16384,1045301,22198,513912,1,88,286,4991,37,640,323,5631,38906,47002,1564940,1559309,0
2021-02-18,12140,1057441,24990,538902,21,109,297,5288,45,685,342,5973,37493,43542.71,1602433,1596460,0
2021-02-19,13255,1070696,23929,562831,38,147,310,5598,46,731,356,6329,37578,38971.57,1640011,1633682,0
2021-02-20,11349,1082045,26075,588906,6,153,332,5930,77,808,409,6738,37840,36709.43,1677851,1671113,0
2021-02-21,6357,1088402,17409,606315,15,168,295,6225,46,854,341,7079,24122,34398.29,1701973,1694894,0
2021-02-22,13042,1101444,11837,618152,2,170,134,6359,20,874,154,7233,25035,34614.29,1727008,1719775,0
2021-02-23,25244,1126688,14138,632290,1,171,163,6522,35,909,198,7431,39582,34365.14,1766590,1759159,0
2021-02-24,36347,1163035,20391,652681,0,171,232,6754,42,951,274,7705,57012,36951.71,1823602,1815897,0
2021-02-25,54590,1217625,30399,683080,6,177,408,7162,64,1015,472,8177,85467,43805.14,1909069,1900892,0
2021-02-26,62840,1280465,31873,714953,4,181,418,7580,78,1093,496,8673,95213,52038.71,2004282,1995609,0
2021-02-27,51271,1331736,22754,737707,47,228,349,7929,54,1147,403,9076,74475,57272.29,2078757,2069681,0
2021-02-28,44570,1376306,13837,751544,7,235,207,8136,37,1184,244,9320,58658,62206,2137415,2128095,0
2021-03-01,39308,1415614,12784,764328,10,245,168,8304,24,1208,192,9512,52294,66100.14,2189709,2180197,0
2021-03-02,47075,1462689,12578,776906,7,252,159,8463,14,1222,173,9685,59833,68993.14,2249542,2239857,0
2021-03-03,48597,1511286,16154,793060,17,269,150,8613,22,1244,172,9857,64940,70125.71,2314482,2304625,0
2021-03-04,59813,1571099,22817,815877,1092,1361,274,8887,35,1279,309,10166,84031,69920.57,2398513,2388347,0
2021-03-05,60967,1632066,24285,840162,3107,4468,338,9225,36,1315,374,10540,88733,68994.86,2487246,2476706,0
2021-03-06,47164,1679230,18881,859043,5451,9919,246,9471,38,1353,284,10824,71780,68609.86,2559026,2548202,0
2021-03-07,36032,1715262,14880,873923,6244,16163,238,9709,20,1373,258,11082,57414,68432.14,2616440,2605358,0
2021-03-08,39613,1754875,14687,888610,8559,24722,317,10026,92,1465,409,11491,63268,69999.86,2679708,2668217,0
2021-03-09,39093,1793968,12855,901465,7758,32480,187,10213,34,1499,221,11712,59927,70013.29,2739635,2727923,0
2021-03-10,51817,1845785,15360,916825,5064,37544,230,10443,33,1532,263,11975,72504,71093.86,2812139,2800164,0
2021-03-11,59971,1905756,21824,938649,4619,42163,255,10698,48,1580,303,12278,86717,71477.57,2898856,2886578,0
2021-03-12,52182,1957938,30305,968954,4182,46345,387,11085,85,1665,472,12750,87141,71250.14,2985997,2973247,0
2021-03-13,40642,1998580,26683,995637,5110,51455,334,11419,54,1719,388,13138,72823,71399.14,3058820,3045682,0
2021-03-14,30707,2029287,15969,1011606,4525,55980,248,11667,28,1747,276,13414,51478,70551.14,3110298,3096884,0
2021-03-15,33633,2062920,17260,1028866,4707,60687,239,11906,33,1780,272,13686,55872,69494.57,3166170,3152484,0
2021-03-16,38662,2101582,20522,1049388,4925,65612,258,12164,36,1816,294,13980,64403,70134,3230573,3216593,0
2021-03-17,42607,2144189,24793,1074181,4244,69856,347,12511,40,1856,387,14367,72031,70066.43,3302604,3288237,0
2021-03-18,50423,2194612,26809,1100990,5231,75087,382,12893,62,1918,444,14811,82907,69522.14,3385511,3370700,0
2021-03-19,47773,2242385,29970,1130960,5625,80712,399,13292,71,1989,470,15281,83839,69050.43,3469350,3454069,0
2021-03-20,38700,2281085,25834,1156794,4684,85396,303,13595,60,2049,363,15644,69581,68587.29,3538931,3523287,0
2021-03-21,29290,2310375,19361,1176155,769,86165,227,13822,44,2093,271,15915,49691,68332,3588622,3572707,0
2021-03-22,33857,2344232,26743,1202898,4037,90202,266,14088,38,2131,304,16219,64942,69627.71,3653564,3637345,0
2021-03-23,38418,2382650,32849,1235747,4216,94418,302,14390,53,2184,355,16574,75838,71261.29,3729402,3712828,0
2021-03-24,41480,2424130,37618,1273365,4843,99261,335,14725,63,2247,398,16972,84339,73019.57,3813741,3796769,0
2021-03-25,43393,2467523,50793,1324158,5051,104312,486,15211,87,2334,573,17545,99810,75434.29,3913551,3896006,0
2021-03-26,38491,2506014,55499,1379657,4307,108619,544,15755,102,2436,646,18191,98943,77592,4012494,3994303,0
2021-03-27,35732,2541746,45743,1425400,2938,111557,428,16183,85,2521,513,18704,84926,79784.14,4097420,4078716,0
2021-03-28,26381,2568127,34455,1459855,1482,113039,342,16525,65,2586,407,19111,62725,81646.14,4160145,4141034,0
2021-03-29,34809,2602936,38860,1498715,3246,116285,357,16882,112,2698,469,19580,77384,83423.57,4237529,4217949,0
2021-03-30,40499,2643435,41925,1540640,3713,119998,345,17227,65,2763,410,19990,86547,84953.43,4324076,4304086,0
2021-03-31,49381,2692816,44872,1585512,7438,127436,415,17642,85,2848,500,20490,102191,87503.71,4426267,4405777,0
2021-04-01,50769,2743585,53956,1639468,11275,138711,501,18143,85,2933,586,21076,116586,89900.29,4542853,4521777,0
2021-04-02,43751,2787336,53881,1693349,11969,150680,555,18698,70,3003,625,21701,110226,91512.14,4653079,4631378,0
2021-04-03,39241,2826577,39217,1732566,9859,160539,339,19037,60,3063,399,22100,88716,92053.57,4741795,4719695,0
2021-04-04,26552,2853129,24786,1757352,3903,164442,228,19265,50,3113,278,22378,55519,91024.14,4797314,4774936,0
2021-04-05,41869,2894998,34485,1791837,11198,175640,382,19647,60,3173,442,22820,87994,92539.86,4885308,4862488,0
2021-04-06,53256,2948254,35608,1827445,13215,188855,444,20091,80,3253,524,23344,102603,94833.57,4987911,4964567,0
2021-04-07,55488,3003742,40705,1868150,14387,203242,411,20502,80,3333,491,23835,111071,96102.14,5098982,5075147,0
2021-04-08,59245,3062987,46591,1914741,16337,219579,531,21033,87,3420,618,24453,122791,96988.57,5221773,5197320,0
2021-04-09,56634,3119621,44953,1959694,17555,237134,535,21568,77,3497,612,25065,119754,98349.71,5341527,5316462,0
2021-04-10,49339,3168960,35642,1995336,12720,249854,399,21967,61,3558,460,25525,98161,99699,5439688,5414163,0
2021-04-11,38173,3207133,28825,2024161,7680,257534,296,22263,59,3617,355,25880,75033,102486.71,5514721,5488841,0
2021-04-12,46626,3253759,31841,2056002,13500,271034,472,22735,68,3685,540,26420,92507,103131.43,5607228,5580808,0
2021-04-13,52536,3306295,33791,2089793,369,271403,402,23137,64,3749,466,26886,87162,100925.57,5694390,5667504,0
2021-04-14,50123,3356418,39961,2129754,20,271423,370,23507,76,3825,446,27332,90550,97994,5784940,5757608,0
2021-04-15,52106,3408524,43685,2173439,16,271439,460,23967,107,3932,567,27899,96375,94220.29,5881315,5853416,0
2021-04-16,51182,3459706,42204,2215643,32,271471,440,24407,72,4004,512,28411,93930,90531.14,5975245,5946834,0
2021-04-17,43832,3503538,35690,2251333,3,271474,370,24777,85,4089,455,28866,79980,87933.86,6055225,6026359,0
2021-04-18,28599,3532137,29361,2280694,7,271481,265,25042,65,4154,330,29196,58297,85543,6113522,6084326,0
2021-04-19,37453,3569590,36455,2317149,22,271503,330,25372,67,4221,397,29593,74327,82945.86,6187849,6158256,0
2021-04-20,40803,3610393,39629,2356778,19,271522,319,25691,81,4302,400,29993,80851,82044.29,6268700,6238707,0
2021-04-21,38883,3649276,46021,2402799,16,271538,505,26196,98,4400,603,30596,85523,81326.14,6354223,6323627,0
2021-04-22,38481,3687757,48966,2451765,9,271547,346,26542,77,4477,423,31019,87880,80112.57,6442103,6411084,0
2021-04-23,39686,3727443,44386,2496151,3,271550,356,26898,74,4551,430,31449,84505,78766.14,6526608,6495159,0
2021-04-24,31929,3759372,41609,2537760,44,271594,281,27179,62,4613,343,31792,73925,77901.14,6600533,6568741,0
2021-04-25,18415,3777787,31224,2568984,87,271681,201,27380,60,4673,261,32053,49987,76714,6650520,6618467,0
2021-04-26,26963,3804750,40728,2609712,1012,272693,296,27676,90,4763,386,32439,69089,75965.71,6719609,6687170,0
2021-04-27,28568,3833318,47135,2656847,1699,274392,361,28037,95,4858,456,32895,77858,75538.14,6797467,6764572,0
2021-04-28,27018,3860336,56850,2713697,2144,276536,443,28480,100,4958,543,33438,86555,75685.57,6884022,6850584,0
2021-04-29,28597,3888933,57206,2770903,2148,278684,372,28852,98,5056,470,33908,88421,75762.86,6972443,6938535,0
2021-04-30,30112,3919045,51989,2822892,2058,280742,288,29140,74,5130,362,34270,84522,75765.29,7056965,7022695,0
2021-05-01,22473,3941518,44542,2867434,1177,281919,235,29375,65,5195,300,34570,68492,74989.14,7125457,7090887,0
2021-05-02,11919,3953437,36652,2904086,1081,283000,146,29521,54,5249,200,34770,49852,74969.86,7175309,7140539,0
2021-05-03,18010,3971447,53031,2957117,2383,285383,258,29779,93,5342,351,35121,73777,75639.57,7249086,7213965,0
2021-05-04,22733,3994180,56649,3013766,2331,287714,271,30050,116,5458,387,35508,82100,76245.57,7331186,7295678,0
2021-05-05,21474,4015654,48756,3062522,2313,290027,315,30365,107,5565,422,35930,72966,74304.29,7404152,7368222,0
2021-05-06,20673,4036327,50176,3112698,2508,292535,280,30645,90,5655,370,36300,73727,72205.14,7477879,7441579,0
2021-05-07,21240,4057567,52102,3164800,2812,295347,317,30962,79,5734,396,36696,76550,71066.29,7554429,7517733,0
2021-05-08,16625,4074192,41865,3206665,1835,297182,235,31197,72,5806,307,37003,60632,69943.43,7615061,7578058,0
2021-05-09,7968,4082160,29407,3236072,1260,298442,154,31351,57,5863,211,37214,38846,68371.14,7653907,7616693,0
2021-05-10,14379,4096539,38527,3274599,2356,300798,246,31597,93,5956,339,37553,55601,65774.57,7709508,7671955,0
2021-05-11,19899,4116438,43066,3317665,2514,303312,288,31885,87,6043,375,37928,65854,63453.71,7775362,7737434,0
2021-05-12,17817,4134255,40539,3358204,3595,306907,234,32119,80,6123,314,38242,62265,61925,7837627,7799385,0
2021-05-13,24962,4159217,40427,3398631,3229,310136,266,32385,78,6201,344,38586,68962,61244.29,7906589,7868003,0
2021-05-14,27010,4186227,42941,3441572,3536,313672,273,32658,96,6297,369,38955,73856,60859.43,7980445,7941490,0
2021-05-15,23643,4209870,34924,3476496,3364,317036,254,32912,76,6373,330,39285,62261,61092.14,8042706,8003421,0
2021-05-16,15519,4225389,19454,3495950,2496,319532,124,33036,47,6420,171,39456,37640,60919.86,8080346,8040890,0
2021-05-17,22667,4248056,29143,3525093,3253,322785,184,33220,69,6489,253,39709,55316,60879.14,8135662,8095953,0
2021-05-18,24619,4272675,31913,3557006,3405,326190,240,33460,77,6566,317,40026,60254,60079.14,8195916,8155890,0
2021-05-19,24182,4296857,29726,3586732,3041,329231,230,33690,48,6614,278,40304,57227,59359.43,8253143,8212839,0
2021-05-20,24140,4320997,30105,3616837,3163,332394,269,33959,88,6702,357,40661,57765,57759.86,8310908,8270247,0
2021-05-21,24671,4345668,32003,3648840,3057,335451,249,34208,61,6763,310,40971,60041,55786.29,8370949,8329978,0
2021-05-22,20014,4365682,24368,3673208,2523,337974,167,34375,48,6811,215,41186,47120,53623.29,8418069,8376883,0
2021-05-23,11227,4376909,13734,3686942,1411,339385,93,34468,32,6843,125,41311,26497,52031.43,8444566,8403255,0
2021-05-24,18862,4395771,23162,3710104,2757,342142,218,34686,56,6899,274,41585,45055,50565.57,8489621,8448036,0
2021-05-25,19425,4415196,23384,3733488,2602,344744,173,34859,59,6958,232,41817,45643,48478.29,8535264,8493447,0
2021-05-26,18779,4433975,21091,3754579,2697,347441,203,35062,48,7006,251,42068,42818,46419.86,8578082,8536014,0
2021-05-27,18459,4452434,21281,3775860,2531,349972,183,35245,60,7066,243,42311,42514,44241.14,8620596,8578285,0
2021-05-28,17854,4470288,22884,3798744,2751,352723,188,35433,58,7124,246,42557,43735,41911.71,8664331,8621774,0
2021-05-29,12704,4482992,17815,3816559,1755,354478,105,35538,41,7165,146,42703,32420,39811.71,8696751,8654048,0
2021-05-30,7026,4490018,8949,3825508,1074,355552,50,35588,17,7182,67,42770,17116,38471.57,8713867,8671097,0
2021-05-31,4740,4494758,6922,3832430,1012,356564,64,35652,18,7200,82,42852,12756,33857.43,8726623,8683771,0
2021-06-01,16049,4510807,25191,3857621,2176,358740,156,35808,43,7243,199,43051,43615,33567.71,8770238,8727187,0
2021-06-02,15354,4526161,20395,3878016,2095,360835,142,35950,47,7290,189,43240,38033,32884.14,8808271,8765031,0
2021-06-03,15000,4541161,23825,3901841,2280,363115,128,36078,46,7336,174,43414,41279,32707.71,8849550,8806136,0
2021-06-04,14713,4555874,26000,3927841,2492,365607,148,36226,42,7378,190,43604,43395,32659.14,8892945,8849341,0
2021-06-05,10983,4566857,22099,3949940,1806,367413,115,36341,31,7409,146,43750,35034,33032.57,8927979,8884229,0
2021-06-06,6444,4573301,14485,3964425,1222,368635,89,36430,13,7422,102,43852,22253,33766.43,8950232,8906380,0
2021-06-07,11696,4584997,21791,3986216,2378,371013,141,36571,37,7459,178,44030,36043,37093.14,8986275,8942245,0
2021-06-08,12627,4597624,24020,4010236,2071,373084,127,36698,47,7506,174,44204,38892,36418.43,9025167,8980963,0
2021-06-09,11130,4608754,23029,4033265,2299,375383,138,36836,40,7546,178,44382,36636,36218.86,9061803,9017421,0
2021-06-10,12057,4620811,22238,4055503,2462,377845,141,36977,60,7606,201,44583,36958,35601.57,9098761,9054178,0
2021-06-11,12701,4633512,25124,4080627,2483,380328,158,37135,61,7667,219,44802,40527,35191.86,9139288,9094486,0
2021-06-12,10159,4643671,19322,4099949,1888,382216,93,37228,43,7710,136,44938,31505,34687.71,9170793,9125855,0
2021-06-13,4256,4647927,10932,4110881,1219,383435,42,37270,22,7732,64,45002,16471,33861.71,9187264,9142262,0
2021-06-14,10203,4658130,19237,4130118,2043,385478,129,37399,55,7787,184,45186,31667,33236.57,9218931,9173745,0
2021-06-15,11881,4670011,21018,4151136,1943,387421,133,37532,41,7828,174,45360,35016,32682.86,9253947,9208587,0
2021-06-16,11583,4681594,19407,4170543,1956,389377,147,37679,73,7901,220,45580,33166,32187.14,9287113,9241533,0
2021-06-17,11019,4692613,18761,4189304,1973,391350,126,37805,35,7936,161,45741,31914,31466.57,9319027,9273286,0
2021-06-18,12168,4704781,18499,4207803,2115,393465,115,37920,36,7972,151,45892,32933,30381.71,9351960,9306068,0
2021-06-19,8493,4713274,13514,4221317,1459,394924,88,38008,21,7993,109,46001,23575,29248.86,9375535,9329534,0
2021-06-20,4335,4717609,7158,4228475,924,395848,36,38044,17,8010,53,46054,12470,28677.29,9388005,9341951,0
2021-06-21,10156,4727765,10011,4238486,1807,397655,70,38114,28,8038,98,46152,22072,27306.57,9410077,9363925,0
2021-06-22,9834,4737599,15647,4254133,1589,399244,104,38218,28,8066,132,46284,27202,26190.29,9437279,9390995,0
2021-06-23,10308,4747907,15188,4269321,1863,401107,102,38320,31,8097,133,46417,27492,25379.71,9464771,9418354,0
2021-06-24,9684,4757591,14700,4284021,1798,402905,121,38441,26,8123,147,46564,26329,24581.86,9491100,9444536,0
2021-06-25,10584,4768175,14388,4298409,1721,404626,115,38556,38,8161,153,46717,26846,23712.29,9517946,9471229,0
2021-06-26,7798,4775973,10465,4308874,1250,405876,76,38632,24,8185,100,46817,19613,23146.29,9537559,9490742,0
2021-06-27,4999,4780972,6002,4314876,795,406671,34,38666,14,8199,48,46865,11844,23056.86,9549403,9502538,0
2021-06-28,9033,4790005,10345,4325221,1526,408197,109,38775,26,8225,135,47000,21039,22909.29,9570442,9523442,0
2021-06-29,9733,4799738,12329,4337550,1347,409544,124,38899,32,8257,156,47156,23565,22389.71,9594007,9546851,0
2021-06-30,9429,4809167,10933,4348483,1486,411030,148,39047,16,8273,164,47320,22012,21606.86,9616019,9568699,0
2021-07-01,9396,4818563,10925,4359408,1434,412464,132,39179,24,8297,156,47476,21911,20975.71,9637930,9590454,0
2021-07-02,9689,4828252,11455,4370863,1541,414005,120,39299,21,8318,141,47617,22827,20401.57,9660757,9613140,0
2021-07-03,7055,4835307,8421,4379284,1192,415197,79,39378,17,8335,96,47713,16764,19994.57,9677521,9629808,0
2021-07-04,1288,4836595,1334,4380618,567,415764,9,39387,3,8338,12,47725,3201,18759.86,9680722,9632997,0
2021-07-05,6493,4843088,7108,4387726,1208,416972,65,39452,22,8360,87,47812,14896,17882.29,9695618,9647806,0
2021-07-06,9509,4852597,12852,4400578,1315,418287,116,39568,38,8398,154,47966,23830,17920.14,9719448,9671482,0
2021-07-07,8664,4861261,11109,4411687,1419,419706,125,39693,21,8419,146,48112,21338,17823.86,9740786,9692674,0
2021-07-08,8217,4869478,10196,4421883,1259,420965,108,39801,22,8441,130,48242,19802,17522.57,9760588,9712346,0
2021-07-09,8373,4877851,10831,4432714,1279,422244,91,39892,20,8461,111,48353,20594,17203.57,9781182,9732829,0
2021-07-10,7103,4884954,8634,4441348,1131,423375,65,39957,21,8482,86,48439,16954,17230.71,9798136,9749697,0
2021-07-11,4105,4889059,4539,4445887,701,424076,36,39993,6,8488,42,48481,9387,18114.43,9807523,9759042,0
2021-07-12,8446,4897505,9559,4455446,1251,425327,84,40077,23,8511,107,48588,19363,18752.57,9826886,9778298,0
2021-07-13,9462,4906967,9391,4464837,952,426279,109,40186,35,8546,144,48732,19949,18198.14,9846835,9798103,0
2021-07-14,8996,4915963,9534,4474371,1011,427290,106,40292,22,8568,128,48860,19669,17959.71,9866504,9817644,0
2021-07-15,8794,4924757,9155,4483526,1054,428344,80,40372,20,8588,100,48960,19103,17859.86,9885607,9836647,0
2021-07-16,9248,4934005,9761,4493287,981,429325,102,40474,30,8618,132,49092,20122,17792.43,9905729,9856637,0
2021-07-17,6837,4940842,7388,4500675,803,430128,79,40553,20,8638,99,49191,15127,17531.43,9920856,9871665,0
2021-07-18,4254,4945096,4285,4504960,576,430704,35,40588,14,8652,49,49240,9164,17499.57,9930020,9880780,0
2021-07-19,9120,4954216,8480,4513440,999,431703,91,40679,22,8674,113,49353,18712,17406.57,9948732,9899379,0
2021-07-20,10642,4964858,8762,4522202,991,432694,95,40774,26,8700,121,49474,20516,17487.57,9969248,9919774,0
2021-07-21,10057,4974915,8768,4530970,904,433598,148,40922,33,8733,181,49655,19910,17522,9989158,9939503,0
2021-07-22,10685,4985600,8584,4539554,1046,434644,146,41068,28,8761,174,49829,20489,17720,10009647,9959818,0
2021-07-23,11248,4996848,8884,4548438,1114,435758,137,41205,24,8785,161,49990,21407,17903.57,10031054,9981064,0
2021-07-24,7398,5004246,6739,4555177,670,436428,82,41287,26,8811,108,50098,14915,17873.29,10045969,9995871,0
2021-07-25,5473,5009719,2129,4557306,509,436937,58,41345,5,8816,63,50161,8174,17731.86,10054143,10003982,0
2021-07-26,10869,5020588,7006,4564312,859,437796,111,41456,20,8836,131,50292,18865,17753.71,10073008,10022716,0
2021-07-27,12065,5032653,8572,4572884,857,438653,136,41592,39,8875,175,50467,21669,17918.43,10094677,10044210,0
2021-07-28,12010,5044663,8055,4580939,950,439603,134,41726,28,8903,162,50629,21177,18099.43,10115854,10065225,0
2021-07-29,10931,5055594,7435,4588374,983,440586,134,41860,39,8942,173,50802,19522,17961.29,10135376,10084574,0
2021-07-30,14952,5070546,8014,4596388,1151,441737,184,42044,31,8973,215,51017,24332,18379.14,10159708,10108691,0
2021-07-31,9722,5080268,6319,4602707,815,442552,123,42167,20,8993,143,51160,16999,18676.86,10176707,10125547,0
2021-08-01,6499,5086767,3313,4606020,564,443116,81,42248,21,9014,102,51262,10478,19006,10187185,10135923,0
2021-08-02,13447,5100214,7154,4613174,846,443962,148,42396,20,9034,168,51430,21615,19398.86,10208800,10157370,0
2021-08-03,15408,5115622,8391,4621565,1109,445071,143,42539,39,9073,182,51612,25090,19887.57,10233890,10182278,0
2021-08-04,17262,5132884,8130,4629695,1454,446525,182,42721,35,9108,217,51829,27063,20728.43,10260953,10209124,0
2021-08-05,17885,5150769,7932,4637627,1370,447895,159,42880,21,9129,180,52009,27367,21849.14,10288320,10236311,0
2021-08-06,18178,5168947,8417,4646044,1232,449127,167,43047,32,9161,199,52208,28026,22376.86,10316346,10264138,0
2021-08-07,13380,5182327,6018,4652062,799,449926,102,43149,28,9189,130,52338,20327,22852.29,10336673,10284335,0
2021-08-08,9309,5191636,3835,4655897,400,450326,83,43232,10,9199,93,52431,13637,23303.57,10350310,10297879,0
2021-08-09,21342,5212978,8528,4664425,965,451291,171,43403,35,9234,206,52637,31041,24650.14,10381351,10328714,0
2021-08-10,18945,5231923,9331,4673756,946,452237,180,43583,33,9267,213,52850,29435,25270.86,10410786,10357936,0
2021-08-11,15643,5247566,8312,4682068,853,453090,130,43713,45,9312,175,53025,24983,24973.71,10435769,10382744,0
2021-08-12,15054,5262620,8990,4691058,942,454032,175,43888,35,9347,210,53235,25196,24663.57,10460965,10407730,0
2021-08-13,14919,5277539,9293,4700351,919,454951,244,44132,39,9386,283,53518,25415,24290.57,10486380,10432862,0
2021-08-14,10396,5287935,6409,4706760,625,455576,534,44666,40,9426,574,54092,18004,23958.71,10504384,10450292,0
2021-08-15,6689,5294624,4483,4711243,676,456252,567,45233,33,9459,600,54692,12448,23788.86,10516832,10462140,0
2021-08-16,15710,5310334,9304,4720547,1150,457402,1326,46559,66,9525,1392,56084,27556,23291,10544388,10488304,0
2021-08-17,17760,5328094,10459,4731006,1229,458631,1773,48332,85,9610,1858,57942,31306,23558.29,10575694,10517752,0
2021-08-18,17486,5345580,10378,4741384,1260,459891,1998,50330,93,9703,2091,60033,31215,24448.57,10606909,10546876,0
2021-08-19,16287,5361867,9528,4750912,1315,461206,1960,52290,67,9770,2027,62060,29157,25014.43,10636066,10574006,0
2021-08-20,16270,5378137,11539,4762451,1253,462459,1869,54159,86,9856,1955,64015,31017,25814.71,10667083,10603068,0
2021-08-21,11145,5389282,8038,4770489,878,463337,1064,55223,53,9909,1117,65132,21178,26268.14,10688261,10623129,0
2021-08-22,4077,5393359,3904,4774393,261,463598,517,55740,34,9943,551,65683,8793,25746,10697054,10631371,0
2021-08-23,15576,5408935,11809,4786202,1022,464620,1550,57290,76,10019,1626,67309,30034,26100,10727088,10659779,0
2021-08-24,16913,5425848,12597,4798799,1007,465627,1775,59065,80,10099,1855,69164,32372,26252.29,10759460,10690296,0
2021-08-25,14566,5440414,12456,4811255,1112,466739,1568,60633,80,10179,1648,70812,29782,26047.57,10789242,10718430,0
2021-08-26,16145,5456559,14099,4825354,1071,467810,1779,62412,68,10247,1847,72659,33162,26619.71,10822404,10749745,0
2021-08-27,14876,5471435,14825,4840179,971,468781,1674,64086,74,10321,1748,74407,32420,26820.14,10854824,10780417,0
2021-08-28,10675,5482110,11523,4851702,835,469616,1018,65104,45,10366,1063,75470,24096,27237,10878920,10803450,0
2021-08-29,7213,5489323,7495,4859197,541,470157,781,65885,58,10424,839,76309,16088,28279.14,10895008,10818699,0
2021-08-30,15516,5504839,16927,4876124,1076,471233,1794,67679,91,10515,1885,78194,35404,29046.29,10930412,10852218,0
2021-08-31,15504,5520343,15959,4892083,952,472185,1979,69658,89,10604,2068,80262,34483,29347.86,10964895,10884633,0
2021-09-01,14829,5535172,14109,4906192,1020,473205,1811,71469,63,10667,1874,82136,31832,29640.71,10996727,10914591,0
2021-09-02,14312,5549484,12528,4918720,896,474101,1715,73184,62,10729,1777,83913,29513,29119.43,11026240,10942327,0
2021-09-03,14999,5564483,14312,4933032,974,475075,1898,75082,73,10802,1971,85884,32256,29096,11058496,10972612,0
2021-09-04,9645,5574128,9405,4942437,688,475763,975,76057,36,10838,1011,86895,20749,28617.86,11079245,10992350,0
2021-09-05,6795,5580923,5513,4947950,438,476201,717,76774,17,10855,734,87629,13480,28245.29,11092725,11005096,0
2021-09-06,5196,5586119,4511,4952461,358,476559,272,77046,11,10866,283,87912,10348,24665.86,11103073,11015161,0
2021-09-07,15570,5601689,17699,4970160,912,477471,1560,78606,93,10959,1653,89565,35834,24858.86,11138907,11049342,0
2021-09-08,16153,5617842,14828,4984988,1071,478542,1779,80385,84,11043,1863,91428,33915,25156.43,11172822,11081394,0
2021-09-09,16099,5633941,14756,4999744,1047,479589,1920,82305,74,11117,1994,93422,33896,25782.57,11206718,11113296,0
2021-09-10,18359,5652300,15397,5015141,1207,480796,1979,84284,82,11199,2061,95483,37024,26463.71,11243742,11148259,0
2021-09-11,12631,5664931,10350,5025491,958,481754,1030,85314,49,11248,1079,96562,25018,27073.57,11268760,11172198,0
2021-09-12,8536,5673467,5052,5030543,765,482519,693,86007,30,11278,723,97285,15076,27301.57,11283836,11186551,0
2021-09-13,16921,5690388,12965,5043508,976,483495,1660,87667,53,11331,1713,98998,32575,30476.86,11316411,11217413,0
2021-09-14,16261,5706649,13678,5057186,885,484380,1600,89267,57,11388,1657,100655,32481,29997.86,11348892,11248237,0
2021-09-15,15525,5722174,12887,5070073,727,485107,1573,90840,84,11472,1657,102312,30796,29552.29,11379688,11277376,0
2021-09-16,15332,5737506,13915,5083988,1210,486317,1465,92305,68,11540,1533,103845,31990,29280,11411678,11307833,0
2021-09-17,14427,5751933,13959,5097947,922,487239,1841,94146,58,11598,1899,105744,31207,28449,11442885,11337141,0
2021-09-18,9990,5761923,10188,5108135,913,488152,1052,95198,41,11639,1093,106837,22184,28044.14,11465069,11358232,0
2021-09-19,6172,5768095,6075,5114210,558,488710,748,95946,28,11667,776,107613,13581,27830.57,11478650,11371037,0
2021-09-20,12664,5780759,12634,5126844,1068,489778,1927,97873,60,11727,1987,109600,28353,27227.43,11507003,11397403,0
2021-09-21,12221,5792980,12772,5139616,1108,490886,2034,99907,78,11805,2112,111712,28213,26617.71,11535216,11423504,0
2021-09-22,12819,5805799,12004,5151620,1090,491976,1689,101596,70,11875,1759,113471,27672,26171.43,11562888,11449417,0
2021-09-23,14925,5820724,12764,5164384,1639,493615,2271,103867,74,11949,2345,115816,31673,26126.14,11594561,11478745,0
2021-09-24,16434,5837158,13365,5177749,1636,495251,4625,108492,127,12076,4752,120568,36187,26837.57,11630748,11510180,0
2021-09-25,10526,5847684,9027,5186776,1017,496268,3466,111958,80,12156,3546,124114,24116,27113.57,11654864,11530750,0
2021-09-26,6290,5853974,5768,5192544,773,497041,2424,114382,60,12216,2484,126598,15315,27361.29,11670179,11543581,0
2021-09-27,14136,5868110,8061,5200605,1155,498196,9084,123466,160,12376,9244,135842,32597,27967.57,11702776,11566934,0
2021-09-28,11110,5879220,11788,5212393,902,499098,9939,133405,178,12554,10117,145959,33917,28782.43,11736693,11590734,0
2021-09-29,11597,5890817,12193,5224586,1205,500303,9459,142864,169,12723,9628,155587,34624,29775.57,11771317,11615730,0
2021-09-30,12215,5903032,12610,5237196,1338,501641,9765,152629,177,12900,9942,165529,36105,30408.71,11807422,11641893,0
2021-10-01,12626,5915658,13432,5250628,1284,502925,10283,162912,153,13053,10436,175965,37778,30636,11845200,11669235,0
2021-10-02,7720,5923378,9979,5260607,865,503790,4246,167158,81,13134,4327,180292,22891,30461,11868091,11687799,0
2021-10-03,5060,5928438,6157,5266764,593,504383,2622,169780,59,13193,2681,182973,14491,30343.29,11882582,11699609,0
2021-10-04,9902,5938340,11021,5277785,914,505297,9535,179315,147,13340,9682,192655,31519,30189.29,11914101,11721446,0
2021-10-05,10136,5948476,11737,5289522,972,506269,9962,189277,178,13518,10140,202795,32985,30056.14,11947086,11744291,0
2021-10-06,9882,5958358,11051,5300573,936,507205,9944,199221,160,13678,10104,212899,31973,29677.43,11979059,11766160,0
2021-10-07,9598,5967956,12157,5312730,850,508055,10185,209406,175,13853,10360,223259,32965,29228.86,12012024,11788765,0
2021-10-08,9435,5977391,12182,5324912,941,508996,10918,220324,166,14019,11084,234343,33642,28638,12045666,11811323,0
2021-10-09,6233,5983624,8238,5333150,643,509639,4128,224452,89,14108,4217,238560,19331,28129.43,12064997,11826437,0
2021-10-10,3529,5987153,5030,5338180,458,510097,2440,226892,47,14155,2487,241047,11504,27702.71,12076501,11835454,0
2021-10-11,7603,5994756,9336,5347516,728,510825,8899,235791,163,14318,9062,250109,26729,27018.43,12103230,11853121,0
2021-10-12,8060,6002816,10996,5358512,891,511716,10526,246317,182,14500,10708,260817,30655,26685.57,12133885,11873068,0
2021-10-13,7137,6009953,10150,5368662,869,512585,8810,255127,178,14678,8988,269805,27144,25995.71,12161029,11891224,0
2021-10-14,7412,6017365,11120,5379782,837,513422,10135,265262,161,14839,10296,280101,29665,25524.29,12190694,11910593,0
2021-10-15,7700,6025065,11859,5391641,823,514245,10839,276101,172,15011,11011,291112,31393,25203,12222087,11930975,0
2021-10-16,4860,6029925,7469,5399110,666,514911,3844,279945,67,15078,3911,295023,16906,24856.57,12238993,11943970,0
2021-10-17,3051,6032976,4474,5403584,411,515322,2455,282400,44,15122,2499,297522,10435,24703.86,12249428,11951906,0
2021-10-18,7026,6040002,10670,5414254,796,516118,9494,291894,183,15305,9677,307199,28169,24909.57,12277597,11970398,0
2021-10-19,6556,6046558,8946,5423200,804,516922,9104,300998,172,15477,9276,316475,25582,24184.86,12303179,11986704,0
2021-10-20,6523,6053081,9370,5432570,975,517897,10000,310998,178,15655,10178,326653,27046,24170.86,12330225,12003572,0
2021-10-21,7013,6060094,9386,5441956,858,518755,10861,321859,158,15813,11019,337672,28276,23972.43,12358501,12020829,0
2021-10-22,8098,6068192,10344,5452300,1026,519781,16363,338222,221,16034,16584,354256,36052,24638,12394553,12040297,0
2021-10-23,5154,6073346,6459,5458759,690,520471,9133,347355,117,16151,9250,363506,21553,25301.86,12416106,12052600,0
2021-10-24,3254,6076600,3966,5462725,769,521240,6175,353530,78,16229,6253,369759,14242,25845.71,12430348,12060589,0
2021-10-25,8721,6085321,8743,5471468,1150,522390,19281,372811,301,16530,19582,389341,38196,27278.14,12468544,12079203,0
2021-10-26,8168,6093489,7723,5479191,1258,523648,17311,390122,270,16800,17581,406922,34730,28585,12503274,12096352,0
2021-10-27,10515,6104004,8396,5487587,1605,525253,20889,411011,322,17122,21211,428133,41727,30682.29,12545001,12116868,0
2021-10-28,11277,6115281,8030,5495617,1793,527046,20890,431901,325,17447,21215,449348,42315,32687.86,12587316,12137968,0
2021-10-29,11822,6127103,8232,5503849,1962,529008,22574,454475,337,17784,22911,472259,44928,33955.86,12632244,12159985,0
2021-10-30,4606,6131709,5064,5508913,930,529938,11193,465668,168,17952,11361,483620,21961,34014.14,12654205,12170585,0
2021-10-31,2648,6134357,2698,5511611,544,530482,6648,472316,105,18057,6753,490373,12643,33785.71,12666848,12176475,0
2021-11-01,7090,6141447,6953,5518564,1087,531569,20423,492739,333,18390,20756,511129,35886,33455.71,12702734,12191605,0
2021-11-02,6540,6147987,6589,5525153,1054,532623,20811,513550,276,18666,21087,532216,35270,33532.86,12738004,12205788,0
2021-11-03,6813,6154800,6679,5531832,1026,533649,20667,534217,312,18978,20979,553195,35499,32643.14,12773503,12220308,0
2021-11-04,9269,6164069,6277,5538109,995,534644,22410,556627,344,19322,22754,575949,39295,32211.71,12812798,12236849,0
2021-11-05,11014,6175083,6719,5544828,1051,535695,23797,580424,356,19678,24153,600102,42937,31927.29,12855735,12255633,0
2021-11-06,11109,6186192,4048,5548876,594,536289,12614,593038,171,19849,12785,612887,28536,32866.57,12884271,12271384,0
2021-11-07,7231,6193423,2287,5551163,577,536866,7121,600159,98,19947,7219,620106,17314,33533.86,12901585,12281479,0
2021-11-08,15029,6208452,5676,5556839,863,537729,19540,619699,279,20226,19819,639925,41387,34319.71,12942972,12303047,0
2021-11-09,16117,6224569,5388,5562227,659,538388,20551,640250,276,20502,20827,660752,42991,35422.71,12985963,12325211,0
2021-11-10,16885,6241454,5319,5567546,682,539070,22700,662950,291,20793,22991,683743,45877,36905.29,13031840,12348097,0
2021-11-11,12525,6253979,5181,5572727,759,539829,22127,685077,288,21081,22415,706158,40880,37131.71,13072720,12366562,0
2021-11-12,16889,6270868,5684,5578411,705,540534,23459,708536,355,21436,23814,729972,47092,37725.29,13119812,12389840,0
2021-11-13,9908,6280776,3663,5582074,463,540997,13358,721894,183,21619,13541,743513,27575,37588,13147387,12403874,0
2021-11-14,5985,6286761,2287,5584361,324,541321,7954,729848,79,21698,8033,751546,16629,37490.14,13164016,12412470,0
2021-11-15,13191,6299952,5973,5590334,690,542011,25159,755007,366,22064,25525,777071,45379,38060.43,13209395,12432324,0
2021-11-16,9909,6309861,5780,5596114,653,542664,30717,785724,433,22497,31150,808221,47493,38703.57,13256888,12448667,0
2021-11-17,10241,6320102,6668,5602782,681,543345,31496,817220,419,22916,31915,840136,49505,39221.86,13306393,12466257,0
2021-11-18,10659,6330761,6531,5609313,855,544200,33091,850311,460,23376,33551,873687,51596,40752.71,13357989,12484302,0
2021-11-19,11940,6342701,6552,5615865,710,544910,36325,886636,460,23836,36785,910472,55987,42023.43,13413976,12503504,0
2021-11-20,9278,6351979,3414,5619279,513,545423,22561,909197,259,24095,22820,933292,36025,43230.57,13450001,12516709,0
2021-11-21,4911,6356890,1887,5621166,288,545711,13237,922434,152,24247,13389,946681,20475,43780,13470476,12523795,0
2021-11-22,10360,6367250,5781,5626947,750,546461,36004,958438,441,24688,36445,983126,53337,44916.86,13523813,12540687,0
2021-11-23,9720,6376970,4783,5631730,633,547094,33594,992032,378,25066,33972,1017098,49109,45147.71,13572922,12555824,0
2021-11-24,8642,6385612,4750,5636480,648,547742,25984,1018016,287,25353,26271,1043369,40311,43834.29,13613233,12569864,0
2021-11-25,447,6386059,328,5636808,80,547822,1003,1019019,9,25362,1012,1044381,1867,36730.14,13615100,12570719,0
2021-11-26,8024,6394083,6991,5643799,528,548350,26626,1045645,303,25665,26929,1071310,42472,34799.43,13657572,12586262,0
2021-11-27,6646,6400729,6832,5650631,370,548720,18885,1064530,224,25889,19109,1090419,32958,34361.29,13690530,12600111,0
2021-11-28,4048,6404777,5788,5656419,281,549001,11929,1076459,122,26011,12051,1102470,22168,34603.14,13712698,12610228,0
2021-11-29,9045,6413822,11005,5667424,686,549687,35126,1111585,447,26458,35573,1138043,56309,35027.71,13769007,12630964,0
2021-11-30,10435,6424257,11446,5678870,513,550200,37865,1149450,497,26955,38362,1176405,60756,36691.57,13829763,12653358,0
2021-12-01,11107,6435364,10986,5689856,724,550924,40441,1189891,443,27398,40884,1217289,63702,40033.14,13893465,12676176,0
2021-12-02,11589,6446953,11043,5700899,624,551548,42263,1232154,456,27854,42719,1260008,65975,49191.43,13959440,12699432,0
2021-12-03,13398,6460351,12904,5713803,670,552218,48048,1280202,524,28378,48572,1308580,75544,53916,14034984,12726404,0
2021-12-04,9792,6470143,11293,5725096,564,552782,30744,1310946,307,28685,31051,1339631,52700,56736.29,14087684,12748053,0
2021-12-05,5716,6475859,5704,5730800,270,553052,16692,1327638,132,28817,16824,1356455,28514,57642.86,14116198,12759743,0
2021-12-06,12269,6488128,9986,5740786,599,553651,43358,1370996,452,29269,43810,1400265,66664,59122.14,14182862,12782597,0
2021-12-07,12525,6500653,9255,5750041,623,554274,43148,1414144,508,29777,43656,1443921,66059,59879.71,14248921,12805000,0
2021-12-08,13459,6514112,8776,5758817,555,554829,40900,1455044,476,30253,41376,1485297,64166,59946,14313087,12827790,0
2021-12-09,13418,6527530,8757,5767574,554,555383,40927,1495971,492,30745,41419,1526716,64148,59685,14377235,12850519,0
2021-12-10,13973,6541503,10151,5777725,668,556051,43761,1539732,503,31248,44264,1570980,69056,58758.14,14446291,12875311,0
2021-12-11,10224,6551727,8131,5785856,405,556456,26750,1566482,283,31531,27033,1598013,45794,57771.57,14492085,12894072,0
2021-12-12,5991,6557718,3857,5789713,287,556743,15191,1581673,134,31665,15325,1613338,25460,57335.29,14517545,12904207,0
2021-12-13,12152,6569870,7433,5797146,655,557398,37995,1619668,399,32064,38394,1651732,58634,56188.14,14576179,12924447,0
2021-12-14,12187,6582057,6950,5804096,730,558128,38247,1657915,438,32502,38685,1690417,58552,55115.71,14634731,12944314,0
2021-12-15,12038,6594095,6250,5810346,756,558884,38228,1696143,493,32995,38721,1729138,57766,54201.43,14692497,12963359,0
2021-12-16,13117,6607212,4266,5814612,739,559623,41215,1737358,463,33458,41678,1770816,59800,53580.29,14752297,12981481,0
2021-12-17,15888,6623100,6937,5821549,618,560241,46889,1784247,482,33940,47371,1818187,70814,53831.43,14823111,13004924,0
2021-12-18,12973,6636073,5721,5827270,432,560673,30660,1814907,273,34213,30933,1849120,50059,54440.71,14873170,13024050,0
2021-12-19,6985,6643058,2994,5830264,326,560999,18039,1832946,173,34386,18212,1867332,28517,54877.43,14901687,13034355,0
2021-12-20,16786,6659844,5858,5836122,745,561744,47579,1880525,570,34956,48149,1915481,71538,56720.86,14973225,13057744,0
2021-12-21,17914,6677758,6573,5842695,804,562548,49003,1929528,591,35547,49594,1965075,74885,59054.14,15048110,13083035,0
2021-12-22,18508,6696266,6556,5849251,937,563485,49809,1979337,536,36083,50345,2015420,76346,61708.43,15124456,13109036,0
2021-12-23,18990,6715256,6486,5855737,930,564415,45960,2025297,529,36612,46489,2061909,72895,63579.14,15197351,13135442,0
2021-12-24,9201,6724457,2952,5858689,598,565013,20638,2045935,213,36825,20851,2082760,33602,58263.14,15230953,13148193,0
2021-12-25,344,6724801,63,5858752,31,565044,427,2046362,8,36833,435,2083195,873,51236.57,15231826,13148631,0
2021-12-26,7939,6732740,3927,5862679,340,565384,17302,2063664,177,37010,17479,2100674,29685,51403.43,15261511,13160837,0
2021-12-27,21731,6754471,9205,5871884,934,566318,43520,2107184,560,37570,44080,2144754,75950,52033.71,15337461,13192707,0
2021-12-28,20097,6774568,8341,5880225,702,567020,47646,2154830,620,38190,48266,2193020,77406,52393.86,15414867,13221847,0
2021-12-29,18459,6793027,7669,5887894,607,567627,45638,2200468,490,38680,46128,2239148,72863,51896.29,15487730,13248582,0
2021-12-30,16848,6809875,7427,5895321,588,568215,44916,2245384,587,39267,45503,2284651,70366,51535,15558096,13273445,0
2021-12-31,5344,6815219,2811,5898132,193,568408,14785,2260169,186,39453,14971,2299622,23319,50066,15581415,13281793,0
2022-01-01,244,6815463,147,5898279,12,568420,502,2260671,22,39475,524,2300146,927,50073.71,15582342,13282196,0
2022-01-02,6417,6821880,5023,5903302,153,568573,10991,2271662,111,39586,11102,2311248,22695,49075.14,15605037,13293789,0
2022-01-03,14104,6835984,8507,5911809,514,569087,27006,2298668,346,39932,27352,2338600,50477,45436.14,15655514,13316914,0
2022-01-04,12796,6848780,8128,5919937,415,569502,27290,2325958,366,40298,27656,2366256,48995,41377.43,15704509,13338253,0
2022-01-05,11303,6860083,7021,5926958,382,569884,26013,2351971,314,40612,26327,2392583,45033,37401.71,15749542,13356959,0
2022-01-06,11328,6871411,7395,5934353,483,570367,27659,2379630,350,40962,28009,2420592,47215,34094.43,15796757,13376165,0
2022-01-07,10149,6881560,8455,5942808,339,570706,25210,2404840,325,41287,25535,2446127,44479,37117.29,15841236,13395109,0
2022-01-08,7661,6889221,8589,5951397,311,571017,19626,2424466,183,41470,19809,2465936,36371,42180.71,15877607,13411671,0
2022-01-09,4111,6893332,3842,5955239,214,571231,10081,2434547,94,41564,10175,2476111,18342,41558.86,15895949,13419838,0
2022-01-10,10148,6903480,8195,5963434,490,571721,24637,2459184,303,41867,24940,2501051,43773,40601.14,15939722,13438671,0
2022-01-11,8857,6912337,7989,5971423,521,572242,21055,2480239,292,42159,21347,2522398,38716,39132.71,15978438,13456040,0
2022-01-12,8914,6921251,8330,5979753,427,572669,22379,2502618,288,42447,22667,2545065,40338,38462,16018776,13473711,0
2022-01-13,9007,6930258,8868,5988621,451,573120,22932,2525550,320,42767,23252,2568317,41579,37656.86,16060355,13492038,0
2022-01-14,10077,6940335,8128,5996749,475,573595,26465,2552015,334,43101,26799,2595116,45479,37799.71,16105834,13510718,0
2022-01-15,6193,6946528,4310,6001059,178,573773,15160,2567175,178,43279,15338,2610454,26019,36320.86,16131853,13521399,0
2022-01-16,2902,6949430,3250,6004309,95,573868,7836,2575011,86,43365,7922,2618376,14169,35724.71,16146022,13527646,0
2022-01-17,6042,6955472,6752,6011061,363,574231,14708,2589719,221,43586,14929,2633305,28086,33483.71,16174108,13540803,0
2022-01-18,8134,6963606,10323,6021384,394,574625,19699,2609418,318,43904,20017,2653322,38868,33505.43,16212976,13559654,0
2022-01-19,7430,6971036,9253,6030637,303,574928,17739,2627157,277,44181,18016,2671338,35003,32743.29,16247979,13576641,0
2022-01-20,6243,6977279,8561,6039198,305,575233,15288,2642445,250,44431,15538,2686876,30647,31181.57,16278626,13591750,0
2022-01-21,7539,6984818,7514,6046712,276,575509,18528,2660973,289,44720,18817,2705693,34146,29562.57,16312772,13607079,0
2022-01-22,5177,6989995,4935,6051647,131,575640,11334,2672307,130,44850,11464,2717157,21707,28946.57,16334479,13617322,0
2022-01-23,2794,6992789,3329,6054976,97,575737,6244,2678551,76,44926,6320,2723477,12540,28713.86,16347019,13623542,0
2022-01-24,6344,6999133,8204,6063180,262,575999,15093,2693644,241,45167,15334,2738811,30144,29007.86,16377163,13638352,0
2022-01-25,6163,7005296,7947,6071127,231,576230,14716,2708360,262,45429,14978,2753789,29319,27643.71,16406482,13652693,0
2022-01-26,5733,7011029,7181,6078308,289,576519,14025,2722385,213,45642,14238,2768027,27441,26563.43,16433923,13665896,0
2022-01-27,5232,7016261,7093,6085401,321,576840,14104,2736489,235,45877,14339,2782366,26985,26040.29,16460908,13678542,0
2022-01-28,6233,7022494,7878,6093279,203,577043,16144,2752633,239,46116,16383,2798749,30697,25547.57,16491605,13692856,0
2022-01-29,838,7023332,729,6094008,28,577071,2540,2755173,40,46156,2580,2801329,4175,23043,16495780,13694451,0
2022-01-30,2081,7025413,3023,6097031,103,577174,4551,2759724,62,46218,4613,2805942,9820,22654.43,16505600,13699658,0
2022-01-31,4988,7030401,6593,6103624,220,577394,11406,2771130,201,46419,11607,2817549,23408,21692.14,16529008,13711459,0
2022-02-01,4813,7035214,6446,6110070,220,577614,10728,2781858,221,46640,10949,2828498,22428,20707.71,16551436,13722938,0
2022-02-02,4251,7039465,5942,6116012,212,577826,11251,2793109,244,46884,11495,2839993,21900,19916.14,16573336,13733343,0
2022-02-03,4208,7043673,5819,6121831,216,578042,11234,2804343,200,47084,11434,2851427,21677,19157.86,16595013,13743586,0
2022-02-04,4744,7048417,7118,6128949,214,578256,13236,2817579,239,47323,13475,2864902,25551,18422.71,16620564,13755662,0
2022-02-05,3562,7051979,6053,6135002,110,578366,8589,2826168,156,47479,8745,2873647,18470,20464.86,16639034,13765387,0
2022-02-06,2056,7054035,2138,6137140,121,578487,4643,2830811,105,47584,4748,2878395,9064,20356.86,16648098,13769703,0
2022-02-07,4138,7058173,4739,6141879,205,578692,10144,2840955,235,47819,10379,2888774,19461,19793,16667559,13778785,0
2022-02-08,4203,7062376,5609,6147488,214,578906,11338,2852293,308,48127,11646,2900420,21672,19685,16689231,13788811,0
2022-02-09,4118,7066494,5405,6152893,222,579128,11676,2863969,255,48382,11931,2912351,21676,19653,16710907,13798556,0
2022-02-10,3974,7070468,5127,6158020,244,579372,12207,2876176,288,48670,12495,2924846,21840,19676.29,16732747,13807901,0
2022-02-11,4498,7074966,5812,6163832,195,579567,13743,2889919,326,48996,14069,2938915,24574,19536.71,16757321,13818406,0
2022-02-12,3247,7078213,4345,6168177,97,579664,8815,2898734,214,49210,9029,2947944,16718,19286.43,16774039,13826095,0
2022-02-13,1514,7079727,1544,6169721,41,579705,4886,2903620,111,49321,4997,2952941,8096,19148.14,16782135,13829194,0
2022-02-14,2971,7082698,3625,6173346,167,579872,10581,2914201,325,49646,10906,2963847,17669,18892.14,16799804,13835957,0
2022-02-15,3532,7086230,4078,6177424,173,580045,12799,2927000,285,49931,13084,2976931,20867,18777.14,16820671,13843740,0
2022-02-16,3636,7089866,3907,6181331,200,580245,15740,2942740,297,50228,16037,2992968,23780,19077.71,16844451,13851483,0
2022-02-17,4051,7093917,4084,6185415,162,580407,18337,2961077,366,50594,18703,3011671,27000,19814.86,16871451,13859780,0
2022-02-18,4443,7098360,4789,6190204,190,580597,21551,2982628,461,51055,22012,3033683,31434,20794.86,16902885,13869202,0
2022-02-19,3246,7101606,2184,6192388,65,580662,11191,2993819,216,51271,11407,3045090,16902,20821.14,16919787,13874697,0
2022-02-20,1846,7103452,1446,6193834,59,580721,6594,3000413,113,51384,6707,3051797,10058,21101.43,16929845,13878048,0
2022-02-21,3078,7106530,2695,6196529,95,580816,8356,3008769,233,51617,8589,3060386,14457,20642.57,16944302,13883916,0
2022-02-22,4366,7110896,4258,6200787,174,580990,10840,3019609,255,51872,11095,3071481,19893,20503.43,16964195,13892714,0
2022-02-23,4247,7115143,3794,6204581,145,581135,10675,3030284,245,52117,10920,3082401,19106,19835.71,16983301,13900900,0
2022-02-24,3787,7118930,3660,6208241,108,581243,10199,3040483,231,52348,10430,3092831,17985,18547.86,17001286,13908455,0
2022-02-25,3601,7122531,3635,6211876,135,581378,9987,3050470,243,52591,10230,3103061,17601,16571.71,17018887,13915826,0
2022-02-26,2824,7125355,2582,6214458,74,581452,9525,3059995,157,52748,9682,3112743,15162,16323.14,17034049,13921306,0
2022-02-27,1766,7127121,1373,6215831,52,581504,6272,3066267,102,52850,6374,3119117,9565,16252.71,17043614,13924497,0
2022-02-28,3778,7130899,3137,6218968,141,581645,13147,3079414,251,53101,13398,3132515,20454,17109.43,17064068,13931553,0
2022-03-01,2120,7133019,2631,6221599,103,581748,5188,3084602,188,53289,5376,3137891,10230,15729,17074298,13936407,0
2022-03-02,1828,7134847,2445,6224044,107,581855,4144,3088746,210,53499,4354,3142245,8734,14247.29,17083032,13940787,0
2022-03-03,1932,7136779,2559,6226603,106,581961,3802,3092548,171,53670,3973,3146218,8570,12902.29,17091602,13945384,0
2022-03-04,2119,7138898,2878,6229481,66,582027,4331,3096879,209,53879,4540,3150758,9603,11759.71,17101205,13950447,0
2022-03-05,1611,7140509,2123,6231604,43,582070,3318,3100197,119,53998,3437,3154195,7214,10624.29,17108419,13954224,0
2022-03-06,797,7141306,880,6232484,30,582100,1624,3101821,55,54053,1679,3155874,3386,9741.57,17111805,13955931,0
2022-03-07,1660,7142966,1787,6234271,87,582187,3505,3105326,160,54213,3665,3159539,7199,7848,17119004,13959465,0
2022-03-08,1549,7144515,1895,6236166,79,582266,3125,3108451,153,54366,3278,3162817,6801,7358.14,17125805,13962988,0
2022-03-09,1262,7145777,1681,6237847,80,582346,2596,3111047,129,54495,2725,3165542,5748,6931.57,17131553,13966011,0
2022-03-10,1414,7147191,2099,6239946,85,582431,2968,3114015,163,54658,3131,3168673,6729,6668.57,17138282,13969609,0
2022-03-11,1595,7148786,2275,6242221,81,582512,3213,3117228,189,54847,3402,3172075,7353,6347.14,17145635,13973560,0
2022-03-12,876,7149662,1416,6243637,42,582554,2010,3119238,75,54922,2085,3174160,4419,5947.86,17150054,13975894,0
2022-03-13,624,7150286,756,6244393,28,582582,1291,3120529,49,54971,1340,3175500,2748,5856.71,17152802,13977302,0
2022-03-14,1365,7151651,1612,6246005,83,582665,2993,3123522,208,55179,3201,3178701,6261,5722.71,17159063,13980362,0
2022-03-15,1355,7153006,1925,6247930,63,582728,3072,3126594,233,55412,3305,3182006,6648,5700.86,17165711,13983705,0
2022-03-16,1397,7154403,2065,6249995,94,582822,3142,3129736,295,55707,3437,3185443,6993,5878.71,17172704,13987261,0
2022-03-17,1193,7155596,1808,6251803,71,582893,2763,3132499,268,55975,3031,3188474,6103,5789.29,17178807,13990333,0
2022-03-18,1588,7157184,2217,6254020,79,582972,3775,3136274,419,56394,4194,3192668,8078,5892.86,17186885,13994217,0
2022-03-19,1106,7158290,1735,6255755,54,583026,2606,3138880,227,56621,2833,3195501,5728,6079.86,17192613,13997112,0
2022-03-20,607,7158897,630,6256385,33,583059,1467,3140347,187,56808,1654,3197155,2924,6105,17195537,13998382,0
2022-03-21,1418,7160315,1555,6257940,73,583132,3060,3143407,360,57168,3420,3200575,6466,6134.29,17202003,14001428,0
2022-03-22,1345,7161660,1554,6259494,101,583233,2907,3146314,345,57513,3252,3203827,6252,6077.71,17208255,14004428,0
2022-03-23,1257,7162917,1361,6260855,66,583299,2920,3149234,375,57888,3295,3207122,5979,5932.86,17214234,14007112,0
2022-03-24,1211,7164128,1299,6262154,90,583389,2521,3151755,270,58158,2791,3209913,5391,5831.14,17219625,14009712,0
2022-03-25,1381,7165509,1634,6263788,62,583451,3268,3155023,382,58540,3650,3213563,6727,5638.14,17226352,14012789,0
2022-03-26,926,7166435,1165,6264953,36,583487,2308,3157331,251,58791,2559,3216122,4686,5489.29,17231038,14014916,0
2022-03-27,574,7167009,528,6265481,29,583516,1315,3158646,202,58993,1517,3217639,2648,5449.86,17233686,14016047,0
2022-03-28,1079,7168088,1168,6266649,69,583585,2440,3161086,365,59358,2805,3220444,5121,5257.71,17238807,14018363,0
2022-03-29,1049,7169137,1103,6267752,85,583670,2511,3163597,885,60243,3396,3223840,5633,5169.29,17244440,14020600,0
2022-03-30,1240,7170377,1138,6268890,99,583769,3062,3166659,3412,63655,6474,3230314,8951,5593.86,17253391,14023077,0
2022-03-31,1277,7171654,1249,6270139,57,583826,3168,3169827,5520,69175,8688,3239002,11272,6434,17264663,14025661,0
2022-04-01,1420,7173074,1488,6271627,76,583902,3243,3173070,6917,76092,10160,3249162,13144,7350.71,17277807,14028645,0
2022-04-02,908,7173982,909,6272536,33,583935,2089,3175159,4538,80630,6627,3255789,8477,7892.29,17286284,14030495,0
2022-04-03,554,7174536,493,6273029,28,583963,1220,3176379,3058,83688,4278,3260067,5353,8278.71,17291637,14031570,0
2022-04-04,1349,7175885,1305,6274334,61,584024,2721,3179100,7715,91403,10436,3270503,13151,9425.86,17304788,14034285,0
2022-04-05,1295,7177180,1156,6275490,66,584090,2844,3181944,7498,98901,10342,3280845,12859,10458.14,17317647,14036802,0
2022-04-06,1335,7178515,1175,6276665,61,584151,2626,3184570,6965,105866,9591,3290436,12162,10916.86,17329809,14039373,0
2022-04-07,1207,7179722,1062,6277727,57,584208,2372,3186942,6625,112491,8997,3299433,11323,10924.14,17341132,14041699,0
2022-04-08,1478,7181200,1406,6279133,61,584269,3163,3190105,8799,121290,11962,3311395,14907,11176,17356039,14044644,0
2022-04-09,911,7182111,926,6280059,29,584298,2080,3192185,4950,126240,7030,3318425,8896,11235.86,17364935,14046510,0
2022-04-10,578,7182689,460,6280519,25,584323,1168,3193353,2901,129141,4069,3322494,5132,11204.29,17370067,14047573,0
2022-04-11,1307,7183996,1227,6281746,61,584384,2656,3196009,7834,136975,10490,3332984,13085,11194.86,17383152,14050168,0
2022-04-12,1213,7185209,1057,6282803,73,584457,2521,3198530,7446,144421,9967,3342951,12310,11116.43,17395462,14052511,0
2022-04-13,1232,7186441,1074,6283877,60,584517,2512,3201042,7546,151967,10058,3353009,12424,11153.86,17407886,14054877,0
2022-04-14,1262,7187703,1096,6284973,59,584576,2443,3203485,6589,158556,9032,3362041,11449,11171.86,17419335,14057294,0
2022-04-15,1333,7189036,1095,6286068,53,584629,2561,3206046,6632,165188,9193,3371234,11674,10710,17431009,14059775,0
2022-04-16,857,7189893,652,6286720,34,584663,1642,3207688,3686,168874,5328,3376562,6871,10420.71,17437880,14061318,0
2022-04-17,345,7190238,201,6286921,27,584690,638,3208326,1158,170032,1796,3378358,2369,10026,17440249,14061891,0
2022-04-18,1386,7191624,1115,6288036,82,584772,2583,3210909,6409,176441,8992,3387350,11575,9810.29,17451824,14064474,0
2022-04-19,1413,7193037,935,6288971,71,584843,2579,3213488,5755,182196,8334,3395684,10753,9587.86,17462577,14066893,0
2022-04-20,1306,7194343,1153,6290124,65,584908,2706,3216194,6644,188840,9350,3405034,11874,9509.29,17474451,14069417,0
2022-04-21,1216,7195559,1064,6291188,53,584961,2333,3218527,5343,194183,7676,3412710,10009,9303.57,17484460,14071750,0
2022-04-22,1211,7196770,1024,6292212,46,585007,2198,3220725,5657,199840,7855,3420565,10137,9084,17494597,14074032,0
2022-04-23,712,7197482,749,6292961,59,585066,1428,3222153,3351,203191,4779,3425344,6299,9002.29,17500896,14075552,0
2022-04-24,441,7197923,336,6293297,27,585093,808,3222961,1819,205010,2627,3427971,3431,9154,17504327,14076356,0
2022-04-25,1036,7198959,913,6294210,64,585157,1853,3224814,5093,210103,6946,3434917,8959,8780.29,17513286,14078369,0
2022-04-26,948,7199907,859,6295069,76,585233,1748,3226562,4695,214798,6443,3441360,8326,8433.57,17521612,14080252,0
2022-04-27,1037,7200944,1022,6296091,80,585313,1926,3228488,5212,220010,7138,3448498,9277,8062.57,17530889,14082391,0
2022-04-28,1083,7202027,989,6297080,50,585363,2003,3230491,4735,224745,6738,3455236,8860,7898.43,17539749,14084513,0
2022-04-29,1178,7203205,1097,6298177,60,585423,2160,3232651,5423,230168,7583,3462819,9918,7867.14,17549667,14086848,0
2022-04-30,725,7203930,743,6298920,50,585473,1391,3234042,2967,233135,4358,3467177,5876,7806.71,17555543,14088366,0
2022-05-01,446,7204376,366,6299286,20,585493,766,3234808,1656,234791,2422,3469599,3254,7781.43,17558797,14089198,0
2022-05-02,1048,7205424,790,6300076,52,585545,1677,3236485,3816,238607,5493,3475092,7383,7556.29,17566180,14091088,0
2022-05-03,1119,7206543,862,6300938,61,585606,1995,3238480,4872,243479,6867,3481959,8909,7639.57,17575089,14093130,0
2022-05-04,1008,7207551,884,6301822,48,585654,1924,3240404,4673,248152,6597,3488556,8537,7533.86,17583626,14095070,0
2022-05-05,1073,7208624,955,6302777,87,585741,1929,3242333,4878,253030,6807,3495363,8922,7542.71,17592548,14097185,0
2022-05-06,1093,7209717,955,6303732,51,585792,1859,3244192,4401,257431,6260,3501623,8359,7320,17600907,14099284,0
2022-05-07,660,7210377,589,6304321,32,585824,1202,3245394,2433,259864,3635,3505258,4916,7182.86,17605823,14100565,0
2022-05-08,412,7210789,244,6304565,17,585841,666,3246060,1386,261250,2052,3507310,2725,7107.29,17608548,14101238,0
2022-05-09,1080,7211869,944,6305509,60,585901,1892,3247952,4430,265680,6322,3513632,8406,7253.43,17616954,14103322,0
2022-05-10,1097,7212966,929,6306438,54,585955,1983,3249935,4717,270397,6700,3520332,8780,7235,17625734,14105402,0
2022-05-11,1086,7214052,973,6307411,44,585999,1943,3251878,4840,275237,6783,3527115,8886,7284.86,17634620,14107505,0
2022-05-12,1104,7215156,950,6308361,60,586059,2001,3253879,4661,279898,6662,3533777,8776,7264,17643396,14109619,0
2022-05-13,1159,7216315,1041,6309402,44,586103,2068,3255947,4798,284696,6866,3540643,9110,7371.29,17652506,14111863,0
2022-05-14,829,7217144,668,6310070,31,586134,1466,3257413,2951,287647,4417,3545060,5945,7518.29,17658451,14113391,0
2022-05-15,510,7217654,357,6310427,22,586156,923,3258336,1646,289293,2569,3547629,3458,7623,17661909,14114280,0
2022-05-16,1228,7218882,855,6311282,62,586218,1830,3260166,3860,293153,5690,3553319,7835,7541.43,17669744,14116425,0
2022-05-17,1288,7220170,932,6312214,79,586297,2044,3262210,4893,298046,6937,3560256,9236,7606.57,17678980,14118724,0
2022-05-18,1242,7221412,900,6313114,82,586379,2061,3264271,4934,302980,6995,3567251,9219,7654.14,17688199,14120948,0
2022-05-19,1162,7222574,881,6313995,36,586415,2116,3266387,4727,307707,6843,3574094,8922,7675,17697121,14123027,0
2022-05-20,1196,7223770,966,6314961,73,586488,2372,3268759,5200,312907,7572,3581666,9809,7774.86,17706930,14125264,0
2022-05-21,836,7224606,645,6315606,23,586511,1719,3270478,3304,316211,5023,3586689,6528,7858.14,17713458,14126769,0
2022-05-22,508,7225114,292,6315898,22,586533,1136,3271614,1838,318049,2974,3589663,3796,7906.43,17717254,14127591,0
2022-05-23,1222,7226336,886,6316784,52,586585,2186,3273800,4709,322758,6895,3596558,9055,8080.71,17726309,14129751,0
2022-05-24,1408,7227744,938,6317722,66,586651,2296,3276096,4493,327251,6789,3603347,9202,8075.86,17735511,14132164,0
2022-05-25,1420,7229164,954,6318676,56,586707,2257,3278353,4268,331519,6525,3609872,8956,8038.29,17744467,14134595,0
2022-05-26,1175,7230339,889,6319565,60,586767,2264,3280617,4150,335669,6414,3616286,8539,7983.57,17753006,14136720,0
2022-05-27,1245,7231584,959,6320524,38,586805,2498,3283115,3917,339586,6415,3622701,8658,7819.14,17761664,14138963,0
2022-05-28,712,7232296,517,6321041,19,586824,1785,3284900,2064,341650,3849,3626550,5097,7614.71,17766761,14140211,0
2022-05-29,476,7232772,215,6321256,11,586835,759,3285659,1124,342774,1883,3628433,2585,7441.71,17769346,14140913,0
2022-05-30,92,7232864,59,6321315,6,586841,139,3285798,144,342918,283,3628716,440,6211,17769786,14141070,0
2022-05-31,1141,7234005,918,6322233,51,586892,1894,3287692,3052,345970,4946,3633662,7056,5904.43,17776842,14143180,0
2022-06-01,1156,7235161,853,6323086,63,586955,1968,3289660,3425,349395,5393,3639055,7465,5691.43,17784307,14145252,0
2022-06-02,1033,7236194,799,6323885,72,587027,1823,3291483,3168,352563,4991,3644046,6895,5456.57,17791202,14147156,0
2022-06-03,1165,7237359,895,6324780,47,587074,2068,3293551,3492,356055,5560,3649606,7667,5315,17798869,14149263,0
2022-06-04,726,7238085,582,6325362,26,587100,1555,3295106,1904,357959,3459,3653065,4795,5271.86,17803664,14150599,0
2022-06-05,450,7238535,297,6325659,1,587101,880,3295986,978,358937,1858,3654923,2606,5274.86,17806270,14151347,0
2022-06-06,1127,7239662,827,6326486,64,587165,1752,3297738,2737,361674,4489,3659412,6507,6141.57,17812777,14153365,0
2022-06-07,1026,7240688,770,6327256,70,587235,1790,3299528,2562,364236,4352,3663764,6218,6021.86,17818995,14155231,0
2022-06-08,1095,7241783,837,6328093,75,587310,1877,3301405,2746,366982,4623,3668387,6631,5902.71,17825626,14157239,0
2022-06-09,1141,7242924,839,6328932,61,587371,2223,3303628,2690,369672,4913,3673300,6954,5911.14,17832580,14159280,0
2022-06-10,1047,7243971,818,6329750,75,587446,1883,3305511,2823,372495,4706,3678006,6646,5765.29,17839226,14161220,0
2022-06-11,683,7244654,507,6330257,25,587471,1325,3306836,1503,373998,2828,3680834,4043,5657.86,17843269,14162435,0
2022-06-12,351,7245005,287,6330544,21,587492,879,3307715,772,374770,1651,3682485,2310,5615.57,17845579,14163094,0
2022-06-13,1028,7246033,768,6331312,63,587555,1575,3309290,2186,376956,3761,3686246,5621,5489,17851200,14164954,0
2022-06-14,966,7246999,833,6332145,64,587619,1681,3310971,2502,379458,4183,3690429,6046,5464.43,17857246,14166817,0
2022-06-15,969,7247968,866,6333011,39,587658,1666,3312637,2416,381874,4082,3694511,5956,5368,17863202,14168691,0
2022-06-16,961,7248929,777,6333788,59,587717,1829,3314466,2367,384241,4196,3698707,5993,5230.71,17869195,14170488,0
2022-06-17,902,7249831,799,6334587,48,587765,1770,3316236,2398,386639,4168,3702875,5918,5126.71,17875113,14172238,0
2022-06-18,660,7250491,521,6335108,26,587791,1277,3317513,1295,387934,2572,3705447,3779,5089,17878892,14173445,0
2022-06-19,347,7250838,235,6335343,16,587807,727,3318240,607,388541,1334,3706781,1932,5035,17880824,14174043,0
2022-06-20,833,7251671,487,6335830,41,587848,1573,3319813,1612,390153,3185,3709966,4546,4881.43,17885370,14175404,0
2022-06-21,1135,7252806,741,6336571,50,587898,1697,3321510,2142,392295,3839,3713805,5766,4841.43,17891136,14177331,0
2022-06-22,1963,7254769,834,6337405,46,587944,1706,3323216,1991,394286,3697,3717502,6540,4924.86,17897676,14180174,0
2022-06-23,2119,7256888,763,6338168,65,588009,1697,3324913,2152,396438,3849,3721351,6797,5039.71,17904473,14183122,0
2022-06-24,2177,7259065,757,6338925,48,588057,1624,3326537,2153,398591,3777,3725128,6759,5159.86,17911232,14186104,0
2022-06-25,2137,7261202,497,6339422,15,588072,1234,3327771,1143,399734,2377,3727505,5030,5338.57,17916262,14188757,0
2022-06-26,1212,7262414,248,6339670,14,588086,685,3328456,530,400264,1215,3728720,2689,5446.71,17918951,14190231,0
2022-06-27,1535,7263949,654,6340324,60,588146,1461,3329917,1653,401917,3114,3731834,5363,5563.43,17924314,14192480,0
2022-06-28,1691,7265640,831,6341155,57,588203,1859,3331776,2140,404057,3999,3735833,6578,5679.43,17930892,14195059,0
2022-06-29,1860,7267500,776,6341931,48,588251,1718,3333494,1922,405979,3640,3739473,6324,5648.57,17937216,14197743,0
2022-06-30,1869,7269369,807,6342738,46,588297,1730,3335224,2134,408113,3864,3743337,6586,5618.43,17943802,14200465,0
2022-07-01,1603,7270972,598,6343336,26,588323,1392,3336616,1724,409837,3116,3746453,5343,5416.14,17949145,14202692,0
2022-07-02,978,7271950,389,6343725,18,588341,836,3337452,940,410777,1776,3748229,3161,5149.14,17952306,14204077,0
2022-07-03,530,7272480,205,6343930,7,588348,459,3337911,487,411264,946,3749175,1688,5006.14,17953994,14204819,0
2022-07-04,36,7272516,25,6343955,1,588349,31,3337942,38,411302,69,3749244,131,4258.71,17954125,14204881,0
2022-07-05,1295,7273811,758,6344713,35,588384,1404,3339346,1739,413041,3143,3752387,5231,4066.29,17959356,14206969,0
2022-07-06,1611,7275422,679,6345392,44,588428,1443,3340789,1840,414881,3283,3755670,5617,3965.29,17964973,14209303,0
2022-07-07,1592,7277014,713,6346105,48,588476,1529,3342318,2001,416882,3530,3759200,5883,3864.86,17970856,14211656,0
2022-07-08,1631,7278645,652,6346757,37,588513,1472,3343790,1975,418857,3447,3762647,5769,3925.71,17976625,14213978,0
2022-07-09,981,7279626,426,6347183,26,588539,878,3344668,1342,420199,2220,3764867,3653,3996,17980278,14215411,0
2022-07-10,638,7280264,187,6347370,17,588556,429,3345097,661,420860,1090,3765957,1932,4030.86,17982210,14216253,0
2022-07-11,1397,7281661,635,6348005,49,588605,1437,3346534,2210,423070,3647,3769604,5728,4830.43,17987938,14218334,0
2022-07-12,1403,7283064,688,6348693,45,588650,1398,3347932,2510,425580,3908,3773512,6044,4946.57,17993982,14220470,0
2022-07-13,1622,7284686,726,6349419,37,588687,1523,3349455,2824,428404,4347,3777859,6732,5105.86,18000714,14222855,0
2022-07-14,1590,7286276,840,6350259,47,588734,1603,3351058,3056,431460,4659,3782518,7137,5285,18007851,14225333,0
2022-07-15,1615,7287891,938,6351197,47,588781,1569,3352627,3050,434510,4619,3787137,7219,5492.14,18015070,14227933,0
2022-07-16,882,7288773,584,6351781,9,588790,980,3353607,1697,436207,2677,3789814,4152,5563.43,18019222,14229408,0
2022-07-17,550,7289323,290,6352071,16,588806,528,3354135,1166,437373,1694,3791508,2550,5651.71,18021772,14230264,0
2022-07-18,1400,7290723,841,6352912,45,588851,1432,3355567,2450,439823,3882,3795390,6168,5714.57,18027940,14232550,0
2022-07-19,1441,7292164,977,6353889,51,588902,1536,3357103,2797,442620,4333,3799723,6802,5822.86,18034742,14235019,0
2022-07-20,1383,7293547,1480,6355369,50,588952,1349,3358452,2390,445010,3739,3803462,6653,5811.57,18041395,14237933,0
2022-07-21,1333,7294880,1434,6356803,50,589002,1394,3359846,2363,447373,3757,3807219,6574,5731.14,18047969,14240750,0
2022-07-22,1430,7296310,1569,6358372,41,589043,1559,3361405,2848,450221,4407,3811626,7447,5763.71,18055416,14243790,0
2022-07-23,903,7297213,1099,6359471,17,589060,995,3362400,1554,451775,2549,3814175,4568,5823.14,18059984,14245809,0
2022-07-24,487,7297700,641,6360112,14,589074,501,3362901,805,452580,1306,3815481,2449,5808.71,18062433,14246952,0
2022-07-25,1226,7298926,766,6360878,59,589133,1262,3364163,2059,454639,3321,3818802,5372,5695,18067805,14249003,0
2022-07-26,1231,7300157,1021,6361899,41,589174,1470,3365633,2440,457079,3910,3822712,6203,5609.43,18074008,14251296,0
2022-07-27,1319,7301476,1275,6363174,42,589216,1387,3367020,2190,459269,3577,3826289,6215,5546.86,18080223,14253934,0
2022-07-28,1312,7302788,1418,6364592,71,589287,1424,3368444,2219,461488,3643,3829932,6444,5528.29,18086667,14256735,0
2022-07-29,1317,7304105,1428,6366020,64,589351,1357,3369801,2151,463639,3508,3833440,6318,5367,18092985,14259545,0
2022-07-30,724,7304829,713,6366733,25,589376,788,3370589,952,464591,1740,3835180,3205,5172.29,18096190,14261010,0
2022-07-31,423,7305252,590,6367323,14,589390,487,3371076,571,465162,1058,3836238,2085,5120.29,18098275,14262037,0
2022-08-01,1224,7306476,912,6368235,55,589445,1327,3372403,1505,466667,2832,3839070,5023,5070.43,18103298,14264228,0
2022-08-02,1224,7307700,1013,6369248,73,589518,1344,3373747,1596,468263,2940,3842010,5250,4934.29,18108548,14266538,0
2022-08-03,1263,7308963,1189,6370437,41,589559,1339,3375086,1526,469789,2865,3844875,5358,4811.86,18113906,14269031,0
2022-08-04,1184,7310147,1186,6371623,57,589616,1284,3376370,1456,471245,2740,3847615,5167,4629.43,18119073,14271458,0
2022-08-05,1307,7311454,1447,6373070,49,589665,1310,3377680,1438,472683,2748,3850363,5551,4519.86,18124624,14274261,0
2022-08-06,688,7312142,841,6373911,14,589679,761,3378441,772,473455,1533,3851896,3077,4501.57,18127701,14275805,0
2022-08-07,390,7312532,457,6374368,14,589693,421,3378862,353,473808,774,3852670,1635,4437.29,18129336,14276666,0
2022-08-08,1182,7313714,933,6375301,70,589763,1272,3380134,1170,474978,2442,3855112,4627,4380.71,18133963,14278851,0
2022-08-09,1127,7314841,892,6376193,38,589801,1226,3381360,1159,476137,2385,3857497,4442,4265.29,18138405,14280908,0
2022-08-10,1215,7316056,1110,6377303,59,589860,1257,3382617,1243,477380,2500,3859997,4884,4197.57,18143289,14283292,0
2022-08-11,1290,7317346,1068,6378371,84,589944,1211,3383828,1277,478657,2488,3862485,4930,4163.71,18148219,14285734,0
2022-08-12,1308,7318654,1408,6379779,54,589998,1267,3385095,1250,479907,2517,3865002,5287,4126,18153506,14288504,0
2022-08-13,759,7319413,784,6380563,15,590013,762,3385857,629,480536,1391,3866393,2949,4107.71,18156455,14290062,0
2022-08-14,480,7319893,478,6381041,19,590032,404,3386261,281,480817,685,3867078,1662,4111.57,18158117,14291039,0
2022-08-15,1257,7321150,1061,6382102,60,590092,1313,3387574,989,481806,2302,3869380,4680,4119.14,18162797,14293417,0
2022-08-16,1308,7322458,868,6382970,50,590142,1362,3388936,1073,482879,2435,3871815,4661,4150.43,18167458,14295643,0
2022-08-17,1208,7323666,954,6383924,39,590181,1232,3390168,1001,483880,2233,3874048,4434,4086.14,18171892,14297844,0
2022-08-18,1157,7324823,943,6384867,45,590226,1266,3391434,945,484825,2211,3876259,4356,4004.14,18176248,14299989,0
2022-08-19,1251,7326074,1129,6385996,34,590260,1115,3392549,978,485803,2093,3878352,4507,3892.71,18180755,14302403,0
2022-08-20,580,7326654,487,6386483,16,590276,630,3393179,500,486303,1130,3879482,2213,3787.57,18182968,14303486,0
2022-08-21,357,7327011,243,6386726,9,590285,382,3393561,267,486570,649,3880131,1258,3729.86,18184226,14304095,0
2022-08-22,1205,7328216,917,6387643,39,590324,1227,3394788,885,487455,2112,3882243,4273,3671.71,18188499,14306256,0
2022-08-23,1233,7329449,1050,6388693,47,590371,1374,3396162,962,488417,2336,3884579,4667,3672.57,18193166,14308587,0
2022-08-24,1263,7330712,1009,6389702,29,590400,1287,3397449,819,489236,2106,3886685,4408,3668.86,18197574,14310889,0
2022-08-25,1214,7331926,978,6390680,66,590466,1182,3398631,812,490048,1994,3888679,4252,3654,18201826,14313147,0
2022-08-26,1184,7333110,1168,6391848,53,590519,1187,3399818,778,490826,1965,3890644,4370,3634.43,18206196,14315552,0
2022-08-27,691,7333801,539,6392387,14,590533,669,3400487,404,491230,1073,3891717,2317,3649.29,18208513,14316796,0
2022-08-28,374,7334175,232,6392619,10,590543,443,3400930,226,491456,669,3892386,1285,3653.14,18209798,14317412,0
2022-08-29,1249,7335424,963,6393582,41,590584,1215,3402145,681,492137,1896,3894282,4150,3635.57,18213948,14319666,0
2022-08-30,1266,7336690,936,6394518,36,590620,1261,3403406,764,492901,2025,3896307,4263,3577.86,18218211,14321904,0
2022-08-31,1138,7337828,1003,6395521,43,590663,1102,3404508,569,493470,1671,3897978,3856,3499,18222067,14324089,0
2022-09-01,1021,7338849,956,6396477,51,590714,802,3405310,454,493924,1256,3899234,3284,3360.71,18225351,14326117,0
2022-09-02,959,7339808,1005,6397482,29,590743,587,3405897,172,494096,759,3899993,2752,3129.57,18228103,14328110,0
2022-09-03,493,7340301,431,6397913,12,590755,361,3406258,50,494146,411,3900404,1347,2991,18229450,14329046,0
2022-09-04,224,7340525,195,6398108,10,590765,188,3406446,27,494173,215,3900619,644,2899.43,18230094,14329475,0
2022-09-05,74,7340599,69,6398177,7,590772,44,3406490,17,494190,61,3900680,211,2336.71,18230305,14329625,0
2022-09-06,967,7341566,1144,6399321,50,590822,629,3407119,132,494322,761,3901441,2927,2145.86,18233232,14331791,0
2022-09-07,908,7342474,1029,6400350,38,590860,476,3407595,149,494471,625,3902066,2617,1968.86,18235849,14333783,0
2022-09-08,785,7343259,757,6401107,36,590896,249,3407844,111,494582,360,3902426,1976,1782,18237825,14335399,0
2022-09-09,797,7344056,1071,6402178,48,590944,277,3408121,121,494703,398,3902824,2429,1735.86,18240254,14337430,0
2022-09-10,435,7344491,598,6402776,12,590956,261,3408382,46,494749,307,3903131,1408,1744.57,18241662,14338531,0
2022-09-11,198,7344689,218,6402994,11,590967,87,3408469,30,494779,117,3903248,576,1734.86,18242238,14338990,0
2022-09-12,691,7345380,742,6403736,39,591006,202,3408671,95,494874,297,3903545,1840,1967.57,18244078,14340533,0
2022-09-13,687,7346067,779,6404515,32,591038,218,3408889,115,494989,333,3903878,1939,1826.43,18246017,14342139,0
2022-09-14,665,7346732,819,6405334,31,591069,222,3409111,121,495110,343,3904221,1988,1736.57,18248005,14343784,0
2022-09-15,736,7347468,720,6406054,22,591091,222,3409333,109,495219,331,3904552,1963,1734.71,18249968,14345416,0
2022-09-16,720,7348188,978,6407032,27,591118,271,3409604,168,495387,439,3904991,2407,1731.57,18252375,14347384,0
2022-09-17,339,7348527,564,6407596,12,591130,271,3409875,79,495466,350,3905341,1373,1726.57,18253748,14348407,0
2022-09-18,163,7348690,179,6407775,7,591137,72,3409947,28,495494,100,3905441,474,1712,18254222,14348781,0
2022-09-19,628,7349318,618,6408393,29,591166,221,3410168,95,495589,316,3905757,1659,1686.14,18255881,14350124,0
2022-09-20,605,7349923,679,6409072,27,591193,213,3410381,91,495680,304,3906061,1738,1657.43,18257619,14351558,0
2022-09-21,629,7350552,651,6409723,31,591224,256,3410637,134,495814,390,3906451,1853,1638.14,18259472,14353021,0
2022-09-22,584,7351136,639,6410362,28,591252,168,3410805,139,495953,307,3906758,1757,1608.71,18261229,14354471,0
2022-09-23,645,7351781,912,6411274,24,591276,250,3411055,145,496098,395,3907153,2228,1583.14,18263457,14356304,0
2022-09-24,327,7352108,562,6411836,8,591284,262,3411317,67,496165,329,3907482,1325,1576.29,18264782,14357300,0
2022-09-25,139,7352247,167,6412003,1,591285,72,3411389,48,496213,120,3907602,473,1576.14,18265255,14357653,0
2022-09-26,536,7352783,524,6412527,16,591301,281,3411670,149,496362,430,3908032,1631,1572.14,18266886,14358854,0
2022-09-27,614,7353397,653,6413180,26,591327,282,3411952,169,496531,451,3908483,1933,1600,18268819,14360336,0
2022-09-28,511,7353908,601,6413781,18,591345,188,3412140,189,496720,377,3908860,1709,1579.43,18270528,14361668,0
2022-09-29,648,7354556,651,6414432,19,591364,173,3412313,105,496825,278,3909138,1809,1586.86,18272337,14363199,0
2022-09-30,583,7355139,829,6415261,13,591377,180,3412493,186,497011,366,3909504,2118,1571.14,18274455,14364951,0
2022-10-01,241,7355380,354,6415615,5,591382,132,3412625,36,497047,168,3909672,874,1506.71,18275329,14365657,0
2022-10-02,123,7355503,150,6415765,5,591387,46,3412671,46,497093,92,3909764,393,1495.29,18275722,14365958,0
2022-10-03,503,7356006,439,6416204,23,591410,155,3412826,119,497212,274,3910038,1344,1454.29,18277066,14367028,0
2022-10-04,480,7356486,512,6416716,15,591425,149,3412975,123,497335,272,3910310,1369,1373.71,18278435,14368125,0
2022-10-05,531,7357017,606,6417322,17,591442,280,3413255,168,497503,448,3910758,1767,1382,18280202,14369444,0
2022-10-06,530,7357547,602,6417924,19,591461,167,3413422,162,497665,329,3911087,1602,1352.43,18281804,14370717,0
2022-10-07,552,7358099,663,6418587,15,591476,168,3413590,149,497814,317,3911404,1900,1321.29,18283704,14372300,0
2022-10-08,248,7358347,370,6418957,4,591480,142,3413732,63,497877,205,3911609,901,1325.14,18284605,14372996,0
2022-10-09,103,7358450,159,6419116,5,591485,47,3413779,56,497933,103,3911712,404,1326.71,18285009,14373297,0
2022-10-10,371,7358821,439,6419555,14,591499,171,3413950,117,498050,288,3912000,1241,1312,18286250,14374250,0
2022-10-11,518,7359339,492,6420047,19,591518,178,3414128,152,498202,330,3912330,1470,1326.43,18287720,14375390,0
2022-10-12,484,7359823,547,6420594,17,591535,133,3414261,182,498384,315,3912645,1508,1289.43,18289228,14376583,0
2022-10-13,508,7360331,477,6421071,28,591563,129,3414390,204,498588,333,3912978,1444,1266.86,18290672,14377694,0
2022-10-14,525,7360856,729,6421800,25,591588,134,3414524,208,498796,342,3913320,1957,1275,18292629,14379309,0
2022-10-15,234,7361090,334,6422134,9,591597,89,3414613,67,498863,156,3913476,829,1264.71,18293458,14379982,0
2022-10-16,112,7361202,164,6422298,3,591600,25,3414638,65,498928,90,3913566,407,1265.14,18293865,14380299,0
2022-10-17,489,7361691,440,6422738,18,591618,83,3414721,122,499050,205,3913771,1277,1270.29,18295142,14381371,0
2022-10-18,437,7362128,505,6423243,20,591638,98,3414819,148,499198,246,3914017,1333,1250.71,18296475,14382458,0
2022-10-19,530,7362658,488,6423731,21,591659,86,3414905,152,499350,238,3914255,1406,1236.14,18297881,14383626,0
2022-10-20,500,7363158,496,6424227,10,591669,82,3414987,154,499504,236,3914491,1367,1225.14,18299248,14384757,0
2022-10-21,474,7363632,547,6424774,11,591680,92,3415079,159,499663,251,3914742,1602,1174.43,18300850,14386108,0
2022-10-22,215,7363847,312,6425086,9,591689,42,3415121,42,499705,84,3914826,708,1157.14,18301558,14386732,0
2022-10-23,84,7363931,97,6425183,3,591692,21,3415142,39,499744,60,3914886,265,1136.86,18301823,14386937,0
2022-10-24,482,7364413,420,6425603,19,591711,69,3415211,115,499859,184,3915070,1228,1129.86,18303051,14387981,0
2022-10-25,467,7364880,450,6426053,12,591723,93,3415304,112,499971,205,3915275,1268,1120.57,18304319,14389044,0
2022-10-26,491,7365371,449,6426502,11,591734,88,3415392,175,500146,263,3915538,1388,1118,18305707,14390169,0
2022-10-27,435,7365806,444,6426946,13,591747,94,3415486,137,500283,231,3915769,1256,1102.14,18306963,14391194,0
2022-10-28,538,7366344,636,6427582,17,591764,103,3415589,163,500446,266,3916035,1742,1122.14,18308705,14392670,0
2022-10-29,191,7366535,241,6427823,9,591773,68,3415657,56,500502,124,3916159,656,1114.71,18309361,14393202,0
2022-10-30,90,7366625,76,6427899,3,591776,19,3415676,57,500559,76,3916235,267,1115,18309628,14393393,0
2022-10-31,335,7366960,317,6428216,8,591784,47,3415723,127,500686,174,3916409,903,1068.57,18310531,14394122,0
2022-11-01,470,7367430,381,6428597,18,591802,76,3415799,124,500810,200,3916609,1256,1066.86,18311787,14395178,0
2022-11-02,407,7367837,399,6428996,17,591819,87,3415886,119,500929,206,3916815,1193,1039,18312980,14396165,0
2022-11-03,410,7368247,384,6429380,13,591832,81,3415967,159,501088,240,3917055,1173,1027.14,18314153,14397098,0
2022-11-04,454,7368701,502,6429882,14,591846,99,3416066,157,501245,256,3917311,1572,1002.86,18315725,14398414,0
2022-11-05,229,7368930,223,6430105,5,591851,67,3416133,79,501324,146,3917457,696,1008.57,18316421,14398964,0
2022-11-06,77,7369007,98,6430203,4,591855,19,3416152,49,501373,68,3917525,302,1013.57,18316723,14399198,0
2022-11-07,428,7369435,367,6430570,14,591869,72,3416224,106,501479,178,3917703,1109,1043,18317832,14400129,0
2022-11-08,420,7369855,382,6430952,7,591876,92,3416316,127,501606,219,3917922,1204,1035.57,18319036,14401114,0
2022-11-09,417,7370272,386,6431338,9,591885,84,3416400,114,501720,198,3918120,1194,1035.71,18320230,14402110,0
2022-11-10,427,7370699,402,6431740,14,591899,68,3416468,143,501863,211,3918331,1203,1040,18321433,14403102,0
2022-11-11,412,7371111,427,6432167,11,591910,94,3416562,95,501958,189,3918520,1382,1012.86,18322815,14404295,0
2022-11-12,210,7371321,202,6432369,2,591912,53,3416615,61,502019,114,3918634,599,999,18323414,14404780,0
2022-11-13,92,7371413,95,6432464,4,591916,15,3416630,67,502086,82,3918716,300,998.71,18323714,14404998,0
2022-11-14,399,7371812,368,6432832,19,591935,57,3416687,106,502192,163,3918879,1053,990.71,18324767,14405888,0
2022-11-15,466,7372278,396,6433228,15,591950,95,3416782,133,502325,228,3919107,1271,1000.29,18326038,14406931,0
2022-11-16,403,7372681,392,6433620,20,591970,59,3416841,108,502433,167,3919274,1107,987.86,18327145,14407871,0
2022-11-17,433,7373114,411,6434031,10,591980,61,3416902,159,502592,220,3919494,1195,986.71,18328340,14408846,0
2022-11-18,496,7373610,494,6434525,12,591992,62,3416964,144,502736,206,3919700,1539,1009.14,18329879,14410179,0
2022-11-19,196,7373806,201,6434726,3,591995,54,3417018,61,502797,115,3919815,643,1015.43,18330522,14410707,0
2022-11-20,89,7373895,107,6434833,3,591998,12,3417030,33,502830,45,3919860,273,1011.57,18330795,14410935,0
2022-11-21,407,7374302,306,6435139,3,592001,47,3417077,86,502916,133,3919993,935,994.71,18331730,14411737,0
2022-11-22,370,7374672,344,6435483,6,592007,52,3417129,90,503006,142,3920135,978,952.86,18332708,14412573,0
2022-11-23,329,7375001,276,6435759,10,592017,62,3417191,72,503078,134,3920269,860,917.57,18333568,14413299,0
2022-11-24,9,7375010,3,6435762,1,592018,0,3417191,6,503084,6,3920275,19,749.57,18333587,14413312,0
2022-11-25,219,7375229,233,6435995,13,592031,34,3417225,60,503144,94,3920369,696,629.14,18334283,14413914,120000
2022-11-26,136,7375365,150,6436145,2,592033,15,3417240,42,503186,57,3920426,414,596.43,18334697,14414271,120000
2022-11-27,59,7375424,53,6436198,1,592034,10,3417250,27,503213,37,3920463,173,582.14,18334870,14414407,120000
2022-11-28,305,7375729,358,6436556,8,592042,55,3417305,60,503273,115,3920578,866,572.29,18335736,14415158,120000
2022-11-29,313,7376042,352,6436908,7,592049,42,3417347,70,503343,112,3920690,877,557.86,18336613,14415923,120000
2022-11-30,325,7376367,325,6437233,9,592058,47,3417394,52,503395,99,3920789,849,556.29,18337462,14416673,120000
2022-12-01,164,7376531,139,6437372,3,592061,28,3417422,49,503444,77,3920866,425,614.29,18337887,14417021,120000
