"DATE","ADMIN_DOSE1_DAILY","ADMIN_DOSE1_CUMULATIVE","ADMIN_DOSE2_DAILY","ADMIN_DOSE2_CUMULATIVE","ADMIN_SINGLE_DAILY","ADMIN_SINGLE_CUMULATIVE","ADMIN_ALLDOSES_DAILY","ADMIN_ALLDOSES_7DAYAVG","ADMIN_ALLDOSES_CUMULATIVE","INCOMPLETE"
"2020-12-14",79,79,0,0,0,0,79,,79,0
"2020-12-15",2051,2130,3,3,4,4,2058,,2137,0
"2020-12-16",4582,6712,14,17,1,5,4597,,6734,0
"2020-12-17",4653,11365,16,33,0,5,4669,,11403,0
"2020-12-18",5799,17164,27,60,2,7,5828,,17231,0
"2020-12-19",1687,18851,5,65,3,10,1695,,18926,0
"2020-12-20",1108,19959,2,67,1,11,1111,2862.43,20037,0
"2020-12-21",6268,26227,13,80,1,12,6282,3748.57,26319,0
"2020-12-22",9777,36004,24,104,2,14,9803,4855,36122,0
"2020-12-23",14240,50244,41,145,2,16,14283,6238.71,50405,0
"2020-12-24",7205,57449,50,195,1,17,7256,6608.29,57661,0
"2020-12-25",179,57628,0,195,0,17,179,5801.29,57840,0
"2020-12-26",4332,61960,35,230,0,17,4367,6183,62207,0
"2020-12-27",3828,65788,10,240,0,17,3838,6572.57,66045,0
"2020-12-28",10962,76750,43,283,1,18,11006,7247.43,77051,0
"2020-12-29",10693,87443,31,314,2,20,10726,7379.29,87777,0
"2020-12-30",12775,100218,47,361,0,20,12822,7170.57,100599,0
"2020-12-31",7231,107449,25,386,0,20,7256,7170.57,107855,0
"2021-01-01",179,107628,2,388,1,21,182,7171,108037,0
"2021-01-02",3805,111433,10,398,2,23,3817,7092.43,111854,0
"2021-01-03",3523,114956,22,420,1,24,3546,7050.71,115400,0
"2021-01-04",12203,127159,797,1217,1,25,13001,7335.71,128401,0
"2021-01-05",13987,141146,2171,3388,0,25,16158,8111.71,144559,0
"2021-01-06",17723,158869,3908,7296,0,25,21631,9370.14,166190,0
"2021-01-07",16427,175296,5148,12444,3,28,21578,11416.14,187768,0
"2021-01-08",16457,191753,5396,17840,0,28,21853,14512,209621,0
"2021-01-09",7652,199405,1445,19285,1,29,9098,15266.43,218719,0
"2021-01-10",7893,207298,960,20245,0,29,8853,16024.57,227572,0
"2021-01-11",25629,232927,7340,27585,1,30,32970,18877.29,260542,0
"2021-01-12",27939,260866,7810,35395,1,31,35750,21676.14,296292,0
"2021-01-13",31435,292301,9342,44737,1,32,40778,24411.43,337070,0
"2021-01-14",35540,327841,5289,50026,1,33,40830,27161.71,377900,0
"2021-01-15",29007,356848,3576,53602,2,35,32585,28694.86,410485,0
"2021-01-16",30191,387039,2321,55923,0,35,32512,32039.71,442997,0
"2021-01-17",23823,410862,1583,57506,0,35,25406,34404.43,468403,0
"2021-01-18",26921,437783,2347,59853,0,35,29268,33875.57,497671,0
"2021-01-19",33926,471709,9552,69405,1,36,43479,34979.71,541150,0
"2021-01-20",34456,506165,9389,78794,1,37,43846,35418,584996,0
"2021-01-21",25195,531360,8000,86794,0,37,33195,34327.29,618191,0
"2021-01-22",24244,555604,4356,91150,0,37,28600,33758,646791,0
"2021-01-23",15306,570910,3190,94340,0,37,18496,31755.71,665287,0
"2021-01-24",6965,577875,3422,97762,0,37,10387,29610.14,675674,0
"2021-01-25",13028,590903,11706,109468,0,37,24734,28962.43,700408,0
"2021-01-26",16333,607236,10598,120066,0,37,26931,26598.43,727339,0
"2021-01-27",20343,627579,12206,132272,0,37,32549,24984.57,759888,0
"2021-01-28",30420,657999,12693,144965,0,37,43113,26401.43,803001,0
"2021-01-29",31332,689331,11301,156266,0,37,42633,28406.14,845634,0
"2021-01-30",18435,707766,3680,159946,0,37,22115,28923.14,867749,0
"2021-01-31",12936,720702,2861,162807,0,37,15797,29696,883546,0
"2021-02-01",1124,721826,5299,168106,2,39,6425,27080.43,889971,0
"2021-02-02",2785,724611,9255,177361,2,41,12042,24953.43,902013,0
"2021-02-03",16175,740786,20785,198146,3,44,36963,25584,938976,0
"2021-02-04",26722,767508,19230,217376,2,46,45954,25989.86,984930,0
"2021-02-05",27252,794760,19619,236995,0,46,46871,26595.29,1031801,0
"2021-02-06",22756,817516,11092,248087,0,46,33848,28271.43,1065649,0
"2021-02-07",12030,829546,8160,256247,0,46,20190,28899,1085839,0
"2021-02-08",16721,846267,23192,279439,2,48,39915,33683.29,1125754,0
"2021-02-09",16947,863214,27715,307154,2,50,44664,38343.57,1170418,0
"2021-02-10",19396,882610,28849,336003,2,52,48247,39955.57,1218665,0
"2021-02-11",27656,910266,32991,368994,2,54,60649,42054.86,1279314,0
"2021-02-12",38224,948490,30237,399231,3,57,68464,45139.57,1347778,0
"2021-02-13",27746,976236,24860,424091,2,59,52608,47819.57,1400386,0
"2021-02-14",16178,992414,23450,447541,0,59,39628,50596.43,1440014,0
"2021-02-15",12602,1005016,10324,457865,1,60,22927,48169.57,1462941,0
"2021-02-16",14047,1019063,26234,484099,0,60,40281,47543.43,1503222,0
"2021-02-17",16096,1035159,21690,505789,1,61,37787,46049.14,1541009,0
"2021-02-18",11960,1047119,24619,530408,21,82,36600,42613.57,1577609,0
"2021-02-19",13031,1060150,23596,554004,39,121,36666,38071,1614275,0
"2021-02-20",11142,1071292,25835,579839,6,127,36983,35838.86,1651258,0
"2021-02-21",6278,1077570,17297,597136,15,142,23590,33547.71,1674848,0
"2021-02-22",12680,1090250,11637,608773,2,144,24319,33746.57,1699167,0
"2021-02-23",24926,1115176,13963,622736,1,145,38890,33547.86,1738057,0
"2021-02-24",35988,1151164,19909,642645,0,145,55897,36135,1793954,0
"2021-02-25",54330,1205494,29731,672376,7,152,84068,42916.14,1878022,0
"2021-02-26",62606,1268100,31137,703513,4,156,93747,51070.57,1971769,0
"2021-02-27",51145,1319245,22167,725680,49,205,73361,56267.43,2045130,0
"2021-02-28",44622,1363867,13495,739175,4,209,58121,61200.43,2103251,0
"2021-03-01",39017,1402884,12169,751344,8,217,51194,65039.71,2154445,0
"2021-03-02",46778,1449662,11912,763256,7,224,58697,67869.29,2213142,0
"2021-03-03",48218,1497880,15522,778778,16,240,63756,68992,2276898,0
"2021-03-04",59469,1557349,22238,801016,1088,1328,82795,68810.14,2359693,0
"2021-03-05",60586,1617935,23773,824789,3108,4436,87467,67913,2447160,0
"2021-03-06",46897,1664832,18480,843269,5431,9867,70808,67548.29,2517968,0
"2021-03-07",35947,1700779,14599,857868,6238,16105,56784,67357.29,2574752,0
"2021-03-08",39336,1740115,14333,872201,8548,24653,62217,68932,2636969,0
"2021-03-09",38789,1778904,12166,884367,7765,32418,58720,68935.29,2695689,0
"2021-03-10",51346,1830250,14452,898819,5048,37466,70846,69948.14,2766535,0
"2021-03-11",59837,1890087,20837,919656,4571,42037,85245,70298.14,2851780,0
"2021-03-12",51904,1941991,29452,949108,4138,46175,85494,70016.29,2937274,0
"2021-03-13",40484,1982475,26352,975460,5102,51277,71938,70177.71,3009212,0
"2021-03-14",30639,2013114,15574,991034,4543,55820,50756,69316.57,3059968,0
"2021-03-15",33317,2046431,16372,1007406,4783,60603,54472,68210.14,3114440,0
"2021-03-16",38398,2084829,19531,1026937,4913,65516,62842,68799,3177282,0
"2021-03-17",42372,2127201,23777,1050714,4245,69761,70394,68734.43,3247676,0
"2021-03-18",50319,2177520,25850,1076564,5285,75046,81454,68192.86,3329130,0
"2021-03-19",47577,2225097,28932,1105496,5616,80662,82125,67711.57,3411255,0
"2021-03-20",38611,2263708,25035,1130531,4681,85343,68327,67195.71,3479582,0
"2021-03-21",29240,2292948,18635,1149166,772,86115,48647,66894.43,3528229,0
"2021-03-22",33705,2326653,25721,1174887,4021,90136,63447,68176.57,3591676,0
"2021-03-23",38225,2364878,31654,1206541,4201,94337,74080,69782,3665756,0
"2021-03-24",41352,2406230,36429,1242970,4825,99162,82606,71526.57,3748362,0
"2021-03-25",43230,2449460,49221,1292191,5037,104199,97488,73817.14,3845850,0
"2021-03-26",38346,2487806,53840,1346031,4301,108500,96487,75868.86,3942337,0
"2021-03-27",35696,2523502,44173,1390204,2918,111418,82787,77934.57,4025124,0
"2021-03-28",26380,2549882,33085,1423289,1477,112895,60942,79691,4086066,0
"2021-03-29",34694,2584576,37233,1460522,3252,116147,75179,81367,4161245,0
"2021-03-30",40347,2624923,40617,1501139,3694,119841,84658,82878.14,4245903,0
"2021-03-31",49267,2674190,43449,1544588,7427,127268,100143,85383.43,4346046,0
"2021-04-01",50525,2724715,52987,1597575,11233,138501,114745,87848.71,4460791,0
"2021-04-02",43535,2768250,52936,1650511,11940,150441,108411,89552.14,4569202,0
"2021-04-03",39113,2807363,38416,1688927,9819,160260,87348,90203.71,4656550,0
"2021-04-04",26490,2833853,23875,1712802,3876,164136,54241,89246.43,4710791,0
"2021-04-05",41698,2875551,33717,1746519,11106,175242,86521,90866.71,4797312,0
"2021-04-06",52977,2928528,34457,1780976,13109,188351,100543,93136,4897855,0
"2021-04-07",55357,2983885,39795,1820771,14329,202680,109481,94470,5007336,0
"2021-04-08",59061,3042946,45620,1866391,16255,218935,120936,95354.43,5128272,0
"2021-04-09",56373,3099319,43809,1910200,17417,236352,117599,96667,5245871,0
"2021-04-10",49199,3148518,35397,1945597,12649,249001,97245,98080.86,5343116,0
"2021-04-11",38117,3186635,28703,1974300,7601,256602,74421,100963.71,5417537,0
"2021-04-12",46499,3233134,31519,2005819,13423,270025,91441,101666.57,5508978,0
"2021-04-13",52369,3285503,33422,2039241,363,270388,86154,99611,5595132,0
"2021-04-14",50026,3335529,39569,2078810,20,270408,89615,96773,5684747,0
"2021-04-15",51990,3387519,43256,2122066,13,270421,95259,93104.86,5780006,0
"2021-04-16",51044,3438563,41913,2163979,29,270450,92986,89588.71,5872992,0
"2021-04-17",43761,3482324,35459,2199438,3,270453,79223,87014.14,5952215,0
"2021-04-18",28608,3510932,29261,2228699,7,270460,57876,84650.57,6010091,0
"2021-04-19",37358,3548290,36158,2264857,22,270482,73538,82093,6083629,0
"2021-04-20",40716,3589006,39350,2304207,19,270501,80085,81226,6163714,0
"2021-04-21",38876,3627882,45630,2349837,14,270515,84520,80498.14,6248234,0
"2021-04-22",38486,3666368,48563,2398400,5,270520,87054,79326,6335288,0
"2021-04-23",39621,3705989,44014,2442414,5,270525,83640,77990.86,6418928,0
"2021-04-24",31869,3737858,41349,2483763,45,270570,73263,77139.43,6492191,0
"2021-04-25",18393,3756251,31141,2514904,85,270655,49619,75959.86,6541810,0
"2021-04-26",26872,3783123,40435,2555339,1013,271668,68320,75214.43,6610130,0
"2021-04-27",28578,3811701,46782,2602121,1690,273358,77050,74780.86,6687180,0
"2021-04-28",27097,3838798,56427,2658548,2134,275492,85658,74943.43,6772838,0
"2021-04-29",28703,3867501,56778,2715326,2129,277621,87610,75022.86,6860448,0
"2021-04-30",30167,3897668,51561,2766887,2025,279646,83753,75039,6944201,0
"2021-05-01",22524,3920192,44257,2811144,1164,280810,67945,74279.29,7012146,0
"2021-05-02",11939,3932131,36530,2847674,1078,281888,49547,74269,7061693,0
"2021-05-03",18018,3950149,52721,2900395,2378,284266,73117,74954.29,7134810,0
"2021-05-04",22753,3972902,56313,2956708,2318,286584,81384,75573.43,7216194,0
"2021-05-05",21503,3994405,48492,3005200,2302,288886,72297,73664.71,7288491,0
"2021-05-06",20714,4015119,49868,3055068,2502,291388,73084,71589.57,7361575,0
"2021-05-07",21313,4036432,51811,3106879,2795,294183,75919,70470.43,7437494,0
"2021-05-08",16673,4053105,41647,3148526,1833,296016,60153,69357.29,7497647,0
"2021-05-09",7986,4061091,29353,3177879,1259,297275,38598,67793.14,7536245,0
"2021-05-10",14394,4075485,38274,3216153,2348,299623,55016,65207.29,7591261,0
"2021-05-11",19940,4095425,42808,3258961,2505,302128,65253,62902.86,7656514,0
"2021-05-12",17828,4113253,40289,3299250,3582,305710,61699,61388.86,7718213,0
"2021-05-13",24947,4138200,40211,3339461,3219,308929,68377,60716.43,7786590,0
"2021-05-14",26994,4165194,42649,3382110,3523,312452,73166,60323.14,7859756,0
"2021-05-15",23690,4188884,34743,3416853,3359,315811,61792,60557.29,7921548,0
"2021-05-16",15544,4204428,19335,3436188,2501,318312,37380,60383.29,7958928,0
"2021-05-17",22645,4227073,28905,3465093,3243,321555,54793,60351.43,8013721,0
"2021-05-18",24595,4251668,31742,3496835,3386,324941,59723,59561.43,8073444,0
"2021-05-19",24209,4275877,29577,3526412,3024,327965,56810,58863,8130254,0
"2021-05-20",24159,4300036,29902,3556314,3133,331098,57194,57265.43,8187448,0
"2021-05-21",24677,4324713,31759,3588073,3052,334150,59488,55311.43,8246936,0
"2021-05-22",20010,4344723,24256,3612329,2525,336675,46791,53168.43,8293727,0
"2021-05-23",11243,4355966,13684,3626013,1408,338083,26335,51590.57,8320062,0
"2021-05-24",18859,4374825,23024,3649037,2744,340827,44627,50138.29,8364689,0
"2021-05-25",19424,4394249,23232,3672269,2589,343416,45245,48070,8409934,0
"2021-05-26",18765,4413014,20959,3693228,2683,346099,42407,46012.43,8452341,0
"2021-05-27",18469,4431483,21084,3714312,2521,348620,42074,43852.43,8494415,0
"2021-05-28",17884,4449367,22755,3737067,2742,351362,43381,41551.43,8537796,0
"2021-05-29",12715,4462082,17743,3754810,1754,353116,32212,39468.71,8570008,0
"2021-05-30",7044,4469126,8926,3763736,1073,354189,17043,38141.29,8587051,0
"2021-05-31",4758,4473884,6877,3770613,1010,355199,12645,33572.43,8599696,0
"2021-06-01",16052,4489936,25051,3795664,2161,357360,43264,33289.43,8642960,0
"2021-06-02",15330,4505266,20276,3815940,2088,359448,37694,32616.14,8680654,0
"2021-06-03",15006,4520272,23676,3839616,2277,361725,40959,32456.86,8721613,0
"2021-06-04",14722,4534994,25822,3865438,2481,364206,43025,32406,8764638,0
"2021-06-05",10982,4545976,21974,3887412,1803,366009,34759,32769.86,8799397,0
"2021-06-06",6462,4552438,14397,3901809,1220,367229,22079,33489.29,8821476,0
"2021-06-07",11721,4564159,21635,3923444,2368,369597,35724,36786.29,8857200,0
"2021-06-08",12654,4576813,23860,3947304,2064,371661,38578,36116.86,8895778,0
"2021-06-09",11147,4587960,22874,3970178,2284,373945,36305,35918.43,8932083,0
"2021-06-10",12079,4600039,22088,3992266,2457,376402,36624,35299.14,8968707,0
"2021-06-11",12709,4612748,24978,4017244,2466,378868,40153,34888.86,9008860,0
"2021-06-12",10192,4622940,19232,4036476,1882,380750,31306,34395.57,9040166,0
"2021-06-13",4259,4627199,10911,4047387,1219,381969,16389,33582.71,9056555,0
"2021-06-14",10216,4637415,19125,4066512,2043,384012,31384,32962.71,9087939,0
"2021-06-15",11896,4649311,20900,4087412,1936,385948,34732,32413.29,9122671,0
"2021-06-16",11607,4660918,19318,4106730,1952,387900,32877,31923.57,9155548,0
"2021-06-17",11045,4671963,18650,4125380,1965,389865,31660,31214.43,9187208,0
"2021-06-18",12179,4684142,18362,4143742,2109,391974,32650,30142.57,9219858,0
"2021-06-19",8510,4692652,13477,4157219,1458,393432,23445,29019.57,9243303,0
"2021-06-20",4348,4697000,7162,4164381,923,394355,12433,28454.43,9255736,0
"2021-06-21",10173,4707173,9945,4174326,1794,396149,21912,27101.29,9277648,0
"2021-06-22",9850,4717023,15565,4189891,1579,397728,26994,25995.86,9304642,0
"2021-06-23",10334,4727357,15082,4204973,1856,399584,27272,25195.14,9331914,0
"2021-06-24",9681,4737038,14621,4219594,1795,401379,26097,24400.43,9358011,0
"2021-06-25",10595,4747633,14289,4233883,1714,403093,26598,23535.86,9384609,0
"2021-06-26",7825,4755458,10396,4244279,1236,404329,19457,22966.14,9404066,0
"2021-06-27",5027,4760485,5970,4250249,794,405123,11791,22874.43,9415857,0
"2021-06-28",9043,4769528,10245,4260494,1527,406650,20815,22717.71,9436672,0
"2021-06-29",9760,4779288,12222,4272716,1341,407991,23323,22193.29,9459995,0
"2021-06-30",9442,4788730,10851,4283567,1476,409467,21769,21407.14,9481764,0
"2021-07-01",9366,4798096,10849,4294416,1424,410891,21639,20770.29,9503403,0
"2021-07-02",9695,4807791,11346,4305762,1538,412429,22579,20196.14,9525982,0
"2021-07-03",7053,4814844,8386,4314148,1192,413621,16631,19792.43,9542613,0
"2021-07-04",1292,4816136,1327,4315475,567,414188,3186,18563.14,9545799,0
"2021-07-05",6487,4822623,7069,4322544,1205,415393,14761,17698.29,9560560,0
"2021-07-06",9525,4832148,12731,4335275,1298,416691,23554,17731.29,9584114,0
"2021-07-07",8658,4840806,11015,4346290,1406,418097,21079,17632.71,9605193,0
"2021-07-08",8174,4848980,10128,4356418,1256,419353,19558,17335.43,9624751,0
"2021-07-09",8370,4857350,10738,4367156,1272,420625,20380,17021.29,9645131,0
"2021-07-10",7114,4864464,8593,4375749,1130,421755,16837,17050.71,9661968,0
"2021-07-11",4110,4868574,4525,4380274,701,422456,9336,17929.29,9671304,0
"2021-07-12",8427,4877001,9474,4389748,1237,423693,19138,18554.57,9690442,0
"2021-07-13",9459,4886460,9298,4399046,947,424640,19704,18004.57,9710146,0
"2021-07-14",8987,4895447,9463,4408509,1002,425642,19452,17772.14,9729598,0
"2021-07-15",8746,4904193,9080,4417589,1044,426686,18870,17673.86,9748468,0
"2021-07-16",9240,4913433,9710,4427299,972,427658,19922,17608.43,9768390,0
"2021-07-17",6862,4920295,7355,4434654,789,428447,15006,17346.86,9783396,0
"2021-07-18",4266,4924561,4276,4438930,568,429015,9110,17314.57,9792506,0
"2021-07-19",9102,4933663,8408,4447338,993,430008,18503,17223.86,9811009,0
"2021-07-20",10617,4944280,8699,4456037,989,430997,20305,17309.71,9831314,0
"2021-07-21",10059,4954339,8684,4464721,903,431900,19646,17337.43,9850960,0
"2021-07-22",10669,4965008,8466,4473187,1041,432941,20176,17524,9871136,0
"2021-07-23",11214,4976222,8818,4482005,1103,434044,21135,17697.29,9892271,0
"2021-07-24",7409,4983631,6721,4488726,668,434712,14798,17667.57,9907069,0
"2021-07-25",5488,4989119,2111,4490837,506,435218,8105,17524,9915174,0
"2021-07-26",10876,4999995,6974,4497811,852,436070,18702,17552.43,9933876,0
"2021-07-27",12047,5012042,8550,4506361,850,436920,21447,17715.57,9955323,0
"2021-07-28",11961,5024003,7981,4514342,934,437854,20876,17891.29,9976199,0
"2021-07-29",10934,5034937,7363,4521705,975,438829,19272,17762.14,9995471,0
"2021-07-30",14927,5049864,7957,4529662,1138,439967,24022,18174.57,10019493,0
"2021-07-31",9758,5059622,6280,4535942,812,440779,16850,18467.71,10036343,0
"2021-08-01",6504,5066126,3298,4539240,556,441335,10358,18789.57,10046701,0
"2021-08-02",13437,5079563,7134,4546374,838,442173,21409,19176.29,10068110,0
"2021-08-03",15373,5094936,8339,4554713,1010,443183,24722,19644.14,10092832,0
"2021-08-04",17209,5112145,8047,4562760,1425,444608,26681,20473.43,10119513,0
"2021-08-05",17815,5129960,7826,4570586,1350,445958,26991,21576.14,10146504,0
"2021-08-06",18150,5148110,8315,4578901,1221,447179,27686,22099.57,10174190,0
"2021-08-07",13355,5161465,5985,4584886,797,447976,20137,22569.14,10194327,0
"2021-08-08",9316,5170781,3820,4588706,396,448372,13532,23022.57,10207859,0
"2021-08-09",21279,5192060,8460,4597166,961,449333,30700,24349.86,10238559,0
"2021-08-10",18885,5210945,9245,4606411,901,450234,29031,24965.43,10267590,0
"2021-08-11",15574,5226519,8251,4614662,823,451057,24648,24675,10292238,0
"2021-08-12",15028,5241547,8902,4623564,925,451982,24855,24369.86,10317093,0
"2021-08-13",14891,5256438,9174,4632738,905,452887,24970,23981.86,10342063,0
"2021-08-14",10424,5266862,6361,4639099,618,453505,17403,23591.29,10359466,0
"2021-08-15",6706,5273568,4453,4643552,672,454177,11831,23348.29,10371297,0
"2021-08-16",15703,5289271,9203,4652755,1140,455317,26046,22683.43,10397343,0
"2021-08-17",17759,5307030,10373,4663128,1200,456517,29332,22726.43,10426675,0
"2021-08-18",17456,5324486,10258,4673386,1237,457754,28951,23341.14,10455626,0
"2021-08-19",16259,5340745,9423,4682809,1310,459064,26992,23646.43,10482618,0
"2021-08-20",16230,5356975,11458,4694267,1245,460309,28933,24212.57,10511551,0
"2021-08-21",11177,5368152,8012,4702279,856,461165,20045,24590,10531596,0
"2021-08-22",4096,5372248,3896,4706175,260,461425,8252,24078.71,10539848,0
"2021-08-23",15557,5387805,11693,4717868,996,462421,28246,24393,10568094,0
"2021-08-24",16899,5404704,12483,4730351,983,463404,30365,24540.57,10598459,0
"2021-08-25",14503,5419207,12330,4742681,1083,464487,27916,24392.71,10626375,0
"2021-08-26",16098,5435305,13950,4756631,1056,465543,31104,24980.14,10657479,0
"2021-08-27",14774,5450079,14700,4771331,946,466489,30420,25192.57,10687899,0
"2021-08-28",10713,5460792,11431,4782762,823,467312,22967,25610,10710866,0
"2021-08-29",7231,5468023,7477,4790239,520,467832,15228,26606.57,10726094,0
"2021-08-30",15475,5483498,16746,4806985,1062,468894,33283,27326.14,10759377,0
"2021-08-31",15445,5498943,15796,4822781,928,469822,32169,27583.86,10791546,0
"2021-09-01",14736,5513679,13912,4836693,992,470814,29640,27830.14,10821186,0
"2021-09-02",14280,5527959,12385,4849078,885,471699,27550,27322.43,10848736,0
"2021-09-03",14941,5542900,14156,4863234,957,472656,30054,27270.14,10878790,0
"2021-09-04",9623,5552523,9331,4872565,670,473326,19624,26792.57,10898414,0
"2021-09-05",6814,5559337,5472,4878037,429,473755,12715,26433.57,10911129,0
"2021-09-06",5191,5564528,4461,4882498,351,474106,10003,23107.86,10921132,0
"2021-09-07",15458,5579986,17484,4899982,895,475001,33837,23346.14,10954969,0
"2021-09-08",16057,5596043,14639,4914621,1059,476060,31755,23648.29,10986724,0
"2021-09-09",15993,5612036,14517,4929138,1028,477088,31538,24218,11018262,0
"2021-09-10",18314,5630350,15131,4944269,1191,478279,34636,24872.57,11052898,0
"2021-09-11",12611,5642961,10255,4954524,938,479217,23804,25469.71,11076702,0
"2021-09-12",8519,5651480,4999,4959523,744,479961,14262,25690.71,11090964,0
"2021-09-13",16791,5668271,12767,4972290,933,480894,30491,28617.57,11121455,0
"2021-09-14",16184,5684455,13484,4985774,861,481755,30529,28145,11151984,0
"2021-09-15",15458,5699913,12590,4998364,715,482470,28763,27717.57,11180747,0
"2021-09-16",15271,5715184,13648,5012012,1183,483653,30102,27512.43,11210849,0
"2021-09-17",14296,5729480,13697,5025709,902,484555,28895,26692.29,11239744,0
"2021-09-18",9931,5739411,10082,5035791,803,485358,20816,26265.43,11260560,0
"2021-09-19",6172,5745583,6011,5041802,546,485904,12729,26046.43,11273289,0
"2021-09-20",12555,5758138,12432,5054234,1055,486959,26042,25410.86,11299331,0
"2021-09-21",12119,5770257,12568,5066802,1108,488067,25795,24734.57,11325126,0
"2021-09-22",12698,5782955,11729,5078531,1068,489135,25495,24267.71,11350621,0
"2021-09-23",14725,5797680,12488,5091019,1617,490752,28830,24086,11379451,0
"2021-09-24",16249,5813929,13105,5104124,1592,492344,30946,24379,11410397,0
"2021-09-25",10467,5824396,8874,5112998,1000,493344,20341,24311.14,11430738,0
"2021-09-26",6327,5830723,5700,5118698,757,494101,12784,24319,11443522,0
"2021-09-27",13714,5844437,7777,5126475,1134,495235,22625,23830.86,11466147,0
"2021-09-28",11140,5855577,11526,5138001,869,496104,23535,23508,11489682,0
"2021-09-29",11457,5867034,11896,5149897,1188,497292,24541,23371.71,11514223,0
"2021-09-30",12077,5879111,12275,5162172,1292,498584,25644,22916.57,11539867,0
"2021-10-01",12348,5891459,12978,5175150,1190,499774,26516,22283.71,11566383,0
"2021-10-02",7579,5899038,9667,5184817,775,500549,18021,21952.29,11584404,0
"2021-10-03",5041,5904079,6015,5190832,565,501114,11621,21786.14,11596025,0
"2021-10-04",9657,5913736,10575,5201407,874,501988,21106,21569.14,11617131,120000
"2021-10-05",9871,5923607,11247,5212654,915,502903,22033,21354.57,11639164,120000
"2021-10-06",9523,5933130,10412,5223066,847,503750,20782,20817.57,11659946,120000
"2021-10-07",9177,5942307,11497,5234563,770,504520,21444,20217.57,11681390,120000
"2021-10-08",8983,5951290,11477,5246040,806,505326,21266,19467.57,11702656,120000
"2021-10-09",4923,5956213,6240,5252280,549,505875,11712,18566.29,11714368,120000
"2021-10-10",1116,5957329,1529,5253809,217,506092,2862,17315,11717230,120000
