"DATE","ADMIN_DOSE1_DAILY","ADMIN_DOSE1_CUMULATIVE","ADMIN_DOSE2_DAILY","ADMIN_DOSE2_CUMULATIVE","ADMIN_SINGLE_DAILY","ADMIN_SINGLE_CUMULATIVE","ADMIN_ADDITIONAL1_DAILY","ADMIN_ADDITIONAL1_CUMULATIVE","ADMIN_ADDITIONAL2_DAILY","ADMIN_ADDITIONAL2_CUMULATIVE","ADMIN_ADDITIONAL_DAILY","ADMIN_ADDITIONAL_CUMULATIVE","ADMIN_ALLDOSES_DAILY","ADMIN_ALLDOSES_7DAYAVG","ADMIN_ALLDOSES_CUMULATIVE","INCOMPLETE"
"2020-12-14",79,79,0,0,0,0,0,0,0,0,0,0,79,,79,0
"2020-12-15",2051,2130,6,6,4,4,0,0,0,0,0,0,2061,,2140,0
"2020-12-16",4606,6736,15,21,1,5,1,1,0,0,1,1,4623,,6763,0
"2020-12-17",4657,11393,18,39,0,5,1,2,0,0,1,2,4676,,11439,0
"2020-12-18",5832,17225,18,57,2,7,2,4,0,0,2,4,5854,,17293,0
"2020-12-19",1689,18914,7,64,3,10,0,4,0,0,0,4,1699,,18992,0
"2020-12-20",1116,20030,2,66,1,11,0,4,0,0,0,4,1119,2873,20111,0
"2020-12-21",6343,26373,20,86,0,11,5,9,0,0,5,9,6368,3771.43,26479,0
"2020-12-22",9795,36168,27,113,2,13,1,10,0,0,1,10,9825,4880.57,36304,0
"2020-12-23",14273,50441,36,149,3,16,1,11,0,0,1,11,14313,6264.86,50617,0
"2020-12-24",7195,57636,26,175,1,17,0,11,0,0,0,11,7222,6628.57,57839,0
"2020-12-25",180,57816,0,175,0,17,1,12,0,0,1,12,181,5818.14,58020,0
"2020-12-26",4388,62204,45,220,0,17,1,13,0,0,1,13,4434,6208.86,62454,0
"2020-12-27",3870,66074,14,234,0,17,1,14,0,0,1,14,3885,6604,66339,0
"2020-12-28",10993,77067,49,283,1,18,2,16,0,0,2,16,11045,7272.14,77384,0
"2020-12-29",10717,87784,35,318,2,20,2,18,0,0,2,18,10756,7405.14,88140,0
"2020-12-30",12824,100608,44,362,0,20,0,18,0,0,0,18,12868,7198.71,101008,0
"2020-12-31",7262,107870,34,396,1,21,0,18,0,0,0,18,7297,7209.43,108305,0
"2021-01-01",181,108051,2,398,1,22,3,21,0,0,3,21,187,7210.29,108492,0
"2021-01-02",3809,111860,10,408,2,24,2,23,0,0,2,23,3823,7123,112315,0
"2021-01-03",3542,115402,24,432,2,26,1,24,0,0,1,24,3569,7077.86,115884,0
"2021-01-04",12256,127658,807,1239,2,28,6,30,0,0,6,30,13071,7367.29,128955,0
"2021-01-05",14091,141749,2190,3429,2,30,13,43,1,1,14,44,16297,8158.86,145252,0
"2021-01-06",17801,159550,3925,7354,1,31,29,72,8,9,37,81,21764,9429.71,167016,0
"2021-01-07",16551,176101,5171,12525,4,35,45,117,3,12,48,129,21774,11497.86,188790,0
"2021-01-08",16620,192721,5455,17980,0,35,33,150,4,16,37,166,22112,14630,210902,0
"2021-01-09",7652,200373,1462,19442,1,36,7,157,2,18,9,175,9124,15387.29,220026,0
"2021-01-10",7881,208254,983,20425,0,36,10,167,0,18,10,185,8874,16145.14,228900,0
"2021-01-11",25825,234079,7455,27880,2,38,48,215,8,26,56,241,33338,19040.43,262238,0
"2021-01-12",28257,262336,7858,35738,1,39,44,259,5,31,49,290,36165,21878.71,298403,0
"2021-01-13",31723,294059,9390,45128,1,40,57,316,4,35,61,351,41175,24651.71,339578,0
"2021-01-14",35815,329874,5313,50441,1,41,30,346,7,42,37,388,41166,27422,380744,0
"2021-01-15",29266,359140,3703,54144,2,43,31,377,5,47,36,424,33007,28978.43,413751,0
"2021-01-16",30289,389429,2378,56522,0,43,24,401,6,53,30,454,32697,32346,446448,0
"2021-01-17",23748,413177,1630,58152,0,43,19,420,1,54,20,474,25398,34706.57,471846,0
"2021-01-18",27103,440280,2412,60564,1,44,35,455,7,61,42,516,29558,34166.57,501404,0
"2021-01-19",34296,474576,9629,70193,1,45,69,524,6,67,75,591,44001,35286,545405,0
"2021-01-20",34868,509444,9494,79687,1,46,57,581,4,71,61,652,44424,35750.14,589829,0
"2021-01-21",25591,535035,8092,87779,2,48,49,630,5,76,54,706,33739,34689.14,623568,0
"2021-01-22",24755,559790,4382,92161,1,49,32,662,7,83,39,745,29177,34142,652745,0
"2021-01-23",15742,575532,3225,95386,0,49,10,672,2,85,12,757,18979,32182.29,671724,0
"2021-01-24",7179,582711,3453,98839,0,49,19,691,1,86,20,777,10652,30075.71,682376,0
"2021-01-25",13412,596123,11819,110658,0,49,65,756,12,98,77,854,25308,29468.57,707684,0
"2021-01-26",16764,612887,10752,121410,0,49,68,824,2,100,70,924,27586,27123.57,735270,0
"2021-01-27",20836,633723,12355,133765,0,49,53,877,8,108,61,985,33252,25527.57,768522,0
"2021-01-28",30764,664487,12848,146613,0,49,80,957,16,124,96,1081,43708,26951.71,812230,0
"2021-01-29",31692,696179,11508,158121,0,49,79,1036,10,134,89,1170,43289,28967.71,855519,0
"2021-01-30",18706,714885,3743,161864,0,49,20,1056,2,136,22,1192,22471,29466.57,877990,0
"2021-01-31",13017,727902,2923,164787,1,50,29,1085,4,140,33,1225,15974,30226.86,893964,0
"2021-02-01",1179,729081,5370,170157,4,54,35,1120,4,144,39,1264,6592,27553.14,900556,0
"2021-02-02",2827,731908,9475,179632,2,56,47,1167,4,148,51,1315,12355,25377.29,912911,0
"2021-02-03",16347,748255,21247,200879,4,60,202,1369,19,167,221,1536,37819,26029.71,950730,0
"2021-02-04",27044,775299,19651,220530,3,63,200,1569,10,177,210,1746,46908,26486.86,997638,0
"2021-02-05",27591,802890,20041,240571,0,63,179,1748,15,192,194,1940,47826,27135,1045464,0
"2021-02-06",22991,825881,11246,251817,0,63,110,1858,12,204,122,2062,34359,28833.29,1079823,0
"2021-02-07",12040,837921,8284,260101,1,64,91,1949,14,218,105,2167,20430,29469.86,1100253,0
"2021-02-08",16957,854878,23520,283621,2,66,232,2181,34,252,266,2433,40745,34348.86,1140998,0
"2021-02-09",17190,872068,28110,311731,2,68,336,2517,42,294,378,2811,45680,39109.57,1186678,0
"2021-02-10",19591,891659,29311,341042,2,70,255,2772,49,343,304,3115,49208,40736.57,1235886,0
"2021-02-11",27848,919507,33473,374515,2,72,337,3109,56,399,393,3508,61716,42852,1297602,0
"2021-02-12",38390,957897,30803,405318,3,75,352,3461,38,437,390,3898,69586,45960.57,1367188,0
"2021-02-13",28005,985902,25316,430634,2,77,304,3765,52,489,356,4254,53679,48720.57,1420867,0
"2021-02-14",16278,1002180,23733,454367,0,77,264,4029,31,520,295,4549,40306,51560,1461173,0
"2021-02-15",12795,1014975,10527,464894,2,79,172,4201,23,543,195,4744,23519,49099.14,1484692,0
"2021-02-16",14242,1029217,26730,491624,0,79,322,4523,35,578,357,5101,41329,48477.57,1526021,0
"2021-02-17",16392,1045609,22197,513821,1,80,281,4804,37,615,318,5419,38908,47006.14,1564929,0
"2021-02-18",12151,1057760,24995,538816,21,101,288,5092,42,657,330,5749,37497,43546.29,1602426,0
"2021-02-19",13261,1071021,23938,562754,39,140,303,5395,44,701,347,6096,37585,38974.71,1640011,0
"2021-02-20",11354,1082375,26072,588826,6,146,328,5723,78,779,406,6502,37838,36711.71,1677849,0
"2021-02-21",6360,1088735,17420,606246,15,161,287,6010,44,823,331,6833,24126,34400.29,1701975,0
"2021-02-22",13045,1101780,11846,618092,2,163,126,6136,19,842,145,6978,25038,34617.29,1727013,0
"2021-02-23",25250,1127030,14146,632238,1,164,156,6292,34,876,190,7168,39587,34368.43,1766600,0
"2021-02-24",36359,1163389,20395,652633,0,164,227,6519,38,914,265,7433,57019,36955.71,1823619,0
"2021-02-25",54619,1218008,30394,683027,6,170,397,6916,63,977,460,7893,85479,43810.29,1909098,0
"2021-02-26",62865,1280873,31870,714897,4,174,416,7332,78,1055,494,8387,95233,52045.71,2004331,0
"2021-02-27",51302,1332175,22746,737643,47,221,335,7667,52,1107,387,8774,74482,57280.57,2078813,0
"2021-02-28",44589,1376764,13826,751469,7,228,204,7871,35,1142,239,9013,58661,62214.14,2137474,0
"2021-03-01",39319,1416083,12776,764245,10,238,169,8040,26,1168,195,9208,52300,66108.71,2189774,0
"2021-03-02",47082,1463165,12579,776824,7,245,159,8199,14,1182,173,9381,59841,69002.14,2249615,0
"2021-03-03",48606,1511771,16155,792979,17,262,147,8346,21,1203,168,9549,64946,70134.57,2314561,0
"2021-03-04",59819,1571590,22822,815801,1092,1354,270,8616,34,1237,304,9853,84037,69928.57,2398598,0
"2021-03-05",60988,1632578,24283,840084,3109,4463,334,8950,35,1272,369,10222,88749,69002.29,2487347,0
"2021-03-06",47175,1679753,18883,858967,5451,9914,240,9190,36,1308,276,10498,71785,68617,2559132,0
"2021-03-07",36042,1715795,14882,873849,6246,16160,229,9419,20,1328,249,10747,57419,68439.57,2616551,0
"2021-03-08",39631,1755426,14680,888529,8563,24723,313,9732,91,1419,404,11151,63278,70007.86,2679829,0
"2021-03-09",39106,1794532,12856,901385,7762,32485,180,9912,33,1452,213,11364,59937,70021.57,2739766,0
"2021-03-10",51830,1846362,15356,916741,5066,37551,225,10137,32,1484,257,11621,72509,71102,2812275,0
"2021-03-11",59989,1906351,21823,938564,4619,42170,247,10384,48,1532,295,11916,86726,71486.14,2899001,0
"2021-03-12",52202,1958553,30311,968875,4182,46352,376,10760,85,1617,461,12377,87156,71258.57,2986157,0
"2021-03-13",40652,1999205,26688,995563,5110,51462,323,11083,51,1668,374,12751,72824,71407,3058981,0
"2021-03-14",30718,2029923,15969,1011532,4525,55987,242,11325,27,1695,269,13020,51481,70558.71,3110462,0
"2021-03-15",33591,2063514,17258,1028790,4712,60699,233,11558,33,1728,266,13286,55827,69494.29,3166289,0
"2021-03-16",38673,2102187,20513,1049303,4927,65626,256,11814,35,1763,291,13577,64404,70132.43,3230693,0
"2021-03-17",42619,2144806,24796,1074099,4244,69870,342,12156,37,1800,379,13956,72038,70065.14,3302731,0
"2021-03-18",50449,2195255,26807,1100906,5237,75107,369,12525,60,1860,429,14385,82922,69521.71,3385653,0
"2021-03-19",47796,2243051,29962,1130868,5625,80732,389,12914,71,1931,460,14845,83843,69048.43,3469496,0
"2021-03-20",38713,2281764,25840,1156708,4686,85418,295,13209,59,1990,354,15199,69593,68586.86,3539089,0
"2021-03-21",29304,2311068,19355,1176063,769,86187,224,13433,44,2034,268,15467,49696,68331.86,3588785,0
"2021-03-22",33866,2344934,26743,1202806,4037,90224,261,13694,38,2072,299,15766,64945,69634.43,3653730,0
"2021-03-23",38436,2383370,32844,1235650,4218,94442,293,13987,56,2128,349,16115,75847,71269.14,3729577,0
"2021-03-24",41501,2424871,37604,1273254,4848,99290,331,14318,62,2190,393,16508,84346,73027.43,3813923,0
"2021-03-25",43404,2468275,50805,1324059,5055,104345,473,14791,86,2276,559,17067,99823,75441.86,3913746,0
"2021-03-26",38504,2506779,55517,1379576,4309,108654,527,15318,97,2373,624,17691,98954,77600.57,4012700,0
"2021-03-27",35736,2542515,45760,1425336,2939,111593,416,15734,82,2455,498,18189,84933,79792,4097633,0
"2021-03-28",26390,2568905,34459,1459795,1482,113075,335,16069,65,2520,400,18589,62731,81654.14,4160364,0
"2021-03-29",34816,2603721,38874,1498669,3246,116321,342,16411,110,2630,452,19041,77388,83431.71,4237752,0
"2021-03-30",40512,2644233,41926,1540595,3714,120035,339,16750,65,2695,404,19445,86556,84961.57,4324308,0
"2021-03-31",49398,2693631,44873,1585468,7440,127475,402,17152,88,2783,490,19935,102201,87512.29,4426509,0
"2021-04-01",50781,2744412,53955,1639423,11276,138751,499,17651,84,2867,583,20518,116595,89908.29,4543104,0
"2021-04-02",43758,2788170,53890,1693313,11971,150722,548,18199,73,2940,621,21139,110240,91520.57,4653344,0
"2021-04-03",39253,2827423,39220,1732533,9859,160581,332,18531,58,2998,390,21529,88722,92061.86,4742066,0
"2021-04-04",26558,2853981,24788,1757321,3903,164484,224,18755,49,3047,273,21802,55522,91032,4797588,0
"2021-04-05",41886,2895867,34489,1791810,11198,175682,371,19126,60,3107,431,22233,88004,92548.57,4885592,0
"2021-04-06",53268,2949135,35617,1827427,13218,188900,431,19557,74,3181,505,22738,102608,94841.71,4988200,0
"2021-04-07",55508,3004643,40700,1868127,14391,203291,399,19956,80,3261,479,23217,111078,96109.86,5099278,0
"2021-04-08",59264,3063907,46598,1914725,16341,219632,519,20475,85,3346,604,23821,122807,96997.29,5222085,0
"2021-04-09",56650,3120557,44964,1959689,17559,237191,515,20990,76,3422,591,24412,119764,98357.86,5341849,0
"2021-04-10",49347,3169904,35650,1995339,12726,249917,389,21379,60,3482,449,24861,98172,99707.86,5440021,0
"2021-04-11",38181,3208085,28820,2024159,7681,257598,295,21674,57,3539,352,25213,75034,102495.29,5515055,0
"2021-04-12",46637,3254722,31846,2056005,13502,271100,465,22139,64,3603,529,25742,92514,103139.57,5607569,0
"2021-04-13",52548,3307270,33791,2089796,368,271468,393,22532,62,3665,455,26197,87162,100933,5694731,0
"2021-04-14",50147,3357417,39962,2129758,20,271488,369,22901,71,3736,440,26637,90569,98003.14,5785300,0
"2021-04-15",52120,3409537,43685,2173443,16,271504,454,23355,104,3840,558,27195,96379,94227.71,5881679,0
"2021-04-16",51187,3460724,42216,2215659,32,271536,427,23782,68,3908,495,27690,93930,90537.14,5975609,0
"2021-04-17",43837,3504561,35697,2251356,3,271539,363,24145,83,3991,446,28136,79983,87938.71,6055592,0
"2021-04-18",28607,3533168,29369,2280725,7,271546,252,24397,64,4055,316,28452,58299,85548,6113891,0
"2021-04-19",37469,3570637,36452,2317177,22,271568,323,24720,64,4119,387,28839,74330,82950.29,6188221,0
"2021-04-20",40813,3611450,39628,2356805,19,271587,315,25035,78,4197,393,29232,80853,82049,6269074,0
"2021-04-21",38899,3650349,46018,2402823,16,271603,497,25532,97,4294,594,29826,85527,81328.71,6354601,0
"2021-04-22",38493,3688842,48963,2451786,9,271612,338,25870,74,4368,412,30238,87877,80114.14,6442478,0
"2021-04-23",39696,3728538,44382,2496168,3,271615,349,26219,73,4441,422,30660,84503,78767.43,6526981,0
"2021-04-24",31949,3760487,41603,2537771,44,271659,276,26495,63,4504,339,30999,73935,77903.43,6600916,0
"2021-04-25",18424,3778911,31226,2568997,86,271745,196,26691,57,4561,253,31252,49989,76716.29,6650905,0
"2021-04-26",26969,3805880,40739,2609736,1013,272758,284,26975,86,4647,370,31622,69091,75967.86,6719996,0
"2021-04-27",28576,3834456,47145,2656881,1698,274456,349,27324,91,4738,440,32062,77859,75540.14,6797855,0
"2021-04-28",27032,3861488,56847,2713728,2147,276603,429,27753,100,4838,529,32591,86555,75687,6884410,0
"2021-04-29",28613,3890101,57200,2770928,2149,278752,366,28119,100,4938,466,33057,88428,75765.71,6972838,0
"2021-04-30",30120,3920221,51996,2822924,2055,280807,280,28399,75,5013,355,33412,84526,75769,7057364,0
"2021-05-01",22480,3942701,44542,2867466,1177,281984,231,28630,64,5077,295,33707,68494,74991.71,7125858,0
"2021-05-02",11923,3954624,36656,2904122,1081,283065,140,28770,54,5131,194,33901,49854,74972.43,7175712,0
"2021-05-03",18024,3972648,53033,2957155,2383,285448,251,29021,92,5223,343,34244,73783,75642.71,7249495,0
"2021-05-04",22736,3995384,56648,3013803,2331,287779,267,29288,116,5339,383,34627,82098,76248.29,7331593,0
"2021-05-05",21477,4016861,48768,3062571,2313,290092,309,29597,101,5440,410,35037,72968,74307.29,7404561,0
"2021-05-06",20678,4037539,50184,3112755,2508,292600,269,29866,88,5528,357,35394,73727,72207.14,7478288,0
"2021-05-07",21251,4058790,52093,3164848,2813,295413,310,30176,78,5606,388,35782,76545,71067,7554833,0
"2021-05-08",16630,4075420,41870,3206718,1835,297248,230,30406,68,5674,298,36080,60633,69944,7615466,0
"2021-05-09",7973,4083393,29416,3236134,1260,298508,147,30553,56,5730,203,36283,38852,68372.29,7654318,0
"2021-05-10",14386,4097779,38536,3274670,2355,300863,233,30786,90,5820,323,36606,55600,65774.71,7709918,0
"2021-05-11",19913,4117692,43062,3317732,2514,303377,282,31068,85,5905,367,36973,65856,63454.43,7775774,0
"2021-05-12",17812,4135504,40548,3358280,3596,306973,227,31295,79,5984,306,37279,62262,61925,7838036,0
"2021-05-13",24974,4160478,40432,3398712,3230,310203,260,31555,76,6060,336,37615,68972,61245.71,7907008,0
"2021-05-14",27038,4187516,42927,3441639,3537,313740,261,31816,96,6156,357,37972,73859,60862,7980867,0
"2021-05-15",23651,4211167,34919,3476558,3365,317105,253,32069,75,6231,328,38300,62263,61094.86,8043130,0
"2021-05-16",15523,4226690,19454,3496012,2496,319601,121,32190,45,6276,166,38466,37639,60921.57,8080769,0
"2021-05-17",22672,4249362,29146,3525158,3256,322857,177,32367,67,6343,244,38710,55318,60881.29,8136087,0
"2021-05-18",24638,4274000,31911,3557069,3406,326263,238,32605,72,6415,310,39020,60265,60082.57,8196352,0
"2021-05-19",24190,4298190,29721,3586790,3040,329303,225,32830,48,6463,273,39293,57224,59362.86,8253576,0
"2021-05-20",24152,4322342,30100,3616890,3162,332465,262,33092,86,6549,348,39641,57762,57761.43,8311338,0
"2021-05-21",24679,4347021,32003,3648893,3056,335521,244,33336,58,6607,302,39943,60040,55787.29,8371378,0
"2021-05-22",20021,4367042,24365,3673258,2525,338046,162,33498,49,6656,211,40154,47122,53624.29,8418500,0
"2021-05-23",11232,4378274,13733,3686991,1411,339457,93,33591,32,6688,125,40279,26501,52033.14,8445001,0
"2021-05-24",18875,4397149,23161,3710152,2756,342213,213,33804,55,6743,268,40547,45060,50567.71,8490061,0
"2021-05-25",19429,4416578,23382,3733534,2603,344816,172,33976,57,6800,229,40776,45643,48478.86,8535704,0
"2021-05-26",18783,4435361,21092,3754626,2696,347512,199,34175,48,6848,247,41023,42818,46420.86,8578522,0
"2021-05-27",18471,4453832,21279,3775905,2529,350041,181,34356,59,6907,240,41263,42519,44243.29,8621041,0
"2021-05-28",17861,4471693,22887,3798792,2751,352792,187,34543,53,6960,240,41503,43739,41914.57,8664780,0
"2021-05-29",12709,4484402,17810,3816602,1755,354547,106,34649,39,6999,145,41648,32419,39814.14,8697199,0
"2021-05-30",7030,4491432,8949,3825551,1074,355621,48,34697,17,7016,65,41713,17118,38473.71,8714317,0
"2021-05-31",4742,4496174,6924,3832475,1012,356633,64,34761,17,7033,81,41794,12759,33859.29,8727076,0
"2021-06-01",16046,4512220,25198,3857673,2177,358810,151,34912,43,7076,194,41988,43615,33569.57,8770691,0
"2021-06-02",15355,4527575,20392,3878065,2095,360905,139,35051,48,7124,187,42175,38029,32885.43,8808720,0
"2021-06-03",15003,4542578,23826,3901891,2281,363186,128,35179,43,7167,171,42346,41281,32708.57,8850001,0
"2021-06-04",14722,4557300,26000,3927891,2492,365678,144,35323,40,7207,184,42530,43398,32659.86,8893399,0
"2021-06-05",10993,4568293,22090,3949981,1806,367484,115,35438,28,7235,143,42673,35032,33033.14,8928431,0
"2021-06-06",6443,4574736,14484,3964465,1222,368706,88,35526,13,7248,101,42774,22250,33766.29,8950681,0
"2021-06-07",11705,4586441,21783,3986248,2378,371084,139,35665,37,7285,176,42950,36042,37092.43,8986723,0
"2021-06-08",12636,4599077,24024,4010272,2072,373156,120,35785,46,7331,166,43116,38898,36418.57,9025621,0
"2021-06-09",11136,4610213,23027,4033299,2299,375455,135,35920,40,7371,175,43291,36637,36219.71,9062258,0
"2021-06-10",12067,4622280,22234,4055533,2462,377917,138,36058,59,7430,197,43488,36960,35602.43,9099218,0
"2021-06-11",12710,4634990,25122,4080655,2484,380401,156,36214,58,7488,214,43702,40530,35192.71,9139748,0
"2021-06-12",10166,4645156,19315,4099970,1888,382289,93,36307,42,7530,135,43837,31504,34688.71,9171252,0
"2021-06-13",4257,4649413,10936,4110906,1219,383508,41,36348,22,7552,63,43900,16475,33863.71,9187727,0
"2021-06-14",10209,4659622,19240,4130146,2043,385551,128,36476,51,7603,179,44079,31671,33239.29,9219398,0
"2021-06-15",11883,4671505,21017,4151163,1943,387494,131,36607,40,7643,171,44250,35014,32684.43,9254412,0
"2021-06-16",11586,4683091,19412,4170575,1957,389451,140,36747,68,7711,208,44458,33163,32188.14,9287575,0
"2021-06-17",11025,4694116,18761,4189336,1973,391424,123,36870,35,7746,158,44616,31917,31467.71,9319492,0
"2021-06-18",12167,4706283,18502,4207838,2116,393540,113,36983,36,7782,149,44765,32934,30382.57,9352426,0
"2021-06-19",8498,4714781,13517,4221355,1459,394999,83,37066,21,7803,104,44869,23578,29250.29,9376004,0
"2021-06-20",4336,4719117,7158,4228513,924,395923,36,37102,17,7820,53,44922,12471,28678.29,9388475,0
"2021-06-21",10162,4729279,10011,4238524,1807,397730,68,37170,27,7847,95,45017,22075,27307.43,9410550,0
"2021-06-22",9839,4739118,15640,4254164,1589,399319,105,37275,28,7875,133,45150,27201,26191.29,9437751,0
"2021-06-23",10313,4749431,15185,4269349,1863,401182,102,37377,30,7905,132,45282,27493,25381.29,9465244,0
"2021-06-24",9686,4759117,14699,4284048,1799,402981,119,37496,26,7931,145,45427,26329,24583,9491573,0
"2021-06-25",10590,4769707,14388,4298436,1721,404702,111,37607,38,7969,149,45576,26848,23713.57,9518421,0
"2021-06-26",7801,4777508,10465,4308901,1251,405953,74,37681,24,7993,98,45674,19615,23147.43,9538036,0
"2021-06-27",5001,4782509,6002,4314903,795,406748,33,37714,14,8007,47,45721,11845,23058,9549881,0
"2021-06-28",9036,4791545,10345,4325248,1526,408274,108,37822,26,8033,134,45855,21041,22910.29,9570922,0
"2021-06-29",9743,4801288,12323,4337571,1347,409621,122,37944,31,8064,153,46008,23566,22391,9594488,0
"2021-06-30",9435,4810723,10929,4348500,1487,411108,147,38091,16,8080,163,46171,22014,21608.29,9616502,0
"2021-07-01",9396,4820119,10929,4359429,1434,412542,126,38217,24,8104,150,46321,21909,20976.86,9638411,0
"2021-07-02",9693,4829812,11452,4370881,1541,414083,118,38335,22,8126,140,46461,22826,20402.29,9661237,0
"2021-07-03",7056,4836868,8422,4379303,1193,415276,76,38411,17,8143,93,46554,16764,19995,9678001,0
"2021-07-04",1288,4838156,1335,4380638,567,415843,9,38420,3,8146,12,46566,3202,18760.29,9681203,0
"2021-07-05",6497,4844653,7106,4387744,1208,417051,63,38483,22,8168,85,46651,14896,17882.43,9696099,0
"2021-07-06",9512,4854165,12850,4400594,1316,418367,114,38597,37,8205,151,46802,23829,17920,9719928,0
"2021-07-07",8667,4862832,11110,4411704,1419,419786,122,38719,19,8224,141,46943,21337,17823.29,9741265,0
"2021-07-08",8209,4871041,10193,4421897,1260,421046,107,38826,21,8245,128,47071,19790,17520.57,9761055,0
"2021-07-09",8374,4879415,10833,4432730,1278,422324,90,38916,18,8263,108,47179,20593,17201.57,9781648,0
"2021-07-10",7104,4886519,8633,4441363,1132,423456,62,38978,20,8283,82,47261,16951,17228.29,9798599,0
"2021-07-11",4105,4890624,4540,4445903,703,424159,34,39012,6,8289,40,47301,9388,18112,9807987,0
"2021-07-12",8448,4899072,9560,4455463,1251,425410,82,39094,23,8312,105,47406,19364,18750.29,9827351,0
"2021-07-13",9459,4908531,9393,4464856,952,426362,105,39199,34,8346,139,47545,19943,18195.14,9847294,0
"2021-07-14",9001,4917532,9531,4474387,1011,427373,105,39304,21,8367,126,47671,19669,17956.86,9866963,0
"2021-07-15",8789,4926321,9156,4483543,1054,428427,81,39385,19,8386,100,47771,19099,17858.14,9886062,0
"2021-07-16",9242,4935563,9762,4493305,981,429408,102,39487,29,8415,131,47902,20116,17790,9906178,0
"2021-07-17",6842,4942405,7387,4500692,803,430211,80,39567,19,8434,99,48001,15131,17530,9921309,0
"2021-07-18",4256,4946661,4284,4504976,576,430787,35,39602,13,8447,48,48049,9164,17498,9930473,0
"2021-07-19",9120,4955781,8478,4513454,999,431786,91,39693,22,8469,113,48162,18710,17404.57,9949183,0
"2021-07-20",10648,4966429,8758,4522212,991,432777,95,39788,25,8494,120,48282,20517,17486.57,9969700,0
"2021-07-21",10049,4976478,8765,4530977,903,433680,146,39934,33,8527,179,48461,19896,17519,9989596,0
"2021-07-22",10687,4987165,8587,4539564,1046,434726,144,40078,25,8552,169,48630,20489,17717.57,10010085,0
"2021-07-23",11252,4998417,8881,4548445,1114,435840,139,40217,23,8575,162,48792,21409,17902.29,10031494,0
"2021-07-24",7403,5005820,6738,4555183,670,436510,82,40299,24,8599,106,48898,14917,17871.71,10046411,0
"2021-07-25",5477,5011297,2126,4557309,509,437019,58,40357,4,8603,62,48960,8174,17730.29,10054585,0
"2021-07-26",10872,5022169,7004,4564313,859,437878,109,40466,20,8623,129,49089,18864,17752.29,10073449,0
"2021-07-27",12054,5034223,8566,4572879,857,438735,134,40600,38,8661,172,49261,21649,17914,10095098,0
"2021-07-28",11989,5046212,8051,4580930,950,439685,131,40731,27,8688,158,49419,21148,18092.86,10116246,0
"2021-07-29",10933,5057145,7431,4588361,984,440669,133,40864,38,8726,171,49590,19519,17954.29,10135765,0
"2021-07-30",14955,5072100,8013,4596374,1151,441820,181,41045,31,8757,212,49802,24331,18371.71,10160096,0
"2021-07-31",9725,5081825,6316,4602690,815,442635,121,41166,20,8777,141,49943,16997,18668.86,10177093,0
"2021-08-01",6503,5088328,3309,4605999,564,443199,81,41247,20,8797,101,50044,10477,18997.86,10187570,0
"2021-08-02",13449,5101777,7158,4613157,847,444046,144,41391,17,8814,161,50205,21615,19390.86,10209185,0
"2021-08-03",15411,5117188,8387,4621544,1109,445155,144,41535,38,8852,182,50387,25089,19882.29,10234274,0
"2021-08-04",17264,5134452,8125,4629669,1454,446609,181,41716,34,8886,215,50602,27058,20726.57,10261332,0
"2021-08-05",17871,5152323,7931,4637600,1368,447977,160,41876,20,8906,180,50782,27350,21845.29,10288682,0
"2021-08-06",18172,5170495,8411,4646011,1233,449210,165,42041,32,8938,197,50979,28013,22371.29,10316695,0
"2021-08-07",13388,5183883,6014,4652025,799,450009,99,42140,28,8966,127,51106,20328,22847.14,10337023,0
"2021-08-08",9310,5193193,3835,4655860,400,450409,82,42222,10,8976,92,51198,13637,23298.57,10350660,0
"2021-08-09",21343,5214536,8527,4664387,965,451374,166,42388,34,9010,200,51398,31035,24644.29,10381695,0
"2021-08-10",18920,5233456,9328,4673715,946,452320,179,42567,33,9043,212,51610,29406,25261,10411101,0
"2021-08-11",15648,5249104,8310,4682025,853,453173,128,42695,45,9088,173,51783,24984,24964.71,10436085,0
"2021-08-12",15040,5264144,8982,4691007,940,454113,171,42866,35,9123,206,51989,25168,24653,10461253,0
"2021-08-13",14929,5279073,9290,4700297,920,455033,239,43105,37,9160,276,52265,25415,24281.86,10486668,0
"2021-08-14",10405,5289478,6406,4706703,625,455658,529,43634,40,9200,569,52834,18005,23950,10504673,0
"2021-08-15",6694,5296172,4478,4711181,676,456334,567,44201,33,9233,600,53434,12448,23780.14,10517121,0
"2021-08-16",15721,5311893,9301,4720482,1150,457484,1318,45519,65,9298,1383,54817,27555,23283,10544676,0
"2021-08-17",17768,5329661,10436,4730918,1225,458709,1768,47287,84,9382,1852,56669,31281,23550.86,10575957,0
"2021-08-18",17507,5347168,10360,4741278,1260,459969,1988,49275,95,9477,2083,58752,31210,24440.29,10607167,0
"2021-08-19",16297,5363465,9520,4750798,1315,461284,1954,51229,65,9542,2019,60771,29151,25009.29,10636318,0
"2021-08-20",16280,5379745,11537,4762335,1254,462538,1859,53088,84,9626,1943,62714,31014,25809.14,10667332,0
"2021-08-21",11148,5390893,8040,4770375,878,463416,1057,54145,56,9682,1113,63827,21179,26262.57,10688511,0
"2021-08-22",4081,5394974,3901,4774276,262,463678,514,54659,34,9716,548,64375,8792,25740.29,10697303,0
"2021-08-23",15583,5410557,11798,4786074,1023,464701,1547,56206,75,9791,1622,65997,30026,26093.29,10727329,0
"2021-08-24",16914,5427471,12595,4798669,1006,465707,1775,57981,76,9867,1851,67848,32366,26248.29,10759695,0
"2021-08-25",14582,5442053,12446,4811115,1111,466818,1565,59546,76,9943,1641,69489,29780,26044,10789475,0
"2021-08-26",16163,5458216,14084,4825199,1072,467890,1771,61317,67,10010,1838,71327,33157,26616.29,10822632,0
"2021-08-27",14883,5473099,14820,4840019,971,468861,1670,62987,74,10084,1744,73071,32418,26816.86,10855050,0
"2021-08-28",10682,5483781,11522,4851541,835,469696,1014,64001,45,10129,1059,74130,24098,27233.86,10879148,0
"2021-08-29",7218,5490999,7495,4859036,541,470237,778,64779,57,10186,835,74965,16089,28276.29,10895237,0
"2021-08-30",15524,5506523,16927,4875963,1076,471313,1791,66570,86,10272,1877,76842,35404,29044.57,10930641,0
"2021-08-31",15519,5522042,15954,4891917,951,472264,1970,68540,87,10359,2057,78899,34481,29346.71,10965122,0
"2021-09-01",14834,5536876,14098,4906015,1020,473284,1809,70349,61,10420,1870,80769,31822,29638.43,10996944,0
"2021-09-02",14328,5551204,12522,4918537,896,474180,1705,72054,61,10481,1766,82535,29512,29117.71,11026456,0
"2021-09-03",15016,5566220,14307,4932844,974,475154,1895,73949,69,10550,1964,84499,32261,29095.29,11058717,0
"2021-09-04",9647,5575867,9405,4942249,688,475842,974,74923,34,10584,1008,85507,20748,28616.71,11079465,0
"2021-09-05",6803,5582670,5515,4947764,438,476280,710,75633,16,10600,726,86233,13482,28244.29,11092947,0
"2021-09-06",5195,5587865,4512,4952276,358,476638,270,75903,11,10611,281,86514,10346,24664.57,11103293,0
"2021-09-07",15577,5603442,17703,4969979,912,477550,1554,77457,87,10698,1641,88155,35833,24857.71,11139126,0
"2021-09-08",16162,5619604,14825,4984804,1072,478622,1771,79228,83,10781,1854,90009,33913,25156.43,11173039,0
"2021-09-09",16111,5635715,14751,4999555,1047,479669,1914,81142,73,10854,1987,91996,33896,25782.71,11206935,0
"2021-09-10",18375,5654090,15390,5014945,1208,480877,1971,83113,81,10935,2052,94048,37025,26463.29,11243960,0
"2021-09-11",12637,5666727,10348,5025293,958,481835,1028,84141,48,10983,1076,95124,25019,27073.43,11268979,0
"2021-09-12",8540,5675267,5052,5030345,766,482601,690,84831,29,11012,719,95843,15077,27301.29,11284056,0
"2021-09-13",16934,5692201,12960,5043305,976,483577,1652,86483,53,11065,1705,97548,32575,30476.86,11316631,0
"2021-09-14",16269,5708470,13676,5056981,886,484463,1595,88078,55,11120,1650,99198,32481,29998,11349112,0
"2021-09-15",15543,5724013,12882,5069863,727,485190,1567,89645,78,11198,1645,100843,30797,29552.86,11379909,0
"2021-09-16",15342,5739355,13910,5083773,1210,486400,1456,91101,66,11264,1522,102365,31984,29279.71,11411893,0
"2021-09-17",14438,5753793,13962,5097735,922,487322,1827,92928,56,11320,1883,104248,31205,28448.29,11443098,0
"2021-09-18",10000,5763793,10180,5107915,913,488235,1046,93974,41,11361,1087,105335,22180,28042.71,11465278,0
"2021-09-19",6179,5769972,6071,5113986,558,488793,747,94721,29,11390,776,106111,13584,27829.43,11478862,0
"2021-09-20",12676,5782648,12630,5126616,1068,489861,1921,96642,58,11448,1979,108090,28353,27226.29,11507215,0
"2021-09-21",12233,5794881,12769,5139385,1109,490970,2025,98667,78,11526,2103,110193,28214,26616.71,11535429,0
"2021-09-22",12822,5807703,12008,5151393,1089,492059,1683,100350,67,11593,1750,111943,27669,26169.86,11563098,0
"2021-09-23",14939,5822642,12760,5164153,1639,493698,2265,102615,73,11666,2338,114281,31676,26125.86,11594774,0
"2021-09-24",16447,5839089,13367,5177520,1636,495334,4626,107241,113,11779,4739,119020,36189,26837.86,11630963,0
"2021-09-25",10541,5849630,9024,5186544,1018,496352,3463,110704,75,11854,3538,122558,24121,27115.14,11655084,0
"2021-09-26",6302,5855932,5761,5192305,773,497125,2426,113130,55,11909,2481,125039,15317,27362.71,11670401,0
"2021-09-27",14163,5870095,8055,5200360,1155,498280,9060,122190,157,12066,9217,134256,32590,27968,11702991,0
"2021-09-28",11147,5881242,11780,5212140,902,499182,9912,132102,174,12240,10086,144342,33915,28782.43,11736906,0
"2021-09-29",11608,5892850,12193,5224333,1205,500387,9454,141556,162,12402,9616,153958,34622,29775.71,11771528,0
"2021-09-30",12239,5905089,12604,5236937,1338,501725,9749,151305,172,12574,9921,163879,36102,30408,11807630,0
"2021-10-01",12646,5917735,13431,5250368,1284,503009,10268,161573,147,12721,10415,174294,37776,30634.71,11845406,0
"2021-10-02",7730,5925465,9975,5260343,865,503874,4243,165816,75,12796,4318,178612,22888,30458.57,11868294,0
"2021-10-03",5086,5930551,6157,5266500,593,504467,2613,168429,56,12852,2669,181281,14505,30342.57,11882799,0
"2021-10-04",9908,5940459,11023,5277523,913,505380,9527,177956,140,12992,9667,190948,31511,30188.43,11914310,0
"2021-10-05",10158,5950617,11739,5289262,972,506352,9936,187892,175,13167,10111,201059,32980,30054.86,11947290,0
"2021-10-06",9914,5960531,11057,5300319,937,507289,9935,197827,154,13321,10089,211148,31997,29679.86,11979287,0
"2021-10-07",9655,5970186,12194,5312513,852,508141,10189,208016,170,13491,10359,221507,33060,29245.29,12012347,0
"2021-10-08",9457,5979643,12173,5324686,941,509082,10908,218924,163,13654,11071,232578,33642,28654.71,12045989,0
"2021-10-09",6262,5985905,8275,5332961,649,509731,4122,223046,91,13745,4213,236791,19399,28156.29,12065388,0
"2021-10-10",3542,5989447,5030,5337991,458,510189,2433,225479,42,13787,2475,239266,11505,27727.71,12076893,0
"2021-10-11",7620,5997067,9330,5347321,728,510917,8889,234368,159,13946,9048,248314,26726,27044.14,12103619,0
"2021-10-12",8077,6005144,10996,5358317,891,511808,10513,244881,181,14127,10694,259008,30658,26712.43,12134277,0
"2021-10-13",7152,6012296,10148,5368465,869,512677,8799,253680,176,14303,8975,267983,27144,26019.14,12161421,0
"2021-10-14",7448,6019744,11114,5379579,836,513513,10117,263797,160,14463,10277,278260,29675,25535.57,12191096,0
"2021-10-15",7730,6027474,11858,5391437,823,514336,10823,274620,166,14629,10989,289249,31400,25215.29,12222496,0
"2021-10-16",4863,6032337,7469,5398906,666,515002,3844,278464,65,14694,3909,293158,16907,24859.29,12239403,0
"2021-10-17",3061,6035398,4473,5403379,411,515413,2452,280916,41,14735,2493,295651,10438,24706.86,12249841,0
"2021-10-18",7049,6042447,10664,5414043,796,516209,9486,290402,173,14908,9659,305310,28168,24912.86,12278009,0
"2021-10-19",6576,6049023,8947,5422990,804,517013,9089,299491,168,15076,9257,314567,25584,24188,12303593,0
"2021-10-20",6534,6055557,9376,5432366,975,517988,9991,309482,170,15246,10161,324728,27046,24174,12330639,0
"2021-10-21",7028,6062585,9384,5441750,858,518846,10843,320325,150,15396,10993,335721,28263,23972.29,12358902,0
"2021-10-22",8123,6070708,10342,5452092,1026,519872,16353,336678,210,15606,16563,352284,36054,24637.14,12394956,0
"2021-10-23",5168,6075876,6457,5458549,690,520562,9127,345805,112,15718,9239,361523,21554,25301,12416510,0
"2021-10-24",3274,6079150,3972,5462521,769,521331,6155,351960,75,15793,6230,367753,14245,25844.86,12430755,0
"2021-10-25",8771,6087921,8739,5471260,1150,522481,19248,371208,289,16082,19537,387290,38197,27277.57,12468952,0
"2021-10-26",8202,6096123,7722,5478982,1258,523739,17291,388499,259,16341,17550,404840,34732,28584.43,12503684,0
"2021-10-27",10559,6106682,8393,5487375,1604,525343,20860,409359,309,16650,21169,426009,41725,30681.43,12545409,0
"2021-10-28",11329,6118011,8034,5495409,1793,527136,20846,430205,313,16963,21159,447168,42315,32688.86,12587724,0
"2021-10-29",11863,6129874,8238,5503647,1957,529093,22539,452744,317,17280,22856,470024,44914,33954.57,12632638,0
"2021-10-30",4635,6134509,5060,5508707,930,530023,11171,463915,160,17440,11331,481355,21956,34012,12654594,0
"2021-10-31",2664,6137173,2702,5511409,544,530567,6638,470553,97,17537,6735,488090,12645,33783.43,12667239,0
"2021-11-01",7141,6144314,6954,5518363,1089,531656,20382,490935,317,17854,20699,508789,35883,33452.86,12703122,0
"2021-11-02",6583,6150897,6592,5524955,1054,532710,20782,511717,264,18118,21046,529835,35275,33530.43,12738397,0
"2021-11-03",6852,6157749,6679,5531634,1026,533736,20630,532347,302,18420,20932,550767,35489,32639.57,12773886,0
"2021-11-04",9313,6167062,6278,5537912,995,534731,22362,554709,343,18763,22705,573472,39291,32207.57,12813177,0
"2021-11-05",11059,6178121,6723,5544635,1051,535782,23764,578473,344,19107,24108,597580,42941,31925.71,12856118,0
"2021-11-06",11134,6189255,4051,5548686,594,536376,12593,591066,165,19272,12758,610338,28537,32865.86,12884655,0
"2021-11-07",7257,6196512,2287,5550973,577,536953,7106,598172,93,19365,7199,617537,17320,33533.71,12901975,0
"2021-11-08",15059,6211571,5679,5556652,864,537817,19515,617687,271,19636,19786,637323,41388,34320.14,12943363,0
"2021-11-09",16151,6227722,5389,5562041,660,538477,20515,638202,268,19904,20783,658106,42983,35421.29,12986346,0
"2021-11-10",16938,6244660,5321,5567362,683,539160,22650,660852,288,20192,22938,681044,45880,36905.71,13032226,0
"2021-11-11",12574,6257234,5188,5572550,759,539919,22086,682938,280,20472,22366,703410,40887,37133.71,13073113,0
"2021-11-12",16902,6274136,5686,5578236,705,540624,23400,706338,350,20822,23750,727160,47043,37719.71,13120156,0
"2021-11-13",9940,6284076,3663,5581899,463,541087,13326,719664,179,21001,13505,740665,27571,37581.71,13147727,0
"2021-11-14",6012,6290088,2292,5584191,325,541412,7933,727597,76,21077,8009,748674,16638,37484.29,13164365,0
"2021-11-15",13217,6303305,5974,5590165,690,542102,25113,752710,350,21427,25463,774137,45344,38049.43,13209709,0
"2021-11-16",9967,6313272,5781,5595946,656,542758,30670,783380,414,21841,31084,805221,47488,38693,13257197,0
"2021-11-17",10309,6323581,6671,5602617,681,543439,31424,814804,401,22242,31825,837046,49486,39208.14,13306683,0
"2021-11-18",10729,6334310,6542,5609159,858,544297,33019,847823,438,22680,33457,870503,51586,40736.57,13358269,0
"2021-11-19",12028,6346338,6550,5615709,715,545012,36242,884065,446,23126,36688,907191,55981,42013.43,13414250,0
"2021-11-20",9331,6355669,3418,5619127,513,545525,22516,906581,249,23375,22765,929956,36027,43221.43,13450277,0
"2021-11-21",4951,6360620,1887,5621014,288,545813,13204,919785,146,23521,13350,943306,20476,43769.71,13470753,0
"2021-11-22",10440,6371060,5787,5626801,750,546563,35930,955715,430,23951,36360,979666,53337,44911.57,13524090,0
"2021-11-23",9794,6380854,4783,5631584,636,547199,33521,989236,364,24315,33885,1013551,49098,45141.57,13573188,0
"2021-11-24",8710,6389564,4751,5636335,650,547849,25926,1015162,276,24591,26202,1039753,40313,43831.14,13613501,0
"2021-11-25",448,6390012,326,5636661,80,547929,1003,1016165,9,24600,1012,1040765,1866,36728.29,13615367,0
"2021-11-26",8059,6398071,6989,5643650,528,548457,26596,1042761,285,24885,26881,1067646,42457,34796.29,13657824,0
"2021-11-27",6685,6404756,6835,5650485,371,548828,18841,1061602,218,25103,19059,1086705,32950,34356.71,13690774,0
"2021-11-28",4084,6408840,5792,5656277,282,549110,11890,1073492,116,25219,12006,1098711,22164,34597.86,13712938,0
"2021-11-29",9118,6417958,11000,5667277,687,549797,35078,1108570,421,25640,35499,1134210,56304,35021.71,13769242,0
"2021-11-30",10518,6428476,11435,5678712,512,550309,37786,1146356,481,26121,38267,1172477,60732,36683.71,13829974,0
"2021-12-01",11196,6439672,10985,5689697,724,551033,40353,1186709,432,26553,40785,1213262,63690,40023.29,13893664,0
"2021-12-02",11661,6451333,11040,5700737,627,551660,42164,1228873,444,26997,42608,1255870,65936,49176.14,13959600,0
"2021-12-03",13493,6464826,12890,5713627,675,552335,47940,1276813,508,27505,48448,1304318,75506,53897.43,14035106,0
"2021-12-04",9857,6474683,11291,5724918,567,552902,30678,1307491,298,27803,30976,1335294,52691,56717.57,14087797,0
"2021-12-05",5759,6480442,5706,5730624,270,553172,16661,1324152,125,27928,16786,1352080,28521,57625.71,14116318,0
"2021-12-06",12344,6492786,9956,5740580,600,553772,43248,1367400,434,28362,43682,1395762,66582,59094,14182900,0
"2021-12-07",12592,6505378,9260,5749840,625,554397,43045,1410445,489,28851,43534,1439296,66011,59848.14,14248911,0
"2021-12-08",13537,6518915,8775,5758615,554,554951,40791,1451236,460,29311,41251,1480547,64117,59909.14,14313028,0
"2021-12-09",13505,6532420,8751,5767366,555,555506,40824,1492060,478,29789,41302,1521849,64113,59648.71,14377141,0
"2021-12-10",14042,6546462,10142,5777508,671,556177,43669,1535729,483,30272,44152,1566001,69007,58720.29,14446148,0
"2021-12-11",10285,6556747,8126,5785634,405,556582,26696,1562425,273,30545,26969,1592970,45785,57733.71,14491933,0
"2021-12-12",6018,6562765,3855,5789489,288,556870,15172,1577597,131,30676,15303,1608273,25464,57297,14517397,0
"2021-12-13",12235,6575000,7430,5796919,658,557528,37883,1615480,386,31062,38269,1646542,58592,56155.57,14575989,0
"2021-12-14",12238,6587238,6959,5803878,731,558259,38157,1653637,420,31482,38577,1685119,58505,55083.29,14634494,0
"2021-12-15",12106,6599344,6242,5810120,755,559014,38136,1691773,481,31963,38617,1723736,57720,54169.43,14692214,0
"2021-12-16",13146,6612490,4271,5814391,740,559754,41051,1732824,434,32397,41485,1765221,59642,53530.71,14751856,0
"2021-12-17",15958,6628448,6932,5821323,620,560374,46783,1779607,465,32862,47248,1812469,70758,53780.86,14822614,0
"2021-12-18",13028,6641476,5717,5827040,432,560806,30621,1810228,266,33128,30887,1843356,50064,54392.14,14872678,0
"2021-12-19",7021,6648497,2995,5830035,326,561132,18007,1828235,169,33297,18176,1861532,28518,54828.43,14901196,0
"2021-12-20",16869,6665366,5867,5835902,746,561878,47456,1875691,557,33854,48013,1909545,71495,56671.71,14972691,0
"2021-12-21",17976,6683342,6572,5842474,806,562684,48918,1924609,573,34427,49491,1959036,74845,59006,15047536,0
"2021-12-22",18540,6701882,6564,5849038,939,563623,49683,1974292,523,34950,50206,2009242,76249,61653,15123785,0
"2021-12-23",19043,6720925,6482,5855520,930,564553,45846,2020138,511,35461,46357,2055599,72812,63534.43,15196597,0
"2021-12-24",9242,6730167,2953,5858473,598,565151,20598,2040736,211,35672,20809,2076408,33602,58226.43,15230199,0
"2021-12-25",344,6730511,63,5858536,31,565182,427,2041163,8,35680,435,2076843,873,51199.14,15231072,0
"2021-12-26",7965,6738476,3928,5862464,340,565522,17284,2058447,172,35852,17456,2094299,29689,51366.43,15260761,0
"2021-12-27",21796,6760272,9205,5871669,933,566455,43443,2101890,539,36391,43982,2138281,75916,51998,15336677,0
"2021-12-28",20164,6780436,8329,5879998,699,567154,47583,2149473,598,36989,48181,2186462,77373,52359.14,15414050,0
"2021-12-29",18504,6798940,7671,5887669,607,567761,45572,2195045,472,37461,46044,2232506,72826,51870.14,15486876,0
"2021-12-30",16889,6815829,7420,5895089,587,568348,44850,2239895,571,38032,45421,2277927,70317,51513.71,15557193,0
"2021-12-31",5357,6821186,2808,5897897,193,568541,14771,2254666,176,38208,14947,2292874,23305,50042.71,15580498,0
"2022-01-01",243,6821429,147,5898044,12,568553,501,2255167,21,38229,522,2293396,924,50050,15581422,0
"2022-01-02",6432,6827861,5021,5903065,153,568706,10978,2266145,110,38339,11088,2304484,22694,49050.71,15604116,0
"2022-01-03",14139,6842000,8495,5911560,514,569220,26931,2293076,324,38663,27255,2331739,50403,45406,15654519,0
"2022-01-04",12849,6854849,8110,5919670,414,569634,27209,2320285,351,39014,27560,2359299,48933,41343.14,15703452,0
"2022-01-05",11419,6866268,7000,5926670,382,570016,25913,2346198,302,39316,26215,2385514,45016,37370.29,15748468,0
"2022-01-06",11472,6877740,7383,5934053,483,570499,27535,2373733,328,39644,27863,2413377,47201,34068,15795669,0
"2022-01-07",10390,6888130,8418,5942471,338,570837,25028,2398761,312,39956,25340,2438717,44486,37093.86,15840155,0
"2022-01-08",7858,6895988,8566,5951037,310,571147,19463,2418224,175,40131,19638,2458355,36372,42157.86,15876527,0
"2022-01-09",4129,6900117,3842,5954879,214,571361,10063,2428287,93,40224,10156,2468511,18341,41536,15894868,0
"2022-01-10",10181,6910298,8190,5963069,490,571851,24603,2452890,298,40522,24901,2493412,43762,40587.29,15938630,0
"2022-01-11",8892,6919190,7987,5971056,521,572372,21026,2473916,279,40801,21305,2514717,38705,39126.14,15977335,0
"2022-01-12",8940,6928130,8319,5979375,427,572799,22338,2496254,286,41087,22624,2537341,40310,38453.86,16017645,0
"2022-01-13",9044,6937174,8865,5988240,451,573250,22874,2519128,314,41401,23188,2560529,41548,37646.29,16059193,0
"2022-01-14",10104,6947278,8119,5996359,476,573726,26440,2545568,315,41716,26755,2587284,45454,37784.57,16104647,0
"2022-01-15",6209,6953487,4307,6000666,178,573904,15145,2560713,175,41891,15320,2602604,26014,36304.86,16130661,0
"2022-01-16",2921,6956408,3249,6003915,95,573999,7824,2568537,82,41973,7906,2610510,14171,35709.14,16144832,0
"2022-01-17",6080,6962488,6755,6010670,363,574362,14682,2583219,214,42187,14896,2625406,28094,33470.86,16172926,0
"2022-01-18",8164,6970652,10320,6020990,396,574758,19667,2602886,315,42502,19982,2645388,38862,33493.29,16211788,0
"2022-01-19",7464,6978116,9250,6030240,304,575062,17718,2620604,269,42771,17987,2663375,35005,32735.43,16246793,0
"2022-01-20",6283,6984399,8560,6038800,305,575367,15252,2635856,241,43012,15493,2678868,30641,31177.29,16277434,0
"2022-01-21",7573,6991972,7503,6046303,276,575643,18509,2654365,279,43291,18788,2697656,34140,29561,16311574,0
"2022-01-22",5189,6997161,4940,6051243,131,575774,11320,2665685,125,43416,11445,2709101,21705,28945.43,16333279,0
"2022-01-23",2811,6999972,3328,6054571,97,575871,6229,2671914,76,43492,6305,2715406,12541,28712.57,16345820,0
"2022-01-24",6372,7006344,8204,6062775,262,576133,15071,2686985,235,43727,15306,2730712,30144,29005.43,16375964,0
"2022-01-25",6186,7012530,7932,6070707,233,576366,14695,2701680,255,43982,14950,2745662,29301,27639.57,16405265,0
"2022-01-26",5755,7018285,7169,6077876,289,576655,14017,2715697,209,44191,14226,2759888,27439,26558.71,16432704,0
"2022-01-27",5257,7023542,7093,6084969,321,576976,14083,2729780,228,44419,14311,2774199,26982,26036,16459686,0
"2022-01-28",6258,7029800,7873,6092842,203,577179,16133,2745913,234,44653,16367,2790566,30701,25544.71,16490387,0
"2022-01-29",841,7030641,728,6093570,28,577207,2538,2748451,39,44692,2577,2793143,4174,23040.29,16494561,0
"2022-01-30",2097,7032738,3022,6096592,103,577310,4536,2752987,63,44755,4599,2797742,9821,22651.71,16504382,0
"2022-01-31",5006,7037744,6592,6103184,220,577530,11384,2764371,197,44952,11581,2809323,23399,21688.14,16527781,0
"2022-02-01",4833,7042577,6434,6109618,219,577749,10713,2775084,218,45170,10931,2820254,22417,20704.71,16550198,0
"2022-02-02",4257,7046834,5929,6115547,213,577962,11236,2786320,239,45409,11475,2831729,21874,19909.71,16572072,0
"2022-02-03",4226,7051060,5814,6121361,216,578178,11218,2797538,200,45609,11418,2843147,21674,19151.43,16593746,0
"2022-02-04",4767,7055827,7112,6128473,214,578392,13217,2810755,236,45845,13453,2856600,25546,18415,16619292,0
"2022-02-05",3584,7059411,6049,6134522,110,578502,8576,2819331,149,45994,8725,2865325,18468,20457,16637760,0
"2022-02-06",2063,7061474,2137,6136659,121,578623,4634,2823965,103,46097,4737,2870062,9058,20348,16646818,0
"2022-02-07",4158,7065632,4727,6141386,205,578828,10131,2834096,231,46328,10362,2880424,19452,19784.14,16666270,0
"2022-02-08",4222,7069854,5608,6146994,214,579042,11327,2845423,300,46628,11627,2892051,21671,19677.57,16687941,0
"2022-02-09",4134,7073988,5406,6152400,222,579264,11663,2857086,250,46878,11913,2903964,21675,19649.14,16709616,0
"2022-02-10",3997,7077985,5123,6157523,245,579509,12199,2869285,282,47160,12481,2916445,21846,19673.71,16731462,0
"2022-02-11",4521,7082506,5802,6163325,195,579704,13730,2883015,317,47477,14047,2930492,24565,19533.57,16756027,0
"2022-02-12",3258,7085764,4341,6167666,97,579801,8810,2891825,213,47690,9023,2939515,16719,19283.71,16772746,0
"2022-02-13",1522,7087286,1544,6169210,41,579842,4880,2896705,109,47799,4989,2944504,8096,19146.29,16780842,0
"2022-02-14",2984,7090270,3624,6172834,167,580009,10569,2907274,323,48122,10892,2955396,17667,18891.29,16798509,0
"2022-02-15",3560,7093830,4071,6176905,175,580184,12784,2920058,278,48400,13062,2968458,20868,18776.57,16819377,0
"2022-02-16",3664,7097494,3906,6180811,200,580384,15718,2935776,291,48691,16009,2984467,23779,19077.14,16843156,0
"2022-02-17",4039,7101533,4081,6184892,162,580546,18273,2954049,357,49048,18630,3003097,26912,19800.86,16870068,0
"2022-02-18",4474,7106007,4784,6189676,190,580736,21531,2975580,450,49498,21981,3025078,31429,20781.43,16901497,0
"2022-02-19",3255,7109262,2181,6191857,65,580801,11179,2986759,215,49713,11394,3036472,16895,20806.57,16918392,0
"2022-02-20",1861,7111123,1445,6193302,59,580860,6580,2993339,112,49825,6692,3043164,10057,21086.71,16928449,0
"2022-02-21",3084,7114207,2695,6195997,95,580955,8350,3001689,227,50052,8577,3051741,14451,20627.29,16942900,0
"2022-02-22",4382,7118589,4253,6200250,175,581130,10831,3012520,250,50302,11081,3062822,19891,20487.71,16962791,0
"2022-02-23",4267,7122856,3789,6204039,145,581275,10665,3023185,239,50541,10904,3073726,19105,19820,16981896,0
"2022-02-24",3798,7126654,3657,6207696,108,581383,10190,3033375,227,50768,10417,3084143,17980,18544,16999876,0
"2022-02-25",3620,7130274,3624,6211320,134,581517,9982,3043357,233,51001,10215,3094358,17593,16567.43,17017469,0
"2022-02-26",2838,7133112,2579,6213899,74,581591,9512,3052869,153,51154,9665,3104023,15156,16319,17032625,0
"2022-02-27",1773,7134885,1373,6215272,52,581643,6266,3059135,100,51254,6366,3110389,9564,16248.57,17042189,0
"2022-02-28",3802,7138687,3133,6218405,141,581784,13131,3072266,246,51500,13377,3123766,20453,17106,17062642,0
"2022-03-01",2137,7140824,2627,6221032,103,581887,5172,3077438,185,51685,5357,3129123,10224,15725,17072866,0
"2022-03-02",1841,7142665,2439,6223471,106,581993,4129,3081567,208,51893,4337,3133460,8723,14241.86,17081589,0
"2022-03-03",1934,7144599,2555,6226026,106,582099,3798,3085365,168,52061,3966,3137426,8561,12896.29,17090150,0
"2022-03-04",2123,7146722,2874,6228900,66,582165,4330,3089695,207,52268,4537,3141963,9600,11754.43,17099750,0
"2022-03-05",1613,7148335,2123,6231023,43,582208,3318,3093013,115,52383,3433,3145396,7212,10619.57,17106962,0
"2022-03-06",799,7149134,879,6231902,30,582238,1622,3094635,55,52438,1677,3147073,3385,9736.86,17110347,0
"2022-03-07",1668,7150802,1786,6233688,86,582324,3497,3098132,161,52599,3658,3150731,7198,7843.29,17117545,0
"2022-03-08",1550,7152352,1893,6235581,79,582403,3124,3101256,149,52748,3273,3154004,6795,7353.43,17124340,0
"2022-03-09",1269,7153621,1677,6237258,79,582482,2584,3103840,130,52878,2714,3156718,5739,6927.14,17130079,0
"2022-03-10",1421,7155042,2099,6239357,85,582567,2954,3106794,164,53042,3118,3159836,6723,6664.57,17136802,0
"2022-03-11",1602,7156644,2273,6241630,81,582648,3213,3110007,187,53229,3400,3163236,7356,6344,17144158,0
"2022-03-12",880,7157524,1414,6243044,40,582688,2005,3112012,75,53304,2080,3165316,4414,5944.29,17148572,0
"2022-03-13",626,7158150,757,6243801,28,582716,1291,3113303,47,53351,1338,3166654,2749,5853.43,17151321,0
"2022-03-14",1373,7159523,1605,6245406,83,582799,2989,3116292,207,53558,3196,3169850,6257,5719,17157578,0
"2022-03-15",1361,7160884,1926,6247332,63,582862,3067,3119359,230,53788,3297,3173147,6647,5697.86,17164225,0
"2022-03-16",1400,7162284,2067,6249399,94,582956,3132,3122491,296,54084,3428,3176575,6989,5876.43,17171214,0
"2022-03-17",1191,7163475,1808,6251207,70,583026,2759,3125250,266,54350,3025,3179600,6094,5786.57,17177308,0
"2022-03-18",1594,7165069,2218,6253425,80,583106,3770,3129020,415,54765,4185,3183785,8077,5889.57,17185385,0
"2022-03-19",1114,7166183,1734,6255159,54,583160,2599,3131619,226,54991,2825,3186610,5727,6077.14,17191112,0
"2022-03-20",614,7166797,627,6255786,33,583193,1463,3133082,185,55176,1648,3188258,2922,6101.86,17194034,0
"2022-03-21",1420,7168217,1553,6257339,72,583265,3056,3136138,356,55532,3412,3191670,6457,6130.43,17200491,0
"2022-03-22",1341,7169558,1554,6258893,101,583366,2903,3139041,344,55876,3247,3194917,6243,6072.71,17206734,0
"2022-03-23",1261,7170819,1361,6260254,66,583432,2919,3141960,374,56250,3293,3198210,5981,5928.71,17212715,0
"2022-03-24",1213,7172032,1299,6261553,90,583522,2518,3144478,267,56517,2785,3200995,5387,5827.71,17218102,0
"2022-03-25",1391,7173423,1630,6263183,62,583584,3263,3147741,379,56896,3642,3204637,6725,5634.57,17224827,0
"2022-03-26",928,7174351,1161,6264344,36,583620,2308,3150049,250,57146,2558,3207195,4683,5485.43,17229510,0
"2022-03-27",574,7174925,528,6264872,29,583649,1312,3151361,204,57350,1516,3208711,2647,5446.14,17232157,0
"2022-03-28",1086,7176011,1164,6266036,69,583718,2438,3153799,365,57715,2803,3211514,5122,5255.43,17237279,0
"2022-03-29",1052,7177063,1105,6267141,85,583803,2514,3156313,880,58595,3394,3214908,5636,5168.71,17242915,0
"2022-03-30",1250,7178313,1141,6268282,98,583901,3066,3159379,3403,61998,6469,3221377,8958,5594,17251873,0
"2022-03-31",1290,7179603,1260,6269542,57,583958,3166,3162545,5505,67503,8671,3230048,11278,6435.57,17263151,0
"2022-04-01",1431,7181034,1500,6271042,76,584034,3248,3165793,6900,74403,10148,3240196,13155,7354.14,17276306,0
"2022-04-02",912,7181946,913,6271955,33,584067,2096,3167889,4524,78927,6620,3246816,8478,7896.29,17284784,0
"2022-04-03",560,7182506,499,6272454,28,584095,1223,3169112,3050,81977,4273,3251089,5360,8283.86,17290144,0
"2022-04-04",1356,7183862,1308,6273762,61,584156,2735,3171847,7695,89672,10430,3261519,13155,9431.43,17303299,0
"2022-04-05",1305,7185167,1163,6274925,66,584222,2856,3174703,7480,97152,10336,3271855,12870,10464.86,17316169,0
"2022-04-06",1346,7186513,1181,6276106,61,584283,2624,3177327,6948,104100,9572,3281427,12160,10922.29,17328329,0
"2022-04-07",1211,7187724,1067,6277173,57,584340,2379,3179706,6603,110703,8982,3290409,11317,10927.86,17339646,0
"2022-04-08",1487,7189211,1405,6278578,62,584402,3173,3182879,8779,119482,11952,3302361,14906,11178,17354552,0
"2022-04-09",919,7190130,924,6279502,29,584431,2079,3184958,4940,124422,7019,3309380,8891,11237,17363443,0
"2022-04-10",586,7190716,460,6279962,25,584456,1170,3186128,2893,127315,4063,3313443,5134,11204.71,17368577,0
"2022-04-11",1319,7192035,1238,6281200,59,584515,2670,3188798,7789,135104,10459,3323902,13075,11193.29,17381652,0
"2022-04-12",1216,7193251,1061,6282261,73,584588,2526,3191324,7409,142513,9935,3333837,12285,11109.71,17393937,0
"2022-04-13",1243,7194494,1081,6283342,59,584647,2517,3193841,7534,150047,10051,3343888,12434,11148.86,17406371,0
"2022-04-14",1279,7195773,1102,6284444,59,584706,2443,3196284,6569,156616,9012,3352900,11452,11168.14,17417823,0
"2022-04-15",1343,7197116,1098,6285542,53,584759,2569,3198853,6618,163234,9187,3362087,11681,10707.43,17429504,0
"2022-04-16",862,7197978,654,6286196,33,584792,1644,3200497,3677,166911,5321,3367408,6870,10418.71,17436374,0
"2022-04-17",347,7198325,202,6286398,27,584819,640,3201137,1154,168065,1794,3369202,2370,10023.86,17438744,0
"2022-04-18",1393,7199718,1118,6287516,82,584901,2585,3203722,6411,174476,8996,3378198,11589,9811.57,17450333,0
"2022-04-19",1419,7201137,939,6288455,72,584973,2573,3206295,5739,180215,8312,3386510,10742,9591.14,17461075,0
"2022-04-20",1322,7202459,1159,6289614,65,585038,2715,3209010,6620,186835,9335,3395845,11881,9512.14,17472956,0
"2022-04-21",1230,7203689,1064,6290678,53,585091,2329,3211339,5332,192167,7661,3403506,10008,9305.86,17482964,0
"2022-04-22",1218,7204907,1025,6291703,46,585137,2203,3213542,5635,197802,7838,3411344,10127,9083.86,17493091,0
"2022-04-23",718,7205625,751,6292454,59,585196,1426,3214968,3345,201147,4771,3416115,6299,9002.29,17499390,0
"2022-04-24",442,7206067,338,6292792,27,585223,813,3215781,1811,202958,2624,3418739,3431,9153.86,17502821,0
"2022-04-25",1032,7207099,917,6293709,64,585287,1852,3217633,5086,208044,6938,3425677,8951,8777,17511772,0
"2022-04-26",948,7208047,860,6294569,76,585363,1754,3219387,4685,212729,6439,3432116,8323,8431.43,17520095,0
"2022-04-27",1041,7209088,1025,6295594,80,585443,1929,3221316,5202,217931,7131,3439247,9277,8059.43,17529372,0
"2022-04-28",1092,7210180,989,6296583,50,585493,2007,3223323,4725,222656,6732,3445979,8863,7895.86,17538235,0
"2022-04-29",1190,7211370,1108,6297691,60,585553,2162,3225485,5386,228042,7548,3453527,9906,7864.29,17548141,0
"2022-04-30",730,7212100,741,6298432,43,585596,1396,3226881,2952,230994,4348,3457875,5862,7801.86,17554003,0
"2022-05-01",447,7212547,366,6298798,20,585616,767,3227648,1654,232648,2421,3460296,3254,7776.57,17557257,0
"2022-05-02",1061,7213608,796,6299594,52,585668,1668,3229316,3816,236464,5484,3465780,7393,7554,17564650,0
"2022-05-03",1124,7214732,862,6300456,61,585729,1999,3231315,4856,241320,6855,3472635,8902,7636.71,17573552,0
"2022-05-04",1022,7215754,885,6301341,48,585777,1914,3233229,4631,245951,6545,3479180,8500,7525.71,17582052,0
"2022-05-05",1067,7216821,953,6302294,86,585863,1923,3235152,4868,250819,6791,3485971,8897,7530.57,17590949,0
"2022-05-06",1095,7217916,960,6303254,51,585914,1867,3237019,4383,255202,6250,3492221,8356,7309.14,17599305,0
"2022-05-07",661,7218577,592,6303846,32,585946,1205,3238224,2425,257627,3630,3495851,4915,7173.86,17604220,0
"2022-05-08",417,7218994,247,6304093,17,585963,666,3238890,1380,259007,2046,3497897,2727,7098.57,17606947,0
"2022-05-09",1087,7220081,947,6305040,60,586023,1887,3240777,4420,263427,6307,3504204,8401,7242.57,17615348,0
"2022-05-10",1098,7221179,931,6305971,54,586077,1988,3242765,4710,268137,6698,3510902,8781,7225.29,17624129,0
"2022-05-11",1095,7222274,981,6306952,44,586121,1940,3244705,4826,272963,6766,3517668,8886,7280.43,17633015,0
"2022-05-12",1107,7223381,951,6307903,60,586181,2004,3246709,4654,277617,6658,3524326,8776,7263.14,17641791,0
"2022-05-13",1164,7224545,1041,6308944,44,586225,2061,3248770,4782,282399,6843,3531169,9092,7368.29,17650883,0
"2022-05-14",832,7225377,670,6309614,31,586256,1472,3250242,2943,285342,4415,3535584,5948,7515.86,17656831,0
"2022-05-15",512,7225889,357,6309971,21,586277,923,3251165,1645,286987,2568,3538152,3458,7620.29,17660289,0
"2022-05-16",1233,7227122,861,6310832,62,586339,1827,3252992,3853,290840,5680,3543832,7836,7539.57,17668125,0
"2022-05-17",1298,7228420,927,6311759,79,586418,2053,3255045,4870,295710,6923,3550755,9227,7603.29,17677352,0
"2022-05-18",1250,7229670,902,6312661,82,586500,2064,3257109,4916,300626,6980,3557735,9214,7650.14,17686566,0
"2022-05-19",1174,7230844,883,6313544,35,586535,2119,3259228,4710,305336,6829,3564564,8921,7670.86,17695487,0
"2022-05-20",1205,7232049,960,6314504,74,586609,2365,3261593,5186,310522,7551,3572115,9790,7770.57,17705277,0
"2022-05-21",839,7232888,649,6315153,23,586632,1725,3263318,3287,313809,5012,3577127,6523,7852.71,17711800,0
"2022-05-22",513,7233401,291,6315444,22,586654,1134,3264452,1838,315647,2972,3580099,3798,7901.29,17715598,0
"2022-05-23",1227,7234628,892,6316336,47,586701,2187,3266639,4693,320340,6880,3586979,9046,8074.14,17724644,0
"2022-05-24",1436,7236064,941,6317277,66,586767,2294,3268933,4464,324804,6758,3593737,9201,8070.43,17733845,0
"2022-05-25",1441,7237505,959,6318236,56,586823,2261,3271194,4235,329039,6496,3600233,8952,8033,17742797,0
"2022-05-26",1185,7238690,878,6319114,60,586883,2262,3273456,4127,333166,6389,3606622,8512,7974.57,17751309,0
"2022-05-27",1259,7239949,959,6320073,38,586921,2490,3275946,3893,337059,6383,3613005,8639,7810.14,17759948,0
"2022-05-28",720,7240669,518,6320591,19,586940,1779,3277725,2060,339119,3839,3616844,5096,7606.29,17765044,0
"2022-05-29",476,7241145,218,6320809,11,586951,762,3278487,1116,340235,1878,3618722,2583,7432.71,17767627,0
"2022-05-30",91,7241236,58,6320867,6,586957,138,3278625,146,340381,284,3619006,439,6203.14,17768066,0
"2022-05-31",1141,7242377,917,6321784,51,587008,1883,3280508,3055,343436,4938,3623944,7047,5895.43,17775113,0
"2022-06-01",1160,7243537,849,6322633,63,587071,1965,3282473,3407,346843,5372,3629316,7444,5680,17782557,0
"2022-06-02",1037,7244574,802,6323435,72,587143,1823,3284296,3157,350000,4980,3634296,6891,5448.43,17789448,0
"2022-06-03",1171,7245745,890,6324325,47,587190,2055,3286351,3477,353477,5532,3639828,7640,5305.71,17797088,0
"2022-06-04",728,7246473,583,6324908,26,587216,1546,3287897,1894,355371,3440,3643268,4777,5260.14,17801865,0
"2022-06-05",449,7246922,298,6325206,1,587217,879,3288776,978,356349,1857,3645125,2605,5263.29,17804470,0
"2022-06-06",1127,7248049,826,6326032,64,587281,1752,3290528,2726,359075,4478,3649603,6495,6128.43,17810965,0
"2022-06-07",1030,7249079,767,6326799,70,587351,1766,3292294,2554,361629,4320,3653923,6187,6005.57,17817152,0
"2022-06-08",1097,7250176,835,6327634,75,587426,1868,3294162,2729,364358,4597,3658520,6604,5885.57,17823756,0
"2022-06-09",1146,7251322,839,6328473,61,587487,2214,3296376,2681,367039,4895,3663415,6941,5892.71,17830697,0
"2022-06-10",1055,7252377,820,6329293,75,587562,1879,3298255,2811,369850,4690,3668105,6640,5749.86,17837337,0
"2022-06-11",683,7253060,507,6329800,25,587587,1317,3299572,1502,371352,2819,3670924,4034,5643.71,17841371,0
"2022-06-12",351,7253411,285,6330085,20,587607,880,3300452,768,372120,1648,3672572,2304,5600.71,17843675,0
"2022-06-13",1038,7254449,766,6330851,63,587670,1567,3302019,2175,374295,3742,3676314,5609,5474.14,17849284,0
"2022-06-14",945,7255394,817,6331668,55,587725,1661,3303680,2487,376782,4148,3680462,5965,5442.43,17855249,0
"2022-06-15",980,7256374,854,6332522,39,587764,1642,3305322,2400,379182,4042,3684504,5915,5344,17861164,0
"2022-06-16",945,7257319,777,6333299,59,587823,1809,3307131,2345,381527,4154,3688658,5935,5200.29,17867099,0
"2022-06-17",903,7258222,793,6334092,45,587868,1746,3308877,2386,383913,4132,3692790,5873,5090.71,17872972,0
"2022-06-18",665,7258887,521,6334613,26,587894,1274,3310151,1291,385204,2565,3695355,3777,5054,17876749,0
"2022-06-19",353,7259240,236,6334849,16,587910,725,3310876,603,385807,1328,3696683,1933,5001,17878682,0
"2022-06-20",838,7260078,489,6335338,41,587951,1562,3312438,1611,387418,3173,3699856,4541,4848.43,17883223,0
"2022-06-21",1137,7261215,728,6336066,50,588001,1675,3314113,2121,389539,3796,3703652,5711,4812.14,17888934,0
"2022-06-22",1970,7263185,817,6336883,46,588047,1682,3315795,1981,391520,3663,3707315,6496,4895.14,17895430,0
"2022-06-23",2120,7265305,750,6337633,64,588111,1689,3317484,2140,393660,3829,3711144,6763,5013.43,17902193,0
"2022-06-24",2173,7267478,756,6338389,48,588159,1618,3319102,2134,395794,3752,3714896,6729,5135.71,17908922,0
"2022-06-25",2140,7269618,487,6338876,15,588174,1232,3320334,1133,396927,2365,3717261,5007,5311.43,17913929,0
"2022-06-26",1214,7270832,247,6339123,14,588188,679,3321013,530,397457,1209,3718470,2684,5418.71,17916613,0
"2022-06-27",1529,7272361,648,6339771,60,588248,1452,3322465,1601,399058,3053,3721523,5290,5525.71,17921903,0
"2022-06-28",1690,7274051,828,6340599,53,588301,1845,3324310,2122,401180,3967,3725490,6538,5643.86,17928441,0
"2022-06-29",1834,7275885,764,6341363,48,588349,1677,3325987,1913,403093,3590,3729080,6236,5606.71,17934677,0
"2022-06-30",1852,7277737,799,6342162,46,588395,1726,3327713,2090,405183,3816,3732896,6513,5571,17941190,0
"2022-07-01",1577,7279314,590,6342752,25,588420,1381,3329094,1716,406899,3097,3735993,5289,5365.29,17946479,0
"2022-07-02",972,7280286,378,6343130,18,588438,830,3329924,924,407823,1754,3737747,3122,5096,17949601,0
"2022-07-03",529,7280815,205,6343335,7,588445,459,3330383,484,408307,943,3738690,1684,4953.14,17951285,0
"2022-07-04",35,7280850,26,6343361,1,588446,30,3330413,38,408345,68,3738758,130,4216,17951415,0
"2022-07-05",1274,7282124,748,6344109,35,588481,1390,3331803,1731,410076,3121,3741879,5178,4021.71,17956593,0
"2022-07-06",1601,7283725,674,6344783,44,588525,1420,3333223,1810,411886,3230,3745109,5549,3923.57,17962142,0
"2022-07-07",1571,7285296,712,6345495,48,588573,1511,3334734,1980,413866,3491,3748600,5822,3824.86,17967964,0
"2022-07-08",1617,7286913,642,6346137,37,588610,1460,3336194,1957,415823,3417,3752017,5713,3885.43,17973677,0
"2022-07-09",979,7287892,408,6346545,25,588635,875,3337069,1337,417160,2212,3754229,3624,3957.14,17977301,0
"2022-07-10",643,7288535,184,6346729,17,588652,425,3337494,658,417818,1083,3755312,1927,3991.86,17979228,0
"2022-07-11",1379,7289914,627,6347356,49,588701,1419,3338913,2189,420007,3608,3758920,5663,4782.29,17984891,0
"2022-07-12",1394,7291308,683,6348039,45,588746,1384,3340297,2489,422496,3873,3762793,5995,4899,17990886,0
"2022-07-13",1595,7292903,718,6348757,36,588782,1477,3341774,2766,425262,4243,3767036,6592,5048,17997478,0
"2022-07-14",1568,7294471,830,6349587,47,588829,1581,3343355,3037,428299,4618,3771654,7063,5225.29,18004541,0
"2022-07-15",1595,7296066,914,6350501,44,588873,1545,3344900,3027,431326,4572,3776226,7125,5427,18011666,0
"2022-07-16",874,7296940,574,6351075,9,588882,967,3345867,1683,433009,2650,3778876,4107,5496,18015773,0
"2022-07-17",546,7297486,291,6351366,16,588898,529,3346396,1163,434172,1692,3780568,2545,5584.29,18018318,0
"2022-07-18",1384,7298870,834,6352200,45,588943,1415,3347811,2416,436588,3831,3784399,6094,5645.86,18024412,0
"2022-07-19",1426,7300296,965,6353165,51,588994,1526,3349337,2763,439351,4289,3788688,6731,5751,18031143,0
"2022-07-20",1361,7301657,1455,6354620,50,589044,1324,3350661,2341,441692,3665,3792353,6531,5742.29,18037674,0
"2022-07-21",1328,7302985,1418,6356038,45,589089,1374,3352035,2325,444017,3699,3796052,6490,5660.43,18044164,0
"2022-07-22",1417,7304402,1542,6357580,39,589128,1533,3353568,2818,446835,4351,3800403,7349,5692.43,18051513,0
"2022-07-23",903,7305305,1087,6358667,16,589144,987,3354555,1541,448376,2528,3802931,4534,5753.43,18056047,0
"2022-07-24",489,7305794,638,6359305,14,589158,498,3355053,798,449174,1296,3804227,2437,5738,18058484,0
"2022-07-25",1205,7306999,762,6360067,56,589214,1249,3356302,2034,451208,3283,3807510,5306,5625.43,18063790,0
"2022-07-26",1204,7308203,1007,6361074,39,589253,1441,3357743,2382,453590,3823,3811333,6073,5531.43,18069863,0
"2022-07-27",1297,7309500,1255,6362329,40,589293,1370,3359113,2149,455739,3519,3814852,6111,5471.43,18075974,0
"2022-07-28",1285,7310785,1391,6363720,68,589361,1389,3360502,2152,457891,3541,3818393,6285,5442.14,18082259,0
"2022-07-29",1303,7312088,1406,6365126,65,589426,1319,3361821,2083,459974,3402,3821795,6176,5274.57,18088435,0
"2022-07-30",718,7312806,713,6365839,23,589449,777,3362598,931,460905,1708,3823503,3162,5078.57,18091597,0
"2022-07-31",414,7313220,586,6366425,13,589462,485,3363083,568,461473,1053,3824556,2066,5025.57,18093663,0
"2022-08-01",1200,7314420,891,6367316,54,589516,1301,3364384,1457,462930,2758,3827314,4903,4968,18098566,0
"2022-08-02",1201,7315621,998,6368314,71,589587,1310,3365694,1562,464492,2872,3830186,5142,4835,18103708,0
"2022-08-03",1228,7316849,1144,6369458,36,589623,1290,3366984,1405,465897,2695,3832881,5103,4691,18108811,120000
"2022-08-04",1141,7317990,1130,6370588,47,589670,1206,3368190,1316,467213,2522,3835403,4840,4484.57,18113651,120000
"2022-08-05",1249,7319239,1373,6371961,39,589709,1255,3369445,1303,468516,2558,3837961,5219,4347.86,18118870,120000
"2022-08-06",639,7319878,809,6372770,10,589719,718,3370163,688,469204,1406,3839367,2864,4305.29,18121734,120000
"2022-08-07",383,7320261,447,6373217,12,589731,414,3370577,330,469534,744,3840111,1586,4236.71,18123320,120000
"2022-08-08",1106,7321367,871,6374088,56,589787,1159,3371736,1067,470601,2226,3842337,4259,4144.71,18127579,120000
"2022-08-09",422,7321789,377,6374465,11,589798,429,3372165,476,471077,905,3843242,1715,3655.14,18129294,120000
