"DATE","ADMIN_DOSE1_DAILY","ADMIN_DOSE1_CUMULATIVE","ADMIN_DOSE2_DAILY","ADMIN_DOSE2_CUMULATIVE","ADMIN_SINGLE_DAILY","ADMIN_SINGLE_CUMULATIVE","ADMIN_ADDITIONAL1_DAILY","ADMIN_ADDITIONAL1_CUMULATIVE","ADMIN_ADDITIONAL2_DAILY","ADMIN_ADDITIONAL2_CUMULATIVE","ADMIN_ADDITIONAL_DAILY","ADMIN_ADDITIONAL_CUMULATIVE","ADMIN_BIVALENT_ADDITIONAL_DAILY","ADMIN_BIVALENT_ADDITIONAL_CUMULATIVE","ADMIN_ALLDOSES_DAILY","ADMIN_ALLDOSES_7DAYAVG","ADMIN_ALLDOSES_CUMULATIVE","ADMIN_ALLDOSES_PRIMARY","INCOMPLETE"
2020-12-14,79,79,0,0,2,2,0,0,0,0,0,0,0,0,81,,81,81,0
2020-12-15,2052,2131,7,7,5,7,0,0,0,0,0,0,0,0,2064,,2145,2145,0
2020-12-16,4604,6735,17,24,4,11,1,1,0,0,1,1,0,0,4626,,6771,6770,0
2020-12-17,4661,11396,18,42,2,13,1,2,0,0,1,2,0,0,4682,,11453,11451,0
2020-12-18,5834,17230,22,64,2,15,2,4,0,0,2,4,0,0,5860,,17313,17309,0
2020-12-19,1688,18918,9,73,3,18,0,4,0,0,0,4,0,0,1700,,19013,19009,0
2020-12-20,1118,20036,2,75,1,19,0,4,0,0,0,4,0,0,1121,2876.29,20134,20130,0
2020-12-21,6391,26427,23,98,0,19,4,8,0,0,4,8,0,0,6418,3781.57,26552,26544,0
2020-12-22,9766,36193,28,126,2,21,1,9,0,0,1,9,0,0,9797,4886.29,36349,36340,0
2020-12-23,14274,50467,39,165,3,24,0,9,0,0,0,9,0,0,14316,6270.57,50665,50656,0
2020-12-24,7170,57637,28,193,1,25,0,9,0,0,0,9,0,0,7199,6630.14,57864,57855,0
2020-12-25,180,57817,0,193,0,25,1,10,0,0,1,10,0,0,181,5818.86,58045,58035,0
2020-12-26,4391,62208,48,241,0,25,1,11,0,0,1,11,0,0,4440,6210.29,62485,62474,0
2020-12-27,3869,66077,15,256,0,25,1,12,0,0,1,12,0,0,3885,6605.14,66370,66358,0
2020-12-28,10990,77067,52,308,1,26,3,15,0,0,3,15,0,0,11046,7266.29,77416,77401,0
2020-12-29,10712,87779,37,345,2,28,3,18,0,0,3,18,0,0,10754,7403,88170,88152,0
2020-12-30,12820,100599,45,390,0,28,0,18,0,0,0,18,0,0,12865,7195.71,101035,101017,0
2020-12-31,7258,107857,38,428,1,29,0,18,0,0,0,18,0,0,7297,7209.71,108332,108314,0
2021-01-01,178,108035,2,430,1,30,3,21,0,0,3,21,0,0,184,7210.14,108516,108495,0
2021-01-02,3810,111845,10,440,3,33,2,23,0,0,2,23,0,0,3825,7122.29,112341,112318,0
2021-01-03,3543,115388,25,465,2,35,1,24,0,0,1,24,0,0,3571,7077.43,115912,115888,0
2021-01-04,12250,127638,811,1276,2,37,7,31,0,0,7,31,0,0,13070,7366.57,128982,128951,0
2021-01-05,14086,141724,2198,3474,2,39,14,45,1,1,15,46,0,0,16301,8159,145283,145237,0
2021-01-06,17794,159518,3929,7403,1,40,33,78,8,9,41,87,0,0,21765,9430.43,167048,166961,0
2021-01-07,16538,176056,5185,12588,4,44,47,125,3,12,50,137,0,0,21777,11499,188825,188688,0
2021-01-08,16609,192665,5464,18052,0,44,37,162,5,17,42,179,0,0,22115,14632,210940,210761,0
2021-01-09,7648,200313,1464,19516,1,45,8,170,2,19,10,189,0,0,9123,15388.86,220063,219874,0
2021-01-10,7879,208192,979,20495,0,45,14,184,0,19,14,203,0,0,8872,16146.14,228935,228732,0
2021-01-11,25809,234001,7463,27958,2,47,58,242,6,25,64,267,0,0,33338,19041.57,262273,262006,0
2021-01-12,28240,262241,7868,35826,1,48,46,288,4,29,50,317,0,0,36159,21878.43,298432,298115,0
2021-01-13,31698,293939,9423,45249,1,49,61,349,5,34,66,383,0,0,41188,24653.14,339620,339237,0
2021-01-14,35794,329733,5306,50555,1,50,33,382,7,41,40,423,0,0,41141,27419.43,380761,380338,0
2021-01-15,29248,358981,3714,54269,2,52,33,415,6,47,39,462,0,0,33003,28974.86,413764,413302,0
2021-01-16,30257,389238,2398,56667,0,52,25,440,6,53,31,493,0,0,32686,32341,446450,445957,0
2021-01-17,23724,412962,1647,58314,0,52,20,460,1,54,21,514,0,0,25392,34701,471842,471328,0
2021-01-18,27078,440040,2429,60743,0,52,37,497,7,61,44,558,0,0,29552,34160.14,501394,500836,0
2021-01-19,34267,474307,9643,70386,1,53,73,570,8,69,81,639,0,0,43992,35279.14,545386,544747,0
2021-01-20,34844,509151,9505,79891,1,54,63,633,3,72,66,705,0,0,44416,35740.29,589802,589097,0
2021-01-21,25573,534724,8097,87988,2,56,56,689,5,77,61,766,0,0,33733,34682,623535,622769,0
2021-01-22,24739,559463,4389,92377,1,57,31,720,7,84,38,804,0,0,29167,34134,652702,651898,0
2021-01-23,15731,575194,3228,95605,0,57,12,732,2,86,14,818,0,0,18973,32175,671675,670857,0
2021-01-24,7169,582363,3459,99064,0,57,20,752,1,87,21,839,0,0,10649,30068.86,682324,681485,0
2021-01-25,13391,595754,11830,110894,0,57,71,823,14,101,85,924,0,0,25306,29462.29,707630,706706,0
2021-01-26,16746,612500,10763,121657,0,57,69,892,4,105,74,998,0,0,27583,27118.14,735213,734216,0
2021-01-27,20818,633318,12355,134012,0,57,56,948,9,114,65,1063,0,0,33240,25521.57,768453,767391,0
2021-01-28,30724,664042,12861,146873,0,57,87,1035,16,130,103,1166,0,0,43691,26944.14,812144,810979,0
2021-01-29,31665,695707,11515,158388,0,57,85,1120,11,141,96,1262,0,0,43276,28959.71,855420,854159,0
2021-01-30,18706,714413,3743,162131,0,57,23,1143,2,143,26,1288,0,0,22475,29460,877895,876609,0
2021-01-31,13005,727418,2931,165062,1,58,28,1171,5,148,33,1321,0,0,15970,30220.14,893865,892546,0
2021-02-01,1180,728598,5399,170461,4,62,38,1209,4,152,42,1363,0,0,6625,27551.43,900490,899129,0
2021-02-02,2823,731421,9442,179903,2,64,54,1263,3,155,57,1420,0,0,12324,25371.57,912814,911396,0
2021-02-03,16341,747762,21234,201137,4,68,216,1479,22,177,238,1658,0,0,37817,26025.43,950631,948975,0
2021-02-04,27031,774793,19652,220789,3,71,213,1692,10,187,223,1881,0,0,46909,26485.14,997540,995661,0
2021-02-05,27575,802368,20029,240818,0,71,196,1888,17,204,214,2095,0,0,47818,27134,1045358,1043266,0
2021-02-06,22971,825339,11251,252069,0,71,117,2005,14,218,131,2226,0,0,34353,28830.86,1079711,1077488,0
2021-02-07,12029,837368,8285,260354,1,72,98,2103,12,230,111,2337,0,0,20426,29467.43,1100137,1097804,0
2021-02-08,16932,854300,23529,283883,2,74,241,2344,37,267,279,2616,0,0,40742,34341.29,1140879,1138268,0
2021-02-09,17183,871483,28088,311971,2,76,360,2704,42,309,405,3021,0,0,45678,39106.14,1186557,1183544,0
2021-02-10,19576,891059,29304,341275,2,78,275,2979,52,361,330,3351,0,0,49213,40734.14,1235770,1232430,0
2021-02-11,27827,918886,33455,374730,2,80,357,3336,59,420,416,3767,0,0,61702,42847.43,1297472,1293716,0
2021-02-12,38346,957232,30810,405540,3,83,367,3703,42,462,410,4177,0,0,69569,45954.71,1367041,1362876,0
2021-02-13,27979,985211,25317,430857,2,85,315,4018,59,521,375,4552,0,0,53674,48714.86,1420715,1416176,0
2021-02-14,16257,1001468,23722,454579,0,85,281,4299,35,556,316,4868,0,0,40295,51553.29,1461010,1456155,0
2021-02-15,12788,1014256,10525,465104,2,87,182,4481,24,580,207,5075,0,0,23522,49093.29,1484532,1479471,0
2021-02-16,14229,1028485,26703,491807,0,87,345,4826,44,624,390,5465,0,0,41322,48471,1525854,1520404,0
2021-02-17,16376,1044861,22193,514000,1,88,290,5116,42,666,332,5797,0,0,38902,46998,1564756,1558974,0
2021-02-18,12132,1056993,24982,538982,21,109,307,5423,48,714,355,6152,0,0,37490,43539.14,1602246,1596109,0
2021-02-19,13236,1070229,23923,562905,38,147,317,5740,49,763,366,6518,0,0,37563,38966.86,1639809,1633306,0
2021-02-20,11339,1081568,26068,588973,7,154,343,6083,79,842,424,6942,0,0,37839,36704.71,1677648,1670723,0
2021-02-21,6345,1087913,17411,606384,15,169,305,6388,46,888,352,7294,0,0,24123,34394.43,1701771,1694495,0
2021-02-22,13040,1100953,11834,618218,2,171,134,6522,22,910,156,7450,0,0,25032,34610.14,1726803,1719371,0
2021-02-23,25223,1126176,14151,632369,1,172,168,6690,35,945,204,7654,0,0,39580,34361.29,1766383,1758748,0
2021-02-24,36321,1162497,20405,652774,0,172,234,6924,43,988,278,7932,0,0,57004,36947.29,1823387,1815475,0
2021-02-25,54510,1217007,30455,683229,6,178,415,7339,66,1054,482,8414,0,0,85453,43799.14,1908840,1900447,0
2021-02-26,62785,1279792,31901,715130,4,182,430,7769,79,1133,512,8926,0,0,95202,52033.29,2004042,1995140,0
2021-02-27,51254,1331046,22754,737884,47,229,358,8127,54,1187,413,9339,0,0,74468,57266,2078510,2069196,0
2021-02-28,44544,1375590,13855,751739,7,236,207,8334,37,1224,244,9583,0,0,58650,62198.43,2137160,2127602,0
2021-03-01,39300,1414890,12783,764522,10,246,173,8507,24,1248,197,9780,0,0,52290,66092.43,2189450,2179695,0
2021-03-02,47072,1461962,12576,777098,7,253,160,8667,17,1265,177,9957,0,0,59832,68985.57,2249282,2239350,0
2021-03-03,48589,1510551,16151,793249,17,270,157,8824,23,1288,180,10137,0,0,64937,70118.86,2314219,2304107,0
2021-03-04,59793,1570344,22819,816068,1092,1362,277,9101,37,1325,316,10453,0,0,84020,69914.14,2398239,2387813,0
2021-03-05,60943,1631287,24289,840357,3107,4469,342,9443,37,1362,381,10834,0,0,88720,68988.14,2486959,2476154,0
2021-03-06,47143,1678430,18887,859244,5451,9920,247,9690,42,1404,289,11123,0,0,71770,68602.71,2558729,2547635,0
2021-03-07,36019,1714449,14880,874124,6244,16164,242,9932,23,1427,267,11390,0,0,57410,68425.57,2616139,2604780,0
2021-03-08,39601,1754050,14687,888811,8555,24719,325,10257,92,1519,422,11812,0,0,63265,69993.43,2679404,2667628,0
2021-03-09,39080,1793130,12858,901669,7759,32478,188,10445,36,1555,225,12037,0,0,59922,70006.29,2739326,2727326,0
2021-03-10,51804,1844934,15368,917037,5064,37542,230,10675,34,1589,266,12303,0,0,72502,71087,2811828,2799564,0
2021-03-11,59958,1904892,21825,938862,4618,42160,261,10936,48,1637,311,12614,0,0,86712,71471.57,2898540,2885967,0
2021-03-12,52169,1957061,30304,969166,4182,46342,391,11327,89,1726,480,13094,0,0,87135,71245.14,2985675,2972622,0
2021-03-13,40634,1997695,26682,995848,5109,51451,338,11665,55,1781,393,13487,0,0,72819,71395,3058494,3045048,0
2021-03-14,30695,2028390,15970,1011818,4522,55973,256,11921,28,1809,286,13773,0,0,51474,70547,3109968,3096238,0
2021-03-15,33577,2061967,17260,1029078,4702,60675,244,12165,33,1842,277,14050,0,0,55816,69482.86,3165784,3151777,0
2021-03-16,38656,2100623,20514,1049592,4923,65598,270,12435,36,1878,307,14357,0,0,64400,70122.57,3230184,3215871,0
2021-03-17,42597,2143220,24787,1074379,4242,69840,354,12789,42,1920,397,14754,0,0,72023,70054.14,3302207,3287498,0
2021-03-18,50404,2193624,26809,1101188,5224,75064,392,13181,65,1985,457,15211,0,0,82894,69508.71,3385101,3369935,0
2021-03-19,47758,2241382,29965,1131153,5622,80686,411,13592,75,2060,486,15697,0,0,83832,69036.86,3468933,3453281,0
2021-03-20,38689,2280071,25832,1156985,4681,85367,314,13906,60,2120,375,16072,0,0,69577,68573.71,3538510,3522484,0
2021-03-21,29281,2309352,19355,1176340,769,86136,233,14139,45,2165,278,16350,0,0,49683,68317.86,3588193,3571889,0
2021-03-22,33849,2343201,26753,1203093,4037,90173,261,14400,37,2202,299,16649,0,0,64939,69621.14,3653132,3636530,0
2021-03-23,38413,2381614,32848,1235941,4213,94386,307,14707,54,2256,365,17014,0,0,75839,71255.29,3728971,3712008,0
2021-03-24,41469,2423083,37614,1273555,4843,99229,341,15048,64,2320,408,17422,0,0,84334,73014,3813305,3795937,0
2021-03-25,43383,2466466,50779,1324334,5050,104279,497,15545,89,2409,590,18012,0,0,99802,75429.43,3913107,3895153,0
2021-03-26,38480,2504946,55495,1379829,4307,108586,546,16091,108,2517,658,18670,0,0,98940,77587.71,4012047,3993439,0
2021-03-27,35715,2540661,45741,1425570,2938,111524,440,16531,88,2605,529,19199,0,0,84923,79780,4096970,4077834,0
2021-03-28,26372,2567033,34446,1460016,1481,113005,351,16882,67,2672,422,19621,0,0,62721,81642.57,4159691,4140137,0
2021-03-29,34798,2601831,38857,1498873,3243,116248,367,17249,115,2787,483,20104,0,0,77381,83420,4237072,4217036,0
2021-03-30,40481,2642312,41925,1540798,3712,119960,353,17602,65,2852,419,20523,0,0,86537,84948.29,4323609,4303155,0
2021-03-31,49363,2691675,44874,1585672,7438,127398,425,18027,88,2940,513,21036,0,0,102188,87498.86,4425797,4404830,0
2021-04-01,50756,2742431,53942,1639614,11272,138670,519,18546,85,3025,608,21644,0,0,116578,89895.43,4542375,4520804,0
2021-04-02,43749,2786180,53865,1693479,11964,150634,567,19113,72,3097,644,22288,0,0,110222,91507.14,4652597,4630387,0
2021-04-03,39234,2825414,39206,1732685,9859,160493,353,19466,61,3158,415,22703,0,0,88714,92048.71,4741311,4718687,0
2021-04-04,26547,2851961,24779,1757464,3902,164395,232,19698,50,3208,282,22985,0,0,55510,91018.57,4796821,4773915,0
2021-04-05,41857,2893818,34476,1791940,11193,175588,396,20094,62,3270,459,23444,0,0,87985,92533.43,4884806,4861442,0
2021-04-06,53236,2947054,35612,1827552,13213,188801,453,20547,79,3349,533,23977,0,0,102594,94827.29,4987400,4963504,0
2021-04-07,55470,3002524,40706,1868258,14386,203187,418,20965,82,3431,502,24479,0,0,111064,96095.29,5098464,5074068,0
2021-04-08,59232,3061756,46578,1914836,16335,219522,548,21513,89,3520,638,25117,0,0,122783,96981.71,5221247,5196214,0
2021-04-09,56622,3118378,44946,1959782,17555,237077,545,22058,80,3600,630,25747,0,0,119753,98343.29,5341000,5315342,0
2021-04-10,49326,3167704,35641,1995423,12716,249793,407,22465,62,3662,473,26220,0,0,98156,99692.14,5439156,5413029,0
2021-04-11,38154,3205858,28827,2024250,7679,257472,303,22768,61,3723,365,26585,0,0,75025,102480,5514181,5487690,0
2021-04-12,46616,3252474,31835,2056085,13493,270965,479,23247,69,3792,548,27133,0,0,92492,103123.86,5606673,5579634,0
2021-04-13,52528,3305002,33793,2089878,369,271334,412,23659,64,3856,477,27610,0,0,87167,100920,5693840,5666325,0
2021-04-14,50129,3355131,39951,2129829,20,271354,378,24037,80,3936,459,28069,0,0,90559,97990.71,5784399,5756426,0
2021-04-15,52103,3407234,43687,2173516,16,271370,466,24503,107,4043,578,28647,0,0,96385,94219.57,5880784,5852238,0
2021-04-16,51172,3458406,42199,2215715,32,271402,452,24955,75,4118,530,29177,0,0,93933,90531,5974717,5945644,0
2021-04-17,43821,3502227,35688,2251403,3,271405,379,25334,86,4204,467,29644,0,0,79979,87934.29,6054696,6025158,0
2021-04-18,28594,3530821,29361,2280764,7,271412,268,25602,66,4270,335,29979,0,0,58297,85544.57,6112993,6083121,0
2021-04-19,37440,3568261,36449,2317213,21,271433,345,25947,71,4341,418,30397,0,0,74328,82949.71,6187321,6157033,0
2021-04-20,40787,3609048,39624,2356837,19,271452,322,26269,84,4425,407,30804,0,0,80837,82045.43,6268158,6237464,0
2021-04-21,38872,3647920,46027,2402864,17,271469,510,26779,99,4524,610,31414,0,0,85526,81326.43,6353684,6322381,0
2021-04-22,38473,3686393,48956,2451820,9,271478,354,27133,80,4604,436,31850,0,0,87875,80110.71,6441559,6409822,0
2021-04-23,39679,3726072,44385,2496205,3,271481,364,27497,76,4680,442,32292,0,0,84509,78764.43,6526068,6493891,0
2021-04-24,31921,3757993,41600,2537805,44,271525,288,27785,67,4747,356,32648,0,0,73921,77899,6599989,6567457,0
2021-04-25,18411,3776404,31215,2569020,87,271612,207,27992,61,4808,268,32916,0,0,49981,76711,6649970,6617170,0
2021-04-26,26954,3803358,40716,2609736,1012,272624,309,28301,95,4903,409,33325,0,0,69091,75962.86,6719061,6685857,0
2021-04-27,28548,3831906,47129,2656865,1696,274320,377,28678,99,5002,481,33806,0,0,77854,75536.71,6796915,6763235,0
2021-04-28,27007,3858913,56836,2713701,2146,276466,459,29137,103,5105,565,34371,0,0,86554,75683.57,6883469,6849227,0
2021-04-29,28583,3887496,57202,2770903,2150,278616,378,29515,103,5208,483,34854,0,0,88418,75761.14,6971887,6937164,0
2021-04-30,30098,3917594,51991,2822894,2059,280675,296,29811,75,5283,372,35226,0,0,84521,75762.86,7056408,7021314,0
2021-05-01,22473,3940067,44534,2867428,1177,281852,237,30048,68,5351,307,35533,0,0,68491,74987.14,7124899,7089500,0
2021-05-02,11916,3951983,36636,2904064,1081,282933,156,30204,57,5408,215,35748,0,0,49848,74968.14,7174747,7139135,0
2021-05-03,18006,3969989,53017,2957081,2380,285313,271,30475,94,5502,367,36115,0,0,73772,75636.86,7248519,7212542,0
2021-05-04,22723,3992712,56642,3013723,2331,287644,275,30750,118,5620,394,36509,0,0,82091,76242.14,7330610,7294240,0
2021-05-05,21469,4014181,48758,3062481,2313,289957,318,31068,104,5724,423,36932,0,0,72964,74300.71,7403574,7366782,0
2021-05-06,20669,4034850,50177,3112658,2508,292465,283,31351,91,5815,378,37310,0,0,73732,72202.71,7477306,7440140,0
2021-05-07,21230,4056080,52104,3164762,2812,295277,321,31672,81,5896,403,37713,0,0,76549,71063.86,7553855,7516287,0
2021-05-08,16616,4072696,41864,3206626,1834,297111,240,31912,72,5968,312,38025,0,0,60626,69940.29,7614481,7576601,0
2021-05-09,7967,4080663,29403,3236029,1260,298371,158,32070,56,6024,214,38239,0,0,38844,68368.29,7653325,7615231,0
2021-05-10,14371,4095034,38522,3274551,2356,300727,253,32323,94,6118,351,38590,0,0,55601,65772.43,7708926,7670485,0
2021-05-11,19893,4114927,43056,3317607,2512,303239,296,32619,89,6207,390,38980,0,0,65852,63452.57,7774778,7735952,0
2021-05-12,17810,4132737,40531,3358138,3595,306834,245,32864,82,6289,327,39307,0,0,62263,61923.86,7837041,7797888,0
2021-05-13,24944,4157681,40425,3398563,3229,310063,275,33139,81,6370,358,39665,0,0,68957,61241.71,7905998,7866489,0
2021-05-14,27002,4184683,42944,3441507,3535,313598,278,33417,95,6465,375,40040,0,0,73856,60857,7979854,7939972,0
2021-05-15,23637,4208320,34921,3476428,3364,316962,262,33679,75,6540,338,40378,0,0,62260,61090.43,8042114,8001895,0
2021-05-16,15513,4223833,19460,3495888,2496,319458,123,33802,47,6587,171,40549,0,0,37640,60918.43,8079754,8039365,0
2021-05-17,22659,4246492,29139,3525027,3252,322710,191,33993,72,6659,263,40812,0,0,55313,60877.29,8135067,8094415,0
2021-05-18,24611,4271103,31902,3556929,3402,326112,249,34242,84,6743,333,41145,0,0,60248,60076.71,8195315,8154330,0
2021-05-19,24170,4295273,29729,3586658,3040,329152,234,34476,51,6794,286,41431,0,0,57225,59357,8252540,8211270,0
2021-05-20,24132,4319405,30103,3616761,3163,332315,276,34752,89,6883,370,41801,0,0,57768,57758.57,8310308,8268673,0
2021-05-21,24663,4344068,32004,3648765,3057,335372,253,35005,63,6946,319,42120,0,0,60043,55785.29,8370351,8328400,0
2021-05-22,20008,4364076,24373,3673138,2523,337895,171,35176,48,6994,220,42340,0,0,47124,53623,8417475,8375305,0
2021-05-23,11223,4375299,13735,3686873,1411,339306,95,35271,32,7026,129,42469,0,0,26498,52031.29,8443973,8401676,0
2021-05-24,18857,4394156,23166,3710039,2757,342063,221,35492,55,7081,279,42748,0,0,45059,50566.43,8489032,8446459,0
2021-05-25,19415,4413571,23384,3733423,2601,344664,179,35671,59,7140,238,42986,0,0,45638,48479.29,8534670,8491859,0
2021-05-26,18772,4432343,21087,3754510,2698,347362,206,35877,51,7191,259,43245,0,0,42816,46420.86,8577486,8534418,0
2021-05-27,18451,4450794,21283,3775793,2530,349892,185,36062,62,7253,248,43493,0,0,42512,44241.43,8619998,8576683,0
2021-05-28,17852,4468646,22877,3798670,2751,352643,192,36254,59,7312,252,43745,0,0,43732,41911.29,8663730,8620164,0
2021-05-29,12701,4481347,17816,3816486,1755,354398,107,36361,39,7351,147,43892,0,0,32419,39810.57,8696149,8652437,0
2021-05-30,7025,4488372,8951,3825437,1074,355472,49,36410,16,7367,65,43957,0,0,17115,38470.14,8713264,8669487,0
2021-05-31,4739,4493111,6922,3832359,1011,356483,66,36476,18,7385,84,44041,0,0,12756,33855.43,8726020,8682159,0
2021-06-01,16044,4509155,25190,3857549,2177,358660,159,36635,43,7428,206,44247,0,0,43617,33566.71,8769637,8725574,0
2021-06-02,15351,4524506,20401,3877950,2095,360755,141,36776,47,7475,188,44435,0,0,38035,32883.71,8807672,8763421,0
2021-06-03,14993,4539499,23824,3901774,2280,363035,134,36910,45,7520,181,44616,0,0,41278,32707.43,8848950,8804520,0
2021-06-04,14706,4554205,26004,3927778,2492,365527,153,37063,42,7562,196,44812,0,0,43399,32659.86,8892349,8847724,0
2021-06-05,10979,4565184,22103,3949881,1806,367333,117,37180,29,7591,147,44959,0,0,35035,33033.57,8927384,8882613,0
2021-06-06,6443,4571627,14483,3964364,1222,368555,92,37272,12,7603,105,45064,0,0,22253,33767.57,8949637,8904762,0
2021-06-07,11695,4583322,21780,3986144,2378,370933,146,37418,38,7641,187,45251,0,0,36040,37093.86,8985677,8940618,0
2021-06-08,12623,4595945,24018,4010162,2071,373004,128,37546,46,7687,175,45426,0,0,38887,36418.14,9024564,8979331,0
2021-06-09,11123,4607068,23024,4033186,2300,375304,142,37688,43,7730,187,45613,0,0,36634,36218,9061198,9015780,0
2021-06-10,12054,4619122,22234,4055420,2461,377765,147,37835,63,7793,210,45823,0,0,36960,35601.14,9098158,9052530,0
2021-06-11,12691,4631813,25128,4080548,2483,380248,162,37997,63,7856,226,46049,0,0,40528,35191,9138686,9092833,0
2021-06-12,10158,4641971,19318,4099866,1888,382136,97,38094,45,7901,144,46193,0,0,31508,34687.14,9170194,9124199,0
2021-06-13,4249,4646220,10938,4110804,1219,383355,42,38136,21,7922,63,46256,0,0,16471,33861.14,9186665,9140607,0
2021-06-14,10199,4656419,19242,4130046,2040,385395,135,38271,53,7975,188,46444,0,0,31669,33236.71,9218334,9172088,0
2021-06-15,11880,4668299,21014,4151060,1942,387337,133,38404,41,8016,176,46620,0,0,35013,32683.29,9253347,9206927,0
2021-06-16,11581,4679880,19401,4170461,1956,389293,152,38556,74,8090,226,46846,0,0,33164,32187.57,9286511,9239865,0
2021-06-17,11016,4690896,18760,4189221,1973,391266,132,38688,35,8125,169,47015,0,0,31918,31467.29,9318429,9271616,0
2021-06-18,12165,4703061,18493,4207714,2115,393381,121,38809,37,8162,159,47174,0,0,32933,30382.29,9351362,9304391,0
2021-06-19,8490,4711551,13516,4221230,1459,394840,92,38901,22,8184,114,47288,0,0,23579,29249.57,9374941,9327856,0
2021-06-20,4333,4715884,7160,4228390,924,395764,37,38938,16,8200,53,47341,0,0,12470,28678,9387411,9340273,0
2021-06-21,10152,4726036,10014,4238404,1806,397570,73,39011,28,8228,102,47443,0,0,22074,27307.29,9409485,9362246,0
2021-06-22,9829,4735865,15644,4254048,1588,399158,108,39119,29,8257,137,47580,0,0,27198,26190.86,9436683,9389307,0
2021-06-23,10304,4746169,15186,4269234,1862,401020,105,39224,31,8288,137,47717,0,0,27489,25380.14,9464172,9416660,0
2021-06-24,9677,4755846,14704,4283938,1798,402818,124,39348,27,8315,153,47870,0,0,26332,24582.14,9490504,9442841,0
2021-06-25,10584,4766430,14381,4298319,1720,404538,120,39468,39,8354,159,48029,0,0,26844,23712.29,9517348,9469526,0
2021-06-26,7798,4774228,10465,4308784,1249,405787,79,39547,23,8377,103,48132,0,0,19615,23146,9536963,9489039,0
2021-06-27,4996,4779224,6003,4314787,795,406582,34,39581,15,8392,50,48182,0,0,11844,23056.57,9548807,9500834,0
2021-06-28,9030,4788254,10350,4325137,1526,408108,110,39691,26,8418,137,48319,0,0,21043,22909.29,9569850,9521741,0
2021-06-29,9728,4797982,12333,4337470,1347,409455,126,39817,34,8452,161,48480,0,0,23569,22390.86,9593419,9545150,0
2021-06-30,9424,4807406,10933,4348403,1486,410941,151,39968,18,8470,172,48652,0,0,22015,21608.86,9615434,9566996,0
2021-07-01,9391,4816797,10927,4359330,1434,412375,132,40100,25,8495,159,48811,0,0,21911,20977.29,9637345,9588750,0
2021-07-02,9688,4826485,11457,4370787,1541,413916,119,40219,21,8516,140,48951,0,0,22827,20403.43,9660172,9611437,0
2021-07-03,7058,4833543,8423,4379210,1192,415108,79,40298,17,8533,96,49047,0,0,16769,19996.86,9676941,9628110,0
2021-07-04,1286,4834829,1335,4380545,567,415675,11,40309,3,8536,14,49061,0,0,3202,18762.29,9680143,9631298,0
2021-07-05,6491,4841320,7108,4387653,1207,416882,67,40376,22,8558,89,49150,0,0,14895,17884,9695038,9646104,0
2021-07-06,9507,4850827,12854,4400507,1315,418197,117,40493,38,8596,156,49306,0,0,23832,17921.57,9718870,9669781,0
2021-07-07,8661,4859488,11107,4411614,1418,419615,129,40622,21,8617,150,49456,0,0,21336,17824.57,9740206,9690967,0
2021-07-08,8216,4867704,10189,4421803,1258,420873,112,40734,23,8640,137,49593,0,0,19800,17523,9760006,9710632,0
2021-07-09,8370,4876074,10832,4432635,1280,422153,92,40826,20,8660,112,49705,0,0,20594,17204,9780600,9731114,0
2021-07-10,7098,4883172,8636,4441271,1131,423284,67,40893,21,8681,89,49794,0,0,16954,17230.43,9797554,9747980,0
2021-07-11,4104,4887276,4540,4445811,701,423985,38,40931,6,8687,44,49838,0,0,9389,18114.29,9806943,9757325,0
2021-07-12,8446,4895722,9563,4455374,1251,425236,85,41016,23,8710,108,49946,0,0,19368,18753.29,9826311,9776585,0
2021-07-13,9457,4905179,9395,4464769,952,426188,109,41125,36,8746,147,50093,0,0,19951,18198.86,9846262,9796391,0
2021-07-14,8991,4914170,9533,4474302,1010,427198,111,41236,22,8768,137,50230,0,0,19671,17961,9865933,9815929,0
2021-07-15,8790,4922960,9155,4483457,1052,428250,85,41321,20,8788,106,50336,0,0,19103,17861.43,9885036,9834927,0
2021-07-16,9247,4932207,9765,4493222,980,429230,104,41425,29,8817,133,50469,0,0,20125,17794.43,9905161,9854919,0
2021-07-17,6838,4939045,7389,4500611,803,430033,80,41505,21,8838,101,50570,0,0,15131,17534,9920292,9869949,0
2021-07-18,4253,4943298,4284,4504895,575,430608,37,41542,14,8852,51,50621,0,0,9163,17501.71,9929455,9879061,0
2021-07-19,9118,4952416,8487,4513382,999,431607,93,41635,22,8874,116,50737,0,0,18720,17409.14,9948175,9897666,0
2021-07-20,10639,4963055,8762,4522144,991,432598,96,41731,25,8899,122,50859,0,0,20514,17489.57,9968689,9918059,0
2021-07-21,10050,4973105,8775,4530919,904,433502,149,41880,33,8932,182,51041,0,0,19911,17523.86,9988600,9937788,0
2021-07-22,10686,4983791,8584,4539503,1046,434548,146,42026,27,8959,174,51215,0,0,20490,17722,10009090,9958105,0
2021-07-23,11243,4995034,8888,4548391,1114,435662,140,42166,23,8982,165,51380,0,0,21410,17905.57,10030500,9979352,0
2021-07-24,7400,5002434,6741,4555132,670,436332,82,42248,26,9008,109,51489,0,0,14920,17875.43,10045420,9994164,0
2021-07-25,5470,5007904,2130,4557262,509,436841,58,42306,4,9012,62,51551,0,0,8171,17733.71,10053591,10002273,0
2021-07-26,10865,5018769,7010,4564272,856,437697,113,42419,20,9032,133,51684,0,0,18864,17754.29,10072455,10021004,0
2021-07-27,12059,5030828,8574,4572846,856,438553,140,42559,41,9073,182,51866,0,0,21671,17919.57,10094126,10042494,0
2021-07-28,12004,5042832,8058,4580904,950,439503,137,42696,29,9102,167,52033,0,0,21179,18100.71,10115305,10063507,0
2021-07-29,10924,5053756,7437,4588341,983,440486,139,42835,41,9143,184,52217,0,0,19528,17963.29,10134833,10082855,0
2021-07-30,14945,5068701,8013,4596354,1151,441637,188,43023,33,9176,223,52440,0,0,24332,18380.71,10159165,10106966,0
2021-07-31,9718,5078419,6324,4602678,815,442452,122,43145,20,9196,143,52583,0,0,17000,18677.86,10176165,10123824,0
2021-08-01,6497,5084916,3313,4605991,564,443016,81,43226,22,9218,103,52686,0,0,10477,19007.29,10186642,10134198,0
2021-08-02,13448,5098364,7154,4613145,845,443861,150,43376,19,9237,169,52855,0,0,21616,19400.43,10208258,10155645,0
2021-08-03,15401,5113765,8393,4621538,1109,444970,145,43521,39,9276,185,53040,0,0,25088,19888.57,10233346,10180549,0
2021-08-04,17253,5131018,8136,4629674,1454,446424,183,43704,36,9312,219,53259,0,0,27062,20729,10260408,10207392,0
2021-08-05,17880,5148898,7935,4637609,1371,447795,162,43866,22,9334,184,53443,0,0,27370,21849.29,10287778,10234578,0
2021-08-06,18169,5167067,8422,4646031,1230,449025,171,44037,32,9366,203,53646,0,0,28024,22376.71,10315802,10262399,0
2021-08-07,13376,5180443,6019,4652050,800,449825,105,44142,29,9395,134,53780,0,0,20329,22852.29,10336131,10282594,0
2021-08-08,9309,5189752,3834,4655884,400,450225,84,44226,10,9405,94,53874,0,0,13637,23303.71,10349768,10296137,0
2021-08-09,21334,5211086,8529,4664413,965,451190,178,44404,34,9439,213,54087,0,0,31041,24650.14,10380809,10326966,0
2021-08-10,18946,5230032,9333,4673746,946,452136,180,44584,33,9472,214,54301,0,0,29439,25271.71,10410248,10356192,0
2021-08-11,15642,5245674,8312,4682058,853,452989,132,44716,46,9518,179,54480,0,0,24986,24975.14,10435234,10381000,0
2021-08-12,15048,5260722,8989,4691047,942,453931,179,44895,37,9555,218,54698,0,0,25197,24664.71,10460431,10405981,0
2021-08-13,14912,5275634,9292,4700339,919,454850,248,45143,39,9594,288,54986,0,0,25412,24291.57,10485843,10431106,0
2021-08-14,10392,5286026,6412,4706751,625,455475,537,45680,41,9635,581,55567,0,0,18010,23960.29,10503853,10448538,0
2021-08-15,6687,5292713,4484,4711235,676,456151,568,46248,33,9668,605,56172,0,0,12452,23791,10516305,10460389,0
2021-08-16,15697,5308410,9312,4720547,1149,457300,1330,47578,66,9734,1401,57573,0,0,27559,23293.57,10543864,10486552,0
2021-08-17,17754,5326164,10457,4731004,1229,458529,1779,49357,85,9819,1879,59452,0,0,31319,23562.14,10575183,10516007,0
2021-08-18,17478,5343642,10382,4741386,1262,459791,2003,51360,91,9910,2105,61557,0,0,31227,24453.71,10606410,10545140,0
2021-08-19,16284,5359926,9530,4750916,1315,461106,1962,53322,69,9979,2045,63602,0,0,29174,25021.86,10635584,10572283,0
2021-08-20,16261,5376187,11542,4762458,1252,462358,1869,55191,89,10068,1972,65574,0,0,31027,25824,10666611,10601352,0
2021-08-21,11141,5387328,8039,4770497,878,463236,1069,56260,53,10121,1129,66703,0,0,21187,26277.86,10687798,10621417,0
2021-08-22,4076,5391404,3902,4774399,261,463497,520,56780,33,10154,557,67260,0,0,8796,25755.57,10696594,10629660,0
2021-08-23,15570,5406974,11811,4786210,1022,464519,1553,58333,77,10231,1643,68903,0,0,30047,26111,10726641,10658077,0
2021-08-24,16905,5423879,12598,4798808,1007,465526,1777,60110,82,10313,1867,70770,0,0,32377,26262.14,10759018,10688595,0
2021-08-25,14559,5438438,12456,4811264,1112,466638,1571,61681,83,10396,1669,72439,0,0,29796,26057.71,10788814,10716737,0
2021-08-26,16142,5454580,14101,4825365,1070,467708,1781,63462,71,10467,1864,74303,0,0,33177,26629.57,10821991,10748062,0
2021-08-27,14867,5469447,14828,4840193,971,468679,1678,65140,76,10543,1761,76064,0,0,32427,26829.57,10854418,10778735,0
2021-08-28,10673,5480120,11525,4851718,835,469514,1022,66162,47,10590,1070,77134,0,0,24103,27246.14,10878521,10801769,0
2021-08-29,7207,5487327,7501,4859219,541,470055,782,66944,58,10648,849,77983,0,0,16098,28289.29,10894619,10817027,0
2021-08-30,15508,5502835,16933,4876152,1076,471131,1800,68744,94,10742,1902,79885,0,0,35419,29056.71,10930038,10850552,0
2021-08-31,15496,5518331,15963,4892115,952,472083,1983,70727,90,10832,2083,81968,0,0,34494,29359.14,10964532,10882973,0
2021-09-01,14822,5533153,14113,4906228,1020,473103,1815,72542,62,10894,1887,83855,0,0,31842,29651.43,10996374,10912938,0
2021-09-02,14307,5547460,12525,4918753,896,473999,1718,74260,65,10959,1799,85654,0,0,29527,29130,11025901,10940682,0
2021-09-03,14993,5562453,14315,4933068,974,474973,1902,76162,73,11032,1981,87635,0,0,32263,29106.57,11058164,10970970,0
2021-09-04,9640,5572093,9405,4942473,688,475661,981,77143,34,11066,1021,88656,0,0,20754,28628.14,11078918,10990709,0
2021-09-05,6790,5578883,5512,4947985,438,476099,720,77863,18,11084,739,89395,0,0,13479,28254,11092397,11003450,0
2021-09-06,5195,5584078,4511,4952496,358,476457,274,78137,11,11095,287,89682,0,0,10351,24672.86,11102748,11013516,0
2021-09-07,15556,5599634,17700,4970196,912,477369,1563,79700,95,11190,1666,91348,0,0,35834,24864.29,11138582,11047692,0
2021-09-08,16145,5615779,14829,4985025,1069,478438,1786,81486,84,11274,1881,93229,0,0,33924,25161.71,11172506,11079746,0
2021-09-09,16093,5631872,14759,4999784,1048,479486,1922,83408,78,11352,2011,95240,0,0,33911,25788,11206417,11111657,0
2021-09-10,18346,5650218,15402,5015186,1207,480693,1983,85391,82,11434,2072,97312,0,0,37027,26468.57,11243444,11146619,0
2021-09-11,12625,5662843,10351,5025537,958,481651,1035,86426,50,11484,1091,98403,0,0,25025,27078.71,11268469,11170559,0
2021-09-12,8532,5671375,5053,5030590,765,482416,694,87120,32,11516,727,99130,0,0,15077,27307,11283546,11184910,0
2021-09-13,16918,5688293,12968,5043558,976,483392,1662,88782,52,11568,1724,100854,0,0,32586,30483.43,11316132,11215782,0
2021-09-14,16257,5704550,13678,5057236,887,484279,1604,90386,57,11625,1673,102527,0,0,32495,30006.43,11348627,11246616,0
2021-09-15,15508,5720058,12898,5070134,727,485006,1575,91961,85,11710,1669,104196,0,0,30802,29560.43,11379429,11275758,0
2021-09-16,15323,5735381,13922,5084056,1209,486215,1472,93433,68,11778,1547,105743,0,0,32001,29287.57,11411430,11306219,0
2021-09-17,14424,5749805,13952,5098008,922,487137,1850,95283,60,11838,1912,107655,0,0,31210,28456.57,11442640,11335519,0
2021-09-18,9983,5759788,10189,5108197,913,488050,1056,96339,42,11880,1102,108757,0,0,22187,28051.14,11464827,11356608,0
2021-09-19,6168,5765956,6076,5114273,558,488608,750,97089,28,11908,783,109540,0,0,13585,27838,11478412,11369415,0
2021-09-20,12658,5778614,12634,5126907,1068,489676,1929,99018,62,11970,2000,111540,0,0,28361,27234.43,11506773,11395785,0
2021-09-21,12216,5790830,12769,5139676,1108,490784,2037,101055,83,12053,2136,113676,0,0,28229,26625,11535002,11421894,0
2021-09-22,12813,5803643,12010,5151686,1089,491873,1691,102746,70,12123,1767,115443,0,0,27679,26178.86,11562681,11447812,0
2021-09-23,14915,5818558,12770,5164456,1639,493512,2274,105020,76,12199,2357,117800,0,0,31681,26133.14,11594362,11477143,0
2021-09-24,16599,5835157,13366,5177822,1636,495148,4631,109651,128,12327,4777,122577,0,0,36378,26871.43,11630740,11508762,0
2021-09-25,10519,5845676,9034,5186856,1017,496165,3462,113113,84,12411,3562,126139,0,0,24132,27149.29,11654872,11529348,0
2021-09-26,6286,5851962,5769,5192625,773,496938,2423,115536,63,12474,2498,128637,0,0,15326,27398,11670198,11542188,0
2021-09-27,14126,5866088,8066,5200691,1155,498093,9087,124623,165,12639,9301,137938,0,0,32649,28010.57,11702847,11565585,0
2021-09-28,11099,5877187,11790,5212481,901,498994,9936,134559,186,12825,10161,148099,0,0,33951,28828,11736798,11589414,0
2021-09-29,11586,5888773,12196,5224677,1204,500198,9463,144022,177,13002,9674,157773,0,0,34660,29825.29,11771458,11614434,0
2021-09-30,12210,5900983,12611,5237288,1337,501535,9768,153790,184,13186,9986,167759,0,0,36144,30462.86,11807602,11640626,0
2021-10-01,12610,5913593,13430,5250718,1284,502819,10295,164085,158,13344,10491,178250,0,0,37815,30668.14,11845417,11667988,0
2021-10-02,7714,5921307,9983,5260701,865,503684,4249,168334,82,13426,4355,182605,0,0,22917,30494.57,11868334,11686574,0
2021-10-03,5054,5926361,6158,5266859,593,504277,2624,170958,60,13486,2694,185299,1,1,14500,30376.57,11882834,11698389,0
2021-10-04,9895,5936256,11017,5277876,914,505191,9542,180500,151,13637,9729,195028,0,1,31555,30220.29,11914389,11720251,0
2021-10-05,10130,5946386,11734,5289610,972,506163,9962,190462,181,13818,10186,205214,1,2,33023,30087.71,11947412,11743130,0
2021-10-06,9864,5956250,11051,5300661,937,507100,9956,200418,163,13981,10156,215370,0,2,32009,29709,11979421,11765020,0
2021-10-07,9591,5965841,12154,5312815,850,507950,10184,210602,182,14163,10400,225770,0,2,32995,29259.14,12012416,11787649,0
2021-10-08,9425,5975266,12182,5324997,940,508890,10927,221529,166,14329,11132,236902,0,2,33679,28668.29,12046095,11810235,0
2021-10-09,6224,5981490,8241,5333238,643,509533,4131,225660,91,14420,4239,241141,0,2,19347,28158.29,12065442,11825360,0
2021-10-10,3529,5985019,5028,5338266,458,509991,2439,228099,48,14468,2495,243636,0,2,11510,27731.14,12076952,11834383,0
2021-10-11,7586,5992605,9341,5347607,728,510719,8910,237009,167,14635,9101,252737,0,2,26756,27045.57,12103708,11852062,0
2021-10-12,8042,6000647,10998,5358605,891,511610,10539,247548,188,14823,10768,263505,0,2,30699,26713.57,12134407,11872034,0
2021-10-13,7123,6007770,10148,5368753,869,512479,8817,256365,185,15008,9032,272537,0,2,27172,26022.57,12161579,11890204,0
2021-10-14,7402,6015172,11115,5379868,837,513316,10137,266502,170,15178,10347,282884,0,2,29701,25552,12191280,11909598,0
2021-10-15,7701,6022873,11859,5391727,823,514139,10862,277364,176,15354,11071,293955,0,2,31454,25234.14,12222734,11930014,0
2021-10-16,4853,6027726,7466,5399193,665,514804,3854,281218,67,15421,3933,297888,0,2,16917,24887,12239651,11943010,0
2021-10-17,3047,6030773,4469,5403662,411,515215,2463,283681,45,15466,2515,300403,0,2,10442,24734.43,12250093,11950944,0
2021-10-18,7013,6037786,10672,5414334,797,516012,9501,293182,188,15654,9723,310126,0,2,28205,24941.43,12278298,11969460,0
2021-10-19,6545,6044331,8945,5423279,803,516815,9109,302291,182,15836,9332,319458,1,3,25626,24216.71,12303924,11985794,0
2021-10-20,6512,6050843,9373,5432652,975,517790,10005,312296,180,16016,10224,329682,2,5,27085,24204.29,12331009,12002692,0
2021-10-21,7002,6057845,9385,5442037,857,518647,10875,323171,159,16175,11069,340751,1,6,28314,24006.14,12359323,12019971,0
2021-10-22,8074,6065919,10345,5452382,1025,519672,16375,339546,230,16405,16660,357411,0,6,36104,24670.43,12395427,12039470,0
2021-10-23,5148,6071067,6453,5458835,690,520362,9141,348687,116,16521,9278,366689,0,6,21569,25335,12416996,12051782,0
2021-10-24,3246,6074313,3967,5462802,766,521128,6177,354864,82,16603,6285,372974,0,6,14264,25881,12431260,12059787,0
2021-10-25,8879,6083192,8746,5471548,1152,522280,19289,374153,306,16909,19668,392642,0,6,38445,27343.86,12469705,12078637,0
2021-10-26,8143,6091335,7724,5479272,1258,523538,17319,391472,283,17192,17672,410314,0,6,34797,28654,12504502,12095832,0
2021-10-27,10493,6101828,8392,5487664,1604,525142,20899,412371,334,17526,21305,431619,0,6,41794,30755.29,12546296,12116393,0
2021-10-28,11255,6113083,8027,5495691,1793,526935,20908,433279,330,17856,21307,452926,0,6,42382,32765,12588678,12137537,0
2021-10-29,11798,6124881,8226,5503917,1967,528902,22579,455858,357,18213,23009,475935,1,7,45002,34036.14,12633680,12159602,0
2021-10-30,4592,6129473,5062,5508979,932,529834,11206,467064,168,18381,11414,487349,0,7,22000,34097.71,12655680,12170228,0
2021-10-31,2643,6132116,2699,5511678,544,530378,6652,473716,107,18488,6782,494131,1,8,12668,33869.71,12668348,12176136,0
2021-11-01,7063,6139179,6954,5518632,1085,531463,20434,494150,343,18831,20838,514969,1,9,35941,33512,12704289,12191299,0
2021-11-02,6520,6145699,6587,5525219,1055,532518,20823,514973,282,19113,21183,536152,0,9,35346,33590.43,12739635,12205540,0
2021-11-03,6779,6152478,6675,5531894,1025,533543,20689,535662,316,19429,21083,557235,0,9,35564,32700.43,12775199,12220099,0
2021-11-04,9248,6161726,6275,5538169,995,534538,22431,558093,355,19784,22869,580104,0,9,39387,32272.57,12814586,12236700,0
2021-11-05,11011,6172737,6717,5544886,1049,535587,23815,581908,361,20145,24260,604364,0,9,43037,31991.86,12857623,12255561,0
2021-11-06,11136,6183873,4051,5548937,593,536180,12615,594523,180,20325,12832,617196,0,9,28612,32936.43,12886235,12271378,0
2021-11-07,7222,6191095,2287,5551224,577,536757,7124,601647,99,20424,7239,624435,0,9,17325,33601.71,12903560,12281480,0
2021-11-08,15014,6206109,5678,5556902,862,537619,19544,621191,291,20715,19902,644337,1,10,41457,34389.71,12945017,12303101,0
2021-11-09,16097,6222206,5383,5562285,658,538277,20565,641756,283,20998,20930,665267,0,10,43068,35492.86,12988085,12325321,0
2021-11-10,16856,6239062,5321,5567606,682,538959,22723,664479,297,21295,23091,688358,0,10,45950,36976.57,13034035,12348251,0
2021-11-11,12482,6251544,5188,5572794,760,539719,22162,686641,297,21592,22528,710886,0,10,40958,37201,13074993,12366750,0
2021-11-12,16818,6268362,5683,5578477,705,540424,23488,710129,361,21953,23927,734813,1,11,47134,37786.29,13122127,12390034,0
2021-11-13,9913,6278275,3660,5582137,464,540888,13370,723499,186,22139,13600,748413,0,11,27637,37647,13149764,12404115,0
2021-11-14,5976,6284251,2285,5584422,324,541212,7959,731458,83,22222,8063,756476,0,11,16648,37550.29,13166412,12412721,0
2021-11-15,13166,6297417,5974,5590396,688,541900,25183,756641,370,22592,25632,782108,0,11,45460,38122.14,13211872,12432628,0
2021-11-16,9869,6307286,5777,5596173,652,542552,30742,787383,447,23039,31269,813377,0,11,47569,38765.14,13259441,12449008,0
2021-11-17,10197,6317483,6669,5602842,680,543232,31522,818905,432,23471,32044,845421,0,11,49590,39285.14,13309031,12466644,0
2021-11-18,10625,6328108,6523,5609365,854,544086,33129,852034,475,23946,33701,879122,0,11,51703,40820.14,13360734,12484743,0
2021-11-19,11891,6339999,6549,5615914,707,544793,36372,888406,476,24422,36939,916061,0,11,56086,42099,13416820,12503981,0
2021-11-20,9275,6349274,3413,5619327,512,545305,22581,910987,265,24687,22898,938959,0,11,36098,43307.71,13452918,12517233,0
2021-11-21,4889,6354163,1886,5621213,288,545593,13253,924240,157,24844,13435,952394,1,12,20499,43857.86,13473417,12524321,0
2021-11-22,10315,6364478,5782,5626995,748,546341,36028,960268,454,25298,36575,988969,0,12,53420,44995,13526837,12541259,0
2021-11-23,9671,6374149,4779,5631774,632,546973,33621,993889,393,25691,34086,1023055,0,12,49169,45223.57,13576006,12556414,0
2021-11-24,8610,6382759,4746,5636520,648,547621,26002,1019891,293,25984,26366,1049421,1,13,40371,43906.57,13616377,12570489,0
2021-11-25,447,6383206,329,5636849,80,547701,1004,1020895,9,25993,1013,1050434,0,13,1869,36787.43,13618246,12571345,0
2021-11-26,7987,6391193,7005,5643854,528,548229,26656,1047551,312,26305,27025,1077459,0,13,42545,34853,13660791,12586922,0
2021-11-27,6635,6397828,6861,5650715,370,548599,18897,1066448,229,26534,19164,1096623,0,13,33031,34414.86,13693822,12600827,0
2021-11-28,4026,6401854,5791,5656506,279,548878,11945,1078393,124,26658,12090,1108713,0,13,22186,34655.86,13716008,12610944,0
2021-11-29,8991,6410845,11016,5667522,684,549562,35163,1113556,462,27120,35704,1144417,1,14,56396,35081,13772404,12631714,0
2021-11-30,10390,6421235,11445,5678967,510,550072,37888,1151444,508,27628,38509,1182926,0,14,60854,36750.29,13833258,12654172,0
2021-12-01,11052,6432287,10981,5689948,724,550796,40497,1191941,444,28072,41039,1223965,0,14,63798,40097,13897056,12677029,0
2021-12-02,11513,6443800,11054,5701002,625,551421,42349,1234290,476,28548,42923,1266888,0,14,66115,49275,13963171,12700319,0
2021-12-03,13334,6457134,12912,5713914,665,552086,48122,1282412,549,29097,48774,1315662,1,15,75686,54009.43,14038857,12727333,0
2021-12-04,9740,6466874,11321,5725235,564,552650,30774,1313186,314,29411,31142,1346804,0,15,52767,56828.86,14091624,12749012,0
2021-12-05,5691,6472565,5703,5730938,270,552920,16714,1329900,134,29545,16884,1363688,0,15,28549,57737.86,14120173,12760713,0
2021-12-06,12201,6484766,9991,5740929,599,553519,43389,1373289,474,30019,43956,1407644,0,15,66748,59216.71,14186921,12783598,0
2021-12-07,12471,6497237,9259,5750188,623,554142,43202,1416491,525,30544,43818,1451462,0,15,66171,59976.29,14253092,12806042,0
2021-12-08,13427,6510664,8779,5758967,555,554697,40922,1457413,499,31043,41503,1492965,0,15,64264,60042.86,14317356,12828885,0
2021-12-09,13365,6524029,8758,5767725,551,555248,40980,1498393,507,31550,41586,1534551,0,15,64261,59778,14381617,12851659,0
2021-12-10,13925,6537954,10161,5777886,666,555914,43820,1542213,545,32095,44453,1579004,0,15,69205,58852.14,14450822,12876499,0
2021-12-11,10192,6548146,8154,5786040,405,556319,26780,1568993,293,32388,27123,1606127,0,15,45875,57867.57,14496697,12895301,0
2021-12-12,5970,6554116,3856,5789896,287,556606,15207,1584200,139,32527,15371,1621498,0,15,25484,57429.71,14522181,12905439,0
2021-12-13,12097,6566213,7437,5797333,655,557261,38040,1622240,408,32935,38532,1660030,0,15,58721,56283,14580902,12925712,0
2021-12-14,12132,6578345,6947,5804280,730,557991,38288,1660528,457,33392,38813,1698843,0,15,58623,55204.71,14639525,12945590,0
2021-12-15,11978,6590323,6247,5810527,754,558745,38288,1698816,500,33892,38869,1737712,0,15,57849,54288.29,14697374,12964651,0
2021-12-16,13059,6603382,4265,5814792,737,559482,41250,1740066,476,34368,41801,1779513,0,15,59862,53659.86,14757236,12982787,0
2021-12-17,15820,6619202,6946,5821738,617,560099,46956,1787022,490,34858,47543,1827056,0,15,70926,53905.71,14828162,13006267,0
2021-12-18,12932,6632134,5732,5827470,432,560531,30711,1817733,282,35140,31050,1858106,1,16,50146,54515.86,14878308,13025419,0
2021-12-19,6956,6639090,2994,5830464,326,560857,18059,1835792,181,35321,18271,1876377,0,16,28547,54953.43,14906855,13035726,0
2021-12-20,16698,6655788,5855,5836319,745,561602,47658,1883450,587,35908,48326,1924703,0,16,71624,56796.71,14978479,13059105,0
2021-12-21,17826,6673614,6579,5842898,806,562408,49075,1932525,613,36521,49767,1974470,0,16,74979,59133.29,15053458,13084396,0
2021-12-22,18468,6692082,6554,5849452,938,563346,49845,1982370,552,37073,50478,2024948,1,17,76439,61789,15129897,13110437,0
2021-12-23,18928,6711010,6489,5855941,929,564275,46029,2028399,545,37618,46640,2071588,0,17,72986,63663.86,15202883,13136849,0
2021-12-24,9179,6720189,2958,5858899,598,564873,20660,2049059,213,37831,20908,2092496,0,17,33643,58337.71,15236526,13149619,0
2021-12-25,342,6720531,63,5858962,31,564904,427,2049486,8,37839,436,2092932,0,17,872,51298.57,15237398,13150056,0
2021-12-26,7911,6728442,3933,5862895,341,565245,17321,2066807,179,38018,17531,2110463,0,17,29716,51465.57,15267114,13162272,0
2021-12-27,21696,6750138,9213,5872108,934,566179,43570,2110377,574,38592,44217,2154680,0,17,76060,52099.29,15343174,13194188,0
2021-12-28,20044,6770182,8345,5880453,700,566879,47714,2158091,630,39222,48433,2203113,0,17,77522,52462.57,15420696,13223366,0
2021-12-29,18421,6788603,7674,5888127,606,567485,45703,2203794,499,39721,46277,2249390,0,17,72978,51968.14,15493674,13250142,0
2021-12-30,16806,6805409,7444,5895571,588,568073,44943,2248737,602,40323,45634,2295024,0,17,70473,51609.14,15564147,13275070,0
2021-12-31,5340,6810749,2819,5898390,193,568266,14800,2263537,189,40512,15011,2310035,0,17,23363,50140.57,15587510,13283444,0
2022-01-01,244,6810993,149,5898539,12,568278,504,2264041,36,40548,544,2310579,0,17,949,50151.57,15588459,13283853,0
2022-01-02,6402,6817395,5020,5903559,153,568431,11011,2275052,111,40659,11137,2321716,0,17,22712,49151,15611171,13295443,0
2022-01-03,14068,6831463,8525,5912084,515,568946,27039,2302091,352,41011,27435,2349151,2,19,50545,45506,15661716,13318595,0
2022-01-04,12764,6844227,8129,5920213,414,569360,27319,2329410,373,41384,27751,2376902,12,31,49067,41441,15710783,13339958,0
2022-01-05,11279,6855506,7034,5927247,386,569746,26038,2355448,318,41702,26401,2403303,0,31,45101,37458.57,15755884,13358703,0
2022-01-06,11303,6866809,7400,5934647,485,570231,27687,2383135,360,42062,28099,2431402,2,33,47288,34146.43,15803172,13377942,0
2022-01-07,10110,6876919,8456,5943103,339,570570,25249,2408384,333,42395,25616,2457018,0,33,44522,37169.14,15847694,13396882,0
2022-01-08,7640,6884559,8604,5951707,311,570881,19647,2428031,193,42588,19857,2476875,0,33,36413,42235.43,15884107,13413455,0
2022-01-09,4099,6888658,3844,5955551,214,571095,10086,2438117,98,42686,10195,2487070,1,34,18355,41613,15902462,13421625,0
2022-01-10,10130,6898788,8202,5963753,490,571585,24656,2462773,310,42996,25017,2512087,1,35,43839,40655,15946301,13440497,0
2022-01-11,8828,6907616,7990,5971743,522,572107,21085,2483858,298,43294,21427,2533514,0,35,38771,39184.14,15985072,13457885,0
2022-01-12,8885,6916501,8333,5980076,427,572534,22412,2506270,294,43588,22741,2556255,1,36,40388,38510.86,16025460,13475566,0
2022-01-13,8978,6925479,8871,5988947,451,572985,22966,2529236,342,43930,23346,2579601,1,37,41649,37705.29,16067109,13493906,0
2022-01-14,10052,6935531,8128,5997075,474,573459,26493,2555729,344,44274,26879,2606480,0,37,45533,37849.71,16112642,13512602,0
2022-01-15,6182,6941713,4319,6001394,180,573639,15173,2570902,186,44460,15382,2621862,0,37,26063,36371.14,16138705,13523306,0
2022-01-16,2887,6944600,3251,6004645,95,573734,7845,2578747,89,44549,7944,2629806,0,37,14178,35774.43,16152883,13529550,0
2022-01-17,6032,6950632,6760,6011405,363,574097,14727,2593474,224,44773,14970,2644776,0,37,28125,33529.57,16181008,13542724,0
2022-01-18,8108,6958740,10327,6021732,393,574490,19714,2613188,331,45104,20076,2664852,0,37,38904,33548.57,16219912,13561583,0
2022-01-19,7401,6966141,9264,6030996,303,574793,17764,2630952,285,45389,18082,2682934,1,38,35051,32786.14,16254963,13578584,0
2022-01-20,6219,6972360,8569,6039565,305,575098,15308,2646260,257,45646,15592,2698526,0,38,30686,31220,16285649,13593705,0
2022-01-21,7507,6979867,7524,6047089,276,575374,18555,2664815,294,45940,18874,2717400,1,39,34181,29598.29,16319830,13609036,0
2022-01-22,5171,6985038,4953,6052042,132,575506,11344,2676159,133,46073,11502,2728902,0,39,21758,28983.29,16341588,13619317,0
2022-01-23,2777,6987815,3338,6055380,97,575603,6251,2682410,78,46151,6337,2735239,0,39,12549,28750.57,16354137,13625537,0
2022-01-24,6317,6994132,8216,6063596,262,575865,15103,2697513,255,46406,15385,2750624,0,39,30181,29044.29,16384318,13640360,0
2022-01-25,6133,7000265,7959,6071555,230,576095,14743,2712256,294,46700,15071,2765695,0,39,29393,27685.57,16413711,13654716,0
2022-01-26,5708,7005973,7189,6078744,288,576383,14045,2726301,226,46926,14299,2779994,0,39,27484,26604.57,16441195,13667929,0
2022-01-27,5204,7011177,7100,6085844,320,576703,14123,2740424,243,47169,14405,2794399,0,39,27029,26082.14,16468224,13680592,0
2022-01-28,6208,7017385,7884,6093728,205,576908,16167,2756591,244,47413,16434,2810833,1,40,30732,25589.43,16498956,13694912,0
2022-01-29,834,7018219,729,6094457,28,576936,2543,2759134,40,47453,2586,2813419,0,40,4177,23077.86,16503133,13696506,0
2022-01-30,2071,7020290,3025,6097482,103,577039,4557,2763691,64,47517,4625,2818044,0,40,9824,22688.57,16512957,13701709,0
2022-01-31,4970,7025260,6598,6104080,219,577258,11415,2775106,206,47723,11636,2829680,0,40,23423,21723.14,16536380,13713511,0
2022-02-01,4793,7030053,6457,6110537,220,577478,10742,2785848,223,47946,10983,2840663,1,41,22454,20731.86,16558834,13724999,0
2022-02-02,4242,7034295,5938,6116475,212,577690,11261,2797109,244,48190,11523,2852186,0,41,21915,19936.29,16580749,13735409,0
2022-02-03,4199,7038494,5818,6122293,216,577906,11239,2808348,206,48396,11472,2863658,1,42,21706,19175.86,16602455,13745669,0
2022-02-04,4729,7043223,7121,6129414,214,578120,13251,2821599,241,48637,13517,2877175,0,42,25581,18440,16628036,13757758,0
2022-02-05,3552,7046775,6083,6135497,109,578229,8607,2830206,159,48796,8781,2885956,0,42,18525,20489.71,16646561,13767517,0
2022-02-06,2048,7048823,2138,6137635,120,578349,4652,2834858,105,48901,4761,2890717,0,42,9068,20381.71,16655629,13771828,0
2022-02-07,4117,7052940,4751,6142386,205,578554,10153,2845011,238,49139,10416,2901133,0,42,19489,19819.71,16675118,13780926,0
2022-02-08,4181,7057121,5607,6147993,214,578768,11355,2856366,316,49455,11696,2912829,0,42,21698,19711.71,16696816,13790953,0
2022-02-09,4105,7061226,5405,6153398,221,578989,11686,2868052,259,49714,11969,2924798,0,42,21700,19681,16718516,13800708,0
2022-02-10,3961,7065187,5129,6158527,243,579232,12215,2880267,294,50008,12539,2937337,0,42,21872,19704.71,16740388,13810071,0
2022-02-11,4489,7069676,5812,6164339,195,579427,13756,2894023,327,50335,14115,2951452,0,42,24611,19566.14,16764999,13820599,0
2022-02-12,3235,7072911,4354,6168693,97,579524,8826,2902849,219,50554,9056,2960508,0,42,16742,19311.43,16781741,13828296,0
2022-02-13,1509,7074420,1543,6170236,41,579565,4888,2907737,115,50669,5008,2965516,0,42,8101,19173.29,16789842,13831394,0
2022-02-14,2956,7077376,3633,6173869,167,579732,10592,2918329,331,51000,10950,2976466,1,43,17707,18918.71,16807549,13838177,0
2022-02-15,3515,7080891,4073,6177942,174,579906,12806,2931135,292,51292,13114,2989580,0,43,20876,18801.29,16828425,13845955,0
2022-02-16,3610,7084501,3913,6181855,199,580105,15768,2946903,300,51592,16104,3005684,0,43,23826,19105,16852251,13853713,0
2022-02-17,3986,7088487,4082,6185937,162,580267,18370,2965273,376,51968,18776,3024460,0,43,27006,19838.43,16879257,13861973,0
2022-02-18,4423,7092910,4792,6190729,190,580457,21564,2986837,469,52437,22056,3046516,1,44,31462,20817.14,16910719,13871401,0
2022-02-19,3232,7096142,2186,6192915,65,580522,11204,2998041,221,52658,11436,3057952,0,44,16919,20842.43,16927638,13876895,0
2022-02-20,1843,7097985,1446,6194361,59,580581,6599,3004640,115,52773,6721,3064673,0,44,10069,21123.57,16937707,13880250,0
2022-02-21,3070,7101055,2696,6197057,93,580674,8370,3013010,236,53009,8619,3073292,0,44,14478,20662.29,16952185,13886122,0
2022-02-22,4358,7105413,4266,6201323,174,580848,10850,3023860,259,53268,11127,3084419,0,44,19925,20526.43,16972110,13894938,0
2022-02-23,4230,7109643,3792,6205115,145,580993,10695,3034555,242,53510,10955,3095374,1,45,19123,19854.57,16991233,13903123,0
2022-02-24,3778,7113421,3663,6208778,108,581101,10202,3044757,241,53751,10461,3105835,1,46,18011,18569.57,17009244,13910690,0
2022-02-25,3585,7117006,3637,6212415,135,581236,9998,3054755,249,54000,10260,3116095,0,46,17617,16591.71,17026861,13918060,0
2022-02-26,2814,7119820,2592,6215007,73,581309,9529,3064284,161,54161,9699,3125794,0,46,15178,16343,17042039,13923548,0
2022-02-27,1760,7121580,1373,6216380,52,581361,6277,3070561,102,54263,6386,3132180,0,46,9571,16271.86,17051610,13926740,0
2022-02-28,3765,7125345,3138,6219518,140,581501,13158,3083719,258,54521,13440,3145620,0,46,20483,17129.71,17072093,13933807,0
2022-03-01,2114,7127459,2631,6222149,102,581603,5193,3088912,189,54710,5389,3151009,0,46,10236,15745.57,17082329,13938661,0
2022-03-02,1822,7129281,2449,6224598,107,581710,4148,3093060,212,54922,4371,3155380,0,46,8749,14263.57,17091078,13943050,0
2022-03-03,1927,7131208,2562,6227160,106,581816,3808,3096868,171,55093,3993,3159373,0,46,8588,12917.43,17099666,13947659,0
2022-03-04,2111,7133319,2884,6230044,66,581882,4336,3101204,214,55307,4562,3163935,0,46,9623,11775.43,17109289,13952732,0
2022-03-05,1608,7134927,2127,6232171,43,581925,3322,3104526,119,55426,3444,3167379,0,46,7222,10638.86,17116511,13956513,0
2022-03-06,793,7135720,881,6233052,30,581955,1627,3106153,54,55480,1685,3169064,0,46,3389,9755.71,17119900,13958221,0
2022-03-07,1657,7137377,1788,6234840,87,582042,3509,3109662,162,55642,3685,3172749,0,46,7217,7860.57,17127117,13961767,0
2022-03-08,1541,7138918,1898,6236738,80,582122,3130,3112792,154,55796,3296,3176045,0,46,6815,7371.86,17133932,13965298,0
2022-03-09,1260,7140178,1684,6238422,80,582202,2596,3115388,128,55924,2730,3178775,0,46,5754,6944,17139686,13968328,0
2022-03-10,1408,7141586,2096,6240518,85,582287,2975,3118363,165,56089,3150,3181925,0,46,6739,6679.86,17146425,13971927,0
2022-03-11,1595,7143181,2277,6242795,81,582368,3216,3121579,191,56280,3425,3185350,0,46,7378,6359.14,17153803,13975898,0
2022-03-12,875,7144056,1419,6244214,42,582410,2012,3123591,75,56355,2090,3187440,0,46,4426,5959.71,17158229,13978237,0
2022-03-13,624,7144680,757,6244971,28,582438,1292,3124883,49,56404,1344,3188784,0,46,2753,5868.86,17160982,13979649,0
2022-03-14,1358,7146038,1616,6246587,84,582522,3001,3127884,208,56612,3231,3192015,0,46,6289,5736.29,17167271,13982729,0
2022-03-15,1353,7147391,1924,6248511,63,582585,3071,3130955,238,56850,3316,3195331,0,46,6656,5713.57,17173927,13986076,0
2022-03-16,1395,7148786,2060,6250571,94,582679,3148,3134103,296,57146,3460,3198791,0,46,7009,5892.86,17180936,13989641,0
2022-03-17,1191,7149977,1808,6252379,70,582749,2766,3136869,268,57414,3048,3201839,0,46,6117,5804,17187053,13992724,0
2022-03-18,1577,7151554,2223,6254602,79,582828,3779,3140648,422,57836,4207,3206046,1,47,8087,5905.29,17195140,13996609,0
2022-03-19,1102,7152656,1736,6256338,54,582882,2607,3143255,231,58067,2843,3208889,0,47,5735,6092.29,17200875,13999506,0
2022-03-20,604,7153260,630,6256968,33,582915,1470,3144725,186,58253,1660,3210549,0,47,2927,6117.14,17203802,14000777,0
2022-03-21,1411,7154671,1559,6258527,73,582988,3064,3147789,361,58614,3447,3213996,1,48,6491,6146,17210293,14003842,0
2022-03-22,1340,7156011,1553,6260080,101,583089,2907,3150696,350,58964,3267,3217263,0,48,6261,6089.57,17216554,14006846,0
2022-03-23,1256,7157267,1359,6261439,66,583155,2925,3153621,375,59339,3310,3220573,0,48,5991,5944.14,17222545,14009537,0
2022-03-24,1207,7158474,1300,6262739,90,583245,2520,3156141,275,59614,2804,3223377,0,48,5401,5841.86,17227946,14012143,0
2022-03-25,1379,7159853,1638,6264377,62,583307,3269,3159410,386,60000,3668,3227045,0,48,6747,5650.43,17234693,14015235,0
2022-03-26,921,7160774,1169,6265546,36,583343,2311,3161721,254,60254,2573,3229618,0,48,4699,5502.43,17239392,14017369,0
2022-03-27,574,7161348,528,6266074,29,583372,1314,3163035,203,60457,1519,3231137,0,48,2650,5462.86,17242042,14018502,0
2022-03-28,1071,7162419,1169,6267243,69,583441,2445,3165480,367,60824,2830,3233967,0,48,5139,5269.71,17247181,14020829,0
2022-03-29,1043,7163462,1107,6268350,84,583525,2516,3167996,886,61710,3423,3237390,1,49,5657,5183.43,17252838,14023083,0
2022-03-30,1235,7164697,1140,6269490,99,583624,3065,3171061,3411,65121,6566,3243956,0,49,9040,5619,17261878,14025647,0
2022-03-31,1275,7165972,1251,6270741,58,583682,3162,3174223,5534,70655,8834,3252790,0,49,11419,6478.71,17273297,14028370,0
2022-04-01,1421,7167393,1488,6272229,77,583759,3244,3177467,6927,77582,10326,3263116,0,49,13312,7416.57,17286609,14031511,0
2022-04-02,904,7168297,910,6273139,33,583792,2085,3179552,4540,82122,6724,3269840,0,49,8571,7969.71,17295180,14033457,0
2022-04-03,553,7168850,491,6273630,28,583820,1220,3180772,3059,85181,4344,3274184,0,49,5416,8364.86,17300596,14034594,0
2022-04-04,1344,7170194,1299,6274929,62,583882,2724,3183496,7722,92903,10602,3284786,0,49,13307,9531.71,17313903,14037455,0
2022-04-05,1289,7171483,1153,6276082,66,583948,2844,3186340,7501,100404,10523,3295309,0,49,13031,10585.14,17326934,14040141,0
2022-04-06,1328,7172811,1174,6277256,61,584009,2628,3188968,6958,107362,9750,3305059,0,49,12313,11052.71,17339247,14042868,0
2022-04-07,1198,7174009,1061,6278317,57,584066,2377,3191345,6630,113992,9155,3314214,1,50,11472,11060.29,17350719,14045332,0
2022-04-08,1471,7175480,1411,6279728,61,584127,3169,3194514,8790,122782,12158,3326372,0,50,15101,11315.86,17365820,14048474,0
2022-04-09,907,7176387,925,6280653,29,584156,2081,3196595,4959,127741,7126,3333498,0,50,8987,11375.29,17374807,14050421,0
2022-04-10,573,7176960,459,6281112,25,584181,1169,3197764,2901,130642,4134,3337632,0,50,5191,11343.14,17379998,14051542,0
2022-04-11,1305,7178265,1223,6282335,61,584242,2651,3200415,7845,138487,10651,3348283,0,50,13240,11333.57,17393238,14054286,0
2022-04-12,1211,7179476,1054,6283389,73,584315,2515,3202930,7453,145940,10141,3358424,0,50,12479,11254.71,17405717,14056797,0
2022-04-13,1227,7180703,1073,6284462,60,584375,2512,3205442,7550,153490,10216,3368640,0,50,12576,11292.29,17418293,14059311,0
2022-04-14,1259,7181962,1095,6285557,58,584433,2442,3207884,6597,160087,9168,3377808,1,51,11581,11307.86,17429874,14061852,0
2022-04-15,1333,7183295,1093,6286650,53,584486,2553,3210437,6635,166722,9321,3387129,0,51,11800,10836.29,17441674,14064464,0
2022-04-16,853,7184148,652,6287302,34,584520,1641,3212078,3691,170413,5401,3392530,0,51,6940,10543.86,17448614,14066072,0
2022-04-17,345,7184493,201,6287503,27,584547,636,3212714,1159,171572,1819,3394349,0,51,2392,10144,17451006,14066669,0
2022-04-18,1376,7185869,1113,6288616,82,584629,2581,3215295,6417,177989,9141,3403490,0,51,11712,9925.71,17462718,14069383,0
2022-04-19,1406,7187275,933,6289549,71,584700,2570,3217865,5767,183756,8440,3411930,0,51,10850,9693,17473568,14071896,0
2022-04-20,1296,7188571,1150,6290699,66,584766,2712,3220577,6649,190405,9504,3421434,0,51,12016,9613,17485584,14074551,0
2022-04-21,1224,7189795,1061,6291760,53,584819,2340,3222917,5401,195806,7859,3429293,1,52,10198,9415.43,17495782,14077007,0
2022-04-22,1230,7191025,1038,6292798,46,584865,2241,3225158,5784,201590,8140,3437433,0,52,10454,9223.14,17506236,14079436,0
2022-04-23,711,7191736,751,6293549,59,584924,1427,3226585,3353,204943,4847,3442280,0,52,6368,9141.43,17512604,14081024,0
2022-04-24,445,7192181,344,6293893,27,584951,812,3227397,1845,206788,2690,3444970,0,52,3506,9300.57,17516110,14081873,0
2022-04-25,1037,7193218,916,6294809,64,585015,1849,3229246,5095,211883,7058,3452028,0,52,9076,8924,17525186,14084005,0
2022-04-26,946,7194164,856,6295665,76,585091,1748,3230994,4696,216579,6539,3458567,0,52,8417,8576.43,17533603,14085978,0
2022-04-27,1034,7195198,1020,6296685,80,585171,1924,3232918,5219,221798,7264,3465831,0,52,9398,8202.43,17543001,14088233,0
2022-04-28,1079,7196277,986,6297671,50,585221,2005,3234923,4749,226547,6868,3472699,1,53,8985,8029.14,17551986,14090463,0
2022-04-29,1172,7197449,1102,6298773,60,585281,2156,3237079,5435,231982,7711,3480410,0,53,10045,7970.71,17562031,14092917,0
2022-04-30,723,7198172,742,6299515,50,585331,1392,3238471,2965,234947,4407,3484817,0,53,5922,7907,17567953,14094482,0
2022-05-01,445,7198617,366,6299881,20,585351,766,3239237,1656,236603,2454,3487271,0,53,3285,7875.43,17571238,14095345,0
2022-05-02,1044,7199661,790,6300671,52,585403,1674,3240911,3820,240423,5565,3492836,2,55,7452,7643.43,17578690,14097301,0
2022-05-03,1116,7200777,864,6301535,61,585464,1994,3242905,4872,245295,6964,3499800,0,55,9005,7727.43,17587695,14099440,0
2022-05-04,1003,7201780,881,6302416,48,585512,1924,3244829,4679,249974,6698,3506498,0,55,8630,7617.71,17596325,14101467,0
2022-05-05,1070,7202850,952,6303368,86,585598,1928,3246757,4887,254861,6917,3513415,0,55,9025,7623.43,17605350,14103677,0
2022-05-06,1095,7203945,956,6304324,51,585649,1858,3248615,4402,259263,6338,3519753,2,57,8440,7394.14,17613790,14105855,0
2022-05-07,659,7204604,590,6304914,32,585681,1205,3249820,2434,261697,3680,3523433,1,58,4961,7256.86,17618751,14107176,0
2022-05-08,410,7205014,243,6305157,17,585698,664,3250484,1390,263087,2076,3525509,0,58,2746,7179.86,17621497,14107868,0
2022-05-09,1076,7206090,945,6306102,60,585758,1890,3252374,4439,267526,6423,3531932,0,58,8504,7330.14,17630001,14110043,0
2022-05-10,1093,7207183,928,6307030,54,585812,1978,3254352,4722,272248,6809,3538741,0,58,8884,7312.86,17638885,14112227,0
2022-05-11,1083,7208266,972,6308002,44,585856,1941,3256293,4845,277093,6889,3545630,0,58,8988,7364,17647873,14114429,0
2022-05-12,1099,7209365,950,6308952,60,585916,2000,3258293,4668,281761,6770,3552400,0,58,8879,7343.14,17656752,14116640,0
2022-05-13,1153,7210518,1038,6309990,44,585960,2074,3260367,4810,286571,6977,3559377,0,58,9212,7453.43,17665964,14118968,0
2022-05-14,826,7211344,671,6310661,31,585991,1468,3261835,2963,289534,4474,3563851,0,58,6002,7602.14,17671966,14120539,0
2022-05-15,508,7211852,355,6311016,22,586013,924,3262759,1650,291184,2600,3566451,0,58,3485,7707.71,17675451,14121450,0
2022-05-16,1222,7213074,855,6311871,62,586075,1830,3264589,3871,295055,5766,3572217,1,59,7906,7622.29,17683357,14123654,0
2022-05-17,1282,7214356,931,6312802,79,586154,2046,3266635,4900,299955,7040,3579257,1,60,9333,7686.43,17692690,14126040,0
2022-05-18,1233,7215589,898,6313700,82,586236,2064,3268699,4946,304901,7125,3586382,1,61,9339,7736.57,17702029,14128368,0
2022-05-19,1157,7216746,880,6314580,36,586272,2118,3270817,4731,309632,6937,3593319,0,61,9010,7755.29,17711039,14130529,0
2022-05-20,1196,7217942,959,6315539,73,586345,2370,3273187,5214,314846,7695,3601014,1,62,9926,7857.29,17720965,14132870,0
2022-05-21,831,7218773,647,6316186,23,586368,1726,3274913,3312,318158,5099,3606113,0,62,6600,7942.71,17727565,14134432,0
2022-05-22,506,7219279,292,6316478,22,586390,1136,3276049,1839,319997,3010,3609123,0,62,3830,7992,17731395,14135287,0
2022-05-23,1216,7220495,884,6317362,52,586442,2189,3278238,4712,324709,7004,3616127,1,63,9157,8170.71,17740552,14137542,0
2022-05-24,1403,7221898,934,6318296,66,586508,2306,3280544,4490,329199,6904,3623031,0,63,9308,8167.14,17749860,14140054,0
2022-05-25,1410,7223308,955,6319251,56,586564,2263,3282807,4276,333475,6641,3629672,0,63,9063,8127.71,17758923,14142578,0
2022-05-26,1166,7224474,889,6320140,60,586624,2274,3285081,4156,337631,6498,3636170,1,64,8615,8071.29,17767538,14144762,0
2022-05-27,1243,7225717,955,6321095,38,586662,2495,3287576,3925,341556,6499,3642669,0,64,8736,7901.29,17776274,14147078,0
2022-05-28,710,7226427,517,6321612,19,586681,1783,3289359,2068,343624,3892,3646561,0,64,5138,7692.43,17781412,14148365,0
2022-05-29,468,7226895,216,6321828,11,586692,760,3290119,1127,344751,1907,3648468,0,64,2602,7517,17784014,14149080,0
2022-05-30,91,7226986,62,6321890,6,586698,138,3290257,144,344895,284,3648752,2,66,445,6272.43,17784459,14149241,0
2022-05-31,1135,7228121,918,6322808,51,586749,1901,3292158,3053,347948,5015,3653767,0,66,7119,5959.71,17791578,14151406,0
2022-06-01,1151,7229272,850,6323658,63,586812,1969,3294127,3435,351383,5479,3659246,0,66,7543,5742.57,17799121,14153545,0
2022-06-02,1026,7230298,798,6324456,72,586884,1827,3295954,3179,354562,5068,3664314,0,66,6964,5506.71,17806085,14155503,0
2022-06-03,1155,7231453,894,6325350,47,586931,2072,3298026,3493,358055,5635,3669949,0,66,7731,5363.14,17813816,14157669,0
2022-06-04,721,7232174,584,6325934,26,586957,1559,3299585,1907,359962,3502,3673451,0,66,4835,5319.86,17818651,14159038,0
2022-06-05,447,7232621,297,6326231,1,586958,881,3300466,981,360943,1871,3675322,0,66,2616,5321.86,17821267,14159792,0
2022-06-06,1121,7233742,828,6327059,64,587022,1757,3302223,2747,363690,4555,3679877,0,66,6568,6196.57,17827835,14161856,0
2022-06-07,1017,7234759,773,6327832,70,587092,1795,3304018,2569,366259,4412,3684289,0,66,6273,6075.71,17834108,14163765,0
2022-06-08,1090,7235849,836,6328668,75,587167,1877,3305895,2751,369010,4692,3688981,1,67,6693,5954.29,17840801,14165829,0
2022-06-09,1138,7236987,839,6329507,62,587229,2230,3308125,2692,371702,4975,3693956,0,67,7014,5961.43,17847815,14167921,0
2022-06-10,1045,7238032,817,6330324,75,587304,1880,3310005,2834,374536,4771,3698727,0,67,6708,5815.29,17854523,14169915,0
2022-06-11,678,7238710,507,6330831,25,587329,1333,3311338,1505,376041,2865,3701592,0,67,4075,5706.71,17858598,14171152,0
2022-06-12,349,7239059,287,6331118,21,587350,876,3312214,776,376817,1661,3703253,0,67,2318,5664.14,17860916,14171818,0
2022-06-13,1027,7240086,768,6331886,62,587412,1583,3313797,2189,379006,3812,3707065,0,67,5670,5535.86,17866586,14173716,0
2022-06-14,973,7241059,833,6332719,64,587476,1693,3315490,2504,381510,4260,3711325,0,67,6130,5515.43,17872716,14175649,0
2022-06-15,969,7242028,865,6333584,39,587515,1666,3317156,2427,383937,4154,3715479,0,67,6027,5420.29,17878743,14177583,0
2022-06-16,960,7242988,776,6334360,59,587574,1834,3318990,2366,386303,4257,3719736,1,68,6052,5282.86,17884795,14179434,0
2022-06-17,898,7243886,797,6335157,48,587622,1772,3320762,2405,388708,4223,3723959,1,69,5968,5177.14,17890763,14181224,0
2022-06-18,659,7244545,522,6335679,26,587648,1284,3322046,1297,390005,2610,3726569,2,71,3817,5140.29,17894580,14182458,0
2022-06-19,345,7244890,232,6335911,16,587664,728,3322774,610,390615,1350,3727919,0,71,1943,5086.71,17896523,14183063,0
2022-06-20,828,7245718,489,6336400,41,587705,1581,3324355,1611,392226,3231,3731150,0,71,4589,4932.29,17901112,14184460,0
2022-06-21,1130,7246848,739,6337139,49,587754,1702,3326057,2143,394369,3902,3735052,0,71,5822,4888.29,17906934,14186437,0
2022-06-22,1957,7248805,836,6337975,46,587800,1710,3327767,1997,396366,3750,3738802,0,71,6589,4968.57,17913523,14189319,0
2022-06-23,2116,7250921,763,6338738,66,587866,1703,3329470,2158,398524,3912,3742714,0,71,6857,5083.57,17920380,14192315,0
2022-06-24,2167,7253088,761,6339499,48,587914,1625,3331095,2158,400682,3833,3746547,0,71,6809,5203.71,17927189,14195341,0
2022-06-25,2138,7255226,497,6339996,15,587929,1237,3332332,1143,401825,2396,3748943,0,71,5049,5379.71,17932238,14198010,0
2022-06-26,1208,7256434,248,6340244,14,587943,687,3333019,531,402356,1224,3750167,0,71,2694,5487,17934932,14199486,0
2022-06-27,1531,7257965,655,6340899,60,588003,1472,3334491,1654,404010,3168,3753335,0,71,5415,5605,17940347,14201775,0
2022-06-28,1686,7259651,830,6341729,57,588060,1867,3336358,2144,406154,4057,3757392,0,71,6630,5720.43,17946977,14204394,0
2022-06-29,1857,7261508,776,6342505,48,588108,1718,3338076,1927,408081,3685,3761077,0,71,6366,5688.57,17953343,14207115,0
2022-06-30,1866,7263374,807,6343312,46,588154,1735,3339811,2134,410215,3913,3764990,0,71,6632,5656.43,17959975,14209878,0
2022-07-01,1606,7264980,597,6343909,26,588180,1399,3341210,1729,411944,3161,3768151,0,71,5390,5453.71,17965365,14212140,0
2022-07-02,978,7265958,390,6344299,19,588199,841,3342051,940,412884,1799,3769950,1,72,3186,5187.57,17968551,14213544,0
2022-07-03,529,7266487,205,6344504,7,588206,461,3342512,486,413370,950,3770900,0,72,1691,5044.29,17970242,14214288,0
2022-07-04,36,7266523,25,6344529,1,588207,31,3342543,38,413408,69,3770969,0,72,131,4289.43,17970373,14214350,0
2022-07-05,1296,7267819,757,6345286,35,588242,1405,3343948,1740,415148,3176,3774145,0,72,5264,4094.29,17975637,14216469,0
2022-07-06,1612,7269431,677,6345963,44,588286,1443,3345391,1844,416992,3329,3777474,0,72,5662,3993.71,17981299,14218844,0
2022-07-07,1591,7271022,713,6346676,48,588334,1528,3346919,1999,418991,3567,3781041,0,72,5919,3891.86,17987218,14221236,0
2022-07-08,1633,7272655,651,6347327,37,588371,1476,3348395,1980,420971,3505,3784546,0,72,5827,3954.29,17993045,14223607,0
2022-07-09,985,7273640,435,6347762,26,588397,884,3349279,1347,422318,2262,3786808,0,72,3708,4028.86,17996753,14225084,0
2022-07-10,637,7274277,187,6347949,17,588414,430,3349709,659,422977,1099,3787907,0,72,1940,4064.43,17998693,14225935,0
2022-07-11,1395,7275672,634,6348583,49,588463,1446,3351155,2212,425189,3693,3791600,0,72,5771,4870.14,18004464,14228048,0
2022-07-12,1407,7277079,687,6349270,45,588508,1404,3352559,2514,427703,3993,3795593,0,72,6132,4994.14,18010596,14230262,0
2022-07-13,1614,7278693,725,6349995,37,588545,1525,3354084,2841,430544,4431,3800024,0,72,6807,5157.71,18017403,14232703,0
2022-07-14,1587,7280280,842,6350837,47,588592,1605,3355689,3064,433608,4747,3804771,0,72,7224,5344.14,18024627,14235258,0
2022-07-15,1615,7281895,937,6351774,47,588639,1578,3357267,3057,436665,4695,3809466,0,72,7294,5553.71,18031921,14237917,0
2022-07-16,881,7282776,587,6352361,9,588648,985,3358252,1701,438366,2716,3812182,1,73,4194,5623.14,18036115,14239424,0
2022-07-17,550,7283326,289,6352650,16,588664,527,3358779,1166,439532,1719,3813901,0,73,2574,5713.71,18038689,14240305,0
2022-07-18,1404,7284730,844,6353494,45,588709,1429,3360208,2464,441996,3951,3817852,0,73,6244,5781.29,18044933,14242656,0
2022-07-19,1440,7286170,976,6354470,51,588760,1543,3361751,2804,444800,4439,3822291,0,73,6906,5891.86,18051839,14245215,0
2022-07-20,1380,7287550,1485,6355955,50,588810,1353,3363104,2396,447196,3811,3826102,0,73,6727,5880.43,18058566,14248193,0
2022-07-21,1333,7288883,1436,6357391,50,588860,1396,3364500,2364,449560,3809,3829911,0,73,6628,5795.29,18065194,14251061,0
2022-07-22,1428,7290311,1569,6358960,42,588902,1563,3366063,2857,452417,4503,3834414,0,73,7542,5830.71,18072736,14254183,0
2022-07-23,907,7291218,1103,6360063,17,588919,997,3367060,1555,453972,2588,3837002,3,76,4618,5891.29,18077354,14256246,0
2022-07-24,483,7291701,642,6360705,14,588933,504,3367564,805,454777,1317,3838319,0,76,2457,5874.57,18079811,14257394,0
2022-07-25,1230,7292931,765,6361470,59,588992,1263,3368827,2065,456842,3381,3841700,0,76,5435,5759,18085246,14259501,0
2022-07-26,1234,7294165,1024,6362494,41,589033,1478,3370305,2443,459285,3980,3845680,0,76,6279,5669.43,18091525,14261859,0
2022-07-27,1318,7295483,1278,6363772,42,589075,1394,3371699,2192,461477,3647,3849327,3,79,6289,5606.86,18097814,14264559,0
2022-07-28,1312,7296795,1422,6365194,72,589147,1423,3373122,2219,463696,3692,3853019,1,80,6499,5588.43,18104313,14267415,0
2022-07-29,1318,7298113,1432,6366626,64,589211,1359,3374481,2161,465857,3563,3856582,0,80,6377,5422,18110690,14270272,0
2022-07-30,738,7298851,720,6367346,25,589236,795,3375276,961,466818,1778,3858360,0,80,3264,5228.57,18113954,14271780,0
2022-07-31,421,7299272,590,6367936,14,589250,488,3375764,571,467389,1065,3859425,0,80,2090,5176.14,18116044,14272811,0
2022-08-01,1245,7300517,914,6368850,55,589305,1334,3377098,1509,468898,2890,3862315,1,81,5105,5129,18121149,14275072,0
2022-08-02,1230,7301747,1014,6369864,73,589378,1350,3378448,1601,470499,2997,3865312,0,81,5314,4991.14,18126463,14277435,0
2022-08-03,1263,7303010,1190,6371054,41,589419,1344,3379792,1532,472031,2916,3868228,1,82,5411,4865.71,18131874,14279969,0
2022-08-04,1190,7304200,1188,6372242,58,589477,1288,3381080,1458,473489,2778,3871006,0,82,5214,4682.14,18137088,14282437,0
2022-08-05,1315,7305515,1452,6373694,49,589526,1316,3382396,1441,474930,2781,3873787,0,82,5597,4570.71,18142685,14285277,0
2022-08-06,696,7306211,844,6374538,14,589540,766,3383162,777,475707,1568,3875355,0,82,3123,4550.57,18145808,14286857,0
2022-08-07,390,7306601,454,6374992,14,589554,427,3383589,358,476065,796,3876151,0,82,1654,4488.29,18147462,14287726,0
2022-08-08,1193,7307794,934,6375926,70,589624,1278,3384867,1186,477251,2494,3878645,0,82,4691,4429.14,18152153,14289953,0
2022-08-09,1134,7308928,890,6376816,38,589662,1234,3386101,1163,478414,2429,3881074,1,83,4492,4311.71,18156645,14292047,0
2022-08-10,1222,7310150,1115,6377931,59,589721,1260,3387361,1248,479662,2543,3883617,0,83,4939,4244.29,18161584,14294478,0
2022-08-11,1279,7311429,1071,6379002,84,589805,1212,3388573,1279,480941,2530,3886147,0,83,4964,4208.57,18166548,14296951,0
2022-08-12,1293,7312722,1411,6380413,55,589860,1269,3389842,1249,482190,2550,3888697,0,83,5309,4167.43,18171857,14299742,0
2022-08-13,755,7313477,789,6381202,15,589875,764,3390606,634,482824,1415,3890112,0,83,2974,4146.14,18174831,14301318,0
2022-08-14,468,7313945,477,6381679,20,589895,406,3391012,282,483106,691,3890803,0,83,1656,4146.43,18176487,14302286,0
2022-08-15,1247,7315192,1067,6382746,60,589955,1317,3392329,990,484096,2349,3893152,1,84,4724,4151.14,18181211,14304702,0
2022-08-16,1305,7316497,869,6383615,50,590005,1370,3393699,1079,485175,2481,3895633,0,84,4706,4181.71,18185917,14306959,0
2022-08-17,1212,7317709,960,6384575,39,590044,1236,3394935,1005,486180,2280,3897913,1,85,4492,4117.86,18190409,14309209,0
2022-08-18,1168,7318877,944,6385519,45,590089,1268,3396203,948,487128,2243,3900156,0,85,4400,4037.29,18194809,14311393,0
2022-08-19,1254,7320131,1135,6386654,34,590123,1121,3397324,978,488106,2129,3902285,6,91,4558,3930,18199367,14313846,0
2022-08-20,591,7320722,493,6387147,16,590139,635,3397959,516,488622,1164,3903449,1,92,2265,3828.71,18201632,14314959,0
2022-08-21,358,7321080,243,6387390,9,590148,382,3398341,267,488889,652,3904101,0,92,1262,3772.43,18202894,14315572,0
2022-08-22,1221,7322301,923,6388313,40,590188,1238,3399579,888,489777,2153,3906254,0,92,4337,3717.14,18207231,14317783,0
2022-08-23,1238,7323539,1050,6389363,48,590236,1383,3400962,962,490739,2374,3908628,3,95,4713,3718.14,18211944,14320148,0
2022-08-24,1265,7324804,1015,6390378,29,590265,1295,3402257,822,491561,2143,3910771,0,95,4453,3712.57,18216397,14322484,0
2022-08-25,1221,7326025,995,6391373,66,590331,1193,3403450,813,492374,2022,3912793,4,99,4307,3699.29,18220704,14324781,0
2022-08-26,1187,7327212,1179,6392552,56,590387,1194,3404644,780,493154,1995,3914788,1,100,4417,3679.14,18225121,14327223,0
2022-08-27,694,7327906,543,6393095,14,590401,685,3405329,403,493557,1102,3915890,4,104,2357,3692.29,18227478,14328488,0
2022-08-28,378,7328284,240,6393335,10,590411,442,3405771,228,493785,673,3916563,0,104,1301,3697.86,18228779,14329119,0
2022-08-29,1252,7329536,982,6394317,41,590452,1230,3407001,689,494474,1940,3918503,0,104,4216,3680.57,18232995,14331416,0
2022-08-30,1267,7330803,942,6395259,36,590488,1273,3408274,765,495239,2069,3920572,2,106,4316,3623.86,18237311,14333692,0
2022-08-31,1154,7331957,1014,6396273,43,590531,1105,3409379,573,495812,1699,3922271,0,106,3911,3546.43,18241222,14335925,0
2022-09-01,1026,7332983,963,6397236,51,590582,810,3410189,456,496268,1280,3923551,5,111,3326,3406.29,18244548,14337980,0
2022-09-02,977,7333960,1021,6398257,32,590614,595,3410784,176,496444,778,3924329,92,203,2885,3187.43,18247433,14340002,0
2022-09-03,533,7334493,450,6398707,12,590626,370,3411154,50,496494,424,3924753,314,517,1684,3091.29,18249117,14340952,0
2022-09-04,252,7334745,212,6398919,10,590636,189,3411343,25,496519,216,3924969,312,829,959,3042.43,18250076,14341385,0
2022-09-05,78,7334823,71,6398990,7,590643,44,3411387,16,496535,61,3925030,9,838,226,2472.43,18250302,14341542,0
2022-09-06,1128,7335951,1228,6400218,51,590694,638,3412025,130,496665,777,3925807,1269,2107,4234,2460.71,18254536,14343739,0
2022-09-07,1474,7337425,1380,6401598,38,590732,485,3412510,156,496821,661,3926468,6446,8553,9121,3205,18263657,14345773,0
2022-09-08,1521,7338946,1194,6402792,36,590768,253,3412763,111,496932,380,3926848,7796,16349,9816,4132.14,18273473,14347429,0
2022-09-09,1549,7340495,1610,6404402,49,590817,285,3413048,122,497054,438,3927286,9889,26238,12372,5487.43,18285845,14349505,0
2022-09-10,844,7341339,838,6405240,12,590829,270,3413318,45,497099,328,3927614,5318,31556,6759,6212.43,18292604,14350631,0
2022-09-11,495,7341834,440,6405680,11,590840,86,3413404,30,497129,125,3927739,3941,35497,4529,6722.43,18297133,14351103,0
2022-09-12,1670,7343504,1437,6407117,39,590879,206,3413610,92,497221,332,3928071,11659,47156,13541,8624.57,18310674,14352687,0
2022-09-13,1398,7344902,1271,6408388,33,590912,221,3413831,118,497339,388,3928459,9734,56890,11739,9696.71,18322413,14354353,0
2022-09-14,1409,7346311,1271,6409659,32,590944,226,3414057,125,497464,390,3928849,11027,67917,13076,10261.71,18335489,14356051,0
2022-09-15,1560,7347871,1280,6410939,23,590967,227,3414284,109,497573,371,3929220,12084,80001,14107,10874.71,18349596,14357738,0
2022-09-16,1682,7349553,1629,6412568,27,590994,270,3414554,157,497730,482,3929702,13804,93805,16266,11431,18365862,14359773,0
2022-09-17,800,7350353,866,6413434,12,591006,275,3414829,78,497808,376,3930078,7003,100808,8412,11667.14,18374274,14360829,0
2022-09-18,518,7350871,410,6413844,7,591013,74,3414903,26,497834,113,3930191,4484,105292,4976,11731,18379250,14361221,0
2022-09-19,1549,7352420,1324,6415168,29,591042,227,3415130,98,497932,351,3930542,13811,119103,15514,12012.86,18394764,14362599,0
2022-09-20,1439,7353859,1251,6416419,27,591069,223,3415353,91,498023,361,3930903,13212,132315,15016,12481,18409780,14364089,0
2022-09-21,1665,7355524,1352,6417771,31,591100,261,3415614,131,498154,426,3931329,14939,147254,16848,13019.86,18426628,14365606,0
2022-09-22,1470,7356994,1259,6419030,28,591128,174,3415788,139,498293,358,3931687,13231,160485,15051,13154.71,18441679,14367113,0
2022-09-23,1734,7358728,1648,6420678,24,591152,252,3416040,145,498438,460,3932147,16946,177431,19249,13580.86,18460928,14369019,0
2022-09-24,799,7359527,887,6421565,8,591160,272,3416312,68,498506,359,3932506,7505,184936,8854,13644,18469782,14370028,0
2022-09-25,484,7360011,391,6421956,1,591161,72,3416384,47,498553,128,3932634,4507,189443,4994,13646.57,18474776,14370396,0
2022-09-26,1569,7361580,1244,6423200,16,591177,290,3416674,144,498697,492,3933126,15012,204455,16711,13817.57,18491487,14371661,0
2022-09-27,1531,7363111,1307,6424507,26,591203,283,3416957,173,498870,492,3933618,14157,218612,16149,13979.43,18507636,14373197,0
2022-09-28,1619,7364730,1295,6425802,18,591221,190,3417147,186,499056,430,3934048,15511,234123,17288,14042.29,18524924,14374598,0
2022-09-29,1677,7366407,1300,6427102,19,591240,179,3417326,96,499152,312,3934360,15375,249498,17223,14352.57,18542147,14376171,0
2022-09-30,1637,7368044,1552,6428654,13,591253,183,3417509,177,499329,406,3934766,16485,265983,18654,14267.57,18560801,14377980,0
2022-10-01,719,7368763,669,6429323,5,591258,138,3417647,34,499363,181,3934947,7053,273036,7942,14137.29,18568743,14378697,0
2022-10-02,511,7369274,426,6429749,5,591263,48,3417695,45,499408,107,3935054,4428,277464,4837,14114.86,18573580,14379013,0
2022-10-03,1550,7370824,1189,6430938,23,591286,156,3417851,113,499521,316,3935370,14572,292036,15976,14009.86,18589556,14380148,0
2022-10-04,1379,7372203,1158,6432096,15,591301,150,3418001,121,499642,299,3935669,13403,305439,14798,13816.86,18604354,14381272,0
2022-10-05,1590,7373793,1283,6433379,17,591318,283,3418284,164,499806,500,3936169,14865,320304,16690,13731.43,18621044,14382650,0
2022-10-06,1486,7375279,1250,6434629,19,591337,166,3418450,160,499966,385,3936554,14956,335260,16619,13645.14,18637663,14383987,0
2022-10-07,1662,7376941,1426,6436055,15,591352,171,3418621,135,500101,367,3936921,17108,352368,19069,13704.43,18656732,14385642,0
2022-10-08,761,7377702,681,6436736,4,591356,146,3418767,62,500163,225,3937146,7714,360082,8642,13804.43,18665374,14386362,0
2022-10-09,486,7378188,409,6437145,5,591361,47,3418814,55,500218,120,3937266,4693,364775,5118,13844.57,18670492,14386685,0
2022-10-10,1543,7379731,1250,6438395,14,591375,174,3418988,120,500338,333,3937599,15206,379981,16509,13920.71,18687001,14387694,0
2022-10-11,1637,7381368,1101,6439496,19,591394,178,3419166,154,500492,388,3937987,14321,394302,15855,14071.71,18702856,14388896,0
2022-10-12,1864,7383232,1320,6440816,17,591411,134,3419300,186,500678,387,3938374,16281,410583,17886,14242.57,18720742,14390181,0
2022-10-13,1614,7384846,1150,6441966,28,591439,135,3419435,201,500879,407,3938781,14037,424620,15574,14093.29,18736316,14391382,0
2022-10-14,1812,7386658,1539,6443505,25,591464,130,3419565,181,501060,364,3939145,17208,441828,19192,14110.86,18755508,14393055,0
2022-10-15,766,7387424,638,6444143,9,591473,90,3419655,68,501128,179,3939324,7615,449443,8472,14086.57,18763980,14393754,0
2022-10-16,564,7387988,410,6444553,3,591476,25,3419680,65,501193,121,3939445,4726,454169,5169,14093.86,18769149,14394107,0
2022-10-17,1814,7389802,1250,6445803,18,591494,83,3419763,116,501309,236,3939681,16072,470241,17393,14220.14,18786542,14395229,0
2022-10-18,1683,7391485,1169,6446972,20,591514,100,3419863,135,501444,282,3939963,14638,484879,16010,14242.29,18802552,14396366,0
2022-10-19,2084,7393569,1330,6448302,21,591535,84,3419947,142,501586,289,3940252,16232,501111,17704,14216.29,18820256,14397612,0
2022-10-20,1684,7395253,1165,6449467,11,591546,88,3420035,147,501733,302,3940554,15402,516513,16850,14398.57,18837106,14398825,0
2022-10-21,1802,7397055,1345,6450812,12,591558,92,3420127,150,501883,297,3940851,16736,533249,18405,14286.14,18855511,14400252,0
2022-10-22,741,7397796,668,6451480,9,591567,44,3420171,46,501929,100,3940951,7690,540939,8419,14278.57,18863930,14400891,0
2022-10-23,519,7398315,370,6451850,3,591570,21,3420192,39,501968,69,3941020,4803,545742,5080,14265.86,18869010,14401108,0
2022-10-24,1741,7400056,1207,6453057,19,591589,70,3420262,112,502080,224,3941244,15557,561299,16843,14187.29,18885853,14402212,0
2022-10-25,1660,7401716,1187,6454244,12,591601,94,3420356,109,502189,232,3941476,15040,576339,16344,14235,18902197,14403313,0
2022-10-26,1854,7403570,1329,6455573,11,591612,90,3420446,168,502357,334,3941810,16816,593155,18286,14318.14,18920483,14404525,0
2022-10-27,1581,7405151,1074,6456647,13,591625,91,3420537,127,502484,271,3942081,15115,608270,16413,14255.71,18936896,14405605,0
2022-10-28,1698,7406849,1424,6458071,17,591642,107,3420644,152,502636,318,3942399,16762,625032,18575,14280,18955471,14407159,0
2022-10-29,694,7407543,543,6458614,9,591651,69,3420713,57,502693,140,3942539,7746,632778,8416,14279.57,18963887,14407703,0
2022-10-30,521,7408064,305,6458919,3,591654,19,3420732,57,502750,92,3942631,4491,637269,4779,14236.57,18968666,14407915,0
2022-10-31,1674,7409738,1105,6460024,8,591662,47,3420779,126,502876,217,3942848,14593,651862,15539,14050.29,18984205,14408688,0
2022-11-01,1664,7411402,1020,6461044,18,591680,78,3420857,127,503003,237,3943085,13620,665482,14936,13849.14,18999141,14409799,0
2022-11-02,1736,7413138,1120,6462164,17,591697,90,3420947,123,503126,255,3943340,14876,680358,16147,13543.57,19015288,14410857,0
2022-11-03,1421,7414559,1031,6463195,14,591711,84,3421031,167,503293,328,3943668,12621,692979,13901,13184.71,19029189,14411886,0
2022-11-04,1737,7416296,1217,6464412,14,591725,101,3421132,140,503433,275,3943943,15433,708412,17032,12964.29,19046221,14413244,0
2022-11-05,824,7417120,529,6464941,6,591731,65,3421197,82,503515,161,3944104,7044,715456,7756,12870,19053977,14413809,0
2022-11-06,408,7417528,330,6465271,4,591735,20,3421217,49,503564,106,3944210,4072,719528,4412,12817.57,19058389,14414080,0
2022-11-07,1639,7419167,1067,6466338,14,591749,75,3421292,101,503665,213,3944423,13220,732748,14382,12652.29,19072771,14415066,0
2022-11-08,1531,7420698,1009,6467347,8,591757,97,3421389,132,503797,270,3944693,12065,744813,13329,12422.71,19086100,14416101,0
2022-11-09,1571,7422269,1056,6468403,9,591766,86,3421475,114,503911,247,3944940,12190,757003,13455,12038.14,19099555,14417166,0
2022-11-10,1485,7423754,1010,6469413,14,591780,73,3421548,147,504058,276,3945216,12349,769352,13625,11998.71,19113180,14418222,0
2022-11-11,1499,7425253,1075,6470488,11,591791,101,3421649,102,504160,224,3945440,12874,782226,14302,11608.71,19127482,14419447,0
2022-11-12,671,7425924,513,6471001,2,591793,57,3421706,61,504221,128,3945568,6429,788655,7048,11507.57,19134530,14419948,0
2022-11-13,495,7426419,340,6471341,4,591797,15,3421721,68,504289,98,3945666,3893,792548,4210,11478.71,19138740,14420182,0
2022-11-14,1441,7427860,1023,6472364,19,591816,59,3421780,113,504402,203,3945869,11629,804177,12742,11244.43,19151482,14421123,0
2022-11-15,1488,7429348,999,6473363,15,591831,103,3421883,164,504566,293,3946162,11272,815449,12651,11147.57,19164133,14422235,0
2022-11-16,1598,7430946,1034,6474397,21,591852,66,3421949,146,504712,248,3946410,11561,827010,12807,11055,19176940,14423269,0
2022-11-17,1419,7432365,975,6475372,10,591862,72,3422021,189,504901,302,3946712,10538,837548,11866,10803.71,19188806,14424336,0
2022-11-18,1582,7433947,1102,6476474,12,591874,68,3422089,118,505019,216,3946928,12405,849953,13996,10760,19202802,14425741,0
2022-11-19,677,7434624,436,6476910,4,591878,57,3422146,63,505082,129,3947057,5911,855864,6568,10691.43,19209370,14426278,0
2022-11-20,476,7435100,305,6477215,4,591882,12,3422158,35,505117,64,3947121,3538,859402,3838,10638.29,19213208,14426531,0
2022-11-21,1516,7436616,918,6478133,4,591886,51,3422209,81,505198,149,3947270,10393,869795,11369,10442.14,19224577,14427375,0
2022-11-22,1270,7437886,816,6478949,7,591893,53,3422262,92,505290,163,3947433,9264,879059,10289,10104.71,19234866,14428255,0
2022-11-23,1289,7439175,734,6479683,11,591904,64,3422326,81,505371,171,3947604,8670,887729,9610,9648,19244476,14429050,0
2022-11-24,18,7439193,10,6479693,2,591906,0,3422326,6,505377,8,3947612,112,887841,137,7972.43,19244613,14429069,0
2022-11-25,679,7439872,475,6480168,14,591920,37,3422363,55,505432,110,3947722,5681,893522,6417,6889.71,19251030,14429713,0
2022-11-26,591,7440463,378,6480546,2,591922,15,3422378,43,505475,62,3947784,4895,898417,5330,6712.86,19256360,14430090,0
2022-11-27,396,7440859,219,6480765,1,591923,11,3422389,23,505498,49,3947833,3170,901587,3351,6643.29,19259711,14430237,0
2022-11-28,948,7441807,699,6481464,10,591933,59,3422448,64,505562,144,3947977,6949,908536,7917,6150.14,19267628,14431082,0
2022-11-29,926,7442733,708,6482172,8,591941,46,3422494,73,505635,145,3948122,6930,915466,7968,5818.57,19275596,14432001,0
2022-11-30,1213,7443946,865,6483037,16,591957,50,3422544,54,505689,123,3948245,8725,924191,9733,5836.14,19285329,14432905,0
2022-12-01,1128,7445074,766,6483803,13,591970,61,3422605,96,505785,183,3948428,8467,932658,9536,7178.86,19294865,14433817,0
2022-12-02,1316,7446390,972,6484775,14,591984,70,3422675,105,505890,195,3948623,10211,942869,11538,7910.43,19306403,14434969,0
2022-12-03,615,7447005,422,6485197,12,591996,42,3422717,42,505932,87,3948710,4949,947818,5475,7931.14,19311878,14435411,0
2022-12-04,418,7447423,283,6485480,4,592000,7,3422724,26,505958,40,3948750,3269,951087,3496,7951.86,19315374,14435605,0
2022-12-05,1161,7448584,768,6486248,15,592015,62,3422786,71,506029,149,3948899,8601,959688,9611,8193.86,19324985,14436482,0
2022-12-06,1163,7449747,764,6487012,13,592028,69,3422855,89,506118,176,3949075,8127,967815,9126,8359.29,19334111,14437323,0
2022-12-07,1207,7450954,751,6487763,12,592040,62,3422917,81,506199,163,3949238,8296,976111,9314,8299.43,19343425,14438198,0
2022-12-08,1102,7452056,740,6488503,14,592054,69,3422986,77,506276,166,3949404,8671,984782,9701,8323,19353126,14439082,0
2022-12-09,1233,7453289,971,6489474,13,592067,81,3423067,103,506379,210,3949614,10403,995185,11770,8356.14,19364896,14440265,0
2022-12-10,677,7453966,461,6489935,7,592074,36,3423103,74,506453,128,3949742,6146,1001331,6714,8533.14,19371610,14440723,0
2022-12-11,431,7454397,263,6490198,4,592078,11,3423114,35,506488,56,3949798,3682,1005013,3884,8588.57,19375494,14440879,0
2022-12-12,1333,7455730,804,6491002,19,592097,78,3423192,105,506593,209,3950007,9969,1014982,11016,8789.29,19386510,14441743,0
2022-12-13,1276,7457006,845,6491847,17,592114,54,3423246,101,506694,190,3950197,9696,1024678,10753,9021.71,19397263,14442645,0
2022-12-14,1193,7458199,830,6492677,12,592126,67,3423313,99,506793,193,3950390,9633,1034311,10613,9207.29,19407876,14443459,0
2022-12-15,1191,7459390,695,6493372,11,592137,62,3423375,109,506902,186,3950576,8443,1042754,9413,9166.14,19417289,14444258,0
2022-12-16,1202,7460592,806,6494178,12,592149,69,3423444,126,507028,217,3950793,9358,1052112,10533,8989.43,19427822,14445238,0
2022-12-17,651,7461243,464,6494642,8,592157,31,3423475,36,507064,80,3950873,5831,1057943,6305,8931,19434127,14445645,0
2022-12-18,440,7461683,230,6494872,2,592159,15,3423490,23,507087,48,3950921,3402,1061345,3609,8891.71,19437736,14445814,0
2022-12-19,1222,7462905,775,6495647,7,592166,57,3423547,84,507171,155,3951076,8907,1070252,9840,8723.71,19447576,14446606,0
2022-12-20,1208,7464113,763,6496410,18,592184,83,3423630,138,507309,277,3951353,8585,1078837,9718,8575.86,19457294,14447518,0
2022-12-21,1092,7465205,695,6497105,16,592200,54,3423684,95,507404,180,3951533,8282,1087119,9159,8368.14,19466453,14448246,0
2022-12-22,990,7466195,587,6497692,4,592204,44,3423728,73,507477,134,3951667,6938,1094057,7671,8119.29,19474124,14448862,0
2022-12-23,830,7467025,505,6498197,11,592215,41,3423769,58,507535,112,3951779,5915,1099972,6521,7546.14,19480645,14449369,0
2022-12-24,191,7467216,112,6498309,1,592216,2,3423771,15,507550,20,3951799,1378,1101350,1497,6859.29,19482142,14449471,0
2022-12-25,8,7467224,3,6498312,0,592216,2,3423773,0,507550,2,3951801,29,1101379,37,6349,19482179,14449477,0
2022-12-26,573,7467797,269,6498581,16,592232,19,3423792,22,507572,44,3951845,3305,1104684,3616,5459.86,19485795,14449747,0
2022-12-27,1085,7468882,604,6499185,13,592245,55,3423847,60,507632,124,3951969,7232,1111916,8031,5218.86,19493826,14450431,0
2022-12-28,1062,7469944,560,6499745,8,592253,58,3423905,63,507695,131,3952100,6988,1118904,7782,5022.14,19501608,14451104,0
2022-12-29,1015,7470959,585,6500330,9,592262,50,3423955,90,507785,163,3952263,6592,1125496,7424,4986.86,19509032,14451796,0
2022-12-30,950,7471909,538,6500868,9,592271,49,3424004,50,507835,109,3952372,6134,1131630,6859,5035.14,19515891,14452422,0
2022-12-31,306,7472215,167,6501035,4,592275,16,3424020,10,507845,29,3952401,1812,1133442,1988,5105.29,19517879,14452572,0
2023-01-01,19,7472234,9,6501044,0,592275,3,3424023,5,507850,8,3952409,59,1133501,86,5112.29,19517965,14452591,0
2023-01-02,654,7472888,328,6501372,10,592285,14,3424037,24,507874,44,3952453,3655,1137156,4002,5167.43,19521967,14452900,0
2023-01-03,967,7473855,592,6501964,9,592294,41,3424078,58,507932,111,3952564,5478,1142634,6266,4915.29,19528233,14453589,0
2023-01-04,1107,7474962,676,6502640,17,592311,52,3424130,63,507995,133,3952697,6179,1148813,7060,4812.14,19535293,14454355,0
2023-01-05,1008,7475970,587,6503227,23,592334,35,3424165,89,508084,143,3952840,5764,1154577,6693,4707.71,19541986,14455160,0
2023-01-06,1049,7477019,781,6504008,17,592351,50,3424215,81,508165,142,3952982,6503,1161080,7554,4807,19549540,14456080,0
2023-01-07,603,7477622,429,6504437,8,592359,23,3424238,34,508199,63,3953045,4454,1165534,4914,5225,19554454,14456483,0
2023-01-08,376,7477998,246,6504683,4,592363,12,3424250,29,508228,45,3953090,2560,1168094,2770,5608.43,19557224,14456652,0
2023-01-09,955,7478953,583,6505266,17,592380,52,3424302,41,508269,102,3953192,5609,1173703,6452,5958.43,19563676,14457402,0
2023-01-10,859,7479812,643,6505909,8,592388,49,3424351,85,508354,151,3953343,5339,1179042,6248,5955.86,19569924,14458177,0
2023-01-11,876,7480688,554,6506463,21,592409,46,3424397,68,508422,137,3953480,5166,1184208,5979,5801.43,19575903,14458876,0
2023-01-12,777,7481465,496,6506959,24,592433,54,3424451,120,508542,197,3953677,4535,1188743,5480,5628.14,19581383,14459647,0
2023-01-13,800,7482265,555,6507514,11,592444,69,3424520,58,508600,143,3953820,5376,1194119,6265,5444,19587648,14460409,0
2023-01-14,511,7482776,280,6507794,10,592454,27,3424547,31,508631,60,3953880,3228,1197347,3633,5261,19591281,14460756,0
2023-01-15,286,7483062,151,6507945,6,592460,16,3424563,23,508654,54,3953934,1793,1199140,1998,5150.71,19593279,14460922,0
2023-01-16,500,7483562,308,6508253,11,592471,31,3424594,27,508681,63,3953997,2776,1201916,3212,4687.86,19596491,14461300,0
2023-01-17,802,7484364,476,6508729,19,592490,49,3424643,73,508754,135,3954132,3833,1205749,4699,4466.57,19601190,14462044,0
2023-01-18,799,7485163,479,6509208,16,592506,48,3424691,61,508815,116,3954248,3730,1209479,4537,4260.57,19605727,14462742,0
2023-01-19,657,7485820,430,6509638,6,592512,50,3424741,34,508849,103,3954351,3165,1212644,3911,4036.43,19609638,14463404,0
2023-01-20,707,7486527,488,6510126,23,592535,40,3424781,39,508888,86,3954437,3746,1216390,4530,3788.57,19614168,14464109,0
2023-01-21,371,7486898,195,6510321,12,592547,20,3424801,12,508900,33,3954470,1894,1218284,2204,3584.43,19616372,14464387,0
2023-01-22,226,7487124,63,6510384,5,592552,0,3424801,2,508902,3,3954473,863,1219147,969,3437.43,19617341,14464491,0
2023-01-23,641,7487765,332,6510716,12,592564,14,3424815,45,508947,66,3954539,2707,1221854,3371,3460.14,19620712,14465096,0
2023-01-24,576,7488341,393,6511109,17,592581,37,3424852,33,508980,83,3954622,3057,1224911,3708,3318.57,19624420,14465677,0
2023-01-25,602,7488943,365,6511474,21,592602,33,3424885,41,509021,86,3954708,2708,1227619,3386,3154.14,19627806,14466281,0
2023-01-26,558,7489501,351,6511825,18,592620,35,3424920,51,509072,102,3954810,2695,1230314,3356,3074.86,19631162,14466856,0
2023-01-27,564,7490065,437,6512262,11,592631,35,3424955,49,509121,91,3954901,2819,1233133,3556,2935.71,19634718,14467509,0
2023-01-28,359,7490424,187,6512449,5,592636,24,3424979,39,509160,70,3954971,1588,1234721,1926,2896,19636644,14467784,0
2023-01-29,237,7490661,118,6512567,3,592639,12,3424991,10,509170,26,3954997,992,1235713,1145,2921.14,19637789,14467915,0
2023-01-30,601,7491262,399,6512966,18,592657,40,3425031,37,509207,80,3955077,2506,1238219,3229,2900.86,19641018,14468561,0
2023-01-31,512,7491774,356,6513322,12,592669,29,3425060,48,509255,89,3955166,2438,1240657,3066,2809.14,19644084,14469112,0
2023-02-01,487,7492261,337,6513659,16,592685,40,3425100,44,509299,92,3955258,2322,1242979,2968,2749.43,19647052,14469674,0
2023-02-02,461,7492722,350,6514009,13,592698,34,3425134,35,509334,77,3955335,2156,1245135,2777,2666.71,19649829,14470226,0
2023-02-03,545,7493267,393,6514402,14,592712,27,3425161,35,509369,69,3955404,2363,1247498,3068,2597,19652897,14470869,0
2023-02-04,243,7493510,158,6514560,11,592723,14,3425175,16,509385,31,3955435,1141,1248639,1403,2522.29,19654300,14471101,0
2023-02-05,201,7493711,96,6514656,0,592723,2,3425177,15,509400,19,3955454,855,1249494,973,2497.71,19655273,14471202,0
2023-02-06,597,7494308,314,6514970,9,592732,28,3425205,27,509427,64,3955518,2253,1251747,2830,2440.71,19658103,14471724,0
2023-02-07,476,7494784,364,6515334,5,592737,28,3425233,35,509462,71,3955589,2334,1254081,2934,2421.86,19661037,14472261,0
2023-02-08,453,7495237,320,6515654,4,592741,27,3425260,37,509499,70,3955659,2315,1256396,2878,2409,19663915,14472760,0
2023-02-09,478,7495715,348,6516002,3,592744,38,3425298,46,509545,98,3955757,2054,1258450,2709,2399.29,19666624,14473331,0
2023-02-10,496,7496211,390,6516392,2,592746,30,3425328,34,509579,88,3955845,2275,1260725,2965,2384.57,19669589,14473957,0
2023-02-11,294,7496505,197,6516589,7,592753,22,3425350,25,509604,48,3955893,1343,1262068,1661,2421.43,19671250,14474228,0
2023-02-12,184,7496689,81,6516670,0,592753,6,3425356,0,509604,10,3955903,707,1262775,820,2399.57,19672070,14474335,0
2023-02-13,443,7497132,293,6516963,4,592757,21,3425377,26,509630,51,3955954,1758,1264533,2319,2326.57,19674389,14474849,0
2023-02-14,397,7497529,272,6517235,6,592763,29,3425406,22,509652,56,3956010,1690,1266223,2219,2224.43,19676608,14475327,0
2023-02-15,405,7497934,289,6517524,10,592773,24,3425430,28,509680,64,3956074,1745,1267968,2262,2136.43,19678870,14475792,0
2023-02-16,360,7498294,244,6517768,5,592778,27,3425457,19,509699,51,3956125,1630,1269598,2106,2050.29,19680976,14476222,0
2023-02-17,397,7498691,312,6518080,5,592783,24,3425481,32,509731,63,3956188,1696,1271294,2266,1950.43,19683242,14476736,0
2023-02-18,199,7498890,117,6518197,5,592788,13,3425494,4,509735,18,3956206,1003,1272297,1189,1883,19684431,14476905,0
2023-02-19,120,7499010,55,6518252,2,592790,6,3425500,6,509741,14,3956220,541,1272838,612,1853.29,19685043,14476964,0
2023-02-20,314,7499324,160,6518412,3,592793,10,3425510,17,509758,28,3956248,1159,1273997,1424,1725.43,19686467,14477202,0
2023-02-21,379,7499703,285,6518697,5,592798,25,3425535,34,509792,64,3956312,1534,1275531,2071,1704.29,19688538,14477680,0
2023-02-22,399,7500102,276,6518973,8,592806,39,3425574,26,509818,69,3956381,1639,1277170,2171,1691.29,19690709,14478147,0
2023-02-23,388,7500490,251,6519224,10,592816,26,3425600,31,509849,71,3956452,1479,1278649,2023,1679.43,19692732,14478634,0
2023-02-24,366,7500856,325,6519549,4,592820,30,3425630,26,509875,63,3956515,1737,1280386,2298,1684,19695030,14479139,0
2023-02-25,163,7501019,123,6519672,2,592822,9,3425639,13,509888,24,3956539,778,1281164,973,1653.14,19696003,14479312,0
2023-02-26,92,7501111,48,6519720,0,592822,8,3425647,5,509893,17,3956556,468,1281632,535,1642.14,19696538,14479366,0
2023-02-27,377,7501488,300,6520020,4,592826,31,3425678,20,509913,54,3956610,1492,1283124,2012,1726.14,19698550,14479835,0
2023-02-28,356,7501844,238,6520258,8,592834,30,3425708,27,509940,62,3956672,1333,1284457,1815,1689.57,19700365,14480260,0
2023-03-01,387,7502231,291,6520549,7,592841,25,3425733,20,509960,51,3956723,1444,1285901,1982,1662.57,19702347,14480753,0
2023-03-02,373,7502604,293,6520842,9,592850,20,3425753,23,509983,50,3956773,1331,1287232,1872,1641,19704219,14481251,0
2023-03-03,404,7503008,316,6521158,10,592860,26,3425779,25,510008,58,3956831,1598,1288830,2192,1625.86,19706411,14481794,0
2023-03-04,199,7503207,122,6521280,4,592864,10,3425789,16,510024,28,3956859,795,1289625,1028,1633.71,19707439,14482001,0
2023-03-05,125,7503332,60,6521340,2,592866,4,3425793,6,510030,14,3956873,464,1290089,558,1637,19707997,14482085,0
2023-03-06,404,7503736,264,6521604,12,592878,22,3425815,16,510046,41,3956914,1385,1291474,1890,1619.57,19709887,14482552,0
2023-03-07,362,7504098,244,6521848,5,592883,22,3425837,30,510076,61,3956975,1306,1292780,1771,1613.29,19711658,14482965,0
2023-03-08,370,7504468,245,6522093,3,592886,34,3425871,30,510106,68,3957043,1340,1294120,1836,1592.43,19713494,14483397,0
2023-03-09,360,7504828,242,6522335,4,592890,16,3425887,24,510130,46,3957089,1262,1295382,1747,1574.57,19715241,14483842,0
2023-03-10,301,7505129,282,6522617,3,592893,9,3425896,19,510149,36,3957125,1394,1296776,1847,1525.29,19717088,14484267,0
2023-03-11,188,7505317,88,6522705,3,592896,18,3425914,4,510153,23,3957148,687,1297463,872,1503,19717960,14484430,0
2023-03-12,109,7505426,47,6522752,1,592897,4,3425918,7,510160,17,3957165,435,1297898,517,1497.14,19718477,14484501,0
2023-03-13,332,7505758,201,6522953,7,592904,11,3425929,13,510173,25,3957190,1127,1299025,1521,1444.43,19719998,14484871,0
2023-03-14,285,7506043,182,6523135,5,592909,15,3425944,11,510184,32,3957222,1064,1300089,1416,1393.71,19721414,14485197,0
2023-03-15,329,7506372,269,6523404,3,592912,9,3425953,13,510197,23,3957245,1228,1301317,1677,1371,19723091,14485624,0
2023-03-16,302,7506674,240,6523644,9,592921,14,3425967,15,510212,35,3957280,1160,1302477,1583,1347.57,19724674,14486018,0
2023-03-17,327,7507001,265,6523909,5,592926,20,3425987,8,510220,29,3957309,1267,1303744,1699,1326.43,19726373,14486422,0
2023-03-18,158,7507159,100,6524009,2,592928,8,3425995,5,510225,14,3957323,669,1304413,833,1320.86,19727206,14486573,0
2023-03-19,114,7507273,56,6524065,1,592929,3,3425998,3,510228,9,3957332,366,1304779,451,1311.43,19727657,14486652,0
2023-03-20,340,7507613,211,6524276,7,592936,29,3426027,15,510243,45,3957377,1213,1305992,1609,1324,19729266,14487004,0
2023-03-21,341,7507954,192,6524468,7,592943,22,3426049,18,510261,42,3957419,1123,1307115,1530,1340.29,19730796,14487371,0
2023-03-22,316,7508270,226,6524694,6,592949,12,3426061,11,510272,25,3957444,1127,1308242,1526,1318.71,19732322,14487747,0
2023-03-23,270,7508540,203,6524897,1,592950,20,3426081,12,510284,35,3957479,1010,1309252,1402,1292.86,19733724,14488107,0
2023-03-24,312,7508852,254,6525151,8,592958,19,3426100,18,510302,40,3957519,1120,1310372,1581,1276,19735305,14488531,0
2023-03-25,129,7508981,117,6525268,1,592959,9,3426109,9,510311,18,3957537,587,1310959,735,1262,19736040,14488661,0
2023-03-26,80,7509061,41,6525309,2,592961,4,3426113,4,510315,9,3957546,351,1311310,410,1256.14,19736450,14488712,0
2023-03-27,283,7509344,233,6525542,3,592964,14,3426127,11,510326,26,3957572,1008,1312318,1404,1226.86,19737854,14489083,0
2023-03-28,283,7509627,181,6525723,10,592974,20,3426147,9,510335,32,3957604,1009,1313327,1363,1203,19739217,14489408,0
2023-03-29,297,7509924,186,6525909,5,592979,13,3426160,9,510344,22,3957626,1059,1314386,1417,1187.43,19740634,14489744,0
2023-03-30,257,7510181,183,6526092,2,592981,17,3426177,10,510354,31,3957657,961,1315347,1308,1174,19741942,14490064,0
2023-03-31,296,7510477,260,6526352,7,592988,22,3426199,20,510374,43,3957700,1015,1316362,1478,1159.29,19743420,14490485,0
2023-04-01,121,7510598,66,6526418,3,592991,8,3426207,5,510379,15,3957715,526,1316888,653,1147.57,19744073,14490599,0
2023-04-02,92,7510690,35,6526453,0,592991,6,3426213,3,510382,10,3957725,272,1317160,339,1137.43,19744412,14490657,0
2023-04-03,277,7510967,154,6526607,8,592999,19,3426232,15,510397,40,3957765,886,1318046,1204,1108.86,19745616,14490941,0
2023-04-04,283,7511250,187,6526794,3,593002,13,3426245,10,510407,26,3957791,862,1318908,1209,1086.86,19746825,14491265,0
2023-04-05,269,7511519,155,6526949,8,593010,17,3426262,7,510414,26,3957817,982,1319890,1276,1066.71,19748101,14491535,0
2023-04-06,343,7511862,158,6527107,9,593019,17,3426279,5,510419,22,3957839,966,1320856,1300,1065.57,19749401,14491847,0
2023-04-07,246,7512108,146,6527253,5,593024,12,3426291,8,510427,20,3957859,748,1321604,1044,1003.57,19750445,14492123,0
2023-04-08,172,7512280,104,6527357,1,593025,5,3426296,10,510437,16,3957875,553,1322157,690,1008.86,19751135,14492245,0
2023-04-09,68,7512348,23,6527380,0,593025,0,3426296,4,510441,4,3957879,204,1322361,246,995.57,19751381,14492283,0
2023-04-10,285,7512633,180,6527560,6,593031,19,3426315,9,510450,28,3957907,884,1323245,1211,996.57,19752592,14492582,0
2023-04-11,272,7512905,153,6527713,5,593036,15,3426330,9,510459,27,3957934,908,1324153,1212,997,19753804,14492862,0
2023-04-12,268,7513173,164,6527877,5,593041,15,3426345,8,510467,25,3957959,812,1324965,1146,978.43,19754950,14493173,0
2023-04-13,251,7513424,137,6528014,8,593049,12,3426357,7,510474,20,3957979,834,1325799,1140,955.57,19756090,14493460,0
2023-04-14,241,7513665,198,6528212,2,593051,6,3426363,10,510484,18,3957997,841,1326640,1167,973.14,19757257,14493770,0
2023-04-15,121,7513786,94,6528306,6,593057,3,3426366,7,510491,11,3958008,408,1327048,553,953.57,19757810,14493905,0
2023-04-16,75,7513861,31,6528337,0,593057,0,3426366,1,510492,1,3958009,264,1327312,305,962,19758115,14493945,0
2023-04-17,233,7514094,139,6528476,3,593060,7,3426373,3,510495,10,3958019,710,1328022,993,930.86,19759108,14494218,0
2023-04-18,216,7514310,128,6528604,6,593066,9,3426382,10,510505,20,3958039,746,1328768,974,896.86,19760082,14494427,0
2023-04-19,198,7514508,116,6528720,5,593071,6,3426388,9,510514,15,3958054,808,1329576,966,871.14,19761048,14494570,0
2023-04-20,231,7514739,143,6528863,2,593073,14,3426402,19,510533,35,3958089,914,1330490,1079,862.43,19762127,14494702,0
2023-04-21,231,7514970,148,6529011,6,593079,14,3426416,9,510542,25,3958114,1093,1331583,1216,869.43,19763343,14494802,0
2023-04-22,107,7515077,65,6529076,3,593082,9,3426425,4,510546,14,3958128,472,1332055,540,867.57,19763883,14494857,0
2023-04-23,73,7515150,47,6529123,1,593083,2,3426427,2,510548,5,3958133,281,1332336,310,868.29,19764193,14494882,0
2023-04-24,234,7515384,159,6529282,2,593085,11,3426438,7,510555,21,3958154,1012,1333348,1121,886.57,19765314,14494973,0
2023-04-25,244,7515628,146,6529428,6,593091,12,3426450,12,510567,27,3958181,1061,1334409,1165,913.86,19766479,14495053,0
2023-04-26,221,7515849,133,6529561,5,593096,6,3426456,5,510572,13,3958194,960,1335369,1028,922.71,19767507,14495110,0
2023-04-27,277,7516126,169,6529730,1,593097,11,3426467,18,510590,31,3958225,1068,1336437,1157,933.86,19768664,14495170,0
2023-04-28,251,7516377,189,6529919,2,593099,11,3426478,16,510606,32,3958257,1143,1337580,1236,936.71,19769900,14495236,0
2023-04-29,141,7516518,67,6529986,2,593101,4,3426482,6,510612,10,3958267,519,1338099,573,941.43,19770473,14495280,0
2023-04-30,97,7516615,29,6530015,1,593102,6,3426488,3,510615,10,3958277,307,1338406,327,943.86,19770800,14495291,0
2023-05-01,309,7516924,161,6530176,2,593104,9,3426497,9,510624,20,3958297,1080,1339486,1170,950.86,19771970,14495363,0
2023-05-02,251,7517175,146,6530322,3,593107,11,3426508,6,510630,19,3958316,1015,1340501,1070,937.29,19773040,14495401,0
2023-05-03,254,7517429,148,6530470,1,593108,13,3426521,10,510640,24,3958340,970,1341471,1045,939.71,19774085,14495453,0
2023-05-04,238,7517667,164,6530634,0,593108,12,3426533,8,510648,24,3958364,1053,1342524,1125,935.14,19775210,14495505,0
2023-05-05,303,7517970,161,6530795,1,593109,6,3426539,11,510659,18,3958382,1122,1343646,1172,926,19776382,14495538,0
2023-05-06,132,7518102,79,6530874,0,593109,13,3426552,8,510667,23,3958405,494,1344140,557,923.71,19776939,14495580,0
2023-05-07,77,7518179,36,6530910,0,593109,0,3426552,6,510673,7,3958412,296,1344436,311,921.43,19777250,14495589,0
2023-05-08,264,7518443,150,6531060,0,593109,8,3426560,10,510683,18,3958430,1003,1345439,1055,905,19778305,14495623,0
2023-05-09,253,7518696,129,6531189,0,593109,5,3426565,4,510687,13,3958443,992,1346431,1029,899.14,19779334,14495651,0
2023-05-10,244,7518940,130,6531319,1,593110,6,3426571,14,510701,21,3958464,1044,1347475,1102,907.29,19780436,14495689,0
2023-05-11,228,7519168,133,6531452,1,593111,12,3426583,23,510724,40,3958504,1043,1348518,1119,906.43,19781555,14495730,0
2023-05-12,166,7519334,133,6531585,1,593112,4,3426587,10,510734,17,3958521,876,1349394,912,869.29,19782467,14495752,0
2023-05-13,98,7519432,50,6531635,0,593112,1,3426588,5,510739,6,3958527,388,1349782,411,848.43,19782878,14495769,0
2023-05-14,59,7519491,23,6531658,0,593112,2,3426590,0,510739,3,3958530,194,1349976,204,833.14,19783082,14495777,0
2023-05-15,209,7519700,133,6531791,0,593112,4,3426594,9,510748,15,3958545,834,1350810,893,810,19783975,14495823,0
2023-05-16,250,7519950,110,6531901,0,593112,6,3426600,7,510755,14,3958559,803,1351613,851,784.57,19784826,14495858,0
2023-05-17,211,7520161,109,6532010,0,593112,4,3426604,5,510760,11,3958570,883,1352496,931,760.14,19785757,14495897,0
2023-05-18,221,7520382,108,6532118,0,593112,12,3426616,14,510774,29,3958599,765,1353261,825,718.14,19786582,14495931,0
2023-05-19,192,7520574,125,6532243,0,593112,9,3426625,11,510785,22,3958621,814,1354075,869,712,19787451,14495966,0
2023-05-20,125,7520699,44,6532287,0,593112,4,3426629,5,510790,10,3958631,350,1354425,394,709.57,19787845,14496001,0
2023-05-21,62,7520761,18,6532305,0,593112,2,3426631,1,510791,4,3958635,180,1354605,195,708.29,19788040,14496013,0
2023-05-22,220,7520981,99,6532404,0,593112,4,3426635,3,510794,7,3958642,792,1355397,819,697.71,19788859,14496033,0
2023-05-23,213,7521194,103,6532507,0,593112,12,3426647,6,510800,19,3958661,735,1356132,789,688.86,19789648,14496069,0
2023-05-24,218,7521412,128,6532635,2,593114,11,3426658,8,510808,22,3958683,819,1356951,870,680.14,19790518,14496101,0
2023-05-25,187,7521599,99,6532734,1,593115,4,3426662,6,510814,10,3958693,738,1357689,763,671.29,19791281,14496116,0
2023-05-26,178,7521777,142,6532876,0,593115,8,3426670,6,510820,15,3958708,747,1358436,793,660.43,19792074,14496148,0
2023-05-27,105,7521882,47,6532923,0,593115,5,3426675,6,510826,14,3958722,339,1358775,371,657.14,19792445,14496169,0
2023-05-28,52,7521934,16,6532939,1,593116,0,3426675,0,510826,0,3958722,187,1358962,192,656.71,19792637,14496174,0
2023-05-29,11,7521945,10,6532949,0,593116,1,3426676,0,510826,1,3958723,36,1358998,43,545.86,19792680,14496180,0
2023-05-30,219,7522164,112,6533061,0,593116,4,3426680,2,510828,7,3958730,796,1359794,822,550.57,19793502,14496200,0
2023-05-31,181,7522345,114,6533175,0,593116,8,3426688,2,510830,10,3958740,731,1360525,758,534.57,19794260,14496217,0
2023-06-01,180,7522525,92,6533267,1,593117,1,3426689,6,510836,7,3958747,702,1361227,722,528.71,19794982,14496230,0
2023-06-02,222,7522747,105,6533372,0,593117,7,3426696,2,510838,9,3958756,747,1361974,787,527.86,19795769,14496261,0
2023-06-03,89,7522836,37,6533409,0,593117,2,3426698,0,510838,2,3958758,342,1362316,363,526.71,19796132,14496280,0
2023-06-04,66,7522902,18,6533427,0,593117,2,3426700,3,510841,5,3958763,202,1362518,215,530,19796347,14496288,0
2023-06-05,196,7523098,95,6533522,0,593117,4,3426704,4,510845,10,3958773,707,1363225,736,629,19797083,14496309,0
2023-06-06,164,7523262,100,6533622,0,593117,8,3426712,3,510848,12,3958785,668,1363893,692,610.43,19797775,14496322,0
2023-06-07,170,7523432,96,6533718,2,593119,7,3426719,7,510855,14,3958799,704,1364597,731,606.57,19798506,14496335,0
2023-06-08,177,7523609,74,6533792,1,593120,3,3426722,10,510865,13,3958812,559,1365156,603,589.57,19799109,14496366,0
2023-06-09,163,7523772,102,6533894,0,593120,12,3426734,10,510875,22,3958834,688,1365844,730,581.43,19799839,14496386,0
2023-06-10,110,7523882,35,6533929,0,593120,6,3426740,5,510880,12,3958846,293,1366137,326,576.14,19800165,14496408,0
2023-06-11,51,7523933,15,6533944,0,593120,2,3426742,0,510880,2,3958848,172,1366309,179,571,19800344,14496413,0
2023-06-12,163,7524096,90,6534034,1,593121,6,3426748,2,510882,9,3958857,649,1366958,668,561.29,19801012,14496424,0
2023-06-13,166,7524262,88,6534122,0,593121,1,3426749,4,510886,5,3958862,644,1367602,657,556.29,19801669,14496432,0
2023-06-14,159,7524421,102,6534224,0,593121,8,3426757,3,510889,11,3958873,714,1368316,743,558,19802412,14496450,0
2023-06-15,149,7524570,84,6534308,2,593123,7,3426764,4,510893,12,3958885,623,1368939,644,563.86,19803056,14496460,0
2023-06-16,196,7524766,88,6534396,0,593123,3,3426767,0,510893,3,3958888,614,1369553,643,551.43,19803699,14496486,120000
2023-06-17,77,7524843,23,6534419,0,593123,2,3426769,2,510895,5,3958893,239,1369792,255,541.29,19803954,14496498,120000
2023-06-18,61,7524904,14,6534433,0,593123,1,3426770,2,510897,3,3958896,140,1369932,157,538.14,19804111,14496512,120000
2023-06-19,96,7525000,41,6534474,0,593123,2,3426772,2,510899,5,3958901,407,1370339,415,502,19804526,14496516,120000
2023-06-20,164,7525164,88,6534562,1,593124,3,3426775,1,510900,4,3958905,630,1370969,640,499.57,19805166,14496522,120000
2023-06-21,147,7525311,78,6534640,0,593124,10,3426785,1,510901,11,3958916,590,1371559,615,481.29,19805781,14496536,120000
2023-06-22,68,7525379,24,6534664,0,593124,2,3426787,2,510903,4,3958920,239,1371798,247,424.57,19806028,14496540,120000
