"DATE","ADMIN_DOSE1_DAILY","ADMIN_DOSE1_CUMULATIVE","ADMIN_DOSE2_DAILY","ADMIN_DOSE2_CUMULATIVE","ADMIN_SINGLE_DAILY","ADMIN_SINGLE_CUMULATIVE","ADMIN_ADDITIONAL_DAILY","ADMIN_ADDITIONAL_CUMULATIVE","ADMIN_ALLDOSES_DAILY","ADMIN_ALLDOSES_7DAYAVG","ADMIN_ALLDOSES_CUMULATIVE","INCOMPLETE"
"2020-12-14",79,79,0,0,0,0,0,0,79,,79,0
"2020-12-15",2052,2131,5,5,4,4,0,0,2061,,2140,0
"2020-12-16",4601,6732,13,18,1,5,1,1,4616,,6756,0
"2020-12-17",4655,11387,17,35,0,5,1,2,4673,,11429,0
"2020-12-18",5833,17220,20,55,2,7,2,4,5857,,17286,0
"2020-12-19",1690,18910,6,61,3,10,0,4,1699,,18985,0
"2020-12-20",1116,20026,2,63,1,11,0,4,1119,2872,20104,0
"2020-12-21",6338,26364,17,80,0,11,6,10,6361,3769.43,26465,0
"2020-12-22",9797,36161,27,107,2,13,1,11,9827,4878.86,36292,0
"2020-12-23",14273,50434,35,142,3,16,1,12,14312,6264,50604,0
"2020-12-24",7200,57634,25,167,1,17,0,12,7226,6628.71,57830,0
"2020-12-25",180,57814,0,167,0,17,1,13,181,5817.86,58011,0
"2020-12-26",4389,62203,43,210,0,17,1,14,4433,6208.43,62444,0
"2020-12-27",3868,66071,13,223,0,17,1,15,3882,6603.14,66326,0
"2020-12-28",10992,77063,50,273,1,18,3,18,11046,7272.43,77372,0
"2020-12-29",10723,87786,32,305,2,20,2,20,10759,7405.57,88131,0
"2020-12-30",12827,100613,44,349,0,20,0,20,12871,7199.71,101002,0
"2020-12-31",7260,107873,31,380,1,21,0,20,7292,7209.14,108294,0
"2021-01-01",181,108054,2,382,1,22,3,23,187,7210,108481,0
"2021-01-02",3810,111864,10,392,2,24,1,24,3823,7122.86,112304,0
"2021-01-03",3542,115406,23,415,2,26,1,25,3568,7078,115872,0
"2021-01-04",12256,127662,806,1221,2,28,6,31,13070,7367.14,128942,0
"2021-01-05",14082,141744,2193,3414,2,30,10,41,16287,8156.86,145229,0
"2021-01-06",17812,159556,3919,7333,1,31,29,70,21761,9426.86,166990,0
"2021-01-07",16546,176102,5175,12508,4,35,45,115,21770,11495.14,188760,0
"2021-01-08",16621,192723,5454,17962,0,35,31,146,22106,14626.43,210866,0
"2021-01-09",7655,200378,1463,19425,1,36,7,153,9126,15384,219992,0
"2021-01-10",7886,208264,979,20404,0,36,11,164,8876,16142.29,228868,0
"2021-01-11",25825,234089,7456,27860,2,38,47,211,33330,19036.57,262198,0
"2021-01-12",28266,262355,7858,35718,1,39,43,254,36168,21876.71,298366,0
"2021-01-13",31721,294076,9377,45095,1,40,54,308,41153,24647,339519,0
"2021-01-14",35805,329881,5327,50422,1,41,27,335,41160,27417,380679,0
"2021-01-15",29270,359151,3704,54126,2,43,32,367,33008,28974.43,413687,0
"2021-01-16",30290,389441,2381,56507,0,43,23,390,32694,32341.29,446381,0
"2021-01-17",23760,413201,1617,58124,0,43,18,408,25395,34701.14,471776,0
"2021-01-18",27112,440313,2408,60532,0,43,34,442,29554,34161.71,501330,0
"2021-01-19",34307,474620,9616,70148,1,44,66,508,43990,35279.14,545320,0
"2021-01-20",34867,509487,9491,79639,1,45,60,568,44419,35745.71,589739,0
"2021-01-21",25597,535084,8086,87725,2,47,49,617,33734,34684.86,623473,0
"2021-01-22",24757,559841,4383,92108,1,48,29,646,29170,34136.57,652643,0
"2021-01-23",15743,575584,3223,95331,0,48,10,656,18976,32176.86,671619,0
"2021-01-24",7180,582764,3447,98778,0,48,18,674,10645,30069.71,682264,0
"2021-01-25",13415,596179,11814,110592,0,48,64,738,25293,29461,707557,0
"2021-01-26",16770,612949,10743,121335,0,48,66,804,27579,27116.57,735136,0
"2021-01-27",20833,633782,12358,133693,0,48,49,853,33240,25519.57,768376,0
"2021-01-28",30767,664549,12842,146535,0,48,80,933,43689,26941.71,812065,0
"2021-01-29",31693,696242,11498,158033,0,48,75,1008,43266,28955.43,855331,0
"2021-01-30",18714,714956,3739,161772,0,48,20,1028,22473,29455,877804,0
"2021-01-31",13024,727980,2919,164691,1,49,26,1054,15970,30215.71,893774,0
"2021-02-01",1178,729158,5367,170058,4,53,36,1090,6585,27543.14,900359,0
"2021-02-02",2825,731983,9467,179525,2,55,51,1141,12345,25366.86,912704,0
"2021-02-03",16354,748337,21231,200756,4,59,203,1344,37792,26017.14,950496,0
"2021-02-04",27044,775381,19644,220400,3,62,201,1545,46892,26474.71,997388,0
"2021-02-05",27604,802985,20018,240418,0,62,183,1728,47805,27123.14,1045193,0
"2021-02-06",22992,825977,11243,251661,0,62,107,1835,34342,28818.71,1079535,0
"2021-02-07",12048,838025,8276,259937,1,63,86,1921,20411,29453.14,1099946,0
"2021-02-08",16973,854998,23505,283442,2,65,230,2151,40710,34328.14,1140656,0
"2021-02-09",17201,872199,28106,311548,2,67,325,2476,45634,39083.71,1186290,0
"2021-02-10",19598,891797,29302,340850,2,69,255,2731,49157,40707.29,1235447,0
"2021-02-11",27849,919646,33466,374316,2,71,344,3075,61661,42817.14,1297108,0
"2021-02-12",38412,958058,30788,405104,3,74,345,3420,69548,45923.29,1366656,0
"2021-02-13",28013,986071,25304,430408,2,76,302,3722,53621,48677.43,1420277,0
"2021-02-14",16287,1002358,23723,454131,0,76,257,3979,40267,51514,1460544,0
"2021-02-15",12798,1015156,10521,464652,2,78,165,4144,23486,49053.43,1484030,0
"2021-02-16",14242,1029398,26730,491382,0,78,313,4457,41285,48432.14,1525315,0
"2021-02-17",16407,1045805,22171,513553,1,79,282,4739,38861,46961.29,1564176,0
"2021-02-18",12157,1057962,24984,538537,21,100,278,5017,37440,43501.14,1601616,0
"2021-02-19",13271,1071233,23929,562466,39,139,292,5309,37531,38927.29,1639147,0
"2021-02-20",11351,1082584,26076,588542,6,145,322,5631,37755,36660.71,1676902,0
"2021-02-21",6362,1088946,17427,605969,15,160,278,5909,24082,34348.57,1700984,0
"2021-02-22",13040,1101986,11847,617816,2,162,122,6031,25011,34566.43,1725995,0
"2021-02-23",25244,1127230,14147,631963,1,163,158,6189,39550,34318.57,1765545,0
"2021-02-24",36357,1163587,20357,652320,0,163,213,6402,56927,36899.43,1822472,0
"2021-02-25",54617,1218204,30343,682663,6,169,388,6790,85354,43744.29,1907826,0
"2021-02-26",62884,1281088,31834,714497,4,173,394,7184,95116,51970.71,2002942,0
"2021-02-27",51305,1332393,22732,737229,47,220,325,7509,74409,57207,2077351,0
"2021-02-28",44606,1376999,13783,751012,7,227,201,7710,58597,62137.71,2135948,0
"2021-03-01",39317,1416316,12746,763758,10,237,168,7878,52241,66027.71,2188189,0
"2021-03-02",47084,1463400,12542,776300,7,244,157,8035,59790,68919.14,2247979,0
"2021-03-03",48609,1512009,16123,792423,17,261,146,8181,64895,70057.43,2312874,0
"2021-03-04",59829,1571838,22786,815209,1092,1353,261,8442,83968,69859.43,2396842,0
"2021-03-05",60993,1632831,24245,839454,3109,4462,330,8772,88677,68939.57,2485519,0
"2021-03-06",47179,1680010,18865,858319,5449,9911,233,9005,71726,68556.29,2557245,0
"2021-03-07",36048,1716058,14848,873167,6247,16158,225,9230,57368,68380.71,2614613,0
"2021-03-08",39616,1755674,14660,887827,8565,24723,308,9538,63149,69939,2677762,0
"2021-03-09",39104,1794778,12790,900617,7767,32490,176,9714,59837,69945.71,2737599,0
"2021-03-10",51831,1846609,15268,915885,5069,37559,221,9935,72389,71016.29,2809988,0
"2021-03-11",60005,1906614,21754,937639,4618,42177,249,10184,86626,71396,2896614,0
"2021-03-12",52205,1958819,30266,967905,4182,46359,370,10554,87023,71159.71,2983637,0
"2021-03-13",40665,1999484,26666,994571,5110,51469,321,10875,72762,71307.71,3056399,0
"2021-03-14",30722,2030206,15934,1010505,4528,55997,236,11111,51420,70458,3107819,0
"2021-03-15",33588,2063794,17218,1027723,4722,60719,231,11342,55759,69402.29,3163578,0
"2021-03-16",38676,2102470,20466,1048189,4925,65644,250,11592,64317,70042.29,3227895,0
"2021-03-17",42625,2145095,24739,1072928,4246,69890,335,11927,71945,69978.86,3299840,0
"2021-03-18",50480,2195575,26733,1099661,5240,75130,359,12286,82812,69434,3382652,0
"2021-03-19",47809,2243384,29891,1129552,5624,80754,386,12672,83710,68960.71,3466362,0
"2021-03-20",38713,2282097,25773,1155325,4690,85444,289,12961,69465,68489.71,3535827,0
"2021-03-21",29306,2311403,19298,1174623,771,86215,216,13177,49591,68228.43,3585418,0
"2021-03-22",33867,2345270,26686,1201309,4038,90253,258,13435,64849,69527,3650267,0
"2021-03-23",38440,2383710,32787,1234096,4221,94474,276,13711,75724,71156.57,3725991,0
"2021-03-24",41511,2425221,37535,1271631,4849,99323,314,14025,84209,72908.57,3810200,0
"2021-03-25",43424,2468645,50686,1322317,5053,104376,457,14482,99620,75309.71,3909820,0
"2021-03-26",38518,2507163,55401,1377718,4311,108687,515,14997,98745,77457.57,4008565,0
"2021-03-27",35755,2542918,45636,1423354,2939,111626,401,15398,84731,79638.43,4093296,0
"2021-03-28",26400,2569318,34365,1457719,1481,113107,318,15716,62564,81491.71,4155860,0
"2021-03-29",34837,2604155,38749,1496468,3248,116355,325,16041,77159,83250.29,4233019,0
"2021-03-30",40521,2644676,41874,1538342,3713,120068,313,16354,86421,84778.43,4319440,0
"2021-03-31",49415,2694091,44802,1583144,7441,127509,389,16743,102047,87326.71,4421487,0
"2021-04-01",50781,2744872,53921,1637065,11273,138782,488,17231,116463,89732.86,4537950,0
"2021-04-02",43765,2788637,53847,1690912,11973,150755,533,17764,110118,91357.57,4648068,0
"2021-04-03",39265,2827902,39172,1730084,9861,160616,331,18095,88629,91914.43,4736697,0
"2021-04-04",26562,2854464,24687,1754771,3901,164517,222,18317,55372,90887,4792069,0
"2021-04-05",41886,2896350,34409,1789180,11195,175712,358,18675,87848,92414,4879917,0
"2021-04-06",53283,2949633,35534,1824714,13220,188932,418,19093,102455,94704.57,4982372,0
"2021-04-07",55522,3005155,40663,1865377,14383,203315,385,19478,110953,95976.86,5093325,0
"2021-04-08",59278,3064433,46545,1911922,16334,219649,499,19977,122656,96861.57,5215981,0
"2021-04-09",56657,3121090,44922,1956844,17549,237198,494,20471,119622,98219.29,5335603,0
"2021-04-10",49367,3170457,35638,1992482,12727,249925,372,20843,98104,99572.86,5433707,0
"2021-04-11",38196,3208653,28808,2021290,7687,257612,283,21126,74974,102373.14,5508681,0
"2021-04-12",46652,3255305,31837,2053127,13495,271107,452,21578,92436,103028.57,5601117,0
"2021-04-13",52565,3307870,33774,2086901,368,271475,386,21964,87093,100834,5688210,0
"2021-04-14",50167,3358037,39947,2126848,20,271495,357,22321,90491,97910.86,5778701,0
"2021-04-15",52144,3410181,43663,2170511,16,271511,447,22768,96270,94141.43,5874971,0
"2021-04-16",51195,3461376,42221,2212732,32,271543,402,23170,93850,90459.71,5968821,0
"2021-04-17",43852,3505228,35682,2248414,3,271546,362,23532,79899,87859,6048720,0
"2021-04-18",28614,3533842,29374,2277788,7,271553,241,23773,58236,85467.86,6106956,0
"2021-04-19",37486,3571328,36443,2314231,22,271575,304,24077,74255,82870.57,6181211,0
"2021-04-20",40818,3612146,39633,2353864,19,271594,293,24370,80763,81966.29,6261974,0
"2021-04-21",38914,3651060,45960,2399824,15,271609,480,24850,85369,81234.57,6347343,0
"2021-04-22",38524,3689584,48944,2448768,9,271618,323,25173,87800,80024.57,6435143,0
"2021-04-23",39717,3729301,44366,2493134,4,271622,344,25517,84431,78679,6519574,0
"2021-04-24",31969,3761270,41596,2534730,44,271666,270,25787,73879,77819,6593453,0
"2021-04-25",18428,3779698,31230,2565960,86,271752,183,25970,49927,76632,6643380,0
"2021-04-26",26982,3806680,40726,2606686,1013,272765,276,26246,68997,75880.86,6712377,0
"2021-04-27",28578,3835258,47118,2653804,1696,274461,342,26588,77734,75448.14,6790111,0
"2021-04-28",27056,3862314,56832,2710636,2146,276607,416,27004,86450,75602.57,6876561,0
"2021-04-29",28622,3890936,57176,2767812,2145,278752,355,27359,88298,75673.71,6964859,0
"2021-04-30",30131,3921067,51979,2819791,2056,280808,274,27633,84440,75675,7049299,0
"2021-05-01",22485,3943552,44550,2864341,1176,281984,221,27854,68432,74896.86,7117731,0
"2021-05-02",11933,3955485,36647,2900988,1080,283064,134,27988,49794,74877.86,7167525,0
"2021-05-03",18037,3973522,53017,2954005,2383,285447,241,28229,73678,75546.57,7241203,0
"2021-05-04",22748,3996270,56642,3010647,2330,287777,255,28484,81975,76152.43,7323178,0
"2021-05-05",21481,4017751,48792,3059439,2311,290088,308,28792,72892,74215.57,7396070,0
"2021-05-06",20695,4038446,50174,3109613,2509,292597,261,29053,73639,72121.43,7469709,0
"2021-05-07",21267,4059713,52093,3161706,2812,295409,300,29353,76472,70983.14,7546181,0
"2021-05-08",16634,4076347,41879,3203585,1835,297244,220,29573,60568,69859.71,7606749,0
"2021-05-09",7977,4084324,29411,3232996,1260,298504,149,29722,38797,68288.71,7645546,0
"2021-05-10",14400,4098724,38539,3271535,2356,300860,219,29941,55514,65693.86,7701060,0
"2021-05-11",19930,4118654,43050,3314585,2514,303374,275,30216,65769,63378.71,7766829,0
"2021-05-12",17815,4136469,40534,3355119,3596,306970,226,30442,62171,61847.14,7829000,0
"2021-05-13",24986,4161455,40427,3395546,3228,310198,257,30699,68898,61169.86,7897898,0
"2021-05-14",27038,4188493,42905,3438451,3536,313734,276,30975,73755,60781.71,7971653,0
"2021-05-15",23661,4212154,34925,3473376,3366,317100,235,31210,62187,61013,8033840,0
"2021-05-16",15547,4227701,19432,3492808,2497,319597,124,31334,37600,60842,8071440,0
"2021-05-17",22679,4250380,29141,3521949,3257,322854,173,31507,55250,60804.29,8126690,0
"2021-05-18",24645,4275025,31903,3553852,3403,326257,230,31737,60181,60006,8186871,0
"2021-05-19",24212,4299237,29708,3583560,3039,329296,218,31955,57177,59292.57,8244048,0
"2021-05-20",24171,4323408,30082,3613642,3160,332456,263,32218,57676,57689.43,8301724,0
"2021-05-21",24696,4348104,31999,3645641,3060,335516,240,32458,59995,55723.71,8361719,0
"2021-05-22",20031,4368135,24353,3669994,2525,338041,155,32613,47064,53563.29,8408783,0
"2021-05-23",11240,4379375,13724,3683718,1411,339452,97,32710,26472,51973.57,8435255,0
"2021-05-24",18886,4398261,23147,3706865,2757,342209,214,32924,45004,50509.86,8480259,0
"2021-05-25",19446,4417707,23371,3730236,2604,344813,173,33097,45594,48426,8525853,0
"2021-05-26",18792,4436499,21075,3751311,2696,347509,198,33295,42761,46366.57,8568614,0
"2021-05-27",18481,4454980,21263,3772574,2530,350039,189,33484,42463,44193.29,8611077,0
"2021-05-28",17878,4472858,22887,3795461,2752,352791,182,33666,43699,41865.29,8654776,0
"2021-05-29",12715,4485573,17802,3813263,1755,354546,102,33768,32374,39766.71,8687150,0
"2021-05-30",7033,4492606,8950,3822213,1074,355620,42,33810,17099,38427.71,8704249,0
"2021-05-31",4743,4497349,6923,3829136,1011,356631,64,33874,12741,33818.71,8716990,0
"2021-06-01",16050,4513399,25194,3854330,2174,358805,149,34023,43567,33529.14,8760557,0
"2021-06-02",15356,4528755,20386,3874716,2094,360899,138,34161,37974,32845.29,8798531,0
"2021-06-03",15013,4543768,23812,3898528,2280,363179,121,34282,41226,32668.57,8839757,0
"2021-06-04",14738,4558506,25979,3924507,2492,365671,142,34424,43351,32618.86,8883108,0
"2021-06-05",11001,4569507,22078,3946585,1806,367477,111,34535,34996,32993.43,8918104,0
"2021-06-06",6453,4575960,14466,3961051,1222,368699,80,34615,22221,33725.14,8940325,0
"2021-06-07",11718,4587678,21778,3982829,2379,371078,140,34755,36015,37050,8976340,0
"2021-06-08",12661,4600339,24013,4006842,2072,373150,116,34871,38862,36377.86,9015202,0
"2021-06-09",11158,4611497,23020,4029862,2298,375448,130,35001,36606,36182.43,9051808,0
"2021-06-10",12079,4623576,22227,4052089,2461,377909,138,35139,36905,35565.14,9088713,0
"2021-06-11",12714,4636290,25107,4077196,2482,380391,150,35289,40453,35151.14,9129166,0
"2021-06-12",10170,4646460,19302,4096498,1888,382279,93,35382,31453,34645,9160619,0
"2021-06-13",4259,4650719,10935,4107433,1220,383499,42,35424,16456,33821.43,9177075,0
"2021-06-14",10221,4660940,19233,4126666,2042,385541,123,35547,31619,33193.43,9208694,0
"2021-06-15",11894,4672834,21006,4147672,1943,387484,123,35670,34966,32636.86,9243660,0
"2021-06-16",11598,4684432,19399,4167071,1958,389442,138,35808,33093,32135,9276753,0
"2021-06-17",11028,4695460,18758,4185829,1969,391411,116,35924,31871,31415.86,9308624,0
"2021-06-18",12174,4707634,18494,4204323,2115,393526,111,36035,32894,30336,9341518,0
"2021-06-19",8505,4716139,13521,4217844,1460,394986,77,36112,23563,29208.86,9365081,0
"2021-06-20",4335,4720474,7162,4225006,924,395910,36,36148,12457,28637.57,9377538,0
"2021-06-21",10171,4730645,10003,4235009,1806,397716,65,36213,22045,27269.86,9399583,0
"2021-06-22",9844,4740489,15637,4250646,1590,399306,102,36315,27173,26156.57,9426756,0
"2021-06-23",10326,4750815,15172,4265818,1861,401167,103,36418,27462,25352.14,9454218,0
"2021-06-24",9695,4760510,14694,4280512,1798,402965,115,36533,26302,24556.57,9480520,0
"2021-06-25",10599,4771109,14378,4294890,1718,404683,109,36642,26804,23686.57,9507324,0
"2021-06-26",7813,4778922,10457,4305347,1246,405929,74,36716,19590,23119,9526914,0
"2021-06-27",5005,4783927,5997,4311344,796,406725,32,36748,11830,23029.43,9538744,0
"2021-06-28",9036,4792963,10342,4321686,1524,408249,104,36852,21006,22881,9559750,0
"2021-06-29",9753,4802716,12314,4334000,1347,409596,121,36973,23535,22361.29,9583285,0
"2021-06-30",9430,4812146,10927,4344927,1480,411076,145,37118,21982,21578.43,9605267,0
"2021-07-01",9401,4821547,10925,4355852,1430,412506,125,37243,21881,20946.86,9627148,0
"2021-07-02",9696,4831243,11434,4367286,1541,414047,122,37365,22793,20373.86,9649941,0
"2021-07-03",7062,4838305,8419,4375705,1193,415240,76,37441,16750,19968.14,9666691,0
"2021-07-04",1289,4839594,1335,4377040,567,415807,8,37449,3199,18735.14,9669890,0
"2021-07-05",6496,4846090,7101,4384141,1208,417015,65,37514,14870,17858.57,9684760,0
"2021-07-06",9517,4855607,12843,4396984,1317,418332,115,37629,23792,17895.29,9708552,0
"2021-07-07",8680,4864287,11104,4408088,1419,419751,119,37748,21322,17801,9729874,0
"2021-07-08",8211,4872498,10193,4418281,1260,421011,106,37854,19770,17499.43,9749644,0
"2021-07-09",8380,4880878,10827,4429108,1279,422290,88,37942,20574,17182.43,9770218,0
"2021-07-10",7113,4887991,8624,4437732,1133,423423,63,38005,16933,17208.57,9787151,0
"2021-07-11",4105,4892096,4539,4442271,703,424126,35,38040,9382,18091.86,9796533,0
"2021-07-12",8457,4900553,9550,4451821,1250,425376,78,38118,19335,18729.71,9815868,0
"2021-07-13",9472,4910025,9380,4461201,951,426327,103,38221,19906,18174.57,9835774,0
"2021-07-14",9008,4919033,9526,4470727,1009,427336,103,38324,19646,17935.14,9855420,0
"2021-07-15",8798,4927831,9146,4479873,1052,428388,80,38404,19076,17836,9874496,0
"2021-07-16",9246,4937077,9762,4489635,978,429366,101,38505,20087,17766.43,9894583,0
"2021-07-17",6849,4943926,7384,4497019,802,430168,78,38583,15113,17506.43,9909696,0
"2021-07-18",4260,4948186,4285,4501304,569,430737,33,38616,9147,17472.86,9918843,0
"2021-07-19",9132,4957318,8464,4509768,999,431736,90,38706,18685,17380,9937528,0
"2021-07-20",10658,4967976,8753,4518521,991,432727,90,38796,20492,17463.71,9958020,0
"2021-07-21",10061,4978037,8756,4527277,903,433630,141,38937,19861,17494.43,9977881,0
"2021-07-22",10685,4988722,8582,4535859,1044,434674,140,39077,20451,17690.86,9998332,0
"2021-07-23",11259,4999981,8876,4544735,1114,435788,134,39211,21383,17876,10019715,0
"2021-07-24",7408,5007389,6734,4551469,670,436458,81,39292,14893,17844.57,10034608,0
"2021-07-25",5481,5012870,2119,4553588,509,436967,59,39351,8168,17704.71,10042776,0
"2021-07-26",10882,5023752,6992,4560580,859,437826,109,39460,18842,17727.14,10061618,0
"2021-07-27",12064,5035816,8564,4569144,857,438683,129,39589,21614,17887.43,10083232,0
"2021-07-28",11999,5047815,8046,4577190,950,439633,129,39718,21124,18067.86,10104356,0
"2021-07-29",10945,5058760,7424,4584614,983,440616,128,39846,19480,17929.14,10123836,0
"2021-07-30",14957,5073717,8006,4592620,1149,441765,178,40024,24290,18344.43,10148126,0
"2021-07-31",9739,5083456,6307,4598927,816,442581,116,40140,16978,18642.29,10165104,0
"2021-08-01",6505,5089961,3309,4602236,564,443145,79,40219,10457,18969.29,10175561,0
"2021-08-02",13456,5103417,7151,4609387,848,443993,143,40362,21598,19363,10197159,0
"2021-08-03",15422,5118839,8382,4617769,1107,445100,144,40506,25055,19854.57,10222214,0
"2021-08-04",17263,5136102,8120,4625889,1455,446555,177,40683,27015,20696.14,10249229,0
"2021-08-05",17873,5153975,7919,4633808,1365,447920,161,40844,27318,21815.86,10276547,0
"2021-08-06",18180,5172155,8404,4642212,1233,449153,166,41010,27983,22343.43,10304530,0
"2021-08-07",13390,5185545,6014,4648226,799,449952,97,41107,20300,22818,10324830,0
"2021-08-08",9312,5194857,3833,4652059,399,450351,79,41186,13623,23270.29,10338453,0
"2021-08-09",21339,5216196,8530,4660589,963,451314,167,41353,30999,24613.29,10369452,0
"2021-08-10",18932,5235128,9324,4669913,950,452264,168,41521,29374,25230.29,10398826,0
"2021-08-11",15659,5250787,8306,4678219,852,453116,123,41644,24940,24933.86,10423766,0
"2021-08-12",15055,5265842,8973,4687192,937,454053,166,41810,25131,24621.43,10448897,0
"2021-08-13",14929,5280771,9279,4696471,921,454974,237,42047,25366,24247.57,10474263,0
"2021-08-14",10416,5291187,6406,4702877,625,455599,522,42569,17969,23914.57,10492232,0
"2021-08-15",6699,5297886,4474,4707351,677,456276,565,43134,12415,23742,10504647,0
"2021-08-16",15726,5313612,9285,4716636,1149,457425,1315,44449,27475,23238.57,10532122,0
"2021-08-17",17778,5331390,10439,4727075,1217,458642,1750,46199,31184,23497.14,10563306,0
"2021-08-18",17520,5348910,10357,4737432,1255,459897,1969,48168,31101,24377.29,10594407,0
"2021-08-19",16317,5365227,9517,4746949,1316,461213,1935,50103,29085,24942.14,10623492,0
"2021-08-20",16297,5381524,11533,4758482,1254,462467,1842,51945,30926,25736.43,10654418,0
"2021-08-21",11162,5392686,8040,4766522,877,463344,1048,52993,21127,26187.57,10675545,0
"2021-08-22",4088,5396774,3904,4770426,262,463606,511,53504,8765,25666.14,10684310,0
"2021-08-23",15583,5412357,11791,4782217,1023,464629,1540,55044,29937,26017.86,10714247,0
"2021-08-24",16923,5429280,12592,4794809,1006,465635,1768,56812,32289,26175.71,10746536,0
"2021-08-25",14590,5443870,12434,4807243,1111,466746,1556,58368,29691,25974.29,10776227,0
"2021-08-26",16178,5460048,14073,4821316,1072,467818,1758,60126,33081,26545.14,10809308,0
"2021-08-27",14880,5474928,14813,4836129,972,468790,1650,61776,32315,26743.57,10841623,0
"2021-08-28",10693,5485621,11514,4847643,836,469626,1002,62778,24045,27160.43,10865668,0
"2021-08-29",7221,5492842,7491,4855134,541,470167,770,63548,16023,28197.29,10881691,0
"2021-08-30",15536,5508378,16913,4872047,1078,471245,1777,65325,35304,28964,10916995,0
"2021-08-31",15531,5523909,15939,4887986,952,472197,1949,67274,34371,29261.43,10951366,0
"2021-09-01",14840,5538749,14095,4902081,1021,473218,1784,69058,31740,29554.14,10983106,0
"2021-09-02",14351,5553100,12515,4914596,896,474114,1681,70739,29443,29034.43,11012549,0
"2021-09-03",15028,5568128,14293,4928889,974,475088,1880,72619,32175,29014.43,11044724,0
"2021-09-04",9651,5577779,9403,4938292,688,475776,956,73575,20698,28536.29,11065422,0
"2021-09-05",6812,5584591,5512,4943804,438,476214,699,74274,13461,28170.29,11078883,0
"2021-09-06",5204,5589795,4506,4948310,358,476572,266,74540,10334,24603.14,11089217,0
"2021-09-07",15586,5605381,17683,4965993,913,477485,1527,76067,35709,24794.29,11124926,0
"2021-09-08",16180,5621561,14821,4980814,1073,478558,1748,77815,33822,25091.71,11158748,0
"2021-09-09",16123,5637684,14737,4995551,1047,479605,1895,79710,33802,25714.43,11192550,0
"2021-09-10",18378,5656062,15386,5010937,1209,480814,1956,81666,36929,26393.57,11229479,0
"2021-09-11",12648,5668710,10342,5021279,958,481772,1016,82682,24964,27003,11254443,0
"2021-09-12",8546,5677256,5047,5026326,766,482538,682,83364,15041,27228.71,11269484,0
"2021-09-13",16952,5694208,12940,5039266,973,483511,1630,84994,32495,30394.57,11301979,0
"2021-09-14",16285,5710493,13668,5052934,886,484397,1578,86572,32417,29924.29,11334396,0
"2021-09-15",15574,5726067,12850,5065784,728,485125,1561,88133,30713,29480.14,11365109,0
"2021-09-16",15358,5741425,13904,5079688,1212,486337,1434,89567,31908,29209.57,11397017,0
"2021-09-17",14440,5755865,13958,5093646,922,487259,1814,91381,31134,28381.71,11428151,0
"2021-09-18",10019,5765884,10165,5103811,913,488172,1041,92422,22138,27978,11450289,0
"2021-09-19",6187,5772071,6068,5109879,557,488729,738,93160,13550,27765,11463839,0
"2021-09-20",12697,5784768,12625,5122504,1069,489798,1902,95062,28293,27164.71,11492132,0
"2021-09-21",12252,5797020,12758,5135262,1111,490909,2001,97063,28122,26551.14,11520254,0
"2021-09-22",12854,5809874,11986,5147248,1090,491999,1650,98713,27580,26103.57,11547834,0
"2021-09-23",14964,5824838,12747,5159995,1638,493637,2224,100937,31573,26055.71,11579407,0
"2021-09-24",16473,5841311,13350,5173345,1632,495269,4538,105475,35993,26749.86,11615400,0
"2021-09-25",10567,5851878,9017,5182362,1017,496286,3388,108863,23989,27014.29,11639389,0
"2021-09-26",6328,5858206,5754,5188116,773,497059,2381,111244,15236,27255.14,11654625,0
"2021-09-27",14193,5872399,8046,5196162,1154,498213,8874,120118,32267,27822.86,11686892,0
"2021-09-28",11178,5883577,11765,5207927,901,499114,9693,129811,33537,28596.43,11720429,0
"2021-09-29",11636,5895213,12178,5220105,1205,500319,9262,139073,34281,29553.71,11754710,0
"2021-09-30",12271,5907484,12586,5232691,1338,501657,9574,148647,35769,30153.14,11790479,0
"2021-10-01",12679,5920163,13417,5246108,1284,502941,10148,158795,37528,30372.43,11828007,0
"2021-10-02",7747,5927910,9974,5256082,864,503805,4166,162961,22751,30195.57,11850758,0
"2021-10-03",5085,5932995,6158,5262240,594,504399,2574,165535,14411,30077.71,11865169,0
"2021-10-04",9939,5942934,11024,5273264,913,505312,9400,174935,31276,29936.14,11896445,0
"2021-10-05",10197,5953131,11743,5285007,972,506284,9842,184777,32754,29824.29,11929199,0
"2021-10-06",9945,5963076,11049,5296056,937,507221,9836,194613,31767,29465.14,11960966,0
"2021-10-07",9703,5972779,12177,5308233,852,508073,10094,204707,32826,29044.71,11993792,0
"2021-10-08",9507,5982286,12148,5320381,943,509016,10797,215504,33395,28454.29,12027187,0
"2021-10-09",6283,5988569,8276,5328657,649,509665,4050,219554,19258,27955.29,12046445,0
"2021-10-10",3552,5992121,5020,5333677,458,510123,2400,221954,11430,27529.43,12057875,0
"2021-10-11",7648,5999769,9328,5343005,728,510851,8829,230783,26533,26851.86,12084408,0
"2021-10-12",8102,6007871,10993,5353998,890,511741,10408,241191,30393,26514.57,12114801,0
"2021-10-13",7196,6015067,10147,5364145,870,512611,8653,249844,26866,25814.43,12141667,0
"2021-10-14",7474,6022541,11107,5375252,836,513447,9967,259811,29384,25322.71,12171051,0
"2021-10-15",7757,6030298,11859,5387111,823,514270,10663,270474,31102,24995.14,12202153,0
"2021-10-16",4878,6035176,7456,5394567,666,514936,3771,274245,16771,24639.86,12218924,0
"2021-10-17",3066,6038242,4476,5399043,411,515347,2409,276654,10362,24487.29,12229286,0
"2021-10-18",7093,6045335,10652,5409695,797,516144,9315,285969,27857,24676.43,12257143,0
"2021-10-19",6609,6051944,8938,5418633,806,516950,8948,294917,25301,23949,12282444,0
"2021-10-20",6573,6058517,9373,5428006,975,517925,9854,304771,26775,23936,12309219,0
"2021-10-21",7071,6065588,9376,5437382,859,518784,10716,315487,28022,23741.43,12337241,0
"2021-10-22",8174,6073762,10346,5447728,1027,519811,16219,331706,35766,24407.71,12373007,0
"2021-10-23",5202,6078964,6462,5454190,690,520501,9046,340752,21400,25069,12394407,0
"2021-10-24",3290,6082254,3966,5458156,770,521271,6129,346881,14155,25610.86,12408562,0
"2021-10-25",8832,6091086,8749,5466905,1148,522419,19130,366011,37859,27039.71,12446421,0
"2021-10-26",8244,6099330,7727,5474632,1259,523678,17176,383187,34406,28340.43,12480827,0
"2021-10-27",10632,6109962,8388,5483020,1604,525282,20720,403907,41344,30421.71,12522171,0
"2021-10-28",11393,6121355,8041,5491061,1794,527076,20726,424633,41954,32412,12564125,0
"2021-10-29",11897,6133252,8242,5499303,1964,529040,22397,447030,44500,33659.71,12608625,0
"2021-10-30",4657,6137909,5051,5504354,934,529974,11099,458129,21741,33708.43,12630366,0
"2021-10-31",2684,6140593,2702,5507056,545,530519,6593,464722,12524,33475.43,12642890,0
"2021-11-01",7205,6147798,6949,5514005,1090,531609,20238,484960,35482,33135.86,12678372,0
"2021-11-02",6642,6154440,6582,5520587,1053,532662,20619,505579,34896,33205.86,12713268,0
"2021-11-03",6912,6161352,6671,5527258,1028,533690,20491,526070,35102,32314.14,12748370,0
"2021-11-04",9361,6170713,6271,5533529,996,534686,22214,548284,38842,31869.57,12787212,0
"2021-11-05",11136,6181849,6721,5540250,1052,535738,23622,571906,42531,31588.29,12829743,0
"2021-11-06",11149,6192998,4050,5544300,593,536331,12538,584444,28330,32529.57,12858073,0
"2021-11-07",7286,6200284,2283,5546583,576,536907,7067,591511,17212,33199.29,12875285,0
"2021-11-08",15114,6215398,5674,5552257,868,537775,19392,610903,41048,33994.43,12916333,0
"2021-11-09",16208,6231606,5374,5557631,662,538437,20411,631314,42655,35102.86,12958988,0
"2021-11-10",17008,6248614,5327,5562958,684,539121,22506,653820,45525,36591.86,13004513,0
"2021-11-11",12639,6261253,5193,5568151,760,539881,21935,675755,40527,36832.57,13045040,0
"2021-11-12",16958,6278211,5676,5573827,709,540590,23273,699028,46616,37416.14,13091656,0
"2021-11-13",9977,6288188,3665,5577492,466,541056,13281,712309,27389,37281.71,13119045,0
"2021-11-14",6047,6294235,2292,5579784,325,541381,7900,720209,16564,37189.14,13135609,0
"2021-11-15",13312,6307547,5969,5585753,690,542071,24975,745184,44946,37746,13180555,0
"2021-11-16",10056,6317603,5790,5591543,656,542727,30526,775710,47028,38370.71,13227583,0
"2021-11-17",10395,6327998,6672,5598215,682,543409,31256,806966,49005,38867.86,13276588,0
"2021-11-18",10813,6338811,6548,5604763,861,544270,32877,839843,51099,40378.14,13327687,0
"2021-11-19",12117,6350928,6552,5611315,717,544987,36121,875964,55507,41648.29,13383194,0
"2021-11-20",9391,6360319,3424,5614739,514,545501,22416,898380,35745,42842,13418939,0
"2021-11-21",5015,6365334,1892,5616631,288,545789,13144,911524,20339,43381.29,13439278,0
"2021-11-22",10566,6375900,5788,5622419,753,546542,35718,947242,52825,44506.86,13492103,0
"2021-11-23",9906,6385806,4778,5627197,635,547177,33354,980596,48673,44741.86,13540776,0
"2021-11-24",8794,6394600,4757,5631954,651,547828,25821,1006417,40023,43458.71,13580799,0
"2021-11-25",455,6395055,324,5632278,80,547908,995,1007412,1854,36423.71,13582653,0
"2021-11-26",8126,6403181,6987,5639265,528,548436,26496,1033908,42137,34513.71,13624790,0
"2021-11-27",6733,6409914,6811,5646076,373,548809,18747,1052655,32664,34073.57,13657454,0
"2021-11-28",4118,6414032,5781,5651857,283,549092,11817,1064472,21999,34310.71,13679453,0
"2021-11-29",9209,6423241,10979,5662836,688,549780,34842,1099314,55718,34724,13735171,0
"2021-11-30",10615,6433856,11415,5674251,513,550293,37571,1136885,60114,36358.43,13795285,0
"2021-12-01",11329,6445185,10954,5685205,723,551016,40175,1177060,63181,39666.71,13858466,0
"2021-12-02",11766,6456951,11014,5696219,626,551642,41871,1218931,65277,48727.14,13923743,0
"2021-12-03",13651,6470602,12849,5709068,676,552318,47731,1266662,74907,53408.57,13998650,0
"2021-12-04",9933,6480535,11228,5720296,567,552885,30551,1297213,52279,56210.71,14050929,0
"2021-12-05",5804,6486339,5704,5726000,270,553155,16605,1313818,28383,57122.71,14079312,0
"2021-12-06",12482,6498821,9931,5735931,603,553758,43086,1356904,66102,58606.14,14145414,0
"2021-12-07",12715,6511536,9211,5745142,625,554383,42892,1399796,65443,59367.43,14210857,0
"2021-12-08",13700,6525236,8739,5753881,556,554939,40607,1440403,63602,59427.57,14274459,0
"2021-12-09",13636,6538872,8747,5762628,558,555497,40663,1481066,63604,59188.57,14338063,0
"2021-12-10",14181,6553053,10103,5772731,667,556164,43449,1524515,68400,58259,14406463,0
"2021-12-11",10338,6563391,8049,5780780,405,556569,26640,1551155,45432,57280.86,14451895,0
"2021-12-12",6077,6569468,3855,5784635,288,556857,15111,1566266,25331,56844.86,14477226,0
"2021-12-13",12367,6581835,7404,5792039,657,557514,37741,1604007,58169,55711.57,14535395,0
"2021-12-14",12346,6594181,6941,5798980,734,558248,38015,1642022,58036,54653.43,14593431,0
"2021-12-15",12274,6606455,6239,5805219,755,559003,37947,1679969,57215,53741,14650646,0
"2021-12-16",13272,6619727,4245,5809464,734,559737,40840,1720809,59091,53096.29,14709737,0
"2021-12-17",16148,6635875,6913,5816377,620,560357,46442,1767251,70123,53342.43,14779860,0
"2021-12-18",13102,6648977,5712,5822089,432,560789,30467,1797718,49713,53954,14829573,0
"2021-12-19",7088,6656065,2988,5825077,327,561116,17913,1815631,28316,54380.43,14857889,0
"2021-12-20",17041,6673106,5866,5830943,747,561863,47226,1862857,70880,56196.29,14928769,0
"2021-12-21",18088,6691194,6542,5837485,808,562671,48694,1911551,74132,58495.71,15002901,0
"2021-12-22",18677,6709871,6544,5844029,938,563609,49431,1960982,75590,61120.71,15078491,0
"2021-12-23",19145,6729016,6466,5850495,929,564538,45659,2006641,72199,62993.29,15150690,0
"2021-12-24",9265,6738281,2954,5853449,598,565136,20551,2027192,33368,57742.57,15184058,0
"2021-12-25",342,6738623,65,5853514,31,565167,423,2027615,861,50763.71,15184919,0
"2021-12-26",8002,6746625,3923,5857437,340,565507,17238,2044853,29503,50933.29,15214422,0
"2021-12-27",21897,6768522,9194,5866631,933,566440,43303,2088156,75327,51568.57,15289749,0
"2021-12-28",20247,6788769,8311,5874942,698,567138,47442,2135598,76698,51935.14,15366447,0
"2021-12-29",18563,6807332,7641,5882583,606,567744,45380,2180978,72190,51449.43,15438637,0
"2021-12-30",16931,6824263,7403,5889986,579,568323,44679,2225657,69592,51077,15508229,0
"2021-12-31",5374,6829637,2791,5892777,193,568516,14701,2240358,23059,49604.29,15531288,0
"2022-01-01",237,6829874,141,5892918,11,568527,493,2240851,882,49607.29,15532170,0
"2022-01-02",6464,6836338,5003,5897921,153,568680,10960,2251811,22580,48618.29,15554750,0
"2022-01-03",14214,6850552,8467,5906388,514,569194,26783,2278594,49978,44997,15604728,0
"2022-01-04",13181,6863733,8050,5914438,412,569606,26875,2305469,48518,40971.29,15653246,0
"2022-01-05",11705,6875438,6945,5921383,385,569991,25631,2331100,44666,37039.29,15697912,0
"2022-01-06",11631,6887069,7348,5928731,481,570472,27321,2358421,46781,33780.57,15744693,0
"2022-01-07",10531,6897600,8410,5937141,336,570808,24856,2383277,44133,36791.14,15788826,0
"2022-01-08",7990,6905590,8527,5945668,310,571118,19339,2402616,36166,41831.71,15824992,0
"2022-01-09",4162,6909752,3842,5949510,215,571333,10031,2412647,18250,41213.14,15843242,0
"2022-01-10",10240,6919992,8167,5957677,489,571822,24494,2437141,43390,40272,15886632,0
"2022-01-11",8975,6928967,7958,5965635,520,572342,20921,2458062,38374,38822.86,15925006,0
"2022-01-12",9012,6937979,8300,5973935,429,572771,22222,2480284,39963,38151,15964969,0
"2022-01-13",9114,6947093,8826,5982761,449,573220,22712,2502996,41101,37339.57,16006070,0
"2022-01-14",10134,6957227,8057,5990818,474,573694,26144,2529140,44809,37436.14,16050879,0
"2022-01-15",6210,6963437,4255,5995073,178,573872,14917,2544057,25560,35921,16076439,0
"2022-01-16",2940,6966377,3249,5998322,95,573967,7798,2551855,14082,35325.57,16090521,0
"2022-01-17",6124,6972501,6742,6005064,363,574330,14595,2566450,27824,33101.86,16118345,0
"2022-01-18",8152,6980653,10133,6015197,396,574726,19314,2585764,37995,33047.71,16156340,0
"2022-01-19",7552,6988205,9225,6024422,305,575031,17608,2603372,34690,32294.43,16191030,0
"2022-01-20",6353,6994558,8553,6032975,303,575334,15130,2618502,30339,30757,16221369,0
"2022-01-21",7660,7002218,7479,6040454,277,575611,18359,2636861,33775,29180.71,16255144,0
"2022-01-22",5225,7007443,4917,6045371,131,575742,11269,2648130,21542,28606.71,16276686,0
"2022-01-23",2831,7010274,3322,6048693,97,575839,6208,2654338,12458,28374.71,16289144,0
"2022-01-24",6429,7016703,8177,6056870,258,576097,14987,2669325,29851,28664.29,16318995,0
"2022-01-25",6230,7022933,7917,6064787,232,576329,14620,2683945,28999,27379.14,16347994,0
"2022-01-26",5799,7028732,7147,6071934,285,576614,13943,2697888,27174,26305.43,16375168,0
"2022-01-27",5269,7034001,7064,6078998,320,576934,13989,2711877,26642,25777.29,16401810,0
"2022-01-28",6324,7040325,7843,6086841,205,577139,16050,2727927,30422,25298.29,16432232,0
"2022-01-29",848,7041173,723,6087564,28,577167,2521,2730448,4120,22809.43,16436352,0
"2022-01-30",2106,7043279,3013,6090577,102,577269,4522,2734970,9743,22421.57,16446095,0
"2022-01-31",5045,7048324,6577,6097154,218,577487,11301,2746271,23141,21463,16469236,0
"2022-02-01",4857,7053181,6428,6103582,220,577707,10643,2756914,22148,20484.29,16491384,0
"2022-02-02",4276,7057457,5908,6109490,214,577921,11147,2768061,21545,19680.14,16512929,0
"2022-02-03",4251,7061708,5781,6115271,217,578138,11157,2779218,21406,18932.14,16534335,0
"2022-02-04",4798,7066506,7084,6122355,214,578352,13139,2792357,25235,18191.14,16559570,0
"2022-02-05",3605,7070111,6030,6128385,110,578462,8544,2800901,18289,20215.29,16577859,0
"2022-02-06",2070,7072181,2130,6130515,121,578583,4621,2805522,8942,20100.86,16586801,0
"2022-02-07",4181,7076362,4716,6135231,203,578786,10098,2815620,19198,19537.57,16605999,0
"2022-02-08",4246,7080608,5589,6140820,212,578998,11246,2826866,21293,19415.43,16627292,0
"2022-02-09",4150,7084758,5381,6146201,222,579220,11607,2838473,21360,19389,16648652,0
"2022-02-10",3993,7088751,5092,6151293,240,579460,12047,2850520,21372,19384.14,16670024,0
"2022-02-11",4531,7093282,5788,6157081,193,579653,13663,2864183,24175,19232.71,16694199,0
"2022-02-12",3273,7096555,4326,6161407,96,579749,8770,2872953,16465,18972.14,16710664,0
"2022-02-13",1531,7098086,1541,6162948,40,579789,4868,2877821,7980,18834.71,16718644,0
"2022-02-14",2997,7101083,3611,6166559,164,579953,10486,2888307,17258,18557.57,16735902,0
"2022-02-15",3590,7104673,4054,6170613,178,580131,12703,2901010,20525,18447.86,16756427,0
"2022-02-16",3700,7108373,3876,6174489,194,580325,15598,2916608,23368,18734.71,16779795,0
"2022-02-17",4039,7112412,4067,6178556,160,580485,18052,2934660,26318,19441.29,16806113,0
"2022-02-18",4491,7116903,4767,6183323,186,580671,21400,2956060,30844,20394,16836957,0
"2022-02-19",3269,7120172,2182,6185505,65,580736,11133,2967193,16649,20420.29,16853606,0
"2022-02-20",1870,7122042,1444,6186949,59,580795,6562,2973755,9935,20699.57,16863541,0
"2022-02-21",3117,7125159,2683,6189632,95,580890,8298,2982053,14193,20261.71,16877734,0
"2022-02-22",4419,7129578,4233,6193865,172,581062,10770,2992823,19594,20128.71,16897328,0
"2022-02-23",4286,7133864,3764,6197629,143,581205,10609,3003432,18802,19476.43,16916130,0
"2022-02-24",3767,7137631,3638,6201267,105,581310,10121,3013553,17631,18235.43,16933761,0
"2022-02-25",3618,7141249,3588,6204855,135,581445,9901,3023454,17242,16292.29,16951003,0
"2022-02-26",2851,7144100,2567,6207422,74,581519,9480,3032934,14972,16052.71,16965975,0
"2022-02-27",1784,7145884,1361,6208783,52,581571,6258,3039192,9455,15984.14,16975430,0
"2022-02-28",3824,7149708,3111,6211894,140,581711,13077,3052269,20152,16835.43,16995582,0
"2022-03-01",2110,7151818,2597,6214491,100,581811,5118,3057387,9925,15454.14,17005507,0
"2022-03-02",1828,7153646,2406,6216897,106,581917,4091,3061478,8431,13972.57,17013938,0
"2022-03-03",1917,7155563,2528,6219425,105,582022,3752,3065230,8302,12639.86,17022240,0
"2022-03-04",2090,7157653,2834,6222259,65,582087,4295,3069525,9284,11503,17031524,0
"2022-03-05",1606,7159259,2107,6224366,43,582130,3289,3072814,7045,10370.57,17038569,0
"2022-03-06",802,7160061,874,6225240,29,582159,1611,3074425,3316,9493.57,17041885,0
"2022-03-07",1663,7161724,1764,6227004,85,582244,3463,3077888,6975,7611.14,17048860,0
"2022-03-08",1536,7163260,1881,6228885,77,582321,3105,3080993,6599,7136,17055459,0
"2022-03-09",1244,7164504,1652,6230537,76,582397,2539,3083532,5511,6718.86,17060970,0
"2022-03-10",1414,7165918,2063,6232600,82,582479,2894,3086426,6453,6454.71,17067423,0
"2022-03-11",1587,7167505,2239,6234839,77,582556,3160,3089586,7063,6137.43,17074486,0
"2022-03-12",877,7168382,1409,6236248,36,582592,1981,3091567,4303,5745.71,17078789,0
"2022-03-13",623,7169005,754,6237002,24,582616,1282,3092849,2683,5655.29,17081472,0
"2022-03-14",1378,7170383,1570,6238572,83,582699,2938,3095787,5969,5511.57,17087441,0
"2022-03-15",1333,7171716,1887,6240459,62,582761,3039,3098826,6321,5471.86,17093762,0
"2022-03-16",1386,7173102,2007,6242466,93,582854,3085,3101911,6571,5623.29,17100333,0
"2022-03-17",1153,7174255,1770,6244236,68,582922,2685,3104596,5676,5512.29,17106009,120000
"2022-03-18",1547,7175802,2107,6246343,78,583000,3676,3108272,7408,5561.57,17113417,120000
"2022-03-19",1086,7176888,1681,6248024,37,583037,2536,3110808,5340,5709.71,17118757,120000
"2022-03-20",609,7177497,619,6248643,32,583069,1441,3112249,2701,5712.29,17121458,120000
"2022-03-21",1387,7178884,1504,6250147,63,583132,2907,3115156,5861,5696.86,17127319,120000
"2022-03-22",1261,7180145,1439,6251586,86,583218,2706,3117862,5492,5578.43,17132811,120000
"2022-03-23",424,7180569,481,6252067,22,583240,1030,3118892,1957,4919.29,17134768,120000
