"DATE","ADMIN_DOSE1_DAILY","ADMIN_DOSE1_CUMULATIVE","ADMIN_DOSE2_DAILY","ADMIN_DOSE2_CUMULATIVE","ADMIN_SINGLE_DAILY","ADMIN_SINGLE_CUMULATIVE","ADMIN_ADDITIONAL1_DAILY","ADMIN_ADDITIONAL1_CUMULATIVE","ADMIN_ADDITIONAL2_DAILY","ADMIN_ADDITIONAL2_CUMULATIVE","ADMIN_ADDITIONAL_DAILY","ADMIN_ADDITIONAL_CUMULATIVE","ADMIN_BIVALENT_ADDITIONAL_DAILY","ADMIN_BIVALENT_ADDITIONAL_CUMULATIVE","ADMIN_ALLDOSES_DAILY","ADMIN_ALLDOSES_7DAYAVG","ADMIN_ALLDOSES_CUMULATIVE","ADMIN_ALLDOSES_PRIMARY","INCOMPLETE"
2020-12-14,79,79,0,0,2,2,0,0,0,0,0,0,0,0,81,,81,81,0
2020-12-15,2052,2131,7,7,5,7,0,0,0,0,0,0,0,0,2064,,2145,2145,0
2020-12-16,4604,6735,17,24,4,11,1,1,0,0,1,1,0,0,4626,,6771,6770,0
2020-12-17,4661,11396,18,42,2,13,1,2,0,0,1,2,0,0,4682,,11453,11451,0
2020-12-18,5834,17230,22,64,2,15,2,4,0,0,2,4,0,0,5860,,17313,17309,0
2020-12-19,1687,18917,10,74,3,18,0,4,0,0,0,4,0,0,1700,,19013,19009,0
2020-12-20,1118,20035,2,76,1,19,0,4,0,0,0,4,0,0,1121,2876.29,20134,20130,0
2020-12-21,6392,26427,22,98,0,19,4,8,0,0,4,8,0,0,6418,3781.57,26552,26544,0
2020-12-22,9764,36191,30,128,2,21,1,9,0,0,1,9,0,0,9797,4886.29,36349,36340,0
2020-12-23,14274,50465,39,167,3,24,0,9,0,0,0,9,0,0,14316,6270.57,50665,50656,0
2020-12-24,7170,57635,28,195,1,25,0,9,0,0,0,9,0,0,7199,6630.14,57864,57855,0
2020-12-25,180,57815,0,195,0,25,1,10,0,0,1,10,0,0,181,5818.86,58045,58035,0
2020-12-26,4392,62207,48,243,0,25,1,11,0,0,1,11,0,0,4441,6210.43,62486,62475,0
2020-12-27,3868,66075,16,259,0,25,1,12,0,0,1,12,0,0,3885,6605.29,66371,66359,0
2020-12-28,10991,77066,51,310,1,26,3,15,0,0,3,15,0,0,11046,7266.43,77417,77402,0
2020-12-29,10712,87778,37,347,2,28,3,18,0,0,3,18,0,0,10754,7403.14,88171,88153,0
2020-12-30,12819,100597,45,392,0,28,0,18,0,0,0,18,0,0,12864,7195.71,101035,101017,0
2020-12-31,7258,107855,38,430,1,29,0,18,0,0,0,18,0,0,7297,7209.71,108332,108314,0
2021-01-01,178,108033,2,432,1,30,3,21,0,0,3,21,0,0,184,7210.14,108516,108495,0
2021-01-02,3810,111843,10,442,3,33,2,23,0,0,2,23,0,0,3825,7122.14,112341,112318,0
2021-01-03,3544,115387,25,467,2,35,1,24,0,0,1,24,0,0,3572,7077.43,115913,115889,0
2021-01-04,12249,127636,812,1279,2,37,7,31,0,0,7,31,0,0,13070,7366.57,128983,128952,0
2021-01-05,14085,141721,2198,3477,2,39,14,45,1,1,15,46,0,0,16300,8158.86,145283,145237,0
2021-01-06,17795,159516,3928,7405,1,40,33,78,8,9,41,87,0,0,21765,9430.43,167048,166961,0
2021-01-07,16539,176055,5185,12590,4,44,46,124,3,12,49,136,0,0,21777,11499,188825,188689,0
2021-01-08,16611,192666,5462,18052,0,44,37,161,5,17,42,178,0,0,22115,14632,210940,210762,0
2021-01-09,7647,200313,1464,19516,1,45,9,170,2,19,11,189,0,0,9123,15388.86,220063,219874,0
2021-01-10,7876,208189,979,20495,0,45,15,185,0,19,15,204,0,0,8870,16145.71,228933,228729,0
2021-01-11,25809,233998,7462,27957,2,47,59,244,6,25,65,269,0,0,33338,19041.14,262271,262002,0
2021-01-12,28239,262237,7868,35825,1,48,47,291,4,29,51,320,0,0,36159,21878.14,298430,298110,0
2021-01-13,31702,293939,9418,45243,1,49,60,351,6,35,66,386,0,0,41187,24652.71,339617,339231,0
2021-01-14,35793,329732,5304,50547,1,50,35,386,7,42,42,428,0,0,41140,27418.86,380757,380329,0
2021-01-15,29245,358977,3716,54263,2,52,33,419,6,48,39,467,0,0,33002,28974.14,413759,413292,0
2021-01-16,30252,389229,2403,56666,0,52,25,444,6,54,31,498,0,0,32686,32340.29,446445,445947,0
2021-01-17,23725,412954,1646,58312,0,52,20,464,1,55,21,519,0,0,25392,34700.57,471837,471318,0
2021-01-18,27076,440030,2430,60742,0,52,37,501,7,62,44,563,0,0,29551,34159.57,501388,500825,0
2021-01-19,34262,474292,9647,70389,1,53,73,574,8,70,81,644,0,0,43991,35278.43,545379,544735,0
2021-01-20,34842,509134,9505,79894,1,54,62,636,3,73,65,709,0,0,44413,35739.29,589792,589083,0
2021-01-21,25571,534705,8099,87993,2,56,55,691,5,78,60,769,0,0,33732,34681,623524,622755,0
2021-01-22,24738,559443,4387,92380,1,57,32,723,7,85,39,808,0,0,29165,34132.86,652689,651881,0
2021-01-23,15733,575176,3226,95606,0,57,12,735,2,87,14,822,0,0,18973,32173.86,671662,670840,0
2021-01-24,7167,582343,3461,99067,0,57,20,755,1,88,21,843,0,0,10649,30067.71,682311,681468,0
2021-01-25,13390,595733,11832,110899,0,57,71,826,13,101,84,927,0,0,25306,29461.29,707617,706690,0
2021-01-26,16747,612480,10765,121664,0,57,69,895,3,104,73,1000,0,0,27585,27117.57,735202,734203,0
2021-01-27,20820,633300,12355,134019,0,57,57,952,9,113,66,1066,0,0,33241,25521.57,768443,767378,0
2021-01-28,30723,664023,12860,146879,0,57,86,1038,16,129,102,1168,0,0,43688,26943.86,812131,810964,0
2021-01-29,31666,695689,11514,158393,0,57,85,1123,11,140,96,1264,0,0,43276,28959.71,855407,854144,0
2021-01-30,18704,714393,3744,162137,0,57,23,1146,2,142,26,1290,0,0,22474,29459.86,877881,876593,0
2021-01-31,13003,727396,2932,165069,1,58,29,1175,5,147,34,1324,0,0,15970,30220,893851,892529,0
2021-02-01,1180,728576,5400,170469,4,62,38,1213,4,151,42,1366,0,0,6626,27551.43,900477,899113,0
2021-02-02,2823,731399,9441,179910,2,64,55,1268,3,154,58,1424,0,0,12324,25371.29,912801,911379,0
2021-02-03,16341,747740,21236,201146,4,68,213,1481,22,176,235,1659,0,0,37816,26024.86,950617,948960,0
2021-02-04,27032,774772,19653,220799,3,71,212,1693,10,186,222,1881,0,0,46910,26485.14,997527,995648,0
2021-02-05,27574,802346,20031,240830,0,71,196,1889,16,202,213,2094,0,0,47818,27134,1045345,1043254,0
2021-02-06,22972,825318,11250,252080,0,71,118,2007,13,215,131,2225,0,0,34353,28831,1079698,1077476,0
2021-02-07,12027,837345,8284,260364,1,72,99,2106,13,228,113,2338,0,0,20425,29467.43,1100123,1097789,0
2021-02-08,16932,854277,23527,283891,2,74,241,2347,37,265,279,2617,0,0,40740,34340.86,1140863,1138251,0
2021-02-09,17182,871459,28085,311976,2,76,361,2708,44,309,408,3025,0,0,45677,39105.57,1186540,1183523,0
2021-02-10,19577,891036,29303,341279,2,78,274,2982,53,362,330,3355,0,0,49213,40733.71,1235753,1232409,0
2021-02-11,27826,918862,33455,374734,2,80,357,3339,60,422,417,3772,0,0,61702,42846.86,1297455,1293694,0
2021-02-12,38348,957210,30805,405539,3,83,370,3709,42,464,413,4185,0,0,69569,45954.14,1367024,1362851,0
2021-02-13,27979,985189,25315,430854,2,85,317,4026,59,523,377,4562,0,0,53674,48714.29,1420698,1416149,0
2021-02-14,16257,1001446,23715,454569,0,85,287,4313,36,559,323,4885,0,0,40295,51552.86,1460993,1456121,0
2021-02-15,12787,1014233,10524,465093,2,87,184,4497,24,583,209,5094,0,0,23522,49093.14,1484515,1479435,0
2021-02-16,14229,1028462,26704,491797,0,87,345,4842,42,625,388,5482,0,0,41321,48470.86,1525836,1520369,0
2021-02-17,16376,1044838,22191,513988,1,88,290,5132,42,667,332,5814,0,0,38900,46997.57,1564736,1558937,0
2021-02-18,12131,1056969,24983,538971,21,109,309,5441,46,713,355,6169,0,0,37490,43538.71,1602226,1596072,0
2021-02-19,13234,1070203,23923,562894,38,147,319,5760,49,762,368,6537,0,0,37563,38966.43,1639789,1633267,0
2021-02-20,11339,1081542,26069,588963,7,154,341,6101,79,841,422,6959,0,0,37838,36704.14,1677627,1670685,0
2021-02-21,6345,1087887,17410,606373,15,169,305,6406,47,888,353,7312,0,0,24123,34393.86,1701750,1694456,0
2021-02-22,13040,1100927,11833,618206,2,171,135,6541,22,910,157,7469,0,0,25032,34609.57,1726782,1719331,0
2021-02-23,25220,1126147,14148,632354,1,172,171,6712,35,945,207,7676,0,0,39577,34360.43,1766359,1758702,0
2021-02-24,36315,1162462,20411,652765,0,172,231,6943,43,988,275,7951,0,0,57001,36946.29,1823360,1815429,0
2021-02-25,54509,1216971,30453,683218,6,178,415,7358,66,1054,482,8433,0,0,85450,43797.71,1908810,1900398,0
2021-02-26,62782,1279753,31904,715122,4,182,428,7786,79,1133,509,8942,0,0,95199,52031.43,2004009,1995090,0
2021-02-27,51252,1331005,22755,737877,47,229,357,8143,54,1187,412,9354,0,0,74466,57264,2078475,2069145,0
2021-02-28,44542,1375547,13852,751729,7,236,211,8354,37,1224,248,9602,0,0,58649,62196.29,2137124,2127546,0
2021-03-01,39296,1414843,12783,764512,10,246,174,8528,24,1248,198,9800,0,0,52287,66089.86,2189411,2179635,0
2021-03-02,47070,1461913,12576,777088,7,253,161,8689,17,1265,178,9978,0,0,59831,68983.29,2249242,2239288,0
2021-03-03,48589,1510502,16150,793238,17,270,159,8848,21,1286,180,10158,0,0,64936,70116.86,2314178,2304044,0
2021-03-04,59794,1570296,22816,816054,1092,1362,279,9127,38,1324,319,10477,0,0,84021,69912.71,2398199,2387748,0
2021-03-05,60940,1631236,24295,840349,3107,4469,338,9465,35,1359,375,10852,0,0,88717,68986.71,2486916,2476092,0
2021-03-06,47143,1678379,18887,859236,5451,9920,247,9712,42,1401,289,11141,0,0,71770,68601.57,2558686,2547573,0
2021-03-07,36014,1714393,14886,874122,6243,16163,242,9954,23,1424,267,11408,0,0,57410,68424.57,2616096,2604718,0
2021-03-08,39598,1753991,14689,888811,8554,24717,325,10279,93,1517,423,11831,0,0,63264,69992.71,2679360,2667564,0
2021-03-09,39080,1793071,12857,901668,7757,32474,190,10469,35,1552,226,12057,0,0,59920,70005.43,2739280,2727259,0
2021-03-10,51803,1844874,15369,917037,5064,37538,230,10699,34,1586,266,12323,0,0,72502,71086.29,2811782,2799497,0
2021-03-11,59957,1904831,21826,938863,4618,42156,260,10959,48,1634,310,12633,0,0,86711,71470.57,2898493,2885900,0
2021-03-12,52167,1956998,30305,969168,4182,46338,390,11349,91,1725,481,13114,0,0,87135,71244.57,2985628,2972554,0
2021-03-13,40633,1997631,26680,995848,5110,51448,340,11689,56,1781,396,13510,0,0,72819,71394.43,3058447,3044977,0
2021-03-14,30694,2028325,15973,1011821,4522,55970,254,11943,28,1809,284,13794,0,0,51474,70546.43,3109921,3096169,0
2021-03-15,33578,2061903,17255,1029076,4702,60672,248,12191,33,1842,281,14075,0,0,55816,69482.43,3165737,3151704,0
2021-03-16,38658,2100561,20507,1049583,4922,65594,273,12464,37,1879,311,14386,0,0,64398,70122.14,3230135,3215792,0
2021-03-17,42595,2143156,24782,1074365,4242,69836,357,12821,44,1923,402,14788,0,0,72021,70053.43,3302156,3287412,0
2021-03-18,50404,2193560,26811,1101176,5224,75060,391,13212,64,1987,455,15243,0,0,82894,69508.14,3385050,3369851,0
2021-03-19,47759,2241319,29963,1131139,5622,80682,411,13623,76,2063,487,15730,0,0,83832,69036.29,3468882,3453196,0
2021-03-20,38686,2280005,25836,1156975,4681,85363,313,13936,60,2123,374,16104,0,0,69577,68573.14,3538459,3522400,0
2021-03-21,29283,2309288,19350,1176325,769,86132,236,14172,45,2168,281,16385,0,0,49683,68317.29,3588142,3571802,0
2021-03-22,33847,2343135,26753,1203078,4037,90169,260,14432,38,2206,299,16684,0,0,64937,69620.29,3653079,3636441,0
2021-03-23,38410,2381545,32851,1235929,4213,94382,307,14739,55,2261,366,17050,0,0,75840,71254.86,3728919,3711919,0
2021-03-24,41468,2423013,37614,1273543,4843,99225,341,15080,65,2326,409,17459,0,0,84334,73013.86,3813253,3795847,0
2021-03-25,43382,2466395,50783,1324326,5050,104275,495,15575,88,2414,587,18046,0,0,99802,75429.29,3913055,3895066,0
2021-03-26,38478,2504873,55496,1379822,4306,108581,548,16123,106,2520,658,18704,0,0,98938,77587.29,4011993,3993350,0
2021-03-27,35715,2540588,45739,1425561,2938,111519,443,16566,87,2607,531,19235,0,0,84923,79779.57,4096916,4077743,0
2021-03-28,26370,2566958,34444,1460005,1480,112999,356,16922,67,2674,427,19662,0,0,62721,81642.14,4159637,4140041,0
2021-03-29,34798,2601756,38854,1498859,3242,116241,368,17290,115,2789,484,20146,0,0,77378,83419.43,4237015,4216936,0
2021-03-30,40480,2642236,41926,1540785,3712,119953,353,17643,65,2854,419,20565,0,0,86537,84947.57,4323552,4303055,0
2021-03-31,49363,2691599,44876,1585661,7438,127391,424,18067,87,2941,511,21076,0,0,102188,87498.14,4425740,4404732,0
2021-04-01,50754,2742353,53941,1639602,11272,138663,521,18588,86,3027,611,21687,0,0,116578,89894.71,4542318,4520703,0
2021-04-02,43743,2786096,53870,1693472,11964,150627,567,19155,72,3099,644,22331,0,0,110221,91506.57,4652539,4630285,0
2021-04-03,39236,2825332,39206,1732678,9859,160486,352,19507,60,3159,413,22744,0,0,88714,92048.14,4741253,4718587,0
2021-04-04,26546,2851878,24777,1757455,3902,164388,234,19741,51,3210,285,23029,0,0,55510,91018,4796763,4773812,0
2021-04-05,41857,2893735,34475,1791930,11193,175581,397,20138,61,3271,459,23488,0,0,87984,92533.14,4884747,4861338,0
2021-04-06,53233,2946968,35614,1827544,13211,188792,456,20594,79,3350,536,24024,0,0,102594,94827,4987341,4963397,0
2021-04-07,55469,3002437,40704,1868248,14385,203177,421,21015,83,3433,506,24530,0,0,111064,96095,5098405,5073957,0
2021-04-08,59232,3061669,46579,1914827,16335,219512,548,21563,88,3521,637,25167,0,0,122783,96981.43,5221188,5196104,0
2021-04-09,56621,3118290,44946,1959773,17555,237067,545,22108,80,3601,630,25797,0,0,119752,98343,5340940,5315231,0
2021-04-10,49324,3167614,35640,1995413,12716,249783,406,22514,66,3667,476,26273,0,0,98156,99691.86,5439096,5412915,0
2021-04-11,38155,3205769,28825,2024238,7680,257463,302,22816,61,3728,364,26637,0,0,75024,102479.57,5514120,5487576,0
2021-04-12,46614,3252383,31834,2056072,13493,270956,480,23296,69,3797,549,27186,0,0,92490,103123.29,5606610,5579517,0
2021-04-13,52528,3304911,33788,2089860,369,271325,415,23711,66,3863,482,27668,0,0,87167,100919.43,5693777,5666203,0
2021-04-14,50127,3355038,39953,2129813,20,271345,377,24088,79,3942,457,28125,0,0,90557,97989.86,5784334,5756304,0
2021-04-15,52100,3407138,43688,2173501,16,271361,467,24555,107,4049,579,28704,0,0,96384,94218.57,5880718,5852114,0
2021-04-16,51170,3458308,42197,2215698,31,271392,454,25009,75,4124,532,29236,0,0,93930,90529.71,5974648,5945515,0
2021-04-17,43820,3502128,35687,2251385,3,271395,380,25389,85,4209,467,29703,0,0,79977,87932.71,6054625,6025027,0
2021-04-18,28592,3530720,29362,2280747,7,271402,268,25657,67,4276,336,30039,0,0,58297,85543.14,6112922,6082989,0
2021-04-19,37439,3568159,36446,2317193,21,271423,347,26004,71,4347,420,30459,0,0,74326,82948.29,6187248,6156897,0
2021-04-20,40785,3608944,39626,2356819,19,271442,322,26326,84,4431,407,30866,0,0,80837,82044,6268085,6237328,0
2021-04-21,38872,3647816,46025,2402844,17,271459,511,26837,100,4531,612,31478,0,0,85526,81325.29,6353611,6322243,0
2021-04-22,38472,3686288,48951,2451795,9,271468,356,27193,81,4612,439,31917,0,0,87872,80109.29,6441483,6409678,0
2021-04-23,39678,3725966,44382,2496177,3,271471,365,27558,76,4688,443,32360,0,0,84506,78763,6525989,6493743,0
2021-04-24,31921,3757887,41601,2537778,44,271515,292,27850,62,4750,355,32715,0,0,73921,77897.86,6599910,6567310,0
2021-04-25,18410,3776297,31214,2568992,87,271602,208,28058,63,4813,271,32986,0,0,49982,76710,6649892,6617021,0
2021-04-26,26953,3803250,40717,2609709,1012,272614,308,28366,95,4908,408,33394,0,0,69090,75962,6718982,6685708,0
2021-04-27,28549,3831799,47128,2656837,1696,274310,378,28744,99,5007,482,33876,0,0,77855,75536,6796837,6763086,0
2021-04-28,27006,3858805,56841,2713678,2146,276456,458,29202,102,5109,563,34439,0,0,86556,75683.14,6883393,6849082,0
2021-04-29,28579,3887384,57198,2770876,2150,278606,384,29586,104,5213,490,34929,0,0,88417,75761,6971810,6937011,0
2021-04-30,30098,3917482,51987,2822863,2060,280666,297,29883,76,5289,374,35303,0,0,84520,75763,7056330,7021158,0
2021-05-01,22472,3939954,44534,2867397,1177,281843,237,30120,68,5357,307,35610,0,0,68490,74987.14,7124820,7089343,0
2021-05-02,11915,3951869,36635,2904032,1081,282924,155,30275,60,5417,217,35827,0,0,49848,74968,7174668,7138976,0
2021-05-03,18006,3969875,53016,2957048,2381,285305,270,30545,94,5511,366,36193,0,0,73771,75636.71,7248439,7212383,0
2021-05-04,22723,3992598,56640,3013688,2332,287637,278,30823,118,5629,397,36590,0,0,82093,76242.14,7330532,7294080,0
2021-05-05,21470,4014068,48754,3062442,2313,289950,319,31142,105,5734,425,37015,0,0,72963,74300.29,7403495,7366619,0
2021-05-06,20669,4034737,50175,3112617,2508,292458,285,31427,90,5824,379,37394,0,0,73731,72202.29,7477226,7439975,0
2021-05-07,21230,4055967,52100,3164717,2812,295270,324,31751,81,5905,406,37800,0,0,76548,71063.43,7553774,7516118,0
2021-05-08,16617,4072584,41860,3206577,1834,297104,240,31991,74,5979,314,38114,0,0,60625,69939.86,7614399,7576429,0
2021-05-09,7967,4080551,29399,3235976,1260,298364,161,32152,56,6035,217,38331,0,0,38843,68367.71,7653242,7615055,0
2021-05-10,14368,4094919,38524,3274500,2356,300720,254,32406,94,6129,352,38683,0,0,55601,65772,7708843,7670308,0
2021-05-11,19890,4114809,43057,3317557,2512,303232,295,32701,89,6218,389,39072,0,0,65849,63451.43,7774692,7735773,0
2021-05-12,17806,4132615,40533,3358090,3595,306827,244,32945,81,6299,325,39397,0,0,62259,61922.29,7836951,7797707,0
2021-05-13,24940,4157555,40429,3398519,3229,310056,274,33219,81,6380,357,39754,0,0,68956,61240.14,7905907,7866308,0
2021-05-14,27003,4184558,42941,3441460,3535,313591,279,33498,96,6476,377,40131,0,0,73856,60855.57,7979763,7939789,0
2021-05-15,23637,4208195,34921,3476381,3364,316955,262,33760,75,6551,338,40469,0,0,62260,61089.14,8042023,8001712,0
2021-05-16,15512,4223707,19460,3495841,2496,319451,124,33884,47,6598,172,40641,0,0,37640,60917.29,8079663,8039181,0
2021-05-17,22659,4246366,29136,3524977,3252,322703,192,34076,73,6671,265,40906,0,0,55312,60876,8134975,8094228,0
2021-05-18,24613,4270979,31902,3556879,3402,326105,249,34325,84,6755,333,41239,0,0,60250,60076.14,8195225,8154145,0
2021-05-19,24169,4295148,29730,3586609,3040,329145,234,34559,51,6806,286,41525,0,0,57225,59357,8252450,8211085,0
2021-05-20,24130,4319278,30105,3616714,3163,332308,275,34834,89,6895,369,41894,0,0,57767,57758.57,8310217,8268488,0
2021-05-21,24661,4343939,32003,3648717,3057,335365,253,35087,64,6959,320,42214,0,0,60041,55785,8370258,8328212,0
2021-05-22,20008,4363947,24373,3673090,2523,337888,171,35258,48,7007,220,42434,0,0,47124,53622.71,8417382,8375117,0
2021-05-23,11223,4375170,13735,3686825,1411,339299,95,35353,32,7039,129,42563,0,0,26498,52031,8443880,8401488,0
2021-05-24,18851,4394021,23166,3709991,2757,342056,224,35577,55,7094,282,42845,0,0,45056,50565.86,8488936,8446265,0
2021-05-25,19414,4413435,23384,3733375,2601,344657,179,35756,59,7153,238,43083,0,0,45637,48478.29,8534573,8491664,0
2021-05-26,18774,4432209,21087,3754462,2698,347355,205,35961,49,7202,256,43339,0,0,42815,46419.71,8577388,8534225,0
2021-05-27,18450,4450659,21284,3775746,2530,349885,185,36146,62,7264,248,43587,0,0,42512,44240.43,8619900,8576490,0
2021-05-28,17851,4468510,22875,3798621,2751,352636,194,36340,59,7323,254,43841,0,0,43731,41910.43,8663631,8619968,0
2021-05-29,12698,4481208,17817,3816438,1755,354391,108,36448,39,7362,148,43989,0,0,32418,39809.57,8696049,8652239,0
2021-05-30,7023,4488231,8951,3825389,1074,355465,49,36497,16,7378,65,44054,0,0,17113,38468.86,8713162,8669287,0
2021-05-31,4739,4492970,6922,3832311,1011,356476,66,36563,18,7396,84,44138,0,0,12756,33854.57,8725918,8681959,0
2021-06-01,16043,4509013,25191,3857502,2177,358653,159,36722,42,7438,205,44343,0,0,43616,33565.86,8769534,8725374,0
2021-06-02,15352,4524365,20398,3877900,2095,360748,141,36863,47,7485,188,44531,0,0,38033,32882.71,8807567,8763219,0
2021-06-03,14991,4539356,23822,3901722,2280,363028,137,37000,45,7530,184,44715,0,0,41277,32706.29,8848844,8804314,0
2021-06-04,14709,4554065,26002,3927724,2492,365520,152,37152,42,7572,195,44910,0,0,43399,32658.86,8892243,8847519,0
2021-06-05,10979,4565044,22103,3949827,1806,367326,117,37269,29,7601,147,45057,0,0,35035,33032.71,8927278,8882408,0
2021-06-06,6443,4571487,14484,3964311,1222,368548,92,37361,13,7614,106,45163,0,0,22255,33767.29,8949533,8904558,0
2021-06-07,11692,4583179,21782,3986093,2378,370926,147,37508,38,7652,188,45351,0,0,36040,37093.57,8985573,8940413,0
2021-06-08,12619,4595798,24020,4010113,2071,372997,129,37637,46,7698,176,45527,0,0,38886,36417.86,9024459,8979124,0
2021-06-09,11120,4606918,23024,4033137,2300,375297,142,37779,44,7742,188,45715,0,0,36632,36217.71,9061091,9015570,0
2021-06-10,12054,4618972,22232,4055369,2461,377758,148,37927,63,7805,211,45926,0,0,36959,35600.86,9098050,9052318,0
2021-06-11,12690,4631662,25127,4080496,2483,380241,161,38088,63,7868,225,46151,0,0,40525,35190.29,9138575,9092619,0
2021-06-12,10157,4641819,19318,4099814,1888,382129,97,38185,45,7913,144,46295,0,0,31507,34686.29,9170082,9123984,0
2021-06-13,4249,4646068,10939,4110753,1219,383348,42,38227,21,7934,63,46358,0,0,16472,33860.14,9186554,9140393,0
2021-06-14,10199,4656267,19239,4129992,2040,385388,136,38363,53,7987,189,46547,0,0,31667,33235.43,9218221,9171871,0
2021-06-15,11877,4668144,21015,4151007,1942,387330,132,38495,42,8029,175,46722,0,0,35010,32681.71,9253231,9206707,0
2021-06-16,11581,4679725,19401,4170408,1956,389286,153,38648,73,8102,226,46948,0,0,33164,32186.29,9286395,9239645,0
2021-06-17,11014,4690739,18759,4189167,1973,391259,132,38780,35,8137,169,47117,0,0,31915,31465.71,9318310,9271393,0
2021-06-18,12163,4702902,18493,4207660,2115,393374,122,38902,37,8174,160,47277,0,0,32932,30381,9351242,9304166,0
2021-06-19,8490,4711392,13516,4221176,1459,394833,91,38993,23,8197,114,47391,0,0,23579,29248.43,9374821,9327631,0
2021-06-20,4333,4715725,7159,4228335,924,395757,37,39030,16,8213,53,47444,0,0,12469,28676.57,9387290,9340047,0
2021-06-21,10151,4725876,10014,4238349,1807,397564,73,39103,28,8241,102,47546,0,0,22074,27306.14,9409364,9362020,0
2021-06-22,9828,4735704,15644,4253993,1588,399152,108,39211,29,8270,137,47683,0,0,27197,26190,9436561,9389080,0
2021-06-23,10303,4746007,15188,4269181,1862,401014,103,39314,31,8301,135,47818,0,0,27488,25379.14,9464049,9416434,0
2021-06-24,9676,4755683,14702,4283883,1798,402812,125,39439,27,8328,154,47972,0,0,26330,24581.29,9490379,9442612,0
2021-06-25,10583,4766266,14382,4298265,1720,404532,121,39560,38,8366,159,48131,0,0,26844,23711.57,9517223,9469297,0
2021-06-26,7798,4774064,10464,4308729,1249,405781,80,39640,23,8389,104,48235,0,0,19615,23145.29,9536838,9488809,0
2021-06-27,4998,4779062,6001,4314730,795,406576,34,39674,15,8404,50,48285,0,0,11844,23056,9548682,9500604,0
2021-06-28,9027,4788089,10352,4325082,1526,408102,110,39784,26,8430,137,48422,0,0,21042,22908.57,9569724,9521510,0
2021-06-29,9725,4797814,12330,4337412,1347,409449,127,39911,34,8464,162,48584,0,0,23564,22389.57,9593288,9544913,0
2021-06-30,9426,4807240,10929,4348341,1486,410935,151,40062,18,8482,172,48756,0,0,22013,21607.43,9615301,9566757,0
2021-07-01,9391,4816631,10926,4359267,1434,412369,133,40195,25,8507,160,48916,0,0,21911,20976.14,9637212,9588510,0
2021-07-02,9688,4826319,11457,4370724,1541,413910,119,40314,21,8528,140,49056,0,0,22827,20402.29,9660039,9611197,0
2021-07-03,7057,4833376,8424,4379148,1192,415102,79,40393,17,8545,96,49152,0,0,16769,19995.71,9676808,9627870,0
2021-07-04,1286,4834662,1335,4380483,567,415669,11,40404,3,8548,14,49166,0,0,3202,18761.14,9680010,9631058,0
2021-07-05,6492,4841154,7108,4387591,1207,416876,67,40471,22,8570,89,49255,0,0,14896,17883.14,9694906,9645865,0
2021-07-06,9505,4850659,12851,4400442,1315,418191,118,40589,38,8608,157,49412,0,0,23828,17920.86,9718734,9669537,0
2021-07-07,8661,4859320,11106,4411548,1418,419609,129,40718,20,8628,149,49561,0,0,21334,17823.86,9740068,9690722,0
2021-07-08,8216,4867536,10190,4421738,1258,420867,111,40829,23,8651,136,49697,0,0,19800,17522.29,9759868,9710388,0
2021-07-09,8370,4875906,10831,4432569,1280,422147,92,40921,20,8671,112,49809,0,0,20593,17203.14,9780461,9730869,0
2021-07-10,7097,4883003,8636,4441205,1130,423277,68,40989,21,8692,90,49899,0,0,16953,17229.43,9797414,9747733,0
2021-07-11,4104,4887107,4540,4445745,701,423978,38,41027,6,8698,44,49943,0,0,9389,18113.29,9806803,9757078,0
2021-07-12,8446,4895553,9562,4455307,1251,425229,85,41112,23,8721,108,50051,0,0,19367,18752,9826170,9776337,0
2021-07-13,9457,4905010,9394,4464701,952,426181,109,41221,36,8757,147,50198,0,0,19950,18198,9846120,9796142,0
2021-07-14,8990,4914000,9534,4474235,1010,427191,110,41331,22,8779,136,50334,0,0,19670,17960.29,9865790,9815680,0
2021-07-15,8789,4922789,9155,4483390,1052,428243,85,41416,20,8799,106,50440,0,0,19102,17860.57,9884892,9834677,0
2021-07-16,9246,4932035,9765,4493155,980,429223,104,41520,30,8829,134,50574,0,0,20125,17793.71,9905017,9854668,0
2021-07-17,6838,4938873,7387,4500542,803,430026,80,41600,21,8850,101,50675,0,0,15129,17533.14,9920146,9869696,0
2021-07-18,4251,4943124,4287,4504829,575,430601,37,41637,13,8863,50,50725,0,0,9163,17500.86,9929309,9878809,0
2021-07-19,9118,4952242,8486,4513315,999,431600,93,41730,22,8885,116,50841,0,0,18719,17408.29,9948028,9897413,0
2021-07-20,10637,4962879,8760,4522075,991,432591,96,41826,24,8909,121,50962,0,0,20509,17488.14,9968537,9917802,0
2021-07-21,10050,4972929,8776,4530851,904,433495,149,41975,33,8942,182,51144,0,0,19912,17522.71,9988449,9937532,0
2021-07-22,10685,4983614,8584,4539435,1045,434540,146,42121,27,8969,174,51318,0,0,20488,17720.71,10008937,9957847,0
2021-07-23,11245,4994859,8887,4548322,1114,435654,140,42261,23,8992,165,51483,0,0,21411,17904.43,10030348,9979095,0
2021-07-24,7400,5002259,6741,4555063,670,436324,82,42343,26,9018,109,51592,0,0,14920,17874.57,10045268,9993907,0
2021-07-25,5471,5007730,2130,4557193,509,436833,58,42401,4,9022,62,51654,0,0,8172,17733,10053440,10002017,0
2021-07-26,10865,5018595,7009,4564202,856,437689,113,42514,20,9042,133,51787,0,0,18863,17753.57,10072303,10020747,0
2021-07-27,12057,5030652,8573,4572775,856,438545,140,42654,41,9083,182,51969,0,0,21668,17919.14,10093971,10042234,0
2021-07-28,12001,5042653,8058,4580833,950,439495,138,42792,29,9112,168,52137,0,0,21177,18099.86,10115148,10063244,0
2021-07-29,10922,5053575,7438,4588271,983,440478,139,42931,41,9153,184,52321,0,0,19527,17962.57,10134675,10082591,0
2021-07-30,14945,5068520,8014,4596285,1151,441629,188,43119,32,9185,222,52543,0,0,24332,18379.86,10159007,10106703,0
2021-07-31,9718,5078238,6324,4602609,815,442444,122,43241,21,9206,144,52687,0,0,17001,18677.14,10176008,10123561,0
2021-08-01,6496,5084734,3313,4605922,564,443008,81,43322,22,9228,103,52790,0,0,10476,19006.29,10186484,10133934,0
2021-08-02,13448,5098182,7153,4613075,845,443853,150,43472,19,9247,169,52959,0,0,21615,19399.43,10208099,10155380,0
2021-08-03,15400,5113582,8393,4621468,1109,444962,145,43617,39,9286,185,53144,0,0,25087,19887.86,10233186,10180283,0
2021-08-04,17252,5130834,8135,4629603,1454,446416,183,43800,36,9322,219,53363,0,0,27060,20728.29,10260246,10207124,0
2021-08-05,17879,5148713,7935,4637538,1371,447787,162,43962,22,9344,184,53547,0,0,27369,21848.57,10287615,10234309,0
2021-08-06,18168,5166881,8421,4645959,1229,449016,173,44135,32,9376,205,53752,0,0,28023,22375.86,10315638,10262127,0
2021-08-07,13376,5180257,6019,4651978,800,449816,105,44240,29,9405,134,53886,0,0,20329,22851.29,10335967,10282322,0
2021-08-08,9309,5189566,3834,4655812,400,450216,84,44324,10,9415,94,53980,0,0,13637,23302.86,10349604,10295865,0
2021-08-09,21332,5210898,8529,4664341,965,451181,178,44502,34,9449,213,54193,0,0,31039,24649.14,10380643,10326692,0
2021-08-10,18944,5229842,9332,4673673,946,452127,182,44684,34,9483,217,54410,0,0,29439,25270.86,10410082,10355915,0
2021-08-11,15641,5245483,8314,4681987,853,452980,132,44816,46,9529,179,54589,0,0,24987,24974.71,10435069,10380724,0
2021-08-12,15046,5260529,8988,4690975,942,453922,180,44996,37,9566,219,54808,0,0,25195,24664.14,10460264,10405702,0
2021-08-13,14912,5275441,9294,4700269,919,454841,247,45243,38,9604,286,55094,0,0,25412,24291.14,10485676,10430829,0
2021-08-14,10392,5285833,6413,4706682,625,455466,537,45780,41,9645,581,55675,0,0,18011,23960,10503687,10448262,0
2021-08-15,6687,5292520,4482,4711164,676,456142,568,46348,34,9679,606,56281,0,0,12451,23790.57,10516138,10460111,0
2021-08-16,15692,5308212,9313,4720477,1149,457291,1332,47680,67,9746,1404,57685,0,0,27558,23293.29,10543696,10486270,0
2021-08-17,17755,5325967,10457,4730934,1229,458520,1778,49458,85,9831,1878,59563,0,0,31319,23561.86,10575015,10515726,0
2021-08-18,17476,5343443,10381,4741315,1262,459782,2004,51462,91,9922,2106,61669,0,0,31225,24453,10606240,10544856,0
2021-08-19,16283,5359726,9530,4750845,1315,461097,1961,53423,69,9991,2044,63713,0,0,29172,25021.14,10635412,10571998,0
2021-08-20,16257,5375983,11541,4762386,1252,462349,1871,55294,90,10081,1976,65689,0,0,31026,25823.14,10666438,10601063,0
2021-08-21,11144,5387127,8038,4770424,878,463227,1069,56363,53,10134,1129,66818,0,0,21189,26277.14,10687627,10621130,0
2021-08-22,4075,5391202,3903,4774327,261,463488,520,56883,33,10167,557,67375,0,0,8796,25755,10696423,10629373,0
2021-08-23,15570,5406772,11811,4786138,1022,464510,1553,58436,77,10244,1643,69018,0,0,30047,26110.57,10726470,10657790,0
2021-08-24,16900,5423672,12598,4798736,1007,465517,1777,60213,82,10326,1867,70885,0,0,32372,26261,10758842,10688303,0
2021-08-25,14559,5438231,12454,4811190,1112,466629,1574,61787,82,10408,1671,72556,0,0,29796,26056.86,10788638,10716443,0
2021-08-26,16140,5454371,14102,4825292,1070,467699,1783,63570,71,10479,1866,74422,0,0,33178,26629.14,10821816,10747767,0
2021-08-27,14866,5469237,14827,4840119,971,468670,1678,65248,76,10555,1762,76184,0,0,32426,26829.14,10854242,10778439,0
2021-08-28,10674,5479911,11521,4851640,835,469505,1023,66271,47,10602,1071,77255,0,0,24101,27245.14,10878343,10801470,0
2021-08-29,7208,5487119,7500,4859140,541,470046,782,67053,58,10660,849,78104,0,0,16098,28288.29,10894441,10816728,0
2021-08-30,15506,5502625,16932,4876072,1076,471122,1800,68853,94,10754,1902,80006,0,0,35416,29055.29,10929857,10850250,0
2021-08-31,15497,5518122,15961,4892033,952,472074,1983,70836,91,10845,2084,82090,0,0,34494,29358.43,10964351,10882670,0
2021-09-01,14818,5532940,14116,4906149,1020,473094,1815,72651,62,10907,1887,83977,0,0,31841,29650.57,10996192,10912634,0
2021-09-02,14306,5547246,12525,4918674,896,473990,1718,74369,65,10972,1799,85776,0,0,29526,29128.86,11025718,10940377,0
2021-09-03,14989,5562235,14316,4932990,974,474964,1902,76271,74,11046,1982,87758,0,0,32261,29105.29,11057979,10970662,0
2021-09-04,9640,5571875,9405,4942395,688,475652,982,77253,34,11080,1021,88779,0,0,20754,28627.14,11078733,10990400,0
2021-09-05,6790,5578665,5511,4947906,438,476090,720,77973,19,11099,740,89519,0,0,13479,28253,11092212,11003140,0
2021-09-06,5195,5583860,4510,4952416,358,476448,275,78248,11,11110,288,89807,0,0,10351,24672.29,11102563,11013205,0
2021-09-07,15556,5599416,17699,4970115,912,477360,1564,79812,96,11206,1668,91475,0,0,35835,24863.86,11138398,11047380,0
2021-09-08,16143,5615559,14830,4984945,1069,478429,1789,81601,83,11289,1883,93358,0,0,33925,25161.57,11172323,11079433,0
2021-09-09,16093,5631652,14759,4999704,1048,479477,1922,83523,78,11367,2011,95369,0,0,33911,25788,11206234,11111344,0
2021-09-10,18347,5649999,15402,5015106,1207,480684,1983,85506,82,11449,2072,97441,0,0,37028,26469,11243262,11146307,0
2021-09-11,12624,5662623,10351,5025457,958,481642,1037,86543,50,11499,1093,98534,0,0,25026,27079.29,11268288,11170246,0
2021-09-12,8532,5671155,5053,5030510,765,482407,694,87237,32,11531,727,99261,0,0,15077,27307.57,11283365,11184597,0
2021-09-13,16917,5688072,12965,5043475,976,483383,1665,88902,53,11584,1728,100989,0,0,32586,30484,11315951,11215465,0
2021-09-14,16256,5704328,13676,5057151,887,484270,1605,90507,57,11641,1674,102663,0,0,32494,30006.71,11348445,11246297,0
2021-09-15,15507,5719835,12899,5070050,727,484997,1575,92082,86,11727,1670,104333,0,0,30803,29560.71,11379248,11275439,0
2021-09-16,15322,5735157,13918,5083968,1209,486206,1473,93555,69,11796,1549,105882,0,0,31998,29287.43,11411246,11305895,0
2021-09-17,14424,5749581,13952,5097920,922,487128,1849,95404,61,11857,1912,107794,0,0,31210,28456.29,11442456,11335195,0
2021-09-18,9983,5759564,10191,5108111,913,488041,1054,96458,42,11899,1100,108894,0,0,22187,28050.71,11464643,11356286,0
2021-09-19,6166,5765730,6078,5114189,558,488599,749,97207,28,11927,782,109676,0,0,13584,27837.43,11478227,11369093,0
2021-09-20,12657,5778387,12634,5126823,1068,489667,1929,99136,62,11989,2000,111676,0,0,28360,27233.71,11506587,11395462,0
2021-09-21,12217,5790604,12771,5139594,1108,490775,2038,101174,81,12070,2135,113811,0,0,28231,26624.71,11534818,11421574,0
2021-09-22,12813,5803417,12007,5151601,1088,491863,1693,102867,70,12140,1769,115580,0,0,27677,26178.14,11562495,11447488,0
2021-09-23,14911,5818328,12770,5164371,1639,493502,2276,105143,77,12217,2360,117940,0,0,31680,26132.71,11594175,11476815,0
2021-09-24,16648,5834976,13362,5177733,1636,495138,4632,109775,128,12345,4778,122718,0,0,36424,26877.57,11630599,11508479,0
2021-09-25,10518,5845494,9033,5186766,1017,496155,3462,113237,84,12429,3562,126280,0,0,24130,27155.14,11654729,11529063,0
2021-09-26,6288,5851782,5768,5192534,773,496928,2423,115660,62,12491,2497,128777,0,0,15326,27404,11670055,11541904,0
2021-09-27,14125,5865907,8066,5200600,1155,498083,9086,124746,166,12657,9301,138078,0,0,32648,28016.57,11702703,11565300,0
2021-09-28,11097,5877004,11790,5212390,901,498984,9936,134682,185,12842,10161,148239,0,0,33949,28833.43,11736652,11589128,0
2021-09-29,11584,5888588,12195,5224585,1204,500188,9462,144144,182,13024,9678,157917,0,0,34661,29831.14,11771313,11614145,0
2021-09-30,12206,5900794,12612,5237197,1337,501525,9768,153912,184,13208,9986,167903,0,0,36141,30468.43,11807454,11640334,0
2021-10-01,12608,5913402,13432,5250629,1284,502809,10296,164208,158,13366,10490,178393,0,0,37814,30667,11845268,11667694,0
2021-10-02,7715,5921117,9982,5260611,865,503674,4249,168457,83,13449,4356,182749,0,0,22918,30493.86,11868186,11686280,0
2021-10-03,5052,5926169,6158,5266769,593,504267,2627,171084,60,13509,2697,185446,0,0,14500,30375.86,11882686,11698093,0
2021-10-04,9894,5936063,11017,5277786,914,505181,9543,180627,151,13660,9730,195176,0,0,31555,30219.71,11914241,11719954,0
2021-10-05,10129,5946192,11734,5289520,972,506153,9960,190587,181,13841,10184,205360,0,0,33019,30086.86,11947260,11742832,0
2021-10-06,9861,5956053,11050,5300570,937,507090,9959,200546,162,14003,10157,215517,0,0,32006,29707.57,11979266,11764717,0
2021-10-07,9590,5965643,12153,5312723,850,507940,10185,210731,183,14186,10402,225919,0,0,32995,29258.14,12012261,11787344,0
2021-10-08,9423,5975066,12182,5324905,940,508880,10928,221659,167,14353,11134,237053,0,0,33679,28667.43,12045940,11809928,0
2021-10-09,6223,5981289,8243,5333148,643,509523,4130,225789,92,14445,4239,241292,0,0,19348,28157.43,12065288,11825054,0
2021-10-10,3527,5984816,5028,5338176,458,509981,2440,228229,49,14494,2497,243789,0,0,11510,27730.29,12076798,11834075,0
2021-10-11,7587,5992403,9340,5347516,728,510709,8911,237140,166,14660,9101,252890,0,0,26756,27044.71,12103554,11851754,0
2021-10-12,8038,6000441,10998,5358514,891,511600,10543,247683,186,14846,10771,263661,0,0,30698,26713.14,12134252,11871723,0
2021-10-13,7121,6007562,10149,5368663,869,512469,8816,256499,187,15033,9033,272694,0,0,27172,26022.57,12161424,11889892,0
2021-10-14,7401,6014963,11115,5379778,837,513306,10137,266636,171,15204,10348,283042,0,0,29701,25552,12191125,11909285,0
2021-10-15,7699,6022662,11858,5391636,823,514129,10862,277498,176,15380,11071,294113,0,0,31451,25233.71,12222576,11929698,0
2021-10-16,4853,6027515,7464,5399100,665,514794,3856,281354,67,15447,3935,298048,0,0,16917,24886.43,12239493,11942692,0
2021-10-17,3047,6030562,4468,5403568,411,515205,2462,283816,46,15493,2515,300563,0,0,10441,24733.71,12249934,11950625,0
2021-10-18,7013,6037575,10671,5414239,797,516002,9502,293318,189,15682,9725,310288,0,0,28206,24940.86,12278140,11969140,0
2021-10-19,6544,6044119,8945,5423184,803,516805,9110,302428,182,15864,9333,319621,0,0,25625,24216.14,12303765,11985473,0
2021-10-20,6510,6050629,9372,5432556,975,517780,10001,312429,183,16047,10222,329843,0,0,27079,24202.86,12330844,12002368,0
2021-10-21,6999,6057628,9385,5441941,857,518637,10876,323305,159,16206,11070,340913,0,0,28311,24004.29,12359155,12019644,0
2021-10-22,8071,6065699,10342,5452283,1025,519662,16381,339686,229,16435,16664,357577,0,0,36102,24668.71,12395257,12039136,0
2021-10-23,5147,6070846,6452,5458735,690,520352,9138,348824,118,16553,9277,366854,0,0,21566,25332.86,12416823,12051446,0
2021-10-24,3246,6074092,3967,5462702,766,521118,6178,355002,81,16634,6284,373138,0,0,14263,25878.86,12431086,12059450,0
2021-10-25,8927,6083019,8745,5471447,1152,522270,19290,374292,307,16941,19670,392808,0,0,38494,27348.57,12469580,12078347,0
2021-10-26,8141,6091160,7725,5479172,1258,523528,17319,391611,283,17224,17672,410480,0,0,34796,28658.71,12504376,12095541,0
2021-10-27,10490,6101650,8392,5487564,1604,525132,20892,412503,341,17565,21306,431786,0,0,41792,30760.57,12546168,12116100,0
2021-10-28,11254,6112904,8026,5495590,1793,526925,20906,433409,333,17898,21307,453093,0,0,42380,32770.43,12588548,12137241,0
2021-10-29,11795,6124699,8227,5503817,1967,528892,22583,455992,357,18255,23012,476105,0,0,45002,34041.86,12633550,12159303,0
2021-10-30,4588,6129287,5063,5508880,932,529824,11206,467198,167,18422,11413,487518,0,0,21996,34103.29,12655546,12169926,0
2021-10-31,2641,6131928,2699,5511579,544,530368,6651,473849,107,18529,6782,494300,0,0,12666,33875.14,12668212,12175834,0
2021-11-01,7060,6138988,6953,5518532,1085,531453,20433,494282,344,18873,20838,515138,0,0,35936,33509.71,12704148,12190993,0
2021-11-02,6516,6145504,6587,5525119,1055,532508,20826,515108,283,19156,21188,536326,0,0,35347,33588.43,12739495,12205231,0
2021-11-03,6775,6152279,6674,5531793,1025,533533,20695,535803,314,19470,21086,557412,0,0,35562,32698.43,12775057,12219784,0
2021-11-04,9248,6161527,6274,5538067,997,534530,22433,558236,355,19825,22870,580282,0,0,39389,32271.14,12814446,12236385,0
2021-11-05,11006,6172533,6717,5544784,1049,535579,23816,582052,362,20187,24262,604544,0,0,43034,31990,12857480,12255241,0
2021-11-06,11133,6183666,4051,5548835,593,536172,12618,594670,178,20365,12833,617377,0,0,28610,32934.86,12886090,12271055,0
2021-11-07,7222,6190888,2287,5551122,577,536749,7123,601793,99,20464,7237,624614,0,0,17323,33600.14,12903413,12281156,0
2021-11-08,15015,6205903,5678,5556800,862,537611,19543,621336,290,20754,19900,644514,0,0,41455,34388.57,12944868,12302778,0
2021-11-09,16090,6221993,5385,5562185,658,538269,20565,641901,285,21039,20933,665447,0,0,43066,35491.29,12987934,12324994,0
2021-11-10,16849,6238842,5322,5567507,682,538951,22724,664625,296,21335,23091,688538,0,0,45944,36974.43,13033878,12347918,0
2021-11-11,12476,6251318,5189,5572696,760,539711,22160,686785,300,21635,22530,711068,0,0,40955,37198.14,13074833,12366413,0
2021-11-12,16813,6268131,5684,5578380,705,540416,23485,710270,364,21999,23927,734995,0,0,47129,37783.14,13121962,12389693,0
2021-11-13,9910,6278041,3660,5582040,464,540880,13371,723641,185,22184,13601,748596,0,0,27635,37643.86,13149597,12403772,0
2021-11-14,5973,6284014,2285,5584325,324,541204,7963,731604,82,22266,8066,756662,0,0,16648,37547.43,13166245,12412375,0
2021-11-15,13164,6297178,5974,5590299,688,541892,25183,756787,371,22637,25633,782295,0,0,45459,38119.43,13211704,12432280,0
2021-11-16,9865,6307043,5778,5596077,652,542544,30742,787529,447,23084,31268,813563,0,0,47565,38762.14,13259269,12448656,0
2021-11-17,10195,6317238,6669,5602746,680,543224,31519,819048,433,23517,32045,845608,0,0,49589,39282.86,13308858,12466293,0
2021-11-18,10617,6327855,6522,5609268,854,544078,33131,852179,476,23993,33704,879312,0,0,51697,40817.43,13360555,12484383,0
2021-11-19,11886,6339741,6550,5615818,707,544785,36379,888558,474,24467,36944,916256,0,0,56087,42097.14,13416642,12503617,0
2021-11-20,9269,6349010,3414,5619232,512,545297,22585,911143,265,24732,22902,939158,0,0,36097,43306,13452739,12516864,0
2021-11-21,4884,6353894,1886,5621118,288,545585,13256,924399,158,24890,13439,952597,0,0,20497,43855.86,13473236,12523947,0
2021-11-22,10312,6364206,5782,5626900,748,546333,36029,960428,455,25345,36576,989173,0,0,53418,44992.86,13526654,12540881,0
2021-11-23,9668,6373874,4777,5631677,631,546964,33623,994051,396,25741,34092,1023265,0,0,49169,45222,13575823,12556031,0
2021-11-24,8606,6382480,4745,5636422,647,547611,26002,1020053,296,26037,26370,1049635,0,0,40368,43904.71,13616191,12570101,0
2021-11-25,447,6382927,330,5636752,80,547691,1003,1021056,9,26046,1012,1050647,0,0,1869,36786.43,13618060,12570958,0
2021-11-26,7981,6390908,7004,5643756,528,548219,26656,1047712,315,26361,27029,1077676,0,0,42542,34851.43,13660602,12586529,0
2021-11-27,6630,6397538,6861,5650617,370,548589,18897,1066609,231,26592,19166,1096842,0,0,33028,34413,13693630,12600429,0
2021-11-28,4023,6401561,5793,5656410,280,548869,11943,1078552,125,26717,12088,1108930,0,0,22184,34654,13715814,12610545,0
2021-11-29,8985,6410546,11020,5667430,684,549553,35165,1113717,464,27181,35707,1144637,0,0,56396,35079.43,13772210,12631312,0
2021-11-30,10379,6420925,11449,5678879,510,550063,37879,1151596,513,27694,38506,1183143,0,0,60844,36747.29,13833054,12653764,0
2021-12-01,11048,6431973,10983,5689862,724,550787,40493,1192089,443,28137,41035,1224178,0,0,63792,40093.57,13896846,12676620,0
2021-12-02,11507,6443480,11053,5700915,625,551412,42344,1234433,477,28614,42919,1267097,0,0,66104,49270,13962950,12699903,0
2021-12-03,13324,6456804,12915,5713830,665,552077,48126,1282559,547,29161,48778,1315875,0,0,75682,54004.29,14038632,12726912,0
2021-12-04,9738,6466542,11322,5725152,564,552641,30777,1313336,314,29475,31145,1347020,0,0,52769,56824.43,14091401,12748590,0
2021-12-05,5685,6472227,5703,5730855,270,552911,16720,1330056,133,29608,16889,1363909,0,0,28547,57733.43,14119948,12760284,0
2021-12-06,12196,6484423,9991,5740846,599,553510,43388,1373444,473,30081,43954,1407863,0,0,66741,59211.29,14186689,12783164,0
2021-12-07,12468,6496891,9258,5750104,623,554133,43199,1416643,527,30608,43816,1451679,0,0,66165,59971.43,14252854,12805603,0
2021-12-08,13417,6510308,8777,5758881,555,554688,40924,1457567,503,31111,41509,1493188,0,0,64258,60038,14317112,12828434,0
2021-12-09,13348,6523656,8761,5767642,551,555239,40990,1498557,509,31620,41598,1534786,0,0,64259,59774.43,14381371,12851194,0
2021-12-10,13919,6537575,10162,5777804,666,555905,43825,1542382,545,32165,44458,1579244,0,0,69206,58849.29,14450577,12876030,0
2021-12-11,10186,6547761,8156,5785960,404,556309,26781,1569163,293,32458,27124,1606368,0,0,45871,57863.86,14496448,12894827,0
2021-12-12,5964,6553725,3859,5789819,287,556596,15211,1584374,138,32596,15374,1621742,0,0,25484,57426.29,14521932,12904962,0
2021-12-13,12091,6565816,7435,5797254,654,557250,38045,1622419,412,33008,38540,1660282,0,0,58720,56280.43,14580652,12925225,0
2021-12-14,12128,6577944,6949,5804203,729,557979,38291,1660710,455,33463,38814,1699096,0,0,58621,55202.71,14639273,12945100,0
2021-12-15,11968,6589912,6247,5810450,754,558733,38294,1699004,500,33963,38876,1737972,0,0,57846,54286.71,14697119,12964152,0
2021-12-16,13051,6602963,4265,5814715,737,559470,41262,1740266,471,34434,41807,1779779,0,0,59860,53658.29,14756979,12982279,0
2021-12-17,15816,6618779,6945,5821660,617,560087,46958,1787224,491,34925,47546,1827325,0,0,70924,53903.71,14827903,13005754,0
2021-12-18,12930,6631709,5731,5827391,432,560519,30713,1817937,283,35208,31053,1858378,0,0,50146,54514.43,14878049,13024904,0
2021-12-19,6949,6638658,2995,5830386,326,560845,18063,1836000,182,35390,18277,1876655,0,0,28547,54952,14906596,13035206,0
2021-12-20,16687,6655345,5857,5836243,745,561590,47664,1883664,587,35977,48332,1924987,0,0,71621,56795,14978217,13058576,0
2021-12-21,17819,6673164,6575,5842818,806,562396,49079,1932743,617,36594,49775,1974762,0,0,74976,59131.43,15053193,13083856,0
2021-12-22,18466,6691630,6553,5849371,938,563334,49846,1982589,554,37148,50479,2025241,0,0,76436,61787.14,15129629,13109892,0
2021-12-23,18920,6710550,6491,5855862,929,564263,46036,2028625,547,37695,46649,2071890,0,0,72989,63662.71,15202618,13136298,0
2021-12-24,9176,6719726,2957,5858819,598,564861,20664,2049289,213,37908,20911,2092801,0,0,33642,58336.71,15236260,13149063,0
2021-12-25,342,6720068,63,5858882,31,564892,427,2049716,8,37916,436,2093237,0,0,872,51297.57,15237132,13149500,0
2021-12-26,7913,6727981,3932,5862814,341,565233,17318,2067034,179,38095,17528,2110765,0,0,29714,51464.29,15266846,13161717,0
2021-12-27,21692,6749673,9212,5872026,934,566167,43566,2110600,575,38670,44214,2154979,0,0,76052,52097.29,15342898,13193628,0
2021-12-28,20031,6769704,8344,5880370,700,566867,47724,2158324,631,39301,48443,2203422,0,0,77518,52460.43,15420416,13222791,0
2021-12-29,18406,6788110,7674,5888044,606,567473,45710,2204034,502,39803,46287,2249709,0,0,72973,51965.71,15493389,13249552,0
2021-12-30,16800,6804910,7443,5895487,588,568061,44943,2248977,604,40407,45638,2295347,0,0,70470,51605.86,15563859,13274475,0
2021-12-31,5339,6810249,2818,5898305,193,568254,14800,2263777,190,40597,15012,2310359,0,0,23362,50137.29,15587221,13282847,0
2022-01-01,244,6810493,149,5898454,12,568266,504,2264281,36,40633,544,2310903,0,0,949,50148.29,15588170,13283256,0
2022-01-02,6398,6816891,5020,5903474,153,568419,11014,2275295,111,40744,11140,2322043,0,0,22711,49147.86,15610881,13294842,0
2022-01-03,14060,6830951,8525,5911999,515,568934,27042,2302337,353,41097,27439,2349482,0,0,50539,45503.14,15661420,13317986,0
2022-01-04,12760,6843711,8128,5920127,414,569348,27320,2329657,374,41471,27753,2377235,0,0,49055,41437,15710475,13339347,0
2022-01-05,11275,6854986,7035,5927162,386,569734,26038,2355695,322,41793,26404,2403639,0,0,45100,37455.14,15755575,13358087,0
2022-01-06,11298,6866284,7399,5934561,485,570219,27690,2383385,363,42156,28105,2431744,0,0,47287,34143.29,15802862,13377321,0
2022-01-07,10107,6876391,8457,5943018,339,570558,25249,2408634,334,42490,25617,2457361,0,0,44521,37166,15847383,13396259,0
2022-01-08,7635,6884026,8604,5951622,311,570869,19648,2428282,193,42683,19859,2477220,0,0,36410,42231.86,15883793,13412828,0
2022-01-09,4098,6888124,3845,5955467,214,571083,10084,2438366,100,42783,10195,2487415,0,0,18354,41609.43,15902147,13420998,0
2022-01-10,10121,6898245,8203,5963670,490,571573,24661,2463027,311,43094,25023,2512438,0,0,43837,40652,15945984,13439863,0
2022-01-11,8824,6907069,7989,5971659,522,572095,21087,2484114,297,43391,21429,2533867,0,0,38768,39182.43,15984752,13457247,0
2022-01-12,8882,6915951,8334,5979993,427,572522,22413,2506527,295,43686,22743,2556610,0,0,40387,38509.14,16025139,13474926,0
2022-01-13,8975,6924926,8874,5988867,451,572973,22964,2529491,344,44030,23346,2579956,0,0,41648,37703.57,16066787,13493266,0
2022-01-14,10050,6934976,8131,5996998,474,573447,26495,2555986,344,44374,26880,2606836,0,0,45535,37848.43,16112322,13511962,0
2022-01-15,6181,6941157,4322,6001320,180,573627,15174,2571160,185,44559,15382,2622218,0,0,26065,36370.57,16138387,13522668,0
2022-01-16,2887,6944044,3250,6004570,95,573722,7844,2579004,90,44649,7944,2630162,0,0,14177,35773.86,16152564,13528911,0
2022-01-17,6030,6950074,6761,6011331,363,574085,14726,2593730,224,44873,14969,2645131,0,0,28123,33529,16180687,13542084,0
2022-01-18,8105,6958179,10326,6021657,393,574478,19717,2613447,330,45203,20078,2665209,0,0,38902,33548.14,16219589,13560939,0
2022-01-19,7400,6965579,9267,6030924,303,574781,17764,2631211,286,45489,18082,2683291,0,0,35052,32786,16254641,13577941,0
2022-01-20,6217,6971796,8569,6039493,305,575086,15307,2646518,260,45749,15594,2698885,0,0,30686,31220,16285327,13593060,0
2022-01-21,7503,6979299,7520,6047013,276,575362,18557,2665075,297,46046,18879,2717764,0,0,34178,29597.57,16319505,13608384,0
2022-01-22,5164,6984463,4956,6051969,132,575494,11347,2676422,133,46179,11505,2729269,0,0,21757,28982.14,16341262,13618661,0
2022-01-23,2776,6987239,3338,6055307,97,575591,6253,2682675,78,46257,6339,2735608,0,0,12550,28749.71,16353812,13624880,0
2022-01-24,6314,6993553,8214,6063521,262,575853,15106,2697781,255,46512,15389,2750997,0,0,30180,29043.57,16383992,13639699,0
2022-01-25,6131,6999684,7961,6071482,230,576083,14743,2712524,295,46807,15072,2766069,0,0,29394,27685.29,16413386,13654055,0
2022-01-26,5705,7005389,7191,6078673,287,576370,14050,2726574,226,47033,14304,2780373,0,0,27487,26604.57,16440873,13667266,0
2022-01-27,5200,7010589,7102,6085775,320,576690,14126,2740700,240,47273,14405,2794778,0,0,27027,26081.86,16467900,13679927,0
2022-01-28,6205,7016794,7886,6093661,205,576895,16165,2756865,246,47519,16434,2811212,0,0,30730,25589.29,16498630,13694246,0
2022-01-29,833,7017627,729,6094390,28,576923,2544,2759409,40,47559,2587,2813799,0,0,4177,23077.86,16502807,13695839,0
2022-01-30,2070,7019697,3025,6097415,103,577026,4557,2763966,64,47623,4625,2818424,0,0,9823,22688.29,16512630,13701041,0
2022-01-31,4969,7024666,6600,6104015,219,577245,11414,2775380,207,47830,11636,2830060,0,0,23424,21723.14,16536054,13712844,0
2022-02-01,4796,7029462,6457,6110472,220,577465,10740,2786120,223,48053,10981,2841041,0,0,22455,20731.86,16558509,13724336,0
2022-02-02,4241,7033703,5937,6116409,212,577677,11261,2797381,243,48296,11522,2852563,0,0,21912,19935.43,16580421,13734744,0
2022-02-03,4197,7037900,5819,6122228,216,577893,11240,2808621,206,48502,11473,2864036,0,0,21706,19175.29,16602127,13745004,0
2022-02-04,4729,7042629,7120,6129348,214,578107,13259,2821880,242,48744,13526,2877562,0,0,25589,18440.86,16627716,13757092,0
2022-02-05,3551,7046180,6083,6135431,109,578216,8608,2830488,159,48903,8782,2886344,0,0,18525,20490.57,16646241,13766850,0
2022-02-06,2045,7048225,2138,6137569,120,578336,4654,2835142,105,49008,4763,2891107,0,0,9067,20382.57,16655308,13771158,0
2022-02-07,4115,7052340,4751,6142320,205,578541,10155,2845297,238,49246,10418,2901525,0,0,19489,19820.43,16674797,13780254,0
2022-02-08,4178,7056518,5606,6147926,214,578755,11358,2856655,316,49562,11700,2913225,0,0,21698,19712.29,16696495,13790278,0
2022-02-09,4103,7060621,5405,6153331,221,578976,11687,2868342,259,49821,11970,2925195,0,0,21699,19681.86,16718194,13800031,0
2022-02-10,3959,7064580,5130,6158461,243,579219,12212,2880554,297,50118,12540,2937735,0,0,21872,19705.57,16740066,13809394,0
2022-02-11,4484,7069064,5809,6164270,195,579414,13759,2894313,328,50446,14119,2951854,0,0,24607,19565.29,16764673,13819914,0
2022-02-12,3231,7072295,4352,6168622,97,579511,8827,2903140,222,50668,9060,2960914,0,0,16740,19310.29,16781413,13827605,0
2022-02-13,1508,7073803,1544,6170166,41,579552,4888,2908028,115,50783,5008,2965922,0,0,8101,19172.29,16789514,13830703,0
2022-02-14,2956,7076759,3633,6173799,167,579719,10589,2918617,332,51115,10948,2976870,0,0,17704,18917.29,16807218,13837486,0
2022-02-15,3514,7080273,4075,6177874,174,579893,12804,2931421,294,51409,13114,2989984,0,0,20877,18800,16828095,13845265,0
2022-02-16,3609,7083882,3912,6181786,199,580092,15771,2947192,300,51709,16106,3006090,0,0,23826,19103.86,16851921,13853020,0
2022-02-17,3984,7087866,4081,6185867,162,580254,18367,2965559,378,52087,18775,3024865,0,0,27002,19836.71,16878923,13861277,0
2022-02-18,4420,7092286,4794,6190661,190,580444,21562,2987121,469,52556,22054,3046919,0,0,31458,20815.43,16910381,13870704,0
2022-02-19,3231,7095517,2187,6192848,65,580509,11204,2998325,220,52776,11436,3058355,0,0,16919,20841,16927300,13876199,0
2022-02-20,1841,7097358,1446,6194294,59,580568,6599,3004924,117,52893,6723,3065078,0,0,10069,21122.14,16937369,13879552,0
2022-02-21,3069,7100427,2693,6196987,93,580661,8368,3013292,236,53129,8617,3073695,0,0,14472,20660.43,16951841,13885420,0
2022-02-22,4354,7104781,4268,6201255,174,580835,10851,3024143,256,53385,11126,3084821,0,0,19922,20524,16971763,13894235,0
2022-02-23,4230,7109011,3792,6205047,145,580980,10693,3034836,244,53629,10954,3095775,0,0,19121,19851.86,16990884,13902419,0
2022-02-24,3778,7112789,3659,6208706,108,581088,10209,3045045,241,53870,10468,3106243,0,0,18013,18567.71,17008897,13909982,0
2022-02-25,3582,7116371,3637,6212343,135,581223,9998,3055043,248,54118,10259,3116502,0,0,17613,16589.86,17026510,13917349,0
2022-02-26,2810,7119181,2593,6214936,73,581296,9531,3064574,162,54280,9702,3126204,0,0,15178,16341.14,17041688,13922834,0
2022-02-27,1759,7120940,1374,6216310,52,581348,6276,3070850,103,54383,6386,3132590,0,0,9571,16270,17051259,13926026,0
2022-02-28,3762,7124702,3137,6219447,140,581488,13160,3084010,258,54641,13442,3146032,0,0,20481,17128.43,17071740,13933089,0
2022-03-01,2112,7126814,2632,6222079,103,581591,5194,3089204,189,54830,5390,3151422,0,0,10237,15744.86,17081977,13937943,0
2022-03-02,1822,7128636,2448,6224527,107,581698,4149,3093353,211,55041,4371,3155793,0,0,8748,14263,17090725,13942331,0
2022-03-03,1925,7130561,2564,6227091,106,581804,3808,3097161,171,55212,3993,3159786,0,0,8588,12916.57,17099313,13946940,0
2022-03-04,2110,7132671,2884,6229975,66,581870,4338,3101499,213,55425,4563,3164349,0,0,9623,11775.14,17108936,13952012,0
2022-03-05,1609,7134280,2128,6232103,43,581913,3322,3104821,119,55544,3444,3167793,0,0,7224,10638.86,17116160,13955795,0
2022-03-06,792,7135072,881,6232984,30,581943,1625,3106446,56,55600,1684,3169477,0,0,3387,9755.43,17119547,13957501,0
2022-03-07,1657,7136729,1788,6234772,87,582030,3509,3109955,162,55762,3685,3173162,0,0,7217,7860.57,17126764,13961047,0
2022-03-08,1541,7138270,1898,6236670,81,582111,3129,3113084,155,55917,3296,3176458,0,0,6816,7371.86,17133580,13964579,0
2022-03-09,1260,7139530,1685,6238355,80,582191,2595,3115679,128,56045,2729,3179187,0,0,5754,6944.14,17139334,13967610,0
2022-03-10,1407,7140937,2097,6240452,84,582275,2978,3118657,165,56210,3152,3182339,0,0,6740,6680.14,17146074,13971207,0
2022-03-11,1595,7142532,2278,6242730,81,582356,3215,3121872,192,56402,3425,3185764,0,0,7379,6359.57,17153453,13975179,0
2022-03-12,873,7143405,1420,6244150,42,582398,2012,3123884,74,56476,2089,3187853,0,0,4424,5959.57,17157877,13977517,0
2022-03-13,623,7144028,757,6244907,28,582426,1293,3125177,48,56524,1344,3189197,0,0,2752,5868.86,17160629,13978928,0
2022-03-14,1358,7145386,1616,6246523,84,582510,3000,3128177,209,56733,3231,3192428,0,0,6289,5736.29,17166918,13982008,0
2022-03-15,1354,7146740,1924,6248447,63,582573,3070,3131247,238,56971,3315,3195743,0,0,6656,5713.43,17173574,13985356,0
2022-03-16,1395,7148135,2060,6250507,94,582667,3147,3134394,296,57267,3459,3199202,0,0,7008,5892.57,17180582,13988921,0
2022-03-17,1188,7149323,1810,6252317,71,582738,2766,3137160,269,57536,3049,3202251,0,0,6118,5803.71,17186700,13992004,0
2022-03-18,1577,7150900,2221,6254538,79,582817,3780,3140940,422,57958,4208,3206459,0,0,8085,5904.57,17194785,13995887,0
2022-03-19,1101,7152001,1737,6256275,54,582871,2607,3143547,231,58189,2843,3209302,0,0,5735,6091.86,17200520,13998784,0
2022-03-20,602,7152603,631,6256906,33,582904,1471,3145018,186,58375,1661,3210963,0,0,2927,6116.86,17203447,14000054,0
2022-03-21,1408,7154011,1561,6258467,73,582977,3064,3148082,363,58738,3448,3214411,0,0,6490,6145.57,17209937,14003117,0
2022-03-22,1340,7155351,1553,6260020,101,583078,2907,3150989,350,59088,3267,3217678,0,0,6261,6089.14,17216198,14006121,0
2022-03-23,1256,7156607,1358,6261378,66,583144,2926,3153915,375,59463,3311,3220989,0,0,5991,5943.86,17222189,14008811,0
2022-03-24,1206,7157813,1298,6262676,90,583234,2520,3156435,278,59741,2807,3223796,0,0,5401,5841.43,17227590,14011414,0
2022-03-25,1378,7159191,1638,6264314,62,583296,3271,3159706,385,60126,3669,3227465,0,0,6747,5650.29,17234337,14014505,0
2022-03-26,920,7160111,1170,6265484,36,583332,2311,3162017,255,60381,2574,3230039,0,0,4700,5502.43,17239037,14016639,0
2022-03-27,574,7160685,527,6266011,29,583361,1314,3163331,204,60585,1520,3231559,0,0,2650,5462.86,17241687,14017771,0
2022-03-28,1071,7161756,1170,6267181,69,583430,2443,3165774,367,60952,2829,3234388,0,0,5139,5269.86,17246826,14020100,0
2022-03-29,1041,7162797,1106,6268287,84,583514,2516,3168290,885,61837,3423,3237811,0,0,5654,5183.14,17252480,14022353,0
2022-03-30,1235,7164032,1139,6269426,99,583613,3065,3171355,3412,65249,6568,3244379,0,0,9041,5618.86,17261521,14024917,0
2022-03-31,1274,7165306,1250,6270676,58,583671,3163,3174518,5535,70784,8837,3253216,0,0,11420,6478.71,17272941,14027639,0
2022-04-01,1421,7166727,1487,6272163,77,583748,3243,3177761,6926,77710,10326,3263542,0,0,13311,7416.43,17286252,14030781,0
2022-04-02,904,7167631,909,6273072,33,583781,2085,3179846,4542,82252,6723,3270265,0,0,8569,7969.14,17294821,14032723,0
2022-04-03,553,7168184,490,6273562,28,583809,1219,3181065,3062,85314,4344,3274609,0,0,5415,8364.14,17300236,14033857,0
2022-04-04,1343,7169527,1299,6274861,62,583871,2725,3183790,7721,93035,10605,3285214,0,0,13309,9531.29,17313545,14036720,0
2022-04-05,1288,7170815,1153,6276014,66,583937,2844,3186634,7503,100538,10524,3295738,0,0,13031,10585.14,17326576,14039404,0
2022-04-06,1327,7172142,1174,6277188,61,583998,2627,3189261,6959,107497,9749,3305487,0,0,12311,11052.29,17338887,14042129,0
2022-04-07,1198,7173340,1060,6278248,57,584055,2379,3191640,6627,114124,9156,3314643,0,0,11471,11059.57,17350358,14044594,0
2022-04-08,1470,7174810,1409,6279657,61,584116,3170,3194810,8791,122915,12161,3326804,0,0,15101,11315.29,17365459,14047734,0
2022-04-09,906,7175716,925,6280582,29,584145,2080,3196890,4962,127877,7128,3333932,0,0,8988,11375.14,17374447,14049680,0
2022-04-10,573,7176289,459,6281041,25,584170,1168,3198058,2903,130780,4134,3338066,0,0,5191,11343.14,17379638,14050800,0
2022-04-11,1302,7177591,1224,6282265,61,584231,2655,3200713,7841,138621,10653,3348719,0,0,13240,11333.29,17392878,14053544,0
2022-04-12,1210,7178801,1053,6283318,73,584304,2512,3203225,7458,146079,10143,3358862,0,0,12479,11254.43,17405357,14056053,0
2022-04-13,1227,7180028,1073,6284391,61,584365,2512,3205737,7551,153630,10216,3369078,0,0,12577,11292.43,17417934,14058567,0
2022-04-14,1259,7181287,1095,6285486,58,584423,2444,3208181,6594,160224,9167,3378245,0,0,11579,11307.86,17429513,14061108,0
2022-04-15,1333,7182620,1092,6286578,53,584476,2553,3210734,6635,166859,9322,3387567,0,0,11800,10836.29,17441313,14063720,0
2022-04-16,853,7183473,652,6287230,34,584510,1641,3212375,3691,170550,5401,3392968,0,0,6940,10543.71,17448253,14065328,0
2022-04-17,345,7183818,201,6287431,27,584537,636,3213011,1159,171709,1819,3394787,0,0,2392,10143.86,17450645,14065925,0
2022-04-18,1375,7185193,1110,6288541,82,584619,2581,3215592,6419,178128,9143,3403930,0,0,11710,9925.29,17462355,14068635,0
2022-04-19,1406,7186599,932,6289473,71,584690,2569,3218161,5769,183897,8441,3412371,0,0,10850,9692.57,17473205,14071147,0
2022-04-20,1294,7187893,1150,6290623,66,584756,2710,3220871,6650,190547,9503,3421874,0,0,12013,9612,17485218,14073800,0
2022-04-21,1223,7189116,1061,6291684,53,584809,2339,3223210,5403,195950,7859,3429733,0,0,10196,9414.43,17495414,14076254,0
2022-04-22,1230,7190346,1038,6292722,46,584855,2238,3225448,5786,201736,8140,3437873,0,0,10454,9222.14,17505868,14078684,0
2022-04-23,710,7191056,751,6293473,59,584914,1427,3226875,3353,205089,4847,3442720,0,0,6367,9140.29,17512235,14080271,0
2022-04-24,445,7191501,344,6293817,27,584941,812,3227687,1845,206934,2690,3445410,0,0,3506,9299.43,17515741,14081120,0
2022-04-25,1036,7192537,916,6294733,64,585005,1850,3229537,5098,212032,7060,3452470,0,0,9077,8923.29,17524818,14083249,0
2022-04-26,946,7193483,856,6295589,76,585081,1748,3231285,4699,216731,6539,3459009,0,0,8417,8575.71,17533235,14085219,0
2022-04-27,1034,7194517,1020,6296609,80,585161,1924,3233209,5219,221950,7264,3466273,0,0,9398,8202.14,17542633,14087474,0
2022-04-28,1080,7195597,985,6297594,50,585211,2007,3235216,4747,226697,6869,3473142,0,0,8985,8029.14,17551618,14089705,0
2022-04-29,1170,7196767,1102,6298696,60,585271,2157,3237373,5437,232134,7713,3480855,0,0,10045,7970.71,17561663,14092156,0
2022-04-30,723,7197490,742,6299438,50,585321,1392,3238765,2966,235100,4407,3485262,0,0,5922,7907.14,17567585,14093720,0
2022-05-01,445,7197935,366,6299804,20,585341,766,3239531,1657,236757,2454,3487716,0,0,3285,7875.57,17570870,14094582,0
2022-05-02,1042,7198977,791,6300595,52,585393,1673,3241204,3824,240581,5565,3493281,0,0,7450,7643.14,17578320,14096535,0
2022-05-03,1115,7200092,864,6301459,61,585454,1994,3243198,4871,245452,6963,3500244,0,0,9003,7726.86,17587323,14098673,0
2022-05-04,1003,7201095,881,6302340,48,585502,1924,3245122,4678,250130,6695,3506939,0,0,8627,7616.71,17595950,14100698,0
2022-05-05,1070,7202165,952,6303292,86,585588,1928,3247050,4890,255020,6917,3513856,0,0,9025,7622.43,17604975,14102905,0
2022-05-06,1093,7203258,956,6304248,51,585639,1858,3248908,4403,259423,6339,3520195,0,0,8439,7393,17613414,14105083,0
2022-05-07,659,7203917,589,6304837,32,585671,1205,3250113,2434,261857,3679,3523874,0,0,4959,7255.43,17618373,14106403,0
2022-05-08,409,7204326,243,6305080,17,585688,666,3250779,1389,263246,2077,3525951,0,0,2746,7178.43,17621119,14107094,0
2022-05-09,1075,7205401,946,6306026,60,585748,1889,3252668,4437,267683,6421,3532372,0,0,8502,7328.71,17629621,14109270,0
2022-05-10,1093,7206494,928,6306954,54,585802,1977,3254645,4723,272406,6809,3539181,0,0,8884,7311.71,17638505,14111454,0
2022-05-11,1082,7207576,970,6307924,44,585846,1942,3256587,4840,277246,6888,3546069,0,0,8984,7362.71,17647489,14113656,0
2022-05-12,1098,7208674,950,6308874,60,585906,2002,3258589,4669,281915,6772,3552841,0,0,8880,7342,17656369,14115865,0
2022-05-13,1153,7209827,1037,6309911,44,585950,2073,3260662,4811,286726,6977,3559818,0,0,9211,7452.29,17665580,14118192,0
2022-05-14,825,7210652,671,6310582,31,585981,1468,3262130,2965,289691,4475,3564293,0,0,6002,7601.29,17671582,14119761,0
2022-05-15,508,7211160,355,6310937,22,586003,924,3263054,1649,291340,2599,3566892,0,0,3484,7706.71,17675066,14120672,0
2022-05-16,1222,7212382,855,6311792,62,586065,1831,3264885,3870,295210,5766,3572658,0,0,7905,7621.43,17682971,14122876,0
2022-05-17,1282,7213664,931,6312723,79,586144,2045,3266930,4900,300110,7039,3579697,0,0,9331,7685.29,17692302,14125262,0
2022-05-18,1233,7214897,897,6313620,82,586226,2062,3268992,4950,305060,7125,3586822,0,0,9337,7735.71,17701639,14127587,0
2022-05-19,1157,7216054,881,6314501,36,586262,2117,3271109,4732,309792,6935,3593757,0,0,9009,7754.14,17710648,14129747,0
2022-05-20,1194,7217248,958,6315459,73,586335,2370,3273479,5214,315006,7697,3601454,0,0,9924,7856,17720572,14132087,0
2022-05-21,830,7218078,647,6316106,24,586359,1726,3275205,3313,318319,5100,3606554,0,0,6601,7941.57,17727173,14133649,0
2022-05-22,506,7218584,292,6316398,22,586381,1136,3276341,1839,320158,3010,3609564,0,0,3830,7991,17731003,14134504,0
2022-05-23,1215,7219799,885,6317283,52,586433,2189,3278530,4711,324869,7003,3616567,0,0,9155,8169.57,17740158,14136759,0
2022-05-24,1400,7221199,935,6318218,66,586499,2305,3280835,4493,329362,6906,3623473,0,0,9308,8166.29,17749466,14139269,0
2022-05-25,1410,7222609,956,6319174,57,586556,2264,3283099,4277,333639,6643,3630116,0,0,9067,8127.71,17758533,14141795,0
2022-05-26,1165,7223774,888,6320062,60,586616,2274,3285373,4155,337794,6498,3636614,0,0,8612,8071,17767145,14143978,0
2022-05-27,1240,7225014,954,6321016,38,586654,2497,3287870,3926,341720,6503,3643117,0,0,8736,7901.29,17775881,14146291,0
2022-05-28,710,7225724,516,6321532,19,586673,1784,3289654,2069,343789,3893,3647010,0,0,5138,7692.29,17781019,14147576,0
2022-05-29,468,7226192,216,6321748,11,586684,762,3290416,1127,344916,1909,3648919,0,0,2604,7517.14,17783623,14148291,0
2022-05-30,91,7226283,62,6321810,6,586690,138,3290554,144,345060,284,3649203,0,0,443,6272.57,17784066,14148452,0
2022-05-31,1135,7227418,918,6322728,51,586741,1902,3292456,3053,348113,5016,3654219,0,0,7120,5960,17791186,14150617,0
2022-06-01,1151,7228569,851,6323579,63,586804,1969,3294425,3433,351546,5477,3659696,0,0,7542,5742.14,17798728,14152757,0
2022-06-02,1025,7229594,799,6324378,72,586876,1827,3296252,3179,354725,5068,3664764,0,0,6964,5506.71,17805692,14154715,0
2022-06-03,1154,7230748,894,6325272,47,586923,2073,3298325,3495,358220,5638,3670402,0,0,7733,5363.43,17813425,14156880,0
2022-06-04,718,7231466,586,6325858,26,586949,1560,3299885,1907,360127,3503,3673905,0,0,4835,5320.14,17818260,14158248,0
2022-06-05,447,7231913,297,6326155,1,586950,881,3300766,981,361108,1871,3675776,0,0,2616,5321.86,17820876,14159002,0
2022-06-06,1120,7233033,828,6326983,65,587015,1758,3302524,2747,363855,4558,3680334,0,0,6571,6197.29,17827447,14161068,0
2022-06-07,1017,7234050,773,6327756,70,587085,1795,3304319,2569,366424,4412,3684746,0,0,6273,6076.29,17833720,14162977,0
2022-06-08,1088,7235138,836,6328592,75,587160,1877,3306196,2752,369176,4694,3689440,0,0,6693,5955,17840413,14165041,0
2022-06-09,1134,7236272,840,6329432,62,587222,2229,3308425,2694,371870,4975,3694415,0,0,7011,5961.71,17847424,14167129,0
2022-06-10,1044,7237316,816,6330248,76,587298,1880,3310305,2835,374705,4772,3699187,0,0,6708,5815.29,17854132,14169122,0
2022-06-11,678,7237994,507,6330755,25,587323,1333,3311638,1505,376210,2865,3702052,0,0,4075,5706.71,17858207,14170359,0
2022-06-12,349,7238343,287,6331042,21,587344,876,3312514,775,376985,1661,3703713,0,0,2318,5664.14,17860525,14171026,0
2022-06-13,1026,7239369,767,6331809,62,587406,1585,3314099,2190,379175,3814,3707527,0,0,5670,5535.43,17866195,14172921,0
2022-06-14,972,7240341,833,6332642,65,587471,1693,3315792,2505,381680,4261,3711788,0,0,6131,5515.14,17872326,14174854,0
2022-06-15,968,7241309,865,6333507,39,587510,1666,3317458,2427,384107,4155,3715943,0,0,6027,5420,17878353,14176788,0
2022-06-16,959,7242268,777,6334284,59,587569,1835,3319293,2366,386473,4257,3720200,0,0,6052,5283,17884405,14178639,0
2022-06-17,897,7243165,797,6335081,48,587617,1772,3321065,2407,388880,4223,3724423,0,0,5966,5177,17890371,14180426,0
2022-06-18,653,7243818,524,6335605,26,587643,1285,3322350,1296,390176,2611,3727034,0,0,3814,5139.71,17894185,14181659,0
2022-06-19,345,7244163,231,6335836,16,587659,730,3323080,609,390785,1351,3728385,0,0,1943,5086.14,17896128,14182263,0
2022-06-20,829,7244992,489,6336325,41,587700,1581,3324661,1611,392396,3231,3731616,0,0,4590,4931.86,17900718,14183661,0
2022-06-21,1129,7246121,739,6337064,49,587749,1703,3326364,2143,394539,3904,3735520,0,0,5823,4887.86,17906541,14185638,0
2022-06-22,1957,7248078,836,6337900,47,587796,1710,3328074,1996,396535,3748,3739268,0,0,6588,4968,17913129,14188520,0
2022-06-23,2119,7250197,763,6338663,66,587862,1703,3329777,2158,398693,3913,3743181,0,0,6861,5083.57,17919990,14191520,0
2022-06-24,2167,7252364,760,6339423,48,587910,1625,3331402,2162,400855,3835,3747016,0,0,6810,5204.14,17926800,14194543,0
2022-06-25,2136,7254500,499,6339922,15,587925,1238,3332640,1143,401998,2396,3749412,0,0,5049,5380.57,17931849,14197211,0
2022-06-26,1209,7255709,248,6340170,14,587939,687,3333327,531,402529,1224,3750636,0,0,2695,5488,17934544,14198688,0
2022-06-27,1527,7257236,656,6340826,60,587999,1473,3334800,1657,404186,3170,3753806,0,0,5414,5605.71,17939958,14200972,0
2022-06-28,1686,7258922,830,6341656,57,588056,1867,3336667,2144,406330,4057,3757863,0,0,6630,5721,17946588,14203591,0
2022-06-29,1856,7260778,777,6342433,48,588104,1719,3338386,1928,408258,3686,3761549,0,0,6367,5689.43,17952955,14206311,0
2022-06-30,1866,7262644,807,6343240,46,588150,1736,3340122,2134,410392,3914,3765463,0,0,6633,5656.86,17959588,14209074,0
2022-07-01,1605,7264249,598,6343838,26,588176,1400,3341522,1730,412122,3162,3768625,0,0,5391,5454.14,17964979,14211335,0
2022-07-02,979,7265228,388,6344226,19,588195,842,3342364,940,413062,1800,3770425,0,0,3186,5188,17968165,14212739,0
2022-07-03,529,7265757,205,6344431,7,588202,461,3342825,486,413548,950,3771375,0,0,1691,5044.57,17969856,14213483,0
2022-07-04,36,7265793,25,6344456,1,588203,31,3342856,38,413586,69,3771444,0,0,131,4289.86,17969987,14213545,0
2022-07-05,1295,7267088,757,6345213,35,588238,1407,3344263,1739,415325,3177,3774621,0,0,5264,4094.71,17975251,14215663,0
2022-07-06,1612,7268700,677,6345890,44,588282,1442,3345705,1845,417170,3329,3777950,0,0,5662,3994,17980913,14218038,0
2022-07-07,1592,7270292,713,6346603,48,588330,1526,3347231,2002,419172,3566,3781516,0,0,5919,3892,17986832,14220429,0
2022-07-08,1633,7271925,651,6347254,37,588367,1476,3348707,1979,421151,3505,3785021,0,0,5827,3954.29,17992659,14222801,0
2022-07-09,985,7272910,435,6347689,26,588393,884,3349591,1347,422498,2262,3787283,0,0,3708,4028.86,17996367,14224278,0
2022-07-10,637,7273547,187,6347876,17,588410,430,3350021,659,423157,1099,3788382,0,0,1940,4064.43,17998307,14225129,0
2022-07-11,1395,7274942,634,6348510,49,588459,1447,3351468,2213,425370,3695,3792077,0,0,5773,4870.43,18004080,14227242,0
2022-07-12,1406,7276348,688,6349198,45,588504,1404,3352872,2515,427885,3993,3796070,0,0,6132,4994.43,18010212,14229455,0
2022-07-13,1614,7277962,726,6349924,37,588541,1525,3354397,2841,430726,4431,3800501,0,0,6808,5158.14,18017020,14231897,0
2022-07-14,1585,7279547,842,6350766,47,588588,1607,3356004,3064,433790,4749,3805250,0,0,7224,5344.57,18024244,14234450,0
2022-07-15,1615,7281162,937,6351703,47,588635,1577,3357581,3058,436848,4696,3809946,0,0,7295,5554.29,18031539,14237110,0
2022-07-16,881,7282043,586,6352289,9,588644,986,3358567,1701,438549,2717,3812663,0,0,4193,5623.57,18035732,14238616,0
2022-07-17,550,7282593,289,6352578,16,588660,527,3359094,1166,439715,1719,3814382,0,0,2574,5714.14,18038306,14239497,0
2022-07-18,1402,7283995,843,6353421,45,588705,1431,3360525,2464,442179,3953,3818335,0,0,6243,5781.29,18044549,14241845,0
2022-07-19,1440,7285435,976,6354397,51,588756,1545,3362070,2803,444982,4440,3822775,0,0,6907,5892,18051456,14244404,0
2022-07-20,1379,7286814,1482,6355879,50,588806,1355,3363425,2396,447378,3813,3826588,0,0,6725,5880.14,18058181,14247378,0
2022-07-21,1333,7288147,1435,6357314,50,588856,1395,3364820,2364,449742,3808,3830396,0,0,6626,5794.71,18064807,14250245,0
2022-07-22,1428,7289575,1569,6358883,42,588898,1563,3366383,2857,452599,4503,3834899,0,0,7542,5830,18072349,14253367,0
2022-07-23,907,7290482,1102,6359985,17,588915,999,3367382,1553,454152,2589,3837488,0,0,4615,5890.29,18076964,14255430,0
2022-07-24,483,7290965,642,6360627,14,588929,504,3367886,805,454957,1317,3838805,0,0,2457,5873.57,18079421,14256578,0
2022-07-25,1230,7292195,764,6361391,59,588988,1264,3369150,2065,457022,3382,3842187,0,0,5435,5758.14,18084856,14258684,0
2022-07-26,1233,7293428,1022,6362413,41,589029,1478,3370628,2445,459467,3983,3846170,0,0,6279,5668.43,18091135,14261040,0
2022-07-27,1318,7294746,1279,6363692,42,589071,1392,3372020,2195,461662,3647,3849817,0,0,6287,5605.86,18097422,14263740,0
2022-07-28,1311,7296057,1424,6365116,72,589143,1425,3373445,2217,463879,3692,3853509,0,0,6499,5587.71,18103921,14266597,0
2022-07-29,1319,7297376,1431,6366547,64,589207,1361,3374806,2161,466040,3565,3857074,0,0,6379,5421.57,18110300,14269454,0
2022-07-30,738,7298114,719,6367266,25,589232,796,3375602,961,467001,1780,3858854,0,0,3265,5228.71,18113565,14270962,0
2022-07-31,422,7298536,590,6367856,14,589246,488,3376090,571,467572,1065,3859919,0,0,2091,5176.43,18115656,14271994,0
2022-08-01,1245,7299781,914,6368770,55,589301,1334,3377424,1511,469083,2890,3862809,0,0,5104,5129.14,18120760,14274253,0
2022-08-02,1229,7301010,1014,6369784,73,589374,1351,3378775,1602,470685,2999,3865808,0,0,5315,4991.43,18126075,14276615,0
2022-08-03,1263,7302273,1190,6370974,41,589415,1344,3380119,1532,472217,2916,3868724,0,0,5410,4866.14,18131485,14279149,0
2022-08-04,1190,7303463,1187,6372161,58,589473,1289,3381408,1460,473677,2780,3871504,0,0,5215,4682.71,18136700,14281615,0
2022-08-05,1315,7304778,1453,6373614,49,589522,1316,3382724,1442,475119,2782,3874286,0,0,5599,4571.29,18142299,14284456,0
2022-08-06,696,7305474,844,6374458,14,589536,766,3383490,777,475896,1568,3875854,0,0,3123,4551,18145422,14286036,0
2022-08-07,390,7305864,454,6374912,14,589550,428,3383918,358,476254,797,3876651,0,0,1655,4488.71,18147077,14286905,0
2022-08-08,1191,7307055,935,6375847,70,589620,1279,3385197,1187,477441,2496,3879147,0,0,4692,4429.86,18151769,14289131,0
2022-08-09,1133,7308188,891,6376738,38,589658,1232,3386429,1162,478603,2427,3881574,0,0,4489,4311.86,18156258,14291226,0
2022-08-10,1222,7309410,1115,6377853,59,589717,1260,3387689,1247,479850,2542,3884116,0,0,4938,4244.43,18161196,14293657,0
2022-08-11,1276,7310686,1071,6378924,84,589801,1212,3388901,1279,481129,2530,3886646,0,0,4961,4208.14,18166157,14296127,0
2022-08-12,1293,7311979,1411,6380335,55,589856,1269,3390170,1248,482377,2549,3889195,0,0,5308,4166.57,18171465,14298918,0
2022-08-13,754,7312733,790,6381125,15,589871,763,3390933,634,483011,1415,3890610,0,0,2974,4145.29,18174439,14300495,0
2022-08-14,468,7313201,477,6381602,20,589891,405,3391338,283,483294,691,3891301,0,0,1656,4145.43,18176095,14301463,0
2022-08-15,1244,7314445,1067,6382669,60,589951,1319,3392657,991,484285,2351,3893652,0,0,4722,4149.71,18180817,14303875,0
2022-08-16,1303,7315748,869,6383538,50,590001,1371,3394028,1079,485364,2482,3896134,0,0,4705,4180.57,18185522,14306130,0
2022-08-17,1212,7316960,959,6384497,39,590040,1237,3395265,1004,486368,2280,3898414,0,0,4490,4116.57,18190012,14308379,0
2022-08-18,1169,7318129,945,6385442,45,590085,1268,3396533,949,487317,2242,3900656,0,0,4401,4036.57,18194413,14310563,0
2022-08-19,1254,7319383,1135,6386577,34,590119,1121,3397654,979,488296,2130,3902786,0,0,4553,3928.71,18198966,14313016,0
2022-08-20,590,7319973,492,6387069,16,590135,636,3398290,517,488813,1166,3903952,0,0,2264,3827.29,18201230,14314127,0
2022-08-21,358,7320331,243,6387312,9,590144,382,3398672,267,489080,652,3904604,0,0,1262,3771,18202492,14314740,0
2022-08-22,1221,7321552,923,6388235,40,590184,1238,3399910,888,489968,2153,3906757,0,0,4337,3716,18206829,14316951,0
2022-08-23,1237,7322789,1050,6389285,48,590232,1384,3401294,961,490929,2374,3909131,0,0,4710,3716.71,18211539,14319316,0
2022-08-24,1265,7324054,1017,6390302,29,590261,1296,3402590,822,491751,2144,3911275,0,0,4456,3711.86,18215995,14321654,0
2022-08-25,1220,7325274,995,6391297,66,590327,1194,3403784,813,492564,2023,3913298,0,0,4304,3698,18220299,14323951,0
2022-08-26,1187,7326461,1178,6392475,56,590383,1193,3404977,780,493344,1995,3915293,0,0,4416,3678.43,18224715,14326394,0
2022-08-27,694,7327155,542,6393017,14,590397,685,3405662,404,493748,1102,3916395,0,0,2352,3691,18227067,14327657,0
2022-08-28,378,7327533,240,6393257,10,590407,442,3406104,228,493976,673,3917068,0,0,1301,3696.57,18228368,14328288,0
2022-08-29,1253,7328786,981,6394238,41,590448,1231,3407335,689,494665,1941,3919009,0,0,4217,3679.43,18232585,14330585,0
2022-08-30,1267,7330053,942,6395180,36,590484,1273,3408608,767,495432,2070,3921079,0,0,4315,3623,18236900,14332860,0
2022-08-31,1154,7331207,1014,6396194,43,590527,1106,3409714,574,496006,1700,3922779,0,0,3912,3545.29,18240812,14335092,0
2022-09-01,1028,7332235,963,6397157,51,590578,809,3410523,456,496462,1279,3924058,0,0,3322,3405,18244134,14337149,0
2022-09-02,975,7333210,1024,6398181,32,590610,594,3411117,176,496638,777,3924835,92,92,2885,3186.29,18247019,14339172,0
2022-09-03,533,7333743,449,6398630,12,590622,371,3411488,50,496688,425,3925260,314,406,1684,3090.86,18248703,14340121,0
2022-09-04,252,7333995,212,6398842,10,590632,189,3411677,25,496713,216,3925476,312,718,959,3042,18249662,14340554,0
2022-09-05,78,7334073,71,6398913,7,590639,44,3411721,16,496729,61,3925537,9,727,226,2471.86,18249888,14340711,0
2022-09-06,1128,7335201,1228,6400141,51,590690,639,3412360,130,496859,778,3926315,1269,1996,4236,2460.57,18254124,14342909,0
2022-09-07,1473,7336674,1379,6401520,38,590728,486,3412846,156,497015,662,3926977,6446,8442,9122,3204.86,18263246,14344943,0
2022-09-08,1525,7338199,1197,6402717,36,590764,254,3413100,110,497125,380,3927357,7828,16270,9846,4136.86,18273092,14346597,0
2022-09-09,1548,7339747,1609,6404326,49,590813,286,3413386,122,497247,439,3927796,9890,26160,12373,5492.29,18285465,14348672,0
2022-09-10,843,7340590,839,6405165,12,590825,271,3413657,45,497292,329,3928125,5318,31478,6760,6217.43,18292225,14349798,0
2022-09-11,495,7341085,438,6405603,11,590836,86,3413743,30,497322,125,3928250,3941,35419,4529,6727.43,18296754,14350270,0
2022-09-12,1670,7342755,1435,6407038,39,590875,206,3413949,92,497414,332,3928582,11659,47078,13540,8629.43,18310294,14351853,0
2022-09-13,1397,7344152,1272,6408310,33,590908,221,3414170,118,497532,388,3928970,9734,56812,11739,9701.29,18322033,14353519,0
2022-09-14,1408,7345560,1269,6409579,32,590940,224,3414394,126,497658,389,3929359,11030,67842,13078,10266.43,18335111,14355217,0
2022-09-15,1559,7347119,1279,6410858,23,590963,227,3414621,109,497767,371,3929730,12085,79927,14108,10875.29,18349219,14356904,0
2022-09-16,1686,7348805,1626,6412484,27,590990,269,3414890,157,497924,481,3930211,13805,93732,16266,11431.43,18365485,14358939,0
2022-09-17,800,7349605,865,6413349,12,591002,275,3415165,78,498002,376,3930587,7003,100735,8412,11667.43,18373897,14359995,0
2022-09-18,518,7350123,410,6413759,7,591009,74,3415239,26,498028,113,3930700,4485,105220,4977,11731.43,18378874,14360387,0
2022-09-19,1550,7351673,1322,6415081,29,591038,227,3415466,98,498126,351,3931051,13811,119031,15515,12013.57,18394389,14361766,0
2022-09-20,1438,7353111,1252,6416333,27,591065,223,3415689,91,498217,360,3931411,13212,132243,15015,12481.57,18409404,14363255,0
2022-09-21,1666,7354777,1351,6417684,31,591096,261,3415950,131,498348,426,3931837,14941,147184,16850,13020.43,18426254,14364772,0
2022-09-22,1469,7356246,1260,6418944,28,591124,174,3416124,138,498486,357,3932194,13229,160413,15048,13154.71,18441302,14366279,0
2022-09-23,1732,7357978,1648,6420592,24,591148,252,3416376,145,498631,460,3932654,16949,177362,19250,13581,18460552,14368183,0
2022-09-24,799,7358777,888,6421480,8,591156,272,3416648,68,498699,359,3933013,7507,184869,8856,13644.43,18469408,14369192,0
2022-09-25,484,7359261,391,6421871,1,591157,72,3416720,47,498746,128,3933141,4508,189377,4995,13647,18474403,14369560,0
2022-09-26,1567,7360828,1244,6423115,16,591173,290,3417010,144,498890,492,3933633,15013,204390,16712,13818,18491115,14370825,0
2022-09-27,1530,7362358,1307,6424422,26,591199,283,3417293,172,499062,491,3934124,14158,218548,16149,13980,18507264,14372361,0
2022-09-28,1620,7363978,1292,6425714,18,591217,190,3417483,186,499248,430,3934554,15510,234058,17287,14042.43,18524551,14373762,0
2022-09-29,1671,7365649,1301,6427015,19,591236,178,3417661,96,499344,311,3934865,15376,249434,17225,14353.43,18541776,14375337,0
2022-09-30,1635,7367284,1548,6428563,13,591249,182,3417843,177,499521,405,3935270,16485,265919,18653,14268.14,18560429,14377146,0
2022-10-01,718,7368002,669,6429232,5,591254,138,3417981,34,499555,181,3935451,7053,272972,7942,14137.57,18568371,14377863,0
2022-10-02,511,7368513,427,6429659,5,591259,48,3418029,45,499600,107,3935558,4428,277400,4838,14115.14,18573209,14378180,0
2022-10-03,1550,7370063,1188,6430847,23,591282,156,3418185,113,499713,316,3935874,14572,291972,15976,14010,18589185,14379315,0
2022-10-04,1378,7371441,1154,6432001,15,591297,150,3418335,121,499834,299,3936173,13403,305375,14798,13817,18603983,14380439,0
2022-10-05,1587,7373028,1284,6433285,17,591314,284,3418619,163,499997,501,3936674,14867,320242,16692,13732,18620675,14381817,0
2022-10-06,1485,7374513,1248,6434533,19,591333,166,3418785,159,500156,384,3937058,14956,335198,16618,13645.29,18637293,14383154,0
2022-10-07,1658,7376171,1426,6435959,15,591348,171,3418956,136,500292,368,3937426,17112,352310,19074,13705.43,18656367,14384809,0
2022-10-08,760,7376931,680,6436639,4,591352,146,3419102,62,500354,225,3937651,7714,360024,8642,13805.43,18665009,14385529,0
2022-10-09,485,7377416,408,6437047,5,591357,47,3419149,55,500409,120,3937771,4694,364718,5119,13845.57,18670128,14385852,0
2022-10-10,1543,7378959,1253,6438300,14,591371,174,3419323,120,500529,333,3938104,15205,379923,16509,13921.71,18686637,14386862,0
2022-10-11,1634,7380593,1102,6439402,19,591390,181,3419504,152,500681,389,3938493,14321,394244,15855,14072.71,18702492,14388063,0
2022-10-12,1862,7382455,1324,6440726,17,591407,135,3419639,186,500867,387,3938880,16283,410527,17889,14243.71,18720381,14389348,0
2022-10-13,1612,7384067,1150,6441876,28,591435,136,3419775,201,501068,408,3939288,14036,424563,15573,14094.43,18735954,14390548,0
2022-10-14,1811,7385878,1538,6443414,25,591460,130,3419905,181,501249,364,3939652,17209,441772,19192,14111.29,18755146,14392220,0
2022-10-15,765,7386643,638,6444052,9,591469,93,3419998,68,501317,182,3939834,7617,449389,8477,14087.71,18763623,14392919,0
2022-10-16,564,7387207,410,6444462,3,591472,25,3420023,65,501382,121,3939955,4726,454115,5169,14094.86,18768792,14393272,0
2022-10-17,1815,7389022,1251,6445713,18,591490,83,3420106,116,501498,236,3940191,16074,470189,17395,14221.43,18786187,14394394,0
2022-10-18,1682,7390704,1172,6446885,20,591510,100,3420206,135,501633,282,3940473,14639,484828,16011,14243.71,18802198,14395531,0
2022-10-19,2086,7392790,1331,6448216,21,591531,84,3420290,142,501775,289,3940762,16230,501058,17703,14217.14,18819901,14396778,0
2022-10-20,1681,7394471,1168,6449384,11,591542,89,3420379,147,501922,303,3941065,15402,516460,16851,14399.71,18836752,14397991,0
2022-10-21,1798,7396269,1346,6450730,12,591554,92,3420471,150,502072,297,3941362,16738,533198,18407,14287.57,18855159,14399418,0
2022-10-22,740,7397009,668,6451398,9,591563,44,3420515,46,502118,100,3941462,7690,540888,8419,14279.29,18863578,14400057,0
2022-10-23,520,7397529,370,6451768,3,591566,21,3420536,39,502157,69,3941531,4804,545692,5081,14266.71,18868659,14400274,0
2022-10-24,1739,7399268,1207,6452975,19,591585,70,3420606,111,502268,223,3941754,15558,561250,16843,14187.86,18885502,14401378,0
2022-10-25,1658,7400926,1186,6454161,12,591597,95,3420701,109,502377,233,3941987,15039,576289,16344,14235.43,18901846,14402479,0
2022-10-26,1852,7402778,1331,6455492,11,591608,90,3420791,168,502545,334,3942321,16818,593107,18288,14319,18920134,14403691,0
2022-10-27,1580,7404358,1074,6456566,13,591621,91,3420882,127,502672,271,3942592,15116,608223,16414,14256.57,18936548,14404771,0
2022-10-28,1697,7406055,1426,6457992,17,591638,108,3420990,153,502825,320,3942912,16764,624987,18579,14281.14,18955127,14406325,0
2022-10-29,693,7406748,545,6458537,9,591647,69,3421059,58,502883,141,3943053,7748,632735,8418,14281,18963545,14406868,0
2022-10-30,518,7407266,307,6458844,3,591650,19,3421078,57,502940,92,3943145,4491,637226,4779,14237.86,18968324,14407080,0
2022-10-31,1674,7408940,1108,6459952,8,591658,48,3421126,126,503066,217,3943362,14594,651820,15540,14051.71,18983864,14407852,0
2022-11-01,1664,7410604,1021,6460973,18,591676,78,3421204,128,503194,238,3943600,13621,665441,14938,13850.86,18998802,14408963,0
2022-11-02,1731,7412335,1119,6462092,17,591693,90,3421294,123,503317,255,3943855,14875,680316,16147,13545,19014949,14410022,0
2022-11-03,1417,7413752,1034,6463126,14,591707,84,3421378,167,503484,328,3944183,12622,692938,13903,13186.29,19028852,14411052,0
2022-11-04,1735,7415487,1216,6464342,14,591721,101,3421479,139,503623,275,3944458,15433,708371,17031,12965.14,19045883,14412410,0
2022-11-05,824,7416311,529,6464871,6,591727,66,3421545,82,503705,162,3944620,7045,715416,7758,12870.86,19053641,14412975,0
2022-11-06,406,7416717,330,6465201,4,591731,20,3421565,49,503754,106,3944726,4072,719488,4412,12818.43,19058053,14413246,0
2022-11-07,1638,7418355,1065,6466266,14,591745,75,3421640,101,503855,213,3944939,13220,732708,14382,12653,19072435,14414232,0
2022-11-08,1529,7419884,1008,6467274,8,591753,97,3421737,132,503987,270,3945209,12068,744776,13332,12423.57,19085767,14415267,0
2022-11-09,1568,7421452,1056,6468330,9,591762,86,3421823,114,504101,247,3945456,12190,756966,13455,12039,19099222,14416332,0
2022-11-10,1483,7422935,1013,6469343,14,591776,73,3421896,147,504248,276,3945732,12354,769320,13630,12000,19112852,14417388,0
2022-11-11,1499,7424434,1073,6470416,11,591787,101,3421997,102,504350,224,3945956,12874,782194,14300,11609.86,19127152,14418611,0
2022-11-12,671,7425105,513,6470929,2,591789,57,3422054,61,504411,128,3946084,6430,788624,7049,11508.57,19134201,14419112,0
2022-11-13,495,7425600,339,6471268,4,591793,15,3422069,68,504479,98,3946182,3893,792517,4210,11479.71,19138411,14419346,0
2022-11-14,1440,7427040,1024,6472292,19,591812,59,3422128,113,504592,203,3946385,11629,804146,12742,11245.43,19151153,14420287,0
2022-11-15,1491,7428531,1000,6473292,15,591827,103,3422231,165,504757,294,3946679,11274,815420,12655,11148.71,19163808,14421400,0
2022-11-16,1597,7430128,1033,6474325,21,591848,66,3422297,146,504903,248,3946927,11563,826983,12811,11056.71,19176619,14422436,0
2022-11-17,1420,7431548,977,6475302,10,591858,72,3422369,189,505092,302,3947229,10539,837522,11869,10805.14,19188488,14423505,0
2022-11-18,1581,7433129,1102,6476404,12,591870,68,3422437,118,505210,216,3947445,12403,849925,13994,10761.43,19202482,14424910,0
2022-11-19,677,7433806,436,6476840,4,591874,57,3422494,63,505273,129,3947574,5911,855836,6568,10692.71,19209050,14425447,0
2022-11-20,475,7434281,303,6477143,4,591878,12,3422506,35,505308,64,3947638,3538,859374,3838,10639.57,19212888,14425700,0
2022-11-21,1516,7435797,920,6478063,4,591882,51,3422557,81,505389,149,3947787,10391,869765,11367,10443.14,19224255,14426544,0
2022-11-22,1270,7437067,816,6478879,7,591889,53,3422610,92,505481,163,3947950,9263,879028,10290,10105.29,19234545,14427426,0
2022-11-23,1288,7438355,733,6479612,11,591900,64,3422674,80,505561,170,3948120,8673,887701,9612,9648.29,19244157,14428221,0
2022-11-24,18,7438373,10,6479622,2,591902,0,3422674,6,505567,8,3948128,112,887813,137,7972.29,19244294,14428240,0
2022-11-25,679,7439052,475,6480097,14,591916,37,3422711,55,505622,111,3948239,5683,893496,6420,6890.29,19250714,14428885,0
2022-11-26,591,7439643,378,6480475,2,591918,15,3422726,43,505665,62,3948301,4896,898392,5331,6713.57,19256045,14429262,0
2022-11-27,396,7440039,219,6480694,1,591919,11,3422737,23,505688,49,3948350,3171,901563,3353,6644.29,19259398,14429410,0
2022-11-28,947,7440986,698,6481392,10,591929,59,3422796,65,505753,145,3948495,6950,908513,7918,6151.57,19267316,14430254,0
2022-11-29,925,7441911,709,6482101,8,591937,46,3422842,72,505825,143,3948638,6929,915442,7965,5819.43,19275281,14431172,0
2022-11-30,1209,7443120,866,6482967,16,591953,51,3422893,54,505879,124,3948762,8726,924168,9735,5837,19285016,14432076,0
2022-12-01,1128,7444248,770,6483737,13,591966,61,3422954,96,505975,183,3948945,8468,932636,9540,7180.29,19294556,14432991,0
2022-12-02,1314,7445562,971,6484708,14,591980,70,3423024,105,506080,195,3949140,10217,942853,11543,7912.14,19306099,14434142,0
2022-12-03,613,7446175,424,6485132,12,591992,42,3423066,42,506122,87,3949227,4951,947804,5478,7933.14,19311577,14434585,0
2022-12-04,418,7446593,284,6485416,4,591996,7,3423073,26,506148,40,3949267,3269,951073,3496,7953.57,19315073,14434779,0
2022-12-05,1161,7447754,765,6486181,15,592011,62,3423135,71,506219,149,3949416,8600,959673,9610,8195.29,19324683,14435656,0
2022-12-06,1163,7448917,766,6486947,13,592024,69,3423204,89,506308,176,3949592,8129,967802,9128,8361.43,19333811,14436497,0
2022-12-07,1207,7450124,752,6487699,12,592036,62,3423266,81,506389,163,3949755,8297,976099,9315,8301.43,19343126,14437372,0
2022-12-08,1101,7451225,741,6488440,14,592050,69,3423335,77,506466,166,3949921,8672,984771,9702,8324.57,19352828,14438256,0
2022-12-09,1229,7452454,974,6489414,13,592063,81,3423416,103,506569,210,3950131,10407,995178,11773,8357.43,19364601,14439438,0
2022-12-10,677,7453131,460,6489874,7,592070,36,3423452,74,506643,128,3950259,6145,1001323,6713,8533.86,19371314,14439896,0
2022-12-11,431,7453562,263,6490137,4,592074,11,3423463,35,506678,56,3950315,3683,1005006,3885,8589.43,19375199,14440052,0
2022-12-12,1335,7454897,803,6490940,19,592093,78,3423541,105,506783,209,3950524,9971,1014977,11019,8790.71,19386218,14440917,0
2022-12-13,1273,7456170,844,6491784,17,592110,54,3423595,101,506884,190,3950714,9695,1024672,10752,9022.71,19396970,14441819,0
2022-12-14,1194,7457364,830,6492614,12,592122,67,3423662,99,506983,193,3950907,9635,1034307,10616,9208.57,19407586,14442634,0
2022-12-15,1192,7458556,694,6493308,11,592133,60,3423722,109,507092,184,3951091,8445,1042752,9415,9167.57,19417001,14443435,0
2022-12-16,1203,7459759,804,6494112,12,592145,69,3423791,126,507218,217,3951308,9358,1052110,10533,8990.43,19427534,14444415,0
2022-12-17,651,7460410,464,6494576,8,592153,31,3423822,36,507254,80,3951388,5831,1057941,6305,8932.14,19433839,14444822,0
2022-12-18,439,7460849,231,6494807,2,592155,15,3423837,23,507277,48,3951436,3402,1061343,3609,8892.71,19437448,14444991,0
2022-12-19,1222,7462071,775,6495582,8,592163,56,3423893,84,507361,154,3951590,8907,1070250,9842,8724.57,19447290,14445786,0
2022-12-20,1208,7463279,762,6496344,18,592181,83,3423976,138,507499,277,3951867,8584,1078834,9717,8576.71,19457007,14446698,0
2022-12-21,1091,7464370,695,6497039,16,592197,54,3424030,95,507594,180,3952047,8283,1087117,9159,8368.57,19466166,14447425,0
2022-12-22,988,7465358,588,6497627,4,592201,44,3424074,73,507667,134,3952181,6940,1094057,7673,8119.71,19473839,14448041,0
2022-12-23,832,7466190,503,6498130,11,592212,41,3424115,58,507725,112,3952293,5915,1099972,6521,7546.57,19480360,14448548,0
2022-12-24,190,7466380,113,6498243,1,592213,2,3424117,15,507740,20,3952313,1377,1101349,1496,6859.57,19481856,14448650,0
2022-12-25,8,7466388,3,6498246,0,592213,2,3424119,0,507740,2,3952315,29,1101378,37,6349.29,19481893,14448656,0
2022-12-26,572,7466960,269,6498515,16,592229,19,3424138,22,507762,44,3952359,3306,1104684,3617,5460,19485510,14448926,0
2022-12-27,1085,7468045,607,6499122,13,592242,56,3424194,60,507822,125,3952484,7236,1111920,8036,5219.86,19493546,14449610,0
2022-12-28,1062,7469107,562,6499684,8,592250,58,3424252,63,507885,132,3952616,6989,1118909,7785,5023.57,19501331,14450285,0
2022-12-29,1012,7470119,585,6500269,9,592259,50,3424302,90,507975,163,3952779,6592,1125501,7424,4988,19508755,14450977,0
2022-12-30,949,7471068,538,6500807,9,592268,49,3424351,50,508025,109,3952888,6133,1131634,6858,5036.14,19515613,14451603,0
2022-12-31,307,7471375,168,6500975,4,592272,17,3424368,10,508035,30,3952918,1813,1133447,1991,5106.86,19517604,14451754,0
2023-01-01,20,7471395,9,6500984,0,592272,3,3424371,5,508040,8,3952926,59,1133506,87,5114,19517691,14451774,0
2023-01-02,654,7472049,329,6501313,10,592282,14,3424385,24,508064,44,3952970,3655,1137161,4003,5169.14,19521694,14452084,0
2023-01-03,968,7473017,594,6501907,9,592291,41,3424426,58,508122,111,3953081,5480,1142641,6270,4916.86,19527964,14452775,0
2023-01-04,1106,7474123,677,6502584,17,592308,52,3424478,63,508185,133,3953214,6179,1148820,7059,4813.14,19535023,14453540,0
2023-01-05,1009,7475132,590,6503174,23,592331,36,3424514,89,508274,144,3953358,5768,1154588,6701,4709.86,19541724,14454348,0
2023-01-06,1053,7476185,779,6503953,17,592348,49,3424563,81,508355,141,3953499,6500,1161088,7552,4809,19549276,14455270,0
2023-01-07,601,7476786,430,6504383,8,592356,23,3424586,34,508389,63,3953562,4454,1165542,4914,5226.57,19554190,14455673,0
2023-01-08,375,7477161,246,6504629,4,592360,12,3424598,29,508418,45,3953607,2560,1168102,2770,5609.86,19556960,14455842,0
2023-01-09,955,7478116,582,6505211,17,592377,52,3424650,41,508459,102,3953709,5608,1173710,6451,5959.57,19563411,14456592,0
2023-01-10,860,7478976,645,6505856,8,592385,49,3424699,85,508544,151,3953860,5342,1179052,6252,5957,19569663,14457368,0
2023-01-11,879,7479855,550,6506406,21,592406,46,3424745,68,508612,137,3953997,5165,1184217,5978,5802.57,19575641,14458067,0
2023-01-12,778,7480633,495,6506901,24,592430,54,3424799,121,508733,198,3954195,4536,1188753,5482,5628.43,19581123,14458838,0
2023-01-13,800,7481433,557,6507458,11,592441,69,3424868,58,508791,143,3954338,5377,1194130,6266,5444.71,19587389,14459600,0
2023-01-14,510,7481943,280,6507738,10,592451,27,3424895,31,508822,60,3954398,3229,1197359,3634,5261.86,19591023,14459947,0
2023-01-15,285,7482228,152,6507890,6,592457,16,3424911,23,508845,54,3954452,1793,1199152,1998,5151.57,19593021,14460113,0
2023-01-16,500,7482728,308,6508198,11,592468,32,3424943,27,508872,64,3954516,2776,1201928,3213,4689,19596234,14460491,0
2023-01-17,804,7483532,476,6508674,19,592487,49,3424992,73,508945,135,3954651,3832,1205760,4700,4467.29,19600934,14461237,0
2023-01-18,800,7484332,478,6509152,16,592503,48,3425040,61,509006,116,3954767,3733,1209493,4540,4261.86,19605474,14461935,0
2023-01-19,658,7484990,430,6509582,6,592509,50,3425090,34,509040,103,3954870,3168,1212661,3915,4038,19609389,14462598,0
2023-01-20,708,7485698,489,6510071,23,592532,40,3425130,39,509079,86,3954956,3746,1216407,4533,3790.43,19613922,14463306,0
2023-01-21,370,7486068,195,6510266,12,592544,20,3425150,12,509091,33,3954989,1894,1218301,2204,3586.14,19616126,14463584,0
2023-01-22,226,7486294,62,6510328,5,592549,0,3425150,2,509093,3,3954992,863,1219164,969,3439.14,19617095,14463688,0
2023-01-23,642,7486936,329,6510657,12,592561,14,3425164,45,509138,66,3955058,2707,1221871,3370,3461.57,19620465,14464292,0
2023-01-24,576,7487512,393,6511050,17,592578,38,3425202,34,509172,85,3955143,3058,1224929,3710,3320.14,19624175,14464872,0
2023-01-25,602,7488114,364,6511414,21,592599,32,3425234,41,509213,85,3955228,2708,1227637,3385,3155.14,19627560,14465476,0
2023-01-26,557,7488671,353,6511767,18,592617,35,3425269,51,509264,102,3955330,2696,1230333,3359,3075.71,19630919,14466053,0
2023-01-27,565,7489236,437,6512204,11,592628,35,3425304,49,509313,91,3955421,2821,1233154,3559,2936.57,19634478,14466707,0
2023-01-28,360,7489596,187,6512391,5,592633,24,3425328,39,509352,70,3955491,1589,1234743,1928,2897.14,19636406,14466983,0
2023-01-29,237,7489833,117,6512508,3,592636,13,3425341,10,509362,27,3955518,991,1235734,1144,2922.14,19637550,14467113,0
2023-01-30,600,7490433,401,6512909,18,592654,40,3425381,36,509398,79,3955597,2504,1238238,3227,2901.71,19640777,14467760,0
2023-01-31,512,7490945,356,6513265,12,592666,31,3425412,49,509447,92,3955689,2438,1240676,3069,2810.14,19643846,14468311,0
2023-02-01,485,7491430,340,6513605,16,592682,40,3425452,44,509491,92,3955781,2327,1243003,2973,2751.29,19646819,14468873,0
2023-02-02,462,7491892,350,6513955,13,592695,34,3425486,35,509526,77,3955858,2156,1245159,2778,2668.29,19649597,14469426,0
2023-02-03,543,7492435,394,6514349,14,592709,27,3425513,35,509561,69,3955927,2363,1247522,3068,2598.14,19652665,14470069,0
2023-02-04,243,7492678,158,6514507,12,592721,14,3425527,16,509577,31,3955958,1141,1248663,1404,2523.29,19654069,14470302,0
2023-02-05,201,7492879,97,6514604,0,592721,3,3425530,16,509593,21,3955979,855,1249518,975,2499.14,19655044,14470403,0
2023-02-06,598,7493477,314,6514918,9,592730,29,3425559,27,509620,65,3956044,2253,1251771,2831,2442.57,19657875,14470925,0
2023-02-07,480,7493957,362,6515280,5,592735,28,3425587,35,509655,71,3956115,2337,1254108,2937,2423.71,19660812,14471462,0
2023-02-08,455,7494412,321,6515601,4,592739,27,3425614,36,509691,69,3956184,2317,1256425,2881,2410.57,19663693,14471963,0
2023-02-09,475,7494887,350,6515951,3,592742,38,3425652,46,509737,98,3956282,2057,1258482,2712,2401.14,19666405,14472534,0
2023-02-10,496,7495383,389,6516340,2,592744,30,3425682,33,509770,87,3956369,2278,1260760,2968,2386.86,19669373,14473161,0
2023-02-11,294,7495677,197,6516537,7,592751,22,3425704,25,509795,48,3956417,1345,1262105,1663,2423.86,19671036,14473432,0
2023-02-12,184,7495861,81,6516618,0,592751,6,3425710,0,509795,10,3956427,707,1262812,820,2401.71,19671856,14473539,0
2023-02-13,443,7496304,293,6516911,4,592755,21,3425731,26,509821,51,3956478,1758,1264570,2321,2328.86,19674177,14474055,0
2023-02-14,401,7496705,272,6517183,6,592761,30,3425761,22,509843,57,3956535,1694,1266264,2225,2227.14,19676402,14474534,0
2023-02-15,405,7497110,290,6517473,10,592771,24,3425785,28,509871,64,3956599,1746,1268010,2264,2139,19678666,14475000,0
2023-02-16,361,7497471,244,6517717,6,592777,26,3425811,19,509890,50,3956649,1630,1269640,2107,2052.57,19680773,14475432,0
2023-02-17,398,7497869,312,6518029,6,592783,24,3425835,32,509922,63,3956712,1696,1271336,2267,1952.43,19683040,14475947,0
2023-02-18,199,7498068,117,6518146,5,592788,13,3425848,4,509926,18,3956730,1005,1272341,1191,1885,19684231,14476116,0
2023-02-19,120,7498188,55,6518201,2,592790,6,3425854,6,509932,14,3956744,540,1272881,611,1855.14,19684842,14476175,0
2023-02-20,315,7498503,160,6518361,3,592793,10,3425864,17,509949,28,3956772,1160,1274041,1426,1727.29,19686268,14476414,0
2023-02-21,378,7498881,286,6518647,5,592798,25,3425889,34,509983,64,3956836,1535,1275576,2073,1705.57,19688341,14476893,0
2023-02-22,406,7499287,278,6518925,8,592806,39,3425928,26,510009,69,3956905,1641,1277217,2181,1693.71,19690522,14477368,0
2023-02-23,388,7499675,252,6519177,10,592816,26,3425954,31,510040,71,3956976,1480,1278697,2025,1682,19692547,14477856,0
2023-02-24,366,7500041,324,6519501,4,592820,30,3425984,26,510066,63,3957039,1738,1280435,2298,1686.43,19694845,14478360,0
2023-02-25,163,7500204,123,6519624,2,592822,9,3425993,13,510079,24,3957063,778,1281213,973,1655.29,19695818,14478533,0
2023-02-26,92,7500296,49,6519673,0,592822,8,3426001,5,510084,17,3957080,472,1281685,539,1645,19696357,14478587,0
2023-02-27,376,7500672,300,6519973,4,592826,32,3426033,20,510104,55,3957135,1491,1283176,2011,1728.57,19698368,14479055,0
2023-02-28,356,7501028,239,6520212,8,592834,30,3426063,27,510131,62,3957197,1334,1284510,1817,1692,19700185,14479481,0
2023-03-01,387,7501415,291,6520503,7,592841,25,3426088,20,510151,51,3957248,1444,1285954,1982,1663.57,19702167,14479974,0
2023-03-02,375,7501790,293,6520796,11,592852,20,3426108,23,510174,50,3957298,1331,1287285,1876,1642.29,19704043,14480476,0
2023-03-03,404,7502194,316,6521112,10,592862,26,3426134,25,510199,58,3957356,1601,1288886,2194,1627.43,19706237,14481018,0
2023-03-04,199,7502393,123,6521235,4,592866,10,3426144,16,510215,28,3957384,799,1289685,1033,1636,19707270,14481226,0
2023-03-05,125,7502518,60,6521295,2,592868,4,3426148,6,510221,14,3957398,464,1290149,558,1638.71,19707828,14481310,0
2023-03-06,408,7502926,263,6521558,12,592880,22,3426170,16,510237,41,3957439,1386,1291535,1895,1622.14,19709723,14481781,0
2023-03-07,362,7503288,244,6521802,6,592886,22,3426192,30,510267,61,3957500,1306,1292841,1772,1615.71,19711495,14482195,0
2023-03-08,370,7503658,244,6522046,3,592889,35,3426227,30,510297,69,3957569,1353,1294194,1849,1596.71,19713344,14482626,0
2023-03-09,360,7504018,244,6522290,4,592893,16,3426243,24,510321,46,3957615,1265,1295459,1752,1579,19715096,14483073,0
2023-03-10,303,7504321,282,6522572,3,592896,10,3426253,20,510341,38,3957653,1397,1296856,1852,1530.14,19716948,14483498,0
2023-03-11,187,7504508,88,6522660,3,592899,18,3426271,4,510345,23,3957676,687,1297543,872,1507.14,19717820,14483661,0
2023-03-12,109,7504617,47,6522707,1,592900,4,3426275,7,510352,17,3957693,435,1297978,517,1501.29,19718337,14483732,0
2023-03-13,333,7504950,201,6522908,7,592907,11,3426286,13,510365,25,3957718,1127,1299105,1522,1448,19719859,14484103,0
2023-03-14,285,7505235,184,6523092,5,592912,15,3426301,11,510376,32,3957750,1065,1300170,1418,1397.43,19721277,14484430,0
2023-03-15,331,7505566,270,6523362,3,592915,9,3426310,13,510389,23,3957773,1231,1301401,1682,1373.57,19722959,14484859,0
2023-03-16,302,7505868,246,6523608,9,592924,14,3426324,15,510404,35,3957808,1164,1302565,1592,1350.71,19724551,14485258,0
2023-03-17,327,7506195,266,6523874,5,592929,20,3426344,8,510412,29,3957837,1277,1303842,1709,1330.29,19726260,14485662,0
2023-03-18,158,7506353,100,6523974,2,592931,8,3426352,5,510417,14,3957851,671,1304513,840,1325.71,19727100,14485818,0
2023-03-19,114,7506467,56,6524030,1,592932,3,3426355,3,510420,9,3957860,366,1304879,451,1316.29,19727551,14485897,0
2023-03-20,343,7506810,214,6524244,7,592939,29,3426384,15,510435,45,3957905,1219,1306098,1617,1329.86,19729168,14486251,0
2023-03-21,342,7507152,191,6524435,7,592946,23,3426407,18,510453,43,3957948,1126,1307224,1534,1346.43,19730702,14486618,0
2023-03-22,316,7507468,226,6524661,6,592952,12,3426419,11,510464,25,3957973,1131,1308355,1530,1324.71,19732232,14486994,0
2023-03-23,272,7507740,203,6524864,1,592953,21,3426440,12,510476,37,3958010,1017,1309372,1413,1299.14,19733645,14487357,0
2023-03-24,312,7508052,256,6525120,8,592961,19,3426459,19,510495,41,3958051,1129,1310501,1594,1282.71,19735239,14487784,0
2023-03-25,131,7508183,117,6525237,1,592962,9,3426468,9,510504,18,3958069,592,1311093,741,1268.57,19735980,14487915,0
2023-03-26,92,7508275,44,6525281,2,592964,4,3426472,4,510508,9,3958078,389,1311482,451,1268.57,19736431,14487969,0
2023-03-27,283,7508558,233,6525514,3,592967,14,3426486,11,510519,26,3958104,1012,1312494,1408,1238.71,19737839,14488340,0
2023-03-28,283,7508841,182,6525696,10,592977,20,3426506,9,510528,32,3958136,1018,1313512,1373,1215.71,19739212,14488666,0
2023-03-29,298,7509139,187,6525883,5,592982,13,3426519,9,510537,22,3958158,1076,1314588,1435,1202.14,19740647,14489003,0
2023-03-30,258,7509397,185,6526068,2,592984,17,3426536,10,510547,31,3958189,978,1315566,1325,1189.57,19741972,14489323,0
2023-03-31,296,7509693,260,6526328,7,592991,23,3426559,20,510567,44,3958233,1031,1316597,1493,1175.14,19743465,14489742,0
2023-04-01,122,7509815,66,6526394,3,592994,8,3426567,5,510572,15,3958248,528,1317125,659,1163.43,19744124,14489860,0
2023-04-02,92,7509907,35,6526429,0,592994,5,3426572,3,510575,10,3958258,273,1317398,340,1147.57,19744464,14489919,0
2023-04-03,276,7510183,157,6526586,8,593002,19,3426591,15,510590,40,3958298,893,1318291,1213,1119.71,19745677,14490205,0
2023-04-04,284,7510467,192,6526778,3,593005,13,3426604,10,510600,26,3958324,869,1319160,1222,1098.14,19746899,14490535,0
2023-04-05,269,7510736,155,6526933,8,593013,17,3426621,7,510607,27,3958351,989,1320149,1283,1076.43,19748182,14490805,0
2023-04-06,343,7511079,161,6527094,9,593022,17,3426638,5,510612,22,3958373,985,1321134,1320,1075.71,19749502,14491118,0
2023-04-07,246,7511325,146,6527240,5,593027,12,3426650,9,510621,21,3958394,752,1321886,1049,1012.29,19750551,14491394,0
2023-04-08,172,7511497,105,6527345,1,593028,5,3426655,10,510631,16,3958410,554,1322440,696,1017.57,19751247,14491521,0
2023-04-09,68,7511565,23,6527368,0,593028,0,3426655,4,510635,4,3958414,204,1322644,246,1004.14,19751493,14491559,0
2023-04-10,284,7511849,180,6527548,6,593034,19,3426674,9,510644,28,3958442,890,1323534,1217,1004.71,19752710,14491858,0
2023-04-11,272,7512121,153,6527701,5,593039,15,3426689,9,510653,28,3958470,913,1324447,1218,1004.14,19753928,14492139,0
2023-04-12,288,7512409,166,6527867,5,593044,15,3426704,8,510661,25,3958495,826,1325273,1178,989.14,19755106,14492468,0
2023-04-13,249,7512658,137,6528004,8,593052,13,3426717,7,510668,21,3958516,845,1326118,1149,964.71,19756255,14492752,0
2023-04-14,242,7512900,198,6528202,2,593054,6,3426723,10,510678,18,3958534,853,1326971,1179,983.29,19757434,14493062,0
2023-04-15,121,7513021,95,6528297,6,593060,3,3426726,7,510685,11,3958545,408,1327379,556,963.29,19757990,14493200,0
2023-04-16,76,7513097,31,6528328,0,593060,0,3426726,1,510686,1,3958546,266,1327645,307,972,19758297,14493240,0
2023-04-17,231,7513328,140,6528468,3,593063,7,3426733,3,510689,11,3958557,713,1328358,994,940.14,19759291,14493511,0
2023-04-18,217,7513545,127,6528595,6,593069,9,3426742,10,510699,22,3958579,753,1329111,983,906.57,19760274,14493722,0
2023-04-19,198,7513743,112,6528707,5,593074,7,3426749,9,510708,16,3958595,923,1330034,1080,892.57,19761354,14493863,0
2023-04-20,231,7513974,140,6528847,2,593076,14,3426763,19,510727,38,3958633,1277,1331311,1444,934.71,19762798,14493997,0
2023-04-21,232,7514206,135,6528982,6,593082,14,3426777,9,510736,29,3958662,1757,1333068,1882,1035.14,19764680,14494099,0
2023-04-22,109,7514315,58,6529040,3,593085,8,3426785,4,510740,13,3958675,948,1334016,1012,1100.29,19765692,14494151,0
2023-04-23,73,7514388,46,6529086,1,593086,1,3426786,2,510742,4,3958679,601,1334617,628,1146.14,19766320,14494175,0
2023-04-24,236,7514624,147,6529233,2,593088,11,3426797,7,510749,22,3958701,1790,1336407,1899,1275.43,19768219,14494266,0
2023-04-25,246,7514870,140,6529373,6,593094,12,3426809,11,510760,27,3958728,1787,1338194,1890,1405,19770109,14494346,0
2023-04-26,221,7515091,128,6529501,5,593099,7,3426816,5,510765,21,3958749,1650,1339844,1726,1497.29,19771835,14494410,0
2023-04-27,280,7515371,159,6529660,1,593100,11,3426827,17,510782,45,3958794,1810,1341654,1913,1564.29,19773748,14494485,0
2023-04-28,251,7515622,173,6529833,2,593102,11,3426838,16,510798,35,3958829,2026,1343680,2114,1597.43,19775862,14494546,0
2023-04-29,142,7515764,63,6529896,2,593104,5,3426843,6,510804,12,3958841,910,1344590,967,1591,19776829,14494592,0
2023-04-30,97,7515861,27,6529923,1,593105,6,3426849,3,510807,10,3958851,546,1345136,567,1582.29,19777396,14494604,0
2023-05-01,309,7516170,152,6530075,2,593107,12,3426861,9,510816,23,3958874,1922,1347058,2014,1598.71,19779410,14494675,0
2023-05-02,251,7516421,137,6530212,3,593110,11,3426872,6,510822,21,3958895,1780,1348838,1835,1590.86,19781245,14494713,0
2023-05-03,257,7516678,142,6530354,1,593111,14,3426886,10,510832,26,3958921,1738,1350576,1815,1603.57,19783060,14494766,0
2023-05-04,238,7516916,155,6530509,0,593111,13,3426899,8,510840,28,3958949,1975,1352551,2048,1622.86,19785108,14494818,0
2023-05-05,303,7517219,157,6530666,1,593112,6,3426905,11,510851,19,3958968,2120,1354671,2173,1631.29,19787281,14494854,0
2023-05-06,132,7517351,74,6530740,0,593112,13,3426918,8,510859,24,3958992,970,1355641,1033,1640.71,19788314,14494896,0
2023-05-07,77,7517428,34,6530774,0,593112,0,3426918,6,510865,7,3958999,626,1356267,641,1651.29,19788955,14494905,0
2023-05-08,266,7517694,141,6530915,0,593112,8,3426926,10,510875,19,3959018,1994,1358261,2049,1656.29,19791004,14494942,0
2023-05-09,259,7517953,122,6531037,0,593112,5,3426931,4,510879,18,3959036,1743,1360004,1786,1649.29,19792790,14494976,0
2023-05-10,245,7518198,123,6531160,1,593113,6,3426937,13,510892,26,3959062,1887,1361891,1950,1668.57,19794740,14495020,0
2023-05-11,228,7518426,127,6531287,1,593114,11,3426948,23,510915,41,3959103,1815,1363706,1891,1646.14,19796631,14495062,0
2023-05-12,166,7518592,121,6531408,1,593115,5,3426953,10,510925,26,3959129,1554,1365260,1598,1564,19798229,14495091,0
2023-05-13,98,7518690,48,6531456,0,593115,1,3426954,4,510929,8,3959137,700,1365960,725,1520,19798954,14495111,0
2023-05-14,59,7518749,21,6531477,0,593115,2,3426956,0,510929,3,3959140,363,1366323,373,1481.71,19799327,14495119,0
2023-05-15,210,7518959,120,6531597,0,593115,4,3426960,8,510937,18,3959158,1448,1367771,1508,1404.43,19800835,14495167,0
2023-05-16,250,7519209,100,6531697,0,593115,6,3426966,7,510944,15,3959173,1347,1369118,1397,1348.86,19802232,14495204,0
2023-05-17,210,7519419,101,6531798,0,593115,4,3426970,4,510948,12,3959185,1406,1370524,1452,1277.71,19803684,14495242,0
2023-05-18,221,7519640,99,6531897,0,593115,12,3426982,13,510961,32,3959217,1255,1371779,1317,1195.71,19805001,14495279,0
2023-05-19,194,7519834,121,6532018,0,593115,9,3426991,10,510971,28,3959245,1491,1373270,1542,1187.71,19806543,14495311,0
2023-05-20,126,7519960,39,6532057,0,593115,4,3426995,5,510976,10,3959255,685,1373955,714,1186.14,19807257,14495331,0
2023-05-21,62,7520022,16,6532073,0,593115,2,3426997,1,510977,4,3959259,350,1374305,360,1184.29,19807617,14495338,0
2023-05-22,221,7520243,94,6532167,0,593115,4,3427001,3,510980,7,3959266,1301,1375606,1327,1158.43,19808944,14495357,0
2023-05-23,213,7520456,101,6532268,0,593115,12,3427013,5,510985,20,3959286,1240,1376846,1298,1144.29,19810242,14495398,0
2023-05-24,218,7520674,117,6532385,2,593117,11,3427024,8,510993,25,3959311,1223,1378069,1276,1119.14,19811518,14495432,0
2023-05-25,186,7520860,90,6532475,1,593118,4,3427028,6,510999,15,3959326,1200,1379269,1230,1106.71,19812748,14495452,0
2023-05-26,179,7521039,129,6532604,0,593118,8,3427036,6,511005,17,3959343,1225,1380494,1272,1068.14,19814020,14495485,0
2023-05-27,108,7521147,44,6532648,0,593118,5,3427041,6,511011,15,3959358,532,1381026,564,1046.71,19814584,14495506,0
2023-05-28,52,7521199,13,6532661,1,593119,0,3427041,0,511011,0,3959358,310,1381336,315,1040.29,19814899,14495511,0
2023-05-29,11,7521210,5,6532666,0,593119,1,3427042,0,511011,1,3959359,61,1381397,65,860,19814964,14495514,0
2023-05-30,221,7521431,104,6532770,0,593119,4,3427046,2,511013,8,3959367,1235,1382632,1266,855.43,19816230,14495539,0
2023-05-31,182,7521613,107,6532877,0,593119,8,3427054,2,511015,13,3959380,1116,1383748,1145,836.71,19817375,14495558,0
2023-06-01,182,7521795,83,6532960,1,593120,1,3427055,6,511021,8,3959388,1154,1384902,1176,829,19818551,14495573,0
2023-06-02,228,7522023,94,6533054,0,593120,8,3427063,2,511023,10,3959398,1160,1386062,1190,817.29,19819741,14495593,0
2023-06-03,89,7522112,33,6533087,0,593120,1,3427064,0,511023,1,3959399,547,1386609,562,817,19820303,14495607,0
2023-06-04,66,7522178,14,6533101,0,593120,2,3427066,3,511026,5,3959404,304,1386913,315,817,19820618,14495613,0
2023-06-05,202,7522380,88,6533189,0,593120,4,3427070,4,511030,12,3959416,1104,1388017,1136,970,19821754,14495637,0
2023-06-06,168,7522548,93,6533282,0,593120,8,3427078,3,511033,13,3959429,1004,1389021,1029,936.14,19822783,14495651,0
2023-06-07,175,7522723,93,6533375,2,593122,7,3427085,7,511040,15,3959444,971,1389992,1002,915.71,19823785,14495668,0
2023-06-08,177,7522900,73,6533448,1,593123,4,3427089,10,511050,14,3959458,817,1390809,848,868.86,19824633,14495685,0
2023-06-09,165,7523065,97,6533545,0,593123,11,3427100,10,511060,24,3959482,1012,1391821,1052,849.14,19825685,14495704,0
2023-06-10,113,7523178,33,6533578,0,593123,2,3427102,2,511062,5,3959487,419,1392240,441,831.86,19826126,14495722,0
2023-06-11,53,7523231,13,6533591,0,593123,0,3427102,0,511062,0,3959487,251,1392491,257,823.57,19826383,14495728,0
2023-06-12,165,7523396,80,6533671,1,593124,8,3427110,1,511063,11,3959498,960,1393451,980,801.29,19827363,14495739,0
2023-06-13,173,7523569,84,6533755,0,593124,1,3427111,3,511066,4,3959502,912,1394363,926,786.57,19828289,14495749,0
2023-06-14,168,7523737,97,6533852,0,593124,9,3427120,1,511067,11,3959513,1006,1395369,1037,791.57,19829326,14495770,0
2023-06-15,157,7523894,82,6533934,2,593126,7,3427127,3,511070,11,3959524,959,1396328,980,810.43,19830306,14495781,0
2023-06-16,204,7524098,82,6534016,0,593126,3,3427130,0,511070,4,3959528,905,1397233,925,792.29,19831231,14495798,0
2023-06-17,80,7524178,22,6534038,0,593126,2,3427132,2,511072,5,3959533,399,1397632,412,788.14,19831643,14495807,0
2023-06-18,58,7524236,16,6534054,0,593126,1,3427133,0,511072,1,3959534,224,1397856,229,784.14,19831872,14495811,0
2023-06-19,98,7524334,34,6534088,0,593126,2,3427135,2,511074,5,3959539,630,1398486,638,735.29,19832510,14495815,0
2023-06-20,167,7524501,88,6534176,1,593127,5,3427140,1,511075,6,3959545,905,1399391,918,734.14,19833428,14495822,0
2023-06-21,156,7524657,74,6534250,0,593127,10,3427150,1,511076,12,3959557,873,1400264,899,714.43,19834327,14495837,0
2023-06-22,186,7524843,51,6534301,0,593127,5,3427155,2,511078,7,3959564,814,1401078,830,693,19835157,14495846,0
2023-06-23,150,7524993,75,6534376,0,593127,5,3427160,0,511078,7,3959571,790,1401868,804,675.71,19835961,14495855,0
2023-06-24,64,7525057,26,6534402,0,593127,1,3427161,3,511081,5,3959576,327,1402195,341,665.57,19836302,14495865,0
2023-06-25,38,7525095,10,6534412,0,593127,1,3427162,5,511086,6,3959582,173,1402368,194,660.57,19836496,14495880,0
2023-06-26,131,7525226,60,6534472,1,593128,9,3427171,1,511087,11,3959593,766,1403134,793,682.71,19837289,14495897,0
2023-06-27,128,7525354,62,6534534,0,593128,6,3427177,0,511087,7,3959600,709,1403843,729,655.71,19838018,14495911,0
2023-06-28,153,7525507,66,6534600,0,593128,7,3427184,2,511089,9,3959609,806,1404649,826,645.29,19838844,14495922,0
2023-06-29,159,7525666,62,6534662,0,593128,3,3427187,5,511094,8,3959617,749,1405398,769,636.57,19839613,14495934,0
2023-06-30,166,7525832,66,6534728,0,593128,3,3427190,4,511098,8,3959625,688,1406086,703,622.14,19840316,14495942,0
2023-07-01,55,7525887,26,6534754,0,593128,2,3427192,0,511098,2,3959627,286,1406372,299,616.14,19840615,14495953,0
2023-07-02,37,7525924,8,6534762,0,593128,0,3427192,0,511098,0,3959627,162,1406534,168,612.43,19840783,14495959,0
2023-07-03,123,7526047,51,6534813,0,593128,8,3427200,2,511100,10,3959637,571,1407105,589,583.29,19841372,14495967,0
2023-07-04,1,7526048,2,6534815,1,593129,0,3427200,0,511100,0,3959637,9,1407114,10,480.57,19841382,14495968,0
2023-07-05,139,7526187,48,6534863,1,593130,6,3427206,0,511100,6,3959643,607,1407721,616,450.57,19841998,14495971,0
2023-07-06,145,7526332,53,6534916,0,593130,6,3427212,2,511102,8,3959651,613,1408334,631,430.86,19842629,14495981,0
2023-07-07,158,7526490,76,6534992,0,593130,4,3427216,1,511103,6,3959657,685,1409019,694,429.57,19843323,14495985,0
2023-07-08,78,7526568,21,6535013,0,593130,1,3427217,4,511107,6,3959663,257,1409276,276,426.29,19843599,14495999,0
2023-07-09,23,7526591,7,6535020,0,593130,0,3427217,0,511107,0,3959663,115,1409391,115,418.71,19843714,14495999,0
2023-07-10,148,7526739,58,6535078,1,593131,3,3427220,1,511108,5,3959668,615,1410006,639,425.86,19844353,14496019,0
2023-07-11,129,7526868,64,6535142,0,593131,5,3427225,2,511110,7,3959675,606,1410612,622,513.29,19844975,14496028,0
2023-07-12,154,7527022,63,6535205,0,593131,2,3427227,1,511111,3,3959678,654,1411266,665,520.29,19845640,14496036,0
2023-07-13,127,7527149,43,6535248,0,593131,3,3427230,3,511114,7,3959685,502,1411768,515,503.71,19846155,14496043,0
2023-07-14,141,7527290,66,6535314,0,593131,4,3427234,2,511116,8,3959693,605,1412373,622,493.43,19846777,14496054,0
2023-07-15,77,7527367,17,6535331,0,593131,1,3427235,2,511118,3,3959696,244,1412617,257,490.71,19847034,14496064,0
2023-07-16,38,7527405,4,6535335,0,593131,0,3427235,0,511118,0,3959696,113,1412730,113,490.43,19847147,14496064,0
2023-07-17,136,7527541,54,6535389,0,593131,1,3427236,1,511119,3,3959699,558,1413288,570,480.57,19847717,14496074,0
2023-07-18,126,7527667,60,6535449,0,593131,4,3427240,2,511121,6,3959705,520,1413808,532,467.71,19848249,14496080,0
2023-07-19,113,7527780,70,6535519,1,593132,2,3427242,4,511125,6,3959711,545,1414353,562,453,19848811,14496091,0
2023-07-20,155,7527935,52,6535571,0,593132,12,3427254,3,511128,17,3959728,517,1414870,548,457.71,19849359,14496107,0
2023-07-21,139,7528074,71,6535642,0,593132,1,3427255,0,511128,2,3959730,577,1415447,582,452,19849941,14496111,0
2023-07-22,79,7528153,19,6535661,0,593132,3,3427258,0,511128,3,3959733,193,1415640,230,448.14,19850171,14496145,0
2023-07-23,30,7528183,11,6535672,0,593132,1,3427259,0,511128,1,3959734,101,1415741,102,446.57,19850273,14496145,0
2023-07-24,152,7528335,42,6535714,0,593132,7,3427266,0,511128,8,3959742,571,1416312,582,448.29,19850855,14496149,0
2023-07-25,104,7528439,33,6535747,0,593132,0,3427266,1,511129,1,3959743,451,1416763,456,437.43,19851311,14496153,0
2023-07-26,137,7528576,52,6535799,1,593133,6,3427272,2,511131,8,3959751,527,1417290,549,435.57,19851860,14496167,0
2023-07-27,132,7528708,47,6535846,1,593134,6,3427278,1,511132,7,3959758,485,1417775,499,428.57,19852359,14496174,0
2023-07-28,116,7528824,59,6535905,0,593134,2,3427280,2,511134,4,3959762,479,1418254,490,415.43,19852849,14496181,0
2023-07-29,56,7528880,12,6535917,0,593134,0,3427280,4,511138,4,3959766,209,1418463,224,414.57,19853073,14496192,0
2023-07-30,37,7528917,15,6535932,0,593134,1,3427281,0,511138,1,3959767,151,1418614,154,422,19853227,14496194,0
2023-07-31,142,7529059,69,6536001,0,593134,1,3427282,2,511140,4,3959771,580,1419194,599,424.43,19853826,14496210,0
2023-08-01,120,7529179,56,6536057,0,593134,2,3427284,2,511142,4,3959775,548,1419742,555,438.57,19854381,14496213,0
2023-08-02,149,7529328,46,6536103,0,593134,2,3427286,2,511144,4,3959779,542,1420284,556,439.57,19854937,14496223,0
2023-08-03,119,7529447,61,6536164,0,593134,4,3427290,1,511145,5,3959784,518,1420802,528,443.71,19855465,14496228,0
2023-08-04,121,7529568,52,6536216,0,593134,1,3427291,1,511146,3,3959787,619,1421421,629,463.57,19856094,14496236,0
2023-08-05,75,7529643,7,6536223,0,593134,5,3427296,2,511148,8,3959795,294,1421715,311,476,19856405,14496246,0
2023-08-06,38,7529681,5,6536228,0,593134,0,3427296,0,511148,0,3959795,167,1421882,167,477.86,19856572,14496246,0
2023-08-07,197,7529878,53,6536281,0,593134,3,3427299,3,511151,8,3959803,714,1422596,727,496.14,19857299,14496253,0
2023-08-08,186,7530064,60,6536341,1,593135,6,3427305,1,511152,7,3959810,702,1423298,720,519.71,19858019,14496264,0
2023-08-09,166,7530230,50,6536391,0,593135,6,3427311,2,511154,8,3959818,696,1423994,716,542.57,19858735,14496276,0
2023-08-10,159,7530389,55,6536446,0,593135,2,3427313,0,511154,2,3959820,618,1424612,629,557,19859364,14496285,0
2023-08-11,175,7530564,67,6536513,0,593135,0,3427313,1,511155,1,3959821,699,1425311,710,568.57,19860074,14496295,120000
2023-08-12,95,7530659,24,6536537,0,593135,0,3427313,0,511155,1,3959822,296,1425607,309,568.29,19860383,14496308,120000
2023-08-13,64,7530723,6,6536543,0,593135,1,3427314,1,511156,2,3959824,159,1425766,163,567.71,19860546,14496310,120000
2023-08-14,193,7530916,60,6536603,0,593135,4,3427318,1,511157,5,3959829,677,1426443,685,561.71,19861231,14496313,120000
2023-08-15,174,7531090,48,6536651,0,593135,2,3427320,2,511159,6,3959835,597,1427040,606,545.43,19861837,14496318,120000
2023-08-16,131,7531221,57,6536708,0,593135,2,3427322,4,511163,10,3959845,629,1427669,649,535.86,19862486,14496332,120000
2023-08-17,58,7531279,24,6536732,0,593135,3,3427325,2,511165,7,3959852,194,1427863,207,475.57,19862693,14496340,120000
