"DATE","ADMIN_DOSE1_DAILY","ADMIN_DOSE1_CUMULATIVE","ADMIN_DOSE2_DAILY","ADMIN_DOSE2_CUMULATIVE","ADMIN_SINGLE_DAILY","ADMIN_SINGLE_CUMULATIVE","ADMIN_ADDITIONAL1_DAILY","ADMIN_ADDITIONAL1_CUMULATIVE","ADMIN_ADDITIONAL2_DAILY","ADMIN_ADDITIONAL2_CUMULATIVE","ADMIN_ADDITIONAL_DAILY","ADMIN_ADDITIONAL_CUMULATIVE","ADMIN_BIVALENT_ADDITIONAL_DAILY","ADMIN_BIVALENT_ADDITIONAL_CUMULATIVE","ADMIN_ALLDOSES_DAILY","ADMIN_ALLDOSES_7DAYAVG","ADMIN_ALLDOSES_CUMULATIVE","ADMIN_ALLDOSES_PRIMARY","INCOMPLETE"
2020-12-14,79,79,0,0,2,2,0,0,0,0,0,0,0,0,81,,81,81,0
2020-12-15,2052,2131,7,7,5,7,0,0,0,0,0,0,0,0,2064,,2145,2145,0
2020-12-16,4604,6735,17,24,4,11,1,1,0,0,1,1,0,0,4626,,6771,6770,0
2020-12-17,4661,11396,18,42,2,13,1,2,0,0,1,2,0,0,4682,,11453,11451,0
2020-12-18,5836,17232,18,60,2,15,2,4,0,0,2,4,0,0,5858,,17311,17307,0
2020-12-19,1688,18920,9,69,3,18,0,4,0,0,0,4,0,0,1700,,19011,19007,0
2020-12-20,1117,20037,2,71,1,19,0,4,0,0,0,4,0,0,1120,2875.86,20131,20127,0
2020-12-21,6391,26428,22,93,0,19,5,9,0,0,5,9,0,0,6418,3781.14,26549,26540,0
2020-12-22,9765,36193,28,121,2,21,1,10,0,0,1,10,0,0,9796,4885.71,36345,36335,0
2020-12-23,14276,50469,37,158,3,24,0,10,0,0,0,10,0,0,14316,6270,50661,50651,0
2020-12-24,7170,57639,28,186,1,25,0,10,0,0,0,10,0,0,7199,6629.57,57860,57850,0
2020-12-25,180,57819,0,186,0,25,1,11,0,0,1,11,0,0,181,5818.57,58041,58030,0
2020-12-26,4391,62210,47,233,0,25,1,12,0,0,1,12,0,0,4439,6209.86,62480,62468,0
2020-12-27,3870,66080,14,247,0,25,1,13,0,0,1,13,0,0,3885,6604.86,66365,66352,0
2020-12-28,10991,77071,52,299,1,26,3,16,0,0,3,16,0,0,11047,7266.14,77412,77396,0
2020-12-29,10712,87783,37,336,2,28,3,19,0,0,3,19,0,0,10754,7403,88166,88147,0
2020-12-30,12822,100605,44,380,0,28,0,19,0,0,0,19,0,0,12866,7195.86,101032,101013,0
2020-12-31,7259,107864,37,417,1,29,0,19,0,0,0,19,0,0,7297,7209.86,108329,108310,0
2021-01-01,178,108042,2,419,1,30,3,22,0,0,3,22,0,0,184,7210.29,108513,108491,0
2021-01-02,3809,111851,10,429,3,33,2,24,0,0,2,24,0,0,3824,7122.43,112337,112313,0
2021-01-03,3542,115393,24,453,2,35,1,25,0,0,1,25,0,0,3569,7077.29,115906,115881,0
2021-01-04,12252,127645,810,1263,2,37,7,32,0,0,7,32,0,0,13071,7366.43,128977,128945,0
2021-01-05,14089,141734,2197,3460,2,39,14,46,1,1,15,47,0,0,16303,8159.14,145280,145233,0
2021-01-06,17795,159529,3929,7389,1,40,32,78,8,9,40,87,0,0,21765,9430.43,167045,166958,0
2021-01-07,16538,176067,5184,12573,4,44,46,124,3,12,49,136,0,0,21775,11498.71,188820,188684,0
2021-01-08,16609,192676,5462,18035,0,44,36,160,4,16,40,176,0,0,22111,14631.14,210931,210755,0
2021-01-09,7649,200325,1465,19500,1,45,7,167,2,18,9,185,0,0,9124,15388.29,220055,219870,0
2021-01-10,7880,208205,979,20479,0,45,13,180,0,18,13,198,0,0,8872,16145.86,228927,228729,0
2021-01-11,25808,234013,7459,27938,2,47,57,237,8,26,65,263,0,0,33334,19040.57,262261,261998,0
2021-01-12,28243,262256,7867,35805,1,48,45,282,4,30,49,312,0,0,36160,21877.29,298421,298109,0
2021-01-13,31703,293959,9422,45227,1,49,59,341,5,35,64,376,0,0,41190,24652.29,339611,339235,0
2021-01-14,35799,329758,5301,50528,1,50,34,375,7,42,41,417,0,0,41142,27419,380753,380336,0
2021-01-15,29248,359006,3715,54243,2,52,33,408,5,47,38,455,0,0,33003,28975,413756,413301,0
2021-01-16,30267,389273,2396,56639,0,52,24,432,6,53,30,485,0,0,32693,32342,446449,445964,0
2021-01-17,23730,413003,1645,58284,0,52,20,452,1,54,21,506,0,0,25396,34702.57,471845,471339,0
2021-01-18,27087,440090,2425,60709,0,52,37,489,7,61,44,550,0,0,29557,34163,501402,500852,0
2021-01-19,34274,474364,9641,70350,1,53,72,561,7,68,79,629,0,0,43995,35282.29,545397,544768,0
2021-01-20,34851,509215,9504,79854,1,54,62,623,3,71,65,694,0,0,44421,35743.86,589818,589124,0
2021-01-21,25576,534791,8098,87952,2,56,55,678,5,76,60,754,0,0,33736,34685.86,623554,622800,0
2021-01-22,24744,559535,4386,92338,1,57,31,709,7,83,38,792,0,0,29169,34138.14,652723,651931,0
2021-01-23,15740,575275,3224,95562,0,57,12,721,2,85,14,806,0,0,18978,32178.86,671701,670895,0
2021-01-24,7174,582449,3457,99019,0,57,20,741,1,86,21,827,0,0,10652,30072.57,682353,681526,0
2021-01-25,13400,595849,11829,110848,0,57,68,809,13,99,81,908,0,0,25310,29465.86,707663,706755,0
2021-01-26,16748,612597,10766,121614,0,57,69,878,3,102,73,981,0,0,27587,27121.86,735250,734270,0
2021-01-27,20827,633424,12358,133972,0,57,53,931,9,111,62,1043,0,0,33249,25525.86,768499,767457,0
2021-01-28,30748,664172,12858,146830,0,57,83,1014,16,127,99,1142,0,0,43708,26950.43,812207,811066,0
2021-01-29,31677,695849,11510,158340,0,57,85,1099,11,138,96,1238,0,0,43283,28966.71,855490,854253,0
2021-01-30,18706,714555,3744,162084,0,57,22,1121,2,140,25,1263,0,0,22475,29466.29,877965,876704,0
2021-01-31,13006,727561,2930,165014,1,58,28,1149,5,145,33,1296,0,0,15970,30226,893935,892641,0
2021-02-01,1180,728741,5401,170415,4,62,36,1185,4,149,40,1336,0,0,6625,27556.71,900560,899226,0
2021-02-02,2822,731563,9443,179858,2,64,53,1238,3,152,56,1392,0,0,12323,25376.14,912883,911493,0
2021-02-03,16342,747905,21236,201094,4,68,213,1451,22,174,235,1627,0,0,37817,26028.71,950700,949075,0
2021-02-04,27035,774940,19649,220743,3,71,210,1661,11,185,221,1848,0,0,46908,26485.86,997608,995762,0
2021-02-05,27576,802516,20029,240772,0,71,195,1856,16,201,212,2060,0,0,47817,27133.57,1045425,1043368,0
2021-02-06,22975,825491,11251,252023,0,71,116,1972,12,213,128,2188,0,0,34354,28830.57,1079779,1077594,0
2021-02-07,12029,837520,8286,260309,1,72,97,2069,12,225,110,2298,0,0,20426,29467.14,1100205,1097911,0
2021-02-08,16940,854460,23525,283834,2,74,239,2308,35,260,275,2573,0,0,40742,34341,1140947,1138379,0
2021-02-09,17186,871646,28089,311923,2,76,356,2664,42,302,401,2974,0,0,45678,39106,1186625,1183659,0
2021-02-10,19583,891229,29301,341224,2,78,271,2935,53,355,327,3301,0,0,49214,40734.14,1235839,1232549,0
2021-02-11,27830,919059,33457,374681,2,80,353,3288,59,414,412,3713,0,0,61703,42847.71,1297542,1293840,0
2021-02-12,38352,957411,30811,405492,3,83,362,3650,41,455,404,4117,0,0,69570,45955.29,1367112,1363007,0
2021-02-13,27987,985398,25311,430803,2,85,314,3964,58,513,373,4490,0,0,53674,48715.29,1420786,1416309,0
2021-02-14,16258,1001656,23723,454526,0,85,279,4243,35,548,314,4804,0,0,40295,51553.71,1461081,1456290,0
2021-02-15,12791,1014447,10526,465052,2,87,179,4422,24,572,204,5008,0,0,23523,49093.86,1484604,1479610,0
2021-02-16,14231,1028678,26706,491758,0,87,343,4765,42,614,386,5394,0,0,41323,48471.71,1525927,1520548,0
2021-02-17,16380,1045058,22194,513952,1,88,287,5052,42,656,329,5723,0,0,38904,46998.86,1564831,1559123,0
2021-02-18,12138,1057196,24981,538933,21,109,305,5357,45,701,350,6073,0,0,37490,43539.86,1602321,1596263,0
2021-02-19,13239,1070435,23925,562858,38,147,314,5671,49,750,363,6436,0,0,37565,38967.71,1639886,1633465,0
2021-02-20,11347,1081782,26066,588924,7,154,337,6008,79,829,418,6854,0,0,37839,36705.57,1677725,1670888,0
2021-02-21,6356,1088138,17406,606330,15,169,300,6308,45,874,346,7200,0,0,24123,34395.29,1701848,1694666,0
2021-02-22,13047,1101185,11831,618161,2,171,133,6441,21,895,154,7354,0,0,25034,34611.14,1726882,1719546,0
2021-02-23,25239,1126424,14136,632297,1,172,167,6608,35,930,203,7557,0,0,39580,34362.14,1766462,1758924,0
2021-02-24,36336,1162760,20396,652693,0,172,233,6841,42,972,276,7833,0,0,57008,36948.43,1823470,1815657,0
2021-02-25,54569,1217329,30407,683100,6,178,410,7251,64,1036,475,8308,0,0,85457,43800.86,1908927,1900640,0
2021-02-26,62820,1280149,31878,714978,4,182,422,7673,78,1114,503,8811,0,0,95205,52035.14,2004132,1995345,0
2021-02-27,51262,1331411,22751,737729,47,229,354,8027,53,1167,408,9219,0,0,74468,57267.86,2078600,2069406,0
2021-02-28,44554,1375965,13847,751576,7,236,206,8233,37,1204,243,9462,0,0,58651,62200.43,2137251,2127814,0
2021-03-01,39302,1415267,12785,764361,10,246,170,8403,24,1228,194,9656,0,0,52291,66094.29,2189542,2179911,0
2021-03-02,47073,1462340,12580,776941,7,253,158,8561,16,1244,174,9830,0,0,59834,68987.71,2249376,2239571,0
2021-03-03,48589,1510929,16153,793094,17,270,156,8717,22,1266,178,10008,0,0,64937,70120.43,2314313,2304330,0
2021-03-04,59800,1570729,22815,815909,1092,1362,276,8993,37,1303,314,10322,0,0,84021,69915.29,2398334,2388038,0
2021-03-05,60951,1631680,24288,840197,3107,4469,337,9330,36,1339,375,10697,0,0,88721,68989,2487055,2476386,0
2021-03-06,47150,1678830,18884,859081,5451,9920,245,9575,41,1380,286,10983,0,0,71771,68603.71,2558826,2547871,0
2021-03-07,36024,1714854,14881,873962,6244,16164,238,9813,22,1402,262,11245,0,0,57411,68426.57,2616237,2605022,0
2021-03-08,39606,1754460,14685,888647,8557,24721,320,10133,92,1494,417,11662,0,0,63265,69994.29,2679502,2667875,0
2021-03-09,39083,1793543,12858,901505,7759,32480,185,10318,35,1529,221,11883,0,0,59921,70006.71,2739423,2727576,0
2021-03-10,51812,1845355,15363,916868,5064,37544,228,10546,34,1563,264,12147,0,0,72503,71087.57,2811926,2799817,0
2021-03-11,59959,1905314,21825,938693,4619,42163,258,10804,48,1611,308,12455,0,0,86711,71471.86,2898637,2886222,0
2021-03-12,52172,1957486,30307,969000,4182,46345,389,11193,86,1697,475,12930,0,0,87136,71245.43,2985773,2972883,0
2021-03-13,40635,1998121,26686,995686,5110,51455,333,11526,54,1751,387,13317,0,0,72819,71395.14,3058592,3045315,0
2021-03-14,30695,2028816,15973,1011659,4523,55978,252,11778,28,1779,282,13599,0,0,51474,70547,3110066,3096509,0
2021-03-15,33582,2062398,17259,1028918,4702,60680,243,12021,33,1812,276,13875,0,0,55819,69483.29,3165885,3152052,0
2021-03-16,38657,2101055,20517,1049435,4925,65605,265,12286,36,1848,302,14177,0,0,64401,70123.29,3230286,3216152,0
2021-03-17,42600,2143655,24788,1074223,4243,69848,353,12639,41,1889,395,14572,0,0,72026,70055.14,3302312,3287784,0
2021-03-18,50410,2194065,26808,1101031,5226,75074,388,13027,64,1953,452,15024,0,0,82896,69510.14,3385208,3370228,0
2021-03-19,47764,2241829,29966,1130997,5623,80697,406,13433,73,2026,479,15503,0,0,83833,69038.29,3469041,3453582,0
2021-03-20,38695,2280524,25830,1156827,4683,85380,308,13741,60,2086,369,15872,0,0,69577,68575.14,3538618,3522791,0
2021-03-21,29283,2309807,19356,1176183,769,86149,231,13972,44,2130,275,16147,0,0,49683,68319.29,3588301,3572199,0
2021-03-22,33848,2343655,26756,1202939,4037,90186,260,14232,38,2168,299,16446,0,0,64941,69622.43,3653242,3636842,0
2021-03-23,38413,2382068,32848,1235787,4214,94400,305,14537,55,2223,364,16810,0,0,75839,71256.43,3729081,3712321,0
2021-03-24,41469,2423537,37618,1273405,4843,99243,338,14875,64,2287,405,17215,0,0,84335,73014.86,3813416,3796254,0
2021-03-25,43387,2466924,50781,1324186,5050,104293,494,15369,88,2375,586,17801,0,0,99804,75430.29,3913220,3895476,0
2021-03-26,38486,2505410,55492,1379678,4307,108600,544,15913,107,2482,655,18456,0,0,98940,77588.43,4012160,3993765,0
2021-03-27,35720,2541130,45741,1425419,2938,111538,439,16352,84,2566,524,18980,0,0,84923,79780.71,4097083,4078165,0
2021-03-28,26373,2567503,34452,1459871,1481,113019,346,16698,66,2632,416,19396,0,0,62722,81643.43,4159805,4140475,0
2021-03-29,34804,2602307,38858,1498729,3244,116263,361,17059,115,2747,477,19873,0,0,77383,83420.86,4237188,4217382,0
2021-03-30,40486,2642793,41923,1540652,3712,119975,350,17409,65,2812,416,20289,0,0,86537,84949.14,4323725,4303504,0
2021-03-31,49367,2692160,44878,1585530,7438,127413,419,17828,85,2897,504,20793,0,0,102187,87499.43,4425912,4405187,0
2021-04-01,50760,2742920,53946,1639476,11272,138685,512,18340,85,2982,601,21394,0,0,116579,89895.86,4542491,4521169,0
2021-04-02,43748,2786668,53870,1693346,11965,150650,561,18901,72,3054,638,22032,0,0,110221,91507.43,4652712,4630757,0
2021-04-03,39235,2825903,39207,1732553,9860,160510,351,19252,60,3114,412,22444,0,0,88714,92049,4741426,4719060,0
2021-04-04,26548,2852451,24778,1757331,3902,164412,232,19484,50,3164,282,22726,0,0,55510,91018.71,4796936,4774288,0
2021-04-05,41860,2894311,34481,1791812,11195,175607,391,19875,61,3225,453,23179,0,0,87989,92533.86,4884925,4861825,0
2021-04-06,53242,2947553,35613,1827425,13214,188821,447,20322,79,3304,527,23706,0,0,102596,94828,4987521,4963895,0
2021-04-07,55479,3003032,40706,1868131,14385,203206,415,20737,82,3386,499,24205,0,0,111069,96096.86,5098590,5074467,0
2021-04-08,59235,3062267,46584,1914715,16337,219543,538,21275,88,3474,627,24832,0,0,122783,96983.14,5221373,5196624,0
2021-04-09,56626,3118893,44948,1959663,17556,237099,542,21817,80,3554,627,25459,0,0,119757,98345.43,5341130,5315759,0
2021-04-10,49331,3168224,35640,1995303,12716,249815,403,22220,62,3616,469,25928,0,0,98156,99694.29,5439286,5413450,0
2021-04-11,38158,3206382,28822,2024125,7679,257494,302,22522,63,3679,366,26294,0,0,75025,102482.14,5514311,5488110,0
2021-04-12,46621,3253003,31835,2055960,13495,270989,478,23000,69,3748,547,26841,0,0,92498,103126.29,5606809,5580061,0
2021-04-13,52534,3305537,33792,2089752,369,271358,408,23408,64,3812,473,27314,0,0,87168,100922.29,5693977,5666757,0
2021-04-14,50130,3355667,39956,2129708,20,271378,372,23780,80,3892,453,27767,0,0,90559,97992.29,5784536,5756864,0
2021-04-15,52106,3407773,43689,2173397,16,271394,464,24244,107,3999,576,28343,0,0,96388,94221.57,5880924,5852681,0
2021-04-16,51178,3458951,42202,2215599,32,271426,444,24688,72,4071,519,28862,0,0,93931,90532.14,5974855,5946096,0
2021-04-17,43824,3502775,35693,2251292,3,271429,373,25061,84,4155,459,29321,0,0,79979,87935.43,6054834,6025618,0
2021-04-18,28594,3531369,29363,2280655,7,271436,265,25326,66,4221,332,29653,0,0,58296,85545.57,6113130,6083583,0
2021-04-19,37445,3568814,36451,2317106,22,271458,340,25666,68,4289,410,30063,0,0,74328,82949.86,6187458,6157503,0
2021-04-20,40795,3609609,39623,2356729,19,271477,321,25987,84,4373,406,30469,0,0,80843,82046.29,6268301,6237941,0
2021-04-21,38872,3648481,46029,2402758,17,271494,508,26495,98,4471,607,31076,0,0,85525,81327.14,6353826,6322860,0
2021-04-22,38478,3686959,48957,2451715,9,271503,351,26846,80,4551,433,31509,0,0,87878,80111.43,6441704,6410307,0
2021-04-23,39684,3726643,44387,2496102,3,271506,357,27203,76,4627,435,31944,0,0,84509,78765.43,6526213,6494383,0
2021-04-24,31922,3758565,41605,2537707,44,271550,287,27490,62,4689,350,32294,0,0,73921,77900,6600134,6567955,0
2021-04-25,18412,3776977,31217,2568924,87,271637,204,27694,61,4750,265,32559,0,0,49981,76712.14,6650115,6617671,0
2021-04-26,26955,3803932,40720,2609644,1012,272649,306,28000,93,4843,404,32963,0,0,69091,75964,6719206,6686363,0
2021-04-27,28553,3832485,47130,2656774,1696,274345,375,28375,96,4939,476,33439,0,0,77855,75537.14,6797061,6763747,0
2021-04-28,27008,3859493,56846,2713620,2146,276491,450,28825,100,5039,553,33992,0,0,86553,75684,6883614,6849750,0
2021-04-29,28584,3888077,57204,2770824,2149,278640,378,29203,101,5140,481,34473,0,0,88418,75761.14,6972032,6937689,0
2021-04-30,30100,3918177,51993,2822817,2059,280699,293,29496,76,5216,370,34843,0,0,84523,75763.14,7056555,7021843,0
2021-05-01,22474,3940651,44538,2867355,1177,281876,236,29732,65,5281,303,35146,0,0,68492,74987.57,7125047,7090034,0
2021-05-02,11915,3952566,36641,2903996,1081,282957,153,29885,57,5338,212,35358,0,0,49849,74968.71,7174896,7139673,0
2021-05-03,18007,3970573,53024,2957020,2381,285338,266,30151,93,5431,361,35719,0,0,73775,75637.86,7248671,7213089,0
2021-05-04,22728,3993301,56641,3013661,2331,287669,276,30427,117,5548,394,36113,0,0,82094,76243.43,7330765,7294790,0
2021-05-05,21472,4014773,48755,3062416,2313,289982,318,30745,104,5652,423,36536,0,0,72964,74302.14,7403729,7367332,0
2021-05-06,20669,4035442,50178,3112594,2508,292490,282,31027,91,5743,377,36913,0,0,73732,72204.14,7477461,7440691,0
2021-05-07,21233,4056675,52105,3164699,2812,295302,320,31347,79,5822,400,37313,0,0,76550,71065.14,7554011,7516842,0
2021-05-08,16616,4073291,41867,3206566,1834,297136,237,31584,72,5894,309,37622,0,0,60626,69941.43,7614637,7577159,0
2021-05-09,7968,4081259,29405,3235971,1260,298396,155,31739,56,5950,211,37833,0,0,38844,68369.29,7653481,7615792,0
2021-05-10,14374,4095633,38524,3274495,2356,300752,251,31990,93,6043,348,38181,0,0,55602,65773.14,7709083,7671050,0
2021-05-11,19897,4115530,43063,3317558,2512,303264,291,32281,88,6131,384,38565,0,0,65857,63453.57,7774940,7736528,0
2021-05-12,17811,4133341,40537,3358095,3595,306859,242,32523,80,6211,322,38887,0,0,62265,61925.14,7837205,7798471,0
2021-05-13,24952,4158293,40424,3398519,3229,310088,274,32797,81,6292,357,39244,0,0,68962,61243.71,7906167,7867078,0
2021-05-14,27004,4185297,42945,3441464,3536,313624,276,33073,95,6387,373,39617,0,0,73858,60859.14,7980025,7940565,0
2021-05-15,23638,4208935,34920,3476384,3364,316988,262,33335,75,6462,338,39955,0,0,62260,61092.57,8042285,8002488,0
2021-05-16,15519,4224454,19456,3495840,2496,319484,123,33458,47,6509,171,40126,0,0,37642,60920.86,8079927,8039960,0
2021-05-17,22663,4247117,29137,3524977,3252,322736,191,33649,72,6581,263,40389,0,0,55315,60879.86,8135242,8095012,0
2021-05-18,24614,4271731,31905,3556882,3402,326138,245,33894,84,6665,329,40718,0,0,60250,60078.86,8195492,8154933,0
2021-05-19,24175,4295906,29726,3586608,3041,329179,233,34127,50,6715,284,41002,0,0,57226,59359,8252718,8211876,0
2021-05-20,24135,4320041,30104,3616712,3163,332342,273,34400,88,6803,366,41368,0,0,57768,57759.86,8310486,8269283,0
2021-05-21,24664,4344705,32004,3648716,3057,335399,253,34653,63,6866,319,41687,0,0,60044,55786.43,8370530,8329011,0
2021-05-22,20014,4364719,24371,3673087,2523,337922,167,34820,49,6915,217,41904,0,0,47125,53624.29,8417655,8375920,0
2021-05-23,11225,4375944,13733,3686820,1411,339333,95,34915,32,6947,129,42033,0,0,26498,52032.29,8444153,8402291,0
2021-05-24,18858,4394802,23164,3709984,2757,342090,221,35136,55,7002,279,42312,0,0,45058,50567,8489211,8447073,0
2021-05-25,19420,4414222,23386,3733370,2601,344691,176,35312,59,7061,235,42547,0,0,45642,48480.14,8534853,8492480,0
2021-05-26,18774,4432996,21089,3754459,2698,347389,205,35517,49,7110,256,42803,0,0,42817,46421.71,8577670,8535043,0
2021-05-27,18454,4451450,21282,3775741,2531,349920,183,35700,62,7172,246,43049,0,0,42513,44242.43,8620183,8577311,0
2021-05-28,17855,4469305,22878,3798619,2751,352671,191,35891,59,7231,251,43300,0,0,43735,41912.57,8663918,8620796,0
2021-05-29,12702,4482007,17816,3816435,1754,354425,106,35997,39,7270,146,43446,0,0,32418,39811.57,8696336,8653069,0
2021-05-30,7025,4489032,8950,3825385,1074,355499,50,36047,16,7286,66,43512,0,0,17115,38471.14,8713451,8670118,0
2021-05-31,4740,4493772,6922,3832307,1011,356510,65,36112,18,7304,83,43595,0,0,12756,33856.57,8726207,8682791,0
2021-06-01,16047,4509819,25189,3857496,2177,358687,160,36272,42,7346,206,43801,0,0,43619,33567.57,8769826,8726208,0
2021-06-02,15351,4525170,20401,3877897,2095,360782,141,36413,47,7393,188,43989,0,0,38035,32884.43,8807861,8764055,0
2021-06-03,14995,4540165,23823,3901720,2280,363062,132,36545,45,7438,179,44168,0,0,41277,32707.86,8849138,8805155,0
2021-06-04,14710,4554875,26003,3927723,2492,365554,151,36696,42,7480,194,44362,0,0,43400,32660,8892538,8848362,0
2021-06-05,10978,4565853,22104,3949827,1806,367360,115,36811,29,7509,145,44507,0,0,35033,33033.57,8927571,8883251,0
2021-06-06,6443,4572296,14486,3964313,1222,368582,89,36900,12,7521,102,44609,0,0,22253,33767.57,8949824,8905403,0
2021-06-07,11695,4583991,21787,3986100,2378,370960,144,37044,37,7558,184,44793,0,0,36044,37094.43,8985868,8941266,0
2021-06-08,12625,4596616,24021,4010121,2071,373031,127,37171,46,7604,174,44967,0,0,38891,36419,9024759,8979984,0
2021-06-09,11124,4607740,23028,4033149,2299,375330,140,37311,43,7647,185,45152,0,0,36636,36219.14,9061395,9016437,0
2021-06-10,12055,4619795,22236,4055385,2462,377792,145,37456,62,7709,207,45359,0,0,36961,35602.57,9098356,9053191,0
2021-06-11,12696,4632491,25126,4080511,2483,380275,158,37614,63,7772,222,45581,0,0,40527,35192.14,9138883,9093497,0
2021-06-12,10158,4642649,19319,4099830,1888,382163,96,37710,44,7816,142,45723,0,0,31507,34688.43,9170390,9124864,0
2021-06-13,4251,4646900,10937,4110767,1219,383382,42,37752,21,7837,63,45786,0,0,16472,33862.57,9186862,9141273,0
2021-06-14,10202,4657102,19240,4130007,2041,385423,132,37884,53,7890,185,45971,0,0,31668,33237.43,9218530,9172756,0
2021-06-15,11879,4668981,21020,4151027,1942,387365,131,38015,42,7932,174,46145,0,0,35016,32683.86,9253546,9207599,0
2021-06-16,11581,4680562,19402,4170429,1956,389321,150,38165,74,8006,224,46369,0,0,33163,32187.71,9286709,9240538,0
2021-06-17,11019,4691581,18759,4189188,1973,391294,130,38295,35,8041,167,46536,0,0,31918,31467.29,9318627,9272291,0
2021-06-18,12166,4703747,18495,4207683,2115,393409,120,38415,37,8078,158,46694,0,0,32935,30382.71,9351562,9305069,0
2021-06-19,8492,4712239,13517,4221200,1459,394868,89,38504,21,8099,110,46804,0,0,23578,29250,9375140,9328537,0
2021-06-20,4333,4716572,7160,4228360,924,395792,37,38541,16,8115,53,46857,0,0,12470,28678.29,9387610,9340954,0
2021-06-21,10153,4726725,10013,4238373,1806,397598,72,38613,28,8143,101,46958,0,0,22073,27307.57,9409683,9362927,0
2021-06-22,9830,4736555,15646,4254019,1588,399186,106,38719,29,8172,135,47093,0,0,27199,26190.86,9436882,9389991,0
2021-06-23,10306,4746861,15187,4269206,1862,401048,105,38824,31,8203,137,47230,0,0,27492,25380.71,9464374,9417347,0
2021-06-24,9681,4756542,14703,4283909,1798,402846,123,38947,26,8229,151,47381,0,0,26333,24582.86,9490707,9443531,0
2021-06-25,10584,4767126,14386,4298295,1720,404566,117,39064,39,8268,156,47537,0,0,26846,23713,9517553,9470221,0
2021-06-26,7799,4774925,10464,4308759,1249,405815,78,39142,24,8292,103,47640,0,0,19615,23146.86,9537168,9489734,0
2021-06-27,4997,4779922,6002,4314761,795,406610,34,39176,15,8307,50,47690,0,0,11844,23057.43,9549012,9501529,0
2021-06-28,9033,4788955,10348,4325109,1526,408136,110,39286,26,8333,137,47827,0,0,21044,22910.43,9570056,9522437,0
2021-06-29,9730,4798685,12333,4337442,1347,409483,126,39412,33,8366,160,47987,0,0,23570,22392,9593626,9545848,0
2021-06-30,9424,4808109,10933,4348375,1486,410969,151,39563,18,8384,172,48159,0,0,22015,21609.57,9615641,9567694,0
2021-07-01,9392,4817501,10926,4359301,1434,412403,133,39696,25,8409,160,48319,0,0,21912,20978,9637553,9589448,0
2021-07-02,9687,4827188,11458,4370759,1541,413944,119,39815,21,8430,140,48459,0,0,22827,20403.86,9660380,9612135,0
2021-07-03,7057,4834245,8422,4379181,1192,415136,79,39894,17,8447,96,48555,0,0,16767,19997,9677147,9628806,0
2021-07-04,1286,4835531,1335,4380516,567,415703,11,39905,3,8450,14,48569,0,0,3202,18762.43,9680349,9631994,0
2021-07-05,6492,4842023,7108,4387624,1207,416910,67,39972,22,8472,89,48658,0,0,14896,17884.14,9695245,9646801,0
2021-07-06,9507,4851530,12855,4400479,1315,418225,117,40089,38,8510,156,48814,0,0,23833,17921.71,9719078,9670479,0
2021-07-07,8661,4860191,11110,4411589,1418,419643,128,40217,21,8531,149,48963,0,0,21338,17825,9740416,9691668,0
2021-07-08,8217,4868408,10195,4421784,1258,420901,108,40325,22,8553,132,49095,0,0,19802,17523.57,9760218,9711340,0
2021-07-09,8370,4876778,10834,4432618,1280,422181,90,40415,20,8573,110,49205,0,0,20594,17204.57,9780812,9731824,0
2021-07-10,7099,4883877,8636,4441254,1131,423312,67,40482,20,8593,88,49293,0,0,16954,17231.29,9797766,9748691,0
2021-07-11,4104,4887981,4540,4445794,701,424013,38,40520,6,8599,44,49337,0,0,9389,18115.14,9807155,9758036,0
2021-07-12,8449,4896430,9564,4455358,1251,425264,84,40604,23,8622,107,49444,0,0,19371,18754.43,9826526,9777300,0
2021-07-13,9457,4905887,9394,4464752,952,426216,110,40714,35,8657,147,49591,0,0,19950,18199.71,9846476,9797105,0
2021-07-14,8992,4914879,9537,4474289,1010,427226,107,40821,22,8679,133,49724,0,0,19672,17961.71,9866148,9816648,0
2021-07-15,8792,4923671,9158,4483447,1052,428278,83,40904,20,8699,104,49828,0,0,19106,17862.29,9885254,9835651,0
2021-07-16,9249,4932920,9763,4493210,981,429259,102,41006,29,8728,131,49959,0,0,20124,17795.14,9905378,9855644,0
2021-07-17,6838,4939758,7390,4500600,803,430062,79,41085,21,8749,100,50059,0,0,15131,17534.71,9920509,9870675,0
2021-07-18,4253,4944011,4285,4504885,575,430637,36,41121,14,8763,50,50109,0,0,9163,17502.43,9929672,9879788,0
2021-07-19,9119,4953130,8486,4513371,999,431636,93,41214,22,8785,116,50225,0,0,18720,17409.43,9948392,9898393,0
2021-07-20,10638,4963768,8762,4522133,991,432627,96,41310,25,8810,122,50347,0,0,20513,17489.86,9968905,9918785,0
2021-07-21,10052,4973820,8773,4530906,904,433531,149,41459,33,8843,182,50529,0,0,19911,17524,9988816,9938514,0
2021-07-22,10686,4984506,8584,4539490,1046,434577,146,41605,27,8870,174,50703,0,0,20490,17721.71,10009306,9958831,0
2021-07-23,11247,4995753,8887,4548377,1114,435691,139,41744,23,8893,164,50867,0,0,21412,17905.71,10030718,9980081,0
2021-07-24,7400,5003153,6740,4555117,670,436361,82,41826,26,8919,109,50976,0,0,14919,17875.43,10045637,9994892,0
2021-07-25,5471,5008624,2130,4557247,509,436870,58,41884,4,8923,62,51038,0,0,8172,17733.86,10053809,10003002,0
2021-07-26,10866,5019490,7009,4564256,856,437726,112,41996,20,8943,132,51170,0,0,18863,17754.29,10072672,10021733,0
2021-07-27,12063,5031553,8572,4572828,856,438582,138,42134,41,8984,180,51350,0,0,21671,17919.71,10094343,10043225,0
2021-07-28,12010,5043563,8054,4580882,950,439532,136,42270,29,9013,166,51516,0,0,21180,18101,10115523,10064240,0
2021-07-29,10929,5054492,7433,4588315,983,440515,136,42406,41,9054,181,51697,0,0,19526,17963.29,10135049,10083589,0
2021-07-30,14947,5069439,8016,4596331,1151,441666,186,42592,32,9086,220,51917,0,0,24334,18380.71,10159383,10107705,0
2021-07-31,9719,5079158,6323,4602654,815,442481,122,42714,20,9106,143,52060,0,0,17000,18678,10176383,10124563,0
2021-08-01,6497,5085655,3313,4605967,564,443045,81,42795,22,9128,103,52163,0,0,10477,19007.29,10186860,10134937,0
2021-08-02,13448,5099103,7156,4613123,846,443891,150,42945,19,9147,169,52332,0,0,21619,19401,10208479,10156387,0
2021-08-03,15404,5114507,8393,4621516,1109,445000,144,43089,39,9186,184,52516,0,0,25090,19889.43,10233569,10181294,0
2021-08-04,17258,5131765,8132,4629648,1454,446454,183,43272,36,9222,219,52735,0,0,27063,20729.86,10260632,10208138,0
2021-08-05,17884,5149649,7934,4637582,1371,447825,159,43431,21,9243,180,52915,0,0,27369,21850.29,10288001,10235327,0
2021-08-06,18173,5167822,8421,4646003,1230,449055,171,43602,32,9275,203,53118,0,0,28027,22377.86,10316028,10263151,0
2021-08-07,13378,5181200,6018,4652021,800,449855,104,43706,29,9304,133,53251,0,0,20329,22853.43,10336357,10283347,0
2021-08-08,9309,5190509,3834,4655855,400,450255,84,43790,10,9314,94,53345,0,0,13637,23304.86,10349994,10296890,0
2021-08-09,21335,5211844,8530,4664385,965,451220,177,43967,34,9348,212,53557,0,0,31042,24651,10381036,10327721,0
2021-08-10,18945,5230789,9333,4673718,946,452166,180,44147,33,9381,214,53771,0,0,29438,25272.14,10410474,10356946,0
2021-08-11,15644,5246433,8313,4682031,853,453019,132,44279,45,9426,178,53949,0,0,24988,24975.71,10435462,10381757,0
2021-08-12,15050,5261483,8990,4691021,942,453961,179,44458,35,9461,216,54165,0,0,25198,24665.57,10460660,10406741,0
2021-08-13,14915,5276398,9292,4700313,919,454880,247,44705,38,9499,286,54451,0,0,25413,24292.14,10486073,10431869,0
2021-08-14,10393,5286791,6412,4706725,625,455505,536,45241,41,9540,580,55031,0,0,18010,23960.86,10504083,10449302,0
2021-08-15,6688,5293479,4485,4711210,676,456181,567,45808,33,9573,604,55635,0,0,12453,23791.71,10516536,10461155,0
2021-08-16,15704,5309183,9310,4720520,1149,457330,1329,47137,66,9639,1400,57035,0,0,27563,23294.71,10544099,10487323,0
2021-08-17,17757,5326940,10458,4730978,1229,458559,1776,48913,85,9724,1876,58911,0,0,31320,23563.57,10575419,10516782,0
2021-08-18,17480,5344420,10381,4741359,1261,459820,2002,50915,91,9815,2104,61015,0,0,31226,24454.71,10606645,10545915,0
2021-08-19,16281,5360701,9534,4750893,1315,461135,1961,52876,67,9882,2041,63056,0,0,29171,25022.29,10635816,10573058,0
2021-08-20,16262,5376963,11543,4762436,1252,462387,1870,54746,86,9968,1970,65026,0,0,31027,25824.29,10666843,10602129,0
2021-08-21,11141,5388104,8040,4770476,878,463265,1069,55815,53,10021,1129,66155,0,0,21188,26278.29,10688031,10622195,0
2021-08-22,4076,5392180,3901,4774377,261,463526,520,56335,33,10054,557,66712,0,0,8795,25755.71,10696826,10630437,0
2021-08-23,15572,5407752,11811,4786188,1022,464548,1552,57887,77,10131,1642,68354,0,0,30048,26110.71,10726874,10658856,0
2021-08-24,16911,5424663,12597,4798785,1007,465555,1777,59664,81,10212,1866,70220,0,0,32381,26262.29,10759255,10689379,0
2021-08-25,14561,5439224,12457,4811242,1112,466667,1570,61234,82,10294,1667,71887,0,0,29797,26058.14,10789052,10717524,0
2021-08-26,16142,5455366,14101,4825343,1071,467738,1780,63014,70,10364,1862,73749,0,0,33176,26630.29,10822228,10748850,0
2021-08-27,14873,5470239,14825,4840168,971,468709,1677,64691,76,10440,1761,75510,0,0,32430,26830.71,10854658,10779527,0
2021-08-28,10674,5480913,11523,4851691,835,469544,1022,65713,46,10486,1069,76579,0,0,24101,27246.86,10878759,10802560,0
2021-08-29,7209,5488122,7499,4859190,541,470085,782,66495,58,10544,849,77428,0,0,16098,28290.14,10894857,10817818,0
2021-08-30,15510,5503632,16931,4876121,1076,471161,1799,68294,94,10638,1901,79329,0,0,35418,29057.29,10930275,10851343,0
2021-08-31,15502,5519134,15961,4892082,951,472112,1982,70276,90,10728,2082,81411,0,0,34496,29359.43,10964771,10883767,0
2021-09-01,14826,5533960,14112,4906194,1020,473132,1815,72091,62,10790,1887,83298,0,0,31845,29652,10996616,10913735,0
2021-09-02,14310,5548270,12525,4918719,896,474028,1716,73807,64,10854,1796,85094,0,0,29527,29130.71,11026143,10941482,0
2021-09-03,14997,5563267,14314,4933033,974,475002,1902,75709,72,10926,1980,87074,0,0,32265,29107.14,11058408,10971773,0
2021-09-04,9641,5572908,9406,4942439,688,475690,980,76689,34,10960,1019,88093,0,0,20754,28629,11079162,10991513,0
2021-09-05,6793,5579701,5512,4947951,438,476128,720,77409,17,10977,738,88831,0,0,13481,28255.14,11092643,11004257,0
2021-09-06,5194,5584895,4511,4952462,358,476486,274,77683,11,10988,287,89118,0,0,10350,24674,11102993,11014322,0
2021-09-07,15562,5600457,17703,4970165,912,477398,1562,79245,93,11081,1663,90781,0,0,35840,24866,11138833,11048507,0
2021-09-08,16148,5616605,14831,4984996,1070,478468,1781,81026,84,11165,1877,92658,0,0,33926,25163.29,11172759,11080568,0
2021-09-09,16093,5632698,14755,4999751,1047,479515,1924,82950,78,11243,2013,94671,0,0,33908,25789.14,11206667,11112474,0
2021-09-10,18348,5651046,15403,5015154,1207,480722,1983,84933,83,11326,2073,96744,0,0,37031,26470,11243698,11147439,0
2021-09-11,12629,5663675,10351,5025505,958,481680,1031,85964,50,11376,1087,97831,0,0,25025,27080.14,11268723,11171383,0
2021-09-12,8532,5672207,5053,5030558,765,482445,694,86658,32,11408,727,98558,0,0,15077,27308.14,11283800,11185734,0
2021-09-13,16920,5689127,12964,5043522,976,483421,1663,88321,52,11460,1725,100283,0,0,32585,30484.57,11316385,11216604,0
2021-09-14,16260,5705387,13678,5057200,887,484308,1603,89924,57,11517,1672,101955,0,0,32497,30007,11348882,11247441,0
2021-09-15,15509,5720896,12896,5070096,727,485035,1577,91501,84,11601,1670,103625,0,0,30802,29560.71,11379684,11276582,0
2021-09-16,15331,5736227,13914,5084010,1210,486245,1470,92971,68,11669,1545,105170,0,0,32000,29288.14,11411684,11307044,0
2021-09-17,14427,5750654,13954,5097964,922,487167,1845,94816,59,11728,1906,107076,0,0,31209,28456.43,11442893,11336349,0
2021-09-18,9986,5760640,10189,5108153,913,488080,1054,95870,42,11770,1100,108176,0,0,22188,28051.14,11465081,11357441,0
2021-09-19,6168,5766808,6078,5114231,558,488638,748,96618,28,11798,781,108957,0,0,13585,27838,11478666,11370250,0
2021-09-20,12663,5779471,12632,5126863,1068,489706,1926,98544,62,11860,1998,110955,0,0,28362,27234.71,11507028,11396624,0
2021-09-21,12215,5791686,12775,5139638,1108,490814,2036,100580,80,11940,2131,113086,0,0,28229,26625,11535257,11422737,0
2021-09-22,12816,5804502,12007,5151645,1090,491904,1691,102271,69,12009,1766,114852,0,0,27679,26178.86,11562936,11448656,0
2021-09-23,14917,5819419,12768,5164413,1639,493543,2274,104545,76,12085,2357,117209,0,0,31681,26133.29,11594617,11477987,0
2021-09-24,16534,5835953,13367,5177780,1636,495179,4629,109174,127,12212,4775,121984,0,0,36312,26862.29,11630929,11509543,0
2021-09-25,10520,5846473,9033,5186813,1017,496196,3465,112639,81,12293,3562,125546,0,0,24132,27140,11655061,11530129,0
2021-09-26,6289,5852762,5768,5192581,773,496969,2425,115064,61,12354,2497,128043,0,0,15327,27388.86,11670388,11542970,0
2021-09-27,14128,5866890,8066,5200647,1155,498124,9085,124149,163,12517,9299,137342,0,0,32649,28001.29,11703037,11566371,0
2021-09-28,11104,5877994,11790,5212437,901,499025,9936,134085,182,12699,10157,147499,0,0,33952,28818.86,11736989,11590205,0
2021-09-29,11590,5889584,12197,5224634,1205,500230,9462,143547,173,12872,9669,157168,0,0,34661,29816.29,11771650,11615231,0
2021-09-30,12211,5901795,12611,5237245,1338,501568,9767,153314,182,13054,9983,167151,0,0,36143,30453.71,11807793,11641425,0
2021-10-01,12616,5914411,13432,5250677,1284,502852,10291,163605,155,13209,10483,177634,0,0,37815,30668.43,11845608,11668794,0
2021-10-02,7717,5922128,9983,5260660,865,503717,4246,167851,83,13292,4353,181987,0,0,22918,30495,11868526,11687383,0
2021-10-03,5054,5927182,6159,5266819,593,504310,2625,170476,60,13352,2695,184682,1,1,14502,30377.14,11883028,11699199,0
2021-10-04,9898,5937080,11018,5277837,914,505224,9540,180016,150,13502,9726,194408,0,1,31556,30221,11914584,11721065,0
2021-10-05,10132,5947212,11735,5289572,972,506196,9962,189978,180,13682,10184,204592,1,2,33024,30088.43,11947608,11743946,0
2021-10-06,9868,5957080,11052,5300624,937,507133,9952,199930,163,13845,10152,214744,0,2,32010,29709.71,11979618,11765841,0
2021-10-07,9593,5966673,12158,5312782,850,507983,10185,210115,177,14022,10395,225139,0,2,32996,29260.14,12012614,11788475,0
2021-10-08,9427,5976100,12184,5324966,941,508924,10922,221037,166,14188,11127,236266,0,2,33679,28669.29,12046293,11811066,0
2021-10-09,6224,5982324,8242,5333208,643,509567,4132,225169,90,14278,4239,240505,0,2,19348,28159.29,12065641,11826192,0
2021-10-10,3529,5985853,5028,5338236,458,510025,2440,227609,47,14325,2495,243000,0,2,11510,27731.86,12077151,11835215,0
2021-10-11,7591,5993444,9338,5347574,728,510753,8907,236516,166,14491,9097,252097,0,2,26754,27045.86,12103905,11852896,0
2021-10-12,8047,6001491,10995,5358569,891,511644,10537,247053,187,14678,10765,262862,0,2,30698,26713.57,12134603,11872870,0
2021-10-13,7128,6008619,10146,5368715,869,512513,8816,255869,185,14863,9031,271893,0,2,27174,26022.71,12161777,11891043,0
2021-10-14,7402,6016021,11120,5379835,837,513350,10136,266005,166,15029,10342,282235,0,2,29701,25552,12191478,11910442,0
2021-10-15,7703,6023724,11858,5391693,823,514173,10861,276866,176,15205,11070,293305,0,2,31454,25234.14,12222932,11930859,0
2021-10-16,4852,6028576,7466,5399159,665,514838,3854,280720,67,15272,3933,297238,0,2,16916,24886.71,12239848,11943854,0
2021-10-17,3048,6031624,4469,5403628,411,515249,2461,283181,44,15316,2512,299750,0,2,10440,24733.86,12250288,11951789,0
2021-10-18,7015,6038639,10672,5414300,797,516046,9501,292682,188,15504,9723,309473,0,2,28207,24941.43,12278495,11970307,0
2021-10-19,6546,6045185,8947,5423247,803,516849,9111,301793,177,15681,9328,318801,1,3,25625,24216.71,12304120,11986643,0
2021-10-20,6516,6051701,9371,5432618,975,517824,10004,311797,180,15861,10222,329023,2,5,27085,24204,12331205,12003542,0
2021-10-21,7004,6058705,9387,5442005,858,518682,10872,322669,158,16019,11064,340087,1,6,28314,24005.86,12359519,12020825,0
2021-10-22,8078,6066783,10345,5452350,1026,519708,16377,339046,224,16243,16655,356742,0,6,36104,24670.14,12395623,12040328,0
2021-10-23,5150,6071933,6454,5458804,690,520398,9139,348185,118,16361,9277,366019,0,6,21571,25335.14,12417194,12052642,0
2021-10-24,3247,6075180,3966,5462770,766,521164,6178,354363,81,16442,6285,372304,0,6,14264,25881.43,12431458,12060647,0
2021-10-25,8816,6083996,8748,5471518,1152,522316,19289,373652,302,16744,19662,391966,0,6,38378,27334.43,12469836,12079434,0
2021-10-26,8148,6092144,7724,5479242,1258,523574,17320,390972,279,17023,17669,409635,0,6,34799,28645,12504635,12096634,0
2021-10-27,10501,6102645,8394,5487636,1604,525178,20901,411873,329,17352,21300,430935,0,6,41799,30747,12546434,12117203,0
2021-10-28,11258,6113903,8030,5495666,1793,526971,20903,432776,328,17680,21300,452235,0,6,42381,32756.57,12588815,12138353,0
2021-10-29,11804,6125707,8228,5503894,1968,528939,22578,455354,351,18031,23001,475236,1,7,45003,34027.86,12633818,12160426,0
2021-10-30,4596,6130303,5064,5508958,932,529871,11200,466554,169,18200,11408,486644,0,7,22000,34089.14,12655818,12171057,0
2021-10-31,2644,6132947,2700,5511658,544,530415,6652,473206,105,18305,6780,493424,1,8,12668,33861.14,12668486,12176967,0
2021-11-01,7069,6140016,6953,5518611,1085,531500,20436,493642,337,18642,20832,514256,1,9,35940,33512.86,12704426,12192133,0
2021-11-02,6522,6146538,6585,5525196,1055,532555,20826,514468,281,18923,21183,535439,0,9,35346,33591,12739772,12206372,0
2021-11-03,6787,6153325,6682,5531878,1026,533581,20681,535149,315,19238,21072,556511,0,9,35569,32701,12775341,12220945,0
2021-11-04,9259,6162584,6281,5538159,994,534575,22416,557565,354,19592,22853,579364,0,9,39387,32273.29,12814728,12237562,0
2021-11-05,11018,6173602,6719,5544878,1050,535625,23804,581369,361,19953,24248,603612,0,9,43035,31992.14,12857763,12256432,0
2021-11-06,11137,6184739,4050,5548928,594,536219,12615,593984,178,20131,12830,616442,0,9,28611,32936.57,12886374,12272250,0
2021-11-07,7224,6191963,2287,5551215,577,536796,7124,601108,99,20230,7238,623680,0,9,17326,33602,12903700,12282353,0
2021-11-08,15021,6206984,5679,5556894,862,537658,19541,620649,288,20518,19896,643576,1,10,41459,34390.43,12945159,12303982,0
2021-11-09,16102,6223086,5386,5562280,658,538316,20566,641215,282,20800,20929,664505,0,10,43075,35494.57,12988234,12326209,0
2021-11-10,16869,6239955,5322,5567602,682,538998,22719,663934,294,21094,23084,687589,0,10,45957,36978.57,13034191,12349153,0
2021-11-11,12495,6252450,5184,5572786,760,539758,22161,686095,292,21386,22522,710111,0,10,40961,37203.43,13075152,12367661,0
2021-11-12,16984,6269434,5686,5578472,705,540463,23480,709575,360,21746,23917,734028,1,11,47293,37811.71,13122445,12391113,0
2021-11-13,9918,6279352,3661,5582133,464,540927,13367,722942,184,21930,13594,747622,0,11,27637,37672.57,13150082,12405199,0
2021-11-14,5982,6285334,2283,5584416,324,541251,7956,730898,82,22012,8059,755681,0,11,16648,37575.71,13166730,12413809,0
2021-11-15,13170,6298504,5979,5590395,689,541940,25178,756076,369,22381,25626,781307,0,11,45464,38147.86,13212194,12433726,0
2021-11-16,9882,6308386,5779,5596174,653,542593,30736,786812,444,22825,31257,812564,0,11,47573,38790.43,13259767,12450119,0
2021-11-17,10214,6318600,6667,5602841,680,543273,31519,818331,426,23251,32034,844598,0,11,49595,39310.14,13309362,12467769,0
2021-11-18,10641,6329241,6528,5609369,855,544128,33108,851439,463,23714,33667,878265,0,11,51691,40843,13361053,12485889,0
2021-11-19,11905,6341146,6549,5615918,707,544835,36362,887801,472,24186,36925,915190,0,11,56086,42099.14,13417139,12505141,0
2021-11-20,9282,6350428,3415,5619333,512,545347,22579,910380,261,24447,22892,938082,0,11,36101,43308.29,13453240,12518402,0
2021-11-21,4894,6355322,1886,5621219,288,545635,13251,923631,156,24603,13432,951514,1,12,20501,43858.71,13473741,12525495,0
2021-11-22,10324,6365646,5781,5627000,748,546383,36032,959663,448,25051,36572,988086,0,12,53425,44996,13527166,12542440,0
2021-11-23,9685,6375331,4780,5631780,632,547015,33619,993282,387,25438,34078,1022164,0,12,49176,45225,13576342,12557610,0
2021-11-24,8618,6383949,4750,5636530,648,547663,26000,1019282,290,25728,26361,1048525,1,13,40378,43908.29,13616720,12571697,0
2021-11-25,447,6384396,328,5636858,80,547743,1004,1020286,9,25737,1013,1049538,0,13,1868,36790.71,13618588,12572552,0
2021-11-26,7996,6392392,7006,5643864,528,548271,26650,1046936,309,26046,27016,1076554,0,13,42546,34856.43,13661134,12588139,0
2021-11-27,6635,6399027,6860,5650724,370,548641,18899,1065835,226,26272,19164,1095718,0,13,33030,34417.71,13694164,12602044,0
2021-11-28,4031,6403058,5791,5656515,279,548920,11945,1077780,122,26394,12086,1107804,0,13,22187,34658.57,13716351,12612164,0
2021-11-29,9001,6412059,11019,5667534,684,549604,35160,1112940,455,26849,35693,1143497,1,14,56398,35083.29,13772749,12632946,0
2021-11-30,10403,6422462,11446,5678980,511,550115,37902,1150842,500,27349,38515,1182012,0,14,60875,36754.57,13833624,12655419,0
2021-12-01,11064,6433526,10986,5689966,724,550839,40494,1191336,444,27793,41036,1223048,0,14,63811,40102.14,13897435,12678292,0
2021-12-02,11526,6445052,11051,5701017,624,551463,42310,1233646,461,28254,42869,1265917,0,14,66070,49273.86,13963505,12701591,0
2021-12-03,13357,6458409,12906,5713923,664,552127,48106,1281752,533,28787,48742,1314659,1,15,75670,54005.86,14039175,12728621,0
2021-12-04,9757,6468166,11322,5725245,564,552691,30773,1312525,312,29099,31139,1345798,0,15,52782,56827.57,14091957,12750318,0
2021-12-05,5696,6473862,5704,5730949,270,552961,16714,1329239,131,29230,16881,1362679,0,15,28551,57736.71,14120508,12762024,0
2021-12-06,12221,6486083,9993,5740942,599,553560,43396,1372635,461,29691,43948,1406627,0,15,66762,59217.29,14187270,12784929,0
2021-12-07,12477,6498560,9253,5750195,623,554183,43182,1415817,520,30211,43790,1450417,0,15,66143,59969.86,14253413,12807370,0
2021-12-08,13437,6511997,8779,5758974,555,554738,40921,1456738,486,30697,41488,1491905,0,15,64260,60034,14317673,12830223,0
2021-12-09,13371,6525368,8757,5767731,551,555289,40967,1497705,499,31196,41564,1533469,0,15,64244,59773.14,14381917,12853001,0
2021-12-10,13932,6539300,10164,5777895,666,555955,43802,1541507,511,31707,44401,1577870,0,15,69163,58843.57,14451080,12877851,0
2021-12-11,10201,6549501,8159,5786054,405,556360,26774,1568281,287,31994,27111,1604981,0,15,45877,57857.14,14496957,12896667,0
2021-12-12,5974,6555475,3858,5789912,287,556647,15206,1583487,137,32131,15367,1620348,0,15,25486,57419.29,14522443,12906810,0
2021-12-13,12106,6567581,7436,5797348,655,557302,38036,1621523,407,32538,38527,1658875,0,15,58724,56271,14581167,12927091,0
2021-12-14,12140,6579721,6950,5804298,730,558032,38289,1659812,445,32983,38802,1697677,0,15,58623,55196.71,14639790,12946980,0
2021-12-15,11994,6591715,6247,5810545,755,558787,38278,1698090,496,33479,38854,1736531,0,15,57851,54281.14,14697641,12966057,0
2021-12-16,13069,6604784,4270,5814815,737,559524,41247,1739337,470,33949,41791,1778322,0,15,59867,53655.86,14757508,12984207,0
2021-12-17,15841,6620625,6947,5821762,617,560141,46944,1786281,485,34434,47525,1825847,0,15,70930,53908.29,14828438,13007708,0
2021-12-18,12945,6633570,5734,5827496,432,560573,30705,1816986,279,34713,31041,1856888,1,16,50152,54519,14878590,13026875,0
2021-12-19,6963,6640533,2995,5830491,326,560899,18058,1835044,177,34890,18266,1875154,0,16,28550,54956.71,14907140,13037190,0
2021-12-20,16727,6657260,5858,5836349,745,561644,47635,1882679,584,35474,48300,1923454,0,16,71630,56800.43,14978770,13060601,0
2021-12-21,17845,6675105,6579,5842928,806,562450,49070,1931749,603,36077,49753,1973207,0,16,74984,59137.71,15053754,13085912,0
2021-12-22,18476,6693581,6557,5849485,938,563388,49840,1981589,543,36620,50462,2023669,1,17,76434,61792.43,15130188,13111962,0
2021-12-23,18934,6712515,6488,5855973,930,564318,46010,2027599,537,37157,46613,2070282,0,17,72965,63663.57,15203153,13138380,0
2021-12-24,9185,6721700,2960,5858933,598,564916,20651,2048250,213,37370,20897,2091179,0,17,33640,58336.43,15236793,13151156,0
2021-12-25,342,6722042,63,5858996,31,564947,427,2048677,8,37378,436,2091615,0,17,872,51296.43,15237665,13151593,0
2021-12-26,7917,6729959,3932,5862928,341,565288,17318,2065995,178,37556,17527,2109142,0,17,29717,51463.14,15267382,13163814,0
2021-12-27,21697,6751656,9217,5872145,934,566222,43561,2109556,567,38123,44202,2153344,0,17,76050,52094.57,15343432,13195736,0
2021-12-28,20053,6771709,8345,5880490,700,566922,47709,2157265,624,38747,48421,2201765,0,17,77519,52456.71,15420951,13224922,0
2021-12-29,18422,6790131,7676,5888166,606,567528,45680,2202945,496,39243,46250,2248015,0,17,72954,51959.57,15493905,13251700,0
2021-12-30,16817,6806948,7444,5895610,588,568116,44937,2247882,596,39839,45620,2293635,0,17,70470,51603.14,15564375,13276637,0
2021-12-31,5337,6812285,2819,5898429,192,568308,14795,2262677,189,40028,15006,2308641,0,17,23354,50133.71,15587729,13285007,0
2022-01-01,244,6812529,147,5898576,12,568320,502,2263179,22,40050,528,2309169,0,17,931,50142.14,15588660,13285414,0
2022-01-02,6403,6818932,5018,5903594,153,568473,11008,2274187,111,40161,11135,2320304,0,17,22709,49141,15611369,13297004,0
2022-01-03,14081,6833013,8521,5912115,515,568988,27024,2301211,349,40510,27417,2347721,2,19,50536,45496.14,15661905,13320165,0
2022-01-04,12773,6845786,8131,5920246,414,569402,27306,2328517,372,40882,27737,2375458,12,31,49064,41431.14,15710969,13341539,0
2022-01-05,11284,6857070,7030,5927276,384,569786,26037,2354554,316,41198,26396,2401854,0,31,45095,37451.29,15756064,13360281,0
2022-01-06,11312,6868382,7398,5934674,485,570271,27667,2382221,358,41556,28077,2429931,2,33,47273,34137.43,15803337,13379527,0
2022-01-07,10116,6878498,8460,5943134,339,570610,25244,2407465,330,41886,25608,2455539,0,33,44524,37161.71,15847861,13398477,0
2022-01-08,7647,6886145,8609,5951743,311,570921,19640,2427105,191,42077,19848,2475387,0,33,36416,42231,15884277,13415062,0
2022-01-09,4105,6890250,3844,5955587,214,571135,10082,2437187,98,42175,10191,2485578,1,34,18357,41609.29,15902634,13423238,0
2022-01-10,10138,6900388,8201,5963788,490,571625,24644,2461831,309,42484,25004,2510582,1,35,43833,40651.71,15946467,13442117,0
2022-01-11,8833,6909221,7989,5971777,522,572147,21082,2482913,295,42779,21421,2532003,0,35,38769,39181,15985236,13459509,0
2022-01-12,8888,6918109,8331,5980108,427,572574,22406,2505319,294,43073,22735,2554738,1,36,40383,38507.86,16025619,13477191,0
2022-01-13,8995,6927104,8869,5988977,451,573025,22953,2528272,337,43410,23327,2578065,1,37,41645,37703.86,16067264,13495545,0
2022-01-14,10061,6937165,8126,5997103,474,573499,26486,2554758,340,43750,26868,2604933,0,37,45529,37847.43,16112793,13514248,0
2022-01-15,6186,6943351,4320,6001423,180,573679,15166,2569924,187,43937,15376,2620309,0,37,26062,36368.29,16138855,13524957,0
2022-01-16,2893,6946244,3250,6004673,95,573774,7841,2577765,88,44025,7939,2628248,0,37,14178,35771.29,16153033,13531206,0
2022-01-17,6039,6952283,6756,6011429,363,574137,14721,2592486,224,44249,14963,2643211,0,37,28121,33526.71,16181154,13544382,0
2022-01-18,8115,6960398,10324,6021753,394,574531,19712,2612198,326,44575,20069,2663280,0,37,38902,33545.71,16220056,13563246,0
2022-01-19,7409,6967807,9262,6031015,303,574834,17759,2629957,282,44857,18073,2681353,0,37,35047,32783.43,16255103,13580252,0
2022-01-20,6229,6974036,8562,6039577,305,575139,15298,2645255,257,45114,15582,2696935,0,37,30679,31216.86,16285782,13595376,0
2022-01-21,7518,6981554,7520,6047097,276,575415,18550,2663805,293,45407,18867,2715802,1,38,34181,29595.71,16319963,13610713,0
2022-01-22,5174,6986728,4954,6052051,132,575547,11342,2675147,131,45538,11498,2727300,0,38,21758,28980.86,16341721,13620998,0
2022-01-23,2784,6989512,3335,6055386,97,575644,6248,2681395,78,45616,6334,2733634,0,38,12550,28748.29,16354271,13627222,0
2022-01-24,6328,6995840,8211,6063597,262,575906,15099,2696494,248,45864,15374,2749008,0,38,30176,29041.86,16384447,13642051,0
2022-01-25,6145,7001985,7950,6071547,231,576137,14729,2711223,266,46130,15027,2764035,0,38,29353,27677.71,16413800,13656409,0
2022-01-26,5716,7007701,7185,6078732,288,576425,14040,2725263,218,46348,14285,2778320,0,38,27474,26595.86,16441274,13669625,0
2022-01-27,5217,7012918,7098,6085830,320,576745,14114,2739377,239,46587,14392,2792712,0,38,27027,26074.14,16468301,13682299,0
2022-01-28,6213,7019131,7886,6093716,205,576950,16159,2755536,243,46830,16425,2809137,1,39,30730,25581.14,16499031,13696626,0
2022-01-29,836,7019967,729,6094445,28,576978,2542,2758078,40,46870,2585,2811722,0,39,4178,23069.71,16503209,13698222,0
2022-01-30,2073,7022040,3025,6097470,103,577081,4555,2762633,64,46934,4623,2816345,0,39,9824,22680.29,16513033,13703427,0
2022-01-31,4977,7027017,6596,6104066,219,577300,11412,2774045,203,47137,11630,2827975,0,39,23422,21715.43,16536455,13715234,0
2022-02-01,4798,7031815,6455,6110521,220,577520,10738,2784783,222,47359,10978,2838953,1,40,22452,20729.57,16558907,13726725,0
2022-02-02,4247,7036062,5936,6116457,212,577732,11262,2796045,243,47602,11523,2850476,0,40,21918,19935.86,16580825,13737138,0
2022-02-03,4204,7040266,5817,6122274,216,577948,11237,2807282,207,47809,11470,2861946,1,41,21708,19176,16602533,13747401,0
2022-02-04,4733,7044999,7121,6129395,214,578162,13246,2820528,241,48050,13512,2875458,0,41,25580,18440.29,16628113,13759494,0
2022-02-05,3559,7048558,6079,6135474,110,578272,8599,2829127,158,48208,8772,2884230,0,41,18520,20489.14,16646633,13769257,0
2022-02-06,2051,7050609,2139,6137613,120,578392,4647,2833774,106,48314,4757,2888987,0,41,9068,20381.14,16655701,13773572,0
2022-02-07,4120,7054729,4750,6142363,205,578597,10151,2843925,237,48551,10413,2899400,0,41,19488,19819.14,16675189,13782672,0
2022-02-08,4189,7058918,5610,6147973,214,578811,11349,2855274,313,48864,11687,2911087,0,41,21700,19711.71,16696889,13792710,0
2022-02-09,4109,7063027,5406,6153379,221,579032,11682,2866956,260,49124,11966,2923053,0,41,21702,19680.86,16718591,13802470,0
2022-02-10,3965,7066992,5128,6158507,243,579275,12213,2879169,292,49416,12534,2935587,0,41,21870,19704,16740461,13811835,0
2022-02-11,4493,7071485,5813,6164320,195,579470,13751,2892920,328,49744,14111,2949698,0,41,24612,19565.71,16765073,13822368,0
2022-02-12,3242,7074727,4352,6168672,97,579567,8823,2901743,218,49962,9052,2958750,0,41,16743,19311.86,16781816,13830070,0
2022-02-13,1511,7076238,1543,6170215,41,579608,4889,2906632,113,50075,5007,2963757,0,41,8102,19173.86,16789918,13833170,0
2022-02-14,2961,7079199,3627,6173842,167,579775,10591,2917223,328,50403,10945,2974702,1,42,17701,18918.57,16807619,13839951,0
2022-02-15,3520,7082719,4076,6177918,174,579949,12809,2930032,289,50692,13114,2987816,0,42,20884,18802,16828503,13847737,0
2022-02-16,3616,7086335,3911,6181829,199,580148,15769,2945801,297,50989,16101,3003917,0,42,23827,19105.57,16852330,13855498,0
2022-02-17,3993,7090328,4081,6185910,162,580310,18365,2964166,371,51360,18766,3022683,0,42,27002,19838.71,16879332,13863764,0
2022-02-18,4427,7094755,4792,6190702,191,580501,21564,2985730,462,51822,22048,3044731,1,43,31459,20816.86,16910791,13873196,0
2022-02-19,3237,7097992,2186,6192888,65,580566,11199,2996929,220,52042,11430,3056161,0,43,16918,20841.86,16927709,13878695,0
2022-02-20,1844,7099836,1446,6194334,59,580625,6599,3003528,114,52156,6720,3062881,0,43,10069,21122.86,16937778,13882051,0
2022-02-21,3073,7102909,2695,6197029,94,580719,8368,3011896,235,52391,8616,3071497,0,43,14478,20662.43,16952256,13887926,0
2022-02-22,4361,7107270,4263,6201292,174,580893,10850,3022746,257,52648,11124,3082621,0,43,19922,20525,16972178,13896741,0
2022-02-23,4232,7111502,3793,6205085,145,581038,10692,3033438,243,52891,10952,3093573,1,44,19123,19853,16991301,13904928,0
2022-02-24,3781,7115283,3662,6208747,108,581146,10204,3043642,236,53127,10459,3104032,0,44,18010,18568.43,17009311,13912498,0
2022-02-25,3592,7118875,3636,6212383,135,581281,9992,3053634,248,53375,10253,3114285,0,44,17616,16590.86,17026927,13919874,0
2022-02-26,2817,7121692,2591,6214974,74,581355,9526,3063160,163,53538,9697,3123982,0,44,15179,16342.43,17042106,13925364,0
2022-02-27,1764,7123456,1373,6216347,52,581407,6273,3069433,102,53640,6382,3130364,0,44,9571,16271.29,17051677,13928560,0
2022-02-28,3770,7127226,3138,6219485,140,581547,13154,3082587,257,53897,13435,3143799,0,44,20483,17129.14,17072160,13935632,0
2022-03-01,2117,7129343,2631,6222116,102,581649,5194,3087781,186,54083,5387,3149186,0,44,10237,15745.57,17082397,13940489,0
2022-03-02,1822,7131165,2449,6224565,107,581756,4148,3091929,212,54295,4371,3153557,0,44,8749,14263.57,17091146,13944878,0
2022-03-03,1930,7133095,2564,6227129,106,581862,3805,3095734,171,54466,3990,3157547,0,44,8590,12917.86,17099736,13949492,0
2022-03-04,2115,7135210,2883,6230012,66,581928,4335,3100069,211,54677,4558,3162105,0,44,9622,11775.86,17109358,13954568,0
2022-03-05,1611,7136821,2127,6232139,43,581971,3319,3103388,119,54796,3441,3165546,0,44,7222,10639.14,17116580,13958352,0
2022-03-06,793,7137614,881,6233020,30,582001,1627,3105015,55,54851,1685,3167231,0,44,3389,9756,17119969,13960059,0
2022-03-07,1659,7139273,1788,6234808,87,582088,3508,3108523,161,55012,3683,3170914,0,44,7217,7860.86,17127186,13963607,0
2022-03-08,1542,7140815,1900,6236708,80,582168,3129,3111652,153,55165,3294,3174208,0,44,6816,7372.14,17134002,13967141,0
2022-03-09,1259,7142074,1684,6238392,80,582248,2596,3114248,130,55295,2731,3176939,0,44,5754,6944.29,17139756,13970169,0
2022-03-10,1408,7143482,2098,6240490,85,582333,2974,3117222,164,55459,3147,3180086,0,44,6738,6679.71,17146494,13973769,0
2022-03-11,1594,7145076,2278,6242768,81,582414,3216,3120438,190,55649,3424,3183510,0,44,7377,6359,17153871,13977740,0
2022-03-12,876,7145952,1420,6244188,42,582456,2010,3122448,75,55724,2088,3185598,0,44,4426,5959.57,17158297,13980081,0
2022-03-13,625,7146577,757,6244945,28,582484,1291,3123739,49,55773,1343,3186941,0,44,2753,5868.71,17161050,13981494,0
2022-03-14,1360,7147937,1616,6246561,84,582568,3000,3126739,208,55981,3229,3190170,0,44,6289,5736.14,17167339,13984575,0
2022-03-15,1354,7149291,1925,6248486,63,582631,3073,3129812,236,56217,3316,3193486,0,44,6658,5713.57,17173997,13987924,0
2022-03-16,1394,7150685,2061,6250547,94,582725,3148,3132960,297,56514,3461,3196947,0,44,7010,5893,17181007,13991489,0
2022-03-17,1191,7151876,1808,6252355,71,582796,2765,3135725,268,56782,3047,3199994,0,44,6117,5804.29,17187124,13994573,0
2022-03-18,1577,7153453,2222,6254577,79,582875,3781,3139506,421,57203,4208,3204202,1,45,8087,5905.71,17195211,13998457,0
2022-03-19,1103,7154556,1738,6256315,54,582929,2607,3142113,229,57432,2841,3207043,0,45,5736,6092.86,17200947,14001357,0
2022-03-20,604,7155160,630,6256945,33,582962,1470,3143583,186,57618,1660,3208703,0,45,2927,6117.71,17203874,14002628,0
2022-03-21,1412,7156572,1562,6258507,73,583035,3062,3146645,359,57977,3443,3212146,1,46,6491,6146.57,17210365,14005697,0
2022-03-22,1340,7157912,1553,6260060,101,583136,2908,3149553,350,58327,3268,3215414,0,46,6262,6090,17216627,14008701,0
2022-03-23,1258,7159170,1360,6261420,66,583202,2922,3152475,374,58701,3307,3218721,0,46,5991,5944.43,17222618,14011396,0
2022-03-24,1207,7160377,1299,6262719,90,583292,2521,3154996,274,58975,2805,3221526,0,46,5401,5842.14,17228019,14014002,0
2022-03-25,1379,7161756,1636,6264355,62,583354,3270,3158266,386,59361,3669,3225195,0,46,6746,5650.57,17234765,14017092,0
2022-03-26,922,7162678,1168,6265523,36,583390,2310,3160576,255,59616,2573,3227768,0,46,4699,5502.43,17239464,14019226,0
2022-03-27,574,7163252,528,6266051,29,583419,1314,3161890,203,59819,1519,3229287,0,46,2650,5462.86,17242114,14020359,0
2022-03-28,1071,7164323,1170,6267221,69,583488,2445,3164335,366,60185,2829,3232116,0,46,5139,5269.71,17247253,14022687,0
2022-03-29,1044,7165367,1107,6268328,84,583572,2516,3166851,886,61071,3422,3235538,1,47,5657,5183.29,17252910,14024941,0
2022-03-30,1236,7166603,1139,6269467,99,583671,3065,3169916,3412,64483,6566,3242104,0,47,9040,5618.86,17261950,14027504,0
2022-03-31,1274,7167877,1250,6270717,57,583728,3163,3173079,5531,70014,8834,3250938,0,47,11416,6478.14,17273366,14030226,0
2022-04-01,1423,7169300,1487,6272204,77,583805,3244,3176323,6923,76937,10324,3261262,0,47,13311,7416,17286677,14033370,0
2022-04-02,906,7170206,910,6273114,33,583838,2087,3178410,4540,81477,6723,3267985,0,47,8572,7969.29,17295249,14035315,0
2022-04-03,553,7170759,492,6273606,28,583866,1221,3179631,3058,84535,4342,3272327,0,47,5415,8364.29,17300664,14036451,0
2022-04-04,1346,7172105,1302,6274908,62,583928,2721,3182352,7722,92257,10597,3282924,0,47,13307,9531.14,17313971,14039315,0
2022-04-05,1290,7173395,1154,6276062,66,583994,2845,3185197,7500,99757,10521,3293445,0,47,13031,10584.57,17327002,14042001,0
2022-04-06,1329,7174724,1174,6277236,61,584055,2626,3187823,6962,106719,9750,3303195,0,47,12314,11052.29,17339316,14044727,0
2022-04-07,1200,7175924,1061,6278297,57,584112,2378,3190201,6628,113347,9152,3312347,1,48,11471,11060.14,17350787,14047191,0
2022-04-08,1472,7177396,1409,6279706,61,584173,3167,3193368,8790,122137,12153,3324500,0,48,15095,11315,17365882,14050329,0
2022-04-09,908,7178304,925,6280631,29,584202,2080,3195448,4958,127095,7123,3331623,0,48,8985,11374,17374867,14052276,0
2022-04-10,575,7178879,460,6281091,25,584227,1167,3196615,2902,129997,4131,3335754,0,48,5191,11342,17380058,14053398,0
2022-04-11,1306,7180185,1225,6282316,61,584288,2653,3199268,7839,137836,10647,3346401,0,48,13239,11332.29,17393297,14056145,0
2022-04-12,1213,7181398,1055,6283371,73,584361,2521,3201789,7447,145283,10141,3356542,0,48,12482,11253.86,17405779,14058659,0
2022-04-13,1228,7182626,1075,6284446,60,584421,2512,3204301,7551,152834,10213,3366755,0,48,12576,11291.29,17418355,14061172,0
2022-04-14,1261,7183887,1096,6285542,58,584479,2442,3206743,6596,159430,9167,3375922,1,49,11583,11307.29,17429938,14063716,0
2022-04-15,1332,7185219,1094,6286636,53,584532,2555,3209298,6635,166065,9320,3385242,0,49,11799,10836.43,17441737,14066325,0
2022-04-16,854,7186073,651,6287287,34,584566,1642,3210940,3693,169758,5402,3390644,0,49,6941,10544.43,17448678,14067931,0
2022-04-17,345,7186418,201,6287488,27,584593,637,3211577,1159,170917,1819,3392463,0,49,2392,10144.57,17451070,14068527,0
2022-04-18,1378,7187796,1111,6288599,82,584675,2583,3214160,6420,177337,9144,3401607,0,49,11715,9926.86,17462785,14071239,0
2022-04-19,1409,7189205,934,6289533,71,584746,2575,3216735,5763,183100,8440,3410047,0,49,10854,9694.29,17473639,14073755,0
2022-04-20,1296,7190501,1150,6290683,65,584811,2712,3219447,6646,189746,9501,3419548,0,49,12012,9613.71,17485651,14076409,0
2022-04-21,1224,7191725,1060,6291743,53,584864,2339,3221786,5398,195144,7856,3427404,1,50,10194,9415.29,17495845,14078865,0
2022-04-22,1233,7192958,1040,6292783,46,584910,2240,3224026,5784,200928,8138,3435542,0,50,10457,9223.57,17506302,14081298,0
2022-04-23,710,7193668,750,6293533,59,584969,1427,3225453,3353,204281,4846,3440388,0,50,6365,9141.29,17512667,14082883,0
2022-04-24,445,7194113,343,6293876,27,584996,812,3226265,1845,206126,2690,3443078,0,50,3505,9300.29,17516172,14083731,0
2022-04-25,1037,7195150,917,6294793,64,585060,1852,3228117,5092,211218,7057,3450135,0,50,9075,8923.14,17525247,14085862,0
2022-04-26,948,7196098,857,6295650,76,585136,1746,3229863,4697,215915,6538,3456673,0,50,8419,8575.29,17533666,14087838,0
2022-04-27,1034,7197132,1021,6296671,80,585216,1926,3231789,5218,221133,7264,3463937,0,50,9399,8202,17543065,14090093,0
2022-04-28,1080,7198212,988,6297659,50,585266,2007,3233796,4746,225879,6866,3470803,0,50,8985,8029.29,17552050,14092325,0
2022-04-29,1173,7199385,1102,6298761,60,585326,2155,3235951,5437,231316,7708,3478511,0,50,10043,7970.14,17562093,14094776,0
2022-04-30,724,7200109,744,6299505,50,585376,1391,3237342,2966,234282,4404,3482915,0,50,5922,7906.86,17568015,14096341,0
2022-05-01,445,7200554,366,6299871,20,585396,766,3238108,1656,235938,2454,3485369,0,50,3285,7875.43,17571300,14097204,0
2022-05-02,1045,7201599,791,6300662,52,585448,1677,3239785,3820,239758,5567,3490936,2,52,7456,7644.14,17578756,14099161,0
2022-05-03,1117,7202716,863,6301525,61,585509,1994,3241779,4872,244630,6963,3497899,0,52,9004,7727.71,17587760,14101299,0
2022-05-04,1003,7203719,882,6302407,48,585557,1927,3243706,4681,249311,6698,3504597,0,52,8631,7618,17596391,14103322,0
2022-05-05,1073,7204792,952,6303359,86,585643,1928,3245634,4884,254195,6912,3511509,0,52,9023,7623.43,17605414,14105533,0
2022-05-06,1095,7205887,957,6304316,51,585694,1859,3247493,4402,258597,6339,3517848,2,54,8442,7394.71,17613856,14107712,0
2022-05-07,659,7206546,590,6304906,32,585726,1205,3248698,2436,261033,3680,3521528,1,55,4961,7257.43,17618817,14109031,0
2022-05-08,411,7206957,243,6305149,17,585743,664,3249362,1388,262421,2075,3523603,0,55,2746,7180.43,17621563,14109725,0
2022-05-09,1077,7208034,943,6306092,60,585803,1894,3251256,4434,266855,6419,3530022,0,55,8499,7329.43,17630062,14111896,0
2022-05-10,1095,7209129,929,6307021,54,585857,1979,3253235,4721,271576,6807,3536829,0,55,8885,7312.43,17638947,14114081,0
2022-05-11,1084,7210213,971,6307992,44,585901,1943,3255178,4843,276419,6887,3543716,0,55,8986,7363.14,17647933,14116281,0
2022-05-12,1098,7211311,949,6308941,60,585961,2002,3257180,4664,281083,6768,3550484,0,55,8875,7342,17656808,14118490,0
2022-05-13,1153,7212464,1039,6309980,44,586005,2074,3259254,4811,285894,6977,3557461,0,55,9213,7452.14,17666021,14120818,0
2022-05-14,827,7213291,671,6310651,31,586036,1471,3260725,2961,288855,4474,3561935,0,55,6003,7601,17672024,14122389,0
2022-05-15,508,7213799,355,6311006,22,586058,924,3261649,1650,290505,2600,3564535,0,55,3485,7706.57,17675509,14123300,0
2022-05-16,1225,7215024,854,6311860,62,586120,1831,3263480,3870,294375,5764,3570299,1,56,7906,7621.86,17683415,14125504,0
2022-05-17,1284,7216308,932,6312792,79,586199,2048,3265528,4897,299272,7040,3577339,1,57,9336,7686.29,17692751,14127894,0
2022-05-18,1236,7217544,900,6313692,82,586281,2062,3267590,4944,304216,7119,3584458,1,58,9338,7736.57,17702089,14130225,0
2022-05-19,1157,7218701,881,6314573,36,586317,2117,3269707,4733,308949,6936,3591394,0,58,9010,7755.86,17711099,14132385,0
2022-05-20,1197,7219898,959,6315532,73,586390,2370,3272077,5211,314160,7692,3599086,1,59,9924,7857.43,17721023,14134727,0
2022-05-21,829,7220727,647,6316179,23,586413,1730,3273807,3307,317467,5098,3604184,0,59,6597,7942.29,17727620,14136287,0
2022-05-22,506,7221233,292,6316471,22,586435,1136,3274943,1841,319308,3010,3607194,0,59,3830,7991.57,17731450,14137140,0
2022-05-23,1217,7222450,885,6317356,52,586487,2190,3277133,4713,324021,7003,3614197,1,60,9158,8170.43,17740608,14139394,0
2022-05-24,1403,7223853,935,6318291,66,586553,2307,3279440,4493,328514,6903,3621100,0,60,9308,8166.43,17749916,14141902,0
2022-05-25,1411,7225264,955,6319246,56,586609,2264,3281704,4275,332789,6640,3627740,0,60,9063,8127.14,17758979,14144426,0
2022-05-26,1168,7226432,890,6320136,60,586669,2274,3283978,4154,336943,6496,3634236,1,61,8616,8070.86,17767595,14146613,0
2022-05-27,1243,7227675,956,6321092,38,586707,2498,3286476,3925,340868,6499,3640735,0,61,8737,7901.29,17776332,14148927,0
2022-05-28,711,7228386,517,6321609,19,586726,1786,3288262,2064,342932,3890,3644625,0,61,5137,7692.71,17781469,14150214,0
2022-05-29,472,7228858,216,6321825,11,586737,760,3289022,1126,344058,1906,3646531,0,61,2605,7517.71,17784074,14150933,0
2022-05-30,91,7228949,62,6321887,6,586743,139,3289161,144,344202,285,3646816,1,62,445,6273,17784519,14151094,0
2022-05-31,1135,7230084,918,6322805,51,586794,1901,3291062,3054,347256,5016,3651832,0,62,7120,5960.43,17791639,14153259,0
2022-06-01,1152,7231236,850,6323655,63,586857,1973,3293035,3430,350686,5478,3657310,0,62,7543,5743.29,17799182,14155399,0
2022-06-02,1029,7232265,797,6324452,72,586929,1829,3294864,3176,353862,5067,3662377,0,62,6965,5507.43,17806147,14157359,0
2022-06-03,1160,7233425,894,6325346,47,586976,2067,3296931,3500,357362,5633,3668010,0,62,7734,5364.14,17813881,14159526,0
2022-06-04,722,7234147,584,6325930,26,587002,1559,3298490,1908,359270,3502,3671512,0,62,4836,5321.14,17818717,14160895,0
2022-06-05,448,7234595,297,6326227,1,587003,880,3299370,981,360251,1870,3673382,0,62,2616,5322.71,17821333,14161650,0
2022-06-06,1123,7235718,826,6327053,64,587067,1757,3301127,2747,362998,4554,3677936,0,62,6567,6197.29,17827900,14163713,0
2022-06-07,1019,7236737,770,6327823,70,587137,1798,3302925,2568,365566,4413,3682349,0,62,6273,6076.29,17834173,14165620,0
2022-06-08,1091,7237828,835,6328658,75,587212,1877,3304802,2754,368320,4693,3687042,1,63,6694,5955,17840867,14167682,0
2022-06-09,1139,7238967,838,6329496,62,587274,2230,3307032,2694,371014,4976,3692018,0,63,7015,5962.14,17847882,14169773,0
2022-06-10,1046,7240013,817,6330313,75,587349,1881,3308913,2831,373845,4769,3696787,0,63,6707,5815.43,17854589,14171768,0
2022-06-11,678,7240691,508,6330821,25,587374,1333,3310246,1504,375349,2864,3699651,0,63,4075,5706.71,17858664,14173006,0
2022-06-12,350,7241041,288,6331109,21,587395,877,3311123,773,376122,1660,3701311,0,63,2319,5664.29,17860983,14173675,0
2022-06-13,1029,7242070,769,6331878,62,587457,1580,3312703,2188,378310,3808,3705119,0,63,5669,5536,17866652,14175576,0
2022-06-14,974,7243044,832,6332710,64,587521,1693,3314396,2505,380815,4260,3709379,0,63,6130,5515.57,17872782,14177508,0
2022-06-15,968,7244012,865,6333575,39,587560,1667,3316063,2427,383242,4153,3713532,0,63,6025,5420,17878807,14179439,0
2022-06-16,961,7244973,775,6334350,59,587619,1835,3317898,2369,385611,4258,3717790,1,64,6053,5282.57,17884860,14181287,0
2022-06-17,899,7245872,797,6335147,48,587667,1774,3319672,2404,388015,4222,3722012,1,65,5968,5177,17890828,14183076,0
2022-06-18,658,7246530,521,6335668,26,587693,1283,3320955,1298,389313,2609,3724621,1,66,3814,5139.71,17894642,14184308,0
2022-06-19,346,7246876,232,6335900,16,587709,728,3321683,610,389923,1350,3725971,0,66,1944,5086.14,17896586,14184914,0
2022-06-20,832,7247708,487,6336387,41,587750,1578,3323261,1613,391536,3229,3729200,0,66,4589,4931.86,17901175,14186312,0
2022-06-21,1133,7248841,741,6337128,49,587799,1699,3324960,2143,393679,3898,3733098,0,66,5822,4887.86,17906997,14188292,0
2022-06-22,1958,7250799,835,6337963,46,587845,1709,3326669,1996,395675,3748,3736846,0,66,6587,4968.14,17913584,14191174,0
2022-06-23,2117,7252916,763,6338726,66,587911,1704,3328373,2156,397831,3912,3740758,0,66,6858,5083.14,17920442,14194172,0
2022-06-24,2169,7255085,761,6339487,48,587959,1626,3329999,2157,399988,3831,3744589,0,66,6809,5203.29,17927251,14197198,0
2022-06-25,2137,7257222,497,6339984,15,587974,1238,3331237,1142,401130,2396,3746985,0,66,5048,5379.57,17932299,14199866,0
2022-06-26,1208,7258430,248,6340232,14,587988,687,3331924,531,401661,1224,3748209,0,66,2694,5486.71,17934993,14201342,0
2022-06-27,1532,7259962,652,6340884,60,588048,1473,3333397,1654,403315,3168,3751377,0,66,5413,5604.43,17940406,14203628,0
2022-06-28,1691,7261653,829,6341713,57,588105,1863,3335260,2143,405458,4052,3755429,0,66,6629,5719.71,17947035,14206251,0
2022-06-29,1857,7263510,776,6342489,48,588153,1719,3336979,1926,407384,3685,3759114,0,66,6366,5688.14,17953401,14208972,0
2022-06-30,1867,7265377,806,6343295,46,588199,1735,3338714,2134,409518,3913,3763027,0,66,6632,5655.86,17960033,14211735,0
2022-07-01,1605,7266982,597,6343892,26,588225,1398,3340112,1728,411246,3159,3766186,0,66,5387,5452.71,17965420,14213996,0
2022-07-02,979,7267961,390,6344282,19,588244,841,3340953,940,412186,1799,3767985,1,67,3187,5186.86,17968607,14215401,0
2022-07-03,529,7268490,205,6344487,7,588251,461,3341414,486,412672,950,3768935,0,67,1691,5043.57,17970298,14216145,0
2022-07-04,36,7268526,25,6344512,1,588252,31,3341445,38,412710,69,3769004,0,67,131,4289,17970429,14216207,0
2022-07-05,1296,7269822,758,6345270,35,588287,1406,3342851,1738,414448,3175,3772179,0,67,5264,4094,17975693,14218327,0
2022-07-06,1612,7271434,678,6345948,44,588331,1443,3344294,1842,416290,3326,3775505,0,67,5660,3993.14,17981353,14220702,0
2022-07-07,1592,7273026,714,6346662,48,588379,1527,3345821,2003,418293,3569,3779074,0,67,5923,3891.86,17987276,14223095,0
2022-07-08,1633,7274659,652,6347314,37,588416,1475,3347296,1979,420272,3503,3782577,0,67,5826,3954.57,17993102,14225467,0
2022-07-09,984,7275643,435,6347749,26,588442,884,3348180,1347,421619,2262,3784839,0,67,3707,4028.86,17996809,14226943,0
2022-07-10,637,7276280,187,6347936,17,588459,430,3348610,659,422278,1099,3785938,0,67,1940,4064.43,17998749,14227794,0
2022-07-11,1394,7277674,636,6348572,49,588508,1445,3350055,2213,424491,3692,3789630,0,67,5771,4870.14,18004520,14229907,0
2022-07-12,1408,7279082,687,6349259,45,588553,1405,3351460,2514,427005,3993,3793623,0,67,6133,4994.29,18010653,14232121,0
2022-07-13,1616,7280698,724,6349983,37,588590,1522,3352982,2841,429846,4428,3798051,0,67,6805,5157.86,18017458,14234563,0
2022-07-14,1588,7282286,842,6350825,47,588637,1605,3354587,3064,432910,4746,3802797,0,67,7224,5343.71,18024682,14237118,0
2022-07-15,1615,7283901,938,6351763,47,588684,1578,3356165,3055,435965,4692,3807489,0,67,7292,5553.14,18031974,14239777,0
2022-07-16,882,7284783,586,6352349,9,588693,985,3357150,1700,437665,2715,3810204,1,68,4193,5622.57,18036167,14241284,0
2022-07-17,550,7285333,289,6352638,16,588709,527,3357677,1168,438833,1719,3811923,0,68,2574,5713.14,18038741,14242163,0
2022-07-18,1405,7286738,844,6353482,45,588754,1428,3359105,2469,441302,3953,3815876,0,68,6247,5781.14,18044988,14244513,0
2022-07-19,1438,7288176,976,6354458,51,588805,1544,3360649,2805,444107,4442,3820318,0,68,6907,5891.71,18051895,14247071,0
2022-07-20,1383,7289559,1485,6355943,50,588855,1352,3362001,2394,446501,3808,3824126,0,68,6727,5880.57,18058622,14250052,0
2022-07-21,1334,7290893,1436,6357379,50,588905,1397,3363398,2363,448864,3808,3827934,0,68,6628,5795.43,18065250,14252920,0
2022-07-22,1429,7292322,1570,6358949,42,588947,1564,3364962,2855,451719,4502,3832436,0,68,7543,5831.29,18072793,14256044,0
2022-07-23,908,7293230,1103,6360052,17,588964,997,3365959,1555,453274,2587,3835023,3,71,4618,5892,18077411,14258107,0
2022-07-24,483,7293713,642,6360694,14,588978,504,3366463,805,454079,1317,3836340,0,71,2457,5875.29,18079868,14259255,0
2022-07-25,1230,7294943,766,6361460,59,589037,1263,3367726,2063,456142,3380,3839720,0,71,5435,5759.29,18085303,14261364,0
2022-07-26,1234,7296177,1023,6362483,41,589078,1478,3369204,2445,458587,3981,3843701,0,71,6279,5669.57,18091582,14263720,0
2022-07-27,1320,7297497,1279,6363762,42,589120,1394,3370598,2191,460778,3646,3847347,2,73,6290,5607.14,18097872,14266423,0
2022-07-28,1312,7298809,1423,6365185,72,589192,1425,3372023,2217,462995,3692,3851039,1,74,6500,5588.86,18104372,14269280,0
2022-07-29,1319,7300128,1432,6366617,64,589256,1360,3373383,2158,465153,3562,3854601,0,74,6377,5422.29,18110749,14272139,0
2022-07-30,739,7300867,718,6367335,25,589281,795,3374178,962,466115,1777,3856378,0,74,3262,5228.57,18114011,14273644,0
2022-07-31,422,7301289,590,6367925,14,589295,488,3374666,571,466686,1065,3857443,0,74,2091,5176.29,18116102,14274676,0
2022-08-01,1245,7302534,912,6368837,55,589350,1333,3375999,1510,468196,2889,3860332,1,75,5102,5128.71,18121204,14276934,0
2022-08-02,1229,7303763,1015,6369852,73,589423,1350,3377349,1601,469797,2996,3863328,0,75,5313,4990.71,18126517,14279296,0
2022-08-03,1265,7305028,1190,6371042,41,589464,1343,3378692,1532,471329,2914,3866242,1,76,5411,4865.14,18131928,14281831,0
2022-08-04,1191,7306219,1189,6372231,58,589522,1289,3379981,1459,472788,2778,3869020,0,76,5216,4681.71,18137144,14284299,0
2022-08-05,1317,7307536,1451,6373682,49,589571,1315,3381296,1442,474230,2781,3871801,0,76,5598,4570.43,18142742,14287140,0
2022-08-06,696,7308232,843,6374525,14,589585,766,3382062,777,475007,1568,3873369,0,76,3122,4550.43,18145864,14288719,0
2022-08-07,390,7308622,454,6374979,14,589599,427,3382489,358,475365,796,3874165,0,76,1654,4488,18147518,14289588,0
2022-08-08,1194,7309816,933,6375912,70,589669,1277,3383766,1186,476551,2493,3876658,0,76,4690,4429.14,18152208,14291815,0
2022-08-09,1135,7310951,893,6376805,38,589707,1233,3384999,1160,477711,2425,3879083,1,77,4492,4311.86,18156700,14293913,0
2022-08-10,1222,7312173,1115,6377920,59,589766,1261,3386260,1247,478958,2543,3881626,0,77,4939,4244.43,18161639,14296344,0
2022-08-11,1281,7313454,1069,6378989,84,589850,1213,3387473,1280,480238,2531,3884157,0,77,4965,4208.57,18166604,14298816,0
2022-08-12,1295,7314749,1410,6380399,55,589905,1268,3388741,1248,481486,2548,3886705,0,77,5308,4167.14,18171912,14301608,0
2022-08-13,757,7315506,789,6381188,15,589920,766,3389507,632,482118,1416,3888121,0,77,2977,4146.43,18174889,14303187,0
2022-08-14,470,7315976,476,6381664,20,589940,406,3389913,282,482400,691,3888812,0,77,1657,4146.86,18176546,14304156,0
2022-08-15,1247,7317223,1066,6382730,60,590000,1317,3391230,991,483391,2349,3891161,1,78,4723,4151.57,18181269,14306570,0
2022-08-16,1308,7318531,870,6383600,50,590050,1368,3392598,1078,484469,2478,3893639,0,78,4707,4182.29,18185976,14308831,0
2022-08-17,1213,7319744,960,6384560,39,590089,1236,3393834,1005,485474,2280,3895919,1,79,4493,4118.57,18190469,14311082,0
2022-08-18,1168,7320912,945,6385505,45,590134,1268,3395102,948,486422,2241,3898160,0,79,4399,4037.71,18194868,14313265,0
2022-08-19,1256,7322168,1134,6386639,34,590168,1120,3396222,979,487401,2129,3900289,6,85,4559,3930.71,18199427,14315719,0
2022-08-20,591,7322759,494,6387133,16,590184,636,3396858,514,487915,1163,3901452,1,86,2265,3829,18201692,14316833,0
2022-08-21,358,7323117,243,6387376,9,590193,382,3397240,267,488182,652,3902104,0,86,1262,3772.57,18202954,14317446,0
2022-08-22,1221,7324338,924,6388300,40,590233,1237,3398477,889,489071,2153,3904257,0,86,4338,3717.57,18207292,14319658,0
2022-08-23,1242,7325580,1050,6389350,48,590281,1383,3399860,962,490033,2373,3906630,3,89,4716,3718.86,18212008,14322026,0
2022-08-24,1267,7326847,1015,6390365,29,590310,1296,3401156,820,490853,2143,3908773,0,89,4455,3713.43,18216463,14324365,0
2022-08-25,1222,7328069,995,6391360,66,590376,1191,3402347,813,491666,2020,3910793,4,93,4306,3700.14,18220769,14326663,0
2022-08-26,1188,7329257,1179,6392539,56,590432,1193,3403540,780,492446,1994,3912787,1,94,4417,3679.86,18225186,14329106,0
2022-08-27,695,7329952,542,6393081,14,590446,685,3404225,404,492850,1102,3913889,4,98,2357,3693,18227543,14330370,0
2022-08-28,378,7330330,240,6393321,10,590456,442,3404667,228,493078,673,3914562,0,98,1301,3698.57,18228844,14331001,0
2022-08-29,1256,7331586,982,6394303,41,590497,1229,3405896,688,493766,1938,3916500,0,98,4218,3681.43,18233062,14333302,0
2022-08-30,1268,7332854,941,6395244,36,590533,1273,3407169,766,494532,2070,3918570,2,100,4317,3624.43,18237379,14335578,0
2022-08-31,1154,7334008,1015,6396259,43,590576,1106,3408275,573,495105,1700,3920270,0,100,3913,3547,18241292,14337812,0
2022-09-01,1027,7335035,962,6397221,51,590627,810,3409085,456,495561,1280,3921550,5,105,3326,3407,18244618,14339867,0
2022-09-02,977,7336012,1021,6398242,32,590659,594,3409679,175,495736,776,3922326,92,197,2883,3187.86,18247501,14341889,0
2022-09-03,532,7336544,450,6398692,12,590671,370,3410049,50,495786,424,3922750,314,511,1683,3091.57,18249184,14342838,0
2022-09-04,252,7336796,212,6398904,10,590681,189,3410238,25,495811,216,3922966,312,823,959,3042.71,18250143,14343271,0
2022-09-05,78,7336874,71,6398975,7,590688,44,3410282,16,495827,61,3923027,9,832,226,2472.43,18250369,14343428,0
2022-09-06,1129,7338003,1229,6400204,51,590739,635,3410917,130,495957,774,3923801,1269,2101,4232,2460.29,18254601,14345626,0
2022-09-07,1475,7339478,1383,6401587,38,590777,484,3411401,155,496112,659,3924460,6446,8547,9119,3204,18263720,14347660,0
2022-09-08,1525,7341003,1197,6402784,36,590813,253,3411654,111,496223,380,3924840,7796,16343,9816,4131.14,18273536,14349316,0
2022-09-09,1553,7342556,1610,6404394,49,590862,284,3411938,122,496345,437,3925277,9891,26234,12372,5486.71,18285908,14351391,0
2022-09-10,846,7343402,839,6405233,12,590874,270,3412208,45,496390,328,3925605,5316,31550,6758,6211.71,18292666,14352518,0
2022-09-11,494,7343896,441,6405674,11,590885,86,3412294,30,496420,125,3925730,3942,35492,4530,6721.86,18297196,14352990,0
2022-09-12,1675,7345571,1439,6407113,39,590924,205,3412499,91,496511,330,3926060,11657,47149,13538,8623.57,18310734,14354575,0
2022-09-13,1401,7346972,1274,6408387,33,590957,221,3412720,117,496628,387,3926447,9734,56883,11737,9695.71,18322471,14356240,0
2022-09-14,1408,7348380,1271,6409658,31,590988,225,3412945,123,496751,387,3926834,11026,67909,13069,10260,18335540,14357935,0
2022-09-15,1564,7349944,1282,6410940,22,591010,227,3413172,111,496862,373,3927207,12084,79993,14108,10873.14,18349648,14359621,0
2022-09-16,1688,7351632,1632,6412572,27,591037,270,3413442,157,497019,482,3927689,13804,93797,16266,11429.43,18365914,14361656,0
2022-09-17,801,7352433,868,6413440,12,591049,274,3413716,77,497096,374,3928063,7002,100799,8409,11665.29,18374323,14362712,0
2022-09-18,523,7352956,410,6413850,7,591056,74,3413790,26,497122,113,3928176,4484,105283,4976,11729,18379299,14363104,0
2022-09-19,1553,7354509,1323,6415173,29,591085,227,3414017,97,497219,350,3928526,13813,119096,15515,12011.43,18394814,14364482,0
2022-09-20,1440,7355949,1252,6416425,27,591112,221,3414238,90,497309,359,3928885,13215,132311,15014,12479.57,18409828,14365970,0
2022-09-21,1667,7357616,1351,6417776,31,591143,261,3414499,131,497440,426,3929311,14937,147248,16844,13018.86,18426672,14367485,0
2022-09-22,1470,7359086,1262,6419038,28,591171,174,3414673,139,497579,360,3929671,13226,160474,15048,13153.14,18441720,14368994,0
2022-09-23,1741,7360827,1654,6420692,24,591195,252,3414925,145,497724,460,3930131,16945,177419,19248,13579.14,18460968,14370900,0
2022-09-24,800,7361627,887,6421579,8,591203,272,3415197,68,497792,359,3930490,7504,184923,8853,13642.57,18469821,14371909,0
2022-09-25,485,7362112,394,6421973,1,591204,72,3415269,47,497839,128,3930618,4509,189432,4996,13645.43,18474817,14372277,0
2022-09-26,1573,7363685,1246,6423219,16,591220,289,3415558,144,497983,490,3931108,15013,204445,16712,13816.43,18491529,14373543,0
2022-09-27,1538,7365223,1310,6424529,26,591246,283,3415841,174,498157,493,3931601,14158,218603,16152,13979,18507681,14375080,0
2022-09-28,1618,7366841,1300,6425829,18,591264,190,3416031,186,498343,429,3932030,15513,234116,17288,14042.43,18524969,14376479,0
2022-09-29,1679,7368520,1299,6427128,19,591283,177,3416208,100,498443,314,3932344,15372,249488,17223,14353.14,18542192,14378053,0
2022-09-30,1644,7370164,1554,6428682,13,591296,182,3416390,177,498620,405,3932749,16485,265973,18653,14268.14,18560845,14379862,0
2022-10-01,721,7370885,668,6429350,5,591301,138,3416528,35,498655,182,3932931,7051,273024,7942,14138,18568787,14380580,0
2022-10-02,511,7371396,428,6429778,5,591306,48,3416576,45,498700,107,3933038,4428,277452,4838,14115.43,18573625,14380897,0
2022-10-03,1552,7372948,1192,6430970,23,591329,156,3416732,112,498812,315,3933353,14569,292021,15972,14009.71,18589597,14382032,0
2022-10-04,1379,7374327,1157,6432127,15,591344,150,3416882,120,498932,298,3933651,13400,305421,14793,13815.57,18604390,14383155,0
2022-10-05,1593,7375920,1285,6433412,17,591361,283,3417165,164,499096,500,3934151,14866,320287,16690,13730.14,18621080,14384532,0
2022-10-06,1491,7377411,1250,6434662,19,591380,166,3417331,161,499257,385,3934536,14955,335242,16617,13643.57,18637697,14385867,0
2022-10-07,1660,7379071,1428,6436090,15,591395,171,3417502,135,499392,368,3934904,17103,352345,19062,13702,18656759,14387520,0
2022-10-08,763,7379834,680,6436770,4,591399,146,3417648,62,499454,225,3935129,7707,360052,8635,13801,18665394,14388240,0
2022-10-09,491,7380325,410,6437180,5,591404,47,3417695,56,499510,121,3935250,4694,364746,5120,13841.29,18670514,14388563,0
2022-10-10,1548,7381873,1250,6438430,14,591418,174,3417869,120,499630,333,3935583,15202,379948,16504,13917.29,18687018,14389571,0
2022-10-11,1640,7383513,1102,6439532,19,591437,178,3418047,154,499784,388,3935971,14319,394267,15853,14068.71,18702871,14390773,0
2022-10-12,1866,7385379,1322,6440854,17,591454,134,3418181,186,499970,387,3936358,16280,410547,17882,14239,18720753,14392055,0
2022-10-13,1619,7386998,1150,6442004,28,591482,135,3418316,200,500170,406,3936764,14039,424586,15573,14089.86,18736326,14393254,0
2022-10-14,1817,7388815,1541,6443545,25,591507,130,3418446,179,500349,362,3937126,17202,441788,19184,14107.29,18755510,14394927,0
2022-10-15,768,7389583,639,6444184,9,591516,90,3418536,68,500417,179,3937305,7611,449399,8467,14083.29,18763977,14395625,0
2022-10-16,565,7390148,411,6444595,3,591519,25,3418561,65,500482,121,3937426,4726,454125,5169,14090.29,18769146,14395978,0
2022-10-17,1817,7391965,1250,6445845,18,591537,82,3418643,116,500598,235,3937661,16072,470197,17392,14217.14,18786538,14397100,0
2022-10-18,1691,7393656,1169,6447014,20,591557,101,3418744,139,500737,287,3937948,14634,484831,16013,14240,18802551,14398239,0
2022-10-19,2093,7395749,1329,6448343,21,591578,84,3418828,143,500880,290,3938238,16231,501062,17705,14214.71,18820256,14399486,0
2022-10-20,1689,7397438,1168,6449511,11,591589,88,3418916,151,501031,306,3938544,15396,516458,16850,14397.14,18837106,14400701,0
2022-10-21,1807,7399245,1345,6450856,12,591601,92,3419008,151,501182,298,3938842,16739,533197,18406,14286,18855512,14402125,0
2022-10-22,745,7399990,668,6451524,9,591610,44,3419052,46,501228,100,3938942,7689,540886,8418,14279,18863930,14402764,0
2022-10-23,521,7400511,369,6451893,3,591613,21,3419073,39,501267,69,3939011,4804,545690,5081,14266.43,18869011,14402981,0
2022-10-24,1747,7402258,1210,6453103,19,591632,71,3419144,112,501379,224,3939235,15556,561246,16843,14188,18885854,14404085,0
2022-10-25,1662,7403920,1188,6454291,12,591644,94,3419238,110,501489,233,3939468,15041,576287,16343,14235.14,18902197,14405183,0
2022-10-26,1857,7405777,1329,6455620,11,591655,90,3419328,171,501660,339,3939807,16815,593102,18289,14318.57,18920486,14406396,0
2022-10-27,1586,7407363,1075,6456695,13,591668,95,3419423,138,501798,288,3940095,15086,608188,16408,14255.43,18936894,14407485,0
2022-10-28,1703,7409066,1422,6458117,17,591685,107,3419530,153,501951,319,3940414,16765,624953,18572,14279.14,18955466,14409032,0
2022-10-29,696,7409762,544,6458661,9,591694,69,3419599,57,502008,140,3940554,7743,632696,8413,14278.43,18963879,14409576,0
2022-10-30,521,7410283,305,6458966,3,591697,19,3419618,57,502065,92,3940646,4490,637186,4778,14235.14,18968657,14409788,0
2022-10-31,1679,7411962,1108,6460074,8,591705,47,3419665,127,502192,218,3940864,14589,651775,15535,14048.29,18984192,14410560,0
2022-11-01,1668,7413630,1022,6461096,18,591723,78,3419743,132,502324,242,3941106,13615,665390,14935,13847.14,18999127,14411670,0
2022-11-02,1742,7415372,1124,6462220,17,591740,92,3419835,122,502446,256,3941362,14875,680265,16147,13541.14,19015274,14412728,0
2022-11-03,1421,7416793,1033,6463253,14,591754,84,3419919,167,502613,328,3941690,12624,692889,13901,13183,19029175,14413754,0
2022-11-04,1742,7418535,1219,6464472,14,591768,101,3420020,141,502754,275,3941965,15433,708322,17032,12963,19046207,14415111,0
2022-11-05,825,7419360,531,6465003,6,591774,67,3420087,80,502834,161,3942126,7039,715361,7752,12868.57,19053959,14415677,0
2022-11-06,408,7419768,330,6465333,4,591778,20,3420107,49,502883,106,3942232,4071,719432,4411,12816.14,19058370,14415948,0
2022-11-07,1640,7421408,1071,6466404,14,591792,75,3420182,101,502984,212,3942444,13220,732652,14381,12651.29,19072751,14416933,0
2022-11-08,1532,7422940,1009,6467413,8,591800,97,3420279,132,503116,270,3942714,12065,744717,13329,12421.86,19086080,14417968,0
2022-11-09,1571,7424511,1058,6468471,9,591809,85,3420364,114,503230,246,3942960,12189,756906,13453,12037,19099533,14419033,0
2022-11-10,1484,7425995,1007,6469478,14,591823,73,3420437,147,503377,276,3943236,12281,769187,13556,11987.71,19113089,14420088,0
2022-11-11,1505,7427500,1078,6470556,11,591834,100,3420537,102,503479,223,3943459,12835,782022,14264,11592.29,19127353,14421315,0
2022-11-12,672,7428172,513,6471069,2,591836,57,3420594,61,503540,128,3943587,6429,788451,7047,11491.57,19134400,14421815,0
2022-11-13,497,7428669,340,6471409,4,591840,15,3420609,68,503608,98,3943685,3894,792345,4211,11463,19138611,14422049,0
2022-11-14,1446,7430115,1026,6472435,19,591859,59,3420668,114,503722,204,3943889,11630,803975,12744,11229.14,19151355,14422990,0
2022-11-15,1490,7431605,1001,6473436,15,591874,103,3420771,164,503886,292,3944181,11272,815247,12650,11132.14,19164005,14424101,0
2022-11-16,1607,7433212,1034,6474470,21,591895,67,3420838,145,504031,248,3944429,11557,826804,12806,11039.71,19176811,14425138,0
2022-11-17,1423,7434635,976,6475446,10,591905,72,3420910,189,504220,302,3944731,10535,837339,11864,10798,19188675,14426206,0
2022-11-18,1586,7436221,1103,6476549,12,591917,68,3420978,117,504337,215,3944946,12403,849742,13993,10759.29,19202668,14427611,0
2022-11-19,681,7436902,439,6476988,4,591921,57,3421035,63,504400,129,3945075,5909,855651,6566,10690.57,19209234,14428148,0
2022-11-20,474,7437376,308,6477296,4,591925,12,3421047,35,504435,64,3945139,3538,859189,3836,10637,19213070,14428399,0
2022-11-21,1523,7438899,922,6478218,4,591929,51,3421098,81,504516,149,3945288,10395,869584,11372,10441,19224442,14429244,0
2022-11-22,1273,7440172,817,6479035,7,591936,53,3421151,92,504608,163,3945451,9263,878847,10288,10103.57,19234730,14430124,0
2022-11-23,1293,7441465,735,6479770,11,591947,65,3421216,79,504687,170,3945621,8670,887517,9610,9647,19244340,14430920,0
2022-11-24,18,7441483,10,6479780,2,591949,0,3421216,6,504693,8,3945629,112,887629,137,7971.71,19244477,14430939,0
2022-11-25,682,7442165,475,6480255,14,591963,36,3421252,54,504747,109,3945738,5683,893312,6416,6889.29,19250893,14431582,0
2022-11-26,590,7442755,379,6480634,2,591965,15,3421267,43,504790,62,3945800,4896,898208,5330,6712.71,19256223,14431958,0
2022-11-27,399,7443154,219,6480853,1,591966,11,3421278,23,504813,49,3945849,3170,901378,3351,6643.43,19259574,14432105,0
2022-11-28,951,7444105,698,6481551,10,591976,57,3421335,65,504878,142,3945991,6944,908322,7910,6148.86,19267484,14432949,0
2022-11-29,928,7445033,708,6482259,8,591984,46,3421381,73,504951,145,3946136,6930,915252,7968,5817.43,19275452,14433868,0
2022-11-30,1213,7446246,868,6483127,16,592000,50,3421431,54,505005,123,3946259,8726,923978,9732,5834.86,19285184,14434770,0
2022-12-01,1129,7447375,769,6483896,11,592011,61,3421492,96,505101,183,3946442,8464,932442,9531,7176.86,19294715,14435680,0
2022-12-02,1316,7448691,973,6484869,14,592025,70,3421562,105,505206,195,3946637,10207,942649,11534,7908,19306249,14436832,0
2022-12-03,617,7449308,422,6485291,12,592037,42,3421604,42,505248,87,3946724,4946,947595,5471,7928.14,19311720,14437273,0
2022-12-04,418,7449726,283,6485574,4,592041,7,3421611,26,505274,40,3946764,3270,950865,3496,7948.86,19315216,14437466,0
2022-12-05,1165,7450891,769,6486343,15,592056,62,3421673,71,505345,149,3946913,8600,959465,9612,8192,19324828,14438345,0
2022-12-06,1171,7452062,767,6487110,13,592069,67,3421740,89,505434,174,3947087,8126,967591,9126,8357.43,19333954,14439189,0
2022-12-07,1213,7453275,752,6487862,12,592081,62,3421802,81,505515,163,3947250,8294,975885,9314,8297.71,19343268,14440066,0
2022-12-08,1105,7454380,740,6488602,14,592095,69,3421871,76,505591,165,3947415,8667,984552,9696,8321.29,19352964,14440950,0
2022-12-09,1238,7455618,971,6489573,13,592108,81,3421952,102,505693,209,3947624,10403,994955,11767,8354.57,19364731,14442131,0
2022-12-10,678,7456296,462,6490035,7,592115,38,3421990,76,505769,132,3947756,6139,1001094,6712,8531.86,19371443,14442590,0
2022-12-11,432,7456728,263,6490298,4,592119,11,3422001,35,505804,56,3947812,3683,1004777,3885,8587.43,19375328,14442746,0
2022-12-12,1336,7458064,803,6491101,19,592138,78,3422079,105,505909,209,3948021,9967,1014744,11014,8787.71,19386342,14443610,0
2022-12-13,1278,7459342,846,6491947,17,592155,54,3422133,102,506011,189,3948210,9693,1024437,10749,9019.57,19397091,14444510,0
2022-12-14,1195,7460537,830,6492777,12,592167,68,3422201,100,506111,195,3948405,9630,1034067,10612,9205,19407703,14445324,0
2022-12-15,1193,7461730,697,6493474,11,592178,61,3422262,109,506220,185,3948590,8437,1042504,9405,9163.43,19417108,14446122,0
2022-12-16,1202,7462932,808,6494282,12,592190,69,3422331,126,506346,217,3948807,9359,1051863,10533,8987.14,19427641,14447101,0
2022-12-17,655,7463587,462,6494744,8,592198,31,3422362,36,506382,80,3948887,5831,1057694,6304,8928.86,19433945,14447507,0
2022-12-18,441,7464028,230,6494974,2,592200,15,3422377,23,506405,48,3948935,3402,1061096,3608,8889.29,19437553,14447675,0
2022-12-19,1225,7465253,782,6495756,7,592207,55,3422432,84,506489,153,3949088,8906,1070002,9838,8721.29,19447391,14448468,0
2022-12-20,1212,7466465,761,6496517,18,592225,83,3422515,138,506627,277,3949365,8588,1078590,9720,8574.29,19457111,14449379,0
2022-12-21,1095,7467560,696,6497213,16,592241,54,3422569,95,506722,180,3949545,8281,1086871,9159,8366.71,19466270,14450108,0
2022-12-22,993,7468553,587,6497800,4,592245,44,3422613,73,506795,135,3949680,6936,1093807,7670,8118.86,19473940,14450725,0
2022-12-23,832,7469385,507,6498307,11,592256,41,3422654,58,506853,112,3949792,5914,1099721,6520,7545.57,19480460,14451232,0
2022-12-24,191,7469576,112,6498419,1,592257,2,3422656,15,506868,20,3949812,1378,1101099,1497,6858.86,19481957,14451334,0
2022-12-25,5,7469581,3,6498422,0,592257,0,3422656,0,506868,0,3949812,29,1101128,32,6348,19481989,14451337,0
2022-12-26,572,7470153,269,6498691,16,592273,19,3422675,22,506890,44,3949856,3303,1104431,3613,5458.71,19485602,14451606,0
2022-12-27,1089,7471242,606,6499297,13,592286,55,3422730,59,506949,123,3949979,7229,1111660,8028,5217,19493630,14452291,0
2022-12-28,1066,7472308,562,6499859,8,592294,56,3422786,63,507012,129,3950108,6987,1118647,7780,5020,19501410,14452965,0
2022-12-29,1014,7473322,585,6500444,9,592303,49,3422835,90,507102,162,3950270,6591,1125238,7418,4984,19508828,14453653,0
2022-12-30,950,7474272,539,6500983,9,592312,49,3422884,51,507153,110,3950380,6132,1131370,6858,5032.29,19515686,14454279,0
2022-12-31,306,7474578,167,6501150,4,592316,16,3422900,10,507163,29,3950409,1811,1133181,1987,5102.29,19517673,14454429,0
2023-01-01,16,7474594,9,6501159,0,592316,3,3422903,5,507168,8,3950417,58,1133239,83,5109.57,19517756,14454446,0
2023-01-02,654,7475248,328,6501487,10,592326,14,3422917,23,507191,43,3950460,3654,1136893,4000,5164.86,19521756,14454755,0
2023-01-03,967,7476215,591,6502078,9,592335,41,3422958,57,507248,110,3950570,5476,1142369,6261,4912.43,19528017,14455442,0
2023-01-04,1103,7477318,678,6502756,17,592352,50,3423008,63,507311,131,3950701,6178,1148547,7052,4808.43,19535069,14456203,0
2023-01-05,1011,7478329,588,6503344,23,592375,34,3423042,89,507400,142,3950843,5764,1154311,6692,4704.71,19541761,14457008,0
2023-01-06,1056,7479385,777,6504121,17,592392,50,3423092,81,507481,142,3950985,6502,1160813,7554,4804.14,19549315,14457929,0
2023-01-07,605,7479990,429,6504550,8,592400,23,3423115,34,507515,63,3951048,4454,1165267,4914,5222.29,19554229,14458332,0
2023-01-08,380,7480370,245,6504795,4,592404,12,3423127,29,507544,45,3951093,2560,1167827,2770,5606.14,19556999,14458501,0
2023-01-09,954,7481324,581,6505376,17,592421,52,3423179,41,507585,102,3951195,5602,1173429,6441,5954.86,19563440,14459247,0
2023-01-10,855,7482179,644,6506020,8,592429,49,3423228,84,507669,150,3951345,5331,1178760,6237,5951.43,19569677,14460020,0
2023-01-11,876,7483055,553,6506573,21,592450,46,3423274,68,507737,137,3951482,5158,1183918,5970,5796.86,19575647,14460718,0
2023-01-12,777,7483832,496,6507069,24,592474,53,3423327,120,507857,196,3951678,4530,1188448,5472,5622.57,19581119,14461487,0
2023-01-13,804,7484636,555,6507624,11,592485,69,3423396,58,507915,143,3951821,5368,1193816,6259,5437.57,19587378,14462251,0
2023-01-14,511,7485147,281,6507905,10,592495,27,3423423,31,507946,60,3951881,3226,1197042,3629,5254,19591007,14462596,0
2023-01-15,287,7485434,151,6508056,6,592501,15,3423438,22,507968,52,3951933,1793,1198835,1996,5143.43,19593003,14462762,0
2023-01-16,501,7485935,307,6508363,11,592512,31,3423469,27,507995,63,3951996,2769,1201604,3204,4681,19596207,14463139,0
2023-01-17,804,7486739,477,6508840,19,592531,49,3423518,74,508069,136,3952132,3833,1205437,4701,4461.57,19600908,14463884,0
2023-01-18,801,7487540,477,6509317,16,592547,48,3423566,61,508130,116,3952248,3725,1209162,4531,4256,19605439,14464581,0
2023-01-19,657,7488197,430,6509747,6,592553,50,3423616,34,508164,103,3952351,3162,1212324,3906,4032.29,19609345,14465241,0
2023-01-20,700,7488897,487,6510234,23,592576,39,3423655,39,508203,85,3952436,3735,1216059,4511,3782.57,19613856,14465939,0
2023-01-21,368,7489265,196,6510430,12,592588,20,3423675,12,508215,33,3952469,1889,1217948,2193,3577.43,19616049,14466211,0
2023-01-22,227,7489492,63,6510493,5,592593,0,3423675,2,508217,3,3952472,862,1218810,968,3430.57,19617017,14466315,0
2023-01-23,643,7490135,333,6510826,12,592605,14,3423689,45,508262,66,3952538,2707,1221517,3372,3454.57,19620389,14466921,0
2023-01-24,579,7490714,391,6511217,17,592622,37,3423726,33,508295,83,3952621,3055,1224572,3706,3312.43,19624095,14467502,0
2023-01-25,600,7491314,360,6511577,21,592643,32,3423758,40,508335,84,3952705,2699,1227271,3369,3146.43,19627464,14468100,0
2023-01-26,561,7491875,351,6511928,18,592661,35,3423793,51,508386,102,3952807,2694,1229965,3357,3068,19630821,14468677,0
2023-01-27,562,7492437,439,6512367,11,592672,35,3423828,47,508433,89,3952896,2815,1232780,3550,2930.71,19634371,14469330,0
2023-01-28,359,7492796,186,6512553,5,592677,24,3423852,39,508472,70,3952966,1588,1234368,1925,2892.43,19636296,14469604,0
2023-01-29,237,7493033,118,6512671,3,592680,12,3423864,10,508482,26,3952992,993,1235361,1146,2917.86,19637442,14469735,0
2023-01-30,599,7493632,393,6513064,18,592698,40,3423904,37,508519,80,3953072,2502,1237863,3220,2896.14,19640662,14470376,0
2023-01-31,508,7494140,353,6513417,12,592710,28,3423932,48,508567,88,3953160,2439,1240302,3061,2804,19643723,14470922,0
2023-02-01,480,7494620,334,6513751,16,592726,40,3423972,44,508611,92,3953252,2316,1242618,2953,2744.57,19646676,14471475,0
2023-02-02,463,7495083,345,6514096,13,592739,34,3424006,35,508646,77,3953329,2152,1244770,2768,2660.43,19649444,14472022,0
2023-02-03,545,7495628,395,6514491,12,592751,26,3424032,34,508680,67,3953396,2358,1247128,3058,2590.14,19652502,14472662,0
2023-02-04,243,7495871,154,6514645,10,592761,13,3424045,14,508694,28,3953424,1141,1248269,1396,2514.57,19653898,14472890,0
2023-02-05,201,7496072,96,6514741,0,592761,2,3424047,15,508709,19,3953443,854,1249123,972,2489.71,19654870,14472991,0
2023-02-06,597,7496669,310,6515051,9,592770,28,3424075,27,508736,64,3953507,2252,1251375,2826,2433.43,19657696,14473510,0
2023-02-07,479,7497148,364,6515415,5,592775,28,3424103,34,508770,70,3953577,2329,1253704,2929,2414.57,19660625,14474048,0
2023-02-08,453,7497601,321,6515736,4,592779,27,3424130,37,508807,70,3953647,2315,1256019,2879,2404,19663504,14474548,0
2023-02-09,479,7498080,349,6516085,3,592782,38,3424168,46,508853,98,3953745,2053,1258072,2707,2395.29,19666211,14475118,0
2023-02-10,495,7498575,389,6516474,2,592784,30,3424198,34,508887,88,3953833,2266,1260338,2953,2380.29,19669164,14475741,0
2023-02-11,297,7498872,197,6516671,7,592791,21,3424219,25,508912,47,3953880,1341,1261679,1661,2418.14,19670825,14476015,0
2023-02-12,181,7499053,81,6516752,0,592791,6,3424225,0,508912,10,3953890,703,1262382,815,2395.71,19671640,14476121,0
2023-02-13,445,7499498,293,6517045,4,592795,21,3424246,25,508937,50,3953940,1757,1264139,2317,2323,19673957,14476635,0
2023-02-14,397,7499895,273,6517318,6,592801,29,3424275,22,508959,56,3953996,1689,1265828,2219,2221.57,19676176,14477114,0
2023-02-15,405,7500300,290,6517608,10,592811,25,3424300,27,508986,64,3954060,1744,1267572,2261,2133.29,19678437,14477579,0
2023-02-16,360,7500660,244,6517852,5,592816,27,3424327,19,509005,51,3954111,1631,1269203,2106,2047.43,19680543,14478008,0
2023-02-17,398,7501058,310,6518162,5,592821,24,3424351,32,509037,63,3954174,1690,1270893,2260,1948.43,19682803,14478522,0
2023-02-18,201,7501259,115,6518277,5,592826,13,3424364,4,509041,18,3954192,1002,1271895,1188,1880.86,19683991,14478691,0
2023-02-19,120,7501379,55,6518332,2,592828,6,3424370,6,509047,14,3954206,541,1272436,610,1851.57,19684601,14478748,0
2023-02-20,314,7501693,160,6518492,3,592831,9,3424379,17,509064,27,3954233,1158,1273594,1420,1723.43,19686021,14478984,0
2023-02-21,378,7502071,284,6518776,5,592836,25,3424404,34,509098,64,3954297,1532,1275126,2066,1701.57,19688087,14479459,0
2023-02-22,392,7502463,275,6519051,8,592844,39,3424443,26,509124,69,3954366,1635,1276761,2159,1687,19690246,14479918,0
2023-02-23,386,7502849,250,6519301,10,592854,26,3424469,30,509154,70,3954436,1473,1278234,2013,1673.71,19692259,14480402,0
2023-02-24,366,7503215,325,6519626,4,592858,30,3424499,25,509179,62,3954498,1727,1279961,2287,1677.57,19694546,14480907,0
2023-02-25,163,7503378,122,6519748,2,592860,9,3424508,13,509192,24,3954522,776,1280737,970,1646.43,19695516,14481079,0
2023-02-26,92,7503470,45,6519793,0,592860,8,3424516,5,509197,17,3954539,468,1281205,532,1635.29,19696048,14481130,0
2023-02-27,375,7503845,295,6520088,4,592864,30,3424546,20,509217,53,3954592,1485,1282690,1999,1718,19698047,14481594,0
2023-02-28,354,7504199,238,6520326,8,592872,30,3424576,27,509244,62,3954654,1310,1284000,1790,1678.57,19699837,14482017,0
2023-03-01,389,7504588,281,6520607,6,592878,25,3424601,21,509265,52,3954706,1442,1285442,1969,1651.43,19701806,14482498,0
2023-03-02,369,7504957,292,6520899,9,592887,20,3424621,23,509288,50,3954756,1317,1286759,1855,1628.86,19703661,14482993,0
2023-03-03,394,7505351,316,6521215,10,592897,26,3424647,26,509314,58,3954814,1590,1288349,2172,1612.43,19705833,14483523,0
2023-03-04,197,7505548,121,6521336,4,592901,10,3424657,16,509330,28,3954842,790,1289139,1020,1619.57,19706853,14483727,0
2023-03-05,124,7505672,61,6521397,2,592903,4,3424661,6,509336,14,3954856,464,1289603,557,1623.14,19707410,14483810,0
2023-03-06,398,7506070,262,6521659,12,592915,23,3424684,16,509352,42,3954898,1377,1290980,1876,1605.57,19709286,14484270,0
2023-03-07,362,7506432,243,6521902,5,592920,22,3424706,29,509381,60,3954958,1301,1292281,1765,1602,19711051,14484683,0
2023-03-08,370,7506802,246,6522148,3,592923,33,3424739,29,509410,66,3955024,1334,1293615,1829,1582,19712880,14485116,0
2023-03-09,357,7507159,234,6522382,4,592927,16,3424755,24,509434,46,3955070,1248,1294863,1722,1563,19714602,14485550,0
2023-03-10,296,7507455,281,6522663,3,592930,9,3424764,19,509453,36,3955106,1378,1296241,1826,1513.57,19716428,14485970,0
2023-03-11,183,7507638,87,6522750,3,592933,18,3424782,3,509456,22,3955128,683,1296924,861,1490.86,19717289,14486127,0
2023-03-12,109,7507747,46,6522796,1,592934,4,3424786,7,509463,17,3955145,427,1297351,509,1484,19717798,14486198,0
2023-03-13,331,7508078,198,6522994,7,592941,11,3424797,13,509476,25,3955170,1126,1298477,1516,1432.57,19719314,14486564,0
2023-03-14,282,7508360,179,6523173,5,592946,15,3424812,11,509487,32,3955202,1057,1299534,1406,1381.29,19720720,14486887,0
2023-03-15,327,7508687,267,6523440,3,592949,9,3424821,13,509500,23,3955225,1221,1300755,1666,1358,19722386,14487310,0
2023-03-16,295,7508982,230,6523670,9,592958,13,3424834,14,509514,33,3955258,1119,1301874,1529,1330.43,19723915,14487693,0
2023-03-17,326,7509308,262,6523932,5,592963,20,3424854,8,509522,29,3955287,1257,1303131,1687,1310.57,19725602,14488095,0
2023-03-18,154,7509462,100,6524032,2,592965,9,3424863,5,509527,15,3955302,656,1303787,821,1304.86,19726423,14488246,0
2023-03-19,112,7509574,56,6524088,1,592966,3,3424866,3,509530,9,3955311,365,1304152,448,1296.14,19726871,14488323,0
2023-03-20,333,7509907,207,6524295,7,592973,30,3424896,15,509545,46,3955357,1207,1305359,1593,1307.14,19728464,14488664,0
2023-03-21,331,7510238,186,6524481,7,592980,21,3424917,17,509562,40,3955397,1105,1306464,1501,1320.71,19729965,14489022,0
2023-03-22,309,7510547,225,6524706,6,592986,12,3424929,11,509573,25,3955422,1120,1307584,1511,1298.57,19731476,14489390,0
2023-03-23,243,7510790,200,6524906,1,592987,18,3424947,12,509585,33,3955455,949,1308533,1319,1268.57,19732795,14489730,0
2023-03-24,303,7511093,252,6525158,8,592995,18,3424965,19,509604,40,3955495,1084,1309617,1539,1247.43,19734334,14490148,120000
2023-03-25,125,7511218,117,6525275,1,592996,7,3424972,10,509614,17,3955512,578,1310195,720,1233,19735054,14490273,120000
2023-03-26,81,7511299,40,6525315,2,592998,4,3424976,4,509618,9,3955521,344,1310539,403,1226.57,19735457,14490324,120000
2023-03-27,272,7511571,221,6525536,3,593001,13,3424989,12,509630,26,3955547,983,1311522,1357,1192.86,19736814,14490673,120000
2023-03-28,265,7511836,175,6525711,9,593010,19,3425008,10,509640,32,3955579,967,1312489,1304,1164.71,19738118,14490981,120000
2023-03-29,267,7512103,171,6525882,5,593015,12,3425020,10,509650,22,3955601,978,1313467,1294,1133.71,19739412,14491275,120000
2023-03-30,102,7512205,89,6525971,0,593015,13,3425033,6,509656,22,3955623,400,1313867,568,1026.43,19739980,14491424,120000
