"DATE","ADMIN_DOSE1_DAILY","ADMIN_DOSE1_CUMULATIVE","ADMIN_DOSE2_DAILY","ADMIN_DOSE2_CUMULATIVE","ADMIN_SINGLE_DAILY","ADMIN_SINGLE_CUMULATIVE","ADMIN_ADDITIONAL1_DAILY","ADMIN_ADDITIONAL1_CUMULATIVE","ADMIN_ADDITIONAL2_DAILY","ADMIN_ADDITIONAL2_CUMULATIVE","ADMIN_ADDITIONAL_DAILY","ADMIN_ADDITIONAL_CUMULATIVE","ADMIN_BIVALENT_ADDITIONAL_DAILY","ADMIN_BIVALENT_ADDITIONAL_CUMULATIVE","ADMIN_ALLDOSES_DAILY","ADMIN_ALLDOSES_7DAYAVG","ADMIN_ALLDOSES_CUMULATIVE","ADMIN_ALLDOSES_PRIMARY","INCOMPLETE"
2020-12-14,79,79,0,0,2,2,0,0,0,0,0,0,0,0,81,,81,81,0
2020-12-15,2052,2131,7,7,5,7,0,0,0,0,0,0,0,0,2064,,2145,2145,0
2020-12-16,4605,6736,16,23,4,11,1,1,0,0,1,1,0,0,4626,,6771,6770,0
2020-12-17,4661,11397,18,41,2,13,1,2,0,0,1,2,0,0,4682,,11453,11451,0
2020-12-18,5835,17232,19,60,2,15,2,4,0,0,2,4,0,0,5858,,17311,17307,0
2020-12-19,1688,18920,9,69,3,18,0,4,0,0,0,4,0,0,1700,,19011,19007,0
2020-12-20,1117,20037,2,71,1,19,0,4,0,0,0,4,0,0,1120,2875.86,20131,20127,0
2020-12-21,6389,26426,23,94,0,19,5,9,0,0,5,9,0,0,6417,3781,26548,26539,0
2020-12-22,9764,36190,29,123,2,21,1,10,0,0,1,10,0,0,9796,4885.57,36344,36334,0
2020-12-23,14276,50466,37,160,3,24,0,10,0,0,0,10,0,0,14316,6269.86,50660,50650,0
2020-12-24,7170,57636,28,188,1,25,0,10,0,0,0,10,0,0,7199,6629.43,57859,57849,0
2020-12-25,180,57816,0,188,0,25,1,11,0,0,1,11,0,0,181,5818.43,58040,58029,0
2020-12-26,4391,62207,47,235,0,25,1,12,0,0,1,12,0,0,4439,6209.71,62479,62467,0
2020-12-27,3870,66077,14,249,0,25,1,13,0,0,1,13,0,0,3885,6604.71,66364,66351,0
2020-12-28,10992,77069,51,300,1,26,3,16,0,0,3,16,0,0,11047,7266.14,77411,77395,0
2020-12-29,10712,87781,37,337,2,28,3,19,0,0,3,19,0,0,10754,7403,88165,88146,0
2020-12-30,12822,100603,44,381,0,28,0,19,0,0,0,19,0,0,12866,7195.86,101031,101012,0
2020-12-31,7259,107862,37,418,1,29,0,19,0,0,0,19,0,0,7297,7209.86,108328,108309,0
2021-01-01,178,108040,2,420,1,30,3,22,0,0,3,22,0,0,184,7210.29,108512,108490,0
2021-01-02,3809,111849,10,430,3,33,2,24,0,0,2,24,0,0,3824,7122.43,112336,112312,0
2021-01-03,3542,115391,24,454,2,35,1,25,0,0,1,25,0,0,3569,7077.29,115905,115880,0
2021-01-04,12252,127643,810,1264,2,37,7,32,0,0,7,32,0,0,13071,7366.43,128976,128944,0
2021-01-05,14089,141732,2197,3461,2,39,14,46,1,1,15,47,0,0,16303,8159.14,145279,145232,0
2021-01-06,17796,159528,3930,7391,1,40,31,77,8,9,39,86,0,0,21766,9430.57,167045,166959,0
2021-01-07,16539,176067,5182,12573,4,44,47,124,3,12,50,136,0,0,21775,11498.86,188820,188684,0
2021-01-08,16609,192676,5462,18035,0,44,36,160,4,16,40,176,0,0,22111,14631.29,210931,210755,0
2021-01-09,7649,200325,1465,19500,1,45,7,167,2,18,9,185,0,0,9124,15388.43,220055,219870,0
2021-01-10,7879,208204,979,20479,0,45,14,181,0,18,14,199,0,0,8872,16146,228927,228728,0
2021-01-11,25809,234013,7459,27938,2,47,56,237,8,26,64,263,0,0,33334,19040.71,262261,261998,0
2021-01-12,28243,262256,7866,35804,1,48,46,283,4,30,50,313,0,0,36160,21877.43,298421,298108,0
2021-01-13,31705,293961,9420,45224,1,49,59,342,5,35,64,377,0,0,41190,24652.29,339611,339234,0
2021-01-14,35799,329760,5300,50524,1,50,35,377,7,42,42,419,0,0,41142,27419,380753,380334,0
2021-01-15,29249,359009,3715,54239,2,52,32,409,5,47,37,456,0,0,33003,28975,413756,413300,0
2021-01-16,30266,389275,2396,56635,0,52,24,433,6,53,30,486,0,0,32692,32341.86,446448,445962,0
2021-01-17,23730,413005,1645,58280,0,52,20,453,1,54,21,507,0,0,25396,34702.43,471844,471337,0
2021-01-18,27087,440092,2426,60706,0,52,37,490,7,61,44,551,0,0,29558,34163,501402,500851,0
2021-01-19,34275,474367,9640,70346,1,53,72,562,7,68,79,630,0,0,43995,35282.29,545397,544767,0
2021-01-20,34852,509219,9503,79849,1,54,62,624,3,71,65,695,0,0,44421,35743.86,589818,589123,0
2021-01-21,25577,534796,8097,87946,2,56,55,679,5,76,60,755,0,0,33736,34685.86,623554,622799,0
2021-01-22,24743,559539,4387,92333,1,57,31,710,7,83,38,793,0,0,29169,34138.14,652723,651930,0
2021-01-23,15740,575279,3224,95557,0,57,12,722,2,85,14,807,0,0,18978,32179,671701,670894,0
2021-01-24,7174,582453,3458,99015,0,57,19,741,1,86,20,827,0,0,10652,30072.71,682353,681526,0
2021-01-25,13400,595853,11828,110843,0,57,68,809,13,99,81,908,0,0,25309,29465.71,707662,706754,0
2021-01-26,16748,612601,10765,121608,0,57,69,878,4,103,74,982,0,0,27587,27121.71,735249,734268,0
2021-01-27,20829,633430,12357,133965,0,57,53,931,9,112,62,1044,0,0,33250,25525.86,768499,767456,0
2021-01-28,30749,664179,12858,146823,0,57,82,1013,16,128,98,1142,0,0,43708,26950.43,812207,811066,0
2021-01-29,31676,695855,11512,158335,0,57,84,1097,11,139,95,1237,0,0,43283,28966.71,855490,854254,0
2021-01-30,18705,714560,3744,162079,0,57,22,1119,2,141,25,1262,0,0,22474,29466.14,877964,876704,0
2021-01-31,13006,727566,2928,165007,1,58,30,1149,5,146,35,1297,0,0,15970,30225.86,893934,892639,0
2021-02-01,1180,728746,5401,170408,4,62,36,1185,4,150,40,1337,0,0,6625,27556.71,900559,899224,0
2021-02-02,2822,731568,9443,179851,2,64,52,1237,4,154,56,1393,0,0,12323,25376.14,912882,911491,0
2021-02-03,16342,747910,21237,201088,4,68,213,1450,22,176,235,1628,0,0,37818,26028.71,950700,949074,0
2021-02-04,27034,774944,19651,220739,3,71,210,1660,10,186,220,1848,0,0,46908,26485.86,997608,995762,0
2021-02-05,27576,802520,20031,240770,0,71,194,1854,15,201,210,2058,0,0,47817,27133.57,1045425,1043370,0
2021-02-06,22974,825494,11252,252022,0,71,116,1970,12,213,128,2186,0,0,34354,28830.71,1079779,1077596,0
2021-02-07,12030,837524,8284,260306,1,72,97,2067,13,226,111,2297,0,0,20426,29467.29,1100205,1097912,0
2021-02-08,16940,854464,23525,283831,2,74,239,2306,35,261,275,2572,0,0,40742,34341.14,1140947,1138380,0
2021-02-09,17321,871785,28088,311919,2,76,355,2661,43,304,401,2973,0,0,45812,39125.29,1186759,1183794,0
2021-02-10,19584,891369,29303,341222,2,78,268,2929,52,356,324,3297,0,0,49214,40753.29,1235973,1232688,0
2021-02-11,27830,919199,33459,374681,2,80,352,3281,58,414,410,3707,0,0,61703,42866.86,1297676,1293981,0
2021-02-12,38352,957551,30812,405493,3,83,361,3642,41,455,403,4110,0,0,69570,45974.43,1367246,1363149,0
2021-02-13,27987,985538,25312,430805,2,85,314,3956,57,512,372,4482,0,0,53674,48734.43,1420920,1416452,0
2021-02-14,16260,1001798,23721,454526,0,85,279,4235,35,547,314,4796,0,0,40295,51572.86,1461215,1456433,0
2021-02-15,12791,1014589,10527,465053,2,87,178,4413,24,571,203,4999,0,0,23523,49113,1484738,1479754,0
2021-02-16,14233,1028822,26706,491759,0,87,344,4757,41,612,386,5385,0,0,41325,48472,1526063,1520694,0
2021-02-17,16381,1045203,22195,513954,1,88,287,5044,41,653,328,5713,0,0,38905,46999.29,1564968,1559271,0
2021-02-18,12138,1057341,24981,538935,21,109,304,5348,46,699,350,6063,0,0,37490,43540.29,1602458,1596411,0
2021-02-19,13240,1070581,23925,562860,38,147,315,5663,49,748,364,6427,0,0,37567,38968.43,1640025,1633614,0
2021-02-20,11346,1081927,26068,588928,7,154,337,6000,78,826,417,6844,0,0,37839,36706.29,1677864,1671038,0
2021-02-21,6357,1088284,17408,606336,15,169,296,6296,46,872,343,7187,0,0,24123,34396,1701987,1694819,0
2021-02-22,13047,1101331,11831,618167,2,171,134,6430,20,892,154,7341,0,0,25034,34611.86,1727021,1719699,0
2021-02-23,25240,1126571,14136,632303,1,172,165,6595,36,928,202,7543,0,0,39580,34362.57,1766601,1759078,0
2021-02-24,36337,1162908,20397,652700,0,172,232,6827,42,970,275,7818,0,0,57009,36948.86,1823610,1815813,0
2021-02-25,54575,1217483,30402,683102,6,178,409,7236,64,1034,474,8292,0,0,85457,43801.29,1909067,1900797,0
2021-02-26,62827,1280310,31874,714976,4,182,421,7657,78,1112,502,8794,0,0,95207,52035.57,2004274,1995505,0
2021-02-27,51262,1331572,22752,737728,47,229,353,8010,53,1165,407,9201,0,0,74468,57268.29,2078742,2069567,0
2021-02-28,44557,1376129,13845,751573,7,236,206,8216,37,1202,243,9444,0,0,58652,62201,2137394,2127976,0
2021-03-01,39304,1415433,12783,764356,10,246,171,8387,24,1226,195,9639,0,0,52292,66095,2189686,2180073,0
2021-03-02,47073,1462506,12582,776938,7,253,158,8545,14,1240,172,9811,0,0,59834,68988.43,2249520,2239735,0
2021-03-03,48590,1511096,16153,793091,17,270,155,8700,21,1261,176,9987,0,0,64936,70120.86,2314456,2304495,0
2021-03-04,59801,1570897,22813,815904,1092,1362,278,8978,37,1298,316,10303,0,0,84022,69915.86,2398478,2388202,0
2021-03-05,60951,1631848,24289,840193,3107,4469,337,9315,36,1334,375,10678,0,0,88722,68989.43,2487200,2476551,0
2021-03-06,47152,1679000,18881,859074,5451,9920,245,9560,42,1376,287,10965,0,0,71771,68604.14,2558971,2548035,0
2021-03-07,36023,1715023,14883,873957,6244,16164,238,9798,21,1397,261,11226,0,0,57411,68426.86,2616382,2605187,0
2021-03-08,39607,1754630,14684,888641,8558,24722,320,10118,92,1489,417,11643,0,0,63266,69994.57,2679648,2668041,0
2021-03-09,39083,1793713,12859,901500,7759,32481,184,10302,35,1524,220,11863,0,0,59921,70007,2739569,2727743,0
2021-03-10,51812,1845525,15362,916862,5064,37545,230,10532,34,1558,266,12129,0,0,72504,71088.14,2812073,2799983,0
2021-03-11,59960,1905485,21825,938687,4619,42164,258,10790,48,1606,308,12437,0,0,86712,71472.43,2898785,2886389,0
2021-03-12,52174,1957659,30305,968992,4182,46346,390,11180,86,1692,476,12913,0,0,87137,71246,2985922,2973050,0
2021-03-13,40636,1998295,26684,995676,5110,51456,334,11514,54,1746,388,13301,0,0,72819,71395.71,3058741,3045481,0
2021-03-14,30696,2028991,15974,1011650,4523,55979,250,11764,28,1774,280,13581,0,0,51474,70547.57,3110215,3096677,0
2021-03-15,33717,2062708,17258,1028908,4705,60684,242,12006,33,1807,275,13856,0,0,55955,69503.14,3166170,3152357,0
2021-03-16,38658,2101366,20517,1049425,4925,65609,264,12270,36,1843,301,14157,0,0,64401,70143.14,3230571,3216458,0
2021-03-17,42600,2143966,24788,1074213,4243,69852,353,12623,41,1884,395,14552,0,0,72026,70074.86,3302597,3288090,0
2021-03-18,50413,2194379,26807,1101020,5228,75080,386,13009,64,1948,450,15002,0,0,82898,69530,3385495,3370538,0
2021-03-19,47766,2242145,29967,1130987,5623,80703,404,13413,73,2021,477,15479,0,0,83834,69058.14,3469329,3453895,0
2021-03-20,38694,2280839,25832,1156819,4683,85386,307,13720,60,2081,368,15847,0,0,69577,68595,3538906,3523105,0
2021-03-21,29285,2310124,19357,1176176,769,86155,230,13950,44,2125,274,16121,0,0,49685,68339.43,3588591,3572516,0
2021-03-22,33849,2343973,26753,1202929,4037,90192,261,14211,39,2164,301,16422,0,0,64941,69623.14,3653532,3637157,0
2021-03-23,38414,2382387,32849,1235778,4215,94407,303,14514,54,2218,361,16783,0,0,75839,71257.14,3729371,3712639,0
2021-03-24,41470,2423857,37616,1273394,4843,99250,339,14853,64,2282,406,17189,0,0,84335,73015.57,3813706,3796571,0
2021-03-25,43388,2467245,50781,1324175,5050,104300,491,15344,90,2372,585,17774,0,0,99804,75430.71,3913510,3895794,0
2021-03-26,38488,2505733,55493,1379668,4307,108607,547,15891,103,2475,654,18428,0,0,98942,77589,4012452,3994086,0
2021-03-27,35725,2541458,45738,1425406,2938,111545,436,16327,86,2561,523,18951,0,0,84924,79781.43,4097376,4078488,0
2021-03-28,26373,2567831,34454,1459860,1482,113027,344,16671,66,2627,414,19365,0,0,62723,81644,4160099,4140801,0
2021-03-29,34805,2602636,38858,1498718,3244,116271,361,17032,114,2741,476,19841,0,0,77383,83421.43,4237482,4217709,0
2021-03-30,40488,2643124,41922,1540640,3712,119983,350,17382,66,2807,417,20258,0,0,86539,84950,4324021,4303832,0
2021-03-31,49367,2692491,44878,1585518,7438,127421,418,17800,85,2892,503,20761,0,0,102186,87500.14,4426207,4405515,0
2021-04-01,50760,2743251,53950,1639468,11272,138693,510,18310,85,2977,599,21360,0,0,116581,89896.86,4542788,4521501,0
2021-04-02,43749,2787000,53871,1693339,11967,150660,560,18870,72,3049,637,21997,0,0,110224,91508.57,4653012,4631093,0
2021-04-03,39235,2826235,39213,1732552,9860,160520,343,19213,62,3111,406,22403,0,0,88714,92050,4741726,4719402,0
2021-04-04,26548,2852783,24777,1757329,3902,164422,232,19445,51,3162,283,22686,0,0,55510,91019.57,4797236,4774629,0
2021-04-05,41861,2894644,34481,1791810,11195,175617,391,19836,61,3223,453,23139,0,0,87990,92534.86,4885226,4862167,0
2021-04-06,53243,2947887,35614,1827424,13215,188832,446,20282,79,3302,526,23665,0,0,102598,94829,4987824,4964240,0
2021-04-07,55478,3003365,40707,1868131,14384,203216,415,20697,83,3385,500,24165,0,0,111069,96098,5098893,5074811,0
2021-04-08,59236,3062601,46584,1914715,16337,219553,538,21235,87,3472,626,24791,0,0,122783,96984,5221676,5196969,0
2021-04-09,56627,3119228,44950,1959665,17556,237109,540,21775,80,3552,625,25416,0,0,119758,98346,5341434,5316107,0
2021-04-10,49331,3168559,35641,1995306,12718,249827,402,22177,62,3614,468,25884,0,0,98158,99695.14,5439592,5413801,0
2021-04-11,38159,3206718,28825,2024131,7679,257506,298,22475,62,3676,362,26246,0,0,75025,102483,5514617,5488466,0
2021-04-12,46621,3253339,31837,2055968,13495,271001,477,22952,69,3745,546,26792,0,0,92499,103127.14,5607116,5580419,0
2021-04-13,52535,3305874,33796,2089764,369,271370,403,23355,64,3809,468,27260,0,0,87168,100922.86,5694284,5667120,0
2021-04-14,50131,3356005,39957,2129721,20,271390,371,23726,79,3888,451,27711,0,0,90559,97992.86,5784843,5757229,0
2021-04-15,52107,3408112,43691,2173412,16,271406,462,24188,107,3995,574,28285,0,0,96389,94222.29,5881232,5853049,0
2021-04-16,51178,3459290,42202,2215614,32,271438,444,24632,72,4067,519,28804,0,0,93931,90532.71,5975163,5946464,0
2021-04-17,43826,3503116,35692,2251306,3,271441,372,25004,85,4152,459,29263,0,0,79980,87935.86,6055143,6025987,0
2021-04-18,28595,3531711,29363,2280669,7,271448,265,25269,65,4217,331,29594,0,0,58296,85546,6113439,6083953,0
2021-04-19,37447,3569158,36451,2317120,22,271470,338,25607,68,4285,408,30002,0,0,74328,82950.14,6187767,6157875,0
2021-04-20,40798,3609956,39625,2356745,19,271489,320,25927,83,4368,404,30406,0,0,80846,82047,6268613,6238318,0
2021-04-21,38877,3648833,46025,2402770,17,271506,507,26434,98,4466,606,31012,0,0,85525,81327.86,6354138,6323238,0
2021-04-22,38478,3687311,48962,2451732,9,271515,350,26784,78,4544,430,31442,0,0,87880,80112.29,6442018,6410690,0
2021-04-23,39684,3726995,44387,2496119,3,271518,358,27142,75,4619,435,31877,0,0,84509,78766.29,6526527,6494766,0
2021-04-24,31925,3758920,41605,2537724,44,271562,287,27429,62,4681,350,32227,0,0,73924,77901.14,6600451,6568341,0
2021-04-25,18413,3777333,31219,2568943,87,271649,203,27632,61,4742,264,32491,0,0,49983,76713.57,6650434,6618060,0
2021-04-26,26955,3804288,40721,2609664,1012,272661,306,27938,93,4835,404,32895,0,0,69092,75965.57,6719526,6686753,0
2021-04-27,28554,3832842,47130,2656794,1697,274358,375,28313,96,4931,476,33371,0,0,77857,75538.57,6797383,6764139,0
2021-04-28,27009,3859851,56843,2713637,2146,276504,450,28763,100,5031,553,33924,0,0,86552,75685.29,6883935,6850141,0
2021-04-29,28586,3888437,57204,2770841,2149,278653,378,29141,100,5131,480,34404,0,0,88419,75762.29,6972354,6938082,0
2021-04-30,30101,3918538,51993,2822834,2059,280712,293,29434,76,5207,370,34774,0,0,84524,75764.43,7056878,7022237,0
2021-05-01,22474,3941012,44538,2867372,1177,281889,236,29670,65,5272,303,35077,0,0,68492,74988.43,7125370,7090428,0
2021-05-02,11916,3952928,36641,2904013,1081,282970,153,29823,56,5328,211,35288,0,0,49849,74969.29,7175219,7140068,0
2021-05-03,18008,3970936,53025,2957038,2381,285351,266,30089,92,5420,360,35648,0,0,73776,75638.43,7248995,7213486,0
2021-05-04,22728,3993664,56643,3013681,2331,287682,275,30364,116,5536,392,36040,0,0,82094,76243.71,7331089,7295189,0
2021-05-05,21474,4015138,48753,3062434,2313,289995,318,30682,104,5640,423,36463,0,0,72964,74302.57,7404053,7367731,0
2021-05-06,20670,4035808,50176,3112610,2507,292502,283,30965,92,5732,379,36842,0,0,73732,72204.43,7477785,7441088,0
2021-05-07,21233,4057041,52105,3164715,2812,295314,320,31285,79,5811,400,37242,0,0,76550,71065.29,7554335,7517239,0
2021-05-08,16619,4073660,41865,3206580,1835,297149,237,31522,72,5883,309,37551,0,0,60628,69941.86,7614963,7577558,0
2021-05-09,7969,4081629,29404,3235984,1260,298409,154,31676,57,5940,211,37762,0,0,38844,68369.71,7653807,7616191,0
2021-05-10,14375,4096004,38522,3274506,2356,300765,252,31928,93,6033,349,38111,0,0,55602,65773.43,7709409,7671448,0
2021-05-11,19897,4115901,43063,3317569,2513,303278,290,32218,88,6121,383,38494,0,0,65856,63453.71,7775265,7736926,0
2021-05-12,17811,4133712,40539,3358108,3595,306873,240,32458,80,6201,320,38814,0,0,62265,61925.29,7837530,7798871,0
2021-05-13,24959,4158671,40421,3398529,3229,310102,272,32730,81,6282,355,39169,0,0,68964,61244.14,7906494,7867482,0
2021-05-14,27003,4185674,42946,3441475,3536,313638,276,33006,95,6377,373,39542,0,0,73858,60859.57,7980352,7940969,0
2021-05-15,23638,4209312,34921,3476396,3364,317002,261,33267,75,6452,337,39879,0,0,62260,61092.71,8042612,8002893,0
2021-05-16,15519,4224831,19456,3495852,2496,319498,123,33390,47,6499,171,40050,0,0,37642,60921,8080254,8040365,0
2021-05-17,22665,4247496,29139,3524991,3253,322751,188,33578,71,6570,259,40309,0,0,55316,60880.14,8135570,8095422,0
2021-05-18,24615,4272111,31906,3556897,3402,326153,245,33823,83,6653,328,40637,0,0,60251,60079.43,8195821,8155345,0
2021-05-19,24176,4296287,29724,3586621,3041,329194,233,34056,49,6702,283,40920,0,0,57224,59359.29,8253045,8212287,0
2021-05-20,24135,4320422,30103,3616724,3163,332357,272,34328,89,6791,366,41286,0,0,57767,57759.71,8310812,8269693,0
2021-05-21,24665,4345087,32005,3648729,3057,335414,251,34579,61,6852,315,41601,0,0,60042,55786,8370854,8329423,0
2021-05-22,20014,4365101,24372,3673101,2523,337937,167,34746,48,6900,216,41817,0,0,47125,53623.86,8417979,8376333,0
2021-05-23,11226,4376327,13734,3686835,1411,339348,94,34840,32,6932,128,41945,0,0,26499,52032,8444478,8402706,0
2021-05-24,18859,4395186,23163,3709998,2757,342105,222,35062,55,6987,280,42225,0,0,45059,50566.71,8489537,8447488,0
2021-05-25,19422,4414608,23384,3733382,2601,344706,177,35239,59,7046,236,42461,0,0,45643,48479.86,8535180,8492895,0
2021-05-26,18775,4433383,21090,3754472,2698,347404,204,35443,49,7095,255,42716,0,0,42818,46421.86,8577998,8535460,0
2021-05-27,18455,4451838,21282,3775754,2531,349935,182,35625,62,7157,245,42961,0,0,42513,44242.71,8620511,8577729,0
2021-05-28,17854,4469692,22879,3798633,2751,352686,191,35816,59,7216,251,43212,0,0,43735,41913.14,8664246,8621214,0
2021-05-29,12703,4482395,17815,3816448,1754,354440,106,35922,39,7255,146,43358,0,0,32418,39812.14,8696664,8653487,0
2021-05-30,7025,4489420,8951,3825399,1074,355514,49,35971,16,7271,65,43423,0,0,17115,38471.57,8713779,8670537,0
2021-05-31,4740,4494160,6922,3832321,1011,356525,65,36036,18,7289,83,43506,0,0,12756,33856.86,8726535,8683210,0
2021-06-01,16047,4510207,25190,3857511,2177,358702,158,36194,42,7331,204,43710,0,0,43618,33567.57,8770153,8726628,0
2021-06-02,15351,4525558,20400,3877911,2095,360797,141,36335,47,7378,188,43898,0,0,38034,32884.14,8808187,8764474,0
2021-06-03,14996,4540554,23823,3901734,2280,363077,132,36467,45,7423,179,44077,0,0,41278,32707.71,8849465,8805575,0
2021-06-04,14708,4555262,26000,3927734,2492,365569,152,36619,42,7465,195,44272,0,0,43395,32659.14,8892860,8848776,0
2021-06-05,10980,4566242,22103,3949837,1806,367375,115,36734,29,7494,145,44417,0,0,35034,33032.86,8927894,8883666,0
2021-06-06,6443,4572685,14485,3964322,1222,368597,89,36823,13,7507,103,44520,0,0,22253,33766.86,8950147,8905817,0
2021-06-07,11695,4584380,21790,3986112,2378,370975,143,36966,37,7544,183,44703,0,0,36046,37094,8986193,8941683,0
2021-06-08,12624,4597004,24021,4010133,2071,373046,127,37093,46,7590,174,44877,0,0,38890,36418.57,9025083,8980400,0
2021-06-09,11125,4608129,23028,4033161,2300,375346,139,37232,42,7632,183,45060,0,0,36636,36218.86,9061719,9016855,0
2021-06-10,12054,4620183,22241,4055402,2462,377808,142,37374,60,7692,202,45262,0,0,36959,35601.86,9098678,9053612,0
2021-06-11,12696,4632879,25126,4080528,2483,380291,159,37533,62,7754,222,45484,0,0,40527,35192.14,9139205,9093918,0
2021-06-12,10158,4643037,19318,4099846,1888,382179,97,37630,43,7797,142,45626,0,0,31506,34688.14,9170711,9125284,0
2021-06-13,4251,4647288,10938,4110784,1219,383398,42,37672,21,7818,63,45689,0,0,16471,33862.14,9187182,9141692,0
2021-06-14,10203,4657491,19240,4130024,2041,385439,132,37804,53,7871,185,45874,0,0,31669,33236.86,9218851,9173176,0
2021-06-15,11880,4669371,21020,4151044,1942,387381,131,37935,41,7912,173,46047,0,0,35015,32683.29,9253866,9208019,0
2021-06-16,11581,4680952,19404,4170448,1956,389337,149,38084,74,7986,223,46270,0,0,33164,32187.29,9287030,9240960,0
2021-06-17,11019,4691971,18761,4189209,1973,391310,128,38212,35,8021,165,46435,0,0,31918,31467.14,9318948,9272715,0
2021-06-18,12166,4704137,18493,4207702,2115,393425,121,38333,37,8058,159,46594,0,0,32933,30382.29,9351881,9305490,0
2021-06-19,8492,4712629,13518,4221220,1459,394884,88,38421,21,8079,109,46703,0,0,23578,29249.71,9375459,9328959,0
2021-06-20,4333,4716962,7160,4228380,924,395808,37,38458,16,8095,53,46756,0,0,12470,28678.14,9387929,9341376,0
2021-06-21,10153,4727115,10013,4238393,1806,397614,72,38530,28,8123,101,46857,0,0,22073,27307.29,9410002,9363349,0
2021-06-22,9829,4736944,15647,4254040,1588,399202,106,38636,30,8153,136,46993,0,0,27200,26190.86,9437202,9390413,0
2021-06-23,10306,4747250,15189,4269229,1862,401064,104,38740,31,8184,136,47129,0,0,27493,25380.71,9464695,9417771,0
2021-06-24,9682,4756932,14702,4283931,1798,402862,123,38863,26,8210,151,47280,0,0,26333,24582.86,9491028,9443955,0
2021-06-25,10584,4767516,14387,4298318,1720,404582,117,38980,38,8248,155,47435,0,0,26846,23713.29,9517874,9470646,0
2021-06-26,7797,4775313,10465,4308783,1249,405831,78,39058,23,8271,102,47537,0,0,19613,23146.86,9537487,9490158,0
2021-06-27,4998,4780311,6001,4314784,795,406626,34,39092,15,8286,50,47587,0,0,11844,23057.43,9549331,9501953,0
2021-06-28,9032,4789343,10347,4325131,1526,408152,110,39202,26,8312,137,47724,0,0,21042,22910.14,9570373,9522859,0
2021-06-29,9730,4799073,12333,4337464,1347,409499,126,39328,33,8345,160,47884,0,0,23570,22391.57,9593943,9546270,0
2021-06-30,9425,4808498,10933,4348397,1486,410985,150,39478,18,8363,171,48055,0,0,22015,21609,9615958,9568117,0
2021-07-01,9393,4817891,10925,4359322,1434,412419,133,39611,25,8388,160,48215,0,0,21912,20977.43,9637870,9589871,0
2021-07-02,9688,4827579,11457,4370779,1541,413960,119,39730,22,8410,141,48356,0,0,22828,20403.43,9660698,9612558,0
2021-07-03,7056,4834635,8422,4379201,1192,415152,79,39809,17,8427,96,48452,0,0,16766,19996.71,9677464,9629228,0
2021-07-04,1288,4835923,1334,4380535,567,415719,10,39819,3,8430,13,48465,0,0,3202,18762.14,9680666,9632417,0
2021-07-05,6492,4842415,7108,4387643,1207,416926,67,39886,22,8452,89,48554,0,0,14896,17884.14,9695562,9647224,0
2021-07-06,9508,4851923,12854,4400497,1315,418241,117,40003,38,8490,156,48710,0,0,23833,17921.71,9719395,9670902,0
2021-07-07,8661,4860584,11110,4411607,1418,419659,128,40131,21,8511,149,48859,0,0,21338,17825,9740733,9692091,0
2021-07-08,8217,4868801,10195,4421802,1258,420917,108,40239,22,8533,132,48991,0,0,19802,17523.57,9760535,9711763,0
2021-07-09,8370,4877171,10834,4432636,1280,422197,90,40329,20,8553,110,49101,0,0,20594,17204.43,9781129,9732247,0
2021-07-10,7099,4884270,8636,4441272,1131,423328,67,40396,20,8573,88,49189,0,0,16954,17231.29,9798083,9749114,0
2021-07-11,4104,4888374,4538,4445810,701,424029,39,40435,6,8579,45,49234,0,0,9388,18115,9807471,9758457,0
2021-07-12,8447,4896821,9564,4455374,1251,425280,84,40519,23,8602,107,49341,0,0,19369,18754,9826840,9777719,0
2021-07-13,9458,4906279,9393,4464767,952,426232,109,40628,35,8637,146,49487,0,0,19949,18199.14,9846789,9797524,0
2021-07-14,8993,4915272,9536,4474303,1010,427242,107,40735,22,8659,133,49620,0,0,19672,17961.14,9866461,9817067,0
2021-07-15,8793,4924065,9157,4483460,1052,428294,83,40818,20,8679,104,49724,0,0,19106,17861.71,9885567,9836070,0
2021-07-16,9247,4933312,9763,4493223,981,429275,102,40920,29,8708,131,49855,0,0,20122,17794.29,9905689,9856061,0
2021-07-17,6838,4940150,7387,4500610,803,430078,80,41000,20,8728,100,49955,0,0,15128,17533.43,9920817,9871089,0
2021-07-18,4253,4944403,4285,4504895,575,430653,36,41036,14,8742,50,50005,0,0,9163,17501.29,9929980,9880202,0
2021-07-19,9120,4953523,8483,4513378,999,431652,93,41129,22,8764,116,50121,0,0,18718,17408.29,9948698,9898805,0
2021-07-20,10641,4964164,8761,4522139,991,432643,96,41225,25,8789,122,50243,0,0,20515,17489.14,9969213,9919199,0
2021-07-21,10053,4974217,8772,4530911,904,433547,149,41374,33,8822,182,50425,0,0,19911,17523.29,9989124,9938928,0
2021-07-22,10686,4984903,8584,4539495,1046,434593,146,41520,27,8849,174,50599,0,0,20490,17721,10009614,9959245,0
2021-07-23,11247,4996150,8887,4548382,1114,435707,139,41659,23,8872,164,50763,0,0,21412,17905.29,10031026,9980495,0
2021-07-24,7399,5003549,6739,4555121,670,436377,82,41741,26,8898,109,50872,0,0,14917,17875.14,10045943,9995304,0
2021-07-25,5471,5009020,2130,4557251,509,436886,58,41799,4,8902,62,50934,0,0,8172,17733.57,10054115,10003414,0
2021-07-26,10865,5019885,7009,4564260,856,437742,112,41911,20,8922,132,51066,0,0,18862,17754.14,10072977,10022144,0
2021-07-27,12064,5031949,8572,4572832,856,438598,138,42049,41,8963,180,51246,0,0,21672,17919.43,10094649,10043637,0
2021-07-28,12011,5043960,8053,4580885,950,439548,136,42185,29,8992,166,51412,0,0,21180,18100.71,10115829,10064652,0
2021-07-29,10928,5054888,7432,4588317,983,440531,136,42321,41,9033,181,51593,0,0,19524,17962.71,10135353,10083999,0
2021-07-30,14948,5069836,8016,4596333,1151,441682,186,42507,32,9065,220,51813,0,0,24335,18380.29,10159688,10108116,0
2021-07-31,9719,5079555,6322,4602655,815,442497,122,42629,20,9085,143,51956,0,0,16999,18677.71,10176687,10124973,0
2021-08-01,6498,5086053,3313,4605968,564,443061,81,42710,21,9106,102,52058,0,0,10477,19007,10187164,10135348,0
2021-08-02,13447,5099500,7154,4613122,846,443907,150,42860,19,9125,169,52227,0,0,21616,19400.43,10208780,10156795,0
2021-08-03,15405,5114905,8392,4621514,1109,445016,144,43004,39,9164,184,52411,0,0,25090,19888.71,10233870,10181702,0
2021-08-04,17258,5132163,8131,4629645,1454,446470,183,43187,36,9200,219,52630,0,0,27062,20729,10260932,10208545,0
2021-08-05,17884,5150047,7933,4637578,1371,447841,160,43347,21,9221,181,52811,0,0,27369,21849.71,10288301,10235733,0
2021-08-06,18173,5168220,8419,4645997,1231,449072,170,43517,32,9253,202,53013,0,0,28025,22376.86,10316326,10263556,0
2021-08-07,13378,5181598,6018,4652015,799,449871,103,43620,29,9282,132,53145,0,0,20327,22852.29,10336653,10283751,0
2021-08-08,9308,5190906,3834,4655849,400,450271,84,43704,10,9292,94,53239,0,0,13636,23303.57,10350289,10297293,0
2021-08-09,21333,5212239,8532,4664381,965,451236,175,43879,34,9326,210,53449,0,0,31040,24649.86,10381329,10328124,0
2021-08-10,18945,5231184,9333,4673714,946,452182,180,44059,33,9359,214,53663,0,0,29438,25271,10410767,10357349,0
2021-08-11,15642,5246826,8313,4682027,853,453035,132,44191,45,9404,178,53841,0,0,24986,24974.43,10435753,10382158,0
2021-08-12,15051,5261877,8989,4691016,942,453977,179,44370,35,9439,216,54057,0,0,25198,24664.29,10460951,10407142,0
2021-08-13,14916,5276793,9292,4700308,919,454896,247,44617,38,9477,286,54343,0,0,25414,24291.29,10486365,10432271,0
2021-08-14,10393,5287186,6411,4706719,625,455521,536,45153,41,9518,580,54923,0,0,18009,23960.14,10504374,10449703,0
2021-08-15,6688,5293874,4485,4711204,676,456197,567,45720,33,9551,604,55527,0,0,12453,23791.14,10516827,10461556,0
2021-08-16,15705,5309579,9308,4720512,1149,457346,1329,47049,66,9617,1400,56927,0,0,27562,23294.29,10544389,10487723,0
2021-08-17,17757,5327336,10459,4730971,1229,458575,1775,48824,85,9702,1875,58802,0,0,31320,23563.14,10575709,10517183,0
2021-08-18,17480,5344816,10382,4741353,1261,459836,2001,50825,91,9793,2103,60905,0,0,31226,24454.57,10606935,10546317,0
2021-08-19,16284,5361100,9531,4750884,1315,461151,1961,52786,67,9860,2041,62946,0,0,29171,25022.14,10636106,10573460,0
2021-08-20,16263,5377363,11542,4762426,1252,462403,1869,54655,86,9946,1969,64915,0,0,31026,25823.86,10667132,10602531,0
2021-08-21,11142,5388505,8041,4770467,878,463281,1066,55721,53,9999,1126,66041,0,0,21187,26277.86,10688319,10622599,0
2021-08-22,4077,5392582,3903,4774370,261,463542,519,56240,32,10031,555,66596,0,0,8796,25755.43,10697115,10630844,0
2021-08-23,15573,5408155,11811,4786181,1022,464564,1551,57791,77,10108,1642,68238,0,0,30049,26110.71,10727164,10659265,0
2021-08-24,16913,5425068,12596,4798777,1007,465571,1777,59568,81,10189,1866,70104,0,0,32382,26262.43,10759546,10689789,0
2021-08-25,14564,5439632,12455,4811232,1112,466683,1569,61137,82,10271,1666,71770,0,0,29797,26058.29,10789343,10717935,0
2021-08-26,16146,5455778,14100,4825332,1071,467754,1780,62917,70,10341,1862,73632,0,0,33179,26630.86,10822522,10749264,0
2021-08-27,14873,5470651,14826,4840158,971,468725,1677,64594,75,10416,1760,75392,0,0,32430,26831.43,10854952,10779942,0
2021-08-28,10674,5481325,11524,4851682,835,469560,1020,65614,46,10462,1067,76459,0,0,24100,27247.57,10879052,10802976,0
2021-08-29,7209,5488534,7498,4859180,541,470101,782,66396,58,10520,849,77308,0,0,16097,28290.57,10895149,10818233,0
2021-08-30,15511,5504045,16927,4876107,1076,471177,1799,68195,94,10614,1901,79209,0,0,35415,29057.14,10930564,10851755,0
2021-08-31,15502,5519547,15961,4892068,951,472128,1982,70177,90,10704,2082,81291,0,0,34496,29359.14,10965060,10884179,0
2021-09-01,14825,5534372,14111,4906179,1020,473148,1815,71992,62,10766,1887,83178,0,0,31843,29651.43,10996903,10914145,0
2021-09-02,14311,5548683,12525,4918704,896,474044,1716,73708,64,10830,1796,84974,0,0,29528,29129.86,11026431,10941893,0
2021-09-03,14996,5563679,14316,4933020,974,475018,1902,75610,72,10902,1980,86954,0,0,32266,29106.43,11058697,10972185,0
2021-09-04,9643,5573322,9405,4942425,688,475706,979,76589,34,10936,1018,87972,0,0,20754,28628.43,11079451,10991926,0
2021-09-05,6794,5580116,5510,4947935,438,476144,720,77309,18,10954,739,88711,0,0,13481,28254.71,11092932,11004669,0
2021-09-06,5194,5585310,4511,4952446,358,476502,274,77583,11,10965,287,88998,0,0,10350,24674,11103282,11014734,0
2021-09-07,15563,5600873,17703,4970149,912,477414,1562,79145,93,11058,1663,90661,0,0,35841,24866.14,11139123,11048920,0
2021-09-08,16149,5617022,14832,4984981,1070,478484,1782,80927,83,11141,1877,92538,0,0,33928,25164,11173051,11080983,0
2021-09-09,16093,5633115,14757,4999738,1047,479531,1922,82849,78,11219,2011,94549,0,0,33908,25789.71,11206959,11112891,0
2021-09-10,18350,5651465,15402,5015140,1207,480738,1981,84830,83,11302,2071,96620,0,0,37030,26470.29,11243989,11147857,0
2021-09-11,12631,5664096,10351,5025491,958,481696,1030,85860,50,11352,1086,97706,0,0,25026,27080.57,11269015,11171803,0
2021-09-12,8533,5672629,5052,5030543,765,482461,695,86555,31,11383,727,98433,0,0,15077,27308.57,11284092,11186154,0
2021-09-13,16920,5689549,12966,5043509,976,483437,1662,88217,52,11435,1724,100157,0,0,32586,30485.14,11316678,11217026,0
2021-09-14,16260,5705809,13678,5057187,886,484323,1603,89820,57,11492,1672,101829,0,0,32496,30007.29,11349174,11247862,0
2021-09-15,15512,5721321,12895,5070082,727,485050,1577,91397,83,11575,1669,103498,0,0,30803,29560.86,11379977,11277005,0
2021-09-16,15332,5736653,13916,5083998,1210,486260,1470,92867,68,11643,1545,105043,0,0,32003,29288.71,11411980,11307470,0
2021-09-17,14427,5751080,13954,5097952,922,487182,1845,94712,58,11701,1905,106948,0,0,31208,28457,11443188,11336775,0
2021-09-18,9990,5761070,10187,5108139,913,488095,1052,95764,42,11743,1098,108046,0,0,22188,28051.57,11465376,11357869,0
2021-09-19,6168,5767238,6079,5114218,558,488653,748,96512,28,11771,781,108827,0,0,13586,27838.57,11478962,11370679,0
2021-09-20,12663,5779901,12632,5126850,1068,489721,1927,98439,62,11833,1998,110825,0,0,28361,27235,11507323,11397051,0
2021-09-21,12216,5792117,12774,5139624,1108,490829,2036,100475,80,11913,2131,112956,0,0,28229,26625.43,11535552,11423164,0
2021-09-22,12817,5804934,12007,5151631,1090,491919,1691,102166,69,11982,1766,114722,0,0,27680,26179.29,11563232,11449084,0
2021-09-23,14919,5819853,12767,5164398,1639,493558,2274,104440,76,12058,2357,117079,0,0,31682,26133.43,11594914,11478416,0
2021-09-24,16511,5836364,13367,5177765,1636,495194,4628,109068,128,12186,4775,121854,0,0,36289,26859.29,11631203,11509949,0
2021-09-25,10519,5846883,9032,5186797,1017,496211,3466,112534,81,12267,3563,125417,0,0,24131,27136.86,11655334,11530533,0
2021-09-26,6288,5853171,5768,5192565,773,496984,2425,114959,61,12328,2497,127914,0,0,15326,27385.43,11670660,11543373,0
2021-09-27,14131,5867302,8064,5200629,1155,498139,9085,124044,163,12491,9298,137212,0,0,32649,27998,11703309,11566774,0
2021-09-28,11106,5878408,11788,5212417,901,499040,9936,133980,182,12673,10156,147368,0,0,33951,28815.43,11737260,11590607,0
2021-09-29,11591,5889999,12196,5224613,1205,500245,9461,143441,174,12847,9669,157037,0,0,34662,29812.86,11771922,11615634,0
2021-09-30,12212,5902211,12612,5237225,1338,501583,9768,153209,181,13028,9983,167020,0,0,36145,30450.43,11808067,11641830,0
2021-10-01,12617,5914828,13431,5250656,1284,502867,10291,163500,155,13183,10482,177502,0,0,37814,30668.29,11845881,11669198,0
2021-10-02,7718,5922546,9982,5260638,865,503732,4246,167746,82,13265,4352,181854,0,0,22917,30494.86,11868798,11687787,0
2021-10-03,5055,5927601,6160,5266798,593,504325,2623,170369,60,13325,2693,184547,1,1,14502,30377.14,11883300,11699605,0
2021-10-04,9899,5937500,11019,5277817,914,505239,9539,179908,149,13474,9725,194272,0,1,31557,30221.14,11914857,11721474,0
2021-10-05,10132,5947632,11735,5289552,972,506211,9965,189873,179,13653,10186,204458,1,2,33026,30089,11947883,11744355,0
2021-10-06,9868,5957500,11051,5300603,937,507148,9951,199824,162,13815,10150,214608,0,2,32006,29709.57,11979889,11766248,0
2021-10-07,9592,5967092,12160,5312763,850,507998,10185,210009,177,13992,10395,225003,0,2,32997,29259.86,12012886,11788883,0
2021-10-08,9428,5976520,12183,5324946,941,508939,10921,220930,166,14158,11127,236130,0,2,33679,28669.14,12046565,11811475,0
2021-10-09,6226,5982746,8240,5333186,643,509582,4132,225062,90,14248,4239,240369,0,2,19348,28159.29,12065913,11826601,0
2021-10-10,3529,5986275,5028,5338214,458,510040,2440,227502,47,14295,2495,242864,0,2,11510,27731.86,12077423,11835624,0
2021-10-11,7592,5993867,9339,5347553,728,510768,8906,236408,165,14460,9095,251959,0,2,26754,27045.71,12104177,11853307,0
2021-10-12,8049,6001916,10994,5358547,891,511659,10536,246944,187,14647,10764,262723,0,2,30698,26713.14,12134875,11873282,0
2021-10-13,7128,6009044,10147,5368694,869,512528,8815,255759,183,14830,9028,271751,0,2,27172,26022.57,12162047,11891456,0
2021-10-14,7403,6016447,11121,5379815,837,513365,10136,265895,164,14994,10340,282091,0,2,29701,25551.71,12191748,11910857,0
2021-10-15,7703,6024150,11858,5391673,823,514188,10862,276757,175,15169,11070,293161,0,2,31454,25233.86,12223202,11931274,0
2021-10-16,4853,6029003,7466,5399139,665,514853,3851,280608,68,15237,3932,297093,0,2,16916,24886.43,12240118,11944271,0
2021-10-17,3049,6032052,4471,5403610,411,515264,2459,283067,45,15282,2511,299604,0,2,10442,24733.86,12250560,11952209,0
2021-10-18,7015,6039067,10671,5414281,797,516061,9502,292569,186,15468,9723,309327,0,2,28206,24941.29,12278766,11970727,0
2021-10-19,6547,6045614,8947,5423228,803,516864,9109,301678,177,15645,9326,318653,1,3,25624,24216.43,12304390,11987064,0
2021-10-20,6516,6052130,9370,5432598,975,517839,10005,311683,180,15825,10223,328876,3,6,27086,24204.14,12331476,12003962,0
2021-10-21,7007,6059137,9387,5441985,858,518697,10869,322552,159,15984,11061,339937,1,7,28314,24006,12359790,12021247,0
2021-10-22,8080,6067217,10345,5452330,1026,519723,16377,338929,222,16206,16654,356591,0,7,36105,24670.43,12395895,12040753,0
2021-10-23,5150,6072367,6456,5458786,690,520413,9136,348065,119,16325,9275,365866,0,7,21571,25335.43,12417466,12053069,0
2021-10-24,3247,6075614,3966,5462752,767,521180,6178,354243,80,16405,6282,372148,1,8,14263,25881.29,12431729,12061073,0
2021-10-25,8794,6084408,8746,5471498,1152,522332,19289,373532,303,16708,19662,391810,0,8,38354,27331,12470083,12079835,0
2021-10-26,8150,6092558,7723,5479221,1258,523590,17319,390851,278,16986,17668,409478,0,8,34799,28641.71,12504882,12097037,0
2021-10-27,10501,6103059,8394,5487615,1604,525194,20901,411752,329,17315,21300,430778,0,8,41799,30743.57,12546681,12117606,0
2021-10-28,11260,6114319,8028,5495643,1793,526987,20905,432657,327,17642,21299,452077,0,8,42380,32753,12589061,12138754,0
2021-10-29,11804,6126123,8228,5503871,1968,528955,22581,455238,349,17991,23002,475079,1,9,45004,34024.29,12634065,12160827,0
2021-10-30,4599,6130722,5064,5508935,932,529887,11198,466436,169,18160,11405,486484,0,9,22000,34085.57,12656065,12171460,0
2021-10-31,2645,6133367,2700,5511635,544,530431,6651,473087,105,18265,6779,493263,1,10,12668,33857.71,12668733,12177371,0
2021-11-01,7069,6140436,6954,5518589,1085,531516,20436,493523,335,18600,20831,514094,1,11,35940,33512.86,12704673,12192539,0
2021-11-02,6526,6146962,6586,5525175,1055,532571,20821,514344,281,18881,21178,535272,0,11,35345,33590.86,12740018,12206782,0
2021-11-03,6790,6153752,6682,5531857,1026,533597,20681,535025,315,19196,21071,556343,0,11,35571,32701.14,12775589,12221357,0
2021-11-04,9256,6163008,6279,5538136,994,534591,22412,557437,353,19549,22849,579192,0,11,39378,32272.29,12814967,12237970,0
2021-11-05,11002,6174010,6719,5544855,1050,535641,23803,581240,363,19912,24248,603440,0,11,43019,31988.71,12857986,12256823,0
2021-11-06,11101,6185111,4049,5548904,594,536235,12617,593857,176,20088,12830,616270,0,11,28574,32927.86,12886560,12272604,0
2021-11-07,7226,6192337,2287,5551191,577,536812,7123,600980,98,20186,7236,623506,0,11,17326,33593.29,12903886,12282709,0
2021-11-08,15018,6207355,5679,5556870,862,537674,19540,620520,288,20474,19895,643401,1,12,41455,34381.14,12945341,12304335,0
2021-11-09,16105,6223460,5385,5562255,659,538333,20568,641088,279,20753,20929,664330,0,12,43078,35485.86,12988419,12326566,0
2021-11-10,16871,6240331,5323,5567578,682,539015,22716,663804,294,21047,23080,687410,0,12,45956,36969.43,13034375,12349512,0
2021-11-11,12499,6252830,5182,5572760,760,539775,22158,685962,292,21339,22518,709928,0,12,40959,37195.29,13075334,12368021,0
2021-11-12,16958,6269788,5687,5578447,705,540480,23481,709443,358,21697,23916,733844,1,13,47267,37802.14,13122601,12391448,0
2021-11-13,9906,6279694,3662,5582109,464,540944,13363,722806,185,21882,13591,747435,0,13,27623,37666.29,13150224,12405523,0
2021-11-14,5983,6285677,2283,5584392,324,541268,7956,730762,82,21964,8059,755494,0,13,16649,37569.57,13166873,12414134,0
2021-11-15,13167,6298844,5979,5590371,689,541957,25174,755936,370,22334,25624,781118,0,13,45459,38141.57,13212332,12434049,0
2021-11-16,9885,6308729,5780,5596151,653,542610,30734,786670,443,22777,31254,812372,0,13,47573,38783.71,13259905,12450445,0
2021-11-17,10214,6318943,6667,5602818,681,543291,31516,818186,426,23203,32031,844403,0,13,49593,39303.29,13309498,12468096,0
2021-11-18,10643,6329586,6528,5609346,855,544146,33106,851292,461,23664,33663,878066,0,13,51689,40836.14,13361187,12486218,0
2021-11-19,11901,6341487,6551,5615897,707,544853,36356,887648,469,24133,36916,914982,0,13,56075,42094.43,13417262,12505468,0
2021-11-20,9263,6350750,3415,5619312,512,545365,22580,910228,260,24393,22892,937874,0,13,36082,43302.86,13453344,12518710,0
2021-11-21,4897,6355647,1886,5621198,288,545653,13248,923476,156,24549,13429,951303,1,14,20501,43853.14,13473845,12525806,0
2021-11-22,10327,6365974,5781,5626979,748,546401,36031,959507,447,24996,36569,987872,0,14,53426,44991.29,13527271,12542754,0
2021-11-23,9693,6375667,4781,5631760,632,547033,33611,993118,389,25385,34072,1021944,0,14,49179,45220.71,13576450,12557933,0
2021-11-24,8615,6384282,4748,5636508,648,547681,26001,1019119,288,25673,26360,1048304,1,15,40372,43903.43,13616822,12572015,0
2021-11-25,447,6384729,328,5636836,80,547761,1003,1020122,10,25683,1013,1049317,0,15,1868,36786.14,13618690,12572870,0
2021-11-26,8006,6392735,6990,5643826,528,548289,26649,1046771,307,25990,27013,1076330,0,15,42537,34852.14,13661227,12588451,0
2021-11-27,6638,6399373,6832,5650658,370,548659,18899,1065670,227,26217,19163,1095493,0,15,33004,34412.43,13694231,12602329,0
2021-11-28,4033,6403406,5790,5656448,279,548938,11943,1077613,122,26339,12084,1107577,0,15,22186,34653.14,13716417,12612450,0
2021-11-29,9002,6412408,11010,5667458,684,549622,35159,1112772,455,26794,35690,1143267,1,16,56387,35076.14,13772804,12633222,0
2021-11-30,10404,6422812,11446,5678904,511,550133,37898,1150670,499,27293,38510,1181777,0,16,60871,36746.43,13833675,12655696,0
2021-12-01,11069,6433881,10984,5689888,724,550857,40487,1191157,443,27736,41030,1222807,0,16,63808,40094.43,13897483,12678574,0
2021-12-02,11533,6445414,11051,5700939,624,551481,42304,1233461,459,28195,42862,1265669,0,16,66070,49266.14,13963553,12701881,0
2021-12-03,13361,6458775,12903,5713842,664,552145,48097,1281558,531,28726,48732,1314401,1,17,75661,53998.14,14039214,12728913,0
2021-12-04,9753,6468528,11298,5725140,564,552709,30772,1312330,311,29037,31138,1345539,0,17,52753,56819.43,14091967,12750583,0
2021-12-05,5700,6474228,5702,5730842,270,552979,16712,1329042,130,29167,16878,1362417,0,17,28550,57728.57,14120517,12762291,0
2021-12-06,12226,6486454,9984,5740826,599,553578,43393,1372435,461,29628,43945,1406362,0,17,66754,59209.57,14187271,12785191,0
2021-12-07,12481,6498935,9256,5750082,623,554201,43177,1415612,518,30146,43782,1450144,0,17,66142,59962.57,14253413,12807638,0
2021-12-08,13430,6512365,8777,5758859,555,554756,40917,1456529,487,30633,41485,1491629,0,17,64247,60025.29,14317660,12830481,0
2021-12-09,13377,6525742,8756,5767615,551,555307,40962,1497491,499,31132,41558,1533187,0,17,64242,59764.14,14381902,12853262,0
2021-12-10,13932,6539674,10149,5777764,666,555973,43801,1541292,510,31642,44399,1577586,0,17,69146,58833.43,14451048,12878097,0
2021-12-11,10200,6549874,8132,5785896,405,556378,26768,1568060,286,31928,27105,1604691,0,17,45843,57846.29,14496891,12896886,0
2021-12-12,5975,6555849,3858,5789754,287,556665,15205,1583265,137,32065,15366,1620057,0,17,25486,57408.57,14522377,12907030,0
2021-12-13,12108,6567957,7431,5797185,655,557320,38032,1621297,406,32471,38522,1658579,0,17,58716,56260.29,14581093,12927308,0
2021-12-14,12146,6580103,6950,5804135,730,558050,38283,1659580,447,32918,38796,1697375,0,17,58622,55186,14639715,12947200,0
2021-12-15,12000,6592103,6245,5810380,755,558805,38271,1697851,495,33413,38846,1736221,0,17,57847,54271.71,14697562,12966281,0
2021-12-16,13076,6605179,4270,5814650,737,559542,41243,1739094,469,33882,41785,1778006,0,17,59868,53646.86,14757430,12984437,0
2021-12-17,15844,6621023,6944,5821594,618,560160,46940,1786034,484,34366,47520,1825526,0,17,70926,53901.14,14828356,13007939,0
2021-12-18,12944,6633967,5719,5827313,432,560592,30699,1816733,279,34645,31035,1856561,1,18,50130,54513.57,14878486,13027090,0
2021-12-19,6965,6640932,2995,5830308,326,560918,18056,1834789,177,34822,18264,1874825,0,18,28550,54951.29,14907036,13037407,0
2021-12-20,16736,6657668,5855,5836163,745,561663,47629,1882418,579,35401,48288,1923113,0,18,71624,56795.29,14978660,13060823,0
2021-12-21,17862,6675530,6579,5842742,806,562469,49059,1931477,597,35998,49736,1972849,0,18,74983,59132.57,15053643,13086150,0
2021-12-22,18480,6694010,6556,5849298,938,563407,49836,1981313,540,36538,50455,2023304,1,19,76430,61787.29,15130073,13112203,0
2021-12-23,18937,6712947,6487,5855785,930,564337,46011,2027324,535,37073,46612,2069916,0,19,72966,63658.43,15203039,13138623,0
2021-12-24,9184,6722131,2955,5858740,598,564935,20651,2047975,213,37286,20898,2090814,0,19,33635,58331.14,15236674,13151394,0
2021-12-25,341,6722472,63,5858803,31,564966,427,2048402,8,37294,436,2091250,0,19,871,51294.14,15237545,13151830,0
2021-12-26,7921,6730393,3931,5862734,341,565307,17314,2065716,178,37472,17524,2108774,0,19,29717,51460.86,15267262,13164055,0
2021-12-27,21696,6752089,9205,5871939,931,566238,43554,2109270,565,38037,44192,2152966,0,19,76024,52089.43,15343286,13195960,0
2021-12-28,20047,6772136,8339,5880278,700,566938,47701,2156971,624,38661,48413,2201379,0,19,77499,52448.86,15420785,13225134,0
2021-12-29,18420,6790556,7668,5887946,606,567544,45675,2202646,492,39153,46242,2247621,0,19,72936,51949.71,15493721,13251903,0
2021-12-30,16813,6807369,7435,5895381,588,568132,44936,2247582,593,39746,45616,2293237,0,19,70452,51590.57,15564173,13276826,0
2021-12-31,5337,6812706,2811,5898192,192,568324,14792,2262374,188,39934,15002,2308239,0,19,23342,50120.14,15587515,13285188,0
2022-01-01,244,6812950,147,5898339,12,568336,502,2262876,22,39956,528,2308767,0,19,931,50128.71,15588446,13285595,0
2022-01-02,6405,6819355,5020,5903359,153,568489,11007,2273883,111,40067,11134,2319901,0,19,22712,49128,15611158,13297189,0
2022-01-03,14089,6833444,8513,5911872,515,569004,27022,2300905,345,40412,27411,2347312,2,21,50530,45486,15661688,13320350,0
2022-01-04,12785,6846229,8131,5920003,414,569418,27305,2328210,371,40783,27735,2375047,77,98,49129,41433.14,15710817,13341726,0
2022-01-05,11284,6857513,7024,5927027,384,569802,26034,2354244,318,41101,26393,2401440,0,98,45085,37454.43,15755902,13360459,0
2022-01-06,11316,6868829,7397,5934424,485,570287,27666,2381910,357,41458,28075,2429515,2,100,47274,34143.29,15803176,13379708,0
2022-01-07,10117,6878946,8457,5942881,339,570626,25240,2407150,332,41790,25606,2455121,0,100,44520,37168.71,15847696,13398656,0
2022-01-08,7649,6886595,8593,5951474,311,570937,19634,2426784,188,41978,19840,2474961,0,100,36394,42234.86,15884090,13415228,0
2022-01-09,4108,6890703,3845,5955319,214,571151,10080,2436864,97,42075,10188,2485149,1,101,18356,41612.57,15902446,13423406,0
2022-01-10,10137,6900840,8198,5963517,490,571641,24642,2461506,310,42385,25003,2510152,1,102,43828,40655.14,15946274,13442281,0
2022-01-11,8836,6909676,7990,5971507,522,572163,21079,2482585,296,42681,21419,2531571,0,102,38769,39175.14,15985043,13459675,0
2022-01-12,8894,6918570,8328,5979835,428,572591,22399,2504984,291,42972,22725,2554296,1,103,40376,38502.43,16025419,13477360,0
2022-01-13,8997,6927567,8868,5988703,451,573042,22952,2527936,339,43311,23326,2577622,1,104,41644,37698.14,16067063,13495712,0
2022-01-14,10061,6937628,8126,5996829,474,573516,26477,2554413,340,43651,26860,2604482,0,104,45521,37841.14,16112584,13514416,0
2022-01-15,6185,6943813,4313,6001142,180,573696,15166,2569579,184,43835,15373,2619855,0,104,26051,36363.57,16138635,13525117,0
2022-01-16,2895,6946708,3248,6004390,95,573791,7840,2577419,88,43923,7938,2627793,0,104,14176,35766.43,16152811,13531365,0
2022-01-17,6036,6952744,6755,6011145,363,574154,14716,2592135,224,44147,14958,2642751,0,104,28112,33521.29,16180923,13544537,0
2022-01-18,8121,6960865,10323,6021468,394,574548,19706,2611841,326,44473,20061,2662812,0,104,38899,33539.86,16219822,13563404,0
2022-01-19,7416,6968281,9260,6030728,303,574851,17754,2629595,282,44755,18068,2680880,0,104,35048,32778.71,16254870,13580416,0
2022-01-20,6235,6974516,8563,6039291,305,575156,15293,2644888,255,45010,15575,2696455,0,104,30678,31212.14,16285548,13595546,0
2022-01-21,7524,6982040,7519,6046810,276,575432,18541,2663429,292,45302,18857,2715312,1,105,34176,29591.43,16319724,13610888,0
2022-01-22,5173,6987213,4935,6051745,132,575564,11339,2674768,132,45434,11496,2726808,0,105,21736,28975,16341460,13621153,0
2022-01-23,2786,6989999,3334,6055079,97,575661,6247,2681015,78,45512,6333,2733141,0,105,12550,28742.71,16354010,13627378,0
2022-01-24,6331,6996330,8209,6063288,262,575923,15097,2696112,246,45758,15370,2748511,0,105,30172,29037,16384182,13642207,0
2022-01-25,6147,7002477,7949,6071237,231,576154,14729,2710841,264,46022,15025,2763536,0,105,29352,27673.14,16413534,13656566,0
2022-01-26,5720,7008197,7184,6078421,288,576442,14039,2724880,215,46237,14281,2777817,0,105,27473,26591,16441007,13669785,0
2022-01-27,5222,7013419,7098,6085519,320,576762,14112,2738992,238,46475,14389,2792206,0,105,27029,26069.71,16468036,13682464,0
2022-01-28,6216,7019635,7884,6093403,205,576967,16155,2755147,242,46717,16420,2808626,1,106,30726,25576.86,16498762,13696792,0
2022-01-29,836,7020471,729,6094132,28,576995,2542,2757689,40,46757,2585,2811211,0,106,4178,23068.57,16502940,13698388,0
2022-01-30,2074,7022545,3024,6097156,103,577098,4554,2762243,64,46821,4622,2815833,0,106,9823,22679,16512763,13703593,0
2022-01-31,4983,7027528,6595,6103751,219,577317,11408,2773651,203,47024,11626,2827459,0,106,23423,21714.86,16536186,13715405,0
2022-02-01,4803,7032331,6453,6110204,220,577537,10733,2784384,222,47246,10973,2838432,1,107,22449,20728.71,16558635,13726898,0
2022-02-02,4250,7036581,5939,6116143,212,577749,11256,2795640,243,47489,11517,2849949,0,107,21918,19935.14,16580553,13737317,0
2022-02-03,4206,7040787,5818,6121961,216,577965,11236,2806876,206,47695,11468,2861417,1,108,21708,19175,16602261,13747582,0
2022-02-04,4735,7045522,7118,6129079,214,578179,13245,2820121,241,47936,13511,2874928,0,108,25578,18439.57,16627839,13759674,0
2022-02-05,3560,7049082,6060,6135139,110,578289,8592,2828713,159,48095,8766,2883694,0,108,18496,20485,16646335,13769419,0
2022-02-06,2053,7051135,2138,6137277,120,578409,4648,2833361,105,48200,4757,2888451,0,108,9069,20377.29,16655404,13773735,0
2022-02-07,4124,7055259,4749,6142026,205,578614,10147,2843508,237,48437,10409,2898860,0,108,19487,19815,16674891,13782838,0
2022-02-08,4190,7059449,5609,6147635,214,578828,11348,2854856,313,48750,11686,2910546,0,108,21699,19707.86,16696590,13792876,0
2022-02-09,4111,7063560,5405,6153040,221,579049,11679,2866535,259,49009,11962,2922508,0,108,21699,19676.57,16718289,13802637,0
2022-02-10,3965,7067525,5127,6158167,243,579292,12212,2878747,292,49301,12533,2935041,0,108,21868,19699.43,16740157,13812001,0
2022-02-11,4492,7072017,5815,6163982,195,579487,13749,2892496,327,49628,14107,2949148,0,108,24609,19561,16764766,13822534,0
2022-02-12,3242,7075259,4343,6168325,97,579584,8818,2901314,219,49847,9048,2958196,1,109,16731,19308.86,16781497,13830227,0
2022-02-13,1511,7076770,1543,6169868,41,579625,4888,2906202,113,49960,5007,2963203,0,109,8102,19170.71,16789599,13833328,0
2022-02-14,2964,7079734,3624,6173492,166,579791,10593,2916795,327,50287,10946,2974149,1,110,17701,18915.57,16807300,13840108,0
2022-02-15,3521,7083255,4074,6177566,174,579965,12809,2929604,287,50574,13112,2987261,0,110,20881,18798.71,16828181,13847893,0
2022-02-16,3621,7086876,3908,6181474,199,580164,15767,2945371,297,50871,16099,3003360,0,110,23827,19102.71,16852008,13855656,0
2022-02-17,4128,7091004,4079,6185553,161,580325,18363,2963734,371,51242,18764,3022124,0,110,27132,19854.71,16879140,13864054,0
2022-02-18,4433,7095437,4790,6190343,191,580516,21557,2985291,466,51708,22045,3044169,0,110,31459,20833.29,16910599,13873490,0
2022-02-19,3234,7098671,2182,6192525,65,580581,11199,2996490,219,51927,11429,3055598,0,110,16910,20858.86,16927509,13878982,0
2022-02-20,1844,7100515,1445,6193970,59,580640,6599,3003089,114,52041,6720,3062318,0,110,10068,21139.71,16937577,13882337,0
2022-02-21,3075,7103590,2693,6196663,94,580734,8363,3011452,235,52276,8612,3070930,0,110,14474,20678.71,16952051,13888213,0
2022-02-22,4362,7107952,4258,6200921,174,580908,10847,3022299,257,52533,11121,3082051,0,110,19915,20540.71,16971966,13897024,0
2022-02-23,4234,7112186,3791,6204712,145,581053,10689,3032988,245,52778,10950,3093001,1,111,19121,19868.43,16991087,13905210,0
2022-02-24,3781,7115967,3663,6208375,108,581161,10203,3043191,234,53012,10456,3103457,0,111,18008,18565,17009095,13912781,0
2022-02-25,3595,7119562,3634,6212009,135,581296,9991,3053182,248,53260,10252,3113709,0,111,17616,16587.43,17026711,13920158,0
2022-02-26,2817,7122379,2584,6214593,74,581370,9528,3062710,161,53421,9697,3123406,0,111,15172,16339.14,17041883,13925641,0
2022-02-27,1764,7124143,1373,6215966,52,581422,6273,3068983,102,53523,6382,3129788,0,111,9571,16268.14,17051454,13928837,0
2022-02-28,3769,7127912,3136,6219102,140,581562,13154,3082137,256,53779,13433,3143221,0,111,20478,17125.86,17071932,13935905,0
2022-03-01,2117,7130029,2631,6221733,103,581665,5192,3087329,186,53965,5385,3148606,0,111,10236,15743.14,17082168,13940763,0
2022-03-02,1824,7131853,2448,6224181,107,581772,4146,3091475,211,54176,4368,3152974,0,111,8747,14261.14,17090915,13945153,0
2022-03-03,1930,7133783,2563,6226744,106,581878,3806,3095281,171,54347,3990,3156964,0,111,8589,12915.57,17099504,13949765,0
2022-03-04,2114,7135897,2879,6229623,66,581944,4334,3099615,211,54558,4557,3161521,0,111,9616,11772.71,17109120,13954836,0
2022-03-05,1612,7137509,2125,6231748,43,581987,3318,3102933,119,54677,3440,3164961,0,111,7220,10636.71,17116340,13958619,0
2022-03-06,793,7138302,881,6232629,30,582017,1627,3104560,55,54732,1685,3166646,0,111,3389,9753.57,17119729,13960326,0
2022-03-07,1660,7139962,1789,6234418,87,582104,3506,3108066,161,54893,3681,3170327,0,111,7217,7859.14,17126946,13963876,0
2022-03-08,1544,7141506,1899,6236317,80,582184,3128,3111194,153,55046,3293,3173620,0,111,6816,7370.57,17133762,13967411,0
2022-03-09,1259,7142765,1684,6238001,80,582264,2595,3113789,130,55176,2730,3176350,0,111,5753,6942.86,17139515,13970439,0
2022-03-10,1409,7144174,2097,6240098,85,582349,2973,3116762,164,55340,3146,3179496,0,111,6737,6678.29,17146252,13974039,0
2022-03-11,1594,7145768,2278,6242376,81,582430,3217,3119979,190,55530,3425,3182921,0,111,7378,6358.57,17153630,13978010,0
2022-03-12,875,7146643,1416,6243792,42,582472,2011,3121990,75,55605,2089,3185010,0,111,4422,5958.86,17158052,13980346,0
2022-03-13,625,7147268,757,6244549,28,582500,1291,3123281,50,55655,1344,3186354,0,111,2754,5868.14,17160806,13981759,0
2022-03-14,1361,7148629,1615,6246164,84,582584,3000,3126281,207,55862,3228,3189582,0,111,6288,5735.43,17167094,13984840,0
2022-03-15,1354,7149983,1924,6248088,63,582647,3074,3129355,235,56097,3316,3192898,0,111,6657,5712.71,17173751,13988188,0
2022-03-16,1394,7151377,2061,6250149,94,582741,3150,3132505,295,56392,3461,3196359,0,111,7010,5892.29,17180761,13991753,0
2022-03-17,1190,7152567,1808,6251957,71,582812,2765,3135270,268,56660,3047,3199406,0,111,6116,5803.57,17186877,13994836,0
2022-03-18,1578,7154145,2219,6254176,79,582891,3780,3139050,421,57081,4207,3203613,1,112,8084,5904.43,17194961,13998718,0
2022-03-19,1103,7155248,1734,6255910,54,582945,2607,3141657,229,57310,2841,3206454,0,112,5732,6091.57,17200693,14001614,0
2022-03-20,604,7155852,631,6256541,33,582978,1469,3143126,186,57496,1659,3208113,0,112,2927,6116.29,17203620,14002886,0
2022-03-21,1413,7157265,1559,6258100,73,583051,3062,3146188,359,57855,3443,3211556,1,113,6489,6145,17210109,14005953,0
2022-03-22,1341,7158606,1553,6259653,101,583152,2907,3149095,350,58205,3267,3214823,0,113,6262,6088.57,17216371,14008958,0
2022-03-23,1257,7159863,1360,6261013,66,583218,2922,3152017,374,58579,3307,3218130,0,113,5990,5942.86,17222361,14011652,0
2022-03-24,1207,7161070,1300,6262313,90,583308,2521,3154538,274,58853,2805,3220935,0,113,5402,5840.86,17227763,14014259,0
2022-03-25,1377,7162447,1633,6263946,62,583370,3269,3157807,385,59238,3667,3224602,0,113,6739,5648.71,17234502,14017344,0
2022-03-26,922,7163369,1167,6265113,36,583406,2309,3160116,255,59493,2572,3227174,0,113,4697,5500.86,17239199,14019477,0
2022-03-27,574,7163943,528,6265641,29,583435,1315,3161431,202,59695,1519,3228693,0,113,2650,5461.29,17241849,14020610,0
2022-03-28,1073,7165016,1170,6266811,69,583504,2443,3163874,366,60061,2827,3231520,0,113,5139,5268.43,17246988,14022940,0
2022-03-29,1044,7166060,1106,6267917,84,583588,2516,3166390,886,60947,3422,3234942,1,114,5656,5181.86,17252644,14025193,0
2022-03-30,1238,7167298,1138,6269055,99,583687,3064,3169454,3410,64357,6564,3241506,0,114,9039,5617.43,17261683,14027758,0
2022-03-31,1275,7168573,1249,6270304,57,583744,3165,3172619,5532,69889,8834,3250340,0,114,11416,6476.57,17273099,14030477,0
2022-04-01,1422,7169995,1487,6271791,77,583821,3244,3175863,6922,76811,10324,3260664,0,114,13310,7415.29,17286409,14033621,0
2022-04-02,905,7170900,909,6272700,33,583854,2086,3177949,4541,81352,6723,3267387,0,114,8570,7968.57,17294979,14035564,0
2022-04-03,553,7171453,492,6273192,28,583882,1222,3179171,3057,84409,4342,3271729,0,114,5415,8363.57,17300394,14036700,0
2022-04-04,1346,7172799,1303,6274495,62,583944,2721,3181892,7721,92130,10596,3282325,0,114,13307,9530.43,17313701,14039565,0
2022-04-05,1292,7174091,1154,6275649,66,584010,2845,3184737,7501,99631,10520,3292845,0,114,13032,10584.14,17326733,14042251,0
2022-04-06,1330,7175421,1173,6276822,61,584071,2625,3187362,6965,106596,9751,3302596,0,114,12315,11052.14,17339048,14044976,0
2022-04-07,1203,7176624,1060,6277882,57,584128,2377,3189739,6628,113224,9151,3311747,1,115,11472,11060.14,17350520,14047442,0
2022-04-08,1474,7178098,1408,6279290,61,584189,3166,3192905,8794,122018,12154,3323901,0,115,15097,11315.43,17365617,14050579,0
2022-04-09,907,7179005,924,6280214,29,584218,2080,3194985,4959,126977,7121,3331022,0,115,8981,11374.14,17374598,14052521,0
2022-04-10,575,7179580,461,6280675,25,584243,1167,3196152,2903,129880,4131,3335153,0,115,5192,11342.29,17379790,14053643,0
2022-04-11,1305,7180885,1225,6281900,61,584304,2654,3198806,7840,137720,10647,3345800,0,115,13238,11332.43,17393028,14056387,0
2022-04-12,1213,7182098,1055,6282955,73,584377,2521,3201327,7448,145168,10141,3355941,0,115,12482,11253.86,17405510,14058900,0
2022-04-13,1227,7183325,1074,6284029,60,584437,2512,3203839,7549,152717,10212,3366153,0,115,12573,11290.71,17418083,14061412,0
2022-04-14,1261,7184586,1095,6285124,58,584495,2443,3206282,6597,159314,9169,3375322,0,115,11583,11306.57,17429666,14063955,0
2022-04-15,1331,7185917,1094,6286218,53,584548,2554,3208836,6633,165947,9318,3384640,0,115,11796,10835,17441462,14066564,0
2022-04-16,855,7186772,651,6286869,34,584582,1643,3210479,3692,169639,5401,3390041,0,115,6941,10543.57,17448403,14068170,0
2022-04-17,345,7187117,201,6287070,27,584609,637,3211116,1158,170797,1819,3391860,0,115,2392,10143.57,17450795,14068767,0
2022-04-18,1378,7188495,1112,6288182,82,584691,2582,3213698,6421,177218,9142,3401002,0,115,11714,9925.86,17462509,14071478,0
2022-04-19,1410,7189905,935,6289117,71,584762,2574,3216272,5764,182982,8439,3409441,0,115,10855,9693.43,17473364,14073995,0
2022-04-20,1297,7191202,1152,6290269,65,584827,2709,3218981,6648,189630,9499,3418940,0,115,12013,9613.43,17485377,14076651,0
2022-04-21,1225,7192427,1061,6291330,53,584880,2338,3221319,5397,195027,7854,3426794,1,116,10194,9415,17495571,14079109,0
2022-04-22,1234,7193661,1039,6292369,46,584926,2238,3223557,5781,200808,8135,3434929,0,116,10455,9223.43,17506026,14081545,0
2022-04-23,710,7194371,749,6293118,59,584985,1428,3224985,3352,204160,4846,3439775,0,116,6365,9141.14,17512391,14083130,0
2022-04-24,439,7194810,336,6293454,27,585012,809,3225794,1820,205980,2661,3442436,0,116,3463,9294.14,17515854,14083964,0
2022-04-25,1037,7195847,917,6294371,64,585076,1851,3227645,5092,211072,7056,3449492,0,116,9074,8917,17524928,14086095,0
2022-04-26,948,7196795,857,6295228,76,585152,1747,3229392,4697,215769,6539,3456031,0,116,8420,8569.14,17533348,14088071,0
2022-04-27,1034,7197829,1021,6296249,80,585232,1926,3231318,5216,220985,7264,3463295,0,116,9399,8195.71,17542747,14090328,0
2022-04-28,1081,7198910,988,6297237,50,585282,2006,3233324,4744,225729,6864,3470159,0,116,8983,8022.71,17551730,14092561,0
2022-04-29,1173,7200083,1101,6298338,60,585342,2155,3235479,5436,231165,7706,3477865,0,116,10040,7963.43,17561770,14095010,0
2022-04-30,723,7200806,743,6299081,50,585392,1390,3236869,2968,234133,4404,3482269,0,116,5920,7899.86,17567690,14096572,0
2022-05-01,445,7201251,366,6299447,20,585412,766,3237635,1656,235789,2454,3484723,0,116,3285,7874.43,17570975,14097435,0
2022-05-02,1045,7202296,792,6300239,52,585464,1677,3239312,3819,239608,5566,3490289,2,118,7456,7643.29,17578431,14099393,0
2022-05-03,1116,7203412,863,6301102,61,585525,1995,3241307,4869,244477,6963,3497252,0,118,9003,7726.57,17587434,14101532,0
2022-05-04,1004,7204416,881,6301983,48,585573,1926,3243233,4679,249156,6696,3503948,0,118,8629,7616.57,17596063,14103556,0
2022-05-05,1072,7205488,953,6302936,86,585659,1927,3245160,4884,254040,6910,3510858,0,118,9021,7622,17605084,14105766,0
2022-05-06,1096,7206584,955,6303891,51,585710,1861,3247021,4402,258442,6340,3517198,2,120,8442,7393.71,17613526,14107943,0
2022-05-07,659,7207243,591,6304482,32,585742,1204,3248225,2435,260877,3678,3520876,1,121,4960,7256.57,17618486,14109263,0
2022-05-08,411,7207654,243,6304725,17,585759,664,3248889,1388,262265,2075,3522951,0,121,2746,7179.57,17621232,14109957,0
2022-05-09,1077,7208731,943,6305668,60,585819,1892,3250781,4429,266694,6413,3529364,0,121,8493,7327.71,17629725,14112129,0
2022-05-10,1094,7209825,929,6306597,54,585873,1980,3252761,4719,271413,6807,3536171,0,121,8884,7310.71,17638609,14114314,0
2022-05-11,1084,7210909,972,6307569,44,585917,1943,3254704,4844,276257,6887,3543058,0,121,8987,7361.86,17647596,14116514,0
2022-05-12,1098,7212007,949,6308518,60,585977,2001,3256705,4667,280924,6768,3549826,0,121,8875,7341,17656471,14118721,0
2022-05-13,1153,7213160,1039,6309557,44,586021,2074,3258779,4811,285735,6977,3556803,0,121,9213,7451.14,17665684,14121049,0
2022-05-14,823,7213983,669,6310226,31,586052,1468,3260247,2955,288690,4465,3561268,0,121,5988,7598,17671672,14122614,0
2022-05-15,508,7214491,355,6310581,22,586074,924,3261171,1650,290340,2600,3563868,0,121,3485,7703.57,17675157,14123525,0
2022-05-16,1227,7215718,853,6311434,62,586136,1831,3263002,3866,294206,5762,3569630,1,122,7905,7619.57,17683062,14125732,0
2022-05-17,1285,7217003,932,6312366,79,586215,2047,3265049,4898,299104,7039,3576669,1,123,9336,7684.14,17692398,14128122,0
2022-05-18,1236,7218239,899,6313265,82,586297,2062,3267111,4943,304047,7117,3583786,1,124,9335,7733.86,17701733,14130451,0
2022-05-19,1157,7219396,882,6314147,36,586333,2117,3269228,4731,308778,6934,3590720,0,124,9009,7753,17710742,14132612,0
2022-05-20,1194,7220590,959,6315106,73,586406,2370,3271598,5210,313988,7693,3598413,1,125,9922,7854.29,17720664,14134953,0
2022-05-21,830,7221420,648,6315754,23,586429,1721,3273319,3307,317295,5089,3603502,0,125,6591,7940.43,17727255,14136516,0
2022-05-22,507,7221927,291,6316045,22,586451,1135,3274454,1841,319136,3010,3606512,0,125,3830,7989.71,17731085,14137370,0
2022-05-23,1217,7223144,884,6316929,52,586503,2189,3276643,4713,323849,7002,3613514,1,126,9156,8168.43,17740241,14139623,0
2022-05-24,1405,7224549,935,6317864,66,586569,2306,3278949,4491,328340,6900,3620414,0,126,9307,8164.29,17749548,14142133,0
2022-05-25,1411,7225960,955,6318819,56,586625,2264,3281213,4275,332615,6640,3627054,0,126,9063,8125.43,17758611,14144657,0
2022-05-26,1170,7227130,890,6319709,60,586685,2272,3283485,4154,336769,6494,3633548,1,127,8616,8069.29,17767227,14146846,0
2022-05-27,1242,7228372,958,6320667,38,586723,2498,3285983,3924,340693,6497,3640045,0,127,8736,7899.86,17775963,14149160,0
2022-05-28,711,7229083,517,6321184,19,586742,1784,3287767,2064,342757,3888,3643933,0,127,5135,7691.86,17781098,14150447,0
2022-05-29,472,7229555,216,6321400,11,586753,760,3288527,1126,343883,1906,3645839,0,127,2605,7516.86,17783703,14151166,0
2022-05-30,91,7229646,61,6321461,6,586759,139,3288666,144,344027,285,3646124,1,128,444,6272.29,17784147,14151326,0
2022-05-31,1136,7230782,918,6322379,51,586810,1900,3290566,3055,347082,5015,3651139,0,128,7120,5959.86,17791267,14153491,0
2022-06-01,1153,7231935,850,6323229,63,586873,1973,3292539,3429,350511,5476,3656615,0,128,7542,5742.57,17798809,14155631,0
2022-06-02,1030,7232965,800,6324029,72,586945,1826,3294365,3176,353687,5063,3661678,0,128,6965,5506.71,17805774,14157594,0
2022-06-03,1160,7234125,893,6324922,47,586992,2069,3296434,3498,357185,5633,3667311,0,128,7733,5363.43,17813507,14159760,0
2022-06-04,722,7234847,584,6325506,26,587018,1555,3297989,1907,359092,3497,3670808,0,128,4831,5320,17818338,14161129,0
2022-06-05,448,7235295,297,6325803,1,587019,880,3298869,981,360073,1870,3672678,0,128,2616,5321.57,17820954,14161884,0
2022-06-06,1124,7236419,826,6326629,64,587083,1755,3300624,2747,362820,4552,3677230,0,128,6566,6196.14,17827520,14163948,0
2022-06-07,1019,7237438,771,6327400,70,587153,1793,3302417,2569,365389,4409,3681639,0,128,6269,6074.57,17833789,14165855,0
2022-06-08,1094,7238532,836,6328236,75,587228,1876,3304293,2749,368138,4687,3686326,1,129,6693,5953.29,17840482,14167922,0
2022-06-09,1139,7239671,838,6329074,62,587290,2230,3306523,2693,370831,4977,3691303,0,129,7016,5960.57,17847498,14170015,0
2022-06-10,1048,7240719,817,6329891,75,587365,1878,3308401,2831,373662,4765,3696068,0,129,6705,5813.71,17854203,14172011,0
2022-06-11,678,7241397,508,6330399,25,587390,1328,3309729,1504,375166,2859,3698927,0,129,4070,5705,17858273,14173249,0
2022-06-12,351,7241748,287,6330686,21,587411,877,3310606,773,375939,1660,3700587,0,129,2319,5662.57,17860592,14173918,0
2022-06-13,1028,7242776,769,6331455,62,587473,1579,3312185,2187,378126,3806,3704393,0,129,5666,5534,17866258,14175818,0
2022-06-14,973,7243749,832,6332287,64,587537,1693,3313878,2506,380632,4260,3708653,0,129,6129,5514,17872387,14177748,0
2022-06-15,969,7244718,865,6333152,39,587576,1666,3315544,2426,383058,4150,3712803,0,129,6023,5418.29,17878410,14179679,0
2022-06-16,961,7245679,774,6333926,59,587635,1834,3317378,2370,385428,4258,3717061,1,130,6052,5280.57,17884462,14181526,0
2022-06-17,898,7246577,798,6334724,48,587683,1774,3319152,2401,387829,4220,3721281,0,130,5965,5174.86,17890427,14183316,0
2022-06-18,658,7247235,521,6335245,26,587709,1280,3320432,1297,389126,2605,3723886,1,131,3810,5137.71,17894237,14184548,0
2022-06-19,346,7247581,233,6335478,16,587725,728,3321160,610,389736,1350,3725236,0,131,1945,5084.29,17896182,14185155,0
2022-06-20,832,7248413,487,6335965,41,587766,1578,3322738,1611,391347,3228,3728464,0,131,4588,4930.29,17900770,14186554,0
2022-06-21,1132,7249545,741,6336706,49,587815,1699,3324437,2143,393490,3898,3732362,0,131,5821,4886.29,17906591,14188533,0
2022-06-22,1960,7251505,833,6337539,46,587861,1709,3326146,1996,395486,3748,3736110,0,131,6587,4966.86,17913178,14191415,0
2022-06-23,2118,7253623,763,6338302,65,587926,1704,3327850,2155,397641,3910,3740020,0,131,6857,5081.86,17920035,14194413,0
2022-06-24,2170,7255793,761,6339063,48,587974,1625,3329475,2158,399799,3831,3743851,0,131,6810,5202.57,17926845,14197440,0
2022-06-25,2138,7257931,496,6339559,15,587989,1236,3330711,1144,400943,2394,3746245,0,131,5047,5379.29,17931892,14200107,0
2022-06-26,1209,7259140,248,6339807,14,588003,686,3331397,533,401476,1225,3747470,0,131,2696,5486.57,17934588,14201584,0
2022-06-27,1532,7260672,654,6340461,60,588063,1468,3332865,1655,403131,3164,3750634,0,131,5410,5604,17939998,14203871,0
2022-06-28,1691,7262363,829,6341290,57,588120,1860,3334725,2144,405275,4049,3754683,0,131,6626,5719,17946624,14206493,0
2022-06-29,1858,7264221,775,6342065,48,588168,1717,3336442,1926,407201,3683,3758366,0,131,6364,5687.14,17952988,14209214,0
2022-06-30,1868,7266089,806,6342871,46,588214,1735,3338177,2133,409334,3912,3762278,0,131,6632,5655,17959620,14211978,0
2022-07-01,1605,7267694,597,6343468,26,588240,1395,3339572,1729,411063,3157,3765435,0,131,5385,5451.43,17965005,14214239,0
2022-07-02,977,7268671,389,6343857,18,588258,836,3340408,940,412003,1794,3767229,0,131,3178,5184.43,17968183,14215641,0
2022-07-03,530,7269201,205,6344062,7,588265,460,3340868,486,412489,949,3768178,0,131,1691,5040.86,17969874,14216386,0
2022-07-04,36,7269237,25,6344087,1,588266,31,3340899,38,412527,69,3768247,0,131,131,4286.71,17970005,14216448,0
2022-07-05,1297,7270534,758,6344845,35,588301,1405,3342304,1738,414265,3174,3771421,0,131,5264,4092.14,17975269,14218569,0
2022-07-06,1611,7272145,679,6345524,44,588345,1443,3343747,1841,416106,3325,3774746,0,131,5659,3991.43,17980928,14220944,0
2022-07-07,1591,7273736,713,6346237,48,588393,1528,3345275,1999,418105,3568,3778314,0,131,5920,3889.71,17986848,14223337,0
2022-07-08,1632,7275368,650,6346887,37,588430,1473,3346748,1979,420084,3501,3781815,0,131,5822,3952.14,17992670,14225707,0
2022-07-09,983,7276351,435,6347322,26,588456,882,3347630,1347,421431,2260,3784075,0,131,3704,4027.29,17996374,14227182,0
2022-07-10,637,7276988,187,6347509,17,588473,430,3348060,659,422090,1099,3785174,0,131,1940,4062.86,17998314,14228033,0
2022-07-11,1396,7278384,634,6348143,49,588522,1441,3349501,2212,424302,3687,3788861,0,131,5766,4867.86,18004080,14230146,0
2022-07-12,1404,7279788,687,6348830,45,588567,1404,3350905,2512,426814,3990,3792851,0,131,6126,4991,18010206,14232356,0
2022-07-13,1618,7281406,724,6349554,37,588604,1522,3352427,2838,429652,4425,3797276,0,131,6804,5154.57,18017010,14234800,0
2022-07-14,1585,7282991,841,6350395,47,588651,1602,3354029,3062,432714,4739,3802015,0,131,7213,5339.29,18024223,14237349,0
2022-07-15,1613,7284604,938,6351333,47,588698,1574,3355603,3052,435766,4686,3806701,0,131,7284,5548.14,18031507,14240007,0
2022-07-16,883,7285487,585,6351918,9,588707,978,3356581,1699,437465,2707,3809408,1,132,4185,5616.86,18035692,14241514,0
2022-07-17,550,7286037,289,6352207,16,588723,527,3357108,1168,438633,1719,3811127,0,132,2574,5707.43,18038266,14242393,0
2022-07-18,1405,7287442,845,6353052,45,588768,1428,3358536,2468,441101,3952,3815079,0,132,6247,5776.14,18044513,14244744,0
2022-07-19,1440,7288882,975,6354027,51,588819,1540,3360076,2801,443902,4435,3819514,0,132,6901,5886.86,18051414,14247304,0
2022-07-20,1380,7290262,1485,6355512,50,588869,1352,3361428,2395,446297,3808,3823322,0,132,6724,5875.43,18058138,14250281,0
2022-07-21,1334,7291596,1436,6356948,50,588919,1395,3362823,2363,448660,3806,3827128,0,132,6626,5791.57,18064764,14253149,0
2022-07-22,1428,7293024,1569,6358517,41,588960,1564,3364387,2853,451513,4499,3831627,0,132,7537,5827.71,18072301,14256269,0
2022-07-23,903,7293927,1099,6359616,17,588977,994,3365381,1555,453068,2584,3834211,3,135,4606,5887.86,18076907,14258323,0
2022-07-24,483,7294410,642,6360258,14,588991,504,3365885,805,453873,1317,3835528,0,135,2457,5871.14,18079364,14259471,0
2022-07-25,1229,7295639,766,6361024,59,589050,1261,3367146,2063,455936,3378,3838906,0,135,5432,5754.71,18084796,14261579,0
2022-07-26,1232,7296871,1021,6362045,41,589091,1474,3368620,2443,458379,3976,3842882,0,135,6271,5664.71,18091067,14263933,0
2022-07-27,1319,7298190,1278,6363323,42,589133,1390,3370010,2190,460569,3641,3846523,2,137,6284,5601.86,18097351,14266635,0
2022-07-28,1311,7299501,1422,6364745,72,589205,1425,3371435,2216,462785,3692,3850215,1,138,6498,5583.57,18103849,14269491,0
2022-07-29,1319,7300820,1431,6366176,64,589269,1358,3372793,2158,464943,3560,3853775,0,138,6375,5417.57,18110224,14272350,0
2022-07-30,739,7301559,717,6366893,25,589294,792,3373585,962,465905,1774,3855549,0,138,3258,5225,18113482,14273854,0
2022-07-31,422,7301981,590,6367483,14,589308,488,3374073,571,466476,1065,3856614,0,138,2091,5172.71,18115573,14274886,0
2022-08-01,1243,7303224,912,6368395,55,589363,1328,3375401,1511,467987,2884,3859498,1,139,5095,5124.57,18120668,14277141,0
2022-08-02,1230,7304454,1014,6369409,73,589436,1348,3376749,1598,469585,2992,3862490,0,139,5309,4987.14,18125977,14279504,0
2022-08-03,1265,7305719,1188,6370597,41,589477,1344,3378093,1532,471117,2915,3865405,1,140,5410,4862.29,18131387,14282037,0
2022-08-04,1192,7306911,1188,6371785,57,589534,1287,3379380,1456,472573,2773,3868178,0,140,5210,4678.29,18136597,14284504,0
2022-08-05,1318,7308229,1450,6373235,49,589583,1313,3380693,1441,474014,2778,3870956,0,140,5595,4566.86,18142192,14287345,0
2022-08-06,696,7308925,843,6374078,14,589597,764,3381457,777,474791,1566,3872522,0,140,3120,4547.14,18145312,14288924,0
2022-08-07,390,7309315,456,6374534,14,589611,425,3381882,358,475149,794,3873316,0,140,1654,4484.71,18146966,14289795,0
2022-08-08,1195,7310510,932,6375466,70,589681,1276,3383158,1184,476333,2490,3875806,0,140,4687,4426.43,18151653,14292022,0
2022-08-09,1136,7311646,893,6376359,38,589719,1229,3384387,1159,477492,2420,3878226,0,140,4487,4309,18156140,14294121,0
2022-08-10,1221,7312867,1113,6377472,59,589778,1260,3385647,1247,478739,2542,3880768,0,140,4935,4241.14,18161075,14296549,0
2022-08-11,1282,7314149,1068,6378540,84,589862,1212,3386859,1279,480018,2529,3883297,0,140,4963,4205.86,18166038,14299021,0
2022-08-12,1298,7315447,1407,6379947,55,589917,1267,3388126,1246,481264,2547,3885844,0,140,5307,4164.71,18171345,14301815,0
2022-08-13,758,7316205,786,6380733,15,589932,763,3388889,631,481895,1413,3887257,0,140,2972,4143.57,18174317,14303393,0
2022-08-14,470,7316675,476,6381209,20,589952,406,3389295,282,482177,691,3887948,0,140,1657,4144,18175974,14304362,0
2022-08-15,1246,7317921,1063,6382272,60,590012,1315,3390610,990,483167,2346,3890294,1,141,4716,4148.14,18180690,14306772,0
2022-08-16,1309,7319230,868,6383140,50,590062,1366,3391976,1078,484245,2476,3892770,0,141,4704,4179.14,18185394,14309032,0
2022-08-17,1213,7320443,958,6384098,39,590101,1236,3393212,1005,485250,2280,3895050,1,142,4491,4115.71,18189885,14311281,0
2022-08-18,1168,7321611,945,6385043,45,590146,1267,3394479,948,486198,2240,3897290,0,142,4398,4035,18194283,14313464,0
2022-08-19,1255,7322866,1133,6386176,34,590180,1117,3395596,978,487176,2125,3899415,6,148,4553,3927.29,18198836,14315916,0
2022-08-20,591,7323457,493,6386669,16,590196,634,3396230,514,487690,1161,3900576,1,149,2262,3825.86,18201098,14317029,0
2022-08-21,358,7323815,243,6386912,9,590205,382,3396612,267,487957,652,3901228,0,149,1262,3769.43,18202360,14317642,0
2022-08-22,1221,7325036,924,6387836,40,590245,1233,3397845,889,488846,2149,3903377,0,149,4334,3714.86,18206694,14319854,0
2022-08-23,1242,7326278,1050,6388886,48,590293,1379,3399224,962,489808,2369,3905746,3,152,4712,3716,18211406,14322222,0
2022-08-24,1267,7327545,1016,6389902,29,590322,1295,3400519,821,490629,2142,3907888,0,152,4455,3710.86,18215861,14324561,0
2022-08-25,1222,7328767,994,6390896,66,590388,1186,3401705,813,491442,2015,3909903,4,156,4300,3696.86,18220161,14326858,0
2022-08-26,1188,7329955,1179,6392075,56,590444,1193,3402898,780,492222,1994,3911897,1,157,4417,3677.43,18224578,14329301,0
2022-08-27,695,7330650,542,6392617,14,590458,676,3403574,404,492626,1093,3912990,3,160,2347,3689.57,18226925,14330565,0
2022-08-28,381,7331031,236,6392853,10,590468,443,3404017,227,492853,674,3913664,0,160,1301,3695.14,18228226,14331196,0
2022-08-29,1257,7332288,981,6393834,41,590509,1220,3405237,688,493541,1929,3915593,0,160,4209,3677.29,18232435,14333497,0
2022-08-30,1268,7333556,941,6394775,36,590545,1269,3406506,767,494308,2067,3917660,2,162,4314,3620.43,18236749,14335773,0
2022-08-31,1153,7334709,1015,6395790,43,590588,1103,3407609,572,494880,1696,3919356,0,162,3908,3542.29,18240657,14338006,0
2022-09-01,1027,7335736,962,6396752,51,590639,809,3408418,456,495336,1279,3920635,5,167,3325,3403,18243982,14340061,0
2022-09-02,977,7336713,1021,6397773,32,590671,592,3409010,175,495511,774,3921409,92,259,2881,3183.57,18246863,14342083,0
2022-09-03,530,7337243,447,6398220,12,590683,369,3409379,50,495561,423,3921832,314,573,1677,3087.86,18248540,14343027,0
2022-09-04,252,7337495,212,6398432,10,590693,189,3409568,25,495586,216,3922048,312,885,959,3039,18249499,14343460,0
2022-09-05,78,7337573,71,6398503,7,590700,44,3409612,16,495602,61,3922109,9,894,226,2470,18249725,14343617,0
2022-09-06,1128,7338701,1227,6399730,51,590751,633,3410245,130,495732,772,3922881,1269,2163,4226,2457.43,18253951,14345811,0
2022-09-07,1475,7340176,1383,6401113,38,590789,482,3410727,155,495887,657,3923538,6447,8610,9117,3201.57,18263068,14347844,0
2022-09-08,1526,7341702,1198,6402311,36,590825,252,3410979,111,495998,379,3923917,7797,16407,9816,4128.86,18272884,14349500,0
2022-09-09,1554,7343256,1611,6403922,49,590874,283,3411262,122,496120,436,3924353,9891,26298,12375,5485.14,18285259,14351579,0
2022-09-10,847,7344103,836,6404758,12,590886,265,3411527,44,496164,322,3924675,5315,31613,6749,6209.71,18292008,14352704,0
2022-09-11,494,7344597,441,6405199,11,590897,86,3411613,30,496194,125,3924800,3941,35554,4529,6719.71,18296537,14353176,0
2022-09-12,1676,7346273,1439,6406638,39,590936,205,3411818,91,496285,330,3925130,11657,47211,13537,8621.29,18310074,14354760,0
2022-09-13,1400,7347673,1274,6407912,33,590969,220,3412038,115,496400,384,3925514,9731,56942,11733,9693.71,18321807,14356427,0
2022-09-14,1410,7349083,1271,6409183,31,591000,225,3412263,123,496523,387,3925901,11026,67968,13068,10258.14,18334875,14358121,0
2022-09-15,1566,7350649,1284,6410467,22,591022,227,3412490,112,496635,374,3926275,12084,80052,14108,10871.29,18348983,14359806,0
2022-09-16,1691,7352340,1633,6412100,27,591049,270,3412760,155,496790,480,3926755,13803,93855,16263,11426.71,18365246,14361841,0
2022-09-17,801,7353141,868,6412968,12,591061,272,3413032,76,496866,371,3927126,7000,100855,8410,11664,18373656,14362903,0
2022-09-18,522,7353663,413,6413381,7,591068,74,3413106,26,496892,113,3927239,4479,105334,4971,11727.14,18378627,14363295,0
2022-09-19,1560,7355223,1324,6414705,29,591097,227,3413333,96,496988,349,3927588,13812,119146,15515,12009.71,18394142,14364675,0
2022-09-20,1442,7356665,1252,6415957,27,591124,220,3413553,90,497078,358,3927946,13212,132358,15011,12478,18409153,14366164,0
2022-09-21,1668,7358333,1352,6417309,31,591155,261,3413814,131,497209,426,3928372,14935,147293,16842,13017.14,18425995,14367679,0
2022-09-22,1470,7359803,1263,6418572,28,591183,174,3413988,138,497347,360,3928732,13225,160518,15045,13151,18441040,14369187,0
2022-09-23,1743,7361546,1654,6420226,24,591207,252,3414240,143,497490,458,3929190,16944,177462,19247,13577.29,18460287,14371095,0
2022-09-24,802,7362348,887,6421113,8,591215,268,3414508,67,497557,354,3929544,7491,184953,8843,13639.14,18469130,14372112,0
2022-09-25,485,7362833,395,6421508,1,591216,72,3414580,47,497604,128,3929672,4508,189461,4995,13642.57,18474125,14372480,0
2022-09-26,1575,7364408,1250,6422758,16,591232,284,3414864,144,497748,485,3930157,15013,204474,16710,13813.29,18490835,14373749,0
2022-09-27,1539,7365947,1307,6424065,26,591258,281,3415145,168,497916,485,3930642,14154,218628,16137,13974.14,18506972,14375283,0
2022-09-28,1619,7367566,1302,6425367,18,591276,190,3415335,185,498101,429,3931071,15510,234138,17286,14037.57,18524258,14376684,0
2022-09-29,1681,7369247,1301,6426668,19,591295,176,3415511,101,498202,314,3931385,15369,249507,17224,14348.86,18541482,14378262,0
2022-09-30,1645,7370892,1556,6428224,13,591308,180,3415691,174,498376,400,3931785,16484,265991,18648,14263.29,18560130,14380072,0
2022-10-01,721,7371613,668,6428892,5,591313,132,3415823,35,498411,176,3931961,7047,273038,7938,14134,18568068,14380796,0
2022-10-02,512,7372125,429,6429321,5,591318,48,3415871,45,498456,107,3932068,4428,277466,4838,14111.57,18572906,14381113,0
2022-10-03,1554,7373679,1192,6430513,23,591341,156,3416027,112,498568,315,3932383,14568,292034,15973,14006.29,18588879,14382250,0
2022-10-04,1381,7375060,1155,6431668,15,591356,150,3416177,120,498688,298,3932681,13400,305434,14797,13814.86,18603676,14383377,0
2022-10-05,1594,7376654,1287,6432955,17,591373,280,3416457,164,498852,497,3933178,14865,320299,16689,13729.57,18620365,14384757,0
2022-10-06,1494,7378148,1249,6434204,19,591392,166,3416623,161,499013,384,3933562,14954,335253,16621,13643.43,18636986,14386097,0
2022-10-07,1664,7379812,1427,6435631,15,591407,170,3416793,134,499147,365,3933927,17104,352357,19065,13703,18656051,14387754,0
2022-10-08,763,7380575,680,6436311,4,591411,144,3416937,62,499209,223,3934150,7701,360058,8631,13802,18664682,14388478,0
2022-10-09,492,7381067,410,6436721,5,591416,47,3416984,54,499263,119,3934269,4694,364752,5118,13842,18669800,14388801,0
2022-10-10,1549,7382616,1251,6437972,14,591430,174,3417158,120,499383,334,3934603,15196,379948,16499,13917.14,18686299,14389810,0
2022-10-11,1640,7384256,1105,6439077,19,591449,178,3417336,154,499537,388,3934991,14307,394255,15840,14066.14,18702139,14391011,0
2022-10-12,1867,7386123,1322,6440399,17,591466,134,3417470,186,499723,387,3935378,16274,410529,17877,14235.86,18720016,14392294,0
2022-10-13,1621,7387744,1150,6441549,28,591494,135,3417605,199,499922,405,3935783,14037,424566,15571,14085.86,18735587,14393494,0
2022-10-14,1817,7389561,1542,6443091,25,591519,130,3417735,179,500101,362,3936145,17202,441768,19187,14103.29,18754774,14395170,0
2022-10-15,771,7390332,639,6443730,9,591528,90,3417825,68,500169,179,3936324,7608,449376,8467,14079.86,18763241,14395871,0
2022-10-16,565,7390897,411,6444141,3,591531,25,3417850,65,500234,121,3936445,4726,454102,5169,14087.14,18768410,14396224,0
2022-10-17,1819,7392716,1253,6445394,18,591549,82,3417932,117,500351,236,3936681,16072,470174,17393,14214.86,18785803,14397346,0
2022-10-18,1691,7394407,1171,6446565,20,591569,101,3418033,141,500492,289,3936970,14633,484807,16018,14240.29,18801821,14398489,0
2022-10-19,2094,7396501,1329,6447894,21,591590,84,3418117,142,500634,289,3937259,16230,501037,17703,14215.43,18819524,14399736,0
2022-10-20,1694,7398195,1168,6449062,11,591601,88,3418205,152,500786,307,3937566,15392,516429,16848,14397.86,18836372,14400952,0
2022-10-21,1808,7400003,1347,6450409,12,591613,93,3418298,150,500936,299,3937865,16736,533165,18403,14285.86,18854775,14402376,0
2022-10-22,747,7400750,668,6451077,9,591622,44,3418342,46,500982,100,3937965,7683,540848,8414,14278.29,18863189,14403017,0
2022-10-23,522,7401272,369,6451446,3,591625,21,3418363,39,501021,69,3938034,4805,545653,5082,14265.86,18868271,14403234,0
2022-10-24,1748,7403020,1212,6452658,19,591644,71,3418434,112,501133,224,3938258,15551,561204,16838,14186.57,18885109,14404338,0
2022-10-25,1665,7404685,1189,6453847,12,591656,94,3418528,111,501244,234,3938492,15026,576230,16336,14232,18901445,14405443,0
2022-10-26,1857,7406542,1329,6455176,11,591667,90,3418618,171,501415,339,3938831,16810,593040,18285,14315.14,18919730,14406657,0
2022-10-27,1586,7408128,1075,6456251,13,591680,96,3418714,138,501553,288,3939119,15079,608119,16405,14251.86,18936135,14407749,0
2022-10-28,1704,7409832,1423,6457674,17,591697,107,3418821,153,501706,318,3939437,16761,624880,18575,14276.43,18954710,14409303,0
2022-10-29,697,7410529,543,6458217,9,591706,69,3418890,58,501764,141,3939578,7737,632617,8414,14276.43,18963124,14409853,0
2022-10-30,521,7411050,305,6458522,3,591709,19,3418909,57,501821,92,3939670,4490,637107,4778,14233,18967902,14410065,0
2022-10-31,1679,7412729,1110,6459632,8,591717,47,3418956,127,501948,218,3939888,14578,651685,15526,14045.57,18983428,14410839,0
2022-11-01,1668,7414397,1022,6460654,18,591735,78,3419034,129,502077,238,3940126,13612,665297,14930,13844.71,18998358,14411950,0
2022-11-02,1742,7416139,1127,6461781,17,591752,89,3419123,122,502199,253,3940379,14874,680171,16146,13539.14,19014504,14413011,0
2022-11-03,1423,7417562,1035,6462816,14,591766,84,3419207,165,502364,326,3940705,12623,692794,13898,13181,19028402,14414037,0
2022-11-04,1743,7419305,1222,6464038,14,591780,101,3419308,141,502505,275,3940980,15435,708229,17040,12961.71,19045442,14415400,0
2022-11-05,826,7420131,533,6464571,6,591786,67,3419375,80,502585,161,3941141,7038,715267,7761,12868.43,19053203,14415976,0
2022-11-06,408,7420539,330,6464901,4,591790,20,3419395,49,502634,106,3941247,4070,719337,4413,12816.29,19057616,14416250,0
2022-11-07,1642,7422181,1071,6465972,14,591804,75,3419470,100,502734,211,3941458,13220,732557,14383,12653,19071999,14417238,0
2022-11-08,1534,7423715,1011,6466983,8,591812,97,3419567,131,502865,269,3941727,12063,744620,13327,12424,19085326,14418274,0
2022-11-09,1571,7425286,1059,6468042,9,591821,85,3419652,114,502979,246,3941973,12195,756815,13457,12039.86,19098783,14419337,0
2022-11-10,1484,7426770,1008,6469050,14,591835,73,3419725,147,503126,277,3942250,12279,769094,13563,11992,19112346,14420401,0
2022-11-11,1507,7428277,1078,6470128,11,591846,98,3419823,101,503227,220,3942470,12833,781927,14265,11595.57,19126611,14421634,0
2022-11-12,672,7428949,516,6470644,2,591848,57,3419880,61,503288,128,3942598,6434,788361,7057,11495,19133668,14422139,0
2022-11-13,497,7429446,342,6470986,4,591852,15,3419895,68,503356,98,3942696,3895,792256,4213,11466.43,19137881,14422374,0
2022-11-14,1447,7430893,1028,6472014,19,591871,59,3419954,114,503470,204,3942900,11636,803892,12752,11233.43,19150633,14423317,0
2022-11-15,1490,7432383,1004,6473018,15,591886,103,3420057,165,503635,293,3943193,11279,815171,12659,11138,19163292,14424429,0
2022-11-16,1606,7433989,1034,6474052,21,591907,67,3420124,145,503780,248,3943441,11569,826740,12815,11046.29,19176107,14425463,0
2022-11-17,1403,7435392,973,6475025,10,591917,67,3420191,166,503946,274,3943715,10535,837275,11815,10796.57,19187922,14426510,0
2022-11-18,1574,7436966,1096,6476121,12,591929,68,3420259,117,504063,216,3943931,12347,849622,13939,10750,19201861,14427917,0
2022-11-19,679,7437645,439,6476560,4,591933,57,3420316,61,504124,127,3944058,5906,855528,6573,10680.86,19208434,14428466,0
2022-11-20,474,7438119,308,6476868,4,591937,12,3420328,35,504159,65,3944123,3541,859069,3840,10627.57,19212274,14428718,0
2022-11-21,1523,7439642,919,6477787,4,591941,51,3420379,81,504240,149,3944272,10405,869474,11380,10431.57,19223654,14429561,0
2022-11-22,1272,7440914,818,6478605,7,591948,53,3420432,88,504328,157,3944429,9267,878741,10283,10092.14,19233937,14430436,0
2022-11-23,1293,7442207,734,6479339,11,591959,64,3420496,75,504403,165,3944594,8680,887421,9614,9634.86,19243551,14431231,0
2022-11-24,18,7442225,10,6479349,2,591961,0,3420496,6,504409,8,3944602,113,887534,138,7966.71,19243689,14431250,0
2022-11-25,680,7442905,474,6479823,13,591974,36,3420532,54,504463,110,3944712,5685,893219,6416,6892,19250105,14431891,0
2022-11-26,590,7443495,379,6480202,2,591976,15,3420547,42,504505,62,3944774,4894,898113,5332,6714.71,19255437,14432272,0
2022-11-27,399,7443894,219,6480421,1,591977,11,3420558,23,504528,49,3944823,3172,901285,3362,6646.43,19258799,14432428,0
2022-11-28,951,7444845,698,6481119,10,591987,57,3420615,63,504591,140,3944963,6964,908249,7926,6153,19266725,14433270,0
2022-11-29,926,7445771,708,6481827,8,591995,45,3420660,73,504664,144,3945107,6944,915193,7980,5824,19274705,14434188,0
2022-11-30,1213,7446984,870,6482697,16,592011,50,3420710,53,504717,124,3945231,8741,923934,9748,5843.14,19284453,14435092,0
2022-12-01,1131,7448115,767,6483464,11,592022,60,3420770,96,504813,183,3945414,8484,932418,9552,7188,19294005,14436004,0
2022-12-02,1318,7449433,972,6484436,14,592036,70,3420840,103,504916,194,3945608,10233,942651,11560,7922.86,19305565,14437158,0
2022-12-03,614,7450047,420,6484856,12,592048,42,3420882,42,504958,87,3945695,4941,947592,5470,7942.57,19311035,14437603,0
2022-12-04,418,7450465,283,6485139,4,592052,7,3420889,26,504984,40,3945735,3278,950870,3504,7962.86,19314539,14437796,0
2022-12-05,1165,7451630,769,6485908,15,592067,62,3420951,71,505055,149,3945884,8615,959485,9626,8205.71,19324165,14438674,0
2022-12-06,1175,7452805,767,6486675,13,592080,66,3421017,87,505142,172,3946056,8155,967640,9155,8373.57,19333320,14439521,0
2022-12-07,1213,7454018,753,6487428,12,592092,63,3421080,81,505223,166,3946222,8320,975960,9344,8315.86,19342664,14440401,0
2022-12-08,1106,7455124,740,6488168,14,592106,68,3421148,77,505300,167,3946389,8705,984665,9736,8342.14,19352400,14441287,0
2022-12-09,1242,7456366,972,6489140,13,592119,81,3421229,102,505402,209,3946598,10437,995102,11802,8376.71,19364202,14442469,0
2022-12-10,681,7457047,461,6489601,7,592126,38,3421267,75,505477,131,3946729,6144,1001246,6723,8555.71,19370925,14442935,0
2022-12-11,431,7457478,263,6489864,4,592130,10,3421277,35,505512,55,3946784,3685,1004931,3887,8610.43,19374812,14443092,0
2022-12-12,1337,7458815,803,6490667,19,592149,78,3421355,106,505618,209,3946993,9996,1014927,11043,8812.86,19385855,14443955,0
2022-12-13,1268,7460083,843,6491510,17,592166,50,3421405,98,505716,177,3947170,9737,1024664,10767,9043.14,19396622,14444837,0
2022-12-14,1197,7461280,829,6492339,12,592178,67,3421472,99,505815,193,3947363,9645,1034309,10626,9226.29,19407248,14445652,0
2022-12-15,1192,7462472,696,6493035,11,592189,57,3421529,108,505923,181,3947544,8456,1042765,9418,9180.86,19416666,14446449,0
2022-12-16,1202,7463674,806,6493841,12,592201,67,3421596,124,506047,214,3947758,9383,1052148,10553,9002.43,19427219,14447428,0
2022-12-17,656,7464330,461,6494302,8,592209,29,3421625,35,506082,77,3947835,5807,1057955,6279,8939,19433498,14447836,0
2022-12-18,454,7464784,235,6494537,2,592211,14,3421639,23,506105,47,3947882,3463,1061418,3668,8907.71,19437166,14448004,0
2022-12-19,1214,7465998,783,6495320,7,592218,51,3421690,80,506185,145,3948027,8926,1070344,9839,8735.71,19447005,14448786,0
2022-12-20,1214,7467212,761,6496081,18,592236,82,3421772,138,506323,277,3948304,8585,1078929,9717,8585.71,19456722,14449698,0
2022-12-21,1096,7468308,696,6496777,16,592252,50,3421822,94,506417,174,3948478,8290,1087219,9163,8376.71,19465885,14450427,0
2022-12-22,994,7469302,588,6497365,4,592256,42,3421864,72,506489,132,3948610,6931,1094150,7662,8125.86,19473547,14451044,0
2022-12-23,832,7470134,508,6497873,11,592267,40,3421904,57,506546,110,3948720,5884,1100034,6487,7545,19480034,14451550,0
2022-12-24,191,7470325,112,6497985,1,592268,2,3421906,15,506561,20,3948740,1381,1101415,1502,6862.57,19481536,14451654,0
2022-12-25,5,7470330,3,6497988,0,592268,0,3421906,0,506561,0,3948740,29,1101444,32,6343.14,19481568,14451657,0
2022-12-26,571,7470901,268,6498256,16,592284,14,3421920,22,506583,41,3948781,3296,1104740,3601,5452,19485169,14451926,0
2022-12-27,1088,7471989,606,6498862,13,592297,55,3421975,58,506641,123,3948904,7223,1111963,8022,5209.86,19493191,14452612,0
2022-12-28,1066,7473055,564,6499426,8,592305,55,3422030,62,506703,127,3949031,6986,1118949,7776,5011.71,19500967,14453285,0
2022-12-29,1015,7474070,584,6500010,9,592314,47,3422077,87,506790,158,3949189,6585,1125534,7407,4975.29,19508374,14453973,0
2022-12-30,952,7475022,538,6500548,9,592323,47,3422124,47,506837,104,3949293,6127,1131661,6846,5026.57,19515220,14454598,0
2022-12-31,306,7475328,167,6500715,4,592327,16,3422140,10,506847,29,3949322,1808,1133469,1987,5095.86,19517207,14454751,0
2023-01-01,15,7475343,9,6500724,0,592327,2,3422142,5,506852,7,3949329,54,1133523,77,5102.29,19517284,14454767,0
2023-01-02,653,7475996,328,6501052,10,592337,14,3422156,23,506875,43,3949372,3664,1137187,4009,5160.57,19521293,14455075,0
2023-01-03,968,7476964,590,6501642,9,592346,41,3422197,55,506930,110,3949482,5467,1142654,6251,4907.57,19527544,14455763,0
2023-01-04,1092,7478056,674,6502316,17,592363,50,3422247,60,506990,129,3949611,6107,1148761,6974,4793,19534518,14456520,0
2023-01-05,1011,7479067,588,6502904,23,592386,34,3422281,87,507077,141,3949752,5740,1154501,6666,4687.14,19541184,14457325,0
2023-01-06,1053,7480120,777,6503681,17,592403,49,3422330,81,507158,142,3949894,6499,1161000,7548,4787.43,19548732,14458244,0
2023-01-07,604,7480724,431,6504112,8,592411,18,3422348,34,507192,58,3949952,4435,1165435,4897,5203.14,19553629,14458654,0
2023-01-08,379,7481103,245,6504357,4,592415,12,3422360,29,507221,48,3950000,2564,1167999,2776,5588.71,19556405,14458825,0
2023-01-09,950,7482053,571,6504928,17,592432,50,3422410,40,507261,100,3950100,5612,1173611,6440,5936,19562845,14459563,0
2023-01-10,845,7482898,640,6505568,8,592440,47,3422457,65,507326,125,3950225,5307,1178918,6173,5924.86,19569018,14460317,0
2023-01-11,866,7483764,548,6506116,21,592461,45,3422502,53,507379,118,3950343,5172,1184090,5950,5778.57,19574968,14460997,0
2023-01-12,746,7484510,488,6506604,24,592485,46,3422548,79,507458,142,3950485,4511,1188601,5360,5592,19580328,14461721,0
2023-01-13,806,7485316,553,6507157,11,592496,66,3422614,56,507514,139,3950624,5358,1193959,6244,5405.71,19586572,14462485,0
2023-01-14,511,7485827,281,6507438,10,592506,25,3422639,30,507544,57,3950681,3218,1197177,3623,5223.71,19590195,14462835,0
2023-01-15,287,7486114,150,6507588,6,592512,15,3422654,22,507566,52,3950733,1791,1198968,1993,5111.86,19592188,14463000,0
2023-01-16,502,7486616,306,6507894,11,592523,31,3422685,26,507592,64,3950797,2768,1201736,3204,4649.57,19595392,14463379,0
2023-01-17,804,7487420,477,6508371,19,592542,48,3422733,74,507666,135,3950932,3815,1205551,4683,4436.71,19600075,14464125,0
2023-01-18,803,7488223,478,6508849,16,592558,47,3422780,61,507727,115,3951047,3740,1209291,4548,4236.43,19604623,14464825,0
2023-01-19,657,7488880,429,6509278,6,592564,50,3422830,32,507759,101,3951148,3160,1212451,3901,4028,19608524,14465484,0
2023-01-20,699,7489579,483,6509761,23,592587,38,3422868,38,507797,83,3951231,3714,1216165,4486,3776.86,19613010,14466180,0
2023-01-21,370,7489949,193,6509954,12,592599,16,3422884,12,507809,29,3951260,1869,1218034,2172,3569.57,19615182,14466455,0
2023-01-22,225,7490174,63,6510017,5,592604,0,3422884,2,507811,3,3951263,865,1218899,969,3423.29,19616151,14466557,0
2023-01-23,642,7490816,333,6510350,12,592616,14,3422898,45,507856,67,3951330,2719,1221618,3383,3448.86,19619534,14467162,0
2023-01-24,574,7491390,392,6510742,17,592633,36,3422934,33,507889,82,3951412,3028,1224646,3676,3305,19623210,14467741,0
2023-01-25,599,7491989,354,6511096,21,592654,31,3422965,36,507925,80,3951492,2683,1227329,3343,3132.86,19626553,14468334,0
2023-01-26,559,7492548,350,6511446,18,592672,34,3422999,50,507975,101,3951593,2685,1230014,3343,3053.14,19629896,14468908,0
2023-01-27,561,7493109,439,6511885,11,592683,34,3423033,45,508020,87,3951680,2817,1232831,3548,2919.14,19633444,14469560,0
2023-01-28,359,7493468,186,6512071,5,592688,21,3423054,38,508058,67,3951747,1555,1234386,1893,2879.29,19635337,14469839,0
2023-01-29,237,7493705,118,6512189,3,592691,10,3423064,10,508068,24,3951771,978,1235364,1129,2902.14,19636466,14469970,0
2023-01-30,594,7494299,392,6512581,18,592709,37,3423101,35,508103,75,3951846,2492,1237856,3199,2875.86,19639665,14470605,0
2023-01-31,504,7494803,353,6512934,12,592721,28,3423129,47,508150,87,3951933,2424,1240280,3042,2785.29,19642707,14471148,0
2023-02-01,476,7495279,333,6513267,15,592736,39,3423168,42,508192,89,3952022,2310,1242590,2938,2727.43,19645645,14471695,0
2023-02-02,463,7495742,345,6513612,13,592749,34,3423202,34,508226,78,3952100,2147,1244737,2763,2644.57,19648408,14472243,0
2023-02-03,538,7496280,393,6514005,12,592761,25,3423227,32,508258,64,3952164,2352,1247089,3038,2571.71,19651446,14472872,0
2023-02-04,242,7496522,154,6514159,10,592771,13,3423240,14,508272,28,3952192,1148,1248237,1405,2502,19652851,14473102,0
2023-02-05,203,7496725,96,6514255,0,592771,2,3423242,14,508286,18,3952210,863,1249100,980,2480.71,19653831,14473203,0
2023-02-06,588,7497313,310,6514565,9,592780,27,3423269,27,508313,63,3952273,2258,1251358,2826,2427.43,19656657,14473717,0
2023-02-07,470,7497783,363,6514928,4,592784,27,3423296,31,508344,65,3952338,2308,1253666,2890,2405.71,19659547,14474241,0
2023-02-08,445,7498228,321,6515249,4,592788,27,3423323,29,508373,61,3952399,2294,1255960,2842,2392,19662389,14474733,0
2023-02-09,462,7498690,344,6515593,3,592791,34,3423357,36,508409,80,3952479,2044,1258004,2660,2377.29,19665049,14475279,0
2023-02-10,492,7499182,389,6515982,2,592793,29,3423386,32,508441,85,3952564,2250,1260254,2930,2361.86,19667979,14475898,0
2023-02-11,291,7499473,195,6516177,7,592800,21,3423407,22,508463,46,3952610,1327,1261581,1641,2395.57,19669620,14476169,0
2023-02-12,179,7499652,81,6516258,0,592800,5,3423412,0,508463,9,3952619,705,1262286,815,2372,19670435,14476274,0
2023-02-13,436,7500088,292,6516550,4,592804,18,3423430,24,508487,48,3952667,1751,1264037,2298,2296.57,19672733,14476779,0
2023-02-14,395,7500483,268,6516818,6,592810,24,3423454,20,508507,49,3952716,1654,1265691,2174,2194.29,19674907,14477255,0
2023-02-15,398,7500881,288,6517106,10,592820,24,3423478,27,508534,64,3952780,1730,1267421,2240,2108.29,19677147,14477714,0
2023-02-16,353,7501234,237,6517343,4,592824,26,3423504,17,508551,49,3952829,1603,1269024,2062,2022.86,19679209,14478130,0
2023-02-17,389,7501623,306,6517649,3,592827,24,3423528,31,508582,62,3952891,1670,1270694,2228,1922.57,19681437,14478633,0
2023-02-18,191,7501814,115,6517764,5,592832,14,3423542,3,508585,20,3952911,986,1271680,1170,1855.29,19682607,14478800,0
2023-02-19,120,7501934,55,6517819,2,592834,6,3423548,6,508591,16,3952927,526,1272206,600,1824.57,19683207,14478862,0
2023-02-20,300,7502234,150,6517969,3,592837,8,3423556,16,508607,27,3952954,1138,1273344,1384,1694,19684591,14479084,0
2023-02-21,365,7502599,280,6518249,4,592841,22,3423578,33,508640,60,3953014,1486,1274830,2011,1670.71,19686602,14479554,0
2023-02-22,381,7502980,268,6518517,6,592847,38,3423616,26,508666,68,3953082,1608,1276438,2117,1653.14,19688719,14479999,0
2023-02-23,375,7503355,242,6518759,10,592857,26,3423642,28,508694,68,3953150,1428,1277866,1951,1637.29,19690670,14480468,0
2023-02-24,351,7503706,319,6519078,4,592861,30,3423672,25,508719,63,3953213,1671,1279537,2219,1636,19692889,14480961,0
2023-02-25,155,7503861,121,6519199,2,592863,8,3423680,13,508732,23,3953236,752,1280289,943,1603.57,19693832,14481131,0
2023-02-26,91,7503952,43,6519242,0,592863,7,3423687,3,508735,15,3953251,457,1280746,515,1591.43,19694347,14481179,0
2023-02-27,367,7504319,284,6519526,4,592867,28,3423715,20,508755,52,3953303,1461,1282207,1962,1674,19696309,14481632,0
2023-02-28,340,7504659,232,6519758,8,592875,29,3423744,27,508782,61,3953364,1241,1283448,1707,1630.57,19698016,14482042,0
2023-03-01,373,7505032,265,6520023,6,592881,22,3423766,18,508800,46,3953410,1390,1284838,1890,1598.14,19699906,14482502,120000
2023-03-02,344,7505376,277,6520300,8,592889,17,3423783,22,508822,46,3953456,1259,1286097,1756,1570.29,19701662,14482960,120000
2023-03-03,156,7505532,127,6520427,1,592890,15,3423798,18,508840,38,3953494,649,1286746,920,1384.71,19702582,14483198,120000
