"DATE","ADMIN_DOSE1_DAILY","ADMIN_DOSE1_CUMULATIVE","ADMIN_DOSE2_DAILY","ADMIN_DOSE2_CUMULATIVE","ADMIN_SINGLE_DAILY","ADMIN_SINGLE_CUMULATIVE","ADMIN_ADDITIONAL1_DAILY","ADMIN_ADDITIONAL1_CUMULATIVE","ADMIN_ADDITIONAL2_DAILY","ADMIN_ADDITIONAL2_CUMULATIVE","ADMIN_ADDITIONAL_DAILY","ADMIN_ADDITIONAL_CUMULATIVE","ADMIN_BIVALENT_ADDITIONAL_DAILY","ADMIN_BIVALENT_ADDITIONAL_CUMULATIVE","ADMIN_ALLDOSES_DAILY","ADMIN_ALLDOSES_7DAYAVG","ADMIN_ALLDOSES_CUMULATIVE","ADMIN_ALLDOSES_PRIMARY","INCOMPLETE"
2020-12-14,79,79,0,0,2,2,0,0,0,0,0,0,0,0,81,,81,81,0
2020-12-15,2052,2131,7,7,5,7,0,0,0,0,0,0,0,0,2064,,2145,2145,0
2020-12-16,4605,6736,16,23,4,11,1,1,0,0,1,1,0,0,4626,,6771,6770,0
2020-12-17,4661,11397,18,41,2,13,1,2,0,0,1,2,0,0,4682,,11453,11451,0
2020-12-18,5836,17233,18,59,2,15,2,4,0,0,2,4,0,0,5858,,17311,17307,0
2020-12-19,1688,18921,9,68,3,18,0,4,0,0,0,4,0,0,1700,,19011,19007,0
2020-12-20,1117,20038,2,70,1,19,0,4,0,0,0,4,0,0,1120,2875.86,20131,20127,0
2020-12-21,6390,26428,22,92,0,19,5,9,0,0,5,9,0,0,6417,3781,26548,26539,0
2020-12-22,9765,36193,28,120,2,21,1,10,0,0,1,10,0,0,9796,4885.57,36344,36334,0
2020-12-23,14276,50469,37,157,3,24,0,10,0,0,0,10,0,0,14316,6269.86,50660,50650,0
2020-12-24,7170,57639,28,185,1,25,0,10,0,0,0,10,0,0,7199,6629.43,57859,57849,0
2020-12-25,180,57819,0,185,0,25,1,11,0,0,1,11,0,0,181,5818.43,58040,58029,0
2020-12-26,4391,62210,47,232,0,25,1,12,0,0,1,12,0,0,4439,6209.71,62479,62467,0
2020-12-27,3870,66080,14,246,0,25,1,13,0,0,1,13,0,0,3885,6604.71,66364,66351,0
2020-12-28,10992,77072,51,297,1,26,3,16,0,0,3,16,0,0,11047,7266.14,77411,77395,0
2020-12-29,10712,87784,37,334,2,28,3,19,0,0,3,19,0,0,10754,7403,88165,88146,0
2020-12-30,12822,100606,44,378,0,28,0,19,0,0,0,19,0,0,12866,7195.86,101031,101012,0
2020-12-31,7259,107865,37,415,1,29,0,19,0,0,0,19,0,0,7297,7209.86,108328,108309,0
2021-01-01,178,108043,2,417,1,30,3,22,0,0,3,22,0,0,184,7210.29,108512,108490,0
2021-01-02,3809,111852,10,427,3,33,2,24,0,0,2,24,0,0,3824,7122.43,112336,112312,0
2021-01-03,3541,115393,25,452,2,35,1,25,0,0,1,25,0,0,3569,7077.29,115905,115880,0
2021-01-04,12252,127645,810,1262,2,37,7,32,0,0,7,32,0,0,13071,7366.43,128976,128944,0
2021-01-05,14089,141734,2197,3459,2,39,14,46,1,1,15,47,0,0,16303,8159.14,145279,145232,0
2021-01-06,17795,159529,3930,7389,1,40,31,77,8,9,39,86,0,0,21765,9430.43,167044,166958,0
2021-01-07,16539,176068,5183,12572,4,44,46,123,3,12,49,135,0,0,21775,11498.71,188819,188684,0
2021-01-08,16609,192677,5462,18034,0,44,36,159,4,16,40,175,0,0,22111,14631.14,210930,210755,0
2021-01-09,7649,200326,1465,19499,1,45,7,166,2,18,9,184,0,0,9124,15388.29,220054,219870,0
2021-01-10,7880,208206,978,20477,0,45,14,180,0,18,14,198,0,0,8872,16145.86,228926,228728,0
2021-01-11,25809,234015,7459,27936,2,47,56,236,8,26,64,262,0,0,33334,19040.57,262260,261998,0
2021-01-12,28243,262258,7867,35803,1,48,45,281,4,30,49,311,0,0,36160,21877.29,298420,298109,0
2021-01-13,31702,293960,9423,45226,1,49,59,340,5,35,64,375,0,0,41190,24652.29,339610,339235,0
2021-01-14,35799,329759,5301,50527,1,50,34,374,7,42,41,416,0,0,41142,27419,380752,380336,0
2021-01-15,29248,359007,3716,54243,2,52,32,406,5,47,37,453,0,0,33003,28975,413755,413302,0
2021-01-16,30267,389274,2396,56639,0,52,24,430,6,53,30,483,0,0,32693,32342,446448,445965,0
2021-01-17,23730,413004,1645,58284,0,52,20,450,1,54,21,504,0,0,25396,34702.57,471844,471340,0
2021-01-18,27086,440090,2426,60710,0,52,37,487,7,61,44,548,0,0,29557,34163,501401,500853,0
2021-01-19,34274,474364,9641,70351,1,53,72,559,7,68,79,627,0,0,43995,35282.29,545396,544769,0
2021-01-20,34850,509214,9505,79856,1,54,62,621,3,71,65,692,0,0,44421,35743.86,589817,589125,0
2021-01-21,25576,534790,8098,87954,2,56,55,676,5,76,60,752,0,0,33736,34685.86,623553,622801,0
2021-01-22,24743,559533,4387,92341,1,57,31,707,7,83,38,790,0,0,29169,34138.14,652722,651932,0
2021-01-23,15739,575272,3225,95566,0,57,12,719,2,85,14,804,0,0,18978,32178.86,671700,670896,0
2021-01-24,7173,582445,3459,99025,0,57,19,738,1,86,20,824,0,0,10652,30072.57,682352,681528,0
2021-01-25,13399,595844,11829,110854,0,57,68,806,13,99,81,905,0,0,25309,29465.71,707661,706756,0
2021-01-26,16748,612592,10766,121620,0,57,69,875,3,102,73,978,0,0,27587,27121.71,735248,734271,0
2021-01-27,20828,633420,12357,133977,0,57,53,928,9,111,62,1040,0,0,33249,25525.71,768497,767458,0
2021-01-28,30748,664168,12859,146836,0,57,82,1010,16,127,98,1138,0,0,43708,26950.29,812205,811068,0
2021-01-29,31676,695844,11512,158348,0,57,84,1094,11,138,95,1233,0,0,43283,28966.57,855488,854256,0
2021-01-30,18705,714549,3744,162092,0,57,22,1116,2,140,25,1258,0,0,22474,29466,877962,876706,0
2021-01-31,13006,727555,2930,165022,1,58,28,1144,5,145,33,1291,0,0,15970,30225.71,893932,892643,0
2021-02-01,1180,728735,5401,170423,4,62,36,1180,4,149,40,1331,0,0,6625,27556.57,900557,899228,0
2021-02-02,2822,731557,9443,179866,2,64,53,1233,3,152,56,1387,0,0,12323,25376,912880,911495,0
2021-02-03,16342,747899,21235,201101,4,68,214,1447,22,174,236,1623,0,0,37817,26028.57,950697,949076,0
2021-02-04,27035,774934,19651,220752,3,71,209,1656,10,184,219,1842,0,0,46908,26485.71,997605,995765,0
2021-02-05,27576,802510,20030,240782,0,71,194,1850,16,200,211,2053,0,0,47817,27133.43,1045422,1043372,0
2021-02-06,22975,825485,11251,252033,0,71,116,1966,12,212,128,2181,0,0,34354,28830.57,1079776,1077598,0
2021-02-07,12029,837514,8286,260319,1,72,97,2063,12,224,110,2291,0,0,20426,29467.14,1100202,1097915,0
2021-02-08,16941,854455,23524,283843,2,74,239,2302,35,259,275,2566,0,0,40742,34341,1140944,1138383,0
2021-02-09,17185,871640,28089,311932,2,76,357,2659,42,301,402,2968,0,0,45678,39106,1186622,1183662,0
2021-02-10,19583,891223,29301,341233,2,78,272,2931,52,353,327,3295,0,0,49214,40734.14,1235836,1232552,0
2021-02-11,27830,919053,33456,374689,2,80,353,3284,60,413,413,3708,0,0,61703,42847.71,1297539,1293842,0
2021-02-12,38352,957405,30812,405501,3,83,361,3645,41,454,403,4111,0,0,69570,45955.29,1367109,1363010,0
2021-02-13,27987,985392,25310,430811,2,85,315,3960,58,512,374,4485,0,0,53674,48715.29,1420783,1416311,0
2021-02-14,16259,1001651,23721,454532,0,85,280,4240,35,547,315,4800,0,0,40295,51553.71,1461078,1456291,0
2021-02-15,12791,1014442,10526,465058,2,87,179,4419,24,571,204,5004,0,0,23523,49093.86,1484601,1479611,0
2021-02-16,14232,1028674,26705,491763,0,87,344,4763,41,612,386,5390,0,0,41323,48471.71,1525924,1520549,0
2021-02-17,16381,1045055,22193,513956,1,88,290,5053,40,652,330,5720,0,0,38905,46999,1564829,1559124,0
2021-02-18,12138,1057193,24981,538937,21,109,305,5358,45,697,350,6070,0,0,37490,43540,1602319,1596264,0
2021-02-19,13239,1070432,23923,562860,38,147,316,5674,49,746,365,6435,0,0,37565,38967.86,1639884,1633464,0
2021-02-20,11347,1081779,26066,588926,7,154,338,6012,78,824,418,6853,0,0,37839,36705.71,1677723,1670887,0
2021-02-21,6356,1088135,17405,606331,15,169,300,6312,46,870,347,7200,0,0,24123,34395.43,1701846,1694664,0
2021-02-22,13047,1101182,11831,618162,2,171,133,6445,21,891,154,7354,0,0,25034,34611.29,1726880,1719544,0
2021-02-23,25239,1126421,14135,632297,1,172,168,6613,35,926,204,7558,0,0,39580,34362.29,1766460,1758921,0
2021-02-24,36336,1162757,20397,652694,0,172,232,6845,42,968,275,7833,0,0,57008,36948.43,1823468,1815655,0
2021-02-25,54570,1217327,30405,683099,6,178,411,7256,64,1032,476,8309,0,0,85457,43800.86,1908925,1900637,0
2021-02-26,62822,1280149,31875,714974,4,182,423,7679,78,1110,504,8813,0,0,95205,52035.14,2004130,1995341,0
2021-02-27,51262,1331411,22752,737726,47,229,352,8031,54,1164,407,9220,0,0,74468,57267.86,2078598,2069403,0
2021-02-28,44555,1375966,13846,751572,7,236,206,8237,37,1201,243,9463,0,0,58651,62200.43,2137249,2127811,0
2021-03-01,39303,1415269,12784,764356,10,246,170,8407,24,1225,194,9657,0,0,52291,66094.29,2189540,2179908,0
2021-03-02,47070,1462339,12583,776939,7,253,158,8565,16,1241,174,9831,0,0,59834,68987.71,2249374,2239568,0
2021-03-03,48588,1510927,16154,793093,17,270,157,8722,21,1262,178,10009,0,0,64937,70120.43,2314311,2304327,0
2021-03-04,59800,1570727,22815,815908,1092,1362,277,8999,36,1298,314,10323,0,0,84021,69915.29,2398332,2388035,0
2021-03-05,60951,1631678,24288,840196,3107,4469,337,9336,36,1334,375,10698,0,0,88721,68989,2487053,2476383,0
2021-03-06,47151,1678829,18882,859078,5451,9920,246,9582,41,1375,287,10985,0,0,71771,68603.71,2558824,2547867,0
2021-03-07,36025,1714854,14880,873958,6244,16164,239,9821,21,1396,262,11247,0,0,57411,68426.57,2616235,2605018,0
2021-03-08,39607,1754461,14684,888642,8557,24721,320,10141,92,1488,417,11664,0,0,63265,69994.29,2679500,2667871,0
2021-03-09,39083,1793544,12858,901500,7759,32480,185,10326,35,1523,221,11885,0,0,59921,70006.71,2739421,2727572,0
2021-03-10,51812,1845356,15364,916864,5064,37544,228,10554,34,1557,264,12149,0,0,72504,71087.71,2811925,2799814,0
2021-03-11,59959,1905315,21825,938689,4619,42163,258,10812,48,1605,308,12457,0,0,86711,71472,2898636,2886219,0
2021-03-12,52171,1957486,30308,968997,4182,46345,389,11201,86,1691,475,12932,0,0,87136,71245.57,2985772,2972880,0
2021-03-13,40635,1998121,26686,995683,5110,51455,333,11534,54,1745,387,13319,0,0,72819,71395.29,3058591,3045312,0
2021-03-14,30696,2028817,15973,1011656,4523,55978,250,11784,29,1774,281,13600,0,0,51474,70547.14,3110065,3096507,0
2021-03-15,33582,2062399,17256,1028912,4702,60680,246,12030,33,1807,279,13879,0,0,55819,69483.43,3165884,3152047,0
2021-03-16,38657,2101056,20516,1049428,4925,65605,266,12296,36,1843,303,14182,0,0,64401,70123.43,3230285,3216146,0
2021-03-17,42600,2143656,24786,1074214,4243,69848,353,12649,43,1886,397,14579,0,0,72026,70055.14,3302311,3287776,0
2021-03-18,50410,2194066,26810,1101024,5226,75074,386,13035,64,1950,450,15029,0,0,82896,69510.14,3385207,3370222,0
2021-03-19,47765,2241831,29965,1130989,5623,80697,406,13441,73,2023,479,15508,0,0,83833,69038.29,3469040,3453576,0
2021-03-20,38695,2280526,25829,1156818,4683,85380,308,13749,61,2084,370,15878,0,0,69577,68575.14,3538617,3522784,0
2021-03-21,29285,2309811,19354,1176172,769,86149,231,13980,44,2128,275,16153,0,0,49683,68319.29,3588300,3572192,0
2021-03-22,33849,2343660,26755,1202927,4037,90186,260,14240,38,2166,299,16452,0,0,64941,69622.43,3653241,3636835,0
2021-03-23,38413,2382073,32850,1235777,4214,94400,304,14544,54,2220,362,16814,0,0,75839,71256.43,3729080,3712316,0
2021-03-24,41469,2423542,37618,1273395,4843,99243,338,14882,64,2284,405,17219,0,0,84335,73014.86,3813415,3796249,0
2021-03-25,43386,2466928,50781,1324176,5050,104293,494,15376,89,2373,587,17806,0,0,99804,75430.29,3913219,3895470,0
2021-03-26,38488,2505416,55492,1379668,4307,108600,544,15920,106,2479,654,18460,0,0,98941,77588.57,4012160,3993761,0
2021-03-27,35720,2541136,45742,1425410,2938,111538,437,16357,85,2564,523,18983,0,0,84923,79780.86,4097083,4078162,0
2021-03-28,26373,2567509,34452,1459862,1481,113019,345,16702,67,2631,416,19399,0,0,62722,81643.57,4159805,4140472,0
2021-03-29,34804,2602313,38858,1498720,3244,116263,361,17063,115,2746,477,19876,0,0,77383,83421,4237188,4217379,0
2021-03-30,40486,2642799,41922,1540642,3712,119975,351,17414,65,2811,417,20293,0,0,86537,84949.29,4323725,4303500,0
2021-03-31,49366,2692165,44878,1585520,7438,127413,418,17832,86,2897,504,20797,0,0,102186,87499.43,4425911,4405182,0
2021-04-01,50760,2742925,53947,1639467,11272,138685,511,18343,85,2982,600,21397,0,0,116579,89895.86,4542490,4521165,0
2021-04-02,43748,2786673,53870,1693337,11965,150650,561,18904,72,3054,638,22035,0,0,110221,91507.29,4652711,4630753,0
2021-04-03,39235,2825908,39208,1732545,9860,160510,350,19254,60,3114,411,22446,0,0,88714,92048.86,4741425,4719057,0
2021-04-04,26549,2852457,24780,1757325,3902,164412,230,19484,50,3164,280,22726,0,0,55511,91018.71,4796936,4774288,0
2021-04-05,41859,2894316,34483,1791808,11195,175607,391,19875,60,3224,452,23178,0,0,87989,92533.86,4884925,4861826,0
2021-04-06,53242,2947558,35614,1827422,13214,188821,446,20321,79,3303,526,23704,0,0,102596,94828,4987521,4963897,0
2021-04-07,55478,3003036,40707,1868129,14385,203206,413,20734,84,3387,499,24203,0,0,111069,96097,5098590,5074469,0
2021-04-08,59236,3062272,46584,1914713,16337,219543,536,21270,88,3475,625,24828,0,0,122782,96983.14,5221372,5196627,0
2021-04-09,56626,3118898,44948,1959661,17556,237099,542,21812,80,3555,627,25455,0,0,119757,98345.43,5341129,5315762,0
2021-04-10,49331,3168229,35640,1995301,12716,249815,403,22215,62,3617,469,25924,0,0,98156,99694.29,5439285,5413453,0
2021-04-11,38158,3206387,28823,2024124,7679,257494,302,22517,62,3679,365,26289,0,0,75025,102482,5514310,5488114,0
2021-04-12,46621,3253008,31836,2055960,13495,270989,477,22994,69,3748,546,26835,0,0,92498,103126.14,5606808,5580066,0
2021-04-13,52534,3305542,33793,2089753,369,271358,407,23401,64,3812,472,27307,0,0,87168,100922.14,5693976,5666763,0
2021-04-14,50131,3355673,39955,2129708,20,271378,373,23774,79,3891,453,27760,0,0,90559,97992.14,5784535,5756870,0
2021-04-15,52105,3407778,43689,2173397,16,271394,465,24239,107,3998,577,28337,0,0,96388,94221.57,5880923,5852686,0
2021-04-16,51179,3458957,42201,2215598,32,271426,444,24683,72,4070,519,28856,0,0,93931,90532.14,5974854,5946101,0
2021-04-17,43825,3502782,35693,2251291,3,271429,373,25056,84,4154,459,29315,0,0,79980,87935.57,6054834,6025624,0
2021-04-18,28594,3531376,29364,2280655,7,271436,265,25321,65,4219,331,29646,0,0,58296,85545.71,6113130,6083590,0
2021-04-19,37444,3568820,36451,2317106,22,271458,340,25661,68,4287,410,30056,0,0,74327,82949.86,6187457,6157509,0
2021-04-20,40797,3609617,39622,2356728,19,271477,321,25982,84,4371,406,30462,0,0,80844,82046.43,6268301,6237948,0
2021-04-21,38873,3648490,46028,2402756,17,271494,507,26489,99,4470,607,31069,0,0,85525,81327.29,6353826,6322867,0
2021-04-22,38478,3686968,48958,2451714,9,271503,351,26840,79,4549,432,31501,0,0,87878,80111.57,6441704,6410315,0
2021-04-23,39682,3726650,44390,2496104,3,271506,357,27197,75,4624,434,31935,0,0,84509,78765.57,6526213,6494392,0
2021-04-24,31923,3758573,41604,2537708,44,271550,286,27483,63,4687,350,32285,0,0,73921,77900,6600134,6567964,0
2021-04-25,18412,3776985,31218,2568926,87,271637,204,27687,61,4748,265,32550,0,0,49982,76712.29,6650116,6617681,0
2021-04-26,26954,3803939,40721,2609647,1012,272649,306,27993,94,4842,405,32955,0,0,69092,75964.43,6719208,6686373,0
2021-04-27,28553,3832492,47130,2656777,1696,274345,375,28368,96,4938,476,33431,0,0,77855,75537.43,6797063,6763757,0
2021-04-28,27008,3859500,56844,2713621,2146,276491,451,28819,100,5038,554,33985,0,0,86552,75684.14,6883615,6849758,0
2021-04-29,28584,3888084,57206,2770827,2149,278640,377,29196,101,5139,480,34465,0,0,88419,75761.43,6972034,6937699,0
2021-04-30,30100,3918184,51993,2822820,2059,280699,294,29490,75,5214,370,34835,0,0,84523,75763.43,7056557,7021853,0
2021-05-01,22474,3940658,44537,2867357,1177,281876,237,29727,65,5279,304,35139,0,0,68492,74987.86,7125049,7090043,0
2021-05-02,11915,3952573,36641,2903998,1081,282957,153,29880,57,5336,212,35351,0,0,49849,74968.86,7174898,7139682,0
2021-05-03,18007,3970580,53024,2957022,2381,285338,266,30146,92,5428,361,35712,0,0,73775,75637.86,7248673,7213099,0
2021-05-04,22728,3993308,56640,3013662,2331,287669,276,30422,118,5546,395,36107,0,0,82094,76243.43,7330767,7294799,0
2021-05-05,21472,4014780,48755,3062417,2313,289982,318,30740,104,5650,423,36530,0,0,72964,74302.29,7403731,7367341,0
2021-05-06,20670,4035450,50177,3112594,2508,292490,282,31022,91,5741,377,36907,0,0,73732,72204.14,7477463,7440700,0
2021-05-07,21233,4056683,52105,3164699,2812,295302,320,31342,79,5820,400,37307,0,0,76550,71065.14,7554013,7516851,0
2021-05-08,16617,4073300,41865,3206564,1834,297136,238,31580,73,5893,311,37618,0,0,60627,69941.57,7614640,7577167,0
2021-05-09,7968,4081268,29405,3235969,1260,298396,155,31735,56,5949,211,37829,0,0,38844,68369.43,7653484,7615800,0
2021-05-10,14374,4095642,38524,3274493,2356,300752,251,31986,93,6042,348,38177,0,0,55602,65773.29,7709086,7671058,0
2021-05-11,19897,4115539,43063,3317556,2512,303264,291,32277,88,6130,384,38561,0,0,65857,63453.71,7774943,7736536,0
2021-05-12,17811,4133350,40537,3358093,3595,306859,242,32519,80,6210,322,38883,0,0,62265,61925.29,7837208,7798479,0
2021-05-13,24952,4158302,40425,3398518,3229,310088,274,32793,81,6291,357,39240,0,0,68963,61244,7906171,7867087,0
2021-05-14,27005,4185307,42943,3441461,3536,313624,277,33070,96,6387,375,39615,0,0,73859,60859.57,7980030,7940573,0
2021-05-15,23638,4208945,34921,3476382,3364,316988,261,33331,75,6462,337,39952,0,0,62260,61092.86,8042290,8002497,0
2021-05-16,15518,4224463,19456,3495838,2496,319484,123,33454,47,6509,171,40123,0,0,37641,60921,8079931,8039968,0
2021-05-17,22664,4247127,29136,3524974,3252,322736,191,33645,73,6582,264,40387,0,0,55316,60880.14,8135247,8095020,0
2021-05-18,24614,4271741,31905,3556879,3402,326138,246,33891,83,6665,329,40716,0,0,60250,60079.14,8195497,8154941,0
2021-05-19,24175,4295916,29726,3586605,3041,329179,233,34124,49,6714,283,40999,0,0,57225,59359.14,8252722,8211884,0
2021-05-20,24135,4320051,30104,3616709,3163,332342,273,34397,88,6802,366,41365,0,0,57768,57759.86,8310490,8269291,0
2021-05-21,24665,4344716,32003,3648712,3057,335399,253,34650,63,6865,319,41684,0,0,60044,55786.29,8370534,8329019,0
2021-05-22,20014,4364730,24371,3673083,2523,337922,167,34817,49,6914,217,41901,0,0,47125,53624.14,8417659,8375928,0
2021-05-23,11226,4375956,13733,3686816,1411,339333,95,34912,32,6946,129,42030,0,0,26499,52032.43,8444158,8402300,0
2021-05-24,18857,4394813,23163,3709979,2757,342090,222,35134,55,7001,280,42310,0,0,45057,50566.86,8489215,8447080,0
2021-05-25,19420,4414233,23386,3733365,2601,344691,177,35311,59,7060,236,42546,0,0,45643,48480.14,8534858,8492487,0
2021-05-26,18774,4433007,21089,3754454,2698,347389,205,35516,49,7109,256,42802,0,0,42817,46421.86,8577675,8535050,0
2021-05-27,18454,4451461,21282,3775736,2531,349920,183,35699,62,7171,246,43048,0,0,42513,44242.57,8620188,8577318,0
2021-05-28,17855,4469316,22878,3798614,2751,352671,191,35890,59,7230,251,43299,0,0,43735,41912.71,8663923,8620803,0
2021-05-29,12702,4482018,17816,3816430,1754,354425,106,35996,39,7269,146,43445,0,0,32418,39811.71,8696341,8653076,0
2021-05-30,7025,4489043,8950,3825380,1074,355499,50,36046,16,7285,66,43511,0,0,17115,38471.14,8713456,8670125,0
2021-05-31,4740,4493783,6922,3832302,1011,356510,65,36111,18,7303,83,43594,0,0,12756,33856.71,8726212,8682798,0
2021-06-01,16046,4509829,25190,3857492,2177,358687,159,36270,42,7345,205,43799,0,0,43618,33567.43,8769830,8726215,0
2021-06-02,15351,4525180,20401,3877893,2095,360782,141,36411,47,7392,188,43987,0,0,38035,32884.29,8807865,8764062,0
2021-06-03,14995,4540175,23824,3901717,2280,363062,132,36543,45,7437,179,44166,0,0,41278,32707.86,8849143,8805163,0
2021-06-04,14710,4554885,26003,3927720,2492,365554,151,36694,42,7479,194,44360,0,0,43400,32660,8892543,8848370,0
2021-06-05,10979,4565864,22104,3949824,1806,367360,115,36809,29,7508,145,44505,0,0,35034,33033.71,8927577,8883260,0
2021-06-06,6443,4572307,14487,3964311,1221,368581,90,36899,12,7520,103,44608,0,0,22254,33767.86,8949831,8905412,0
2021-06-07,11695,4584002,21789,3986100,2378,370959,144,37043,37,7557,184,44792,0,0,36046,37095,8985877,8941277,0
2021-06-08,12624,4596626,24022,4010122,2071,373030,127,37170,46,7603,174,44966,0,0,38891,36419.71,9024768,8979995,0
2021-06-09,11124,4607750,23026,4033148,2300,375330,140,37310,44,7647,186,45152,0,0,36636,36219.86,9061404,9016447,0
2021-06-10,12055,4619805,22237,4055385,2462,377792,144,37454,62,7709,206,45358,0,0,36961,35603.14,9098365,9053202,0
2021-06-11,12696,4632501,25125,4080510,2483,380275,159,37613,63,7772,223,45581,0,0,40527,35192.71,9138892,9093507,0
2021-06-12,10158,4642659,19319,4099829,1888,382163,96,37709,43,7815,141,45722,0,0,31506,34688.71,9170398,9124874,0
2021-06-13,4251,4646910,10938,4110767,1219,383382,42,37751,21,7836,63,45785,0,0,16473,33862.86,9186871,9141284,0
2021-06-14,10202,4657112,19240,4130007,2041,385423,132,37883,53,7889,185,45970,0,0,31668,33237.43,9218539,9172767,0
2021-06-15,11880,4668992,21018,4151025,1942,387365,131,38014,43,7932,175,46145,0,0,35016,32683.86,9253555,9207609,0
2021-06-16,11581,4680573,19403,4170428,1956,389321,149,38163,74,8006,223,46368,0,0,33163,32187.71,9286718,9240549,0
2021-06-17,11019,4691592,18759,4189187,1973,391294,130,38293,35,8041,167,46535,0,0,31918,31467.29,9318636,9272302,0
2021-06-18,12166,4703758,18495,4207682,2115,393409,120,38413,37,8078,158,46693,0,0,32935,30382.71,9351571,9305080,0
2021-06-19,8492,4712250,13517,4221199,1459,394868,89,38502,21,8099,110,46803,0,0,23578,29250.14,9375149,9328548,0
2021-06-20,4333,4716583,7160,4228359,924,395792,37,38539,16,8115,53,46856,0,0,12470,28678.29,9387619,9340965,0
2021-06-21,10153,4726736,10013,4238372,1806,397598,72,38611,28,8143,101,46957,0,0,22073,27307.57,9409692,9362938,0
2021-06-22,9830,4736566,15646,4254018,1588,399186,107,38718,29,8172,136,47093,0,0,27200,26191,9436892,9390002,0
2021-06-23,10306,4746872,15188,4269206,1862,401048,104,38822,31,8203,136,47229,0,0,27492,25380.86,9464384,9417359,0
2021-06-24,9682,4756554,14702,4283908,1798,402846,123,38945,26,8229,151,47380,0,0,26333,24583,9490717,9443543,0
2021-06-25,10584,4767138,14387,4298295,1720,404566,117,39062,38,8267,155,47535,0,0,26846,23713.14,9517563,9470234,0
2021-06-26,7799,4774937,10465,4308760,1249,405815,78,39140,23,8290,102,47637,0,0,19615,23147,9537178,9489748,0
2021-06-27,4997,4779934,6002,4314762,795,406610,34,39174,15,8305,50,47687,0,0,11844,23057.57,9549022,9501543,0
2021-06-28,9033,4788967,10348,4325110,1526,408136,110,39284,26,8331,137,47824,0,0,21044,22910.57,9570066,9522451,0
2021-06-29,9730,4798697,12332,4337442,1347,409483,127,39411,33,8364,161,47985,0,0,23570,22392,9593636,9545861,0
2021-06-30,9424,4808121,10934,4348376,1486,410969,150,39561,18,8382,171,48156,0,0,22015,21609.57,9615651,9567708,0
2021-07-01,9392,4817513,10927,4359303,1434,412403,132,39693,25,8407,159,48315,0,0,21912,20978,9637563,9589463,0
2021-07-02,9688,4827201,11458,4370761,1541,413944,119,39812,21,8428,140,48455,0,0,22828,20404,9660391,9612151,0
2021-07-03,7057,4834258,8422,4379183,1192,415136,79,39891,17,8445,96,48551,0,0,16767,19997.14,9677158,9628822,0
2021-07-04,1286,4835544,1335,4380518,567,415703,11,39902,3,8448,14,48565,0,0,3202,18762.57,9680360,9632010,0
2021-07-05,6492,4842036,7108,4387626,1207,416910,67,39969,22,8470,89,48654,0,0,14896,17884.29,9695256,9646817,0
2021-07-06,9506,4851542,12856,4400482,1315,418225,117,40086,38,8508,156,48810,0,0,23833,17921.86,9719089,9670495,0
2021-07-07,8661,4860203,11110,4411592,1418,419643,128,40214,21,8529,149,48959,0,0,21338,17825.14,9740427,9691684,0
2021-07-08,8218,4868421,10195,4421787,1258,420901,108,40322,22,8551,132,49091,0,0,19803,17523.86,9760230,9711357,0
2021-07-09,8370,4876791,10834,4432621,1280,422181,90,40412,20,8571,110,49201,0,0,20594,17204.71,9780824,9731841,0
2021-07-10,7099,4883890,8636,4441257,1131,423312,67,40479,20,8591,88,49289,0,0,16954,17231.43,9797778,9748708,0
2021-07-11,4104,4887994,4540,4445797,701,424013,38,40517,6,8597,44,49333,0,0,9389,18115.29,9807167,9758053,0
2021-07-12,8449,4896443,9564,4455361,1251,425264,84,40601,23,8620,107,49440,0,0,19371,18754.57,9826538,9777317,0
2021-07-13,9456,4905899,9396,4464757,952,426216,109,40710,35,8655,146,49586,0,0,19950,18199.86,9846488,9797123,0
2021-07-14,8992,4914891,9536,4474293,1010,427226,108,40818,22,8677,134,49720,0,0,19672,17961.86,9866160,9816665,0
2021-07-15,8792,4923683,9158,4483451,1052,428278,83,40901,20,8697,104,49824,0,0,19106,17862.29,9885266,9835668,0
2021-07-16,9249,4932932,9763,4493214,981,429259,102,41003,29,8726,131,49955,0,0,20124,17795.14,9905390,9855661,0
2021-07-17,6838,4939770,7390,4500604,803,430062,79,41082,21,8747,100,50055,0,0,15131,17534.71,9920521,9870692,0
2021-07-18,4253,4944023,4285,4504889,575,430637,36,41118,14,8761,50,50105,0,0,9163,17502.43,9929684,9879805,0
2021-07-19,9119,4953142,8486,4513375,999,431636,93,41211,22,8783,116,50221,0,0,18720,17409.43,9948404,9898410,0
2021-07-20,10640,4963782,8761,4522136,991,432627,96,41307,25,8808,122,50343,0,0,20514,17490,9968918,9918803,0
2021-07-21,10052,4973834,8773,4530909,904,433531,149,41456,33,8841,182,50525,0,0,19911,17524.14,9988829,9938532,0
2021-07-22,10686,4984520,8584,4539493,1046,434577,146,41602,27,8868,174,50699,0,0,20490,17721.86,10009319,9958849,0
2021-07-23,11247,4995767,8887,4548380,1114,435691,139,41741,23,8891,164,50863,0,0,21412,17905.86,10030731,9980099,0
2021-07-24,7400,5003167,6740,4555120,670,436361,82,41823,26,8917,109,50972,0,0,14919,17875.57,10045650,9994910,0
2021-07-25,5471,5008638,2130,4557250,509,436870,58,41881,4,8921,62,51034,0,0,8172,17734,10053822,10003020,0
2021-07-26,10866,5019504,7009,4564259,856,437726,112,41993,20,8941,132,51166,0,0,18863,17754.43,10072685,10021751,0
2021-07-27,12063,5031567,8571,4572830,856,438582,139,42132,41,8982,181,51347,0,0,21671,17919.71,10094356,10043242,0
2021-07-28,12010,5043577,8054,4580884,950,439532,136,42268,29,9011,166,51513,0,0,21180,18101,10115536,10064257,0
2021-07-29,10929,5054506,7433,4588317,983,440515,136,42404,41,9052,181,51694,0,0,19526,17963.29,10135062,10083606,0
2021-07-30,14946,5069452,8017,4596334,1151,441666,186,42590,32,9084,220,51914,0,0,24334,18380.71,10159396,10107722,0
2021-07-31,9719,5079171,6323,4602657,815,442481,122,42712,20,9104,143,52057,0,0,17000,18678,10176396,10124580,0
2021-08-01,6498,5085669,3311,4605968,564,443045,81,42793,22,9126,103,52160,0,0,10476,19007.14,10186872,10134953,0
2021-08-02,13448,5099117,7156,4613124,846,443891,150,42943,19,9145,169,52329,0,0,21619,19400.86,10208491,10156403,0
2021-08-03,15404,5114521,8393,4621517,1109,445000,144,43087,39,9184,184,52513,0,0,25090,19889.29,10233581,10181310,0
2021-08-04,17258,5131779,8131,4629648,1454,446454,183,43270,36,9220,219,52732,0,0,27062,20729.57,10260643,10208153,0
2021-08-05,17884,5149663,7934,4637582,1371,447825,159,43429,21,9241,180,52912,0,0,27369,21850,10288012,10235342,0
2021-08-06,18173,5167836,8421,4646003,1230,449055,171,43600,32,9273,203,53115,0,0,28027,22377.57,10316039,10263166,0
2021-08-07,13378,5181214,6018,4652021,799,449854,104,43704,29,9302,133,53248,0,0,20328,22853,10336367,10283361,0
2021-08-08,9309,5190523,3834,4655855,400,450254,84,43788,10,9312,94,53342,0,0,13637,23304.57,10350004,10296904,0
2021-08-09,21335,5211858,8529,4664384,965,451219,178,43966,34,9346,213,53555,0,0,31042,24650.71,10381046,10327734,0
2021-08-10,18944,5230802,9334,4673718,946,452165,180,44146,33,9379,214,53769,0,0,29438,25271.86,10410484,10356959,0
2021-08-11,15644,5246446,8314,4682032,853,453018,131,44277,45,9424,177,53946,0,0,24988,24975.57,10435472,10381771,0
2021-08-12,15050,5261496,8989,4691021,942,453960,180,44457,35,9459,217,54163,0,0,25198,24665.43,10460670,10406754,0
2021-08-13,14915,5276411,9292,4700313,919,454879,247,44704,38,9497,286,54449,0,0,25413,24292,10486083,10431882,0
2021-08-14,10393,5286804,6412,4706725,625,455504,536,45240,41,9538,580,55029,0,0,18010,23960.86,10504093,10449315,0
2021-08-15,6688,5293492,4485,4711210,676,456180,567,45807,33,9571,604,55633,0,0,12453,23791.71,10516546,10461168,0
2021-08-16,15704,5309196,9310,4720520,1149,457329,1329,47136,66,9637,1400,57033,0,0,27563,23294.71,10544109,10487336,0
2021-08-17,17757,5326953,10458,4730978,1229,458558,1775,48911,85,9722,1876,58909,0,0,31320,23563.57,10575429,10516796,0
2021-08-18,17480,5344433,10381,4741359,1261,459819,2002,50913,91,9813,2104,61013,0,0,31226,24454.71,10606655,10545929,0
2021-08-19,16283,5360716,9532,4750891,1315,461134,1961,52874,67,9880,2041,63054,0,0,29171,25022.29,10635826,10573072,0
2021-08-20,16263,5376979,11541,4762432,1252,462386,1871,54745,86,9966,1971,65025,0,0,31027,25824.29,10666853,10602142,0
2021-08-21,11141,5388120,8040,4770472,878,463264,1069,55814,53,10019,1129,66154,0,0,21188,26278.29,10688041,10622208,0
2021-08-22,4076,5392196,3903,4774375,261,463525,519,56333,33,10052,556,66710,0,0,8796,25755.86,10696837,10630452,0
2021-08-23,15572,5407768,11811,4786186,1022,464547,1552,57885,77,10129,1642,68352,0,0,30048,26110.86,10726885,10658871,0
2021-08-24,16911,5424679,12597,4798783,1007,465554,1777,59662,81,10210,1866,70218,0,0,32381,26262.43,10759266,10689394,0
2021-08-25,14562,5439241,12456,4811239,1112,466666,1570,61232,82,10292,1667,71885,0,0,29797,26058.29,10789063,10717539,0
2021-08-26,16142,5455383,14102,4825341,1071,467737,1780,63012,70,10362,1862,73747,0,0,33177,26630.57,10822240,10748866,0
2021-08-27,14873,5470256,14825,4840166,971,468708,1676,64688,77,10439,1761,75508,0,0,32430,26831,10854670,10779543,0
2021-08-28,10674,5480930,11524,4851690,835,469543,1021,65709,46,10485,1068,76576,0,0,24101,27247.14,10878771,10802577,0
2021-08-29,7209,5488139,7499,4859189,541,470084,782,66491,58,10543,849,77425,0,0,16098,28290.29,10894869,10817835,0
2021-08-30,15510,5503649,16931,4876120,1076,471160,1799,68290,94,10637,1901,79326,0,0,35418,29057.43,10930287,10851360,0
2021-08-31,15502,5519151,15961,4892081,951,472111,1982,70272,90,10727,2082,81408,0,0,34496,29359.57,10964783,10883784,0
2021-09-01,14826,5533977,14111,4906192,1020,473131,1815,72087,63,10790,1888,83296,0,0,31845,29652.14,10996628,10913751,0
2021-09-02,14310,5548287,12525,4918717,896,474027,1716,73803,64,10854,1796,85092,0,0,29527,29130.71,11026155,10941498,0
2021-09-03,14997,5563284,14315,4933032,974,475001,1901,75704,71,10925,1979,87071,0,0,32265,29107.14,11058420,10971791,0
2021-09-04,9641,5572925,9406,4942438,688,475689,980,76684,34,10959,1019,88090,0,0,20754,28629,11079174,10991531,0
2021-09-05,6792,5579717,5512,4947950,438,476127,720,77404,17,10976,738,88828,0,0,13480,28255,11092654,11004274,0
2021-09-06,5193,5584910,4512,4952462,358,476485,274,77678,11,10987,287,89115,0,0,10350,24673.86,11103004,11014339,0
2021-09-07,15563,5600473,17703,4970165,912,477397,1562,79240,93,11080,1663,90778,0,0,35841,24866,11138845,11048525,0
2021-09-08,16148,5616621,14831,4984996,1070,478467,1782,81022,83,11163,1877,92655,0,0,33926,25163.29,11172771,11080586,0
2021-09-09,16093,5632714,14757,4999753,1047,479514,1922,82944,78,11241,2011,94666,0,0,33908,25789.14,11206679,11112494,0
2021-09-10,18348,5651062,15403,5015156,1207,480721,1980,84924,85,11326,2073,96739,0,0,37031,26470,11243710,11147460,0
2021-09-11,12630,5663692,10351,5025507,958,481679,1031,85955,50,11376,1087,97826,0,0,25026,27080.29,11268736,11171405,0
2021-09-12,8532,5672224,5053,5030560,765,482444,694,86649,32,11408,727,98553,0,0,15077,27308.43,11283813,11185756,0
2021-09-13,16920,5689144,12965,5043525,976,483420,1662,88311,52,11460,1724,100277,0,0,32585,30484.86,11316398,11216627,0
2021-09-14,16260,5705404,13678,5057203,886,484306,1603,89914,57,11517,1672,101949,0,0,32496,30007,11348894,11247463,0
2021-09-15,15510,5720914,12897,5070100,727,485033,1576,91490,84,11601,1669,103618,0,0,30803,29560.86,11379697,11276606,0
2021-09-16,15331,5736245,13914,5084014,1210,486243,1470,92960,69,11670,1546,105164,0,0,32001,29288.43,11411698,11307068,0
2021-09-17,14427,5750672,13955,5097969,922,487165,1845,94805,58,11728,1905,107069,0,0,31209,28456.71,11442907,11336374,0
2021-09-18,9986,5760658,10189,5108158,913,488078,1054,95859,42,11770,1100,108169,0,0,22188,28051.29,11465095,11357466,0
2021-09-19,6168,5766826,6078,5114236,558,488636,748,96607,28,11798,781,108950,0,0,13585,27838.14,11478680,11370275,0
2021-09-20,12663,5779489,12632,5126868,1068,489704,1927,98534,62,11860,1998,110948,0,0,28362,27234.86,11507042,11396648,0
2021-09-21,12215,5791704,12775,5139643,1108,490812,2036,100570,80,11940,2131,113079,0,0,28229,26625.29,11535271,11422761,0
2021-09-22,12816,5804520,12007,5151650,1090,491902,1690,102260,69,12009,1766,114845,0,0,27679,26179,11562950,11448681,0
2021-09-23,14917,5819437,12768,5164418,1639,493541,2274,104534,76,12085,2357,117202,0,0,31681,26133.29,11594631,11478012,0
2021-09-24,16527,5835964,13367,5177785,1636,495177,4629,109163,127,12212,4775,121977,0,0,36305,26861.29,11630936,11509561,0
2021-09-25,10520,5846484,9033,5186818,1017,496194,3465,112628,81,12293,3562,125539,0,0,24132,27139,11655068,11530147,0
2021-09-26,6288,5852772,5768,5192586,773,496967,2425,115053,61,12354,2497,128036,0,0,15326,27387.71,11670394,11542987,0
2021-09-27,14129,5866901,8065,5200651,1155,498122,9084,124137,164,12518,9298,137334,0,0,32648,28000,11703042,11566387,0
2021-09-28,11104,5878005,11790,5212441,901,499023,9936,134073,182,12700,10157,147491,0,0,33952,28817.57,11736994,11590221,0
2021-09-29,11591,5889596,12195,5224636,1205,500228,9463,143536,173,12873,9670,157161,0,0,34661,29815,11771655,11615246,0
2021-09-30,12211,5901807,12612,5237248,1338,501566,9767,153303,181,13054,9982,167143,0,0,36143,30452.43,11807798,11641441,0
2021-10-01,12616,5914423,13432,5250680,1284,502850,10290,163593,155,13209,10483,177626,0,0,37815,30668.14,11845613,11668811,0
2021-10-02,7717,5922140,9983,5260663,865,503715,4247,167840,82,13291,4353,181979,0,0,22918,30494.71,11868531,11687400,0
2021-10-03,5055,5927195,6159,5266822,593,504308,2624,170464,60,13351,2694,184673,1,1,14502,30377,11883033,11699217,0
2021-10-04,9899,5937094,11019,5277841,914,505222,9539,180003,150,13501,9725,194398,0,1,31557,30221.14,11914590,11721085,0
2021-10-05,10131,5947225,11735,5289576,972,506194,9962,189965,180,13681,10184,204582,1,2,33023,30088.43,11947613,11743965,0
2021-10-06,9868,5957093,11053,5300629,937,507131,9951,199916,163,13844,10151,214733,0,2,32010,29709.71,11979623,11765861,0
2021-10-07,9593,5966686,12158,5312787,850,507981,10185,210101,177,14021,10395,225128,0,2,32996,29260.14,12012619,11788495,0
2021-10-08,9427,5976113,12184,5324971,941,508922,10922,221023,166,14187,11127,236255,0,2,33679,28669.29,12046298,11811086,0
2021-10-09,6225,5982338,8241,5333212,643,509565,4133,225156,89,14276,4239,240494,0,2,19348,28159.29,12065646,11826212,0
2021-10-10,3529,5985867,5028,5338240,458,510023,2439,227595,48,14324,2495,242989,0,2,11510,27731.86,12077156,11835235,0
2021-10-11,7591,5993458,9339,5347579,728,510751,8905,236500,166,14490,9096,252085,0,2,26754,27045.71,12103910,11852918,0
2021-10-12,8048,6001506,10995,5358574,891,511642,10535,247035,187,14677,10764,262849,0,2,30698,26713.57,12134608,11872894,0
2021-10-13,7128,6008634,10147,5368721,869,512511,8814,255849,185,14862,9030,271879,0,2,27174,26022.71,12161782,11891069,0
2021-10-14,7402,6016036,11120,5379841,837,513348,10137,265986,165,15027,10342,282221,0,2,29701,25552,12191483,11910468,0
2021-10-15,7703,6023739,11858,5391699,823,514171,10861,276847,176,15203,11070,293291,0,2,31454,25234.14,12222937,11930885,0
2021-10-16,4852,6028591,7466,5399165,665,514836,3854,280701,67,15270,3933,297224,0,2,16916,24886.71,12239853,11943880,0
2021-10-17,3049,6031640,4471,5403636,411,515247,2460,283161,44,15314,2511,299735,0,2,10442,24734.14,12250295,11951818,0
2021-10-18,7015,6038655,10672,5414308,797,516044,9502,292663,187,15501,9723,309458,0,2,28207,24941.71,12278502,11970336,0
2021-10-19,6546,6045201,8947,5423255,803,516847,9110,301773,177,15678,9327,318785,1,3,25624,24216.86,12304126,11986672,0
2021-10-20,6516,6051717,9370,5432625,975,517822,10005,311778,180,15858,10223,329008,2,5,27085,24204.14,12331211,12003570,0
2021-10-21,7004,6058721,9387,5442012,858,518680,10871,322649,159,16017,11064,340072,1,6,28314,24006,12359525,12020853,0
2021-10-22,8080,6066801,10345,5452357,1026,519706,16377,339026,223,16240,16654,356726,0,6,36105,24670.43,12395630,12040358,0
2021-10-23,5149,6071950,6456,5458813,690,520396,9138,348164,118,16358,9276,366002,0,6,21571,25335.43,12417201,12052673,0
2021-10-24,3247,6075197,3966,5462779,766,521162,6179,354343,81,16439,6285,372287,0,6,14264,25881.43,12431465,12060677,0
2021-10-25,8809,6084006,8748,5471527,1152,522314,19289,373632,302,16741,19662,391949,0,6,38371,27333.43,12469836,12079457,0
2021-10-26,8148,6092154,7723,5479250,1258,523572,17319,390951,281,17022,17670,409619,0,6,34799,28644.14,12504635,12096656,0
2021-10-27,10501,6102655,8394,5487644,1604,525176,20900,411851,330,17352,21300,430919,0,6,41799,30746.14,12546434,12117225,0
2021-10-28,11258,6113913,8030,5495674,1793,526969,20904,432755,327,17679,21300,452219,0,6,42381,32755.71,12588815,12138375,0
2021-10-29,11804,6125717,8227,5503901,1968,528937,22580,455335,348,18027,23000,475219,1,7,45001,34026.57,12633816,12160447,0
2021-10-30,4598,6130315,5063,5508964,932,529869,11199,466534,169,18196,11407,486626,0,7,22000,34087.86,12655816,12171079,0
2021-10-31,2644,6132959,2700,5511664,544,530413,6652,473186,105,18301,6780,493406,1,8,12668,33859.86,12668484,12176989,0
2021-11-01,7069,6140028,6952,5518616,1085,531498,20436,493622,337,18638,20832,514238,1,9,35939,33512.43,12704423,12192154,0
2021-11-02,6523,6146551,6586,5525202,1055,532553,20822,514444,283,18921,21181,535419,0,9,35346,33590.57,12739769,12206395,0
2021-11-03,6787,6153338,6682,5531884,1026,533579,20682,535126,315,19236,21073,556492,0,9,35570,32700.71,12775339,12220968,0
2021-11-04,9261,6162599,6280,5538164,994,534573,22416,557542,353,19589,22851,579343,0,9,39386,32272.86,12814725,12237585,0
2021-11-05,11019,6173618,6718,5544882,1050,535623,23803,581345,361,19950,24248,603591,0,9,43035,31992,12857760,12256456,0
2021-11-06,11137,6184755,4050,5548932,594,536217,12617,593962,176,20126,12830,616421,0,9,28611,32936.43,12886371,12272274,0
2021-11-07,7224,6191979,2287,5551219,577,536794,7124,601086,99,20225,7238,623659,0,9,17326,33601.86,12903697,12282377,0
2021-11-08,15021,6207000,5679,5556898,862,537656,19540,620626,289,20514,19896,643555,1,10,41459,34390.43,12945156,12304006,0
2021-11-09,16104,6223104,5385,5562283,658,538314,20565,641191,282,20796,20929,664484,0,10,43076,35494.71,12988232,12326235,0
2021-11-10,16870,6239974,5322,5567605,682,538996,22719,663910,294,21090,23083,687567,0,10,45957,36978.57,13034189,12349179,0
2021-11-11,12496,6252470,5184,5572789,760,539756,22162,686072,291,21381,22522,710089,0,10,40962,37203.71,13075151,12367688,0
2021-11-12,16978,6269448,5687,5578476,705,540461,23480,709552,359,21740,23916,734005,1,11,47287,37811.14,13122438,12391135,0
2021-11-13,9918,6279366,3660,5582136,464,540925,13366,722918,185,21925,13594,747599,0,11,27636,37671.86,13150074,12405220,0
2021-11-14,5981,6285347,2283,5584419,324,541249,7956,730874,82,22007,8059,755658,0,11,16647,37574.86,13166721,12413829,0
2021-11-15,13170,6298517,5979,5590398,689,541938,25177,756051,369,22376,25626,781284,0,11,45464,38147,13212185,12433747,0
2021-11-16,9882,6308399,5779,5596177,653,542591,30736,786787,443,22819,31257,812541,0,11,47573,38789.43,13259758,12450141,0
2021-11-17,10214,6318613,6667,5602844,680,543271,31519,818306,426,23245,32034,844575,0,11,49595,39309.14,13309353,12467791,0
2021-11-18,10641,6329254,6528,5609372,855,544126,33107,851413,462,23707,33666,878241,0,11,51690,40841.71,13361043,12485912,0
2021-11-19,11908,6341162,6551,5615923,707,544833,36359,887772,471,24178,36921,915162,0,11,56087,42098.86,13417130,12505169,0
2021-11-20,9282,6350444,3415,5619338,512,545345,22578,910350,261,24439,22892,938054,0,11,36101,43308.14,13453231,12518431,0
2021-11-21,4895,6355339,1886,5621224,288,545633,13250,923600,156,24595,13431,951485,1,12,20501,43858.71,13473732,12525525,0
2021-11-22,10323,6365662,5781,5627005,748,546381,36032,959632,448,25043,36572,988057,0,12,53424,44995.86,13527156,12542469,0
2021-11-23,9688,6375350,4780,5631785,632,547013,33615,993247,389,25432,34076,1022133,0,12,49177,45225,13576333,12557642,0
2021-11-24,8618,6383968,4749,5636534,648,547661,26001,1019248,288,25720,26361,1048494,1,13,40377,43908.14,13616710,12571729,0
2021-11-25,447,6384415,328,5636862,80,547741,1004,1020252,9,25729,1013,1049507,0,13,1868,36790.71,13618578,12572584,0
2021-11-26,7999,6392414,7006,5643868,528,548269,26648,1046900,309,26038,27014,1076521,0,13,42547,34856.43,13661125,12588174,0
2021-11-27,6635,6399049,6859,5650727,370,548639,18900,1065800,225,26263,19163,1095684,0,13,33028,34417.43,13694153,12602077,0
2021-11-28,4031,6403080,5791,5656518,279,548918,11945,1077745,122,26385,12086,1107770,0,13,22187,34658.29,13716340,12612197,0
2021-11-29,9000,6412080,11019,5667537,684,549602,35161,1112906,454,26839,35692,1143462,1,14,56396,35082.86,13772736,12632977,0
2021-11-30,10403,6422483,11446,5678983,511,550113,37899,1150805,500,27339,38512,1181974,0,14,60872,36753.57,13833608,12655450,0
2021-12-01,11066,6433549,10987,5689970,724,550837,40494,1191299,441,27780,41034,1223008,0,14,63812,40101.43,13897420,12678327,0
2021-12-02,11529,6445078,11052,5701022,624,551461,42308,1233607,460,28240,42866,1265874,0,14,66071,49273.29,13963491,12701630,0
2021-12-03,13361,6458439,12906,5713928,664,552125,48102,1281709,533,28773,48738,1314612,1,15,75670,54005.14,14039161,12728664,0
2021-12-04,9757,6468196,11322,5725250,564,552689,30775,1312484,311,29084,31140,1345752,0,15,52783,56827.29,14091944,12750361,0
2021-12-05,5698,6473894,5702,5730952,270,552959,16713,1329197,131,29215,16880,1362632,0,15,28550,57736.29,14120494,12762067,0
2021-12-06,12222,6486116,9990,5740942,599,553558,43395,1372592,460,29675,43947,1406579,0,15,66759,59216.71,14187253,12784971,0
2021-12-07,12477,6498593,9254,5750196,623,554181,43181,1415773,519,30194,43788,1450367,0,15,66142,59969.57,14253395,12807413,0
2021-12-08,13437,6512030,8779,5758975,555,554736,40918,1456691,488,30682,41488,1491855,0,15,64260,60033.57,14317655,12830267,0
2021-12-09,13371,6525401,8757,5767732,551,555287,40966,1497657,499,31181,41564,1533419,0,15,64244,59772.57,14381899,12853046,0
2021-12-10,13932,6539333,10163,5777895,666,555953,43802,1541459,511,31692,44401,1577820,0,15,69162,58842.86,14451061,12877895,0
2021-12-11,10206,6549539,8158,5786053,405,556358,26772,1568231,287,31979,27109,1604929,0,15,45879,57856.57,14496940,12896715,0
2021-12-12,5974,6555513,3858,5789911,287,556645,15206,1583437,137,32116,15367,1620296,0,15,25486,57418.86,14522426,12906858,0
2021-12-13,12107,6567620,7435,5797346,655,557300,38035,1621472,406,32522,38525,1658821,0,15,58722,56270.71,14581148,12927139,0
2021-12-14,12140,6579760,6950,5804296,730,558030,38289,1659761,446,32968,38802,1697623,0,15,58623,55196.57,14639771,12947027,0
2021-12-15,11996,6591756,6247,5810543,755,558785,38277,1698038,496,33464,38854,1736477,0,15,57853,54281.29,14697624,12966107,0
2021-12-16,13071,6604827,4271,5814814,737,559522,41246,1739284,471,33935,41790,1778267,0,15,59869,53656.29,14757493,12984259,0
2021-12-17,15842,6620669,6948,5821762,617,560139,46943,1786227,485,34420,47524,1825791,0,15,70931,53909,14828424,13007762,0
2021-12-18,12945,6633614,5735,5827497,432,560571,30702,1816929,280,34700,31039,1856830,1,16,50151,54519.29,14878575,13026930,0
2021-12-19,6964,6640578,2995,5830492,326,560897,18057,1834986,177,34877,18265,1875095,0,16,28550,54957,14907125,13037246,0
2021-12-20,16728,6657306,5858,5836350,745,561642,47632,1882618,584,35461,48296,1923391,0,16,71627,56800.57,14978752,13060657,0
2021-12-21,17849,6675155,6579,5842929,806,562448,49069,1931687,601,36062,49749,1973140,0,16,74984,59137.86,15053736,13085971,0
2021-12-22,18476,6693631,6558,5849487,938,563386,49838,1981525,544,36606,50462,2023602,1,17,76435,61792.43,15130171,13112023,0
2021-12-23,18934,6712565,6488,5855975,930,564316,46011,2027536,537,37143,46614,2070216,0,17,72966,63663.43,15203137,13138441,0
2021-12-24,9185,6721750,2960,5858935,598,564914,20651,2048187,214,37357,20898,2091114,0,17,33641,58336.29,15236778,13151217,0
2021-12-25,342,6722092,63,5858998,31,564945,427,2048614,8,37365,436,2091550,0,17,872,51296.43,15237650,13151654,0
2021-12-26,7917,6730009,3932,5862930,341,565286,17318,2065932,178,37543,17527,2109077,0,17,29717,51463.14,15267367,13163875,0
2021-12-27,21696,6751705,9215,5872145,931,566217,43559,2109491,565,38108,44198,2153275,0,17,76040,52093.57,15343407,13195791,0
2021-12-28,20053,6771758,8344,5880489,700,566917,47707,2157198,625,38733,48420,2201695,0,17,77517,52455.43,15420924,13224976,0
2021-12-29,18418,6790176,7676,5888165,606,567523,45678,2202876,495,39228,46249,2247944,0,17,72949,51957.43,15493873,13251752,0
2021-12-30,16816,6806992,7444,5895609,588,568111,44938,2247814,595,39823,45620,2293564,0,17,70469,51600.71,15564342,13276688,0
2021-12-31,5337,6812329,2819,5898428,192,568303,14796,2262610,188,40011,15006,2308570,0,17,23354,50131.14,15587696,13285058,0
2022-01-01,244,6812573,147,5898575,12,568315,502,2263112,22,40033,528,2309098,0,17,931,50139.57,15588627,13285465,0
2022-01-02,6403,6818976,5021,5903596,153,568468,11007,2274119,111,40144,11134,2320232,0,17,22711,49138.71,15611338,13297058,0
2022-01-03,14083,6833059,8521,5912117,515,568983,27025,2301144,346,40490,27415,2347647,2,19,50536,45495.29,15661874,13320221,0
2022-01-04,12773,6845832,8131,5920248,414,569397,27305,2328449,372,40862,27736,2375383,12,31,49063,41430.43,15710937,13341595,0
2022-01-05,11284,6857116,7032,5927280,384,569781,26036,2354485,316,41178,26395,2401778,0,31,45096,37451.43,15756033,13360339,0
2022-01-06,11312,6868428,7398,5934678,485,570266,27667,2382152,358,41536,28077,2429855,2,33,47273,34137.71,15803306,13379585,0
2022-01-07,10116,6878544,8460,5943138,339,570605,25244,2407396,330,41866,25608,2455463,0,33,44524,37162,15847830,13398535,0
2022-01-08,7647,6886191,8609,5951747,311,570916,19640,2427036,190,42056,19847,2475310,0,33,36415,42231.14,15884245,13415120,0
2022-01-09,4106,6890297,3844,5955591,214,571130,10081,2437117,98,42154,10190,2485500,1,34,18357,41609.14,15902602,13423297,0
2022-01-10,10137,6900434,8202,5963793,490,571620,24645,2461762,309,42463,25005,2510505,1,35,43834,40651.71,15946436,13442176,0
2022-01-11,8834,6909268,7990,5971783,522,572142,21082,2482844,296,42759,21422,2531927,0,35,38772,39181.57,15985208,13459570,0
2022-01-12,8890,6918158,8330,5980113,427,572569,22405,2505249,293,43052,22733,2554660,1,36,40382,38508.14,16025590,13477253,0
2022-01-13,8996,6927154,8869,5988982,451,573020,22952,2528201,338,43390,23326,2577986,1,37,41645,37704.14,16067235,13495607,0
2022-01-14,10058,6937212,8126,5997108,474,573494,26485,2554686,341,43731,26868,2604854,0,37,45526,37847.29,16112761,13514307,0
2022-01-15,6186,6943398,4320,6001428,180,573674,15168,2569854,185,43916,15376,2620230,0,37,26062,36368.29,16138823,13525016,0
2022-01-16,2893,6946291,3250,6004678,95,573769,7841,2577695,88,44004,7939,2628169,0,37,14178,35771.29,16153001,13531265,0
2022-01-17,6040,6952331,6756,6011434,363,574132,14718,2592413,224,44228,14960,2643129,0,37,28119,33526.29,16181120,13544442,0
2022-01-18,8116,6960447,10324,6021758,394,574526,19710,2612123,327,44555,20068,2663197,0,37,38902,33544.86,16220022,13563307,0
2022-01-19,7410,6967857,9262,6031020,303,574829,17759,2629882,282,44837,18073,2681270,0,37,35048,32782.86,16255070,13580314,0
2022-01-20,6231,6974088,8561,6039581,305,575134,15296,2645178,257,45094,15580,2696850,0,37,30678,31216.14,16285748,13595439,0
2022-01-21,7521,6981609,7520,6047101,276,575410,18545,2663723,295,45389,18864,2715714,1,38,34181,29595.43,16319929,13610779,0
2022-01-22,5174,6986783,4954,6052055,132,575542,11342,2675065,131,45520,11498,2727212,0,38,21758,28980.57,16341687,13621064,0
2022-01-23,2784,6989567,3335,6055390,97,575639,6248,2681313,78,45598,6334,2733546,0,38,12550,28748,16354237,13627288,0
2022-01-24,6328,6995895,8211,6063601,262,575901,15099,2696412,247,45845,15374,2748920,0,38,30176,29041.86,16384413,13642118,0
2022-01-25,6145,7002040,7950,6071551,231,576132,14728,2711140,265,46110,15025,2763945,0,38,29351,27677.43,16413764,13656476,0
2022-01-26,5716,7007756,7185,6078736,288,576420,14040,2725180,218,46328,14285,2778230,0,38,27474,26595.43,16441238,13669692,0
2022-01-27,5218,7012974,7098,6085834,320,576740,14113,2739293,241,46569,14393,2792623,0,38,27029,26074.14,16468267,13682367,0
2022-01-28,6214,7019188,7886,6093720,205,576945,16160,2755453,241,46810,16424,2809047,1,39,30730,25581.14,16498997,13696695,0
2022-01-29,836,7020024,729,6094449,28,576973,2541,2757994,40,46850,2584,2811631,0,39,4177,23069.57,16503174,13698291,0
2022-01-30,2073,7022097,3025,6097474,103,577076,4555,2762549,64,46914,4623,2816254,0,39,9824,22680.14,16512998,13703496,0
2022-01-31,4977,7027074,6596,6104070,219,577295,11413,2773962,202,47116,11630,2827884,0,39,23422,21715.29,16536420,13715303,0
2022-02-01,4798,7031872,6455,6110525,220,577515,10738,2784700,222,47338,10978,2838862,1,40,22452,20729.71,16558872,13726794,0
2022-02-02,4247,7036119,5935,6116460,212,577727,11262,2795962,243,47581,11523,2850385,0,40,21917,19935.86,16580789,13737206,0
2022-02-03,4204,7040323,5818,6122278,216,577943,11235,2807197,207,47788,11468,2861853,1,41,21707,19175.57,16602496,13747470,0
2022-02-04,4733,7045056,7121,6129399,214,578157,13246,2820443,241,48029,13512,2875365,0,41,25580,18439.86,16628076,13759563,0
2022-02-05,3559,7048615,6079,6135478,110,578267,8599,2829042,158,48187,8772,2884137,0,41,18520,20488.86,16646596,13769326,0
2022-02-06,2051,7050666,2139,6137617,120,578387,4649,2833691,105,48292,4758,2888895,0,41,9069,20381,16655665,13773641,0
2022-02-07,4120,7054786,4750,6142367,205,578592,10150,2843841,237,48529,10412,2899307,0,41,19487,19818.86,16675152,13782741,0
2022-02-08,4190,7058976,5609,6147976,214,578806,11348,2855189,314,48843,11687,2910994,0,41,21700,19711.43,16696852,13792779,0
2022-02-09,4110,7063086,5405,6153381,221,579027,11682,2866871,259,49102,11965,2922959,0,41,21701,19680.57,16718553,13802539,0
2022-02-10,3965,7067051,5128,6158509,243,579270,12212,2879083,293,49395,12534,2935493,0,41,21870,19703.86,16740423,13811904,0
2022-02-11,4493,7071544,5811,6164320,195,579465,13752,2892835,327,49722,14111,2949604,0,41,24610,19565.29,16765033,13822435,0
2022-02-12,3242,7074786,4350,6168670,97,579562,8820,2901655,219,49941,9050,2958654,0,41,16739,19310.86,16781772,13830135,0
2022-02-13,1511,7076297,1543,6170213,41,579603,4889,2906544,113,50054,5007,2963661,0,41,8102,19172.71,16789874,13833235,0
2022-02-14,2963,7079260,3625,6173838,166,579769,10589,2917133,330,50384,10945,2974606,1,42,17700,18917.43,16807574,13840015,0
2022-02-15,3520,7082780,4076,6177914,174,579943,12807,2929940,291,50675,13114,2987720,0,42,20884,18800.86,16828458,13847801,0
2022-02-16,3616,7086396,3911,6181825,199,580142,15769,2945709,297,50972,16101,3003821,0,42,23827,19104.57,16852285,13855562,0
2022-02-17,3993,7090389,4080,6185905,161,580303,18365,2964074,371,51343,18766,3022587,0,42,27000,19837.43,16879285,13863826,0
2022-02-18,4429,7094818,4791,6190696,191,580494,21562,2985636,464,51807,22048,3044635,1,43,31460,20816,16910745,13873259,0
2022-02-19,3237,7098055,2186,6192882,65,580559,11200,2996836,219,52026,11430,3056065,0,43,16918,20841.57,16927663,13878758,0
2022-02-20,1844,7099899,1446,6194328,59,580618,6599,3003435,114,52140,6720,3062785,0,43,10069,21122.57,16937732,13882114,0
2022-02-21,3073,7102972,2695,6197023,94,580712,8368,3011803,235,52375,8616,3071401,0,43,14478,20662.29,16952210,13887989,0
2022-02-22,4361,7107333,4261,6201284,174,580886,10847,3022650,258,52633,11122,3082523,0,43,19918,20524.29,16972128,13896802,0
2022-02-23,4233,7111566,3792,6205076,145,581031,10691,3033341,244,52877,10951,3093474,1,44,19122,19852.14,16991250,13904988,0
2022-02-24,3780,7115346,3662,6208738,108,581139,10204,3043545,235,53112,10458,3103932,0,44,18008,18567.57,17009258,13912557,0
2022-02-25,3592,7118938,3636,6212374,135,581274,9995,3053540,245,53357,10253,3114185,0,44,17616,16589.86,17026874,13919933,0
2022-02-26,2817,7121755,2591,6214965,74,581348,9528,3063068,161,53518,9697,3123882,0,44,15179,16341.43,17042053,13925423,0
2022-02-27,1764,7123519,1373,6216338,52,581400,6272,3069340,103,53621,6382,3130264,0,44,9571,16270.29,17051624,13928619,0
2022-02-28,3769,7127288,3137,6219475,140,581540,13155,3082495,256,53877,13435,3143699,0,44,20481,17127.86,17072105,13935689,0
2022-03-01,2117,7129405,2631,6222106,102,581642,5193,3087688,186,54063,5386,3149085,0,44,10236,15744.71,17082341,13940546,0
2022-03-02,1822,7131227,2449,6224555,107,581749,4148,3091836,212,54275,4371,3153456,0,44,8749,14262.86,17091090,13944935,0
2022-03-03,1930,7133157,2564,6227119,106,581855,3804,3095640,172,54447,3990,3157446,0,44,8590,12917.43,17099680,13949549,0
2022-03-04,2115,7135272,2883,6230002,66,581921,4335,3099975,211,54658,4558,3162004,0,44,9622,11775.43,17109302,13954625,0
2022-03-05,1611,7136883,2127,6232129,43,581964,3319,3103294,119,54777,3441,3165445,0,44,7222,10638.71,17116524,13958409,0
2022-03-06,793,7137676,881,6233010,30,581994,1627,3104921,55,54832,1685,3167130,0,44,3389,9755.57,17119913,13960116,0
2022-03-07,1660,7139336,1788,6234798,87,582081,3506,3108427,162,54994,3682,3170812,0,44,7217,7860.71,17127130,13963665,0
2022-03-08,1542,7140878,1900,6236698,80,582161,3130,3111557,153,55147,3295,3174107,0,44,6817,7372.29,17133947,13967199,0
2022-03-09,1259,7142137,1684,6238382,80,582241,2596,3114153,130,55277,2731,3176838,0,44,5754,6944.43,17139701,13970227,0
2022-03-10,1408,7143545,2098,6240480,85,582326,2974,3117127,164,55441,3147,3179985,0,44,6738,6679.86,17146439,13973827,0
2022-03-11,1594,7145139,2278,6242758,81,582407,3217,3120344,190,55631,3425,3183410,0,44,7378,6359.29,17153817,13977798,0
2022-03-12,876,7146015,1419,6244177,42,582449,2011,3122355,75,55706,2089,3185499,0,44,4426,5959.86,17158243,13980138,0
2022-03-13,625,7146640,757,6244934,28,582477,1290,3123645,50,55756,1343,3186842,0,44,2753,5869,17160996,13981551,0
2022-03-14,1360,7148000,1616,6246550,84,582561,3000,3126645,208,55964,3229,3190071,0,44,6289,5736.43,17167285,13984632,0
2022-03-15,1354,7149354,1925,6248475,63,582624,3073,3129718,236,56200,3316,3193387,0,44,6658,5713.71,17173943,13987981,0
2022-03-16,1394,7150748,2061,6250536,94,582718,3149,3132867,296,56496,3461,3196848,0,44,7010,5893.14,17180953,13991546,0
2022-03-17,1191,7151939,1808,6252344,71,582789,2765,3135632,268,56764,3047,3199895,0,44,6117,5804.43,17187070,13994630,0
2022-03-18,1578,7153517,2221,6254565,79,582868,3781,3139413,421,57185,4208,3204103,1,45,8087,5905.71,17195157,13998514,0
2022-03-19,1103,7154620,1738,6256303,54,582922,2607,3142020,229,57414,2841,3206944,0,45,5736,6092.86,17200893,14001414,0
2022-03-20,604,7155224,630,6256933,33,582955,1470,3143490,186,57600,1660,3208604,0,45,2927,6117.71,17203820,14002685,0
2022-03-21,1412,7156636,1562,6258495,73,583028,3062,3146552,359,57959,3443,3212047,1,46,6491,6146.57,17210311,14005754,0
2022-03-22,1340,7157976,1553,6260048,101,583129,2908,3149460,350,58309,3268,3215315,0,46,6262,6090,17216573,14008758,0
2022-03-23,1257,7159233,1360,6261408,66,583195,2922,3152382,375,58684,3307,3218622,0,46,5990,5944.29,17222563,14011451,0
2022-03-24,1207,7160440,1300,6262708,90,583285,2521,3154903,274,58958,2805,3221427,0,46,5402,5842.14,17227965,14014058,0
2022-03-25,1379,7161819,1636,6264344,62,583347,3270,3158173,385,59343,3668,3225095,0,46,6745,5650.43,17234710,14017148,0
2022-03-26,922,7162741,1168,6265512,36,583383,2311,3160484,254,59597,2573,3227668,0,46,4699,5502.29,17239409,14019282,0
2022-03-27,574,7163315,528,6266040,29,583412,1314,3161798,203,59800,1519,3229187,0,46,2650,5462.71,17242059,14020415,0
2022-03-28,1071,7164386,1170,6267210,69,583481,2445,3164243,366,60166,2829,3232016,0,46,5139,5269.57,17247198,14022743,0
2022-03-29,1044,7165430,1107,6268317,84,583565,2516,3166759,886,61052,3422,3235438,1,47,5657,5183.14,17252855,14024997,0
2022-03-30,1236,7166666,1139,6269456,98,583663,3065,3169824,3410,64462,6565,3242003,0,47,9038,5618.57,17261893,14027560,0
2022-03-31,1274,7167940,1250,6270706,57,583720,3163,3172987,5531,69993,8834,3250837,0,47,11416,6477.71,17273309,14030282,0
2022-04-01,1423,7169363,1487,6272193,77,583797,3244,3176231,6923,76916,10323,3261160,0,47,13310,7415.57,17286619,14033425,0
2022-04-02,906,7170269,910,6273103,33,583830,2087,3178318,4540,81456,6723,3267883,0,47,8572,7968.86,17295191,14035370,0
2022-04-03,553,7170822,492,6273595,28,583858,1221,3179539,3058,84514,4343,3272226,0,47,5416,8364,17300607,14036507,0
2022-04-04,1346,7172168,1302,6274897,62,583920,2721,3182260,7721,92235,10597,3282823,0,47,13307,9530.86,17313914,14039372,0
2022-04-05,1290,7173458,1154,6276051,66,583986,2845,3185105,7500,99735,10521,3293344,0,47,13031,10584.29,17326945,14042058,0
2022-04-06,1330,7174788,1174,6277225,61,584047,2626,3187731,6963,106698,9751,3303095,0,47,12316,11052.57,17339261,14044785,0
2022-04-07,1201,7175989,1061,6278286,57,584104,2376,3190107,6629,113327,9151,3312246,1,48,11471,11060.43,17350732,14047250,0
2022-04-08,1473,7177462,1409,6279695,61,584165,3167,3193274,8790,122117,12154,3324400,0,48,15097,11315.71,17365829,14050390,0
2022-04-09,908,7178370,924,6280619,29,584194,2080,3195354,4959,127076,7123,3331523,0,48,8984,11374.57,17374813,14052335,0
2022-04-10,575,7178945,460,6281079,25,584219,1167,3196521,2902,129978,4131,3335654,0,48,5191,11342.43,17380004,14053457,0
2022-04-11,1306,7180251,1225,6282304,61,584280,2652,3199173,7840,137818,10646,3346300,0,48,13238,11332.57,17393242,14056203,0
2022-04-12,1213,7181464,1055,6283359,73,584353,2521,3201694,7445,145263,10140,3356440,0,48,12481,11254,17405723,14058718,0
2022-04-13,1228,7182692,1074,6284433,60,584413,2512,3204206,7550,152813,10212,3366652,0,48,12574,11290.86,17418297,14061230,0
2022-04-14,1261,7183953,1096,6285529,58,584471,2442,3206648,6596,159409,9167,3375819,1,49,11583,11306.86,17429880,14063774,0
2022-04-15,1332,7185285,1094,6286623,53,584524,2555,3209203,6635,166044,9320,3385139,0,49,11799,10835.71,17441679,14066383,0
2022-04-16,855,7186140,652,6287275,34,584558,1641,3210844,3694,169738,5401,3390540,0,49,6942,10544,17448621,14067990,0
2022-04-17,345,7186485,201,6287476,27,584585,637,3211481,1159,170897,1819,3392359,0,49,2392,10144.14,17451013,14068586,0
2022-04-18,1378,7187863,1111,6288587,82,584667,2582,3214063,6421,177318,9144,3401503,0,49,11715,9926.57,17462728,14071298,0
2022-04-19,1410,7189273,934,6289521,71,584738,2574,3216637,5763,183081,8439,3409942,0,49,10854,9694.14,17473582,14073815,0
2022-04-20,1297,7190570,1150,6290671,65,584803,2711,3219348,6649,189730,9502,3419444,0,49,12014,9614.14,17485596,14076469,0
2022-04-21,1224,7191794,1061,6291732,53,584856,2338,3221686,5398,195128,7855,3427299,1,50,10194,9415.71,17495790,14078926,0
2022-04-22,1233,7193027,1040,6292772,46,584902,2240,3223926,5783,200911,8137,3435436,0,50,10456,9223.86,17506246,14081359,0
2022-04-23,709,7193736,750,6293522,59,584961,1428,3225354,3352,204263,4846,3440282,0,50,6364,9141.29,17512610,14082943,0
2022-04-24,445,7194181,343,6293865,27,584988,812,3226166,1846,206109,2691,3442973,0,50,3506,9300.43,17516116,14083791,0
2022-04-25,1037,7195218,917,6294782,64,585052,1852,3228018,5092,211201,7057,3450030,0,50,9075,8923.29,17525191,14085922,0
2022-04-26,948,7196166,857,6295639,76,585128,1747,3229765,4696,215897,6538,3456568,0,50,8419,8575.43,17533610,14087898,0
2022-04-27,1034,7197200,1021,6296660,80,585208,1926,3231691,5217,221114,7264,3463832,0,50,9399,8201.86,17543009,14090154,0
2022-04-28,1080,7198280,988,6297648,50,585258,2007,3233698,4746,225860,6866,3470698,0,50,8985,8029.14,17551994,14092386,0
2022-04-29,1173,7199453,1102,6298750,60,585318,2155,3235853,5436,231296,7706,3478404,0,50,10041,7969.86,17562035,14094836,0
2022-04-30,724,7200177,744,6299494,50,585368,1391,3237244,2967,234263,4404,3482808,0,50,5922,7906.71,17567957,14096400,0
2022-05-01,445,7200622,366,6299860,20,585388,766,3238010,1656,235919,2454,3485262,0,50,3285,7875.14,17571242,14097263,0
2022-05-02,1045,7201667,792,6300652,52,585440,1677,3239687,3820,239739,5567,3490829,2,52,7457,7644,17578699,14099221,0
2022-05-03,1117,7202784,863,6301515,61,585501,1994,3241681,4872,244611,6963,3497792,0,52,9004,7727.57,17587703,14101359,0
2022-05-04,1003,7203787,882,6302397,48,585549,1927,3243608,4680,249291,6698,3504490,0,52,8631,7617.86,17596334,14103383,0
2022-05-05,1072,7204859,953,6303350,86,585635,1927,3245535,4884,254175,6911,3511401,0,52,9022,7623.14,17605356,14105594,0
2022-05-06,1095,7205954,957,6304307,51,585686,1859,3247394,4403,258578,6339,3517740,2,54,8442,7394.71,17613798,14107772,0
2022-05-07,659,7206613,591,6304898,32,585718,1205,3248599,2435,261013,3679,3521419,1,55,4961,7257.43,17618759,14109092,0
2022-05-08,411,7207024,243,6305141,17,585735,664,3249263,1389,262402,2075,3523494,0,55,2746,7180.43,17621505,14109785,0
2022-05-09,1077,7208101,943,6306084,60,585795,1894,3251157,4433,266835,6418,3529912,0,55,8498,7329.14,17630003,14111956,0
2022-05-10,1095,7209196,929,6307013,54,585849,1979,3253136,4721,271556,6807,3536719,0,55,8885,7312.14,17638888,14114141,0
2022-05-11,1084,7210280,972,6307985,44,585893,1943,3255079,4842,276398,6886,3543605,0,55,8986,7362.86,17647874,14116342,0
2022-05-12,1098,7211378,949,6308934,60,585953,2002,3257081,4664,281062,6767,3550372,0,55,8874,7341.71,17656748,14118550,0
2022-05-13,1153,7212531,1039,6309973,44,585997,2074,3259155,4812,285874,6978,3557350,0,55,9214,7452,17665962,14120878,0
2022-05-14,827,7213358,671,6310644,31,586028,1471,3260626,2961,288835,4474,3561824,0,55,6003,7600.86,17671965,14122449,0
2022-05-15,508,7213866,355,6310999,22,586050,924,3261550,1650,290485,2600,3564424,0,55,3485,7706.43,17675450,14123360,0
2022-05-16,1226,7215092,854,6311853,62,586112,1832,3263382,3868,294353,5763,3570187,1,56,7906,7621.86,17683356,14125565,0
2022-05-17,1284,7216376,932,6312785,79,586191,2048,3265430,4897,299250,7040,3577227,1,57,9336,7686.29,17692692,14127955,0
2022-05-18,1236,7217612,900,6313685,82,586273,2062,3267492,4944,304194,7118,3584345,1,58,9337,7736.43,17702029,14130285,0
2022-05-19,1157,7218769,881,6314566,36,586309,2118,3269610,4732,308926,6936,3591281,0,58,9010,7755.86,17711039,14132445,0
2022-05-20,1197,7219966,959,6315525,73,586382,2370,3271980,5210,314136,7692,3598973,1,59,9924,7857.29,17720963,14134788,0
2022-05-21,829,7220795,647,6316172,23,586405,1730,3273710,3307,317443,5098,3604071,0,59,6597,7942.14,17727560,14136348,0
2022-05-22,506,7221301,292,6316464,22,586427,1136,3274846,1841,319284,3010,3607081,0,59,3830,7991.43,17731390,14137201,0
2022-05-23,1217,7222518,885,6317349,52,586479,2190,3277036,4713,323997,7003,3614084,1,60,9158,8170.29,17740548,14139455,0
2022-05-24,1403,7223921,935,6318284,66,586545,2307,3279343,4493,328490,6903,3620987,0,60,9308,8166.29,17749856,14141963,0
2022-05-25,1411,7225332,955,6319239,56,586601,2264,3281607,4274,332764,6640,3627627,0,60,9063,8127.14,17758919,14144488,0
2022-05-26,1169,7226501,890,6320129,60,586661,2273,3283880,4153,336917,6494,3634121,1,61,8615,8070.71,17767534,14146676,0
2022-05-27,1243,7227744,957,6321086,38,586699,2498,3286378,3924,340841,6498,3640619,0,61,8737,7901.14,17776271,14148991,0
2022-05-28,711,7228455,517,6321603,19,586718,1786,3288164,2064,342905,3889,3644508,0,61,5136,7692.43,17781407,14150277,0
2022-05-29,472,7228927,216,6321819,11,586729,760,3288924,1126,344031,1906,3646414,0,61,2605,7517.43,17784012,14150996,0
2022-05-30,91,7229018,62,6321881,6,586735,139,3289063,144,344175,285,3646699,1,62,445,6272.71,17784457,14151157,0
2022-05-31,1135,7230153,918,6322799,51,586786,1901,3290964,3055,347230,5016,3651715,0,62,7120,5960.14,17791577,14153321,0
2022-06-01,1153,7231306,850,6323649,63,586849,1973,3292937,3429,350659,5477,3657192,0,62,7543,5743,17799120,14155462,0
2022-06-02,1029,7232335,797,6324446,72,586921,1829,3294766,3177,353836,5067,3662259,0,62,6965,5507.29,17806085,14157421,0
2022-06-03,1160,7233495,894,6325340,47,586968,2068,3296834,3499,357335,5633,3667892,0,62,7734,5364,17813819,14159588,0
2022-06-04,722,7234217,584,6325924,26,586994,1559,3298393,1908,359243,3502,3671394,0,62,4836,5321.14,17818655,14160957,0
2022-06-05,448,7234665,297,6326221,1,586995,880,3299273,981,360224,1870,3673264,0,62,2616,5322.71,17821271,14161712,0
2022-06-06,1123,7235788,826,6327047,64,587059,1757,3301030,2747,362971,4554,3677818,0,62,6567,6197.29,17827838,14163775,0
2022-06-07,1019,7236807,771,6327818,70,587129,1798,3302828,2568,365539,4413,3682231,0,62,6274,6076.43,17834112,14165683,0
2022-06-08,1092,7237899,835,6328653,75,587204,1877,3304705,2753,368292,4692,3686923,1,63,6694,5955.14,17840806,14167746,0
2022-06-09,1139,7239038,838,6329491,62,587266,2230,3306935,2693,370985,4975,3691898,0,63,7014,5962.14,17847820,14169837,0
2022-06-10,1046,7240084,817,6330308,75,587341,1881,3308816,2831,373816,4769,3696667,0,63,6707,5815.43,17854527,14171832,0
2022-06-11,678,7240762,508,6330816,25,587366,1333,3310149,1504,375320,2864,3699531,0,63,4075,5706.71,17858602,14173070,0
2022-06-12,350,7241112,288,6331104,21,587387,877,3311026,773,376093,1660,3701191,0,63,2319,5664.29,17860921,14173739,0
2022-06-13,1029,7242141,769,6331873,62,587449,1580,3312606,2188,378281,3808,3704999,0,63,5669,5536,17866590,14175640,0
2022-06-14,973,7243114,832,6332705,64,587513,1693,3314299,2506,380787,4260,3709259,0,63,6129,5515.29,17872719,14177570,0
2022-06-15,969,7244083,865,6333570,39,587552,1667,3315966,2426,383213,4152,3713411,0,63,6025,5419.71,17878744,14179502,0
2022-06-16,961,7245044,775,6334345,59,587611,1834,3317800,2369,385582,4258,3717669,1,64,6053,5282.43,17884797,14181351,0
2022-06-17,899,7245943,797,6335142,48,587659,1773,3319573,2404,387986,4221,3721890,1,65,5967,5176.71,17890764,14183140,0
2022-06-18,658,7246601,521,6335663,26,587685,1284,3320857,1297,389283,2609,3724499,1,66,3814,5139.43,17894578,14184372,0
2022-06-19,346,7246947,232,6335895,16,587701,728,3321585,610,389893,1350,3725849,0,66,1944,5085.86,17896522,14184978,0
2022-06-20,832,7247779,487,6336382,41,587742,1578,3323163,1613,391506,3229,3729078,0,66,4589,4931.57,17901111,14186376,0
2022-06-21,1133,7248912,741,6337123,49,587791,1699,3324862,2142,393648,3898,3732976,0,66,5822,4887.71,17906933,14188357,0
2022-06-22,1959,7250871,834,6337957,46,587837,1710,3326572,1996,395644,3749,3736725,0,66,6588,4968.14,17913521,14191239,0
2022-06-23,2117,7252988,763,6338720,65,587902,1703,3328275,2156,397800,3911,3740636,0,66,6856,5082.86,17920377,14194236,0
2022-06-24,2170,7255158,761,6339481,48,587950,1625,3329900,2157,399957,3830,3744466,0,66,6809,5203.14,17927186,14197263,0
2022-06-25,2138,7257296,497,6339978,15,587965,1238,3331138,1143,401100,2396,3746862,0,66,5049,5379.57,17932235,14199931,0
2022-06-26,1208,7258504,248,6340226,14,587979,687,3331825,531,401631,1224,3748086,0,66,2694,5486.71,17934929,14201407,0
2022-06-27,1532,7260036,652,6340878,60,588039,1473,3333298,1654,403285,3168,3751254,0,66,5413,5604.43,17940342,14203693,0
2022-06-28,1690,7261726,829,6341707,57,588096,1863,3335161,2143,405428,4052,3755306,0,66,6628,5719.57,17946970,14206315,0
2022-06-29,1858,7263584,775,6342482,48,588144,1719,3336880,1926,407354,3685,3758991,0,66,6366,5687.86,17953336,14209036,0
2022-06-30,1868,7265452,806,6343288,46,588190,1735,3338615,2134,409488,3913,3762904,0,66,6633,5656,17959969,14211800,0
2022-07-01,1605,7267057,597,6343885,26,588216,1398,3340013,1728,411216,3159,3766063,0,66,5387,5452.86,17965356,14214061,0
2022-07-02,979,7268036,390,6344275,18,588234,841,3340854,940,412156,1799,3767862,1,67,3186,5186.71,17968542,14215465,0
2022-07-03,530,7268566,204,6344479,7,588241,461,3341315,486,412642,950,3768812,0,67,1691,5043.43,17970233,14216209,0
2022-07-04,36,7268602,25,6344504,1,588242,31,3341346,38,412680,69,3768881,0,67,131,4288.86,17970364,14216271,0
2022-07-05,1296,7269898,758,6345262,35,588277,1406,3342752,1738,414418,3175,3772056,0,67,5264,4094,17975628,14218391,0
2022-07-06,1613,7271511,678,6345940,44,588321,1443,3344195,1842,416260,3326,3775382,0,67,5661,3993.29,17981289,14220767,0
2022-07-07,1592,7273103,712,6346652,48,588369,1527,3345722,2003,418263,3569,3778951,0,67,5921,3891.57,17987210,14223158,0
2022-07-08,1633,7274736,651,6347303,37,588406,1475,3347197,1979,420242,3503,3782454,0,67,5825,3954.14,17993035,14225529,0
2022-07-09,984,7275720,434,6347737,26,588432,884,3348081,1347,421589,2262,3784716,0,67,3706,4028.43,17996741,14227004,0
2022-07-10,637,7276357,187,6347924,17,588449,430,3348511,659,422248,1099,3785815,0,67,1940,4064,17998681,14227855,0
2022-07-11,1395,7277752,636,6348560,49,588498,1445,3349956,2213,424461,3692,3789507,0,67,5772,4869.86,18004453,14229969,0
2022-07-12,1407,7279159,687,6349247,45,588543,1405,3351361,2514,426975,3993,3793500,0,67,6132,4993.86,18010585,14232182,0
2022-07-13,1618,7280777,724,6349971,37,588580,1521,3352882,2840,429815,4426,3797926,0,67,6805,5157.29,18017390,14234626,0
2022-07-14,1588,7282365,842,6350813,47,588627,1605,3354487,3064,432879,4746,3802672,0,67,7224,5343.43,18024614,14237181,0
2022-07-15,1615,7283980,937,6351750,47,588674,1578,3356065,3055,435934,4692,3807364,0,67,7291,5552.86,18031905,14239839,0
2022-07-16,882,7284862,586,6352336,9,588683,985,3357050,1699,437633,2714,3810078,1,68,4192,5622.29,18036097,14241346,0
2022-07-17,550,7285412,289,6352625,16,588699,527,3357577,1168,438801,1719,3811797,0,68,2574,5712.86,18038671,14242225,0
2022-07-18,1405,7286817,844,6353469,45,588744,1429,3359006,2468,441269,3953,3815750,0,68,6247,5780.71,18044918,14244575,0
2022-07-19,1438,7288255,976,6354445,51,588795,1544,3360550,2805,444074,4441,3820191,0,68,6906,5891.29,18051824,14247132,0
2022-07-20,1383,7289638,1485,6355930,50,588845,1352,3361902,2394,446468,3808,3823999,0,68,6727,5880.14,18058551,14250113,0
2022-07-21,1334,7290972,1436,6357366,50,588895,1396,3363298,2364,448832,3808,3827807,0,68,6628,5795,18065179,14252981,0
2022-07-22,1429,7292401,1570,6358936,41,588936,1564,3364862,2855,451687,4502,3832309,0,68,7542,5830.86,18072721,14256104,0
2022-07-23,908,7293309,1102,6360038,17,588953,997,3365859,1555,453242,2587,3834896,3,71,4617,5891.57,18077338,14258166,0
2022-07-24,483,7293792,642,6360680,14,588967,504,3366363,805,454047,1317,3836213,0,71,2457,5874.86,18079795,14259314,0
2022-07-25,1230,7295022,766,6361446,59,589026,1263,3367626,2063,456110,3380,3839593,0,71,5435,5758.86,18085230,14261423,0
2022-07-26,1234,7296256,1023,6362469,41,589067,1479,3369105,2445,458555,3982,3843575,0,71,6280,5669.43,18091510,14263779,0
2022-07-27,1320,7297576,1279,6363748,42,589109,1395,3370500,2190,460745,3646,3847221,2,73,6290,5607,18097800,14266482,0
2022-07-28,1312,7298888,1423,6365171,72,589181,1425,3371925,2217,462962,3692,3850913,1,74,6500,5588.71,18104300,14269339,0
2022-07-29,1319,7300207,1432,6366603,64,589245,1360,3373285,2159,465121,3562,3854475,0,74,6377,5422.29,18110677,14272197,0
2022-07-30,739,7300946,720,6367323,25,589270,795,3374080,962,466083,1777,3856252,0,74,3264,5229,18113941,14273704,0
2022-07-31,422,7301368,590,6367913,14,589284,488,3374568,571,466654,1065,3857317,0,74,2091,5176.71,18116032,14274736,0
2022-08-01,1245,7302613,912,6368825,55,589339,1333,3375901,1510,468164,2889,3860206,1,75,5102,5129.14,18121134,14276994,0
2022-08-02,1229,7303842,1015,6369840,73,589412,1350,3377251,1601,469765,2996,3863202,0,75,5313,4991,18126447,14279356,0
2022-08-03,1265,7305107,1190,6371030,41,589453,1343,3378594,1532,471297,2914,3866116,1,76,5411,4865.43,18131858,14281891,0
2022-08-04,1191,7306298,1189,6372219,57,589510,1288,3379882,1460,472757,2778,3868894,0,76,5215,4681.86,18137073,14284358,0
2022-08-05,1317,7307615,1451,6373670,49,589559,1316,3381198,1442,474199,2782,3871676,0,76,5599,4570.71,18142672,14287199,0
2022-08-06,696,7308311,843,6374513,14,589573,766,3381964,777,474976,1568,3873244,0,76,3122,4550.43,18145794,14288778,0
2022-08-07,390,7308701,455,6374968,14,589587,426,3382390,358,475334,795,3874039,0,76,1654,4488,18147448,14289648,0
2022-08-08,1195,7309896,933,6375901,70,589657,1277,3383667,1185,476519,2492,3876531,0,76,4690,4429.14,18152138,14291876,0
2022-08-09,1136,7311032,893,6376794,38,589695,1231,3384898,1159,477678,2423,3878954,1,77,4491,4311.71,18156629,14293976,0
2022-08-10,1222,7312254,1115,6377909,59,589754,1261,3386159,1247,478925,2543,3881497,0,77,4939,4244.29,18161568,14296407,0
2022-08-11,1281,7313535,1069,6378978,84,589838,1213,3387372,1280,480205,2531,3884028,0,77,4965,4208.57,18166533,14298879,0
2022-08-12,1295,7314830,1409,6380387,55,589893,1268,3388640,1248,481453,2548,3886576,0,77,5307,4166.86,18171840,14301670,0
2022-08-13,757,7315587,789,6381176,15,589908,766,3389406,632,482085,1416,3887992,0,77,2977,4146.14,18174817,14303249,0
2022-08-14,470,7316057,476,6381652,20,589928,406,3389812,282,482367,691,3888683,0,77,1657,4146.57,18176474,14304218,0
2022-08-15,1247,7317304,1066,6382718,60,589988,1317,3391129,990,483357,2348,3891031,1,78,4722,4151.14,18181196,14306632,0
2022-08-16,1308,7318612,870,6383588,50,590038,1368,3392497,1078,484435,2478,3893509,0,78,4707,4182,18185903,14308893,0
2022-08-17,1213,7319825,960,6384548,39,590077,1236,3393733,1005,485440,2280,3895789,1,79,4493,4118.29,18190396,14311144,0
2022-08-18,1168,7320993,945,6385493,45,590122,1268,3395001,948,486388,2241,3898030,0,79,4399,4037.43,18194795,14313327,0
2022-08-19,1256,7322249,1135,6386628,34,590156,1120,3396121,979,487367,2129,3900159,6,85,4560,3930.71,18199355,14315782,0
2022-08-20,591,7322840,494,6387122,16,590172,636,3396757,514,487881,1163,3901322,1,86,2265,3829,18201620,14316896,0
2022-08-21,358,7323198,243,6387365,9,590181,382,3397139,267,488148,652,3901974,0,86,1262,3772.57,18202882,14317509,0
2022-08-22,1221,7324419,924,6388289,40,590221,1237,3398376,889,489037,2153,3904127,0,86,4338,3717.71,18207220,14319721,0
2022-08-23,1242,7325661,1050,6389339,48,590269,1383,3399759,962,489999,2373,3906500,3,89,4716,3719,18211936,14322089,0
2022-08-24,1267,7326928,1016,6390355,29,590298,1296,3401055,820,490819,2143,3908643,0,89,4456,3713.71,18216392,14324429,0
2022-08-25,1222,7328150,995,6391350,66,590364,1191,3402246,813,491632,2020,3910663,4,93,4306,3700.43,18220698,14326727,0
2022-08-26,1188,7329338,1179,6392529,56,590420,1193,3403439,780,492412,1994,3912657,1,94,4417,3680,18225115,14329170,0
2022-08-27,695,7330033,542,6393071,14,590434,685,3404124,404,492816,1102,3913759,4,98,2357,3693.14,18227472,14330434,0
2022-08-28,380,7330413,238,6393309,10,590444,442,3404566,228,493044,673,3914432,0,98,1301,3698.71,18228773,14331065,0
2022-08-29,1256,7331669,981,6394290,41,590485,1226,3405792,688,493732,1935,3916367,0,98,4214,3681,18232987,14333365,0
2022-08-30,1268,7332937,941,6395231,36,590521,1273,3407065,766,494498,2070,3918437,2,100,4317,3624,18237304,14335641,0
2022-08-31,1154,7334091,1015,6396246,43,590564,1106,3408171,573,495071,1700,3920137,0,100,3913,3546.43,18241217,14337875,0
2022-09-01,1027,7335118,962,6397208,51,590615,810,3408981,456,495527,1280,3921417,5,105,3326,3406.43,18244543,14339930,0
2022-09-02,977,7336095,1021,6398229,32,590647,594,3409575,175,495702,776,3922193,92,197,2883,3187.29,18247426,14341952,0
2022-09-03,532,7336627,449,6398678,12,590659,370,3409945,50,495752,424,3922617,314,511,1682,3090.86,18249108,14342900,0
2022-09-04,252,7336879,212,6398890,10,590669,189,3410134,25,495777,216,3922833,312,823,959,3042,18250067,14343333,0
2022-09-05,78,7336957,71,6398961,7,590676,44,3410178,16,495793,61,3922894,9,832,226,2472.29,18250293,14343490,0
2022-09-06,1129,7338086,1229,6400190,51,590727,634,3410812,130,495923,773,3923667,1269,2101,4231,2460,18254524,14345688,0
2022-09-07,1475,7339561,1382,6401572,38,590765,484,3411296,155,496078,659,3924326,6446,8547,9118,3203.57,18263642,14347721,0
2022-09-08,1525,7341086,1197,6402769,36,590801,253,3411549,111,496189,380,3924706,7794,16341,9814,4130.43,18273456,14349377,0
2022-09-09,1554,7342640,1610,6404379,49,590850,285,3411834,122,496311,438,3925144,9891,26232,12373,5486.14,18285829,14351452,0
2022-09-10,846,7343486,839,6405218,12,590862,270,3412104,45,496356,328,3925472,5316,31548,6758,6211.29,18292587,14352579,0
2022-09-11,494,7343980,441,6405659,11,590873,86,3412190,30,496386,125,3925597,3942,35490,4530,6721.43,18297117,14353051,0
2022-09-12,1675,7345655,1438,6407097,39,590912,205,3412395,91,496477,330,3925927,11657,47147,13537,8623,18310654,14354635,0
2022-09-13,1401,7347056,1274,6408371,33,590945,221,3412616,116,496593,386,3926313,9734,56881,11736,9695.14,18322390,14356300,0
2022-09-14,1408,7348464,1271,6409642,31,590976,225,3412841,123,496716,387,3926700,11026,67907,13069,10259.57,18335459,14357995,0
2022-09-15,1566,7350030,1283,6410925,22,590998,227,3413068,112,496828,374,3927074,12081,79988,14106,10872.71,18349565,14359681,0
2022-09-16,1688,7351718,1633,6412558,27,591025,270,3413338,157,496985,482,3927556,13803,93791,16265,11428.71,18365830,14361716,0
2022-09-17,801,7352519,868,6413426,12,591037,274,3413612,77,497062,374,3927930,7002,100793,8409,11664.57,18374239,14362772,0
2022-09-18,523,7353042,410,6413836,7,591044,74,3413686,26,497088,113,3928043,4482,105275,4974,11728,18379213,14363164,0
2022-09-19,1555,7354597,1324,6415160,29,591073,227,3413913,97,497185,350,3928393,13814,119089,15516,12010.71,18394729,14364542,0
2022-09-20,1442,7356039,1252,6416412,27,591100,221,3414134,90,497275,359,3928752,13215,132304,15015,12479.14,18409744,14366031,0
2022-09-21,1667,7357706,1351,6417763,31,591131,261,3414395,131,497406,426,3929178,14935,147239,16842,13018.14,18426586,14367546,0
2022-09-22,1470,7359176,1262,6419025,28,591159,174,3414569,139,497545,360,3929538,13226,160465,15048,13152.71,18441634,14369055,0
2022-09-23,1741,7360917,1654,6420679,24,591183,252,3414821,145,497690,460,3929998,16945,177410,19248,13578.86,18460882,14370961,0
2022-09-24,801,7361718,887,6421566,8,591191,272,3415093,68,497758,359,3930357,7504,184914,8853,13642.29,18469735,14371970,0
2022-09-25,485,7362203,394,6421960,1,591192,72,3415165,47,497805,128,3930485,4509,189423,4996,13645.43,18474731,14372338,0
2022-09-26,1574,7363777,1245,6423205,16,591208,289,3415454,143,497948,489,3930974,15013,204436,16711,13816.14,18491442,14373604,0
2022-09-27,1538,7365315,1310,6424515,26,591234,283,3415737,174,498122,493,3931467,14159,218595,16153,13978.71,18507595,14375141,0
2022-09-28,1618,7366933,1300,6425815,18,591252,190,3415927,186,498308,429,3931896,15512,234107,17287,14042.29,18524882,14376540,0
2022-09-29,1681,7368614,1300,6427115,19,591271,177,3416104,100,498408,314,3932210,15372,249479,17223,14353,18542105,14378114,0
2022-09-30,1645,7370259,1554,6428669,13,591284,181,3416285,177,498585,404,3932614,16486,265965,18653,14268,18560758,14379923,0
2022-10-01,721,7370980,668,6429337,5,591289,138,3416423,35,498620,182,3932796,7049,273014,7940,14137.57,18568698,14380641,0
2022-10-02,511,7371491,429,6429766,5,591294,48,3416471,45,498665,107,3932903,4428,277442,4838,14115,18573536,14380958,0
2022-10-03,1552,7373043,1192,6430958,23,591317,156,3416627,112,498777,315,3933218,14568,292010,15971,14009.29,18589507,14382093,0
2022-10-04,1379,7374422,1157,6432115,15,591332,150,3416777,120,498897,298,3933516,13399,305409,14792,13814.86,18604299,14383216,0
2022-10-05,1593,7376015,1285,6433400,17,591349,283,3417060,164,499061,500,3934016,14866,320275,16690,13729.57,18620989,14384593,0
2022-10-06,1491,7377506,1250,6434650,19,591368,166,3417226,161,499222,385,3934401,14956,335231,16618,13643.14,18637607,14385928,0
2022-10-07,1661,7379167,1428,6436078,15,591383,171,3417397,135,499357,367,3934768,17104,352335,19062,13701.57,18656669,14387580,0
2022-10-08,763,7379930,680,6436758,4,591387,146,3417543,62,499419,225,3934993,7708,360043,8636,13801,18665305,14388300,0
2022-10-09,491,7380421,410,6437168,5,591392,47,3417590,56,499475,121,3935114,4694,364737,5120,13841.29,18670425,14388623,0
2022-10-10,1548,7381969,1250,6438418,14,591406,174,3417764,120,499595,333,3935447,15204,379941,16506,13917.71,18686931,14389631,0
2022-10-11,1640,7383609,1103,6439521,19,591425,178,3417942,154,499749,388,3935835,14319,394260,15853,14069.29,18702784,14390833,0
2022-10-12,1867,7385476,1322,6440843,17,591442,134,3418076,186,499935,387,3936222,16280,410540,17883,14239.71,18720667,14392116,0
2022-10-13,1619,7387095,1149,6441992,28,591470,135,3418211,200,500135,406,3936628,14036,424576,15569,14089.86,18736236,14393314,0
2022-10-14,1817,7388912,1542,6443534,25,591495,130,3418341,179,500314,362,3936990,17202,441778,19184,14107.29,18755420,14394987,0
2022-10-15,769,7389681,639,6444173,9,591504,90,3418431,68,500382,179,3937169,7611,449389,8467,14083.14,18763887,14395685,0
2022-10-16,565,7390246,411,6444584,3,591507,25,3418456,65,500447,121,3937290,4726,454115,5169,14090.14,18769056,14396038,0
2022-10-17,1817,7392063,1250,6445834,18,591525,82,3418538,116,500563,235,3937525,16071,470186,17391,14216.57,18786447,14397160,0
2022-10-18,1691,7393754,1169,6447003,20,591545,101,3418639,139,500702,287,3937812,14635,484821,16014,14239.57,18802461,14398299,0
2022-10-19,2093,7395847,1329,6448332,21,591566,84,3418723,142,500844,289,3938101,16231,501052,17704,14214,18820165,14399546,0
2022-10-20,1690,7397537,1168,6449500,11,591577,88,3418811,151,500995,306,3938407,15396,516448,16850,14397,18837015,14400761,0
2022-10-21,1808,7399345,1347,6450847,12,591589,93,3418904,150,501145,298,3938705,16739,533187,18406,14285.86,18855421,14402185,0
2022-10-22,745,7400090,668,6451515,9,591598,44,3418948,46,501191,100,3938805,7688,540875,8417,14278.71,18863838,14402824,0
2022-10-23,521,7400611,369,6451884,3,591601,21,3418969,39,501230,69,3938874,4803,545678,5080,14266,18868918,14403041,0
2022-10-24,1747,7402358,1210,6453094,19,591620,71,3419040,112,501342,224,3939098,15557,561235,16844,14187.86,18885762,14404145,0
2022-10-25,1663,7404021,1188,6454282,12,591632,94,3419134,110,501452,233,3939331,15041,576276,16343,14234.86,18902105,14405243,0
2022-10-26,1857,7405878,1328,6455610,11,591643,90,3419224,171,501623,339,3939670,16813,593089,18287,14318.14,18920392,14406456,0
2022-10-27,1586,7407464,1075,6456685,13,591656,95,3419319,138,501761,287,3939957,15085,608174,16406,14254.71,18936798,14407544,0
2022-10-28,1703,7409167,1423,6458108,17,591673,107,3419426,153,501914,318,3940275,16764,624938,18570,14278.14,18955368,14409090,0
2022-10-29,696,7409863,544,6458652,9,591682,69,3419495,57,501971,140,3940415,7743,632681,8413,14277.57,18963781,14409634,0
2022-10-30,521,7410384,305,6458957,3,591685,19,3419514,57,502028,92,3940507,4490,637171,4778,14234.43,18968559,14409846,0
2022-10-31,1679,7412063,1108,6460065,8,591693,47,3419561,127,502155,218,3940725,14587,651758,15533,14047.14,18984092,14410618,0
2022-11-01,1668,7413731,1022,6461087,18,591711,78,3419639,132,502287,241,3940966,13615,665373,14934,13845.86,18999026,14411727,0
2022-11-02,1742,7415473,1125,6462212,17,591728,91,3419730,122,502409,255,3941221,14874,680247,16146,13540,19015172,14412786,0
2022-11-03,1422,7416895,1034,6463246,14,591742,84,3419814,167,502576,328,3941549,12623,692870,13900,13182,19029072,14413812,0
2022-11-04,1743,7418638,1219,6464465,14,591756,101,3419915,141,502717,275,3941824,15433,708303,17033,12962.43,19046105,14415170,0
2022-11-05,825,7419463,532,6464997,6,591762,67,3419982,80,502797,161,3941985,7038,715341,7751,12867.86,19053856,14415736,0
2022-11-06,408,7419871,330,6465327,4,591766,21,3420003,49,502846,107,3942092,4072,719413,4412,12815.57,19058268,14416006,0
2022-11-07,1640,7421511,1071,6466398,14,591780,75,3420078,101,502947,212,3942304,13219,732632,14380,12650.86,19072648,14416991,0
2022-11-08,1533,7423044,1011,6467409,8,591788,97,3420175,131,503078,269,3942573,12065,744697,13327,12421.29,19085975,14418025,0
2022-11-09,1571,7424615,1059,6468468,9,591797,85,3420260,114,503192,246,3942819,12190,756887,13454,12036.71,19099429,14419090,0
2022-11-10,1484,7426099,1008,6469476,14,591811,73,3420333,147,503339,276,3943095,12282,769169,13558,11987.86,19112987,14420146,0
2022-11-11,1505,7427604,1078,6470554,11,591822,100,3420433,102,503441,223,3943318,12836,782005,14264,11592.29,19127251,14421372,0
2022-11-12,672,7428276,514,6471068,2,591824,57,3420490,61,503502,128,3943446,6429,788434,7047,11491.71,19134298,14421872,0
2022-11-13,497,7428773,340,6471408,4,591828,15,3420505,68,503570,98,3943544,3894,792328,4211,11463,19138509,14422106,0
2022-11-14,1447,7430220,1026,6472434,19,591847,59,3420564,114,503684,204,3943748,11629,803957,12743,11229.14,19151252,14423047,0
2022-11-15,1490,7431710,1002,6473436,15,591862,103,3420667,164,503848,292,3944040,11272,815229,12650,11132.43,19163902,14424158,0
2022-11-16,1608,7433318,1034,6474470,21,591883,67,3420734,145,503993,248,3944288,11558,826787,12806,11039.86,19176708,14425194,0
2022-11-17,1423,7434741,976,6475446,10,591893,72,3420806,189,504182,302,3944590,10534,837321,11863,10797.71,19188571,14426262,0
2022-11-18,1586,7436327,1103,6476549,12,591905,68,3420874,117,504299,215,3944805,12403,849724,13993,10759,19202564,14427667,0
2022-11-19,681,7437008,439,6476988,4,591909,57,3420931,63,504362,129,3944934,5909,855633,6566,10690.29,19209130,14428204,0
2022-11-20,474,7437482,308,6477296,4,591913,12,3420943,35,504397,64,3944998,3538,859171,3836,10636.71,19212966,14428455,0
2022-11-21,1524,7439006,921,6478217,4,591917,51,3420994,81,504478,149,3945147,10395,869566,11372,10440.86,19224338,14429300,0
2022-11-22,1274,7440280,818,6479035,7,591924,53,3421047,92,504570,163,3945310,9263,878829,10288,10103.43,19234626,14430180,0
2022-11-23,1293,7441573,735,6479770,11,591935,65,3421112,79,504649,170,3945480,8669,887498,9609,9646.71,19244235,14430976,0
2022-11-24,18,7441591,10,6479780,2,591937,0,3421112,6,504655,8,3945488,112,887610,137,7971.57,19244372,14430995,0
2022-11-25,679,7442270,475,6480255,14,591951,36,3421148,54,504709,109,3945597,5682,893292,6412,6888.57,19250784,14431635,0
2022-11-26,590,7442860,379,6480634,2,591953,15,3421163,43,504752,62,3945659,4896,898188,5330,6712,19256114,14432011,0
2022-11-27,399,7443259,219,6480853,1,591954,11,3421174,23,504775,49,3945708,3170,901358,3351,6642.71,19259465,14432158,0
2022-11-28,951,7444210,697,6481550,10,591964,57,3421231,65,504840,142,3945850,6944,908302,7907,6147.71,19267372,14432999,0
2022-11-29,928,7445138,708,6482258,8,591972,46,3421277,73,504913,145,3945995,6930,915232,7968,5816.29,19275340,14433918,0
2022-11-30,1213,7446351,868,6483126,16,591988,50,3421327,54,504967,123,3946118,8726,923958,9732,5833.86,19285072,14434820,0
2022-12-01,1129,7447480,769,6483895,11,591999,61,3421388,96,505063,184,3946302,8464,932422,9532,7176,19294604,14435731,0
2022-12-02,1317,7448797,973,6484868,14,592013,70,3421458,105,505168,195,3946497,10208,942630,11535,7907.86,19306139,14436883,0
2022-12-03,618,7449415,422,6485290,12,592025,42,3421500,42,505210,87,3946584,4946,947576,5471,7928,19311610,14437324,0
2022-12-04,418,7449833,283,6485573,4,592029,7,3421507,26,505236,40,3946624,3270,950846,3496,7948.71,19315106,14437517,0
2022-12-05,1165,7450998,769,6486342,15,592044,62,3421569,71,505307,149,3946773,8601,959447,9613,8192.43,19324719,14438396,0
2022-12-06,1173,7452171,768,6487110,13,592057,67,3421636,89,505396,174,3946947,8125,967572,9125,8357.71,19333844,14439240,0
2022-12-07,1214,7453385,752,6487862,12,592069,62,3421698,81,505477,163,3947110,8293,975865,9313,8297.86,19343157,14440117,0
2022-12-08,1105,7454490,740,6488602,14,592083,69,3421767,76,505553,165,3947275,8667,984532,9696,8321.29,19352853,14441001,0
2022-12-09,1238,7455728,971,6489573,13,592096,81,3421848,102,505655,209,3947484,10402,994934,11766,8354.29,19364619,14442182,0
2022-12-10,679,7456407,461,6490034,7,592103,38,3421886,76,505731,132,3947616,6138,1001072,6710,8531.29,19371329,14442640,0
2022-12-11,432,7456839,263,6490297,4,592107,11,3421897,35,505766,56,3947672,3683,1004755,3885,8586.86,19375214,14442796,0
2022-12-12,1336,7458175,803,6491100,19,592126,78,3421975,105,505871,209,3947881,9968,1014723,11014,8787,19386228,14443659,0
2022-12-13,1277,7459452,846,6491946,17,592143,54,3422029,102,505973,189,3948070,9690,1024413,10746,9018.57,19396974,14444559,0
2022-12-14,1195,7460647,830,6492776,12,592155,68,3422097,100,506073,195,3948265,9631,1034044,10613,9204.29,19407587,14445373,0
2022-12-15,1193,7461840,697,6493473,11,592166,61,3422158,109,506182,185,3948450,8436,1042480,9404,9162.57,19416991,14446171,0
2022-12-16,1204,7463044,806,6494279,12,592178,69,3422227,126,506308,217,3948667,9359,1051839,10533,8986.43,19427524,14447150,0
2022-12-17,656,7463700,462,6494741,8,592186,31,3422258,36,506344,80,3948747,5831,1057670,6304,8928.43,19433828,14447556,0
2022-12-18,441,7464141,230,6494971,2,592188,15,3422273,23,506367,48,3948795,3402,1061072,3608,8888.86,19437436,14447724,0
2022-12-19,1223,7465364,783,6495754,7,592195,55,3422328,84,506451,153,3948948,8906,1069978,9837,8720.71,19447273,14448516,0
2022-12-20,1213,7466577,761,6496515,18,592213,83,3422411,138,506589,277,3949225,8588,1078566,9720,8574.14,19456993,14449427,0
2022-12-21,1095,7467672,696,6497211,16,592229,54,3422465,94,506683,179,3949404,8282,1086848,9159,8366.43,19466152,14450156,0
2022-12-22,993,7468665,587,6497798,4,592233,44,3422509,73,506756,135,3949539,6936,1093784,7670,8118.71,19473822,14450773,0
2022-12-23,831,7469496,507,6498305,11,592244,41,3422550,58,506814,112,3949651,5914,1099698,6519,7545.29,19480341,14451279,0
2022-12-24,191,7469687,112,6498417,1,592245,2,3422552,15,506829,20,3949671,1378,1101076,1497,6858.57,19481838,14451381,0
2022-12-25,5,7469692,3,6498420,0,592245,0,3422552,0,506829,0,3949671,29,1101105,32,6347.71,19481870,14451384,0
2022-12-26,571,7470263,269,6498689,16,592261,19,3422571,22,506851,44,3949715,3298,1104403,3607,5457.71,19485477,14451652,0
2022-12-27,1090,7471353,606,6499295,13,592274,55,3422626,58,506909,122,3949837,7228,1111631,8027,5215.86,19493504,14452338,0
2022-12-28,1065,7472418,562,6499857,8,592282,56,3422682,63,506972,129,3949966,6987,1118618,7779,5018.71,19501283,14453011,0
2022-12-29,1015,7473433,585,6500442,9,592291,50,3422732,89,507061,162,3950128,6591,1125209,7418,4982.71,19508701,14453699,0
2022-12-30,952,7474385,539,6500981,9,592300,49,3422781,52,507113,111,3950239,6132,1131341,6858,5031.14,19515559,14454324,0
2022-12-31,306,7474691,167,6501148,4,592304,16,3422797,10,507123,29,3950268,1811,1133152,1987,5101.14,19517546,14454474,0
2023-01-01,15,7474706,9,6501157,0,592304,2,3422799,5,507128,7,3950275,54,1133206,77,5107.57,19517623,14454490,0
2023-01-02,653,7475359,328,6501485,10,592314,14,3422813,23,507151,43,3950318,3651,1136857,3996,5163.14,19521619,14454798,0
2023-01-03,968,7476327,591,6502076,9,592323,41,3422854,57,507208,110,3950428,5477,1142334,6262,4911,19527881,14455485,0
2023-01-04,1102,7477429,676,6502752,17,592340,50,3422904,63,507271,131,3950559,6176,1148510,7047,4806.43,19534928,14456243,0
2023-01-05,1011,7478440,588,6503340,23,592363,34,3422938,89,507360,142,3950701,5764,1154274,6692,4702.71,19541620,14457048,0
2023-01-06,1056,7479496,777,6504117,17,592380,50,3422988,81,507441,142,3950843,6496,1160770,7548,4801.29,19549168,14457969,0
2023-01-07,605,7480101,429,6504546,8,592388,22,3423010,34,507475,62,3950905,4454,1165224,4913,5219.29,19554081,14458372,0
2023-01-08,380,7480481,245,6504791,4,592392,12,3423022,29,507504,45,3950950,2556,1167780,2766,5603.43,19556847,14458541,0
2023-01-09,952,7481433,580,6505371,17,592409,52,3423074,41,507545,102,3951052,5602,1173382,6438,5952.29,19563285,14459284,0
2023-01-10,856,7482289,644,6506015,8,592417,49,3423123,84,507629,150,3951202,5331,1178713,6237,5948.71,19569522,14460057,0
2023-01-11,876,7483165,553,6506568,21,592438,46,3423169,68,507697,137,3951339,5155,1183868,5967,5794.43,19575489,14460755,0
2023-01-12,778,7483943,495,6507063,24,592462,53,3423222,120,507817,196,3951535,4529,1188397,5471,5620,19580960,14461524,0
2023-01-13,805,7484748,553,6507616,11,592473,69,3423291,58,507875,143,3951678,5368,1193765,6258,5435.71,19587218,14462287,0
2023-01-14,511,7485259,282,6507898,10,592483,27,3423318,31,507906,60,3951738,3226,1196991,3629,5252.29,19590847,14462632,0
2023-01-15,288,7485547,150,6508048,6,592489,15,3423333,22,507928,52,3951790,1792,1198783,1995,5142.14,19592842,14462798,0
2023-01-16,501,7486048,307,6508355,11,592500,31,3423364,27,507955,63,3951853,2769,1201552,3204,4680.14,19596046,14463175,0
2023-01-17,804,7486852,477,6508832,19,592519,49,3423413,74,508029,136,3951989,3832,1205384,4700,4460.57,19600746,14463920,0
2023-01-18,801,7487653,477,6509309,16,592535,48,3423461,61,508090,116,3952105,3724,1209108,4530,4255.29,19605276,14464617,0
2023-01-19,657,7488310,430,6509739,6,592541,50,3423511,34,508124,103,3952208,3162,1212270,3906,4031.71,19609182,14465277,0
2023-01-20,701,7489011,486,6510225,23,592564,39,3423550,39,508163,85,3952293,3734,1216004,4511,3782.14,19613693,14465976,0
2023-01-21,369,7489380,195,6510420,12,592576,20,3423570,12,508175,33,3952326,1886,1217890,2190,3576.57,19615883,14466248,0
2023-01-22,227,7489607,63,6510483,5,592581,0,3423570,2,508177,3,3952329,862,1218752,968,3429.86,19616851,14466352,0
2023-01-23,643,7490250,333,6510816,12,592593,14,3423584,45,508222,66,3952395,2708,1221460,3373,3454,19620224,14466958,0
2023-01-24,579,7490829,392,6511208,17,592610,36,3423620,33,508255,82,3952477,3053,1224513,3704,3311.71,19623928,14467540,0
2023-01-25,599,7491428,359,6511567,21,592631,32,3423652,40,508295,84,3952561,2697,1227210,3366,3145.43,19627294,14468137,0
2023-01-26,561,7491989,351,6511918,18,592649,35,3423687,51,508346,102,3952663,2693,1229903,3356,3066.86,19630650,14468714,0
2023-01-27,562,7492551,439,6512357,11,592660,35,3423722,47,508393,89,3952752,2815,1232718,3549,2929.43,19634199,14469366,0
2023-01-28,359,7492910,187,6512544,5,592665,24,3423746,39,508432,70,3952822,1588,1234306,1925,2891.57,19636124,14469640,0
2023-01-29,237,7493147,118,6512662,3,592668,12,3423758,10,508442,26,3952848,993,1235299,1146,2917,19637270,14469771,0
2023-01-30,599,7493746,393,6513055,18,592686,40,3423798,37,508479,80,3952928,2503,1237802,3220,2895.14,19640490,14470411,0
2023-01-31,506,7494252,353,6513408,12,592698,28,3423826,48,508527,88,3953016,2439,1240241,3059,2803,19643549,14470955,0
2023-02-01,476,7494728,333,6513741,15,592713,40,3423866,43,508570,91,3953107,2316,1242557,2946,2743,19646495,14471502,0
2023-02-02,463,7495191,345,6514086,13,592726,34,3423900,35,508605,77,3953184,2152,1244709,2768,2659,19649263,14472049,0
2023-02-03,540,7495731,395,6514481,12,592738,26,3423926,34,508639,67,3953251,2357,1247066,3052,2588,19652315,14472684,0
2023-02-04,242,7495973,154,6514635,10,592748,13,3423939,14,508653,28,3953279,1141,1248207,1395,2512.29,19653710,14472911,0
2023-02-05,202,7496175,96,6514731,0,592748,2,3423941,15,508668,19,3953298,854,1249061,972,2487.43,19654682,14473012,0
2023-02-06,596,7496771,310,6515041,9,592757,28,3423969,27,508695,64,3953362,2251,1251312,2825,2431,19657507,14473531,0
2023-02-07,477,7497248,364,6515405,4,592761,28,3423997,34,508729,70,3953432,2329,1253641,2926,2412,19660433,14474066,0
2023-02-08,453,7497701,321,6515726,4,592765,27,3424024,37,508766,70,3953502,2314,1255955,2878,2402.29,19663311,14474566,0
2023-02-09,479,7498180,348,6516074,3,592768,38,3424062,46,508812,98,3953600,2053,1258008,2706,2393.43,19666017,14475135,0
2023-02-10,495,7498675,389,6516463,2,592770,30,3424092,34,508846,88,3953688,2265,1260273,2951,2379,19668968,14475757,0
2023-02-11,295,7498970,197,6516660,7,592777,21,3424113,25,508871,47,3953735,1340,1261613,1658,2416.57,19670626,14476029,0
2023-02-12,181,7499151,81,6516741,0,592777,6,3424119,0,508871,10,3953745,703,1262316,815,2394.14,19671441,14476135,0
2023-02-13,445,7499596,294,6517035,4,592781,21,3424140,26,508897,51,3953796,1757,1264073,2318,2321.71,19673759,14476649,0
2023-02-14,397,7499993,273,6517308,6,592787,29,3424169,22,508919,56,3953852,1688,1265761,2218,2220.57,19675977,14477128,0
2023-02-15,405,7500398,290,6517598,10,592797,25,3424194,27,508946,64,3953916,1744,1267505,2260,2132.29,19678237,14477592,0
2023-02-16,355,7500753,240,6517838,4,592801,26,3424220,19,508965,50,3953966,1622,1269127,2087,2043.86,19680324,14478012,0
2023-02-17,391,7501144,310,6518148,3,592804,24,3424244,32,508997,63,3954029,1683,1270810,2245,1943,19682569,14478518,0
2023-02-18,198,7501342,114,6518262,5,592809,13,3424257,4,509001,18,3954047,995,1271805,1178,1874.43,19683747,14478684,0
2023-02-19,118,7501460,54,6518316,2,592811,6,3424263,6,509007,14,3954061,536,1272341,603,1844.14,19684350,14478739,0
2023-02-20,308,7501768,157,6518473,3,592814,8,3424271,17,509024,26,3954087,1152,1273493,1407,1714,19685757,14478969,0
2023-02-21,371,7502139,281,6518754,4,592818,25,3424296,33,509057,63,3954150,1519,1275012,2047,1689.57,19687804,14479439,0
2023-02-22,388,7502527,270,6519024,7,592825,39,3424335,26,509083,69,3954219,1630,1276642,2147,1673.43,19689951,14479891,0
2023-02-23,381,7502908,249,6519273,10,592835,26,3424361,30,509113,70,3954289,1462,1278104,1998,1660.71,19691949,14480371,0
2023-02-24,362,7503270,321,6519594,4,592839,30,3424391,25,509138,62,3954351,1718,1279822,2271,1664.43,19694220,14480869,0
2023-02-25,160,7503430,121,6519715,2,592841,9,3424400,13,509151,24,3954375,769,1280591,962,1633.57,19695182,14481040,0
2023-02-26,90,7503520,45,6519760,0,592841,8,3424408,4,509155,16,3954391,460,1281051,521,1621.86,19695703,14481089,0
2023-02-27,374,7503894,293,6520053,4,592845,30,3424438,20,509175,53,3954444,1486,1282537,1996,1706,19697699,14481549,0
2023-02-28,354,7504248,237,6520290,8,592853,30,3424468,27,509202,62,3954506,1308,1283845,1787,1668.86,19699486,14481971,0
2023-03-01,387,7504635,276,6520566,6,592859,25,3424493,20,509222,51,3954557,1435,1285280,1958,1641.86,19701444,14482449,0
2023-03-02,368,7505003,292,6520858,9,592868,20,3424513,23,509245,50,3954607,1318,1286598,1855,1621.43,19703299,14482943,0
2023-03-03,392,7505395,316,6521174,10,592878,25,3424538,26,509271,57,3954664,1586,1288184,2165,1606.29,19705464,14483471,0
2023-03-04,197,7505592,120,6521294,4,592882,10,3424548,16,509287,28,3954692,790,1288974,1019,1614.43,19706483,14483674,0
2023-03-05,124,7505716,62,6521356,2,592884,4,3424552,6,509293,14,3954706,464,1289438,557,1619.57,19707040,14483757,0
2023-03-06,398,7506114,262,6521618,12,592896,23,3424575,16,509309,42,3954748,1377,1290815,1876,1602.43,19708916,14484217,0
2023-03-07,362,7506476,242,6521860,5,592901,22,3424597,29,509338,60,3954808,1300,1292115,1763,1599,19710679,14484629,0
2023-03-08,367,7506843,245,6522105,3,592904,33,3424630,29,509367,66,3954874,1330,1293445,1823,1579.71,19712502,14485060,0
2023-03-09,356,7507199,232,6522337,4,592908,16,3424646,24,509391,46,3954920,1242,1294687,1714,1559.57,19714216,14485492,0
2023-03-10,295,7507494,274,6522611,2,592910,8,3424654,19,509410,35,3954955,1373,1296060,1812,1509.14,19716028,14485904,0
2023-03-11,185,7507679,84,6522695,3,592913,18,3424672,3,509413,22,3954977,674,1296734,851,1485.14,19716879,14486060,0
2023-03-12,111,7507790,46,6522741,1,592914,4,3424676,7,509420,17,3954994,425,1297159,507,1478,19717386,14486131,0
2023-03-13,331,7508121,198,6522939,7,592921,11,3424687,13,509433,25,3955019,1124,1298283,1514,1426.29,19718900,14486497,0
2023-03-14,281,7508402,177,6523116,4,592925,15,3424702,11,509444,32,3955051,1050,1299333,1397,1374,19720297,14486818,0
2023-03-15,323,7508725,264,6523380,3,592928,9,3424711,13,509457,23,3955074,1213,1300546,1653,1349.71,19721950,14487236,0
2023-03-16,295,7509020,228,6523608,9,592937,13,3424724,14,509471,33,3955107,1115,1301661,1523,1322.43,19723473,14487617,0
2023-03-17,325,7509345,263,6523871,4,592941,20,3424744,8,509479,29,3955136,1250,1302911,1678,1303.29,19725151,14488017,120000
2023-03-18,153,7509498,98,6523969,2,592943,9,3424753,6,509485,16,3955152,644,1303555,810,1297.43,19725961,14488168,120000
2023-03-19,111,7509609,54,6524023,1,592944,3,3424756,3,509488,9,3955161,359,1303914,442,1288.14,19726403,14488245,120000
2023-03-20,333,7509942,205,6524228,7,592951,30,3424786,16,509504,47,3955208,1183,1305097,1569,1296,19727972,14488585,120000
2023-03-21,330,7510272,180,6524408,4,592955,21,3424807,17,509521,40,3955248,1086,1306183,1473,1306.86,19729445,14488934,120000
2023-03-22,291,7510563,209,6524617,6,592961,12,3424819,11,509532,25,3955273,1060,1307243,1428,1274.71,19730873,14489279,120000
2023-03-23,102,7510665,86,6524703,0,592961,8,3424827,7,509539,17,3955290,411,1307654,579,1139.86,19731452,14489432,120000
