"DATE","ADMIN_DOSE1_DAILY","ADMIN_DOSE1_CUMULATIVE","ADMIN_DOSE2_DAILY","ADMIN_DOSE2_CUMULATIVE","ADMIN_SINGLE_DAILY","ADMIN_SINGLE_CUMULATIVE","ADMIN_ADDITIONAL1_DAILY","ADMIN_ADDITIONAL1_CUMULATIVE","ADMIN_ADDITIONAL2_DAILY","ADMIN_ADDITIONAL2_CUMULATIVE","ADMIN_ADDITIONAL_DAILY","ADMIN_ADDITIONAL_CUMULATIVE","ADMIN_BIVALENT_ADDITIONAL_DAILY","ADMIN_BIVALENT_ADDITIONAL_CUMULATIVE","ADMIN_ALLDOSES_DAILY","ADMIN_ALLDOSES_7DAYAVG","ADMIN_ALLDOSES_CUMULATIVE","ADMIN_ALLDOSES_PRIMARY","INCOMPLETE"
2020-12-14,79,79,0,0,2,2,0,0,0,0,0,0,0,0,81,,81,81,0
2020-12-15,2052,2131,7,7,5,7,0,0,0,0,0,0,0,0,2064,,2145,2145,0
2020-12-16,4606,6737,15,22,4,11,1,1,0,0,1,1,0,0,4626,,6771,6770,0
2020-12-17,4661,11398,18,40,2,13,1,2,0,0,1,2,0,0,4682,,11453,11451,0
2020-12-18,5836,17234,18,58,2,15,2,4,0,0,2,4,0,0,5858,,17311,17307,0
2020-12-19,1687,18921,9,67,3,18,0,4,0,0,0,4,0,0,1699,,19010,19006,0
2020-12-20,1117,20038,2,69,1,19,0,4,0,0,0,4,0,0,1120,2875.71,20130,20126,0
2020-12-21,6391,26429,21,90,0,19,5,9,0,0,5,9,0,0,6417,3780.86,26547,26538,0
2020-12-22,9767,36196,28,118,2,21,1,10,0,0,1,10,0,0,9798,4885.71,36345,36335,0
2020-12-23,14277,50473,36,154,3,24,0,10,0,0,0,10,0,0,14316,6270,50661,50651,0
2020-12-24,7170,57643,28,182,1,25,0,10,0,0,0,10,0,0,7199,6629.57,57860,57850,0
2020-12-25,180,57823,0,182,0,25,1,11,0,0,1,11,0,0,181,5818.57,58041,58030,0
2020-12-26,4393,62216,45,227,0,25,1,12,0,0,1,12,0,0,4439,6210,62480,62468,0
2020-12-27,3869,66085,15,242,0,25,1,13,0,0,1,13,0,0,3885,6605,66365,66352,0
2020-12-28,10992,77077,51,293,1,26,3,16,0,0,3,16,0,0,11047,7266.43,77412,77396,0
2020-12-29,10713,87790,36,329,2,28,3,19,0,0,3,19,0,0,10754,7403,88166,88147,0
2020-12-30,12822,100612,44,373,0,28,0,19,0,0,0,19,0,0,12866,7195.86,101032,101013,0
2020-12-31,7260,107872,36,409,1,29,0,19,0,0,0,19,0,0,7297,7209.86,108329,108310,0
2021-01-01,178,108050,2,411,1,30,3,22,0,0,3,22,0,0,184,7210.29,108513,108491,0
2021-01-02,3809,111859,10,421,3,33,2,24,0,0,2,24,0,0,3824,7122.43,112337,112313,0
2021-01-03,3542,115401,24,445,2,35,1,25,0,0,1,25,0,0,3569,7077.29,115906,115881,0
2021-01-04,12253,127654,809,1254,2,37,7,32,0,0,7,32,0,0,13071,7366.43,128977,128945,0
2021-01-05,14090,141744,2196,3450,2,39,13,45,1,1,14,46,0,0,16302,8159,145279,145233,0
2021-01-06,17796,159540,3930,7380,1,40,31,76,8,9,39,85,0,0,21766,9430.43,167045,166960,0
2021-01-07,16539,176079,5183,12563,4,44,46,122,3,12,49,134,0,0,21775,11498.71,188820,188686,0
2021-01-08,16610,192689,5461,18024,0,44,36,158,4,16,40,174,0,0,22111,14631.14,210931,210757,0
2021-01-09,7648,200337,1466,19490,1,45,7,165,2,18,9,183,0,0,9124,15388.29,220055,219872,0
2021-01-10,7880,208217,981,20471,0,45,12,177,0,18,12,195,0,0,8873,16146,228928,228733,0
2021-01-11,25810,234027,7460,27931,2,47,55,232,8,26,63,258,0,0,33335,19040.86,262263,262005,0
2021-01-12,28245,262272,7864,35795,1,48,46,278,4,30,50,308,0,0,36160,21877.71,298423,298115,0
2021-01-13,31708,293980,9419,45214,1,49,59,337,5,35,64,372,0,0,41192,24652.86,339615,339243,0
2021-01-14,35799,329779,5299,50513,1,50,34,371,7,42,41,413,0,0,41140,27419.29,380755,380342,0
2021-01-15,29247,359026,3715,54228,2,52,32,403,5,47,37,450,0,0,33001,28975,413756,413306,0
2021-01-16,30267,389293,2394,56622,0,52,25,428,6,53,31,481,0,0,32692,32341.86,446448,445967,0
2021-01-17,23733,413026,1642,58264,0,52,20,448,1,54,21,502,0,0,25396,34702.29,471844,471342,0
2021-01-18,27089,440115,2424,60688,0,52,37,485,7,61,44,546,0,0,29558,34162.71,501402,500856,0
2021-01-19,34278,474393,9642,70330,1,53,70,555,6,67,76,622,0,0,43997,35282.29,545399,544777,0
2021-01-20,34856,509249,9502,79832,1,54,61,616,3,70,64,686,0,0,44423,35743.86,589822,589136,0
2021-01-21,25576,534825,8098,87930,2,56,54,670,5,75,59,745,0,0,33735,34686,623557,622812,0
2021-01-22,24744,559569,4386,92316,1,57,31,701,7,82,38,783,0,0,29169,34138.57,652726,651943,0
2021-01-23,15741,575310,3224,95540,0,57,11,712,2,84,13,796,0,0,18978,32179.43,671704,670908,0
2021-01-24,7174,582484,3458,98998,0,57,19,731,1,85,20,816,0,0,10652,30073.14,682356,681540,0
2021-01-25,13401,595885,11828,110826,0,57,67,798,13,98,80,896,0,0,25309,29466.14,707665,706769,0
2021-01-26,16751,612636,10761,121587,0,57,70,868,3,101,74,970,0,0,27586,27121.71,735251,734282,0
2021-01-27,20829,633465,12357,133944,0,57,53,921,9,110,62,1032,0,0,33250,25525.57,768501,767470,0
2021-01-28,30750,664215,12855,146799,0,57,83,1004,16,126,99,1131,0,0,43707,26950.14,812208,811078,0
2021-01-29,31678,695893,11513,158312,0,57,84,1088,11,137,95,1226,0,0,43286,28966.86,855494,854269,0
2021-01-30,18709,714602,3743,162055,0,57,21,1109,2,139,24,1250,0,0,22476,29466.57,877970,876722,0
2021-01-31,13007,727609,2928,164983,1,58,29,1138,5,144,34,1284,0,0,15970,30226.29,893940,892658,0
2021-02-01,1180,728789,5400,170383,4,62,36,1174,5,149,41,1325,0,0,6625,27557.14,900565,899242,0
2021-02-02,2821,731610,9445,179828,2,64,51,1225,3,152,54,1379,0,0,12322,25376.57,912887,911510,0
2021-02-03,16344,747954,21238,201066,4,68,212,1437,21,173,233,1612,0,0,37819,26029.29,950706,949096,0
2021-02-04,27039,774993,19648,220714,3,71,207,1644,10,183,217,1829,0,0,46907,26486.43,997613,995786,0
2021-02-05,27579,802572,20031,240745,0,71,191,1835,15,198,207,2036,0,0,47817,27133.71,1045430,1043397,0
2021-02-06,22979,825551,11249,251994,0,71,117,1952,12,210,129,2165,0,0,34357,28831,1079787,1077625,0
2021-02-07,12030,837581,8285,260279,1,72,97,2049,13,223,111,2276,0,0,20427,29467.71,1100214,1097942,0
2021-02-08,16945,854526,23521,283800,2,74,239,2288,35,258,275,2551,0,0,40743,34341.71,1140957,1138411,0
2021-02-09,17279,871805,28090,311890,2,76,352,2640,42,300,397,2948,0,0,45768,39119.71,1186725,1183785,0
2021-02-10,19586,891391,29302,341192,2,78,269,2909,53,353,325,3273,0,0,49216,40747.86,1235941,1232679,0
2021-02-11,27832,919223,33462,374654,2,80,349,3258,59,412,408,3681,0,0,61706,42862,1297647,1293977,0
2021-02-12,38356,957579,30812,405466,3,83,361,3619,40,452,402,4083,0,0,69573,45970,1367220,1363149,0
2021-02-13,27990,985569,25314,430780,2,85,311,3930,57,509,369,4452,0,0,53676,48729.86,1420896,1416457,0
2021-02-14,16262,1001831,23721,454501,0,85,278,4208,34,543,312,4764,0,0,40295,51568.14,1461191,1456440,0
2021-02-15,12795,1014626,10523,465024,2,87,179,4387,24,567,204,4968,0,0,23524,49108.29,1484715,1479761,0
2021-02-16,14233,1028859,26712,491736,0,87,339,4726,40,607,380,5348,0,0,41325,48473.57,1526040,1520707,0
2021-02-17,16382,1045241,22197,513933,1,88,287,5013,39,646,326,5674,0,0,38906,47000.71,1564946,1559287,0
2021-02-18,12138,1057379,24986,538919,21,109,300,5313,45,691,345,6019,0,0,37490,43541.29,1602436,1596432,0
2021-02-19,13250,1070629,23928,562847,38,147,313,5626,47,738,360,6379,0,0,37576,38970.29,1640012,1633648,0
2021-02-20,11348,1081977,26071,588918,6,153,335,5961,77,815,414,6793,0,0,37840,36708,1677852,1671076,0
2021-02-21,6357,1088334,17408,606326,15,168,295,6256,47,862,343,7136,0,0,24123,34397.71,1701975,1694857,0
2021-02-22,13040,1101374,11837,618163,2,170,135,6391,20,882,155,7291,0,0,25034,34613.43,1727009,1719736,0
2021-02-23,25242,1126616,14137,632300,1,171,165,6556,35,917,201,7492,0,0,39582,34364.43,1766591,1759118,0
2021-02-24,36341,1162957,20396,652696,0,171,231,6787,42,959,274,7766,0,0,57011,36950.86,1823602,1815856,0
2021-02-25,54578,1217535,30402,683098,6,177,406,7193,66,1025,473,8239,0,0,85459,43803.57,1909061,1900843,0
2021-02-26,62829,1280364,31878,714976,4,181,418,7611,77,1102,498,8737,0,0,95209,52036.86,2004270,1995557,0
2021-02-27,51271,1331635,22746,737722,47,228,354,7965,53,1155,408,9145,0,0,74472,57270,2078742,2069622,0
2021-02-28,44560,1376195,13843,751565,7,235,206,8171,37,1192,243,9388,0,0,58653,62202.86,2137395,2128032,0
2021-03-01,39306,1415501,12783,764348,10,245,170,8341,24,1216,194,9582,0,0,52293,66097,2189688,2180131,0
2021-03-02,47073,1462574,12582,776930,7,252,158,8499,14,1230,172,9754,0,0,59834,68990.14,2249522,2239793,0
2021-03-03,48593,1511167,16153,793083,17,269,154,8653,21,1251,175,9929,0,0,64938,70122.57,2314460,2304556,0
2021-03-04,59806,1570973,22816,815899,1092,1361,275,8928,36,1287,312,10241,0,0,84026,69917.86,2398486,2388271,0
2021-03-05,60958,1631931,24288,840187,3107,4468,337,9265,36,1323,375,10616,0,0,88728,68992,2487214,2476626,0
2021-03-06,47154,1679085,18885,859072,5451,9919,244,9509,40,1363,284,10900,0,0,71774,68606.57,2558988,2548116,0
2021-03-07,36027,1715112,14880,873952,6244,16163,238,9747,22,1385,262,11162,0,0,57413,68429.43,2616401,2605269,0
2021-03-08,39611,1754723,14684,888636,8558,24721,317,10064,93,1478,415,11577,0,0,63268,69997.29,2679669,2668127,0
2021-03-09,39085,1793808,12857,901493,7758,32479,185,10249,35,1513,221,11798,0,0,59921,70009.71,2739590,2727828,0
2021-03-10,51815,1845623,15363,916856,5064,37543,227,10476,35,1548,264,12062,0,0,72506,71090.86,2812096,2800072,0
2021-03-11,59965,1905588,21825,938681,4619,42162,256,10732,48,1596,306,12368,0,0,86715,71475,2898811,2886483,0
2021-03-12,52183,1957771,30302,968983,4182,46344,388,11120,85,1681,473,12841,0,0,87140,71248.14,2985951,2973150,0
2021-03-13,40638,1998409,26685,995668,5110,51454,333,11453,54,1735,387,13228,0,0,72821,71397.71,3058772,3045584,0
2021-03-14,30703,2029112,15971,1011639,4524,55978,248,11701,28,1763,278,13506,0,0,51477,70549.71,3110249,3096785,0
2021-03-15,33676,2062788,17261,1028900,4707,60685,240,11941,33,1796,273,13779,0,0,55917,69499.57,3166166,3152429,0
2021-03-16,38660,2101448,20515,1049415,4925,65610,266,12207,36,1832,303,14082,0,0,64403,70139.86,3230569,3216530,0
2021-03-17,42601,2144049,24791,1074206,4244,69854,351,12558,40,1872,392,14474,0,0,72028,70071.57,3302597,3288167,0
2021-03-18,50415,2194464,26807,1101013,5230,75084,385,12943,63,1935,448,14922,0,0,82900,69526.57,3385497,3370619,0
2021-03-19,47771,2242235,29965,1130978,5624,80708,401,13344,73,2008,474,15396,0,0,83835,69054.43,3469332,3453980,0
2021-03-20,38697,2280932,25837,1156815,4682,85390,303,13647,60,2068,364,15760,0,0,69580,68591.43,3538912,3523197,0
2021-03-21,29288,2310220,19358,1176173,769,86159,230,13877,44,2112,274,16034,0,0,49689,68336,3588601,3572612,0
2021-03-22,33855,2344075,26744,1202917,4037,90196,266,14143,38,2150,305,16339,0,0,64942,69625.29,3653543,3637250,0
2021-03-23,38417,2382492,32850,1235767,4215,94411,301,14444,53,2203,358,16697,0,0,75840,71259.14,3729383,3712736,0
2021-03-24,41480,2423972,37614,1273381,4843,99254,337,14781,63,2266,403,17100,0,0,84340,73018,3813723,3796676,0
2021-03-25,43391,2467363,50786,1324167,5050,104304,489,15270,88,2354,581,17681,0,0,99808,75433.43,3913531,3895907,0
2021-03-26,38488,2505851,55496,1379663,4307,108611,546,15816,103,2457,653,18334,0,0,98944,77591.86,4012475,3994202,0
2021-03-27,35728,2541579,45742,1425405,2938,111549,431,16247,84,2541,516,18850,0,0,84924,79783.86,4097399,4078611,0
2021-03-28,26378,2567957,34454,1459859,1482,113031,340,16587,67,2608,411,19261,0,0,62725,81646.14,4160124,4140929,0
2021-03-29,34805,2602762,38861,1498720,3245,116276,358,16945,112,2720,471,19732,0,0,77382,83423.29,4237506,4217841,0
2021-03-30,40493,2643255,41923,1540643,3713,119989,349,17294,64,2784,415,20147,0,0,86544,84952.43,4324050,4303972,0
2021-03-31,49374,2692629,44875,1585518,7438,127427,418,17712,85,2869,503,20650,0,0,102190,87502.43,4426240,4405659,0
2021-04-01,50766,2743395,53953,1639471,11273,138700,503,18215,85,2954,592,21242,0,0,116584,89899,4542824,4521655,0
2021-04-02,43749,2787144,53876,1693347,11968,150668,556,18771,72,3026,633,21875,0,0,110226,91510.71,4653050,4631253,0
2021-04-03,39236,2826380,39213,1732560,9860,160528,343,19114,61,3087,405,22280,0,0,88714,92052.14,4741764,4719563,0
2021-04-04,26549,2852929,24782,1757342,3903,164431,228,19342,51,3138,279,22559,0,0,55513,91021.86,4797277,4774797,0
2021-04-05,41866,2894795,34482,1791824,11196,175627,385,19727,60,3198,446,23005,0,0,87990,92537.29,4885267,4862342,0
2021-04-06,53247,2948042,35615,1827439,13214,188841,443,20170,80,3278,524,23529,0,0,102600,94831,4987867,4964419,0
2021-04-07,55482,3003524,40706,1868145,14386,203227,412,20582,82,3360,496,24025,0,0,111070,96099.57,5098937,5074995,0
2021-04-08,59238,3062762,46590,1914735,16337,219564,534,21116,86,3446,621,24646,0,0,122786,96985.57,5221723,5197161,0
2021-04-09,56628,3119390,44955,1959690,17557,237121,533,21649,78,3524,616,25262,0,0,119756,98347,5341479,5316306,0
2021-04-10,49335,3168725,35640,1995330,12719,249840,401,22050,63,3587,468,25730,0,0,98162,99696.71,5439641,5414004,0
2021-04-11,38165,3206890,28827,2024157,7678,257518,297,22347,61,3648,359,26089,0,0,75029,102484.71,5514670,5488675,0
2021-04-12,46624,3253514,31838,2055995,13498,271016,474,22821,69,3717,543,26632,0,0,92503,103129.43,5607173,5580635,0
2021-04-13,52526,3306040,33797,2089792,369,271385,402,23223,64,3781,467,27099,0,0,87159,100923.57,5694332,5667328,0
2021-04-14,50118,3356158,39962,2129754,20,271405,369,23592,78,3859,448,27547,0,0,90548,97991.86,5784880,5757429,0
2021-04-15,52098,3408256,43687,2173441,16,271421,460,24052,107,3966,572,28119,0,0,96374,94218.71,5881254,5853236,0
2021-04-16,51176,3459432,42204,2215645,32,271453,443,24495,72,4038,518,28637,0,0,93930,90529.29,5975184,5946651,0
2021-04-17,43829,3503261,35693,2251338,3,271456,370,24865,83,4121,455,29092,0,0,79980,87931.86,6055164,6026178,0
2021-04-18,28597,3531858,29360,2280698,7,271463,265,25130,67,4188,333,29425,0,0,58297,85541.57,6113461,6084143,0
2021-04-19,37451,3569309,36454,2317152,22,271485,332,25462,67,4255,401,29826,0,0,74328,82945.14,6187789,6158072,0
2021-04-20,40801,3610110,39627,2356779,19,271504,320,25782,81,4336,402,30228,0,0,80849,82043.71,6268638,6238520,0
2021-04-21,38880,3648990,46024,2402803,17,271521,506,26288,97,4433,604,30832,0,0,85525,81326.14,6354163,6323442,0
2021-04-22,38482,3687472,48962,2451765,9,271530,350,26638,77,4510,429,31261,0,0,87883,80113.14,6442046,6410898,0
2021-04-23,39684,3727156,44386,2496151,3,271533,358,26996,75,4585,435,31696,0,0,84508,78767.14,6526554,6494973,0
2021-04-24,31927,3759083,41607,2537758,44,271577,284,27280,62,4647,346,32042,0,0,73924,77902,6600478,6568551,0
2021-04-25,18415,3777498,31221,2568979,87,271664,200,27480,60,4707,260,32302,0,0,49983,76714.29,6650461,6618274,0
2021-04-26,26961,3804459,40722,2609701,1012,272676,303,27783,91,4798,399,32701,0,0,69094,75966.57,6719555,6686974,0
2021-04-27,28557,3833016,47134,2656835,1698,274374,369,28152,94,4892,467,33168,0,0,77856,75539,6797411,6764367,0
2021-04-28,27016,3860032,56841,2713676,2145,276519,446,28598,100,4992,549,33717,0,0,86552,75685.71,6883963,6850373,0
2021-04-29,28587,3888619,57204,2770880,2149,278668,377,28975,99,5091,478,34195,0,0,88418,75762.14,6972381,6938315,0
2021-04-30,30107,3918726,51987,2822867,2059,280727,292,29267,74,5165,367,34562,0,0,84521,75764,7056902,7022470,0
2021-05-01,22474,3941200,44536,2867403,1177,281904,237,29504,65,5230,304,34866,0,0,68491,74987.86,7125393,7090659,0
2021-05-02,11917,3953117,36641,2904044,1081,282985,152,29656,55,5285,209,35075,0,0,49848,74968.57,7175241,7140300,0
2021-05-03,18009,3971126,53026,2957070,2381,285366,265,29921,92,5377,359,35434,0,0,73777,75637.57,7249018,7213720,0
2021-05-04,22731,3993857,56645,3013715,2331,287697,272,30193,116,5493,389,35823,0,0,82096,76243.29,7331114,7295428,0
2021-05-05,21476,4015333,48750,3062465,2313,290010,318,30511,105,5598,424,36247,0,0,72964,74302.14,7404078,7367969,0
2021-05-06,20670,4036003,50173,3112638,2508,292518,281,30792,91,5689,376,36623,0,0,73727,72203.43,7477805,7441324,0
2021-05-07,21235,4057238,52103,3164741,2812,295330,318,31110,79,5768,398,37021,0,0,76548,71064.43,7554353,7517475,0
2021-05-08,16622,4073860,41865,3206606,1835,297165,234,31344,72,5840,306,37327,0,0,60628,69941.14,7614981,7577797,0
2021-05-09,7968,4081828,29401,3236007,1260,298425,155,31499,56,5896,211,37538,0,0,38840,68368.57,7653821,7616426,0
2021-05-10,14376,4096204,38526,3274533,2356,300781,248,31747,92,5988,344,37882,0,0,55602,65772.14,7709423,7671688,0
2021-05-11,19897,4116101,43065,3317598,2513,303294,288,32035,88,6076,381,38263,0,0,65856,63452.14,7775279,7737168,0
2021-05-12,17814,4133915,40536,3358134,3595,306889,237,32272,81,6157,318,38581,0,0,62263,61923.43,7837542,7799113,0
2021-05-13,24959,4158874,40424,3398558,3229,310118,269,32541,79,6236,351,38932,0,0,68963,61242.86,7906505,7867728,0
2021-05-14,27009,4185883,42941,3441499,3536,313654,275,32816,96,6332,373,39305,0,0,73859,60858.71,7980364,7941216,0
2021-05-15,23637,4209520,34923,3476422,3364,317018,259,33075,75,6407,335,39640,0,0,62259,61091.71,8042623,8003141,0
2021-05-16,15520,4225040,19455,3495877,2496,319514,123,33198,47,6454,171,39811,0,0,37642,60920.57,8080265,8040613,0
2021-05-17,22667,4247707,29141,3525018,3253,322767,184,33382,71,6525,255,40066,0,0,55316,60879.71,8135581,8095674,0
2021-05-18,24618,4272325,31909,3556927,3404,326171,244,33626,79,6604,323,40389,0,0,60254,60079.43,8195835,8155605,0
2021-05-19,24176,4296501,29724,3586651,3041,329212,230,33856,49,6653,280,40669,0,0,57221,59359.14,8253056,8212547,0
2021-05-20,24137,4320638,30105,3616756,3163,332375,271,34127,89,6742,365,41034,0,0,57770,57760.14,8310826,8269957,0
2021-05-21,24670,4345308,32002,3648758,3057,335432,250,34377,61,6803,314,41348,0,0,60043,55786.43,8370869,8329689,0
2021-05-22,20014,4365322,24373,3673131,2523,337955,167,34544,47,6850,215,41563,0,0,47125,53624.43,8417994,8376600,0
2021-05-23,11227,4376549,13735,3686866,1411,339366,93,34637,31,6881,126,41689,0,0,26499,52032.57,8444493,8402975,0
2021-05-24,18861,4395410,23162,3710028,2757,342123,221,34858,55,6936,279,41968,0,0,45059,50567.29,8489552,8447758,0
2021-05-25,19423,4414833,23387,3733415,2602,344725,172,35030,59,6995,231,42199,0,0,45643,48480,8535195,8493170,0
2021-05-26,18775,4433608,21091,3754506,2698,347423,204,35234,48,7043,254,42453,0,0,42818,46422.43,8578013,8535736,0
2021-05-27,18456,4452064,21282,3775788,2531,349954,183,35417,60,7103,244,42697,0,0,42513,44242.86,8620526,8578006,0
2021-05-28,17853,4469917,22881,3798669,2751,352705,190,35607,58,7161,249,42946,0,0,43734,41913,8664260,8621492,0
2021-05-29,12703,4482620,17815,3816484,1754,354459,106,35713,39,7200,146,43092,0,0,32418,39812,8696678,8653765,0
2021-05-30,7025,4489645,8951,3825435,1074,355533,49,35762,17,7217,66,43158,0,0,17116,38471.57,8713794,8670815,0
2021-05-31,4740,4494385,6923,3832358,1012,356545,64,35826,17,7234,81,43239,0,0,12756,33856.86,8726550,8683490,0
2021-06-01,16049,4510434,25190,3857548,2177,358722,156,35982,42,7276,202,43441,0,0,43618,33567.57,8770168,8726910,0
2021-06-02,15351,4525785,20399,3877947,2095,360817,141,36123,47,7323,188,43629,0,0,38033,32884,8808201,8764755,0
2021-06-03,14997,4540782,23820,3901767,2280,363097,131,36254,44,7367,177,43806,0,0,41274,32707,8849475,8805854,0
2021-06-04,14710,4555492,26002,3927769,2492,365589,149,36403,42,7409,192,43998,0,0,43396,32658.71,8892871,8849059,0
2021-06-05,10982,4566474,22098,3949867,1806,367395,115,36518,29,7438,145,44143,0,0,35031,33032,8927902,8883946,0
2021-06-06,6444,4572918,14486,3964353,1222,368617,88,36606,13,7451,102,44245,0,0,22254,33766,8950156,8906099,0
2021-06-07,11695,4584613,21788,3986141,2378,370995,142,36748,37,7488,182,44427,0,0,36043,37092.71,8986199,8941963,0
2021-06-08,12626,4597239,24017,4010158,2071,373066,126,36874,47,7535,174,44601,0,0,38888,36417,9025087,8980678,0
2021-06-09,11130,4608369,23027,4033185,2300,375366,138,37012,40,7575,180,44781,0,0,36637,36217.57,9061724,9017137,0
2021-06-10,12054,4620423,22240,4055425,2462,377828,142,37154,60,7635,202,44983,0,0,36958,35601,9098682,9053893,0
2021-06-11,12699,4633122,25123,4080548,2483,380311,158,37312,62,7697,221,45204,0,0,40526,35191,9139208,9094199,0
2021-06-12,10159,4643281,19318,4099866,1888,382199,95,37407,43,7740,140,45344,0,0,31505,34687.29,9170713,9125566,0
2021-06-13,4254,4647535,10935,4110801,1219,383418,42,37449,21,7761,63,45407,0,0,16471,33861.14,9187184,9141974,0
2021-06-14,10204,4657739,19235,4130036,2042,385460,131,37580,53,7814,184,45591,0,0,31665,33235.71,9218849,9173455,0
2021-06-15,11879,4669618,21021,4151057,1943,387403,131,37711,41,7855,173,45764,0,0,35016,32682.57,9253865,9208299,0
2021-06-16,11581,4681199,19403,4170460,1956,389359,149,37860,74,7929,223,45987,0,0,33163,32186.29,9287028,9241239,0
2021-06-17,11020,4692219,18760,4189220,1973,391332,127,37987,35,7964,164,46151,0,0,31917,31466.14,9318945,9272994,0
2021-06-18,12167,4704386,18497,4207717,2115,393447,116,38103,36,8000,153,46304,0,0,32932,30381.29,9351877,9305774,0
2021-06-19,8492,4712878,13517,4221234,1459,394906,88,38191,21,8021,109,46413,0,0,23577,29248.71,9375454,9329242,0
2021-06-20,4334,4717212,7159,4228393,924,395830,37,38228,16,8037,53,46466,0,0,12470,28677.14,9387924,9341659,0
2021-06-21,10153,4727365,10015,4238408,1806,397636,70,38298,27,8064,98,46564,0,0,22072,27306.71,9409996,9363634,0
2021-06-22,9833,4737198,15646,4254054,1589,399225,105,38403,29,8093,134,46698,0,0,27202,26190.43,9437198,9390702,0
2021-06-23,10306,4747504,15191,4269245,1863,401088,102,38505,31,8124,134,46832,0,0,27494,25380.57,9464692,9418063,0
2021-06-24,9683,4757187,14701,4283946,1798,402886,122,38627,26,8150,150,46982,0,0,26332,24582.71,9491024,9444247,0
2021-06-25,10584,4767771,14387,4298333,1721,404607,116,38743,38,8188,154,47136,0,0,26846,23713.29,9517870,9470939,0
2021-06-26,7797,4775568,10465,4308798,1249,405856,78,38821,23,8211,102,47238,0,0,19613,23147,9537483,9490451,0
2021-06-27,4998,4780566,6002,4314800,795,406651,34,38855,14,8225,49,47287,0,0,11844,23057.57,9549327,9502247,0
2021-06-28,9032,4789598,10346,4325146,1526,408177,109,38964,26,8251,136,47423,0,0,21040,22910.14,9570367,9523152,0
2021-06-29,9732,4799330,12330,4337476,1347,409524,125,39089,32,8283,159,47582,0,0,23568,22391,9593935,9546563,0
2021-06-30,9427,4808757,10934,4348410,1486,411010,149,39238,17,8300,169,47751,0,0,22016,21608.43,9615951,9568413,0
2021-07-01,9395,4818152,10924,4359334,1434,412444,133,39371,25,8325,160,47911,0,0,21913,20977.14,9637864,9590168,0
2021-07-02,9688,4827840,11457,4370791,1541,413985,119,39490,21,8346,140,48051,0,0,22827,20403,9660691,9612855,0
2021-07-03,7055,4834895,8421,4379212,1192,415177,79,39569,17,8363,96,48147,0,0,16764,19996,9677455,9629523,0
2021-07-04,1288,4836183,1334,4380546,567,415744,10,39579,3,8366,13,48160,0,0,3202,18761.43,9680657,9632712,0
2021-07-05,6492,4842675,7109,4387655,1207,416951,66,39645,22,8388,88,48248,0,0,14896,17883.71,9695553,9647520,0
2021-07-06,9509,4852184,12852,4400507,1315,418266,117,39762,38,8426,156,48404,0,0,23832,17921.43,9719385,9671197,0
2021-07-07,8662,4860846,11111,4411618,1418,419684,127,39889,20,8446,147,48551,0,0,21338,17824.57,9740723,9692388,0
2021-07-08,8218,4869064,10195,4421813,1258,420942,108,39997,22,8468,132,48683,0,0,19803,17523.14,9760526,9712061,0
2021-07-09,8373,4877437,10832,4432645,1280,422222,90,40087,20,8488,110,48793,0,0,20595,17204.29,9781121,9732546,0
2021-07-10,7099,4884536,8635,4441280,1131,423353,66,40153,20,8508,87,48880,0,0,16952,17231.14,9798073,9749412,0
2021-07-11,4104,4888640,4539,4445819,701,424054,37,40190,6,8514,43,48923,0,0,9387,18114.71,9807460,9758756,0
2021-07-12,8445,4897085,9560,4455379,1251,425305,85,40275,23,8537,108,49031,0,0,19364,18753,9826824,9778012,0
2021-07-13,9460,4906545,9393,4464772,952,426257,109,40384,35,8572,146,49177,0,0,19951,18198.57,9846775,9797819,0
2021-07-14,8995,4915540,9534,4474306,1011,427268,107,40491,22,8594,133,49310,0,0,19673,17960.71,9866448,9817363,0
2021-07-15,8793,4924333,9155,4483461,1053,428321,81,40572,20,8614,102,49412,0,0,19103,17860.71,9885551,9836365,0
2021-07-16,9248,4933581,9760,4493221,981,429302,102,40674,29,8643,131,49543,0,0,20120,17792.86,9905671,9856354,0
2021-07-17,6839,4940420,7386,4500607,803,430105,80,40754,20,8663,100,49643,0,0,15128,17532.29,9920799,9871382,0
2021-07-18,4253,4944673,4285,4504892,575,430680,36,40790,14,8677,50,49693,0,0,9163,17500.29,9929962,9880495,0
2021-07-19,9120,4953793,8480,4513372,999,431679,91,40881,22,8699,114,49807,0,0,18713,17407.29,9948675,9899095,0
2021-07-20,10642,4964435,8760,4522132,991,432670,96,40977,25,8724,122,49929,0,0,20515,17487.86,9969190,9919489,0
2021-07-21,10055,4974490,8770,4530902,904,433574,149,41126,33,8757,182,50111,0,0,19911,17521.86,9989101,9939218,0
2021-07-22,10685,4985175,8584,4539486,1046,434620,146,41272,27,8784,174,50285,0,0,20489,17719.86,10009590,9959534,0
2021-07-23,11248,4996423,8883,4548369,1114,435734,138,41410,23,8807,163,50448,0,0,21408,17903.86,10030998,9980781,0
2021-07-24,7399,5003822,6739,4555108,670,436404,82,41492,26,8833,109,50557,0,0,14917,17873.71,10045915,9995590,0
2021-07-25,5473,5009295,2129,4557237,509,436913,58,41550,4,8837,62,50619,0,0,8173,17732.29,10054088,10003701,0
2021-07-26,10868,5020163,7006,4564243,859,437772,111,41661,20,8857,131,50750,0,0,18864,17753.86,10072952,10022434,0
2021-07-27,12065,5032228,8572,4572815,857,438629,136,41797,40,8897,177,50927,0,0,21671,17919,10094623,10043929,0
2021-07-28,12010,5044238,8054,4580869,950,439579,135,41932,28,8925,164,51091,0,0,21178,18100,10115801,10064944,0
2021-07-29,10930,5055168,7434,4588303,983,440562,134,42066,40,8965,178,51269,0,0,19525,17962.29,10135326,10084295,0
2021-07-30,14950,5070118,8016,4596319,1151,441713,186,42252,31,8996,219,51488,0,0,24336,18380.57,10159662,10108414,0
2021-07-31,9720,5079838,6321,4602640,815,442528,122,42374,20,9016,143,51631,0,0,16999,18678,10176661,10125271,0
2021-08-01,6499,5086337,3313,4605953,564,443092,81,42455,21,9037,102,51733,0,0,10478,19007.29,10187139,10135647,0
2021-08-02,13446,5099783,7153,4613106,846,443938,150,42605,19,9056,169,51902,0,0,21614,19400.14,10208753,10157092,0
2021-08-03,15406,5115189,8392,4621498,1109,445047,144,42749,39,9095,184,52086,0,0,25091,19888.71,10233844,10182000,0
2021-08-04,17261,5132450,8128,4629626,1454,446501,183,42932,36,9131,219,52305,0,0,27062,20729.29,10260906,10208843,0
2021-08-05,17885,5150335,7932,4637558,1371,447872,159,43091,21,9152,180,52485,0,0,27368,21849.71,10288274,10236031,0
2021-08-06,18176,5168511,8418,4645976,1231,449103,169,43260,32,9184,201,52686,0,0,28026,22376.86,10316300,10263856,0
2021-08-07,13378,5181889,6019,4651995,799,449902,101,43361,29,9213,130,52816,0,0,20326,22852.14,10336626,10284052,0
2021-08-08,9309,5191198,3834,4655829,400,450302,84,43445,10,9223,94,52910,0,0,13637,23303.43,10350263,10297595,0
2021-08-09,21341,5212539,8527,4664356,965,451267,173,43618,34,9257,208,53118,0,0,31041,24650.14,10381304,10328429,0
2021-08-10,18946,5231485,9332,4673688,946,452213,180,43798,33,9290,214,53332,0,0,29438,25271.14,10410742,10357654,0
2021-08-11,15641,5247126,8313,4682001,853,453066,130,43928,46,9336,177,53509,0,0,24984,24974.29,10435726,10382462,0
2021-08-12,15051,5262177,8989,4690990,942,454008,177,44105,35,9371,214,53723,0,0,25196,24664,10460922,10407446,0
2021-08-13,14918,5277095,9293,4700283,919,454927,245,44350,38,9409,284,54007,0,0,25415,24291,10486337,10432578,0
2021-08-14,10394,5287489,6410,4706693,625,455552,534,44884,41,9450,578,54585,0,0,18007,23959.71,10504344,10450010,0
2021-08-15,6689,5294178,4484,4711177,676,456228,567,45451,33,9483,604,55189,0,0,12453,23790.57,10516797,10461863,0
2021-08-16,15707,5309885,9306,4720483,1150,457378,1328,46779,66,9549,1399,56588,0,0,27562,23293.57,10544359,10488031,0
2021-08-17,17759,5327644,10459,4730942,1229,458607,1774,48553,85,9634,1873,58461,0,0,31320,23562.43,10575679,10517492,0
2021-08-18,17481,5345125,10380,4741322,1260,459867,2002,50555,91,9725,2104,60565,0,0,31225,24454,10606904,10546624,0
2021-08-19,16285,5361410,9530,4750852,1315,461182,1960,52515,67,9792,2040,62605,0,0,29170,25021.71,10636074,10573767,0
2021-08-20,16266,5377676,11540,4762392,1253,462435,1868,54383,86,9878,1968,64573,0,0,31027,25823.43,10667101,10602840,0
2021-08-21,11141,5388817,8041,4770433,878,463313,1066,55449,53,9931,1126,65699,0,0,21186,26277.57,10688287,10622907,0
2021-08-22,4077,5392894,3903,4774336,261,463574,519,55968,33,9964,556,66255,0,0,8797,25755.29,10697084,10631152,0
2021-08-23,15573,5408467,11810,4786146,1022,464596,1550,57518,77,10041,1640,67895,0,0,30046,26110.14,10727130,10659571,0
2021-08-24,16911,5425378,12595,4798741,1007,465603,1777,59295,81,10122,1866,69761,0,0,32379,26261.43,10759509,10690092,0
2021-08-25,14564,5439942,12456,4811197,1112,466715,1567,60862,80,10202,1662,71423,0,0,29794,26057,10789303,10718239,0
2021-08-26,16142,5456084,14100,4825297,1071,467786,1780,62642,68,10270,1860,73283,0,0,33173,26628.86,10822476,10749564,0
2021-08-27,14871,5470955,14829,4840126,971,468757,1674,64316,75,10345,1757,75040,0,0,32428,26829,10854904,10780243,0
2021-08-28,10674,5481629,11523,4851649,835,469592,1019,65335,45,10390,1065,76105,0,0,24097,27244.86,10879001,10803276,0
2021-08-29,7209,5488838,7499,4859148,541,470133,782,66117,58,10448,849,76954,0,0,16098,28287.86,10895099,10818534,0
2021-08-30,15515,5504353,16925,4876073,1076,471209,1795,67912,94,10542,1897,78851,0,0,35413,29054.57,10930512,10852058,0
2021-08-31,15503,5519856,15961,4892034,951,472160,1981,69893,89,10631,2080,80931,0,0,34495,29356.86,10965007,10884483,0
2021-09-01,14827,5534683,14110,4906144,1020,473180,1814,71707,62,10693,1886,82817,0,0,31843,29649.57,10996850,10914450,0
2021-09-02,14310,5548993,12526,4918670,896,474076,1714,73421,64,10757,1794,84611,0,0,29526,29128.57,11026376,10942198,0
2021-09-03,14999,5563992,14313,4932983,974,475050,1900,75321,72,10829,1978,86589,0,0,32264,29105.14,11058640,10972490,0
2021-09-04,9644,5573636,9405,4942388,688,475738,977,76298,35,10864,1017,87606,0,0,20754,28627.57,11079394,10992232,0
2021-09-05,6794,5580430,5512,4947900,438,476176,719,77017,17,10881,737,88343,0,0,13481,28253.71,11092875,11004977,0
2021-09-06,5195,5585625,4511,4952411,358,476534,273,77290,11,10892,286,88629,0,0,10350,24673.29,11103225,11015043,0
2021-09-07,15567,5601192,17702,4970113,912,477446,1560,78850,92,10984,1660,90289,0,0,35841,24865.57,11139066,11049232,0
2021-09-08,16149,5617341,14830,4984943,1070,478516,1781,80631,84,11068,1877,92166,0,0,33926,25163.14,11172992,11081293,0
2021-09-09,16095,5633436,14757,4999700,1047,479563,1922,82553,75,11143,2008,94174,0,0,33907,25789,11206899,11113203,0
2021-09-10,18353,5651789,15401,5015101,1207,480770,1979,84532,83,11226,2069,96243,0,0,37030,26469.86,11243929,11148171,0
2021-09-11,12630,5664419,10350,5025451,958,481728,1031,85563,49,11275,1086,97329,0,0,25024,27079.86,11268953,11172115,0
2021-09-12,8534,5672953,5052,5030503,765,482493,694,86257,31,11306,726,98055,0,0,15077,27307.86,11284030,11186467,0
2021-09-13,16920,5689873,12966,5043469,976,483469,1661,87918,53,11359,1723,99778,0,0,32585,30484.29,11316615,11217338,0
2021-09-14,16263,5706136,13677,5057146,886,484355,1601,89519,57,11416,1670,101448,0,0,32496,30006.43,11349111,11248176,0
2021-09-15,15516,5721652,12891,5070037,727,485082,1577,91096,82,11498,1668,103116,0,0,30802,29560.14,11379913,11277319,0
2021-09-16,15330,5736982,13914,5083951,1210,486292,1469,92565,69,11567,1544,104660,0,0,31998,29287.43,11411911,11307779,0
2021-09-17,14428,5751410,13955,5097906,922,487214,1844,94409,58,11625,1904,106564,0,0,31209,28455.86,11443120,11337086,0
2021-09-18,9991,5761401,10187,5108093,913,488127,1052,95461,42,11667,1098,107662,0,0,22189,28050.86,11465309,11358181,0
2021-09-19,6169,5767570,6077,5114170,558,488685,748,96209,28,11695,781,108443,0,0,13585,27837.71,11478894,11370990,0
2021-09-20,12664,5780234,12633,5126803,1068,489753,1927,98136,62,11757,1998,110441,0,0,28363,27234.57,11507257,11397364,0
2021-09-21,12216,5792450,12773,5139576,1108,490861,2037,100173,79,11836,2131,112572,0,0,28228,26624.86,11535485,11423476,0
2021-09-22,12818,5805268,12004,5151580,1090,491951,1691,101864,69,11905,1766,114338,0,0,27678,26178.57,11563163,11449394,0
2021-09-23,14920,5820188,12765,5164345,1639,493590,2273,104137,76,11981,2356,116694,0,0,31680,26133.14,11594843,11478725,0
2021-09-24,16472,5836660,13367,5177712,1636,495226,4628,108765,126,12107,4773,121467,0,0,36248,26853,11631091,11510219,0
2021-09-25,10523,5847183,9028,5186740,1017,496243,3465,112230,81,12188,3562,125029,0,0,24130,27130.29,11655221,11530803,0
2021-09-26,6289,5853472,5767,5192507,773,497016,2424,114654,61,12249,2497,127526,0,0,15326,27379,11670547,11543644,0
2021-09-27,14134,5867606,8063,5200570,1155,498171,9083,123737,161,12410,9295,136821,0,0,32648,27991.14,11703195,11567048,0
2021-09-28,11107,5878713,11787,5212357,901,499072,9938,133675,181,12591,10157,146978,0,0,33952,28808.86,11737147,11590881,0
2021-09-29,11595,5890308,12193,5224550,1205,500277,9460,143135,172,12763,9666,156644,0,0,34660,29806.29,11771807,11615909,0
2021-09-30,12211,5902519,12611,5237161,1338,501615,9768,152903,178,12941,9980,166624,0,0,36140,30443.43,11807947,11642103,0
2021-10-01,12622,5915141,13429,5250590,1284,502899,10290,163193,152,13093,10478,177102,0,0,37813,30667,11845760,11669474,0
2021-10-02,7720,5922861,9979,5260569,865,503764,4247,167440,80,13173,4351,181453,0,0,22915,30493.43,11868675,11688062,0
2021-10-03,5057,5927918,6159,5266728,593,504357,2622,170062,59,13232,2692,184145,1,1,14502,30375.71,11883177,11699882,0
2021-10-04,9900,5937818,11019,5277747,914,505271,9536,179598,149,13381,9722,193867,0,1,31555,30219.57,11914732,11721752,0
2021-10-05,10134,5947952,11736,5289483,972,506243,9963,189561,177,13558,10183,204050,1,2,33026,30087.29,11947758,11744637,0
2021-10-06,9871,5957823,11052,5300535,937,507180,9950,199511,160,13718,10145,214195,0,2,32005,29708,11979763,11766532,0
2021-10-07,9595,5967418,12158,5312693,850,508030,10189,209700,173,13891,10395,224590,0,2,32998,29259.14,12012761,11789168,0
2021-10-08,9428,5976846,12186,5324879,941,508971,10921,220621,165,14056,11125,235715,0,2,33680,28668.71,12046441,11811762,0
2021-10-09,6229,5983075,8239,5333118,643,509614,4130,224751,89,14145,4236,239951,0,2,19347,28159,12065788,11826890,0
2021-10-10,3529,5986604,5029,5338147,458,510072,2440,227191,47,14192,2495,242446,0,2,11511,27731.71,12077299,11835914,0
2021-10-11,7596,5994200,9338,5347485,728,510800,8904,236095,165,14357,9092,251538,0,2,26754,27045.86,12104053,11853599,0
2021-10-12,8055,6002255,10992,5358477,891,511691,10532,246627,186,14543,10759,262297,0,2,30697,26713.14,12134750,11873578,0
2021-10-13,7132,6009387,10147,5368624,869,512560,8812,255439,182,14725,9024,271321,0,2,27172,26022.71,12161922,11891756,0
2021-10-14,7409,6016796,11122,5379746,837,513397,10131,265570,164,14889,10334,281655,0,2,29702,25551.86,12191624,11911163,0
2021-10-15,7705,6024501,11857,5391603,823,514220,10858,276428,176,15065,11067,292722,0,2,31452,25233.57,12223076,11931581,0
2021-10-16,4855,6029356,7466,5399069,665,514885,3851,280279,67,15132,3930,296652,0,2,16916,24886.29,12239992,11944579,0
2021-10-17,3050,6032406,4473,5403542,411,515296,2458,282737,43,15175,2508,299160,0,2,10442,24733.57,12250434,11952520,0
2021-10-18,7018,6039424,10670,5414212,797,516093,9499,292236,187,15362,9720,308880,0,2,28205,24940.86,12278639,11971039,0
2021-10-19,6550,6045974,8945,5423157,803,516896,9108,301344,175,15537,9324,318204,1,3,25623,24216,12304262,11987378,0
2021-10-20,6518,6052492,9370,5432527,975,517871,10003,311347,180,15717,10222,328426,3,6,27087,24203.86,12331349,12004279,0
2021-10-21,7012,6059504,9386,5441913,858,518729,10863,322210,159,15876,11055,339481,1,7,28312,24005.29,12359661,12021568,0
2021-10-22,8089,6067593,10343,5452256,1026,519755,16372,338582,221,16097,16647,356128,0,7,36105,24670,12395766,12041080,0
2021-10-23,5151,6072744,6457,5458713,690,520445,9134,347716,119,16216,9273,365401,0,7,21571,25335,12417337,12053398,0
2021-10-24,3251,6075995,3965,5462678,769,521214,6176,353892,80,16296,6280,371681,1,8,14266,25881.29,12431603,12061407,0
2021-10-25,8758,6084753,8745,5471423,1152,522366,19286,373178,301,16597,19655,391336,0,8,38310,27324.86,12469913,12080130,0
2021-10-26,8157,6092910,7722,5479145,1258,523624,17318,390496,275,16872,17663,408999,0,8,34800,28635.86,12504713,12097337,0
2021-10-27,10505,6103415,8395,5487540,1605,525229,20896,411392,326,17198,21290,430289,0,8,41795,30737,12546508,12117910,0
2021-10-28,11266,6114681,8029,5495569,1794,527023,20897,432289,326,17524,21289,451578,0,8,42378,32746.43,12588886,12139065,0
2021-10-29,11813,6126494,8228,5503797,1968,528991,22576,454865,348,17872,22997,474575,1,9,45008,34018.29,12633894,12161148,0
2021-10-30,4603,6131097,5064,5508861,932,529923,11195,466060,168,18040,11401,485976,0,9,22000,34079.57,12655894,12171785,0
2021-10-31,2646,6133743,2700,5511561,544,530467,6651,472711,104,18144,6778,492754,1,10,12668,33851.29,12668562,12177697,0
2021-11-01,7078,6140821,6955,5518516,1085,531552,20432,493143,334,18478,20822,513576,1,11,35941,33512.86,12704503,12192871,0
2021-11-02,6528,6147349,6588,5525104,1055,532607,20819,513962,280,18758,21173,534749,0,11,35344,33590.57,12739847,12207116,0
2021-11-03,6800,6154149,6681,5531785,1026,533633,20674,534636,315,19073,21063,555812,0,11,35572,32701.57,12775419,12221699,0
2021-11-04,9262,6163411,6278,5538063,994,534627,22415,557051,347,19420,22845,578657,0,11,39379,32273.14,12814798,12238316,0
2021-11-05,11005,6174416,6719,5544782,1051,535678,23806,580857,356,19776,24243,602900,0,11,43018,31988.86,12857816,12257172,0
2021-11-06,11104,6185520,4049,5548831,594,536272,12614,593471,174,19950,12825,615725,0,11,28572,32927.71,12886388,12272956,0
2021-11-07,7231,6192751,2286,5551117,577,536849,7121,600592,97,20047,7233,622958,0,11,17327,33593.29,12903715,12283065,0
2021-11-08,15026,6207777,5678,5556795,863,537712,19540,620132,286,20333,19891,642849,1,12,41459,34381.57,12945174,12304697,0
2021-11-09,16108,6223885,5386,5562181,659,538371,20560,640692,277,20610,20917,663766,0,12,43070,35485.29,12988244,12326930,0
2021-11-10,16875,6240760,5321,5567502,682,539053,22706,663398,291,20901,23066,686832,0,12,45944,36967,13034188,12349877,0
2021-11-11,12508,6253268,5180,5572682,760,539813,22147,685545,290,21191,22506,709338,0,12,40954,37192,13075142,12368394,0
2021-11-12,16918,6270186,5686,5578368,705,540518,23477,709022,359,21550,23913,733251,1,13,47223,37792.71,13122365,12391780,0
2021-11-13,9903,6280089,3662,5582030,464,540982,13364,722386,184,21734,13591,746842,0,13,27620,37656.71,13149985,12405852,0
2021-11-14,5985,6286074,2286,5584316,324,541306,7953,730339,80,21814,8054,754896,1,14,16650,37560,13166635,12414468,0
2021-11-15,13183,6299257,5976,5590292,690,541996,25167,755506,367,22181,25614,780510,0,14,45463,38132,13212098,12434397,0
2021-11-16,9897,6309154,5780,5596072,653,542649,30728,786234,438,22619,31242,811752,0,14,47573,38775.29,13259671,12450804,0
2021-11-17,10227,6319381,6667,5602739,681,543330,31506,817740,422,23041,32016,843768,0,14,49591,39296.29,13309262,12468467,0
2021-11-18,10650,6330031,6531,5609270,855,544185,33100,850840,461,23502,33655,877423,0,14,51691,40830.14,13360953,12486597,0
2021-11-19,11915,6341946,6548,5615818,710,544895,36348,887188,465,23967,36903,914326,0,14,56076,42094.86,13417029,12505860,0
2021-11-20,9267,6351213,3415,5619233,513,545408,22574,909762,260,24227,22885,937211,0,14,36080,43303.43,13453109,12519106,0
2021-11-21,4903,6356116,1886,5621119,288,545696,13243,923005,155,24382,13423,950634,1,15,20501,43853.57,13473610,12526208,0
2021-11-22,10339,6366455,5782,5626901,750,546446,36018,959023,445,24827,36554,987188,0,15,53426,44991.14,13527036,12543171,0
2021-11-23,9706,6376161,4783,5631684,632,547078,33608,992631,379,25206,34059,1021247,0,15,49181,45220.86,13576217,12558365,0
2021-11-24,8626,6384787,4747,5636431,648,547726,25997,1018628,286,25492,26354,1047601,1,16,40376,43904.43,13616593,12572457,0
2021-11-25,447,6385234,328,5636759,80,547806,1004,1019632,9,25501,1013,1048614,0,16,1868,36786.86,13618461,12573312,0
2021-11-26,8006,6393240,6990,5643749,528,548334,26639,1046271,308,25809,27004,1075618,0,16,42528,34851.43,13660989,12588893,0
2021-11-27,6636,6399876,6831,5650580,370,548704,18894,1065165,226,26035,19156,1094774,0,16,32994,34410.57,13693983,12602767,0
2021-11-28,4038,6403914,5789,5656369,281,548985,11936,1077101,124,26159,12079,1106853,0,16,22187,34651.43,13716170,12612894,0
2021-11-29,9014,6412928,11009,5667378,684,549669,35151,1112252,447,26606,35674,1142527,1,17,56382,35073.71,13772552,12633677,0
2021-11-30,10419,6423347,11443,5678821,512,550181,37887,1150139,498,27104,38498,1181025,0,17,60872,36743.86,13833424,12656164,0
2021-12-01,11084,6434431,10984,5689805,724,550905,40466,1190605,442,27546,41008,1222033,0,17,63801,40090.29,13897225,12679057,0
2021-12-02,11566,6445997,11045,5700850,624,551529,42284,1232889,455,28001,42836,1264869,0,17,66071,49262.14,13963296,12702389,0
2021-12-03,13373,6459370,12905,5713755,666,552195,48085,1280974,524,28525,48712,1313581,1,18,75657,53994.86,14038953,12729436,0
2021-12-04,9768,6469138,11294,5725049,564,552759,30762,1311736,308,28833,31124,1344705,0,18,52750,56817.14,14091703,12751116,0
2021-12-05,5706,6474844,5704,5730753,270,553029,16707,1328443,130,28963,16871,1361576,0,18,28551,57726.29,14120254,12762830,0
2021-12-06,12245,6487089,9984,5740737,599,553628,43382,1371825,456,29419,43929,1405505,0,18,66757,59208.43,14187011,12785749,0
2021-12-07,12495,6499584,9258,5749995,623,554251,43171,1414996,513,29932,43770,1449275,0,18,66146,59961.86,14253157,12808211,0
2021-12-08,13441,6513025,8779,5758774,555,554806,40912,1455908,481,30413,41471,1490746,0,18,64246,60025.43,14317403,12831064,0
2021-12-09,13398,6526423,8759,5767533,551,555357,40944,1496852,497,30910,41537,1532283,0,18,64245,59764.57,14381648,12853868,0
2021-12-10,13945,6540368,10151,5777684,668,556025,43792,1540644,503,31413,44385,1576668,0,18,69149,58834.86,14450797,12878722,0
2021-12-11,10206,6550574,8131,5785815,405,556430,26764,1567408,285,31698,27098,1603766,0,18,45841,57847.86,14496638,12897514,0
2021-12-12,5982,6556556,3857,5789672,287,556717,15199,1582607,136,31834,15359,1619125,0,18,25485,57409.86,14522123,12907664,0
2021-12-13,12127,6568683,7432,5797104,655,557372,38018,1620625,404,32238,38504,1657629,0,18,58718,56261.43,14580841,12927960,0
2021-12-14,12162,6580845,6951,5804055,730,558102,38264,1658889,444,32682,38774,1696403,0,18,58617,55185.86,14639458,12947869,0
2021-12-15,12012,6592857,6244,5810299,756,558858,38263,1697152,493,33175,38835,1735238,0,18,57848,54271.86,14697306,12966961,0
2021-12-16,13099,6605956,4272,5814571,738,559596,41225,1738377,467,33642,41764,1777002,0,18,59873,53647.29,14757179,12985142,0
2021-12-17,15862,6621818,6944,5821515,618,560214,46924,1785301,480,34122,47500,1824502,0,18,70924,53900.86,14828103,13008662,0
2021-12-18,12949,6634767,5724,5827239,432,560646,30679,1815980,276,34398,31012,1855514,1,19,50117,54511.71,14878220,13027823,0
2021-12-19,6971,6641738,2996,5830235,326,560972,18050,1834030,175,34573,18256,1873770,0,19,28549,54949.43,14906769,13038147,0
2021-12-20,16751,6658489,5859,5836094,745,561717,47613,1881643,573,35146,48265,1922035,0,19,71620,56792.57,14978389,13061581,0
2021-12-21,17878,6676367,6579,5842673,805,562522,49033,1930676,594,35740,49706,1971741,0,19,74968,59128.43,15053357,13086922,0
2021-12-22,18491,6694858,6555,5849228,938,563460,49828,1980504,537,36277,50443,2022184,1,20,76428,61782.71,15129785,13112984,0
2021-12-23,18955,6713813,6490,5855718,930,564390,45993,2026497,531,36808,46589,2068773,0,20,72964,63652.86,15202749,13139424,0
2021-12-24,9188,6723001,2954,5858672,598,564988,20647,2047144,213,37021,20892,2089665,0,20,33632,58325.43,15236381,13152196,0
2021-12-25,344,6723345,63,5858735,31,565019,427,2047571,8,37029,436,2090101,0,20,874,51290.71,15237255,13152635,0
2021-12-26,7926,6731271,3932,5862667,341,565360,17309,2064880,177,37206,17518,2107619,0,20,29717,51457.57,15266972,13164866,0
2021-12-27,21703,6752974,9205,5871872,932,566292,43546,2108426,561,37767,44180,2151799,0,20,76020,52086.14,15342992,13196779,0
2021-12-28,20061,6773035,8338,5880210,702,566994,47679,2156105,625,38392,48391,2200190,0,20,77492,52446.71,15420484,13225967,0
2021-12-29,18431,6791466,7669,5887879,606,567600,45664,2201769,492,38884,46231,2246421,0,20,72937,51948,15493421,13252748,0
2021-12-30,16828,6808294,7434,5895313,588,568188,44918,2246687,591,39475,45595,2292016,0,20,70445,51588.14,15563866,13277684,0
2021-12-31,5343,6813637,2811,5898124,192,568380,14787,2261474,188,39663,14997,2307013,0,20,23343,50118.29,15587209,13286052,0
2022-01-01,244,6813881,147,5898271,12,568392,502,2261976,22,39685,528,2307541,0,20,931,50126.43,15588140,13286459,0
2022-01-02,6410,6820291,5021,5903292,153,568545,11001,2272977,110,39795,11127,2318668,0,20,22711,49125.57,15610851,13298059,0
2022-01-03,14095,6834386,8510,5911802,515,569060,27014,2299991,345,40140,27403,2346071,2,22,50525,45483.43,15661376,13321223,0
2022-01-04,12794,6847180,8130,5919932,415,569475,27299,2327290,368,40508,27724,2373795,77,99,49127,41431.29,15710503,13342606,0
2022-01-05,11284,6858464,7022,5926954,384,569859,26035,2353325,314,40822,26391,2400186,0,99,45081,37451.86,15755584,13361338,0
2022-01-06,11319,6869783,7396,5934350,485,570344,27666,2380991,352,41174,28070,2428256,2,101,47271,34141.29,15802855,13380589,0
2022-01-07,10125,6879908,8458,5942808,339,570683,25231,2406222,330,41504,25594,2453850,0,101,44517,37166.14,15847372,13399545,0
2022-01-08,7655,6887563,8590,5951398,311,570994,19628,2425850,188,41692,19833,2473683,0,101,36390,42231.71,15883762,13416119,0
2022-01-09,4109,6891672,3845,5955243,214,571208,10079,2435929,97,41789,10187,2483870,1,102,18356,41609.57,15902118,13424298,0
2022-01-10,10144,6901816,8194,5963437,490,571698,24637,2460566,308,42097,24996,2508866,1,103,43824,40652.29,15945942,13443176,0
2022-01-11,8843,6910659,7993,5971430,521,572219,21066,2481632,294,42391,21404,2530270,0,103,38763,39171.71,15984705,13460579,0
2022-01-12,8901,6919560,8330,5979760,428,572647,22395,2504027,288,42679,22718,2552988,1,104,40378,38499.86,16025083,13478273,0
2022-01-13,8998,6928558,8867,5988627,451,573098,22942,2526969,324,43003,23301,2576289,1,105,41619,37692.43,16066702,13496625,0
2022-01-14,10068,6938626,8125,5996752,475,573573,26470,2553439,338,43341,26850,2603139,0,105,45518,37835.43,16112220,13515335,0
2022-01-15,6185,6944811,4310,6001062,179,573752,15163,2568602,181,43522,15366,2618505,0,105,26040,36356.86,16138260,13526031,0
2022-01-16,2901,6947712,3248,6004310,95,573847,7837,2576439,86,43608,7933,2626438,0,105,14177,35759.86,16152437,13532285,0
2022-01-17,6036,6953748,6752,6011062,363,574210,14715,2591154,223,43831,14955,2641393,0,105,28106,33514.43,16180543,13545453,0
2022-01-18,8127,6961875,10323,6021385,394,574604,19704,2610858,322,44153,20055,2661448,0,105,38899,33533.86,16219442,13564326,0
2022-01-19,7421,6969296,9257,6030642,303,574907,17744,2628602,280,44433,18056,2679504,0,105,35038,32771,16254480,13581340,0
2022-01-20,6239,6975535,8561,6039203,305,575212,15295,2643897,250,44683,15571,2695075,0,105,30676,31207.71,16285156,13596471,0
2022-01-21,7532,6983067,7514,6046717,276,575488,18536,2662433,290,44973,18850,2713925,0,105,34172,29586.86,16319328,13611817,0
2022-01-22,5173,6988240,4935,6051652,131,575619,11338,2673771,129,45102,11491,2725416,0,105,21730,28971.14,16341058,13622080,0
2022-01-23,2790,6991030,3330,6054982,97,575716,6246,2680017,78,45180,6332,2731748,0,105,12549,28738.57,16353607,13628305,0
2022-01-24,6336,6997366,8207,6063189,262,575978,15092,2695109,245,45425,15365,2747113,0,105,30170,29033.43,16383777,13643138,0
2022-01-25,6154,7003520,7950,6071139,231,576209,14725,2709834,262,45687,15018,2762131,0,105,29353,27669.71,16413130,13657504,0
2022-01-26,5728,7009248,7180,6078319,289,576498,14033,2723867,214,45901,14274,2776405,0,105,27471,26588.71,16440601,13670728,0
2022-01-27,5231,7014479,7095,6085414,320,576818,14108,2737975,235,46136,14382,2790787,0,105,27028,26067.57,16467629,13683413,0
2022-01-28,6225,7020704,7883,6093297,205,577023,16149,2754124,240,46376,16412,2807199,0,105,30725,25575.14,16498354,13697749,0
2022-01-29,837,7021541,729,6094026,28,577051,2541,2756665,40,46416,2584,2809783,0,105,4178,23067.71,16502532,13699346,0
2022-01-30,2077,7023618,3025,6097051,103,577154,4553,2761218,62,46478,4618,2814401,0,105,9823,22678.29,16512355,13704554,0
2022-01-31,4984,7028602,6595,6103646,219,577373,11409,2772627,200,46678,11624,2826025,0,105,23422,21714.29,16535777,13716367,0
2022-02-01,4807,7033409,6450,6110096,220,577593,10728,2783355,223,46901,10969,2836994,0,105,22446,20727.57,16558223,13727862,0
2022-02-02,4250,7037659,5938,6116034,212,577805,11257,2794612,243,47144,11518,2848512,0,105,21918,19934.29,16580141,13738280,0
2022-02-03,4206,7041865,5817,6121851,216,578021,11237,2805849,202,47346,11464,2859976,0,105,21703,19173.57,16601844,13748544,0
2022-02-04,4739,7046604,7117,6128968,214,578235,13241,2819090,239,47585,13505,2873481,0,105,25575,18437.86,16627419,13760639,0
2022-02-05,3562,7050166,6054,6135022,110,578345,8588,2827678,157,47742,8760,2882241,0,105,18486,20481.86,16645905,13770380,0
2022-02-06,2056,7052222,2139,6137161,120,578465,4644,2832322,104,47846,4752,2886993,0,105,9068,20374,16654973,13774700,0
2022-02-07,4130,7056352,4744,6141905,205,578670,10145,2842467,236,48082,10406,2897399,0,105,19485,19811.57,16674458,13783804,0
2022-02-08,4197,7060549,5611,6147516,214,578884,11343,2853810,310,48392,11678,2909077,0,105,21700,19705,16696158,13793851,0
2022-02-09,4113,7064662,5404,6152920,221,579105,11678,2865488,259,48651,11961,2921038,0,105,21699,19673.71,16717857,13803613,0
2022-02-10,3970,7068632,5127,6158047,243,579348,12208,2877696,291,48942,12527,2933565,0,105,21867,19697.14,16739724,13812981,0
2022-02-11,4497,7073129,5813,6163860,195,579543,13743,2891439,326,49268,14100,2947665,0,105,24605,19558.57,16764329,13823517,0
2022-02-12,3244,7076373,4342,6168202,97,579640,8822,2900261,214,49482,9047,2956712,0,105,16730,19307.71,16781059,13831211,0
2022-02-13,1511,7077884,1543,6169745,41,579681,4888,2905149,112,49594,5005,2961717,0,105,8100,19169.43,16789159,13834311,0
2022-02-14,2971,7080855,3624,6173369,167,579848,10588,2915737,325,49919,10939,2972656,0,105,17701,18914.57,16806860,13841099,0
2022-02-15,3526,7084381,4080,6177449,174,580022,12800,2928537,287,50206,13103,2985759,0,105,20883,18797.86,16827743,13848895,0
2022-02-16,3628,7088009,3909,6181358,199,580221,15754,2944291,296,50502,16085,3001844,0,105,23821,19101,16851564,13856666,0
2022-02-17,4088,7092097,4081,6185439,161,580382,18362,2962653,364,50866,18756,3020600,0,105,27086,19846.57,16878650,13865026,0
2022-02-18,4437,7096534,4789,6190228,191,580573,21559,2984212,460,51326,22041,3042641,0,105,31458,20825.57,16910108,13874465,0
2022-02-19,3241,7099775,2183,6192411,65,580638,11194,2995406,217,51543,11422,3054063,0,105,16911,20851.43,16927019,13879965,0
2022-02-20,1844,7101619,1445,6193856,59,580697,6598,3002004,114,51657,6719,3060782,0,105,10067,21132.43,16937086,13883320,0
2022-02-21,3077,7104696,2695,6196551,95,580792,8357,3010361,234,51891,8604,3069386,0,105,14471,20671,16951557,13889200,0
2022-02-22,4363,7109059,4258,6200809,174,580966,10843,3021204,254,52145,11112,3080498,0,105,19907,20531.57,16971464,13898010,0
2022-02-23,4239,7113298,3795,6204604,145,581111,10681,3031885,244,52389,10941,3091439,0,105,19120,19860,16990584,13906205,0
2022-02-24,3781,7117079,3662,6208266,108,581219,10204,3042089,232,52621,10455,3101894,0,105,18006,18562.86,17008590,13913775,0
2022-02-25,3596,7120675,3633,6211899,135,581354,9991,3052080,246,52867,10250,3112144,0,105,17614,16585.14,17026204,13921152,0
2022-02-26,2820,7123495,2583,6214482,74,581428,9526,3061606,160,53027,9694,3121838,0,105,15171,16336.57,17041375,13926637,0
2022-02-27,1764,7125259,1373,6215855,52,581480,6275,3067881,101,53128,6383,3128221,0,105,9572,16265.86,17050947,13929833,0
2022-02-28,3772,7129031,3137,6218992,140,581620,13154,3081035,252,53380,13429,3141650,0,105,20478,17124,17071425,13936905,0
2022-03-01,2119,7131150,2630,6221622,103,581723,5192,3086227,187,53567,5386,3147036,0,105,10238,15742.71,17081663,13941764,0
2022-03-02,1828,7132978,2447,6224069,107,581830,4144,3090371,210,53777,4365,3151401,0,105,8747,14260.86,17090410,13946157,0
2022-03-03,1930,7134908,2560,6226629,106,581936,3804,3094175,172,53949,3989,3155390,0,105,8585,12915,17098995,13950766,0
2022-03-04,2117,7137025,2878,6229507,66,582002,4333,3098508,209,54158,4554,3159944,0,105,9615,11772.29,17108610,13955839,0
2022-03-05,1611,7138636,2124,6231631,43,582045,3317,3101825,120,54278,3440,3163384,0,105,7218,10636.14,17115828,13959620,0
2022-03-06,794,7139430,881,6232512,30,582075,1626,3103451,55,54333,1684,3165068,0,105,3389,9752.86,17119217,13961328,0
2022-03-07,1659,7141089,1790,6234302,87,582162,3504,3106955,162,54495,3680,3168748,0,105,7216,7858.29,17126433,13964878,0
2022-03-08,1548,7142637,1897,6236199,80,582242,3127,3110082,153,54648,3291,3172039,0,105,6816,7369.43,17133249,13968414,0
2022-03-09,1260,7143897,1682,6237881,80,582322,2594,3112676,130,54778,2729,3174768,0,105,5751,6941.43,17139000,13971441,0
2022-03-10,1411,7145308,2098,6239979,85,582407,2972,3115648,163,54941,3144,3177912,0,105,6738,6677.57,17145738,13975044,0
2022-03-11,1592,7146900,2276,6242255,81,582488,3215,3118863,190,55131,3423,3181335,0,105,7372,6357.14,17153110,13979011,0
2022-03-12,875,7147775,1417,6243672,42,582530,2010,3120873,75,55206,2088,3183423,0,105,4422,5957.71,17157532,13981348,0
2022-03-13,625,7148400,756,6244428,28,582558,1293,3122166,47,55253,1343,3184766,0,105,2752,5866.71,17160284,13982760,0
2022-03-14,1362,7149762,1615,6246043,83,582641,2998,3125164,208,55461,3226,3187992,0,105,6286,5733.86,17166570,13985840,0
2022-03-15,1354,7151116,1925,6247968,63,582704,3072,3128236,234,55695,3314,3191306,0,105,6656,5711,17173226,13989190,0
2022-03-16,1395,7152511,2062,6250030,94,582798,3148,3131384,295,55990,3459,3194765,0,105,7010,5890.86,17180236,13992757,0
2022-03-17,1192,7153703,1808,6251838,71,582869,2764,3134148,267,56257,3045,3197810,0,105,6116,5802,17186352,13995842,0
2022-03-18,1583,7155286,2219,6254057,79,582948,3776,3137924,421,56678,4203,3202013,0,105,8084,5903.71,17194436,13999729,0
2022-03-19,1104,7156390,1736,6255793,54,583002,2605,3140529,229,56907,2839,3204852,0,105,5733,6091,17200169,14002628,0
2022-03-20,606,7156996,630,6256423,33,583035,1469,3141998,186,57093,1659,3206511,0,105,2928,6116.14,17203097,14003901,0
2022-03-21,1414,7158410,1559,6257982,73,583108,3062,3145060,359,57452,3443,3209954,0,105,6489,6145.14,17209586,14006969,0
2022-03-22,1341,7159751,1555,6259537,101,583209,2909,3147969,346,57798,3265,3213219,0,105,6262,6088.86,17215848,14009976,0
2022-03-23,1257,7161008,1360,6260897,66,583275,2922,3150891,375,58173,3306,3216525,0,105,5989,5943,17221837,14012668,0
2022-03-24,1211,7162219,1298,6262195,90,583365,2521,3153412,272,58445,2803,3219328,0,105,5402,5841,17227239,14015277,0
2022-03-25,1380,7163599,1633,6263828,62,583427,3268,3156680,384,58829,3665,3222993,0,105,6740,5649,17233979,14018365,0
2022-03-26,923,7164522,1167,6264995,36,583463,2311,3158991,251,59080,2570,3225563,0,105,4696,5500.86,17238675,14020499,0
2022-03-27,574,7165096,528,6265523,29,583492,1315,3160306,202,59282,1519,3227082,0,105,2650,5461.14,17241325,14021632,0
2022-03-28,1077,7166173,1168,6266691,69,583561,2442,3162748,365,59647,2825,3229907,0,105,5139,5268.29,17246464,14023964,0
2022-03-29,1047,7167220,1106,6267797,85,583646,2513,3165261,886,60533,3419,3233326,1,106,5657,5181.86,17252121,14026221,0
2022-03-30,1238,7168458,1138,6268935,99,583745,3063,3168324,3412,63945,6563,3239889,0,106,9038,5617.43,17261159,14028784,0
2022-03-31,1276,7169734,1248,6270183,57,583802,3165,3171489,5527,69472,8830,3248719,0,106,11412,6476,17272571,14031504,0
2022-04-01,1423,7171157,1488,6271671,77,583879,3245,3174734,6920,76392,10322,3259041,0,106,13310,7414.57,17285881,14034649,0
2022-04-02,907,7172064,908,6272579,33,583912,2085,3176819,4542,80934,6722,3265763,0,106,8570,7968,17294451,14036592,0
2022-04-03,553,7172617,493,6273072,28,583940,1221,3178040,3058,83992,4342,3270105,0,106,5416,8363.14,17299867,14037729,0
2022-04-04,1347,7173964,1303,6274375,61,584001,2723,3180763,7717,91709,10595,3280700,0,106,13306,9529.86,17313173,14040595,0
2022-04-05,1294,7175258,1152,6275527,66,584067,2844,3183607,7504,99213,10521,3291221,0,106,13033,10583.57,17326206,14043280,0
2022-04-06,1333,7176591,1173,6276700,61,584128,2624,3186231,6963,106176,9748,3300969,0,106,12315,11051.71,17338521,14046008,0
2022-04-07,1205,7177796,1061,6277761,57,584185,2376,3188607,6627,112803,9149,3310118,0,106,11472,11060.29,17349993,14048477,0
2022-04-08,1477,7179273,1405,6279166,61,584246,3165,3191772,8794,121597,12151,3322269,0,106,15094,11315.14,17365087,14051612,0
2022-04-09,910,7180183,925,6280091,29,584275,2080,3193852,4955,126552,7119,3329388,0,106,8983,11374.14,17374070,14053560,0
2022-04-10,578,7180761,459,6280550,25,584300,1166,3195018,2903,129455,4130,3333518,0,106,5192,11342.14,17379262,14054683,0
2022-04-11,1305,7182066,1226,6281776,61,584361,2655,3197673,7838,137293,10645,3344163,0,106,13237,11332.29,17392499,14057427,0
2022-04-12,1213,7183279,1057,6282833,73,584434,2519,3200192,7448,144741,10139,3354302,0,106,12482,11253.57,17404981,14059942,0
2022-04-13,1231,7184510,1075,6283908,60,584494,2512,3202704,7548,152289,10208,3364510,0,106,12574,11290.57,17417555,14062456,0
2022-04-14,1261,7185771,1093,6285001,59,584553,2442,3205146,6591,158880,9157,3373667,0,106,11570,11304.57,17429125,14064993,0
2022-04-15,1332,7187103,1094,6286095,53,584606,2557,3207703,6633,165513,9318,3382985,0,106,11797,10833.57,17440922,14067600,0
2022-04-16,855,7187958,652,6286747,34,584640,1642,3209345,3692,169205,5400,3388385,0,106,6941,10541.86,17447863,14069207,0
2022-04-17,345,7188303,201,6286948,27,584667,638,3209983,1157,170362,1819,3390204,0,106,2392,10141.86,17450255,14069804,0
2022-04-18,1383,7189686,1113,6288061,82,584749,2583,3212566,6413,176775,9136,3399340,0,106,11714,9924.29,17461969,14072522,0
2022-04-19,1411,7191097,935,6288996,71,584820,2578,3215144,5758,182533,8439,3407779,0,106,10856,9692,17472825,14075042,0
2022-04-20,1303,7192400,1151,6290147,65,584885,2706,3217850,6649,189182,9493,3417272,0,106,12012,9611.71,17484837,14077699,0
2022-04-21,1224,7193624,1062,6291209,53,584938,2340,3220190,5396,194578,7855,3425127,0,106,10194,9415.14,17495031,14080157,0
2022-04-22,1234,7194858,1041,6292250,46,584984,2241,3222431,5782,200360,8135,3433262,0,106,10457,9223.71,17505488,14082591,0
2022-04-23,710,7195568,749,6292999,59,585043,1429,3223860,3351,203711,4846,3438108,0,106,6364,9141.29,17511852,14084175,0
2022-04-24,440,7196008,336,6293335,27,585070,808,3224668,1820,205531,2659,3440767,0,106,3462,9294.14,17515314,14085009,0
2022-04-25,1039,7197047,914,6294249,64,585134,1850,3226518,5090,210621,7053,3447820,0,106,9070,8916.43,17524384,14087139,0
2022-04-26,948,7197995,857,6295106,76,585210,1746,3228264,4697,215318,6537,3454357,0,106,8418,8568.14,17532802,14089114,0
2022-04-27,1036,7199031,1022,6296128,80,585290,1926,3230190,5212,220530,7259,3461616,0,106,9397,8194.57,17542199,14091373,0
2022-04-28,1082,7200113,986,6297114,50,585340,2002,3232192,4743,225273,6857,3468473,0,106,8975,8020.43,17551174,14093603,0
2022-04-29,1176,7201289,1099,6298213,60,585400,2156,3234348,5424,230697,7694,3476167,0,106,10029,7959.29,17561203,14096052,0
2022-04-30,724,7202013,743,6298956,50,585450,1390,3235738,2968,233665,4402,3480569,0,106,5919,7895.71,17567122,14097613,0
2022-05-01,446,7202459,366,6299322,20,585470,765,3236503,1655,235320,2452,3483021,0,106,3284,7870.29,17570406,14098477,0
2022-05-02,1047,7203506,791,6300113,52,585522,1676,3238179,3820,239140,5563,3488584,1,107,7454,7639.43,17577860,14100434,0
2022-05-03,1117,7204623,863,6300976,61,585583,1995,3240174,4870,244010,6962,3495546,0,107,9003,7723,17586863,14102572,0
2022-05-04,1008,7205631,883,6301859,48,585631,1923,3242097,4680,248690,6692,3502238,0,107,8631,7613.57,17595494,14104600,0
2022-05-05,1073,7206704,954,6302813,86,585717,1928,3244025,4882,253572,6909,3509147,0,107,9022,7620.29,17604516,14106812,0
2022-05-06,1094,7207798,955,6303768,51,585768,1860,3245885,4402,257974,6339,3515486,1,108,8439,7393.14,17612955,14108988,0
2022-05-07,660,7208458,590,6304358,32,585800,1203,3247088,2433,260407,3675,3519161,0,108,4957,7255.71,17617912,14110309,0
2022-05-08,411,7208869,243,6304601,17,585817,666,3247754,1388,261795,2076,3521237,0,108,2747,7179,17620659,14111002,0
2022-05-09,1077,7209946,943,6305544,60,585877,1894,3249648,4428,266223,6414,3527651,0,108,8494,7327.57,17629153,14113174,0
2022-05-10,1095,7211041,929,6306473,54,585931,1982,3251630,4719,270942,6808,3534459,0,108,8886,7310.86,17638039,14115359,0
2022-05-11,1085,7212126,972,6307445,44,585975,1944,3253574,4843,275785,6886,3541345,0,108,8987,7361.71,17647026,14117559,0
2022-05-12,1101,7213227,948,6308393,60,586035,2002,3255576,4667,280452,6766,3548111,0,108,8875,7340.71,17655901,14119765,0
2022-05-13,1155,7214382,1040,6309433,44,586079,2069,3257645,4803,285255,6963,3555074,0,108,9202,7449.71,17665103,14122095,0
2022-05-14,824,7215206,669,6310102,31,586110,1466,3259111,2954,288209,4462,3559536,0,108,5986,7596.71,17671089,14123661,0
2022-05-15,508,7215714,356,6310458,22,586132,924,3260035,1648,289857,2599,3562135,0,108,3485,7702.14,17674574,14124574,0
2022-05-16,1227,7216941,854,6311312,62,586194,1831,3261866,3864,293721,5760,3567895,1,109,7904,7617.86,17682478,14126782,0
2022-05-17,1287,7218228,931,6312243,79,586273,2047,3263913,4893,298614,7036,3574931,0,109,9333,7681.71,17691811,14129175,0
2022-05-18,1237,7219465,900,6313143,82,586355,2064,3265977,4940,303554,7116,3582047,1,110,9336,7731.57,17701147,14131506,0
2022-05-19,1159,7220624,881,6314024,36,586391,2117,3268094,4728,308282,6931,3588978,0,110,9007,7750.43,17710154,14133668,0
2022-05-20,1195,7221819,960,6314984,73,586464,2371,3270465,5207,313489,7691,3596669,0,110,9921,7853.14,17720075,14136011,0
2022-05-21,831,7222650,647,6315631,23,586487,1719,3272184,3305,316794,5085,3601754,0,110,6587,7939,17726662,14137574,0
2022-05-22,507,7223157,293,6315924,22,586509,1134,3273318,1840,318634,3008,3604762,0,110,3830,7988.29,17730492,14138430,0
2022-05-23,1219,7224376,885,6316809,52,586561,2188,3275506,4711,323345,6998,3611760,1,111,9155,8167,17739647,14140685,0
2022-05-24,1405,7225781,937,6317746,66,586627,2300,3277806,4493,327838,6894,3618654,0,111,9303,8162.71,17748950,14143195,0
2022-05-25,1415,7227196,955,6318701,56,586683,2256,3280062,4274,332112,6632,3625286,0,111,9059,8123.14,17758009,14145724,0
2022-05-26,1172,7228368,889,6319590,60,586743,2265,3282327,4153,336265,6487,3631773,1,112,8610,8066.43,17766619,14147915,0
2022-05-27,1242,7229610,959,6320549,38,586781,2497,3284824,3919,340184,6493,3638266,0,112,8733,7896.71,17775352,14150232,0
2022-05-28,711,7230321,517,6321066,19,586800,1784,3286608,2064,342248,3888,3642154,0,112,5135,7689.29,17780487,14151519,0
2022-05-29,473,7230794,216,6321282,11,586811,760,3287368,1126,343374,1905,3644059,0,112,2605,7514.29,17783092,14152238,0
2022-05-30,91,7230885,61,6321343,6,586817,139,3287507,144,343518,285,3644344,1,113,444,6269.86,17783536,14152398,0
2022-05-31,1138,7232023,918,6322261,51,586868,1895,3289402,3053,346571,5007,3649351,0,113,7114,5957.14,17790650,14154564,0
2022-06-01,1153,7233176,853,6323114,63,586931,1967,3291369,3430,350001,5470,3654821,0,113,7539,5740,17798189,14156706,0
2022-06-02,1032,7234208,800,6323914,72,587003,1822,3293191,3173,353174,5057,3659878,0,113,6961,5504.43,17805150,14158672,0
2022-06-03,1161,7235369,893,6324807,47,587050,2068,3295259,3498,356672,5632,3665510,0,113,7733,5361.57,17812883,14160839,0
2022-06-04,723,7236092,582,6325389,26,587076,1554,3296813,1908,358580,3497,3669007,0,113,4830,5318,17817713,14162207,0
2022-06-05,449,7236541,297,6325686,1,587077,880,3297693,981,359561,1870,3670877,0,113,2617,5319.71,17820330,14162963,0
2022-06-06,1125,7237666,826,6326512,64,587141,1752,3299445,2746,362307,4548,3675425,0,113,6563,6193.86,17826893,14165028,0
2022-06-07,1024,7238690,769,6327281,70,587211,1789,3301234,2564,364871,4400,3679825,0,113,6263,6072.29,17833156,14166938,0
2022-06-08,1094,7239784,835,6328116,75,587286,1877,3303111,2748,367619,4688,3684513,0,113,6693,5951.43,17839849,14169006,0
2022-06-09,1140,7240924,839,6328955,62,587348,2225,3305336,2694,370313,4971,3689484,0,113,7012,5958.71,17846861,14171099,0
2022-06-10,1048,7241972,817,6329772,75,587423,1878,3307214,2831,373144,4765,3694249,0,113,6705,5811.86,17853566,14173095,0
2022-06-11,679,7242651,508,6330280,25,587448,1326,3308540,1503,374647,2856,3697105,0,113,4068,5703,17857634,14174334,0
2022-06-12,351,7243002,287,6330567,21,587469,877,3309417,773,375420,1660,3698765,0,113,2319,5660.43,17859953,14175003,0
2022-06-13,1028,7244030,769,6331336,63,587532,1576,3310993,2186,377606,3802,3702567,0,113,5663,5531.86,17865616,14176904,0
2022-06-14,970,7245000,833,6332169,64,587596,1688,3312681,2504,380110,4253,3706820,0,113,6120,5511.43,17871736,14178832,0
2022-06-15,969,7245969,865,6333034,39,587635,1667,3314348,2424,382534,4150,3710970,0,113,6023,5415.71,17877759,14180764,0
2022-06-16,961,7246930,774,6333808,59,587694,1831,3316179,2372,384906,4256,3715226,1,114,6050,5278.29,17883809,14182610,0
2022-06-17,900,7247830,799,6334607,48,587742,1770,3317949,2399,387305,4213,3719439,0,114,5961,5172,17889770,14184402,0
2022-06-18,658,7248488,521,6335128,26,587768,1280,3319229,1296,388601,2605,3722044,1,115,3810,5135.14,17893580,14185635,0
2022-06-19,346,7248834,235,6335363,16,587784,727,3319956,608,389209,1347,3723391,0,115,1944,5081.57,17895524,14186244,0
2022-06-20,834,7249668,488,6335851,41,587825,1573,3321529,1613,390822,3224,3726615,0,115,4587,4927.86,17900111,14187645,0
2022-06-21,1134,7250802,742,6336593,50,587875,1697,3323226,2141,392963,3895,3730510,0,115,5822,4885.29,17905933,14189629,0
2022-06-22,1963,7252765,833,6337426,46,587921,1706,3324932,1994,394957,3743,3734253,0,115,6585,4965.57,17912518,14192514,0
2022-06-23,2121,7254886,763,6338189,65,587986,1698,3326630,2153,397110,3901,3738154,0,115,6851,5080,17919369,14195514,0
2022-06-24,2174,7257060,758,6338947,48,588034,1623,3328253,2158,399268,3829,3741983,0,115,6809,5201.14,17926178,14198542,0
2022-06-25,2137,7259197,497,6339444,15,588049,1234,3329487,1143,400411,2390,3744373,0,115,5043,5377.29,17931221,14201208,0
2022-06-26,1212,7260409,248,6339692,14,588063,686,3330173,531,400942,1223,3745596,0,115,2697,5484.86,17933918,14202688,0
2022-06-27,1533,7261942,653,6340345,60,588123,1465,3331638,1655,402597,3160,3748756,0,115,5406,5601.86,17939324,14204974,0
2022-06-28,1691,7263633,831,6341176,57,588180,1858,3333496,2143,404740,4047,3752803,0,115,6626,5716.71,17945950,14207599,0
2022-06-29,1859,7265492,777,6341953,48,588228,1717,3335213,1925,406665,3682,3756485,0,115,6366,5685.43,17952316,14210323,0
2022-06-30,1868,7267360,807,6342760,46,588274,1732,3336945,2133,408798,3909,3760394,0,115,6630,5653.86,17958946,14213088,0
2022-07-01,1601,7268961,597,6343357,26,588300,1394,3338339,1728,410526,3155,3763549,0,115,5379,5449.57,17964325,14215345,0
2022-07-02,978,7269939,389,6343746,18,588318,836,3339175,940,411466,1794,3765343,0,115,3179,5183.29,17967504,14216748,0
2022-07-03,530,7270469,205,6343951,7,588325,458,3339633,488,411954,949,3766292,0,115,1691,5039.57,17969195,14217493,0
2022-07-04,36,7270505,25,6343976,1,588326,31,3339664,38,411992,69,3766361,0,115,131,4286,17969326,14217555,0
2022-07-05,1296,7271801,758,6344734,35,588361,1405,3341069,1739,413731,3175,3769536,0,115,5264,4091.43,17974590,14219675,0
2022-07-06,1611,7273412,679,6345413,44,588405,1444,3342513,1842,415573,3325,3772861,0,115,5659,3990.43,17980249,14222048,0
2022-07-07,1592,7275004,712,6346125,48,588453,1529,3344042,2000,417573,3568,3776429,0,115,5920,3889,17986169,14224439,0
2022-07-08,1632,7276636,650,6346775,37,588490,1475,3345517,1976,419549,3500,3779929,0,115,5821,3952.14,17991990,14226809,0
2022-07-09,983,7277619,431,6347206,26,588516,878,3346395,1347,420896,2256,3782185,0,115,3696,4026,17995686,14228280,0
2022-07-10,638,7278257,187,6347393,17,588533,430,3346825,659,421555,1099,3783284,0,115,1941,4061.71,17997627,14229132,0
2022-07-11,1396,7279653,634,6348027,49,588582,1439,3348264,2213,423768,3686,3786970,0,115,5765,4866.57,18003392,14231245,0
2022-07-12,1403,7281056,687,6348714,45,588627,1399,3349663,2514,426282,3986,3790956,0,115,6121,4989,18009513,14233453,0
2022-07-13,1620,7282676,726,6349440,37,588664,1523,3351186,2831,429113,4419,3795375,0,115,6802,5152.29,18016315,14235901,0
2022-07-14,1587,7284263,842,6350282,47,588711,1603,3352789,3059,432172,4735,3800110,0,115,7212,5336.86,18023527,14238451,0
2022-07-15,1615,7285878,939,6351221,47,588758,1571,3354360,3051,435223,4681,3804791,0,115,7282,5545.57,18030809,14241111,0
2022-07-16,883,7286761,585,6351806,9,588767,979,3355339,1698,436921,2707,3807498,0,115,4184,5615.29,18034993,14242618,0
2022-07-17,550,7287311,290,6352096,16,588783,527,3355866,1167,438088,1718,3809216,0,115,2574,5705.71,18037567,14243498,0
2022-07-18,1405,7288716,843,6352939,45,588828,1430,3357296,2467,440555,3952,3813168,0,115,6245,5774.29,18043812,14245846,0
2022-07-19,1443,7290159,977,6353916,51,588879,1535,3358831,2797,443352,4427,3817595,0,115,6898,5885.29,18050710,14248412,0
2022-07-20,1380,7291539,1484,6355400,50,588929,1352,3360183,2395,445747,3806,3821401,0,115,6721,5873.71,18057431,14251386,0
2022-07-21,1334,7292873,1434,6356834,50,588979,1394,3361577,2363,448110,3804,3825205,0,115,6622,5789.43,18064053,14254251,0
2022-07-22,1428,7294301,1568,6358402,41,589020,1562,3363139,2854,450964,4497,3829702,0,115,7534,5825.43,18071587,14257369,0
2022-07-23,903,7295204,1099,6359501,17,589037,995,3364134,1555,452519,2584,3832286,3,118,4606,5885.71,18076193,14259422,0
2022-07-24,484,7295688,642,6360143,14,589051,503,3364637,805,453324,1316,3833602,0,118,2457,5869,18078650,14260571,0
2022-07-25,1228,7296916,766,6360909,59,589110,1261,3365898,2063,455387,3377,3836979,0,118,5430,5752.57,18084080,14262677,0
2022-07-26,1232,7298148,1021,6361930,41,589151,1471,3367369,2442,457829,3970,3840949,0,118,6265,5662.14,18090345,14265029,0
2022-07-27,1320,7299468,1278,6363208,42,589193,1387,3368756,2192,460021,3638,3844587,2,120,6282,5599.43,18096627,14267730,0
2022-07-28,1312,7300780,1422,6364630,71,589264,1424,3370180,2216,462237,3690,3848277,1,121,6496,5581.43,18103123,14270585,0
2022-07-29,1317,7302097,1429,6366059,64,589328,1359,3371539,2154,464391,3558,3851835,0,121,6369,5415,18109492,14273441,0
2022-07-30,740,7302837,715,6366774,25,589353,791,3372330,960,465351,1771,3853606,0,121,3254,5221.86,18112746,14274944,0
2022-07-31,422,7303259,590,6367364,14,589367,488,3372818,571,465922,1065,3854671,0,121,2091,5169.57,18114837,14275976,0
2022-08-01,1241,7304500,912,6368276,55,589422,1329,3374147,1508,467430,2882,3857553,1,122,5091,5121.14,18119928,14278229,0
2022-08-02,1229,7305729,1014,6369290,73,589495,1346,3375493,1598,469028,2989,3860542,0,122,5305,4984,18125233,14280590,0
2022-08-03,1264,7306993,1190,6370480,41,589536,1341,3376834,1531,470559,2911,3863453,0,122,5406,4858.86,18130639,14283124,0
2022-08-04,1191,7308184,1188,6371668,57,589593,1287,3378121,1456,472015,2773,3866226,0,122,5209,4675,18135848,14285590,0
2022-08-05,1318,7309502,1449,6373117,49,589642,1309,3379430,1441,473456,2774,3869000,0,122,5590,4563.71,18141438,14288430,0
2022-08-06,695,7310197,843,6373960,14,589656,762,3380192,777,474233,1564,3870564,0,122,3117,4544.14,18144555,14290008,0
2022-08-07,391,7310588,457,6374417,14,589670,424,3380616,358,474591,792,3871356,0,122,1654,4481.71,18146209,14290880,0
2022-08-08,1194,7311782,932,6375349,70,589740,1273,3381889,1178,475769,2481,3873837,0,122,4677,4422.57,18150886,14293106,0
2022-08-09,1134,7312916,893,6376242,38,589778,1228,3383117,1160,476929,2420,3876257,0,122,4485,4305.43,18155371,14295203,0
2022-08-10,1222,7314138,1111,6377353,59,589837,1258,3384375,1246,478175,2538,3878795,0,122,4930,4237.43,18160301,14297629,0
2022-08-11,1281,7315419,1069,6378422,84,589921,1211,3385586,1278,479453,2529,3881324,0,122,4963,4202.29,18165264,14300103,0
2022-08-12,1301,7316720,1407,6379829,55,589976,1267,3386853,1249,480702,2546,3883870,0,122,5309,4162.14,18170573,14302896,0
2022-08-13,759,7317479,786,6380615,15,589991,762,3387615,631,481333,1412,3885282,0,122,2972,4141.43,18173545,14304475,0
2022-08-14,473,7317952,478,6381093,20,590011,405,3388020,281,481614,689,3885971,0,122,1660,4142.29,18175205,14305449,0
2022-08-15,1245,7319197,1062,6382155,60,590071,1317,3389337,989,482603,2346,3888317,1,123,4714,4147.57,18179919,14307856,0
2022-08-16,1310,7320507,869,6383024,50,590121,1365,3390702,1075,483678,2472,3890789,0,123,4701,4178.43,18184620,14310117,0
2022-08-17,1215,7321722,957,6383981,39,590160,1235,3391937,1004,484682,2278,3893067,0,123,4489,4115.43,18189109,14312367,0
2022-08-18,1166,7322888,945,6384926,45,590205,1268,3393205,946,485628,2239,3895306,0,123,4395,4034.29,18193504,14314548,0
2022-08-19,1255,7324143,1129,6386055,34,590239,1116,3394321,978,486606,2124,3897430,6,129,4548,3925.57,18198052,14316996,0
2022-08-20,585,7324728,493,6386548,16,590255,630,3394951,504,487110,1147,3898577,0,129,2241,3821.14,18200293,14318103,0
2022-08-21,358,7325086,243,6386791,9,590264,382,3395333,267,487377,652,3899229,0,129,1262,3764.29,18201555,14318716,0
2022-08-22,1221,7326307,921,6387712,40,590304,1232,3396565,887,488264,2147,3901376,0,129,4329,3709.29,18205884,14320926,0
2022-08-23,1242,7327549,1049,6388761,48,590352,1378,3397943,962,489226,2368,3903744,3,132,4710,3710.57,18210594,14323293,0
2022-08-24,1268,7328817,1016,6389777,29,590381,1291,3399234,821,490047,2137,3905881,0,132,4451,3705.14,18215045,14325632,0
2022-08-25,1221,7330038,994,6390771,66,590447,1184,3400418,813,490860,2013,3907894,4,136,4297,3691.14,18219342,14327928,0
2022-08-26,1189,7331227,1179,6391950,56,590503,1192,3401610,778,491638,1991,3909885,1,137,4415,3672.14,18223757,14330372,0
2022-08-27,696,7331923,541,6392491,14,590517,673,3402283,404,492042,1090,3910975,2,139,2343,3686.71,18226100,14331636,0
2022-08-28,381,7332304,237,6392728,10,590527,443,3402726,227,492269,673,3911648,0,139,1301,3692.29,18227401,14332267,0
2022-08-29,1256,7333560,975,6393703,41,590568,1218,3403944,682,492951,1921,3913569,0,139,4194,3673,18231595,14334561,0
2022-08-30,1270,7334830,940,6394643,36,590604,1266,3405210,767,493718,2064,3915633,2,141,4312,3616.14,18235907,14336838,0
2022-08-31,1156,7335986,1012,6395655,43,590647,1102,3406312,571,494289,1694,3917327,0,141,3906,3538.29,18239813,14339071,0
2022-09-01,1026,7337012,961,6396616,51,590698,805,3407117,454,494743,1273,3918600,5,146,3317,3398.29,18243130,14341124,0
2022-09-02,977,7337989,1018,6397634,32,590730,591,3407708,175,494918,773,3919373,92,238,2877,3178.57,18246007,14343143,0
2022-09-03,530,7338519,447,6398081,12,590742,367,3408075,50,494968,421,3919794,312,550,1674,3083,18247681,14344088,0
2022-09-04,252,7338771,212,6398293,10,590752,188,3408263,25,494993,215,3920009,312,862,958,3034,18248639,14344521,0
2022-09-05,78,7338849,71,6398364,7,590759,44,3408307,16,495009,61,3920070,9,871,226,2467.14,18248865,14344678,0
2022-09-06,1123,7339972,1228,6399592,51,590810,631,3408938,130,495139,770,3920840,1268,2139,4219,2453.86,18253084,14346868,0
2022-09-07,1477,7341449,1381,6400973,38,590848,479,3409417,148,495287,647,3921487,6445,8584,9103,3196.29,18262187,14348899,0
2022-09-08,1529,7342978,1199,6402172,36,590884,251,3409668,111,495398,378,3921865,7795,16379,9810,4123.86,18271997,14350552,0
2022-09-09,1554,7344532,1611,6403783,48,590932,280,3409948,122,495520,433,3922298,9880,26259,12357,5478.14,18284354,14352627,0
2022-09-10,846,7345378,835,6404618,12,590944,264,3410212,44,495564,322,3922620,5315,31574,6746,6202.71,18291100,14353750,0
2022-09-11,496,7345874,442,6405060,11,590955,86,3410298,30,495594,125,3922745,3942,35516,4530,6713,18295630,14354222,0
2022-09-12,1682,7347556,1442,6406502,39,590994,205,3410503,90,495684,329,3923074,11659,47175,13541,8615.14,18309171,14355809,0
2022-09-13,1404,7348960,1271,6407773,32,591026,218,3410721,115,495799,382,3923456,9726,56901,11725,9687.43,18320896,14357475,0
2022-09-14,1415,7350375,1273,6409046,31,591057,224,3410945,122,495921,385,3923841,11001,67902,13043,10250.29,18333939,14359171,0
2022-09-15,1567,7351942,1282,6410328,22,591079,225,3411170,112,496033,372,3924213,12065,79967,14085,10861,18348024,14360854,0
2022-09-16,1691,7353633,1637,6411965,27,591106,266,3411436,154,496187,475,3924688,13786,93753,16241,11415.86,18364265,14362889,0
2022-09-17,803,7354436,869,6412834,12,591118,273,3411709,77,496264,373,3925061,6997,100750,8409,11653.43,18372674,14363951,0
2022-09-18,522,7354958,413,6413247,7,591125,74,3411783,26,496290,113,3925174,4480,105230,4972,11716.57,18377646,14364343,0
2022-09-19,1563,7356521,1323,6414570,29,591154,225,3412008,95,496385,346,3925520,13804,119034,15504,11997,18393150,14365723,0
2022-09-20,1443,7357964,1252,6415822,27,591181,219,3412227,90,496475,357,3925877,13178,132212,14975,12461.29,18408125,14367211,0
2022-09-21,1664,7359628,1346,6417168,31,591212,258,3412485,131,496606,423,3926300,14814,147026,16717,12986.14,18424842,14368725,0
2022-09-22,1470,7361098,1261,6418429,28,591240,171,3412656,138,496744,357,3926657,13200,160226,15014,13118.86,18439856,14370230,0
2022-09-23,1748,7362846,1650,6420079,24,591264,250,3412906,136,496880,448,3927105,16865,177091,19157,13535.43,18459013,14372136,0
2022-09-24,801,7363647,888,6420967,8,591272,267,3413173,67,496947,353,3927458,7482,184573,8833,13596,18467846,14373153,0
2022-09-25,485,7364132,395,6421362,1,591273,72,3413245,47,496994,128,3927586,4508,189081,4994,13599.14,18472840,14373520,0
2022-09-26,1578,7365710,1249,6422611,16,591289,284,3413529,144,497138,485,3928071,14994,204075,16686,13768,18489526,14374784,0
2022-09-27,1541,7367251,1305,6423916,26,591315,282,3413811,166,497304,484,3928555,14123,218198,16104,13929.29,18505630,14376317,0
2022-09-28,1619,7368870,1298,6425214,18,591333,189,3414000,184,497488,427,3928982,15482,233680,17254,14006,18522884,14377716,0
2022-09-29,1685,7370555,1299,6426513,19,591352,176,3414176,101,497589,313,3929295,15347,249027,17200,14318.29,18540084,14379292,0
2022-09-30,1649,7372204,1559,6428072,13,591365,181,3414357,175,497764,402,3929697,16479,265506,18643,14244.86,18558727,14381100,0
2022-10-01,718,7372922,666,6428738,5,591370,132,3414489,35,497799,176,3929873,7038,272544,7927,14115.43,18566654,14381822,0
2022-10-02,515,7373437,430,6429168,5,591375,48,3414537,45,497844,107,3929980,4430,276974,4840,14093.43,18571494,14382139,0
2022-10-03,1556,7374993,1188,6430356,23,591398,155,3414692,114,497958,315,3930295,14559,291533,15957,13989.29,18587451,14383268,0
2022-10-04,1386,7376379,1157,6431513,15,591413,150,3414842,120,498078,298,3930593,13368,304901,14764,13797.86,18602215,14384394,0
2022-10-05,1602,7377981,1283,6432796,17,591430,280,3415122,164,498242,497,3931090,14846,319747,16667,13714,18618882,14385771,0
2022-10-06,1493,7379474,1247,6434043,19,591449,167,3415289,161,498403,386,3931476,14939,334686,16604,13628.86,18635486,14387108,0
2022-10-07,1669,7381143,1426,6435469,15,591464,169,3415458,134,498537,365,3931841,17056,351742,19016,13682.14,18654502,14388765,0
2022-10-08,763,7381906,682,6436151,4,591468,143,3415601,62,498599,222,3932063,7693,359435,8622,13781.43,18663124,14389489,0
2022-10-09,493,7382399,410,6436561,5,591473,47,3415648,54,498653,119,3932182,4694,364129,5118,13821.14,18668242,14389812,0
2022-10-10,1548,7383947,1249,6437810,14,591487,174,3415822,116,498769,329,3932511,15179,379308,16472,13894.71,18684714,14390815,0
2022-10-11,1648,7385595,1105,6438915,19,591506,178,3416000,152,498921,385,3932896,14289,393597,15820,14045.57,18700534,14392016,0
2022-10-12,1863,7387458,1315,6440230,17,591523,133,3416133,182,499103,382,3933278,16198,409795,17790,14206,18718324,14393293,0
2022-10-13,1622,7389080,1146,6441376,28,591551,133,3416266,199,499302,403,3933681,13964,423759,15493,14047.29,18733817,14394490,0
2022-10-14,1820,7390900,1538,6442914,25,591576,130,3416396,179,499481,363,3934044,17135,440894,19118,14061.86,18752935,14396164,0
2022-10-15,772,7391672,638,6443552,9,591585,90,3416486,68,499549,179,3934223,7597,448491,8453,14037.71,18761388,14396862,0
2022-10-16,568,7392240,410,6443962,3,591588,25,3416511,65,499614,121,3934344,4730,453221,5173,14045.57,18766561,14397215,0
2022-10-17,1816,7394056,1249,6445211,18,591606,83,3416594,118,499732,238,3934582,16059,469280,17373,14174.29,18783934,14398328,0
2022-10-18,1695,7395751,1171,6446382,20,591626,101,3416695,141,499873,290,3934872,14616,483896,16003,14200.43,18799937,14399473,0
2022-10-19,2098,7397849,1322,6447704,21,591647,84,3416779,143,500016,290,3935162,16206,500102,17672,14183.57,18817609,14400712,0
2022-10-20,1698,7399547,1168,6448872,10,591657,87,3416866,152,500168,307,3935469,15389,515491,16843,14376.43,18834452,14401927,0
2022-10-21,1814,7401361,1347,6450219,11,591668,93,3416959,151,500319,300,3935769,16724,532215,18386,14271.86,18852838,14403345,0
2022-10-22,747,7402108,670,6450889,9,591677,44,3417003,46,500365,100,3935869,7672,539887,8402,14264.57,18861240,14403985,0
2022-10-23,523,7402631,368,6451257,3,591680,21,3417024,39,500404,69,3935938,4806,544693,5081,14251.43,18866321,14404200,0
2022-10-24,1748,7404379,1210,6452467,19,591699,71,3417095,113,500517,224,3936162,15528,560221,16811,14171.14,18883132,14405299,0
2022-10-25,1660,7406039,1188,6453655,12,591711,94,3417189,111,500628,234,3936396,15006,575227,16307,14214.57,18899439,14406395,0
2022-10-26,1862,7407901,1332,6454987,11,591722,91,3417280,170,500798,339,3936735,16769,591996,18242,14296,18917681,14407607,0
2022-10-27,1590,7409491,1070,6456057,13,591735,95,3417375,138,500936,288,3937023,15038,607034,16358,14226.71,18934039,14408694,0
2022-10-28,1707,7411198,1418,6457475,17,591752,106,3417481,154,501090,318,3937341,16736,623770,18548,14249.86,18952587,14410246,0
2022-10-29,697,7411895,544,6458019,9,591761,69,3417550,58,501148,141,3937482,7723,631493,8401,14249.71,18960988,14410797,0
2022-10-30,522,7412417,305,6458324,3,591764,19,3417569,57,501205,92,3937574,4487,635980,4773,14205.71,18965761,14411007,0
2022-10-31,1681,7414098,1113,6459437,8,591772,48,3417617,126,501331,217,3937791,14565,650545,15512,14020.14,18981273,14411780,0
2022-11-01,1669,7415767,1021,6460458,18,591790,78,3417695,129,501460,238,3938029,13572,664117,14884,13816.86,18996157,14412885,0
2022-11-02,1745,7417512,1125,6461583,17,591807,89,3417784,122,501582,253,3938282,14849,678966,16118,13513.43,19012275,14413943,0
2022-11-03,1422,7418934,1033,6462616,13,591820,84,3417868,165,501747,326,3938608,12572,691538,13844,13154.29,19026119,14414966,0
2022-11-04,1747,7420681,1223,6463839,14,591834,101,3417969,141,501888,275,3938883,15420,706958,17024,12936.57,19043143,14416328,0
2022-11-05,826,7421507,533,6464372,6,591840,67,3418036,80,501968,161,3939044,7027,713985,7747,12843.14,19050890,14416901,0
2022-11-06,407,7421914,331,6464703,4,591844,20,3418056,49,502017,106,3939150,4067,718052,4410,12791.29,19055300,14417175,0
2022-11-07,1637,7423551,1069,6465772,14,591858,75,3418131,99,502116,210,3939360,13199,731251,14356,12626.14,19069656,14418158,0
2022-11-08,1533,7425084,1007,6466779,7,591865,96,3418227,130,502246,260,3939620,12004,743255,13255,12393.43,19082911,14419183,0
2022-11-09,1573,7426657,1054,6467833,9,591874,85,3418312,114,502360,244,3939864,12144,755399,13398,12004.86,19096309,14420238,0
2022-11-10,1493,7428150,1008,6468841,14,591888,72,3418384,147,502507,276,3940140,12231,767630,13514,11957.71,19109823,14421302,0
2022-11-11,1501,7429651,1074,6469915,11,591899,97,3418481,101,502608,219,3940359,12754,780384,14182,11551.71,19124005,14422532,0
2022-11-12,672,7430323,514,6470429,2,591901,57,3418538,61,502669,128,3940487,6422,786806,7042,11451,19131047,14423034,0
2022-11-13,496,7430819,343,6470772,4,591905,16,3418554,68,502737,99,3940586,3893,790699,4212,11422.71,19135259,14423269,0
2022-11-14,1450,7432269,1024,6471796,19,591924,59,3418613,114,502851,204,3940790,11613,802312,12724,11189.57,19147983,14424207,0
2022-11-15,1488,7433757,1005,6472801,15,591939,103,3418716,166,503017,294,3941084,11251,813563,12631,11100.43,19160614,14425318,0
2022-11-16,1610,7435367,1033,6473834,21,591960,65,3418781,144,503161,244,3941328,11555,825118,12793,11014,19173407,14426347,0
2022-11-17,1395,7436762,970,6474804,10,591970,65,3418846,165,503326,271,3941599,10502,835620,11771,10765,19185178,14427386,0
2022-11-18,1566,7438328,1097,6475901,12,591982,68,3418914,118,503444,217,3941816,12294,847914,13884,10722.43,19199062,14428790,0
2022-11-19,680,7439008,438,6476339,4,591986,57,3418971,60,503504,126,3941942,5891,853805,6556,10653,19205618,14429338,0
2022-11-20,472,7439480,310,6476649,4,591990,12,3418983,35,503539,65,3942007,3536,857341,3835,10599.14,19209453,14429590,0
2022-11-21,1518,7440998,919,6477568,4,591994,51,3419034,81,503620,149,3942156,10390,867731,11362,10404.57,19220815,14430430,0
2022-11-22,1267,7442265,814,6478382,7,592001,53,3419087,88,503708,157,3942313,9238,876969,10249,10064.29,19231064,14431300,0
2022-11-23,1287,7443552,729,6479111,11,592012,63,3419150,74,503782,163,3942476,8643,885612,9562,9602.71,19240626,14432082,0
2022-11-24,18,7443570,10,6479121,2,592014,0,3419150,6,503788,8,3942484,110,885722,134,7940.29,19240760,14432100,0
2022-11-25,679,7444249,473,6479594,13,592027,36,3419186,54,503842,110,3942594,5679,891401,6408,6872.29,19247168,14432739,0
2022-11-26,587,7444836,378,6479972,2,592029,15,3419201,42,503884,62,3942656,4880,896281,5317,6695.29,19252485,14433119,0
2022-11-27,399,7445235,220,6480192,1,592030,10,3419211,23,503907,48,3942704,3171,899452,3359,6627.29,19255844,14433274,0
2022-11-28,950,7446185,695,6480887,9,592039,57,3419268,62,503969,139,3942843,6943,906395,7901,6132.86,19263745,14434113,0
2022-11-29,918,7447103,706,6481593,8,592047,45,3419313,73,504042,144,3942987,6905,913300,7936,5802.43,19271681,14435026,0
2022-11-30,1207,7448310,868,6482461,14,592061,49,3419362,53,504095,122,3943109,8701,922001,9702,5822.43,19281383,14435925,0
2022-12-01,1128,7449438,765,6483226,11,592072,60,3419422,95,504190,181,3943290,8445,930446,9502,7160.71,19290885,14436827,0
2022-12-02,1316,7450754,966,6484192,13,592085,70,3419492,104,504294,194,3943484,10193,940639,11508,7889.29,19302393,14437968,0
2022-12-03,608,7451362,421,6484613,12,592097,42,3419534,41,504335,86,3943570,4930,945569,5451,7908.43,19307844,14438406,0
2022-12-04,418,7451780,280,6484893,4,592101,6,3419540,26,504361,39,3943609,3268,948837,3490,7927.14,19311334,14438596,0
2022-12-05,1154,7452934,768,6485661,15,592116,57,3419597,69,504430,142,3943751,8577,957414,9571,8165.71,19320905,14439464,0
2022-12-06,1169,7454103,764,6486425,12,592128,62,3419659,86,504516,167,3943918,8133,965547,9117,8334.43,19330022,14440300,0
2022-12-07,1214,7455317,751,6487176,12,592140,63,3419722,80,504596,165,3944083,8286,973833,9304,8277.57,19339326,14441175,0
2022-12-08,1103,7456420,740,6487916,14,592154,66,3419788,74,504670,161,3944244,8669,982502,9689,8304.29,19349015,14442055,0
2022-12-09,1245,7457665,968,6488884,13,592167,81,3419869,102,504772,208,3944452,10382,992884,11743,8337.86,19360758,14443233,0
2022-12-10,674,7458339,461,6489345,7,592174,38,3419907,74,504846,130,3944582,6110,998994,6685,8514.14,19367443,14443696,0
2022-12-11,431,7458770,260,6489605,4,592178,11,3419918,35,504881,56,3944638,3683,1002677,3883,8570.29,19371326,14443850,0
2022-12-12,1330,7460100,800,6490405,19,592197,77,3419995,104,504985,206,3944844,9952,1012629,10987,8772.57,19382313,14444704,0
2022-12-13,1263,7461363,841,6491246,17,592214,50,3420045,97,505082,174,3945018,9705,1022334,10728,9002.71,19393041,14445580,0
2022-12-14,1193,7462556,827,6492073,12,592226,66,3420111,98,505180,191,3945209,9595,1031929,10567,9183.14,19403608,14446388,0
2022-12-15,1193,7463749,696,6492769,10,592236,56,3420167,108,505288,180,3945389,8437,1040366,9389,9140.29,19412997,14447176,0
2022-12-16,1195,7464944,799,6493568,12,592248,68,3420235,119,505407,209,3945598,9336,1049702,10493,8961.71,19423490,14448146,0
2022-12-17,657,7465601,460,6494028,8,592256,29,3420264,35,505442,77,3945675,5797,1055499,6268,8902.14,19429758,14448553,0
2022-12-18,452,7466053,237,6494265,2,592258,14,3420278,23,505465,47,3945722,3450,1058949,3654,8869.43,19433412,14448720,0
2022-12-19,1199,7467252,778,6495043,7,592265,50,3420328,79,505544,143,3945865,8885,1067834,9778,8696.71,19443190,14449484,0
2022-12-20,1206,7468458,756,6495799,18,592283,81,3420409,138,505682,276,3946141,8544,1076378,9664,8544.71,19452854,14450385,0
2022-12-21,1095,7469553,686,6496485,16,592299,49,3420458,93,505775,172,3946313,8240,1084618,9101,8335.29,19461955,14451104,0
2022-12-22,992,7470545,581,6497066,4,592303,41,3420499,72,505847,131,3946444,6891,1091509,7614,8081.71,19469569,14451714,0
2022-12-23,827,7471372,507,6497573,10,592313,39,3420538,57,505904,109,3946553,5869,1097378,6466,7506.43,19476035,14452215,0
2022-12-24,185,7471557,110,6497683,1,592314,2,3420540,15,505919,20,3946573,1361,1098739,1480,6822.43,19477515,14452317,0
2022-12-25,5,7471562,3,6497686,0,592314,0,3420540,0,505919,0,3946573,29,1098768,32,6305,19477547,14452320,0
2022-12-26,570,7472132,265,6497951,16,592330,14,3420554,22,505941,41,3946614,3284,1102052,3586,5420.43,19481133,14452586,0
2022-12-27,1081,7473213,599,6498550,13,592343,55,3420609,57,505998,122,3946736,7193,1109245,7981,5180,19489114,14453262,0
2022-12-28,1058,7474271,559,6499109,8,592351,53,3420662,62,506060,125,3946861,6944,1116189,7723,4983.14,19496837,14453926,0
2022-12-29,1009,7475280,579,6499688,9,592360,47,3420709,85,506145,156,3947017,6554,1122743,7368,4948,19504205,14454608,0
2022-12-30,948,7476228,533,6500221,9,592369,45,3420754,46,506191,101,3947118,6078,1128821,6787,4993.86,19510992,14455226,0
2022-12-31,302,7476530,164,6500385,4,592373,16,3420770,10,506201,29,3947147,1790,1130611,1966,5063.29,19512958,14455376,0
2023-01-01,15,7476545,9,6500394,0,592373,1,3420771,5,506206,6,3947153,53,1130664,75,5069.43,19513033,14455392,0
2023-01-02,649,7477194,321,6500715,10,592383,14,3420785,23,506229,43,3947196,3635,1134299,3973,5124.71,19517006,14455693,0
2023-01-03,959,7478153,580,6501295,9,592392,39,3420824,54,506283,107,3947303,5400,1139699,6165,4865.29,19523171,14456365,0
2023-01-04,1076,7479229,668,6501963,16,592408,50,3420874,60,506343,129,3947432,6038,1145737,6890,4746.29,19530061,14457107,0
2023-01-05,992,7480221,581,6502544,23,592431,34,3420908,85,506428,139,3947571,5678,1151415,6582,4634,19536643,14457892,0
2023-01-06,1039,7481260,772,6503316,16,592447,48,3420956,81,506509,141,3947712,6440,1157855,7468,4731.29,19544111,14458791,0
2023-01-07,604,7481864,427,6503743,8,592455,18,3420974,34,506543,58,3947770,4389,1162244,4847,5142.86,19548958,14459197,0
2023-01-08,377,7482241,242,6503985,4,592459,11,3420985,29,506572,47,3947817,2539,1164783,2746,5524.43,19551704,14459364,0
2023-01-09,937,7483178,556,6504541,17,592476,49,3421034,39,506611,98,3947915,5529,1170312,6335,5861.86,19558039,14460082,0
2023-01-10,835,7484013,628,6505169,8,592484,47,3421081,65,506676,124,3948039,5244,1175556,6099,5852.43,19564138,14460825,0
2023-01-11,852,7484865,538,6505707,21,592505,45,3421126,53,506729,118,3948157,5083,1180639,5851,5704,19569989,14461495,0
2023-01-12,734,7485599,476,6506183,19,592524,45,3421171,79,506808,141,3948298,4447,1185086,5274,5517.14,19575263,14462198,0
2023-01-13,792,7486391,545,6506728,8,592532,62,3421233,55,506863,134,3948432,5265,1190351,6130,5326,19581393,14462946,120000
2023-01-14,482,7486873,277,6507005,9,592541,24,3421257,28,506891,54,3948486,3160,1193511,3540,5139.29,19584933,14463274,120000
2023-01-15,283,7487156,147,6507152,4,592545,15,3421272,22,506913,52,3948538,1766,1195277,1961,5027.14,19586894,14463432,120000
2023-01-16,490,7487646,292,6507444,11,592556,30,3421302,26,506939,63,3948601,2691,1197968,3107,4566,19590001,14463792,120000
2023-01-17,766,7488412,454,6507898,17,592573,45,3421347,65,507004,120,3948721,3684,1201652,4493,4336.57,19594494,14464491,120000
2023-01-18,754,7489166,454,6508352,13,592586,43,3421390,60,507064,109,3948830,3499,1205151,4258,4109,19598752,14465147,120000
2023-01-19,243,7489409,170,6508522,0,592586,16,3421406,22,507086,51,3948881,1170,1206321,1492,3568.71,19600244,14465431,120000
