"DATE","ADMIN_DOSE1_DAILY","ADMIN_DOSE1_CUMULATIVE","ADMIN_DOSE2_DAILY","ADMIN_DOSE2_CUMULATIVE","ADMIN_SINGLE_DAILY","ADMIN_SINGLE_CUMULATIVE","ADMIN_ADDITIONAL1_DAILY","ADMIN_ADDITIONAL1_CUMULATIVE","ADMIN_ADDITIONAL2_DAILY","ADMIN_ADDITIONAL2_CUMULATIVE","ADMIN_ADDITIONAL_DAILY","ADMIN_ADDITIONAL_CUMULATIVE","ADMIN_BIVALENT_ADDITIONAL_DAILY","ADMIN_BIVALENT_ADDITIONAL_CUMULATIVE","ADMIN_ALLDOSES_DAILY","ADMIN_ALLDOSES_7DAYAVG","ADMIN_ALLDOSES_CUMULATIVE","ADMIN_ALLDOSES_PRIMARY","INCOMPLETE"
2020-12-14,79,79,0,0,2,2,0,0,0,0,0,0,0,0,81,,81,81,0
2020-12-15,2052,2131,7,7,5,7,0,0,0,0,0,0,0,0,2064,,2145,2145,0
2020-12-16,4605,6736,16,23,4,11,1,1,0,0,1,1,0,0,4626,,6771,6770,0
2020-12-17,4661,11397,18,41,2,13,1,2,0,0,1,2,0,0,4682,,11453,11451,0
2020-12-18,5836,17233,18,59,2,15,2,4,0,0,2,4,0,0,5858,,17311,17307,0
2020-12-19,1688,18921,9,68,3,18,0,4,0,0,0,4,0,0,1700,,19011,19007,0
2020-12-20,1117,20038,2,70,1,19,0,4,0,0,0,4,0,0,1120,2875.86,20131,20127,0
2020-12-21,6390,26428,22,92,0,19,5,9,0,0,5,9,0,0,6417,3781,26548,26539,0
2020-12-22,9765,36193,28,120,2,21,1,10,0,0,1,10,0,0,9796,4885.57,36344,36334,0
2020-12-23,14276,50469,37,157,3,24,0,10,0,0,0,10,0,0,14316,6269.86,50660,50650,0
2020-12-24,7169,57638,29,186,1,25,0,10,0,0,0,10,0,0,7199,6629.43,57859,57849,0
2020-12-25,180,57818,0,186,0,25,1,11,0,0,1,11,0,0,181,5818.43,58040,58029,0
2020-12-26,4393,62211,45,231,0,25,1,12,0,0,1,12,0,0,4439,6209.71,62479,62467,0
2020-12-27,3870,66081,14,245,0,25,1,13,0,0,1,13,0,0,3885,6604.71,66364,66351,0
2020-12-28,10992,77073,51,296,1,26,3,16,0,0,3,16,0,0,11047,7266.14,77411,77395,0
2020-12-29,10712,87785,37,333,2,28,3,19,0,0,3,19,0,0,10754,7403,88165,88146,0
2020-12-30,12822,100607,44,377,0,28,0,19,0,0,0,19,0,0,12866,7195.86,101031,101012,0
2020-12-31,7259,107866,37,414,1,29,0,19,0,0,0,19,0,0,7297,7209.86,108328,108309,0
2021-01-01,178,108044,2,416,1,30,3,22,0,0,3,22,0,0,184,7210.29,108512,108490,0
2021-01-02,3809,111853,10,426,3,33,2,24,0,0,2,24,0,0,3824,7122.43,112336,112312,0
2021-01-03,3542,115395,24,450,2,35,1,25,0,0,1,25,0,0,3569,7077.29,115905,115880,0
2021-01-04,12253,127648,809,1259,2,37,7,32,0,0,7,32,0,0,13071,7366.43,128976,128944,0
2021-01-05,14091,141739,2195,3454,2,39,14,46,1,1,15,47,0,0,16303,8159.14,145279,145232,0
2021-01-06,17796,159535,3930,7384,1,40,31,77,8,9,39,86,0,0,21766,9430.57,167045,166959,0
2021-01-07,16539,176074,5183,12567,4,44,46,123,3,12,49,135,0,0,21775,11498.86,188820,188685,0
2021-01-08,16609,192683,5462,18029,0,44,36,159,4,16,40,175,0,0,22111,14631.29,210931,210756,0
2021-01-09,7649,200332,1465,19494,1,45,7,166,2,18,9,184,0,0,9124,15388.43,220055,219871,0
2021-01-10,7880,208212,979,20473,0,45,14,180,0,18,14,198,0,0,8873,16146.14,228928,228730,0
2021-01-11,25809,234021,7459,27932,2,47,56,236,8,26,64,262,0,0,33334,19040.86,262262,262000,0
2021-01-12,28243,262264,7867,35799,1,48,45,281,4,30,49,311,0,0,36160,21877.57,298422,298111,0
2021-01-13,31707,293971,9420,45219,1,49,59,340,5,35,64,375,0,0,41192,24652.71,339614,339239,0
2021-01-14,35800,329771,5299,50518,1,50,34,374,7,42,41,416,0,0,41141,27419.29,380755,380339,0
2021-01-15,29249,359020,3715,54233,2,52,33,407,5,47,38,454,0,0,33004,28975.43,413759,413305,0
2021-01-16,30267,389287,2395,56628,0,52,24,431,6,53,30,484,0,0,32692,32342.29,446451,445967,0
2021-01-17,23732,413019,1643,58271,0,52,20,451,1,54,21,505,0,0,25396,34702.71,471847,471342,0
2021-01-18,27088,440107,2425,60696,0,52,37,488,7,61,44,549,0,0,29558,34163.29,501405,500856,0
2021-01-19,34276,474383,9640,70336,1,53,71,559,7,68,78,627,0,0,43995,35282.57,545400,544773,0
2021-01-20,34852,509235,9504,79840,1,54,61,620,3,71,64,691,0,0,44421,35743.86,589821,589130,0
2021-01-21,25577,534812,8098,87938,2,56,54,674,5,76,59,750,0,0,33736,34686,623557,622807,0
2021-01-22,24744,559556,4386,92324,1,57,31,705,7,83,38,788,0,0,29169,34138.14,652726,651938,0
2021-01-23,15739,575295,3226,95550,0,57,11,716,2,85,13,801,0,0,18978,32179,671704,670903,0
2021-01-24,7174,582469,3458,99008,0,57,19,735,1,86,20,821,0,0,10652,30072.71,682356,681535,0
2021-01-25,13400,595869,11828,110836,0,57,68,803,13,99,81,902,0,0,25309,29465.71,707665,706763,0
2021-01-26,16750,612619,10764,121600,0,57,69,872,3,102,73,975,0,0,27587,27121.71,735252,734278,0
2021-01-27,20829,633448,12357,133957,0,57,53,925,9,111,62,1037,0,0,33250,25525.86,768502,767466,0
2021-01-28,30750,664198,12858,146815,0,57,81,1006,16,127,97,1134,0,0,43708,26950.43,812210,811077,0
2021-01-29,31676,695874,11512,158327,0,57,84,1090,11,138,95,1229,0,0,43283,28966.71,855493,854265,0
2021-01-30,18705,714579,3744,162071,0,57,22,1112,2,140,25,1254,0,0,22474,29466.14,877967,876715,0
2021-01-31,13007,727586,2928,164999,1,58,29,1141,5,145,34,1288,0,0,15970,30225.86,893937,892651,0
2021-02-01,1180,728766,5401,170400,4,62,36,1177,4,149,40,1328,0,0,6625,27556.71,900562,899236,0
2021-02-02,2822,731588,9445,179845,2,64,51,1228,3,152,54,1382,0,0,12323,25376.14,912885,911505,0
2021-02-03,16342,747930,21237,201082,4,68,213,1441,21,173,234,1616,0,0,37817,26028.57,950702,949088,0
2021-02-04,27037,774967,19649,220731,3,71,209,1650,10,183,219,1835,0,0,46908,26485.71,997610,995777,0
2021-02-05,27577,802544,20033,240764,0,71,191,1841,15,198,207,2042,0,0,47817,27133.43,1045427,1043388,0
2021-02-06,22974,825518,11252,252016,0,71,116,1957,12,210,128,2170,0,0,34354,28830.57,1079781,1077614,0
2021-02-07,12030,837548,8285,260301,1,72,97,2054,13,223,111,2281,0,0,20427,29467.29,1100208,1097931,0
2021-02-08,16944,854492,23521,283822,2,74,239,2293,35,258,275,2556,0,0,40742,34341.14,1140950,1138399,0
2021-02-09,17305,871797,28091,311913,2,76,353,2646,42,300,398,2954,0,0,45796,39123,1186746,1183800,0
2021-02-10,19583,891380,29303,341216,2,78,270,2916,53,353,326,3280,0,0,49215,40751.29,1235961,1232692,0
2021-02-11,27830,919210,33463,374679,2,80,349,3265,58,411,407,3687,0,0,61704,42865,1297665,1293989,0
2021-02-12,38352,957562,30812,405491,3,83,361,3626,41,452,403,4090,0,0,69570,45972.57,1367235,1363157,0
2021-02-13,27987,985549,25311,430802,2,85,314,3940,58,510,373,4463,0,0,53674,48732.57,1420909,1416459,0
2021-02-14,16261,1001810,23721,454523,0,85,279,4219,34,544,313,4776,0,0,40295,51570.86,1461204,1456441,0
2021-02-15,12792,1014602,10526,465049,2,87,178,4397,24,568,203,4979,0,0,23523,49111,1484727,1479762,0
2021-02-16,14233,1028835,26709,491758,0,87,342,4739,40,608,383,5362,0,0,41325,48472.29,1526052,1520705,0
2021-02-17,16382,1045217,22194,513952,1,88,287,5026,41,649,328,5690,0,0,38905,46999.43,1564957,1559282,0
2021-02-18,12138,1057355,24982,538934,21,109,304,5330,45,694,349,6039,0,0,37490,43540.29,1602447,1596423,0
2021-02-19,13246,1070601,23928,562862,38,147,314,5644,47,741,361,6400,0,0,37573,38969.29,1640020,1633635,0
2021-02-20,11347,1081948,26068,588930,6,153,337,5981,77,818,416,6816,0,0,37838,36707,1677858,1671059,0
2021-02-21,6357,1088305,17409,606339,15,168,295,6276,46,864,342,7158,0,0,24123,34396.71,1701981,1694841,0
2021-02-22,13041,1101346,11837,618176,2,170,134,6410,20,884,154,7312,0,0,25034,34612.57,1727015,1719721,0
2021-02-23,25241,1126587,14137,632313,1,171,166,6576,35,919,202,7514,0,0,39582,34363.57,1766597,1759102,0
2021-02-24,36338,1162925,20398,652711,0,171,230,6806,42,961,273,7787,0,0,57009,36949.86,1823606,1815839,0
2021-02-25,54576,1217501,30403,683114,6,177,407,7213,64,1025,472,8259,0,0,85457,43802.29,1909063,1900825,0
2021-02-26,62827,1280328,31876,714990,4,181,420,7633,78,1103,501,8760,0,0,95208,52035.86,2004271,1995535,0
2021-02-27,51264,1331592,22750,737740,47,228,353,7986,53,1156,407,9167,0,0,74468,57268.71,2078739,2069597,0
2021-02-28,44558,1376150,13845,751585,7,235,206,8192,37,1193,243,9410,0,0,58653,62201.57,2137392,2128007,0
2021-03-01,39304,1415454,12785,764370,10,245,170,8362,24,1217,194,9604,0,0,52293,66095.71,2189685,2180106,0
2021-03-02,47072,1462526,12583,776953,7,252,158,8520,14,1231,172,9776,0,0,59834,68988.86,2249519,2239768,0
2021-03-03,48591,1511117,16153,793106,17,269,154,8674,21,1252,175,9951,0,0,64936,70121.29,2314455,2304529,0
2021-03-04,59801,1570918,22816,815922,1092,1361,276,8950,36,1288,313,10264,0,0,84022,69916.29,2398477,2388239,0
2021-03-05,60953,1631871,24287,840209,3107,4468,337,9287,36,1324,375,10639,0,0,88722,68989.71,2487199,2476588,0
2021-03-06,47152,1679023,18881,859090,5451,9919,245,9532,42,1366,287,10926,0,0,71771,68604.43,2558970,2548072,0
2021-03-07,36026,1715049,14879,873969,6244,16163,239,9771,21,1387,262,11188,0,0,57411,68427,2616381,2605223,0
2021-03-08,39607,1754656,14686,888655,8558,24721,319,10090,92,1479,416,11604,0,0,63267,69994.71,2679648,2668079,0
2021-03-09,39083,1793739,12858,901513,7759,32480,185,10275,35,1514,221,11825,0,0,59921,70007.14,2739569,2727780,0
2021-03-10,51814,1845553,15363,916876,5064,37544,228,10503,34,1548,264,12089,0,0,72505,71088.43,2812074,2800023,0
2021-03-11,59961,1905514,21825,938701,4619,42163,257,10760,48,1596,307,12396,0,0,86712,71472.71,2898786,2886430,0
2021-03-12,52178,1957692,30304,969005,4182,46345,388,11148,86,1682,474,12870,0,0,87138,71246.43,2985924,2973094,0
2021-03-13,40638,1998330,26684,995689,5110,51455,333,11481,54,1736,387,13257,0,0,72820,71396.29,3058744,3045527,0
2021-03-14,30699,2029029,15972,1011661,4523,55978,250,11731,28,1764,280,13537,0,0,51475,70548.29,3110219,3096724,0
2021-03-15,33703,2062732,17260,1028921,4707,60685,240,11971,33,1797,273,13810,0,0,55943,69502,3166162,3152394,0
2021-03-16,38659,2101391,20516,1049437,4925,65610,264,12235,36,1833,301,14111,0,0,64401,70142,3230563,3216495,0
2021-03-17,42601,2143992,24787,1074224,4243,69853,353,12588,41,1874,395,14506,0,0,72026,70073.57,3302589,3288127,0
2021-03-18,50414,2194406,26807,1101031,5228,75081,386,12974,63,1937,449,14955,0,0,82898,69528.71,3385487,3370576,0
2021-03-19,47767,2242173,29967,1130998,5624,80705,403,13377,73,2010,476,15431,0,0,83835,69056.86,3469322,3453935,0
2021-03-20,38696,2280869,25832,1156830,4683,85388,306,13683,60,2070,367,15798,0,0,69578,68593.71,3538900,3523147,0
2021-03-21,29284,2310153,19358,1176188,769,86157,230,13913,44,2114,274,16072,0,0,49685,68338,3588585,3572558,0
2021-03-22,33850,2344003,26749,1202937,4037,90194,266,14179,38,2152,305,16377,0,0,64942,69623.57,3653527,3637196,0
2021-03-23,38415,2382418,32850,1235787,4215,94409,301,14480,54,2206,359,16736,0,0,75839,71257.57,3729366,3712680,0
2021-03-24,41473,2423891,37615,1273402,4843,99252,337,14817,64,2270,404,17140,0,0,84335,73016,3813701,3796614,0
2021-03-25,43389,2467280,50784,1324186,5050,104302,490,15307,88,2358,582,17722,0,0,99805,75431.29,3913506,3895841,0
2021-03-26,38488,2505768,55492,1379678,4307,108609,547,15854,104,2462,655,18377,0,0,98942,77589.43,4012448,3994132,0
2021-03-27,35726,2541494,45740,1425418,2938,111547,435,16289,84,2546,520,18897,0,0,84924,79781.71,4097372,4078537,0
2021-03-28,26375,2567869,34452,1459870,1482,113029,344,16633,66,2612,414,19311,0,0,62723,81644.29,4160095,4140850,0
2021-03-29,34806,2602675,38858,1498728,3245,116274,359,16992,114,2726,474,19785,0,0,77383,83421.57,4237478,4217760,0
2021-03-30,40488,2643163,41922,1540650,3712,119986,351,17343,66,2792,418,20203,0,0,86540,84950.29,4324018,4303883,0
2021-03-31,49368,2692531,44878,1585528,7438,127424,418,17761,85,2877,503,20706,0,0,102187,87500.57,4426205,4405567,0
2021-04-01,50763,2743294,53950,1639478,11272,138696,507,18268,85,2962,596,21302,0,0,116581,89897.14,4542786,4521556,0
2021-04-02,43749,2787043,53875,1693353,11967,150663,557,18825,71,3033,633,21935,0,0,110224,91508.86,4653010,4631152,0
2021-04-03,39235,2826278,39215,1732568,9860,160523,343,19168,60,3093,404,22339,0,0,88714,92050.29,4741724,4719463,0
2021-04-04,26549,2852827,24780,1757348,3902,164425,230,19398,50,3143,280,22619,0,0,55511,91020,4797235,4774694,0
2021-04-05,41863,2894690,34480,1791828,11195,175620,390,19788,61,3204,452,23071,0,0,87990,92535.29,4885225,4862233,0
2021-04-06,53243,2947933,35615,1827443,13215,188835,445,20233,79,3283,525,23596,0,0,102598,94829.29,4987823,4964307,0
2021-04-07,55479,3003412,40708,1868151,14385,203220,413,20646,82,3365,497,24093,0,0,111069,96098.14,5098892,5074881,0
2021-04-08,59236,3062648,46586,1914737,16337,219557,536,21182,87,3452,624,24717,0,0,122783,96984.14,5221675,5197041,0
2021-04-09,56627,3119275,44954,1959691,17556,237113,538,21720,79,3531,622,25339,0,0,119759,98346.29,5341434,5316183,0
2021-04-10,49331,3168606,35644,1995335,12718,249831,400,22120,62,3593,466,25805,0,0,98159,99695.57,5439593,5413880,0
2021-04-11,38161,3206767,28826,2024161,7679,257510,296,22416,62,3655,359,26164,0,0,75025,102483.29,5514618,5488547,0
2021-04-12,46621,3253388,31839,2056000,13497,271007,477,22893,68,3723,545,26709,0,0,92502,103127.86,5607120,5580504,0
2021-04-13,52523,3305911,33797,2089797,369,271376,402,23295,65,3788,468,27177,0,0,87157,100922,5694277,5667194,0
2021-04-14,50118,3356029,39958,2129755,20,271396,370,23665,79,3867,450,27627,0,0,90546,97990.14,5784823,5757291,0
2021-04-15,52096,3408125,43688,2173443,16,271412,461,24126,107,3974,573,28200,0,0,96374,94217.43,5881197,5853097,0
2021-04-16,51177,3459302,42202,2215645,32,271444,444,24570,72,4046,519,28719,0,0,93930,90527.57,5975127,5946511,0
2021-04-17,43825,3503127,35693,2251338,3,271447,372,24942,84,4130,458,29177,0,0,79979,87930.43,6055106,6026034,0
2021-04-18,28595,3531722,29362,2280700,7,271454,265,25207,66,4196,332,29509,0,0,58296,85540.57,6113402,6083999,0
2021-04-19,37447,3569169,36452,2317152,22,271476,337,25544,68,4264,407,29916,0,0,74328,82944.29,6187730,6157922,0
2021-04-20,40800,3609969,39624,2356776,19,271495,321,25865,81,4345,403,30319,0,0,80846,82042.71,6268576,6238366,0
2021-04-21,38877,3648846,46025,2402801,17,271512,507,26372,97,4442,605,30924,0,0,85524,81325.29,6354100,6323286,0
2021-04-22,38480,3687326,48964,2451765,9,271521,349,26721,77,4519,428,31352,0,0,87882,80112.14,6441982,6410742,0
2021-04-23,39683,3727009,44388,2496153,3,271524,357,27078,75,4594,434,31786,0,0,84508,78766.14,6526490,6494818,0
2021-04-24,31926,3758935,41605,2537758,44,271568,287,27365,62,4656,349,32135,0,0,73924,77901.14,6600414,6568393,0
2021-04-25,18413,3777348,31220,2568978,87,271655,202,27567,61,4717,263,32398,0,0,49983,76713.57,6650397,6618113,0
2021-04-26,26957,3804305,40721,2609699,1012,272667,304,27871,93,4810,402,32800,0,0,69092,75965.57,6719489,6686808,0
2021-04-27,28555,3832860,47132,2656831,1698,274365,371,28242,96,4906,472,33272,0,0,77857,75538.57,6797346,6764198,0
2021-04-28,27010,3859870,56844,2713675,2145,276510,449,28691,101,5007,553,33825,0,0,86553,75685.57,6883899,6850201,0
2021-04-29,28587,3888457,57205,2770880,2149,278659,376,29067,100,5107,478,34303,0,0,88419,75762.29,6972318,6938144,0
2021-04-30,30102,3918559,51992,2822872,2059,280718,294,29361,75,5182,370,34673,0,0,84524,75764.57,7056842,7022299,0
2021-05-01,22474,3941033,44538,2867410,1177,281895,236,29597,65,5247,303,34976,0,0,68492,74988.57,7125334,7090490,0
2021-05-02,11917,3952950,36643,2904053,1081,282976,152,29749,55,5302,209,35185,0,0,49850,74969.57,7175184,7140133,0
2021-05-03,18008,3970958,53027,2957080,2381,285357,265,30014,92,5394,359,35544,0,0,73777,75638.86,7248961,7213553,0
2021-05-04,22728,3993686,56643,3013723,2331,287688,274,30288,118,5512,393,35937,0,0,82095,76244.29,7331056,7295256,0
2021-05-05,21475,4015161,48753,3062476,2313,290001,318,30606,104,5616,423,36360,0,0,72965,74303.14,7404021,7367799,0
2021-05-06,20668,4035829,50176,3112652,2507,292508,281,30887,92,5708,377,36737,0,0,73728,72204.43,7477749,7441154,0
2021-05-07,21234,4057063,52105,3164757,2812,295320,319,31206,79,5787,399,37136,0,0,76550,71065.29,7554299,7517306,0
2021-05-08,16620,4073683,41866,3206623,1835,297155,236,31442,72,5859,308,37444,0,0,60629,69942,7614928,7577627,0
2021-05-09,7969,4081652,29405,3236028,1260,298415,154,31596,56,5915,210,37654,0,0,38844,68369.71,7653772,7616261,0
2021-05-10,14375,4096027,38524,3274552,2356,300771,250,31846,93,6008,347,38001,0,0,55602,65773.29,7709374,7671520,0
2021-05-11,19897,4115924,43064,3317616,2513,303284,289,32135,88,6096,382,38383,0,0,65856,63453.43,7775230,7736999,0
2021-05-12,17812,4133736,40538,3358154,3595,306879,240,32375,80,6176,320,38703,0,0,62265,61924.86,7837495,7798944,0
2021-05-13,24958,4158694,40422,3398576,3229,310108,271,32646,79,6255,352,39055,0,0,68961,61243.86,7906456,7867555,0
2021-05-14,27006,4185700,42943,3441519,3536,313644,276,32922,95,6350,373,39428,0,0,73858,60859.29,7980314,7941042,0
2021-05-15,23637,4209337,34922,3476441,3364,317008,260,33182,75,6425,336,39764,0,0,62259,61092.14,8042573,8002966,0
2021-05-16,15520,4224857,19455,3495896,2496,319504,123,33305,47,6472,171,39935,0,0,37642,60920.43,8080215,8040438,0
2021-05-17,22665,4247522,29140,3525036,3253,322757,187,33492,71,6543,258,40193,0,0,55316,60879.57,8135531,8095496,0
2021-05-18,24616,4272138,31909,3556945,3402,326159,244,33736,81,6624,325,40518,0,0,60252,60079,8195783,8155423,0
2021-05-19,24175,4296313,29727,3586672,3041,329200,232,33968,49,6673,282,40800,0,0,57225,59359,8253008,8212367,0
2021-05-20,24136,4320449,30105,3616777,3163,332363,272,34240,88,6761,365,41165,0,0,57769,57760.14,8310777,8269776,0
2021-05-21,24666,4345115,32006,3648783,3057,335420,250,34490,61,6822,314,41479,0,0,60043,55786.57,8370820,8329508,0
2021-05-22,20014,4365129,24372,3673155,2523,337943,167,34657,48,6870,216,41695,0,0,47125,53624.57,8417945,8376418,0
2021-05-23,11226,4376355,13734,3686889,1411,339354,94,34751,32,6902,128,41823,0,0,26499,52032.71,8444444,8402791,0
2021-05-24,18859,4395214,23164,3710053,2757,342111,221,34972,55,6957,279,42102,0,0,45059,50567.43,8489503,8447574,0
2021-05-25,19422,4414636,23385,3733438,2602,344713,175,35147,59,7016,234,42336,0,0,45643,48480.43,8535146,8492983,0
2021-05-26,18776,4433412,21089,3754527,2698,347411,204,35351,49,7065,255,42591,0,0,42818,46422.29,8577964,8535548,0
2021-05-27,18455,4451867,21282,3775809,2531,349942,182,35533,61,7126,245,42836,0,0,42513,44242.86,8620477,8577818,0
2021-05-28,17854,4469721,22879,3798688,2751,352693,191,35724,59,7185,251,43087,0,0,43735,41913.14,8664212,8621303,0
2021-05-29,12703,4482424,17815,3816503,1754,354447,106,35830,39,7224,146,43233,0,0,32418,39812.14,8696630,8653576,0
2021-05-30,7025,4489449,8951,3825454,1074,355521,49,35879,16,7240,65,43298,0,0,17115,38471.57,8713745,8670626,0
2021-05-31,4740,4494189,6922,3832376,1011,356532,65,35944,18,7258,83,43381,0,0,12756,33856.86,8726501,8683299,0
2021-06-01,16047,4510236,25190,3857566,2177,358709,158,36102,42,7300,204,43585,0,0,43618,33567.57,8770119,8726717,0
2021-06-02,15351,4525587,20400,3877966,2095,360804,141,36243,47,7347,188,43773,0,0,38034,32884.14,8808153,8764563,0
2021-06-03,14997,4540584,23822,3901788,2280,363084,131,36374,45,7392,178,43951,0,0,41277,32707.57,8849430,8805664,0
2021-06-04,14708,4555292,26003,3927791,2492,365576,151,36525,42,7434,194,44145,0,0,43397,32659.29,8892827,8848868,0
2021-06-05,10981,4566273,22102,3949893,1806,367382,115,36640,29,7463,145,44290,0,0,35034,33033,8927861,8883758,0
2021-06-06,6444,4572717,14486,3964379,1222,368604,88,36728,13,7476,102,44392,0,0,22254,33767.14,8950115,8905911,0
2021-06-07,11695,4584412,21790,3986169,2378,370982,143,36871,37,7513,183,44575,0,0,36046,37094.29,8986161,8941777,0
2021-06-08,12624,4597036,24022,4010191,2071,373053,126,36997,47,7560,174,44749,0,0,38891,36419,9025052,8980495,0
2021-06-09,11128,4608164,23027,4033218,2300,375353,139,37136,42,7602,183,44932,0,0,36638,36219.57,9061690,9016952,0
2021-06-10,12054,4620218,22240,4055458,2462,377815,143,37279,60,7662,203,45135,0,0,36959,35602.71,9098649,9053708,0
2021-06-11,12697,4632915,25125,4080583,2483,380298,158,37437,62,7724,221,45356,0,0,40526,35192.57,9139175,9094014,0
2021-06-12,10159,4643074,19318,4099901,1888,382186,96,37533,43,7767,141,45497,0,0,31506,34688.57,9170681,9125381,0
2021-06-13,4253,4647327,10936,4110837,1219,383405,42,37575,21,7788,63,45560,0,0,16471,33862.43,9187152,9141789,0
2021-06-14,10204,4657531,19237,4130074,2041,385446,132,37707,53,7841,185,45745,0,0,31667,33236.86,9218819,9173271,0
2021-06-15,11881,4669412,21019,4151093,1942,387388,131,37838,41,7882,173,45918,0,0,35015,32683.14,9253834,9208114,0
2021-06-16,11581,4680993,19404,4170497,1956,389344,149,37987,74,7956,223,46141,0,0,33164,32186.86,9286998,9241055,0
2021-06-17,11020,4692013,18760,4189257,1973,391317,127,38114,35,7991,164,46305,0,0,31917,31466.57,9318915,9272810,0
2021-06-18,12166,4704179,18494,4207751,2115,393432,119,38233,38,8029,158,46463,0,0,32933,30381.86,9351848,9305586,0
2021-06-19,8492,4712671,13517,4221268,1459,394891,88,38321,21,8050,109,46572,0,0,23577,29249.14,9375425,9329054,0
2021-06-20,4334,4717005,7159,4228427,924,395815,37,38358,16,8066,53,46625,0,0,12470,28677.57,9387895,9341471,0
2021-06-21,10152,4727157,10013,4238440,1806,397621,72,38430,28,8094,101,46726,0,0,22072,27306.86,9409967,9363443,0
2021-06-22,9829,4736986,15647,4254087,1588,399209,105,38535,30,8124,135,46861,0,0,27199,26190.29,9437166,9390507,0
2021-06-23,10306,4747292,15190,4269277,1863,401072,103,38638,31,8155,135,46996,0,0,27494,25380.29,9464660,9417867,0
2021-06-24,9682,4756974,14702,4283979,1798,402870,122,38760,26,8181,150,47146,0,0,26332,24582.43,9490992,9444051,0
2021-06-25,10584,4767558,14387,4298366,1721,404591,116,38876,38,8219,154,47300,0,0,26846,23712.86,9517838,9470743,0
2021-06-26,7797,4775355,10465,4308831,1249,405840,78,38954,23,8242,102,47402,0,0,19613,23146.57,9537451,9490255,0
2021-06-27,4998,4780353,6002,4314833,795,406635,34,38988,14,8256,49,47451,0,0,11844,23057.14,9549295,9502051,0
2021-06-28,9031,4789384,10347,4325180,1526,408161,110,39098,26,8282,137,47588,0,0,21041,22909.86,9570336,9522956,0
2021-06-29,9731,4799115,12332,4337512,1347,409508,126,39224,32,8314,160,47748,0,0,23570,22391.43,9593906,9546368,0
2021-06-30,9425,4808540,10935,4348447,1486,410994,149,39373,18,8332,170,47918,0,0,22016,21608.86,9615922,9568217,0
2021-07-01,9393,4817933,10925,4359372,1434,412428,133,39506,25,8357,160,48078,0,0,21912,20977.43,9637834,9589971,0
2021-07-02,9688,4827621,11458,4370830,1541,413969,119,39625,21,8378,140,48218,0,0,22828,20403.43,9660662,9612659,0
2021-07-03,7056,4834677,8421,4379251,1192,415161,79,39704,17,8395,96,48314,0,0,16765,19996.57,9677427,9629328,0
2021-07-04,1288,4835965,1334,4380585,567,415728,10,39714,3,8398,13,48327,0,0,3202,18762,9680629,9632517,0
2021-07-05,6492,4842457,7108,4387693,1207,416935,67,39781,22,8420,89,48416,0,0,14896,17884.14,9695525,9647324,0
2021-07-06,9508,4851965,12853,4400546,1315,418250,117,39898,38,8458,156,48572,0,0,23832,17921.57,9719357,9671001,0
2021-07-07,8661,4860626,11110,4411656,1418,419668,128,40026,21,8479,149,48721,0,0,21338,17824.71,9740695,9692190,0
2021-07-08,8218,4868844,10195,4421851,1258,420926,108,40134,22,8501,132,48853,0,0,19803,17523.43,9760498,9711863,0
2021-07-09,8371,4877215,10833,4432684,1280,422206,90,40224,20,8521,110,48963,0,0,20594,17204.29,9781092,9732347,0
2021-07-10,7099,4884314,8635,4441319,1131,423337,66,40290,20,8541,87,49050,0,0,16952,17231,9798044,9749213,0
2021-07-11,4103,4888417,4540,4445859,701,424038,37,40327,6,8547,43,49093,0,0,9387,18114.57,9807431,9758557,0
2021-07-12,8448,4896865,9563,4455422,1251,425289,84,40411,23,8570,107,49200,0,0,19369,18753.57,9826800,9777819,0
2021-07-13,9459,4906324,9392,4464814,952,426241,109,40520,35,8605,146,49346,0,0,19949,18198.86,9846749,9797624,0
2021-07-14,8993,4915317,9535,4474349,1010,427251,108,40628,22,8627,134,49480,0,0,19672,17960.86,9866421,9817166,0
2021-07-15,8793,4924110,9157,4483506,1052,428303,83,40711,20,8647,104,49584,0,0,19106,17861.29,9885527,9836169,0
2021-07-16,9247,4933357,9763,4493269,981,429284,102,40813,29,8676,131,49715,0,0,20122,17793.86,9905649,9856160,0
2021-07-17,6839,4940196,7386,4500655,803,430087,80,40893,20,8696,100,49815,0,0,15128,17533.29,9920777,9871188,0
2021-07-18,4253,4944449,4285,4504940,575,430662,36,40929,14,8710,50,49865,0,0,9163,17501.29,9929940,9880301,0
2021-07-19,9121,4953570,8482,4513422,999,431661,92,41021,22,8732,115,49980,0,0,18717,17408.14,9948657,9898904,0
2021-07-20,10641,4964211,8761,4522183,991,432652,96,41117,25,8757,122,50102,0,0,20515,17489,9969172,9919298,0
2021-07-21,10055,4974266,8770,4530953,904,433556,149,41266,33,8790,182,50284,0,0,19911,17523.14,9989083,9939027,0
2021-07-22,10686,4984952,8584,4539537,1046,434602,146,41412,27,8817,174,50458,0,0,20490,17720.86,10009573,9959344,0
2021-07-23,11247,4996199,8888,4548425,1114,435716,138,41550,23,8840,163,50621,0,0,21412,17905.14,10030985,9980595,0
2021-07-24,7399,5003598,6739,4555164,670,436386,82,41632,26,8866,109,50730,0,0,14917,17875,10045902,9995404,0
2021-07-25,5473,5009071,2129,4557293,509,436895,58,41690,4,8870,62,50792,0,0,8173,17733.57,10054075,10003515,0
2021-07-26,10866,5019937,7009,4564302,857,437752,111,41801,20,8890,131,50923,0,0,18863,17754.43,10072938,10022247,0
2021-07-27,12064,5032001,8572,4572874,857,438609,137,41938,41,8931,179,51102,0,0,21672,17919.71,10094610,10043741,0
2021-07-28,12011,5044012,8051,4580925,950,439559,137,42075,29,8960,167,51269,0,0,21179,18100.86,10115789,10064754,0
2021-07-29,10929,5054941,7433,4588358,983,440542,136,42211,40,9000,180,51449,0,0,19525,17963,10135314,10084103,0
2021-07-30,14948,5069889,8017,4596375,1151,441693,186,42397,31,9031,219,51668,0,0,24335,18380.57,10159649,10108221,0
2021-07-31,9720,5079609,6321,4602696,815,442508,122,42519,20,9051,143,51811,0,0,16999,18678,10176648,10125078,0
2021-08-01,6498,5086107,3313,4606009,564,443072,81,42600,21,9072,102,51913,0,0,10477,19007.14,10187125,10135453,0
2021-08-02,13447,5099554,7154,4613163,846,443918,150,42750,19,9091,169,52082,0,0,21616,19400.43,10208741,10156900,0
2021-08-03,15405,5114959,8392,4621555,1109,445027,144,42894,39,9130,184,52266,0,0,25090,19888.71,10233831,10181807,0
2021-08-04,17259,5132218,8130,4629685,1454,446481,183,43077,36,9166,219,52485,0,0,27062,20729.14,10260893,10208650,0
2021-08-05,17884,5150102,7934,4637619,1371,447852,159,43236,21,9187,180,52665,0,0,27369,21849.71,10288262,10235839,0
2021-08-06,18174,5168276,8418,4646037,1231,449083,170,43406,33,9220,203,52868,0,0,28026,22377,10316288,10263662,0
2021-08-07,13379,5181655,6019,4652056,799,449882,102,43508,29,9249,131,52999,0,0,20328,22852.57,10336616,10283859,0
2021-08-08,9309,5190964,3834,4655890,400,450282,84,43592,10,9259,94,53093,0,0,13637,23304,10350253,10297402,0
2021-08-09,21333,5212297,8532,4664422,965,451247,175,43767,34,9293,210,53303,0,0,31040,24650.29,10381293,10328233,0
2021-08-10,18945,5231242,9333,4673755,946,452193,180,43947,33,9326,214,53517,0,0,29438,25271.43,10410731,10357458,0
2021-08-11,15643,5246885,8313,4682068,853,453046,131,44078,45,9371,177,53694,0,0,24986,24974.86,10435717,10382268,0
2021-08-12,15052,5261937,8989,4691057,942,453988,178,44256,35,9406,215,53909,0,0,25198,24664.71,10460915,10407253,0
2021-08-13,14916,5276853,9292,4700349,919,454907,247,44503,38,9444,286,54195,0,0,25414,24291.57,10486329,10432382,0
2021-08-14,10393,5287246,6411,4706760,625,455532,535,45038,42,9486,580,54775,0,0,18009,23960.29,10504338,10449814,0
2021-08-15,6689,5293935,4484,4711244,676,456208,567,45605,33,9519,604,55379,0,0,12453,23791.14,10516791,10461667,0
2021-08-16,15705,5309640,9308,4720552,1149,457357,1329,46934,66,9585,1400,56779,0,0,27562,23294.29,10544353,10487834,0
2021-08-17,17757,5327397,10461,4731013,1229,458586,1773,48707,85,9670,1873,58652,0,0,31320,23563.14,10575673,10517296,0
2021-08-18,17480,5344877,10382,4741395,1261,459847,2001,50708,91,9761,2103,60755,0,0,31226,24454.57,10606899,10546430,0
2021-08-19,16285,5361162,9530,4750925,1315,461162,1961,52669,67,9828,2041,62796,0,0,29171,25022.14,10636070,10573573,0
2021-08-20,16265,5377427,11541,4762466,1252,462414,1869,54538,86,9914,1969,64765,0,0,31027,25824,10667097,10602645,0
2021-08-21,11142,5388569,8041,4770507,878,463292,1066,55604,53,9967,1126,65891,0,0,21187,26278,10688284,10622713,0
2021-08-22,4077,5392646,3903,4774410,261,463553,519,56123,33,10000,556,66447,0,0,8797,25755.71,10697081,10630958,0
2021-08-23,15573,5408219,11811,4786221,1022,464575,1552,57675,77,10077,1642,68089,0,0,30049,26111,10727130,10659378,0
2021-08-24,16912,5425131,12597,4798818,1007,465582,1777,59452,81,10158,1866,69955,0,0,32382,26262.71,10759512,10689902,0
2021-08-25,14565,5439696,12456,4811274,1112,466694,1569,61021,81,10239,1665,71620,0,0,29798,26058.71,10789310,10718050,0
2021-08-26,16146,5455842,14101,4825375,1071,467765,1780,62801,69,10308,1861,73481,0,0,33179,26631.29,10822489,10749380,0
2021-08-27,14873,5470715,14827,4840202,971,468736,1676,64477,75,10383,1759,75240,0,0,32430,26831.71,10854919,10780059,0
2021-08-28,10674,5481389,11524,4851726,835,469571,1020,65497,46,10429,1067,76307,0,0,24100,27247.86,10879019,10803093,0
2021-08-29,7209,5488598,7499,4859225,541,470112,782,66279,58,10487,849,77156,0,0,16098,28290.86,10895117,10818351,0
2021-08-30,15514,5504112,16925,4876150,1076,471188,1797,68076,94,10581,1899,79055,0,0,35414,29057.29,10930531,10851874,0
2021-08-31,15502,5519614,15961,4892111,951,472139,1982,70058,90,10671,2082,81137,0,0,34496,29359.29,10965027,10884298,0
2021-09-01,14826,5534440,14111,4906222,1020,473159,1814,71872,62,10733,1886,83023,0,0,31843,29651.43,10996870,10914265,0
2021-09-02,14312,5548752,12526,4918748,896,474055,1715,73587,64,10797,1795,84818,0,0,29529,29130,11026399,10942015,0
2021-09-03,14997,5563749,14316,4933064,974,475029,1901,75488,72,10869,1979,86797,0,0,32266,29106.57,11058665,10972308,0
2021-09-04,9643,5573392,9405,4942469,688,475717,979,76467,34,10903,1018,87815,0,0,20754,28628.57,11079419,10992049,0
2021-09-05,6794,5580186,5512,4947981,438,476155,719,77186,17,10920,737,88552,0,0,13481,28254.71,11092900,11004794,0
2021-09-06,5194,5585380,4511,4952492,358,476513,274,77460,11,10931,287,88839,0,0,10350,24674.14,11103250,11014859,0
2021-09-07,15563,5600943,17703,4970195,912,477425,1562,79022,92,11023,1662,90501,0,0,35840,24866.14,11139090,11049045,0
2021-09-08,16150,5617093,14831,4985026,1070,478495,1782,80804,83,11106,1877,92378,0,0,33928,25164,11173018,11081108,0
2021-09-09,16092,5633185,14758,4999784,1047,479542,1923,82727,77,11183,2011,94389,0,0,33908,25789.57,11206926,11113016,0
2021-09-10,18353,5651538,15401,5015185,1207,480749,1981,84708,83,11266,2071,96460,0,0,37032,26470.43,11243958,11147984,0
2021-09-11,12631,5664169,10351,5025536,958,481707,1031,85739,49,11315,1086,97546,0,0,25026,27080.71,11268984,11171930,0
2021-09-12,8533,5672702,5053,5030589,765,482472,694,86433,31,11346,726,98272,0,0,15077,27308.71,11284061,11186282,0
2021-09-13,16920,5689622,12966,5043555,976,483448,1662,88095,52,11398,1724,99996,0,0,32586,30485.29,11316647,11217154,0
2021-09-14,16261,5705883,13678,5057233,886,484334,1602,89697,57,11455,1671,101667,0,0,32496,30007.57,11349143,11247991,0
2021-09-15,15513,5721396,12894,5070127,727,485061,1577,91274,83,11538,1669,103336,0,0,30803,29561.14,11379946,11277134,0
2021-09-16,15332,5736728,13916,5084043,1210,486271,1470,92744,69,11607,1545,104881,0,0,32003,29289,11411949,11307598,0
2021-09-17,14427,5751155,13953,5097996,922,487193,1845,94589,58,11665,1905,106786,0,0,31207,28456.86,11443156,11336902,0
2021-09-18,9990,5761145,10187,5108183,913,488106,1052,95641,42,11707,1098,107884,0,0,22188,28051.43,11465344,11357996,0
2021-09-19,6169,5767314,6078,5114261,558,488664,748,96389,28,11735,781,108665,0,0,13586,27838.43,11478930,11370806,0
2021-09-20,12664,5779978,12632,5126893,1068,489732,1926,98315,62,11797,1997,110662,0,0,28361,27234.86,11507291,11397179,0
2021-09-21,12216,5792194,12774,5139667,1108,490840,2037,100352,79,11876,2131,112793,0,0,28229,26625.29,11535520,11423292,0
2021-09-22,12818,5805012,12007,5151674,1090,491930,1691,102043,69,11945,1766,114559,0,0,27681,26179.29,11563201,11449213,0
2021-09-23,14919,5819931,12767,5164441,1639,493569,2274,104317,76,12021,2357,116916,0,0,31682,26133.43,11594883,11478545,0
2021-09-24,16498,5836429,13367,5177808,1636,495205,4628,108945,126,12147,4773,121689,0,0,36274,26857.29,11631157,11510065,0
2021-09-25,10521,5846950,9030,5186838,1017,496222,3466,112411,81,12228,3563,125252,0,0,24131,27134.86,11655288,11530649,0
2021-09-26,6288,5853238,5768,5192606,773,496995,2425,114836,61,12289,2497,127749,0,0,15326,27383.43,11670614,11543489,0
2021-09-27,14129,5867367,8066,5200672,1155,498150,9085,123921,163,12452,9298,137047,0,0,32649,27996,11703263,11566890,0
2021-09-28,11107,5878474,11788,5212460,901,499051,9936,133857,182,12634,10157,147204,0,0,33953,28813.71,11737216,11590725,0
2021-09-29,11593,5890067,12193,5224653,1205,500256,9463,143320,174,12808,9671,156875,0,0,34663,29811.14,11771879,11615751,0
2021-09-30,12213,5902280,12610,5237263,1338,501594,9769,153089,181,12989,9984,166859,0,0,36145,30448.71,11808024,11641946,0
2021-10-01,12618,5914898,13431,5250694,1284,502878,10291,163380,154,13143,10481,177340,0,0,37814,30668.71,11845838,11669315,0
2021-10-02,7720,5922618,9981,5260675,865,503743,4246,167626,81,13224,4351,181691,0,0,22917,30495.29,11868755,11687905,0
2021-10-03,5056,5927674,6160,5266835,593,504336,2622,170248,60,13284,2692,184383,1,1,14502,30377.57,11883257,11699724,0
2021-10-04,9899,5937573,11019,5277854,914,505250,9539,179787,149,13433,9725,194108,0,1,31557,30221.57,11914814,11721593,0
2021-10-05,10133,5947706,11735,5289589,972,506222,9964,189751,179,13612,10185,204293,1,2,33026,30089.14,11947840,11744475,0
2021-10-06,9870,5957576,11053,5300642,937,507159,9951,199702,161,13773,10147,214440,0,2,32007,29709.71,11979847,11766370,0
2021-10-07,9591,5967167,12161,5312803,850,508009,10187,209889,175,13948,10395,224835,0,2,32997,29260,12012844,11789005,0
2021-10-08,9428,5976595,12185,5324988,941,508950,10921,220810,165,14113,11125,235960,0,2,33679,28669.29,12046523,11811598,0
2021-10-09,6228,5982823,8240,5333228,643,509593,4131,224941,89,14202,4237,240197,0,2,19348,28159.43,12065871,11826726,0
2021-10-10,3529,5986352,5028,5338256,458,510051,2440,227381,47,14249,2495,242692,0,2,11510,27732,12077381,11835749,0
2021-10-11,7592,5993944,9339,5347595,728,510779,8906,236287,165,14414,9095,251787,0,2,26754,27045.86,12104135,11853432,0
2021-10-12,8050,6001994,10994,5358589,891,511670,10534,246821,187,14601,10762,262549,0,2,30697,26713.14,12134832,11873408,0
2021-10-13,7128,6009122,10147,5368736,869,512539,8817,255638,182,14783,9029,271578,0,2,27173,26022.57,12162005,11891582,0
2021-10-14,7405,6016527,11120,5379856,837,513376,10135,265773,164,14947,10339,281917,0,2,29701,25551.71,12191706,11910984,0
2021-10-15,7704,6024231,11857,5391713,823,514199,10862,276635,175,15122,11070,292987,0,2,31454,25233.86,12223160,11931401,0
2021-10-16,4853,6029084,7467,5399180,665,514864,3852,280487,67,15189,3931,296918,0,2,16916,24886.43,12240076,11944398,0
2021-10-17,3049,6032133,4472,5403652,411,515275,2459,282946,44,15233,2510,299428,0,2,10442,24733.86,12250518,11952337,0
2021-10-18,7016,6039149,10669,5414321,797,516072,9504,292450,186,15419,9724,309152,0,2,28206,24941.29,12278724,11970853,0
2021-10-19,6548,6045697,8945,5423266,803,516875,9111,301561,176,15595,9327,318479,1,3,25624,24216.57,12304348,11987189,0
2021-10-20,6517,6052214,9370,5432636,975,517850,10004,311565,180,15775,10222,328701,3,6,27086,24204.14,12331434,12004088,0
2021-10-21,7009,6059223,9388,5442024,858,518708,10865,322430,160,15935,11058,339759,1,7,28314,24006,12359748,12021376,0
2021-10-22,8082,6067305,10344,5452368,1026,519734,16376,338806,222,16157,16652,356411,0,7,36104,24670.29,12395852,12040882,0
2021-10-23,5150,6072455,6456,5458824,690,520424,9136,347942,118,16275,9274,365685,0,7,21570,25335.14,12417422,12053198,0
2021-10-24,3247,6075702,3966,5462790,767,521191,6179,354121,80,16355,6284,371969,1,8,14265,25881.29,12431687,12061203,0
2021-10-25,8784,6084486,8746,5471536,1152,522343,19288,373409,301,16656,19657,391626,0,8,38339,27328.86,12470026,12079953,0
2021-10-26,8151,6092637,7722,5479258,1258,523601,17321,390730,277,16933,17668,409294,0,8,34799,28639.57,12504825,12097154,0
2021-10-27,10501,6103138,8394,5487652,1605,525206,20902,411632,327,17260,21298,430592,0,8,41798,30741.29,12546623,12117723,0
2021-10-28,11261,6114399,8028,5495680,1793,526999,20904,432536,327,17587,21297,451889,0,8,42379,32750.57,12589002,12138871,0
2021-10-29,11808,6126207,8227,5503907,1968,528967,22579,455115,350,17937,23001,474890,1,9,45006,34022.29,12634008,12160947,0
2021-10-30,4600,6130807,5064,5508971,932,529899,11198,466313,168,18105,11404,486294,0,9,22000,34083.71,12656008,12171581,0
2021-10-31,2646,6133453,2700,5511671,544,530443,6650,472963,105,18210,6778,493072,1,10,12668,33855.57,12668676,12177493,0
2021-11-01,7074,6140527,6955,5518626,1085,531528,20432,493395,335,18545,20827,513899,1,11,35942,33513.14,12704618,12192667,0
2021-11-02,6527,6147054,6586,5525212,1055,532583,20822,514217,280,18825,21177,535076,0,11,35345,33591.14,12739963,12206910,0
2021-11-03,6791,6153845,6682,5531894,1026,533609,20680,534897,314,19139,21070,556146,0,11,35571,32701.57,12775534,12221487,0
2021-11-04,9257,6163102,6279,5538173,994,534603,22415,557312,352,19491,22850,578996,0,11,39380,32273.14,12814914,12238100,0
2021-11-05,11003,6174105,6719,5544892,1050,535653,23806,581118,359,19850,24247,603243,0,11,43019,31989.29,12857933,12256954,0
2021-11-06,11099,6185204,4049,5548941,594,536247,12617,593735,175,20025,12829,616072,0,11,28571,32928,12886504,12272733,0
2021-11-07,7228,6192432,2287,5551228,577,536824,7122,600857,97,20122,7234,623306,0,11,17326,33593.43,12903830,12282840,0
2021-11-08,15020,6207452,5679,5556907,862,537686,19539,620396,288,20410,19894,643200,1,12,41456,34381.14,12945286,12304468,0
2021-11-09,16108,6223560,5385,5562292,659,538345,20566,640962,280,20690,20926,664126,0,12,43078,35485.86,12988364,12326700,0
2021-11-10,16873,6240433,5322,5567614,682,539027,22717,663679,293,20983,23081,687207,0,12,45958,36969.71,13034322,12349648,0
2021-11-11,12503,6252936,5180,5572794,760,539787,22158,685837,290,21273,22517,709724,0,12,40960,37195.43,13075282,12368160,0
2021-11-12,16944,6269880,5687,5578481,705,540492,23481,709318,358,21631,23915,733639,1,13,47252,37800.14,13122534,12391572,0
2021-11-13,9905,6279785,3662,5582143,464,540956,13363,722681,185,21816,13591,747230,0,13,27622,37664.57,13150156,12405646,0
2021-11-14,5983,6285768,2284,5584427,324,541280,7955,730636,81,21897,8057,755287,0,13,16648,37567.71,13166804,12414258,0
2021-11-15,13172,6298940,5978,5590405,689,541969,25174,755810,369,22266,25623,780910,0,13,45462,38140,13212266,12434177,0
2021-11-16,9889,6308829,5782,5596187,653,542622,30732,786542,440,22706,31249,812159,0,13,47574,38782.29,13259840,12450579,0
2021-11-17,10218,6319047,6667,5602854,681,543303,31513,818055,426,23132,32028,844187,0,13,49594,39301.71,13309434,12468234,0
2021-11-18,10648,6329695,6527,5609381,855,544158,33105,851160,461,23593,33662,877849,0,13,51692,40834.86,13361126,12486360,0
2021-11-19,11903,6341598,6550,5615931,708,544866,36358,887518,465,24058,36914,914763,0,13,56075,42095.29,13417201,12505612,0
2021-11-20,9262,6350860,3415,5619346,512,545378,22581,910099,259,24317,22892,937655,0,13,36081,43303.71,13453282,12518853,0
2021-11-21,4899,6355759,1886,5621232,288,545666,13247,923346,155,24472,13427,951082,1,14,20501,43854.14,13473783,12525951,0
2021-11-22,10333,6366092,5782,5627014,750,546416,36024,959370,446,24918,36561,987643,0,14,53427,44992,13527210,12542908,0
2021-11-23,9697,6375789,4781,5631795,632,547048,33610,992980,386,25304,34068,1021711,0,14,49179,45221.29,13576389,12558091,0
2021-11-24,8619,6384408,4748,5636543,648,547696,26000,1018980,287,25591,26358,1048069,1,15,40374,43904.14,13616763,12572177,0
2021-11-25,447,6384855,328,5636871,80,547776,1004,1019984,9,25600,1013,1049082,0,15,1868,36786.43,13618631,12573032,0
2021-11-26,8006,6392861,6989,5643860,528,548304,26645,1046629,308,25908,27010,1076092,0,15,42533,34851.86,13661164,12588612,0
2021-11-27,6634,6399495,6831,5650691,370,548674,18900,1065529,226,26134,19162,1095254,0,15,32998,34411.43,13694162,12602484,0
2021-11-28,4034,6403529,5791,5656482,281,548955,11940,1077469,122,26256,12081,1107335,0,15,22187,34652.29,13716349,12612609,0
2021-11-29,9006,6412535,11009,5667491,684,549639,35156,1112625,454,26710,35688,1143023,1,16,56388,35075.29,13772737,12633386,0
2021-11-30,10408,6422943,11443,5678934,511,550150,37895,1150520,499,27209,38507,1181530,0,16,60869,36745.29,13833606,12655861,0
2021-12-01,11072,6434015,10984,5689918,724,550874,40485,1191005,442,27651,41026,1222556,0,16,63807,40092.86,13897413,12678741,0
2021-12-02,11543,6445558,11049,5700967,624,551498,42300,1233305,457,28108,42855,1265411,0,16,66071,49264.71,13963484,12702055,0
2021-12-03,13364,6458922,12905,5713872,664,552162,48093,1281398,530,28638,48726,1314137,1,17,75660,53997.14,14039144,12729091,0
2021-12-04,9762,6468684,11295,5725167,564,552726,30767,1312165,311,28949,31132,1345269,0,17,52753,56819.29,14091897,12750766,0
2021-12-05,5701,6474385,5702,5730869,270,552996,16711,1328876,130,29079,16876,1362145,0,17,28549,57728.14,14120446,12762474,0
2021-12-06,12232,6486617,9984,5740853,599,553595,43391,1372267,458,29537,43940,1406085,0,17,66755,59209.14,14187201,12785380,0
2021-12-07,12483,6499100,9255,5750108,623,554218,43178,1415445,516,30053,43781,1449866,0,17,66142,59962.43,14253343,12807828,0
2021-12-08,13435,6512535,8777,5758885,555,554773,40918,1456363,484,30537,41481,1491347,0,17,64248,60025.43,14317591,12830674,0
2021-12-09,13385,6525920,8757,5767642,551,555324,40955,1497318,501,31038,41552,1532899,0,17,64245,59764.57,14381836,12853463,0
2021-12-10,13935,6539855,10151,5777793,667,555991,43798,1541116,508,31546,44394,1577293,0,17,69147,58834.14,14450983,12878304,0
2021-12-11,10202,6550057,8130,5785923,405,556396,26765,1567881,287,31833,27102,1604395,0,17,45840,57846.57,14496823,12897092,0
2021-12-12,5976,6556033,3857,5789780,287,556683,15205,1583086,136,31969,15365,1619760,0,17,25485,57408.86,14522308,12907236,0
2021-12-13,12114,6568147,7433,5797213,655,557338,38026,1621112,406,32375,38515,1658275,0,17,58717,56260.57,14581025,12927521,0
2021-12-14,12153,6580300,6948,5804161,730,558068,38278,1659390,444,32819,38789,1697064,0,17,58620,55186,14639645,12947419,0
2021-12-15,12004,6592304,6247,5810408,756,558824,38264,1697654,496,33315,38840,1735904,0,17,57848,54271.71,14697493,12966507,0
2021-12-16,13082,6605386,4270,5814678,737,559561,41239,1738893,469,33784,41781,1777685,0,17,59870,53646.71,14757363,12984669,0
2021-12-17,15848,6621234,6942,5821620,618,560179,46937,1785830,483,34267,47517,1825202,0,17,70925,53900.71,14828288,13008174,0
2021-12-18,12947,6634181,5718,5827338,432,560611,30696,1816526,279,34546,31032,1856234,1,18,50129,54513.43,14878417,13027327,0
2021-12-19,6966,6641147,2995,5830333,326,560937,18057,1834583,175,34721,18263,1874497,0,18,28550,54951.29,14906967,13037645,0
2021-12-20,16740,6657887,5855,5836188,745,561682,47625,1882208,577,35298,48282,1922779,0,18,71622,56794.86,14978589,13061065,0
2021-12-21,17872,6675759,6578,5842766,806,562488,49047,1931255,596,35894,49722,1972501,0,18,74978,59131.71,15053567,13086400,0
2021-12-22,18484,6694243,6556,5849322,938,563426,49837,1981092,539,36433,50455,2022956,1,19,76434,61786.86,15130001,13112457,0
2021-12-23,18942,6713185,6487,5855809,930,564356,46007,2027099,535,36968,46608,2069564,0,19,72967,63657.86,15202968,13138882,0
2021-12-24,9184,6722369,2953,5858762,598,564954,20651,2047750,213,37181,20897,2090461,0,19,33632,58330.29,15236600,13151650,0
2021-12-25,342,6722711,63,5858825,31,564985,427,2048177,8,37189,436,2090897,0,19,872,51293.57,15237472,13152087,0
2021-12-26,7922,6730633,3931,5862756,341,565326,17313,2065490,178,37367,17523,2108420,0,19,29717,51460.29,15267189,13164313,0
2021-12-27,21696,6752329,9205,5871961,931,566257,43554,2109044,563,37930,44190,2152610,0,19,76022,52088.86,15343211,13196218,0
2021-12-28,20048,6772377,8339,5880300,700,566957,47697,2156741,623,38553,48408,2201018,0,19,77495,52448.43,15420706,13225393,0
2021-12-29,18426,6790803,7669,5887969,606,567563,45671,2202412,492,39045,46237,2247255,0,19,72938,51949,15493644,13252168,0
2021-12-30,16817,6807620,7435,5895404,588,568151,44930,2247342,594,39639,45610,2292865,0,19,70450,51589.43,15564094,13277094,0
2021-12-31,5339,6812959,2812,5898216,192,568343,14789,2262131,188,39827,14999,2307864,0,19,23342,50119.43,15587436,13285459,0
2022-01-01,244,6813203,147,5898363,12,568355,502,2262633,22,39849,528,2308392,0,19,931,50127.86,15588367,13285866,0
2022-01-02,6407,6819610,5020,5903383,153,568508,11005,2273638,111,39960,11132,2319524,0,19,22712,49127.14,15611079,13297462,0
2022-01-03,14090,6833700,8512,5911895,515,569023,27021,2300659,345,40305,27410,2346934,2,21,50529,45485.29,15661608,13320623,0
2022-01-04,12786,6846486,8130,5920025,415,569438,27303,2327962,371,40676,27733,2374667,77,98,49128,41432.86,15710736,13342000,0
2022-01-05,11282,6857768,7023,5927048,384,569822,26038,2354000,315,40991,26394,2401061,0,98,45083,37453.57,15755819,13360730,0
2022-01-06,11316,6869084,7397,5934445,485,570307,27665,2381665,357,41348,28074,2429135,2,100,47273,34142.57,15803092,13379979,0
2022-01-07,10118,6879202,8456,5942901,339,570646,25238,2406903,332,41680,25604,2454739,0,100,44518,37167.71,15847610,13398927,0
2022-01-08,7653,6886855,8592,5951493,311,570957,19629,2426532,190,41870,19836,2474575,0,100,36393,42233.71,15884003,13415501,0
2022-01-09,4109,6890964,3845,5955338,214,571171,10079,2436611,97,41967,10187,2484762,1,101,18356,41611.43,15902359,13423680,0
2022-01-10,10140,6901104,8198,5963536,490,571661,24638,2461249,310,42277,24999,2509761,1,102,43827,40654,15946186,13442558,0
2022-01-11,8836,6909940,7993,5971529,522,572183,21075,2482324,297,42574,21416,2531177,0,102,38769,39174.14,15984955,13459955,0
2022-01-12,8896,6918836,8329,5979858,428,572611,22399,2504723,290,42864,22724,2553901,1,103,40378,38502,16025333,13477643,0
2022-01-13,8998,6927834,8870,5988728,451,573062,22950,2527673,339,43203,23324,2577225,1,104,41645,37698,16066978,13495998,0
2022-01-14,10064,6937898,8126,5996854,474,573536,26473,2554146,340,43543,26856,2604081,0,104,45520,37841.14,16112498,13514705,0
2022-01-15,6182,6944080,4314,6001168,179,573715,15166,2569312,183,43726,15371,2619452,0,104,26046,36363,16138544,13525402,0
2022-01-16,2896,6946976,3248,6004416,95,573810,7840,2577152,88,43814,7938,2627390,0,104,14177,35766,16152721,13531651,0
2022-01-17,6037,6953013,6755,6011171,363,574173,14716,2591868,223,44037,14957,2642347,0,104,28112,33521,16180833,13544824,0
2022-01-18,8124,6961137,10322,6021493,394,574567,19708,2611576,323,44360,20060,2662407,0,104,38900,33539.71,16219733,13563693,0
2022-01-19,7419,6968556,9260,6030753,303,574870,17751,2629327,280,44640,18063,2680470,0,104,35046,32778,16254779,13580708,0
2022-01-20,6236,6974792,8561,6039314,305,575175,15298,2644625,253,44893,15578,2696048,0,104,30680,31211.57,16285459,13595837,0
2022-01-21,7525,6982317,7517,6046831,276,575451,18539,2663164,291,45184,18854,2714902,0,104,34172,29590.43,16319631,13611179,0
2022-01-22,5173,6987490,4933,6051764,132,575583,11339,2674503,131,45315,11495,2726397,0,104,21733,28974.29,16341364,13621442,0
2022-01-23,2786,6990276,3334,6055098,97,575680,6248,2680751,77,45392,6333,2732730,0,104,12550,28741.86,16353914,13627667,0
2022-01-24,6334,6996610,8208,6063306,262,575942,15095,2695846,246,45638,15368,2748098,0,104,30172,29036.14,16384086,13642498,0
2022-01-25,6153,7002763,7949,6071255,231,576173,14726,2710572,262,45900,15019,2763117,0,104,29352,27672.14,16413438,13656862,0
2022-01-26,5725,7008488,7183,6078438,288,576461,14035,2724607,215,46115,14277,2777394,0,104,27473,26590.29,16440911,13670085,0
2022-01-27,5225,7013713,7094,6085532,320,576781,14113,2738720,237,46352,14389,2791783,0,104,27028,26068.57,16467939,13682763,0
2022-01-28,6220,7019933,7883,6093415,205,576986,16152,2754872,241,46593,16416,2808199,1,105,30725,25576.14,16498664,13697094,0
2022-01-29,836,7020769,729,6094144,28,577014,2542,2757414,40,46633,2585,2810784,0,105,4178,23068.29,16502842,13698690,0
2022-01-30,2075,7022844,3025,6097169,103,577117,4554,2761968,62,46695,4620,2815404,0,105,9823,22678.71,16512665,13703897,0
2022-01-31,4983,7027827,6594,6103763,219,577336,11411,2773379,200,46895,11626,2827030,0,105,23422,21714.43,16536087,13715708,0
2022-02-01,4806,7032633,6453,6110216,220,577556,10731,2784110,222,47117,10971,2838001,1,106,22450,20728.43,16558537,13727204,0
2022-02-02,4250,7036883,5939,6116155,212,577768,11256,2795366,243,47360,11517,2849518,0,106,21918,19934.86,16580455,13737623,0
2022-02-03,4206,7041089,5819,6121974,216,577984,11239,2806605,204,47564,11468,2860986,1,107,21709,19175,16602164,13747888,0
2022-02-04,4735,7045824,7117,6129091,214,578198,13245,2819850,240,47804,13510,2874496,0,107,25576,18439.43,16627740,13759979,0
2022-02-05,3560,7049384,6056,6135147,110,578308,8591,2828441,158,47962,8764,2883260,0,107,18490,20484,16646230,13769720,0
2022-02-06,2053,7051437,2139,6137286,120,578428,4648,2833089,104,48066,4756,2888016,0,107,9069,20376.29,16655299,13774037,0
2022-02-07,4125,7055562,4748,6142034,205,578633,10147,2843236,237,48303,10409,2898425,0,107,19487,19814.14,16674786,13783140,0
2022-02-08,4194,7059756,5610,6147644,214,578847,11344,2854580,312,48615,11681,2910106,0,107,21699,19706.86,16696485,13793183,0
2022-02-09,4112,7063868,5403,6153047,221,579068,11676,2866256,260,48875,11961,2922067,0,107,21697,19675.29,16718182,13802944,0
2022-02-10,3967,7067835,5127,6158174,243,579311,12211,2878467,292,49167,12532,2934599,0,107,21869,19698.14,16740051,13812310,0
2022-02-11,4496,7072331,5814,6163988,195,579506,13746,2892213,327,49494,14104,2948703,0,107,24609,19560,16764660,13822846,0
2022-02-12,3241,7075572,4343,6168331,97,579603,8824,2901037,215,49709,9050,2957753,0,107,16731,19308.71,16781391,13830538,0
2022-02-13,1510,7077082,1543,6169874,41,579644,4889,2905926,113,49822,5007,2962760,0,107,8101,19170.43,16789492,13833637,0
2022-02-14,2964,7080046,3624,6173498,167,579811,10592,2916518,327,50149,10945,2973705,1,108,17701,18915.29,16807193,13840418,0
2022-02-15,3520,7083566,4075,6177573,174,579985,12810,2929328,287,50436,13113,2986818,0,108,20882,18798.57,16828075,13848203,0
2022-02-16,3625,7087191,3908,6181481,199,580184,15764,2945092,297,50733,16096,3002914,0,108,23828,19103,16851903,13855970,0
2022-02-17,4115,7091306,4080,6185561,161,580345,18362,2963454,370,51103,18762,3021676,0,108,27118,19852.86,16879021,13864356,0
2022-02-18,4434,7095740,4789,6190350,191,580536,21559,2985013,462,51565,22044,3043720,0,108,31458,20831.29,16910479,13873793,0
2022-02-19,3239,7098979,2183,6192533,65,580601,11197,2996210,217,51782,11425,3055145,0,108,16912,20857.14,16927391,13879291,0
2022-02-20,1844,7100823,1445,6193978,59,580660,6597,3002807,115,51897,6719,3061864,0,108,10067,21138,16937458,13882646,0
2022-02-21,3075,7103898,2694,6196672,94,580754,8363,3011170,234,52131,8610,3070474,0,108,14473,20676.86,16951931,13888522,0
2022-02-22,4362,7108260,4258,6200930,174,580928,10848,3022018,257,52388,11121,3081595,0,108,19915,20538.71,16971846,13897332,0
2022-02-23,4235,7112495,3792,6204722,145,581073,10688,3032706,244,52632,10948,3092543,1,109,19121,19866.29,16990967,13905520,0
2022-02-24,3782,7116277,3663,6208385,108,581181,10203,3042909,233,52865,10455,3102998,0,109,18008,18564.86,17008975,13913092,0
2022-02-25,3595,7119872,3633,6212018,135,581316,9993,3052902,245,53110,10251,3113249,0,109,17614,16587.14,17026589,13920468,0
2022-02-26,2819,7122691,2582,6214600,74,581390,9527,3062429,161,53271,9696,3122945,0,109,15171,16338.43,17041760,13925951,0
2022-02-27,1764,7124455,1373,6215973,52,581442,6273,3068702,102,53373,6382,3129327,0,109,9571,16267.57,17051331,13929147,0
2022-02-28,3769,7128224,3136,6219109,140,581582,13156,3081858,253,53626,13433,3142760,0,109,20478,17125.43,17071809,13936216,0
2022-03-01,2117,7130341,2631,6221740,103,581685,5191,3087049,186,53812,5384,3148144,0,109,10235,15742.57,17082044,13941074,0
2022-03-02,1824,7132165,2448,6224188,107,581792,4146,3091195,211,54023,4368,3152512,0,109,8747,14260.57,17090791,13945464,0
2022-03-03,1932,7134097,2562,6226750,106,581898,3806,3095001,171,54194,3990,3156502,0,109,8590,12915.14,17099381,13950077,0
2022-03-04,2116,7136213,2878,6229628,66,581964,4333,3099334,211,54405,4556,3161058,0,109,9616,11772.57,17108997,13955149,0
2022-03-05,1611,7137824,2124,6231752,43,582007,3318,3102652,119,54524,3440,3164498,0,109,7218,10636.43,17116215,13958930,0
2022-03-06,793,7138617,881,6232633,30,582037,1627,3104279,55,54579,1685,3166183,0,109,3389,9753.29,17119604,13960637,0
2022-03-07,1660,7140277,1789,6234422,87,582124,3506,3107785,161,54740,3681,3169864,0,109,7217,7858.86,17126821,13964187,0
2022-03-08,1544,7141821,1899,6236321,80,582204,3129,3110914,152,54892,3293,3173157,0,109,6816,7370.43,17133637,13967722,0
2022-03-09,1259,7143080,1683,6238004,80,582284,2595,3113509,130,55022,2730,3175887,0,109,5752,6942.57,17139389,13970749,0
2022-03-10,1409,7144489,2098,6240102,85,582369,2973,3116482,164,55186,3146,3179033,0,109,6738,6678,17146127,13974350,0
2022-03-11,1594,7146083,2278,6242380,81,582450,3217,3119699,190,55376,3425,3182458,0,109,7378,6358.29,17153505,13978321,0
2022-03-12,874,7146957,1417,6243797,42,582492,2011,3121710,75,55451,2089,3184547,0,109,4422,5958.86,17157927,13980657,0
2022-03-13,624,7147581,756,6244553,28,582520,1293,3123003,48,55499,1344,3185891,0,109,2752,5867.86,17160679,13982068,0
2022-03-14,1363,7148944,1615,6246168,84,582604,2998,3126001,207,55706,3226,3189117,0,109,6288,5735.14,17166967,13985151,0
2022-03-15,1353,7150297,1925,6248093,63,582667,3073,3129074,235,55941,3315,3192432,0,109,6656,5712.29,17173623,13988499,0
2022-03-16,1394,7151691,2061,6250154,94,582761,3150,3132224,295,56236,3461,3195893,0,109,7010,5892,17180633,13992064,0
2022-03-17,1190,7152881,1808,6251962,71,582832,2765,3134989,268,56504,3047,3198940,0,109,6116,5803.14,17186749,13995147,0
2022-03-18,1579,7154460,2219,6254181,79,582911,3779,3138768,421,56925,4206,3203146,0,109,8083,5903.86,17194832,13999030,0
2022-03-19,1104,7155564,1736,6255917,54,582965,2606,3141374,229,57154,2840,3205986,0,109,5734,6091.29,17200566,14001929,0
2022-03-20,604,7156168,631,6256548,33,582998,1470,3142844,186,57340,1660,3207646,0,109,2928,6116.43,17203494,14003201,0
2022-03-21,1414,7157582,1558,6258106,73,583071,3062,3145906,359,57699,3443,3211089,1,110,6489,6145.14,17209983,14006268,0
2022-03-22,1341,7158923,1553,6259659,101,583172,2908,3148814,349,58048,3267,3214356,0,110,6262,6088.86,17216245,14009273,0
2022-03-23,1257,7160180,1360,6261019,66,583238,2921,3151735,376,58424,3306,3217662,0,110,5989,5943,17222234,14011965,0
2022-03-24,1208,7161388,1300,6262319,90,583328,2521,3154256,273,58697,2804,3220466,0,110,5402,5841,17227636,14014573,0
2022-03-25,1378,7162766,1633,6263952,62,583390,3269,3157525,385,59082,3667,3224133,0,110,6740,5649.14,17234376,14017659,0
2022-03-26,923,7163689,1166,6265118,36,583426,2309,3159834,254,59336,2571,3226704,0,110,4696,5500.86,17239072,14019792,0
2022-03-27,574,7164263,528,6265646,29,583455,1315,3161149,202,59538,1519,3228223,0,110,2650,5461.14,17241722,14020925,0
2022-03-28,1074,7165337,1170,6266816,69,583524,2442,3163591,366,59904,2826,3231049,0,110,5139,5268.29,17246861,14023256,0
2022-03-29,1045,7166382,1106,6267922,85,583609,2515,3166106,886,60790,3421,3234470,1,111,5657,5181.86,17252518,14025511,0
2022-03-30,1237,7167619,1138,6269060,99,583708,3064,3169170,3411,64201,6564,3241034,0,111,9038,5617.43,17261556,14028074,0
2022-03-31,1276,7168895,1249,6270309,57,583765,3163,3172333,5533,69734,8832,3249866,0,111,11415,6476.43,17272971,14030793,0
2022-04-01,1422,7170317,1488,6271797,77,583842,3244,3175577,6921,76655,10323,3260189,0,111,13310,7415,17286281,14033938,0
2022-04-02,905,7171222,909,6272706,33,583875,2086,3177663,4540,81195,6723,3266912,0,111,8570,7968.43,17294851,14035882,0
2022-04-03,553,7171775,492,6273198,28,583903,1222,3178885,3058,84253,4342,3271254,0,111,5415,8363.43,17300266,14037017,0
2022-04-04,1346,7173121,1303,6274501,61,583964,2721,3181606,7721,91974,10596,3281850,0,111,13306,9530.14,17313572,14039881,0
2022-04-05,1292,7174413,1154,6275655,66,584030,2845,3184451,7502,99476,10521,3292371,0,111,13033,10583.86,17326605,14042567,0
2022-04-06,1332,7175745,1174,6276829,61,584091,2623,3187074,6966,106442,9749,3302120,0,111,12316,11052.14,17338921,14045294,0
2022-04-07,1202,7176947,1060,6277889,57,584148,2377,3189451,6629,113071,9151,3311271,1,112,11471,11060.14,17350392,14047758,0
2022-04-08,1475,7178422,1407,6279296,61,584209,3166,3192617,8792,121863,12152,3323423,0,112,15095,11315.14,17365487,14050895,0
2022-04-09,908,7179330,925,6280221,29,584238,2079,3194696,4958,126821,7120,3330543,0,112,8982,11374,17374469,14052840,0
2022-04-10,578,7179908,460,6280681,25,584263,1166,3195862,2903,129724,4130,3334673,0,112,5193,11342.29,17379662,14053964,0
2022-04-11,1305,7181213,1225,6281906,61,584324,2654,3198516,7839,137563,10647,3345320,0,112,13238,11332.57,17392900,14056709,0
2022-04-12,1213,7182426,1056,6282962,73,584397,2520,3201036,7447,145010,10139,3355459,0,112,12481,11253.71,17405381,14059223,0
2022-04-13,1229,7183655,1074,6284036,60,584457,2511,3203547,7550,152560,10211,3365670,0,112,12574,11290.57,17417955,14061736,0
2022-04-14,1263,7184918,1095,6285131,58,584515,2442,3205989,6598,159158,9167,3374837,0,112,11583,11306.57,17429538,14064279,0
2022-04-15,1331,7186249,1094,6286225,53,584568,2555,3208544,6633,165791,9318,3384155,0,112,11796,10835.29,17441334,14066887,0
2022-04-16,855,7187104,652,6286877,34,584602,1643,3210187,3690,169481,5399,3389554,0,112,6940,10543.57,17448274,14068494,0
2022-04-17,345,7187449,201,6287078,27,584629,637,3210824,1159,170640,1819,3391373,0,112,2392,10143.43,17450666,14069090,0
2022-04-18,1380,7188829,1113,6288191,82,584711,2584,3213408,6416,177056,9140,3400513,0,112,11715,9925.86,17462381,14071805,0
2022-04-19,1411,7190240,935,6289126,71,584782,2576,3215984,5760,182816,8438,3408951,0,112,10855,9693.57,17473236,14074324,0
2022-04-20,1299,7191539,1151,6290277,65,584847,2707,3218691,6647,189463,9496,3418447,0,112,12011,9613.14,17485247,14076981,0
2022-04-21,1225,7192764,1061,6291338,53,584900,2338,3221029,5397,194860,7855,3426302,0,112,10194,9414.71,17495441,14079440,0
2022-04-22,1234,7193998,1040,6292378,46,584946,2239,3223268,5782,200642,8135,3434437,0,112,10456,9223.29,17505897,14081875,0
2022-04-23,710,7194708,749,6293127,59,585005,1428,3224696,3352,203994,4846,3439283,0,112,6365,9141.14,17512262,14083460,0
2022-04-24,440,7195148,336,6293463,27,585032,808,3225504,1821,205815,2660,3441943,0,112,3463,9294.14,17515725,14084294,0
2022-04-25,1037,7196185,916,6294379,64,585096,1851,3227355,5091,210906,7055,3448998,0,112,9072,8916.57,17524797,14086424,0
2022-04-26,948,7197133,857,6295236,76,585172,1747,3229102,4697,215603,6538,3455536,0,112,8419,8568.57,17533216,14088399,0
2022-04-27,1034,7198167,1020,6296256,80,585252,1925,3231027,5216,220819,7262,3462798,0,112,9396,8195,17542612,14090654,0
2022-04-28,1081,7199248,988,6297244,50,585302,2002,3233029,4742,225561,6857,3469655,0,112,8976,8021,17551588,14092886,0
2022-04-29,1174,7200422,1101,6298345,60,585362,2155,3235184,5436,230997,7706,3477361,0,112,10041,7961.71,17561629,14095336,0
2022-04-30,723,7201145,743,6299088,50,585412,1391,3236575,2967,233964,4404,3481765,0,112,5920,7898.14,17567549,14096898,0
2022-05-01,445,7201590,366,6299454,20,585432,766,3237341,1656,235620,2454,3484219,0,112,3285,7872.71,17570834,14097761,0
2022-05-02,1045,7202635,792,6300246,52,585484,1677,3239018,3820,239440,5566,3489785,2,114,7456,7641.86,17578290,14099718,0
2022-05-03,1117,7203752,862,6301108,61,585545,1995,3241013,4872,244312,6963,3496748,0,114,9003,7725.29,17587293,14101854,0
2022-05-04,1005,7204757,881,6301989,48,585593,1926,3242939,4682,248994,6697,3503445,0,114,8631,7616,17595924,14103877,0
2022-05-05,1071,7205828,953,6302942,86,585679,1928,3244867,4884,253878,6911,3510356,0,114,9021,7622.43,17604945,14106086,0
2022-05-06,1095,7206923,955,6303897,51,585730,1859,3246726,4403,258281,6340,3516696,2,116,8441,7393.86,17613386,14108263,0
2022-05-07,659,7207582,591,6304488,32,585762,1204,3247930,2435,260716,3678,3520374,1,117,4960,7256.71,17618346,14109583,0
2022-05-08,411,7207993,243,6304731,17,585779,665,3248595,1388,262104,2075,3522449,0,117,2746,7179.71,17621092,14110276,0
2022-05-09,1077,7209070,943,6305674,60,585839,1894,3250489,4428,266532,6414,3528863,0,117,8494,7328,17629586,14112448,0
2022-05-10,1094,7210164,929,6306603,54,585893,1981,3252470,4721,271253,6808,3535671,0,117,8885,7311.14,17638471,14114631,0
2022-05-11,1084,7211248,972,6307575,44,585937,1944,3254414,4843,276096,6887,3542558,0,117,8987,7362,17647458,14116831,0
2022-05-12,1098,7212346,949,6308524,60,585997,2001,3256415,4667,280763,6768,3549326,0,117,8875,7341.14,17656333,14119038,0
2022-05-13,1153,7213499,1040,6309564,44,586041,2073,3258488,4812,285575,6976,3556302,0,117,9213,7451.43,17665546,14121366,0
2022-05-14,823,7214322,669,6310233,31,586072,1467,3259955,2955,288530,4464,3560766,0,117,5987,7598.14,17671533,14122931,0
2022-05-15,508,7214830,355,6310588,22,586094,925,3260880,1649,290179,2600,3563366,0,117,3485,7703.71,17675018,14123842,0
2022-05-16,1227,7216057,853,6311441,62,586156,1831,3262711,3867,294046,5762,3569128,1,118,7905,7619.57,17682923,14126048,0
2022-05-17,1287,7217344,932,6312373,79,586235,2045,3264756,4897,298943,7036,3576164,1,119,9335,7683.86,17692258,14128440,0
2022-05-18,1236,7218580,899,6313272,82,586317,2062,3266818,4943,303886,7117,3583281,1,120,9335,7733.57,17701593,14130769,0
2022-05-19,1157,7219737,882,6314154,36,586353,2118,3268936,4730,308616,6934,3590215,0,120,9009,7752.71,17710602,14132930,0
2022-05-20,1194,7220931,960,6315114,73,586426,2370,3271306,5209,313825,7692,3597907,0,120,9921,7853.86,17720523,14135272,0
2022-05-21,830,7221761,646,6315760,23,586449,1720,3273026,3307,317132,5088,3602995,0,120,6588,7939.71,17727111,14136833,0
2022-05-22,507,7222268,291,6316051,22,586471,1135,3274161,1841,318973,3010,3606005,0,120,3830,7989,17730941,14137687,0
2022-05-23,1218,7223486,884,6316935,52,586523,2189,3276350,4714,323687,7002,3613007,1,121,9157,8167.86,17740098,14139940,0
2022-05-24,1406,7224892,936,6317871,66,586589,2305,3278655,4492,328179,6900,3619907,0,121,9309,8164.14,17749407,14142452,0
2022-05-25,1413,7226305,955,6318826,56,586645,2262,3280917,4275,332454,6638,3626545,0,121,9063,8125.29,17758470,14144978,0
2022-05-26,1170,7227475,889,6319715,60,586705,2272,3283189,4154,336608,6494,3633039,1,122,8615,8069,17767085,14147166,0
2022-05-27,1242,7228717,958,6320673,38,586743,2499,3285688,3922,340530,6496,3639535,0,122,8735,7899.57,17775820,14149480,0
2022-05-28,711,7229428,517,6321190,19,586762,1783,3287471,2064,342594,3887,3643422,0,122,5134,7691.86,17780954,14150767,0
2022-05-29,472,7229900,216,6321406,11,586773,760,3288231,1127,343721,1906,3645328,0,122,2605,7516.86,17783559,14151485,0
2022-05-30,91,7229991,61,6321467,6,586779,139,3288370,144,343865,285,3645613,1,123,444,6272.14,17784003,14151645,0
2022-05-31,1137,7231128,918,6322385,51,586830,1900,3290270,3054,346919,5014,3650627,0,123,7120,5959.43,17791123,14153811,0
2022-06-01,1153,7232281,851,6323236,63,586893,1972,3292242,3429,350348,5475,3656102,0,123,7542,5742.14,17798665,14155952,0
2022-06-02,1031,7233312,799,6324035,72,586965,1826,3294068,3176,353524,5063,3661165,0,123,6965,5506.43,17805630,14157915,0
2022-06-03,1160,7234472,894,6324929,47,587012,2069,3296137,3498,357022,5633,3666798,0,123,7734,5363.43,17813364,14160082,0
2022-06-04,723,7235195,584,6325513,26,587038,1555,3297692,1906,358928,3496,3670294,0,123,4831,5320.14,17818195,14161452,0
2022-06-05,449,7235644,297,6325810,1,587039,880,3298572,981,359909,1870,3672164,0,123,2617,5321.86,17820812,14162208,0
2022-06-06,1124,7236768,826,6326636,64,587103,1755,3300327,2747,362656,4552,3676716,0,123,6566,6196.43,17827378,14164272,0
2022-06-07,1019,7237787,771,6327407,70,587173,1793,3302120,2568,365224,4408,3681124,0,123,6268,6074.71,17833646,14166179,0
2022-06-08,1094,7238881,836,6328243,75,587248,1876,3303996,2750,367974,4688,3685812,1,124,6694,5953.57,17840340,14168246,0
2022-06-09,1139,7240020,838,6329081,62,587310,2230,3306226,2695,370669,4977,3690789,0,124,7016,5960.86,17847356,14170337,0
2022-06-10,1048,7241068,817,6329898,75,587385,1879,3308105,2831,373500,4766,3695555,0,124,6706,5814,17854062,14172333,0
2022-06-11,678,7241746,508,6330406,25,587410,1328,3309433,1504,375004,2859,3698414,0,124,4070,5705.29,17858132,14173571,0
2022-06-12,351,7242097,287,6330693,21,587431,877,3310310,773,375777,1660,3700074,0,124,2319,5662.71,17860451,14174240,0
2022-06-13,1028,7243125,769,6331462,63,587494,1578,3311888,2187,377964,3805,3703879,0,124,5666,5534.14,17866117,14176141,0
2022-06-14,971,7244096,832,6332294,64,587558,1693,3313581,2504,380468,4259,3708138,0,124,6126,5513.86,17872243,14178070,0
2022-06-15,969,7245065,865,6333159,39,587597,1666,3315247,2425,382893,4150,3712288,0,124,6023,5418,17878266,14180002,0
2022-06-16,961,7246026,775,6333934,59,587656,1834,3317081,2370,385263,4257,3716545,1,125,6052,5280.29,17884318,14181849,0
2022-06-17,898,7246924,797,6334731,48,587704,1774,3318855,2402,387665,4220,3720765,0,125,5964,5174.29,17890282,14183637,0
2022-06-18,658,7247582,521,6335252,26,587730,1280,3320135,1297,388962,2605,3723370,1,126,3810,5137.14,17894092,14184869,0
2022-06-19,346,7247928,234,6335486,16,587746,728,3320863,609,389571,1349,3724719,0,126,1945,5083.71,17896037,14185477,0
2022-06-20,832,7248760,487,6335973,41,587787,1577,3322440,1613,391184,3228,3727947,0,126,4588,4929.71,17900625,14186875,0
2022-06-21,1133,7249893,741,6336714,49,587836,1698,3324138,2143,393327,3898,3731845,0,126,5822,4886.29,17906447,14188856,0
2022-06-22,1960,7251853,833,6337547,46,587882,1709,3325847,1996,395323,3748,3735593,0,126,6587,4966.86,17913034,14191738,0
2022-06-23,2120,7253973,763,6338310,65,587947,1704,3327551,2152,397475,3908,3739501,0,126,6857,5081.86,17919891,14194739,0
2022-06-24,2172,7256145,761,6339071,48,587995,1623,3329174,2159,399634,3830,3743331,0,126,6811,5202.86,17926702,14197768,0
2022-06-25,2138,7258283,497,6339568,15,588010,1234,3330408,1143,400777,2390,3745721,0,126,5044,5379.14,17931746,14200435,0
2022-06-26,1208,7259491,248,6339816,14,588024,686,3331094,532,401309,1224,3746945,0,126,2694,5486.14,17934440,14201911,0
2022-06-27,1533,7261024,653,6340469,60,588084,1467,3332561,1655,402964,3163,3750108,0,126,5409,5603.43,17939849,14204198,0
2022-06-28,1690,7262714,829,6341298,57,588141,1861,3334422,2143,405107,4049,3754157,0,126,6625,5718.14,17946474,14206819,0
2022-06-29,1858,7264572,777,6342075,48,588189,1717,3336139,1924,407031,3682,3757839,0,126,6365,5686.43,17952839,14209543,0
2022-06-30,1868,7266440,807,6342882,46,588235,1733,3337872,2133,409164,3910,3761749,0,126,6631,5654.14,17959470,14212308,0
2022-07-01,1602,7268042,597,6343479,26,588261,1395,3339267,1729,410893,3157,3764906,0,126,5382,5450,17964852,14214566,0
2022-07-02,977,7269019,389,6343868,18,588279,836,3340103,940,411833,1794,3766700,0,126,3178,5183.43,17968030,14215968,0
2022-07-03,530,7269549,205,6344073,7,588286,460,3340563,486,412319,949,3767649,0,126,1691,5040.14,17969721,14216713,0
2022-07-04,36,7269585,25,6344098,1,588287,31,3340594,38,412357,69,3767718,0,126,131,4286.14,17969852,14216775,0
2022-07-05,1297,7270882,758,6344856,35,588322,1405,3341999,1738,414095,3174,3770892,0,126,5264,4091.71,17975116,14218896,0
2022-07-06,1612,7272494,679,6345535,44,588366,1443,3343442,1842,415937,3325,3774217,0,126,5660,3991,17980776,14221271,0
2022-07-07,1592,7274086,712,6346247,48,588414,1529,3344971,2000,417937,3568,3777785,0,126,5920,3889.43,17986696,14223662,0
2022-07-08,1633,7275719,650,6346897,37,588451,1473,3346444,1979,419916,3501,3781286,0,126,5823,3952.43,17992519,14226033,0
2022-07-09,983,7276702,433,6347330,26,588477,881,3347325,1347,421263,2259,3783545,0,126,3701,4027.14,17996220,14227506,0
2022-07-10,638,7277340,187,6347517,17,588494,430,3347755,659,421922,1099,3784644,0,126,1941,4062.86,17998161,14228358,0
2022-07-11,1396,7278736,634,6348151,49,588543,1441,3349196,2213,424135,3688,3788332,0,126,5767,4868,18003928,14230471,0
2022-07-12,1404,7280140,687,6348838,45,588588,1403,3350599,2512,426647,3989,3792321,0,126,6125,4991,18010053,14232681,0
2022-07-13,1618,7281758,726,6349564,37,588625,1522,3352121,2835,429482,4422,3796743,0,126,6803,5154.29,18016856,14235127,0
2022-07-14,1586,7283344,842,6350406,47,588672,1602,3353723,3059,432541,4736,3801479,0,126,7212,5338.86,18024068,14237678,0
2022-07-15,1614,7284958,939,6351345,47,588719,1571,3355294,3051,435592,4681,3806160,0,126,7281,5547.14,18031349,14240337,0
2022-07-16,883,7285841,584,6351929,9,588728,979,3356273,1698,437290,2707,3808867,1,127,4184,5616.14,18035533,14241843,0
2022-07-17,550,7286391,289,6352218,16,588744,527,3356800,1168,438458,1719,3810586,0,127,2574,5706.57,18038107,14242722,0
2022-07-18,1405,7287796,844,6353062,45,588789,1429,3358229,2468,440926,3953,3814539,0,127,6247,5775.14,18044354,14245072,0
2022-07-19,1441,7289237,975,6354037,51,588840,1537,3359766,2802,443728,4432,3818971,0,127,6899,5885.71,18051253,14247632,0
2022-07-20,1380,7290617,1485,6355522,50,588890,1352,3361118,2395,446123,3808,3822779,0,127,6724,5874.43,18057977,14250609,0
2022-07-21,1334,7291951,1436,6356958,50,588940,1394,3362512,2364,448487,3805,3826584,0,127,6625,5790.57,18064602,14253476,0
2022-07-22,1428,7293379,1567,6358525,41,588981,1564,3364076,2853,451340,4499,3831083,0,127,7535,5826.86,18072137,14256594,0
2022-07-23,903,7294282,1099,6359624,17,588998,994,3365070,1554,452894,2584,3833667,3,130,4606,5887.14,18076743,14258649,0
2022-07-24,483,7294765,642,6360266,14,589012,504,3365574,805,453699,1317,3834984,0,130,2457,5870.43,18079200,14259797,0
2022-07-25,1230,7295995,766,6361032,59,589071,1261,3366835,2062,455761,3378,3838362,0,130,5433,5754.14,18084633,14261907,0
2022-07-26,1233,7297228,1022,6362054,41,589112,1472,3368307,2442,458203,3973,3842335,0,130,6270,5664.29,18090903,14264263,0
2022-07-27,1319,7298547,1279,6363333,42,589154,1388,3369695,2189,460392,3639,3845974,2,132,6283,5601.29,18097186,14266967,0
2022-07-28,1311,7299858,1422,6364755,72,589226,1425,3371120,2217,462609,3692,3849666,1,133,6498,5583.14,18103684,14269822,0
2022-07-29,1319,7301177,1431,6366186,64,589290,1358,3372478,2157,464766,3559,3853225,0,133,6374,5417.29,18110058,14272681,0
2022-07-30,739,7301916,716,6366902,25,589315,792,3373270,961,465727,1773,3854998,0,133,3256,5224.43,18113314,14274184,0
2022-07-31,422,7302338,590,6367492,14,589329,488,3373758,571,466298,1065,3856063,0,133,2091,5172.14,18115405,14275216,0
2022-08-01,1242,7303580,913,6368405,55,589384,1329,3375087,1509,467807,2883,3858946,1,134,5094,5123.71,18120499,14277471,0
2022-08-02,1231,7304811,1014,6369419,73,589457,1346,3376433,1599,469406,2990,3861936,0,134,5308,4986.29,18125807,14279834,0
2022-08-03,1267,7306078,1190,6370609,41,589498,1341,3377774,1531,470937,2911,3864847,1,135,5410,4861.57,18131217,14282371,0
2022-08-04,1191,7307269,1188,6371797,57,589555,1287,3379061,1457,472394,2773,3867620,0,135,5209,4677.43,18136426,14284836,0
2022-08-05,1318,7308587,1450,6373247,49,589604,1313,3380374,1441,473835,2778,3870398,0,135,5595,4566.14,18142021,14287677,0
2022-08-06,695,7309282,843,6374090,14,589618,764,3381138,777,474612,1566,3871964,0,135,3119,4546.57,18145140,14289255,0
2022-08-07,390,7309672,457,6374547,14,589632,425,3381563,358,474970,794,3872758,0,135,1655,4484.29,18146795,14290127,0
2022-08-08,1196,7310868,932,6375479,70,589702,1276,3382839,1184,476154,2490,3875248,0,135,4688,4426.29,18151483,14292355,0
2022-08-09,1136,7312004,893,6376372,38,589740,1228,3384067,1160,477314,2420,3877668,0,135,4487,4309,18155970,14294454,0
2022-08-10,1221,7313225,1113,6377485,59,589799,1259,3385326,1247,478561,2541,3880209,0,135,4934,4241,18160904,14296882,0
2022-08-11,1281,7314506,1068,6378553,84,589883,1211,3386537,1279,479840,2528,3882737,0,135,4961,4205.57,18165865,14299353,0
2022-08-12,1300,7315806,1406,6379959,55,589938,1267,3387804,1248,481088,2547,3885284,0,135,5308,4164.57,18171173,14302146,0
2022-08-13,758,7316564,786,6380745,15,589953,762,3388566,631,481719,1412,3886696,0,135,2971,4143.43,18174144,14303724,0
2022-08-14,472,7317036,477,6381222,20,589973,405,3388971,281,482000,689,3887385,0,135,1658,4143.86,18175802,14304696,0
2022-08-15,1246,7318282,1063,6382285,60,590033,1315,3390286,990,482990,2346,3889731,1,136,4716,4147.86,18180518,14307106,0
2022-08-16,1310,7319592,868,6383153,50,590083,1366,3391652,1078,484068,2476,3892207,0,136,4705,4179,18185223,14309367,0
2022-08-17,1213,7320805,958,6384111,39,590122,1235,3392887,1005,485073,2279,3894486,1,137,4490,4115.57,18189713,14311616,0
2022-08-18,1169,7321974,945,6385056,45,590167,1267,3394154,948,486021,2240,3896726,0,137,4399,4035.29,18194112,14313800,0
2022-08-19,1256,7323230,1131,6386187,34,590201,1116,3395270,978,486999,2124,3898850,6,143,4551,3927.14,18198663,14316251,0
2022-08-20,591,7323821,493,6386680,16,590217,634,3395904,514,487513,1161,3900011,1,144,2262,3825.86,18200925,14317364,0
2022-08-21,358,7324179,243,6386923,9,590226,382,3396286,267,487780,652,3900663,0,144,1262,3769.29,18202187,14317977,0
2022-08-22,1221,7325400,923,6387846,40,590266,1233,3397519,888,488668,2149,3902812,0,144,4333,3714.57,18206520,14320189,0
2022-08-23,1242,7326642,1050,6388896,48,590314,1378,3398897,962,489630,2368,3905180,3,147,4711,3715.43,18211231,14322557,0
2022-08-24,1267,7327909,1016,6389912,29,590343,1295,3400192,821,490451,2142,3907322,0,147,4455,3710.43,18215686,14324896,0
2022-08-25,1222,7329131,993,6390905,66,590409,1186,3401378,813,491264,2015,3909337,4,151,4299,3696.14,18219985,14327192,0
2022-08-26,1189,7330320,1179,6392084,56,590465,1193,3402571,779,492043,1993,3911330,1,152,4417,3677,18224402,14329636,0
2022-08-27,696,7331016,541,6392625,14,590479,673,3403244,404,492447,1090,3912420,3,155,2344,3688.71,18226746,14330900,0
2022-08-28,381,7331397,237,6392862,10,590489,443,3403687,226,492673,673,3913093,0,155,1301,3694.29,18228047,14331532,0
2022-08-29,1258,7332655,980,6393842,41,590530,1220,3404907,688,493361,1929,3915022,0,155,4209,3676.57,18232256,14333833,0
2022-08-30,1268,7333923,941,6394783,36,590566,1269,3406176,767,494128,2067,3917089,2,157,4314,3619.86,18236570,14336109,0
2022-08-31,1155,7335078,1015,6395798,43,590609,1102,3407278,572,494700,1695,3918784,0,157,3909,3541.86,18240479,14338344,0
2022-09-01,1027,7336105,962,6396760,51,590660,809,3408087,456,495156,1279,3920063,5,162,3325,3402.71,18243804,14340399,0
2022-09-02,977,7337082,1021,6397781,32,590692,592,3408679,175,495331,774,3920837,92,254,2881,3183.29,18246685,14342421,0
2022-09-03,530,7337612,448,6398229,12,590704,368,3409047,50,495381,422,3921259,314,568,1677,3088,18248362,14343366,0
2022-09-04,252,7337864,212,6398441,10,590714,189,3409236,25,495406,216,3921475,312,880,959,3039.14,18249321,14343799,0
2022-09-05,78,7337942,71,6398512,7,590721,44,3409280,16,495422,61,3921536,9,889,226,2470.14,18249547,14343956,0
2022-09-06,1127,7339069,1227,6399739,51,590772,634,3409914,130,495552,773,3922309,1269,2158,4226,2457.57,18253773,14346149,0
2022-09-07,1477,7340546,1383,6401122,38,590810,482,3410396,155,495707,657,3922966,6445,8603,9116,3201.43,18262889,14348183,0
2022-09-08,1527,7342073,1198,6402320,36,590846,251,3410647,111,495818,378,3923344,7797,16400,9815,4128.57,18272704,14349839,0
2022-09-09,1555,7343628,1610,6403930,49,590895,281,3410928,122,495940,434,3923778,9883,26283,12365,5483.43,18285069,14351918,0
2022-09-10,846,7344474,836,6404766,12,590907,264,3411192,44,495984,322,3924100,5315,31598,6748,6207.86,18291817,14353043,0
2022-09-11,495,7344969,441,6405207,11,590918,86,3411278,30,496014,125,3924225,3942,35540,4530,6718,18296347,14353515,0
2022-09-12,1676,7346645,1440,6406647,39,590957,205,3411483,91,496105,330,3924555,11659,47199,13539,8619.86,18309886,14355099,0
2022-09-13,1401,7348046,1272,6407919,33,590990,219,3411702,114,496219,382,3924937,9732,56931,11731,9692,18321617,14356765,0
2022-09-14,1410,7349456,1272,6409191,31,591021,225,3411927,123,496342,387,3925324,11023,67954,13065,10256.14,18334682,14358459,0
2022-09-15,1567,7351023,1284,6410475,22,591043,225,3412152,112,496454,372,3925696,12084,80038,14106,10869.14,18348788,14360144,0
2022-09-16,1692,7352715,1634,6412109,27,591070,270,3412422,155,496609,480,3926176,13804,93842,16264,11426.14,18365052,14362179,0
2022-09-17,801,7353516,869,6412978,12,591082,272,3412694,77,496686,372,3926548,7000,100842,8411,11663.71,18373463,14363241,0
2022-09-18,522,7354038,413,6413391,7,591089,74,3412768,26,496712,113,3926661,4480,105322,4972,11726.86,18378435,14363633,0
2022-09-19,1560,7355598,1325,6414716,29,591118,226,3412994,96,496808,348,3927009,13810,119132,15512,12008.71,18393947,14365013,0
2022-09-20,1443,7357041,1253,6415969,27,591145,219,3413213,90,496898,357,3927366,13216,132348,15014,12477.71,18408961,14366502,0
2022-09-21,1670,7358711,1354,6417323,31,591176,261,3413474,131,497029,426,3927792,14931,147279,16838,13016.71,18425799,14368017,0
2022-09-22,1469,7360180,1263,6418586,28,591204,173,3413647,138,497167,359,3928151,13226,160505,15043,13150.57,18440842,14369523,0
2022-09-23,1747,7361927,1652,6420238,24,591228,252,3413899,143,497310,458,3928609,16929,177434,19231,13574.43,18460073,14371430,0
2022-09-24,802,7362729,888,6421126,8,591236,267,3414166,67,497377,353,3928962,7489,184923,8841,13635.86,18468914,14372448,0
2022-09-25,485,7363214,395,6421521,1,591237,72,3414238,47,497424,128,3929090,4508,189431,4994,13639,18473908,14372815,0
2022-09-26,1577,7364791,1251,6422772,16,591253,284,3414522,144,497568,485,3929575,15012,204443,16708,13809.86,18490616,14374083,0
2022-09-27,1540,7366331,1307,6424079,26,591279,281,3414803,166,497734,483,3930058,14156,218599,16137,13970.29,18506753,14375617,0
2022-09-28,1618,7367949,1303,6425382,18,591297,189,3414992,184,497918,427,3930485,15497,234096,17271,14032.14,18524024,14377018,0
2022-09-29,1682,7369631,1301,6426683,19,591316,176,3415168,101,498019,313,3930798,15368,249464,17222,14343.43,18541246,14378595,0
2022-09-30,1645,7371276,1557,6428240,13,591329,181,3415349,174,498193,401,3931199,16484,265948,18648,14260.14,18559894,14380404,0
2022-10-01,720,7371996,669,6428909,5,591334,132,3415481,35,498228,176,3931375,7044,272992,7935,14130.71,18567829,14381128,0
2022-10-02,513,7372509,428,6429337,5,591339,48,3415529,45,498273,107,3931482,4429,277421,4838,14108.43,18572667,14381444,0
2022-10-03,1557,7374066,1189,6430526,23,591362,155,3415684,114,498387,315,3931797,14566,291987,15969,14002.86,18588636,14382578,0
2022-10-04,1383,7375449,1156,6431682,15,591377,150,3415834,120,498507,298,3932095,13401,305388,14798,13811.57,18603434,14383705,0
2022-10-05,1595,7377044,1287,6432969,17,591394,280,3416114,164,498671,497,3932592,14864,320252,16688,13728.29,18620122,14385085,0
2022-10-06,1495,7378539,1249,6434218,19,591413,166,3416280,161,498832,385,3932977,14955,335207,16623,13642.71,18636745,14386426,0
2022-10-07,1665,7380204,1428,6435646,15,591428,170,3416450,134,498966,365,3933342,17104,352311,19065,13702.29,18655810,14388083,0
2022-10-08,764,7380968,681,6436327,4,591432,144,3416594,62,499028,223,3933565,7699,360010,8629,13801.43,18664439,14388807,0
2022-10-09,492,7381460,410,6436737,5,591437,47,3416641,54,499082,119,3933684,4693,364703,5117,13841.29,18669556,14389130,0
2022-10-10,1550,7383010,1248,6437985,14,591451,175,3416816,115,499197,329,3934013,15196,379899,16491,13915.86,18686047,14390135,0
2022-10-11,1645,7384655,1104,6439089,19,591470,178,3416994,151,499348,385,3934398,14306,394205,15838,14064.43,18701885,14391338,0
2022-10-12,1864,7386519,1323,6440412,17,591487,134,3417128,182,499530,383,3934781,16263,410468,17860,14231.86,18719745,14392619,0
2022-10-13,1621,7388140,1150,6441562,28,591515,134,3417262,199,499729,404,3935185,14019,424487,15550,14078.57,18735295,14393817,0
2022-10-14,1819,7389959,1542,6443104,25,591540,130,3417392,179,499908,362,3935547,17194,441681,19179,14094.86,18754474,14395493,0
2022-10-15,771,7390730,638,6443742,9,591549,90,3417482,68,499976,179,3935726,7601,449282,8458,14070.43,18762932,14396192,0
2022-10-16,565,7391295,411,6444153,3,591552,25,3417507,65,500041,121,3935847,4727,454009,5170,14078,18768102,14396545,0
2022-10-17,1819,7393114,1254,6445407,18,591570,82,3417589,117,500158,236,3936083,16067,470076,17386,14205.86,18785488,14397665,0
2022-10-18,1692,7394806,1171,6446578,20,591590,101,3417690,141,500299,289,3936372,14626,484702,16012,14230.71,18801500,14398809,0
2022-10-19,2097,7396903,1328,6447906,21,591611,84,3417774,142,500441,289,3936661,16223,500925,17696,14207.29,18819196,14400056,0
2022-10-20,1696,7398599,1167,6449073,10,591621,88,3417862,152,500593,308,3936969,15388,516313,16842,14391.86,18836038,14401270,0
2022-10-21,1812,7400411,1346,6450419,11,591632,93,3417955,150,500743,299,3937268,16731,533044,18395,14279.86,18854433,14402691,0
2022-10-22,747,7401158,668,6451087,9,591641,44,3417999,46,500789,100,3937368,7676,540720,8407,14272.57,18862840,14403332,0
2022-10-23,522,7401680,369,6451456,3,591644,21,3418020,39,500828,69,3937437,4805,545525,5082,14260,18867922,14403549,0
2022-10-24,1747,7403427,1212,6452668,19,591663,71,3418091,112,500940,224,3937661,15543,561068,16830,14180.57,18884752,14404653,0
2022-10-25,1665,7405092,1186,6453854,12,591675,94,3418185,111,501051,234,3937895,15022,576090,16329,14225.86,18901081,14405755,0
2022-10-26,1859,7406951,1328,6455182,11,591686,90,3418275,171,501222,339,3938234,16801,592891,18276,14308.71,18919357,14406969,0
2022-10-27,1588,7408539,1074,6456256,13,591699,96,3418371,138,501360,289,3938523,15065,607956,16391,14244.29,18935748,14408061,0
2022-10-28,1706,7410245,1421,6457677,17,591716,107,3418478,153,501513,318,3938841,16749,624705,18563,14268.29,18954311,14409615,0
2022-10-29,697,7410942,544,6458221,9,591725,69,3418547,58,501571,141,3938982,7732,632437,8409,14268.57,18962720,14410165,0
2022-10-30,523,7411465,305,6458526,3,591728,19,3418566,57,501628,92,3939074,4490,636927,4778,14225.14,18967498,14410377,0
2022-10-31,1677,7413142,1110,6459636,8,591736,47,3418613,127,501755,218,3939292,14569,651496,15517,14037.57,18983015,14411151,0
2022-11-01,1669,7414811,1024,6460660,18,591754,78,3418691,129,501884,238,3939530,13605,665101,14922,13836.57,18997937,14412261,0
2022-11-02,1742,7416553,1127,6461787,17,591771,89,3418780,122,502006,253,3939783,14868,679969,16140,13531.43,19014077,14413322,0
2022-11-03,1422,7417975,1036,6462823,14,591785,84,3418864,165,502171,326,3940109,12613,692582,13887,13173.71,19027964,14414347,0
2022-11-04,1744,7419719,1222,6464045,14,591799,101,3418965,141,502312,275,3940384,15427,708009,17032,12955,19044996,14415710,0
2022-11-05,826,7420545,533,6464578,6,591805,67,3419032,80,502392,161,3940545,7029,715038,7752,12861.14,19052748,14416286,0
2022-11-06,408,7420953,330,6464908,4,591809,20,3419052,49,502441,106,3940651,4070,719108,4413,12809,19057161,14416560,0
2022-11-07,1638,7422591,1067,6465975,14,591823,75,3419127,99,502540,210,3940861,13211,732319,14370,12645.14,19071531,14417545,0
2022-11-08,1536,7424127,1012,6466987,7,591830,97,3419224,131,502671,269,3941130,12059,744378,13323,12416.71,19084854,14418581,0
2022-11-09,1570,7425697,1059,6468046,9,591839,85,3419309,113,502784,245,3941375,12181,756559,13443,12031.43,19098297,14419645,0
2022-11-10,1485,7427182,1011,6469057,14,591853,73,3419382,147,502931,277,3941652,12272,768831,13556,11984.14,19111853,14420709,0
2022-11-11,1507,7428689,1080,6470137,11,591864,98,3419480,101,503032,220,3941872,12831,781662,14263,11588.57,19126116,14421942,0
2022-11-12,673,7429362,516,6470653,2,591866,57,3419537,61,503093,128,3942000,6430,788092,7053,11488.71,19133169,14422447,0
2022-11-13,496,7429858,343,6470996,4,591870,15,3419552,68,503161,98,3942098,3894,791986,4212,11460,19137381,14422682,0
2022-11-14,1446,7431304,1026,6472022,19,591889,59,3419611,114,503275,204,3942302,11624,803610,12738,11226.86,19150119,14423623,0
2022-11-15,1490,7432794,1005,6473027,15,591904,103,3419714,165,503440,293,3942595,11277,814887,12656,11131.57,19162775,14424734,0
2022-11-16,1610,7434404,1035,6474062,21,591925,67,3419781,145,503585,247,3942842,11570,826457,12815,11041.86,19175590,14425767,0
2022-11-17,1400,7435804,972,6475034,10,591935,65,3419846,166,503751,272,3943114,10520,836977,11794,10790.14,19187384,14426810,0
2022-11-18,1571,7437375,1097,6476131,12,591947,68,3419914,118,503869,217,3943331,12331,849308,13923,10741.57,19201307,14428216,0
2022-11-19,679,7438054,439,6476570,4,591951,57,3419971,60,503929,126,3943457,5901,855209,6567,10672.14,19207874,14428765,0
2022-11-20,474,7438528,309,6476879,4,591955,12,3419983,35,503964,65,3943522,3540,858749,3839,10618.86,19211713,14429017,0
2022-11-21,1521,7440049,919,6477798,4,591959,51,3420034,81,504045,149,3943671,10400,869149,11374,10424,19223087,14429859,0
2022-11-22,1270,7441319,818,6478616,7,591966,53,3420087,88,504133,157,3943828,9260,878409,10274,10083.71,19233361,14430732,0
2022-11-23,1292,7442611,734,6479350,11,591977,64,3420151,75,504208,165,3943993,8678,887087,9610,9625.86,19242971,14431525,0
2022-11-24,18,7442629,10,6479360,2,591979,0,3420151,6,504214,8,3944001,112,887199,137,7960.57,19243108,14431544,0
2022-11-25,680,7443309,474,6479834,13,591992,36,3420187,54,504268,110,3944111,5683,892882,6414,6887.86,19249522,14432185,0
2022-11-26,590,7443899,379,6480213,2,591994,15,3420202,42,504310,62,3944173,4894,897776,5332,6711.43,19254854,14432566,0
2022-11-27,399,7444298,219,6480432,1,591995,10,3420212,23,504333,48,3944221,3172,900948,3360,6643,19258214,14432721,0
2022-11-28,952,7445250,699,6481131,10,592005,57,3420269,63,504396,140,3944361,6961,907909,7923,6150,19266137,14433563,0
2022-11-29,927,7446177,708,6481839,8,592013,45,3420314,73,504469,144,3944505,6942,914851,7977,5821.86,19274114,14434480,0
2022-11-30,1214,7447391,868,6482707,16,592029,49,3420363,53,504522,123,3944628,8729,923580,9735,5839.71,19283849,14435384,0
2022-12-01,1130,7448521,768,6483475,11,592040,60,3420423,95,504617,182,3944810,8485,932065,9549,7184.29,19293398,14436293,0
2022-12-02,1318,7449839,971,6484446,14,592054,70,3420493,103,504720,194,3945004,10230,942295,11556,7918.86,19304954,14437446,0
2022-12-03,611,7450450,421,6484867,12,592066,42,3420535,41,504761,86,3945090,4939,947234,5464,7937.71,19310418,14437888,0
2022-12-04,418,7450868,281,6485148,4,592070,7,3420542,26,504787,40,3945130,3278,950512,3502,7958,19313920,14438079,0
2022-12-05,1161,7452029,769,6485917,15,592085,57,3420599,70,504857,143,3945273,8608,959120,9609,8198.86,19323529,14438953,0
2022-12-06,1174,7453203,765,6486682,13,592098,63,3420662,87,504944,169,3945442,8154,967274,9146,8365.86,19332675,14439795,0
2022-12-07,1215,7454418,753,6487435,12,592110,63,3420725,80,505024,166,3945608,8318,975592,9342,8309.71,19342017,14440676,0
2022-12-08,1108,7455526,742,6488177,14,592124,67,3420792,76,505100,165,3945773,8697,984289,9725,8334.86,19351742,14441561,0
2022-12-09,1249,7456775,972,6489149,13,592137,81,3420873,102,505202,209,3945982,10428,994717,11795,8369,19363537,14442745,0
2022-12-10,681,7457456,461,6489610,7,592144,38,3420911,75,505277,131,3946113,6144,1000861,6723,8548.86,19370260,14443211,0
2022-12-11,431,7457887,262,6489872,4,592148,11,3420922,35,505312,56,3946169,3686,1004547,3888,8604,19374148,14443367,0
2022-12-12,1337,7459224,803,6490675,19,592167,78,3421000,105,505417,208,3946377,9991,1014538,11037,8808,19385185,14444230,0
2022-12-13,1268,7460492,842,6491517,17,592184,50,3421050,98,505515,177,3946554,9733,1024271,10764,9039.14,19395949,14445113,0
2022-12-14,1196,7461688,829,6492346,12,592196,67,3421117,99,505614,193,3946747,9648,1033919,10626,9222.57,19406575,14445925,0
2022-12-15,1196,7462884,697,6493043,10,592206,57,3421174,108,505722,181,3946928,8453,1042372,9414,9178.14,19415989,14446721,0
2022-12-16,1202,7464086,804,6493847,12,592218,67,3421241,124,505846,214,3947142,9376,1051748,10546,8999.71,19426535,14447700,0
2022-12-17,657,7464743,461,6494308,8,592226,29,3421270,35,505881,78,3947220,5805,1057553,6278,8936.14,19432813,14448109,0
2022-12-18,454,7465197,235,6494543,2,592228,14,3421284,23,505904,47,3947267,3462,1061015,3667,8904.57,19436480,14448277,0
2022-12-19,1215,7466412,780,6495323,7,592235,50,3421334,80,505984,144,3947411,8926,1069941,9833,8732.57,19446313,14449054,0
2022-12-20,1215,7467627,760,6496083,18,592253,82,3421416,138,506122,277,3947688,8585,1078526,9716,8582.86,19456029,14449965,0
2022-12-21,1096,7468723,693,6496776,16,592269,49,3421465,93,506215,172,3947860,8284,1086810,9152,8372.29,19465181,14450691,0
2022-12-22,996,7469719,586,6497362,4,592273,42,3421507,72,506287,132,3947992,6926,1093736,7654,8120.86,19472835,14451305,0
2022-12-23,832,7470551,508,6497870,11,592284,40,3421547,57,506344,110,3948102,5885,1099621,6488,7541.14,19479323,14451811,0
2022-12-24,191,7470742,112,6497982,1,592285,2,3421549,15,506359,20,3948122,1380,1101001,1501,6858.71,19480824,14451915,0
2022-12-25,5,7470747,3,6497985,0,592285,0,3421549,0,506359,0,3948122,29,1101030,32,6339.43,19480856,14451918,0
2022-12-26,571,7471318,268,6498253,16,592301,14,3421563,22,506381,41,3948163,3295,1104325,3600,5449,19484456,14452187,0
2022-12-27,1087,7472405,606,6498859,13,592314,55,3421618,58,506439,123,3948286,7220,1111545,8018,5206.43,19492474,14452872,0
2022-12-28,1064,7473469,563,6499422,8,592322,53,3421671,62,506501,125,3948411,6986,1118531,7771,5009.14,19500245,14453542,0
2022-12-29,1015,7474484,584,6500006,9,592331,47,3421718,87,506588,158,3948569,6585,1125116,7407,4973.86,19507652,14454230,0
2022-12-30,954,7475438,537,6500543,9,592340,47,3421765,47,506635,104,3948673,6125,1131241,6844,5024.71,19514496,14454855,0
2022-12-31,306,7475744,167,6500710,4,592344,16,3421781,10,506645,29,3948702,1808,1133049,1986,5094,19516482,14455007,0
2023-01-01,15,7475759,9,6500719,0,592344,1,3421782,5,506650,6,3948708,54,1133103,76,5100.29,19516558,14455023,0
2023-01-02,654,7476413,327,6501046,10,592354,14,3421796,23,506673,43,3948751,3662,1136765,4007,5158.43,19520565,14455331,0
2023-01-03,966,7477379,588,6501634,9,592363,41,3421837,55,506728,110,3948861,5465,1142230,6245,4905.14,19526810,14456015,0
2023-01-04,1091,7478470,672,6502306,17,592380,50,3421887,60,506788,129,3948990,6104,1148334,6968,4790.43,19533778,14456769,0
2023-01-05,1010,7479480,586,6502892,23,592403,34,3421921,87,506875,141,3949131,5736,1154070,6659,4683.57,19540437,14457571,0
2023-01-06,1052,7480532,776,6503668,17,592420,49,3421970,81,506956,142,3949273,6487,1160557,7533,4782,19547970,14458487,0
2023-01-07,605,7481137,431,6504099,8,592428,18,3421988,34,506990,58,3949331,4434,1164991,4895,5197.57,19552865,14458896,0
2023-01-08,379,7481516,245,6504344,4,592432,12,3422000,29,507019,48,3949379,2561,1167552,2773,5582.86,19555638,14459067,0
2023-01-09,951,7482467,563,6504907,17,592449,50,3422050,39,507058,99,3949478,5611,1173163,6432,5929.29,19562070,14459799,0
2023-01-10,844,7483311,638,6505545,8,592457,47,3422097,65,507123,125,3949603,5301,1178464,6165,5917.86,19568235,14460551,0
2023-01-11,863,7484174,548,6506093,21,592478,45,3422142,53,507176,118,3949721,5169,1183633,5946,5771.86,19574181,14461230,0
2023-01-12,744,7484918,488,6506581,24,592502,46,3422188,79,507255,142,3949863,4508,1188141,5355,5585.57,19579536,14461952,0
2023-01-13,805,7485723,556,6507137,11,592513,66,3422254,56,507311,139,3950002,5348,1193489,6235,5400.14,19585771,14462717,0
2023-01-14,507,7486230,280,6507417,10,592523,25,3422279,30,507341,57,3950059,3217,1196706,3616,5217.43,19589387,14463061,0
2023-01-15,286,7486516,149,6507566,6,592529,15,3422294,22,507363,52,3950111,1787,1198493,1988,5105.29,19591375,14463225,0
2023-01-16,505,7487021,300,6507866,11,592540,31,3422325,25,507388,63,3950174,2753,1201246,3188,4641.86,19594563,14463604,0
2023-01-17,798,7487819,473,6508339,19,592559,48,3422373,74,507462,135,3950309,3808,1205054,4668,4428,19599231,14464342,0
2023-01-18,802,7488621,475,6508814,16,592575,47,3422420,61,507523,115,3950424,3737,1208791,4541,4227.29,19603772,14465038,0
2023-01-19,658,7489279,429,6509243,6,592581,48,3422468,32,507555,99,3950523,3156,1211947,3896,4018.86,19607668,14465698,0
2023-01-20,678,7489957,463,6509706,23,592604,38,3422506,38,507593,83,3950606,3603,1215550,4363,3751.43,19612031,14466382,0
2023-01-21,366,7490323,192,6509898,12,592616,16,3422522,12,507605,29,3950635,1868,1217418,2166,3544.29,19614197,14466652,0
2023-01-22,221,7490544,63,6509961,5,592621,0,3422522,2,507607,3,3950638,865,1218283,965,3398.14,19615162,14466750,0
2023-01-23,638,7491182,332,6510293,12,592633,14,3422536,45,507652,67,3950705,2718,1221001,3377,3425.14,19618539,14467350,0
2023-01-24,574,7491756,388,6510681,16,592649,34,3422570,33,507685,80,3950785,3016,1224017,3659,3281,19622198,14467926,0
2023-01-25,594,7492350,351,6511032,20,592669,31,3422601,36,507721,80,3950865,2669,1226686,3323,3107,19625521,14468513,0
2023-01-26,556,7492906,349,6511381,18,592687,33,3422634,50,507771,100,3950965,2672,1229358,3327,3025.71,19628848,14469085,0
2023-01-27,561,7493467,435,6511816,11,592698,34,3422668,45,507816,87,3951052,2795,1232153,3526,2906.14,19632374,14469737,0
2023-01-28,357,7493824,181,6511997,5,592703,21,3422689,38,507854,67,3951119,1537,1233690,1875,2864.57,19634249,14470016,0
2023-01-29,227,7494051,117,6512114,2,592705,10,3422699,10,507864,24,3951143,966,1234656,1114,2885.86,19635363,14470144,0
2023-01-30,597,7494648,388,6512502,18,592723,37,3422736,35,507899,75,3951218,2469,1237125,3178,2857.43,19638541,14470781,0
2023-01-31,500,7495148,350,6512852,11,592734,28,3422764,47,507946,87,3951305,2411,1239536,3024,2766.71,19641565,14471319,0
2023-02-01,471,7495619,328,6513180,15,592749,39,3422803,42,507988,89,3951394,2284,1241820,2907,2707.29,19644472,14471861,0
2023-02-02,459,7496078,339,6513519,13,592762,34,3422837,34,508022,78,3951472,2120,1243940,2732,2622.29,19647204,14472405,0
2023-02-03,531,7496609,390,6513909,12,592774,25,3422862,31,508053,63,3951535,2334,1246274,3013,2549,19650217,14473028,0
2023-02-04,237,7496846,153,6514062,8,592782,13,3422875,14,508067,28,3951563,1138,1247412,1390,2479.71,19651607,14473253,0
2023-02-05,202,7497048,95,6514157,0,592782,2,3422877,14,508081,18,3951581,850,1248262,966,2458.57,19652573,14473353,0
2023-02-06,581,7497629,309,6514466,9,592791,26,3422903,27,508108,62,3951643,2242,1250504,2804,2405.14,19655377,14473862,0
2023-02-07,467,7498096,360,6514826,4,592795,24,3422927,30,508138,61,3951704,2283,1252787,2856,2381.14,19658233,14474381,0
2023-02-08,447,7498543,318,6515144,3,592798,27,3422954,29,508167,61,3951765,2282,1255069,2831,2370.29,19661064,14474874,0
2023-02-09,456,7498999,341,6515485,3,592801,34,3422988,36,508203,80,3951845,2025,1257094,2636,2356.57,19663700,14475415,0
2023-02-10,483,7499482,386,6515871,2,592803,29,3423017,33,508236,86,3951931,2216,1259310,2888,2338.71,19666588,14476025,120000
2023-02-11,290,7499772,192,6516063,7,592810,21,3423038,23,508259,47,3951978,1310,1260620,1624,2372.14,19668212,14476295,120000
2023-02-12,178,7499950,80,6516143,0,592810,5,3423043,0,508259,9,3951987,700,1261320,805,2349.14,19669017,14476395,120000
2023-02-13,435,7500385,288,6516431,3,592813,18,3423061,24,508283,48,3952035,1727,1263047,2264,2272,19671281,14476890,120000
2023-02-14,409,7500794,260,6516691,4,592817,21,3423082,20,508303,46,3952081,1631,1264678,2146,2170.57,19673427,14477364,120000
2023-02-15,374,7501168,275,6516966,9,592826,23,3423105,26,508329,62,3952143,1643,1266321,2130,2070.43,19675557,14477802,120000
2023-02-16,141,7501309,98,6517064,0,592826,16,3423121,11,508340,33,3952176,725,1267046,941,1828.29,19676498,14477991,120000
