"DATE","ADMIN_DOSE1_DAILY","ADMIN_DOSE1_CUMULATIVE","ADMIN_DOSE2_DAILY","ADMIN_DOSE2_CUMULATIVE","ADMIN_SINGLE_DAILY","ADMIN_SINGLE_CUMULATIVE","ADMIN_ADDITIONAL1_DAILY","ADMIN_ADDITIONAL1_CUMULATIVE","ADMIN_ADDITIONAL2_DAILY","ADMIN_ADDITIONAL2_CUMULATIVE","ADMIN_ADDITIONAL_DAILY","ADMIN_ADDITIONAL_CUMULATIVE","ADMIN_ALLDOSES_DAILY","ADMIN_ALLDOSES_7DAYAVG","ADMIN_ALLDOSES_CUMULATIVE","INCOMPLETE"
"2020-12-14",79,79,0,0,0,0,0,0,0,0,0,0,79,,79,0
"2020-12-15",2051,2130,6,6,4,4,0,0,0,0,0,0,2061,,2140,0
"2020-12-16",4606,6736,14,20,1,5,1,1,0,0,1,1,4622,,6762,0
"2020-12-17",4657,11393,18,38,0,5,1,2,0,0,1,2,4676,,11438,0
"2020-12-18",5832,17225,18,56,2,7,2,4,0,0,2,4,5854,,17292,0
"2020-12-19",1689,18914,7,63,3,10,0,4,0,0,0,4,1699,,18991,0
"2020-12-20",1116,20030,2,65,1,11,0,4,0,0,0,4,1119,2872.86,20110,0
"2020-12-21",6341,26371,19,84,0,11,5,9,0,0,5,9,6365,3770.86,26475,0
"2020-12-22",9795,36166,26,110,2,13,1,10,0,0,1,10,9824,4879.86,36299,0
"2020-12-23",14273,50439,35,145,3,16,1,11,0,0,1,11,14312,6264.14,50611,0
"2020-12-24",7198,57637,25,170,1,17,0,11,0,0,0,11,7224,6628.14,57835,0
"2020-12-25",180,57817,0,170,0,17,1,12,0,0,1,12,181,5817.71,58016,0
"2020-12-26",4389,62206,44,214,0,17,1,13,0,0,1,13,4434,6208.43,62450,0
"2020-12-27",3870,66076,14,228,0,17,1,14,0,0,1,14,3885,6603.57,66335,0
"2020-12-28",10993,77069,49,277,1,18,2,16,0,0,2,16,11045,7272.14,77380,0
"2020-12-29",10718,87787,34,311,2,20,2,18,0,0,2,18,10756,7405.29,88136,0
"2020-12-30",12826,100613,44,355,0,20,0,18,0,0,0,18,12870,7199.29,101006,0
"2020-12-31",7262,107875,34,389,1,21,0,18,0,0,0,18,7297,7209.71,108303,0
"2021-01-01",181,108056,2,391,1,22,3,21,0,0,3,21,187,7210.57,108490,0
"2021-01-02",3809,111865,10,401,2,24,2,23,0,0,2,23,3823,7123.29,112313,0
"2021-01-03",3540,115405,24,425,2,26,1,24,0,0,1,24,3567,7077.86,115880,0
"2021-01-04",12255,127660,807,1232,2,28,6,30,0,0,6,30,13070,7367.14,128950,0
"2021-01-05",14090,141750,2191,3423,2,30,12,42,1,1,13,43,16296,8158.57,145246,0
"2021-01-06",17801,159551,3925,7348,1,31,29,71,7,8,36,79,21763,9429,167009,0
"2021-01-07",16551,176102,5171,12519,4,35,45,116,3,11,48,127,21774,11497.14,188783,0
"2021-01-08",16621,192723,5454,17973,0,35,34,150,4,15,38,165,22113,14629.43,210896,0
"2021-01-09",7652,200375,1462,19435,1,36,7,157,2,17,9,174,9124,15386.71,220020,0
"2021-01-10",7880,208255,984,20419,0,36,10,167,0,17,10,184,8874,16144.86,228894,0
"2021-01-11",25825,234080,7455,27874,2,38,48,215,8,25,56,240,33338,19040.29,262232,0
"2021-01-12",28260,262340,7859,35733,1,39,44,259,2,27,46,286,36166,21878.86,298398,0
"2021-01-13",31721,294061,9389,45122,1,40,56,315,4,31,60,346,41171,24651.43,339569,0
"2021-01-14",35814,329875,5318,50440,1,41,30,345,7,38,37,383,41170,27422.29,380739,0
"2021-01-15",29265,359140,3703,54143,2,43,32,377,5,43,37,420,33007,28978.57,413746,0
"2021-01-16",30293,389433,2376,56519,0,43,25,402,5,48,30,450,32699,32346.43,446445,0
"2021-01-17",23749,413182,1628,58147,0,43,19,421,1,49,20,470,25397,34706.86,471842,0
"2021-01-18",27108,440290,2409,60556,1,44,34,455,7,56,41,511,29559,34167,501401,0
"2021-01-19",34293,474583,9628,70184,1,45,69,524,6,62,75,586,43997,35285.71,545398,0
"2021-01-20",34870,509453,9493,79677,1,46,59,583,4,66,63,649,44427,35750.86,589825,0
"2021-01-21",25593,535046,8093,87770,2,48,48,631,5,71,53,702,33741,34689.57,623566,0
"2021-01-22",24756,559802,4381,92151,1,49,32,663,7,78,39,741,29177,34142.43,652743,0
"2021-01-23",15743,575545,3224,95375,0,49,9,672,2,80,11,752,18978,32182.29,671721,0
"2021-01-24",7178,582723,3453,98828,0,49,19,691,1,81,20,772,10651,30075.71,682372,0
"2021-01-25",13412,596135,11819,110647,0,49,66,757,12,93,78,850,25309,29468.57,707681,0
"2021-01-26",16766,612901,10752,121399,0,49,67,824,2,95,69,919,27587,27124.29,735268,0
"2021-01-27",20836,633737,12356,133755,0,49,51,875,8,103,59,978,33251,25527.71,768519,0
"2021-01-28",30764,664501,12848,146603,0,49,83,958,16,119,99,1077,43711,26952,812230,0
"2021-01-29",31694,696195,11506,158109,0,49,77,1035,10,129,87,1164,43287,28967.71,855517,0
"2021-01-30",18708,714903,3742,161851,0,49,20,1055,2,131,22,1186,22472,29466.86,877989,0
"2021-01-31",13020,727923,2920,164771,1,50,29,1084,4,135,33,1219,15974,30227.29,893963,0
"2021-02-01",1180,729103,5369,170140,4,54,35,1119,4,139,39,1258,6592,27553.43,900555,0
"2021-02-02",2829,731932,9474,179614,2,56,47,1166,4,143,51,1309,12356,25377.57,912911,0
"2021-02-03",16347,748279,21246,200860,4,60,203,1369,19,162,222,1531,37819,26030.14,950730,0
"2021-02-04",27048,775327,19648,220508,3,63,200,1569,10,172,210,1741,46909,26487,997639,0
"2021-02-05",27597,802924,20037,240545,0,63,178,1747,15,187,193,1934,47827,27135.57,1045466,0
"2021-02-06",22992,825916,11246,251791,0,63,110,1857,12,199,122,2056,34360,28833.86,1079826,0
"2021-02-07",12043,837959,8281,260072,1,64,91,1948,14,213,105,2161,20430,29470.43,1100256,0
"2021-02-08",16963,854922,23517,283589,2,66,230,2178,34,247,264,2425,40746,34349.57,1141002,0
"2021-02-09",17190,872112,28111,311700,2,68,334,2512,41,288,375,2800,45678,39109.86,1186680,0
"2021-02-10",19592,891704,29310,341010,2,70,257,2769,49,337,306,3106,49210,40737.14,1235890,0
"2021-02-11",27847,919551,33472,374482,2,72,340,3109,57,394,397,3503,61718,42852.71,1297608,0
"2021-02-12",38392,957943,30799,405281,3,75,352,3461,38,432,390,3893,69584,45960.86,1367192,0
"2021-02-13",28009,985952,25313,430594,2,77,306,3767,51,483,357,4250,53681,48721,1420873,0
"2021-02-14",16281,1002233,23735,454329,0,77,260,4027,31,514,291,4541,40307,51560.57,1461180,0
"2021-02-15",12796,1015029,10528,464857,2,79,170,4197,23,537,193,4734,23519,49099.57,1484699,0
"2021-02-16",14241,1029270,26732,491589,0,79,321,4518,35,572,356,5090,41329,48478.29,1526028,0
"2021-02-17",16393,1045663,22196,513785,1,80,282,4800,37,609,319,5409,38909,47006.71,1564937,0
"2021-02-18",12152,1057815,24993,538778,21,101,287,5087,43,652,330,5739,37496,43546.43,1602433,0
"2021-02-19",13262,1071077,23936,562714,39,140,303,5390,44,696,347,6086,37584,38975,1640017,0
"2021-02-20",11352,1082429,26076,588790,6,146,326,5716,78,774,404,6490,37838,36711.71,1677855,0
"2021-02-21",6360,1088789,17423,606213,15,161,283,5999,44,818,327,6817,24125,34400,1701980,0
"2021-02-22",13043,1101832,11848,618061,2,163,125,6124,19,837,144,6961,25037,34616.86,1727017,0
"2021-02-23",25247,1127079,14146,632207,1,164,158,6282,34,871,192,7153,39586,34367.86,1766603,0
"2021-02-24",36362,1163441,20392,652599,0,164,226,6508,37,908,263,7416,57017,36954.71,1823620,0
"2021-02-25",54616,1218057,30395,682994,6,170,393,6901,64,972,457,7873,85474,43808.71,1909094,0
"2021-02-26",62870,1280927,31872,714866,4,174,409,7310,77,1049,486,8359,95232,52044.14,2004326,0
"2021-02-27",51301,1332228,22748,737614,47,221,333,7643,52,1101,385,8744,74481,57278.86,2078807,0
"2021-02-28",44593,1376821,13823,751437,7,228,203,7846,34,1135,237,8981,58660,62212.43,2137467,0
"2021-03-01",39320,1416141,12778,764215,10,238,165,8011,25,1160,190,9171,52298,66106.86,2189765,0
"2021-03-02",47082,1463223,12579,776794,7,245,159,8170,14,1174,173,9344,59841,69000.43,2249606,0
"2021-03-03",48606,1511829,16156,792950,17,262,145,8315,20,1194,165,9509,64944,70132.86,2314550,0
"2021-03-04",59819,1571648,22824,815774,1092,1354,270,8585,34,1228,304,9813,84039,69927.86,2398589,0
"2021-03-05",60989,1632637,24282,840056,3109,4463,332,8917,33,1261,365,10178,88745,69001.14,2487334,0
"2021-03-06",47176,1679813,18885,858941,5451,9914,237,9154,36,1297,273,10451,71785,68616,2559119,0
"2021-03-07",36044,1715857,14881,873822,6246,16160,228,9382,20,1317,248,10699,57419,68438.71,2616538,0
"2021-03-08",39629,1755486,14678,888500,8563,24723,314,9696,91,1408,405,11104,63275,70006.86,2679813,0
"2021-03-09",39108,1794594,12856,901356,7764,32487,178,9874,33,1441,211,11315,59939,70020.86,2739752,0
"2021-03-10",51833,1846427,15350,916706,5066,37553,226,10100,31,1472,257,11572,72506,71101.14,2812258,0
"2021-03-11",59990,1906417,21818,938524,4619,42172,248,10348,49,1521,297,11869,86724,71484.71,2898982,0
"2021-03-12",52206,1958623,30309,968833,4183,46355,373,10721,83,1604,456,12325,87154,71257.43,2986136,0
"2021-03-13",40653,1999276,26682,995515,5110,51465,325,11046,51,1655,376,12701,72821,71405.43,3058957,0
"2021-03-14",30719,2029995,15968,1011483,4525,55990,242,11288,27,1682,269,12970,51481,70557.14,3110438,0
"2021-03-15",33590,2063585,17256,1028739,4712,60702,233,11521,33,1715,266,13236,55824,69492.71,3166262,0
"2021-03-16",38677,2102262,20509,1049248,4925,65627,256,11777,35,1750,291,13527,64402,70130.29,3230664,0
"2021-03-17",42619,2144881,24798,1074046,4247,69874,338,12115,36,1786,374,13901,72038,70063.43,3302702,0
"2021-03-18",50453,2195334,26804,1100850,5238,75112,366,12481,60,1846,426,14327,82921,69520.14,3385623,0
"2021-03-19",47794,2243128,29960,1130810,5624,80736,390,12871,70,1916,460,14787,83838,69046.43,3469461,0
"2021-03-20",38713,2281841,25838,1156648,4686,85422,297,13168,59,1975,356,15143,69593,68585.29,3539054,0
"2021-03-21",29301,2311142,19358,1176006,769,86191,222,13390,44,2019,266,15409,49694,68330,3588748,0
"2021-03-22",33869,2345011,26741,1202747,4037,90228,261,13651,37,2056,298,15707,64945,69633,3653693,0
"2021-03-23",38435,2383446,32844,1235591,4219,94447,293,13944,55,2111,348,16055,75846,71267.86,3729539,0
"2021-03-24",41497,2424943,37607,1273198,4848,99295,326,14270,62,2173,388,16443,84340,73025.29,3813879,0
"2021-03-25",43414,2468357,50793,1323991,5055,104350,470,14740,86,2259,556,16999,99818,75439.14,3913697,0
"2021-03-26",38505,2506862,55513,1379504,4310,108660,524,15264,96,2355,620,17619,98948,77597.71,4012645,0
"2021-03-27",35738,2542600,45758,1425262,2938,111598,414,15678,82,2437,496,18115,84930,79788.71,4097575,0
"2021-03-28",26392,2568992,34461,1459723,1482,113080,331,16009,64,2501,395,18510,62730,81651,4160305,0
"2021-03-29",34818,2603810,38867,1498590,3246,116326,343,16352,110,2611,453,18963,77384,83428,4237689,0
"2021-03-30",40511,2644321,41927,1540517,3714,120040,337,16689,65,2676,402,19365,86554,84957.71,4324243,0
"2021-03-31",49398,2693719,44871,1585388,7442,127482,396,17085,87,2763,483,19848,102194,87508.29,4426437,0
"2021-04-01",50785,2744504,53949,1639337,11275,138757,498,17583,81,2844,579,20427,116588,89904,4543025,0
"2021-04-02",43761,2788265,53891,1693228,11972,150729,543,18126,72,2916,615,21042,110239,91517,4653264,0
"2021-04-03",39255,2827520,39217,1732445,9860,160589,333,18459,58,2974,391,21433,88723,92058.86,4741987,0
"2021-04-04",26560,2854080,24783,1757228,3902,164491,223,18682,49,3023,272,21705,55517,91028.43,4797504,0
"2021-04-05",41891,2895971,34486,1791714,11195,175686,370,19052,60,3083,430,22135,88002,92545.29,4885506,0
"2021-04-06",53272,2949243,35617,1827331,13220,188906,426,19478,72,3155,498,22633,102607,94838.57,4988113,0
"2021-04-07",55513,3004756,40700,1868031,14391,203297,393,19871,76,3231,469,23102,111073,96107,5099186,0
"2021-04-08",59269,3064025,46592,1914623,16343,219640,518,20389,80,3311,598,23700,122802,96994.71,5221988,0
"2021-04-09",56648,3120673,44961,1959584,17556,237196,516,20905,77,3388,593,24293,119758,98354.57,5341746,0
"2021-04-10",49348,3170021,35648,1995232,12728,249924,387,21292,60,3448,447,24740,98171,99704.29,5439917,0
"2021-04-11",38184,3208205,28819,2024051,7682,257606,294,21586,56,3504,350,25090,75035,102492.57,5514952,0
"2021-04-12",46639,3254844,31849,2055900,13500,271106,465,22051,63,3567,528,25618,92516,103137.43,5607468,0
"2021-04-13",52545,3307389,33792,2089692,368,271474,394,22445,61,3628,455,26073,87160,100930.71,5694628,0
"2021-04-14",50149,3357538,39959,2129651,20,271494,367,22812,70,3698,437,26510,90565,98001,5785193,0
"2021-04-15",52126,3409664,43683,2173334,16,271510,451,23263,103,3801,554,27064,96379,94226.29,5881572,0
"2021-04-16",51188,3460852,42215,2215549,32,271542,423,23686,67,3868,490,27554,93925,90535.86,5975497,0
"2021-04-17",43840,3504692,35693,2251242,3,271545,364,24050,82,3950,446,28000,79982,87937.43,6055479,0
"2021-04-18",28608,3533300,29372,2280614,7,271552,251,24301,61,4011,312,28312,58299,85546.57,6113778,0
"2021-04-19",37475,3570775,36449,2317063,22,271574,322,24623,62,4073,384,28696,74330,82948.57,6188108,0
"2021-04-20",40810,3611585,39626,2356689,19,271593,315,24938,77,4150,392,29088,80847,82046.71,6268955,0
"2021-04-21",38904,3650489,46015,2402704,16,271609,493,25431,95,4245,588,29676,85523,81326.43,6354478,0
"2021-04-22",38493,3688982,48966,2451670,9,271618,336,25767,73,4318,409,30085,87877,80111.86,6442355,0
"2021-04-23",39699,3728681,44383,2496053,4,271622,346,26113,70,4388,416,30501,84502,78765.71,6526857,0
"2021-04-24",31951,3760632,41604,2537657,44,271666,276,26389,59,4447,335,30836,73934,77901.71,6600791,0
"2021-04-25",18423,3779055,31228,2568885,86,271752,194,26583,54,4501,248,31084,49985,76714,6650776,0
"2021-04-26",26972,3806027,40740,2609625,1013,272765,280,26863,84,4585,364,31448,69089,75965.29,6719865,0
"2021-04-27",28579,3834606,47143,2656768,1697,274462,346,27209,92,4677,438,31886,77857,75538.14,6797722,0
"2021-04-28",27037,3861643,56845,2713613,2147,276609,428,27637,98,4775,526,32412,86555,75685.57,6884277,0
"2021-04-29",28613,3890256,57204,2770817,2148,278757,363,28000,100,4875,463,32875,88428,75764.29,6972705,0
"2021-04-30",30122,3920378,51992,2822809,2054,280811,281,28281,72,4947,353,33228,84521,75767,7057226,0
"2021-05-01",22479,3942857,44544,2867353,1177,281988,231,28512,63,5010,294,33522,68494,74989.86,7125720,0
"2021-05-02",11925,3954782,36656,2904009,1081,283069,138,28650,55,5065,193,33715,49855,74971.29,7175575,0
"2021-05-03",18027,3972809,53030,2957039,2383,285452,254,28904,89,5154,343,34058,73783,75641.86,7249358,0
"2021-05-04",22738,3995547,56648,3013687,2330,287782,267,29171,113,5267,380,34438,82096,76247.43,7331454,0
"2021-05-05",21480,4017027,48799,3062486,2313,290095,311,29482,98,5365,409,34847,73001,74311.14,7404455,0
"2021-05-06",20682,4037709,50184,3112670,2508,292603,268,29750,83,5448,351,35198,73725,72210.71,7478180,0
"2021-05-07",21256,4058965,52096,3164766,2813,295416,307,30057,72,5520,379,35577,76544,71071.14,7554724,0
"2021-05-08",16633,4075598,41866,3206632,1835,297251,229,30286,69,5589,298,35875,60632,69948,7615356,0
"2021-05-09",7975,4083573,29410,3236042,1260,298511,151,30437,56,5645,207,36082,38852,68376.14,7654208,0
"2021-05-10",14389,4097962,38540,3274582,2355,300866,233,30670,89,5734,322,36404,55606,65779.43,7709814,0
"2021-05-11",19913,4117875,43063,3317645,2514,303380,280,30950,83,5817,363,36767,65853,63459,7775667,0
"2021-05-12",17813,4135688,40541,3358186,3595,306975,232,31182,77,5894,309,37076,62258,61924.29,7837925,0
"2021-05-13",24976,4160664,40428,3398614,3230,310205,262,31444,74,5968,336,37412,68970,61245,7906895,0
"2021-05-14",27037,4187701,42914,3441528,3536,313741,276,31720,93,6061,369,37781,73856,60861,7980751,0
"2021-05-15",23652,4211353,34913,3476441,3365,317106,252,31972,75,6136,327,38108,62257,61093.14,8043008,0
"2021-05-16",15528,4226881,19446,3495887,2496,319602,124,32096,45,6181,169,38277,37639,60919.86,8080647,0
"2021-05-17",22674,4249555,29142,3525029,3256,322858,177,32273,67,6248,244,38521,55316,60878.43,8135963,0
"2021-05-18",24639,4274194,31914,3556943,3404,326262,236,32509,70,6318,306,38827,60263,60079.86,8196226,0
"2021-05-19",24194,4298388,29720,3586663,3039,329301,221,32730,46,6364,267,39094,57220,59360.14,8253446,0
"2021-05-20",24154,4322542,30088,3616751,3162,332463,269,32999,100,6464,369,39463,57773,57760.57,8311219,0
"2021-05-21",24681,4347223,32005,3648756,3060,335523,250,33249,60,6524,310,39773,60056,55789.14,8371275,0
"2021-05-22",20021,4367244,24361,3673117,2525,338048,164,33413,48,6572,212,39985,47119,53626.57,8418394,0
"2021-05-23",11234,4378478,13733,3686850,1411,339459,93,33506,32,6604,125,40110,26503,52035.71,8444897,0
"2021-05-24",18880,4397358,23157,3710007,2756,342215,213,33719,53,6657,266,40376,45059,50570.43,8489956,0
"2021-05-25",19432,4416790,23382,3733389,2601,344816,177,33896,69,6726,246,40622,45661,48484.43,8535617,0
"2021-05-26",18785,4435575,21090,3754479,2696,347512,200,34096,52,6778,252,40874,42823,46427.71,8578440,0
"2021-05-27",18474,4454049,21276,3775755,2529,350041,189,34285,64,6842,253,41127,42532,44250.43,8620972,0
"2021-05-28",17864,4471913,22889,3798644,2751,352792,185,34470,53,6895,238,41365,43742,41919.86,8664714,0
"2021-05-29",12710,4484623,17808,3816452,1755,354547,106,34576,39,6934,145,41510,32418,39819.71,8697132,0
"2021-05-30",7032,4491655,8949,3825401,1074,355621,47,34623,17,6951,64,41574,17119,38479.14,8714251,0
"2021-05-31",4743,4496398,6924,3832325,1012,356633,64,34687,17,6968,81,41655,12760,33865,8727011,0
"2021-06-01",16047,4512445,25198,3857523,2176,358809,152,34839,40,7008,192,41847,43613,33572.43,8770624,0
"2021-06-02",15354,4527799,20389,3877912,2094,360903,139,34978,47,7055,186,42033,38023,32886.71,8808647,0
"2021-06-03",15008,4542807,23820,3901732,2281,363184,128,35106,44,7099,172,42205,41281,32708,8849928,0
"2021-06-04",14724,4557531,25998,3927730,2492,365676,145,35251,39,7138,184,42389,43398,32658.86,8893326,0
"2021-06-05",10994,4568525,22089,3949819,1806,367482,115,35366,30,7168,145,42534,35034,33032.57,8928360,0
"2021-06-06",6445,4574970,14484,3964303,1222,368704,87,35453,13,7181,100,42634,22251,33765.71,8950611,0
"2021-06-07",11704,4586674,21784,3986087,2378,371082,139,35592,35,7216,174,42808,36040,37091.43,8986651,0
"2021-06-08",12638,4599312,24024,4010111,2072,373154,119,35711,46,7262,165,42973,38899,36418,9025550,0
"2021-06-09",11138,4610450,23027,4033138,2299,375453,135,35846,39,7301,174,43147,36638,36220.14,9062188,0
"2021-06-10",12067,4622517,22235,4055373,2462,377915,141,35987,57,7358,198,43345,36962,35603.14,9099150,0
"2021-06-11",12711,4635228,25120,4080493,2484,380399,156,36143,59,7417,215,43560,40530,35193.43,9139680,0
"2021-06-12",10166,4645394,19312,4099805,1888,382287,94,36237,40,7457,134,43694,31500,34688.57,9171180,0
"2021-06-13",4257,4649651,10936,4110741,1219,383506,42,36279,21,7478,63,43757,16475,33863.43,9187655,0
"2021-06-14",10209,4659860,19240,4129981,2043,385549,127,36406,51,7529,178,43935,31670,33239.14,9219325,0
"2021-06-15",11886,4671746,21014,4150995,1943,387492,131,36537,41,7570,172,44107,35015,32684.29,9254340,0
"2021-06-16",11588,4683334,19411,4170406,1957,389449,140,36677,68,7638,208,44315,33164,32188,9287504,0
"2021-06-17",11025,4694359,18764,4189170,1972,391421,121,36798,34,7672,155,44470,31916,31467.14,9319420,0
"2021-06-18",12166,4706525,18502,4207672,2116,393537,113,36911,36,7708,149,44619,32933,30381.86,9352353,0
"2021-06-19",8498,4715023,13518,4221190,1459,394996,83,36994,21,7729,104,44723,23579,29250.29,9375932,0
"2021-06-20",4336,4719359,7158,4228348,924,395920,36,37030,17,7746,53,44776,12471,28678.29,9388403,0
"2021-06-21",10163,4729522,10009,4238357,1807,397727,68,37098,28,7774,96,44872,22075,27307.57,9410478,0
"2021-06-22",9836,4739358,15641,4253998,1589,399316,105,37203,27,7801,132,45004,27198,26190.86,9437676,0
"2021-06-23",10313,4749671,15187,4269185,1863,401179,102,37305,29,7830,131,45135,27494,25380.86,9465170,0
"2021-06-24",9688,4759359,14697,4283882,1799,402978,119,37424,26,7856,145,45280,26329,24582.71,9491499,0
"2021-06-25",10591,4769950,14385,4298267,1721,404699,111,37535,37,7893,148,45428,26845,23713,9518344,0
"2021-06-26",7803,4777753,10464,4308731,1251,405950,74,37609,24,7917,98,45526,19616,23146.86,9537960,0
"2021-06-27",5001,4782754,6001,4314732,795,406745,33,37642,14,7931,47,45573,11844,23057.29,9549804,0
"2021-06-28",9037,4791791,10344,4325076,1526,408271,107,37749,26,7957,133,45706,21040,22909.43,9570844,0
"2021-06-29",9745,4801536,12321,4337397,1347,409618,122,37871,29,7986,151,45857,23564,22390.29,9594408,0
"2021-06-30",9435,4810971,10928,4348325,1486,411104,147,38018,16,8002,163,46020,22012,21607.14,9616420,0
"2021-07-01",9398,4820369,10929,4359254,1433,412537,125,38143,24,8026,149,46169,21909,20975.71,9638329,0
"2021-07-02",9694,4830063,11451,4370705,1541,414078,120,38263,23,8049,143,46312,22829,20402,9661158,0
"2021-07-03",7057,4837120,8423,4379128,1193,415271,75,38338,17,8066,92,46404,16765,19994.71,9677923,0
"2021-07-04",1288,4838408,1336,4380464,567,415838,8,38346,3,8069,11,46415,3202,18760.14,9681125,0
"2021-07-05",6496,4844904,7106,4387570,1208,417046,64,38410,20,8089,84,46499,14894,17882.14,9696019,0
"2021-07-06",9512,4854416,12852,4400422,1316,418362,114,38524,35,8124,149,46648,23829,17920,9719848,0
"2021-07-07",8670,4863086,11108,4411530,1419,419781,121,38645,19,8143,140,46788,21337,17823.57,9741185,0
"2021-07-08",8209,4871295,10192,4421722,1260,421041,107,38752,21,8164,128,46916,19789,17520.71,9760974,0
"2021-07-09",8375,4879670,10833,4432555,1278,422319,90,38842,17,8181,107,47023,20593,17201.29,9781567,0
"2021-07-10",7106,4886776,8630,4441185,1132,423451,62,38904,20,8201,82,47105,16950,17227.71,9798517,0
"2021-07-11",4105,4890881,4539,4445724,703,424154,34,38938,6,8207,40,47145,9387,18111.29,9807904,0
"2021-07-12",8451,4899332,9556,4455280,1251,425405,82,39020,22,8229,104,47249,19362,18749.57,9827266,0
"2021-07-13",9461,4908793,9392,4464672,952,426357,105,39125,33,8262,138,47387,19943,18194.43,9847209,0
"2021-07-14",9000,4917793,9531,4474203,1011,427368,105,39230,20,8282,125,47512,19667,17955.86,9866876,0
"2021-07-15",8790,4926583,9155,4483358,1054,428422,81,39311,17,8299,98,47610,19097,17857,9885973,0
"2021-07-16",9243,4935826,9760,4493118,980,429402,102,39413,31,8330,133,47743,20116,17788.86,9906089,0
"2021-07-17",6842,4942668,7387,4500505,803,430205,80,39493,19,8349,99,47842,15131,17529,9921220,0
"2021-07-18",4257,4946925,4282,4504787,576,430781,36,39529,14,8363,50,47892,9165,17497.29,9930385,0
"2021-07-19",9121,4956046,8479,4513266,999,431780,90,39619,20,8383,110,48002,18709,17404,9949094,0
"2021-07-20",10649,4966695,8759,4522025,991,432771,94,39713,24,8407,118,48120,20517,17486,9969611,0
"2021-07-21",10051,4976746,8763,4530788,903,433674,146,39859,31,8438,177,48297,19894,17518.43,9989505,0
"2021-07-22",10689,4987435,8586,4539374,1046,434720,143,40002,26,8464,169,48466,20490,17717.43,10009995,0
"2021-07-23",11252,4998687,8882,4548256,1114,435834,137,40139,22,8486,159,48625,21407,17901.86,10031402,0
"2021-07-24",7405,5006092,6737,4554993,670,436504,81,40220,22,8508,103,48728,14915,17871,10046317,0
"2021-07-25",5477,5011569,2126,4557119,509,437013,59,40279,4,8512,63,48791,8175,17729.57,10054492,0
"2021-07-26",10873,5022442,7003,4564122,859,437872,109,40388,17,8529,126,48917,18861,17751.29,10073353,0
"2021-07-27",12056,5034498,8567,4572689,857,438729,133,40521,34,8563,167,49084,21647,17912.71,10095000,0
"2021-07-28",11992,5046490,8050,4580739,950,439679,131,40652,24,8587,155,49239,21147,18091.71,10116147,0
"2021-07-29",10935,5057425,7429,4588168,984,440663,133,40785,39,8626,172,49411,19520,17953.14,10135667,0
"2021-07-30",14954,5072379,8013,4596181,1150,441813,181,40966,28,8654,209,49620,24326,18370.14,10159993,0
"2021-07-31",9725,5082104,6317,4602498,816,442629,119,41085,20,8674,139,49759,16997,18667.57,10176990,0
"2021-08-01",6504,5088608,3308,4605806,564,443193,81,41166,19,8693,100,49859,10476,18996.29,10187466,0
"2021-08-02",13451,5102059,7153,4612959,847,444040,144,41310,18,8711,162,50021,21613,19389.43,10209079,0
"2021-08-03",15413,5117472,8386,4621345,1109,445149,144,41454,33,8744,177,50198,25085,19880.57,10234164,0
"2021-08-04",17262,5134734,8124,4629469,1454,446603,180,41634,31,8775,211,50409,27051,20724,10261215,0
"2021-08-05",17867,5152601,7928,4637397,1366,447969,160,41794,17,8792,177,50586,27338,21840.86,10288553,0
"2021-08-06",18177,5170778,8412,4645809,1233,449202,163,41957,30,8822,193,50779,28015,22367.86,10316568,0
"2021-08-07",13387,5184165,6015,4651824,799,450001,100,42057,26,8848,126,50905,20327,22843.57,10336895,0
"2021-08-08",9309,5193474,3835,4655659,399,450400,83,42140,8,8856,91,50996,13634,23294.71,10350529,0
"2021-08-09",21340,5214814,8528,4664187,964,451364,168,42308,34,8890,202,51198,31034,24640.57,10381563,0
"2021-08-10",18922,5233736,9328,4673515,947,452311,176,42484,33,8923,209,51407,29406,25257.86,10410969,0
"2021-08-11",15652,5249388,8306,4681821,853,453164,127,42611,40,8963,167,51574,24978,24961.71,10435947,0
"2021-08-12",15044,5264432,8979,4690800,940,454104,169,42780,33,8996,202,51776,25165,24651.29,10461112,0
"2021-08-13",14925,5279357,9292,4700092,920,455024,239,43019,36,9032,275,52051,25412,24279.43,10486524,0
"2021-08-14",10407,5289764,6407,4706499,625,455649,529,43548,40,9072,569,52620,18008,23948.14,10504532,0
"2021-08-15",6694,5296458,4477,4710976,676,456325,567,44115,31,9103,598,53218,12445,23778.29,10516977,0
"2021-08-16",15723,5312181,9299,4720275,1150,457475,1319,45434,63,9166,1382,54600,27554,23281.14,10544531,0
"2021-08-17",17776,5329957,10435,4730710,1224,458699,1764,47198,80,9246,1844,56444,31279,23548.71,10575810,0
"2021-08-18",17508,5347465,10361,4741071,1261,459960,1985,49183,92,9338,2077,58521,31207,24438.57,10607017,0
"2021-08-19",16300,5363765,9521,4750592,1315,461275,1950,51133,64,9402,2014,60535,29150,25007.86,10636167,0
"2021-08-20",16282,5380047,11534,4762126,1254,462529,1857,52990,82,9484,1939,62474,31009,25807.43,10667176,0
"2021-08-21",11150,5391197,8039,4770165,878,463407,1057,54047,53,9537,1110,63584,21177,26260.14,10688353,0
"2021-08-22",4081,5395278,3901,4774066,262,463669,514,54561,32,9569,546,64130,8790,25738,10697143,0
"2021-08-23",15584,5410862,11797,4785863,1023,464692,1547,56108,72,9641,1619,65749,30023,26090.71,10727166,0
"2021-08-24",16917,5427779,12594,4798457,1006,465698,1771,57879,73,9714,1844,67593,32361,26245.29,10759527,0
"2021-08-25",14586,5442365,12442,4810899,1110,466808,1564,59443,76,9790,1640,69233,29778,26041.14,10789305,0
"2021-08-26",16167,5458532,14083,4824982,1072,467880,1767,61210,67,9857,1834,71067,33156,26613.43,10822461,0
"2021-08-27",14881,5473413,14825,4839807,971,468851,1667,62877,72,9929,1739,72806,32416,26814.43,10854877,0
"2021-08-28",10683,5484096,11522,4851329,836,469687,1012,63889,42,9971,1054,73860,24095,27231.29,10878972,0
"2021-08-29",7220,5491316,7494,4858823,541,470228,777,64666,54,10025,831,74691,16086,28273.57,10895058,0
"2021-08-30",15523,5506839,16926,4875749,1077,471305,1793,66459,82,10107,1875,76566,35401,29041.86,10930459,0
"2021-08-31",15523,5522362,15953,4891702,951,472256,1968,68427,84,10191,2052,78618,34479,29344.43,10964938,0
"2021-09-01",14834,5537196,14097,4905799,1020,473276,1808,70235,60,10251,1868,80486,31819,29636,10996757,0
"2021-09-02",14333,5551529,12518,4918317,896,474172,1703,71938,59,10310,1762,82248,29509,29115,11026266,0
"2021-09-03",15019,5566548,14302,4932619,974,475146,1894,73832,69,10379,1963,84211,32258,29092.43,11058524,0
"2021-09-04",9648,5576196,9406,4942025,688,475834,974,74806,33,10412,1007,85218,20749,28614.43,11079273,0
"2021-09-05",6804,5583000,5515,4947540,438,476272,709,75515,13,10425,722,85940,13479,28242,11092752,0
"2021-09-06",5196,5588196,4513,4952053,358,476630,270,75785,11,10436,281,86221,10348,24663,11103100,0
"2021-09-07",15578,5603774,17696,4969749,912,477542,1553,77338,87,10523,1640,87861,35826,24855.43,11138926,0
"2021-09-08",16166,5619940,14825,4984574,1072,478614,1768,79106,77,10600,1845,89706,33908,25153.86,11172834,0
"2021-09-09",16115,5636055,14750,4999324,1047,479661,1912,81018,71,10671,1983,91689,33895,25780.43,11206729,0
"2021-09-10",18375,5654430,15394,5014718,1208,480869,1970,82988,79,10750,2049,93738,37026,26461.57,11243755,0
"2021-09-11",12638,5667068,10347,5025065,958,481827,1026,84014,46,10796,1072,94810,25015,27071,11268770,0
"2021-09-12",8539,5675607,5050,5030115,766,482593,689,84703,29,10825,718,95528,15073,27298.71,11283843,0
"2021-09-13",16934,5692541,12958,5043073,976,483569,1651,86354,53,10878,1704,97232,32572,30473.57,11316415,0
"2021-09-14",16271,5708812,13677,5056750,886,484455,1593,87947,51,10929,1644,98876,32478,29995.29,11348893,0
"2021-09-15",15546,5724358,12878,5069628,727,485182,1567,89514,79,11008,1646,100522,30797,29550.86,11379690,0
"2021-09-16",15342,5739700,13908,5083536,1210,486392,1457,90971,63,11071,1520,102042,31980,29277.29,11411670,0
"2021-09-17",14438,5754138,13963,5097499,922,487314,1826,92797,54,11125,1880,103922,31203,28445.43,11442873,0
"2021-09-18",10003,5764141,10176,5107675,913,488227,1046,93843,40,11165,1086,105008,22178,28040.14,11465051,0
"2021-09-19",6179,5770320,6072,5113747,558,488785,746,94589,28,11193,774,105782,13583,27827.29,11478634,0
"2021-09-20",12675,5782995,12629,5126376,1067,489852,1920,96509,55,11248,1975,107757,28346,27223.57,11506980,0
"2021-09-21",12236,5795231,12768,5139144,1109,490961,2022,98531,76,11324,2098,109855,28211,26614,11535191,0
"2021-09-22",12822,5808053,12006,5151150,1089,492050,1682,100213,66,11390,1748,111603,27665,26166.57,11562856,0
"2021-09-23",14943,5822996,12758,5163908,1639,493689,2265,102478,72,11462,2337,113940,31677,26123.29,11594533,0
"2021-09-24",16450,5839446,13366,5177274,1633,495322,4625,107103,110,11572,4735,118675,36184,26834.86,11630717,0
"2021-09-25",10543,5849989,9024,5186298,1018,496340,3461,110564,76,11648,3537,122212,24122,27112.57,11654839,0
"2021-09-26",6304,5856293,5762,5192060,773,497113,2422,112986,55,11703,2477,124689,15316,27360.14,11670155,0
"2021-09-27",14162,5870455,8053,5200113,1155,498268,9059,122045,156,11859,9215,133904,32585,27965.71,11702740,0
"2021-09-28",11148,5881603,11779,5211892,902,499170,9910,131955,172,12031,10082,143986,33911,28780,11736651,0
"2021-09-29",11608,5893211,12196,5224088,1206,500376,9446,141401,160,12191,9606,153592,34616,29773,11771267,0
"2021-09-30",12240,5905451,12604,5236692,1338,501714,9745,151146,171,12362,9916,163508,36098,30404.57,11807365,0
"2021-10-01",12649,5918100,13430,5250122,1284,502998,10264,161410,144,12506,10408,173916,37771,30631.29,11845136,0
"2021-10-02",7735,5925835,9975,5260097,865,503863,4238,165648,74,12580,4312,178228,22887,30454.86,11868023,0
"2021-10-03",5078,5930913,6156,5266253,593,504456,2611,168259,54,12634,2665,180893,14492,30337.14,11882515,0
"2021-10-04",9909,5940822,11024,5277277,913,505369,9521,177780,139,12773,9660,190553,31506,30183,11914021,0
"2021-10-05",10165,5950987,11737,5289014,972,506341,9931,187711,172,12945,10103,200656,32977,30049.57,11946998,0
"2021-10-06",9916,5960903,11057,5300071,937,507278,9927,197638,152,13097,10079,210735,31989,29674.29,11978987,0
"2021-10-07",9666,5970569,12196,5312267,853,508131,10188,207826,165,13262,10353,221088,33068,29241.43,12012055,0
"2021-10-08",9462,5980031,12175,5324442,942,509073,10903,218729,159,13421,11062,232150,33641,28651.43,12045696,0
"2021-10-09",6259,5986290,8277,5332719,649,509722,4119,222848,86,13507,4205,236355,19390,28151.86,12065086,0
"2021-10-10",3543,5989833,5029,5337748,458,510180,2433,225281,40,13547,2473,238828,11503,27724.86,12076589,0
"2021-10-11",7624,5997457,9332,5347080,728,510908,8885,234166,153,13700,9038,247866,26722,27041.43,12103311,0
"2021-10-12",8078,6005535,10998,5358078,891,511799,10510,244676,177,13877,10687,258553,30654,26709.57,12133965,0
"2021-10-13",7155,6012690,10145,5368223,869,512668,8799,253475,175,14052,8974,267527,27143,26017.29,12161108,0
"2021-10-14",7445,6020135,11113,5379336,836,513504,10115,263590,158,14210,10273,277800,29667,25531.43,12190775,0
"2021-10-15",7728,6027863,11863,5391199,823,514327,10808,274398,164,14374,10972,288772,31386,25209.29,12222161,0
"2021-10-16",4866,6032729,7467,5398666,666,514993,3843,278241,65,14439,3908,292680,16907,24854.57,12239068,0
"2021-10-17",3061,6035790,4473,5403139,411,515404,2451,280692,40,14479,2491,295171,10436,24702.14,12249504,0
"2021-10-18",7055,6042845,10666,5413805,796,516200,9476,290168,165,14644,9641,304812,28158,24907.29,12277662,0
"2021-10-19",6577,6049422,8946,5422751,804,517004,9085,299253,165,14809,9250,314062,25577,24182,12303239,0
"2021-10-20",6538,6055960,9376,5432127,974,517978,9982,309235,170,14979,10152,324214,27040,24167.29,12330279,0
"2021-10-21",7032,6062992,9379,5441506,858,518836,10841,320076,147,15126,10988,335202,28257,23965.86,12358536,0
"2021-10-22",8130,6071122,10343,5451849,1026,519862,16341,336417,208,15334,16549,351751,36048,24631.86,12394584,0
"2021-10-23",5172,6076294,6458,5458307,690,520552,9119,345536,111,15445,9230,360981,21550,25295.14,12416134,0
"2021-10-24",3275,6079569,3972,5462279,770,521322,6151,351687,72,15517,6223,367204,14240,25838.57,12430374,0
"2021-10-25",8775,6088344,8739,5471018,1149,522471,19251,370938,283,15800,19534,386738,38197,27272.71,12468571,0
"2021-10-26",8205,6096549,7722,5478740,1258,523729,17286,388224,256,16056,17542,404280,34727,28579.86,12503298,0
"2021-10-27",10568,6107117,8394,5487134,1603,525332,20853,409077,301,16357,21154,425434,41719,30676.86,12545017,0
"2021-10-28",11332,6118449,8039,5495173,1793,527125,20837,429914,310,16667,21147,446581,42311,32684.57,12587328,0
"2021-10-29",11839,6130288,8240,5503413,1963,529088,22532,452446,313,16980,22845,469426,44887,33947.29,12632215,0
"2021-10-30",4631,6134919,5059,5508472,932,530020,11164,463610,157,17137,11321,480747,21943,34003.43,12654158,0
"2021-10-31",2665,6137584,2702,5511174,544,530564,6637,470247,95,17232,6732,487479,12643,33775.29,12666801,0
"2021-11-01",7140,6144724,6955,5518129,1089,531653,20381,490628,310,17542,20691,508170,35875,33443.57,12702676,0
"2021-11-02",6587,6151311,6592,5524721,1054,532707,20774,511402,262,17804,21036,529206,35269,33521,12737945,0
"2021-11-03",6854,6158165,6681,5531402,1026,533733,20629,532031,289,18093,20918,550124,35479,32629.57,12773424,0
"2021-11-04",9316,6167481,6278,5537680,995,534728,22355,554386,337,18430,22692,572816,39281,32196.71,12812705,0
"2021-11-05",11061,6178542,6724,5544404,1051,535779,23759,578145,337,18767,24096,596912,42932,31917.43,12855637,0
"2021-11-06",11132,6189674,4051,5548455,594,536373,12590,590735,160,18927,12750,609662,28527,32858,12884164,0
"2021-11-07",7256,6196930,2287,5550742,577,536950,7105,597840,89,19016,7194,616856,17314,33525.29,12901478,0
"2021-11-08",15057,6211987,5678,5556420,865,537815,19506,617346,267,19283,19773,636629,41373,34310.71,12942851,0
"2021-11-09",16156,6228143,5390,5561810,661,538476,20509,637855,259,19542,20768,657397,42975,35411.57,12985826,0
"2021-11-10",16937,6245080,5323,5567133,683,539159,22641,660496,280,19822,22921,680318,45864,36895.14,13031690,0
"2021-11-11",12580,6257660,5188,5572321,760,539919,22080,682576,276,20098,22356,702674,40884,37124.14,13072574,0
"2021-11-12",16893,6274553,5688,5578009,706,540625,23393,705969,349,20447,23742,726416,47029,37709.43,13119603,0
"2021-11-13",9947,6284500,3664,5581673,464,541089,13321,719290,172,20619,13493,739909,27568,37572.43,13147171,0
"2021-11-14",6020,6290520,2293,5583966,325,541414,7925,727215,73,20692,7998,747907,16636,37475.57,13163807,0
"2021-11-15",13226,6303746,5975,5589941,690,542104,25104,752319,340,21032,25444,773351,45335,38041.57,13209142,0
"2021-11-16",9974,6313720,5781,5595722,656,542760,30668,782987,402,21434,31070,804421,47481,38685.29,13256623,0
"2021-11-17",10315,6324035,6676,5602398,681,543441,31412,814399,397,21831,31809,836230,49481,39202,13306104,0
"2021-11-18",10744,6334779,6545,5608943,858,544299,33003,847402,430,22261,33433,869663,51580,40730,13357684,0
"2021-11-19",12034,6346813,6554,5615497,715,545014,36237,883639,438,22699,36675,906338,55978,42008.43,13413662,0
"2021-11-20",9336,6356149,3419,5618916,513,545527,22513,906152,242,22941,22755,929093,36023,43216.29,13449685,0
"2021-11-21",4959,6361108,1887,5620803,288,545815,13200,919352,141,23082,13341,942434,20475,43764.71,13470160,0
"2021-11-22",10454,6371562,5791,5626594,751,546566,35913,955265,424,23506,36337,978771,53333,44907.29,13523493,0
"2021-11-23",9809,6381371,4781,5631375,636,547202,33513,988778,355,23861,33868,1012639,49094,45137.71,13572587,0
"2021-11-24",8715,6390086,4753,5636128,651,547853,25914,1014692,268,24129,26182,1038821,40301,43826.29,13612888,0
"2021-11-25",449,6390535,325,5636453,80,547933,1003,1015695,9,24138,1012,1039833,1866,36724.29,13614754,0
"2021-11-26",8067,6398602,6987,5643440,530,548463,26584,1042279,280,24418,26864,1066697,42448,34791.43,13657202,0
"2021-11-27",6690,6405292,6834,5650274,371,548834,18836,1061115,213,24631,19049,1085746,32944,34351.57,13690146,0
"2021-11-28",4083,6409375,5785,5656059,282,549116,11879,1072994,113,24744,11992,1097738,22142,34589.71,13712288,0
"2021-11-29",9107,6418482,10986,5667045,687,549803,35020,1108014,411,25155,35431,1133169,56211,35000.86,13768499,0
"2021-11-30",10524,6429006,11433,5678478,513,550316,37782,1145796,472,25627,38254,1171423,60724,36662.29,13829223,0
"2021-12-01",11203,6440209,10985,5689463,723,551039,40345,1186141,421,26048,40766,1212189,63677,40001.71,13892900,0
"2021-12-02",11669,6451878,11038,5700501,627,551666,42155,1228296,437,26485,42592,1254781,65926,49153.14,13958826,0
"2021-12-03",13514,6465392,12890,5713391,676,552342,47917,1276213,495,26980,48412,1303193,75492,53873.71,14034318,0
"2021-12-04",9866,6475258,11295,5724686,567,552909,30671,1306884,288,27268,30959,1334152,52687,56694.14,14087005,0
"2021-12-05",5764,6481022,5708,5730394,271,553180,16655,1323539,123,27391,16778,1350930,28521,57605.43,14115526,0
"2021-12-06",12357,6493379,9955,5740349,601,553781,43235,1366774,428,27819,43663,1394593,66576,59086.14,14182102,0
"2021-12-07",12616,6505995,9256,5749605,625,554406,43024,1409798,480,28299,43504,1438097,66001,59840,14248103,0
"2021-12-08",13550,6519545,8776,5758381,554,554960,40782,1450580,451,28750,41233,1479330,64113,59902.29,14312216,0
"2021-12-09",13522,6533067,8756,5767137,555,555515,40806,1491386,471,29221,41277,1520607,64110,59642.86,14376326,0
"2021-12-10",14050,6547117,10143,5777280,670,556185,43664,1535050,477,29698,44141,1564748,69004,58716,14445330,0
"2021-12-11",10285,6557402,8120,5785400,405,556590,26696,1561746,262,29960,26958,1591706,45768,57727.57,14491098,0
"2021-12-12",6024,6563426,3856,5789256,290,556880,15163,1576909,129,30089,15292,1606998,25462,57290.57,14516560,0
"2021-12-13",12245,6575671,7428,5796684,658,557538,37875,1614784,374,30463,38249,1645247,58580,56148.29,14575140,0
"2021-12-14",12253,6587924,6959,5803643,731,558269,38139,1652923,413,30876,38552,1683799,58495,55076,14633635,0
"2021-12-15",12124,6600048,6241,5809884,756,559025,38118,1691041,473,31349,38591,1722390,57712,54161.57,14691347,0
"2021-12-16",13144,6613192,4275,5814159,740,559765,41040,1732081,425,31774,41465,1763855,59624,53520.71,14750971,0
"2021-12-17",15961,6629153,6933,5821092,620,560385,46758,1778839,455,32229,47213,1811068,70727,53766.86,14821698,0
"2021-12-18",13033,6642186,5719,5826811,432,560817,30615,1809454,259,32488,30874,1841942,50058,54379.71,14871756,0
"2021-12-19",7025,6649211,2996,5829807,326,561143,18003,1827457,165,32653,18168,1860110,28515,54815.86,14900271,0
"2021-12-20",16887,6666098,5867,5835674,746,561889,47427,1874884,542,33195,47969,1908079,71469,56657.14,14971740,0
"2021-12-21",17981,6684079,6576,5842250,806,562695,48903,1923787,559,33754,49462,1957541,74825,58990,15046565,0
"2021-12-22",18553,6702632,6557,5848807,938,563633,49655,1973442,513,34267,50168,2007709,76216,61633.43,15122781,0
"2021-12-23",19051,6721683,6481,5855288,929,564562,45820,2019262,501,34768,46321,2054030,72782,63513.14,15195563,0
"2021-12-24",9247,6730930,2951,5858239,598,565160,20591,2039853,204,34972,20795,2074825,33591,58208,15229154,0
"2021-12-25",343,6731273,64,5858303,31,565191,427,2040280,8,34980,435,2075260,873,51181.57,15230027,0
"2021-12-26",7976,6739249,3929,5862232,341,565532,17272,2057552,167,35147,17439,2092699,29685,51348.71,15259712,0
"2021-12-27",21794,6761043,9205,5871437,932,566464,43423,2100975,529,35676,43952,2136651,75883,51979.29,15335595,0
"2021-12-28",20169,6781212,8331,5879768,699,567163,47562,2148537,584,36260,48146,2184797,77345,52339.29,15412940,0
"2021-12-29",18501,6799713,7672,5887440,607,567770,45534,2194071,466,36726,46000,2230797,72780,51848.43,15485720,0
"2021-12-30",16885,6816598,7418,5894858,586,568356,44825,2238896,558,37284,45383,2276180,70272,51489.86,15555992,0
"2021-12-31",5364,6821962,2808,5897666,193,568549,14760,2253656,173,37457,14933,2291113,23298,50019.43,15579290,0
"2022-01-01",243,6822205,147,5897813,12,568561,501,2254157,20,37477,521,2291634,923,50026.57,15580213,0
"2022-01-02",6434,6828639,5021,5902834,153,568714,10974,2265131,107,37584,11081,2302715,22689,49027.14,15602902,0
"2022-01-03",14145,6842784,8485,5911319,515,569229,26921,2292052,313,37897,27234,2329949,50379,45383.71,15653281,0
"2022-01-04",12954,6855738,8105,5919424,414,569643,27120,2319172,343,38240,27463,2357412,48936,41325.29,15702217,0
"2022-01-05",11536,6867274,6992,5926416,384,570027,25816,2344988,294,38534,26110,2383522,45022,37359.86,15747239,0
"2022-01-06",11487,6878761,7386,5933802,485,570512,27513,2372501,322,38856,27835,2411357,47193,34062.86,15794432,0
"2022-01-07",10409,6889170,8419,5942221,338,570850,25017,2397518,306,39162,25323,2436680,44489,37090.14,15838921,0
"2022-01-08",7876,6897046,8568,5950789,310,571160,19448,2416966,171,39333,19619,2456299,36373,42154.43,15875294,0
"2022-01-09",4136,6901182,3845,5954634,214,571374,10058,2427024,88,39421,10146,2466445,18341,41533.29,15893635,0
"2022-01-10",10184,6911366,8189,5962823,490,571864,24600,2451624,288,39709,24888,2491333,43751,40586.43,15937386,0
"2022-01-11",8901,6920267,7998,5970821,521,572385,21020,2472644,270,39979,21290,2512623,38710,39125.57,15976096,0
"2022-01-12",8942,6929209,8319,5979140,428,572813,22327,2494971,283,40262,22610,2535233,40299,38450.86,16016395,0
"2022-01-13",9047,6938256,8865,5988005,451,573264,22872,2517843,302,40564,23174,2558407,41537,37642.86,16057932,0
"2022-01-14",10119,6948375,8121,5996126,476,573740,26433,2544276,306,40870,26739,2585146,45455,37780.86,16103387,0
"2022-01-15",6210,6954585,4309,6000435,179,573919,15144,2559420,168,41038,15312,2600458,26010,36300.43,16129397,0
"2022-01-16",2922,6957507,3250,6003685,95,574014,7820,2567240,79,41117,7899,2608357,14166,35704,16143563,0
"2022-01-17",6085,6963592,6759,6010444,363,574377,14677,2581917,206,41323,14883,2623240,28090,33466.71,16171653,0
"2022-01-18",8169,6971761,10317,6020761,397,574774,19658,2601575,312,41635,19970,2643210,38853,33487.14,16210506,0
"2022-01-19",7477,6979238,9253,6030014,304,575078,17711,2619286,263,41898,17974,2661184,35008,32731.29,16245514,0
"2022-01-20",6282,6985520,8563,6038577,305,575383,15247,2634533,230,42128,15477,2676661,30627,31172.71,16276141,0
"2022-01-21",7579,6993099,7499,6046076,276,575659,18503,2653036,275,42403,18778,2695439,34132,29555.14,16310273,0
"2022-01-22",5194,6998293,4939,6051015,131,575790,11318,2664354,121,42524,11439,2706878,21703,28939.86,16331976,0
"2022-01-23",2812,7001105,3329,6054344,97,575887,6227,2670581,74,42598,6301,2713179,12539,28707.43,16344515,0
"2022-01-24",6371,7007476,8198,6062542,262,576149,15074,2685655,232,42830,15306,2728485,30137,28999.86,16374652,0
"2022-01-25",6191,7013667,7937,6070479,233,576382,14684,2700339,253,43083,14937,2743422,29298,27634.86,16403950,0
"2022-01-26",5756,7019423,7169,6077648,289,576671,14016,2714355,206,43289,14222,2757644,27436,26553.14,16431386,0
"2022-01-27",5262,7024685,7090,6084738,321,576992,14079,2728434,227,43516,14306,2771950,26979,26032,16458365,0
"2022-01-28",6268,7030953,7864,6092602,203,577195,16128,2744562,230,43746,16358,2788308,30693,25540.71,16489058,0
"2022-01-29",843,7031796,727,6093329,28,577223,2537,2747099,39,43785,2576,2790884,4174,23036.57,16493232,0
"2022-01-30",2097,7033893,3020,6096349,103,577326,4536,2751635,61,43846,4597,2795481,9817,22647.71,16503049,0
"2022-01-31",5010,7038903,6600,6102949,220,577546,11373,2763008,194,44040,11567,2807048,23397,21684.86,16526446,0
"2022-02-01",4841,7043744,6437,6109386,219,577765,10709,2773717,210,44250,10919,2817967,22416,20701.71,16548862,0
"2022-02-02",4251,7047995,5924,6115310,213,577978,11225,2784942,234,44484,11459,2829426,21847,19903.29,16570709,0
"2022-02-03",4234,7052229,5807,6121117,216,578194,11214,2796156,194,44678,11408,2840834,21665,19144.14,16592374,0
"2022-02-04",4776,7057005,7114,6128231,214,578408,13217,2809373,232,44910,13449,2854283,25553,18409.86,16617927,0
"2022-02-05",3587,7060592,6051,6134282,110,578518,8573,2817946,147,45057,8720,2863003,18468,20451.86,16636395,0
"2022-02-06",2064,7062656,2133,6136415,121,578639,4637,2822583,102,45159,4739,2867742,9057,20343.29,16645452,0
"2022-02-07",4159,7066815,4725,6141140,205,578844,10133,2832716,226,45385,10359,2878101,19448,19779.14,16664900,0
"2022-02-08",4225,7071040,5611,6146751,214,579058,11325,2844041,300,45685,11625,2889726,21675,19673.29,16686575,0
"2022-02-09",4142,7075182,5402,6152153,222,579280,11659,2855700,247,45932,11906,2901632,21672,19648.29,16708247,0
"2022-02-10",4002,7079184,5119,6157272,245,579525,12196,2867896,276,46208,12472,2914104,21838,19673,16730085,0
"2022-02-11",4519,7083703,5806,6163078,195,579720,13733,2881629,310,46518,14043,2928147,24563,19531.57,16754648,0
"2022-02-12",3262,7086965,4341,6167419,97,579817,8807,2890436,211,46729,9018,2937165,16718,19281.57,16771366,0
"2022-02-13",1522,7088487,1542,6168961,41,579858,4881,2895317,105,46834,4986,2942151,8091,19143.57,16779457,0
"2022-02-14",2985,7091472,3623,6172584,167,580025,10568,2905885,321,47155,10889,2953040,17664,18888.71,16797121,0
"2022-02-15",3561,7095033,4070,6176654,176,580201,12778,2918663,270,47425,13048,2966088,20855,18771.57,16817976,0
"2022-02-16",3666,7098699,3902,6180556,200,580401,15718,2934381,287,47712,16005,2982093,23773,19071.71,16841749,0
"2022-02-17",4041,7102740,4081,6184637,162,580563,18265,2952646,353,48065,18618,3000711,26902,19795.14,16868651,0
"2022-02-18",4478,7107218,4782,6189419,190,580753,21531,2974177,445,48510,21976,3022687,31426,20775.57,16900077,0
"2022-02-19",3259,7110477,2180,6191599,65,580818,11174,2985351,211,48721,11385,3034072,16889,20800,16916966,0
"2022-02-20",1863,7112340,1447,6193046,59,580877,6576,2991927,111,48832,6687,3040759,10056,21080.71,16927022,0
"2022-02-21",3088,7115428,2691,6195737,95,580972,8352,3000279,222,49054,8574,3049333,14448,20621.29,16941470,0
"2022-02-22",4382,7119810,4250,6199987,175,581147,10828,3011107,247,49301,11075,3060408,19882,20482.29,16961352,0
"2022-02-23",4271,7124081,3792,6203779,145,581292,10660,3021767,237,49538,10897,3071305,19105,19815.43,16980457,0
"2022-02-24",3796,7127877,3655,6207434,108,581400,10184,3031951,229,49767,10413,3081718,17972,18539.71,16998429,0
"2022-02-25",3622,7131499,3626,6211060,134,581534,9975,3041926,229,49996,10204,3091922,17586,16562.57,17016015,0
"2022-02-26",2841,7134340,2578,6213638,74,581608,9510,3051436,151,50147,9661,3101583,15154,16314.71,17031169,0
"2022-02-27",1773,7136113,1371,6215009,52,581660,6268,3057704,97,50244,6365,3107948,9561,16244,17040730,0
"2022-02-28",3806,7139919,3132,6218141,140,581800,13126,3070830,246,50490,13372,3121320,20450,17101.43,17061180,0
"2022-03-01",2139,7142058,2622,6220763,103,581903,5169,3075999,182,50672,5351,3126671,10215,15720.43,17071395,0
"2022-03-02",1844,7143902,2437,6223200,106,582009,4126,3080125,204,50876,4330,3131001,8717,14236.43,17080112,0
"2022-03-03",1939,7145841,2556,6225756,106,582115,3795,3083920,168,51044,3963,3134964,8564,12892.43,17088676,0
"2022-03-04",2122,7147963,2873,6228629,66,582181,4327,3088247,205,51249,4532,3139496,9593,11750.57,17098269,0
"2022-03-05",1612,7149575,2125,6230754,43,582224,3316,3091563,112,51361,3428,3142924,7208,10615.43,17105477,0
"2022-03-06",799,7150374,879,6231633,30,582254,1622,3093185,54,51415,1676,3144600,3384,9733,17108861,0
"2022-03-07",1667,7152041,1787,6233420,86,582340,3496,3096681,159,51574,3655,3148255,7195,7839.43,17116056,0
"2022-03-08",1550,7153591,1892,6235312,80,582420,3123,3099804,145,51719,3268,3151523,6790,7350.14,17122846,0
"2022-03-09",1267,7154858,1667,6236979,79,582499,2584,3102388,129,51848,2713,3154236,5726,6922.86,17128572,0
"2022-03-10",1421,7156279,2099,6239078,85,582584,2951,3105339,160,52008,3111,3157347,6716,6658.86,17135288,0
"2022-03-11",1604,7157883,2272,6241350,81,582665,3212,3108551,186,52194,3398,3160745,7355,6339.14,17142643,0
"2022-03-12",879,7158762,1414,6242764,40,582705,2004,3110555,72,52266,2076,3162821,4409,5939.29,17147052,0
"2022-03-13",626,7159388,757,6243521,27,582732,1292,3111847,47,52313,1339,3164160,2749,5848.57,17149801,0
"2022-03-14",1375,7160763,1601,6245122,83,582815,2988,3114835,204,52517,3192,3167352,6251,5713.71,17156052,0
"2022-03-15",1363,7162126,1923,6247045,63,582878,3069,3117904,227,52744,3296,3170648,6645,5693,17162697,0
"2022-03-16",1401,7163527,2065,6249110,94,582972,3132,3121036,293,53037,3425,3174073,6985,5872.86,17169682,0
"2022-03-17",1185,7164712,1806,6250916,70,583042,2758,3123794,262,53299,3020,3177093,6081,5782.14,17175763,0
"2022-03-18",1594,7166306,2210,6253126,80,583122,3770,3127564,413,53712,4183,3181276,8067,5883.86,17183830,0
"2022-03-19",1113,7167419,1733,6254859,54,583176,2596,3130160,225,53937,2821,3184097,5721,6071.29,17189551,0
"2022-03-20",614,7168033,627,6255486,33,583209,1463,3131623,183,54120,1646,3185743,2920,6095.71,17192471,0
"2022-03-21",1422,7169455,1552,6257038,72,583281,3054,3134677,352,54472,3406,3189149,6452,6124.43,17198923,0
"2022-03-22",1344,7170799,1551,6258589,101,583382,2902,3137579,338,54810,3240,3192389,6236,6066,17205159,0
"2022-03-23",1262,7172061,1361,6259950,66,583448,2917,3140496,371,55181,3288,3195677,5977,5922,17211136,0
"2022-03-24",1211,7173272,1299,6261249,90,583538,2517,3143013,264,55445,2781,3198458,5381,5822,17216517,0
"2022-03-25",1391,7174663,1628,6262877,62,583600,3262,3146275,372,55817,3634,3202092,6715,5628.86,17223232,0
"2022-03-26",929,7175592,1162,6264039,36,583636,2303,3148578,249,56066,2552,3204644,4679,5480,17227911,0
"2022-03-27",574,7176166,527,6264566,29,583665,1312,3149890,203,56269,1515,3206159,2645,5440.71,17230556,0
"2022-03-28",1087,7177253,1164,6265730,68,583733,2440,3152330,354,56623,2794,3208953,5113,5249.43,17235669,0
"2022-03-29",1052,7178305,1104,6266834,85,583818,2515,3154845,873,57496,3388,3212341,5629,5162.71,17241298,0
"2022-03-30",1251,7179556,1143,6267977,98,583916,3065,3157910,3377,60873,6442,3218783,8934,5585.14,17250232,0
"2022-03-31",1290,7180846,1261,6269238,57,583973,3166,3161076,5471,66344,8637,3227420,11245,6422.86,17261477,0
"2022-04-01",1438,7182284,1496,6270734,76,584049,3249,3164325,6866,73210,10115,3237535,13125,7338.57,17274602,0
"2022-04-02",913,7183197,913,6271647,33,584082,2097,3166422,4494,77704,6591,3244126,8450,7877.29,17283052,0
"2022-04-03",561,7183758,499,6272146,28,584110,1223,3167645,3041,80745,4264,3248390,5352,8264,17288404,0
"2022-04-04",1358,7185116,1309,6273455,60,584170,2733,3170378,7648,88393,10381,3258771,13108,9406.14,17301512,0
"2022-04-05",1304,7186420,1165,6274620,66,584236,2856,3173234,7440,95833,10296,3269067,12831,10435,17314343,0
"2022-04-06",1341,7187761,1180,6275800,61,584297,2623,3175857,6913,102746,9536,3278603,12118,10889.86,17326461,0
"2022-04-07",1209,7188970,1063,6276863,54,584351,2377,3178234,6573,109319,8950,3287553,11276,10894.29,17337737,0
"2022-04-08",1492,7190462,1403,6278266,62,584413,3168,3181402,8724,118043,11892,3299445,14849,11140.57,17352586,0
"2022-04-09",926,7191388,924,6279190,29,584442,2069,3183471,4915,122958,6984,3306429,8863,11199.57,17361449,0
"2022-04-10",588,7191976,461,6279651,25,584467,1170,3184641,2869,125827,4039,3310468,5113,11165.43,17366562,0
"2022-04-11",1330,7193306,1235,6280886,59,584526,2666,3187307,7737,133564,10403,3320871,13027,11153.86,17379589,0
"2022-04-12",1221,7194527,1057,6281943,73,584599,2530,3189837,7371,140935,9901,3330772,12252,11071.14,17391841,0
"2022-04-13",1255,7195782,1079,6283022,59,584658,2508,3192345,7493,148428,10001,3340773,12394,11110.57,17404235,0
"2022-04-14",1279,7197061,1100,6284122,59,584717,2434,3194779,6530,154958,8964,3349737,11402,11128.57,17415637,0
"2022-04-15",1353,7198414,1097,6285219,53,584770,2566,3197345,6569,161527,9135,3358872,11638,10669.86,17427275,0
"2022-04-16",872,7199286,653,6285872,33,584803,1639,3198984,3642,165169,5281,3364153,6839,10380.71,17434114,0
"2022-04-17",347,7199633,203,6286075,27,584830,639,3199623,1144,166313,1783,3365936,2360,9987.43,17436474,0
"2022-04-18",1393,7201026,1117,6287192,82,584912,2589,3202212,6367,172680,8956,3374892,11548,9776.14,17448022,0
"2022-04-19",1421,7202447,938,6288130,72,584984,2572,3204784,5700,178380,8272,3383164,10703,9554.86,17458725,0
"2022-04-20",1317,7203764,1144,6289274,65,585049,2682,3207466,6585,184965,9267,3392431,11793,9469,17470518,0
"2022-04-21",1228,7204992,1062,6290336,53,585102,2330,3209796,5294,190259,7624,3400055,9967,9264,17480485,0
"2022-04-22",1219,7206211,1026,6291362,46,585148,2201,3211997,5587,195846,7788,3407843,10079,9041.29,17490564,0
"2022-04-23",718,7206929,750,6292112,59,585207,1427,3213424,3323,199169,4750,3412593,6277,8961,17496841,0
"2022-04-24",443,7207372,338,6292450,27,585234,814,3214238,1797,200966,2611,3415204,3419,9112.29,17500260,0
"2022-04-25",1032,7208404,914,6293364,64,585298,1853,3216091,5050,206016,6903,3422107,8913,8735.86,17509173,0
"2022-04-26",949,7209353,857,6294221,76,585374,1756,3217847,4653,210669,6409,3428516,8291,8391.29,17517464,0
"2022-04-27",1042,7210395,1026,6295247,80,585454,1931,3219778,5166,215835,7097,3435613,9245,8027.29,17526709,0
"2022-04-28",1092,7211487,987,6296234,50,585504,2006,3221784,4693,220528,6699,3442312,8828,7864.57,17535537,0
"2022-04-29",1191,7212678,1106,6297340,60,585564,2157,3223941,5332,225860,7489,3449801,9846,7831.29,17545383,0
"2022-04-30",730,7213408,741,6298081,43,585607,1393,3225334,2936,228796,4329,3454130,5843,7769.29,17551226,0
"2022-05-01",447,7213855,367,6298448,20,585627,766,3226100,1640,230436,2406,3456536,3240,7743.71,17554466,0
"2022-05-02",1061,7214916,792,6299240,52,585679,1673,3227773,3780,234216,5453,3461989,7358,7521.57,17561824,0
"2022-05-03",1124,7216040,863,6300103,61,585740,1997,3229770,4825,239041,6822,3468811,8870,7604.29,17570694,0
"2022-05-04",1022,7217062,883,6300986,48,585788,1914,3231684,4594,243635,6508,3475319,8461,7492.29,17579155,0
"2022-05-05",1060,7218122,952,6301938,86,585874,1926,3233610,4838,248473,6764,3482083,8862,7497.14,17588017,0
"2022-05-06",1096,7219218,958,6302896,51,585925,1867,3235477,4337,252810,6204,3488287,8309,7277.57,17596326,0
"2022-05-07",663,7219881,592,6303488,32,585957,1203,3236680,2410,255220,3613,3491900,4900,7142.86,17601226,0
"2022-05-08",417,7220298,247,6303735,17,585974,668,3237348,1366,256586,2034,3493934,2715,7067.86,17603941,0
"2022-05-09",1084,7221382,948,6304683,60,586034,1884,3239232,4401,260987,6285,3500219,8377,7213.43,17612318,0
"2022-05-10",1099,7222481,933,6305616,54,586088,1987,3241219,4667,265654,6654,3506873,8740,7194.86,17621058,0
"2022-05-11",1096,7223577,978,6306594,44,586132,1941,3243160,4801,270455,6742,3513615,8860,7251.86,17629918,0
"2022-05-12",1103,7224680,949,6307543,58,586190,2003,3245163,4618,275073,6621,3520236,8731,7233.14,17638649,0
"2022-05-13",1166,7225846,1039,6308582,44,586234,2060,3247223,4750,279823,6810,3527046,9059,7340.29,17647708,0
"2022-05-14",832,7226678,670,6309252,31,586265,1472,3248695,2911,282734,4383,3531429,5916,7485.43,17653624,0
"2022-05-15",511,7227189,358,6309610,21,586286,923,3249618,1637,284371,2560,3533989,3450,7590.43,17657074,0
"2022-05-16",1232,7228421,862,6310472,61,586347,1825,3251443,3821,288192,5646,3539635,7801,7508.14,17664875,0
"2022-05-17",1300,7229721,924,6311396,79,586426,2052,3253495,4836,293028,6888,3546523,9191,7572.57,17674066,0
"2022-05-18",1248,7230969,902,6312298,82,586508,2060,3255555,4880,297908,6940,3553463,9172,7617.14,17683238,0
"2022-05-19",1176,7232145,873,6313171,35,586543,2116,3257671,4676,302584,6792,3560255,8876,7637.86,17692114,0
"2022-05-20",1204,7233349,955,6314126,74,586617,2368,3260039,5130,307714,7498,3567753,9731,7733.86,17701845,0
"2022-05-21",837,7234186,648,6314774,23,586640,1726,3261765,3263,310977,4989,3572742,6497,7816.86,17708342,0
"2022-05-22",514,7234700,292,6315066,22,586662,1134,3262899,1824,312801,2958,3575700,3786,7864.86,17712128,0
"2022-05-23",1228,7235928,891,6315957,47,586709,2184,3265083,4659,317460,6843,3582543,9009,8037.43,17721137,0
"2022-05-24",1436,7237364,939,6316896,66,586775,2289,3267372,4432,321892,6721,3589264,9162,8033.29,17730299,0
"2022-05-25",1442,7238806,958,6317854,56,586831,2263,3269635,4197,326089,6460,3595724,8916,7996.71,17739215,0
"2022-05-26",1184,7239990,870,6318724,60,586891,2260,3271895,4087,330176,6347,3602071,8461,7937.43,17747676,0
"2022-05-27",1256,7241246,955,6319679,38,586929,2491,3274386,3855,334031,6346,3608417,8595,7775.14,17756271,0
"2022-05-28",721,7241967,517,6320196,19,586948,1776,3276162,2041,336072,3817,3612234,5074,7571.86,17761345,0
"2022-05-29",476,7242443,217,6320413,11,586959,762,3276924,1111,337183,1873,3614107,2577,7399.14,17763922,0
"2022-05-30",92,7242535,56,6320469,6,586965,139,3277063,143,337326,282,3614389,436,6174.43,17764358,0
"2022-05-31",1138,7243673,911,6321380,51,587016,1878,3278941,3036,340362,4914,3619303,7014,5867.57,17771372,0
"2022-06-01",1152,7244825,845,6322225,63,587079,1960,3280901,3377,343739,5337,3624640,7397,5650.57,17778769,0
"2022-06-02",1031,7245856,798,6323023,72,587151,1821,3282722,3139,346878,4960,3629600,6861,5422,17785630,0
"2022-06-03",1171,7247027,888,6323911,47,587198,2053,3284775,3471,350349,5524,3635124,7630,5284.14,17793260,0
"2022-06-04",728,7247755,582,6324493,26,587224,1551,3286326,1888,352237,3439,3638563,4775,5241.43,17798035,0
"2022-06-05",450,7248205,297,6324790,1,587225,878,3287204,976,353213,1854,3640417,2602,5245,17800637,0
"2022-06-06",1126,7249331,825,6325615,64,587289,1748,3288952,2722,355935,4470,3644887,6485,6109.14,17807122,0
"2022-06-07",1024,7250355,767,6326382,70,587359,1768,3290720,2546,358481,4314,3649201,6175,5989.29,17813297,0
"2022-06-08",1093,7251448,834,6327216,75,587434,1868,3292588,2719,361200,4587,3653788,6589,5873.86,17819886,0
"2022-06-09",1146,7252594,836,6328052,61,587495,2210,3294798,2676,363876,4886,3658674,6929,5883.57,17826815,0
"2022-06-10",1052,7253646,811,6328863,75,587570,1876,3296674,2804,366680,4680,3663354,6618,5739,17833433,0
"2022-06-11",684,7254330,508,6329371,24,587594,1317,3297991,1498,368178,2815,3666169,4031,5632.71,17837464,0
"2022-06-12",351,7254681,286,6329657,20,587614,879,3298870,766,368944,1645,3667814,2302,5589.86,17839766,0
"2022-06-13",1034,7255715,764,6330421,63,587677,1570,3300440,2168,371112,3738,3671552,5599,5463.29,17845365,0
"2022-06-14",940,7256655,814,6331235,55,587732,1657,3302097,2484,373596,4141,3675693,5950,5431.14,17851315,0
"2022-06-15",981,7257636,852,6332087,39,587771,1635,3303732,2396,375992,4031,3679724,5903,5333.14,17857218,0
"2022-06-16",941,7258577,775,6332862,58,587829,1806,3305538,2330,378322,4136,3683860,5910,5187.57,17863128,0
"2022-06-17",898,7259475,785,6333647,44,587873,1744,3307282,2379,380701,4123,3687983,5850,5077.86,17868978,0
"2022-06-18",663,7260138,522,6334169,26,587899,1270,3308552,1290,381991,2560,3690543,3771,5040.71,17872749,0
"2022-06-19",355,7260493,236,6334405,16,587915,723,3309275,600,382591,1323,3691866,1930,4987.57,17874679,0
"2022-06-20",830,7261323,483,6334888,41,587956,1545,3310820,1602,384193,3147,3695013,4501,4830.71,17879180,0
"2022-06-21",1052,7262375,721,6335609,50,588006,1667,3312487,2101,386294,3768,3698781,5591,4779.43,17884771,0
"2022-06-22",1003,7263378,803,6336412,44,588050,1674,3314161,1968,388262,3642,3702423,5492,4720.71,17890263,0
"2022-06-23",935,7264313,747,6337159,64,588114,1680,3315841,2126,390388,3806,3706229,5552,4669.57,17895815,0
"2022-06-24",922,7265235,751,6337910,48,588162,1612,3317453,2119,392507,3731,3709960,5452,4612.71,17901267,0
"2022-06-25",632,7265867,479,6338389,15,588177,1226,3318679,1121,393628,2347,3712307,3473,4570.14,17904740,0
"2022-06-26",437,7266304,247,6338636,14,588191,678,3319357,529,394157,1207,3713514,1905,4566.57,17906645,0
"2022-06-27",850,7267154,644,6339280,60,588251,1442,3320799,1592,395749,3034,3716548,4588,4579,17911233,0
"2022-06-28",977,7268131,814,6340094,50,588301,1833,3322632,2087,397836,3920,3720468,5761,4603.29,17916994,0
"2022-06-29",878,7269009,760,6340854,47,588348,1672,3324304,1900,399736,3572,3724040,5257,4569.71,17922251,0
"2022-06-30",885,7269894,796,6341650,46,588394,1699,3326003,2056,401792,3755,3727795,5482,4559.71,17927733,0
"2022-07-01",711,7270605,578,6342228,22,588416,1360,3327363,1691,403483,3051,3730846,4362,4404,17932095,0
"2022-07-02",435,7271040,377,6342605,15,588431,823,3328186,918,404401,1741,3732587,2568,4274.71,17934663,0
"2022-07-03",296,7271336,203,6342808,5,588436,452,3328638,478,404879,930,3733517,1434,4207.43,17936097,0
"2022-07-04",31,7271367,26,6342834,1,588437,30,3328668,38,404917,68,3733585,126,3570,17936223,0
"2022-07-05",806,7272173,738,6343572,33,588470,1381,3330049,1716,406633,3097,3736682,4674,3414.71,17940897,0
"2022-07-06",805,7272978,661,6344233,43,588513,1392,3331441,1756,408389,3148,3739830,4657,3329,17945554,0
"2022-07-07",836,7273814,690,6344923,45,588558,1463,3332904,1921,410310,3384,3743214,4955,3253.71,17950509,0
"2022-07-08",862,7274676,628,6345551,37,588595,1432,3334336,1918,412228,3350,3746564,4877,3327.29,17955386,0
"2022-07-09",505,7275181,405,6345956,23,588618,865,3335201,1322,413550,2187,3748751,3120,3406.14,17958506,0
"2022-07-10",326,7275507,181,6346137,14,588632,418,3335619,651,414201,1069,3749820,1590,3428.43,17960096,0
"2022-07-11",922,7276429,610,6346747,45,588677,1392,3337011,2131,416332,3523,3753343,5100,4139,17965196,120000
"2022-07-12",874,7277303,666,6347413,44,588721,1368,3338379,2438,418770,3806,3757149,5390,4241.29,17970586,120000
"2022-07-13",830,7278133,656,6348069,33,588754,1434,3339813,2621,421391,4055,3761204,5574,4372.29,17976160,120000
"2022-07-14",876,7279009,644,6348713,44,588798,1426,3341239,2797,424188,4223,3765427,5787,4491.14,17981947,120000
"2022-07-15",812,7279821,617,6349330,35,588833,1464,3342703,2843,427031,4307,3769734,5771,4618.86,17987718,120000
"2022-07-16",411,7280232,403,6349733,9,588842,912,3343615,1578,428609,2490,3772224,3313,4646.43,17991031,120000
"2022-07-17",61,7280293,39,6349772,5,588847,125,3343740,262,428871,387,3772611,492,4489.57,17991523,120000
