"DATE","ADMIN_DOSE1_DAILY","ADMIN_DOSE1_CUMULATIVE","ADMIN_DOSE2_DAILY","ADMIN_DOSE2_CUMULATIVE","ADMIN_SINGLE_DAILY","ADMIN_SINGLE_CUMULATIVE","ADMIN_ADDITIONAL1_DAILY","ADMIN_ADDITIONAL1_CUMULATIVE","ADMIN_ADDITIONAL2_DAILY","ADMIN_ADDITIONAL2_CUMULATIVE","ADMIN_ADDITIONAL_DAILY","ADMIN_ADDITIONAL_CUMULATIVE","ADMIN_ALLDOSES_DAILY","ADMIN_ALLDOSES_7DAYAVG","ADMIN_ALLDOSES_CUMULATIVE","INCOMPLETE"
"2020-12-14",79,79,0,0,0,0,0,0,0,0,0,0,79,,79,0
"2020-12-15",2052,2131,6,6,4,4,0,0,0,0,0,0,2062,,2141,0
"2020-12-16",4603,6734,13,19,1,5,1,1,0,0,1,1,4618,,6759,0
"2020-12-17",4655,11389,17,36,0,5,1,2,0,0,1,2,4673,,11432,0
"2020-12-18",5833,17222,20,56,2,7,2,4,0,0,2,4,5857,,17289,0
"2020-12-19",1689,18911,7,63,3,10,0,4,0,0,0,4,1699,,18988,0
"2020-12-20",1116,20027,2,65,1,11,0,4,0,0,0,4,1119,2872.43,20107,0
"2020-12-21",6340,26367,18,83,0,11,5,9,0,0,5,9,6363,3770.14,26470,0
"2020-12-22",9795,36162,27,110,2,13,1,10,0,0,1,10,9825,4879.14,36295,0
"2020-12-23",14276,50438,34,144,3,16,1,11,0,0,1,11,14314,6264.29,50609,0
"2020-12-24",7201,57639,24,168,1,17,0,11,0,0,0,11,7226,6629,57835,0
"2020-12-25",180,57819,0,168,0,17,1,12,0,0,1,12,181,5818.14,58016,0
"2020-12-26",4388,62207,43,211,0,17,1,13,0,0,1,13,4432,6208.57,62448,0
"2020-12-27",3869,66076,14,225,0,17,1,14,0,0,1,14,3884,6603.57,66332,0
"2020-12-28",10995,77071,49,274,1,18,2,16,0,0,2,16,11047,7272.71,77379,0
"2020-12-29",10720,87791,34,308,2,20,2,18,0,0,2,18,10758,7406,88137,0
"2020-12-30",12824,100615,45,353,0,20,0,18,0,0,0,18,12869,7199.57,101006,0
"2020-12-31",7262,107877,31,384,1,21,0,18,0,0,0,18,7294,7209.29,108300,0
"2021-01-01",181,108058,2,386,1,22,3,21,0,0,3,21,187,7210.14,108487,0
"2021-01-02",3809,111867,10,396,2,24,2,23,0,0,2,23,3823,7123.14,112310,0
"2021-01-03",3541,115408,24,420,2,26,1,24,0,0,1,24,3568,7078,115878,0
"2021-01-04",12257,127665,806,1226,2,28,6,30,0,0,6,30,13071,7367.14,128949,0
"2021-01-05",14084,141749,2192,3418,2,30,11,41,1,1,12,42,16290,8157.43,145239,0
"2021-01-06",17802,159551,3926,7344,1,31,31,72,6,7,37,79,21766,9428.43,167005,0
"2021-01-07",16552,176103,5170,12514,4,35,45,117,3,10,48,127,21774,11497,188779,0
"2021-01-08",16619,192722,5455,17969,0,35,33,150,4,14,37,164,22111,14629,210890,0
"2021-01-09",7652,200374,1462,19431,1,36,7,157,2,16,9,173,9124,15386.29,220014,0
"2021-01-10",7881,208255,983,20414,0,36,10,167,0,16,10,183,8874,16144.29,228888,0
"2021-01-11",25827,234082,7454,27868,2,38,48,215,8,24,56,239,33339,19039.71,262227,0
"2021-01-12",28263,262345,7857,35725,1,39,44,259,2,26,46,285,36167,21879.29,298394,0
"2021-01-13",31725,294070,9387,45112,1,40,52,311,4,30,56,341,41169,24651.14,339563,0
"2021-01-14",35810,329880,5325,50437,1,41,28,339,7,37,35,376,41171,27422.14,380734,0
"2021-01-15",29268,359148,3705,54142,2,43,32,371,4,41,36,412,33011,28979.29,413745,0
"2021-01-16",30289,389437,2381,56523,0,43,25,396,5,46,30,442,32700,32347.29,446445,0
"2021-01-17",23752,413189,1623,58146,0,43,18,414,1,47,19,461,25394,34707.29,471839,0
"2021-01-18",27108,440297,2413,60559,1,44,34,448,7,54,41,502,29563,34167.86,501402,0
"2021-01-19",34296,474593,9626,70185,1,45,70,518,5,59,75,577,43998,35286.57,545400,0
"2021-01-20",34869,509462,9496,79681,1,46,59,577,4,63,63,640,44429,35752.29,589829,0
"2021-01-21",25593,535055,8093,87774,2,48,48,625,5,68,53,693,33741,34690.86,623570,0
"2021-01-22",24754,559809,4383,92157,1,49,31,656,7,75,38,731,29176,34143,652746,0
"2021-01-23",15744,575553,3223,95380,0,49,9,665,2,77,11,742,18978,32182.71,671724,0
"2021-01-24",7174,582727,3454,98834,0,49,19,684,1,78,20,762,10648,30076.14,682372,0
"2021-01-25",13412,596139,11821,110655,0,49,65,749,11,89,76,838,25309,29468.43,707681,0
"2021-01-26",16766,612905,10752,121407,0,49,67,816,2,91,69,907,27587,27124,735268,0
"2021-01-27",20835,633740,12357,133764,0,49,51,867,7,98,58,965,33250,25527,768518,0
"2021-01-28",30763,664503,12848,146612,0,49,80,947,16,114,96,1061,43707,26950.71,812225,0
"2021-01-29",31695,696198,11501,158113,0,49,78,1025,10,124,88,1149,43284,28966.14,855509,0
"2021-01-30",18709,714907,3742,161855,0,49,20,1045,2,126,22,1171,22473,29465.43,877982,0
"2021-01-31",13022,727929,2919,164774,1,50,28,1073,4,130,32,1203,15974,30226.29,893956,0
"2021-02-01",1180,729109,5368,170142,4,54,35,1108,4,134,39,1242,6591,27552.29,900547,0
"2021-02-02",2827,731936,9475,179617,2,56,46,1154,4,138,50,1292,12354,25376.14,912901,0
"2021-02-03",16350,748286,21243,200860,4,60,202,1356,19,157,221,1513,37818,26028.71,950719,0
"2021-02-04",27048,775334,19650,220510,3,63,199,1555,10,167,209,1722,46910,26486.29,997629,0
"2021-02-05",27601,802935,20031,240541,0,63,183,1738,15,182,198,1920,47830,27135.71,1045459,0
"2021-02-06",22993,825928,11247,251788,0,63,109,1847,11,193,120,2040,34360,28833.86,1079819,0
"2021-02-07",12043,837971,8282,260070,1,64,91,1938,13,206,104,2144,20430,29470.43,1100249,0
"2021-02-08",16968,854939,23510,283580,2,66,235,2173,33,239,268,2412,40748,34350,1140997,0
"2021-02-09",17193,872132,28111,311691,2,68,331,2504,43,282,374,2786,45680,39110.86,1186677,0
"2021-02-10",19591,891723,29313,341004,2,70,258,2762,49,331,307,3093,49213,40738.71,1235890,0
"2021-02-11",27849,919572,33468,374472,2,72,343,3105,58,389,401,3494,61720,42854.43,1297610,0
"2021-02-12",38395,957967,30797,405269,3,75,354,3459,38,427,392,3886,69587,45962.57,1367197,0
"2021-02-13",28008,985975,25309,430578,2,77,311,3770,50,477,361,4247,53680,48722.57,1420877,0
"2021-02-14",16282,1002257,23731,454309,0,77,258,4028,32,509,290,4537,40303,51561.57,1461180,0
"2021-02-15",12795,1015052,10527,464836,2,79,168,4196,23,532,191,4728,23515,49099.71,1484695,0
"2021-02-16",14239,1029291,26733,491569,0,79,320,4516,35,567,355,5083,41327,48477.86,1526022,0
"2021-02-17",16394,1045685,22192,513761,1,80,284,4800,37,604,321,5404,38908,47005.71,1564930,0
"2021-02-18",12153,1057838,24992,538753,21,101,286,5086,43,647,329,5733,37495,43545,1602425,0
"2021-02-19",13265,1071103,23932,562685,39,140,304,5390,43,690,347,6080,37583,38973,1640008,0
"2021-02-20",11352,1082455,26075,588760,6,146,325,5715,78,768,403,6483,37836,36709.57,1677844,0
"2021-02-21",6362,1088817,17421,606181,15,161,284,5999,42,810,326,6809,24124,34398.29,1701968,0
"2021-02-22",13043,1101860,11847,618028,2,163,124,6123,20,830,144,6953,25036,34615.57,1727004,0
"2021-02-23",25244,1127104,14148,632176,1,164,160,6283,35,865,195,7148,39588,34367.14,1766592,0
"2021-02-24",36364,1163468,20388,652564,0,164,224,6507,36,901,260,7408,57012,36953.43,1823604,0
"2021-02-25",54617,1218085,30388,682952,6,170,394,6901,65,966,459,7867,85470,43807,1909074,0
"2021-02-26",62874,1280959,31872,714824,4,174,408,7309,75,1041,483,8350,95233,52042.71,2004307,0
"2021-02-27",51295,1332254,22753,737577,47,221,332,7641,51,1092,383,8733,74478,57277.29,2078785,0
"2021-02-28",44596,1376850,13821,751398,7,228,204,7845,33,1125,237,8970,58661,62211.14,2137446,0
"2021-03-01",39319,1416169,12778,764176,10,238,165,8010,25,1150,190,9160,52297,66105.57,2189743,0
"2021-03-02",47084,1463253,12575,776751,7,245,160,8170,14,1164,174,9334,59840,68998.71,2249583,0
"2021-03-03",48607,1511860,16157,792908,17,262,146,8316,21,1185,167,9501,64948,70132.43,2314531,0
"2021-03-04",59818,1571678,22821,815729,1092,1354,272,8588,34,1219,306,9807,84037,69927.71,2398568,0
"2021-03-05",60990,1632668,24282,840011,3109,4463,328,8916,34,1253,362,10169,88743,69000.57,2487311,0
"2021-03-06",47180,1679848,18884,858895,5451,9914,236,9152,34,1287,270,10439,71785,68615.86,2559096,0
"2021-03-07",36047,1715895,14877,873772,6245,16159,228,9380,20,1307,248,10687,57417,68438.14,2616513,0
"2021-03-08",39628,1755523,14675,888447,8564,24723,314,9694,91,1398,405,11092,63272,70006,2679785,0
"2021-03-09",39109,1794632,12845,901292,7764,32487,179,9873,33,1431,212,11304,59930,70018.86,2739715,0
"2021-03-10",51832,1846464,15340,916632,5067,37554,228,10101,31,1462,259,11563,72498,71097.43,2812213,0
"2021-03-11",59993,1906457,21806,938438,4618,42172,251,10352,48,1510,299,11862,86716,71480.14,2898929,0
"2021-03-12",52206,1958663,30309,968747,4183,46355,372,10724,80,1590,452,12314,87150,71252.57,2986079,0
"2021-03-13",40653,1999316,26685,995432,5109,51464,323,11047,52,1642,375,12689,72822,71400.71,3058901,0
"2021-03-14",30718,2030034,15966,1011398,4527,55991,239,11286,26,1668,265,12954,51476,70552,3110377,0
"2021-03-15",33591,2063625,17252,1028650,4717,60708,233,11519,32,1700,265,13219,55825,69488.14,3166202,0
"2021-03-16",38679,2102304,20502,1049152,4925,65633,257,11776,35,1735,292,13511,64398,70126.43,3230600,0
"2021-03-17",42620,2144924,24790,1073942,4247,69880,337,12113,36,1771,373,13884,72030,70059.57,3302630,0
"2021-03-18",50457,2195381,26799,1100741,5239,75119,363,12476,61,1832,424,14308,82919,69517.14,3385549,0
"2021-03-19",47797,2243178,29953,1130694,5624,80743,390,12866,69,1901,459,14767,83833,69043.29,3469382,0
"2021-03-20",38714,2281892,25830,1156524,4687,85430,297,13163,60,1961,357,15124,69588,68581.29,3538970,0
"2021-03-21",29302,2311194,19357,1175881,770,86200,219,13382,42,2003,261,15385,49690,68326.14,3588660,0
"2021-03-22",33871,2345065,26732,1202613,4037,90237,260,13642,37,2040,297,15682,64937,69627.86,3653597,0
"2021-03-23",38437,2383502,32840,1235453,4219,94456,291,13933,55,2095,346,16028,75842,71262.71,3729439,0
"2021-03-24",41500,2425002,37594,1273047,4850,99306,326,14259,63,2158,389,16417,84333,73020.29,3813772,0
"2021-03-25",43418,2468420,50778,1323825,5055,104361,470,14729,85,2243,555,16972,99806,75432.71,3913578,0
"2021-03-26",38509,2506929,55505,1379330,4310,108671,522,15251,97,2340,619,17591,98943,77591.29,4012521,0
"2021-03-27",35739,2542668,45750,1425080,2939,111610,412,15663,82,2422,494,18085,84922,79781.86,4097443,0
"2021-03-28",26392,2569060,34454,1459534,1482,113092,328,15991,62,2484,390,18475,62718,81643,4160161,0
"2021-03-29",34820,2603880,38862,1498396,3247,116339,340,16331,110,2594,450,18925,77379,83420.43,4237540,0
"2021-03-30",40514,2644394,41917,1540313,3714,120053,335,16666,66,2660,401,19326,86546,84949.57,4324086,0
"2021-03-31",49399,2693793,44859,1585172,7442,127495,395,17061,86,2746,481,19807,102181,87499.29,4426267,0
"2021-04-01",50785,2744578,53943,1639115,11274,138769,500,17561,81,2827,581,20388,116583,89896,4542850,0
"2021-04-02",43762,2788340,53885,1693000,11971,150740,544,18105,68,2895,612,21000,110230,91508.43,4653080,0
"2021-04-03",39257,2827597,39210,1732210,9860,160600,337,18442,57,2952,394,21394,88721,92051.14,4741801,0
"2021-04-04",26561,2854158,24779,1756989,3902,164502,223,18665,49,3001,272,21666,55514,91022,4797315,0
"2021-04-05",41889,2896047,34485,1791474,11196,175698,370,19035,60,3061,430,22096,88000,92539.29,4885315,0
"2021-04-06",53271,2949318,35617,1827091,13221,188919,427,19462,71,3132,498,22594,102607,94833.71,4987922,0
"2021-04-07",55518,3004836,40691,1867782,14390,203309,392,19854,77,3209,469,23063,111068,96103.29,5098990,0
"2021-04-08",59270,3064106,46586,1914368,16340,219649,514,20368,77,3286,591,23654,122787,96989.57,5221777,0
"2021-04-09",56648,3120754,44960,1959328,17551,237200,512,20880,77,3363,589,24243,119748,98349.29,5341525,0
"2021-04-10",49353,3170107,35642,1994970,12728,249928,386,21266,60,3423,446,24689,98169,99699,5439694,0
"2021-04-11",38187,3208294,28818,2023788,7683,257611,292,21558,56,3479,348,25037,75036,102487.86,5514730,0
"2021-04-12",46642,3254936,31848,2055636,13496,271107,463,22021,63,3542,526,25563,92512,103132.43,5607242,0
"2021-04-13",52543,3307479,33795,2089431,368,271475,395,22416,59,3601,454,26017,87160,100925.71,5694402,0
"2021-04-14",50151,3357630,39959,2129390,20,271495,365,22781,67,3668,432,26449,90562,97996.29,5784964,0
"2021-04-15",52129,3409759,43678,2173068,16,271511,452,23233,103,3771,555,27004,96378,94223.57,5881342,0
"2021-04-16",51187,3460946,42218,2215286,32,271543,418,23651,65,3836,483,27487,93920,90533.86,5975262,0
"2021-04-17",43843,3504789,35692,2250978,3,271546,363,24014,83,3919,446,27933,79984,87936,6055246,0
"2021-04-18",28612,3533401,29371,2280349,7,271553,249,24263,61,3980,310,28243,58300,85545.14,6113546,0
"2021-04-19",37475,3570876,36449,2316798,22,271575,322,24585,61,4041,383,28626,74329,82947.57,6187875,0
"2021-04-20",40811,3611687,39626,2356424,19,271594,314,24899,75,4116,389,29015,80845,82045.43,6268720,0
"2021-04-21",38908,3650595,46009,2402433,16,271610,492,25391,95,4211,587,29602,85520,81325.14,6354240,0
"2021-04-22",38500,3689095,48962,2451395,9,271619,335,25726,73,4284,408,30010,87879,80111,6442119,0
"2021-04-23",39704,3728799,44383,2495778,4,271623,344,26070,69,4353,413,30423,84504,78765.86,6526623,0
"2021-04-24",31952,3760751,41604,2537382,44,271667,275,26345,59,4412,334,30757,73934,77901.57,6600557,0
"2021-04-25",18423,3779174,31231,2568613,86,271753,191,26536,54,4466,245,31002,49985,76713.71,6650542,0
"2021-04-26",26972,3806146,40737,2609350,1013,272766,282,26818,82,4548,364,31366,69086,75964.71,6719628,0
"2021-04-27",28575,3834721,47142,2656492,1697,274463,348,27166,92,4640,440,31806,77854,75537.43,6797482,0
"2021-04-28",27047,3861768,56836,2713328,2148,276611,425,27591,98,4738,523,32329,86554,75685.14,6884036,0
"2021-04-29",28611,3890379,57201,2770529,2148,278759,362,27953,99,4837,461,32790,88421,75762.57,6972457,0
"2021-04-30",30126,3920505,51988,2822517,2056,280815,280,28233,72,4909,352,33142,84522,75765.14,7056979,0
"2021-05-01",22482,3942987,44549,2867066,1177,281992,223,28456,63,4972,286,33428,68494,74988,7125473,0
"2021-05-02",11927,3954914,36654,2903720,1080,283072,137,28593,55,5027,192,33620,49853,74969.14,7175326,0
"2021-05-03",18033,3972947,53025,2956745,2383,285455,254,28847,88,5115,342,33962,73783,75640.14,7249109,0
"2021-05-04",22739,3995686,56648,3013393,2330,287785,265,29112,113,5228,378,34340,82095,76246,7331204,0
"2021-05-05",21478,4017164,48800,3062193,2313,290098,309,29421,98,5326,407,34747,72998,74309.43,7404202,0
"2021-05-06",20684,4037848,50178,3112371,2507,292605,270,29691,82,5408,352,35099,73721,72209.43,7477923,0
"2021-05-07",21258,4059106,52098,3164469,2813,295418,306,29997,70,5478,376,35475,76545,71069.86,7554468,0
"2021-05-08",16634,4075740,41870,3206339,1835,297253,227,30224,66,5544,293,35768,60632,69946.71,7615100,0
"2021-05-09",7977,4083717,29413,3235752,1260,298513,148,30372,56,5600,204,35972,38854,68375.43,7653954,0
"2021-05-10",14391,4098108,38540,3274292,2355,300868,231,30603,86,5686,317,36289,55603,65778.29,7709557,0
"2021-05-11",19916,4118024,43059,3317351,2514,303382,279,30882,83,5769,362,36651,65851,63457.71,7775408,0
"2021-05-12",17812,4135836,40536,3357887,3596,306978,228,31110,76,5845,304,36955,62248,61922,7837656,0
"2021-05-13",24975,4160811,40434,3398321,3230,310208,259,31369,73,5918,332,37287,68971,61243.43,7906627,0
"2021-05-14",27025,4187836,42916,3441237,3537,313745,280,31649,93,6011,373,37660,73851,60858.57,7980478,0
"2021-05-15",23652,4211488,34914,3476151,3366,317111,248,31897,74,6085,322,37982,62254,61090.29,8042732,0
"2021-05-16",15530,4227018,19443,3495594,2497,319608,125,32022,46,6131,171,38153,37641,60917,8080373,0
"2021-05-17",22676,4249694,29139,3524733,3257,322865,177,32199,66,6197,243,38396,55315,60875.86,8135688,0
"2021-05-18",24637,4274331,31908,3556641,3404,326269,236,32435,70,6267,306,38702,60255,60076.43,8195943,0
"2021-05-19",24195,4298526,29715,3586356,3040,329309,222,32657,46,6313,268,38970,57218,59357.86,8253161,0
"2021-05-20",24156,4322682,30084,3616440,3162,332471,272,32929,99,6412,371,39341,57773,57758.14,8310934,0
"2021-05-21",24687,4347369,32003,3648443,3060,335531,251,33180,60,6472,311,39652,60061,55788.14,8370995,0
"2021-05-22",20024,4367393,24357,3672800,2525,338056,162,33342,47,6519,209,39861,47115,53625.43,8418110,0
"2021-05-23",11236,4378629,13732,3686532,1411,339467,93,33435,32,6551,125,39986,26504,52034.43,8444614,0
"2021-05-24",18878,4397507,23157,3709689,2757,342224,213,33648,52,6603,265,40251,45057,50569,8489671,0
"2021-05-25",19433,4416940,23378,3733067,2601,344825,177,33825,70,6673,247,40498,45659,48483.86,8535330,0
"2021-05-26",18787,4435727,21085,3754152,2696,347521,199,34024,54,6727,253,40751,42821,46427.14,8578151,0
"2021-05-27",18472,4454199,21274,3775426,2529,350050,189,34213,63,6790,252,41003,42527,44249.14,8620678,0
"2021-05-28",17864,4472063,22888,3798314,2751,352801,186,34399,53,6843,239,41242,43742,41917.86,8664420,0
"2021-05-29",12710,4484773,17808,3816122,1755,354556,106,34505,39,6882,145,41387,32418,39818.29,8696838,0
"2021-05-30",7032,4491805,8949,3825071,1074,355630,47,34552,17,6899,64,41451,17119,38477.57,8713957,0
"2021-05-31",4743,4496548,6925,3831996,1012,356642,64,34616,16,6915,80,41531,12760,33863.71,8726717,0
"2021-06-01",16046,4512594,25196,3857192,2175,358817,151,34767,40,6955,191,41722,43608,33570.71,8770325,0
"2021-06-02",15351,4527945,20389,3877581,2094,360911,138,34905,46,7001,184,41906,38018,32884.57,8808343,0
"2021-06-03",15009,4542954,23818,3901399,2280,363191,128,35033,44,7045,172,42078,41279,32706.29,8849622,0
"2021-06-04",14731,4557685,25987,3927386,2492,365683,141,35174,39,7084,180,42258,43390,32656,8893012,0
"2021-06-05",10992,4568677,22086,3949472,1806,367489,112,35286,30,7114,142,42400,35026,33028.57,8928038,0
"2021-06-06",6446,4575123,14468,3963940,1222,368711,86,35372,13,7127,99,42499,22235,33759.43,8950273,0
"2021-06-07",11709,4586832,21788,3985728,2379,371090,138,35510,36,7163,174,42673,36050,37086.57,8986323,0
"2021-06-08",12647,4599479,24021,4009749,2072,373162,117,35627,44,7207,161,42834,38901,36414.14,9025224,0
"2021-06-09",11141,4610620,23025,4032774,2298,375460,133,35760,39,7246,172,43006,36636,36216.71,9061860,0
"2021-06-10",12071,4622691,22232,4055006,2462,377922,140,35900,56,7302,196,43202,36961,35599.86,9098821,0
"2021-06-11",12704,4635395,25123,4080129,2483,380405,151,36051,58,7360,209,43411,40519,35189.71,9139340,0
"2021-06-12",10167,4645562,19307,4099436,1888,382293,94,36145,38,7398,132,43543,31494,34685.14,9170834,0
"2021-06-13",4258,4649820,10936,4110372,1219,383512,41,36186,21,7419,62,43605,16475,33862.29,9187309,0
"2021-06-14",10208,4660028,19245,4129617,2042,385554,127,36313,51,7470,178,43783,31673,33237,9218982,0
"2021-06-15",11886,4671914,21009,4150626,1943,387497,131,36444,41,7511,172,43955,35010,32681.14,9253992,0
"2021-06-16",11591,4683505,19410,4170036,1956,389453,138,36582,66,7577,204,44159,33161,32184.71,9287153,0
"2021-06-17",11027,4694532,18763,4188799,1971,391424,120,36702,34,7611,154,44313,31915,31463.86,9319068,0
"2021-06-18",12167,4706699,18499,4207298,2116,393540,113,36815,35,7646,148,44461,32930,30379.71,9351998,0
"2021-06-19",8499,4715198,13520,4220818,1459,394999,81,36896,20,7666,101,44562,23579,29249,9375577,0
"2021-06-20",4335,4719533,7159,4227977,924,395923,37,36933,17,7683,54,44616,12472,28677.14,9388049,0
"2021-06-21",10162,4729695,10009,4237986,1806,397729,68,37001,28,7711,96,44712,22073,27305.71,9410122,0
"2021-06-22",9836,4739531,15641,4253627,1589,399318,104,37105,27,7738,131,44843,27197,26189.57,9437319,0
"2021-06-23",10314,4749845,15187,4268814,1860,401178,101,37206,28,7766,129,44972,27490,25379.43,9464809,0
"2021-06-24",9690,4759535,14697,4283511,1799,402977,118,37324,25,7791,143,45115,26329,24581.43,9491138,0
"2021-06-25",10589,4770124,14384,4297895,1722,404699,112,37436,37,7828,149,45264,26844,23712,9517982,0
"2021-06-26",7805,4777929,10464,4308359,1247,405946,74,37510,23,7851,97,45361,19613,23145.43,9537595,0
"2021-06-27",5001,4782930,6001,4314360,795,406741,33,37543,14,7865,47,45408,11844,23055.71,9549439,0
"2021-06-28",9032,4791962,10345,4324705,1524,408265,106,37649,26,7891,132,45540,21033,22907.14,9570472,0
"2021-06-29",9749,4801711,12316,4337021,1347,409612,123,37772,28,7919,151,45691,23563,22388,9594035,0
"2021-06-30",9431,4811142,10926,4347947,1481,411093,147,37919,16,7935,163,45854,22001,21603.86,9616036,0
"2021-07-01",9397,4820539,10928,4358875,1431,412524,126,38045,24,7959,150,46004,21906,20972,9637942,0
"2021-07-02",9695,4830234,11441,4370316,1541,414065,120,38165,23,7982,143,46147,22820,20397.14,9660762,0
"2021-07-03",7059,4837293,8422,4378738,1193,415258,75,38240,16,7998,91,46238,16765,19990.29,9677527,0
"2021-07-04",1288,4838581,1336,4380074,567,415825,8,38248,3,8001,11,46249,3202,18755.71,9680729,0
"2021-07-05",6495,4845076,7105,4387179,1208,417033,64,38312,19,8020,83,46332,14891,17878.29,9695620,0
"2021-07-06",9512,4854588,12851,4400030,1316,418349,115,38427,34,8054,149,46481,23828,17916.14,9719448,0
"2021-07-07",8671,4863259,11108,4411138,1419,419768,121,38548,18,8072,139,46620,21337,17821.29,9740785,0
"2021-07-08",8208,4871467,10191,4421329,1260,421028,107,38655,21,8093,128,46748,19787,17518.57,9760572,0
"2021-07-09",8377,4879844,10832,4432161,1279,422307,88,38743,17,8110,105,46853,20593,17200.43,9781165,0
"2021-07-10",7107,4886951,8629,4440790,1132,423439,62,38805,20,8130,82,46935,16950,17226.86,9798115,0
"2021-07-11",4105,4891056,4539,4445329,703,424142,34,38839,6,8136,40,46975,9387,18110.43,9807502,0
"2021-07-12",8455,4899511,9554,4454883,1250,425392,81,38920,20,8156,101,47076,19360,18748.86,9826862,0
"2021-07-13",9463,4908974,9390,4464273,951,426343,104,39024,33,8189,137,47213,19941,18193.57,9846803,0
"2021-07-14",9002,4917976,9531,4473804,1009,427352,102,39126,19,8208,121,47334,19663,17954.43,9866466,0
"2021-07-15",8791,4926767,9153,4482957,1051,428403,82,39208,17,8225,99,47433,19094,17855.43,9885560,0
"2021-07-16",9243,4936010,9761,4492718,978,429381,102,39310,31,8256,133,47566,20115,17787.14,9905675,0
"2021-07-17",6845,4942855,7385,4500103,802,430183,79,39389,19,8275,98,47664,15130,17527.14,9920805,0
"2021-07-18",4259,4947114,4283,4504386,569,430752,35,39424,14,8289,49,47713,9160,17494.71,9929965,0
"2021-07-19",9126,4956240,8467,4512853,999,431751,89,39513,20,8309,109,47822,18701,17400.57,9948666,0
"2021-07-20",10651,4966891,8758,4521611,991,432742,93,39606,24,8333,117,47939,20517,17482.86,9969183,0
"2021-07-21",10053,4976944,8763,4530374,903,433645,145,39751,30,8363,175,48114,19894,17515.86,9989077,0
"2021-07-22",10688,4987632,8583,4538957,1045,434690,142,39893,25,8388,167,48281,20483,17714.29,10009560,0
"2021-07-23",11254,4998886,8880,4547837,1114,435804,137,40030,22,8410,159,48440,21407,17898.86,10030967,0
"2021-07-24",7404,5006290,6735,4554572,670,436474,81,40111,22,8432,103,48543,14912,17867.71,10045879,0
"2021-07-25",5477,5011767,2126,4556698,509,436983,59,40170,4,8436,63,48606,8175,17727,10054054,0
"2021-07-26",10876,5022643,6999,4563697,859,437842,109,40279,16,8452,125,48731,18859,17749.57,10072913,0
"2021-07-27",12057,5034700,8566,4572263,857,438699,132,40411,34,8486,166,48897,21646,17910.86,10094559,0
"2021-07-28",11994,5046694,8048,4580311,950,439649,131,40542,24,8510,155,49052,21147,18089.86,10115706,0
"2021-07-29",10935,5057629,7428,4587739,984,440633,132,40674,39,8549,171,49223,19518,17952,10135224,0
"2021-07-30",14955,5072584,8009,4595748,1150,441783,181,40855,27,8576,208,49431,24322,18368.43,10159546,0
"2021-07-31",9731,5082315,6310,4602058,816,442599,119,40974,20,8596,139,49570,16996,18666.14,10176542,0
"2021-08-01",6503,5088818,3308,4605366,564,443163,81,41055,19,8615,100,49670,10475,18994.71,10187017,0
"2021-08-02",13452,5102270,7153,4612519,847,444010,144,41199,18,8633,162,49832,21614,19388.29,10208631,0
"2021-08-03",15414,5117684,8382,4620901,1109,445119,144,41343,32,8665,176,50008,25081,19879,10233712,0
"2021-08-04",17259,5134943,8125,4629026,1454,446573,179,41522,30,8695,209,50217,27047,20721.86,10260759,0
"2021-08-05",17865,5152808,7927,4636953,1366,447939,161,41683,17,8712,178,50395,27336,21838.71,10288095,0
"2021-08-06",18179,5170987,8413,4645366,1233,449172,162,41845,30,8742,192,50587,28017,22366.57,10316112,0
"2021-08-07",13388,5184375,6014,4651380,799,449971,100,41945,27,8769,127,50714,20328,22842.57,10336440,0
"2021-08-08",9308,5193683,3838,4655218,399,450370,82,42027,8,8777,90,50804,13635,23294,10350075,0
"2021-08-09",21341,5215024,8526,4663744,963,451333,168,42195,32,8809,200,51004,31030,24639.14,10381105,0
"2021-08-10",18921,5233945,9331,4673075,947,452280,174,42369,32,8841,206,51210,29405,25256.86,10410510,0
"2021-08-11",15649,5249594,8308,4681383,853,453133,129,42498,37,8878,166,51376,24976,24961,10435486,0
"2021-08-12",15045,5264639,8978,4690361,940,454073,170,42668,31,8909,201,51577,25164,24650.71,10460650,0
"2021-08-13",14927,5279566,9290,4699651,921,454994,238,42906,35,8944,273,51850,25411,24278.43,10486061,0
"2021-08-14",10409,5289975,6405,4706056,625,455619,529,43435,38,8982,567,52417,18006,23946.71,10504067,0
"2021-08-15",6696,5296671,4475,4710531,676,456295,567,44002,30,9012,597,53014,12444,23776.57,10516511,0
"2021-08-16",15725,5312396,9296,4719827,1149,457444,1318,45320,61,9073,1379,54393,27549,23279.29,10544060,0
"2021-08-17",17779,5330175,10435,4730262,1223,458667,1764,47084,76,9149,1840,56233,31277,23546.71,10575337,0
"2021-08-18",17510,5347685,10359,4740621,1261,459928,1984,49068,90,9239,2074,58307,31204,24436.43,10606541,0
"2021-08-19",16305,5363990,9517,4750138,1315,461243,1947,51015,63,9302,2010,60317,29147,25005.43,10635688,0
"2021-08-20",16286,5380276,11537,4761675,1254,462497,1851,52866,81,9383,1932,62249,31009,25805.14,10666697,0
"2021-08-21",11152,5391428,8042,4769717,878,463375,1053,53919,52,9435,1105,63354,21177,26258.14,10687874,0
"2021-08-22",4081,5395509,3901,4773618,262,463637,514,54433,31,9466,545,63899,8789,25736,10696663,0
"2021-08-23",15582,5411091,11792,4785410,1023,464660,1546,55979,72,9538,1618,65517,30015,26088.29,10726678,0
"2021-08-24",16917,5428008,12597,4798007,1006,465666,1772,57751,72,9610,1844,67361,32364,26243.57,10759042,0
"2021-08-25",14588,5442596,12440,4810447,1110,466776,1562,59313,74,9684,1636,68997,29774,26039.29,10788816,0
"2021-08-26",16170,5458766,14084,4824531,1072,467848,1766,61079,65,9749,1831,70828,33157,26612.14,10821973,0
"2021-08-27",14886,5473652,14820,4839351,971,468819,1665,62744,74,9823,1739,72567,32416,26813.14,10854389,0
"2021-08-28",10685,5484337,11522,4850873,836,469655,1008,63752,42,9865,1050,73617,24093,27229.71,10878482,0
"2021-08-29",7220,5491557,7495,4858368,541,470196,776,64528,54,9919,830,74447,16086,28272.14,10894568,0
"2021-08-30",15526,5507083,16927,4875295,1077,471273,1790,66318,79,9998,1869,76316,35399,29041.29,10929967,0
"2021-08-31",15522,5522605,15950,4891245,951,472224,1969,68287,84,10082,2053,78369,34476,29343,10964443,0
"2021-09-01",14833,5537438,14097,4905342,1021,473245,1804,70091,60,10142,1864,80233,31815,29634.57,10996258,0
"2021-09-02",14337,5551775,12518,4917860,896,474141,1698,71789,60,10202,1758,81991,29509,29113.43,11025767,0
"2021-09-03",15016,5566791,14298,4932158,974,475115,1892,73681,69,10271,1961,83952,32249,29089.57,11058016,0
"2021-09-04",9646,5576437,9407,4941565,688,475803,967,74648,34,10305,1001,84953,20742,28610.86,11078758,0
"2021-09-05",6802,5583239,5513,4947078,438,476241,708,75356,13,10318,721,85674,13474,28237.71,11092232,0
"2021-09-06",5197,5588436,4512,4951590,358,476599,270,75626,11,10329,281,85955,10348,24659,11102580,0
"2021-09-07",15572,5604008,17693,4969283,912,477511,1546,77172,83,10412,1629,87584,35806,24849,11138386,0
"2021-09-08",16164,5620172,14823,4984106,1073,478584,1763,78935,76,10488,1839,89423,33899,25146.71,11172285,0
"2021-09-09",16119,5636291,14745,4998851,1047,479631,1906,80841,70,10558,1976,91399,33887,25772.14,11206172,0
"2021-09-10",18369,5654660,15393,5014244,1208,480839,1967,82808,79,10637,2046,93445,37016,26453.14,11243188,0
"2021-09-11",12633,5667293,10346,5024590,958,481797,1022,83830,47,10684,1069,94514,25006,27062.29,11268194,0
"2021-09-12",8533,5675826,5051,5029641,766,482563,688,84518,28,10712,716,95230,15066,27289.71,11283260,0
"2021-09-13",16936,5692762,12946,5042587,977,483540,1646,86164,53,10765,1699,96929,32558,30462.57,11315818,0
"2021-09-14",16273,5709035,13677,5056264,886,484426,1590,87754,48,10813,1638,98567,32474,29986.57,11348292,0
"2021-09-15",15546,5724581,12872,5069136,727,485153,1565,89319,81,10894,1646,100213,30791,29542.57,11379083,0
"2021-09-16",15343,5739924,13906,5083042,1210,486363,1452,90771,63,10957,1515,101728,31974,29269.29,11411057,0
"2021-09-17",14437,5754361,13962,5097004,922,487285,1825,92596,54,11011,1879,103607,31200,28438.43,11442257,0
"2021-09-18",10004,5764365,10174,5107178,913,488198,1046,93642,38,11049,1084,104691,22175,28034,11464432,0
"2021-09-19",6178,5770543,6071,5113249,558,488756,744,94386,28,11077,772,105463,13579,27821.57,11478011,0
"2021-09-20",12679,5783222,12629,5125878,1068,489824,1919,96305,54,11131,1973,107436,28349,27220.29,11506360,0
"2021-09-21",12238,5795460,12769,5138647,1110,490934,2017,98322,74,11205,2091,109527,28208,26610.86,11534568,0
"2021-09-22",12824,5808284,11999,5150646,1089,492023,1683,100005,66,11271,1749,111276,27661,26163.71,11562229,0
"2021-09-23",14946,5823230,12755,5163401,1639,493662,2260,102265,73,11344,2333,113609,31673,26120.71,11593902,0
"2021-09-24",16452,5839682,13366,5176767,1633,495295,4622,106887,109,11453,4731,118340,36182,26832.43,11630084,0
"2021-09-25",10545,5850227,9023,5185790,1018,496313,3451,110338,77,11530,3528,121868,24114,27109.43,11654198,0
"2021-09-26",6304,5856531,5764,5191554,774,497087,2419,112757,55,11585,2474,124342,15316,27357.57,11669514,0
"2021-09-27",14165,5870696,8053,5199607,1155,498242,9044,121801,157,11742,9201,133543,32574,27961.14,11702088,0
"2021-09-28",11154,5881850,11774,5211381,901,499143,9896,131697,170,11912,10066,143609,33895,28773.57,11735983,0
"2021-09-29",11607,5893457,12193,5223574,1206,500349,9442,141139,155,12067,9597,153206,34603,29765.29,11770586,0
"2021-09-30",12246,5905703,12601,5236175,1339,501688,9723,150862,167,12234,9890,163096,36076,30394.29,11806662,0
"2021-10-01",12650,5918353,13427,5249602,1284,502972,10253,161115,144,12378,10397,173493,37758,30619.43,11844420,0
"2021-10-02",7738,5926091,9971,5259573,865,503837,4232,165347,76,12454,4308,177801,22882,30443.43,11867302,0
"2021-10-03",5081,5931172,6155,5265728,593,504430,2609,167956,53,12507,2662,180463,14491,30325.57,11881793,0
"2021-10-04",9916,5941088,11023,5276751,913,505343,9506,177462,138,12645,9644,190107,31496,30171.57,11913289,0
"2021-10-05",10174,5951262,11732,5288483,972,506315,9926,187388,166,12811,10092,200199,32970,30039.43,11946259,0
"2021-10-06",9925,5961187,11055,5299538,937,507252,9916,197304,149,12960,10065,210264,31982,29665,11978241,0
"2021-10-07",9671,5970858,12192,5311730,852,508104,10181,207485,165,13125,10346,220610,33061,29234.29,12011302,0
"2021-10-08",9468,5980326,12172,5323902,942,509046,10896,218381,155,13280,11051,231661,33633,28645,12044935,0
"2021-10-09",6265,5986591,8276,5332178,649,509695,4113,222494,88,13368,4201,235862,19391,28146.29,12064326,0
"2021-10-10",3545,5990136,5023,5337201,458,510153,2433,224927,40,13408,2473,238335,11499,27718.86,12075825,0
"2021-10-11",7628,5997764,9330,5346531,728,510881,8882,233809,151,13559,9033,247368,26719,27036.43,12102544,0
"2021-10-12",8079,6005843,11000,5357531,891,511772,10498,244307,178,13737,10676,258044,30646,26704.43,12133190,0
"2021-10-13",7164,6013007,10142,5367673,869,512641,8788,253095,170,13907,8958,267002,27133,26011.71,12160323,0
"2021-10-14",7453,6020460,11110,5378783,836,513477,10101,263196,156,14063,10257,277259,29656,25525.29,12189979,0
"2021-10-15",7735,6028195,11863,5390646,823,514300,10795,273991,160,14223,10955,288214,31376,25202.86,12221355,0
"2021-10-16",4870,6033065,7464,5398110,666,514966,3833,277824,66,14289,3899,292113,16899,24846.86,12238254,0
"2021-10-17",3061,6036126,4474,5402584,411,515377,2448,280272,40,14329,2488,294601,10434,24694.71,12248688,0
"2021-10-18",7059,6043185,10662,5413246,796,516173,9462,289734,161,14490,9623,304224,28140,24897.71,12276828,0
"2021-10-19",6581,6049766,8943,5422189,804,516977,9071,298805,160,14650,9231,313455,25559,24171,12302387,0
"2021-10-20",6544,6056310,9376,5431565,975,517952,9970,308775,165,14815,10135,323590,27030,24156.29,12329417,0
"2021-10-21",7036,6063346,9378,5440943,858,518810,10831,319606,143,14958,10974,334564,28246,23954.86,12357663,0
"2021-10-22",8139,6071485,10343,5451286,1027,519837,16327,335933,207,15165,16534,351098,36043,24621.57,12393706,0
"2021-10-23",5176,6076661,6457,5457743,690,520527,9116,345049,109,15274,9225,360323,21548,25285.71,12415254,0
"2021-10-24",3276,6079937,3972,5461715,770,521297,6147,351196,74,15348,6221,366544,14239,25829.29,12429493,0
"2021-10-25",8786,6088723,8742,5470457,1149,522446,19238,370434,278,15626,19516,386060,38193,27265.43,12467686,0
"2021-10-26",8211,6096934,7724,5478181,1259,523705,17279,387713,251,15877,17530,403590,34724,28574.71,12502410,0
"2021-10-27",10580,6107514,8392,5486573,1604,525309,20833,408546,300,16177,21133,424723,41709,30671.71,12544119,0
"2021-10-28",11343,6118857,8040,5494613,1793,527102,20825,429371,305,16482,21130,445853,42306,32680.29,12586425,0
"2021-10-29",11848,6130705,8241,5502854,1963,529065,22516,451887,310,16792,22826,468679,44878,33942.43,12631303,0
"2021-10-30",4635,6135340,5058,5507912,932,529997,11155,463042,157,16949,11312,479991,21937,33998,12653240,0
"2021-10-31",2667,6138007,2702,5510614,544,530541,6633,469675,93,17042,6726,486717,12639,33769.43,12665879,0
"2021-11-01",7152,6145159,6959,5517573,1089,531630,20363,490038,307,17349,20670,507387,35870,33437.57,12701749,0
"2021-11-02",6595,6151754,6588,5524161,1055,532685,20758,510796,259,17608,21017,528404,35255,33513.43,12737004,0
"2021-11-03",6861,6158615,6681,5530842,1026,533711,20613,531409,285,17893,20898,549302,35466,32621.57,12772470,0
"2021-11-04",9320,6167935,6279,5537121,995,534706,22341,553750,333,18226,22674,571976,39268,32187.57,12811738,0
"2021-11-05",11075,6179010,6723,5543844,1051,535757,23747,577497,331,18557,24078,596054,42927,31908.86,12854665,0
"2021-11-06",11134,6190144,4051,5547895,594,536351,12584,590081,159,18716,12743,608797,28522,32849.57,12883187,0
"2021-11-07",7261,6197405,2286,5550181,577,536928,7100,597181,88,18804,7188,615985,17312,33517.14,12900499,0
"2021-11-08",15064,6212469,5679,5555860,866,537794,19495,616676,265,19069,19760,635745,41369,34302.71,12941868,0
"2021-11-09",16162,6228631,5388,5561248,661,538455,20502,637178,257,19326,20759,656504,42970,35404.86,12984838,0
"2021-11-10",16950,6245581,5323,5566571,683,539138,22622,659800,277,19603,22899,679403,45855,36889,13030693,0
"2021-11-11",12590,6258171,5189,5571760,760,539898,22065,681865,277,19880,22342,701745,40881,37119.43,13071574,0
"2021-11-12",16909,6275080,5686,5577446,707,540605,23375,705240,348,20228,23723,725468,47025,37704.86,13118599,0
"2021-11-13",9951,6285031,3663,5581109,465,541070,13313,718553,170,20398,13483,738951,27562,37567.71,13146161,0
"2021-11-14",6026,6291057,2293,5583402,325,541395,7921,726474,72,20470,7993,746944,16637,37471.29,13162798,0
"2021-11-15",13250,6304307,5970,5589372,690,542085,25085,751559,333,20803,25418,772362,45328,38036.86,13208126,0
"2021-11-16",9992,6314299,5786,5595158,656,542741,30643,782202,399,21202,31042,803404,47476,38680.57,13255602,0
"2021-11-17",10330,6324629,6678,5601836,681,543422,31384,813586,391,21593,31775,835179,49464,39196.14,13305066,0
"2021-11-18",10748,6335377,6547,5608383,860,544282,32978,846564,423,22016,33401,868580,51556,40721.14,13356622,0
"2021-11-19",12044,6347421,6558,5614941,715,544997,36221,882785,430,22446,36651,905231,55968,41998.71,13412590,0
"2021-11-20",9353,6356774,3418,5618359,514,545511,22494,905279,242,22688,22736,927967,36021,43207.14,13448611,0
"2021-11-21",4970,6361744,1887,5620246,288,545799,13189,918468,142,22830,13331,941298,20476,43755.57,13469087,0
"2021-11-22",10465,6372209,5792,5626038,752,546551,35891,954359,413,23243,36304,977602,53313,44896.29,13522400,0
"2021-11-23",9830,6382039,4779,5630817,636,547187,33490,987849,353,23596,33843,1011445,49088,45126.57,13571488,0
"2021-11-24",8734,6390773,4753,5635570,651,547838,25893,1013742,263,23859,26156,1037601,40294,43816.57,13611782,0
"2021-11-25",450,6391223,325,5635895,80,547918,1002,1014744,8,23867,1010,1038611,1865,36717.86,13613647,0
"2021-11-26",8074,6399297,6989,5642884,531,548449,26566,1041310,276,24143,26842,1065453,42436,34784.71,13656083,0
"2021-11-27",6695,6405992,6835,5649719,371,548820,18830,1060140,206,24349,19036,1084489,32937,34344.14,13689020,0
"2021-11-28",4086,6410078,5782,5655501,281,549101,11870,1072010,112,24461,11982,1096471,22131,34580.57,13711151,0
"2021-11-29",9115,6419193,10984,5666485,687,549788,35005,1107015,405,24866,35410,1131881,56196,34992.43,13767347,0
"2021-11-30",10540,6429733,11434,5677919,513,550301,37762,1144777,463,25329,38225,1170106,60712,36653,13828059,0
"2021-12-01",11210,6440943,10984,5688903,723,551024,40311,1185088,414,25743,40725,1210831,63642,39988.43,13891701,0
"2021-12-02",11687,6452630,11029,5699932,626,551650,42129,1227217,435,26178,42564,1253395,65906,49137.14,13957607,0
"2021-12-03",13530,6466160,12884,5712816,677,552327,47889,1275106,493,26671,48382,1301777,75473,53856.71,14033080,0
"2021-12-04",9870,6476030,11288,5724104,567,552894,30658,1305764,287,26958,30945,1332722,52670,56675.71,14085750,0
"2021-12-05",5768,6481798,5705,5729809,270,553164,16646,1322410,120,27078,16766,1349488,28509,57586.86,14114259,0
"2021-12-06",12371,6494169,9956,5739765,601,553765,43208,1365618,416,27494,43624,1393112,66552,59066.29,14180811,0
"2021-12-07",12637,6506806,9255,5749020,624,554389,43006,1408624,474,27968,43480,1436592,65996,59821.14,14246807,0
"2021-12-08",13572,6520378,8761,5757781,554,554943,40761,1449385,449,28417,41210,1477802,64097,59886.14,14310904,0
"2021-12-09",13543,6533921,8760,5766541,556,555499,40783,1490168,459,28876,41242,1519044,64101,59628.29,14375005,0
"2021-12-10",14069,6547990,10139,5776680,670,556169,43626,1533794,473,29349,44099,1563143,68977,58700.29,14443982,0
"2021-12-11",10286,6558276,8116,5784796,405,556574,26687,1560481,259,29608,26946,1590089,45753,57712.14,14489735,0
"2021-12-12",6034,6564310,3854,5788650,288,556862,15151,1575632,129,29737,15280,1605369,25456,57276,14515191,0
"2021-12-13",12264,6576574,7425,5796075,657,557519,37848,1613480,373,30110,38221,1643590,58567,56135.29,14573758,0
"2021-12-14",12271,6588845,6955,5803030,731,558250,38113,1651593,410,30520,38523,1682113,58480,55061.57,14632238,0
"2021-12-15",12142,6600987,6240,5809270,756,559006,38088,1689681,463,30983,38551,1720664,57689,54146.14,14689927,0
"2021-12-16",13156,6614143,4274,5813544,742,559748,41016,1730697,420,31403,41436,1762100,59608,53504.29,14749535,0
"2021-12-17",15977,6630120,6933,5820477,621,560369,46724,1777421,443,31846,47167,1809267,70698,53750.14,14820233,0
"2021-12-18",13045,6643165,5719,5826196,432,560801,30586,1808007,252,32098,30838,1840105,50034,54361.71,14870267,0
"2021-12-19",7034,6650199,2995,5829191,326,561127,17988,1825995,160,32258,18148,1858253,28503,54797,14898770,0
"2021-12-20",16894,6667093,5864,5835055,747,561874,47397,1873392,529,32787,47926,1906179,71431,56634.71,14970201,0
"2021-12-21",17992,6685085,6570,5841625,806,562680,48860,1922252,550,33337,49410,1955589,74778,58963,15044979,0
"2021-12-22",18580,6703665,6561,5848186,938,563618,49603,1971855,500,33837,50103,2005692,76182,61604.86,15121161,0
"2021-12-23",19075,6722740,6483,5854669,929,564547,45784,2017639,492,34329,46276,2051968,72763,63484.14,15193924,0
"2021-12-24",9243,6731983,2953,5857622,598,565145,20587,2038226,198,34527,20785,2072753,33579,58181.43,15227503,0
"2021-12-25",343,6732326,64,5857686,31,565176,426,2038652,8,34535,434,2073187,872,51158.29,15228375,0
"2021-12-26",7978,6740304,3927,5861613,341,565517,17268,2055920,164,34699,17432,2090619,29678,51326.14,15258053,0
"2021-12-27",21814,6762118,9206,5870819,932,566449,43397,2099317,521,35220,43918,2134537,75870,51960.29,15333923,0
"2021-12-28",20178,6782296,8323,5879142,698,567147,47548,2146865,580,35800,48128,2182665,77327,52324.43,15411250,0
"2021-12-29",18516,6800812,7666,5886808,607,567754,45506,2192371,458,36258,45964,2228629,72753,51834.57,15484003,0
"2021-12-30",16893,6817705,7417,5894225,584,568338,44794,2237165,554,36812,45348,2273977,70242,51474.43,15554245,0
"2021-12-31",5363,6823068,2807,5897032,193,568531,14754,2251919,166,36978,14920,2288897,23283,50003.57,15577528,0
"2022-01-01",242,6823310,146,5897178,11,568542,498,2252417,13,36991,511,2289408,910,50009,15578438,0
"2022-01-02",6439,6829749,5017,5902195,153,568695,10974,2263391,100,37091,11074,2300482,22683,49009.71,15601121,0
"2022-01-03",14177,6843926,8471,5910666,515,569210,26863,2290254,282,37373,27145,2327627,50308,45358,15651429,0
"2022-01-04",13082,6857008,8080,5918746,412,569622,27006,2317260,336,37709,27342,2354969,48916,41299.29,15700345,0
"2022-01-05",11594,6868602,6980,5925726,384,570006,25754,2343014,287,37996,26041,2381010,44999,37334.43,15745344,0
"2022-01-06",11528,6880130,7378,5933104,485,570491,27443,2370457,313,38309,27756,2408766,47147,34035.14,15792491,0
"2022-01-07",10455,6890585,8420,5941524,337,570828,24964,2395421,295,38604,25259,2434025,44471,37062,15836962,0
"2022-01-08",7920,6898505,8555,5950079,310,571138,19412,2414833,166,38770,19578,2453603,36363,42126.71,15873325,0
"2022-01-09",4137,6902642,3844,5953923,214,571352,10056,2424889,87,38857,10143,2463746,18338,41506,15891663,0
"2022-01-10",10181,6912823,8187,5962110,490,571842,24593,2449482,280,39137,24873,2488619,43731,40566.43,15935394,0
"2022-01-11",8906,6921729,7992,5970102,520,572362,20985,2470467,267,39404,21252,2509871,38670,39102.71,15974064,0
"2022-01-12",8951,6930680,8314,5978416,428,572790,22309,2492776,278,39682,22587,2532458,40280,38428.57,16014344,0
"2022-01-13",9044,6939724,8854,5987270,449,573239,22832,2515608,293,39975,23125,2555583,41472,37617.86,16055816,0
"2022-01-14",10125,6949849,8119,5995389,476,573715,26401,2542009,302,40277,26703,2582286,45423,37753.86,16101239,0
"2022-01-15",6212,6956061,4306,5999695,178,573893,15147,2557156,165,40442,15312,2597598,26008,36274.57,16127247,0
"2022-01-16",2923,6958984,3250,6002945,95,573988,7815,2564971,78,40520,7893,2605491,14161,35677.86,16141408,0
"2022-01-17",6087,6965071,6761,6009706,363,574351,14653,2579624,204,40724,14857,2620348,28068,33440.29,16169476,0
"2022-01-18",8174,6973245,10303,6020009,397,574748,19643,2599267,309,41033,19952,2640300,38826,33462.57,16208302,0
"2022-01-19",7489,6980734,9243,6029252,305,575053,17687,2616954,259,41292,17946,2658246,34983,32705.86,16243285,0
"2022-01-20",6294,6987028,8560,6037812,305,575358,15234,2632188,227,41519,15461,2673707,30620,31155.57,16273905,0
"2022-01-21",7580,6994608,7490,6045302,276,575634,18481,2650669,270,41789,18751,2692458,34097,29537.57,16308002,0
"2022-01-22",5195,6999803,4932,6050234,131,575765,11299,2661968,118,41907,11417,2703875,21675,28918.57,16329677,0
"2022-01-23",2816,7002619,3328,6053562,97,575862,6223,2668191,74,41981,6297,2710172,12538,28686.71,16342215,0
"2022-01-24",6381,7009000,8190,6061752,262,576124,15062,2683253,229,42210,15291,2725463,30124,28980.43,16372339,0
"2022-01-25",6199,7015199,7927,6069679,232,576356,14670,2697923,251,42461,14921,2740384,29279,27616.57,16401618,0
"2022-01-26",5760,7020959,7163,6076842,289,576645,14006,2711929,198,42659,14204,2754588,27416,26535.57,16429034,0
"2022-01-27",5273,7026232,7082,6083924,321,576966,14058,2725987,222,42881,14280,2768868,26956,26012.14,16455990,0
"2022-01-28",6269,7032501,7857,6091781,203,577169,16106,2742093,226,43107,16332,2785200,30661,25521.29,16486651,0
"2022-01-29",842,7033343,727,6092508,28,577197,2535,2744628,38,43145,2573,2787773,4170,23020.57,16490821,0
"2022-01-30",2099,7035442,3022,6095530,103,577300,4532,2749160,61,43206,4593,2792366,9817,22631.86,16500638,0
"2022-01-31",5005,7040447,6591,6102121,219,577519,11360,2760520,192,43398,11552,2803918,23367,21666.57,16524005,0
"2022-02-01",4845,7045292,6436,6108557,219,577738,10691,2771211,204,43602,10895,2814813,22395,20683.14,16546400,0
"2022-02-02",4251,7049543,5916,6114473,214,577952,11214,2782425,231,43833,11445,2826258,21826,19884.57,16568226,0
"2022-02-03",4238,7053781,5800,6120273,216,578168,11208,2793633,192,44025,11400,2837658,21654,19127.14,16589880,0
"2022-02-04",4787,7058568,7105,6127378,214,578382,13197,2806830,232,44257,13429,2851087,25535,18394.86,16615415,0
"2022-02-05",3588,7062156,6042,6133420,110,578492,8561,2815391,144,44401,8705,2859792,18445,20434.14,16633860,0
"2022-02-06",2064,7064220,2135,6135555,121,578613,4630,2820021,102,44503,4732,2864524,9052,20324.86,16642912,0
"2022-02-07",4156,7068376,4723,6140278,205,578818,10125,2830146,226,44729,10351,2874875,19435,19763.14,16662347,0
"2022-02-08",4236,7072612,5602,6145880,214,579032,11313,2841459,299,45028,11612,2886487,21664,19658.71,16684011,0
"2022-02-09",4144,7076756,5397,6151277,222,579254,11648,2853107,242,45270,11890,2898377,21653,19634,16705664,0
"2022-02-10",4001,7080757,5114,6156391,245,579499,12185,2865292,272,45542,12457,2910834,21817,19657.29,16727481,0
"2022-02-11",4522,7085279,5802,6162193,194,579693,13720,2879012,308,45850,14028,2924862,24546,19516,16752027,0
"2022-02-12",3254,7088533,4339,6166532,97,579790,8798,2887810,210,46060,9008,2933870,16698,19266.43,16768725,0
"2022-02-13",1519,7090052,1542,6168074,41,579831,4879,2892689,102,46162,4981,2938851,8083,19128,16776808,0
"2022-02-14",2990,7093042,3619,6171693,166,579997,10554,2903243,317,46479,10871,2949722,17646,18872.43,16794454,0
"2022-02-15",3568,7096610,4067,6175760,176,580173,12760,2916003,272,46751,13032,2962754,20843,18755.14,16815297,0
"2022-02-16",3673,7100283,3898,6179658,200,580373,15686,2931689,284,47035,15970,2978724,23741,19053.43,16839038,0
"2022-02-17",4055,7104338,4082,6183740,162,580535,18251,2949940,347,47382,18598,2997322,26897,19779.14,16865935,0
"2022-02-18",4483,7108821,4776,6188516,190,580725,21523,2971463,441,47823,21964,3019286,31413,20760.14,16897348,0
"2022-02-19",3259,7112080,2178,6190694,65,580790,11165,2982628,210,48033,11375,3030661,16877,20785.71,16914225,0
"2022-02-20",1864,7113944,1444,6192138,59,580849,6575,2989203,110,48143,6685,3037346,10052,21067,16924277,0
"2022-02-21",3092,7117036,2687,6194825,95,580944,8348,2997551,218,48361,8566,3045912,14440,20609,16938717,0
"2022-02-22",4396,7121432,4243,6199068,175,581119,10814,3008365,244,48605,11058,3056970,19872,20470.29,16958589,0
"2022-02-23",4276,7125708,3787,6202855,145,581264,10648,3019013,232,48837,10880,3067850,19088,19805.57,16977677,0
"2022-02-24",3790,7129498,3650,6206505,108,581372,10174,3029187,226,49063,10400,3078250,17948,18527.14,16995625,0
"2022-02-25",3623,7133121,3619,6210124,134,581506,9973,3039160,224,49287,10197,3088447,17573,16550,17013198,0
"2022-02-26",2845,7135966,2578,6212702,74,581580,9503,3048663,149,49436,9652,3098099,15149,16303.14,17028347,0
"2022-02-27",1776,7137742,1373,6214075,52,581632,6265,3054928,96,49532,6361,3104460,9562,16233.14,17037909,0
"2022-02-28",3819,7141561,3129,6217204,140,581772,13107,3068035,243,49775,13350,3117810,20438,17090,17058347,0
"2022-03-01",2135,7143696,2613,6219817,103,581875,5159,3073194,180,49955,5339,3123149,10190,15706.86,17068537,0
"2022-03-02",1835,7145531,2434,6222251,106,581981,4116,3077310,204,50159,4320,3127469,8695,14222.14,17077232,0
"2022-03-03",1936,7147467,2557,6224808,107,582088,3792,3081102,167,50326,3959,3131428,8559,12880.86,17085791,0
"2022-03-04",2121,7149588,2870,6227678,66,582154,4321,3085423,205,50531,4526,3135954,9583,11739.43,17095374,0
"2022-03-05",1611,7151199,2124,6229802,43,582197,3310,3088733,109,50640,3419,3139373,7197,10603.43,17102571,0
"2022-03-06",801,7152000,878,6230680,30,582227,1621,3090354,54,50694,1675,3141048,3384,9720.86,17105955,0
"2022-03-07",1665,7153665,1784,6232464,86,582313,3491,3093845,158,50852,3649,3144697,7184,7827.43,17113139,0
"2022-03-08",1549,7155214,1892,6234356,80,582393,3120,3096965,146,50998,3266,3147963,6787,7341.29,17119926,0
"2022-03-09",1267,7156481,1665,6236021,79,582472,2575,3099540,129,51127,2704,3150667,5715,6915.57,17125641,0
"2022-03-10",1422,7157903,2097,6238118,85,582557,2948,3102488,157,51284,3105,3153772,6709,6651.29,17132350,0
"2022-03-11",1608,7159511,2266,6240384,81,582638,3206,3105694,184,51468,3390,3157162,7345,6331.57,17139695,0
"2022-03-12",878,7160389,1411,6241795,40,582678,1999,3107693,71,51539,2070,3159232,4399,5931.86,17144094,0
"2022-03-13",625,7161014,757,6242552,27,582705,1291,3108984,47,51586,1338,3160570,2747,5840.86,17146841,0
"2022-03-14",1376,7162390,1600,6244152,83,582788,2986,3111970,204,51790,3190,3163760,6249,5707.29,17153090,0
"2022-03-15",1362,7163752,1921,6246073,63,582851,3069,3115039,225,52015,3294,3167054,6640,5686.29,17159730,0
"2022-03-16",1398,7165150,2065,6248138,94,582945,3126,3118165,292,52307,3418,3170472,6975,5866.29,17166705,0
"2022-03-17",1183,7166333,1808,6249946,70,583015,2753,3120918,262,52569,3015,3173487,6076,5775.86,17172781,0
"2022-03-18",1585,7167918,2190,6252136,80,583095,3754,3124672,414,52983,4168,3177655,8023,5872.71,17180804,0
"2022-03-19",1114,7169032,1729,6253865,54,583149,2585,3127257,222,53205,2807,3180462,5704,6059.14,17186508,0
"2022-03-20",613,7169645,627,6254492,33,583182,1461,3128718,183,53388,1644,3182106,2917,6083.43,17189425,0
"2022-03-21",1422,7171067,1551,6256043,73,583255,3044,3131762,349,53737,3393,3185499,6439,6110.57,17195864,0
"2022-03-22",1345,7172412,1547,6257590,101,583356,2892,3134654,337,54074,3229,3188728,6222,6050.86,17202086,0
"2022-03-23",1261,7173673,1352,6258942,66,583422,2906,3137560,370,54444,3276,3192004,5955,5905.14,17208041,0
"2022-03-24",1213,7174886,1295,6260237,89,583511,2511,3140071,262,54706,2773,3194777,5370,5804.29,17213411,0
"2022-03-25",1389,7176275,1624,6261861,62,583573,3254,3143325,372,55078,3626,3198403,6701,5615.43,17220112,0
"2022-03-26",929,7177204,1159,6263020,36,583609,2289,3145614,249,55327,2538,3200941,4662,5466.57,17224774,0
"2022-03-27",574,7177778,527,6263547,29,583638,1311,3146925,201,55528,1512,3202453,2642,5427.29,17227416,0
"2022-03-28",1085,7178863,1156,6264703,68,583706,2436,3149361,354,55882,2790,3205243,5099,5235.86,17232515,0
"2022-03-29",1051,7179914,1105,6265808,85,583791,2505,3151866,870,56752,3375,3208618,5616,5149.29,17238131,0
"2022-03-30",1247,7181161,1140,6266948,98,583889,3050,3154916,3360,60112,6410,3215028,8895,5569.29,17247026,0
"2022-03-31",1286,7182447,1256,6268204,57,583946,3154,3158070,5437,65549,8591,3223619,11190,6400.71,17258216,0
"2022-04-01",1438,7183885,1492,6269696,76,584022,3242,3161312,6823,72372,10065,3233684,13071,7310.71,17271287,0
"2022-04-02",915,7184800,912,6270608,33,584055,2090,3163402,4467,76839,6557,3240241,8417,7847.14,17279704,0
"2022-04-03",559,7185359,499,6271107,28,584083,1224,3164626,3031,79870,4255,3244496,5341,8232.71,17285045,0
"2022-04-04",1354,7186713,1309,6272416,60,584143,2723,3167349,7604,87474,10327,3254823,13050,9368.57,17298095,0
"2022-04-05",1302,7188015,1158,6273574,66,584209,2852,3170201,7378,94852,10230,3265053,12756,10388.57,17310851,0
"2022-04-06",1319,7189334,1184,6274758,58,584267,2613,3172814,6866,101718,9479,3274532,12040,10837.86,17322891,0
"2022-04-07",1212,7190546,1060,6275818,54,584321,2369,3175183,6528,108246,8897,3283429,11223,10842.57,17334114,0
"2022-04-08",1488,7192034,1398,6277216,62,584383,3153,3178336,8649,116895,11802,3295231,14750,11082.43,17348864,0
"2022-04-09",937,7192971,917,6278133,28,584411,2057,3180393,4876,121771,6933,3302164,8815,11139.29,17357679,0
"2022-04-10",591,7193562,462,6278595,25,584436,1168,3181561,2860,124631,4028,3306192,5106,11105.71,17362785,0
"2022-04-11",1338,7194900,1227,6279822,59,584495,2648,3184209,7658,132289,10306,3316498,12930,11088.57,17375715,0
"2022-04-12",1214,7196114,1053,6280875,73,584568,2520,3186729,7314,139603,9834,3326332,12174,11005.43,17387889,0
"2022-04-13",1263,7197377,1063,6281938,59,584627,2492,3189221,7416,147019,9908,3336240,12293,11041.57,17400182,0
"2022-04-14",1279,7198656,1094,6283032,59,584686,2422,3191643,6501,153520,8923,3345163,11355,11060.43,17411537,0
"2022-04-15",1346,7200002,1090,6284122,53,584739,2551,3194194,6519,160039,9070,3354233,11559,10604.57,17423096,0
"2022-04-16",872,7200874,651,6284773,31,584770,1633,3195827,3619,163658,5252,3359485,6806,10317.57,17429902,0
"2022-04-17",348,7201222,203,6284976,27,584797,638,3196465,1139,164797,1777,3361262,2355,9924.57,17432257,0
"2022-04-18",1385,7202607,1111,6286087,82,584879,2576,3199041,6321,171118,8897,3370159,11475,9716.71,17443732,0
"2022-04-19",1413,7204020,934,6287021,72,584951,2564,3201605,5660,176778,8224,3378383,10643,9498,17454375,0
"2022-04-20",1313,7205333,1140,6288161,65,585016,2672,3204277,6542,183320,9214,3387597,11732,9417.86,17466107,0
"2022-04-21",1222,7206555,1061,6289222,52,585068,2317,3206594,5248,188568,7565,3395162,9900,9210,17476007,0
"2022-04-22",1217,7207772,1022,6290244,46,585114,2194,3208788,5533,194101,7727,3402889,10012,8989,17486019,0
"2022-04-23",721,7208493,747,6290991,59,585173,1422,3210210,3289,197390,4711,3407600,6238,8907.86,17492257,0
"2022-04-24",442,7208935,338,6291329,27,585200,811,3211021,1796,199186,2607,3410207,3414,9059.14,17495671,0
"2022-04-25",1025,7209960,909,6292238,64,585264,1847,3212868,5000,204186,6847,3417054,8845,8683.43,17504516,0
"2022-04-26",943,7210903,854,6293092,76,585340,1746,3214614,4600,208786,6346,3423400,8219,8337.14,17512735,0
"2022-04-27",1037,7211940,997,6294089,78,585418,1922,3216536,5096,213882,7018,3430418,9130,7965.43,17521865,0
"2022-04-28",1085,7213025,985,6295074,49,585467,1998,3218534,4685,218567,6683,3437101,8802,7808.57,17530667,0
"2022-04-29",1191,7214216,1098,6296172,61,585528,2149,3220683,5273,223840,7422,3444523,9772,7774.29,17540439,0
"2022-04-30",722,7214938,744,6296916,43,585571,1394,3222077,2933,226773,4327,3448850,5836,7716.86,17546275,0
"2022-05-01",450,7215388,371,6297287,21,585592,760,3222837,1636,228409,2396,3451246,3238,7691.71,17549513,0
"2022-05-02",1051,7216439,792,6298079,52,585644,1669,3224506,3736,232145,5405,3456651,7300,7471,17556813,0
"2022-05-03",1119,7217558,854,6298933,60,585704,1973,3226479,4773,236918,6746,3463397,8779,7551,17565592,0
"2022-05-04",1017,7218575,883,6299816,48,585752,1899,3228378,4542,241460,6441,3469838,8389,7445.14,17573981,0
"2022-05-05",1051,7219626,951,6300767,86,585838,1927,3230305,4810,246270,6737,3476575,8825,7448.43,17582806,0
"2022-05-06",1090,7220716,939,6301706,50,585888,1861,3232166,4313,250583,6174,3482749,8253,7231.43,17591059,0
"2022-05-07",657,7221373,588,6302294,30,585918,1199,3233365,2399,252982,3598,3486347,4873,7093.86,17595932,0
"2022-05-08",415,7221788,249,6302543,17,585935,669,3234034,1363,254345,2032,3488379,2713,7018.86,17598645,0
"2022-05-09",1077,7222865,937,6303480,62,585997,1869,3235903,4344,258689,6213,3494592,8289,7160.14,17606934,0
"2022-05-10",1096,7223961,929,6304409,54,586051,1985,3237888,4633,263322,6618,3501210,8697,7148.43,17615631,0
"2022-05-11",1091,7225052,970,6305379,44,586095,1922,3239810,4742,268064,6664,3507874,8769,7202.71,17624400,0
"2022-05-12",1096,7226148,944,6306323,58,586153,1992,3241802,4562,272626,6554,3514428,8652,7178,17633052,0
"2022-05-13",1159,7227307,1034,6307357,43,586196,2052,3243854,4718,277344,6770,3521198,9006,7285.57,17642058,0
"2022-05-14",824,7228131,668,6308025,31,586227,1464,3245318,2877,280221,4341,3525539,5864,7427.14,17647922,0
"2022-05-15",512,7228643,354,6308379,21,586248,913,3246231,1665,281886,2578,3528117,3465,7534.57,17651387,0
"2022-05-16",1222,7229865,844,6309223,59,586307,1809,3248040,3763,285649,5572,3533689,7697,7450,17659084,0
"2022-05-17",1297,7231162,917,6310140,79,586386,2033,3250073,4782,290431,6815,3540504,9108,7508.71,17668192,0
"2022-05-18",1241,7232403,904,6311044,82,586468,2057,3252130,4831,295262,6888,3547392,9115,7558.14,17677307,0
"2022-05-19",1167,7233570,868,6311912,35,586503,2098,3254228,4642,299904,6740,3554132,8810,7580.71,17686117,0
"2022-05-20",1186,7234756,946,6312858,73,586576,2348,3256576,5082,304986,7430,3561562,9635,7670.57,17695752,0
"2022-05-21",835,7235591,646,6313504,23,586599,1702,3258278,3227,308213,4929,3566491,6433,7751.86,17702185,0
"2022-05-22",511,7236102,287,6313791,21,586620,1131,3259409,1816,310029,2947,3569438,3766,7794.86,17705951,0
"2022-05-23",1218,7237320,887,6314678,44,586664,2157,3261566,4604,314633,6761,3576199,8910,7968.14,17714861,0
"2022-05-24",1423,7238743,923,6315601,61,586725,2214,3263780,4369,319002,6583,3582782,8990,7951.29,17723851,0
"2022-05-25",1427,7240170,952,6316553,54,586779,2234,3266014,4143,323145,6377,3589159,8810,7907.71,17732661,0
"2022-05-26",1177,7241347,855,6317408,59,586838,2245,3268259,4038,327183,6283,3595442,8374,7845.43,17741035,0
"2022-05-27",1237,7242584,941,6318349,36,586874,2466,3270725,3767,330950,6233,3601675,8447,7675.71,17749482,0
"2022-05-28",710,7243294,507,6318856,19,586893,1745,3272470,2018,332968,3763,3605438,4999,7470.86,17754481,0
"2022-05-29",475,7243769,214,6319070,11,586904,761,3273231,1108,334076,1869,3607307,2569,7299.86,17757050,0
"2022-05-30",86,7243855,54,6319124,6,586910,136,3273367,142,334218,278,3607585,424,6087.57,17757474,0
"2022-05-31",1117,7244972,891,6320015,50,586960,1847,3275214,2933,337151,4780,3612365,6838,5780.14,17764312,0
"2022-06-01",1123,7246095,832,6320847,60,587020,1944,3277158,3322,340473,5266,3617631,7281,5561.71,17771593,0
"2022-06-02",1012,7247107,789,6321636,71,587091,1782,3278940,3089,343562,4871,3622502,6743,5328.71,17778336,0
"2022-06-03",1164,7248271,879,6322515,48,587139,2024,3280964,3434,346996,5458,3627960,7549,5200.43,17785885,0
"2022-06-04",720,7248991,573,6323088,23,587162,1544,3282508,1872,348868,3416,3631376,4732,5162.29,17790617,0
"2022-06-05",445,7249436,294,6323382,1,587163,872,3283380,960,349828,1832,3633208,2572,5162.71,17793189,0
"2022-06-06",1113,7250549,811,6324193,62,587225,1724,3285104,2639,352467,4363,3637571,6349,6009.14,17799538,0
"2022-06-07",997,7251546,743,6324936,66,587291,1729,3286833,2482,354949,4211,3641782,6017,5891.86,17805555,120000
"2022-06-08",1057,7252603,800,6325736,72,587363,1799,3288632,2621,357570,4420,3646202,6349,5758.71,17811904,120000
"2022-06-09",1098,7253701,792,6326528,61,587424,2061,3290693,2473,360043,4534,3650736,6485,5721.86,17818389,120000
"2022-06-10",1007,7254708,782,6327310,63,587487,1784,3292477,2602,362645,4386,3655122,6238,5534.57,17824627,120000
"2022-06-11",666,7255374,493,6327803,18,587505,1288,3293765,1450,364095,2738,3657860,3915,5417.86,17828542,120000
"2022-06-12",350,7255724,279,6328082,18,587523,844,3294609,744,364839,1588,3659448,2235,5369.71,17830777,120000
"2022-06-13",302,7256026,260,6328342,17,587540,472,3295081,863,365702,1335,3660783,1914,4736.14,17832691,120000
