"DATE","ADMIN_DOSE1_DAILY","ADMIN_DOSE1_CUMULATIVE","ADMIN_DOSE2_DAILY","ADMIN_DOSE2_CUMULATIVE","ADMIN_SINGLE_DAILY","ADMIN_SINGLE_CUMULATIVE","ADMIN_ADDITIONAL_DAILY","ADMIN_ADDITIONAL_CUMULATIVE","ADMIN_ALLDOSES_DAILY","ADMIN_ALLDOSES_7DAYAVG","ADMIN_ALLDOSES_CUMULATIVE","INCOMPLETE"
"2020-12-14",79,79,0,0,0,0,0,0,79,,79,0
"2020-12-15",2053,2132,5,5,4,4,0,0,2062,,2141,0
"2020-12-16",4598,6730,13,18,1,5,1,1,4613,,6754,0
"2020-12-17",4652,11382,18,36,0,5,1,2,4671,,11425,0
"2020-12-18",5831,17213,20,56,2,7,2,4,5855,,17280,0
"2020-12-19",1689,18902,6,62,3,10,0,4,1698,,18978,0
"2020-12-20",1113,20015,2,64,1,11,0,4,1116,2870.57,20094,0
"2020-12-21",6334,26349,15,79,1,12,5,9,6355,3767.14,26449,0
"2020-12-22",9798,36147,25,104,2,14,1,10,9826,4876.29,36275,0
"2020-12-23",14270,50417,34,138,3,17,1,11,14308,6261.29,50583,0
"2020-12-24",7206,57623,24,162,1,18,0,11,7231,6627,57814,0
"2020-12-25",180,57803,0,162,0,18,1,12,181,5816.43,57995,0
"2020-12-26",4394,62197,41,203,0,18,1,13,4436,6207.57,62431,0
"2020-12-27",3870,66067,12,215,0,18,0,13,3882,6602.71,66313,0
"2020-12-28",10996,77063,43,258,1,19,3,16,11043,7272.43,77356,0
"2020-12-29",10725,87788,30,288,2,21,2,18,10759,7405.71,88115,0
"2020-12-30",12841,100629,41,329,0,21,0,18,12882,7202,100997,0
"2020-12-31",7266,107895,31,360,1,22,0,18,7298,7211.57,108295,0
"2021-01-01",187,108082,2,362,1,23,3,21,193,7213.29,108488,0
"2021-01-02",3816,111898,10,372,2,25,1,22,3829,7126.57,112317,0
"2021-01-03",3540,115438,22,394,2,27,1,23,3565,7081.29,115882,0
"2021-01-04",12256,127694,804,1198,2,29,6,29,13068,7370.57,128950,0
"2021-01-05",14082,141776,2188,3386,2,31,9,38,16281,8159.43,145231,0
"2021-01-06",17815,159591,3912,7298,1,32,30,68,21758,9427.43,166989,0
"2021-01-07",16543,176134,5173,12471,4,36,41,109,21761,11493.57,188750,0
"2021-01-08",16625,192759,5448,17919,0,36,29,138,22102,14623.43,210852,0
"2021-01-09",7659,200418,1457,19376,1,37,8,146,9125,15380,219977,0
"2021-01-10",7897,208315,972,20348,0,37,9,155,8878,16139,228855,0
"2021-01-11",25854,234169,7437,27785,2,39,47,202,33340,19035,262195,0
"2021-01-12",28269,262438,7842,35627,1,40,41,243,36153,21873.86,298348,0
"2021-01-13",31736,294174,9364,44991,1,41,50,293,41151,24644.29,339499,0
"2021-01-14",35816,329990,5310,50301,1,42,25,318,41152,27414.43,380651,0
"2021-01-15",29282,359272,3701,54002,2,44,26,344,33011,28972.86,413662,0
"2021-01-16",30317,389589,2365,56367,0,44,20,364,32702,32341,446364,0
"2021-01-17",23798,413387,1602,57969,0,44,15,379,25415,34703.43,471779,0
"2021-01-18",27142,440529,2391,60360,0,44,33,412,29566,34164.29,501345,0
"2021-01-19",34332,474861,9606,69966,1,45,66,478,44005,35286,545350,0
"2021-01-20",34915,509776,9479,79445,1,46,55,533,44450,35757.29,589800,0
"2021-01-21",25640,535416,8080,87525,0,46,44,577,33764,34701.86,623564,0
"2021-01-22",24776,560192,4372,91897,1,47,26,603,29175,34153.86,652739,0
"2021-01-23",15749,575941,3212,95109,0,47,11,614,18972,32192.43,671711,0
"2021-01-24",7181,583122,3450,98559,0,47,13,627,10644,30082.29,682355,0
"2021-01-25",13428,596550,11797,110356,0,47,62,689,25287,29471,707642,0
"2021-01-26",16787,613337,10734,121090,0,47,62,751,27583,27125,735225,0
"2021-01-27",20854,634191,12336,133426,0,47,46,797,33236,25523,768461,0
"2021-01-28",30794,664985,12826,146252,0,47,74,871,43694,26941.57,812155,0
"2021-01-29",31714,696699,11469,157721,0,47,69,940,43252,28952.57,855407,0
"2021-01-30",18737,715436,3728,161449,0,47,20,960,22485,29454.43,877892,0
"2021-01-31",13034,728470,2901,164350,1,48,23,983,15959,30213.71,893851,0
"2021-02-01",1182,729652,5364,169714,3,51,32,1015,6581,27541.43,900432,0
"2021-02-02",2816,732468,9477,179191,2,53,44,1059,12339,25363.71,912771,0
"2021-02-03",16392,748860,21218,200409,3,56,185,1244,37798,26015.43,950569,0
"2021-02-04",27061,775921,19634,220043,2,58,183,1427,46880,26470.57,997449,0
"2021-02-05",27628,803549,20003,240046,0,58,166,1593,47797,27119.86,1045246,0
"2021-02-06",22999,826548,11234,251280,0,58,100,1693,34333,28812.43,1079579,0
"2021-02-07",12057,838605,8277,259557,0,58,77,1770,20411,29448.43,1099990,0
"2021-02-08",17017,855622,23479,283036,2,60,214,1984,40712,34324.29,1140702,0
"2021-02-09",17220,872842,28108,311144,2,62,304,2288,45634,39080.71,1186336,0
"2021-02-10",19623,892465,29296,340440,2,64,248,2536,49169,40705.14,1235505,0
"2021-02-11",27883,920348,33486,373926,2,66,305,2841,61676,42818.86,1297181,0
"2021-02-12",38457,958805,30782,404708,3,69,320,3161,69562,45928.14,1366743,0
"2021-02-13",28037,986842,25303,430011,2,71,284,3445,53626,48684.29,1420369,0
"2021-02-14",16310,1003152,23729,453740,0,71,234,3679,40273,51521.71,1460642,0
"2021-02-15",12811,1015963,10518,464258,1,72,154,3833,23484,49060.57,1484126,0
"2021-02-16",14267,1030230,26735,490993,0,72,296,4129,41298,48441.14,1525424,0
"2021-02-17",16430,1046660,22171,513164,1,73,258,4387,38860,46968.43,1564284,0
"2021-02-18",12184,1058844,24974,538138,21,94,263,4650,37442,43506.43,1601726,0
"2021-02-19",13306,1072150,23935,562073,39,133,270,4920,37550,38933.29,1639276,0
"2021-02-20",11356,1083506,26088,588161,6,139,302,5222,37752,36665.57,1677028,0
"2021-02-21",6369,1089875,17436,605597,15,154,263,5485,24083,34352.71,1701111,0
"2021-02-22",13047,1102922,11842,617439,2,156,117,5602,25008,34570.43,1726119,0
"2021-02-23",25251,1128173,14157,631596,1,157,150,5752,39559,34322,1765678,0
"2021-02-24",36384,1164557,20350,651946,0,157,198,5950,56932,36903.71,1822610,0
"2021-02-25",54617,1219174,30337,682283,6,163,363,6313,85323,43743.86,1907933,0
"2021-02-26",62924,1282098,31804,714087,4,167,370,6683,95102,51965.57,2003035,0
"2021-02-27",51336,1333434,22702,736789,47,214,309,6992,74394,57200.14,2077429,0
"2021-02-28",44640,1378074,13752,750541,6,220,186,7178,58584,62128.86,2136013,0
"2021-03-01",39321,1417395,12737,763278,9,229,155,7333,52222,66016.57,2188235,0
"2021-03-02",47097,1464492,12523,775801,7,236,148,7481,59775,68904.57,2248010,0
"2021-03-03",48609,1513101,16119,791920,17,253,136,7617,64881,70040.14,2312891,0
"2021-03-04",59854,1572955,22757,814677,1092,1345,253,7870,83956,69844.86,2396847,0
"2021-03-05",61020,1633975,24241,838918,3112,4457,304,8174,88677,68927,2485524,0
"2021-03-06",47184,1681159,18851,857769,5449,9906,220,8394,71704,68542.71,2557228,0
"2021-03-07",36060,1717219,14830,872599,6247,16153,217,8611,57354,68367,2614582,0
"2021-03-08",39629,1756848,14658,887257,8568,24721,296,8907,63151,69928.29,2677733,0
"2021-03-09",39113,1795961,12779,900036,7768,32489,171,9078,59831,69936.29,2737564,0
"2021-03-10",51847,1847808,15238,915274,5067,37556,194,9272,72346,71002.71,2809910,0
"2021-03-11",60014,1907822,21740,937014,4615,42171,231,9503,86600,71380.43,2896510,0
"2021-03-12",52231,1960053,30260,967274,4183,46354,346,9849,87020,71143.71,2983530,0
"2021-03-13",40673,2000726,26669,993943,5112,51466,300,10149,72754,71293.71,3056284,0
"2021-03-14",30734,2031460,15924,1009867,4536,56002,217,10366,51411,70444.71,3107695,0
"2021-03-15",33589,2065049,17201,1027068,4734,60736,214,10580,55738,69385.71,3163433,0
"2021-03-16",38702,2103751,20415,1047483,4927,65663,238,10818,64282,70021.57,3227715,0
"2021-03-17",42643,2146394,24716,1072199,4246,69909,305,11123,71910,69959.29,3299625,0
"2021-03-18",50509,2196903,26696,1098895,5241,75150,333,11456,82779,69413.43,3382404,0
"2021-03-19",47827,2244730,29830,1128725,5626,80776,362,11818,83645,68931.29,3466049,0
"2021-03-20",38739,2283469,25734,1154459,4692,85468,268,12086,69433,68456.86,3535482,0
"2021-03-21",29313,2312782,19282,1173741,771,86239,197,12283,49563,68192.86,3585045,0
"2021-03-22",33883,2346665,26635,1200376,4041,90280,247,12530,64806,69488.29,3649851,0
"2021-03-23",38450,2385115,32740,1233116,4221,94501,263,12793,75674,71115.71,3725525,0
"2021-03-24",41521,2426636,37480,1270596,4847,99348,298,13091,84146,72863.71,3809671,0
"2021-03-25",43446,2470082,50620,1321216,5051,104399,418,13509,99535,75257.43,3909206,0
"2021-03-26",38522,2508604,55318,1376534,4308,108707,494,14003,98642,77399.86,4007848,0
"2021-03-27",35771,2544375,45562,1422096,2940,111647,369,14372,84642,79572.57,4092490,0
"2021-03-28",26415,2570790,34280,1456376,1480,113127,311,14683,62486,81418.71,4154976,0
"2021-03-29",34857,2605647,38633,1495009,3250,116377,321,15004,77061,83169.43,4232037,0
"2021-03-30",40566,2646213,41789,1536798,3714,120091,301,15305,86370,84697.43,4318407,0
"2021-03-31",49446,2695659,44719,1581517,7442,127533,361,15666,101968,87243.43,4420375,0
"2021-04-01",50794,2746453,53883,1635400,11279,138812,461,16127,116417,89655.14,4536792,0
"2021-04-02",43773,2790226,53829,1689229,11970,150782,506,16633,110078,91288.86,4646870,0
"2021-04-03",39279,2829505,39124,1728353,9860,160642,316,16949,88579,91851.29,4735449,0
"2021-04-04",26565,2856070,24617,1752970,3901,164543,213,17162,55296,90824.14,4790745,0
"2021-04-05",41883,2897953,34361,1787331,11190,175733,347,17509,87781,92355.57,4878526,0
"2021-04-06",53291,2951244,35439,1822770,13215,188948,406,17915,102351,94638.57,4980877,0
"2021-04-07",55557,3006801,40588,1863358,14384,203332,367,18282,110896,95914,5091773,0
"2021-04-08",59289,3066090,46474,1909832,16331,219663,473,18755,122567,96792.57,5214340,0
"2021-04-09",56657,3122747,44841,1954673,17529,237192,476,19231,119503,98139,5333843,0
"2021-04-10",49381,3172128,35632,1990305,12730,249922,351,19582,98094,99498.29,5431937,0
"2021-04-11",38204,3210332,28805,2019110,7683,257605,270,19852,74962,102307.71,5506899,0
"2021-04-12",46661,3256993,31827,2050937,13478,271083,435,20287,92401,102967.71,5599300,0
"2021-04-13",52587,3309580,33757,2084694,368,271451,372,20659,87084,100786.71,5686384,0
"2021-04-14",50200,3359780,39933,2124627,20,271471,337,20996,90490,97871.57,5776874,0
"2021-04-15",52153,3411933,43664,2168291,15,271486,425,21421,96257,94113,5873131,0
"2021-04-16",51215,3463148,42212,2210503,30,271516,390,21811,93847,90447.86,5966978,0
"2021-04-17",43871,3507019,35674,2246177,3,271519,335,22146,79883,87846.29,6046861,0
"2021-04-18",28626,3535645,29362,2275539,7,271526,228,22374,58223,85455,6105084,0
"2021-04-19",37489,3573134,36434,2311973,22,271548,290,22664,74235,82859.86,6179319,0
"2021-04-20",40827,3613961,39639,2351612,19,271567,270,22934,80755,81955.71,6260074,0
"2021-04-21",38943,3652904,45926,2397538,15,271582,460,23394,85344,81220.57,6345418,0
"2021-04-22",38541,3691445,48929,2446467,9,271591,303,23697,87782,80009.86,6433200,0
"2021-04-23",39732,3731177,44340,2490807,5,271596,329,24026,84406,78661.14,6517606,0
"2021-04-24",31981,3763158,41598,2532405,44,271640,255,24281,73878,77803.29,6591484,0
"2021-04-25",18432,3781590,31232,2563637,86,271726,171,24452,49921,76617.29,6641405,0
"2021-04-26",26980,3808570,40717,2604354,1013,272739,257,24709,68967,75864.71,6710372,0
"2021-04-27",28588,3837158,47110,2651464,1694,274433,323,25032,77715,75430.43,6788087,0
"2021-04-28",27085,3864243,56830,2708294,2143,276576,403,25435,86461,75590,6874548,0
"2021-04-29",28652,3892895,57143,2765437,2143,278719,333,25768,88271,75659.86,6962819,0
"2021-04-30",30141,3923036,51967,2817404,2054,280773,267,26035,84429,75663.14,7047248,0
"2021-05-01",22484,3945520,44540,2861944,1175,281948,214,26249,68413,74882.43,7115661,0
"2021-05-02",11932,3957452,36637,2898581,1080,283028,125,26374,49774,74861.43,7165435,0
"2021-05-03",18049,3975501,52995,2951576,2383,285411,230,26604,73657,75531.43,7239092,0
"2021-05-04",22763,3998264,56618,3008194,2327,287738,234,26838,81942,76135.29,7321034,0
"2021-05-05",21493,4019757,48786,3056980,2311,290049,284,27122,72874,74194.29,7393908,0
"2021-05-06",20721,4040478,50147,3107127,2509,292558,251,27373,73628,72102.43,7467536,0
"2021-05-07",21277,4061755,52086,3159213,2809,295367,271,27644,76443,70961.57,7543979,0
"2021-05-08",16637,4078392,41870,3201083,1835,297202,210,27854,60552,69838.57,7604531,0
"2021-05-09",7979,4086371,29415,3230498,1260,298462,133,27987,38787,68269,7643318,0
"2021-05-10",14403,4100774,38517,3269015,2354,300816,209,28196,55483,65672.71,7698801,0
"2021-05-11",19955,4120729,43021,3312036,2511,303327,267,28463,65754,63360.14,7764555,0
"2021-05-12",17818,4138547,40528,3352564,3590,306917,214,28677,62150,61828.14,7826705,0
"2021-05-13",24999,4163546,40403,3392967,3225,310142,241,28918,68868,61148.14,7895573,0
"2021-05-14",27045,4190591,42896,3435863,3533,313675,262,29180,73736,60761.43,7969309,0
"2021-05-15",23675,4214266,34915,3470778,3365,317040,221,29401,62176,60993.43,8031485,0
"2021-05-16",15559,4229825,19421,3490199,2497,319537,115,29516,37592,60822.71,8069077,0
"2021-05-17",22680,4252505,29122,3519321,3254,322791,159,29675,55215,60784.43,8124292,0
"2021-05-18",24653,4277158,31887,3551208,3401,326192,219,29894,60160,59985.29,8184452,0
"2021-05-19",24228,4301386,29689,3580897,3037,329229,209,30103,57163,59272.86,8241615,0
"2021-05-20",24192,4325578,30057,3610954,3156,332385,245,30348,57650,57670.29,8299265,0
"2021-05-21",24707,4350285,31970,3642924,3062,335447,233,30581,59972,55704,8359237,0
"2021-05-22",20023,4370308,24347,3667271,2525,337972,150,30731,47045,53542.43,8406282,0
"2021-05-23",11246,4381554,13712,3680983,1411,339383,92,30823,26461,51952.29,8432743,0
"2021-05-24",18894,4400448,23129,3704112,2757,342140,202,31025,44982,50490.43,8477725,0
"2021-05-25",19449,4419897,23360,3727472,2601,344741,174,31199,45584,48408.14,8523309,0
"2021-05-26",18795,4438692,21067,3748539,2696,347437,191,31390,42749,46349,8566058,0
"2021-05-27",18496,4457188,21245,3769784,2528,349965,181,31571,42450,44177.57,8608508,0
"2021-05-28",17889,4475077,22882,3792666,2749,352714,164,31735,43684,41850.71,8652192,0
"2021-05-29",12710,4487787,17797,3810463,1755,354469,95,31830,32357,39752.43,8684549,0
"2021-05-30",7037,4494824,8948,3819411,1073,355542,39,31869,17097,38414.71,8701646,0
"2021-05-31",4748,4499572,6921,3826332,1011,356553,57,31926,12737,33808.29,8714383,0
"2021-06-01",16061,4515633,25172,3851504,2172,358725,140,32066,43545,33517,8757928,0
"2021-06-02",15365,4530998,20365,3871869,2094,360819,132,32198,37956,32832.29,8795884,0
"2021-06-03",15021,4546019,23806,3895675,2283,363102,111,32309,41221,32656.71,8837105,0
"2021-06-04",14740,4560759,25956,3921631,2492,365594,138,32447,43326,32605.57,8880431,0
"2021-06-05",11000,4571759,22061,3943692,1806,367400,114,32561,34981,32980.43,8915412,0
"2021-06-06",6454,4578213,14456,3958148,1221,368621,81,32642,22212,33711.14,8937624,0
"2021-06-07",11732,4589945,21758,3979906,2379,371000,136,32778,36005,37035.14,8973629,0
"2021-06-08",12678,4602623,23978,4003884,2071,373071,116,32894,38843,36363.43,9012472,0
"2021-06-09",11163,4613786,22983,4026867,2298,375369,128,33022,36572,36165.71,9049044,0
"2021-06-10",12101,4625887,22195,4049062,2461,377830,128,33150,36885,35546.29,9085929,0
"2021-06-11",12725,4638612,25083,4074145,2479,380309,150,33300,40437,35133.57,9126366,0
"2021-06-12",10183,4648795,19281,4093426,1890,382199,87,33387,31441,34627.86,9157807,0
"2021-06-13",4259,4653054,10927,4104353,1219,383418,40,33427,16445,33804,9174252,0
"2021-06-14",10225,4663279,19209,4123562,2044,385462,121,33548,31599,33174.57,9205851,0
"2021-06-15",11903,4675182,20987,4144549,1942,387404,117,33665,34949,32618.29,9240800,0
"2021-06-16",11605,4686787,19387,4163936,1956,389360,130,33795,33078,32119.14,9273878,0
"2021-06-17",11039,4697826,18735,4182671,1969,391329,109,33904,31852,31400.14,9305730,0
"2021-06-18",12176,4710002,18476,4201147,2114,393443,104,34008,32870,30319.14,9338600,0
"2021-06-19",8511,4718513,13517,4214664,1458,394901,71,34079,23557,29192.86,9362157,0
"2021-06-20",4338,4722851,7163,4221827,924,395825,33,34112,12458,28623.29,9374615,0
"2021-06-21",10173,4733024,9985,4231812,1805,397630,64,34176,22027,27255.86,9396642,0
"2021-06-22",9852,4742876,15620,4247432,1584,399214,92,34268,27148,26141.43,9423790,0
"2021-06-23",10335,4753211,15161,4262593,1861,401075,97,34365,27454,25338,9451244,0
"2021-06-24",9711,4762922,14678,4277271,1797,402872,110,34475,26296,24544.29,9477540,0
"2021-06-25",10610,4773532,14369,4291640,1715,404587,103,34578,26797,23676.71,9504337,0
"2021-06-26",7811,4781343,10437,4302077,1243,405830,73,34651,19564,23106.29,9523901,0
"2021-06-27",5012,4786355,5989,4308066,796,406626,33,34684,11830,23016.57,9535731,0
"2021-06-28",9048,4795403,10324,4318390,1523,408149,103,34787,20998,22869.57,9556729,0
"2021-06-29",9760,4805163,12298,4330688,1347,409496,118,34905,23523,22351.71,9580252,0
"2021-06-30",9424,4814587,10912,4341600,1480,410976,140,35045,21956,21566.29,9602208,0
"2021-07-01",9398,4823985,10909,4352509,1429,412405,115,35160,21851,20931.29,9624059,0
"2021-07-02",9698,4833683,11416,4363925,1537,413942,118,35278,22769,20355.86,9646828,0
"2021-07-03",7062,4840745,8410,4372335,1194,415136,77,35355,16743,19952.86,9663571,0
"2021-07-04",1291,4842036,1333,4373668,567,415703,7,35362,3198,18719.71,9666769,0
"2021-07-05",6498,4848534,7092,4380760,1208,416911,65,35427,14863,17843.29,9681632,0
"2021-07-06",9529,4858063,12827,4393587,1314,418225,111,35538,23781,17880.14,9705413,0
"2021-07-07",8685,4866748,11082,4404669,1414,419639,116,35654,21297,17786,9726710,0
"2021-07-08",8210,4874958,10180,4414849,1259,420898,100,35754,19749,17485.71,9746459,0
"2021-07-09",8381,4883339,10803,4425652,1278,422176,90,35844,20552,17169,9767011,0
"2021-07-10",7112,4890451,8618,4434270,1131,423307,60,35904,16921,17194.43,9783932,0
"2021-07-11",4106,4894557,4536,4438806,702,424009,31,35935,9375,18076.86,9793307,0
"2021-07-12",8458,4903015,9532,4448338,1246,425255,72,36007,19308,18711.86,9812615,0
"2021-07-13",9469,4912484,9370,4457708,950,426205,99,36106,19888,18155.71,9832503,0
"2021-07-14",9009,4921493,9512,4467220,1008,427213,98,36204,19627,17917.14,9852130,0
"2021-07-15",8798,4930291,9135,4476355,1052,428265,81,36285,19066,17819.57,9871196,0
"2021-07-16",9255,4939546,9747,4486102,978,429243,94,36379,20074,17751.29,9891270,0
"2021-07-17",6862,4946408,7367,4493469,799,430042,73,36452,15101,17491.29,9906371,0
"2021-07-18",4261,4950669,4285,4497754,569,430611,33,36485,9148,17458.86,9915519,0
"2021-07-19",9127,4959796,8450,4506204,999,431610,81,36566,18657,17365.86,9934176,0
"2021-07-20",10659,4970455,8741,4514945,992,432602,84,36650,20476,17449.86,9954652,0
"2021-07-21",10064,4980519,8740,4523685,906,433508,137,36787,19847,17481.29,9974499,0
"2021-07-22",10692,4991211,8556,4532241,1045,434553,140,36927,20433,17676.57,9994932,0
"2021-07-23",11242,5002453,8869,4541110,1114,435667,131,37058,21356,17859.71,10016288,0
"2021-07-24",7412,5009865,6726,4547836,670,436337,79,37137,14887,17829.14,10031175,0
"2021-07-25",5485,5015350,2115,4549951,509,436846,58,37195,8167,17689,10039342,0
"2021-07-26",10891,5026241,6973,4556924,858,437704,102,37297,18824,17712.86,10058166,0
"2021-07-27",12065,5038306,8553,4565477,857,438561,129,37426,21604,17874,10079770,0
"2021-07-28",11999,5050305,8033,4573510,950,439511,128,37554,21110,18054.43,10100880,0
"2021-07-29",10948,5061253,7418,4580928,982,440493,125,37679,19473,17917.29,10120353,0
"2021-07-30",14960,5076213,7994,4588922,1148,441641,173,37852,24275,18334.29,10144628,0
"2021-07-31",9745,5085958,6297,4595219,816,442457,114,37966,16972,18632.14,10161600,0
"2021-08-01",6510,5092468,3305,4598524,564,443021,77,38043,10456,18959.14,10172056,0
"2021-08-02",13461,5105929,7139,4605663,847,443868,142,38185,21589,19354.14,10193645,0
"2021-08-03",15426,5121355,8342,4614005,1098,444966,144,38329,25010,19840.71,10218655,0
"2021-08-04",17262,5138617,8105,4622110,1451,446417,167,38496,26985,20680,10245640,0
"2021-08-05",17881,5156498,7904,4630014,1365,447782,152,38648,27302,21798.43,10272942,0
"2021-08-06",18196,5174694,8388,4638402,1231,449013,157,38805,27972,22326.57,10300914,0
"2021-08-07",13379,5188073,5997,4644399,792,449805,96,38901,20264,22796.86,10321178,0
"2021-08-08",9324,5197397,3820,4648219,398,450203,77,38978,13619,23248.71,10334797,0
"2021-08-09",21338,5218735,8517,4656736,964,451167,164,39142,30983,24590.71,10365780,0
"2021-08-10",18939,5237674,9303,4666039,946,452113,165,39307,29353,25211.14,10395133,0
"2021-08-11",15656,5253330,8299,4674338,850,452963,115,39422,24920,24916.14,10420053,0
"2021-08-12",15058,5268388,8961,4683299,937,453900,161,39583,25117,24604,10445170,0
"2021-08-13",14940,5283328,9246,4692545,919,454819,232,39815,25337,24227.57,10470507,0
"2021-08-14",10429,5293757,6394,4698939,624,455443,517,40332,17964,23899,10488471,0
"2021-08-15",6703,5300460,4464,4703403,675,456118,565,40897,12407,23725.86,10500878,0
"2021-08-16",15732,5316192,9277,4712680,1148,457266,1300,42197,27457,23222.14,10528335,0
"2021-08-17",17792,5333984,10434,4723114,1217,458483,1738,43935,31181,23483.29,10559516,0
"2021-08-18",17497,5351481,10328,4733442,1253,459736,1964,45899,31042,24357.86,10590558,0
"2021-08-19",16336,5367817,9496,4742938,1316,461052,1923,47822,29071,24922.71,10619629,0
"2021-08-20",16307,5384124,11515,4754453,1253,462305,1839,49661,30914,25719.43,10650543,0
"2021-08-21",11157,5395281,8030,4762483,877,463182,1044,50705,21108,26168.57,10671651,0
"2021-08-22",4092,5399373,3899,4766382,262,463444,509,51214,8762,25647.86,10680413,0
"2021-08-23",15597,5414970,11782,4778164,1022,464466,1522,52736,29923,26000.14,10710336,0
"2021-08-24",16942,5431912,12584,4790748,1006,465472,1754,54490,32286,26158,10742622,0
"2021-08-25",14608,5446520,12414,4803162,1110,466582,1539,56029,29671,25962.14,10772293,0
"2021-08-26",16198,5462718,14050,4817212,1072,467654,1750,57779,33070,26533.43,10805363,0
"2021-08-27",14867,5477585,14802,4832014,970,468624,1638,59417,32277,26728.14,10837640,0
"2021-08-28",10720,5488305,11490,4843504,836,469460,996,60413,24042,27147.29,10861682,0
"2021-08-29",7229,5495534,7494,4850998,541,470001,759,61172,16023,28184.57,10877705,0
"2021-08-30",15555,5511089,16882,4867880,1075,471076,1779,62951,35291,28951.43,10912996,0
"2021-08-31",15562,5526651,15912,4883792,950,472026,1941,64892,34365,29248.43,10947361,0
"2021-09-01",14857,5541508,14075,4897867,1019,473045,1775,66667,31726,29542,10979087,0
"2021-09-02",14366,5555874,12501,4910368,898,473943,1671,68338,29436,29022.86,11008523,0
"2021-09-03",15026,5570900,14285,4924653,973,474916,1863,70201,32147,29004.29,11040670,0
"2021-09-04",9657,5580557,9399,4934052,687,475603,949,71150,20692,28525.71,11061362,0
"2021-09-05",6821,5587378,5505,4939557,438,476041,694,71844,13458,28159.29,11074820,0
"2021-09-06",5207,5592585,4501,4944058,358,476399,264,72108,10330,24593.43,11085150,0
"2021-09-07",15593,5608178,17668,4961726,912,477311,1519,73627,35692,24783,11120842,0
"2021-09-08",16215,5624393,14770,4976496,1072,478383,1735,75362,33792,25078.14,11154634,0
"2021-09-09",16143,5640536,14718,4991214,1046,479429,1882,77244,33789,25700,11188423,0
"2021-09-10",18400,5658936,15352,5006566,1207,480636,1942,79186,36901,26379.14,11225324,0
"2021-09-11",12659,5671595,10333,5016899,959,481595,1009,80195,24960,26988.86,11250284,0
"2021-09-12",8548,5680143,5043,5021942,766,482361,683,80878,15040,27214.86,11265324,0
"2021-09-13",16958,5697101,12938,5034880,971,483332,1613,82491,32480,30379.14,11297804,0
"2021-09-14",16299,5713400,13643,5048523,883,484215,1571,84062,32396,29908.29,11330200,0
"2021-09-15",15597,5728997,12810,5061333,731,484946,1553,85615,30691,29465.29,11360891,0
"2021-09-16",15380,5744377,13886,5075219,1211,486157,1418,87033,31895,29194.71,11392786,0
"2021-09-17",14478,5758855,13900,5089119,921,487078,1804,88837,31103,28366.43,11423889,0
"2021-09-18",10023,5768878,10162,5099281,913,487991,1032,89869,22130,27962.14,11446019,0
"2021-09-19",6193,5775071,6061,5105342,557,488548,737,90606,13548,27749,11459567,0
"2021-09-20",12706,5787777,12615,5117957,1067,489615,1893,92499,28281,27149.14,11487848,0
"2021-09-21",12249,5800026,12751,5130708,1111,490726,1985,94484,28096,26534.86,11515944,0
"2021-09-22",12851,5812877,11961,5142669,1087,491813,1639,96123,27538,26084.43,11543482,0
"2021-09-23",14943,5827820,12727,5155396,1637,493450,2215,98338,31522,26031.14,11575004,0
"2021-09-24",16488,5844308,13321,5168717,1630,495080,4510,102848,35949,26723.43,11610953,0
"2021-09-25",10590,5854898,9007,5177724,1017,496097,3374,106222,23988,26988.86,11634941,0
"2021-09-26",6340,5861238,5744,5183468,773,496870,2373,108595,15230,27229.14,11650171,0
"2021-09-27",14197,5875435,8035,5191503,1153,498023,8851,117446,32236,27794.14,11682407,0
"2021-09-28",11199,5886634,11740,5203243,897,498920,9664,127110,33500,28566.14,11715907,0
"2021-09-29",11642,5898276,12164,5215407,1199,500119,9208,136318,34213,29519.71,11750120,0
"2021-09-30",12283,5910559,12564,5227971,1340,501459,9530,145848,35717,30119,11785837,0
"2021-10-01",12681,5923240,13383,5241354,1280,502739,10114,155962,37458,30334.57,11823295,0
"2021-10-02",7748,5930988,9960,5251314,864,503603,4157,160119,22729,30154.71,11846024,0
"2021-10-03",5086,5936074,6148,5257462,594,504197,2563,162682,14391,30034.86,11860415,0
"2021-10-04",9947,5946021,11000,5268462,913,505110,9372,172054,31232,29891.43,11891647,0
"2021-10-05",10208,5956229,11741,5280203,972,506082,9815,181869,32736,29782.29,11924383,0
"2021-10-06",9948,5966177,11026,5291229,936,507018,9812,191681,31722,29426.43,11956105,0
"2021-10-07",9695,5975872,12156,5303385,851,507869,10052,201733,32754,29003.14,11988859,0
"2021-10-08",9488,5985360,12116,5315501,943,508812,10777,212510,33324,28412.57,12022183,0
"2021-10-09",6285,5991645,8268,5323769,649,509461,4041,216551,19243,27914.57,12041426,0
"2021-10-10",3551,5995196,5010,5328779,458,509919,2393,218944,11412,27489,12052838,0
"2021-10-11",7652,6002848,9327,5338106,727,510646,8805,227749,26511,26814.57,12079349,0
"2021-10-12",8100,6010948,10980,5349086,891,511537,10380,238129,30351,26473.86,12109700,0
"2021-10-13",7216,6018164,10117,5359203,869,512406,8621,246750,26823,25774,12136523,0
"2021-10-14",7488,6025652,11084,5370287,833,513239,9924,256674,29329,25284.71,12165852,0
"2021-10-15",7772,6033424,11836,5382123,821,514060,10616,267290,31045,24959.14,12196897,0
"2021-10-16",4883,6038307,7450,5389573,665,514725,3757,271047,16755,24603.71,12213652,0
"2021-10-17",3071,6041378,4469,5394042,411,515136,2402,273449,10353,24452.43,12224005,0
"2021-10-18",7103,6048481,10634,5404676,796,515932,9276,282725,27809,24637.86,12251814,0
"2021-10-19",6673,6055154,8918,5413594,805,516737,8873,291598,25269,23911.86,12277083,0
"2021-10-20",6575,6061729,9348,5422942,972,517709,9784,301382,26679,23891.29,12303762,0
"2021-10-21",7078,6068807,9335,5432277,857,518566,10581,311963,27851,23680.14,12331613,0
"2021-10-22",8175,6076982,10312,5442589,1022,519588,15991,327954,35500,24316.57,12367113,0
"2021-10-23",5212,6082194,6449,5449038,690,520278,9009,336963,21360,24974.43,12388473,0
"2021-10-24",3302,6085496,3951,5452989,766,521044,6075,343038,14094,25508.86,12402567,0
"2021-10-25",8859,6094355,8759,5461748,1146,522190,19038,362076,37802,26936.43,12440369,0
"2021-10-26",8259,6102614,7739,5469487,1257,523447,17116,379192,34371,28236.71,12474740,0
"2021-10-27",10654,6113268,8395,5477882,1602,525049,20534,399726,41185,30309,12515925,0
"2021-10-28",11415,6124683,8045,5485927,1774,526823,20575,420301,41809,32303,12557734,0
"2021-10-29",11923,6136606,8244,5494171,1958,528781,22300,442601,44425,33578,12602159,0
"2021-10-30",4677,6141283,5056,5499227,934,529715,11043,453644,21710,33628,12623869,0
"2021-10-31",2699,6143982,2700,5501927,544,530259,6567,460211,12510,33401.71,12636379,0
"2021-11-01",7218,6151200,6957,5508884,1079,531338,20102,480313,35356,33052.29,12671735,0
"2021-11-02",6663,6157863,6581,5515465,1051,532389,20538,500851,34833,33118.29,12706568,0
"2021-11-03",6952,6164815,6670,5522135,1026,533415,20402,521253,35050,32241.86,12741618,0
"2021-11-04",9369,6174184,6266,5528401,993,534408,22073,543326,38701,31797.86,12780319,0
"2021-11-05",11166,6185350,6739,5535140,1052,535460,23508,566834,42465,31517.86,12822784,0
"2021-11-06",11178,6196528,4048,5539188,592,536052,12501,579335,28319,32462,12851103,0
"2021-11-07",7281,6203809,2275,5541463,576,536628,7044,586379,17176,33128.57,12868279,0
"2021-11-08",15129,6218938,5661,5547124,865,537493,19307,605686,40962,33929.43,12909241,0
"2021-11-09",16235,6235173,5386,5552510,662,538155,20349,626035,42632,35043.57,12951873,0
"2021-11-10",17036,6252209,5332,5557842,684,538839,22380,648415,45432,36526.71,12997305,0
"2021-11-11",12663,6264872,5213,5563055,758,539597,21813,670228,40447,36776.14,13037752,0
"2021-11-12",16982,6281854,5689,5568744,709,540306,23179,693407,46559,37361,13084311,0
"2021-11-13",9986,6291840,3681,5572425,465,540771,13231,706638,27363,37224.43,13111674,0
"2021-11-14",6130,6297970,2295,5574720,320,541091,7859,714497,16604,37142.71,13128278,0
"2021-11-15",13322,6311292,5980,5580700,686,541777,24871,739368,44859,37699.43,13173137,0
"2021-11-16",10200,6321492,5794,5586494,651,542428,30296,769664,46941,38315,13220078,0
"2021-11-17",10619,6332111,6683,5593177,689,543117,30804,800468,48795,38795.43,13268873,0
"2021-11-18",11062,6343173,6539,5599716,866,543983,32480,832948,50947,40295.43,13319820,0
"2021-11-19",12353,6355526,6549,5606265,718,544701,35756,868704,55376,41555,13375196,0
"2021-11-20",9550,6365076,3430,5609695,513,545214,22184,890888,35677,42742.71,13410873,0
"2021-11-21",5093,6370169,1894,5611589,289,545503,12952,903840,20228,43260.43,13431101,0
"2021-11-22",10734,6380903,5790,5617379,753,546256,35305,939145,52582,44363.71,13483683,0
"2021-11-23",9994,6390897,4803,5622182,640,546896,33070,972215,48507,44587.43,13532190,0
"2021-11-24",8842,6399739,4757,5626939,651,547547,25670,997885,39920,43319.57,13572110,0
"2021-11-25",458,6400197,325,5627264,79,547626,972,998857,1834,36303.43,13573944,0
"2021-11-26",8357,6408554,6954,5634218,530,548156,26096,1024953,41937,34383.57,13615881,0
"2021-11-27",6876,6415430,6806,5641024,377,548533,18454,1043407,32513,33931.57,13648394,0
"2021-11-28",4228,6419658,5727,5646751,287,548820,11555,1054962,21797,34155.71,13670191,0
"2021-11-29",9535,6429193,10945,5657696,689,549509,34263,1089225,55432,34562.86,13725623,0
"2021-11-30",10757,6439950,11383,5669079,515,550024,37041,1126266,59696,36161.29,13785319,0
"2021-12-01",11440,6451390,10908,5679987,714,550738,39756,1166022,62818,39432.43,13848137,0
"2021-12-02",12003,6463393,10988,5690975,623,551361,41240,1207262,64854,48435.29,13912991,0
"2021-12-03",14045,6477438,12769,5703744,681,552042,46811,1254073,74306,53059.43,13987297,0
"2021-12-04",10114,6487552,11160,5714904,570,552612,29974,1284047,51818,55817.29,14039115,0
"2021-12-05",5747,6493299,5757,5720661,269,552881,16323,1300370,28096,56717.14,14067211,0
"2021-12-06",12845,6506144,9896,5730557,607,553488,42395,1342765,65743,58190.14,14132954,0
"2021-12-07",13135,6519279,9175,5739732,633,554121,42037,1384802,64980,58945,14197934,0
"2021-12-08",14075,6533354,8682,5748414,556,554677,39759,1424561,63072,58981.29,14261006,0
"2021-12-09",14002,6547356,8734,5757148,557,555234,39821,1464382,63114,58732.71,14324120,0
"2021-12-10",14531,6561887,10060,5767208,663,555897,42595,1506977,67849,57810.29,14391969,0
"2021-12-11",10431,6572318,8000,5775208,405,556302,26333,1533310,45169,56860.43,14437138,0
"2021-12-12",6056,6578374,3830,5779038,286,556588,14913,1548223,25085,56430.29,14462223,0
"2021-12-13",12421,6590795,7382,5786420,653,557241,37380,1585603,57836,55300.71,14520059,0
"2021-12-14",12493,6603288,6885,5793305,738,557979,37358,1622961,57474,54228.43,14577533,0
"2021-12-15",12568,6615856,6203,5799508,754,558733,36994,1659955,56519,53292.29,14634052,0
"2021-12-16",13583,6629439,4193,5803701,739,559472,39824,1699779,58339,52610.14,14692391,0
"2021-12-17",16490,6645929,6840,5810541,621,560093,45366,1745145,69317,52819.86,14761708,0
"2021-12-18",13225,6659154,5666,5816207,425,560518,29807,1774952,49123,53384.71,14810831,0
"2021-12-19",7095,6666249,2968,5819175,329,560847,17503,1792455,27895,53786.14,14838726,0
"2021-12-20",17342,6683591,5821,5824996,743,561590,45856,1838311,69762,55489.86,14908488,0
"2021-12-21",18388,6701979,6435,5831431,793,562383,47268,1885579,72884,57691.29,14981372,0
"2021-12-22",18950,6720929,6467,5837898,917,563300,47893,1933472,74227,60221,15055599,0
"2021-12-23",19311,6740240,6429,5844327,913,564213,44537,1978009,71190,62056.86,15126789,0
"2021-12-24",9358,6749598,2930,5847257,586,564799,20079,1998088,32953,56862,15159742,0
"2021-12-25",316,6749914,61,5847318,31,564830,396,1998484,804,49959.29,15160546,0
"2021-12-26",8168,6758082,3857,5851175,336,565166,16953,2015437,29314,50162,15189860,0
"2021-12-27",21501,6779583,9121,5860296,922,566088,42706,2058143,74250,50803.14,15264110,0
"2021-12-28",19734,6799317,8260,5868556,681,566769,46605,2104748,75280,51145.43,15339390,0
"2021-12-29",18107,6817424,7468,5876024,592,567361,44516,2149264,70683,50639.14,15410073,0
"2021-12-30",16598,6834022,7347,5883371,573,567934,43955,2193219,68473,50251,15478546,0
"2021-12-31",5206,6839228,2753,5886124,190,568124,14442,2207661,22591,48770.71,15501137,0
"2022-01-01",225,6839453,127,5886251,11,568135,483,2208144,846,48776.71,15501983,0
"2022-01-02",6440,6845893,4984,5891235,150,568285,10880,2219024,22454,47796.71,15524437,0
"2022-01-03",14008,6859901,8359,5899594,507,568792,26242,2245266,49116,44206.14,15573553,0
"2022-01-04",13053,6872954,7995,5907589,388,569180,26351,2271617,47787,40278.57,15621340,0
"2022-01-05",11778,6884732,6818,5914407,377,569557,24890,2296507,43863,36447.14,15665203,0
"2022-01-06",11756,6896488,7251,5921658,463,570020,26612,2323119,46082,33248.43,15711285,0
"2022-01-07",10522,6907010,8246,5929904,331,570351,24112,2347231,43211,36194.14,15754496,0
"2022-01-08",7950,6914960,8435,5938339,310,570661,18975,2366206,35670,41169,15790166,0
"2022-01-09",4262,6919222,3784,5942123,212,570873,9777,2375983,18035,40537.71,15808201,0
"2022-01-10",10330,6929552,8017,5950140,473,571346,23650,2399633,42470,39588.29,15850671,0
"2022-01-11",8999,6938551,7808,5957948,503,571849,20178,2419811,37488,38117,15888159,0
"2022-01-12",8896,6947447,8018,5965966,391,572240,21247,2441058,38552,37358.29,15926711,120000
"2022-01-13",8953,6956400,8458,5974424,436,572676,21663,2462721,39510,36419.43,15966221,120000
"2022-01-14",9731,6966131,7676,5982100,426,573102,24639,2487360,42472,36313.86,16008693,120000
"2022-01-15",6035,6972166,4056,5986156,142,573244,14063,2501423,24296,34689,16032989,120000
"2022-01-16",2945,6975111,3115,5989271,81,573325,7385,2508808,13526,34044.86,16046515,120000
"2022-01-17",5860,6980971,6124,5995395,325,573650,13283,2522091,25592,31633.71,16072107,120000
"2022-01-18",2747,6983718,3997,5999392,143,573793,6282,2528373,13169,28159.57,16085276,120000
