"DATE","ADMIN_DOSE1_DAILY","ADMIN_DOSE1_CUMULATIVE","ADMIN_DOSE2_DAILY","ADMIN_DOSE2_CUMULATIVE","ADMIN_SINGLE_DAILY","ADMIN_SINGLE_CUMULATIVE","ADMIN_ALLDOSES_DAILY","ADMIN_ALLDOSES_7DAYAVG","ADMIN_ALLDOSES_CUMULATIVE","INCOMPLETE"
"2020-12-14",78,78,0,0,0,0,78,,78,0
"2020-12-15",2045,2123,2,2,3,3,2050,,2128,0
"2020-12-16",4549,6672,11,13,1,4,4561,,6689,0
"2020-12-17",4514,11186,13,26,0,4,4527,,11216,0
"2020-12-18",5778,16964,25,51,2,6,5805,,17021,0
"2020-12-19",1685,18649,6,57,3,9,1694,,18715,0
"2020-12-20",1107,19756,1,58,1,10,1109,2832,19824,0
"2020-12-21",6263,26019,10,68,1,11,6274,3717.14,26098,0
"2020-12-22",9765,35784,18,86,2,13,9785,4822.14,35883,0
"2020-12-23",14233,50017,31,117,2,15,14266,6208.57,50149,0
"2020-12-24",7199,57216,53,170,1,16,7253,6598,57402,0
"2020-12-25",179,57395,0,170,0,16,179,5794.29,57581,0
"2020-12-26",4325,61720,35,205,0,16,4360,6175.14,61941,0
"2020-12-27",3829,65549,7,212,0,16,3836,6564.71,65777,0
"2020-12-28",10967,76516,35,247,1,17,11003,7240.29,76780,0
"2020-12-29",10698,87214,25,272,2,19,10725,7374.57,87505,0
"2020-12-30",12771,99985,52,324,0,19,12823,7168.43,100328,0
"2020-12-31",7233,107218,19,343,0,19,7252,7168.29,107580,0
"2021-01-01",166,107384,2,345,1,20,169,7166.86,107749,0
"2021-01-02",3806,111190,8,353,2,22,3816,7089.14,111565,0
"2021-01-03",3526,114716,18,371,1,23,3545,7047.57,115110,0
"2021-01-04",12188,126904,791,1162,0,23,12979,7329.86,128089,0
"2021-01-05",13966,140870,2138,3300,0,23,16104,8098.29,144193,0
"2021-01-06",17721,158591,3875,7175,0,23,21596,9351.57,165789,0
"2021-01-07",16502,175093,5035,12210,3,26,21540,11392.71,187329,0
"2021-01-08",16473,191566,5320,17530,0,26,21793,14481.86,209122,0
"2021-01-09",7667,199233,1435,18965,1,27,9103,15237.14,218225,0
"2021-01-10",7843,207076,965,19930,0,27,8808,15989,227033,0
"2021-01-11",25632,232708,7296,27226,1,28,32929,18839,259962,0
"2021-01-12",27888,260596,7784,35010,0,28,35672,21634.43,295634,0
"2021-01-13",31420,292016,9307,44317,1,29,40728,24367.57,336362,0
"2021-01-14",35484,327500,5261,49578,1,30,40746,27111.29,377108,0
"2021-01-15",28962,356462,3564,53142,2,32,32528,28644.86,409636,0
"2021-01-16",30120,386582,2308,55450,0,32,32428,31977,442064,0
"2021-01-17",23829,410411,1553,57003,0,32,25382,34344.71,467446,0
"2021-01-18",26921,437332,2318,59321,0,32,29239,33817.57,496685,0
"2021-01-19",33914,471246,9516,68837,2,34,43432,34926.14,540117,0
"2021-01-20",34440,505686,9350,78187,1,35,43791,35363.71,583908,0
"2021-01-21",25175,530861,7961,86148,0,35,33136,34276.57,617044,0
"2021-01-22",24227,555088,4334,90482,0,35,28561,33709.86,645605,0
"2021-01-23",15302,570390,3183,93665,0,35,18485,31718,664090,0
"2021-01-24",6974,577364,3383,97048,0,35,10357,29571.57,674447,0
"2021-01-25",13020,590384,11674,108722,0,35,24694,28922.29,699141,0
"2021-01-26",16376,606760,10530,119252,0,35,26906,26561.43,726047,0
"2021-01-27",20374,627134,12142,131394,0,35,32516,24950.71,758563,0
"2021-01-28",30420,657554,12656,144050,0,35,43076,26370.71,801639,0
"2021-01-29",31358,688912,11234,155284,0,35,42592,28375.14,844231,0
"2021-01-30",18414,707326,3656,158940,0,35,22070,28887.29,866301,0
"2021-01-31",12929,720255,2846,161786,0,35,15775,29661.29,882076,0
"2021-02-01",1108,721363,5272,167058,2,37,6382,27045.29,888458,0
"2021-02-02",2768,724131,9240,176298,2,39,12010,24917.29,900468,0
"2021-02-03",16214,740345,20695,196993,3,42,36912,25545.29,937380,0
"2021-02-04",26748,767093,19151,216144,1,43,45900,25948.71,983280,0
"2021-02-05",27264,794357,19544,235688,0,43,46808,26551,1030088,0
"2021-02-06",22774,817131,11061,246749,0,43,33835,28231.71,1063923,0
"2021-02-07",12067,829198,8100,254849,0,43,20167,28859.14,1084090,0
"2021-02-08",16786,845984,23094,277943,2,45,39882,33644.86,1123972,0
"2021-02-09",16991,862975,27621,305564,2,47,44614,38302.57,1168586,0
"2021-02-10",19456,882431,28751,334315,1,48,48208,39916.29,1216794,0
"2021-02-11",27724,910155,32875,367190,2,50,60601,42016.43,1277395,0
"2021-02-12",38280,948435,30139,397329,3,53,68422,45104.14,1345817,0
"2021-02-13",27807,976242,24794,422123,2,55,52603,47785.29,1398420,0
"2021-02-14",16246,992488,23381,445504,0,55,39627,50565.29,1438047,0
"2021-02-15",12627,1005115,10290,455794,1,56,22918,48141.86,1460965,0
"2021-02-16",14056,1019171,26167,481961,0,56,40223,47514.57,1501188,0
"2021-02-17",16132,1035303,21634,503595,1,57,37767,46023,1538955,0
"2021-02-18",11999,1047302,24543,528138,22,79,36564,42589.14,1575519,0
"2021-02-19",13087,1060389,23533,551671,39,118,36659,38051.57,1612178,0
"2021-02-20",11170,1071559,25806,577477,6,124,36982,35820,1649160,0
"2021-02-21",6289,1077848,17284,594761,15,139,23588,33528.71,1672748,0
"2021-02-22",12677,1090525,11612,606373,2,141,24291,33724.86,1697039,0
"2021-02-23",24915,1115440,13927,620300,1,142,38843,33527.71,1735882,0
"2021-02-24",36000,1151440,19762,640062,0,142,55762,36098.43,1791644,0
"2021-02-25",54358,1205798,29401,669463,7,149,83766,42841.57,1875410,0
"2021-02-26",62689,1268487,30907,700370,4,153,93600,50976,1969010,0
"2021-02-27",51177,1319664,22048,722418,49,202,73274,56160.57,2042284,0
"2021-02-28",44678,1364342,13362,735780,3,205,58043,61082.71,2100327,0
"2021-03-01",39010,1403352,12045,747825,8,213,51063,64907.29,2151390,0
"2021-03-02",46802,1450154,11768,759593,6,219,58576,67726.29,2209966,0
"2021-03-03",48239,1498393,15371,774964,16,235,63626,68849.71,2273592,0
"2021-03-04",59481,1557874,22100,797064,1088,1323,82669,68693,2356261,0
"2021-03-05",60518,1618392,23631,820695,3111,4434,87260,67787.29,2443521,0
"2021-03-06",46899,1665291,18379,839074,5432,9866,70710,67421,2514231,0
"2021-03-07",35950,1701241,14514,853588,6246,16112,56710,67230.57,2570941,0
"2021-03-08",39346,1740587,14281,867869,8553,24665,62180,68818.71,2633121,0
"2021-03-09",38808,1779395,11995,879864,7770,32435,58573,68818.29,2691694,0
"2021-03-10",51368,1830763,14238,894102,5049,37484,70655,69822.43,2762349,0
"2021-03-11",59860,1890623,20652,914754,4566,42050,85078,70166.57,2847427,0
"2021-03-12",51955,1942578,29271,944025,4134,46184,85360,69895.14,2932787,0
"2021-03-13",40496,1983074,26325,970350,5100,51284,71921,70068.14,3004708,0
"2021-03-14",30668,2013742,15454,985804,4554,55838,50676,69206.14,3055384,0
"2021-03-15",33338,2047080,16225,1002029,4794,60632,54357,68088.57,3109741,0
"2021-03-16",38431,2085511,19349,1021378,4913,65545,62693,68677.14,3172434,0
"2021-03-17",42360,2127871,23629,1045007,4242,69787,70231,68616.57,3242665,0
"2021-03-18",50370,2178241,25643,1070650,5277,75064,81290,68075.43,3323955,0
"2021-03-19",47614,2225855,28716,1099366,5613,80677,81943,67587.29,3405898,0
"2021-03-20",38528,2264383,24877,1124243,4685,85362,68090,67040,3473988,0
"2021-03-21",29241,2293624,18488,1142731,770,86132,48499,66729,3522487,0
"2021-03-22",33728,2327352,25537,1168268,4018,90150,63283,68004.14,3585770,0
"2021-03-23",38212,2365564,31424,1199692,4201,94351,73837,69596.14,3659607,0
"2021-03-24",41344,2406908,36224,1235916,4799,99150,82367,71329.86,3741974,0
"2021-03-25",43245,2450153,48974,1284890,5019,104169,97238,73608.14,3839212,0
"2021-03-26",38357,2488510,53448,1338338,4242,108411,96047,75623,3935259,0
"2021-03-27",35654,2524164,43905,1382243,2920,111331,82479,77678.57,4017738,0
"2021-03-28",26391,2550555,32903,1415146,1470,112801,60764,79430.71,4078502,0
"2021-03-29",34677,2585232,37028,1452174,3231,116032,74936,81095.43,4153438,0
"2021-03-30",40279,2625511,40451,1492625,3677,119709,84407,82605.43,4237845,0
"2021-03-31",49251,2674762,43273,1535898,7424,127133,99948,85117,4337793,0
"2021-04-01",50530,2725292,52807,1588705,11138,138271,114475,87579.43,4452268,0
"2021-04-02",43544,2768836,52816,1641521,11846,150117,108206,89316.43,4560474,0
"2021-04-03",39110,2807946,38323,1679844,9770,159887,87203,89991.29,4647677,0
"2021-04-04",26504,2834450,23803,1703647,3854,163741,54161,89048,4701838,0
"2021-04-05",41718,2876168,33675,1737322,11081,174822,86474,90696.29,4788312,0
"2021-04-06",52957,2929125,34361,1771683,12986,187808,100304,92967.29,4888616,0
"2021-04-07",55369,2984494,39660,1811343,14201,202009,109230,94293.29,4997846,0
"2021-04-08",59025,3043519,45477,1856820,16118,218127,120620,95171.14,5118466,0
"2021-04-09",56410,3099929,43661,1900481,17224,235351,117295,96469.57,5235761,0
"2021-04-10",49207,3149136,35354,1935835,12541,247892,97102,97883.71,5332863,0
"2021-04-11",38123,3187259,28681,1964516,7492,255384,74296,100760.14,5407159,0
"2021-04-12",46494,3233753,31467,1995983,13314,268698,91275,101446,5498434,0
"2021-04-13",52348,3286101,33349,2029332,360,269058,86057,99410.71,5584491,0
"2021-04-14",50000,3336101,39474,2068806,9,269067,89483,96589.71,5673974,0
"2021-04-15",51979,3388080,43141,2111947,9,269076,95129,92948.14,5769103,0
"2021-04-16",51014,3439094,41812,2153759,23,269099,92849,89455.86,5861952,0
"2021-04-17",43840,3482934,35325,2189084,3,269102,79168,86893.86,5941120,0
"2021-04-18",28625,3511559,29237,2218321,2,269104,57864,84546.43,5998984,0
"2021-04-19",37347,3548906,36035,2254356,14,269118,73396,81992.29,6072380,0
"2021-04-20",40684,3589590,39220,2293576,16,269134,79920,81115.57,6152300,0
"2021-04-21",38938,3628528,45455,2339031,11,269145,84404,80390,6236704,0
"2021-04-22",38516,3667044,48405,2387436,5,269150,86926,79218.14,6323630,0
"2021-04-23",39624,3706668,43847,2431283,5,269155,83476,77879.14,6407106,0
"2021-04-24",31846,3738514,41211,2472494,46,269201,73103,77012.71,6480209,0
"2021-04-25",18395,3756909,31127,2503621,84,269285,49606,75833,6529815,0
"2021-04-26",26859,3783768,40355,2543976,1009,270294,68223,75094,6598038,0
"2021-04-27",28611,3812379,46625,2590601,1686,271980,76922,74665.71,6674960,0
"2021-04-28",27138,3839517,56364,2646965,2133,274113,85635,74841.57,6760595,0
"2021-04-29",28737,3868254,56666,2703631,2099,276212,87502,74923.86,6848097,0
"2021-04-30",30166,3898420,51419,2755050,2000,278212,83585,74939.43,6931682,0
"2021-05-01",22518,3920938,44188,2799238,1139,279351,67845,74188.29,6999527,0
"2021-05-02",11944,3932882,36513,2835751,1075,280426,49532,74177.71,7049059,0
"2021-05-03",17998,3950880,52657,2888408,2359,282785,73014,74862.14,7122073,0
"2021-05-04",22725,3973605,56230,2944638,2304,285089,81259,75481.71,7203332,0
"2021-05-05",21521,3995126,48400,2993038,2290,287379,72211,73564,7275543,0
"2021-05-06",20640,4015766,49734,3042772,2474,289853,72848,71470.57,7348391,0
"2021-05-07",21267,4037033,51703,3094475,2780,292633,75750,70351.29,7424141,0
"2021-05-08",16649,4053682,41604,3136079,1833,294466,60086,69242.86,7484227,0
"2021-05-09",7990,4061672,29352,3165431,1252,295718,38594,67680.29,7522821,0
"2021-05-10",14338,4076010,38222,3203653,2327,298045,54887,65090.71,7577708,0
"2021-05-11",19943,4095953,42707,3246360,2482,300527,65132,62786.86,7642840,0
"2021-05-12",17740,4113693,40133,3286493,3557,304084,61430,61246.71,7704270,0
"2021-05-13",24905,4138598,40095,3326588,3212,307296,68212,60584.43,7772482,0
"2021-05-14",26948,4165546,42524,3369112,3501,310797,72973,60187.71,7845455,0
"2021-05-15",23654,4189200,34592,3403704,3347,314144,61593,60403,7907048,0
"2021-05-16",15546,4204746,19292,3422996,2496,316640,37334,60223,7944382,0
"2021-05-17",22594,4227340,28824,3451820,3214,319854,54632,60186.57,7999014,0
"2021-05-18",24583,4251923,31540,3483360,3380,323234,59503,59382.43,8058517,0
"2021-05-19",24190,4276113,29347,3512707,3015,326249,56552,58685.57,8115069,0
"2021-05-20",24121,4300234,29691,3542398,3115,329364,56927,57073.43,8171996,0
"2021-05-21",24660,4324894,31579,3573977,3032,332396,59271,55116,8231267,0
"2021-05-22",19977,4344871,24110,3598087,2521,334917,46608,52975.29,8277875,0
"2021-05-23",11243,4356114,13655,3611742,1405,336322,26303,51399.43,8304178,0
"2021-05-24",18846,4374960,22891,3634633,2726,339048,44463,49946.71,8348641,0
"2021-05-25",19419,4394379,23075,3657708,2576,341624,45070,47884.86,8393711,0
"2021-05-26",18629,4413008,20800,3678508,2673,344297,42102,45820.57,8435813,0
"2021-05-27",18375,4431383,20938,3699446,2520,346817,41833,43664.29,8477646,0
"2021-05-28",17809,4449192,22615,3722061,2710,349527,43134,41359,8520780,0
"2021-05-29",12690,4461882,17606,3739667,1751,351278,32047,39278.86,8552827,0
"2021-05-30",7038,4468920,8903,3748570,1072,352350,17013,37951.71,8569840,0
"2021-05-31",4764,4473684,6847,3755417,1009,353359,12620,33402.71,8582460,0
"2021-06-01",15999,4489683,24906,3780323,2147,355506,43052,33114.43,8625512,0
"2021-06-02",15326,4505009,20115,3800438,2074,357580,37515,32459.14,8663027,0
"2021-06-03",14969,4519978,23463,3823901,2266,359846,40698,32297,8703725,0
"2021-06-04",14660,4534638,25618,3849519,2461,362307,42739,32240.57,8746464,0
"2021-06-05",10972,4545610,21841,3871360,1801,364108,34614,32607.29,8781078,0
"2021-06-06",6482,4552092,14342,3885702,1218,365326,22042,33325.71,8803120,0
"2021-06-07",11697,4563789,21511,3907213,2355,367681,35563,36603.29,8838683,0
"2021-06-08",12636,4576425,23768,3930981,2050,369731,38454,35946.43,8877137,0
"2021-06-09",11075,4587500,22692,3953673,2251,371982,36018,35732.57,8913155,0
"2021-06-10",12063,4599563,21907,3975580,2432,374414,36402,35118.86,8949557,0
"2021-06-11",12675,4612238,24818,4000398,2436,376850,39929,34717.43,8989486,0
"2021-06-12",10170,4622408,19109,4019507,1876,378726,31155,34223.29,9020641,0
"2021-06-13",4264,4626672,10888,4030395,1217,379943,16369,33412.86,9037010,0
"2021-06-14",10165,4636837,18973,4049368,2035,381978,31173,32785.71,9068183,0
"2021-06-15",11849,4648686,20799,4070167,1926,383904,34574,32231.43,9102757,0
"2021-06-16",11561,4660247,19164,4089331,1929,385833,32654,31750.86,9135411,0
"2021-06-17",10970,4671217,18457,4107788,1945,387778,31372,31032.29,9166783,0
"2021-06-18",12140,4683357,18157,4125945,2097,389875,32394,29955.86,9199177,0
"2021-06-19",8502,4691859,13303,4139248,1450,391325,23255,28827.29,9222432,0
"2021-06-20",4375,4696234,7117,4146365,919,392244,12411,28261.86,9234843,0
"2021-06-21",10128,4706362,9831,4156196,1770,394014,21729,26912.71,9256572,0
"2021-06-22",9818,4716180,15464,4171660,1559,395573,26841,25808,9283413,0
"2021-06-23",10301,4726481,14881,4186541,1835,397408,27017,25002.71,9310430,0
"2021-06-24",9596,4736077,14441,4200982,1780,399188,25817,24209.14,9336247,0
"2021-06-25",10558,4746635,14162,4215144,1680,400868,26400,23352.86,9362647,0
"2021-06-26",7806,4754441,10286,4225430,1223,402091,19315,22790,9381962,0
"2021-06-27",5044,4759485,5951,4231381,784,402875,11779,22699.71,9393741,0
"2021-06-28",9024,4768509,10158,4241539,1500,404375,20682,22550.14,9414423,0
"2021-06-29",9762,4778271,12108,4253647,1324,405699,23194,22029.14,9437617,0
"2021-06-30",9349,4787620,10674,4264321,1443,407142,21466,21236.14,9459083,0
"2021-07-01",9261,4796881,10662,4274983,1386,408528,21309,20592.14,9480392,0
"2021-07-02",9611,4806492,11167,4286150,1498,410026,22276,20003,9502668,0
"2021-07-03",7030,4813522,8236,4294386,1182,411208,16448,19593.43,9519116,0
"2021-07-04",1284,4814806,1319,4295705,561,411769,3164,18362.71,9522280,0
"2021-07-05",6485,4821291,7019,4302724,1186,412955,14690,17506.71,9536970,0
"2021-07-06",9482,4830773,12552,4315276,1274,414229,23308,17523,9560278,0
"2021-07-07",8602,4839375,10747,4326023,1371,415600,20720,17416.43,9580998,0
"2021-07-08",8133,4847508,9932,4335955,1221,416821,19286,17127.43,9600284,0
"2021-07-09",8272,4855780,10545,4346500,1232,418053,20049,16809.29,9620333,0
"2021-07-10",7082,4862862,8476,4354976,1115,419168,16673,16841.43,9637006,0
"2021-07-11",4111,4866973,4505,4359481,697,419865,9313,17719.86,9646319,0
"2021-07-12",8383,4875356,9345,4368826,1216,421081,18944,18327.57,9665263,0
"2021-07-13",9387,4884743,9198,4378024,932,422013,19517,17786,9684780,0
"2021-07-14",8875,4893618,9358,4387382,996,423009,19229,17573,9704009,0
"2021-07-15",8662,4902280,8865,4396247,1038,424047,18565,17470,9722574,0
"2021-07-16",9165,4911445,9573,4405820,955,425002,19693,17419.14,9742267,0
"2021-07-17",6788,4918233,7253,4413073,784,425786,14825,17155.14,9757092,0
"2021-07-18",4239,4922472,4247,4417320,566,426352,9052,17117.86,9766144,0
"2021-07-19",8998,4931470,8310,4425630,981,427333,18289,17024.29,9784433,0
"2021-07-20",10486,4941956,8602,4434232,968,428301,20056,17101.29,9804489,0
"2021-07-21",9952,4951908,8509,4442741,895,429196,19356,17119.43,9823845,0
"2021-07-22",10549,4962457,8304,4451045,1023,430219,19876,17306.71,9843721,0
"2021-07-23",11058,4973515,8638,4459683,1085,431304,20781,17462.14,9864502,0
"2021-07-24",7348,4980863,6599,4466282,664,431968,14611,17431.57,9879113,0
"2021-07-25",5479,4986342,2077,4468359,503,432471,8059,17289.71,9887172,0
"2021-07-26",10785,4997127,6857,4475216,827,433298,18469,17315.43,9905641,0
"2021-07-27",11982,5009109,8438,4483654,828,434126,21248,17485.71,9926889,0
"2021-07-28",11762,5020871,7800,4491454,917,435043,20479,17646.14,9947368,0
"2021-07-29",10725,5031596,7191,4498645,925,435968,18841,17498.29,9966209,0
"2021-07-30",14513,5046109,7640,4506285,1090,437058,23243,17850,9989452,120000
"2021-07-31",9426,5055535,5937,4512222,744,437802,16107,18063.71,10005559,120000
"2021-08-01",6314,5061849,3179,4515401,484,438286,9977,18337.71,10015536,120000
"2021-08-02",12854,5074703,6711,4522112,702,438988,20267,18594.57,10035803,120000
"2021-08-03",14639,5089342,7918,4530030,845,439833,23402,18902.29,10059205,120000
"2021-08-04",14869,5104211,6808,4536838,1230,441063,22907,19249.14,10082112,120000
"2021-08-05",6539,5110750,2814,4539652,588,441651,9941,17977.71,10092053,120000
