"DATE","ADMIN_DOSE1_DAILY","ADMIN_DOSE1_CUMULATIVE","ADMIN_DOSE2_DAILY","ADMIN_DOSE2_CUMULATIVE","ADMIN_SINGLE_DAILY","ADMIN_SINGLE_CUMULATIVE","ADMIN_ADDITIONAL_DAILY","ADMIN_ADDITIONAL_CUMULATIVE","ADMIN_ALLDOSES_DAILY","ADMIN_ALLDOSES_7DAYAVG","ADMIN_ALLDOSES_CUMULATIVE","INCOMPLETE"
"2020-12-14",79,79,0,0,0,0,0,0,79,,79,0
"2020-12-15",2052,2131,5,5,4,4,0,0,2061,,2140,0
"2020-12-16",4602,6733,13,18,1,5,1,1,4617,,6757,0
"2020-12-17",4655,11388,17,35,0,5,1,2,4673,,11430,0
"2020-12-18",5833,17221,20,55,2,7,2,4,5857,,17287,0
"2020-12-19",1690,18911,6,61,3,10,0,4,1699,,18986,0
"2020-12-20",1116,20027,2,63,1,11,0,4,1119,2872.14,20105,0
"2020-12-21",6339,26366,17,80,0,11,6,10,6362,3769.71,26467,0
"2020-12-22",9796,36162,27,107,2,13,1,11,9826,4879,36293,0
"2020-12-23",14273,50435,35,142,3,16,1,12,14312,6264,50605,0
"2020-12-24",7200,57635,25,167,1,17,0,12,7226,6628.71,57831,0
"2020-12-25",180,57815,0,167,0,17,1,13,181,5817.86,58012,0
"2020-12-26",4390,62205,43,210,0,17,1,14,4434,6208.57,62446,0
"2020-12-27",3868,66073,13,223,0,17,1,15,3882,6603.29,66328,0
"2020-12-28",10992,77065,50,273,1,18,3,18,11046,7272.43,77374,0
"2020-12-29",10723,87788,32,305,2,20,2,20,10759,7405.71,88133,0
"2020-12-30",12826,100614,44,349,0,20,0,20,12870,7199.71,101003,0
"2020-12-31",7262,107876,30,379,1,21,0,20,7293,7209.29,108296,0
"2021-01-01",181,108057,2,381,1,22,3,23,187,7210.14,108483,0
"2021-01-02",3810,111867,10,391,2,24,1,24,3823,7122.86,112306,0
"2021-01-03",3542,115409,23,414,2,26,1,25,3568,7078,115874,0
"2021-01-04",12257,127666,805,1219,2,28,6,31,13070,7367.14,128944,0
"2021-01-05",14082,141748,2193,3412,2,30,10,41,16287,8156.86,145231,0
"2021-01-06",17809,159557,3922,7334,1,31,29,70,21761,9427,166992,0
"2021-01-07",16547,176104,5173,12507,4,35,45,115,21769,11495,188761,0
"2021-01-08",16621,192725,5453,17960,0,35,32,147,22106,14626.29,210867,0
"2021-01-09",7650,200375,1463,19423,1,36,7,154,9121,15383.14,219988,0
"2021-01-10",7885,208260,980,20403,0,36,10,164,8875,16141.29,228863,0
"2021-01-11",25818,234078,7457,27860,2,38,47,211,33324,19034.71,262187,0
"2021-01-12",28263,262341,7859,35719,1,39,43,254,36166,21874.57,298353,0
"2021-01-13",31721,294062,9377,45096,1,40,54,308,41153,24644.86,339506,0
"2021-01-14",35804,329866,5326,50422,1,41,28,336,41159,27414.86,380665,0
"2021-01-15",29270,359136,3703,54125,2,43,32,368,33007,28972.14,413672,0
"2021-01-16",30291,389427,2380,56505,0,43,23,391,32694,32339.71,446366,0
"2021-01-17",23758,413185,1619,58124,0,43,18,409,25395,34699.71,471761,0
"2021-01-18",27111,440296,2409,60533,0,43,34,443,29554,34161.14,501315,0
"2021-01-19",34302,474598,9620,70153,1,44,67,510,43990,35278.86,545305,0
"2021-01-20",34865,509463,9493,79646,1,45,58,568,44417,35745.14,589722,0
"2021-01-21",25594,535057,8090,87736,2,47,48,616,33734,34684.43,623456,0
"2021-01-22",24755,559812,4385,92121,1,48,29,645,29170,34136.29,652626,0
"2021-01-23",15743,575555,3223,95344,0,48,10,655,18976,32176.57,671602,0
"2021-01-24",7180,582735,3448,98792,0,48,18,673,10646,30069.57,682248,0
"2021-01-25",13415,596150,11814,110606,0,48,64,737,25293,29460.86,707541,0
"2021-01-26",16769,612919,10745,121351,0,48,66,803,27580,27116.57,735121,0
"2021-01-27",20832,633751,12357,133708,0,48,49,852,33238,25519.57,768359,0
"2021-01-28",30765,664516,12844,146552,0,48,80,932,43689,26941.71,812048,0
"2021-01-29",31692,696208,11498,158050,0,48,75,1007,43265,28955.29,855313,0
"2021-01-30",18716,714924,3738,161788,0,48,20,1027,22474,29455,877787,0
"2021-01-31",13024,727948,2917,164705,1,49,28,1055,15970,30215.57,893757,0
"2021-02-01",1178,729126,5368,170073,4,53,35,1090,6585,27543,900342,0
"2021-02-02",2827,731953,9467,179540,2,55,50,1140,12346,25366.71,912688,0
"2021-02-03",16352,748305,21233,200773,4,59,202,1342,37791,26017.14,950479,0
"2021-02-04",27044,775349,19647,220420,3,62,198,1540,46892,26474.71,997371,0
"2021-02-05",27602,802951,20024,240444,0,62,180,1720,47806,27123.43,1045177,0
"2021-02-06",22993,825944,11244,251688,0,62,108,1828,34345,28819.29,1079522,0
"2021-02-07",12045,837989,8279,259967,1,63,87,1915,20412,29453.86,1099934,0
"2021-02-08",16971,854960,23508,283475,2,65,231,2146,40712,34329.14,1140646,0
"2021-02-09",17199,872159,28105,311580,2,67,327,2473,45633,39084.43,1186279,0
"2021-02-10",19598,891757,29302,340882,2,69,257,2730,49159,40708.43,1235438,0
"2021-02-11",27850,919607,33465,374347,2,71,345,3075,61662,42818.43,1297100,0
"2021-02-12",38412,958019,30789,405136,3,74,345,3420,69549,45924.57,1366649,0
"2021-02-13",28011,986030,25304,430440,2,76,305,3725,53622,48678.43,1420271,0
"2021-02-14",16287,1002317,23725,454165,0,76,256,3981,40268,51515,1460539,0
"2021-02-15",12798,1015115,10522,464687,2,78,165,4146,23487,49054.29,1484026,0
"2021-02-16",14241,1029356,26728,491415,0,78,314,4460,41283,48432.86,1525309,0
"2021-02-17",16407,1045763,22172,513587,1,79,283,4743,38863,46962,1564172,0
"2021-02-18",12156,1057919,24987,538574,21,100,277,5020,37441,43501.86,1601613,0
"2021-02-19",13271,1071190,23927,562501,39,139,293,5313,37530,38927.71,1639143,0
"2021-02-20",11351,1082541,26078,588579,6,145,320,5633,37755,36661,1676898,0
"2021-02-21",6359,1088900,17426,606005,15,160,280,5913,24080,34348.43,1700978,0
"2021-02-22",13040,1101940,11847,617852,2,162,122,6035,25011,34566.14,1725989,0
"2021-02-23",25245,1127185,14147,631999,1,163,157,6192,39550,34318.57,1765539,0
"2021-02-24",36356,1163541,20356,652355,0,163,215,6407,56927,36899.14,1822466,0
"2021-02-25",54618,1218159,30345,682700,6,169,388,6795,85357,43744.29,1907823,0
"2021-02-26",62880,1281039,31837,714537,4,173,395,7190,95116,51970.86,2002939,0
"2021-02-27",51301,1332340,22734,737271,47,220,326,7516,74408,57207,2077347,0
"2021-02-28",44604,1376944,13787,751058,7,227,201,7717,58599,62138.29,2135946,0
"2021-03-01",39315,1416259,12748,763806,10,237,168,7885,52241,66028.29,2188187,0
"2021-03-02",47083,1463342,12543,776349,7,244,157,8042,59790,68919.71,2247977,0
"2021-03-03",48609,1511951,16123,792472,17,261,148,8190,64897,70058.29,2312874,0
"2021-03-04",59826,1571777,22790,815262,1092,1353,262,8452,83970,69860.14,2396844,0
"2021-03-05",60990,1632767,24247,839509,3109,4462,330,8782,88676,68940.14,2485520,0
"2021-03-06",47179,1679946,18862,858371,5449,9911,234,9016,71724,68556.71,2557244,0
"2021-03-07",36042,1715988,14854,873225,6247,16158,224,9240,57367,68380.71,2614611,0
"2021-03-08",39616,1755604,14662,887887,8566,24724,306,9546,63150,69939.14,2677761,0
"2021-03-09",39102,1794706,12792,900679,7767,32491,175,9721,59836,69945.71,2737597,0
"2021-03-10",51833,1846539,15268,915947,5069,37560,221,9942,72391,71016.29,2809988,0
"2021-03-11",60004,1906543,21756,937703,4618,42178,250,10192,86628,71396,2896616,0
"2021-03-12",52200,1958743,30275,967978,4183,46361,368,10560,87026,71160.29,2983642,0
"2021-03-13",40661,1999404,26670,994648,5110,51471,320,10880,72761,71308.43,3056403,0
"2021-03-14",30722,2030126,15936,1010584,4528,55999,236,11116,51422,70459.14,3107825,0
"2021-03-15",33589,2063715,17216,1027800,4722,60721,234,11350,55761,69403.57,3163586,0
"2021-03-16",38674,2102389,20463,1048263,4925,65646,255,11605,64317,70043.71,3227903,0
"2021-03-17",42623,2145012,24741,1073004,4247,69893,333,11938,71944,69979.86,3299847,0
"2021-03-18",50475,2195487,26736,1099740,5239,75132,362,12300,82812,69434.71,3382659,0
"2021-03-19",47810,2243297,29892,1129632,5624,80756,385,12685,83711,68961.14,3466370,0
"2021-03-20",38712,2282009,25778,1155410,4690,85446,289,12974,69469,68490.86,3535839,0
"2021-03-21",29305,2311314,19302,1174712,771,86217,216,13190,49594,68229.71,3585433,0
"2021-03-22",33866,2345180,26689,1201401,4038,90255,259,13449,64852,69528.43,3650285,0
"2021-03-23",38440,2383620,32786,1234187,4221,94476,280,13729,75727,71158.43,3726012,0
"2021-03-24",41511,2425131,37532,1271719,4849,99325,319,14048,84211,72910.86,3810223,0
"2021-03-25",43424,2468555,50695,1322414,5053,104378,458,14506,99630,75313.43,3909853,0
"2021-03-26",38517,2507072,55401,1377815,4311,108689,516,15022,98745,77461.14,4008598,0
"2021-03-27",35754,2542826,45651,1423466,2939,111628,405,15427,84749,79644,4093347,0
"2021-03-28",26401,2569227,34363,1457829,1481,113109,320,15747,62565,81497,4155912,0
"2021-03-29",34837,2604064,38763,1496592,3248,116357,334,16081,77182,83258.43,4233094,0
"2021-03-30",40519,2644583,41879,1538471,3714,120071,319,16400,86431,84787.57,4319525,0
"2021-03-31",49413,2693996,44810,1583281,7441,127512,391,16791,102055,87336.71,4421580,0
"2021-04-01",50781,2744777,53913,1637194,11274,138786,494,17285,116462,89741.29,4538042,0
"2021-04-02",43767,2788544,53839,1691033,11973,150759,541,17826,110120,91366.29,4648162,0
"2021-04-03",39265,2827809,39171,1730204,9861,160620,333,18159,88630,91920.71,4736792,0
"2021-04-04",26564,2854373,24687,1754891,3901,164521,220,18379,55372,90893.14,4792164,0
"2021-04-05",41887,2896260,34409,1789300,11195,175716,362,18741,87853,92417.57,4880017,0
"2021-04-06",53283,2949543,35536,1824836,13220,188936,419,19160,102458,94707.14,4982475,0
"2021-04-07",55522,3005065,40662,1865498,14384,203320,385,19545,110953,95978.29,5093428,0
"2021-04-08",59280,3064345,46544,1912042,16336,219656,502,20047,122662,96864,5216090,0
"2021-04-09",56653,3120998,44926,1956968,17549,237205,497,20544,119625,98221.86,5335715,0
"2021-04-10",49365,3170363,35635,1992603,12727,249932,375,20919,98102,99575,5433817,0
"2021-04-11",38195,3208558,28809,2021412,7686,257618,284,21203,74974,102375.29,5508791,0
"2021-04-12",46652,3255210,31838,2053250,13495,271113,453,21656,92438,103030.29,5601229,0
"2021-04-13",52563,3307773,33775,2087025,368,271481,385,22041,87091,100835,5688320,0
"2021-04-14",50162,3357935,39954,2126979,20,271501,354,22395,90490,97911.71,5778810,0
"2021-04-15",52138,3410073,43666,2170645,16,271517,449,22844,96269,94141.29,5875079,0
"2021-04-16",51194,3461267,42220,2212865,32,271549,404,23248,93850,90459.14,5968929,0
"2021-04-17",43851,3505118,35682,2248547,3,271552,360,23608,79896,87858.29,6048825,0
"2021-04-18",28613,3533731,29372,2277919,7,271559,244,23852,58236,85467.14,6107061,0
"2021-04-19",37486,3571217,36444,2314363,22,271581,306,24158,74258,82870,6181319,0
"2021-04-20",40816,3612033,39631,2353994,19,271600,296,24454,80762,81965.86,6262081,0
"2021-04-21",38911,3650944,45960,2399954,15,271615,479,24933,85365,81233.71,6347446,0
"2021-04-22",38522,3689466,48943,2448897,9,271624,329,25262,87803,80024.29,6435249,0
"2021-04-23",39713,3729179,44371,2493268,4,271628,345,25607,84433,78679,6519682,0
"2021-04-24",31968,3761147,41594,2534862,44,271672,273,25880,73879,77819.43,6593561,0
"2021-04-25",18427,3779574,31231,2566093,86,271758,185,26065,49929,76632.71,6643490,0
"2021-04-26",26980,3806554,40726,2606819,1013,272771,280,26345,68999,75881.43,6712489,0
"2021-04-27",28574,3835128,47124,2653943,1696,274467,342,26687,77736,75449.14,6790225,0
"2021-04-28",27055,3862183,56835,2710778,2146,276613,418,27105,86454,75604.71,6876679,0
"2021-04-29",28621,3890804,57176,2767954,2145,278758,362,27467,88304,75676.29,6964983,0
"2021-04-30",30129,3920933,51980,2819934,2056,280814,274,27741,84439,75677.14,7049422,0
"2021-05-01",22485,3943418,44549,2864483,1176,281990,223,27964,68433,74899.14,7117855,0
"2021-05-02",11932,3955350,36652,2901135,1080,283070,131,28095,49795,74880,7167650,0
"2021-05-03",18038,3973388,53019,2954154,2383,285453,242,28337,73682,75549,7241332,0
"2021-05-04",22750,3996138,56644,3010798,2330,287783,254,28591,81978,76155,7323310,0
"2021-05-05",21482,4017620,48791,3059589,2310,290093,308,28899,72891,74217.43,7396201,0
"2021-05-06",20696,4038316,50170,3109759,2509,292602,263,29162,73638,72122.29,7469839,0
"2021-05-07",21266,4059582,52093,3161852,2813,295415,300,29462,76472,70984.14,7546311,0
"2021-05-08",16635,4076217,41878,3203730,1835,297250,219,29681,60567,69860.43,7606878,0
"2021-05-09",7977,4084194,29410,3233140,1260,298510,150,29831,38797,68289.29,7645675,0
"2021-05-10",14402,4098596,38539,3271679,2356,300866,220,30051,55517,65694.29,7701192,0
"2021-05-11",19930,4118526,43047,3314726,2514,303380,278,30329,65769,63378.71,7766961,0
"2021-05-12",17816,4136342,40532,3355258,3596,306976,226,30555,62170,61847.14,7829131,0
"2021-05-13",24986,4161328,40428,3395686,3229,310205,255,30810,68898,61170,7898029,0
"2021-05-14",27036,4188364,42904,3438590,3536,313741,278,31088,73754,60781.71,7971783,0
"2021-05-15",23662,4212026,34918,3473508,3366,317107,242,31330,62188,61013.29,8033971,0
"2021-05-16",15547,4227573,19431,3492939,2497,319604,124,31454,37599,60842.14,8071570,0
"2021-05-17",22680,4250253,29142,3522081,3257,322861,173,31627,55252,60804.29,8126822,0
"2021-05-18",24645,4274898,31903,3553984,3404,326265,231,31858,60183,60006.29,8187005,0
"2021-05-19",24211,4299109,29708,3583692,3039,329304,218,32076,57176,59292.86,8244181,0
"2021-05-20",24168,4323277,30083,3613775,3160,332464,264,32340,57675,57689.57,8301856,0
"2021-05-21",24695,4347972,32000,3645775,3059,335523,241,32581,59995,55724,8361851,0
"2021-05-22",20031,4368003,24355,3670130,2525,338048,155,32736,47066,53563.71,8408917,0
"2021-05-23",11239,4379242,13725,3683855,1411,339459,97,32833,26472,51974.14,8435389,0
"2021-05-24",18887,4398129,23147,3707002,2757,342216,214,33047,45005,50510.29,8480394,0
"2021-05-25",19444,4417573,23372,3730374,2601,344817,174,33221,45591,48425.71,8525985,0
"2021-05-26",18792,4436365,21076,3751450,2695,347512,199,33420,42762,46366.57,8568747,0
"2021-05-27",18481,4454846,21263,3772713,2530,350042,190,33610,42464,44193.57,8611211,0
"2021-05-28",17876,4472722,22889,3795602,2752,352794,182,33792,43699,41865.57,8654910,0
"2021-05-29",12716,4485438,17802,3813404,1755,354549,102,33894,32375,39766.86,8687285,0
"2021-05-30",7033,4492471,8949,3822353,1074,355623,43,33937,17099,38427.86,8704384,0
"2021-05-31",4742,4497213,6925,3829278,1011,356634,63,34000,12741,33818.71,8717125,0
"2021-06-01",16049,4513262,25197,3854475,2174,358808,148,34148,43568,33529.71,8760693,0
"2021-06-02",15356,4528618,20386,3874861,2092,360900,138,34286,37972,32845.43,8798665,0
"2021-06-03",15011,4543629,23815,3898676,2280,363180,121,34407,41227,32668.71,8839892,0
"2021-06-04",14736,4558365,25980,3924656,2492,365672,142,34549,43350,32618.86,8883242,0
"2021-06-05",10999,4569364,22080,3946736,1806,367478,111,34660,34996,32993.29,8918238,0
"2021-06-06",6451,4575815,14467,3961203,1222,368700,81,34741,22221,33725,8940459,0
"2021-06-07",11718,4587533,21781,3982984,2379,371079,139,34880,36017,37050.14,8976476,0
"2021-06-08",12660,4600193,24014,4006998,2072,373151,116,34996,38862,36377.86,9015338,0
"2021-06-09",11155,4611348,23022,4030020,2298,375449,129,35125,36604,36182.43,9051942,0
"2021-06-10",12078,4623426,22228,4052248,2462,377911,137,35262,36905,35565,9088847,0
"2021-06-11",12714,4636140,25109,4077357,2482,380393,151,35413,40456,35151.57,9129303,0
"2021-06-12",10170,4646310,19304,4096661,1888,382281,92,35505,31454,34645.57,9160757,0
"2021-06-13",4259,4650569,10936,4107597,1220,383501,41,35546,16456,33822,9177213,0
"2021-06-14",10220,4660789,19236,4126833,2042,385543,124,35670,31622,33194.14,9208835,0
"2021-06-15",11894,4672683,21006,4147839,1943,387486,123,35793,34966,32637.57,9243801,0
"2021-06-16",11594,4684277,19402,4167241,1958,389444,138,35931,33092,32135.86,9276893,0
"2021-06-17",11028,4695305,18759,4186000,1970,391414,116,36047,31873,31417,9308766,0
"2021-06-18",12171,4707476,18496,4204496,2115,393529,113,36160,32895,30336.86,9341661,0
"2021-06-19",8506,4715982,13521,4218017,1460,394989,78,36238,23565,29209.86,9365226,0
"2021-06-20",4336,4720318,7162,4225179,924,395913,36,36274,12458,28638.71,9377684,0
"2021-06-21",10166,4730484,10003,4235182,1806,397719,67,36341,22042,27270.14,9399726,0
"2021-06-22",9842,4740326,15639,4250821,1590,399309,102,36443,27173,26156.86,9426899,0
"2021-06-23",10323,4750649,15177,4265998,1861,401170,102,36545,27463,25352.71,9454362,0
"2021-06-24",9694,4760343,14695,4280693,1798,402968,115,36660,26302,24556.86,9480664,0
"2021-06-25",10595,4770938,14381,4295074,1718,404686,109,36769,26803,23686.57,9507467,0
"2021-06-26",7811,4778749,10460,4305534,1246,405932,73,36842,19590,23118.71,9527057,0
"2021-06-27",5004,4783753,5998,4311532,796,406728,32,36874,11830,23029,9538887,0
"2021-06-28",9035,4792788,10344,4321876,1524,408252,104,36978,21007,22881.14,9559894,0
"2021-06-29",9752,4802540,12312,4334188,1348,409600,123,37101,23535,22361.43,9583429,0
"2021-06-30",9430,4811970,10928,4345116,1480,411080,145,37246,21983,21578.57,9605412,0
"2021-07-01",9401,4821371,10925,4356041,1431,412511,124,37370,21881,20947,9627293,0
"2021-07-02",9695,4831066,11435,4367476,1541,414052,122,37492,22793,20374.14,9650086,0
"2021-07-03",7062,4838128,8420,4375896,1193,415245,75,37567,16750,19968.43,9666836,0
"2021-07-04",1289,4839417,1335,4377231,567,415812,8,37575,3199,18735.43,9670035,0
"2021-07-05",6494,4845911,7101,4384332,1208,417020,66,37641,14869,17858.57,9684904,0
"2021-07-06",9517,4855428,12845,4397177,1317,418337,113,37754,23792,17895.29,9708696,0
"2021-07-07",8677,4864105,11106,4408283,1419,419756,120,37874,21322,17800.86,9730018,0
"2021-07-08",8211,4872316,10194,4418477,1260,421016,105,37979,19770,17499.29,9749788,0
"2021-07-09",8381,4880697,10827,4429304,1279,422295,87,38066,20574,17182.29,9770362,0
"2021-07-10",7112,4887809,8625,4437929,1133,423428,63,38129,16933,17208.43,9787295,0
"2021-07-11",4105,4891914,4539,4442468,703,424131,35,38164,9382,18091.71,9796677,0
"2021-07-12",8454,4900368,9552,4452020,1250,425381,79,38243,19335,18729.71,9816012,0
"2021-07-13",9471,4909839,9382,4461402,951,426332,103,38346,19907,18174.71,9835919,0
"2021-07-14",9007,4918846,9527,4470929,1009,427341,102,38448,19645,17935.14,9855564,0
"2021-07-15",8797,4927643,9148,4480077,1052,428393,80,38528,19077,17836.14,9874641,0
"2021-07-16",9245,4936888,9764,4489841,978,429371,101,38629,20088,17766.71,9894729,0
"2021-07-17",6848,4943736,7384,4497225,802,430173,78,38707,15112,17506.57,9909841,0
"2021-07-18",4260,4947996,4284,4501509,569,430742,34,38741,9147,17473,9918988,0
"2021-07-19",9129,4957125,8468,4509977,999,431741,88,38829,18684,17380,9937672,0
"2021-07-20",10657,4967782,8754,4518731,991,432732,90,38919,20492,17463.57,9958164,0
"2021-07-21",10057,4977839,8761,4527492,903,433635,141,39060,19862,17494.57,9978026,0
"2021-07-22",10687,4988526,8581,4536073,1044,434679,141,39201,20453,17691.14,9998479,0
"2021-07-23",11259,4999785,8878,4544951,1114,435793,134,39335,21385,17876.43,10019864,0
"2021-07-24",7407,5007192,6734,4551685,670,436463,82,39417,14893,17845.14,10034757,0
"2021-07-25",5481,5012673,2122,4553807,509,436972,59,39476,8171,17705.71,10042928,0
"2021-07-26",10881,5023554,6998,4560805,859,437831,109,39585,18847,17729,10061775,0
"2021-07-27",12060,5035614,8563,4569368,857,438688,131,39716,21611,17888.86,10083386,0
"2021-07-28",11999,5047613,8047,4577415,950,439638,129,39845,21125,18069.29,10104511,0
"2021-07-29",10943,5058556,7425,4584840,983,440621,129,39974,19480,17930.29,10123991,0
"2021-07-30",14957,5073513,8006,4592846,1149,441770,179,40153,24291,18345.43,10148282,0
"2021-07-31",9737,5083250,6309,4599155,816,442586,116,40269,16978,18643.29,10165260,0
"2021-08-01",6506,5089756,3308,4602463,564,443150,79,40348,10457,18969.86,10175717,0
"2021-08-02",13454,5103210,7154,4609617,848,443998,142,40490,21598,19362.86,10197315,0
"2021-08-03",15425,5118635,8380,4617997,1107,445105,145,40635,25057,19855.14,10222372,0
"2021-08-04",17264,5135899,8121,4626118,1454,446559,177,40812,27016,20696.71,10249388,0
"2021-08-05",17872,5153771,7920,4634038,1365,447924,161,40973,27318,21816.43,10276706,0
"2021-08-06",18186,5171957,8408,4642446,1233,449157,164,41137,27991,22345,10304697,0
"2021-08-07",13391,5185348,6013,4648459,799,449956,97,41234,20300,22819.57,10324997,0
"2021-08-08",9312,5194660,3833,4652292,399,450355,79,41313,13623,23271.86,10338620,0
"2021-08-09",21339,5215999,8529,4660821,963,451318,168,41481,30999,24614.86,10369619,0
"2021-08-10",18927,5234926,9328,4670149,950,452268,168,41649,29373,25231.43,10398992,0
"2021-08-11",15658,5250584,8306,4678455,852,453120,125,41774,24941,24935,10423933,0
"2021-08-12",15054,5265638,8976,4687431,937,454057,167,41941,25134,24623,10449067,0
"2021-08-13",14930,5280568,9285,4696716,921,454978,236,42177,25372,24248.86,10474439,0
"2021-08-14",10416,5290984,6408,4703124,626,455604,523,42700,17973,23916.43,10492412,0
"2021-08-15",6698,5297682,4474,4707598,677,456281,566,43266,12415,23743.86,10504827,0
"2021-08-16",15726,5313408,9288,4716886,1149,457430,1315,44581,27478,23240.86,10532305,0
"2021-08-17",17785,5331193,10438,4727324,1220,458650,1751,46332,31194,23501,10563499,0
"2021-08-18",17522,5348715,10356,4737680,1260,459910,1973,48305,31111,24382.43,10594610,0
"2021-08-19",16317,5365032,9516,4747196,1316,461226,1937,50242,29086,24947,10623696,0
"2021-08-20",16296,5381328,11532,4758728,1254,462480,1845,52087,30927,25740.57,10654623,0
"2021-08-21",11162,5392490,8041,4766769,877,463357,1046,53133,21126,26191,10675749,0
"2021-08-22",4087,5396577,3904,4770673,262,463619,510,53643,8763,25669.29,10684512,0
"2021-08-23",15585,5412162,11792,4782465,1023,464642,1541,55184,29941,26021.14,10714453,0
"2021-08-24",16923,5429085,12594,4795059,1006,465648,1766,56950,32289,26177.57,10746742,0
"2021-08-25",14588,5443673,12435,4807494,1111,466759,1558,58508,29692,25974.86,10776434,0
"2021-08-26",16176,5459849,14079,4821573,1072,467831,1757,60265,33084,26546,10809518,0
"2021-08-27",14890,5474739,14817,4836390,972,468803,1650,61915,32329,26746.29,10841847,0
"2021-08-28",10691,5485430,11514,4847904,836,469639,1005,62920,24046,27163.43,10865893,0
"2021-08-29",7220,5492650,7494,4855398,541,470180,769,63689,16024,28200.71,10881917,0
"2021-08-30",15532,5508182,16917,4872315,1077,471257,1782,65471,35308,28967.43,10917225,0
"2021-08-31",15529,5523711,15941,4888256,952,472209,1952,67423,34374,29265.29,10951599,0
"2021-09-01",14839,5538550,14100,4902356,1021,473230,1785,69208,31745,29558.57,10983344,0
"2021-09-02",14352,5552902,12515,4914871,896,474126,1684,70892,29447,29039,11012791,0
"2021-09-03",15023,5567925,14296,4929167,974,475100,1887,72779,32180,29017.71,11044971,0
"2021-09-04",9652,5577577,9405,4938572,688,475788,956,73735,20701,28539.86,11065672,0
"2021-09-05",6811,5584388,5511,4944083,438,476226,700,74435,13460,28173.57,11079132,0
"2021-09-06",5204,5589592,4506,4948589,358,476584,267,74702,10335,24606,11089467,0
"2021-09-07",15586,5605178,17688,4966277,913,477497,1528,76230,35715,24797.57,11125182,0
"2021-09-08",16181,5621359,14823,4981100,1073,478570,1747,77977,33824,25094.57,11159006,0
"2021-09-09",16130,5637489,14744,4995844,1048,479618,1892,79869,33814,25718.43,11192820,0
"2021-09-10",18381,5655870,15389,5011233,1209,480827,1958,81827,36937,26398,11229757,0
"2021-09-11",12647,5668517,10343,5021576,958,481785,1016,82843,24964,27007,11254721,0
"2021-09-12",8545,5677062,5046,5026622,766,482551,683,83526,15040,27232.71,11269761,0
"2021-09-13",16947,5694009,12946,5039568,974,483525,1632,85158,32499,30399,11302260,0
"2021-09-14",16285,5710294,13669,5053237,886,484411,1581,86739,32421,29928.43,11334681,0
"2021-09-15",15572,5725866,12856,5066093,728,485139,1560,88299,30716,29484.43,11365397,0
"2021-09-16",15356,5741222,13905,5079998,1212,486351,1436,89735,31909,29212.29,11397306,0
"2021-09-17",14441,5755663,13960,5093958,922,487273,1816,91551,31139,28384,11428445,0
"2021-09-18",10014,5765677,10169,5104127,913,488186,1042,92593,22138,27980.29,11450583,0
"2021-09-19",6187,5771864,6067,5110194,557,488743,739,93332,13550,27767.43,11464133,0
"2021-09-20",12697,5784561,12624,5122818,1069,489812,1903,95235,28293,27166.57,11492426,0
"2021-09-21",12249,5796810,12764,5135582,1111,490923,2003,97238,28127,26553.14,11520553,0
"2021-09-22",12850,5809660,11984,5147566,1091,492014,1652,98890,27577,26104.71,11548130,0
"2021-09-23",14964,5824624,12749,5160315,1637,493651,2230,101120,31580,26057.71,11579710,0
"2021-09-24",16474,5841098,13354,5173669,1632,495283,4541,105661,36001,26752.29,11615711,0
"2021-09-25",10562,5851660,9018,5182687,1018,496301,3387,109048,23985,27016.14,11639696,0
"2021-09-26",6326,5857986,5754,5188441,773,497074,2382,111430,15235,27256.86,11654931,0
"2021-09-27",14189,5872175,8047,5196488,1155,498229,8878,120308,32269,27824.86,11687200,0
"2021-09-28",11177,5883352,11768,5208256,901,499130,9704,130012,33550,28599.57,11720750,0
"2021-09-29",11635,5894987,12180,5220436,1205,500335,9268,139280,34288,29558.29,11755038,0
"2021-09-30",12268,5907255,12586,5233022,1338,501673,9580,148860,35772,30157.14,11790810,0
"2021-10-01",12677,5919932,13422,5246444,1284,502957,10148,159008,37531,30375.71,11828341,0
"2021-10-02",7743,5927675,9976,5256420,864,503821,4168,163176,22751,30199.43,11851092,0
"2021-10-03",5084,5932759,6158,5262578,594,504415,2573,165749,14409,30081.43,11865501,0
"2021-10-04",9938,5942697,11027,5273605,913,505328,9404,175153,31282,29940.43,11896783,0
"2021-10-05",10193,5952890,11746,5285351,972,506300,9843,184996,32754,29826.71,11929537,0
"2021-10-06",9941,5962831,11052,5296403,937,507237,9835,194831,31765,29466.29,11961302,0
"2021-10-07",9696,5972527,12180,5308583,852,508089,10097,204928,32825,29045.29,11994127,0
"2021-10-08",9500,5982027,12160,5320743,943,509032,10795,215723,33398,28454.86,12027525,0
"2021-10-09",6282,5988309,8276,5329019,649,509681,4052,219775,19259,27956,12046784,0
"2021-10-10",3551,5991860,5019,5334038,458,510139,2402,222177,11430,27530.43,12058214,0
"2021-10-11",7647,5999507,9329,5343367,728,510867,8834,231011,26538,26852.71,12084752,0
"2021-10-12",8101,6007608,10993,5354360,890,511757,10408,241419,30392,26515.29,12115144,0
"2021-10-13",7193,6014801,10145,5364505,869,512626,8661,250080,26868,25815.71,12142012,0
"2021-10-14",7471,6022272,11110,5375615,836,513462,9974,260054,29391,25325.14,12171403,0
"2021-10-15",7752,6030024,11864,5387479,823,514285,10668,270722,31107,24997.86,12202510,0
"2021-10-16",4874,6034898,7458,5394937,666,514951,3773,274495,16771,24642.43,12219281,0
"2021-10-17",3065,6037963,4476,5399413,411,515362,2412,276907,10364,24490.14,12229645,0
"2021-10-18",7088,6045051,10654,5410067,797,516159,9322,286229,27861,24679.14,12257506,0
"2021-10-19",6602,6051653,8943,5419010,806,516965,8954,295183,25305,23952.43,12282811,0
"2021-10-20",6569,6058222,9374,5428384,975,517940,9858,305041,26776,23939.29,12309587,0
"2021-10-21",7070,6065292,9377,5437761,859,518799,10717,315758,28023,23743.86,12337610,0
"2021-10-22",8173,6073465,10347,5448108,1026,519825,16222,331980,35768,24409.71,12373378,0
"2021-10-23",5199,6078664,6461,5454569,690,520515,9048,341028,21398,25070.71,12394776,0
"2021-10-24",3290,6081954,3967,5458536,770,521285,6129,347157,14156,25612.43,12408932,0
"2021-10-25",8826,6090780,8748,5467284,1148,522433,19134,366291,37856,27040.29,12446788,0
"2021-10-26",8241,6099021,7725,5475009,1259,523692,17183,383474,34408,28340.71,12481196,0
"2021-10-27",10626,6109647,8390,5483399,1604,525296,20721,404195,41341,30421.43,12522537,0
"2021-10-28",11385,6121032,8040,5491439,1794,527090,20734,424929,41953,32411.43,12564490,0
"2021-10-29",11892,6132924,8244,5499683,1964,529054,22398,447327,44498,33658.57,12608988,0
"2021-10-30",4655,6137579,5051,5504734,934,529988,11101,458428,21741,33707.57,12630729,0
"2021-10-31",2679,6140258,2703,5507437,545,530533,6594,465022,12521,33474,12643250,0
"2021-11-01",7199,6147457,6951,5514388,1090,531623,20247,485269,35487,33135.57,12678737,0
"2021-11-02",6636,6154093,6582,5520970,1053,532676,20625,505894,34896,33205.29,12713633,0
"2021-11-03",6905,6160998,6672,5527642,1028,533704,20497,526391,35102,32314,12748735,0
"2021-11-04",9358,6170356,6272,5533914,996,534700,22228,548619,38854,31871.29,12787589,0
"2021-11-05",11132,6181488,6721,5540635,1052,535752,23642,572261,42547,31592.57,12830136,0
"2021-11-06",11144,6192632,4050,5544685,593,536345,12543,584804,28330,32533.86,12858466,0
"2021-11-07",7285,6199917,2283,5546968,576,536921,7071,591875,17215,33204.43,12875681,0
"2021-11-08",15110,6215027,5677,5552645,868,537789,19392,611267,41047,33998.71,12916728,0
"2021-11-09",16207,6231234,5376,5558021,661,538450,20415,631682,42659,35107.71,12959387,0
"2021-11-10",17007,6248241,5327,5563348,684,539134,22509,654191,45527,36597,13004914,0
"2021-11-11",12636,6260877,5196,5568544,760,539894,21941,676132,40533,36836.86,13045447,0
"2021-11-12",16957,6277834,5677,5574221,709,540603,23276,699408,46619,37418.57,13092066,0
"2021-11-13",9977,6287811,3665,5577886,465,541068,13283,712691,27390,37284.29,13119456,0
"2021-11-14",6044,6293855,2292,5580178,325,541393,7903,720594,16564,37191.29,13136020,0
"2021-11-15",13308,6307163,5968,5586146,690,542083,24982,745576,44948,37748.57,13180968,0
"2021-11-16",10049,6317212,5795,5591941,656,542739,30533,776109,47033,38373.43,13228001,0
"2021-11-17",10396,6327608,6675,5598616,682,543421,31259,807368,49012,38871.29,13277013,0
"2021-11-18",10810,6338418,6548,5605164,861,544282,32889,840257,51108,40382,13328121,0
"2021-11-19",12114,6350532,6552,5611716,717,544999,36133,876390,55516,41653,13383637,0
"2021-11-20",9387,6359919,3421,5615137,514,545513,22423,898813,35745,42846.57,13419382,0
"2021-11-21",5010,6364929,1893,5617030,288,545801,13150,911963,20341,43386.14,13439723,0
"2021-11-22",10558,6375487,5789,5622819,753,546554,35729,947692,52829,44512,13492552,0
"2021-11-23",9898,6385385,4781,5627600,635,547189,33362,981054,48676,44746.71,13541228,0
"2021-11-24",8783,6394168,4760,5632360,651,547840,25831,1006885,40025,43462.86,13581253,0
"2021-11-25",455,6394623,324,5632684,80,547920,995,1007880,1854,36426.57,13583107,0
"2021-11-26",8123,6402746,6989,5639673,528,548448,26502,1034382,42142,34516,13625249,0
"2021-11-27",6732,6409478,6810,5646483,373,548821,18746,1053128,32661,34075.43,13657910,0
"2021-11-28",4119,6413597,5782,5652265,282,549103,11817,1064945,22000,34312.43,13679910,0
"2021-11-29",9200,6422797,10980,5663245,688,549791,34850,1099795,55718,34725.14,13735628,0
"2021-11-30",10608,6433405,11419,5674664,512,550303,37616,1137411,60155,36365,13795783,0
"2021-12-01",11319,6444724,10960,5685624,723,551026,40182,1177593,63184,39673.43,13858967,0
"2021-12-02",11767,6456491,11017,5696641,626,551652,41952,1219545,65362,48746,13924329,0
"2021-12-03",13637,6470128,12850,5709491,676,552328,47751,1267296,74914,53427.71,13999243,0
"2021-12-04",9924,6480052,11235,5720726,567,552895,30556,1297852,52282,56230.71,14051525,0
"2021-12-05",5800,6485852,5704,5726430,270,553165,16611,1314463,28385,57142.86,14079910,0
"2021-12-06",12476,6498328,9939,5736369,603,553768,43088,1357551,66106,58626.86,14146016,0
"2021-12-07",12709,6511037,9214,5745583,625,554393,42898,1400449,65446,59382.71,14211462,0
"2021-12-08",13687,6524724,8744,5754327,556,554949,40616,1441065,63603,59442.57,14275065,0
"2021-12-09",13625,6538349,8752,5763079,558,555507,40671,1481736,63606,59191.71,14338671,0
"2021-12-10",14177,6552526,10109,5773188,667,556174,43460,1525196,68413,58263,14407084,0
"2021-12-11",10333,6562859,8052,5781240,405,556579,26639,1551835,45429,57284,14452513,0
"2021-12-12",6073,6568932,3855,5785095,288,556867,15112,1566947,25328,56847.29,14477841,0
"2021-12-13",12352,6581284,7412,5792507,657,557524,37750,1604697,58171,55713.71,14536012,0
"2021-12-14",12335,6593619,6942,5799449,734,558258,38033,1642730,58044,54656.29,14594056,0
"2021-12-15",12264,6605883,6238,5805687,755,559013,37957,1680687,57214,53743.57,14651270,0
"2021-12-16",13255,6619138,4249,5809936,734,559747,40855,1721542,59093,53098.86,14710363,0
"2021-12-17",16144,6635282,6923,5816859,620,560367,46519,1768061,70206,53355,14780569,0
"2021-12-18",13095,6648377,5716,5822575,432,560799,30475,1798536,49718,53967.71,14830287,0
"2021-12-19",7080,6655457,2985,5825560,327,561126,17926,1816462,28318,54394.86,14858605,0
"2021-12-20",17029,6672486,5866,5831426,746,561872,47244,1863706,70885,56211.14,14929490,0
"2021-12-21",18078,6690564,6550,5837976,808,562680,48705,1912411,74141,58510.71,15003631,0
"2021-12-22",18670,6709234,6548,5844524,938,563618,49444,1961855,75600,61137.29,15079231,0
"2021-12-23",19133,6728367,6471,5850995,929,564547,45670,2007525,72203,63010.14,15151434,0
"2021-12-24",9262,6737629,2953,5853948,598,565145,20555,2028080,33368,57747.57,15184802,0
"2021-12-25",343,6737972,65,5854013,31,565176,422,2028502,861,50768,15185663,0
"2021-12-26",8002,6745974,3924,5857937,341,565517,17243,2045745,29510,50938.29,15215173,0
"2021-12-27",21891,6767865,9199,5867136,933,566450,43314,2089059,75337,51574.29,15290510,0
"2021-12-28",20241,6788106,8317,5875453,698,567148,47445,2136504,76701,51940,15367211,0
"2021-12-29",18557,6806663,7648,5883101,607,567755,45391,2181895,72203,51454.71,15439414,0
"2021-12-30",16929,6823592,7406,5890507,579,568334,44704,2226599,69618,51085.43,15509032,0
"2021-12-31",5375,6828967,2791,5893298,193,568527,14699,2241298,23058,49612.57,15532090,0
"2022-01-01",237,6829204,145,5893443,11,568538,498,2241796,891,49616.86,15532981,0
"2022-01-02",6462,6835666,5005,5898448,153,568691,10962,2252758,22582,48627.14,15555563,0
"2022-01-03",14208,6849874,8473,5906921,515,569206,26794,2279552,49990,45006.14,15605553,0
"2022-01-04",13168,6863042,8056,5914977,412,569618,26892,2306444,48528,40981.43,15654081,0
"2022-01-05",11692,6874734,6949,5921926,385,570003,25648,2332092,44674,37048.71,15698755,0
"2022-01-06",11623,6886357,7349,5929275,480,570483,27355,2359447,46807,33790,15745562,0
"2022-01-07",10532,6896889,8410,5937685,336,570819,24868,2384315,44146,36802.57,15789708,0
"2022-01-08",7985,6904874,8528,5946213,310,571129,19343,2403658,36166,41841.86,15825874,0
"2022-01-09",4161,6909035,3842,5950055,214,571343,10035,2413693,18252,41223.29,15844126,0
"2022-01-10",10231,6919266,8172,5958227,489,571832,24508,2438201,43400,40281.86,15887526,0
"2022-01-11",8965,6928231,7964,5966191,520,572352,20923,2459124,38372,38831,15925898,0
"2022-01-12",9014,6937245,8302,5974493,429,572781,22232,2481356,39977,38160,15965875,0
"2022-01-13",9112,6946357,8828,5983321,449,573230,22720,2504076,41109,37346,16006984,0
"2022-01-14",10128,6956485,8062,5991383,474,573704,26158,2530234,44822,37442.57,16051806,0
"2022-01-15",6208,6962693,4258,5995641,178,573882,14920,2545154,25564,35928,16077370,0
"2022-01-16",2938,6965631,3253,5998894,93,573975,7799,2552953,14083,35332.43,16091453,0
"2022-01-17",6117,6971748,6748,6005642,363,574338,14603,2567556,27831,33108.29,16119284,0
"2022-01-18",8146,6979894,10144,6015786,395,574733,19326,2586882,38011,33056.71,16157295,0
"2022-01-19",7552,6987446,9228,6025014,305,575038,17612,2604494,34697,32302.43,16191992,0
"2022-01-20",6352,6993798,8556,6033570,303,575341,15137,2619631,30348,30765.14,16222340,0
"2022-01-21",7659,7001457,7482,6041052,277,575618,18373,2638004,33791,29189.29,16256131,0
"2022-01-22",5222,7006679,4920,6045972,131,575749,11273,2649277,21546,28615.29,16277677,0
"2022-01-23",2828,7009507,3326,6049298,97,575846,6210,2655487,12461,28383.57,16290138,0
"2022-01-24",6428,7015935,8182,6057480,258,576104,14987,2670474,29855,28672.71,16319993,0
"2022-01-25",6226,7022161,7918,6065398,232,576336,14633,2685107,29009,27386.71,16349002,0
"2022-01-26",5797,7027958,7144,6072542,291,576627,13954,2699061,27186,26313.71,16376188,0
"2022-01-27",5284,7033242,7070,6079612,320,576947,14023,2713084,26697,25792.14,16402885,0
"2022-01-28",6318,7039560,7847,6087459,205,577152,16053,2729137,30423,25311,16433308,0
"2022-01-29",848,7040408,724,6088183,28,577180,2522,2731659,4122,22821.86,16437430,0
"2022-01-30",2108,7042516,3015,6091198,103,577283,4525,2736184,9751,22434.71,16447181,0
"2022-01-31",5043,7047559,6585,6097783,218,577501,11305,2747489,23151,21477,16470332,0
"2022-02-01",4859,7052418,6430,6104213,219,577720,10656,2758145,22164,20499.14,16492496,0
"2022-02-02",4282,7056700,5913,6110126,214,577934,11167,2769312,21576,19697.71,16514072,0
"2022-02-03",4250,7060950,5786,6115912,217,578151,11159,2780471,21412,18942.71,16535484,0
"2022-02-04",4804,7065754,7085,6122997,214,578365,13147,2793618,25250,18203.71,16560734,0
"2022-02-05",3604,7069358,6033,6129030,110,578475,8547,2802165,18294,20228.29,16579028,0
"2022-02-06",2074,7071432,2131,6131161,121,578596,4622,2806787,8948,20113.57,16587976,0
"2022-02-07",4178,7075610,4718,6135879,203,578799,10102,2816889,19201,19549.29,16607177,0
"2022-02-08",4251,7079861,5590,6141469,213,579012,11259,2828148,21313,19427.71,16628490,0
"2022-02-09",4154,7084015,5381,6146850,222,579234,11608,2839756,21365,19397.57,16649855,0
"2022-02-10",4006,7088021,5098,6151948,243,579477,12103,2851859,21450,19403,16671305,0
"2022-02-11",4543,7092564,5795,6157743,194,579671,13682,2865541,24214,19255,16695519,0
"2022-02-12",3274,7095838,4328,6162071,96,579767,8770,2874311,16468,18994.14,16711987,0
"2022-02-13",1530,7097368,1541,6163612,40,579807,4871,2879182,7982,18856.14,16719969,0
"2022-02-14",3004,7100372,3615,6167227,164,579971,10529,2889711,17312,18586.29,16737281,0
"2022-02-15",3587,7103959,4056,6171283,177,580148,12722,2902433,20542,18476.14,16757823,0
"2022-02-16",3700,7107659,3884,6175167,195,580343,15624,2918057,23403,18767.29,16781226,0
"2022-02-17",4049,7111708,4074,6179241,160,580503,18122,2936179,26405,19475.14,16807631,0
"2022-02-18",4500,7116208,4774,6184015,188,580691,21482,2957661,30944,20436.57,16838575,0
"2022-02-19",3270,7119478,2178,6186193,65,580756,11135,2968796,16648,20462.29,16855223,0
"2022-02-20",1868,7121346,1444,6187637,59,580815,6563,2975359,9934,20741.14,16865157,0
"2022-02-21",3119,7124465,2685,6190322,95,580910,8310,2983669,14209,20297.86,16879366,0
"2022-02-22",4419,7128884,4239,6194561,174,581084,10782,2994451,19614,20165.29,16898980,0
"2022-02-23",4291,7133175,3769,6198330,144,581228,10621,3005072,18825,19511.29,16917805,0
"2022-02-24",3776,7136951,3648,6201978,105,581333,10144,3015216,17673,18263.86,16935478,0
"2022-02-25",3630,7140581,3601,6205579,135,581468,9940,3025156,17306,16315.57,16952784,0
"2022-02-26",2859,7143440,2572,6208151,74,581542,9490,3034646,14995,16079.43,16967779,0
"2022-02-27",1782,7145222,1368,6209519,52,581594,6262,3040908,9464,16012.29,16977243,0
"2022-02-28",3826,7149048,3118,6212637,140,581734,13080,3053988,20164,16863,16997407,0
"2022-03-01",2122,7151170,2599,6215236,102,581836,5140,3059128,9963,15484.29,17007370,0
"2022-03-02",1832,7153002,2412,6217648,105,581941,4098,3063226,8447,14001.71,17015817,0
"2022-03-03",1936,7154938,2544,6220192,106,582047,3772,3066998,8358,12671,17024175,0
"2022-03-04",2095,7157033,2847,6223039,67,582114,4300,3071298,9309,11528.57,17033484,0
"2022-03-05",1607,7158640,2111,6225150,43,582157,3296,3074594,7057,10394.57,17040541,0
"2022-03-06",801,7159441,877,6226027,30,582187,1611,3076205,3319,9516.71,17043860,0
"2022-03-07",1668,7161109,1771,6227798,85,582272,3468,3079673,6992,7635,17050852,0
"2022-03-08",1542,7162651,1889,6229687,77,582349,3110,3082783,6618,7157.14,17057470,0
"2022-03-09",1258,7163909,1659,6231346,77,582426,2562,3085345,5556,6744.14,17063026,0
"2022-03-10",1429,7165338,2079,6233425,85,582511,2929,3088274,6522,6481.86,17069548,0
"2022-03-11",1596,7166934,2257,6235682,78,582589,3176,3091450,7107,6167.29,17076655,0
"2022-03-12",881,7167815,1409,6237091,37,582626,1987,3093437,4314,5775.43,17080969,0
"2022-03-13",623,7168438,755,6237846,25,582651,1285,3094722,2688,5685.29,17083657,0
"2022-03-14",1381,7169819,1581,6239427,83,582734,2957,3097679,6002,5543.86,17089659,0
"2022-03-15",1341,7171160,1910,6241337,62,582796,3057,3100736,6370,5508.43,17096029,0
"2022-03-16",1391,7172551,2038,6243375,94,582890,3112,3103848,6635,5662.57,17102664,0
"2022-03-17",1171,7173722,1790,6245165,69,582959,2721,3106569,5751,5552.43,17108415,0
"2022-03-18",1569,7175291,2139,6247304,79,583038,3731,3110300,7518,5611.14,17115933,0
"2022-03-19",1108,7176399,1714,6249018,53,583091,2577,3112877,5452,5773.71,17121385,0
"2022-03-20",610,7177009,625,6249643,32,583123,1457,3114334,2724,5778.86,17124109,0
"2022-03-21",1418,7178427,1531,6251174,71,583194,3009,3117343,6029,5782.71,17130138,0
"2022-03-22",1327,7179754,1530,6252704,101,583295,2862,3120205,5820,5704.14,17135958,0
"2022-03-23",1246,7181000,1328,6254032,65,583360,2878,3123083,5517,5544.43,17141475,0
"2022-03-24",1191,7182191,1275,6255307,72,583432,2470,3125553,5008,5438.29,17146483,0
"2022-03-25",1375,7183566,1590,6256897,58,583490,3219,3128772,6242,5256,17152725,0
"2022-03-26",916,7184482,1136,6258033,38,583528,2260,3131032,4350,5098.57,17157075,0
"2022-03-27",569,7185051,524,6258557,22,583550,1296,3132328,2411,5053.86,17159486,0
"2022-03-28",1074,7186125,1123,6259680,58,583608,2392,3134720,4647,4856.43,17164133,120000
"2022-03-29",1034,7187159,1075,6260755,68,583676,2455,3137175,4632,4686.71,17168765,120000
"2022-03-30",1227,7188386,1099,6261854,81,583757,2975,3140150,5382,4667.43,17174147,120000
"2022-03-31",1190,7189576,1204,6263058,47,583804,3025,3143175,5466,4732.86,17179613,120000
"2022-04-01",1328,7190904,1384,6264442,59,583863,3055,3146230,5826,4673.43,17185439,120000
"2022-04-02",871,7191775,867,6265309,26,583889,2011,3148241,3775,4591.29,17189214,120000
"2022-04-03",175,7191950,172,6265481,11,583900,311,3148552,669,4342.43,17189883,120000
