"DATE","ADMIN_DOSE1_DAILY","ADMIN_DOSE1_CUMULATIVE","ADMIN_DOSE2_DAILY","ADMIN_DOSE2_CUMULATIVE","ADMIN_SINGLE_DAILY","ADMIN_SINGLE_CUMULATIVE","ADMIN_ALLDOSES_DAILY","ADMIN_ALLDOSES_7DAYAVG","ADMIN_ALLDOSES_CUMULATIVE","INCOMPLETE"
"2020-12-14",79,79,0,0,0,0,79,,79,0
"2020-12-15",2051,2130,3,3,4,4,2058,,2137,0
"2020-12-16",4579,6709,15,18,1,5,4595,,6732,0
"2020-12-17",4654,11363,16,34,0,5,4670,,11402,0
"2020-12-18",5799,17162,27,61,2,7,5828,,17230,0
"2020-12-19",1687,18849,5,66,3,10,1695,,18925,0
"2020-12-20",1108,19957,2,68,1,11,1111,2862.29,20036,0
"2020-12-21",6267,26224,14,82,1,12,6282,3748.43,26318,0
"2020-12-22",9775,35999,26,108,2,14,9803,4854.86,36121,0
"2020-12-23",14239,50238,42,150,2,16,14283,6238.86,50404,0
"2020-12-24",7204,57442,52,202,1,17,7257,6608.43,57661,0
"2020-12-25",179,57621,0,202,0,17,179,5801.43,57840,0
"2020-12-26",4332,61953,35,237,0,17,4367,6183.14,62207,0
"2020-12-27",3828,65781,10,247,0,17,3838,6572.71,66045,0
"2020-12-28",10962,76743,43,290,1,18,11006,7247.57,77051,0
"2020-12-29",10693,87436,31,321,2,20,10726,7379.43,87777,0
"2020-12-30",12773,100209,48,369,0,20,12821,7170.57,100598,0
"2020-12-31",7230,107439,26,395,0,20,7256,7170.43,107854,0
"2021-01-01",179,107618,2,397,1,21,182,7170.86,108036,0
"2021-01-02",3805,111423,10,407,2,23,3817,7092.29,111853,0
"2021-01-03",3524,114947,22,429,1,24,3547,7050.71,115400,0
"2021-01-04",12203,127150,797,1226,1,25,13001,7335.71,128401,0
"2021-01-05",13986,141136,2163,3389,0,25,16149,8110.43,144550,0
"2021-01-06",17724,158860,3905,7294,0,25,21629,9368.71,166179,0
"2021-01-07",16426,175286,5149,12443,3,28,21578,11414.71,187757,0
"2021-01-08",16459,191745,5393,17836,0,28,21852,14510.43,209609,0
"2021-01-09",7651,199396,1446,19282,1,29,9098,15264.86,218707,0
"2021-01-10",7893,207289,960,20242,0,29,8853,16022.86,227560,0
"2021-01-11",25625,232914,7341,27583,1,30,32967,18875.14,260527,0
"2021-01-12",27937,260851,7809,35392,1,31,35747,21674.86,296274,0
"2021-01-13",31435,292286,9343,44735,1,32,40779,24410.57,337053,0
"2021-01-14",35536,327822,5294,50029,1,33,40831,27161,377884,0
"2021-01-15",29009,356831,3575,53604,2,35,32586,28694.43,410470,0
"2021-01-16",30190,387021,2321,55925,0,35,32511,32039.14,442981,0
"2021-01-17",23822,410843,1583,57508,0,35,25405,34403.71,468386,0
"2021-01-18",26919,437762,2349,59857,0,35,29268,33875.29,497654,0
"2021-01-19",33920,471682,9558,69415,1,36,43479,34979.86,541133,0
"2021-01-20",34453,506135,9393,78808,1,37,43847,35418.14,584980,0
"2021-01-21",25189,531324,8006,86814,0,37,33195,34327.29,618175,0
"2021-01-22",24240,555564,4358,91172,0,37,28598,33757.57,646773,0
"2021-01-23",15301,570865,3195,94367,0,37,18496,31755.43,665269,0
"2021-01-24",6966,577831,3419,97786,0,37,10385,29609.71,675654,0
"2021-01-25",13027,590858,11706,109492,0,37,24733,28961.86,700387,0
"2021-01-26",16334,607192,10596,120088,0,37,26930,26597.71,727317,0
"2021-01-27",20343,627535,12204,132292,0,37,32547,24983.43,759864,0
"2021-01-28",30419,657954,12695,144987,0,37,43114,26400.43,802978,0
"2021-01-29",31334,689288,11302,156289,0,37,42636,28405.86,845614,0
"2021-01-30",18434,707722,3681,159970,0,37,22115,28922.86,867729,0
"2021-01-31",12937,720659,2859,162829,0,37,15796,29695.86,883525,0
"2021-02-01",1125,721784,5298,168127,2,39,6425,27080.43,889950,0
"2021-02-02",2784,724568,9255,177382,2,41,12041,24953.43,901991,0
"2021-02-03",16175,740743,20779,198161,3,44,36957,25583.43,938948,0
"2021-02-04",26721,767464,19230,217391,2,46,45953,25989,984901,0
"2021-02-05",27252,794716,19618,237009,0,46,46870,26593.86,1031771,0
"2021-02-06",22753,817469,11092,248101,0,46,33845,28269.57,1065616,0
"2021-02-07",12029,829498,8160,256261,0,46,20189,28897.14,1085805,0
"2021-02-08",16724,846222,23184,279445,2,48,39910,33680.71,1125715,0
"2021-02-09",16948,863170,27715,307160,2,50,44665,38341.29,1170380,0
"2021-02-10",19396,882566,28846,336006,2,52,48244,39953.71,1218624,0
"2021-02-11",27657,910223,32987,368993,2,54,60646,42052.71,1279270,0
"2021-02-12",38231,948454,30228,399221,3,57,68462,45137.29,1347732,0
"2021-02-13",27748,976202,24850,424071,2,59,52600,47816.57,1400332,0
"2021-02-14",16179,992381,23447,447518,0,59,39626,50593.29,1439958,0
"2021-02-15",12604,1004985,10317,457835,1,60,22922,48166.43,1462880,0
"2021-02-16",14045,1019030,26229,484064,0,60,40274,47539.14,1503154,0
"2021-02-17",16101,1035131,21688,505752,1,61,37790,46045.71,1540944,0
"2021-02-18",11963,1047094,24602,530354,21,82,36586,42608.57,1577530,0
"2021-02-19",13030,1060124,23591,553945,39,121,36660,38065.43,1614190,0
"2021-02-20",11141,1071265,25830,579775,6,127,36977,35833.57,1651167,0
"2021-02-21",6278,1077543,17295,597070,15,142,23588,33542.43,1674755,0
"2021-02-22",12681,1090224,11632,608702,2,144,24315,33741.43,1699070,0
"2021-02-23",24925,1115149,13963,622665,1,145,38889,33543.57,1737959,0
"2021-02-24",35988,1151137,19906,642571,0,145,55894,36129.86,1793853,0
"2021-02-25",54329,1205466,29727,672298,7,152,84063,42912.29,1877916,0
"2021-02-26",62610,1268076,31129,703427,4,156,93743,51067,1971659,0
"2021-02-27",51147,1319223,22164,725591,49,205,73360,56264.57,2045019,0
"2021-02-28",44628,1363851,13485,739076,4,209,58117,61197.29,2103136,0
"2021-03-01",39015,1402866,12170,751246,8,217,51193,65037,2154329,0
"2021-03-02",46779,1449645,11911,763157,7,224,58697,67866.71,2213026,0
"2021-03-03",48219,1497864,15520,778677,16,240,63755,68989.71,2276781,0
"2021-03-04",59468,1557332,22235,800912,1088,1328,82791,68808,2359572,0
"2021-03-05",60586,1617918,23769,824681,3109,4437,87464,67911,2447036,0
"2021-03-06",46899,1664817,18478,843159,5430,9867,70807,67546.29,2517843,0
"2021-03-07",35944,1700761,14599,857758,6238,16105,56781,67355.43,2574624,0
"2021-03-08",39336,1740097,14334,872092,8548,24653,62218,68930.43,2636842,0
"2021-03-09",38786,1778883,12166,884258,7765,32418,58717,68933.29,2695559,0
"2021-03-10",51345,1830228,14453,898711,5048,37466,70846,69946.29,2766405,0
"2021-03-11",59840,1890068,20834,919545,4571,42037,85245,70296.86,2851650,0
"2021-03-12",51905,1941973,29453,948998,4138,46175,85496,70015.71,2937146,0
"2021-03-13",40484,1982457,26351,975349,5102,51277,71937,70177.14,3009083,0
"2021-03-14",30639,2013096,15572,990921,4543,55820,50754,69316.14,3059837,0
"2021-03-15",33318,2046414,16371,1007292,4782,60602,54471,68209.43,3114308,0
"2021-03-16",38397,2084811,19533,1026825,4913,65515,62843,68798.86,3177151,0
"2021-03-17",42373,2127184,23776,1050601,4245,69760,70394,68734.29,3247545,0
"2021-03-18",50321,2177505,25844,1076445,5286,75046,81451,68192.29,3328996,0
"2021-03-19",47576,2225081,28932,1105377,5615,80661,82123,67710.43,3411119,0
"2021-03-20",38611,2263692,25037,1130414,4680,85341,68328,67194.86,3479447,0
"2021-03-21",29240,2292932,18635,1149049,772,86113,48647,66893.86,3528094,0
"2021-03-22",33706,2326638,25717,1174766,4021,90134,63444,68175.71,3591538,0
"2021-03-23",38226,2364864,31651,1206417,4202,94336,74079,69780.86,3665617,0
"2021-03-24",41350,2406214,36426,1242843,4825,99161,82601,71524.71,3748218,0
"2021-03-25",43232,2449446,49220,1292063,5037,104198,97489,73815.86,3845707,0
"2021-03-26",38343,2487789,53840,1345903,4301,108499,96484,75867.43,3942191,0
"2021-03-27",35696,2523485,44173,1390076,2918,111417,82787,77933,4024978,0
"2021-03-28",26380,2549865,33083,1423159,1477,112894,60940,79689.14,4085918,0
"2021-03-29",34695,2584560,37232,1460391,3253,116147,75180,81365.71,4161098,0
"2021-03-30",40346,2624906,40615,1501006,3694,119841,84655,82876.57,4245753,0
"2021-03-31",49268,2674174,43443,1544449,7427,127268,100138,85381.86,4345891,0
"2021-04-01",50523,2724697,52987,1597436,11233,138501,114743,87846.71,4460634,0
"2021-04-02",43532,2768229,52938,1650374,11939,150440,108409,89550.29,4569043,0
"2021-04-03",39113,2807342,38416,1688790,9819,160259,87348,90201.86,4656391,0
"2021-04-04",26490,2833832,23874,1712664,3876,164135,54240,89244.71,4710631,0
"2021-04-05",41697,2875529,33716,1746380,11108,175243,86521,90864.86,4797152,0
"2021-04-06",52976,2928505,34458,1780838,13109,188352,100543,93134.57,4897695,0
"2021-04-07",55361,2983866,39793,1820631,14328,202680,109482,94469.43,5007177,0
"2021-04-08",59062,3042928,45620,1866251,16256,218936,120938,95354.43,5128115,0
"2021-04-09",56375,3099303,43806,1910057,17416,236352,117597,96667,5245712,0
"2021-04-10",49200,3148503,35393,1945450,12647,248999,97240,98080.14,5342952,0
"2021-04-11",38116,3186619,28702,1974152,7600,256599,74418,100962.71,5417370,0
"2021-04-12",46499,3233118,31518,2005670,13423,270022,91440,101665.43,5508810,0
"2021-04-13",52370,3285488,33423,2039093,363,270385,86156,99610.14,5594966,0
"2021-04-14",50026,3335514,39567,2078660,20,270405,89613,96771.71,5684579,0
"2021-04-15",51990,3387504,43254,2121914,13,270418,95257,93103,5779836,0
"2021-04-16",51044,3438548,41909,2163823,29,270447,92982,89586.57,5872818,0
"2021-04-17",43761,3482309,35458,2199281,3,270450,79222,87012.57,5952040,0
"2021-04-18",28609,3510918,29260,2228541,7,270457,57876,84649.43,6009916,0
"2021-04-19",37356,3548274,36157,2264698,22,270479,73535,82091.57,6083451,0
"2021-04-20",40716,3588990,39351,2304049,19,270498,80086,81224.43,6163537,0
"2021-04-21",38876,3627866,45630,2349679,14,270512,84520,80496.86,6248057,0
"2021-04-22",38487,3666353,48562,2398241,5,270517,87054,79325,6335111,0
"2021-04-23",39622,3705975,44011,2442252,5,270522,83638,77990.14,6418749,0
"2021-04-24",31869,3737844,41348,2483600,45,270567,73262,77138.71,6492011,0
"2021-04-25",18393,3756237,31140,2514740,85,270652,49618,75959,6541629,0
"2021-04-26",26872,3783109,40436,2555176,1013,271665,68321,75214.14,6609950,0
"2021-04-27",28579,3811688,46780,2601956,1690,273355,77049,74780.29,6686999,0
"2021-04-28",27097,3838785,56429,2658385,2134,275489,85660,74943.14,6772659,0
"2021-04-29",28704,3867489,56776,2715161,2129,277618,87609,75022.43,6860268,0
"2021-04-30",30168,3897657,51560,2766721,2025,279643,83753,75038.86,6944021,0
"2021-05-01",22524,3920181,44255,2810976,1164,280807,67943,74279,7011964,0
"2021-05-02",11939,3932120,36528,2847504,1078,281885,49545,74268.57,7061509,0
"2021-05-03",18018,3950138,52720,2900224,2378,284263,73116,74953.57,7134625,0
"2021-05-04",22756,3972894,56308,2956532,2318,286581,81382,75572.57,7216007,0
"2021-05-05",21503,3994397,48493,3005025,2301,288882,72297,73663.57,7288304,0
"2021-05-06",20714,4015111,49866,3054891,2501,291383,73081,71588.14,7361385,0
"2021-05-07",21314,4036425,51796,3106687,2795,294178,75905,70467,7437290,0
"2021-05-08",16673,4053098,41645,3148332,1833,296011,60151,69353.86,7497441,0
"2021-05-09",7986,4061084,29354,3177686,1259,297270,38599,67790.14,7536040,0
"2021-05-10",14393,4075477,38270,3215956,2348,299618,55011,65203.71,7591051,0
"2021-05-11",19940,4095417,42809,3258765,2504,302122,65253,62899.57,7656304,0
"2021-05-12",17828,4113245,40289,3299054,3582,305704,61699,61385.57,7718003,0
"2021-05-13",24948,4138193,40211,3339265,3219,308923,68378,60713.71,7786381,0
"2021-05-14",26994,4165187,42648,3381913,3523,312446,73165,60322.29,7859546,0
"2021-05-15",23691,4188878,34743,3416656,3359,315805,61793,60556.86,7921339,0
"2021-05-16",15544,4204422,19334,3435990,2501,318306,37379,60382.57,7958718,0
"2021-05-17",22645,4227067,28904,3464894,3243,321549,54792,60351.29,8013510,0
"2021-05-18",24595,4251662,31742,3496636,3386,324935,59723,59561.29,8073233,0
"2021-05-19",24209,4275871,29577,3526213,3024,327959,56810,58862.86,8130043,0
"2021-05-20",24159,4300030,29902,3556115,3132,331091,57193,57265,8187236,0
"2021-05-21",24678,4324708,31758,3587873,3051,334142,59487,55311,8246723,0
"2021-05-22",20010,4344718,24256,3612129,2524,336666,46790,53167.71,8293513,0
"2021-05-23",11242,4355960,13685,3625814,1408,338074,26335,51590,8319848,0
"2021-05-24",18859,4374819,23023,3648837,2744,340818,44626,50137.71,8364474,0
"2021-05-25",19423,4394242,23232,3672069,2588,343406,45243,48069.14,8409717,0
"2021-05-26",18760,4413002,20957,3693026,2683,346089,42400,46010.57,8452117,0
"2021-05-27",18469,4431471,21085,3714111,2521,348610,42075,43850.86,8494192,0
"2021-05-28",17884,4449355,22755,3736866,2742,351352,43381,41550,8537573,0
"2021-05-29",12714,4462069,17745,3754611,1754,353106,32213,39467.57,8569786,0
"2021-05-30",7043,4469112,8927,3763538,1073,354179,17043,38140.14,8586829,0
"2021-05-31",4758,4473870,6877,3770415,1010,355189,12645,33571.43,8599474,0
"2021-06-01",16052,4489922,25052,3795467,2161,357350,43265,33288.86,8642739,0
"2021-06-02",15331,4505253,20275,3815742,2088,359438,37694,32616.57,8680433,0
"2021-06-03",15006,4520259,23674,3839416,2277,361715,40957,32456.86,8721390,0
"2021-06-04",14722,4534981,25820,3865236,2481,364196,43023,32405.71,8764413,0
"2021-06-05",10982,4545963,21973,3887209,1802,365998,34757,32769.14,8799170,0
"2021-06-06",6462,4552425,14395,3901604,1220,367218,22077,33488.29,8821247,0
"2021-06-07",11722,4564147,21633,3923237,2368,369586,35723,36785.14,8856970,0
"2021-06-08",12654,4576801,23859,3947096,2064,371650,38577,36115.43,8895547,0
"2021-06-09",11145,4587946,22872,3969968,2284,373934,36301,35916.43,8931848,0
"2021-06-10",12079,4600025,22088,3992056,2457,376391,36624,35297.43,8968472,0
"2021-06-11",12709,4612734,24978,4017034,2466,378857,40153,34887.43,9008625,0
"2021-06-12",10193,4622927,19230,4036264,1882,380739,31305,34394.29,9039930,0
"2021-06-13",4259,4627186,10910,4047174,1219,381958,16388,33581.57,9056318,0
"2021-06-14",10216,4637402,19124,4066298,2043,384001,31383,32961.57,9087701,0
"2021-06-15",11895,4649297,20902,4087200,1936,385937,34733,32412.43,9122434,0
"2021-06-16",11607,4660904,19319,4106519,1952,387889,32878,31923.43,9155312,0
"2021-06-17",11043,4671947,18651,4125170,1965,389854,31659,31214.14,9186971,0
"2021-06-18",12178,4684125,18363,4143533,2109,391963,32650,30142.29,9219621,0
"2021-06-19",8510,4692635,13476,4157009,1458,393421,23444,29019.29,9243065,0
"2021-06-20",4349,4696984,7161,4164170,923,394344,12433,28454.29,9255498,0
"2021-06-21",10173,4707157,9945,4174115,1794,396138,21912,27101.29,9277410,0
"2021-06-22",9850,4717007,15564,4189679,1579,397717,26993,25995.57,9304403,0
"2021-06-23",10334,4727341,15075,4204754,1856,399573,27265,25193.71,9331668,0
"2021-06-24",9681,4737022,14620,4219374,1795,401368,26096,24399,9357764,0
"2021-06-25",10596,4747618,14289,4233663,1713,403081,26598,23534.43,9384362,0
"2021-06-26",7824,4755442,10396,4244059,1236,404317,19456,22964.71,9403818,0
"2021-06-27",5027,4760469,5970,4250029,794,405111,11791,22873,9415609,0
"2021-06-28",9043,4769512,10246,4260275,1527,406638,20816,22716.43,9436425,0
"2021-06-29",9760,4779272,12220,4272495,1341,407979,23321,22191.86,9459746,0
"2021-06-30",9443,4788715,10849,4283344,1476,409455,21768,21406.57,9481514,0
"2021-07-01",9368,4798083,10849,4294193,1424,410879,21641,20770.14,9503155,0
"2021-07-02",9695,4807778,11347,4305540,1538,412417,22580,20196.14,9525735,0
"2021-07-03",7054,4814832,8384,4313924,1192,413609,16630,19792.43,9542365,0
"2021-07-04",1292,4816124,1327,4315251,567,414176,3186,18563.14,9545551,0
"2021-07-05",6487,4822611,7069,4322320,1205,415381,14761,17698.14,9560312,0
"2021-07-06",9525,4832136,12730,4335050,1298,416679,23553,17731.29,9583865,0
"2021-07-07",8657,4840793,11008,4346058,1406,418085,21071,17631.71,9604936,0
"2021-07-08",8174,4848967,10128,4356186,1256,419341,19558,17334.14,9624494,0
"2021-07-09",8370,4857337,10737,4366923,1272,420613,20379,17019.71,9644873,0
"2021-07-10",7114,4864451,8593,4375516,1130,421743,16837,17049.29,9661710,0
"2021-07-11",4110,4868561,4525,4380041,701,422444,9336,17927.86,9671046,0
"2021-07-12",8426,4876987,9474,4389515,1236,423680,19136,18552.86,9690182,0
"2021-07-13",9460,4886447,9297,4398812,947,424627,19704,18003,9709886,0
"2021-07-14",8988,4895435,9462,4408274,1002,425629,19452,17771.71,9729338,0
"2021-07-15",8746,4904181,9079,4417353,1043,426672,18868,17673.14,9748206,0
"2021-07-16",9238,4913419,9710,4427063,972,427644,19920,17607.57,9768126,0
"2021-07-17",6862,4920281,7354,4434417,789,428433,15005,17345.86,9783131,0
"2021-07-18",4266,4924547,4276,4438693,568,429001,9110,17313.57,9792241,0
"2021-07-19",9100,4933647,8409,4447102,993,429994,18502,17223,9810743,0
"2021-07-20",10618,4944265,8697,4455799,989,430983,20304,17308.71,9831047,0
"2021-07-21",10059,4954324,8685,4464484,903,431886,19647,17336.57,9850694,0
"2021-07-22",10668,4964992,8466,4472950,1041,432927,20175,17523.29,9870869,0
"2021-07-23",11214,4976206,8817,4481767,1103,434030,21134,17696.71,9892003,0
"2021-07-24",7409,4983615,6721,4488488,668,434698,14798,17667.14,9906801,0
"2021-07-25",5488,4989103,2111,4490599,506,435204,8105,17523.57,9914906,0
"2021-07-26",10875,4999978,6974,4497573,852,436056,18701,17552,9933607,0
"2021-07-27",12048,5012026,8549,4506122,850,436906,21447,17715.29,9955054,0
"2021-07-28",11961,5023987,7981,4514103,934,437840,20876,17890.86,9975930,0
"2021-07-29",10934,5034921,7363,4521466,975,438815,19272,17761.86,9995202,0
"2021-07-30",14926,5049847,7957,4529423,1138,439953,24021,18174.29,10019223,0
"2021-07-31",9757,5059604,6280,4535703,812,440765,16849,18467.29,10036072,0
"2021-08-01",6500,5066104,3298,4539001,556,441321,10354,18788.57,10046426,0
"2021-08-02",13437,5079541,7133,4546134,838,442159,21408,19175.29,10067834,0
"2021-08-03",15371,5094912,8339,4554473,1010,443169,24720,19642.86,10092554,0
"2021-08-04",17203,5112115,8040,4562513,1425,444594,26668,20470.29,10119222,0
"2021-08-05",17818,5129933,7824,4570337,1350,445944,26992,21573.14,10146214,0
"2021-08-06",18149,5148082,8315,4578652,1221,447165,27685,22096.57,10173899,0
"2021-08-07",13357,5161439,5982,4584634,797,447962,20136,22566.14,10194035,0
"2021-08-08",9316,5170755,3820,4588454,396,448358,13532,23020.14,10207567,0
"2021-08-09",21275,5192030,8453,4596907,961,449319,30689,24346,10238256,0
"2021-08-10",18886,5210916,9246,4606153,899,450218,29031,24961.86,10267287,0
"2021-08-11",15574,5226490,8250,4614403,823,451041,24647,24673.14,10291934,0
"2021-08-12",15024,5241514,8903,4623306,925,451966,24852,24367.43,10316786,0
"2021-08-13",14891,5256405,9173,4632479,905,452871,24969,23979.43,10341755,0
"2021-08-14",10424,5266829,6361,4638840,618,453489,17403,23589,10359158,0
"2021-08-15",6707,5273536,4453,4643293,671,454160,11831,23346,10370989,0
"2021-08-16",15700,5289236,9203,4652496,1140,455300,26043,22682.29,10397032,0
"2021-08-17",17759,5306995,10370,4662866,1200,456500,29329,22724.86,10426361,0
"2021-08-18",17456,5324451,10257,4673123,1237,457737,28950,23339.57,10455311,0
"2021-08-19",16259,5340710,9421,4682544,1310,459047,26990,23645,10482301,0
"2021-08-20",16229,5356939,11451,4693995,1245,460292,28925,24210.14,10511226,0
"2021-08-21",11176,5368115,8012,4702007,856,461148,20044,24587.43,10531270,0
"2021-08-22",4096,5372211,3896,4705903,260,461408,8252,24076.14,10539522,0
"2021-08-23",15556,5387767,11693,4717596,996,462404,28245,24390.71,10567767,0
"2021-08-24",16900,5404667,12482,4730078,983,463387,30365,24538.71,10598132,0
"2021-08-25",14501,5419168,12331,4742409,1083,464470,27915,24390.86,10626047,0
"2021-08-26",16104,5435272,13946,4756355,1056,465526,31106,24978.86,10657153,0
"2021-08-27",14773,5450045,14699,4771054,946,466472,30418,25192.14,10687571,0
"2021-08-28",10712,5460757,11432,4782486,823,467295,22967,25609.71,10710538,0
"2021-08-29",7231,5467988,7477,4789963,520,467815,15228,26606.29,10725766,0
"2021-08-30",15471,5483459,16742,4806705,1062,468877,33275,27324.86,10759041,0
"2021-08-31",15443,5498902,15795,4822500,928,469805,32166,27582.14,10791207,0
"2021-09-01",14723,5513625,13902,4836402,992,470797,29617,27825.29,10820824,0
"2021-09-02",14280,5527905,12377,4848779,885,471682,27542,27316.14,10848366,0
"2021-09-03",14930,5542835,14155,4862934,957,472639,30042,27262.43,10878408,0
"2021-09-04",9616,5552451,9327,4872261,668,473307,19611,26783,10898019,0
"2021-09-05",6810,5559261,5472,4877733,425,473732,12707,26422.86,10910726,0
"2021-09-06",5191,5564452,4460,4882193,351,474083,10002,23098.14,10920728,0
"2021-09-07",15448,5579900,17481,4899674,895,474978,33824,23335,10954552,0
"2021-09-08",16059,5595959,14633,4914307,1059,476037,31751,23639.86,10986303,0
"2021-09-09",15986,5611945,14517,4928824,1028,477065,31531,24209.71,11017834,0
"2021-09-10",18314,5630259,15129,4943953,1191,478256,34634,24865.71,11052468,0
"2021-09-11",12604,5642863,10255,4954208,938,479194,23797,25463.71,11076265,0
"2021-09-12",8520,5651383,4998,4959206,744,479938,14262,25685.86,11090527,0
"2021-09-13",16790,5668173,12760,4971966,934,480872,30484,28611.86,11121011,0
"2021-09-14",16184,5684357,13474,4985440,861,481733,30519,28139.71,11151530,0
"2021-09-15",15450,5699807,12586,4998026,715,482448,28751,27711.14,11180281,0
"2021-09-16",15264,5715071,13650,5011676,1183,483631,30097,27506.29,11210378,0
"2021-09-17",14286,5729357,13691,5025367,902,484533,28879,26684.14,11239257,0
"2021-09-18",9929,5739286,10071,5035438,796,485329,20796,26255.43,11260053,0
"2021-09-19",6164,5745450,6005,5041443,546,485875,12715,26034.43,11272768,0
"2021-09-20",12553,5758003,12418,5053861,1055,486930,26026,25397.57,11298794,0
"2021-09-21",12115,5770118,12563,5066424,1108,488038,25786,24721.43,11324580,0
"2021-09-22",12687,5782805,11712,5078136,1068,489106,25467,24252.29,11350047,0
"2021-09-23",14713,5797518,12470,5090606,1617,490723,28800,24067,11378847,0
"2021-09-24",16249,5813767,13090,5103696,1593,492316,30932,24360.29,11409779,0
"2021-09-25",10462,5824229,8866,5112562,985,493301,20313,24291.29,11430092,0
"2021-09-26",6327,5830556,5699,5118261,757,494058,12783,24301,11442875,0
"2021-09-27",13693,5844249,7763,5126024,1135,495193,22591,23810.29,11465466,0
"2021-09-28",11131,5855380,11503,5137527,869,496062,23503,23484.14,11488969,0
"2021-09-29",11458,5866838,11875,5149402,1187,497249,24520,23348.86,11513489,0
"2021-09-30",12034,5878872,12233,5161635,1293,498542,25560,22886,11539049,0
"2021-10-01",12331,5891203,12946,5174581,1186,499728,26463,22247.57,11565512,0
"2021-10-02",7555,5898758,9644,5184225,769,500497,17968,21912.57,11583480,120000
"2021-10-03",5038,5903796,6001,5190226,565,501062,11604,21744.14,11595084,120000
"2021-10-04",9619,5913415,10514,5200740,875,501937,21008,21518,11616092,120000
"2021-10-05",9808,5923223,11215,5211955,906,502843,21929,21293.14,11638021,120000
"2021-10-06",9473,5932696,10359,5222314,833,503676,20665,20742.43,11658686,120000
"2021-10-07",8143,5940839,10026,5232340,750,504426,18919,19793.71,11677605,120000
"2021-10-08",3214,5944053,4076,5236416,377,504803,7667,17108.57,11685272,120000
