"DATE","ADMIN_DOSE1_DAILY","ADMIN_DOSE1_CUMULATIVE","ADMIN_DOSE2_DAILY","ADMIN_DOSE2_CUMULATIVE","ADMIN_SINGLE_DAILY","ADMIN_SINGLE_CUMULATIVE","ADMIN_ADDITIONAL1_DAILY","ADMIN_ADDITIONAL1_CUMULATIVE","ADMIN_ADDITIONAL2_DAILY","ADMIN_ADDITIONAL2_CUMULATIVE","ADMIN_ADDITIONAL_DAILY","ADMIN_ADDITIONAL_CUMULATIVE","ADMIN_ALLDOSES_DAILY","ADMIN_ALLDOSES_7DAYAVG","ADMIN_ALLDOSES_CUMULATIVE","INCOMPLETE"
"2020-12-14",79,79,0,0,0,0,0,0,0,0,0,0,79,,79,0
"2020-12-15",2051,2130,6,6,4,4,0,0,0,0,0,0,2061,,2140,0
"2020-12-16",4607,6737,14,20,1,5,1,1,0,0,1,1,4623,,6763,0
"2020-12-17",4657,11394,18,38,0,5,1,2,0,0,1,2,4676,,11439,0
"2020-12-18",5832,17226,18,56,2,7,2,4,0,0,2,4,5854,,17293,0
"2020-12-19",1689,18915,7,63,3,10,0,4,0,0,0,4,1699,,18992,0
"2020-12-20",1116,20031,2,65,1,11,0,4,0,0,0,4,1119,2873,20111,0
"2020-12-21",6341,26372,19,84,0,11,5,9,0,0,5,9,6365,3771,26476,0
"2020-12-22",9795,36167,26,110,2,13,1,10,0,0,1,10,9824,4880,36300,0
"2020-12-23",14273,50440,35,145,3,16,1,11,0,0,1,11,14312,6264.14,50612,0
"2020-12-24",7198,57638,25,170,1,17,0,11,0,0,0,11,7224,6628.14,57836,0
"2020-12-25",180,57818,0,170,0,17,1,12,0,0,1,12,181,5817.71,58017,0
"2020-12-26",4388,62206,45,215,0,17,1,13,0,0,1,13,4434,6208.43,62451,0
"2020-12-27",3870,66076,14,229,0,17,1,14,0,0,1,14,3885,6603.57,66336,0
"2020-12-28",10994,77070,48,277,1,18,2,16,0,0,2,16,11045,7272.14,77381,0
"2020-12-29",10717,87787,35,312,2,20,2,18,0,0,2,18,10756,7405.29,88137,0
"2020-12-30",12826,100613,44,356,0,20,0,18,0,0,0,18,12870,7199.29,101007,0
"2020-12-31",7262,107875,34,390,1,21,0,18,0,0,0,18,7297,7209.71,108304,0
"2021-01-01",181,108056,2,392,1,22,3,21,0,0,3,21,187,7210.57,108491,0
"2021-01-02",3809,111865,10,402,2,24,2,23,0,0,2,23,3823,7123.29,112314,0
"2021-01-03",3541,115406,24,426,2,26,1,24,0,0,1,24,3568,7078,115882,0
"2021-01-04",12255,127661,807,1233,2,28,6,30,0,0,6,30,13070,7367.29,128952,0
"2021-01-05",14091,141752,2190,3423,2,30,12,42,1,1,13,43,16296,8158.71,145248,0
"2021-01-06",17801,159553,3925,7348,1,31,29,71,8,9,37,80,21764,9429.29,167012,0
"2021-01-07",16551,176104,5169,12517,4,35,45,116,3,12,48,128,21772,11497.14,188784,0
"2021-01-08",16620,192724,5455,17972,0,35,33,149,4,16,37,165,22112,14629.29,210896,0
"2021-01-09",7652,200376,1462,19434,1,36,7,156,2,18,9,174,9124,15386.57,220020,0
"2021-01-10",7881,208257,983,20417,0,36,10,166,0,18,10,184,8874,16144.57,228894,0
"2021-01-11",25825,234082,7454,27871,2,38,48,214,8,26,56,240,33337,19039.86,262231,0
"2021-01-12",28258,262340,7860,35731,1,39,44,258,3,29,47,287,36166,21878.43,298397,0
"2021-01-13",31720,294060,9390,45121,1,40,56,314,4,33,60,347,41171,24650.86,339568,0
"2021-01-14",35815,329875,5316,50437,1,41,30,344,7,40,37,384,41169,27421.86,380737,0
"2021-01-15",29265,359140,3703,54140,2,43,32,376,5,45,37,421,33007,28978.29,413744,0
"2021-01-16",30291,389431,2377,56517,0,43,25,401,6,51,31,452,32699,32346.14,446443,0
"2021-01-17",23749,413180,1629,58146,0,43,19,420,1,52,20,472,25398,34706.71,471841,0
"2021-01-18",27107,440287,2411,60557,1,44,33,453,7,59,40,512,29559,34167,501400,0
"2021-01-19",34294,474581,9628,70185,1,45,69,522,6,65,75,587,43998,35285.86,545398,0
"2021-01-20",34868,509449,9494,79679,1,46,58,580,4,69,62,649,44425,35750.71,589823,0
"2021-01-21",25593,535042,8091,87770,2,48,48,628,5,74,53,702,33739,34689.29,623562,0
"2021-01-22",24755,559797,4381,92151,1,49,32,660,7,81,39,741,29176,34142,652738,0
"2021-01-23",15743,575540,3224,95375,0,49,9,669,2,83,11,752,18978,32181.86,671716,0
"2021-01-24",7178,582718,3452,98827,0,49,20,689,1,84,21,773,10651,30075.14,682367,0
"2021-01-25",13412,596130,11819,110646,0,49,66,755,12,96,78,851,25309,29468,707676,0
"2021-01-26",16766,612896,10750,121396,0,49,68,823,2,98,70,921,27586,27123.43,735262,0
"2021-01-27",20836,633732,12356,133752,0,49,51,874,8,106,59,980,33251,25527.14,768513,0
"2021-01-28",30764,664496,12851,146603,0,49,80,954,16,122,96,1076,43711,26951.71,812224,0
"2021-01-29",31693,696189,11506,158109,0,49,78,1032,10,132,88,1164,43287,28967.57,855511,0
"2021-01-30",18708,714897,3742,161851,0,49,20,1052,2,134,22,1186,22472,29466.71,877983,0
"2021-01-31",13018,727915,2921,164772,1,50,30,1082,4,138,34,1220,15974,30227.14,893957,0
"2021-02-01",1179,729094,5369,170141,4,54,35,1117,4,142,39,1259,6591,27553.14,900548,0
"2021-02-02",2827,731921,9475,179616,2,56,47,1164,4,146,51,1310,12355,25377.29,912903,0
"2021-02-03",16349,748270,21244,200860,4,60,204,1368,19,165,223,1533,37820,26030,950723,0
"2021-02-04",27047,775317,19649,220509,3,63,200,1568,10,175,210,1743,46909,26486.86,997632,0
"2021-02-05",27595,802912,20039,240548,0,63,177,1745,15,190,192,1935,47826,27135.29,1045458,0
"2021-02-06",22992,825904,11247,251795,0,63,109,1854,12,202,121,2056,34360,28833.57,1079818,0
"2021-02-07",12042,837946,8282,260077,1,64,92,1946,13,215,105,2161,20430,29470.14,1100248,0
"2021-02-08",16958,854904,23522,283599,2,66,230,2176,34,249,264,2425,40746,34349.43,1140994,0
"2021-02-09",17190,872094,28111,311710,2,68,334,2510,42,291,376,2801,45679,39110,1186673,0
"2021-02-10",19593,891687,29310,341020,2,70,256,2766,49,340,305,3106,49210,40737.14,1235883,0
"2021-02-11",27847,919534,33474,374494,2,72,338,3104,57,397,395,3501,61718,42852.71,1297601,0
"2021-02-12",38396,957930,30796,405290,3,75,354,3458,38,435,392,3893,69587,45961.43,1367188,0
"2021-02-13",28009,985939,25312,430602,2,77,306,3764,52,487,358,4251,53681,48721.57,1420869,0
"2021-02-14",16280,1002219,23734,454336,0,77,262,4026,31,518,293,4544,40307,51561.14,1461176,0
"2021-02-15",12795,1015014,10529,464865,2,79,170,4196,23,541,193,4737,23519,49100.14,1484695,0
"2021-02-16",14241,1029255,26732,491597,0,79,321,4517,35,576,356,5093,41329,48478.71,1526024,0
"2021-02-17",16393,1045648,22196,513793,1,80,281,4798,37,613,318,5411,38908,47007,1564932,0
"2021-02-18",12151,1057799,24996,538789,21,101,288,5086,43,656,331,5742,37499,43547.14,1602431,0
"2021-02-19",13261,1071060,23938,562727,39,140,303,5389,44,700,347,6089,37585,38975.43,1640016,0
"2021-02-20",11354,1082414,26077,588804,6,146,324,5713,78,778,402,6491,37839,36712.29,1677855,0
"2021-02-21",6360,1088774,17420,606224,15,161,285,5998,45,823,330,6821,24125,34400.57,1701980,0
"2021-02-22",13044,1101818,11847,618071,2,163,125,6123,19,842,144,6965,25037,34617.43,1727017,0
"2021-02-23",25250,1127068,14145,632216,1,164,157,6280,34,876,191,7156,39587,34368.57,1766604,0
"2021-02-24",36361,1163429,20394,652610,0,164,226,6506,38,914,264,7420,57019,36955.86,1823623,0
"2021-02-25",54619,1218048,30393,683003,6,170,395,6901,63,977,458,7878,85476,43809.71,1909099,0
"2021-02-26",62867,1280915,31873,714876,4,174,411,7312,78,1055,489,8367,95233,52045.14,2004332,0
"2021-02-27",51301,1332216,22747,737623,47,221,334,7646,52,1107,386,8753,74481,57279.71,2078813,0
"2021-02-28",44591,1376807,13826,751449,7,228,203,7849,34,1141,237,8990,58661,62213.43,2137474,0
"2021-03-01",39322,1416129,12777,764226,10,238,165,8014,26,1167,191,9181,52300,66108.14,2189774,0
"2021-03-02",47084,1463213,12576,776802,7,245,161,8175,14,1181,175,9356,59842,69001.71,2249616,0
"2021-03-03",48606,1511819,16156,792958,17,262,147,8322,20,1201,167,9523,64946,70134.14,2314562,0
"2021-03-04",59821,1571640,22823,815781,1092,1354,270,8592,34,1235,304,9827,84040,69929,2398602,0
"2021-03-05",60988,1632628,24284,840065,3109,4463,333,8925,34,1269,367,10194,88748,69002.57,2487350,0
"2021-03-06",47175,1679803,18886,858951,5451,9914,237,9162,36,1305,273,10467,71785,68617.43,2559135,0
"2021-03-07",36043,1715846,14883,873834,6246,16160,228,9390,20,1325,248,10715,57420,68440.14,2616555,0
"2021-03-08",39629,1755475,14680,888514,8563,24723,313,9703,91,1416,404,11119,63276,70008.14,2679831,0
"2021-03-09",39107,1794582,12857,901371,7763,32486,178,9881,34,1450,212,11331,59939,70022,2739770,0
"2021-03-10",51833,1846415,15352,916723,5066,37552,226,10107,32,1482,258,11589,72509,71102.43,2812279,0
"2021-03-11",59991,1906406,21819,938542,4619,42171,248,10355,50,1532,298,11887,86727,71486.29,2899006,0
"2021-03-12",52206,1958612,30309,968851,4183,46354,375,10730,84,1616,459,12346,87157,71259,2986163,0
"2021-03-13",40654,1999266,26686,995537,5110,51464,323,11053,51,1667,374,12720,72824,71407.43,3058987,0
"2021-03-14",30718,2029984,15970,1011507,4525,55989,242,11295,27,1694,269,12989,51482,70559.14,3110469,0
"2021-03-15",33591,2063575,17256,1028763,4712,60701,235,11530,33,1727,268,13257,55827,69495,3166296,0
"2021-03-16",38675,2102250,20512,1049275,4925,65626,257,11787,35,1762,292,13549,64404,70132.86,3230700,0
"2021-03-17",42621,2144871,24796,1074071,4246,69872,340,12127,36,1798,376,13925,72039,70065.71,3302739,0
"2021-03-18",50453,2195324,26808,1100879,5237,75109,365,12492,60,1858,425,14350,82923,69522.29,3385662,0
"2021-03-19",47797,2243121,29960,1130839,5624,80733,388,12880,71,1929,459,14809,83840,69048.43,3469502,0
"2021-03-20",38713,2281834,25840,1156679,4687,85420,295,13175,59,1988,354,15163,69594,68587,3539096,0
"2021-03-21",29301,2311135,19358,1176037,769,86189,223,13398,44,2032,267,15430,49695,68331.71,3588791,0
"2021-03-22",33867,2345002,26744,1202781,4037,90226,261,13659,37,2069,298,15728,64946,69634.43,3653737,0
"2021-03-23",38434,2383436,32846,1235627,4219,94445,294,13953,55,2124,349,16077,75848,71269.29,3729585,0
"2021-03-24",41497,2424933,37608,1273235,4848,99293,327,14280,62,2186,389,16466,84342,73026.86,3813927,0
"2021-03-25",43406,2468339,50802,1324037,5055,104348,472,14752,86,2272,558,17024,99821,75440.86,3913748,0
"2021-03-26",38504,2506843,55517,1379554,4311,108659,525,15277,97,2369,622,17646,98954,77600,4012702,0
"2021-03-27",35737,2542580,45760,1425314,2939,111598,415,15692,82,2451,497,18143,84933,79791.29,4097635,0
"2021-03-28",26391,2568971,34461,1459775,1482,113080,332,16024,65,2516,397,18540,62731,81653.57,4160366,0
"2021-03-29",34817,2603788,38870,1498645,3246,116326,344,16368,110,2626,454,18994,77387,83430.86,4237753,0
"2021-03-30",40513,2644301,41928,1540573,3715,120041,337,16705,65,2691,402,19396,86558,84960.86,4324311,0
"2021-03-31",49399,2693700,44872,1585445,7441,127482,401,17106,87,2778,488,19884,102200,87512,4426511,0
"2021-04-01",50784,2744484,53949,1639394,11276,138758,499,17605,84,2862,583,20467,116592,89907.86,4543103,0
"2021-04-02",43761,2788245,53891,1693285,11972,150730,544,18149,72,2934,616,21083,110240,91520.14,4653343,0
"2021-04-03",39255,2827500,39218,1732503,9860,160590,334,18483,58,2992,392,21475,88725,92061.86,4742068,0
"2021-04-04",26560,2854060,24787,1757290,3903,164493,224,18707,49,3041,273,21748,55523,91032.14,4797591,0
"2021-04-05",41890,2895950,34487,1791777,11198,175691,370,19077,60,3101,430,22178,88005,92549,4885596,0
"2021-04-06",53272,2949222,35616,1827393,13222,188913,426,19503,74,3175,500,22678,102610,94842.14,4988206,0
"2021-04-07",55513,3004735,40705,1868098,14392,203305,392,19895,79,3254,471,23149,111081,96110.86,5099287,0
"2021-04-08",59268,3064003,46599,1914697,16343,219648,517,20412,83,3337,600,23749,122810,96999.14,5222097,0
"2021-04-09",56653,3120656,44962,1959659,17557,237205,513,20925,77,3414,590,24339,119762,98359.43,5341859,0
"2021-04-10",49346,3170002,35650,1995309,12728,249933,387,21312,61,3475,448,24787,98172,99709,5440031,0
"2021-04-11",38182,3208184,28820,2024129,7682,257615,294,21606,58,3533,352,25139,75036,102496.57,5515067,0
"2021-04-12",46640,3254824,31844,2055973,13502,271117,466,22072,64,3597,530,25669,92516,103141,5607583,0
"2021-04-13",52548,3307372,33791,2089764,368,271485,394,22466,62,3659,456,26125,87163,100934.29,5694746,0
"2021-04-14",50151,3357523,39956,2129720,20,271505,369,22835,71,3730,440,26565,90567,98003.71,5785313,0
"2021-04-15",52124,3409647,43683,2173403,16,271521,452,23287,104,3834,556,27121,96379,94227.86,5881692,0
"2021-04-16",51191,3460838,42215,2215618,32,271553,424,23711,68,3902,492,27613,93930,90537.57,5975622,0
"2021-04-17",43841,3504679,35694,2251312,3,271556,365,24076,83,3985,448,28061,79986,87939.57,6055608,0
"2021-04-18",28608,3533287,29371,2280683,7,271563,251,24327,62,4047,313,28374,58299,85548.57,6113907,0
"2021-04-19",37473,3570760,36451,2317134,22,271585,322,24649,64,4111,386,28760,74332,82950.86,6188239,0
"2021-04-20",40814,3611574,39626,2356760,19,271604,315,24964,78,4189,393,29153,80852,82049.29,6269091,0
"2021-04-21",38902,3650476,46018,2402778,16,271620,495,25459,96,4285,591,29744,85527,81329.29,6354618,0
"2021-04-22",38495,3688971,48968,2451746,9,271629,334,25793,73,4358,407,30151,87879,80115,6442497,0
"2021-04-23",39698,3728669,44383,2496129,3,271632,347,26140,72,4430,419,30570,84503,78768.29,6527000,0
"2021-04-24",31950,3760619,41604,2537733,44,271676,276,26416,63,4493,339,30909,73937,77904.14,6600937,0
"2021-04-25",18425,3779044,31227,2568960,86,271762,194,26610,57,4550,251,31160,49989,76717,6650926,0
"2021-04-26",26971,3806015,40738,2609698,1013,272775,283,26893,84,4634,367,31527,69089,75968,6720015,0
"2021-04-27",28579,3834594,47144,2656842,1698,274473,346,27239,92,4726,438,31965,77859,75540.43,6797874,0
"2021-04-28",27039,3861633,56846,2713688,2148,276621,425,27664,101,4827,526,32491,86559,75687.86,6884433,0
"2021-04-29",28613,3890246,57204,2770892,2149,278770,365,28029,100,4927,465,32956,88431,75766.71,6972864,0
"2021-04-30",30124,3920370,51994,2822886,2054,280824,280,28309,72,4999,352,33308,84524,75769.71,7057388,0
"2021-05-01",22480,3942850,44543,2867429,1177,282001,231,28540,64,5063,295,33603,68495,74992.29,7125883,0
"2021-05-02",11925,3954775,36655,2904084,1081,283082,139,28679,55,5118,194,33797,49855,74973.14,7175738,0
"2021-05-03",18026,3972801,53031,2957115,2383,285465,252,28931,92,5210,344,34141,73784,75643.86,7249522,0
"2021-05-04",22738,3995539,56646,3013761,2330,287795,269,29200,115,5325,384,34525,82098,76249.43,7331620,0
"2021-05-05",21475,4017014,48767,3062528,2313,290108,308,29508,99,5424,407,34932,72962,74307,7404582,0
"2021-05-06",20681,4037695,50182,3112710,2508,292616,269,29777,87,5511,356,35288,73727,72206.43,7478309,0
"2021-05-07",21254,4058949,52097,3164807,2813,295429,306,30083,75,5586,381,35669,76545,71066.57,7554854,0
"2021-05-08",16632,4075581,41867,3206674,1835,297264,230,30313,69,5655,299,35968,60633,69943.43,7615487,0
"2021-05-09",7975,4083556,29413,3236087,1260,298524,147,30460,56,5711,203,36171,38851,68371.43,7654338,0
"2021-05-10",14388,4097944,38534,3274621,2355,300879,233,30693,90,5801,323,36494,55600,65773.71,7709938,0
"2021-05-11",19913,4117857,43067,3317688,2514,303393,280,30973,85,5886,365,36859,65859,63453.86,7775797,0
"2021-05-12",17813,4135670,40551,3358239,3596,306989,225,31198,78,5964,303,37162,62263,61925.43,7838060,0
"2021-05-13",24975,4160645,40431,3398670,3230,310219,259,31457,75,6039,334,37496,68970,61245.86,7907030,0
"2021-05-14",27039,4187684,42927,3441597,3536,313755,263,31720,94,6133,357,37853,73859,60862.14,7980889,0
"2021-05-15",23651,4211335,34922,3476519,3365,317120,251,31971,75,6208,326,38179,62264,61095.14,8043153,0
"2021-05-16",15526,4226861,19454,3495973,2496,319616,121,32092,45,6253,166,38345,37642,60922.43,8080795,0
"2021-05-17",22674,4249535,29144,3525117,3256,322872,177,32269,67,6320,244,38589,55318,60882.14,8136113,0
"2021-05-18",24641,4274176,31912,3557029,3406,326278,235,32504,72,6392,307,38896,60266,60083.14,8196379,0
"2021-05-19",24193,4298369,29723,3586752,3041,329319,223,32727,47,6439,270,39166,57227,59363.71,8253606,0
"2021-05-20",24155,4322524,30099,3616851,3163,332482,259,32986,86,6525,345,39511,57762,57762.57,8311368,0
"2021-05-21",24680,4347204,32003,3648854,3056,335538,242,33228,58,6583,300,39811,60039,55788.29,8371407,0
"2021-05-22",20022,4367226,24362,3673216,2525,338063,164,33392,49,6632,213,40024,47122,53625.14,8418529,0
"2021-05-23",11234,4378460,13732,3686948,1411,339474,92,33484,32,6664,124,40148,26501,52033.57,8445030,0
"2021-05-24",18878,4397338,23158,3710106,2756,342230,213,33697,55,6719,268,40416,45060,50568.14,8490090,0
"2021-05-25",19432,4416770,23380,3733486,2602,344832,171,33868,57,6776,228,40644,45642,48479,8535732,0
"2021-05-26",18784,4435554,21091,3754577,2696,347528,199,34067,48,6824,247,40891,42818,46420.57,8578550,0
"2021-05-27",18472,4454026,21278,3775855,2529,350057,181,34248,59,6883,240,41131,42519,44243,8621069,0
"2021-05-28",17864,4471890,22890,3798745,2751,352808,184,34432,53,6936,237,41368,43742,41914.86,8664811,0
"2021-05-29",12710,4484600,17810,3816555,1755,354563,105,34537,39,6975,144,41512,32419,39814.43,8697230,0
"2021-05-30",7031,4491631,8950,3825505,1074,355637,47,34584,17,6992,64,41576,17119,38474.14,8714349,0
"2021-05-31",4743,4496374,6924,3832429,1012,356649,64,34648,17,7009,81,41657,12760,33859.86,8727109,0
"2021-06-01",16047,4512421,25199,3857628,2177,358826,151,34799,43,7052,194,41851,43617,33570.57,8770726,0
"2021-06-02",15353,4527774,20391,3878019,2095,360921,139,34938,48,7100,187,42038,38026,32886,8808752,0
"2021-06-03",15008,4542782,23823,3901842,2281,363202,127,35065,44,7144,171,42209,41283,32709.43,8850035,0
"2021-06-04",14723,4557505,26001,3927843,2492,365694,142,35207,41,7185,183,42392,43399,32660.43,8893434,0
"2021-06-05",10995,4568500,22090,3949933,1806,367500,115,35322,28,7213,143,42535,35034,33034,8928468,0
"2021-06-06",6446,4574946,14483,3964416,1222,368722,88,35410,13,7226,101,42636,22252,33767.29,8950720,0
"2021-06-07",11706,4586652,21783,3986199,2378,371100,138,35548,37,7263,175,42811,36042,37093.29,8986762,0
"2021-06-08",12637,4599289,24028,4010227,2072,373172,119,35667,46,7309,165,42976,38902,36419.71,9025664,0
"2021-06-09",11138,4610427,23031,4033258,2299,375471,134,35801,39,7348,173,43149,36641,36221.86,9062305,0
"2021-06-10",12067,4622494,22236,4055494,2462,377933,139,35940,56,7404,195,43344,36960,35604.29,9099265,0
"2021-06-11",12712,4635206,25118,4080612,2484,380417,156,36096,58,7462,214,43558,40528,35194.14,9139793,0
"2021-06-12",10167,4645373,19313,4099925,1888,382305,94,36190,42,7504,136,43694,31504,34689.86,9171297,0
"2021-06-13",4257,4649630,10936,4110861,1219,383524,41,36231,22,7526,63,43757,16475,33864.57,9187772,0
"2021-06-14",10209,4659839,19240,4130101,2043,385567,127,36358,51,7577,178,43935,31670,33240,9219442,0
"2021-06-15",11888,4671727,21013,4151114,1943,387510,131,36489,40,7617,171,44106,35015,32684.71,9254457,0
"2021-06-16",11588,4683315,19412,4170526,1957,389467,139,36628,68,7685,207,44313,33164,32188,9287621,0
"2021-06-17",11026,4694341,18762,4189288,1973,391440,122,36750,35,7720,157,44470,31918,31467.71,9319539,0
"2021-06-18",12168,4706509,18501,4207789,2116,393556,113,36863,36,7756,149,44619,32934,30382.86,9352473,0
"2021-06-19",8498,4715007,13518,4221307,1459,395015,83,36946,21,7777,104,44723,23579,29250.71,9376052,0
"2021-06-20",4336,4719343,7158,4228465,924,395939,36,36982,17,7794,53,44776,12471,28678.71,9388523,0
"2021-06-21",10162,4729505,10010,4238475,1807,397746,68,37050,27,7821,95,44871,22074,27307.86,9410597,0
"2021-06-22",9837,4739342,15641,4254116,1589,399335,105,37155,28,7849,133,45004,27200,26191.43,9437797,0
"2021-06-23",10313,4749655,15189,4269305,1863,401198,102,37257,30,7879,132,45136,27497,25381.86,9465294,0
"2021-06-24",9687,4759342,14699,4284004,1799,402997,119,37376,25,7904,144,45280,26329,24583.43,9491623,0
"2021-06-25",10591,4769933,14386,4298390,1721,404718,111,37487,38,7942,149,45429,26847,23713.86,9518470,0
"2021-06-26",7803,4777736,10464,4308854,1251,405969,74,37561,24,7966,98,45527,19616,23147.71,9538086,0
"2021-06-27",5001,4782737,6001,4314855,795,406764,33,37594,14,7980,47,45574,11844,23058.14,9549930,0
"2021-06-28",9036,4791773,10347,4325202,1526,408290,106,37700,26,8006,132,45706,21041,22910.57,9570971,0
"2021-06-29",9746,4801519,12321,4337523,1347,409637,121,37821,30,8036,151,45857,23565,22391.29,9594536,0
"2021-06-30",9435,4810954,10928,4348451,1486,411123,147,37968,16,8052,163,46020,22012,21607.71,9616548,0
"2021-07-01",9399,4820353,10933,4359384,1434,412557,123,38091,24,8076,147,46167,21913,20976.86,9638461,0
"2021-07-02",9694,4830047,11452,4370836,1541,414098,118,38209,22,8098,140,46307,22827,20402.57,9661288,0
"2021-07-03",7056,4837103,8423,4379259,1193,415291,75,38284,17,8115,92,46399,16764,19995.14,9678052,0
"2021-07-04",1288,4838391,1336,4380595,567,415858,8,38292,3,8118,11,46410,3202,18760.57,9681254,0
"2021-07-05",6498,4844889,7105,4387700,1208,417066,63,38355,22,8140,85,46495,14896,17882.71,9696150,0
"2021-07-06",9513,4854402,12851,4400551,1316,418382,114,38469,38,8178,152,46647,23832,17920.86,9719982,0
"2021-07-07",8670,4863072,11108,4411659,1419,419801,121,38590,19,8197,140,46787,21337,17824.43,9741319,0
"2021-07-08",8210,4871282,10193,4421852,1260,421061,107,38697,21,8218,128,46915,19791,17521.29,9761110,0
"2021-07-09",8376,4879658,10832,4432684,1278,422339,90,38787,18,8236,108,47023,20594,17202.29,9781704,0
"2021-07-10",7106,4886764,8631,4441315,1132,423471,62,38849,20,8256,82,47105,16951,17229,9798655,0
"2021-07-11",4105,4890869,4539,4445854,703,424174,34,38883,6,8262,40,47145,9387,18112.57,9808042,0
"2021-07-12",8450,4899319,9556,4455410,1251,425425,82,38965,23,8285,105,47250,19362,18750.57,9827404,0
"2021-07-13",9460,4908779,9394,4464804,952,426377,105,39070,34,8319,139,47389,19945,18195.29,9847349,0
"2021-07-14",9001,4917780,9530,4474334,1011,427388,105,39175,21,8340,126,47515,19668,17956.86,9867017,0
"2021-07-15",8790,4926570,9156,4483490,1054,428442,81,39256,19,8359,100,47615,19100,17858.14,9886117,0
"2021-07-16",9242,4935812,9762,4493252,980,429422,102,39358,30,8389,132,47747,20116,17789.86,9906233,0
"2021-07-17",6842,4942654,7387,4500639,803,430225,80,39438,19,8408,99,47846,15131,17529.86,9921364,0
"2021-07-18",4256,4946910,4284,4504923,576,430801,35,39473,13,8421,48,47894,9164,17498,9930528,0
"2021-07-19",9122,4956032,8477,4513400,999,431800,90,39563,22,8443,112,48006,18710,17404.86,9949238,0
"2021-07-20",10649,4966681,8759,4522159,991,432791,94,39657,25,8468,119,48125,20518,17486.71,9969756,0
"2021-07-21",10050,4976731,8765,4530924,903,433694,145,39802,33,8501,178,48303,19896,17519.29,9989652,0
"2021-07-22",10687,4987418,8586,4539510,1046,434740,144,39946,25,8526,169,48472,20488,17717.57,10010140,0
"2021-07-23",11254,4998672,8880,4548390,1114,435854,137,40083,23,8549,160,48632,21408,17902.14,10031548,0
"2021-07-24",7404,5006076,6737,4555127,670,436524,81,40164,24,8573,105,48737,14916,17871.43,10046464,0
"2021-07-25",5479,5011555,2125,4557252,509,437033,58,40222,3,8576,61,48798,8174,17730,10054638,0
"2021-07-26",10873,5022428,7003,4564255,859,437892,109,40331,20,8596,129,48927,18864,17752,10073502,0
"2021-07-27",12056,5034484,8570,4572825,857,438749,133,40464,38,8634,171,49098,21654,17914.29,10095156,0
"2021-07-28",11992,5046476,8051,4580876,950,439699,131,40595,25,8659,156,49254,21149,18093.29,10116305,0
"2021-07-29",10937,5057413,7430,4588306,984,440683,133,40728,39,8698,172,49426,19523,17955.43,10135828,0
"2021-07-30",14954,5072367,8014,4596320,1150,441833,180,40908,31,8729,211,49637,24329,18372.71,10160157,0
"2021-07-31",9726,5082093,6316,4602636,816,442649,119,41027,20,8749,139,49776,16997,18670,10177154,0
"2021-08-01",6503,5088596,3309,4605945,564,443213,81,41108,20,8769,101,49877,10477,18999,10187631,0
"2021-08-02",13451,5102047,7155,4613100,848,444061,143,41251,17,8786,160,50037,21614,19391.86,10209245,0
"2021-08-03",15412,5117459,8388,4621488,1109,445170,144,41395,37,8823,181,50218,25090,19882.71,10234335,0
"2021-08-04",17264,5134723,8126,4629614,1454,446624,181,41576,34,8857,215,50433,27059,20727,10261394,0
"2021-08-05",17868,5152591,7931,4637545,1367,447991,160,41736,19,8876,179,50612,27345,21844.43,10288739,0
"2021-08-06",18174,5170765,8412,4645957,1233,449224,164,41900,32,8908,196,50808,28015,22371,10316754,0
"2021-08-07",13387,5184152,6015,4651972,799,450023,99,41999,28,8936,127,50935,20328,22846.86,10337082,0
"2021-08-08",9309,5193461,3835,4655807,400,450423,82,42081,10,8946,92,51027,13636,23298.14,10350718,0
"2021-08-09",21341,5214802,8528,4664335,964,451387,168,42249,35,8981,203,51230,31036,24644.14,10381754,0
"2021-08-10",18922,5233724,9328,4673663,947,452334,176,42425,33,9014,209,51439,29406,25260.71,10411160,0
"2021-08-11",15651,5249375,8306,4681969,853,453187,129,42554,45,9059,174,51613,24984,24964.29,10436144,0
"2021-08-12",15042,5264417,8981,4690950,940,454127,171,42725,36,9095,207,51820,25170,24653.57,10461314,0
"2021-08-13",14926,5279343,9291,4700241,920,455047,240,42965,37,9132,277,52097,25414,24282,10486728,0
"2021-08-14",10407,5289750,6407,4706648,625,455672,529,43494,40,9172,569,52666,18008,23950.57,10504736,0
"2021-08-15",6693,5296443,4480,4711128,676,456348,566,44060,33,9205,599,53265,12448,23780.86,10517184,0
"2021-08-16",15723,5312166,9299,4720427,1150,457498,1319,45379,64,9269,1383,54648,27555,23283.57,10544739,0
"2021-08-17",17773,5329939,10438,4730865,1225,458723,1763,47142,84,9353,1847,56495,31283,23551.71,10576022,0
"2021-08-18",17507,5347446,10361,4741226,1261,459984,1986,49128,94,9447,2080,58575,31209,24441,10607231,0
"2021-08-19",16299,5363745,9526,4750752,1315,461299,1949,51077,66,9513,2015,60590,29155,25010.29,10636386,0
"2021-08-20",16281,5380026,11537,4762289,1254,462553,1859,52936,83,9596,1942,62532,31014,25810.29,10667400,0
"2021-08-21",11150,5391176,8038,4770327,878,463431,1058,53994,56,9652,1114,63646,21180,26263.43,10688580,0
"2021-08-22",4081,5395257,3902,4774229,262,463693,513,54507,34,9686,547,64193,8792,25741.14,10697372,0
"2021-08-23",15585,5410842,11798,4786027,1023,464716,1547,56054,74,9760,1621,65814,30027,26094.29,10727399,0
"2021-08-24",16916,5427758,12596,4798623,1006,465722,1771,57825,77,9837,1848,67662,32366,26249,10759765,0
"2021-08-25",14587,5442345,12443,4811066,1110,466832,1564,59389,76,9913,1640,69302,29780,26044.86,10789545,0
"2021-08-26",16165,5458510,14085,4825151,1072,467904,1770,61159,67,9980,1837,71139,33159,26616.86,10822704,0
"2021-08-27",14884,5473394,14822,4839973,971,468875,1667,62826,73,10053,1740,72879,32417,26817.29,10855121,0
"2021-08-28",10683,5484077,11522,4851495,836,469711,1012,63838,45,10098,1057,73936,24098,27234.14,10879219,0
"2021-08-29",7218,5491295,7495,4858990,541,470252,778,64616,57,10155,835,74771,16089,28276.57,10895308,0
"2021-08-30",15522,5506817,16927,4875917,1077,471329,1793,66409,84,10239,1877,76648,35403,29044.57,10930711,0
"2021-08-31",15524,5522341,15952,4891869,951,472280,1969,68378,86,10325,2055,78703,34482,29346.86,10965193,0
"2021-09-01",14835,5537176,14099,4905968,1020,473300,1807,70185,60,10385,1867,80570,31821,29638.43,10997014,0
"2021-09-02",14333,5551509,12519,4918487,896,474196,1702,71887,61,10446,1763,82333,29511,29117.29,11026525,0
"2021-09-03",15019,5566528,14303,4932790,974,475170,1893,73780,69,10515,1962,84295,32258,29094.57,11058783,0
"2021-09-04",9647,5576175,9406,4942196,688,475858,974,74754,34,10549,1008,85303,20749,28616.14,11079532,0
"2021-09-05",6804,5582979,5514,4947710,438,476296,710,75464,16,10565,726,86029,13482,28243.71,11093014,0
"2021-09-06",5196,5588175,4513,4952223,358,476654,270,75734,11,10576,281,86310,10348,24664.43,11103362,0
"2021-09-07",15578,5603753,17694,4969917,912,477566,1555,77289,87,10663,1642,87952,35826,24856.43,11139188,0
"2021-09-08",16166,5619919,14823,4984740,1072,478638,1768,79057,83,10746,1851,89803,33912,25155.14,11173100,0
"2021-09-09",16113,5636032,14751,4999491,1047,479685,1913,80970,73,10819,1986,91789,33897,25781.71,11206997,0
"2021-09-10",18376,5654408,15394,5014885,1208,480893,1970,82940,80,10899,2050,93839,37028,26463.14,11244025,0
"2021-09-11",12639,5667047,10347,5025232,958,481851,1026,83966,48,10947,1074,94913,25018,27073,11269043,0
"2021-09-12",8539,5675586,5051,5030283,766,482617,690,84656,29,10976,719,95632,15075,27300.57,11284118,0
"2021-09-13",16931,5692517,12960,5043243,976,483593,1651,86307,54,11030,1705,97337,32572,30475.43,11316690,0
"2021-09-14",16271,5708788,13676,5056919,886,484479,1594,87901,55,11085,1649,98986,32482,29997.71,11349172,0
"2021-09-15",15549,5724337,12879,5069798,727,485206,1565,89466,78,11163,1643,100629,30798,29552.86,11379970,0
"2021-09-16",15342,5739679,13910,5083708,1210,486416,1455,90921,66,11229,1521,102150,31983,29279.43,11411953,0
"2021-09-17",14438,5754117,13962,5097670,922,487338,1826,92747,57,11286,1883,104033,31205,28447.57,11443158,0
"2021-09-18",10002,5764119,10177,5107847,913,488251,1046,93793,41,11327,1087,105120,22179,28042,11465337,0
"2021-09-19",6179,5770298,6071,5113918,558,488809,747,94540,29,11356,776,105896,13584,27829,11478921,0
"2021-09-20",12676,5782974,12629,5126547,1068,489877,1920,96460,59,11415,1979,107875,28352,27226.14,11507273,0
"2021-09-21",12236,5795210,12772,5139319,1109,490986,2018,98478,79,11494,2097,109972,28214,26616.43,11535487,0
"2021-09-22",12824,5808034,12006,5151325,1090,492076,1680,100158,67,11561,1747,111719,27667,26169.14,11563154,0
"2021-09-23",14944,5822978,12756,5164081,1639,493715,2265,102423,73,11634,2338,114057,31677,26125.43,11594831,0
"2021-09-24",16453,5839431,13365,5177446,1636,495351,4624,107047,113,11747,4737,118794,36191,26837.71,11631022,0
"2021-09-25",10541,5849972,9025,5186471,1018,496369,3462,110509,76,11823,3538,122332,24122,27115.29,11655144,0
"2021-09-26",6304,5856276,5760,5192231,773,497142,2425,112934,55,11878,2480,124812,15317,27362.86,11670461,0
"2021-09-27",14165,5870441,8054,5200285,1155,498297,9060,121994,157,12035,9217,134029,32591,27968.43,11703052,0
"2021-09-28",11149,5881590,11778,5212063,902,499199,9913,131907,174,12209,10087,144116,33916,28783,11736968,0
"2021-09-29",11608,5893198,12197,5224260,1206,500405,9450,141357,162,12371,9612,153728,34623,29776.71,11771591,0
"2021-09-30",12240,5905438,12606,5236866,1338,501743,9745,151102,172,12543,9917,163645,36101,30408.71,11807692,0
"2021-10-01",12650,5918088,13430,5250296,1284,503027,10265,161367,147,12690,10412,174057,37776,30635.14,11845468,0
"2021-10-02",7733,5925821,9976,5260272,865,503892,4240,165607,75,12765,4315,178372,22889,30459,11868357,0
"2021-10-03",5077,5930898,6156,5266428,593,504485,2612,168219,56,12821,2668,181040,14494,30341.43,11882851,0
"2021-10-04",9909,5940807,11023,5277451,913,505398,9523,177742,141,12962,9664,190704,31509,30186.86,11914360,0
"2021-10-05",10164,5950971,11740,5289191,972,506370,9930,187672,174,13136,10104,200808,32980,30053.14,11947340,0
"2021-10-06",9918,5960889,11059,5300250,937,507307,9930,197602,154,13290,10084,210892,31998,29678.14,11979338,0
"2021-10-07",9666,5970555,12197,5312447,853,508160,10190,207792,168,13458,10358,221250,33074,29245.71,12012412,0
"2021-10-08",9461,5980016,12175,5324622,942,509102,10902,218694,161,13619,11063,232313,33641,28655,12046053,0
"2021-10-09",6259,5986275,8277,5332899,649,509751,4120,222814,89,13708,4209,236522,19394,28155.71,12065447,0
"2021-10-10",3543,5989818,5029,5337928,458,510209,2435,225249,41,13749,2476,238998,11506,27728.86,12076953,0
"2021-10-11",7624,5997442,9331,5347259,728,510937,8887,234136,157,13906,9044,248042,26727,27045.71,12103680,0
"2021-10-12",8077,6005519,10998,5358257,891,511828,10512,244648,179,14085,10691,258733,30657,26713.86,12134337,0
"2021-10-13",7154,6012673,10149,5368406,869,512697,8800,253448,175,14260,8975,267708,27147,26020.86,12161484,0
"2021-10-14",7446,6020119,11114,5379520,836,513533,10114,263562,160,14420,10274,277982,29670,25534.57,12191154,0
"2021-10-15",7727,6027846,11865,5391385,823,514356,10815,274377,164,14584,10979,288961,31394,25213.57,12222548,0
"2021-10-16",4865,6032711,7468,5398853,666,515022,3843,278220,65,14649,3908,292869,16907,24858.29,12239455,0
"2021-10-17",3061,6035772,4473,5403326,411,515433,2452,280672,41,14690,2493,295362,10438,24705.71,12249893,0
"2021-10-18",7051,6042823,10666,5413992,796,516229,9483,290155,172,14862,9655,305017,28168,24911.57,12278061,0
"2021-10-19",6576,6049399,8945,5422937,804,517033,9089,299244,168,15030,9257,314274,25582,24186.57,12303643,0
"2021-10-20",6535,6055934,9375,5432312,975,518008,9988,309232,171,15201,10159,324433,27044,24171.86,12330687,0
"2021-10-21",7029,6062963,9383,5441695,858,518866,10843,320075,149,15350,10992,335425,28262,23970.71,12358949,0
"2021-10-22",8130,6071093,10342,5452037,1026,519892,16345,336420,210,15560,16555,351980,36053,24636.29,12395002,0
"2021-10-23",5171,6076264,6457,5458494,690,520582,9122,345542,112,15672,9234,361214,21552,25299.86,12416554,0
"2021-10-24",3278,6079542,3971,5462465,770,521352,6152,351694,75,15747,6227,367441,14246,25843.86,12430800,0
"2021-10-25",8775,6088317,8738,5471203,1150,522502,19248,370942,289,16036,19537,386978,38200,27277,12469000,0
"2021-10-26",8205,6096522,7723,5478926,1258,523760,17289,388231,257,16293,17546,404524,34732,28584.14,12503732,0
"2021-10-27",10568,6107090,8393,5487319,1604,525364,20853,409084,308,16601,21161,425685,41726,30681.57,12545458,0
"2021-10-28",11331,6118421,8040,5495359,1793,527157,20841,429925,310,16911,21151,446836,42315,32689.14,12587773,0
"2021-10-29",11842,6130263,8240,5503599,1957,529114,22531,452456,315,17226,22846,469682,44885,33950.86,12632658,0
"2021-10-30",4631,6134894,5058,5508657,930,530044,11169,463625,159,17385,11328,481010,21947,34007.29,12654605,0
"2021-10-31",2665,6137559,2702,5511359,544,530588,6637,470262,96,17481,6733,487743,12644,33778.43,12667249,0
"2021-11-01",7140,6144699,6955,5518314,1089,531677,20382,490644,317,17798,20699,508442,35883,33447.43,12703132,0
"2021-11-02",6587,6151286,6593,5524907,1054,532731,20778,511422,261,18059,21039,529481,35273,33524.71,12738405,0
"2021-11-03",6855,6158141,6682,5531589,1026,533757,20631,532053,298,18357,20929,550410,35492,32634.14,12773897,0
"2021-11-04",9321,6167462,6279,5537868,995,534752,22355,554408,341,18698,22696,573106,39291,32202.14,12813188,0
"2021-11-05",11065,6178527,6724,5544592,1051,535803,23758,578166,343,19041,24101,597207,42941,31924.43,12856129,0
"2021-11-06",11138,6189665,4050,5548642,594,536397,12588,590754,164,19205,12752,609959,28534,32865.43,12884663,0
"2021-11-07",7258,6196923,2286,5550928,577,536974,7106,597860,92,19297,7198,617157,17319,33533.29,12901982,0
"2021-11-08",15060,6211983,5678,5556606,865,537839,19508,617368,272,19569,19780,636937,41383,34319,12943365,0
"2021-11-09",16159,6228142,5389,5561995,660,538499,20510,637878,267,19836,20777,657714,42985,35420.71,12986350,0
"2021-11-10",16937,6245079,5325,5567320,683,539182,22642,660520,289,20125,22931,680645,45876,36904.14,13032226,0
"2021-11-11",12581,6257660,5189,5572509,759,539941,22079,682599,279,20404,22358,703003,40887,37132.14,13073113,0
"2021-11-12",16900,6274560,5689,5578198,705,540646,23392,705991,350,20754,23742,726745,47036,37717.14,13120149,0
"2021-11-13",9947,6284507,3665,5581863,463,541109,13321,719312,177,20931,13498,740243,27573,37579.86,13147722,0
"2021-11-14",6015,6290522,2293,5584156,325,541434,7931,727243,75,21006,8006,748249,16639,37482.71,13164361,0
"2021-11-15",13226,6303748,5974,5590130,690,542124,25105,752348,349,21355,25454,773703,45344,38048.57,13209705,0
"2021-11-16",9977,6313725,5782,5595912,656,542780,30666,783014,412,21767,31078,804781,47493,38692.57,13257198,0
"2021-11-17",10315,6324040,6674,5602586,681,543461,31414,814428,402,22169,31816,836597,49486,39208.29,13306684,0
"2021-11-18",10744,6334784,6543,5609129,858,544319,33008,847436,437,22606,33445,870042,51590,40737.29,13358274,0
"2021-11-19",12031,6346815,6549,5615678,715,545034,36243,883679,442,23048,36685,906727,55980,42015,13414254,0
"2021-11-20",9337,6356152,3419,5619097,513,545547,22510,906189,248,23296,22758,929485,36027,43222.71,13450281,0
"2021-11-21",4958,6361110,1887,5620984,288,545835,13200,919389,144,23440,13344,942829,20477,43771,13470758,0
"2021-11-22",10450,6371560,5793,5626777,751,546586,35916,955305,431,23871,36347,979176,53341,44913.43,13524099,0
"2021-11-23",9812,6381372,4783,5631560,636,547222,33508,988813,362,24233,33870,1013046,49101,45143.14,13573200,0
"2021-11-24",8716,6390088,4751,5636311,651,547873,25916,1014729,277,24510,26193,1039239,40311,43832.43,13613511,0
"2021-11-25",449,6390537,325,5636636,80,547953,1003,1015732,9,24519,1012,1040251,1866,36729,13615377,0
"2021-11-26",8067,6398604,6989,5643625,530,548483,26585,1042317,282,24801,26867,1067118,42453,34796.57,13657830,0
"2021-11-27",6689,6405293,6838,5650463,371,548854,18837,1061154,216,25017,19053,1086171,32951,34357.14,13690781,0
"2021-11-28",4089,6409382,5792,5656255,282,549136,11885,1073039,115,25132,12000,1098171,22163,34598,13712944,0
"2021-11-29",9131,6418513,10999,5667254,687,549823,35064,1108103,420,25552,35484,1133655,56301,35020.86,13769245,0
"2021-11-30",10525,6429038,11434,5678688,513,550336,37782,1145885,479,26031,38261,1171916,60733,36682.57,13829978,0
"2021-12-01",11207,6440245,10983,5689671,724,551060,40347,1186232,428,26459,40775,1212691,63689,40022.29,13893667,0
"2021-12-02",11674,6451919,11038,5700709,627,551687,42157,1228389,441,26900,42598,1255289,65937,49175.29,13959604,0
"2021-12-03",13511,6465430,12890,5713599,676,552363,47922,1276311,508,27408,48430,1303719,75507,53897.29,14035111,0
"2021-12-04",9863,6475293,11293,5724892,567,552930,30674,1306985,296,27704,30970,1334689,52693,56717.57,14087804,0
"2021-12-05",5763,6481056,5704,5730596,271,553201,16657,1323642,124,27828,16781,1351470,28519,57625.57,14116323,0
"2021-12-06",12356,6493412,9959,5740555,600,553801,43238,1366880,430,28258,43668,1395138,66583,59094.43,14182906,0
"2021-12-07",12613,6506025,9258,5749813,625,554426,43027,1409907,488,28746,43515,1438653,66011,59848.43,14248917,0
"2021-12-08",13546,6519571,8776,5758589,555,554981,40783,1450690,459,29205,41242,1479895,64119,59909.86,14313036,0
"2021-12-09",13520,6533091,8755,5767344,554,555535,40807,1491497,481,29686,41288,1521183,64117,59649.86,14377153,0
"2021-12-10",14048,6547139,10146,5777490,671,556206,43666,1535163,481,30167,44147,1565330,69012,58722,14446165,0
"2021-12-11",10286,6557425,8122,5785612,405,556611,26693,1561856,272,30439,26965,1592295,45778,57734.14,14491943,0
"2021-12-12",6023,6563448,3854,5789466,290,556901,15167,1577023,130,30569,15297,1607592,25464,57297.71,14517407,0
"2021-12-13",12252,6575700,7427,5796893,658,557559,37870,1614893,381,30950,38251,1645843,58588,56155.57,14575995,0
"2021-12-14",12246,6587946,6957,5803850,731,558290,38144,1653037,419,31369,38563,1684406,58497,55082.14,14634492,0
"2021-12-15",12124,6600070,6239,5810089,755,559045,38125,1691162,478,31847,38603,1723009,57721,54168.14,14692213,0
"2021-12-16",13146,6613216,4272,5814361,740,559785,41044,1732206,433,32280,41477,1764486,59635,53527.86,14751848,0
"2021-12-17",15962,6629178,6931,5821292,620,560405,46765,1778971,465,32745,47230,1811716,70743,53775.14,14822591,0
"2021-12-18",13036,6642214,5718,5827010,432,560837,30615,1809586,264,33009,30879,1842595,50065,54387.57,14872656,0
"2021-12-19",7024,6649238,2994,5830004,327,561164,18004,1827590,170,33179,18174,1860769,28519,54824,14901175,0
"2021-12-20",16881,6666119,5868,5835872,746,561910,47435,1875025,555,33734,47990,1908759,71485,56666.43,14972660,0
"2021-12-21",17984,6684103,6575,5842447,806,562716,48906,1923931,569,34303,49475,1958234,74840,59001.14,15047500,0
"2021-12-22",18550,6702653,6559,5849006,938,563654,49669,1973600,517,34820,50186,2008420,76233,61645.71,15123733,0
"2021-12-23",19055,6721708,6477,5855483,930,564584,45820,2019420,509,35329,46329,2054749,72791,63525.14,15196524,0
"2021-12-24",9248,6730956,2953,5858436,598,565182,20591,2040011,209,35538,20800,2075549,33599,58218.86,15230123,0
"2021-12-25",344,6731300,63,5858499,31,565213,427,2040438,8,35546,435,2075984,873,51191.43,15230996,0
"2021-12-26",7976,6739276,3931,5862430,340,565553,17274,2057712,171,35717,17445,2093429,29692,51359,15260688,0
"2021-12-27",21792,6761068,9203,5871633,932,566485,43432,2101144,537,36254,43969,2137398,75896,51989.14,15336584,0
"2021-12-28",20171,6781239,8327,5879960,699,567184,47568,2148712,595,36849,48163,2185561,77360,52349.14,15413944,0
"2021-12-29",18505,6799744,7669,5887629,607,567791,45546,2194258,470,37319,46016,2231577,72797,51858.29,15486741,0
"2021-12-30",16897,6816641,7419,5895048,587,568378,44838,2239096,570,37889,45408,2276985,70311,51504,15557052,0
"2021-12-31",5363,6822004,2808,5897856,193,568571,14766,2253862,176,38065,14942,2291927,23306,50033.57,15580358,0
"2022-01-01",243,6822247,147,5898003,12,568583,501,2254363,21,38086,522,2292449,924,50040.86,15581282,0
"2022-01-02",6435,6828682,5021,5903024,153,568736,10974,2265337,110,38196,11084,2303533,22693,49041,15603975,0
"2022-01-03",14142,6842824,8496,5911520,514,569250,26926,2292263,318,38514,27244,2330777,50396,45398.14,15654371,0
"2022-01-04",12895,6855719,8106,5919626,414,569664,27172,2319435,345,38859,27517,2358294,48932,41337,15703303,0
"2022-01-05",11496,6867215,6998,5926624,382,570046,25851,2345286,299,39158,26150,2384444,45026,37369.71,15748329,0
"2022-01-06",11488,6878703,7387,5934011,483,570529,27516,2372802,325,39483,27841,2412285,47199,34068,15795528,0
"2022-01-07",10405,6889108,8422,5942433,338,570867,25017,2397819,310,39793,25327,2437612,44492,37094.57,15840020,0
"2022-01-08",7875,6896983,8567,5951000,310,571177,19448,2417267,175,39968,19623,2457235,36375,42159,15876395,0
"2022-01-09",4134,6901117,3844,5954844,214,571391,10061,2427328,91,40059,10152,2467387,18344,41537.71,15894739,0
"2022-01-10",10185,6911302,8188,5963032,490,571881,24600,2451928,294,40353,24894,2492281,43757,40589.29,15938496,0
"2022-01-11",8901,6920203,8000,5971032,521,572402,21023,2472951,276,40629,21299,2513580,38721,39130.57,15977217,0
"2022-01-12",8938,6929141,8314,5979346,427,572829,22336,2495287,286,40915,22622,2536202,40301,38455.57,16017518,0
"2022-01-13",9046,6938187,8866,5988212,451,573280,22876,2518163,309,41224,23185,2559387,41548,37648.29,16059066,0
"2022-01-14",10115,6948302,8118,5996330,476,573756,26436,2544599,313,41537,26749,2586136,45458,37786.29,16104524,0
"2022-01-15",6210,6954512,4310,6000640,178,573934,15143,2559742,174,41711,15317,2601453,26015,36306.29,16130539,0
"2022-01-16",2921,6957433,3248,6003888,95,574029,7823,2567565,82,41793,7905,2609358,14169,35709.86,16144708,0
"2022-01-17",6084,6963517,6759,6010647,363,574392,14675,2582240,214,42007,14889,2624247,28095,33472.43,16172803,0
"2022-01-18",8168,6971685,10317,6020964,396,574788,19660,2601900,316,42323,19976,2644223,38857,33491.86,16211660,0
"2022-01-19",7472,6979157,9252,6030216,304,575092,17713,2619613,267,42590,17980,2662203,35008,32735.71,16246668,0
"2022-01-20",6282,6985439,8560,6038776,305,575397,15250,2634863,241,42831,15491,2677694,30638,31177.14,16277306,0
"2022-01-21",7579,6993018,7503,6046279,276,575673,18507,2653370,278,43109,18785,2696479,34143,29560.71,16311449,0
"2022-01-22",5192,6998210,4940,6051219,131,575804,11318,2664688,124,43233,11442,2707921,21705,28945,16333154,0
"2022-01-23",2812,7001022,3325,6054544,97,575901,6230,2670918,75,43308,6305,2714226,12539,28712.14,16345693,0
"2022-01-24",6373,7007395,8201,6062745,262,576163,15072,2685990,234,43542,15306,2729532,30142,29004.57,16375835,0
"2022-01-25",6193,7013588,7935,6070680,233,576396,14686,2700676,255,43797,14941,2744473,29302,27639.57,16405137,0
"2022-01-26",5756,7019344,7174,6077854,289,576685,14014,2714690,207,44004,14221,2758694,27440,26558.43,16432577,0
"2022-01-27",5262,7024606,7092,6084946,321,577006,14078,2728768,229,44233,14307,2773001,26982,26036.14,16459559,0
"2022-01-28",6266,7030872,7866,6092812,203,577209,16130,2744898,233,44466,16363,2789364,30698,25544,16490257,0
"2022-01-29",843,7031715,727,6093539,28,577237,2537,2747435,39,44505,2576,2791940,4174,23039.57,16494431,0
"2022-01-30",2097,7033812,3020,6096559,103,577340,4536,2751971,63,44568,4599,2796539,9819,22651,16504250,0
"2022-01-31",5009,7038821,6595,6103154,220,577560,11375,2763346,197,44765,11572,2808111,23396,21687.29,16527646,0
"2022-02-01",4837,7043658,6437,6109591,219,577779,10709,2774055,216,44981,10925,2819036,22418,20703.86,16550064,0
"2022-02-02",4259,7047917,5930,6115521,213,577992,11235,2785290,235,45216,11470,2830506,21872,19908.43,16571936,0
"2022-02-03",4231,7052148,5810,6121331,216,578208,11215,2796505,199,45415,11414,2841920,21671,19149.71,16593607,0
"2022-02-04",4775,7056923,7114,6128445,214,578422,13217,2809722,235,45650,13452,2855372,25555,18415,16619162,0
"2022-02-05",3587,7060510,6052,6134497,110,578532,8572,2818294,149,45799,8721,2864093,18470,20457.29,16637632,0
"2022-02-06",2064,7062574,2134,6136631,121,578653,4638,2822932,102,45901,4740,2868833,9059,20348.71,16646691,0
"2022-02-07",4159,7066733,4726,6141357,205,578858,10131,2833063,233,46134,10364,2879197,19454,19785.57,16666145,0
"2022-02-08",4223,7070956,5606,6146963,214,579072,11330,2844393,300,46434,11630,2890827,21673,19679.14,16687818,0
"2022-02-09",4141,7075097,5403,6152366,222,579294,11662,2856055,249,46683,11911,2902738,21677,19651.29,16709495,0
"2022-02-10",4001,7079098,5120,6157486,245,579539,12197,2868252,281,46964,12478,2915216,21844,19676,16731339,0
"2022-02-11",4520,7083618,5805,6163291,195,579734,13731,2881983,312,47276,14043,2929259,24563,19534.29,16755902,0
"2022-02-12",3259,7086877,4341,6167632,97,579831,8808,2890791,213,47489,9021,2938280,16718,19284,16772620,0
"2022-02-13",1522,7088399,1541,6169173,41,579872,4882,2895673,107,47596,4989,2943269,8093,19146,16780713,0
"2022-02-14",2985,7091384,3624,6172797,167,580039,10568,2906241,323,47919,10891,2954160,17667,18890.71,16798380,0
"2022-02-15",3562,7094946,4069,6176866,175,580214,12781,2919022,278,48197,13059,2967219,20865,18775.29,16819245,0
"2022-02-16",3666,7098612,3902,6180768,200,580414,15718,2934740,292,48489,16010,2983229,23778,19075.43,16843023,0
"2022-02-17",4038,7102650,4080,6184848,162,580576,18269,2953009,356,48845,18625,3001854,26905,19798.43,16869928,0
"2022-02-18",4478,7107128,4784,6189632,190,580766,21531,2974540,447,49292,21978,3023832,31430,20779.43,16901358,0
"2022-02-19",3257,7110385,2177,6191809,65,580831,11179,2985719,215,49507,11394,3035226,16893,20804.43,16918251,0
"2022-02-20",1862,7112247,1446,6193255,59,580890,6577,2992296,111,49618,6688,3041914,10055,21084.71,16928306,0
"2022-02-21",3089,7115336,2693,6195948,95,580985,8349,3000645,225,49843,8574,3050488,14451,20625.29,16942757,0
"2022-02-22",4382,7119718,4247,6200195,175,581160,10834,3011479,248,50091,11082,3061570,19886,20485.43,16962643,0
"2022-02-23",4270,7123988,3791,6203986,145,581305,10662,3022141,237,50328,10899,3072469,19105,19817.86,16981748,0
"2022-02-24",3795,7127783,3657,6207643,108,581413,10186,3032327,229,50557,10415,3082884,17975,18542.14,16999723,0
"2022-02-25",3620,7131403,3622,6211265,134,581547,9979,3042306,233,50790,10212,3093096,17588,16564.71,17017311,0
"2022-02-26",2840,7134243,2576,6213841,74,581621,9514,3051820,154,50944,9668,3102764,15158,16316.86,17032469,0
"2022-02-27",1774,7136017,1370,6215211,52,581673,6269,3058089,99,51043,6368,3109132,9564,16246.71,17042033,0
"2022-02-28",3807,7139824,3131,6218342,141,581814,13129,3071218,246,51289,13375,3122507,20454,17104.29,17062487,0
"2022-03-01",2139,7141963,2626,6220968,103,581917,5169,3076387,182,51471,5351,3127858,10219,15723.29,17072706,0
"2022-03-02",1842,7143805,2440,6223408,106,582023,4128,3080515,207,51678,4335,3132193,8723,14240.14,17081429,0
"2022-03-03",1938,7145743,2555,6225963,106,582129,3794,3084309,168,51846,3962,3136155,8561,12895.29,17089990,0
"2022-03-04",2122,7147865,2872,6228835,66,582195,4328,3088637,207,52053,4535,3140690,9595,11753.43,17099585,0
"2022-03-05",1612,7149477,2125,6230960,43,582238,3317,3091954,115,52168,3432,3144122,7212,10618.29,17106797,0
"2022-03-06",799,7150276,879,6231839,30,582268,1622,3093576,55,52223,1677,3145799,3385,9735.57,17110182,0
"2022-03-07",1669,7151945,1786,6233625,86,582354,3496,3097072,161,52384,3657,3149456,7198,7841.86,17117380,0
"2022-03-08",1550,7153495,1893,6235518,79,582433,3123,3100195,149,52533,3272,3152728,6794,7352.57,17124174,0
"2022-03-09",1269,7154764,1673,6237191,79,582512,2584,3102779,131,52664,2715,3155443,5736,6925.86,17129910,0
"2022-03-10",1421,7156185,2097,6239288,85,582597,2954,3105733,164,52828,3118,3158561,6721,6663,17136631,0
"2022-03-11",1603,7157788,2272,6241560,81,582678,3213,3108946,187,53015,3400,3161961,7356,6343.14,17143987,0
"2022-03-12",880,7158668,1414,6242974,40,582718,2004,3110950,75,53090,2079,3164040,4413,5943.29,17148400,0
"2022-03-13",626,7159294,757,6243731,27,582745,1292,3112242,47,53137,1339,3165379,2749,5852.43,17151149,0
"2022-03-14",1375,7160669,1605,6245336,83,582828,2988,3115230,204,53341,3192,3168571,6255,5717.71,17157404,0
"2022-03-15",1361,7162030,1924,6247260,63,582891,3068,3118298,229,53570,3297,3171868,6645,5696.43,17164049,0
"2022-03-16",1402,7163432,2065,6249325,94,582985,3132,3121430,296,53866,3428,3175296,6989,5875.43,17171038,0
"2022-03-17",1185,7164617,1806,6251131,70,583055,2758,3124188,266,54132,3024,3178320,6085,5784.57,17177123,0
"2022-03-18",1595,7166212,2211,6253342,80,583135,3770,3127958,414,54546,4184,3182504,8070,5886.57,17185193,0
"2022-03-19",1114,7167326,1734,6255076,54,583189,2598,3130556,225,54771,2823,3185327,5725,6074,17190918,0
"2022-03-20",614,7167940,627,6255703,33,583222,1463,3132019,185,54956,1648,3186975,2922,6098.71,17193840,0
"2022-03-21",1421,7169361,1551,6257254,72,583294,3056,3135075,354,55310,3410,3190385,6454,6127.14,17200294,0
"2022-03-22",1343,7170704,1553,6258807,101,583395,2901,3137976,344,55654,3245,3193630,6242,6069.57,17206536,0
"2022-03-23",1262,7171966,1361,6260168,66,583461,2917,3140893,374,56028,3291,3196921,5980,5925.43,17212516,0
"2022-03-24",1211,7173177,1299,6261467,90,583551,2520,3143413,266,56294,2786,3199707,5386,5825.57,17217902,0
"2022-03-25",1391,7174568,1629,6263096,62,583613,3262,3146675,379,56673,3641,3203348,6723,5633.14,17224625,0
"2022-03-26",928,7175496,1163,6264259,36,583649,2303,3148978,250,56923,2553,3205901,4680,5483.86,17229305,0
"2022-03-27",574,7176070,527,6264786,29,583678,1312,3150290,204,57127,1516,3207417,2646,5444.43,17231951,0
"2022-03-28",1087,7177157,1164,6265950,68,583746,2437,3152727,364,57491,2801,3210218,5120,5253.86,17237071,0
"2022-03-29",1053,7178210,1104,6267054,85,583831,2514,3155241,881,58372,3395,3213613,5637,5167.43,17242708,0
"2022-03-30",1250,7179460,1144,6268198,98,583929,3067,3158308,3399,61771,6466,3220079,8958,5592.86,17251666,0
"2022-03-31",1291,7180751,1263,6269461,57,583986,3165,3161473,5490,67261,8655,3228734,11266,6432.86,17262932,0
"2022-04-01",1435,7182186,1498,6270959,76,584062,3250,3164723,6895,74156,10145,3238879,13154,7351.57,17276086,0
"2022-04-02",913,7183099,914,6271873,33,584095,2096,3166819,4521,78677,6617,3245496,8477,7894,17284563,0
"2022-04-03",560,7183659,501,6272374,28,584123,1222,3168041,3051,81728,4273,3249769,5362,8282,17289925,0
"2022-04-04",1356,7185015,1308,6273682,62,584185,2735,3170776,7690,89418,10425,3260194,13151,9429.29,17303076,0
"2022-04-05",1305,7186320,1166,6274848,66,584251,2856,3173632,7474,96892,10330,3270524,12867,10462.14,17315943,0
"2022-04-06",1344,7187664,1184,6276032,61,584312,2624,3176256,6945,103837,9569,3280093,12158,10919.29,17328101,0
"2022-04-07",1215,7188879,1066,6277098,57,584369,2378,3178634,6597,110434,8975,3289068,11313,10926,17339414,0
"2022-04-08",1493,7190372,1406,6278504,62,584431,3170,3181804,8770,119204,11940,3301008,14901,11175.57,17354315,0
"2022-04-09",923,7191295,924,6279428,29,584460,2071,3183875,4940,124144,7011,3308019,8887,11234.14,17363202,0
"2022-04-10",588,7191883,461,6279889,25,584485,1169,3185044,2891,127035,4060,3312079,5134,11201.57,17368336,0
"2022-04-11",1332,7193215,1237,6281126,59,584544,2665,3187709,7780,134815,10445,3322524,13073,11190.43,17381409,0
"2022-04-12",1220,7194435,1065,6282191,73,584617,2532,3190241,7396,142211,9928,3332452,12286,11107.43,17393695,0
"2022-04-13",1251,7195686,1083,6283274,59,584676,2511,3192752,7524,149735,10035,3342487,12428,11146,17406123,0
"2022-04-14",1281,7196967,1102,6284376,59,584735,2436,3195188,6570,156305,9006,3351493,11448,11165.29,17417571,0
"2022-04-15",1352,7198319,1100,6285476,53,584788,2564,3197752,6609,162914,9173,3360666,11678,10704.86,17429249,0
"2022-04-16",871,7199190,655,6286131,33,584821,1640,3199392,3671,166585,5311,3365977,6870,10416.71,17436119,0
"2022-04-17",347,7199537,202,6286333,27,584848,639,3200031,1154,167739,1793,3367770,2369,10021.71,17438488,0
"2022-04-18",1393,7200930,1120,6287453,82,584930,2587,3202618,6406,174145,8993,3376763,11588,9809.57,17450076,0
"2022-04-19",1420,7202350,940,6288393,72,585002,2574,3205192,5733,179878,8307,3385070,10739,9588.57,17460815,0
"2022-04-20",1318,7203668,1150,6289543,65,585067,2679,3207871,6614,186492,9293,3394363,11826,9502.57,17472641,0
"2022-04-21",1229,7204897,1063,6290606,53,585120,2330,3210201,5331,191823,7661,3402024,10006,9296.57,17482647,0
"2022-04-22",1219,7206116,1026,6291632,46,585166,2201,3212402,5631,197454,7832,3409856,10123,9074.43,17492770,0
"2022-04-23",718,7206834,751,6292383,59,585225,1427,3213829,3345,200799,4772,3414628,6300,8993,17499070,0
"2022-04-24",443,7207277,340,6292723,27,585252,814,3214643,1805,202604,2619,3417247,3429,9144.43,17502499,0
"2022-04-25",1032,7208309,916,6293639,64,585316,1853,3216496,5086,207690,6939,3424186,8951,8767.71,17511450,0
"2022-04-26",949,7209258,859,6294498,76,585392,1754,3218250,4685,212375,6439,3430625,8323,8422.57,17519773,0
"2022-04-27",1042,7210300,1027,6295525,80,585472,1932,3220182,5196,217571,7128,3437753,9277,8058.43,17529050,0
"2022-04-28",1092,7211392,990,6296515,50,585522,2006,3222188,4722,222293,6728,3444481,8860,7894.71,17537910,0
"2022-04-29",1192,7212584,1107,6297622,60,585582,2161,3224349,5386,227679,7547,3452028,9906,7863.71,17547816,0
"2022-04-30",730,7213314,743,6298365,43,585625,1393,3225742,2949,230628,4342,3456370,5858,7800.57,17553674,0
"2022-05-01",447,7213761,366,6298731,20,585645,767,3226509,1654,232282,2421,3458791,3254,7775.57,17556928,0
"2022-05-02",1062,7214823,794,6299525,52,585697,1672,3228181,3811,236093,5483,3464274,7391,7552.71,17564319,0
"2022-05-03",1124,7215947,868,6300393,61,585758,1996,3230177,4849,240942,6845,3471119,8898,7634.86,17573217,0
"2022-05-04",1022,7216969,885,6301278,48,585806,1912,3232089,4627,245569,6539,3477658,8494,7523,17581711,0
"2022-05-05",1059,7218028,952,6302230,86,585892,1926,3234015,4863,250432,6789,3484447,8886,7526.71,17590597,0
"2022-05-06",1096,7219124,960,6303190,51,585943,1868,3235883,4380,254812,6248,3490695,8355,7305.14,17598952,0
"2022-05-07",662,7219786,592,6303782,32,585975,1204,3237087,2424,257236,3628,3494323,4914,7170.29,17603866,0
"2022-05-08",417,7220203,247,6304029,17,585992,668,3237755,1379,258615,2047,3496370,2728,7095.14,17606594,0
"2022-05-09",1085,7221288,951,6304980,60,586052,1886,3239641,4418,263033,6304,3502674,8400,7239.29,17614994,0
"2022-05-10",1099,7222387,939,6305919,54,586106,1988,3241629,4706,267739,6694,3509368,8786,7223.29,17623780,0
"2022-05-11",1095,7223482,981,6306900,44,586150,1941,3243570,4823,272562,6764,3516132,8884,7279,17632664,0
"2022-05-12",1104,7224586,951,6307851,58,586208,2003,3245573,4654,277216,6657,3522789,8770,7262.43,17641434,0
"2022-05-13",1166,7225752,1041,6308892,44,586252,2061,3247634,4782,281998,6843,3529632,9094,7368,17650528,0
"2022-05-14",832,7226584,671,6309563,31,586283,1472,3249106,2941,284939,4413,3534045,5947,7515.57,17656475,0
"2022-05-15",512,7227096,358,6309921,21,586304,923,3250029,1644,286583,2567,3536612,3458,7619.86,17659933,0
"2022-05-16",1231,7228327,862,6310783,62,586366,1825,3251854,3853,290436,5678,3542290,7833,7538.86,17667766,0
"2022-05-17",1300,7229627,926,6311709,79,586445,2053,3253907,4867,295303,6920,3549210,9225,7601.57,17676991,0
"2022-05-18",1249,7230876,903,6312612,82,586527,2063,3255970,4914,300217,6977,3556187,9211,7648.29,17686202,0
"2022-05-19",1171,7232047,879,6313491,35,586562,2118,3258088,4712,304929,6830,3563017,8915,7669,17695117,0
"2022-05-20",1205,7233252,964,6314455,74,586636,2367,3260455,5178,310107,7545,3570562,9788,7768.14,17704905,0
"2022-05-21",838,7234090,649,6315104,23,586659,1727,3262182,3285,313392,5012,3575574,6522,7850.29,17711427,0
"2022-05-22",514,7234604,291,6315395,22,586681,1135,3263317,1836,315228,2971,3578545,3798,7898.86,17715225,0
"2022-05-23",1229,7235833,893,6316288,47,586728,2186,3265503,4691,319919,6877,3585422,9046,8072.14,17724271,0
"2022-05-24",1437,7237270,941,6317229,66,586794,2292,3267795,4461,324380,6753,3592175,9197,8068.14,17733468,0
"2022-05-25",1442,7238712,960,6318189,56,586850,2263,3270058,4236,328616,6499,3598674,8957,8031.86,17742425,0
"2022-05-26",1184,7239896,872,6319061,60,586910,2261,3272319,4124,332740,6385,3605059,8501,7972.71,17750926,0
"2022-05-27",1259,7241155,960,6320021,38,586948,2491,3274810,3891,336631,6382,3611441,8639,7808.57,17759565,0
"2022-05-28",722,7241877,518,6320539,19,586967,1778,3276588,2059,338690,3837,3615278,5096,7604.86,17764661,0
"2022-05-29",476,7242353,216,6320755,11,586978,763,3277351,1116,339806,1879,3617157,2582,7431.14,17767243,0
"2022-05-30",93,7242446,56,6320811,6,586984,139,3277490,143,339949,282,3617439,437,6201.29,17767680,0
"2022-05-31",1144,7243590,916,6321727,51,587035,1881,3279371,3052,343001,4933,3622372,7044,5893.71,17774724,0
"2022-06-01",1159,7244749,849,6322576,63,587098,1963,3281334,3401,346402,5364,3627736,7435,5676.29,17782159,0
"2022-06-02",1035,7245784,803,6323379,72,587170,1823,3283157,3151,349553,4974,3632710,6884,5445.29,17789043,0
"2022-06-03",1172,7246956,892,6324271,47,587217,2053,3285210,3474,353027,5527,3638237,7638,5302.29,17796681,0
"2022-06-04",728,7247684,585,6324856,26,587243,1549,3286759,1891,354918,3440,3641677,4779,5257,17801460,0
"2022-06-05",450,7248134,297,6325153,1,587244,878,3287637,978,355896,1856,3643533,2604,5260.14,17804064,0
"2022-06-06",1128,7249262,830,6325983,64,587308,1752,3289389,2719,358615,4471,3648004,6493,6125.29,17810557,0
"2022-06-07",1028,7250290,769,6326752,70,587378,1767,3291156,2549,361164,4316,3652320,6183,6002.29,17816740,0
"2022-06-08",1095,7251385,836,6327588,75,587453,1867,3293023,2725,363889,4592,3656912,6598,5882.71,17823338,0
"2022-06-09",1148,7252533,837,6328425,61,587514,2212,3295235,2676,366565,4888,3661800,6934,5889.86,17830272,0
"2022-06-10",1057,7253590,815,6329240,75,587589,1881,3297116,2808,369373,4689,3666489,6636,5746.71,17836908,0
"2022-06-11",685,7254275,510,6329750,24,587613,1315,3298431,1499,370872,2814,3669303,4033,5640.14,17840941,0
"2022-06-12",351,7254626,286,6330036,20,587633,879,3299310,767,371639,1646,3670949,2303,5597.14,17843244,0
"2022-06-13",1038,7255664,765,6330801,63,587696,1567,3300877,2171,373810,3738,3674687,5604,5470.14,17848848,0
"2022-06-14",943,7256607,819,6331620,55,587751,1659,3302536,2484,376294,4143,3678830,5960,5438.29,17854808,0
"2022-06-15",982,7257589,853,6332473,39,587790,1637,3304173,2399,378693,4036,3682866,5910,5340,17860718,0
"2022-06-16",944,7258533,777,6333250,59,587849,1808,3305981,2335,381028,4143,3687009,5923,5195.57,17866641,0
"2022-06-17",902,7259435,792,6334042,44,587893,1746,3307727,2385,383413,4131,3691140,5869,5086,17872510,0
"2022-06-18",665,7260100,519,6334561,26,587919,1276,3309003,1289,384702,2565,3693705,3775,5049.14,17876285,0
"2022-06-19",354,7260454,236,6334797,16,587935,724,3309727,602,385304,1326,3695031,1932,4996.14,17878217,0
"2022-06-20",832,7261286,488,6335285,41,587976,1559,3311286,1607,386911,3166,3698197,4527,4842.29,17882744,0
"2022-06-21",1057,7262343,726,6336011,50,588026,1674,3312960,2114,389025,3788,3701985,5621,4793.86,17888365,0
"2022-06-22",1026,7263369,818,6336829,45,588071,1679,3314639,1977,391002,3656,3705641,5545,4741.71,17893910,0
"2022-06-23",967,7264336,746,6337575,64,588135,1686,3316325,2140,393142,3826,3709467,5603,4696,17899513,0
"2022-06-24",943,7265279,755,6338330,48,588183,1616,3317941,2125,395267,3741,3713208,5487,4641.43,17905000,0
"2022-06-25",649,7265928,487,6338817,15,588198,1231,3319172,1131,396398,2362,3715570,3513,4604,17908513,0
"2022-06-26",462,7266390,247,6339064,14,588212,679,3319851,529,396927,1208,3716778,1931,4603.86,17910444,0
"2022-06-27",858,7267248,647,6339711,60,588272,1450,3321301,1602,398529,3052,3719830,4617,4616.71,17915061,0
"2022-06-28",988,7268236,826,6340537,50,588322,1841,3323142,2116,400645,3957,3723787,5821,4645.29,17920882,0
"2022-06-29",889,7269125,765,6341302,47,588369,1677,3324819,1909,402554,3586,3727373,5287,4608.43,17926169,0
"2022-06-30",904,7270029,800,6342102,46,588415,1716,3326535,2081,404635,3797,3731170,5547,4600.43,17931716,0
"2022-07-01",722,7270751,587,6342689,22,588437,1372,3327907,1711,406346,3083,3734253,4414,4447.14,17936130,0
"2022-07-02",452,7271203,377,6343066,16,588453,832,3328739,925,407271,1757,3736010,2602,4317,17938732,0
"2022-07-03",298,7271501,206,6343272,5,588458,459,3329198,482,407753,941,3736951,1450,4248.29,17940182,0
"2022-07-04",29,7271530,26,6343298,1,588459,30,3329228,38,407791,68,3737019,124,3606.43,17940306,0
"2022-07-05",814,7272344,747,6344045,35,588494,1388,3330616,1725,409516,3113,3740132,4709,3447.57,17945015,0
"2022-07-06",817,7273161,674,6344719,44,588538,1412,3332028,1790,411306,3202,3743334,4737,3369,17949752,0
"2022-07-07",869,7274030,706,6345425,45,588583,1500,3333528,1963,413269,3463,3746797,5083,3302.71,17954835,0
"2022-07-08",875,7274905,639,6346064,37,588620,1454,3334982,1949,415218,3403,3750200,4954,3379.86,17959789,0
"2022-07-09",529,7275434,406,6346470,25,588645,874,3335856,1335,416553,2209,3752409,3169,3460.86,17962958,0
"2022-07-10",329,7275763,184,6346654,16,588661,424,3336280,657,417210,1081,3753490,1610,3483.71,17964568,0
"2022-07-11",940,7276703,618,6347272,48,588709,1411,3337691,2177,419387,3588,3757078,5194,4208,17969762,0
"2022-07-12",923,7277626,677,6347949,45,588754,1385,3339076,2478,421865,3863,3760941,5508,4322.14,17975270,0
"2022-07-13",859,7278485,678,6348627,35,588789,1469,3340545,2700,424565,4169,3765110,5741,4465.57,17981011,0
"2022-07-14",938,7279423,672,6349299,47,588836,1476,3342021,2902,427467,4378,3769488,6035,4601.57,17987046,0
"2022-07-15",859,7280282,651,6349950,41,588877,1535,3343556,3006,430473,4541,3774029,6092,4764.14,17993138,0
"2022-07-16",446,7280728,429,6350379,9,588886,958,3344514,1675,432148,2633,3776662,3517,4813.86,17996655,0
"2022-07-17",349,7281077,215,6350594,16,588902,526,3345040,1157,433305,1683,3778345,2263,4907.14,17998918,0
"2022-07-18",939,7282016,622,6351216,43,588945,1405,3346445,2390,435695,3795,3782140,5399,4936.43,18004317,0
"2022-07-19",996,7283012,677,6351893,48,588993,1511,3347956,2721,438416,4232,3786372,5953,5000,18010270,120000
"2022-07-20",815,7283827,679,6352572,49,589042,1277,3349233,2302,440718,3579,3789951,5122,4911.57,18015392,120000
"2022-07-21",789,7284616,610,6353182,45,589087,1297,3350530,2182,442900,3479,3793430,4923,4752.71,18020315,120000
"2022-07-22",816,7285432,638,6353820,29,589116,1462,3351992,2716,445616,4178,3797608,5661,4691.14,18025976,120000
"2022-07-23",523,7285955,374,6354194,13,589129,920,3352912,1488,447104,2408,3800016,3318,4662.71,18029294,120000
"2022-07-24",314,7286269,192,6354386,13,589142,474,3353386,777,447881,1251,3801267,1770,4592.29,18031064,120000
"2022-07-25",249,7286518,162,6354548,10,589152,439,3353825,780,448661,1219,3802486,1640,4055.29,18032704,120000
