"DATE","ADMIN_DOSE1_DAILY","ADMIN_DOSE1_CUMULATIVE","ADMIN_DOSE2_DAILY","ADMIN_DOSE2_CUMULATIVE","ADMIN_SINGLE_DAILY","ADMIN_SINGLE_CUMULATIVE","ADMIN_ADDITIONAL1_DAILY","ADMIN_ADDITIONAL1_CUMULATIVE","ADMIN_ADDITIONAL2_DAILY","ADMIN_ADDITIONAL2_CUMULATIVE","ADMIN_ADDITIONAL_DAILY","ADMIN_ADDITIONAL_CUMULATIVE","ADMIN_ALLDOSES_DAILY","ADMIN_ALLDOSES_7DAYAVG","ADMIN_ALLDOSES_CUMULATIVE","ADMIN_ALLDOSES_PRIMARY","INCOMPLETE"
"2020-12-14",79,79,0,0,2,2,0,0,0,0,0,0,81,,81,81,0
"2020-12-15",2051,2130,6,6,5,7,0,0,0,0,0,0,2062,,2143,2143,0
"2020-12-16",4606,6736,15,21,4,11,1,1,0,0,1,1,4626,,6769,6768,0
"2020-12-17",4658,11394,18,39,2,13,1,2,0,0,1,2,4679,,11448,11446,0
"2020-12-18",5832,17226,18,57,2,15,2,4,0,0,2,4,5854,,17302,17298,0
"2020-12-19",1689,18915,7,64,3,18,0,4,0,0,0,4,1699,,19001,18997,0
"2020-12-20",1116,20031,2,66,1,19,0,4,0,0,0,4,1119,2874.29,20120,20116,0
"2020-12-21",6343,26374,20,86,0,19,5,9,0,0,5,9,6368,3772.43,26488,26479,0
"2020-12-22",9795,36169,27,113,2,21,1,10,0,0,1,10,9825,4881.43,36313,36303,0
"2020-12-23",14274,50443,35,148,3,24,0,10,0,0,0,10,14312,6265.14,50625,50615,0
"2020-12-24",7195,57638,26,174,1,25,0,10,0,0,0,10,7222,6628.43,57847,57837,0
"2020-12-25",180,57818,0,174,0,25,1,11,0,0,1,11,181,5818,58028,58017,0
"2020-12-26",4388,62206,45,219,0,25,1,12,0,0,1,12,4434,6208.71,62462,62450,0
"2020-12-27",3870,66076,14,233,0,25,1,13,0,0,1,13,3885,6603.86,66347,66334,0
"2020-12-28",10993,77069,49,282,1,26,3,16,0,0,3,16,11046,7272.14,77393,77377,0
"2020-12-29",10717,87786,35,317,2,28,2,18,0,0,2,18,10756,7405.14,88149,88131,0
"2020-12-30",12823,100609,45,362,0,28,0,18,0,0,0,18,12868,7198.86,101017,100999,0
"2020-12-31",7261,107870,35,397,1,29,0,18,0,0,0,18,7297,7209.57,108314,108296,0
"2021-01-01",181,108051,2,399,1,30,3,21,0,0,3,21,187,7210.43,108501,108480,0
"2021-01-02",3809,111860,10,409,3,33,2,23,0,0,2,23,3824,7123.29,112325,112302,0
"2021-01-03",3542,115402,24,433,2,35,1,24,0,0,1,24,3569,7078.14,115894,115870,0
"2021-01-04",12256,127658,806,1239,2,37,7,31,0,0,7,31,13071,7367.43,128965,128934,0
"2021-01-05",14092,141750,2191,3430,2,39,12,43,1,1,13,44,16298,8159.14,145263,145219,0
"2021-01-06",17800,159550,3925,7355,1,40,30,73,8,9,38,82,21764,9430,167027,166945,0
"2021-01-07",16549,176099,5172,12527,4,44,45,118,3,12,48,130,21773,11498,188800,188670,0
"2021-01-08",16616,192715,5457,17984,0,44,34,152,4,16,38,168,22111,14630,210911,210743,0
"2021-01-09",7651,200366,1462,19446,1,45,7,159,2,18,9,177,9123,15387,220034,219857,0
"2021-01-10",7881,208247,984,20430,0,45,10,169,0,18,10,187,8875,16145,228909,228722,0
"2021-01-11",25823,234070,7455,27885,2,47,49,218,8,26,57,244,33337,19040.14,262246,262002,0
"2021-01-12",28251,262321,7862,35747,1,48,44,262,4,30,48,292,36162,21877.86,298408,298116,0
"2021-01-13",31720,294041,9395,45142,1,49,57,319,4,34,61,353,41177,24651.14,339585,339232,0
"2021-01-14",35813,329854,5314,50456,1,50,31,350,7,41,38,391,41166,27421.57,380751,380360,0
"2021-01-15",29265,359119,3706,54162,2,52,31,381,5,46,36,427,33009,28978.43,413760,413333,0
"2021-01-16",30287,389406,2380,56542,0,52,24,405,6,52,30,457,32697,32346.14,446457,446000,0
"2021-01-17",23744,413150,1633,58175,0,52,19,424,1,53,20,477,25397,34706.43,471854,471377,0
"2021-01-18",27094,440244,2420,60595,0,52,36,460,7,60,43,520,29558,34166.57,501412,500892,0
"2021-01-19",34294,474538,9632,70227,1,53,69,529,6,66,75,595,44002,35286.57,545414,544819,0
"2021-01-20",34866,509404,9497,79724,1,54,57,586,4,70,61,656,44425,35750.57,589839,589183,0
"2021-01-21",25590,534994,8093,87817,2,56,50,636,5,75,55,711,33740,34689.71,623579,622868,0
"2021-01-22",24753,559747,4384,92201,1,57,32,668,7,82,39,750,29177,34142.29,652756,652006,0
"2021-01-23",15741,575488,3225,95426,0,57,10,678,2,84,12,762,18978,32182.43,671734,670972,0
"2021-01-24",7177,582665,3455,98881,0,57,19,697,1,85,20,782,10652,30076,682386,681604,0
"2021-01-25",13408,596073,11822,110703,0,57,66,763,12,97,78,860,25308,29468.86,707694,706834,0
"2021-01-26",16758,612831,10758,121461,0,57,68,831,2,99,70,930,27586,27123.71,735280,734350,0
"2021-01-27",20835,633666,12355,133816,0,57,53,884,9,108,62,992,33252,25527.57,768532,767540,0
"2021-01-28",30763,664429,12846,146662,0,57,82,966,16,124,98,1090,43710,26951.86,812242,811152,0
"2021-01-29",31688,696117,11508,158170,0,57,82,1048,10,134,92,1182,43288,28967.71,855530,854348,0
"2021-01-30",18709,714826,3742,161912,0,57,20,1068,2,136,22,1204,22473,29467,878003,876799,0
"2021-01-31",13016,727842,2924,164836,1,58,29,1097,4,140,33,1237,15974,30227.29,893977,892740,0
"2021-02-01",1179,729021,5369,170205,4,62,37,1134,4,144,41,1278,6593,27553.71,900570,899292,0
"2021-02-02",2826,731847,9477,179682,2,64,47,1181,4,148,51,1329,12356,25378,912926,911597,0
"2021-02-03",16347,748194,21246,200928,4,68,204,1385,20,168,224,1553,37821,26030.71,950747,949194,0
"2021-02-04",27043,775237,19649,220577,3,71,203,1588,10,178,213,1766,46908,26487.57,997655,995889,0
"2021-02-05",27588,802825,20037,240614,0,71,183,1771,15,193,198,1964,47823,27135.43,1045478,1043514,0
"2021-02-06",22990,825815,11245,251859,0,71,112,1883,12,205,124,2088,34359,28833.43,1079837,1077749,0
"2021-02-07",12040,837855,8281,260140,1,72,93,1976,14,219,107,2195,20429,29469.86,1100266,1098071,0
"2021-02-08",16954,854809,23517,283657,2,74,237,2213,34,253,271,2466,40744,34348.57,1141010,1138544,0
"2021-02-09",17191,872000,28104,311761,2,76,339,2552,43,296,382,2848,45679,39109,1186689,1183841,0
"2021-02-10",19593,891593,29307,341068,2,78,262,2814,48,344,310,3158,49213,40736.43,1235902,1232744,0
"2021-02-11",27845,919438,33475,374543,2,80,337,3151,57,401,394,3552,61718,42852.14,1297620,1294068,0
"2021-02-12",38382,957820,30804,405347,3,83,358,3509,38,439,396,3948,69585,45961,1367205,1363257,0
"2021-02-13",28001,985821,25316,430663,2,85,306,3815,54,493,360,4308,53680,48721.14,1420885,1416577,0
"2021-02-14",16277,1002098,23728,454391,0,85,267,4082,32,525,299,4607,40304,51560.43,1461189,1456582,0
"2021-02-15",12795,1014893,10525,464916,2,87,174,4256,24,549,198,4805,23520,49099.86,1484709,1479904,0
"2021-02-16",14242,1029135,26722,491638,0,87,328,4584,37,586,365,5170,41329,48478.43,1526038,1520868,0
"2021-02-17",16390,1045525,22197,513835,1,88,282,4866,38,624,320,5490,38908,47006.29,1564946,1559456,0
"2021-02-18",12144,1057669,24997,538832,21,109,291,5157,42,666,333,5823,37495,43545.86,1602441,1596618,0
"2021-02-19",13261,1070930,23934,562766,39,148,306,5463,45,711,351,6174,37585,38974.43,1640026,1633852,0
"2021-02-20",11353,1082283,26073,588839,6,154,327,5790,78,789,405,6579,37838,36711.29,1677864,1671285,0
"2021-02-21",6361,1088644,17416,606255,15,169,287,6077,46,835,333,6912,24125,34400,1701989,1695077,0
"2021-02-22",13044,1101688,11844,618099,2,171,127,6204,20,855,147,7059,25037,34616.71,1727026,1719967,0
"2021-02-23",25249,1126937,14142,632241,1,172,158,6362,35,890,193,7252,39586,34367.71,1766612,1759360,0
"2021-02-24",36356,1163293,20393,652634,0,172,227,6589,41,931,268,7520,57017,36954.71,1823629,1816109,0
"2021-02-25",54612,1217905,30398,683032,6,178,399,6988,63,994,462,7982,85478,43809.43,1909107,1901125,0
"2021-02-26",62859,1280764,31869,714901,4,182,418,7406,79,1073,497,8479,95229,52044.29,2004336,1995857,0
"2021-02-27",51290,1332054,22755,737656,47,229,336,7742,52,1125,388,8867,74480,57278.86,2078816,2069949,0
"2021-02-28",44584,1376638,13832,751488,7,236,206,7948,34,1159,240,9107,58663,62212.86,2137479,2128372,0
"2021-03-01",39319,1415957,12778,764266,10,246,168,8116,25,1184,193,9300,52300,66107.57,2189779,2180479,0
"2021-03-02",47083,1463040,12579,776845,7,253,159,8275,14,1198,173,9473,59842,69001.29,2249621,2240148,0
"2021-03-03",48605,1511645,16155,793000,17,270,148,8423,21,1219,169,9642,64946,70134,2314567,2304925,0
"2021-03-04",59820,1571465,22822,815822,1092,1362,271,8694,35,1254,306,9948,84040,69928.57,2398607,2388659,0
"2021-03-05",60982,1632447,24286,840108,3108,4470,333,9027,36,1290,369,10317,88745,69002.29,2487352,2477035,0
"2021-03-06",47176,1679623,18883,858991,5451,9921,241,9268,36,1326,277,10594,71787,68617.57,2559139,2548545,0
"2021-03-07",36039,1715662,14881,873872,6245,16166,234,9502,20,1346,254,10848,57419,68439.86,2616558,2605710,0
"2021-03-08",39627,1755289,14682,888554,8561,24727,314,9816,92,1438,406,11254,63276,70007.86,2679834,2668580,0
"2021-03-09",39105,1794394,12854,901408,7760,32487,183,9999,34,1472,217,11471,59936,70021.29,2739770,2728299,0
"2021-03-10",51827,1846221,15362,916770,5066,37553,226,10225,32,1504,258,11729,72513,71102.29,2812283,2800554,0
"2021-03-11",59987,1906208,21820,938590,4619,42172,249,10474,48,1552,297,12026,86723,71485.57,2899006,2886980,0
"2021-03-12",52200,1958408,30310,968900,4183,46355,378,10852,85,1637,463,12489,87156,71258.57,2986162,2973673,0
"2021-03-13",40648,1999056,26688,995588,5110,51465,326,11178,53,1690,379,12868,72825,71406.86,3058987,3046119,0
"2021-03-14",30714,2029770,15972,1011560,4526,55991,241,11419,28,1718,269,13137,51482,70558.71,3110469,3097332,0
"2021-03-15",33592,2063362,17260,1028820,4709,60700,236,11655,33,1751,269,13406,55830,69495,3166299,3152893,0
"2021-03-16",38670,2102032,20517,1049337,4926,65626,257,11912,35,1786,292,13698,64405,70133.43,3230704,3217006,0
"2021-03-17",42613,2144645,24793,1074130,4244,69870,346,12258,39,1825,385,14083,72035,70065.14,3302739,3288656,0
"2021-03-18",50441,2195086,26812,1100942,5235,75105,372,12630,61,1886,433,14516,82921,69522,3385660,3371144,0
"2021-03-19",47791,2242877,29966,1130908,5624,80729,392,13022,69,1955,461,14977,83842,69048.57,3469502,3454525,0
"2021-03-20",38710,2281587,25836,1156744,4685,85414,299,13321,60,2015,359,15336,69590,68586.43,3539092,3523756,0
"2021-03-21",29299,2310886,19358,1176102,769,86183,225,13546,44,2059,269,15605,49695,68331.14,3588787,3573182,0
"2021-03-22",33866,2344752,26740,1202842,4037,90220,263,13809,38,2097,301,15906,64945,69633.29,3653732,3637826,0
"2021-03-23",38432,2383184,32843,1235685,4216,94436,300,14109,55,2152,355,16261,75846,71267.71,3729578,3713317,0
"2021-03-24",41498,2424682,37608,1273293,4848,99284,328,14437,63,2215,391,16652,84345,73026.29,3813923,3797271,0
"2021-03-25",43402,2468084,50802,1324095,5054,104338,481,14918,86,2301,567,17219,99825,75441.14,3913748,3896529,0
"2021-03-26",38503,2506587,55514,1379609,4309,108647,530,15448,99,2400,629,17848,98955,77600.14,4012703,3994855,0
"2021-03-27",35737,2542324,45753,1425362,2939,111586,421,15869,82,2482,503,18351,84932,79791.86,4097635,4079284,0
"2021-03-28",26387,2568711,34458,1459820,1482,113068,339,16208,65,2547,404,18755,62731,81654.14,4160366,4141611,0
"2021-03-29",34814,2603525,38870,1498690,3246,116314,347,16555,110,2657,457,19212,77387,83431.57,4237753,4218541,0
"2021-03-30",40507,2644032,41928,1540618,3713,120027,342,16897,64,2721,406,19618,86554,84961.29,4324307,4304689,0
"2021-03-31",49393,2693425,44878,1585496,7441,127468,404,17301,87,2808,491,20109,102203,87512.43,4426510,4406401,0
"2021-04-01",50775,2744200,53956,1639452,11277,138745,500,17801,85,2893,585,20694,116593,89907.86,4543103,4522409,0
"2021-04-02",43756,2787956,53886,1693338,11970,150715,554,18355,70,2963,624,21318,110236,91519.43,4653339,4632021,0
"2021-04-03",39247,2827203,39220,1732558,9859,160574,337,18692,58,3021,395,21713,88721,92060.71,4742060,4720347,0
"2021-04-04",26555,2853758,24789,1757347,3903,164477,226,18918,49,3070,275,21988,55522,91030.86,4797582,4775594,0
"2021-04-05",41883,2895641,34488,1791835,11198,175675,375,19293,60,3130,435,22423,88004,92547.57,4885586,4863163,0
"2021-04-06",53262,2948903,35615,1827450,13218,188893,434,19727,77,3207,511,22934,102606,94840.71,4988192,4965258,0
"2021-04-07",55503,3004406,40699,1868149,14387,203280,408,20135,82,3289,490,23424,111079,96108.71,5099271,5075847,0
"2021-04-08",59258,3063664,46598,1914747,16341,219621,523,20658,85,3374,608,24032,122805,96996.14,5222076,5198044,0
"2021-04-09",56643,3120307,44964,1959711,17559,237180,520,21178,77,3451,597,24629,119763,98357.14,5341839,5317210,0
"2021-04-10",49344,3169651,35645,1995356,12723,249903,394,21572,61,3512,455,25084,98167,99706.57,5440006,5414922,0
"2021-04-11",38181,3207832,28821,2024177,7682,257585,293,21865,58,3570,351,25435,75035,102494.14,5515041,5489606,0
"2021-04-12",46633,3254465,31844,2056021,13500,271085,468,22333,66,3636,534,25969,92511,103138,5607552,5581583,0
"2021-04-13",52545,3307010,33788,2089809,368,271453,400,22733,63,3699,463,26432,87164,100932,5694716,5668284,0
"2021-04-14",50143,3357153,39963,2129772,20,271473,368,23101,72,3771,440,26872,90566,98001.57,5785282,5758410,0
"2021-04-15",52117,3409270,43689,2173461,16,271489,455,23556,106,3877,561,27433,96384,94227.14,5881666,5854233,0
"2021-04-16",51188,3460458,42214,2215675,32,271521,433,23989,69,3946,502,27935,93936,90537.57,5975602,5947667,0
"2021-04-17",43835,3504293,35696,2251371,3,271524,366,24355,84,4030,450,28385,79984,87940,6055586,6027201,0
"2021-04-18",28605,3532898,29369,2280740,7,271531,253,24608,65,4095,318,28703,58299,85549.14,6113885,6085182,0
"2021-04-19",37462,3570360,36454,2317194,22,271553,326,24934,65,4160,391,29094,74329,82951.71,6188214,6159120,0
"2021-04-20",40812,3611172,39630,2356824,19,271572,315,25249,80,4240,395,29489,80856,82050.57,6269070,6239581,0
"2021-04-21",38891,3650063,46020,2402844,16,271588,501,25750,97,4337,598,30087,85525,81330.43,6354595,6324508,0
"2021-04-22",38489,3688552,48964,2451808,9,271597,341,26091,74,4411,415,30502,87878,80115.29,6442473,6411971,0
"2021-04-23",39694,3728246,44385,2496193,3,271600,350,26441,75,4486,425,30927,84507,78768.29,6526980,6496053,0
"2021-04-24",31944,3760190,41606,2537799,44,271644,277,26718,62,4548,339,31266,73933,77903.86,6600913,6569647,0
"2021-04-25",18421,3778611,31227,2569026,87,271731,197,26915,58,4606,255,31521,49990,76716.86,6650903,6619382,0
"2021-04-26",26968,3805579,40734,2609760,1012,272743,290,27205,88,4694,378,31899,69092,75968.71,6719995,6688096,0
"2021-04-27",28573,3834152,47139,2656899,1699,274442,355,27560,93,4787,448,32347,77859,75540.57,6797854,6765507,0
"2021-04-28",27028,3861180,56845,2713744,2146,276588,437,27997,99,4886,536,32883,86555,75687.71,6884409,6851526,0
"2021-04-29",28611,3889791,57197,2770941,2148,278736,369,28366,99,4985,468,33351,88424,75765.71,6972833,6939482,0
"2021-04-30",30116,3919907,51989,2822930,2058,280794,285,28651,74,5059,359,33710,84523,75768,7057356,7023646,0
"2021-05-01",22478,3942385,44541,2867471,1177,281971,234,28885,64,5123,298,34008,68494,74991,7125850,7091842,0
"2021-05-02",11921,3954306,36655,2904126,1081,283052,142,29027,54,5177,196,34204,49853,74971.43,7175703,7141499,0
"2021-05-03",18022,3972328,53032,2957158,2383,285435,254,29281,92,5269,346,34550,73784,75641.71,7249487,7214937,0
"2021-05-04",22734,3995062,56655,3013813,2331,287766,268,29549,115,5384,383,34933,82103,76248,7331590,7296657,0
"2021-05-05",21479,4016541,48766,3062579,2313,290079,310,29859,102,5486,412,35345,72970,74307.29,7404560,7369215,0
"2021-05-06",20677,4037218,50176,3112755,2508,292587,276,30135,89,5575,365,35710,73726,72207.57,7478286,7442576,0
"2021-05-07",21251,4058469,52095,3164850,2812,295399,311,30446,79,5654,390,36100,76548,71068.29,7554834,7518734,0
"2021-05-08",16628,4075097,41868,3206718,1835,297234,232,30678,69,5723,301,36401,60632,69945.14,7615466,7579065,0
"2021-05-09",7971,4083068,29413,3236131,1260,298494,151,30829,56,5779,207,36608,38851,68373.43,7654317,7617709,0
"2021-05-10",14382,4097450,38534,3274665,2355,300849,238,31067,91,5870,329,36937,55600,65775.71,7709917,7672980,0
"2021-05-11",19910,4117360,43062,3317727,2514,303363,283,31350,85,5955,368,37305,65854,63454.43,7775771,7738466,0
"2021-05-12",17820,4135180,40547,3358274,3595,306958,232,31582,79,6034,311,37616,62273,61926.29,7838044,7800428,0
"2021-05-13",24969,4160149,40433,3398707,3230,310188,262,31844,77,6111,339,37955,68971,61247,7907015,7869060,0
"2021-05-14",27031,4187180,42925,3441632,3537,313725,267,32111,96,6207,363,38318,73856,60862.43,7980871,7942553,0
"2021-05-15",23650,4210830,34920,3476552,3365,317090,251,32362,76,6283,327,38645,62262,61095.29,8043133,8004488,0
"2021-05-16",15521,4226351,19454,3496006,2496,319586,123,32485,45,6328,168,38813,37639,60922.14,8080772,8041959,0
"2021-05-17",22670,4249021,29147,3525153,3254,322840,182,32667,67,6395,249,39062,55320,60882.14,8136092,8097030,0
"2021-05-18",24634,4273655,31911,3557064,3405,326245,240,32907,73,6468,313,39375,60263,60083.43,8196355,8156980,0
"2021-05-19",24187,4297842,29724,3586788,3040,329285,227,33134,48,6516,275,39650,57226,59362.43,8253581,8213931,0
"2021-05-20",24152,4321994,30101,3616889,3162,332447,264,33398,86,6602,350,40000,57765,57761.57,8311346,8271346,0
"2021-05-21",24677,4346671,32002,3648891,3057,335504,245,33643,60,6662,305,40305,60041,55788,8371387,8331082,0
"2021-05-22",20018,4366689,24369,3673260,2525,338029,163,33806,48,6710,211,40516,47123,53625.29,8418510,8377994,0
"2021-05-23",11230,4377919,13734,3686994,1411,339440,93,33899,32,6742,125,40641,26500,52034,8445010,8404369,0
"2021-05-24",18870,4396789,23164,3710158,2756,342196,213,34112,55,6797,268,40909,45058,50568,8490068,8449159,0
"2021-05-25",19430,4416219,23382,3733540,2603,344799,171,34283,57,6854,228,41137,45643,48479.43,8535711,8494574,0
"2021-05-26",18786,4435005,21092,3754632,2696,347495,199,34482,48,6902,247,41384,42821,46421.57,8578532,8537148,0
"2021-05-27",18467,4453472,21279,3775911,2529,350024,180,34662,61,6963,241,41625,42516,44243.14,8621048,8579423,0
"2021-05-28",17860,4471332,22884,3798795,2751,352775,187,34849,56,7019,243,41868,43738,41914.14,8664786,8622918,0
"2021-05-29",12707,4484039,17812,3816607,1755,354530,106,34955,39,7058,145,42013,32419,39813.57,8697205,8655192,0
"2021-05-30",7029,4491068,8950,3825557,1074,355604,48,35003,17,7075,65,42078,17118,38473.29,8714323,8672245,0
"2021-05-31",4742,4495810,6924,3832481,1012,356616,64,35067,17,7092,81,42159,12759,33859.14,8727082,8684923,0
"2021-06-01",16047,4511857,25193,3857674,2176,358792,155,35222,43,7135,198,42357,43614,33569.29,8770696,8728339,0
"2021-06-02",15355,4527212,20397,3878071,2095,360887,139,35361,48,7183,187,42544,38034,32885.43,8808730,8766186,0
"2021-06-03",15003,4542215,23825,3901896,2281,363168,128,35489,44,7227,172,42716,41281,32709,8850011,8807295,0
"2021-06-04",14722,4556937,25994,3927890,2492,365660,145,35634,40,7267,185,42901,43393,32659.71,8893404,8850503,0
"2021-06-05",10991,4567928,22090,3949980,1806,367466,115,35749,28,7295,143,43044,35030,33032.71,8928434,8885390,0
"2021-06-06",6443,4574371,14485,3964465,1222,368688,89,35838,13,7308,102,43146,22252,33766.14,8950686,8907540,0
"2021-06-07",11702,4586073,21783,3986248,2378,371066,140,35978,37,7345,177,43323,36040,37092,8986726,8943403,0
"2021-06-08",12634,4598707,24022,4010270,2072,373138,124,36102,46,7391,170,43493,38898,36418.29,9025624,8982131,0
"2021-06-09",11133,4609840,23028,4033298,2299,375437,135,36237,39,7430,174,43667,36634,36218.29,9062258,9018591,0
"2021-06-10",12063,4621903,22237,4055535,2462,377899,138,36375,59,7489,197,43864,36959,35600.86,9099217,9055353,0
"2021-06-11",12709,4634612,25123,4080658,2484,380383,156,36531,58,7547,214,44078,40530,35191.86,9139747,9095669,0
"2021-06-12",10162,4644774,19318,4099976,1888,382271,93,36624,43,7590,136,44214,31504,34688.14,9171251,9127037,0
"2021-06-13",4257,4649031,10933,4110909,1219,383490,41,36665,22,7612,63,44277,16472,33862.43,9187723,9143446,0
"2021-06-14",10208,4659239,19240,4130149,2043,385533,128,36793,52,7664,180,44457,31671,33238.29,9219394,9174937,0
"2021-06-15",11884,4671123,21018,4151167,1943,387476,131,36924,40,7704,171,44628,35016,32683.71,9254410,9209782,0
"2021-06-16",11588,4682711,19410,4170577,1957,389433,142,37066,68,7772,210,44838,33165,32188.14,9287575,9242737,0
"2021-06-17",11024,4693735,18761,4189338,1973,391406,123,37189,35,7807,158,44996,31916,31467.71,9319491,9274495,0
"2021-06-18",12166,4705901,18499,4207837,2115,393521,113,37302,36,7843,149,45145,32929,30381.86,9352420,9307275,0
"2021-06-19",8496,4714397,13517,4221354,1459,394980,84,37386,21,7864,105,45250,23577,29249.43,9375997,9330747,0
"2021-06-20",4336,4718733,7158,4228512,924,395904,36,37422,17,7881,53,45303,12471,28677.86,9388468,9343165,0
"2021-06-21",10164,4728897,10010,4238522,1807,397711,68,37490,27,7908,95,45398,22076,27307.14,9410544,9365146,0
"2021-06-22",9839,4738736,15641,4254163,1589,399300,105,37595,28,7936,133,45531,27202,26190.86,9437746,9392215,0
"2021-06-23",10311,4749047,15186,4269349,1863,401163,103,37698,30,7966,133,45664,27493,25380.57,9465239,9419575,0
"2021-06-24",9684,4758731,14700,4284049,1799,402962,120,37818,26,7992,146,45810,26329,24582.43,9491568,9445758,0
"2021-06-25",10589,4769320,14387,4298436,1721,404683,112,37930,38,8030,150,45960,26847,23713.57,9518415,9472455,0
"2021-06-26",7800,4777120,10466,4308902,1251,405934,74,38004,24,8054,98,46058,19615,23147.57,9538030,9491972,0
"2021-06-27",5001,4782121,6000,4314902,795,406729,34,38038,14,8068,48,46106,11844,23058,9549874,9503768,0
"2021-06-28",9035,4791156,10344,4325246,1526,408255,109,38147,26,8094,135,46241,21040,22910,9570914,9524673,0
"2021-06-29",9737,4800893,12327,4337573,1347,409602,123,38270,32,8126,155,46396,23566,22390.57,9594480,9548084,0
"2021-06-30",9433,4810326,10931,4348504,1487,411089,147,38417,16,8142,163,46559,22014,21607.86,9616494,9569935,0
"2021-07-01",9396,4819722,10929,4359433,1434,412523,130,38547,24,8166,154,46713,21913,20977,9638407,9591694,0
"2021-07-02",9694,4829416,11451,4370884,1541,414064,119,38666,22,8188,141,46854,22828,20402.86,9661235,9614381,0
"2021-07-03",7055,4836471,8419,4379303,1193,415257,78,38744,17,8205,95,46949,16762,19995.29,9677997,9631048,0
"2021-07-04",1288,4837759,1335,4380638,567,415824,9,38753,3,8208,12,46961,3202,18760.71,9681199,9634238,0
"2021-07-05",6496,4844255,7106,4387744,1208,417032,64,38817,22,8230,86,47047,14896,17883,9696095,9649048,0
"2021-07-06",9512,4853767,12853,4400597,1315,418347,115,38932,37,8267,152,47199,23832,17921,9719927,9672728,0
"2021-07-07",8665,4862432,11112,4411709,1419,419766,123,39055,19,8286,142,47341,21338,17824.43,9741265,9693924,0
"2021-07-08",8219,4870651,10193,4421902,1260,421026,108,39163,22,8308,130,47471,19802,17522.86,9761067,9713596,0
"2021-07-09",8373,4879024,10835,4432737,1278,422304,90,39253,18,8326,108,47579,20594,17203.71,9781661,9734082,0
"2021-07-10",7103,4886127,8635,4441372,1132,423436,62,39315,20,8346,82,47661,16952,17230.86,9798613,9750952,0
"2021-07-11",4105,4890232,4540,4445912,702,424138,35,39350,6,8352,41,47702,9388,18114.57,9808001,9760299,0
"2021-07-12",8446,4898678,9563,4455475,1252,425390,82,39432,23,8375,105,47807,19366,18753.14,9827367,9779560,0
"2021-07-13",9463,4908141,9394,4464869,952,426342,105,39537,34,8409,139,47946,19948,18198.29,9847315,9799369,0
"2021-07-14",9000,4917141,9533,4474402,1011,427353,105,39642,21,8430,126,48072,19670,17960,9866985,9818913,0
"2021-07-15",8793,4925934,9156,4483558,1054,428407,80,39722,19,8449,99,48171,19102,17860,9886087,9837916,0
"2021-07-16",9247,4935181,9762,4493320,981,429388,102,39824,29,8478,131,48302,20121,17792.43,9906208,9857906,0
"2021-07-17",6840,4942021,7386,4500706,803,430191,80,39904,20,8498,100,48402,15129,17532,9921337,9872935,0
"2021-07-18",4255,4946276,4285,4504991,576,430767,35,39939,13,8511,48,48450,9164,17500,9930501,9882051,0
"2021-07-19",9119,4955395,8480,4513471,999,431766,91,40030,22,8533,113,48563,18711,17406.43,9949212,9900649,0
"2021-07-20",10646,4966041,8759,4522230,991,432757,95,40125,25,8558,120,48683,20516,17487.57,9969728,9921045,0
"2021-07-21",10060,4976101,8767,4530997,904,433661,146,40271,33,8591,179,48862,19910,17521.86,9989638,9940776,0
"2021-07-22",10689,4986790,8587,4539584,1046,434707,144,40415,26,8617,170,49032,20492,17720.43,10010130,9961098,0
"2021-07-23",11252,4998042,8881,4548465,1114,435821,139,40554,23,8640,162,49194,21409,17904.43,10031539,9982345,0
"2021-07-24",7400,5005442,6741,4555206,670,436491,82,40636,24,8664,106,49300,14917,17874.14,10046456,9997156,0
"2021-07-25",5475,5010917,2126,4557332,509,437000,59,40695,4,8668,63,49363,8173,17732.57,10054629,10005266,0
"2021-07-26",10870,5021787,7006,4564338,859,437859,109,40804,20,8688,129,49492,18864,17754.43,10073493,10024001,0
"2021-07-27",12069,5033856,8569,4572907,857,438716,134,40938,39,8727,173,49665,21668,17919,10095161,10045496,0
"2021-07-28",12016,5045872,8053,4580960,950,439666,132,41070,27,8754,159,49824,21178,18100.14,10116339,10066515,0
"2021-07-29",10932,5056804,7433,4588393,984,440650,134,41204,39,8793,173,49997,19522,17961.57,10135861,10085864,0
"2021-07-30",14954,5071758,8015,4596408,1151,441801,182,41386,31,8824,213,50210,24333,18379.29,10160194,10109984,0
"2021-07-31",9723,5081481,6317,4602725,815,442616,121,41507,20,8844,141,50351,16996,18676.29,10177190,10126839,0
"2021-08-01",6500,5087981,3312,4606037,564,443180,81,41588,20,8864,101,50452,10477,19005.43,10187667,10137215,0
"2021-08-02",13450,5101431,7155,4613192,846,444026,146,41734,18,8882,164,50616,21615,19398.43,10209282,10158666,0
"2021-08-03",15412,5116843,8389,4621581,1109,445135,143,41877,38,8920,181,50797,25091,19887.43,10234373,10183576,0
"2021-08-04",17263,5134106,8131,4629712,1454,446589,181,42058,34,8954,215,51012,27063,20728.14,10261436,10210424,0
"2021-08-05",17886,5151992,7929,4637641,1370,447959,160,42218,21,8975,181,51193,27366,21848.71,10288802,10237609,0
"2021-08-06",18179,5170171,8414,4646055,1232,449191,167,42385,32,9007,199,51392,28024,22376,10316826,10265434,0
"2021-08-07",13387,5183558,6014,4652069,799,449990,99,42484,28,9035,127,51519,20327,22851.86,10337153,10285634,0
"2021-08-08",9310,5192868,3835,4655904,400,450390,82,42566,10,9045,92,51611,13637,23303.29,10350790,10299179,0
"2021-08-09",21346,5214214,8525,4664429,965,451355,169,42735,34,9079,203,51814,31039,24649.57,10381829,10330015,0
"2021-08-10",18946,5233160,9331,4673760,946,452301,180,42915,33,9112,213,52027,29436,25270.29,10411265,10359238,0
"2021-08-11",15646,5248806,8312,4682072,853,453154,128,43043,45,9157,173,52200,24984,24973.29,10436249,10384049,0
"2021-08-12",15060,5263866,8987,4691059,942,454096,174,43217,34,9191,208,52408,25197,24663.43,10461446,10409038,0
"2021-08-13",14923,5278789,9292,4700351,919,455015,243,43460,37,9228,280,52688,25415,24290.71,10486861,10434173,0
"2021-08-14",10398,5289187,6410,4706761,625,455640,532,43992,40,9268,572,53260,18005,23959,10504866,10451606,0
"2021-08-15",6693,5295880,4479,4711240,676,456316,567,44559,33,9301,600,53860,12448,23789.14,10517314,10463454,0
"2021-08-16",15716,5311596,9302,4720542,1150,457466,1322,45881,65,9366,1387,55247,27555,23291.43,10544869,10489622,0
"2021-08-17",17770,5329366,10457,4730999,1229,458695,1771,47652,84,9450,1855,57102,31311,23559.29,10576180,10519078,0
"2021-08-18",17495,5346861,10375,4741374,1260,459955,1989,49641,95,9545,2084,59186,31214,24449.29,10607394,10548208,0
"2021-08-19",16293,5363154,9525,4750899,1315,461270,1958,51599,66,9611,2024,61210,29157,25015,10636551,10575341,0
"2021-08-20",16281,5379435,11538,4762437,1254,462524,1860,53459,85,9696,1945,63155,31018,25815.43,10667569,10604414,0
"2021-08-21",11148,5390583,8037,4770474,878,463402,1061,54520,56,9752,1117,64272,21180,26269,10688749,10624477,0
"2021-08-22",4078,5394661,3903,4774377,261,463663,516,55036,34,9786,550,64822,8792,25746.71,10697541,10632719,0
"2021-08-23",15583,5410244,11806,4786183,1023,464686,1548,56584,75,9861,1623,66445,30036,26101.14,10727577,10661132,0
"2021-08-24",16912,5427156,12600,4798783,1006,465692,1774,58358,77,9938,1851,68296,32369,26252.29,10759946,10691650,0
"2021-08-25",14575,5441731,12449,4811232,1111,466803,1566,59924,78,10016,1644,69940,29779,26047.29,10789725,10719785,0
"2021-08-26",16154,5457885,14096,4825328,1071,467874,1773,61697,68,10084,1841,71781,33162,26619.43,10822887,10751106,0
"2021-08-27",14878,5472763,14825,4840153,971,468845,1672,63369,74,10158,1746,73527,32420,26819.71,10855307,10781780,0
"2021-08-28",10681,5483444,11524,4851677,835,469680,1014,64383,45,10203,1059,74586,24099,27236.71,10879406,10804820,0
"2021-08-29",7217,5490661,7494,4859171,541,470221,779,65162,58,10261,837,75423,16089,28279.14,10895495,10820072,0
"2021-08-30",15523,5506184,16927,4876098,1076,471297,1791,66953,86,10347,1877,77300,35403,29045.86,10930898,10853598,0
"2021-08-31",15511,5521695,15958,4892056,952,472249,1973,68926,88,10435,2061,79361,34482,29347.71,10965380,10886019,0
"2021-09-01",14829,5536524,14106,4906162,1020,473269,1809,70735,61,10496,1870,81231,31825,29640,10997205,10915974,0
"2021-09-02",14321,5550845,12525,4918687,896,474165,1708,72443,62,10558,1770,83001,29512,29118.57,11026717,10943716,0
"2021-09-03",15010,5565855,14311,4932998,974,475139,1895,74338,69,10627,1964,84965,32259,29095.57,11058976,10974011,0
"2021-09-04",9646,5575501,9405,4942403,688,475827,976,75314,33,10660,1009,85974,20748,28616.86,11079724,10993750,0
"2021-09-05",6801,5582302,5515,4947918,438,476265,712,76026,16,10676,728,86702,13482,28244.43,11093206,11006504,0
"2021-09-06",5196,5587498,4512,4952430,358,476623,271,76297,11,10687,282,86984,10348,24665.14,11103554,11016570,0
"2021-09-07",15572,5603070,17700,4970130,912,477535,1557,77854,89,10776,1646,88630,35830,24857.71,11139384,11050754,0
"2021-09-08",16159,5619229,14826,4984956,1072,478607,1772,79626,83,10859,1855,90485,33912,25155.86,11173296,11082811,0
"2021-09-09",16108,5635337,14750,4999706,1047,479654,1916,81542,74,10933,1990,92475,33895,25782,11207191,11114716,0
"2021-09-10",18366,5653703,15395,5015101,1208,480862,1975,83517,81,11014,2056,94531,37025,26462.86,11244216,11149685,0
"2021-09-11",12636,5666339,10349,5025450,958,481820,1028,84545,48,11062,1076,95607,25019,27073,11269235,11173628,0
"2021-09-12",8538,5674877,5051,5030501,766,482586,691,85236,30,11092,721,96328,15076,27300.71,11284311,11187983,0
"2021-09-13",16930,5691807,12963,5043464,976,483562,1655,86891,53,11145,1708,98036,32577,30476.29,11316888,11218852,0
"2021-09-14",16265,5708072,13675,5057139,886,484448,1597,88488,56,11201,1653,99689,32479,29997.57,11349367,11249678,0
"2021-09-15",15531,5723603,12889,5070028,727,485175,1569,90057,80,11281,1649,101338,30796,29552.43,11380163,11278825,0
"2021-09-16",15338,5738941,13912,5083940,1209,486384,1460,91517,66,11347,1526,102864,31985,29279.57,11412148,11309284,0
"2021-09-17",14434,5753375,13961,5097901,922,487306,1833,93350,58,11405,1891,104755,31208,28448.57,11443356,11338601,0
"2021-09-18",9996,5763371,10185,5108086,913,488219,1047,94397,41,11446,1088,105843,22182,28043.29,11465538,11359695,0
"2021-09-19",6177,5769548,6073,5114159,558,488777,747,95144,29,11475,776,106619,13584,27830.14,11479122,11372503,0
"2021-09-20",12673,5782221,12633,5126792,1068,489845,1924,97068,58,11533,1982,108601,28356,27227.14,11507478,11398877,0
"2021-09-21",12230,5794451,12769,5139561,1109,490954,2029,99097,77,11610,2106,110707,28214,26617.86,11535692,11424985,0
"2021-09-22",12822,5807273,12005,5151566,1090,492044,1685,100782,68,11678,1753,112460,27670,26171.29,11563362,11450902,0
"2021-09-23",14935,5822208,12762,5164328,1639,493683,2268,103050,73,11751,2341,114801,31677,26127.29,11595039,11480238,0
"2021-09-24",16445,5838653,13367,5177695,1636,495319,4629,107679,114,11865,4743,119544,36191,26839.14,11631230,11511686,0
"2021-09-25",10539,5849192,9024,5186719,1018,496337,3464,111143,74,11939,3538,123082,24119,27115.86,11655349,11532267,0
"2021-09-26",6299,5855491,5762,5192481,773,497110,2423,113566,60,11999,2483,125565,15317,27363.43,11670666,11545101,0
"2021-09-27",14160,5869651,8057,5200538,1155,498265,9067,122633,158,12157,9225,134790,32598,27969.43,11703264,11568474,0
"2021-09-28",11136,5880787,11782,5212320,902,499167,9919,132552,177,12334,10096,144886,33916,28784,11737180,11592294,0
"2021-09-29",11605,5892392,12193,5224513,1205,500372,9452,142004,165,12499,9617,154503,34621,29777,11771801,11617298,0
"2021-09-30",12237,5904629,12605,5237118,1338,501710,9749,151753,175,12674,9924,164427,36104,30409.43,11807905,11643478,0
"2021-10-01",12636,5917265,13433,5250551,1284,502994,10272,162025,148,12822,10420,174847,37773,30635.43,11845678,11670831,0
"2021-10-02",7729,5924994,9977,5260528,865,503859,4244,166269,75,12897,4319,179166,22890,30459.86,11868568,11689402,0
"2021-10-03",5071,5930065,6158,5266686,593,504452,2614,168883,57,12954,2671,181837,14493,30342.14,11883061,11701224,0
"2021-10-04",9907,5939972,11021,5277707,913,505365,9530,178413,141,13095,9671,191508,31512,30187,11914573,11723065,0
"2021-10-05",10152,5950124,11739,5289446,972,506337,9943,188356,177,13272,10120,201628,32983,30053.71,11947556,11745928,0
"2021-10-06",9897,5960021,11052,5300498,936,507273,9934,198290,157,13429,10091,211719,31976,29675.86,11979532,11767813,0
"2021-10-07",9614,5969635,12154,5312652,850,508123,10181,208471,170,13599,10351,222070,32969,29228,12012501,11790431,0
"2021-10-08",9449,5979084,12176,5324828,941,509064,10914,219385,163,13762,11077,233147,33643,28638,12046144,11812997,0
"2021-10-09",6243,5985327,8237,5333065,643,509707,4119,223504,87,13849,4206,237353,19329,28129.29,12065473,11828120,0
"2021-10-10",3540,5988867,5028,5338093,458,510165,2435,225939,44,13893,2479,239832,11505,27702.43,12076978,11837146,0
"2021-10-11",7617,5996484,9335,5347428,728,510893,8889,234828,162,14055,9051,248883,26731,27019.43,12103709,11854826,0
"2021-10-12",8070,6004554,10995,5358423,891,511784,10522,245350,180,14235,10702,259585,30658,26687.29,12134367,11874782,0
"2021-10-13",7148,6011702,10149,5368572,869,512653,8801,254151,177,14412,8978,268563,27144,25997,12161511,11892948,0
"2021-10-14",7435,6019137,11114,5379686,836,513489,10123,264274,161,14573,10284,278847,29669,25525.57,12191180,11912333,0
"2021-10-15",7719,6026856,11855,5391541,823,514312,10827,275101,169,14742,10996,289843,31393,25204.14,12222573,11932730,0
"2021-10-16",4862,6031718,7467,5399008,666,514978,3846,278947,66,14808,3912,293755,16907,24858.14,12239480,11945725,0
"2021-10-17",3055,6034773,4474,5403482,411,515389,2452,281399,43,14851,2495,296250,10435,24705.29,12249915,11953665,0
"2021-10-18",7048,6041821,10668,5414150,796,516185,9482,290881,177,15028,9659,305909,28171,24911,12278086,11972177,0
"2021-10-19",6571,6048392,8945,5423095,804,516989,9095,299976,170,15198,9265,315174,25585,24186.29,12303671,11988497,0
"2021-10-20",6530,6054922,9372,5432467,975,517964,9998,309974,174,15372,10172,325346,27049,24172.71,12330720,12005374,0
"2021-10-21",7022,6061944,9386,5441853,858,518822,10849,320823,150,15522,10999,336345,28265,23972.14,12358985,12022640,0
"2021-10-22",8114,6070058,10346,5452199,1026,519848,16357,337180,210,15732,16567,352912,36053,24637.86,12395038,12042126,0
"2021-10-23",5164,6075222,6459,5458658,690,520538,9125,346305,116,15848,9241,362153,21554,25301.71,12416592,12054439,0
"2021-10-24",3269,6078491,3970,5462628,769,521307,6161,352466,76,15924,6237,368390,14245,25846,12430837,12062447,0
"2021-10-25",8755,6087246,8743,5471371,1150,522457,19255,371721,294,16218,19549,387939,38197,27278.29,12469034,12081095,0
"2021-10-26",8194,6095440,7724,5479095,1258,523715,17292,389013,263,16481,17555,405494,34731,28584.86,12503765,12098271,0
"2021-10-27",10549,6105989,8393,5487488,1605,525320,20866,409879,317,16798,21183,426677,41730,30682.14,12545495,12118818,0
"2021-10-28",11320,6117309,8036,5495524,1793,527113,20851,430730,317,17115,21168,447845,42317,32689.57,12587812,12139967,0
"2021-10-29",11845,6129154,8239,5503763,1958,529071,22545,453275,325,17440,22870,470715,44913,33955.29,12632725,12162010,0
"2021-10-30",4630,6133784,5064,5508827,930,530001,11173,464448,162,17602,11335,482050,21959,34013.14,12654684,12172634,0
"2021-10-31",2662,6136446,2701,5511528,544,530545,6637,471085,100,17702,6737,488787,12644,33784.43,12667328,12178541,0
"2021-11-01",7130,6143576,6953,5518481,1089,531634,20391,491476,322,18024,20713,509500,35885,33454.14,12703213,12193713,0
"2021-11-02",6574,6150150,6589,5525070,1054,532688,20792,512268,267,18291,21059,530559,35276,33532,12738489,12207930,0
"2021-11-03",6846,6156996,6682,5531752,1026,533714,20636,532904,304,18595,20940,551499,35496,32641.43,12773985,12222486,0
"2021-11-04",9307,6166303,6278,5538030,996,534710,22372,555276,345,18940,22717,574216,39298,32210.14,12813283,12239067,0
"2021-11-05",11045,6177348,6722,5544752,1051,535761,23768,579044,350,19290,24118,598334,42936,31927.71,12856219,12257885,0
"2021-11-06",11128,6188476,4051,5548803,594,536355,12601,591645,167,19457,12768,611102,28541,32868,12884760,12273658,0
"2021-11-07",7251,6195727,2287,5551090,577,536932,7110,598755,95,19552,7205,618307,17320,33536,12902080,12283773,0
"2021-11-08",15049,6210776,5678,5556768,864,537796,19522,618277,273,19825,19795,638102,41386,34321.86,12943466,12305364,0
"2021-11-09",16142,6226918,5389,5562157,660,538456,20519,638796,269,20094,20788,658890,42979,35422.29,12986445,12327555,0
"2021-11-10",16925,6243843,5321,5567478,683,539139,22660,661456,286,20380,22946,681836,45875,36905,13032320,12350484,0
"2021-11-11",12559,6256402,5184,5572662,759,539898,22096,683552,284,20664,22380,704216,40882,37131.29,13073202,12368986,0
"2021-11-12",16877,6273279,5686,5578348,705,540603,23421,706973,352,21016,23773,727989,47041,37717.71,13120243,12392254,0
"2021-11-13",9933,6283212,3663,5582011,463,541066,13336,720309,179,21195,13515,741504,27574,37579.57,13147817,12406313,0
"2021-11-14",6007,6289219,2290,5584301,325,541391,7939,728248,76,21271,8015,749519,16637,37482,13164454,12414935,0
"2021-11-15",13209,6302428,5972,5590273,690,542081,25121,753369,355,21626,25476,774995,45347,38047.86,13209801,12434806,0
"2021-11-16",9959,6312387,5780,5596053,654,542735,30679,784048,417,22043,31096,806091,47490,38692.29,13257291,12451200,0
"2021-11-17",10296,6322683,6672,5602725,681,543416,31432,815480,407,22450,31839,837930,49488,39208.43,13306779,12468849,0
"2021-11-18",10720,6333403,6535,5609260,857,544273,33024,848504,451,22901,33475,871405,51587,40737.71,13358366,12486961,0
"2021-11-19",12005,6345408,6546,5615806,715,544988,36261,884765,448,23349,36709,908114,55975,42014,13414341,12506227,0
"2021-11-20",9324,6354732,3417,5619223,513,545501,22519,907284,254,23603,22773,930887,36027,43221.57,13450368,12519481,0
"2021-11-21",4940,6359672,1888,5621111,288,545789,13208,920492,149,23752,13357,944244,20473,43769.57,13470841,12526597,0
"2021-11-22",10418,6370090,5786,5626897,750,546539,35951,956443,432,24184,36383,980627,53338,44911.14,13524179,12543552,0
"2021-11-23",9776,6379866,4784,5631681,636,547175,33538,989981,367,24551,33905,1014532,49102,45141.43,13573281,12558749,0
"2021-11-24",8697,6388563,4750,5636431,650,547825,25934,1015915,278,24829,26212,1040744,40309,43830.14,13613590,12572846,0
"2021-11-25",448,6389011,326,5636757,80,547905,1003,1016918,9,24838,1012,1041756,1866,36727.14,13615456,12573700,0
"2021-11-26",8056,6397067,6988,5643745,528,548433,26597,1043515,292,25130,26889,1068645,42461,34796.57,13657917,12589272,0
"2021-11-27",6674,6403741,6833,5650578,371,548804,18854,1062369,218,25348,19072,1087717,32951,34357.14,13690868,12603151,0
"2021-11-28",4069,6407810,5791,5656369,282,549086,11901,1074270,117,25465,12018,1099735,22160,34598.14,13713028,12613293,0
"2021-11-29",9095,6416905,11001,5667370,687,549773,35090,1109360,428,25893,35518,1135253,56301,35021.43,13769329,12634076,0
"2021-11-30",10486,6427391,11442,5678812,513,550286,37807,1147167,488,26381,38295,1173548,60736,36683.43,13830065,12656517,0
"2021-12-01",11179,6438570,10983,5689795,725,551011,40369,1187536,434,26815,40803,1214351,63691,40023.71,13893756,12679405,0
"2021-12-02",11645,6450215,11038,5700833,626,551637,42182,1229718,446,27261,42628,1256979,65937,49176.71,13959693,12702714,0
"2021-12-03",13462,6463677,12892,5713725,674,552311,47969,1277687,511,27772,48480,1305459,75508,53897.71,14035201,12729742,0
"2021-12-04",9847,6473524,11289,5725014,567,552878,30692,1308379,300,28072,30992,1336451,52695,56718.29,14087896,12751445,0
"2021-12-05",5752,6479276,5704,5730718,270,553148,16666,1325045,127,28199,16793,1353244,28519,57626.71,14116415,12763171,0
"2021-12-06",12317,6491593,9964,5740682,600,553748,43270,1368315,439,28638,43709,1396953,66590,59096.57,14183005,12786052,0
"2021-12-07",12573,6504166,9256,5749938,624,554372,43069,1411384,492,29130,43561,1440514,66014,59850.57,14249019,12808505,0
"2021-12-08",13516,6517682,8775,5758713,555,554927,40819,1452203,463,29593,41282,1481796,64128,59913,14313147,12831351,0
"2021-12-09",13474,6531156,8752,5767465,555,555482,40846,1493049,486,30079,41332,1523128,64113,59652.43,14377260,12854132,0
"2021-12-10",14028,6545184,10146,5777611,670,556152,43688,1536737,486,30565,44174,1567302,69018,58725.29,14446278,12878976,0
"2021-12-11",10273,6555457,8129,5785740,405,556557,26710,1563447,273,30838,26983,1594285,45791,57739,14492069,12897784,0
"2021-12-12",6012,6561469,3856,5789596,288,556845,15176,1578623,131,30969,15307,1609592,25463,57302.43,14517532,12907940,0
"2021-12-13",12211,6573680,7434,5797030,657,557502,37898,1616521,390,31359,38288,1647880,58590,56159.57,14576122,12928242,0
"2021-12-14",12224,6585904,6960,5803990,730,558232,38174,1654695,426,31785,38600,1686480,58514,55088.14,14634636,12948156,0
"2021-12-15",12085,6597989,6246,5810236,755,558987,38167,1692862,479,32264,38646,1725126,57733,54174.57,14692369,12967243,0
"2021-12-16",13167,6611156,4271,5814507,742,559729,41136,1733998,442,32706,41578,1766704,59758,53552.43,14752127,12985423,0
"2021-12-17",15933,6627089,6932,5821439,619,560348,46821,1780819,470,33176,47291,1813995,70775,53803.43,14822902,13008907,0
"2021-12-18",13013,6640102,5721,5827160,432,560780,30634,1811453,265,33441,30899,1844894,50065,54414,14872967,13028073,0
"2021-12-19",7012,6647114,2992,5830152,326,561106,18016,1829469,171,33612,18187,1863081,28517,54850.29,14901484,13038403,0
"2021-12-20",16849,6663963,5864,5836016,746,561852,47487,1876956,562,34174,48049,1911130,71508,56695.71,14972992,13061862,0
"2021-12-21",17955,6681918,6572,5842588,806,562658,48934,1925890,577,34751,49511,1960641,74844,59028.57,15047836,13087195,0
"2021-12-22",18536,6700454,6561,5849149,938,563596,49748,1975638,528,35279,50276,2010917,76311,61682.57,15124147,13113230,0
"2021-12-23",19032,6719486,6490,5855639,930,564526,45881,2021519,521,35800,46402,2057319,72854,63553.43,15197001,13139682,0
"2021-12-24",9232,6728718,2954,5858593,598,565124,20606,2042125,210,36010,20816,2078135,33600,58242.71,15230601,13152466,0
"2021-12-25",344,6729062,63,5858656,31,565155,427,2042552,8,36018,435,2078570,873,51215.29,15231474,13152904,0
"2021-12-26",7959,6737021,3926,5862582,340,565495,17290,2059842,172,36190,17462,2096032,29687,51382.43,15261161,13165129,0
"2021-12-27",21778,6758799,9202,5871784,934,566429,43459,2103301,547,36737,44006,2140038,75920,52012.71,15337081,13197043,0
"2021-12-28",20157,6778956,8332,5880116,702,567131,47589,2150890,604,37341,48193,2188231,77384,52375.57,15414465,13226234,0
"2021-12-29",18494,6797450,7672,5887788,607,567738,45592,2196482,474,37815,46066,2234297,72839,51879.57,15487304,13253007,0
"2021-12-30",16884,6814334,7424,5895212,588,568326,44857,2241339,578,38393,45435,2279732,70331,51519.14,15557635,13277903,0
"2021-12-31",5356,6819690,2807,5898019,193,568519,14771,2256110,181,38574,14952,2294684,23308,50048.86,15580943,13286259,0
"2022-01-01",243,6819933,147,5898166,12,568531,501,2256611,21,38595,522,2295206,924,50056.14,15581867,13286661,0
"2022-01-02",6427,6826360,5022,5903188,153,568684,10984,2267595,110,38705,11094,2306300,22696,49057.43,15604563,13298263,0
"2022-01-03",14124,6840484,8502,5911690,514,569198,26955,2294550,340,39045,27295,2333595,50435,45416.71,15654998,13321403,0
"2022-01-04",12816,6853300,8122,5919812,415,569613,27233,2321783,362,39407,27595,2361190,48948,41354.43,15703946,13342756,0
"2022-01-05",11338,6864638,7013,5926825,382,569995,25981,2347764,306,39713,26287,2387477,45020,37380.29,15748966,13361489,0
"2022-01-06",11385,6876023,7389,5934214,483,570478,27611,2375375,331,40044,27942,2415419,47199,34075.71,15796165,13380746,0
"2022-01-07",10243,6886266,8441,5942655,339,570817,25138,2400513,319,40363,25457,2440876,44481,37100.43,15840646,13399770,0
"2022-01-08",7833,6894099,8564,5951219,310,571127,19487,2420000,178,40541,19665,2460541,36373,42164.57,15877019,13416478,0
"2022-01-09",4125,6898224,3843,5955062,214,571341,10070,2430070,92,40633,10162,2470703,18344,41542.86,15895363,13424660,0
"2022-01-10",10169,6908393,8192,5963254,490,571831,24619,2454689,298,40931,24917,2495620,43768,40590.43,15939131,13443511,0
"2022-01-11",8885,6917278,7988,5971242,521,572352,21028,2475717,285,41216,21313,2516933,38709,39127.71,15977840,13460907,0
"2022-01-12",8931,6926209,8330,5979572,427,572779,22351,2498068,286,41502,22637,2539570,40325,38457,16018165,13478595,0
"2022-01-13",9041,6935250,8866,5988438,452,573231,22892,2520960,316,41818,23208,2562778,41568,37652.57,16059733,13496955,0
"2022-01-14",10095,6945345,8119,5996557,476,573707,26436,2547396,327,42145,26763,2589541,45453,37791.43,16105186,13515645,0
"2022-01-15",6205,6951550,4309,6000866,178,573885,15146,2562542,176,42321,15322,2604863,26014,36311.57,16131200,13526337,0
"2022-01-16",2915,6954465,3249,6004115,95,573980,7826,2570368,83,42404,7909,2612772,14168,35715,16145368,13532596,0
"2022-01-17",6068,6960533,6755,6010870,363,574343,14686,2585054,217,42621,14903,2627675,28089,33475.14,16173457,13545782,0
"2022-01-18",8151,6968684,10321,6021191,396,574739,19675,2604729,315,42936,19990,2647665,38858,33496.43,16212315,13564650,0
"2022-01-19",7451,6976135,9247,6030438,304,575043,17730,2622459,269,43205,17999,2665664,35002,32736,16247317,13581653,0
"2022-01-20",6272,6982407,8560,6038998,305,575348,15259,2637718,244,43449,15503,2681167,30640,31174.86,16277957,13596790,0
"2022-01-21",7561,6989968,7507,6046505,276,575624,18519,2656237,281,43730,18800,2699967,34144,29559.29,16312101,13612134,0
"2022-01-22",5185,6995153,4935,6051440,131,575755,11327,2667564,126,43856,11453,2711420,21704,28943.57,16333805,13622385,0
"2022-01-23",2809,6997962,3327,6054767,97,575852,6232,2673796,76,43932,6308,2717728,12541,28711.14,16346346,13628618,0
"2022-01-24",6357,7004319,8205,6062972,262,576114,15083,2688879,238,44170,15321,2733049,30145,29004.86,16376491,13643442,0
"2022-01-25",6182,7010501,7937,6070909,232,576346,14695,2703574,260,44430,14955,2748004,29306,27640.29,16405797,13657793,0
"2022-01-26",5745,7016246,7175,6078084,289,576635,14021,2717595,211,44641,14232,2762236,27441,26560.14,16433238,13671002,0
"2022-01-27",5248,7021494,7091,6085175,321,576956,14091,2731686,229,44870,14320,2776556,26980,26037.29,16460218,13683662,0
"2022-01-28",6250,7027744,7877,6093052,203,577159,16134,2747820,237,45107,16371,2792927,30701,25545.43,16490919,13697992,0
"2022-01-29",840,7028584,728,6093780,28,577187,2539,2750359,39,45146,2578,2795505,4174,23041.14,16495093,13699588,0
"2022-01-30",2094,7030678,3022,6096802,103,577290,4538,2754897,63,45209,4601,2800106,9820,22652.43,16504913,13704807,0
"2022-01-31",5000,7035678,6593,6103395,220,577510,11397,2766294,197,45406,11594,2811700,23407,21689.86,16528320,13716620,0
"2022-02-01",4825,7040503,6441,6109836,219,577729,10722,2777016,217,45623,10939,2822639,22424,20706.71,16550744,13728105,0
"2022-02-02",4254,7044757,5933,6115769,213,577942,11237,2788253,243,45866,11480,2834119,21880,19912.29,16572624,13738505,0
"2022-02-03",4224,7048981,5814,6121583,216,578158,11222,2799475,199,46065,11421,2845540,21675,19154.43,16594299,13748759,0
"2022-02-04",4759,7053740,7115,6128698,214,578372,13222,2812697,239,46304,13461,2859001,25549,18418.43,16619848,13760847,0
"2022-02-05",3574,7057314,6051,6134749,110,578482,8581,2821278,151,46455,8732,2867733,18467,20460.29,16638315,13770582,0
"2022-02-06",2061,7059375,2139,6136888,121,578603,4637,2825915,102,46557,4739,2872472,9061,20351.86,16647376,13774904,0
"2022-02-07",4148,7063523,4734,6141622,205,578808,10137,2836052,232,46789,10369,2882841,19456,19787.43,16666832,13783991,0
"2022-02-08",4215,7067738,5609,6147231,214,579022,11330,2847382,304,47093,11634,2894475,21672,19680,16688504,13794029,0
"2022-02-09",4131,7071869,5402,6152633,223,579245,11666,2859048,254,47347,11920,2906395,21676,19650.86,16710180,13803785,0
"2022-02-10",3990,7075859,5124,6157757,245,579490,12203,2871251,284,47631,12487,2918882,21846,19675.29,16732026,13813144,0
"2022-02-11",4509,7080368,5808,6163565,195,579685,13737,2884988,320,47951,14057,2932939,24569,19535.29,16756595,13823656,0
"2022-02-12",3257,7083625,4341,6167906,97,579782,8811,2893799,213,48164,9024,2941963,16719,19285.57,16773314,13831351,0
"2022-02-13",1520,7085145,1544,6169450,41,579823,4880,2898679,111,48275,4991,2946954,8096,19147.71,16781410,13834456,0
"2022-02-14",2980,7088125,3624,6173074,167,579990,10573,2909252,324,48599,10897,2957851,17668,18892.29,16799078,13841227,0
"2022-02-15",3549,7091674,4076,6177150,175,580165,12787,2922039,281,48880,13068,2970919,20868,18777.43,16819946,13849027,0
"2022-02-16",3647,7095321,3908,6181058,200,580365,15730,2937769,297,49177,16027,2986946,23782,19078.29,16843728,13856782,0
"2022-02-17",4031,7099352,4080,6185138,162,580527,18281,2956050,357,49534,18638,3005584,26911,19801.86,16870639,13865055,0
"2022-02-18",4465,7103817,4787,6189925,189,580716,21536,2977586,454,49988,21990,3027574,31431,20782.14,16902070,13874496,0
"2022-02-19",3251,7107068,2182,6192107,65,580781,11183,2988769,215,50203,11398,3038972,16896,20807.43,16918966,13879994,0
"2022-02-20",1854,7108922,1443,6193550,59,580840,6589,2995358,112,50315,6701,3045673,10057,21087.57,16929023,13883350,0
"2022-02-21",3083,7112005,2696,6196246,95,580935,8352,3003710,229,50544,8581,3054254,14455,20628.57,16943478,13889224,0
"2022-02-22",4377,7116382,4251,6200497,175,581110,10838,3014548,251,50795,11089,3065343,19892,20489.14,16963370,13898027,0
"2022-02-23",4259,7120641,3788,6204285,145,581255,10672,3025220,240,51035,10912,3076255,19104,19820.86,16982474,13906219,0
"2022-02-24",3793,7124434,3657,6207942,108,581363,10194,3035414,227,51262,10421,3086676,17979,18544.86,17000453,13913777,0
"2022-02-25",3612,7128046,3629,6211571,135,581498,9984,3045398,236,51498,10220,3096896,17596,16568.43,17018049,13921153,0
"2022-02-26",2834,7130880,2580,6214151,74,581572,9515,3054913,152,51650,9667,3106563,15155,16319.71,17033204,13926641,0
"2022-02-27",1769,7132649,1374,6215525,52,581624,6268,3061181,101,51751,6369,3112932,9564,16249.29,17042768,13929836,0
"2022-02-28",3798,7136447,3135,6218660,141,581765,13135,3074316,248,51999,13383,3126315,20457,17106.71,17063225,13936910,0
"2022-03-01",2134,7138581,2629,6221289,103,581868,5179,3079495,185,52184,5364,3131679,10230,15726.43,17073455,13941776,0
"2022-03-02",1836,7140417,2444,6223733,107,581975,4132,3083627,208,52392,4340,3136019,8727,14244,17082182,13946163,0
"2022-03-03",1936,7142353,2556,6226289,106,582081,3798,3087425,170,52562,3968,3139987,8566,12899.29,17090748,13950761,0
"2022-03-04",2124,7144477,2873,6229162,66,582147,4328,3091753,208,52770,4536,3144523,9599,11756.86,17100347,13955824,0
"2022-03-05",1610,7146087,2123,6231285,43,582190,3319,3095072,117,52887,3436,3147959,7212,10622.14,17107559,13959600,0
"2022-03-06",797,7146884,879,6232164,30,582220,1624,3096696,55,52942,1679,3149638,3385,9739.43,17110944,13961306,0
"2022-03-07",1667,7148551,1787,6233951,86,582306,3499,3100195,161,53103,3660,3153298,7200,7845.57,17118144,13964846,0
"2022-03-08",1550,7150101,1895,6235846,79,582385,3125,3103320,149,53252,3274,3156572,6798,7355.29,17124942,13968370,0
"2022-03-09",1266,7151367,1679,6237525,79,582464,2588,3105908,130,53382,2718,3159290,5742,6928.86,17130684,13971394,0
"2022-03-10",1418,7152785,2101,6239626,85,582549,2962,3108870,162,53544,3124,3162414,6728,6666.29,17137412,13974998,0
"2022-03-11",1600,7154385,2273,6241899,81,582630,3212,3112082,190,53734,3402,3165816,7356,6345.86,17144768,13978952,0
"2022-03-12",877,7155262,1415,6243314,42,582672,2009,3114091,75,53809,2084,3167900,4418,5946.71,17149186,13981286,0
"2022-03-13",624,7155886,757,6244071,28,582700,1291,3115382,48,53857,1339,3169239,2748,5855.71,17151934,13982695,0
"2022-03-14",1373,7157259,1609,6245680,83,582783,2989,3118371,208,54065,3197,3172436,6262,5721.71,17158196,13985760,0
"2022-03-15",1358,7158617,1928,6247608,63,582846,3069,3121440,230,54295,3299,3175735,6648,5700.29,17164844,13989109,0
"2022-03-16",1396,7160013,2066,6249674,94,582940,3138,3124578,295,54590,3433,3179168,6989,5878.43,17171833,13992665,0
"2022-03-17",1192,7161205,1806,6251480,70,583010,2762,3127340,266,54856,3028,3182196,6096,5788.14,17177929,13995733,0
"2022-03-18",1593,7162798,2218,6253698,79,583089,3771,3131111,415,55271,4186,3186382,8076,5891,17186005,13999623,0
"2022-03-19",1111,7163909,1731,6255429,54,583143,2603,3133714,227,55498,2830,3189212,5726,6077.86,17191731,14002519,0
"2022-03-20",610,7164519,629,6256058,33,583176,1465,3135179,186,55684,1651,3190863,2923,6102.86,17194654,14003791,0
"2022-03-21",1418,7165937,1555,6257613,72,583248,3059,3138238,357,56041,3416,3194279,6461,6131.29,17201115,14006836,0
"2022-03-22",1345,7167282,1556,6259169,101,583349,2904,3141142,344,56385,3248,3197527,6250,6074.43,17207365,14009838,0
"2022-03-23",1260,7168542,1360,6260529,66,583415,2922,3144064,374,56759,3296,3200823,5982,5930.57,17213347,14012524,0
"2022-03-24",1213,7169755,1299,6261828,90,583505,2520,3146584,269,57028,2789,3203612,5391,5829.86,17218738,14015126,0
"2022-03-25",1385,7171140,1630,6263458,62,583567,3268,3149852,379,57407,3647,3207259,6724,5636.71,17225462,14018203,0
"2022-03-26",927,7172067,1161,6264619,36,583603,2308,3152160,250,57657,2558,3209817,4682,5487.57,17230144,14020327,0
"2022-03-27",574,7172641,528,6265147,29,583632,1312,3153472,204,57861,1516,3211333,2647,5448.14,17232791,14021458,0
"2022-03-28",1085,7173726,1164,6266311,69,583701,2439,3155911,364,58225,2803,3214136,5121,5256.71,17237912,14023776,0
"2022-03-29",1051,7174777,1104,6267415,85,583786,2513,3158424,880,59105,3393,3217529,5633,5168.57,17243545,14026016,0
"2022-03-30",1246,7176023,1142,6268557,98,583884,3063,3161487,3407,62512,6470,3223999,8956,5593.43,17252501,14028502,0
"2022-03-31",1285,7177308,1259,6269816,57,583941,3165,3164652,5509,68021,8674,3232673,11276,6434.14,17263777,14031104,0
"2022-04-01",1429,7178737,1495,6271311,76,584017,3249,3167901,6906,74927,10155,3242828,13155,7352.86,17276932,14034104,0
"2022-04-02",910,7179647,911,6272222,33,584050,2093,3169994,4531,79458,6624,3249452,8478,7895.14,17285410,14035958,0
"2022-04-03",556,7180203,497,6272719,28,584078,1224,3171218,3051,82509,4275,3253727,5356,8282.14,17290766,14037039,0
"2022-04-04",1351,7181554,1308,6274027,61,584139,2736,3173954,7698,90207,10434,3264161,13154,9429.71,17303920,14039759,0
"2022-04-05",1303,7182857,1161,6275188,66,584205,2849,3176803,7486,97693,10335,3274496,12865,10462.86,17316785,14042289,0
"2022-04-06",1343,7184200,1180,6276368,61,584266,2623,3179426,6958,104651,9581,3284077,12165,10921.29,17328950,14044873,0
"2022-04-07",1208,7185408,1066,6277434,57,584323,2376,3181802,6608,111259,8984,3293061,11315,10926.86,17340265,14047204,0
"2022-04-08",1483,7186891,1407,6278841,61,584384,3171,3184973,8780,120039,11951,3305012,14902,11176.43,17355167,14050155,0
"2022-04-09",914,7187805,925,6279766,29,584413,2080,3187053,4946,124985,7026,3312038,8894,11235.86,17364061,14052023,0
"2022-04-10",584,7188389,461,6280227,25,584438,1168,3188221,2897,127882,4065,3316103,5135,11204.29,17369196,14053093,0
"2022-04-11",1312,7189701,1239,6281466,59,584497,2667,3190888,7804,135686,10471,3326574,13081,11193.86,17382277,14055703,0
"2022-04-12",1222,7190923,1055,6282521,73,584570,2526,3193414,7418,143104,9944,3336518,12294,11112.29,17394571,14058053,0
"2022-04-13",1240,7192163,1079,6283600,59,584629,2518,3195932,7535,150639,10053,3346571,12431,11150.29,17407002,14060431,0
"2022-04-14",1274,7193437,1098,6284698,59,584688,2446,3198378,6572,157211,9018,3355589,11449,11169.43,17418451,14062862,0
"2022-04-15",1338,7194775,1101,6285799,53,584741,2571,3200949,6616,163827,9187,3364776,11679,10709,17430130,14065354,0
"2022-04-16",858,7195633,653,6286452,34,584775,1645,3202594,3682,167509,5327,3370103,6872,10420.14,17437002,14066899,0
"2022-04-17",346,7195979,202,6286654,27,584802,638,3203232,1156,168665,1794,3371897,2369,10025,17439371,14067474,0
"2022-04-18",1392,7197371,1117,6287771,82,584884,2586,3205818,6412,175077,8998,3380895,11589,9811.86,17450960,14070065,0
"2022-04-19",1423,7198794,938,6288709,72,584956,2578,3208396,5739,180816,8317,3389212,10750,9591.29,17461710,14072498,0
"2022-04-20",1316,7200110,1159,6289868,65,585021,2716,3211112,6626,187442,9342,3398554,11882,9512.86,17473592,14075038,0
"2022-04-21",1228,7201338,1062,6290930,53,585074,2331,3213443,5336,192778,7667,3406221,10010,9307.29,17483602,14077381,0
"2022-04-22",1214,7202552,1026,6291956,46,585120,2201,3215644,5641,198419,7842,3414063,10129,9085.86,17493731,14079668,0
"2022-04-23",716,7203268,749,6292705,59,585179,1427,3217071,3348,201767,4775,3418838,6299,9004,17500030,14081192,0
"2022-04-24",442,7203710,338,6293043,27,585206,811,3217882,1813,203580,2624,3421462,3431,9155.71,17503461,14081999,0
"2022-04-25",1035,7204745,916,6293959,64,585270,1851,3219733,5090,208670,6941,3428403,8956,8779.57,17512417,14084014,0
"2022-04-26",952,7205697,858,6294817,76,585346,1750,3221483,4691,213361,6441,3434844,8327,8433.43,17520744,14085900,0
"2022-04-27",1040,7206737,1026,6295843,80,585426,1929,3223412,5205,218566,7134,3441978,9280,8061.71,17530024,14088046,0
"2022-04-28",1092,7207829,988,6296831,50,585476,2004,3225416,4727,223293,6731,3448709,8861,7897.57,17538885,14090176,0
"2022-04-29",1191,7209020,1107,6297938,60,585536,2162,3227578,5392,228685,7554,3456263,9912,7866.57,17548797,14092534,0
"2022-04-30",727,7209747,745,6298683,50,585586,1391,3228969,2960,231645,4351,3460614,5873,7805.71,17554670,14094056,0
"2022-05-01",445,7210192,366,6299049,20,585606,767,3229736,1656,233301,2423,3463037,3254,7780.43,17557924,14094887,0
"2022-05-02",1058,7211250,793,6299842,52,585658,1675,3231411,3813,237114,5488,3468525,7391,7556.86,17565315,14096790,0
"2022-05-03",1122,7212372,864,6300706,61,585719,2000,3233411,4858,241972,6858,3475383,8905,7639.43,17574220,14098837,0
"2022-05-04",1019,7213391,882,6301588,48,585767,1920,3235331,4644,246616,6564,3481947,8513,7529.86,17582733,14100786,0
"2022-05-05",1074,7214465,955,6302543,87,585854,1929,3237260,4871,251487,6800,3488747,8916,7537.71,17591649,14102902,0
"2022-05-06",1095,7215560,961,6303504,51,585905,1867,3239127,4383,255870,6250,3494997,8357,7315.57,17600006,14105009,0
"2022-05-07",660,7216220,593,6304097,32,585937,1206,3240333,2424,258294,3630,3498627,4915,7178.71,17604921,14106294,0
"2022-05-08",416,7216636,246,6304343,17,585954,666,3240999,1380,259674,2046,3500673,2725,7103.14,17607646,14106973,0
"2022-05-09",1084,7217720,947,6305290,60,586014,1893,3242892,4420,264094,6313,3506986,8404,7247.86,17616050,14109064,0
"2022-05-10",1100,7218820,933,6306223,54,586068,1985,3244877,4711,268805,6696,3513682,8783,7230.43,17624833,14111151,0
"2022-05-11",1095,7219915,979,6307202,44,586112,1946,3246823,4827,273632,6773,3520455,8891,7284.43,17633724,14113269,0
"2022-05-12",1109,7221024,951,6308153,60,586172,2001,3248824,4656,278288,6657,3527112,8777,7264.57,17642501,14115389,0
"2022-05-13",1162,7222186,1043,6309196,44,586216,2063,3250887,4789,283077,6852,3533964,9101,7370.86,17651602,14117638,0
"2022-05-14",831,7223017,670,6309866,31,586247,1472,3252359,2944,286021,4416,3538380,5948,7518.43,17657550,14119170,0
"2022-05-15",512,7223529,357,6310223,22,586269,923,3253282,1646,287667,2569,3540949,3460,7623.43,17661010,14120061,0
"2022-05-16",1232,7224761,859,6311082,62,586331,1830,3255112,3856,291523,5686,3546635,7839,7542.71,17668849,14122214,0
"2022-05-17",1299,7226060,929,6312011,79,586410,2047,3257159,4876,296399,6923,3553558,9230,7606.57,17678079,14124521,0
"2022-05-18",1247,7227307,902,6312913,82,586492,2066,3259225,4926,301325,6992,3560550,9223,7654,17687302,14126752,0
"2022-05-19",1172,7228479,881,6313794,36,586528,2121,3261346,4717,306042,6838,3567388,8927,7675.43,17696229,14128841,0
"2022-05-20",1205,7229684,965,6314759,74,586602,2367,3263713,5193,311235,7560,3574948,9806,7776.14,17706035,14131087,0
"2022-05-21",839,7230523,650,6315409,23,586625,1724,3265437,3288,314523,5012,3579960,6525,7858.57,17712560,14132600,0
"2022-05-22",511,7231034,290,6315699,22,586647,1136,3266573,1838,316361,2974,3582934,3797,7906.71,17716357,14133423,0
"2022-05-23",1224,7232258,889,6316588,52,586699,2189,3268762,4697,321058,6886,3589820,9051,8079.86,17725408,14135588,0
"2022-05-24",1431,7233689,944,6317532,66,586765,2298,3271060,4465,325523,6763,3596583,9205,8076.29,17734613,14138030,0
"2022-05-25",1436,7235125,958,6318490,56,586821,2264,3273324,4244,329767,6508,3603091,8959,8038.57,17743572,14140481,0
"2022-05-26",1187,7236312,889,6319379,60,586881,2262,3275586,4133,333900,6395,3609486,8532,7982.14,17752104,14142618,0
"2022-05-27",1260,7237572,957,6320336,38,586919,2498,3278084,3898,337798,6396,3615882,8652,7817.29,17760756,14144874,0
"2022-05-28",721,7238293,515,6320851,19,586938,1780,3279864,2063,339861,3843,3619725,5098,7613.43,17765854,14146129,0
"2022-05-29",476,7238769,216,6321067,11,586949,760,3280624,1120,340981,1880,3621605,2583,7440,17768437,14146832,0
"2022-05-30",91,7238860,58,6321125,6,586955,138,3280762,145,341126,283,3621888,438,6209.57,17768875,14146987,0
"2022-05-31",1144,7240004,920,6322045,51,587006,1887,3282649,3055,344181,4942,3626830,7057,5902.71,17775932,14149102,0
"2022-06-01",1164,7241168,850,6322895,63,587069,1966,3284615,3411,347592,5377,3632207,7454,5687.71,17783386,14151179,0
"2022-06-02",1036,7242204,803,6323698,72,587141,1822,3286437,3161,350753,4983,3637190,6894,5453.71,17790280,14153090,0
"2022-06-03",1172,7243376,893,6324591,47,587188,2059,3288496,3482,354235,5541,3642731,7653,5311,17797933,14155202,0
"2022-06-04",728,7244104,581,6325172,26,587214,1552,3290048,1899,356134,3451,3646182,4788,5266.71,17802721,14156539,0
"2022-06-05",451,7244555,297,6325469,1,587215,880,3290928,978,357112,1858,3648040,2607,5270.14,17805328,14157288,0
"2022-06-06",1127,7245682,826,6326295,64,587279,1753,3292681,2730,359842,4483,3652523,6500,6136.14,17811828,14159305,0
"2022-06-07",1028,7246710,768,6327063,70,587349,1780,3294461,2561,362403,4341,3656864,6207,6014.71,17818035,14161171,0
"2022-06-08",1099,7247809,836,6327899,75,587424,1874,3296335,2737,365140,4611,3661475,6622,5895.86,17824657,14163182,0
"2022-06-09",1147,7248956,839,6328738,61,587485,2218,3298553,2683,367823,4901,3666376,6948,5903.57,17831605,14165229,0
"2022-06-10",1053,7250009,820,6329558,75,587560,1880,3300433,2816,370639,4696,3671072,6644,5759.43,17838249,14167177,0
"2022-06-11",681,7250690,507,6330065,25,587585,1323,3301756,1503,372142,2826,3673898,4039,5652.43,17842288,14168390,0
"2022-06-12",352,7251042,288,6330353,21,587606,879,3302635,770,372912,1649,3675547,2310,5610,17844598,14169051,0
"2022-06-13",1035,7252077,771,6331124,63,587669,1571,3304206,2179,375091,3750,3679297,5620,5484.29,17850218,14170921,0
"2022-06-14",966,7253043,832,6331956,64,587733,1678,3305884,2493,377584,4171,3683468,6033,5459.43,17856251,14172783,0
"2022-06-15",981,7254024,867,6332823,39,587772,1658,3307542,2409,379993,4067,3687535,5954,5364,17862205,14174670,0
"2022-06-16",960,7254984,780,6333603,59,587831,1825,3309367,2356,382349,4181,3691716,5980,5225.71,17868185,14176469,0
"2022-06-17",910,7255894,795,6334398,48,587879,1751,3311118,2397,384746,4148,3695864,5902,5119.71,17874087,14178223,0
"2022-06-18",664,7256558,523,6334921,26,587905,1276,3312394,1291,386037,2567,3698431,3780,5082.71,17877867,14179436,0
"2022-06-19",351,7256909,236,6335157,16,587921,727,3313121,603,386640,1330,3699761,1933,5028.86,17879800,14180039,0
"2022-06-20",837,7257746,490,6335647,41,587962,1569,3314690,1612,388252,3181,3702942,4549,4875.86,17884349,14181407,0
"2022-06-21",1139,7258885,740,6336387,50,588012,1693,3316383,2130,390382,3823,3706765,5753,4835.86,17890102,14183337,0
"2022-06-22",1971,7260856,829,6337216,46,588058,1694,3318077,1987,392369,3681,3710446,6527,4917.71,17896629,14186183,0
"2022-06-23",2124,7262980,762,6337978,65,588123,1695,3319772,2144,394513,3839,3714285,6791,5033.57,17903420,14189135,0
"2022-06-24",2185,7265165,757,6338735,48,588171,1623,3321395,2142,396655,3765,3718050,6755,5155.43,17910175,14192125,0
"2022-06-25",2139,7267304,495,6339230,15,588186,1233,3322628,1138,397793,2371,3720421,5024,5333.14,17915199,14194778,0
"2022-06-26",1213,7268517,250,6339480,14,588200,682,3323310,530,398323,1212,3721633,2689,5441.14,17917888,14196255,0
"2022-06-27",1537,7270054,655,6340135,60,588260,1460,3324770,1642,399965,3102,3724735,5354,5556.14,17923242,14198507,0
"2022-06-28",1694,7271748,833,6340968,54,588314,1848,3326618,2139,402104,3987,3728722,6568,5672.57,17929810,14201088,0
"2022-06-29",1861,7273609,774,6341742,48,588362,1713,3328331,1917,404021,3630,3732352,6313,5642,17936123,14203771,0
"2022-06-30",1865,7275474,806,6342548,46,588408,1731,3330062,2117,406138,3848,3736200,6565,5609.71,17942688,14206488,0
"2022-07-01",1596,7277070,598,6343146,26,588434,1386,3331448,1721,407859,3107,3739307,5327,5405.71,17948015,14208708,0
"2022-07-02",974,7278044,383,6343529,18,588452,833,3332281,926,408785,1759,3741066,3134,5135.71,17951149,14210083,0
"2022-07-03",530,7278574,205,6343734,7,588459,458,3332739,487,409272,945,3742011,1687,4992.57,17952836,14210825,0
"2022-07-04",36,7278610,26,6343760,1,588460,30,3332769,38,409310,68,3742079,131,4246.43,17952967,14210888,0
"2022-07-05",1284,7279894,754,6344514,35,588495,1402,3334171,1737,411047,3139,3745218,5212,4052.71,17958179,14212961,0
"2022-07-06",1612,7281506,679,6345193,44,588539,1441,3335612,1834,412881,3275,3748493,5610,3952.29,17963789,14215296,0
"2022-07-07",1590,7283096,716,6345909,48,588587,1525,3337137,1994,414875,3519,3752012,5873,3853.43,17969662,14217650,0
"2022-07-08",1631,7284727,647,6346556,37,588624,1468,3338605,1971,416846,3439,3755451,5755,3914.57,17975417,14219966,0
"2022-07-09",983,7285710,422,6346978,26,588650,877,3339482,1341,418187,2218,3757669,3649,3988.14,17979066,14221397,0
"2022-07-10",639,7286349,187,6347165,17,588667,429,3339911,660,418847,1089,3758758,1932,4023.14,17980998,14222240,0
"2022-07-11",1397,7287746,635,6347800,49,588716,1428,3341339,2206,421053,3634,3762392,5715,4820.86,17986713,14224321,0
"2022-07-12",1401,7289147,687,6348487,45,588761,1396,3342735,2512,423565,3908,3766300,6041,4939.29,17992754,14226454,0
"2022-07-13",1619,7290766,729,6349216,36,588797,1511,3344246,2802,426367,4313,3770613,6697,5094.57,17999451,14228838,0
"2022-07-14",1593,7292359,840,6350056,47,588844,1596,3345842,3052,429419,4648,3775261,7129,5274,18006580,14231319,0
"2022-07-15",1616,7293975,932,6350988,46,588890,1559,3347401,3040,432459,4599,3779860,7193,5479.43,18013773,14233913,0
"2022-07-16",882,7294857,584,6351572,9,588899,976,3348377,1688,434147,2664,3782524,4139,5549.43,18017912,14235388,0
"2022-07-17",550,7295407,293,6351865,16,588915,529,3348906,1164,435311,1693,3784217,2552,5638,18020464,14236247,0
"2022-07-18",1396,7296803,841,6352706,45,588960,1428,3350334,2442,437753,3870,3788087,6152,5700.43,18026616,14238529,0
"2022-07-19",1441,7298244,976,6353682,51,589011,1536,3351870,2796,440549,4332,3792419,6800,5808.86,18033416,14240997,0
"2022-07-20",1383,7299627,1480,6355162,50,589061,1347,3353217,2384,442933,3731,3796150,6645,5801.43,18040061,14243911,0
"2022-07-21",1333,7300960,1432,6356594,47,589108,1388,3354605,2358,445291,3746,3799896,6558,5719.86,18046619,14246723,0
"2022-07-22",1429,7302389,1564,6358158,41,589149,1551,3356156,2839,448130,4390,3804286,7424,5752.86,18054043,14249757,0
"2022-07-23",904,7303293,1092,6359250,17,589166,993,3357149,1549,449679,2542,3806828,4555,5812.29,18058598,14251770,0
"2022-07-24",490,7303783,640,6359890,14,589180,502,3357651,802,450481,1304,3808132,2449,5797.57,18061047,14252915,0
"2022-07-25",1212,7304995,766,6360656,59,589239,1255,3358906,2052,452533,3307,3811439,5344,5682.14,18066391,14254952,0
"2022-07-26",1229,7306224,1016,6361672,41,589280,1463,3360369,2428,454961,3891,3815330,6177,5593.14,18072568,14257238,0
"2022-07-27",1319,7307543,1271,6362943,41,589321,1380,3361749,2184,457145,3564,3818894,6197,5529.14,18078765,14259871,0
"2022-07-28",1307,7308850,1410,6364353,71,589392,1417,3363166,2202,459347,3619,3822513,6407,5507.57,18085172,14262659,0
"2022-07-29",1317,7310167,1427,6365780,64,589456,1345,3364511,2129,461476,3474,3825987,6283,5344.57,18091455,14265468,0
"2022-07-30",724,7310891,715,6366495,25,589481,784,3365295,945,462421,1729,3827716,3196,5150.43,18094651,14266935,0
"2022-07-31",423,7311314,591,6367086,14,589495,487,3365782,570,462991,1057,3828773,2085,5098.43,18096736,14267963,0
"2022-08-01",1224,7312538,905,6367991,55,589550,1320,3367102,1501,464492,2821,3831594,5005,5050,18101741,14270147,0
"2022-08-02",1220,7313758,1010,6369001,73,589623,1333,3368435,1590,466082,2923,3834517,5226,4914.14,18106967,14272450,0
"2022-08-03",1264,7315022,1181,6370182,41,589664,1336,3369771,1517,467599,2853,3837370,5339,4791.57,18112306,14274936,0
"2022-08-04",1178,7316200,1178,6371360,57,589721,1283,3371054,1445,469044,2728,3840098,5141,4610.71,18117447,14277349,0
"2022-08-05",1300,7317500,1430,6372790,48,589769,1305,3372359,1436,470480,2741,3842839,5519,4501.57,18122966,14280127,0
"2022-08-06",687,7318187,838,6373628,14,589783,758,3373117,770,471250,1528,3844367,3068,4483.29,18126034,14281667,0
"2022-08-07",392,7318579,456,6374084,14,589797,421,3373538,352,471602,773,3845140,1635,4419,18127669,14282529,0
"2022-08-08",1180,7319759,929,6375013,70,589867,1266,3374804,1167,472769,2433,3847573,4612,4362.86,18132281,14284708,0
"2022-08-09",1123,7320882,892,6375905,38,589905,1217,3376021,1148,473917,2365,3849938,4418,4247.43,18136699,14286761,0
"2022-08-10",1206,7322088,1105,6377010,58,589963,1247,3377268,1238,475155,2485,3852423,4854,4178.14,18141553,14289130,0
"2022-08-11",1294,7323382,1052,6378062,84,590047,1207,3378475,1272,476427,2479,3854902,4909,4145,18146462,14291560,0
"2022-08-12",1318,7324700,1384,6379446,54,590101,1258,3379733,1237,477664,2495,3857397,5251,4106.71,18151713,14294316,0
"2022-08-13",752,7325452,779,6380225,15,590116,759,3380492,626,478290,1385,3858782,2931,4087.14,18154644,14295862,0
"2022-08-14",486,7325938,482,6380707,19,590135,404,3380896,279,478569,683,3859465,1670,4092.14,18156314,14296849,0
"2022-08-15",1268,7327206,1039,6381746,60,590195,1287,3382183,975,479544,2262,3861727,4629,4094.57,18160943,14299216,0
"2022-08-16",1296,7328502,860,6382606,50,590245,1358,3383541,1069,480613,2427,3864154,4633,4125.29,18165576,14301422,0
"2022-08-17",1208,7329710,951,6383557,39,590284,1222,3384763,978,481591,2200,3866354,4398,4060.14,18169974,14303620,0
"2022-08-18",1148,7330858,937,6384494,44,590328,1253,3386016,935,482526,2188,3868542,4317,3975.57,18174291,14305749,0
"2022-08-19",1234,7332092,1109,6385603,34,590362,1108,3387124,956,483482,2064,3870606,4441,3859.86,18178732,14308126,0
"2022-08-20",581,7332673,481,6386084,16,590378,628,3387752,498,483980,1126,3871732,2204,3756,18180936,14309204,0
"2022-08-21",352,7333025,245,6386329,9,590387,376,3388128,263,484243,639,3872371,1245,3695.29,18182181,14309810,0
"2022-08-22",1195,7334220,914,6387243,37,590424,1225,3389353,875,485118,2100,3874471,4246,3640.57,18186427,14311956,0
"2022-08-23",1219,7335439,1038,6388281,47,590471,1373,3390726,950,486068,2323,3876794,4628,3639.86,18191055,14314261,0
"2022-08-24",1256,7336695,999,6389280,29,590500,1276,3392002,802,486870,2078,3878872,4363,3634.86,18195418,14316546,0
"2022-08-25",1195,7337890,959,6390239,61,590561,1179,3393181,799,487669,1978,3880850,4193,3617.14,18199611,14318761,0
"2022-08-26",1167,7339057,1161,6391400,53,590614,1173,3394354,775,488444,1948,3882798,4329,3601.14,18203940,14321142,0
"2022-08-27",680,7339737,527,6391927,13,590627,669,3395023,402,488846,1071,3883869,2291,3613.57,18206231,14322362,0
"2022-08-28",371,7340108,232,6392159,10,590637,443,3395466,222,489068,665,3884534,1278,3618.29,18207509,14322975,0
"2022-08-29",1138,7341246,907,6393066,40,590677,1113,3396579,603,489671,1716,3886250,3802,3554.86,18211311,14325061,0
"2022-08-30",1224,7342470,922,6393988,34,590711,1243,3397822,754,490425,1997,3888247,4177,3490.43,18215488,14327241,0
"2022-08-31",1128,7343598,976,6394964,43,590754,1078,3398900,555,490980,1633,3889880,3780,3407.14,18219268,14329388,0
"2022-09-01",987,7344585,919,6395883,50,590804,789,3399689,444,491424,1233,3891113,3189,3263.71,18222457,14331344,0
"2022-09-02",927,7345512,991,6396874,27,590831,576,3400265,170,491594,746,3891859,2691,3029.71,18225148,14333289,0
"2022-09-03",484,7345996,406,6397280,12,590843,359,3400624,49,491643,408,3892267,1310,2889.57,18226458,14334191,0
"2022-09-04",225,7346221,195,6397475,10,590853,189,3400813,27,491670,216,3892483,646,2799.29,18227104,14334621,0
"2022-09-05",72,7346293,66,6397541,7,590860,45,3400858,16,491686,61,3892544,206,2285.57,18227310,14334766,0
"2022-09-06",950,7347243,1131,6398672,48,590908,621,3401479,129,491815,750,3893294,2884,2100.86,18230194,14336900,0
"2022-09-07",828,7348071,952,6399624,38,590946,451,3401930,145,491960,596,3893890,2426,1907.43,18232620,14338730,0
"2022-09-08",698,7348769,686,6400310,37,590983,236,3402166,103,492063,339,3894229,1784,1706.71,18234404,14340175,0
"2022-09-09",704,7349473,979,6401289,48,591031,245,3402411,114,492177,359,3894588,2173,1632.71,18236577,14341989,0
"2022-09-10",380,7349853,525,6401814,12,591043,231,3402642,44,492221,275,3894863,1224,1620.43,18237801,14342938,0
"2022-09-11",162,7350015,196,6402010,11,591054,80,3402722,29,492250,109,3894972,496,1599,18238297,14343325,0
"2022-09-12",615,7350630,672,6402682,37,591091,185,3402907,88,492338,273,3895245,1658,1806.43,18239955,14344710,120000
"2022-09-13",620,7351250,700,6403382,29,591120,207,3403114,102,492440,309,3895554,1757,1645.43,18241712,14346158,120000
"2022-09-14",603,7351853,714,6404096,28,591148,209,3403323,124,492564,333,3895887,1796,1555.43,18243508,14347621,120000
"2022-09-15",636,7352489,628,6404724,17,591165,208,3403531,108,492672,316,3896203,1747,1550.14,18245255,14349052,120000
"2022-09-16",650,7353139,850,6405574,18,591183,230,3403761,142,492814,372,3896575,2113,1541.57,18247368,14350793,120000
"2022-09-17",258,7353397,424,6405998,8,591191,215,3403976,49,492863,264,3896839,1023,1512.86,18248391,14351552,120000
"2022-09-18",41,7353438,43,6406041,1,591192,21,3403997,5,492868,26,3896865,112,1458,18248503,14351638,120000
