"DATE","ADMIN_DOSE1_DAILY","ADMIN_DOSE1_CUMULATIVE","ADMIN_DOSE2_DAILY","ADMIN_DOSE2_CUMULATIVE","ADMIN_SINGLE_DAILY","ADMIN_SINGLE_CUMULATIVE","ADMIN_ADDITIONAL_DAILY","ADMIN_ADDITIONAL_CUMULATIVE","ADMIN_ALLDOSES_DAILY","ADMIN_ALLDOSES_7DAYAVG","ADMIN_ALLDOSES_CUMULATIVE","INCOMPLETE"
"2020-12-14",79,79,0,0,0,0,0,0,79,,79,0
"2020-12-15",2051,2130,6,6,4,4,0,0,2061,,2140,0
"2020-12-16",4601,6731,13,19,1,5,1,1,4616,,6756,0
"2020-12-17",4656,11387,17,36,0,5,1,2,4674,,11430,0
"2020-12-18",5833,17220,20,56,2,7,2,4,5857,,17287,0
"2020-12-19",1690,18910,6,62,3,10,0,4,1699,,18986,0
"2020-12-20",1116,20026,2,64,1,11,0,4,1119,2872.14,20105,0
"2020-12-21",6334,26360,19,83,0,11,6,10,6359,3769.29,26464,0
"2020-12-22",9795,36155,29,112,2,13,1,11,9827,4878.71,36291,0
"2020-12-23",14272,50427,36,148,3,16,1,12,14312,6263.86,50603,0
"2020-12-24",7200,57627,26,174,1,17,0,12,7227,6628.57,57830,0
"2020-12-25",180,57807,0,174,0,17,1,13,181,5817.71,58011,0
"2020-12-26",4391,62198,42,216,0,17,1,14,4434,6208.43,62445,0
"2020-12-27",3867,66065,14,230,0,17,1,15,3882,6603.14,66327,0
"2020-12-28",10995,77060,47,277,1,18,3,18,11046,7272.71,77373,0
"2020-12-29",10724,87784,31,308,2,20,2,20,10759,7405.86,88132,0
"2020-12-30",12837,100621,44,352,0,20,0,20,12881,7201.43,101013,0
"2020-12-31",7261,107882,32,384,1,21,0,20,7294,7211,108307,0
"2021-01-01",184,108066,2,386,1,22,3,23,190,7212.29,108497,0
"2021-01-02",3816,111882,10,396,2,24,1,24,3829,7125.86,112326,0
"2021-01-03",3543,115425,24,420,2,26,1,25,3570,7081.29,115896,0
"2021-01-04",12256,127681,805,1225,2,28,7,32,13070,7370.43,128966,0
"2021-01-05",14076,141757,2192,3417,2,30,16,48,16286,8160,145252,0
"2021-01-06",17813,159570,3918,7335,1,31,31,79,21763,9428.86,167015,0
"2021-01-07",16543,176113,5179,12514,4,35,46,125,21772,11497.14,188787,0
"2021-01-08",16629,192742,5453,17967,0,35,30,155,22112,14628.86,210899,0
"2021-01-09",7657,200399,1462,19429,1,36,8,163,9128,15385.86,220027,0
"2021-01-10",7894,208293,980,20409,0,36,10,173,8884,16145,228911,0
"2021-01-11",25839,234132,7451,27860,2,38,50,223,33342,19041,262253,0
"2021-01-12",28264,262396,7856,35716,1,39,45,268,36166,21881,298419,0
"2021-01-13",31732,294128,9375,45091,1,40,55,323,41163,24652.43,339582,0
"2021-01-14",35799,329927,5332,50423,1,41,32,355,41164,27422.71,380746,0
"2021-01-15",29279,359206,3707,54130,2,43,32,387,33020,28981,413766,0
"2021-01-16",30293,389499,2380,56510,0,43,27,414,32700,32348.43,446466,0
"2021-01-17",23775,413274,1618,58128,0,43,17,431,25410,34709.29,471876,0
"2021-01-18",27140,440414,2404,60532,0,43,34,465,29578,34171.57,501454,0
"2021-01-19",34311,474725,9621,70153,1,44,68,533,44001,35290.86,545455,0
"2021-01-20",34887,509612,9499,79652,1,45,58,591,44445,35759.71,589900,0
"2021-01-21",25617,535229,8088,87740,2,47,46,637,33753,34701,623653,0
"2021-01-22",24750,559979,4382,92122,1,48,33,670,29166,34150.43,652819,0
"2021-01-23",15738,575717,3225,95347,0,48,11,681,18974,32189.57,671793,0
"2021-01-24",7179,582896,3447,98794,0,48,18,699,10644,30080.14,682437,0
"2021-01-25",13415,596311,11809,110603,0,48,65,764,25289,29467.43,707726,0
"2021-01-26",16773,613084,10735,121338,0,48,69,833,27577,27121.14,735303,0
"2021-01-27",20843,633927,12344,133682,0,48,56,889,33243,25520.86,768546,0
"2021-01-28",30769,664696,12822,146504,0,48,97,986,43688,26940.14,812234,0
"2021-01-29",31699,696395,11490,157994,0,48,75,1061,43264,28954.14,855498,0
"2021-01-30",18722,715117,3732,161726,0,48,24,1085,22478,29454.71,877976,0
"2021-01-31",13029,728146,2908,164634,1,49,30,1115,15968,30215.29,893944,0
"2021-02-01",1179,729325,5362,169996,4,53,40,1155,6585,27543.29,900529,0
"2021-02-02",2824,732149,9466,179462,2,55,52,1207,12344,25367.14,912873,0
"2021-02-03",16361,748510,21222,200684,4,59,202,1409,37789,26016.57,950662,0
"2021-02-04",27044,775554,19635,220319,3,62,204,1613,46886,26473.43,997548,0
"2021-02-05",27611,803165,20014,240333,0,62,180,1793,47805,27122.14,1045353,0
"2021-02-06",22994,826159,11233,251566,0,62,115,1908,34342,28817,1079695,0
"2021-02-07",12053,838212,8274,259840,1,63,85,1993,20413,29452,1100108,0
"2021-02-08",17006,855218,23483,283323,2,65,229,2222,40720,34328.43,1140828,0
"2021-02-09",17208,872426,28097,311420,2,67,330,2552,45637,39084.57,1186465,0
"2021-02-10",19606,892032,29121,340541,2,69,437,2989,49166,40709.86,1235631,0
"2021-02-11",27853,919885,33464,374005,2,71,347,3336,61666,42821.29,1297297,0
"2021-02-12",38424,958309,30752,404757,3,74,365,3701,69544,45926.86,1366841,0
"2021-02-13",28010,986319,25291,430048,2,76,316,4017,53619,48680.71,1420460,0
"2021-02-14",16295,1002614,23694,453742,0,76,281,4298,40270,51517.43,1460730,0
"2021-02-15",12802,1015416,10500,464242,2,78,180,4478,23484,49055.14,1484214,0
"2021-02-16",14264,1029680,26702,490944,0,78,325,4803,41291,48434.29,1525505,0
"2021-02-17",16415,1046095,22148,513092,1,79,296,5099,38860,46962,1564365,0
"2021-02-18",12168,1058263,24945,538037,21,100,300,5399,37434,43500.29,1601799,0
"2021-02-19",13283,1071546,23896,561933,39,139,314,5713,37532,38927.14,1639331,0
"2021-02-20",11355,1082901,26057,587990,6,145,336,6049,37754,36660.71,1677085,0
"2021-02-21",6364,1089265,17419,605409,15,160,282,6331,24080,34347.86,1701165,0
"2021-02-22",13041,1102306,11826,617235,2,162,140,6471,25009,34565.71,1726174,0
"2021-02-23",25244,1127550,14141,631376,1,163,161,6632,39547,34316.57,1765721,0
"2021-02-24",36350,1163900,20356,651732,0,163,222,6854,56928,36897.71,1822649,0
"2021-02-25",54615,1218515,30340,682072,6,169,387,7241,85348,43742.57,1907997,0
"2021-02-26",62889,1281404,31819,713891,4,173,405,7646,95117,51969,2003114,0
"2021-02-27",51311,1332715,22712,736603,47,220,336,7982,74406,57205,2077520,0
"2021-02-28",44611,1377326,13775,750378,6,226,198,8180,58590,62135,2136110,0
"2021-03-01",39318,1416644,12741,763119,9,235,167,8347,52235,66024.43,2188345,0
"2021-03-02",47080,1463724,12544,775663,7,242,159,8506,59790,68916.29,2248135,0
"2021-03-03",48605,1512329,16113,791776,17,259,153,8659,64888,70053.43,2313023,0
"2021-03-04",59828,1572157,22770,814546,1092,1351,266,8925,83956,69854.57,2396979,0
"2021-03-05",60995,1633152,24230,838776,3111,4462,343,9268,88679,68934.86,2485658,0
"2021-03-06",47172,1680324,18856,857632,5451,9913,238,9506,71717,68550.71,2557375,0
"2021-03-07",36055,1716379,14831,872463,6248,16161,229,9735,57363,68375.43,2614738,0
"2021-03-08",39619,1755998,14646,887109,8566,24727,320,10055,63151,69934.86,2677889,0
"2021-03-09",39100,1795098,12769,899878,7767,32494,201,10256,59837,69941.57,2737726,0
"2021-03-10",51837,1846935,15247,915125,5069,37563,221,10477,72374,71011,2810100,0
"2021-03-11",60001,1906936,21742,936867,4617,42180,257,10734,86617,71391.14,2896717,0
"2021-03-12",52206,1959142,30245,967112,4179,46359,390,11124,87020,71154.14,2983737,0
"2021-03-13",40664,1999806,26646,993758,5113,51472,332,11456,72755,71302.43,3056492,0
"2021-03-14",30724,2030530,15925,1009683,4530,56002,244,11700,51423,70453.86,3107915,0
"2021-03-15",33592,2064122,17191,1026874,4725,60727,247,11947,55755,69397.29,3163670,0
"2021-03-16",38689,2102811,20420,1047294,4925,65652,272,12219,64306,70035.71,3227976,0
"2021-03-17",42632,2145443,24730,1072024,4246,69898,334,12553,71942,69974,3299918,0
"2021-03-18",50483,2195926,26728,1098752,5242,75140,355,12908,82808,69429.86,3382726,0
"2021-03-19",47813,2243739,29871,1128623,5627,80767,386,13294,83697,68955.14,3466423,0
"2021-03-20",38718,2282457,25759,1154382,4689,85456,291,13585,69457,68484,3535880,0
"2021-03-21",29306,2311763,19296,1173678,771,86227,216,13801,49589,68222,3585469,0
"2021-03-22",33867,2345630,26671,1200349,4037,90264,263,14064,64838,69519.57,3650307,0
"2021-03-23",38436,2384066,32784,1233133,4221,94485,278,14342,75719,71150,3726026,0
"2021-03-24",41502,2425568,37522,1270655,4847,99332,321,14663,84192,72900,3810218,0
"2021-03-25",43431,2468999,50662,1321317,5051,104383,457,15120,99601,75299,3909819,0
"2021-03-26",38513,2507512,55374,1376691,4309,108692,517,15637,98713,77444.14,4008532,0
"2021-03-27",35759,2543271,45622,1422313,2939,111631,397,16034,84717,79624.14,4093249,0
"2021-03-28",26400,2569671,34347,1456660,1481,113112,318,16352,62546,81475.14,4155795,0
"2021-03-29",34838,2604509,38728,1495388,3248,116360,328,16680,77142,83232.86,4232937,0
"2021-03-30",40534,2645043,41840,1537228,3713,120073,324,17004,86411,84760.29,4319348,0
"2021-03-31",49421,2694464,44788,1582016,7441,127514,388,17392,102038,87309.71,4421386,0
"2021-04-01",50777,2745241,53910,1635926,11275,138789,492,17884,116454,89717.29,4537840,0
"2021-04-02",43767,2789008,53834,1689760,11974,150763,537,18421,110112,91345.71,4647952,0
"2021-04-03",39269,2828277,39164,1728924,9861,160624,334,18755,88628,91904.43,4736580,0
"2021-04-04",26561,2854838,24679,1753603,3901,164525,222,18977,55363,90878.29,4791943,0
"2021-04-05",41887,2896725,34405,1788008,11190,175715,358,19335,87840,92406.57,4879783,0
"2021-04-06",53284,2950009,35518,1823526,13220,188935,419,19754,102441,94696.57,4982224,0
"2021-04-07",55523,3005532,40660,1864186,14383,203318,379,20133,110945,95969,5093169,0
"2021-04-08",59276,3064808,46534,1910720,16335,219653,498,20631,122643,96853.14,5215812,0
"2021-04-09",56648,3121456,44915,1955635,17548,237201,491,21122,119602,98208.86,5335414,0
"2021-04-10",49371,3170827,35626,1991261,12728,249929,378,21500,98103,99562.43,5433517,0
"2021-04-11",38206,3209033,28803,2020064,7686,257615,276,21776,74971,102363.57,5508488,0
"2021-04-12",46652,3255685,31832,2051896,13496,271111,452,22228,92432,103019.57,5600920,0
"2021-04-13",52570,3308255,33762,2085658,367,271478,386,22614,87085,100825.86,5688005,0
"2021-04-14",50178,3358433,39936,2125594,20,271498,359,22973,90493,97904.14,5778498,0
"2021-04-15",52147,3410580,43671,2169265,15,271513,436,23409,96269,94136.43,5874767,0
"2021-04-16",51199,3461779,42221,2211486,32,271545,400,23809,93852,90457.86,5968619,0
"2021-04-17",43858,3505637,35678,2247164,3,271548,361,24170,79900,87857.43,6048519,0
"2021-04-18",28621,3534258,29361,2276525,7,271555,246,24416,58235,85466.57,6106754,0
"2021-04-19",37490,3571748,36436,2312961,22,271577,306,24722,74254,82869.71,6181008,0
"2021-04-20",40820,3612568,39630,2352591,19,271596,298,25020,80767,81967.14,6261775,0
"2021-04-21",38920,3651488,45948,2398539,15,271611,484,25504,85367,81234.86,6347142,0
"2021-04-22",38531,3690019,48940,2447479,9,271620,323,25827,87803,80025.43,6434945,0
"2021-04-23",39720,3729739,44348,2491827,5,271625,343,26170,84416,78677.43,6519361,0
"2021-04-24",31973,3761712,41599,2533426,44,271669,262,26432,73878,77817.14,6593239,0
"2021-04-25",18431,3780143,31231,2564657,86,271755,179,26611,49927,76630.29,6643166,0
"2021-04-26",26982,3807125,40725,2605382,1013,272768,273,26884,68993,75878.71,6712159,0
"2021-04-27",28574,3835699,47116,2652498,1696,274464,339,27223,77725,75444.14,6789884,0
"2021-04-28",27066,3862765,56821,2709319,2145,276609,419,27642,86451,75599,6876335,0
"2021-04-29",28628,3891393,57164,2766483,2144,278753,358,28000,88294,75669.14,6964629,0
"2021-04-30",30131,3921524,51975,2818458,2055,280808,278,28278,84439,75672.43,7049068,0
"2021-05-01",22486,3944010,44544,2863002,1176,281984,223,28501,68429,74894,7117497,0
"2021-05-02",11933,3955943,36650,2899652,1080,283064,132,28633,49795,74875.14,7167292,0
"2021-05-03",18042,3973985,53008,2952660,2384,285448,240,28873,73674,75543.86,7240966,0
"2021-05-04",22750,3996735,56638,3009298,2329,287777,252,29125,81969,76150.14,7322935,0
"2021-05-05",21486,4018221,48782,3058080,2311,290088,307,29432,72886,74212.29,7395821,0
"2021-05-06",20697,4038918,50169,3108249,2509,292597,257,29689,73632,72117.71,7469453,0
"2021-05-07",21274,4060192,52075,3160324,2813,295410,294,29983,76456,70977.29,7545909,0
"2021-05-08",16636,4076828,41876,3202200,1835,297245,219,30202,60566,69854,7606475,0
"2021-05-09",7979,4084807,29416,3231616,1260,298505,144,30346,38799,68283.14,7645274,0
"2021-05-10",14401,4099208,38533,3270149,2355,300860,221,30567,55510,65688.29,7700784,0
"2021-05-11",19939,4119147,43040,3313189,2514,303374,277,30844,65770,63374.14,7766554,0
"2021-05-12",17819,4136966,40533,3353722,3595,306969,225,31069,62172,61843.57,7828726,0
"2021-05-13",24989,4161955,40422,3394144,3227,310196,258,31327,68896,61167,7897622,0
"2021-05-14",27038,4188993,42902,3437046,3535,313731,275,31602,73750,60780.43,7971372,0
"2021-05-15",23663,4212656,34917,3471963,3365,317096,237,31839,62182,61011.29,8033554,0
"2021-05-16",15547,4228203,19433,3491396,2497,319593,122,31961,37599,60839.86,8071153,0
"2021-05-17",22684,4250887,29135,3520531,3256,322849,170,32131,55245,60802,8126398,0
"2021-05-18",24651,4275538,31893,3552424,3402,326251,232,32363,60178,60003.14,8186576,0
"2021-05-19",24224,4299762,29697,3582121,3038,329289,216,32579,57175,59289.29,8243751,0
"2021-05-20",24177,4323939,30073,3612194,3159,332448,260,32839,57669,57685.43,8301420,0
"2021-05-21",24705,4348644,31978,3644172,3062,335510,245,33084,59990,55719.71,8361410,0
"2021-05-22",20031,4368675,24352,3668524,2526,338036,155,33239,47064,53560,8408474,0
"2021-05-23",11241,4379916,13722,3682246,1411,339447,96,33335,26470,51970.14,8434944,0
"2021-05-24",18893,4398809,23137,3705383,2758,342205,211,33546,44999,50506.43,8479943,0
"2021-05-25",19445,4418254,23370,3728753,2604,344809,171,33717,45590,48422.43,8525533,0
"2021-05-26",18793,4437047,21071,3749824,2695,347504,197,33914,42756,46362.57,8568289,0
"2021-05-27",18486,4455533,21255,3771079,2530,350034,191,34105,42462,44190.14,8610751,0
"2021-05-28",17884,4473417,22887,3793966,2752,352786,178,34283,43701,41863.14,8654452,0
"2021-05-29",12716,4486133,17801,3811767,1755,354541,101,34384,32373,39764.43,8686825,0
"2021-05-30",7033,4493166,8948,3820715,1074,355615,44,34428,17099,38425.71,8703924,0
"2021-05-31",4743,4497909,6925,3827640,1011,356626,63,34491,12742,33817.57,8716666,0
"2021-06-01",16052,4513961,25191,3852831,2174,358800,145,34636,43562,33527.86,8760228,0
"2021-06-02",15357,4529318,20385,3873216,2094,360894,136,34772,37972,32844.43,8798200,0
"2021-06-03",15017,4544335,23812,3897028,2281,363175,115,34887,41225,32667.71,8839425,0
"2021-06-04",14737,4559072,25974,3923002,2491,365666,141,35028,43343,32616.57,8882768,0
"2021-06-05",11004,4570076,22072,3945074,1806,367472,109,35137,34991,32990.57,8917759,0
"2021-06-06",6452,4576528,14464,3959538,1221,368693,81,35218,22218,33721.86,8939977,0
"2021-06-07",11724,4588252,21767,3981305,2379,371072,141,35359,36011,37046,8975988,0
"2021-06-08",12666,4600918,24001,4005306,2072,373144,117,35476,38856,36373.71,9014844,0
"2021-06-09",11165,4612083,23014,4028320,2298,375442,129,35605,36606,36178.57,9051450,0
"2021-06-10",12081,4624164,22225,4050545,2461,377903,136,35741,36903,35561.14,9088353,0
"2021-06-11",12721,4636885,25101,4075646,2483,380386,148,35889,40453,35148.29,9128806,0
"2021-06-12",10172,4647057,19305,4094951,1888,382274,87,35976,31452,34642.71,9160258,0
"2021-06-13",4260,4651317,10933,4105884,1219,383493,42,36018,16454,33819.29,9176712,0
"2021-06-14",10225,4661542,19225,4125109,2042,385535,123,36141,31615,33191.29,9208327,0
"2021-06-15",11893,4673435,21000,4146109,1942,387477,124,36265,34959,32634.57,9243286,0
"2021-06-16",11603,4685038,19394,4165503,1958,389435,135,36400,33090,32132.29,9276376,0
"2021-06-17",11031,4696069,18746,4184249,1969,391404,114,36514,31860,31411.86,9308236,0
"2021-06-18",12174,4708243,18495,4202744,2113,393517,108,36622,32890,30331.43,9341126,0
"2021-06-19",8504,4716747,13524,4216268,1460,394977,75,36697,23563,29204.43,9364689,0
"2021-06-20",4338,4721085,7163,4223431,924,395901,34,36731,12459,28633.71,9377148,0
"2021-06-21",10175,4731260,9993,4233424,1806,397707,65,36796,22039,27265.71,9399187,0
"2021-06-22",9845,4741105,15635,4249059,1590,399297,99,36895,27169,26152.86,9426356,0
"2021-06-23",10329,4751434,15171,4264230,1861,401158,100,36995,27461,25348.71,9453817,0
"2021-06-24",9701,4761135,14687,4278917,1798,402956,113,37108,26299,24554.29,9480116,0
"2021-06-25",10600,4771735,14376,4293293,1719,404675,109,37217,26804,23684.86,9506920,0
"2021-06-26",7811,4779546,10457,4303750,1246,405921,74,37291,19588,23117,9526508,0
"2021-06-27",5005,4784551,5997,4309747,796,406717,32,37323,11830,23027.14,9538338,0
"2021-06-28",9040,4793591,10339,4320086,1524,408241,105,37428,21008,22879.86,9559346,0
"2021-06-29",9754,4803345,12308,4332394,1347,409588,120,37548,23529,22359.86,9582875,0
"2021-06-30",9431,4812776,10918,4343312,1480,411068,144,37692,21973,21575.86,9604848,0
"2021-07-01",9402,4822178,10924,4354236,1430,412498,124,37816,21880,20944.57,9626728,0
"2021-07-02",9699,4831877,11432,4365668,1539,414037,123,37939,22793,20371.57,9649521,0
"2021-07-03",7060,4838937,8419,4374087,1193,415230,75,38014,16747,19965.71,9666268,0
"2021-07-04",1290,4840227,1335,4375422,567,415797,8,38022,3200,18732.86,9669468,0
"2021-07-05",6496,4846723,7099,4382521,1208,417005,65,38087,14868,17855.71,9684336,0
"2021-07-06",9519,4856242,12840,4395361,1317,418322,113,38200,23789,17892.86,9708125,0
"2021-07-07",8682,4864924,11102,4406463,1419,419741,117,38317,21320,17799.57,9729445,0
"2021-07-08",8211,4873135,10191,4416654,1260,421001,105,38422,19767,17497.71,9749212,0
"2021-07-09",8380,4881515,10821,4427475,1279,422280,91,38513,20571,17180.29,9769783,0
"2021-07-10",7114,4888629,8623,4436098,1133,423413,64,38577,16934,17207,9786717,0
"2021-07-11",4105,4892734,4539,4440637,703,424116,33,38610,9380,18089.86,9796097,0
"2021-07-12",8456,4901190,9545,4450182,1251,425367,73,38683,19325,18726.57,9815422,0
"2021-07-13",9473,4910663,9379,4459561,951,426318,102,38785,19905,18171.71,9835327,0
"2021-07-14",9009,4919672,9526,4469087,1009,427327,101,38886,19645,17932.43,9854972,0
"2021-07-15",8801,4928473,9142,4478229,1052,428379,80,38966,19075,17833.57,9874047,0
"2021-07-16",9245,4937718,9757,4487986,978,429357,103,39069,20083,17763.86,9894130,0
"2021-07-17",6851,4944569,7380,4495366,801,430158,78,39147,15110,17503.29,9909240,0
"2021-07-18",4260,4948829,4284,4499650,569,430727,34,39181,9147,17470,9918387,0
"2021-07-19",9129,4957958,8462,4508112,998,431725,90,39271,18679,17377.71,9937066,0
"2021-07-20",10657,4968615,8750,4516862,991,432716,90,39361,20488,17461,9957554,0
"2021-07-21",10064,4978679,8748,4525610,904,433620,139,39500,19855,17491,9977409,0
"2021-07-22",10690,4989369,8578,4534188,1044,434664,142,39642,20454,17688,9997863,0
"2021-07-23",11258,5000627,8875,4543063,1113,435777,133,39775,21379,17873.14,10019242,0
"2021-07-24",7409,5008036,6733,4549796,670,436447,80,39855,14892,17842,10034134,0
"2021-07-25",5480,5013516,2119,4551915,509,436956,58,39913,8166,17701.86,10042300,0
"2021-07-26",10889,5024405,6983,4558898,858,437814,107,40020,18837,17724.43,10061137,0
"2021-07-27",12066,5036471,8563,4567461,857,438671,129,40149,21615,17885.43,10082752,0
"2021-07-28",11995,5048466,8044,4575505,951,439622,130,40279,21120,18066.14,10103872,0
"2021-07-29",10943,5059409,7427,4582932,983,440605,128,40407,19481,17927.14,10123353,0
"2021-07-30",14956,5074365,8003,4590935,1149,441754,179,40586,24287,18342.57,10147640,0
"2021-07-31",9739,5084104,6302,4597237,815,442569,118,40704,16974,18640,10164614,0
"2021-08-01",6506,5090610,3309,4600546,564,443133,79,40783,10458,18967.43,10175072,0
"2021-08-02",13458,5104068,7148,4607694,848,443981,143,40926,21597,19361.71,10196669,0
"2021-08-03",15421,5119489,8377,4616071,1107,445088,144,41070,25049,19852.29,10221718,0
"2021-08-04",17265,5136754,8115,4624186,1454,446542,175,41245,27009,20693.57,10248727,0
"2021-08-05",17878,5154632,7912,4632098,1365,447907,160,41405,27315,21812.71,10276042,0
"2021-08-06",18184,5172816,8405,4640503,1233,449140,160,41565,27982,22340.57,10304024,0
"2021-08-07",13375,5186191,5999,4646502,798,449938,95,41660,20267,22811,10324291,0
"2021-08-08",9317,5195508,3829,4650331,399,450337,74,41734,13619,23262.57,10337910,0
"2021-08-09",21337,5216845,8523,4658854,963,451300,169,41903,30992,24604.71,10368902,0
"2021-08-10",18935,5235780,9321,4668175,949,452249,167,42070,29372,25222.29,10398274,0
"2021-08-11",15654,5251434,8307,4676482,852,453101,121,42191,24934,24925.86,10423208,0
"2021-08-12",15061,5266495,8972,4685454,937,454038,161,42352,25131,24613.86,10448339,0
"2021-08-13",14931,5281426,9273,4694727,921,454959,236,42588,25361,24239.43,10473700,0
"2021-08-14",10419,5291845,6408,4701135,626,455585,519,43107,17972,23911.57,10491672,0
"2021-08-15",6698,5298543,4472,4705607,676,456261,566,43673,12412,23739.14,10504084,0
"2021-08-16",15728,5314271,9280,4714887,1149,457410,1312,44985,27469,23235.86,10531553,0
"2021-08-17",17778,5332049,10439,4725326,1218,458628,1743,46728,31178,23493.86,10562731,0
"2021-08-18",17493,5349542,10350,4735676,1254,459882,1965,48693,31062,24369.29,10593793,0
"2021-08-19",16326,5365868,9507,4745183,1316,461198,1931,50624,29080,24933.43,10622873,0
"2021-08-20",16301,5382169,11530,4756713,1254,462452,1842,52466,30927,25728.57,10653800,0
"2021-08-21",11166,5393335,8035,4764748,877,463329,1045,53511,21123,26178.71,10674923,0
"2021-08-22",4089,5397424,3902,4768650,262,463591,511,54022,8764,25657.57,10683687,0
"2021-08-23",15588,5413012,11788,4780438,1023,464614,1535,55557,29934,26009.71,10713621,0
"2021-08-24",16923,5429935,12591,4793029,1006,465620,1767,57324,32287,26168.14,10745908,0
"2021-08-25",14603,5444538,12424,4805453,1111,466731,1549,58873,29687,25971.71,10775595,0
"2021-08-26",16179,5460717,14070,4819523,1072,467803,1752,60625,33073,26542.14,10808668,0
"2021-08-27",14849,5475566,14809,4834332,972,468775,1651,62276,32281,26735.57,10840949,0
"2021-08-28",10706,5486272,11504,4845836,836,469611,1000,63276,24046,27153.14,10864995,0
"2021-08-29",7227,5493499,7488,4853324,541,470152,767,64043,16023,28190.14,10881018,0
"2021-08-30",15542,5509041,16905,4870229,1076,471228,1777,65820,35300,28956.71,10916318,0
"2021-08-31",15535,5524576,15939,4886168,952,472180,1944,67764,34370,29254.29,10950688,0
"2021-09-01",14844,5539420,14090,4900258,1019,473199,1781,69545,31734,29546.71,10982422,0
"2021-09-02",14356,5553776,12511,4912769,896,474095,1676,71221,29439,29027.57,11011861,0
"2021-09-03",15025,5568801,14287,4927056,974,475069,1874,73095,32160,29010.29,11044021,0
"2021-09-04",9653,5578454,9403,4936459,688,475757,954,74049,20698,28532,11064719,0
"2021-09-05",6813,5585267,5510,4941969,438,476195,696,74745,13457,28165.43,11078176,0
"2021-09-06",5203,5590470,4506,4946475,358,476553,267,75012,10334,24598.86,11088510,0
"2021-09-07",15589,5606059,17680,4964155,913,477466,1520,76532,35702,24789.14,11124212,0
"2021-09-08",16207,5622266,14793,4978948,1073,478539,1747,78279,33820,25087.14,11158032,0
"2021-09-09",16128,5638394,14734,4993682,1047,479586,1889,80168,33798,25709.86,11191830,0
"2021-09-10",18387,5656781,15375,5009057,1209,480795,1954,82122,36925,26390.57,11228755,0
"2021-09-11",12650,5669431,10342,5019399,959,481754,1012,83134,24963,26999.86,11253718,0
"2021-09-12",8548,5677979,5043,5024442,766,482520,681,83815,15038,27225.71,11268756,0
"2021-09-13",16952,5694931,12938,5037380,973,483493,1627,85442,32490,30390.86,11301246,0
"2021-09-14",16290,5711221,13659,5051039,886,484379,1572,87014,32407,29920.14,11333653,0
"2021-09-15",15583,5726804,12837,5063876,728,485107,1558,88572,30706,29475.29,11364359,0
"2021-09-16",15363,5742167,13897,5077773,1211,486318,1431,90003,31902,29204.43,11396261,0
"2021-09-17",14473,5756640,13924,5091697,922,487240,1810,91813,31129,28376.43,11427390,0
"2021-09-18",10019,5766659,10165,5101862,915,488155,1038,92851,22137,27972.71,11449527,0
"2021-09-19",6191,5772850,6066,5107928,557,488712,735,93586,13549,27760,11463076,0
"2021-09-20",12700,5785550,12622,5120550,1070,489782,1897,95483,28289,27159.86,11491365,0
"2021-09-21",12258,5797808,12755,5133305,1111,490893,1998,97481,28122,26547.71,11519487,0
"2021-09-22",12860,5810668,11974,5145279,1090,491983,1648,99129,27572,26100,11547059,0
"2021-09-23",14962,5825630,12734,5158013,1637,493620,2222,101351,31555,26050.43,11578614,0
"2021-09-24",16475,5842105,13342,5171355,1632,495252,4530,105881,35979,26743.29,11614593,0
"2021-09-25",10574,5852679,9015,5180370,1016,496268,3386,109267,23991,27008.14,11638584,0
"2021-09-26",6331,5859010,5750,5186120,773,497041,2379,111646,15233,27248.71,11653817,0
"2021-09-27",14203,5873213,8040,5194160,1154,498195,8865,120511,32262,27816.29,11686079,0
"2021-09-28",11186,5884399,11754,5205914,901,499096,9688,130199,33529,28588.71,11719608,0
"2021-09-29",11643,5896042,12175,5218089,1205,500301,9251,139450,34274,29546.14,11753882,0
"2021-09-30",12279,5908321,12582,5230671,1338,501639,9565,149015,35764,30147.43,11789646,0
"2021-10-01",12682,5921003,13414,5244085,1281,502920,10140,159155,37517,30367.14,11827163,0
"2021-10-02",7748,5928751,9974,5254059,864,503784,4168,163323,22754,30190.43,11849917,0
"2021-10-03",5084,5933835,6161,5260220,594,504378,2570,165893,14409,30072.71,11864326,0
"2021-10-04",9949,5943784,11015,5271235,913,505291,9391,175284,31268,29930.71,11895594,0
"2021-10-05",10203,5953987,11741,5282976,972,506263,9833,185117,32749,29819.29,11928343,0
"2021-10-06",9950,5963937,11038,5294014,937,507200,9830,194947,31755,29459.43,11960098,0
"2021-10-07",9714,5973651,12177,5306191,852,508052,10076,205023,32819,29038.71,11992917,0
"2021-10-08",9520,5983171,12136,5318327,943,508995,10788,215811,33387,28448.71,12026304,0
"2021-10-09",6285,5989456,8275,5326602,649,509644,4047,219858,19256,27949,12045560,0
"2021-10-10",3554,5993010,5021,5331623,458,510102,2395,222253,11428,27523.14,12056988,0
"2021-10-11",7651,6000661,9332,5340955,728,510830,8816,231069,26527,26845.86,12083515,0
"2021-10-12",8094,6008755,10987,5351942,890,511720,10401,241470,30372,26506.29,12113887,0
"2021-10-13",7206,6015961,10141,5362083,870,512590,8642,250112,26859,25806.86,12140746,0
"2021-10-14",7485,6023446,11103,5373186,836,513426,9953,260065,29377,25315.14,12170123,0
"2021-10-15",7761,6031207,11857,5385043,823,514249,10651,270716,31092,24987.29,12201215,0
"2021-10-16",4879,6036086,7457,5392500,666,514915,3766,274482,16768,24631.86,12217983,0
"2021-10-17",3067,6039153,4476,5396976,411,515326,2405,276887,10359,24479.14,12228342,0
"2021-10-18",7097,6046250,10648,5407624,797,516123,9302,286189,27844,24667.29,12256186,0
"2021-10-19",6664,6052914,8928,5416552,805,516928,8896,295085,25293,23941.71,12281479,0
"2021-10-20",6585,6059499,9366,5425918,975,517903,9842,304927,26768,23928.71,12308247,0
"2021-10-21",7079,6066578,9374,5435292,859,518762,10703,315630,28015,23734.14,12336262,0
"2021-10-22",8186,6074764,10336,5445628,1025,519787,16199,331829,35746,24399,12372008,0
"2021-10-23",5208,6079972,6460,5452088,690,520477,9042,340871,21400,25060.71,12393408,0
"2021-10-24",3297,6083269,3964,5456052,770,521247,6125,346996,14156,25603.14,12407564,0
"2021-10-25",8846,6092115,8748,5464800,1148,522395,19098,366094,37840,27031.14,12445404,0
"2021-10-26",8251,6100366,7724,5472524,1259,523654,17159,383253,34393,28331.14,12479797,0
"2021-10-27",10646,6111012,8386,5480910,1604,525258,20644,403897,41280,30404.29,12521077,0
"2021-10-28",11404,6122416,8035,5488945,1791,527049,20693,424590,41923,32391.14,12563000,0
"2021-10-29",11911,6134327,8233,5497178,1965,529014,22372,446962,44481,33639,12607481,0
"2021-10-30",4671,6138998,5049,5502227,934,529948,11087,458049,21741,33687.71,12629222,0
"2021-10-31",2685,6141683,2703,5504930,545,530493,6589,464638,12522,33454.29,12641744,0
"2021-11-01",7215,6148898,6952,5511882,1090,531583,20230,484868,35487,33118.14,12677231,0
"2021-11-02",6659,6155557,6576,5518458,1053,532636,20597,505465,34885,33188.43,12712116,0
"2021-11-03",6934,6162491,6659,5525117,1028,533664,20464,525929,35085,32303.43,12747201,0
"2021-11-04",9378,6171869,6269,5531386,996,534660,22197,548126,38840,31863,12786041,0
"2021-11-05",11160,6183029,6715,5538101,1053,535713,23575,571701,42503,31580.43,12828544,0
"2021-11-06",11157,6194186,4042,5542143,593,536306,12514,584215,28306,32518.29,12856850,0
"2021-11-07",7286,6201472,2274,5544417,576,536882,7061,591276,17197,33186.14,12874047,0
"2021-11-08",15124,6216596,5670,5550087,867,537749,19373,610649,41034,33978.57,12915081,0
"2021-11-09",16219,6232815,5375,5555462,662,538411,20399,631048,42655,35088.57,12957736,0
"2021-11-10",17021,6249836,5324,5560786,684,539095,22464,653512,45493,36575.43,13003229,0
"2021-11-11",12646,6262482,5187,5565973,759,539854,21890,675402,40482,36810,13043711,0
"2021-11-12",16981,6279463,5664,5571637,710,540564,23226,698628,46581,37392.57,13090292,0
"2021-11-13",9987,6289450,3665,5575302,466,541030,13266,711894,27384,37260.86,13117676,0
"2021-11-14",6058,6295508,2291,5577593,325,541355,7891,719785,16565,37170.57,13134241,0
"2021-11-15",13330,6308838,5970,5583563,690,542045,24955,744740,44945,37729.29,13179186,0
"2021-11-16",10168,6319006,5777,5589340,655,542700,30391,775131,46991,38348.71,13226177,0
"2021-11-17",10594,6329600,6675,5596015,689,543389,31061,806192,49019,38852.43,13275196,0
"2021-11-18",11028,6340628,6535,5602550,864,544253,32627,838819,51054,40362.71,13326250,0
"2021-11-19",12320,6352948,6545,5609095,719,544972,35910,874729,55494,41636,13381744,0
"2021-11-20",9534,6362482,3414,5612509,513,545485,22254,896983,35715,42826.14,13417459,0
"2021-11-21",5088,6367570,1885,5614394,289,545774,13047,910030,20309,43361,13437768,0
"2021-11-22",10718,6378288,5783,5620177,754,546528,35552,945582,52807,44484.14,13490575,0
"2021-11-23",9971,6388259,4772,5624949,636,547164,33256,978838,48635,44719,13539210,0
"2021-11-24",8813,6397072,4755,5629704,651,547815,25782,1004620,40001,43430.71,13579211,0
"2021-11-25",459,6397531,324,5630028,80,547895,990,1005610,1853,36402,13581064,0
"2021-11-26",8360,6405891,6971,5636999,533,548428,26264,1031874,42128,34492.57,13623192,0
"2021-11-27",6861,6412752,6807,5643806,376,548804,18610,1050484,32654,34055.29,13655846,0
"2021-11-28",4238,6416990,5769,5649575,286,549090,11706,1062190,21999,34296.71,13677845,0
"2021-11-29",9514,6426504,10965,5660540,690,549780,34525,1096715,55694,34709.14,13733539,0
"2021-11-30",10773,6437277,11402,5671942,514,550294,37394,1134109,60083,36344.57,13793622,0
"2021-12-01",11409,6448686,10948,5682890,724,551018,40081,1174190,63162,39653.29,13856784,0
"2021-12-02",11969,6460655,11004,5693894,629,551647,41608,1215798,65210,48704.29,13921994,0
"2021-12-03",14030,6474685,12810,5706704,682,552329,47276,1263074,74798,53371.43,13996792,0
"2021-12-04",10138,6484823,11187,5717891,570,552899,30244,1293318,52139,56155,14048931,0
"2021-12-05",5858,6490681,5698,5723589,271,553170,16513,1309831,28340,57060.86,14077271,0
"2021-12-06",12824,6503505,9906,5733495,607,553777,42694,1352525,66031,58537.57,14143302,0
"2021-12-07",13088,6516593,9199,5742694,631,554408,42457,1394982,65375,59293.57,14208677,0
"2021-12-08",13930,6530523,8725,5751419,560,554968,40348,1435330,63563,59350.86,14272240,0
"2021-12-09",13810,6544333,8733,5760152,560,555528,40426,1475756,63529,59110.71,14335769,0
"2021-12-10",14522,6558855,10072,5770224,668,556196,43102,1518858,68364,58191.57,14404133,0
"2021-12-11",10490,6569345,8039,5778263,405,556601,26477,1545335,45411,57230.43,14449544,0
"2021-12-12",6104,6575449,3847,5782110,287,556888,15086,1560421,25324,56799.57,14474868,0
"2021-12-13",12417,6587866,7394,5789504,657,557545,37654,1598075,58122,55669.71,14532990,0
"2021-12-14",12399,6600265,6927,5796431,733,558278,37919,1635994,57978,54613,14590968,0
"2021-12-15",12475,6612740,6237,5802668,752,559030,37711,1673705,57175,53700.43,14648143,0
"2021-12-16",13669,6626409,4223,5806891,737,559767,40367,1714072,58996,53052.86,14707139,0
"2021-12-17",16601,6643010,6893,5813784,621,560388,45943,1760015,70058,53294.86,14777197,0
"2021-12-18",13325,6656335,5698,5819482,433,560821,30237,1790252,49693,53906.57,14826890,0
"2021-12-19",7186,6663521,2983,5822465,330,561151,17817,1808069,28316,54334,14855206,0
"2021-12-20",17511,6681032,5836,5828301,752,561903,46709,1854778,70808,56146.29,14926014,0
"2021-12-21",18524,6699556,6518,5834819,808,562711,48210,1902988,74060,58443.71,15000074,0
"2021-12-22",18985,6718541,6542,5841361,938,563649,49073,1952061,75538,61067,15075612,0
"2021-12-23",19263,6737804,6457,5847818,929,564578,45477,1997538,72126,62942.71,15147738,0
"2021-12-24",9475,6747279,2944,5850762,596,565174,20308,2017846,33323,57694.86,15181061,0
"2021-12-25",343,6747622,65,5850827,32,565206,419,2018265,859,50718.57,15181920,0
"2021-12-26",8200,6755822,3908,5854735,341,565547,17050,2035315,29499,50887.57,15211419,0
"2021-12-27",21880,6777702,9180,5863915,932,566479,43242,2078557,75234,51519.86,15286653,0
"2021-12-28",20263,6797965,8299,5872214,696,567175,47367,2125924,76625,51886.29,15363278,0
"2021-12-29",18575,6816540,7637,5879851,605,567780,45331,2171255,72148,51402,15435426,0
"2021-12-30",16937,6833477,7395,5887246,579,568359,44630,2215885,69541,51032.71,15504967,0
"2021-12-31",5363,6838840,2785,5890031,193,568552,14674,2230559,23015,49560.14,15527982,0
"2022-01-01",235,6839075,140,5890171,11,568563,489,2231048,875,49562.43,15528857,0
"2022-01-02",6469,6845544,5006,5895177,153,568716,10946,2241994,22574,48573.14,15551431,0
"2022-01-03",14223,6859767,8464,5903641,513,569229,26710,2268704,49910,44955.43,15601341,0
"2022-01-04",13183,6872950,8047,5911688,411,569640,26834,2295538,48475,40934,15649816,0
"2022-01-05",11709,6884659,6942,5918630,383,570023,25579,2321117,44613,37000.43,15694429,0
"2022-01-06",11645,6896304,7336,5925966,480,570503,27264,2348381,46725,33741,15741154,0
"2022-01-07",10536,6906840,8395,5934361,336,570839,24794,2373175,44061,36747.57,15785215,0
"2022-01-08",7993,6914833,8518,5942879,310,571149,19314,2392489,36135,41784.71,15821350,0
"2022-01-09",4175,6919008,3834,5946713,215,571364,10019,2402508,18243,41166,15839593,0
"2022-01-10",10261,6929269,8150,5954863,487,571851,24461,2426969,43359,40230.14,15882952,0
"2022-01-11",8975,6938244,7946,5962809,520,572371,20848,2447817,38289,38775,15921241,0
"2022-01-12",9006,6947250,8292,5971101,429,572800,22194,2470011,39921,38104.71,15961162,0
"2022-01-13",9122,6956372,8795,5979896,449,573249,22638,2492649,41004,37287.43,16002166,0
"2022-01-14",10148,6966520,8023,5987919,473,573722,26075,2518724,44719,37381.43,16046885,0
"2022-01-15",6219,6972739,4245,5992164,175,573897,14906,2533630,25545,35868.57,16072430,0
"2022-01-16",2946,6975685,3248,5995412,95,573992,7785,2541415,14074,35273,16086504,0
"2022-01-17",6107,6981792,6713,6002125,363,574355,14563,2555978,27746,33042.57,16114250,0
"2022-01-18",8149,6989941,10098,6012223,392,574747,19257,2575235,37896,32986.43,16152146,0
"2022-01-19",7536,6997477,9174,6021397,305,575052,17583,2592818,34598,32226,16186744,0
"2022-01-20",6319,7003796,8480,6029877,303,575355,15079,2607897,30181,30679.86,16216925,0
"2022-01-21",7665,7011461,7451,6037328,278,575633,18331,2626228,33725,29109.29,16250650,0
"2022-01-22",5226,7016687,4910,6042238,131,575764,11262,2637490,21529,28535.57,16272179,0
"2022-01-23",2831,7019518,3319,6045557,97,575861,6201,2643691,12448,28303.29,16284627,0
"2022-01-24",6430,7025948,8145,6053702,258,576119,14956,2658647,29789,28595.14,16314416,0
"2022-01-25",6235,7032183,7890,6061592,233,576352,14574,2673221,28932,27314.57,16343348,0
"2022-01-26",5797,7037980,7123,6068715,284,576636,13899,2687120,27103,26243.86,16370451,0
"2022-01-27",5270,7043250,7001,6075716,312,576948,13928,2701048,26511,25719.57,16396962,0
"2022-01-28",6320,7049570,7780,6083496,205,577153,16008,2717056,30313,25232.14,16427275,0
"2022-01-29",859,7050429,700,6084196,27,577180,2519,2719575,4105,22743,16431380,0
"2022-01-30",2113,7052542,2992,6087188,102,577282,4514,2724089,9721,22353.43,16441101,0
"2022-01-31",5041,7057583,6537,6093725,217,577499,11261,2735350,23056,21391.57,16464157,0
"2022-02-01",4851,7062434,6399,6100124,219,577718,10617,2745967,22086,20413.57,16486243,0
"2022-02-02",4281,7066715,5890,6106014,213,577931,11130,2757097,21514,19615.14,16507757,0
"2022-02-03",4256,7070971,5742,6111756,217,578148,11113,2768210,21328,18874.71,16529085,0
"2022-02-04",4786,7075757,7064,6118820,212,578360,13123,2781333,25185,18142.14,16554270,0
"2022-02-05",3605,7079362,6013,6124833,110,578470,8527,2789860,18255,20163.57,16572525,0
"2022-02-06",2033,7081395,2126,6126959,121,578591,4590,2794450,8870,20042,16581395,0
"2022-02-07",4180,7085575,4686,6131645,201,578792,10065,2804515,19132,19481.43,16600527,0
"2022-02-08",4237,7089812,5560,6137205,211,579003,11209,2815724,21217,19357.29,16621744,0
"2022-02-09",4125,7093937,5338,6142543,222,579225,11500,2827224,21185,19310.29,16642929,0
"2022-02-10",3931,7097868,5053,6147596,234,579459,11835,2839059,21053,19271,16663982,0
"2022-02-11",4513,7102381,5759,6153355,190,579649,13571,2852630,24033,19106.43,16688015,0
"2022-02-12",3271,7105652,4302,6157657,96,579745,8732,2861362,16401,18841.57,16704416,0
"2022-02-13",1529,7107181,1533,6159190,40,579785,4855,2866217,7957,18711.14,16712373,0
"2022-02-14",3001,7110182,3579,6162769,159,579944,10389,2876606,17128,18424.86,16729501,0
"2022-02-15",3593,7113775,4011,6166780,176,580120,12526,2889132,20306,18294.71,16749807,0
"2022-02-16",3662,7117437,3832,6170612,190,580310,15441,2904573,23125,18571.86,16772932,0
"2022-02-17",4005,7121442,4026,6174638,158,580468,17825,2922398,26014,19280.57,16798946,0
"2022-02-18",4480,7125922,4716,6179354,182,580650,20999,2943397,30377,20186.86,16829323,0
"2022-02-19",3271,7129193,2175,6181529,65,580715,11058,2954455,16569,20210.86,16845892,0
"2022-02-20",1874,7131067,1439,6182968,59,580774,6529,2960984,9901,20488.57,16855793,0
"2022-02-21",3104,7134171,2665,6185633,92,580866,8263,2969247,14124,20059.43,16869917,0
"2022-02-22",4387,7138558,4160,6189793,164,581030,10661,2979908,19372,19926,16889289,0
"2022-02-23",4239,7142797,3705,6193498,139,581169,10428,2990336,18511,19266.86,16907800,120000
"2022-02-24",3772,7146569,3568,6197066,98,581267,9923,3000259,17361,18030.71,16925161,120000
"2022-02-25",3574,7150143,3508,6200574,112,581379,9767,3010026,16961,16114.14,16942122,120000
"2022-02-26",2821,7152964,2540,6203114,67,581446,9358,3019384,14786,15859.43,16956908,120000
"2022-02-27",1792,7154756,1319,6204433,48,581494,6194,3025578,9353,15781.14,16966261,120000
"2022-02-28",3828,7158584,2962,6207395,121,581615,12681,3038259,19592,16562.29,16985853,120000
"2022-03-01",665,7159249,882,6208277,35,581650,1736,3039995,3318,14268.86,16989171,120000
