"DATE","ADMIN_DOSE1_DAILY","ADMIN_DOSE1_CUMULATIVE","ADMIN_DOSE2_DAILY","ADMIN_DOSE2_CUMULATIVE","ADMIN_SINGLE_DAILY","ADMIN_SINGLE_CUMULATIVE","ADMIN_ADDITIONAL1_DAILY","ADMIN_ADDITIONAL1_CUMULATIVE","ADMIN_ADDITIONAL2_DAILY","ADMIN_ADDITIONAL2_CUMULATIVE","ADMIN_ADDITIONAL_DAILY","ADMIN_ADDITIONAL_CUMULATIVE","ADMIN_ALLDOSES_DAILY","ADMIN_ALLDOSES_7DAYAVG","ADMIN_ALLDOSES_CUMULATIVE","ADMIN_ALLDOSES_PRIMARY","INCOMPLETE"
2020-12-14,79,79,0,0,2,2,0,0,0,0,0,0,81,,81,81,0
2020-12-15,2051,2130,6,6,5,7,0,0,0,0,0,0,2062,,2143,2143,0
2020-12-16,4607,6737,15,21,4,11,1,1,0,0,1,1,4627,,6770,6769,0
2020-12-17,4659,11396,18,39,2,13,1,2,0,0,1,2,4680,,11450,11448,0
2020-12-18,5833,17229,18,57,2,15,2,4,0,0,2,4,5855,,17305,17301,0
2020-12-19,1689,18918,7,64,3,18,0,4,0,0,0,4,1699,,19004,19000,0
2020-12-20,1116,20034,2,66,1,19,0,4,0,0,0,4,1119,2874.71,20123,20119,0
2020-12-21,6343,26377,20,86,0,19,5,9,0,0,5,9,6368,3772.86,26491,26482,0
2020-12-22,9797,36174,27,113,2,21,1,10,0,0,1,10,9827,4882.14,36318,36308,0
2020-12-23,14275,50449,35,148,3,24,0,10,0,0,0,10,14313,6265.86,50631,50621,0
2020-12-24,7196,57645,26,174,1,25,0,10,0,0,0,10,7223,6629.14,57854,57844,0
2020-12-25,180,57825,0,174,0,25,1,11,0,0,1,11,181,5818.57,58035,58024,0
2020-12-26,4390,62215,45,219,0,25,1,12,0,0,1,12,4436,6209.57,62471,62459,0
2020-12-27,3870,66085,14,233,0,25,1,13,0,0,1,13,3885,6604.71,66356,66343,0
2020-12-28,10993,77078,49,282,1,26,3,16,0,0,3,16,11046,7273,77402,77386,0
2020-12-29,10717,87795,35,317,2,28,2,18,0,0,2,18,10756,7405.71,88158,88140,0
2020-12-30,12822,100617,46,363,0,28,0,18,0,0,0,18,12868,7199.29,101026,101008,0
2020-12-31,7261,107878,35,398,1,29,0,18,0,0,0,18,7297,7209.86,108323,108305,0
2021-01-01,181,108059,2,400,1,30,3,21,0,0,3,21,187,7210.71,108510,108489,0
2021-01-02,3809,111868,10,410,3,33,2,23,0,0,2,23,3824,7123.29,112334,112311,0
2021-01-03,3542,115410,24,434,2,35,1,24,0,0,1,24,3569,7078.14,115903,115879,0
2021-01-04,12256,127666,807,1241,2,37,7,31,0,0,7,31,13072,7367.57,128975,128944,0
2021-01-05,14090,141756,2194,3435,2,39,12,43,1,1,13,44,16299,8159.43,145274,145230,0
2021-01-06,17798,159554,3926,7361,1,40,32,75,8,9,40,84,21765,9430.43,167039,166955,0
2021-01-07,16550,176104,5173,12534,4,44,45,120,3,12,48,132,21775,11498.71,188814,188682,0
2021-01-08,16614,192718,5460,17994,0,44,34,154,4,16,38,170,22112,14630.86,210926,210756,0
2021-01-09,7652,200370,1462,19456,1,45,7,161,2,18,9,179,9124,15388,220050,219871,0
2021-01-10,7881,208251,983,20439,0,45,11,172,0,18,11,190,8875,16146,228925,228735,0
2021-01-11,25820,234071,7457,27896,2,47,50,222,8,26,58,248,33337,19041,262262,262014,0
2021-01-12,28251,262322,7862,35758,1,48,45,267,4,30,49,297,36163,21878.71,298425,298128,0
2021-01-13,31719,294041,9396,45154,1,49,59,326,4,34,63,360,41179,24652.14,339604,339244,0
2021-01-14,35810,329851,5314,50468,1,50,33,359,7,41,40,400,41165,27422.14,380769,380369,0
2021-01-15,29263,359114,3708,54176,2,52,31,390,5,46,36,436,33009,28978.86,413778,413342,0
2021-01-16,30286,389400,2381,56557,0,52,24,414,6,52,30,466,32697,32346.43,446475,446009,0
2021-01-17,23742,413142,1634,58191,0,52,19,433,1,53,20,486,25396,34706.57,471871,471385,0
2021-01-18,27092,440234,2423,60614,0,52,36,469,7,60,43,529,29559,34166.86,501430,500901,0
2021-01-19,34292,474526,9634,70248,1,53,69,538,6,66,75,604,44002,35286.71,545432,544828,0
2021-01-20,34865,509391,9499,79747,1,54,58,596,4,70,62,666,44427,35750.71,589859,589193,0
2021-01-21,25587,534978,8094,87841,2,56,52,648,5,75,57,723,33740,34690,623599,622876,0
2021-01-22,24748,559726,4388,92229,1,57,32,680,7,82,39,762,29176,34142.43,652775,652013,0
2021-01-23,15736,575462,3229,95458,0,57,11,691,2,84,13,775,18978,32182.57,671753,670978,0
2021-01-24,7176,582638,3455,98913,0,57,20,711,1,85,21,796,10652,30076.29,682405,681609,0
2021-01-25,13406,596044,11825,110738,0,57,66,777,12,97,78,874,25309,29469.14,707714,706840,0
2021-01-26,16759,612803,10757,121495,0,57,69,846,2,99,71,945,27587,27124.14,735301,734356,0
2021-01-27,20834,633637,12357,133852,0,57,52,898,10,109,62,1007,33253,25527.86,768554,767547,0
2021-01-28,30762,664399,12847,146699,0,57,83,981,16,125,99,1106,43711,26952.29,812265,811159,0
2021-01-29,31688,696087,11511,158210,0,57,82,1063,10,135,92,1198,43291,28968.71,855556,854358,0
2021-01-30,18709,714796,3742,161952,0,57,20,1083,2,137,22,1220,22473,29468,878029,876809,0
2021-01-31,13014,727810,2923,164875,1,58,30,1113,5,142,35,1255,15973,30228.14,894002,892747,0
2021-02-01,1179,728989,5370,170245,4,62,36,1149,4,146,40,1295,6593,27554.43,900595,899300,0
2021-02-02,2826,731815,9477,179722,2,64,48,1197,4,150,52,1347,12357,25378.71,912952,911605,0
2021-02-03,16347,748162,21246,200968,4,68,204,1401,21,171,225,1572,37822,26031.43,950774,949202,0
2021-02-04,27040,775202,19651,220619,3,71,204,1605,10,181,214,1786,46908,26488.14,997682,995896,0
2021-02-05,27587,802789,20036,240655,1,72,184,1789,15,196,199,1985,47823,27135.57,1045505,1043520,0
2021-02-06,22987,825776,11248,251903,0,72,113,1902,12,208,125,2110,34360,28833.71,1079865,1077755,0
2021-02-07,12039,837815,8283,260186,1,73,92,1994,14,222,106,2216,20429,29470.29,1100294,1098078,0
2021-02-08,16952,854767,23519,283705,2,75,236,2230,34,256,270,2486,40743,34348.86,1141037,1138551,0
2021-02-09,17190,871957,28107,311812,2,77,342,2572,42,298,384,2870,45683,39109.71,1186720,1183850,0
2021-02-10,19594,891551,29301,341113,2,79,268,2840,49,347,317,3187,49215,40737.29,1235935,1232748,0
2021-02-11,27841,919392,33474,374587,2,81,340,3180,58,405,398,3585,61717,42852.86,1297652,1294067,0
2021-02-12,38381,957773,30802,405389,3,84,360,3540,39,444,399,3984,69585,45961.71,1367237,1363253,0
2021-02-13,27998,985771,25316,430705,2,86,307,3847,55,499,362,4346,53679,48721.57,1420916,1416570,0
2021-02-14,16275,1002046,23728,454433,0,86,268,4115,33,532,301,4647,40304,51560.86,1461220,1456573,0
2021-02-15,12795,1014841,10522,464955,2,88,178,4293,24,556,202,4849,23521,49100.57,1484741,1479892,0
2021-02-16,14239,1029080,26723,491678,0,88,330,4623,37,593,367,5216,41329,48478.57,1526070,1520854,0
2021-02-17,16388,1045468,22199,513877,1,89,284,4907,38,631,322,5538,38910,47006.43,1564980,1559442,0
2021-02-18,12146,1057614,24989,538866,21,110,295,5202,44,675,339,5877,37495,43546.14,1602475,1596598,0
2021-02-19,13261,1070875,23928,562794,39,149,312,5514,45,720,357,6234,37585,38974.71,1640060,1633826,0
2021-02-20,11352,1082227,26066,588860,6,155,332,5846,80,800,412,6646,37837,36711.57,1677897,1671251,0
2021-02-21,6359,1088586,17415,606275,15,170,289,6135,46,846,335,6981,24124,34400.14,1702021,1695040,0
2021-02-22,13043,1101629,11840,618115,2,172,131,6266,20,866,151,7132,25036,34616.57,1727057,1719925,0
2021-02-23,25249,1126878,14141,632256,1,173,159,6425,35,901,194,7326,39586,34367.57,1766643,1759317,0
2021-02-24,36356,1163234,20392,652648,0,173,227,6652,42,943,269,7595,57017,36954.29,1823660,1816065,0
2021-02-25,54607,1217841,30399,683047,6,179,401,7053,64,1007,465,8060,85477,43808.86,1909137,1901077,0
2021-02-26,62854,1280695,31870,714917,4,183,419,7472,79,1086,498,8558,95226,52043.29,2004363,1995805,0
2021-02-27,51288,1331983,22753,737670,47,230,337,7809,53,1139,390,8948,74478,57277.71,2078841,2069893,0
2021-02-28,44580,1376563,13833,751503,7,237,207,8016,34,1173,241,9189,58661,62211.57,2137502,2128313,0
2021-03-01,39315,1415878,12780,764283,10,247,169,8185,25,1198,194,9383,52299,66106.29,2189801,2180418,0
2021-03-02,47081,1462959,12580,776863,7,254,158,8343,14,1212,172,9555,59840,68999.71,2249641,2240086,0
2021-03-03,48605,1511564,16153,793016,17,271,150,8493,21,1233,171,9726,64946,70132.43,2314587,2304861,0
2021-03-04,59817,1571381,22820,815836,1092,1363,275,8768,35,1268,310,10036,84039,69927,2398626,2388590,0
2021-03-05,60978,1632359,24283,840119,3108,4471,337,9105,36,1304,373,10409,88742,69000.71,2487368,2476959,0
2021-03-06,47175,1679534,18882,859001,5451,9922,243,9348,36,1340,279,10688,71787,68616.29,2559155,2548467,0
2021-03-07,36040,1715574,14880,873881,6245,16167,233,9581,21,1361,254,10942,57419,68438.86,2616574,2605632,0
2021-03-08,39625,1755199,14682,888563,8561,24728,316,9897,92,1453,408,11350,63276,70007,2679850,2668500,0
2021-03-09,39102,1794301,12856,901419,7761,32489,183,10080,34,1487,217,11567,59936,70020.71,2739786,2728219,0
2021-03-10,51820,1846121,15362,916781,5066,37555,227,10307,32,1519,259,11826,72507,71100.86,2812293,2800467,0
2021-03-11,59982,1906103,21822,938603,4619,42174,250,10557,48,1567,298,12124,86721,71484,2899014,2886890,0
2021-03-12,52198,1958301,30309,968912,4182,46356,381,10938,85,1652,466,12590,87155,71257.29,2986169,2973579,0
2021-03-13,40648,1998949,26688,995600,5110,51466,328,11266,52,1704,380,12970,72826,71405.71,3058995,3046025,0
2021-03-14,30712,2029661,15972,1011572,4526,55992,243,11509,28,1732,271,13241,51482,70557.57,3110477,3097236,0
2021-03-15,33592,2063253,17254,1028826,4709,60701,241,11750,34,1766,275,13516,55830,69493.86,3166307,3152791,0
2021-03-16,38669,2101922,20513,1049339,4925,65626,262,12012,36,1802,298,13814,64405,70132.29,3230712,3216898,0
2021-03-17,42610,2144532,24794,1074133,4244,69870,347,12359,39,1841,386,14200,72034,70064.71,3302746,3288546,0
2021-03-18,50438,2194970,26810,1100943,5235,75105,374,12733,62,1903,436,14636,82919,69521.57,3385665,3371029,0
2021-03-19,47787,2242757,29966,1130909,5624,80729,395,13128,69,1972,464,15100,83842,69048.29,3469507,3454407,0
2021-03-20,38708,2281465,25838,1156747,4685,85414,299,13427,60,2032,359,15459,69590,68586,3539097,3523638,0
2021-03-21,29296,2310761,19360,1176107,769,86183,225,13652,44,2076,269,15728,49694,68330.57,3588791,3573063,0
2021-03-22,33864,2344625,26743,1202850,4038,90221,262,13914,38,2114,300,16028,64946,69632.86,3653737,3637709,0
2021-03-23,38431,2383056,32845,1235695,4216,94437,299,14213,55,2169,354,16382,75846,71267.29,3729583,3713201,0
2021-03-24,41493,2424549,37610,1273305,4847,99284,330,14543,63,2232,393,16775,84343,73025.71,3813926,3797151,0
2021-03-25,43400,2467949,50801,1324106,5054,104338,482,15025,87,2319,569,17344,99824,75440.71,3913750,3896406,0
2021-03-26,38499,2506448,55513,1379619,4309,108647,532,15557,100,2419,632,17976,98953,77599.43,4012703,3994727,0
2021-03-27,35737,2542185,45753,1425372,2939,111586,420,15977,83,2502,503,18479,84932,79791.14,4097635,4079156,0
2021-03-28,26387,2568572,34456,1459828,1482,113068,340,16317,65,2567,405,18884,62730,81653.43,4160365,4141481,0
2021-03-29,34813,2603385,38869,1498697,3246,116314,348,16665,111,2678,459,19343,77387,83430.71,4237752,4218409,0
2021-03-30,40506,2643891,41924,1540621,3713,120027,345,17010,65,2743,410,19753,86553,84960.29,4324305,4304552,0
2021-03-31,49389,2693280,44876,1585497,7441,127468,405,17415,88,2831,493,20246,102199,87511.14,4426504,4406258,0
2021-04-01,50774,2744054,53955,1639452,11277,138745,501,17916,85,2916,586,20832,116592,89906.57,4543096,4522264,0
2021-04-02,43757,2787811,53883,1693335,11970,150715,555,18471,69,2985,624,21456,110234,91518.14,4653330,4631874,0
2021-04-03,39247,2827058,39219,1732554,9859,160574,337,18808,59,3044,396,21852,88721,92059.43,4742051,4720199,0
2021-04-04,26555,2853613,24790,1757344,3903,164477,226,19034,49,3093,275,22127,55523,91029.86,4797574,4775447,0
2021-04-05,41882,2895495,34485,1791829,11198,175675,376,19410,61,3154,437,22564,88002,92546.29,4885576,4863012,0
2021-04-06,53259,2948754,35613,1827442,13218,188893,438,19848,78,3232,516,23080,102606,94839.57,4988182,4965102,0
2021-04-07,55498,3004252,40700,1868142,14388,203281,410,20258,81,3313,491,23571,111077,96107.86,5099259,5075688,0
2021-04-08,59259,3063511,46590,1914732,16340,219621,529,20787,85,3398,614,24185,122803,96995.14,5222062,5197877,0
2021-04-09,56642,3120153,44961,1959693,17559,237180,524,21311,77,3475,601,24786,119763,98356.43,5341825,5317039,0
2021-04-10,49344,3169497,35644,1995337,12722,249902,395,21706,61,3536,456,25242,98166,99705.71,5439991,5414749,0
2021-04-11,38180,3207677,28818,2024155,7681,257583,298,22004,58,3594,356,25598,75035,102493.14,5515026,5489428,0
2021-04-12,46631,3254308,31846,2056001,13500,271083,468,22472,66,3660,534,26132,92511,103137.29,5607537,5581405,0
2021-04-13,52543,3306851,33785,2089786,368,271451,402,22874,64,3724,466,26598,87162,100931,5694699,5668101,0
2021-04-14,50140,3356991,39960,2129746,20,271471,371,23245,72,3796,443,27041,90563,98000.43,5785262,5758221,0
2021-04-15,52117,3409108,43688,2173434,16,271487,456,23701,106,3902,562,27603,96384,94226.29,5881646,5854043,0
2021-04-16,51185,3460293,42213,2215647,32,271519,435,24136,71,3973,506,28109,93936,90536.71,5975582,5947473,0
2021-04-17,43832,3504125,35695,2251342,3,271522,369,24505,84,4057,453,28562,79983,87939.14,6055565,6027003,0
2021-04-18,28602,3532727,29368,2280710,7,271529,256,24761,65,4122,321,28883,58298,85548.14,6113863,6084980,0
2021-04-19,37459,3570186,36454,2317164,22,271551,328,25089,65,4187,393,29276,74328,82950.57,6188191,6158915,0
2021-04-20,40810,3610996,39629,2356793,19,271570,317,25406,80,4267,397,29673,80855,82049.57,6269046,6239373,0
2021-04-21,38891,3649887,46017,2402810,16,271586,504,25910,97,4364,601,30274,85525,81329.86,6354571,6324297,0
2021-04-22,38489,3688376,48965,2451775,9,271595,342,26252,74,4438,416,30690,87880,80115,6442451,6411761,0
2021-04-23,39694,3728070,44384,2496159,3,271598,350,26602,77,4515,427,31117,84508,78768.14,6526959,6495842,0
2021-04-24,31942,3760012,41607,2537766,44,271642,278,26880,62,4577,340,31457,73933,77903.86,6600892,6569435,0
2021-04-25,18418,3778430,31228,2568994,87,271729,198,27078,58,4635,256,31713,49989,76716.86,6650881,6619168,0
2021-04-26,26966,3805396,40735,2609729,1012,272741,290,27368,89,4724,379,32092,69092,75968.86,6719973,6687881,0
2021-04-27,28572,3833968,47138,2656867,1699,274440,357,27725,93,4817,450,32542,77859,75540.86,6797832,6765290,0
2021-04-28,27027,3860995,56845,2713712,2146,276586,437,28162,100,4917,537,33079,86555,75688,6884387,6851308,0
2021-04-29,28608,3889603,57201,2770913,2148,278734,368,28530,99,5016,467,33546,88424,75765.71,6972811,6939265,0
2021-04-30,30116,3919719,51989,2822902,2058,280792,284,28814,75,5091,359,33905,84523,75767.86,7057334,7023429,0
2021-05-01,22477,3942196,44539,2867441,1177,281969,235,29049,64,5155,299,34204,68492,74990.57,7125826,7091622,0
2021-05-02,11921,3954117,36654,2904095,1081,283050,144,29193,54,5209,198,34402,49854,74971.29,7175680,7141278,0
2021-05-03,18020,3972137,53033,2957128,2383,285433,255,29448,92,5301,347,34749,73784,75641.57,7249464,7214715,0
2021-05-04,22735,3994872,56652,3013780,2331,287764,269,29717,116,5417,385,35134,82103,76247.86,7331567,7296433,0
2021-05-05,21479,4016351,48765,3062545,2313,290077,311,30028,102,5519,413,35547,72970,74307.14,7404537,7368990,0
2021-05-06,20677,4037028,50177,3112722,2508,292585,276,30304,89,5608,365,35912,73727,72207.57,7478264,7442352,0
2021-05-07,21248,4058276,52094,3164816,2812,295397,313,30617,79,5687,392,36304,76546,71068,7554810,7518506,0
2021-05-08,16628,4074904,41864,3206680,1835,297232,234,30851,71,5758,305,36609,60632,69945.14,7615442,7578833,0
2021-05-09,7970,4082874,29414,3236094,1260,298492,151,31002,56,5814,207,36816,38851,68373.29,7654293,7617477,0
2021-05-10,14379,4097253,38534,3274628,2355,300847,239,31241,92,5906,331,37147,55599,65775.43,7709892,7672745,0
2021-05-11,19908,4117161,43063,3317691,2514,303361,284,31525,85,5991,369,37516,65854,63454.14,7775746,7738230,0
2021-05-12,17820,4134981,40546,3358237,3595,306956,233,31758,79,6070,312,37828,62273,61926,7838019,7800191,0
2021-05-13,24963,4159944,40433,3398670,3230,310186,262,32020,77,6147,339,38167,68965,61245.71,7906984,7868817,0
2021-05-14,27030,4186974,42925,3441595,3538,313724,268,32288,96,6243,364,38531,73857,60861.57,7980841,7942310,0
2021-05-15,23648,4210622,34921,3476516,3365,317089,251,32539,77,6320,328,38859,62262,61094.43,8043103,8004244,0
2021-05-16,15521,4226143,19453,3495969,2496,319585,124,32663,45,6365,169,39028,37639,60921.29,8080742,8041714,0
2021-05-17,22669,4248812,29144,3525113,3254,322839,185,32848,67,6432,252,39280,55319,60881.29,8136061,8096781,0
2021-05-18,24632,4273444,31909,3557022,3405,326244,240,33088,75,6507,315,39595,60261,60082.29,8196322,8156727,0
2021-05-19,24186,4297630,29725,3586747,3041,329285,226,33314,48,6555,274,39869,57226,59361.29,8253548,8213679,0
2021-05-20,24149,4321779,30102,3616849,3162,332447,267,33581,86,6641,353,40222,57766,57761.43,8311314,8271092,0
2021-05-21,24674,4346453,32002,3648851,3057,335504,247,33828,60,6701,307,40529,60040,55787.57,8371354,8330825,0
2021-05-22,20018,4366471,24369,3673220,2525,338029,163,33991,48,6749,211,40740,47123,53624.86,8418477,8377737,0
2021-05-23,11229,4377700,13734,3686954,1411,339440,93,34084,33,6782,126,40866,26500,52033.57,8444977,8404111,0
2021-05-24,18870,4396570,23164,3710118,2756,342196,213,34297,55,6837,268,41134,45058,50567.71,8490035,8448901,0
2021-05-25,19430,4416000,23381,3733499,2602,344798,173,34470,57,6894,230,41364,45643,48479.43,8535678,8494314,0
2021-05-26,18783,4434783,21095,3754594,2697,347495,198,34668,48,6942,246,41610,42821,46421.57,8578499,8536889,0
2021-05-27,18466,4453249,21280,3775874,2529,350024,180,34848,61,7003,241,41851,42516,44243,8621015,8579164,0
2021-05-28,17859,4471108,22884,3798758,2751,352775,187,35035,56,7059,243,42094,43737,41914,8664752,8622658,0
2021-05-29,12707,4483815,17812,3816570,1755,354530,105,35140,39,7098,144,42238,32418,39813.29,8697170,8654932,0
2021-05-30,7029,4490844,8949,3825519,1074,355604,49,35189,17,7115,66,42304,17118,38473,8714288,8671984,0
2021-05-31,4742,4495586,6923,3832442,1013,356617,63,35252,17,7132,80,42384,12758,33858.71,8727046,8684662,0
2021-06-01,16048,4511634,25194,3857636,2176,358793,155,35407,43,7175,198,42582,43616,33569.14,8770662,8728080,0
2021-06-02,15355,4526989,20397,3878033,2095,360888,139,35546,48,7223,187,42769,38034,32885.29,8808696,8765927,0
2021-06-03,15003,4541992,23823,3901856,2281,363169,128,35674,45,7268,173,42942,41280,32708.71,8849976,8807034,0
2021-06-04,14720,4556712,25994,3927850,2492,365661,147,35821,41,7309,188,43130,43394,32659.71,8893370,8850240,0
2021-06-05,10989,4567701,22091,3949941,1806,367467,116,35937,28,7337,144,43274,35030,33032.86,8928400,8885126,0
2021-06-06,6443,4574144,14485,3964426,1222,368689,90,36027,13,7350,103,43377,22253,33766.43,8950653,8907276,0
2021-06-07,11700,4585844,21782,3986208,2378,371067,142,36169,37,7387,179,43556,36039,37092.29,8986692,8943136,0
2021-06-08,12632,4598476,24023,4010231,2072,373139,124,36293,46,7433,170,43726,38897,36418.14,9025589,8981863,0
2021-06-09,11133,4609609,23026,4033257,2299,375438,136,36429,39,7472,175,43901,36633,36218,9062222,9018321,0
2021-06-10,12060,4621669,22239,4055496,2462,377900,138,36567,59,7531,197,44098,36958,35600.57,9099180,9055082,0
2021-06-11,12706,4634375,25125,4080621,2484,380384,156,36723,59,7590,215,44313,40530,35191.43,9139710,9095397,0
2021-06-12,10161,4644536,19318,4099939,1888,382272,94,36817,43,7633,137,44450,31504,34687.71,9171214,9126764,0
2021-06-13,4257,4648793,10933,4110872,1219,383491,41,36858,22,7655,63,44513,16472,33861.86,9187686,9143173,0
2021-06-14,10208,4659001,19238,4130110,2043,385534,128,36986,52,7707,180,44693,31669,33237.57,9219355,9174662,0
2021-06-15,11884,4670885,21018,4151128,1943,387477,131,37117,40,7747,171,44864,35016,32683.14,9254371,9209507,0
2021-06-16,11586,4682471,19409,4170537,1957,389434,145,37262,68,7815,213,45077,33165,32187.71,9287536,9242459,0
2021-06-17,11022,4693493,18762,4189299,1973,391407,124,37386,35,7850,159,45236,31916,31467.43,9319452,9274216,0
2021-06-18,12166,4705659,18501,4207800,2115,393522,113,37499,36,7886,149,45385,32931,30381.86,9352383,9306998,0
2021-06-19,8494,4714153,13518,4221318,1459,394981,84,37583,21,7907,105,45490,23576,29249.29,9375959,9330469,0
2021-06-20,4336,4718489,7158,4228476,924,395905,36,37619,17,7924,53,45543,12471,28677.71,9388430,9342887,0
2021-06-21,10162,4728651,10012,4238488,1807,397712,68,37687,27,7951,95,45638,22076,27307.29,9410506,9364868,0
2021-06-22,9838,4738489,15642,4254130,1589,399301,105,37792,28,7979,133,45771,27202,26191,9437708,9391937,0
2021-06-23,10311,4748800,15185,4269315,1863,401164,103,37895,30,8009,133,45904,27492,25380.57,9465200,9419296,0
2021-06-24,9684,4758484,14700,4284015,1799,402963,120,38015,26,8035,146,46050,26329,24582.43,9491529,9445479,0
2021-06-25,10588,4769072,14386,4298401,1721,404684,113,38128,39,8074,152,46202,26847,23713.29,9518376,9472174,0
2021-06-26,7799,4776871,10466,4308867,1250,405934,76,38204,24,8098,100,46302,19615,23147.43,9537991,9491689,0
2021-06-27,5001,4781872,6000,4314867,795,406729,34,38238,14,8112,48,46350,11844,23057.86,9549835,9503485,0
2021-06-28,9034,4790906,10344,4325211,1526,408255,109,38347,27,8139,136,46486,21040,22909.86,9570875,9524389,0
2021-06-29,9736,4800642,12327,4337538,1347,409602,123,38470,33,8172,156,46642,23566,22390.43,9594441,9547799,0
2021-06-30,9432,4810074,10931,4348469,1487,411089,148,38618,16,8188,164,46806,22014,21607.86,9616455,9569649,0
2021-07-01,9396,4819470,10927,4359396,1434,412523,131,38749,24,8212,155,46961,21912,20976.86,9638367,9591406,0
2021-07-02,9693,4829163,11452,4370848,1541,414064,119,38868,22,8234,141,47102,22828,20402.71,9661195,9614093,0
2021-07-03,7054,4836217,8420,4379268,1193,415257,78,38946,17,8251,95,47197,16762,19995.14,9677957,9630760,0
2021-07-04,1288,4837505,1335,4380603,567,415824,9,38955,3,8254,12,47209,3202,18760.57,9681159,9633950,0
2021-07-05,6494,4843999,7107,4387710,1208,417032,65,39020,22,8276,87,47296,14896,17882.86,9696055,9648759,0
2021-07-06,9511,4853510,12852,4400562,1315,418347,117,39137,37,8313,154,47450,23832,17920.86,9719887,9672437,0
2021-07-07,8665,4862175,11112,4411674,1419,419766,123,39260,19,8332,142,47592,21338,17824.29,9741225,9693633,0
2021-07-08,8218,4870393,10195,4421869,1260,421026,108,39368,22,8354,130,47722,19803,17523,9761028,9713306,0
2021-07-09,8373,4878766,10835,4432704,1278,422304,90,39458,18,8372,108,47830,20594,17203.86,9781622,9733792,0
2021-07-10,7102,4885868,8635,4441339,1131,423435,64,39522,20,8392,84,47914,16952,17231,9798574,9750660,0
2021-07-11,4105,4889973,4540,4445879,702,424137,35,39557,6,8398,41,47955,9388,18114.71,9807962,9760007,0
2021-07-12,8446,4898419,9561,4455440,1252,425389,83,39640,23,8421,106,48061,19365,18753.14,9827327,9779266,0
2021-07-13,9463,4907882,9394,4464834,952,426341,105,39745,34,8455,139,48200,19948,18198.29,9847275,9799075,0
2021-07-14,8999,4916881,9534,4474368,1011,427352,105,39850,21,8476,126,48326,19670,17960,9866945,9818619,0
2021-07-15,8794,4925675,9156,4483524,1054,428406,80,39930,19,8495,99,48425,19103,17860,9886048,9837623,0
2021-07-16,9246,4934921,9763,4493287,981,429387,102,40032,29,8524,131,48556,20121,17792.43,9906169,9857613,0
2021-07-17,6841,4941762,7386,4500673,803,430190,80,40112,20,8544,100,48656,15130,17532.14,9921299,9872643,0
2021-07-18,4255,4946017,4285,4504958,576,430766,35,40147,13,8557,48,48704,9164,17500.14,9930463,9881759,0
2021-07-19,9120,4955137,8480,4513438,999,431765,91,40238,22,8579,113,48817,18712,17406.86,9949175,9900358,0
2021-07-20,10646,4965783,8759,4522197,991,432756,95,40333,25,8604,120,48937,20516,17488,9969691,9920754,0
2021-07-21,10060,4975843,8766,4530963,904,433660,147,40480,33,8637,180,49117,19910,17522.29,9989601,9940484,0
2021-07-22,10688,4986531,8587,4539550,1046,434706,145,40625,26,8663,171,49288,20492,17720.71,10010093,9960805,0
2021-07-23,11252,4997783,8881,4548431,1114,435820,139,40764,23,8686,162,49450,21409,17904.71,10031502,9982052,0
2021-07-24,7399,5005182,6740,4555171,670,436490,82,40846,26,8712,108,49558,14917,17874.29,10046419,9996861,0
2021-07-25,5475,5010657,2126,4557297,509,436999,59,40905,4,8716,63,49621,8173,17732.71,10054592,10004971,0
2021-07-26,10869,5021526,7005,4564302,859,437858,111,41016,20,8736,131,49752,18864,17754.43,10073456,10023704,0
2021-07-27,12068,5033594,8570,4572872,857,438715,134,41150,39,8775,173,49925,21668,17919,10095124,10045199,0
2021-07-28,12016,5045610,8052,4580924,950,439665,133,41283,27,8802,160,50085,21178,18100.14,10116302,10066217,0
2021-07-29,10930,5056540,7433,4588357,984,440649,135,41418,39,8841,174,50259,19521,17961.43,10135823,10085564,0
2021-07-30,14954,5071494,8015,4596372,1151,441800,182,41600,31,8872,213,50472,24333,18379.14,10160156,10109684,0
2021-07-31,9722,5081216,6316,4602688,815,442615,123,41723,20,8892,143,50615,16996,18676.14,10177152,10126537,0
2021-08-01,6499,5087715,3312,4606000,564,443179,81,41804,20,8912,101,50716,10476,19005.14,10187628,10136912,0
2021-08-02,13449,5101164,7154,4613154,846,444025,147,41951,19,8931,166,50882,21615,19398.14,10209243,10158361,0
2021-08-03,15413,5116577,8388,4621542,1109,445134,143,42094,38,8969,181,51063,25091,19887.14,10234334,10183271,0
2021-08-04,17263,5133840,8129,4629671,1454,446588,183,42277,34,9003,217,51280,27063,20727.86,10261397,10210117,0
2021-08-05,17887,5151727,7930,4637601,1370,447958,160,42437,21,9024,181,51461,27368,21848.86,10288765,10237304,0
2021-08-06,18180,5169907,8415,4646016,1232,449190,167,42604,32,9056,199,51660,28026,22376.43,10316791,10265131,0
2021-08-07,13386,5183293,6016,4652032,799,449989,99,42703,28,9084,127,51787,20328,22852.43,10337119,10285332,0
2021-08-08,9310,5192603,3835,4655867,400,450389,82,42785,10,9094,92,51879,13637,23304,10350756,10298877,0
2021-08-09,21344,5213947,8527,4664394,965,451354,169,42954,34,9128,203,52082,31039,24650.29,10381795,10329713,0
2021-08-10,18946,5232893,9331,4673725,946,452300,180,43134,33,9161,213,52295,29436,25271,10411231,10358936,0
2021-08-11,15646,5248539,8312,4682037,853,453153,128,43262,45,9206,173,52468,24984,24974,10436215,10383747,0
2021-08-12,15058,5263597,8988,4691025,942,454095,174,43436,35,9241,209,52677,25197,24663.86,10461412,10408735,0
2021-08-13,14920,5278517,9294,4700319,919,455014,243,43679,38,9279,281,52958,25415,24290.86,10486827,10433869,0
2021-08-14,10397,5288914,6410,4706729,625,455639,534,44213,39,9318,573,53531,18005,23959,10504832,10451301,0
2021-08-15,6693,5295607,4479,4711208,676,456315,567,44780,33,9351,600,54131,12448,23789.14,10517280,10463149,0
2021-08-16,15715,5311322,9302,4720510,1150,457465,1323,46103,65,9416,1388,55519,27555,23291.43,10544835,10489316,0
2021-08-17,17768,5329090,10456,4730966,1229,458694,1773,47876,85,9501,1858,57377,31311,23559.29,10576146,10518769,0
2021-08-18,17495,5346585,10375,4741341,1260,459954,1989,49865,95,9596,2084,59461,31214,24449.29,10607360,10547899,0
2021-08-19,16293,5362878,9526,4750867,1315,461269,1958,51823,66,9662,2024,61485,29158,25015.14,10636518,10575033,0
2021-08-20,16280,5379158,11536,4762403,1254,462523,1862,53685,86,9748,1948,63433,31018,25815.57,10667536,10604103,0
2021-08-21,11147,5390305,8038,4770441,878,463401,1061,54746,56,9804,1117,64550,21180,26269.14,10688716,10624166,0
2021-08-22,4078,5394383,3902,4774343,261,463662,516,55262,34,9838,550,65100,8791,25746.71,10697507,10632407,0
2021-08-23,15581,5409964,11806,4786149,1022,464684,1549,56811,76,9914,1625,66725,30035,26101,10727542,10660817,0
2021-08-24,16913,5426877,12599,4798748,1006,465690,1775,58586,77,9991,1852,68577,32370,26252.29,10759912,10691335,0
2021-08-25,14572,5441449,12452,4811200,1111,466801,1567,60153,78,10069,1645,70222,29780,26047.43,10789692,10719470,0
2021-08-26,16150,5457599,14099,4825299,1071,467872,1773,61926,68,10137,1841,72063,33161,26619.29,10822853,10750790,0
2021-08-27,14878,5472477,14825,4840124,971,468843,1672,63598,74,10211,1746,73809,32420,26819.57,10855273,10781464,0
2021-08-28,10680,5483157,11525,4851649,835,469678,1015,64613,45,10256,1060,74869,24100,27236.71,10879373,10804504,0
2021-08-29,7215,5490372,7493,4859142,541,470219,779,65392,59,10315,838,75707,16087,28279,10895460,10819753,0
2021-08-30,15523,5505895,16926,4876068,1076,471295,1790,67182,89,10404,1879,77586,35404,29046,10930864,10853278,0
2021-08-31,15509,5521404,15960,4892028,952,472247,1974,69156,88,10492,2062,79648,34483,29347.86,10965347,10885699,0
2021-09-01,14830,5536234,14106,4906134,1020,473267,1809,70965,61,10553,1870,81518,31826,29640.14,10997173,10915655,0
2021-09-02,14320,5550554,12524,4918658,896,474163,1710,72675,61,10614,1771,83289,29511,29118.71,11026684,10943395,0
2021-09-03,15009,5565563,14311,4932969,974,475137,1894,74569,68,10682,1962,85251,32256,29095.29,11058940,10973689,0
2021-09-04,9645,5575208,9404,4942373,688,475825,977,75546,33,10715,1010,86261,20747,28616.29,11079687,10993426,0
2021-09-05,6800,5582008,5514,4947887,438,476263,714,76260,16,10731,730,86991,13482,28244.14,11093169,11006178,0
2021-09-06,5195,5587203,4512,4952399,358,476621,271,76531,11,10742,282,87273,10347,24664.57,11103516,11016243,0
2021-09-07,15573,5602776,17700,4970099,912,477533,1558,78089,89,10831,1647,88920,35832,24857.29,11139348,11050428,0
2021-09-08,16158,5618934,14826,4984925,1072,478605,1773,79862,83,10914,1856,90776,33912,25155.29,11173260,11082484,0
2021-09-09,16106,5635040,14750,4999675,1047,479652,1917,81779,74,10988,1991,92767,33894,25781.43,11207154,11114387,0
2021-09-10,18363,5653403,15394,5015069,1207,480859,1978,83757,81,11069,2059,94826,37023,26462.43,11244177,11149351,0
2021-09-11,12637,5666040,10349,5025418,958,481817,1028,84785,48,11117,1076,95902,25020,27072.86,11269197,11173295,0
2021-09-12,8537,5674577,5052,5030470,766,482583,691,85476,30,11147,721,96623,15076,27300.57,11284273,11187650,0
2021-09-13,16930,5691507,12963,5043433,976,483559,1655,87131,53,11200,1708,98331,32577,30476.29,11316850,11218519,0
2021-09-14,16264,5707771,13676,5057109,886,484445,1597,88728,56,11256,1653,99984,32479,29997.29,11349329,11249345,0
2021-09-15,15530,5723301,12888,5069997,727,485172,1570,90298,81,11337,1651,101635,30796,29552.14,11380125,11278490,0
2021-09-16,15337,5738638,13911,5083908,1209,486381,1462,91760,66,11403,1528,103163,31985,29279.43,11412110,11308947,0
2021-09-17,14434,5753072,13958,5097866,922,487303,1834,93594,60,11463,1894,105057,31208,28448.71,11443318,11338261,0
2021-09-18,9995,5763067,10186,5108052,913,488216,1049,94643,41,11504,1090,106147,22184,28043.57,11465502,11359355,0
2021-09-19,6177,5769244,6071,5114123,558,488774,748,95391,28,11532,776,106923,13582,27830.14,11479084,11372161,0
2021-09-20,12672,5781916,12634,5126757,1068,489842,1925,97316,58,11590,1983,108906,28357,27227.29,11507441,11398535,0
2021-09-21,12227,5794143,12769,5139526,1109,490951,2031,99347,78,11668,2109,111015,28214,26618,11535655,11424640,0
2021-09-22,12820,5806963,12006,5151532,1090,492041,1686,101033,68,11736,1754,112769,27670,26171.43,11563325,11450556,0
2021-09-23,14934,5821897,12762,5164294,1639,493680,2267,103300,74,11810,2341,115110,31676,26127.29,11595001,11479891,0
2021-09-24,16444,5838341,13367,5177661,1636,495316,4626,107926,117,11927,4743,119853,36190,26839,11631191,11511338,0
2021-09-25,10537,5848878,9024,5186685,1018,496334,3464,111390,75,12002,3539,123392,24118,27115.29,11655309,11531917,0
2021-09-26,6298,5855176,5764,5192449,773,497107,2422,113812,60,12062,2482,125874,15317,27363.14,11670626,11544752,0
2021-09-27,14153,5869329,8059,5200508,1155,498262,9072,122884,157,12219,9229,135103,32597,27968.86,11703223,11568120,0
2021-09-28,11131,5880460,11785,5212293,902,499164,9923,132807,177,12396,10100,145203,33918,28783.71,11737141,11591938,0
2021-09-29,11602,5892062,12192,5224485,1205,500369,9457,142264,165,12561,9622,154825,34622,29776.86,11771763,11616938,0
2021-09-30,12233,5904295,12606,5237091,1338,501707,9753,152017,176,12737,9929,164754,36106,30409.71,11807869,11643115,0
2021-10-01,12634,5916929,13431,5250522,1284,502991,10273,162290,151,12888,10424,175178,37773,30635.86,11845642,11670464,0
2021-10-02,7726,5924655,9977,5260499,865,503856,4246,166536,76,12964,4322,179500,22890,30460.43,11868532,11689032,0
2021-10-03,5069,5929724,6158,5266657,593,504449,2616,169152,57,13021,2673,182173,14493,30342.71,11883025,11700852,0
2021-10-04,9907,5939631,11020,5277677,913,505362,9532,178684,142,13163,9674,191847,31514,30188,11914539,11722692,0
2021-10-05,10151,5949782,11736,5289413,972,506334,9945,188629,178,13341,10123,201970,32982,30054.29,11947521,11745551,0
2021-10-06,9893,5959675,11052,5300465,936,507270,9935,198564,158,13499,10093,212063,31974,29676,11979495,11767432,0
2021-10-07,9612,5969287,12153,5312618,850,508120,10182,208746,172,13671,10354,222417,32969,29227.86,12012464,11790047,0
2021-10-08,9448,5978735,12175,5324793,941,509061,10915,219661,163,13834,11078,233495,33642,28637.71,12046106,11812611,0
2021-10-09,6238,5984973,8237,5333030,643,509704,4124,223785,88,13922,4212,237707,19330,28129.14,12065436,11827729,0
2021-10-10,3538,5988511,5028,5338058,458,510162,2436,226221,45,13967,2481,240188,11505,27702.29,12076941,11836753,0
2021-10-11,7615,5996126,9335,5347393,728,510890,8892,235113,161,14128,9053,249241,26731,27019,12103672,11854431,0
2021-10-12,8067,6004193,10995,5358388,891,511781,10524,245637,181,14309,10705,259946,30658,26687,12134330,11874384,0
2021-10-13,7148,6011341,10149,5368537,869,512650,8802,254439,177,14486,8979,268925,27145,25997.14,12161475,11892550,0
2021-10-14,7431,6018772,11114,5379651,837,513487,10126,264565,160,14646,10286,279211,29668,25525.57,12191143,11911932,0
2021-10-15,7718,6026490,11855,5391506,823,514310,10829,275394,168,14814,10997,290208,31393,25204.29,12222536,11932328,0
2021-10-16,4862,6031352,7468,5398974,666,514976,3844,279238,67,14881,3911,294119,16907,24858.14,12239443,11945324,0
2021-10-17,3054,6034406,4474,5403448,411,515387,2453,281691,43,14924,2496,296615,10435,24705.29,12249878,11953263,0
2021-10-18,7042,6041448,10667,5414115,796,516183,9486,291177,178,15102,9664,306279,28169,24910.71,12278047,11971768,0
2021-10-19,6565,6048013,8946,5423061,804,516987,9097,300274,173,15275,9270,315549,25585,24186,12303632,11988083,0
2021-10-20,6527,6054540,9373,5432434,975,517962,10001,310275,174,15449,10175,325724,27050,24172.43,12330682,12004958,0
2021-10-21,7021,6061561,9388,5441822,858,518820,10855,321130,153,15602,11008,336732,28275,23973.43,12358957,12022225,0
2021-10-22,8110,6069671,10345,5452167,1026,519846,16358,337488,212,15814,16570,353302,36051,24638.86,12395008,12041706,0
2021-10-23,5163,6074834,6460,5458627,690,520536,9124,346612,117,15931,9241,362543,21554,25302.71,12416562,12054019,0
2021-10-24,3265,6078099,3968,5462595,769,521305,6167,352779,76,16007,6243,368786,14245,25847,12430807,12062021,0
2021-10-25,8750,6086849,8741,5471336,1150,522455,19262,372041,296,16303,19558,388344,38199,27279.86,12469006,12080662,0
2021-10-26,8186,6095035,7724,5479060,1258,523713,17300,389341,263,16566,17563,405907,34731,28586.43,12503737,12097830,0
2021-10-27,10539,6105574,8392,5487452,1605,525318,20872,410213,321,16887,21193,427100,41729,30683.43,12545466,12118366,0
2021-10-28,11313,6116887,8033,5495485,1793,527111,20861,431074,318,17205,21179,448279,42318,32689.57,12587784,12139505,0
2021-10-29,11841,6128728,8236,5503721,1960,529071,22547,453621,329,17534,22876,471155,44914,33955.71,12632698,12161543,0
2021-10-30,4626,6133354,5064,5508785,930,530001,11176,464797,163,17697,11339,482494,21959,34013.57,12654657,12172163,0
2021-10-31,2658,6136012,2700,5511485,544,530545,6642,471439,100,17797,6742,489236,12644,33784.86,12667301,12178065,0
2021-11-01,7121,6143133,6953,5518438,1089,531634,20398,491837,322,18119,20720,509956,35883,33454,12703184,12193228,0
2021-11-02,6563,6149696,6587,5525025,1054,532688,20801,512638,268,18387,21069,531025,35273,33531.43,12738457,12207432,0
2021-11-03,6840,6156536,6680,5531705,1026,533714,20640,533278,306,18693,20946,551971,35494,32640.71,12773951,12221980,0
2021-11-04,9295,6165831,6279,5537984,996,534710,22380,555658,345,19038,22725,574696,39295,32208.86,12813246,12238550,0
2021-11-05,11036,6176867,6721,5544705,1051,535761,23775,579433,352,19390,24127,598823,42935,31926.14,12856181,12257358,0
2021-11-06,11125,6187992,4052,5548757,594,536355,12602,592035,168,19558,12770,611593,28541,32866.43,12884722,12273129,0
2021-11-07,7246,6195238,2286,5551043,577,536932,7116,599151,94,19652,7210,618803,17319,33534.29,12902041,12283238,0
2021-11-08,15042,6210280,5677,5556720,864,537796,19525,618676,275,19927,19800,638603,41383,34320,12943424,12304821,0
2021-11-09,16135,6226415,5387,5562107,660,538456,20527,639203,269,20196,20796,659399,42978,35420.71,12986402,12327003,0
2021-11-10,16917,6243332,5321,5567428,683,539139,22664,661867,288,20484,22952,682351,45873,36903.43,13032275,12349924,0
2021-11-11,12549,6255881,5181,5572609,759,539898,22106,683973,286,20770,22392,704743,40881,37130,13073156,12368413,0
2021-11-12,16872,6272753,5685,5578294,705,540603,23424,707397,355,21125,23779,728522,47041,37716.57,13120197,12391675,0
2021-11-13,9930,6282683,3662,5581956,463,541066,13339,720736,180,21305,13519,742041,27574,37578.43,13147771,12405730,0
2021-11-14,6006,6288689,2290,5584246,325,541391,7939,728675,76,21381,8015,750056,16636,37480.86,13164407,12414351,0
2021-11-15,13205,6301894,5970,5590216,690,542081,25126,753801,358,21739,25484,775540,45349,38047.43,13209756,12434216,0
2021-11-16,9946,6311840,5781,5595997,654,542735,30685,784486,422,22161,31107,806647,47489,38691.86,13257245,12450598,0
2021-11-17,10284,6322124,6671,5602668,681,543416,31443,815929,410,22571,31853,838500,49489,39208.43,13306734,12468234,0
2021-11-18,10710,6332834,6535,5609203,857,544273,33031,848960,454,23025,33485,871985,51587,40737.86,13358321,12486336,0
2021-11-19,11993,6344827,6547,5615750,713,544986,36273,885233,451,23476,36724,908709,55977,42014.43,13414298,12505589,0
2021-11-20,9315,6354142,3417,5619167,513,545499,22526,907759,254,23730,22780,931489,36025,43221.71,13450323,12518834,0
2021-11-21,4936,6359078,1888,5621055,288,545787,13213,920972,149,23879,13362,944851,20474,43770,13470797,12525946,0
2021-11-22,10408,6369486,5786,5626841,750,546537,35955,956927,436,24315,36391,981242,53336,44911,13524133,12542891,0
2021-11-23,9759,6379245,4784,5631625,635,547172,33552,990479,371,24686,33923,1015165,49102,45141.43,13573235,12558070,0
2021-11-24,8685,6387930,4750,5636375,649,547821,25944,1016423,281,24967,26225,1041390,40309,43830,13613544,12572154,0
2021-11-25,448,6388378,328,5636703,80,547901,1003,1017426,9,24976,1012,1042402,1868,36727.29,13615412,12573010,0
2021-11-26,8051,6396429,6986,5643689,528,548429,26601,1044027,295,25271,26896,1069298,42461,34796.43,13657873,12588575,0
2021-11-27,6669,6403098,6833,5650522,371,548800,18857,1062884,219,25490,19076,1088374,32950,34357.14,13690823,12602449,0
2021-11-28,4061,6407159,5790,5656312,282,549082,11908,1074792,119,25609,12027,1100401,22160,34598,13712983,12612582,0
2021-11-29,9087,6416246,11003,5667315,686,549768,35096,1109888,430,26039,35526,1135927,56302,35021.71,13769285,12633358,0
2021-11-30,10478,6426724,11441,5678756,513,550281,37813,1147701,489,26528,38302,1174229,60734,36683.43,13830019,12655790,0
2021-12-01,11168,6437892,10983,5689739,725,551006,40377,1188078,437,26965,40814,1215043,63691,40023.71,13893710,12678667,0
2021-12-02,11630,6449522,11038,5700777,626,551632,42196,1230274,448,27413,42644,1257687,65938,49176.57,13959648,12701961,0
2021-12-03,13448,6462970,12893,5713670,674,552306,47979,1278253,513,27926,48492,1306179,75507,53897.43,14035155,12728976,0
2021-12-04,9826,6472796,11287,5724957,567,552873,30704,1308957,303,28229,31007,1337186,52687,56717,14087842,12750656,0
2021-12-05,5745,6478541,5702,5730659,270,553143,16673,1325630,127,28356,16800,1353986,28517,57625.14,14116359,12762373,0
2021-12-06,12307,6490848,9963,5740622,600,553743,43280,1368910,440,28796,43720,1397706,66590,59094.86,14182949,12785243,0
2021-12-07,12568,6503416,9252,5749874,624,554367,43076,1411986,493,29289,43569,1441275,66013,59849,14248962,12807687,0
2021-12-08,13505,6516921,8776,5758650,555,554922,40827,1452813,466,29755,41293,1482568,64129,59911.57,14313091,12830523,0
2021-12-09,13468,6530389,8752,5767402,555,555477,40848,1493661,488,30243,41336,1523904,64111,59650.57,14377202,12853298,0
2021-12-10,14019,6544408,10147,5777549,670,556147,43695,1537356,487,30730,44182,1568086,69018,58723.57,14446220,12878134,0
2021-12-11,10259,6554667,8128,5785677,405,556552,26725,1564081,274,31004,26999,1595085,45792,57738.57,14492012,12896927,0
2021-12-12,6009,6560676,3855,5789532,288,556840,15178,1579259,132,31136,15310,1610395,25462,57302.14,14517474,12907079,0
2021-12-13,12201,6572877,7431,5796963,657,557497,37912,1617171,390,31526,38302,1648697,58591,56159.43,14576065,12927368,0
2021-12-14,12213,6585090,6960,5803923,730,558227,38182,1655353,428,31954,38610,1687307,58513,55088,14634578,12947271,0
2021-12-15,12079,6597169,6245,5810168,755,558982,38170,1693523,481,32435,38651,1725958,57731,54174,14692309,12966351,0
2021-12-16,13160,6610329,4271,5814439,742,559724,41144,1734667,446,32881,41590,1767548,59763,53552.86,14752072,12984524,0
2021-12-17,15922,6626251,6933,5821372,619,560343,46829,1781496,472,33353,47301,1814849,70775,53803.86,14822847,13007998,0
2021-12-18,13005,6639256,5722,5827094,432,560775,30637,1812133,267,33620,30904,1845753,50063,54414,14872910,13027157,0
2021-12-19,7009,6646265,2991,5830085,326,561101,18020,1830153,171,33791,18191,1863944,28517,54850.43,14901427,13037483,0
2021-12-20,16838,6663103,5865,5835950,746,561847,47494,1877647,566,34357,48060,1912004,71509,56695.86,14972936,13060932,0
2021-12-21,17949,6681052,6572,5842522,806,562653,48936,1926583,580,34937,49516,1961520,74843,59028.71,15047779,13086259,0
2021-12-22,18530,6699582,6561,5849083,938,563591,49750,1976333,530,35467,50280,2011800,76309,61682.71,15124088,13112288,0
2021-12-23,19022,6718604,6487,5855570,930,564521,45891,2022224,521,35988,46412,2058212,72851,63552.43,15196939,13138727,0
2021-12-24,9227,6727831,2952,5858522,598,565119,20611,2042835,210,36198,20821,2079033,33598,58241.43,15230537,13151504,0
2021-12-25,344,6728175,63,5858585,31,565150,427,2043262,8,36206,435,2079468,873,51214.29,15231410,13151942,0
2021-12-26,7956,6736131,3925,5862510,340,565490,17292,2060554,174,36380,17466,2096934,29687,51381.43,15261097,13164163,0
2021-12-27,21774,6757905,9205,5871715,934,566424,43462,2104016,549,36929,44011,2140945,75924,52012.14,15337021,13196076,0
2021-12-28,20151,6778056,8331,5880046,702,567126,47593,2151609,606,37535,48199,2189144,77383,52375,15414404,13225260,0
2021-12-29,18490,6796546,7671,5887717,607,567733,45592,2197201,478,38013,46070,2235214,72838,51879.14,15487242,13252028,0
2021-12-30,16881,6813427,7424,5895141,588,568321,44862,2242063,577,38590,45439,2280653,70332,51519.29,15557574,13276921,0
2021-12-31,5356,6818783,2808,5897949,193,568514,14771,2256834,182,38772,14953,2295606,23310,50049.57,15580884,13285278,0
2022-01-01,244,6819027,147,5898096,12,568526,501,2257335,22,38794,523,2296129,926,50057.14,15581810,13285681,0
2022-01-02,6427,6825454,5022,5903118,153,568679,10986,2268321,109,38903,11095,2307224,22697,49058.57,15604507,13297283,0
2022-01-03,14120,6839574,8500,5911618,514,569193,26959,2295280,341,39244,27300,2334524,50434,45417.14,15654941,13320417,0
2022-01-04,12807,6852381,8124,5919742,415,569608,27238,2322518,363,39607,27601,2362125,48947,41354.86,15703888,13341763,0
2022-01-05,11332,6863713,7015,5926757,382,569990,25984,2348502,308,39915,26292,2388417,45021,37381,15748909,13360492,0
2022-01-06,11377,6875090,7389,5934146,483,570473,27612,2376114,334,40249,27946,2416363,47195,34075.71,15796104,13379741,0
2022-01-07,10211,6885301,8443,5942589,339,570812,25160,2401274,321,40570,25481,2441844,44475,37099.29,15840579,13398735,0
2022-01-08,7724,6893025,8579,5951168,310,571122,19569,2420843,178,40748,19747,2461591,36361,42161.43,15876940,13415349,0
2022-01-09,4123,6897148,3843,5955011,214,571336,10071,2430914,93,40841,10164,2471755,18344,41539.57,15895284,13423529,0
2022-01-10,10171,6907319,8192,5963203,490,571826,24618,2455532,298,41139,24916,2496671,43769,40587.43,15939053,13442382,0
2022-01-11,8882,6916201,7989,5971192,521,572347,21032,2476564,285,41424,21317,2517988,38711,39125.14,15977764,13459776,0
2022-01-12,8926,6925127,8330,5979522,427,572774,22353,2498917,288,41712,22641,2540629,40324,38454.14,16018088,13477459,0
2022-01-13,9034,6934161,8866,5988388,452,573226,22900,2521817,317,42029,23217,2563846,41570,37650.57,16059658,13495812,0
2022-01-14,10091,6944252,8119,5996507,476,573702,26438,2548255,328,42357,26766,2590612,45452,37790.14,16105110,13514498,0
2022-01-15,6206,6950458,4310,6000817,178,573880,15142,2563397,178,42535,15320,2605932,26014,36312,16131124,13525192,0
2022-01-16,2913,6953371,3249,6004066,95,573975,7825,2571222,87,42622,7912,2613844,14169,35715.57,16145293,13531449,0
2022-01-17,6064,6959435,6755,6010821,363,574338,14688,2585910,218,42840,14906,2628750,28088,33475.43,16173381,13544631,0
2022-01-18,8149,6967584,10321,6021142,396,574734,19677,2605587,316,43156,19993,2648743,38859,33496.57,16212240,13563497,0
2022-01-19,7447,6975031,9248,6030390,304,575038,17729,2623316,272,43428,18001,2666744,35001,32736.14,16247241,13580497,0
2022-01-20,6267,6981298,8561,6038951,305,575343,15263,2638579,247,43675,15510,2682254,30643,31175.14,16277884,13595630,0
2022-01-21,7560,6988858,7509,6046460,276,575619,18518,2657097,281,43956,18799,2701053,34144,29559.71,16312028,13610975,0
2022-01-22,5185,6994043,4935,6051395,131,575750,11328,2668425,126,44082,11454,2712507,21705,28944.14,16333733,13621226,0
2022-01-23,2807,6996850,3327,6054722,97,575847,6234,2674659,76,44158,6310,2718817,12541,28711.57,16346274,13627457,0
2022-01-24,6357,7003207,8205,6062927,262,576109,15081,2689740,238,44396,15319,2734136,30143,29005.14,16376417,13642281,0
2022-01-25,6180,7009387,7937,6070864,231,576340,14696,2704436,262,44658,14958,2749094,29306,27640.43,16405723,13656629,0
2022-01-26,5741,7015128,7176,6078040,289,576629,14024,2718460,211,44869,14235,2763329,27441,26560.43,16433164,13669835,0
2022-01-27,5245,7020373,7091,6085131,321,576950,14092,2732552,230,45099,14322,2777651,26979,26037,16460143,13682492,0
2022-01-28,6244,7026617,7880,6093011,203,577153,16137,2748689,237,45336,16374,2794025,30701,25545.14,16490844,13696819,0
2022-01-29,840,7027457,728,6093739,28,577181,2539,2751228,39,45375,2578,2796603,4174,23040.71,16495018,13698415,0
2022-01-30,2090,7029547,3025,6096764,103,577284,4538,2755766,64,45439,4602,2801205,9820,22652,16504838,13703633,0
2022-01-31,5000,7034547,6592,6103356,220,577504,11396,2767162,197,45636,11593,2812798,23405,21689.43,16528243,13715445,0
2022-02-01,4823,7039370,6442,6109798,219,577723,10720,2777882,220,45856,10940,2823738,22424,20706.29,16550667,13726929,0
2022-02-02,4251,7043621,5935,6115733,212,577935,11239,2789121,244,46100,11483,2835221,21881,19912,16572548,13737327,0
2022-02-03,4224,7047845,5814,6121547,216,578151,11222,2800343,200,46300,11422,2846643,21676,19154.43,16594224,13747581,0
2022-02-04,4756,7052601,7116,6128663,214,578365,13223,2813566,239,46539,13462,2860105,25548,18418.29,16619772,13759667,0
2022-02-05,3570,7056171,6051,6134714,110,578475,8579,2822145,156,46695,8735,2868840,18466,20460,16638238,13769398,0
2022-02-06,2060,7058231,2139,6136853,121,578596,4638,2826783,102,46797,4740,2873580,9061,20351.57,16647299,13773719,0
2022-02-07,4148,7062379,4736,6141589,205,578801,10142,2836925,232,47029,10374,2883954,19463,19788.43,16666762,13782808,0
2022-02-08,4213,7066592,5609,6147198,214,579015,11329,2848254,306,47335,11635,2895589,21671,19680.86,16688433,13792844,0
2022-02-09,4129,7070721,5403,6152601,223,579238,11665,2859919,255,47590,11920,2907509,21675,19651.43,16710108,13802599,0
2022-02-10,3989,7074710,5124,6157725,245,579483,12204,2872123,285,47875,12489,2919998,21847,19675.86,16731955,13811957,0
2022-02-11,4506,7079216,5808,6163533,195,579678,13739,2885862,321,48196,14060,2934058,24569,19536,16756524,13822466,0
2022-02-12,3256,7082472,4342,6167875,97,579775,8811,2894673,213,48409,9024,2943082,16719,19286.43,16773243,13830161,0
2022-02-13,1519,7083991,1544,6169419,41,579816,4881,2899554,111,48520,4992,2948074,8096,19148.57,16781339,13833265,0
2022-02-14,2977,7086968,3625,6173044,167,579983,10576,2910130,324,48844,10900,2958974,17669,18892.29,16799008,13840034,0
2022-02-15,3545,7090513,4076,6177120,175,580158,12791,2922921,282,49126,13073,2972047,20869,18777.71,16819877,13847830,0
2022-02-16,3646,7094159,3908,6181028,200,580358,15732,2938653,296,49422,16028,2988075,23782,19078.71,16843659,13855584,0
2022-02-17,4032,7098191,4077,6185105,162,580520,18321,2956974,359,49781,18680,3006755,26951,19807.86,16870610,13863855,0
2022-02-18,4464,7102655,4788,6189893,189,580709,21537,2978511,455,50236,21992,3028747,31433,20788.43,16902043,13873296,0
2022-02-19,3250,7105905,2183,6192076,65,580774,11181,2989692,218,50454,11399,3040146,16897,20813.86,16918940,13878794,0
2022-02-20,1851,7107756,1444,6193520,59,580833,6591,2996283,113,50567,6704,3046850,10058,21094.14,16928998,13882148,0
2022-02-21,3083,7110839,2696,6196216,95,580928,8351,3004634,230,50797,8581,3055431,14455,20635,16943453,13888022,0
2022-02-22,4377,7115216,4253,6200469,175,581103,10838,3015472,251,51048,11089,3066520,19894,20495.71,16963347,13896827,0
2022-02-23,4257,7119473,3787,6204256,145,581248,10675,3026147,240,51288,10915,3077435,19104,19827.43,16982451,13905016,0
2022-02-24,3791,7123264,3657,6207913,108,581356,10198,3036345,227,51515,10425,3087860,17981,18546,17000432,13912572,0
2022-02-25,3609,7126873,3628,6211541,135,581491,9986,3046331,238,51753,10224,3098084,17596,16569.29,17018028,13919944,0
2022-02-26,2833,7129706,2580,6214121,74,581565,9519,3055850,152,51905,9671,3107755,15158,16320.86,17033186,13925431,0
2022-02-27,1768,7131474,1374,6215495,52,581617,6268,3062118,102,52007,6370,3114125,9564,16250.29,17042750,13928625,0
2022-02-28,3795,7135269,3135,6218630,141,581758,13138,3075256,249,52256,13387,3127512,20458,17107.86,17063208,13935696,0
2022-03-01,2133,7137402,2628,6221258,103,581861,5179,3080435,187,52443,5366,3132878,10230,15727.29,17073438,13940560,0
2022-03-02,1836,7139238,2445,6223703,107,581968,4132,3084567,207,52650,4339,3137217,8727,14244.86,17082165,13944948,0
2022-03-03,1936,7141174,2556,6226259,106,582074,3798,3088365,170,52820,3968,3141185,8566,12899.86,17090731,13949546,0
2022-03-04,2124,7143298,2873,6229132,66,582140,4328,3092693,208,53028,4536,3145721,9599,11757.43,17100330,13954609,0
2022-03-05,1612,7144910,2123,6231255,43,582183,3318,3096011,118,53146,3436,3149157,7214,10622.57,17107544,13958387,0
2022-03-06,798,7145708,879,6232134,30,582213,1624,3097635,55,53201,1679,3150836,3386,9740,17110930,13960094,0
2022-03-07,1667,7147375,1787,6233921,86,582299,3498,3101133,160,53361,3658,3154494,7198,7845.71,17118128,13963634,0
2022-03-08,1547,7148922,1895,6235816,79,582378,3126,3104259,151,53512,3277,3157771,6798,7355.43,17124926,13967155,0
2022-03-09,1266,7150188,1679,6237495,79,582457,2588,3106847,130,53642,2718,3160489,5742,6929,17130668,13970179,0
2022-03-10,1418,7151606,2102,6239597,85,582542,2960,3109807,164,53806,3124,3163613,6729,6666.57,17137397,13973784,0
2022-03-11,1599,7153205,2273,6241870,81,582623,3213,3113020,189,53995,3402,3167015,7355,6346,17144752,13977737,0
2022-03-12,877,7154082,1415,6243285,42,582665,2009,3115029,75,54070,2084,3169099,4418,5946.57,17149170,13980071,0
2022-03-13,624,7154706,757,6244042,28,582693,1291,3116320,48,54118,1339,3170438,2748,5855.43,17151918,13981480,0
2022-03-14,1371,7156077,1610,6245652,83,582776,2988,3119308,210,54328,3198,3173636,6262,5721.71,17158180,13984544,0
2022-03-15,1357,7157434,1927,6247579,63,582839,3069,3122377,231,54559,3300,3176936,6647,5700.14,17164827,13987891,0
2022-03-16,1396,7158830,2066,6249645,94,582933,3138,3125515,295,54854,3433,3180369,6989,5878.29,17171816,13991447,0
2022-03-17,1192,7160022,1806,6251451,70,583003,2761,3128276,267,55121,3028,3183397,6096,5787.86,17177912,13994515,0
2022-03-18,1592,7161614,2217,6253668,79,583082,3772,3132048,416,55537,4188,3187585,8076,5890.86,17185988,13998403,0
2022-03-19,1111,7162725,1731,6255399,54,583136,2603,3134651,226,55763,2829,3190414,5725,6077.57,17191713,14001299,0
2022-03-20,609,7163334,629,6256028,33,583169,1466,3136117,186,55949,1652,3192066,2923,6102.57,17194636,14002570,0
2022-03-21,1418,7164752,1555,6257583,72,583241,3059,3139176,357,56306,3416,3195482,6461,6131,17201097,14005615,0
2022-03-22,1344,7166096,1555,6259138,101,583342,2906,3142082,344,56650,3250,3198732,6250,6074.29,17207347,14008615,0
2022-03-23,1260,7167356,1360,6260498,66,583408,2920,3145002,373,57023,3293,3202025,5979,5930,17213326,14011301,0
2022-03-24,1213,7168569,1299,6261797,90,583498,2520,3147522,268,57291,2788,3204813,5390,5829.14,17218716,14013903,0
2022-03-25,1385,7169954,1631,6263428,62,583560,3268,3150790,379,57670,3647,3208460,6725,5636.14,17225441,14016981,0
2022-03-26,927,7170881,1163,6264591,36,583596,2308,3153098,250,57920,2558,3211018,4684,5487.43,17230125,14019107,0
2022-03-27,573,7171454,528,6265119,29,583625,1315,3154413,202,58122,1517,3212535,2647,5448,17232772,14020237,0
2022-03-28,1083,7172537,1166,6266285,69,583694,2440,3156853,363,58485,2803,3215338,5121,5256.57,17237893,14022555,0
2022-03-29,1051,7173588,1103,6267388,85,583779,2511,3159364,882,59367,3393,3218731,5632,5168.29,17243525,14024794,0
2022-03-30,1245,7174833,1141,6268529,99,583878,3063,3162427,3409,62776,6472,3225203,8957,5593.71,17252482,14027279,0
2022-03-31,1285,7176118,1255,6269784,57,583935,3166,3165593,5506,68282,8672,3233875,11270,6433.71,17263752,14029877,0
2022-04-01,1427,7177545,1492,6271276,76,584011,3249,3168842,6905,75187,10154,3244029,13149,7351.43,17276901,14032872,0
2022-04-02,909,7178454,909,6272185,33,584044,2093,3170935,4531,79718,6624,3250653,8475,7893,17285376,14034723,0
2022-04-03,555,7179009,495,6272680,28,584072,1219,3172154,3058,82776,4277,3254930,5355,8279.86,17290731,14035801,0
2022-04-04,1354,7180363,1308,6273988,61,584133,2732,3174886,7700,90476,10432,3265362,13155,9427.57,17303886,14038524,0
2022-04-05,1302,7181665,1158,6275146,66,584199,2848,3177734,7484,97960,10332,3275694,12858,10459.86,17316744,14041050,0
2022-04-06,1342,7183007,1178,6276324,61,584260,2624,3180358,6957,104917,9581,3285275,12162,10917.71,17328906,14043631,0
2022-04-07,1209,7184216,1065,6277389,57,584317,2380,3182738,6609,111526,8989,3294264,11320,10924.86,17340226,14045962,0
2022-04-08,1483,7185699,1407,6278796,61,584378,3167,3185905,8782,120308,11949,3306213,14900,11175,17355126,14048913,0
2022-04-09,912,7186611,924,6279720,29,584407,2079,3187984,4948,125256,7027,3313240,8892,11234.57,17364018,14050778,0
2022-04-10,583,7187194,460,6280180,25,584432,1168,3189152,2897,128153,4065,3317305,5133,11202.86,17369151,14051846,0
2022-04-11,1311,7188505,1239,6281419,59,584491,2662,3191814,7810,135963,10472,3327777,13081,11192.29,17382232,14054455,0
2022-04-12,1219,7189724,1055,6282474,73,584564,2525,3194339,7424,143387,9949,3337726,12296,11112,17394528,14056802,0
2022-04-13,1236,7190960,1080,6283554,59,584623,2517,3196856,7536,150923,10053,3347779,12428,11150,17406956,14059177,0
2022-04-14,1271,7192231,1095,6284649,59,584682,2443,3199299,6580,157503,9023,3356802,11448,11168.29,17418404,14061602,0
2022-04-15,1336,7193567,1099,6285748,53,584735,2570,3201869,6620,164123,9190,3365992,11678,10708,17430082,14064090,0
2022-04-16,858,7194425,653,6286401,34,584769,1644,3203513,3684,167807,5328,3371320,6873,10419.57,17436955,14065635,0
2022-04-17,346,7194771,202,6286603,27,584796,638,3204151,1156,168963,1794,3373114,2369,10024.71,17439324,14066210,0
2022-04-18,1388,7196159,1117,6287720,82,584878,2588,3206739,6408,175371,8996,3382110,11583,9810.71,17450907,14068797,0
2022-04-19,1420,7197579,936,6288656,71,584949,2580,3209319,5743,181114,8323,3390433,10750,9589.86,17461657,14071224,0
2022-04-20,1315,7198894,1157,6289813,65,585014,2713,3212032,6631,187745,9344,3399777,11881,9511.71,17473538,14073761,0
2022-04-21,1228,7200122,1063,6290876,53,585067,2332,3214364,5331,193076,7663,3407440,10007,9305.86,17483545,14076105,0
2022-04-22,1213,7201335,1025,6291901,46,585113,2199,3216563,5646,198722,7845,3415285,10130,9084.71,17493675,14078390,0
2022-04-23,715,7202050,749,6292650,59,585172,1427,3217990,3346,202068,4773,3420058,6296,9002.29,17499971,14079913,0
2022-04-24,442,7202492,336,6292986,27,585199,811,3218801,1815,203883,2626,3422684,3431,9154,17503402,14080718,0
2022-04-25,1034,7203526,918,6293904,64,585263,1852,3220653,5088,208971,6940,3429624,8956,8778.71,17512358,14082734,0
2022-04-26,952,7204478,859,6294763,76,585339,1749,3222402,4693,213664,6442,3436066,8329,8432.86,17520687,14084621,0
2022-04-27,1039,7205517,1027,6295790,80,585419,1928,3224330,5204,218868,7132,3443198,9278,8061,17529965,14086767,0
2022-04-28,1089,7206606,986,6296776,50,585469,2005,3226335,4729,223597,6734,3449932,8859,7897,17538824,14088892,0
2022-04-29,1187,7207793,1106,6297882,60,585529,2163,3228498,5395,228992,7558,3457490,9911,7865.71,17548735,14091245,0
2022-04-30,726,7208519,744,6298626,50,585579,1391,3229889,2960,231952,4351,3461841,5871,7805,17554606,14092765,0
2022-05-01,445,7208964,366,6298992,20,585599,765,3230654,1658,233610,2423,3464264,3254,7779.71,17557860,14093596,0
2022-05-02,1052,7210016,792,6299784,52,585651,1677,3232331,3815,237425,5492,3469756,7388,7555.71,17565248,14095492,0
2022-05-03,1121,7211137,864,6300648,61,585712,1999,3234330,4860,242285,6859,3476615,8905,7638,17574153,14097538,0
2022-05-04,1018,7212155,883,6301531,48,585760,1929,3236259,4660,246945,6589,3483204,8538,7532.29,17582691,14099487,0
2022-05-05,1075,7213230,957,6302488,87,585847,1928,3238187,4873,251818,6801,3490005,8920,7541,17591611,14101606,0
2022-05-06,1095,7214325,961,6303449,51,585898,1868,3240055,4383,256201,6251,3496256,8358,7319.14,17599969,14103713,0
2022-05-07,660,7214985,591,6304040,32,585930,1204,3241259,2427,258628,3631,3499887,4914,7182.43,17604883,14104996,0
2022-05-08,415,7215400,246,6304286,17,585947,666,3241925,1381,260009,2047,3501934,2725,7106.86,17607608,14105674,0
2022-05-09,1084,7216484,946,6305232,60,586007,1893,3243818,4420,264429,6313,3508247,8403,7251.86,17616011,14107764,0
2022-05-10,1098,7217582,932,6306164,54,586061,1986,3245804,4712,269141,6698,3514945,8782,7234.29,17624793,14109848,0
2022-05-11,1093,7218675,977,6307141,44,586105,1946,3247750,4829,273970,6775,3521720,8889,7284.43,17633682,14111962,0
2022-05-12,1109,7219784,951,6308092,60,586165,1999,3249749,4659,278629,6658,3528378,8778,7264.14,17642460,14114082,0
2022-05-13,1162,7220946,1043,6309135,44,586209,2060,3251809,4792,283421,6852,3535230,9101,7370.29,17651561,14116331,0
2022-05-14,831,7221777,670,6309805,31,586240,1471,3253280,2946,286367,4417,3539647,5949,7518.14,17657510,14117863,0
2022-05-15,512,7222289,357,6310162,22,586262,923,3254203,1646,288013,2569,3542216,3460,7623.14,17660970,14118754,0
2022-05-16,1232,7223521,858,6311020,62,586324,1830,3256033,3855,291868,5685,3547901,7837,7542.29,17668807,14120906,0
2022-05-17,1299,7224820,930,6311950,79,586403,2045,3258078,4877,296745,6922,3554823,9230,7606.29,17678037,14123214,0
2022-05-18,1246,7226066,902,6312852,82,586485,2062,3260140,4931,301676,6993,3561816,9223,7654,17687260,14125444,0
2022-05-19,1167,7227233,882,6313734,36,586521,2121,3262261,4717,306393,6838,3568654,8923,7674.71,17696183,14127529,0
2022-05-20,1204,7228437,965,6314699,74,586595,2367,3264628,5194,311587,7561,3576215,9806,7775.43,17705989,14129774,0
2022-05-21,839,7229276,649,6315348,23,586618,1723,3266351,3292,314879,5015,3581230,6527,7858,17712516,14131286,0
2022-05-22,511,7229787,290,6315638,22,586640,1136,3267487,1836,316715,2972,3584202,3795,7905.86,17716311,14132109,0
2022-05-23,1224,7231011,888,6316526,52,586692,2188,3269675,4696,321411,6884,3591086,9048,8078.86,17725359,14134273,0
2022-05-24,1429,7232440,944,6317470,66,586758,2298,3271973,4466,325877,6764,3597850,9204,8075.14,17734563,14136713,0
2022-05-25,1433,7233873,957,6318427,56,586814,2264,3274237,4250,330127,6514,3604364,8961,8037.71,17743524,14139160,0
2022-05-26,1185,7235058,889,6319316,60,586874,2261,3276498,4136,334263,6397,3610761,8532,7981.86,17752056,14141295,0
2022-05-27,1255,7236313,959,6320275,38,586912,2499,3278997,3901,338164,6400,3617161,8653,7817.14,17760709,14143548,0
2022-05-28,721,7237034,517,6320792,19,586931,1781,3280778,2061,340225,3842,3621003,5099,7613.14,17765808,14144805,0
2022-05-29,476,7237510,216,6321008,11,586942,760,3281538,1121,341346,1881,3622884,2584,7440.14,17768392,14145508,0
2022-05-30,91,7237601,58,6321066,6,586948,138,3281676,145,341491,283,3623167,438,6210.14,17768830,14145663,0
2022-05-31,1145,7238746,919,6321985,51,586999,1889,3283565,3054,344545,4943,3628110,7058,5903.57,17775888,14147778,0
2022-06-01,1164,7239910,850,6322835,63,587062,1968,3285533,3416,347961,5384,3633494,7461,5689.29,17783349,14149855,0
2022-06-02,1037,7240947,804,6323639,72,587134,1821,3287354,3162,351123,4983,3638477,6896,5455.57,17790245,14151768,0
2022-06-03,1175,7242122,895,6324534,47,587181,2060,3289414,3483,354606,5543,3644020,7660,5313.71,17797905,14153885,0
2022-06-04,728,7242850,583,6325117,26,587207,1553,3290967,1903,356509,3456,3647476,4795,5270.29,17802700,14155224,0
2022-06-05,451,7243301,297,6325414,1,587208,880,3291847,978,357487,1858,3649334,2607,5273.57,17805307,14155973,0
2022-06-06,1127,7244428,827,6326241,64,587272,1753,3293600,2732,360219,4485,3653819,6503,6140,17811810,14157991,0
2022-06-07,1029,7245457,768,6327009,70,587342,1783,3295383,2561,362780,4344,3658163,6211,6019,17818021,14159858,0
2022-06-08,1099,7246556,836,6327845,75,587417,1873,3297256,2735,365515,4608,3662771,6619,5898.71,17824640,14161869,0
2022-06-09,1147,7247703,838,6328683,61,587478,2219,3299475,2682,368197,4901,3667672,6947,5906,17831587,14163915,0
2022-06-10,1051,7248754,819,6329502,75,587553,1882,3301357,2817,371014,4699,3672371,6644,5760.86,17838231,14165860,0
2022-06-11,681,7249435,507,6330009,25,587578,1325,3302682,1503,372517,2828,3675199,4041,5653.14,17842272,14167073,0
2022-06-12,352,7249787,288,6330297,21,587599,877,3303559,772,373289,1649,3676848,2310,5610.71,17844582,14167734,0
2022-06-13,1034,7250821,771,6331068,63,587662,1570,3305129,2180,375469,3750,3680598,5619,5484.43,17850201,14169603,0
2022-06-14,969,7251790,833,6331901,64,587726,1681,3306810,2494,377963,4175,3684773,6041,5460.14,17856242,14171469,0
2022-06-15,981,7252771,866,6332767,39,587765,1660,3308470,2409,380372,4069,3688842,5955,5365.29,17862197,14173355,0
2022-06-16,961,7253732,780,6333547,59,587824,1826,3310296,2365,382737,4191,3693033,5991,5228.71,17868188,14175155,0
2022-06-17,908,7254640,796,6334343,48,587872,1757,3312053,2397,385134,4154,3697187,5907,5123.43,17874095,14176908,0
2022-06-18,664,7255304,523,6334866,26,587898,1279,3313332,1291,386425,2570,3699757,3783,5086.57,17877878,14178121,0
2022-06-19,351,7255655,236,6335102,16,587914,726,3314058,604,387029,1330,3701087,1933,5032.71,17879811,14178724,0
2022-06-20,837,7256492,488,6335590,41,587955,1571,3315629,1613,388642,3184,3704271,4550,4880,17884361,14180090,0
2022-06-21,1138,7257630,740,6336330,50,588005,1693,3317322,2130,390772,3823,3708094,5752,4838.71,17890113,14182019,0
2022-06-22,1969,7259599,831,6337161,46,588051,1698,3319020,1990,392762,3688,3711782,6534,4921.43,17896647,14184865,0
2022-06-23,2123,7261722,763,6337924,65,588116,1696,3320716,2148,394910,3844,3715626,6796,5036.43,17903443,14187817,0
2022-06-24,2186,7263908,758,6338682,48,588164,1623,3322339,2144,397054,3767,3719393,6759,5158.14,17910202,14190809,0
2022-06-25,2140,7266048,495,6339177,15,588179,1236,3323575,1139,398193,2375,3721768,5029,5336.14,17915231,14193463,0
2022-06-26,1213,7267261,250,6339427,14,588193,682,3324257,530,398723,1212,3722980,2689,5444.14,17917920,14194940,0
2022-06-27,1538,7268799,655,6340082,60,588253,1460,3325717,1647,400370,3107,3726087,5360,5559.86,17923280,14197193,0
2022-06-28,1692,7270491,833,6340915,54,588307,1851,3327568,2140,402510,3991,3730078,6570,5676.71,17929850,14199772,0
2022-06-29,1860,7272351,774,6341689,48,588355,1714,3329282,1918,404428,3632,3733710,6314,5645.29,17936164,14202454,0
2022-06-30,1866,7274217,807,6342496,46,588401,1729,3331011,2122,406550,3851,3737561,6570,5613,17942734,14205173,0
2022-07-01,1601,7275818,598,6343094,26,588427,1389,3332400,1722,408272,3111,3740672,5336,5409.71,17948070,14207398,0
2022-07-02,977,7276795,387,6343481,18,588445,835,3333235,927,409199,1762,3742434,3144,5140.43,17951214,14208780,0
2022-07-03,530,7277325,205,6343686,7,588452,458,3333693,487,409686,945,3743379,1687,4997.29,17952901,14209522,0
2022-07-04,36,7277361,26,6343712,1,588453,30,3333723,38,409724,68,3743447,131,4250.29,17953032,14209585,0
2022-07-05,1289,7278650,755,6344467,35,588488,1404,3335127,1739,411463,3143,3746590,5222,4057.71,17958254,14211664,0
2022-07-06,1615,7280265,679,6345146,44,588532,1441,3336568,1836,413299,3277,3749867,5615,3957.86,17963869,14214002,0
2022-07-07,1593,7281858,716,6345862,48,588580,1526,3338094,1992,415291,3518,3753385,5875,3858.57,17969744,14216359,0
2022-07-08,1632,7283490,652,6346514,37,588617,1470,3339564,1971,417262,3441,3756826,5764,3919.71,17975508,14218682,0
2022-07-09,983,7284473,422,6346936,26,588643,877,3340441,1341,418603,2218,3759044,3649,3991.86,17979157,14220113,0
2022-07-10,639,7285112,187,6347123,17,588660,429,3340870,659,419262,1088,3760132,1931,4026.71,17981088,14220956,0
2022-07-11,1397,7286509,635,6347758,49,588709,1431,3342301,2206,421468,3637,3763769,5718,4824.86,17986806,14223037,0
2022-07-12,1401,7287910,687,6348445,45,588754,1397,3343698,2509,423977,3906,3767675,6039,4941.57,17992845,14225170,0
2022-07-13,1623,7289533,730,6349175,36,588790,1513,3345211,2811,426788,4324,3771999,6713,5098.43,17999558,14227559,0
2022-07-14,1593,7291126,841,6350016,47,588837,1596,3346807,3052,429840,4648,3776647,7130,5277.71,18006688,14230041,0
2022-07-15,1618,7292744,934,6350950,46,588883,1561,3348368,3043,432883,4604,3781251,7202,5483.14,18013890,14232639,0
2022-07-16,881,7293625,584,6351534,9,588892,978,3349346,1692,434575,2670,3783921,4144,5553.86,18018034,14234113,0
2022-07-17,549,7294174,292,6351826,16,588908,529,3349875,1165,435740,1694,3785615,2551,5642.43,18020585,14234970,0
2022-07-18,1398,7295572,841,6352667,45,588953,1430,3351305,2444,438184,3874,3789489,6158,5705.29,18026743,14237254,0
2022-07-19,1441,7297013,976,6353643,51,589004,1537,3352842,2797,440981,4334,3793823,6802,5814.29,18033545,14239722,0
2022-07-20,1383,7298396,1482,6355125,50,589054,1346,3354188,2387,443368,3733,3797556,6649,5805.14,18040194,14242638,0
2022-07-21,1334,7299730,1433,6356558,50,589104,1391,3355579,2358,445726,3749,3801305,6566,5724.57,18046760,14245455,0
2022-07-22,1430,7301160,1567,6358125,41,589145,1554,3357133,2843,448569,4397,3805702,7435,5757.86,18054195,14248493,0
2022-07-23,904,7302064,1095,6359220,17,589162,995,3358128,1549,450118,2544,3808246,4560,5817.29,18058755,14250509,0
2022-07-24,489,7302553,641,6359861,14,589176,501,3358629,803,450921,1304,3809550,2449,5802.71,18061204,14251654,0
2022-07-25,1212,7303765,766,6360627,59,589235,1262,3359891,2053,452974,3315,3812865,5352,5687.57,18066556,14253691,0
2022-07-26,1232,7304997,1020,6361647,41,589276,1463,3361354,2433,455407,3896,3816761,6189,5600,18072745,14255984,0
2022-07-27,1321,7306318,1275,6362922,41,589317,1379,3362733,2186,457593,3565,3820326,6204,5536.43,18078949,14258623,0
2022-07-28,1310,7307628,1417,6364339,71,589388,1418,3364151,2205,459798,3623,3823949,6421,5515.71,18085370,14261421,0
2022-07-29,1318,7308946,1427,6365766,64,589452,1347,3365498,2137,461935,3484,3827433,6294,5352.71,18091664,14264231,0
2022-07-30,723,7309669,716,6366482,25,589477,786,3366284,948,462883,1734,3829167,3201,5158.57,18094865,14265698,0
2022-07-31,423,7310092,591,6367073,14,589491,487,3366771,570,463453,1057,3830224,2085,5106.57,18096950,14266726,0
2022-08-01,1225,7311317,908,6367981,55,589546,1320,3368091,1502,464955,2822,3833046,5010,5057.71,18101960,14268914,0
2022-08-02,1221,7312538,1013,6368994,73,589619,1335,3369426,1590,466545,2925,3835971,5232,4921,18107192,14271221,0
2022-08-03,1266,7313804,1184,6370178,41,589660,1338,3370764,1519,468064,2857,3838828,5348,4798.71,18112540,14273712,0
2022-08-04,1184,7314988,1178,6371356,57,589717,1282,3372046,1446,469510,2728,3841556,5147,4616.71,18117687,14276131,0
2022-08-05,1304,7316292,1445,6372801,48,589765,1306,3373352,1436,470946,2742,3844298,5539,4508.86,18123226,14278928,0
2022-08-06,688,7316980,839,6373640,14,589779,759,3374111,769,471715,1528,3845826,3070,4490.14,18126296,14280470,0
2022-08-07,391,7317371,456,6374096,14,589793,422,3374533,352,472067,774,3846600,1635,4425.86,18127931,14281331,0
2022-08-08,1179,7318550,930,6375026,70,589863,1268,3375801,1167,473234,2435,3849035,4614,4369.29,18132545,14283510,0
2022-08-09,1124,7319674,893,6375919,38,589901,1221,3377022,1159,474393,2380,3851415,4435,4255.43,18136980,14285565,0
2022-08-10,1207,7320881,1109,6377028,58,589959,1248,3378270,1241,475634,2489,3853904,4863,4186.14,18141843,14287939,0
2022-08-11,1296,7322177,1061,6378089,84,590043,1206,3379476,1272,476906,2478,3856382,4919,4153.57,18146762,14290380,0
2022-08-12,1316,7323493,1404,6379493,54,590097,1259,3380735,1238,478144,2497,3858879,5271,4115.29,18152033,14293154,0
2022-08-13,752,7324245,778,6380271,15,590112,760,3381495,627,478771,1387,3860266,2932,4095.57,18154965,14294699,0
2022-08-14,485,7324730,482,6380753,19,590131,404,3381899,279,479050,683,3860949,1669,4100.43,18156634,14295685,0
2022-08-15,1264,7325994,1042,6381795,60,590191,1304,3383203,983,480033,2287,3863236,4653,4106,18161287,14298051,0
2022-08-16,1304,7327298,862,6382657,50,590241,1358,3384561,1068,481101,2426,3865662,4642,4135.57,18165929,14300267,0
2022-08-17,1208,7328506,953,6383610,39,590280,1222,3385783,981,482082,2203,3867865,4403,4069.86,18170332,14302467,0
2022-08-18,1153,7329659,940,6384550,44,590324,1261,3387044,940,483022,2201,3870066,4338,3986.86,18174670,14304604,0
2022-08-19,1243,7330902,1131,6385681,34,590358,1110,3388154,957,483979,2067,3872133,4475,3873.14,18179145,14307012,0
2022-08-20,583,7331485,482,6386163,16,590374,629,3388783,498,484477,1127,3873260,2208,3769.71,18181353,14308093,0
2022-08-21,354,7331839,245,6386408,9,590383,376,3389159,264,484741,640,3873900,1248,3709.57,18182601,14308701,0
2022-08-22,1197,7333036,914,6387322,37,590420,1228,3390387,881,485622,2109,3876009,4257,3653,18186858,14310849,0
2022-08-23,1227,7334263,1042,6388364,47,590467,1373,3391760,950,486572,2323,3878332,4640,3652.71,18191498,14313166,0
2022-08-24,1263,7335526,1006,6389370,29,590496,1280,3393040,814,487386,2094,3880426,4393,3651.29,18195891,14315465,0
2022-08-25,1212,7336738,972,6390342,63,590559,1181,3394221,811,488197,1992,3882418,4239,3637.14,18200130,14317712,0
2022-08-26,1173,7337911,1164,6391506,53,590612,1180,3395401,776,488973,1956,3884374,4346,3618.71,18204476,14320102,0
2022-08-27,682,7338593,527,6392033,13,590625,672,3396073,403,489376,1075,3885449,2297,3631.43,18206773,14321324,0
2022-08-28,373,7338966,232,6392265,10,590635,444,3396517,224,489600,668,3886117,1283,3636.43,18208056,14321939,0
2022-08-29,1150,7340116,911,6393176,40,590675,1122,3397639,605,490205,1727,3887844,3829,3575.29,18211885,14324041,0
2022-08-30,1254,7341370,931,6394107,35,590710,1253,3398892,761,490966,2014,3889858,4234,3517.29,18216119,14326261,0
2022-08-31,1139,7342509,996,6395103,43,590753,1094,3399986,565,491531,1659,3891517,3837,3437.86,18219956,14328439,0
2022-09-01,1010,7343519,946,6396049,51,590804,800,3400786,449,491980,1249,3892766,3256,3297.43,18223212,14330446,0
2022-09-02,947,7344466,1001,6397050,28,590832,580,3401366,170,492150,750,3893516,2726,3066,18225938,14332422,0
2022-09-03,485,7344951,408,6397458,12,590844,358,3401724,50,492200,408,3893924,1313,2925.43,18227251,14333327,0
2022-09-04,225,7345176,195,6397653,10,590854,189,3401913,27,492227,216,3894140,646,2834.43,18227897,14333757,0
2022-09-05,73,7345249,67,6397720,7,590861,45,3401958,16,492243,61,3894201,208,2317.14,18228105,14333904,0
2022-09-06,959,7346208,1138,6398858,48,590909,625,3402583,130,492373,755,3894956,2905,2127.29,18231010,14336054,0
2022-09-07,845,7347053,968,6399826,38,590947,457,3403040,147,492520,604,3895560,2472,1932.29,18233482,14337922,0
2022-09-08,722,7347775,705,6400531,36,590983,241,3403281,110,492630,351,3895911,1852,1731.71,18235334,14339423,0
2022-09-09,716,7348491,1009,6401540,49,591032,251,3403532,116,492746,367,3896278,2255,1664.43,18237589,14341311,0
2022-09-10,401,7348892,550,6402090,12,591044,240,3403772,45,492791,285,3896563,1302,1662.86,18238891,14342328,0
2022-09-11,179,7349071,204,6402294,11,591055,81,3403853,29,492820,110,3896673,536,1647.14,18239427,14342754,0
2022-09-12,632,7349703,689,6402983,37,591092,189,3404042,92,492912,281,3896954,1707,1861.29,18241134,14344180,0
2022-09-13,645,7350348,719,6403702,31,591123,216,3404258,110,493022,326,3897280,1829,1707.57,18242963,14345683,0
2022-09-14,617,7350965,739,6404441,30,591153,212,3404470,120,493142,332,3897612,1848,1618.43,18244811,14347199,0
2022-09-15,674,7351639,664,6405105,19,591172,215,3404685,105,493247,320,3897932,1830,1615.29,18246641,14348709,0
2022-09-16,672,7352311,908,6406013,24,591196,248,3404933,159,493406,407,3898339,2254,1615.14,18248895,14350556,0
2022-09-17,314,7352625,514,6406527,11,591207,256,3405189,82,493488,338,3898677,1283,1612.43,18250178,14351501,0
2022-09-18,150,7352775,166,6406693,7,591214,62,3405251,31,493519,93,3898770,441,1598.86,18250619,14351849,0
2022-09-19,596,7353371,557,6407250,28,591242,206,3405457,95,493614,301,3899071,1545,1575.71,18252164,14353093,0
2022-09-20,604,7353975,660,6407910,26,591268,207,3405664,89,493703,296,3899367,1707,1558.29,18253871,14354504,0
2022-09-21,617,7354592,639,6408549,31,591299,255,3405919,132,493835,387,3899754,1825,1555,18255696,14355942,0
2022-09-22,579,7355171,627,6409176,21,591320,168,3406087,139,493974,307,3900061,1730,1540.71,18257426,14357365,0
2022-09-23,637,7355808,895,6410071,23,591343,250,3406337,151,494125,401,3900462,2202,1533.29,18259628,14359166,0
2022-09-24,298,7356106,523,6410594,6,591349,250,3406587,61,494186,311,3900773,1234,1526.29,18260862,14360089,0
2022-09-25,136,7356242,163,6410757,1,591350,69,3406656,48,494234,117,3900890,463,1529.43,18261325,14360435,0
2022-09-26,516,7356758,494,6411251,12,591362,263,3406919,130,494364,393,3901283,1536,1528.14,18262861,14361578,120000
2022-09-27,568,7357326,609,6411860,21,591383,256,3407175,119,494483,375,3901658,1752,1534.57,18264613,14362955,120000
2022-09-28,460,7357786,540,6412400,9,591392,169,3407344,165,494648,334,3901992,1534,1493,18266147,14364155,120000
2022-09-29,281,7358067,222,6412622,3,591395,52,3407396,47,494695,99,3902091,687,1344,18266834,14364743,120000
