"DATE","ADMIN_DOSE1_DAILY","ADMIN_DOSE1_CUMULATIVE","ADMIN_DOSE2_DAILY","ADMIN_DOSE2_CUMULATIVE","ADMIN_SINGLE_DAILY","ADMIN_SINGLE_CUMULATIVE","ADMIN_ADDITIONAL1_DAILY","ADMIN_ADDITIONAL1_CUMULATIVE","ADMIN_ADDITIONAL2_DAILY","ADMIN_ADDITIONAL2_CUMULATIVE","ADMIN_ADDITIONAL_DAILY","ADMIN_ADDITIONAL_CUMULATIVE","ADMIN_ALLDOSES_DAILY","ADMIN_ALLDOSES_7DAYAVG","ADMIN_ALLDOSES_CUMULATIVE","INCOMPLETE"
"2020-12-14",79,79,0,0,0,0,0,0,0,0,0,0,79,,79,0
"2020-12-15",2051,2130,6,6,4,4,0,0,0,0,0,0,2061,,2140,0
"2020-12-16",4606,6736,14,20,1,5,1,1,0,0,1,1,4622,,6762,0
"2020-12-17",4658,11394,17,37,0,5,1,2,0,0,1,2,4676,,11438,0
"2020-12-18",5832,17226,18,55,2,7,2,4,0,0,2,4,5854,,17292,0
"2020-12-19",1689,18915,7,62,3,10,0,4,0,0,0,4,1699,,18991,0
"2020-12-20",1116,20031,2,64,1,11,0,4,0,0,0,4,1119,2872.86,20110,0
"2020-12-21",6341,26372,19,83,0,11,5,9,0,0,5,9,6365,3770.86,26475,0
"2020-12-22",9795,36167,26,109,2,13,1,10,0,0,1,10,9824,4879.86,36299,0
"2020-12-23",14273,50440,35,144,3,16,1,11,0,0,1,11,14312,6264.14,50611,0
"2020-12-24",7198,57638,25,169,1,17,0,11,0,0,0,11,7224,6628.14,57835,0
"2020-12-25",180,57818,0,169,0,17,1,12,0,0,1,12,181,5817.71,58016,0
"2020-12-26",4389,62207,44,213,0,17,1,13,0,0,1,13,4434,6208.43,62450,0
"2020-12-27",3870,66077,14,227,0,17,1,14,0,0,1,14,3885,6603.57,66335,0
"2020-12-28",10993,77070,49,276,1,18,2,16,0,0,2,16,11045,7272.14,77380,0
"2020-12-29",10718,87788,34,310,2,20,2,18,0,0,2,18,10756,7405.29,88136,0
"2020-12-30",12826,100614,44,354,0,20,0,18,0,0,0,18,12870,7199.29,101006,0
"2020-12-31",7262,107876,34,388,1,21,0,18,0,0,0,18,7297,7209.71,108303,0
"2021-01-01",181,108057,2,390,1,22,3,21,0,0,3,21,187,7210.57,108490,0
"2021-01-02",3809,111866,10,400,2,24,2,23,0,0,2,23,3823,7123.29,112313,0
"2021-01-03",3541,115407,24,424,2,26,1,24,0,0,1,24,3568,7078,115881,0
"2021-01-04",12255,127662,807,1231,2,28,6,30,0,0,6,30,13070,7367.29,128951,0
"2021-01-05",14090,141752,2191,3422,2,30,12,42,1,1,13,43,16296,8158.71,145247,0
"2021-01-06",17801,159553,3925,7347,1,31,29,71,7,8,36,79,21763,9429.14,167010,0
"2021-01-07",16551,176104,5171,12518,4,35,45,116,3,11,48,127,21774,11497.29,188784,0
"2021-01-08",16621,192725,5455,17973,0,35,33,149,4,15,37,164,22113,14629.57,210897,0
"2021-01-09",7652,200377,1462,19435,1,36,7,156,2,17,9,173,9124,15386.86,220021,0
"2021-01-10",7880,208257,984,20419,0,36,10,166,0,17,10,183,8874,16144.86,228895,0
"2021-01-11",25825,234082,7455,27874,2,38,48,214,8,25,56,239,33338,19040.29,262233,0
"2021-01-12",28260,262342,7859,35733,1,39,44,258,2,27,46,285,36166,21878.86,298399,0
"2021-01-13",31719,294061,9391,45124,1,40,56,314,4,31,60,345,41171,24651.43,339570,0
"2021-01-14",35814,329875,5318,50442,1,41,30,344,7,38,37,382,41170,27422.29,380740,0
"2021-01-15",29265,359140,3703,54145,2,43,32,376,5,43,37,419,33007,28978.57,413747,0
"2021-01-16",30293,389433,2376,56521,0,43,25,401,5,48,30,449,32699,32346.43,446446,0
"2021-01-17",23749,413182,1628,58149,0,43,19,420,1,49,20,469,25397,34706.86,471843,0
"2021-01-18",27107,440289,2410,60559,1,44,34,454,7,56,41,510,29559,34167,501402,0
"2021-01-19",34293,474582,9628,70187,1,45,69,523,6,62,75,585,43997,35285.71,545399,0
"2021-01-20",34870,509452,9493,79680,1,46,59,582,4,66,63,648,44427,35750.86,589826,0
"2021-01-21",25593,535045,8092,87772,2,48,48,630,6,72,54,702,33741,34689.57,623567,0
"2021-01-22",24754,559799,4383,92155,1,49,32,662,7,79,39,741,29177,34142.43,652744,0
"2021-01-23",15744,575543,3223,95378,0,49,9,671,2,81,11,752,18978,32182.29,671722,0
"2021-01-24",7178,582721,3453,98831,0,49,19,690,1,82,20,772,10651,30075.71,682373,0
"2021-01-25",13412,596133,11819,110650,0,49,66,756,12,94,78,850,25309,29468.57,707682,0
"2021-01-26",16766,612899,10752,121402,0,49,67,823,2,96,69,919,27587,27124.29,735269,0
"2021-01-27",20836,633735,12356,133758,0,49,51,874,8,104,59,978,33251,25527.71,768520,0
"2021-01-28",30764,664499,12847,146605,0,49,84,958,16,120,100,1078,43711,26952,812231,0
"2021-01-29",31693,696192,11507,158112,0,49,77,1035,10,130,87,1165,43287,28967.71,855518,0
"2021-01-30",18708,714900,3742,161854,0,49,20,1055,2,132,22,1187,22472,29466.86,877990,0
"2021-01-31",13020,727920,2920,164774,1,50,29,1084,4,136,33,1220,15974,30227.29,893964,0
"2021-02-01",1180,729100,5368,170142,4,54,36,1120,4,140,40,1260,6592,27553.43,900556,0
"2021-02-02",2829,731929,9474,179616,2,56,47,1167,4,144,51,1311,12356,25377.57,912912,0
"2021-02-03",16347,748276,21245,200861,4,60,204,1371,19,163,223,1534,37819,26030.14,950731,0
"2021-02-04",27047,775323,19649,220510,3,63,200,1571,10,173,210,1744,46909,26487,997640,0
"2021-02-05",27596,802919,20038,240548,0,63,178,1749,15,188,193,1937,47827,27135.57,1045467,0
"2021-02-06",22992,825911,11246,251794,0,63,110,1859,12,200,122,2059,34360,28833.86,1079827,0
"2021-02-07",12043,837954,8280,260074,1,64,92,1951,14,214,106,2165,20430,29470.43,1100257,0
"2021-02-08",16961,854915,23519,283593,2,66,230,2181,34,248,264,2429,40746,34349.57,1141003,0
"2021-02-09",17191,872106,28110,311703,2,68,334,2515,41,289,375,2804,45678,39109.86,1186681,0
"2021-02-10",19592,891698,29305,341008,2,70,262,2777,49,338,311,3115,49210,40737.14,1235891,0
"2021-02-11",27846,919544,33471,374479,2,72,342,3119,57,395,399,3514,61718,42852.71,1297609,0
"2021-02-12",38393,957937,30798,405277,3,75,352,3471,38,433,390,3904,69584,45960.86,1367193,0
"2021-02-13",28009,985946,25313,430590,2,77,306,3777,51,484,357,4261,53681,48721,1420874,0
"2021-02-14",16281,1002227,23735,454325,0,77,260,4037,31,515,291,4552,40307,51560.57,1461181,0
"2021-02-15",12796,1015023,10528,464853,2,79,170,4207,23,538,193,4745,23519,49099.57,1484700,0
"2021-02-16",14241,1029264,26732,491585,0,79,321,4528,35,573,356,5101,41329,48478.29,1526029,0
"2021-02-17",16393,1045657,22196,513781,1,80,282,4810,37,610,319,5420,38909,47006.71,1564938,0
"2021-02-18",12152,1057809,24993,538774,21,101,287,5097,43,653,330,5750,37496,43546.43,1602434,0
"2021-02-19",13262,1071071,23935,562709,39,140,303,5400,45,698,348,6098,37584,38975,1640018,0
"2021-02-20",11351,1082422,26079,588788,6,146,324,5724,78,776,402,6500,37838,36711.71,1677856,0
"2021-02-21",6361,1088783,17422,606210,15,161,283,6007,44,820,327,6827,24125,34400,1701981,0
"2021-02-22",13042,1101825,11848,618058,2,163,126,6133,19,839,145,6972,25037,34616.86,1727018,0
"2021-02-23",25247,1127072,14145,632203,1,164,158,6291,35,874,193,7165,39586,34367.86,1766604,0
"2021-02-24",36362,1163434,20392,652595,0,164,226,6517,37,911,263,7428,57017,36954.71,1823621,0
"2021-02-25",54617,1218051,30391,682986,6,170,396,6913,64,975,460,7888,85474,43808.71,1909095,0
"2021-02-26",62870,1280921,31872,714858,4,174,409,7322,77,1052,486,8374,95232,52044.14,2004327,0
"2021-02-27",51299,1332220,22748,737606,47,221,333,7655,52,1104,385,8759,74479,57278.57,2078806,0
"2021-02-28",44592,1376812,13823,751429,7,228,204,7859,34,1138,238,8997,58660,62212.14,2137466,0
"2021-03-01",39322,1416134,12776,764205,10,238,165,8024,25,1163,190,9187,52298,66106.57,2189764,0
"2021-03-02",47081,1463215,12580,776785,7,245,159,8183,14,1177,173,9360,59841,69000.14,2249605,0
"2021-03-03",48606,1511821,16156,792941,17,262,145,8328,20,1197,165,9525,64944,70132.57,2314549,0
"2021-03-04",59818,1571639,22823,815764,1092,1354,272,8600,34,1231,306,9831,84039,69927.57,2398588,0
"2021-03-05",60990,1632629,24281,840045,3109,4463,332,8932,33,1264,365,10196,88745,69000.86,2487333,0
"2021-03-06",47175,1679804,18885,858930,5451,9914,238,9170,36,1300,274,10470,71785,68616,2559118,0
"2021-03-07",36045,1715849,14881,873811,6246,16160,228,9398,20,1320,248,10718,57420,68438.86,2616538,0
"2021-03-08",39630,1755479,14679,888490,8563,24723,313,9711,91,1411,404,11122,63276,70007.14,2679814,0
"2021-03-09",39108,1794587,12856,901346,7764,32487,178,9889,33,1444,211,11333,59939,70021.14,2739753,0
"2021-03-10",51834,1846421,15349,916695,5066,37553,226,10115,31,1475,257,11590,72506,71101.43,2812259,0
"2021-03-11",59989,1906410,21815,938510,4619,42172,252,10367,49,1524,301,11891,86724,71485,2898983,0
"2021-03-12",52206,1958616,30309,968819,4183,46355,373,10740,83,1607,456,12347,87154,71257.71,2986137,0
"2021-03-13",40653,1999269,26682,995501,5110,51465,325,11065,51,1658,376,12723,72821,71405.71,3058958,0
"2021-03-14",30719,2029988,15969,1011470,4525,55990,241,11306,27,1685,268,12991,51481,70557.29,3110439,0
"2021-03-15",33590,2063578,17256,1028726,4715,60705,233,11539,33,1718,266,13257,55827,69493.14,3166266,0
"2021-03-16",38677,2102255,20509,1049235,4925,65630,256,11795,35,1753,291,13548,64402,70130.71,3230668,0
"2021-03-17",42617,2144872,24800,1074035,4247,69877,338,12133,36,1789,374,13922,72038,70063.86,3302706,0
"2021-03-18",50452,2195324,26805,1100840,5238,75115,366,12499,60,1849,426,14348,82921,69520.57,3385627,0
"2021-03-19",47794,2243118,29960,1130800,5624,80739,390,12889,70,1919,460,14808,83838,69046.86,3469465,0
"2021-03-20",38711,2281829,25839,1156639,4686,85425,296,13185,60,1979,356,15164,69592,68585.57,3539057,0
"2021-03-21",29301,2311130,19358,1175997,769,86194,222,13407,44,2023,266,15430,49694,68330.29,3588751,0
"2021-03-22",33869,2344999,26741,1202738,4037,90231,259,13666,38,2061,297,15727,64944,69632.71,3653695,0
"2021-03-23",38435,2383434,32843,1235581,4219,94450,294,13960,55,2116,349,16076,75846,71267.57,3729541,0
"2021-03-24",41496,2424930,37607,1273188,4848,99298,326,14286,62,2178,388,16464,84339,73024.86,3813880,0
"2021-03-25",43414,2468344,50792,1323980,5055,104353,471,14757,86,2264,557,17021,99818,75438.71,3913698,0
"2021-03-26",38506,2506850,55513,1379493,4310,108663,523,15280,96,2360,619,17640,98948,77597.29,4012646,0
"2021-03-27",35738,2542588,45757,1425250,2938,111601,414,15694,83,2443,497,18137,84930,79788.43,4097576,0
"2021-03-28",26391,2568979,34461,1459711,1482,113083,331,16025,65,2508,396,18533,62730,81650.71,4160306,0
"2021-03-29",34818,2603797,38868,1498579,3246,116329,343,16368,110,2618,453,18986,77385,83428,4237691,0
"2021-03-30",40510,2644307,41928,1540507,3714,120043,337,16705,65,2683,402,19388,86554,84957.71,4324245,0
"2021-03-31",49398,2693705,44872,1585379,7442,127485,396,17101,86,2769,482,19870,102194,87508.43,4426439,0
"2021-04-01",50784,2744489,53948,1639327,11275,138760,499,17600,82,2851,581,20451,116588,89904.14,4543027,0
"2021-04-02",43763,2788252,53888,1693215,11972,150732,545,18145,71,2922,616,21067,110239,91517.14,4653266,0
"2021-04-03",39255,2827507,39217,1732432,9860,160592,333,18478,58,2980,391,21458,88723,92059,4741989,0
"2021-04-04",26560,2854067,24783,1757215,3902,164494,223,18701,49,3029,272,21730,55517,91028.57,4797506,0
"2021-04-05",41891,2895958,34486,1791701,11195,175689,370,19071,60,3089,430,22160,88002,92545.29,4885508,0
"2021-04-06",53273,2949231,35612,1827313,13220,188909,430,19501,72,3161,502,22662,102607,94838.57,4988115,0
"2021-04-07",55513,3004744,40698,1868011,14391,203300,393,19894,77,3238,470,23132,111072,96106.86,5099187,0
"2021-04-08",59267,3064011,46595,1914606,16343,219643,517,20411,80,3318,597,23729,122802,96994.57,5221989,0
"2021-04-09",56648,3120659,44961,1959567,17555,237198,516,20927,77,3395,593,24322,119757,98354.29,5341746,0
"2021-04-10",49348,3170007,35646,1995213,12728,249926,389,21316,60,3455,449,24771,98171,99704,5439917,0
"2021-04-11",38184,3208191,28818,2024031,7682,257608,295,21611,56,3511,351,25122,75035,102492.29,5514952,0
"2021-04-12",46638,3254829,31849,2055880,13499,271107,466,22077,63,3574,529,25651,92515,103137,5607467,0
"2021-04-13",52545,3307374,33792,2089672,368,271475,394,22471,60,3634,454,26105,87159,100930.14,5694626,0
"2021-04-14",50149,3357523,39959,2129631,20,271495,367,22838,70,3704,437,26542,90565,98000.57,5785191,0
"2021-04-15",52127,3409650,43681,2173312,16,271511,451,23289,104,3808,555,27097,96379,94225.86,5881570,0
"2021-04-16",51188,3460838,42214,2215526,32,271543,424,23713,67,3875,491,27588,93925,90535.57,5975495,0
"2021-04-17",43840,3504678,35693,2251219,3,271546,364,24077,82,3957,446,28034,79982,87937.14,6055477,0
"2021-04-18",28608,3533286,29371,2280590,7,271553,251,24328,62,4019,313,28347,58299,85546.29,6113776,0
"2021-04-19",37475,3570761,36449,2317039,22,271575,322,24650,62,4081,384,28731,74330,82948.43,6188106,0
"2021-04-20",40809,3611570,39626,2356665,19,271594,315,24965,77,4158,392,29123,80846,82046.57,6268952,0
"2021-04-21",38903,3650473,46015,2402680,16,271610,493,25458,95,4253,588,29711,85522,81326.14,6354474,0
"2021-04-22",38493,3688966,48965,2451645,9,271619,336,25794,74,4327,410,30121,87877,80111.57,6442351,0
"2021-04-23",39699,3728665,44381,2496026,4,271623,348,26142,70,4397,418,30539,84502,78765.43,6526853,0
"2021-04-24",31951,3760616,41604,2537630,44,271667,276,26418,59,4456,335,30874,73934,77901.43,6600787,0
"2021-04-25",18423,3779039,31227,2568857,86,271753,194,26612,55,4511,249,31123,49985,76713.71,6650772,0
"2021-04-26",26973,3806012,40740,2609597,1013,272766,280,26892,84,4595,364,31487,69090,75965.14,6719862,0
"2021-04-27",28579,3834591,47143,2656740,1697,274463,346,27238,92,4687,438,31925,77857,75538.14,6797719,0
"2021-04-28",27037,3861628,56843,2713583,2146,276609,430,27668,98,4785,528,32453,86554,75685.57,6884273,0
"2021-04-29",28613,3890241,57204,2770787,2148,278757,363,28031,100,4885,463,32916,88428,75764.29,6972701,0
"2021-04-30",30122,3920363,51992,2822779,2055,280812,281,28312,72,4957,353,33269,84522,75767.14,7057223,0
"2021-05-01",22479,3942842,44545,2867324,1177,281989,230,28542,63,5020,293,33562,68494,74990,7125717,0
"2021-05-02",11925,3954767,36656,2903980,1080,283069,138,28680,55,5075,193,33755,49854,74971.29,7175571,0
"2021-05-03",18026,3972793,53030,2957010,2383,285452,255,28935,89,5164,344,34099,73783,75641.71,7249354,0
"2021-05-04",22738,3995531,56648,3013658,2330,287782,267,29202,113,5277,380,34479,82096,76247.29,7331450,0
"2021-05-05",21481,4017012,48797,3062455,2313,290095,312,29514,98,5375,410,34889,73001,74311.14,7404451,0
"2021-05-06",20682,4037694,50181,3112636,2508,292603,271,29785,83,5458,354,35243,73725,72210.71,7478176,0
"2021-05-07",21257,4058951,52095,3164731,2813,295416,307,30092,72,5530,379,35622,76544,71071,7554720,0
"2021-05-08",16633,4075584,41865,3206596,1835,297251,230,30322,69,5599,299,35921,60632,69947.86,7615352,0
"2021-05-09",7976,4083560,29409,3236005,1260,298511,151,30473,56,5655,207,36128,38852,68376.14,7654204,0
"2021-05-10",14389,4097949,38540,3274545,2355,300866,233,30706,89,5744,322,36450,55606,65779.43,7709810,0
"2021-05-11",19913,4117862,43062,3317607,2514,303380,280,30986,84,5828,364,36814,65853,63459,7775663,0
"2021-05-12",17813,4135675,40540,3358147,3594,306974,233,31219,78,5906,311,37125,62258,61924.29,7837921,0
"2021-05-13",24975,4160650,40428,3398575,3230,310204,263,31482,74,5980,337,37462,68970,61245,7906891,0
"2021-05-14",27036,4187686,42915,3441490,3537,313741,282,31764,93,6073,375,37837,73863,60862,7980754,0
"2021-05-15",23652,4211338,34913,3476403,3366,317107,251,32015,75,6148,326,38163,62257,61094.14,8043011,0
"2021-05-16",15526,4226864,19447,3495850,2497,319604,124,32139,45,6193,169,38332,37639,60920.86,8080650,0
"2021-05-17",22674,4249538,29141,3524991,3256,322860,178,32317,67,6260,245,38577,55316,60879.43,8135966,0
"2021-05-18",24639,4274177,31913,3556904,3404,326264,237,32554,70,6330,307,38884,60263,60080.86,8196229,0
"2021-05-19",24194,4298371,29720,3586624,3039,329303,221,32775,46,6376,267,39151,57220,59361.14,8253449,0
"2021-05-20",24154,4322525,30088,3616712,3162,332465,269,33044,100,6476,369,39520,57773,57761.57,8311222,0
"2021-05-21",24681,4347206,32004,3648716,3060,335525,255,33299,61,6537,316,39836,60061,55789.86,8371283,0
"2021-05-22",20022,4367228,24360,3673076,2525,338050,164,33463,48,6585,212,40048,47119,53627.29,8418402,0
"2021-05-23",11234,4378462,13733,3686809,1411,339461,93,33556,32,6617,125,40173,26503,52036.43,8444905,0
"2021-05-24",18879,4397341,23158,3709967,2756,342217,213,33769,53,6670,266,40439,45059,50571.14,8489964,0
"2021-05-25",19432,4416773,23382,3733349,2601,344818,177,33946,69,6739,246,40685,45661,48485.14,8535625,0
"2021-05-26",18785,4435558,21090,3754439,2696,347514,200,34146,52,6791,252,40937,42823,46428.43,8578448,0
"2021-05-27",18474,4454032,21276,3775715,2529,350043,189,34335,64,6855,253,41190,42532,44251.14,8620980,0
"2021-05-28",17864,4471896,22889,3798604,2751,352794,185,34520,53,6908,238,41428,43742,41919.86,8664722,0
"2021-05-29",12710,4484606,17808,3816412,1755,354549,106,34626,39,6947,145,41573,32418,39819.71,8697140,0
"2021-05-30",7032,4491638,8949,3825361,1074,355623,47,34673,17,6964,64,41637,17119,38479.14,8714259,0
"2021-05-31",4743,4496381,6924,3832285,1012,356635,64,34737,17,6981,81,41718,12760,33865,8727019,0
"2021-06-01",16047,4512428,25198,3857483,2176,358811,152,34889,40,7021,192,41910,43613,33572.43,8770632,0
"2021-06-02",15354,4527782,20389,3877872,2094,360905,139,35028,47,7068,186,42096,38023,32886.71,8808655,0
"2021-06-03",15008,4542790,23820,3901692,2281,363186,128,35156,44,7112,172,42268,41281,32708,8849936,0
"2021-06-04",14725,4557515,25998,3927690,2492,365678,144,35300,39,7151,183,42451,43398,32658.86,8893334,0
"2021-06-05",10994,4568509,22090,3949780,1806,367484,114,35414,30,7181,144,42595,35034,33032.57,8928368,0
"2021-06-06",6445,4574954,14483,3964263,1222,368706,88,35502,13,7194,101,42696,22251,33765.71,8950619,0
"2021-06-07",11704,4586658,21784,3986047,2379,371085,139,35641,35,7229,174,42870,36041,37091.57,8986660,0
"2021-06-08",12638,4599296,24024,4010071,2072,373157,119,35760,46,7275,165,43035,38899,36418.14,9025559,0
"2021-06-09",11138,4610434,23027,4033098,2299,375456,135,35895,39,7314,174,43209,36638,36220.29,9062197,0
"2021-06-10",12067,4622501,22235,4055333,2462,377918,141,36036,57,7371,198,43407,36962,35603.29,9099159,0
"2021-06-11",12710,4635211,25121,4080454,2484,380402,156,36192,59,7430,215,43622,40530,35193.57,9139689,0
"2021-06-12",10167,4645378,19310,4099764,1888,382290,94,36286,40,7470,134,43756,31499,34688.57,9171188,0
"2021-06-13",4257,4649635,10936,4110700,1219,383509,42,36328,21,7491,63,43819,16475,33863.43,9187663,0
"2021-06-14",10209,4659844,19239,4129939,2043,385552,127,36455,51,7542,178,43997,31669,33238.86,9219332,0
"2021-06-15",11886,4671730,21014,4150953,1943,387495,131,36586,41,7583,172,44169,35015,32684,9254347,0
"2021-06-16",11588,4683318,19411,4170364,1957,389452,140,36726,68,7651,208,44377,33164,32187.71,9287511,0
"2021-06-17",11025,4694343,18764,4189128,1972,391424,121,36847,34,7685,155,44532,31916,31466.86,9319427,0
"2021-06-18",12166,4706509,18502,4207630,2116,393540,113,36960,36,7721,149,44681,32933,30381.57,9352360,0
"2021-06-19",8498,4715007,13519,4221149,1459,394999,82,37042,21,7742,103,44784,23579,29250.14,9375939,0
"2021-06-20",4336,4719343,7158,4228307,924,395923,36,37078,17,7759,53,44837,12471,28678.14,9388410,0
"2021-06-21",10163,4729506,10009,4238316,1807,397730,68,37146,28,7787,96,44933,22075,27307.57,9410485,0
"2021-06-22",9836,4739342,15641,4253957,1589,399319,105,37251,27,7814,132,45065,27198,26190.86,9437683,0
"2021-06-23",10313,4749655,15187,4269144,1863,401182,102,37353,29,7843,131,45196,27494,25380.86,9465177,0
"2021-06-24",9688,4759343,14697,4283841,1799,402981,119,37472,26,7869,145,45341,26329,24582.71,9491506,0
"2021-06-25",10591,4769934,14386,4298227,1721,404702,110,37582,37,7906,147,45488,26845,23713,9518351,0
"2021-06-26",7803,4777737,10464,4308691,1251,405953,74,37656,24,7930,98,45586,19616,23146.86,9537967,0
"2021-06-27",5001,4782738,6001,4314692,795,406748,33,37689,14,7944,47,45633,11844,23057.29,9549811,0
"2021-06-28",9037,4791775,10344,4325036,1526,408274,107,37796,26,7970,133,45766,21040,22909.43,9570851,0
"2021-06-29",9745,4801520,12321,4337357,1347,409621,122,37918,29,7999,151,45917,23564,22390.29,9594415,0
"2021-06-30",9435,4810955,10928,4348285,1486,411107,147,38065,16,8015,163,46080,22012,21607.14,9616427,0
"2021-07-01",9398,4820353,10929,4359214,1433,412540,125,38190,24,8039,149,46229,21909,20975.71,9638336,0
"2021-07-02",9694,4830047,11451,4370665,1541,414081,120,38310,23,8062,143,46372,22829,20402,9661165,0
"2021-07-03",7057,4837104,8424,4379089,1193,415274,75,38385,16,8078,91,46463,16765,19994.71,9677930,0
"2021-07-04",1288,4838392,1336,4380425,567,415841,8,38393,3,8081,11,46474,3202,18760.14,9681132,0
"2021-07-05",6496,4844888,7106,4387531,1208,417049,64,38457,20,8101,84,46558,14894,17882.14,9696026,0
"2021-07-06",9512,4854400,12852,4400383,1316,418365,114,38571,35,8136,149,46707,23829,17920,9719855,0
"2021-07-07",8670,4863070,11108,4411491,1419,419784,121,38692,19,8155,140,46847,21337,17823.57,9741192,0
"2021-07-08",8208,4871278,10193,4421684,1260,421044,107,38799,21,8176,128,46975,19789,17520.71,9760981,0
"2021-07-09",8375,4879653,10833,4432517,1278,422322,90,38889,17,8193,107,47082,20593,17201.29,9781574,0
"2021-07-10",7105,4886758,8631,4441148,1132,423454,62,38951,20,8213,82,47164,16950,17227.71,9798524,0
"2021-07-11",4105,4890863,4539,4445687,703,424157,34,38985,6,8219,40,47204,9387,18111.29,9807911,0
"2021-07-12",8452,4899315,9555,4455242,1251,425408,82,39067,22,8241,104,47308,19362,18749.57,9827273,0
"2021-07-13",9461,4908776,9392,4464634,952,426360,105,39172,33,8274,138,47446,19943,18194.43,9847216,0
"2021-07-14",9000,4917776,9531,4474165,1011,427371,105,39277,20,8294,125,47571,19667,17955.86,9866883,0
"2021-07-15",8790,4926566,9155,4483320,1054,428425,81,39358,17,8311,98,47669,19097,17857,9885980,0
"2021-07-16",9243,4935809,9760,4493080,980,429405,102,39460,31,8342,133,47802,20116,17788.86,9906096,0
"2021-07-17",6842,4942651,7387,4500467,803,430208,80,39540,19,8361,99,47901,15131,17529,9921227,0
"2021-07-18",4257,4946908,4282,4504749,576,430784,36,39576,14,8375,50,47951,9165,17497.29,9930392,0
"2021-07-19",9121,4956029,8479,4513228,999,431783,90,39666,20,8395,110,48061,18709,17404,9949101,0
"2021-07-20",10649,4966678,8759,4521987,991,432774,94,39760,24,8419,118,48179,20517,17486,9969618,0
"2021-07-21",10051,4976729,8763,4530750,903,433677,146,39906,31,8450,177,48356,19894,17518.43,9989512,0
"2021-07-22",10689,4987418,8586,4539336,1046,434723,143,40049,26,8476,169,48525,20490,17717.43,10010002,0
"2021-07-23",11252,4998670,8882,4548218,1114,435837,137,40186,22,8498,159,48684,21407,17901.86,10031409,0
"2021-07-24",7405,5006075,6736,4554954,670,436507,81,40267,22,8520,103,48787,14914,17870.86,10046323,0
"2021-07-25",5476,5011551,2127,4557081,509,437016,59,40326,4,8524,63,48850,8175,17729.43,10054498,0
"2021-07-26",10872,5022423,7003,4564084,859,437875,109,40435,17,8541,126,48976,18860,17751,10073358,0
"2021-07-27",12056,5034479,8567,4572651,857,438732,133,40568,34,8575,167,49143,21647,17912.43,10095005,0
"2021-07-28",11992,5046471,8050,4580701,950,439682,131,40699,24,8599,155,49298,21147,18091.43,10116152,0
"2021-07-29",10935,5057406,7428,4588129,984,440666,133,40832,40,8639,173,49471,19520,17952.86,10135672,0
"2021-07-30",14952,5072358,8013,4596142,1150,441816,182,41014,28,8667,210,49681,24325,18369.71,10159997,0
"2021-07-31",9725,5082083,6317,4602459,816,442632,119,41133,20,8687,139,49820,16997,18667.29,10176994,0
"2021-08-01",6503,5088586,3309,4605768,564,443196,81,41214,19,8706,100,49920,10476,18996,10187470,0
"2021-08-02",13451,5102037,7153,4612921,847,444043,144,41358,18,8724,162,50082,21613,19389.29,10209083,0
"2021-08-03",15413,5117450,8386,4621307,1109,445152,144,41502,33,8757,177,50259,25085,19880.43,10234168,0
"2021-08-04",17262,5134712,8124,4629431,1454,446606,180,41682,31,8788,211,50470,27051,20723.86,10261219,0
"2021-08-05",17867,5152579,7928,4637359,1366,447972,160,41842,17,8805,177,50647,27338,21840.71,10288557,0
"2021-08-06",18175,5170754,8414,4645773,1233,449205,163,42005,30,8835,193,50840,28015,22367.86,10316572,0
"2021-08-07",13387,5184141,6015,4651788,799,450004,100,42105,26,8861,126,50966,20327,22843.57,10336899,0
"2021-08-08",9310,5193451,3834,4655622,399,450403,83,42188,8,8869,91,51057,13634,23294.71,10350533,0
"2021-08-09",21340,5214791,8528,4664150,964,451367,168,42356,34,8903,202,51259,31034,24640.57,10381567,0
"2021-08-10",18922,5233713,9328,4673478,947,452314,176,42532,33,8936,209,51468,29406,25257.86,10410973,0
"2021-08-11",15652,5249365,8306,4681784,853,453167,127,42659,40,8976,167,51635,24978,24961.71,10435951,0
"2021-08-12",15044,5264409,8979,4690763,940,454107,169,42828,33,9009,202,51837,25165,24651.29,10461116,0
"2021-08-13",14925,5279334,9292,4700055,921,455028,238,43066,36,9045,274,52111,25412,24279.43,10486528,0
"2021-08-14",10407,5289741,6407,4706462,625,455653,529,43595,40,9085,569,52680,18008,23948.14,10504536,0
"2021-08-15",6694,5296435,4476,4710938,676,456329,567,44162,32,9117,599,53279,12445,23778.29,10516981,0
"2021-08-16",15723,5312158,9298,4720236,1150,457479,1318,45480,64,9181,1382,54661,27553,23281,10544534,0
"2021-08-17",17776,5329934,10434,4730670,1224,458703,1764,47244,80,9261,1844,56505,31278,23548.43,10575812,0
"2021-08-18",17508,5347442,10361,4741031,1261,459964,1985,49229,91,9352,2076,58581,31206,24438.14,10607018,0
"2021-08-19",16300,5363742,9521,4750552,1315,461279,1950,51179,64,9416,2014,60595,29150,25007.43,10636168,0
"2021-08-20",16282,5380024,11534,4762086,1254,462533,1856,53035,83,9499,1939,62534,31009,25807,10667177,0
"2021-08-21",11149,5391173,8039,4770125,878,463411,1055,54090,55,9554,1110,63644,21176,26259.57,10688353,0
"2021-08-22",4081,5395254,3900,4774025,262,463673,515,54605,32,9586,547,64191,8790,25737.43,10697143,0
"2021-08-23",15584,5410838,11797,4785822,1023,464696,1547,56152,72,9658,1619,65810,30023,26090.29,10727166,0
"2021-08-24",16917,5427755,12594,4798416,1006,465702,1771,57923,73,9731,1844,67654,32361,26245,10759527,0
"2021-08-25",14587,5442342,12442,4810858,1110,466812,1564,59487,76,9807,1640,69294,29779,26041.14,10789306,0
"2021-08-26",16167,5458509,14083,4824941,1072,467884,1767,61254,67,9874,1834,71128,33156,26613.43,10822462,0
"2021-08-27",14882,5473391,14823,4839764,971,468855,1667,62921,73,9947,1740,72868,32416,26814.43,10854878,0
"2021-08-28",10683,5484074,11521,4851285,836,469691,1012,63933,43,9990,1055,73923,24095,27231.43,10878973,0
"2021-08-29",7220,5491294,7494,4858779,541,470232,776,64709,55,10045,831,74754,16086,28273.71,10895059,0
"2021-08-30",15523,5506817,16926,4875705,1077,471309,1794,66503,82,10127,1876,76630,35402,29042.14,10930461,0
"2021-08-31",15523,5522340,15953,4891658,951,472260,1968,68471,84,10211,2052,78682,34479,29344.71,10964940,0
"2021-09-01",14833,5537173,14098,4905756,1020,473280,1807,70278,60,10271,1867,80549,31818,29636,10996758,0
"2021-09-02",14333,5551506,12518,4918274,896,474176,1703,71981,59,10330,1762,82311,29509,29115,11026267,0
"2021-09-03",15017,5566523,14302,4932576,974,475150,1894,73875,69,10399,1963,84274,32256,29092.14,11058523,0
"2021-09-04",9647,5576170,9407,4941983,688,475838,973,74848,33,10432,1006,85280,20748,28614,11079271,0
"2021-09-05",6804,5582974,5515,4947498,438,476276,709,75557,13,10445,722,86002,13479,28241.57,11092750,0
"2021-09-06",5196,5588170,4513,4952011,358,476634,270,75827,11,10456,281,86283,10348,24662.43,11103098,0
"2021-09-07",15578,5603748,17695,4969706,912,477546,1554,77381,87,10543,1641,87924,35826,24854.86,11138924,0
"2021-09-08",16166,5619914,14825,4984531,1072,478618,1768,79149,76,10619,1844,89768,33907,25153.29,11172831,0
"2021-09-09",16115,5636029,14750,4999281,1047,479665,1912,81061,71,10690,1983,91751,33895,25779.86,11206726,0
"2021-09-10",18375,5654404,15394,5014675,1208,480873,1970,83031,79,10769,2049,93800,37026,26461.29,11243752,0
"2021-09-11",12638,5667042,10347,5025022,958,481831,1026,84057,46,10815,1072,94872,25015,27070.86,11268767,0
"2021-09-12",8539,5675581,5051,5030073,766,482597,689,84746,29,10844,718,95590,15074,27298.71,11283841,0
"2021-09-13",16936,5692517,12958,5043031,976,483573,1650,86396,53,10897,1703,97293,32573,30473.71,11316414,0
"2021-09-14",16272,5708789,13677,5056708,886,484459,1592,87988,51,10948,1643,98936,32478,29995.43,11348892,0
"2021-09-15",15546,5724335,12879,5069587,727,485186,1566,89554,79,11027,1645,100581,30797,29551.14,11379689,0
"2021-09-16",15342,5739677,13907,5083494,1210,486396,1457,91011,63,11090,1520,102101,31979,29277.43,11411668,0
"2021-09-17",14438,5754115,13962,5097456,922,487318,1827,92838,54,11144,1881,103982,31203,28445.57,11442871,0
"2021-09-18",10004,5764119,10176,5107632,913,488231,1045,93883,40,11184,1085,105067,22178,28040.29,11465049,0
"2021-09-19",6179,5770298,6072,5113704,558,488789,746,94629,28,11212,774,105841,13583,27827.29,11478632,0
"2021-09-20",12676,5782974,12628,5126332,1067,489856,1920,96549,55,11267,1975,107816,28346,27223.43,11506978,0
"2021-09-21",12237,5795211,12767,5139099,1109,490965,2022,98571,76,11343,2098,109914,28211,26613.86,11535189,0
"2021-09-22",12823,5808034,12004,5151103,1089,492054,1682,100253,66,11409,1748,111662,27664,26166.29,11562853,0
"2021-09-23",14943,5822977,12758,5163861,1639,493693,2265,102518,72,11481,2337,113999,31677,26123.14,11594530,0
"2021-09-24",16449,5839426,13367,5177228,1633,495326,4624,107142,110,11591,4734,118733,36183,26834.57,11630713,0
"2021-09-25",10543,5849969,9024,5186252,1018,496344,3461,110603,75,11666,3536,122269,24121,27112.14,11654834,0
"2021-09-26",6304,5856273,5762,5192014,773,497117,2422,113025,55,11721,2477,124746,15316,27359.71,11670150,0
"2021-09-27",14162,5870435,8051,5200065,1155,498272,9059,122084,157,11878,9216,133962,32584,27965.14,11702734,0
"2021-09-28",11149,5881584,11779,5211844,901,499173,9909,131993,172,12050,10081,144043,33910,28779.29,11736644,0
"2021-09-29",11608,5893192,12195,5224039,1206,500379,9445,141438,161,12211,9606,153649,34615,29772.29,11771259,0
"2021-09-30",12240,5905432,12603,5236642,1338,501717,9744,151182,171,12382,9915,163564,36096,30403.57,11807355,0
"2021-10-01",12649,5918081,13430,5250072,1284,503001,10264,161446,144,12526,10408,173972,37771,30630.43,11845126,0
"2021-10-02",7735,5925816,9975,5260047,865,503866,4238,165684,74,12600,4312,178284,22887,30454.14,11868013,0
"2021-10-03",5078,5930894,6156,5266203,593,504459,2611,168295,54,12654,2665,180949,14492,30336.43,11882505,0
"2021-10-04",9909,5940803,11024,5277227,913,505372,9521,177816,139,12793,9660,190609,31506,30182.43,11914011,0
"2021-10-05",10165,5950968,11737,5288964,972,506344,9931,187747,172,12965,10103,200712,32977,30049.14,11946988,0
"2021-10-06",9916,5960884,11057,5300021,937,507281,9927,197674,152,13117,10079,210791,31989,29674,11978977,0
"2021-10-07",9666,5970550,12196,5312217,853,508134,10189,207863,164,13281,10353,221144,33068,29241.43,12012045,0
"2021-10-08",9463,5980013,12174,5324391,942,509076,10903,218766,159,13440,11062,232206,33641,28651.43,12045686,0
"2021-10-09",6259,5986272,8277,5332668,649,509725,4117,222883,88,13528,4205,236411,19390,28151.86,12065076,0
"2021-10-10",3543,5989815,5029,5337697,458,510183,2433,225316,40,13568,2473,238884,11503,27724.86,12076579,0
"2021-10-11",7624,5997439,9331,5347028,728,510911,8885,234201,154,13722,9039,247923,26722,27041.43,12103301,0
"2021-10-12",8078,6005517,10999,5358027,891,511802,10508,244709,178,13900,10686,258609,30654,26709.57,12133955,0
"2021-10-13",7156,6012673,10145,5368172,869,512671,8798,253507,175,14075,8973,267582,27143,26017.29,12161098,0
"2021-10-14",7445,6020118,11112,5379284,836,513507,10115,263622,158,14233,10273,277855,29666,25531.29,12190764,0
"2021-10-15",7729,6027847,11863,5391147,823,514330,10808,274430,163,14396,10971,288826,31386,25209.14,12222150,0
"2021-10-16",4866,6032713,7466,5398613,666,514996,3844,278274,65,14461,3909,292735,16907,24854.43,12239057,0
"2021-10-17",3061,6035774,4473,5403086,411,515407,2451,280725,40,14501,2491,295226,10436,24702,12249493,0
"2021-10-18",7057,6042831,10666,5413752,796,516203,9474,290199,165,14666,9639,304865,28158,24907.14,12277651,0
"2021-10-19",6577,6049408,8946,5422698,804,517007,9084,299283,164,14830,9248,314113,25575,24181.57,12303226,0
"2021-10-20",6540,6055948,9375,5432073,975,517982,9980,309263,170,15000,10150,324263,27040,24166.86,12330266,0
"2021-10-21",7031,6062979,9379,5441452,858,518840,10841,320104,147,15147,10988,335251,28256,23965.43,12358522,0
"2021-10-22",8130,6071109,10342,5451794,1026,519866,16341,336445,208,15355,16549,351800,36047,24631.29,12394569,0
"2021-10-23",5173,6076282,6458,5458252,690,520556,9119,345564,110,15465,9229,361029,21550,25294.57,12416119,0
"2021-10-24",3275,6079557,3972,5462224,770,521326,6151,351715,72,15537,6223,367252,14240,25838,12430359,0
"2021-10-25",8776,6088333,8741,5470965,1149,522475,19249,370964,283,15820,19532,386784,38198,27272.29,12468557,0
"2021-10-26",8205,6096538,7722,5478687,1258,523733,17287,388251,256,16076,17543,404327,34728,28579.86,12503285,0
"2021-10-27",10568,6107106,8394,5487081,1603,525336,20853,409104,301,16377,21154,425481,41719,30676.86,12545004,0
"2021-10-28",11332,6118438,8039,5495120,1793,527129,20837,429941,310,16687,21147,446628,42311,32684.71,12587315,0
"2021-10-29",11841,6130279,8242,5503362,1963,529092,22525,452466,315,17002,22840,469468,44886,33947.43,12632201,0
"2021-10-30",4631,6134910,5059,5508421,932,530024,11163,463629,157,17159,11320,480788,21942,34003.43,12654143,0
"2021-10-31",2666,6137576,2702,5511123,544,530568,6635,470264,95,17254,6730,487518,12642,33775.14,12666785,0
"2021-11-01",7142,6144718,6955,5518078,1089,531657,20378,490642,309,17563,20687,508205,35873,33443,12702658,0
"2021-11-02",6587,6151305,6592,5524670,1055,532712,20775,511417,260,17823,21035,529240,35269,33520.29,12737927,0
"2021-11-03",6854,6158159,6681,5531351,1026,533738,20628,532045,289,18112,20917,550157,35478,32628.71,12773405,0
"2021-11-04",9316,6167475,6278,5537629,995,534733,22354,554399,337,18449,22691,572848,39280,32195.71,12812685,0
"2021-11-05",11059,6178534,6725,5544354,1051,535784,23756,578155,337,18786,24093,596941,42928,31916,12855613,0
"2021-11-06",11132,6189666,4051,5548405,594,536378,12590,590745,160,18946,12750,609691,28527,32856.71,12884140,0
"2021-11-07",7256,6196922,2287,5550692,577,536955,7105,597850,89,19035,7194,616885,17314,33524.14,12901454,0
"2021-11-08",15055,6211977,5678,5556370,865,537820,19503,617353,269,19304,19772,636657,41370,34309.43,12942824,0
"2021-11-09",16156,6228133,5391,5561761,661,538481,20505,637858,260,19564,20765,657422,42973,35410,12985797,0
"2021-11-10",16938,6245071,5322,5567083,683,539164,22639,660497,280,19844,22919,680341,45862,36893.43,13031659,0
"2021-11-11",12581,6257652,5187,5572270,760,539924,22079,682576,276,20120,22355,702696,40883,37122.43,13072542,0
"2021-11-12",16896,6274548,5688,5577958,706,540630,23387,705963,349,20469,23736,726432,47026,37707.86,13119568,0
"2021-11-13",9946,6284494,3664,5581622,464,541094,13321,719284,172,20641,13493,739925,27567,37570.71,13147135,0
"2021-11-14",6020,6290514,2293,5583915,325,541419,7925,727209,73,20714,7998,747923,16636,37473.86,13163771,0
"2021-11-15",13229,6303743,5975,5589890,690,542109,25101,752310,340,21054,25441,773364,45335,38040.29,13209106,0
"2021-11-16",9977,6313720,5781,5595671,656,542765,30665,782975,402,21456,31067,804431,47481,38684.29,13256587,0
"2021-11-17",10316,6324036,6676,5602347,681,543446,31409,814384,397,21853,31806,836237,49479,39201,13306066,0
"2021-11-18",10744,6334780,6545,5608892,858,544304,33001,847385,431,22284,33432,869669,51579,40729,13357645,0
"2021-11-19",12034,6346814,6554,5615446,715,545019,36237,883622,437,22721,36674,906343,55977,42007.71,13413622,0
"2021-11-20",9336,6356150,3419,5618865,513,545532,22512,906134,241,22962,22753,929096,36021,43215.43,13449643,0
"2021-11-21",4959,6361109,1887,5620752,288,545820,13200,919334,141,23103,13341,942437,20475,43763.86,13470118,0
"2021-11-22",10455,6371564,5791,5626543,751,546571,35912,955246,424,23527,36336,978773,53333,44906.43,13523451,0
"2021-11-23",9809,6381373,4781,5631324,636,547207,33514,988760,353,23880,33867,1012640,49093,45136.71,13572544,0
"2021-11-24",8716,6390089,4753,5636077,651,547858,25912,1014672,268,24148,26180,1038820,40300,43825.43,13612844,0
"2021-11-25",449,6390538,325,5636402,80,547938,1003,1015675,9,24157,1012,1039832,1866,36723.57,13614710,0
"2021-11-26",8068,6398606,6987,5643389,530,548468,26581,1042256,281,24438,26862,1066694,42447,34790.71,13657157,0
"2021-11-27",6690,6405296,6834,5650223,371,548839,18836,1061092,212,24650,19048,1085742,32943,34351,13690100,0
"2021-11-28",4083,6409379,5785,5656008,282,549121,11879,1072971,113,24763,11992,1097734,22142,34589.14,13712242,0
"2021-11-29",9108,6418487,10985,5666993,687,549808,35020,1107991,411,25174,35431,1133165,56211,35000.29,13768453,0
"2021-11-30",10524,6429011,11431,5678424,513,550321,37781,1145772,472,25646,38253,1171418,60721,36661.43,13829174,0
"2021-12-01",11205,6440216,10985,5689409,723,551044,40342,1186114,421,26067,40763,1212181,63676,40000.86,13892850,0
"2021-12-02",11670,6451886,11037,5700446,627,551671,42155,1228269,433,26500,42588,1254769,65922,49151.71,13958772,0
"2021-12-03",13515,6465401,12890,5713336,676,552347,47908,1276177,495,26995,48403,1303172,75484,53871.29,14034256,0
"2021-12-04",9867,6475268,11293,5724629,567,552914,30671,1306848,289,27284,30960,1334132,52687,56691.86,14086943,0
"2021-12-05",5764,6481032,5708,5730337,271,553185,16654,1323502,123,27407,16777,1350909,28520,57603,14115463,0
"2021-12-06",12358,6493390,9957,5740294,601,553786,43234,1366736,426,27833,43660,1394569,66576,59083.71,14182039,0
"2021-12-07",12618,6506008,9256,5749550,625,554411,43020,1409756,480,28313,43500,1438069,65999,59837.71,14248038,0
"2021-12-08",13549,6519557,8775,5758325,554,554965,40777,1450533,452,28765,41229,1479298,64107,59899.29,14312145,0
"2021-12-09",13524,6533081,8755,5767080,555,555520,40804,1491337,471,29236,41275,1520573,64109,59640.29,14376254,0
"2021-12-10",14051,6547132,10142,5777222,670,556190,43660,1534997,477,29713,44137,1564710,69000,58714,14445254,0
"2021-12-11",10286,6557418,8119,5785341,405,556595,26695,1561692,261,29974,26956,1591666,45766,57725.29,14491020,0
"2021-12-12",6026,6563444,3856,5789197,290,556885,15161,1576853,129,30103,15290,1606956,25462,57288.43,14516482,0
"2021-12-13",12246,6575690,7427,5796624,657,557542,37870,1614723,375,30478,38245,1645201,58575,56145.43,14575057,0
"2021-12-14",12254,6587944,6958,5803582,731,558273,38135,1652858,415,30893,38550,1683751,58493,55073.14,14633550,0
"2021-12-15",12122,6600066,6241,5809823,756,559029,38118,1690976,473,31366,38591,1722342,57710,54159.29,14691260,0
"2021-12-16",13144,6613210,4275,5814098,741,559770,41041,1732017,425,31791,41466,1763808,59626,53518.86,14750886,0
"2021-12-17",15963,6629173,6933,5821031,620,560390,46756,1778773,454,32245,47210,1811018,70726,53765.43,14821612,0
"2021-12-18",13035,6642208,5719,5826750,432,560822,30614,1809387,257,32502,30871,1841889,50057,54378.43,14871669,0
"2021-12-19",7027,6649235,2996,5829746,326,561148,18001,1827388,164,32666,18165,1860054,28514,54814.43,14900183,0
"2021-12-20",16887,6666122,5868,5835614,747,561895,47424,1874812,541,33207,47965,1908019,71467,56656.14,14971650,0
"2021-12-21",17981,6684103,6576,5842190,806,562701,48899,1923711,558,33765,49457,1957476,74820,58988.57,15046470,0
"2021-12-22",18554,6702657,6557,5848747,938,563639,49653,1973364,514,34279,50167,2007643,76216,61632.29,15122686,0
"2021-12-23",19053,6721710,6482,5855229,929,564568,45817,2019181,502,34781,46319,2053962,72783,63511.86,15195469,0
"2021-12-24",9247,6730957,2951,5858180,598,565166,20591,2039772,204,34985,20795,2074757,33591,58206.86,15229060,0
"2021-12-25",343,6731300,64,5858244,31,565197,427,2040199,8,34993,435,2075192,873,51180.57,15229933,0
"2021-12-26",7976,6739276,3929,5862173,341,565538,17272,2057471,167,35160,17439,2092631,29685,51347.86,15259618,0
"2021-12-27",21790,6761066,9205,5871378,932,566470,43422,2100893,529,35689,43951,2136582,75878,51978,15335496,0
"2021-12-28",20168,6781234,8331,5879709,698,567168,47559,2148452,584,36273,48143,2184725,77340,52338,15412836,0
"2021-12-29",18504,6799738,7672,5887381,607,567775,45531,2193983,465,36738,45996,2230721,72779,51847,15485615,0
"2021-12-30",16880,6816618,7417,5894798,584,568359,44812,2238795,557,37295,45369,2276090,70250,51485.14,15555865,0
"2021-12-31",5365,6821983,2808,5897606,193,568552,14760,2253555,173,37468,14933,2291023,23299,50014.86,15579164,0
"2022-01-01",243,6822226,147,5897753,12,568564,501,2254056,20,37488,521,2291544,923,50022,15580087,0
"2022-01-02",6434,6828660,5021,5902774,153,568717,10974,2265030,107,37595,11081,2302625,22689,49022.57,15602776,0
"2022-01-03",14147,6842807,8485,5911259,515,569232,26918,2291948,314,37909,27232,2329857,50379,45379.86,15653155,0
"2022-01-04",12970,6855777,8103,5919362,414,569646,27105,2319053,343,38252,27448,2357305,48935,41322,15702090,0
"2022-01-05",11541,6867318,6993,5926355,384,570030,25811,2344864,294,38546,26105,2383410,45023,37356.86,15747113,0
"2022-01-06",11491,6878809,7386,5933741,485,570515,27509,2372373,322,38868,27831,2411241,47193,34063,15794306,0
"2022-01-07",10414,6889223,8418,5942159,337,570852,25013,2397386,306,39174,25319,2436560,44488,37090,15838794,0
"2022-01-08",7883,6897106,8568,5950727,310,571162,19441,2416827,171,39345,19612,2456172,36373,42154.29,15875167,0
"2022-01-09",4136,6901242,3844,5954571,214,571376,10058,2426885,88,39433,10146,2466318,18340,41533,15893507,0
"2022-01-10",10185,6911427,8188,5962759,490,571866,24599,2451484,288,39721,24887,2491205,43750,40586,15937257,0
"2022-01-11",8901,6920328,7999,5970758,521,572387,21021,2472505,270,39991,21291,2512496,38712,39125.57,15975969,0
"2022-01-12",8944,6929272,8319,5979077,428,572815,22326,2494831,282,40273,22608,2535104,40299,38450.71,16016268,0
"2022-01-13",9047,6938319,8865,5987942,450,573265,22869,2517700,302,40575,23171,2558275,41533,37642.14,16057801,0
"2022-01-14",10120,6948439,8120,5996062,476,573741,26431,2544131,305,40880,26736,2585011,45452,37779.86,16103253,0
"2022-01-15",6209,6954648,4309,6000371,179,573920,15143,2559274,167,41047,15310,2600321,26007,36299,16129260,0
"2022-01-16",2922,6957570,3250,6003621,95,574015,7817,2567091,79,41126,7896,2608217,14163,35702.29,16143423,0
"2022-01-17",6085,6963655,6759,6010380,363,574378,14675,2581766,206,41332,14881,2623098,28088,33464.86,16171511,0
"2022-01-18",8169,6971824,10317,6020697,397,574775,19658,2601424,312,41644,19970,2643068,38853,33485,16210364,0
"2022-01-19",7475,6979299,9251,6029948,305,575080,17704,2619128,263,41907,17967,2661035,34998,32727.71,16245362,0
"2022-01-20",6282,6985581,8563,6038511,305,575385,15247,2634375,230,42137,15477,2676512,30627,31169.71,16275989,0
"2022-01-21",7579,6993160,7500,6046011,276,575661,18501,2652876,275,42412,18776,2695288,34131,29552.43,16310120,0
"2022-01-22",5194,6998354,4939,6050950,131,575792,11318,2664194,121,42533,11439,2706727,21703,28937.57,16331823,0
"2022-01-23",2812,7001166,3329,6054279,97,575889,6227,2670421,74,42607,6301,2713028,12539,28705.57,16344362,0
"2022-01-24",6371,7007537,8198,6062477,262,576151,15075,2685496,231,42838,15306,2728334,30137,28998.29,16374499,0
"2022-01-25",6192,7013729,7936,6070413,233,576384,14684,2700180,253,43091,14937,2743271,29298,27633.29,16403797,0
"2022-01-26",5753,7019482,7169,6077582,289,576673,14015,2714195,206,43297,14221,2757492,27432,26552.43,16431229,0
"2022-01-27",5263,7024745,7090,6084672,321,576994,14077,2728272,227,43524,14304,2771796,26978,26031.14,16458207,0
"2022-01-28",6268,7031013,7863,6092535,203,577197,16127,2744399,232,43756,16359,2788155,30693,25540,16488900,0
"2022-01-29",843,7031856,727,6093262,28,577225,2536,2746935,39,43795,2575,2790730,4173,23035.71,16493073,0
"2022-01-30",2097,7033953,3020,6096282,103,577328,4534,2751469,61,43856,4595,2795325,9815,22646.57,16502888,0
"2022-01-31",5010,7038963,6600,6102882,220,577548,11373,2762842,194,44050,11567,2806892,23397,21683.71,16526285,0
"2022-02-01",4842,7043805,6437,6109319,219,577767,10706,2773548,210,44260,10916,2817808,22414,20700.29,16548699,0
"2022-02-02",4251,7048056,5924,6115243,213,577980,11224,2784772,234,44494,11458,2829266,21846,19902.29,16570545,0
"2022-02-03",4235,7052291,5807,6121050,216,578196,11212,2795984,194,44688,11406,2840672,21664,19143.14,16592209,0
"2022-02-04",4775,7057066,7114,6128164,214,578410,13217,2809201,231,44919,13448,2854120,25551,18408.57,16617760,0
"2022-02-05",3587,7060653,6050,6134214,110,578520,8571,2817772,148,45067,8719,2862839,18466,20450.43,16636226,0
"2022-02-06",2064,7062717,2134,6136348,121,578641,4637,2822409,102,45169,4739,2867578,9058,20342.29,16645284,0
"2022-02-07",4159,7066876,4725,6141073,205,578846,10132,2832541,226,45395,10358,2877936,19447,19778,16664731,0
"2022-02-08",4225,7071101,5611,6146684,214,579060,11325,2843866,300,45695,11625,2889561,21675,19672.43,16686406,0
"2022-02-09",4143,7075244,5402,6152086,222,579282,11656,2855522,247,45942,11903,2901464,21670,19647.29,16708076,0
"2022-02-10",4003,7079247,5118,6157204,245,579527,12194,2867716,276,46218,12470,2913934,21836,19671.86,16729912,0
"2022-02-11",4519,7083766,5806,6163010,195,579722,13733,2881449,310,46528,14043,2927977,24563,19530.71,16754475,0
"2022-02-12",3262,7087028,4341,6167351,97,579819,8807,2890256,211,46739,9018,2936995,16718,19281,16771193,0
"2022-02-13",1522,7088550,1542,6168893,41,579860,4881,2895137,105,46844,4986,2941981,8091,19142.86,16779284,0
"2022-02-14",2985,7091535,3623,6172516,167,580027,10568,2905705,321,47165,10889,2952870,17664,18888.14,16796948,0
"2022-02-15",3562,7095097,4069,6176585,176,580203,12777,2918482,270,47435,13047,2965917,20854,18770.86,16817802,0
"2022-02-16",3664,7098761,3894,6180479,200,580403,15710,2934192,287,47722,15997,2981914,23755,19068.71,16841557,0
"2022-02-17",4041,7102802,4081,6184560,162,580565,18264,2952456,353,48075,18617,3000531,26901,19792.29,16868458,0
"2022-02-18",4477,7107279,4782,6189342,190,580755,21529,2973985,445,48520,21974,3022505,31423,20772.29,16899881,0
"2022-02-19",3259,7110538,2180,6191522,65,580820,11171,2985156,211,48731,11382,3033887,16886,20796.29,16916767,0
"2022-02-20",1863,7112401,1447,6192969,59,580879,6575,2991731,111,48842,6686,3040573,10055,21076.86,16926822,0
"2022-02-21",3088,7115489,2691,6195660,95,580974,8351,3000082,220,49062,8571,3049144,14445,20617,16941267,0
"2022-02-22",4381,7119870,4250,6199910,175,581149,10828,3010910,247,49309,11075,3060219,19881,20478,16961148,0
"2022-02-23",4271,7124141,3793,6203703,145,581294,10656,3021566,236,49545,10892,3071111,19101,19813.14,16980249,0
"2022-02-24",3796,7127937,3655,6207358,108,581402,10184,3031750,228,49773,10412,3081523,17971,18537.43,16998220,0
"2022-02-25",3622,7131559,3625,6210983,134,581536,9975,3041725,229,50002,10204,3091727,17585,16560.57,17015805,0
"2022-02-26",2842,7134401,2577,6213560,74,581610,9508,3051233,152,50154,9660,3101387,15153,16313,17030958,0
"2022-02-27",1773,7136174,1371,6214931,52,581662,6267,3057500,97,50251,6364,3107751,9560,16242.29,17040518,0
"2022-02-28",3804,7139978,3132,6218063,140,581802,13126,3070626,246,50497,13372,3121123,20448,17099.86,17060966,0
"2022-03-01",2139,7142117,2622,6220685,103,581905,5169,3075795,182,50679,5351,3126474,10215,15719,17071181,0
"2022-03-02",1844,7143961,2437,6223122,106,582011,4124,3079919,204,50883,4328,3130802,8715,14235.29,17079896,0
"2022-03-03",1939,7145900,2556,6225678,106,582117,3795,3083714,168,51051,3963,3134765,8564,12891.43,17088460,0
"2022-03-04",2122,7148022,2873,6228551,66,582183,4327,3088041,205,51256,4532,3139297,9593,11749.71,17098053,0
"2022-03-05",1612,7149634,2125,6230676,43,582226,3316,3091357,112,51368,3428,3142725,7208,10614.71,17105261,0
"2022-03-06",799,7150433,879,6231555,30,582256,1622,3092979,54,51422,1676,3144401,3384,9732.43,17108645,0
"2022-03-07",1668,7152101,1787,6233342,86,582342,3495,3096474,159,51581,3654,3148055,7195,7839.14,17115840,0
"2022-03-08",1550,7153651,1892,6235234,80,582422,3123,3099597,145,51726,3268,3151323,6790,7349.86,17122630,0
"2022-03-09",1268,7154919,1667,6236901,79,582501,2582,3102179,129,51855,2711,3154034,5725,6922.71,17128355,0
"2022-03-10",1421,7156340,2099,6239000,85,582586,2951,3105130,160,52015,3111,3157145,6716,6658.71,17135071,0
"2022-03-11",1603,7157943,2272,6241272,81,582667,3212,3108342,186,52201,3398,3160543,7354,6338.86,17142425,0
"2022-03-12",879,7158822,1414,6242686,40,582707,2004,3110346,72,52273,2076,3162619,4409,5939,17146834,0
"2022-03-13",626,7159448,757,6243443,27,582734,1292,3111638,47,52320,1339,3163958,2749,5848.29,17149583,0
"2022-03-14",1376,7160824,1601,6245044,83,582817,2988,3114626,203,52523,3191,3167149,6251,5713.43,17155834,0
"2022-03-15",1363,7162187,1924,6246968,63,582880,3069,3117695,226,52749,3295,3170444,6645,5692.71,17162479,0
"2022-03-16",1400,7163587,2065,6249033,94,582974,3131,3120826,293,53042,3424,3173868,6983,5872.43,17169462,0
"2022-03-17",1185,7164772,1805,6250838,70,583044,2758,3123584,262,53304,3020,3176888,6080,5781.57,17175542,0
"2022-03-18",1594,7166366,2210,6253048,80,583124,3767,3127351,413,53717,4180,3181068,8064,5883,17183606,0
"2022-03-19",1113,7167479,1733,6254781,54,583178,2594,3129945,225,53942,2819,3183887,5719,6070.14,17189325,0
"2022-03-20",614,7168093,627,6255408,33,583211,1463,3131408,183,54125,1646,3185533,2920,6094.57,17192245,0
"2022-03-21",1422,7169515,1551,6256959,72,583283,3053,3134461,352,54477,3405,3188938,6450,6123,17198695,0
"2022-03-22",1344,7170859,1551,6258510,101,583384,2902,3137363,338,54815,3240,3192178,6236,6064.57,17204931,0
"2022-03-23",1263,7172122,1360,6259870,66,583450,2917,3140280,371,55186,3288,3195466,5977,5920.86,17210908,0
"2022-03-24",1211,7173333,1298,6261168,90,583540,2516,3142796,264,55450,2780,3198246,5379,5820.71,17216287,0
"2022-03-25",1391,7174724,1627,6262795,62,583602,3262,3146058,372,55822,3634,3201880,6714,5627.86,17223001,0
"2022-03-26",929,7175653,1163,6263958,36,583638,2302,3148360,249,56071,2551,3204431,4679,5479.29,17227680,0
"2022-03-27",574,7176227,527,6264485,29,583667,1312,3149672,203,56274,1515,3205946,2645,5440,17230325,0
"2022-03-28",1088,7177315,1162,6265647,68,583735,2439,3152111,354,56628,2793,3208739,5111,5248.71,17235436,0
"2022-03-29",1052,7178367,1105,6266752,85,583820,2515,3154626,872,57500,3387,3212126,5629,5162,17241065,0
"2022-03-30",1251,7179618,1143,6267895,98,583918,3065,3157691,3376,60876,6441,3218567,8933,5584.29,17249998,0
"2022-03-31",1289,7180907,1263,6269158,57,583975,3165,3160856,5472,66348,8637,3227204,11246,6422.43,17261244,0
"2022-04-01",1438,7182345,1495,6270653,76,584051,3249,3164105,6865,73213,10114,3237318,13123,7338,17274367,0
"2022-04-02",913,7183258,913,6271566,33,584084,2097,3166202,4493,77706,6590,3243908,8449,7876.57,17282816,0
"2022-04-03",561,7183819,499,6272065,28,584112,1223,3167425,3041,80747,4264,3248172,5352,8263.29,17288168,0
"2022-04-04",1358,7185177,1309,6273374,60,584172,2732,3170157,7649,88396,10381,3258553,13108,9405.71,17301276,0
"2022-04-05",1304,7186481,1165,6274539,66,584238,2857,3173014,7439,95835,10296,3268849,12831,10434.57,17314107,0
"2022-04-06",1330,7187811,1180,6275719,61,584299,2623,3175637,6912,102747,9535,3278384,12106,10887.86,17326213,0
"2022-04-07",1209,7189020,1063,6276782,54,584353,2378,3178015,6571,109318,8949,3287333,11275,10892,17337488,0
"2022-04-08",1492,7190512,1403,6278185,62,584415,3167,3181182,8721,118039,11888,3299221,14845,11138,17352333,0
"2022-04-09",926,7191438,924,6279109,29,584444,2068,3183250,4909,122948,6977,3306198,8856,11196.14,17361189,0
"2022-04-10",588,7192026,461,6279570,25,584469,1170,3184420,2868,125816,4038,3310236,5112,11161.86,17366301,0
"2022-04-11",1331,7193357,1234,6280804,59,584528,2664,3187084,7733,133549,10397,3320633,13021,11149.43,17379322,0
"2022-04-12",1222,7194579,1057,6281861,73,584601,2529,3189613,7370,140919,9899,3330532,12251,11066.57,17391573,0
"2022-04-13",1256,7195835,1077,6282938,59,584660,2507,3192120,7490,148409,9997,3340529,12389,11107,17403962,0
"2022-04-14",1280,7197115,1100,6284038,59,584719,2431,3194551,6528,154937,8959,3349488,11398,11124.57,17415360,0
"2022-04-15",1351,7198466,1097,6285135,53,584772,2566,3197117,6566,161503,9132,3358620,11633,10665.71,17426993,0
"2022-04-16",873,7199339,653,6285788,33,584805,1638,3198755,3638,165141,5276,3363896,6835,10377,17433828,0
"2022-04-17",347,7199686,203,6285991,27,584832,639,3199394,1144,166285,1783,3365679,2360,9983.86,17436188,0
"2022-04-18",1393,7201079,1116,6287107,82,584914,2587,3201981,6363,172648,8950,3374629,11541,9772.43,17447729,0
"2022-04-19",1417,7202496,938,6288045,72,584986,2572,3204553,5697,178345,8269,3382898,10696,9550.29,17458425,0
"2022-04-20",1316,7203812,1143,6289188,65,585051,2683,3207236,6583,184928,9266,3392164,11790,9464.71,17470215,0
"2022-04-21",1226,7205038,1062,6290250,53,585104,2328,3209564,5292,190220,7620,3399784,9961,9259.43,17480176,0
"2022-04-22",1219,7206257,1026,6291276,46,585150,2201,3211765,5581,195801,7782,3407566,10073,9036.57,17490249,0
"2022-04-23",719,7206976,750,6292026,59,585209,1426,3213191,3323,199124,4749,3412315,6277,8956.86,17496526,0
"2022-04-24",443,7207419,338,6292364,27,585236,814,3214005,1797,200921,2611,3414926,3419,9108.14,17499945,0
"2022-04-25",1032,7208451,914,6293278,64,585300,1851,3215856,5045,205966,6896,3421822,8906,8731.71,17508851,0
"2022-04-26",948,7209399,858,6294136,76,585376,1751,3217607,4653,210619,6404,3428226,8286,8387.43,17517137,0
"2022-04-27",1042,7210441,1015,6295151,80,585456,1931,3219538,5165,215784,7096,3435322,9233,8022.14,17526370,0
"2022-04-28",1092,7211533,987,6296138,50,585506,2004,3221542,4693,220477,6697,3442019,8826,7860,17535196,0
"2022-04-29",1191,7212724,1106,6297244,60,585566,2157,3223699,5329,225806,7486,3449505,9843,7827.14,17545039,0
"2022-04-30",730,7213454,741,6297985,43,585609,1393,3225092,2934,228740,4327,3453832,5841,7764.86,17550880,0
"2022-05-01",447,7213901,367,6298352,20,585629,766,3225858,1639,230379,2405,3456237,3239,7739.14,17554119,0
"2022-05-02",1061,7214962,792,6299144,52,585681,1673,3227531,3779,234158,5452,3461689,7357,7517.86,17561476,0
"2022-05-03",1124,7216086,863,6300007,61,585742,1996,3229527,4823,238981,6819,3468508,8867,7600.86,17570343,0
"2022-05-04",1022,7217108,883,6300890,48,585790,1913,3231440,4594,243575,6507,3475015,8460,7490.43,17578803,0
"2022-05-05",1060,7218168,952,6301842,86,585876,1925,3233365,4838,248413,6763,3481778,8861,7495.43,17587664,0
"2022-05-06",1096,7219264,958,6302800,51,585927,1865,3235230,4335,252748,6200,3487978,8305,7275.71,17595969,0
"2022-05-07",663,7219927,592,6303392,32,585959,1203,3236433,2410,255158,3613,3491591,4900,7141.29,17600869,0
"2022-05-08",417,7220344,247,6303639,17,585976,668,3237101,1366,256524,2034,3493625,2715,7066.43,17603584,0
"2022-05-09",1084,7221428,948,6304587,60,586036,1884,3238985,4399,260923,6283,3499908,8375,7211.86,17611959,0
"2022-05-10",1099,7222527,930,6305517,54,586090,1987,3240972,4664,265587,6651,3506559,8734,7192.86,17620693,0
"2022-05-11",1096,7223623,978,6306495,44,586134,1941,3242913,4801,270388,6742,3513301,8860,7250,17629553,0
"2022-05-12",1103,7224726,949,6307444,58,586192,2003,3244916,4614,275002,6617,3519918,8727,7230.86,17638280,0
"2022-05-13",1165,7225891,1039,6308483,44,586236,2059,3246975,4747,279749,6806,3526724,9054,7337.86,17647334,0
"2022-05-14",832,7226723,670,6309153,31,586267,1472,3248447,2911,282660,4383,3531107,5916,7483,17653250,0
"2022-05-15",511,7227234,358,6309511,21,586288,923,3249370,1636,284296,2559,3533666,3449,7587.86,17656699,0
"2022-05-16",1233,7228467,860,6310371,60,586348,1824,3251194,3819,288115,5643,3539309,7796,7505.14,17664495,0
"2022-05-17",1300,7229767,924,6311295,79,586427,2052,3253246,4835,292950,6887,3546196,9190,7570.29,17673685,0
"2022-05-18",1248,7231015,904,6312199,82,586509,2060,3255306,4874,297824,6934,3553130,9168,7614.29,17682853,0
"2022-05-19",1176,7232191,873,6313072,35,586544,2116,3257422,4676,302500,6792,3559922,8876,7635.57,17691729,0
"2022-05-20",1206,7233397,955,6314027,74,586618,2367,3259789,5126,307626,7493,3567415,9728,7731.86,17701457,0
"2022-05-21",837,7234234,648,6314675,23,586641,1726,3261515,3262,310888,4988,3572403,6496,7814.71,17707953,0
"2022-05-22",514,7234748,292,6314967,22,586663,1134,3262649,1824,312712,2958,3575361,3786,7862.86,17711739,0
"2022-05-23",1228,7235976,891,6315858,47,586710,2182,3264831,4659,317371,6841,3582202,9007,8035.86,17720746,0
"2022-05-24",1436,7237412,939,6316797,66,586776,2288,3267119,4432,321803,6720,3588922,9161,8031.71,17729907,0
"2022-05-25",1441,7238853,958,6317755,56,586832,2263,3269382,4195,325998,6458,3595380,8913,7995.29,17738820,0
"2022-05-26",1185,7240038,870,6318625,60,586892,2259,3271641,4087,330085,6346,3601726,8461,7936,17747281,0
"2022-05-27",1252,7241290,955,6319580,38,586930,2490,3274131,3853,333938,6343,3608069,8588,7773.14,17755869,0
"2022-05-28",721,7242011,517,6320097,19,586949,1775,3275906,2039,335977,3814,3611883,5071,7569.57,17760940,0
"2022-05-29",476,7242487,217,6320314,11,586960,762,3276668,1111,337088,1873,3613756,2577,7396.86,17763517,0
"2022-05-30",92,7242579,56,6320370,6,586966,139,3276807,143,337231,282,3614038,436,6172.43,17763953,0
"2022-05-31",1137,7243716,910,6321280,51,587017,1875,3278682,3036,340267,4911,3618949,7009,5865,17770962,0
"2022-06-01",1153,7244869,845,6322125,63,587080,1960,3280642,3375,343642,5335,3624284,7396,5648.29,17778358,0
"2022-06-02",1031,7245900,798,6322923,72,587152,1821,3282463,3139,346781,4960,3629244,6861,5419.71,17785219,0
"2022-06-03",1170,7247070,888,6323811,47,587199,2053,3284516,3470,350251,5523,3634767,7628,5282.57,17792847,0
"2022-06-04",728,7247798,582,6324393,26,587225,1551,3286067,1888,352139,3439,3638206,4775,5240.29,17797622,0
"2022-06-05",449,7248247,297,6324690,1,587226,878,3286945,976,353115,1854,3640060,2601,5243.71,17800223,0
"2022-06-06",1126,7249373,825,6325515,64,587290,1748,3288693,2722,355837,4470,3644530,6485,6107.86,17806708,0
"2022-06-07",1022,7250395,767,6326282,70,587360,1764,3290457,2544,358381,4308,3648838,6167,5987.57,17812875,0
"2022-06-08",1093,7251488,834,6327116,75,587435,1867,3292324,2718,361099,4585,3653423,6587,5872,17819462,0
"2022-06-09",1146,7252634,836,6327952,61,587496,2207,3294531,2675,363774,4882,3658305,6925,5881.14,17826387,0
"2022-06-10",1052,7253686,811,6328763,75,587571,1876,3296407,2803,366577,4679,3662984,6617,5736.71,17833004,0
"2022-06-11",684,7254370,508,6329271,24,587595,1317,3297724,1499,368076,2816,3665800,4032,5630.57,17837036,0
"2022-06-12",351,7254721,286,6329557,20,587615,879,3298603,766,368842,1645,3667445,2302,5587.86,17839338,0
"2022-06-13",1034,7255755,764,6330321,63,587678,1568,3300171,2168,371010,3736,3671181,5597,5461,17844935,0
"2022-06-14",938,7256693,814,6331135,55,587733,1655,3301826,2483,373493,4138,3675319,5945,5429.29,17850880,0
"2022-06-15",979,7257672,852,6331987,39,587772,1634,3303460,2396,375889,4030,3679349,5900,5331.14,17856780,0
"2022-06-16",940,7258612,773,6332760,58,587830,1805,3305265,2315,378204,4120,3683469,5891,5183.43,17862671,0
"2022-06-17",896,7259508,783,6333543,44,587874,1740,3307005,2361,380565,4101,3687570,5824,5070.14,17868495,0
"2022-06-18",663,7260171,522,6334065,26,587900,1269,3308274,1289,381854,2558,3690128,3769,5032.57,17872264,0
"2022-06-19",355,7260526,236,6334301,16,587916,721,3308995,599,382453,1320,3691448,1927,4979,17874191,0
"2022-06-20",830,7261356,481,6334782,41,587957,1545,3310540,1601,384054,3146,3694594,4498,4822,17878689,0
"2022-06-21",1050,7262406,719,6335501,50,588007,1661,3312201,2081,386135,3742,3698336,5561,4767.14,17884250,0
"2022-06-22",998,7263404,800,6336301,44,588051,1665,3313866,1946,388081,3611,3701947,5453,4703.29,17889703,0
"2022-06-23",934,7264338,740,6337041,64,588115,1675,3315541,2100,390181,3775,3705722,5513,4649.29,17895216,0
"2022-06-24",920,7265258,749,6337790,48,588163,1609,3317150,2108,392289,3717,3709439,5434,4593.57,17900650,0
"2022-06-25",631,7265889,478,6338268,15,588178,1226,3318376,1121,393410,2347,3711786,3471,4551,17904121,0
"2022-06-26",437,7266326,247,6338515,14,588192,677,3319053,528,393938,1205,3712991,1903,4547.57,17906024,0
"2022-06-27",850,7267176,643,6339158,59,588251,1440,3320493,1591,395529,3031,3716022,4583,4559.71,17910607,0
"2022-06-28",972,7268148,814,6339972,50,588301,1831,3322324,2081,397610,3912,3719934,5748,4586.43,17916355,0
"2022-06-29",876,7269024,755,6340727,48,588349,1666,3323990,1874,399484,3540,3723474,5219,4553,17921574,0
"2022-06-30",885,7269909,793,6341520,46,588395,1699,3325689,2055,401539,3754,3727228,5478,4548,17927052,0
"2022-07-01",711,7270620,578,6342098,22,588417,1355,3327044,1687,403226,3042,3730270,4353,4393.57,17931405,0
"2022-07-02",435,7271055,377,6342475,15,588432,820,3327864,916,404142,1736,3732006,2563,4263.86,17933968,0
"2022-07-03",296,7271351,203,6342678,5,588437,450,3328314,476,404618,926,3732932,1430,4196.29,17935398,0
"2022-07-04",31,7271382,26,6342704,1,588438,30,3328344,38,404656,68,3733000,126,3559.57,17935524,0
"2022-07-05",805,7272187,735,6343439,33,588471,1378,3329722,1710,406366,3088,3736088,4661,3404.29,17940185,0
"2022-07-06",805,7272992,658,6344097,43,588514,1391,3331113,1754,408120,3145,3739233,4651,3323.14,17944836,0
"2022-07-07",836,7273828,690,6344787,45,588559,1460,3332573,1913,410033,3373,3742606,4944,3246.86,17949780,0
"2022-07-08",855,7274683,628,6345415,37,588596,1428,3334001,1907,411940,3335,3745941,4855,3318.57,17954635,120000
"2022-07-09",506,7275189,405,6345820,23,588619,860,3334861,1312,413252,2172,3748113,3106,3396.14,17957741,120000
"2022-07-10",324,7275513,181,6346001,14,588633,419,3335280,651,413903,1070,3749183,1589,3418.86,17959330,120000
"2022-07-11",925,7276438,600,6346601,45,588678,1389,3336669,2126,416029,3515,3752698,5085,4127.29,17964415,120000
"2022-07-12",872,7277310,658,6347259,42,588720,1354,3338023,2426,418455,3780,3756478,5352,4226,17969767,120000
"2022-07-13",832,7278142,628,6347887,28,588748,1397,3339420,2538,420993,3935,3760413,5423,4336.29,17975190,120000
"2022-07-14",265,7278407,200,6348087,34,588782,493,3339913,938,421931,1431,3761844,1930,3905.71,17977120,120000
