"DATE","ADMIN_DOSE1_DAILY","ADMIN_DOSE1_CUMULATIVE","ADMIN_DOSE2_DAILY","ADMIN_DOSE2_CUMULATIVE","ADMIN_SINGLE_DAILY","ADMIN_SINGLE_CUMULATIVE","ADMIN_ADDITIONAL_DAILY","ADMIN_ADDITIONAL_CUMULATIVE","ADMIN_ALLDOSES_DAILY","ADMIN_ALLDOSES_7DAYAVG","ADMIN_ALLDOSES_CUMULATIVE","INCOMPLETE"
"2020-12-14",79,79,0,0,0,0,0,0,79,,79,0
"2020-12-15",2052,2131,5,5,4,4,0,0,2061,,2140,0
"2020-12-16",4602,6733,13,18,1,5,1,1,4617,,6757,0
"2020-12-17",4655,11388,17,35,0,5,1,2,4673,,11430,0
"2020-12-18",5833,17221,20,55,2,7,2,4,5857,,17287,0
"2020-12-19",1690,18911,6,61,3,10,0,4,1699,,18986,0
"2020-12-20",1116,20027,2,63,1,11,0,4,1119,2872.14,20105,0
"2020-12-21",6339,26366,17,80,0,11,6,10,6362,3769.71,26467,0
"2020-12-22",9796,36162,28,108,2,13,1,11,9827,4879.14,36294,0
"2020-12-23",14273,50435,35,143,3,16,1,12,14312,6264.14,50606,0
"2020-12-24",7200,57635,25,168,1,17,0,12,7226,6628.86,57832,0
"2020-12-25",180,57815,0,168,0,17,1,13,181,5818,58013,0
"2020-12-26",4390,62205,43,211,0,17,1,14,4434,6208.71,62447,0
"2020-12-27",3868,66073,13,224,0,17,1,15,3882,6603.43,66329,0
"2020-12-28",10992,77065,50,274,1,18,3,18,11046,7272.57,77375,0
"2020-12-29",10723,87788,32,306,2,20,2,20,10759,7405.71,88134,0
"2020-12-30",12827,100615,44,350,0,20,0,20,12871,7199.86,101005,0
"2020-12-31",7260,107875,31,381,1,21,0,20,7292,7209.29,108297,0
"2021-01-01",181,108056,2,383,1,22,3,23,187,7210.14,108484,0
"2021-01-02",3810,111866,10,393,2,24,1,24,3823,7122.86,112307,0
"2021-01-03",3542,115408,23,416,2,26,1,25,3568,7078,115875,0
"2021-01-04",12256,127664,806,1222,2,28,6,31,13070,7367.14,128945,0
"2021-01-05",14082,141746,2193,3415,2,30,10,41,16287,8156.86,145232,0
"2021-01-06",17809,159555,3922,7337,1,31,29,70,21761,9426.86,166993,0
"2021-01-07",16546,176101,5174,12511,4,35,45,115,21769,11495,188762,0
"2021-01-08",16621,192722,5454,17965,0,35,31,146,22106,14626.29,210868,0
"2021-01-09",7650,200372,1463,19428,1,36,7,153,9121,15383.14,219989,0
"2021-01-10",7885,208257,980,20408,0,36,10,163,8875,16141.29,228864,0
"2021-01-11",25819,234076,7456,27864,2,38,47,210,33324,19034.71,262188,0
"2021-01-12",28265,262341,7858,35722,1,39,43,253,36167,21874.71,298355,0
"2021-01-13",31722,294063,9376,45098,1,40,54,307,41153,24645,339508,0
"2021-01-14",35803,329866,5326,50424,1,41,28,335,41158,27414.86,380666,0
"2021-01-15",29270,359136,3702,54126,2,43,33,368,33007,28972.14,413673,0
"2021-01-16",30291,389427,2380,56506,0,43,23,391,32694,32339.71,446367,0
"2021-01-17",23760,413187,1617,58123,0,43,18,409,25395,34699.71,471762,0
"2021-01-18",27111,440298,2409,60532,0,43,34,443,29554,34161.14,501316,0
"2021-01-19",34304,474602,9619,70151,1,44,66,509,43990,35278.71,545306,0
"2021-01-20",34866,509468,9492,79643,1,45,58,567,44417,35745,589723,0
"2021-01-21",25597,535065,8087,87730,2,47,48,615,33734,34684.43,623457,0
"2021-01-22",24757,559822,4383,92113,1,48,29,644,29170,34136.29,652627,0
"2021-01-23",15743,575565,3223,95336,0,48,10,654,18976,32176.57,671603,0
"2021-01-24",7180,582745,3448,98784,0,48,18,672,10646,30069.57,682249,0
"2021-01-25",13415,596160,11814,110598,0,48,64,736,25293,29460.86,707542,0
"2021-01-26",16770,612930,10743,121341,0,48,66,802,27579,27116.43,735121,0
"2021-01-27",20832,633762,12357,133698,0,48,49,851,33238,25519.43,768359,0
"2021-01-28",30766,664528,12843,146541,0,48,80,931,43689,26941.57,812048,0
"2021-01-29",31694,696222,11497,158038,0,48,75,1006,43266,28955.29,855314,0
"2021-01-30",18714,714936,3739,161777,0,48,20,1026,22473,29454.86,877787,0
"2021-01-31",13024,727960,2919,164696,1,49,26,1052,15970,30215.43,893757,0
"2021-02-01",1178,729138,5368,170064,4,53,35,1087,6585,27542.86,900342,0
"2021-02-02",2826,731964,9466,179530,2,55,51,1138,12345,25366.57,912687,0
"2021-02-03",16353,748317,21232,200762,4,59,202,1340,37791,26017,950478,0
"2021-02-04",27044,775361,19646,220408,3,62,198,1538,46891,26474.43,997369,0
"2021-02-05",27604,802965,20020,240428,0,62,181,1719,47805,27122.86,1045174,0
"2021-02-06",22995,825960,11243,251671,0,62,107,1826,34345,28818.86,1079519,0
"2021-02-07",12045,838005,8279,259950,1,63,87,1913,20412,29453.43,1099931,0
"2021-02-08",16972,854977,23507,283457,2,65,230,2143,40711,34328.57,1140642,0
"2021-02-09",17198,872175,28110,311567,2,67,323,2466,45633,39084,1186275,0
"2021-02-10",19600,891775,29301,340868,2,69,255,2721,49158,40707.86,1235433,0
"2021-02-11",27849,919624,33466,374334,2,71,344,3065,61661,42817.86,1297094,0
"2021-02-12",38412,958036,30791,405125,3,74,343,3408,69549,45924.14,1366643,0
"2021-02-13",28013,986049,25304,430429,2,76,302,3710,53621,48677.86,1420264,0
"2021-02-14",16287,1002336,23723,454152,0,76,257,3967,40267,51514.29,1460531,0
"2021-02-15",12799,1015135,10521,464673,2,78,165,4132,23487,49053.71,1484018,0
"2021-02-16",14242,1029377,26728,491401,0,78,314,4446,41284,48432.43,1525302,0
"2021-02-17",16406,1045783,22174,513575,1,79,282,4728,38863,46961.71,1564165,0
"2021-02-18",12157,1057940,24984,538559,21,100,278,5006,37440,43501.57,1601605,0
"2021-02-19",13271,1071211,23928,562487,39,139,293,5299,37531,38927.57,1639136,0
"2021-02-20",11351,1082562,26077,588564,6,145,321,5620,37755,36661,1676891,0
"2021-02-21",6360,1088922,17425,605989,15,160,280,5900,24080,34348.57,1700971,0
"2021-02-22",13040,1101962,11847,617836,2,162,122,6022,25011,34566.29,1725982,0
"2021-02-23",25245,1127207,14146,631982,1,163,158,6180,39550,34318.57,1765532,0
"2021-02-24",36357,1163564,20356,652338,0,163,213,6393,56926,36899,1822458,0
"2021-02-25",54616,1218180,30346,682684,6,169,386,6779,85354,43743.86,1907812,0
"2021-02-26",62881,1281061,31840,714524,4,173,392,7171,95117,51970.43,2002929,0
"2021-02-27",51302,1332363,22738,737262,47,220,323,7494,74410,57206.86,2077339,0
"2021-02-28",44607,1376970,13785,751047,7,227,200,7694,58599,62138.14,2135938,0
"2021-03-01",39315,1416285,12749,763796,10,237,167,7861,52241,66028.14,2188179,0
"2021-03-02",47083,1463368,12543,776339,7,244,157,8018,59790,68919.57,2247969,0
"2021-03-03",48610,1511978,16125,792464,17,261,146,8164,64898,70058.43,2312867,0
"2021-03-04",59827,1571805,22789,815253,1092,1353,261,8425,83969,69860.57,2396836,0
"2021-03-05",60991,1632796,24249,839502,3109,4462,328,8753,88677,68940.57,2485513,0
"2021-03-06",47180,1679976,18866,858368,5449,9911,232,8985,71727,68557.29,2557240,0
"2021-03-07",36046,1716022,14849,873217,6247,16158,226,9211,57368,68381.43,2614608,0
"2021-03-08",39615,1755637,14662,887879,8565,24723,307,9518,63149,69939.71,2677757,0
"2021-03-09",39104,1794741,12791,900670,7767,32490,175,9693,59837,69946.43,2737594,0
"2021-03-10",51831,1846572,15269,915939,5069,37559,221,9914,72390,71016.71,2809984,0
"2021-03-11",60004,1906576,21757,937696,4618,42177,249,10163,86628,71396.57,2896612,0
"2021-03-12",52202,1958778,30273,967969,4183,46360,368,10531,87026,71160.71,2983638,0
"2021-03-13",40664,1999442,26666,994635,5110,51470,321,10852,72761,71308.43,3056399,0
"2021-03-14",30722,2030164,15937,1010572,4528,55998,235,11087,51422,70459,3107821,0
"2021-03-15",33589,2063753,17219,1027791,4723,60721,231,11318,55762,69403.71,3163583,0
"2021-03-16",38673,2102426,20467,1048258,4925,65646,252,11570,64317,70043.71,3227900,0
"2021-03-17",42623,2145049,24739,1072997,4246,69892,334,11904,71942,69979.71,3299842,0
"2021-03-18",50478,2195527,26736,1099733,5240,75132,359,12263,82813,69434.71,3382655,0
"2021-03-19",47809,2243336,29893,1129626,5624,80756,385,12648,83711,68961.14,3466366,0
"2021-03-20",38713,2282049,25777,1155403,4690,85446,288,12936,69468,68490.71,3535834,0
"2021-03-21",29306,2311355,19300,1174703,771,86217,217,13153,49594,68229.57,3585428,0
"2021-03-22",33866,2345221,26689,1201392,4038,90255,259,13412,64852,69528.14,3650280,0
"2021-03-23",38442,2383663,32785,1234177,4221,94476,280,13692,75728,71158.29,3726008,0
"2021-03-24",41512,2425175,37534,1271711,4849,99325,315,14007,84210,72910.86,3810218,0
"2021-03-25",43424,2468599,50696,1322407,5053,104378,455,14462,99628,75313,3909846,0
"2021-03-26",38517,2507116,55404,1377811,4311,108689,516,14978,98748,77461.14,4008594,0
"2021-03-27",35756,2542872,45648,1423459,2939,111628,406,15384,84749,79644.14,4093343,0
"2021-03-28",26400,2569272,34364,1457823,1481,113109,320,15704,62565,81497.14,4155908,0
"2021-03-29",34838,2604110,38761,1496584,3248,116357,334,16038,77181,83258.43,4233089,0
"2021-03-30",40521,2644631,41876,1538460,3713,120070,314,16352,86424,84786.43,4319513,0
"2021-03-31",49415,2694046,44807,1583267,7441,127511,391,16743,102054,87335.57,4421567,0
"2021-04-01",50778,2744824,53916,1637183,11273,138784,495,17238,116462,89740.43,4538029,0
"2021-04-02",43767,2788591,53839,1691022,11973,150757,540,17778,110119,91364.86,4648148,0
"2021-04-03",39265,2827856,39171,1730193,9861,160618,333,18111,88630,91919.29,4736778,0
"2021-04-04",26563,2854419,24687,1754880,3901,164519,222,18333,55373,90891.86,4792151,0
"2021-04-05",41887,2896306,34409,1789289,11195,175714,361,18694,87852,92416.29,4880003,0
"2021-04-06",53284,2949590,35536,1824825,13219,188933,419,19113,102458,94706.86,4982461,0
"2021-04-07",55522,3005112,40663,1865488,14384,203317,385,19498,110954,95978.29,5093415,0
"2021-04-08",59280,3064392,46545,1912033,16335,219652,502,20000,122662,96864,5216077,0
"2021-04-09",56657,3121049,44925,1956958,17549,237201,494,20494,119625,98222,5335702,0
"2021-04-10",49366,3170415,35637,1992595,12727,249928,374,20868,98104,99575.43,5433806,0
"2021-04-11",38195,3208610,28811,2021406,7686,257614,282,21150,74974,102375.57,5508780,0
"2021-04-12",46652,3255262,31838,2053244,13495,271109,452,21602,92437,103030.57,5601217,0
"2021-04-13",52565,3307827,33771,2087015,368,271477,388,21990,87092,100835.43,5688309,0
"2021-04-14",50166,3357993,39949,2126964,20,271497,355,22345,90490,97912,5778799,0
"2021-04-15",52144,3410137,43663,2170627,16,271513,448,22793,96271,94141.86,5875070,0
"2021-04-16",51194,3461331,42222,2212849,32,271545,402,23195,93850,90459.71,5968920,0
"2021-04-17",43851,3505182,35684,2248533,3,271548,361,23556,79899,87859,6048819,0
"2021-04-18",28614,3533796,29372,2277905,7,271555,243,23799,58236,85467.86,6107055,0
"2021-04-19",37489,3571285,36443,2314348,22,271577,305,24104,74259,82871,6181314,0
"2021-04-20",40816,3612101,39630,2353978,19,271596,298,24402,80763,81966.86,6262077,0
"2021-04-21",38910,3651011,45962,2399940,15,271611,479,24881,85366,81234.86,6347443,0
"2021-04-22",38524,3689535,48942,2448882,9,271620,328,25209,87803,80025.14,6435246,0
"2021-04-23",39716,3729251,44366,2493248,4,271624,346,25555,84432,78679.71,6519678,0
"2021-04-24",31968,3761219,41594,2534842,44,271668,272,25827,73878,77819.57,6593556,0
"2021-04-25",18428,3779647,31229,2566071,86,271754,185,26012,49928,76632.71,6643484,0
"2021-04-26",26981,3806628,40726,2606797,1013,272767,279,26291,68999,75881.29,6712483,0
"2021-04-27",28575,3835203,47121,2653918,1696,274463,341,26632,77733,75448.43,6790216,0
"2021-04-28",27055,3862258,56833,2710751,2146,276609,417,27049,86451,75603.43,6876667,0
"2021-04-29",28622,3890880,57176,2767927,2145,278754,360,27409,88303,75674.86,6964970,0
"2021-04-30",30129,3921009,51983,2819910,2056,280810,272,27681,84440,75676,7049410,0
"2021-05-01",22487,3943496,44550,2864460,1176,281986,222,27903,68435,74898.43,7117845,0
"2021-05-02",11932,3955428,36651,2901111,1080,283066,132,28035,49795,74879.43,7167640,0
"2021-05-03",18038,3973466,53019,2954130,2383,285449,242,28277,73682,75548.43,7241322,0
"2021-05-04",22749,3996215,56641,3010771,2330,287779,256,28533,81976,76154.57,7323298,0
"2021-05-05",21482,4017697,48792,3059563,2311,290090,307,28840,72892,74217.57,7396190,0
"2021-05-06",20696,4038393,50176,3109739,2509,292599,259,29099,73640,72122.86,7469830,0
"2021-05-07",21266,4059659,52094,3161833,2813,295412,299,29398,76472,70984.57,7546302,0
"2021-05-08",16635,4076294,41878,3203711,1835,297247,219,29617,60567,69860.57,7606869,0
"2021-05-09",7977,4084271,29411,3233122,1260,298507,150,29767,38798,68289.57,7645667,0
"2021-05-10",14402,4098673,38538,3271660,2356,300863,221,29988,55517,65694.57,7701184,0
"2021-05-11",19930,4118603,43049,3314709,2514,303377,276,30264,65769,63379.29,7766953,0
"2021-05-12",17816,4136419,40531,3355240,3596,306973,227,30491,62170,61847.57,7829123,0
"2021-05-13",24986,4161405,40429,3395669,3228,310201,255,30746,68898,61170.14,7898021,0
"2021-05-14",27037,4188442,42905,3438574,3536,313737,278,31024,73756,60782.14,7971777,0
"2021-05-15",23662,4212104,34923,3473497,3366,317103,237,31261,62188,61013.71,8033965,0
"2021-05-16",15547,4227651,19431,3492928,2497,319600,124,31385,37599,60842.43,8071564,0
"2021-05-17",22679,4250330,29140,3522068,3257,322857,175,31560,55251,60804.43,8126815,0
"2021-05-18",24645,4274975,31904,3553972,3404,326261,230,31790,60183,60006.43,8186998,0
"2021-05-19",24211,4299186,29708,3583680,3039,329300,218,32008,57176,59293,8244174,0
"2021-05-20",24168,4323354,30083,3613763,3160,332460,264,32272,57675,57689.71,8301849,0
"2021-05-21",24696,4348050,32000,3645763,3060,335520,240,32512,59996,55724,8361845,0
"2021-05-22",20031,4368081,24355,3670118,2525,338045,155,32667,47066,53563.71,8408911,0
"2021-05-23",11239,4379320,13725,3683843,1411,339456,97,32764,26472,51974.14,8435383,0
"2021-05-24",18886,4398206,23147,3706990,2757,342213,214,32978,45004,50510.29,8480387,0
"2021-05-25",19445,4417651,23371,3730361,2604,344817,174,33152,45594,48426.14,8525981,0
"2021-05-26",18793,4436444,21075,3751436,2696,347513,198,33350,42762,46367,8568743,0
"2021-05-27",18481,4454925,21263,3772699,2530,350043,190,33540,42464,44194,8611207,0
"2021-05-28",17876,4472801,22889,3795588,2752,352795,182,33722,43699,41865.86,8654906,0
"2021-05-29",12716,4485517,17802,3813390,1755,354550,103,33825,32376,39767.29,8687282,0
"2021-05-30",7033,4492550,8950,3822340,1074,355624,42,33867,17099,38428.29,8704381,0
"2021-05-31",4742,4497292,6925,3829265,1011,356635,63,33930,12741,33819.29,8717122,0
"2021-06-01",16049,4513341,25199,3854464,2174,358809,148,34078,43570,33530.14,8760692,0
"2021-06-02",15357,4528698,20385,3874849,2094,360903,138,34216,37974,32846.14,8798666,0
"2021-06-03",15012,4543710,23813,3898662,2280,363183,121,34337,41226,32669.29,8839892,0
"2021-06-04",14737,4558447,25980,3924642,2492,365675,142,34479,43351,32619.57,8883243,0
"2021-06-05",11000,4569447,22079,3946721,1806,367481,111,34590,34996,32993.86,8918239,0
"2021-06-06",6453,4575900,14466,3961187,1222,368703,80,34670,22221,33725.57,8940460,0
"2021-06-07",11716,4587616,21779,3982966,2379,371082,140,34810,36014,37050.29,8976474,0
"2021-06-08",12660,4600276,24014,4006980,2072,373154,116,34926,38862,36377.71,9015336,0
"2021-06-09",11156,4611432,23022,4030002,2298,375452,129,35055,36605,36182.14,9051941,0
"2021-06-10",12079,4623511,22228,4052230,2461,377913,136,35191,36904,35564.71,9088845,0
"2021-06-11",12714,4636225,25107,4077337,2482,380395,151,35342,40454,35150.86,9129299,0
"2021-06-12",10170,4646395,19304,4096641,1888,382283,92,35434,31454,34644.86,9160753,0
"2021-06-13",4259,4650654,10936,4107577,1220,383503,41,35475,16456,33821.29,9177209,0
"2021-06-14",10220,4660874,19234,4126811,2042,385545,124,35599,31620,33193.57,9208829,0
"2021-06-15",11894,4672768,21006,4147817,1943,387488,123,35722,34966,32637,9243795,0
"2021-06-16",11596,4684364,19400,4167217,1958,389446,138,35860,33092,32135.14,9276887,0
"2021-06-17",11028,4695392,18759,4185976,1970,391416,116,35976,31873,31416.43,9308760,0
"2021-06-18",12172,4707564,18494,4204470,2115,393531,113,36089,32894,30336.43,9341654,0
"2021-06-19",8504,4716068,13521,4217991,1460,394991,77,36166,23562,29209,9365216,0
"2021-06-20",4336,4720404,7162,4225153,924,395915,36,36202,12458,28637.86,9377674,0
"2021-06-21",10169,4730573,10001,4235154,1806,397721,67,36269,22043,27269.71,9399717,0
"2021-06-22",9843,4740416,15638,4250792,1590,399311,102,36371,27173,26156.43,9426890,0
"2021-06-23",10323,4750739,15177,4265969,1861,401172,102,36473,27463,25352.29,9454353,0
"2021-06-24",9695,4760434,14694,4280663,1798,402970,115,36588,26302,24556.43,9480655,0
"2021-06-25",10597,4771031,14379,4295042,1718,404688,109,36697,26803,23686.29,9507458,0
"2021-06-26",7812,4778843,10459,4305501,1246,405934,73,36770,19590,23118.86,9527048,0
"2021-06-27",5004,4783847,5998,4311499,796,406730,32,36802,11830,23029.14,9538878,0
"2021-06-28",9036,4792883,10343,4321842,1524,408254,104,36906,21007,22881.14,9559885,0
"2021-06-29",9752,4802635,12314,4334156,1347,409601,122,37028,23535,22361.43,9583420,0
"2021-06-30",9430,4812065,10927,4345083,1479,411080,145,37173,21981,21578.29,9605401,0
"2021-07-01",9401,4821466,10925,4356008,1431,412511,124,37297,21881,20946.71,9627282,0
"2021-07-02",9696,4831162,11434,4367442,1541,414052,122,37419,22793,20373.86,9650075,0
"2021-07-03",7062,4838224,8420,4375862,1193,415245,75,37494,16750,19968.14,9666825,0
"2021-07-04",1289,4839513,1335,4377197,567,415812,8,37502,3199,18735.14,9670024,0
"2021-07-05",6493,4846006,7102,4384299,1208,417020,66,37568,14869,17858.29,9684893,0
"2021-07-06",9517,4855523,12845,4397144,1317,418337,113,37681,23792,17895,9708685,0
"2021-07-07",8680,4864203,11103,4408247,1419,419756,120,37801,21322,17800.86,9730007,0
"2021-07-08",8210,4872413,10194,4418441,1260,421016,105,37906,19769,17499.14,9749776,0
"2021-07-09",8381,4880794,10827,4429268,1279,422295,87,37993,20574,17182.14,9770350,0
"2021-07-10",7113,4887907,8624,4437892,1133,423428,63,38056,16933,17208.29,9787283,0
"2021-07-11",4105,4892012,4539,4442431,703,424131,35,38091,9382,18091.57,9796665,0
"2021-07-12",8456,4900468,9551,4451982,1250,425381,78,38169,19335,18729.57,9816000,0
"2021-07-13",9470,4909938,9380,4461362,951,426332,104,38273,19905,18174.29,9835905,0
"2021-07-14",9006,4918944,9526,4470888,1009,427341,104,38377,19645,17934.71,9855550,0
"2021-07-15",8798,4927742,9147,4480035,1052,428393,80,38457,19077,17835.86,9874627,0
"2021-07-16",9244,4936986,9764,4489799,978,429371,101,38558,20087,17766.29,9894714,0
"2021-07-17",6848,4943834,7385,4497184,802,430173,78,38636,15113,17506.29,9909827,0
"2021-07-18",4260,4948094,4284,4501468,569,430742,34,38670,9147,17472.71,9918974,0
"2021-07-19",9129,4957223,8468,4509936,999,431741,88,38758,18684,17379.71,9937658,0
"2021-07-20",10657,4967880,8753,4518689,991,432732,91,38849,20492,17463.57,9958150,0
"2021-07-21",10059,4977939,8758,4527447,903,433635,141,38990,19861,17494.43,9978011,0
"2021-07-22",10686,4988625,8582,4536029,1044,434679,140,39130,20452,17690.86,9998463,0
"2021-07-23",11259,4999884,8876,4544905,1114,435793,134,39264,21383,17876,10019846,0
"2021-07-24",7407,5007291,6735,4551640,670,436463,81,39345,14893,17844.57,10034739,0
"2021-07-25",5481,5012772,2119,4553759,509,436972,59,39404,8168,17704.71,10042907,0
"2021-07-26",10881,5023653,6993,4560752,859,437831,109,39513,18842,17727.29,10061749,0
"2021-07-27",12062,5035715,8563,4569315,857,438688,132,39645,21614,17887.57,10083363,0
"2021-07-28",11999,5047714,8046,4577361,950,439638,129,39774,21124,18068,10104487,0
"2021-07-29",10944,5058658,7425,4584786,983,440621,128,39902,19480,17929.14,10123967,0
"2021-07-30",14957,5073615,8006,4592792,1149,441770,178,40080,24290,18344.43,10148257,0
"2021-07-31",9737,5083352,6309,4599101,816,442586,116,40196,16978,18642.29,10165235,0
"2021-08-01",6506,5089858,3308,4602409,564,443150,79,40275,10457,18969.29,10175692,0
"2021-08-02",13454,5103312,7153,4609562,848,443998,143,40418,21598,19363,10197290,0
"2021-08-03",15424,5118736,8381,4617943,1107,445105,145,40563,25057,19854.86,10222347,0
"2021-08-04",17263,5135999,8120,4626063,1454,446559,177,40740,27014,20696.29,10249361,0
"2021-08-05",17874,5153873,7919,4633982,1365,447924,161,40901,27319,21816.14,10276680,0
"2021-08-06",18186,5172059,8406,4642388,1233,449157,164,41065,27989,22344.57,10304669,0
"2021-08-07",13390,5185449,6013,4648401,799,449956,97,41162,20299,22819,10324968,0
"2021-08-08",9312,5194761,3833,4652234,399,450355,79,41241,13623,23271.29,10338591,0
"2021-08-09",21339,5216100,8531,4660765,963,451318,167,41408,31000,24614.43,10369591,0
"2021-08-10",18929,5235029,9326,4670091,950,452268,168,41576,29373,25231,10398964,0
"2021-08-11",15659,5250688,8306,4678397,852,453120,124,41700,24941,24934.86,10423905,0
"2021-08-12",15054,5265742,8977,4687374,937,454057,166,41866,25134,24622.71,10449039,0
"2021-08-13",14928,5280670,9282,4696656,921,454978,236,42102,25367,24248.14,10474406,0
"2021-08-14",10417,5291087,6408,4703064,625,455603,522,42624,17972,23915.71,10492378,0
"2021-08-15",6698,5297785,4475,4707539,677,456280,565,43189,12415,23743.14,10504793,0
"2021-08-16",15726,5313511,9288,4716827,1149,457429,1315,44504,27478,23240,10532271,0
"2021-08-17",17785,5331296,10438,4727265,1220,458649,1750,46254,31193,23500,10563464,0
"2021-08-18",17524,5348820,10356,4737621,1259,459908,1970,48224,31109,24381.14,10594573,0
"2021-08-19",16317,5365137,9516,4747137,1316,461224,1936,50160,29085,24945.57,10623658,0
"2021-08-20",16296,5381433,11533,4758670,1254,462478,1843,52003,30926,25739.71,10654584,0
"2021-08-21",11162,5392595,8040,4766710,877,463355,1047,53050,21126,26190.29,10675710,0
"2021-08-22",4087,5396682,3904,4770614,262,463617,513,53563,8766,25669,10684476,0
"2021-08-23",15582,5412264,11792,4782406,1023,464640,1540,55103,29937,26020.29,10714413,0
"2021-08-24",16923,5429187,12593,4794999,1006,465646,1768,56871,32290,26177,10746703,0
"2021-08-25",14589,5443776,12434,4807433,1111,466757,1557,58428,29691,25974.43,10776394,0
"2021-08-26",16176,5459952,14078,4821511,1072,467829,1758,60186,33084,26545.71,10809478,0
"2021-08-27",14880,5474832,14814,4836325,972,468801,1651,61837,32317,26744.43,10841795,0
"2021-08-28",10693,5485525,11514,4847839,836,469637,1003,62840,24046,27161.57,10865841,0
"2021-08-29",7220,5492745,7494,4855333,541,470178,769,63609,16024,28198.43,10881865,0
"2021-08-30",15534,5508279,16915,4872248,1078,471256,1779,65388,35306,28965.43,10917171,0
"2021-08-31",15532,5523811,15940,4888188,952,472208,1948,67336,34372,29262.86,10951543,0
"2021-09-01",14840,5538651,14096,4902284,1021,473229,1784,69120,31741,29555.71,10983284,0
"2021-09-02",14351,5553002,12515,4914799,896,474125,1681,70801,29443,29035.57,11012727,0
"2021-09-03",15026,5568028,14295,4929094,974,475099,1883,72684,32178,29015.71,11044905,0
"2021-09-04",9651,5577679,9405,4938499,688,475787,957,73641,20701,28537.86,11065606,0
"2021-09-05",6812,5584491,5510,4944009,438,476225,700,74341,13460,28171.57,11079066,0
"2021-09-06",5204,5589695,4506,4948515,358,476583,267,74608,10335,24604.29,11089401,0
"2021-09-07",15586,5605281,17689,4966204,913,477496,1526,76134,35714,24796,11125115,0
"2021-09-08",16181,5621462,14822,4981026,1073,478569,1748,77882,33824,25093.57,11158939,0
"2021-09-09",16123,5637585,14740,4995766,1048,479617,1892,79774,33803,25716.43,11192742,0
"2021-09-10",18378,5655963,15388,5011154,1209,480826,1956,81730,36931,26395.43,11229673,0
"2021-09-11",12648,5668611,10342,5021496,958,481784,1016,82746,24964,27004.43,11254637,0
"2021-09-12",8546,5677157,5046,5026542,766,482550,683,83429,15041,27230.29,11269678,0
"2021-09-13",16950,5694107,12943,5039485,974,483524,1631,85060,32498,30396.43,11302176,0
"2021-09-14",16285,5710392,13669,5053154,886,484410,1578,86638,32418,29925.57,11334594,0
"2021-09-15",15572,5725964,12854,5066008,728,485138,1561,88199,30715,29481.43,11365309,0
"2021-09-16",15358,5741322,13906,5079914,1212,486350,1433,89632,31909,29210.86,11397218,0
"2021-09-17",14441,5755763,13959,5093873,922,487272,1814,91446,31136,28383,11428354,0
"2021-09-18",10017,5765780,10167,5104040,913,488185,1041,92487,22138,27979.29,11450492,0
"2021-09-19",6187,5771967,6067,5110107,557,488742,739,93226,13550,27766.29,11464042,0
"2021-09-20",12695,5784662,12623,5122730,1069,489811,1903,95129,28290,27165.14,11492332,0
"2021-09-21",12251,5796913,12763,5135493,1111,490922,2002,97131,28127,26552.14,11520459,0
"2021-09-22",12854,5809767,11984,5147477,1090,492012,1650,98781,27578,26104,11548037,0
"2021-09-23",14962,5824729,12748,5160225,1638,493650,2229,101010,31577,26056.57,11579614,0
"2021-09-24",16473,5841202,13352,5173577,1632,495282,4539,105549,35996,26750.86,11615610,0
"2021-09-25",10564,5851766,9017,5182594,1018,496300,3387,108936,23986,27014.86,11639596,0
"2021-09-26",6326,5858092,5754,5188348,773,497073,2383,111319,15236,27255.71,11654832,0
"2021-09-27",14192,5872284,8047,5196395,1154,498227,8878,120197,32271,27824.43,11687103,0
"2021-09-28",11179,5883463,11768,5208163,901,499128,9699,129896,33547,28598.71,11720650,0
"2021-09-29",11635,5895098,12179,5220342,1205,500333,9267,139163,34286,29557,11754936,0
"2021-09-30",12269,5907367,12587,5232929,1338,501671,9579,148742,35773,30156.43,11790709,0
"2021-10-01",12678,5920045,13421,5246350,1284,502955,10149,158891,37532,30375.86,11828241,0
"2021-10-02",7747,5927792,9975,5256325,864,503819,4167,163058,22753,30199.71,11850994,0
"2021-10-03",5085,5932877,6158,5262483,594,504413,2573,165631,14410,30081.71,11865404,0
"2021-10-04",9939,5942816,11024,5273507,913,505326,9403,175034,31279,29940,11896683,0
"2021-10-05",10195,5953011,11745,5285252,972,506298,9842,184876,32754,29826.71,11929437,0
"2021-10-06",9942,5962953,11051,5296303,937,507235,9837,194713,31767,29466.86,11961204,0
"2021-10-07",9701,5972654,12176,5308479,852,508087,10095,204808,32824,29045.57,11994028,0
"2021-10-08",9507,5982161,12153,5320632,943,509030,10795,215603,33398,28455,12027426,0
"2021-10-09",6283,5988444,8277,5328909,649,509679,4049,219652,19258,27955.71,12046684,0
"2021-10-10",3551,5991995,5020,5333929,458,510137,2402,222054,11431,27530.14,12058115,0
"2021-10-11",7646,5999641,9327,5343256,728,510865,8836,230890,26537,26852.71,12084652,0
"2021-10-12",8101,6007742,10993,5354249,890,511755,10410,241300,30394,26515.57,12115046,0
"2021-10-13",7195,6014937,10146,5364395,869,512624,8658,249958,26868,25815.71,12141914,0
"2021-10-14",7472,6022409,11108,5375503,836,513460,9973,259931,29389,25325,12171303,0
"2021-10-15",7754,6030163,11863,5387366,823,514283,10667,270598,31107,24997.71,12202410,0
"2021-10-16",4875,6035038,7457,5394823,666,514949,3772,274370,16770,24642.29,12219180,0
"2021-10-17",3066,6038104,4476,5399299,411,515360,2411,276781,10364,24489.86,12229544,0
"2021-10-18",7091,6045195,10652,5409951,797,516157,9320,286101,27860,24678.86,12257404,0
"2021-10-19",6605,6051800,8942,5418893,806,516963,8951,295052,25304,23951.71,12282708,0
"2021-10-20",6571,6058371,9374,5428267,975,517938,9856,304908,26776,23938.57,12309484,0
"2021-10-21",7071,6065442,9377,5437644,859,518797,10716,315624,28023,23743.43,12337507,0
"2021-10-22",8174,6073616,10347,5447991,1027,519824,16221,331845,35769,24409.43,12373276,0
"2021-10-23",5201,6078817,6462,5454453,690,520514,9046,340891,21399,25070.71,12394675,0
"2021-10-24",3290,6082107,3966,5458419,770,521284,6130,347021,14156,25612.43,12408831,0
"2021-10-25",8829,6090936,8749,5467168,1148,522432,19133,366154,37859,27040.86,12446690,0
"2021-10-26",8242,6099178,7725,5474893,1259,523691,17182,383336,34408,28341.43,12481098,0
"2021-10-27",10630,6109808,8389,5483282,1604,525295,20720,404056,41343,30422.43,12522441,0
"2021-10-28",11387,6121195,8041,5491323,1794,527089,20731,424787,41953,32412.43,12564394,0
"2021-10-29",11897,6133092,8242,5499565,1964,529053,22397,447184,44500,33659.71,12608894,0
"2021-10-30",4657,6137749,5051,5504616,934,529987,11099,458283,21741,33708.57,12630635,0
"2021-10-31",2680,6140429,2704,5507320,545,530532,6593,464876,12522,33475.14,12643157,0
"2021-11-01",7204,6147633,6950,5514270,1090,531622,20238,485114,35482,33135.57,12678639,0
"2021-11-02",6639,6154272,6584,5520854,1053,532675,20619,505733,34895,33205.14,12713534,0
"2021-11-03",6908,6161180,6671,5527525,1028,533703,20494,526227,35101,32313.43,12748635,0
"2021-11-04",9360,6170540,6272,5533797,996,534699,22227,548454,38855,31870.86,12787490,0
"2021-11-05",11134,6181674,6720,5540517,1052,535751,23640,572094,42546,31591.71,12830036,0
"2021-11-06",11145,6192819,4050,5544567,593,536344,12541,584635,28329,32532.86,12858365,0
"2021-11-07",7286,6200105,2283,5546850,576,536920,7070,591705,17215,33203.29,12875580,0
"2021-11-08",15112,6215217,5676,5552526,868,537788,19391,611096,41047,33998.29,12916627,0
"2021-11-09",16207,6231424,5375,5557901,661,538449,20415,631511,42658,35107.29,12959285,0
"2021-11-10",17007,6248431,5327,5563228,684,539133,22507,654018,45525,36596.43,13004810,0
"2021-11-11",12637,6261068,5194,5568422,760,539893,21942,675960,40533,36836.14,13045343,0
"2021-11-12",16956,6278024,5676,5574098,709,540602,23274,699234,46615,37417.43,13091958,0
"2021-11-13",9978,6288002,3665,5577763,465,541067,13281,712515,27389,37283.14,13119347,0
"2021-11-14",6046,6294048,2292,5580055,325,541392,7900,720415,16563,37190,13135910,0
"2021-11-15",13310,6307358,5970,5586025,690,542082,24979,745394,44949,37747.43,13180859,0
"2021-11-16",10050,6317408,5794,5591819,656,542738,30530,775924,47030,38372,13227889,0
"2021-11-17",10395,6327803,6674,5598493,682,543420,31255,807179,49006,38869.29,13276895,0
"2021-11-18",10813,6338616,6548,5605041,861,544281,32883,840062,51105,40379.57,13328000,0
"2021-11-19",12116,6350732,6552,5611593,717,544998,36126,876188,55511,41650.43,13383511,0
"2021-11-20",9389,6360121,3422,5615015,514,545512,22420,898608,35745,42844.14,13419256,0
"2021-11-21",5011,6365132,1893,5616908,288,545800,13149,911757,20341,43383.86,13439597,0
"2021-11-22",10562,6375694,5789,5622697,753,546553,35724,947481,52828,44509.43,13492425,0
"2021-11-23",9903,6385597,4780,5627477,635,547188,33356,980837,48674,44744.29,13541099,0
"2021-11-24",8786,6394383,4760,5632237,651,547839,25827,1006664,40024,43461.14,13581123,0
"2021-11-25",455,6394838,324,5632561,80,547919,995,1007659,1854,36425.29,13582977,0
"2021-11-26",8126,6402964,6989,5639550,528,548447,26499,1034158,42142,34515.43,13625119,0
"2021-11-27",6733,6409697,6810,5646360,373,548820,18746,1052904,32662,34075,13657781,0
"2021-11-28",4119,6413816,5782,5652142,283,549103,11815,1064719,21999,34311.86,13679780,0
"2021-11-29",9208,6423024,10979,5663121,688,549791,34846,1099565,55721,34725.14,13735501,0
"2021-11-30",10612,6433636,11415,5674536,512,550303,37576,1137141,60115,36359.57,13795616,0
"2021-12-01",11322,6444958,10959,5685495,723,551026,40178,1177319,63182,39667.86,13858798,0
"2021-12-02",11772,6456730,11015,5696510,626,551652,41950,1219269,65363,48740.57,13924161,0
"2021-12-03",13644,6470374,12848,5709358,676,552328,47745,1267014,74913,53422.14,13999074,0
"2021-12-04",9930,6480304,11234,5720592,567,552895,30551,1297565,52282,56225,14051356,0
"2021-12-05",5800,6486104,5705,5726297,270,553165,16611,1314176,28386,57137.43,14079742,0
"2021-12-06",12479,6498583,9932,5736229,603,553768,43090,1357266,66104,58620.71,14145846,0
"2021-12-07",12709,6511292,9214,5745443,625,554393,42897,1400163,65445,59382.14,14211291,0
"2021-12-08",13694,6524986,8741,5754184,556,554949,40610,1440773,63601,59442,14274892,0
"2021-12-09",13630,6538616,8750,5762934,558,555507,40668,1481441,63606,59191,14338498,0
"2021-12-10",14179,6552795,10107,5773041,667,556174,43455,1524896,68408,58261.71,14406906,0
"2021-12-11",10335,6563130,8050,5781091,405,556579,26641,1551537,45431,57283,14452337,0
"2021-12-12",6076,6569206,3855,5784946,288,556867,15111,1566648,25330,56846.43,14477667,0
"2021-12-13",12362,6581568,7405,5792351,657,557524,37747,1604395,58171,55713.14,14535838,0
"2021-12-14",12342,6593910,6943,5799294,734,558258,38021,1642416,58040,54655.29,14593878,0
"2021-12-15",12266,6606176,6237,5805531,755,559013,37957,1680373,57215,53743,14651093,0
"2021-12-16",13263,6619439,4248,5809779,734,559747,40851,1721224,59096,53098.71,14710189,0
"2021-12-17",16148,6635587,6920,5816699,620,560367,46515,1767739,70203,53355.14,14780392,0
"2021-12-18",13097,6648684,5716,5822415,432,560799,30472,1798211,49717,53967.43,14830109,0
"2021-12-19",7086,6655770,2986,5825401,327,561126,17919,1816130,28318,54394.29,14858427,0
"2021-12-20",17038,6672808,5864,5831265,746,561872,47231,1863361,70879,56209.71,14929306,0
"2021-12-21",18082,6690890,6547,5837812,808,562680,48700,1912061,74137,58509.29,15003443,0
"2021-12-22",18670,6709560,6547,5844359,938,563618,49440,1961501,75595,61135,15079038,0
"2021-12-23",19139,6728699,6468,5850827,929,564547,45665,2007166,72201,63007.14,15151239,0
"2021-12-24",9264,6737963,2954,5853781,598,565145,20551,2027717,33367,57744.86,15184606,0
"2021-12-25",343,6738306,65,5853846,31,565176,422,2028139,861,50765.43,15185467,0
"2021-12-26",8002,6746308,3925,5857771,341,565517,17241,2045380,29509,50935.57,15214976,0
"2021-12-27",21898,6768206,9199,5866970,933,566450,43310,2088690,75340,51572.86,15290316,0
"2021-12-28",20247,6788453,8314,5875284,698,567148,47440,2136130,76699,51938.86,15367015,0
"2021-12-29",18556,6807009,7647,5882931,606,567754,45388,2181518,72197,51453.43,15439212,0
"2021-12-30",16936,6823945,7403,5890334,579,568333,44689,2226207,69607,51082.86,15508819,0
"2021-12-31",5373,6829318,2790,5893124,193,568526,14700,2240907,23056,49609.86,15531875,0
"2022-01-01",237,6829555,144,5893268,11,568537,496,2241403,888,49613.71,15532763,0
"2022-01-02",6461,6836016,5005,5898273,153,568690,10961,2252364,22580,48623.86,15555343,0
"2022-01-03",14207,6850223,8470,5906743,515,569205,26789,2279153,49981,45001.14,15605324,0
"2022-01-04",13180,6863403,8050,5914793,412,569617,26882,2306035,48524,40976.14,15653848,0
"2022-01-05",11704,6875107,6946,5921739,385,570002,25640,2331675,44675,37044.43,15698523,0
"2022-01-06",11634,6886741,7348,5929087,480,570482,27336,2359011,46798,33786,15745321,0
"2022-01-07",10540,6897281,8409,5937496,336,570818,24857,2383868,44142,36798.29,15789463,0
"2022-01-08",7991,6905272,8528,5946024,310,571128,19335,2403203,36164,41837.71,15825627,0
"2022-01-09",4161,6909433,3843,5949867,214,571342,10032,2413235,18250,41219.14,15843877,0
"2022-01-10",10237,6919670,8169,5958036,489,571831,24500,2437735,43395,40278.29,15887272,0
"2022-01-11",8970,6928640,7961,5965997,520,572351,20918,2458653,38369,38827.57,15925641,0
"2022-01-12",9015,6937655,8302,5974299,429,572780,22223,2480876,39969,38155.29,15965610,0
"2022-01-13",9115,6946770,8827,5983126,449,573229,22714,2503590,41105,37342,16006715,0
"2022-01-14",10128,6956898,8064,5991190,474,573703,26153,2529743,44819,37438.71,16051534,0
"2022-01-15",6208,6963106,4258,5995448,178,573881,14919,2544662,25563,35924.29,16077097,0
"2022-01-16",2939,6966045,3250,5998698,94,573975,7797,2552459,14080,35328.57,16091177,0
"2022-01-17",6119,6972164,6746,6005444,363,574338,14602,2567061,27830,33105,16119007,0
"2022-01-18",8148,6980312,10142,6015586,396,574734,19321,2586382,38007,33053.29,16157014,0
"2022-01-19",7549,6987861,9227,6024813,305,575039,17611,2603993,34692,32299.43,16191706,0
"2022-01-20",6353,6994214,8556,6033369,303,575342,15133,2619126,30345,30762.29,16222051,0
"2022-01-21",7661,7001875,7480,6040849,277,575619,18367,2637493,33785,29186,16255836,0
"2022-01-22",5223,7007098,4918,6045767,131,575750,11271,2648764,21543,28611.71,16277379,0
"2022-01-23",2828,7009926,3325,6049092,97,575847,6210,2654974,12460,28380.29,16289839,0
"2022-01-24",6427,7016353,8182,6057274,258,576105,14988,2669962,29855,28669.57,16319694,0
"2022-01-25",6229,7022582,7916,6065190,232,576337,14624,2684586,29001,27383,16348695,0
"2022-01-26",5797,7028379,7147,6072337,291,576628,13943,2698529,27178,26309.57,16375873,0
"2022-01-27",5267,7033646,7067,6079404,320,576948,13999,2712528,26653,25782.14,16402526,0
"2022-01-28",6320,7039966,7845,6087249,205,577153,16051,2728579,30421,25301.57,16432947,0
"2022-01-29",848,7040814,723,6087972,28,577181,2521,2731100,4120,22812.57,16437067,0
"2022-01-30",2106,7042920,3016,6090988,102,577283,4523,2735623,9747,22425,16446814,0
"2022-01-31",5044,7047964,6582,6097570,218,577501,11300,2746923,23144,21466.29,16469958,0
"2022-02-01",4863,7052827,6428,6103998,220,577721,10647,2757570,22158,20488.71,16492116,0
"2022-02-02",4280,7057107,5913,6109911,214,577935,11158,2768728,21565,19686.86,16513681,0
"2022-02-03",4252,7061359,5785,6115696,217,578152,11157,2779885,21411,18938,16535092,0
"2022-02-04",4801,7066160,7085,6122781,214,578366,13139,2793024,25239,18197.71,16560331,0
"2022-02-05",3604,7069764,6031,6128812,110,578476,8546,2801570,18291,20222.14,16578622,0
"2022-02-06",2075,7071839,2130,6130942,121,578597,4623,2806193,8949,20108.14,16587571,0
"2022-02-07",4179,7076018,4713,6135655,203,578800,10104,2816297,19199,19544.57,16606770,0
"2022-02-08",4249,7080267,5590,6141245,213,579013,11253,2827550,21305,19422.71,16628075,0
"2022-02-09",4153,7084420,5381,6146626,222,579235,11608,2839158,21364,19394,16649439,0
"2022-02-10",4006,7088426,5097,6151723,242,579477,12102,2851260,21447,19399.14,16670886,0
"2022-02-11",4534,7092960,5794,6157517,194,579671,13679,2864939,24201,19250.86,16695087,0
"2022-02-12",3275,7096235,4327,6161844,96,579767,8769,2873708,16467,18990.29,16711554,0
"2022-02-13",1531,7097766,1541,6163385,40,579807,4871,2878579,7983,18852.29,16719537,0
"2022-02-14",3004,7100770,3615,6167000,164,579971,10525,2889104,17308,18582.14,16736845,0
"2022-02-15",3591,7104361,4054,6171054,177,580148,12712,2901816,20534,18472,16757379,0
"2022-02-16",3699,7108060,3881,6174935,195,580343,15616,2917432,23391,18761.57,16780770,0
"2022-02-17",4051,7112111,4073,6179008,160,580503,18111,2935543,26395,19468.43,16807165,0
"2022-02-18",4497,7116608,4772,6183780,188,580691,21477,2957020,30934,20430.29,16838099,0
"2022-02-19",3269,7119877,2178,6185958,65,580756,11137,2968157,16649,20456.29,16854748,0
"2022-02-20",1868,7121745,1444,6187402,59,580815,6565,2974722,9936,20735.29,16864684,0
"2022-02-21",3114,7124859,2684,6190086,95,580910,8299,2983021,14192,20290.14,16878876,0
"2022-02-22",4419,7129278,4236,6194322,173,581083,10776,2993797,19604,20157.29,16898480,0
"2022-02-23",4288,7133566,3767,6198089,144,581227,10608,3004405,18807,19502.43,16917287,0
"2022-02-24",3774,7137340,3648,6201737,105,581332,10134,3014539,17661,18254.71,16934948,0
"2022-02-25",3626,7140966,3596,6205333,135,581467,9918,3024457,17275,16303.43,16952223,0
"2022-02-26",2853,7143819,2569,6207902,74,581541,9477,3033934,14973,16064,16967196,0
"2022-02-27",1784,7145603,1365,6209267,52,581593,6260,3040194,9461,15996.14,16976657,0
"2022-02-28",3826,7149429,3117,6212384,140,581733,13077,3053271,20160,16848.71,16996817,0
"2022-03-01",2118,7151547,2597,6214981,100,581833,5130,3058401,9945,15468.86,17006762,0
"2022-03-02",1830,7153377,2407,6217388,105,581938,4096,3062497,8438,13987.57,17015200,0
"2022-03-03",1927,7155304,2540,6219928,105,582043,3768,3066265,8340,12656,17023540,0
"2022-03-04",2091,7157395,2845,6222773,67,582110,4297,3070562,9300,11516.71,17032840,0
"2022-03-05",1605,7159000,2107,6224880,43,582153,3296,3073858,7051,10385,17039891,0
"2022-03-06",801,7159801,876,6225756,30,582183,1611,3075469,3318,9507.43,17043209,0
"2022-03-07",1666,7161467,1769,6227525,85,582268,3465,3078934,6985,7625.29,17050194,0
"2022-03-08",1541,7163008,1887,6229412,77,582345,3109,3082043,6614,7149.43,17056808,0
"2022-03-09",1251,7164259,1659,6231071,77,582422,2559,3084602,5546,6736.29,17062354,0
"2022-03-10",1421,7165680,2076,6233147,85,582507,2914,3087516,6496,6472.86,17068850,0
"2022-03-11",1592,7167272,2250,6235397,78,582585,3165,3090681,7085,6156.43,17075935,0
"2022-03-12",878,7168150,1409,6236806,37,582622,1986,3092667,4310,5764.86,17080245,0
"2022-03-13",623,7168773,756,6237562,24,582646,1282,3093949,2685,5674.43,17082930,0
"2022-03-14",1382,7170155,1578,6239140,83,582729,2948,3096897,5991,5532.43,17088921,0
"2022-03-15",1342,7171497,1900,6241040,62,582791,3051,3099948,6355,5495.43,17095276,0
"2022-03-16",1392,7172889,2030,6243070,94,582885,3108,3103056,6624,5649.43,17101900,0
"2022-03-17",1166,7174055,1781,6244851,69,582954,2713,3105769,5729,5539.86,17107629,0
"2022-03-18",1561,7175616,2128,6246979,79,583033,3718,3109487,7486,5597.14,17115115,0
"2022-03-19",1102,7176718,1703,6248682,37,583070,2569,3112056,5411,5754.43,17120526,0
"2022-03-20",610,7177328,623,6249305,32,583102,1457,3113513,2722,5759.71,17123248,0
"2022-03-21",1413,7178741,1524,6250829,69,583171,2993,3116506,5999,5760.86,17129247,0
"2022-03-22",1320,7180061,1502,6252331,98,583269,2845,3119351,5765,5676.57,17135012,0
"2022-03-23",1238,7181299,1316,6253647,65,583334,2854,3122205,5473,5512.14,17140485,120000
"2022-03-24",1160,7182459,1252,6254899,67,583401,2375,3124580,4854,5387.14,17145339,120000
"2022-03-25",1361,7183820,1568,6256467,58,583459,3189,3127769,6176,5200,17151515,120000
"2022-03-26",908,7184728,1130,6257597,36,583495,2244,3130013,4318,5043.86,17155833,120000
"2022-03-27",561,7185289,523,6258120,20,583515,1281,3131294,2385,4995.71,17158218,120000
"2022-03-28",865,7186154,963,6259083,45,583560,1912,3133206,3785,4679.43,17162003,120000
"2022-03-29",304,7186458,370,6259453,26,583586,879,3134085,1579,4081.43,17163582,120000
