"DATE","ADMIN_DOSE1_DAILY","ADMIN_DOSE1_CUMULATIVE","ADMIN_DOSE2_DAILY","ADMIN_DOSE2_CUMULATIVE","ADMIN_SINGLE_DAILY","ADMIN_SINGLE_CUMULATIVE","ADMIN_ADDITIONAL1_DAILY","ADMIN_ADDITIONAL1_CUMULATIVE","ADMIN_ADDITIONAL2_DAILY","ADMIN_ADDITIONAL2_CUMULATIVE","ADMIN_ADDITIONAL_DAILY","ADMIN_ADDITIONAL_CUMULATIVE","ADMIN_ALLDOSES_DAILY","ADMIN_ALLDOSES_7DAYAVG","ADMIN_ALLDOSES_CUMULATIVE","INCOMPLETE"
"2020-12-14",79,79,0,0,0,0,0,0,0,0,0,0,79,,79,0
"2020-12-15",2052,2131,6,6,4,4,0,0,0,0,0,0,2062,,2141,0
"2020-12-16",4603,6734,13,19,1,5,1,1,0,0,1,1,4618,,6759,0
"2020-12-17",4656,11390,17,36,0,5,1,2,0,0,1,2,4674,,11433,0
"2020-12-18",5833,17223,19,55,2,7,2,4,0,0,2,4,5856,,17289,0
"2020-12-19",1689,18912,7,62,3,10,0,4,0,0,0,4,1699,,18988,0
"2020-12-20",1116,20028,2,64,1,11,0,4,0,0,0,4,1119,2872.43,20107,0
"2020-12-21",6341,26369,18,82,0,11,5,9,0,0,5,9,6364,3770.29,26471,0
"2020-12-22",9794,36163,27,109,2,13,1,10,0,0,1,10,9824,4879.14,36295,0
"2020-12-23",14277,50440,34,143,3,16,1,11,0,0,1,11,14315,6264.43,50610,0
"2020-12-24",7200,57640,24,167,1,17,0,11,0,0,0,11,7225,6628.86,57835,0
"2020-12-25",180,57820,0,167,0,17,1,12,0,0,1,12,181,5818.14,58016,0
"2020-12-26",4388,62208,43,210,0,17,1,13,0,0,1,13,4432,6208.57,62448,0
"2020-12-27",3869,66077,14,224,0,17,1,14,0,0,1,14,3884,6603.57,66332,0
"2020-12-28",10994,77071,49,273,1,18,2,16,0,0,2,16,11046,7272.43,77378,0
"2020-12-29",10720,87791,34,307,2,20,2,18,0,0,2,18,10758,7405.86,88136,0
"2020-12-30",12826,100617,44,351,0,20,0,18,0,0,0,18,12870,7199.43,101006,0
"2020-12-31",7260,107877,33,384,1,21,0,18,0,0,0,18,7294,7209.29,108300,0
"2021-01-01",181,108058,2,386,1,22,3,21,0,0,3,21,187,7210.14,108487,0
"2021-01-02",3809,111867,10,396,2,24,2,23,0,0,2,23,3823,7123.14,112310,0
"2021-01-03",3541,115408,24,420,2,26,1,24,0,0,1,24,3568,7078,115878,0
"2021-01-04",12256,127664,806,1226,2,28,6,30,0,0,6,30,13070,7367.14,128948,0
"2021-01-05",14082,141746,2193,3419,2,30,12,42,1,1,13,43,16290,8157.43,145238,0
"2021-01-06",17802,159548,3927,7346,1,31,30,72,6,7,36,79,21766,9428.29,167004,0
"2021-01-07",16552,176100,5171,12517,4,35,44,116,3,10,47,126,21774,11496.86,188778,0
"2021-01-08",16619,192719,5455,17972,0,35,33,149,4,14,37,163,22111,14628.86,210889,0
"2021-01-09",7652,200371,1462,19434,1,36,7,156,2,16,9,172,9124,15386.14,220013,0
"2021-01-10",7881,208252,983,20417,0,36,10,166,0,16,10,182,8874,16144.14,228887,0
"2021-01-11",25826,234078,7454,27871,2,38,48,214,8,24,56,238,33338,19039.57,262225,0
"2021-01-12",28262,262340,7858,35729,1,39,45,259,2,26,47,285,36168,21879.29,298393,0
"2021-01-13",31722,294062,9389,45118,1,40,55,314,4,30,59,344,41171,24651.43,339564,0
"2021-01-14",35810,329872,5322,50440,1,41,28,342,7,37,35,379,41168,27422,380732,0
"2021-01-15",29268,359140,3704,54144,2,43,32,374,4,41,36,415,33010,28979,413742,0
"2021-01-16",30290,389430,2380,56524,0,43,25,399,5,46,30,445,32700,32347,446442,0
"2021-01-17",23752,413182,1623,58147,0,43,18,417,1,47,19,464,25394,34707,471836,0
"2021-01-18",27108,440290,2412,60559,1,44,34,451,7,54,41,505,29562,34167.57,501398,0
"2021-01-19",34296,474586,9626,70185,1,45,70,521,5,59,75,580,43998,35286.14,545396,0
"2021-01-20",34870,509456,9495,79680,1,46,59,580,4,63,63,643,44429,35751.57,589825,0
"2021-01-21",25593,535049,8092,87772,2,48,49,629,5,68,54,697,33741,34690.57,623566,0
"2021-01-22",24754,559803,4382,92154,1,49,32,661,7,75,39,736,29176,34142.86,652742,0
"2021-01-23",15744,575547,3223,95377,0,49,9,670,2,77,11,747,18978,32182.57,671720,0
"2021-01-24",7174,582721,3454,98831,0,49,19,689,1,78,20,767,10648,30076,682368,0
"2021-01-25",13412,596133,11820,110651,0,49,66,755,11,89,77,844,25309,29468.43,707677,0
"2021-01-26",16766,612899,10751,121402,0,49,68,823,2,91,70,914,27587,27124,735264,0
"2021-01-27",20836,633735,12355,133757,0,49,51,874,8,99,59,973,33250,25527,768514,0
"2021-01-28",30763,664498,12848,146605,0,49,80,954,16,115,96,1069,43707,26950.71,812221,0
"2021-01-29",31695,696193,11502,158107,0,49,78,1032,10,125,88,1157,43285,28966.29,855506,0
"2021-01-30",18709,714902,3742,161849,0,49,20,1052,2,127,22,1179,22473,29465.57,877979,0
"2021-01-31",13021,727923,2920,164769,1,50,28,1080,4,131,32,1211,15974,30226.43,893953,0
"2021-02-01",1180,729103,5368,170137,4,54,35,1115,4,135,39,1250,6591,27552.43,900544,0
"2021-02-02",2827,731930,9476,179613,2,56,46,1161,4,139,50,1300,12355,25376.43,912899,0
"2021-02-03",16350,748280,21243,200856,4,60,202,1363,19,158,221,1521,37818,26029,950717,0
"2021-02-04",27048,775328,19650,220506,3,63,199,1562,10,168,209,1730,46910,26486.57,997627,0
"2021-02-05",27601,802929,20031,240537,0,63,183,1745,15,183,198,1928,47830,27135.86,1045457,0
"2021-02-06",22990,825919,11249,251786,0,63,110,1855,11,194,121,2049,34360,28834,1079817,0
"2021-02-07",12043,837962,8282,260068,1,64,91,1946,13,207,104,2153,20430,29470.57,1100247,0
"2021-02-08",16969,854931,23509,283577,2,66,235,2181,33,240,268,2421,40748,34350.14,1140995,0
"2021-02-09",17193,872124,28109,311686,2,68,333,2514,42,282,375,2796,45679,39110.71,1186674,0
"2021-02-10",19591,891715,29310,340996,2,70,259,2773,50,332,309,3105,49212,40738.43,1235886,0
"2021-02-11",27848,919563,33471,374467,2,72,341,3114,57,389,398,3503,61719,42854,1297605,0
"2021-02-12",38395,957958,30795,405262,3,75,355,3469,38,427,393,3896,69586,45962,1367191,0
"2021-02-13",28009,985967,25308,430570,2,77,311,3780,50,477,361,4257,53680,48722,1420871,0
"2021-02-14",16282,1002249,23731,454301,0,77,259,4039,31,508,290,4547,40303,51561,1461174,0
"2021-02-15",12795,1015044,10527,464828,2,79,168,4207,23,531,191,4738,23515,49099.14,1484689,0
"2021-02-16",14240,1029284,26733,491561,0,79,320,4527,35,566,355,5093,41328,48477.57,1526017,0
"2021-02-17",16394,1045678,22191,513752,1,80,284,4811,37,603,321,5414,38907,47005.43,1564924,0
"2021-02-18",12152,1057830,24993,538745,21,101,285,5096,43,646,328,5742,37494,43544.71,1602418,0
"2021-02-19",13265,1071095,23933,562678,39,140,302,5398,44,690,346,6088,37583,38972.86,1640001,0
"2021-02-20",11352,1082447,26075,588753,6,146,325,5723,78,768,403,6491,37836,36709.43,1677837,0
"2021-02-21",6362,1088809,17420,606173,15,161,285,6008,42,810,327,6818,24124,34398.14,1701961,0
"2021-02-22",13043,1101852,11846,618019,2,163,125,6133,20,830,145,6963,25036,34615.43,1726997,0
"2021-02-23",25244,1127096,14148,632167,1,164,160,6293,35,865,195,7158,39588,34366.86,1766585,0
"2021-02-24",36364,1163460,20388,652555,0,164,224,6517,36,901,260,7418,57012,36953.29,1823597,0
"2021-02-25",54617,1218077,30388,682943,6,170,394,6911,65,966,459,7877,85470,43807,1909067,0
"2021-02-26",62873,1280950,31871,714814,5,175,409,7320,75,1041,484,8361,95233,52042.71,2004300,0
"2021-02-27",51295,1332245,22752,737566,47,222,333,7653,51,1092,384,8745,74478,57277.29,2078778,0
"2021-02-28",44596,1376841,13821,751387,7,229,204,7857,33,1125,237,8982,58661,62211.14,2137439,0
"2021-03-01",39319,1416160,12778,764165,10,239,165,8022,25,1150,190,9172,52297,66105.57,2189736,0
"2021-03-02",47084,1463244,12575,776740,7,246,160,8182,14,1164,174,9346,59840,68998.71,2249576,0
"2021-03-03",48606,1511850,16155,792895,17,263,147,8329,21,1185,168,9514,64946,70132.14,2314522,0
"2021-03-04",59817,1571667,22821,815716,1092,1355,271,8600,35,1220,306,9820,84036,69927.29,2398558,0
"2021-03-05",60991,1632658,24281,839997,3109,4464,328,8928,34,1254,362,10182,88743,69000.14,2487301,0
"2021-03-06",47180,1679838,18883,858880,5451,9915,237,9165,34,1288,271,10453,71785,68615.43,2559086,0
"2021-03-07",36046,1715884,14879,873759,6245,16160,227,9392,20,1308,247,10700,57417,68437.71,2616503,0
"2021-03-08",39627,1755511,14677,888436,8564,24724,313,9705,91,1399,404,11104,63272,70005.57,2679775,0
"2021-03-09",39109,1794620,12845,901281,7764,32488,179,9884,33,1432,212,11316,59930,70018.43,2739705,0
"2021-03-10",51832,1846452,15340,916621,5067,37555,228,10112,31,1463,259,11575,72498,71097.29,2812203,0
"2021-03-11",59992,1906444,21808,938429,4618,42173,251,10363,48,1511,299,11874,86717,71480.29,2898920,0
"2021-03-12",52206,1958650,30309,968738,4183,46356,371,10734,81,1592,452,12326,87150,71252.71,2986070,0
"2021-03-13",40653,1999303,26685,995423,5109,51465,324,11058,51,1643,375,12701,72822,71400.86,3058892,0
"2021-03-14",30717,2030020,15967,1011390,4527,55992,238,11296,28,1671,266,12967,51477,70552.29,3110369,0
"2021-03-15",33591,2063611,17252,1028642,4717,60709,233,11529,32,1703,265,13232,55825,69488.43,3166194,0
"2021-03-16",38679,2102290,20501,1049143,4925,65634,258,11787,35,1738,293,13525,64398,70126.71,3230592,0
"2021-03-17",42620,2144910,24790,1073933,4246,69880,338,12125,36,1774,374,13899,72030,70059.86,3302622,0
"2021-03-18",50456,2195366,26799,1100732,5238,75118,364,12489,61,1835,425,14324,82918,69517.14,3385540,0
"2021-03-19",47796,2243162,29953,1130685,5624,80742,391,12880,69,1904,460,14784,83833,69043.29,3469373,0
"2021-03-20",38714,2281876,25828,1156513,4687,85429,297,13177,62,1966,359,15143,69588,68581.29,3538961,0
"2021-03-21",29301,2311177,19358,1175871,770,86199,219,13396,42,2008,261,15404,49690,68326,3588651,0
"2021-03-22",33870,2345047,26733,1202604,4037,90236,260,13656,37,2045,297,15701,64937,69627.71,3653588,0
"2021-03-23",38437,2383484,32840,1235444,4219,94455,291,13947,55,2100,346,16047,75842,71262.57,3729430,0
"2021-03-24",41498,2424982,37596,1273040,4850,99305,326,14273,62,2162,388,16435,84332,73020,3813762,0
"2021-03-25",43416,2468398,50781,1323821,5055,104360,469,14742,86,2248,555,16990,99807,75432.71,3913569,0
"2021-03-26",38509,2506907,55505,1379326,4310,108670,523,15265,96,2344,619,17609,98943,77591.29,4012512,0
"2021-03-27",35739,2542646,45750,1425076,2939,111609,412,15677,82,2426,494,18103,84922,79781.86,4097434,0
"2021-03-28",26392,2569038,34454,1459530,1482,113091,328,16005,62,2488,390,18493,62718,81643,4160152,0
"2021-03-29",34821,2603859,38862,1498392,3247,116338,339,16344,110,2598,449,18942,77379,83420.43,4237531,0
"2021-03-30",40514,2644373,41917,1540309,3714,120052,335,16679,66,2664,401,19343,86546,84949.57,4324077,0
"2021-03-31",49398,2693771,44859,1585168,7442,127494,396,17075,86,2750,482,19825,102181,87499.43,4426258,0
"2021-04-01",50784,2744555,53944,1639112,11274,138768,500,17575,81,2831,581,20406,116583,89896,4542841,0
"2021-04-02",43762,2788317,53882,1692994,11971,150739,545,18120,69,2900,614,21020,110229,91508.29,4653070,0
"2021-04-03",39257,2827574,39210,1732204,9860,160599,336,18456,57,2957,393,21413,88720,92050.86,4741790,0
"2021-04-04",26561,2854135,24777,1756981,3902,164501,225,18681,49,3006,274,21687,55514,91021.71,4797304,0
"2021-04-05",41888,2896023,34483,1791464,11197,175698,372,19053,60,3066,432,22119,88000,92539,4885304,0
"2021-04-06",53269,2949292,35617,1827081,13220,188918,428,19481,71,3137,499,22618,102605,94833.14,4987909,0
"2021-04-07",55516,3004808,40691,1867772,14390,203308,394,19875,77,3214,471,23089,111068,96102.71,5098977,0
"2021-04-08",59270,3064078,46586,1914358,16340,219648,514,20389,77,3291,591,23680,122787,96989,5221764,0
"2021-04-09",56647,3120725,44961,1959319,17551,237199,512,20901,77,3368,589,24269,119748,98348.86,5341512,0
"2021-04-10",49350,3170075,35645,1994964,12728,249927,386,21287,60,3428,446,24715,98169,99698.71,5439681,0
"2021-04-11",38187,3208262,28819,2023783,7683,257610,291,21578,56,3484,347,25062,75036,102487.57,5514717,0
"2021-04-12",46641,3254903,31849,2055632,13497,271107,463,22041,63,3547,526,25588,92513,103132.29,5607230,0
"2021-04-13",52542,3307445,33797,2089429,368,271475,394,22435,59,3606,453,26041,87160,100925.86,5694390,0
"2021-04-14",50149,3357594,39960,2129389,20,271495,366,22801,67,3673,433,26474,90562,97996.43,5784952,0
"2021-04-15",52130,3409724,43676,2173065,16,271511,452,23253,104,3777,556,27030,96378,94223.71,5881330,0
"2021-04-16",51187,3460911,42216,2215281,32,271543,420,23673,65,3842,485,27515,93920,90534,5975250,0
"2021-04-17",43842,3504753,35692,2250973,3,271546,363,24036,83,3925,446,27961,79983,87936,6055233,0
"2021-04-18",28612,3533365,29371,2280344,7,271553,249,24285,61,3986,310,28271,58300,85545.14,6113533,0
"2021-04-19",37475,3570840,36448,2316792,22,271575,323,24608,61,4047,384,28655,74329,82947.43,6187862,0
"2021-04-20",40812,3611652,39624,2356416,19,271594,314,24922,75,4122,389,29044,80844,82045.14,6268706,0
"2021-04-21",38907,3650559,46010,2402426,16,271610,492,25414,95,4217,587,29631,85520,81324.86,6354226,0
"2021-04-22",38500,3689059,48961,2451387,9,271619,336,25750,73,4290,409,30040,87879,80110.71,6442105,0
"2021-04-23",39704,3728763,44383,2495770,4,271623,344,26094,69,4359,413,30453,84504,78765.57,6526609,0
"2021-04-24",31952,3760715,41604,2537374,44,271667,275,26369,59,4418,334,30787,73934,77901.43,6600543,0
"2021-04-25",18423,3779138,31231,2568605,86,271753,191,26560,54,4472,245,31032,49985,76713.57,6650528,0
"2021-04-26",26972,3806110,40739,2609344,1013,272766,281,26841,82,4554,363,31395,69087,75964.71,6719615,0
"2021-04-27",28573,3834683,47144,2656488,1697,274463,348,27189,92,4646,440,31835,77854,75537.57,6797469,0
"2021-04-28",27046,3861729,56836,2713324,2148,276611,426,27615,98,4744,524,32359,86554,75685.29,6884023,0
"2021-04-29",28612,3890341,57202,2770526,2148,278759,363,27978,98,4842,461,32820,88423,75763,6972446,0
"2021-04-30",30126,3920467,51987,2822513,2056,280815,280,28258,72,4914,352,33172,84521,75765.43,7056967,0
"2021-05-01",22481,3942948,44548,2867061,1177,281992,224,28482,63,4977,287,33459,68493,74988.14,7125460,0
"2021-05-02",11927,3954875,36654,2903715,1080,283072,137,28619,55,5032,192,33651,49853,74969.29,7175313,0
"2021-05-03",18032,3972907,53025,2956740,2383,285455,255,28874,88,5120,343,33994,73783,75640.14,7249096,0
"2021-05-04",22739,3995646,56646,3013386,2330,287785,266,29140,114,5234,380,34374,82095,76246,7331191,0
"2021-05-05",21479,4017125,48796,3062182,2313,290098,312,29452,98,5332,410,34784,72998,74309.43,7404189,0
"2021-05-06",20684,4037809,50180,3112362,2507,292605,269,29721,82,5414,351,35135,73722,72209.29,7477911,0
"2021-05-07",21258,4059067,52100,3164462,2813,295418,304,30025,70,5484,374,35509,76545,71069.86,7554456,0
"2021-05-08",16634,4075701,41867,3206329,1835,297253,229,30254,67,5551,296,35805,60632,69946.86,7615088,0
"2021-05-09",7977,4083678,29413,3235742,1260,298513,148,30402,56,5607,204,36009,38854,68375.57,7653942,0
"2021-05-10",14391,4098069,38539,3274281,2355,300868,232,30634,86,5693,318,36327,55603,65778.43,7709545,0
"2021-05-11",19916,4117985,43059,3317340,2514,303382,279,30913,83,5776,362,36689,65851,63457.86,7775396,0
"2021-05-12",17811,4135796,40536,3357876,3596,306978,228,31141,76,5852,304,36993,62247,61922,7837643,0
"2021-05-13",24974,4160770,40434,3398310,3230,310208,260,31401,74,5926,334,37327,68972,61243.43,7906615,0
"2021-05-14",27025,4187795,42916,3441226,3537,313745,280,31681,93,6019,373,37700,73851,60858.57,7980466,0
"2021-05-15",23651,4211446,34915,3476141,3366,317111,248,31929,74,6093,322,38022,62254,61090.29,8042720,0
"2021-05-16",15530,4226976,19442,3495583,2497,319608,125,32054,46,6139,171,38193,37640,60916.86,8080360,0
"2021-05-17",22676,4249652,29138,3524721,3257,322865,178,32232,67,6206,245,38438,55316,60875.86,8135676,0
"2021-05-18",24635,4274287,31909,3556630,3404,326269,237,32469,70,6276,307,38745,60255,60076.43,8195931,0
"2021-05-19",24195,4298482,29717,3586347,3040,329309,221,32690,46,6322,267,39012,57219,59358.14,8253150,0
"2021-05-20",24155,4322637,30084,3616431,3162,332471,272,32962,99,6421,371,39383,57772,57758.14,8310922,0
"2021-05-21",24686,4347323,32004,3648435,3060,335531,251,33213,60,6481,311,39694,60061,55788.14,8370983,0
"2021-05-22",20023,4367346,24358,3672793,2525,338056,162,33375,47,6528,209,39903,47115,53625.43,8418098,0
"2021-05-23",11236,4378582,13732,3686525,1411,339467,93,33468,32,6560,125,40028,26504,52034.57,8444602,0
"2021-05-24",18879,4397461,23156,3709681,2757,342224,213,33681,52,6612,265,40293,45057,50569,8489659,0
"2021-05-25",19433,4416894,23376,3733057,2601,344825,179,33860,70,6682,249,40542,45659,48483.86,8535318,0
"2021-05-26",18786,4435680,21086,3754143,2696,347521,199,34059,54,6736,253,40795,42821,46427,8578139,0
"2021-05-27",18472,4454152,21274,3775417,2529,350050,189,34248,63,6799,252,41047,42527,44249.14,8620666,0
"2021-05-28",17864,4472016,22888,3798305,2751,352801,186,34434,53,6852,239,41286,43742,41917.86,8664408,0
"2021-05-29",12710,4484726,17808,3816113,1755,354556,106,34540,39,6891,145,41431,32418,39818.29,8696826,0
"2021-05-30",7032,4491758,8949,3825062,1074,355630,47,34587,17,6908,64,41495,17119,38477.57,8713945,0
"2021-05-31",4743,4496501,6925,3831987,1012,356642,64,34651,16,6924,80,41575,12760,33863.71,8726705,0
"2021-06-01",16046,4512547,25196,3857183,2175,358817,151,34802,40,6964,191,41766,43608,33570.71,8770313,0
"2021-06-02",15352,4527899,20391,3877574,2094,360911,138,34940,46,7010,184,41950,38021,32885,8808334,0
"2021-06-03",15008,4542907,23819,3901393,2280,363191,128,35068,44,7054,172,42122,41279,32706.71,8849613,0
"2021-06-04",14730,4557637,25985,3927378,2492,365683,141,35209,39,7093,180,42302,43387,32656,8893000,0
"2021-06-05",10992,4568629,22085,3949463,1806,367489,113,35322,30,7123,143,42445,35026,33028.57,8928026,0
"2021-06-06",6444,4575073,14470,3963933,1222,368711,86,35408,13,7136,99,42544,22235,33759.43,8950261,0
"2021-06-07",11710,4586783,21788,3985721,2379,371090,138,35546,36,7172,174,42718,36051,37086.71,8986312,0
"2021-06-08",12644,4599427,24023,4009744,2072,373162,118,35664,44,7216,162,42880,38901,36414.29,9025213,0
"2021-06-09",11140,4610567,23025,4032769,2298,375460,133,35797,39,7255,172,43052,36635,36216.29,9061848,0
"2021-06-10",12071,4622638,22232,4055001,2462,377922,140,35937,56,7311,196,43248,36961,35599.43,9098809,0
"2021-06-11",12704,4635342,25122,4080123,2483,380405,152,36089,58,7369,210,43458,40519,35189.71,9139328,0
"2021-06-12",10167,4645509,19306,4099429,1888,382293,94,36183,39,7408,133,43591,31494,34685.14,9170822,0
"2021-06-13",4257,4649766,10937,4110366,1219,383512,41,36224,21,7429,62,43653,16475,33862.29,9187297,0
"2021-06-14",10207,4659973,19247,4129613,2042,385554,126,36350,51,7480,177,43830,31673,33236.86,9218970,0
"2021-06-15",11887,4671860,21009,4150622,1943,387497,131,36481,41,7521,172,44002,35011,32681.14,9253981,0
"2021-06-16",11590,4683450,19410,4170032,1956,389453,138,36619,66,7587,204,44206,33160,32184.71,9287141,0
"2021-06-17",11027,4694477,18762,4188794,1972,391425,121,36740,34,7621,155,44361,31916,31464,9319057,0
"2021-06-18",12167,4706644,18500,4207294,2116,393541,112,36852,35,7656,147,44508,32930,30379.86,9351987,0
"2021-06-19",8499,4715143,13519,4220813,1459,395000,81,36933,21,7677,102,44610,23579,29249.14,9375566,0
"2021-06-20",4335,4719478,7159,4227972,924,395924,36,36969,17,7694,53,44663,12471,28677.14,9388037,0
"2021-06-21",10162,4729640,10008,4237980,1806,397730,68,37037,28,7722,96,44759,22072,27305.57,9410109,0
"2021-06-22",9836,4739476,15641,4253621,1589,399319,104,37141,27,7749,131,44890,27197,26189.29,9437306,0
"2021-06-23",10314,4749790,15187,4268808,1860,401179,101,37242,29,7778,130,45020,27491,25379.43,9464797,0
"2021-06-24",9689,4759479,14695,4283503,1800,402979,119,37361,26,7804,145,45165,26329,24581.29,9491126,0
"2021-06-25",10589,4770068,14384,4297887,1722,404701,112,37473,37,7841,149,45314,26844,23711.86,9517970,0
"2021-06-26",7805,4777873,10465,4308352,1247,405948,74,37547,23,7864,97,45411,19614,23145.43,9537584,0
"2021-06-27",5001,4782874,6001,4314353,795,406743,33,37580,14,7878,47,45458,11844,23055.86,9549428,0
"2021-06-28",9032,4791906,10345,4324698,1524,408267,106,37686,26,7904,132,45590,21033,22907.43,9570461,0
"2021-06-29",9749,4801655,12316,4337014,1347,409614,123,37809,28,7932,151,45741,23563,22388.29,9594024,0
"2021-06-30",9431,4811086,10925,4347939,1481,411095,147,37956,16,7948,163,45904,22000,21603.86,9616024,0
"2021-07-01",9397,4820483,10928,4358867,1431,412526,126,38082,24,7972,150,46054,21906,20972,9637930,0
"2021-07-02",9694,4830177,11442,4370309,1541,414067,120,38202,23,7995,143,46197,22820,20397.14,9660750,0
"2021-07-03",7058,4837235,8423,4378732,1193,415260,75,38277,16,8011,91,46288,16765,19990.14,9677515,0
"2021-07-04",1288,4838523,1336,4380068,567,415827,8,38285,3,8014,11,46299,3202,18755.57,9680717,0
"2021-07-05",6495,4845018,7106,4387174,1208,417035,64,38349,19,8033,83,46382,14892,17878.29,9695609,0
"2021-07-06",9512,4854530,12852,4400026,1316,418351,115,38464,34,8067,149,46531,23829,17916.29,9719438,0
"2021-07-07",8672,4863202,11107,4411133,1419,419770,121,38585,18,8085,139,46670,21337,17821.57,9740775,0
"2021-07-08",8208,4871410,10191,4421324,1260,421030,107,38692,21,8106,128,46798,19787,17518.86,9760562,0
"2021-07-09",8378,4879788,10832,4432156,1279,422309,88,38780,17,8123,105,46903,20594,17200.86,9781156,0
"2021-07-10",7107,4886895,8629,4440785,1132,423441,62,38842,20,8143,82,46985,16950,17227.29,9798106,0
"2021-07-11",4105,4891000,4539,4445324,703,424144,34,38876,6,8149,40,47025,9387,18110.86,9807493,0
"2021-07-12",8455,4899455,9554,4454878,1250,425394,81,38957,20,8169,101,47126,19360,18749.14,9826853,0
"2021-07-13",9462,4908917,9390,4464268,951,426345,105,39062,33,8202,138,47264,19941,18193.71,9846794,0
"2021-07-14",9001,4917918,9533,4473801,1009,427354,102,39164,19,8221,121,47385,19664,17954.71,9866458,0
"2021-07-15",8791,4926709,9153,4482954,1051,428405,82,39246,17,8238,99,47484,19094,17855.71,9885552,0
"2021-07-16",9243,4935952,9761,4492715,978,429383,102,39348,31,8269,133,47617,20115,17787.29,9905667,0
"2021-07-17",6844,4942796,7386,4500101,802,430185,79,39427,19,8288,98,47715,15130,17527.29,9920797,0
"2021-07-18",4258,4947054,4283,4504384,569,430754,35,39462,14,8302,49,47764,9159,17494.71,9929956,0
"2021-07-19",9127,4956181,8467,4512851,999,431753,89,39551,20,8322,109,47873,18702,17400.71,9948658,0
"2021-07-20",10651,4966832,8758,4521609,991,432744,93,39644,24,8346,117,47990,20517,17483,9969175,0
"2021-07-21",10052,4976884,8763,4530372,903,433647,145,39789,30,8376,175,48165,19893,17515.71,9989068,0
"2021-07-22",10687,4987571,8584,4538956,1045,434692,142,39931,25,8401,167,48332,20483,17714.14,10009551,0
"2021-07-23",11254,4998825,8880,4547836,1114,435806,137,40068,22,8423,159,48491,21407,17898.71,10030958,0
"2021-07-24",7404,5006229,6735,4554571,670,436476,81,40149,22,8445,103,48594,14912,17867.57,10045870,0
"2021-07-25",5477,5011706,2126,4556697,509,436985,59,40208,4,8449,63,48657,8175,17727,10054045,0
"2021-07-26",10876,5022582,6999,4563696,859,437844,109,40317,16,8465,125,48782,18859,17749.43,10072904,0
"2021-07-27",12057,5034639,8566,4572262,857,438701,132,40449,34,8499,166,48948,21646,17910.71,10094550,0
"2021-07-28",11994,5046633,8048,4580310,950,439651,131,40580,24,8523,155,49103,21147,18089.86,10115697,0
"2021-07-29",10935,5057568,7428,4587738,984,440635,132,40712,39,8562,171,49274,19518,17952,10135215,0
"2021-07-30",14955,5072523,8009,4595747,1150,441785,181,40893,27,8589,208,49482,24322,18368.43,10159537,0
"2021-07-31",9731,5082254,6311,4602058,816,442601,119,41012,20,8609,139,49621,16997,18666.29,10176534,0
"2021-08-01",6503,5088757,3308,4605366,564,443165,81,41093,19,8628,100,49721,10475,18994.86,10187009,0
"2021-08-02",13451,5102208,7153,4612519,847,444012,144,41237,18,8646,162,49883,21613,19388.29,10208622,0
"2021-08-03",15415,5117623,8381,4620900,1109,445121,144,41381,32,8678,176,50059,25081,19879,10233703,0
"2021-08-04",17259,5134882,8125,4629025,1454,446575,180,41561,30,8708,210,50269,27048,20722,10260751,0
"2021-08-05",17865,5152747,7927,4636952,1366,447941,161,41722,17,8725,178,50447,27336,21838.86,10288087,0
"2021-08-06",18179,5170926,8412,4645364,1233,449174,162,41884,31,8756,193,50640,28017,22366.71,10316104,0
"2021-08-07",13388,5184314,6013,4651377,799,449973,101,41985,27,8783,128,50768,20328,22842.57,10336432,0
"2021-08-08",9309,5193623,3836,4655213,399,450372,82,42067,8,8791,90,50858,13634,23293.86,10350066,0
"2021-08-09",21341,5214964,8526,4663739,964,451336,168,42235,33,8824,201,51059,31032,24639.43,10381098,0
"2021-08-10",18921,5233885,9331,4673070,947,452283,174,42409,32,8856,206,51265,29405,25257.14,10410503,0
"2021-08-11",15649,5249534,8307,4681377,853,453136,129,42538,38,8894,167,51432,24976,24961.14,10435479,0
"2021-08-12",15045,5264579,8978,4690355,940,454076,170,42708,31,8925,201,51633,25164,24650.86,10460643,0
"2021-08-13",14926,5279505,9291,4699646,921,454997,238,42946,35,8960,273,51906,25411,24278.57,10486054,0
"2021-08-14",10409,5289914,6406,4706052,625,455622,529,43475,38,8998,567,52473,18007,23947,10504061,0
"2021-08-15",6696,5296610,4475,4710527,676,456298,567,44042,30,9028,597,53070,12444,23777,10516505,0
"2021-08-16",15724,5312334,9296,4719823,1149,457447,1318,45360,62,9090,1380,54450,27549,23279.43,10544054,0
"2021-08-17",17778,5330112,10435,4730258,1223,458670,1764,47124,76,9166,1840,56290,31276,23546.71,10575330,0
"2021-08-18",17509,5347621,10360,4740618,1261,459931,1984,49108,90,9256,2074,58364,31204,24436.43,10606534,0
"2021-08-19",16305,5363926,9517,4750135,1315,461246,1947,51055,63,9319,2010,60374,29147,25005.43,10635681,0
"2021-08-20",16286,5380212,11537,4761672,1254,462500,1851,52906,81,9400,1932,62306,31009,25805.14,10666690,0
"2021-08-21",11152,5391364,8042,4769714,878,463378,1053,53959,52,9452,1105,63411,21177,26258,10687867,0
"2021-08-22",4081,5395445,3901,4773615,262,463640,514,54473,31,9483,545,63956,8789,25735.86,10696656,0
"2021-08-23",15581,5411026,11790,4785405,1023,464663,1548,56021,72,9555,1620,65576,30014,26088,10726670,0
"2021-08-24",16917,5427943,12595,4798000,1006,465669,1772,57793,73,9628,1845,67421,32363,26243.29,10759033,0
"2021-08-25",14588,5442531,12440,4810440,1110,466779,1563,59356,75,9703,1638,69059,29776,26039.29,10788809,0
"2021-08-26",16170,5458701,14081,4824521,1072,467851,1766,61122,66,9769,1832,70891,33155,26611.86,10821964,0
"2021-08-27",14886,5473587,14819,4839340,971,468822,1665,62787,74,9843,1739,72630,32415,26812.71,10854379,0
"2021-08-28",10685,5484272,11522,4850862,836,469658,1008,63795,42,9885,1050,73680,24093,27229.29,10878472,0
"2021-08-29",7220,5491492,7495,4858357,541,470199,774,64569,55,9940,829,74509,16085,28271.57,10894557,0
"2021-08-30",15524,5507016,16925,4875282,1077,471276,1791,66360,80,10020,1871,76380,35397,29040.57,10929954,0
"2021-08-31",15521,5522537,15950,4891232,951,472227,1968,68328,85,10105,2053,78433,34475,29342.29,10964429,0
"2021-09-01",14833,5537370,14098,4905330,1020,473247,1805,70133,59,10164,1864,80297,31815,29633.57,10996244,0
"2021-09-02",14337,5551707,12518,4917848,896,474143,1698,71831,61,10225,1759,82056,29510,29112.86,11025754,0
"2021-09-03",15016,5566723,14300,4932148,974,475117,1892,73723,68,10293,1960,84016,32250,29089.29,11058004,0
"2021-09-04",9646,5576369,9407,4941555,688,475805,968,74691,34,10327,1002,85018,20743,28610.71,11078747,0
"2021-09-05",6802,5583171,5514,4947069,438,476243,707,75398,13,10340,720,85738,13474,28237.71,11092221,0
"2021-09-06",5196,5588367,4513,4951582,358,476601,270,75668,11,10351,281,86019,10348,24659.29,11102569,0
"2021-09-07",15571,5603938,17692,4969274,912,477513,1546,77214,84,10435,1630,87649,35805,24849.29,11138374,0
"2021-09-08",16164,5620102,14823,4984097,1072,478585,1764,78978,76,10511,1840,89489,33899,25147,11172273,0
"2021-09-09",16119,5636221,14745,4998842,1047,479632,1906,80884,70,10581,1976,91465,33887,25772.29,11206160,0
"2021-09-10",18369,5654590,15394,5014236,1208,480840,1966,82850,79,10660,2045,93510,37016,26453.14,11243176,0
"2021-09-11",12632,5667222,10346,5024582,958,481798,1024,83874,46,10706,1070,94580,25006,27062.14,11268182,0
"2021-09-12",8533,5675755,5051,5029633,766,482564,688,84562,28,10734,716,95296,15066,27289.57,11283248,0
"2021-09-13",16935,5692690,12945,5042578,976,483540,1647,86209,54,10788,1701,96997,32557,30462.29,11315805,0
"2021-09-14",16273,5708963,13676,5056254,886,484426,1591,87800,49,10837,1640,98637,32475,29986.57,11348280,0
"2021-09-15",15545,5724508,12875,5069129,727,485153,1565,89365,79,10916,1644,100281,30791,29542.57,11379071,0
"2021-09-16",15343,5739851,13905,5083034,1210,486363,1453,90818,63,10979,1516,101797,31974,29269.29,11411045,0
"2021-09-17",14436,5754287,13962,5096996,922,487285,1825,92643,54,11033,1879,103676,31199,28438.29,11442244,0
"2021-09-18",10004,5764291,10174,5107170,913,488198,1046,93689,38,11071,1084,104760,22175,28033.86,11464419,0
"2021-09-19",6178,5770469,6071,5113241,558,488756,744,94433,28,11099,772,105532,13579,27821.43,11477998,0
"2021-09-20",12679,5783148,12628,5125869,1068,489824,1919,96352,55,11154,1974,107506,28349,27220.29,11506347,0
"2021-09-21",12238,5795386,12767,5138636,1110,490934,2019,98371,74,11228,2093,109599,28208,26610.71,11534555,0
"2021-09-22",12824,5808210,11999,5150635,1089,492023,1683,100054,66,11294,1749,111348,27661,26163.57,11562216,0
"2021-09-23",14945,5823155,12755,5163390,1639,493662,2261,102315,73,11367,2334,113682,31673,26120.57,11593889,0
"2021-09-24",16451,5839606,13367,5176757,1633,495295,4622,106937,109,11476,4731,118413,36182,26832.43,11630071,0
"2021-09-25",10546,5850152,9023,5185780,1018,496313,3451,110388,76,11552,3527,121940,24114,27109.43,11654185,0
"2021-09-26",6304,5856456,5764,5191544,774,497087,2420,112808,54,11606,2474,124414,15316,27357.57,11669501,0
"2021-09-27",14163,5870619,8053,5199597,1155,498242,9045,121853,157,11763,9202,133616,32573,27961,11702074,0
"2021-09-28",11154,5881773,11774,5211371,901,499143,9897,131750,170,11933,10067,143683,33896,28773.57,11735970,0
"2021-09-29",11608,5893381,12193,5223564,1206,500349,9441,141191,155,12088,9596,153279,34603,29765.29,11770573,0
"2021-09-30",12246,5905627,12602,5236166,1339,501688,9723,150914,167,12255,9890,163169,36077,30394.43,11806650,0
"2021-10-01",12649,5918276,13427,5249593,1284,502972,10255,161169,144,12399,10399,173568,37759,30619.71,11844409,0
"2021-10-02",7738,5926014,9970,5259563,865,503837,4232,165401,77,12476,4309,177877,22882,30443.71,11867291,0
"2021-10-03",5081,5931095,6155,5265718,593,504430,2609,168010,52,12528,2661,180538,14490,30325.71,11881781,0
"2021-10-04",9916,5941011,11021,5276739,913,505343,9508,177518,139,12667,9647,190185,31497,30172,11913278,0
"2021-10-05",10173,5951184,11732,5288471,972,506315,9926,187444,167,12834,10093,200278,32970,30039.71,11946248,0
"2021-10-06",9925,5961109,11055,5299526,937,507252,9916,197360,149,12983,10065,210343,31982,29665.29,11978230,0
"2021-10-07",9671,5970780,12191,5311717,852,508104,10182,207542,165,13148,10347,220690,33061,29234.43,12011291,0
"2021-10-08",9468,5980248,12172,5323889,942,509046,10896,218438,155,13303,11051,231741,33633,28645,12044924,0
"2021-10-09",6265,5986513,8276,5332165,649,509695,4111,222549,88,13391,4199,235940,19389,28146,12064313,0
"2021-10-10",3545,5990058,5023,5337188,458,510153,2433,224982,40,13431,2473,238413,11499,27718.71,12075812,0
"2021-10-11",7628,5997686,9330,5346518,728,510881,8881,233863,150,13581,9031,247444,26717,27035.86,12102529,0
"2021-10-12",8080,6005766,11001,5357519,891,511772,10498,244361,178,13759,10676,258120,30648,26704.14,12133177,0
"2021-10-13",7164,6012930,10142,5367661,869,512641,8786,253147,172,13931,8958,267078,27133,26011.43,12160310,0
"2021-10-14",7452,6020382,11111,5378772,836,513477,10101,263248,156,14087,10257,277335,29656,25525,12189966,0
"2021-10-15",7735,6028117,11863,5390635,823,514300,10795,274043,160,14247,10955,288290,31376,25202.57,12221342,0
"2021-10-16",4869,6032986,7465,5398100,666,514966,3834,277877,65,14312,3899,292189,16899,24846.86,12238241,0
"2021-10-17",3061,6036047,4474,5402574,411,515377,2448,280325,40,14352,2488,294677,10434,24694.71,12248675,0
"2021-10-18",7059,6043106,10663,5413237,796,516173,9461,289786,161,14513,9622,304299,28140,24898,12276815,0
"2021-10-19",6581,6049687,8943,5422180,804,516977,9071,298857,160,14673,9231,313530,25559,24171,12302374,0
"2021-10-20",6544,6056231,9375,5431555,975,517952,9970,308827,165,14838,10135,323665,27029,24156.14,12329403,0
"2021-10-21",7036,6063267,9378,5440933,858,518810,10831,319658,144,14982,10975,334640,28247,23954.86,12357650,0
"2021-10-22",8138,6071405,10343,5451276,1027,519837,16329,335987,207,15189,16536,351176,36044,24621.71,12393694,0
"2021-10-23",5176,6076581,6457,5457733,690,520527,9116,345103,109,15298,9225,360401,21548,25285.86,12415242,0
"2021-10-24",3276,6079857,3972,5461705,770,521297,6148,351251,73,15371,6221,366622,14239,25829.43,12429481,0
"2021-10-25",8785,6088642,8742,5470447,1149,522446,19238,370489,278,15649,19516,386138,38192,27265.43,12467673,0
"2021-10-26",8211,6096853,7722,5478169,1258,523704,17280,387769,251,15900,17531,403669,34722,28574.43,12502395,0
"2021-10-27",10578,6107431,8393,5486562,1604,525308,20834,408603,301,16201,21135,424804,41710,30671.71,12544105,0
"2021-10-28",11342,6118773,8040,5494602,1793,527101,20823,429426,307,16508,21130,445934,42305,32680,12586410,0
"2021-10-29",11847,6130620,8241,5502843,1963,529064,22518,451944,310,16818,22828,468762,44879,33942.14,12631289,0
"2021-10-30",4634,6135254,5058,5507901,932,529996,11157,463101,158,16976,11315,480077,21939,33998,12653228,0
"2021-10-31",2666,6137920,2702,5510603,544,530540,6634,469735,93,17069,6727,486804,12639,33769.43,12665867,0
"2021-11-01",7151,6145071,6959,5517562,1089,531629,20363,490098,308,17377,20671,507475,35870,33437.71,12701737,0
"2021-11-02",6594,6151665,6589,5524151,1055,532684,20758,510856,260,17637,21018,528493,35256,33514,12736993,0
"2021-11-03",6860,6158525,6681,5530832,1026,533710,20614,531470,285,17922,20899,549392,35466,32622,12772459,0
"2021-11-04",9319,6167844,6279,5537111,995,534705,22340,553810,335,18257,22675,572067,39268,32188.14,12811727,0
"2021-11-05",11073,6178917,6725,5543836,1051,535756,23749,577559,331,18588,24080,596147,42929,31909.57,12854656,0
"2021-11-06",11134,6190051,4051,5547887,594,536350,12584,590143,159,18747,12743,608890,28522,32850,12883178,0
"2021-11-07",7261,6197312,2286,5550173,577,536927,7100,597243,88,18835,7188,616078,17312,33517.57,12900490,0
"2021-11-08",15063,6212375,5681,5555854,866,537793,19496,616739,265,19100,19761,635839,41371,34303.43,12941861,0
"2021-11-09",16161,6228536,5388,5561242,661,538454,20503,637242,257,19357,20760,656599,42970,35405.43,12984831,0
"2021-11-10",16949,6245485,5323,5566565,683,539137,22622,659864,277,19634,22899,679498,45854,36889.43,13030685,0
"2021-11-11",12590,6258075,5189,5571754,760,539897,22066,681930,277,19911,22343,701841,40882,37120,13071567,0
"2021-11-12",16909,6274984,5687,5577441,707,540604,23373,705303,348,20259,23721,725562,47024,37705,13118591,0
"2021-11-13",9951,6284935,3662,5581103,465,541069,13313,718616,172,20431,13485,739047,27563,37568,13146154,0
"2021-11-14",6024,6290959,2293,5583396,325,541394,7922,726538,72,20503,7994,747041,16636,37471.43,13162790,0
"2021-11-15",13245,6304204,5971,5589367,690,542084,25089,751627,334,20837,25423,772464,45329,38036.86,13208119,0
"2021-11-16",9992,6314196,5785,5595152,656,542740,30644,782271,399,21236,31043,803507,47476,38680.57,13255595,0
"2021-11-17",10325,6324521,6679,5601831,681,543421,31389,813660,391,21627,31780,835287,49465,39196.43,13305060,0
"2021-11-18",10746,6335267,6547,5608378,860,544281,32978,846638,424,22051,33402,868689,51555,40721.14,13356615,0
"2021-11-19",12041,6347308,6558,5614936,715,544996,36225,882863,430,22481,36655,905344,55969,41999,13412584,0
"2021-11-20",9347,6356655,3419,5618355,513,545509,22499,905362,243,22724,22742,928086,36021,43207.29,13448605,0
"2021-11-21",4969,6361624,1887,5620242,288,545797,13189,918551,143,22867,13332,941418,20476,43755.86,13469081,0
"2021-11-22",10465,6372089,5794,5626036,752,546549,35893,954444,415,23282,36308,977726,53319,44897.29,13522400,0
"2021-11-23",9825,6381914,4780,5630816,636,547185,33493,987937,354,23636,33847,1011573,49088,45127.57,13571488,0
"2021-11-24",8726,6390640,4753,5635569,651,547836,25901,1013838,263,23899,26164,1037737,40294,43817.43,13611782,0
"2021-11-25",449,6391089,325,5635894,80,547916,1003,1014841,8,23907,1011,1038748,1865,36718.86,13613647,0
"2021-11-26",8073,6399162,6989,5642883,531,548447,26567,1041408,277,24184,26844,1065592,42437,34785.71,13656084,0
"2021-11-27",6694,6405856,6835,5649718,371,548818,18831,1060239,206,24390,19037,1084629,32937,34345.14,13689021,0
"2021-11-28",4087,6409943,5781,5655499,281,549099,11870,1072109,113,24503,11983,1096612,22132,34581.71,13711153,0
"2021-11-29",9116,6419059,10983,5666482,687,549786,35004,1107113,406,24909,35410,1132022,56196,34992.71,13767349,0
"2021-11-30",10536,6429595,11434,5677916,513,550299,37765,1144878,463,25372,38228,1170250,60711,36653.14,13828060,0
"2021-12-01",11208,6440803,10984,5688900,723,551022,40313,1185191,415,25787,40728,1210978,63643,39988.71,13891703,0
"2021-12-02",11686,6452489,11028,5699928,626,551648,42126,1227317,438,26225,42564,1253542,65904,49137.14,13957607,0
"2021-12-03",13527,6466016,12888,5712816,677,552325,47890,1275207,492,26717,48382,1301924,75474,53856.71,14033081,0
"2021-12-04",9868,6475884,11289,5724105,567,552892,30659,1305866,287,27004,30946,1332870,52670,56675.71,14085751,0
"2021-12-05",5767,6481651,5705,5729810,270,553162,16647,1322513,120,27124,16767,1349637,28509,57586.71,14114260,0
"2021-12-06",12372,6494023,9956,5739766,601,553763,43208,1365721,417,27541,43625,1393262,66554,59066.43,14180814,0
"2021-12-07",12633,6506656,9256,5749022,624,554387,43009,1408730,475,28016,43484,1436746,65997,59821.57,14246811,0
"2021-12-08",13568,6520224,8762,5757784,554,554941,40763,1449493,449,28465,41212,1477958,64096,59886.29,14310907,0
"2021-12-09",13540,6533764,8759,5766543,556,555497,40784,1490277,462,28927,41246,1519204,64101,59628.71,14375008,0
"2021-12-10",14067,6547831,10138,5776681,670,556167,43630,1533907,473,29400,44103,1563307,68978,58700.71,14443986,0
"2021-12-11",10286,6558117,8116,5784797,405,556572,26687,1560594,260,29660,26947,1590254,45754,57712.71,14489740,0
"2021-12-12",6033,6564150,3853,5788650,288,556860,15154,1575748,128,29788,15282,1605536,25456,57276.57,14515196,0
"2021-12-13",12263,6576413,7427,5796077,657,557517,37850,1613598,373,30161,38223,1643759,58570,56136,14573766,0
"2021-12-14",12270,6588683,6955,5803032,731,558248,38114,1651712,412,30573,38526,1682285,58482,55062.43,14632248,0
"2021-12-15",12139,6600822,6240,5809272,756,559004,38086,1689798,465,31038,38551,1720836,57686,54146.71,14689934,0
"2021-12-16",13152,6613974,4275,5813547,742,559746,41020,1730818,421,31459,41441,1762277,59610,53505.14,14749544,0
"2021-12-17",15976,6629950,6933,5820480,621,560367,46725,1777543,444,31903,47169,1809446,70699,53751,14820243,0
"2021-12-18",13043,6642993,5721,5826201,432,560799,30588,1808131,252,32155,30840,1840286,50036,54362.71,14870279,0
"2021-12-19",7031,6650024,2997,5829198,326,561125,17989,1826120,160,32315,18149,1858435,28503,54798,14898782,0
"2021-12-20",16892,6666916,5863,5835061,747,561872,47402,1873522,529,32844,47931,1906366,71433,56635.57,14970215,0
"2021-12-21",17990,6684906,6571,5841632,806,562678,48859,1922381,553,33397,49412,1955778,74779,58963.71,15044994,0
"2021-12-22",18576,6703482,6561,5848193,938,563616,49607,1971988,502,33899,50109,2005887,76184,61606.29,15121178,0
"2021-12-23",19072,6722554,6481,5854674,929,564545,45786,2017774,493,34392,46279,2052166,72761,63485,15193939,0
"2021-12-24",9243,6731797,2952,5857626,598,565143,20588,2038362,198,34590,20786,2072952,33579,58182.14,15227518,0
"2021-12-25",343,6732140,64,5857690,31,565174,426,2038788,8,34598,434,2073386,872,51158.71,15228390,0
"2021-12-26",7978,6740118,3927,5861617,341,565515,17268,2056056,164,34762,17432,2090818,29678,51326.57,15258068,0
"2021-12-27",21810,6761928,9205,5870822,932,566447,43400,2099456,523,35285,43923,2134741,75870,51960.43,15333938,0
"2021-12-28",20179,6782107,8323,5879145,698,567145,47549,2147005,580,35865,48129,2182870,77329,52324.71,15411267,0
"2021-12-29",18516,6800623,7667,5886812,607,567752,45505,2192510,459,36324,45964,2228834,72754,51834.71,15484021,0
"2021-12-30",16892,6817515,7417,5894229,584,568336,44794,2237304,557,36881,45351,2274185,70244,51475.14,15554265,0
"2021-12-31",5363,6822878,2808,5897037,193,568529,14754,2252058,168,37049,14922,2289107,23286,50004.71,15577551,0
"2022-01-01",242,6823120,146,5897183,11,568540,498,2252556,13,37062,511,2289618,910,50010.14,15578461,0
"2022-01-02",6439,6829559,5017,5902200,153,568693,10974,2263530,100,37162,11074,2300692,22683,49010.86,15601144,0
"2022-01-03",14176,6843735,8473,5910673,515,569208,26863,2290393,282,37444,27145,2327837,50309,45359.29,15651453,0
"2022-01-04",13081,6856816,8079,5918752,412,569620,27010,2317403,336,37780,27346,2355183,48918,41300.57,15700371,0
"2022-01-05",11594,6868410,6982,5925734,384,570004,25755,2343158,286,38066,26041,2381224,45001,37335.86,15745372,0
"2022-01-06",11526,6879936,7380,5933114,485,570489,27445,2370603,313,38379,27758,2408982,47149,34036.57,15792521,0
"2022-01-07",10454,6890390,8418,5941532,337,570826,24966,2395569,297,38676,25263,2434245,44472,37063.14,15836993,0
"2022-01-08",7919,6898309,8557,5950089,310,571136,19410,2414979,167,38843,19577,2453822,36363,42127.86,15873356,0
"2022-01-09",4137,6902446,3845,5953934,214,571350,10054,2425033,88,38931,10142,2463964,18338,41507.14,15891694,0
"2022-01-10",10179,6912625,8190,5962124,490,571840,24592,2449625,280,39211,24872,2488836,43731,40567.43,15935425,0
"2022-01-11",8903,6921528,7993,5970117,520,572360,20984,2470609,270,39481,21254,2510090,38670,39103.43,15974095,0
"2022-01-12",8948,6930476,8315,5978432,428,572788,22310,2492919,277,39758,22587,2532677,40278,38428.71,16014373,0
"2022-01-13",9046,6939522,8858,5987290,449,573237,22845,2515764,296,40054,23141,2555818,41494,37620.86,16055867,0
"2022-01-14",10128,6949650,8119,5995409,476,573713,26408,2542172,304,40358,26712,2582530,45435,37758.43,16101302,0
"2022-01-15",6210,6955860,4306,5999715,178,573891,15148,2557320,165,40523,15313,2597843,26007,36279,16127309,0
"2022-01-16",2923,6958783,3250,6002965,95,573986,7814,2565134,78,40601,7892,2605735,14160,35682.14,16141469,0
"2022-01-17",6085,6964868,6762,6009727,363,574349,14653,2579787,206,40807,14859,2620594,28069,33444.71,16169538,0
"2022-01-18",8176,6973044,10309,6020036,397,574746,19647,2599434,310,41117,19957,2640551,38839,33468.86,16208377,0
"2022-01-19",7487,6980531,9242,6029278,305,575051,17688,2617122,259,41376,17947,2658498,34981,32712.14,16243358,0
"2022-01-20",6291,6986822,8561,6037839,305,575356,15235,2632357,227,41603,15462,2673960,30619,31158.57,16273977,0
"2022-01-21",7579,6994401,7492,6045331,276,575632,18481,2650838,269,41872,18750,2692710,34097,29538.86,16308074,0
"2022-01-22",5196,6999597,4932,6050263,131,575763,11297,2662135,119,41991,11416,2704126,21675,28920,16329749,0
"2022-01-23",2816,7002413,3328,6053591,97,575860,6224,2668359,74,42065,6298,2710424,12539,28688.43,16342288,0
"2022-01-24",6379,7008792,8190,6061781,262,576122,15063,2683422,229,42294,15292,2725716,30123,28981.86,16372411,0
"2022-01-25",6199,7014991,7927,6069708,232,576354,14671,2698093,251,42545,14922,2740638,29280,27616.29,16401691,0
"2022-01-26",5757,7020748,7164,6076872,289,576643,14007,2712100,200,42745,14207,2754845,27417,26535.71,16429108,0
"2022-01-27",5271,7026019,7082,6083954,321,576964,14059,2726159,222,42967,14281,2769126,26955,26012.29,16456063,0
"2022-01-28",6268,7032287,7858,6091812,203,577167,16106,2742265,227,43194,16333,2785459,30662,25521.57,16486725,0
"2022-01-29",842,7033129,727,6092539,28,577195,2535,2744800,38,43232,2573,2788032,4170,23020.86,16490895,0
"2022-01-30",2099,7035228,3022,6095561,103,577298,4532,2749332,61,43293,4593,2792625,9817,22632,16500712,0
"2022-01-31",5005,7040233,6591,6102152,220,577518,11360,2760692,192,43485,11552,2804177,23368,21667,16524080,0
"2022-02-01",4845,7045078,6436,6108588,219,577737,10690,2771382,204,43689,10894,2815071,22394,20683.29,16546474,0
"2022-02-02",4251,7049329,5916,6114504,214,577951,11213,2782595,232,43921,11445,2826516,21826,19884.57,16568300,0
"2022-02-03",4238,7053567,5799,6120303,216,578167,11208,2793803,192,44113,11400,2837916,21653,19127.14,16589953,0
"2022-02-04",4787,7058354,7103,6127406,214,578381,13198,2807001,232,44345,13430,2851346,25534,18394.57,16615487,0
"2022-02-05",3588,7061942,6044,6133450,110,578491,8560,2815561,144,44489,8704,2860050,18446,20434,16633933,0
"2022-02-06",2064,7064006,2135,6135585,121,578612,4630,2820191,102,44591,4732,2864782,9052,20324.71,16642985,0
"2022-02-07",4156,7068162,4723,6140308,205,578817,10125,2830316,226,44817,10351,2875133,19435,19762.86,16662420,0
"2022-02-08",4233,7072395,5605,6145913,214,579031,11313,2841629,299,45116,11612,2886745,21664,19658.57,16684084,0
"2022-02-09",4144,7076539,5396,6151309,222,579253,11650,2853279,241,45357,11891,2898636,21653,19633.86,16705737,0
"2022-02-10",4001,7080540,5117,6156426,245,579498,12186,2865465,273,45630,12459,2911095,21822,19658,16727559,0
"2022-02-11",4521,7085061,5803,6162229,195,579693,13720,2879185,308,45938,14028,2925123,24547,19517,16752106,0
"2022-02-12",3253,7088314,4341,6166570,97,579790,8796,2887981,210,46148,9006,2934129,16697,19267.14,16768803,0
"2022-02-13",1519,7089833,1542,6168112,41,579831,4880,2892861,102,46250,4982,2939111,8084,19128.86,16776887,0
"2022-02-14",2989,7092822,3619,6171731,166,579997,10555,2903416,317,46567,10872,2949983,17646,18873.29,16794533,0
"2022-02-15",3567,7096389,4068,6175799,176,580173,12760,2916176,272,46839,13032,2963015,20843,18756,16815376,0
"2022-02-16",3673,7100062,3899,6179698,200,580373,15687,2931863,284,47123,15971,2978986,23743,19054.57,16839119,0
"2022-02-17",4054,7104116,4081,6183779,162,580535,18253,2950116,348,47471,18601,2997587,26898,19779.71,16866017,0
"2022-02-18",4480,7108596,4776,6188555,190,580725,21524,2971640,443,47914,21967,3019554,31413,20760.57,16897430,0
"2022-02-19",3258,7111854,2177,6190732,65,580790,11167,2982807,210,48124,11377,3030931,16877,20786.29,16914307,0
"2022-02-20",1863,7113717,1444,6192176,59,580849,6575,2989382,110,48234,6685,3037616,10051,21067.29,16924358,0
"2022-02-21",3092,7116809,2687,6194863,95,580944,8348,2997730,219,48453,8567,3046183,14441,20609.43,16938799,0
"2022-02-22",4394,7121203,4245,6199108,175,581119,10815,3008545,244,48697,11059,3057242,19873,20470.86,16958672,0
"2022-02-23",4276,7125479,3787,6202895,145,581264,10648,3019193,232,48929,10880,3068122,19088,19805.86,16977760,0
"2022-02-24",3789,7129268,3651,6206546,108,581372,10173,3029366,226,49155,10399,3078521,17947,18527.14,16995707,0
"2022-02-25",3622,7132890,3620,6210166,134,581506,9972,3039338,225,49380,10197,3088718,17573,16550,17013280,0
"2022-02-26",2845,7135735,2578,6212744,74,581580,9503,3048841,149,49529,9652,3098370,15149,16303.14,17028429,0
"2022-02-27",1776,7137511,1372,6214116,52,581632,6265,3055106,96,49625,6361,3104731,9561,16233.14,17037990,0
"2022-02-28",3818,7141329,3129,6217245,140,581772,13108,3068214,243,49868,13351,3118082,20438,17089.86,17058428,0
"2022-03-01",2135,7143464,2613,6219858,103,581875,5159,3073373,181,50049,5340,3123422,10191,15706.71,17068619,0
"2022-03-02",1835,7145299,2434,6222292,106,581981,4116,3077489,204,50253,4320,3127742,8695,14222,17077314,0
"2022-03-03",1936,7147235,2557,6224849,107,582088,3792,3081281,167,50420,3959,3131701,8559,12880.86,17085873,0
"2022-03-04",2121,7149356,2870,6227719,66,582154,4321,3085602,205,50625,4526,3136227,9583,11739.43,17095456,0
"2022-03-05",1611,7150967,2124,6229843,43,582197,3310,3088912,109,50734,3419,3139646,7197,10603.43,17102653,0
"2022-03-06",801,7151768,878,6230721,30,582227,1621,3090533,54,50788,1675,3141321,3384,9721,17106037,0
"2022-03-07",1665,7153433,1784,6232505,86,582313,3491,3094024,159,50947,3650,3144971,7185,7827.71,17113222,0
"2022-03-08",1549,7154982,1892,6234397,80,582393,3120,3097144,146,51093,3266,3148237,6787,7341.43,17120009,0
"2022-03-09",1268,7156250,1665,6236062,79,582472,2575,3099719,129,51222,2704,3150941,5716,6915.86,17125725,0
"2022-03-10",1422,7157672,2097,6238159,85,582557,2948,3102667,157,51379,3105,3154046,6709,6651.57,17132434,0
"2022-03-11",1607,7159279,2267,6240426,81,582638,3207,3105874,184,51563,3391,3157437,7346,6332,17139780,0
"2022-03-12",878,7160157,1411,6241837,40,582678,1999,3107873,70,51633,2069,3159506,4398,5932.14,17144178,0
"2022-03-13",626,7160783,757,6242594,27,582705,1291,3109164,47,51680,1338,3160844,2748,5841.29,17146926,0
"2022-03-14",1376,7162159,1600,6244194,83,582788,2985,3112149,205,51885,3190,3164034,6249,5707.57,17153175,0
"2022-03-15",1361,7163520,1922,6246116,63,582851,3069,3115218,225,52110,3294,3167328,6640,5686.57,17159815,0
"2022-03-16",1398,7164918,2064,6248180,94,582945,3126,3118344,292,52402,3418,3170746,6974,5866.29,17166789,0
"2022-03-17",1183,7166101,1808,6249988,70,583015,2753,3121097,262,52664,3015,3173761,6076,5775.86,17172865,0
"2022-03-18",1586,7167687,2192,6252180,80,583095,3756,3124853,413,53077,4169,3177930,8027,5873.14,17180892,0
"2022-03-19",1113,7168800,1729,6253909,54,583149,2586,3127439,222,53299,2808,3180738,5704,6059.71,17186596,0
"2022-03-20",613,7169413,627,6254536,33,583182,1460,3128899,183,53482,1643,3182381,2916,6083.71,17189512,0
"2022-03-21",1421,7170834,1552,6256088,73,583255,3045,3131944,349,53831,3394,3185775,6440,6111,17195952,0
"2022-03-22",1345,7172179,1547,6257635,101,583356,2892,3134836,337,54168,3229,3189004,6222,6051.29,17202174,0
"2022-03-23",1263,7173442,1353,6258988,66,583422,2906,3137742,370,54538,3276,3192280,5958,5906.14,17208132,0
"2022-03-24",1211,7174653,1297,6260285,89,583511,2511,3140253,262,54800,2773,3195053,5370,5805.29,17213502,0
"2022-03-25",1389,7176042,1626,6261911,62,583573,3255,3143508,372,55172,3627,3198680,6704,5616.29,17220206,0
"2022-03-26",930,7176972,1160,6263071,36,583609,2290,3145798,249,55421,2539,3201219,4665,5467.86,17224871,0
"2022-03-27",573,7177545,527,6263598,29,583638,1312,3147110,201,55622,1513,3202732,2642,5428.71,17227513,0
"2022-03-28",1086,7178631,1158,6264756,68,583706,2436,3149546,354,55976,2790,3205522,5102,5237.57,17232615,0
"2022-03-29",1051,7179682,1105,6265861,85,583791,2505,3152051,870,56846,3375,3208897,5616,5151,17238231,0
"2022-03-30",1247,7180929,1140,6267001,98,583889,3049,3155100,3362,60208,6411,3215308,8896,5570.71,17247127,0
"2022-03-31",1287,7182216,1256,6268257,57,583946,3154,3158254,5437,65645,8591,3223899,11191,6402.29,17258318,0
"2022-04-01",1437,7183653,1494,6269751,76,584022,3242,3161496,6825,72470,10067,3233966,13074,7312.29,17271392,0
"2022-04-02",915,7184568,913,6270664,33,584055,2090,3163586,4470,76940,6560,3240526,8421,7848.86,17279813,0
"2022-04-03",559,7185127,500,6271164,28,584083,1224,3164810,3031,79971,4255,3244781,5342,8234.57,17285155,0
"2022-04-04",1355,7186482,1309,6272473,60,584143,2723,3167533,7603,87574,10326,3255107,13050,9370,17298205,0
"2022-04-05",1303,7187785,1160,6273633,66,584209,2851,3170384,7378,94952,10229,3265336,12758,10390.29,17310963,0
"2022-04-06",1320,7189105,1183,6274816,58,584267,2611,3172995,6869,101821,9480,3274816,12041,10839.57,17323004,0
"2022-04-07",1213,7190318,1061,6275877,54,584321,2368,3175363,6530,108351,8898,3283714,11226,10844.57,17334230,0
"2022-04-08",1501,7191819,1403,6277280,62,584383,3153,3178516,8646,116997,11799,3295513,14765,11086.14,17348995,0
"2022-04-09",936,7192755,917,6278197,28,584411,2057,3180573,4876,121873,6933,3302446,8814,11142.29,17357809,0
"2022-04-10",591,7193346,461,6278658,25,584436,1168,3181741,2861,124734,4029,3306475,5106,11108.57,17362915,0
"2022-04-11",1338,7194684,1228,6279886,59,584495,2649,3184390,7661,132395,10310,3316785,12935,11092.14,17375850,0
"2022-04-12",1215,7195899,1053,6280939,73,584568,2520,3186910,7315,139710,9835,3326620,12176,11009,17388026,0
"2022-04-13",1264,7197163,1064,6282003,59,584627,2492,3189402,7418,147128,9910,3336530,12297,11045.57,17400323,0
"2022-04-14",1280,7198443,1095,6283098,59,584686,2422,3191824,6502,153630,8924,3345454,11358,11064.43,17411681,0
"2022-04-15",1347,7199790,1092,6284190,53,584739,2551,3194375,6520,160150,9071,3354525,11563,10607,17423244,0
"2022-04-16",873,7200663,652,6284842,32,584771,1634,3196009,3620,163770,5254,3359779,6811,10320.86,17430055,0
"2022-04-17",348,7201011,203,6285045,27,584798,638,3196647,1139,164909,1777,3361556,2355,9927.86,17432410,0
"2022-04-18",1389,7202400,1111,6286156,82,584880,2576,3199223,6321,171230,8897,3370453,11479,9719.86,17443889,0
"2022-04-19",1415,7203815,934,6287090,72,584952,2563,3201786,5663,176893,8226,3378679,10647,9501.43,17454536,0
"2022-04-20",1315,7205130,1140,6288230,65,585017,2672,3204458,6540,183433,9212,3387891,11732,9420.71,17466268,0
"2022-04-21",1222,7206352,1060,6289290,53,585070,2315,3206773,5252,188685,7567,3395458,9902,9212.71,17476170,0
"2022-04-22",1217,7207569,1023,6290313,46,585116,2194,3208967,5533,194218,7727,3403185,10013,8991.29,17486183,0
"2022-04-23",719,7208288,747,6291060,59,585175,1424,3210391,3290,197508,4714,3407899,6239,8909.57,17492422,0
"2022-04-24",443,7208731,338,6291398,27,585202,810,3211201,1797,199305,2607,3410506,3415,9061,17495837,0
"2022-04-25",1029,7209760,909,6292307,64,585266,1847,3213048,5003,204308,6850,3417356,8852,8685.71,17504689,0
"2022-04-26",946,7210706,855,6293162,76,585342,1745,3214793,4605,208913,6350,3423706,8227,8340,17512916,0
"2022-04-27",1040,7211746,998,6294160,78,585420,1922,3216715,5097,214010,7019,3430725,9135,7969,17522051,0
"2022-04-28",1085,7212831,985,6295145,49,585469,1997,3218712,4687,218697,6684,3437409,8803,7812,17530854,0
"2022-04-29",1191,7214022,1099,6296244,61,585530,2149,3220861,5276,223973,7425,3444834,9776,7778.14,17540630,0
"2022-04-30",727,7214749,744,6296988,43,585573,1394,3222255,2933,226906,4327,3449161,5841,7721.29,17546471,0
"2022-05-01",451,7215200,370,6297358,21,585594,762,3223017,1636,228542,2398,3451559,3240,7696.29,17549711,0
"2022-05-02",1053,7216253,792,6298150,52,585646,1669,3224686,3737,232279,5406,3456965,7303,7475,17557014,0
"2022-05-03",1121,7217374,855,6299005,60,585706,1975,3226661,4777,237056,6752,3463717,8788,7555.14,17565802,0
"2022-05-04",1018,7218392,883,6299888,48,585754,1900,3228561,4543,241599,6443,3470160,8392,7449,17574194,0
"2022-05-05",1049,7219441,952,6300840,86,585840,1926,3230487,4814,246413,6740,3476900,8827,7452.43,17583021,0
"2022-05-06",1090,7220531,951,6301791,50,585890,1863,3232350,4313,250726,6176,3483076,8267,7236.86,17591288,0
"2022-05-07",660,7221191,589,6302380,30,585920,1200,3233550,2399,253125,3599,3486675,4878,7099.29,17596166,0
"2022-05-08",415,7221606,249,6302629,17,585937,668,3234218,1362,254487,2030,3488705,2711,7023.71,17598877,0
"2022-05-09",1079,7222685,938,6303567,62,585999,1876,3236094,4350,258837,6226,3494931,8305,7166.86,17607182,0
"2022-05-10",1095,7223780,930,6304497,54,586053,1985,3238079,4633,263470,6618,3501549,8697,7153.86,17615879,0
"2022-05-11",1092,7224872,975,6305472,44,586097,1922,3240001,4746,268216,6668,3508217,8779,7209.14,17624658,0
"2022-05-12",1096,7225968,945,6306417,58,586155,1996,3241997,4568,272784,6564,3514781,8663,7185.71,17633321,0
"2022-05-13",1161,7227129,1036,6307453,43,586198,2052,3244049,4718,277502,6770,3521551,9010,7291.86,17642331,0
"2022-05-14",824,7227953,668,6308121,31,586229,1465,3245514,2877,280379,4342,3525893,5865,7432.86,17648196,0
"2022-05-15",512,7228465,355,6308476,21,586250,915,3246429,1666,282045,2581,3528474,3469,7541.14,17651665,0
"2022-05-16",1227,7229692,853,6309329,59,586309,1815,3248244,3765,285810,5580,3534054,7719,7457.43,17659384,0
"2022-05-17",1300,7230992,920,6310249,79,586388,2034,3250278,4784,290594,6818,3540872,9117,7517.43,17668501,0
"2022-05-18",1244,7232236,904,6311153,82,586470,2061,3252339,4836,295430,6897,3547769,9127,7567.14,17677628,0
"2022-05-19",1171,7233407,871,6312024,35,586505,2098,3254437,4645,300075,6743,3554512,8820,7589.57,17686448,0
"2022-05-20",1190,7234597,947,6312971,73,586578,2354,3256791,5083,305158,7437,3561949,9647,7680.57,17696095,0
"2022-05-21",835,7235432,646,6313617,23,586601,1702,3258493,3228,308386,4930,3566879,6434,7761.86,17702529,0
"2022-05-22",511,7235943,287,6313904,21,586622,1131,3259624,1816,310202,2947,3569826,3766,7804.29,17706295,0
"2022-05-23",1224,7237167,887,6314791,45,586667,2157,3261781,4605,314807,6762,3576588,8918,7975.57,17715213,0
"2022-05-24",1427,7238594,925,6315716,64,586731,2216,3263997,4371,319178,6587,3583175,9003,7959.29,17724216,0
"2022-05-25",1428,7240022,954,6316670,56,586787,2235,3266232,4146,323324,6381,3589556,8819,7915.29,17733035,0
"2022-05-26",1174,7241196,857,6317527,59,586846,2249,3268481,4042,327366,6291,3595847,8381,7852.57,17741416,0
"2022-05-27",1239,7242435,945,6318472,36,586882,2468,3270949,3782,331148,6250,3602097,8470,7684.43,17749886,0
"2022-05-28",710,7243145,510,6318982,19,586901,1751,3272700,2018,333166,3769,3605866,5008,7480.71,17754894,0
"2022-05-29",475,7243620,215,6319197,11,586912,761,3273461,1109,334275,1870,3607736,2571,7310,17757465,0
"2022-05-30",86,7243706,54,6319251,6,586918,137,3273598,142,334417,279,3608015,425,6096.71,17757890,0
"2022-05-31",1119,7244825,896,6320147,50,586968,1852,3275450,2940,337357,4792,3612807,6857,5790.14,17764747,0
"2022-06-01",1126,7245951,837,6320984,61,587029,1946,3277396,3340,340697,5286,3618093,7310,5574.57,17772057,0
"2022-06-02",1018,7246969,794,6321778,71,587100,1785,3279181,3095,343792,4880,3622973,6763,5343.43,17778820,0
"2022-06-03",1165,7248134,882,6322660,48,587148,2035,3281216,3440,347232,5475,3628448,7570,5214.86,17786390,0
"2022-06-04",723,7248857,574,6323234,23,587171,1546,3282762,1877,349109,3423,3631871,4743,5177,17791133,0
"2022-06-05",447,7249304,295,6323529,1,587172,872,3283634,963,350072,1835,3633706,2578,5178,17793711,0
"2022-06-06",1117,7250421,814,6324343,62,587234,1732,3285366,2653,352725,4385,3638091,6378,6028.43,17800089,0
"2022-06-07",1003,7251424,750,6325093,68,587302,1738,3287104,2494,355219,4232,3642323,6053,5913.57,17806142,0
"2022-06-08",1075,7252499,806,6325899,72,587374,1840,3288944,2636,357855,4476,3646799,6429,5787.71,17812571,0
"2022-06-09",1119,7253618,812,6326711,62,587436,2165,3291109,2603,360458,4768,3651567,6761,5787.43,17819332,120000
"2022-06-10",1037,7254655,802,6327513,65,587501,1840,3292949,2696,363154,4536,3656103,6440,5626,17825772,120000
"2022-06-11",674,7255329,502,6328015,20,587521,1300,3294249,1465,364619,2765,3658868,3961,5514.29,17829733,120000
"2022-06-12",350,7255679,280,6328295,19,587540,858,3295107,760,365379,1618,3660486,2267,5469.86,17832000,120000
"2022-06-13",1010,7256689,733,6329028,53,587593,1509,3296616,2085,367464,3594,3664080,5390,5328.71,17837390,120000
"2022-06-14",913,7257602,755,6329783,45,587638,1561,3298177,2346,369810,3907,3667987,5620,5266.86,17843010,120000
"2022-06-15",284,7257886,287,6330070,9,587647,535,3298712,917,370727,1452,3669439,2032,4638.71,17845042,120000
