"DATE","ADMIN_DOSE1_DAILY","ADMIN_DOSE1_CUMULATIVE","ADMIN_DOSE2_DAILY","ADMIN_DOSE2_CUMULATIVE","ADMIN_SINGLE_DAILY","ADMIN_SINGLE_CUMULATIVE","ADMIN_ADDITIONAL_DAILY","ADMIN_ADDITIONAL_CUMULATIVE","ADMIN_ALLDOSES_DAILY","ADMIN_ALLDOSES_7DAYAVG","ADMIN_ALLDOSES_CUMULATIVE","INCOMPLETE"
"2020-12-14",79,79,0,0,0,0,0,0,79,,79,0
"2020-12-15",2052,2131,6,6,4,4,0,0,2062,,2141,0
"2020-12-16",4603,6734,13,19,1,5,1,1,4618,,6759,0
"2020-12-17",4655,11389,17,36,0,5,1,2,4673,,11432,0
"2020-12-18",5833,17222,20,56,2,7,2,4,5857,,17289,0
"2020-12-19",1689,18911,7,63,3,10,0,4,1699,,18988,0
"2020-12-20",1116,20027,2,65,1,11,0,4,1119,2872.43,20107,0
"2020-12-21",6338,26365,18,83,0,11,6,10,6362,3770,26469,0
"2020-12-22",9796,36161,27,110,2,13,1,11,9826,4879.14,36295,0
"2020-12-23",14274,50435,35,145,3,16,1,12,14313,6264.14,50608,0
"2020-12-24",7201,57636,24,169,1,17,0,12,7226,6628.86,57834,0
"2020-12-25",180,57816,0,169,0,17,1,13,181,5818,58015,0
"2020-12-26",4389,62205,42,211,0,17,1,14,4432,6208.43,62447,0
"2020-12-27",3868,66073,14,225,0,17,1,15,3883,6603.29,66330,0
"2020-12-28",10995,77068,50,275,1,18,2,17,11048,7272.71,77378,0
"2020-12-29",10719,87787,34,309,2,20,2,19,10757,7405.71,88135,0
"2020-12-30",12824,100611,45,354,0,20,0,19,12869,7199.43,101004,0
"2020-12-31",7263,107874,30,384,1,21,0,19,7294,7209.14,108298,0
"2021-01-01",181,108055,2,386,1,22,3,22,187,7210,108485,0
"2021-01-02",3810,111865,10,396,2,24,2,24,3824,7123.14,112309,0
"2021-01-03",3543,115408,23,419,2,26,1,25,3569,7078.29,115878,0
"2021-01-04",12258,127666,805,1224,2,28,6,31,13071,7367.29,128949,0
"2021-01-05",14085,141751,2191,3415,2,30,11,42,16289,8157.57,145238,0
"2021-01-06",17807,159558,3924,7339,1,31,30,72,21762,9428,167000,0
"2021-01-07",16547,176105,5172,12511,4,35,45,117,21768,11495.71,188768,0
"2021-01-08",16618,192723,5456,17967,0,35,32,149,22106,14627,210874,0
"2021-01-09",7649,200372,1462,19429,1,36,8,157,9120,15383.57,219994,0
"2021-01-10",7883,208255,981,20410,0,36,10,167,8874,16141.43,228868,0
"2021-01-11",25825,234080,7457,27867,2,38,48,215,33332,19035.86,262200,0
"2021-01-12",28264,262344,7859,35726,1,39,43,258,36167,21875.57,298367,0
"2021-01-13",31729,294073,9384,45110,1,40,51,309,41165,24647.43,339532,0
"2021-01-14",35807,329880,5327,50437,1,41,28,337,41163,27418.14,380695,0
"2021-01-15",29266,359146,3707,54144,2,43,32,369,33007,28975.43,413702,0
"2021-01-16",30292,389438,2380,56524,0,43,25,394,32697,32343.57,446399,0
"2021-01-17",23753,413191,1623,58147,0,43,18,412,25394,34703.57,471793,0
"2021-01-18",27108,440299,2413,60560,0,43,35,447,29556,34164.14,501349,0
"2021-01-19",34299,474598,9624,70184,1,44,71,518,43995,35282.43,545344,0
"2021-01-20",34868,509466,9494,79678,1,45,59,577,44422,35747.71,589766,0
"2021-01-21",25591,535057,8092,87770,2,47,48,625,33733,34686.29,623499,0
"2021-01-22",24755,559812,4382,92152,1,48,33,658,29171,34138.29,652670,0
"2021-01-23",15742,575554,3223,95375,0,48,10,668,18975,32178,671645,0
"2021-01-24",7177,582731,3451,98826,0,48,19,687,10647,30071.29,682292,0
"2021-01-25",13415,596146,11820,110646,0,48,63,750,25298,29463,707590,0
"2021-01-26",16765,612911,10752,121398,0,48,67,817,27584,27118.57,735174,0
"2021-01-27",20835,633746,12356,133754,0,48,50,867,33241,25521.29,768415,0
"2021-01-28",30763,664509,12848,146602,0,48,79,946,43690,26943.71,812105,0
"2021-01-29",31691,696200,11498,158100,0,48,79,1025,43268,28957.57,855373,0
"2021-01-30",18716,714916,3738,161838,0,48,20,1045,22474,29457.43,877847,0
"2021-01-31",13024,727940,2916,164754,1,49,28,1073,15969,30217.71,893816,0
"2021-02-01",1180,729120,5369,170123,4,53,35,1108,6588,27544.86,900404,0
"2021-02-02",2828,731948,9471,179594,2,55,49,1157,12350,25368.57,912754,0
"2021-02-03",16347,748295,21238,200832,4,59,202,1359,37791,26018.57,950545,0
"2021-02-04",27047,775342,19650,220482,3,62,198,1557,46898,26476.86,997443,0
"2021-02-05",27602,802944,20030,240512,0,62,184,1741,47816,27126.57,1045259,0
"2021-02-06",22994,825938,11245,251757,0,62,110,1851,34349,28823,1079608,0
"2021-02-07",12045,837983,8282,260039,1,63,89,1940,20417,29458.43,1100025,0
"2021-02-08",16966,854949,23514,283553,2,65,230,2170,40712,34333.29,1140737,0
"2021-02-09",17197,872146,28108,311661,2,67,331,2501,45638,39088.71,1186375,0
"2021-02-10",19597,891743,29306,340967,2,69,257,2758,49162,40713.14,1235537,0
"2021-02-11",27848,919591,33467,374434,2,71,345,3103,61662,42822.29,1297199,0
"2021-02-12",38404,957995,30790,405224,3,74,356,3459,69553,45927.57,1366752,0
"2021-02-13",28003,985998,25309,430533,2,76,308,3767,53622,48680.86,1420374,0
"2021-02-14",16281,1002279,23731,454264,0,76,259,4026,40271,51517.14,1460645,0
"2021-02-15",12796,1015075,10530,464794,2,78,165,4191,23493,49057.29,1484138,0
"2021-02-16",14240,1029315,26731,491525,0,78,318,4509,41289,48436,1525427,0
"2021-02-17",16398,1045713,22185,513710,1,79,286,4795,38870,46965.71,1564297,0
"2021-02-18",12156,1057869,24986,538696,21,100,286,5081,37449,43506.71,1601746,0
"2021-02-19",13265,1071134,23933,562629,39,139,303,5384,37540,38933.43,1639286,0
"2021-02-20",11354,1082488,26070,588699,6,145,323,5707,37753,36666.43,1677039,0
"2021-02-21",6364,1088852,17424,606123,15,160,282,5989,24085,34354.14,1701124,0
"2021-02-22",13041,1101893,11846,617969,2,162,126,6115,25015,34571.57,1726139,0
"2021-02-23",25245,1127138,14148,632117,1,163,158,6273,39552,34323.43,1765691,0
"2021-02-24",36359,1163497,20376,652493,0,163,221,6494,56956,36907.14,1822647,0
"2021-02-25",54620,1218117,30374,682867,6,169,393,6887,85393,43756.29,1908040,0
"2021-02-26",62876,1280993,31859,714726,4,173,403,7290,95142,51985.14,2003182,0
"2021-02-27",51301,1332294,22740,737466,47,220,332,7622,74420,57223.29,2077602,0
"2021-02-28",44598,1376892,13811,751277,7,227,204,7826,58620,62156.86,2136222,0
"2021-03-01",39314,1416206,12770,764047,10,237,166,7992,52260,66049,2188482,0
"2021-03-02",47081,1463287,12568,776615,7,244,161,8153,59817,68944,2248299,0
"2021-03-03",48606,1511893,16149,792764,17,261,145,8298,64917,70081.29,2313216,0
"2021-03-04",59824,1571717,22813,815577,1092,1353,267,8565,83996,69881.71,2397212,0
"2021-03-05",60989,1632706,24271,839848,3109,4462,330,8895,88699,68961.29,2485911,0
"2021-03-06",47177,1679883,18880,858728,5450,9912,236,9131,71743,68578.86,2557654,0
"2021-03-07",36047,1715930,14865,873593,6246,16158,228,9359,57386,68402.57,2615040,0
"2021-03-08",39630,1755560,14663,888256,8564,24722,312,9671,63169,69961,2678209,0
"2021-03-09",39107,1794667,12831,901087,7767,32489,175,9846,59880,69970,2738089,0
"2021-03-10",51833,1846500,15320,916407,5068,37557,224,10070,72445,71045.43,2810534,0
"2021-03-11",59995,1906495,21796,938203,4618,42175,253,10323,86662,71426.29,2897196,0
"2021-03-12",52201,1958696,30301,968504,4183,46358,373,10696,87058,71191.86,2984254,0
"2021-03-13",40657,1999353,26678,995182,5108,51466,327,11023,72770,71338.57,3057024,0
"2021-03-14",30720,2030073,15957,1011139,4528,55994,237,11260,51442,70489.43,3108466,0
"2021-03-15",33592,2063665,17232,1028371,4716,60710,240,11500,55780,69433.86,3164246,0
"2021-03-16",38680,2102345,20485,1048856,4925,65635,260,11760,64350,70072.43,3228596,0
"2021-03-17",42625,2144970,24767,1073623,4247,69882,335,12095,71974,70005.14,3300570,0
"2021-03-18",50468,2195438,26776,1100399,5241,75123,367,12462,82852,69460.86,3383422,0
"2021-03-19",47805,2243243,29924,1130323,5624,80747,389,12851,83742,68987.14,3467164,0
"2021-03-20",38712,2281955,25823,1156146,4690,85437,291,13142,69516,68522.29,3536680,0
"2021-03-21",29302,2311257,19342,1175488,770,86207,220,13362,49634,68264,3586314,0
"2021-03-22",33867,2345124,26722,1202210,4037,90244,262,13624,64888,69565.14,3651202,0
"2021-03-23",38437,2383561,32825,1235035,4221,94465,285,13909,75768,71196.29,3726970,0
"2021-03-24",41508,2425069,37567,1272602,4849,99314,326,14235,84250,72950,3811220,0
"2021-03-25",43420,2468489,50752,1323354,5055,104369,464,14699,99691,75355.57,3910911,0
"2021-03-26",38508,2506997,55468,1378822,4310,108679,528,15227,98814,77508.71,4009725,0
"2021-03-27",35746,2542743,45719,1424541,2939,111618,408,15635,84812,79693.86,4094537,0
"2021-03-28",26399,2569142,34420,1458961,1481,113099,327,15962,62627,81550,4157164,0
"2021-03-29",34827,2603969,38827,1497788,3248,116347,344,16306,77246,83315.43,4234410,0
"2021-03-30",40516,2644485,41903,1539691,3714,120061,326,16632,86459,84842.71,4320869,0
"2021-03-31",49405,2693890,44839,1584530,7440,127501,395,17027,102079,87389.71,4422948,0
"2021-04-01",50787,2744677,53925,1638455,11275,138776,502,17529,116489,89789.43,4539437,0
"2021-04-02",43764,2788441,53858,1692313,11972,150748,549,18078,110143,91407.86,4649580,0
"2021-04-03",39262,2827703,39190,1731503,9861,160609,335,18413,88648,91955.86,4738228,0
"2021-04-04",26563,2854266,24754,1756257,3902,164511,220,18633,55439,90929,4793667,0
"2021-04-05",41886,2896152,34458,1790715,11195,175706,368,19001,87907,92452,4881574,0
"2021-04-06",53282,2949434,35585,1826300,13224,188930,425,19426,102516,94745.86,4984090,0
"2021-04-07",55516,3004950,40683,1866983,14389,203319,389,19815,110977,96017,5095067,0
"2021-04-08",59279,3064229,46560,1913543,16337,219656,510,20325,122686,96902.29,5217753,0
"2021-04-09",56651,3120880,44947,1958490,17548,237204,509,20834,119655,98261.14,5337408,0
"2021-04-10",49359,3170239,35637,1994127,12728,249932,385,21219,98109,99612.71,5435517,0
"2021-04-11",38188,3208427,28811,2022938,7685,257617,291,21510,74975,102403.57,5510492,0
"2021-04-12",46647,3255074,31844,2054782,13494,271111,459,21969,92444,103051.71,5602936,0
"2021-04-13",52553,3307627,33785,2088567,368,271479,389,22358,87095,100848.71,5690031,0
"2021-04-14",50152,3357779,39962,2128529,20,271499,362,22720,90496,97922.86,5780527,0
"2021-04-15",52130,3409909,43675,2172204,16,271515,452,23172,96273,94149.57,5876800,0
"2021-04-16",51194,3461103,42217,2214421,32,271547,412,23584,93855,90463.86,5970655,0
"2021-04-17",43846,3504949,35685,2250106,3,271550,363,23947,79897,87862.14,6050552,0
"2021-04-18",28609,3533558,29375,2279481,7,271557,248,24195,58239,85471.29,6108791,0
"2021-04-19",37480,3571038,36450,2315931,22,271579,315,24510,74267,82874.57,6183058,0
"2021-04-20",40812,3611850,39628,2355559,19,271598,308,24818,80767,81970.57,6263825,0
"2021-04-21",38914,3650764,46005,2401564,15,271613,488,25306,85422,81245.71,6349247,0
"2021-04-22",38509,3689273,48953,2450517,9,271622,332,25638,87803,80035.71,6437050,0
"2021-04-23",39709,3728982,44372,2494889,4,271626,347,25985,84432,78689.57,6521482,0
"2021-04-24",31960,3760942,41597,2536486,44,271670,277,26262,73878,77829.71,6595360,0
"2021-04-25",18424,3779366,31230,2567716,86,271756,190,26452,49930,76642.71,6645290,0
"2021-04-26",26977,3806343,40730,2608446,1013,272769,285,26737,69005,75891,6714295,0
"2021-04-27",28578,3834921,47141,2655587,1698,274467,345,27082,77762,75461.71,6792057,0
"2021-04-28",27058,3861979,56829,2712416,2148,276615,421,27503,86456,75609.43,6878513,0
"2021-04-29",28616,3890595,57198,2769614,2147,278762,360,27863,88321,75683.43,6966834,0
"2021-04-30",30128,3920723,51982,2821596,2056,280818,280,28143,84446,75685.43,7051280,0
"2021-05-01",22484,3943207,44551,2866147,1177,281995,221,28364,68433,74907.57,7119713,0
"2021-05-02",11929,3955136,36659,2902806,1080,283075,131,28495,49799,74888.86,7169512,0
"2021-05-03",18037,3973173,53017,2955823,2383,285458,250,28745,73687,75557.71,7243199,0
"2021-05-04",22745,3995918,56643,3012466,2330,287788,260,29005,81978,76160,7325177,0
"2021-05-05",21479,4017397,48795,3061261,2312,290100,311,29316,72897,74223,7398074,0
"2021-05-06",20686,4038083,50178,3111439,2508,292608,267,29583,73639,72125.57,7471713,0
"2021-05-07",21259,4059342,52101,3163540,2813,295421,302,29885,76475,70986.86,7548188,0
"2021-05-08",16637,4075979,41870,3205410,1835,297256,224,30109,60566,69863,7608754,0
"2021-05-09",7976,4083955,29412,3234822,1260,298516,149,30258,38797,68291.29,7647551,0
"2021-05-10",14398,4098353,38537,3273359,2356,300872,226,30484,55517,65695.57,7703068,0
"2021-05-11",19925,4118278,43050,3316409,2514,303386,278,30762,65767,63379.71,7768835,0
"2021-05-12",17818,4136096,40529,3356938,3596,306982,228,30990,62171,61847.43,7831006,0
"2021-05-13",24981,4161077,40428,3397366,3230,310212,257,31247,68896,61169.86,7899902,0
"2021-05-14",27030,4188107,42906,3440272,3537,313749,279,31526,73752,60780.86,7973654,0
"2021-05-15",23655,4211762,34914,3475186,3366,317115,246,31772,62181,61011.57,8035835,0
"2021-05-16",15538,4227300,19435,3494621,2497,319612,125,31897,37595,60839.86,8073430,0
"2021-05-17",22679,4249979,29138,3523759,3258,322870,174,32071,55249,60801.57,8128679,0
"2021-05-18",24643,4274622,31901,3555660,3404,326274,237,32308,60185,60004.14,8188864,0
"2021-05-19",24205,4298827,29704,3585364,3040,329314,223,32531,57172,59290,8246036,0
"2021-05-20",24163,4322990,30079,3615443,3161,332475,270,32801,57673,57686.71,8303709,0
"2021-05-21",24694,4347684,31996,3647439,3060,335535,249,33050,59999,55722,8363708,0
"2021-05-22",20028,4367712,24353,3671792,2525,338060,160,33210,47066,53562.71,8410774,0
"2021-05-23",11238,4378950,13731,3685523,1411,339471,94,33304,26474,51974,8437248,0
"2021-05-24",18882,4397832,23151,3708674,2757,342228,215,33519,45005,50510.57,8482253,0
"2021-05-25",19442,4417274,23371,3732045,2601,344829,176,33695,45590,48425.57,8527843,0
"2021-05-26",18789,4436063,21082,3753127,2696,347525,198,33893,42765,46367.43,8570608,0
"2021-05-27",18476,4454539,21267,3774394,2530,350055,190,34083,42463,44194.57,8613071,0
"2021-05-28",17869,4472408,22887,3797281,2752,352807,185,34268,43693,41865.14,8656764,0
"2021-05-29",12715,4485123,17804,3815085,1755,354562,104,34372,32378,39766.86,8689142,0
"2021-05-30",7033,4492156,8947,3824032,1074,355636,46,34418,17100,38427.71,8706242,0
"2021-05-31",4742,4496898,6925,3830957,1012,356648,64,34482,12743,33818.86,8718985,0
"2021-06-01",16040,4512938,25198,3856155,2175,358823,150,34632,43563,33529.29,8762548,0
"2021-06-02",15355,4528293,20389,3876544,2093,360916,137,34769,37974,32844.86,8800522,0
"2021-06-03",15011,4543304,23816,3900360,2280,363196,125,34894,41232,32669,8841754,0
"2021-06-04",14733,4558037,25982,3926342,2492,365688,142,35036,43349,32619.86,8885103,0
"2021-06-05",10995,4569032,22084,3948426,1806,367494,111,35147,34996,32993.86,8920099,0
"2021-06-06",6449,4575481,14465,3962891,1222,368716,84,35231,22220,33725.29,8942319,0
"2021-06-07",11714,4587195,21782,3984673,2380,371096,136,35367,36012,37049.43,8978331,0
"2021-06-08",12658,4599853,24014,4008687,2072,373168,115,35482,38859,36377.43,9017190,0
"2021-06-09",11151,4611004,23024,4031711,2297,375465,127,35609,36599,36181,9053789,0
"2021-06-10",12074,4623078,22229,4053940,2462,377927,138,35747,36903,35562.57,9090692,0
"2021-06-11",12709,4635787,25118,4079058,2483,380410,150,35897,40460,35149.86,9131152,0
"2021-06-12",10170,4645957,19305,4098363,1888,382298,92,35989,31455,34644,9162607,0
"2021-06-13",4260,4650217,10935,4109298,1219,383517,40,36029,16454,33820.29,9179061,0
"2021-06-14",10218,4660435,19237,4128535,2042,385559,127,36156,31624,33193.43,9210685,0
"2021-06-15",11893,4672328,21004,4149539,1943,387502,126,36282,34966,32637.29,9245651,0
"2021-06-16",11593,4683921,19407,4168946,1956,389458,137,36419,33093,32136.43,9278744,0
"2021-06-17",11024,4694945,18761,4187707,1971,391429,119,36538,31875,31418.14,9310619,0
"2021-06-18",12173,4707118,18494,4206201,2115,393544,113,36651,32895,30337.43,9343514,0
"2021-06-19",8504,4715622,13518,4219719,1459,395003,79,36730,23560,29209.57,9367074,0
"2021-06-20",4336,4719958,7159,4226878,924,395927,36,36766,12455,28638.29,9379529,0
"2021-06-21",10164,4730122,10006,4236884,1806,397733,68,36834,22044,27269.71,9401573,0
"2021-06-22",9838,4739960,15638,4252522,1589,399322,104,36938,27169,26155.86,9428742,0
"2021-06-23",10320,4750280,15180,4267702,1862,401184,101,37039,27463,25351.57,9456205,0
"2021-06-24",9693,4759973,14697,4282399,1799,402983,115,37154,26304,24555.71,9482509,0
"2021-06-25",10593,4770566,14384,4296783,1718,404701,109,37263,26804,23685.57,9509313,0
"2021-06-26",7807,4778373,10463,4307246,1246,405947,73,37336,19589,23118.29,9528902,0
"2021-06-27",5004,4783377,5999,4313245,796,406743,31,37367,11830,23029,9540732,0
"2021-06-28",9036,4792413,10344,4323589,1524,408267,104,37471,21008,22881,9561740,0
"2021-06-29",9751,4802164,12310,4335899,1347,409614,127,37598,23535,22361.86,9585275,0
"2021-06-30",9431,4811595,10926,4346825,1481,411095,146,37744,21984,21579.14,9607259,0
"2021-07-01",9399,4820994,10925,4357750,1431,412526,125,37869,21880,20947.14,9629139,0
"2021-07-02",9697,4830691,11436,4369186,1541,414067,121,37990,22795,20374.43,9651934,0
"2021-07-03",7061,4837752,8421,4377607,1193,415260,74,38064,16749,19968.71,9668683,0
"2021-07-04",1288,4839040,1336,4378943,567,415827,8,38072,3199,18735.71,9671882,0
"2021-07-05",6494,4845534,7105,4386048,1208,417035,64,38136,14871,17859,9686753,0
"2021-07-06",9514,4855048,12849,4398897,1317,418352,114,38250,23794,17896,9710547,0
"2021-07-07",8673,4863721,11105,4410002,1419,419771,121,38371,21318,17800.86,9731865,0
"2021-07-08",8211,4871932,10190,4420192,1260,421031,106,38477,19767,17499,9751632,0
"2021-07-09",8379,4880311,10829,4431021,1279,422310,87,38564,20574,17181.71,9772206,0
"2021-07-10",7110,4887421,8626,4439647,1132,423442,63,38627,16931,17207.71,9789137,0
"2021-07-11",4104,4891525,4539,4444186,703,424145,34,38661,9380,18090.71,9798517,0
"2021-07-12",8454,4899979,9554,4453740,1250,425395,79,38740,19337,18728.71,9817854,0
"2021-07-13",9468,4909447,9383,4463123,951,426346,104,38844,19906,18173.29,9837760,0
"2021-07-14",9004,4918451,9527,4472650,1009,427355,102,38946,19642,17933.86,9857402,0
"2021-07-15",8794,4927245,9150,4481800,1051,428406,82,39028,19077,17835.29,9876479,0
"2021-07-16",9243,4936488,9760,4491560,978,429384,101,39129,20082,17765,9896561,0
"2021-07-17",6845,4943333,7387,4498947,802,430186,77,39206,15111,17505,9911672,0
"2021-07-18",4260,4947593,4284,4503231,569,430755,33,39239,9146,17471.57,9920818,0
"2021-07-19",9127,4956720,8468,4511699,999,431754,87,39326,18681,17377.86,9939499,0
"2021-07-20",10653,4967373,8757,4520456,991,432745,92,39418,20493,17461.71,9959992,0
"2021-07-21",10053,4977426,8764,4529220,903,433648,144,39562,19864,17493.43,9979856,0
"2021-07-22",10687,4988113,8582,4537802,1044,434692,142,39704,20455,17690.29,10000311,0
"2021-07-23",11257,4999370,8877,4546679,1114,435806,136,39840,21384,17876.29,10021695,0
"2021-07-24",7406,5006776,6733,4553412,670,436476,81,39921,14890,17844.71,10036585,0
"2021-07-25",5480,5012256,2123,4555535,509,436985,59,39980,8171,17705.43,10044756,0
"2021-07-26",10878,5023134,6997,4562532,859,437844,111,40091,18845,17728.86,10063601,0
"2021-07-27",12060,5035194,8563,4571095,857,438701,132,40223,21612,17888.71,10085213,0
"2021-07-28",11999,5047193,8044,4579139,950,439651,129,40352,21122,18068.43,10106335,0
"2021-07-29",10939,5058132,7425,4586564,983,440634,132,40484,19479,17929,10125814,0
"2021-07-30",14957,5073089,8008,4594572,1150,441784,179,40663,24294,18344.71,10150108,0
"2021-07-31",9731,5082820,6312,4600884,816,442600,117,40780,16976,18642.71,10167084,0
"2021-08-01",6504,5089324,3309,4604193,564,443164,79,40859,10456,18969.14,10177540,0
"2021-08-02",13452,5102776,7154,4611347,847,444011,145,41004,21598,19362.43,10199138,0
"2021-08-03",15418,5118194,8382,4619729,1109,445120,142,41146,25051,19853.71,10224189,0
"2021-08-04",17263,5135457,8120,4627849,1454,446574,180,41326,27017,20695.86,10251206,0
"2021-08-05",17868,5153325,7922,4635771,1366,447940,163,41489,27319,21815.86,10278525,0
"2021-08-06",18184,5171509,8411,4644182,1233,449173,161,41650,27989,22343.71,10306514,0
"2021-08-07",13389,5184898,6016,4650198,799,449972,97,41747,20301,22818.71,10326815,0
"2021-08-08",9311,5194209,3836,4654034,399,450371,81,41828,13627,23271.71,10340442,0
"2021-08-09",21342,5215551,8526,4662560,963,451334,169,41997,31000,24614.86,10371442,0
"2021-08-10",18925,5234476,9329,4671889,950,452284,171,42168,29375,25232.57,10400817,0
"2021-08-11",15652,5250128,8305,4680194,853,453137,128,42296,24938,24935.57,10425755,0
"2021-08-12",15053,5265181,8976,4689170,939,454076,167,42463,25135,24623.57,10450890,0
"2021-08-13",14927,5280108,9290,4698460,921,454997,237,42700,25375,24250.14,10476265,0
"2021-08-14",10415,5290523,6401,4704861,626,455623,527,43227,17969,23917,10494234,0
"2021-08-15",6698,5297221,4475,4709336,676,456299,566,43793,12415,23743.86,10506649,0
"2021-08-16",15728,5312949,9290,4718626,1149,457448,1318,45111,27485,23241.71,10534134,0
"2021-08-17",17780,5330729,10438,4729064,1223,458671,1759,46870,31200,23502.43,10565334,0
"2021-08-18",17512,5348241,10359,4739423,1261,459932,1979,48849,31111,24384.29,10596445,0
"2021-08-19",16307,5364548,9517,4748940,1315,461247,1947,50796,29086,24948.71,10625531,0
"2021-08-20",16290,5380838,11537,4760477,1254,462501,1845,52641,30926,25741.71,10656457,0
"2021-08-21",11157,5391995,8038,4768515,877,463378,1050,53691,21122,26192.14,10677579,0
"2021-08-22",4085,5396080,3898,4772413,262,463640,514,54205,8759,25669.86,10686338,0
"2021-08-23",15586,5411666,11794,4784207,1023,464663,1540,55745,29943,26021,10716281,0
"2021-08-24",16921,5428587,12592,4796799,1006,465669,1771,57516,32290,26176.71,10748571,0
"2021-08-25",14590,5443177,12437,4809236,1110,466779,1564,59080,29701,25975.29,10778272,0
"2021-08-26",16171,5459348,14084,4823320,1072,467851,1764,60844,33091,26547.43,10811363,0
"2021-08-27",14892,5474240,14821,4838141,972,468823,1658,62502,32343,26749.86,10843706,0
"2021-08-28",10690,5484930,11516,4849657,836,469659,1009,63511,24051,27168.29,10867757,0
"2021-08-29",7221,5492151,7494,4857151,541,470200,776,64287,16032,28207.29,10883789,0
"2021-08-30",15532,5507683,16923,4874074,1077,471277,1788,66075,35320,28975.43,10919109,0
"2021-08-31",15529,5523212,15947,4890021,952,472229,1962,68037,34390,29275.43,10953499,0
"2021-09-01",14840,5538052,14094,4904115,1021,473250,1798,69835,31753,29568.57,10985252,0
"2021-09-02",14349,5552401,12516,4916631,896,474146,1692,71527,29453,29048.86,11014705,0
"2021-09-03",15018,5567419,14298,4930929,974,475120,1890,73417,32180,29025.57,11046885,0
"2021-09-04",9650,5577069,9406,4940335,688,475808,962,74379,20706,28547.71,11067591,0
"2021-09-05",6805,5583874,5513,4945848,438,476246,706,75085,13462,28180.57,11081053,0
"2021-09-06",5201,5589075,4508,4950356,358,476604,270,75355,10337,24611.57,11091390,0
"2021-09-07",15579,5604654,17689,4968045,912,477516,1540,76895,35720,24801.57,11127110,0
"2021-09-08",16177,5620831,14819,4982864,1073,478589,1755,78650,33824,25097.43,11160934,0
"2021-09-09",16124,5636955,14744,4997608,1047,479636,1900,80550,33815,25720.57,11194749,0
"2021-09-10",18376,5655331,15389,5012997,1208,480844,1965,82515,36938,26400.29,11231687,0
"2021-09-11",12642,5667973,10344,5023341,958,481802,1018,83533,24962,27008.29,11256649,0
"2021-09-12",8537,5676510,5049,5028390,766,482568,688,84221,15040,27233.71,11271689,0
"2021-09-13",16941,5693451,12947,5041337,975,483543,1640,85861,32503,30400.29,11304192,0
"2021-09-14",16278,5709729,13674,5055011,886,484429,1588,87449,32426,29929.71,11336618,0
"2021-09-15",15550,5725279,12869,5067880,728,485157,1561,89010,30708,29484.57,11367326,0
"2021-09-16",15350,5740629,13902,5081782,1211,486368,1446,90456,31909,29212.29,11399235,0
"2021-09-17",14440,5755069,13962,5095744,922,487290,1820,92276,31144,28384.57,11430379,0
"2021-09-18",10008,5765077,10172,5105916,913,488203,1045,93321,22138,27981.14,11452517,0
"2021-09-19",6180,5771257,6070,5111986,558,488761,743,94064,13551,27768.43,11466068,0
"2021-09-20",12684,5783941,12631,5124617,1069,489830,1911,95975,28295,27167.29,11494363,0
"2021-09-21",12243,5796184,12769,5137386,1110,490940,2013,97988,28135,26554.29,11522498,0
"2021-09-22",12831,5809015,11996,5149382,1090,492030,1675,99663,27592,26109.14,11550090,0
"2021-09-23",14954,5823969,12756,5162138,1639,493669,2247,101910,31596,26064.43,11581686,0
"2021-09-24",16461,5840430,13365,5175503,1632,495301,4606,106516,36064,26767.29,11617750,0
"2021-09-25",10552,5850982,9024,5184527,1018,496319,3441,109957,24035,27038.29,11641785,0
"2021-09-26",6310,5857292,5761,5190288,773,497092,2413,112370,15257,27282,11657042,0
"2021-09-27",14179,5871471,8051,5198339,1155,498247,8997,121367,32382,27865.86,11689424,0
"2021-09-28",11163,5882634,11766,5210105,901,499148,9851,131218,33681,28658.14,11723105,0
"2021-09-29",11619,5894253,12190,5222295,1206,500354,9397,140615,34412,29632.43,11757517,0
"2021-09-30",12258,5906511,12596,5234891,1339,501693,9685,150300,35878,30244.14,11793395,0
"2021-10-01",12665,5919176,13425,5248316,1284,502977,10221,160521,37595,30462.86,11830990,0
"2021-10-02",7739,5926915,9973,5258289,865,503842,4209,164730,22786,30284.43,11853776,0
"2021-10-03",5081,5931996,6153,5264442,593,504435,2602,167332,14429,30166.14,11868205,0
"2021-10-04",9923,5941919,11025,5275467,913,505348,9475,176807,31336,30016.71,11899541,0
"2021-10-05",10186,5952105,11731,5287198,972,506320,9898,186705,32787,29889,11932328,0
"2021-10-06",9933,5962038,11053,5298251,937,507257,9890,196595,31813,29517.71,11964141,0
"2021-10-07",9681,5971719,12185,5310436,852,508109,10161,206756,32879,29089.29,11997020,0
"2021-10-08",9478,5981197,12172,5322608,943,509052,10859,217615,33452,28497.43,12030472,0
"2021-10-09",6274,5987471,8274,5330882,649,509701,4097,221712,19294,27998.57,12049766,0
"2021-10-10",3546,5991017,5023,5335905,458,510159,2418,224130,11445,27572.29,12061211,0
"2021-10-11",7641,5998658,9329,5345234,728,510887,8864,232994,26562,26890.29,12087773,0
"2021-10-12",8087,6006745,11002,5356236,891,511778,10463,243457,30443,26555.43,12118216,0
"2021-10-13",7178,6013923,10139,5366375,869,512647,8744,252201,26930,25857.86,12145146,0
"2021-10-14",7463,6021386,11111,5377486,836,513483,10059,262260,29469,25370.71,12174615,0
"2021-10-15",7746,6029132,11864,5389350,823,514306,10752,273012,31185,25046.86,12205800,0
"2021-10-16",4872,6034004,7465,5396815,666,514972,3812,276824,16815,24692.71,12222615,0
"2021-10-17",3062,6037066,4473,5401288,411,515383,2433,279257,10379,24540.43,12232994,0
"2021-10-18",7070,6044136,10659,5411947,796,516179,9407,288664,27932,24736.14,12260926,0
"2021-10-19",6595,6050731,8941,5420888,805,516984,9040,297704,25381,24013,12286307,0
"2021-10-20",6560,6057291,9378,5430266,975,517959,9926,307630,26839,24000,12313146,0
"2021-10-21",7052,6064343,9380,5439646,859,518818,10793,318423,28084,23802.14,12341230,0
"2021-10-22",8150,6072493,10345,5449991,1026,519844,16300,334723,35821,24464.43,12377051,0
"2021-10-23",5191,6077684,6459,5456450,690,520534,9094,343817,21434,25124.29,12398485,0
"2021-10-24",3282,6080966,3973,5460423,770,521304,6138,349955,14163,25664.86,12412648,0
"2021-10-25",8810,6089776,8743,5469166,1148,522452,19207,369162,37908,27090,12450556,0
"2021-10-26",8228,6098004,7726,5476892,1259,523711,17258,386420,34471,28388.57,12485027,0
"2021-10-27",10600,6108604,8395,5485287,1604,525315,20801,407221,41400,30468.71,12526427,0
"2021-10-28",11369,6119973,8037,5493324,1792,527107,20790,428011,41988,32455,12568415,0
"2021-10-29",11875,6131848,8243,5501567,1962,529069,22478,450489,44558,33703.14,12612973,0
"2021-10-30",4646,6136494,5056,5506623,934,530003,11140,461629,21776,33752,12634749,0
"2021-10-31",2672,6139166,2705,5509328,545,530548,6607,468236,12529,33518.57,12647278,0
"2021-11-01",7187,6146353,6952,5516280,1089,531637,20322,488558,35550,33181.71,12682828,0
"2021-11-02",6621,6152974,6590,5522870,1055,532692,20701,509259,34967,33252.57,12717795,0
"2021-11-03",6892,6159866,6682,5529552,1028,533720,20565,529824,35167,32362.14,12752962,0
"2021-11-04",9342,6169208,6276,5535828,997,534717,22303,552127,38918,31923.57,12791880,0
"2021-11-05",11103,6180311,6720,5542548,1052,535769,23713,575840,42588,31642.14,12834468,0
"2021-11-06",11146,6191457,4051,5546599,593,536362,12569,588409,28359,32582.57,12862827,0
"2021-11-07",7276,6198733,2281,5548880,577,536939,7090,595499,17224,33253.29,12880051,0
"2021-11-08",15092,6213825,5679,5554559,867,537806,19452,614951,41090,34044.71,12921141,0
"2021-11-09",16190,6230015,5382,5559941,661,538467,20475,635426,42708,35150.57,12963849,0
"2021-11-10",16987,6247002,5326,5565267,685,539152,22579,658005,45577,36637.71,13009426,0
"2021-11-11",12616,6259618,5196,5570463,761,539913,22024,680029,40597,36877.57,13050023,0
"2021-11-12",16930,6276548,5684,5576147,708,540621,23349,703378,46671,37460.86,13096694,0
"2021-11-13",9965,6286513,3665,5579812,465,541086,13299,716677,27394,37323,13124088,0
"2021-11-14",6034,6292547,2295,5582107,325,541411,7912,724589,16566,37229,13140654,0
"2021-11-15",13271,6305818,5969,5588076,690,542101,25055,749644,44985,37785.43,13185639,0
"2021-11-16",10018,6315836,5792,5593868,655,542756,30598,780242,47063,38407.57,13232702,0
"2021-11-17",10368,6326204,6675,5600543,681,543437,31341,811583,49065,38905.86,13281767,0
"2021-11-18",10783,6336987,6551,5607094,861,544298,32929,844512,51124,40409.71,13332891,0
"2021-11-19",12076,6349063,6556,5613650,716,545014,36183,880695,55531,41675.43,13388422,0
"2021-11-20",9382,6358445,3422,5617072,514,545528,22456,903151,35774,42872.57,13424196,0
"2021-11-21",4993,6363438,1892,5618964,288,545816,13165,916316,20338,43411.43,13444534,0
"2021-11-22",10503,6373941,5797,5624761,752,546568,35857,952173,52909,44543.43,13497443,0
"2021-11-23",9870,6383811,4779,5629540,637,547205,33442,985615,48728,44781.29,13546171,0
"2021-11-24",8763,6392574,4755,5634295,651,547856,25863,1011478,40032,43490.86,13586203,0
"2021-11-25",452,6393026,325,5634620,80,547936,999,1012477,1856,36452.57,13588059,0
"2021-11-26",8103,6401129,6991,5641611,528,548464,26538,1039015,42160,34542.43,13630219,0
"2021-11-27",6714,6407843,6832,5648443,373,548837,18789,1057804,32708,34104.43,13662927,0
"2021-11-28",4102,6411945,5783,5654226,282,549119,11846,1069650,22013,34343.71,13684940,0
"2021-11-29",9147,6421092,10992,5665218,688,549807,34941,1104591,55768,34752.14,13740708,0
"2021-11-30",10577,6431669,11433,5676651,513,550320,37704,1142295,60227,36394.86,13800935,0
"2021-12-01",11255,6442924,10983,5687634,723,551043,40257,1182552,63218,39707.14,13864153,0
"2021-12-02",11727,6454651,11025,5698659,626,551669,42059,1224611,65437,48790.14,13929590,0
"2021-12-03",13564,6468215,12881,5711540,676,552345,47845,1272456,74966,53476.71,14004556,0
"2021-12-04",9902,6478117,11282,5722822,567,552912,30607,1303063,52358,56283.86,14056914,0
"2021-12-05",5784,6483901,5702,5728524,269,553181,16627,1319690,28382,57193.71,14085296,0
"2021-12-06",12417,6496318,9950,5738474,602,553783,43158,1362848,66127,58673.57,14151423,0
"2021-12-07",12675,6508993,9255,5747729,625,554408,42966,1405814,65521,59429.86,14216944,0
"2021-12-08",13639,6522632,8758,5756487,555,554963,40689,1446503,63641,59490.29,14280585,0
"2021-12-09",13587,6536219,8765,5765252,558,555521,40730,1487233,63640,59233.57,14344225,0
"2021-12-10",14121,6550340,10136,5775388,671,556192,43571,1530804,68499,58309.71,14412724,0
"2021-12-11",10311,6560651,8116,5783504,405,556597,26666,1557470,45498,57329.71,14458222,0
"2021-12-12",6056,6566707,3855,5787359,288,556885,15135,1572605,25334,56894.29,14483556,0
"2021-12-13",12290,6578997,7422,5794781,656,557541,37822,1610427,58190,55760.43,14541746,0
"2021-12-14",12303,6591300,6962,5801743,731,558272,38077,1648504,58073,54696.43,14599819,0
"2021-12-15",12208,6603508,6238,5807981,755,559027,38027,1686531,57228,53780.29,14657047,0
"2021-12-16",13203,6616711,4274,5812255,742,559769,40935,1727466,59154,53139.43,14716201,0
"2021-12-17",16037,6632748,6936,5819191,620,560389,46663,1774129,70256,53390.43,14786457,0
"2021-12-18",13076,6645824,5713,5824904,432,560821,30544,1804673,49765,54000,14836222,0
"2021-12-19",7062,6652886,2993,5827897,326,561147,17970,1822643,28351,54431,14864573,0
"2021-12-20",16950,6669836,5871,5833768,747,561894,47335,1869978,70903,56247.14,14935476,0
"2021-12-21",18050,6687886,6566,5840334,806,562700,48806,1918784,74228,58555,15009704,0
"2021-12-22",18655,6706541,6563,5846897,938,563638,49534,1968318,75690,61192.43,15085394,0
"2021-12-23",19110,6725651,6479,5853376,930,564568,45747,2014065,72266,63065.57,15157660,0
"2021-12-24",9254,6734905,2949,5856325,598,565166,20580,2034645,33381,57797.71,15191041,0
"2021-12-25",344,6735249,64,5856389,31,565197,424,2035069,863,50811.71,15191904,0
"2021-12-26",7993,6743242,3928,5860317,341,565538,17251,2052320,29513,50977.71,15221417,0
"2021-12-27",21862,6765104,9202,5869519,933,566471,43354,2095674,75351,51613.14,15296768,0
"2021-12-28",20222,6785326,8326,5877845,698,567169,47491,2143165,76737,51971.57,15373505,0
"2021-12-29",18550,6803876,7661,5885506,607,567776,45475,2188640,72293,51486.29,15445798,0
"2021-12-30",16924,6820800,7416,5892922,582,568358,44761,2233401,69683,51117.29,15515481,0
"2021-12-31",5372,6826172,2807,5895729,193,568551,14742,2248143,23114,49650.57,15538595,0
"2022-01-01",237,6826409,146,5895875,11,568562,498,2248641,892,49654.71,15539487,0
"2022-01-02",6451,6832860,5013,5900888,153,568715,10967,2259608,22584,48664.86,15562071,0
"2022-01-03",14206,6847066,8481,5909369,515,569230,26823,2286431,50025,45046.86,15612096,0
"2022-01-04",13121,6860187,8068,5917437,412,569642,26959,2313390,48560,41021.57,15660656,0
"2022-01-05",11646,6871833,6970,5924407,385,570027,25709,2339099,44710,37081.14,15705366,0
"2022-01-06",11572,6883405,7367,5931774,485,570512,27417,2366516,46841,33818,15752207,0
"2022-01-07",10493,6893898,8414,5940188,337,570849,24934,2391450,44178,36827.14,15796385,0
"2022-01-08",7955,6901853,8548,5948736,310,571159,19380,2410830,36193,41870.14,15832578,0
"2022-01-09",4153,6906006,3843,5952579,214,571373,10044,2420874,18254,41251.57,15850832,0
"2022-01-10",10194,6916200,8184,5960763,490,571863,24568,2445442,43436,40310.29,15894268,0
"2022-01-11",8931,6925131,7988,5968751,521,572384,20964,2466406,38404,38859.43,15932672,0
"2022-01-12",8990,6934121,8318,5977069,428,572812,22265,2488671,40001,38186.71,15972673,0
"2022-01-13",9092,6943213,8856,5985925,451,573263,22786,2511457,41185,37378.71,16013858,0
"2022-01-14",10146,6953359,8113,5994038,476,573739,26377,2537834,45112,37512.14,16058970,0
"2022-01-15",6223,6959582,4304,5998342,178,573917,15126,2552960,25831,36031.86,16084801,0
"2022-01-16",2931,6962513,3252,6001594,93,574010,7808,2560768,14084,35436.14,16098885,0
"2022-01-17",6104,6968617,6757,6008351,363,574373,14638,2575406,27862,33211.29,16126747,0
"2022-01-18",8188,6976805,10300,6018651,396,574769,19600,2595006,38484,33222.71,16165231,0
"2022-01-19",7526,6984331,9234,6027885,306,575075,17654,2612660,34720,32468.29,16199951,0
"2022-01-20",6335,6990666,8563,6036448,304,575379,15166,2627826,30368,30923,16230319,0
"2022-01-21",7596,6998262,7489,6043937,276,575655,18458,2646284,33819,29309.71,16264138,0
"2022-01-22",5205,7003467,4932,6048869,131,575786,11289,2657573,21557,28699.14,16285695,0
"2022-01-23",2820,7006287,3326,6052195,97,575883,6219,2663792,12462,28467.43,16298157,0
"2022-01-24",6407,7012694,8192,6060387,262,576145,15014,2678806,29875,28755,16328032,0
"2022-01-25",6215,7018909,7920,6068307,232,576377,14656,2693462,29023,27403.43,16357055,0
"2022-01-26",5777,7024686,7160,6075467,290,576667,13977,2707439,27204,26329.71,16384259,0
"2022-01-27",5279,7029965,7080,6082547,321,576988,14037,2721476,26717,25808.14,16410976,0
"2022-01-28",6305,7036270,7852,6090399,204,577192,16072,2737548,30433,25324.43,16441409,0
"2022-01-29",847,7037117,728,6091127,28,577220,2522,2740070,4125,22834.14,16445534,0
"2022-01-30",2100,7039217,3021,6094148,103,577323,4529,2744599,9753,22447.14,16455287,0
"2022-01-31",5031,7044248,6589,6100737,219,577542,11325,2755924,23164,21488.43,16478451,0
"2022-02-01",4856,7049104,6436,6107173,219,577761,10668,2766592,22179,20510.71,16500630,0
"2022-02-02",4266,7053370,5922,6113095,214,577975,11191,2777783,21593,19709.14,16522223,0
"2022-02-03",4244,7057614,5792,6118887,217,578192,11184,2788967,21437,18954.86,16543660,0
"2022-02-04",4805,7062419,7103,6125990,214,578406,13175,2802142,25297,18221.14,16568957,0
"2022-02-05",3596,7066015,6045,6132035,110,578516,8553,2810695,18304,20246.71,16587261,0
"2022-02-06",2068,7068083,2134,6134169,121,578637,4627,2815322,8950,20132,16596211,0
"2022-02-07",4168,7072251,4723,6138892,205,578842,10113,2825435,19209,19567,16615420,0
"2022-02-08",4240,7076491,5603,6144495,214,579056,11280,2836715,21337,19446.71,16636757,0
"2022-02-09",4151,7080642,5393,6149888,222,579278,11633,2848348,21399,19419,16658156,0
"2022-02-10",4006,7084648,5113,6155001,244,579522,12159,2860507,21522,19431.14,16679678,0
"2022-02-11",4538,7089186,5800,6160801,194,579716,13704,2874211,24236,19279.57,16703914,0
"2022-02-12",3268,7092454,4336,6165137,96,579812,8784,2882995,16484,19019.57,16720398,0
"2022-02-13",1523,7093977,1543,6166680,41,579853,4878,2887873,7985,18881.71,16728383,0
"2022-02-14",3004,7096981,3619,6170299,165,580018,10542,2898415,17330,18613.29,16745713,0
"2022-02-15",3578,7100559,4063,6174362,176,580194,12750,2911165,20567,18503.29,16766280,0
"2022-02-16",3678,7104237,3891,6178253,198,580392,15676,2926841,23443,18795.29,16789723,0
"2022-02-17",4061,7108298,4077,6182330,164,580556,18234,2945075,26536,19511.57,16816259,0
"2022-02-18",4497,7112795,4776,6187106,190,580746,21510,2966585,30973,20474,16847232,0
"2022-02-19",3266,7116061,2180,6189286,65,580811,11153,2977738,16664,20499.71,16863896,0
"2022-02-20",1865,7117926,1445,6190731,59,580870,6570,2984308,9939,20778.86,16873835,0
"2022-02-21",3100,7121026,2687,6193418,95,580965,8343,2992651,14225,20335.29,16888060,0
"2022-02-22",4405,7125431,4243,6197661,175,581140,10803,3003454,19626,20200.86,16907686,0
"2022-02-23",4283,7129714,3783,6201444,145,581285,10639,3014093,18850,19544.71,16926536,0
"2022-02-24",3785,7133499,3652,6205096,108,581393,10164,3024257,17709,18283.71,16944245,0
"2022-02-25",3629,7137128,3617,6208713,135,581528,9960,3034217,17341,16336.29,16961586,0
"2022-02-26",2852,7139980,2578,6211291,74,581602,9495,3043712,14999,16098.43,16976585,0
"2022-02-27",1780,7141760,1372,6212663,52,581654,6261,3049973,9465,16030.71,16986050,0
"2022-02-28",3830,7145590,3127,6215790,141,581795,13094,3063067,20192,16883.14,17006242,0
"2022-03-01",2134,7147724,2608,6218398,103,581898,5157,3068224,10002,15508.29,17016244,0
"2022-03-02",1837,7149561,2426,6220824,105,582003,4106,3072330,8474,14026,17024718,0
"2022-03-03",1940,7151501,2557,6223381,106,582109,3786,3076116,8389,12694.57,17033107,0
"2022-03-04",2115,7153616,2867,6226248,66,582175,4314,3080430,9362,11554.71,17042469,0
"2022-03-05",1613,7155229,2124,6228372,43,582218,3305,3083735,7085,10424.14,17049554,0
"2022-03-06",802,7156031,878,6229250,30,582248,1619,3085354,3329,9547.57,17052883,0
"2022-03-07",1677,7157708,1780,6231030,85,582333,3480,3088834,7022,7666.14,17059905,0
"2022-03-08",1552,7159260,1891,6232921,81,582414,3115,3091949,6639,7185.71,17066544,0
"2022-03-09",1270,7160530,1664,6234585,78,582492,2570,3094519,5582,6772.57,17072126,0
"2022-03-10",1427,7161957,2095,6236680,85,582577,2942,3097461,6549,6509.71,17078675,0
"2022-03-11",1608,7163565,2266,6238946,80,582657,3201,3100662,7155,6194.43,17085830,0
"2022-03-12",880,7164445,1412,6240358,40,582697,1996,3102658,4328,5800.57,17090158,0
"2022-03-13",626,7165071,757,6241115,26,582723,1291,3103949,2700,5710.71,17092858,0
"2022-03-14",1384,7166455,1597,6242712,83,582806,2979,3106928,6043,5570.86,17098901,0
"2022-03-15",1355,7167810,1923,6244635,63,582869,3069,3109997,6410,5538.14,17105311,0
"2022-03-16",1400,7169210,2060,6246695,94,582963,3122,3113119,6676,5694.43,17111987,0
"2022-03-17",1182,7170392,1811,6248506,70,583033,2748,3115867,5811,5589,17117798,0
"2022-03-18",1590,7171982,2175,6250681,80,583113,3754,3119621,7599,5652.43,17125397,0
"2022-03-19",1116,7173098,1726,6252407,54,583167,2586,3122207,5482,5817.29,17130879,0
"2022-03-20",612,7173710,629,6253036,32,583199,1459,3123666,2732,5821.86,17133611,0
"2022-03-21",1424,7175134,1551,6254587,73,583272,3039,3126705,6087,5828.14,17139698,0
"2022-03-22",1341,7176475,1546,6256133,101,583373,2890,3129595,5878,5752.14,17145576,0
"2022-03-23",1259,7177734,1348,6257481,66,583439,2907,3132502,5580,5595.57,17151156,0
"2022-03-24",1216,7178950,1295,6258776,89,583528,2504,3135006,5104,5494.57,17156260,0
"2022-03-25",1388,7180338,1615,6260391,61,583589,3248,3138254,6312,5310.71,17162572,0
"2022-03-26",928,7181266,1156,6261547,36,583625,2290,3140544,4410,5157.57,17166982,0
"2022-03-27",577,7181843,525,6262072,29,583654,1310,3141854,2441,5116,17169423,0
"2022-03-28",1087,7182930,1149,6263221,68,583722,2430,3144284,4734,4922.71,17174157,0
"2022-03-29",1059,7183989,1104,6264325,86,583808,2498,3146782,4747,4761.14,17178904,0
"2022-03-30",1253,7185242,1135,6265460,98,583906,3049,3149831,5535,4754.71,17184439,0
"2022-03-31",1266,7186508,1249,6266709,57,583963,3144,3152975,5716,4842.14,17190155,0
"2022-04-01",1411,7187919,1487,6268196,74,584037,3237,3156212,6209,4827.43,17196364,0
"2022-04-02",901,7188820,916,6269112,33,584070,2090,3158302,3940,4760.29,17200304,0
"2022-04-03",552,7189372,494,6269606,28,584098,1223,3159525,2297,4739.71,17202601,0
"2022-04-04",1343,7190715,1305,6270911,60,584158,2716,3162241,5424,4838.29,17208025,0
"2022-04-05",1288,7192003,1151,6272062,68,584226,2856,3165097,5363,4926.29,17213388,0
"2022-04-06",1289,7193292,1179,6273241,58,584284,2615,3167712,5141,4870,17218529,0
"2022-04-07",1202,7194494,1062,6274303,54,584338,2370,3170082,4688,4723.14,17223217,0
"2022-04-08",1487,7195981,1391,6275694,56,584394,3148,3173230,6082,4705,17229299,0
"2022-04-09",937,7196918,918,6276612,28,584422,2047,3175277,3930,4703.57,17233229,0
"2022-04-10",595,7197513,461,6277073,25,584447,1171,3176448,2252,4697.14,17235481,0
"2022-04-11",1343,7198856,1227,6278300,59,584506,2643,3179091,5272,4675.43,17240753,0
"2022-04-12",1204,7200060,1049,6279349,73,584579,2517,3181608,4843,4601.14,17245596,0
"2022-04-13",1263,7201323,1065,6280414,58,584637,2496,3184104,4882,4564.14,17250478,0
"2022-04-14",1285,7202608,1086,6281500,57,584694,2387,3186491,4815,4582.29,17255293,0
"2022-04-15",1336,7203944,1090,6282590,52,584746,2548,3189039,5026,4431.43,17260319,0
"2022-04-16",875,7204819,650,6283240,31,584777,1633,3190672,3189,4325.57,17263508,0
"2022-04-17",349,7205168,202,6283442,27,584804,636,3191308,1214,4177.29,17264722,0
"2022-04-18",1371,7206539,1106,6284548,82,584886,2575,3193883,5134,4157.57,17269856,0
"2022-04-19",1406,7207945,933,6285481,70,584956,2557,3196440,4966,4175.14,17274822,0
"2022-04-20",1300,7209245,1127,6286608,65,585021,2612,3199052,5104,4206.86,17279926,0
"2022-04-21",1210,7210455,1056,6287664,51,585072,2302,3201354,4619,4178.86,17284545,0
"2022-04-22",1212,7211667,1010,6288674,44,585116,2186,3203540,4452,4096.86,17288997,0
"2022-04-23",718,7212385,744,6289418,59,585175,1414,3204954,2935,4060.57,17291932,0
"2022-04-24",441,7212826,339,6289757,27,585202,809,3205763,1616,4118,17293548,0
"2022-04-25",1015,7213841,907,6290664,60,585262,1832,3207595,3814,3929.43,17297362,0
"2022-04-26",919,7214760,849,6291513,74,585336,1740,3209335,3582,3731.71,17300944,0
"2022-04-27",1018,7215778,967,6292480,75,585411,1895,3211230,3955,3567.57,17304899,0
"2022-04-28",1063,7216841,965,6293445,48,585459,1945,3213175,4021,3482.14,17308920,0
"2022-04-29",925,7217766,946,6294391,57,585516,1715,3214890,3643,3366.57,17312563,0
"2022-04-30",714,7218480,724,6295115,42,585558,1381,3216271,2861,3356,17315424,0
"2022-05-01",442,7218922,367,6295482,20,585578,749,3217020,1578,3350.57,17317002,0
"2022-05-02",1029,7219951,793,6296275,49,585627,1644,3218664,3515,3307.86,17320517,0
"2022-05-03",1074,7221025,833,6297108,58,585685,1911,3220575,3876,3349.86,17324393,0
"2022-05-04",990,7222015,858,6297966,46,585731,1848,3222423,3742,3319.43,17328135,120000
"2022-05-05",1012,7223027,916,6298882,73,585804,1803,3224226,3804,3288.43,17331939,120000
"2022-05-06",1065,7224092,904,6299786,46,585850,1821,3226047,3836,3316,17335775,120000
"2022-05-07",638,7224730,574,6300360,27,585877,1184,3227231,2423,3253.43,17338198,120000
"2022-05-08",405,7225135,244,6300604,17,585894,652,3227883,1318,3216.29,17339516,120000
"2022-05-09",1054,7226189,901,6301505,50,585944,1768,3229651,3773,3253.14,17343289,120000
"2022-05-10",313,7226502,300,6301805,19,585963,651,3230302,1283,2882.71,17344572,120000
