"DATE","ADMIN_DOSE1_DAILY","ADMIN_DOSE1_CUMULATIVE","ADMIN_DOSE2_DAILY","ADMIN_DOSE2_CUMULATIVE","ADMIN_SINGLE_DAILY","ADMIN_SINGLE_CUMULATIVE","ADMIN_ADDITIONAL1_DAILY","ADMIN_ADDITIONAL1_CUMULATIVE","ADMIN_ADDITIONAL2_DAILY","ADMIN_ADDITIONAL2_CUMULATIVE","ADMIN_ADDITIONAL_DAILY","ADMIN_ADDITIONAL_CUMULATIVE","ADMIN_BIVALENT_ADDITIONAL_DAILY","ADMIN_BIVALENT_ADDITIONAL_CUMULATIVE","ADMIN_ALLDOSES_DAILY","ADMIN_ALLDOSES_7DAYAVG","ADMIN_ALLDOSES_CUMULATIVE","ADMIN_ALLDOSES_PRIMARY","INCOMPLETE"
2020-12-14,79,79,0,0,2,2,0,0,0,0,0,0,0,0,81,,81,81,0
2020-12-15,2052,2131,7,7,5,7,0,0,0,0,0,0,0,0,2064,,2145,2145,0
2020-12-16,4605,6736,16,23,4,11,1,1,0,0,1,1,0,0,4626,,6771,6770,0
2020-12-17,4661,11397,18,41,2,13,1,2,0,0,1,2,0,0,4682,,11453,11451,0
2020-12-18,5836,17233,18,59,2,15,2,4,0,0,2,4,0,0,5858,,17311,17307,0
2020-12-19,1687,18920,9,68,3,18,0,4,0,0,0,4,0,0,1699,,19010,19006,0
2020-12-20,1117,20037,2,70,1,19,0,4,0,0,0,4,0,0,1120,2875.71,20130,20126,0
2020-12-21,6390,26427,22,92,0,19,5,9,0,0,5,9,0,0,6417,3780.86,26547,26538,0
2020-12-22,9767,36194,28,120,2,21,1,10,0,0,1,10,0,0,9798,4885.71,36345,36335,0
2020-12-23,14277,50471,36,156,3,24,0,10,0,0,0,10,0,0,14316,6270,50661,50651,0
2020-12-24,7170,57641,28,184,1,25,0,10,0,0,0,10,0,0,7199,6629.57,57860,57850,0
2020-12-25,180,57821,0,184,0,25,1,11,0,0,1,11,0,0,181,5818.57,58041,58030,0
2020-12-26,4393,62214,45,229,0,25,1,12,0,0,1,12,0,0,4439,6210,62480,62468,0
2020-12-27,3870,66084,14,243,0,25,1,13,0,0,1,13,0,0,3885,6605,66365,66352,0
2020-12-28,10992,77076,51,294,1,26,3,16,0,0,3,16,0,0,11047,7266.43,77412,77396,0
2020-12-29,10712,87788,37,331,2,28,3,19,0,0,3,19,0,0,10754,7403,88166,88147,0
2020-12-30,12821,100609,45,376,0,28,0,19,0,0,0,19,0,0,12866,7195.86,101032,101013,0
2020-12-31,7259,107868,37,413,1,29,0,19,0,0,0,19,0,0,7297,7209.86,108329,108310,0
2021-01-01,178,108046,2,415,1,30,3,22,0,0,3,22,0,0,184,7210.29,108513,108491,0
2021-01-02,3809,111855,10,425,3,33,2,24,0,0,2,24,0,0,3824,7122.43,112337,112313,0
2021-01-03,3542,115397,24,449,2,35,1,25,0,0,1,25,0,0,3569,7077.29,115906,115881,0
2021-01-04,12253,127650,809,1258,2,37,7,32,0,0,7,32,0,0,13071,7366.43,128977,128945,0
2021-01-05,14090,141740,2195,3453,2,39,14,46,1,1,15,47,0,0,16302,8159,145279,145232,0
2021-01-06,17796,159536,3930,7383,1,40,31,77,8,9,39,86,0,0,21766,9430.43,167045,166959,0
2021-01-07,16539,176075,5183,12566,4,44,46,123,3,12,49,135,0,0,21775,11498.71,188820,188685,0
2021-01-08,16610,192685,5461,18027,0,44,36,159,4,16,40,175,0,0,22111,14631.14,210931,210756,0
2021-01-09,7648,200333,1466,19493,1,45,7,166,2,18,9,184,0,0,9124,15388.29,220055,219871,0
2021-01-10,7880,208213,980,20473,0,45,13,179,0,18,13,197,0,0,8873,16146,228928,228731,0
2021-01-11,25810,234023,7459,27932,2,47,55,234,9,27,64,261,0,0,33335,19040.86,262263,262002,0
2021-01-12,28243,262266,7865,35797,1,48,47,281,4,31,51,312,0,0,36160,21877.71,298423,298111,0
2021-01-13,31707,293973,9420,45217,1,49,59,340,5,36,64,376,0,0,41192,24652.86,339615,339239,0
2021-01-14,35800,329773,5298,50515,1,50,34,374,7,43,41,417,0,0,41140,27419.29,380755,380338,0
2021-01-15,29247,359020,3716,54231,2,52,32,406,5,48,37,454,0,0,33002,28975.14,413757,413303,0
2021-01-16,30267,389287,2395,56626,0,52,24,430,6,54,30,484,0,0,32692,32342,446449,445965,0
2021-01-17,23733,413020,1642,58268,0,52,20,450,1,55,21,505,0,0,25396,34702.43,471845,471340,0
2021-01-18,27089,440109,2424,60692,0,52,37,487,7,62,44,549,0,0,29558,34162.86,501403,500854,0
2021-01-19,34278,474387,9641,70333,1,53,70,557,7,69,77,626,0,0,43997,35282.43,545400,544774,0
2021-01-20,34855,509242,9503,79836,1,54,60,617,4,73,64,690,0,0,44423,35744,589823,589133,0
2021-01-21,25576,534818,8098,87934,2,56,54,671,5,78,59,749,0,0,33735,34686.14,623558,622809,0
2021-01-22,24744,559562,4386,92320,1,57,31,702,7,85,38,787,0,0,29169,34138.57,652727,651940,0
2021-01-23,15740,575302,3225,95545,0,57,11,713,2,87,13,800,0,0,18978,32179.43,671705,670905,0
2021-01-24,7175,582477,3457,99002,0,57,19,732,1,88,20,820,0,0,10652,30073.14,682357,681537,0
2021-01-25,13400,595877,11828,110830,0,57,68,800,13,101,81,901,0,0,25309,29466.14,707666,706765,0
2021-01-26,16751,612628,10762,121592,0,57,69,869,3,104,73,974,0,0,27586,27121.71,735252,734279,0
2021-01-27,20829,633457,12357,133949,0,57,53,922,9,113,62,1036,0,0,33250,25525.57,768502,767467,0
2021-01-28,30751,664208,12856,146805,0,57,81,1003,16,129,97,1133,0,0,43707,26950.14,812209,811077,0
2021-01-29,31678,695886,11513,158318,0,57,84,1087,11,140,95,1228,0,0,43286,28966.86,855495,854268,0
2021-01-30,18706,714592,3744,162062,0,57,21,1108,2,142,24,1252,0,0,22474,29466.29,877969,876719,0
2021-01-31,13007,727599,2928,164990,1,58,29,1137,5,147,34,1286,0,0,15970,30226,893939,892655,0
2021-02-01,1180,728779,5401,170391,4,62,36,1173,4,151,40,1326,0,0,6625,27556.86,900564,899240,0
2021-02-02,2821,731600,9445,179836,2,64,51,1224,3,154,54,1380,0,0,12322,25376.29,912886,911508,0
2021-02-03,16343,747943,21239,201075,4,68,212,1436,21,175,233,1613,0,0,37819,26029,950705,949094,0
2021-02-04,27037,774980,19650,220725,3,71,207,1643,10,185,217,1830,0,0,46907,26486.14,997612,995784,0
2021-02-05,27579,802559,20031,240756,0,71,191,1834,15,200,207,2037,0,0,47817,27133.43,1045429,1043395,0
2021-02-06,22979,825538,11249,252005,0,71,117,1951,12,212,129,2166,0,0,34357,28831,1079786,1077623,0
2021-02-07,12030,837568,8285,260290,1,72,97,2048,13,225,111,2277,0,0,20427,29467.71,1100213,1097940,0
2021-02-08,16943,854511,23522,283812,2,74,239,2287,36,261,276,2553,0,0,40743,34341.71,1140956,1138408,0
2021-02-09,17286,871797,28090,311902,2,76,351,2638,43,304,397,2950,0,0,45775,39120.71,1186731,1183789,0
2021-02-10,19585,891382,29299,341201,2,78,273,2911,53,357,329,3279,0,0,49216,40748.86,1235947,1232679,0
2021-02-11,27831,919213,33464,374665,2,80,349,3260,58,415,407,3686,0,0,61706,42863,1297653,1293978,0
2021-02-12,38355,957568,30811,405476,3,83,361,3621,42,457,404,4090,0,0,69573,45971,1367226,1363148,0
2021-02-13,27991,985559,25311,430787,2,85,313,3934,57,514,371,4461,0,0,53676,48730.86,1420902,1416454,0
2021-02-14,16262,1001821,23721,454508,0,85,277,4211,35,549,312,4773,0,0,40295,51569.14,1461197,1456437,0
2021-02-15,12795,1014616,10524,465032,2,87,178,4389,24,573,203,4976,0,0,23524,49109.29,1484721,1479759,0
2021-02-16,14233,1028849,26709,491741,0,87,342,4731,40,613,383,5359,0,0,41325,48473.57,1526046,1520702,0
2021-02-17,16382,1045231,22196,513937,1,88,287,5018,40,653,327,5686,0,0,38906,47000.71,1564952,1559281,0
2021-02-18,12138,1057369,24986,538923,21,109,300,5318,45,698,345,6031,0,0,37490,43541.29,1602442,1596426,0
2021-02-19,13250,1070619,23927,562850,38,147,314,5632,47,745,361,6392,0,0,37576,38970.29,1640018,1633641,0
2021-02-20,11348,1081967,26070,588920,6,153,335,5967,77,822,414,6806,0,0,37839,36707.86,1677857,1671068,0
2021-02-21,6357,1088324,17408,606328,15,168,295,6262,47,869,343,7149,0,0,24123,34397.57,1701980,1694849,0
2021-02-22,13040,1101364,11838,618166,2,170,134,6396,20,889,154,7303,0,0,25034,34613.29,1727014,1719729,0
2021-02-23,25243,1126607,14136,632302,1,171,165,6561,35,924,201,7504,0,0,39582,34364.29,1766596,1759111,0
2021-02-24,36341,1162948,20395,652697,0,171,231,6792,43,967,275,7779,0,0,57011,36950.71,1823607,1815848,0
2021-02-25,54577,1217525,30402,683099,6,177,408,7200,65,1032,474,8253,0,0,85459,43803.43,1909066,1900834,0
2021-02-26,62829,1280354,31878,714977,4,181,418,7618,77,1109,498,8751,0,0,95209,52036.71,2004275,1995548,0
2021-02-27,51268,1331622,22749,737726,47,228,353,7971,53,1162,407,9158,0,0,74471,57269.86,2078746,2069613,0
2021-02-28,44560,1376182,13843,751569,7,235,206,8177,37,1199,243,9401,0,0,58653,62202.71,2137399,2128023,0
2021-03-01,39305,1415487,12784,764353,10,245,170,8347,24,1223,194,9595,0,0,52293,66096.86,2189692,2180122,0
2021-03-02,47074,1462561,12581,776934,7,252,158,8505,14,1237,172,9767,0,0,59834,68990,2249526,2239784,0
2021-03-03,48592,1511153,16154,793088,17,269,154,8659,21,1258,175,9942,0,0,64938,70122.43,2314464,2304547,0
2021-03-04,59806,1570959,22815,815903,1092,1361,276,8935,36,1294,313,10255,0,0,84026,69917.71,2398490,2388261,0
2021-03-05,60953,1631912,24289,840192,3107,4468,337,9272,36,1330,375,10630,0,0,88724,68991.29,2487214,2476612,0
2021-03-06,47154,1679066,18885,859077,5451,9919,244,9516,40,1370,284,10914,0,0,71774,68606,2558988,2548102,0
2021-03-07,36028,1715094,14880,873957,6244,16163,238,9754,21,1391,261,11175,0,0,57413,68428.86,2616401,2605256,0
2021-03-08,39608,1754702,14686,888643,8558,24721,318,10072,93,1484,416,11591,0,0,63268,69996.71,2679669,2668113,0
2021-03-09,39083,1793785,12859,901502,7758,32479,185,10257,35,1519,221,11812,0,0,59921,70009.14,2739590,2727814,0
2021-03-10,51815,1845600,15363,916865,5064,37543,228,10485,34,1553,264,12076,0,0,72506,71090.29,2812096,2800058,0
2021-03-11,59964,1905564,21824,938689,4619,42162,257,10742,48,1601,307,12383,0,0,86714,71474.29,2898810,2886467,0
2021-03-12,52182,1957746,30301,968990,4182,46344,389,11131,86,1687,475,12858,0,0,87140,71248,2985950,2973132,0
2021-03-13,40637,1998383,26687,995677,5109,51453,333,11464,54,1741,387,13245,0,0,72821,71397.57,3058771,3045566,0
2021-03-14,30702,2029085,15972,1011649,4524,55977,248,11712,28,1769,278,13523,0,0,51477,70549.57,3110248,3096767,0
2021-03-15,33683,2062768,17261,1028910,4707,60684,240,11952,33,1802,273,13796,0,0,55924,69500.43,3166172,3152418,0
2021-03-16,38660,2101428,20517,1049427,4925,65609,264,12216,36,1838,301,14097,0,0,64403,70140.71,3230575,3216521,0
2021-03-17,42602,2144030,24790,1074217,4243,69852,352,12568,40,1878,393,14490,0,0,72028,70072.43,3302603,3288157,0
2021-03-18,50413,2194443,26808,1101025,5228,75080,386,12954,63,1941,449,14939,0,0,82898,69527.29,3385501,3370606,0
2021-03-19,47771,2242214,29965,1130990,5624,80704,401,13355,73,2014,474,15413,0,0,83835,69055.14,3469336,3453967,0
2021-03-20,38696,2280910,25836,1156826,4682,85386,304,13659,61,2075,366,15779,0,0,69580,68592.14,3538916,3523182,0
2021-03-21,29287,2310197,19358,1176184,769,86155,230,13889,44,2119,274,16053,0,0,49688,68336.57,3588604,3572596,0
2021-03-22,33854,2344051,26745,1202929,4037,90192,265,14154,39,2158,305,16358,0,0,64942,69624.86,3653546,3637234,0
2021-03-23,38417,2382468,32850,1235779,4215,94407,301,14455,53,2211,358,16716,0,0,75840,71258.71,3729386,3712720,0
2021-03-24,41479,2423947,37612,1273391,4843,99250,338,14793,64,2275,405,17121,0,0,84339,73017.43,3813725,3796657,0
2021-03-25,43391,2467338,50785,1324176,5050,104300,490,15283,88,2363,582,17703,0,0,99808,75433.14,3913533,3895887,0
2021-03-26,38487,2505825,55497,1379673,4307,108607,547,15830,102,2465,653,18356,0,0,98944,77591.57,4012477,3994182,0
2021-03-27,35728,2541553,45739,1425412,2938,111545,433,16263,85,2550,519,18875,0,0,84924,79783.57,4097401,4078588,0
2021-03-28,26377,2567930,34453,1459865,1482,113027,342,16605,66,2616,412,19287,0,0,62724,81645.86,4160125,4140904,0
2021-03-29,34804,2602734,38860,1498725,3245,116272,358,16963,114,2730,473,19760,0,0,77382,83423,4237507,4217814,0
2021-03-30,40493,2643227,41919,1540644,3713,119985,352,17315,66,2796,419,20179,0,0,86544,84952.14,4324051,4303940,0
2021-03-31,49372,2692599,44876,1585520,7438,127423,417,17732,85,2881,502,20681,0,0,102188,87502,4426239,4405626,0
2021-04-01,50766,2743365,53953,1639473,11272,138695,504,18236,85,2966,593,21274,0,0,116584,89898.57,4542823,4521621,0
2021-04-02,43750,2787115,53875,1693348,11968,150663,555,18791,72,3038,632,21906,0,0,110225,91510.14,4653048,4631219,0
2021-04-03,39235,2826350,39214,1732562,9860,160523,344,19135,60,3098,405,22311,0,0,88714,92051.57,4741762,4719529,0
2021-04-04,26549,2852899,24783,1757345,3903,164426,228,19363,50,3148,278,22589,0,0,55513,91021.43,4797275,4774764,0
2021-04-05,41865,2894764,34480,1791825,11195,175621,387,19750,60,3208,448,23037,0,0,87988,92536.57,4885263,4862305,0
2021-04-06,53246,2948010,35615,1827440,13215,188836,443,20193,79,3287,523,23560,0,0,102599,94830.14,4987862,4964382,0
2021-04-07,55479,3003489,40707,1868147,14386,203222,413,20606,83,3370,498,24058,0,0,111070,96099,5098932,5074956,0
2021-04-08,59237,3062726,46590,1914737,16337,219559,535,21141,86,3456,622,24680,0,0,122786,96985,5221718,5197121,0
2021-04-09,56626,3119352,44958,1959695,17557,237116,533,21674,78,3534,616,25296,0,0,119757,98346.71,5341475,5316267,0
2021-04-10,49332,3168684,35642,1995337,12718,249834,402,22076,62,3596,468,25764,0,0,98160,99696.14,5439635,5413963,0
2021-04-11,38165,3206849,28827,2024164,7679,257513,296,22372,61,3657,358,26122,0,0,75029,102484.14,5514664,5488635,0
2021-04-12,46623,3253472,31838,2056002,13498,271011,476,22848,68,3725,544,26666,0,0,92503,103129.14,5607167,5580594,0
2021-04-13,52524,3305996,33798,2089800,369,271380,401,23249,65,3790,467,27133,0,0,87158,100923.29,5694325,5667286,0
2021-04-14,50119,3356115,39960,2129760,20,271400,370,23619,77,3867,448,27581,0,0,90547,97991.43,5784872,5757386,0
2021-04-15,52098,3408213,43689,2173449,16,271416,459,24078,107,3974,571,28152,0,0,96375,94218.43,5881247,5853195,0
2021-04-16,51177,3459390,42202,2215651,32,271448,444,24522,72,4046,519,28671,0,0,93930,90528.86,5975177,5946609,0
2021-04-17,43828,3503218,35695,2251346,3,271451,369,24891,83,4129,454,29125,0,0,79980,87931.71,6055157,6026137,0
2021-04-18,28596,3531814,29362,2280708,7,271458,265,25156,66,4195,332,29457,0,0,58297,85541.43,6113454,6084103,0
2021-04-19,37450,3569264,36454,2317162,22,271480,333,25489,67,4262,402,29859,0,0,74328,82945,6187782,6158031,0
2021-04-20,40800,3610064,39628,2356790,19,271499,320,25809,81,4343,402,30261,0,0,80849,82043.71,6268631,6238479,0
2021-04-21,38879,3648943,46023,2402813,17,271516,507,26316,98,4441,606,30867,0,0,85525,81326.29,6354156,6323399,0
2021-04-22,38481,3687424,48964,2451777,9,271525,349,26665,77,4518,428,31295,0,0,87883,80113.14,6442039,6410856,0
2021-04-23,39684,3727108,44385,2496162,3,271528,359,27024,75,4593,436,31731,0,0,84508,78767.14,6526547,6494930,0
2021-04-24,31927,3759035,41606,2537768,44,271572,284,27308,63,4656,347,32078,0,0,73924,77902,6600471,6568507,0
2021-04-25,18415,3777450,31220,2568988,87,271659,200,27508,61,4717,261,32339,0,0,49983,76714.29,6650454,6618229,0
2021-04-26,26958,3804408,40723,2609711,1012,272671,304,27812,91,4808,400,32739,0,0,69093,75966.43,6719547,6686927,0
2021-04-27,28558,3832966,47134,2656845,1698,274369,369,28181,94,4902,468,33207,0,0,77858,75539.14,6797405,6764322,0
2021-04-28,27014,3859980,56843,2713688,2145,276514,445,28626,102,5004,550,33757,0,0,86553,75686,6883958,6850328,0
2021-04-29,28588,3888568,57204,2770892,2149,278663,377,29003,100,5104,479,34236,0,0,88420,75762.71,6972378,6938271,0
2021-04-30,30107,3918675,51988,2822880,2059,280722,293,29296,75,5179,369,34605,0,0,84524,75765,7056902,7022427,0
2021-05-01,22474,3941149,44537,2867417,1177,281899,236,29532,65,5244,303,34908,0,0,68491,74988.86,7125393,7090617,0
2021-05-02,11917,3953066,36639,2904056,1081,282980,152,29684,55,5299,209,35117,0,0,49846,74969.29,7175239,7140256,0
2021-05-03,18009,3971075,53026,2957082,2381,285361,265,29949,92,5391,359,35476,0,0,73777,75638.43,7249016,7213676,0
2021-05-04,22731,3993806,56642,3013724,2331,287692,273,30222,117,5508,391,35867,0,0,82095,76243.71,7331111,7295381,0
2021-05-05,21476,4015282,48748,3062472,2313,290005,318,30540,105,5613,424,36291,0,0,72962,74302.14,7404073,7367920,0
2021-05-06,20669,4035951,50176,3112648,2508,292513,279,30819,90,5703,373,36664,0,0,73726,72203,7477799,7441277,0
2021-05-07,21235,4057186,52103,3164751,2812,295325,318,31137,79,5782,398,37062,0,0,76548,71063.57,7554347,7517428,0
2021-05-08,16619,4073805,41867,3206618,1835,297160,235,31372,73,5855,308,37370,0,0,60629,69940.43,7614976,7577749,0
2021-05-09,7968,4081773,29405,3236023,1260,298420,155,31527,56,5911,211,37581,0,0,38844,68368.71,7653820,7616382,0
2021-05-10,14376,4096149,38526,3274549,2356,300776,247,31774,93,6004,344,37925,0,0,55602,65772.29,7709422,7671644,0
2021-05-11,19897,4116046,43063,3317612,2513,303289,288,32062,88,6092,381,38306,0,0,65854,63452.14,7775276,7737122,0
2021-05-12,17813,4133859,40538,3358150,3595,306884,237,32299,81,6173,318,38624,0,0,62264,61923.86,7837540,7799068,0
2021-05-13,24959,4158818,40424,3398574,3229,310113,271,32570,79,6252,352,38976,0,0,68964,61243.57,7906504,7867682,0
2021-05-14,27008,4185826,42943,3441517,3536,313649,274,32844,96,6348,372,39348,0,0,73859,60859.43,7980363,7941171,0
2021-05-15,23636,4209462,34925,3476442,3364,317013,259,33103,75,6423,335,39683,0,0,62260,61092.43,8042623,8003097,0
2021-05-16,15519,4224981,19456,3495898,2496,319509,123,33226,47,6470,171,39854,0,0,37642,60920.71,8080265,8040569,0
2021-05-17,22667,4247648,29140,3525038,3253,322762,185,33411,71,6541,256,40110,0,0,55316,60879.86,8135581,8095629,0
2021-05-18,24619,4272267,31909,3556947,3404,326166,243,33654,80,6621,323,40433,0,0,60255,60080,8195836,8155561,0
2021-05-19,24178,4296445,29724,3586671,3041,329207,231,33885,49,6670,281,40714,0,0,57224,59360,8253060,8212505,0
2021-05-20,24137,4320582,30105,3616776,3163,332370,272,34157,88,6758,365,41079,0,0,57770,57760.86,8310830,8269915,0
2021-05-21,24670,4345252,32002,3648778,3057,335427,251,34408,61,6819,315,41394,0,0,60044,55787.29,8370874,8329647,0
2021-05-22,20014,4365266,24373,3673151,2523,337950,167,34575,47,6866,215,41609,0,0,47125,53625.14,8417999,8376558,0
2021-05-23,11227,4376493,13733,3686884,1411,339361,94,34669,31,6897,127,41736,0,0,26498,52033.14,8444497,8402931,0
2021-05-24,18861,4395354,23164,3710048,2757,342118,219,34888,55,6952,277,42013,0,0,45059,50567.86,8489556,8447716,0
2021-05-25,19423,4414777,23386,3733434,2602,344720,173,35061,59,7011,232,42245,0,0,45643,48480.43,8535199,8493127,0
2021-05-26,18776,4433553,21090,3754524,2698,347418,204,35265,48,7059,254,42499,0,0,42818,46422.43,8578017,8535693,0
2021-05-27,18455,4452008,21281,3775805,2531,349949,183,35448,60,7119,244,42743,0,0,42511,44242.57,8620528,8577961,0
2021-05-28,17853,4469861,22881,3798686,2751,352700,190,35638,58,7177,249,42992,0,0,43734,41912.57,8664262,8621447,0
2021-05-29,12703,4482564,17815,3816501,1754,354454,106,35744,39,7216,146,43138,0,0,32418,39811.57,8696680,8653720,0
2021-05-30,7026,4489590,8951,3825452,1074,355528,49,35793,17,7233,66,43204,0,0,17117,38471.43,8713797,8670771,0
2021-05-31,4740,4494330,6923,3832375,1012,356540,64,35857,17,7250,81,43285,0,0,12756,33856.71,8726553,8683446,0
2021-06-01,16047,4510377,25190,3857565,2177,358717,157,36014,42,7292,203,43488,0,0,43617,33567.29,8770170,8726864,0
2021-06-02,15351,4525728,20399,3877964,2095,360812,141,36155,47,7339,188,43676,0,0,38033,32883.71,8808203,8764709,0
2021-06-03,14996,4540724,23821,3901785,2280,363092,131,36286,44,7383,177,43853,0,0,41274,32707,8849477,8805808,0
2021-06-04,14709,4555433,26003,3927788,2492,365584,150,36436,42,7425,193,44046,0,0,43397,32658.86,8892874,8849013,0
2021-06-05,10982,4566415,22099,3949887,1806,367390,117,36553,29,7454,147,44193,0,0,35034,33032.57,8927908,8883901,0
2021-06-06,6444,4572859,14486,3964373,1222,368612,88,36641,13,7467,102,44295,0,0,22254,33766.43,8950162,8906054,0
2021-06-07,11695,4584554,21791,3986164,2378,370990,142,36783,37,7504,182,44477,0,0,36046,37093.57,8986208,8941921,0
2021-06-08,12624,4597178,24022,4010186,2071,373061,125,36908,47,7551,173,44650,0,0,38890,36418.29,9025098,8980639,0
2021-06-09,11129,4608307,23026,4033212,2300,375361,139,37047,40,7591,181,44831,0,0,36636,36218.71,9061734,9017096,0
2021-06-10,12054,4620361,22240,4055452,2462,377823,142,37189,61,7652,203,45034,0,0,36959,35602.29,9098693,9053852,0
2021-06-11,12699,4633060,25125,4080577,2483,380306,158,37347,62,7714,221,45255,0,0,40528,35192.43,9139221,9094160,0
2021-06-12,10159,4643219,19318,4099895,1888,382194,96,37443,43,7757,141,45396,0,0,31506,34688.43,9170727,9125527,0
2021-06-13,4254,4647473,10934,4110829,1219,383413,43,37486,21,7778,64,45460,0,0,16471,33862.29,9187198,9141934,0
2021-06-14,10204,4657677,19237,4130066,2042,385455,131,37617,53,7831,184,45644,0,0,31667,33236.71,9218865,9173417,0
2021-06-15,11880,4669557,21020,4151086,1943,387398,131,37748,41,7872,173,45817,0,0,35016,32683.29,9253881,9208261,0
2021-06-16,11581,4681138,19404,4170490,1956,389354,149,37897,74,7946,223,46040,0,0,33164,32187.29,9287045,9241202,0
2021-06-17,11020,4692158,18760,4189250,1973,391327,127,38024,35,7981,164,46204,0,0,31917,31467,9318962,9272957,0
2021-06-18,12167,4704325,18497,4207747,2115,393442,116,38140,36,8017,153,46357,0,0,32932,30381.86,9351894,9305737,0
2021-06-19,8492,4712817,13517,4221264,1459,394901,88,38228,21,8038,109,46466,0,0,23577,29249.14,9375471,9329205,0
2021-06-20,4334,4717151,7159,4228423,924,395825,37,38265,16,8054,53,46519,0,0,12470,28677.57,9387941,9341622,0
2021-06-21,10154,4727305,10013,4238436,1806,397631,71,38336,27,8081,99,46618,0,0,22072,27306.86,9410013,9363596,0
2021-06-22,9833,4737138,15645,4254081,1589,399220,106,38442,29,8110,135,46753,0,0,27202,26190.57,9437215,9390663,0
2021-06-23,10306,4747444,15191,4269272,1863,401083,102,38544,31,8141,134,46887,0,0,27494,25380.57,9464709,9418024,0
2021-06-24,9682,4757126,14702,4283974,1798,402881,122,38666,26,8167,150,47037,0,0,26332,24582.71,9491041,9444208,0
2021-06-25,10584,4767710,14386,4298360,1721,404602,116,38782,38,8205,154,47191,0,0,26845,23713.14,9517886,9470899,0
2021-06-26,7797,4775507,10464,4308824,1249,405851,79,38861,23,8228,103,47294,0,0,19613,23146.86,9537499,9490410,0
2021-06-27,4998,4780505,6002,4314826,795,406646,34,38895,14,8242,49,47343,0,0,11844,23057.43,9549343,9502206,0
2021-06-28,9032,4789537,10346,4325172,1526,408172,109,39004,26,8268,136,47479,0,0,21040,22910,9570383,9523111,0
2021-06-29,9733,4799270,12329,4337501,1347,409519,126,39130,32,8300,160,47639,0,0,23569,22391,9593952,9546522,0
2021-06-30,9427,4808697,10933,4348434,1486,411005,149,39279,18,8318,170,47809,0,0,22016,21608.43,9615968,9568371,0
2021-07-01,9395,4818092,10924,4359358,1434,412439,133,39412,25,8343,160,47969,0,0,21913,20977.14,9637881,9590126,0
2021-07-02,9688,4827780,11457,4370815,1541,413980,119,39531,21,8364,140,48109,0,0,22827,20403.14,9660708,9612813,0
2021-07-03,7055,4834835,8421,4379236,1192,415172,79,39610,17,8381,96,48205,0,0,16764,19996.14,9677472,9629481,0
2021-07-04,1288,4836123,1334,4380570,567,415739,10,39620,3,8384,13,48218,0,0,3202,18761.57,9680674,9632670,0
2021-07-05,6492,4842615,7108,4387678,1207,416946,67,39687,22,8406,89,48307,0,0,14896,17883.86,9695570,9647477,0
2021-07-06,9509,4852124,12851,4400529,1315,418261,118,39805,38,8444,157,48464,0,0,23832,17921.43,9719402,9671153,0
2021-07-07,8662,4860786,11111,4411640,1418,419679,127,39932,20,8464,147,48611,0,0,21338,17824.57,9740740,9692344,0
2021-07-08,8218,4869004,10195,4421835,1258,420937,108,40040,22,8486,132,48743,0,0,19803,17523.14,9760543,9712017,0
2021-07-09,8373,4877377,10832,4432667,1280,422217,90,40130,20,8506,110,48853,0,0,20595,17204.29,9781138,9732502,0
2021-07-10,7098,4884475,8636,4441303,1131,423348,66,40196,20,8526,87,48940,0,0,16952,17231.14,9798090,9749368,0
2021-07-11,4103,4888578,4540,4445843,701,424049,37,40233,6,8532,43,48983,0,0,9387,18114.71,9807477,9758712,0
2021-07-12,8444,4897022,9561,4455404,1251,425300,84,40317,23,8555,107,49090,0,0,19363,18752.86,9826840,9777968,0
2021-07-13,9459,4906481,9394,4464798,952,426252,109,40426,35,8590,146,49236,0,0,19951,18198.43,9846791,9797775,0
2021-07-14,8995,4915476,9533,4474331,1010,427262,107,40533,22,8612,133,49369,0,0,19671,17960.29,9866462,9817317,0
2021-07-15,8793,4924269,9155,4483486,1053,428315,81,40614,20,8632,102,49471,0,0,19103,17860.29,9885565,9836319,0
2021-07-16,9247,4933516,9761,4493247,981,429296,102,40716,29,8661,131,49602,0,0,20120,17792.43,9905685,9856308,0
2021-07-17,6839,4940355,7386,4500633,803,430099,80,40796,20,8681,100,49702,0,0,15128,17531.86,9920813,9871336,0
2021-07-18,4253,4944608,4285,4504918,575,430674,36,40832,14,8695,50,49752,0,0,9163,17499.86,9929976,9880449,0
2021-07-19,9120,4953728,8479,4513397,999,431673,92,40924,22,8717,115,49867,0,0,18713,17407,9948689,9899048,0
2021-07-20,10642,4964370,8759,4522156,991,432664,96,41020,25,8742,122,49989,0,0,20514,17487.43,9969203,9919441,0
2021-07-21,10055,4974425,8770,4530926,904,433568,149,41169,33,8775,182,50171,0,0,19911,17521.71,9989114,9939170,0
2021-07-22,10685,4985110,8584,4539510,1046,434614,146,41315,27,8802,174,50345,0,0,20489,17719.71,10009603,9959486,0
2021-07-23,11248,4996358,8883,4548393,1114,435728,138,41453,23,8825,163,50508,0,0,21408,17903.71,10031011,9980733,0
2021-07-24,7399,5003757,6739,4555132,670,436398,82,41535,26,8851,109,50617,0,0,14917,17873.57,10045928,9995542,0
2021-07-25,5473,5009230,2129,4557261,509,436907,58,41593,4,8855,62,50679,0,0,8173,17732.14,10054101,10003653,0
2021-07-26,10867,5020097,7007,4564268,857,437764,111,41704,20,8875,131,50810,0,0,18862,17753.43,10072963,10022384,0
2021-07-27,12065,5032162,8572,4572840,857,438621,136,41840,40,8915,177,50987,0,0,21671,17918.71,10094634,10043879,0
2021-07-28,12009,5044171,8055,4580895,950,439571,135,41975,28,8943,164,51151,0,0,21178,18099.71,10115812,10064894,0
2021-07-29,10930,5055101,7434,4588329,983,440554,134,42109,40,8983,178,51329,0,0,19525,17962,10135337,10084245,0
2021-07-30,14948,5070049,8019,4596348,1151,441705,186,42295,31,9014,219,51548,0,0,24337,18380.43,10159674,10108365,0
2021-07-31,9720,5079769,6320,4602668,815,442520,123,42418,20,9034,144,51692,0,0,16999,18677.86,10176673,10125221,0
2021-08-01,6499,5086268,3313,4605981,564,443084,81,42499,21,9055,102,51794,0,0,10478,19007.14,10187151,10135597,0
2021-08-02,13446,5099714,7152,4613133,846,443930,150,42649,19,9074,169,51963,0,0,21613,19400.14,10208764,10157041,0
2021-08-03,15405,5115119,8392,4621525,1109,445039,144,42793,39,9113,184,52147,0,0,25090,19888.57,10233854,10181948,0
2021-08-04,17261,5132380,8128,4629653,1454,446493,183,42976,36,9149,219,52366,0,0,27062,20729.14,10260916,10208791,0
2021-08-05,17884,5150264,7933,4637586,1371,447864,159,43135,21,9170,180,52546,0,0,27368,21849.57,10288284,10235979,0
2021-08-06,18176,5168440,8417,4646003,1231,449095,170,43305,32,9202,202,52748,0,0,28026,22376.57,10316310,10263803,0
2021-08-07,13377,5181817,6019,4652022,799,449894,101,43406,29,9231,130,52878,0,0,20325,22851.71,10336635,10283998,0
2021-08-08,9309,5191126,3834,4655856,400,450294,84,43490,10,9241,94,52972,0,0,13637,23303,10350272,10297541,0
2021-08-09,21340,5212466,8528,4664384,965,451259,173,43663,34,9275,208,53180,0,0,31041,24649.86,10381313,10328375,0
2021-08-10,18946,5231412,9332,4673716,946,452205,180,43843,33,9308,214,53394,0,0,29438,25271,10410751,10357600,0
2021-08-11,15642,5247054,8313,4682029,853,453058,131,43974,45,9353,177,53571,0,0,24985,24974.29,10435736,10382409,0
2021-08-12,15051,5262105,8989,4691018,942,454000,177,44151,35,9388,214,53785,0,0,25196,24664,10460932,10407393,0
2021-08-13,14917,5277022,9294,4700312,919,454919,245,44396,38,9426,284,54069,0,0,25415,24291,10486347,10432525,0
2021-08-14,10394,5287416,6410,4706722,625,455544,534,44930,41,9467,578,54647,0,0,18007,23959.86,10504354,10449957,0
2021-08-15,6688,5294104,4484,4711206,676,456220,567,45497,33,9500,604,55251,0,0,12452,23790.57,10516806,10461809,0
2021-08-16,15707,5309811,9305,4720511,1150,457370,1329,46826,66,9566,1400,56651,0,0,27562,23293.57,10544368,10487976,0
2021-08-17,17758,5327569,10459,4730970,1229,458599,1773,48599,86,9652,1873,58524,0,0,31319,23562.29,10575687,10517436,0
2021-08-18,17480,5345049,10381,4741351,1260,459859,2002,50601,91,9743,2104,60628,0,0,31225,24453.71,10606912,10546568,0
2021-08-19,16284,5361333,9531,4750882,1315,461174,1960,52561,67,9810,2040,62668,0,0,29170,25021.43,10636082,10573711,0
2021-08-20,16266,5377599,11540,4762422,1253,462427,1868,54429,86,9896,1968,64636,0,0,31027,25823.14,10667109,10602784,0
2021-08-21,11141,5388740,8041,4770463,878,463305,1066,55495,53,9949,1126,65762,0,0,21186,26277.29,10688295,10622851,0
2021-08-22,4077,5392817,3903,4774366,261,463566,519,56014,33,9982,556,66318,0,0,8797,25755.14,10697092,10631096,0
2021-08-23,15573,5408390,11809,4786175,1022,464588,1551,57565,77,10059,1641,67959,0,0,30046,26110,10727138,10659514,0
2021-08-24,16912,5425302,12593,4798768,1007,465595,1779,59344,81,10140,1868,69827,0,0,32380,26261.57,10759518,10690034,0
2021-08-25,14564,5439866,12455,4811223,1112,466707,1568,60912,80,10220,1663,71490,0,0,29794,26057.14,10789312,10718180,0
2021-08-26,16142,5456008,14099,4825322,1071,467778,1780,62692,69,10289,1861,73351,0,0,33173,26629,10822485,10749504,0
2021-08-27,14872,5470880,14829,4840151,971,468749,1674,64366,75,10364,1757,75108,0,0,32429,26829.29,10854914,10780184,0
2021-08-28,10674,5481554,11521,4851672,835,469584,1021,65387,45,10409,1067,76175,0,0,24097,27245.14,10879011,10803215,0
2021-08-29,7209,5488763,7499,4859171,541,470125,782,66169,58,10467,849,77024,0,0,16098,28288.14,10895109,10818473,0
2021-08-30,15515,5504278,16925,4876096,1076,471201,1795,67964,94,10561,1897,78921,0,0,35413,29054.86,10930522,10851997,0
2021-08-31,15501,5519779,15961,4892057,951,472152,1982,69946,90,10651,2082,81003,0,0,34495,29357,10965017,10884420,0
2021-09-01,14826,5534605,14112,4906169,1020,473172,1813,71759,62,10713,1885,82888,0,0,31843,29649.71,10996860,10914388,0
2021-09-02,14310,5548915,12525,4918694,896,474068,1714,73473,65,10778,1795,84683,0,0,29526,29128.71,11026386,10942135,0
2021-09-03,14998,5563913,14313,4933007,974,475042,1900,75373,72,10850,1978,86661,0,0,32263,29105,11058649,10972426,0
2021-09-04,9644,5573557,9405,4942412,688,475730,977,76350,35,10885,1017,87678,0,0,20754,28627.43,11079403,10992168,0
2021-09-05,6794,5580351,5509,4947921,438,476168,719,77069,17,10902,737,88415,0,0,13478,28253.14,11092881,11004910,0
2021-09-06,5194,5585545,4511,4952432,358,476526,274,77343,11,10913,287,88702,0,0,10350,24672.71,11103231,11014975,0
2021-09-07,15566,5601111,17702,4970134,912,477438,1560,78903,92,11005,1660,90362,0,0,35840,24864.86,11139071,11049163,0
2021-09-08,16149,5617260,14830,4984964,1070,478508,1781,80684,84,11089,1877,92239,0,0,33926,25162.43,11172997,11081224,0
2021-09-09,16095,5633355,14757,4999721,1047,479555,1922,82606,75,11164,2008,94247,0,0,33907,25788.29,11206904,11113134,0
2021-09-10,18354,5651709,15401,5015122,1207,480762,1978,84584,84,11248,2069,96316,0,0,37031,26469.43,11243935,11148103,0
2021-09-11,12630,5664339,10350,5025472,958,481720,1031,85615,49,11297,1086,97402,0,0,25024,27079.43,11268959,11172047,0
2021-09-12,8534,5672873,5052,5030524,765,482485,694,86309,31,11328,726,98128,0,0,15077,27307.86,11284036,11186399,0
2021-09-13,16920,5689793,12965,5043489,976,483461,1661,87970,54,11382,1724,99852,0,0,32585,30484.29,11316621,11217269,0
2021-09-14,16262,5706055,13678,5057167,886,484347,1601,89571,57,11439,1670,101522,0,0,32496,30006.57,11349117,11248107,0
2021-09-15,15516,5721571,12891,5070058,727,485074,1577,91148,82,11521,1668,103190,0,0,30802,29560.29,11379919,11277250,0
2021-09-16,15329,5736900,13915,5083973,1210,486284,1469,92617,69,11590,1544,104734,0,0,31998,29287.57,11411917,11307710,0
2021-09-17,14428,5751328,13955,5097928,922,487206,1844,94461,58,11648,1904,106638,0,0,31209,28455.86,11443126,11337017,0
2021-09-18,9990,5761318,10187,5108115,913,488119,1052,95513,42,11690,1098,107736,0,0,22188,28050.71,11465314,11358111,0
2021-09-19,6170,5767488,6077,5114192,558,488677,748,96261,28,11718,781,108517,0,0,13586,27837.71,11478900,11370921,0
2021-09-20,12664,5780152,12632,5126824,1068,489745,1925,98186,63,11781,1998,110515,0,0,28362,27234.43,11507262,11397295,0
2021-09-21,12216,5792368,12773,5139597,1108,490853,2037,100223,79,11860,2131,112646,0,0,28228,26624.71,11535490,11423407,0
2021-09-22,12818,5805186,12004,5151601,1090,491943,1691,101914,69,11929,1766,114412,0,0,27678,26178.43,11563168,11449325,0
2021-09-23,14919,5820105,12766,5164367,1639,493582,2273,104187,76,12005,2356,116768,0,0,31680,26133,11594848,11478656,0
2021-09-24,16479,5836584,13366,5177733,1636,495218,4629,108816,126,12131,4774,121542,0,0,36255,26853.86,11631103,11510156,0
2021-09-25,10524,5847108,9028,5186761,1017,496235,3465,112281,81,12212,3562,125104,0,0,24131,27131.43,11655234,11530741,0
2021-09-26,6289,5853397,5767,5192528,773,497008,2425,114706,61,12273,2497,127601,0,0,15326,27380,11670560,11543581,0
2021-09-27,14132,5867529,8063,5200591,1155,498163,9085,123791,161,12434,9297,136898,0,0,32648,27992.29,11703208,11566983,0
2021-09-28,11107,5878636,11787,5212378,901,499064,9940,133731,181,12615,10158,147056,0,0,33953,28810.14,11737161,11590815,0
2021-09-29,11595,5890231,12193,5224571,1205,500269,9461,143192,171,12786,9666,156722,0,0,34660,29807.57,11771821,11615843,0
2021-09-30,12211,5902442,12611,5237182,1338,501607,9767,152959,178,12964,9980,166702,0,0,36140,30444.71,11807961,11642038,0
2021-10-01,12621,5915063,13430,5250612,1284,502891,10290,163249,152,13116,10478,177180,0,0,37813,30667.29,11845774,11669409,0
2021-10-02,7720,5922783,9979,5260591,865,503756,4246,167495,81,13197,4351,181531,0,0,22915,30493.57,11868689,11687997,0
2021-10-03,5056,5927839,6160,5266751,593,504349,2623,170118,59,13256,2692,184223,1,1,14502,30375.86,11883191,11699816,0
2021-10-04,9900,5937739,11019,5277770,914,505263,9537,179655,149,13405,9723,193946,0,1,31556,30219.86,11914747,11721686,0
2021-10-05,10134,5947873,11735,5289505,972,506235,9964,189619,178,13583,10184,204130,1,2,33026,30087.43,11947773,11744569,0
2021-10-06,9870,5957743,11051,5300556,937,507172,9950,199569,162,13745,10147,214277,0,2,32005,29708.14,11979778,11766462,0
2021-10-07,9594,5967337,12159,5312715,850,508022,10189,209758,172,13917,10395,224672,0,2,32998,29259.29,12012776,11789099,0
2021-10-08,9428,5976765,12186,5324901,941,508963,10921,220679,165,14082,11125,235797,0,2,33680,28668.86,12046456,11811693,0
2021-10-09,6228,5982993,8239,5333140,643,509606,4132,224811,89,14171,4237,240034,0,2,19347,28159.14,12065803,11826819,0
2021-10-10,3529,5986522,5029,5338169,458,510064,2440,227251,47,14218,2495,242529,0,2,11511,27731.86,12077314,11835843,0
2021-10-11,7596,5994118,9338,5347507,728,510792,8903,236154,166,14384,9092,251621,0,2,26754,27045.86,12104068,11853528,0
2021-10-12,8052,6002170,10993,5358500,891,511683,10532,246686,188,14572,10761,262382,0,2,30697,26713.14,12134765,11873505,0
2021-10-13,7132,6009302,10147,5368647,869,512552,8812,255498,181,14753,9024,271406,0,2,27172,26022.71,12161937,11891684,0
2021-10-14,7406,6016708,11121,5379768,837,513389,10132,265630,164,14917,10335,281741,0,2,29699,25551.43,12191636,11911087,0
2021-10-15,7705,6024413,11858,5391626,823,514212,10858,276488,176,15093,11067,292808,0,2,31453,25233.29,12223089,11931506,0
2021-10-16,4855,6029268,7465,5399091,665,514877,3852,280340,67,15160,3931,296739,0,2,16916,24886,12240005,11944503,0
2021-10-17,3050,6032318,4473,5403564,411,515288,2458,282798,43,15203,2508,299247,0,2,10442,24733.29,12250447,11952444,0
2021-10-18,7017,6039335,10670,5414234,797,516085,9500,292298,186,15389,9721,308968,0,2,28205,24940.57,12278652,11970963,0
2021-10-19,6550,6045885,8945,5423179,803,516888,9110,301408,175,15564,9325,318293,1,3,25624,24215.86,12304276,11987301,0
2021-10-20,6518,6052403,9370,5432549,975,517863,10003,311411,181,15745,10222,328515,3,6,27087,24203.71,12331363,12004201,0
2021-10-21,7012,6059415,9386,5441935,858,518721,10863,322274,158,15903,11055,339570,1,7,28312,24005.57,12359675,12021491,0
2021-10-22,8089,6067504,10343,5452278,1026,519747,16371,338645,221,16124,16646,356216,0,7,36104,24670,12395779,12041003,0
2021-10-23,5151,6072655,6457,5458735,690,520437,9135,347780,118,16242,9273,365489,0,7,21571,25335,12417350,12053321,0
2021-10-24,3251,6075906,3965,5462700,769,521206,6175,353955,81,16323,6280,371769,1,8,14266,25881.29,12431616,12061330,0
2021-10-25,8764,6084670,8745,5471445,1152,522358,19287,373242,302,16625,19657,391426,0,8,38318,27326,12469934,12080059,0
2021-10-26,8155,6092825,7722,5479167,1258,523616,17316,390558,278,16903,17664,409090,0,8,34799,28636.71,12504733,12097264,0
2021-10-27,10504,6103329,8394,5487561,1605,525221,20898,411456,327,17230,21293,430383,0,8,41796,30738,12546529,12117835,0
2021-10-28,11265,6114594,8028,5495589,1794,527015,20898,432354,327,17557,21291,451674,0,8,42378,32747.43,12588907,12138988,0
2021-10-29,11811,6126405,8228,5503817,1968,528983,22579,454933,347,17904,22998,474672,1,9,45007,34019.29,12633914,12161068,0
2021-10-30,4603,6131008,5064,5508881,932,529915,11195,466128,168,18072,11401,486073,0,9,22000,34080.57,12655914,12171705,0
2021-10-31,2646,6133654,2700,5511581,544,530459,6651,472779,104,18176,6778,492851,1,10,12668,33852.29,12668582,12177617,0
2021-11-01,7078,6140732,6956,5518537,1085,531544,20428,493207,337,18513,20822,513673,1,11,35942,33512.86,12704524,12192793,0
2021-11-02,6527,6147259,6587,5525124,1055,532599,20819,514026,282,18795,21176,534849,0,11,35345,33590.86,12739869,12207037,0
2021-11-03,6797,6154056,6680,5531804,1026,533625,20675,534701,316,19111,21065,555914,0,11,35570,32701.43,12775439,12221616,0
2021-11-04,9260,6163316,6278,5538082,994,534619,22413,557114,351,19462,22847,578761,0,11,39379,32273,12814818,12238231,0
2021-11-05,11004,6174320,6719,5544801,1051,535670,23807,580921,356,19818,24244,603005,0,11,43018,31988.86,12857836,12257086,0
2021-11-06,11102,6185422,4048,5548849,594,536264,12617,593538,174,19992,12828,615833,0,11,28572,32927.71,12886408,12272867,0
2021-11-07,7231,6192653,2286,5551135,577,536841,7120,600658,97,20089,7232,623065,0,11,17326,33593.14,12903734,12282976,0
2021-11-08,15025,6207678,5679,5556814,862,537703,19540,620198,286,20375,19892,642957,1,12,41459,34381.29,12945193,12304608,0
2021-11-09,16109,6223787,5386,5562200,659,538362,20563,640761,277,20652,20920,663877,0,12,43074,35485.43,12988267,12326842,0
2021-11-10,16879,6240666,5321,5567521,682,539044,22710,663471,293,20945,23073,686950,0,12,45955,36969,13034222,12349794,0
2021-11-11,12507,6253173,5179,5572700,760,539804,22151,685622,289,21234,22510,709460,0,12,40956,37194.29,13075178,12368310,0
2021-11-12,16927,6270100,5686,5578386,705,540509,23477,709099,359,21593,23912,733372,1,13,47231,37796.14,13122409,12391704,0
2021-11-13,9901,6280001,3662,5582048,464,540973,13364,722463,184,21777,13591,746963,0,13,27618,37659.86,13150027,12405774,0
2021-11-14,5984,6285985,2286,5584334,324,541297,7954,730417,80,21857,8055,755018,1,14,16650,37563.29,13166677,12414389,0
2021-11-15,13179,6299164,5976,5590310,690,541987,25169,755586,368,22225,25617,780635,0,14,45462,38135.14,13212139,12434314,0
2021-11-16,9895,6309059,5780,5596090,653,542640,30730,786316,439,22664,31245,811880,0,14,47574,38778,13259713,12450719,0
2021-11-17,10226,6319285,6667,5602757,681,543321,31509,817825,422,23086,32020,843900,0,14,49594,39297.86,13309307,12468382,0
2021-11-18,10651,6329936,6529,5609286,855,544176,33102,850927,461,23547,33658,877558,0,14,51693,40831.71,13361000,12486512,0
2021-11-19,11912,6341848,6548,5615834,710,544886,36352,887279,465,24012,36907,914465,0,14,56077,42095.43,13417077,12505772,0
2021-11-20,9264,6351112,3415,5619249,513,545399,22578,909857,259,24271,22888,937353,0,14,36080,43304.29,13453157,12519015,0
2021-11-21,4902,6356014,1885,5621134,288,545687,13246,923103,154,24425,13425,950778,1,15,20501,43854.43,13473658,12526115,0
2021-11-22,10339,6366353,5782,5626916,750,546437,36019,959122,445,24870,36556,987334,0,15,53428,44992.43,13527086,12543079,0
2021-11-23,9704,6376057,4782,5631698,632,547069,33608,992730,381,25251,34061,1021395,0,15,49180,45221.86,13576266,12558270,0
2021-11-24,8624,6384681,4749,5636447,648,547717,25996,1018726,286,25537,26353,1047748,1,16,40375,43904.86,13616641,12572362,0
2021-11-25,447,6385128,328,5636775,80,547797,1004,1019730,9,25546,1013,1048761,0,16,1868,36787,13618509,12573217,0
2021-11-26,8006,6393134,6990,5643765,528,548325,26638,1046368,309,25855,27004,1075765,0,16,42528,34851.43,13661037,12588798,0
2021-11-27,6635,6399769,6832,5650597,370,548695,18896,1065264,226,26081,19158,1094923,0,16,32996,34410.86,13694033,12602672,0
2021-11-28,4037,6403806,5789,5656386,281,548976,11938,1077202,123,26204,12080,1107003,0,16,22187,34651.71,13716220,12612798,0
2021-11-29,9017,6412823,11008,5667394,684,549660,35151,1112353,450,26654,35677,1142680,1,17,56387,35074.43,13772607,12633583,0
2021-11-30,10415,6423238,11444,5678838,512,550172,37890,1150243,498,27152,38501,1181181,0,17,60872,36744.71,13833479,12656067,0
2021-12-01,11081,6434319,10984,5689822,724,550896,40469,1190712,442,27594,41011,1222192,0,17,63801,40091.29,13897280,12678957,0
2021-12-02,11561,6445880,11044,5700866,624,551520,42291,1233003,455,28049,42844,1265036,0,17,66073,49263.43,13963353,12702284,0
2021-12-03,13366,6459246,12906,5713772,666,552186,48090,1281093,525,28574,48718,1313754,1,18,75657,53996.14,14039010,12729325,0
2021-12-04,9765,6469011,11293,5725065,564,552750,30762,1311855,310,28884,31126,1344880,0,18,52748,56817.86,14091758,12751001,0
2021-12-05,5704,6474715,5704,5730769,270,553020,16709,1328564,130,29014,16873,1361753,0,18,28551,57727,14120309,12762713,0
2021-12-06,12242,6486957,9984,5740753,599,553619,43385,1371949,456,29470,43932,1405685,0,18,66757,59208.43,14187066,12785629,0
2021-12-07,12489,6499446,9258,5750011,623,554242,43174,1415123,514,29984,43774,1449459,0,18,66144,59961.57,14253210,12808085,0
2021-12-08,13439,6512885,8779,5758790,555,554797,40910,1456033,481,30465,41471,1490930,0,18,64244,60024.86,14317454,12830938,0
2021-12-09,13397,6526282,8758,5767548,551,555348,40944,1496977,497,30962,41538,1532468,0,18,64244,59763.57,14381698,12853741,0
2021-12-10,13942,6540224,10151,5777699,668,556016,43793,1540770,506,31468,44388,1576856,0,18,69149,58833.86,14450847,12878591,0
2021-12-11,10205,6550429,8132,5785831,405,556421,26762,1567532,287,31755,27098,1603954,0,18,45841,57847.14,14496688,12897383,0
2021-12-12,5980,6556409,3856,5789687,287,556708,15201,1582733,136,31891,15361,1619315,0,18,25484,57409,14522172,12907530,0
2021-12-13,12125,6568534,7433,5797120,655,557363,38021,1620754,402,32293,38504,1657819,0,18,58717,56260.43,14580889,12927824,0
2021-12-14,12158,6580692,6951,5804071,730,558093,38269,1659023,443,32736,38778,1696597,0,18,58617,55185.14,14639506,12947729,0
2021-12-15,12011,6592703,6245,5810316,756,558849,38259,1697282,494,33230,38832,1735429,0,18,57845,54271,14697351,12966821,0
2021-12-16,13093,6605796,4274,5814590,738,559587,41227,1738509,466,33696,41766,1777195,0,18,59871,53646.29,14757222,12984999,0
2021-12-17,15857,6621653,6943,5821533,618,560205,46923,1785432,483,34179,47502,1824697,0,18,70920,53899.29,14828142,13008513,0
2021-12-18,12950,6634603,5717,5827250,432,560637,30686,1816118,277,34456,31020,1855717,1,19,50119,54510.43,14878261,13027668,0
2021-12-19,6970,6641573,2996,5830246,326,560963,18053,1834171,175,34631,18259,1873976,0,19,28551,54948.57,14906812,13037991,0
2021-12-20,16748,6658321,5858,5836104,745,561708,47618,1881789,574,35205,48271,1922247,0,19,71622,56792.14,14978434,13061421,0
2021-12-21,17877,6676198,6579,5842683,805,562513,49035,1930824,594,35799,49709,1971956,0,19,74970,59128.29,15053404,13086762,0
2021-12-22,18489,6694687,6555,5849238,938,563451,49831,1980655,538,36337,50447,2022403,1,20,76430,61783.29,15129834,13112822,0
2021-12-23,18954,6713641,6487,5855725,930,564381,45996,2026651,531,36868,46592,2068995,0,20,72963,63653.57,15202797,13139258,0
2021-12-24,9187,6722828,2953,5858678,598,564979,20650,2047301,212,37080,20894,2089889,0,20,33632,58326.71,15236429,13152028,0
2021-12-25,344,6723172,63,5858741,31,565010,427,2047728,8,37088,436,2090325,0,20,874,51291.71,15237303,13152467,0
2021-12-26,7924,6731096,3931,5862672,341,565351,17311,2065039,178,37266,17521,2107846,0,20,29717,51458.29,15267020,13164695,0
2021-12-27,21701,6752797,9204,5871876,932,566283,43550,2108589,561,37827,44184,2152030,0,20,76021,52086.71,15343041,13196605,0
2021-12-28,20058,6772855,8338,5880214,702,566985,47684,2156273,623,38450,48394,2200424,0,20,77492,52447,15420533,13225790,0
2021-12-29,18430,6791285,7669,5887883,606,567591,45665,2201938,493,38943,46232,2246656,0,20,72937,51948,15493470,13252569,0
2021-12-30,16825,6808110,7433,5895316,588,568179,44924,2246862,591,39534,45601,2292257,0,20,70447,51588.57,15563917,13277501,0
2021-12-31,5342,6813452,2811,5898127,192,568371,14788,2261650,188,39722,14998,2307255,0,20,23343,50118.71,15587260,13285868,0
2022-01-01,244,6813696,147,5898274,12,568383,502,2262152,22,39744,528,2307783,0,20,931,50126.86,15588191,13286275,0
2022-01-02,6410,6820106,5020,5903294,153,568536,11002,2273154,111,39855,11129,2318912,0,20,22712,49126.14,15610903,13297874,0
2022-01-03,14094,6834200,8509,5911803,515,569051,27016,2300170,346,40201,27406,2346318,2,22,50526,45484,15661429,13321036,0
2022-01-04,12792,6846992,8131,5919934,415,569466,27298,2327468,370,40571,27725,2374043,77,99,49127,41431.86,15710556,13342418,0
2022-01-05,11285,6858277,7024,5926958,384,569850,26034,2353502,314,40885,26389,2400432,0,99,45082,37452.57,15755638,13361152,0
2022-01-06,11319,6869596,7396,5934354,485,570335,27665,2381167,353,41238,28071,2428503,2,101,47272,34141.86,15802910,13380404,0
2022-01-07,10125,6879721,8458,5942812,339,570674,25231,2406398,331,41569,25595,2454098,0,101,44518,37166.86,15847428,13399360,0
2022-01-08,7655,6887376,8592,5951404,311,570985,19625,2426023,189,41758,19831,2473929,0,101,36390,42232.43,15883818,13415936,0
2022-01-09,4109,6891485,3845,5955249,214,571199,10077,2436100,99,41857,10187,2484116,1,102,18356,41610.14,15902174,13424115,0
2022-01-10,10144,6901629,8194,5963443,490,571689,24635,2460735,309,42166,24995,2509111,1,103,43823,40652.57,15945997,13442993,0
2022-01-11,8837,6910466,7989,5971432,522,572211,21073,2481808,295,42461,21412,2530523,0,103,38762,39171.86,15984759,13460387,0
2022-01-12,8900,6919366,8326,5979758,428,572639,22397,2504205,288,42749,22721,2553244,1,104,40376,38499.57,16025135,13478077,0
2022-01-13,8997,6928363,8868,5988626,451,573090,22943,2527148,324,43073,23302,2576546,1,105,41620,37692.14,16066755,13496429,0
2022-01-14,10069,6938432,8125,5996751,474,573564,26469,2553617,341,43414,26852,2603398,0,105,45520,37835.29,16112275,13515139,0
2022-01-15,6185,6944617,4309,6001060,179,573743,15165,2568782,181,43595,15368,2618766,0,105,26041,36356.86,16138316,13525834,0
2022-01-16,2899,6947516,3247,6004307,95,573838,7839,2576621,87,43682,7936,2626702,0,105,14177,35759.86,16152493,13532085,0
2022-01-17,6037,6953553,6755,6011062,363,574201,14714,2591335,223,43905,14954,2641656,0,105,28109,33515,16180602,13545257,0
2022-01-18,8126,6961679,10323,6021385,394,574595,19705,2611040,323,44228,20057,2661713,0,105,38900,33534.71,16219502,13564129,0
2022-01-19,7422,6969101,9256,6030641,303,574898,17743,2628783,281,44509,18056,2679769,0,105,35038,32772.14,16254540,13581143,0
2022-01-20,6237,6975338,8562,6039203,305,575203,15295,2644078,250,44759,15571,2695340,0,105,30675,31208.57,16285215,13596273,0
2022-01-21,7529,6982867,7514,6046717,276,575479,18536,2662614,290,45049,18850,2714190,0,105,34169,29587,16319384,13611616,0
2022-01-22,5173,6988040,4935,6051652,132,575611,11336,2673950,131,45180,11492,2725682,0,105,21732,28971.43,16341116,13621881,0
2022-01-23,2790,6990830,3330,6054982,97,575708,6246,2680196,78,45258,6332,2732014,0,105,12549,28738.86,16353665,13628106,0
2022-01-24,6336,6997166,8207,6063189,262,575970,15093,2695289,245,45503,15366,2747380,0,105,30171,29033.43,16383836,13642939,0
2022-01-25,6153,7003319,7949,6071138,231,576201,14724,2710013,264,45767,15019,2762399,0,105,29352,27669.43,16413188,13657303,0
2022-01-26,5728,7009047,7180,6078318,289,576490,14032,2724045,214,45981,14273,2776672,0,105,27470,26588.29,16440658,13670527,0
2022-01-27,5230,7014277,7095,6085413,320,576810,14109,2738154,235,46216,14383,2791055,0,105,27028,26067.29,16467686,13683211,0
2022-01-28,6223,7020500,7884,6093297,205,577015,16149,2754303,241,46457,16413,2807468,0,105,30725,25575.29,16498411,13697546,0
2022-01-29,837,7021337,729,6094026,28,577043,2541,2756844,40,46497,2584,2810052,0,105,4178,23067.57,16502589,13699143,0
2022-01-30,2076,7023413,3024,6097050,103,577146,4553,2761397,62,46559,4619,2814671,0,105,9822,22678,16512411,13704350,0
2022-01-31,4984,7028397,6594,6103644,219,577365,11410,2772807,200,46759,11625,2826296,0,105,23422,21713.86,16535833,13716162,0
2022-02-01,4806,7033203,6451,6110095,220,577585,10729,2783536,221,46980,10969,2837265,0,105,22446,20727.29,16558279,13727658,0
2022-02-02,4250,7037453,5939,6116034,212,577797,11256,2794792,243,47223,11517,2848782,0,105,21918,19934.14,16580197,13738077,0
2022-02-03,4206,7041659,5817,6121851,216,578013,11236,2806028,203,47426,11464,2860246,0,105,21703,19173.43,16601900,13748341,0
2022-02-04,4737,7046396,7118,6128969,214,578227,13241,2819269,240,47666,13506,2873752,0,105,25575,18437.71,16627475,13760435,0
2022-02-05,3561,7049957,6054,6135023,110,578337,8589,2827858,158,47824,8762,2882514,0,105,18487,20481.86,16645962,13770175,0
2022-02-06,2056,7052013,2138,6137161,120,578457,4644,2832502,105,47929,4753,2887267,0,105,9068,20374.14,16655030,13774494,0
2022-02-07,4128,7056141,4747,6141908,205,578662,10144,2842646,238,48167,10407,2897674,0,105,19487,19812,16674517,13783599,0
2022-02-08,4198,7060339,5610,6147518,214,578876,11342,2853988,311,48478,11678,2909352,0,105,21700,19705.43,16696217,13793646,0
2022-02-09,4113,7064452,5403,6152921,221,579097,11679,2865667,258,48736,11961,2921313,0,105,21698,19674,16717915,13803407,0
2022-02-10,3969,7068421,5127,6158048,243,579340,12208,2877875,292,49028,12527,2933840,0,105,21866,19697.29,16739781,13812773,0
2022-02-11,4496,7072917,5812,6163860,195,579535,13744,2891619,328,49356,14103,2947943,0,105,24606,19558.86,16764387,13823307,0
2022-02-12,3243,7076160,4343,6168203,97,579632,8819,2900438,217,49573,9047,2956990,0,105,16730,19307.86,16781117,13831001,0
2022-02-13,1510,7077670,1543,6169746,41,579673,4888,2905326,113,49686,5006,2961996,0,105,8100,19169.57,16789217,13834100,0
2022-02-14,2971,7080641,3624,6173370,167,579840,10585,2915911,326,50012,10939,2972935,0,105,17701,18914.43,16806918,13840890,0
2022-02-15,3523,7084164,4079,6177449,174,580014,12802,2928713,287,50299,13106,2986041,0,105,20882,18797.57,16827800,13848683,0
2022-02-16,3628,7087792,3909,6181358,199,580213,15753,2944466,296,50595,16085,3002126,0,105,23821,19100.86,16851621,13856455,0
2022-02-17,4095,7091887,4081,6185439,161,580374,18358,2962824,366,50961,18755,3020881,0,105,27092,19847.43,16878713,13864823,0
2022-02-18,4436,7096323,4789,6190228,191,580565,21558,2984382,462,51423,22042,3042923,0,105,31458,20826.29,16910171,13874261,0
2022-02-19,3240,7099563,2183,6192411,65,580630,11196,2995578,217,51640,11424,3054347,0,105,16912,20852.29,16927083,13879760,0
2022-02-20,1844,7101407,1445,6193856,59,580689,6598,3002176,114,51754,6719,3061066,0,105,10067,21133.29,16937150,13883115,0
2022-02-21,3077,7104484,2694,6196550,95,580784,8359,3010535,234,51988,8606,3069672,0,105,14472,20672,16951622,13888994,0
2022-02-22,4363,7108847,4259,6200809,174,580958,10842,3021377,256,52244,11113,3080785,0,105,19909,20533,16971531,13897805,0
2022-02-23,4238,7113085,3794,6204603,145,581103,10682,3032059,244,52488,10942,3091727,0,105,19119,19861.29,16990650,13905998,0
2022-02-24,3781,7116866,3661,6208264,108,581211,10203,3042262,233,52721,10455,3102182,0,105,18005,18563.14,17008655,13913567,0
2022-02-25,3596,7120462,3634,6211898,135,581346,9990,3052252,247,52968,10250,3112432,0,105,17615,16585.57,17026270,13920945,0
2022-02-26,2820,7123282,2582,6214480,74,581420,9526,3061778,161,53129,9695,3122127,0,105,15171,16336.86,17041441,13926429,0
2022-02-27,1764,7125046,1373,6215853,52,581472,6275,3068053,101,53230,6383,3128510,0,105,9572,16266.14,17051013,13929625,0
2022-02-28,3770,7128816,3137,6218990,140,581612,13156,3081209,252,53482,13431,3141941,0,105,20478,17124.14,17071491,13936695,0
2022-03-01,2118,7130934,2630,6221620,103,581715,5193,3086402,188,53670,5388,3147329,0,105,10239,15742.71,17081730,13941553,0
2022-03-02,1828,7132762,2447,6224067,107,581822,4144,3090546,210,53880,4365,3151694,0,105,8747,14261,17090477,13945946,0
2022-03-03,1931,7134693,2561,6226628,106,581928,3805,3094351,172,54052,3990,3155684,0,105,8588,12915.71,17099065,13950557,0
2022-03-04,2117,7136810,2878,6229506,66,581994,4334,3098685,209,54261,4555,3160239,0,105,9616,11773,17108681,13955630,0
2022-03-05,1611,7138421,2124,6231630,43,582037,3317,3102002,120,54381,3440,3163679,0,105,7218,10636.86,17115899,13959411,0
2022-03-06,793,7139214,881,6232511,30,582067,1627,3103629,55,54436,1685,3165364,0,105,3389,9753.57,17119288,13961118,0
2022-03-07,1659,7140873,1790,6234301,87,582154,3505,3107134,161,54597,3680,3169044,0,105,7216,7859,17126504,13964668,0
2022-03-08,1548,7142421,1896,6236197,80,582234,3128,3110262,153,54750,3292,3172336,0,105,6816,7370,17133320,13968203,0
2022-03-09,1259,7143680,1682,6237879,80,582314,2595,3112857,130,54880,2730,3175066,0,105,5751,6942,17139071,13971229,0
2022-03-10,1410,7145090,2097,6239976,85,582399,2972,3115829,164,55044,3145,3178211,0,105,6737,6677.57,17145808,13974830,0
2022-03-11,1594,7146684,2277,6242253,81,582480,3215,3119044,191,55235,3424,3181635,0,105,7376,6357.57,17153184,13978800,0
2022-03-12,875,7147559,1417,6243670,42,582522,2010,3121054,75,55310,2088,3183723,0,105,4422,5958.14,17157606,13981137,0
2022-03-13,625,7148184,756,6244426,28,582550,1292,3122346,48,55358,1343,3185066,0,105,2752,5867.14,17160358,13982549,0
2022-03-14,1361,7149545,1615,6246041,83,582633,2998,3125344,208,55566,3226,3188292,0,105,6285,5734.14,17166643,13985628,0
2022-03-15,1354,7150899,1925,6247966,63,582696,3072,3128416,235,55801,3314,3191606,0,105,6656,5711.29,17173299,13988977,0
2022-03-16,1394,7152293,2061,6250027,94,582790,3149,3131565,295,56096,3460,3195066,0,105,7009,5891,17180308,13992542,0
2022-03-17,1192,7153485,1808,6251835,71,582861,2764,3134329,267,56363,3045,3198111,0,105,6116,5802.29,17186424,13995627,0
2022-03-18,1582,7155067,2220,6254055,79,582940,3776,3138105,421,56784,4203,3202314,0,105,8084,5903.43,17194508,13999514,0
2022-03-19,1105,7156172,1736,6255791,54,582994,2605,3140710,229,57013,2839,3205153,0,105,5734,6090.86,17200242,14002414,0
2022-03-20,605,7156777,630,6256421,33,583027,1469,3142179,187,57200,1660,3206813,0,105,2928,6116,17203170,14003686,0
2022-03-21,1414,7158191,1558,6257979,73,583100,3063,3145242,359,57559,3444,3210257,0,105,6489,6145.14,17209659,14006753,0
2022-03-22,1341,7159532,1554,6259533,101,583201,2909,3148151,347,57906,3266,3213523,0,105,6262,6088.86,17215921,14009759,0
2022-03-23,1257,7160789,1360,6260893,66,583267,2921,3151072,376,58282,3306,3216829,0,105,5989,5943.14,17221910,14012451,0
2022-03-24,1210,7161999,1299,6262192,90,583357,2521,3153593,272,58554,2803,3219632,0,105,5402,5841.14,17227312,14015060,0
2022-03-25,1379,7163378,1634,6263826,62,583419,3267,3156860,385,58939,3665,3223297,0,105,6740,5649.14,17234052,14018148,0
2022-03-26,923,7164301,1167,6264993,36,583455,2310,3159170,252,59191,2570,3225867,0,105,4696,5500.86,17238748,14020282,0
2022-03-27,574,7164875,528,6265521,29,583484,1315,3160485,202,59393,1519,3227386,0,105,2650,5461.14,17241398,14021415,0
2022-03-28,1076,7165951,1168,6266689,69,583553,2443,3162928,365,59758,2826,3230212,0,105,5139,5268.29,17246537,14023746,0
2022-03-29,1046,7166997,1106,6267795,85,583638,2514,3165442,886,60644,3420,3233632,1,106,5657,5181.86,17252194,14026002,0
2022-03-30,1238,7168235,1138,6268933,99,583737,3063,3168505,3413,64057,6563,3240195,0,106,9038,5617.43,17261232,14028564,0
2022-03-31,1275,7169510,1247,6270180,57,583794,3165,3171670,5530,69587,8832,3249027,0,106,11412,6476,17272644,14031281,0
2022-04-01,1423,7170933,1488,6271668,77,583871,3245,3174915,6921,76508,10322,3259349,0,106,13310,7414.57,17285954,14034425,0
2022-04-02,906,7171839,910,6272578,33,583904,2083,3176998,4543,81051,6721,3266070,0,106,8570,7968,17294524,14036369,0
2022-04-03,553,7172392,492,6273070,28,583932,1221,3178219,3058,84109,4343,3270413,0,106,5416,8363.14,17299940,14037506,0
2022-04-04,1347,7173739,1303,6274373,61,583993,2722,3180941,7718,91827,10594,3281007,0,106,13305,9529.71,17313245,14040371,0
2022-04-05,1293,7175032,1152,6275525,66,584059,2844,3183785,7504,99331,10522,3291529,0,106,13033,10583.43,17326278,14043056,0
2022-04-06,1332,7176364,1174,6276699,61,584120,2624,3186409,6965,106296,9749,3301278,0,106,12316,11051.71,17338594,14045783,0
2022-04-07,1205,7177569,1061,6277760,57,584177,2376,3188785,6627,112923,9149,3310427,0,106,11472,11060.29,17350066,14048252,0
2022-04-08,1476,7179045,1406,6279166,61,584238,3165,3191950,8793,121716,12151,3322578,0,106,15094,11315.14,17365160,14051388,0
2022-04-09,909,7179954,925,6280091,29,584267,2079,3194029,4957,126673,7120,3329698,0,106,8983,11374.14,17374143,14053335,0
2022-04-10,578,7180532,460,6280551,25,584292,1166,3195195,2903,129576,4130,3333828,0,106,5193,11342.29,17379336,14054459,0
2022-04-11,1305,7181837,1226,6281777,61,584353,2655,3197850,7837,137413,10644,3344472,0,106,13236,11332.43,17392572,14057203,0
2022-04-12,1213,7183050,1057,6282834,73,584426,2519,3200369,7449,144862,10139,3354611,0,106,12482,11253.71,17405054,14059717,0
2022-04-13,1231,7184281,1074,6283908,60,584486,2512,3202881,7548,152410,10209,3364820,0,106,12574,11290.57,17417628,14062231,0
2022-04-14,1262,7185543,1094,6285002,59,584545,2440,3205321,6598,159008,9162,3373982,0,106,11577,11305.57,17429205,14064770,0
2022-04-15,1332,7186875,1094,6286096,53,584598,2557,3207878,6632,165640,9318,3383300,0,106,11797,10834.57,17441002,14067378,0
2022-04-16,855,7187730,652,6286748,34,584632,1643,3209521,3691,169331,5400,3388700,0,106,6941,10542.86,17447943,14068985,0
2022-04-17,345,7188075,201,6286949,27,584659,638,3210159,1158,170489,1819,3390519,0,106,2392,10142.71,17450335,14069581,0
2022-04-18,1383,7189458,1114,6288063,82,584741,2583,3212742,6414,176903,9136,3399655,0,106,11715,9925.43,17462050,14072299,0
2022-04-19,1411,7190869,935,6288998,71,584812,2577,3215319,5759,182662,8439,3408094,0,106,10856,9693.14,17472906,14074819,0
2022-04-20,1302,7192171,1151,6290149,65,584877,2706,3218025,6648,189310,9493,3417587,0,106,12011,9612.71,17484917,14077476,0
2022-04-21,1224,7193395,1062,6291211,53,584930,2339,3220364,5394,194704,7854,3425441,0,106,10193,9415,17495110,14079936,0
2022-04-22,1234,7194629,1041,6292252,46,584976,2241,3222605,5780,200484,8134,3433575,0,106,10456,9223.43,17505566,14082371,0
2022-04-23,710,7195339,748,6293000,59,585035,1429,3224034,3351,203835,4846,3438421,0,106,6363,9140.86,17511929,14083954,0
2022-04-24,440,7195779,336,6293336,27,585062,808,3224842,1819,205654,2659,3441080,0,106,3462,9293.71,17515391,14084789,0
2022-04-25,1039,7196818,914,6294250,64,585126,1850,3226692,5089,210743,7053,3448133,0,106,9070,8915.86,17524461,14086920,0
2022-04-26,948,7197766,857,6295107,76,585202,1746,3228438,4696,215439,6536,3454669,0,106,8417,8567.43,17532878,14088895,0
2022-04-27,1036,7198802,1022,6296129,80,585282,1925,3230363,5212,220651,7259,3461928,0,106,9397,8194,17542275,14091155,0
2022-04-28,1081,7199883,987,6297116,50,585332,2002,3232365,4743,225394,6857,3468785,0,106,8975,8020,17551250,14093385,0
2022-04-29,1176,7201059,1099,6298215,60,585392,2156,3234521,5422,230816,7694,3476479,0,106,10029,7959,17561279,14095836,0
2022-04-30,724,7201783,743,6298958,50,585442,1389,3235910,2969,233785,4403,3480882,0,106,5920,7895.71,17567199,14097398,0
2022-05-01,445,7202228,366,6299324,20,585462,766,3236676,1656,235441,2454,3483336,0,106,3285,7870.43,17570484,14098261,0
2022-05-02,1047,7203275,791,6300115,52,585514,1676,3238352,3820,239261,5563,3488899,1,107,7454,7639.57,17577938,14100218,0
2022-05-03,1117,7204392,863,6300978,61,585575,1994,3240346,4871,244132,6962,3495861,0,107,9003,7723.29,17586941,14102356,0
2022-05-04,1008,7205400,883,6301861,48,585623,1923,3242269,4679,248811,6692,3502553,0,107,8631,7613.86,17595572,14104385,0
2022-05-05,1073,7206473,953,6302814,86,585709,1928,3244197,4882,253693,6909,3509462,0,107,9021,7620.43,17604593,14106596,0
2022-05-06,1096,7207569,955,6303769,51,585760,1859,3246056,4403,258096,6339,3515801,2,109,8441,7393.57,17613034,14108773,0
2022-05-07,660,7208229,590,6304359,32,585792,1203,3247259,2434,260530,3676,3519477,0,109,4958,7256.14,17617992,14110094,0
2022-05-08,411,7208640,243,6304602,17,585809,666,3247925,1387,261917,2076,3521553,0,109,2747,7179.29,17620739,14110788,0
2022-05-09,1077,7209717,943,6305545,60,585869,1893,3249818,4427,266344,6413,3527966,0,109,8493,7327.71,17629232,14112961,0
2022-05-10,1094,7210811,930,6306475,54,585923,1981,3251799,4721,271065,6808,3534774,0,109,8886,7311,17638118,14115145,0
2022-05-11,1085,7211896,972,6307447,44,585967,1944,3253743,4843,275908,6886,3541660,0,109,8987,7361.86,17647105,14117345,0
2022-05-12,1100,7212996,948,6308395,60,586027,2002,3255745,4666,280574,6769,3548429,0,109,8877,7341.29,17655982,14119554,0
2022-05-13,1154,7214150,1039,6309434,44,586071,2070,3257815,4809,285383,6970,3555399,0,109,9207,7450.71,17665189,14121882,0
2022-05-14,824,7214974,669,6310103,31,586102,1466,3259281,2954,288337,4463,3559862,0,109,5987,7597.71,17671176,14123449,0
2022-05-15,508,7215482,355,6310458,22,586124,925,3260206,1648,289985,2600,3562462,0,109,3485,7703.14,17674661,14124361,0
2022-05-16,1227,7216709,855,6311313,62,586186,1830,3262036,3864,293849,5759,3568221,1,110,7904,7619,17682565,14126570,0
2022-05-17,1287,7217996,931,6312244,79,586265,2046,3264082,4896,298745,7036,3575257,0,110,9333,7682.86,17691898,14128961,0
2022-05-18,1237,7219233,900,6313144,82,586347,2063,3266145,4941,303686,7117,3582374,1,111,9337,7732.86,17701235,14131293,0
2022-05-19,1158,7220391,881,6314025,36,586383,2116,3268261,4730,308416,6931,3589305,0,111,9006,7751.29,17710241,14133453,0
2022-05-20,1195,7221586,960,6314985,73,586456,2371,3270632,5207,313623,7691,3596996,0,111,9921,7853.29,17720162,14135796,0
2022-05-21,831,7222417,646,6315631,23,586479,1719,3272351,3306,316929,5086,3602082,0,111,6587,7939,17726749,14137358,0
2022-05-22,507,7222924,292,6315923,22,586501,1135,3273486,1840,318769,3009,3605091,0,111,3830,7988.29,17730579,14138213,0
2022-05-23,1218,7224142,885,6316808,52,586553,2188,3275674,4712,323481,6999,3612090,1,112,9155,8167,17739734,14140467,0
2022-05-24,1405,7225547,937,6317745,66,586619,2300,3277974,4492,327973,6893,3618983,0,112,9302,8162.57,17749036,14142977,0
2022-05-25,1415,7226962,955,6318700,56,586675,2255,3280229,4274,332247,6630,3625613,0,112,9057,8122.57,17758093,14145505,0
2022-05-26,1172,7228134,889,6319589,60,586735,2264,3282493,4154,336401,6487,3632100,1,113,8610,8066,17766703,14147696,0
2022-05-27,1242,7229376,959,6320548,38,586773,2497,3284990,3921,340322,6493,3638593,0,113,8733,7896.29,17775436,14150011,0
2022-05-28,711,7230087,517,6321065,19,586792,1784,3286774,2064,342386,3888,3642481,0,113,5135,7688.86,17780571,14151298,0
2022-05-29,473,7230560,216,6321281,11,586803,760,3287534,1126,343512,1905,3644386,0,113,2605,7513.86,17783176,14152017,0
2022-05-30,91,7230651,61,6321342,6,586809,139,3287673,144,343656,285,3644671,1,114,444,6269.43,17783620,14152177,0
2022-05-31,1137,7231788,918,6322260,51,586860,1896,3289569,3052,346708,5008,3649679,0,114,7114,5956.86,17790734,14154343,0
2022-06-01,1153,7232941,853,6323113,63,586923,1966,3291535,3429,350137,5469,3655148,0,114,7538,5739.86,17798272,14156486,0
2022-06-02,1031,7233972,799,6323912,72,586995,1823,3293358,3175,353312,5059,3660207,0,114,6961,5504.29,17805233,14158449,0
2022-06-03,1161,7235133,893,6324805,47,587042,2068,3295426,3497,356809,5632,3665839,0,114,7733,5361.43,17812966,14160617,0
2022-06-04,723,7235856,582,6325387,26,587068,1555,3296981,1907,358716,3497,3669336,0,114,4830,5317.86,17817796,14161985,0
2022-06-05,449,7236305,297,6325684,1,587069,880,3297861,981,359697,1870,3671206,0,114,2617,5319.57,17820413,14162741,0
2022-06-06,1125,7237430,826,6326510,64,587133,1752,3299613,2746,362443,4548,3675754,0,114,6563,6193.71,17826976,14164806,0
2022-06-07,1024,7238454,769,6327279,70,587203,1789,3301402,2563,365006,4400,3680154,0,114,6263,6072.14,17833239,14166717,0
2022-06-08,1093,7239547,835,6328114,75,587278,1876,3303278,2750,367756,4689,3684843,0,114,6693,5951.43,17839932,14168784,0
2022-06-09,1140,7240687,839,6328953,62,587340,2225,3305503,2694,370450,4971,3689814,0,114,7012,5958.71,17846944,14170877,0
2022-06-10,1048,7241735,817,6329770,75,587415,1878,3307381,2831,373281,4765,3694579,0,114,6705,5811.86,17853649,14172873,0
2022-06-11,679,7242414,508,6330278,25,587440,1326,3308707,1503,374784,2856,3697435,0,114,4068,5703,17857717,14174112,0
2022-06-12,351,7242765,287,6330565,21,587461,877,3309584,773,375557,1660,3699095,0,114,2319,5660.43,17860036,14174781,0
2022-06-13,1028,7243793,769,6331334,63,587524,1577,3311161,2186,377743,3803,3702898,0,114,5664,5532,17865700,14176682,0
2022-06-14,970,7244763,833,6332167,64,587588,1689,3312850,2505,380248,4254,3707152,0,114,6121,5511.71,17871821,14178609,0
2022-06-15,969,7245732,865,6333032,39,587627,1667,3314517,2425,382673,4150,3711302,0,114,6023,5416,17877844,14180540,0
2022-06-16,961,7246693,775,6333807,59,587686,1832,3316349,2370,385043,4256,3715558,1,115,6051,5278.71,17883895,14182388,0
2022-06-17,899,7247592,799,6334606,48,587734,1770,3318119,2400,387443,4214,3719772,0,115,5961,5172.43,17889856,14184179,0
2022-06-18,658,7248250,521,6335127,26,587760,1280,3319399,1297,388740,2605,3722377,1,116,3810,5135.57,17893666,14185411,0
2022-06-19,346,7248596,235,6335362,16,587776,727,3320126,608,389348,1347,3723724,0,116,1944,5082,17895610,14186020,0
2022-06-20,834,7249430,488,6335850,41,587817,1572,3321698,1613,390961,3223,3726947,0,116,4586,4928,17900196,14187421,0
2022-06-21,1134,7250564,743,6336593,50,587867,1696,3323394,2142,393103,3895,3730842,0,116,5823,4885.43,17906019,14189406,0
2022-06-22,1963,7252527,833,6337426,46,587913,1706,3325100,1994,395097,3744,3734586,0,116,6586,4965.86,17912605,14192292,0
2022-06-23,2120,7254647,763,6338189,65,587978,1698,3326798,2153,397250,3901,3738487,0,116,6850,5080,17919455,14195291,0
2022-06-24,2172,7256819,759,6338948,48,588026,1622,3328420,2159,399409,3829,3742316,0,116,6808,5201,17926263,14198318,0
2022-06-25,2138,7258957,497,6339445,15,588041,1234,3329654,1143,400552,2390,3744706,0,116,5044,5377.29,17931307,14200985,0
2022-06-26,1212,7260169,248,6339693,14,588055,686,3330340,531,401083,1223,3745929,0,116,2697,5484.86,17934004,14202465,0
2022-06-27,1533,7261702,653,6340346,60,588115,1465,3331805,1656,402739,3160,3749089,0,116,5406,5602,17939410,14204750,0
2022-06-28,1691,7263393,831,6341177,57,588172,1858,3333663,2143,404882,4046,3753135,0,116,6625,5716.57,17946035,14207374,0
2022-06-29,1858,7265251,777,6341954,48,588220,1717,3335380,1925,406807,3682,3756817,0,116,6365,5685,17952400,14210097,0
2022-06-30,1868,7267119,807,6342761,46,588266,1732,3337112,2133,408940,3909,3760726,0,116,6630,5653.57,17959030,14212862,0
2022-07-01,1602,7268721,597,6343358,26,588292,1394,3338506,1728,410668,3155,3763881,0,116,5380,5449.57,17964410,14215120,0
2022-07-02,978,7269699,389,6343747,18,588310,836,3339342,940,411608,1794,3765675,0,116,3179,5183.14,17967589,14216523,0
2022-07-03,530,7270229,205,6343952,7,588317,459,3339801,487,412095,949,3766624,0,116,1691,5039.43,17969280,14217268,0
2022-07-04,36,7270265,25,6343977,1,588318,31,3339832,38,412133,69,3766693,0,116,131,4285.86,17969411,14217330,0
2022-07-05,1296,7271561,758,6344735,35,588353,1404,3341236,1738,413871,3174,3769867,0,116,5263,4091.29,17974674,14219451,0
2022-07-06,1611,7273172,679,6345414,44,588397,1444,3342680,1842,415713,3325,3773192,0,116,5659,3990.43,17980333,14221824,0
2022-07-07,1592,7274764,712,6346126,48,588445,1529,3344209,2001,417714,3568,3776760,0,116,5920,3889,17986253,14224214,0
2022-07-08,1632,7276396,650,6346776,37,588482,1474,3345683,1977,419691,3500,3780260,0,116,5821,3952,17992074,14226584,0
2022-07-09,983,7277379,432,6347208,26,588508,878,3346561,1347,421038,2256,3782516,0,116,3697,4026,17995771,14228056,0
2022-07-10,638,7278017,187,6347395,17,588525,430,3346991,659,421697,1099,3783615,0,116,1941,4061.71,17997712,14228908,0
2022-07-11,1396,7279413,634,6348029,49,588574,1439,3348430,2213,423910,3686,3787301,0,116,5765,4866.57,18003477,14231021,0
2022-07-12,1404,7280817,687,6348716,45,588619,1399,3349829,2513,426423,3986,3791287,0,116,6122,4989.29,18009599,14233231,0
2022-07-13,1619,7282436,727,6349443,37,588656,1523,3351352,2832,429255,4420,3795707,0,116,6803,5152.71,18016402,14235679,0
2022-07-14,1587,7284023,842,6350285,47,588703,1602,3352954,3059,432314,4735,3800442,0,116,7212,5337.29,18023614,14238230,0
2022-07-15,1615,7285638,939,6351224,47,588750,1571,3354525,3051,435365,4681,3805123,0,116,7282,5546,18030896,14240890,0
2022-07-16,883,7286521,585,6351809,9,588759,979,3355504,1698,437063,2707,3807830,0,116,4184,5615.57,18035080,14242397,0
2022-07-17,550,7287071,290,6352099,16,588775,527,3356031,1166,438229,1718,3809548,0,116,2574,5706,18037654,14243278,0
2022-07-18,1405,7288476,843,6352942,45,588820,1430,3357461,2467,440696,3952,3813500,0,116,6245,5774.57,18043899,14245626,0
2022-07-19,1443,7289919,976,6353918,51,588871,1535,3358996,2800,443496,4428,3817928,0,116,6898,5885.43,18050797,14248189,0
2022-07-20,1380,7291299,1485,6355403,50,588921,1352,3360348,2395,445891,3806,3821734,0,116,6722,5873.86,18057519,14251164,0
2022-07-21,1334,7292633,1434,6356837,50,588971,1394,3361742,2363,448254,3804,3825538,0,116,6622,5789.57,18064141,14254029,0
2022-07-22,1428,7294061,1568,6358405,41,589012,1563,3363305,2854,451108,4498,3830036,0,116,7535,5825.71,18071676,14257147,0
2022-07-23,903,7294964,1098,6359503,17,589029,994,3364299,1556,452664,2584,3832620,3,119,4605,5885.86,18076281,14259199,0
2022-07-24,484,7295448,642,6360145,14,589043,503,3364802,805,453469,1316,3833936,0,119,2457,5869.14,18078738,14260348,0
2022-07-25,1228,7296676,766,6360911,59,589102,1261,3366063,2064,455533,3377,3837313,0,119,5430,5752.71,18084168,14262453,0
2022-07-26,1232,7297908,1021,6361932,41,589143,1471,3367534,2442,457975,3970,3841283,0,119,6265,5662.29,18090433,14264805,0
2022-07-27,1320,7299228,1278,6363210,42,589185,1387,3368921,2190,460165,3638,3844921,2,121,6282,5599.43,18096715,14267508,0
2022-07-28,1312,7300540,1423,6364633,71,589256,1424,3370345,2216,462381,3690,3848611,1,122,6497,5581.57,18103212,14270364,0
2022-07-29,1317,7301857,1430,6366063,64,589320,1358,3371703,2156,464537,3559,3852170,0,122,6371,5415.29,18109583,14273221,0
2022-07-30,740,7302597,715,6366778,25,589345,791,3372494,961,465498,1772,3853942,0,122,3255,5222.43,18112838,14274724,0
2022-07-31,422,7303019,590,6367368,14,589359,488,3372982,571,466069,1065,3855007,0,122,2091,5170.14,18114929,14275756,0
2022-08-01,1241,7304260,912,6368280,55,589414,1328,3374310,1508,467577,2881,3857888,1,123,5090,5121.57,18120019,14278009,0
2022-08-02,1229,7305489,1014,6369294,73,589487,1346,3375656,1598,469175,2989,3860877,0,123,5305,4984.43,18125324,14280370,0
2022-08-03,1264,7306753,1190,6370484,41,589528,1341,3376997,1531,470706,2911,3863788,0,123,5406,4859.29,18130730,14282904,0
2022-08-04,1191,7307944,1188,6371672,57,589585,1287,3378284,1457,472163,2773,3866561,0,123,5209,4675.29,18135939,14285369,0
2022-08-05,1318,7309262,1450,6373122,49,589634,1310,3379594,1441,473604,2775,3869336,0,123,5592,4564,18141531,14288210,0
2022-08-06,695,7309957,843,6373965,14,589648,762,3380356,777,474381,1564,3870900,0,123,3117,4544.29,18144648,14289788,0
2022-08-07,391,7310348,457,6374422,14,589662,424,3380780,358,474739,793,3871693,0,123,1655,4482,18146303,14290661,0
2022-08-08,1194,7311542,932,6375354,70,589732,1273,3382053,1178,475917,2481,3874174,0,123,4677,4423,18150980,14292887,0
2022-08-09,1134,7312676,893,6376247,38,589770,1228,3383281,1159,477076,2420,3876594,0,123,4485,4305.86,18155465,14294985,0
2022-08-10,1222,7313898,1111,6377358,59,589829,1258,3384539,1247,478323,2539,3879133,0,123,4931,4238,18160396,14297411,0
2022-08-11,1281,7315179,1069,6378427,84,589913,1211,3385750,1279,479602,2529,3881662,0,123,4963,4202.86,18165359,14299884,0
2022-08-12,1300,7316479,1407,6379834,55,589968,1267,3387017,1249,480851,2546,3884208,0,123,5308,4162.29,18170667,14302676,0
2022-08-13,758,7317237,786,6380620,15,589983,762,3387779,631,481482,1412,3885620,0,123,2971,4141.43,18173638,14304254,0
2022-08-14,473,7317710,478,6381098,20,590003,405,3388184,281,481763,689,3886309,0,123,1660,4142.14,18175298,14305228,0
2022-08-15,1245,7318955,1061,6382159,60,590063,1316,3389500,989,482752,2346,3888655,1,124,4713,4147.29,18180011,14307635,0
2022-08-16,1310,7320265,869,6383028,50,590113,1365,3390865,1077,483829,2474,3891129,0,124,4703,4178.43,18184714,14309896,0
2022-08-17,1215,7321480,957,6383985,39,590152,1235,3392100,1004,484833,2278,3893407,1,125,4490,4115.43,18189204,14312146,0
2022-08-18,1167,7322647,945,6384930,45,590197,1268,3393368,947,485780,2240,3895647,0,125,4397,4034.57,18193601,14314328,0
2022-08-19,1255,7323902,1130,6386060,34,590231,1116,3394484,978,486758,2124,3897771,6,131,4549,3926.14,18198150,14316777,0
2022-08-20,587,7324489,493,6386553,16,590247,630,3395114,504,487262,1147,3898918,1,132,2244,3822.29,18200394,14317886,0
2022-08-21,358,7324847,243,6386796,9,590256,382,3395496,267,487529,652,3899570,0,132,1262,3765.43,18201656,14318499,0
2022-08-22,1220,7326067,921,6387717,40,590296,1232,3396728,888,488417,2147,3901717,0,132,4328,3710.43,18205984,14320707,0
2022-08-23,1241,7327308,1050,6388767,48,590344,1378,3398106,962,489379,2368,3904085,3,135,4710,3711.43,18210694,14323074,0
2022-08-24,1268,7328576,1015,6389782,29,590373,1290,3399396,822,490201,2138,3906223,0,135,4451,3705.86,18215145,14325413,0
2022-08-25,1221,7329797,994,6390776,66,590439,1184,3400580,813,491014,2013,3908236,4,139,4297,3691.57,18219442,14327709,0
2022-08-26,1190,7330987,1179,6391955,56,590495,1192,3401772,778,491792,1991,3910227,1,140,4416,3672.57,18223858,14330154,0
2022-08-27,696,7331683,541,6392496,14,590509,673,3402445,404,492196,1090,3911317,2,142,2343,3686.71,18226201,14331418,0
2022-08-28,381,7332064,237,6392733,10,590519,443,3402888,227,492423,673,3911990,0,142,1301,3692.29,18227502,14332049,0
2022-08-29,1256,7333320,975,6393708,41,590560,1218,3404106,682,493105,1921,3913911,0,142,4194,3673.14,18231696,14334343,0
2022-08-30,1270,7334590,940,6394648,36,590596,1267,3405373,766,493871,2064,3915975,2,144,4312,3616.29,18236008,14336620,0
2022-08-31,1156,7335746,1012,6395660,43,590639,1102,3406475,571,494442,1694,3917669,0,144,3906,3538.43,18239914,14338853,0
2022-09-01,1025,7336771,960,6396620,51,590690,805,3407280,455,494897,1274,3918943,5,149,3316,3398.29,18243230,14340904,0
2022-09-02,976,7337747,1018,6397638,32,590722,592,3407872,175,495072,774,3919717,92,241,2877,3178.43,18246107,14342922,0
2022-09-03,530,7338277,448,6398086,12,590734,367,3408239,50,495122,421,3920138,314,555,1676,3083.14,18247783,14343867,0
2022-09-04,252,7338529,212,6398298,10,590744,188,3408427,25,495147,215,3920353,312,867,958,3034.14,18248741,14344300,0
2022-09-05,78,7338607,71,6398369,7,590751,44,3408471,16,495163,61,3920414,9,876,226,2467.29,18248967,14344457,0
2022-09-06,1124,7339731,1228,6399597,51,590802,631,3409102,130,495293,770,3921184,1269,2145,4221,2454.29,18253188,14346648,0
2022-09-07,1475,7341206,1383,6400980,38,590840,479,3409581,148,495441,647,3921831,6446,8591,9105,3197,18262293,14348680,0
2022-09-08,1529,7342735,1198,6402178,36,590876,251,3409832,111,495552,378,3922209,7795,16386,9810,4124.71,18272103,14350333,0
2022-09-09,1554,7344289,1608,6403786,48,590924,280,3410112,122,495674,433,3922642,9881,26267,12357,5479,18284460,14352407,0
2022-09-10,845,7345134,835,6404621,12,590936,264,3410376,44,495718,322,3922964,5314,31581,6745,6203.14,18291205,14353530,0
2022-09-11,496,7345630,442,6405063,11,590947,86,3410462,30,495748,125,3923089,3942,35523,4530,6713.43,18295735,14354002,0
2022-09-12,1680,7347310,1440,6406503,39,590986,205,3410667,90,495838,329,3923418,11659,47182,13539,8615.29,18309274,14355587,0
2022-09-13,1403,7348713,1272,6407775,32,591018,218,3410885,115,495953,382,3923800,9727,56909,11726,9687.43,18321000,14357253,0
2022-09-14,1412,7350125,1277,6409052,31,591049,224,3411109,123,496076,386,3924186,11012,67921,13055,10251.71,18334055,14358949,0
2022-09-15,1567,7351692,1284,6410336,22,591071,225,3411334,112,496188,372,3924558,12069,79990,14090,10863.14,18348145,14360633,0
2022-09-16,1691,7353383,1635,6411971,27,591098,268,3411602,155,496343,478,3925036,13788,93778,16244,11418.43,18364389,14362666,0
2022-09-17,803,7354186,869,6412840,12,591110,273,3411875,77,496420,373,3925409,6999,100777,8411,11656.43,18372800,14363728,0
2022-09-18,522,7354708,413,6413253,7,591117,74,3411949,26,496446,113,3925522,4480,105257,4971,11719.43,18377771,14364119,0
2022-09-19,1563,7356271,1324,6414577,29,591146,225,3412174,95,496541,346,3925868,13812,119069,15512,12001.29,18393283,14365499,0
2022-09-20,1442,7357713,1251,6415828,27,591173,219,3412393,90,496631,357,3926225,13179,132248,14976,12465.57,18408259,14366987,0
2022-09-21,1669,7359382,1349,6417177,31,591204,258,3412651,131,496762,423,3926648,14861,147109,16764,12995.43,18425023,14368501,0
2022-09-22,1469,7360851,1263,6418440,28,591232,171,3412822,138,496900,357,3927005,13222,160331,15035,13130.43,18440058,14370005,0
2022-09-23,1749,7362600,1651,6420091,24,591256,250,3413072,135,497035,448,3927453,16880,177211,19172,13548.71,18459230,14371912,0
2022-09-24,801,7363401,888,6420979,8,591264,267,3413339,67,497102,353,3927806,7483,184694,8834,13609.14,18468064,14372929,0
2022-09-25,485,7363886,395,6421374,1,591265,72,3413411,47,497149,128,3927934,4508,189202,4994,13612.43,18473058,14373296,0
2022-09-26,1578,7365464,1248,6422622,16,591281,284,3413695,144,497293,485,3928419,15012,204214,16704,13782.71,18489762,14374560,0
2022-09-27,1541,7367005,1307,6423929,26,591307,282,3413977,166,497459,484,3928903,14152,218366,16133,13948,18505895,14376093,0
2022-09-28,1622,7368627,1300,6425229,18,591325,189,3414166,184,497643,427,3929330,15493,233859,17266,14019.71,18523161,14377493,0
2022-09-29,1685,7370312,1301,6426530,19,591344,176,3414342,101,497744,313,3929643,15368,249227,17221,14332,18540382,14379069,0
2022-09-30,1648,7371960,1558,6428088,13,591357,181,3414523,175,497919,402,3930045,16485,265712,18649,14257.29,18559031,14380877,0
2022-10-01,718,7372678,669,6428757,5,591362,132,3414655,35,497954,176,3930221,7040,272752,7930,14128.14,18566961,14381600,0
2022-10-02,515,7373193,429,6429186,5,591367,48,3414703,45,497999,107,3930328,4430,277182,4840,14106.14,18571801,14381917,0
2022-10-03,1556,7374749,1188,6430374,23,591390,155,3414858,114,498113,315,3930643,14566,291748,15964,14000.43,18587765,14383046,0
2022-10-04,1385,7376134,1156,6431530,15,591405,150,3415008,120,498233,298,3930941,13397,305145,14792,13808.86,18602557,14384171,0
2022-10-05,1599,7377733,1286,6432816,17,591422,280,3415288,164,498397,497,3931438,14864,320009,16686,13726,18619243,14385549,0
2022-10-06,1493,7379226,1248,6434064,19,591441,167,3415455,161,498558,386,3931824,14951,334960,16616,13639.57,18635859,14386886,0
2022-10-07,1669,7380895,1426,6435490,15,591456,169,3415624,133,498691,364,3932188,17101,352061,19060,13698.29,18654919,14388543,0
2022-10-08,763,7381658,682,6436172,4,591460,143,3415767,62,498753,222,3932410,7693,359754,8622,13797.14,18663541,14389267,0
2022-10-09,493,7382151,410,6436582,5,591465,47,3415814,54,498807,119,3932529,4695,364449,5119,13837,18668660,14389590,0
2022-10-10,1549,7383700,1250,6437832,14,591479,174,3415988,116,498923,329,3932858,15196,379645,16489,13912,18685149,14390593,0
2022-10-11,1648,7385348,1106,6438938,19,591498,178,3416166,152,499075,385,3933243,14302,393947,15834,14060.86,18700983,14391795,0
2022-10-12,1863,7387211,1318,6440256,17,591515,133,3416299,182,499257,382,3933625,16257,410204,17849,14227,18718832,14393072,0
2022-10-13,1623,7388834,1149,6441405,28,591543,133,3416432,199,499456,403,3934028,14011,424215,15541,14073.43,18734373,14394270,0
2022-10-14,1819,7390653,1541,6442946,25,591568,130,3416562,179,499635,362,3934390,17190,441405,19173,14089.57,18753546,14395944,0
2022-10-15,772,7391425,638,6443584,9,591577,90,3416652,68,499703,179,3934569,7597,449002,8453,14065.43,18761999,14396642,0
2022-10-16,567,7391992,411,6443995,3,591580,25,3416677,65,499768,121,3934690,4728,453730,5171,14072.86,18767170,14396995,0
2022-10-17,1817,7393809,1250,6445245,18,591598,83,3416760,118,499886,238,3934928,16066,469796,17381,14200.29,18784551,14398109,0
2022-10-18,1695,7395504,1172,6446417,20,591618,101,3416861,141,500027,290,3935218,14620,484416,16007,14225,18800558,14399254,0
2022-10-19,2098,7397602,1323,6447740,21,591639,84,3416945,143,500170,290,3935508,16217,500633,17684,14201.43,18818242,14400494,0
2022-10-20,1697,7399299,1168,6448908,10,591649,88,3417033,152,500322,308,3935816,15388,516021,16842,14387.29,18835084,14401708,0
2022-10-21,1814,7401113,1347,6450255,11,591660,93,3417126,151,500473,300,3936116,16725,532746,18388,14275.14,18853472,14403127,0
2022-10-22,747,7401860,670,6450925,9,591669,44,3417170,46,500519,100,3936216,7676,540422,8406,14268.43,18861878,14403767,0
2022-10-23,524,7402384,368,6451293,3,591672,21,3417191,39,500558,69,3936285,4806,545228,5082,14255.71,18866960,14403983,0
2022-10-24,1747,7404131,1211,6452504,19,591691,71,3417262,113,500671,224,3936509,15540,560768,16823,14176,18883783,14405082,0
2022-10-25,1661,7405792,1187,6453691,12,591703,94,3417356,111,500782,234,3936743,15017,575785,16317,14220.29,18900100,14406177,0
2022-10-26,1861,7407653,1331,6455022,11,591714,90,3417446,171,500953,339,3937082,16793,592578,18267,14303.57,18918367,14407390,0
2022-10-27,1590,7409243,1073,6456095,13,591727,96,3417542,138,501091,289,3937371,15062,607640,16387,14238.57,18934754,14408481,0
2022-10-28,1707,7410950,1419,6457514,17,591744,106,3417648,154,501245,318,3937689,16741,624381,18553,14262.14,18953307,14410033,0
2022-10-29,698,7411648,544,6458058,9,591753,69,3417717,57,501302,140,3937829,7731,632112,8408,14262.43,18961715,14410584,0
2022-10-30,523,7412171,305,6458363,3,591756,19,3417736,57,501359,92,3937921,4489,636601,4777,14218.86,18966492,14410796,0
2022-10-31,1680,7413851,1112,6459475,8,591764,47,3417783,126,501485,217,3938138,14567,651168,15514,14031.86,18982006,14411570,0
2022-11-01,1670,7415521,1022,6460497,18,591782,78,3417861,128,501613,237,3938375,13593,664761,14905,13830.14,18996911,14412676,0
2022-11-02,1746,7417267,1124,6461621,17,591799,89,3417950,122,501735,253,3938628,14861,679622,16132,13525.14,19013043,14413736,0
2022-11-03,1422,7418689,1036,6462657,14,591813,84,3418034,165,501900,326,3938954,12608,692230,13882,13167.29,19026925,14414761,0
2022-11-04,1745,7420434,1223,6463880,14,591827,101,3418135,141,502041,275,3939229,15422,707652,17025,12949,19043950,14416122,0
2022-11-05,825,7421259,532,6464412,6,591833,67,3418202,80,502121,161,3939390,7027,714679,7747,12854.57,19051697,14416695,0
2022-11-06,407,7421666,331,6464743,4,591837,20,3418222,49,502170,106,3939496,4066,718745,4409,12802,19056106,14416969,0
2022-11-07,1637,7423303,1069,6465812,14,591851,75,3418297,99,502269,210,3939706,13200,731945,14357,12636.71,19070463,14417952,0
2022-11-08,1533,7424836,1007,6466819,7,591858,96,3418393,130,502399,260,3939966,12007,743952,13258,12401.43,19083721,14418977,0
2022-11-09,1570,7426406,1054,6467873,9,591867,85,3418478,114,502513,244,3940210,12149,756101,13405,12011.86,19097126,14420034,0
2022-11-10,1488,7427894,1012,6468885,14,591881,72,3418550,147,502660,276,3940486,12256,768357,13540,11963,19110666,14421099,0
2022-11-11,1505,7429399,1079,6469964,11,591892,98,3418648,101,502761,220,3940706,12820,781177,14249,11566.43,19124915,14422329,0
2022-11-12,673,7430072,516,6470480,2,591894,57,3418705,61,502822,128,3940834,6427,787604,7050,11466.86,19131965,14422834,0
2022-11-13,496,7430568,343,6470823,4,591898,16,3418721,68,502890,99,3940933,3894,791498,4213,11438.86,19136178,14423069,0
2022-11-14,1450,7432018,1025,6471848,19,591917,59,3418780,114,503004,204,3941137,11620,803118,12733,11206.86,19148911,14424009,0
2022-11-15,1486,7433504,1007,6472855,15,591932,103,3418883,166,503170,294,3941431,11262,814380,12642,11118.86,19161553,14425120,0
2022-11-16,1610,7435114,1036,6473891,21,591953,66,3418949,145,503315,246,3941677,11561,825941,12803,11032.86,19174356,14426151,0
2022-11-17,1400,7436514,971,6474862,10,591963,65,3419014,166,503481,272,3941949,10505,836446,11777,10781,19186133,14427192,0
2022-11-18,1568,7438082,1099,6475961,12,591975,68,3419082,118,503599,217,3942166,12320,848766,13911,10732.71,19200044,14428597,0
2022-11-19,679,7438761,439,6476400,4,591979,57,3419139,60,503659,126,3942292,5895,854661,6560,10662.71,19206604,14429145,0
2022-11-20,473,7439234,310,6476710,4,591983,12,3419151,35,503694,65,3942357,3537,858198,3837,10609,19210441,14429398,0
2022-11-21,1520,7440754,918,6477628,4,591987,51,3419202,81,503775,149,3942506,10390,868588,11362,10413.14,19221803,14430238,0
2022-11-22,1272,7442026,815,6478443,7,591994,53,3419255,88,503863,157,3942663,9251,877839,10263,10073.29,19232066,14431109,0
2022-11-23,1294,7443320,731,6479174,11,592005,63,3419318,75,503938,164,3942827,8662,886501,9590,9614.29,19241656,14431899,0
2022-11-24,19,7443339,9,6479183,2,592007,0,3419318,6,503944,8,3942835,110,886611,135,7951.14,19241791,14431918,0
2022-11-25,679,7444018,474,6479657,13,592020,36,3419354,54,503998,110,3942945,5682,892293,6412,6879.86,19248203,14432558,0
2022-11-26,591,7444609,379,6480036,2,592022,15,3419369,42,504040,62,3943007,4887,897180,5325,6703.43,19253528,14432939,0
2022-11-27,399,7445008,219,6480255,1,592023,10,3419379,23,504063,48,3943055,3172,900352,3360,6635.29,19256888,14433094,0
2022-11-28,952,7445960,698,6480953,9,592032,58,3419437,62,504125,140,3943195,6956,907308,7916,6143,19264804,14433934,0
2022-11-29,925,7446885,707,6481660,8,592040,45,3419482,73,504198,144,3943339,6930,914238,7962,5814.29,19272766,14434848,0
2022-11-30,1214,7448099,868,6482528,14,592054,49,3419531,53,504251,122,3943461,8727,922965,9729,5834.14,19282495,14435748,0
2022-12-01,1129,7449228,770,6483298,11,592065,60,3419591,95,504346,182,3943643,8480,931445,9541,7177.86,19292036,14436654,0
2022-12-02,1323,7450551,968,6484266,13,592078,70,3419661,103,504449,194,3943837,10220,941665,11542,7910.71,19303578,14437803,0
2022-12-03,609,7451160,421,6484687,12,592090,42,3419703,41,504490,86,3943923,4936,946601,5458,7929.71,19309036,14438242,0
2022-12-04,417,7451577,281,6484968,4,592094,7,3419710,26,504516,40,3943963,3276,949877,3500,7949.71,19312536,14438433,0
2022-12-05,1159,7452736,768,6485736,15,592109,57,3419767,69,504585,142,3944105,8599,958476,9595,8189.57,19322131,14439303,0
2022-12-06,1171,7453907,765,6486501,13,592122,63,3419830,87,504672,169,3944274,8151,966627,9140,8357.86,19331271,14440142,0
2022-12-07,1214,7455121,754,6487255,12,592134,63,3419893,80,504752,165,3944439,8308,974935,9328,8300.57,19340599,14441019,0
2022-12-08,1106,7456227,741,6487996,14,592148,67,3419960,76,504828,165,3944604,8679,983614,9705,8324,19350304,14441902,0
2022-12-09,1250,7457477,971,6488967,13,592161,80,3420040,102,504930,208,3944812,10406,994020,11770,8356.57,19362074,14443084,0
2022-12-10,674,7458151,461,6489428,7,592168,38,3420078,74,505004,130,3944942,6124,1000144,6699,8533.86,19368773,14443547,0
2022-12-11,431,7458582,262,6489690,4,592172,11,3420089,35,505039,56,3944998,3685,1003829,3887,8589.14,19372660,14443703,0
2022-12-12,1336,7459918,802,6490492,19,592191,77,3420166,105,505144,207,3945205,9979,1013808,11020,8792.71,19383680,14444562,0
2022-12-13,1268,7461186,842,6491334,17,592208,50,3420216,98,505242,177,3945382,9721,1023529,10750,9022.71,19394430,14445443,0
2022-12-14,1198,7462384,828,6492162,12,592220,66,3420282,99,505341,192,3945574,9624,1033153,10599,9204.29,19405029,14446253,0
2022-12-15,1198,7463582,698,6492860,10,592230,56,3420338,108,505449,180,3945754,8452,1041605,9408,9161.86,19414437,14447045,0
2022-12-16,1201,7464783,801,6493661,12,592242,68,3420406,124,505573,215,3945969,9363,1050968,10530,8984.71,19424967,14448020,0
2022-12-17,657,7465440,460,6494121,8,592250,29,3420435,35,505608,77,3946046,5805,1056773,6276,8924.29,19431243,14448427,0
2022-12-18,454,7465894,236,6494357,2,592252,14,3420449,23,505631,47,3946093,3461,1060234,3666,8892.71,19434909,14448595,0
2022-12-19,1208,7467102,780,6495137,7,592259,50,3420499,80,505711,144,3946237,8912,1069146,9813,8720.29,19444722,14449366,0
2022-12-20,1212,7468314,757,6495894,18,592277,81,3420580,138,505849,276,3946513,8569,1077715,9695,8569.57,19454417,14450273,0
2022-12-21,1096,7469410,694,6496588,16,592293,49,3420629,93,505942,172,3946685,8274,1085989,9143,8361.57,19463560,14451000,0
2022-12-22,995,7470405,584,6497172,4,592297,41,3420670,72,506014,131,3946816,6924,1092913,7648,8110.14,19471208,14451611,0
2022-12-23,831,7471236,508,6497680,10,592307,39,3420709,57,506071,109,3946925,5879,1098792,6479,7531.43,19477687,14452115,0
2022-12-24,190,7471426,111,6497791,1,592308,2,3420711,15,506086,20,3946945,1377,1100169,1496,6848.57,19479183,14452217,0
2022-12-25,5,7471431,3,6497794,0,592308,0,3420711,0,506086,0,3946945,29,1100198,32,6329.43,19479215,14452220,0
2022-12-26,571,7472002,266,6498060,16,592324,14,3420725,22,506108,41,3946986,3293,1103491,3596,5441.29,19482811,14452487,0
2022-12-27,1088,7473090,602,6498662,13,592337,55,3420780,57,506165,122,3947108,7215,1110706,8009,5200.43,19490820,14453169,0
2022-12-28,1064,7474154,562,6499224,8,592345,53,3420833,62,506227,125,3947233,6977,1117683,7760,5002.86,19498580,14453837,0
2022-12-29,1011,7475165,580,6499804,9,592354,47,3420880,85,506312,156,3947389,6568,1124251,7383,4965,19505963,14454520,0
2022-12-30,951,7476116,536,6500340,9,592363,46,3420926,47,506359,103,3947492,6107,1130358,6821,5013.86,19512784,14455141,0
2022-12-31,303,7476419,164,6500504,4,592367,16,3420942,10,506369,29,3947521,1790,1132148,1967,5081.14,19514751,14455292,0
2023-01-01,15,7476434,9,6500513,0,592367,1,3420943,5,506374,6,3947527,53,1132201,75,5087.29,19514826,14455308,0
2023-01-02,655,7477089,324,6500837,10,592377,14,3420957,23,506397,43,3947570,3653,1135854,3994,5144.14,19518820,14455612,0
2023-01-03,962,7478051,584,6501421,9,592386,41,3420998,55,506452,110,3947680,5429,1141283,6202,4886,19525022,14456289,0
2023-01-04,1080,7479131,668,6502089,16,592402,50,3421048,60,506512,129,3947809,6064,1147347,6918,4765.71,19531940,14457033,0
2023-01-05,997,7480128,584,6502673,23,592425,34,3421082,85,506597,139,3947948,5701,1153048,6611,4655.43,19538551,14457824,0
2023-01-06,1044,7481172,773,6503446,17,592442,48,3421130,81,506678,141,3948089,6455,1159503,7490,4751,19546041,14458730,0
2023-01-07,603,7481775,428,6503874,8,592450,18,3421148,34,506712,58,3948147,4400,1163903,4859,5164.14,19550900,14459137,0
2023-01-08,378,7482153,244,6504118,4,592454,11,3421159,29,506741,47,3948194,2554,1166457,2763,5548.14,19553663,14459306,0
2023-01-09,941,7483094,555,6504673,17,592471,49,3421208,39,506780,98,3948292,5554,1172011,6361,5886.29,19560024,14460025,0
2023-01-10,838,7483932,632,6505305,8,592479,47,3421255,65,506845,125,3948417,5270,1177281,6128,5875.71,19566152,14460771,0
2023-01-11,855,7484787,543,6505848,21,592500,45,3421300,53,506898,118,3948535,5112,1182393,5884,5728,19572036,14461445,0
2023-01-12,735,7485522,479,6506327,19,592519,45,3421345,79,506977,141,3948676,4473,1186866,5302,5541,19577338,14462150,0
2023-01-13,795,7486317,547,6506874,9,592528,64,3421409,56,507033,137,3948813,5287,1192153,6159,5350.86,19583497,14462902,0
2023-01-14,504,7486821,279,6507153,9,592537,25,3421434,30,507063,57,3948870,3185,1195338,3580,5168.14,19587077,14463242,0
2023-01-15,285,7487106,149,6507302,4,592541,15,3421449,22,507085,52,3948922,1781,1197119,1980,5056.29,19589057,14463404,0
2023-01-16,494,7487600,293,6507595,11,592552,30,3421479,26,507111,63,3948985,2721,1199840,3141,4596.29,19592198,14463768,0
2023-01-17,785,7488385,461,6508056,18,592570,47,3421526,71,507182,131,3949116,3760,1203600,4593,4377,19596791,14464483,0
2023-01-18,789,7489174,468,6508524,13,592583,47,3421573,60,507242,114,3949230,3662,1207262,4447,4171.71,19601238,14465161,0
2023-01-19,631,7489805,423,6508947,5,592588,48,3421621,32,507274,99,3949329,3037,1210299,3748,3949.71,19604986,14465792,0
2023-01-20,655,7490460,451,6509398,18,592606,40,3421661,44,507318,91,3949420,3491,1213790,4230,3674.14,19609216,14466447,120000
2023-01-21,361,7490821,187,6509585,11,592617,16,3421677,13,507331,30,3949450,1846,1215636,2133,3467.43,19611349,14466705,120000
2023-01-22,216,7491037,62,6509647,5,592622,0,3421677,2,507333,3,3949453,859,1216495,953,3320.71,19612302,14466797,120000
2023-01-23,624,7491661,328,6509975,12,592634,14,3421691,47,507380,69,3949522,2673,1219168,3325,3347,19615627,14467388,120000
2023-01-24,546,7492207,367,6510342,14,592648,35,3421726,32,507412,80,3949602,2838,1222006,3448,3183.43,19619075,14467931,120000
2023-01-25,570,7492777,330,6510672,17,592665,31,3421757,36,507448,80,3949682,2537,1224543,3156,2999,19622231,14468483,120000
2023-01-26,228,7493005,142,6510814,10,592675,18,3421775,34,507482,60,3949742,1100,1225643,1401,2663.71,19623632,14468732,120000
