"DATE","ADMIN_DOSE1_DAILY","ADMIN_DOSE1_CUMULATIVE","ADMIN_DOSE2_DAILY","ADMIN_DOSE2_CUMULATIVE","ADMIN_SINGLE_DAILY","ADMIN_SINGLE_CUMULATIVE","ADMIN_ADDITIONAL1_DAILY","ADMIN_ADDITIONAL1_CUMULATIVE","ADMIN_ADDITIONAL2_DAILY","ADMIN_ADDITIONAL2_CUMULATIVE","ADMIN_ADDITIONAL_DAILY","ADMIN_ADDITIONAL_CUMULATIVE","ADMIN_ALLDOSES_DAILY","ADMIN_ALLDOSES_7DAYAVG","ADMIN_ALLDOSES_CUMULATIVE","ADMIN_ALLDOSES_PRIMARY","INCOMPLETE"
2020-12-14,79,79,0,0,2,2,0,0,0,0,0,0,81,,81,81,0
2020-12-15,2051,2130,6,6,5,7,0,0,0,0,0,0,2062,,2143,2143,0
2020-12-16,4606,6736,15,21,4,11,1,1,0,0,1,1,4626,,6769,6768,0
2020-12-17,4659,11395,18,39,2,13,1,2,0,0,1,2,4680,,11449,11447,0
2020-12-18,5835,17230,18,57,2,15,2,4,0,0,2,4,5857,,17306,17302,0
2020-12-19,1687,18917,8,65,3,18,0,4,0,0,0,4,1698,,19004,19000,0
2020-12-20,1116,20033,2,67,1,19,0,4,0,0,0,4,1119,2874.71,20123,20119,0
2020-12-21,6392,26425,20,87,0,19,5,9,0,0,5,9,6417,3779.86,26540,26531,0
2020-12-22,9767,36192,28,115,2,21,1,10,0,0,1,10,9798,4885,36338,36328,0
2020-12-23,14278,50470,36,151,3,24,0,10,0,0,0,10,14317,6269.43,50655,50645,0
2020-12-24,7174,57644,26,177,1,25,0,10,0,0,0,10,7201,6629.57,57856,57846,0
2020-12-25,180,57824,0,177,0,25,1,11,0,0,1,11,181,5818.71,58037,58026,0
2020-12-26,4392,62216,45,222,0,25,1,12,0,0,1,12,4438,6210.14,62475,62463,0
2020-12-27,3870,66086,14,236,0,25,1,13,0,0,1,13,3885,6605.29,66360,66347,0
2020-12-28,10993,77079,50,286,1,26,3,16,0,0,3,16,11047,7266.71,77407,77391,0
2020-12-29,10713,87792,37,323,2,28,3,19,0,0,3,19,10755,7403.43,88162,88143,0
2020-12-30,12821,100613,46,369,0,28,0,19,0,0,0,19,12867,7196.29,101029,101010,0
2020-12-31,7258,107871,37,406,1,29,0,19,0,0,0,19,7296,7209.86,108325,108306,0
2021-01-01,180,108051,2,408,1,30,3,22,0,0,3,22,186,7210.57,108511,108489,0
2021-01-02,3809,111860,10,418,3,33,2,24,0,0,2,24,3824,7122.86,112335,112311,0
2021-01-03,3541,115401,24,442,2,35,1,25,0,0,1,25,3568,7077.57,115903,115878,0
2021-01-04,12255,127656,807,1249,2,37,7,32,0,0,7,32,13071,7366.71,128974,128942,0
2021-01-05,14093,141749,2193,3442,2,39,12,44,1,1,13,45,16301,8159,145275,145230,0
2021-01-06,17798,159547,3929,7371,1,40,31,75,8,9,39,84,21767,9430.43,167042,166958,0
2021-01-07,16542,176089,5179,12550,4,44,46,121,3,12,49,133,21774,11498.71,188816,188683,0
2021-01-08,16612,192701,5460,18010,0,44,35,156,4,16,39,172,22111,14630.86,210927,210755,0
2021-01-09,7650,200351,1464,19474,1,45,7,163,2,18,9,181,9124,15388,220051,219870,0
2021-01-10,7880,208231,983,20457,0,45,11,174,0,18,11,192,8874,16146,228925,228733,0
2021-01-11,25812,234043,7462,27919,2,47,52,226,8,26,60,252,33336,19041,262261,262009,0
2021-01-12,28250,262293,7859,35778,1,48,47,273,4,30,51,303,36161,21878.14,298422,298119,0
2021-01-13,31710,294003,9419,45197,1,49,58,331,5,35,63,366,41193,24653.29,339615,339249,0
2021-01-14,35801,329804,5301,50498,1,50,33,364,7,42,40,406,41143,27420.29,380758,380352,0
2021-01-15,29253,359057,3714,54212,2,52,32,396,5,47,37,443,33006,28976.71,413764,413321,0
2021-01-16,30276,389333,2389,56601,0,52,24,420,6,53,30,473,32695,32344,446459,445986,0
2021-01-17,23736,413069,1639,58240,0,52,20,440,1,54,21,494,25396,34704.29,471855,471361,0
2021-01-18,27089,440158,2425,60665,0,52,37,477,7,61,44,538,29559,34164.71,501414,500876,0
2021-01-19,34284,474442,9637,70302,1,53,71,548,7,68,78,616,44000,35284.57,545414,544798,0
2021-01-20,34858,509300,9499,79801,1,54,60,608,4,72,64,680,44422,35745.86,589836,589156,0
2021-01-21,25581,534881,8097,87898,2,56,51,659,5,77,56,736,33736,34687.71,623572,622836,0
2021-01-22,24747,559628,4383,92281,1,57,33,692,8,85,41,777,29172,34140,652744,651967,0
2021-01-23,15741,575369,3227,95508,0,57,10,702,2,87,12,789,18980,32180.71,671724,670935,0
2021-01-24,7173,582542,3459,98967,0,57,19,721,1,88,20,809,10652,30074.43,682376,681567,0
2021-01-25,13407,595949,11823,110790,0,57,66,787,12,100,78,887,25308,29467.14,707684,706797,0
2021-01-26,16752,612701,10763,121553,0,57,69,856,2,102,71,958,27586,27122.29,735270,734312,0
2021-01-27,20831,633532,12359,133912,0,57,53,909,9,111,62,1020,33252,25526.57,768522,767502,0
2021-01-28,30751,664283,12857,146769,0,57,82,991,16,127,98,1118,43709,26951.29,812231,811113,0
2021-01-29,31680,695963,11512,158281,0,57,84,1075,11,138,95,1213,43287,28967.71,855518,854305,0
2021-01-30,18711,714674,3741,162022,0,57,20,1095,2,140,22,1235,22474,29466.86,877992,876757,0
2021-01-31,13010,727684,2927,164949,1,58,29,1124,5,145,34,1269,15972,30226.86,893964,892695,0
2021-02-01,1180,728864,5401,170350,4,62,36,1160,4,149,40,1309,6625,27557.86,900589,899280,0
2021-02-02,2822,731686,9447,179797,2,64,49,1209,3,152,52,1361,12323,25377.43,912912,911551,0
2021-02-03,16346,748032,21238,201035,4,68,214,1423,21,173,235,1596,37823,26030.43,950735,949139,0
2021-02-04,27040,775072,19650,220685,3,71,206,1629,10,183,216,1812,46909,26487.57,997644,995832,0
2021-02-05,27583,802655,20032,240717,0,71,188,1817,15,198,203,2015,47818,27134.86,1045462,1043447,0
2021-02-06,22984,825639,11250,251967,0,71,115,1932,12,210,127,2142,34361,28833,1079823,1077681,0
2021-02-07,12034,837673,8282,260249,1,72,97,2029,14,224,111,2253,20428,29469.57,1100251,1097998,0
2021-02-08,16949,854622,23519,283768,2,74,239,2268,34,258,273,2526,40743,34343.57,1140994,1138468,0
2021-02-09,17227,871849,28092,311860,2,76,350,2618,43,301,393,2919,45714,39113.71,1186708,1183789,0
2021-02-10,19587,891436,29302,341162,2,78,271,2889,50,351,321,3240,49213,40740.86,1235921,1232681,0
2021-02-11,27833,919269,33465,374627,2,80,349,3238,57,408,406,3646,61708,42855,1297629,1293983,0
2021-02-12,38365,957634,30806,405433,3,83,364,3602,39,447,403,4049,69577,45963.43,1367206,1363157,0
2021-02-13,27994,985628,25314,430747,2,85,310,3912,57,504,367,4416,53678,48723,1420884,1416468,0
2021-02-14,16269,1001897,23723,454470,0,85,274,4186,34,538,308,4724,40300,51561.86,1461184,1456460,0
2021-02-15,12796,1014693,10522,464992,2,87,178,4364,25,563,203,4927,23523,49101.86,1484707,1479780,0
2021-02-16,14236,1028929,26716,491708,0,87,334,4698,40,603,374,5301,41326,48475,1526033,1520732,0
2021-02-17,16385,1045314,22199,513907,1,88,285,4983,37,640,322,5623,38907,47002.71,1564940,1559317,0
2021-02-18,12140,1057454,24990,538897,21,109,298,5281,45,685,343,5966,37494,43543.57,1602434,1596468,0
2021-02-19,13255,1070709,23930,562827,38,147,309,5590,46,731,355,6321,37578,38972.29,1640012,1633691,0
2021-02-20,11350,1082059,26073,588900,6,153,333,5923,77,808,410,6731,37840,36709.71,1677852,1671121,0
2021-02-21,6357,1088416,17411,606311,15,168,293,6216,46,854,339,7070,24122,34398.57,1701974,1694904,0
2021-02-22,13042,1101458,11839,618150,2,170,132,6348,20,874,152,7222,25035,34614.57,1727009,1719787,0
2021-02-23,25245,1126703,14136,632286,1,171,164,6512,35,909,199,7421,39582,34365.43,1766591,1759170,0
2021-02-24,36349,1163052,20390,652676,0,171,233,6745,42,951,275,7696,57014,36952.14,1823605,1815909,0
2021-02-25,54589,1217641,30399,683075,6,177,408,7153,65,1016,473,8169,85467,43805.43,1909072,1900903,0
2021-02-26,62839,1280480,31873,714948,4,181,419,7572,78,1094,497,8666,95213,52039,2004285,1995619,0
2021-02-27,51273,1331753,22752,737700,47,228,350,7922,53,1147,403,9069,74475,57272.57,2078760,2069691,0
2021-02-28,44569,1376322,13839,751539,7,235,205,8127,37,1184,242,9311,58657,62206.14,2137417,2128106,0
2021-03-01,39306,1415628,12786,764325,10,245,168,8295,24,1208,192,9503,52294,66100.29,2189711,2180208,0
2021-03-02,47075,1462703,12579,776904,7,252,158,8453,14,1222,172,9675,59833,68993.29,2249544,2239869,0
2021-03-03,48597,1511300,16153,793057,17,269,153,8606,21,1243,174,9849,64941,70125.71,2314485,2304636,0
2021-03-04,59813,1571113,22817,815874,1092,1361,275,8881,35,1278,310,10159,84032,69920.71,2398517,2388358,0
2021-03-05,60966,1632079,24288,840162,3107,4468,337,9218,36,1314,373,10532,88734,68995.14,2487251,2476719,0
2021-03-06,47165,1679244,18882,859044,5451,9919,245,9463,38,1352,283,10815,71781,68610.29,2559032,2548217,0
2021-03-07,36032,1715276,14880,873924,6243,16162,238,9701,20,1372,258,11073,57413,68432.57,2616445,2605372,0
2021-03-08,39614,1754890,14687,888611,8559,24721,317,10018,92,1464,409,11482,63269,70000.43,2679714,2668232,0
2021-03-09,39095,1793985,12855,901466,7758,32479,185,10203,34,1498,219,11701,59927,70013.86,2739641,2727940,0
2021-03-10,51819,1845804,15360,916826,5064,37543,229,10432,34,1532,263,11964,72506,71094.57,2812147,2800183,0
2021-03-11,59972,1905776,21827,938653,4619,42162,250,10682,49,1581,299,12263,86717,71478.14,2898864,2886601,0
2021-03-12,52184,1957960,30303,968956,4182,46344,387,11069,85,1666,472,12735,87141,71250.57,2986005,2973270,0
2021-03-13,40642,1998602,26683,995639,5110,51454,334,11403,54,1720,388,13123,72823,71399.43,3058828,3045705,0
2021-03-14,30707,2029309,15971,1011610,4525,55979,246,11649,28,1748,274,13397,51478,70551.57,3110306,3096909,0
2021-03-15,33624,2062933,17261,1028871,4707,60686,239,11888,33,1781,272,13669,55864,69493.71,3166170,3152501,0
2021-03-16,38665,2101598,20517,1049388,4925,65611,260,12148,36,1817,296,13965,64403,70133.14,3230573,3216608,0
2021-03-17,42607,2144205,24792,1074180,4244,69855,349,12497,40,1857,389,14354,72032,70065.43,3302605,3288251,0
2021-03-18,50425,2194630,26807,1100987,5231,75086,382,12879,62,1919,444,14798,82907,69521.14,3385512,3370714,0
2021-03-19,47773,2242403,29969,1130956,5625,80711,400,13279,71,1990,471,15269,83839,69049.43,3469351,3454082,0
2021-03-20,38703,2281106,25834,1156790,4684,85395,300,13579,60,2050,360,15629,69581,68586.29,3538932,3523303,0
2021-03-21,29292,2310398,19359,1176149,769,86164,227,13806,44,2094,271,15900,49691,68331,3588623,3572723,0
2021-03-22,33858,2344256,26743,1202892,4037,90201,265,14071,38,2132,303,16203,64942,69627.86,3653565,3637362,0
2021-03-23,38419,2382675,32849,1235741,4216,94417,301,14372,53,2185,354,16557,75838,71261.43,3729403,3712846,0
2021-03-24,41484,2424159,37612,1273353,4843,99260,337,14709,63,2248,400,16957,84339,73019.57,3813742,3796785,0
2021-03-25,43393,2467552,50792,1324145,5051,104311,487,15196,87,2335,574,17531,99810,75434.29,3913552,3896021,0
2021-03-26,38490,2506042,55500,1379645,4307,108618,545,15741,102,2437,647,18178,98944,77592.14,4012496,3994318,0
2021-03-27,35732,2541774,45745,1425390,2938,111556,429,16170,83,2520,512,18690,84927,79784.43,4097423,4078733,0
2021-03-28,26381,2568155,34452,1459842,1482,113038,344,16514,66,2586,410,19100,62725,81646.43,4160148,4141048,0
2021-03-29,34810,2602965,38860,1498702,3246,116284,357,16871,111,2697,468,19568,77384,83423.86,4237532,4217964,0
2021-03-30,40498,2643463,41925,1540627,3713,119997,347,17218,65,2762,412,19980,86548,84953.86,4324080,4304100,0
2021-03-31,49383,2692846,44874,1585501,7438,127435,412,17630,86,2848,498,20478,102193,87504.43,4426273,4405795,0
2021-04-01,50767,2743613,53957,1639458,11275,138710,502,18132,85,2933,587,21065,116586,89901,4542859,4521794,0
2021-04-02,43751,2787364,53882,1693340,11969,150679,552,18684,72,3005,624,21689,110226,91512.71,4653085,4631396,0
2021-04-03,39241,2826605,39217,1732557,9859,160538,339,19023,61,3066,400,22089,88717,92054.14,4741802,4719713,0
2021-04-04,26551,2853156,24788,1757345,3903,164441,227,19250,50,3116,277,22366,55519,91024.71,4797321,4774955,0
2021-04-05,41873,2895029,34485,1791830,11198,175639,379,19629,59,3175,438,22804,87994,92540.43,4885315,4862511,0
2021-04-06,53256,2948285,35614,1827444,13214,188853,441,20070,77,3252,518,23322,102602,94833.86,4987917,4964595,0
2021-04-07,55487,3003772,40706,1868150,14387,203240,410,20480,81,3333,491,23813,111071,96102.14,5098988,5075175,0
2021-04-08,59244,3063016,46592,1914742,16337,219577,530,21010,87,3420,617,24430,122790,96988.43,5221778,5197348,0
2021-04-09,56635,3119651,44956,1959698,17555,237132,530,21540,78,3498,608,25038,119754,98349.57,5341532,5316494,0
2021-04-10,49339,3168990,35642,1995340,12720,249852,399,21939,61,3559,460,25498,98161,99698.71,5439693,5414195,0
2021-04-11,38173,3207163,28825,2024165,7680,257532,296,22235,59,3618,355,25853,75033,102486.43,5514726,5488873,0
2021-04-12,46627,3253790,31839,2056004,13500,271032,472,22707,68,3686,540,26393,92506,103131,5607232,5580839,0
2021-04-13,52537,3306327,33790,2089794,369,271401,402,23109,64,3750,466,26859,87162,100925.29,5694394,5667535,0
2021-04-14,50126,3356453,39962,2129756,20,271421,370,23479,76,3826,446,27305,90554,97994.29,5784948,5757643,0
2021-04-15,52106,3408559,43686,2173442,16,271437,460,23939,106,3932,566,27871,96375,94220.71,5881323,5853452,0
2021-04-16,51183,3459742,42205,2215647,32,271469,440,24379,71,4003,511,28382,93931,90531.71,5975254,5946872,0
2021-04-17,43831,3503573,35691,2251338,3,271472,371,24750,84,4087,455,28837,79980,87934.43,6055234,6026397,0
2021-04-18,28598,3532171,29363,2280701,7,271479,263,25013,66,4153,329,29166,58297,85543.57,6113531,6084365,0
2021-04-19,37453,3569624,36456,2317157,22,271501,330,25343,66,4219,396,29562,74327,82946.57,6187858,6158296,0
2021-04-20,40803,3610427,39631,2356788,19,271520,317,25660,81,4300,398,29960,80851,82045,6268709,6238749,0
2021-04-21,38884,3649311,46021,2402809,16,271536,503,26163,99,4399,602,30562,85523,81326.29,6354232,6323670,0
2021-04-22,38482,3687793,48965,2451774,9,271545,346,26509,77,4476,423,30985,87880,80112.71,6442112,6411127,0
2021-04-23,39688,3727481,44383,2496157,3,271548,356,26865,75,4551,431,31416,84505,78766.14,6526617,6495201,0
2021-04-24,31931,3759412,41607,2537764,44,271592,282,27147,62,4613,344,31760,73926,77901.29,6600543,6568783,0
2021-04-25,18415,3777827,31225,2568989,87,271679,199,27346,61,4674,260,32020,49987,76714.14,6650530,6618510,0
2021-04-26,26963,3804790,40730,2609719,1012,272691,297,27643,87,4761,384,32404,69089,75965.86,6719619,6687215,0
2021-04-27,28568,3833358,47137,2656856,1699,274390,360,28003,94,4855,454,32858,77858,75538.29,6797477,6764619,0
2021-04-28,27019,3860377,56849,2713705,2144,276534,443,28446,100,4955,543,33401,86555,75685.71,6884032,6850631,0
2021-04-29,28597,3888974,57206,2770911,2148,278682,372,28818,98,5053,470,33871,88421,75763,6972453,6938582,0
2021-04-30,30113,3919087,51988,2822899,2058,280740,288,29106,74,5127,362,34233,84522,75765.43,7056975,7022742,0
2021-05-01,22473,3941560,44540,2867439,1177,281917,236,29342,66,5193,302,34535,68492,74989.14,7125467,7090932,0
2021-05-02,11919,3953479,36652,2904091,1081,282998,146,29488,54,5247,200,34735,49852,74969.86,7175319,7140584,0
2021-05-03,18012,3971491,53027,2957118,2383,285381,260,29748,93,5340,353,35088,73777,75639.57,7249096,7214008,0
2021-05-04,22733,3994224,56651,3013769,2331,287712,270,30018,115,5455,385,35473,82100,76245.57,7331196,7295723,0
2021-05-05,21474,4015698,48759,3062528,2313,290025,314,30332,106,5561,420,35893,72967,74304.43,7404163,7368270,0
2021-05-06,20673,4036371,50176,3112704,2508,292533,279,30611,90,5651,369,36262,73726,72205.14,7477889,7441627,0
2021-05-07,21239,4057610,52102,3164806,2812,295345,317,30928,80,5731,397,36659,76550,71066.29,7554439,7517780,0
2021-05-08,16625,4074235,41864,3206670,1835,297180,234,31162,74,5805,308,36967,60632,69943.43,7615071,7578104,0
2021-05-09,7968,4082203,29407,3236077,1260,298440,154,31316,57,5862,211,37178,38846,68371.14,7653917,7616739,0
2021-05-10,14379,4096582,38527,3274604,2356,300796,247,31563,92,5954,339,37517,55601,65774.57,7709518,7672001,0
2021-05-11,19899,4116481,43066,3317670,2514,303310,289,31852,87,6041,376,37893,65855,63453.86,7775373,7737480,0
2021-05-12,17817,4134298,40537,3358207,3595,306905,236,32088,80,6121,316,38209,62265,61925,7837638,7799429,0
2021-05-13,24960,4159258,40426,3398633,3229,310134,266,32354,78,6199,344,38553,68959,61244,7906597,7868044,0
2021-05-14,27013,4186271,42942,3441575,3536,313670,272,32626,96,6295,368,38921,73859,60859.57,7980456,7941535,0
2021-05-15,23643,4209914,34923,3476498,3364,317034,255,32881,76,6371,331,39252,62261,61092.29,8042717,8003465,0
2021-05-16,15520,4225434,19452,3495950,2496,319530,124,33005,48,6419,172,39424,37640,60920,8080357,8040933,0
2021-05-17,22667,4248101,29143,3525093,3253,322783,184,33189,69,6488,253,39677,55316,60879.29,8135673,8095996,0
2021-05-18,24620,4272721,31914,3557007,3405,326188,240,33429,76,6564,316,39993,60255,60079.29,8195928,8155935,0
2021-05-19,24184,4296905,29724,3586731,3041,329229,230,33659,48,6612,278,40271,57227,59359.57,8253155,8212884,0
2021-05-20,24142,4321047,30106,3616837,3163,332392,266,33925,89,6701,355,40626,57766,57760.57,8310921,8270295,0
2021-05-21,24671,4345718,32003,3648840,3057,335449,249,34174,61,6762,310,40936,60041,55786.57,8370962,8330026,0
2021-05-22,20012,4365730,24369,3673209,2523,337972,167,34341,48,6810,215,41151,47119,53623.43,8418081,8376930,0
2021-05-23,11227,4376957,13734,3686943,1411,339383,93,34434,32,6842,125,41276,26497,52031.57,8444578,8403302,0
2021-05-24,18863,4395820,23163,3710106,2757,342140,218,34652,55,6897,273,41549,45056,50565.86,8489634,8448085,0
2021-05-25,19426,4415246,23384,3733490,2602,344742,173,34825,58,6955,231,41780,45643,48478.43,8535277,8493497,0
2021-05-26,18778,4434024,21091,3754581,2697,347439,202,35027,49,7004,251,42031,42817,46419.86,8578094,8536063,0
2021-05-27,18459,4452483,21281,3775862,2531,349970,183,35210,60,7064,243,42274,42514,44241,8620608,8578334,0
2021-05-28,17854,4470337,22883,3798745,2751,352721,190,35400,57,7121,247,42521,43735,41911.57,8664343,8621822,0
2021-05-29,12703,4483040,17815,3816560,1755,354476,105,35505,41,7162,146,42667,32419,39811.57,8696762,8654095,0
2021-05-30,7026,4490066,8949,3825509,1074,355550,50,35555,17,7179,67,42734,17116,38471.43,8713878,8671144,0
2021-05-31,4740,4494806,6922,3832431,1012,356562,65,35620,17,7196,82,42816,12756,33857.14,8726634,8683818,0
2021-06-01,16049,4510855,25191,3857622,2176,358738,156,35776,43,7239,199,43015,43615,33567.43,8770249,8727234,0
2021-06-02,15354,4526209,20396,3878018,2095,360833,141,35917,47,7286,188,43203,38033,32884,8808282,8765079,0
2021-06-03,15000,4541209,23824,3901842,2280,363113,128,36045,46,7332,174,43377,41278,32707.43,8849560,8806183,0
2021-06-04,14712,4555921,26000,3927842,2492,365605,148,36193,43,7375,191,43568,43395,32658.86,8892955,8849387,0
2021-06-05,10983,4566904,22099,3949941,1806,367411,115,36308,31,7406,146,43714,35034,33032.43,8927989,8884275,0
2021-06-06,6444,4573348,14485,3964426,1222,368633,89,36397,13,7419,102,43816,22253,33766.29,8950242,8906426,0
2021-06-07,11696,4585044,21791,3986217,2378,371011,141,36538,37,7456,178,43994,36043,37093,8986285,8942291,0
2021-06-08,12628,4597672,24020,4010237,2071,373082,125,36663,48,7504,173,44167,38892,36418.29,9025177,8981010,0
2021-06-09,11131,4608803,23028,4033265,2299,375381,138,36801,40,7544,178,44345,36636,36218.71,9061813,9017468,0
2021-06-10,12057,4620860,22239,4055504,2462,377843,141,36942,59,7603,200,44545,36958,35601.57,9098771,9054226,0
2021-06-11,12701,4633561,25123,4080627,2483,380326,158,37100,62,7665,220,44765,40527,35191.86,9139298,9094533,0
2021-06-12,10159,4643720,19321,4099948,1888,382214,93,37193,44,7709,137,44902,31505,34687.71,9170803,9125901,0
2021-06-13,4256,4647976,10932,4110880,1219,383433,42,37235,22,7731,64,44966,16471,33861.71,9187274,9142308,0
2021-06-14,10203,4658179,19238,4130118,2043,385476,129,37364,54,7785,183,45149,31667,33236.57,9218941,9173792,0
2021-06-15,11881,4670060,21019,4151137,1943,387419,132,37496,41,7826,173,45322,35016,32682.86,9253957,9208635,0
2021-06-16,11583,4681643,19407,4170544,1956,389375,147,37643,73,7899,220,45542,33166,32187.14,9287123,9241581,0
2021-06-17,11019,4692662,18761,4189305,1973,391348,126,37769,35,7934,161,45703,31914,31466.57,9319037,9273334,0
2021-06-18,12168,4704830,18499,4207804,2115,393463,115,37884,36,7970,151,45854,32933,30381.71,9351970,9306116,0
2021-06-19,8493,4713323,13513,4221317,1459,394922,88,37972,21,7991,109,45963,23574,29248.71,9375544,9329581,0
2021-06-20,4335,4717658,7159,4228476,924,395846,36,38008,17,8008,53,46016,12471,28677.29,9388015,9341999,0
2021-06-21,10156,4727814,10012,4238488,1807,397653,69,38077,28,8036,97,46113,22072,27306.57,9410087,9363974,0
2021-06-22,9834,4737648,15647,4254135,1589,399242,104,38181,28,8064,132,46245,27202,26190.29,9437289,9391044,0
2021-06-23,10308,4747956,15188,4269323,1863,401105,102,38283,31,8095,133,46378,27492,25379.71,9464781,9418403,0
2021-06-24,9684,4757640,14701,4284024,1798,402903,121,38404,26,8121,147,46525,26330,24582,9491111,9444586,0
2021-06-25,10584,4768224,14388,4298412,1721,404624,114,38518,39,8160,153,46678,26846,23712.43,9517957,9471279,0
2021-06-26,7798,4776022,10466,4308878,1250,405874,76,38594,24,8184,100,46778,19614,23146.71,9537571,9490793,0
2021-06-27,4999,4781021,6002,4314880,795,406669,34,38628,14,8198,48,46826,11844,23057.14,9549415,9502589,0
2021-06-28,9033,4790054,10345,4325225,1526,408195,109,38737,26,8224,135,46961,21039,22909.57,9570454,9523493,0
2021-06-29,9733,4799787,12329,4337554,1347,409542,124,38861,32,8256,156,47117,23565,22390,9594019,9546902,0
2021-06-30,9431,4809218,10931,4348485,1486,411028,148,39009,16,8272,164,47281,22012,21607.14,9616031,9568750,0
2021-07-01,9396,4818614,10924,4359409,1434,412462,133,39142,24,8296,157,47438,21911,20975.86,9637942,9590504,0
2021-07-02,9690,4828304,11454,4370863,1541,414003,119,39261,21,8317,140,47578,22826,20401.57,9660768,9613190,0
2021-07-03,7055,4835359,8421,4379284,1192,415195,79,39340,17,8334,96,47674,16764,19994.43,9677532,9629858,0
2021-07-04,1288,4836647,1335,4380619,567,415762,9,39349,3,8337,12,47686,3202,18759.86,9680734,9633048,0
2021-07-05,6493,4843140,7108,4387727,1208,416970,65,39414,22,8359,87,47773,14896,17882.29,9695630,9647857,0
2021-07-06,9509,4852649,12852,4400579,1315,418285,117,39531,38,8397,155,47928,23831,17920.29,9719461,9671533,0
2021-07-07,8665,4861314,11109,4411688,1419,419704,125,39656,20,8417,145,48073,21338,17824,9740799,9692726,0
2021-07-08,8217,4869531,10196,4421884,1259,420963,108,39764,22,8439,130,48203,19802,17522.71,9760601,9712398,0
2021-07-09,8373,4877904,10832,4432716,1279,422242,90,39854,20,8459,110,48313,20594,17203.86,9781195,9732882,0
2021-07-10,7103,4885007,8634,4441350,1131,423373,65,39919,21,8480,86,48399,16954,17231,9798149,9749750,0
2021-07-11,4105,4889112,4539,4445889,701,424074,36,39955,6,8486,42,48441,9387,18114.57,9807536,9759095,0
2021-07-12,8446,4897558,9559,4455448,1251,425325,84,40039,23,8509,107,48548,19363,18752.71,9826899,9778351,0
2021-07-13,9462,4907020,9391,4464839,952,426277,109,40148,35,8544,144,48692,19949,18198.14,9846848,9798156,0
2021-07-14,8996,4916016,9534,4474373,1011,427288,106,40254,22,8566,128,48820,19669,17959.71,9866517,9817697,0
2021-07-15,8794,4924810,9155,4483528,1054,428342,80,40334,20,8586,100,48920,19103,17859.86,9885620,9836700,0
2021-07-16,9248,4934058,9761,4493289,981,429323,102,40436,30,8616,132,49052,20122,17792.43,9905742,9856690,0
2021-07-17,6837,4940895,7388,4500677,803,430126,79,40515,20,8636,99,49151,15127,17531.43,9920869,9871718,0
2021-07-18,4254,4945149,4285,4504962,576,430702,35,40550,14,8650,49,49200,9164,17499.57,9930033,9880833,0
2021-07-19,9118,4954267,8482,4513444,999,431701,91,40641,22,8672,113,49313,18712,17406.57,9948745,9899432,0
2021-07-20,10642,4964909,8761,4522205,991,432692,95,40736,27,8699,122,49435,20516,17487.57,9969261,9919826,0
2021-07-21,10057,4974966,8768,4530973,904,433596,148,40884,33,8732,181,49616,19910,17522,9989171,9939555,0
2021-07-22,10685,4985651,8584,4539557,1046,434642,146,41030,28,8760,174,49790,20489,17720,10009660,9959870,0
2021-07-23,11248,4996899,8884,4548441,1114,435756,138,41168,23,8783,161,49951,21407,17903.57,10031067,9981116,0
2021-07-24,7398,5004297,6739,4555180,670,436426,82,41250,26,8809,108,50059,14915,17873.29,10045982,9995923,0
2021-07-25,5473,5009770,2129,4557309,509,436935,58,41308,5,8814,63,50122,8174,17731.86,10054156,10004034,0
2021-07-26,10869,5020639,7007,4564316,859,437794,110,41418,20,8834,130,50252,18865,17753.71,10073021,10022769,0
2021-07-27,12064,5032703,8572,4572888,857,438651,136,41554,39,8873,175,50427,21668,17918.29,10094689,10044262,0
2021-07-28,12011,5044714,8055,4580943,950,439601,133,41687,28,8901,161,50588,21177,18099.29,10115866,10065278,0
2021-07-29,10930,5055644,7435,4588378,983,440584,134,41821,39,8940,173,50761,19521,17961,10135387,10084626,0
2021-07-30,14953,5070597,8014,4596392,1151,441735,184,42005,31,8971,215,50976,24333,18379,10159720,10108744,0
2021-07-31,9722,5080319,6319,4602711,815,442550,123,42128,20,8991,143,51119,16999,18676.71,10176719,10125600,0
2021-08-01,6499,5086818,3313,4606024,564,443114,81,42209,21,9012,102,51221,10478,19005.86,10187197,10135976,0
2021-08-02,13447,5100265,7154,4613178,846,443960,148,42357,20,9032,168,51389,21615,19398.71,10208812,10157423,0
2021-08-03,15409,5115674,8390,4621568,1109,445069,143,42500,39,9071,182,51571,25090,19887.57,10233902,10182331,0
2021-08-04,17262,5132936,8130,4629698,1454,446523,182,42682,35,9106,217,51788,27063,20728.43,10260965,10209177,0
2021-08-05,17886,5150822,7932,4637630,1370,447893,159,42841,21,9127,180,51968,27368,21849.43,10288333,10236365,0
2021-08-06,18178,5169000,8417,4646047,1232,449125,167,43008,32,9159,199,52167,28026,22377,10316359,10264192,0
2021-08-07,13380,5182380,6017,4652064,799,449924,102,43110,28,9187,130,52297,20326,22852.29,10336685,10284388,0
2021-08-08,9309,5191689,3835,4655899,400,450324,83,43193,10,9197,93,52390,13637,23303.57,10350322,10297932,0
2021-08-09,21343,5213032,8526,4664425,965,451289,172,43365,35,9232,207,52597,31041,24650.14,10381363,10328766,0
2021-08-10,18946,5231978,9331,4673756,946,452235,180,43545,33,9265,213,52810,29436,25271,10410799,10357989,0
2021-08-11,15641,5247619,8313,4682069,853,453088,130,43675,45,9310,175,52985,24982,24973.71,10435781,10382796,0
2021-08-12,15055,5262674,8989,4691058,942,454030,175,43850,35,9345,210,53195,25196,24663.43,10460977,10407782,0
2021-08-13,14919,5277593,9293,4700351,919,454949,245,44095,38,9383,283,53478,25415,24290.43,10486392,10432914,0
2021-08-14,10396,5287989,6409,4706760,625,455574,534,44629,40,9423,574,54052,18004,23958.71,10504396,10450344,0
2021-08-15,6690,5294679,4482,4711242,676,456250,566,45195,33,9456,599,54651,12447,23788.71,10516843,10462192,0
2021-08-16,15710,5310389,9304,4720546,1150,457400,1324,46519,67,9523,1391,56042,27555,23290.71,10544398,10488356,0
2021-08-17,17762,5328151,10458,4731004,1229,458629,1773,48292,85,9608,1858,57900,31307,23558,10575705,10517805,0
2021-08-18,17487,5345638,10378,4741382,1260,459889,1997,50289,93,9701,2090,59990,31215,24448.43,10606920,10546930,0
2021-08-19,16288,5361926,9526,4750908,1315,461204,1961,52250,67,9768,2028,62018,29157,25014.29,10636077,10574059,0
2021-08-20,16270,5378196,11540,4762448,1253,462457,1868,54118,86,9854,1954,63972,31017,25814.57,10667094,10603122,0
2021-08-21,11145,5389341,8039,4770487,878,463335,1064,55182,53,9907,1117,65089,21179,26268.14,10688273,10623184,0
2021-08-22,4077,5393418,3904,4774391,261,463596,517,55699,34,9941,551,65640,8793,25746.14,10697066,10631426,0
2021-08-23,15575,5408993,11810,4786201,1022,464618,1551,57250,76,10017,1627,67267,30035,26100.43,10727101,10659834,0
2021-08-24,16913,5425906,12598,4798799,1007,465625,1774,59024,80,10097,1854,69121,32372,26252.57,10759473,10690352,0
2021-08-25,14567,5440473,12456,4811255,1112,466737,1568,60592,80,10177,1648,70769,29783,26048,10789256,10718487,0
2021-08-26,16146,5456619,14098,4825353,1071,467808,1779,62371,68,10245,1847,72616,33162,26620.14,10822418,10749802,0
2021-08-27,14877,5471496,14825,4840178,971,468779,1674,64045,74,10319,1748,74364,32421,26820.71,10854839,10780475,0
2021-08-28,10677,5482173,11522,4851700,835,469614,1016,65061,45,10364,1061,75425,24095,27237.29,10878934,10803509,0
2021-08-29,7213,5489386,7495,4859195,541,470155,781,65842,58,10422,839,76264,16088,28279.43,10895022,10818758,0
2021-08-30,15518,5504904,16926,4876121,1076,471231,1793,67635,91,10513,1884,78148,35404,29046.43,10930426,10852278,0
2021-08-31,15504,5520408,15960,4892081,952,472183,1978,69613,89,10602,2067,80215,34483,29348,10964909,10884694,0
2021-09-01,14828,5535236,14109,4906190,1020,473203,1811,71424,63,10665,1874,82089,31831,29640.57,10996740,10914651,0
2021-09-02,14314,5549550,12528,4918718,896,474099,1713,73137,62,10727,1775,83864,29513,29119.29,11026253,10942389,0
2021-09-03,14999,5564549,14312,4933030,974,475073,1900,75037,72,10799,1972,85836,32257,29095.86,11058510,10972674,0
2021-09-04,9645,5574194,9406,4942436,688,475761,976,76013,34,10833,1010,86846,20749,28617.86,11079259,10992413,0
2021-09-05,6796,5580990,5512,4947948,438,476199,717,76730,17,10850,734,87580,13480,28245.29,11092739,11005159,0
2021-09-06,5196,5586186,4511,4952459,358,476557,272,77002,11,10861,283,87863,10348,24665.86,11103087,11015224,0
2021-09-07,15570,5601756,17700,4970159,912,477469,1559,78561,94,10955,1653,89516,35835,24859,11138922,11049406,0
2021-09-08,16153,5617909,14829,4984988,1071,478540,1778,80339,84,11039,1862,91378,33915,25156.71,11172837,11081459,0
2021-09-09,16100,5634009,14755,4999743,1047,479587,1920,82259,74,11113,1994,93372,33896,25782.86,11206733,11113361,0
2021-09-10,18359,5652368,15397,5015140,1207,480794,1979,84238,82,11195,2061,95433,37024,26463.86,11243757,11148324,0
2021-09-11,12632,5665000,10350,5025490,958,481752,1029,85267,50,11245,1079,96512,25019,27073.86,11268776,11172264,0
2021-09-12,8536,5673536,5052,5030542,765,482517,693,85960,30,11275,723,97235,15076,27301.86,11283852,11186617,0
2021-09-13,16923,5690459,12964,5043506,976,483493,1659,87619,54,11329,1713,98948,32576,30477.29,11316428,11217480,0
2021-09-14,16262,5706721,13678,5057184,885,484378,1600,89219,57,11386,1657,100605,32482,29998.29,11348910,11248305,0
2021-09-15,15525,5722246,12887,5070071,727,485105,1573,90792,84,11470,1657,102262,30796,29552.71,11379706,11277444,0
2021-09-16,15332,5737578,13915,5083986,1210,486315,1464,92256,67,11537,1531,103793,31988,29280.14,11411694,11307901,0
2021-09-17,14427,5752005,13958,5097944,922,487237,1842,94098,58,11595,1900,105693,31207,28449.14,11442901,11337208,0
2021-09-18,9990,5761995,10188,5108132,913,488150,1052,95150,40,11635,1092,106785,22183,28044,11465084,11358299,0
2021-09-19,6174,5768169,6073,5114205,558,488708,748,95898,28,11663,776,107561,13581,27830.43,11478665,11371104,0
2021-09-20,12667,5780836,12633,5126838,1068,489776,1926,97824,60,11723,1986,109547,28354,27227.29,11507019,11397472,0
2021-09-21,12222,5793058,12772,5139610,1108,490884,2033,99857,78,11801,2111,111658,28213,26617.43,11535232,11423574,0
2021-09-22,12819,5805877,12004,5151614,1090,491974,1689,101546,70,11871,1759,113417,27672,26171.14,11562904,11449487,0
2021-09-23,14925,5820802,12764,5164378,1639,493613,2271,103817,74,11945,2345,115762,31673,26126.14,11594577,11478815,0
2021-09-24,16434,5837236,13365,5177743,1636,495249,4627,108444,125,12070,4752,120514,36187,26837.57,11630764,11510250,0
2021-09-25,10526,5847762,9026,5186769,1017,496266,3467,111911,80,12150,3547,124061,24116,27113.71,11654880,11530819,0
2021-09-26,6290,5854052,5768,5192537,773,497039,2423,114334,61,12211,2484,126545,15315,27361.43,11670195,11543650,0
2021-09-27,14137,5868189,8063,5200600,1155,498194,9080,123414,161,12372,9241,135786,32597,27967.57,11702792,11567006,0
2021-09-28,11112,5879301,11787,5212387,902,499096,9938,133352,179,12551,10117,145903,33918,28782.57,11736710,11590807,0
2021-09-29,11597,5890898,12193,5224580,1205,500301,9458,142810,171,12722,9629,155532,34625,29775.86,11771335,11615803,0
2021-09-30,12216,5903114,12609,5237189,1338,501639,9765,152575,177,12899,9942,165474,36105,30409,11807440,11641966,0
2021-10-01,12626,5915740,13432,5250621,1284,502923,10284,162859,151,13050,10435,175909,37777,30636.14,11845217,11669308,0
2021-10-02,7719,5923459,9979,5260600,865,503788,4247,167106,80,13130,4327,180236,22890,30461,11868107,11687871,0
2021-10-03,5060,5928519,6157,5266757,593,504381,2623,169729,59,13189,2682,182918,14492,30343.43,11882599,11699681,0
2021-10-04,9905,5938424,11020,5277777,914,505295,9533,179262,147,13336,9680,192598,31519,30189.43,11914118,11721520,0
2021-10-05,10137,5948561,11737,5289514,972,506267,9961,189223,178,13514,10139,202737,32985,30056.14,11947103,11744366,0
2021-10-06,9882,5958443,11053,5300567,936,507203,9943,199166,160,13674,10103,212840,31974,29677.43,11979077,11766237,0
2021-10-07,9597,5968040,12159,5312726,850,508053,10187,209353,173,13847,10360,223200,32966,29229,12012043,11788843,0
2021-10-08,9435,5977475,12183,5324909,941,508994,10918,220271,166,14013,11084,234284,33643,28638.43,12045686,11811402,0
2021-10-09,6233,5983708,8238,5333147,643,509637,4127,224398,89,14102,4216,238500,19330,28129.86,12065016,11826516,0
2021-10-10,3529,5987237,5030,5338177,458,510095,2440,226838,47,14149,2487,240987,11504,27703,12076520,11835533,0
2021-10-11,7604,5994841,9336,5347513,728,510823,8899,235737,163,14312,9062,250049,26730,27018.86,12103250,11853201,0
2021-10-12,8061,6002902,10994,5358507,891,511714,10526,246263,183,14495,10709,260758,30655,26686,12133905,11873147,0
2021-10-13,7137,6010039,10150,5368657,869,512583,8810,255073,179,14674,8989,269747,27145,25996.14,12161050,11891303,0
2021-10-14,7412,6017451,11121,5379778,837,513420,10133,265206,163,14837,10296,280043,29666,25524.71,12190716,11910673,0
2021-10-15,7704,6025155,11857,5391635,823,514243,10837,276043,172,15009,11009,291052,31393,25203.29,12222109,11931057,0
2021-10-16,4861,6030016,7469,5399104,666,514909,3845,279888,66,15075,3911,294963,16907,24857.14,12239016,11944053,0
2021-10-17,3051,6033067,4474,5403578,411,515320,2455,282343,44,15119,2499,297462,10435,24704.43,12249451,11951989,0
2021-10-18,7027,6040094,10670,5414248,796,516116,9494,291837,182,15301,9676,307138,28169,24910,12277620,11970482,0
2021-10-19,6556,6046650,8946,5423194,804,516920,9105,300942,172,15473,9277,316415,25583,24185.43,12303203,11986788,0
2021-10-20,6523,6053173,9370,5432564,975,517895,9998,310940,180,15653,10178,326593,27046,24171.29,12330249,12003656,0
2021-10-21,7015,6060188,9386,5441950,858,518753,10859,321799,159,15812,11018,337611,28277,23972.86,12358526,12020915,0
2021-10-22,8100,6068288,10344,5452294,1026,519779,16361,338160,222,16034,16583,354194,36053,24638.57,12394579,12040385,0
2021-10-23,5155,6073443,6457,5458751,690,520469,9135,347295,117,16151,9252,363446,21554,25302.43,12416133,12052687,0
2021-10-24,3254,6076697,3966,5462717,769,521238,6176,353471,77,16228,6253,369699,14242,25846.29,12430375,12060676,0
2021-10-25,8722,6085419,8744,5471461,1150,522388,19281,372752,297,16525,19578,389277,38194,27278.43,12468569,12079292,0
2021-10-26,8168,6093587,7724,5479185,1258,523646,17305,390057,273,16798,17578,406855,34728,28584.86,12503297,12096442,0
2021-10-27,10515,6104102,8396,5487581,1605,525251,20889,410946,321,17119,21210,428065,41726,30682,12545023,12116958,0
2021-10-28,11278,6115380,8030,5495611,1793,527044,20888,431834,324,17443,21212,449277,42313,32687.14,12587336,12138059,0
2021-10-29,11822,6127202,8232,5503843,1962,529006,22574,454408,338,17781,22912,472189,44929,33955.14,12632265,12160076,0
2021-10-30,4607,6131809,5064,5508907,930,529936,11193,465601,167,17948,11360,483549,21961,34013.29,12654226,12170677,0
2021-10-31,2648,6134457,2699,5511606,544,530480,6649,472250,104,18052,6753,490302,12644,33785,12666870,12176568,0
2021-11-01,7091,6141548,6953,5518559,1087,531567,20423,492673,331,18383,20754,511056,35885,33455.14,12702755,12191699,0
2021-11-02,6540,6148088,6588,5525147,1054,532621,20810,513483,275,18658,21085,532141,35267,33532.14,12738022,12205881,0
2021-11-03,6814,6154902,6681,5531828,1026,533647,20665,534148,312,18970,20977,553118,35500,32642.71,12773522,12220404,0
2021-11-04,9270,6164172,6278,5538106,995,534642,22406,556554,345,19315,22751,575869,39294,32211.43,12812816,12236947,0
2021-11-05,11009,6175181,6719,5544825,1051,535693,23793,580347,355,19670,24148,600017,42927,31925.43,12855743,12255726,0
2021-11-06,11109,6186290,4049,5548874,594,536287,12614,592961,172,19842,12786,612803,28538,32865,12884281,12271478,0
2021-11-07,7232,6193522,2286,5551160,577,536864,7121,600082,97,19939,7218,620021,17313,33532,12901594,12281573,0
2021-11-08,15031,6208553,5676,5556836,863,537727,19539,619621,279,20218,19818,639839,41388,34318.14,12942982,12303143,0
2021-11-09,16117,6224670,5387,5562223,659,538386,20546,640167,277,20495,20823,660662,42986,35420.86,12985968,12325306,0
2021-11-10,16885,6241555,5319,5567542,683,539069,22697,662864,288,20783,22985,683647,45872,36902.57,13031840,12348193,0
2021-11-11,12525,6254080,5181,5572723,759,539828,22126,684990,286,21069,22412,706059,40877,37128.71,13072717,12366658,0
2021-11-12,16885,6270965,5685,5578408,705,540533,23452,708442,355,21424,23807,729866,47082,37722.29,13119799,12389933,0
2021-11-13,9907,6280872,3664,5582072,463,540996,13356,721798,184,21608,13540,743406,27574,37584.57,13147373,12403967,0
2021-11-14,5987,6286859,2288,5584360,324,541320,7952,729750,79,21687,8031,751437,16630,37487,13164003,12412566,0
2021-11-15,13195,6300054,5973,5590333,690,542010,25154,754904,365,22052,25519,776956,45377,38056.86,13209380,12432424,0
2021-11-16,9910,6309964,5780,5596113,653,542663,30714,785618,432,22484,31146,808102,47490,38700.29,13256870,12448768,0
2021-11-17,10237,6320201,6668,5602781,681,543344,31489,817107,418,22902,31907,840009,49493,39217.57,13306363,12466354,0
2021-11-18,10659,6330860,6531,5609312,855,544199,33087,850194,458,23360,33545,873554,51590,40748,13357953,12484399,0
2021-11-19,11941,6342801,6549,5615861,710,544909,36318,886512,460,23820,36778,910332,55978,42018.86,13413931,12503599,0
2021-11-20,9285,6352086,3415,5619276,513,545422,22554,909066,258,24078,22812,933144,36025,43226.14,13449956,12516812,0
2021-11-21,4913,6356999,1887,5621163,288,545710,13235,922301,152,24230,13387,946531,20475,43775.43,13470431,12523900,0
2021-11-22,10361,6367360,5781,5626944,750,546460,35995,958296,442,24672,36437,982968,53330,44911.57,13523761,12540793,0
2021-11-23,9718,6377078,4782,5631726,633,547093,33591,991887,375,25047,33966,1016934,49100,45141.57,13572861,12555927,0
2021-11-24,8644,6385722,4748,5636474,648,547741,25979,1017866,287,25334,26266,1043200,40306,43829.14,13613167,12569967,0
2021-11-25,447,6386169,328,5636802,80,547821,1003,1018869,9,25343,1012,1044212,1867,36725.86,13615034,12570822,0
2021-11-26,8024,6394193,6988,5643790,528,548349,26621,1045490,303,25646,26924,1071136,42464,34795.29,13657498,12586362,0
2021-11-27,6647,6400840,6830,5650620,370,548719,18885,1064375,223,25869,19108,1090244,32956,34356.86,13690454,12600210,0
2021-11-28,4048,6404888,5788,5656408,281,549000,11929,1076304,121,25990,12050,1102294,22167,34598.57,13712621,12610327,0
2021-11-29,9043,6413931,11006,5667414,686,549686,35125,1111429,444,26434,35569,1137863,56304,35023.43,13768925,12631062,0
2021-11-30,10434,6424365,11444,5678858,513,550199,37854,1149283,497,26931,38351,1176214,60742,36686.57,13829667,12653453,0
2021-12-01,11104,6435469,10985,5689843,724,550923,40435,1189718,442,27373,40877,1217091,63691,40027.29,13893358,12676267,0
2021-12-02,11586,6447055,11043,5700886,624,551547,42237,1231955,454,27827,42691,1259782,65944,49181.14,13959302,12699520,0
2021-12-03,13391,6460446,12904,5713790,670,552217,48023,1279978,523,28350,48546,1308328,75511,53902.14,14034813,12726485,0
2021-12-04,9793,6470239,11295,5725085,564,552781,30739,1310717,308,28658,31047,1339375,52699,56722.57,14087512,12748137,0
2021-12-05,5719,6475958,5705,5730790,270,553051,16689,1327406,132,28790,16821,1356196,28515,57629.43,14116027,12759831,0
2021-12-06,12265,6488223,9984,5740774,599,553650,43320,1370726,448,29238,43768,1399964,66616,59102.57,14182643,12782679,0
2021-12-07,12510,6500733,9255,5750029,624,554274,43125,1413851,505,29743,43630,1443594,66019,59856.43,14248662,12805068,0
2021-12-08,13447,6514180,8776,5758805,555,554829,40876,1454727,475,30218,41351,1484945,64129,59919,14312791,12827846,0
2021-12-09,13412,6527592,8756,5767561,554,555383,40894,1495621,492,30710,41386,1526331,64108,59656.71,14376899,12850568,0
2021-12-10,13965,6541557,10148,5777709,668,556051,43737,1539358,501,31211,44238,1570569,69019,58729.29,14445918,12875349,0
2021-12-11,10225,6551782,8132,5785841,405,556456,26749,1566107,280,31491,27029,1597598,45792,57742.57,14491710,12894112,0
2021-12-12,5993,6557775,3856,5789697,287,556743,15189,1581296,135,31626,15324,1612922,25460,57306.14,14517170,12904248,0
2021-12-13,12145,6569920,7429,5797126,655,557398,37965,1619261,397,32023,38362,1651284,58591,56159.71,14575761,12924477,0
2021-12-14,12176,6582096,6951,5804077,730,558128,38224,1657485,439,32462,38663,1689947,58520,55088.43,14634281,12944334,0
2021-12-15,12033,6594129,6248,5810325,756,558884,38199,1695684,488,32950,38687,1728634,57725,54173.57,14692006,12963372,0
2021-12-16,13110,6607239,4267,5814592,739,559623,41192,1736876,460,33410,41652,1770286,59768,53553.57,14751774,12981488,0
2021-12-17,15875,6623114,6937,5821529,618,560241,46862,1783738,483,33893,47345,1817631,70775,53804.43,14822549,13004918,0
2021-12-18,12975,6636089,5721,5827250,432,560673,30660,1814398,273,34166,30933,1848564,50061,54414.29,14872610,13024046,0
2021-12-19,6985,6643074,2993,5830243,326,560999,18041,1832439,172,34338,18213,1866777,28517,54851,14901127,13034350,0
2021-12-20,16781,6659855,5862,5836105,745,561744,47549,1879988,570,34908,48119,1914896,71507,56696.14,14972634,13057738,0
2021-12-21,17907,6677762,6572,5842677,804,562548,48980,1928968,589,35497,49569,1964465,74852,59029.29,15047486,13083021,0
2021-12-22,18493,6696255,6555,5849232,937,563485,49791,1978759,533,36030,50324,2014789,76309,61684.14,15123795,13109006,0
2021-12-23,18983,6715238,6481,5855713,930,564415,45939,2024698,529,36559,46468,2061257,72862,63554.71,15196657,13135400,0
2021-12-24,9202,6724440,2951,5858664,598,565013,20633,2045331,212,36771,20845,2082102,33596,58243.43,15230253,13148151,0
2021-12-25,344,6724784,63,5858727,31,565044,427,2045758,8,36779,435,2082537,873,51216.57,15231126,13148589,0
2021-12-26,7940,6732724,3926,5862653,340,565384,17305,2063063,175,36954,17480,2100017,29686,51383.57,15260812,13160795,0
2021-12-27,21724,6754448,9203,5871856,934,566318,43507,2106570,562,37516,44069,2144086,75930,52015.43,15336742,13192656,0
2021-12-28,20098,6774546,8337,5880193,702,567020,47639,2154209,615,38131,48254,2192340,77391,52378.14,15414133,13221793,0
2021-12-29,18462,6793008,7669,5887862,607,567627,45636,2199845,488,38619,46124,2238464,72862,51885.71,15486995,13248531,0
2021-12-30,16850,6809858,7427,5895289,588,568215,44914,2244759,587,39206,45501,2283965,70366,51529.14,15557361,13273396,0
2021-12-31,5345,6815203,2809,5898098,193,568408,14773,2259532,187,39393,14960,2298925,23307,50059.29,15580668,13281743,0
2022-01-01,244,6815447,147,5898245,12,568420,502,2260034,22,39415,524,2299449,927,50067,15581595,13282146,0
2022-01-02,6417,6821864,5023,5903268,153,568573,10990,2271024,112,39527,11102,2310551,22695,49068.29,15604290,13293739,0
2022-01-03,14099,6835963,8505,5911773,514,569087,26996,2298020,345,39872,27341,2337892,50459,45429.57,15654749,13316857,0
2022-01-04,12797,6848760,8128,5919901,415,569502,27270,2325290,364,40236,27634,2365526,48974,41370,15703723,13338197,0
2022-01-05,11306,6860066,7022,5926923,382,569884,26010,2351300,313,40549,26323,2391849,45033,37394.43,15748756,13356907,0
2022-01-06,11326,6871392,7395,5934318,483,570367,27661,2378961,344,40893,28005,2419854,47209,34086.29,15795965,13376111,0
2022-01-07,10152,6881544,8453,5942771,339,570706,25208,2404169,325,41218,25533,2445387,44478,37110.71,15840443,13395056,0
2022-01-08,7667,6889211,8589,5951360,311,571017,19622,2423791,183,41401,19805,2465192,36373,42174.43,15876816,13411624,0
2022-01-09,4111,6893322,3842,5955202,214,571231,10079,2433870,93,41494,10172,2475364,18339,41552.14,15895155,13419791,0
2022-01-10,10150,6903472,8193,5963395,490,571721,24636,2458506,304,41798,24940,2500304,43773,40597,15938928,13438624,0
2022-01-11,8859,6912331,7988,5971383,521,572242,21055,2479561,292,42090,21347,2521651,38717,39131.71,15977645,13455994,0
2022-01-12,8916,6921247,8328,5979711,427,572669,22382,2501943,286,42376,22668,2544319,40339,38461.14,16017984,13473665,0
2022-01-13,9008,6930255,8869,5988580,451,573120,22930,2524873,320,42696,23250,2567569,41579,37656.86,16059563,13491994,0
2022-01-14,10078,6940333,8125,5996705,475,573595,26465,2551338,333,43029,26798,2594367,45476,37799.43,16105039,13510672,0
2022-01-15,6193,6946526,4311,6001016,178,573773,15159,2566497,178,43207,15337,2609704,26019,36320.29,16131058,13521354,0
2022-01-16,2902,6949428,3250,6004266,95,573868,7835,2574332,87,43294,7922,2617626,14169,35724.57,16145227,13527601,0
2022-01-17,6044,6955472,6748,6011014,363,574231,14705,2589037,223,43517,14928,2632554,28083,33483.14,16173310,13540756,0
2022-01-18,8140,6963612,10321,6021335,394,574625,19693,2608730,320,43837,20013,2652567,38868,33504.71,16212178,13559611,0
2022-01-19,7433,6971045,9251,6030586,303,574928,17736,2626466,277,44114,18013,2670580,35001,32742.14,16247179,13576599,0
2022-01-20,6247,6977292,8561,6039147,305,575233,15285,2641751,247,44361,15532,2686112,30645,31180.14,16277824,13591712,0
2022-01-21,7540,6984832,7513,6046660,276,575509,18531,2660282,287,44648,18818,2704930,34147,29561.71,16311971,13607041,0
2022-01-22,5179,6990011,4934,6051594,131,575640,11334,2671616,129,44777,11463,2716393,21707,28945.71,16333678,13617285,0
2022-01-23,2794,6992805,3330,6054924,97,575737,6244,2677860,76,44853,6320,2722713,12541,28713.14,16346219,13623506,0
2022-01-24,6345,6999150,8205,6063129,262,575999,15092,2692952,238,45091,15330,2738043,30142,29007.29,16376361,13638318,0
2022-01-25,6164,7005314,7946,6071075,231,576230,14716,2707668,262,45353,14978,2753021,29319,27643.14,16405680,13652659,0
2022-01-26,5735,7011049,7181,6078256,289,576519,14026,2721694,213,45566,14239,2767260,27444,26563.57,16433124,13665864,0
2022-01-27,5232,7016281,7092,6085348,321,576840,14105,2735799,235,45801,14340,2781600,26985,26040.71,16460109,13678509,0
2022-01-28,6234,7022515,7879,6093227,203,577043,16141,2751940,241,46042,16382,2797982,30698,25548,16490807,13692825,0
2022-01-29,838,7023353,729,6093956,28,577071,2540,2754480,40,46082,2580,2800562,4175,23043.43,16494982,13694420,0
2022-01-30,2081,7025434,3023,6096979,103,577174,4550,2759030,63,46145,4613,2805175,9820,22654.71,16504802,13699627,0
2022-01-31,4989,7030423,6593,6103572,220,577394,11406,2770436,201,46346,11607,2816782,23409,21692.86,16528211,13711429,0
2022-02-01,4813,7035236,6445,6110017,220,577614,10727,2781163,222,46568,10949,2827731,22427,20708.29,16550638,13722907,0
2022-02-02,4252,7039488,5941,6115958,212,577826,11252,2792415,244,46812,11496,2839227,21901,19916.43,16572539,13733312,0
2022-02-03,4208,7043696,5818,6121776,216,578042,11234,2803649,200,47012,11434,2850661,21676,19158,16594215,13743554,0
2022-02-04,4744,7048440,7117,6128893,214,578256,13236,2816885,239,47251,13475,2864136,25550,18422.57,16619765,13755629,0
2022-02-05,3563,7052003,6053,6134946,110,578366,8587,2825472,157,47408,8744,2872880,18470,20464.71,16638235,13765355,0
2022-02-06,2055,7054058,2138,6137084,121,578487,4644,2830116,104,47512,4748,2877628,9063,20356.57,16647298,13769670,0
2022-02-07,4139,7058197,4738,6141822,205,578692,10144,2840260,235,47747,10379,2888007,19461,19792.57,16666759,13778752,0
2022-02-08,4203,7062400,5609,6147431,214,578906,11338,2851598,307,48054,11645,2899652,21671,19684.57,16688430,13788778,0
2022-02-09,4118,7066518,5406,6152837,222,579128,11674,2863272,256,48310,11930,2911582,21676,19652.43,16710106,13798524,0
2022-02-10,3973,7070491,5127,6157964,244,579372,12207,2875479,288,48598,12495,2924077,21839,19675.71,16731945,13807868,0
2022-02-11,4498,7074989,5812,6163776,195,579567,13743,2889222,326,48924,14069,2938146,24574,19536.29,16756519,13818373,0
2022-02-12,3249,7078238,4345,6168121,97,579664,8813,2898035,216,49140,9029,2947175,16720,19286.29,16773239,13826064,0
2022-02-13,1514,7079752,1544,6169665,41,579705,4886,2902921,111,49251,4997,2952172,8096,19148.14,16781335,13829163,0
2022-02-14,2971,7082723,3624,6173289,167,579872,10581,2913502,325,49576,10906,2963078,17668,18892,16799003,13835925,0
2022-02-15,3533,7086256,4078,6177367,174,580046,12797,2926299,285,49861,13082,2976160,20867,18777.14,16819870,13843710,0
2022-02-16,3637,7089893,3907,6181274,200,580246,15740,2942039,295,50156,16035,2992195,23779,19077.57,16843649,13851454,0
2022-02-17,4044,7093937,4084,6185358,162,580408,18341,2960380,362,50518,18703,3010898,26993,19813.86,16870642,13859744,0
2022-02-18,4445,7098382,4788,6190146,189,580597,21548,2981928,463,50981,22011,3032909,31433,20793.71,16902075,13869166,0
2022-02-19,3244,7101626,2183,6192329,65,580662,11189,2993117,216,51197,11405,3044314,16897,20819,16918972,13874658,0
2022-02-20,1846,7103472,1446,6193775,59,580721,6594,2999711,113,51310,6707,3051021,10058,21099.29,16929030,13878009,0
2022-02-21,3079,7106551,2696,6196471,95,580816,8353,3008064,234,51544,8587,3059608,14457,20640.57,16943487,13883879,0
2022-02-22,4367,7110918,4258,6200729,174,580990,10842,3018906,253,51797,11095,3070703,19894,20501.57,16963381,13892678,0
2022-02-23,4249,7115167,3792,6204521,145,581135,10675,3029581,243,52040,10918,3081621,19104,19833.71,16982485,13900864,0
2022-02-24,3787,7118954,3660,6208181,108,581243,10199,3039780,231,52271,10430,3092051,17985,18546.86,17000470,13908419,0
2022-02-25,3601,7122555,3635,6211816,135,581378,9986,3049766,244,52515,10230,3102281,17601,16570.86,17018071,13915790,0
2022-02-26,2825,7125380,2581,6214397,74,581452,9525,3059291,157,52672,9682,3111963,15162,16323,17033233,13921270,0
2022-02-27,1767,7127147,1373,6215770,52,581504,6272,3065563,101,52773,6373,3118336,9565,16252.57,17042798,13924462,0
2022-02-28,3779,7130926,3138,6218908,141,581645,13147,3078710,250,53023,13397,3131733,20455,17109.43,17063253,13931520,0
2022-03-01,2120,7133046,2631,6221539,103,581748,5189,3083899,187,53210,5376,3137109,10230,15728.86,17073483,13936374,0
2022-03-02,1828,7134874,2446,6223985,107,581855,4143,3088042,210,53420,4353,3141462,8734,14247.43,17082217,13940755,0
2022-03-03,1932,7136806,2559,6226544,106,581961,3802,3091844,171,53591,3973,3145435,8570,12902.43,17090787,13945352,0
2022-03-04,2119,7138925,2877,6229421,66,582027,4331,3096175,209,53800,4540,3149975,9602,11759.71,17100389,13950414,0
2022-03-05,1611,7140536,2123,6231544,43,582070,3318,3099493,118,53918,3436,3153411,7213,10624.14,17107602,13954191,0
2022-03-06,797,7141333,880,6232424,30,582100,1624,3101117,55,53973,1679,3155090,3386,9741.43,17110988,13955898,0
2022-03-07,1660,7142993,1788,6234212,87,582187,3504,3104621,160,54133,3664,3158754,7199,7847.71,17118187,13959433,0
2022-03-08,1548,7144541,1896,6236108,79,582266,3126,3107747,152,54285,3278,3162032,6801,7357.86,17124988,13962956,0
2022-03-09,1262,7145803,1683,6237791,80,582346,2593,3110340,129,54414,2722,3164754,5747,6931.14,17130735,13965981,0
2022-03-10,1414,7147217,2098,6239889,85,582431,2968,3113308,163,54577,3131,3167885,6728,6668,17137463,13969578,0
2022-03-11,1595,7148812,2276,6242165,81,582512,3213,3116521,189,54766,3402,3171287,7354,6346.86,17144817,13973530,0
2022-03-12,876,7149688,1416,6243581,42,582554,2010,3118531,75,54841,2085,3173372,4419,5947.71,17149236,13975864,0
2022-03-13,624,7150312,756,6244337,28,582582,1292,3119823,48,54889,1340,3174712,2748,5856.57,17151984,13977272,0
2022-03-14,1365,7151677,1612,6245949,83,582665,2992,3122815,209,55098,3201,3177913,6261,5722.57,17158245,13980332,0
2022-03-15,1355,7153032,1925,6247874,63,582728,3072,3125887,233,55331,3305,3181218,6648,5700.71,17164893,13983675,0
2022-03-16,1397,7154429,2065,6249939,94,582822,3142,3129029,295,55626,3437,3184655,6993,5878.71,17171886,13987231,0
2022-03-17,1193,7155622,1808,6251747,71,582893,2763,3131792,268,55894,3031,3187686,6103,5789.43,17177989,13990303,0
2022-03-18,1588,7157210,2217,6253964,79,582972,3775,3135567,419,56313,4194,3191880,8078,5892.86,17186067,13994187,0
2022-03-19,1109,7158319,1733,6255697,54,583026,2604,3138171,228,56541,2832,3194712,5728,6079.86,17191795,13997083,0
2022-03-20,607,7158926,630,6256327,33,583059,1468,3139639,186,56727,1654,3196366,2924,6105,17194719,13998353,0
2022-03-21,1419,7160345,1554,6257881,73,583132,3060,3142699,360,57087,3420,3199786,6466,6134.29,17201185,14001399,0
2022-03-22,1345,7161690,1554,6259435,101,583233,2907,3145606,345,57432,3252,3203038,6252,6077.71,17207437,14004399,0
2022-03-23,1257,7162947,1361,6260796,66,583299,2920,3148526,375,57807,3295,3206333,5979,5932.86,17213416,14007083,0
2022-03-24,1211,7164158,1299,6262095,90,583389,2520,3151046,270,58077,2790,3209123,5390,5831,17218806,14009683,0
2022-03-25,1381,7165539,1634,6263729,62,583451,3268,3154314,382,58459,3650,3212773,6727,5638,17225533,14012760,0
2022-03-26,926,7166465,1165,6264894,36,583487,2308,3156622,251,58710,2559,3215332,4686,5489.14,17230219,14014887,0
2022-03-27,573,7167038,528,6265422,29,583516,1315,3157937,202,58912,1517,3216849,2647,5449.57,17232866,14016017,0
2022-03-28,1079,7168117,1168,6266590,69,583585,2441,3160378,364,59276,2805,3219654,5121,5257.43,17237987,14018333,0
2022-03-29,1049,7169166,1103,6267693,85,583670,2511,3162889,885,60161,3396,3223050,5633,5169,17243620,14020570,0
2022-03-30,1240,7170406,1138,6268831,99,583769,3063,3165952,3412,63573,6475,3229525,8952,5593.71,17252572,14023047,0
2022-03-31,1277,7171683,1249,6270080,57,583826,3169,3169121,5521,69094,8690,3238215,11274,6434.29,17263846,14025631,0
2022-04-01,1421,7173104,1488,6271568,76,583902,3246,3172367,6915,76009,10161,3248376,13146,7351.29,17276992,14028616,0
2022-04-02,908,7174012,909,6272477,33,583935,2089,3174456,4537,80546,6626,3255002,8476,7892.71,17285468,14030466,0
2022-04-03,555,7174567,493,6272970,28,583963,1220,3175676,3058,83604,4278,3259280,5354,8279.43,17290822,14031542,0
2022-04-04,1349,7175916,1305,6274275,61,584024,2721,3178397,7716,91320,10437,3269717,13152,9426.71,17303974,14034257,0
2022-04-05,1297,7177213,1155,6275430,66,584090,2843,3181240,7498,98818,10341,3280058,12859,10459,17316833,14036775,0
2022-04-06,1335,7178548,1176,6276606,61,584151,2626,3183866,6964,105782,9590,3289648,12162,10917.57,17328995,14039347,0
2022-04-07,1207,7179755,1062,6277668,57,584208,2373,3186239,6623,112405,8996,3298644,11322,10924.43,17340317,14041673,0
2022-04-08,1478,7181233,1405,6279073,61,584269,3164,3189403,8796,121201,11960,3310604,14904,11175.57,17355221,14044617,0
2022-04-09,911,7182144,926,6279999,29,584298,2081,3191484,4950,126151,7031,3317635,8897,11235.71,17364118,14046483,0
2022-04-10,579,7182723,460,6280459,25,584323,1167,3192651,2901,129052,4068,3321703,5132,11204,17369250,14047547,0
2022-04-11,1307,7184030,1227,6281686,61,584384,2656,3195307,7836,136888,10492,3332195,13087,11194.71,17382337,14050142,0
2022-04-12,1213,7185243,1057,6282743,73,584457,2521,3197828,7447,144335,9968,3342163,12311,11116.43,17394648,14052485,0
2022-04-13,1233,7186476,1073,6283816,60,584517,2511,3200339,7547,151882,10058,3352221,12424,11153.86,17407072,14054851,0
2022-04-14,1264,7187740,1095,6284911,59,584576,2443,3202782,6590,158472,9033,3361254,11451,11172.29,17418523,14057269,0
2022-04-15,1333,7189073,1095,6286006,53,584629,2562,3205344,6635,165107,9197,3370451,11678,10711.43,17430201,14059750,0
2022-04-16,857,7189930,652,6286658,34,584663,1642,3206986,3687,168794,5329,3375780,6872,10422.14,17437073,14061293,0
2022-04-17,345,7190275,201,6286859,27,584690,638,3207624,1158,169952,1796,3377576,2369,10027.43,17439442,14061866,0
2022-04-18,1387,7191662,1115,6287974,82,584772,2582,3210206,6408,176360,8990,3386566,11574,9811.29,17451016,14064450,0
2022-04-19,1414,7193076,936,6288910,71,584843,2579,3212785,5754,182114,8333,3394899,10754,9588.86,17461770,14066871,0
2022-04-20,1306,7194382,1153,6290063,65,584908,2707,3215492,6642,188756,9349,3404248,11873,9510.14,17473643,14069395,0
2022-04-21,1216,7195598,1064,6291127,53,584961,2333,3217825,5342,194098,7675,3411923,10008,9304,17483651,14071728,0
2022-04-22,1211,7196809,1025,6292152,46,585007,2198,3220023,5659,199757,7857,3419780,10140,9084.29,17493791,14074011,0
2022-04-23,713,7197522,749,6292901,59,585066,1428,3221451,3351,203108,4779,3424559,6300,9002.57,17500091,14075532,0
2022-04-24,441,7197963,336,6293237,27,585093,808,3222259,1819,204927,2627,3427186,3431,9154.29,17503522,14076336,0
2022-04-25,1036,7198999,913,6294150,64,585157,1853,3224112,5094,210021,6947,3434133,8960,8780.86,17512482,14078349,0
2022-04-26,948,7199947,859,6295009,76,585233,1748,3225860,4696,214717,6444,3440577,8327,8434.14,17520809,14080232,0
2022-04-27,1037,7200984,1022,6296031,80,585313,1926,3227786,5211,219928,7137,3447714,9276,8063.14,17530085,14082371,0
2022-04-28,1085,7202069,987,6297018,50,585363,2003,3229789,4736,224664,6739,3454453,8861,7899.29,17538946,14084493,0
2022-04-29,1178,7203247,1097,6298115,60,585423,2161,3231950,5413,230077,7574,3462027,9909,7866.29,17548855,14086828,0
2022-04-30,725,7203972,743,6298858,50,585473,1391,3233341,2968,233045,4359,3466386,5877,7805.86,17554732,14088346,0
2022-05-01,446,7204418,366,6299224,20,585493,766,3234107,1656,234701,2422,3468808,3254,7780.57,17557986,14089178,0
2022-05-02,1049,7205467,790,6300014,52,585545,1677,3235784,3812,238513,5489,3474297,7380,7554.86,17565366,14091069,0
2022-05-03,1120,7206587,862,6300876,61,585606,1995,3237779,4869,243382,6864,3481161,8907,7637.71,17574273,14093112,0
2022-05-04,1009,7207596,884,6301760,48,585654,1927,3239706,4670,248052,6597,3487758,8538,7532.29,17582811,14095053,0
2022-05-05,1074,7208670,955,6302715,87,585741,1928,3241634,4877,252929,6805,3494563,8921,7540.86,17591732,14097169,0
2022-05-06,1094,7209764,955,6303670,51,585792,1859,3243493,4402,257331,6261,3500824,8361,7319.71,17600093,14099269,0
2022-05-07,660,7210424,590,6304260,32,585824,1202,3244695,2432,259763,3634,3504458,4916,7182.43,17605009,14100551,0
2022-05-08,412,7210836,244,6304504,17,585841,667,3245362,1385,261148,2052,3506510,2725,7106.86,17607734,14101224,0
2022-05-09,1080,7211916,944,6305448,60,585901,1892,3247254,4430,265578,6322,3512832,8406,7253.43,17616140,14103308,0
2022-05-10,1096,7213012,930,6306378,54,585955,1984,3249238,4715,270293,6699,3519531,8779,7235.14,17624919,14105388,0
2022-05-11,1087,7214099,973,6307351,44,585999,1943,3251181,4839,275132,6782,3526313,8886,7284.86,17633805,14107492,0
2022-05-12,1104,7215203,950,6308301,60,586059,1999,3253180,4662,279794,6661,3532974,8775,7264,17642580,14109606,0
2022-05-13,1160,7216363,1041,6309342,44,586103,2068,3255248,4797,284591,6865,3539839,9110,7371,17651690,14111851,0
2022-05-14,830,7217193,668,6310010,31,586134,1465,3256713,2952,287543,4417,3544256,5946,7518.14,17657636,14113380,0
2022-05-15,510,7217703,357,6310367,22,586156,923,3257636,1647,289190,2570,3546826,3459,7623,17661095,14114269,0
2022-05-16,1228,7218931,855,6311222,62,586218,1830,3259466,3862,293052,5692,3552518,7837,7541.71,17668932,14116414,0
2022-05-17,1288,7220219,933,6312155,79,586297,2044,3261510,4892,297944,6936,3559454,9236,7607,17678168,14118714,0
2022-05-18,1243,7221462,900,6313055,82,586379,2061,3263571,4935,302879,6996,3566450,9221,7654.86,17687389,14120939,0
2022-05-19,1161,7222623,880,6313935,36,586415,2117,3265688,4728,307607,6845,3573295,8922,7675.86,17696311,14123016,0
2022-05-20,1196,7223819,966,6314901,73,586488,2372,3268060,5201,312808,7573,3580868,9810,7775.86,17706121,14125253,0
2022-05-21,837,7224656,645,6315546,23,586511,1719,3269779,3302,316110,5021,3585889,6527,7858.86,17712648,14126759,0
2022-05-22,508,7225164,292,6315838,22,586533,1136,3270915,1838,317948,2974,3588863,3796,7907,17716444,14127581,0
2022-05-23,1221,7226385,886,6316724,52,586585,2186,3273101,4709,322657,6895,3595758,9054,8080.86,17725498,14129740,0
2022-05-24,1408,7227793,939,6317663,66,586651,2298,3275399,4490,327147,6788,3602546,9202,8076,17734700,14132154,0
2022-05-25,1424,7229217,953,6318616,56,586707,2257,3277656,4265,331412,6522,3609068,8956,8038.14,17743656,14134588,0
2022-05-26,1176,7230393,889,6319505,60,586767,2262,3279918,4150,335562,6412,3615480,8538,7983.29,17752194,14136714,0
2022-05-27,1245,7231638,959,6320464,38,586805,2500,3282418,3916,339478,6416,3621896,8659,7818.86,17760853,14138957,0
2022-05-28,712,7232350,516,6320980,19,586824,1785,3284203,2065,341543,3850,3625746,5097,7614.57,17765950,14140204,0
2022-05-29,476,7232826,215,6321195,11,586835,759,3284962,1124,342667,1883,3627629,2585,7441.57,17768535,14140906,0
2022-05-30,92,7232918,59,6321254,6,586841,139,3285101,144,342811,283,3627912,440,6211,17768975,14141063,0
2022-05-31,1141,7234059,917,6322171,51,586892,1894,3286995,3054,345865,4948,3632860,7057,5904.57,17776032,14143172,0
2022-06-01,1156,7235215,853,6323024,63,586955,1968,3288963,3425,349290,5393,3638253,7465,5691.57,17783497,14145244,0
2022-06-02,1033,7236248,799,6323823,72,587027,1823,3290786,3170,352460,4993,3643246,6897,5457.14,17790394,14147148,0
2022-06-03,1166,7237414,896,6324719,47,587074,2066,3292852,3492,355952,5558,3648804,7667,5315.43,17798061,14149257,0
2022-06-04,726,7238140,582,6325301,26,587100,1555,3294407,1903,357855,3458,3652262,4794,5272.14,17802855,14150593,0
2022-06-05,450,7238590,297,6325598,1,587101,880,3295287,978,358833,1858,3654120,2606,5275.14,17805461,14151341,0
2022-06-06,1127,7239717,828,6326426,64,587165,1753,3297040,2735,361568,4488,3658608,6507,6141.86,17811968,14153360,0
2022-06-07,1025,7240742,769,6327195,70,587235,1791,3298831,2560,364128,4351,3662959,6215,6021.57,17818183,14155224,0
2022-06-08,1095,7241837,837,6328032,75,587310,1877,3300708,2744,366872,4621,3667580,6629,5902.14,17824812,14157232,0
2022-06-09,1141,7242978,839,6328871,61,587371,2223,3302931,2690,369562,4913,3672493,6954,5910.29,17831766,14159273,0
2022-06-10,1048,7244026,818,6329689,75,587446,1883,3304814,2824,372386,4707,3677200,6648,5764.71,17838414,14161214,0
2022-06-11,683,7244709,507,6330196,25,587471,1325,3306139,1503,373889,2828,3680028,4043,5657.43,17842457,14162429,0
2022-06-12,351,7245060,287,6330483,21,587492,879,3307018,772,374661,1651,3681679,2310,5615.14,17844767,14163088,0
2022-06-13,1028,7246088,768,6331251,63,587555,1576,3308594,2185,376846,3761,3685440,5621,5488.57,17850388,14164948,0
2022-06-14,967,7247055,833,6332084,64,587619,1681,3310275,2501,379347,4182,3689622,6046,5464.43,17856434,14166812,0
2022-06-15,968,7248023,866,6332950,39,587658,1665,3311940,2419,381766,4084,3693706,5957,5368.43,17862391,14168685,0
2022-06-16,961,7248984,777,6333727,59,587717,1828,3313768,2369,384135,4197,3697903,5994,5231.29,17868385,14170482,0
2022-06-17,905,7249889,797,6334524,48,587765,1769,3315537,2398,386533,4167,3702070,5918,5127,17874303,14172233,0
2022-06-18,660,7250549,521,6335045,26,587791,1278,3316815,1294,387827,2572,3704642,3779,5089.29,17878082,14173440,0
2022-06-19,348,7250897,235,6335280,16,587807,726,3317541,606,388433,1332,3705974,1931,5035.14,17880013,14174039,0
2022-06-20,833,7251730,487,6335767,41,587848,1571,3319112,1614,390047,3185,3709159,4546,4881.57,17884559,14175400,0
2022-06-21,1135,7252865,741,6336508,50,587898,1698,3320810,2141,392188,3839,3712998,5766,4841.57,17890325,14177327,0
2022-06-22,1964,7254829,832,6337340,46,587944,1706,3322516,1992,394180,3698,3716696,6540,4924.86,17896865,14180169,0
2022-06-23,2119,7256948,762,6338102,65,588009,1697,3324213,2152,396332,3849,3720545,6796,5039.43,17903661,14183116,0
2022-06-24,2175,7259123,757,6338859,48,588057,1625,3325838,2152,398484,3777,3724322,6757,5159.29,17910418,14186096,0
2022-06-25,2139,7261262,497,6339356,15,588072,1234,3327072,1143,399627,2377,3726699,5032,5338.29,17915450,14188751,0
2022-06-26,1212,7262474,248,6339604,14,588086,685,3327757,530,400157,1215,3727914,2689,5446.57,17918139,14190225,0
2022-06-27,1534,7264008,653,6340257,60,588146,1461,3329218,1652,401809,3113,3731027,5360,5562.86,17923499,14192472,0
2022-06-28,1692,7265700,829,6341086,57,588203,1858,3331076,2141,403950,3999,3735026,6577,5678.71,17930076,14195050,0
2022-06-29,1860,7267560,776,6341862,48,588251,1718,3332794,1921,405871,3639,3738665,6323,5647.71,17936399,14197734,0
2022-06-30,1869,7269429,807,6342669,46,588297,1730,3334524,2133,408004,3863,3742528,6585,5617.57,17942984,14200456,0
2022-07-01,1604,7271033,599,6343268,26,588323,1390,3335914,1724,409728,3114,3745642,5343,5415.57,17948327,14202685,0
2022-07-02,979,7272012,389,6343657,18,588341,836,3336750,940,410668,1776,3747418,3162,5148.43,17951489,14204071,0
2022-07-03,530,7272542,206,6343863,7,588348,458,3337208,487,411155,945,3748363,1688,5005.43,17953177,14204814,0
2022-07-04,36,7272578,25,6343888,1,588349,31,3337239,38,411193,69,3748432,131,4258.43,17953308,14204876,0
2022-07-05,1295,7273873,758,6344646,35,588384,1404,3338643,1737,412930,3141,3751573,5229,4065.86,17958537,14206964,0
2022-07-06,1611,7275484,680,6345326,44,588428,1443,3340086,1839,414769,3282,3754855,5617,3965,17964154,14209299,0
2022-07-07,1593,7277077,715,6346041,48,588476,1528,3341614,2000,416769,3528,3758383,5884,3864.86,17970038,14211655,0
2022-07-08,1630,7278707,653,6346694,37,588513,1471,3343085,1975,418744,3446,3761829,5768,3925.57,17975806,14213977,0
2022-07-09,981,7279688,426,6347120,26,588539,878,3343963,1343,420087,2221,3764050,3654,3995.86,17979460,14215410,0
2022-07-10,638,7280326,187,6347307,17,588556,429,3344392,661,420748,1090,3765140,1932,4030.71,17981392,14216252,0
2022-07-11,1397,7281723,635,6347942,49,588605,1436,3345828,2209,422957,3645,3768785,5726,4830,17987118,14218333,0
2022-07-12,1402,7283125,688,6348630,45,588650,1398,3347226,2509,425466,3907,3772692,6042,4946.14,17993160,14220468,0
2022-07-13,1618,7284743,725,6349355,37,588687,1524,3348750,2824,428290,4348,3777040,6728,5104.86,17999888,14222848,0
2022-07-14,1591,7286334,838,6350193,47,588734,1601,3350351,3055,431345,4656,3781696,7133,5283.29,18007021,14225325,0
2022-07-15,1614,7287948,939,6351132,47,588781,1569,3351920,3049,434394,4618,3786314,7218,5490.43,18014239,14227925,0
2022-07-16,882,7288830,585,6351717,9,588790,981,3352901,1695,436089,2676,3788990,4152,5561.57,18018391,14229401,0
2022-07-17,550,7289380,290,6352007,16,588806,529,3353430,1164,437253,1693,3790683,2549,5649.71,18020940,14230257,0
2022-07-18,1399,7290779,841,6352848,45,588851,1432,3354862,2450,439703,3882,3794565,6167,5712.71,18027107,14232542,0
2022-07-19,1441,7292220,977,6353825,51,588902,1536,3356398,2798,442501,4334,3798899,6803,5821.43,18033910,14235011,0
2022-07-20,1384,7293604,1479,6355304,50,588952,1349,3357747,2390,444891,3739,3802638,6653,5810.71,18040563,14237925,0
2022-07-21,1333,7294937,1434,6356738,50,589002,1394,3359141,2363,447254,3757,3806395,6574,5730.86,18047137,14240742,0
2022-07-22,1430,7296367,1569,6358307,41,589043,1559,3360700,2849,450103,4408,3810803,7448,5763.71,18054585,14243782,0
2022-07-23,903,7297270,1099,6359406,17,589060,995,3361695,1554,451657,2549,3813352,4568,5823.14,18059153,14245801,0
2022-07-24,487,7297757,642,6360048,14,589074,501,3362196,805,452462,1306,3814658,2450,5809,18061603,14246945,0
2022-07-25,1225,7298982,766,6360814,59,589133,1260,3363456,2059,454521,3319,3817977,5369,5695,18066972,14248995,0
2022-07-26,1231,7300213,1021,6361835,41,589174,1470,3364926,2440,456961,3910,3821887,6203,5609.29,18073175,14251288,0
2022-07-27,1319,7301532,1276,6363111,42,589216,1387,3366313,2191,459152,3578,3825465,6217,5547,18079392,14253927,0
2022-07-28,1312,7302844,1418,6364529,71,589287,1423,3367736,2219,461371,3642,3829107,6443,5528.29,18085835,14256728,0
2022-07-29,1317,7304161,1428,6365957,64,589351,1357,3369093,2151,463522,3508,3832615,6318,5366.86,18092153,14259538,0
2022-07-30,724,7304885,714,6366671,25,589376,789,3369882,951,464473,1740,3834355,3206,5172.29,18095359,14261004,0
2022-07-31,422,7305307,590,6367261,14,589390,488,3370370,570,465043,1058,3835413,2084,5120,18097443,14262030,0
2022-08-01,1224,7306531,912,6368173,55,589445,1327,3371697,1505,466548,2832,3838245,5023,5070.57,18102466,14264221,0
2022-08-02,1225,7307756,1013,6369186,73,589518,1344,3373041,1596,468144,2940,3841185,5251,4934.57,18107717,14266532,0
2022-08-03,1263,7309019,1189,6370375,41,589559,1339,3374380,1526,469670,2865,3844050,5358,4811.86,18113075,14269025,0
2022-08-04,1184,7310203,1185,6371560,57,589616,1284,3375664,1456,471126,2740,3846790,5166,4629.43,18118241,14271451,0
2022-08-05,1307,7311510,1448,6373008,49,589665,1312,3376976,1435,472561,2747,3849537,5551,4519.86,18123792,14274255,0
2022-08-06,689,7312199,841,6373849,14,589679,761,3377737,772,473333,1533,3851070,3078,4501.57,18126870,14275800,0
2022-08-07,390,7312589,457,6374306,14,589693,421,3378158,353,473686,774,3851844,1635,4437.43,18128505,14276661,0
2022-08-08,1181,7313770,933,6375239,70,589763,1272,3379430,1171,474857,2443,3854287,4627,4380.86,18133132,14278845,0
2022-08-09,1127,7314897,892,6376131,38,589801,1226,3380656,1159,476016,2385,3856672,4442,4265.29,18137574,14280902,0
2022-08-10,1215,7316112,1110,6377241,59,589860,1257,3381913,1244,477260,2501,3859173,4885,4197.71,18142459,14283286,0
2022-08-11,1292,7317404,1067,6378308,84,589944,1210,3383123,1277,478537,2487,3861660,4930,4164,18147389,14285729,0
2022-08-12,1308,7318712,1407,6379715,54,589998,1266,3384389,1248,479785,2514,3864174,5283,4125.71,18152672,14288498,0
2022-08-13,757,7319469,784,6380499,15,590013,760,3385149,629,480414,1389,3865563,2945,4106.71,18155617,14290054,0
2022-08-14,480,7319949,478,6380977,19,590032,403,3385552,281,480695,684,3866247,1661,4110.43,18157278,14291031,0
2022-08-15,1257,7321206,1060,6382037,60,590092,1312,3386864,988,481683,2300,3868547,4677,4117.57,18161955,14293408,0
2022-08-16,1303,7322509,864,6382901,50,590142,1361,3388225,1072,482755,2433,3870980,4650,4147.29,18166605,14295625,0
2022-08-17,1206,7323715,955,6383856,39,590181,1230,3389455,998,483753,2228,3873208,4428,4082,18171033,14297825,0
2022-08-18,1158,7324873,942,6384798,45,590226,1264,3390719,945,484698,2209,3875417,4354,3999.71,18175387,14299970,0
2022-08-19,1251,7326124,1128,6385926,34,590260,1115,3391834,976,485674,2091,3877508,4504,3888.43,18179891,14302383,0
2022-08-20,580,7326704,487,6386413,16,590276,629,3392463,500,486174,1129,3878637,2212,3783.71,18182103,14303466,0
2022-08-21,357,7327061,243,6386656,9,590285,382,3392845,267,486441,649,3879286,1258,3726.14,18183361,14304075,0
2022-08-22,1205,7328266,916,6387572,39,590324,1228,3394073,884,487325,2112,3881398,4272,3668.29,18187633,14306235,0
2022-08-23,1231,7329497,1050,6388622,47,590371,1374,3395447,962,488287,2336,3883734,4665,3670.43,18192298,14308564,0
2022-08-24,1263,7330760,1009,6389631,29,590400,1285,3396732,819,489106,2104,3885838,4406,3667.29,18196704,14310866,0
2022-08-25,1213,7331973,978,6390609,66,590466,1182,3397914,812,489918,1994,3887832,4251,3652.57,18200955,14313123,0
2022-08-26,1178,7333151,1167,6391776,53,590519,1187,3399101,778,490696,1965,3889797,4363,3632.43,18205318,14315521,0
2022-08-27,691,7333842,539,6392315,14,590533,670,3399771,403,491099,1073,3890870,2317,3647.43,18207635,14316765,0
2022-08-28,374,7334216,232,6392547,10,590543,443,3400214,226,491325,669,3891539,1285,3651.29,18208920,14317381,0
2022-08-29,1250,7335466,962,6393509,41,590584,1210,3401424,680,492005,1890,3893429,4144,3633,18213064,14319635,0
2022-08-30,1261,7336727,937,6394446,36,590620,1261,3402685,763,492768,2024,3895453,4258,3574.86,18217322,14321869,0
2022-08-31,1137,7337864,1002,6395448,43,590663,1102,3403787,569,493337,1671,3897124,3854,3496,18221176,14324052,0
2022-09-01,1022,7338886,955,6396403,51,590714,802,3404589,454,493791,1256,3898380,3284,3357.86,18224460,14326080,0
2022-09-02,958,7339844,1005,6397408,29,590743,586,3405175,172,493963,758,3899138,2750,3127.43,18227210,14328072,0
2022-09-03,493,7340337,431,6397839,12,590755,361,3405536,50,494013,411,3899549,1347,2988.86,18228557,14329008,0
2022-09-04,225,7340562,195,6398034,10,590765,188,3405724,27,494040,215,3899764,645,2897.43,18229202,14329438,0
2022-09-05,74,7340636,69,6398103,7,590772,44,3405768,17,494057,61,3899825,211,2335.57,18229413,14329588,0
2022-09-06,966,7341602,1144,6399247,50,590822,629,3406397,131,494188,760,3900585,2925,2145.14,18232338,14331753,0
2022-09-07,900,7342502,1009,6400256,38,590860,475,3406872,149,494337,624,3901209,2588,1964.29,18234926,14333717,0
2022-09-08,783,7343285,755,6401011,36,590896,248,3407120,111,494448,359,3901568,1971,1776.71,18236897,14335329,0
2022-09-09,776,7344061,1053,6402064,48,590944,272,3407392,120,494568,392,3901960,2383,1724.29,18239280,14337320,0
2022-09-10,433,7344494,592,6402656,12,590956,258,3407650,46,494614,304,3902264,1397,1731.43,18240677,14338413,0
2022-09-11,195,7344689,214,6402870,11,590967,86,3407736,30,494644,116,3902380,568,1720.43,18241245,14338865,0
2022-09-12,685,7345374,741,6403611,39,591006,201,3407937,95,494739,296,3902676,1832,1952,18243077,14340401,0
2022-09-13,669,7346043,753,6404364,32,591038,218,3408155,114,494853,332,3903008,1894,1804.71,18244971,14341963,0
2022-09-14,650,7346693,795,6405159,30,591068,220,3408375,120,494973,340,3903348,1945,1712.86,18246916,14343568,0
2022-09-15,731,7347424,711,6405870,22,591090,221,3408596,109,495082,330,3903678,1948,1709.57,18248864,14345186,0
2022-09-16,710,7348134,967,6406837,27,591117,271,3408867,168,495250,439,3904117,2386,1710,18251250,14347133,0
2022-09-17,340,7348474,561,6407398,12,591129,271,3409138,79,495329,350,3904467,1371,1706.29,18252621,14348154,0
2022-09-18,163,7348637,180,6407578,7,591136,72,3409210,28,495357,100,3904567,475,1693,18253096,14348529,0
2022-09-19,629,7349266,616,6408194,28,591164,221,3409431,95,495452,316,3904883,1657,1668,18254753,14349870,0
2022-09-20,606,7349872,678,6408872,27,591191,212,3409643,91,495543,303,3905186,1736,1645.43,18256489,14351303,0
2022-09-21,629,7350501,650,6409522,31,591222,256,3409899,134,495677,390,3905576,1852,1632.14,18258341,14352765,0
2022-09-22,583,7351084,639,6410161,28,591250,168,3410067,138,495815,306,3905882,1755,1604.57,18260096,14354214,0
2022-09-23,645,7351729,911,6411072,24,591274,250,3410317,145,495960,395,3906277,2227,1581.86,18262323,14356046,0
2022-09-24,328,7352057,560,6411632,8,591282,262,3410579,68,496028,330,3906607,1325,1575.29,18263648,14357041,0
2022-09-25,139,7352196,167,6411799,1,591283,72,3410651,48,496076,120,3906727,473,1575,18264121,14357394,0
2022-09-26,535,7352731,523,6412322,16,591299,281,3410932,149,496225,430,3907157,1629,1571,18265750,14358593,0
2022-09-27,615,7353346,651,6412973,26,591325,283,3411215,169,496394,452,3907609,1933,1599.14,18267683,14360074,0
2022-09-28,515,7353861,597,6413570,18,591343,188,3411403,189,496583,377,3907986,1709,1578.71,18269392,14361406,0
2022-09-29,648,7354509,649,6414219,19,591362,173,3411576,105,496688,278,3908264,1807,1586.14,18271199,14362935,0
2022-09-30,590,7355099,822,6415041,13,591375,181,3411757,186,496874,367,3908631,2118,1570.57,18273317,14364686,0
2022-10-01,241,7355340,351,6415392,5,591380,132,3411889,36,496910,168,3908799,871,1505.71,18274188,14365389,0
2022-10-02,125,7355465,148,6415540,5,591385,46,3411935,46,496956,92,3908891,393,1494.29,18274581,14365690,0
2022-10-03,508,7355973,435,6415975,23,591408,155,3412090,119,497075,274,3909165,1345,1453.71,18275926,14366761,0
2022-10-04,484,7356457,507,6416482,15,591423,148,3412238,123,497198,271,3909436,1367,1372.86,18277293,14367857,0
2022-10-05,534,7356991,602,6417084,17,591440,280,3412518,167,497365,447,3909883,1765,1380.86,18279058,14369175,0
2022-10-06,531,7357522,601,6417685,19,591459,165,3412683,162,497527,327,3910210,1599,1351.14,18280657,14370447,0
2022-10-07,558,7358080,657,6418342,15,591474,168,3412851,148,497675,316,3910526,1899,1319.86,18282556,14372030,0
2022-10-08,249,7358329,369,6418711,4,591478,142,3412993,63,497738,205,3910731,901,1324.14,18283457,14372726,0
2022-10-09,105,7358434,157,6418868,5,591483,47,3413040,56,497794,103,3910834,404,1325.71,18283861,14373027,0
2022-10-10,371,7358805,436,6419304,14,591497,171,3413211,116,497910,287,3911121,1237,1310.29,18285098,14373977,0
2022-10-11,518,7359323,491,6419795,19,591516,178,3413389,151,498061,329,3911450,1468,1324.71,18286566,14375116,0
2022-10-12,484,7359807,546,6420341,17,591533,133,3413522,182,498243,315,3911765,1507,1287.86,18288073,14376308,0
2022-10-13,506,7360313,477,6420818,28,591561,129,3413651,204,498447,333,3912098,1442,1265.43,18289515,14377417,0
2022-10-14,525,7360838,727,6421545,25,591586,134,3413785,206,498653,340,3912438,1953,1273.14,18291468,14379030,0
2022-10-15,234,7361072,331,6421876,9,591595,89,3413874,67,498720,156,3912594,823,1262,18292291,14379697,0
2022-10-16,112,7361184,164,6422040,3,591598,25,3413899,65,498785,90,3912684,407,1262.43,18292698,14380014,0
2022-10-17,487,7361671,439,6422479,18,591616,82,3413981,122,498907,204,3912888,1273,1267.57,18293971,14381083,0
2022-10-18,436,7362107,505,6422984,20,591636,97,3414078,148,499055,245,3913133,1331,1248,18295302,14382169,0
2022-10-19,528,7362635,490,6423474,21,591657,86,3414164,152,499207,238,3913371,1406,1233.57,18296708,14383337,0
2022-10-20,494,7363129,496,6423970,10,591667,81,3414245,154,499361,235,3913606,1360,1221.86,18298068,14384462,0
2022-10-21,473,7363602,546,6424516,9,591676,92,3414337,159,499520,251,3913857,1598,1171.14,18299666,14385809,0
2022-10-22,217,7363819,310,6424826,9,591685,42,3414379,42,499562,84,3913941,706,1154.43,18300372,14386431,0
2022-10-23,84,7363903,97,6424923,3,591688,21,3414400,39,499601,60,3914001,265,1134.14,18300637,14386636,0
2022-10-24,485,7364388,417,6425340,19,591707,70,3414470,115,499716,185,3914186,1229,1127.86,18301866,14387680,0
2022-10-25,467,7364855,450,6425790,12,591719,93,3414563,112,499828,205,3914391,1267,1118.71,18303133,14388742,0
2022-10-26,490,7365345,449,6426239,11,591730,88,3414651,175,500003,263,3914654,1388,1116.14,18304521,14389867,0
2022-10-27,435,7365780,444,6426683,13,591743,94,3414745,137,500140,231,3914885,1256,1101.29,18305777,14390892,0
2022-10-28,539,7366319,636,6427319,17,591760,103,3414848,161,500301,264,3915149,1741,1121.71,18307518,14392369,0
2022-10-29,189,7366508,241,6427560,9,591769,68,3414916,56,500357,124,3915273,654,1114.29,18308172,14392899,0
2022-10-30,90,7366598,76,6427636,3,591772,19,3414935,57,500414,76,3915349,267,1114.57,18308439,14393090,0
2022-10-31,334,7366932,317,6427953,8,591780,47,3414982,127,500541,174,3915523,902,1067.86,18309341,14393818,0
2022-11-01,470,7367402,378,6428331,18,591798,76,3415058,124,500665,200,3915723,1253,1065.86,18310594,14394871,0
2022-11-02,406,7367808,398,6428729,17,591815,87,3415145,119,500784,206,3915929,1191,1037.71,18311785,14395856,0
2022-11-03,408,7368216,384,6429113,13,591828,80,3415225,159,500943,239,3916168,1170,1025.43,18312955,14396787,0
2022-11-04,453,7368669,498,6429611,14,591842,99,3415324,157,501100,256,3916424,1567,1000.57,18314522,14398098,0
2022-11-05,228,7368897,221,6429832,5,591847,67,3415391,79,501179,146,3916570,693,1006.14,18315215,14398645,0
2022-11-06,77,7368974,98,6429930,4,591851,19,3415410,49,501228,68,3916638,302,1011.14,18315517,14398879,0
2022-11-07,427,7369401,365,6430295,14,591865,72,3415482,106,501334,178,3916816,1105,1040.14,18316622,14399806,0
2022-11-08,420,7369821,379,6430674,7,591872,92,3415574,127,501461,219,3917035,1201,1032.71,18317823,14400788,0
2022-11-09,417,7370238,382,6431056,9,591881,84,3415658,114,501575,198,3917233,1190,1032.57,18319013,14401780,0
2022-11-10,425,7370663,395,6431451,14,591895,68,3415726,144,501719,212,3917445,1195,1036.14,18320208,14402763,0
2022-11-11,410,7371073,424,6431875,11,591906,94,3415820,95,501814,189,3917634,1377,1009,18321585,14403951,0
2022-11-12,206,7371279,202,6432077,2,591908,53,3415873,61,501875,114,3917748,591,994.43,18322176,14404428,0
2022-11-13,92,7371371,93,6432170,4,591912,15,3415888,67,501942,82,3917830,298,993.86,18322474,14404644,0
2022-11-14,394,7371765,367,6432537,19,591931,57,3415945,106,502048,163,3917993,1047,985.57,18323521,14405528,0
2022-11-15,466,7372231,395,6432932,15,591946,94,3416039,132,502180,226,3918219,1268,995.14,18324789,14406570,0
2022-11-16,401,7372632,391,6433323,19,591965,59,3416098,108,502288,167,3918386,1103,982.71,18325892,14407506,0
2022-11-17,412,7373044,406,6433729,10,591975,56,3416154,146,502434,202,3918588,1151,976.43,18327043,14408455,0
2022-11-18,490,7373534,486,6434215,12,591987,61,3416215,142,502576,203,3918791,1522,997.14,18328565,14409774,120000
2022-11-19,195,7373729,198,6434413,2,591989,52,3416267,62,502638,114,3918905,634,1003.29,18329199,14410294,120000
2022-11-20,88,7373817,106,6434519,3,591992,11,3416278,34,502672,45,3918950,272,999.57,18329471,14410521,120000
2022-11-21,401,7374218,304,6434823,3,591995,45,3416323,85,502757,130,3919080,924,982,18330395,14411315,120000
2022-11-22,370,7374588,336,6435159,5,592000,52,3416375,87,502844,139,3919219,966,938.86,18331361,14412142,120000
2022-11-23,325,7374913,268,6435427,10,592010,61,3416436,72,502916,133,3919352,843,901.71,18332204,14412852,120000
2022-11-24,8,7374921,3,6435430,0,592010,0,3416436,2,502918,2,3919354,13,739.14,18332217,14412863,120000
