"DATE","ADMIN_DOSE1_DAILY","ADMIN_DOSE1_CUMULATIVE","ADMIN_DOSE2_DAILY","ADMIN_DOSE2_CUMULATIVE","ADMIN_SINGLE_DAILY","ADMIN_SINGLE_CUMULATIVE","ADMIN_ADDITIONAL1_DAILY","ADMIN_ADDITIONAL1_CUMULATIVE","ADMIN_ADDITIONAL2_DAILY","ADMIN_ADDITIONAL2_CUMULATIVE","ADMIN_ADDITIONAL_DAILY","ADMIN_ADDITIONAL_CUMULATIVE","ADMIN_BIVALENT_ADDITIONAL_DAILY","ADMIN_BIVALENT_ADDITIONAL_CUMULATIVE","ADMIN_ALLDOSES_DAILY","ADMIN_ALLDOSES_7DAYAVG","ADMIN_ALLDOSES_CUMULATIVE","ADMIN_ALLDOSES_PRIMARY","INCOMPLETE"
2020-12-14,79,79,0,0,2,2,0,0,0,0,0,0,0,0,81,,81,81,0
2020-12-15,2052,2131,7,7,5,7,0,0,0,0,0,0,0,0,2064,,2145,2145,0
2020-12-16,4604,6735,17,24,4,11,1,1,0,0,1,1,0,0,4626,,6771,6770,0
2020-12-17,4661,11396,18,42,2,13,1,2,0,0,1,2,0,0,4682,,11453,11451,0
2020-12-18,5834,17230,22,64,2,15,2,4,0,0,2,4,0,0,5860,,17313,17309,0
2020-12-19,1687,18917,10,74,3,18,0,4,0,0,0,4,0,0,1700,,19013,19009,0
2020-12-20,1118,20035,2,76,1,19,0,4,0,0,0,4,0,0,1121,2876.29,20134,20130,0
2020-12-21,6392,26427,22,98,0,19,4,8,0,0,4,8,0,0,6418,3781.57,26552,26544,0
2020-12-22,9765,36192,29,127,2,21,1,9,0,0,1,9,0,0,9797,4886.29,36349,36340,0
2020-12-23,14274,50466,39,166,3,24,0,9,0,0,0,9,0,0,14316,6270.57,50665,50656,0
2020-12-24,7170,57636,28,194,1,25,0,9,0,0,0,9,0,0,7199,6630.14,57864,57855,0
2020-12-25,180,57816,0,194,0,25,1,10,0,0,1,10,0,0,181,5818.86,58045,58035,0
2020-12-26,4392,62208,48,242,0,25,1,11,0,0,1,11,0,0,4441,6210.43,62486,62475,0
2020-12-27,3869,66077,15,257,0,25,1,12,0,0,1,12,0,0,3885,6605.29,66371,66359,0
2020-12-28,10991,77068,51,308,1,26,3,15,0,0,3,15,0,0,11046,7266.43,77417,77402,0
2020-12-29,10712,87780,37,345,2,28,3,18,0,0,3,18,0,0,10754,7403.14,88171,88153,0
2020-12-30,12819,100599,45,390,0,28,0,18,0,0,0,18,0,0,12864,7195.71,101035,101017,0
2020-12-31,7258,107857,38,428,1,29,0,18,0,0,0,18,0,0,7297,7209.71,108332,108314,0
2021-01-01,178,108035,2,430,1,30,3,21,0,0,3,21,0,0,184,7210.14,108516,108495,0
2021-01-02,3810,111845,10,440,3,33,2,23,0,0,2,23,0,0,3825,7122.14,112341,112318,0
2021-01-03,3544,115389,25,465,2,35,1,24,0,0,1,24,0,0,3572,7077.43,115913,115889,0
2021-01-04,12249,127638,812,1277,2,37,7,31,0,0,7,31,0,0,13070,7366.57,128983,128952,0
2021-01-05,14085,141723,2198,3475,2,39,14,45,1,1,15,46,0,0,16300,8158.86,145283,145237,0
2021-01-06,17795,159518,3928,7403,1,40,33,78,8,9,41,87,0,0,21765,9430.43,167048,166961,0
2021-01-07,16539,176057,5185,12588,4,44,46,124,3,12,49,136,0,0,21777,11499,188825,188689,0
2021-01-08,16609,192666,5464,18052,0,44,37,161,5,17,42,178,0,0,22115,14632,210940,210762,0
2021-01-09,7647,200313,1464,19516,1,45,9,170,2,19,11,189,0,0,9123,15388.86,220063,219874,0
2021-01-10,7877,208190,980,20496,0,45,14,184,0,19,14,203,0,0,8871,16145.86,228934,228731,0
2021-01-11,25809,233999,7461,27957,2,47,59,243,7,26,66,269,0,0,33338,19041.29,262272,262003,0
2021-01-12,28238,262237,7869,35826,1,48,47,290,4,30,51,320,0,0,36159,21878.29,298431,298111,0
2021-01-13,31702,293939,9418,45244,1,49,60,350,6,36,66,386,0,0,41187,24652.86,339618,339232,0
2021-01-14,35794,329733,5304,50548,1,50,34,384,7,43,41,427,0,0,41140,27419,380758,380331,0
2021-01-15,29246,358979,3716,54264,2,52,33,417,6,49,39,466,0,0,33003,28974.43,413761,413295,0
2021-01-16,30252,389231,2403,56667,0,52,25,442,6,55,31,497,0,0,32686,32340.57,446447,445950,0
2021-01-17,23725,412956,1646,58313,0,52,20,462,1,56,21,518,0,0,25392,34700.71,471839,471321,0
2021-01-18,27078,440034,2429,60742,0,52,37,499,7,63,44,562,0,0,29552,34159.86,501391,500829,0
2021-01-19,34263,474297,9647,70389,1,53,73,572,8,71,81,643,0,0,43992,35278.86,545383,544740,0
2021-01-20,34844,509141,9505,79894,1,54,62,634,3,74,65,708,0,0,44415,35740,589798,589090,0
2021-01-21,25571,534712,8098,87992,2,56,56,690,5,79,61,769,0,0,33732,34681.71,623530,622761,0
2021-01-22,24738,559450,4387,92379,1,57,32,722,7,86,39,808,0,0,29165,34133.43,652695,651887,0
2021-01-23,15733,575183,3226,95605,0,57,12,734,2,88,14,822,0,0,18973,32174.43,671668,670846,0
2021-01-24,7168,582351,3459,99064,0,57,20,754,2,90,22,844,0,0,10649,30068.29,682317,681473,0
2021-01-25,13390,595741,11833,110897,0,57,70,824,13,103,83,927,0,0,25306,29461.71,707623,706696,0
2021-01-26,16747,612488,10765,121662,0,57,69,893,3,106,73,1000,0,0,27585,27117.86,735208,734209,0
2021-01-27,20820,633308,12355,134017,0,57,57,950,9,115,66,1066,0,0,33241,25521.57,768449,767384,0
2021-01-28,30724,664032,12859,146876,0,57,86,1036,16,131,102,1168,0,0,43688,26943.86,812137,810970,0
2021-01-29,31665,695697,11514,158390,0,57,86,1122,11,142,97,1265,0,0,43276,28959.71,855413,854149,0
2021-01-30,18705,714402,3744,162134,0,57,23,1145,2,144,26,1291,0,0,22475,29460,877888,876599,0
2021-01-31,13002,727404,2934,165068,1,58,28,1173,5,149,33,1324,0,0,15970,30220.14,893858,892536,0
2021-02-01,1180,728584,5400,170468,4,62,38,1211,4,153,42,1366,0,0,6626,27551.57,900484,899120,0
2021-02-02,2823,731407,9441,179909,2,64,55,1266,3,156,58,1424,0,0,12324,25371.43,912808,911386,0
2021-02-03,16341,747748,21236,201145,4,68,213,1479,22,178,235,1659,0,0,37816,26025,950624,948967,0
2021-02-04,27032,774780,19653,220798,3,71,212,1691,10,188,222,1881,0,0,46910,26485.29,997534,995655,0
2021-02-05,27574,802354,20030,240828,0,71,197,1888,16,204,214,2095,0,0,47818,27134.14,1045352,1043260,0
2021-02-06,22972,825326,11251,252079,0,71,117,2005,13,217,130,2225,0,0,34353,28831,1079705,1077483,0
2021-02-07,12026,837352,8285,260364,1,72,99,2104,13,230,113,2338,0,0,20425,29467.43,1100130,1097796,0
2021-02-08,16933,854285,23528,283892,2,74,240,2344,37,267,278,2616,0,0,40741,34341,1140871,1138260,0
2021-02-09,17182,871467,28087,311979,2,76,361,2705,42,309,406,3022,0,0,45677,39105.71,1186548,1183534,0
2021-02-10,19577,891044,29303,341282,2,78,275,2980,52,361,330,3352,0,0,49213,40733.86,1235761,1232420,0
2021-02-11,27826,918870,33456,374738,2,80,357,3337,59,420,416,3768,0,0,61702,42847,1297463,1293706,0
2021-02-12,38348,957218,30805,405543,3,83,370,3707,42,462,413,4181,0,0,69569,45954.29,1367032,1362863,0
2021-02-13,27979,985197,25315,430858,2,85,317,4024,59,521,377,4558,0,0,53674,48714.43,1420706,1416161,0
2021-02-14,16257,1001454,23717,454575,0,85,284,4308,37,558,321,4879,0,0,40295,51553,1461001,1456135,0
2021-02-15,12787,1014241,10524,465099,2,87,184,4492,24,582,209,5088,0,0,23522,49093.14,1484523,1479449,0
2021-02-16,14229,1028470,26704,491803,0,87,346,4838,42,624,389,5477,0,0,41322,48471,1525845,1520383,0
2021-02-17,16376,1044846,22193,513996,1,88,290,5128,42,666,332,5809,0,0,38902,46998,1564747,1558953,0
2021-02-18,12131,1056977,24983,538979,21,109,309,5437,46,712,355,6164,0,0,37490,43539.14,1602237,1596088,0
2021-02-19,13234,1070211,23924,562903,38,147,317,5754,50,762,367,6531,0,0,37563,38966.86,1639800,1633284,0
2021-02-20,11339,1081550,26068,588971,7,154,341,6095,80,842,423,6954,0,0,37838,36704.57,1677638,1670701,0
2021-02-21,6345,1087895,17412,606383,15,169,303,6398,47,889,351,7305,0,0,24123,34394.29,1701761,1694474,0
2021-02-22,13040,1100935,11833,618216,2,171,135,6533,22,911,157,7462,0,0,25032,34610,1726793,1719349,0
2021-02-23,25221,1126156,14147,632363,1,172,171,6704,35,946,207,7669,0,0,39577,34360.71,1766370,1758720,0
2021-02-24,36317,1162473,20410,652773,0,172,232,6936,43,989,276,7945,0,0,57003,36946.57,1823373,1815448,0
2021-02-25,54509,1216982,30451,683224,6,178,418,7354,65,1054,484,8429,0,0,85450,43798,1908823,1900415,0
2021-02-26,62783,1279765,31902,715126,4,182,429,7783,79,1133,510,8939,0,0,95199,52031.71,2004022,1995106,0
2021-02-27,51253,1331018,22756,737882,47,229,357,8140,54,1187,412,9351,0,0,74468,57264.57,2078490,2069163,0
2021-02-28,44541,1375559,13852,751734,7,236,212,8352,37,1224,249,9600,0,0,58649,62196.86,2137139,2127563,0
2021-03-01,39295,1414854,12782,764516,10,246,175,8527,24,1248,199,9799,0,0,52286,66090.29,2189425,2179650,0
2021-03-02,47069,1461923,12576,777092,7,253,162,8689,17,1265,179,9978,0,0,59831,68983.71,2249256,2239302,0
2021-03-03,48588,1510511,16152,793244,17,270,158,8847,21,1286,179,10157,0,0,64936,70117,2314192,2304059,0
2021-03-04,59794,1570305,22815,816059,1092,1362,280,9127,38,1324,320,10477,0,0,84021,69912.86,2398213,2387762,0
2021-03-05,60941,1631246,24293,840352,3107,4469,339,9466,35,1359,376,10853,0,0,88717,68986.86,2486930,2476105,0
2021-03-06,47144,1678390,18886,859238,5451,9920,247,9713,42,1401,289,11142,0,0,71770,68601.43,2558700,2547586,0
2021-03-07,36014,1714404,14886,874124,6243,16163,242,9955,23,1424,267,11409,0,0,57410,68424.43,2616110,2604731,0
2021-03-08,39599,1754003,14688,888812,8554,24717,325,10280,93,1517,423,11832,0,0,63264,69992.71,2679374,2667577,0
2021-03-09,39080,1793083,12857,901669,7757,32474,190,10470,35,1552,226,12058,0,0,59920,70005.43,2739294,2727272,0
2021-03-10,51803,1844886,15369,917038,5064,37538,230,10700,34,1586,266,12324,0,0,72502,71086.29,2811796,2799510,0
2021-03-11,59957,1904843,21825,938863,4618,42156,260,10960,49,1635,311,12635,0,0,86711,71470.57,2898507,2885912,0
2021-03-12,52167,1957010,30307,969170,4182,46338,388,11348,91,1726,479,13114,0,0,87135,71244.57,2985642,2972568,0
2021-03-13,40633,1997643,26680,995850,5110,51448,340,11688,56,1782,396,13510,0,0,72819,71394.43,3058461,3044991,0
2021-03-14,30694,2028337,15972,1011822,4522,55970,255,11943,28,1810,285,13795,0,0,51474,70546.43,3109935,3096182,0
2021-03-15,33578,2061915,17255,1029077,4702,60672,248,12191,33,1843,281,14076,0,0,55816,69482.43,3165751,3151717,0
2021-03-16,38658,2100573,20509,1049586,4922,65594,271,12462,37,1880,309,14385,0,0,64398,70122.14,3230149,3215807,0
2021-03-17,42596,2143169,24785,1074371,4242,69836,356,12818,43,1923,400,14785,0,0,72023,70053.71,3302172,3287431,0
2021-03-18,50403,2193572,26812,1101183,5224,75060,391,13209,64,1987,455,15240,0,0,82894,69508.43,3385066,3369870,0
2021-03-19,47759,2241331,29963,1131146,5622,80682,411,13620,76,2063,487,15727,0,0,83832,69036.57,3468898,3453215,0
2021-03-20,38686,2280017,25837,1156983,4681,85363,312,13932,60,2123,373,16100,0,0,69577,68573.43,3538475,3522420,0
2021-03-21,29283,2309300,19349,1176332,769,86132,237,14169,45,2168,282,16382,0,0,49683,68317.57,3588158,3571821,0
2021-03-22,33847,2343147,26751,1203083,4037,90169,262,14431,38,2206,301,16683,0,0,64937,69620.57,3653095,3636458,0
2021-03-23,38411,2381558,32850,1235933,4213,94382,307,14738,55,2261,366,17049,0,0,75840,71255.14,3728935,3711936,0
2021-03-24,41467,2423025,37615,1273548,4843,99225,341,15079,65,2326,409,17458,0,0,84334,73013.86,3813269,3795864,0
2021-03-25,43381,2466406,50783,1324331,5050,104275,495,15574,88,2414,587,18045,0,0,99801,75429.14,3913070,3895082,0
2021-03-26,38479,2504885,55495,1379826,4307,108582,547,16121,106,2520,657,18702,0,0,98938,77587.14,4012008,3993367,0
2021-03-27,35715,2540600,45742,1425568,2938,111520,440,16561,87,2607,528,19230,0,0,84923,79779.43,4096931,4077763,0
2021-03-28,26370,2566970,34444,1460012,1480,113000,355,16916,68,2675,427,19657,0,0,62721,81642,4159652,4140061,0
2021-03-29,34799,2601769,38853,1498865,3243,116243,367,17283,115,2790,483,20140,0,0,77378,83419.29,4237030,4216957,0
2021-03-30,40481,2642250,41925,1540790,3712,119955,353,17636,65,2855,419,20559,0,0,86537,84947.43,4323567,4303076,0
2021-03-31,49363,2691613,44875,1585665,7438,127393,425,18061,87,2942,512,21071,0,0,102188,87498,4425755,4404752,0
2021-04-01,50755,2742368,53943,1639608,11272,138665,518,18579,86,3028,608,21679,0,0,116578,89894.71,4542333,4520726,0
2021-04-02,43743,2786111,53869,1693477,11964,150629,566,19145,73,3101,644,22323,0,0,110220,91506.43,4652553,4630307,0
2021-04-03,39236,2825347,39205,1732682,9859,160488,353,19498,60,3161,414,22737,0,0,88714,92048,4741267,4718608,0
2021-04-04,26546,2851893,24778,1757460,3902,164390,233,19731,51,3212,284,23021,0,0,55510,91017.86,4796777,4773834,0
2021-04-05,41857,2893750,34475,1791935,11193,175583,396,20127,61,3273,458,23479,0,0,87983,92532.86,4884760,4861360,0
2021-04-06,53233,2946983,35616,1827551,13212,188795,454,20581,79,3352,534,24013,0,0,102595,94826.86,4987355,4963422,0
2021-04-07,55467,3002450,40705,1868256,14385,203180,421,21002,83,3435,506,24519,0,0,111063,96094.71,5098418,5073981,0
2021-04-08,59233,3061683,46579,1914835,16335,219515,547,21549,88,3523,636,25155,0,0,122783,96981.14,5221201,5196129,0
2021-04-09,56621,3118304,44945,1959780,17555,237070,545,22094,81,3604,631,25786,0,0,119752,98342.86,5340953,5315255,0
2021-04-10,49323,3167627,35641,1995421,12716,249786,406,22500,66,3670,476,26262,0,0,98156,99691.71,5439109,5412939,0
2021-04-11,38156,3205783,28825,2024246,7680,257466,301,22801,61,3731,363,26625,0,0,75024,102479.43,5514133,5487601,0
2021-04-12,46614,3252397,31834,2056080,13493,270959,480,23281,69,3800,549,27174,0,0,92490,103123.29,5606623,5579542,0
2021-04-13,52529,3304926,33788,2089868,369,271328,415,23696,65,3865,481,27655,0,0,87167,100919.29,5693790,5666229,0
2021-04-14,50127,3355053,39953,2129821,20,271348,377,24073,80,3945,458,28113,0,0,90558,97990,5784348,5756330,0
2021-04-15,52101,3407154,43685,2173506,16,271364,469,24542,107,4052,581,28694,0,0,96384,94218.71,5880732,5852138,0
2021-04-16,51171,3458325,42198,2215704,31,271395,453,24995,75,4127,531,29225,0,0,93931,90530,5974663,5945541,0
2021-04-17,43820,3502145,35687,2251391,3,271398,380,25375,85,4212,467,29692,0,0,79977,87933,6054640,6025053,0
2021-04-18,28592,3530737,29362,2280753,7,271405,269,25644,66,4278,336,30028,0,0,58297,85543.43,6112937,6083015,0
2021-04-19,37439,3568176,36445,2317198,21,271426,348,25992,71,4349,421,30449,0,0,74326,82948.57,6187263,6156922,0
2021-04-20,40785,3608961,39626,2356824,19,271445,322,26314,84,4433,407,30856,0,0,80837,82044.29,6268100,6237353,0
2021-04-21,38872,3647833,46025,2402849,17,271462,511,26825,100,4533,612,31468,0,0,85526,81325.43,6353626,6322268,0
2021-04-22,38472,3686305,48951,2451800,9,271471,357,27182,80,4613,439,31907,0,0,87872,80109.43,6441498,6409703,0
2021-04-23,39679,3725984,44382,2496182,3,271474,363,27545,77,4690,442,32349,0,0,84506,78763,6526004,6493769,0
2021-04-24,31922,3757906,41600,2537782,44,271518,292,27837,62,4752,355,32704,0,0,73921,77897.86,6599925,6567336,0
2021-04-25,18410,3776316,31215,2568997,87,271605,207,28044,63,4815,270,32974,0,0,49982,76710,6649907,6617048,0
2021-04-26,26953,3803269,40716,2609713,1012,272617,309,28353,95,4910,409,33383,0,0,69090,75962,6718997,6685734,0
2021-04-27,28549,3831818,47128,2656841,1696,274313,378,28731,99,5009,482,33865,0,0,77855,75536,6796852,6763112,0
2021-04-28,27006,3858824,56839,2713680,2146,276459,458,29189,103,5112,564,34429,0,0,86555,75683,6883407,6849106,0
2021-04-29,28580,3887404,57198,2770878,2150,278609,384,29573,103,5215,489,34918,0,0,88417,75760.86,6971824,6937036,0
2021-04-30,30098,3917502,51989,2822867,2060,280669,296,29869,75,5290,372,35290,0,0,84520,75762.86,7056344,7021185,0
2021-05-01,22472,3939974,44533,2867400,1177,281846,238,30107,68,5358,308,35598,0,0,68490,74987,7124834,7089369,0
2021-05-02,11915,3951889,36636,2904036,1081,282927,155,30262,59,5417,216,35814,0,0,49848,74967.86,7174682,7139003,0
2021-05-03,18006,3969895,53016,2957052,2381,285308,270,30532,94,5511,366,36180,0,0,73771,75636.57,7248453,7212410,0
2021-05-04,22723,3992618,56641,3013693,2332,287640,277,30809,118,5629,396,36576,0,0,82093,76242,7330546,7294108,0
2021-05-05,21470,4014088,48753,3062446,2313,289953,319,31128,106,5735,426,37002,0,0,72963,74300.29,7403509,7366646,0
2021-05-06,20669,4034757,50176,3112622,2508,292461,284,31412,90,5825,378,37380,0,0,73731,72202.29,7477240,7440003,0
2021-05-07,21230,4055987,52101,3164723,2812,295273,324,31736,81,5906,406,37786,0,0,76549,71063.57,7553789,7516147,0
2021-05-08,16617,4072604,41860,3206583,1834,297107,240,31976,74,5980,314,38100,0,0,60625,69940,7614414,7576458,0
2021-05-09,7967,4080571,29401,3235984,1260,298367,159,32135,56,6036,215,38315,0,0,38843,68367.86,7653257,7615086,0
2021-05-10,14368,4094939,38526,3274510,2356,300723,252,32387,94,6130,350,38665,0,0,55601,65772.14,7708858,7670341,0
2021-05-11,19890,4114829,43056,3317566,2512,303235,296,32683,89,6219,390,39055,0,0,65849,63451.57,7774707,7735805,0
2021-05-12,17807,4132636,40533,3358099,3595,306830,244,32927,81,6300,325,39380,0,0,62260,61922.57,7836967,7797740,0
2021-05-13,24939,4157575,40429,3398528,3229,310059,274,33201,81,6381,357,39737,0,0,68955,61240.29,7905922,7866340,0
2021-05-14,27002,4184577,42943,3441471,3535,313594,278,33479,95,6476,375,40112,0,0,73855,60855.43,7979777,7939822,0
2021-05-15,23637,4208214,34921,3476392,3364,316958,262,33741,75,6551,338,40450,0,0,62260,61089,8042037,8001745,0
2021-05-16,15513,4223727,19460,3495852,2496,319454,124,33865,47,6598,172,40622,0,0,37641,60917.29,8079678,8039215,0
2021-05-17,22659,4246386,29137,3524989,3252,322706,191,34056,73,6671,264,40886,0,0,55312,60876,8134990,8094263,0
2021-05-18,24613,4270999,31903,3556892,3402,326108,248,34304,84,6755,332,41218,0,0,60250,60076.14,8195240,8154181,0
2021-05-19,24169,4295168,29730,3586622,3040,329148,234,34538,51,6806,286,41504,0,0,57225,59356.86,8252465,8211121,0
2021-05-20,24130,4319298,30104,3616726,3163,332311,275,34813,89,6895,369,41873,0,0,57766,57758.43,8310231,8268523,0
2021-05-21,24661,4343959,32003,3648729,3057,335368,253,35066,64,6959,320,42193,0,0,60041,55785,8370272,8328247,0
2021-05-22,20008,4363967,24373,3673102,2523,337891,171,35237,48,7007,220,42413,0,0,47124,53622.71,8417396,8375152,0
2021-05-23,11223,4375190,13735,3686837,1411,339302,95,35332,32,7039,129,42542,0,0,26498,52030.86,8443894,8401523,0
2021-05-24,18852,4394042,23167,3710004,2757,342059,223,35555,55,7094,281,42823,0,0,45057,50565.86,8488951,8446302,0
2021-05-25,19414,4413456,23383,3733387,2601,344660,180,35735,59,7153,239,43062,0,0,45637,48478.29,8534588,8491700,0
2021-05-26,18773,4432229,21088,3754475,2698,347358,205,35940,49,7202,256,43318,0,0,42815,46419.71,8577403,8534261,0
2021-05-27,18450,4450679,21284,3775759,2530,349888,185,36125,62,7264,248,43566,0,0,42512,44240.57,8619915,8576526,0
2021-05-28,17851,4468530,22875,3798634,2751,352639,194,36319,59,7323,254,43820,0,0,43731,41910.57,8663646,8620004,0
2021-05-29,12699,4481229,17816,3816450,1755,354394,108,36427,39,7362,148,43968,0,0,32418,39809.71,8696064,8652275,0
2021-05-30,7023,4488252,8951,3825401,1074,355468,49,36476,16,7378,65,44033,0,0,17113,38469,8713177,8669323,0
2021-05-31,4739,4492991,6922,3832323,1011,356479,66,36542,18,7396,84,44117,0,0,12756,33854.57,8725933,8681995,0
2021-06-01,16043,4509034,25191,3857514,2177,358656,159,36701,42,7438,205,44322,0,0,43616,33565.86,8769549,8725410,0
2021-06-02,15352,4524386,20398,3877912,2095,360751,141,36842,47,7485,188,44510,0,0,38033,32882.71,8807582,8763255,0
2021-06-03,14991,4539377,23821,3901733,2280,363031,137,36979,45,7530,184,44694,0,0,41276,32706.14,8848858,8804349,0
2021-06-04,14709,4554086,26001,3927734,2492,365523,152,37131,42,7572,195,44889,0,0,43398,32658.57,8892256,8847553,0
2021-06-05,10979,4565065,22103,3949837,1806,367329,117,37248,29,7601,147,45036,0,0,35035,33032.43,8927291,8882442,0
2021-06-06,6443,4571508,14484,3964321,1222,368551,92,37340,13,7614,106,45142,0,0,22255,33767,8949546,8904592,0
2021-06-07,11693,4583201,21782,3986103,2378,370929,146,37486,38,7652,187,45329,0,0,36040,37093.29,8985586,8940448,0
2021-06-08,12620,4595821,24019,4010122,2071,373000,129,37615,46,7698,176,45505,0,0,38886,36417.57,9024472,8979159,0
2021-06-09,11120,4606941,23024,4033146,2300,375300,142,37757,44,7742,188,45693,0,0,36632,36217.43,9061104,9015605,0
2021-06-10,12054,4618995,22232,4055378,2461,377761,148,37905,63,7805,211,45904,0,0,36959,35600.71,9098063,9052353,0
2021-06-11,12691,4631686,25127,4080505,2483,380244,161,38066,63,7868,225,46129,0,0,40526,35190.43,9138589,9092655,0
2021-06-12,10158,4641844,19318,4099823,1888,382132,97,38163,45,7913,144,46273,0,0,31508,34686.57,9170097,9124021,0
2021-06-13,4249,4646093,10939,4110762,1219,383351,42,38205,21,7934,63,46336,0,0,16472,33860.43,9186569,9140430,0
2021-06-14,10199,4656292,19239,4130001,2040,385391,136,38341,53,7987,189,46525,0,0,31667,33235.71,9218236,9171908,0
2021-06-15,11877,4668169,21015,4151016,1942,387333,132,38473,42,8029,175,46700,0,0,35010,32682,9253246,9206744,0
2021-06-16,11581,4679750,19401,4170417,1956,389289,153,38626,73,8102,226,46926,0,0,33164,32186.57,9286410,9239682,0
2021-06-17,11015,4690765,18759,4189176,1973,391262,132,38758,35,8137,169,47095,0,0,31916,31466.14,9318326,9271431,0
2021-06-18,12163,4702928,18494,4207670,2115,393377,121,38879,37,8174,159,47254,0,0,32932,30381.29,9351258,9304205,0
2021-06-19,8490,4711418,13516,4221186,1459,394836,91,38970,23,8197,114,47368,0,0,23579,29248.57,9374837,9327670,0
2021-06-20,4333,4715751,7159,4228345,924,395760,37,39007,16,8213,53,47421,0,0,12469,28676.71,9387306,9340086,0
2021-06-21,10151,4725902,10014,4238359,1806,397566,74,39081,28,8241,103,47524,0,0,22074,27306.29,9409380,9362058,0
2021-06-22,9828,4735730,15644,4254003,1588,399154,108,39189,29,8270,137,47661,0,0,27197,26190.14,9436577,9389118,0
2021-06-23,10303,4746033,15188,4269191,1862,401016,103,39292,31,8301,135,47796,0,0,27488,25379.29,9464065,9416472,0
2021-06-24,9676,4755709,14702,4283893,1798,402814,125,39417,27,8328,154,47950,0,0,26330,24581.29,9490395,9442650,0
2021-06-25,10583,4766292,14382,4298275,1720,404534,122,39539,38,8366,160,48110,0,0,26845,23711.71,9517240,9469335,0
2021-06-26,7798,4774090,10465,4308740,1249,405783,79,39618,23,8389,103,48213,0,0,19615,23145.43,9536855,9488848,0
2021-06-27,4998,4779088,6001,4314741,795,406578,34,39652,15,8404,50,48263,0,0,11844,23056.14,9548699,9500643,0
2021-06-28,9027,4788115,10352,4325093,1526,408104,110,39762,26,8430,137,48400,0,0,21042,22908.71,9569741,9521549,0
2021-06-29,9726,4797841,12331,4337424,1347,409451,126,39888,34,8464,161,48561,0,0,23565,22389.86,9593306,9544954,0
2021-06-30,9426,4807267,10929,4348353,1486,410937,151,40039,18,8482,172,48733,0,0,22013,21607.71,9615319,9566798,0
2021-07-01,9391,4816658,10927,4359280,1434,412371,132,40171,25,8507,159,48892,0,0,21911,20976.43,9637230,9588552,0
2021-07-02,9688,4826346,11457,4370737,1541,413912,119,40290,21,8528,140,49032,0,0,22827,20402.43,9660057,9611239,0
2021-07-03,7057,4833403,8424,4379161,1192,415104,79,40369,17,8545,96,49128,0,0,16769,19995.86,9676826,9627912,0
2021-07-04,1286,4834689,1335,4380496,567,415671,11,40380,3,8548,14,49142,0,0,3202,18761.29,9680028,9631100,0
2021-07-05,6492,4841181,7108,4387604,1207,416878,67,40447,22,8570,89,49231,0,0,14896,17883.29,9694924,9645907,0
2021-07-06,9505,4850686,12852,4400456,1315,418193,118,40565,38,8608,157,49388,0,0,23829,17921,9718753,9669580,0
2021-07-07,8661,4859347,11107,4411563,1418,419611,129,40694,20,8628,149,49537,0,0,21335,17824.14,9740088,9690766,0
2021-07-08,8216,4867563,10190,4421753,1258,420869,111,40805,23,8651,136,49673,0,0,19800,17522.57,9759888,9710432,0
2021-07-09,8370,4875933,10831,4432584,1280,422149,92,40897,20,8671,112,49785,0,0,20593,17203.43,9780481,9730913,0
2021-07-10,7097,4883030,8636,4441220,1130,423279,68,40965,21,8692,90,49875,0,0,16953,17229.71,9797434,9747777,0
2021-07-11,4104,4887134,4540,4445760,701,423980,38,41003,6,8698,44,49919,0,0,9389,18113.57,9806823,9757122,0
2021-07-12,8446,4895580,9562,4455322,1251,425231,85,41088,23,8721,108,50027,0,0,19367,18752.29,9826190,9776381,0
2021-07-13,9457,4905037,9394,4464716,952,426183,109,41197,36,8757,147,50174,0,0,19950,18198.14,9846140,9796186,0
2021-07-14,8990,4914027,9534,4474250,1010,427193,110,41307,22,8779,136,50310,0,0,19670,17960.29,9865810,9815724,0
2021-07-15,8789,4922816,9156,4483406,1052,428245,85,41392,20,8799,106,50416,0,0,19103,17860.71,9884913,9834722,0
2021-07-16,9246,4932062,9765,4493171,980,429225,104,41496,30,8829,134,50550,0,0,20125,17793.86,9905038,9854713,0
2021-07-17,6838,4938900,7388,4500559,803,430028,80,41576,21,8850,101,50651,0,0,15130,17533.43,9920168,9869742,0
2021-07-18,4251,4943151,4287,4504846,575,430603,37,41613,13,8863,50,50701,0,0,9163,17501.14,9929331,9878855,0
2021-07-19,9118,4952269,8486,4513332,999,431602,93,41706,22,8885,116,50817,0,0,18719,17408.57,9948050,9897459,0
2021-07-20,10637,4962906,8761,4522093,991,432593,96,41802,25,8910,122,50939,0,0,20511,17488.71,9968561,9917849,0
2021-07-21,10050,4972956,8776,4530869,904,433497,148,41950,34,8944,182,51121,0,0,19912,17523.29,9988473,9937579,0
2021-07-22,10685,4983641,8583,4539452,1045,434542,147,42097,27,8971,175,51296,0,0,20488,17721.14,10008961,9957893,0
2021-07-23,11245,4994886,8887,4548339,1114,435656,140,42237,23,8994,165,51461,0,0,21411,17904.86,10030372,9979141,0
2021-07-24,7400,5002286,6741,4555080,670,436326,82,42319,26,9020,109,51570,0,0,14920,17874.86,10045292,9993953,0
2021-07-25,5471,5007757,2130,4557210,509,436835,58,42377,4,9024,62,51632,0,0,8172,17733.29,10053464,10002063,0
2021-07-26,10865,5018622,7010,4564220,856,437691,113,42490,20,9044,133,51765,0,0,18864,17754,10072328,10020794,0
2021-07-27,12057,5030679,8573,4572793,856,438547,140,42630,41,9085,182,51947,0,0,21668,17919.29,10093996,10042281,0
2021-07-28,12001,5042680,8058,4580851,950,439497,138,42768,29,9114,168,52115,0,0,21177,18100,10115173,10063291,0
2021-07-29,10922,5053602,7438,4588289,983,440480,139,42907,41,9155,184,52299,0,0,19527,17962.71,10134700,10082638,0
2021-07-30,14945,5068547,8014,4596303,1151,441631,188,43095,32,9187,222,52521,0,0,24332,18380,10159032,10106750,0
2021-07-31,9718,5078265,6323,4602626,815,442446,123,43218,21,9208,145,52666,0,0,17001,18677.29,10176033,10123607,0
2021-08-01,6496,5084761,3313,4605939,564,443010,81,43299,22,9230,103,52769,0,0,10476,19006.43,10186509,10133980,0
2021-08-02,13448,5098209,7153,4613092,845,443855,150,43449,19,9249,169,52938,0,0,21615,19399.43,10208124,10155426,0
2021-08-03,15400,5113609,8393,4621485,1109,444964,145,43594,39,9288,185,53123,0,0,25087,19887.86,10233211,10180329,0
2021-08-04,17253,5130862,8135,4629620,1454,446418,183,43777,36,9324,219,53342,0,0,27061,20728.43,10260272,10207171,0
2021-08-05,17879,5148741,7935,4637555,1371,447789,162,43939,22,9346,184,53526,0,0,27369,21848.71,10287641,10234356,0
2021-08-06,18168,5166909,8421,4645976,1229,449018,173,44112,32,9378,205,53731,0,0,28023,22376,10315664,10262174,0
2021-08-07,13376,5180285,6019,4651995,800,449818,105,44217,29,9407,134,53865,0,0,20329,22851.43,10335993,10282369,0
2021-08-08,9309,5189594,3834,4655829,400,450218,84,44301,10,9417,94,53959,0,0,13637,23303,10349630,10295912,0
2021-08-09,21332,5210926,8529,4664358,965,451183,178,44479,34,9451,213,54172,0,0,31039,24649.29,10380669,10326739,0
2021-08-10,18944,5229870,9332,4673690,946,452129,182,44661,34,9485,217,54389,0,0,29439,25271,10410108,10355962,0
2021-08-11,15641,5245511,8314,4682004,853,452982,132,44793,46,9531,179,54568,0,0,24987,24974.71,10435095,10380771,0
2021-08-12,15046,5260557,8988,4690992,942,453924,180,44973,37,9568,219,54787,0,0,25195,24664.14,10460290,10405749,0
2021-08-13,14912,5275469,9294,4700286,919,454843,247,45220,38,9606,286,55073,0,0,25412,24291.14,10485702,10430876,0
2021-08-14,10392,5285861,6413,4706699,625,455468,537,45757,41,9647,581,55654,0,0,18011,23960,10503713,10448309,0
2021-08-15,6687,5292548,4482,4711181,676,456144,568,46325,34,9681,606,56260,0,0,12451,23790.57,10516164,10460158,0
2021-08-16,15695,5308243,9313,4720494,1149,457293,1330,47655,67,9748,1402,57662,0,0,27559,23293.43,10543723,10486320,0
2021-08-17,17754,5325997,10457,4730951,1229,458522,1778,49433,85,9833,1879,59541,0,0,31319,23562,10575042,10515776,0
2021-08-18,17476,5343473,10381,4741332,1262,459784,2004,51437,91,9924,2106,61647,0,0,31225,24453.14,10606267,10544906,0
2021-08-19,16282,5359755,9531,4750863,1315,461099,1962,53399,69,9993,2045,63692,0,0,29173,25021.43,10635440,10572048,0
2021-08-20,16257,5376012,11541,4762404,1252,462351,1872,55271,90,10083,1976,65668,0,0,31026,25823.43,10666466,10601112,0
2021-08-21,11144,5387156,8038,4770442,878,463229,1069,56340,53,10136,1129,66797,0,0,21189,26277.43,10687655,10621179,0
2021-08-22,4075,5391231,3903,4774345,261,463490,520,56860,33,10169,557,67354,0,0,8796,25755.29,10696451,10629422,0
2021-08-23,15570,5406801,11810,4786155,1022,464512,1554,58414,77,10246,1644,68998,0,0,30047,26110.71,10726498,10657838,0
2021-08-24,16900,5423701,12598,4798753,1007,465519,1777,60191,82,10328,1867,70865,0,0,32372,26261.14,10758870,10688351,0
2021-08-25,14559,5438260,12455,4811208,1112,466631,1573,61764,83,10411,1671,72536,0,0,29797,26057.14,10788667,10716492,0
2021-08-26,16140,5454400,14102,4825310,1070,467701,1783,63547,71,10482,1866,74402,0,0,33178,26629.29,10821845,10747816,0
2021-08-27,14866,5469266,14827,4840137,971,468672,1678,65225,76,10558,1762,76164,0,0,32426,26829.29,10854271,10778488,0
2021-08-28,10674,5479940,11522,4851659,835,469507,1023,66248,47,10605,1071,77235,0,0,24102,27245.43,10878373,10801520,0
2021-08-29,7208,5487148,7500,4859159,541,470048,782,67030,58,10663,849,78084,0,0,16098,28288.57,10894471,10816778,0
2021-08-30,15506,5502654,16932,4876091,1076,471124,1800,68830,94,10757,1902,79986,0,0,35416,29055.57,10929887,10850300,0
2021-08-31,15497,5518151,15961,4892052,952,472076,1983,70813,91,10848,2084,82070,0,0,34494,29358.71,10964381,10882720,0
2021-09-01,14819,5532970,14114,4906166,1020,473096,1815,72628,62,10910,1887,83957,0,0,31840,29650.57,10996221,10912683,0
2021-09-02,14306,5547276,12525,4918691,896,473992,1718,74346,65,10975,1799,85756,0,0,29526,29128.86,11025747,10940426,0
2021-09-03,14989,5562265,14316,4933007,974,474966,1902,76248,74,11049,1982,87738,0,0,32261,29105.29,11058008,10970711,0
2021-09-04,9640,5571905,9405,4942412,688,475654,982,77230,34,11083,1021,88759,0,0,20754,28627,11078762,10990449,0
2021-09-05,6790,5578695,5511,4947923,438,476092,720,77950,19,11102,740,89499,0,0,13479,28252.86,11092241,11003189,0
2021-09-06,5195,5583890,4510,4952433,358,476450,275,78225,11,11113,288,89787,0,0,10351,24672.14,11102592,11013254,0
2021-09-07,15556,5599446,17699,4970132,912,477362,1564,79789,95,11208,1667,91454,0,0,35834,24863.57,11138426,11047429,0
2021-09-08,16144,5615590,14829,4984961,1069,478431,1789,81578,83,11291,1883,93337,0,0,33925,25161.43,11172351,11079482,0
2021-09-09,16093,5631683,14759,4999720,1048,479479,1922,83500,78,11369,2011,95348,0,0,33911,25787.86,11206262,11111393,0
2021-09-10,18347,5650030,15402,5015122,1207,480686,1983,85483,82,11451,2072,97420,0,0,37028,26468.86,11243290,11146356,0
2021-09-11,12624,5662654,10351,5025473,958,481644,1037,86520,50,11501,1093,98513,0,0,25026,27079.14,11268316,11170295,0
2021-09-12,8532,5671186,5053,5030526,765,482409,694,87214,32,11533,727,99240,0,0,15077,27307.43,11283393,11184646,0
2021-09-13,16917,5688103,12967,5043493,976,483385,1664,88878,52,11585,1726,100966,0,0,32586,30483.86,11315979,11215516,0
2021-09-14,16256,5704359,13676,5057169,887,484272,1605,90483,57,11642,1674,102640,0,0,32494,30006.71,11348473,11246348,0
2021-09-15,15508,5719867,12897,5070066,727,484999,1575,92058,86,11728,1670,104310,0,0,30802,29560.57,11379275,11275489,0
2021-09-16,15322,5735189,13918,5083984,1209,486208,1473,93531,69,11797,1549,105859,0,0,31998,29287.29,11411273,11305945,0
2021-09-17,14424,5749613,13952,5097936,922,487130,1849,95380,61,11858,1912,107771,0,0,31210,28456.14,11442483,11335245,0
2021-09-18,9983,5759596,10191,5108127,913,488043,1054,96434,42,11900,1100,108871,0,0,22187,28050.57,11464670,11356336,0
2021-09-19,6166,5765762,6078,5114205,558,488601,749,97183,28,11928,782,109653,0,0,13584,27837.29,11478254,11369143,0
2021-09-20,12657,5778419,12634,5126839,1068,489669,1929,99112,62,11990,2000,111653,0,0,28360,27233.57,11506614,11395512,0
2021-09-21,12217,5790636,12772,5139611,1108,490777,2038,101150,81,12071,2135,113788,0,0,28232,26624.71,11534846,11421625,0
2021-09-22,12813,5803449,12008,5151619,1088,491865,1693,102843,69,12140,1768,115556,0,0,27677,26178.29,11562523,11447540,0
2021-09-23,14913,5818362,12767,5164386,1639,493504,2277,105120,77,12217,2361,117917,0,0,31680,26132.86,11594203,11476866,0
2021-09-24,16642,5835004,13362,5177748,1636,495140,4631,109751,128,12345,4777,122694,0,0,36417,26876.71,11630620,11508524,0
2021-09-25,10518,5845522,9033,5186781,1017,496157,3462,113213,84,12429,3562,126256,0,0,24130,27154.29,11654750,11529108,0
2021-09-26,6288,5851810,5768,5192549,773,496930,2423,115636,62,12491,2497,128753,0,0,15326,27403.14,11670076,11541949,0
2021-09-27,14126,5865936,8065,5200614,1155,498085,9086,124722,166,12657,9301,138054,0,0,32648,28015.71,11702724,11565345,0
2021-09-28,11097,5877033,11790,5212404,901,498986,9937,134659,185,12842,10161,148215,0,0,33949,28832.43,11736673,11589172,0
2021-09-29,11585,5888618,12195,5224599,1204,500190,9461,144120,182,13024,9677,157892,0,0,34661,29830.14,11771334,11614190,0
2021-09-30,12206,5900824,12612,5237211,1337,501527,9768,153888,184,13208,9986,167878,0,0,36141,30467.43,11807475,11640379,0
2021-10-01,12608,5913432,13432,5250643,1284,502811,10296,164184,158,13366,10490,178368,0,0,37814,30667,11845289,11667739,0
2021-10-02,7715,5921147,9982,5260625,865,503676,4249,168433,83,13449,4356,182724,0,0,22918,30493.86,11868207,11686325,0
2021-10-03,5052,5926199,6157,5266782,593,504269,2627,171060,60,13509,2697,185421,0,0,14499,30375.71,11882706,11698137,0
2021-10-04,9894,5936093,11017,5277799,914,505183,9543,180603,151,13660,9730,195151,0,0,31555,30219.57,11914261,11719998,0
2021-10-05,10129,5946222,11734,5289533,972,506155,9959,190562,181,13841,10183,205334,0,0,33018,30086.57,11947279,11742876,0
2021-10-06,9861,5956083,11051,5300584,937,507092,9959,200521,162,14003,10157,215491,0,0,32007,29707.43,11979286,11764762,0
2021-10-07,9590,5965673,12153,5312737,850,507942,10185,210706,183,14186,10402,225893,0,0,32995,29258,12012281,11787389,0
2021-10-08,9424,5975097,12182,5324919,940,508882,10928,221634,166,14352,11133,237026,0,0,33679,28667.29,12045960,11809974,0
2021-10-09,6223,5981320,8243,5333162,643,509525,4130,225764,92,14444,4239,241265,0,0,19348,28157.29,12065308,11825100,0
2021-10-10,3527,5984847,5028,5338190,458,509983,2441,228205,48,14492,2497,243762,0,0,11510,27730.29,12076818,11834121,0
2021-10-11,7587,5992434,9340,5347530,728,510711,8911,237116,166,14658,9101,252863,0,0,26756,27044.71,12103574,11851800,0
2021-10-12,8038,6000472,10998,5358528,891,511602,10545,247661,186,14844,10772,263635,0,0,30699,26713.43,12134273,11871768,0
2021-10-13,7121,6007593,10149,5368677,869,512471,8816,256477,187,15031,9033,272668,0,0,27172,26022.71,12161445,11889937,0
2021-10-14,7401,6014994,11116,5379793,837,513308,10137,266614,170,15201,10347,283015,0,0,29701,25552.14,12191146,11909331,0
2021-10-15,7699,6022693,11858,5391651,823,514131,10862,277476,176,15377,11071,294086,0,0,31451,25233.86,12222597,11929744,0
2021-10-16,4853,6027546,7464,5399115,665,514796,3856,281332,67,15444,3935,298021,0,0,16917,24886.57,12239514,11942738,0
2021-10-17,3047,6030593,4468,5403583,411,515207,2463,283795,46,15490,2516,300537,0,0,10442,24734,12249956,11950671,0
2021-10-18,7013,6037606,10671,5414254,797,516004,9501,293296,190,15680,9725,310262,0,0,28206,24941.14,12278162,11969186,0
2021-10-19,6544,6044150,8945,5423199,803,516807,9110,302406,182,15862,9333,319595,0,0,25625,24216.29,12303787,11985519,0
2021-10-20,6510,6050660,9373,5432572,975,517782,10002,312408,182,16044,10222,329817,0,0,27080,24203.14,12330867,12002415,0
2021-10-21,7000,6057660,9385,5441957,857,518639,10875,323283,159,16203,11069,340886,0,0,28311,24004.57,12359178,12019692,0
2021-10-22,8072,6065732,10341,5452298,1025,519664,16380,339663,229,16432,16663,357549,0,0,36101,24668.86,12395279,12039184,0
2021-10-23,5147,6070879,6452,5458750,690,520354,9140,348803,117,16549,9278,366827,0,0,21567,25333.14,12416846,12051494,0
2021-10-24,3246,6074125,3967,5462717,766,521120,6179,354982,81,16630,6285,373112,0,0,14264,25879.14,12431110,12059498,0
2021-10-25,8921,6083046,8746,5471463,1152,522272,19287,374269,307,16937,19667,392779,0,0,38486,27347.71,12469596,12078390,0
2021-10-26,8141,6091187,7725,5479188,1258,523530,17319,391588,283,17220,17672,410451,0,0,34796,28657.86,12504392,12095584,0
2021-10-27,10492,6101679,8391,5487579,1604,525134,20894,412482,338,17558,21306,431757,0,0,41793,30759.71,12546185,12116145,0
2021-10-28,11254,6112933,8027,5495606,1793,526927,20909,433391,331,17889,21308,453065,0,0,42382,32769.86,12588567,12137287,0
2021-10-29,11795,6124728,8227,5503833,1967,528894,22585,455976,355,18244,23012,476077,0,0,45002,34041.43,12633569,12159349,0
2021-10-30,4591,6129319,5062,5508895,932,529826,11205,467181,167,18411,11412,487489,0,0,21997,34102.86,12655566,12169974,0
2021-10-31,2641,6131960,2699,5511594,544,530370,6651,473832,107,18518,6783,494272,0,0,12667,33874.71,12668233,12175883,0
2021-11-01,7061,6139021,6953,5518547,1085,531455,20435,494267,343,18861,20838,515110,0,0,35937,33510.57,12704170,12191042,0
2021-11-02,6517,6145538,6587,5525134,1055,532510,20828,515095,281,19142,21187,536297,0,0,35347,33589.29,12739517,12205280,0
2021-11-03,6775,6152313,6675,5531809,1025,533535,20694,535789,314,19456,21085,557382,0,0,35562,32699.14,12775079,12219834,0
2021-11-04,9248,6161561,6274,5538083,997,534532,22434,558223,354,19810,22871,580253,0,0,39390,32271.71,12814469,12236436,0
2021-11-05,11007,6172568,6717,5544800,1049,535581,23817,582040,361,20171,24262,604515,0,0,43035,31990.71,12857504,12255293,0
2021-11-06,11133,6183701,4051,5548851,593,536174,12618,594658,178,20349,12833,617348,0,0,28610,32935.43,12886114,12271107,0
2021-11-07,7222,6190923,2287,5551138,577,536751,7122,601780,99,20448,7237,624585,0,0,17323,33600.57,12903437,12281209,0
2021-11-08,15014,6205937,5678,5556816,862,537613,19543,621323,290,20738,19900,644485,0,0,41454,34388.71,12944891,12302830,0
2021-11-09,16091,6222028,5384,5562200,658,538271,20566,641889,286,21024,20934,665419,0,0,43067,35491.57,12987958,12325045,0
2021-11-10,16850,6238878,5322,5567522,682,538953,22724,664613,295,21319,23090,688509,0,0,45944,36974.71,13033902,12347970,0
2021-11-11,12478,6251356,5188,5572710,760,539713,22161,686774,299,21618,22530,711039,0,0,40956,37198.43,13074858,12366466,0
2021-11-12,16813,6268169,5684,5578394,705,540418,23485,710259,363,21981,23927,734966,0,0,47129,37783.29,13121987,12389747,0
2021-11-13,9910,6278079,3660,5582054,464,540882,13372,723631,185,22166,13601,748567,0,0,27635,37644,13149622,12403825,0
2021-11-14,5974,6284053,2285,5584339,324,541206,7961,731592,82,22248,8064,756631,0,0,16647,37547.43,13166269,12412429,0
2021-11-15,13164,6297217,5974,5590313,688,541894,25183,756775,371,22619,25633,782264,0,0,45459,38119.57,13211728,12432334,0
2021-11-16,9867,6307084,5778,5596091,652,542546,30741,787516,447,23066,31267,813531,0,0,47566,38762.29,13259294,12448712,0
2021-11-17,10196,6317280,6669,5602760,680,543226,31519,819035,433,23499,32044,845575,0,0,49589,39283,13308883,12466349,0
2021-11-18,10618,6327898,6522,5609282,854,544080,33130,852165,477,23976,33704,879279,0,0,51698,40817.57,13360581,12484440,0
2021-11-19,11888,6339786,6550,5615832,707,544787,36377,888542,474,24450,36942,916221,0,0,56087,42097.29,13416668,12503676,0
2021-11-20,9269,6349055,3414,5619246,512,545299,22585,911127,265,24715,22902,939123,0,0,36097,43306.14,13452765,12516923,0
2021-11-21,4884,6353939,1886,5621132,288,545587,13257,924384,158,24873,13440,952563,0,0,20498,43856.29,13473263,12524006,0
2021-11-22,10312,6364251,5782,5626914,748,546335,36029,960413,454,25327,36575,989138,0,0,53417,44993.14,13526680,12540940,0
2021-11-23,9669,6373920,4777,5631691,631,546966,33622,994035,396,25723,34091,1023229,0,0,49169,45222.14,13575849,12556091,0
2021-11-24,8607,6382527,4745,5636436,648,547614,26001,1020036,296,26019,26369,1049598,0,0,40369,43905,13616218,12570163,0
2021-11-25,447,6382974,330,5636766,80,547694,1003,1021039,9,26028,1012,1050610,0,0,1869,36786.57,13618087,12571020,0
2021-11-26,7983,6390957,7006,5643772,528,548222,26656,1047695,315,26343,27028,1077638,0,0,42545,34852,13660632,12586594,0
2021-11-27,6631,6397588,6861,5650633,370,548592,18896,1066591,232,26575,19166,1096804,0,0,33029,34413.71,13693661,12600495,0
2021-11-28,4024,6401612,5792,5656425,280,548872,11943,1078534,126,26701,12089,1108893,0,0,22185,34654.71,13715846,12610611,0
2021-11-29,8986,6410598,11019,5667444,684,549556,35164,1113698,464,27165,35707,1144600,0,0,56396,35080.29,13772242,12631379,0
2021-11-30,10382,6420980,11450,5678894,510,550066,37880,1151578,512,27677,38506,1183106,0,0,60848,36748.71,13833090,12653835,0
2021-12-01,11050,6432030,10982,5689876,724,550790,40495,1192073,442,28119,41036,1224142,0,0,63794,40095.14,13896884,12676692,0
2021-12-02,11508,6443538,11055,5700931,625,551415,42346,1234419,475,28594,42919,1267061,0,0,66107,49272,13962991,12699978,0
2021-12-03,13325,6456863,12914,5713845,665,552080,48125,1282544,548,29142,48777,1315838,0,0,75681,54005.71,14038672,12726986,0
2021-12-04,9738,6466601,11322,5725167,564,552644,30777,1313321,314,29456,31145,1346983,0,0,52769,56825.71,14091441,12748664,0
2021-12-05,5685,6472286,5703,5730870,270,552914,16720,1330041,133,29589,16889,1363872,0,0,28547,57734.57,14119988,12760358,0
2021-12-06,12196,6484482,9991,5740861,599,553513,43388,1373429,474,30063,43955,1407827,0,0,66742,59212.57,14186730,12783238,0
2021-12-07,12471,6496953,9258,5750119,623,554136,43196,1416625,527,30590,43813,1451640,0,0,66165,59972.14,14252895,12805680,0
2021-12-08,13420,6510373,8777,5758896,555,554691,40922,1457547,502,31092,41507,1493147,0,0,64259,60038.57,14317154,12828515,0
2021-12-09,13352,6523725,8761,5767657,551,555242,40987,1498534,510,31602,41596,1534743,0,0,64261,59774.86,14381415,12851279,0
2021-12-10,13919,6537644,10162,5777819,666,555908,43824,1542358,546,32148,44458,1579201,0,0,69206,58849.86,14450621,12876115,0
2021-12-11,10186,6547830,8156,5785975,404,556312,26781,1569139,293,32441,27124,1606325,0,0,45871,57864.43,14496492,12894912,0
2021-12-12,5966,6553796,3856,5789831,287,556599,15211,1584350,138,32579,15374,1621699,0,0,25483,57426.71,14521975,12905046,0
2021-12-13,12091,6565887,7435,5797266,654,557253,38046,1622396,411,32990,38540,1660239,0,0,58720,56280.71,14580695,12925309,0
2021-12-14,12129,6578016,6949,5804215,729,557982,38290,1660686,455,33445,38813,1699052,0,0,58621,55203,14639316,12945185,0
2021-12-15,11973,6589989,6247,5810462,754,558736,38288,1698974,501,33946,38871,1737923,0,0,57846,54286.86,14697162,12964242,0
2021-12-16,13055,6603044,4265,5814727,737,559473,41257,1740231,471,34417,41804,1779727,0,0,59861,53658.29,14757023,12982375,0
2021-12-17,15816,6618860,6945,5821672,617,560090,46961,1787192,490,34907,47548,1827275,0,0,70926,53904,14827949,13005850,0
2021-12-18,12930,6631790,5732,5827404,432,560522,30714,1817906,282,35189,31053,1858328,0,0,50147,54514.86,14878096,13025001,0
2021-12-19,6951,6638741,2995,5830399,326,560848,18061,1835967,182,35371,18275,1876603,0,0,28547,54952.57,14906643,13035305,0
2021-12-20,16688,6655429,5857,5836256,745,561593,47664,1883631,586,35957,48331,1924934,0,0,71621,56795.57,14978264,13058676,0
2021-12-21,17820,6673249,6575,5842831,806,562399,49077,1932708,618,36575,49773,1974707,0,0,74975,59131.86,15053239,13083956,0
2021-12-22,18466,6691715,6553,5849384,938,563337,49850,1982558,551,37126,50480,2025187,0,0,76437,61787.71,15129676,13109992,0
2021-12-23,18921,6710636,6491,5855875,929,564266,46036,2028594,546,37672,46648,2071835,0,0,72989,63663.14,15202665,13136399,0
2021-12-24,9177,6719813,2957,5858832,598,564864,20663,2049257,213,37885,20910,2092745,0,0,33642,58336.86,15236307,13149165,0
2021-12-25,342,6720155,63,5858895,31,564895,427,2049684,8,37893,436,2093181,0,0,872,51297.57,15237179,13149602,0
2021-12-26,7913,6728068,3932,5862827,341,565236,17319,2067003,179,38072,17529,2110710,0,0,29715,51464.43,15266894,13161819,0
2021-12-27,21692,6749760,9212,5872039,934,566170,43567,2110570,574,38646,44214,2154924,0,0,76052,52097.43,15342946,13193730,0
2021-12-28,20032,6769792,8345,5880384,700,566870,47721,2158291,632,39278,48441,2203365,0,0,77518,52460.71,15420464,13222895,0
2021-12-29,18411,6788203,7674,5888058,606,567476,45709,2204000,500,39778,46284,2249649,0,0,72975,51966.14,15493439,13249661,0
2021-12-30,16801,6805004,7443,5895501,588,568064,44945,2248945,603,40381,45638,2295287,0,0,70471,51606.43,15563910,13274584,0
2021-12-31,5340,6810344,2817,5898318,193,568257,14800,2263745,190,40571,15012,2310299,0,0,23362,50137.86,15587272,13282956,0
2022-01-01,244,6810588,149,5898467,12,568269,504,2264249,36,40607,544,2310843,0,0,949,50148.86,15588221,13283365,0
2022-01-02,6400,6816988,5020,5903487,153,568422,11012,2275261,111,40718,11138,2321981,0,0,22711,49148.29,15610932,13294953,0
2022-01-03,14060,6831048,8527,5912014,515,568937,27041,2302302,353,41071,27439,2349420,0,0,50541,45503.86,15661473,13318100,0
2022-01-04,12759,6843807,8129,5920143,414,569351,27319,2329621,374,41445,27752,2377172,0,0,49054,41437.57,15710527,13339461,0
2022-01-05,11275,6855082,7035,5927178,386,569737,26038,2355659,322,41767,26404,2403576,0,0,45100,37455.43,15755627,13358201,0
2022-01-06,11298,6866380,7399,5934577,485,570222,27690,2383349,363,42130,28105,2431681,0,0,47287,34143.43,15802914,13377435,0
2022-01-07,10107,6876487,8457,5943034,339,570561,25249,2408598,334,42464,25617,2457298,0,0,44521,37166.14,15847435,13396373,0
2022-01-08,7636,6884123,8606,5951640,311,570872,19648,2428246,193,42657,19858,2477156,0,0,36412,42232.29,15883847,13412944,0
2022-01-09,4098,6888221,3845,5955485,214,571086,10084,2438330,100,42757,10195,2487351,0,0,18354,41609.86,15902201,13421114,0
2022-01-10,10123,6898344,8202,5963687,490,571576,24661,2462991,311,43068,25023,2512374,0,0,43838,40652.29,15946039,13439980,0
2022-01-11,8824,6907168,7987,5971674,522,572098,21087,2484078,297,43365,21429,2533803,0,0,38766,39182.57,15984805,13457362,0
2022-01-12,8882,6916050,8334,5980008,427,572525,22412,2506490,296,43661,22743,2556546,0,0,40387,38509.29,16025192,13475041,0
2022-01-13,8976,6925026,8873,5988881,451,572976,22963,2529453,345,44006,23346,2579892,0,0,41648,37703.71,16066840,13493381,0
2022-01-14,10051,6935077,8131,5997012,474,573450,26497,2555950,341,44347,26879,2606771,0,0,45535,37848.57,16112375,13512078,0
2022-01-15,6180,6941257,4322,6001334,180,573630,15174,2571124,185,44532,15382,2622153,0,0,26064,36370.29,16138439,13522783,0
2022-01-16,2887,6944144,3251,6004585,95,573725,7844,2578968,90,44622,7944,2630097,0,0,14178,35773.71,16152617,13529027,0
2022-01-17,6030,6950174,6761,6011346,363,574088,14726,2593694,224,44846,14969,2645066,0,0,28123,33528.71,16180740,13542200,0
2022-01-18,8105,6958279,10326,6021672,393,574481,19718,2613412,329,45175,20078,2665144,0,0,38902,33548.14,16219642,13561055,0
2022-01-19,7400,6965679,9268,6030940,303,574784,17764,2631176,286,45461,18082,2683226,0,0,35053,32786.14,16254695,13578058,0
2022-01-20,6217,6971896,8570,6039510,305,575089,15306,2646482,259,45720,15593,2698819,0,0,30686,31220.14,16285381,13593179,0
2022-01-21,7503,6979399,7521,6047031,276,575365,18558,2665040,295,46015,18878,2717697,0,0,34178,29597.71,16319559,13608504,0
2022-01-22,5165,6984564,4955,6051986,132,575497,11347,2676387,133,46148,11505,2729202,0,0,21757,28982.43,16341316,13618781,0
2022-01-23,2777,6987341,3338,6055324,97,575594,6252,2682639,78,46226,6338,2735540,0,0,12550,28749.86,16353866,13625001,0
2022-01-24,6315,6993656,8215,6063539,262,575856,15105,2697744,255,46481,15387,2750927,0,0,30180,29043.71,16384046,13639821,0
2022-01-25,6131,6999787,7961,6071500,230,576086,14743,2712487,295,46776,15072,2765999,0,0,29394,27685.43,16413440,13654177,0
2022-01-26,5706,7005493,7190,6078690,287,576373,14051,2726538,225,47001,14304,2780303,0,0,27487,26604.57,16440927,13667388,0
2022-01-27,5201,7010694,7102,6085792,320,576693,14125,2740663,240,47241,14405,2794708,0,0,27028,26082,16467955,13680051,0
2022-01-28,6206,7016900,7885,6093677,205,576898,16165,2756828,246,47487,16434,2811142,0,0,30730,25589.43,16498685,13694370,0
2022-01-29,833,7017733,728,6094405,28,576926,2544,2759372,40,47527,2587,2813729,0,0,4176,23077.86,16502861,13695962,0
2022-01-30,2070,7019803,3025,6097430,103,577029,4557,2763929,64,47591,4625,2818354,0,0,9823,22688.29,16512684,13701164,0
2022-01-31,4969,7024772,6600,6104030,219,577248,11414,2775343,207,47798,11636,2829990,0,0,23424,21723.14,16536108,13712967,0
2022-02-01,4796,7029568,6457,6110487,220,577468,10740,2786083,223,48021,10981,2840971,0,0,22455,20731.86,16558563,13724459,0
2022-02-02,4241,7033809,5937,6116424,212,577680,11260,2797343,244,48265,11522,2852493,0,0,21912,19935.43,16580475,13734867,0
2022-02-03,4198,7038007,5818,6122242,216,577896,11240,2808583,206,48471,11473,2863966,0,0,21706,19175.14,16602181,13745127,0
2022-02-04,4729,7042736,7120,6129362,214,578110,13259,2821842,242,48713,13526,2877492,0,0,25589,18440.71,16627770,13757215,0
2022-02-05,3551,7046287,6083,6135445,109,578219,8608,2830450,159,48872,8782,2886274,0,0,18525,20490.57,16646295,13766973,0
2022-02-06,2046,7048333,2138,6137583,120,578339,4654,2835104,105,48977,4763,2891037,0,0,9068,20382.71,16655363,13771282,0
2022-02-07,4115,7052448,4751,6142334,205,578544,10154,2845258,238,49215,10417,2901454,0,0,19488,19820.43,16674851,13780378,0
2022-02-08,4178,7056626,5607,6147941,214,578758,11358,2856616,316,49531,11699,2913153,0,0,21698,19712.29,16696549,13790402,0
2022-02-09,4103,7060729,5405,6153346,221,578979,11687,2868303,259,49790,11970,2925123,0,0,21699,19681.86,16718248,13800155,0
2022-02-10,3960,7064689,5130,6158476,243,579222,12214,2880517,294,50084,12539,2937662,0,0,21872,19705.57,16740120,13809519,0
2022-02-11,4486,7069175,5809,6164285,195,579417,13759,2894276,328,50412,14119,2951781,0,0,24609,19565.57,16764729,13820041,0
2022-02-12,3232,7072407,4352,6168637,97,579514,8826,2903102,221,50633,9058,2960839,0,0,16739,19310.43,16781468,13827733,0
2022-02-13,1508,7073915,1544,6170181,41,579555,4888,2907990,115,50748,5008,2965847,0,0,8101,19172.29,16789569,13830831,0
2022-02-14,2956,7076871,3633,6173814,167,579722,10589,2918579,332,51080,10948,2976795,0,0,17704,18917.43,16807273,13837614,0
2022-02-15,3514,7080385,4075,6177889,174,579896,12804,2931383,294,51374,13114,2989909,0,0,20877,18800.14,16828150,13845393,0
2022-02-16,3609,7083994,3912,6181801,199,580095,15772,2947155,299,51673,16106,3006015,0,0,23826,19104,16851976,13853148,0
2022-02-17,3985,7087979,4081,6185882,162,580257,18365,2965520,378,52051,18774,3024789,0,0,27002,19836.86,16878978,13861407,0
2022-02-18,4420,7092399,4793,6190675,190,580447,21563,2987083,469,52520,22055,3046844,0,0,31458,20815.29,16910436,13870833,0
2022-02-19,3231,7095630,2187,6192862,65,580512,11205,2998288,220,52740,11436,3058280,0,0,16919,20841,16927355,13876327,0
2022-02-20,1841,7097471,1446,6194308,59,580571,6600,3004888,116,52856,6723,3065003,0,0,10069,21122.14,16937424,13879680,0
2022-02-21,3069,7100540,2695,6197003,93,580664,8368,3013256,236,53092,8617,3073620,0,0,14474,20660.71,16951898,13885550,0
2022-02-22,4357,7104897,4267,6201270,174,580838,10849,3024105,256,53348,11124,3084744,0,0,19922,20524.29,16971820,13894367,0
2022-02-23,4230,7109127,3792,6205062,145,580983,10695,3034800,242,53590,10954,3095698,0,0,19121,19852.14,16990941,13902551,0
2022-02-24,3778,7112905,3659,6208721,108,581091,10208,3045008,242,53832,10468,3106166,0,0,18013,18568,17008954,13910114,0
2022-02-25,3583,7116488,3636,6212357,135,581226,9998,3055006,248,54080,10259,3116425,0,0,17613,16590.14,17026567,13917481,0
2022-02-26,2811,7119299,2592,6214949,73,581299,9531,3064537,162,54242,9702,3126127,0,0,15178,16341.43,17041745,13922966,0
2022-02-27,1760,7121059,1373,6216322,52,581351,6275,3070812,104,54346,6386,3132513,0,0,9571,16270.29,17051316,13926158,0
2022-02-28,3762,7124821,3137,6219459,140,581491,13160,3083972,258,54604,13442,3145955,0,0,20481,17128.43,17071797,13933221,0
2022-03-01,2112,7126933,2631,6222090,103,581594,5194,3089166,189,54793,5390,3151345,0,0,10236,15744.71,17082033,13938074,0
2022-03-02,1822,7128755,2448,6224538,107,581701,4149,3093315,211,55004,4371,3155716,0,0,8748,14262.86,17090781,13942462,0
2022-03-03,1925,7130680,2564,6227102,106,581807,3808,3097123,171,55175,3993,3159709,0,0,8588,12916.43,17099369,13947071,0
2022-03-04,2110,7132790,2884,6229986,66,581873,4338,3101461,213,55388,4563,3164272,0,0,9623,11775,17108992,13952143,0
2022-03-05,1609,7134399,2128,6232114,43,581916,3321,3104782,120,55508,3444,3167716,0,0,7224,10638.71,17116216,13955926,0
2022-03-06,792,7135191,881,6232995,30,581946,1626,3106408,55,55563,1684,3169400,0,0,3387,9755.29,17119603,13957632,0
2022-03-07,1657,7136848,1788,6234783,87,582033,3509,3109917,162,55725,3685,3173085,0,0,7217,7860.43,17126820,13961178,0
2022-03-08,1541,7138389,1898,6236681,81,582114,3129,3113046,155,55880,3296,3176381,0,0,6816,7371.86,17133636,13964710,0
2022-03-09,1260,7139649,1685,6238366,80,582194,2595,3115641,128,56008,2729,3179110,0,0,5754,6944.14,17139390,13967741,0
2022-03-10,1407,7141056,2097,6240463,84,582278,2978,3118619,165,56173,3152,3182262,0,0,6740,6680.14,17146130,13971338,0
2022-03-11,1595,7142651,2278,6242741,81,582359,3217,3121836,190,56363,3425,3185687,0,0,7379,6359.57,17153509,13975310,0
2022-03-12,874,7143525,1419,6244160,42,582401,2012,3123848,74,56437,2089,3187776,0,0,4424,5959.57,17157933,13977648,0
2022-03-13,624,7144149,757,6244917,28,582429,1292,3125140,48,56485,1343,3189119,0,0,2752,5868.86,17160685,13979060,0
2022-03-14,1358,7145507,1616,6246533,84,582513,3000,3128140,209,56694,3231,3192350,0,0,6289,5736.29,17166974,13982140,0
2022-03-15,1354,7146861,1924,6248457,63,582576,3070,3131210,238,56932,3315,3195665,0,0,6656,5713.43,17173630,13985488,0
2022-03-16,1395,7148256,2061,6250518,94,582670,3146,3134356,297,57229,3459,3199124,0,0,7009,5892.71,17180639,13989054,0
2022-03-17,1189,7149445,1810,6252328,71,582741,2765,3137121,269,57498,3048,3202172,0,0,6118,5803.86,17186757,13992138,0
2022-03-18,1577,7151022,2221,6254549,79,582820,3780,3140901,422,57920,4208,3206380,0,0,8085,5904.71,17194842,13996021,0
2022-03-19,1101,7152123,1737,6256286,54,582874,2607,3143508,231,58151,2843,3209223,0,0,5735,6092,17200577,13998918,0
2022-03-20,602,7152725,631,6256917,33,582907,1471,3144979,186,58337,1661,3210884,0,0,2927,6117,17203504,14000188,0
2022-03-21,1408,7154133,1561,6258478,73,582980,3064,3148043,363,58700,3448,3214332,0,0,6490,6145.71,17209994,14003251,0
2022-03-22,1340,7155473,1553,6260031,101,583081,2907,3150950,350,59050,3267,3217599,0,0,6261,6089.29,17216255,14006255,0
2022-03-23,1256,7156729,1358,6261389,66,583147,2926,3153876,375,59425,3311,3220910,0,0,5991,5943.86,17222246,14008945,0
2022-03-24,1206,7157935,1298,6262687,90,583237,2520,3156396,278,59703,2807,3223717,0,0,5401,5841.43,17227647,14011548,0
2022-03-25,1379,7159314,1638,6264325,62,583299,3270,3159666,385,60088,3668,3227385,0,0,6747,5650.29,17234394,14014640,0
2022-03-26,920,7160234,1170,6265495,36,583335,2311,3161977,255,60343,2574,3229959,0,0,4700,5502.43,17239094,14016774,0
2022-03-27,574,7160808,527,6266022,29,583364,1314,3163291,204,60547,1520,3231479,0,0,2650,5462.86,17241744,14017906,0
2022-03-28,1071,7161879,1170,6267192,69,583433,2443,3165734,367,60914,2829,3234308,0,0,5139,5269.86,17246883,14020235,0
2022-03-29,1041,7162920,1106,6268298,84,583517,2516,3168250,886,61800,3423,3237731,0,0,5654,5183.14,17252537,14022487,0
2022-03-30,1235,7164155,1139,6269437,99,583616,3064,3171314,3413,65213,6568,3244299,0,0,9041,5618.86,17261578,14025051,0
2022-03-31,1274,7165429,1250,6270687,58,583674,3163,3174477,5535,70748,8837,3253136,0,0,11420,6478.71,17272998,14027773,0
2022-04-01,1421,7166850,1487,6272174,77,583751,3243,3177720,6928,77676,10326,3263462,0,0,13311,7416.43,17286309,14030913,0
2022-04-02,904,7167754,909,6273083,33,583784,2084,3179804,4543,82219,6724,3270186,0,0,8570,7969.29,17294879,14032856,0
2022-04-03,553,7168307,490,6273573,28,583812,1219,3181023,3062,85281,4344,3274530,0,0,5415,8364.29,17300294,14033990,0
2022-04-04,1343,7169650,1299,6274872,62,583874,2725,3183748,7724,93005,10605,3285135,0,0,13309,9531.43,17313603,14036850,0
2022-04-05,1288,7170938,1153,6276025,66,583940,2844,3186592,7504,100509,10525,3295660,0,0,13032,10585.43,17326635,14039534,0
2022-04-06,1327,7172265,1174,6277199,61,584001,2628,3189220,6959,107468,9750,3305410,0,0,12312,11052.71,17338947,14042259,0
2022-04-07,1198,7173463,1060,6278259,57,584058,2379,3191599,6627,114095,9156,3314566,0,0,11471,11060,17350418,14044724,0
2022-04-08,1470,7174933,1409,6279668,61,584119,3170,3194769,8790,122885,12160,3326726,0,0,15100,11315.57,17365518,14047864,0
2022-04-09,906,7175839,925,6280593,29,584148,2081,3196850,4961,127846,7127,3333853,0,0,8987,11375.14,17374505,14049809,0
2022-04-10,573,7176412,459,6281052,25,584173,1169,3198019,2902,130748,4134,3337987,0,0,5191,11343.14,17379696,14050929,0
2022-04-11,1302,7177714,1224,6282276,61,584234,2655,3200674,7842,138590,10653,3348640,0,0,13240,11333.29,17392936,14053672,0
2022-04-12,1210,7178924,1053,6283329,73,584307,2512,3203186,7456,146046,10143,3358783,0,0,12479,11254.29,17405415,14056183,0
2022-04-13,1227,7180151,1073,6284402,61,584368,2512,3205698,7551,153597,10216,3368999,0,0,12577,11292.14,17417992,14058697,0
2022-04-14,1259,7181410,1095,6285497,58,584426,2444,3208142,6594,160191,9167,3378166,0,0,11579,11307.57,17429571,14061238,0
2022-04-15,1333,7182743,1092,6286589,53,584479,2553,3210695,6635,166826,9322,3387488,0,0,11800,10836.14,17441371,14063850,0
2022-04-16,853,7183596,652,6287241,34,584513,1641,3212336,3691,170517,5400,3392888,0,0,6939,10543.57,17448310,14065457,0
2022-04-17,345,7183941,201,6287442,27,584540,636,3212972,1159,171676,1819,3394707,0,0,2392,10143.71,17450702,14066054,0
2022-04-18,1375,7185316,1110,6288552,82,584622,2581,3215553,6419,178095,9143,3403850,0,0,11710,9925.14,17462412,14068764,0
2022-04-19,1406,7186722,932,6289484,71,584693,2569,3218122,5769,183864,8441,3412291,0,0,10850,9692.43,17473262,14071276,0
2022-04-20,1295,7188017,1151,6290635,66,584759,2710,3220832,6649,190513,9503,3421794,0,0,12015,9612.14,17485277,14073932,0
2022-04-21,1223,7189240,1061,6291696,53,584812,2339,3223171,5404,195917,7860,3429654,0,0,10197,9414.71,17495474,14076386,0
2022-04-22,1230,7190470,1038,6292734,46,584858,2238,3225409,5786,201703,8140,3437794,0,0,10454,9222.43,17505928,14078816,0
2022-04-23,710,7191180,751,6293485,59,584917,1427,3226836,3353,205056,4847,3442641,0,0,6367,9140.71,17512295,14080403,0
2022-04-24,445,7191625,344,6293829,27,584944,812,3227648,1845,206901,2690,3445331,0,0,3506,9299.86,17515801,14081252,0
2022-04-25,1036,7192661,917,6294746,64,585008,1849,3229497,5096,211997,7057,3452388,0,0,9075,8923.43,17524876,14083382,0
2022-04-26,946,7193607,856,6295602,76,585084,1748,3231245,4700,216697,6539,3458927,0,0,8417,8575.86,17533293,14085351,0
2022-04-27,1034,7194641,1020,6296622,80,585164,1924,3233169,5219,221916,7264,3466191,0,0,9398,8202,17542691,14087606,0
2022-04-28,1080,7195721,985,6297607,50,585214,2007,3235176,4749,226665,6869,3473060,0,0,8985,8028.86,17551676,14089835,0
2022-04-29,1170,7196891,1102,6298709,60,585274,2158,3237334,5437,232102,7713,3480773,0,0,10045,7970.43,17561721,14092285,0
2022-04-30,723,7197614,742,6299451,50,585324,1392,3238726,2966,235068,4407,3485180,0,0,5922,7906.86,17567643,14093849,0
2022-05-01,445,7198059,366,6299817,20,585344,766,3239492,1657,236725,2454,3487634,0,0,3285,7875.29,17570928,14094711,0
2022-05-02,1042,7199101,791,6300608,52,585396,1673,3241165,3823,240548,5565,3493199,0,0,7450,7643.14,17578378,14096665,0
2022-05-03,1115,7200216,864,6301472,61,585457,1994,3243159,4870,245418,6962,3500161,0,0,9002,7726.71,17587380,14098803,0
2022-05-04,1003,7201219,881,6302353,48,585505,1925,3245084,4677,250095,6695,3506856,0,0,8627,7616.57,17596007,14100828,0
2022-05-05,1070,7202289,952,6303305,86,585591,1928,3247012,4890,254985,6917,3513773,0,0,9025,7622.29,17605032,14103035,0
2022-05-06,1093,7203382,956,6304261,51,585642,1858,3248870,4403,259388,6339,3520112,0,0,8439,7392.86,17613471,14105213,0
2022-05-07,659,7204041,589,6304850,32,585674,1205,3250075,2434,261822,3679,3523791,0,0,4959,7255.29,17618430,14106533,0
2022-05-08,409,7204450,243,6305093,17,585691,666,3250741,1389,263211,2077,3525868,0,0,2746,7178.29,17621176,14107224,0
2022-05-09,1075,7205525,946,6306039,60,585751,1889,3252630,4438,267649,6421,3532289,0,0,8502,7328.57,17629678,14109399,0
2022-05-10,1093,7206618,928,6306967,54,585805,1977,3254607,4723,272372,6809,3539098,0,0,8884,7311.71,17638562,14111583,0
2022-05-11,1082,7207700,970,6307937,44,585849,1941,3256548,4841,277213,6888,3545986,0,0,8984,7362.71,17647546,14113785,0
2022-05-12,1098,7208798,950,6308887,60,585909,2002,3258550,4669,281882,6772,3552758,0,0,8880,7342,17656426,14115994,0
2022-05-13,1153,7209951,1037,6309924,44,585953,2074,3260624,4810,286692,6977,3559735,0,0,9211,7452.29,17665637,14118321,0
2022-05-14,826,7210777,671,6310595,31,585984,1468,3262092,2965,289657,4475,3564210,0,0,6003,7601.43,17671640,14119891,0
2022-05-15,508,7211285,355,6310950,22,586006,924,3263016,1649,291306,2599,3566809,0,0,3484,7706.86,17675124,14120802,0
2022-05-16,1222,7212507,855,6311805,62,586068,1831,3264847,3870,295176,5766,3572575,0,0,7905,7621.57,17683029,14123006,0
2022-05-17,1282,7213789,931,6312736,79,586147,2046,3266893,4899,300075,7040,3579615,0,0,9332,7685.57,17692361,14125393,0
2022-05-18,1233,7215022,897,6313633,82,586229,2062,3268955,4950,305025,7125,3586740,0,0,9337,7736,17701698,14127718,0
2022-05-19,1157,7216179,881,6314514,36,586265,2117,3271072,4732,309757,6935,3593675,0,0,9009,7754.43,17710707,14129878,0
2022-05-20,1195,7217374,958,6315472,73,586338,2369,3273441,5215,314972,7697,3601372,0,0,9925,7856.43,17720632,14132219,0
2022-05-21,830,7218204,647,6316119,24,586362,1726,3275167,3312,318284,5099,3606471,0,0,6600,7941.71,17727232,14133781,0
2022-05-22,506,7218710,292,6316411,22,586384,1136,3276303,1839,320123,3010,3609481,0,0,3830,7991.14,17731062,14134636,0
2022-05-23,1215,7219925,885,6317296,52,586436,2189,3278492,4711,324834,7003,3616484,0,0,9155,8169.71,17740217,14136891,0
2022-05-24,1400,7221325,935,6318231,66,586502,2305,3280797,4494,329328,6906,3623390,0,0,9308,8166.29,17749525,14139400,0
2022-05-25,1410,7222735,955,6319186,57,586559,2265,3283062,4276,333604,6643,3630033,0,0,9066,8127.57,17758591,14141925,0
2022-05-26,1165,7223900,889,6320075,60,586619,2274,3285336,4155,337759,6498,3636531,0,0,8613,8071,17767204,14144109,0
2022-05-27,1240,7225140,954,6321029,38,586657,2497,3287833,3926,341685,6502,3643033,0,0,8735,7901,17775939,14146421,0
2022-05-28,710,7225850,516,6321545,19,586676,1784,3289617,2069,343754,3893,3646926,0,0,5138,7692.14,17781077,14147706,0
2022-05-29,469,7226319,216,6321761,11,586687,761,3290378,1127,344881,1908,3648834,0,0,2604,7517,17783681,14148422,0
2022-05-30,91,7226410,62,6321823,6,586693,138,3290516,144,345025,284,3649118,0,0,443,6272.43,17784124,14148583,0
2022-05-31,1135,7227545,918,6322741,51,586744,1902,3292418,3053,348078,5016,3654134,0,0,7120,5959.86,17791244,14150748,0
2022-06-01,1151,7228696,851,6323592,63,586807,1969,3294387,3432,351510,5476,3659610,0,0,7541,5742,17798785,14152888,0
2022-06-02,1025,7229721,799,6324391,72,586879,1827,3296214,3179,354689,5068,3664678,0,0,6964,5506.43,17805749,14154846,0
2022-06-03,1154,7230875,894,6325285,47,586926,2073,3298287,3495,358184,5638,3670316,0,0,7733,5363.29,17813482,14157011,0
2022-06-04,719,7231594,585,6325870,26,586952,1560,3299847,1907,360091,3503,3673819,0,0,4835,5320,17818317,14158379,0
2022-06-05,447,7232041,297,6326167,1,586953,881,3300728,981,361072,1871,3675690,0,0,2616,5321.71,17820933,14159133,0
2022-06-06,1120,7233161,828,6326995,65,587018,1758,3302486,2747,363819,4558,3680248,0,0,6571,6197.14,17827504,14161199,0
2022-06-07,1017,7234178,773,6327768,70,587088,1795,3304281,2569,366388,4412,3684660,0,0,6273,6076.14,17833777,14163108,0
2022-06-08,1088,7235266,836,6328604,75,587163,1877,3306158,2752,369140,4694,3689354,0,0,6693,5955,17840470,14165172,0
2022-06-09,1134,7236400,840,6329444,62,587225,2230,3308388,2693,371833,4975,3694329,0,0,7011,5961.71,17847481,14167260,0
2022-06-10,1045,7237445,816,6330260,76,587301,1881,3310269,2834,374667,4772,3699101,0,0,6709,5815.43,17854190,14169254,0
2022-06-11,678,7238123,507,6330767,25,587326,1333,3311602,1505,376172,2865,3701966,0,0,4075,5706.86,17858265,14170491,0
2022-06-12,349,7238472,287,6331054,21,587347,876,3312478,775,376947,1661,3703627,0,0,2318,5664.29,17860583,14171158,0
2022-06-13,1026,7239498,768,6331822,62,587409,1585,3314063,2189,379136,3813,3707440,0,0,5670,5535.57,17866253,14173054,0
2022-06-14,972,7240470,833,6332655,65,587474,1693,3315756,2505,381641,4261,3711701,0,0,6131,5515.29,17872384,14174987,0
2022-06-15,968,7241438,865,6333520,39,587513,1666,3317422,2428,384069,4155,3715856,0,0,6027,5420.14,17878411,14176920,0
2022-06-16,959,7242397,777,6334297,59,587572,1835,3319257,2366,386435,4257,3720113,0,0,6052,5283.14,17884463,14178771,0
2022-06-17,897,7243294,797,6335094,48,587620,1772,3321029,2407,388842,4224,3724337,0,0,5967,5177.14,17890430,14180559,0
2022-06-18,653,7243947,524,6335618,26,587646,1285,3322314,1296,390138,2611,3726948,0,0,3814,5139.86,17894244,14181792,0
2022-06-19,345,7244292,231,6335849,16,587662,730,3323044,609,390747,1351,3728299,0,0,1943,5086.29,17896187,14182396,0
2022-06-20,829,7245121,489,6336338,41,587703,1581,3324625,1611,392358,3231,3731530,0,0,4590,4932,17900777,14183794,0
2022-06-21,1129,7246250,739,6337077,49,587752,1703,3326328,2143,394501,3904,3735434,0,0,5823,4888,17906600,14185771,0
2022-06-22,1957,7248207,836,6337913,47,587799,1710,3328038,1996,396497,3749,3739183,0,0,6589,4968.29,17913189,14188654,0
2022-06-23,2119,7250326,763,6338676,66,587865,1703,3329741,2158,398655,3913,3743096,0,0,6861,5083.86,17920050,14191654,0
2022-06-24,2167,7252493,760,6339436,48,587913,1625,3331366,2162,400817,3835,3746931,0,0,6810,5204.29,17926860,14194677,0
2022-06-25,2136,7254629,499,6339935,15,587928,1238,3332604,1143,401960,2396,3749327,0,0,5049,5380.71,17931909,14197345,0
2022-06-26,1209,7255838,248,6340183,14,587942,687,3333291,531,402491,1224,3750551,0,0,2695,5488.14,17934604,14198822,0
2022-06-27,1528,7257366,656,6340839,60,588002,1473,3334764,1657,404148,3170,3753721,0,0,5415,5606,17940019,14201107,0
2022-06-28,1686,7259052,830,6341669,57,588059,1867,3336631,2144,406292,4057,3757778,0,0,6630,5721.29,17946649,14203726,0
2022-06-29,1856,7260908,777,6342446,48,588107,1719,3338350,1928,408220,3686,3761464,0,0,6367,5689.57,17953016,14206446,0
2022-06-30,1866,7262774,807,6343253,46,588153,1736,3340086,2134,410354,3914,3765378,0,0,6633,5657,17959649,14209209,0
2022-07-01,1605,7264379,598,6343851,26,588179,1400,3341486,1730,412084,3162,3768540,0,0,5391,5454.29,17965040,14211470,0
2022-07-02,979,7265358,388,6344239,19,588198,842,3342328,940,413024,1800,3770340,0,0,3186,5188.14,17968226,14212874,0
2022-07-03,529,7265887,205,6344444,7,588205,461,3342789,486,413510,950,3771290,0,0,1691,5044.71,17969917,14213618,0
2022-07-04,36,7265923,25,6344469,1,588206,31,3342820,38,413548,69,3771359,0,0,131,4289.86,17970048,14213680,0
2022-07-05,1295,7267218,757,6345226,35,588241,1407,3344227,1739,415287,3177,3774536,0,0,5264,4094.71,17975312,14215798,0
2022-07-06,1612,7268830,677,6345903,44,588285,1442,3345669,1845,417132,3329,3777865,0,0,5662,3994,17980974,14218173,0
2022-07-07,1592,7270422,713,6346616,48,588333,1526,3347195,2002,419134,3566,3781431,0,0,5919,3892,17986893,14220564,0
2022-07-08,1633,7272055,651,6347267,37,588370,1476,3348671,1979,421113,3505,3784936,0,0,5827,3954.29,17992720,14222936,0
2022-07-09,985,7273040,435,6347702,26,588396,884,3349555,1347,422460,2262,3787198,0,0,3708,4028.86,17996428,14224413,0
2022-07-10,637,7273677,187,6347889,17,588413,430,3349985,659,423119,1099,3788297,0,0,1940,4064.43,17998368,14225264,0
2022-07-11,1395,7275072,634,6348523,49,588462,1446,3351431,2213,425332,3694,3791991,0,0,5772,4870.29,18004140,14227377,0
2022-07-12,1407,7276479,687,6349210,45,588507,1404,3352835,2515,427847,3993,3795984,0,0,6132,4994.29,18010272,14229590,0
2022-07-13,1613,7278092,726,6349936,37,588544,1525,3354360,2841,430688,4431,3800415,0,0,6807,5157.86,18017079,14232031,0
2022-07-14,1585,7279677,842,6350778,47,588591,1607,3355967,3064,433752,4749,3805164,0,0,7224,5344.29,18024303,14234584,0
2022-07-15,1615,7281292,937,6351715,47,588638,1577,3357544,3058,436810,4696,3809860,0,0,7295,5554,18031598,14237244,0
2022-07-16,881,7282173,586,6352301,9,588647,986,3358530,1701,438511,2717,3812577,0,0,4193,5623.29,18035791,14238750,0
2022-07-17,550,7282723,289,6352590,16,588663,527,3359057,1166,439677,1719,3814296,0,0,2574,5713.86,18038365,14239631,0
2022-07-18,1402,7284125,843,6353433,45,588708,1431,3360488,2464,442141,3953,3818249,0,0,6243,5781.14,18044608,14241979,0
2022-07-19,1440,7285565,976,6354409,51,588759,1545,3362033,2803,444944,4440,3822689,0,0,6907,5891.86,18051515,14244538,0
2022-07-20,1379,7286944,1483,6355892,50,588809,1355,3363388,2396,447340,3813,3826502,0,0,6726,5880.29,18058241,14247513,0
2022-07-21,1333,7288277,1435,6357327,50,588859,1395,3364783,2364,449704,3808,3830310,0,0,6626,5794.86,18064867,14250380,0
2022-07-22,1428,7289705,1569,6358896,42,588901,1563,3366346,2857,452561,4503,3834813,0,0,7542,5830.14,18072409,14253502,0
2022-07-23,906,7290611,1103,6359999,17,588918,999,3367345,1553,454114,2589,3837402,0,0,4615,5890.43,18077024,14255565,0
2022-07-24,483,7291094,642,6360641,14,588932,504,3367849,805,454919,1317,3838719,0,0,2457,5873.71,18079481,14256713,0
2022-07-25,1229,7292323,764,6361405,59,588991,1264,3369113,2065,456984,3382,3842101,0,0,5434,5758.14,18084915,14258818,0
2022-07-26,1233,7293556,1022,6362427,41,589032,1478,3370591,2445,459429,3983,3846084,0,0,6279,5668.43,18091194,14261174,0
2022-07-27,1318,7294874,1279,6363706,42,589074,1392,3371983,2195,461624,3647,3849731,0,0,6287,5605.71,18097481,14263874,0
2022-07-28,1311,7296185,1424,6365130,72,589146,1425,3373408,2217,463841,3692,3853423,0,0,6499,5587.57,18103980,14266731,0
2022-07-29,1319,7297504,1431,6366561,64,589210,1361,3374769,2161,466002,3565,3856988,0,0,6379,5421.43,18110359,14269588,0
2022-07-30,738,7298242,719,6367280,25,589235,796,3375565,961,466963,1780,3858768,0,0,3265,5228.57,18113624,14271096,0
2022-07-31,422,7298664,590,6367870,14,589249,488,3376053,571,467534,1065,3859833,0,0,2091,5176.29,18115715,14272128,0
2022-08-01,1244,7299908,914,6368784,55,589304,1333,3377386,1510,469044,2889,3862722,0,0,5102,5128.86,18120817,14274387,0
2022-08-02,1230,7301138,1014,6369798,73,589377,1350,3378736,1602,470646,2998,3865720,0,0,5315,4991.14,18126132,14276750,0
2022-08-03,1262,7302400,1190,6370988,41,589418,1344,3380080,1532,472178,2916,3868636,0,0,5409,4865.71,18131541,14279283,0
2022-08-04,1190,7303590,1187,6372175,58,589476,1289,3381369,1460,473638,2780,3871416,0,0,5215,4682.29,18136756,14281749,0
2022-08-05,1316,7304906,1452,6373627,49,589525,1316,3382685,1442,475080,2782,3874198,0,0,5599,4570.86,18142355,14284590,0
2022-08-06,696,7305602,844,6374471,14,589539,766,3383451,777,475857,1568,3875766,0,0,3123,4550.57,18145478,14286170,0
2022-08-07,389,7305991,454,6374925,14,589553,428,3383879,358,476215,797,3876563,0,0,1654,4488.14,18147132,14287038,0
2022-08-08,1191,7307182,935,6375860,70,589623,1279,3385158,1187,477402,2496,3879059,0,0,4692,4429.57,18151824,14289264,0
2022-08-09,1133,7308315,891,6376751,38,589661,1232,3386390,1162,478564,2427,3881486,0,0,4489,4311.57,18156313,14291359,0
2022-08-10,1222,7309537,1115,6377866,59,589720,1260,3387650,1247,479811,2542,3884028,0,0,4938,4244.29,18161251,14293790,0
2022-08-11,1277,7310814,1071,6378937,84,589804,1212,3388862,1279,481090,2530,3886558,0,0,4962,4208.14,18166213,14296261,0
2022-08-12,1292,7312106,1411,6380348,55,589859,1269,3390131,1249,482339,2550,3889108,0,0,5308,4166.57,18171521,14299051,0
2022-08-13,754,7312860,790,6381138,15,589874,763,3390894,634,482973,1415,3890523,0,0,2974,4145.29,18174495,14300628,0
2022-08-14,468,7313328,477,6381615,20,589894,405,3391299,283,483256,691,3891214,0,0,1656,4145.57,18176151,14301596,0
2022-08-15,1245,7314573,1067,6382682,60,589954,1318,3392617,991,484247,2350,3893564,0,0,4722,4149.86,18180873,14304009,0
2022-08-16,1304,7315877,869,6383551,50,590004,1371,3393988,1079,485326,2482,3896046,0,0,4706,4180.86,18185579,14306265,0
2022-08-17,1212,7317089,958,6384509,39,590043,1237,3395225,1004,486330,2280,3898326,0,0,4489,4116.71,18190068,14308513,0
2022-08-18,1169,7318258,945,6385454,45,590088,1268,3396493,949,487279,2242,3900568,0,0,4401,4036.57,18194469,14310697,0
2022-08-19,1254,7319512,1136,6386590,34,590122,1121,3397614,979,488258,2130,3902698,0,0,4554,3928.86,18199023,14313151,0
2022-08-20,590,7320102,492,6387082,16,590138,636,3398250,517,488775,1166,3903864,0,0,2264,3827.43,18201287,14314262,0
2022-08-21,358,7320460,243,6387325,9,590147,382,3398632,267,489042,652,3904516,0,0,1262,3771.14,18202549,14314875,0
2022-08-22,1221,7321681,924,6388249,40,590187,1237,3399869,888,489930,2152,3906668,0,0,4337,3716.14,18206886,14317087,0
2022-08-23,1237,7322918,1050,6389299,48,590235,1384,3401253,962,490892,2374,3909042,0,0,4710,3716.71,18211596,14319451,0
2022-08-24,1265,7324183,1017,6390316,29,590264,1296,3402549,822,491714,2144,3911186,0,0,4456,3712,18216052,14321789,0
2022-08-25,1220,7325403,995,6391311,66,590330,1194,3403743,813,492527,2023,3913209,0,0,4304,3698.14,18220356,14324086,0
2022-08-26,1187,7326590,1178,6392489,56,590386,1193,3404936,780,493307,1995,3915204,0,0,4416,3678.43,18224772,14326529,0
2022-08-27,694,7327284,543,6393032,14,590400,685,3405621,404,493711,1102,3916306,0,0,2353,3691.14,18227125,14327793,0
2022-08-28,378,7327662,240,6393272,10,590410,442,3406063,228,493939,673,3916979,0,0,1301,3696.71,18228426,14328424,0
2022-08-29,1253,7328915,981,6394253,41,590451,1231,3407294,689,494628,1941,3918920,0,0,4217,3679.57,18232643,14330721,0
2022-08-30,1267,7330182,942,6395195,36,590487,1273,3408567,767,495395,2070,3920990,0,0,4315,3623.14,18236958,14332996,0
2022-08-31,1154,7331336,1014,6396209,43,590530,1106,3409673,574,495969,1700,3922690,0,0,3912,3545.43,18240870,14335228,0
2022-09-01,1028,7332364,963,6397172,51,590581,809,3410482,456,496425,1279,3923969,0,0,3322,3405.14,18244192,14337285,0
2022-09-02,975,7333339,1023,6398195,32,590613,594,3411076,176,496601,777,3924746,92,92,2884,3186.29,18247076,14339307,0
2022-09-03,533,7333872,449,6398644,12,590625,371,3411447,50,496651,425,3925171,314,406,1684,3090.71,18248760,14340256,0
2022-09-04,252,7334124,212,6398856,10,590635,189,3411636,25,496676,216,3925387,312,718,959,3041.86,18249719,14340689,0
2022-09-05,78,7334202,71,6398927,7,590642,44,3411680,16,496692,61,3925448,9,727,226,2471.71,18249945,14340846,0
2022-09-06,1128,7335330,1229,6400156,51,590693,639,3412319,130,496822,778,3926226,1269,1996,4236,2460.43,18254181,14343044,0
2022-09-07,1473,7336803,1380,6401536,38,590731,486,3412805,156,496978,662,3926888,6445,8441,9121,3204.57,18263302,14345078,0
2022-09-08,1525,7338328,1197,6402733,36,590767,254,3413059,110,497088,380,3927268,7828,16269,9846,4136.57,18273148,14346732,0
2022-09-09,1548,7339876,1608,6404341,49,590816,286,3413345,122,497210,439,3927707,9890,26159,12372,5492,18285520,14348806,0
2022-09-10,843,7340719,839,6405180,12,590828,271,3413616,45,497255,329,3928036,5318,31477,6760,6217.14,18292280,14349932,0
2022-09-11,496,7341215,438,6405618,11,590839,86,3413702,30,497285,125,3928161,3941,35418,4529,6727.14,18296809,14350404,0
2022-09-12,1670,7342885,1436,6407054,39,590878,206,3413908,92,497377,332,3928493,11659,47077,13541,8629.29,18310350,14351988,0
2022-09-13,1397,7344282,1272,6408326,33,590911,221,3414129,118,497495,388,3928881,9733,56810,11738,9701,18322088,14353654,0
2022-09-14,1409,7345691,1269,6409595,32,590943,225,3414354,125,497620,389,3929270,11029,67839,13077,10266.14,18335165,14355352,0
2022-09-15,1558,7347249,1280,6410875,23,590966,227,3414581,109,497729,371,3929641,12085,79924,14107,10874.86,18349272,14357038,0
2022-09-16,1686,7348935,1627,6412502,27,590993,269,3414850,157,497886,481,3930122,13806,93730,16267,11431.29,18365539,14359073,0
2022-09-17,800,7349735,865,6413367,12,591005,275,3415125,78,497964,376,3930498,7003,100733,8412,11667.29,18373951,14360129,0
2022-09-18,518,7350253,411,6413778,7,591012,74,3415199,26,497990,113,3930611,4485,105218,4977,11731.29,18378928,14360521,0
2022-09-19,1550,7351803,1323,6415101,29,591041,227,3415426,98,498088,351,3930962,13813,119031,15517,12013.57,18394445,14361900,0
2022-09-20,1438,7353241,1252,6416353,27,591068,223,3415649,91,498179,360,3931322,13212,132243,15015,12481.71,18409460,14363389,0
2022-09-21,1666,7354907,1351,6417704,31,591099,261,3415910,131,498310,426,3931748,14940,147183,16849,13020.57,18426309,14364906,0
2022-09-22,1469,7356376,1260,6418964,28,591127,174,3416084,138,498448,357,3932105,13228,160411,15047,13154.86,18441356,14366413,0
2022-09-23,1732,7358108,1648,6420612,24,591151,252,3416336,145,498593,460,3932565,16949,177360,19250,13581,18460606,14368317,0
2022-09-24,799,7358907,888,6421500,8,591159,272,3416608,68,498661,359,3932924,7507,184867,8856,13644.43,18469462,14369326,0
2022-09-25,484,7359391,391,6421891,1,591160,72,3416680,47,498708,128,3933052,4508,189375,4995,13647,18474457,14369694,0
2022-09-26,1568,7360959,1244,6423135,16,591176,290,3416970,144,498852,492,3933544,15013,204388,16712,13817.71,18491169,14370959,0
2022-09-27,1531,7362490,1307,6424442,26,591202,283,3417253,172,499024,491,3934035,14158,218546,16149,13979.71,18507318,14372495,0
2022-09-28,1620,7364110,1292,6425734,18,591220,190,3417443,186,499210,430,3934465,15510,234056,17287,14042.29,18524605,14373896,0
2022-09-29,1671,7365781,1301,6427035,19,591239,178,3417621,96,499306,311,3934776,15375,249431,17224,14353.29,18541829,14375471,0
2022-09-30,1635,7367416,1548,6428583,13,591252,182,3417803,177,499483,405,3935181,16485,265916,18653,14268,18560482,14377280,0
2022-10-01,718,7368134,669,6429252,5,591257,138,3417941,34,499517,181,3935362,7053,272969,7942,14137.43,18568424,14377997,0
2022-10-02,511,7368645,427,6429679,5,591262,48,3417989,45,499562,107,3935469,4428,277397,4838,14115,18573262,14378314,0
2022-10-03,1550,7370195,1188,6430867,23,591285,156,3418145,113,499675,316,3935785,14572,291969,15976,14009.86,18589238,14379449,0
2022-10-04,1378,7371573,1156,6432023,15,591300,150,3418295,121,499796,299,3936084,13403,305372,14798,13816.86,18604036,14380573,0
2022-10-05,1587,7373160,1284,6433307,17,591317,284,3418579,163,499959,501,3936585,14867,320239,16692,13731.86,18620728,14381951,0
2022-10-06,1485,7374645,1248,6434555,19,591336,166,3418745,159,500118,384,3936969,14957,335196,16619,13645.43,18637347,14383288,0
2022-10-07,1660,7376305,1426,6435981,15,591351,171,3418916,136,500254,368,3937337,17112,352308,19074,13705.57,18656421,14384943,0
2022-10-08,760,7377065,680,6436661,4,591355,146,3419062,62,500316,225,3937562,7713,360021,8641,13805.43,18665062,14385663,0
2022-10-09,485,7377550,408,6437069,5,591360,47,3419109,55,500371,120,3937682,4694,364715,5119,13845.57,18670181,14385986,0
2022-10-10,1544,7379094,1253,6438322,14,591374,174,3419283,120,500491,333,3938015,15205,379920,16509,13921.71,18686690,14386996,0
2022-10-11,1635,7380729,1102,6439424,19,591393,181,3419464,152,500643,389,3938404,14321,394241,15855,14072.71,18702545,14388197,0
2022-10-12,1862,7382591,1324,6440748,17,591410,135,3419599,186,500829,387,3938791,16283,410524,17889,14243.71,18720434,14389482,0
2022-10-13,1612,7384203,1150,6441898,28,591438,136,3419735,201,501030,408,3939199,14037,424561,15574,14094.43,18736008,14390682,0
2022-10-14,1812,7386015,1538,6443436,25,591463,130,3419865,181,501211,364,3939563,17209,441770,19192,14111.29,18755200,14392354,0
2022-10-15,765,7386780,638,6444074,9,591472,91,3419956,68,501279,180,3939743,7617,449387,8475,14087.57,18763675,14393053,0
2022-10-16,564,7387344,410,6444484,3,591475,25,3419981,65,501344,121,3939864,4726,454113,5169,14094.71,18768844,14393406,0
2022-10-17,1815,7389159,1251,6445735,18,591493,83,3420064,116,501460,236,3940100,16073,470186,17394,14221.14,18786238,14394528,0
2022-10-18,1682,7390841,1172,6446907,20,591513,100,3420164,135,501595,282,3940382,14638,484824,16010,14243.29,18802248,14395665,0
2022-10-19,2086,7392927,1331,6448238,21,591534,84,3420248,142,501737,289,3940671,16232,501056,17705,14217,18819953,14396912,0
2022-10-20,1682,7394609,1168,6449406,11,591545,89,3420337,147,501884,303,3940974,15403,516459,16852,14399.57,18836805,14398125,0
2022-10-21,1799,7396408,1348,6450754,12,591557,92,3420429,150,502034,297,3941271,16738,533197,18407,14287.43,18855212,14399552,0
2022-10-22,740,7397148,668,6451422,9,591566,44,3420473,46,502080,100,3941371,7690,540887,8419,14279.43,18863631,14400191,0
2022-10-23,520,7397668,370,6451792,3,591569,21,3420494,39,502119,69,3941440,4804,545691,5081,14266.86,18868712,14400408,0
2022-10-24,1739,7399407,1207,6452999,19,591588,70,3420564,111,502230,223,3941663,15558,561249,16843,14188.14,18885555,14401512,0
2022-10-25,1659,7401066,1186,6454185,12,591600,95,3420659,109,502339,233,3941896,15039,576288,16344,14235.86,18901899,14402613,0
2022-10-26,1852,7402918,1331,6455516,11,591611,90,3420749,168,502507,334,3942230,16817,593105,18287,14319,18920186,14403825,0
2022-10-27,1580,7404498,1074,6456590,13,591624,91,3420840,127,502634,271,3942501,15116,608221,16414,14256.43,18936600,14404905,0
2022-10-28,1697,7406195,1426,6458016,17,591641,108,3420948,153,502787,320,3942821,16764,624985,18579,14281,18955179,14406459,0
2022-10-29,694,7406889,545,6458561,9,591650,69,3421017,58,502845,141,3942962,7748,632733,8418,14280.86,18963597,14407002,0
2022-10-30,519,7407408,306,6458867,3,591653,19,3421036,57,502902,92,3943054,4491,637224,4779,14237.71,18968376,14407214,0
2022-10-31,1674,7409082,1108,6459975,8,591661,48,3421084,126,503028,217,3943271,14595,651819,15541,14051.71,18983917,14407986,0
2022-11-01,1664,7410746,1021,6460996,18,591679,78,3421162,128,503156,238,3943509,13621,665440,14938,13850.86,18998855,14409097,0
2022-11-02,1731,7412477,1120,6462116,17,591696,90,3421252,123,503279,255,3943764,14875,680315,16147,13545.14,19015002,14410156,0
2022-11-03,1420,7413897,1033,6463149,14,591710,84,3421336,167,503446,328,3944092,12623,692938,13904,13186.57,19028906,14411186,0
2022-11-04,1735,7415632,1216,6464365,14,591724,101,3421437,139,503585,275,3944367,15433,708371,17031,12965.43,19045937,14412544,0
2022-11-05,824,7416456,529,6464894,6,591730,65,3421502,82,503667,161,3944528,7045,715416,7757,12871,19053694,14413109,0
2022-11-06,406,7416862,330,6465224,4,591734,20,3421522,49,503716,106,3944634,4072,719488,4412,12818.57,19058106,14413380,0
2022-11-07,1638,7418500,1065,6466289,14,591748,75,3421597,101,503817,213,3944847,13219,732707,14381,12652.86,19072487,14414366,0
2022-11-08,1530,7420030,1008,6467297,8,591756,97,3421694,132,503949,270,3945117,12069,744776,13333,12423.57,19085820,14415401,0
2022-11-09,1568,7421598,1056,6468353,9,591765,86,3421780,114,504063,247,3945364,12191,756967,13456,12039.14,19099276,14416466,0
2022-11-10,1483,7423081,1013,6469366,14,591779,73,3421853,147,504210,276,3945640,12353,769320,13629,11999.86,19112905,14417522,0
2022-11-11,1499,7424580,1073,6470439,11,591790,101,3421954,102,504312,224,3945864,12874,782194,14300,11609.71,19127205,14418745,0
2022-11-12,671,7425251,513,6470952,2,591792,57,3422011,61,504373,128,3945992,6429,788623,7048,11508.43,19134253,14419246,0
2022-11-13,495,7425746,339,6471291,4,591796,15,3422026,68,504441,98,3946090,3893,792516,4210,11479.57,19138463,14419480,0
2022-11-14,1440,7427186,1025,6472316,19,591815,59,3422085,113,504554,203,3946293,11629,804145,12742,11245.43,19151205,14420421,0
2022-11-15,1491,7428677,1000,6473316,15,591830,103,3422188,165,504719,294,3946587,11274,815419,12655,11148.57,19163860,14421534,0
2022-11-16,1597,7430274,1033,6474349,21,591851,66,3422254,146,504865,248,3946835,11563,826982,12811,11056.43,19176671,14422570,0
2022-11-17,1419,7431693,977,6475326,10,591861,72,3422326,189,505054,302,3947137,10538,837520,11867,10804.71,19188538,14423638,0
2022-11-18,1582,7433275,1103,6476429,12,591873,68,3422394,118,505172,216,3947353,12403,849923,13994,10761,19202532,14425043,0
2022-11-19,677,7433952,436,6476865,4,591877,57,3422451,63,505235,129,3947482,5911,855834,6568,10692.43,19209100,14425580,0
2022-11-20,475,7434427,303,6477168,4,591881,12,3422463,35,505270,64,3947546,3538,859372,3838,10639.29,19212938,14425833,0
2022-11-21,1516,7435943,920,6478088,4,591885,51,3422514,81,505351,149,3947695,10392,869764,11368,10443,19224306,14426677,0
2022-11-22,1269,7437212,816,6478904,7,591892,53,3422567,92,505443,163,3947858,9263,879027,10289,10105,19234595,14427558,0
2022-11-23,1290,7438502,733,6479637,11,591903,64,3422631,80,505523,170,3948028,8673,887700,9612,9648,19244207,14428353,0
2022-11-24,18,7438520,10,6479647,2,591905,0,3422631,6,505529,8,3948036,112,887812,137,7972.29,19244344,14428372,0
2022-11-25,679,7439199,475,6480122,14,591919,37,3422668,55,505584,111,3948147,5682,893494,6419,6890.14,19250763,14429017,0
2022-11-26,591,7439790,378,6480500,2,591921,15,3422683,43,505627,62,3948209,4896,898390,5331,6713.43,19256094,14429394,0
2022-11-27,396,7440186,219,6480719,1,591922,11,3422694,23,505650,49,3948258,3171,901561,3353,6644.14,19259447,14429542,0
2022-11-28,947,7441133,698,6481417,10,591932,59,3422753,65,505715,145,3948403,6950,908511,7918,6151.29,19267365,14430386,0
2022-11-29,925,7442058,709,6482126,8,591940,46,3422799,72,505787,144,3948547,6929,915440,7966,5819.43,19275331,14431305,0
2022-11-30,1209,7443267,866,6482992,16,591956,51,3422850,54,505841,124,3948671,8726,924166,9734,5836.86,19285065,14432208,0
2022-12-01,1128,7444395,770,6483762,13,591969,61,3422911,96,505937,183,3948854,8469,932635,9541,7180.29,19294606,14433123,0
2022-12-02,1314,7445709,971,6484733,14,591983,70,3422981,105,506042,195,3949049,10216,942851,11542,7912.14,19306148,14434274,0
2022-12-03,613,7446322,423,6485156,12,591995,42,3423023,42,506084,87,3949136,4951,947802,5477,7933,19311625,14434716,0
2022-12-04,418,7446740,284,6485440,4,591999,7,3423030,26,506110,40,3949176,3269,951071,3496,7953.43,19315121,14434910,0
2022-12-05,1161,7447901,766,6486206,15,592014,62,3423092,71,506181,149,3949325,8600,959671,9610,8195.14,19324731,14435787,0
2022-12-06,1163,7449064,766,6486972,13,592027,69,3423161,89,506270,176,3949501,8129,967800,9128,8361.14,19333859,14436628,0
2022-12-07,1207,7450271,752,6487724,12,592039,62,3423223,81,506351,163,3949664,8297,976097,9315,8301.29,19343174,14437503,0
2022-12-08,1101,7451372,741,6488465,14,592053,69,3423292,77,506428,166,3949830,8672,984769,9702,8324.29,19352876,14438387,0
2022-12-09,1229,7452601,974,6489439,13,592066,81,3423373,103,506531,210,3950040,10406,995175,11773,8357.29,19364649,14439570,0
2022-12-10,677,7453278,460,6489899,7,592073,36,3423409,74,506605,128,3950168,6145,1001320,6713,8533.86,19371362,14440028,0
2022-12-11,431,7453709,263,6490162,4,592077,11,3423420,35,506640,56,3950224,3683,1005003,3885,8589.43,19375247,14440184,0
2022-12-12,1335,7455044,802,6490964,19,592096,78,3423498,105,506745,209,3950433,9971,1014974,11019,8790.71,19386266,14441049,0
2022-12-13,1273,7456317,844,6491808,17,592113,54,3423552,101,506846,190,3950623,9695,1024669,10752,9022.71,19397018,14441951,0
2022-12-14,1194,7457511,830,6492638,12,592125,67,3423619,99,506945,193,3950816,9635,1034304,10616,9208.57,19407634,14442766,0
2022-12-15,1192,7458703,694,6493332,11,592136,60,3423679,109,507054,184,3951000,8445,1042749,9415,9167.57,19417049,14443567,0
2022-12-16,1203,7459906,804,6494136,12,592148,69,3423748,126,507180,217,3951217,9358,1052107,10533,8990.43,19427582,14444547,0
2022-12-17,651,7460557,464,6494600,8,592156,31,3423779,36,507216,80,3951297,5831,1057938,6305,8932.14,19433887,14444954,0
2022-12-18,439,7460996,231,6494831,2,592158,15,3423794,23,507239,48,3951345,3402,1061340,3609,8892.71,19437496,14445123,0
2022-12-19,1222,7462218,775,6495606,8,592166,56,3423850,84,507323,154,3951499,8907,1070247,9842,8724.57,19447338,14445918,0
2022-12-20,1208,7463426,762,6496368,18,592184,83,3423933,138,507461,277,3951776,8584,1078831,9717,8576.71,19457055,14446830,0
2022-12-21,1091,7464517,695,6497063,16,592200,54,3423987,95,507556,180,3951956,8283,1087114,9159,8368.57,19466214,14447557,0
2022-12-22,988,7465505,588,6497651,4,592204,44,3424031,73,507629,134,3952090,6940,1094054,7673,8119.71,19473887,14448173,0
2022-12-23,832,7466337,503,6498154,11,592215,41,3424072,58,507687,112,3952202,5915,1099969,6521,7546.57,19480408,14448680,0
2022-12-24,190,7466527,113,6498267,1,592216,2,3424074,15,507702,20,3952222,1378,1101347,1497,6859.71,19481905,14448782,0
2022-12-25,8,7466535,3,6498270,0,592216,2,3424076,0,507702,2,3952224,29,1101376,37,6349.43,19481942,14448788,0
2022-12-26,572,7467107,269,6498539,16,592232,19,3424095,22,507724,44,3952268,3306,1104682,3617,5460.14,19485559,14449058,0
2022-12-27,1085,7468192,607,6499146,13,592245,56,3424151,60,507784,125,3952393,7236,1111918,8036,5220,19493595,14449742,0
2022-12-28,1062,7469254,562,6499708,8,592253,58,3424209,64,507848,132,3952525,6988,1118906,7784,5023.57,19501379,14450416,0
2022-12-29,1013,7470267,585,6500293,9,592262,50,3424259,90,507938,163,3952688,6593,1125499,7425,4988.14,19508804,14451108,0
2022-12-30,950,7471217,538,6500831,9,592271,49,3424308,50,507988,109,3952797,6133,1131632,6859,5036.43,19515663,14451735,0
2022-12-31,307,7471524,168,6500999,4,592275,17,3424325,10,507998,30,3952827,1813,1133445,1991,5107,19517654,14451886,0
2023-01-01,20,7471544,9,6501008,0,592275,3,3424328,5,508003,8,3952835,59,1133504,87,5114.14,19517741,14451906,0
2023-01-02,654,7472198,329,6501337,10,592285,14,3424342,24,508027,44,3952879,3655,1137159,4003,5169.29,19521744,14452216,0
2023-01-03,968,7473166,594,6501931,9,592294,41,3424383,58,508085,111,3952990,5480,1142639,6270,4917,19528014,14452907,0
2023-01-04,1106,7474272,677,6502608,17,592311,52,3424435,63,508148,133,3953123,6179,1148818,7059,4813.43,19535073,14453672,0
2023-01-05,1009,7475281,590,6503198,23,592334,36,3424471,89,508237,144,3953267,5768,1154586,6701,4710,19541774,14454480,0
2023-01-06,1052,7476333,779,6503977,17,592351,49,3424520,81,508318,141,3953408,6500,1161086,7551,4808.86,19549325,14455401,0
2023-01-07,601,7476934,430,6504407,8,592359,23,3424543,34,508352,63,3953471,4454,1165540,4914,5226.43,19554239,14455804,0
2023-01-08,375,7477309,246,6504653,4,592363,12,3424555,29,508381,45,3953516,2560,1168100,2770,5609.71,19557009,14455973,0
2023-01-09,955,7478264,582,6505235,17,592380,52,3424607,41,508422,102,3953618,5608,1173708,6451,5959.43,19563460,14456723,0
2023-01-10,860,7479124,645,6505880,8,592388,49,3424656,85,508507,151,3953769,5342,1179050,6252,5956.86,19569712,14457499,0
2023-01-11,879,7480003,550,6506430,21,592409,46,3424702,68,508575,137,3953906,5166,1184216,5979,5802.57,19575691,14458198,0
2023-01-12,778,7480781,495,6506925,24,592433,54,3424756,120,508695,197,3954103,4536,1188752,5481,5628.29,19581172,14458969,0
2023-01-13,800,7481581,557,6507482,11,592444,69,3424825,58,508753,143,3954246,5377,1194129,6266,5444.71,19587438,14459731,0
2023-01-14,510,7482091,280,6507762,10,592454,27,3424852,31,508784,60,3954306,3229,1197358,3634,5261.86,19591072,14460078,0
2023-01-15,285,7482376,152,6507914,6,592460,16,3424868,23,508807,54,3954360,1793,1199151,1998,5151.57,19593070,14460244,0
2023-01-16,500,7482876,308,6508222,11,592471,32,3424900,27,508834,64,3954424,2776,1201927,3213,4689,19596283,14460622,0
2023-01-17,804,7483680,476,6508698,19,592490,49,3424949,73,508907,135,3954559,3832,1205759,4700,4467.29,19600983,14461368,0
2023-01-18,800,7484480,478,6509176,16,592506,48,3424997,61,508968,116,3954675,3733,1209492,4540,4261.71,19605523,14462066,0
2023-01-19,658,7485138,430,6509606,6,592512,50,3425047,34,509002,103,3954778,3168,1212660,3915,4038,19609438,14462729,0
2023-01-20,707,7485845,489,6510095,23,592535,40,3425087,39,509041,86,3954864,3746,1216406,4532,3790.29,19613970,14463436,0
2023-01-21,370,7486215,195,6510290,12,592547,20,3425107,12,509053,33,3954897,1894,1218300,2204,3586,19616174,14463714,0
2023-01-22,226,7486441,62,6510352,5,592552,0,3425107,2,509055,3,3954900,863,1219163,969,3439,19617143,14463818,0
2023-01-23,642,7487083,329,6510681,12,592564,14,3425121,45,509100,66,3954966,2707,1221870,3370,3461.43,19620513,14464422,0
2023-01-24,576,7487659,393,6511074,17,592581,38,3425159,34,509134,85,3955051,3058,1224928,3710,3320,19624223,14465002,0
2023-01-25,602,7488261,364,6511438,21,592602,32,3425191,41,509175,85,3955136,2708,1227636,3385,3155,19627608,14465606,0
2023-01-26,557,7488818,353,6511791,18,592620,35,3425226,51,509226,102,3955238,2696,1230332,3359,3075.57,19630967,14466183,0
2023-01-27,565,7489383,437,6512228,11,592631,35,3425261,49,509275,91,3955329,2820,1233152,3558,2936.43,19634525,14466837,0
2023-01-28,359,7489742,187,6512415,5,592636,24,3425285,39,509314,70,3955399,1589,1234741,1927,2896.86,19636452,14467112,0
2023-01-29,237,7489979,117,6512532,3,592639,13,3425298,10,509324,27,3955426,991,1235732,1144,2921.86,19637596,14467242,0
2023-01-30,600,7490579,401,6512933,18,592657,40,3425338,36,509360,79,3955505,2504,1238236,3227,2901.43,19640823,14467889,0
2023-01-31,512,7491091,356,6513289,12,592669,31,3425369,49,509409,92,3955597,2438,1240674,3069,2809.86,19643892,14468440,0
2023-02-01,485,7491576,340,6513629,16,592685,40,3425409,44,509453,92,3955689,2327,1243001,2973,2751,19646865,14469002,0
2023-02-02,462,7492038,350,6513979,13,592698,34,3425443,35,509488,77,3955766,2156,1245157,2778,2668,19649643,14469555,0
2023-02-03,543,7492581,394,6514373,14,592712,27,3425470,35,509523,69,3955835,2363,1247520,3068,2598,19652711,14470198,0
2023-02-04,243,7492824,158,6514531,12,592724,14,3425484,16,509539,31,3955866,1141,1248661,1404,2523.29,19654115,14470431,0
2023-02-05,201,7493025,97,6514628,0,592724,3,3425487,16,509555,21,3955887,855,1249516,975,2499.14,19655090,14470532,0
2023-02-06,598,7493623,313,6514941,9,592733,29,3425516,27,509582,65,3955952,2253,1251769,2830,2442.43,19657920,14471053,0
2023-02-07,480,7494103,362,6515303,5,592738,28,3425544,35,509617,71,3956023,2337,1254106,2937,2423.57,19660857,14471590,0
2023-02-08,455,7494558,321,6515624,4,592742,27,3425571,36,509653,69,3956092,2316,1256422,2880,2410.29,19663737,14472091,0
2023-02-09,477,7495035,347,6515971,3,592745,39,3425610,46,509699,99,3956191,2057,1258479,2712,2400.86,19666449,14472661,0
2023-02-10,496,7495531,389,6516360,2,592747,30,3425640,33,509732,87,3956278,2278,1260757,2968,2386.57,19669417,14473288,0
2023-02-11,294,7495825,197,6516557,7,592754,22,3425662,25,509757,48,3956326,1345,1262102,1663,2423.57,19671080,14473559,0
2023-02-12,184,7496009,81,6516638,0,592754,6,3425668,0,509757,10,3956336,707,1262809,820,2401.43,19671900,14473666,0
2023-02-13,443,7496452,292,6516930,4,592758,21,3425689,26,509783,51,3956387,1759,1264568,2321,2328.71,19674221,14474181,0
2023-02-14,401,7496853,272,6517202,6,592764,30,3425719,22,509805,57,3956444,1695,1266263,2226,2227.14,19676447,14474660,0
2023-02-15,405,7497258,290,6517492,10,592774,24,3425743,28,509833,64,3956508,1746,1268009,2264,2139.14,19678711,14475126,0
2023-02-16,361,7497619,244,6517736,6,592780,26,3425769,19,509852,50,3956558,1629,1269638,2106,2052.57,19680817,14475558,0
2023-02-17,398,7498017,312,6518048,6,592786,24,3425793,32,509884,63,3956621,1696,1271334,2267,1952.43,19683084,14476073,0
2023-02-18,199,7498216,117,6518165,5,592791,13,3425806,4,509888,18,3956639,1005,1272339,1191,1885,19684275,14476242,0
2023-02-19,120,7498336,55,6518220,2,592793,6,3425812,6,509894,14,3956653,540,1272879,611,1855.14,19684886,14476301,0
2023-02-20,315,7498651,160,6518380,3,592796,10,3425822,17,509911,28,3956681,1160,1274039,1426,1727.29,19686312,14476540,0
2023-02-21,378,7499029,286,6518666,5,592801,25,3425847,34,509945,64,3956745,1535,1275574,2073,1705.43,19688385,14477019,0
2023-02-22,406,7499435,278,6518944,8,592809,39,3425886,26,509971,69,3956814,1641,1277215,2181,1693.57,19690566,14477494,0
2023-02-23,388,7499823,252,6519196,10,592819,26,3425912,31,510002,71,3956885,1480,1278695,2025,1682,19692591,14477982,0
2023-02-24,366,7500189,324,6519520,4,592823,30,3425942,26,510028,63,3956948,1738,1280433,2298,1686.43,19694889,14478486,0
2023-02-25,163,7500352,123,6519643,2,592825,9,3425951,13,510041,24,3956972,778,1281211,973,1655.29,19695862,14478659,0
2023-02-26,92,7500444,49,6519692,0,592825,8,3425959,5,510046,17,3956989,472,1281683,539,1645,19696401,14478713,0
2023-02-27,376,7500820,300,6519992,4,592829,32,3425991,20,510066,55,3957044,1492,1283175,2012,1728.71,19698413,14479181,0
2023-02-28,356,7501176,239,6520231,8,592837,30,3426021,27,510093,62,3957106,1334,1284509,1817,1692.14,19700230,14479607,0
2023-03-01,387,7501563,291,6520522,7,592844,25,3426046,20,510113,51,3957157,1444,1285953,1982,1663.71,19702212,14480100,0
2023-03-02,375,7501938,293,6520815,11,592855,20,3426066,23,510136,50,3957207,1331,1287284,1876,1642.43,19704088,14480602,0
2023-03-03,404,7502342,316,6521131,10,592865,26,3426092,25,510161,58,3957265,1601,1288885,2194,1627.57,19706282,14481144,0
2023-03-04,199,7502541,123,6521254,4,592869,10,3426102,16,510177,28,3957293,799,1289684,1033,1636.14,19707315,14481352,0
2023-03-05,125,7502666,60,6521314,2,592871,4,3426106,6,510183,14,3957307,464,1290148,558,1638.86,19707873,14481436,0
2023-03-06,408,7503074,264,6521578,12,592883,22,3426128,16,510199,41,3957348,1386,1291534,1895,1622.14,19709768,14481907,0
2023-03-07,362,7503436,244,6521822,6,592889,22,3426150,30,510229,61,3957409,1306,1292840,1772,1615.71,19711540,14482321,0
2023-03-08,370,7503806,244,6522066,3,592892,35,3426185,30,510259,69,3957478,1353,1294193,1849,1596.71,19713389,14482752,0
2023-03-09,360,7504166,244,6522310,4,592896,16,3426201,24,510283,46,3957524,1265,1295458,1752,1579,19715141,14483199,0
2023-03-10,303,7504469,282,6522592,3,592899,10,3426211,20,510303,38,3957562,1397,1296855,1852,1530.14,19716993,14483624,0
2023-03-11,187,7504656,88,6522680,3,592902,18,3426229,4,510307,23,3957585,687,1297542,872,1507.14,19717865,14483787,0
2023-03-12,109,7504765,47,6522727,1,592903,4,3426233,7,510314,17,3957602,435,1297977,517,1501.29,19718382,14483858,0
2023-03-13,333,7505098,201,6522928,7,592910,11,3426244,13,510327,25,3957627,1127,1299104,1522,1448,19719904,14484229,0
2023-03-14,285,7505383,183,6523111,5,592915,15,3426259,11,510338,32,3957659,1065,1300169,1417,1397.29,19721321,14484555,0
2023-03-15,329,7505712,270,6523381,3,592918,9,3426268,13,510351,23,3957682,1231,1301400,1680,1373.14,19723001,14484982,0
2023-03-16,302,7506014,246,6523627,9,592927,14,3426282,15,510366,35,3957717,1164,1302564,1592,1350.29,19724593,14485381,0
2023-03-17,327,7506341,266,6523893,5,592932,20,3426302,8,510374,29,3957746,1277,1303841,1709,1329.86,19726302,14485785,0
2023-03-18,158,7506499,100,6523993,2,592934,8,3426310,5,510379,14,3957760,671,1304512,840,1325.29,19727142,14485941,0
2023-03-19,114,7506613,56,6524049,1,592935,3,3426313,3,510382,9,3957769,366,1304878,451,1315.86,19727593,14486020,0
2023-03-20,343,7506956,214,6524263,7,592942,29,3426342,15,510397,45,3957814,1219,1306097,1617,1329.43,19729210,14486374,0
2023-03-21,342,7507298,191,6524454,7,592949,23,3426365,18,510415,43,3957857,1126,1307223,1534,1346.14,19730744,14486741,0
2023-03-22,316,7507614,226,6524680,6,592955,12,3426377,11,510426,25,3957882,1131,1308354,1530,1324.71,19732274,14487117,0
2023-03-23,272,7507886,203,6524883,1,592956,21,3426398,12,510438,37,3957919,1017,1309371,1413,1299.14,19733687,14487480,0
2023-03-24,312,7508198,256,6525139,8,592964,19,3426417,19,510457,41,3957960,1129,1310500,1594,1282.71,19735281,14487907,0
2023-03-25,131,7508329,117,6525256,1,592965,9,3426426,9,510466,18,3957978,592,1311092,741,1268.57,19736022,14488038,0
2023-03-26,92,7508421,44,6525300,2,592967,4,3426430,4,510470,9,3957987,389,1311481,451,1268.57,19736473,14488092,0
2023-03-27,283,7508704,233,6525533,3,592970,14,3426444,11,510481,26,3958013,1012,1312493,1408,1238.71,19737881,14488463,0
2023-03-28,283,7508987,182,6525715,10,592980,20,3426464,9,510490,32,3958045,1018,1313511,1373,1215.71,19739254,14488789,0
2023-03-29,298,7509285,187,6525902,5,592985,13,3426477,9,510499,22,3958067,1076,1314587,1435,1202.14,19740689,14489126,0
2023-03-30,258,7509543,185,6526087,2,592987,17,3426494,10,510509,31,3958098,978,1315565,1325,1189.57,19742014,14489446,0
2023-03-31,296,7509839,260,6526347,7,592994,23,3426517,20,510529,44,3958142,1031,1316596,1493,1175.14,19743507,14489865,0
2023-04-01,122,7509961,66,6526413,3,592997,8,3426525,5,510534,15,3958157,528,1317124,659,1163.43,19744166,14489983,0
2023-04-02,92,7510053,35,6526448,0,592997,5,3426530,3,510537,10,3958167,273,1317397,340,1147.57,19744506,14490042,0
2023-04-03,276,7510329,157,6526605,8,593005,19,3426549,15,510552,40,3958207,893,1318290,1213,1119.71,19745719,14490328,0
2023-04-04,284,7510613,192,6526797,3,593008,13,3426562,10,510562,26,3958233,870,1319160,1223,1098.29,19746942,14490658,0
2023-04-05,269,7510882,155,6526952,8,593016,17,3426579,7,510569,27,3958260,989,1320149,1283,1076.57,19748225,14490928,0
2023-04-06,343,7511225,161,6527113,9,593025,17,3426596,5,510574,22,3958282,985,1321134,1320,1075.86,19749545,14491241,0
2023-04-07,246,7511471,146,6527259,5,593030,12,3426608,8,510582,20,3958302,752,1321886,1048,1012.29,19750593,14491517,0
2023-04-08,172,7511643,105,6527364,1,593031,5,3426613,10,510592,16,3958318,554,1322440,696,1017.57,19751289,14491644,0
2023-04-09,68,7511711,23,6527387,0,593031,0,3426613,4,510596,4,3958322,204,1322644,246,1004.14,19751535,14491682,0
2023-04-10,284,7511995,180,6527567,6,593037,19,3426632,9,510605,28,3958350,890,1323534,1217,1004.71,19752752,14491981,0
2023-04-11,272,7512267,153,6527720,5,593042,15,3426647,9,510614,28,3958378,913,1324447,1218,1004,19753970,14492262,0
2023-04-12,288,7512555,164,6527884,5,593047,15,3426662,8,510622,25,3958403,826,1325273,1176,988.71,19755146,14492589,0
2023-04-13,249,7512804,137,6528021,8,593055,13,3426675,7,510629,21,3958424,844,1326117,1148,964.14,19756294,14492873,0
2023-04-14,242,7513046,198,6528219,2,593057,6,3426681,10,510639,18,3958442,853,1326970,1179,982.86,19757473,14493183,0
2023-04-15,121,7513167,95,6528314,6,593063,3,3426684,7,510646,11,3958453,408,1327378,556,962.86,19758029,14493321,0
2023-04-16,76,7513243,31,6528345,0,593063,0,3426684,1,510647,1,3958454,266,1327644,307,971.57,19758336,14493361,0
2023-04-17,231,7513474,140,6528485,3,593066,7,3426691,3,510650,11,3958465,713,1328357,994,939.71,19759330,14493632,0
2023-04-18,217,7513691,127,6528612,6,593072,9,3426700,10,510660,22,3958487,754,1329111,984,906.29,19760314,14493843,0
2023-04-19,198,7513889,112,6528724,5,593077,7,3426707,9,510669,16,3958503,923,1330034,1080,892.57,19761394,14493984,0
2023-04-20,231,7514120,140,6528864,2,593079,14,3426721,19,510688,38,3958541,1277,1331311,1444,934.86,19762838,14494118,0
2023-04-21,232,7514352,135,6528999,6,593085,14,3426735,9,510697,29,3958570,1757,1333068,1882,1035.29,19764720,14494220,0
2023-04-22,107,7514459,58,6529057,3,593088,8,3426743,4,510701,13,3958583,946,1334014,1010,1100.14,19765730,14494272,0
2023-04-23,73,7514532,46,6529103,1,593089,1,3426744,2,510703,4,3958587,601,1334615,628,1146,19766358,14494296,0
2023-04-24,236,7514768,147,6529250,2,593091,11,3426755,7,510710,22,3958609,1790,1336405,1899,1275.29,19768257,14494387,0
2023-04-25,246,7515014,140,6529390,6,593097,12,3426767,11,510721,27,3958636,1787,1338192,1890,1404.71,19770147,14494467,0
2023-04-26,221,7515235,128,6529518,5,593102,7,3426774,5,510726,21,3958657,1649,1339841,1725,1496.86,19771872,14494531,0
2023-04-27,280,7515515,159,6529677,1,593103,11,3426785,17,510743,45,3958702,1810,1341651,1913,1563.86,19773785,14494606,0
2023-04-28,251,7515766,174,6529851,2,593105,11,3426796,16,510759,35,3958737,2026,1343677,2114,1597,19775899,14494667,0
2023-04-29,142,7515908,63,6529914,2,593107,5,3426801,6,510765,12,3958749,910,1344587,967,1590.86,19776866,14494713,0
2023-04-30,97,7516005,27,6529941,1,593108,6,3426807,3,510768,10,3958759,546,1345133,567,1582.14,19777433,14494725,0
2023-05-01,309,7516314,152,6530093,2,593110,12,3426819,9,510777,23,3958782,1917,1347050,2009,1597.86,19779442,14494796,0
2023-05-02,251,7516565,137,6530230,3,593113,11,3426830,6,510783,21,3958803,1771,1348821,1826,1588.71,19781268,14494834,0
2023-05-03,257,7516822,142,6530372,1,593114,14,3426844,10,510793,26,3958829,1739,1350560,1816,1601.71,19783084,14494887,0
2023-05-04,238,7517060,155,6530527,0,593114,13,3426857,8,510801,28,3958857,1975,1352535,2048,1621,19785132,14494939,0
2023-05-05,303,7517363,157,6530684,1,593115,6,3426863,11,510812,19,3958876,2119,1354654,2172,1629.29,19787304,14494975,0
2023-05-06,132,7517495,74,6530758,0,593115,13,3426876,8,510820,24,3958900,962,1355616,1025,1637.57,19788329,14495017,0
2023-05-07,77,7517572,34,6530792,0,593115,0,3426876,6,510826,7,3958907,626,1356242,641,1648.14,19788970,14495026,0
2023-05-08,266,7517838,141,6530933,0,593115,8,3426884,10,510836,19,3958926,1990,1358232,2045,1653.29,19791015,14495063,0
2023-05-09,259,7518097,122,6531055,0,593115,5,3426889,4,510840,18,3958944,1743,1359975,1786,1647.57,19792801,14495097,0
2023-05-10,245,7518342,123,6531178,1,593116,6,3426895,13,510853,26,3958970,1887,1361862,1950,1666.71,19794751,14495141,0
2023-05-11,228,7518570,127,6531305,1,593117,11,3426906,23,510876,41,3959011,1816,1363678,1891,1644.29,19796642,14495182,0
2023-05-12,166,7518736,122,6531427,1,593118,5,3426911,10,510886,26,3959037,1555,1365233,1599,1562.43,19798241,14495211,0
2023-05-13,98,7518834,48,6531475,0,593118,1,3426912,4,510890,8,3959045,700,1365933,725,1519.57,19798966,14495231,0
2023-05-14,59,7518893,21,6531496,0,593118,2,3426914,0,510890,3,3959048,363,1366296,373,1481.29,19799339,14495239,0
2023-05-15,210,7519103,120,6531616,0,593118,4,3426918,8,510898,18,3959066,1448,1367744,1508,1404.57,19800847,14495287,0
2023-05-16,250,7519353,100,6531716,0,593118,6,3426924,7,510905,15,3959081,1347,1369091,1397,1349,19802244,14495324,0
2023-05-17,210,7519563,101,6531817,0,593118,4,3426928,4,510909,12,3959093,1406,1370497,1452,1277.86,19803696,14495362,0
2023-05-18,221,7519784,99,6531916,0,593118,12,3426940,13,510922,32,3959125,1255,1371752,1317,1195.86,19805013,14495399,0
2023-05-19,194,7519978,121,6532037,0,593118,9,3426949,10,510932,28,3959153,1491,1373243,1542,1187.71,19806555,14495431,0
2023-05-20,126,7520104,39,6532076,0,593118,4,3426953,5,510937,10,3959163,685,1373928,714,1186.14,19807269,14495451,0
2023-05-21,62,7520166,16,6532092,0,593118,2,3426955,1,510938,4,3959167,350,1374278,360,1184.29,19807629,14495458,0
2023-05-22,222,7520388,93,6532185,0,593118,4,3426959,3,510941,7,3959174,1301,1375579,1327,1158.43,19808956,14495477,0
2023-05-23,213,7520601,101,6532286,0,593118,12,3426971,5,510946,20,3959194,1240,1376819,1298,1144.29,19810254,14495518,0
2023-05-24,218,7520819,117,6532403,2,593120,11,3426982,8,510954,25,3959219,1223,1378042,1276,1119.14,19811530,14495552,0
2023-05-25,186,7521005,90,6532493,1,593121,4,3426986,6,510960,15,3959234,1200,1379242,1230,1106.71,19812760,14495572,0
2023-05-26,180,7521185,129,6532622,0,593121,8,3426994,6,510966,17,3959251,1224,1380466,1271,1068,19814031,14495605,0
2023-05-27,108,7521293,44,6532666,0,593121,5,3426999,6,510972,15,3959266,532,1380998,564,1046.57,19814595,14495626,0
2023-05-28,52,7521345,13,6532679,1,593122,0,3426999,0,510972,0,3959266,309,1381307,314,1040,19814909,14495631,0
2023-05-29,11,7521356,5,6532684,0,593122,1,3427000,0,510972,1,3959267,61,1381368,65,859.71,19814974,14495634,0
2023-05-30,221,7521577,104,6532788,0,593122,4,3427004,2,510974,8,3959275,1235,1382603,1266,855.14,19816240,14495659,0
2023-05-31,182,7521759,107,6532895,0,593122,8,3427012,2,510976,13,3959288,1116,1383719,1145,836.43,19817385,14495678,0
2023-06-01,182,7521941,83,6532978,1,593123,1,3427013,6,510982,8,3959296,1153,1384872,1175,828.57,19818560,14495693,0
2023-06-02,228,7522169,94,6533072,0,593123,8,3427021,2,510984,10,3959306,1160,1386032,1190,817,19819750,14495713,0
2023-06-03,89,7522258,33,6533105,0,593123,1,3427022,0,510984,1,3959307,547,1386579,562,816.71,19820312,14495727,0
2023-06-04,66,7522324,14,6533119,0,593123,2,3427024,3,510987,5,3959312,304,1386883,315,816.86,19820627,14495733,0
2023-06-05,202,7522526,88,6533207,0,593123,4,3427028,4,510991,12,3959324,1104,1387987,1136,969.86,19821763,14495757,0
2023-06-06,168,7522694,93,6533300,0,593123,8,3427036,3,510994,13,3959337,1004,1388991,1029,936,19822792,14495771,0
2023-06-07,174,7522868,93,6533393,2,593125,7,3427043,7,511001,15,3959352,971,1389962,1001,915.43,19823793,14495787,0
2023-06-08,177,7523045,73,6533466,1,593126,4,3427047,10,511011,14,3959366,817,1390779,848,868.71,19824641,14495804,0
2023-06-09,165,7523210,97,6533563,0,593126,11,3427058,10,511021,24,3959390,1012,1391791,1052,849,19825693,14495823,0
2023-06-10,113,7523323,33,6533596,0,593126,2,3427060,2,511023,5,3959395,419,1392210,441,831.71,19826134,14495841,0
2023-06-11,53,7523376,13,6533609,0,593126,0,3427060,0,511023,0,3959395,251,1392461,257,823.43,19826391,14495847,0
2023-06-12,165,7523541,81,6533690,1,593127,8,3427068,1,511024,11,3959406,961,1393422,981,801.29,19827372,14495858,0
2023-06-13,173,7523714,84,6533774,0,593127,1,3427069,3,511027,4,3959410,912,1394334,926,786.57,19828298,14495868,0
2023-06-14,167,7523881,97,6533871,0,593127,9,3427078,1,511028,11,3959421,1005,1395339,1035,791.43,19829333,14495888,0
2023-06-15,157,7524038,82,6533953,2,593129,7,3427085,3,511031,11,3959432,959,1396298,980,810.29,19830313,14495899,0
2023-06-16,204,7524242,82,6534035,0,593129,3,3427088,0,511031,4,3959436,905,1397203,925,792.14,19831238,14495916,0
2023-06-17,80,7524322,22,6534057,0,593129,2,3427090,2,511033,5,3959441,399,1397602,412,788,19831650,14495925,0
2023-06-18,58,7524380,16,6534073,0,593129,1,3427091,0,511033,1,3959442,224,1397826,229,784,19831879,14495929,0
2023-06-19,98,7524478,34,6534107,0,593129,2,3427093,2,511035,5,3959447,629,1398455,637,734.86,19832516,14495933,0
2023-06-20,167,7524645,88,6534195,1,593130,5,3427098,1,511036,6,3959453,905,1399360,918,733.71,19833434,14495940,0
2023-06-21,156,7524801,74,6534269,0,593130,10,3427108,1,511037,12,3959465,873,1400233,899,714.29,19834333,14495955,0
2023-06-22,186,7524987,51,6534320,0,593130,5,3427113,2,511039,7,3959472,814,1401047,830,692.86,19835163,14495964,0
2023-06-23,150,7525137,75,6534395,0,593130,5,3427118,0,511039,7,3959479,790,1401837,804,675.57,19835967,14495973,0
2023-06-24,64,7525201,26,6534421,0,593130,1,3427119,3,511042,5,3959484,327,1402164,341,665.43,19836308,14495983,0
2023-06-25,38,7525239,10,6534431,0,593130,1,3427120,5,511047,6,3959490,173,1402337,194,660.43,19836502,14495998,0
2023-06-26,132,7525371,60,6534491,1,593131,9,3427129,1,511048,11,3959501,766,1403103,793,682.71,19837295,14496015,0
2023-06-27,128,7525499,61,6534552,0,593131,6,3427135,0,511048,7,3959508,709,1403812,728,655.57,19838023,14496028,0
2023-06-28,153,7525652,66,6534618,0,593131,7,3427142,2,511050,9,3959517,806,1404618,826,645.14,19838849,14496039,0
2023-06-29,159,7525811,62,6534680,0,593131,3,3427145,5,511055,8,3959525,749,1405367,769,636.43,19839618,14496051,0
2023-06-30,166,7525977,66,6534746,0,593131,3,3427148,4,511059,8,3959533,688,1406055,703,622,19840321,14496059,0
2023-07-01,55,7526032,26,6534772,0,593131,2,3427150,0,511059,2,3959535,286,1406341,299,616,19840620,14496070,0
2023-07-02,37,7526069,8,6534780,0,593131,0,3427150,0,511059,0,3959535,162,1406503,168,612.29,19840788,14496076,0
2023-07-03,122,7526191,51,6534831,0,593131,8,3427158,2,511061,10,3959545,571,1407074,588,583,19841376,14496083,0
2023-07-04,1,7526192,2,6534833,1,593132,0,3427158,0,511061,0,3959545,9,1407083,10,480.43,19841386,14496084,0
2023-07-05,139,7526331,48,6534881,1,593133,6,3427164,0,511061,6,3959551,607,1407690,616,450.43,19842002,14496087,0
2023-07-06,145,7526476,53,6534934,0,593133,6,3427170,2,511063,8,3959559,613,1408303,631,430.71,19842633,14496097,0
2023-07-07,158,7526634,76,6535010,0,593133,4,3427174,1,511064,6,3959565,684,1408987,693,429.29,19843326,14496101,0
2023-07-08,78,7526712,21,6535031,0,593133,1,3427175,4,511068,6,3959571,257,1409244,276,426,19843602,14496115,0
2023-07-09,23,7526735,7,6535038,0,593133,0,3427175,0,511068,0,3959571,115,1409359,115,418.43,19843717,14496115,0
2023-07-10,148,7526883,58,6535096,1,593134,3,3427178,1,511069,5,3959576,614,1409973,639,425.71,19844356,14496136,0
2023-07-11,129,7527012,64,6535160,0,593134,5,3427183,2,511071,7,3959583,606,1410579,622,513.14,19844978,14496145,0
2023-07-12,154,7527166,63,6535223,0,593134,2,3427185,1,511072,3,3959586,654,1411233,665,520.14,19845643,14496153,0
2023-07-13,127,7527293,43,6535266,0,593134,3,3427188,3,511075,7,3959593,502,1411735,515,503.57,19846158,14496160,0
2023-07-14,141,7527434,66,6535332,0,593134,4,3427192,2,511077,8,3959601,605,1412340,622,493.43,19846780,14496171,0
2023-07-15,77,7527511,17,6535349,0,593134,1,3427193,2,511079,3,3959604,243,1412583,256,490.57,19847036,14496181,0
2023-07-16,38,7527549,4,6535353,0,593134,0,3427193,0,511079,0,3959604,113,1412696,113,490.29,19847149,14496181,0
2023-07-17,136,7527685,54,6535407,0,593134,1,3427194,1,511080,3,3959607,558,1413254,570,480.43,19847719,14496191,0
2023-07-18,126,7527811,60,6535467,0,593134,4,3427198,2,511082,6,3959613,520,1413774,532,467.57,19848251,14496197,0
2023-07-19,113,7527924,70,6535537,1,593135,2,3427200,4,511086,6,3959619,545,1414319,562,452.86,19848813,14496208,0
2023-07-20,155,7528079,52,6535589,0,593135,12,3427212,3,511089,17,3959636,517,1414836,548,457.57,19849361,14496224,0
2023-07-21,139,7528218,70,6535659,0,593135,1,3427213,0,511089,2,3959638,576,1415412,581,451.71,19849942,14496228,0
2023-07-22,79,7528297,19,6535678,0,593135,3,3427216,0,511089,3,3959641,193,1415605,230,448,19850172,14496262,0
2023-07-23,30,7528327,11,6535689,0,593135,1,3427217,0,511089,1,3959642,101,1415706,102,446.43,19850274,14496262,0
2023-07-24,152,7528479,41,6535730,0,593135,7,3427224,0,511089,8,3959650,569,1416275,579,447.71,19850853,14496265,0
2023-07-25,103,7528582,33,6535763,0,593135,0,3427224,1,511090,1,3959651,449,1416724,454,436.57,19851307,14496269,0
2023-07-26,137,7528719,52,6535815,1,593136,6,3427230,2,511092,8,3959659,527,1417251,549,434.71,19851856,14496283,0
2023-07-27,131,7528850,47,6535862,1,593137,6,3427236,1,511093,7,3959666,484,1417735,498,427.57,19852354,14496290,0
2023-07-28,116,7528966,59,6535921,0,593137,2,3427238,2,511095,4,3959670,474,1418209,485,413.86,19852839,14496297,0
2023-07-29,56,7529022,12,6535933,0,593137,0,3427238,4,511099,4,3959674,210,1418419,225,413.14,19853064,14496308,0
2023-07-30,37,7529059,15,6535948,0,593137,1,3427239,0,511099,1,3959675,151,1418570,154,420.57,19853218,14496310,0
2023-07-31,142,7529201,69,6536017,0,593137,1,3427240,2,511101,4,3959679,580,1419150,599,423.43,19853817,14496326,0
2023-08-01,120,7529321,56,6536073,0,593137,2,3427242,2,511103,4,3959683,548,1419698,555,437.86,19854372,14496329,0
2023-08-02,149,7529470,46,6536119,0,593137,1,3427243,2,511105,3,3959686,540,1420238,553,438.43,19854925,14496339,0
2023-08-03,117,7529587,61,6536180,0,593137,4,3427247,1,511106,5,3959691,516,1420754,525,442.29,19855450,14496343,0
2023-08-04,120,7529707,52,6536232,0,593137,1,3427248,1,511107,3,3959694,616,1421370,625,462.29,19856075,14496350,120000
2023-08-05,75,7529782,7,6536239,0,593137,5,3427253,2,511109,8,3959702,294,1421664,311,474.57,19856386,14496360,120000
2023-08-06,38,7529820,5,6536244,0,593137,1,3427254,0,511109,1,3959703,166,1421830,167,476.43,19856553,14496360,120000
2023-08-07,199,7530019,53,6536297,0,593137,3,3427257,3,511112,8,3959711,715,1422545,728,494.86,19857281,14496367,120000
2023-08-08,187,7530206,60,6536357,1,593138,6,3427263,1,511113,7,3959718,699,1423244,717,518,19857998,14496378,120000
2023-08-09,165,7530371,50,6536407,0,593138,6,3427269,3,511116,9,3959727,686,1423930,707,540,19858705,14496390,120000
2023-08-10,70,7530441,19,6536426,0,593138,1,3427270,0,511116,1,3959728,247,1424177,254,501.29,19858959,14496396,120000
