"DATE","ADMIN_DOSE1_DAILY","ADMIN_DOSE1_CUMULATIVE","ADMIN_DOSE2_DAILY","ADMIN_DOSE2_CUMULATIVE","ADMIN_SINGLE_DAILY","ADMIN_SINGLE_CUMULATIVE","ADMIN_ADDITIONAL1_DAILY","ADMIN_ADDITIONAL1_CUMULATIVE","ADMIN_ADDITIONAL2_DAILY","ADMIN_ADDITIONAL2_CUMULATIVE","ADMIN_ADDITIONAL_DAILY","ADMIN_ADDITIONAL_CUMULATIVE","ADMIN_ALLDOSES_DAILY","ADMIN_ALLDOSES_7DAYAVG","ADMIN_ALLDOSES_CUMULATIVE","INCOMPLETE"
"2020-12-14",79,79,0,0,0,0,0,0,0,0,0,0,79,,79,0
"2020-12-15",2051,2130,6,6,4,4,0,0,0,0,0,0,2061,,2140,0
"2020-12-16",4605,6735,13,19,1,5,1,1,0,0,1,1,4620,,6760,0
"2020-12-17",4657,11392,17,36,0,5,1,2,0,0,1,2,4675,,11435,0
"2020-12-18",5833,17225,18,54,2,7,2,4,0,0,2,4,5855,,17290,0
"2020-12-19",1689,18914,7,61,3,10,0,4,0,0,0,4,1699,,18989,0
"2020-12-20",1116,20030,2,63,1,11,0,4,0,0,0,4,1119,2872.57,20108,0
"2020-12-21",6340,26370,19,82,0,11,5,9,0,0,5,9,6364,3770.43,26472,0
"2020-12-22",9794,36164,27,109,2,13,1,10,0,0,1,10,9824,4879.43,36296,0
"2020-12-23",14277,50441,34,143,3,16,1,11,0,0,1,11,14315,6264.43,50611,0
"2020-12-24",7200,57641,24,167,1,17,0,11,0,0,0,11,7225,6628.71,57836,0
"2020-12-25",180,57821,0,167,0,17,1,12,0,0,1,12,181,5818.14,58017,0
"2020-12-26",4387,62208,44,211,0,17,1,13,0,0,1,13,4432,6208.57,62449,0
"2020-12-27",3869,66077,14,225,0,17,1,14,0,0,1,14,3884,6603.57,66333,0
"2020-12-28",10994,77071,49,274,1,18,2,16,0,0,2,16,11046,7272.43,77379,0
"2020-12-29",10719,87790,34,308,2,20,2,18,0,0,2,18,10757,7405.71,88136,0
"2020-12-30",12826,100616,44,352,0,20,0,18,0,0,0,18,12870,7199.29,101006,0
"2020-12-31",7260,107876,33,385,1,21,0,18,0,0,0,18,7294,7209.14,108300,0
"2021-01-01",181,108057,2,387,1,22,3,21,0,0,3,21,187,7210,108487,0
"2021-01-02",3809,111866,10,397,2,24,2,23,0,0,2,23,3823,7123,112310,0
"2021-01-03",3541,115407,24,421,2,26,1,24,0,0,1,24,3568,7077.86,115878,0
"2021-01-04",12255,127662,806,1227,2,28,6,30,0,0,6,30,13069,7366.86,128947,0
"2021-01-05",14084,141746,2192,3419,2,30,12,42,1,1,13,43,16291,8157.43,145238,0
"2021-01-06",17801,159547,3927,7346,1,31,29,71,6,7,35,78,21764,9428,167002,0
"2021-01-07",16552,176099,5171,12517,4,35,44,115,3,10,47,125,21774,11496.57,188776,0
"2021-01-08",16620,192719,5455,17972,0,35,33,148,4,14,37,162,22112,14628.71,210888,0
"2021-01-09",7652,200371,1462,19434,1,36,7,155,2,16,9,171,9124,15386,220012,0
"2021-01-10",7881,208252,983,20417,0,36,10,165,0,16,10,181,8874,16144,228886,0
"2021-01-11",25826,234078,7454,27871,2,38,48,213,8,24,56,237,33338,19039.57,262224,0
"2021-01-12",28263,262341,7857,35728,1,39,45,258,2,26,47,284,36168,21879.14,298392,0
"2021-01-13",31724,294065,9388,45116,1,40,55,313,4,30,59,343,41172,24651.71,339564,0
"2021-01-14",35813,329878,5320,50436,1,41,28,341,7,37,35,378,41169,27422.43,380733,0
"2021-01-15",29266,359144,3704,54140,2,43,32,373,5,42,37,415,33009,28979.14,413742,0
"2021-01-16",30290,389434,2380,56520,0,43,25,398,5,47,30,445,32700,32347.14,446442,0
"2021-01-17",23752,413186,1623,58143,0,43,18,416,1,48,19,464,25394,34707.14,471836,0
"2021-01-18",27107,440293,2411,60554,1,44,34,450,7,55,41,505,29560,34167.43,501396,0
"2021-01-19",34296,474589,9626,70180,1,45,70,520,5,60,75,580,43998,35286,545394,0
"2021-01-20",34870,509459,9493,79673,1,46,59,579,4,64,63,643,44427,35751,589821,0
"2021-01-21",25593,535052,8092,87765,2,48,49,628,5,69,54,697,33741,34689.86,623562,0
"2021-01-22",24754,559806,4381,92146,1,49,32,660,7,76,39,736,29175,34142.14,652737,0
"2021-01-23",15745,575551,3222,95368,0,49,9,669,2,78,11,747,18978,32181.86,671715,0
"2021-01-24",7176,582727,3453,98821,0,49,19,688,1,79,20,767,10649,30075.43,682364,0
"2021-01-25",13412,596139,11820,110641,0,49,66,754,11,90,77,844,25309,29468.14,707673,0
"2021-01-26",16766,612905,10752,121393,0,49,67,821,2,92,69,913,27587,27123.71,735260,0
"2021-01-27",20836,633741,12355,133748,0,49,51,872,8,100,59,972,33250,25527,768510,0
"2021-01-28",30762,664503,12848,146596,0,49,82,954,16,116,98,1070,43708,26950.86,812218,0
"2021-01-29",31695,696198,11503,158099,0,49,78,1032,10,126,88,1158,43286,28966.71,855504,0
"2021-01-30",18709,714907,3741,161840,0,49,20,1052,2,128,22,1180,22472,29465.86,877976,0
"2021-01-31",13022,727929,2920,164760,1,50,28,1080,4,132,32,1212,15975,30226.71,893951,0
"2021-02-01",1180,729109,5369,170129,4,54,35,1115,4,136,39,1251,6592,27552.86,900543,0
"2021-02-02",2827,731936,9476,179605,2,56,46,1161,4,140,50,1301,12355,25376.86,912898,0
"2021-02-03",16349,748285,21244,200849,4,60,202,1363,19,159,221,1522,37818,26029.43,950716,0
"2021-02-04",27048,775333,19651,220500,3,63,197,1560,11,170,208,1730,46910,26486.86,997626,0
"2021-02-05",27601,802934,20033,240533,0,63,181,1741,15,185,196,1926,47830,27136,1045456,0
"2021-02-06",22992,825926,11246,251779,0,63,110,1851,11,196,121,2047,34359,28834.14,1079815,0
"2021-02-07",12043,837969,8282,260061,1,64,91,1942,13,209,104,2151,20430,29470.57,1100245,0
"2021-02-08",16966,854935,23515,283576,2,66,232,2174,33,242,265,2416,40748,34350,1140993,0
"2021-02-09",17192,872127,28110,311686,2,68,333,2507,41,283,374,2790,45678,39110.43,1186671,0
"2021-02-10",19592,891719,29310,340996,2,70,259,2766,50,333,309,3099,49213,40738.29,1235884,0
"2021-02-11",27847,919566,33471,374467,2,72,340,3106,57,390,397,3496,61717,42853.57,1297601,0
"2021-02-12",38395,957961,30795,405262,3,75,355,3461,38,428,393,3889,69586,45961.57,1367187,0
"2021-02-13",28009,985970,25309,430571,2,77,310,3771,50,478,360,4249,53680,48721.71,1420867,0
"2021-02-14",16282,1002252,23732,454303,0,77,259,4030,31,509,290,4539,40304,51560.86,1461171,0
"2021-02-15",12795,1015047,10527,464830,2,79,169,4199,24,533,193,4732,23517,49099.29,1484688,0
"2021-02-16",14241,1029288,26734,491564,0,79,319,4518,35,568,354,5086,41329,48478,1526017,0
"2021-02-17",16394,1045682,22193,513757,1,80,282,4800,37,605,319,5405,38907,47005.71,1564924,0
"2021-02-18",12153,1057835,24994,538751,21,101,285,5085,43,648,328,5733,37496,43545.57,1602420,0
"2021-02-19",13265,1071100,23933,562684,39,140,303,5388,43,691,346,6079,37583,38973.71,1640003,0
"2021-02-20",11352,1082452,26076,588760,6,146,324,5712,78,769,402,6481,37836,36710.29,1677839,0
"2021-02-21",6362,1088814,17422,606182,15,161,284,5996,42,811,326,6807,24125,34399,1701964,0
"2021-02-22",13043,1101857,11848,618030,3,164,124,6120,19,830,143,6950,25037,34616.14,1727001,0
"2021-02-23",25244,1127101,14147,632177,1,165,159,6279,34,864,193,7143,39585,34367,1766586,0
"2021-02-24",36365,1163466,20391,652568,0,165,224,6503,37,901,261,7404,57017,36954.14,1823603,0
"2021-02-25",54617,1218083,30391,682959,6,171,395,6898,64,965,459,7863,85473,43808,1909076,0
"2021-02-26",62874,1280957,31870,714829,4,175,407,7305,77,1042,484,8347,95232,52043.57,2004308,0
"2021-02-27",51295,1332252,22754,737583,47,222,331,7636,51,1093,382,8729,74478,57278.14,2078786,0
"2021-02-28",44596,1376848,13822,751405,7,229,205,7841,33,1126,238,8967,58663,62212.14,2137449,0
"2021-03-01",39320,1416168,12779,764184,10,239,165,8006,25,1151,190,9157,52299,66106.71,2189748,0
"2021-03-02",47082,1463250,12578,776762,7,246,159,8165,14,1165,173,9330,59840,69000.29,2249588,0
"2021-03-03",48607,1511857,16157,792919,17,263,145,8310,21,1186,166,9496,64947,70133.14,2314535,0
"2021-03-04",59819,1571676,22821,815740,1092,1355,272,8582,34,1220,306,9802,84038,69928.14,2398573,0
"2021-03-05",60991,1632667,24282,840022,3109,4464,328,8910,34,1254,362,10164,88744,69001.29,2487317,0
"2021-03-06",47180,1679847,18883,858905,5451,9915,237,9147,34,1288,271,10435,71785,68616.57,2559102,0
"2021-03-07",36046,1715893,14879,873784,6245,16160,228,9375,20,1308,248,10683,57418,68438.71,2616520,0
"2021-03-08",39629,1755522,14676,888460,8564,24724,313,9688,91,1399,404,11087,63273,70006.43,2679793,0
"2021-03-09",39108,1794630,12852,901312,7764,32488,177,9865,33,1432,210,11297,59934,70019.86,2739727,0
"2021-03-10",51833,1846463,15340,916652,5067,37555,228,10093,31,1463,259,11556,72499,71098.71,2812226,0
"2021-03-11",59992,1906455,21811,938463,4619,42174,251,10344,49,1512,300,11856,86722,71482.14,2898948,0
"2021-03-12",52206,1958661,30311,968774,4183,46357,370,10714,81,1593,451,12307,87151,71254.57,2986099,0
"2021-03-13",40653,1999314,26684,995458,5109,51466,324,11038,51,1644,375,12682,72821,71402.57,3058920,0
"2021-03-14",30717,2030031,15968,1011426,4527,55993,239,11277,27,1671,266,12948,51478,70554,3110398,0
"2021-03-15",33591,2063622,17253,1028679,4717,60710,233,11510,33,1704,266,13214,55827,69490.29,3166225,0
"2021-03-16",38679,2102301,20502,1049181,4925,65635,257,11767,35,1739,292,13506,64398,70128,3230623,0
"2021-03-17",42619,2144920,24793,1073974,4247,69882,337,12104,36,1775,373,13879,72032,70061.29,3302655,0
"2021-03-18",50454,2195374,26801,1100775,5238,75120,365,12469,61,1836,426,14305,82919,69518,3385574,0
"2021-03-19",47796,2243170,29956,1130731,5624,80744,390,12859,69,1905,459,14764,83835,69044.29,3469409,0
"2021-03-20",38713,2281883,25832,1156563,4687,85431,297,13156,60,1965,357,15121,69589,68582.57,3538998,0
"2021-03-21",29301,2311184,19361,1175924,770,86201,219,13375,42,2007,261,15382,49693,68327.57,3588691,0
"2021-03-22",33871,2345055,26733,1202657,4037,90238,260,13635,37,2044,297,15679,64938,69629.14,3653629,0
"2021-03-23",38436,2383491,32839,1235496,4219,94457,292,13927,56,2100,348,16027,75842,71264,3729471,0
"2021-03-24",41498,2424989,37600,1273096,4848,99305,327,14254,62,2162,389,16416,84335,73021.57,3813806,0
"2021-03-25",43416,2468405,50785,1323881,5054,104359,469,14723,85,2247,554,16970,99809,75434.43,3913615,0
"2021-03-26",38508,2506913,55510,1379391,4310,108669,522,15245,96,2343,618,17588,98946,77593.14,4012561,0
"2021-03-27",35739,2542652,45751,1425142,2938,111607,413,15658,82,2425,495,18083,84923,79783.71,4097484,0
"2021-03-28",26391,2569043,34458,1459600,1482,113089,329,15987,63,2488,392,18475,62723,81645.14,4160207,0
"2021-03-29",34820,2603863,38865,1498465,3247,116336,340,16327,110,2598,450,18925,77382,83422.86,4237589,0
"2021-03-30",40514,2644377,41923,1540388,3714,120050,335,16662,66,2664,401,19326,86552,84952.86,4324141,0
"2021-03-31",49398,2693775,44863,1585251,7442,127492,397,17059,85,2749,482,19808,102185,87502.86,4426326,0
"2021-04-01",50785,2744560,53947,1639198,11275,138767,500,17559,81,2830,581,20389,116588,89899.86,4542914,0
"2021-04-02",43762,2788322,53886,1693084,11971,150738,544,18103,69,2899,613,21002,110232,91512.14,4653146,0
"2021-04-03",39256,2827578,39215,1732299,9859,160597,335,18438,57,2956,392,21394,88722,92054.86,4741868,0
"2021-04-04",26561,2854139,24779,1757078,3902,164499,223,18661,49,3005,272,21666,55514,91025,4797382,0
"2021-04-05",41891,2896030,34485,1791563,11195,175694,369,19030,60,3065,429,22095,88000,92541.86,4885382,0
"2021-04-06",53271,2949301,35618,1827181,13221,188915,426,19456,71,3136,497,22592,102607,94835.43,4987989,0
"2021-04-07",55516,3004817,40694,1867875,14390,203305,393,19849,77,3213,470,23062,111070,96104.71,5099059,0
"2021-04-08",59268,3064085,46586,1914461,16340,219645,514,20363,79,3292,593,23655,122787,96990.29,5221846,0
"2021-04-09",56648,3120733,44964,1959425,17551,237196,511,20874,77,3369,588,24243,119751,98350.14,5341597,0
"2021-04-10",49352,3170085,35642,1995067,12728,249924,387,21261,60,3429,447,24690,98169,99699.71,5439766,0
"2021-04-11",38186,3208271,28820,2023887,7683,257607,291,21552,56,3485,347,25037,75036,102488.57,5514802,0
"2021-04-12",46642,3254913,31850,2055737,13497,271104,463,22015,63,3548,526,25563,92515,103133.57,5607317,0
"2021-04-13",52544,3307457,33795,2089532,368,271472,392,22407,59,3607,451,26014,87158,100926.57,5694475,0
"2021-04-14",50150,3357607,39960,2129492,20,271492,365,22772,67,3674,432,26446,90562,97996.86,5785037,0
"2021-04-15",52129,3409736,43678,2173170,16,271508,452,23224,102,3776,554,27000,96377,94224,5881414,0
"2021-04-16",51188,3460924,42217,2215387,32,271540,420,23644,65,3841,485,27485,93922,90534.14,5975336,0
"2021-04-17",43843,3504767,35691,2251078,3,271543,363,24007,83,3924,446,27931,79983,87936.14,6055319,0
"2021-04-18",28609,3533376,29373,2280451,7,271550,249,24256,61,3985,310,28241,58299,85545.14,6113618,0
"2021-04-19",37474,3570850,36450,2316901,22,271572,322,24578,61,4046,383,28624,74329,82947.14,6187947,0
"2021-04-20",40811,3611661,39625,2356526,19,271591,314,24892,75,4121,389,29013,80844,82045.14,6268791,0
"2021-04-21",38906,3650567,46012,2402538,16,271607,492,25384,95,4216,587,29600,85521,81325,6354312,0
"2021-04-22",38499,3689066,48963,2451501,9,271616,335,25719,73,4289,408,30008,87879,80111,6442191,0
"2021-04-23",39703,3728769,44383,2495884,4,271620,344,26063,69,4358,413,30421,84503,78765.43,6526694,0
"2021-04-24",31952,3760721,41605,2537489,44,271664,274,26337,59,4417,333,30754,73934,77901.29,6600628,0
"2021-04-25",18423,3779144,31231,2568720,86,271750,191,26528,55,4472,246,31000,49986,76713.71,6650614,0
"2021-04-26",26973,3806117,40739,2609459,1013,272763,281,26809,82,4554,363,31363,69088,75965,6719702,0
"2021-04-27",28575,3834692,47143,2656602,1697,274460,348,27157,92,4646,440,31803,77855,75538,6797557,0
"2021-04-28",27045,3861737,56836,2713438,2148,276608,427,27584,98,4744,525,32328,86554,75685.57,6884111,0
"2021-04-29",28612,3890349,57203,2770641,2148,278756,363,27947,98,4842,461,32789,88424,75763.43,6972535,0
"2021-04-30",30126,3920475,51987,2822628,2056,280812,280,28227,72,4914,352,33141,84521,75766,7057056,0
"2021-05-01",22482,3942957,44546,2867174,1177,281989,226,28453,63,4977,289,33430,68494,74988.86,7125550,0
"2021-05-02",11926,3954883,36657,2903831,1080,283069,137,28590,55,5032,192,33622,49855,74970.14,7175405,0
"2021-05-03",18030,3972913,53026,2956857,2383,285452,255,28845,89,5121,344,33966,73783,75640.86,7249188,0
"2021-05-04",22739,3995652,56647,3013504,2330,287782,265,29110,113,5234,378,34344,82094,76246.43,7331282,0
"2021-05-05",21480,4017132,48798,3062302,2313,290095,310,29420,98,5332,408,34752,72999,74310,7404281,0
"2021-05-06",20684,4037816,50178,3112480,2507,292602,270,29690,83,5415,353,35105,73722,72209.71,7478003,0
"2021-05-07",21258,4059074,52099,3164579,2813,295415,305,29995,70,5485,375,35480,76545,71070.29,7554548,0
"2021-05-08",16634,4075708,41869,3206448,1835,297250,226,30221,68,5553,294,35774,60632,69947.14,7615180,0
"2021-05-09",7977,4083685,29411,3235859,1260,298510,149,30370,56,5609,205,35979,38853,68375.43,7654033,0
"2021-05-10",14389,4098074,38541,3274400,2355,300865,231,30601,87,5696,318,36297,55603,65778.29,7709636,0
"2021-05-11",19916,4117990,43059,3317459,2514,303379,279,30880,83,5779,362,36659,65851,63457.86,7775487,0
"2021-05-12",17811,4135801,40537,3357996,3596,306975,229,31109,75,5854,304,36963,62248,61922,7837735,0
"2021-05-13",24975,4160776,40432,3398428,3230,310205,260,31369,74,5928,334,37297,68971,61243.29,7906706,0
"2021-05-14",27035,4187811,42916,3441344,3537,313742,280,31649,93,6021,373,37670,73861,60859.86,7980567,0
"2021-05-15",23649,4211460,34916,3476260,3366,317108,249,31898,74,6095,323,37993,62254,61091.57,8042821,0
"2021-05-16",15529,4226989,19445,3495705,2497,319605,125,32023,45,6140,170,38163,37641,60918.43,8080462,0
"2021-05-17",22675,4249664,29140,3524845,3257,322862,177,32200,67,6207,244,38407,55316,60877.43,8135778,0
"2021-05-18",24635,4274299,31910,3556755,3404,326266,236,32436,70,6277,306,38713,60255,60078,8196033,0
"2021-05-19",24197,4298496,29717,3586472,3039,329305,221,32657,46,6323,267,38980,57220,59359.71,8253253,0
"2021-05-20",24154,4322650,30085,3616557,3162,332467,272,32929,99,6422,371,39351,57772,57759.86,8311025,0
"2021-05-21",24686,4347336,32003,3648560,3060,335527,252,33181,60,6482,312,39663,60061,55788.43,8371086,0
"2021-05-22",20023,4367359,24358,3672918,2525,338052,162,33343,47,6529,209,39872,47115,53625.71,8418201,0
"2021-05-23",11236,4378595,13732,3686650,1411,339463,93,33436,32,6561,125,39997,26504,52034.71,8444705,0
"2021-05-24",18879,4397474,23156,3709806,2756,342219,214,33650,53,6614,267,40264,45058,50569.29,8489763,0
"2021-05-25",19433,4416907,23378,3733184,2601,344820,177,33827,70,6684,247,40511,45659,48484.14,8535422,0
"2021-05-26",18787,4435694,21088,3754272,2696,347516,199,34026,52,6736,251,40762,42822,46427.29,8578244,0
"2021-05-27",18472,4454166,21274,3775546,2529,350045,189,34215,63,6799,252,41014,42527,44249.43,8620771,0
"2021-05-28",17864,4472030,22888,3798434,2751,352796,186,34401,53,6852,239,41253,43742,41918.14,8664513,0
"2021-05-29",12710,4484740,17808,3816242,1755,354551,106,34507,39,6891,145,41398,32418,39818.57,8696931,0
"2021-05-30",7032,4491772,8949,3825191,1074,355625,47,34554,17,6908,64,41462,17119,38477.86,8714050,0
"2021-05-31",4743,4496515,6925,3832116,1012,356637,64,34618,16,6924,80,41542,12760,33863.86,8726810,0
"2021-06-01",16046,4512561,25196,3857312,2176,358813,151,34769,40,6964,191,41733,43609,33571,8770419,0
"2021-06-02",15351,4527912,20390,3877702,2094,360907,139,34908,46,7010,185,41918,38020,32885,8808439,0
"2021-06-03",15008,4542920,23819,3901521,2280,363187,128,35036,44,7054,172,42090,41279,32706.71,8849718,0
"2021-06-04",14730,4557650,25994,3927515,2492,365679,141,35177,39,7093,180,42270,43396,32657.29,8893114,0
"2021-06-05",10991,4568641,22085,3949600,1806,367485,113,35290,30,7123,143,42413,35025,33029.71,8928139,0
"2021-06-06",6444,4575085,14470,3964070,1222,368707,86,35376,13,7136,99,42512,22235,33760.57,8950374,0
"2021-06-07",11710,4586795,21788,3985858,2379,371086,139,35515,36,7172,175,42687,36052,37088,8986426,0
"2021-06-08",12643,4599438,24024,4009882,2072,373158,118,35633,44,7216,162,42849,38901,36415.43,9025327,0
"2021-06-09",11140,4610578,23028,4032910,2298,375456,133,35766,39,7255,172,43021,36638,36218,9061965,0
"2021-06-10",12070,4622648,22233,4055143,2462,377918,141,35907,56,7311,197,43218,36962,35601.29,9098927,0
"2021-06-11",12708,4635356,25122,4080265,2484,380402,153,36060,59,7370,212,43430,40526,35191.29,9139453,0
"2021-06-12",10167,4645523,19306,4099571,1888,382290,94,36154,40,7410,134,43564,31495,34687,9170948,0
"2021-06-13",4257,4649780,10936,4110507,1219,383509,42,36196,21,7431,63,43627,16475,33864.14,9187423,0
"2021-06-14",10209,4659989,19245,4129752,2042,385551,125,36321,51,7482,176,43803,31672,33238.43,9219095,0
"2021-06-15",11887,4671876,21010,4150762,1943,387494,131,36452,41,7523,172,43975,35012,32682.86,9254107,0
"2021-06-16",11589,4683465,19411,4170173,1956,389450,138,36590,66,7589,204,44179,33160,32186,9287267,0
"2021-06-17",11025,4694490,18764,4188937,1972,391422,121,36711,34,7623,155,44334,31916,31465.14,9319183,0
"2021-06-18",12167,4706657,18500,4207437,2116,393538,112,36823,35,7658,147,44481,32930,30380,9352113,0
"2021-06-19",8499,4715156,13520,4220957,1459,394997,82,36905,20,7678,102,44583,23580,29249.29,9375693,0
"2021-06-20",4335,4719491,7159,4228116,924,395921,36,36941,17,7695,53,44636,12471,28677.29,9388164,0
"2021-06-21",10163,4729654,10008,4238124,1806,397727,68,37009,28,7723,96,44732,22073,27306,9410237,0
"2021-06-22",9836,4739490,15641,4253765,1589,399316,105,37114,27,7750,132,44864,27198,26189.71,9437435,0
"2021-06-23",10314,4749804,15187,4268952,1860,401176,101,37215,29,7779,130,44994,27491,25379.86,9464926,0
"2021-06-24",9690,4759494,14697,4283649,1799,402975,118,37333,26,7805,144,45138,26330,24581.86,9491256,0
"2021-06-25",10592,4770086,14384,4298033,1719,404694,110,37443,37,7842,147,45285,26842,23712.14,9518098,0
"2021-06-26",7805,4777891,10464,4308497,1247,405941,74,37517,23,7865,97,45382,19613,23145.43,9537711,0
"2021-06-27",5001,4782892,6001,4314498,795,406736,33,37550,14,7879,47,45429,11844,23055.86,9549555,0
"2021-06-28",9032,4791924,10345,4324843,1524,408260,107,37657,26,7905,133,45562,21034,22907.43,9570589,0
"2021-06-29",9749,4801673,12316,4337159,1347,409607,123,37780,28,7933,151,45713,23563,22388.14,9594152,0
"2021-06-30",9431,4811104,10926,4348085,1481,411088,147,37927,16,7949,163,45876,22001,21603.86,9616153,0
"2021-07-01",9398,4820502,10929,4359014,1431,412519,125,38052,24,7973,149,46025,21907,20972,9638060,0
"2021-07-02",9694,4830196,11448,4370462,1541,414060,120,38172,23,7996,143,46168,22826,20398.29,9660886,0
"2021-07-03",7057,4837253,8424,4378886,1193,415253,75,38247,16,8012,91,46259,16765,19991.43,9677651,0
"2021-07-04",1288,4838541,1336,4380222,567,415820,8,38255,3,8015,11,46270,3202,18756.86,9680853,0
"2021-07-05",6495,4845036,7105,4387327,1208,417028,64,38319,20,8035,84,46354,14892,17879.43,9695745,0
"2021-07-06",9512,4854548,12852,4400179,1316,418344,115,38434,34,8069,149,46503,23829,17917.43,9719574,0
"2021-07-07",8672,4863220,11107,4411286,1419,419763,121,38555,18,8087,139,46642,21337,17822.57,9740911,0
"2021-07-08",8209,4871429,10191,4421477,1260,421023,107,38662,21,8108,128,46770,19788,17519.86,9760699,0
"2021-07-09",8375,4879804,10831,4432308,1279,422302,90,38752,17,8125,107,46877,20592,17200.71,9781291,0
"2021-07-10",7107,4886911,8629,4440937,1132,423434,62,38814,20,8145,82,46959,16950,17227.14,9798241,0
"2021-07-11",4105,4891016,4539,4445476,703,424137,34,38848,6,8151,40,46999,9387,18110.71,9807628,0
"2021-07-12",8454,4899470,9555,4455031,1250,425387,81,38929,21,8172,102,47101,19361,18749.14,9826989,0
"2021-07-13",9463,4908933,9389,4464420,951,426338,105,39034,33,8205,138,47239,19941,18193.71,9846930,0
"2021-07-14",9000,4917933,9533,4473953,1009,427347,103,39137,19,8224,122,47361,19664,17954.71,9866594,0
"2021-07-15",8791,4926724,9154,4483107,1051,428398,81,39218,17,8241,98,47459,19094,17855.57,9885688,0
"2021-07-16",9243,4935967,9760,4492867,978,429376,102,39320,31,8272,133,47592,20114,17787.29,9905802,0
"2021-07-17",6845,4942812,7385,4500252,802,430178,79,39399,19,8291,98,47690,15130,17527.29,9920932,0
"2021-07-18",4258,4947070,4283,4504535,569,430747,35,39434,14,8305,49,47739,9159,17494.71,9930091,0
"2021-07-19",9125,4956195,8468,4513003,999,431746,90,39524,20,8325,110,47849,18702,17400.57,9948793,0
"2021-07-20",10651,4966846,8758,4521761,991,432737,92,39616,24,8349,116,47965,20516,17482.71,9969309,0
"2021-07-21",10053,4976899,8763,4530524,903,433640,145,39761,30,8379,175,48140,19894,17515.57,9989203,0
"2021-07-22",10686,4987585,8585,4539109,1046,434686,142,39903,25,8404,167,48307,20484,17714.14,10009687,0
"2021-07-23",11254,4998839,8880,4547989,1114,435800,137,40040,22,8426,159,48466,21407,17898.86,10031094,0
"2021-07-24",7404,5006243,6735,4554724,670,436470,81,40121,22,8448,103,48569,14912,17867.71,10046006,0
"2021-07-25",5477,5011720,2126,4556850,509,436979,59,40180,4,8452,63,48632,8175,17727.14,10054181,0
"2021-07-26",10875,5022595,6999,4563849,859,437838,109,40289,16,8468,125,48757,18858,17749.43,10073039,0
"2021-07-27",12057,5034652,8567,4572416,857,438695,132,40421,34,8502,166,48923,21647,17911,10094686,0
"2021-07-28",11994,5046646,8048,4580464,950,439645,131,40552,24,8526,155,49078,21147,18090,10115833,0
"2021-07-29",10937,5057583,7429,4587893,984,440629,132,40684,39,8565,171,49249,19521,17952.43,10135354,0
"2021-07-30",14955,5072538,8010,4595903,1150,441779,181,40865,28,8593,209,49458,24324,18369.14,10159678,0
"2021-07-31",9731,5082269,6311,4602214,816,442595,119,40984,20,8613,139,49597,16997,18667,10176675,0
"2021-08-01",6503,5088772,3308,4605522,564,443159,81,41065,19,8632,100,49697,10475,18995.57,10187150,0
"2021-08-02",13452,5102224,7153,4612675,847,444006,144,41209,18,8650,162,49859,21614,19389.29,10208764,0
"2021-08-03",15415,5117639,8382,4621057,1109,445115,144,41353,32,8682,176,50035,25082,19880,10233846,0
"2021-08-04",17262,5134901,8124,4629181,1454,446569,180,41533,30,8712,210,50245,27050,20723.29,10260896,0
"2021-08-05",17865,5152766,7927,4637108,1366,447935,161,41694,17,8729,178,50423,27336,21839.71,10288232,0
"2021-08-06",18179,5170945,8413,4645521,1233,449168,162,41856,30,8759,192,50615,28017,22367.29,10316249,0
"2021-08-07",13387,5184332,6015,4651536,799,449967,100,41956,27,8786,127,50742,20328,22843.14,10336577,0
"2021-08-08",9309,5193641,3836,4655372,399,450366,82,42038,8,8794,90,50832,13634,23294.43,10350211,0
"2021-08-09",21341,5214982,8525,4663897,964,451330,168,42206,33,8827,201,51033,31031,24639.71,10381242,0
"2021-08-10",18921,5233903,9331,4673228,947,452277,174,42380,32,8859,206,51239,29405,25257.29,10410647,0
"2021-08-11",15649,5249552,8307,4681535,853,453130,129,42509,38,8897,167,51406,24976,24961,10435623,0
"2021-08-12",15047,5264599,8977,4690512,940,454070,169,42678,32,8929,201,51607,25165,24650.86,10460788,0
"2021-08-13",14926,5279525,9291,4699803,921,454991,238,42916,35,8964,273,51880,25411,24278.57,10486199,0
"2021-08-14",10409,5289934,6406,4706209,625,455616,529,43445,39,9003,568,52448,18008,23947.14,10504207,0
"2021-08-15",6696,5296630,4475,4710684,676,456292,567,44012,30,9033,597,53045,12444,23777.14,10516651,0
"2021-08-16",15725,5312355,9296,4719980,1149,457441,1318,45330,62,9095,1380,54425,27550,23279.86,10544201,0
"2021-08-17",17777,5330132,10436,4730416,1223,458664,1764,47094,77,9172,1841,56266,31277,23547.29,10575478,0
"2021-08-18",17509,5347641,10360,4740776,1261,459925,1985,49079,90,9262,2075,58341,31205,24437.14,10606683,0
"2021-08-19",16305,5363946,9516,4750292,1315,461240,1948,51027,63,9325,2011,60352,29147,25006,10635830,0
"2021-08-20",16286,5380232,11537,4761829,1254,462494,1851,52878,81,9406,1932,62284,31009,25805.71,10666839,0
"2021-08-21",11151,5391383,8042,4769871,878,463372,1053,53931,52,9458,1105,63389,21176,26258.29,10688015,0
"2021-08-22",4081,5395464,3901,4773772,262,463634,514,54445,31,9489,545,63934,8789,25736.14,10696804,0
"2021-08-23",15579,5411043,11794,4785566,1023,464657,1546,55991,72,9561,1618,65552,30014,26088.14,10726818,0
"2021-08-24",16917,5427960,12595,4798161,1006,465663,1772,57763,72,9633,1844,67396,32362,26243.14,10759180,0
"2021-08-25",14589,5442549,12441,4810602,1110,466773,1563,59326,75,9708,1638,69034,29778,26039.29,10788958,0
"2021-08-26",16170,5458719,14082,4824684,1072,467845,1766,61092,66,9774,1832,70866,33156,26612,10822114,0
"2021-08-27",14885,5473604,14821,4839505,971,468816,1667,62759,72,9846,1739,72605,32416,26813,10854530,0
"2021-08-28",10685,5484289,11521,4851026,836,469652,1009,63768,42,9888,1051,73656,24093,27229.71,10878623,0
"2021-08-29",7219,5491508,7495,4858521,541,470193,776,64544,54,9942,830,74486,16085,28272,10894708,0
"2021-08-30",15524,5507032,16925,4875446,1077,471270,1792,66336,80,10022,1872,76358,35398,29041.14,10930106,0
"2021-08-31",15523,5522555,15950,4891396,951,472221,1969,68305,84,10106,2053,78411,34477,29343.29,10964583,0
"2021-09-01",14833,5537388,14098,4905494,1020,473241,1806,70111,59,10165,1865,80276,31816,29634.43,10996399,0
"2021-09-02",14337,5551725,12519,4918013,896,474137,1699,71810,59,10224,1758,82034,29510,29113.57,11025909,0
"2021-09-03",15017,5566742,14300,4932313,974,475111,1892,73702,68,10292,1960,83994,32251,29090,11058160,0
"2021-09-04",9645,5576387,9407,4941720,688,475799,968,74670,34,10326,1002,84996,20742,28611.29,11078902,0
"2021-09-05",6802,5583189,5514,4947234,438,476237,707,75377,13,10339,720,85716,13474,28238.29,11092376,0
"2021-09-06",5196,5588385,4512,4951746,358,476595,270,75647,11,10350,281,85997,10347,24659.57,11102723,0
"2021-09-07",15572,5603957,17692,4969438,912,477507,1546,77193,85,10435,1631,87628,35807,24849.57,11138530,0
"2021-09-08",16164,5620121,14823,4984261,1072,478579,1764,78957,76,10511,1840,89468,33899,25147.14,11172429,0
"2021-09-09",16118,5636239,14748,4999009,1047,479626,1906,80863,69,10580,1975,91443,33888,25772.57,11206317,0
"2021-09-10",18370,5654609,15394,5014403,1208,480834,1966,82829,79,10659,2045,93488,37017,26453.43,11243334,0
"2021-09-11",12633,5667242,10346,5024749,958,481792,1023,83852,46,10705,1069,94557,25006,27062.57,11268340,0
"2021-09-12",8532,5675774,5050,5029799,766,482558,689,84541,28,10733,717,95274,15065,27289.86,11283405,0
"2021-09-13",16935,5692709,12946,5042745,976,483534,1648,86189,53,10786,1701,96975,32558,30462.86,11315963,0
"2021-09-14",16272,5708981,13677,5056422,886,484420,1592,87781,49,10835,1641,98616,32476,29987,11348439,0
"2021-09-15",15545,5724526,12876,5069298,727,485147,1565,89346,79,10914,1644,100260,30792,29543.14,11379231,0
"2021-09-16",15342,5739868,13905,5083203,1210,486357,1453,90799,63,10977,1516,101776,31973,29269.57,11411204,0
"2021-09-17",14434,5754302,13962,5097165,922,487279,1825,92624,54,11031,1879,103655,31197,28438.14,11442401,0
"2021-09-18",10004,5764306,10174,5107339,913,488192,1046,93670,38,11069,1084,104739,22175,28033.71,11464576,0
"2021-09-19",6178,5770484,6071,5113410,558,488750,744,94414,28,11097,772,105511,13579,27821.43,11478155,0
"2021-09-20",12679,5783163,12628,5126038,1068,489818,1918,96332,56,11153,1974,107485,28349,27220.14,11506504,0
"2021-09-21",12238,5795401,12767,5138805,1110,490928,2019,98351,74,11227,2093,109578,28208,26610.43,11534712,0
"2021-09-22",12824,5808225,11999,5150804,1089,492017,1683,100034,66,11293,1749,111327,27661,26163.14,11562373,0
"2021-09-23",14945,5823170,12755,5163559,1639,493656,2261,102295,73,11366,2334,113661,31673,26120.29,11594046,0
"2021-09-24",16450,5839620,13367,5176926,1633,495289,4623,106918,109,11475,4732,118393,36182,26832.43,11630228,0
"2021-09-25",10546,5850166,9022,5185948,1018,496307,3453,110371,76,11551,3529,121922,24115,27109.57,11654343,0
"2021-09-26",6304,5856470,5764,5191712,774,497081,2421,112792,54,11605,2475,124397,15317,27357.86,11669660,0
"2021-09-27",14163,5870633,8053,5199765,1155,498236,9049,121841,157,11762,9206,133603,32577,27961.86,11702237,0
"2021-09-28",11154,5881787,11774,5211539,901,499137,9897,131738,171,11933,10068,143671,33897,28774.57,11736134,0
"2021-09-29",11606,5893393,12193,5223732,1206,500343,9443,141181,156,12089,9599,153270,34604,29766.43,11770738,0
"2021-09-30",12245,5905638,12602,5236334,1338,501681,9733,150914,167,12256,9900,163170,36085,30396.71,11806823,0
"2021-10-01",12650,5918288,13429,5249763,1284,502965,10257,161171,144,12400,10401,173571,37764,30622.71,11844587,0
"2021-10-02",7738,5926026,9971,5259734,865,503830,4235,165406,76,12476,4311,177882,22885,30447,11867472,0
"2021-10-03",5081,5931107,6155,5265889,593,504423,2609,168015,53,12529,2662,180544,14491,30329,11881963,0
"2021-10-04",9914,5941021,11022,5276911,913,505336,9513,177528,138,12667,9651,190195,31500,30175.14,11913463,0
"2021-10-05",10172,5951193,11731,5288642,972,506308,9932,187460,168,12835,10100,200295,32975,30043.43,11946438,0
"2021-10-06",9924,5961117,11056,5299698,937,507245,9920,197380,149,12984,10069,210364,31986,29669.43,11978424,0
"2021-10-07",9669,5970786,12191,5311889,852,508097,10186,207566,165,13149,10351,220715,33063,29237.71,12011487,0
"2021-10-08",9467,5980253,12173,5324062,942,509039,10902,218468,155,13304,11057,231772,33639,28648.43,12045126,0
"2021-10-09",6265,5986518,8276,5332338,649,509688,4113,222581,87,13391,4200,235972,19390,28149.14,12064516,0
"2021-10-10",3546,5990064,5023,5337361,458,510146,2434,225015,40,13431,2474,238446,11501,27722,12076017,0
"2021-10-11",7628,5997692,9330,5346691,728,510874,8881,233896,153,13584,9034,247480,26720,27039.14,12102737,0
"2021-10-12",8080,6005772,11001,5357692,891,511765,10502,244398,177,13761,10679,258159,30651,26707.14,12133388,0
"2021-10-13",7164,6012936,10142,5367834,869,512634,8791,253189,173,13934,8964,267123,27139,26014.71,12160527,0
"2021-10-14",7452,6020388,11110,5378944,836,513470,10106,263295,156,14090,10262,277385,29660,25528.57,12190187,0
"2021-10-15",7734,6028122,11863,5390807,823,514293,10800,274095,160,14250,10960,288345,31380,25205.86,12221567,0
"2021-10-16",4868,6032990,7465,5398272,666,514959,3836,277931,65,14315,3901,292246,16900,24850.14,12238467,0
"2021-10-17",3061,6036051,4474,5402746,411,515370,2448,280379,40,14355,2488,294734,10434,24697.71,12248901,0
"2021-10-18",7058,6043109,10663,5413409,796,516166,9469,289848,162,14517,9631,304365,28148,24901.71,12277049,0
"2021-10-19",6581,6049690,8943,5422352,804,516970,9080,298928,161,14678,9241,313606,25569,24175.71,12302618,0
"2021-10-20",6543,6056233,9375,5431727,975,517945,9974,308902,166,14844,10140,323746,27033,24160.57,12329651,0
"2021-10-21",7035,6063268,9377,5441104,858,518803,10836,319738,144,14988,10980,334726,28250,23959.14,12357901,0
"2021-10-22",8136,6071404,10343,5451447,1027,519830,16333,336071,206,15194,16539,351265,36045,24625.57,12393946,0
"2021-10-23",5176,6076580,6457,5457904,690,520520,9118,345189,109,15303,9227,360492,21550,25289.86,12415496,0
"2021-10-24",3276,6079856,3971,5461875,770,521290,6150,351339,73,15376,6223,366715,14240,25833.57,12429736,0
"2021-10-25",8784,6088640,8742,5470617,1149,522439,19240,370579,279,15655,19519,386234,38194,27268.71,12467930,0
"2021-10-26",8211,6096851,7724,5478341,1258,523697,17277,387856,253,15908,17530,403764,34723,28576.43,12502653,0
"2021-10-27",10576,6107427,8393,5486734,1604,525301,20839,408695,300,16208,21139,424903,41712,30673.43,12544365,0
"2021-10-28",11342,6118769,8040,5494774,1793,527094,20825,429520,309,16517,21134,446037,42309,32681.86,12586674,0
"2021-10-29",11847,6130616,8241,5503015,1963,529057,22519,452039,309,16826,22828,468865,44879,33943.86,12631553,0
"2021-10-30",4633,6135249,5058,5508073,932,529989,11159,463198,158,16984,11317,480182,21940,33999.57,12653493,0
"2021-10-31",2666,6137915,2702,5510775,544,530533,6635,469833,93,17077,6728,486910,12640,33771,12666133,0
"2021-11-01",7151,6145066,6957,5517732,1089,531622,20367,490200,309,17386,20676,507586,35873,33439.43,12702006,0
"2021-11-02",6593,6151659,6591,5524323,1056,532678,20763,510963,260,17646,21023,528609,35263,33516.57,12737269,0
"2021-11-03",6860,6158519,6681,5531004,1026,533704,20618,531581,286,17932,20904,549513,35471,32625,12772740,0
"2021-11-04",9318,6167837,6280,5537284,995,534699,22340,553921,336,18268,22676,572189,39269,32190.71,12812009,0
"2021-11-05",11068,6178905,6724,5544008,1051,535750,23753,577674,332,18600,24085,596274,42928,31912,12854937,0
"2021-11-06",11135,6190040,4052,5548060,594,536344,12584,590258,159,18759,12743,609017,28524,32852.57,12883461,0
"2021-11-07",7261,6197301,2285,5550345,577,536921,7102,597360,88,18847,7190,616207,17313,33520.14,12900774,0
"2021-11-08",15063,6212364,5680,5556025,865,537786,19500,616860,265,19112,19765,635972,41373,34305.86,12942147,0
"2021-11-09",16160,6228524,5388,5561413,661,538447,20504,637364,257,19369,20761,656733,42970,35406.86,12985117,0
"2021-11-10",16947,6245471,5324,5566737,683,539130,22624,659988,277,19646,22901,679634,45855,36890.29,13030972,0
"2021-11-11",12586,6258057,5190,5571927,760,539890,22070,682058,277,19923,22347,701981,40883,37120.86,13071855,0
"2021-11-12",16905,6274962,5688,5577615,707,540597,23375,705433,347,20270,23722,725703,47022,37705.71,13118877,0
"2021-11-13",9951,6284913,3662,5581277,465,541062,13315,718748,172,20442,13487,739190,27565,37568.71,13146442,0
"2021-11-14",6024,6290937,2294,5583571,325,541387,7921,726669,72,20514,7993,747183,16636,37472,13163078,0
"2021-11-15",13245,6304182,5971,5589542,690,542077,25089,751758,335,20849,25424,772607,45330,38037.29,13208408,0
"2021-11-16",9991,6314173,5784,5595326,656,542733,30646,782404,399,21248,31045,803652,47476,38681,13255884,0
"2021-11-17",10324,6324497,6679,5602005,681,543414,31390,813794,393,21641,31783,835435,49467,39197,13305351,0
"2021-11-18",10746,6335243,6547,5608552,860,544274,32989,846783,424,22065,33413,868848,51566,40723.14,13356917,0
"2021-11-19",12039,6347282,6558,5615110,715,544989,36228,883011,430,22495,36658,905506,55970,42001.43,13412887,0
"2021-11-20",9344,6356626,3419,5618529,513,545502,22501,905512,243,22738,22744,928250,36020,43209.29,13448907,0
"2021-11-21",4970,6361596,1887,5620416,288,545790,13189,918701,142,22880,13331,941581,20476,43757.86,13469383,0
"2021-11-22",10463,6372059,5794,5626210,752,546542,35896,954597,417,23297,36313,977894,53322,44899.57,13522705,0
"2021-11-23",9824,6381883,4780,5630990,636,547178,33496,988093,355,23652,33851,1011745,49091,45130.29,13571796,0
"2021-11-24",8726,6390609,4754,5635744,651,547829,25898,1013991,263,23915,26161,1037906,40292,43819.57,13612088,0
"2021-11-25",449,6391058,325,5636069,80,547909,1003,1014994,8,23923,1011,1038917,1865,36719.43,13613953,0
"2021-11-26",8075,6399133,6988,5643057,531,548440,26571,1041565,277,24200,26848,1065765,42442,34786.86,13656395,0
"2021-11-27",6694,6405827,6835,5649892,370,548810,18832,1060397,207,24407,19039,1084804,32938,34346.57,13689333,0
"2021-11-28",4086,6409913,5784,5655676,282,549092,11872,1072269,112,24519,11984,1096788,22136,34583.71,13711469,0
"2021-11-29",9116,6419029,10984,5666660,687,549779,35005,1107274,406,24925,35411,1132199,56198,34994.57,13767667,0
"2021-11-30",10538,6429567,11432,5678092,513,550292,37766,1145040,465,25390,38231,1170430,60714,36655,13828381,0
"2021-12-01",11206,6440773,10983,5689075,723,551015,40318,1185358,416,25806,40734,1211164,63646,39991.29,13892027,0
"2021-12-02",11686,6452459,11028,5700103,626,551641,42130,1227488,435,26241,42565,1253729,65905,49139.86,13957932,0
"2021-12-03",13526,6465985,12890,5712993,677,552318,47893,1275381,494,26735,48387,1302116,75480,53859.57,14033412,0
"2021-12-04",9867,6475852,11292,5724285,567,552885,30661,1306042,287,27022,30948,1333064,52674,56679,14086086,0
"2021-12-05",5763,6481615,5707,5729992,270,553155,16648,1322690,121,27143,16769,1349833,28509,57589.43,14114595,0
"2021-12-06",12369,6493984,9956,5739948,601,553756,43215,1365905,417,27560,43632,1393465,66558,59069.43,14181153,0
"2021-12-07",12629,6506613,9259,5749207,624,554380,43007,1408912,477,28037,43484,1436949,65996,59824,14247149,0
"2021-12-08",13561,6520174,8766,5757973,554,554934,40765,1449677,449,28486,41214,1478163,64095,59888.14,14311244,0
"2021-12-09",13536,6533710,8763,5766736,555,555489,40786,1490463,463,28949,41249,1519412,64103,59630.71,14375347,0
"2021-12-10",14066,6547776,10138,5776874,670,556159,43632,1534095,473,29422,44105,1563517,68979,58702,14444326,0
"2021-12-11",10285,6558061,8117,5784991,405,556564,26688,1560783,260,29682,26948,1590465,45755,57713.57,14490081,0
"2021-12-12",6032,6564093,3853,5788844,288,556852,15155,1575938,128,29810,15283,1605748,25456,57277.43,14515537,0
"2021-12-13",12258,6576351,7430,5796274,657,557509,37853,1613791,373,30183,38226,1643974,58571,56136.43,14574108,0
"2021-12-14",12268,6588619,6955,5803229,731,558240,38116,1651907,412,30595,38528,1682502,58482,55063,14632590,0
"2021-12-15",12135,6600754,6240,5809469,756,558996,38095,1690002,464,31059,38559,1721061,57690,54148,14690280,0
"2021-12-16",13151,6613905,4274,5813743,742,559738,41025,1731027,420,31479,41445,1762506,59612,53506.43,14749892,0
"2021-12-17",15972,6629877,6934,5820677,621,560359,46732,1777759,448,31927,47180,1809686,70707,53753.29,14820599,0
"2021-12-18",13042,6642919,5720,5826397,432,560791,30589,1808348,254,32181,30843,1840529,50037,54365,14870636,0
"2021-12-19",7030,6649949,2997,5829394,326,561117,17989,1826337,161,32342,18150,1858679,28503,54800.29,14899139,0
"2021-12-20",16887,6666836,5863,5835257,747,561864,47411,1873748,528,32870,47939,1906618,71436,56638.14,14970575,0
"2021-12-21",17988,6684824,6571,5841828,806,562670,48865,1922613,550,33420,49415,1956033,74780,58966.43,15045355,0
"2021-12-22",18559,6703383,6561,5848389,938,563608,49622,1972235,504,33924,50126,2006159,76184,61608.43,15121539,0
"2021-12-23",19061,6722444,6482,5854871,929,564537,45797,2018032,493,34417,46290,2052449,72762,63487,15194301,0
"2021-12-24",9242,6731686,2953,5857824,598,565135,20588,2038620,198,34615,20786,2073235,33579,58183,15227880,0
"2021-12-25",343,6732029,64,5857888,31,565166,426,2039046,8,34623,434,2073669,872,51159.43,15228752,0
"2021-12-26",7978,6740007,3927,5861815,341,565507,17268,2056314,164,34787,17432,2091101,29678,51327.29,15258430,0
"2021-12-27",21802,6761809,9207,5871022,932,566439,43409,2099723,524,35311,43933,2135034,75874,51961.29,15334304,0
"2021-12-28",20171,6781980,8328,5879350,698,567137,47550,2147273,581,35892,48131,2183165,77328,52325.29,15411632,0
"2021-12-29",18511,6800491,7668,5887018,607,567744,45514,2192787,457,36349,45971,2229136,72757,51835.71,15484389,0
"2021-12-30",16888,6817379,7417,5894435,584,568328,44798,2237585,557,36906,45355,2274491,70244,51476,15554633,0
"2021-12-31",5361,6822740,2809,5897244,193,568521,14756,2252341,169,37075,14925,2289416,23288,50005.86,15577921,0
"2022-01-01",242,6822982,146,5897390,11,568532,498,2252839,13,37088,511,2289927,910,50011.29,15578831,0
"2022-01-02",6435,6829417,5021,5902411,153,568685,10974,2263813,100,37188,11074,2301001,22683,49012,15601514,0
"2022-01-03",14171,6843588,8474,5910885,515,569200,26866,2290679,285,37473,27151,2328152,50311,45360.14,15651825,0
"2022-01-04",13071,6856659,8079,5918964,412,569612,27021,2317700,336,37809,27357,2355509,48919,41301.71,15700744,0
"2022-01-05",11588,6868247,6983,5925947,384,569996,25762,2343462,286,38095,26048,2381557,45003,37336.86,15745747,0
"2022-01-06",11518,6879765,7380,5933327,485,570481,27454,2370916,315,38410,27769,2409326,47152,34038,15792899,0
"2022-01-07",10448,6890213,8418,5941745,337,570818,24973,2395889,298,38708,25271,2434597,44474,37064.57,15837373,0
"2022-01-08",7915,6898128,8558,5950303,310,571128,19415,2415304,167,38875,19582,2454179,36365,42129.57,15873738,0
"2022-01-09",4137,6902265,3845,5954148,214,571342,10056,2425360,86,38961,10142,2464321,18338,41508.86,15892076,0
"2022-01-10",10178,6912443,8189,5962337,490,571832,24591,2449951,282,39243,24873,2489194,43730,40568.71,15935806,0
"2022-01-11",8904,6921347,7993,5970330,521,572353,20991,2470942,269,39512,21260,2510454,38678,39105.71,15974484,0
"2022-01-12",8949,6930296,8316,5978646,428,572781,22314,2493256,278,39790,22592,2533046,40285,38431.71,16014769,0
"2022-01-13",9057,6939353,8861,5987507,449,573230,22865,2516121,296,40086,23161,2556207,41528,37628.29,16056297,0
"2022-01-14",10124,6949477,8119,5995626,476,573706,26413,2542534,304,40390,26717,2582924,45436,37765.71,16101733,0
"2022-01-15",6211,6955688,4306,5999932,178,573884,15145,2557679,167,40557,15312,2598236,26007,36286,16127740,0
"2022-01-16",2921,6958609,3250,6003182,95,573979,7816,2565495,78,40635,7894,2606130,14160,35689.14,16141900,0
"2022-01-17",6083,6964692,6762,6009944,363,574342,14657,2580152,205,40840,14862,2620992,28070,33452,16169970,0
"2022-01-18",8175,6972867,10310,6020254,397,574739,19650,2599802,309,41149,19959,2640951,38841,33475.29,16208811,0
"2022-01-19",7488,6980355,9245,6029499,305,575044,17690,2617492,258,41407,17948,2658899,34986,32718.29,16243797,0
"2022-01-20",6289,6986644,8561,6038060,305,575349,15237,2632729,227,41634,15464,2674363,30619,31159.86,16274416,0
"2022-01-21",7578,6994222,7493,6045553,276,575625,18481,2651210,269,41903,18750,2693113,34097,29540,16308513,0
"2022-01-22",5194,6999416,4935,6050488,131,575756,11298,2662508,119,42022,11417,2704530,21677,28921.43,16330190,0
"2022-01-23",2814,7002230,3328,6053816,97,575853,6226,2668734,74,42096,6300,2710830,12539,28689.86,16342729,0
"2022-01-24",6377,7008607,8193,6062009,262,576115,15063,2683797,229,42325,15292,2726122,30124,28983.29,16372853,0
"2022-01-25",6200,7014807,7928,6069937,232,576347,14672,2698469,252,42577,14924,2741046,29284,27618,16402137,0
"2022-01-26",5755,7020562,7165,6077102,289,576636,14007,2712476,201,42778,14208,2755254,27417,26536.71,16429554,0
"2022-01-27",5267,7025829,7086,6084188,321,576957,14064,2726540,223,43001,14287,2769541,26961,26014.14,16456515,0
"2022-01-28",6268,7032097,7858,6092046,203,577160,16107,2742647,227,43228,16334,2785875,30663,25523.57,16487178,0
"2022-01-29",842,7032939,727,6092773,28,577188,2535,2745182,38,43266,2573,2788448,4170,23022.57,16491348,0
"2022-01-30",2099,7035038,3022,6095795,103,577291,4531,2749713,62,43328,4593,2793041,9817,22633.71,16501165,0
"2022-01-31",5005,7040043,6590,6102385,220,577511,11360,2761073,192,43520,11552,2804593,23367,21668.43,16524532,0
"2022-02-01",4847,7044890,6435,6108820,219,577730,10691,2771764,205,43725,10896,2815489,22397,20684.57,16546929,0
"2022-02-02",4252,7049142,5916,6114736,214,577944,11212,2782976,232,43957,11444,2826933,21826,19885.86,16568755,0
"2022-02-03",4238,7053380,5800,6120536,216,578160,11208,2794184,192,44149,11400,2838333,21654,19127.71,16590409,0
"2022-02-04",4785,7058165,7103,6127639,214,578374,13199,2807383,232,44381,13431,2851764,25533,18394.86,16615942,0
"2022-02-05",3588,7061753,6045,6133684,110,578484,8561,2815944,144,44525,8705,2860469,18448,20434.57,16634390,0
"2022-02-06",2064,7063817,2135,6135819,121,578605,4630,2820574,102,44627,4732,2865201,9052,20325.29,16643442,0
"2022-02-07",4156,7067973,4723,6140542,205,578810,10125,2830699,226,44853,10351,2875552,19435,19763.57,16662877,0
"2022-02-08",4229,7072202,5608,6146150,214,579024,11315,2842014,299,45152,11614,2887166,21665,19659,16684542,0
"2022-02-09",4144,7076346,5400,6151550,222,579246,11651,2853665,241,45393,11892,2899058,21658,19635,16706200,0
"2022-02-10",3999,7080345,5117,6156667,245,579491,12189,2865854,273,45666,12462,2911520,21823,19659.14,16728023,0
"2022-02-11",4521,7084866,5803,6162470,195,579686,13722,2879576,308,45974,14030,2925550,24549,19518.57,16752572,0
"2022-02-12",3254,7088120,4341,6166811,97,579783,8797,2888373,210,46184,9007,2934557,16699,19268.71,16769271,0
"2022-02-13",1521,7089641,1542,6168353,41,579824,4878,2893251,102,46286,4980,2939537,8084,19130.43,16777355,0
"2022-02-14",2988,7092629,3618,6171971,166,579990,10558,2903809,317,46603,10875,2950412,17647,18875,16795002,0
"2022-02-15",3566,7096195,4066,6176037,176,580166,12765,2916574,274,46877,13039,2963451,20847,18758.14,16815849,0
"2022-02-16",3670,7099865,3899,6179936,200,580366,15687,2932261,284,47161,15971,2979422,23740,19055.57,16839589,0
"2022-02-17",4047,7103912,4082,6184018,162,580528,18260,2950521,349,47510,18609,2998031,26900,19780.86,16866489,0
"2022-02-18",4480,7108392,4776,6188794,190,580718,21525,2972046,444,47954,21969,3020000,31415,20761.71,16897904,0
"2022-02-19",3256,7111648,2179,6190973,65,580783,11167,2983213,210,48164,11377,3031377,16877,20787.14,16914781,0
"2022-02-20",1863,7113511,1444,6192417,59,580842,6572,2989785,111,48275,6683,3038060,10049,21067.86,16924830,0
"2022-02-21",3089,7116600,2689,6195106,95,580937,8348,2998133,219,48494,8567,3046627,14440,20609.71,16939270,0
"2022-02-22",4382,7120982,4247,6199353,175,581112,10827,3008960,244,48738,11071,3057698,19875,20470.86,16959145,0
"2022-02-23",4274,7125256,3788,6203141,145,581257,10653,3019613,232,48970,10885,3068583,19092,19806.86,16978237,0
"2022-02-24",3785,7129041,3653,6206794,108,581365,10178,3029791,227,49197,10405,3078988,17951,18528.43,16996188,0
"2022-02-25",3623,7132664,3620,6210414,134,581499,9972,3039763,226,49423,10198,3089186,17575,16551.29,17013763,0
"2022-02-26",2846,7135510,2579,6212993,74,581573,9503,3049266,149,49572,9652,3098838,15151,16304.71,17028914,0
"2022-02-27",1776,7137286,1373,6214366,52,581625,6264,3055530,97,49669,6361,3105199,9562,16235.14,17038476,0
"2022-02-28",3810,7141096,3129,6217495,140,581765,13113,3068643,244,49913,13357,3118556,20436,17091.71,17058912,0
"2022-03-01",2135,7143231,2613,6220108,103,581868,5159,3073802,181,50094,5340,3123896,10191,15708.29,17069103,0
"2022-03-02",1836,7145067,2434,6222542,106,581974,4117,3077919,204,50298,4321,3128217,8697,14223.29,17077800,0
"2022-03-03",1937,7147004,2557,6225099,106,582080,3792,3081711,167,50465,3959,3132176,8559,12881.57,17086359,0
"2022-03-04",2120,7149124,2870,6227969,66,582146,4322,3086033,205,50670,4527,3136703,9583,11739.86,17095942,0
"2022-03-05",1611,7150735,2122,6230091,43,582189,3309,3089342,111,50781,3420,3140123,7196,10603.43,17103138,0
"2022-03-06",801,7151536,878,6230969,30,582219,1621,3090963,54,50835,1675,3141798,3384,9720.86,17106522,0
"2022-03-07",1667,7153203,1784,6232753,86,582305,3491,3094454,159,50994,3650,3145448,7187,7828.14,17113709,0
"2022-03-08",1549,7154752,1892,6234645,80,582385,3121,3097575,145,51139,3266,3148714,6787,7341.86,17120496,0
"2022-03-09",1268,7156020,1665,6236310,79,582464,2575,3100150,129,51268,2704,3151418,5716,6916,17126212,0
"2022-03-10",1422,7157442,2097,6238407,85,582549,2948,3103098,157,51425,3105,3154523,6709,6651.71,17132921,0
"2022-03-11",1609,7159051,2267,6240674,81,582630,3207,3106305,184,51609,3391,3157914,7348,6332.43,17140269,0
"2022-03-12",878,7159929,1411,6242085,40,582670,1999,3108304,71,51680,2070,3159984,4399,5932.86,17144668,0
"2022-03-13",626,7160555,757,6242842,27,582697,1292,3109596,47,51727,1339,3161323,2749,5842.14,17147417,0
"2022-03-14",1376,7161931,1600,6244442,83,582780,2986,3112582,204,51931,3190,3164513,6249,5708.14,17153666,0
"2022-03-15",1363,7163294,1922,6246364,63,582843,3069,3115651,226,52157,3295,3167808,6643,5687.57,17160309,0
"2022-03-16",1399,7164693,2065,6248429,94,582937,3128,3118779,292,52449,3420,3171228,6978,5867.86,17167287,0
"2022-03-17",1183,7165876,1808,6250237,70,583007,2753,3121532,262,52711,3015,3174243,6076,5777.43,17173363,0
"2022-03-18",1588,7167464,2195,6252432,80,583087,3764,3125296,413,53124,4177,3178420,8040,5876.29,17181403,0
"2022-03-19",1113,7168577,1731,6254163,54,583141,2592,3127888,223,53347,2815,3181235,5713,6064,17187116,0
"2022-03-20",612,7169189,627,6254790,33,583174,1462,3129350,183,53530,1645,3182880,2917,6088,17190033,0
"2022-03-21",1422,7170611,1552,6256342,73,583247,3048,3132398,349,53879,3397,3186277,6444,6115.86,17196477,0
"2022-03-22",1345,7171956,1548,6257890,101,583348,2896,3135294,337,54216,3233,3189510,6227,6056.43,17202704,0
"2022-03-23",1263,7173219,1353,6259243,66,583414,2911,3138205,370,54586,3281,3192791,5963,5911.43,17208667,0
"2022-03-24",1210,7174429,1298,6260541,89,583503,2513,3140718,263,54849,2776,3195567,5373,5811,17214040,0
"2022-03-25",1390,7175819,1626,6262167,62,583565,3258,3143976,372,55221,3630,3199197,6708,5620.71,17220748,0
"2022-03-26",930,7176749,1162,6263329,36,583601,2296,3146272,249,55470,2545,3201742,4673,5472.14,17225421,0
"2022-03-27",573,7177322,527,6263856,29,583630,1312,3147584,201,55671,1513,3203255,2642,5432.86,17228063,0
"2022-03-28",1088,7178410,1159,6265015,68,583698,2439,3150023,354,56025,2793,3206048,5108,5242,17233171,0
"2022-03-29",1052,7179462,1105,6266120,85,583783,2511,3152534,869,56894,3380,3209428,5622,5155.57,17238793,0
"2022-03-30",1248,7180710,1141,6267261,98,583881,3056,3155590,3369,60263,6425,3215853,8912,5576.86,17247705,0
"2022-03-31",1289,7181999,1257,6268518,57,583938,3157,3158747,5440,65703,8597,3224450,11200,6409.29,17258905,0
"2022-04-01",1437,7183436,1496,6270014,76,584014,3244,3161991,6832,72535,10076,3234526,13085,7320.29,17271990,0
"2022-04-02",916,7184352,912,6270926,33,584047,2093,3164084,4472,77007,6565,3241091,8426,7856.43,17280416,0
"2022-04-03",559,7184911,500,6271426,28,584075,1224,3165308,3033,80040,4257,3245348,5344,8242.43,17285760,0
"2022-04-04",1355,7186266,1309,6272735,60,584135,2729,3168037,7621,87661,10350,3255698,13074,9380.43,17298834,0
"2022-04-05",1302,7187568,1162,6273897,66,584201,2856,3170893,7408,95069,10264,3265962,12794,10405,17311628,0
"2022-04-06",1321,7188889,1183,6275080,58,584259,2614,3173507,6878,101947,9492,3275454,12054,10853.86,17323682,0
"2022-04-07",1213,7190102,1061,6276141,54,584313,2373,3175880,6545,108492,8918,3284372,11246,10860.43,17334928,0
"2022-04-08",1500,7191602,1403,6277544,62,584375,3159,3179039,8668,117160,11827,3296199,14792,11104.29,17349720,0
"2022-04-09",936,7192538,918,6278462,28,584403,2059,3181098,4880,122040,6939,3303138,8821,11160.71,17358541,0
"2022-04-10",591,7193129,461,6278923,25,584428,1168,3182266,2863,124903,4031,3307169,5108,11127,17363649,0
"2022-04-11",1339,7194468,1228,6280151,59,584487,2651,3184917,7697,132600,10348,3317517,12974,11112.71,17376623,0
"2022-04-12",1215,7195683,1054,6281205,73,584560,2524,3187441,7329,139929,9853,3327370,12195,11027.14,17388818,0
"2022-04-13",1265,7196948,1069,6282274,59,584619,2496,3189937,7450,147379,9946,3337316,12339,11067.86,17401157,0
"2022-04-14",1280,7198228,1095,6283369,59,584678,2425,3192362,6508,153887,8933,3346249,11367,11085.14,17412524,0
"2022-04-15",1352,7199580,1093,6284462,53,584731,2556,3194918,6538,160425,9094,3355343,11592,10628,17424116,0
"2022-04-16",873,7200453,652,6285114,33,584764,1636,3196554,3622,164047,5258,3360601,6816,10341.57,17430932,0
"2022-04-17",348,7200801,203,6285317,27,584791,638,3197192,1139,165186,1777,3362378,2355,9948.29,17433287,0
"2022-04-18",1388,7202189,1113,6286430,82,584873,2582,3199774,6329,171515,8911,3371289,11494,9736.86,17444781,0
"2022-04-19",1416,7203605,934,6287364,72,584945,2570,3202344,5672,177187,8242,3379531,10664,9518.14,17455445,0
"2022-04-20",1316,7204921,1141,6288505,65,585010,2680,3205024,6561,183748,9241,3388772,11763,9435.86,17467208,0
"2022-04-21",1224,7206145,1063,6289568,53,585063,2324,3207348,5268,189016,7592,3396364,9932,9230.86,17477140,0
"2022-04-22",1219,7207364,1024,6290592,46,585109,2201,3209549,5554,194570,7755,3404119,10044,9009.71,17487184,0
"2022-04-23",718,7208082,750,6291342,59,585168,1425,3210974,3290,197860,4715,3408834,6242,8927.71,17493426,0
"2022-04-24",443,7208525,338,6291680,27,585195,813,3211787,1797,199657,2610,3411444,3418,9079.57,17496844,0
"2022-04-25",1031,7209556,911,6292591,64,585259,1849,3213636,5025,204682,6874,3418318,8880,8706.14,17505724,0
"2022-04-26",946,7210502,856,6293447,76,585335,1750,3215386,4632,209314,6382,3424700,8260,8362.71,17513984,0
"2022-04-27",1042,7211544,1002,6294449,80,585415,1930,3217316,5153,214467,7083,3431783,9207,7997.57,17523191,0
"2022-04-28",1085,7212629,987,6295436,50,585465,2001,3219317,4677,219144,6678,3438461,8800,7835.86,17531991,0
"2022-04-29",1191,7213820,1103,6296539,60,585525,2157,3221474,5301,224445,7458,3445919,9812,7802.71,17541803,0
"2022-04-30",727,7214547,743,6297282,43,585568,1391,3222865,2915,227360,4306,3450225,5819,7742.29,17547622,0
"2022-05-01",452,7214999,368,6297650,20,585588,758,3223623,1629,228989,2387,3452612,3227,7715,17550849,0
"2022-05-02",1055,7216054,791,6298441,52,585640,1672,3225295,3760,232749,5432,3458044,7330,7493.57,17558179,0
"2022-05-03",1119,7217173,857,6299298,61,585701,1985,3227280,4791,237540,6776,3464820,8813,7572.57,17566992,0
"2022-05-04",1022,7218195,884,6300182,48,585749,1910,3229190,4579,242119,6489,3471309,8443,7463.43,17575435,0
"2022-05-05",1048,7219243,953,6301135,86,585835,1922,3231112,4802,246921,6724,3478033,8811,7465,17584246,0
"2022-05-06",1093,7220336,958,6302093,50,585885,1860,3232972,4310,251231,6170,3484203,8271,7244.86,17592517,0
"2022-05-07",661,7220997,588,6302681,31,585916,1202,3234174,2394,253625,3596,3487799,4876,7110.14,17597393,0
"2022-05-08",414,7221411,247,6302928,17,585933,669,3234843,1360,254985,2029,3489828,2707,7035.86,17600100,0
"2022-05-09",1081,7222492,944,6303872,60,585993,1880,3236723,4375,259360,6255,3496083,8340,7180.14,17608440,0
"2022-05-10",1097,7223589,927,6304799,54,586047,1983,3238706,4648,264008,6631,3502714,8709,7165.29,17617149,0
"2022-05-11",1094,7224683,977,6305776,44,586091,1933,3240639,4769,268777,6702,3509416,8817,7218.71,17625966,0
"2022-05-12",1097,7225780,948,6306724,58,586149,1991,3242630,4582,273359,6573,3515989,8676,7199.43,17634642,0
"2022-05-13",1162,7226942,1036,6307760,44,586193,2054,3244684,4721,278080,6775,3522764,9017,7306,17643659,0
"2022-05-14",828,7227770,670,6308430,31,586224,1469,3246153,2889,280969,4358,3527122,5887,7450.43,17649546,0
"2022-05-15",512,7228282,355,6308785,21,586245,917,3247070,1627,282596,2544,3529666,3432,7554,17652978,0
"2022-05-16",1232,7229514,856,6309641,60,586305,1819,3248889,3801,286397,5620,3535286,7768,7472.29,17660746,0
"2022-05-17",1297,7230811,920,6310561,79,586384,2043,3250932,4813,291210,6856,3542142,9152,7535.57,17669898,0
"2022-05-18",1245,7232056,904,6311465,81,586465,2058,3252990,4858,296068,6916,3549058,9146,7582.57,17679044,0
"2022-05-19",1170,7233226,871,6312336,35,586500,2100,3255090,4637,300705,6737,3555795,8813,7602.14,17687857,0
"2022-05-20",1195,7234421,949,6313285,73,586573,2359,3257449,5104,305809,7463,3563258,9680,7696.86,17697537,0
"2022-05-21",837,7235258,646,6313931,23,586596,1706,3259155,3240,309049,4946,3568204,6452,7777.57,17703989,0
"2022-05-22",512,7235770,292,6314223,21,586617,1132,3260287,1819,310868,2951,3571155,3776,7826.71,17707765,0
"2022-05-23",1226,7236996,890,6315113,47,586664,2168,3262455,4634,315502,6802,3577957,8965,7997.71,17716730,0
"2022-05-24",1431,7238427,930,6316043,66,586730,2222,3264677,4387,319889,6609,3584566,9036,7981.14,17725766,0
"2022-05-25",1429,7239856,956,6316999,56,586786,2246,3266923,4170,324059,6416,3590982,8857,7939.86,17734623,0
"2022-05-26",1178,7241034,859,6317858,60,586846,2250,3269173,4057,328116,6307,3597289,8404,7881.43,17743027,0
"2022-05-27",1245,7242279,947,6318805,38,586884,2472,3271645,3794,331910,6266,3603555,8496,7712.29,17751523,0
"2022-05-28",716,7242995,513,6319318,19,586903,1752,3273397,2026,333936,3778,3607333,5026,7508.57,17756549,0
"2022-05-29",474,7243469,215,6319533,11,586914,761,3274158,1111,335047,1872,3609205,2572,7336.57,17759121,0
"2022-05-30",88,7243557,55,6319588,6,586920,137,3274295,143,335190,280,3609485,429,6117.14,17759550,0
"2022-05-31",1134,7244691,902,6320490,50,586970,1863,3276158,2990,338180,4853,3614338,6939,5817.57,17766489,0
"2022-06-01",1134,7245825,838,6321328,62,587032,1952,3278110,3357,341537,5309,3619647,7343,5601.29,17773832,0
"2022-06-02",1020,7246845,794,6322122,71,587103,1797,3279907,3122,344659,4919,3624566,6804,5372.71,17780636,0
"2022-06-03",1165,7248010,883,6323005,48,587151,2041,3281948,3462,348121,5503,3630069,7599,5244.57,17788235,0
"2022-06-04",723,7248733,577,6323582,23,587174,1547,3283495,1881,350002,3428,3633497,4751,5205.29,17792986,0
"2022-06-05",449,7249182,295,6323877,1,587175,874,3284369,966,350968,1840,3635337,2585,5207.14,17795571,0
"2022-06-06",1120,7250302,820,6324697,62,587237,1736,3286105,2678,353646,4414,3639751,6416,6062.43,17801987,0
"2022-06-07",1009,7251311,761,6325458,69,587306,1747,3287852,2514,356160,4261,3644012,6100,5942.57,17808087,0
"2022-06-08",1081,7252392,813,6326271,73,587379,1853,3289705,2677,358837,4530,3648542,6497,5821.71,17814584,0
"2022-06-09",1131,7253523,825,6327096,63,587442,2188,3291893,2650,361487,4838,3653380,6857,5829.29,17821441,0
"2022-06-10",1042,7254565,806,6327902,71,587513,1851,3293744,2736,364223,4587,3657967,6506,5673.14,17827947,0
"2022-06-11",683,7255248,505,6328407,20,587533,1305,3295049,1488,365711,2793,3660760,4001,5566,17831948,0
"2022-06-12",351,7255599,281,6328688,19,587552,861,3295910,765,366476,1626,3662386,2277,5522,17834225,0
"2022-06-13",1019,7256618,752,6329440,57,587609,1542,3297452,2122,368598,3664,3666050,5492,5390,17839717,0
"2022-06-14",920,7257538,792,6330232,53,587662,1623,3299075,2452,371050,4075,3670125,5840,5352.86,17845557,120000
"2022-06-15",935,7258473,824,6331056,35,587697,1592,3300667,2301,373351,3893,3674018,5687,5237.14,17851244,120000
"2022-06-16",879,7259352,724,6331780,53,587750,1617,3302284,1968,375319,3585,3677603,5241,5006.29,17856485,120000
"2022-06-17",863,7260215,748,6332528,36,587786,1652,3303936,2182,377501,3834,3681437,5481,4859.86,17861966,120000
"2022-06-18",653,7260868,504,6333032,24,587810,1238,3305174,1243,378744,2481,3683918,3662,4811.43,17865628,120000
"2022-06-19",352,7261220,222,6333254,11,587821,697,3305871,582,379326,1279,3685197,1864,4752.43,17867492,120000
"2022-06-20",216,7261436,137,6333391,11,587832,415,3306286,484,379810,899,3686096,1263,4148.29,17868755,120000
