"DATE","ADMIN_DOSE1_DAILY","ADMIN_DOSE1_CUMULATIVE","ADMIN_DOSE2_DAILY","ADMIN_DOSE2_CUMULATIVE","ADMIN_SINGLE_DAILY","ADMIN_SINGLE_CUMULATIVE","ADMIN_ADDITIONAL_DAILY","ADMIN_ADDITIONAL_CUMULATIVE","ADMIN_ALLDOSES_DAILY","ADMIN_ALLDOSES_7DAYAVG","ADMIN_ALLDOSES_CUMULATIVE","INCOMPLETE"
"2020-12-14",79,79,0,0,0,0,0,0,79,,79,0
"2020-12-15",2051,2130,7,7,4,4,0,0,2062,,2141,0
"2020-12-16",4603,6733,13,20,1,5,1,1,4618,,6759,0
"2020-12-17",4655,11388,17,37,0,5,1,2,4673,,11432,0
"2020-12-18",5832,17220,21,58,2,7,2,4,5857,,17289,0
"2020-12-19",1689,18909,7,65,3,10,0,4,1699,,18988,0
"2020-12-20",1116,20025,2,67,1,11,0,4,1119,2872.43,20107,0
"2020-12-21",6339,26364,18,85,0,11,5,9,6362,3770,26469,0
"2020-12-22",9794,36158,28,113,2,13,1,10,9825,4879,36294,0
"2020-12-23",14274,50432,35,148,3,16,1,11,14313,6264,50607,0
"2020-12-24",7201,57633,24,172,1,17,0,11,7226,6628.71,57833,0
"2020-12-25",180,57813,0,172,0,17,1,12,181,5817.86,58014,0
"2020-12-26",4389,62202,42,214,0,17,1,13,4432,6208.29,62446,0
"2020-12-27",3868,66070,14,228,0,17,1,14,3883,6603.14,66329,0
"2020-12-28",10994,77064,50,278,1,18,2,16,11047,7272.43,77376,0
"2020-12-29",10720,87784,33,311,2,20,2,18,10757,7405.57,88133,0
"2020-12-30",12824,100608,45,356,0,20,0,18,12869,7199.29,101002,0
"2020-12-31",7263,107871,30,386,1,21,0,18,7294,7209,108296,0
"2021-01-01",181,108052,2,388,1,22,3,21,187,7209.86,108483,0
"2021-01-02",3810,111862,10,398,2,24,2,23,3824,7123,112307,0
"2021-01-03",3543,115405,23,421,2,26,1,24,3569,7078.14,115876,0
"2021-01-04",12257,127662,805,1226,2,28,7,31,13071,7367.29,128947,0
"2021-01-05",14085,141747,2190,3416,2,30,12,43,16289,8157.57,145236,0
"2021-01-06",17804,159551,3925,7341,1,31,30,73,21760,9427.71,166996,0
"2021-01-07",16549,176100,5169,12510,4,35,46,119,21768,11495.43,188764,0
"2021-01-08",16618,192718,5457,17967,0,35,32,151,22107,14626.86,210871,0
"2021-01-09",7650,200368,1463,19430,1,36,7,158,9121,15383.57,219992,0
"2021-01-10",7883,208251,981,20411,0,36,10,168,8874,16141.43,228866,0
"2021-01-11",25827,234078,7455,27866,2,38,48,216,33332,19035.86,262198,0
"2021-01-12",28265,262343,7855,35721,1,39,47,263,36168,21875.71,298366,0
"2021-01-13",31728,294071,9385,45106,1,40,52,315,41166,24648,339532,0
"2021-01-14",35808,329879,5325,50431,1,41,28,343,41162,27418.57,380694,0
"2021-01-15",29268,359147,3706,54137,2,43,31,374,33007,28975.71,413701,0
"2021-01-16",30289,389436,2382,56519,0,43,25,399,32696,32343.57,446397,0
"2021-01-17",23754,413190,1623,58142,0,43,18,417,25395,34703.71,471792,0
"2021-01-18",27108,440298,2413,60555,0,43,35,452,29556,34164.29,501348,0
"2021-01-19",34300,474598,9624,70179,1,44,71,523,43996,35282.57,545344,0
"2021-01-20",34869,509467,9495,79674,1,45,59,582,44424,35748,589768,0
"2021-01-21",25591,535058,8093,87767,2,47,47,629,33733,34686.71,623501,0
"2021-01-22",24757,559815,4381,92148,1,48,31,660,29170,34138.57,652671,0
"2021-01-23",15743,575558,3222,95370,0,48,10,670,18975,32178.43,671646,0
"2021-01-24",7175,582733,3453,98823,0,48,19,689,10647,30071.57,682293,0
"2021-01-25",13414,596147,11820,110643,0,48,64,753,25298,29463.29,707591,0
"2021-01-26",16765,612912,10752,121395,0,48,67,820,27584,27118.71,735175,0
"2021-01-27",20835,633747,12356,133751,0,48,50,870,33241,25521.14,768416,0
"2021-01-28",30760,664507,12851,146602,0,48,79,949,43690,26943.57,812106,0
"2021-01-29",31693,696200,11498,158100,0,48,79,1028,43270,28957.86,855376,0
"2021-01-30",18715,714915,3737,161837,0,48,21,1049,22473,29457.57,877849,0
"2021-01-31",13022,727937,2919,164756,1,49,28,1077,15970,30218,893819,0
"2021-02-01",1180,729117,5369,170125,4,53,35,1112,6588,27545.14,900407,0
"2021-02-02",2828,731945,9471,179596,2,55,49,1161,12350,25368.86,912757,0
"2021-02-03",16349,748294,21242,200838,4,59,201,1362,37796,26019.57,950553,0
"2021-02-04",27047,775341,19646,220484,3,62,200,1562,46896,26477.57,997449,0
"2021-02-05",27599,802940,20033,240517,0,62,183,1745,47815,27126.86,1045264,0
"2021-02-06",22994,825934,11245,251762,0,62,109,1854,34348,28823.29,1079612,0
"2021-02-07",12046,837980,8281,260043,1,63,89,1943,20417,29458.57,1100029,0
"2021-02-08",16966,854946,23514,283557,2,65,230,2173,40712,34333.43,1140741,0
"2021-02-09",17194,872140,28111,311668,2,67,332,2505,45639,39089,1186380,0
"2021-02-10",19593,891733,29309,340977,2,69,257,2762,49161,40712.57,1235541,0
"2021-02-11",27850,919583,33465,374442,2,71,343,3105,61660,42821.71,1297201,0
"2021-02-12",38402,957985,30790,405232,3,74,356,3461,69551,45926.86,1366752,0
"2021-02-13",28001,985986,25312,430544,2,76,310,3771,53625,48680.71,1420377,0
"2021-02-14",16280,1002266,23728,454272,0,76,262,4033,40270,51516.86,1460647,0
"2021-02-15",12795,1015061,10527,464799,2,78,167,4200,23491,49056.71,1484138,0
"2021-02-16",14241,1029302,26730,491529,0,78,321,4521,41292,48435.71,1525430,0
"2021-02-17",16399,1045701,22183,513712,1,79,287,4808,38870,46965.57,1564300,0
"2021-02-18",12154,1057855,24988,538700,21,100,285,5093,37448,43506.71,1601748,0
"2021-02-19",13264,1071119,23936,562636,39,139,301,5394,37540,38933.71,1639288,0
"2021-02-20",11353,1082472,26072,588708,6,145,324,5718,37755,36666.57,1677043,0
"2021-02-21",6364,1088836,17424,606132,15,160,282,6000,24085,34354.43,1701128,0
"2021-02-22",13041,1101877,11848,617980,2,162,125,6125,25016,34572.29,1726144,0
"2021-02-23",25245,1127122,14147,632127,1,163,159,6284,39552,34323.71,1765696,0
"2021-02-24",36358,1163480,20382,652509,0,163,221,6505,56961,36908.14,1822657,0
"2021-02-25",54621,1218101,30373,682882,6,169,397,6902,85397,43758,1908054,0
"2021-02-26",62875,1280976,31857,714739,4,173,408,7310,95144,51987.14,2003198,0
"2021-02-27",51302,1332278,22745,737484,47,220,328,7638,74422,57225.29,2077620,0
"2021-02-28",44598,1376876,13811,751295,7,227,205,7843,58621,62159,2136241,0
"2021-03-01",39316,1416192,12773,764068,10,237,166,8009,52265,66051.71,2188506,0
"2021-03-02",47082,1463274,12570,776638,7,244,160,8169,59819,68947,2248325,0
"2021-03-03",48605,1511879,16153,792791,17,261,146,8315,64921,70084.14,2313246,0
"2021-03-04",59823,1571702,22813,815604,1092,1353,267,8582,83995,69883.86,2397241,0
"2021-03-05",60989,1632691,24276,839880,3109,4462,329,8911,88703,68963.71,2485944,0
"2021-03-06",47181,1679872,18876,858756,5451,9913,239,9150,71747,68581.57,2557691,0
"2021-03-07",36048,1715920,14869,873625,6245,16158,229,9379,57391,68405.86,2615082,0
"2021-03-08",39632,1755552,14664,888289,8564,24722,312,9691,63172,69964,2678254,0
"2021-03-09",39105,1794657,12837,901126,7766,32488,175,9866,59883,69973.14,2738137,0
"2021-03-10",51832,1846489,15326,916452,5067,37555,228,10094,72453,71049.14,2810590,0
"2021-03-11",59996,1906485,21795,938247,4617,42172,257,10351,86665,71430.57,2897255,0
"2021-03-12",52205,1958690,30304,968551,4183,46355,370,10721,87062,71196.14,2984317,0
"2021-03-13",40657,1999347,26681,995232,5108,51463,325,11046,72771,71342.43,3057088,0
"2021-03-14",30720,2030067,15958,1011190,4528,55991,238,11284,51444,70492.86,3108532,0
"2021-03-15",33589,2063656,17240,1028430,4717,60708,236,11520,55782,69437.14,3164314,0
"2021-03-16",38680,2102336,20486,1048916,4925,65633,263,11783,64354,70075.86,3228668,0
"2021-03-17",42624,2144960,24771,1073687,4248,69881,335,12118,71978,70008,3300646,0
"2021-03-18",50466,2195426,26790,1100477,5240,75121,363,12481,82859,69464.29,3383505,0
"2021-03-19",47802,2243228,29927,1130404,5625,80746,390,12871,83744,68990.29,3467249,0
"2021-03-20",38712,2281940,25820,1156224,4689,85435,293,13164,69514,68525,3536763,0
"2021-03-21",29304,2311244,19347,1175571,770,86205,219,13383,49640,68267.29,3586403,0
"2021-03-22",33872,2345116,26723,1202294,4037,90242,261,13644,64893,69568.86,3651296,0
"2021-03-23",38437,2383553,32828,1235122,4219,94461,287,13931,75771,71199.86,3727067,0
"2021-03-24",41505,2425058,37576,1272698,4849,99310,326,14257,84256,72953.86,3811323,0
"2021-03-25",43419,2468477,50761,1323459,5055,104365,468,14725,99703,75360.14,3911026,0
"2021-03-26",38506,2506983,55481,1378940,4310,108675,525,15250,98822,77514.14,4009848,0
"2021-03-27",35745,2542728,45730,1424670,2939,111614,408,15658,84822,79701,4094670,0
"2021-03-28",26397,2569125,34428,1459098,1482,113096,328,15986,62635,81557.43,4157305,0
"2021-03-29",34825,2603950,38840,1497938,3248,116344,341,16327,77254,83323.29,4234559,0
"2021-03-30",40518,2644468,41904,1539842,3713,120057,332,16659,86467,84851.29,4321026,0
"2021-03-31",49406,2693874,44838,1584680,7440,127497,397,17056,102081,87397.71,4423107,0
"2021-04-01",50786,2744660,53928,1638608,11277,138774,502,17558,116493,89796.29,4539600,0
"2021-04-02",43761,2788421,53868,1692476,11971,150745,548,18106,110148,91414.29,4649748,0
"2021-04-03",39259,2827680,39197,1731673,9861,160606,335,18441,88652,91961.43,4738400,0
"2021-04-04",26561,2854241,24762,1756435,3902,164508,221,18662,55446,90934.43,4793846,0
"2021-04-05",41888,2896129,34467,1790902,11195,175703,367,19029,87917,92457.71,4881763,0
"2021-04-06",53278,2949407,35597,1826499,13224,188927,423,19452,102522,94751.29,4984285,0
"2021-04-07",55520,3004927,40679,1867178,14390,203317,394,19846,110983,96023,5095268,0
"2021-04-08",59278,3064205,46565,1913743,16339,219656,510,20356,122692,96908.57,5217960,0
"2021-04-09",56651,3120856,44949,1958692,17547,237203,511,20867,119658,98267.14,5337618,0
"2021-04-10",49357,3170213,35637,1994329,12728,249931,386,21253,98108,99618,5435726,0
"2021-04-11",38187,3208400,28814,2023143,7685,257616,292,21545,74978,102408.29,5510704,0
"2021-04-12",46644,3255044,31851,2054994,13495,271111,459,22004,92449,103055.71,5603153,0
"2021-04-13",52550,3307594,33789,2088783,368,271479,388,22392,87095,100851.86,5690248,0
"2021-04-14",50150,3357744,39961,2128744,20,271499,365,22757,90496,97925.14,5780744,0
"2021-04-15",52129,3409873,43675,2172419,16,271515,454,23211,96274,94151.14,5877018,0
"2021-04-16",51191,3461064,42221,2214640,32,271547,411,23622,93855,90465,5970873,0
"2021-04-17",43846,3504910,35685,2250325,3,271550,364,23986,79898,87863.57,6050771,0
"2021-04-18",28609,3533519,29375,2279700,7,271557,249,24235,58240,85472.43,6109011,0
"2021-04-19",37478,3570997,36447,2316147,22,271579,320,24555,74267,82875,6183278,0
"2021-04-20",40812,3611809,39629,2355776,19,271598,310,24865,80770,81971.43,6264048,0
"2021-04-21",38910,3650719,46009,2401785,15,271613,488,25353,85422,81246.57,6349470,0
"2021-04-22",38507,3689226,48957,2450742,9,271622,331,25684,87804,80036.57,6437274,0
"2021-04-23",39707,3728933,44373,2495115,4,271626,348,26032,84432,78690.43,6521706,0
"2021-04-24",31958,3760891,41600,2536715,44,271670,276,26308,73878,77830.43,6595584,0
"2021-04-25",18425,3779316,31228,2567943,86,271756,190,26498,49929,76643.14,6645513,0
"2021-04-26",26976,3806292,40733,2608676,1013,272769,284,26782,69006,75891.57,6714519,0
"2021-04-27",28578,3834870,47140,2655816,1697,274466,347,27129,77762,75461.86,6792281,0
"2021-04-28",27055,3861925,56831,2712647,2148,276614,424,27553,86458,75609.86,6878739,0
"2021-04-29",28614,3890539,57198,2769845,2148,278762,359,27912,88319,75683.43,6967058,0
"2021-04-30",30129,3920668,51986,2821831,2056,280818,278,28190,84449,75685.86,7051507,0
"2021-05-01",22483,3943151,44550,2866381,1177,281995,222,28412,68432,74907.86,7119939,0
"2021-05-02",11929,3955080,36656,2903037,1080,283075,133,28545,49798,74889.14,7169737,0
"2021-05-03",18036,3973116,53019,2956056,2383,285458,251,28796,73689,75558.14,7243426,0
"2021-05-04",22744,3995860,56644,3012700,2330,287788,261,29057,81979,76160.57,7325405,0
"2021-05-05",21481,4017341,48794,3061494,2312,290100,309,29366,72896,74223.14,7398301,0
"2021-05-06",20687,4038028,50179,3111673,2507,292607,269,29635,73642,72126.43,7471943,0
"2021-05-07",21259,4059287,52100,3163773,2813,295420,303,29938,76475,70987.29,7548418,0
"2021-05-08",16636,4075923,41868,3205641,1835,297255,227,30165,60566,69863.57,7608984,0
"2021-05-09",7976,4083899,29412,3235053,1260,298515,149,30314,38797,68292,7647781,0
"2021-05-10",14398,4098297,38533,3273586,2356,300871,229,30543,55516,65695.86,7703297,0
"2021-05-11",19922,4118219,43050,3316636,2514,303385,280,30823,65766,63379.71,7769063,0
"2021-05-12",17819,4136038,40529,3357165,3596,306981,227,31050,62171,61847.57,7831234,0
"2021-05-13",24977,4161015,40428,3397593,3230,310211,259,31309,68894,61169.29,7900128,0
"2021-05-14",27027,4188042,42910,3440503,3537,313748,279,31588,73753,60780.43,7973881,0
"2021-05-15",23653,4211695,34913,3475416,3366,317114,247,31835,62179,61010.86,8036060,0
"2021-05-16",15536,4227231,19437,3494853,2497,319611,125,31960,37595,60839.14,8073655,0
"2021-05-17",22679,4249910,29138,3523991,3258,322869,175,32135,55250,60801.14,8128905,0
"2021-05-18",24643,4274553,31902,3555893,3404,326273,236,32371,60185,60003.86,8189090,0
"2021-05-19",24202,4298755,29706,3585599,3040,329313,223,32594,57171,59289.57,8246261,0
"2021-05-20",24163,4322918,30079,3615678,3162,332475,270,32864,57674,57686.71,8303935,0
"2021-05-21",24691,4347609,32000,3647678,3060,335535,249,33113,60000,55722,8363935,0
"2021-05-22",20028,4367637,24354,3672032,2525,338060,160,33273,47067,53563.14,8411002,0
"2021-05-23",11238,4378875,13730,3685762,1411,339471,93,33366,26472,51974.14,8437474,0
"2021-05-24",18884,4397759,23150,3708912,2757,342228,214,33580,45005,50510.57,8482479,0
"2021-05-25",19442,4417201,23372,3732284,2601,344829,177,33757,45592,48425.86,8528071,0
"2021-05-26",18790,4435991,21081,3753365,2696,347525,199,33956,42766,46368,8570837,0
"2021-05-27",18475,4454466,21267,3774632,2530,350055,189,34145,42461,44194.71,8613298,0
"2021-05-28",17870,4472336,22886,3797518,2752,352807,186,34331,43694,41865.29,8656992,0
"2021-05-29",12714,4485050,17806,3815324,1755,354562,103,34434,32378,39766.86,8689370,0
"2021-05-30",7033,4492083,8947,3824271,1074,355636,46,34480,17100,38428,8706470,0
"2021-05-31",4742,4496825,6926,3831197,1012,356648,64,34544,12744,33819.29,8719214,0
"2021-06-01",16042,4512867,25195,3856392,2175,358823,150,34694,43562,33529.29,8762776,0
"2021-06-02",15355,4528222,20389,3876781,2093,360916,137,34831,37974,32844.71,8800750,0
"2021-06-03",15011,4543233,23816,3900597,2280,363196,125,34956,41232,32669.14,8841982,0
"2021-06-04",14732,4557965,25982,3926579,2492,365688,143,35099,43349,32619.86,8885331,0
"2021-06-05",10993,4568958,22087,3948666,1806,367494,111,35210,34997,32994,8920328,0
"2021-06-06",6449,4575407,14466,3963132,1222,368716,84,35294,22221,33725.57,8942549,0
"2021-06-07",11715,4587122,21782,3984914,2380,371096,137,35431,36014,37049.86,8978563,0
"2021-06-08",12656,4599778,24015,4008929,2072,373168,116,35547,38859,36378,9017422,0
"2021-06-09",11151,4610929,23020,4031949,2297,375465,129,35676,36597,36181.29,9054019,0
"2021-06-10",12073,4623002,22230,4054179,2462,377927,138,35814,36903,35562.86,9090922,0
"2021-06-11",12709,4635711,25118,4079297,2483,380410,150,35964,40460,35150.14,9131382,0
"2021-06-12",10170,4645881,19306,4098603,1888,382298,92,36056,31456,34644.29,9162838,0
"2021-06-13",4260,4650141,10934,4109537,1219,383517,41,36097,16454,33820.43,9179292,0
"2021-06-14",10215,4660356,19241,4128778,2042,385559,126,36223,31624,33193.29,9210916,0
"2021-06-15",11892,4672248,21004,4149782,1943,387502,128,36351,34967,32637.29,9245883,0
"2021-06-16",11592,4683840,19408,4169190,1956,389458,138,36489,33094,32136.86,9278977,0
"2021-06-17",11024,4694864,18761,4187951,1971,391429,119,36608,31875,31418.57,9310852,0
"2021-06-18",12170,4707034,18498,4206449,2116,393545,113,36721,32897,30338.14,9343749,0
"2021-06-19",8503,4715537,13516,4219965,1459,395004,80,36801,23558,29209.86,9367307,0
"2021-06-20",4336,4719873,7159,4227124,924,395928,36,36837,12455,28638.57,9379762,0
"2021-06-21",10164,4730037,10006,4237130,1806,397734,68,36905,22044,27270,9401806,0
"2021-06-22",9836,4739873,15641,4252771,1589,399323,106,37011,27172,26156.43,9428978,0
"2021-06-23",10317,4750190,15184,4267955,1861,401184,100,37111,27462,25351.86,9456440,0
"2021-06-24",9692,4759882,14697,4282652,1799,402983,116,37227,26304,24556,9482744,0
"2021-06-25",10593,4770475,14383,4297035,1718,404701,110,37337,26804,23685.57,9509548,0
"2021-06-26",7806,4778281,10465,4307500,1246,405947,73,37410,19590,23118.71,9529138,0
"2021-06-27",5003,4783284,6000,4313500,796,406743,31,37441,11830,23029.43,9540968,0
"2021-06-28",9035,4792319,10345,4323845,1524,408267,104,37545,21008,22881.43,9561976,0
"2021-06-29",9750,4802069,12311,4336156,1347,409614,127,37672,23535,22361.86,9585511,0
"2021-06-30",9432,4811501,10926,4347082,1481,411095,146,37818,21985,21579.43,9607496,0
"2021-07-01",9399,4820900,10926,4358008,1431,412526,125,37943,21881,20947.57,9629377,0
"2021-07-02",9697,4830597,11435,4369443,1541,414067,121,38064,22794,20374.71,9652171,0
"2021-07-03",7060,4837657,8420,4377863,1193,415260,75,38139,16748,19968.71,9668919,0
"2021-07-04",1288,4838945,1336,4379199,567,415827,8,38147,3199,18735.71,9672118,0
"2021-07-05",6496,4845441,7104,4386303,1208,417035,64,38211,14872,17859.14,9686990,0
"2021-07-06",9513,4854954,12849,4399152,1317,418352,114,38325,23793,17896,9710783,0
"2021-07-07",8673,4863627,11105,4410257,1419,419771,121,38446,21318,17800.71,9732101,0
"2021-07-08",8210,4871837,10190,4420447,1260,421031,106,38552,19766,17498.57,9751867,0
"2021-07-09",8378,4880215,10829,4431276,1279,422310,88,38640,20574,17181.43,9772441,0
"2021-07-10",7110,4887325,8626,4439902,1132,423442,63,38703,16931,17207.57,9789372,0
"2021-07-11",4104,4891429,4539,4444441,703,424145,34,38737,9380,18090.57,9798752,0
"2021-07-12",8452,4899881,9555,4453996,1250,425395,80,38817,19337,18728.43,9818089,0
"2021-07-13",9468,4909349,9383,4463379,951,426346,104,38921,19906,18173.14,9837995,0
"2021-07-14",9004,4918353,9527,4472906,1009,427355,102,39023,19642,17933.71,9857637,0
"2021-07-15",8793,4927146,9151,4482057,1051,428406,82,39105,19077,17835.29,9876714,0
"2021-07-16",9242,4936388,9761,4491818,978,429384,101,39206,20082,17765,9896796,0
"2021-07-17",6845,4943233,7386,4499204,802,430186,78,39284,15111,17505,9911907,0
"2021-07-18",4260,4947493,4282,4503486,569,430755,35,39319,9146,17471.57,9921053,0
"2021-07-19",9127,4956620,8467,4511953,999,431754,88,39407,18681,17377.86,9939734,0
"2021-07-20",10653,4967273,8756,4520709,991,432745,93,39500,20493,17461.71,9960227,0
"2021-07-21",10053,4977326,8764,4529473,903,433648,144,39644,19864,17493.43,9980091,0
"2021-07-22",10687,4988013,8582,4538055,1045,434693,142,39786,20456,17690.43,10000547,0
"2021-07-23",11257,4999270,8877,4546932,1114,435807,135,39921,21383,17876.29,10021930,0
"2021-07-24",7406,5006676,6733,4553665,670,436477,81,40002,14890,17844.71,10036820,0
"2021-07-25",5480,5012156,2123,4555788,509,436986,59,40061,8171,17705.43,10044991,0
"2021-07-26",10878,5023034,6999,4562787,859,437845,109,40170,18845,17728.86,10063836,0
"2021-07-27",12059,5035093,8564,4571351,857,438702,132,40302,21612,17888.71,10085448,0
"2021-07-28",11999,5047092,8045,4579396,950,439652,129,40431,21123,18068.57,10106571,0
"2021-07-29",10939,5058031,7424,4586820,983,440635,132,40563,19478,17928.86,10126049,0
"2021-07-30",14957,5072988,8007,4594827,1150,441785,180,40743,24294,18344.71,10150343,0
"2021-07-31",9730,5082718,6312,4601139,816,442601,118,40861,16976,18642.71,10167319,0
"2021-08-01",6504,5089222,3309,4604448,564,443165,79,40940,10456,18969.14,10177775,0
"2021-08-02",13449,5102671,7154,4611602,847,444012,145,41085,21595,19362,10199370,0
"2021-08-03",15417,5118088,8380,4619982,1109,445121,143,41228,25049,19853,10224419,0
"2021-08-04",17263,5135351,8121,4628103,1454,446575,179,41407,27017,20695,10251436,0
"2021-08-05",17868,5153219,7923,4636026,1366,447941,161,41568,27318,21815,10278754,0
"2021-08-06",18184,5171403,8410,4644436,1233,449174,162,41730,27989,22342.86,10306743,0
"2021-08-07",13389,5184792,6016,4650452,799,449973,97,41827,20301,22817.86,10327044,0
"2021-08-08",9310,5194102,3836,4654288,399,450372,82,41909,13627,23270.86,10340671,0
"2021-08-09",21342,5215444,8526,4662814,963,451335,169,42078,31000,24614.43,10371671,0
"2021-08-10",18924,5234368,9330,4672144,950,452285,171,42249,29375,25232.43,10401046,0
"2021-08-11",15651,5250019,8307,4680451,853,453138,128,42377,24939,24935.57,10425985,0
"2021-08-12",15053,5265072,8975,4689426,939,454077,167,42544,25134,24623.57,10451119,0
"2021-08-13",14927,5279999,9290,4698716,921,454998,237,42781,25375,24250.14,10476494,0
"2021-08-14",10415,5290414,6401,4705117,626,455624,528,43309,17970,23917.14,10494464,0
"2021-08-15",6698,5297112,4475,4709592,676,456300,566,43875,12415,23744,10506879,0
"2021-08-16",15729,5312841,9290,4718882,1149,457449,1318,45193,27486,23242,10534365,0
"2021-08-17",17780,5330621,10436,4729318,1223,458672,1762,46955,31201,23502.86,10565566,0
"2021-08-18",17511,5348132,10362,4739680,1261,459933,1979,48934,31113,24384.86,10596679,0
"2021-08-19",16307,5364439,9517,4749197,1315,461248,1947,50881,29086,24949.43,10625765,0
"2021-08-20",16289,5380728,11536,4760733,1254,462502,1849,52730,30928,25742.71,10656693,0
"2021-08-21",11156,5391884,8038,4768771,878,463380,1051,53781,21123,26193.14,10677816,0
"2021-08-22",4084,5395968,3897,4772668,262,463642,515,54296,8758,25670.71,10686574,0
"2021-08-23",15585,5411553,11792,4784460,1023,464665,1544,55840,29944,26021.86,10716518,0
"2021-08-24",16920,5428473,12594,4797054,1006,465671,1771,57611,32291,26177.57,10748809,0
"2021-08-25",14589,5443062,12438,4809492,1110,466781,1563,59174,29700,25975.71,10778509,0
"2021-08-26",16171,5459233,14084,4823576,1072,467853,1765,60939,33092,26548,10811601,0
"2021-08-27",14890,5474123,14821,4838397,972,468825,1659,62598,32342,26750,10843943,0
"2021-08-28",10690,5484813,11516,4849913,836,469661,1009,63607,24051,27168.29,10867994,0
"2021-08-29",7221,5492034,7494,4857407,541,470202,775,64382,16031,28207.29,10884025,0
"2021-08-30",15532,5507566,16923,4874330,1077,471279,1788,66170,35320,28975.29,10919345,0
"2021-08-31",15528,5523094,15948,4890278,951,472230,1963,68133,34390,29275.14,10953735,0
"2021-09-01",14837,5537931,14095,4904373,1021,473251,1799,69932,31752,29568.29,10985487,0
"2021-09-02",14345,5552276,12518,4916891,896,474147,1693,71625,29452,29048.29,11014939,0
"2021-09-03",15018,5567294,14297,4931188,974,475121,1891,73516,32180,29025.14,11047119,0
"2021-09-04",9650,5576944,9406,4940594,688,475809,962,74478,20706,28547.29,11067825,0
"2021-09-05",6804,5583748,5513,4946107,438,476247,707,75185,13462,28180.29,11081287,0
"2021-09-06",5200,5588948,4509,4950616,358,476605,269,75454,10336,24611.14,11091623,0
"2021-09-07",15580,5604528,17691,4968307,912,477517,1541,76995,35724,24801.71,11127347,0
"2021-09-08",16177,5620705,14820,4983127,1073,478590,1755,78750,33825,25097.86,11161172,0
"2021-09-09",16125,5636830,14742,4997869,1047,479637,1901,80651,33815,25721.14,11194987,0
"2021-09-10",18375,5655205,15389,5013258,1208,480845,1965,82616,36937,26400.71,11231924,0
"2021-09-11",12642,5667847,10344,5023602,958,481803,1017,83633,24961,27008.57,11256885,0
"2021-09-12",8536,5676383,5050,5028652,766,482569,689,84322,15041,27234.14,11271926,0
"2021-09-13",16938,5693321,12949,5041601,976,483545,1642,85964,32505,30401.14,11304431,0
"2021-09-14",16277,5709598,13675,5055276,886,484431,1588,87552,32426,29930,11336857,0
"2021-09-15",15551,5725149,12868,5068144,729,485160,1561,89113,30709,29484.86,11367566,0
"2021-09-16",15348,5740497,13903,5082047,1211,486371,1447,90560,31909,29212.57,11399475,0
"2021-09-17",14440,5754937,13963,5096010,922,487293,1819,92379,31144,28385,11430619,0
"2021-09-18",10005,5764942,10173,5106183,913,488206,1047,93426,22138,27981.71,11452757,0
"2021-09-19",6181,5771123,6069,5112252,558,488764,743,94169,13551,27768.86,11466308,0
"2021-09-20",12683,5783806,12629,5124881,1069,489833,1914,96083,28295,27167.43,11494603,0
"2021-09-21",12243,5796049,12769,5137650,1110,490943,2012,98095,28134,26554.29,11522737,0
"2021-09-22",12832,5808881,11995,5149645,1090,492033,1675,99770,27592,26109,11550329,0
"2021-09-23",14954,5823835,12754,5162399,1639,493672,2252,102022,31599,26064.71,11581928,0
"2021-09-24",16460,5840295,13365,5175764,1633,495305,4609,106631,36067,26768,11617995,0
"2021-09-25",10551,5850846,9023,5184787,1018,496323,3444,110075,24036,27039.14,11642031,0
"2021-09-26",6308,5857154,5761,5190548,774,497097,2415,112490,15258,27283,11657289,0
"2021-09-27",14178,5871332,8053,5198601,1155,498252,9005,121495,32391,27868.14,11689680,0
"2021-09-28",11161,5882493,11768,5210369,901,499153,9868,131363,33698,28663,11723378,0
"2021-09-29",11617,5894110,12193,5222562,1206,500359,9412,140775,34428,29639.57,11757806,0
"2021-09-30",12256,5906366,12596,5235158,1339,501698,9694,150469,35885,30251.86,11793691,0
"2021-10-01",12662,5919028,13426,5248584,1284,502982,10226,160695,37598,30470.57,11831289,0
"2021-10-02",7739,5926767,9973,5258557,865,503847,4215,164910,22792,30292.86,11854081,0
"2021-10-03",5080,5931847,6155,5264712,593,504440,2605,167515,14433,30175,11868514,0
"2021-10-04",9921,5941768,11026,5275738,913,505353,9481,176996,31341,30025,11899855,0
"2021-10-05",10181,5951949,11733,5287471,972,506325,9907,186903,32793,29895.71,11932648,0
"2021-10-06",9931,5961880,11054,5298525,937,507262,9902,196805,31824,29523.71,11964472,0
"2021-10-07",9682,5971562,12187,5310712,852,508114,10159,206964,32880,29094.43,11997352,0
"2021-10-08",9478,5981040,12170,5322882,943,509057,10867,217831,33458,28503,12030810,0
"2021-10-09",6273,5987313,8274,5331156,649,509706,4102,221933,19298,28003.86,12050108,0
"2021-10-10",3546,5990859,5024,5336180,458,510164,2420,224353,11448,27577.43,12061556,0
"2021-10-11",7640,5998499,9330,5345510,728,510892,8867,233220,26565,26895.14,12088121,0
"2021-10-12",8086,6006585,11001,5356511,891,511783,10467,243687,30445,26559.71,12118566,0
"2021-10-13",7177,6013762,10139,5366650,869,512652,8752,252439,26937,25861.57,12145503,0
"2021-10-14",7462,6021224,11111,5377761,835,513487,10068,262507,29476,25375.29,12174979,0
"2021-10-15",7746,6028970,11864,5389625,823,514310,10757,273264,31190,25051.29,12206169,0
"2021-10-16",4871,6033841,7465,5397090,666,514976,3813,277077,16815,24696.57,12222984,0
"2021-10-17",3062,6036903,4474,5401564,411,515387,2437,279514,10384,24544.57,12233368,0
"2021-10-18",7067,6043970,10661,5412225,796,516183,9415,288929,27939,24740.86,12261307,0
"2021-10-19",6592,6050562,8940,5421165,805,516988,9045,297974,25382,24017.57,12286689,0
"2021-10-20",6555,6057117,9378,5430543,975,517963,9936,307910,26844,24004.29,12313533,0
"2021-10-21",7048,6064165,9379,5439922,859,518822,10807,318717,28093,23806.71,12341626,0
"2021-10-22",8145,6072310,10341,5450263,1025,519847,16306,335023,35817,24467.71,12377443,0
"2021-10-23",5189,6077499,6457,5456720,690,520537,9098,344121,21434,25127.57,12398877,0
"2021-10-24",3280,6080779,3971,5460691,770,521307,6142,350263,14163,25667.43,12413040,0
"2021-10-25",8805,6089584,8745,5469436,1148,522455,19211,369474,37909,27091.71,12450949,0
"2021-10-26",8223,6097807,7727,5477163,1259,523714,17262,386736,34471,28390.14,12485420,0
"2021-10-27",10595,6108402,8394,5485557,1604,525318,20811,407547,41404,30470.14,12526824,0
"2021-10-28",11363,6119765,8038,5493595,1792,527110,20801,428348,41994,32456,12568818,0
"2021-10-29",11868,6131633,8244,5501839,1963,529073,22482,450830,44557,33704.57,12613375,0
"2021-10-30",4645,6136278,5055,5506894,934,530007,11146,461976,21780,33754,12635155,0
"2021-10-31",2670,6138948,2705,5509599,544,530551,6610,468586,12529,33520.57,12647684,0
"2021-11-01",7179,6146127,6953,5516552,1089,531640,20334,488920,35555,33184.29,12683239,0
"2021-11-02",6616,6152743,6590,5523142,1055,532695,20719,509639,34980,33257,12718219,0
"2021-11-03",6873,6159616,6681,5529823,1027,533722,20592,530231,35173,32366.86,12753392,0
"2021-11-04",9334,6168950,6276,5536099,997,534719,22323,552554,38930,31929.14,12792322,0
"2021-11-05",11096,6180046,6720,5542819,1053,535772,23720,576274,42589,31648,12834911,0
"2021-11-06",11144,6191190,4051,5546870,593,536365,12574,588848,28362,32588.29,12863273,0
"2021-11-07",7272,6198462,2284,5549154,577,536942,7089,595937,17222,33258.71,12880495,0
"2021-11-08",15082,6213544,5680,5554834,867,537809,19465,615402,41094,34050,12921589,0
"2021-11-09",16181,6229725,5384,5560218,661,538470,20483,635885,42709,35154.14,12964298,0
"2021-11-10",16968,6246693,5324,5565542,685,539155,22605,658490,45582,36641.14,13009880,0
"2021-11-11",12608,6259301,5193,5570735,760,539915,22039,680529,40600,36879.71,13050480,0
"2021-11-12",16925,6276226,5682,5576417,708,540623,23357,703886,46672,37463,13097152,0
"2021-11-13",9963,6286189,3666,5580083,465,541088,13298,717184,27392,37324.43,13124544,0
"2021-11-14",6032,6292221,2295,5582378,325,541413,7914,725098,16566,37230.71,13141110,0
"2021-11-15",13269,6305490,5969,5588347,690,542103,25061,750159,44989,37787.14,13186099,0
"2021-11-16",10013,6315503,5789,5594136,655,542758,30608,780767,47065,38409.43,13233164,0
"2021-11-17",10349,6325852,6679,5600815,681,543439,31365,812132,49074,38908.29,13282238,0
"2021-11-18",10776,6336628,6547,5607362,860,544299,32940,845072,51123,40411.57,13333361,0
"2021-11-19",12068,6348696,6555,5613917,716,545015,36192,881264,55531,41677.14,13388892,0
"2021-11-20",9377,6358073,3422,5617339,514,545529,22467,903731,35780,42875.43,13424672,0
"2021-11-21",4991,6363064,1892,5619231,287,545816,13166,916897,20336,43414,13445008,0
"2021-11-22",10496,6373560,5793,5625024,752,546568,35868,952765,52909,44545.43,13497917,0
"2021-11-23",9864,6383424,4780,5629804,637,547205,33449,986214,48730,44783.29,13546647,0
"2021-11-24",8759,6392183,4752,5634556,651,547856,25872,1012086,40034,43491.86,13586681,0
"2021-11-25",452,6392635,325,5634881,80,547936,1000,1013086,1857,36453.86,13588538,0
"2021-11-26",8098,6400733,6990,5641871,528,548464,26545,1039631,42161,34543.86,13630699,0
"2021-11-27",6709,6407442,6833,5648704,372,548836,18799,1058430,32713,34105.71,13663412,0
"2021-11-28",4100,6411542,5782,5654486,282,549118,11849,1070279,22013,34345.29,13685425,0
"2021-11-29",9144,6420686,10989,5665475,688,549806,34949,1105228,55770,34754,13741195,0
"2021-11-30",10571,6431257,11433,5676908,513,550319,37712,1142940,60229,36396.71,13801424,0
"2021-12-01",11241,6442498,10983,5687891,723,551042,40273,1183213,63220,39709,13864644,0
"2021-12-02",11719,6454217,11026,5698917,626,551668,42070,1225283,65441,48792.43,13930085,0
"2021-12-03",13560,6467777,12879,5711796,677,552345,47856,1273139,74972,53479.71,14005057,0
"2021-12-04",9895,6477672,11284,5723080,567,552912,30616,1303755,52362,56286.71,14057419,0
"2021-12-05",5782,6483454,5703,5728783,269,553181,16628,1320383,28382,57196.57,14085801,0
"2021-12-06",12412,6495866,9950,5738733,602,553783,43161,1363544,66125,58675.86,14151926,0
"2021-12-07",12672,6508538,9257,5747990,625,554408,42972,1406516,65526,59432.57,14217452,0
"2021-12-08",13609,6522147,8761,5756751,555,554963,40718,1447234,63643,59493,14281095,0
"2021-12-09",13582,6535729,8763,5765514,557,555520,40736,1487970,63638,59235.43,14344733,0
"2021-12-10",14117,6549846,10133,5775647,671,556191,43573,1531543,68494,58310,14413227,0
"2021-12-11",10307,6560153,8117,5783764,405,556596,26668,1558211,45497,57329.29,14458724,0
"2021-12-12",6051,6566204,3856,5787620,288,556884,15137,1573348,25332,56893.57,14484056,0
"2021-12-13",12286,6578490,7422,5795042,656,557540,37826,1611174,58190,55760,14542246,0
"2021-12-14",12299,6590789,6962,5802004,731,558271,38080,1649254,58072,54695.14,14600318,0
"2021-12-15",12179,6602968,6240,5808244,755,559026,38050,1687304,57224,53778.14,14657542,0
"2021-12-16",13198,6616166,4273,5812517,742,559768,40947,1728251,59160,53138.43,14716702,0
"2021-12-17",16029,6632195,6934,5819451,620,560388,46675,1774926,70258,53390.43,14786960,0
"2021-12-18",13073,6645268,5714,5825165,432,560820,30548,1805474,49767,54000.43,14836727,0
"2021-12-19",7056,6652324,2993,5828158,326,561146,17973,1823447,28348,54431.29,14865075,0
"2021-12-20",16942,6669266,5871,5834029,747,561893,47343,1870790,70903,56247.43,14935978,0
"2021-12-21",18042,6687308,6565,5840594,806,562699,48819,1919609,74232,58556,15010210,0
"2021-12-22",18630,6705938,6564,5847158,938,563637,49560,1969169,75692,61194.29,15085902,0
"2021-12-23",19101,6725039,6478,5853636,929,564566,45754,2014923,72262,63066,15158164,0
"2021-12-24",9252,6734291,2949,5856585,598,565164,20578,2035501,33377,57797.29,15191541,0
"2021-12-25",344,6734635,64,5856649,31,565195,424,2035925,863,50811,15192404,0
"2021-12-26",7987,6742622,3927,5860576,341,565536,17255,2053180,29510,50977,15221914,0
"2021-12-27",21857,6764479,9204,5869780,933,566469,43356,2096536,75350,51612.29,15297264,0
"2021-12-28",20216,6784695,8328,5878108,698,567167,47499,2144035,76741,51970.71,15374005,0
"2021-12-29",18545,6803240,7665,5885773,607,567774,45475,2189510,72292,51485,15446297,0
"2021-12-30",16920,6820160,7417,5893190,583,568357,44766,2234276,69686,51117,15515983,0
"2021-12-31",5371,6825531,2808,5895998,193,568550,14742,2249018,23114,49650.86,15539097,0
"2022-01-01",237,6825768,146,5896144,11,568561,498,2249516,892,49655,15539989,0
"2022-01-02",6450,6832218,5013,5901157,153,568714,10969,2260485,22585,48665.71,15562574,0
"2022-01-03",14204,6846422,8480,5909637,515,569229,26828,2287313,50027,45048.14,15612601,0
"2022-01-04",13117,6859539,8070,5917707,412,569641,26966,2314279,48565,41023,15661166,0
"2022-01-05",11640,6871179,6972,5924679,385,570026,25712,2339991,44709,37082.57,15705875,0
"2022-01-06",11571,6882750,7368,5932047,485,570511,27417,2367408,46841,33819,15752716,0
"2022-01-07",10488,6893238,8415,5940462,337,570848,24936,2392344,44176,36827.86,15796892,0
"2022-01-08",7952,6901190,8549,5949011,310,571158,19384,2411728,36195,41871.14,15833087,0
"2022-01-09",4150,6905340,3844,5952855,214,571372,10044,2421772,18252,41252.14,15851339,0
"2022-01-10",10194,6915534,8184,5961039,490,571862,24570,2446342,43438,40310.86,15894777,0
"2022-01-11",8929,6924463,7989,5969028,521,572383,20964,2467306,38403,38859.14,15933180,0
"2022-01-12",8967,6933430,8317,5977345,428,572811,22290,2489596,40002,38186.71,15973182,0
"2022-01-13",9065,6942495,8860,5986205,451,573262,22808,2512404,41184,37378.57,16014366,0
"2022-01-14",10143,6952638,8112,5994317,476,573738,26384,2538788,45115,37512.71,16059481,0
"2022-01-15",6220,6958858,4305,5998622,178,573916,15132,2553920,25835,36032.71,16085316,0
"2022-01-16",2930,6961788,3252,6001874,95,574011,7808,2561728,14085,35437.43,16099401,0
"2022-01-17",6103,6967891,6756,6008630,363,574374,14641,2576369,27863,33212.43,16127264,0
"2022-01-18",8186,6976077,10299,6018929,396,574770,19607,2595976,38488,33224.57,16165752,0
"2022-01-19",7508,6983585,9236,6028165,306,575076,17673,2613649,34723,32470.43,16200475,0
"2022-01-20",6303,6989888,8563,6036728,305,575381,15194,2628843,30365,30924.86,16230840,0
"2022-01-21",7596,6997484,7487,6044215,276,575657,18462,2647305,33821,29311.43,16264661,0
"2022-01-22",5203,7002687,4931,6049146,131,575788,11290,2658595,21555,28700,16286216,0
"2022-01-23",2821,7005508,3326,6052472,97,575885,6219,2664814,12463,28468.29,16298679,0
"2022-01-24",6404,7011912,8192,6060664,262,576147,15015,2679829,29873,28755.43,16328552,0
"2022-01-25",6212,7018124,7922,6068586,232,576379,14658,2694487,29024,27403.43,16357576,0
"2022-01-26",5768,7023892,7159,6075745,290,576669,13985,2708472,27202,26329,16384778,0
"2022-01-27",5278,7029170,7082,6082827,321,576990,14045,2722517,26726,25809.14,16411504,0
"2022-01-28",6303,7035473,7855,6090682,204,577194,16071,2738588,30433,25325.14,16441937,0
"2022-01-29",848,7036321,728,6091410,28,577222,2528,2741116,4132,22836.14,16446069,0
"2022-01-30",2099,7038420,3021,6094431,103,577325,4529,2745645,9752,22448.86,16455821,0
"2022-01-31",5032,7043452,6592,6101023,219,577544,11328,2756973,23171,21491.43,16478992,0
"2022-02-01",4857,7048309,6436,6107459,219,577763,10671,2767644,22183,20514.14,16501175,0
"2022-02-02",4257,7052566,5921,6113380,214,577977,11202,2778846,21594,19713,16522769,0
"2022-02-03",4247,7056813,5795,6119175,217,578194,11194,2790040,21453,18959.71,16544222,0
"2022-02-04",4801,7061614,7106,6126281,214,578408,13177,2803217,25298,18226.14,16569520,0
"2022-02-05",3595,7065209,6045,6132326,110,578518,8554,2811771,18304,20250.71,16587824,0
"2022-02-06",2066,7067275,2137,6134463,121,578639,4627,2816398,8951,20136.29,16596775,0
"2022-02-07",4161,7071436,4723,6139186,205,578844,10117,2826515,19206,19569.86,16615981,0
"2022-02-08",4239,7075675,5603,6144789,214,579058,11282,2837797,21338,19449.14,16637319,0
"2022-02-09",4145,7079820,5394,6150183,222,579280,11644,2849441,21405,19422.14,16658724,0
"2022-02-10",4009,7083829,5113,6155296,245,579525,12173,2861614,21540,19434.57,16680264,0
"2022-02-11",4536,7088365,5800,6161096,194,579719,13706,2875320,24236,19282.86,16704500,0
"2022-02-12",3263,7091628,4337,6165433,96,579815,8794,2884114,16490,19023.71,16720990,0
"2022-02-13",1523,7093151,1542,6166975,41,579856,4877,2888991,7983,18885.43,16728973,0
"2022-02-14",2996,7096147,3619,6170594,165,580021,10549,2899540,17329,18617.29,16746302,0
"2022-02-15",3576,7099723,4064,6174658,176,580197,12750,2912290,20566,18507,16766868,0
"2022-02-16",3672,7103395,3897,6178555,198,580395,15683,2927973,23450,18799.14,16790318,0
"2022-02-17",4058,7107453,4079,6182634,164,580559,18240,2946213,26541,19513.57,16816859,0
"2022-02-18",4495,7111948,4776,6187410,190,580749,21508,2967721,30969,20475.43,16847828,0
"2022-02-19",3262,7115210,2180,6189590,65,580814,11153,2978874,16660,20499.71,16864488,0
"2022-02-20",1867,7117077,1445,6191035,59,580873,6569,2985443,9940,20779.29,16874428,0
"2022-02-21",3099,7120176,2686,6193721,95,580968,8345,2993788,14225,20335.86,16888653,0
"2022-02-22",4405,7124581,4244,6197965,175,581143,10804,3004592,19628,20201.86,16908281,0
"2022-02-23",4285,7128866,3782,6201747,145,581288,10641,3015233,18853,19545.14,16927134,0
"2022-02-24",3786,7132652,3650,6205397,108,581396,10166,3025399,17710,18283.57,16944844,0
"2022-02-25",3627,7136279,3618,6209015,134,581530,9962,3035361,17341,16336.71,16962185,0
"2022-02-26",2851,7139130,2578,6211593,74,581604,9499,3044860,15002,16099.86,16977187,0
"2022-02-27",1779,7140909,1372,6212965,52,581656,6264,3051124,9467,16032.29,16986654,0
"2022-02-28",3825,7144734,3127,6216092,141,581797,13099,3064223,20192,16884.71,17006846,0
"2022-03-01",2138,7146872,2610,6218702,103,581900,5157,3069380,10008,15510.43,17016854,0
"2022-03-02",1832,7148704,2428,6221130,106,582006,4112,3073492,8478,14028.29,17025332,0
"2022-03-03",1940,7150644,2557,6223687,106,582112,3785,3077277,8388,12696.57,17033720,0
"2022-03-04",2118,7152762,2867,6226554,66,582178,4316,3081593,9367,11557.43,17043087,0
"2022-03-05",1613,7154375,2124,6228678,43,582221,3305,3084898,7085,10426.43,17050172,0
"2022-03-06",802,7155177,878,6229556,30,582251,1619,3086517,3329,9549.57,17053501,0
"2022-03-07",1672,7156849,1781,6231337,86,582337,3485,3090002,7024,7668.43,17060525,0
"2022-03-08",1553,7158402,1891,6233228,81,582418,3115,3093117,6640,7187.29,17067165,0
"2022-03-09",1267,7159669,1665,6234893,78,582496,2573,3095690,5583,6773.71,17072748,0
"2022-03-10",1426,7161095,2095,6236988,85,582581,2943,3098633,6549,6511,17079297,0
"2022-03-11",1606,7162701,2268,6239256,81,582662,3203,3101836,7158,6195.43,17086455,0
"2022-03-12",880,7163581,1412,6240668,40,582702,1996,3103832,4328,5801.57,17090783,0
"2022-03-13",626,7164207,757,6241425,26,582728,1291,3105123,2700,5711.71,17093483,0
"2022-03-14",1383,7165590,1597,6243022,83,582811,2981,3108104,6044,5571.71,17099527,0
"2022-03-15",1358,7166948,1923,6244945,63,582874,3067,3111171,6411,5539,17105938,0
"2022-03-16",1399,7168347,2064,6247009,94,582968,3123,3114294,6680,5695.71,17112618,0
"2022-03-17",1183,7169530,1811,6248820,70,583038,2750,3117044,5814,5590.71,17118432,0
"2022-03-18",1590,7171120,2179,6250999,80,583118,3756,3120800,7605,5654.57,17126037,0
"2022-03-19",1116,7172236,1725,6252724,54,583172,2587,3123387,5482,5819.43,17131519,0
"2022-03-20",613,7172849,629,6253353,32,583204,1459,3124846,2733,5824.14,17134252,0
"2022-03-21",1423,7174272,1551,6254904,73,583277,3041,3127887,6088,5830.43,17140340,0
"2022-03-22",1342,7175614,1547,6256451,101,583378,2890,3130777,5880,5754.57,17146220,0
"2022-03-23",1257,7176871,1352,6257803,66,583444,2908,3133685,5583,5597.86,17151803,0
"2022-03-24",1214,7178085,1295,6259098,89,583533,2507,3136192,5105,5496.57,17156908,0
"2022-03-25",1390,7179475,1616,6260714,61,583594,3252,3139444,6319,5312.86,17163227,0
"2022-03-26",928,7180403,1156,6261870,36,583630,2291,3141735,4411,5159.86,17167638,0
"2022-03-27",576,7180979,525,6262395,29,583659,1310,3143045,2440,5118,17170078,0
"2022-03-28",1085,7182064,1151,6263546,68,583727,2433,3145478,4737,4925,17174815,0
"2022-03-29",1059,7183123,1104,6264650,86,583813,2499,3147977,4748,4763.29,17179563,0
"2022-03-30",1250,7184373,1139,6265789,98,583911,3054,3151031,5541,4757.29,17185104,0
"2022-03-31",1271,7185644,1253,6267042,57,583968,3150,3154181,5731,4846.71,17190835,0
"2022-04-01",1427,7187071,1491,6268533,74,584042,3238,3157419,6230,4834,17197065,0
"2022-04-02",909,7187980,918,6269451,33,584075,2094,3159513,3954,4768.71,17201019,0
"2022-04-03",557,7188537,497,6269948,28,584103,1226,3160739,2308,4749.86,17203327,0
"2022-04-04",1354,7189891,1306,6271254,60,584163,2722,3163461,5442,4850.57,17208769,0
"2022-04-05",1297,7191188,1156,6272410,68,584231,2861,3166322,5382,4941.14,17214151,0
"2022-04-06",1294,7192482,1182,6273592,58,584289,2615,3168937,5149,4885.14,17219300,0
"2022-04-07",1211,7193693,1064,6274656,54,584343,2372,3171309,4701,4738,17224001,0
"2022-04-08",1485,7195178,1395,6276051,56,584399,3152,3174461,6088,4717.71,17230089,0
"2022-04-09",937,7196115,919,6276970,28,584427,2046,3176507,3930,4714.29,17234019,0
"2022-04-10",593,7196708,462,6277432,25,584452,1169,3177676,2249,4705.86,17236268,0
"2022-04-11",1341,7198049,1229,6278661,59,584511,2646,3180322,5275,4682,17241543,0
"2022-04-12",1209,7199258,1050,6279711,73,584584,2522,3182844,4854,4606.57,17246397,0
"2022-04-13",1264,7200522,1065,6280776,58,584642,2497,3185341,4884,4568.71,17251281,0
"2022-04-14",1277,7201799,1092,6281868,59,584701,2420,3187761,4848,4589.71,17256129,0
"2022-04-15",1336,7203135,1091,6282959,52,584753,2552,3190313,5031,4438.71,17261160,0
"2022-04-16",875,7204010,650,6283609,31,584784,1634,3191947,3190,4333,17264350,0
"2022-04-17",349,7204359,203,6283812,27,584811,636,3192583,1215,4185.29,17265565,0
"2022-04-18",1376,7205735,1108,6284920,82,584893,2578,3195161,5144,4166.57,17270709,0
"2022-04-19",1409,7207144,935,6285855,70,584963,2562,3197723,4976,4184,17275685,0
"2022-04-20",1309,7208453,1135,6286990,65,585028,2661,3200384,5170,4224.86,17280855,0
"2022-04-21",1216,7209669,1061,6288051,51,585079,2313,3202697,4641,4195.29,17285496,0
"2022-04-22",1217,7210886,1011,6289062,44,585123,2193,3204890,4465,4114.43,17289961,0
"2022-04-23",719,7211605,745,6289807,59,585182,1415,3206305,2938,4078.43,17292899,0
"2022-04-24",441,7212046,339,6290146,27,585209,809,3207114,1616,4135.71,17294515,0
"2022-04-25",1021,7213067,909,6291055,62,585271,1841,3208955,3833,3948.43,17298348,0
"2022-04-26",925,7213992,849,6291904,76,585347,1750,3210705,3600,3751.86,17301948,0
"2022-04-27",1025,7215017,976,6292880,78,585425,1921,3212626,4000,3584.71,17305948,0
"2022-04-28",1070,7216087,973,6293853,48,585473,1969,3214595,4060,3501.71,17310008,0
"2022-04-29",924,7217011,952,6294805,57,585530,1719,3216314,3652,3385.57,17313660,0
"2022-04-30",718,7217729,739,6295544,43,585573,1389,3217703,2889,3378.57,17316549,0
"2022-05-01",447,7218176,371,6295915,20,585593,751,3218454,1589,3374.71,17318138,0
"2022-05-02",1034,7219210,796,6296711,50,585643,1652,3220106,3532,3331.71,17321670,0
"2022-05-03",1086,7220296,847,6297558,59,585702,1953,3222059,3945,3381,17325615,0
"2022-05-04",1007,7221303,874,6298432,47,585749,1893,3223952,3821,3355.43,17329436,0
"2022-05-05",1037,7222340,943,6299375,77,585826,1909,3225861,3966,3342,17333402,0
"2022-05-06",1073,7223413,921,6300296,47,585873,1845,3227706,3886,3375.43,17337288,0
"2022-05-07",645,7224058,583,6300879,29,585902,1189,3228895,2446,3312.14,17339734,0
"2022-05-08",416,7224474,247,6301126,17,585919,667,3229562,1347,3277.57,17341081,0
"2022-05-09",1064,7225538,929,6302055,60,585979,1858,3231420,3911,3331.71,17344992,0
"2022-05-10",1075,7226613,913,6302968,49,586028,1954,3233374,3991,3338.29,17348983,0
"2022-05-11",1078,7227691,957,6303925,39,586067,1896,3235270,3970,3359.57,17352953,0
"2022-05-12",1071,7228762,926,6304851,54,586121,1951,3237221,4002,3364.71,17356955,120000
"2022-05-13",1152,7229914,1019,6305870,43,586164,2006,3239227,4220,3412.43,17361175,120000
"2022-05-14",802,7230716,652,6306522,27,586191,1440,3240667,2921,3480.29,17364096,120000
"2022-05-15",499,7231215,350,6306872,20,586211,907,3241574,1776,3541.57,17365872,120000
"2022-05-16",1194,7232409,815,6307687,58,586269,1765,3243339,3832,3530.29,17369704,120000
"2022-05-17",1217,7233626,837,6308524,67,586336,1915,3245254,4036,3536.71,17373740,120000
"2022-05-18",345,7233971,268,6308792,22,586358,562,3245816,1197,3140.57,17374937,120000
