"DATE","ADMIN_DOSE1_DAILY","ADMIN_DOSE1_CUMULATIVE","ADMIN_DOSE2_DAILY","ADMIN_DOSE2_CUMULATIVE","ADMIN_SINGLE_DAILY","ADMIN_SINGLE_CUMULATIVE","ADMIN_ALLDOSES_DAILY","ADMIN_ALLDOSES_7DAYAVG","ADMIN_ALLDOSES_CUMULATIVE","INCOMPLETE"
"2020-12-14",78,78,0,0,0,0,78,,78,0
"2020-12-15",2050,2128,3,3,4,4,2057,,2135,0
"2020-12-16",4567,6695,12,15,1,5,4580,,6715,0
"2020-12-17",4652,11347,15,30,0,5,4667,,11382,0
"2020-12-18",5799,17146,24,54,2,7,5825,,17207,0
"2020-12-19",1686,18832,5,59,3,10,1694,,18901,0
"2020-12-20",1109,19941,2,61,1,11,1112,2859,20013,0
"2020-12-21",6267,26208,12,73,1,12,6280,3745,26293,0
"2020-12-22",9767,35975,22,95,2,14,9791,4849.86,36084,0
"2020-12-23",14239,50214,35,130,2,16,14276,6235,50360,0
"2020-12-24",7201,57415,54,184,1,17,7256,6604.86,57616,0
"2020-12-25",179,57594,0,184,0,17,179,5798.29,57795,0
"2020-12-26",4330,61924,35,219,0,17,4365,6179.86,62160,0
"2020-12-27",3828,65752,9,228,0,17,3837,6569.14,65997,0
"2020-12-28",10978,76730,37,265,1,18,11016,7245.71,77013,0
"2020-12-29",10695,87425,29,294,2,20,10726,7379.29,87739,0
"2020-12-30",12782,100207,48,342,0,20,12830,7172.71,100569,0
"2020-12-31",7240,107447,20,362,0,20,7260,7173.29,107829,0
"2021-01-01",184,107631,2,364,1,21,187,7174.43,108016,0
"2021-01-02",3806,111437,9,373,2,23,3817,7096.14,111833,0
"2021-01-03",3525,114962,19,392,1,24,3545,7054.43,115378,0
"2021-01-04",12198,127160,794,1186,0,24,12992,7336.71,128370,0
"2021-01-05",13987,141147,2159,3345,0,24,16146,8111,144516,0
"2021-01-06",17715,158862,3891,7236,0,24,21606,9364.71,166122,0
"2021-01-07",16426,175288,5133,12369,3,27,21562,11407.86,187684,0
"2021-01-08",16452,191740,5370,17739,0,27,21822,14498.57,209506,0
"2021-01-09",7659,199399,1444,19183,1,28,9104,15253.86,218610,0
"2021-01-10",7882,207281,961,20144,0,28,8843,16010.71,227453,0
"2021-01-11",25627,232908,7311,27455,1,29,32939,18860.29,260392,0
"2021-01-12",27899,260807,7790,35245,1,30,35690,21652.29,296082,0
"2021-01-13",31449,292256,9316,44561,1,31,40766,24389.43,336848,0
"2021-01-14",35527,327783,5269,49830,1,32,40797,27137.29,377645,0
"2021-01-15",28986,356769,3565,53395,2,34,32553,28670.29,410198,0
"2021-01-16",30150,386919,2315,55710,0,34,32465,32007.57,442663,0
"2021-01-17",23827,410746,1567,57277,0,34,25394,34372,468057,0
"2021-01-18",26926,437672,2330,59607,0,34,29256,33845.86,497313,0
"2021-01-19",33934,471606,9525,69132,1,35,43460,34955.86,540773,0
"2021-01-20",34454,506060,9366,78498,1,36,43821,35392.29,584594,0
"2021-01-21",25199,531259,7979,86477,0,36,33178,34303.86,617772,0
"2021-01-22",24252,555511,4346,90823,0,36,28598,33738.86,646370,0
"2021-01-23",15304,570815,3186,94009,0,36,18490,31742.43,664860,0
"2021-01-24",6973,577788,3399,97408,0,36,10372,29596.43,675232,0
"2021-01-25",13027,590815,11698,109106,0,36,24725,28949.14,699957,0
"2021-01-26",16342,607157,10574,119680,0,36,26916,26585.71,726873,0
"2021-01-27",20365,627522,12174,131854,0,36,32539,24974,759412,0
"2021-01-28",30417,657939,12675,144529,0,36,43092,26390.29,802504,0
"2021-01-29",31347,689286,11260,155789,0,36,42607,28391.57,845111,0
"2021-01-30",18430,707716,3663,159452,0,36,22093,28906.29,867204,0
"2021-01-31",12941,720657,2849,162301,0,36,15790,29680.29,882994,0
"2021-02-01",1128,721785,5287,167588,2,38,6417,27064.86,889411,0
"2021-02-02",2783,724568,9247,176835,2,40,12032,24938.57,901443,0
"2021-02-03",16204,740772,20744,197579,3,43,36951,25568.86,938394,0
"2021-02-04",26741,767513,19191,216770,2,45,45934,25974.86,984328,0
"2021-02-05",27262,794775,19595,236365,0,45,46857,26582,1031185,0
"2021-02-06",22762,817537,11077,247442,0,45,33839,28260,1065024,0
"2021-02-07",12045,829582,8142,255584,0,45,20187,28888.14,1085211,0
"2021-02-08",16761,846343,23153,278737,2,47,39916,33673.71,1125127,0
"2021-02-09",16992,863335,27665,306402,2,49,44659,38334.71,1169786,0
"2021-02-10",19446,882781,28793,335195,1,50,48240,39947.43,1218026,0
"2021-02-11",27702,910483,32936,368131,2,52,60640,42048.29,1278666,0
"2021-02-12",38264,948747,30194,398325,3,55,68461,45134.57,1347127,0
"2021-02-13",27786,976533,24831,423156,2,57,52619,47817.43,1399746,0
"2021-02-14",16218,992751,23419,446575,0,57,39637,50596,1439383,0
"2021-02-15",12620,1005371,10291,456866,1,58,22912,48166.86,1462295,0
"2021-02-16",14065,1019436,26207,483073,0,58,40272,47540.14,1502567,0
"2021-02-17",16124,1035560,21660,504733,1,59,37785,46046.57,1540352,0
"2021-02-18",11985,1047545,24586,529319,22,81,36593,42611.29,1576945,0
"2021-02-19",13059,1060604,23569,552888,39,120,36667,38069.29,1613612,0
"2021-02-20",11152,1071756,25832,578720,6,126,36990,35836.57,1650602,0
"2021-02-21",6280,1078036,17289,596009,15,141,23584,33543.29,1674186,0
"2021-02-22",12676,1090712,11619,607628,2,143,24297,33741.14,1698483,0
"2021-02-23",24931,1115643,13931,621559,1,144,38863,33539.86,1737346,0
"2021-02-24",35993,1151636,19805,641364,0,144,55798,36113.14,1793144,0
"2021-02-25",54386,1206022,29577,670941,7,151,83970,42881.29,1877114,0
"2021-02-26",62674,1268696,30982,701923,4,155,93660,51023.14,1970774,0
"2021-02-27",51156,1319852,22101,724024,49,204,73306,56211.14,2044080,0
"2021-02-28",44655,1364507,13413,737437,4,208,58072,61138,2102152,0
"2021-03-01",39035,1403542,12104,749541,8,216,51147,64973.71,2153299,0
"2021-03-02",46796,1450338,11827,761368,7,223,58630,67797.57,2211929,0
"2021-03-03",48226,1498564,15430,776798,16,239,63672,68922.43,2275601,0
"2021-03-04",59480,1558044,22142,798940,1087,1326,82709,68742.29,2358310,0
"2021-03-05",60601,1618645,23684,822624,3110,4436,87395,67847.29,2445705,0
"2021-03-06",46904,1665549,18401,841025,5434,9870,70739,67480.57,2516444,0
"2021-03-07",35943,1701492,14557,855582,6241,16111,56741,67290.43,2573185,0
"2021-03-08",39354,1740846,14299,869881,8550,24661,62203,68869.86,2635388,0
"2021-03-09",38786,1779632,12059,881940,7769,32430,58614,68867.57,2694002,0
"2021-03-10",51348,1830980,14326,896266,5048,37478,70722,69874.71,2764724,0
"2021-03-11",59838,1890818,20737,917003,4572,42050,85147,70223,2849871,0
"2021-03-12",51924,1942742,29332,946335,4133,46183,85389,69936.43,2935260,0
"2021-03-13",40497,1983239,26337,972672,5101,51284,71935,70107.29,3007195,0
"2021-03-14",30652,2013891,15509,988181,4549,55833,50710,69245.71,3057905,0
"2021-03-15",33327,2047218,16278,1004459,4787,60620,54392,68129.86,3112297,0
"2021-03-16",38410,2085628,19432,1023891,4915,65535,62757,68721.71,3175054,0
"2021-03-17",42386,2128014,23676,1047567,4241,69776,70303,68661.86,3245357,0
"2021-03-18",50352,2178366,25731,1073298,5281,75057,81364,68121.43,3326721,0
"2021-03-19",47591,2225957,28785,1102083,5617,80674,81993,67636.29,3408714,0
"2021-03-20",38612,2264569,24939,1127022,4682,85356,68233,67107.43,3476947,0
"2021-03-21",29238,2293807,18528,1145550,771,86127,48537,66797,3525484,0
"2021-03-22",33720,2327527,25587,1171137,4022,90149,63329,68073.71,3588813,0
"2021-03-23",38241,2365768,31509,1202646,4198,94347,73948,69672.43,3662761,0
"2021-03-24",41361,2407129,36285,1238931,4828,99175,82474,71411.14,3745235,0
"2021-03-25",43250,2450379,49053,1287984,5037,104212,97340,73693.43,3842575,0
"2021-03-26",38345,2488724,53659,1341643,4298,108510,96302,75737.57,3938877,0
"2021-03-27",35704,2524428,43968,1385611,2919,111429,82591,77788.71,4021468,0
"2021-03-28",26390,2550818,32954,1418565,1475,112904,60819,79543.29,4082287,0
"2021-03-29",34688,2585506,37107,1455672,3247,116151,75042,81216.57,4157329,0
"2021-03-30",40348,2625854,40511,1496183,3699,119850,84558,82732.29,4241887,0
"2021-03-31",49272,2675126,43339,1539522,7421,127271,100032,85240.57,4341919,0
"2021-04-01",50541,2725667,52914,1592436,11159,138430,114614,87708.29,4456533,0
"2021-04-02",43548,2769215,52866,1645302,11874,150304,108288,89420.57,4564821,0
"2021-04-03",39106,2808321,38363,1683665,9772,160076,87241,90084.86,4652062,0
"2021-04-04",26496,2834817,23818,1707483,3860,163936,54174,89135.57,4706236,0
"2021-04-05",41703,2876520,33700,1741183,11112,175048,86515,90774.57,4792751,0
"2021-04-06",52977,2929497,34403,1775586,13102,188150,100482,93049.43,4893233,0
"2021-04-07",55374,2984871,39725,1815311,14321,202471,109420,94390.57,5002653,0
"2021-04-08",59071,3043942,45548,1860859,16234,218705,120853,95281.86,5123506,0
"2021-04-09",56394,3100336,43737,1904596,17364,236069,117495,96597.14,5241001,0
"2021-04-10",49202,3149538,35378,1939974,12587,248656,97167,98015.14,5338168,0
"2021-04-11",38117,3187655,28697,1968671,7522,256178,74336,100895.43,5412504,0
"2021-04-12",46490,3234145,31498,2000169,13412,269590,91400,101593.29,5503904,0
"2021-04-13",52362,3286507,33391,2033560,365,269955,86118,99541.29,5590022,0
"2021-04-14",50005,3336512,39552,2073112,20,269975,89577,96706.57,5679599,0
"2021-04-15",51996,3388508,43223,2116335,13,269988,95232,93046.43,5774831,0
"2021-04-16",51048,3439556,41882,2158217,30,270018,92960,89541.43,5867791,0
"2021-04-17",43768,3483324,35440,2193657,3,270021,79211,86976.29,5947002,0
"2021-04-18",28620,3511944,29246,2222903,7,270028,57873,84624.43,6004875,0
"2021-04-19",37359,3549303,36108,2259011,22,270050,73489,82065.71,6078364,0
"2021-04-20",40711,3590014,39327,2298338,18,270068,80056,81199.71,6158420,0
"2021-04-21",38889,3628903,45574,2343912,12,270080,84475,80470.86,6242895,0
"2021-04-22",38487,3667390,48513,2392425,4,270084,87004,79295.43,6329899,0
"2021-04-23",39619,3707009,43973,2436398,5,270089,83597,77957.86,6413496,0
"2021-04-24",31837,3738846,41312,2477710,45,270134,73194,77098.29,6486690,0
"2021-04-25",18401,3757247,31136,2508846,83,270217,49620,75919.29,6536310,0
"2021-04-26",26879,3784126,40402,2549248,1012,271229,68293,75177,6604603,0
"2021-04-27",28577,3812703,46750,2595998,1690,272919,77017,74742.86,6681620,0
"2021-04-28",27110,3839813,56384,2652382,2132,275051,85626,74907.29,6767246,0
"2021-04-29",28719,3868532,56729,2709111,2126,277177,87574,74988.71,6854820,0
"2021-04-30",30157,3898689,51522,2760633,2016,279193,83695,75002.71,6938515,0
"2021-05-01",22513,3921202,44226,2804859,1164,280357,67903,74246.86,7006418,0
"2021-05-02",11940,3933142,36521,2841380,1077,281434,49538,74235.14,7055956,0
"2021-05-03",18002,3951144,52704,2894084,2376,283810,73082,74919.29,7129038,0
"2021-05-04",22727,3973871,56290,2950374,2315,286125,81332,75535.71,7210370,0
"2021-05-05",21498,3995369,48488,2998862,2302,288427,72288,73630.29,7282658,0
"2021-05-06",20703,4016072,49833,3048695,2494,290921,73030,71552.57,7355688,0
"2021-05-07",21309,4037381,51776,3100471,2790,293711,75875,70435.43,7431563,0
"2021-05-08",16663,4054044,41633,3142104,1834,295545,60130,69325,7491693,0
"2021-05-09",7988,4062032,29347,3171451,1260,296805,38595,67761.71,7530288,0
"2021-05-10",14377,4076409,38247,3209698,2346,299151,54970,65174.29,7585258,0
"2021-05-11",19936,4096345,42775,3252473,2505,301656,65216,62872,7650474,0
"2021-05-12",17828,4114173,40249,3292722,3582,305238,61659,61353.57,7712133,0
"2021-05-13",24953,4139126,40195,3332917,3218,308456,68366,60687.29,7780499,0
"2021-05-14",26987,4166113,42621,3375538,3523,311979,73131,60295.29,7853630,0
"2021-05-15",23701,4189814,34685,3410223,3356,315335,61742,60525.57,7915372,0
"2021-05-16",15546,4205360,19332,3429555,2499,317834,37377,60351.57,7952749,0
"2021-05-17",22632,4227992,28865,3458420,3241,321075,54738,60318.43,8007487,0
"2021-05-18",24612,4252604,31700,3490120,3386,324461,59698,59530.14,8067185,0
"2021-05-19",24212,4276816,29526,3519646,3021,327482,56759,58830.14,8123944,0
"2021-05-20",24153,4300969,29846,3549492,3131,330613,57130,57225,8181074,0
"2021-05-21",24680,4325649,31691,3581183,3051,333664,59422,55266.57,8240496,0
"2021-05-22",20005,4345654,24219,3605402,2522,336186,46746,53124.29,8287242,0
"2021-05-23",11236,4356890,13675,3619077,1407,337593,26318,51544.43,8313560,0
"2021-05-24",18853,4375743,22970,3642047,2743,340336,44566,50091.29,8358126,0
"2021-05-25",19430,4395173,23179,3665226,2586,342922,45195,48019.43,8403321,0
"2021-05-26",18719,4413892,20909,3686135,2683,345605,42311,45955.43,8445632,0
"2021-05-27",18427,4432319,21047,3707182,2521,348126,41995,43793.29,8487627,0
"2021-05-28",17878,4450197,22733,3729915,2719,350845,43330,41494.43,8530957,0
"2021-05-29",12707,4462904,17716,3747631,1752,352597,32175,39412.86,8563132,0
"2021-05-30",7032,4469936,8919,3756550,1073,353670,17024,38085.14,8580156,0
"2021-05-31",4759,4474695,6873,3763423,1010,354680,12642,33524.57,8592798,0
"2021-06-01",16045,4490740,25009,3788432,2157,356837,43211,33241.14,8636009,0
"2021-06-02",15336,4506076,20238,3808670,2086,358923,37660,32576.71,8673669,0
"2021-06-03",15015,4521091,23637,3832307,2277,361200,40929,32424.43,8714598,0
"2021-06-04",14705,4535796,25800,3858107,2475,363675,42980,32374.43,8757578,0
"2021-06-05",10972,4546768,21944,3880051,1801,365476,34717,32737.57,8792295,0
"2021-06-06",6466,4553234,14380,3894431,1220,366696,22066,33457.86,8814361,0
"2021-06-07",11728,4564962,21597,3916028,2367,369063,35692,36750.71,8850053,0
"2021-06-08",12653,4577615,23843,3939871,2059,371122,38555,36085.57,8888608,0
"2021-06-09",11142,4588757,22844,3962715,2283,373405,36269,35886.86,8924877,0
"2021-06-10",12080,4600837,22018,3984733,2457,375862,36555,35262,8961432,0
"2021-06-11",12704,4613541,24951,4009684,2461,378323,40116,34852.86,9001548,0
"2021-06-12",10190,4623731,19217,4028901,1879,380202,31286,34362.71,9032834,0
"2021-06-13",4256,4627987,10913,4039814,1218,381420,16387,33551.43,9049221,0
"2021-06-14",10200,4638187,19091,4058905,2042,383462,31333,32928.71,9080554,0
"2021-06-15",11886,4650073,20857,4079762,1936,385398,34679,32375,9115233,0
"2021-06-16",11594,4661667,19296,4099058,1949,387347,32839,31885,9148072,0
"2021-06-17",11046,4672713,18614,4117672,1963,389310,31623,31180.43,9179695,0
"2021-06-18",12170,4684883,18332,4136004,2105,391415,32607,30107.71,9212302,0
"2021-06-19",8503,4693386,13442,4149446,1456,392871,23401,28981.29,9235703,0
"2021-06-20",4369,4697755,7141,4156587,919,393790,12429,28415.86,9248132,0
"2021-06-21",10185,4707940,9910,4166497,1791,395581,21886,27066.29,9270018,0
"2021-06-22",9838,4717778,15536,4182033,1565,397146,26939,25960.57,9296957,0
"2021-06-23",10336,4728114,15008,4197041,1852,398998,27196,25154.43,9324153,0
"2021-06-24",9680,4737794,14574,4211615,1789,400787,26043,24357.29,9350196,0
"2021-06-25",10595,4748389,14264,4225879,1698,402485,26557,23493,9376753,0
"2021-06-26",7833,4756222,10366,4236245,1228,403713,19427,22925.29,9396180,0
"2021-06-27",5031,4761253,5966,4242211,783,404496,11780,22832.57,9407960,0
"2021-06-28",9037,4770290,10229,4252440,1508,406004,20774,22673.71,9428734,0
"2021-06-29",9753,4780043,12192,4264632,1330,407334,23275,22150.29,9452009,0
"2021-06-30",9431,4789474,10830,4275462,1462,408796,21723,21368.43,9473732,0
"2021-07-01",9350,4798824,10822,4286284,1400,410196,21572,20729.71,9495304,0
"2021-07-02",9673,4808497,11302,4297586,1511,411707,22486,20148.14,9517790,0
"2021-07-03",7053,4815550,8343,4305929,1181,412888,16577,19741,9534367,0
"2021-07-04",1296,4816846,1322,4307251,563,413451,3181,18512.57,9537548,0
"2021-07-05",6485,4823331,7048,4314299,1187,414638,14720,17647.71,9552268,0
"2021-07-06",9523,4832854,12685,4326984,1282,415920,23490,17678.43,9575758,0
"2021-07-07",8652,4841506,10968,4337952,1384,417304,21004,17575.71,9596762,0
"2021-07-08",8178,4849684,10079,4348031,1229,418533,19486,17277.71,9616248,0
"2021-07-09",8357,4858041,10699,4358730,1246,419779,20302,16965.71,9636550,0
"2021-07-10",7112,4865153,8572,4367302,1123,420902,16807,16998.57,9653357,0
"2021-07-11",4116,4869269,4519,4371821,701,421603,9336,17877.86,9662693,0
"2021-07-12",8415,4877684,9440,4381261,1234,422837,19089,18502,9681782,0
"2021-07-13",9445,4887129,9257,4390518,946,423783,19648,17953.14,9701430,0
"2021-07-14",8984,4896113,9441,4399959,1000,424783,19425,17727.57,9720855,0
"2021-07-15",8742,4904855,9032,4408991,1040,425823,18814,17631.57,9739669,0
"2021-07-16",9211,4914066,9684,4418675,966,426789,19861,17568.57,9759530,0
"2021-07-17",6853,4920919,7334,4426009,789,427578,14976,17307,9774506,0
"2021-07-18",4257,4925176,4271,4430280,568,428146,9096,17272.71,9783602,0
"2021-07-19",9077,4934253,8375,4438655,992,429138,18444,17180.57,9802046,0
"2021-07-20",10577,4944830,8665,4447320,989,430127,20231,17263.86,9822277,0
"2021-07-21",10051,4954881,8650,4455970,903,431030,19604,17289.43,9841881,0
"2021-07-22",10638,4965519,8436,4464406,1037,432067,20111,17474.71,9861992,0
"2021-07-23",11204,4976723,8777,4473183,1101,433168,21082,17649.14,9883074,0
"2021-07-24",7415,4984138,6694,4479877,669,433837,14778,17620.86,9897852,0
"2021-07-25",5484,4989622,2103,4481980,505,434342,8092,17477.43,9905944,0
"2021-07-26",10858,5000480,6936,4488916,852,435194,18646,17506.29,9924590,0
"2021-07-27",12062,5012542,8505,4497421,849,436043,21416,17675.57,9946006,0
"2021-07-28",11953,5024495,7948,4505369,930,436973,20831,17850.86,9966837,0
"2021-07-29",10923,5035418,7330,4512699,957,437930,19210,17722.14,9986047,0
"2021-07-30",14905,5050323,7920,4520619,1126,439056,23951,18132,10009998,0
"2021-07-31",9756,5060079,6260,4526879,809,439865,16825,18424.43,10026823,0
"2021-08-01",6490,5066569,3292,4530171,548,440413,10330,18744.14,10037153,0
"2021-08-02",13352,5079921,7090,4537261,835,441248,21277,19120,10058430,0
"2021-08-03",15311,5095232,8299,4545560,992,442240,24602,19575.14,10083032,0
"2021-08-04",17105,5112337,8002,4553562,1413,443653,26520,20387.86,10109552,0
"2021-08-05",17742,5130079,7777,4561339,1321,444974,26840,21477.86,10136392,0
"2021-08-06",18114,5148193,8270,4569609,1202,446176,27586,21997.14,10163978,0
"2021-08-07",13326,5161519,5959,4575568,788,446964,20073,22461.14,10184051,0
"2021-08-08",9308,5170827,3807,4579375,392,447356,13507,22915,10197558,0
"2021-08-09",21206,5192033,8407,4587782,944,448300,30557,24240.71,10228115,0
"2021-08-10",18829,5210862,9204,4596986,874,449174,28907,24855.71,10257022,0
"2021-08-11",15520,5226382,8197,4605183,801,449975,24518,24569.71,10281540,0
"2021-08-12",15000,5241382,8846,4614029,919,450894,24765,24273.29,10306305,0
"2021-08-13",14827,5256209,9133,4623162,896,451790,24856,23883.29,10331161,0
"2021-08-14",10388,5266597,6334,4629496,618,452408,17340,23492.86,10348501,0
"2021-08-15",6693,5273290,4447,4633943,667,453075,11807,23250,10360308,0
"2021-08-16",15635,5288925,9160,4643103,1133,454208,25928,22588.71,10386236,0
"2021-08-17",17669,5306594,10323,4653426,1190,455398,29182,22628,10415418,0
"2021-08-18",17370,5323964,10169,4663595,1185,456583,28724,23228.86,10444142,0
"2021-08-19",16115,5340079,9318,4672913,1288,457871,26721,23508.29,10470863,0
"2021-08-20",16063,5356142,11356,4684269,1194,459065,28613,24045,10499476,0
"2021-08-21",11116,5367258,7943,4692212,842,459907,19901,24410.86,10519377,0
"2021-08-22",4079,5371337,3876,4696088,259,460166,8214,23897.57,10527591,0
"2021-08-23",15494,5386831,11574,4707662,981,461147,28049,24200.57,10555640,0
"2021-08-24",16713,5403544,12376,4720038,967,462114,30056,24325.43,10585696,0
"2021-08-25",14407,5417951,12150,4732188,1058,463172,27615,24167,10613311,0
"2021-08-26",15909,5433860,13791,4745979,1042,464214,30742,24741.43,10644053,0
"2021-08-27",14597,5448457,14553,4760532,930,465144,30080,24951,10674133,0
"2021-08-28",10666,5459123,11344,4771876,794,465938,22804,25365.71,10696937,0
"2021-08-29",7210,5466333,7428,4779304,507,466445,15145,26355.86,10712082,0
"2021-08-30",15320,5481653,16513,4795817,1021,467466,32854,27042.29,10744936,0
"2021-08-31",15308,5496961,15649,4811466,925,468391,31882,27303.14,10776818,0
"2021-09-01",14424,5511385,13630,4825096,933,469324,28987,27499.14,10805805,0
"2021-09-02",13914,5525299,12051,4837147,832,470156,26797,26935.57,10832602,0
"2021-09-03",14442,5539741,13634,4850781,866,471022,28942,26773,10861544,0
"2021-09-04",9367,5549108,8955,4859736,627,471649,18949,26222.29,10880493,120000
"2021-09-05",6694,5555802,5345,4865081,402,472051,12441,25836,10892934,120000
"2021-09-06",5156,5560958,4389,4869470,350,472401,9895,22556.14,10902829,120000
"2021-09-07",14841,5575799,16666,4886136,827,473228,32334,22620.71,10935163,120000
"2021-09-08",15384,5591183,13946,4900082,974,474202,30304,22808.86,10965467,120000
"2021-09-09",13064,5604247,11490,4911572,933,475135,25487,22621.71,10990954,120000
"2021-09-10",5654,5609901,4726,4916298,500,475635,10880,20041.43,11001834,120000
