"DATE","ADMIN_DOSE1_DAILY","ADMIN_DOSE1_CUMULATIVE","ADMIN_DOSE2_DAILY","ADMIN_DOSE2_CUMULATIVE","ADMIN_SINGLE_DAILY","ADMIN_SINGLE_CUMULATIVE","ADMIN_ADDITIONAL1_DAILY","ADMIN_ADDITIONAL1_CUMULATIVE","ADMIN_ADDITIONAL2_DAILY","ADMIN_ADDITIONAL2_CUMULATIVE","ADMIN_ADDITIONAL_DAILY","ADMIN_ADDITIONAL_CUMULATIVE","ADMIN_ALLDOSES_DAILY","ADMIN_ALLDOSES_7DAYAVG","ADMIN_ALLDOSES_CUMULATIVE","INCOMPLETE"
"2020-12-14",79,79,0,0,0,0,0,0,0,0,0,0,79,,79,0
"2020-12-15",2051,2130,6,6,4,4,0,0,0,0,0,0,2061,,2140,0
"2020-12-16",4606,6736,14,20,1,5,1,1,0,0,1,1,4622,,6762,0
"2020-12-17",4657,11393,18,38,0,5,1,2,0,0,1,2,4676,,11438,0
"2020-12-18",5832,17225,18,56,2,7,2,4,0,0,2,4,5854,,17292,0
"2020-12-19",1689,18914,7,63,3,10,0,4,0,0,0,4,1699,,18991,0
"2020-12-20",1116,20030,2,65,1,11,0,4,0,0,0,4,1119,2872.86,20110,0
"2020-12-21",6341,26371,19,84,0,11,5,9,0,0,5,9,6365,3770.86,26475,0
"2020-12-22",9795,36166,26,110,2,13,1,10,0,0,1,10,9824,4879.86,36299,0
"2020-12-23",14273,50439,35,145,3,16,1,11,0,0,1,11,14312,6264.14,50611,0
"2020-12-24",7198,57637,25,170,1,17,0,11,0,0,0,11,7224,6628.14,57835,0
"2020-12-25",180,57817,0,170,0,17,1,12,0,0,1,12,181,5817.71,58016,0
"2020-12-26",4389,62206,44,214,0,17,1,13,0,0,1,13,4434,6208.43,62450,0
"2020-12-27",3870,66076,14,228,0,17,1,14,0,0,1,14,3885,6603.57,66335,0
"2020-12-28",10993,77069,49,277,1,18,2,16,0,0,2,16,11045,7272.14,77380,0
"2020-12-29",10718,87787,34,311,2,20,2,18,0,0,2,18,10756,7405.29,88136,0
"2020-12-30",12825,100612,45,356,0,20,0,18,0,0,0,18,12870,7199.29,101006,0
"2020-12-31",7262,107874,34,390,1,21,0,18,0,0,0,18,7297,7209.71,108303,0
"2021-01-01",181,108055,2,392,1,22,3,21,0,0,3,21,187,7210.57,108490,0
"2021-01-02",3809,111864,10,402,2,24,2,23,0,0,2,23,3823,7123.29,112313,0
"2021-01-03",3540,115404,24,426,2,26,1,24,0,0,1,24,3567,7077.86,115880,0
"2021-01-04",12255,127659,807,1233,2,28,6,30,0,0,6,30,13070,7367.14,128950,0
"2021-01-05",14090,141749,2191,3424,2,30,12,42,1,1,13,43,16296,8158.57,145246,0
"2021-01-06",17800,159549,3926,7350,1,31,29,71,7,8,36,79,21763,9429,167009,0
"2021-01-07",16551,176100,5171,12521,4,35,45,116,3,11,48,127,21774,11497.14,188783,0
"2021-01-08",16621,192721,5454,17975,0,35,34,150,4,15,38,165,22113,14629.43,210896,0
"2021-01-09",7652,200373,1462,19437,1,36,7,157,2,17,9,174,9124,15386.71,220020,0
"2021-01-10",7880,208253,984,20421,0,36,10,167,0,17,10,184,8874,16144.86,228894,0
"2021-01-11",25825,234078,7455,27876,2,38,48,215,8,25,56,240,33338,19040.29,262232,0
"2021-01-12",28260,262338,7859,35735,1,39,44,259,2,27,46,286,36166,21878.86,298398,0
"2021-01-13",31721,294059,9389,45124,1,40,56,315,4,31,60,346,41171,24651.43,339569,0
"2021-01-14",35813,329872,5319,50443,1,41,30,345,7,38,37,383,41170,27422.29,380739,0
"2021-01-15",29265,359137,3703,54146,2,43,32,377,5,43,37,420,33007,28978.57,413746,0
"2021-01-16",30293,389430,2376,56522,0,43,25,402,5,48,30,450,32699,32346.43,446445,0
"2021-01-17",23749,413179,1628,58150,0,43,19,421,1,49,20,470,25397,34706.86,471842,0
"2021-01-18",27108,440287,2409,60559,1,44,34,455,7,56,41,511,29559,34167,501401,0
"2021-01-19",34293,474580,9628,70187,1,45,69,524,6,62,75,586,43997,35285.71,545398,0
"2021-01-20",34870,509450,9493,79680,1,46,59,583,4,66,63,649,44427,35750.86,589825,0
"2021-01-21",25594,535044,8092,87772,2,48,48,631,5,71,53,702,33741,34689.57,623566,0
"2021-01-22",24754,559798,4382,92154,1,49,32,663,8,79,40,742,29177,34142.43,652743,0
"2021-01-23",15743,575541,3224,95378,0,49,9,672,2,81,11,753,18978,32182.29,671721,0
"2021-01-24",7178,582719,3453,98831,0,49,19,691,1,82,20,773,10651,30075.71,682372,0
"2021-01-25",13412,596131,11819,110650,0,49,66,757,12,94,78,851,25309,29468.57,707681,0
"2021-01-26",16766,612897,10752,121402,0,49,67,824,2,96,69,920,27587,27124.29,735268,0
"2021-01-27",20836,633733,12356,133758,0,49,51,875,8,104,59,979,33251,25527.71,768519,0
"2021-01-28",30763,664496,12848,146606,0,49,83,958,16,120,99,1078,43710,26951.86,812229,0
"2021-01-29",31693,696189,11507,158113,0,49,77,1035,10,130,87,1165,43287,28967.57,855516,0
"2021-01-30",18708,714897,3742,161855,0,49,20,1055,2,132,22,1187,22472,29466.71,877988,0
"2021-01-31",13020,727917,2920,164775,1,50,29,1084,4,136,33,1220,15974,30227.14,893962,0
"2021-02-01",1180,729097,5369,170144,4,54,35,1119,4,140,39,1259,6592,27553.29,900554,0
"2021-02-02",2829,731926,9474,179618,2,56,47,1166,4,144,51,1310,12356,25377.43,912910,0
"2021-02-03",16347,748273,21246,200864,4,60,203,1369,19,163,222,1532,37819,26030,950729,0
"2021-02-04",27048,775321,19648,220512,3,63,200,1569,10,173,210,1742,46909,26487,997638,0
"2021-02-05",27596,802917,20038,240550,0,63,178,1747,15,188,193,1935,47827,27135.57,1045465,0
"2021-02-06",22992,825909,11246,251796,0,63,110,1857,12,200,122,2057,34360,28833.86,1079825,0
"2021-02-07",12043,837952,8281,260077,1,64,91,1948,14,214,105,2162,20430,29470.43,1100255,0
"2021-02-08",16961,854913,23518,283595,2,66,231,2179,34,248,265,2427,40746,34349.57,1141001,0
"2021-02-09",17190,872103,28111,311706,2,68,334,2513,41,289,375,2802,45678,39109.86,1186679,0
"2021-02-10",19591,891694,29311,341017,2,70,257,2770,49,338,306,3108,49210,40737.14,1235889,0
"2021-02-11",27847,919541,33471,374488,2,72,341,3111,57,395,398,3506,61718,42852.71,1297607,0
"2021-02-12",38392,957933,30798,405286,3,75,352,3463,39,434,391,3897,69584,45960.86,1367191,0
"2021-02-13",28008,985941,25315,430601,2,77,305,3768,51,485,356,4253,53681,48721,1420872,0
"2021-02-14",16281,1002222,23735,454336,0,77,260,4028,31,516,291,4544,40307,51560.57,1461179,0
"2021-02-15",12796,1015018,10528,464864,2,79,170,4198,23,539,193,4737,23519,49099.57,1484698,0
"2021-02-16",14241,1029259,26732,491596,0,79,321,4519,35,574,356,5093,41329,48478.29,1526027,0
"2021-02-17",16393,1045652,22196,513792,1,80,282,4801,37,611,319,5412,38909,47006.71,1564936,0
"2021-02-18",12151,1057803,24994,538786,21,101,287,5088,43,654,330,5742,37496,43546.43,1602432,0
"2021-02-19",13262,1071065,23936,562722,39,140,303,5391,44,698,347,6089,37584,38975,1640016,0
"2021-02-20",11352,1082417,26076,588798,6,146,326,5717,78,776,404,6493,37838,36711.71,1677854,0
"2021-02-21",6360,1088777,17423,606221,15,161,283,6000,44,820,327,6820,24125,34400,1701979,0
"2021-02-22",13043,1101820,11848,618069,2,163,125,6125,19,839,144,6964,25037,34616.86,1727016,0
"2021-02-23",25247,1127067,14145,632214,1,164,158,6283,34,873,192,7156,39585,34367.71,1766601,0
"2021-02-24",36362,1163429,20392,652606,0,164,226,6509,37,910,263,7419,57017,36954.57,1823618,0
"2021-02-25",54616,1218045,30395,683001,6,170,393,6902,64,974,457,7876,85474,43808.57,1909092,0
"2021-02-26",62870,1280915,31870,714871,4,174,410,7312,78,1052,488,8364,95232,52044,2004324,0
"2021-02-27",51300,1332215,22748,737619,47,221,333,7645,52,1104,385,8749,74480,57278.57,2078804,0
"2021-02-28",44592,1376807,13824,751443,7,228,203,7848,34,1138,237,8986,58660,62212.14,2137464,0
"2021-03-01",39320,1416127,12778,764221,10,238,165,8013,25,1163,190,9176,52298,66106.57,2189762,0
"2021-03-02",47081,1463208,12580,776801,7,245,159,8172,14,1177,173,9349,59841,69000.29,2249603,0
"2021-03-03",48605,1511813,16155,792956,17,262,146,8318,21,1198,167,9516,64944,70132.71,2314547,0
"2021-03-04",59819,1571632,22824,815780,1092,1354,270,8588,34,1232,304,9820,84039,69927.71,2398586,0
"2021-03-05",60989,1632621,24281,840061,3109,4463,333,8921,33,1265,366,10186,88745,69001,2487331,0
"2021-03-06",47176,1679797,18884,858945,5451,9914,238,9159,36,1301,274,10460,71785,68616,2559116,0
"2021-03-07",36044,1715841,14881,873826,6246,16160,228,9387,20,1321,248,10708,57419,68438.71,2616535,0
"2021-03-08",39629,1755470,14678,888504,8563,24723,314,9701,91,1412,405,11113,63275,70006.86,2679810,0
"2021-03-09",39108,1794578,12856,901360,7764,32487,178,9879,33,1445,211,11324,59939,70020.86,2739749,0
"2021-03-10",51833,1846411,15350,916710,5066,37553,226,10105,31,1476,257,11581,72506,71101.14,2812255,0
"2021-03-11",59989,1906400,21818,938528,4619,42172,249,10354,49,1525,298,11879,86724,71484.71,2898979,0
"2021-03-12",52206,1958606,30309,968837,4183,46355,373,10727,83,1608,456,12335,87154,71257.43,2986133,0
"2021-03-13",40654,1999260,26681,995518,5110,51465,325,11052,51,1659,376,12711,72821,71405.43,3058954,0
"2021-03-14",30719,2029979,15968,1011486,4525,55990,242,11294,27,1686,269,12980,51481,70557.14,3110435,0
"2021-03-15",33590,2063569,17255,1028741,4712,60702,234,11528,33,1719,267,13247,55824,69492.71,3166259,0
"2021-03-16",38677,2102246,20508,1049249,4925,65627,257,11785,35,1754,292,13539,64402,70130.29,3230661,0
"2021-03-17",42619,2144865,24798,1074047,4247,69874,338,12123,36,1790,374,13913,72038,70063.43,3302699,0
"2021-03-18",50453,2195318,26804,1100851,5238,75112,366,12489,60,1850,426,14339,82921,69520.14,3385620,0
"2021-03-19",47794,2243112,29961,1130812,5624,80736,389,12878,70,1920,459,14798,83838,69046.43,3469458,0
"2021-03-20",38713,2281825,25838,1156650,4686,85422,297,13175,59,1979,356,15154,69593,68585.29,3539051,0
"2021-03-21",29301,2311126,19358,1176008,769,86191,222,13397,44,2023,266,15420,49694,68330,3588745,0
"2021-03-22",33869,2344995,26741,1202749,4037,90228,261,13658,37,2060,298,15718,64945,69633,3653690,0
"2021-03-23",38435,2383430,32842,1235591,4219,94447,294,13952,56,2116,350,16068,75846,71267.86,3729536,0
"2021-03-24",41497,2424927,37606,1273197,4848,99295,327,14279,62,2178,389,16457,84340,73025.29,3813876,0
"2021-03-25",43406,2468333,50801,1323998,5055,104350,470,14749,86,2264,556,17013,99818,75439.14,3913694,0
"2021-03-26",38505,2506838,55513,1379511,4310,108660,524,15273,96,2360,620,17633,98948,77597.71,4012642,0
"2021-03-27",35738,2542576,45757,1425268,2938,111598,415,15688,82,2442,497,18130,84930,79788.71,4097572,0
"2021-03-28",26392,2568968,34461,1459729,1482,113080,331,16019,64,2506,395,18525,62730,81651,4160302,0
"2021-03-29",34818,2603786,38866,1498595,3246,116326,343,16362,110,2616,453,18978,77383,83427.86,4237685,0
"2021-03-30",40511,2644297,41927,1540522,3714,120040,337,16699,65,2681,402,19380,86554,84957.57,4324239,0
"2021-03-31",49397,2693694,44872,1585394,7442,127482,397,17096,86,2767,483,19863,102194,87508.14,4426433,0
"2021-04-01",50785,2744479,53948,1639342,11275,138757,499,17595,81,2848,580,20443,116588,89903.86,4543021,0
"2021-04-02",43761,2788240,53891,1693233,11972,150729,543,18138,72,2920,615,21058,110239,91516.86,4653260,0
"2021-04-03",39255,2827495,39218,1732451,9860,160589,332,18470,58,2978,390,21448,88723,92058.71,4741983,0
"2021-04-04",26560,2854055,24783,1757234,3902,164491,223,18693,49,3027,272,21720,55517,91028.29,4797500,0
"2021-04-05",41891,2895946,34486,1791720,11195,175686,370,19063,60,3087,430,22150,88002,92545.29,4885502,0
"2021-04-06",53272,2949218,35617,1827337,13220,188906,425,19488,73,3160,498,22648,102607,94838.57,4988109,0
"2021-04-07",55513,3004731,40700,1868037,14391,203297,393,19881,76,3236,469,23117,111073,96107,5099182,0
"2021-04-08",59269,3064000,46592,1914629,16343,219640,518,20399,80,3316,598,23715,122802,96994.71,5221984,0
"2021-04-09",56648,3120648,44960,1959589,17556,237196,517,20916,77,3393,594,24309,119758,98354.57,5341742,0
"2021-04-10",49348,3169996,35648,1995237,12728,249924,387,21303,60,3453,447,24756,98171,99704.29,5439913,0
"2021-04-11",38184,3208180,28819,2024056,7682,257606,294,21597,56,3509,350,25106,75035,102492.57,5514948,0
"2021-04-12",46638,3254818,31850,2055906,13500,271106,465,22062,63,3572,528,25634,92516,103137.43,5607464,0
"2021-04-13",52546,3307364,33791,2089697,368,271474,394,22456,61,3633,455,26089,87160,100930.71,5694624,0
"2021-04-14",50150,3357514,39959,2129656,20,271494,367,22823,70,3703,437,26526,90566,98001.14,5785190,0
"2021-04-15",52126,3409640,43683,2173339,16,271510,451,23274,103,3806,554,27080,96379,94226.43,5881569,0
"2021-04-16",51192,3460832,42214,2215553,32,271542,423,23697,67,3873,490,27570,93928,90536.43,5975497,0
"2021-04-17",43840,3504672,35693,2251246,3,271545,364,24061,82,3955,446,28016,79982,87938,6055479,0
"2021-04-18",28608,3533280,29372,2280618,7,271552,251,24312,61,4016,312,28328,58299,85547.14,6113778,0
"2021-04-19",37475,3570755,36449,2317067,22,271574,322,24634,62,4078,384,28712,74330,82949.14,6188108,0
"2021-04-20",40811,3611566,39627,2356694,19,271593,315,24949,77,4155,392,29104,80849,82047.57,6268957,0
"2021-04-21",38904,3650470,46015,2402709,16,271609,493,25442,95,4250,588,29692,85523,81327.14,6354480,0
"2021-04-22",38493,3688963,48966,2451675,9,271618,336,25778,73,4323,409,30101,87877,80112.57,6442357,0
"2021-04-23",39699,3728662,44382,2496057,4,271622,347,26125,70,4393,417,30518,84502,78766,6526859,0
"2021-04-24",31951,3760613,41604,2537661,44,271666,276,26401,60,4453,336,30854,73935,77902.14,6600794,0
"2021-04-25",18423,3779036,31228,2568889,86,271752,194,26595,54,4507,248,31102,49985,76714.43,6650779,0
"2021-04-26",26972,3806008,40740,2609629,1013,272765,280,26875,84,4591,364,31466,69089,75965.71,6719868,0
"2021-04-27",28578,3834586,47144,2656773,1698,274463,346,27221,92,4683,438,31904,77858,75538.43,6797726,0
"2021-04-28",27037,3861623,56845,2713618,2147,276610,428,27649,98,4781,526,32430,86555,75685.86,6884281,0
"2021-04-29",28613,3890236,57204,2770822,2149,278759,363,28012,100,4881,463,32893,88429,75764.71,6972710,0
"2021-04-30",30122,3920358,51992,2822814,2054,280813,281,28293,72,4953,353,33246,84521,75767.43,7057231,0
"2021-05-01",22479,3942837,44544,2867358,1177,281990,231,28524,63,5016,294,33540,68494,74990.14,7125725,0
"2021-05-02",11925,3954762,36656,2904014,1081,283071,138,28662,55,5071,193,33733,49855,74971.57,7175580,0
"2021-05-03",18027,3972789,53029,2957043,2383,285454,255,28917,89,5160,344,34077,73783,75642.14,7249363,0
"2021-05-04",22738,3995527,56649,3013692,2330,287784,266,29183,113,5273,379,34456,82096,76247.57,7331459,0
"2021-05-05",21479,4017006,48800,3062492,2313,290097,311,29494,98,5371,409,34865,73001,74311.29,7404460,0
"2021-05-06",20682,4037688,50183,3112675,2508,292605,268,29762,83,5454,351,35216,73724,72210.57,7478184,0
"2021-05-07",21254,4058942,52099,3164774,2813,295418,306,30068,72,5526,378,35594,76544,71071,7554728,0
"2021-05-08",16633,4075575,41866,3206640,1835,297253,229,30297,69,5595,298,35892,60632,69947.86,7615360,0
"2021-05-09",7975,4083550,29410,3236050,1260,298513,151,30448,56,5651,207,36099,38852,68376,7654212,0
"2021-05-10",14389,4097939,38540,3274590,2355,300868,233,30681,89,5740,322,36421,55606,65779.29,7709818,0
"2021-05-11",19913,4117852,43063,3317653,2514,303382,281,30962,83,5823,364,36785,65854,63459,7775672,0
"2021-05-12",17813,4135665,40542,3358195,3595,306977,232,31194,77,5900,309,37094,62259,61924.43,7837931,0
"2021-05-13",24976,4160641,40428,3398623,3230,310207,262,31456,74,5974,336,37430,68970,61245.29,7906901,0
"2021-05-14",27037,4187678,42916,3441539,3536,313743,276,31732,93,6067,369,37799,73858,60861.57,7980759,0
"2021-05-15",23652,4211330,34913,3476452,3365,317108,252,31984,75,6142,327,38126,62257,61093.71,8043016,0
"2021-05-16",15528,4226858,19446,3495898,2496,319604,124,32108,45,6187,169,38295,37639,60920.43,8080655,0
"2021-05-17",22674,4249532,29141,3525039,3256,322860,177,32285,68,6255,245,38540,55316,60879,8135971,0
"2021-05-18",24639,4274171,31913,3556952,3406,326266,237,32522,70,6325,307,38847,60265,60080.57,8196236,0
"2021-05-19",24194,4298365,29720,3586672,3042,329308,221,32743,46,6371,267,39114,57223,59361.14,8253459,0
"2021-05-20",24154,4322519,30089,3616761,3161,332469,269,33012,100,6471,369,39483,57773,57761.57,8311232,0
"2021-05-21",24681,4347200,32005,3648766,3056,335525,248,33260,60,6531,308,39791,60050,55789,8371282,0
"2021-05-22",20021,4367221,24361,3673127,2525,338050,164,33424,48,6579,212,40003,47119,53626.43,8418401,0
"2021-05-23",11234,4378455,13734,3686861,1411,339461,92,33516,32,6611,124,40127,26503,52035.57,8444904,0
"2021-05-24",18879,4397334,23158,3710019,2756,342217,213,33729,53,6664,266,40393,45059,50570.29,8489963,0
"2021-05-25",19432,4416766,23382,3733401,2601,344818,177,33906,69,6733,246,40639,45661,48484,8535624,0
"2021-05-26",18785,4435551,21090,3754491,2696,347514,200,34106,52,6785,252,40891,42823,46426.86,8578447,0
"2021-05-27",18474,4454025,21276,3775767,2529,350043,189,34295,64,6849,253,41144,42532,44249.57,8620979,0
"2021-05-28",17864,4471889,22889,3798656,2751,352794,185,34480,53,6902,238,41382,43742,41919.86,8664721,0
"2021-05-29",12708,4484597,17809,3816465,1755,354549,106,34586,39,6941,145,41527,32417,39819.57,8697138,0
"2021-05-30",7032,4491629,8949,3825414,1074,355623,47,34633,17,6958,64,41591,17119,38479,8714257,0
"2021-05-31",4743,4496372,6924,3832338,1012,356635,64,34697,17,6975,81,41672,12760,33864.86,8727017,0
"2021-06-01",16047,4512419,25198,3857536,2176,358811,152,34849,40,7015,192,41864,43613,33572.29,8770630,0
"2021-06-02",15354,4527773,20389,3877925,2095,360906,139,34988,47,7062,186,42050,38024,32886.71,8808654,0
"2021-06-03",15008,4542781,23820,3901745,2281,363187,128,35116,44,7106,172,42222,41281,32708,8849935,0
"2021-06-04",14724,4557505,25998,3927743,2492,365679,145,35261,39,7145,184,42406,43398,32658.86,8893333,0
"2021-06-05",10994,4568499,22089,3949832,1806,367485,115,35376,30,7175,145,42551,35034,33032.71,8928367,0
"2021-06-06",6445,4574944,14484,3964316,1222,368707,87,35463,13,7188,100,42651,22251,33765.86,8950618,0
"2021-06-07",11704,4586648,21784,3986100,2378,371085,139,35602,35,7223,174,42825,36040,37091.57,8986658,0
"2021-06-08",12638,4599286,24024,4010124,2072,373157,119,35721,46,7269,165,42990,38899,36418.14,9025557,0
"2021-06-09",11138,4610424,23027,4033151,2299,375456,135,35856,39,7308,174,43164,36638,36220.14,9062195,0
"2021-06-10",12067,4622491,22235,4055386,2462,377918,141,35997,57,7365,198,43362,36962,35603.14,9099157,0
"2021-06-11",12711,4635202,25120,4080506,2484,380402,156,36153,59,7424,215,43577,40530,35193.43,9139687,0
"2021-06-12",10166,4645368,19312,4099818,1888,382290,94,36247,40,7464,134,43711,31500,34688.57,9171187,0
"2021-06-13",4257,4649625,10936,4110754,1219,383509,42,36289,21,7485,63,43774,16475,33863.43,9187662,0
"2021-06-14",10209,4659834,19240,4129994,2043,385552,127,36416,51,7536,178,43952,31670,33239.14,9219332,0
"2021-06-15",11886,4671720,21014,4151008,1943,387495,131,36547,41,7577,172,44124,35015,32684.29,9254347,0
"2021-06-16",11588,4683308,19411,4170419,1957,389452,140,36687,68,7645,208,44332,33164,32188,9287511,0
"2021-06-17",11025,4694333,18764,4189183,1973,391425,121,36808,34,7679,155,44487,31917,31467.29,9319428,0
"2021-06-18",12166,4706499,18502,4207685,2116,393541,113,36921,36,7715,149,44636,32933,30382,9352361,0
"2021-06-19",8498,4714997,13516,4221201,1459,395000,84,37005,21,7736,105,44741,23578,29250.29,9375939,0
"2021-06-20",4336,4719333,7158,4228359,924,395924,36,37041,17,7753,53,44794,12471,28678.29,9388410,0
"2021-06-21",10162,4729495,10010,4238369,1807,397731,68,37109,28,7781,96,44890,22075,27307.57,9410485,0
"2021-06-22",9836,4739331,15641,4254010,1589,399320,105,37214,27,7808,132,45022,27198,26190.86,9437683,0
"2021-06-23",10313,4749644,15187,4269197,1863,401183,102,37316,29,7837,131,45153,27494,25380.86,9465177,0
"2021-06-24",9688,4759332,14697,4283894,1799,402982,119,37435,26,7863,145,45298,26329,24582.57,9491506,0
"2021-06-25",10591,4769923,14386,4298280,1721,404703,111,37546,37,7900,148,45446,26846,23713,9518352,0
"2021-06-26",7803,4777726,10464,4308744,1251,405954,74,37620,24,7924,98,45544,19616,23147,9537968,0
"2021-06-27",5001,4782727,6001,4314745,795,406749,33,37653,14,7938,47,45591,11844,23057.43,9549812,0
"2021-06-28",9037,4791764,10344,4325089,1526,408275,108,37761,26,7964,134,45725,21041,22909.71,9570853,0
"2021-06-29",9745,4801509,12321,4337410,1347,409622,122,37883,29,7993,151,45876,23564,22390.57,9594417,0
"2021-06-30",9435,4810944,10928,4348338,1486,411108,147,38030,16,8009,163,46039,22012,21607.43,9616429,0
"2021-07-01",9397,4820341,10930,4359268,1434,412542,125,38155,24,8033,149,46188,21910,20976.14,9638339,0
"2021-07-02",9694,4830035,11451,4370719,1541,414083,120,38275,22,8055,142,46330,22828,20402.14,9661167,0
"2021-07-03",7057,4837092,8423,4379142,1193,415276,75,38350,17,8072,92,46422,16765,19994.86,9677932,0
"2021-07-04",1288,4838380,1336,4380478,567,415843,8,38358,3,8075,11,46433,3202,18760.29,9681134,0
"2021-07-05",6496,4844876,7106,4387584,1208,417051,64,38422,20,8095,84,46517,14894,17882.14,9696028,0
"2021-07-06",9512,4854388,12852,4400436,1316,418367,114,38536,35,8130,149,46666,23829,17920,9719857,0
"2021-07-07",8670,4863058,11108,4411544,1419,419786,121,38657,19,8149,140,46806,21337,17823.57,9741194,0
"2021-07-08",8209,4871267,10192,4421736,1260,421046,107,38764,21,8170,128,46934,19789,17520.57,9760983,0
"2021-07-09",8375,4879642,10833,4432569,1278,422324,90,38854,17,8187,107,47041,20593,17201.29,9781576,0
"2021-07-10",7106,4886748,8630,4441199,1132,423456,62,38916,20,8207,82,47123,16950,17227.71,9798526,0
"2021-07-11",4105,4890853,4539,4445738,703,424159,34,38950,6,8213,40,47163,9387,18111.29,9807913,0
"2021-07-12",8451,4899304,9556,4455294,1251,425410,82,39032,22,8235,104,47267,19362,18749.57,9827275,0
"2021-07-13",9461,4908765,9392,4464686,952,426362,105,39137,33,8268,138,47405,19943,18194.43,9847218,0
"2021-07-14",9000,4917765,9531,4474217,1011,427373,105,39242,20,8288,125,47530,19667,17955.86,9866885,0
"2021-07-15",8790,4926555,9155,4483372,1054,428427,81,39323,17,8305,98,47628,19097,17857,9885982,0
"2021-07-16",9243,4935798,9760,4493132,980,429407,102,39425,31,8336,133,47761,20116,17788.86,9906098,0
"2021-07-17",6842,4942640,7387,4500519,803,430210,80,39505,19,8355,99,47860,15131,17529,9921229,0
"2021-07-18",4257,4946897,4282,4504801,576,430786,36,39541,14,8369,50,47910,9165,17497.29,9930394,0
"2021-07-19",9121,4956018,8479,4513280,999,431785,90,39631,20,8389,110,48020,18709,17404,9949103,0
"2021-07-20",10649,4966667,8759,4522039,991,432776,94,39725,24,8413,118,48138,20517,17486,9969620,0
"2021-07-21",10051,4976718,8763,4530802,903,433679,146,39871,31,8444,177,48315,19894,17518.43,9989514,0
"2021-07-22",10688,4987406,8587,4539389,1046,434725,143,40014,26,8470,169,48484,20490,17717.43,10010004,0
"2021-07-23",11252,4998658,8882,4548271,1114,435839,137,40151,22,8492,159,48643,21407,17901.86,10031411,0
"2021-07-24",7405,5006063,6737,4555008,670,436509,81,40232,22,8514,103,48746,14915,17871,10046326,0
"2021-07-25",5477,5011540,2126,4557134,509,437018,59,40291,4,8518,63,48809,8175,17729.57,10054501,0
"2021-07-26",10873,5022413,7003,4564137,859,437877,109,40400,17,8535,126,48935,18861,17751.29,10073362,0
"2021-07-27",12056,5034469,8567,4572704,857,438734,133,40533,34,8569,167,49102,21647,17912.71,10095009,0
"2021-07-28",11992,5046461,8050,4580754,950,439684,131,40664,24,8593,155,49257,21147,18091.71,10116156,0
"2021-07-29",10935,5057396,7429,4588183,984,440668,133,40797,39,8632,172,49429,19520,17953.14,10135676,0
"2021-07-30",14954,5072350,8013,4596196,1150,441818,181,40978,28,8660,209,49638,24326,18370.14,10160002,0
"2021-07-31",9725,5082075,6317,4602513,816,442634,119,41097,20,8680,139,49777,16997,18667.57,10176999,0
"2021-08-01",6504,5088579,3308,4605821,564,443198,81,41178,19,8699,100,49877,10476,18996.29,10187475,0
"2021-08-02",13451,5102030,7154,4612975,847,444045,144,41322,18,8717,162,50039,21614,19389.57,10209089,0
"2021-08-03",15413,5117443,8386,4621361,1109,445154,144,41466,33,8750,177,50216,25085,19880.71,10234174,0
"2021-08-04",17262,5134705,8124,4629485,1454,446608,180,41646,31,8781,211,50427,27051,20724.14,10261225,0
"2021-08-05",17867,5152572,7928,4637413,1366,447974,160,41806,17,8798,177,50604,27338,21841,10288563,0
"2021-08-06",18177,5170749,8412,4645825,1233,449207,163,41969,30,8828,193,50797,28015,22368,10316578,0
"2021-08-07",13387,5184136,6015,4651840,799,450006,100,42069,26,8854,126,50923,20327,22843.71,10336905,0
"2021-08-08",9309,5193445,3835,4655675,399,450405,83,42152,8,8862,91,51014,13634,23294.86,10350539,0
"2021-08-09",21340,5214785,8528,4664203,964,451369,168,42320,34,8896,202,51216,31034,24640.57,10381573,0
"2021-08-10",18922,5233707,9328,4673531,947,452316,176,42496,33,8929,209,51425,29406,25257.86,10410979,0
"2021-08-11",15651,5249358,8306,4681837,853,453169,128,42624,41,8970,169,51594,24979,24961.86,10435958,0
"2021-08-12",15044,5264402,8978,4690815,940,454109,170,42794,33,9003,203,51797,25165,24651.43,10461123,0
"2021-08-13",14925,5279327,9292,4700107,920,455029,239,43033,36,9039,275,52072,25412,24279.57,10486535,0
"2021-08-14",10407,5289734,6407,4706514,625,455654,529,43562,40,9079,569,52641,18008,23948.29,10504543,0
"2021-08-15",6694,5296428,4477,4710991,676,456330,567,44129,31,9110,598,53239,12445,23778.43,10516988,0
"2021-08-16",15723,5312151,9299,4720290,1150,457480,1319,45448,63,9173,1382,54621,27554,23281.29,10544542,0
"2021-08-17",17776,5329927,10435,4730725,1224,458704,1764,47212,80,9253,1844,56465,31279,23548.86,10575821,0
"2021-08-18",17508,5347435,10361,4741086,1261,459965,1985,49197,92,9345,2077,58542,31207,24438.57,10607028,0
"2021-08-19",16300,5363735,9521,4750607,1315,461280,1950,51147,64,9409,2014,60556,29150,25007.86,10636178,0
"2021-08-20",16281,5380016,11535,4762142,1254,462534,1857,53004,82,9491,1939,62495,31009,25807.43,10667187,0
"2021-08-21",11150,5391166,8039,4770181,878,463412,1057,54061,53,9544,1110,63605,21177,26260.14,10688364,0
"2021-08-22",4081,5395247,3901,4774082,262,463674,514,54575,32,9576,546,64151,8790,25738,10697154,0
"2021-08-23",15584,5410831,11797,4785879,1023,464697,1547,56122,72,9648,1619,65770,30023,26090.71,10727177,0
"2021-08-24",16916,5427747,12595,4798474,1006,465703,1771,57893,73,9721,1844,67614,32361,26245.29,10759538,0
"2021-08-25",14585,5442332,12442,4810916,1110,466813,1565,59458,76,9797,1641,69255,29778,26041.14,10789316,0
"2021-08-26",16167,5458499,14083,4824999,1072,467885,1767,61225,67,9864,1834,71089,33156,26613.43,10822472,0
"2021-08-27",14881,5473380,14825,4839824,971,468856,1667,62892,72,9936,1739,72828,32416,26814.43,10854888,0
"2021-08-28",10682,5484062,11523,4851347,836,469692,1012,63904,42,9978,1054,73882,24095,27231.29,10878983,0
"2021-08-29",7219,5491281,7494,4858841,541,470233,778,64682,55,10033,833,74715,16087,28273.71,10895070,0
"2021-08-30",15523,5506804,16926,4875767,1077,471310,1793,66475,82,10115,1875,76590,35401,29042,10930471,0
"2021-08-31",15523,5522327,15953,4891720,951,472261,1968,68443,84,10199,2052,78642,34479,29344.57,10964950,0
"2021-09-01",14833,5537160,14098,4905818,1020,473281,1808,70251,60,10259,1868,80510,31819,29636.14,10996769,0
"2021-09-02",14333,5551493,12518,4918336,896,474177,1703,71954,59,10318,1762,82272,29509,29115.14,11026278,0
"2021-09-03",15019,5566512,14302,4932638,974,475151,1894,73848,69,10387,1963,84235,32258,29092.57,11058536,0
"2021-09-04",9648,5576160,9405,4942043,688,475839,975,74823,33,10420,1008,85243,20749,28614.57,11079285,0
"2021-09-05",6804,5582964,5515,4947558,438,476277,709,75532,13,10433,722,85965,13479,28242,11092764,0
"2021-09-06",5196,5588160,4513,4952071,358,476635,270,75802,11,10444,281,86246,10348,24663,11103112,0
"2021-09-07",15578,5603738,17696,4969767,912,477547,1553,77355,88,10532,1641,87887,35827,24855.57,11138939,0
"2021-09-08",16166,5619904,14824,4984591,1072,478619,1768,79123,77,10609,1845,89732,33907,25153.86,11172846,0
"2021-09-09",16115,5636019,14750,4999341,1047,479666,1912,81035,71,10680,1983,91715,33895,25780.43,11206741,0
"2021-09-10",18375,5654394,15394,5014735,1208,480874,1970,83005,79,10759,2049,93764,37026,26461.57,11243767,0
"2021-09-11",12638,5667032,10347,5025082,958,481832,1026,84031,46,10805,1072,94836,25015,27071,11268782,0
"2021-09-12",8539,5675571,5050,5030132,766,482598,689,84720,29,10834,718,95554,15073,27298.71,11283855,0
"2021-09-13",16934,5692505,12958,5043090,976,483574,1651,86371,53,10887,1704,97258,32572,30473.57,11316427,0
"2021-09-14",16271,5708776,13677,5056767,886,484460,1593,87964,51,10938,1644,98902,32478,29995.14,11348905,0
"2021-09-15",15546,5724322,12878,5069645,727,485187,1567,89531,79,11017,1646,100548,30797,29550.86,11379702,0
"2021-09-16",15341,5739663,13909,5083554,1210,486397,1457,90988,63,11080,1520,102068,31980,29277.29,11411682,0
"2021-09-17",14438,5754101,13961,5097515,922,487319,1827,92815,55,11135,1882,103950,31203,28445.43,11442885,0
"2021-09-18",10003,5764104,10176,5107691,913,488232,1046,93861,40,11175,1086,105036,22178,28040.14,11465063,0
"2021-09-19",6179,5770283,6072,5113763,558,488790,746,94607,28,11203,774,105810,13583,27827.29,11478646,0
"2021-09-20",12675,5782958,12629,5126392,1067,489857,1920,96527,55,11258,1975,107785,28346,27223.57,11506992,0
"2021-09-21",12236,5795194,12768,5139160,1109,490966,2022,98549,76,11334,2098,109883,28211,26614,11535203,0
"2021-09-22",12822,5808016,12006,5151166,1089,492055,1682,100231,66,11400,1748,111631,27665,26166.57,11562868,0
"2021-09-23",14943,5822959,12758,5163924,1639,493694,2265,102496,72,11472,2337,113968,31677,26123.29,11594545,0
"2021-09-24",16450,5839409,13366,5177290,1633,495327,4625,107121,110,11582,4735,118703,36184,26834.86,11630729,0
"2021-09-25",10543,5849952,9023,5186313,1018,496345,3462,110583,76,11658,3538,122241,24122,27112.57,11654851,0
"2021-09-26",6304,5856256,5762,5192075,773,497118,2422,113005,55,11713,2477,124718,15316,27360.14,11670167,0
"2021-09-27",14162,5870418,8053,5200128,1155,498273,9058,122063,157,11870,9215,133933,32585,27965.71,11702752,0
"2021-09-28",11148,5881566,11779,5211907,902,499175,9910,131973,172,12042,10082,144015,33911,28780,11736663,0
"2021-09-29",11607,5893173,12196,5224103,1206,500381,9447,141420,160,12202,9607,153622,34616,29773,11771279,0
"2021-09-30",12240,5905413,12604,5236707,1338,501719,9745,151165,171,12373,9916,163538,36098,30404.57,11807377,0
"2021-10-01",12649,5918062,13430,5250137,1284,503003,10264,161429,144,12517,10408,173946,37771,30631.29,11845148,0
"2021-10-02",7735,5925797,9975,5260112,865,503868,4238,165667,74,12591,4312,178258,22887,30454.86,11868035,0
"2021-10-03",5077,5930874,6156,5266268,593,504461,2612,168279,54,12645,2666,180924,14492,30337.14,11882527,0
"2021-10-04",9909,5940783,11024,5277292,913,505374,9521,177800,138,12783,9659,190583,31505,30182.86,11914032,0
"2021-10-05",10165,5950948,11737,5289029,972,506346,9931,187731,172,12955,10103,200686,32977,30049.43,11947009,0
"2021-10-06",9916,5960864,11057,5300086,937,507283,9926,197657,152,13107,10078,210764,31988,29674,11978997,0
"2021-10-07",9666,5970530,12196,5312282,853,508136,10188,207845,165,13272,10353,221117,33068,29241.14,12012065,0
"2021-10-08",9462,5979992,12175,5324457,942,509078,10903,218748,159,13431,11062,232179,33641,28651.14,12045706,0
"2021-10-09",6259,5986251,8277,5332734,649,509727,4118,222866,86,13517,4204,236383,19389,28151.43,12065095,0
"2021-10-10",3543,5989794,5029,5337763,458,510185,2433,225299,40,13557,2473,238856,11503,27724.43,12076598,0
"2021-10-11",7624,5997418,9332,5347095,728,510913,8885,234184,153,13710,9038,247894,26722,27041.14,12103320,0
"2021-10-12",8078,6005496,10998,5358093,891,511804,10510,244694,177,13887,10687,258581,30654,26709.29,12133974,0
"2021-10-13",7155,6012651,10145,5368238,869,512673,8799,253493,175,14062,8974,267555,27143,26017.14,12161117,0
"2021-10-14",7445,6020096,11113,5379351,836,513509,10115,263608,158,14220,10273,277828,29667,25531.29,12190784,0
"2021-10-15",7728,6027824,11863,5391214,823,514332,10808,274416,164,14384,10972,288800,31386,25209.14,12222170,0
"2021-10-16",4865,6032689,7468,5398682,666,514998,3843,278259,65,14449,3908,292708,16907,24854.57,12239077,0
"2021-10-17",3061,6035750,4473,5403155,411,515409,2451,280710,41,14490,2492,295200,10437,24702.29,12249514,0
"2021-10-18",7054,6042804,10666,5413821,796,516205,9477,290187,165,14655,9642,304842,28158,24907.43,12277672,0
"2021-10-19",6576,6049380,8946,5422767,804,517009,9086,299273,165,14820,9251,314093,25577,24182.14,12303249,0
"2021-10-20",6538,6055918,9375,5432142,974,517983,9983,309256,170,14990,10153,324246,27040,24167.43,12330289,0
"2021-10-21",7032,6062950,9379,5441521,858,518841,10841,320097,147,15137,10988,335234,28257,23966,12358546,0
"2021-10-22",8130,6071080,10343,5451864,1026,519867,16344,336441,208,15345,16552,351786,36051,24632.43,12394597,0
"2021-10-23",5172,6076252,6458,5458322,690,520557,9120,345561,111,15456,9231,361017,21551,25295.86,12416148,0
"2021-10-24",3275,6079527,3972,5462294,770,521327,6151,351712,72,15528,6223,367240,14240,25839.14,12430388,0
"2021-10-25",8775,6088302,8739,5471033,1149,522476,19251,370963,283,15811,19534,386774,38197,27273.29,12468585,0
"2021-10-26",8204,6096506,7722,5478755,1258,523734,17287,388250,256,16067,17543,404317,34727,28580.43,12503312,0
"2021-10-27",10568,6107074,8393,5487148,1603,525337,20854,409104,301,16368,21155,425472,41719,30677.43,12545031,0
"2021-10-28",11331,6118405,8039,5495187,1793,527130,20837,429941,310,16678,21147,446619,42310,32685,12587341,0
"2021-10-29",11839,6130244,8240,5503427,1963,529093,22531,452472,315,16993,22846,469465,44888,33947.43,12632229,0
"2021-10-30",4631,6134875,5059,5508486,932,530025,11164,463636,157,17150,11321,480786,21943,34003.43,12654172,0
"2021-10-31",2665,6137540,2702,5511188,544,530569,6637,470273,95,17245,6732,487518,12643,33775.29,12666815,0
"2021-11-01",7139,6144679,6955,5518143,1089,531658,20380,490653,312,17557,20692,508210,35875,33443.57,12702690,0
"2021-11-02",6585,6151264,6593,5524736,1054,532712,20774,511427,263,17820,21037,529247,35269,33521,12737959,0
"2021-11-03",6854,6158118,6681,5531417,1026,533738,20628,532055,291,18111,20919,550166,35480,32629.71,12773439,0
"2021-11-04",9315,6167433,6278,5537695,995,534733,22356,554411,337,18448,22693,572859,39281,32197,12812720,0
"2021-11-05",11060,6178493,6724,5544419,1051,535784,23760,578171,337,18785,24097,596956,42932,31917.57,12855652,0
"2021-11-06",11132,6189625,4051,5548470,594,536378,12590,590761,160,18945,12750,609706,28527,32858.14,12884179,0
"2021-11-07",7256,6196881,2287,5550757,577,536955,7105,597866,89,19034,7194,616900,17314,33525.43,12901493,0
"2021-11-08",15056,6211937,5678,5556435,865,537820,19507,617373,267,19301,19774,636674,41373,34310.86,12942866,0
"2021-11-09",16155,6228092,5390,5561825,661,538481,20509,637882,260,19561,20769,657443,42975,35411.71,12985841,0
"2021-11-10",16937,6245029,5323,5567148,683,539164,22641,660523,280,19841,22921,680364,45864,36895.14,13031705,0
"2021-11-11",12580,6257609,5188,5572336,760,539924,22080,682603,276,20117,22356,702720,40884,37124.14,13072589,0
"2021-11-12",16893,6274502,5688,5578024,706,540630,23393,705996,349,20466,23742,726462,47029,37709.43,13119618,0
"2021-11-13",9947,6284449,3664,5581688,464,541094,13321,719317,172,20638,13493,739955,27568,37572.43,13147186,0
"2021-11-14",6017,6290466,2293,5583981,325,541419,7928,727245,73,20711,8001,747956,16636,37475.57,13163822,0
"2021-11-15",13226,6303692,5975,5589956,690,542109,25104,752349,340,21051,25444,773400,45335,38041.57,13209157,0
"2021-11-16",9974,6313666,5781,5595737,656,542765,30670,783019,402,21453,31072,804472,47483,38685.57,13256640,0
"2021-11-17",10314,6323980,6676,5602413,681,543446,31413,814432,397,21850,31810,836282,49481,39202.29,13306121,0
"2021-11-18",10744,6334724,6545,5608958,858,544304,33002,847434,432,22282,33434,869716,51581,40730.43,13357702,0
"2021-11-19",12032,6346756,6554,5615512,715,545019,36238,883672,439,22721,36677,906393,55978,42008.86,13413680,0
"2021-11-20",9336,6356092,3419,5618931,513,545532,22513,906185,242,22963,22755,929148,36023,43216.71,13449703,0
"2021-11-21",4959,6361051,1887,5620818,288,545820,13199,919384,142,23105,13341,942489,20475,43765.14,13470178,0
"2021-11-22",10452,6371503,5790,5626608,751,546571,35916,955300,425,23530,36341,978830,53334,44907.86,13523512,0
"2021-11-23",9809,6381312,4781,5631389,636,547207,33514,988814,354,23884,33868,1012698,49094,45138,13572606,0
"2021-11-24",8715,6390027,4753,5636142,651,547858,25913,1014727,269,24153,26182,1038880,40301,43826.57,13612907,0
"2021-11-25",449,6390476,325,5636467,80,547938,1003,1015730,9,24162,1012,1039892,1866,36724.43,13614773,0
"2021-11-26",8065,6398541,6986,5643453,530,548468,26585,1042315,280,24442,26865,1066757,42446,34791.29,13657219,0
"2021-11-27",6690,6405231,6834,5650287,371,548839,18836,1061151,213,24655,19049,1085806,32944,34351.43,13690163,0
"2021-11-28",4083,6409314,5785,5656072,282,549121,11879,1073030,113,24768,11992,1097798,22142,34589.57,13712305,0
"2021-11-29",9105,6418419,10985,5667057,687,549808,35023,1108053,411,25179,35434,1133232,56211,35000.57,13768516,0
"2021-11-30",10523,6428942,11434,5678491,513,550321,37782,1145835,472,25651,38254,1171486,60724,36662,13829240,0
"2021-12-01",11203,6440145,10985,5689476,723,551044,40345,1186180,421,26072,40766,1212252,63677,40001.43,13892917,0
"2021-12-02",11669,6451814,11038,5700514,627,551671,42155,1228335,437,26509,42592,1254844,65926,49152.86,13958843,0
"2021-12-03",13510,6465324,12889,5713403,676,552347,47922,1276257,495,27004,48417,1303261,75492,53873.71,14034335,0
"2021-12-04",9866,6475190,11294,5724697,567,552914,30671,1306928,288,27292,30959,1334220,52686,56694,14087021,0
"2021-12-05",5764,6480954,5708,5730405,271,553185,16655,1323583,123,27415,16778,1350998,28521,57605.29,14115542,0
"2021-12-06",12354,6493308,9953,5740358,600,553785,43240,1366823,428,27843,43668,1394666,66575,59085.86,14182117,0
"2021-12-07",12616,6505924,9256,5749614,625,554410,43024,1409847,480,28323,43504,1438170,66001,59839.71,14248118,0
"2021-12-08",13548,6519472,8776,5758390,554,554964,40782,1450629,452,28775,41234,1479404,64112,59901.86,14312230,0
"2021-12-09",13521,6532993,8757,5767147,555,555519,40806,1491435,471,29246,41277,1520681,64110,59642.43,14376340,0
"2021-12-10",14049,6547042,10142,5777289,670,556189,43666,1535101,477,29723,44143,1564824,69004,58715.57,14445344,0
"2021-12-11",10285,6557327,8120,5785409,405,556594,26696,1561797,262,29985,26958,1591782,45768,57727.29,14491112,0
"2021-12-12",6024,6563351,3856,5789265,290,556884,15163,1576960,129,30114,15292,1607074,25462,57290.29,14516574,0
"2021-12-13",12244,6575595,7428,5796693,658,557542,37875,1614835,374,30488,38249,1645323,58579,56148,14575153,0
"2021-12-14",12253,6587848,6958,5803651,731,558273,38141,1652976,412,30900,38553,1683876,58495,55075.71,14633648,0
"2021-12-15",12123,6599971,6240,5809891,756,559029,38121,1691097,473,31373,38594,1722470,57713,54161.57,14691361,0
"2021-12-16",13144,6613115,4275,5814166,740,559769,41040,1732137,425,31798,41465,1763935,59624,53520.71,14750985,0
"2021-12-17",15960,6629075,6932,5821098,620,560389,46759,1778896,455,32253,47214,1811149,70726,53766.71,14821711,0
"2021-12-18",13032,6642107,5719,5826817,432,560821,30616,1809512,259,32512,30875,1842024,50058,54379.57,14871769,0
"2021-12-19",7025,6649132,2995,5829812,326,561147,18004,1827516,165,32677,18169,1860193,28515,54815.71,14900284,0
"2021-12-20",16887,6666019,5867,5835679,746,561893,47428,1874944,542,33219,47970,1908163,71470,56657.29,14971754,0
"2021-12-21",17983,6684002,6576,5842255,806,562699,48901,1923845,560,33779,49461,1957624,74826,58990.29,15046580,0
"2021-12-22",18549,6702551,6559,5848814,938,563637,49657,1973502,513,34292,50170,2007794,76216,61633.57,15122796,0
"2021-12-23",19052,6721603,6481,5855295,929,564566,45820,2019322,502,34794,46322,2054116,72784,63513.57,15195580,0
"2021-12-24",9247,6730850,2952,5858247,598,565164,20591,2039913,204,34998,20795,2074911,33592,58208.71,15229172,0
"2021-12-25",343,6731193,64,5858311,31,565195,427,2040340,8,35006,435,2075346,873,51182.29,15230045,0
"2021-12-26",7977,6739170,3929,5862240,341,565536,17272,2057612,167,35173,17439,2092785,29686,51349.57,15259731,0
"2021-12-27",21793,6760963,9205,5871445,932,566468,43424,2101036,529,35702,43953,2136738,75883,51980,15335614,0
"2021-12-28",20167,6781130,8331,5879776,699,567167,47563,2148599,585,36287,48148,2184886,77345,52339.86,15412959,0
"2021-12-29",18502,6799632,7672,5887448,607,567774,45535,2194134,466,36753,46001,2230887,72782,51849.29,15485741,0
"2021-12-30",16887,6816519,7418,5894866,586,568360,44831,2238965,559,37312,45390,2276277,70281,51491.71,15556022,0
"2021-12-31",5365,6821884,2808,5897674,193,568553,14760,2253725,173,37485,14933,2291210,23299,50021.29,15579321,0
"2022-01-01",243,6822127,147,5897821,12,568565,501,2254226,20,37505,521,2291731,923,50028.43,15580244,0
"2022-01-02",6434,6828561,5021,5902842,153,568718,10974,2265200,107,37612,11081,2302812,22689,49028.86,15602933,0
"2022-01-03",14144,6842705,8485,5911327,515,569233,26922,2292122,314,37926,27236,2330048,50380,45385.57,15653313,0
"2022-01-04",12919,6855624,8107,5919434,414,569647,27152,2319274,343,38269,27495,2357543,48935,41327,15702248,0
"2022-01-05",11515,6867139,6994,5926428,384,570031,25835,2345109,294,38563,26129,2383672,45022,37361.29,15747270,0
"2022-01-06",11488,6878627,7386,5933814,485,570516,27513,2372622,322,38885,27835,2411507,47194,34063.14,15794464,0
"2022-01-07",10406,6889033,8419,5942233,338,570854,25019,2397641,306,39191,25325,2436832,44488,37090.14,15838952,0
"2022-01-08",7876,6896909,8568,5950801,310,571164,19448,2417089,171,39362,19619,2456451,36373,42154.43,15875325,0
"2022-01-09",4136,6901045,3845,5954646,214,571378,10057,2427146,88,39450,10145,2466596,18340,41533.14,15893665,0
"2022-01-10",10184,6911229,8188,5962834,490,571868,24602,2451748,288,39738,24890,2491486,43752,40586.29,15937417,0
"2022-01-11",8901,6920130,7999,5970833,521,572389,21020,2472768,270,40008,21290,2512776,38711,39125.71,15976128,0
"2022-01-12",8939,6929069,8319,5979152,428,572817,22331,2495099,283,40291,22614,2535390,40300,38451.14,16016428,0
"2022-01-13",9046,6938115,8865,5988017,451,573268,22876,2517975,302,40593,23178,2558568,41540,37643.43,16057968,0
"2022-01-14",10118,6948233,8121,5996138,476,573744,26433,2544408,306,40899,26739,2585307,45454,37781.43,16103422,0
"2022-01-15",6210,6954443,4308,6000446,179,573923,15145,2559553,168,41067,15313,2600620,26010,36301,16129432,0
"2022-01-16",2922,6957365,3250,6003696,95,574018,7819,2567372,80,41147,7899,2608519,14166,35704.71,16143598,0
"2022-01-17",6084,6963449,6759,6010455,363,574381,14678,2582050,206,41353,14884,2623403,28090,33467.29,16171688,0
"2022-01-18",8168,6971617,10315,6020770,397,574778,19662,2601712,312,41665,19974,2643377,38854,33487.71,16210542,0
"2022-01-19",7473,6979090,9253,6030023,304,575082,17711,2619423,263,41928,17974,2661351,35004,32731.14,16245546,0
"2022-01-20",6282,6985372,8564,6038587,305,575387,15247,2634670,230,42158,15477,2676828,30628,31172.29,16276174,0
"2022-01-21",7576,6992948,7500,6046087,276,575663,18505,2653175,275,42433,18780,2695608,34132,29554.86,16310306,0
"2022-01-22",5194,6998142,4939,6051026,131,575794,11318,2664493,121,42554,11439,2707047,21703,28939.57,16332009,0
"2022-01-23",2811,7000953,3329,6054355,97,575891,6228,2670721,74,42628,6302,2713349,12539,28707.14,16344548,0
"2022-01-24",6371,7007324,8201,6062556,262,576153,15074,2685795,232,42860,15306,2728655,30140,29000,16374688,0
"2022-01-25",6191,7013515,7936,6070492,233,576386,14684,2700479,253,43113,14937,2743592,29297,27634.71,16403985,0
"2022-01-26",5756,7019271,7169,6077661,289,576675,14016,2714495,206,43319,14222,2757814,27436,26553.57,16431421,0
"2022-01-27",5263,7024534,7090,6084751,321,576996,14079,2728574,227,43546,14306,2772120,26980,26032.43,16458401,0
"2022-01-28",6266,7030800,7867,6092618,203,577199,16129,2744703,230,43776,16359,2788479,30695,25541.43,16489096,0
"2022-01-29",843,7031643,727,6093345,28,577227,2537,2747240,39,43815,2576,2791055,4174,23037.29,16493270,0
"2022-01-30",2097,7033740,3020,6096365,103,577330,4536,2751776,61,43876,4597,2795652,9817,22648.43,16503087,0
"2022-01-31",5009,7038749,6599,6102964,220,577550,11374,2763150,195,44071,11569,2807221,23397,21685.14,16526484,0
"2022-02-01",4840,7043589,6436,6109400,219,577769,10709,2773859,210,44281,10919,2818140,22414,20701.86,16548898,0
"2022-02-02",4250,7047839,5923,6115323,213,577982,11227,2785086,234,44515,11461,2829601,21847,19903.43,16570745,0
"2022-02-03",4233,7052072,5810,6121133,216,578198,11214,2796300,194,44709,11408,2841009,21667,19144.43,16592412,0
"2022-02-04",4776,7056848,7114,6128247,214,578412,13217,2809517,232,44941,13449,2854458,25553,18409.86,16617965,0
"2022-02-05",3587,7060435,6051,6134298,110,578522,8573,2818090,147,45088,8720,2863178,18468,20451.86,16636433,0
"2022-02-06",2064,7062499,2133,6136431,121,578643,4637,2822727,102,45190,4739,2867917,9057,20343.29,16645490,0
"2022-02-07",4159,7066658,4727,6141158,205,578848,10133,2832860,226,45416,10359,2878276,19450,19779.43,16664940,0
"2022-02-08",4225,7070883,5610,6146768,214,579062,11325,2844185,300,45716,11625,2889901,21674,19673.71,16686614,0
"2022-02-09",4141,7075024,5403,6152171,222,579284,11659,2855844,247,45963,11906,2901807,21672,19648.71,16708286,0
"2022-02-10",4002,7079026,5118,6157289,245,579529,12197,2868041,277,46240,12474,2914281,21839,19673.29,16730125,0
"2022-02-11",4519,7083545,5806,6163095,195,579724,13731,2881772,310,46550,14041,2928322,24561,19531.57,16754686,0
"2022-02-12",3262,7086807,4341,6167436,97,579821,8806,2890578,211,46761,9017,2937339,16717,19281.43,16771403,0
"2022-02-13",1522,7088329,1542,6168978,41,579862,4881,2895459,105,46866,4986,2942325,8091,19143.43,16779494,0
"2022-02-14",2985,7091314,3623,6172601,167,580029,10568,2906027,321,47187,10889,2953214,17664,18888.29,16797158,0
"2022-02-15",3561,7094875,4070,6176671,176,580205,12778,2918805,271,47458,13049,2966263,20856,18771.43,16818014,0
"2022-02-16",3666,7098541,3902,6180573,200,580405,15718,2934523,287,47745,16005,2982268,23773,19071.57,16841787,0
"2022-02-17",4041,7102582,4081,6184654,162,580567,18265,2952788,353,48098,18618,3000886,26902,19794.86,16868689,0
"2022-02-18",4478,7107060,4782,6189436,190,580757,21529,2974317,446,48544,21975,3022861,31425,20775.43,16900114,0
"2022-02-19",3258,7110318,2180,6191616,65,580822,11175,2985492,211,48755,11386,3034247,16889,20800,16917003,0
"2022-02-20",1862,7112180,1447,6193063,59,580881,6577,2992069,111,48866,6688,3040935,10056,21080.71,16927059,0
"2022-02-21",3087,7115267,2692,6195755,95,580976,8354,3000423,222,49088,8576,3049511,14450,20621.57,16941509,0
"2022-02-22",4381,7119648,4249,6200004,175,581151,10829,3011252,247,49335,11076,3060587,19881,20482.29,16961390,0
"2022-02-23",4271,7123919,3792,6203796,145,581296,10660,3021912,237,49572,10897,3071484,19105,19815.43,16980495,0
"2022-02-24",3796,7127715,3657,6207453,108,581404,10184,3032096,229,49801,10413,3081897,17974,18540,16998469,0
"2022-02-25",3622,7131337,3624,6211077,134,581538,9975,3042071,229,50030,10204,3092101,17584,16562.71,17016053,0
"2022-02-26",2840,7134177,2578,6213655,74,581612,9509,3051580,152,50182,9661,3101762,15153,16314.71,17031206,0
"2022-02-27",1773,7135950,1371,6215026,52,581664,6268,3057848,97,50279,6365,3108127,9561,16244,17040767,0
"2022-02-28",3806,7139756,3133,6218159,140,581804,13127,3070975,246,50525,13373,3121500,20452,17101.43,17061219,0
"2022-03-01",2139,7141895,2623,6220782,103,581907,5169,3076144,182,50707,5351,3126851,10216,15720.71,17071435,0
"2022-03-02",1845,7143740,2437,6223219,106,582013,4128,3080272,204,50911,4332,3131183,8720,14237.14,17080155,0
"2022-03-03",1939,7145679,2555,6225774,106,582119,3793,3084065,168,51079,3961,3135144,8561,12892.43,17088716,0
"2022-03-04",2122,7147801,2873,6228647,66,582185,4327,3088392,205,51284,4532,3139676,9593,11750.86,17098309,0
"2022-03-05",1611,7149412,2125,6230772,43,582228,3316,3091708,112,51396,3428,3143104,7207,10615.71,17105516,0
"2022-03-06",799,7150211,879,6231651,30,582258,1622,3093330,54,51450,1676,3144780,3384,9733.29,17108900,0
"2022-03-07",1668,7151879,1787,6233438,86,582344,3496,3096826,159,51609,3655,3148435,7196,7839.57,17116096,0
"2022-03-08",1550,7153429,1892,6235330,80,582424,3123,3099949,145,51754,3268,3151703,6790,7350.14,17122886,0
"2022-03-09",1267,7154696,1667,6236997,79,582503,2584,3102533,129,51883,2713,3154416,5726,6922.43,17128612,0
"2022-03-10",1421,7156117,2099,6239096,85,582588,2951,3105484,160,52043,3111,3157527,6716,6658.86,17135328,0
"2022-03-11",1604,7157721,2272,6241368,81,582669,3212,3108696,187,52230,3399,3160926,7356,6339.29,17142684,0
"2022-03-12",879,7158600,1414,6242782,40,582709,2004,3110700,72,52302,2076,3163002,4409,5939.57,17147093,0
"2022-03-13",626,7159226,757,6243539,27,582736,1292,3111992,47,52349,1339,3164341,2749,5848.86,17149842,0
"2022-03-14",1374,7160600,1602,6245141,83,582819,2988,3114980,204,52553,3192,3167533,6251,5713.86,17156093,0
"2022-03-15",1362,7161962,1923,6247064,63,582882,3068,3118048,228,52781,3296,3170829,6644,5693,17162737,0
"2022-03-16",1401,7163363,2065,6249129,94,582976,3132,3121180,293,53074,3425,3174254,6985,5872.86,17169722,0
"2022-03-17",1185,7164548,1806,6250935,70,583046,2758,3123938,262,53336,3020,3177274,6081,5782.14,17175803,0
"2022-03-18",1594,7166142,2210,6253145,80,583126,3771,3127709,413,53749,4184,3181458,8068,5883.86,17183871,0
"2022-03-19",1113,7167255,1733,6254878,54,583180,2596,3130305,225,53974,2821,3184279,5721,6071.29,17189592,0
"2022-03-20",614,7167869,627,6255505,33,583213,1463,3131768,183,54157,1646,3185925,2920,6095.71,17192512,0
"2022-03-21",1422,7169291,1552,6257057,72,583285,3054,3134822,352,54509,3406,3189331,6452,6124.43,17198964,0
"2022-03-22",1344,7170635,1551,6258608,101,583386,2902,3137724,338,54847,3240,3192571,6236,6066.14,17205200,0
"2022-03-23",1262,7171897,1361,6259969,66,583452,2917,3140641,371,55218,3288,3195859,5977,5922.14,17211177,0
"2022-03-24",1211,7173108,1299,6261268,90,583542,2517,3143158,264,55482,2781,3198640,5381,5822.14,17216558,0
"2022-03-25",1391,7174499,1628,6262896,62,583604,3263,3146421,372,55854,3635,3202275,6716,5629,17223274,0
"2022-03-26",929,7175428,1162,6264058,36,583640,2303,3148724,249,56103,2552,3204827,4679,5480.14,17227953,0
"2022-03-27",574,7176002,527,6264585,29,583669,1312,3150036,203,56306,1515,3206342,2645,5440.86,17230598,0
"2022-03-28",1087,7177089,1164,6265749,68,583737,2440,3152476,354,56660,2794,3209136,5113,5249.57,17235711,0
"2022-03-29",1052,7178141,1104,6266853,85,583822,2514,3154990,873,57533,3387,3212523,5628,5162.71,17241339,0
"2022-03-30",1251,7179392,1143,6267996,98,583920,3065,3158055,3377,60910,6442,3218965,8934,5585.14,17250273,0
"2022-03-31",1290,7180682,1261,6269257,57,583977,3166,3161221,5472,66382,8638,3227603,11246,6423,17261519,0
"2022-04-01",1438,7182120,1496,6270753,76,584053,3249,3164470,6865,73247,10114,3237717,13124,7338.43,17274643,0
"2022-04-02",913,7183033,912,6271665,33,584086,2097,3166567,4494,77741,6591,3244308,8449,7877,17283092,0
"2022-04-03",561,7183594,499,6272164,28,584114,1223,3167790,3041,80782,4264,3248572,5352,8263.71,17288444,0
"2022-04-04",1358,7184952,1307,6273471,60,584174,2733,3170523,7651,88433,10384,3258956,13109,9406,17301553,0
"2022-04-05",1304,7186256,1165,6274636,66,584240,2856,3173379,7441,95874,10297,3269253,12832,10435.14,17314385,0
"2022-04-06",1341,7187597,1180,6275816,61,584301,2623,3176002,6912,102786,9535,3278788,12117,10889.86,17326502,0
"2022-04-07",1209,7188806,1063,6276879,54,584355,2377,3178379,6572,109358,8949,3287737,11275,10894,17337777,0
"2022-04-08",1493,7190299,1403,6278282,62,584417,3168,3181547,8724,118082,11892,3299629,14850,11140.57,17352627,0
"2022-04-09",926,7191225,924,6279206,29,584446,2069,3183616,4915,122997,6984,3306613,8863,11199.71,17361490,0
"2022-04-10",588,7191813,461,6279667,25,584471,1170,3184786,2869,125866,4039,3310652,5113,11165.57,17366603,0
"2022-04-11",1330,7193143,1235,6280902,59,584530,2666,3187452,7740,133606,10406,3321058,13030,11154.29,17379633,0
"2022-04-12",1221,7194364,1058,6281960,73,584603,2530,3189982,7370,140976,9900,3330958,12252,11071.43,17391885,0
"2022-04-13",1255,7195619,1079,6283039,59,584662,2508,3192490,7492,148468,10000,3340958,12393,11110.86,17404278,0
"2022-04-14",1279,7196898,1101,6284140,59,584721,2436,3194926,6529,154997,8965,3349923,11404,11129.29,17415682,0
"2022-04-15",1353,7198251,1097,6285237,53,584774,2566,3197492,6570,161567,9136,3359059,11639,10670.57,17427321,0
"2022-04-16",872,7199123,653,6285890,33,584807,1639,3199131,3642,165209,5281,3364340,6839,10381.43,17434160,0
"2022-04-17",347,7199470,203,6286093,27,584834,639,3199770,1144,166353,1783,3366123,2360,9988.14,17436520,0
"2022-04-18",1393,7200863,1117,6287210,82,584916,2588,3202358,6369,172722,8957,3375080,11549,9776.57,17448069,0
"2022-04-19",1420,7202283,939,6288149,72,584988,2573,3204931,5700,178422,8273,3383353,10704,9555.43,17458773,0
"2022-04-20",1317,7203600,1146,6289295,65,585053,2682,3207613,6584,185006,9266,3392619,11794,9469.86,17470567,0
"2022-04-21",1228,7204828,1062,6290357,53,585106,2330,3209943,5295,190301,7625,3400244,9968,9264.71,17480535,0
"2022-04-22",1219,7206047,1026,6291383,46,585152,2201,3212144,5587,195888,7788,3408032,10079,9041.86,17490614,0
"2022-04-23",718,7206765,750,6292133,59,585211,1427,3213571,3323,199211,4750,3412782,6277,8961.57,17496891,0
"2022-04-24",443,7207208,338,6292471,27,585238,814,3214385,1797,201008,2611,3415393,3419,9112.86,17500310,0
"2022-04-25",1032,7208240,915,6293386,64,585302,1853,3216238,5050,206058,6903,3422296,8914,8736.43,17509224,0
"2022-04-26",949,7209189,857,6294243,76,585378,1755,3217993,4654,210712,6409,3428705,8291,8391.71,17517515,0
"2022-04-27",1042,7210231,1026,6295269,80,585458,1931,3219924,5166,215878,7097,3435802,9245,8027.57,17526760,0
"2022-04-28",1092,7211323,988,6296257,50,585508,2006,3221930,4693,220571,6699,3442501,8829,7864.86,17535589,0
"2022-04-29",1191,7212514,1106,6297363,60,585568,2157,3224087,5332,225903,7489,3449990,9846,7831.57,17545435,0
"2022-04-30",730,7213244,741,6298104,43,585611,1393,3225480,2936,228839,4329,3454319,5843,7769.57,17551278,0
"2022-05-01",447,7213691,367,6298471,20,585631,766,3226246,1640,230479,2406,3456725,3240,7744,17554518,0
"2022-05-02",1061,7214752,792,6299263,52,585683,1673,3227919,3780,234259,5453,3462178,7358,7521.71,17561876,0
"2022-05-03",1124,7215876,863,6300126,61,585744,1997,3229916,4825,239084,6822,3469000,8870,7604.43,17570746,0
"2022-05-04",1023,7216899,883,6301009,48,585792,1914,3231830,4595,243679,6509,3475509,8463,7492.71,17579209,0
"2022-05-05",1060,7217959,952,6301961,86,585878,1926,3233756,4839,248518,6765,3482274,8863,7497.57,17588072,0
"2022-05-06",1095,7219054,958,6302919,51,585929,1867,3235623,4337,252855,6204,3488478,8308,7277.86,17596380,0
"2022-05-07",663,7219717,592,6303511,32,585961,1203,3236826,2409,255264,3612,3492090,4899,7143,17601279,0
"2022-05-08",417,7220134,247,6303758,17,585978,668,3237494,1366,256630,2034,3494124,2715,7068,17603994,0
"2022-05-09",1084,7221218,948,6304706,60,586038,1884,3239378,4402,261032,6286,3500410,8378,7213.71,17612372,0
"2022-05-10",1099,7222317,933,6305639,54,586092,1987,3241365,4667,265699,6654,3507064,8740,7195.14,17621112,0
"2022-05-11",1096,7223413,978,6306617,44,586136,1941,3243306,4801,270500,6742,3513806,8860,7251.86,17629972,0
"2022-05-12",1103,7224516,949,6307566,58,586194,2003,3245309,4618,275118,6621,3520427,8731,7233,17638703,0
"2022-05-13",1165,7225681,1039,6308605,44,586238,2060,3247369,4752,279870,6812,3527239,9060,7340.43,17647763,0
"2022-05-14",832,7226513,670,6309275,31,586269,1471,3248840,2913,282783,4384,3531623,5917,7485.86,17653680,0
"2022-05-15",511,7227024,358,6309633,21,586290,923,3249763,1637,284420,2560,3534183,3450,7590.86,17657130,0
"2022-05-16",1231,7228255,862,6310495,61,586351,1825,3251588,3822,288242,5647,3539830,7801,7508.43,17664931,0
"2022-05-17",1300,7229555,924,6311419,79,586430,2052,3253640,4836,293078,6888,3546718,9191,7572.86,17674122,0
"2022-05-18",1248,7230803,903,6312322,82,586512,2060,3255700,4878,297956,6938,3553656,9171,7617.29,17683293,0
"2022-05-19",1176,7231979,873,6313195,35,586547,2116,3257816,4676,302632,6792,3560448,8876,7638,17692169,0
"2022-05-20",1204,7233183,955,6314150,74,586621,2368,3260184,5132,307764,7500,3567948,9733,7734.14,17701902,0
"2022-05-21",837,7234020,648,6314798,23,586644,1726,3261910,3263,311027,4989,3572937,6497,7817,17708399,0
"2022-05-22",514,7234534,292,6315090,22,586666,1134,3263044,1824,312851,2958,3575895,3786,7865,17712185,0
"2022-05-23",1228,7235762,891,6315981,47,586713,2183,3265227,4660,317511,6843,3582738,9009,8037.57,17721194,0
"2022-05-24",1438,7237200,939,6316920,66,586779,2289,3267516,4432,321943,6721,3589459,9164,8033.71,17730358,0
"2022-05-25",1442,7238642,958,6317878,56,586835,2262,3269778,4198,326141,6460,3595919,8916,7997.29,17739274,0
"2022-05-26",1183,7239825,870,6318748,60,586895,2259,3272037,4089,330230,6348,3602267,8461,7938,17747735,0
"2022-05-27",1256,7241081,955,6319703,38,586933,2491,3274528,3855,334085,6346,3608613,8595,7775.43,17756330,0
"2022-05-28",720,7241801,518,6320221,19,586952,1776,3276304,2041,336126,3817,3612430,5074,7572.14,17761404,0
"2022-05-29",476,7242277,217,6320438,11,586963,762,3277066,1111,337237,1873,3614303,2577,7399.43,17763981,0
"2022-05-30",92,7242369,56,6320494,6,586969,139,3277205,143,337380,282,3614585,436,6174.71,17764417,0
"2022-05-31",1138,7243507,911,6321405,51,587020,1878,3279083,3037,340417,4915,3619500,7015,5867.71,17771432,0
"2022-06-01",1152,7244659,845,6322250,63,587083,1960,3281043,3377,343794,5337,3624837,7397,5650.71,17778829,0
"2022-06-02",1031,7245690,798,6323048,72,587155,1821,3282864,3139,346933,4960,3629797,6861,5422.14,17785690,0
"2022-06-03",1171,7246861,888,6323936,47,587202,2053,3284917,3471,350404,5524,3635321,7630,5284.29,17793320,0
"2022-06-04",728,7247589,582,6324518,26,587228,1550,3286467,1888,352292,3438,3638759,4774,5241.43,17798094,0
"2022-06-05",450,7248039,297,6324815,1,587229,878,3287345,976,353268,1854,3640613,2602,5245,17800696,0
"2022-06-06",1126,7249165,825,6325640,64,587293,1751,3289096,2722,355990,4473,3645086,6488,6109.57,17807184,0
"2022-06-07",1025,7250190,767,6326407,70,587363,1767,3290863,2548,358538,4315,3649401,6177,5989.86,17813361,0
"2022-06-08",1093,7251283,834,6327241,75,587438,1868,3292731,2719,361257,4587,3653988,6589,5874.43,17819950,0
"2022-06-09",1146,7252429,836,6328077,62,587500,2210,3294941,2676,363933,4886,3658874,6930,5884.29,17826880,0
"2022-06-10",1052,7253481,811,6328888,75,587575,1875,3296816,2804,366737,4679,3663553,6617,5739.57,17833497,0
"2022-06-11",684,7254165,508,6329396,24,587599,1317,3298133,1498,368235,2815,3666368,4031,5633.43,17837528,0
"2022-06-12",351,7254516,286,6329682,20,587619,879,3299012,766,369001,1645,3668013,2302,5590.57,17839830,0
"2022-06-13",1034,7255550,764,6330446,63,587682,1570,3300582,2168,371169,3738,3671751,5599,5463.57,17845429,0
"2022-06-14",939,7256489,815,6331261,55,587737,1658,3302240,2484,373653,4142,3675893,5951,5431.29,17851380,0
"2022-06-15",981,7257470,852,6332113,39,587776,1635,3303875,2396,376049,4031,3679924,5903,5333.29,17857283,0
"2022-06-16",941,7258411,775,6332888,59,587835,1806,3305681,2330,378379,4136,3684060,5911,5187.71,17863194,0
"2022-06-17",898,7259309,785,6333673,44,587879,1745,3307426,2379,380758,4124,3688184,5851,5078.29,17869045,0
"2022-06-18",663,7259972,521,6334194,26,587905,1270,3308696,1290,382048,2560,3690744,3770,5041,17872815,0
"2022-06-19",355,7260327,236,6334430,16,587921,723,3309419,600,382648,1323,3692067,1930,4987.86,17874745,0
"2022-06-20",829,7261156,484,6334914,41,587962,1546,3310965,1602,384250,3148,3695215,4502,4831.14,17879247,0
"2022-06-21",1052,7262208,721,6335635,50,588012,1667,3312632,2101,386351,3768,3698983,5591,4779.71,17884838,0
"2022-06-22",1003,7263211,803,6336438,44,588056,1673,3314305,1969,388320,3642,3702625,5492,4721,17890330,0
"2022-06-23",935,7264146,747,6337185,64,588120,1680,3315985,2127,390447,3807,3706432,5553,4669.86,17895883,0
"2022-06-24",922,7265068,751,6337936,48,588168,1612,3317597,2119,392566,3731,3710163,5452,4612.86,17901335,0
"2022-06-25",632,7265700,479,6338415,15,588183,1226,3318823,1121,393687,2347,3712510,3473,4570.43,17904808,0
"2022-06-26",437,7266137,247,6338662,14,588197,678,3319501,529,394216,1207,3713717,1905,4566.86,17906713,0
"2022-06-27",849,7266986,644,6339306,60,588257,1442,3320943,1592,395808,3034,3716751,4587,4579,17911300,0
"2022-06-28",976,7267962,815,6340121,50,588307,1833,3322776,2087,397895,3920,3720671,5761,4603.29,17917061,0
"2022-06-29",880,7268842,760,6340881,47,588354,1672,3324448,1900,399795,3572,3724243,5259,4570,17922320,0
"2022-06-30",886,7269728,796,6341677,46,588400,1699,3326147,2056,401851,3755,3727998,5483,4560,17927803,0
"2022-07-01",711,7270439,579,6342256,22,588422,1360,3327507,1690,403541,3050,3731048,4362,4404.29,17932165,0
"2022-07-02",436,7270875,377,6342633,15,588437,823,3328330,918,404459,1741,3732789,2569,4275.14,17934734,0
"2022-07-03",296,7271171,203,6342836,5,588442,452,3328782,478,404937,930,3733719,1434,4207.86,17936168,0
"2022-07-04",31,7271202,26,6342862,1,588443,30,3328812,38,404975,68,3733787,126,3570.57,17936294,0
"2022-07-05",806,7272008,738,6343600,33,588476,1381,3330193,1715,406690,3096,3736883,4673,3415.14,17940967,0
"2022-07-06",805,7272813,661,6344261,43,588519,1392,3331585,1756,408446,3148,3740031,4657,3329.14,17945624,0
"2022-07-07",836,7273649,690,6344951,45,588564,1466,3333051,1923,410369,3389,3743420,4960,3254.43,17950584,0
"2022-07-08",862,7274511,629,6345580,37,588601,1438,3334489,1919,412288,3357,3746777,4885,3329.14,17955469,0
"2022-07-09",507,7275018,405,6345985,23,588624,866,3335355,1321,413609,2187,3748964,3122,3408.14,17958591,0
"2022-07-10",327,7275345,181,6346166,14,588638,421,3335776,651,414260,1072,3750036,1594,3431,17960185,0
"2022-07-11",922,7276267,611,6346777,46,588684,1395,3337171,2135,416395,3530,3753566,5109,4142.86,17965294,0
"2022-07-12",876,7277143,668,6347445,44,588728,1372,3338543,2456,418851,3828,3757394,5416,4249,17970710,120000
"2022-07-13",833,7277976,660,6348105,33,588761,1438,3339981,2630,421481,4068,3761462,5594,4382.86,17976304,120000
"2022-07-14",880,7278856,645,6348750,44,588805,1432,3341413,2807,424288,4239,3765701,5808,4504,17982112,120000
"2022-07-15",832,7279688,627,6349377,35,588840,1502,3342915,2883,427171,4385,3770086,5879,4646,17987991,120000
"2022-07-16",405,7280093,408,6349785,9,588849,930,3343845,1614,428785,2544,3772630,3366,4680.86,17991357,120000
"2022-07-17",347,7280440,206,6349991,15,588864,501,3344346,1121,429906,1622,3774252,2190,4766,17993547,120000
"2022-07-18",240,7280680,187,6350178,8,588872,442,3344788,781,430687,1223,3775475,1658,4273,17995205,120000
