"DATE","ADMIN_DOSE1_DAILY","ADMIN_DOSE1_CUMULATIVE","ADMIN_DOSE2_DAILY","ADMIN_DOSE2_CUMULATIVE","ADMIN_SINGLE_DAILY","ADMIN_SINGLE_CUMULATIVE","ADMIN_ALLDOSES_DAILY","ADMIN_ALLDOSES_7DAYAVG","ADMIN_ALLDOSES_CUMULATIVE","INCOMPLETE"
"2020-12-14",78,78,0,0,0,0,78,,78,0
"2020-12-15",2050,2128,3,3,4,4,2057,,2135,0
"2020-12-16",4571,6699,14,17,1,5,4586,,6721,0
"2020-12-17",4653,11352,15,32,0,5,4668,,11389,0
"2020-12-18",5799,17151,28,60,2,7,5829,,17218,0
"2020-12-19",1686,18837,5,65,3,10,1694,,18912,0
"2020-12-20",1108,19945,2,67,1,11,1111,2860.43,20023,0
"2020-12-21",6269,26214,12,79,1,12,6282,3746.71,26305,0
"2020-12-22",9772,35986,24,103,2,14,9798,4852.57,36103,0
"2020-12-23",14236,50222,42,145,2,16,14280,6237.43,50383,0
"2020-12-24",7202,57424,52,197,1,17,7255,6607,57638,0
"2020-12-25",179,57603,0,197,0,17,179,5799.86,57817,0
"2020-12-26",4330,61933,35,232,0,17,4365,6181.43,62182,0
"2020-12-27",3830,65763,9,241,0,17,3839,6571.14,66021,0
"2020-12-28",10976,76739,39,280,1,18,11016,7247.43,77037,0
"2020-12-29",10696,87435,30,310,2,20,10728,7380.29,87765,0
"2020-12-30",12782,100217,48,358,0,20,12830,7173.14,100595,0
"2020-12-31",7239,107456,24,382,0,20,7263,7174.29,107858,0
"2021-01-01",180,107636,2,384,1,21,183,7174.86,108041,0
"2021-01-02",3806,111442,10,394,2,23,3818,7096.71,111859,0
"2021-01-03",3524,114966,21,415,1,24,3546,7054.86,115405,0
"2021-01-04",12200,127166,795,1210,0,24,12995,7337.57,128400,0
"2021-01-05",13988,141154,2160,3370,0,24,16148,8111.86,144548,0
"2021-01-06",17721,158875,3895,7265,0,24,21616,9367,166164,0
"2021-01-07",16429,175304,5139,12404,3,27,21571,11411,187735,0
"2021-01-08",16457,191761,5373,17777,0,27,21830,14503.43,209565,0
"2021-01-09",7654,199415,1445,19222,1,28,9100,15258,218665,0
"2021-01-10",7890,207305,961,20183,0,28,8851,16015.86,227516,0
"2021-01-11",25630,232935,7317,27500,1,29,32948,18866.29,260464,0
"2021-01-12",27903,260838,7796,35296,1,30,35700,21659.43,296164,0
"2021-01-13",31444,292282,9324,44620,1,31,40769,24395.57,336933,0
"2021-01-14",35525,327807,5277,49897,1,32,40803,27143,377736,0
"2021-01-15",28987,356794,3571,53468,2,34,32560,28675.86,410296,0
"2021-01-16",30154,386948,2318,55786,0,34,32472,32014.71,442768,0
"2021-01-17",23822,410770,1571,57357,0,34,25393,34377.86,468161,0
"2021-01-18",26918,437688,2343,59700,0,34,29261,33851.14,497422,0
"2021-01-19",33928,471616,9529,69229,1,35,43458,34959.43,540880,0
"2021-01-20",34450,506066,9367,78596,1,36,43818,35395,584698,0
"2021-01-21",25194,531260,7984,86580,0,36,33178,34305.71,617876,0
"2021-01-22",24245,555505,4350,90930,0,36,28595,33739.29,646471,0
"2021-01-23",15302,570807,3191,94121,0,36,18493,31742.29,664964,0
"2021-01-24",6967,577774,3407,97528,0,36,10374,29596.71,675338,0
"2021-01-25",13020,590794,11697,109225,0,36,24717,28947.57,700055,0
"2021-01-26",16333,607127,10581,119806,0,36,26914,26584.14,726969,0
"2021-01-27",20348,627475,12195,132001,0,36,32543,24973.43,759512,0
"2021-01-28",30414,657889,12679,144680,0,36,43093,26389.86,802605,0
"2021-01-29",31358,689247,11278,155958,0,36,42636,28395.71,845241,0
"2021-01-30",18430,707677,3669,159627,0,36,22099,28910.86,867340,0
"2021-01-31",12938,720615,2854,162481,0,36,15792,29684.86,883132,0
"2021-02-01",1122,721737,5287,167768,2,38,6411,27069.71,889543,0
"2021-02-02",2787,724524,9249,177017,2,40,12038,24944.57,901581,0
"2021-02-03",16194,740718,20757,197774,3,43,36954,25574.71,938535,0
"2021-02-04",26744,767462,19195,216969,2,45,45941,25981.57,984476,0
"2021-02-05",27260,794722,19599,236568,0,45,46859,26584.86,1031335,0
"2021-02-06",22752,817474,11084,247652,0,45,33836,28261.57,1065171,0
"2021-02-07",12034,829508,8155,255807,0,45,20189,28889.71,1085360,0
"2021-02-08",16737,846245,23169,278976,2,47,39908,33675,1125268,0
"2021-02-09",16977,863222,27681,306657,2,49,44660,38335.29,1169928,0
"2021-02-10",19424,882646,28815,335472,1,50,48240,39947.57,1218168,0
"2021-02-11",27681,910327,32956,368428,2,52,60639,42047.29,1278807,0
"2021-02-12",38261,948588,30187,398615,3,55,68451,45131.86,1347258,0
"2021-02-13",27770,976358,24839,423454,2,57,52611,47814,1399869,0
"2021-02-14",16201,992559,23429,446883,0,57,39630,50591.29,1439499,0
"2021-02-15",12619,1005178,10288,457171,1,58,22908,48162.71,1462407,0
"2021-02-16",14054,1019232,26211,483382,0,58,40265,47534.86,1502672,0
"2021-02-17",16115,1035347,21657,505039,1,59,37773,46039.57,1540445,0
"2021-02-18",11977,1047324,24596,529635,22,81,36595,42604.71,1577040,0
"2021-02-19",13054,1060378,23567,553202,39,120,36660,38063.14,1613700,0
"2021-02-20",11145,1071523,25814,579016,6,126,36965,35828,1650665,0
"2021-02-21",6277,1077800,17288,596304,15,141,23580,33535.14,1674245,0
"2021-02-22",12685,1090485,11625,607929,2,143,24312,33735.71,1698557,0
"2021-02-23",24926,1115411,13947,621876,1,144,38874,33537,1737431,0
"2021-02-24",35982,1151393,19852,641728,0,144,55834,36117.14,1793265,0
"2021-02-25",54365,1205758,29635,671363,7,151,84007,42890.29,1877272,0
"2021-02-26",62643,1268401,31050,702413,4,155,93697,51038.43,1970969,0
"2021-02-27",51146,1319547,22118,724531,49,204,73313,56231,2044282,0
"2021-02-28",44642,1364189,13439,737970,4,208,58085,61160.29,2102367,0
"2021-03-01",39021,1403210,12135,750105,8,216,51164,64996.29,2153531,0
"2021-03-02",46782,1449992,11870,761975,7,223,58659,67822.71,2212190,0
"2021-03-03",48216,1498208,15467,777442,16,239,63699,68946.29,2275889,0
"2021-03-04",59470,1557678,22192,799634,1088,1327,82750,68766.71,2358639,0
"2021-03-05",60600,1618278,23719,823353,3109,4436,87428,67871.14,2446067,0
"2021-03-06",46900,1665178,18429,841782,5432,9868,70761,67506.57,2516828,0
"2021-03-07",35950,1701128,14558,856340,6238,16106,56746,67315.29,2573574,0
"2021-03-08",39347,1740475,14311,870651,8547,24653,62205,68892.57,2635779,0
"2021-03-09",38791,1779266,12109,882760,7768,32421,58668,68893.86,2694447,0
"2021-03-10",51347,1830613,14377,897137,5048,37469,70772,69904.29,2765219,0
"2021-03-11",59831,1890444,20779,917916,4570,42039,85180,70251.43,2850399,0
"2021-03-12",51916,1942360,29390,947306,4134,46173,85440,69967.43,2935839,0
"2021-03-13",40495,1982855,26330,973636,5102,51275,71927,70134,3007766,0
"2021-03-14",30653,2013508,15525,989161,4545,55820,50723,69273.57,3058489,0
"2021-03-15",33327,2046835,16323,1005484,4785,60605,54435,68163.57,3112924,0
"2021-03-16",38403,2085238,19479,1024963,4913,65518,62795,68753.14,3175719,0
"2021-03-17",42373,2127611,23716,1048679,4243,69761,70332,68690.29,3246051,0
"2021-03-18",50326,2177937,25786,1074465,5282,75043,81394,68149.43,3327445,0
"2021-03-19",47583,2225520,28847,1103312,5616,80659,82046,67664.57,3409491,0
"2021-03-20",38612,2264132,24970,1128282,4682,85341,68264,67141.29,3477755,0
"2021-03-21",29238,2293370,18555,1146837,772,86113,48565,66833,3526320,0
"2021-03-22",33714,2327084,25647,1172484,4023,90136,63384,68111.43,3589704,0
"2021-03-23",38233,2365317,31582,1204066,4202,94338,74017,69714.57,3663721,0
"2021-03-24",41350,2406667,36339,1240405,4826,99164,82515,71455,3746236,0
"2021-03-25",43235,2449902,49122,1289527,5036,104200,97393,73740.57,3843629,0
"2021-03-26",38346,2488248,53737,1343264,4299,108499,96382,75788.57,3940011,0
"2021-03-27",35700,2523948,44044,1387308,2919,111418,82663,77845.57,4022674,0
"2021-03-28",26386,2550334,33014,1420322,1475,112893,60875,79604.14,4083549,0
"2021-03-29",34700,2585034,37156,1457478,3248,116141,75104,81278.43,4158653,0
"2021-03-30",40352,2625386,40558,1498036,3698,119839,84608,82791.43,4243261,0
"2021-03-31",49270,2674656,43394,1541430,7422,127261,100086,85301.57,4343347,0
"2021-04-01",50532,2725188,52935,1594365,11164,138425,114631,87764.14,4457978,0
"2021-04-02",43537,2768725,52903,1647268,11877,150302,108317,89469.14,4566295,0
"2021-04-03",39108,2807833,38384,1685652,9773,160075,87265,90126.57,4653560,0
"2021-04-04",26493,2834326,23851,1709503,3862,163937,54206,89173.86,4707766,0
"2021-04-05",41700,2876026,33705,1743208,11112,175049,86517,90804.29,4794283,0
"2021-04-06",52975,2929001,34430,1777638,13104,188153,100509,93075.86,4894792,0
"2021-04-07",55364,2984365,39756,1817394,14323,202476,109443,94412.57,5004235,0
"2021-04-08",59072,3043437,45574,1862968,16245,218721,120891,95306.86,5125126,0
"2021-04-09",56382,3099819,43762,1906730,17370,236091,117514,96620.71,5242640,0
"2021-04-10",49200,3149019,35382,1942112,12592,248683,97174,98036.29,5339814,0
"2021-04-11",38120,3187139,28701,1970813,7535,256218,74356,100914.86,5414170,0
"2021-04-12",46487,3233626,31514,2002327,13424,269642,91425,101616,5505595,0
"2021-04-13",52368,3285994,33412,2035739,362,270004,86142,99563.57,5591737,0
"2021-04-14",50003,3335997,39547,2075286,20,270024,89570,96724.57,5681307,0
"2021-04-15",51986,3387983,43229,2118515,13,270037,95228,93058.43,5776535,0
"2021-04-16",51040,3439023,41892,2160407,29,270066,92961,89550.86,5869496,0
"2021-04-17",43761,3482784,35449,2195856,3,270069,79213,86985,5948709,0
"2021-04-18",28616,3511400,29248,2225104,7,270076,57871,84630,6006580,0
"2021-04-19",37342,3548742,36139,2261243,22,270098,73503,82069.71,6080083,0
"2021-04-20",40710,3589452,39332,2300575,18,270116,80060,81200.86,6160143,0
"2021-04-21",38864,3628316,45605,2346180,12,270128,84481,80473.86,6244624,0
"2021-04-22",38474,3666790,48539,2394719,4,270132,87017,79300.86,6331641,0
"2021-04-23",39614,3706404,43983,2438702,5,270137,83602,77963.86,6415243,0
"2021-04-24",31863,3738267,41322,2480024,44,270181,73229,77109,6488472,0
"2021-04-25",18394,3756661,31141,2511165,84,270265,49619,75930.14,6538091,0
"2021-04-26",26855,3783516,40428,2551593,1013,271278,68296,75186.29,6606387,0
"2021-04-27",28561,3812077,46760,2598353,1690,272968,77011,74750.71,6683398,0
"2021-04-28",27104,3839181,56390,2654743,2132,275100,85626,74914.29,6769024,0
"2021-04-29",28705,3867886,56747,2711490,2126,277226,87578,74994.43,6856602,0
"2021-04-30",30156,3898042,51526,2763016,2023,279249,83705,75009.14,6940307,0
"2021-05-01",22512,3920554,44240,2807256,1165,280414,67917,74250.29,7008224,0
"2021-05-02",11937,3932491,36527,2843783,1078,281492,49542,74239.29,7057766,0
"2021-05-03",17998,3950489,52712,2896495,2375,283867,73085,74923.43,7130851,0
"2021-05-04",22739,3973228,56298,2952793,2316,286183,81353,75543.71,7212204,0
"2021-05-05",21498,3994726,48492,3001285,2302,288485,72292,73638.86,7284496,0
"2021-05-06",20699,4015425,49845,3051130,2499,290984,73043,71562.43,7357539,0
"2021-05-07",21310,4036735,51780,3102910,2791,293775,75881,70444.71,7433420,0
"2021-05-08",16660,4053395,41638,3144548,1834,295609,60132,69332.57,7493552,0
"2021-05-09",7984,4061379,29351,3173899,1260,296869,38595,67768.71,7532147,0
"2021-05-10",14375,4075754,38256,3212155,2348,299217,54979,65182.14,7587126,0
"2021-05-11",19946,4095700,42788,3254943,2505,301722,65239,62880.14,7652365,0
"2021-05-12",17826,4113526,40258,3295201,3583,305305,61667,61362.29,7714032,0
"2021-05-13",24946,4138472,40203,3335404,3218,308523,68367,60694.29,7782399,0
"2021-05-14",26990,4165462,42634,3378038,3524,312047,73148,60303.86,7855547,0
"2021-05-15",23685,4189147,34718,3412756,3357,315404,61760,60536.43,7917307,0
"2021-05-16",15542,4204689,19329,3432085,2499,317903,37370,60361.43,7954677,0
"2021-05-17",22629,4227318,28882,3460967,3243,321146,54754,60329.29,8009431,0
"2021-05-18",24597,4251915,31720,3492687,3385,324531,59702,59538.29,8069133,0
"2021-05-19",24204,4276119,29550,3522237,3025,327556,56779,58840,8125912,0
"2021-05-20",24141,4300260,29862,3552099,3131,330687,57134,57235.29,8183046,0
"2021-05-21",24675,4324935,31695,3583794,3052,333739,59422,55274.43,8242468,0
"2021-05-22",20005,4344940,24223,3608017,2523,336262,46751,53130.29,8289219,0
"2021-05-23",11241,4356181,13677,3621694,1408,337670,26326,51552.57,8315545,0
"2021-05-24",18846,4375027,22973,3644667,2743,340413,44562,50096.57,8360107,0
"2021-05-25",19420,4394447,23198,3667865,2588,343001,45206,48025.71,8405313,0
"2021-05-26",18734,4413181,20924,3688789,2684,345685,42342,45963.29,8447655,0
"2021-05-27",18465,4431646,21057,3709846,2521,348206,42043,43807.43,8489698,0
"2021-05-28",17874,4449520,22738,3732584,2741,350947,43353,41511.86,8533051,0
"2021-05-29",12709,4462229,17724,3750308,1753,352700,32186,39431.14,8565237,0
"2021-05-30",7041,4469270,8921,3759229,1073,353773,17035,38103.86,8582272,0
"2021-05-31",4758,4474028,6873,3766102,1010,354783,12641,33543.71,8594913,0
"2021-06-01",16042,4490070,25018,3791120,2157,356940,43217,33259.57,8638130,0
"2021-06-02",15326,4505396,20248,3811368,2087,359027,37661,32590.86,8675791,0
"2021-06-03",15011,4520407,23635,3835003,2277,361304,40923,32430.86,8716714,0
"2021-06-04",14710,4535117,25801,3860804,2477,363781,42988,32378.71,8759702,0
"2021-06-05",10985,4546102,21947,3882751,1803,365584,34735,32742.86,8794437,0
"2021-06-06",6464,4552566,14382,3897133,1220,366804,22066,33461.57,8816503,0
"2021-06-07",11724,4564290,21604,3918737,2368,369172,35696,36755.14,8852199,0
"2021-06-08",12650,4576940,23845,3942582,2059,371231,38554,36089,8890753,0
"2021-06-09",11135,4588075,22855,3965437,2283,373514,36273,35890.71,8927026,0
"2021-06-10",12074,4600149,22059,3987496,2457,375971,36590,35271.71,8963616,0
"2021-06-11",12700,4612849,24961,4012457,2462,378433,40123,34862.43,9003739,0
"2021-06-12",10189,4623038,19219,4031676,1879,380312,31287,34369.86,9035026,0
"2021-06-13",4257,4627295,10912,4042588,1219,381531,16388,33558.71,9051414,0
"2021-06-14",10199,4637494,19099,4061687,2042,383573,31340,32936.43,9082754,0
"2021-06-15",11887,4649381,20862,4082549,1937,385510,34686,32383.86,9117440,0
"2021-06-16",11600,4660981,19299,4101848,1951,387461,32850,31894.86,9150290,0
"2021-06-17",11034,4672015,18627,4120475,1964,389425,31625,31185.57,9181915,0
"2021-06-18",12170,4684185,18345,4138820,2109,391534,32624,30114.29,9214539,0
"2021-06-19",8504,4692689,13458,4152278,1457,392991,23419,28990.29,9237958,0
"2021-06-20",4351,4697040,7159,4159437,923,393914,12433,28425.29,9250391,0
"2021-06-21",10182,4707222,9917,4169354,1794,395708,21893,27075.71,9272284,0
"2021-06-22",9838,4717060,15546,4184900,1579,397287,26963,25972.43,9299247,0
"2021-06-23",10325,4727385,15029,4199929,1856,399143,27210,25166.71,9326457,0
"2021-06-24",9685,4737070,14599,4214528,1794,400937,26078,24374.29,9352535,0
"2021-06-25",10587,4747657,14275,4228803,1710,402647,26572,23509.71,9379107,0
"2021-06-26",7824,4755481,10381,4239184,1235,403882,19440,22941.29,9398547,0
"2021-06-27",5030,4760511,5970,4245154,794,404676,11794,22850,9410341,0
"2021-06-28",9035,4769546,10232,4255386,1527,406203,20794,22693,9431135,0
"2021-06-29",9747,4779293,12203,4267589,1341,407544,23291,22168.43,9454426,0
"2021-06-30",9431,4788724,10835,4278424,1477,409021,21743,21387.43,9476169,0
"2021-07-01",9355,4798079,10823,4289247,1415,410436,21593,20746.71,9497762,0
"2021-07-02",9676,4807755,11312,4300559,1535,411971,22523,20168.29,9520285,0
"2021-07-03",7053,4814808,8347,4308906,1192,413163,16592,19761.43,9536877,0
"2021-07-04",1296,4816104,1322,4310228,567,413730,3185,18531.57,9540062,0
"2021-07-05",6480,4822584,7056,4317284,1205,414935,14741,17666.86,9554803,0
"2021-07-06",9524,4832108,12703,4329987,1298,416233,23525,17700.29,9578328,0
"2021-07-07",8656,4840764,10971,4340958,1406,417639,21033,17598.86,9599361,0
"2021-07-08",8179,4848943,10093,4351051,1256,418895,19528,17303.86,9618889,0
"2021-07-09",8357,4857300,10712,4361763,1273,420168,20342,16992.29,9639231,0
"2021-07-10",7108,4864408,8576,4370339,1130,421298,16814,17024,9656045,0
"2021-07-11",4111,4868519,4521,4374860,701,421999,9333,17902.29,9665378,0
"2021-07-12",8418,4876937,9453,4384313,1235,423234,19106,18525.86,9684484,0
"2021-07-13",9444,4886381,9271,4393584,946,424180,19661,17973.86,9704145,0
"2021-07-14",8988,4895369,9449,4403033,1000,425180,19437,17745.86,9723582,0
"2021-07-15",8743,4904112,9051,4412084,1043,426223,18837,17647.14,9742419,0
"2021-07-16",9217,4913329,9685,4421769,970,427193,19872,17580,9762291,0
"2021-07-17",6858,4920187,7343,4429112,789,427982,14990,17319.43,9777281,0
"2021-07-18",4263,4924450,4273,4433385,568,428550,9104,17286.71,9786385,0
"2021-07-19",9082,4933532,8382,4441767,993,429543,18457,17194,9804842,0
"2021-07-20",10578,4944110,8672,4450439,989,430532,20239,17276.57,9825081,0
"2021-07-21",10063,4954173,8656,4459095,903,431435,19622,17303,9844703,0
"2021-07-22",10643,4964816,8447,4467542,1038,432473,20128,17487.43,9864831,0
"2021-07-23",11210,4976026,8786,4476328,1102,433575,21098,17662.57,9885929,0
"2021-07-24",7416,4983442,6697,4483025,669,434244,14782,17632.86,9900711,0
"2021-07-25",5493,4988935,2106,4485131,506,434750,8105,17490.14,9908816,0
"2021-07-26",10871,4999806,6945,4492076,853,435603,18669,17520.43,9927485,0
"2021-07-27",12053,5011859,8521,4500597,850,436453,21424,17689.71,9948909,0
"2021-07-28",11962,5023821,7956,4508553,933,437386,20851,17865.29,9969760,0
"2021-07-29",10929,5034750,7341,4515894,972,438358,19242,17738.71,9989002,0
"2021-07-30",14915,5049665,7928,4523822,1138,439496,23981,18150.57,10012983,0
"2021-07-31",9756,5059421,6272,4530094,813,440309,16841,18444.71,10029824,0
"2021-08-01",6495,5065916,3293,4533387,554,440863,10342,18764.29,10040166,0
"2021-08-02",13422,5079338,7114,4540501,838,441701,21374,19150.71,10061540,0
"2021-08-03",15362,5094700,8307,4548808,1006,442707,24675,19615.14,10086215,0
"2021-08-04",17151,5111851,8010,4556818,1422,444129,26583,20434,10112798,0
"2021-08-05",17779,5129630,7788,4564606,1335,445464,26902,21528.29,10139700,0
"2021-08-06",18138,5147768,8283,4572889,1217,446681,27638,22050.71,10167338,0
"2021-08-07",13350,5161118,5974,4578863,794,447475,20118,22518.86,10187456,0
"2021-08-08",9321,5170439,3814,4582677,396,447871,13531,22974.43,10200987,0
"2021-08-09",21261,5191700,8428,4591105,955,448826,30644,24298.71,10231631,0
"2021-08-10",18852,5210552,9216,4600321,886,449712,28954,24910,10260585,0
"2021-08-11",15550,5226102,8229,4608550,810,450522,24589,24625.14,10285174,0
"2021-08-12",15023,5241125,8862,4617412,920,451442,24805,24325.57,10309979,0
"2021-08-13",14860,5255985,9154,4626566,900,452342,24914,23936.43,10334893,0
"2021-08-14",10411,5266396,6342,4632908,618,452960,17371,23544,10352264,0
"2021-08-15",6708,5273104,4450,4637358,670,453630,11828,23300.71,10364092,0
"2021-08-16",15680,5288784,9185,4646543,1139,454769,26004,22637.86,10390096,0
"2021-08-17",17713,5306497,10348,4656891,1197,455966,29258,22681.29,10419354,0
"2021-08-18",17422,5323919,10198,4667089,1216,457182,28836,23288,10448190,0
"2021-08-19",16215,5340134,9348,4676437,1299,458481,26862,23581.86,10475052,0
"2021-08-20",16148,5356282,11396,4687833,1216,459697,28760,24131.29,10503812,0
"2021-08-21",11140,5367422,7955,4695788,845,460542,19940,24498.29,10523752,0
"2021-08-22",4081,5371503,3878,4699666,260,460802,8219,23982.71,10531971,0
"2021-08-23",15480,5386983,11626,4711292,994,461796,28100,24282.14,10560071,0
"2021-08-24",16809,5403792,12426,4723718,974,462770,30209,24418,10590280,0
"2021-08-25",14445,5418237,12249,4735967,1082,463852,27776,24266.57,10618056,0
"2021-08-26",16029,5434266,13852,4749819,1052,464904,30933,24848.14,10648989,0
"2021-08-27",14681,5448947,14617,4764436,937,465841,30235,25058.86,10679224,0
"2021-08-28",10682,5459629,11370,4775806,821,466662,22873,25477.86,10702097,0
"2021-08-29",7214,5466843,7436,4783242,521,467183,15171,26471,10717268,0
"2021-08-30",15402,5482245,16662,4799904,1054,468237,33118,27187.86,10750386,0
"2021-08-31",15360,5497605,15729,4815633,927,469164,32016,27446,10782402,0
"2021-09-01",14536,5512141,13739,4829372,972,470136,29247,27656.14,10811649,0
"2021-09-02",14187,5526328,12298,4841670,871,471007,27356,27145.14,10839005,0
"2021-09-03",14806,5541134,14063,4855733,933,471940,29802,27083.29,10868807,0
"2021-09-04",9576,5550710,9233,4864966,650,472590,19459,26595.57,10888266,0
"2021-09-05",6789,5557499,5466,4870432,420,473010,12675,26239,10900941,0
"2021-09-06",5180,5562679,4439,4874871,349,473359,9968,22931.86,10910909,0
"2021-09-07",15276,5577955,17304,4892175,881,474240,33461,23138.29,10944370,0
"2021-09-08",15889,5593844,14496,4906671,1036,475276,31421,23448.86,10975791,0
"2021-09-09",15835,5609679,14411,4921082,1009,476285,31255,24005.86,11007046,0
"2021-09-10",18213,5627892,15001,4936083,1174,477459,34388,24661,11041434,0
"2021-09-11",12523,5640415,10178,4946261,878,478337,23579,25249.57,11065013,0
"2021-09-12",8479,5648894,4977,4951238,717,479054,14173,25463.57,11079186,0
"2021-09-13",16638,5665532,12583,4963821,911,479965,30132,28344.14,11109318,0
"2021-09-14",15999,5681531,13253,4977074,830,480795,30082,27861.43,11139400,0
"2021-09-15",15292,5696823,12386,4989460,696,481491,28374,27426.14,11167774,120000
"2021-09-16",15054,5711877,13486,5002946,1132,482623,29672,27200,11197446,120000
"2021-09-17",13951,5725828,13406,5016352,852,483475,28209,26317.29,11225655,120000
"2021-09-18",9645,5735473,9722,5026074,724,484199,20091,25819,11245746,120000
"2021-09-19",6077,5741550,5880,5031954,496,484695,12453,25573.29,11258199,120000
"2021-09-20",9851,5751401,9512,5041466,943,485638,20306,24169.57,11278505,120000
"2021-09-21",3989,5755390,4110,5045576,526,486164,8625,21104.29,11287130,120000
