"DATE","ADMIN_DOSE1_DAILY","ADMIN_DOSE1_CUMULATIVE","ADMIN_DOSE2_DAILY","ADMIN_DOSE2_CUMULATIVE","ADMIN_SINGLE_DAILY","ADMIN_SINGLE_CUMULATIVE","ADMIN_ADDITIONAL1_DAILY","ADMIN_ADDITIONAL1_CUMULATIVE","ADMIN_ADDITIONAL2_DAILY","ADMIN_ADDITIONAL2_CUMULATIVE","ADMIN_ADDITIONAL_DAILY","ADMIN_ADDITIONAL_CUMULATIVE","ADMIN_ALLDOSES_DAILY","ADMIN_ALLDOSES_7DAYAVG","ADMIN_ALLDOSES_CUMULATIVE","INCOMPLETE"
"2020-12-14",79,79,0,0,0,0,0,0,0,0,0,0,79,,79,0
"2020-12-15",2051,2130,6,6,4,4,0,0,0,0,0,0,2061,,2140,0
"2020-12-16",4607,6737,14,20,1,5,1,1,0,0,1,1,4623,,6763,0
"2020-12-17",4657,11394,18,38,0,5,1,2,0,0,1,2,4676,,11439,0
"2020-12-18",5832,17226,18,56,2,7,2,4,0,0,2,4,5854,,17293,0
"2020-12-19",1689,18915,7,63,3,10,0,4,0,0,0,4,1699,,18992,0
"2020-12-20",1116,20031,2,65,1,11,0,4,0,0,0,4,1119,2873,20111,0
"2020-12-21",6341,26372,20,85,0,11,5,9,0,0,5,9,6366,3771.14,26477,0
"2020-12-22",9794,36166,27,112,2,13,1,10,0,0,1,10,9824,4880.14,36301,0
"2020-12-23",14274,50440,35,147,3,16,1,11,0,0,1,11,14313,6264.43,50614,0
"2020-12-24",7197,57637,26,173,1,17,0,11,0,0,0,11,7224,6628.43,57838,0
"2020-12-25",180,57817,0,173,0,17,1,12,0,0,1,12,181,5818,58019,0
"2020-12-26",4388,62205,45,218,0,17,1,13,0,0,1,13,4434,6208.71,62453,0
"2020-12-27",3870,66075,14,232,0,17,1,14,0,0,1,14,3885,6603.86,66338,0
"2020-12-28",10993,77068,49,281,1,18,2,16,0,0,2,16,11045,7272.29,77383,0
"2020-12-29",10718,87786,35,316,2,20,2,18,0,0,2,18,10757,7405.57,88140,0
"2020-12-30",12824,100610,45,361,0,20,0,18,0,0,0,18,12869,7199.29,101009,0
"2020-12-31",7261,107871,35,396,1,21,0,18,0,0,0,18,7297,7209.71,108306,0
"2021-01-01",181,108052,2,398,1,22,3,21,0,0,3,21,187,7210.57,108493,0
"2021-01-02",3809,111861,10,408,2,24,2,23,0,0,2,23,3823,7123.29,112316,0
"2021-01-03",3542,115403,24,432,2,26,1,24,0,0,1,24,3569,7078.14,115885,0
"2021-01-04",12256,127659,807,1239,2,28,6,30,0,0,6,30,13071,7367.57,128956,0
"2021-01-05",14091,141750,2191,3430,2,30,12,42,1,1,13,43,16297,8159,145253,0
"2021-01-06",17801,159551,3925,7355,1,31,29,71,8,9,37,80,21764,9429.71,167017,0
"2021-01-07",16551,176102,5171,12526,4,35,45,116,3,12,48,128,21774,11497.86,188791,0
"2021-01-08",16619,192721,5456,17982,0,35,33,149,4,16,37,165,22112,14630,210903,0
"2021-01-09",7652,200373,1462,19444,1,36,7,156,2,18,9,174,9124,15387.29,220027,0
"2021-01-10",7881,208254,983,20427,0,36,10,166,0,18,10,184,8874,16145.14,228901,0
"2021-01-11",25825,234079,7454,27881,2,38,48,214,8,26,56,240,33337,19040.29,262238,0
"2021-01-12",28258,262337,7858,35739,1,39,44,258,4,30,48,288,36165,21878.57,298403,0
"2021-01-13",31723,294060,9388,45127,1,40,56,314,4,34,60,348,41172,24651.14,339575,0
"2021-01-14",35812,329872,5319,50446,1,41,30,344,7,41,37,385,41169,27421.86,380744,0
"2021-01-15",29266,359138,3703,54149,2,43,31,375,5,46,36,421,33007,28978.29,413751,0
"2021-01-16",30289,389427,2377,56526,0,43,25,400,6,52,31,452,32697,32345.86,446448,0
"2021-01-17",23749,413176,1629,58155,0,43,19,419,1,53,20,472,25398,34706.43,471846,0
"2021-01-18",27103,440279,2412,60567,0,43,36,455,7,60,43,515,29558,34166.57,501404,0
"2021-01-19",34295,474574,9629,70196,1,44,69,524,6,66,75,590,44000,35285.86,545404,0
"2021-01-20",34867,509441,9493,79689,1,45,59,583,4,70,63,653,44424,35750.43,589828,0
"2021-01-21",25591,535032,8092,87781,2,47,48,631,6,76,54,707,33739,34689,623567,0
"2021-01-22",24753,559785,4384,92165,1,48,32,663,7,83,39,746,29177,34141.86,652744,0
"2021-01-23",15743,575528,3224,95389,0,48,10,673,2,85,12,758,18979,32182.14,671723,0
"2021-01-24",7178,582706,3454,98843,0,48,19,692,1,86,20,778,10652,30075.57,682375,0
"2021-01-25",13412,596118,11819,110662,0,48,65,757,12,98,77,855,25308,29468.43,707683,0
"2021-01-26",16764,612882,10752,121414,0,48,68,825,2,100,70,925,27586,27123.57,735269,0
"2021-01-27",20836,633718,12355,133769,0,48,53,878,8,108,61,986,33252,25527.57,768521,0
"2021-01-28",30762,664480,12848,146617,0,48,82,960,16,124,98,1084,43708,26951.71,812229,0
"2021-01-29",31693,696173,11507,158124,0,48,78,1038,10,134,88,1172,43288,28967.57,855517,0
"2021-01-30",18706,714879,3743,161867,0,48,20,1058,2,136,22,1194,22471,29466.43,877988,0
"2021-01-31",13017,727896,2923,164790,1,49,29,1087,4,140,33,1227,15974,30226.71,893962,0
"2021-02-01",1179,729075,5370,170160,4,53,35,1122,4,144,39,1266,6592,27553,900554,0
"2021-02-02",2827,731902,9475,179635,2,55,47,1169,4,148,51,1317,12355,25377.14,912909,0
"2021-02-03",16347,748249,21247,200882,4,59,201,1370,20,168,221,1538,37819,26029.57,950728,0
"2021-02-04",27045,775294,19651,220533,3,62,200,1570,10,178,210,1748,46909,26486.86,997637,0
"2021-02-05",27592,802886,20040,240573,0,62,179,1749,15,193,194,1942,47826,27135.14,1045463,0
"2021-02-06",22990,825876,11245,251818,0,62,112,1861,12,205,124,2066,34359,28833.43,1079822,0
"2021-02-07",12041,837917,8283,260101,1,63,92,1953,13,218,105,2171,20430,29470,1100252,0
"2021-02-08",16958,854875,23520,283621,2,65,231,2184,34,252,265,2436,40745,34349,1140997,0
"2021-02-09",17190,872065,28108,311729,2,67,337,2521,42,294,379,2815,45679,39109.57,1186676,0
"2021-02-10",19591,891656,29311,341040,2,69,255,2776,49,343,304,3119,49208,40736.57,1235884,0
"2021-02-11",27848,919504,33470,374510,2,71,339,3115,57,400,396,3515,61716,42851.86,1297600,0
"2021-02-12",38391,957895,30802,405312,3,74,352,3467,38,438,390,3905,69586,45960.43,1367186,0
"2021-02-13",28005,985900,25316,430628,2,76,304,3771,52,490,356,4261,53679,48720.43,1420865,0
"2021-02-14",16278,1002178,23733,454361,0,76,263,4034,32,522,295,4556,40306,51559.86,1461171,0
"2021-02-15",12795,1014973,10529,464890,2,78,170,4204,23,545,193,4749,23519,49099,1484690,0
"2021-02-16",14242,1029215,26730,491620,0,78,322,4526,35,580,357,5106,41329,48477.57,1526019,0
"2021-02-17",16392,1045607,22197,513817,1,79,281,4807,37,617,318,5424,38908,47006.14,1564927,0
"2021-02-18",12151,1057758,24994,538811,21,100,289,5096,42,659,331,5755,37497,43546.29,1602424,0
"2021-02-19",13261,1071019,23936,562747,39,139,305,5401,44,703,349,6104,37585,38974.71,1640009,0
"2021-02-20",11354,1082373,26073,588820,6,145,327,5728,78,781,405,6509,37838,36711.71,1677847,0
"2021-02-21",6360,1088733,17419,606239,15,160,288,6016,44,825,332,6841,24126,34400.29,1701973,0
"2021-02-22",13045,1101778,11847,618086,2,162,125,6141,19,844,144,6985,25038,34617.29,1727011,0
"2021-02-23",25250,1127028,14145,632231,1,163,157,6298,34,878,191,7176,39587,34368.43,1766598,0
"2021-02-24",36358,1163386,20393,652624,0,163,230,6528,38,916,268,7444,57019,36955.71,1823617,0
"2021-02-25",54620,1218006,30390,683014,6,169,400,6928,63,979,463,7907,85479,43810.29,1909096,0
"2021-02-26",62866,1280872,31869,714883,4,173,416,7344,78,1057,494,8401,95233,52045.71,2004329,0
"2021-02-27",51302,1332174,22746,737629,47,220,333,7677,53,1110,386,8787,74481,57280.43,2078810,0
"2021-02-28",44590,1376764,13826,751455,7,227,204,7881,34,1144,238,9025,58661,62214,2137471,0
"2021-03-01",39319,1416083,12779,764234,10,237,167,8048,26,1170,193,9218,52301,66108.71,2189772,0
"2021-03-02",47082,1463165,12578,776812,7,244,160,8208,14,1184,174,9392,59841,69002.14,2249613,0
"2021-03-03",48606,1511771,16155,792967,17,261,147,8355,21,1205,168,9560,64946,70134.57,2314559,0
"2021-03-04",59818,1571589,22824,815791,1092,1353,269,8624,35,1240,304,9864,84038,69928.71,2398597,0
"2021-03-05",60989,1632578,24283,840074,3109,4462,333,8957,35,1275,368,10232,88749,69002.43,2487346,0
"2021-03-06",47174,1679752,18884,858958,5451,9913,239,9196,37,1312,276,10508,71785,68617.29,2559131,0
"2021-03-07",36041,1715793,14880,873838,6246,16159,231,9427,21,1333,252,10760,57419,68439.86,2616550,0
"2021-03-08",39630,1755423,14681,888519,8563,24722,313,9740,91,1424,404,11164,63278,70008,2679828,0
"2021-03-09",39106,1794529,12856,901375,7762,32484,180,9920,33,1457,213,11377,59937,70021.71,2739765,0
"2021-03-10",51830,1846359,15356,916731,5066,37550,225,10145,32,1489,257,11634,72509,71102.14,2812274,0
"2021-03-11",59988,1906347,21822,938553,4619,42169,247,10392,50,1539,297,11931,86726,71486.14,2899000,0
"2021-03-12",52202,1958549,30312,968865,4183,46352,375,10767,85,1624,460,12391,87157,71258.71,2986157,0
"2021-03-13",40652,1999201,26688,995553,5110,51462,323,11090,51,1675,374,12765,72824,71407.14,3058981,0
"2021-03-14",30717,2029918,15968,1011521,4525,55987,244,11334,27,1702,271,13036,51481,70558.86,3110462,0
"2021-03-15",33591,2063509,17256,1028777,4712,60699,235,11569,33,1735,268,13304,55827,69494.43,3166289,0
"2021-03-16",38672,2102181,20514,1049291,4927,65626,256,11825,35,1770,291,13595,64404,70132.57,3230693,0
"2021-03-17",42621,2144802,24794,1074085,4244,69870,343,12168,37,1807,380,13975,72039,70065.43,3302732,0
"2021-03-18",50449,2195251,26810,1100895,5237,75107,367,12535,60,1867,427,14402,82923,69522.14,3385655,0
"2021-03-19",47795,2243046,29961,1130856,5625,80732,391,12926,71,1938,462,14864,83843,69048.71,3469498,0
"2021-03-20",38713,2281759,25838,1156694,4687,85419,297,13223,59,1997,356,15220,69594,68587.29,3539092,0
"2021-03-21",29304,2311063,19356,1176050,769,86188,223,13446,44,2041,267,15487,49696,68332.29,3588788,0
"2021-03-22",33867,2344930,26742,1202792,4037,90225,262,13708,38,2079,300,15787,64946,69635,3653734,0
"2021-03-23",38436,2383366,32845,1235637,4218,94443,292,14000,56,2135,348,16135,75847,71269.71,3729581,0
"2021-03-24",41497,2424863,37605,1273242,4848,99291,331,14331,62,2197,393,16528,84343,73027.43,3813924,0
"2021-03-25",43403,2468266,50804,1324046,5055,104346,473,14804,86,2283,559,17087,99821,75441.43,3913745,0
"2021-03-26",38502,2506768,55517,1379563,4309,108655,527,15331,97,2380,624,17711,98952,77599.86,4012697,0
"2021-03-27",35737,2542505,45758,1425321,2939,111594,416,15747,83,2463,499,18210,84933,79791.14,4097630,0
"2021-03-28",26391,2568896,34458,1459779,1482,113076,335,16082,65,2528,400,18610,62731,81653.29,4160361,0
"2021-03-29",34816,2603712,38873,1498652,3246,116322,343,16425,110,2638,453,19063,77388,83430.71,4237749,0
"2021-03-30",40514,2644226,41924,1540576,3714,120036,340,16765,65,2703,405,19468,86557,84960.71,4324306,0
"2021-03-31",49399,2693625,44871,1585447,7440,127476,402,17167,89,2792,491,19959,102201,87511.86,4426507,0
"2021-04-01",50781,2744406,53953,1639400,11276,138752,501,17668,84,2876,585,20544,116595,89908.14,4543102,0
"2021-04-02",43759,2788165,53887,1693287,11971,150723,550,18218,73,2949,623,21167,110240,91520.71,4653342,0
"2021-04-03",39253,2827418,39218,1732505,9860,160583,334,18552,58,3007,392,21559,88723,92062.14,4742065,0
"2021-04-04",26558,2853976,24788,1757293,3903,164486,224,18776,49,3056,273,21832,55522,91032.29,4797587,0
"2021-04-05",41886,2895862,34489,1791782,11198,175684,371,19147,60,3116,431,22263,88004,92548.86,4885591,0
"2021-04-06",53268,2949130,35617,1827399,13218,188902,432,19579,74,3190,506,22769,102609,94842,4988200,0
"2021-04-07",55510,3004640,40702,1868101,14391,203293,396,19975,81,3271,477,23246,111080,96110.43,5099280,0
"2021-04-08",59264,3063904,46596,1914697,16341,219634,520,20495,86,3357,606,23852,122807,96997.86,5222087,0
"2021-04-09",56652,3120556,44962,1959659,17559,237193,515,21010,76,3433,591,24443,119764,98358.43,5341851,0
"2021-04-10",49348,3169904,35649,1995308,12727,249920,387,21397,61,3494,448,24891,98172,99708.29,5440023,0
"2021-04-11",38182,3208086,28820,2024128,7681,257601,295,21692,57,3551,352,25243,75035,102495.86,5515058,0
"2021-04-12",46638,3254724,31845,2055973,13502,271103,466,22158,64,3615,530,25773,92515,103140.29,5607573,0
"2021-04-13",52548,3307272,33791,2089764,368,271471,393,22551,62,3677,455,26228,87162,100933.57,5694735,0
"2021-04-14",50147,3357419,39960,2129724,20,271491,368,22919,72,3749,440,26668,90567,98003.14,5785302,0
"2021-04-15",52121,3409540,43682,2173406,16,271507,455,23374,104,3853,559,27227,96378,94227.57,5881680,0
"2021-04-16",51188,3460728,42214,2215620,32,271539,428,23802,68,3921,496,27723,93930,90537,5975610,0
"2021-04-17",43838,3504566,35696,2251316,3,271542,363,24165,83,4004,446,28169,79983,87938.57,6055593,0
"2021-04-18",28607,3533173,29371,2280687,7,271549,252,24417,62,4066,314,28483,58299,85547.71,6113892,0
"2021-04-19",37471,3570644,36450,2317137,22,271571,323,24740,65,4131,388,28871,74331,82950,6188223,0
"2021-04-20",40814,3611458,39628,2356765,19,271590,314,25054,78,4209,392,29263,80853,82048.71,6269076,0
"2021-04-21",38901,3650359,46017,2402782,16,271606,494,25548,99,4308,593,29856,85527,81328.71,6354603,0
"2021-04-22",38493,3688852,48964,2451746,9,271615,337,25885,74,4382,411,30267,87877,80114.29,6442480,0
"2021-04-23",39696,3728548,44382,2496128,3,271618,348,26233,74,4456,422,30689,84503,78767.57,6526983,0
"2021-04-24",31949,3760497,41603,2537731,44,271662,276,26509,63,4519,339,31028,73935,77903.57,6600918,0
"2021-04-25",18425,3778922,31227,2568958,86,271748,195,26704,57,4576,252,31280,49990,76716.57,6650908,0
"2021-04-26",26970,3805892,40738,2609696,1013,272761,284,26988,86,4662,370,31650,69091,75968,6719999,0
"2021-04-27",28576,3834468,47145,2656841,1698,274459,348,27336,91,4753,439,32089,77858,75540.14,6797857,0
"2021-04-28",27035,3861503,56845,2713686,2147,276606,431,27767,100,4853,531,32620,86558,75687.43,6884415,0
"2021-04-29",28613,3890116,57200,2770886,2149,278755,366,28133,101,4954,467,33087,88429,75766.29,6972844,0
"2021-04-30",30121,3920237,51997,2822883,2055,280810,279,28412,74,5028,353,33440,84526,75769.57,7057370,0
"2021-05-01",22479,3942716,44540,2867423,1177,281987,233,28645,64,5092,297,33737,68493,74992.14,7125863,0
"2021-05-02",11925,3954641,36654,2904077,1081,283068,140,28785,54,5146,194,33931,49854,74972.71,7175717,0
"2021-05-03",18024,3972665,53031,2957108,2383,285451,252,29037,92,5238,344,34275,73782,75642.86,7249499,0
"2021-05-04",22737,3995402,56646,3013754,2331,287782,268,29305,116,5354,384,34659,82098,76248.57,7331597,0
"2021-05-05",21475,4016877,48769,3062523,2313,290095,308,29613,101,5455,409,35068,72966,74306.86,7404563,0
"2021-05-06",20678,4037555,50183,3112706,2508,292603,270,29883,88,5543,358,35426,73727,72206.57,7478290,0
"2021-05-07",21251,4058806,52098,3164804,2813,295416,307,30190,76,5619,383,35809,76545,71066.43,7554835,0
"2021-05-08",16629,4075435,41872,3206676,1835,297251,229,30419,68,5687,297,36106,60633,69943.57,7615468,0
"2021-05-09",7973,4083408,29416,3236092,1260,298511,147,30566,56,5743,203,36309,38852,68371.86,7654320,0
"2021-05-10",14386,4097794,38536,3274628,2355,300866,233,30799,90,5833,323,36632,55600,65774.43,7709920,0
"2021-05-11",19912,4117706,43063,3317691,2514,303380,281,31080,85,5918,366,36998,65855,63454,7775775,0
"2021-05-12",17812,4135518,40549,3358240,3596,306976,227,31307,78,5996,305,37303,62262,61924.86,7838037,0
"2021-05-13",24973,4160491,40434,3398674,3230,310206,261,31568,76,6072,337,37640,68974,61245.86,7907011,0
"2021-05-14",27037,4187528,42928,3441602,3537,313743,261,31829,95,6167,356,37996,73858,60862,7980869,0
"2021-05-15",23650,4211178,34919,3476521,3365,317108,253,32082,75,6242,328,38324,62262,61094.71,8043131,0
"2021-05-16",15524,4226702,19455,3495976,2496,319604,121,32203,45,6287,166,38490,37641,60921.71,8080772,0
"2021-05-17",22673,4249375,29146,3525122,3256,322860,177,32380,67,6354,244,38734,55319,60881.57,8136091,0
"2021-05-18",24638,4274013,31911,3557033,3406,326266,238,32618,72,6426,310,39044,60265,60083,8196356,0
"2021-05-19",24190,4298203,29722,3586755,3041,329307,224,32842,48,6474,272,39316,57225,59363.43,8253581,0
"2021-05-20",24152,4322355,30101,3616856,3163,332470,261,33103,86,6560,347,39663,57763,57761.86,8311344,0
"2021-05-21",24678,4347033,32003,3648859,3056,335526,244,33347,58,6618,302,39965,60039,55787.71,8371383,0
"2021-05-22",20021,4367054,24364,3673223,2525,338051,163,33510,49,6667,212,40177,47122,53624.86,8418505,0
"2021-05-23",11233,4378287,13733,3686956,1411,339462,92,33602,32,6699,124,40301,26501,52033.43,8445006,0
"2021-05-24",18877,4397164,23159,3710115,2756,342218,213,33815,55,6754,268,40569,45060,50567.86,8490066,0
"2021-05-25",19429,4416593,23383,3733498,2603,344821,171,33986,57,6811,228,40797,45643,48479,8535709,0
"2021-05-26",18784,4435377,21091,3754589,2696,347517,199,34185,48,6859,247,41044,42818,46420.86,8578527,0
"2021-05-27",18472,4453849,21278,3775867,2529,350046,181,34366,59,6918,240,41284,42519,44243.14,8621046,0
"2021-05-28",17862,4471711,22888,3798755,2751,352797,185,34551,54,6972,239,41523,43740,41914.71,8664786,0
"2021-05-29",12709,4484420,17810,3816565,1755,354552,106,34657,39,7011,145,41668,32419,39814.29,8697205,0
"2021-05-30",7030,4491450,8949,3825514,1074,355626,48,34705,17,7028,65,41733,17118,38473.86,8714323,0
"2021-05-31",4742,4496192,6924,3832438,1012,356638,64,34769,17,7045,81,41814,12759,33859.43,8727082,0
"2021-06-01",16047,4512239,25198,3857636,2177,358815,152,34921,43,7088,195,42009,43617,33570,8770699,0
"2021-06-02",15355,4527594,20391,3878027,2095,360910,139,35060,48,7136,187,42196,38028,32885.71,8808727,0
"2021-06-03",15004,4542598,23825,3901852,2281,363191,129,35189,43,7179,172,42368,41282,32709,8850009,0
"2021-06-04",14722,4557320,25998,3927850,2492,365683,146,35335,40,7219,186,42554,43398,32660.14,8893407,0
"2021-06-05",10993,4568313,22090,3949940,1806,367489,115,35450,28,7247,143,42697,35032,33033.43,8928439,0
"2021-06-06",6444,4574757,14485,3964425,1222,368711,88,35538,13,7260,101,42798,22252,33766.86,8950691,0
"2021-06-07",11705,4586462,21783,3986208,2378,371089,139,35677,37,7297,176,42974,36042,37093,8986733,0
"2021-06-08",12636,4599098,24023,4010231,2072,373161,121,35798,46,7343,167,43141,38898,36418.86,9025631,0
"2021-06-09",11136,4610234,23027,4033258,2299,375460,135,35933,40,7383,175,43316,36637,36220.14,9062268,0
"2021-06-10",12066,4622300,22234,4055492,2462,377922,139,36072,59,7442,198,43514,36960,35602.71,9099228,0
"2021-06-11",12709,4635009,25122,4080614,2484,380406,156,36228,58,7500,214,43728,40529,35192.86,9139757,0
"2021-06-12",10166,4645175,19315,4099929,1888,382294,93,36321,42,7542,135,43863,31504,34688.86,9171261,0
"2021-06-13",4257,4649432,10936,4110865,1219,383513,41,36362,22,7564,63,43926,16475,33863.57,9187736,0
"2021-06-14",10209,4659641,19241,4130106,2043,385556,127,36489,51,7615,178,44104,31671,33239.14,9219407,0
"2021-06-15",11884,4671525,21015,4151121,1943,387499,131,36620,40,7655,171,44275,35013,32684.14,9254420,0
"2021-06-16",11586,4683111,19412,4170533,1957,389456,140,36760,68,7723,208,44483,33163,32187.86,9287583,0
"2021-06-17",11025,4694136,18761,4189294,1973,391429,122,36882,35,7758,157,44640,31916,31467.29,9319499,0
"2021-06-18",12167,4706303,18502,4207796,2116,393545,113,36995,36,7794,149,44789,32934,30382.29,9352433,0
"2021-06-19",8498,4714801,13516,4221312,1459,395004,84,37079,21,7815,105,44894,23578,29250,9376011,0
"2021-06-20",4336,4719137,7158,4228470,924,395928,36,37115,17,7832,53,44947,12471,28678,9388482,0
"2021-06-21",10162,4729299,10011,4238481,1807,397735,68,37183,27,7859,95,45042,22075,27307.14,9410557,0
"2021-06-22",9838,4739137,15641,4254122,1589,399324,105,37288,28,7887,133,45175,27201,26191.14,9437758,0
"2021-06-23",10313,4749450,15185,4269307,1863,401187,102,37390,30,7917,132,45307,27493,25381.14,9465251,0
"2021-06-24",9686,4759136,14699,4284006,1799,402986,119,37509,26,7943,145,45452,26329,24583,9491580,0
"2021-06-25",10590,4769726,14387,4298393,1721,404707,111,37620,38,7981,149,45601,26847,23713.43,9518427,0
"2021-06-26",7802,4777528,10464,4308857,1251,405958,74,37694,24,8005,98,45699,19615,23147.29,9538042,0
"2021-06-27",5001,4782529,6001,4314858,795,406753,34,37728,14,8019,48,45747,11845,23057.86,9549887,0
"2021-06-28",9036,4791565,10346,4325204,1526,408279,107,37835,26,8045,133,45880,21041,22910.14,9570928,0
"2021-06-29",9743,4801308,12322,4337526,1347,409626,122,37957,31,8076,153,46033,23565,22390.71,9594493,0
"2021-06-30",9435,4810743,10929,4348455,1486,411112,147,38104,16,8092,163,46196,22013,21607.86,9616506,0
"2021-07-01",9396,4820139,10929,4359384,1434,412546,126,38230,24,8116,150,46346,21909,20976.43,9638415,0
"2021-07-02",9692,4829831,11452,4370836,1541,414087,118,38348,22,8138,140,46486,22825,20401.86,9661240,0
"2021-07-03",7056,4836887,8422,4379258,1193,415280,76,38424,17,8155,93,46579,16764,19994.57,9678004,0
"2021-07-04",1288,4838175,1335,4380593,567,415847,9,38433,3,8158,12,46591,3202,18759.86,9681206,0
"2021-07-05",6497,4844672,7106,4387699,1208,417055,63,38496,22,8180,85,46676,14896,17882,9696102,0
"2021-07-06",9511,4854183,12851,4400550,1316,418371,114,38610,38,8218,152,46828,23830,17919.86,9719932,0
"2021-07-07",8666,4862849,11109,4411659,1419,419790,123,38733,19,8237,142,46970,21336,17823.14,9741268,0
"2021-07-08",8209,4871058,10192,4421851,1260,421050,107,38840,21,8258,128,47098,19789,17520.29,9761057,0
"2021-07-09",8374,4879432,10833,4432684,1278,422328,90,38930,18,8276,108,47206,20593,17201.43,9781650,0
"2021-07-10",7104,4886536,8632,4441316,1132,423460,63,38993,20,8296,83,47289,16951,17228.14,9798601,0
"2021-07-11",4105,4890641,4540,4445856,703,424163,34,39027,6,8302,40,47329,9388,18111.86,9807989,0
"2021-07-12",8448,4899089,9559,4455415,1251,425414,82,39109,23,8325,105,47434,19363,18750,9827352,0
"2021-07-13",9459,4908548,9393,4464808,952,426366,105,39214,34,8359,139,47573,19943,18194.71,9847295,0
"2021-07-14",9000,4917548,9532,4474340,1011,427377,105,39319,21,8380,126,47699,19669,17956.57,9866964,0
"2021-07-15",8789,4926337,9157,4483497,1054,428431,81,39400,19,8399,100,47799,19100,17858.14,9886064,0
"2021-07-16",9242,4935579,9762,4493259,980,429411,102,39502,30,8429,132,47931,20116,17790,9906180,0
"2021-07-17",6842,4942421,7387,4500646,803,430214,80,39582,19,8448,99,48030,15131,17530,9921311,0
"2021-07-18",4256,4946677,4284,4504930,576,430790,35,39617,13,8461,48,48078,9164,17498,9930475,0
"2021-07-19",9121,4955798,8478,4513408,999,431789,91,39708,22,8483,113,48191,18711,17404.86,9949186,0
"2021-07-20",10649,4966447,8758,4522166,991,432780,95,39803,25,8508,120,48311,20518,17487,9969704,0
"2021-07-21",10049,4976496,8765,4530931,903,433683,146,39949,33,8541,179,48490,19896,17519.43,9989600,0
"2021-07-22",10687,4987183,8587,4539518,1046,434729,144,40093,25,8566,169,48659,20489,17717.86,10010089,0
"2021-07-23",11252,4998435,8881,4548399,1114,435843,139,40232,23,8589,162,48821,21409,17902.57,10031498,0
"2021-07-24",7402,5005837,6738,4555137,670,436513,82,40314,24,8613,106,48927,14916,17871.86,10046414,0
"2021-07-25",5477,5011314,2126,4557263,509,437022,58,40372,4,8617,62,48989,8174,17730.43,10054588,0
"2021-07-26",10872,5022186,7003,4564266,859,437881,109,40481,21,8638,130,49119,18864,17752.29,10073452,0
"2021-07-27",12054,5034240,8567,4572833,857,438738,134,40615,38,8676,172,49291,21650,17914,10095102,0
"2021-07-28",11992,5046232,8049,4580882,950,439688,131,40746,27,8703,158,49449,21149,18093,10116251,0
"2021-07-29",10935,5057167,7430,4588312,984,440672,133,40879,38,8741,171,49620,19520,17954.57,10135771,0
"2021-07-30",14955,5072122,8012,4596324,1151,441823,181,41060,31,8772,212,49832,24330,18371.86,10160101,0
"2021-07-31",9725,5081847,6316,4602640,816,442639,120,41180,20,8792,140,49972,16997,18669.14,10177098,0
"2021-08-01",6503,5088350,3309,4605949,564,443203,81,41261,20,8812,101,50073,10477,18998.14,10187575,0
"2021-08-02",13450,5101800,7157,4613106,847,444050,144,41405,17,8829,161,50234,21615,19391.14,10209190,0
"2021-08-03",15411,5117211,8388,4621494,1109,445159,144,41549,37,8866,181,50415,25089,19882.43,10234279,0
"2021-08-04",17262,5134473,8126,4629620,1454,446613,181,41730,34,8900,215,50630,27057,20726.43,10261336,0
"2021-08-05",17866,5152339,7929,4637549,1367,447980,162,41892,20,8920,182,50812,27344,21844.14,10288680,0
"2021-08-06",18172,5170511,8411,4645960,1233,449213,165,42057,32,8952,197,51009,28013,22370.29,10316693,0
"2021-08-07",13388,5183899,6014,4651974,799,450012,99,42156,28,8980,127,51136,20328,22846.14,10337021,0
"2021-08-08",9310,5193209,3835,4655809,400,450412,82,42238,10,8990,92,51228,13637,23297.57,10350658,0
"2021-08-09",21344,5214553,8527,4664336,965,451377,165,42403,35,9025,200,51428,31036,24643.43,10381694,0
"2021-08-10",18919,5233472,9328,4673664,947,452324,178,42581,33,9058,211,51639,29405,25260,10411099,0
"2021-08-11",15648,5249120,8308,4681972,853,453177,129,42710,45,9103,174,51813,24983,24963.71,10436082,0
"2021-08-12",15039,5264159,8982,4690954,940,454117,171,42881,36,9139,207,52020,25168,24652.86,10461250,0
"2021-08-13",14926,5279085,9292,4700246,920,455037,239,43120,37,9176,276,52296,25414,24281.57,10486664,0
"2021-08-14",10406,5289491,6406,4706652,625,455662,529,43649,40,9216,569,52865,18006,23949.86,10504670,0
"2021-08-15",6693,5296184,4478,4711130,676,456338,567,44216,33,9249,600,53465,12447,23779.86,10517117,0
"2021-08-16",15721,5311905,9301,4720431,1150,457488,1318,45534,65,9314,1383,54848,27555,23282.57,10544672,0
"2021-08-17",17768,5329673,10435,4730866,1225,458713,1769,47303,84,9398,1853,56701,31281,23550.57,10575953,0
"2021-08-18",17506,5347179,10362,4741228,1261,459974,1988,49291,94,9492,2082,58783,31211,24440.29,10607164,0
"2021-08-19",16298,5363477,9519,4750747,1315,461289,1955,51246,65,9557,2020,60803,29152,25009.43,10636316,0
"2021-08-20",16279,5379756,11537,4762284,1254,462543,1859,53105,83,9640,1942,62745,31012,25809.14,10667328,0
"2021-08-21",11148,5390904,8039,4770323,878,463421,1058,54163,56,9696,1114,63859,21179,26262.43,10688507,0
"2021-08-22",4081,5394985,3900,4774223,262,463683,515,54678,34,9730,549,64408,8792,25740.29,10697299,0
"2021-08-23",15583,5410568,11799,4786022,1023,464706,1546,56224,74,9804,1620,66028,30025,26093.14,10727324,0
"2021-08-24",16916,5427484,12593,4798615,1006,465712,1775,57999,76,9880,1851,67879,32366,26248.14,10759690,0
"2021-08-25",14583,5442067,12444,4811059,1111,466823,1566,59565,76,9956,1642,69521,29780,26043.71,10789470,0
"2021-08-26",16164,5458231,14083,4825142,1072,467895,1771,61336,67,10023,1838,71359,33157,26615.86,10822627,0
"2021-08-27",14882,5473113,14819,4839961,971,468866,1669,63005,74,10097,1743,73102,32415,26816.29,10855042,0
"2021-08-28",10682,5483795,11522,4851483,835,469701,1014,64019,45,10142,1059,74161,24098,27233.29,10879140,0
"2021-08-29",7218,5491013,7495,4858978,541,470242,778,64797,57,10199,835,74996,16089,28275.71,10895229,0
"2021-08-30",15523,5506536,16925,4875903,1077,471319,1790,66587,87,10286,1877,76873,35402,29043.86,10930631,0
"2021-08-31",15520,5522056,15952,4891855,951,472270,1971,68558,87,10373,2058,78931,34481,29346,10965112,0
"2021-09-01",14834,5536890,14098,4905953,1021,473291,1809,70367,60,10433,1869,80800,31822,29637.71,10996934,0
"2021-09-02",14328,5551218,12521,4918474,896,474187,1706,72073,61,10494,1767,82567,29512,29117,11026446,0
"2021-09-03",15017,5566235,14306,4932780,974,475161,1895,73968,69,10563,1964,84531,32261,29095,11058707,0
"2021-09-04",9647,5575882,9406,4942186,688,475849,974,74942,34,10597,1008,85539,20749,28616.57,11079456,0
"2021-09-05",6803,5582685,5515,4947701,438,476287,710,75652,16,10613,726,86265,13482,28244.14,11092938,0
"2021-09-06",5196,5587881,4512,4952213,358,476645,270,75922,11,10624,281,86546,10347,24664.86,11103285,0
"2021-09-07",15577,5603458,17703,4969916,912,477557,1554,77476,87,10711,1641,88187,35833,24858,11139118,0
"2021-09-08",16164,5619622,14824,4984740,1072,478629,1770,79246,83,10794,1853,90040,33913,25156.71,11173031,0
"2021-09-09",16113,5635735,14750,4999490,1047,479676,1914,81160,73,10867,1987,92027,33897,25783.14,11206928,0
"2021-09-10",18376,5654111,15390,5014880,1208,480884,1971,83131,81,10948,2052,94079,37026,26463.86,11243954,0
"2021-09-11",12637,5666748,10348,5025228,958,481842,1027,84158,48,10996,1075,95154,25018,27073.71,11268972,0
"2021-09-12",8540,5675288,5052,5030280,766,482608,690,84848,29,11025,719,95873,15077,27301.57,11284049,0
"2021-09-13",16933,5692221,12960,5043240,976,483584,1652,86500,53,11078,1705,97578,32574,30476.86,11316623,0
"2021-09-14",16270,5708491,13677,5056917,886,484470,1594,88094,55,11133,1649,99227,32482,29998.14,11349105,0
"2021-09-15",15542,5724033,12883,5069800,727,485197,1567,89661,78,11211,1645,100872,30797,29553,11379902,0
"2021-09-16",15342,5739375,13910,5083710,1210,486407,1456,91117,66,11277,1522,102394,31984,29279.71,11411886,0
"2021-09-17",14437,5753812,13963,5097673,922,487329,1827,92944,56,11333,1883,104277,31205,28448.14,11443091,0
"2021-09-18",10000,5763812,10180,5107853,913,488242,1046,93990,41,11374,1087,105364,22180,28042.71,11465271,0
"2021-09-19",6179,5769991,6071,5113924,558,488800,747,94737,29,11403,776,106140,13584,27829.43,11478855,0
"2021-09-20",12675,5782666,12630,5126554,1068,489868,1921,96658,58,11461,1979,108119,28352,27226.29,11507207,0
"2021-09-21",12233,5794899,12770,5139324,1109,490977,2024,98682,78,11539,2102,110221,28214,26616.57,11535421,0
"2021-09-22",12822,5807721,12008,5151332,1089,492066,1683,100365,67,11606,1750,111971,27669,26169.71,11563090,0
"2021-09-23",14939,5822660,12760,5164092,1639,493705,2265,102630,73,11679,2338,114309,31676,26125.71,11594766,0
"2021-09-24",16447,5839107,13367,5177459,1636,495341,4626,107256,113,11792,4739,119048,36189,26837.71,11630955,0
"2021-09-25",10541,5849648,9024,5186483,1018,496359,3461,110717,77,11869,3538,122586,24121,27115,11655076,0
"2021-09-26",6302,5855950,5760,5192243,773,497132,2426,113143,55,11924,2481,125067,15316,27362.43,11670392,0
"2021-09-27",14164,5870114,8055,5200298,1155,498287,9062,122205,156,12080,9218,134285,32592,27968.14,11702984,0
"2021-09-28",11148,5881262,11779,5212077,902,499189,9913,132118,174,12254,10087,144372,33916,28782.71,11736900,0
"2021-09-29",11608,5892870,12193,5224270,1205,500394,9454,141572,162,12416,9616,153988,34622,29776,11771522,0
"2021-09-30",12239,5905109,12605,5236875,1338,501732,9748,151320,172,12588,9920,163908,36102,30408.29,11807624,0
"2021-10-01",12647,5917756,13431,5250306,1284,503016,10267,161587,148,12736,10415,174323,37777,30635.14,11845401,0
"2021-10-02",7730,5925486,9975,5260281,865,503881,4243,165830,75,12811,4318,178641,22888,30459,11868289,0
"2021-10-03",5077,5930563,6156,5266437,593,504474,2613,168443,56,12867,2669,181310,14495,30341.71,11882784,0
"2021-10-04",9908,5940471,11023,5277460,913,505387,9524,177967,141,13008,9665,190975,31509,30187,11914293,0
"2021-10-05",10158,5950629,11739,5289199,972,506359,9936,187903,175,13183,10111,201086,32980,30053.29,11947273,0
"2021-10-06",9914,5960543,11058,5300257,937,507296,9934,197837,154,13337,10088,211174,31997,29678.29,11979270,0
"2021-10-07",9663,5970206,12195,5312452,853,508149,10191,208028,170,13507,10361,221535,33072,29245.43,12012342,0
"2021-10-08",9458,5979664,12174,5324626,942,509091,10906,218934,163,13670,11069,232604,33643,28654.86,12045985,0
"2021-10-09",6257,5985921,8276,5332902,649,509740,4122,223056,90,13760,4212,236816,19394,28155.71,12065379,0
"2021-10-10",3542,5989463,5030,5337932,458,510198,2433,225489,43,13803,2476,239292,11506,27728.71,12076885,0
"2021-10-11",7620,5997083,9330,5347262,728,510926,8889,234378,159,13962,9048,248340,26726,27045.43,12103611,0
"2021-10-12",8078,6005161,10998,5358260,891,511817,10512,244890,180,14142,10692,259032,30659,26713.86,12134270,0
"2021-10-13",7152,6012313,10148,5368408,869,512686,8800,253690,175,14317,8975,268007,27144,26020.57,12161414,0
"2021-10-14",7443,6019756,11113,5379521,836,513522,10117,263807,161,14478,10278,278285,29670,25534.57,12191084,0
"2021-10-15",7726,6027482,11858,5391379,823,514345,10824,274631,165,14643,10989,289274,31396,25213.57,12222480,0
"2021-10-16",4864,6032346,7468,5398847,666,515011,3844,278475,65,14708,3909,293183,16907,24858.29,12239387,0
"2021-10-17",3061,6035407,4473,5403320,411,515422,2452,280927,41,14749,2493,295676,10438,24705.71,12249825,0
"2021-10-18",7049,6042456,10665,5413985,796,516218,9486,290413,172,14921,9658,305334,28168,24911.71,12277993,0
"2021-10-19",6576,6049032,8947,5422932,804,517022,9089,299502,168,15089,9257,314591,25584,24186.71,12303577,0
"2021-10-20",6535,6055567,9375,5432307,975,517997,9989,309491,172,15261,10161,324752,27046,24172.71,12330623,0
"2021-10-21",7028,6062595,9384,5441691,858,518855,10842,320333,151,15412,10993,335745,28263,23971.71,12358886,0
"2021-10-22",8126,6070721,10339,5452030,1026,519881,16352,336685,211,15623,16563,352308,36054,24637.14,12394940,0
"2021-10-23",5168,6075889,6457,5458487,690,520571,9125,345810,113,15736,9238,361546,21553,25300.86,12416493,0
"2021-10-24",3275,6079164,3972,5462459,769,521340,6153,351963,76,15812,6229,367775,14245,25844.71,12430738,0
"2021-10-25",8772,6087936,8739,5471198,1150,522490,19249,371212,288,16100,19537,387312,38198,27277.57,12468936,0
"2021-10-26",8202,6096138,7722,5478920,1258,523748,17291,388503,259,16359,17550,404862,34732,28584.43,12503668,0
"2021-10-27",10560,6106698,8393,5487313,1604,525352,20860,409363,308,16667,21168,426030,41725,30681.43,12545393,0
"2021-10-28",11330,6118028,8036,5495349,1793,527145,20843,430206,313,16980,21156,447186,42315,32688.86,12587708,0
"2021-10-29",11838,6129866,8238,5503587,1956,529101,22536,452742,317,17297,22853,470039,44885,33950.43,12632593,0
"2021-10-30",4627,6134493,5058,5508645,930,530031,11171,463913,160,17457,11331,481370,21946,34006.57,12654539,0
"2021-10-31",2664,6137157,2702,5511347,544,530575,6638,470551,97,17554,6735,488105,12645,33778,12667184,0
"2021-11-01",7139,6144296,6954,5518301,1089,531664,20384,490935,317,17871,20701,508806,35883,33447.29,12703067,0
"2021-11-02",6582,6150878,6593,5524894,1054,532718,20778,511713,265,18136,21043,529849,35272,33524.43,12738339,0
"2021-11-03",6852,6157730,6679,5531573,1026,533744,20630,532343,300,18436,20930,550779,35487,32633.29,12773826,0
"2021-11-04",9311,6167041,6278,5537851,995,534739,22360,554703,345,18781,22705,573484,39289,32201,12813115,0
"2021-11-05",11061,6178102,6724,5544575,1051,535790,23760,578463,345,19126,24105,597589,42941,31923.29,12856056,0
"2021-11-06",11134,6189236,4051,5548626,594,536384,12593,591056,164,19290,12757,610346,28536,32864.71,12884592,0
"2021-11-07",7258,6196494,2287,5550913,577,536961,7104,598160,94,19384,7198,617544,17320,33532.57,12901912,0
"2021-11-08",15056,6211550,5676,5556589,864,537825,19513,617673,272,19656,19785,637329,41381,34318,12943293,0
"2021-11-09",16150,6227700,5390,5561979,660,538485,20514,638187,266,19922,20780,658109,42980,35419.14,12986273,0
"2021-11-10",16929,6244629,5321,5567300,683,539168,22649,660836,289,20211,22938,681047,45871,36902.57,13032144,0
"2021-11-11",12574,6257203,5188,5572488,759,539927,22085,682921,281,20492,22366,703413,40887,37130.86,13073031,0
"2021-11-12",16894,6274097,5687,5578175,705,540632,23399,706320,350,20842,23749,727162,47035,37715.71,13120066,0
"2021-11-13",9938,6284035,3663,5581838,463,541095,13325,719645,179,21021,13504,740666,27568,37577.43,13147634,0
"2021-11-14",6013,6290048,2292,5584130,325,541420,7932,727577,76,21097,8008,748674,16638,37480,13164272,0
"2021-11-15",13217,6303265,5974,5590104,690,542110,25111,752688,350,21447,25461,774135,45342,38045.86,13209614,0
"2021-11-16",9969,6313234,5781,5595885,656,542766,30669,783357,415,21862,31084,805219,47490,38690.14,13257104,0
"2021-11-17",10310,6323544,6671,5602556,681,543447,31424,814781,401,22263,31825,837044,49487,39206.71,13306591,0
"2021-11-18",10731,6334275,6542,5609098,858,544305,33017,847798,437,22700,33454,870498,51585,40735,13358176,0
"2021-11-19",12029,6346304,6550,5615648,715,545020,36243,884041,444,23144,36687,907185,55981,42013,13414157,0
"2021-11-20",9330,6355634,3417,5619065,513,545533,22517,906558,248,23392,22765,929950,36025,43221.14,13450182,0
"2021-11-21",4952,6360586,1888,5620953,288,545821,13201,919759,146,23538,13347,943297,20475,43769.29,13470657,0
"2021-11-22",10441,6371027,5786,5626739,750,546571,35927,955686,433,23971,36360,979657,53337,44911.43,13523994,0
"2021-11-23",9799,6380826,4782,5631521,636,547207,33517,989203,363,24334,33880,1013537,49097,45141,13573091,0
"2021-11-24",8710,6389536,4751,5636272,651,547858,25924,1015127,277,24611,26201,1039738,40313,43830.43,13613404,0
"2021-11-25",448,6389984,326,5636598,80,547938,1003,1016130,9,24620,1012,1040750,1866,36727.71,13615270,0
"2021-11-26",8059,6398043,6990,5643588,528,548466,26595,1042725,285,24905,26880,1067630,42457,34795.71,13657727,0
"2021-11-27",6685,6404728,6836,5650424,371,548837,18839,1061564,218,25123,19057,1086687,32949,34356.29,13690676,0
"2021-11-28",4084,6408812,5792,5656216,282,549119,11889,1073453,117,25240,12006,1098693,22164,34597.57,13712840,0
"2021-11-29",9120,6417932,10997,5667213,687,549806,35076,1108529,419,25659,35495,1134188,56299,35020.71,13769139,0
"2021-11-30",10517,6428449,11435,5678648,513,550319,37785,1146314,481,26140,38266,1172454,60731,36682.71,13829870,0
"2021-12-01",11197,6439646,10986,5689634,724,551043,40349,1186663,434,26574,40783,1213237,63690,40022.29,13893560,0
"2021-12-02",11663,6451309,11040,5700674,627,551670,42165,1228828,442,27016,42607,1255844,65937,49175.29,13959497,0
"2021-12-03",13497,6464806,12888,5713562,675,552345,47934,1276762,511,27527,48445,1304289,75505,53896.43,14035002,0
"2021-12-04",9859,6474665,11292,5724854,567,552912,30675,1307437,298,27825,30973,1335262,52691,56716.71,14087693,0
"2021-12-05",5761,6480426,5706,5730560,270,553182,16661,1324098,124,27949,16785,1352047,28522,57625,14116215,0
"2021-12-06",12347,6492773,9957,5740517,600,553782,43244,1367342,435,28384,43679,1395726,66583,59094.14,14182798,0
"2021-12-07",12595,6505368,9258,5749775,625,554407,43042,1410384,490,28874,43532,1439258,66010,59848.29,14248808,0
"2021-12-08",13539,6518907,8777,5758552,554,554961,40789,1451173,459,29333,41248,1480506,64118,59909.43,14312926,0
"2021-12-09",13510,6532417,8753,5767305,555,555516,40814,1491987,481,29814,41295,1521801,64113,59648.86,14377039,0
"2021-12-10",14043,6546460,10141,5777446,671,556187,43666,1535653,483,30297,44149,1565950,69004,58720.14,14446043,0
"2021-12-11",10283,6556743,8123,5785569,405,556592,26696,1562349,273,30570,26969,1592919,45780,57732.86,14491823,0
"2021-12-12",6017,6562760,3855,5789424,288,556880,15173,1577522,130,30700,15303,1608222,25463,57295.86,14517286,0
"2021-12-13",12237,6574997,7429,5796853,658,557538,37881,1615403,386,31086,38267,1646489,58591,56154.14,14575877,0
"2021-12-14",12235,6587232,6957,5803810,731,558269,38151,1653554,418,31504,38569,1685058,58492,55080.14,14634369,0
"2021-12-15",12108,6599340,6241,5810051,755,559024,38135,1691689,480,31984,38615,1723673,57719,54166,14692088,0
"2021-12-16",13138,6612478,4271,5814322,740,559764,41049,1732738,436,32420,41485,1765158,59634,53526.14,14751722,0
"2021-12-17",15952,6628430,6929,5821251,620,560384,46780,1779518,467,32887,47247,1812405,70748,53775.29,14822470,0
"2021-12-18",13030,6641460,5716,5826967,432,560816,30619,1810137,266,33153,30885,1843290,50063,54387.14,14872533,0
"2021-12-19",7021,6648481,2995,5829962,326,561142,18004,1828141,170,33323,18174,1861464,28516,54823.29,14901049,0
"2021-12-20",16869,6665350,5862,5835824,746,561888,47450,1875591,556,33879,48006,1909470,71483,56665,14972532,0
"2021-12-21",17979,6683329,6569,5842393,806,562694,48915,1924506,574,34453,49489,1958959,74843,59000.86,15047375,0
"2021-12-22",18541,6701870,6563,5848956,939,563633,49678,1974184,519,34972,50197,2009156,76240,61646.71,15123615,0
"2021-12-23",19042,6720912,6480,5855436,930,564563,45837,2020021,509,35481,46346,2055502,72798,63527.29,15196413,0
"2021-12-24",9244,6730156,2952,5858388,598,565161,20595,2040616,212,35693,20807,2076309,33601,58220.57,15230014,0
"2021-12-25",344,6730500,63,5858451,31,565192,427,2041043,8,35701,435,2076744,873,51193.43,15230887,0
"2021-12-26",7967,6738467,3929,5862380,340,565532,17281,2058324,172,35873,17453,2094197,29689,51361,15260576,0
"2021-12-27",21790,6760257,9204,5871584,933,566465,43443,2101767,537,36410,43980,2138177,75907,51993,15336483,0
"2021-12-28",20165,6780422,8329,5879913,699,567164,47578,2149345,597,37007,48175,2186352,77368,52353.71,15413851,0
"2021-12-29",18507,6798929,7671,5887584,607,567771,45568,2194913,474,37481,46042,2232394,72827,51866.14,15486678,0
"2021-12-30",16890,6815819,7420,5895004,587,568358,44848,2239761,572,38053,45420,2277814,70317,51511.71,15556995,0
"2021-12-31",5358,6821177,2808,5897812,193,568551,14771,2254532,176,38229,14947,2292761,23306,50041,15580301,0
"2022-01-01",243,6821420,147,5897959,12,568563,501,2255033,21,38250,522,2293283,924,50048.29,15581225,0
"2022-01-02",6433,6827853,5022,5902981,153,568716,10975,2266008,110,38360,11085,2304368,22693,49048.86,15603918,0
"2022-01-03",14130,6841983,8494,5911475,514,569230,26930,2292938,322,38682,27252,2331620,50390,45403.57,15654308,0
"2022-01-04",12869,6854852,8107,5919582,414,569644,27189,2320127,348,39030,27537,2359157,48927,41340.57,15703235,0
"2022-01-05",11433,6866285,6998,5926580,382,570026,25903,2346030,302,39332,26205,2385362,45018,37367.86,15748253,0
"2022-01-06",11479,6877764,7383,5933963,483,570509,27526,2373556,327,39659,27853,2413215,47198,34065.14,15795451,0
"2022-01-07",10388,6888152,8417,5942380,338,570847,25025,2398581,313,39972,25338,2438553,44481,37090.14,15839932,0
"2022-01-08",7869,6896021,8565,5950945,310,571157,19454,2418035,175,40147,19629,2458182,36373,42154.29,15876305,0
"2022-01-09",4131,6900152,3843,5954788,214,571371,10063,2428098,91,40238,10154,2468336,18342,41532.71,15894647,0
"2022-01-10",10179,6910331,8190,5962978,490,571861,24603,2452701,298,40536,24901,2493237,43760,40585.57,15938407,0
"2022-01-11",8894,6919225,7987,5970965,521,572382,21027,2473728,280,40816,21307,2514544,38709,39125.86,15977116,0
"2022-01-12",8934,6928159,8320,5979285,427,572809,22334,2496062,286,41102,22620,2537164,40301,38452,16017417,0
"2022-01-13",9046,6937205,8863,5988148,451,573260,22872,2518934,315,41417,23187,2560351,41547,37644.71,16058964,0
"2022-01-14",10108,6947313,8118,5996266,476,573736,26440,2545374,316,41733,26756,2587107,45458,37784.29,16104422,0
"2022-01-15",6209,6953522,4309,6000575,178,573914,15144,2560518,175,41908,15319,2602426,26015,36304.57,16130437,0
"2022-01-16",2921,6956443,3249,6003824,95,574009,7824,2568342,82,41990,7906,2610332,14171,35708.71,16144608,0
"2022-01-17",6079,6962522,6755,6010579,363,574372,14682,2583024,215,42205,14897,2625229,28094,33470.71,16172702,0
"2022-01-18",8163,6970685,10316,6020895,396,574768,19667,2602691,314,42519,19981,2645210,38856,33491.71,16211558,0
"2022-01-19",7464,6978149,9249,6030144,304,575072,17719,2620410,267,42786,17986,2663196,35003,32734.86,16246561,0
"2022-01-20",6282,6984431,8560,6038704,305,575377,15249,2635659,241,43027,15490,2678686,30637,31176.29,16277198,0
"2022-01-21",7572,6992003,7503,6046207,276,575653,18506,2654165,281,43308,18787,2697473,34138,29559.14,16311336,0
"2022-01-22",5191,6997194,4940,6051147,131,575784,11317,2665482,125,43433,11442,2708915,21704,28943.29,16333040,0
"2022-01-23",2811,7000005,3329,6054476,97,575881,6228,2671710,77,43510,6305,2715220,12542,28710.57,16345582,0
"2022-01-24",6371,7006376,8204,6062680,262,576143,15071,2686781,235,43745,15306,2730526,30143,29003.29,16375725,0
"2022-01-25",6187,7012563,7933,6070613,233,576376,14693,2701474,256,44001,14949,2745475,29302,27638.43,16405027,0
"2022-01-26",5755,7018318,7169,6077782,289,576665,14017,2715491,208,44209,14225,2759700,27438,26557.71,16432465,0
"2022-01-27",5255,7023573,7093,6084875,321,576986,14081,2729572,229,44438,14310,2774010,26979,26035.14,16459444,0
"2022-01-28",6260,7029833,7872,6092747,203,577189,16132,2745704,234,44672,16366,2790376,30701,25544.14,16490145,0
"2022-01-29",841,7030674,728,6093475,28,577217,2538,2748242,39,44711,2577,2792953,4174,23039.86,16494319,0
"2022-01-30",2096,7032770,3022,6096497,103,577320,4535,2752777,63,44774,4598,2797551,9819,22650.86,16504138,0
"2022-01-31",5005,7037775,6592,6103089,220,577540,11384,2764161,197,44971,11581,2809132,23398,21687.29,16527536,0
"2022-02-01",4834,7042609,6430,6109519,219,577759,10711,2774872,220,45191,10931,2820063,22414,20703.29,16549950,0
"2022-02-02",4257,7046866,5930,6115449,213,577972,11237,2786109,238,45429,11475,2831538,21875,19908.57,16571825,0
"2022-02-03",4227,7051093,5812,6121261,216,578188,11218,2797327,199,45628,11417,2842955,21672,19150.43,16593497,0
"2022-02-04",4769,7055862,7111,6128372,214,578402,13217,2810544,235,45863,13452,2856407,25546,18414,16619043,0
"2022-02-05",3585,7059447,6049,6134421,110,578512,8574,2819118,150,46013,8724,2865131,18468,20456,16637511,0
"2022-02-06",2063,7061510,2136,6136557,121,578633,4634,2823752,103,46116,4737,2869868,9057,20347.14,16646568,0
"2022-02-07",4158,7065668,4725,6141282,205,578838,10131,2833883,231,46347,10362,2880230,19450,19783.14,16666018,0
"2022-02-08",4223,7069891,5610,6146892,214,579052,11326,2845209,300,46647,11626,2891856,21673,19677.29,16687691,0
"2022-02-09",4135,7074026,5405,6152297,222,579274,11661,2856870,251,46898,11912,2903768,21674,19648.57,16709365,0
"2022-02-10",3996,7078022,5121,6157418,245,579519,12198,2869068,282,47180,12480,2916248,21842,19672.86,16731207,0
"2022-02-11",4521,7082543,5802,6163220,195,579714,13731,2882799,316,47496,14047,2930295,24565,19532.71,16755772,0
"2022-02-12",3257,7085800,4339,6167559,97,579811,8809,2891608,214,47710,9023,2939318,16716,19282.43,16772488,0
"2022-02-13",1522,7087322,1542,6169101,41,579852,4881,2896489,107,47817,4988,2944306,8093,19144.71,16780581,0
"2022-02-14",2983,7090305,3625,6172726,167,580019,10569,2907058,323,48140,10892,2955198,17667,18890,16798248,0
"2022-02-15",3560,7093865,4071,6176797,175,580194,12784,2919842,279,48419,13063,2968261,20869,18775.14,16819117,0
"2022-02-16",3663,7097528,3906,6180703,200,580394,15720,2935562,291,48710,16011,2984272,23780,19076,16842897,0
"2022-02-17",4036,7101564,4080,6184783,162,580556,18272,2953834,357,49067,18629,3002901,26907,19799.57,16869804,0
"2022-02-18",4475,7106039,4782,6189565,190,580746,21533,2975367,449,49516,21982,3024883,31429,20780.14,16901233,0
"2022-02-19",3256,7109295,2180,6191745,65,580811,11177,2986544,217,49733,11394,3036277,16895,20805.71,16918128,0
"2022-02-20",1861,7111156,1446,6193191,59,580870,6576,2993120,114,49847,6690,3042967,10056,21086.14,16928184,0
"2022-02-21",3084,7114240,2695,6195886,95,580965,8349,3001469,228,50075,8577,3051544,14451,20626.71,16942635,0
"2022-02-22",4382,7118622,4251,6200137,175,581140,10832,3012301,249,50324,11081,3062625,19889,20486.71,16962524,0
"2022-02-23",4267,7122889,3789,6203926,145,581285,10665,3022966,239,50563,10904,3073529,19105,19818.86,16981629,0
"2022-02-24",3799,7126688,3657,6207583,108,581393,10186,3033152,228,50791,10414,3083943,17978,18543.29,16999607,0
"2022-02-25",3618,7130306,3621,6211204,134,581527,9978,3043130,236,51027,10214,3094157,17587,16565.86,17017194,0
"2022-02-26",2838,7133144,2579,6213783,74,581601,9512,3052642,153,51180,9665,3103822,15156,16317.43,17032350,0
"2022-02-27",1774,7134918,1372,6215155,52,581653,6266,3058908,100,51280,6366,3110188,9564,16247.14,17041914,0
"2022-02-28",3803,7138721,3133,6218288,141,581794,13129,3072037,247,51527,13376,3123564,20453,17104.57,17062367,0
"2022-03-01",2137,7140858,2627,6220915,103,581897,5172,3077209,185,51712,5357,3128921,10224,15723.86,17072591,0
"2022-03-02",1842,7142700,2439,6223354,106,582003,4128,3081337,208,51920,4336,3133257,8723,14240.71,17081314,0
"2022-03-03",1935,7144635,2554,6225908,106,582109,3797,3085134,168,52088,3965,3137222,8560,12895.29,17089874,0
"2022-03-04",2123,7146758,2873,6228781,66,582175,4329,3089463,208,52296,4537,3141759,9599,11754.14,17099473,0
"2022-03-05",1612,7148370,2122,6230903,43,582218,3318,3092781,115,52411,3433,3145192,7210,10619,17106683,0
"2022-03-06",799,7149169,879,6231782,30,582248,1622,3094403,55,52466,1677,3146869,3385,9736.29,17110068,0
"2022-03-07",1669,7150838,1786,6233568,86,582334,3496,3097899,161,52627,3657,3150526,7198,7842.71,17117266,0
"2022-03-08",1550,7152388,1893,6235461,79,582413,3124,3101023,149,52776,3273,3153799,6795,7352.86,17124061,0
"2022-03-09",1269,7153657,1677,6237138,79,582492,2584,3103607,129,52905,2713,3156512,5738,6926.43,17129799,0
"2022-03-10",1420,7155077,2099,6239237,85,582577,2955,3106562,163,53068,3118,3159630,6722,6663.86,17136521,0
"2022-03-11",1602,7156679,2273,6241510,81,582658,3213,3109775,187,53255,3400,3163030,7356,6343.43,17143877,0
"2022-03-12",879,7157558,1414,6242924,40,582698,2003,3111778,77,53332,2080,3165110,4413,5943.86,17148290,0
"2022-03-13",626,7158184,756,6243680,28,582726,1292,3113070,47,53379,1339,3166449,2749,5853,17151039,0
"2022-03-14",1373,7159557,1605,6245285,83,582809,2989,3116059,207,53586,3196,3169645,6257,5718.57,17157296,0
"2022-03-15",1360,7160917,1926,6247211,63,582872,3066,3119125,231,53817,3297,3172942,6646,5697.29,17163942,0
"2022-03-16",1400,7162317,2067,6249278,94,582966,3133,3122258,295,54112,3428,3176370,6989,5876,17170931,0
"2022-03-17",1185,7163502,1807,6251085,70,583036,2758,3125016,266,54378,3024,3179394,6086,5785.14,17177017,0
"2022-03-18",1595,7165097,2216,6253301,80,583116,3769,3128785,415,54793,4184,3183578,8075,5887.86,17185092,0
"2022-03-19",1113,7166210,1734,6255035,54,583170,2597,3131382,227,55020,2824,3186402,5725,6075.29,17190817,0
"2022-03-20",614,7166824,627,6255662,33,583203,1462,3132844,186,55206,1648,3188050,2922,6100,17193739,0
"2022-03-21",1421,7168245,1550,6257212,72,583275,3056,3135900,356,55562,3412,3191462,6455,6128.29,17200194,0
"2022-03-22",1341,7169586,1554,6258766,101,583376,2903,3138803,344,55906,3247,3194709,6243,6070.71,17206437,0
"2022-03-23",1261,7170847,1361,6260127,66,583442,2919,3141722,374,56280,3293,3198002,5981,5926.71,17212418,0
"2022-03-24",1210,7172057,1299,6261426,90,583532,2519,3144241,266,56546,2785,3200787,5384,5826.43,17217802,0
"2022-03-25",1391,7173448,1630,6263056,62,583594,3263,3147504,379,56925,3642,3204429,6725,5633.57,17224527,0
"2022-03-26",928,7174376,1162,6264218,36,583630,2304,3149808,250,57175,2554,3206983,4680,5484.29,17229207,0
"2022-03-27",574,7174950,528,6264746,29,583659,1312,3151120,204,57379,1516,3208499,2647,5445,17231854,0
"2022-03-28",1086,7176036,1164,6265910,69,583728,2438,3153558,365,57744,2803,3211302,5122,5254.57,17236976,0
"2022-03-29",1052,7177088,1105,6267015,85,583813,2514,3156072,880,58624,3394,3214696,5636,5167.86,17242612,0
"2022-03-30",1250,7178338,1141,6268156,98,583911,3065,3159137,3404,62028,6469,3221165,8958,5593.14,17251570,0
"2022-03-31",1289,7179627,1260,6269416,57,583968,3166,3162303,5503,67531,8669,3229834,11275,6434.71,17262845,0
"2022-04-01",1431,7181058,1500,6270916,76,584044,3249,3165552,6899,74430,10148,3239982,13155,7353.29,17276000,0
"2022-04-02",912,7181970,913,6271829,33,584077,2096,3167648,4524,78954,6620,3246602,8478,7895.86,17284478,0
"2022-04-03",560,7182530,499,6272328,28,584105,1223,3168871,3050,82004,4273,3250875,5360,8283.43,17289838,0
"2022-04-04",1355,7183885,1308,6273636,61,584166,2735,3171606,7695,89699,10430,3261305,13154,9430.86,17302992,0
"2022-04-05",1305,7185190,1163,6274799,66,584232,2856,3174462,7477,97176,10333,3271638,12867,10463.86,17315859,0
"2022-04-06",1344,7186534,1181,6275980,61,584293,2624,3177086,6947,104123,9571,3281209,12157,10920.86,17328016,0
"2022-04-07",1213,7187747,1067,6277047,57,584350,2378,3179464,6601,110724,8979,3290188,11316,10926.71,17339332,0
"2022-04-08",1490,7189237,1404,6278451,62,584412,3173,3182637,8778,119502,11951,3302139,14907,11177,17354239,0
"2022-04-09",920,7190157,924,6279375,29,584441,2078,3184715,4940,124442,7018,3309157,8891,11236,17363130,0
"2022-04-10",586,7190743,460,6279835,25,584466,1170,3185885,2893,127335,4063,3313220,5134,11203.71,17368264,0
"2022-04-11",1320,7192063,1238,6281073,59,584525,2669,3188554,7790,135125,10459,3323679,13076,11192.57,17381340,0
"2022-04-12",1217,7193280,1060,6282133,73,584598,2526,3191080,7408,142533,9934,3333613,12284,11109.29,17393624,0
"2022-04-13",1244,7194524,1081,6283214,59,584657,2517,3193597,7533,150066,10050,3343663,12434,11148.86,17406058,0
"2022-04-14",1273,7195797,1099,6284313,59,584716,2442,3196039,6569,156635,9011,3352674,11442,11166.86,17417500,0
"2022-04-15",1347,7197144,1098,6285411,53,584769,2566,3198605,6616,163251,9182,3361856,11680,10705.86,17429180,0
"2022-04-16",864,7198008,654,6286065,33,584802,1643,3200248,3676,166927,5319,3367175,6870,10417.14,17436050,0
"2022-04-17",347,7198355,202,6286267,27,584829,640,3200888,1154,168081,1794,3368969,2370,10022.29,17438420,0
"2022-04-18",1393,7199748,1118,6287385,82,584911,2585,3203473,6410,174491,8995,3377964,11588,9809.71,17450008,0
"2022-04-19",1419,7201167,939,6288324,72,584983,2572,3206045,5739,180230,8311,3386275,10741,9589.29,17460749,0
"2022-04-20",1321,7202488,1152,6289476,65,585048,2709,3208754,6618,186848,9327,3395602,11865,9508,17472614,0
"2022-04-21",1229,7203717,1063,6290539,53,585101,2329,3211083,5332,192180,7661,3403263,10006,9302.86,17482620,0
"2022-04-22",1219,7204936,1025,6291564,46,585147,2203,3213286,5634,197814,7837,3411100,10127,9081,17492747,0
"2022-04-23",718,7205654,751,6292315,59,585206,1426,3214712,3345,201159,4771,3415871,6299,8999.43,17499046,0
"2022-04-24",442,7206096,338,6292653,27,585233,813,3215525,1810,202969,2623,3418494,3430,9150.86,17502476,0
"2022-04-25",1032,7207128,917,6293570,64,585297,1853,3217378,5084,208053,6937,3425431,8950,8774,17511426,0
"2022-04-26",949,7208077,859,6294429,76,585373,1754,3219132,4685,212738,6439,3431870,8323,8428.57,17519749,0
"2022-04-27",1041,7209118,1025,6295454,80,585453,1929,3221061,5202,217940,7131,3439001,9277,8058.86,17529026,0
"2022-04-28",1091,7210209,989,6296443,50,585503,2006,3223067,4725,222665,6731,3445732,8861,7895.29,17537887,0
"2022-04-29",1191,7211400,1108,6297551,60,585563,2161,3225228,5387,228052,7548,3453280,9907,7863.86,17547794,0
"2022-04-30",730,7212130,741,6298292,43,585606,1394,3226622,2953,231005,4347,3457627,5861,7801.29,17553655,0
"2022-05-01",447,7212577,367,6298659,20,585626,767,3227389,1654,232659,2421,3460048,3255,7776.29,17556910,0
"2022-05-02",1061,7213638,797,6299456,52,585678,1670,3229059,3813,236472,5483,3465531,7393,7553.86,17564303,0
"2022-05-03",1123,7214761,863,6300319,61,585739,1998,3231057,4856,241328,6854,3472385,8901,7636.43,17573204,0
"2022-05-04",1022,7215783,885,6301204,48,585787,1913,3232970,4629,245957,6542,3478927,8497,7525,17581701,0
"2022-05-05",1059,7216842,952,6302156,86,585873,1924,3234894,4865,250822,6789,3485716,8886,7528.57,17590587,0
"2022-05-06",1096,7217938,960,6303116,51,585924,1867,3236761,4382,255204,6249,3491965,8356,7307,17598943,0
"2022-05-07",662,7218600,591,6303707,32,585956,1204,3237965,2425,257629,3629,3495594,4914,7171.71,17603857,0
"2022-05-08",417,7219017,247,6303954,17,585973,665,3238630,1380,259009,2045,3497639,2726,7096.14,17606583,0
"2022-05-09",1087,7220104,947,6304901,60,586033,1886,3240516,4422,263431,6308,3503947,8402,7240.29,17614985,0
"2022-05-10",1098,7221202,935,6305836,54,586087,1988,3242504,4708,268139,6696,3510643,8783,7223.43,17623768,0
"2022-05-11",1095,7222297,981,6306817,44,586131,1940,3244444,4825,272964,6765,3517408,8885,7278.86,17632653,0
"2022-05-12",1105,7223402,951,6307768,60,586191,2002,3246446,4655,277619,6657,3524065,8773,7262.71,17641426,0
"2022-05-13",1164,7224566,1040,6308808,44,586235,2061,3248507,4781,282400,6842,3530907,9090,7367.57,17650516,0
"2022-05-14",832,7225398,669,6309477,31,586266,1472,3249979,2942,285342,4414,3535321,5946,7515,17656462,0
"2022-05-15",512,7225910,357,6309834,21,586287,923,3250902,1645,286987,2568,3537889,3458,7619.57,17659920,0
"2022-05-16",1234,7227144,861,6310695,62,586349,1826,3252728,3853,290840,5679,3543568,7836,7538.71,17667756,0
"2022-05-17",1299,7228443,928,6311623,79,586428,2052,3254780,4870,295710,6922,3550490,9228,7602.29,17676984,0
"2022-05-18",1250,7229693,902,6312525,82,586510,2064,3256844,4916,300626,6980,3557470,9214,7649.29,17686198,0
"2022-05-19",1172,7230865,883,6313408,35,586545,2117,3258961,4711,305337,6828,3564298,8918,7670,17695116,0
"2022-05-20",1205,7232070,960,6314368,74,586619,2366,3261327,5185,310522,7551,3571849,9790,7770,17704906,0
"2022-05-21",838,7232908,647,6315015,23,586642,1725,3263052,3287,313809,5012,3576861,6520,7852,17711426,0
"2022-05-22",514,7233422,290,6315305,22,586664,1134,3264186,1837,315646,2971,3579832,3797,7900.43,17715223,0
"2022-05-23",1228,7234650,891,6316196,47,586711,2187,3266373,4693,320339,6880,3586712,9046,8073.29,17724269,0
"2022-05-24",1436,7236086,941,6317137,66,586777,2294,3268667,4465,324804,6759,3593471,9202,8069.57,17733471,0
"2022-05-25",1442,7237528,958,6318095,56,586833,2261,3270928,4236,329040,6497,3599968,8953,8032.29,17742424,0
"2022-05-26",1183,7238711,873,6318968,60,586893,2261,3273189,4128,333168,6389,3606357,8505,7973.29,17750929,0
"2022-05-27",1259,7239970,959,6319927,38,586931,2490,3275679,3893,337061,6383,3612740,8639,7808.86,17759568,0
"2022-05-28",720,7240690,518,6320445,19,586950,1779,3277458,2060,339121,3839,3616579,5096,7605.43,17764664,0
"2022-05-29",476,7241166,218,6320663,11,586961,761,3278219,1117,340238,1878,3618457,2583,7432,17767247,0
"2022-05-30",91,7241257,58,6320721,6,586967,139,3278358,144,340382,283,3618740,438,6202.29,17767685,0
"2022-05-31",1142,7242399,917,6321638,51,587018,1881,3280239,3054,343436,4935,3623675,7045,5894.14,17774730,0
"2022-06-01",1160,7243559,844,6322482,63,587081,1964,3282203,3406,346842,5370,3629045,7437,5677.57,17782167,0
"2022-06-02",1037,7244596,802,6323284,72,587153,1823,3284026,3156,349998,4979,3634024,6890,5446.86,17789057,0
"2022-06-03",1171,7245767,891,6324175,47,587200,2055,3286081,3476,353474,5531,3639555,7640,5304.14,17796697,0
"2022-06-04",728,7246495,582,6324757,26,587226,1547,3287628,1894,355368,3441,3642996,4777,5258.57,17801474,0
"2022-06-05",450,7246945,298,6325055,1,587227,878,3288506,978,356346,1856,3644852,2605,5261.71,17804079,0
"2022-06-06",1127,7248072,826,6325881,64,587291,1752,3290258,2724,359070,4476,3649328,6493,6126.71,17810572,0
"2022-06-07",1030,7249102,767,6326648,70,587361,1767,3292025,2553,361623,4320,3653648,6187,6004.14,17816759,0
"2022-06-08",1096,7250198,835,6327483,75,587436,1868,3293893,2729,364352,4597,3658245,6603,5885,17823362,0
"2022-06-09",1146,7251344,840,6328323,61,587497,2214,3296107,2680,367032,4894,3663139,6941,5892.29,17830303,0
"2022-06-10",1055,7252399,818,6329141,75,587572,1879,3297986,2813,369845,4692,3667831,6640,5749.43,17836943,0
"2022-06-11",683,7253082,507,6329648,25,587597,1317,3299303,1502,371347,2819,3670650,4034,5643.29,17840977,0
"2022-06-12",351,7253433,286,6329934,20,587617,880,3300183,767,372114,1647,3672297,2304,5600.29,17843281,0
"2022-06-13",1038,7254471,766,6330700,63,587680,1567,3301750,2175,374289,3742,3676039,5609,5474,17848890,0
"2022-06-14",943,7255414,817,6331517,55,587735,1661,3303411,2487,376776,4148,3680187,5963,5442,17854853,0
"2022-06-15",980,7256394,854,6332371,39,587774,1641,3305052,2399,379175,4040,3684227,5913,5343.43,17860766,0
"2022-06-16",942,7257336,777,6333148,59,587833,1809,3306861,2345,381520,4154,3688381,5932,5199.29,17866698,0
"2022-06-17",903,7258239,793,6333941,44,587877,1746,3308607,2386,383906,4132,3692513,5872,5089.57,17872570,0
"2022-06-18",665,7258904,521,6334462,26,587903,1273,3309880,1292,385198,2565,3695078,3777,5052.86,17876347,0
"2022-06-19",353,7259257,236,6334698,16,587919,725,3310605,603,385801,1328,3696406,1933,4999.86,17878280,0
"2022-06-20",838,7260095,489,6335187,41,587960,1562,3312167,1611,387412,3173,3699579,4541,4847.29,17882821,0
"2022-06-21",1137,7261232,728,6335915,50,588010,1675,3313842,2120,389532,3795,3703374,5710,4811.14,17888531,0
"2022-06-22",1968,7263200,818,6336733,46,588056,1682,3315524,1981,391513,3663,3707037,6495,4894.29,17895026,0
"2022-06-23",2112,7265312,750,6337483,64,588120,1689,3317213,2141,393654,3830,3710867,6756,5012,17901782,0
"2022-06-24",2174,7267486,756,6338239,48,588168,1618,3318831,2134,395788,3752,3714619,6730,5134.57,17908512,0
"2022-06-25",2139,7269625,487,6338726,15,588183,1231,3320062,1132,396920,2363,3716982,5004,5309.86,17913516,0
"2022-06-26",1214,7270839,247,6338973,14,588197,680,3320742,529,397449,1209,3718191,2684,5417.14,17916200,0
"2022-06-27",1525,7272364,649,6339622,60,588257,1450,3322192,1603,399052,3053,3721244,5287,5523.71,17921487,0
"2022-06-28",1689,7274053,828,6340450,50,588307,1844,3324036,2121,401173,3965,3725209,6532,5641.14,17928019,0
"2022-06-29",1831,7275884,762,6341212,48,588355,1677,3325713,1913,403086,3590,3728799,6231,5603.43,17934250,0
"2022-06-30",1851,7277735,800,6342012,46,588401,1726,3327439,2089,405175,3815,3732614,6512,5568.57,17940762,0
"2022-07-01",1571,7279306,589,6342601,25,588426,1378,3328817,1716,406891,3094,3735708,5279,5361.29,17946041,0
"2022-07-02",969,7280275,378,6342979,16,588442,831,3329648,924,407815,1755,3737463,3118,5091.86,17949159,0
"2022-07-03",529,7280804,205,6343184,5,588447,459,3330107,483,408298,942,3738405,1681,4948.57,17950840,0
"2022-07-04",35,7280839,26,6343210,1,588448,30,3330137,38,408336,68,3738473,130,4211.86,17950970,0
"2022-07-05",1270,7282109,747,6343957,35,588483,1389,3331526,1726,410062,3115,3741588,5167,4016.86,17956137,0
"2022-07-06",1599,7283708,674,6344631,44,588527,1419,3332945,1810,411872,3229,3744817,5546,3919,17961683,0
"2022-07-07",1554,7285262,710,6345341,46,588573,1509,3334454,1977,413849,3486,3748303,5796,3816.71,17967479,0
"2022-07-08",1614,7286876,641,6345982,37,588610,1459,3335913,1956,415805,3415,3751718,5707,3877.86,17973186,0
"2022-07-09",979,7287855,407,6346389,25,588635,875,3336788,1335,417140,2210,3753928,3621,3949.71,17976807,0
"2022-07-10",643,7288498,184,6346573,17,588652,425,3337213,657,417797,1082,3755010,1926,3984.71,17978733,0
"2022-07-11",1373,7289871,627,6347200,49,588701,1419,3338632,2182,419979,3601,3758611,5650,4773.29,17984383,0
"2022-07-12",1390,7291261,682,6347882,45,588746,1382,3340014,2486,422465,3868,3762479,5985,4890.14,17990368,0
"2022-07-13",1590,7292851,717,6348599,35,588781,1476,3341490,2765,425230,4241,3766720,6583,5038.29,17996951,0
"2022-07-14",1556,7294407,830,6349429,47,588828,1576,3343066,3030,428260,4606,3771326,7039,5215.86,18003990,0
"2022-07-15",1586,7295993,914,6350343,44,588872,1544,3344610,3021,431281,4565,3775891,7109,5416.14,18011099,0
"2022-07-16",876,7296869,572,6350915,9,588881,965,3345575,1676,432957,2641,3778532,4098,5484.29,18015197,0
"2022-07-17",546,7297415,291,6351206,16,588897,528,3346103,1162,434119,1690,3780222,2543,5572.43,18017740,0
"2022-07-18",1374,7298789,832,6352038,43,588940,1410,3347513,2410,436529,3820,3784042,6069,5632.29,18023809,0
"2022-07-19",1422,7300211,964,6353002,50,588990,1525,3349038,2755,439284,4280,3788322,6716,5736.71,18030525,0
"2022-07-20",1362,7301573,1451,6354453,50,589040,1317,3350355,2338,441622,3655,3791977,6518,5727.43,18037043,0
"2022-07-21",1320,7302893,1416,6355869,45,589085,1372,3351727,2326,443948,3698,3795675,6479,5647.43,18043522,0
"2022-07-22",1416,7304309,1538,6357407,36,589121,1531,3353258,2812,446760,4343,3800018,7333,5679.43,18050855,0
"2022-07-23",902,7305211,1087,6358494,15,589136,987,3354245,1538,448298,2525,3802543,4529,5741,18055384,0
"2022-07-24",489,7305700,637,6359131,14,589150,497,3354742,796,449094,1293,3803836,2433,5725.29,18057817,0
"2022-07-25",1205,7306905,759,6359890,56,589206,1247,3355989,2027,451121,3274,3807110,5294,5614.57,18063111,0
"2022-07-26",1202,7308107,1007,6360897,37,589243,1438,3357427,2378,453499,3816,3810926,6062,5521.14,18069173,0
"2022-07-27",1299,7309406,1253,6362150,40,589283,1369,3358796,2145,455644,3514,3814440,6106,5462.29,18075279,0
"2022-07-28",1280,7310686,1385,6363535,68,589351,1388,3360184,2140,457784,3528,3817968,6261,5431.14,18081540,0
"2022-07-29",1294,7311980,1401,6364936,65,589416,1315,3361499,2069,459853,3384,3821352,6144,5261.29,18087684,120000
"2022-07-30",710,7312690,683,6365619,23,589439,773,3362272,932,460785,1705,3823057,3121,5060.14,18090805,120000
"2022-07-31",403,7313093,573,6366192,13,589452,484,3362756,561,461346,1045,3824102,2034,5003.14,18092839,120000
"2022-08-01",1205,7314298,884,6367076,52,589504,1297,3364053,1451,462797,2748,3826850,4889,4945.29,18097728,120000
"2022-08-02",1189,7315487,977,6368053,69,589573,1302,3365355,1543,464340,2845,3829695,5080,4805,18102808,120000
"2022-08-03",1233,7316720,1103,6369156,35,589608,1228,3366583,1330,465670,2558,3832253,4929,4636.86,18107737,120000
"2022-08-04",440,7317160,463,6369619,27,589635,412,3366995,525,466195,937,3833190,1867,4009.14,18109604,120000
