"DATE","ADMIN_DOSE1_DAILY","ADMIN_DOSE1_CUMULATIVE","ADMIN_DOSE2_DAILY","ADMIN_DOSE2_CUMULATIVE","ADMIN_SINGLE_DAILY","ADMIN_SINGLE_CUMULATIVE","ADMIN_ALLDOSES_DAILY","ADMIN_ALLDOSES_7DAYAVG","ADMIN_ALLDOSES_CUMULATIVE","INCOMPLETE"
"2020-12-14",78,78,0,0,0,0,78,,78,0
"2020-12-15",2045,2123,2,2,3,3,2050,,2128,0
"2020-12-16",4548,6671,12,14,1,4,4561,,6689,0
"2020-12-17",4516,11187,12,26,0,4,4528,,11217,0
"2020-12-18",5778,16965,25,51,2,6,5805,,17022,0
"2020-12-19",1685,18650,6,57,3,9,1694,,18716,0
"2020-12-20",1108,19758,1,58,1,10,1110,2832.29,19826,0
"2020-12-21",6264,26022,10,68,1,11,6275,3717.57,26101,0
"2020-12-22",9766,35788,18,86,2,13,9786,4822.71,35887,0
"2020-12-23",14233,50021,31,117,2,15,14266,6209.14,50153,0
"2020-12-24",7199,57220,54,171,1,16,7254,6598.57,57407,0
"2020-12-25",179,57399,0,171,0,16,179,5794.86,57586,0
"2020-12-26",4325,61724,35,206,0,16,4360,6175.71,61946,0
"2020-12-27",3830,65554,7,213,0,16,3837,6565.29,65783,0
"2020-12-28",10966,76520,36,249,1,17,11003,7240.71,76786,0
"2020-12-29",10700,87220,23,272,2,19,10725,7374.86,87511,0
"2020-12-30",12773,99993,50,322,0,19,12823,7168.71,100334,0
"2020-12-31",7233,107226,19,341,0,19,7252,7168.43,107586,0
"2021-01-01",166,107392,2,343,1,20,169,7167,107755,0
"2021-01-02",3806,111198,8,351,2,22,3816,7089.29,111571,0
"2021-01-03",3526,114724,18,369,1,23,3545,7047.57,115116,0
"2021-01-04",12189,126913,791,1160,0,23,12980,7330,128096,0
"2021-01-05",13967,140880,2139,3299,0,23,16106,8098.71,144202,0
"2021-01-06",17724,158604,3875,7174,0,23,21599,9352.43,165801,0
"2021-01-07",16500,175104,5040,12214,3,26,21543,11394,187344,0
"2021-01-08",16474,191578,5323,17537,0,26,21797,14483.71,209141,0
"2021-01-09",7665,199243,1437,18974,1,27,9103,15239,218244,0
"2021-01-10",7848,207091,965,19939,0,27,8813,15991.57,227057,0
"2021-01-11",25635,232726,7294,27233,1,28,32930,18841.57,259987,0
"2021-01-12",27891,260617,7783,35016,0,28,35674,21637,295661,0
"2021-01-13",31423,292040,9310,44326,1,29,40734,24370.57,336395,0
"2021-01-14",35489,327529,5261,49587,1,30,40751,27114.57,377146,0
"2021-01-15",28964,356493,3561,53148,2,32,32527,28647.43,409673,0
"2021-01-16",30125,386618,2308,55456,0,32,32433,31980.29,442106,0
"2021-01-17",23826,410444,1557,57013,0,32,25383,34347.43,467489,0
"2021-01-18",26927,437371,2317,59330,0,32,29244,33820.86,496733,0
"2021-01-19",33922,471293,9514,68844,2,34,43438,34930,540171,0
"2021-01-20",34441,505734,9348,78192,1,35,43790,35366.57,583961,0
"2021-01-21",25176,530910,7960,86152,0,35,33136,34278.71,617097,0
"2021-01-22",24229,555139,4333,90485,0,35,28562,33712.29,645659,0
"2021-01-23",15301,570440,3184,93669,0,35,18485,31719.71,664144,0
"2021-01-24",6973,577413,3390,97059,0,35,10363,29574,674507,0
"2021-01-25",13023,590436,11682,108741,0,35,24705,28925.57,699212,0
"2021-01-26",16375,606811,10534,119275,0,35,26909,26564.29,726121,0
"2021-01-27",20371,627182,12149,131424,0,35,32520,24954.29,758641,0
"2021-01-28",30422,657604,12655,144079,0,35,43077,26374.43,801718,0
"2021-01-29",31355,688959,11239,155318,0,35,42594,28379,844312,0
"2021-01-30",18416,707375,3655,158973,0,35,22071,28891.29,866383,0
"2021-01-31",12935,720310,2845,161818,0,35,15780,29665.14,882163,0
"2021-02-01",1108,721418,5272,167090,2,37,6382,27047.57,888545,0
"2021-02-02",2769,724187,9240,176330,2,39,12011,24919.29,900556,0
"2021-02-03",16210,740397,20699,197029,3,42,36912,25546.71,937468,0
"2021-02-04",26748,767145,19151,216180,1,43,45900,25950,983368,0
"2021-02-05",27258,794403,19552,235732,0,43,46810,26552.29,1030178,0
"2021-02-06",22773,817176,11062,246794,0,43,33835,28232.86,1064013,0
"2021-02-07",12065,829241,8103,254897,0,43,20168,28859.71,1084181,0
"2021-02-08",16782,846023,23101,277998,2,45,39885,33645.86,1124066,0
"2021-02-09",16988,863011,27632,305630,2,47,44622,38304.57,1168688,0
"2021-02-10",19452,882463,28757,334387,1,48,48210,39918.57,1216898,0
"2021-02-11",27724,910187,32877,367264,2,50,60603,42019,1277501,0
"2021-02-12",38283,948470,30143,397407,3,53,68429,45107.43,1345930,0
"2021-02-13",27808,976278,24795,422202,2,55,52605,47788.86,1398535,0
"2021-02-14",16242,992520,23389,445591,0,55,39631,50569.29,1438166,0
"2021-02-15",12629,1005149,10292,455883,1,56,22922,48146,1461088,0
"2021-02-16",14057,1019206,26172,482055,0,56,40229,47518.43,1501317,0
"2021-02-17",16131,1035337,21635,503690,1,57,37767,46026.57,1539084,0
"2021-02-18",11997,1047334,24550,528240,22,79,36569,42593.14,1575653,0
"2021-02-19",13085,1060419,23534,551774,39,118,36658,38054.43,1612311,0
"2021-02-20",11167,1071586,25812,577586,6,124,36985,35823,1649296,0
"2021-02-21",6289,1077875,17287,594873,15,139,23591,33531.57,1672887,0
"2021-02-22",12679,1090554,11611,606484,2,141,24292,33727.29,1697179,0
"2021-02-23",24915,1115469,13931,620415,1,142,38847,33529.86,1736026,0
"2021-02-24",35999,1151468,19760,640175,0,142,55759,36100.14,1791785,0
"2021-02-25",54353,1205821,29408,669583,7,149,83768,42842.86,1875553,0
"2021-02-26",62685,1268506,30909,700492,4,153,93598,50977.14,1969151,0
"2021-02-27",51174,1319680,22052,722544,49,202,73275,56161.43,2042426,0
"2021-02-28",44672,1364352,13372,735916,3,205,58047,61083.71,2100473,0
"2021-03-01",39011,1403363,12047,747963,8,213,51066,64908.57,2151539,0
"2021-03-02",46803,1450166,11768,759731,6,219,58577,67727.14,2210116,0
"2021-03-03",48240,1498406,15372,775103,16,235,63628,68851.29,2273744,0
"2021-03-04",59484,1557890,22100,797203,1088,1323,82672,68694.71,2356416,0
"2021-03-05",60517,1618407,23636,820839,3111,4434,87264,67789.86,2443680,0
"2021-03-06",46898,1665305,18381,839220,5433,9867,70712,67423.71,2514392,0
"2021-03-07",35959,1701264,14516,853736,6246,16113,56721,67234.29,2571113,0
"2021-03-08",39348,1740612,14286,868022,8553,24666,62187,68823,2633300,0
"2021-03-09",38810,1779422,11995,880017,7770,32436,58575,68822.71,2691875,0
"2021-03-10",51370,1830792,14240,894257,5049,37485,70659,69827.14,2762534,0
"2021-03-11",59856,1890648,20665,914922,4566,42051,85087,70172.14,2847621,0
"2021-03-12",51949,1942597,29273,944195,4134,46185,85356,69899.57,2932977,0
"2021-03-13",40496,1983093,26328,970523,5100,51285,71924,70072.71,3004901,0
"2021-03-14",30666,2013759,15462,985985,4554,55839,50682,69210,3055583,0
"2021-03-15",33335,2047094,16231,1002216,4792,60631,54358,68091.57,3109941,0
"2021-03-16",38428,2085522,19356,1021572,4913,65544,62697,68680.43,3172638,0
"2021-03-17",42362,2127884,23626,1045198,4242,69786,70230,68619.14,3242868,0
"2021-03-18",50372,2178256,25643,1070841,5277,75063,81292,68077,3324160,0
"2021-03-19",47613,2225869,28719,1099560,5615,80678,81947,67590,3406107,0
"2021-03-20",38529,2264398,24875,1124435,4683,85361,68087,67041.86,3474194,0
"2021-03-21",29240,2293638,18488,1142923,770,86131,48498,66729.86,3522692,0
"2021-03-22",33726,2327364,25541,1168464,4019,90150,63286,68005.29,3585978,0
"2021-03-23",38215,2365579,31429,1199893,4201,94351,73845,69597.86,3659823,0
"2021-03-24",41345,2406924,36223,1236116,4803,99154,82371,71332.29,3742194,0
"2021-03-25",43249,2450173,48980,1285096,5020,104174,97249,73611.86,3839443,0
"2021-03-26",38350,2488523,53462,1338558,4248,108422,96060,75628,3935503,0
"2021-03-27",35650,2524173,43908,1382466,2920,111342,82478,77683.86,4017981,0
"2021-03-28",26391,2550564,32901,1415367,1470,112812,60762,79435.86,4078743,0
"2021-03-29",34675,2585239,37034,1452401,3232,116044,74941,81100.86,4153684,0
"2021-03-30",40289,2625528,40452,1492853,3683,119727,84424,82612.14,4238108,0
"2021-03-31",49253,2674781,43279,1536132,7423,127150,99955,85124.14,4338063,0
"2021-04-01",50532,2725313,52811,1588943,11140,138290,114483,87586.14,4452546,0
"2021-04-02",43547,2768860,52820,1641763,11850,150140,108217,89322.86,4560763,0
"2021-04-03",39109,2807969,38324,1680087,9772,159912,87205,89998.14,4647968,0
"2021-04-04",26503,2834472,23801,1703888,3854,163766,54158,89054.71,4702126,0
"2021-04-05",41717,2876189,33678,1737566,11084,174850,86479,90703,4788605,0
"2021-04-06",52954,2929143,34367,1771933,12991,187841,100312,92972.71,4888917,0
"2021-04-07",55369,2984512,39666,1811599,14214,202055,109249,94300.43,4998166,0
"2021-04-08",59022,3043534,45484,1857083,16125,218180,120631,95178.71,5118797,0
"2021-04-09",56418,3099952,43662,1900745,17235,235415,117315,96478.43,5236112,0
"2021-04-10",49206,3149158,35355,1936100,12557,247972,97118,97894.57,5333230,0
"2021-04-11",38130,3187288,28680,1964780,7512,255484,74322,100775.14,5407552,0
"2021-04-12",46495,3233783,31470,1996250,13351,268835,91316,101466.14,5498868,0
"2021-04-13",52346,3286129,33352,2029602,358,269193,86056,99429.57,5584924,0
"2021-04-14",50004,3336133,39479,2069081,9,269202,89492,96607.14,5674416,0
"2021-04-15",51984,3388117,43149,2112230,9,269211,95142,92965.86,5769558,0
"2021-04-16",51024,3439141,41815,2154045,24,269235,92863,89472.71,5862421,0
"2021-04-17",43842,3482983,35304,2189349,4,269239,79150,86905.86,5941571,0
"2021-04-18",28630,3511613,29241,2218590,4,269243,57875,84556.29,5999446,0
"2021-04-19",37354,3548967,36054,2254644,14,269257,73422,82000,6072868,0
"2021-04-20",40715,3589682,39245,2293889,16,269273,79976,81131.43,6152844,0
"2021-04-21",38929,3628611,45467,2339356,11,269284,84407,80405,6237251,0
"2021-04-22",38509,3667120,48424,2387780,5,269289,86938,79233,6324189,0
"2021-04-23",39630,3706750,43856,2431636,5,269294,83491,77894.14,6407680,0
"2021-04-24",31844,3738594,41214,2472850,46,269340,73104,77030.43,6480784,0
"2021-04-25",18405,3756999,31132,2503982,84,269424,49621,75851.29,6530405,0
"2021-04-26",26861,3783860,40362,2544344,1009,270433,68232,75109.86,6598637,0
"2021-04-27",28613,3812473,46640,2590984,1686,272119,76939,74676,6675576,0
"2021-04-28",27128,3839601,56378,2647362,2133,274252,85639,74852,6761215,0
"2021-04-29",28732,3868333,56677,2704039,2099,276351,87508,74933.43,6848723,0
"2021-04-30",30163,3898496,51428,2755467,2000,278351,83591,74947.71,6932314,0
"2021-05-01",22513,3921009,44192,2799659,1141,279492,67846,74196.57,7000160,0
"2021-05-02",11949,3932958,36515,2836174,1077,280569,49541,74185.14,7049701,0
"2021-05-03",18003,3950961,52663,2888837,2366,282935,73032,74870.86,7122733,0
"2021-05-04",22729,3973690,56236,2945073,2307,285242,81272,75489.86,7204005,0
"2021-05-05",21520,3995210,48429,2993502,2297,287539,72246,73576.57,7276251,0
"2021-05-06",20644,4015854,49743,3043245,2474,290013,72861,71484.14,7349112,0
"2021-05-07",21267,4037121,51716,3094961,2779,292792,75762,70365.71,7424874,0
"2021-05-08",16648,4053769,41607,3136568,1833,294625,60088,69257.43,7484962,0
"2021-05-09",7991,4061760,29348,3165916,1253,295878,38592,67693.29,7523554,0
"2021-05-10",14347,4076107,38229,3204145,2327,298205,54903,65103.43,7578457,0
"2021-05-11",19943,4096050,42703,3246848,2482,300687,65128,62797.14,7643585,0
"2021-05-12",17745,4113795,40131,3286979,3562,304249,61438,61253.14,7705023,0
"2021-05-13",24911,4138706,40101,3327080,3212,307461,68224,60590.71,7773247,0
"2021-05-14",26959,4165665,42533,3369613,3511,310972,73003,60196.57,7846250,0
"2021-05-15",23656,4189321,34601,3404214,3348,314320,61605,60413.29,7907855,0
"2021-05-16",15551,4204872,19308,3423522,2497,316817,37356,60236.71,7945211,0
"2021-05-17",22594,4227466,28832,3452354,3221,320038,54647,60200.14,7999858,0
"2021-05-18",24584,4252050,31571,3483925,3380,323418,59535,59401.14,8059393,0
"2021-05-19",24191,4276241,29373,3513298,3019,326437,56583,58707.57,8115976,0
"2021-05-20",24122,4300363,29694,3542992,3120,329557,56936,57095,8172912,0
"2021-05-21",24662,4325025,31587,3574579,3040,332597,59289,55135.86,8232201,0
"2021-05-22",19979,4345004,24114,3598693,2522,335119,46615,52994.43,8278816,0
"2021-05-23",11244,4356248,13666,3612359,1405,336524,26315,51417.14,8305131,0
"2021-05-24",18846,4375094,22897,3635256,2726,339250,44469,49963.14,8349600,0
"2021-05-25",19421,4394515,23140,3658396,2581,341831,45142,47907,8394742,0
"2021-05-26",18624,4413139,20803,3679199,2674,344505,42101,45838.14,8436843,0
"2021-05-27",18373,4431512,20944,3700143,2520,347025,41837,43681.14,8478680,0
"2021-05-28",17809,4449321,22636,3722779,2712,349737,43157,41376.57,8521837,0
"2021-05-29",12690,4462011,17605,3740384,1751,351488,32046,39295.29,8553883,0
"2021-05-30",7038,4469049,8908,3749292,1072,352560,17018,37967.14,8570901,0
"2021-05-31",4764,4473813,6859,3756151,1009,353569,12632,33419,8583533,0
"2021-06-01",16011,4489824,24922,3781073,2149,355718,43082,33124.71,8626615,0
"2021-06-02",15328,4505152,20119,3801192,2077,357795,37524,32470.86,8664139,0
"2021-06-03",14982,4520134,23474,3824666,2266,360061,40722,32311.57,8704861,0
"2021-06-04",14671,4534805,25629,3850295,2461,362522,42761,32255,8747622,0
"2021-06-05",10972,4545777,21844,3872139,1801,364323,34617,32622.29,8782239,0
"2021-06-06",6481,4552258,14348,3886487,1218,365541,22047,33340.71,8804286,0
"2021-06-07",11701,4563959,21521,3908008,2355,367896,35577,36618.57,8839863,0
"2021-06-08",12639,4576598,23774,3931782,2050,369946,38463,35958.71,8878326,0
"2021-06-09",11075,4587673,22694,3954476,2253,372199,36022,35744.14,8914348,0
"2021-06-10",12064,4599737,21910,3976386,2431,374630,36405,35127.43,8950753,0
"2021-06-11",12679,4612416,24823,4001209,2436,377066,39938,34724.14,8990691,0
"2021-06-12",10168,4622584,19112,4020321,1877,378943,31157,34229.86,9021848,0
"2021-06-13",4265,4626849,10888,4031209,1217,380160,16370,33418.86,9038218,0
"2021-06-14",10171,4637020,18994,4050203,2036,382196,31201,32793.71,9069419,0
"2021-06-15",11860,4648880,20801,4071004,1926,384122,34587,32240,9104006,0
"2021-06-16",11568,4660448,19167,4090171,1928,386050,32663,31760.14,9136669,0
"2021-06-17",10985,4671433,18453,4108624,1946,387996,31384,31042.86,9168053,0
"2021-06-18",12148,4683581,18169,4126793,2097,390093,32414,29968,9200467,0
"2021-06-19",8507,4692088,13307,4140100,1450,391543,23264,28840.43,9223731,0
"2021-06-20",4375,4696463,7117,4147217,919,392462,12411,28274.86,9236142,0
"2021-06-21",10141,4706604,9842,4157059,1772,394234,21755,26925.43,9257897,0
"2021-06-22",9832,4716436,15490,4172549,1564,395798,26886,25825.29,9284783,0
"2021-06-23",10306,4726742,14896,4187445,1835,397633,27037,25021.57,9311820,0
"2021-06-24",9606,4736348,14446,4201891,1779,399412,25831,24228.29,9337651,0
"2021-06-25",10561,4746909,14183,4216074,1681,401093,26425,23372.71,9364076,0
"2021-06-26",7806,4754715,10289,4226363,1223,402316,19318,22809,9383394,0
"2021-06-27",5044,4759759,5948,4232311,784,403100,11776,22718.29,9395170,0
"2021-06-28",9028,4768787,10163,4242474,1501,404601,20692,22566.43,9415862,0
"2021-06-29",9762,4778549,12116,4254590,1324,405925,23202,22040.14,9439064,0
"2021-06-30",9374,4787923,10699,4265289,1442,407367,21515,21251.29,9460579,0
"2021-07-01",9267,4797190,10669,4275958,1386,408753,21322,20607.14,9481901,0
"2021-07-02",9611,4806801,11171,4287129,1498,410251,22280,20015,9504181,0
"2021-07-03",7033,4813834,8237,4295366,1181,411432,16451,19605.43,9520632,0
"2021-07-04",1285,4815119,1319,4296685,562,411994,3166,18375.43,9523798,0
"2021-07-05",6486,4821605,7021,4303706,1188,413182,14695,17518.71,9538493,0
"2021-07-06",9486,4831091,12563,4316269,1276,414458,23325,17536.29,9561818,0
"2021-07-07",8605,4839696,10778,4327047,1371,415829,20754,17427.57,9582572,0
"2021-07-08",8144,4847840,9948,4336995,1221,417050,19313,17140.57,9601885,0
"2021-07-09",8287,4856127,10564,4347559,1233,418283,20084,16826.86,9621969,0
"2021-07-10",7081,4863208,8479,4356038,1115,419398,16675,16858.86,9638644,0
"2021-07-11",4118,4867326,4506,4360544,697,420095,9321,17738.14,9647965,0
"2021-07-12",8392,4875718,9365,4369909,1218,421313,18975,18349.57,9666940,0
"2021-07-13",9384,4885102,9209,4379118,932,422245,19525,17806.71,9686465,0
"2021-07-14",8881,4893983,9366,4388484,996,423241,19243,17590.86,9705708,0
"2021-07-15",8659,4902642,8895,4397379,1039,424280,18593,17488,9724301,0
"2021-07-16",9177,4911819,9598,4406977,959,425239,19734,17438,9744035,0
"2021-07-17",6804,4918623,7262,4414239,784,426023,14850,17177.29,9758885,0
"2021-07-18",4241,4922864,4257,4418496,566,426589,9064,17140.57,9767949,0
"2021-07-19",9012,4931876,8322,4426818,988,427577,18322,17047.29,9786271,0
"2021-07-20",10495,4942371,8618,4435436,971,428548,20084,17127.14,9806355,0
"2021-07-21",9942,4952313,8531,4443967,898,429446,19371,17145.43,9825726,0
"2021-07-22",10549,4962862,8310,4452277,1032,430478,19891,17330.86,9845617,0
"2021-07-23",11070,4973932,8654,4460931,1087,431565,20811,17484.71,9866428,0
"2021-07-24",7351,4981283,6611,4467542,665,432230,14627,17452.86,9881055,0
"2021-07-25",5480,4986763,2078,4469620,503,432733,8061,17309.57,9889116,0
"2021-07-26",10792,4997555,6861,4476481,839,433572,18492,17333.86,9907608,0
"2021-07-27",11994,5009549,8444,4484925,838,434410,21276,17504.14,9928884,0
"2021-07-28",11772,5021321,7810,4492735,923,435333,20505,17666.14,9949389,0
"2021-07-29",10735,5032056,7207,4499942,933,436266,18875,17521,9968264,0
"2021-07-30",14570,5046626,7677,4507619,1093,437359,23340,17882.29,9991604,0
"2021-07-31",9457,5056083,5968,4513587,750,438109,16175,18103.43,10007779,0
"2021-08-01",6324,5062407,3194,4516781,486,438595,10004,18381,10017783,0
"2021-08-02",12965,5075372,6836,4523617,722,439317,20523,18671.14,10038306,0
"2021-08-03",14780,5090152,8028,4531645,877,440194,23685,19015.29,10061991,120000
"2021-08-04",16302,5106454,7609,4539254,1297,441491,25208,19687.14,10087199,120000
"2021-08-05",17084,5123538,7374,4546628,1200,442691,25658,20656.14,10112857,120000
"2021-08-06",17361,5140899,7738,4554366,1098,443789,26197,21064.29,10139054,120000
"2021-08-07",12675,5153574,5570,4559936,680,444469,18925,21457.14,10157979,120000
"2021-08-08",8423,5161997,3344,4563280,358,444827,12125,21760.14,10170104,120000
"2021-08-09",7206,5169203,2990,4566270,384,445211,10580,20339.71,10180684,120000
