"DATE","ADMIN_DOSE1_DAILY","ADMIN_DOSE1_CUMULATIVE","ADMIN_DOSE2_DAILY","ADMIN_DOSE2_CUMULATIVE","ADMIN_SINGLE_DAILY","ADMIN_SINGLE_CUMULATIVE","ADMIN_ADDITIONAL_DAILY","ADMIN_ADDITIONAL_CUMULATIVE","ADMIN_ALLDOSES_DAILY","ADMIN_ALLDOSES_7DAYAVG","ADMIN_ALLDOSES_CUMULATIVE","INCOMPLETE"
"2020-12-14",79,79,0,0,0,0,0,0,79,,79,0
"2020-12-15",2053,2132,4,4,4,4,0,0,2061,,2140,0
"2020-12-16",4598,6730,13,17,1,5,1,1,4613,,6753,0
"2020-12-17",4652,11382,18,35,0,5,1,2,4671,,11424,0
"2020-12-18",5809,17191,21,56,2,7,2,4,5834,,17258,0
"2020-12-19",1687,18878,6,62,3,10,0,4,1696,,18954,0
"2020-12-20",1112,19990,2,64,1,11,0,4,1115,2867,20069,0
"2020-12-21",6272,26262,15,79,1,12,5,9,6293,3754.71,26362,0
"2020-12-22",9781,36043,23,102,2,14,1,10,9807,4861.29,36169,0
"2020-12-23",14250,50293,41,143,3,17,1,11,14295,6244.43,50464,0
"2020-12-24",7205,57498,28,171,1,18,0,11,7234,6610.57,57698,0
"2020-12-25",180,57678,0,171,0,18,1,12,181,5803,57879,0
"2020-12-26",4365,62043,40,211,0,18,1,13,4406,6190.14,62285,0
"2020-12-27",3856,65899,10,221,0,18,0,13,3866,6583.14,66151,0
"2020-12-28",10970,76869,41,262,1,19,3,16,11015,7257.71,77166,0
"2020-12-29",10715,87584,30,292,2,21,1,17,10748,7392.14,87914,0
"2020-12-30",12835,100419,39,331,0,21,0,17,12874,7189.14,100788,0
"2020-12-31",7240,107659,30,361,1,22,0,17,7271,7194.43,108059,0
"2021-01-01",184,107843,2,363,1,23,3,20,190,7195.71,108249,0
"2021-01-02",3814,111657,10,373,2,25,1,21,3827,7113,112076,0
"2021-01-03",3528,115185,22,395,1,26,1,22,3552,7068.14,115628,0
"2021-01-04",12225,127410,806,1201,1,27,6,28,13038,7357.14,128666,0
"2021-01-05",14047,141457,2186,3387,0,27,8,36,16241,8141.86,144907,0
"2021-01-06",17737,159194,3910,7297,0,27,31,67,21678,9399.57,166585,0
"2021-01-07",16431,175625,5165,12462,3,30,42,109,21641,11452.43,188226,0
"2021-01-08",16487,192112,5419,17881,0,30,34,143,21940,14559.57,210166,0
"2021-01-09",7655,199767,1455,19336,1,31,8,151,9119,15315.57,219285,0
"2021-01-10",7895,207662,970,20306,0,31,9,160,8874,16075.86,228159,0
"2021-01-11",25615,233277,7362,27668,1,32,45,205,33023,18930.86,261182,0
"2021-01-12",27969,261246,7831,35499,1,33,40,245,35841,21730.86,297023,0
"2021-01-13",31450,292696,9341,44840,1,34,49,294,40841,24468.43,337864,0
"2021-01-14",35554,328250,5306,50146,1,35,26,320,40887,27217.86,378751,0
"2021-01-15",29025,357275,3688,53834,2,37,23,343,32738,28760.43,411489,0
"2021-01-16",30199,387474,2361,56195,0,37,19,362,32579,32111.86,444068,0
"2021-01-17",23802,411276,1604,57799,0,37,14,376,25420,34475.57,469488,0
"2021-01-18",26921,438197,2377,60176,0,37,32,408,29330,33948,498818,0
"2021-01-19",33924,472121,9570,69746,1,38,61,469,43556,35050.14,542374,0
"2021-01-20",34432,506553,9466,79212,1,39,54,523,43953,35494.71,586327,0
"2021-01-21",25166,531719,8058,87270,0,39,47,570,33271,34406.71,619598,0
"2021-01-22",24260,555979,4363,91633,1,40,26,596,28650,33822.71,648248,0
"2021-01-23",15313,571292,3191,94824,0,40,11,607,18515,31813.57,666763,0
"2021-01-24",6967,578259,3434,98258,0,40,12,619,10413,29669.71,677176,0
"2021-01-25",13017,591276,11760,110018,0,40,60,679,24837,29027.86,702013,0
"2021-01-26",16315,607591,10661,120679,0,40,61,740,27037,26668,729050,0
"2021-01-27",20340,627931,12268,132947,0,40,44,784,32652,25053.57,761702,0
"2021-01-28",30362,658293,12738,145685,0,40,68,852,43168,26467.43,804870,0
"2021-01-29",31353,689646,11383,157068,0,40,67,919,42803,28489.29,847673,0
"2021-01-30",18466,708112,3705,160773,0,40,18,937,22189,29014.14,869862,0
"2021-01-31",12932,721044,2885,163658,0,40,23,960,15840,29789.43,885702,0
"2021-02-01",1138,722182,5311,168969,3,43,26,986,6478,27166.71,892180,0
"2021-02-02",2768,724950,9309,178278,2,45,43,1029,12122,25036,904302,0
"2021-02-03",16162,741112,20895,199173,3,48,179,1208,37239,25691.29,941541,0
"2021-02-04",26756,767868,19307,218480,2,50,179,1387,46244,26130.71,987785,0
"2021-02-05",27312,795180,19688,238168,0,50,164,1551,47164,26753.71,1034949,0
"2021-02-06",22773,817953,11119,249287,0,50,99,1650,33991,28439.71,1068940,0
"2021-02-07",12012,829965,8195,257482,0,50,72,1722,20279,29073.86,1089219,0
"2021-02-08",16712,846677,23242,280724,2,52,204,1926,40160,33885.57,1129379,0
"2021-02-09",16922,863599,27798,308522,2,54,294,2220,45016,38584.71,1174395,0
"2021-02-10",19356,882955,28934,337456,2,56,235,2455,48527,40197.29,1222922,0
"2021-02-11",27633,910588,33061,370517,2,58,290,2745,60986,42303.29,1283908,0
"2021-02-12",38221,948809,30326,400843,3,61,315,3060,68865,45403.43,1352773,0
"2021-02-13",27710,976519,24928,425771,2,63,278,3338,52918,48107.29,1405691,0
"2021-02-14",16130,992649,23529,449300,0,63,228,3566,39887,50908.43,1445578,0
"2021-02-15",12602,1005251,10369,459669,1,64,146,3712,23118,48473.86,1468696,0
"2021-02-16",14060,1019311,26269,485938,0,64,285,3997,40614,47845,1509310,0
"2021-02-17",16103,1035414,21755,507693,1,65,257,4254,38116,46357.71,1547426,0
"2021-02-18",11954,1047368,24678,532371,20,85,255,4509,36907,42917.86,1584333,0
"2021-02-19",13021,1060389,23658,556029,39,124,260,4769,36978,38362.57,1621311,0
"2021-02-20",11171,1071560,25879,581908,6,130,297,5066,37353,36139,1658664,0
"2021-02-21",6307,1077867,17331,599239,15,145,253,5319,23906,33856,1682570,0
"2021-02-22",12713,1090580,11654,610893,2,147,114,5433,24483,34051,1707053,0
"2021-02-23",24952,1115532,13995,624888,1,148,144,5577,39092,33833.57,1746145,0
"2021-02-24",36045,1151577,20106,644994,0,148,192,5769,56343,36437.43,1802488,0
"2021-02-25",54324,1205901,29995,674989,6,154,352,6121,84677,43261.71,1887165,0
"2021-02-26",62649,1268550,31442,706431,4,158,352,6473,94447,51471.57,1981612,0
"2021-02-27",51194,1319744,22389,728820,47,205,302,6775,73932,56697.14,2055544,0
"2021-02-28",44616,1364360,13678,742498,4,209,183,6958,58481,61636.43,2114025,0
"2021-03-01",39102,1403462,12370,754868,9,218,153,7111,51634,65515.14,2165659,0
"2021-03-02",46851,1450313,12079,766947,7,225,144,7255,59081,68370.71,2224740,0
"2021-03-03",48271,1498584,15720,782667,16,241,134,7389,64141,69484.71,2288881,0
"2021-03-04",59581,1558165,22409,805076,1091,1332,251,7640,83332,69292.57,2372213,0
"2021-03-05",60747,1618912,23992,829068,3111,4443,297,7937,88147,68392.57,2460360,0
"2021-03-06",47040,1665952,18653,847721,5444,9887,212,8149,71349,68023.57,2531709,0
"2021-03-07",36026,1701978,14731,862452,6246,16133,219,8368,57222,67843.71,2588931,0
"2021-03-08",39442,1741420,14432,876884,8566,24699,293,8661,62733,69429.29,2651664,0
"2021-03-09",38859,1780279,12455,889339,7770,32469,159,8820,59243,69452.43,2710907,0
"2021-03-10",51482,1831761,14860,904199,5053,37522,195,9015,71590,70516.57,2782497,0
"2021-03-11",59758,1891519,21398,925597,4600,42122,224,9239,85980,70894.86,2868477,0
"2021-03-12",51931,1943450,29886,955483,4161,46283,339,9578,86317,70633.43,2954794,0
"2021-03-13",40506,1983956,26438,981921,5112,51395,289,9867,72345,70775.71,3027139,0
"2021-03-14",30693,2014649,15838,997759,4539,55934,217,10084,51287,69927.86,3078426,0
"2021-03-15",33366,2048015,16761,1014520,4736,60670,206,10290,55069,68833,3133495,0
"2021-03-16",38468,2086483,19923,1034443,4911,65581,226,10516,63528,69445.14,3197023,0
"2021-03-17",42440,2128923,24209,1058652,4243,69824,297,10813,71189,69387.86,3268212,0
"2021-03-18",50327,2179250,26264,1084916,5247,75071,325,11138,82163,68842.57,3350375,0
"2021-03-19",47622,2226872,29460,1114376,5613,80684,353,11491,83048,68375.57,3433423,0
"2021-03-20",38629,2265501,25553,1139929,4692,85376,265,11756,69139,67917.57,3502562,0
"2021-03-21",29280,2294781,19179,1159108,771,86147,188,11944,49418,67650.57,3551980,0
"2021-03-22",33739,2328520,26262,1185370,4025,90172,244,12188,64270,68965,3616250,0
"2021-03-23",38278,2366798,32360,1217730,4211,94383,254,12442,75103,70618.57,3691353,0
"2021-03-24",41383,2408181,37046,1254776,4839,99222,295,12737,83563,72386.29,3774916,0
"2021-03-25",43313,2451494,50196,1304972,5048,104270,405,13142,98962,74786.14,3873878,0
"2021-03-26",38361,2489855,54905,1359877,4303,108573,481,13623,98050,76929.29,3971928,0
"2021-03-27",35689,2525544,45263,1405140,2918,111491,358,13981,84228,79084.86,4056156,0
"2021-03-28",26397,2551941,34066,1439206,1480,112971,309,14290,62252,80918.29,4118408,0
"2021-03-29",34718,2586659,38238,1477444,3253,116224,310,14600,76519,82668.14,4194927,0
"2021-03-30",40442,2627101,41390,1518834,3714,119938,300,14900,85846,84202.86,4280773,0
"2021-03-31",49301,2676402,44241,1563075,7431,127369,348,15248,101321,86739.71,4382094,0
"2021-04-01",50633,2727035,53475,1616550,11274,138643,445,15693,115827,89149,4497921,0
"2021-04-02",43611,2770646,53444,1669994,11965,150608,488,16181,109508,90785.86,4607429,0
"2021-04-03",39212,2809858,38877,1708871,9854,160462,307,16488,88250,91360.43,4695679,0
"2021-04-04",26530,2836388,24451,1733322,3900,164362,208,16696,55089,90337.14,4750768,0
"2021-04-05",41750,2878138,33986,1767308,11154,175516,342,17038,87232,91867.57,4838000,0
"2021-04-06",53135,2931273,35127,1802435,13148,188664,389,17427,101799,94146.57,4939799,0
"2021-04-07",55406,2986679,40291,1842726,14363,203027,359,17786,110419,95446.29,5050218,0
"2021-04-08",59161,3045840,46118,1888844,16304,219331,463,18249,122046,96334.71,5172264,0
"2021-04-09",56483,3102323,44467,1933311,17494,236825,470,18719,118914,97678.43,5291178,0
"2021-04-10",49308,3151631,35478,1968789,12732,249557,340,19059,97858,99051,5389036,0
"2021-04-11",38148,3189779,28771,1997560,7681,257238,263,19322,74863,101875.86,5463899,0
"2021-04-12",46539,3236318,31614,2029174,13465,270703,424,19746,92042,102563,5555941,0
"2021-04-13",52435,3288753,33532,2062706,367,271070,365,20111,86699,100405.86,5642640,0
"2021-04-14",50104,3338857,39762,2102468,20,271090,332,20443,90218,97520,5732858,0
"2021-04-15",52045,3390902,43532,2146000,14,271104,414,20857,96005,93799.86,5828863,0
"2021-04-16",51100,3442002,42046,2188046,30,271134,383,21240,93559,90177.71,5922422,0
"2021-04-17",43825,3485827,35561,2223607,3,271137,329,21569,79718,87586.29,6002140,0
"2021-04-18",28609,3514436,29333,2252940,7,271144,220,21789,58169,85201.43,6060309,0
"2021-04-19",37383,3551819,36272,2289212,21,271165,284,22073,73960,82618.29,6134269,0
"2021-04-20",40738,3592557,39507,2328719,19,271184,259,22332,80523,81736,6214792,0
"2021-04-21",38876,3631433,45776,2374495,15,271199,450,22782,85117,81007.29,6299909,0
"2021-04-22",38443,3669876,48781,2423276,9,271208,292,23074,87525,79795.86,6387434,0
"2021-04-23",39624,3709500,44153,2467429,5,271213,324,23398,84106,78445.43,6471540,0
"2021-04-24",31944,3741444,41488,2508917,44,271257,246,23644,73722,77588.86,6545262,0
"2021-04-25",18414,3759858,31207,2540124,86,271343,169,23813,49876,76404.14,6595138,0
"2021-04-26",26902,3786760,40553,2580677,1016,272359,249,24062,68720,75655.57,6663858,0
"2021-04-27",28543,3815303,46972,2627649,1691,274050,317,24379,77523,75227,6741381,0
"2021-04-28",27053,3842356,56610,2684259,2140,276190,397,24776,86200,75381.71,6827581,0
"2021-04-29",28626,3870982,56982,2741241,2139,278329,327,25103,88074,75460.14,6915655,0
"2021-04-30",30104,3901086,51751,2792992,2047,280376,266,25369,84168,75469,6999823,0
"2021-05-01",22467,3923553,44428,2837420,1174,281550,213,25582,68282,74691.86,7068105,0
"2021-05-02",11929,3935482,36600,2874020,1080,282630,124,25706,49733,74671.43,7117838,0
"2021-05-03",17996,3953478,52839,2926859,2379,285009,233,25939,73447,75346.71,7191285,0
"2021-05-04",22720,3976198,56488,2983347,2321,287330,227,26166,81756,75951.43,7273041,0
"2021-05-05",21465,3997663,48644,3031991,2304,289634,286,26452,72699,74022.71,7345740,0
"2021-05-06",20693,4018356,49980,3081971,2506,292140,252,26704,73431,71930.86,7419171,0
"2021-05-07",21250,4039606,51931,3133902,2797,294937,266,26970,76244,70798.86,7495415,0
"2021-05-08",16629,4056235,41767,3175669,1833,296770,206,27176,60435,69677.86,7555850,0
"2021-05-09",7981,4064216,29389,3205058,1259,298029,130,27306,38759,68110.14,7594609,0
"2021-05-10",14372,4078588,38398,3243456,2352,300381,206,27512,55328,65521.71,7649937,0
"2021-05-11",19914,4098502,42904,3286360,2507,302888,257,27769,65582,63211.14,7715519,0
"2021-05-12",17799,4116301,40399,3326759,3587,306475,205,27974,61990,61681.29,7777509,0
"2021-05-13",24933,4141234,40282,3367041,3222,309697,243,28217,68680,61002.57,7846189,0
"2021-05-14",26977,4168211,42783,3409824,3527,313224,259,28476,73546,60617.14,7919735,0
"2021-05-15",23638,4191849,34852,3444676,3363,316587,215,28691,62068,60850.43,7981803,0
"2021-05-16",15546,4207395,19394,3464070,2500,319087,108,28799,37548,60677.43,8019351,0
"2021-05-17",22624,4230019,29010,3493080,3243,322330,160,28959,55037,60635.86,8074388,0
"2021-05-18",24597,4254616,31804,3524884,3391,325721,214,29173,60006,59839.29,8134394,0
"2021-05-19",24179,4278795,29644,3554528,3029,328750,202,29375,57054,59134.14,8191448,0
"2021-05-20",24157,4302952,29977,3584505,3145,331895,242,29617,57521,57540,8248969,0
"2021-05-21",24665,4327617,31855,3616360,3055,334950,231,29848,59806,55577.14,8308775,0
"2021-05-22",20017,4347634,24304,3640664,2525,337475,150,29998,46996,53424,8355771,0
"2021-05-23",11230,4358864,13700,3654364,1412,338887,91,30089,26433,51836.14,8382204,0
"2021-05-24",18852,4377716,23064,3677428,2751,341638,195,30284,44862,50382.57,8427066,0
"2021-05-25",19426,4397142,23299,3700727,2591,344229,168,30452,45484,48308,8472550,0
"2021-05-26",18769,4415911,21006,3721733,2686,346915,194,30646,42655,46251,8515205,0
"2021-05-27",18471,4434382,21147,3742880,2524,349439,177,30823,42319,44079.29,8557524,0
"2021-05-28",17868,4452250,22800,3765680,2746,352185,160,30983,43574,41760.43,8601098,0
"2021-05-29",12702,4464952,17777,3783457,1755,353940,94,31077,32328,39665,8633426,0
"2021-05-30",7037,4471989,8939,3792396,1072,355012,38,31115,17086,38329.71,8650512,0
"2021-05-31",4753,4476742,6889,3799285,1011,356023,57,31172,12710,33736.57,8663222,0
"2021-06-01",16049,4492791,25091,3824376,2167,358190,137,31309,43444,33445.14,8706666,0
"2021-06-02",15339,4508130,20309,3844685,2093,360283,131,31440,37872,32761.86,8744538,0
"2021-06-03",15007,4523137,23731,3868416,2281,362564,110,31550,41129,32591.86,8785667,0
"2021-06-04",14733,4537870,25864,3894280,2487,365051,149,31699,43233,32543.14,8828900,0
"2021-06-05",10988,4548858,22000,3916280,1807,366858,113,31812,34908,32911.71,8863808,0
"2021-06-06",6455,4555313,14426,3930706,1221,368079,87,31899,22189,33640.71,8885997,0
"2021-06-07",11709,4567022,21679,3952385,2369,370448,151,32050,35908,36954.71,8921905,0
"2021-06-08",12674,4579696,23919,3976304,2064,372512,120,32170,38777,36288,8960682,0
"2021-06-09",11148,4590844,22924,3999228,2291,374803,132,32302,36495,36091.29,8997177,0
"2021-06-10",12076,4602920,22122,4021350,2458,377261,155,32457,36811,35474.43,9033988,0
"2021-06-11",12716,4615636,25015,4046365,2473,379734,185,32642,40389,35068.14,9074377,0
"2021-06-12",10192,4625828,19261,4065626,1887,381621,105,32747,31445,34573.43,9105822,0
"2021-06-13",4259,4630087,10911,4076537,1220,382841,68,32815,16458,33754.71,9122280,0
"2021-06-14",10222,4640309,19152,4095689,2044,384885,174,32989,31592,33138.14,9153872,0
"2021-06-15",11900,4652209,20948,4116637,1939,386824,153,33142,34940,32590,9188812,0
"2021-06-16",11605,4663814,19349,4135986,1950,388774,167,33309,33071,32100.86,9221883,0
"2021-06-17",11043,4674857,18706,4154692,1966,390740,134,33443,31849,31392,9253732,0
"2021-06-18",12166,4687023,18417,4173109,2113,392853,121,33564,32817,30310.29,9286549,0
"2021-06-19",8517,4695540,13497,4186606,1457,394310,78,33642,23549,29182.29,9310098,0
"2021-06-20",4343,4699883,7165,4193771,923,395233,41,33683,12472,28612.86,9322570,0
"2021-06-21",10174,4710057,9970,4203741,1794,397027,90,33773,22028,27246.57,9344598,0
"2021-06-22",9851,4719908,15591,4219332,1581,398608,130,33903,27153,26134.14,9371751,0
"2021-06-23",10335,4730243,15114,4234446,1858,400466,129,34032,27436,25329.14,9399187,0
"2021-06-24",9699,4739942,14652,4249098,1797,402263,130,34162,26278,24533.29,9425465,0
"2021-06-25",10601,4750543,14330,4263428,1710,403973,114,34276,26755,23667.29,9452220,0
"2021-06-26",7815,4758358,10416,4273844,1245,405218,76,34352,19552,23096.29,9471772,0
"2021-06-27",5022,4763380,5979,4279823,796,406014,44,34396,11841,23006.14,9483613,0
"2021-06-28",9049,4772429,10288,4290111,1525,407539,127,34523,20989,22857.71,9504602,0
"2021-06-29",9770,4782199,12276,4302387,1343,408882,152,34675,23541,22341.71,9528143,0
"2021-06-30",9442,4791641,10879,4313266,1478,410360,166,34841,21965,21560.14,9550108,0
"2021-07-01",9396,4801037,10876,4324142,1425,411785,137,34978,21834,20925.29,9571942,0
"2021-07-02",9694,4810731,11385,4335527,1537,413322,120,35098,22736,20351.14,9594678,0
"2021-07-03",7059,4817790,8403,4343930,1194,414516,76,35174,16732,19948.29,9611410,0
"2021-07-04",1291,4819081,1330,4345260,567,415083,8,35182,3196,18713.29,9614606,0
"2021-07-05",6502,4825583,7083,4352343,1208,416291,65,35247,14858,17837.43,9629464,0
"2021-07-06",9523,4835106,12781,4365124,1303,417594,113,35360,23720,17863,9653184,0
"2021-07-07",8664,4843770,11057,4376181,1405,418999,109,35469,21235,17758.71,9674419,0
"2021-07-08",8195,4851965,10157,4386338,1256,420255,95,35564,19703,17454.29,9694122,0
"2021-07-09",8374,4860339,10777,4397115,1274,421529,92,35656,20517,17137.29,9714639,0
"2021-07-10",7112,4867451,8613,4405728,1130,422659,60,35716,16915,17163.43,9731554,0
"2021-07-11",4108,4871559,4533,4410261,702,423361,32,35748,9375,18046.14,9740929,0
"2021-07-12",8446,4880005,9503,4419764,1242,424603,72,35820,19263,18675.43,9760192,0
"2021-07-13",9453,4889458,9354,4429118,947,425550,99,35919,19853,18123,9780045,0
"2021-07-14",8999,4898457,9493,4438611,1006,426556,95,36014,19593,17888.43,9799638,0
"2021-07-15",8774,4907231,9118,4447729,1051,427607,82,36096,19025,17791.57,9818663,0
"2021-07-16",9248,4916479,9729,4457458,973,428580,91,36187,20041,17723.57,9838704,0
"2021-07-17",6859,4923338,7363,4464821,799,429379,73,36260,15094,17463.43,9853798,0
"2021-07-18",4264,4927602,4279,4469100,569,429948,33,36293,9145,17430.57,9862943,0
"2021-07-19",9098,4936700,8433,4477533,995,430943,79,36372,18605,17336.57,9881548,0
"2021-07-20",10648,4947348,8726,4486259,991,431934,84,36456,20449,17421.71,9901997,0
"2021-07-21",10057,4957405,8720,4494979,905,432839,134,36590,19816,17453.57,9921813,0
"2021-07-22",10673,4968078,8541,4503520,1044,433883,138,36728,20396,17649.43,9942209,0
"2021-07-23",11222,4979300,8845,4512365,1107,434990,130,36858,21304,17829.86,9963513,0
"2021-07-24",7415,4986715,6724,4519089,669,435659,78,36936,14886,17800.14,9978399,0
"2021-07-25",5489,4992204,2113,4521202,510,436169,57,36993,8169,17660.71,9986568,0
"2021-07-26",10872,5003076,6962,4528164,855,437024,100,37093,18789,17687,10005357,0
"2021-07-27",12050,5015126,8547,4536711,855,437879,128,37221,21580,17848.57,10026937,0
"2021-07-28",11978,5027104,8012,4544723,938,438817,124,37345,21052,18025.14,10047989,0
"2021-07-29",10936,5038040,7394,4552117,979,439796,124,37469,19433,17887.57,10067422,0
"2021-07-30",14921,5052961,7984,4560101,1139,440935,172,37641,24216,18303.57,10091638,0
"2021-07-31",9747,5062708,6294,4566395,816,441751,111,37752,16968,18601,10108606,0
"2021-08-01",6509,5069217,3303,4569698,563,442314,77,37829,10452,18927.14,10119058,0
"2021-08-02",13440,5082657,7122,4576820,842,443156,142,37971,21546,19321,10140604,0
"2021-08-03",15404,5098061,8332,4585152,1087,444243,140,38111,24963,19804.29,10165567,0
"2021-08-04",17245,5115306,8091,4593243,1446,445689,168,38279,26950,20646.86,10192517,0
"2021-08-05",17854,5133160,7881,4601124,1361,447050,151,38430,27247,21763.14,10219764,0
"2021-08-06",18165,5151325,8361,4609485,1226,448276,154,38584,27906,22290.29,10247670,0
"2021-08-07",13382,5164707,5991,4615476,793,449069,94,38678,20260,22760.57,10267930,0
"2021-08-08",9326,5174033,3822,4619298,398,449467,75,38753,13621,23213.29,10281551,0
"2021-08-09",21314,5195347,8491,4627789,960,450427,162,38915,30927,24553.43,10312478,0
"2021-08-10",18926,5214273,9285,4637074,939,451366,164,39079,29314,25175,10341792,0
"2021-08-11",15637,5229910,8287,4645361,842,452208,115,39194,24881,24879.43,10366673,0
"2021-08-12",15045,5244955,8925,4654286,932,453140,157,39351,25059,24566.86,10391732,0
"2021-08-13",14921,5259876,9216,4663502,912,454052,230,39581,25279,24191.57,10417011,0
"2021-08-14",10438,5270314,6391,4669893,623,454675,511,40092,17963,23863.43,10434974,0
"2021-08-15",6707,5277021,4461,4674354,675,455350,561,40653,12404,23689.57,10447378,0
"2021-08-16",15731,5292752,9253,4683607,1146,456496,1292,41945,27422,23188.86,10474800,0
"2021-08-17",17781,5310533,10406,4694013,1210,457706,1727,43672,31124,23447.43,10505924,0
"2021-08-18",17488,5328021,10308,4704321,1243,458949,1946,45618,30985,24319.43,10536909,0
"2021-08-19",16338,5344359,9472,4713793,1315,460264,1900,47518,29025,24886,10565934,0
"2021-08-20",16293,5360652,11494,4725287,1252,461516,1818,49336,30857,25682.86,10596791,0
"2021-08-21",11173,5371825,8025,4733312,876,462392,1038,50374,21112,26132.71,10617903,0
"2021-08-22",4100,5375925,3898,4737210,260,462652,504,50878,8762,25612.43,10626665,0
"2021-08-23",15588,5391513,11746,4748956,1018,463670,1509,52387,29861,25960.86,10656526,0
"2021-08-24",16929,5408442,12551,4761507,1003,464673,1743,54130,32226,26118.29,10688752,0
"2021-08-25",14608,5423050,12394,4773901,1104,465777,1511,55641,29617,25922.86,10718369,0
"2021-08-26",16180,5439230,14019,4787920,1069,466846,1724,57365,32992,26489.57,10751361,0
"2021-08-27",14841,5454071,14759,4802679,965,467811,1632,58997,32197,26681,10783558,0
"2021-08-28",10730,5464801,11479,4814158,836,468647,984,59981,24029,27097.71,10807587,0
"2021-08-29",7237,5472038,7495,4821653,540,469187,754,60735,16026,28135.43,10823613,0
"2021-08-30",15556,5487594,16854,4838507,1069,470256,1756,62491,35235,28903.14,10858848,0
"2021-08-31",15550,5503144,15884,4854391,945,471201,1924,64415,34303,29199.86,10893151,0
"2021-09-01",14853,5517997,14045,4868436,1017,472218,1755,66170,31670,29493.14,10924821,0
"2021-09-02",14355,5532352,12472,4880908,897,473115,1655,67825,29379,28977,10954200,0
"2021-09-03",15026,5547378,14246,4895154,970,474085,1849,69674,32091,28961.86,10986291,0
"2021-09-04",9657,5557035,9398,4904552,687,474772,945,70619,20687,28484.43,11006978,0
"2021-09-05",6828,5563863,5503,4910055,438,475210,689,71308,13458,28117.57,11020436,0
"2021-09-06",5208,5569071,4497,4914552,358,475568,262,71570,10325,24559,11030761,0
"2021-09-07",15584,5584655,17639,4932191,909,476477,1497,73067,35629,24748.43,11066390,0
"2021-09-08",16199,5600854,14746,4946937,1070,477547,1713,74780,33728,25042.43,11100118,0
"2021-09-09",16133,5616987,14695,4961632,1045,478592,1854,76634,33727,25663.57,11133845,0
"2021-09-10",18390,5635377,15319,4976951,1204,479796,1925,78559,36838,26341.71,11170683,0
"2021-09-11",12656,5648033,10334,4987285,958,480754,998,79557,24946,26950.14,11195629,0
"2021-09-12",8556,5656589,5039,4992324,754,481508,678,80235,15027,27174.29,11210656,0
"2021-09-13",16956,5673545,12911,5005235,965,482473,1578,81813,32410,30329.29,11243066,0
"2021-09-14",16291,5689836,13625,5018860,880,483353,1551,83364,32347,29860.43,11275413,0
"2021-09-15",15601,5705437,12775,5031635,730,484083,1539,84903,30645,29420,11306058,0
"2021-09-16",15372,5720809,13853,5045488,1210,485293,1398,86301,31833,29149.43,11337891,0
"2021-09-17",14474,5735283,13875,5059363,907,486200,1781,88082,31037,28320.71,11368928,0
"2021-09-18",10035,5745318,10166,5069529,906,487106,1022,89104,22129,27918.29,11391057,0
"2021-09-19",6201,5751519,6056,5075585,555,487661,729,89833,13541,27706,11404598,0
"2021-09-20",12705,5764224,12597,5088182,1068,488729,1864,91697,28234,27109.43,11432832,0
"2021-09-21",12252,5776476,12732,5100914,1111,489840,1957,93654,28052,26495.86,11460884,0
"2021-09-22",12845,5789321,11930,5112844,1087,490927,1608,95262,27470,26042.29,11488354,0
"2021-09-23",14930,5804251,12701,5125545,1636,492563,2190,97452,31457,25988.57,11519811,0
"2021-09-24",16505,5820756,13305,5138850,1630,494193,4434,101886,35874,26679.57,11555685,0
"2021-09-25",10610,5831366,9003,5147853,1014,495207,3349,105235,23976,26943.43,11579661,0
"2021-09-26",6358,5837724,5742,5153595,762,495969,2357,107592,15219,27183.14,11594880,0
"2021-09-27",14245,5851969,8031,5161626,1152,497121,8705,116297,32133,27740.14,11627013,0
"2021-09-28",11239,5863208,11713,5173339,884,498005,9513,125810,33349,28496.86,11660362,0
"2021-09-29",11663,5874871,12140,5185479,1199,499204,8922,134732,33924,29418.86,11694286,0
"2021-09-30",12319,5887190,12543,5198022,1332,500536,9263,143995,35457,29990.29,11729743,0
"2021-10-01",12682,5899872,13357,5211379,1276,501812,9877,153872,37192,30178.57,11766935,0
"2021-10-02",7765,5907637,9954,5221333,864,502676,4135,158007,22718,29998.86,11789653,0
"2021-10-03",5101,5912738,6144,5227477,594,503270,2546,160553,14385,29879.71,11804038,0
"2021-10-04",9959,5922697,10980,5238457,911,504181,9130,169683,30980,29715,11835018,0
"2021-10-05",10231,5932928,11720,5250177,970,505151,9562,179245,32483,29591.29,11867501,0
"2021-10-06",9969,5942897,11005,5261182,936,506087,9542,188787,31452,29238.14,11898953,0
"2021-10-07",9746,5952643,12136,5273318,849,506936,9779,198566,32510,28817.14,11931463,0
"2021-10-08",9489,5962132,12090,5285408,940,507876,10528,209094,33047,28225,11964510,0
"2021-10-09",6305,5968437,8266,5293674,647,508523,4019,213113,19237,27727.71,11983747,0
"2021-10-10",3563,5972000,5006,5298680,458,508981,2376,215489,11403,27301.71,11995150,0
"2021-10-11",7685,5979685,9321,5308001,724,509705,8761,224250,26491,26660.43,12021641,0
"2021-10-12",8136,5987821,10961,5318962,887,510592,10013,234263,29997,26305.29,12051638,0
"2021-10-13",7215,5995036,10100,5329062,865,511457,8337,242600,26517,25600.29,12078155,0
"2021-10-14",7507,6002543,11058,5340120,831,512288,9640,252240,29036,25104,12107191,0
"2021-10-15",7787,6010330,11816,5351936,820,513108,10403,262643,30826,24786.71,12138017,0
"2021-10-16",4894,6015224,7447,5359383,662,513770,3732,266375,16735,24429.29,12154752,0
"2021-10-17",3088,6018312,4467,5363850,409,514179,2380,268755,10344,24278,12165096,0
"2021-10-18",7117,6025429,10615,5374465,792,514971,9065,277820,27589,24434.86,12192685,0
"2021-10-19",6697,6032126,8903,5383368,804,515775,8619,286439,25023,23724.29,12217708,0
"2021-10-20",6583,6038709,9321,5392689,967,516742,9565,296004,26436,23712.71,12244144,0
"2021-10-21",7084,6045793,9315,5402004,849,517591,10350,306354,27598,23507.29,12271742,0
"2021-10-22",8204,6053997,10295,5412299,1014,518605,15811,322165,35324,24149.86,12307066,0
"2021-10-23",5235,6059232,6447,5418746,688,519293,8963,331128,21333,24806.71,12328399,0
"2021-10-24",3309,6062541,3943,5422689,728,520021,6058,337186,14038,25334.43,12342437,0
"2021-10-25",8888,6071429,8742,5431431,1141,521162,18811,355997,37582,26762,12380019,0
"2021-10-26",8271,6079700,7696,5439127,1253,522415,16951,372948,34171,28068.86,12414190,0
"2021-10-27",10651,6090351,8368,5447495,1587,524002,20317,393265,40923,30138.43,12455113,0
"2021-10-28",11436,6101787,8010,5455505,1755,525757,20364,413629,41565,32133.71,12496678,0
"2021-10-29",11940,6113727,8213,5463718,1952,527709,22066,435695,44171,33397.57,12540849,0
"2021-10-30",4678,6118405,5057,5468775,867,528576,11019,446714,21621,33438.71,12562470,0
"2021-10-31",2716,6121121,2698,5471473,544,529120,6552,453266,12510,33220.43,12574980,0
"2021-11-01",7224,6128345,6935,5478408,1075,530195,19853,473119,35087,32864,12610067,0
"2021-11-02",6692,6135037,6559,5484967,1050,531245,20327,493446,34628,32929.29,12644695,0
"2021-11-03",6959,6141996,6640,5491607,1019,532264,20151,513597,34769,32050.14,12679464,0
"2021-11-04",9381,6151377,6259,5497866,990,533254,21830,535427,38460,31606.57,12717924,0
"2021-11-05",11113,6162490,6732,5504598,1051,534305,23279,558706,42175,31321.43,12760099,0
"2021-11-06",11154,6173644,4045,5508643,593,534898,12464,571170,28256,32269.29,12788355,0
"2021-11-07",7289,6180933,2261,5510904,577,535475,7022,578192,17149,32932,12805504,0
"2021-11-08",15161,6196094,5641,5516545,860,536335,19077,597269,40739,33739.43,12846243,0
"2021-11-09",16245,6212339,5339,5521884,659,536994,20101,617370,42344,34841.71,12888587,0
"2021-11-10",17031,6229370,5318,5527202,681,537675,22074,639444,45104,36318.14,12933691,0
"2021-11-11",12668,6242038,5204,5532406,759,538434,21719,661163,40350,36588.14,12974041,0
"2021-11-12",16987,6259025,5681,5538087,699,539133,22940,684103,46307,37178.43,13020348,0
"2021-11-13",9998,6269023,3679,5541766,463,539596,13173,697276,27313,37043.71,13047661,0
"2021-11-14",6088,6275111,2295,5544061,320,539916,7819,705095,16522,36954.14,13064183,0
"2021-11-15",13355,6288466,5970,5550031,683,540599,24548,729643,44556,37499.43,13108739,0
"2021-11-16",10259,6298725,5774,5555805,638,541237,29726,759369,46397,38078.43,13155136,0
"2021-11-17",10720,6309445,6653,5562458,687,541924,30404,789773,48464,38558.43,13203600,0
"2021-11-18",11184,6320629,6514,5568972,860,542784,32043,821816,50601,40022.86,13254201,0
"2021-11-19",12479,6333108,6517,5575489,720,543504,35338,857154,55054,41272.43,13309255,0
"2021-11-20",9600,6342708,3419,5578908,510,544014,22059,879213,35588,42454.57,13344843,0
"2021-11-21",5157,6347865,1884,5580792,286,544300,12854,892067,20181,42977.29,13365024,0
"2021-11-22",10974,6358839,5726,5586518,752,545052,34712,926779,52164,44064.14,13417188,0
"2021-11-23",10265,6369104,4755,5591273,638,545690,32492,959271,48150,44314.57,13465338,0
"2021-11-24",9052,6378156,4688,5595961,643,546333,25194,984465,39577,43045,13504915,0
"2021-11-25",464,6378620,318,5596279,77,546410,959,985424,1818,36076,13506733,0
"2021-11-26",8405,6387025,6818,5603097,525,546935,25804,1011228,41552,34147.14,13548285,0
"2021-11-27",6875,6393900,6740,5609837,375,547310,18276,1029504,32266,33672.57,13580551,0
"2021-11-28",4239,6398139,5717,5615554,283,547593,11478,1040982,21717,33892,13602268,0
"2021-11-29",9557,6407696,10885,5626439,684,548277,33808,1074790,54934,34287.71,13657202,0
"2021-11-30",10602,6418298,10900,5637339,510,548787,35648,1110438,57660,35646.29,13714862,0
"2021-12-01",11765,6430063,10827,5648166,710,549497,38893,1149331,62195,38877.43,13777057,0
"2021-12-02",12161,6442224,10940,5659106,618,550115,40555,1189886,64274,47799.71,13841331,0
"2021-12-03",13975,6456199,12703,5671809,675,550790,46079,1235965,73432,52354,13914763,0
"2021-12-04",10170,6466369,11107,5682916,567,551357,29730,1265695,51574,55112.29,13966337,0
"2021-12-05",5876,6472245,5741,5688657,266,551623,16150,1281845,28033,56014.57,13994370,0
"2021-12-06",12753,6484998,9825,5698482,592,552215,41648,1323493,64818,57426.57,14059188,0
"2021-12-07",13062,6498060,9123,5707605,618,552833,41245,1364738,64048,58339.14,14123236,0
"2021-12-08",14010,6512070,8590,5716195,530,553363,39105,1403843,62235,58344.86,14185471,0
"2021-12-09",13835,6525905,8611,5724806,545,553908,38884,1442727,61875,58002.14,14247346,0
"2021-12-10",14476,6540381,9978,5734784,650,554558,41851,1484578,66955,57076.86,14314301,0
"2021-12-11",10474,6550855,7899,5742683,395,554953,25854,1510432,44622,56083.71,14358923,0
"2021-12-12",6203,6557058,3767,5746450,271,555224,14570,1525002,24811,55623.43,14383734,0
"2021-12-13",12620,6569678,7277,5753727,630,555854,36293,1561295,56820,54480.86,14440554,0
"2021-12-14",12452,6582130,6730,5760457,713,556567,36094,1597389,55989,53329.57,14496543,0
"2021-12-15",12281,6594411,6070,5766527,695,557262,35384,1632773,54430,52214.57,14550973,0
"2021-12-16",13241,6607652,4061,5770588,704,557966,38363,1671136,56369,51428,14607342,0
"2021-12-17",15928,6623580,6623,5777211,579,558545,41519,1712655,64649,51098.57,14671991,0
"2021-12-18",12845,6636425,5447,5782658,385,558930,27434,1740089,46111,51311.29,14718102,0
"2021-12-19",7006,6643431,2888,5785546,301,559231,16214,1756303,26409,51539.57,14744511,0
"2021-12-20",16456,6659887,5496,5791042,669,559900,41646,1797949,64267,52603.43,14808778,120000
"2021-12-21",17450,6677337,6016,5797058,671,560571,42883,1840832,67020,54179.29,14875798,120000
"2021-12-22",17695,6695032,6052,5803110,792,561363,43649,1884481,68188,56144.71,14943986,120000
"2021-12-23",17885,6712917,6052,5809162,774,562137,40489,1924970,65200,57406.29,15009186,120000
"2021-12-24",8529,6721446,2682,5811844,509,562646,18197,1943167,29917,52444.57,15039103,120000
"2021-12-25",261,6721707,52,5811896,21,562667,302,1943469,636,45948.14,15039739,120000
"2021-12-26",3237,6724944,1733,5813629,149,562816,6679,1950148,11798,43860.86,15051537,120000
