"DATE","ADMIN_DOSE1_DAILY","ADMIN_DOSE1_CUMULATIVE","ADMIN_DOSE2_DAILY","ADMIN_DOSE2_CUMULATIVE","ADMIN_SINGLE_DAILY","ADMIN_SINGLE_CUMULATIVE","ADMIN_ADDITIONAL1_DAILY","ADMIN_ADDITIONAL1_CUMULATIVE","ADMIN_ADDITIONAL2_DAILY","ADMIN_ADDITIONAL2_CUMULATIVE","ADMIN_ADDITIONAL_DAILY","ADMIN_ADDITIONAL_CUMULATIVE","ADMIN_ALLDOSES_DAILY","ADMIN_ALLDOSES_7DAYAVG","ADMIN_ALLDOSES_CUMULATIVE","INCOMPLETE"
"2020-12-14",79,79,0,0,0,0,0,0,0,0,0,0,79,,79,0
"2020-12-15",2051,2130,6,6,4,4,0,0,0,0,0,0,2061,,2140,0
"2020-12-16",4607,6737,14,20,1,5,1,1,0,0,1,1,4623,,6763,0
"2020-12-17",4657,11394,18,38,0,5,1,2,0,0,1,2,4676,,11439,0
"2020-12-18",5832,17226,18,56,2,7,2,4,0,0,2,4,5854,,17293,0
"2020-12-19",1689,18915,7,63,3,10,0,4,0,0,0,4,1699,,18992,0
"2020-12-20",1116,20031,2,65,1,11,0,4,0,0,0,4,1119,2873,20111,0
"2020-12-21",6341,26372,20,85,0,11,5,9,0,0,5,9,6366,3771.14,26477,0
"2020-12-22",9795,36167,26,111,2,13,1,10,0,0,1,10,9824,4880.14,36301,0
"2020-12-23",14272,50439,36,147,3,16,1,11,0,0,1,11,14312,6264.29,50613,0
"2020-12-24",7198,57637,25,172,1,17,0,11,0,0,0,11,7224,6628.29,57837,0
"2020-12-25",180,57817,0,172,0,17,1,12,0,0,1,12,181,5817.86,58018,0
"2020-12-26",4388,62205,45,217,0,17,1,13,0,0,1,13,4434,6208.57,62452,0
"2020-12-27",3870,66075,14,231,0,17,1,14,0,0,1,14,3885,6603.71,66337,0
"2020-12-28",10993,77068,49,280,1,18,2,16,0,0,2,16,11045,7272.14,77382,0
"2020-12-29",10718,87786,35,315,2,20,2,18,0,0,2,18,10757,7405.43,88139,0
"2020-12-30",12826,100612,44,359,0,20,0,18,0,0,0,18,12870,7199.43,101009,0
"2020-12-31",7262,107874,34,393,1,21,0,18,0,0,0,18,7297,7209.86,108306,0
"2021-01-01",181,108055,2,395,1,22,3,21,0,0,3,21,187,7210.71,108493,0
"2021-01-02",3809,111864,10,405,2,24,2,23,0,0,2,23,3823,7123.43,112316,0
"2021-01-03",3541,115405,25,430,2,26,1,24,0,0,1,24,3569,7078.29,115885,0
"2021-01-04",12255,127660,807,1237,2,28,6,30,0,0,6,30,13070,7367.57,128955,0
"2021-01-05",14090,141750,2191,3428,2,30,12,42,1,1,13,43,16296,8158.86,145251,0
"2021-01-06",17801,159551,3925,7353,1,31,29,71,8,9,37,80,21764,9429.43,167015,0
"2021-01-07",16551,176102,5171,12524,4,35,45,116,3,12,48,128,21774,11497.57,188789,0
"2021-01-08",16620,192722,5455,17979,0,35,33,149,4,16,37,165,22112,14629.71,210901,0
"2021-01-09",7652,200374,1462,19441,1,36,7,156,2,18,9,174,9124,15387,220025,0
"2021-01-10",7881,208255,983,20424,0,36,10,166,0,18,10,184,8874,16144.86,228899,0
"2021-01-11",25825,234080,7455,27879,2,38,48,214,8,26,56,240,33338,19040.29,262237,0
"2021-01-12",28258,262338,7860,35739,1,39,44,258,3,29,47,287,36166,21878.86,298403,0
"2021-01-13",31721,294059,9389,45128,1,40,56,314,4,33,60,347,41171,24651.29,339574,0
"2021-01-14",35815,329874,5316,50444,1,41,31,345,7,40,38,385,41170,27422.14,380744,0
"2021-01-15",29264,359138,3704,54148,2,43,32,377,5,45,37,422,33007,28978.57,413751,0
"2021-01-16",30289,389427,2378,56526,0,43,25,402,6,51,31,453,32698,32346.29,446449,0
"2021-01-17",23748,413175,1630,58156,0,43,19,421,1,52,20,473,25398,34706.86,471847,0
"2021-01-18",27105,440280,2412,60568,1,44,33,454,7,59,40,513,29558,34166.86,501405,0
"2021-01-19",34294,474574,9629,70197,1,45,69,523,6,65,75,588,43999,35285.86,545404,0
"2021-01-20",34868,509442,9494,79691,1,46,58,581,4,69,62,650,44425,35750.71,589829,0
"2021-01-21",25591,535033,8092,87783,2,48,49,630,5,74,54,704,33739,34689.14,623568,0
"2021-01-22",24755,559788,4382,92165,1,49,32,662,7,81,39,743,29177,34142,652745,0
"2021-01-23",15743,575531,3225,95390,0,49,9,671,2,83,11,754,18979,32182.14,671724,0
"2021-01-24",7178,582709,3452,98842,0,49,20,691,1,84,21,775,10651,30075.43,682375,0
"2021-01-25",13410,596119,11821,110663,0,49,65,756,12,96,77,852,25308,29468.29,707683,0
"2021-01-26",16766,612885,10749,121412,0,49,69,825,2,98,71,923,27586,27123.57,735269,0
"2021-01-27",20836,633721,12356,133768,0,49,52,877,8,106,60,983,33252,25527.43,768521,0
"2021-01-28",30764,664485,12848,146616,0,49,80,957,16,122,96,1079,43708,26951.57,812229,0
"2021-01-29",31693,696178,11507,158123,0,49,78,1035,10,132,88,1167,43288,28967.43,855517,0
"2021-01-30",18707,714885,3743,161866,0,49,20,1055,2,134,22,1189,22472,29466.43,877989,0
"2021-01-31",13018,727903,2921,164787,1,50,30,1085,4,138,34,1223,15974,30226.86,893963,0
"2021-02-01",1179,729082,5368,170155,4,54,36,1121,4,142,40,1263,6591,27553,900554,0
"2021-02-02",2827,731909,9475,179630,2,56,47,1168,4,146,51,1314,12355,25377.14,912909,0
"2021-02-03",16349,748258,21244,200874,4,60,204,1372,19,165,223,1537,37820,26029.71,950729,0
"2021-02-04",27047,775305,19648,220522,3,63,201,1573,10,175,211,1748,46909,26487,997638,0
"2021-02-05",27593,802898,20040,240562,0,63,178,1751,15,190,193,1941,47826,27135.29,1045464,0
"2021-02-06",22992,825890,11246,251808,0,63,110,1861,12,202,122,2063,34360,28833.57,1079824,0
"2021-02-07",12041,837931,8283,260091,1,64,92,1953,13,215,105,2168,20430,29470.14,1100254,0
"2021-02-08",16958,854889,23522,283613,2,66,230,2183,34,249,264,2432,40746,34349.43,1141000,0
"2021-02-09",17190,872079,28111,311724,2,68,334,2517,42,291,376,2808,45679,39110,1186679,0
"2021-02-10",19591,891670,29310,341034,2,70,256,2773,49,340,305,3113,49208,40736.86,1235887,0
"2021-02-11",27846,919516,33475,374509,2,72,336,3109,57,397,393,3506,61716,42852.14,1297603,0
"2021-02-12",38394,957910,30797,405306,3,75,354,3463,38,435,392,3898,69586,45960.71,1367189,0
"2021-02-13",28007,985917,25312,430618,2,77,306,3769,52,487,358,4256,53679,48720.57,1420868,0
"2021-02-14",16279,1002196,23734,454352,0,77,262,4031,31,518,293,4549,40306,51560,1461174,0
"2021-02-15",12795,1014991,10529,464881,2,79,170,4201,23,541,193,4742,23519,49099,1484693,0
"2021-02-16",14241,1029232,26732,491613,0,79,321,4522,35,576,356,5098,41329,48477.57,1526022,0
"2021-02-17",16393,1045625,22197,513810,1,80,281,4803,37,613,318,5416,38909,47006.29,1564931,0
"2021-02-18",12151,1057776,24994,538804,21,101,288,5091,44,657,332,5748,37498,43546.57,1602429,0
"2021-02-19",13261,1071037,23938,562742,39,140,303,5394,44,701,347,6095,37585,38975,1640014,0
"2021-02-20",11354,1082391,26075,588817,6,146,325,5719,78,779,403,6498,37838,36712,1677852,0
"2021-02-21",6360,1088751,17420,606237,15,161,286,6005,45,824,331,6829,24126,34400.57,1701978,0
"2021-02-22",13044,1101795,11846,618083,2,163,127,6132,19,843,146,6975,25038,34617.57,1727016,0
"2021-02-23",25250,1127045,14144,632227,1,164,158,6290,34,877,192,7167,39587,34368.71,1766603,0
"2021-02-24",36359,1163404,20396,652623,0,164,226,6516,38,915,264,7431,57019,36955.86,1823622,0
"2021-02-25",54619,1218023,30394,683017,6,170,396,6912,63,978,459,7890,85478,43810.14,1909100,0
"2021-02-26",62866,1280889,31874,714891,4,174,411,7323,78,1056,489,8379,95233,52045.57,2004333,0
"2021-02-27",51300,1332189,22748,737639,47,221,334,7657,52,1108,386,8765,74481,57280.29,2078814,0
"2021-02-28",44590,1376779,13827,751466,7,228,203,7860,34,1142,237,9002,58661,62213.86,2137475,0
"2021-03-01",39321,1416100,12779,764245,10,238,165,8025,26,1168,191,9193,52301,66108.57,2189776,0
"2021-03-02",47084,1463184,12576,776821,7,245,161,8186,14,1182,175,9368,59842,69002.14,2249618,0
"2021-03-03",48605,1511789,16157,792978,17,262,147,8333,20,1202,167,9535,64946,70134.57,2314564,0
"2021-03-04",59822,1571611,22821,815799,1092,1354,272,8605,34,1236,306,9841,84041,69929.29,2398605,0
"2021-03-05",60987,1632598,24286,840085,3109,4463,333,8938,34,1270,367,10208,88749,69003,2487354,0
"2021-03-06",47175,1679773,18884,858969,5451,9914,239,9177,36,1306,275,10483,71785,68617.86,2559139,0
"2021-03-07",36041,1715814,14882,873851,6246,16160,230,9407,20,1326,250,10733,57419,68440.43,2616558,0
"2021-03-08",39630,1755444,14678,888529,8563,24723,315,9722,91,1417,406,11139,63277,70008.43,2679835,0
"2021-03-09",39106,1794550,12857,901386,7763,32486,178,9900,34,1451,212,11351,59938,70022.14,2739773,0
"2021-03-10",51834,1846384,15351,916737,5066,37552,227,10127,32,1483,259,11610,72510,71102.71,2812283,0
"2021-03-11",59992,1906376,21818,938555,4619,42171,248,10375,50,1533,298,11908,86727,71486.43,2899010,0
"2021-03-12",52204,1958580,30311,968866,4183,46354,375,10750,84,1617,459,12367,87157,71259,2986167,0
"2021-03-13",40651,1999231,26689,995555,5110,51464,323,11073,51,1668,374,12741,72824,71407.43,3058991,0
"2021-03-14",30718,2029949,15969,1011524,4524,55988,243,11316,27,1695,270,13011,51481,70559.14,3110472,0
"2021-03-15",33591,2063540,17256,1028780,4712,60700,235,11551,33,1728,268,13279,55827,69494.86,3166299,0
"2021-03-16",38674,2102214,20512,1049292,4925,65625,258,11809,35,1763,293,13572,64404,70132.86,3230703,0
"2021-03-17",42622,2144836,24795,1074087,4246,69871,340,12149,37,1800,377,13949,72040,70065.71,3302743,0
"2021-03-18",50451,2195287,26809,1100896,5237,75108,366,12515,60,1860,426,14375,82923,69522.29,3385666,0
"2021-03-19",47795,2243082,29962,1130858,5624,80732,389,12904,71,1931,460,14835,83841,69048.57,3469507,0
"2021-03-20",38712,2281794,25840,1156698,4687,85419,295,13199,60,1991,355,15190,69594,68587.14,3539101,0
"2021-03-21",29303,2311097,19354,1176052,769,86188,225,13424,45,2036,270,15460,49696,68332.14,3588797,0
"2021-03-22",33867,2344964,26743,1202795,4037,90225,261,13685,37,2073,298,15758,64945,69634.71,3653742,0
"2021-03-23",38433,2383397,32847,1235642,4219,94444,293,13978,55,2128,348,16106,75847,71269.43,3729589,0
"2021-03-24",41497,2424894,37607,1273249,4848,99292,328,14306,63,2191,391,16497,84343,73027,3813932,0
"2021-03-25",43405,2468299,50803,1324052,5055,104347,473,14779,87,2278,560,17057,99823,75441.29,3913755,0
"2021-03-26",38504,2506803,55518,1379570,4310,108657,525,15304,97,2375,622,17679,98954,77600.29,4012709,0
"2021-03-27",35737,2542540,45759,1425329,2939,111596,416,15720,82,2457,498,18177,84933,79791.57,4097642,0
"2021-03-28",26390,2568930,34459,1459788,1482,113078,334,16054,66,2523,400,18577,62731,81653.71,4160373,0
"2021-03-29",34817,2603747,38872,1498660,3246,116324,343,16397,110,2633,453,19030,77388,83431.29,4237761,0
"2021-03-30",40514,2644261,41923,1540583,3715,120039,339,16736,66,2699,405,19435,86557,84961.29,4324318,0
"2021-03-31",49399,2693660,44874,1585457,7440,127479,402,17138,87,2786,489,19924,102202,87512.57,4426520,0
"2021-04-01",50782,2744442,53954,1639411,11276,138755,499,17637,84,2870,583,20507,116595,89908.57,4543115,0
"2021-04-02",43760,2788202,53891,1693302,11972,150727,545,18182,72,2942,617,21124,110240,91520.86,4653355,0
"2021-04-03",39252,2827454,39220,1732522,9860,160587,334,18516,58,3000,392,21516,88724,92062.43,4742079,0
"2021-04-04",26559,2854013,24787,1757309,3903,164490,224,18740,49,3049,273,21789,55522,91032.57,4797601,0
"2021-04-05",41889,2895902,34488,1791797,11198,175688,370,19110,60,3109,430,22219,88005,92549.29,4885606,0
"2021-04-06",53272,2949174,35614,1827411,13221,188909,429,19539,74,3183,503,22722,102610,94842.57,4988216,0
"2021-04-07",55513,3004687,40705,1868116,14391,203300,393,19932,79,3262,472,23194,111081,96111,5099297,0
"2021-04-08",59267,3063954,46599,1914715,16343,219643,517,20449,84,3346,601,23795,122810,96998.86,5222107,0
"2021-04-09",56653,3120607,44961,1959676,17557,237200,514,20963,76,3422,590,24385,119761,98359,5341868,0
"2021-04-10",49346,3169953,35648,1995324,12728,249928,389,21352,61,3483,450,24835,98172,99708.71,5440040,0
"2021-04-11",38182,3208135,28817,2024141,7682,257610,296,21648,59,3542,355,25190,75036,102496.43,5515076,0
"2021-04-12",46638,3254773,31847,2055988,13502,271112,465,22113,64,3606,529,25719,92516,103140.86,5607592,0
"2021-04-13",52547,3307320,33792,2089780,368,271480,393,22506,63,3669,456,26175,87163,100934.14,5694755,0
"2021-04-14",50150,3357470,39958,2129738,20,271500,369,22875,71,3740,440,26615,90568,98003.71,5785323,0
"2021-04-15",52123,3409593,43683,2173421,16,271516,452,23327,104,3844,556,27171,96378,94227.71,5881701,0
"2021-04-16",51191,3460784,42214,2215635,32,271548,425,23752,68,3912,493,27664,93930,90537.57,5975631,0
"2021-04-17",43840,3504624,35694,2251329,3,271551,364,24116,83,3995,447,28111,79984,87939.29,6055615,0
"2021-04-18",28608,3533232,29372,2280701,7,271558,251,24367,62,4057,313,28424,58300,85548.43,6113915,0
"2021-04-19",37473,3570705,36449,2317150,22,271580,322,24689,66,4123,388,28812,74332,82950.71,6188247,0
"2021-04-20",40814,3611519,39626,2356776,19,271599,315,25004,79,4202,394,29206,80853,82049.29,6269100,0
"2021-04-21",38901,3650420,46019,2402795,16,271615,494,25498,97,4299,591,29797,85527,81329.14,6354627,0
"2021-04-22",38495,3688915,48964,2451759,9,271624,336,25834,74,4373,410,30207,87878,80114.86,6442505,0
"2021-04-23",39696,3728611,44384,2496143,3,271627,347,26181,72,4445,419,30626,84502,78768,6527007,0
"2021-04-24",31949,3760560,41602,2537745,44,271671,278,26459,63,4508,341,30967,73936,77904,6600943,0
"2021-04-25",18425,3778985,31226,2568971,86,271757,195,26654,57,4565,252,31219,49989,76716.71,6650932,0
"2021-04-26",26971,3805956,40738,2609709,1013,272770,284,26938,85,4650,369,31588,69091,75968,6720023,0
"2021-04-27",28579,3834535,47145,2656854,1698,274468,345,27283,91,4741,436,32024,77858,75540.14,6797881,0
"2021-04-28",27037,3861572,56848,2713702,2148,276616,425,27708,101,4842,526,32550,86559,75687.57,6884440,0
"2021-04-29",28613,3890185,57202,2770904,2149,278765,367,28075,100,4942,467,33017,88431,75766.57,6972871,0
"2021-04-30",30122,3920307,51996,2822900,2054,280819,280,28355,72,5014,352,33369,84524,75769.71,7057395,0
"2021-05-01",22480,3942787,44542,2867442,1177,281996,232,28587,64,5078,296,33665,68495,74992.43,7125890,0
"2021-05-02",11925,3954712,36655,2904097,1081,283077,139,28726,55,5133,194,33859,49855,74973.29,7175745,0
"2021-05-03",18024,3972736,53033,2957130,2383,285460,251,28977,93,5226,344,34203,73784,75643.71,7249529,0
"2021-05-04",22738,3995474,56644,3013774,2330,287790,270,29247,115,5341,385,34588,82097,76249.29,7331626,0
"2021-05-05",21475,4016949,48768,3062542,2313,290103,308,29555,100,5441,408,34996,72964,74307.14,7404590,0
"2021-05-06",20680,4037629,50182,3112724,2508,292611,269,29824,88,5529,357,35353,73727,72206.57,7478317,0
"2021-05-07",21254,4058883,52095,3164819,2813,295424,307,30131,76,5605,383,35736,76545,71066.71,7554862,0
"2021-05-08",16632,4075515,41869,3206688,1835,297259,230,30361,68,5673,298,36034,60634,69943.71,7615496,0
"2021-05-09",7974,4083489,29414,3236102,1260,298519,147,30508,56,5729,203,36237,38851,68371.71,7654347,0
"2021-05-10",14387,4097876,38535,3274637,2355,300874,233,30741,90,5819,323,36560,55600,65774,7709947,0
"2021-05-11",19913,4117789,43066,3317703,2514,303388,280,31021,85,5904,365,36925,65858,63454.14,7775805,0
"2021-05-12",17813,4135602,40550,3358253,3596,306984,226,31247,78,5982,304,37229,62263,61925.43,7838068,0
"2021-05-13",24976,4160578,40433,3398686,3230,310214,258,31505,75,6057,333,37562,68972,61246.14,7907040,0
"2021-05-14",27040,4187618,42925,3441611,3536,313750,264,31769,94,6151,358,37920,73859,60862.43,7980899,0
"2021-05-15",23650,4211268,34922,3476533,3365,317115,252,32021,75,6226,327,38247,62264,61095.29,8043163,0
"2021-05-16",15526,4226794,19454,3495987,2496,319611,121,32142,45,6271,166,38413,37642,60922.57,8080805,0
"2021-05-17",22674,4249468,29144,3525131,3256,322867,177,32319,67,6338,244,38657,55318,60882.29,8136123,0
"2021-05-18",24640,4274108,31912,3557043,3406,326273,236,32555,72,6410,308,38965,60266,60083.43,8196389,0
"2021-05-19",24189,4298297,29723,3586766,3041,329314,224,32779,46,6456,270,39235,57223,59363.43,8253612,0
"2021-05-20",24156,4322453,30100,3616866,3163,332477,259,33038,86,6542,345,39580,57764,57762.29,8311376,0
"2021-05-21",24680,4347133,32003,3648869,3056,335533,242,33280,58,6600,300,39880,60039,55788,8371415,0
"2021-05-22",20022,4367155,24362,3673231,2525,338058,164,33444,49,6649,213,40093,47122,53624.86,8418537,0
"2021-05-23",11234,4378389,13733,3686964,1411,339469,92,33536,32,6681,124,40217,26502,52033.43,8445039,0
"2021-05-24",18878,4397267,23157,3710121,2756,342225,214,33750,55,6736,269,40486,45060,50568,8490099,0
"2021-05-25",19432,4416699,23381,3733502,2602,344827,171,33921,57,6793,228,40714,45643,48479,8535742,0
"2021-05-26",18784,4435483,21091,3754593,2696,347523,199,34120,48,6841,247,40961,42818,46421.14,8578560,0
"2021-05-27",18472,4453955,21278,3775871,2529,350052,181,34301,59,6900,240,41201,42519,44243.29,8621079,0
"2021-05-28",17864,4471819,22889,3798760,2751,352803,184,34485,53,6953,237,41438,43741,41915,8664820,0
"2021-05-29",12709,4484528,17810,3816570,1755,354558,106,34591,39,6992,145,41583,32419,39814.57,8697239,0
"2021-05-30",7030,4491558,8950,3825520,1074,355632,48,34639,18,7010,66,41649,17120,38474.29,8714359,0
"2021-05-31",4742,4496300,6925,3832445,1012,356644,64,34703,17,7027,81,41730,12760,33860,8727119,0
"2021-06-01",16047,4512347,25199,3857644,2177,358821,151,34854,43,7070,194,41924,43617,33570.57,8770736,0
"2021-06-02",15355,4527702,20391,3878035,2095,360916,139,34993,48,7118,187,42111,38028,32886.29,8808764,0
"2021-06-03",15007,4542709,23825,3901860,2281,363197,127,35120,43,7161,170,42281,41283,32709.71,8850047,0
"2021-06-04",14723,4557432,26001,3927861,2492,365689,142,35262,41,7202,183,42464,43399,32660.86,8893446,0
"2021-06-05",10995,4568427,22089,3949950,1806,367495,116,35378,28,7230,144,42608,35034,33034.43,8928480,0
"2021-06-06",6446,4574873,14483,3964433,1222,368717,88,35466,13,7243,101,42709,22252,33767.57,8950732,0
"2021-06-07",11706,4586579,21783,3986216,2378,371095,138,35604,37,7280,175,42884,36042,37093.57,8986774,0
"2021-06-08",12636,4599215,24027,4010243,2072,373167,120,35724,46,7326,166,43050,38901,36419.86,9025675,0
"2021-06-09",11137,4610352,23028,4033271,2299,375466,134,35858,39,7365,173,43223,36637,36221.14,9062312,0
"2021-06-10",12067,4622419,22237,4055508,2462,377928,139,35997,56,7421,195,43418,36961,35603.71,9099273,0
"2021-06-11",12711,4635130,25119,4080627,2484,380412,156,36153,58,7479,214,43632,40528,35193.57,9139801,0
"2021-06-12",10167,4645297,19313,4099940,1888,382300,94,36247,42,7521,136,43768,31504,34689.29,9171305,0
"2021-06-13",4257,4649554,10936,4110876,1219,383519,41,36288,22,7543,63,43831,16475,33864,9187780,0
"2021-06-14",10209,4659763,19240,4130116,2043,385562,127,36415,51,7594,178,44009,31670,33239.43,9219450,0
"2021-06-15",11888,4671651,21014,4151130,1943,387505,131,36546,40,7634,171,44180,35016,32684.43,9254466,0
"2021-06-16",11588,4683239,19412,4170542,1957,389462,139,36685,68,7702,207,44387,33164,32188.29,9287630,0
"2021-06-17",11026,4694265,18762,4189304,1973,391435,122,36807,35,7737,157,44544,31918,31467.86,9319548,0
"2021-06-18",12168,4706433,18502,4207806,2116,393551,113,36920,36,7773,149,44693,32935,30383.14,9352483,0
"2021-06-19",8498,4714931,13518,4221324,1459,395010,83,37003,21,7794,104,44797,23579,29251,9376062,0
"2021-06-20",4336,4719267,7158,4228482,924,395934,36,37039,17,7811,53,44850,12471,28679,9388533,0
"2021-06-21",10162,4729429,10011,4238493,1807,397741,68,37107,27,7838,95,44945,22075,27308.29,9410608,0
"2021-06-22",9837,4739266,15641,4254134,1589,399330,105,37212,28,7866,133,45078,27200,26191.71,9437808,0
"2021-06-23",10313,4749579,15189,4269323,1863,401193,102,37314,30,7896,132,45210,27497,25382.14,9465305,0
"2021-06-24",9687,4759266,14699,4284022,1799,402992,119,37433,25,7921,144,45354,26329,24583.71,9491634,0
"2021-06-25",10591,4769857,14386,4298408,1721,404713,111,37544,38,7959,149,45503,26847,23714,9518481,0
"2021-06-26",7802,4777659,10463,4308871,1251,405964,74,37618,24,7983,98,45601,19614,23147.57,9538095,0
"2021-06-27",5001,4782660,6002,4314873,795,406759,33,37651,14,7997,47,45648,11845,23058.14,9549940,0
"2021-06-28",9036,4791696,10346,4325219,1526,408285,107,37758,26,8023,133,45781,21041,22910.43,9570981,0
"2021-06-29",9744,4801440,12321,4337540,1347,409632,122,37880,31,8054,153,45934,23565,22391.14,9594546,0
"2021-06-30",9435,4810875,10929,4348469,1486,411118,147,38027,16,8070,163,46097,22013,21607.71,9616559,0
"2021-07-01",9399,4820274,10932,4359401,1434,412552,123,38150,24,8094,147,46244,21912,20976.71,9638471,0
"2021-07-02",9694,4829968,11451,4370852,1541,414093,118,38268,22,8116,140,46384,22826,20402.29,9661297,0
"2021-07-03",7056,4837024,8423,4379275,1193,415286,75,38343,17,8133,92,46476,16764,19995.14,9678061,0
"2021-07-04",1288,4838312,1336,4380611,567,415853,8,38351,3,8136,11,46487,3202,18760.43,9681263,0
"2021-07-05",6498,4844810,7105,4387716,1208,417061,63,38414,22,8158,85,46572,14896,17882.57,9696159,0
"2021-07-06",9513,4854323,12851,4400567,1316,418377,114,38528,38,8196,152,46724,23832,17920.71,9719991,0
"2021-07-07",8670,4862993,11108,4411675,1419,419796,121,38649,19,8215,140,46864,21337,17824.14,9741328,0
"2021-07-08",8210,4871203,10193,4421868,1260,421056,106,38755,22,8237,128,46992,19791,17521.14,9761119,0
"2021-07-09",8376,4879579,10832,4432700,1278,422334,90,38845,18,8255,108,47100,20594,17202.29,9781713,0
"2021-07-10",7104,4886683,8633,4441333,1132,423466,62,38907,20,8275,82,47182,16951,17229,9798664,0
"2021-07-11",4105,4890788,4539,4445872,703,424169,34,38941,6,8281,40,47222,9387,18112.57,9808051,0
"2021-07-12",8449,4899237,9558,4455430,1251,425420,82,39023,23,8304,105,47327,19363,18750.71,9827414,0
"2021-07-13",9460,4908697,9394,4464824,952,426372,105,39128,34,8338,139,47466,19945,18195.43,9847359,0
"2021-07-14",9000,4917697,9532,4474356,1011,427383,105,39233,21,8359,126,47592,19669,17957.14,9867028,0
"2021-07-15",8790,4926487,9156,4483512,1054,428437,81,39314,19,8378,100,47692,19100,17858.43,9886128,0
"2021-07-16",9242,4935729,9762,4493274,980,429417,102,39416,30,8408,132,47824,20116,17790.14,9906244,0
"2021-07-17",6842,4942571,7387,4500661,803,430220,80,39496,19,8427,99,47923,15131,17530.14,9921375,0
"2021-07-18",4256,4946827,4284,4504945,576,430796,35,39531,13,8440,48,47971,9164,17498.29,9930539,0
"2021-07-19",9121,4955948,8477,4513422,999,431795,91,39622,22,8462,113,48084,18710,17405,9949249,0
"2021-07-20",10649,4966597,8758,4522180,991,432786,94,39716,26,8488,120,48204,20518,17486.86,9969767,0
"2021-07-21",10049,4976646,8766,4530946,903,433689,145,39861,33,8521,178,48382,19896,17519.29,9989663,0
"2021-07-22",10687,4987333,8587,4539533,1046,434735,144,40005,25,8546,169,48551,20489,17717.71,10010152,0
"2021-07-23",11254,4998587,8880,4548413,1114,435849,137,40142,23,8569,160,48711,21408,17902.29,10031560,0
"2021-07-24",7404,5005991,6736,4555149,670,436519,83,40225,24,8593,107,48818,14917,17871.71,10046477,0
"2021-07-25",5479,5011470,2125,4557274,509,437028,58,40283,3,8596,61,48879,8174,17730.29,10054651,0
"2021-07-26",10872,5022342,7004,4564278,859,437887,109,40392,20,8616,129,49008,18864,17752.29,10073515,0
"2021-07-27",12055,5034397,8570,4572848,857,438744,133,40525,38,8654,171,49179,21653,17914.43,10095168,0
"2021-07-28",11991,5046388,8052,4580900,950,439694,131,40656,25,8679,156,49335,21149,18093.43,10116317,0
"2021-07-29",10936,5057324,7431,4588331,984,440678,133,40789,38,8717,171,49506,19522,17955.29,10135839,0
"2021-07-30",14954,5072278,8014,4596345,1150,441828,180,40969,31,8748,211,49717,24329,18372.57,10160168,0
"2021-07-31",9726,5082004,6315,4602660,816,442644,119,41088,21,8769,140,49857,16997,18669.71,10177165,0
"2021-08-01",6503,5088507,3309,4605969,564,443208,81,41169,20,8789,101,49958,10477,18998.71,10187642,0
"2021-08-02",13451,5101958,7155,4613124,848,444056,143,41312,17,8806,160,50118,21614,19391.57,10209256,0
"2021-08-03",15412,5117370,8388,4621512,1109,445165,144,41456,37,8843,181,50299,25090,19882.57,10234346,0
"2021-08-04",17264,5134634,8126,4629638,1454,446619,181,41637,34,8877,215,50514,27059,20726.86,10261405,0
"2021-08-05",17868,5152502,7932,4637570,1367,447986,160,41797,19,8896,179,50693,27346,21844.57,10288751,0
"2021-08-06",18174,5170676,8412,4645982,1233,449219,164,41961,32,8928,196,50889,28015,22371.14,10316766,0
"2021-08-07",13387,5184063,6014,4651996,799,450018,99,42060,28,8956,127,51016,20327,22846.86,10337093,0
"2021-08-08",9309,5193372,3835,4655831,400,450418,82,42142,10,8966,92,51108,13636,23298.14,10350729,0
"2021-08-09",21343,5214715,8528,4664359,964,451382,167,42309,34,9000,201,51309,31036,24644.14,10381765,0
"2021-08-10",18921,5233636,9328,4673687,947,452329,177,42486,33,9033,210,51519,29406,25260.71,10411171,0
"2021-08-11",15651,5249287,8306,4681993,853,453182,128,42614,45,9078,173,51692,24983,24964.14,10436154,0
"2021-08-12",15042,5264329,8981,4690974,940,454122,171,42785,36,9114,207,51899,25170,24653.29,10461324,0
"2021-08-13",14926,5279255,9290,4700264,920,455042,240,43025,37,9151,277,52176,25413,24281.57,10486737,0
"2021-08-14",10406,5289661,6406,4706670,625,455667,529,43554,40,9191,569,52745,18006,23950,10504743,0
"2021-08-15",6693,5296354,4480,4711150,676,456343,566,44120,33,9224,599,53344,12448,23780.29,10517191,0
"2021-08-16",15721,5312075,9301,4720451,1150,457493,1319,45439,64,9288,1383,54727,27555,23283,10544746,0
"2021-08-17",17771,5329846,10438,4730889,1225,458718,1764,47203,84,9372,1848,56575,31282,23551,10576028,0
"2021-08-18",17507,5347353,10362,4741251,1261,459979,1986,49189,94,9466,2080,58655,31210,24440.57,10607238,0
"2021-08-19",16299,5363652,9526,4750777,1315,461294,1948,51137,67,9533,2015,60670,29155,25009.86,10636393,0
"2021-08-20",16279,5379931,11537,4762314,1254,462548,1860,52997,82,9615,1942,62612,31012,25809.71,10667405,0
"2021-08-21",11150,5391081,8038,4770352,878,463426,1057,54054,56,9671,1113,63725,21179,26263,10688584,0
"2021-08-22",4081,5395162,3902,4774254,262,463688,513,54567,34,9705,547,64272,8792,25740.71,10697376,0
"2021-08-23",15585,5410747,11798,4786052,1023,464711,1546,56113,74,9779,1620,65892,30026,26093.71,10727402,0
"2021-08-24",16916,5427663,12594,4798646,1006,465717,1772,57885,78,9857,1850,67742,32366,26248.57,10759768,0
"2021-08-25",14588,5442251,12444,4811090,1110,466827,1564,59449,76,9933,1640,69382,29782,26044.57,10789550,0
"2021-08-26",16165,5458416,14084,4825174,1072,467899,1771,61220,67,10000,1838,71220,33159,26616.57,10822709,0
"2021-08-27",14883,5473299,14821,4839995,971,468870,1668,62888,73,10073,1741,72961,32416,26817.14,10855125,0
"2021-08-28",10682,5483981,11522,4851517,835,469705,1014,63902,45,10118,1059,74020,24098,27234.14,10879223,0
"2021-08-29",7218,5491199,7495,4859012,541,470246,778,64680,57,10175,835,74855,16089,28276.57,10895312,0
"2021-08-30",15522,5506721,16926,4875938,1077,471323,1793,66473,84,10259,1877,76732,35402,29044.57,10930714,0
"2021-08-31",15525,5522246,15952,4891890,951,472274,1969,68442,86,10345,2055,78787,34483,29347,10965197,0
"2021-09-01",14835,5537081,14099,4905989,1020,473294,1807,70249,60,10405,1867,80654,31821,29638.29,10997018,0
"2021-09-02",14331,5551412,12520,4918509,896,474190,1703,71952,61,10466,1764,82418,29511,29117.14,11026529,0
"2021-09-03",15019,5566431,14303,4932812,974,475164,1893,73845,69,10535,1962,84380,32258,29094.57,11058787,0
"2021-09-04",9647,5576078,9406,4942218,688,475852,974,74819,34,10569,1008,85388,20749,28616.14,11079536,0
"2021-09-05",6803,5582881,5515,4947733,438,476290,710,75529,16,10585,726,86114,13482,28243.71,11093018,0
"2021-09-06",5196,5588077,4513,4952246,358,476648,270,75799,11,10596,281,86395,10348,24664.57,11103366,0
"2021-09-07",15578,5603655,17695,4969941,912,477560,1555,77354,87,10683,1642,88037,35827,24856.57,11139193,0
"2021-09-08",16166,5619821,14823,4984764,1072,478632,1768,79122,83,10766,1851,89888,33912,25155.29,11173105,0
"2021-09-09",16113,5635934,14751,4999515,1047,479679,1913,81035,73,10839,1986,91874,33897,25781.86,11207002,0
"2021-09-10",18377,5654311,15391,5014906,1208,480887,1970,83005,81,10920,2051,93925,37027,26463.14,11244029,0
"2021-09-11",12640,5666951,10347,5025253,958,481845,1026,84031,48,10968,1074,94999,25019,27073.14,11269048,0
"2021-09-12",8540,5675491,5051,5030304,766,482611,690,84721,29,10997,719,95718,15076,27300.86,11284124,0
"2021-09-13",16932,5692423,12960,5043264,976,483587,1650,86371,54,11051,1704,97422,32572,30475.71,11316696,0
"2021-09-14",16271,5708694,13675,5056939,886,484473,1594,87965,55,11106,1649,99071,32481,29997.71,11349177,0
"2021-09-15",15549,5724243,12879,5069818,727,485200,1565,89530,78,11184,1643,100714,30798,29552.86,11379975,0
"2021-09-16",15342,5739585,13910,5083728,1210,486410,1455,90985,66,11250,1521,102235,31983,29279.43,11411958,0
"2021-09-17",14438,5754023,13963,5097691,922,487332,1826,92811,56,11306,1882,104117,31205,28447.71,11443163,0
"2021-09-18",10001,5764024,10178,5107869,913,488245,1046,93857,41,11347,1087,105204,22179,28042,11465342,0
"2021-09-19",6179,5770203,6071,5113940,558,488803,747,94604,29,11376,776,105980,13584,27828.86,11478926,0
"2021-09-20",12676,5782879,12629,5126569,1068,489871,1920,96524,59,11435,1979,107959,28352,27226,11507278,0
"2021-09-21",12236,5795115,12772,5139341,1109,490980,2017,98541,80,11515,2097,110056,28214,26616.43,11535492,0
"2021-09-22",12823,5807938,12008,5151349,1090,492070,1681,100222,66,11581,1747,111803,27668,26169.29,11563160,0
"2021-09-23",14944,5822882,12756,5164105,1639,493709,2265,102487,73,11654,2338,114141,31677,26125.57,11594837,0
"2021-09-24",16451,5839333,13368,5177473,1636,495345,4623,107110,113,11767,4736,118877,36191,26837.86,11631028,0
"2021-09-25",10541,5849874,9024,5186497,1018,496363,3463,110573,75,11842,3538,122415,24121,27115.29,11655149,0
"2021-09-26",6304,5856178,5760,5192257,773,497136,2425,112998,55,11897,2480,124895,15317,27362.86,11670466,0
"2021-09-27",14165,5870343,8053,5200310,1155,498291,9061,122059,157,12054,9218,134113,32591,27968.43,11703057,0
"2021-09-28",11149,5881492,11778,5212088,902,499193,9913,131972,174,12228,10087,144200,33916,28783,11736973,0
"2021-09-29",11608,5893100,12195,5224283,1205,500398,9452,141424,163,12391,9615,153815,34623,29776.57,11771596,0
"2021-09-30",12240,5905340,12607,5236890,1338,501736,9746,151170,172,12563,9918,163733,36103,30408.86,11807699,0
"2021-10-01",12649,5917989,13430,5250320,1284,503020,10266,161436,147,12710,10413,174146,37776,30635.29,11845475,0
"2021-10-02",7733,5925722,9976,5260296,865,503885,4240,165676,75,12785,4315,178461,22889,30459.29,11868364,0
"2021-10-03",5077,5930799,6156,5266452,593,504478,2613,168289,56,12841,2669,181130,14495,30341.86,11882859,0
"2021-10-04",9908,5940707,11023,5277475,913,505391,9523,177812,142,12983,9665,190795,31509,30187.29,11914368,0
"2021-10-05",10163,5950870,11741,5289216,972,506363,9930,187742,174,13157,10104,200899,32980,30053.57,11947348,0
"2021-10-06",9918,5960788,11059,5300275,937,507300,9931,197673,154,13311,10085,210984,31999,29678.71,11979347,0
"2021-10-07",9665,5970453,12197,5312472,853,508153,10190,207863,170,13481,10360,221344,33075,29246.14,12012422,0
"2021-10-08",9459,5979912,12176,5324648,942,509095,10904,218767,161,13642,11065,232409,33642,28655.57,12046064,0
"2021-10-09",6259,5986171,8277,5332925,649,509744,4120,222887,89,13731,4209,236618,19394,28156.29,12065458,0
"2021-10-10",3543,5989714,5029,5337954,458,510202,2434,225321,42,13773,2476,239094,11506,27729.29,12076964,0
"2021-10-11",7624,5997338,9331,5347285,728,510930,8885,234206,158,13931,9043,248137,26726,27046,12103690,0
"2021-10-12",8077,6005415,10998,5358283,891,511821,10512,244718,179,14110,10691,258828,30657,26714.14,12134347,0
"2021-10-13",7153,6012568,10150,5368433,869,512690,8800,253518,175,14285,8975,267803,27147,26021,12161494,0
"2021-10-14",7446,6020014,11114,5379547,836,513526,10114,263632,160,14445,10274,278077,29670,25534.57,12191164,0
"2021-10-15",7727,6027741,11863,5391410,823,514349,10818,274450,164,14609,10982,289059,31395,25213.57,12222559,0
"2021-10-16",4865,6032606,7468,5398878,666,515015,3843,278293,65,14674,3908,292967,16907,24858.29,12239466,0
"2021-10-17",3061,6035667,4473,5403351,411,515426,2452,280745,41,14715,2493,295460,10438,24705.71,12249904,0
"2021-10-18",7051,6042718,10665,5414016,796,516222,9483,290228,173,14888,9656,305116,28168,24911.71,12278072,0
"2021-10-19",6576,6049294,8944,5422960,804,517026,9089,299317,169,15057,9258,314374,25582,24186.71,12303654,0
"2021-10-20",6536,6055830,9375,5432335,975,518001,9986,309303,172,15229,10158,324532,27044,24172,12330698,0
"2021-10-21",7028,6062858,9385,5441720,858,518859,10843,320146,150,15379,10993,335525,28264,23971.14,12358962,0
"2021-10-22",8130,6070988,10341,5452061,1026,519885,16345,336491,211,15590,16556,352081,36053,24636.57,12395015,0
"2021-10-23",5171,6076159,6457,5458518,690,520575,9122,345613,112,15702,9234,361315,21552,25300.14,12416567,0
"2021-10-24",3277,6079436,3971,5462489,769,521344,6153,351766,75,15777,6228,367543,14245,25844,12430812,0
"2021-10-25",8773,6088209,8738,5471227,1150,522494,19250,371016,289,16066,19539,387082,38200,27277.14,12469012,0
"2021-10-26",8204,6096413,7722,5478949,1258,523752,17288,388304,259,16325,17547,404629,34731,28584.14,12503743,0
"2021-10-27",10566,6106979,8393,5487342,1604,525356,20855,409159,308,16633,21163,425792,41726,30681.57,12545469,0
"2021-10-28",11330,6118309,8038,5495380,1793,527149,20844,430003,310,16943,21154,446946,42315,32688.86,12587784,0
"2021-10-29",11842,6130151,8239,5503619,1957,529106,22533,452536,314,17257,22847,469793,44885,33950.57,12632669,0
"2021-10-30",4629,6134780,5058,5508677,930,530036,11171,463707,159,17416,11330,481123,21947,34007,12654616,0
"2021-10-31",2665,6137445,2702,5511379,544,530580,6636,470343,98,17514,6734,487857,12645,33778.43,12667261,0
"2021-11-01",7140,6144585,6955,5518334,1089,531669,20382,490725,318,17832,20700,508557,35884,33447.57,12703145,0
"2021-11-02",6587,6151172,6594,5524928,1054,532723,20777,511502,261,18093,21038,529595,35273,33525,12738418,0
"2021-11-03",6855,6158027,6679,5531607,1026,533749,20630,532132,299,18392,20929,550524,35489,32634,12773907,0
"2021-11-04",9321,6167348,6279,5537886,995,534744,22353,554485,342,18734,22695,573219,39290,32201.86,12813197,0
"2021-11-05",11065,6178413,6724,5544610,1051,535795,23758,578243,344,19078,24102,597321,42942,31924.29,12856139,0
"2021-11-06",11138,6189551,4050,5548660,594,536389,12588,590831,164,19242,12752,610073,28534,32865.29,12884673,0
"2021-11-07",7258,6196809,2287,5550947,577,536966,7105,597936,93,19335,7198,617271,17320,33533.14,12901993,0
"2021-11-08",15058,6211867,5678,5556625,865,537831,19507,617443,273,19608,19780,637051,41381,34318.43,12943374,0
"2021-11-09",16159,6228026,5390,5562015,660,538491,20509,637952,268,19876,20777,657828,42986,35420.29,12986360,0
"2021-11-10",16934,6244960,5325,5567340,683,539174,22645,660597,289,20165,22934,680762,45876,36904.14,13032236,0
"2021-11-11",12579,6257539,5189,5572529,759,539933,22080,682677,279,20444,22359,703121,40886,37132.14,13073122,0
"2021-11-12",16900,6274439,5688,5578217,705,540638,23392,706069,351,20795,23743,726864,47036,37717,13120158,0
"2021-11-13",9945,6284384,3661,5581878,463,541101,13325,719394,179,20974,13504,740368,27573,37579.71,13147731,0
"2021-11-14",6015,6290399,2292,5584170,325,541426,7931,727325,75,21049,8006,748374,16638,37482.29,13164369,0
"2021-11-15",13224,6303623,5975,5590145,690,542116,25103,752428,351,21400,25454,773828,45343,38048.29,13209712,0
"2021-11-16",9974,6313597,5781,5595926,656,542772,30666,783094,414,21814,31080,804908,47491,38691.86,13257203,0
"2021-11-17",10314,6323911,6674,5602600,681,543453,31417,814511,402,22216,31819,836727,49488,39207.86,13306691,0
"2021-11-18",10739,6334650,6545,5609145,858,544311,33011,847522,436,22652,33447,870174,51589,40736.86,13358280,0
"2021-11-19",12031,6346681,6550,5615695,715,545026,36240,883762,444,23096,36684,906858,55980,42014.57,13414260,0
"2021-11-20",9336,6356017,3419,5619114,513,545539,22510,906272,249,23345,22759,929617,36027,43222.29,13450287,0
"2021-11-21",4956,6360973,1887,5621001,288,545827,13202,919474,144,23489,13346,942963,20477,43770.71,13470764,0
"2021-11-22",10449,6371422,5792,5626793,751,546578,35916,955390,430,23919,36346,979309,53338,44912.86,13524102,0
"2021-11-23",9811,6381233,4783,5631576,636,547214,33506,988896,362,24281,33868,1013177,49098,45142.43,13573200,0
"2021-11-24",8714,6389947,4752,5636328,651,547865,25916,1014812,278,24559,26194,1039371,40311,43831.43,13613511,0
"2021-11-25",449,6390396,325,5636653,80,547945,1003,1015815,9,24568,1012,1040383,1866,36728.14,13615377,0
"2021-11-26",8065,6398461,6991,5643644,529,548474,26587,1042402,283,24851,26870,1067253,42455,34796,13657832,0
"2021-11-27",6687,6405148,6838,5650482,371,548845,18839,1061241,216,25067,19055,1086308,32951,34356.57,13690783,0
"2021-11-28",4087,6409235,5795,5656277,282,549127,11885,1073126,115,25182,12000,1098308,22164,34597.57,13712947,0
"2021-11-29",9131,6418366,10998,5667275,687,549814,35068,1108194,419,25601,35487,1133795,56303,35021.14,13769250,0
"2021-11-30",10525,6428891,11438,5678713,513,550327,37778,1145972,480,26081,38258,1172053,60734,36683.43,13829984,0
"2021-12-01",11206,6440097,10986,5689699,724,551051,40345,1186317,429,26510,40774,1212827,63690,40023.29,13893674,0
"2021-12-02",11673,6451770,11041,5700740,627,551678,42157,1228474,441,26951,42598,1255425,65939,49176.57,13959613,0
"2021-12-03",13508,6465278,12890,5713630,676,552354,47927,1276401,508,27459,48435,1303860,75509,53898.57,14035122,0
"2021-12-04",9863,6475141,11293,5724923,567,552921,30674,1307075,296,27755,30970,1334830,52693,56718.86,14087815,0
"2021-12-05",5761,6480902,5709,5730632,271,553192,16658,1323733,124,27879,16782,1351612,28523,57627.29,14116338,0
"2021-12-06",12357,6493259,9959,5740591,600,553792,43238,1366971,430,28309,43668,1395280,66584,59096,14182922,0
"2021-12-07",12611,6505870,9259,5749850,625,554417,43028,1409999,488,28797,43516,1438796,66011,59849.86,14248933,0
"2021-12-08",13544,6519414,8778,5758628,555,554972,40783,1450782,460,29257,41243,1480039,64120,59911.29,14313053,0
"2021-12-09",13518,6532932,8756,5767384,554,555526,40807,1491589,481,29738,41288,1521327,64116,59650.86,14377169,0
"2021-12-10",14049,6546981,10145,5777529,670,556196,43665,1535254,483,30221,44148,1565475,69012,58722.71,14446181,0
"2021-12-11",10285,6557266,8125,5785654,405,556601,26693,1561947,272,30493,26965,1592440,45780,57735.14,14491961,0
"2021-12-12",6021,6563287,3855,5789509,290,556891,15169,1577116,130,30623,15299,1607739,25465,57298.29,14517426,0
"2021-12-13",12249,6575536,7427,5796936,658,557549,37873,1614989,384,31007,38257,1645996,58591,56156.43,14576017,0
"2021-12-14",12241,6587777,6959,5803895,731,558280,38146,1653135,419,31426,38565,1684561,58496,55082.86,14634513,0
"2021-12-15",12122,6599899,6242,5810137,755,559035,38123,1691258,479,31905,38602,1723163,57721,54168.71,14692234,0
"2021-12-16",13145,6613044,4271,5814408,740,559775,41041,1732299,436,32341,41477,1764640,59633,53528.29,14751867,0
"2021-12-17",15960,6629004,6931,5821339,620,560395,46767,1779066,465,32806,47232,1811872,70743,53775.57,14822610,0
"2021-12-18",13036,6642040,5718,5827057,432,560827,30613,1809679,266,33072,30879,1842751,50065,54387.71,14872675,0
"2021-12-19",7023,6649063,2994,5830051,327,561154,18006,1827685,169,33241,18175,1860926,28519,54824,14901194,0
"2021-12-20",16877,6665940,5868,5835919,746,561900,47438,1875123,557,33798,47995,1908921,71486,56666.14,14972680,0
"2021-12-21",17986,6683926,6576,5842495,806,562706,48910,1924033,570,34368,49480,1958401,74848,59002.14,15047528,0
"2021-12-22",18552,6702478,6561,5849056,938,563644,49670,1973703,517,34885,50187,2008588,76238,61647.43,15123766,0
"2021-12-23",19048,6721526,6481,5855537,930,564574,45825,2019528,509,35394,46334,2054922,72793,63527.43,15196559,0
"2021-12-24",9249,6730775,2955,5858492,598,565172,20590,2040118,209,35603,20799,2075721,33601,58221.43,15230160,0
"2021-12-25",344,6731119,63,5858555,31,565203,427,2040545,8,35611,435,2076156,873,51194,15231033,0
"2021-12-26",7973,6739092,3931,5862486,340,565543,17276,2057821,171,35782,17447,2093603,29691,51361.43,15260724,0
"2021-12-27",21796,6760888,9203,5871689,933,566476,43439,2101260,537,36319,43976,2137579,75908,51993.14,15336632,0
"2021-12-28",20175,6781063,8328,5880017,699,567175,47570,2148830,597,36916,48167,2185746,77369,52353.29,15414001,0
"2021-12-29",18527,6799590,7670,5887687,607,567782,45552,2194382,472,37388,46024,2231770,72828,51866.14,15486829,0
"2021-12-30",16896,6816486,7421,5895108,587,568369,44841,2239223,571,37959,45412,2277182,70316,51512.29,15557145,0
"2021-12-31",5361,6821847,2809,5897917,193,568562,14767,2253990,176,38135,14943,2292125,23306,50041.57,15580451,0
"2022-01-01",243,6822090,147,5898064,12,568574,501,2254491,21,38156,522,2292647,924,50048.86,15581375,0
"2022-01-02",6435,6828525,5021,5903085,153,568727,10974,2265465,110,38266,11084,2303731,22693,49049.14,15604068,0
"2022-01-03",14136,6842661,8498,5911583,514,569241,26926,2292391,318,38584,27244,2330975,50392,45404,15654460,0
"2022-01-04",12884,6855545,8107,5919690,414,569655,27177,2319568,348,38932,27525,2358500,48930,41341.29,15703390,0
"2022-01-05",11470,6867015,6998,5926688,382,570037,25874,2345442,299,39231,26173,2384673,45023,37369.14,15748413,0
"2022-01-06",11486,6878501,7387,5934075,483,570520,27519,2372961,325,39556,27844,2412517,47200,34066.86,15795613,0
"2022-01-07",10394,6888895,8420,5942495,338,570858,25018,2397979,311,39867,25329,2437846,44481,37091.86,15840094,0
"2022-01-08",7873,6896768,8569,5951064,310,571168,19450,2417429,175,40042,19625,2457471,36377,42156.57,15876471,0
"2022-01-09",4133,6900901,3843,5954907,214,571382,10062,2427491,91,40133,10153,2467624,18343,41535.14,15894814,0
"2022-01-10",10184,6911085,8191,5963098,490,571872,24600,2452091,294,40427,24894,2492518,43759,40587.57,15938573,0
"2022-01-11",8900,6919985,8001,5971099,521,572393,21023,2473114,277,40704,21300,2513818,38722,39129.29,15977295,0
"2022-01-12",8937,6928922,8318,5979417,427,572820,22334,2495448,288,40992,22622,2536440,40304,38455.14,16017599,0
"2022-01-13",9046,6937968,8866,5988283,451,573271,22875,2518323,310,41302,23185,2559625,41548,37647.71,16059147,0
"2022-01-14",10111,6948079,8119,5996402,476,573747,26436,2544759,313,41615,26749,2586374,45455,37786.86,16104602,0
"2022-01-15",6209,6954288,4310,6000712,178,573925,15143,2559902,175,41790,15318,2601692,26015,36306.57,16130617,0
"2022-01-16",2921,6957209,3247,6003959,95,574020,7823,2567725,83,41873,7906,2609598,14169,35710.29,16144786,0
"2022-01-17",6083,6963292,6759,6010718,363,574383,14676,2582401,214,42087,14890,2624488,28095,33472.57,16172881,0
"2022-01-18",8168,6971460,10317,6021035,396,574779,19660,2602061,316,42403,19976,2644464,38857,33491.86,16211738,0
"2022-01-19",7469,6978929,9251,6030286,304,575083,17715,2619776,267,42670,17982,2662446,35006,32735,16246744,0
"2022-01-20",6281,6985210,8562,6038848,305,575388,15248,2635024,241,42911,15489,2677935,30637,31176.29,16277381,0
"2022-01-21",7578,6992788,7504,6046352,276,575664,18506,2653530,278,43189,18784,2696719,34142,29560.14,16311523,0
"2022-01-22",5192,6997980,4940,6051292,131,575795,11316,2664846,125,43314,11441,2708160,21704,28944.29,16333227,0
"2022-01-23",2811,7000791,3326,6054618,97,575892,6229,2671075,77,43391,6306,2714466,12540,28711.57,16345767,0
"2022-01-24",6372,7007163,8202,6062820,262,576154,15073,2686148,234,43625,15307,2729773,30143,29004.14,16375910,0
"2022-01-25",6189,7013352,7937,6070757,233,576387,14689,2700837,255,43880,14944,2744717,29303,27639.29,16405213,0
"2022-01-26",5756,7019108,7174,6077931,289,576676,14014,2714851,207,44087,14221,2758938,27440,26558.43,16432653,0
"2022-01-27",5261,7024369,7094,6085025,321,576997,14079,2728930,228,44315,14307,2773245,26983,26036.43,16459636,0
"2022-01-28",6263,7030632,7869,6092894,203,577200,16132,2745062,233,44548,16365,2789610,30700,25544.71,16490336,0
"2022-01-29",843,7031475,727,6093621,28,577228,2537,2747599,39,44587,2576,2792186,4174,23040.43,16494510,0
"2022-01-30",2096,7033571,3021,6096642,102,577330,4537,2752136,63,44650,4600,2796786,9819,22651.71,16504329,0
"2022-01-31",5008,7038579,6596,6103238,220,577550,11376,2763512,197,44847,11573,2808359,23397,21688,16527726,0
"2022-02-01",4836,7043415,6436,6109674,219,577769,10710,2774222,216,45063,10926,2819285,22417,20704.29,16550143,0
"2022-02-02",4257,7047672,5931,6115605,213,577982,11235,2785457,235,45298,11470,2830755,21871,19908.71,16572014,0
"2022-02-03",4227,7051899,5811,6121416,216,578198,11216,2796673,199,45497,11415,2842170,21669,19149.57,16593683,0
"2022-02-04",4771,7056670,7114,6128530,214,578412,13213,2809886,237,45734,13450,2855620,25549,18413.71,16619232,0
"2022-02-05",3587,7060257,6051,6134581,110,578522,8573,2818459,149,45883,8722,2864342,18470,20456,16637702,0
"2022-02-06",2064,7062321,2133,6136714,121,578643,4638,2823097,102,45985,4740,2869082,9058,20347.29,16646760,0
"2022-02-07",4159,7066480,4726,6141440,205,578848,10131,2833228,232,46217,10363,2879445,19453,19783.86,16666213,0
"2022-02-08",4223,7070703,5607,6147047,214,579062,11328,2844556,301,46518,11629,2891074,21673,19677.57,16687886,0
"2022-02-09",4138,7074841,5405,6152452,222,579284,11663,2856219,249,46767,11912,2902986,21677,19649.86,16709563,0
"2022-02-10",3999,7078840,5121,6157573,245,579529,12196,2868415,282,47049,12478,2915464,21843,19674.71,16731406,0
"2022-02-11",4521,7083361,5805,6163378,195,579724,13731,2882146,312,47361,14043,2929507,24564,19534,16755970,0
"2022-02-12",3258,7086619,4340,6167718,97,579821,8810,2890956,213,47574,9023,2938530,16718,19283.71,16772688,0
"2022-02-13",1522,7088141,1542,6169260,41,579862,4882,2895838,107,47681,4989,2943519,8094,19146,16780782,0
"2022-02-14",2985,7091126,3626,6172886,167,580029,10567,2906405,323,48004,10890,2954409,17668,18891,16798450,0
"2022-02-15",3560,7094686,4069,6176955,175,580204,12782,2919187,279,48283,13061,2967470,20865,18775.57,16819315,0
"2022-02-16",3666,7098352,3902,6180857,200,580404,15716,2934903,293,48576,16009,2983479,23777,19075.57,16843092,0
"2022-02-17",4038,7102390,4080,6184937,162,580566,18268,2953171,358,48934,18626,3002105,26906,19798.86,16869998,0
"2022-02-18",4477,7106867,4783,6189720,190,580756,21533,2974704,447,49381,21980,3024085,31430,20779.71,16901428,0
"2022-02-19",3256,7110123,2178,6191898,65,580821,11178,2985882,217,49598,11395,3035480,16894,20804.86,16918322,0
"2022-02-20",1862,7111985,1446,6193344,59,580880,6577,2992459,111,49709,6688,3042168,10055,21085,16928377,0
"2022-02-21",3089,7115074,2693,6196037,95,580975,8346,3000805,228,49937,8574,3050742,14451,20625.43,16942828,0
"2022-02-22",4383,7119457,4246,6200283,175,581150,10834,3011639,249,50186,11083,3061825,19887,20485.71,16962715,0
"2022-02-23",4270,7123727,3791,6204074,145,581295,10661,3022300,238,50424,10899,3072724,19105,19818.29,16981820,0
"2022-02-24",3797,7127524,3656,6207730,108,581403,10186,3032486,230,50654,10416,3083140,17977,18542.71,16999797,0
"2022-02-25",3619,7131143,3621,6211351,134,581537,9980,3042466,234,50888,10214,3093354,17588,16565.29,17017385,0
"2022-02-26",2838,7133981,2577,6213928,74,581611,9514,3051980,155,51043,9669,3103023,15158,16317.29,17032543,0
"2022-02-27",1774,7135755,1370,6215298,52,581663,6269,3058249,99,51142,6368,3109391,9564,16247.14,17042107,0
"2022-02-28",3807,7139562,3130,6218428,141,581804,13129,3071378,247,51389,13376,3122767,20454,17104.71,17062561,0
"2022-03-01",2138,7141700,2627,6221055,103,581907,5170,3076548,182,51571,5352,3128119,10220,15723.71,17072781,0
"2022-03-02",1842,7143542,2440,6223495,106,582013,4128,3080676,207,51778,4335,3132454,8723,14240.57,17081504,0
"2022-03-03",1936,7145478,2554,6226049,106,582119,3795,3084471,169,51947,3964,3136418,8560,12895.29,17090064,0
"2022-03-04",2122,7147600,2872,6228921,66,582185,4328,3088799,207,52154,4535,3140953,9595,11753.43,17099659,0
"2022-03-05",1612,7149212,2124,6231045,43,582228,3318,3092117,115,52269,3433,3144386,7212,10618.29,17106871,0
"2022-03-06",799,7150011,879,6231924,30,582258,1622,3093739,55,52324,1677,3146063,3385,9735.57,17110256,0
"2022-03-07",1669,7151680,1786,6233710,86,582344,3496,3097235,161,52485,3657,3149720,7198,7841.86,17117454,0
"2022-03-08",1550,7153230,1893,6235603,79,582423,3123,3100358,149,52634,3272,3152992,6794,7352.43,17124248,0
"2022-03-09",1269,7154499,1673,6237276,79,582502,2584,3102942,131,52765,2715,3155707,5736,6925.71,17129984,0
"2022-03-10",1421,7155920,2098,6239374,85,582587,2954,3105896,164,52929,3118,3158825,6722,6663.14,17136706,0
"2022-03-11",1603,7157523,2272,6241646,81,582668,3213,3109109,187,53116,3400,3162225,7356,6343.29,17144062,0
"2022-03-12",880,7158403,1414,6243060,40,582708,2004,3111113,75,53191,2079,3164304,4413,5943.43,17148475,0
"2022-03-13",626,7159029,757,6243817,27,582735,1292,3112405,47,53238,1339,3165643,2749,5852.57,17151224,0
"2022-03-14",1375,7160404,1605,6245422,83,582818,2987,3115392,205,53443,3192,3168835,6255,5717.86,17157479,0
"2022-03-15",1361,7161765,1924,6247346,63,582881,3068,3118460,229,53672,3297,3172132,6645,5696.57,17164124,0
"2022-03-16",1402,7163167,2065,6249411,94,582975,3132,3121592,296,53968,3428,3175560,6989,5875.57,17171113,0
"2022-03-17",1185,7164352,1806,6251217,70,583045,2758,3124350,266,54234,3024,3178584,6085,5784.57,17177198,0
"2022-03-18",1595,7165947,2214,6253431,80,583125,3769,3128119,415,54649,4184,3182768,8073,5887,17185271,0
"2022-03-19",1112,7167059,1735,6255166,54,583179,2599,3130718,225,54874,2824,3185592,5725,6074.43,17190996,0
"2022-03-20",614,7167673,627,6255793,33,583212,1463,3132181,185,55059,1648,3187240,2922,6099.14,17193918,0
"2022-03-21",1421,7169094,1550,6257343,72,583284,3056,3135237,355,55414,3411,3190651,6454,6127.57,17200372,0
"2022-03-22",1341,7170435,1553,6258896,101,583385,2902,3138139,345,55759,3247,3193898,6242,6070,17206614,0
"2022-03-23",1263,7171698,1361,6260257,66,583451,2917,3141056,374,56133,3291,3197189,5981,5926,17212595,0
"2022-03-24",1211,7172909,1299,6261556,90,583541,2520,3143576,266,56399,2786,3199975,5386,5826.14,17217981,0
"2022-03-25",1391,7174300,1629,6263185,62,583603,3264,3146840,379,56778,3643,3203618,6725,5633.57,17224706,0
"2022-03-26",928,7175228,1162,6264347,36,583639,2304,3149144,250,57028,2554,3206172,4680,5484.29,17229386,0
"2022-03-27",574,7175802,528,6264875,29,583668,1312,3150456,204,57232,1516,3207688,2647,5445,17232033,0
"2022-03-28",1087,7176889,1165,6266040,69,583737,2437,3152893,363,57595,2800,3210488,5121,5254.57,17237154,0
"2022-03-29",1052,7177941,1104,6267144,85,583822,2515,3155408,881,58476,3396,3213884,5637,5168.14,17242791,0
"2022-03-30",1250,7179191,1144,6268288,98,583920,3067,3158475,3399,61875,6466,3220350,8958,5593.43,17251749,0
"2022-03-31",1290,7180481,1262,6269550,57,583977,3166,3161641,5500,67375,8666,3229016,11275,6434.71,17263024,0
"2022-04-01",1434,7181915,1498,6271048,76,584053,3250,3164891,6896,74271,10146,3239162,13154,7353.14,17276178,0
"2022-04-02",913,7182828,914,6271962,33,584086,2096,3166987,4522,78793,6618,3245780,8478,7895.71,17284656,0
"2022-04-03",560,7183388,501,6272463,28,584114,1222,3168209,3050,81843,4272,3250052,5361,8283.43,17290017,0
"2022-04-04",1355,7184743,1308,6273771,62,584176,2735,3170944,7691,89534,10426,3260478,13151,9430.57,17303168,0
"2022-04-05",1306,7186049,1166,6274937,66,584242,2855,3173799,7477,97011,10332,3270810,12870,10463.86,17316038,0
"2022-04-06",1344,7187393,1185,6276122,61,584303,2624,3176423,6946,103957,9570,3280380,12160,10921.29,17328198,0
"2022-04-07",1215,7188608,1068,6277190,57,584360,2378,3178801,6599,110556,8977,3289357,11317,10927.29,17339515,0
"2022-04-08",1493,7190101,1406,6278596,62,584422,3170,3181971,8770,119326,11940,3301297,14901,11176.86,17354416,0
"2022-04-09",923,7191024,924,6279520,29,584451,2076,3184047,4940,124266,7016,3308313,8892,11236,17363308,0
"2022-04-10",588,7191612,461,6279981,25,584476,1169,3185216,2891,127157,4060,3312373,5134,11203.57,17368442,0
"2022-04-11",1332,7192944,1239,6281220,59,584535,2665,3187881,7781,134938,10446,3322819,13076,11192.86,17381518,0
"2022-04-12",1220,7194164,1065,6282285,73,584608,2529,3190410,7396,142334,9925,3332744,12283,11109,17393801,0
"2022-04-13",1251,7195415,1083,6283368,59,584667,2512,3192922,7525,149859,10037,3342781,12430,11147.57,17406231,0
"2022-04-14",1278,7196693,1104,6284472,59,584726,2438,3195360,6568,156427,9006,3351787,11447,11166.14,17417678,0
"2022-04-15",1350,7198043,1100,6285572,53,584779,2566,3197926,6609,163036,9175,3360962,11678,10705.71,17429356,0
"2022-04-16",870,7198913,656,6286228,33,584812,1641,3199567,3671,166707,5312,3366274,6871,10417,17436227,0
"2022-04-17",347,7199260,202,6286430,27,584839,639,3200206,1154,167861,1793,3368067,2369,10022,17438596,0
"2022-04-18",1393,7200653,1120,6287550,82,584921,2586,3202792,6407,174268,8993,3377060,11588,9809.43,17450184,0
"2022-04-19",1420,7202073,940,6288490,72,584993,2574,3205366,5736,180004,8310,3385370,10742,9589.29,17460926,0
"2022-04-20",1317,7203390,1150,6289640,65,585058,2679,3208045,6613,186617,9292,3394662,11824,9502.71,17472750,0
"2022-04-21",1229,7204619,1063,6290703,53,585111,2330,3210375,5331,191948,7661,3402323,10006,9296.86,17482756,0
"2022-04-22",1219,7205838,1026,6291729,46,585157,2202,3212577,5632,197580,7834,3410157,10125,9075,17492881,0
"2022-04-23",718,7206556,752,6292481,59,585216,1427,3214004,3344,200924,4771,3414928,6300,8993.43,17499181,0
"2022-04-24",443,7206999,339,6292820,27,585243,814,3214818,1807,202731,2621,3417549,3430,9145,17502611,0
"2022-04-25",1031,7208030,917,6293737,64,585307,1854,3216672,5086,207817,6940,3424489,8952,8768.43,17511563,0
"2022-04-26",949,7208979,859,6294596,76,585383,1754,3218426,4685,212502,6439,3430928,8323,8422.86,17519886,0
"2022-04-27",1041,7210020,1027,6295623,80,585463,1932,3220358,5196,217698,7128,3438056,9276,8058.86,17529162,0
"2022-04-28",1091,7211111,990,6296613,50,585513,2006,3222364,4724,222422,6730,3444786,8861,7895.29,17538023,0
"2022-04-29",1192,7212303,1108,6297721,60,585573,2161,3224525,5386,227808,7547,3452333,9907,7864.14,17547930,0
"2022-04-30",729,7213032,743,6298464,43,585616,1394,3225919,2949,230757,4343,3456676,5858,7801,17553788,0
"2022-05-01",447,7213479,366,6298830,20,585636,767,3226686,1654,232411,2421,3459097,3254,7775.86,17557042,0
"2022-05-02",1062,7214541,796,6299626,52,585688,1671,3228357,3812,236223,5483,3464580,7393,7553.14,17564435,0
"2022-05-03",1124,7215665,868,6300494,61,585749,1996,3230353,4851,241074,6847,3471427,8900,7635.57,17573335,0
"2022-05-04",1022,7216687,887,6301381,48,585797,1912,3232265,4627,245701,6539,3477966,8496,7524.14,17581831,0
"2022-05-05",1060,7217747,952,6302333,86,585883,1926,3234191,4864,250565,6790,3484756,8888,7528,17590719,0
"2022-05-06",1096,7218843,961,6303294,51,585934,1867,3236058,4381,254946,6248,3491004,8356,7306.43,17599075,0
"2022-05-07",662,7219505,592,6303886,32,585966,1204,3237262,2424,257370,3628,3494632,4914,7171.57,17603989,0
"2022-05-08",417,7219922,247,6304133,17,585983,667,3237929,1380,258750,2047,3496679,2728,7096.43,17606717,0
"2022-05-09",1087,7221009,950,6305083,60,586043,1886,3239815,4419,263169,6305,3502984,8402,7240.57,17615119,0
"2022-05-10",1098,7222107,939,6306022,54,586097,1988,3241803,4706,267875,6694,3509678,8785,7224.14,17623904,0
"2022-05-11",1095,7223202,981,6307003,44,586141,1941,3243744,4823,272698,6764,3516442,8884,7279.57,17632788,0
"2022-05-12",1103,7224305,951,6307954,58,586199,2004,3245748,4654,277352,6658,3523100,8770,7262.71,17641558,0
"2022-05-13",1166,7225471,1041,6308995,44,586243,2061,3247809,4780,282132,6841,3529941,9092,7367.86,17650650,0
"2022-05-14",832,7226303,671,6309666,31,586274,1472,3249281,2940,285072,4412,3534353,5946,7515.29,17656596,0
"2022-05-15",512,7226815,358,6310024,21,586295,923,3250204,1644,286716,2567,3536920,3458,7619.57,17660054,0
"2022-05-16",1232,7228047,862,6310886,62,586357,1826,3252030,3852,290568,5678,3542598,7834,7538.43,17667888,0
"2022-05-17",1300,7229347,929,6311815,79,586436,2053,3254083,4868,295436,6921,3549519,9229,7601.86,17677117,0
"2022-05-18",1249,7230596,903,6312718,82,586518,2063,3256146,4913,300349,6976,3556495,9210,7648.43,17686327,0
"2022-05-19",1171,7231767,880,6313598,35,586553,2117,3258263,4710,305059,6827,3563322,8913,7668.86,17695240,0
"2022-05-20",1204,7232971,962,6314560,74,586627,2366,3260629,5182,310241,7548,3570870,9788,7768.29,17705028,0
"2022-05-21",838,7233809,648,6315208,23,586650,1727,3262356,3285,313526,5012,3575882,6521,7850.43,17711549,0
"2022-05-22",514,7234323,291,6315499,22,586672,1135,3263491,1835,315361,2970,3578852,3797,7898.86,17715346,0
"2022-05-23",1229,7235552,892,6316391,47,586719,2187,3265678,4691,320052,6878,3585730,9046,8072,17724392,0
"2022-05-24",1437,7236989,940,6317331,66,586785,2295,3267973,4462,324514,6757,3592487,9200,8067.86,17733592,0
"2022-05-25",1442,7238431,959,6318290,56,586841,2263,3270236,4236,328750,6499,3598986,8956,8031.57,17742548,0
"2022-05-26",1184,7239615,872,6319162,60,586901,2260,3272496,4124,332874,6384,3605370,8500,7972.57,17751048,0
"2022-05-27",1259,7240874,960,6320122,38,586939,2491,3274987,3891,336765,6382,3611752,8639,7808.43,17759687,0
"2022-05-28",722,7241596,518,6320640,19,586958,1778,3276765,2059,338824,3837,3615589,5096,7604.86,17764783,0
"2022-05-29",476,7242072,216,6320856,11,586969,763,3277528,1116,339940,1879,3617468,2582,7431.29,17767365,0
"2022-05-30",92,7242164,57,6320913,6,586975,139,3277667,143,340083,282,3617750,437,6201.43,17767802,0
"2022-05-31",1144,7243308,916,6321829,51,587026,1881,3279548,3052,343135,4933,3622683,7044,5893.43,17774846,0
"2022-06-01",1160,7244468,848,6322677,63,587089,1963,3281511,3403,346538,5366,3628049,7437,5676.43,17782283,0
"2022-06-02",1035,7245503,804,6323481,72,587161,1823,3283334,3155,349693,4978,3633027,6889,5446.29,17789172,0
"2022-06-03",1172,7246675,892,6324373,47,587208,2053,3285387,3475,353168,5528,3638555,7639,5303.43,17796811,0
"2022-06-04",728,7247403,583,6324956,26,587234,1548,3286935,1892,355060,3440,3641995,4777,5257.86,17801588,0
"2022-06-05",450,7247853,297,6325253,1,587235,878,3287813,978,356038,1856,3643851,2604,5261,17804192,0
"2022-06-06",1128,7248981,830,6326083,64,587299,1752,3289565,2720,358758,4472,3648323,6494,6126.29,17810686,0
"2022-06-07",1030,7250011,769,6326852,70,587369,1767,3291332,2549,361307,4316,3652639,6185,6003.57,17816871,0
"2022-06-08",1096,7251107,836,6327688,75,587444,1867,3293199,2724,364031,4591,3657230,6598,5883.71,17823469,0
"2022-06-09",1148,7252255,837,6328525,61,587505,2212,3295411,2677,366708,4889,3662119,6935,5890.29,17830404,0
"2022-06-10",1057,7253312,816,6329341,75,587580,1882,3297293,2809,369517,4691,3666810,6639,5747.43,17837043,0
"2022-06-11",684,7253996,510,6329851,24,587604,1315,3298608,1499,371016,2814,3669624,4032,5641,17841075,0
"2022-06-12",351,7254347,286,6330137,20,587624,879,3299487,767,371783,1646,3671270,2303,5598,17843378,0
"2022-06-13",1037,7255384,766,6330903,63,587687,1568,3301055,2171,373954,3739,3675009,5605,5471,17848983,0
"2022-06-14",943,7256327,819,6331722,55,587742,1659,3302714,2483,376437,4142,3679151,5959,5438.71,17854942,0
"2022-06-15",981,7257308,853,6332575,39,587781,1637,3304351,2400,378837,4037,3683188,5910,5340.43,17860852,0
"2022-06-16",944,7258252,778,6333353,59,587840,1808,3306159,2340,381177,4148,3687336,5929,5196.71,17866781,0
"2022-06-17",903,7259155,791,6334144,44,587884,1745,3307904,2386,383563,4131,3691467,5869,5086.71,17872650,0
"2022-06-18",666,7259821,519,6334663,26,587910,1276,3309180,1289,384852,2565,3694032,3776,5050.14,17876426,0
"2022-06-19",354,7260175,236,6334899,16,587926,724,3309904,603,385455,1327,3695359,1933,4997.29,17878359,0
"2022-06-20",837,7261012,489,6335388,41,587967,1559,3311463,1608,387063,3167,3698526,4534,4844.29,17882893,0
"2022-06-21",1135,7262147,727,6336115,50,588017,1673,3313136,2116,389179,3789,3702315,5701,4807.43,17888594,0
"2022-06-22",1966,7264113,821,6336936,45,588062,1681,3314817,1977,391156,3658,3705973,6490,4890.29,17895084,0
"2022-06-23",2106,7266219,747,6337683,64,588126,1688,3316505,2140,393296,3828,3709801,6745,5006.86,17901829,0
"2022-06-24",2170,7268389,757,6338440,48,588174,1616,3318121,2124,395420,3740,3713541,6715,5127.71,17908544,0
"2022-06-25",2140,7270529,487,6338927,15,588189,1231,3319352,1132,396552,2363,3715904,5005,5303.29,17913549,0
"2022-06-26",1213,7271742,248,6339175,14,588203,679,3320031,529,397081,1208,3717112,2683,5410.43,17916232,0
"2022-06-27",1519,7273261,649,6339824,60,588263,1450,3321481,1602,398683,3052,3720164,5280,5517,17921512,0
"2022-06-28",1688,7274949,828,6340652,50,588313,1842,3323323,2116,400799,3958,3724122,6524,5634.57,17928036,0
"2022-06-29",1828,7276777,763,6341415,48,588361,1677,3325000,1909,402708,3586,3727708,6225,5596.71,17934261,0
"2022-06-30",1840,7278617,800,6342215,46,588407,1723,3326723,2088,404796,3811,3731519,6497,5561.29,17940758,0
"2022-07-01",1562,7280179,590,6342805,22,588429,1376,3328099,1713,406509,3089,3734608,5263,5353.86,17946021,0
"2022-07-02",971,7281150,378,6343183,16,588445,832,3328931,925,407434,1757,3736365,3122,5084.86,17949143,0
"2022-07-03",529,7281679,206,6343389,5,588450,459,3329390,482,407916,941,3737306,1681,4941.71,17950824,0
"2022-07-04",35,7281714,26,6343415,1,588451,30,3329420,38,407954,68,3737374,130,4206,17950954,0
"2022-07-05",1268,7282982,747,6344162,35,588486,1389,3330809,1726,409680,3115,3740489,5165,4011.86,17956119,0
"2022-07-06",1599,7284581,675,6344837,44,588530,1412,3332221,1792,411472,3204,3743693,5522,3911.43,17961641,0
"2022-07-07",1549,7286130,707,6345544,45,588575,1501,3333722,1965,413437,3466,3747159,5767,3807.14,17967408,0
"2022-07-08",1607,7287737,641,6346185,37,588612,1456,3335178,1949,415386,3405,3750564,5690,3868.14,17973098,0
"2022-07-09",966,7288703,406,6346591,25,588637,875,3336053,1336,416722,2211,3752775,3608,3937.57,17976706,0
"2022-07-10",643,7289346,184,6346775,16,588653,424,3336477,656,417378,1080,3753855,1923,3972.14,17978629,0
"2022-07-11",1366,7290712,623,6347398,49,588702,1416,3337893,2182,419560,3598,3757453,5636,4758.71,17984265,0
"2022-07-12",1386,7292098,681,6348079,45,588747,1385,3339278,2482,422042,3867,3761320,5979,4875,17990244,0
"2022-07-13",1580,7293678,716,6348795,35,588782,1470,3340748,2702,424744,4172,3765492,6503,5015.14,17996747,0
"2022-07-14",1551,7295229,830,6349625,47,588829,1566,3342314,3006,427750,4572,3770064,7000,5191.29,18003747,0
"2022-07-15",1582,7296811,916,6350541,41,588870,1542,3343856,3014,430764,4556,3774620,7095,5392,18010842,0
"2022-07-16",875,7297686,570,6351111,9,588879,959,3344815,1688,432452,2647,3777267,4101,5462.43,18014943,0
"2022-07-17",545,7298231,292,6351403,16,588895,526,3345341,1157,433609,1683,3778950,2536,5550,18017479,0
"2022-07-18",1372,7299603,830,6352233,43,588938,1408,3346749,2413,436022,3821,3782771,6066,5611.43,18023545,0
"2022-07-19",1420,7301023,958,6353191,48,588986,1517,3348266,2759,438781,4276,3787047,6702,5714.71,18030247,0
"2022-07-20",1359,7302382,1449,6354640,50,589036,1306,3349572,2332,441113,3638,3790685,6496,5713.71,18036743,0
"2022-07-21",1312,7303694,1408,6356048,45,589081,1359,3350931,2299,443412,3658,3794343,6423,5631.29,18043166,0
"2022-07-22",1399,7305093,1519,6357567,35,589116,1510,3352441,2798,446210,4308,3798651,7261,5655,18050427,120000
"2022-07-23",892,7305985,1073,6358640,15,589131,977,3353418,1520,447730,2497,3801148,4477,5708.71,18054904,120000
"2022-07-24",476,7306461,624,6359264,13,589144,486,3353904,792,448522,1278,3802426,2391,5688,18057295,120000
"2022-07-25",1194,7307655,749,6360013,49,589193,1230,3355134,2008,450530,3238,3805664,5230,5568.57,18062525,120000
"2022-07-26",1174,7308829,982,6360995,33,589226,1408,3356542,2335,452865,3743,3809407,5932,5458.57,18068457,120000
"2022-07-27",1149,7309978,1138,6362133,24,589250,1139,3357681,1729,454594,2868,3812275,5179,5270.43,18073636,120000
"2022-07-28",449,7310427,574,6362707,30,589280,423,3358104,625,455219,1048,3813323,2101,4653,18075737,120000
