"DATE","ADMIN_DOSE1_DAILY","ADMIN_DOSE1_CUMULATIVE","ADMIN_DOSE2_DAILY","ADMIN_DOSE2_CUMULATIVE","ADMIN_SINGLE_DAILY","ADMIN_SINGLE_CUMULATIVE","ADMIN_ADDITIONAL1_DAILY","ADMIN_ADDITIONAL1_CUMULATIVE","ADMIN_ADDITIONAL2_DAILY","ADMIN_ADDITIONAL2_CUMULATIVE","ADMIN_ADDITIONAL_DAILY","ADMIN_ADDITIONAL_CUMULATIVE","ADMIN_ALLDOSES_DAILY","ADMIN_ALLDOSES_7DAYAVG","ADMIN_ALLDOSES_CUMULATIVE","ADMIN_ALLDOSES_PRIMARY","INCOMPLETE"
2020-12-14,79,79,0,0,2,2,0,0,0,0,0,0,81,,81,81,0
2020-12-15,2051,2130,6,6,5,7,0,0,0,0,0,0,2062,,2143,2143,0
2020-12-16,4606,6736,15,21,4,11,1,1,0,0,1,1,4626,,6769,6768,0
2020-12-17,4658,11394,18,39,2,13,1,2,0,0,1,2,4679,,11448,11446,0
2020-12-18,5832,17226,18,57,2,15,2,4,0,0,2,4,5854,,17302,17298,0
2020-12-19,1689,18915,7,64,3,18,0,4,0,0,0,4,1699,,19001,18997,0
2020-12-20,1116,20031,2,66,1,19,0,4,0,0,0,4,1119,2874.29,20120,20116,0
2020-12-21,6343,26374,20,86,0,19,5,9,0,0,5,9,6368,3772.43,26488,26479,0
2020-12-22,9796,36170,27,113,2,21,1,10,0,0,1,10,9826,4881.57,36314,36304,0
2020-12-23,14274,50444,35,148,3,24,0,10,0,0,0,10,14312,6265.29,50626,50616,0
2020-12-24,7195,57639,26,174,1,25,0,10,0,0,0,10,7222,6628.57,57848,57838,0
2020-12-25,180,57819,0,174,0,25,1,11,0,0,1,11,181,5818.14,58029,58018,0
2020-12-26,4388,62207,45,219,0,25,1,12,0,0,1,12,4434,6208.86,62463,62451,0
2020-12-27,3870,66077,14,233,0,25,1,13,0,0,1,13,3885,6604,66348,66335,0
2020-12-28,10992,77069,49,282,1,26,3,16,0,0,3,16,11045,7272.14,77393,77377,0
2020-12-29,10717,87786,35,317,2,28,2,18,0,0,2,18,10756,7405,88149,88131,0
2020-12-30,12823,100609,45,362,0,28,0,18,0,0,0,18,12868,7198.71,101017,100999,0
2020-12-31,7260,107869,36,398,1,29,0,18,0,0,0,18,7297,7209.43,108314,108296,0
2021-01-01,181,108050,2,400,1,30,3,21,0,0,3,21,187,7210.29,108501,108480,0
2021-01-02,3809,111859,10,410,3,33,2,23,0,0,2,23,3824,7123.14,112325,112302,0
2021-01-03,3542,115401,24,434,2,35,1,24,0,0,1,24,3569,7078,115894,115870,0
2021-01-04,12255,127656,807,1241,2,37,7,31,0,0,7,31,13071,7367.43,128965,128934,0
2021-01-05,14091,141747,2191,3432,2,39,12,43,1,1,13,44,16297,8159,145262,145218,0
2021-01-06,17798,159545,3925,7357,1,40,32,75,8,9,40,84,21764,9429.86,167026,166942,0
2021-01-07,16550,176095,5172,12529,4,44,45,120,3,12,48,132,21774,11498,188800,188668,0
2021-01-08,16615,192710,5458,17987,0,44,34,154,4,16,38,170,22111,14630,210911,210741,0
2021-01-09,7651,200361,1462,19449,1,45,7,161,2,18,9,179,9123,15387,220034,219855,0
2021-01-10,7880,208241,984,20433,0,45,11,172,0,18,11,190,8875,16145,228909,228719,0
2021-01-11,25823,234064,7455,27888,2,47,49,221,8,26,57,247,33337,19040.14,262246,261999,0
2021-01-12,28250,262314,7863,35751,1,48,44,265,4,30,48,295,36162,21878,298408,298113,0
2021-01-13,31718,294032,9395,45146,1,49,59,324,4,34,63,358,41177,24651.29,339585,339227,0
2021-01-14,35811,329843,5316,50462,1,50,31,355,7,41,38,396,41166,27421.57,380751,380355,0
2021-01-15,29264,359107,3707,54169,2,52,31,386,5,46,36,432,33009,28978.43,413760,413328,0
2021-01-16,30286,389393,2382,56551,0,52,23,409,6,52,29,461,32697,32346.14,446457,445996,0
2021-01-17,23743,413136,1634,58185,0,52,19,428,1,53,20,481,25397,34706.43,471854,471373,0
2021-01-18,27092,440228,2422,60607,0,52,36,464,7,60,43,524,29558,34166.57,501412,500888,0
2021-01-19,34294,474522,9632,70239,1,53,69,533,6,66,75,599,44002,35286.57,545414,544815,0
2021-01-20,34866,509388,9497,79736,1,54,57,590,4,70,61,660,44425,35750.57,589839,589179,0
2021-01-21,25586,534974,8095,87831,2,56,51,641,5,75,56,716,33739,34689.57,623578,622862,0
2021-01-22,24749,559723,4388,92219,1,57,32,673,7,82,39,755,29177,34142.14,652755,652000,0
2021-01-23,15740,575463,3226,95445,0,57,10,683,2,84,12,767,18978,32182.29,671733,670966,0
2021-01-24,7177,582640,3454,98899,0,57,20,703,1,85,21,788,10652,30075.86,682385,681597,0
2021-01-25,13407,596047,11823,110722,0,57,66,769,12,97,78,866,25308,29468.71,707693,706827,0
2021-01-26,16758,612805,10757,121479,0,57,69,838,2,99,71,937,27586,27123.57,735279,734342,0
2021-01-27,20835,633640,12354,133833,0,57,54,892,9,108,63,1000,33252,25527.43,768531,767531,0
2021-01-28,30762,664402,12848,146681,0,57,82,974,16,124,98,1098,43711,26952,812242,811144,0
2021-01-29,31687,696089,11511,158192,0,57,82,1056,10,134,92,1190,43290,28968.14,855532,854342,0
2021-01-30,18709,714798,3742,161934,0,57,20,1076,2,136,22,1212,22473,29467.43,878005,876793,0
2021-01-31,13015,727813,2923,164857,1,58,29,1105,5,141,34,1246,15973,30227.57,893978,892732,0
2021-02-01,1179,728992,5368,170225,4,62,38,1143,4,145,42,1288,6593,27554,900571,899283,0
2021-02-02,2826,731818,9478,179703,2,64,47,1190,4,149,51,1339,12357,25378.43,912928,911589,0
2021-02-03,16347,748165,21246,200949,4,68,205,1395,20,169,225,1564,37822,26031.29,950750,949186,0
2021-02-04,27042,775207,19650,220599,3,71,203,1598,10,179,213,1777,46908,26488,997658,995881,0
2021-02-05,27588,802795,20036,240635,0,71,184,1782,15,194,199,1976,47823,27135.57,1045481,1043505,0
2021-02-06,22988,825783,11246,251881,0,71,113,1895,12,206,125,2101,34359,28833.57,1079840,1077739,0
2021-02-07,12039,837822,8282,260163,1,72,93,1988,14,220,107,2208,20429,29470.14,1100269,1098061,0
2021-02-08,16952,854774,23519,283682,2,74,236,2224,34,254,270,2478,40743,34348.71,1141012,1138534,0
2021-02-09,17190,871964,28103,311785,2,76,342,2566,43,297,385,2863,45680,39109.14,1186692,1183829,0
2021-02-10,19592,891556,29290,341075,2,78,280,2846,48,345,328,3191,49213,40736.43,1235905,1232714,0
2021-02-11,27844,919400,33474,374549,2,80,338,3184,58,403,396,3587,61718,42852.14,1297623,1294036,0
2021-02-12,38381,957781,30797,405346,3,83,365,3549,39,442,404,3991,69585,45961,1367208,1363217,0
2021-02-13,27999,985780,25315,430661,2,85,309,3858,54,496,363,4354,53680,48721.14,1420888,1416534,0
2021-02-14,16277,1002057,23728,454389,0,85,267,4125,32,528,299,4653,40304,51560.43,1461192,1456539,0
2021-02-15,12794,1014851,10523,464912,2,87,177,4302,24,552,201,4854,23520,49100,1484712,1479858,0
2021-02-16,14242,1029093,26721,491633,0,87,329,4631,37,589,366,5220,41329,48478.43,1526041,1520821,0
2021-02-17,16390,1045483,22195,513828,1,88,283,4914,39,628,322,5542,38908,47006.29,1564949,1559407,0
2021-02-18,12145,1057628,24994,538822,21,109,293,5207,42,670,335,5877,37495,43545.86,1602444,1596567,0
2021-02-19,13261,1070889,23930,562752,39,148,310,5517,45,715,355,6232,37585,38974.43,1640029,1633797,0
2021-02-20,11353,1082242,26071,588823,6,154,329,5846,78,793,407,6639,37838,36711.29,1677867,1671228,0
2021-02-21,6361,1088603,17412,606235,15,169,290,6136,47,840,337,6976,24125,34400,1701992,1695016,0
2021-02-22,13043,1101646,11842,618077,2,171,128,6264,22,862,150,7126,25037,34616.71,1727029,1719903,0
2021-02-23,25249,1126895,14142,632219,1,172,157,6421,36,898,193,7319,39586,34367.71,1766615,1759296,0
2021-02-24,36356,1163251,20393,652612,0,172,227,6648,41,939,268,7587,57017,36954.71,1823632,1816045,0
2021-02-25,54611,1217862,30397,683009,6,178,400,7048,63,1002,463,8050,85477,43809.29,1909109,1901059,0
2021-02-26,62854,1280716,31868,714877,4,182,421,7469,80,1082,501,8551,95227,52043.86,2004336,1995785,0
2021-02-27,51290,1332006,22754,737631,47,229,337,7806,52,1134,389,8940,74480,57278.43,2078816,2069876,0
2021-02-28,44583,1376589,13831,751462,7,236,207,8013,34,1168,241,9181,58662,62212.29,2137478,2128297,0
2021-03-01,39318,1415907,12778,764240,10,246,168,8181,25,1193,193,9374,52299,66106.86,2189777,2180403,0
2021-03-02,47082,1462989,12579,776819,7,253,159,8340,14,1207,173,9547,59841,69000.43,2249618,2240071,0
2021-03-03,48603,1511592,16155,792974,17,270,150,8490,21,1228,171,9718,64946,70133.14,2314564,2304846,0
2021-03-04,59820,1571412,22818,815792,1092,1362,275,8765,35,1263,310,10028,84040,69927.86,2398604,2388576,0
2021-03-05,60981,1632393,24283,840075,3108,4470,337,9102,36,1299,373,10401,88745,69001.86,2487349,2476948,0
2021-03-06,47175,1679568,18882,858957,5451,9921,243,9345,36,1335,279,10680,71787,68617.14,2559136,2548456,0
2021-03-07,36039,1715607,14881,873838,6245,16166,234,9579,20,1355,254,10934,57419,68439.57,2616555,2605621,0
2021-03-08,39626,1755233,14680,888518,8561,24727,317,9896,92,1447,409,11343,63276,70007.71,2679831,2668488,0
2021-03-09,39105,1794338,12853,901371,7760,32487,184,10080,34,1481,218,11561,59936,70021.29,2739767,2728206,0
2021-03-10,51824,1846162,15361,916732,5066,37553,226,10306,33,1514,259,11820,72510,71101.86,2812277,2800457,0
2021-03-11,59985,1906147,21820,938552,4619,42172,250,10556,48,1562,298,12118,86722,71485,2898999,2886881,0
2021-03-12,52199,1958346,30309,968861,4182,46354,380,10936,85,1647,465,12583,87155,71257.86,2986154,2973571,0
2021-03-13,40646,1998992,26687,995548,5110,51464,330,11266,53,1700,383,12966,72826,71406.29,3058980,3046014,0
2021-03-14,30713,2029705,15973,1011521,4526,55990,241,11507,28,1728,269,13235,51482,70558.14,3110462,3097227,0
2021-03-15,33592,2063297,17258,1028779,4709,60699,238,11745,33,1761,271,13506,55830,69494.43,3166292,3152786,0
2021-03-16,38669,2101966,20517,1049296,4926,65625,258,12003,35,1796,293,13799,64405,70132.86,3230697,3216898,0
2021-03-17,42612,2144578,24791,1074087,4244,69869,348,12351,39,1835,387,14186,72034,70064.86,3302731,3288545,0
2021-03-18,50439,2195017,26813,1100900,5235,75104,373,12724,61,1896,434,14620,82921,69521.86,3385652,3371032,0
2021-03-19,47792,2242809,29960,1130860,5624,80728,394,13118,71,1967,465,15085,83842,69048.57,3469494,3454409,0
2021-03-20,38710,2281519,25836,1156696,4685,85413,298,13416,61,2028,359,15444,69590,68586.29,3539084,3523640,0
2021-03-21,29297,2310816,19360,1176056,769,86182,225,13641,44,2072,269,15713,49695,68331,3588779,3573066,0
2021-03-22,33866,2344682,26739,1202795,4037,90219,263,13904,39,2111,302,16015,64945,69633.14,3653724,3637709,0
2021-03-23,38431,2383113,32845,1235640,4216,94435,299,14203,55,2166,354,16369,75846,71267.57,3729570,3713201,0
2021-03-24,41495,2424608,37611,1273251,4848,99283,328,14531,63,2229,391,16760,84345,73026.29,3813915,3797155,0
2021-03-25,43399,2468007,50804,1324055,5054,104337,481,15012,86,2315,567,17327,99824,75441,3913739,3896412,0
2021-03-26,38500,2506507,55515,1379570,4309,108646,531,15543,99,2414,630,17957,98954,77599.86,4012693,3994736,0
2021-03-27,35737,2542244,45754,1425324,2939,111585,420,15963,82,2496,502,18459,84932,79791.57,4097625,4079166,0
2021-03-28,26387,2568631,34456,1459780,1482,113067,340,16303,65,2561,405,18864,62730,81653.71,4160355,4141491,0
2021-03-29,34812,2603443,38868,1498648,3246,116313,351,16654,110,2671,461,19325,77387,83431.14,4237742,4218417,0
2021-03-30,40505,2643948,41929,1540577,3713,120026,343,16997,64,2735,407,19732,86554,84960.86,4324296,4304564,0
2021-03-31,49392,2693340,44877,1585454,7441,127467,405,17402,87,2822,492,20224,102202,87511.86,4426498,4406274,0
2021-04-01,50774,2744114,53955,1639409,11277,138744,502,17904,85,2907,587,20811,116593,89907.43,4543091,4522280,0
2021-04-02,43757,2787871,53885,1693294,11970,150714,554,18458,69,2976,623,21434,110235,91519,4653326,4631892,0
2021-04-03,39247,2827118,39219,1732513,9859,160573,337,18795,59,3035,396,21830,88721,92060.29,4742047,4720217,0
2021-04-04,26554,2853672,24789,1757302,3903,164476,227,19022,49,3084,276,22106,55522,91030.57,4797569,4775463,0
2021-04-05,41882,2895554,34488,1791790,11198,175674,375,19397,60,3144,435,22541,88003,92547.14,4885572,4863031,0
2021-04-06,53260,2948814,35617,1827407,13218,188892,434,19831,77,3221,511,23052,102606,94840.29,4988178,4965126,0
2021-04-07,55499,3004313,40699,1868106,14388,203280,408,20239,83,3304,491,23543,111077,96108.14,5099255,5075712,0
2021-04-08,59259,3063572,46597,1914703,16340,219620,522,20761,87,3391,609,24152,122805,96995.57,5222060,5197908,0
2021-04-09,56642,3120214,44963,1959666,17559,237179,521,21282,77,3468,598,24750,119762,98356.57,5341822,5317072,0
2021-04-10,49344,3169558,35644,1995310,12722,249901,395,21677,61,3529,456,25206,98166,99705.86,5439988,5414782,0
2021-04-11,38181,3207739,28819,2024129,7681,257582,296,21973,58,3587,354,25560,75035,102493.43,5515023,5489463,0
2021-04-12,46630,3254369,31847,2055976,13500,271082,468,22441,66,3653,534,26094,92511,103137.43,5607534,5581440,0
2021-04-13,52545,3306914,33787,2089763,368,271450,400,22841,63,3716,463,26557,87163,100931.29,5694697,5668140,0
2021-04-14,50142,3357056,39963,2129726,20,271470,369,23210,72,3788,441,26998,90566,98001.14,5785263,5758265,0
2021-04-15,52117,3409173,43688,2173414,16,271486,455,23665,106,3894,561,27559,96383,94226.57,5881646,5854087,0
2021-04-16,51188,3460361,42213,2215627,32,271518,434,24099,70,3964,504,28063,93937,90537.29,5975583,5947520,0
2021-04-17,43835,3504196,35691,2251318,3,271521,370,24469,85,4049,455,28518,79984,87939.86,6055567,6027049,0
2021-04-18,28605,3532801,29368,2280686,7,271528,254,24723,65,4114,319,28837,58299,85549,6113866,6085029,0
2021-04-19,37462,3570263,36451,2317137,22,271550,329,25052,65,4179,394,29231,74329,82951.57,6188195,6158964,0
2021-04-20,40811,3611074,39627,2356764,19,271569,317,25369,82,4261,399,29630,80856,82050.57,6269051,6239421,0
2021-04-21,38891,3649965,46020,2402784,16,271585,500,25869,98,4359,598,30228,85525,81330.43,6354576,6324348,0
2021-04-22,38489,3688454,48963,2451747,9,271594,342,26211,74,4433,416,30644,87878,80115.43,6442454,6411810,0
2021-04-23,39693,3728147,44386,2496133,3,271597,350,26561,74,4507,424,31068,84506,78768.14,6526960,6495892,0
2021-04-24,31944,3760091,41605,2537738,44,271641,277,26838,62,4569,339,31407,73932,77903.57,6600892,6569485,0
2021-04-25,18420,3778511,31227,2568965,87,271728,197,27035,59,4628,256,31663,49990,76716.57,6650882,6619219,0
2021-04-26,26967,3805478,40734,2609699,1012,272740,290,27325,89,4717,379,32042,69092,75968.43,6719974,6687932,0
2021-04-27,28573,3834051,47135,2656834,1699,274439,358,27683,94,4811,452,32494,77859,75540.29,6797833,6765339,0
2021-04-28,27027,3861078,56846,2713680,2146,276585,437,28120,99,4910,536,33030,86555,75687.43,6884388,6851358,0
2021-04-29,28611,3889689,57198,2770878,2148,278733,369,28489,98,5008,467,33497,88424,75765.43,6972812,6939315,0
2021-04-30,30117,3919806,51989,2822867,2058,280791,285,28774,74,5082,359,33856,84524,75768,7057336,7023480,0
2021-05-01,22478,3942284,44540,2867407,1177,281968,235,29009,64,5146,299,34155,68494,74991.14,7125830,7091675,0
2021-05-02,11921,3954205,36654,2904061,1081,283049,143,29152,54,5200,197,34352,49853,74971.57,7175683,7141331,0
2021-05-03,18021,3972226,53032,2957093,2383,285432,255,29407,92,5292,347,34699,73784,75641.86,7249467,7214768,0
2021-05-04,22735,3994961,56655,3013748,2331,287763,268,29675,115,5407,383,35082,82104,76248.29,7331571,7296489,0
2021-05-05,21479,4016440,48765,3062513,2313,290076,311,29986,102,5509,413,35495,72970,74307.57,7404541,7369046,0
2021-05-06,20676,4037116,50177,3112690,2508,292584,276,30262,89,5598,365,35860,73726,72207.86,7478267,7442407,0
2021-05-07,21250,4058366,52095,3164785,2812,295396,311,30573,79,5677,390,36250,76547,71068.29,7554814,7518564,0
2021-05-08,16628,4074994,41868,3206653,1835,297231,232,30805,69,5746,301,36551,60632,69945.14,7615446,7578895,0
2021-05-09,7970,4082964,29414,3236067,1260,298491,151,30956,56,5802,207,36758,38851,68373.43,7654297,7617539,0
2021-05-10,14381,4097345,38534,3274601,2355,300846,238,31194,92,5894,330,37088,55600,65775.71,7709897,7672809,0
2021-05-11,19910,4117255,43061,3317662,2514,303360,283,31477,86,5980,369,37457,65854,63454.29,7775751,7738294,0
2021-05-12,17821,4135076,40546,3358208,3595,306955,233,31710,79,6059,312,37769,62274,61926.29,7838025,7800256,0
2021-05-13,24969,4160045,40433,3398641,3230,310185,262,31972,77,6136,339,38108,68971,61247,7906996,7868888,0
2021-05-14,27031,4187076,42925,3441566,3537,313722,267,32239,96,6232,363,38471,73856,60862.57,7980852,7942381,0
2021-05-15,23650,4210726,34920,3476486,3365,317087,251,32490,76,6308,327,38798,62262,61095.43,8043114,8004316,0
2021-05-16,15521,4226247,19454,3495940,2496,319583,123,32613,45,6353,168,38966,37639,60922.29,8080753,8041787,0
2021-05-17,22670,4248917,29147,3525087,3254,322837,182,32795,67,6420,249,39215,55320,60882.29,8136073,8096858,0
2021-05-18,24634,4273551,31910,3556997,3405,326242,240,33035,74,6494,314,39529,60263,60083.57,8196336,8156807,0
2021-05-19,24186,4297737,29725,3586722,3041,329283,226,33261,48,6542,274,39803,57226,59362.43,8253562,8213759,0
2021-05-20,24151,4321888,30102,3616824,3162,332445,264,33525,86,6628,350,40153,57765,57761.57,8311327,8271174,0
2021-05-21,24676,4346564,32002,3648826,3057,335502,246,33771,60,6688,306,40459,60041,55788,8371368,8330909,0
2021-05-22,20018,4366582,24369,3673195,2525,338027,163,33934,48,6736,211,40670,47123,53625.29,8418491,8377821,0
2021-05-23,11229,4377811,13734,3686929,1411,339438,94,34028,32,6768,126,40796,26500,52034,8444991,8404195,0
2021-05-24,18870,4396681,23164,3710093,2756,342194,213,34241,55,6823,268,41064,45058,50568,8490049,8448985,0
2021-05-25,19429,4416110,23382,3733475,2603,344797,171,34412,57,6880,228,41292,45642,48479.29,8535691,8494399,0
2021-05-26,18783,4434893,21095,3754570,2696,347493,199,34611,48,6928,247,41539,42821,46421.43,8578512,8536973,0
2021-05-27,18466,4453359,21280,3775850,2529,350022,180,34791,61,6989,241,41780,42516,44243,8621028,8579248,0
2021-05-28,17860,4471219,22883,3798733,2751,352773,187,34978,56,7045,243,42023,43737,41913.86,8664765,8622742,0
2021-05-29,12707,4483926,17811,3816544,1755,354528,107,35085,39,7084,146,42169,32419,39813.29,8697184,8655015,0
2021-05-30,7029,4490955,8949,3825493,1074,355602,49,35134,17,7101,66,42235,17118,38473,8714302,8672067,0
2021-05-31,4742,4495697,6924,3832417,1012,356614,64,35198,17,7118,81,42316,12759,33858.86,8727061,8684745,0
2021-06-01,16048,4511745,25194,3857611,2176,358790,155,35353,43,7161,198,42514,43616,33569.43,8770677,8728163,0
2021-06-02,15355,4527100,20397,3878008,2095,360885,139,35492,48,7209,187,42701,38034,32885.57,8808711,8766010,0
2021-06-03,15003,4542103,23825,3901833,2281,363166,128,35620,44,7253,172,42873,41281,32709.14,8849992,8807119,0
2021-06-04,14720,4556823,25995,3927828,2492,365658,145,35765,41,7294,186,43059,43393,32660,8893385,8850326,0
2021-06-05,10991,4567814,22090,3949918,1806,367464,115,35880,28,7322,143,43202,35030,33033,8928415,8885213,0
2021-06-06,6442,4574256,14486,3964404,1222,368686,89,35969,13,7335,102,43304,22252,33766.43,8950667,8907363,0
2021-06-07,11701,4585957,21784,3986188,2378,371064,140,36109,37,7372,177,43481,36040,37092.29,8986707,8943226,0
2021-06-08,12633,4598590,24023,4010211,2072,373136,124,36233,46,7418,170,43651,38898,36418.29,9025605,8981954,0
2021-06-09,11133,4609723,23026,4033237,2299,375435,136,36369,39,7457,175,43826,36633,36218.14,9062238,9018412,0
2021-06-10,12062,4621785,22238,4055475,2462,377897,138,36507,59,7516,197,44023,36959,35600.71,9099197,9055174,0
2021-06-11,12708,4634493,25125,4080600,2484,380381,156,36663,58,7574,214,44237,40531,35191.86,9139728,9095491,0
2021-06-12,10162,4644655,19318,4099918,1888,382269,93,36756,43,7617,136,44373,31504,34688.14,9171232,9126859,0
2021-06-13,4257,4648912,10933,4110851,1219,383488,41,36797,22,7639,63,44436,16472,33862.43,9187704,9143268,0
2021-06-14,10208,4659120,19240,4130091,2043,385531,128,36925,52,7691,180,44616,31671,33238.29,9219375,9174759,0
2021-06-15,11884,4671004,21018,4151109,1943,387474,131,37056,40,7731,171,44787,35016,32683.71,9254391,9209604,0
2021-06-16,11586,4682590,19408,4170517,1957,389431,146,37202,68,7799,214,45001,33165,32188.29,9287556,9242555,0
2021-06-17,11023,4693613,18761,4189278,1973,391404,124,37326,35,7834,159,45160,31916,31467.86,9319472,9274312,0
2021-06-18,12167,4705780,18499,4207777,2115,393519,113,37439,36,7870,149,45309,32930,30382,9352402,9307093,0
2021-06-19,8495,4714275,13518,4221295,1459,394978,84,37523,21,7891,105,45414,23577,29249.57,9375979,9330565,0
2021-06-20,4336,4718611,7158,4228453,924,395902,36,37559,17,7908,53,45467,12471,28678,9388450,9342983,0
2021-06-21,10164,4728775,10010,4238463,1807,397709,68,37627,27,7935,95,45562,22076,27307.29,9410526,9364964,0
2021-06-22,9839,4738614,15641,4254104,1589,399298,105,37732,28,7963,133,45695,27202,26191,9437728,9392033,0
2021-06-23,10311,4748925,15186,4269290,1863,401161,103,37835,30,7993,133,45828,27493,25380.71,9465221,9419393,0
2021-06-24,9684,4758609,14700,4283990,1799,402960,120,37955,26,8019,146,45974,26329,24582.57,9491550,9445576,0
2021-06-25,10589,4769198,14386,4298376,1721,404681,113,38068,38,8057,151,46125,26847,23713.57,9518397,9472272,0
2021-06-26,7800,4776998,10466,4308842,1250,405931,75,38143,24,8081,99,46224,19615,23147.57,9538012,9491788,0
2021-06-27,5001,4781999,6000,4314842,795,406726,34,38177,14,8095,48,46272,11844,23058,9549856,9503584,0
2021-06-28,9035,4791034,10344,4325186,1526,408252,109,38286,26,8121,135,46407,21040,22910,9570896,9524489,0
2021-06-29,9736,4800770,12328,4337514,1347,409599,123,38409,32,8153,155,46562,23566,22390.57,9594462,9547900,0
2021-06-30,9431,4810201,10932,4348446,1487,411086,148,38557,16,8169,164,46726,22014,21607.86,9616476,9569750,0
2021-07-01,9396,4819597,10929,4359375,1434,412520,130,38687,24,8193,154,46880,21913,20977,9638389,9591509,0
2021-07-02,9694,4829291,11451,4370826,1541,414061,119,38806,22,8215,141,47021,22828,20402.86,9661217,9614196,0
2021-07-03,7055,4836346,8419,4379245,1193,415254,78,38884,17,8232,95,47116,16762,19995.29,9677979,9630863,0
2021-07-04,1288,4837634,1335,4380580,567,415821,9,38893,3,8235,12,47128,3202,18760.71,9681181,9634053,0
2021-07-05,6496,4844130,7106,4387686,1208,417029,64,38957,22,8257,86,47214,14896,17883,9696077,9648863,0
2021-07-06,9512,4853642,12852,4400538,1315,418344,116,39073,37,8294,153,47367,23832,17921,9719909,9672542,0
2021-07-07,8665,4862307,11112,4411650,1419,419763,123,39196,19,8313,142,47509,21338,17824.43,9741247,9693738,0
2021-07-08,8218,4870525,10194,4421844,1260,421023,108,39304,22,8335,130,47639,19802,17522.86,9761049,9713410,0
2021-07-09,8373,4878898,10835,4432679,1278,422301,90,39394,18,8353,108,47747,20594,17203.71,9781643,9733896,0
2021-07-10,7103,4886001,8634,4441313,1132,423433,63,39457,20,8373,83,47830,16952,17230.86,9798595,9750765,0
2021-07-11,4105,4890106,4540,4445853,702,424135,35,39492,6,8379,41,47871,9388,18114.57,9807983,9760112,0
2021-07-12,8446,4898552,9563,4455416,1252,425387,82,39574,23,8402,105,47976,19366,18753.14,9827349,9779373,0
2021-07-13,9463,4908015,9394,4464810,952,426339,105,39679,34,8436,139,48115,19948,18198.29,9847297,9799182,0
2021-07-14,9000,4917015,9533,4474343,1011,427350,105,39784,21,8457,126,48241,19670,17960,9866967,9818726,0
2021-07-15,8795,4925810,9155,4483498,1054,428404,80,39864,19,8476,99,48340,19103,17860.14,9886070,9837730,0
2021-07-16,9246,4935056,9763,4493261,981,429385,102,39966,29,8505,131,48471,20121,17792.57,9906191,9857720,0
2021-07-17,6840,4941896,7386,4500647,803,430188,80,40046,20,8525,100,48571,15129,17532.14,9921320,9872749,0
2021-07-18,4255,4946151,4285,4504932,576,430764,35,40081,13,8538,48,48619,9164,17500.14,9930484,9881865,0
2021-07-19,9120,4955271,8480,4513412,999,431763,91,40172,22,8560,113,48732,18712,17406.71,9949196,9900464,0
2021-07-20,10646,4965917,8759,4522171,991,432754,95,40267,25,8585,120,48852,20516,17487.86,9969712,9920860,0
2021-07-21,10060,4975977,8765,4530936,904,433658,148,40415,33,8618,181,49033,19910,17522.14,9989622,9940589,0
2021-07-22,10689,4986666,8587,4539523,1046,434704,144,40559,26,8644,170,49203,20492,17720.57,10010114,9960911,0
2021-07-23,11252,4997918,8881,4548404,1114,435818,139,40698,23,8667,162,49365,21409,17904.57,10031523,9982158,0
2021-07-24,7398,5005316,6741,4555145,670,436488,83,40781,24,8691,107,49472,14916,17874.14,10046439,9996967,0
2021-07-25,5475,5010791,2126,4557271,509,436997,59,40840,4,8695,63,49535,8173,17732.57,10054612,10005077,0
2021-07-26,10870,5021661,7006,4564277,859,437856,109,40949,20,8715,129,49664,18864,17754.29,10073476,10023812,0
2021-07-27,12068,5033729,8570,4572847,857,438713,134,41083,39,8754,173,49837,21668,17918.86,10095144,10045307,0
2021-07-28,12016,5045745,8053,4580900,950,439663,132,41215,27,8781,159,49996,21178,18100,10116322,10066326,0
2021-07-29,10932,5056677,7433,4588333,984,440647,135,41350,39,8820,174,50170,19523,17961.57,10135845,10085675,0
2021-07-30,14954,5071631,8015,4596348,1151,441798,182,41532,31,8851,213,50383,24333,18379.29,10160178,10109795,0
2021-07-31,9722,5081353,6317,4602665,815,442613,122,41654,20,8871,142,50525,16996,18676.43,10177174,10126649,0
2021-08-01,6500,5087853,3312,4605977,564,443177,81,41735,20,8891,101,50626,10477,19005.57,10187651,10137025,0
2021-08-02,13450,5101303,7155,4613132,846,444023,146,41881,18,8909,164,50790,21615,19398.57,10209266,10158476,0
2021-08-03,15412,5116715,8389,4621521,1109,445132,143,42024,38,8947,181,50971,25091,19887.57,10234357,10183386,0
2021-08-04,17262,5133977,8130,4629651,1454,446586,182,42206,35,8982,217,51188,27063,20728.29,10261420,10210232,0
2021-08-05,17887,5151864,7931,4637582,1370,447956,159,42365,21,9003,180,51368,27368,21849,10288788,10237420,0
2021-08-06,18180,5170044,8414,4645996,1232,449188,167,42532,32,9035,199,51567,28025,22376.43,10316813,10265246,0
2021-08-07,13386,5183430,6015,4652011,799,449987,99,42631,28,9063,127,51694,20327,22852.29,10337140,10285446,0
2021-08-08,9310,5192740,3835,4655846,400,450387,82,42713,10,9073,92,51786,13637,23303.71,10350777,10298991,0
2021-08-09,21345,5214085,8526,4664372,965,451352,169,42882,34,9107,203,51989,31039,24650,10381816,10329827,0
2021-08-10,18945,5233030,9332,4673704,946,452298,180,43062,33,9140,213,52202,29436,25270.71,10411252,10359050,0
2021-08-11,15646,5248676,8312,4682016,853,453151,128,43190,45,9185,173,52375,24984,24973.71,10436236,10383861,0
2021-08-12,15059,5263735,8988,4691004,942,454093,174,43364,34,9219,208,52583,25197,24663.57,10461433,10408850,0
2021-08-13,14921,5278656,9293,4700297,919,455012,243,43607,38,9257,281,52864,25415,24290.71,10486848,10433984,0
2021-08-14,10398,5289054,6410,4706707,625,455637,532,44139,40,9297,572,53436,18005,23959,10504853,10451417,0
2021-08-15,6693,5295747,4479,4711186,676,456313,566,44705,33,9330,599,54035,12447,23789,10517300,10463265,0
2021-08-16,15716,5311463,9302,4720488,1150,457463,1322,46027,65,9395,1387,55422,27555,23291.29,10544855,10489433,0
2021-08-17,17769,5329232,10456,4730944,1229,458692,1772,47799,85,9480,1857,57279,31311,23559.14,10576166,10518887,0
2021-08-18,17496,5346728,10375,4741319,1260,459952,1987,49786,97,9577,2084,59363,31215,24449.29,10607381,10548018,0
2021-08-19,16293,5363021,9525,4750844,1315,461267,1958,51744,66,9643,2024,61387,29157,25015,10636538,10575151,0
2021-08-20,16281,5379302,11537,4762381,1254,462521,1861,53605,85,9728,1946,63333,31018,25815.43,10667556,10604223,0
2021-08-21,11147,5390449,8038,4770419,878,463399,1060,54665,57,9785,1117,64450,21180,26269,10688736,10624286,0
2021-08-22,4078,5394527,3903,4774322,261,463660,516,55181,34,9819,550,65000,8792,25746.86,10697528,10632528,0
2021-08-23,15582,5410109,11807,4786129,1022,464682,1548,56729,75,9894,1623,66623,30035,26101.14,10727563,10660940,0
2021-08-24,16912,5427021,12599,4798728,1006,465688,1774,58503,78,9972,1852,68475,32369,26252.29,10759932,10691457,0
2021-08-25,14573,5441594,12450,4811178,1111,466799,1568,60071,77,10049,1645,70120,29779,26047.14,10789711,10719591,0
2021-08-26,16151,5457745,14098,4825276,1071,467870,1773,61844,68,10117,1841,71961,33161,26619.14,10822872,10750911,0
2021-08-27,14878,5472623,14825,4840101,971,468841,1672,63516,74,10191,1746,73707,32420,26819.43,10855292,10781585,0
2021-08-28,10680,5483303,11525,4851626,835,469676,1015,64531,45,10236,1060,74767,24100,27236.57,10879392,10804625,0
2021-08-29,7216,5490519,7493,4859119,541,470217,780,65311,58,10294,838,75605,16088,28278.86,10895480,10819875,0
2021-08-30,15523,5506042,16926,4876045,1076,471293,1791,67102,87,10381,1878,77483,35403,29045.71,10930883,10853400,0
2021-08-31,15509,5521551,15959,4892004,952,472245,1975,69077,88,10469,2063,79546,34483,29347.71,10965366,10885820,0
2021-09-01,14829,5536380,14106,4906110,1020,473265,1809,70886,61,10530,1870,81416,31825,29640,10997191,10915775,0
2021-09-02,14321,5550701,12525,4918635,896,474161,1708,72594,62,10592,1770,83186,29512,29118.71,11026703,10943517,0
2021-09-03,15011,5565712,14311,4932946,974,475135,1894,74488,70,10662,1964,85150,32260,29095.86,11058963,10973813,0
2021-09-04,9645,5575357,9404,4942350,688,475823,977,75465,33,10695,1010,86160,20747,28616.86,11079710,10993550,0
2021-09-05,6800,5582157,5515,4947865,438,476261,713,76178,16,10711,729,86889,13482,28244.57,11093192,11006303,0
2021-09-06,5196,5587353,4512,4952377,358,476619,271,76449,11,10722,282,87171,10348,24665.29,11103540,11016369,0
2021-09-07,15573,5602926,17700,4970077,912,477531,1557,78006,89,10811,1646,88817,35831,24857.86,11139371,11050554,0
2021-09-08,16158,5619084,14827,4984904,1072,478603,1772,79778,83,10894,1855,90672,33912,25156,11173283,11082611,0
2021-09-09,16106,5635190,14750,4999654,1047,479650,1917,81695,74,10968,1991,92663,33894,25782,11207177,11114514,0
2021-09-10,18364,5653554,15394,5015048,1207,480857,1978,83673,81,11049,2059,94722,37024,26462.57,11244201,11149479,0
2021-09-11,12637,5666191,10349,5025397,958,481815,1028,84701,48,11097,1076,95798,25020,27073,11269221,11173423,0
2021-09-12,8537,5674728,5052,5030449,766,482581,691,85392,30,11127,721,96519,15076,27300.71,11284297,11187778,0
2021-09-13,16929,5691657,12964,5043413,976,483557,1655,87047,53,11180,1708,98227,32577,30476.29,11316874,11218647,0
2021-09-14,16264,5707921,13676,5057089,886,484443,1597,88644,56,11236,1653,99880,32479,29997.43,11349353,11249473,0
2021-09-15,15531,5723452,12888,5069977,727,485170,1569,90213,81,11317,1650,101530,30796,29552.29,11380149,11278619,0
2021-09-16,15338,5738790,13910,5083887,1209,486379,1462,91675,66,11383,1528,103058,31985,29279.57,11412134,11309076,0
2021-09-17,14434,5753224,13958,5097845,922,487301,1835,93510,59,11442,1894,104952,31208,28448.71,11443342,11338390,0
2021-09-18,9995,5763219,10186,5108031,913,488214,1048,94558,41,11483,1089,106041,22183,28043.43,11465525,11359484,0
2021-09-19,6177,5769396,6073,5114104,558,488772,747,95305,29,11512,776,106817,13584,27830.29,11479109,11372292,0
2021-09-20,12673,5782069,12633,5126737,1068,489840,1925,97230,58,11570,1983,108800,28357,27227.43,11507466,11398666,0
2021-09-21,12228,5794297,12769,5139506,1109,490949,2031,99261,77,11647,2108,110908,28214,26618.14,11535680,11424772,0
2021-09-22,12821,5807118,12006,5151512,1090,492039,1685,100946,68,11715,1753,112661,27670,26171.57,11563350,11450689,0
2021-09-23,14935,5822053,12762,5164274,1639,493678,2268,103214,73,11788,2341,115002,31677,26127.57,11595027,11480025,0
2021-09-24,16445,5838498,13367,5177641,1636,495314,4629,107843,114,11902,4743,119745,36191,26839.43,11631218,11511473,0
2021-09-25,10537,5849035,9024,5186665,1018,496332,3465,111308,74,11976,3539,123284,24118,27115.86,11655336,11532052,0
2021-09-26,6299,5855334,5762,5192427,773,497105,2423,113731,60,12036,2483,125767,15317,27363.43,11670653,11544886,0
2021-09-27,14155,5869489,8057,5200484,1155,498260,9070,122801,159,12195,9229,134996,32597,27969.14,11703250,11568254,0
2021-09-28,11135,5880624,11783,5212267,902,499162,9920,132721,177,12372,10097,145093,33917,28783.86,11737167,11592074,0
2021-09-29,11603,5892227,12191,5224458,1205,500367,9456,142177,166,12538,9622,154715,34622,29777,11771789,11617074,0
2021-09-30,12236,5904463,12605,5237063,1338,501705,9749,151926,176,12714,9925,164640,36104,30409.43,11807893,11643253,0
2021-10-01,12635,5917098,13434,5250497,1284,502989,10273,162199,148,12862,10421,175061,37774,30635.57,11845667,11670606,0
2021-10-02,7727,5924825,9977,5260474,865,503854,4246,166445,75,12937,4321,179382,22890,30460.14,11868557,11689175,0
2021-10-03,5070,5929895,6158,5266632,593,504447,2615,169060,56,12993,2671,182053,14492,30342.29,11883049,11700996,0
2021-10-04,9907,5939802,11020,5277652,913,505360,9532,178592,141,13134,9673,191726,31513,30187.43,11914562,11722836,0
2021-10-05,10153,5949955,11738,5289390,972,506332,9944,188536,177,13311,10121,201847,32984,30054.14,11947546,11745699,0
2021-10-06,9896,5959851,11050,5300440,936,507268,9935,198471,159,13470,10094,211941,31976,29676.14,11979522,11767581,0
2021-10-07,9613,5969464,12154,5312594,850,508118,10180,208651,171,13641,10351,222292,32968,29228.14,12012490,11790198,0
2021-10-08,9449,5978913,12176,5324770,941,509059,10912,219563,164,13805,11076,233368,33642,28637.86,12046132,11812764,0
2021-10-09,6241,5985154,8237,5333007,643,509702,4122,223685,87,13892,4209,237577,19330,28129.29,12065462,11827885,0
2021-10-10,3538,5988692,5027,5338034,458,510160,2437,226122,45,13937,2482,240059,11505,27702.57,12076967,11836908,0
2021-10-11,7617,5996309,9335,5347369,728,510888,8888,235010,163,14100,9051,249110,26731,27019.43,12103698,11854588,0
2021-10-12,8069,6004378,10994,5358363,891,511779,10522,245532,181,14281,10703,259813,30657,26687,12134355,11874542,0
2021-10-13,7148,6011526,10149,5368512,869,512648,8799,254331,179,14460,8978,268791,27144,25996.71,12161499,11892708,0
2021-10-14,7433,6018959,11114,5379626,836,513484,10125,264456,161,14621,10286,279077,29669,25525.43,12191168,11912091,0
2021-10-15,7719,6026678,11855,5391481,823,514307,10827,275283,169,14790,10996,290073,31393,25204.14,12222561,11932488,0
2021-10-16,4862,6031540,7467,5398948,666,514973,3846,279129,66,14856,3912,293985,16907,24858,12239468,11945483,0
2021-10-17,3055,6034595,4473,5403421,411,515384,2452,281581,44,14900,2496,296481,10435,24705.14,12249903,11953422,0
2021-10-18,7046,6041641,10665,5414086,796,516180,9485,291066,178,15078,9663,306144,28170,24910.71,12278073,11971929,0
2021-10-19,6567,6048208,8946,5423032,804,516984,9096,300162,171,15249,9267,315411,25584,24186,12303657,11988246,0
2021-10-20,6528,6054736,9373,5432405,975,517959,9999,310161,174,15423,10173,325584,27049,24172.43,12330706,12005122,0
2021-10-21,7023,6061759,9388,5441793,858,518817,10856,321017,149,15572,11005,336589,28274,23973.14,12358980,12022391,0
2021-10-22,8112,6069871,10346,5452139,1026,519843,16357,337374,211,15783,16568,353157,36052,24638.71,12395032,12041875,0
2021-10-23,5163,6075034,6460,5458599,690,520533,9125,346499,116,15899,9241,362398,21554,25302.57,12416586,12054188,0
2021-10-24,3269,6078303,3969,5462568,769,521302,6162,352661,76,15975,6238,368636,14245,25846.86,12430831,12062195,0
2021-10-25,8752,6087055,8743,5471311,1150,522452,19255,371916,297,16272,19552,388188,38197,27279.29,12469028,12080840,0
2021-10-26,8191,6095246,7724,5479035,1258,523710,17295,389211,264,16536,17559,405747,34732,28586.14,12503760,12098013,0
2021-10-27,10542,6105788,8392,5487427,1605,525315,20873,410084,318,16854,21191,426938,41730,30683.43,12545490,12118552,0
2021-10-28,11316,6117104,8036,5495463,1793,527108,20855,430939,317,17171,21172,448110,42317,32689.57,12587807,12139697,0
2021-10-29,11844,6128948,8238,5503701,1959,529067,22542,453481,328,17499,22870,470980,44912,33955.29,12632719,12161739,0
2021-10-30,4627,6133575,5064,5508765,930,529997,11174,464655,164,17663,11338,482318,21959,34013.14,12654678,12172360,0
2021-10-31,2661,6136236,2701,5511466,544,530541,6638,471293,99,17762,6737,489055,12643,33784.29,12667321,12178266,0
2021-11-01,7125,6143361,6954,5518420,1089,531630,20393,491686,323,18085,20716,509771,35884,33453.86,12703205,12193434,0
2021-11-02,6568,6149929,6587,5525007,1054,532684,20799,512485,266,18351,21065,530836,35274,33531.29,12738479,12207643,0
2021-11-03,6843,6156772,6681,5531688,1026,533710,20636,533121,307,18658,20943,551779,35495,32640.57,12773974,12222195,0
2021-11-04,9302,6166074,6278,5537966,996,534706,22375,555496,345,19003,22720,574499,39296,32209,12813270,12238771,0
2021-11-05,11044,6177118,6721,5544687,1051,535757,23767,579263,351,19354,24118,598617,42934,31926.43,12856204,12257587,0
2021-11-06,11126,6188244,4052,5548739,594,536351,12601,591864,168,19522,12769,611386,28541,32866.71,12884745,12273359,0
2021-11-07,7249,6195493,2287,5551026,577,536928,7111,598975,96,19618,7207,618593,17320,33534.86,12902065,12283472,0
2021-11-08,15047,6210540,5678,5556704,864,537792,19522,618497,273,19891,19795,638388,41384,34320.57,12943449,12305061,0
2021-11-09,16137,6226677,5389,5562093,660,538452,20521,639018,270,20161,20791,659179,42977,35421,12986426,12327247,0
2021-11-10,16922,6243599,5321,5567414,683,539135,22659,661677,289,20450,22948,682127,45874,36903.71,13032300,12350173,0
2021-11-11,12554,6256153,5183,5572597,759,539894,22100,683777,285,20735,22385,704512,40881,37130.14,13073181,12368669,0
2021-11-12,16877,6273030,5687,5578284,705,540599,23416,707193,357,21092,23773,728285,47042,37717,13120223,12391938,0
2021-11-13,9931,6282961,3663,5581947,463,541062,13337,720530,179,21271,13516,741801,27573,37578.71,13147796,12405995,0
2021-11-14,6006,6288967,2290,5584237,325,541387,7939,728469,76,21347,8015,749816,16636,37481,13164432,12414616,0
2021-11-15,13206,6302173,5972,5590209,690,542077,25118,753587,360,21707,25478,775294,45346,38047,13209778,12434484,0
2021-11-16,9953,6312126,5782,5595991,654,542731,30681,784268,420,22127,31101,806395,47491,38691.86,13257269,12450874,0
2021-11-17,10291,6322417,6671,5602662,681,543412,31434,815702,409,22536,31843,838238,49486,39207.86,13306755,12468517,0
2021-11-18,10717,6333134,6533,5609195,857,544269,33026,848728,452,22988,33478,871716,51585,40737,13358340,12486624,0
2021-11-19,11999,6345133,6548,5615743,715,544984,36265,884993,448,23436,36713,908429,55975,42013.14,13414315,12505886,0
2021-11-20,9320,6354453,3417,5619160,513,545497,22521,907514,253,23689,22774,931203,36024,43220.43,13450339,12519136,0
2021-11-21,4937,6359390,1888,5621048,288,545785,13209,920723,149,23838,13358,944561,20471,43768.29,13470810,12526249,0
2021-11-22,10415,6369805,5784,5626832,750,546535,35952,956675,435,24273,36387,980948,53337,44909.86,13524147,12543199,0
2021-11-23,9769,6379574,4784,5631616,636,547171,33540,990215,371,24644,33911,1014859,49101,45139.86,13573248,12558389,0
2021-11-24,8692,6388266,4751,5636367,649,547820,25938,1016153,279,24923,26217,1041076,40309,43828.86,13613557,12572481,0
2021-11-25,448,6388714,328,5636695,80,547900,1003,1017156,9,24932,1012,1042088,1868,36726.43,13615425,12573337,0
2021-11-26,8056,6396770,6987,5643682,528,548428,26596,1043752,292,25224,26888,1068976,42459,34795.57,13657884,12588908,0
2021-11-27,6673,6403443,6832,5650514,371,548799,18855,1062607,219,25443,19074,1088050,32951,34356.57,13690835,12602785,0
2021-11-28,4067,6407510,5791,5656305,282,549081,11903,1074510,117,25560,12020,1100070,22160,34597.86,13712995,12612925,0
2021-11-29,9090,6416600,11002,5667307,686,549767,35094,1109604,430,25990,35524,1135594,56302,35021.43,13769297,12633703,0
2021-11-30,10484,6427084,11441,5678748,513,550280,37807,1147411,489,26479,38296,1173890,60734,36683.29,13830031,12656141,0
2021-12-01,11175,6438259,10983,5689731,725,551005,40372,1187783,435,26914,40807,1214697,63691,40023.57,13893722,12679025,0
2021-12-02,11641,6449900,11035,5700766,626,551631,42184,1229967,452,27366,42636,1257333,65938,49176.43,13959660,12702327,0
2021-12-03,13457,6463357,12894,5713660,674,552305,47970,1277937,513,27879,48483,1305816,75508,53897.71,14035168,12729352,0
2021-12-04,9838,6473195,11290,5724950,567,552872,30697,1308634,299,28178,30996,1336812,52691,56717.71,14087859,12751047,0
2021-12-05,5748,6478943,5703,5730653,270,553142,16670,1325304,127,28305,16797,1353609,28518,57626,14116377,12762768,0
2021-12-06,12313,6491256,9963,5740616,600,553742,43274,1368578,439,28744,43713,1397322,66589,59095.57,14182966,12785644,0
2021-12-07,12571,6503827,9253,5749869,624,554366,43073,1411651,492,29236,43565,1440887,66013,59849.71,14248979,12808092,0
2021-12-08,13513,6517340,8774,5758643,555,554921,40819,1452470,464,29700,41283,1482170,64125,59911.71,14313104,12830934,0
2021-12-09,13471,6530811,8752,5767395,555,555476,40848,1493318,486,30186,41334,1523504,64112,59650.86,14377216,12853712,0
2021-12-10,14024,6544835,10145,5777540,670,556146,43694,1537012,486,30672,44180,1567684,69019,58723.86,14446235,12878551,0
2021-12-11,10266,6555101,8129,5785669,405,556551,26717,1563729,273,30945,26990,1594674,45791,57738.14,14492026,12897352,0
2021-12-12,6010,6561111,3854,5789523,288,556839,15178,1578907,132,31077,15310,1609984,25462,57301.57,14517488,12907504,0
2021-12-13,12205,6573316,7432,5796955,657,557496,37908,1616815,389,31466,38297,1648281,58591,56159,14576079,12927798,0
2021-12-14,12222,6585538,6960,5803915,730,558226,38177,1654992,426,31892,38603,1686884,58515,55087.86,14634594,12947710,0
2021-12-15,12081,6597619,6246,5810161,755,558981,38167,1693159,482,32374,38649,1725533,57732,54174.57,14692326,12966793,0
2021-12-16,13162,6610781,4271,5814432,742,559723,41137,1734296,444,32818,41581,1767114,59756,53552.29,14752082,12984968,0
2021-12-17,15930,6626711,6933,5821365,619,560342,46819,1781115,473,33291,47292,1814406,70774,53803,14822856,13008450,0
2021-12-18,13010,6639721,5721,5827086,432,560774,30636,1811751,265,33556,30901,1845307,50064,54413.43,14872920,13027613,0
2021-12-19,7012,6646733,2992,5830078,326,561100,18017,1829768,170,33726,18187,1863494,28517,54849.86,14901437,13037943,0
2021-12-20,16846,6663579,5863,5835941,746,561846,47488,1877256,563,34289,48051,1911545,71506,56694.86,14972943,13061398,0
2021-12-21,17954,6681533,6571,5842512,806,562652,48935,1926191,579,34868,49514,1961059,74845,59027.71,15047788,13086729,0
2021-12-22,18533,6700066,6561,5849073,938,563590,49748,1975939,531,35399,50279,2011338,76311,61681.86,15124099,13112761,0
2021-12-23,19025,6719091,6490,5855563,930,564520,45886,2021825,521,35920,46407,2057745,72852,63552.71,15196951,13139206,0
2021-12-24,9230,6728321,2954,5858517,598,565118,20607,2042432,210,36130,20817,2078562,33599,58242,15230550,13151988,0
2021-12-25,344,6728665,63,5858580,31,565149,427,2042859,8,36138,435,2078997,873,51214.71,15231423,13152426,0
2021-12-26,7958,6736623,3925,5862505,340,565489,17290,2060149,173,36311,17463,2096460,29686,51381.71,15261109,13164649,0
2021-12-27,21778,6758401,9202,5871707,934,566423,43459,2103608,548,36859,44007,2140467,75921,52012.43,15337030,13196563,0
2021-12-28,20154,6778555,8331,5880038,702,567125,47590,2151198,605,37464,48195,2188662,77382,52374.86,15414412,13225750,0
2021-12-29,18492,6797047,7672,5887710,607,567732,45594,2196792,474,37938,46068,2234730,72839,51878.86,15487251,13252521,0
2021-12-30,16883,6813930,7423,5895133,588,568320,44858,2241650,577,38515,45435,2280165,70329,51518.43,15557580,13277415,0
2021-12-31,5355,6819285,2806,5897939,193,568513,14772,2256422,181,38696,14953,2295118,23307,50048.14,15580887,13285769,0
2022-01-01,243,6819528,147,5898086,12,568525,501,2256923,22,38718,523,2295641,925,50055.57,15581812,13286171,0
2022-01-02,6428,6825956,5022,5903108,153,568678,10985,2267908,109,38827,11094,2306735,22697,49057.14,15604509,13297774,0
2022-01-03,14123,6840079,8500,5911608,514,569192,26955,2294863,342,39169,27297,2334032,50434,45416.14,15654943,13320911,0
2022-01-04,12813,6852892,8122,5919730,415,569607,27234,2322097,364,39533,27598,2361630,48948,41354.14,15703891,13342261,0
2022-01-05,11337,6864229,7013,5926743,382,569989,25980,2348077,308,39841,26288,2387918,45020,37380,15748911,13360993,0
2022-01-06,11378,6875607,7389,5934132,483,570472,27612,2375689,333,40174,27945,2415863,47195,34075.14,15796106,13380243,0
2022-01-07,10224,6885831,8442,5942574,339,570811,25149,2400838,321,40495,25470,2441333,44476,37099.29,15840582,13399249,0
2022-01-08,7825,6893656,8565,5951139,310,571121,19492,2420330,179,40674,19671,2461004,36372,42163.14,15876954,13415950,0
2022-01-09,4125,6897781,3843,5954982,214,571335,10068,2430398,94,40768,10162,2471166,18344,41541.29,15895298,13424132,0
2022-01-10,10169,6907950,8192,5963174,490,571825,24618,2455016,299,41067,24917,2496083,43768,40589,15939066,13442983,0
2022-01-11,8884,6916834,7988,5971162,521,572346,21029,2476045,285,41352,21314,2517397,38709,39126.29,15977775,13460378,0
2022-01-12,8929,6925763,8330,5979492,427,572773,22352,2498397,287,41639,22639,2540036,40325,38455.57,16018100,13478064,0
2022-01-13,9039,6934802,8866,5988358,452,573225,22893,2521290,317,41956,23210,2563246,41568,37651.71,16059668,13496422,0
2022-01-14,10093,6944895,8119,5996477,476,573701,26438,2547728,327,42283,26765,2590011,45453,37791.29,16105121,13515110,0
2022-01-15,6206,6951101,4310,6000787,178,573879,15144,2562872,177,42460,15321,2605332,26015,36311.71,16131136,13525804,0
2022-01-16,2915,6954016,3249,6004036,95,573974,7825,2570697,84,42544,7909,2613241,14168,35715.14,16145304,13532063,0
2022-01-17,6067,6960083,6756,6010792,363,574337,14687,2585384,217,42761,14904,2628145,28090,33475.43,16173394,13545249,0
2022-01-18,8151,6968234,10319,6021111,396,574733,19676,2605060,316,43077,19992,2648137,38858,33496.71,16212252,13564115,0
2022-01-19,7450,6975684,9247,6030358,304,575037,17728,2622788,270,43347,17998,2666135,35000,32736,16247252,13581117,0
2022-01-20,6270,6981954,8559,6038917,305,575342,15261,2638049,244,43591,15505,2681640,30639,31174.71,16277891,13596251,0
2022-01-21,7557,6989511,7508,6046425,276,575618,18519,2656568,281,43872,18800,2700440,34141,29558.71,16312032,13611592,0
2022-01-22,5185,6994696,4935,6051360,131,575749,11327,2667895,126,43998,11453,2711893,21704,28942.86,16333736,13621843,0
2022-01-23,2807,6997503,3327,6054687,97,575846,6234,2674129,76,44074,6310,2718203,12541,28710.43,16346277,13628074,0
2022-01-24,6357,7003860,8205,6062892,262,576108,15082,2689211,238,44312,15320,2733523,30144,29003.86,16376421,13642898,0
2022-01-25,6181,7010041,7939,6070831,232,576340,14694,2703905,261,44573,14955,2748478,29307,27639.43,16405728,13657250,0
2022-01-26,5745,7015786,7174,6078005,289,576629,14022,2717927,211,44784,14233,2762711,27441,26559.57,16433169,13670458,0
2022-01-27,5245,7021031,7091,6085096,321,576950,14092,2732019,229,45013,14321,2777032,26978,26036.57,16460147,13683115,0
2022-01-28,6249,7027280,7877,6092973,203,577153,16132,2748151,239,45252,16371,2793403,30700,25545,16490847,13697444,0
2022-01-29,840,7028120,727,6093700,28,577181,2539,2750690,39,45291,2578,2795981,4173,23040.57,16495020,13699039,0
2022-01-30,2094,7030214,3022,6096722,103,577284,4538,2755228,63,45354,4601,2800582,9820,22651.86,16504840,13704258,0
2022-01-31,5000,7035214,6592,6103314,220,577504,11397,2766625,197,45551,11594,2812176,23406,21689.29,16528246,13716070,0
2022-02-01,4824,7040038,6441,6109755,219,577723,10723,2777348,217,45768,10940,2823116,22424,20706,16550670,13727554,0
2022-02-02,4253,7044291,5933,6115688,213,577936,11238,2788586,243,46011,11481,2834597,21880,19911.57,16572550,13737953,0
2022-02-03,4224,7048515,5813,6121501,216,578152,11222,2799808,199,46210,11421,2846018,21674,19153.86,16594224,13748206,0
2022-02-04,4757,7053272,7116,6128617,214,578366,13223,2813031,238,46448,13461,2859479,25548,18417.86,16619772,13760293,0
2022-02-05,3572,7056844,6051,6134668,110,578476,8580,2821611,154,46602,8734,2868213,18467,20459.86,16638239,13770026,0
2022-02-06,2061,7058905,2139,6136807,121,578597,4638,2826249,102,46704,4740,2872953,9062,20351.57,16647301,13774348,0
2022-02-07,4147,7063052,4734,6141541,205,578802,10138,2836387,232,46936,10370,2883323,19456,19787.29,16666757,13783434,0
2022-02-08,4214,7067266,5609,6147150,214,579016,11330,2847717,305,47241,11635,2894958,21672,19679.86,16688429,13793471,0
2022-02-09,4130,7071396,5403,6152553,223,579239,11663,2859380,256,47497,11919,2906877,21675,19650.57,16710104,13803227,0
2022-02-10,3989,7075385,5124,6157677,245,579484,12203,2871583,285,47782,12488,2919365,21846,19675.14,16731950,13812585,0
2022-02-11,4507,7079892,5809,6163486,195,579679,13736,2885319,322,48104,14058,2933423,24569,19535.29,16756519,13823096,0
2022-02-12,3257,7083149,4342,6167828,97,579776,8809,2894128,214,48318,9023,2942446,16719,19285.57,16773238,13830792,0
2022-02-13,1519,7084668,1544,6169372,41,579817,4880,2899008,112,48430,4992,2947438,8096,19147.57,16781334,13833896,0
2022-02-14,2979,7087647,3625,6172997,167,579984,10572,2909580,324,48754,10896,2958334,17667,18892,16799001,13840667,0
2022-02-15,3547,7091194,4076,6177073,175,580159,12789,2922369,281,49035,13070,2971404,20868,18777.14,16819869,13848465,0
2022-02-16,3646,7094840,3907,6180980,200,580359,15730,2938099,298,49333,16028,2987432,23781,19078,16843650,13856218,0
2022-02-17,4030,7098870,4078,6185058,162,580521,18281,2956380,359,49692,18640,3006072,26910,19801.43,16870560,13864488,0
2022-02-18,4465,7103335,4786,6189844,189,580710,21533,2977913,457,50149,21990,3028062,31430,20781.57,16901990,13873928,0
2022-02-19,3250,7106585,2182,6192026,65,580775,11182,2989095,217,50366,11399,3039461,16896,20806.86,16918886,13879425,0
2022-02-20,1854,7108439,1444,6193470,59,580834,6587,2995682,114,50480,6701,3046162,10058,21087.14,16928944,13882782,0
2022-02-21,3083,7111522,2696,6196166,95,580929,8351,3004033,230,50710,8581,3054743,14455,20628.29,16943399,13888656,0
2022-02-22,4378,7115900,4250,6200416,175,581104,10838,3014871,251,50961,11089,3065832,19892,20488.86,16963291,13897459,0
2022-02-23,4258,7120158,3787,6204203,145,581249,10670,3025541,244,51205,10914,3076746,19104,19820.71,16982395,13905649,0
2022-02-24,3791,7123949,3657,6207860,108,581357,10195,3035736,228,51433,10423,3087169,17979,18544.86,17000374,13913205,0
2022-02-25,3612,7127561,3629,6211489,135,581492,9983,3045719,237,51670,10220,3097389,17596,16568.57,17017970,13920581,0
2022-02-26,2836,7130397,2580,6214069,74,581566,9513,3055232,154,51824,9667,3107056,15157,16320.14,17033127,13926071,0
2022-02-27,1768,7132165,1374,6215443,52,581618,6268,3061500,102,51926,6370,3113426,9564,16249.57,17042691,13929265,0
2022-02-28,3797,7135962,3135,6218578,141,581759,13134,3074634,250,52176,13384,3126810,20457,17107,17063148,13936338,0
2022-03-01,2133,7138095,2629,6221207,103,581862,5178,3079812,187,52363,5365,3132175,10230,15726.71,17073378,13941203,0
2022-03-02,1836,7139931,2444,6223651,107,581969,4131,3083943,209,52572,4340,3136515,8727,14244.29,17082105,13945590,0
2022-03-03,1936,7141867,2556,6226207,106,582075,3797,3087740,171,52743,3968,3140483,8566,12899.57,17090671,13950188,0
2022-03-04,2124,7143991,2873,6229080,66,582141,4328,3092068,208,52951,4536,3145019,9599,11757.14,17100270,13955251,0
2022-03-05,1611,7145602,2123,6231203,43,582184,3318,3095386,117,53068,3435,3148454,7212,10622.14,17107482,13959028,0
2022-03-06,797,7146399,879,6232082,30,582214,1624,3097010,55,53123,1679,3150133,3385,9739.43,17110867,13960734,0
2022-03-07,1667,7148066,1787,6233869,86,582300,3499,3100509,160,53283,3659,3153792,7199,7845.43,17118066,13964274,0
2022-03-08,1550,7149616,1895,6235764,79,582379,3125,3103634,149,53432,3274,3157066,6798,7355.14,17124864,13967798,0
2022-03-09,1266,7150882,1679,6237443,79,582458,2588,3106222,130,53562,2718,3159784,5742,6928.71,17130606,13970822,0
2022-03-10,1419,7152301,2101,6239544,85,582543,2962,3109184,162,53724,3124,3162908,6729,6666.29,17137335,13974427,0
2022-03-11,1599,7153900,2273,6241817,81,582624,3213,3112397,189,53913,3402,3166310,7355,6345.71,17144690,13978380,0
2022-03-12,877,7154777,1415,6243232,42,582666,2008,3114405,76,53989,2084,3168394,4418,5946.57,17149108,13980714,0
2022-03-13,624,7155401,757,6243989,28,582694,1289,3115694,50,54039,1339,3169733,2748,5855.57,17151856,13982123,0
2022-03-14,1372,7156773,1609,6245598,83,582777,2989,3118683,209,54248,3198,3172931,6262,5721.71,17158118,13985187,0
2022-03-15,1358,7158131,1927,6247525,63,582840,3069,3121752,231,54479,3300,3176231,6648,5700.29,17164766,13988535,0
2022-03-16,1396,7159527,2066,6249591,94,582934,3138,3124890,295,54774,3433,3179664,6989,5878.43,17171755,13992091,0
2022-03-17,1192,7160719,1806,6251397,70,583004,2762,3127652,266,55040,3028,3182692,6096,5788,17177851,13995159,0
2022-03-18,1593,7162312,2218,6253615,79,583083,3771,3131423,415,55455,4186,3186878,8076,5891,17185927,13999049,0
2022-03-19,1111,7163423,1731,6255346,54,583137,2603,3134026,227,55682,2830,3189708,5726,6077.86,17191653,14001945,0
2022-03-20,610,7164033,629,6255975,33,583170,1465,3135491,186,55868,1651,3191359,2923,6102.86,17194576,14003217,0
2022-03-21,1418,7165451,1555,6257530,72,583242,3059,3138550,357,56225,3416,3194775,6461,6131.29,17201037,14006262,0
2022-03-22,1345,7166796,1555,6259085,101,583343,2905,3141455,344,56569,3249,3198024,6250,6074.43,17207287,14009263,0
2022-03-23,1260,7168056,1360,6260445,66,583409,2921,3144376,375,56944,3296,3201320,5982,5930.57,17213269,14011949,0
2022-03-24,1213,7169269,1299,6261744,90,583499,2520,3146896,269,57213,2789,3204109,5391,5829.86,17218660,14014551,0
2022-03-25,1385,7170654,1630,6263374,62,583561,3268,3150164,379,57592,3647,3207756,6724,5636.71,17225384,14017628,0
2022-03-26,927,7171581,1161,6264535,36,583597,2308,3152472,250,57842,2558,3210314,4682,5487.57,17230066,14019752,0
2022-03-27,573,7172154,527,6265062,29,583626,1313,3153785,203,58045,1516,3211830,2645,5447.86,17232711,14020881,0
2022-03-28,1085,7173239,1165,6266227,69,583695,2439,3156224,364,58409,2803,3214633,5122,5256.57,17237833,14023200,0
2022-03-29,1051,7174290,1103,6267330,85,583780,2512,3158736,882,59291,3394,3218027,5633,5168.43,17243466,14025439,0
2022-03-30,1246,7175536,1142,6268472,99,583879,3063,3161799,3406,62697,6469,3224496,8956,5593.29,17252422,14027926,0
2022-03-31,1285,7176821,1257,6269729,57,583936,3165,3164964,5506,68203,8671,3233167,11271,6433.29,17263693,14030526,0
2022-04-01,1428,7178249,1495,6271224,76,584012,3249,3168213,6904,75107,10153,3243320,13152,7351.57,17276845,14033525,0
2022-04-02,910,7179159,909,6272133,33,584045,2093,3170306,4529,79636,6622,3249942,8474,7893.29,17285319,14035377,0
2022-04-03,556,7179715,496,6272629,28,584073,1224,3171530,3052,82688,4276,3254218,5356,8280.57,17290675,14036457,0
2022-04-04,1351,7181066,1308,6273937,61,584134,2733,3174263,7699,90387,10432,3264650,13152,9427.71,17303827,14039177,0
2022-04-05,1302,7182368,1160,6275097,66,584200,2849,3177112,7485,97872,10334,3274984,12862,10460.43,17316689,14041705,0
2022-04-06,1341,7183709,1179,6276276,61,584261,2624,3179736,6958,104830,9582,3284566,12163,10918.57,17328852,14044286,0
2022-04-07,1208,7184917,1066,6277342,57,584318,2376,3182112,6608,111438,8984,3293550,11315,10924.86,17340167,14046617,0
2022-04-08,1483,7186400,1408,6278750,61,584379,3169,3185281,8781,120219,11950,3305500,14902,11174.86,17355069,14049569,0
2022-04-09,913,7187313,925,6279675,29,584408,2079,3187360,4947,125166,7026,3312526,8893,11234.71,17363962,14051436,0
2022-04-10,584,7187897,461,6280136,25,584433,1168,3188528,2897,128063,4065,3316591,5135,11203.14,17369097,14052506,0
2022-04-11,1311,7189208,1240,6281376,59,584492,2666,3191194,7805,135868,10471,3327062,13081,11193,17382178,14055116,0
2022-04-12,1220,7190428,1055,6282431,73,584565,2527,3193721,7419,143287,9946,3337008,12294,11111.86,17394472,14057464,0
2022-04-13,1238,7191666,1079,6283510,59,584624,2518,3196239,7537,150824,10055,3347063,12431,11150.14,17406903,14059840,0
2022-04-14,1273,7192939,1096,6284606,59,584683,2444,3198683,6576,157400,9020,3356083,11448,11169.14,17418351,14062268,0
2022-04-15,1338,7194277,1099,6285705,53,584736,2572,3201255,6615,164015,9187,3365270,11677,10708.43,17430028,14064758,0
2022-04-16,859,7195136,654,6286359,34,584770,1645,3202900,3682,167697,5327,3370597,6874,10420,17436902,14066305,0
2022-04-17,346,7195482,202,6286561,27,584797,638,3203538,1156,168853,1794,3372391,2369,10024.86,17439271,14066880,0
2022-04-18,1389,7196871,1117,6287678,82,584879,2587,3206125,6413,175266,9000,3381391,11588,9811.57,17450859,14069468,0
2022-04-19,1420,7198291,937,6288615,71,584950,2581,3208706,5741,181007,8322,3389713,10750,9591,17461609,14071896,0
2022-04-20,1315,7199606,1158,6289773,65,585015,2715,3211421,6625,187632,9340,3399053,11878,9512,17473487,14074434,0
2022-04-21,1228,7200834,1062,6290835,53,585068,2331,3213752,5335,192967,7666,3406719,10009,9306.43,17483496,14076777,0
2022-04-22,1213,7202047,1026,6291861,46,585114,2199,3215951,5646,198613,7845,3414564,10131,9085.57,17493627,14079063,0
2022-04-23,716,7202763,749,6292610,59,585173,1427,3217378,3346,201959,4773,3419337,6297,9003.14,17499924,14080587,0
2022-04-24,441,7203204,338,6292948,27,585200,811,3218189,1813,203772,2624,3421961,3430,9154.71,17503354,14081393,0
2022-04-25,1035,7204239,916,6293864,64,585264,1851,3220040,5091,208863,6942,3428903,8957,8778.86,17512311,14083408,0
2022-04-26,952,7205191,859,6294723,76,585340,1749,3221789,4692,213555,6441,3435344,8328,8432.86,17520639,14085295,0
2022-04-27,1039,7206230,1026,6295749,80,585420,1929,3223718,5205,218760,7134,3442478,9279,8061.57,17529918,14087440,0
2022-04-28,1090,7207320,988,6296737,50,585470,2005,3225723,4727,223487,6732,3449210,8860,7897.43,17538778,14089568,0
2022-04-29,1191,7208511,1107,6297844,60,585530,2162,3227885,5391,228878,7553,3456763,9911,7866,17548689,14091926,0
2022-04-30,726,7209237,745,6298589,50,585580,1390,3229275,2963,231841,4353,3461116,5874,7805.57,17554563,14093447,0
2022-05-01,445,7209682,366,6298955,20,585600,767,3230042,1656,233497,2423,3463539,3254,7780.43,17557817,14094278,0
2022-05-02,1054,7210736,792,6299747,52,585652,1677,3231719,3814,237311,5491,3469030,7389,7556.43,17565206,14096176,0
2022-05-03,1122,7211858,864,6300611,61,585713,1999,3233718,4859,242170,6858,3475888,8905,7638.86,17574111,14098223,0
2022-05-04,1019,7212877,882,6301493,48,585761,1919,3235637,4643,246813,6562,3482450,8511,7529.14,17582622,14100172,0
2022-05-05,1075,7213952,956,6302449,87,585848,1927,3237564,4872,251685,6799,3489249,8917,7537.29,17591539,14102290,0
2022-05-06,1095,7215047,961,6303410,51,585899,1868,3239432,4382,256067,6250,3495499,8357,7315.29,17599896,14104397,0
2022-05-07,660,7215707,592,6304002,32,585931,1203,3240635,2427,258494,3630,3499129,4914,7178.14,17604810,14105681,0
2022-05-08,415,7216122,246,6304248,17,585948,667,3241302,1380,259874,2047,3501176,2725,7102.57,17607535,14106359,0
2022-05-09,1084,7217206,947,6305195,60,586008,1892,3243194,4420,264294,6312,3507488,8403,7247.43,17615938,14108450,0
2022-05-10,1099,7218305,932,6306127,54,586062,1986,3245180,4712,269006,6698,3514186,8783,7230,17624721,14110535,0
2022-05-11,1094,7219399,978,6307105,44,586106,1946,3247126,4829,273835,6775,3520961,8891,7284.29,17633612,14112651,0
2022-05-12,1109,7220508,950,6308055,60,586166,2000,3249126,4658,278493,6658,3527619,8777,7264.29,17642389,14114770,0
2022-05-13,1162,7221670,1043,6309098,44,586210,2061,3251187,4791,283284,6852,3534471,9101,7370.57,17651490,14117019,0
2022-05-14,831,7222501,670,6309768,31,586241,1472,3252659,2944,286228,4416,3538887,5948,7518.29,17657438,14118551,0
2022-05-15,512,7223013,357,6310125,22,586263,923,3253582,1646,287874,2569,3541456,3460,7623.29,17660898,14119442,0
2022-05-16,1232,7224245,858,6310983,62,586325,1830,3255412,3857,291731,5687,3547143,7839,7542.71,17668737,14121594,0
2022-05-17,1298,7225543,929,6311912,79,586404,2046,3257458,4877,296608,6923,3554066,9229,7606.43,17677966,14123900,0
2022-05-18,1247,7226790,902,6312814,82,586486,2064,3259522,4927,301535,6991,3561057,9222,7653.71,17687188,14126131,0
2022-05-19,1171,7227961,882,6313696,36,586522,2120,3261642,4717,306252,6837,3567894,8926,7675,17696114,14128220,0
2022-05-20,1204,7229165,965,6314661,74,586596,2367,3264009,5195,311447,7562,3575456,9807,7775.86,17705921,14130465,0
2022-05-21,839,7230004,650,6315311,23,586619,1724,3265733,3286,314733,5010,3580466,6523,7858,17712444,14131978,0
2022-05-22,511,7230515,290,6315601,22,586641,1136,3266869,1838,316571,2974,3583440,3797,7906.14,17716241,14132801,0
2022-05-23,1224,7231739,889,6316490,52,586693,2188,3269057,4697,321268,6885,3590325,9050,8079.14,17725291,14134966,0
2022-05-24,1430,7233169,944,6317434,66,586759,2298,3271355,4467,325735,6765,3597090,9206,8075.86,17734497,14137407,0
2022-05-25,1433,7234602,958,6318392,56,586815,2264,3273619,4248,329983,6512,3603602,8960,8038.43,17743457,14139855,0
2022-05-26,1187,7235789,890,6319282,60,586875,2262,3275881,4132,334115,6394,3609996,8532,7982.14,17751989,14141993,0
2022-05-27,1259,7237048,958,6320240,38,586913,2499,3278380,3898,338013,6397,3616393,8653,7817.29,17760642,14144249,0
2022-05-28,721,7237769,516,6320756,19,586932,1780,3280160,2063,340076,3843,3620236,5099,7613.86,17765741,14145505,0
2022-05-29,476,7238245,216,6320972,11,586943,760,3280920,1120,341196,1880,3622116,2583,7440.43,17768324,14146208,0
2022-05-30,91,7238336,58,6321030,6,586949,138,3281058,145,341341,283,3622399,438,6210.14,17768762,14146363,0
2022-05-31,1144,7239480,919,6321949,51,587000,1887,3282945,3054,344395,4941,3627340,7055,5902.86,17775817,14148477,0
2022-06-01,1163,7240643,850,6322799,63,587063,1969,3284914,3410,347805,5379,3632719,7455,5687.86,17783272,14150553,0
2022-06-02,1036,7241679,803,6323602,72,587135,1821,3286735,3162,350967,4983,3637702,6894,5453.86,17790166,14152464,0
2022-06-03,1174,7242853,894,6324496,47,587182,2059,3288794,3483,354450,5542,3643244,7657,5311.57,17797823,14154579,0
2022-06-04,728,7243581,584,6325080,26,587208,1553,3290347,1899,356349,3452,3646696,4792,5267.71,17802615,14155919,0
2022-06-05,451,7244032,297,6325377,1,587209,879,3291226,979,357328,1858,3648554,2607,5271.14,17805222,14156668,0
2022-06-06,1127,7245159,827,6326204,64,587273,1753,3292979,2730,360058,4483,3653037,6501,6137.29,17811723,14158686,0
2022-06-07,1027,7246186,767,6326971,70,587343,1783,3294762,2561,362619,4344,3657381,6208,6016.29,17817931,14160550,0
2022-06-08,1099,7247285,836,6327807,75,587418,1874,3296636,2737,365356,4611,3661992,6622,5897.29,17824553,14162561,0
2022-06-09,1147,7248432,839,6328646,61,587479,2219,3298855,2683,368039,4902,3666894,6949,5905.14,17831502,14164608,0
2022-06-10,1051,7249483,820,6329466,75,587554,1883,3300738,2816,370855,4699,3671593,6645,5760.57,17838147,14166554,0
2022-06-11,681,7250164,507,6329973,25,587579,1325,3302063,1502,372357,2827,3674420,4040,5653.14,17842187,14167767,0
2022-06-12,352,7250516,288,6330261,21,587600,878,3302941,771,373128,1649,3676069,2310,5610.71,17844497,14168428,0
2022-06-13,1034,7251550,771,6331032,63,587663,1569,3304510,2182,375310,3751,3679820,5620,5484.86,17850117,14170297,0
2022-06-14,969,7252519,832,6331864,64,587727,1681,3306191,2494,377804,4175,3683995,6040,5460.86,17856157,14172162,0
2022-06-15,980,7253499,867,6332731,39,587766,1659,3307850,2409,380213,4068,3688063,5954,5365.43,17862111,14174048,0
2022-06-16,960,7254459,780,6333511,59,587825,1825,3309675,2357,382570,4182,3692245,5981,5227.14,17868092,14175847,0
2022-06-17,907,7255366,796,6334307,48,587873,1755,3311430,2397,384967,4152,3696397,5904,5121.29,17873996,14177599,0
2022-06-18,664,7256030,523,6334830,26,587899,1276,3312706,1292,386259,2568,3698965,3781,5084.29,17877777,14178812,0
2022-06-19,351,7256381,236,6335066,16,587915,727,3313433,603,386862,1330,3700295,1933,5030.43,17879710,14179415,0
2022-06-20,837,7257218,490,6335556,41,587956,1570,3315003,1611,388473,3181,3703476,4549,4877.43,17884259,14180783,0
2022-06-21,1139,7258357,740,6336296,50,588006,1693,3316696,2130,390603,3823,3707299,5753,4836.43,17890012,14182713,0
2022-06-22,1971,7260328,829,6337125,46,588052,1695,3318391,1987,392590,3682,3710981,6528,4918.43,17896540,14185559,0
2022-06-23,2123,7262451,762,6337887,65,588117,1697,3320088,2144,394734,3841,3714822,6792,5034.29,17903332,14188510,0
2022-06-24,2187,7264638,757,6338644,48,588165,1622,3321710,2144,396878,3766,3718588,6758,5156.29,17910090,14191502,0
2022-06-25,2138,7266776,495,6339139,15,588180,1234,3322944,1138,398016,2372,3720960,5024,5333.86,17915114,14194154,0
2022-06-26,1212,7267988,250,6339389,14,588194,682,3323626,530,398546,1212,3722172,2688,5441.71,17917802,14195630,0
2022-06-27,1538,7269526,655,6340044,60,588254,1460,3325086,1644,400190,3104,3725276,5357,5557.14,17923159,14197883,0
2022-06-28,1692,7271218,833,6340877,54,588308,1851,3326937,2139,402329,3990,3729266,6569,5673.71,17929728,14200462,0
2022-06-29,1861,7273079,774,6341651,48,588356,1714,3328651,1917,404246,3631,3732897,6314,5643.14,17936042,14203145,0
2022-06-30,1866,7274945,805,6342456,46,588402,1732,3330383,2120,406366,3852,3736749,6569,5611.29,17942611,14205862,0
2022-07-01,1597,7276542,598,6343054,26,588428,1388,3331771,1722,408088,3110,3739859,5331,5407.43,17947942,14208083,0
2022-07-02,973,7277515,385,6343439,18,588446,834,3332605,926,409014,1760,3741619,3136,5137.71,17951078,14209459,0
2022-07-03,530,7278045,205,6343644,7,588453,458,3333063,487,409501,945,3742564,1687,4994.71,17952765,14210201,0
2022-07-04,36,7278081,26,6343670,1,588454,30,3333093,38,409539,68,3742632,131,4248.14,17952896,14210264,0
2022-07-05,1287,7279368,754,6344424,35,588489,1404,3334497,1738,411277,3142,3745774,5218,4055.14,17958114,14212340,0
2022-07-06,1613,7280981,679,6345103,44,588533,1443,3335940,1834,413111,3277,3749051,5613,3955,17963727,14214676,0
2022-07-07,1592,7282573,716,6345819,48,588581,1526,3337466,1994,415105,3520,3752571,5876,3856,17969603,14217032,0
2022-07-08,1630,7284203,652,6346471,37,588618,1468,3338934,1971,417076,3439,3756010,5760,3917.29,17975363,14219353,0
2022-07-09,983,7285186,422,6346893,26,588644,877,3339811,1341,418417,2218,3758228,3649,3990.57,17979012,14220784,0
2022-07-10,639,7285825,187,6347080,17,588661,429,3340240,660,419077,1089,3759317,1932,4025.57,17980944,14221627,0
2022-07-11,1397,7287222,635,6347715,49,588710,1429,3341669,2206,421283,3635,3762952,5716,4823.43,17986660,14223708,0
2022-07-12,1401,7288623,687,6348402,45,588755,1397,3343066,2509,423792,3906,3766858,6039,4940.71,17992699,14225841,0
2022-07-13,1621,7290244,730,6349132,36,588791,1511,3344577,2803,426595,4314,3771172,6701,5096.14,17999400,14228228,0
2022-07-14,1592,7291836,841,6349973,47,588838,1596,3346173,3053,429648,4649,3775821,7130,5275.29,18006530,14230709,0
2022-07-15,1618,7293454,934,6350907,46,588884,1559,3347732,3041,432689,4600,3780421,7198,5480.71,18013728,14233307,0
2022-07-16,882,7294336,583,6351490,9,588893,973,3348705,1692,434381,2665,3783086,4139,5550.71,18017867,14234781,0
2022-07-17,550,7294886,293,6351783,16,588909,529,3349234,1164,435545,1693,3784779,2552,5639.29,18020419,14235640,0
2022-07-18,1397,7296283,842,6352625,45,588954,1430,3350664,2442,437987,3872,3788651,6156,5702.14,18026575,14237924,0
2022-07-19,1441,7297724,976,6353601,51,589005,1537,3352201,2796,440783,4333,3792984,6801,5811,18033376,14240392,0
2022-07-20,1385,7299109,1480,6355081,50,589055,1347,3353548,2384,443167,3731,3796715,6647,5803.29,18040023,14243308,0
2022-07-21,1334,7300443,1434,6356515,47,589102,1390,3354938,2358,445525,3748,3800463,6563,5722.29,18046586,14246123,0
2022-07-22,1430,7301873,1565,6358080,41,589143,1555,3356493,2839,448364,4394,3804857,7430,5755.43,18054016,14249159,0
2022-07-23,905,7302778,1092,6359172,17,589160,995,3357488,1549,449913,2544,3807401,4558,5815.29,18058574,14251173,0
2022-07-24,490,7303268,640,6359812,14,589174,501,3357989,803,450716,1304,3808705,2449,5800.57,18061023,14252318,0
2022-07-25,1211,7304479,767,6360579,59,589233,1260,3359249,2053,452769,3313,3812018,5350,5685.43,18066373,14254355,0
2022-07-26,1230,7305709,1019,6361598,41,589274,1462,3360711,2429,455198,3891,3815909,6181,5596.86,18072554,14256645,0
2022-07-27,1320,7307029,1271,6362869,41,589315,1380,3362091,2185,457383,3565,3819474,6199,5532.86,18078753,14259279,0
2022-07-28,1311,7308340,1413,6364282,71,589386,1417,3363508,2204,459587,3621,3823095,6416,5511.86,18085169,14262074,0
2022-07-29,1316,7309656,1426,6365708,64,589450,1345,3364853,2130,461717,3475,3826570,6282,5347.86,18091451,14264881,0
2022-07-30,724,7310380,714,6366422,25,589475,784,3365637,945,462662,1729,3828299,3195,5153.14,18094646,14266347,0
2022-07-31,423,7310803,591,6367013,14,589489,487,3366124,570,463232,1057,3829356,2085,5101.14,18096731,14267375,0
2022-08-01,1224,7312027,907,6367920,55,589544,1320,3367444,1501,464733,2821,3832177,5007,5052.14,18101738,14269561,0
2022-08-02,1220,7313247,1011,6368931,73,589617,1333,3368777,1590,466323,2923,3835100,5227,4915.86,18106965,14271865,0
2022-08-03,1265,7314512,1183,6370114,41,589658,1337,3370114,1518,467841,2855,3837955,5344,4793.71,18112309,14274354,0
2022-08-04,1183,7315695,1178,6371292,57,589715,1282,3371396,1446,469287,2728,3840683,5146,4612.29,18117455,14276772,0
2022-08-05,1302,7316997,1444,6372736,48,589763,1306,3372702,1434,470721,2740,3843423,5534,4505.43,18122989,14279566,0
2022-08-06,687,7317684,838,6373574,14,589777,758,3373460,769,471490,1527,3844950,3067,4487.14,18126056,14281106,0
2022-08-07,392,7318076,456,6374030,14,589791,421,3373881,352,471842,773,3845723,1635,4422.86,18127691,14281968,0
2022-08-08,1179,7319255,929,6374959,70,589861,1267,3375148,1167,473009,2434,3848157,4612,4366.43,18132303,14284146,0
2022-08-09,1124,7320379,893,6375852,38,589899,1220,3376368,1157,474166,2377,3850534,4432,4252.86,18136735,14286201,0
2022-08-10,1207,7321586,1106,6376958,58,589957,1249,3377617,1240,475406,2489,3853023,4860,4183.71,18141595,14288572,0
2022-08-11,1295,7322881,1061,6378019,84,590041,1206,3378823,1275,476681,2481,3855504,4921,4151.57,18146516,14291012,0
2022-08-12,1317,7324198,1402,6379421,54,590095,1259,3380082,1235,477916,2494,3857998,5267,4113.43,18151783,14293785,0
2022-08-13,752,7324950,779,6380200,15,590110,760,3380842,626,478542,1386,3859384,2932,4094.14,18154715,14295331,0
2022-08-14,486,7325436,482,6380682,19,590129,404,3381246,279,478821,683,3860067,1670,4099.14,18156385,14296318,0
2022-08-15,1268,7326704,1039,6381721,60,590189,1294,3382540,982,479803,2276,3862343,4643,4103.57,18161028,14298685,0
2022-08-16,1298,7328002,862,6382583,50,590239,1357,3383897,1070,480873,2427,3864770,4637,4132.86,18165665,14300895,0
2022-08-17,1207,7329209,953,6383536,39,590278,1223,3385120,978,481851,2201,3866971,4400,4067.14,18170065,14303094,0
2022-08-18,1152,7330361,940,6384476,44,590322,1257,3386377,939,482790,2196,3869167,4332,3983,18174397,14305230,0
2022-08-19,1239,7331600,1131,6385607,34,590356,1109,3387486,956,483746,2065,3871232,4469,3869,18178866,14307634,0
2022-08-20,582,7332182,481,6386088,16,590372,627,3388113,499,484245,1126,3872358,2205,3765.14,18181071,14308713,0
2022-08-21,352,7332534,245,6386333,9,590381,376,3388489,264,484509,640,3872998,1246,3704.57,18182317,14309319,0
2022-08-22,1195,7333729,914,6387247,37,590418,1226,3389715,876,485385,2102,3875100,4248,3648.14,18186565,14311465,0
2022-08-23,1223,7334952,1042,6388289,47,590465,1374,3391089,952,486337,2326,3877426,4639,3648.43,18191204,14313778,0
2022-08-24,1260,7336212,1001,6389290,29,590494,1281,3392370,807,487144,2088,3879514,4379,3645.43,18195583,14316069,0
2022-08-25,1213,7337425,964,6390254,62,590556,1183,3393553,800,487944,1983,3881497,4222,3629.71,18199805,14318308,0
2022-08-26,1171,7338596,1163,6391417,53,590609,1177,3394730,776,488720,1953,3883450,4340,3611.29,18204145,14320695,0
2022-08-27,680,7339276,527,6391944,13,590622,672,3395402,402,489122,1074,3884524,2294,3624,18206439,14321915,0
2022-08-28,372,7339648,232,6392176,10,590632,443,3395845,221,489343,664,3885188,1278,3628.57,18207717,14322529,0
2022-08-29,1144,7340792,908,6393084,40,590672,1115,3396960,603,489946,1718,3886906,3811,3566.14,18211528,14324622,0
2022-08-30,1236,7342028,924,6394008,35,590707,1247,3398207,769,490715,2016,3888922,4211,3505,18215739,14326817,0
2022-08-31,1128,7343156,990,6394998,43,590750,1087,3399294,570,491285,1657,3890579,3818,3424.86,18219557,14328978,0
2022-09-01,996,7344152,940,6395938,51,590801,798,3400092,450,491735,1248,3891827,3235,3283.86,18222792,14330965,0
2022-09-02,939,7345091,996,6396934,27,590828,579,3400671,176,491911,755,3892582,2717,3052,18225509,14332927,0
2022-09-03,485,7345576,407,6397341,12,590840,359,3401030,50,491961,409,3892991,1313,2911.86,18226822,14333831,0
2022-09-04,225,7345801,195,6397536,10,590850,189,3401219,32,491993,221,3893212,651,2822.29,18227473,14334261,0
2022-09-05,73,7345874,67,6397603,7,590857,45,3401264,16,492009,61,3893273,208,2307.57,18227681,14334408,0
2022-09-06,954,7346828,1132,6398735,48,590905,622,3401886,136,492145,758,3894031,2897,2119.86,18230578,14336547,0
2022-09-07,837,7347665,961,6399696,38,590943,455,3402341,150,492295,605,3894636,2457,1925.43,18233035,14338399,0
2022-09-08,707,7348372,697,6400393,36,590979,237,3402578,109,492404,346,3894982,1817,1722.86,18234852,14339870,0
2022-09-09,713,7349085,992,6401385,49,591028,245,3402823,118,492522,363,3895345,2220,1651.86,18237072,14341727,0
2022-09-10,396,7349481,548,6401933,12,591040,236,3403059,55,492577,291,3895636,1293,1649,18238365,14342729,0
2022-09-11,172,7349653,201,6402134,11,591051,81,3403140,31,492608,112,3895748,526,1631.14,18238891,14343143,0
2022-09-12,624,7350277,678,6402812,37,591088,187,3403327,92,492700,279,3896027,1679,1841.29,18240570,14344543,0
2022-09-13,632,7350909,711,6403523,31,591119,213,3403540,111,492811,324,3896351,1799,1684.43,18242369,14346018,0
2022-09-14,610,7351519,729,6404252,29,591148,211,3403751,119,492930,330,3896681,1823,1593.86,18244192,14347511,0
2022-09-15,661,7352180,661,6404913,19,591167,211,3403962,109,493039,320,3897001,1812,1593.14,18246004,14349003,0
2022-09-16,665,7352845,884,6405797,21,591188,247,3404209,157,493196,404,3897405,2203,1590.71,18248207,14350802,120000
2022-09-17,303,7353148,500,6406297,9,591197,253,3404462,82,493278,335,3897740,1239,1583,18249446,14351706,120000
2022-09-18,145,7353293,163,6406460,7,591204,63,3404525,32,493310,95,3897835,432,1569.57,18249878,14352043,120000
2022-09-19,593,7353886,549,6407009,27,591231,209,3404734,93,493403,302,3898137,1533,1548.71,18251411,14353274,120000
2022-09-20,591,7354477,645,6407654,21,591252,204,3404938,86,493489,290,3898427,1664,1529.43,18253075,14354648,120000
2022-09-21,601,7355078,623,6408277,28,591280,245,3405183,124,493613,369,3898796,1766,1521.29,18254841,14356045,120000
2022-09-22,245,7355323,209,6408486,10,591290,62,3405245,77,493690,139,3898935,668,1357.86,18255509,14356574,120000
