"DATE","ADMIN_DOSE1_DAILY","ADMIN_DOSE1_CUMULATIVE","ADMIN_DOSE2_DAILY","ADMIN_DOSE2_CUMULATIVE","ADMIN_SINGLE_DAILY","ADMIN_SINGLE_CUMULATIVE","ADMIN_ADDITIONAL1_DAILY","ADMIN_ADDITIONAL1_CUMULATIVE","ADMIN_ADDITIONAL2_DAILY","ADMIN_ADDITIONAL2_CUMULATIVE","ADMIN_ADDITIONAL_DAILY","ADMIN_ADDITIONAL_CUMULATIVE","ADMIN_BIVALENT_ADDITIONAL_DAILY","ADMIN_BIVALENT_ADDITIONAL_CUMULATIVE","ADMIN_ALLDOSES_DAILY","ADMIN_ALLDOSES_7DAYAVG","ADMIN_ALLDOSES_CUMULATIVE","ADMIN_ALLDOSES_PRIMARY","INCOMPLETE"
2020-12-14,78,78,0,0,2,2,0,0,0,0,0,0,0,0,80,,80,80,0
2020-12-15,2033,2111,7,7,5,7,0,0,0,0,0,0,0,0,2045,,2125,2125,0
2020-12-16,4580,6691,17,24,4,11,1,1,0,0,1,1,0,0,4602,,6727,6726,0
2020-12-17,4643,11334,17,41,1,12,1,2,0,0,1,2,0,0,4662,,11389,11387,0
2020-12-18,5811,17145,23,64,2,14,2,4,0,0,2,4,0,0,5838,,17227,17223,0
2020-12-19,1682,18827,10,74,3,17,0,4,0,0,0,4,0,0,1695,,18922,18918,0
2020-12-20,1117,19944,2,76,1,18,0,4,0,0,0,4,0,0,1120,2863.14,20042,20038,0
2020-12-21,6373,26317,23,99,0,18,4,8,0,0,4,8,0,0,6400,3766,26442,26434,0
2020-12-22,9742,36059,29,128,2,20,1,9,0,0,1,9,0,0,9774,4870.14,36216,36207,0
2020-12-23,14231,50290,37,165,3,23,0,9,0,0,0,9,0,0,14271,6251.43,50487,50478,0
2020-12-24,7154,57444,28,193,1,24,0,9,0,0,0,9,0,0,7183,6611.57,57670,57661,0
2020-12-25,180,57624,0,193,0,24,1,10,0,0,1,10,0,0,181,5803.43,57851,57841,0
2020-12-26,4386,62010,47,240,0,24,1,11,0,0,1,11,0,0,4434,6194.71,62285,62274,0
2020-12-27,3864,65874,16,256,0,24,1,12,0,0,1,12,0,0,3881,6589.14,66166,66154,0
2020-12-28,10966,76840,50,306,1,25,3,15,0,0,3,15,0,0,11020,7249.14,77186,77171,0
2020-12-29,10689,87529,37,343,2,27,3,18,0,0,3,18,0,0,10731,7385.86,87917,87899,0
2020-12-30,12800,100329,45,388,0,27,0,18,0,0,0,18,0,0,12845,7182.14,100762,100744,0
2020-12-31,7247,107576,38,426,1,28,0,18,0,0,0,18,0,0,7286,7196.86,108048,108030,0
2021-01-01,178,107754,2,428,1,29,3,21,0,0,3,21,0,0,184,7197.29,108232,108211,0
2021-01-02,3799,111553,10,438,3,32,2,23,0,0,2,23,0,0,3814,7108.71,112046,112023,0
2021-01-03,3539,115092,25,463,2,34,1,24,0,0,1,24,0,0,3567,7063.86,115613,115589,0
2021-01-04,12224,127316,803,1266,2,36,8,32,0,0,8,32,0,0,13037,7352,128650,128618,0
2021-01-05,14072,141388,2185,3451,2,38,14,46,1,1,15,47,0,0,16274,8143.86,144924,144877,0
2021-01-06,17772,159160,3909,7360,1,39,34,80,7,8,41,88,0,0,21723,9412.14,166647,166559,0
2021-01-07,16511,175671,5171,12531,4,43,45,125,3,11,48,136,0,0,21734,11476.14,188381,188245,0
2021-01-08,16589,192260,5442,17973,0,43,38,163,5,16,43,179,0,0,22074,14603.29,210455,210276,0
2021-01-09,7644,199904,1458,19431,1,44,9,172,2,18,11,190,0,0,9114,15360.43,219569,219379,0
2021-01-10,7874,207778,978,20409,0,44,14,186,0,18,14,204,0,0,8866,16117.43,228435,228231,0
2021-01-11,25787,233565,7440,27849,2,46,59,245,6,24,65,269,0,0,33294,19011.29,261729,261460,0
2021-01-12,28218,261783,7851,35700,1,47,48,293,4,28,52,321,0,0,36122,21846.71,297851,297530,0
2021-01-13,31677,293460,9389,45089,0,47,60,353,6,34,66,387,0,0,41132,24619.43,338983,338596,0
2021-01-14,35753,329213,5292,50381,1,48,34,387,7,41,41,428,0,0,41087,27384.14,380070,379642,0
2021-01-15,29218,358431,3704,54085,2,50,33,420,6,47,39,467,0,0,32963,28939.71,413033,412566,0
2021-01-16,30239,388670,2389,56474,0,50,27,447,5,52,32,499,0,0,32660,32303.43,445693,445194,0
2021-01-17,23713,412383,1642,58116,0,50,20,467,1,53,21,520,0,0,25376,34662,471069,470549,0
2021-01-18,27055,439438,2413,60529,0,50,37,504,7,60,44,564,0,0,29513,34121.86,500582,500018,0
2021-01-19,34249,473687,9623,70152,1,51,75,579,8,68,83,647,0,0,43956,35241,544538,543891,0
2021-01-20,34822,508509,9485,79637,1,52,62,641,2,70,64,711,0,0,44372,35703.86,588910,588199,0
2021-01-21,25557,534066,8084,87721,2,54,55,696,5,75,60,771,0,0,33703,34649,622613,621842,0
2021-01-22,24719,558785,4370,92091,1,55,34,730,6,81,40,811,0,0,29130,34101.43,651743,650932,0
2021-01-23,15719,574504,3221,95312,0,55,12,742,2,83,14,825,0,0,18954,32143.43,670697,669872,0
2021-01-24,7156,581660,3456,98768,0,55,21,763,1,84,22,847,0,0,10634,30037.43,681331,680484,0
2021-01-25,13383,595043,11812,110580,0,55,72,835,13,97,85,932,0,0,25280,29432.71,706611,705679,0
2021-01-26,16734,611777,10750,121330,0,55,68,903,4,101,73,1005,0,0,27557,27090,734168,733164,0
2021-01-27,20810,632587,12326,133656,0,55,53,956,9,110,62,1067,0,0,33198,25493.71,767366,766300,0
2021-01-28,30720,663307,12821,146477,0,55,86,1042,16,126,102,1169,0,0,43646,26914.14,811012,809844,0
2021-01-29,31646,694953,11485,157962,0,55,86,1128,11,137,97,1266,0,0,43228,28928.14,854240,852975,0
2021-01-30,18689,713642,3730,161692,0,55,23,1151,3,140,26,1292,0,0,22445,29426.86,876685,875394,0
2021-01-31,12997,726639,2920,164612,1,56,30,1181,5,145,35,1327,0,0,15953,30186.71,892638,891312,0
2021-02-01,1177,727816,5394,170006,3,59,38,1219,4,149,42,1369,0,0,6616,27520.43,899254,897886,0
2021-02-02,2821,730637,9430,179436,2,61,53,1272,3,152,56,1425,0,0,12309,25342.14,911563,910139,0
2021-02-03,16326,746963,21191,200627,4,65,217,1489,20,172,237,1662,0,0,37758,25993.57,949321,947660,0
2021-02-04,27018,773981,19628,220255,3,68,210,1699,11,183,221,1883,0,0,46870,26454.14,996191,994309,0
2021-02-05,27550,801531,20006,240261,0,68,195,1894,16,199,212,2095,0,0,47768,27102.71,1043959,1041866,0
2021-02-06,22934,824465,11235,251496,0,68,119,2013,13,212,132,2227,0,0,34301,28796.43,1078260,1076035,0
2021-02-07,12026,836491,8273,259769,1,69,97,2110,13,225,111,2338,0,0,20411,29433.29,1098671,1096336,0
2021-02-08,16943,853434,23494,283263,2,71,237,2347,37,262,275,2613,0,0,40714,34304.43,1139385,1136776,0
2021-02-09,17164,870598,28069,311332,2,73,357,2704,41,303,401,3014,0,0,45636,39065.43,1185021,1182014,0
2021-02-10,19567,890165,29281,340613,2,75,272,2976,51,354,326,3340,0,0,49177,40696.71,1234198,1230868,0
2021-02-11,27815,917980,33445,374058,2,77,347,3323,58,412,405,3745,0,0,61669,42810.86,1295867,1292132,0
2021-02-12,38373,956353,30750,404808,3,80,358,3681,41,453,400,4145,0,0,69526,45919.14,1365393,1361259,0
2021-02-13,27973,984326,25308,430116,2,82,307,3988,58,511,366,4511,0,0,53650,48683.29,1419043,1414544,0
2021-02-14,16248,1000574,23692,453808,0,82,278,4266,37,548,315,4826,0,0,40255,51518.14,1459298,1454484,0
2021-02-15,12763,1013337,10497,464305,2,84,178,4444,26,574,205,5031,0,0,23467,49054.29,1482765,1477747,0
2021-02-16,14216,1027553,26649,490954,0,84,346,4790,40,614,387,5418,0,0,41252,48428,1524017,1518613,0
2021-02-17,16370,1043923,22154,513108,1,85,285,5075,41,655,326,5744,0,0,38851,46952.86,1562868,1557138,0
2021-02-18,12127,1056050,24952,538060,21,106,304,5379,45,700,349,6093,0,0,37449,43492.86,1600317,1594238,0
2021-02-19,13181,1069231,23906,561966,38,144,322,5701,46,746,368,6461,0,0,37493,38916.71,1637810,1631363,0
2021-02-20,11300,1080531,26059,588025,7,151,334,6035,77,823,413,6874,0,0,37780,36649.57,1675590,1668732,0
2021-02-21,6309,1086840,17412,605437,14,165,292,6327,48,871,341,7215,0,0,24076,34338.29,1699666,1692468,0
2021-02-22,12999,1099839,11830,617267,2,167,134,6461,22,893,156,7371,0,0,24987,34555.43,1724653,1717299,0
2021-02-23,25136,1124975,14141,631408,1,168,168,6629,36,929,205,7576,0,0,39484,34302.86,1764137,1756579,0
2021-02-24,36225,1161200,20381,651789,0,168,230,6859,37,966,268,7844,0,0,56874,36877.57,1821011,1813186,0
2021-02-25,54406,1215606,30451,682240,6,174,404,7263,64,1030,469,8313,0,0,85332,43718,1906343,1898050,0
2021-02-26,62649,1278255,31876,714116,4,178,428,7691,76,1106,506,8819,0,0,95035,51938.29,2001378,1992581,0
2021-02-27,51131,1329386,22732,736848,47,225,351,8042,51,1157,403,9222,0,0,74313,57157.29,2075691,2066492,0
2021-02-28,44458,1373844,13843,750691,7,232,207,8249,36,1193,243,9465,0,0,58551,62082.29,2134242,2124800,0
2021-03-01,39212,1413056,12760,763451,10,242,177,8426,22,1215,199,9664,0,0,52181,65967.14,2186423,2176782,0
2021-03-02,46942,1459998,12554,776005,7,249,165,8591,15,1230,180,9844,0,0,59683,68852.71,2246106,2236285,0
2021-03-03,48460,1508458,16123,792128,17,266,161,8752,19,1249,180,10024,0,0,64780,69982.14,2310886,2300885,0
2021-03-04,59679,1568137,22802,814930,1079,1345,274,9026,34,1283,310,10334,0,0,83870,69773.29,2394756,2384447,0
2021-03-05,60820,1628957,24286,839216,3064,4409,335,9361,32,1315,368,10702,0,0,88538,68845.14,2483294,2472618,0
2021-03-06,47036,1675993,18877,858093,5366,9775,242,9603,42,1357,284,10986,0,0,71563,68452.29,2554857,2543897,0
2021-03-07,35916,1711909,14858,872951,6166,15941,236,9839,21,1378,258,11244,0,0,57198,68259,2612055,2600838,0
2021-03-08,39446,1751355,14563,887514,8464,24405,327,10166,88,1466,418,11662,0,0,62891,69789,2674946,2663314,0
2021-03-09,39012,1790367,12815,900329,7649,32054,189,10355,35,1501,225,11887,0,0,59701,69791.57,2734647,2722791,0
2021-03-10,51699,1842066,15338,915667,5008,37062,228,10583,35,1536,264,12151,0,0,72309,70867.14,2806956,2794837,0
2021-03-11,59856,1901922,21795,937462,4587,41649,248,10831,48,1584,298,12449,0,0,86536,71248,2893492,2881077,0
2021-03-12,52069,1953991,30257,967719,4158,45807,372,11203,94,1678,466,12915,0,0,86950,71021.14,2980442,2967561,0
2021-03-13,40578,1994569,26645,994364,5049,50856,319,11522,55,1733,375,13290,0,0,72647,71176,3053089,3039834,0
2021-03-14,30640,2025209,15946,1010310,4473,55329,243,11765,28,1761,274,13564,0,0,51334,70338.29,3104423,3090897,0
2021-03-15,33510,2058719,17210,1027520,4664,59993,247,12012,31,1792,278,13842,0,0,55662,69305.57,3160085,3146281,0
2021-03-16,38592,2097311,20433,1047953,4882,64875,263,12275,37,1829,301,14143,0,0,64208,69949.43,3224293,3210189,0
2021-03-17,42533,2139844,24702,1072655,4199,69074,352,12627,42,1871,395,14538,0,0,71829,69880.86,3296122,3281624,0
2021-03-18,50342,2190186,26702,1099357,5164,74238,390,13017,61,1932,451,14989,0,0,82659,69327,3378781,3363832,0
2021-03-19,47674,2237860,29840,1129197,5569,79807,409,13426,74,2006,483,15472,0,0,83567,68843.71,3462348,3446916,0
2021-03-20,38636,2276496,25717,1154914,4628,84435,315,13741,54,2060,371,15843,0,0,69352,68373,3531700,3515899,0
2021-03-21,29240,2305736,19274,1174188,760,85195,237,13978,41,2101,280,16123,0,0,49554,68118.71,3581254,3565175,0
2021-03-22,33784,2339520,26670,1200858,4003,89198,260,14238,37,2138,297,16420,0,0,64755,69417.71,3646009,3629633,0
2021-03-23,38344,2377864,32751,1233609,4192,93390,300,14538,55,2193,359,16779,0,0,75646,71051.71,3721655,3704924,0
2021-03-24,41409,2419273,37534,1271143,4807,98197,339,14877,57,2250,398,17177,0,0,84148,72811.57,3805803,3788676,0
2021-03-25,43329,2462602,50693,1321836,5014,103211,483,15360,90,2340,577,17754,0,0,99613,75233.57,3905416,3887716,0
2021-03-26,38441,2501043,55420,1377256,4284,107495,523,15883,106,2446,632,18386,0,0,98777,77406.43,4004193,3985864,0
2021-03-27,35673,2536716,45669,1422925,2930,110425,420,16303,85,2531,506,18892,0,0,84778,79610.14,4088971,4070137,0
2021-03-28,26349,2563065,34383,1457308,1474,111899,344,16647,66,2597,414,19306,0,0,62620,81476.71,4151591,4132347,0
2021-03-29,34766,2597831,38768,1496076,3224,115123,373,17020,105,2702,479,19785,0,0,77237,83259.86,4228828,4209106,0
2021-03-30,40384,2638215,41837,1537913,3688,118811,350,17370,63,2765,415,20200,0,0,86324,84785.29,4315152,4295017,0
2021-03-31,49247,2687462,44794,1582707,7328,126139,419,17789,83,2848,502,20702,0,0,101871,87317.14,4417023,4396386,0
2021-04-01,50637,2738099,53865,1636572,11149,137288,505,18294,79,2927,588,21290,0,0,116239,89692.29,4533262,4512041,0
2021-04-02,43675,2781774,53779,1690351,11846,149134,557,18851,70,2997,632,21922,0,0,109932,91285.86,4643194,4621346,0
2021-04-03,39136,2820910,39151,1729502,9793,158927,347,19198,58,3055,406,22328,0,0,88486,91815.57,4731680,4709427,0
2021-04-04,26489,2847399,24749,1754251,3875,162802,226,19424,49,3104,275,22603,0,0,55388,90782.43,4787068,4764540,0
2021-04-05,41845,2889244,34343,1788594,11121,173923,390,19814,58,3162,449,23052,0,0,87758,92285.43,4874826,4851850,0
2021-04-06,53128,2942372,35562,1824156,13107,187030,448,20262,74,3236,522,23574,0,0,102319,94570.43,4977145,4953647,0
2021-04-07,55371,2997743,40644,1864800,14304,201334,413,20675,81,3317,496,24070,0,0,110815,95848.14,5087960,5063968,0
2021-04-08,59150,3056893,46511,1911311,16232,217566,535,21210,85,3402,621,24691,0,0,122514,96744.57,5210474,5185862,0
2021-04-09,56544,3113437,44857,1956168,17457,235023,536,21746,78,3480,619,25310,0,0,119477,98108.14,5329951,5304725,0
2021-04-10,49257,3162694,35587,1991755,12624,247647,400,22146,66,3546,470,25780,0,0,97938,99458.43,5427889,5402197,0
2021-04-11,38111,3200805,28790,2020545,7638,255285,288,22434,62,3608,351,26131,0,0,74890,102244.43,5502779,5476737,0
2021-04-12,46562,3247367,31783,2052328,13427,268712,478,22912,65,3673,544,26675,0,0,92316,102895.57,5595095,5568510,0
2021-04-13,52468,3299835,33740,2086068,369,269081,408,23320,60,3733,470,27145,0,0,87047,100713.86,5682142,5655089,0
2021-04-14,50082,3349917,39906,2125974,20,269101,369,23689,75,3808,446,27591,0,0,90454,97805.14,5772596,5745099,0
2021-04-15,52050,3401967,43647,2169621,15,269116,447,24136,105,3913,557,28148,0,0,96270,94056,5868866,5840817,0
2021-04-16,51143,3453110,42162,2211783,31,269147,440,24576,74,3987,517,28665,0,0,93853,90395.43,5962719,5934156,0
2021-04-17,43783,3496893,35663,2247446,3,269150,364,24940,83,4070,449,29114,0,0,79898,87818.29,6042617,6013607,0
2021-04-18,28565,3525458,29340,2276786,7,269157,259,25199,63,4133,323,29437,0,0,58235,85439,6100852,6071520,0
2021-04-19,37406,3562864,36385,2313171,21,269178,346,25545,68,4201,416,29853,0,0,74228,82855,6175080,6145334,0
2021-04-20,40761,3603625,39548,2352719,19,269197,316,25861,82,4283,399,30252,0,0,80727,81952.14,6255807,6225663,0
2021-04-21,38843,3642468,45924,2398643,17,269214,506,26367,94,4377,601,30853,0,0,85385,81228,6341192,6310448,0
2021-04-22,38455,3680923,48851,2447494,9,269223,349,26716,76,4453,427,31280,0,0,87743,80009.86,6428935,6397766,0
2021-04-23,39670,3720593,44289,2491783,3,269226,356,27072,75,4528,433,31713,0,0,84395,78658.71,6513330,6481730,0
2021-04-24,31907,3752500,41517,2533300,44,269270,283,27355,61,4589,345,32058,0,0,73813,77789.43,6587143,6555199,0
2021-04-25,18397,3770897,31163,2564463,86,269356,201,27556,60,4649,261,32319,0,0,49907,76599.71,6637050,6604845,0
2021-04-26,26938,3797835,40647,2605110,1011,270367,301,27857,93,4742,399,32718,0,0,68995,75852.14,6706045,6673446,0
2021-04-27,28533,3826368,47033,2652143,1693,272060,375,28232,98,4840,477,33195,0,0,77736,75424.86,6783781,6750709,0
2021-04-28,27001,3853369,56725,2708868,2140,274200,450,28682,100,4940,553,33748,0,0,86419,75572.57,6870200,6836578,0
2021-04-29,28571,3881940,57130,2765998,2144,276344,372,29054,102,5042,476,34224,0,0,88321,75655.14,6958521,6924425,0
2021-04-30,30091,3912031,51913,2817911,2052,278396,289,29343,70,5112,360,34584,0,0,84417,75658.29,7042938,7008483,0
2021-05-01,22461,3934492,44469,2862380,1170,279566,233,29576,68,5180,303,34887,0,0,68403,74885.43,7111341,7076585,0
2021-05-02,11912,3946404,36585,2898965,1080,280646,157,29733,55,5235,214,35101,0,0,49791,74868.86,7161132,7126164,0
2021-05-03,17993,3964397,52959,2951924,2376,283022,272,30005,85,5320,359,35460,0,0,73689,75539.43,7234821,7199496,0
2021-05-04,22715,3987112,56577,3008501,2325,285347,275,30280,113,5433,389,35849,0,0,82007,76149.57,7316828,7281115,0
2021-05-05,21463,4008575,48702,3057203,2303,287650,320,30600,100,5533,421,36270,0,0,72890,74216.86,7389718,7353585,0
2021-05-06,20669,4029244,50125,3107328,2502,290152,274,30874,88,5621,366,36636,0,0,73662,72122.71,7463380,7426885,0
2021-05-07,21225,4050469,52050,3159378,2804,292956,319,31193,79,5700,399,37035,0,0,76478,70988.57,7539858,7502965,0
2021-05-08,16615,4067084,41828,3201206,1828,294784,237,31430,68,5768,305,37340,0,0,60576,69870.43,7600434,7563236,0
2021-05-09,7964,4075048,29384,3230590,1259,296043,153,31583,54,5822,208,37548,0,0,38815,68302.43,7639249,7601844,0
2021-05-10,14362,4089410,38498,3269088,2352,298395,253,31836,89,5911,345,37893,0,0,55558,65712.29,7694807,7657060,0
2021-05-11,19879,4109289,43030,3312118,2507,300902,297,32133,85,5996,387,38280,0,0,65804,63397.57,7760611,7722482,0
2021-05-12,17802,4127091,40515,3352633,3582,304484,235,32368,81,6077,316,38596,0,0,62215,61872.57,7822826,7784381,0
2021-05-13,24910,4152001,40424,3393057,3223,307707,261,32629,78,6155,341,38937,0,0,68899,61192.14,7891725,7852941,0
2021-05-14,26976,4178977,42938,3435995,3529,311236,271,32900,91,6246,364,39301,0,0,73807,60810.57,7965532,7926386,0
2021-05-15,23620,4202597,34914,3470909,3360,314596,259,33159,74,6320,334,39635,0,0,62228,61046.57,8027760,7988281,0
2021-05-16,15503,4218100,19444,3490353,2492,317088,126,33285,47,6367,174,39809,0,0,37613,60874.86,8065373,8025721,0
2021-05-17,22650,4240750,29133,3519486,3248,320336,193,33478,65,6432,258,40067,0,0,55289,60836.43,8120662,8080752,0
2021-05-18,24610,4265360,31897,3551383,3396,323732,242,33720,81,6513,324,40391,0,0,60227,60039.71,8180889,8140656,0
2021-05-19,24162,4289522,29723,3581106,3034,326766,228,33948,49,6562,278,40669,0,0,57197,59322.86,8238086,8197576,0
2021-05-20,24127,4313649,30101,3611207,3160,329926,271,34219,85,6647,361,41030,0,0,57749,57730,8295835,8254969,0
2021-05-21,24656,4338305,31999,3643206,3047,332973,243,34462,62,6709,308,41338,0,0,60010,55759,8355845,8314674,0
2021-05-22,20002,4358307,24373,3667579,2521,335494,165,34627,47,6756,213,41551,0,0,47109,53599.14,8402954,8361571,0
2021-05-23,11217,4369524,13734,3681313,1407,336901,92,34719,32,6788,125,41676,0,0,26483,52009.14,8429437,8387930,0
2021-05-24,18845,4388369,23161,3704474,2754,339655,223,34942,52,6840,278,41954,0,0,45038,50544.71,8474475,8432693,0
2021-05-25,19416,4407785,23379,3727853,2596,342251,173,35115,57,6897,230,42184,0,0,45621,48458.14,8520096,8478084,0
2021-05-26,18772,4426557,21092,3748945,2696,344947,196,35311,49,6946,247,42431,0,0,42807,46402.43,8562903,8520646,0
2021-05-27,18452,4445009,21269,3770214,2529,347476,184,35495,58,7004,243,42674,0,0,42493,44223,8605396,8562897,0
2021-05-28,17854,4462863,22873,3793087,2746,350222,184,35679,60,7064,245,42919,0,0,43718,41895.57,8649114,8606371,0
2021-05-29,12699,4475562,17820,3810907,1750,351972,104,35783,38,7102,143,43062,0,0,32412,39796,8681526,8638641,0
2021-05-30,7024,4482586,8946,3819853,1073,353045,51,35834,15,7117,66,43128,0,0,17109,38456.86,8698635,8655684,0
2021-05-31,4738,4487324,6920,3826773,1006,354051,67,35901,18,7135,85,43213,0,0,12749,33844.14,8711384,8668348,0
2021-06-01,16035,4503359,25182,3851955,2174,356225,161,36062,40,7175,205,43418,0,0,43596,33554.86,8754980,8711743,0
2021-06-02,15345,4518704,20392,3872347,2093,358318,137,36199,46,7221,183,43601,0,0,38013,32870,8792993,8749573,0
2021-06-03,14990,4533694,23797,3896144,2278,360596,133,36332,45,7266,180,43781,0,0,41245,32691.71,8834238,8790640,0
2021-06-04,14701,4548395,25977,3922121,2491,363087,146,36478,40,7306,187,43968,0,0,43357,32640.14,8877595,8833811,0
2021-06-05,10980,4559375,22080,3944201,1806,364893,114,36592,29,7335,144,44112,0,0,35010,33011.29,8912605,8868678,0
2021-06-06,6439,4565814,14472,3958673,1217,366110,91,36683,13,7348,105,44217,0,0,22233,33743.29,8934838,8890807,0
2021-06-07,11689,4577503,21768,3980441,2375,368485,144,36827,38,7386,185,44402,0,0,36017,37067.29,8970855,8926642,0
2021-06-08,12619,4590122,24010,4004451,2069,370554,131,36958,44,7430,176,44578,0,0,38874,36392.71,9009729,8965341,0
2021-06-09,11122,4601244,23014,4027465,2299,372853,135,37093,44,7474,181,44759,0,0,36616,36193.14,9046345,9001778,0
2021-06-10,12048,4613292,22227,4049692,2458,375311,143,37236,60,7534,204,44963,0,0,36938,35577.86,9083283,9038513,0
2021-06-11,12691,4625983,25121,4074813,2480,377791,157,37393,61,7595,219,45182,0,0,40511,35171.29,9123794,9078806,0
2021-06-12,10155,4636138,19312,4094125,1886,379677,95,37488,45,7640,142,45324,0,0,31495,34669.14,9155289,9110161,0
2021-06-13,4248,4640386,10938,4105063,1210,380887,43,37531,21,7661,65,45389,0,0,16463,33844.86,9171752,9126560,0
2021-06-14,10199,4650585,19228,4124291,2039,382926,138,37669,50,7711,188,45577,0,0,31654,33221.57,9203406,9158026,0
2021-06-15,11874,4662459,21017,4145308,1939,384865,128,37797,41,7752,170,45747,0,0,35001,32668.29,9238407,9192858,0
2021-06-16,11580,4674039,19395,4164703,1953,386818,153,37950,73,7825,226,45973,0,0,33154,32173.71,9271561,9225786,0
2021-06-17,11012,4685051,18763,4183466,1971,388789,129,38079,36,7861,167,46140,0,0,31913,31455.86,9303474,9257534,0
2021-06-18,12165,4697216,18489,4201955,2110,390899,119,38198,38,7899,158,46298,0,0,32923,30371.86,9336397,9290300,0
2021-06-19,8487,4705703,13519,4215474,1458,392357,87,38285,23,7922,110,46408,0,0,23574,29240.29,9359971,9313764,0
2021-06-20,4333,4710036,7158,4222632,924,393281,36,38321,16,7938,52,46460,0,0,12467,28669.43,9372438,9326179,0
2021-06-21,10150,4720186,10012,4232644,1803,395084,72,38393,28,7966,101,46561,0,0,22066,27299.71,9394504,9348145,0
2021-06-22,9827,4730013,15641,4248285,1585,396669,105,38498,30,7996,135,46696,0,0,27188,26183.57,9421692,9375198,0
2021-06-23,10300,4740313,15185,4263470,1861,398530,101,38599,29,8025,131,46827,0,0,27477,25372.57,9449169,9402545,0
2021-06-24,9674,4749987,14705,4278175,1798,400328,118,38717,26,8051,146,46973,0,0,26323,24574,9475492,9428724,0
2021-06-25,10579,4760566,14381,4292556,1717,402045,118,38835,36,8087,154,47127,0,0,26831,23703.71,9502323,9455401,0
2021-06-26,7800,4768366,10462,4303018,1246,403291,78,38913,23,8110,102,47229,0,0,19610,23137.43,9521933,9474910,0
2021-06-27,4999,4773365,6000,4309018,794,404085,35,38948,14,8124,50,47279,0,0,11843,23048.29,9533776,9486704,0
2021-06-28,9027,4782392,10351,4319369,1523,405608,109,39057,27,8151,136,47415,0,0,21037,22901.29,9554813,9507605,0
2021-06-29,9723,4792115,12331,4331700,1347,406955,123,39180,34,8185,158,47573,0,0,23559,22382.86,9578372,9531007,0
2021-06-30,9428,4801543,10924,4342624,1482,408437,148,39328,18,8203,169,47742,0,0,22003,21600.86,9600375,9552844,0
2021-07-01,9388,4810931,10928,4353552,1431,409868,128,39456,27,8230,157,47899,0,0,21904,20969.57,9622279,9574593,0
2021-07-02,9691,4820622,11453,4365005,1538,411406,120,39576,21,8251,141,48040,0,0,22824,20397.14,9645103,9597276,0
2021-07-03,7056,4827678,8422,4373427,1192,412598,77,39653,16,8267,93,48133,0,0,16763,19990.43,9661866,9613946,0
2021-07-04,1285,4828963,1335,4374762,567,413165,12,39665,2,8269,14,48147,0,0,3201,18755.86,9665067,9617133,0
2021-07-05,6491,4835454,7104,4381866,1207,414372,67,39732,22,8291,89,48236,0,0,14891,17877.86,9679958,9631935,0
2021-07-06,9504,4844958,12853,4394719,1311,415683,113,39845,38,8329,152,48388,0,0,23820,17915.14,9703778,9655604,0
2021-07-07,8661,4853619,11102,4405821,1414,417097,127,39972,20,8349,147,48535,0,0,21324,17818.14,9725102,9676781,0
2021-07-08,8218,4861837,10187,4416008,1256,418353,109,40081,24,8373,135,48670,0,0,19796,17517,9744898,9696444,0
2021-07-09,8371,4870208,10827,4426835,1280,419633,90,40171,20,8393,110,48780,0,0,20588,17197.57,9765486,9716922,0
2021-07-10,7096,4877304,8633,4435468,1129,420762,67,40238,21,8414,89,48869,0,0,16947,17223.86,9782433,9733781,0
2021-07-11,4103,4881407,4539,4440007,701,421463,38,40276,6,8420,44,48913,0,0,9387,18107.57,9791820,9743124,0
2021-07-12,8438,4889845,9567,4449574,1249,422712,82,40358,23,8443,105,49018,0,0,19359,18745.86,9811179,9762378,0
2021-07-13,9456,4899301,9392,4458966,949,423661,109,40467,35,8478,146,49164,0,0,19943,18192,9831122,9782177,0
2021-07-14,8989,4908290,9534,4468500,1010,424671,108,40575,22,8500,134,49298,0,0,19667,17955.29,9850789,9801714,0
2021-07-15,8786,4917076,9155,4477655,1050,425721,81,40656,20,8520,102,49400,0,0,19093,17854.86,9869882,9820706,0
2021-07-16,9245,4926321,9767,4487422,979,426700,101,40757,29,8549,130,49530,0,0,20121,17788.14,9890003,9840697,0
2021-07-17,6836,4933157,7384,4494806,802,427502,80,40837,22,8571,102,49632,0,0,15124,17527.71,9905127,9855719,0
2021-07-18,4247,4937404,4287,4499093,575,428077,38,40875,12,8583,50,49682,0,0,9159,17495.14,9914286,9864828,0
2021-07-19,9119,4946523,8484,4507577,999,429076,92,40967,22,8605,115,49797,0,0,18717,17403.43,9933003,9883431,0
2021-07-20,10638,4957161,8755,4516332,990,430066,93,41060,26,8631,120,49917,0,0,20503,17483.43,9953506,9903815,0
2021-07-21,10048,4967209,8781,4525113,902,430968,145,41205,33,8664,178,50095,0,0,19909,17518,9973415,9923546,0
2021-07-22,10691,4977900,8577,4533690,1045,432013,141,41346,27,8691,169,50264,0,0,20482,17716.43,9993897,9943860,0
2021-07-23,11243,4989143,8887,4542577,1111,433124,137,41483,23,8714,162,50426,0,0,21403,17899.57,10015300,9965103,0
2021-07-24,7397,4996540,6739,4549316,669,433793,81,41564,26,8740,108,50534,0,0,14913,17869.43,10030213,9979909,0
2021-07-25,5473,5002013,2128,4551444,509,434302,57,41621,4,8744,61,50595,0,0,8171,17728.29,10038384,9988019,0
2021-07-26,10865,5012878,7012,4558456,854,435156,109,41730,20,8764,129,50724,0,0,18860,17748.71,10057244,10006750,0
2021-07-27,12053,5024931,8569,4567025,856,436012,139,41869,40,8804,180,50904,0,0,21658,17913.71,10078902,10028229,0
2021-07-28,11999,5036930,8056,4575081,949,436961,134,42003,29,8833,164,51068,0,0,21168,18093.57,10100070,10049234,0
2021-07-29,10917,5047847,7437,4582518,981,437942,138,42141,41,8874,183,51251,0,0,19518,17955.86,10119588,10068573,0
2021-07-30,14941,5062788,8017,4590535,1150,439092,184,42325,30,8904,218,51469,0,0,24326,18373.43,10143914,10092685,0
2021-07-31,9718,5072506,6321,4596856,815,439907,120,42445,20,8924,141,51610,0,0,16995,18670.86,10160909,10109540,0
2021-08-01,6494,5079000,3311,4600167,564,440471,80,42525,22,8946,102,51712,0,0,10471,18999.43,10171380,10119909,0
2021-08-02,13444,5092444,7145,4607312,845,441316,148,42673,19,8965,167,51879,0,0,21601,19391,10192981,10141343,0
2021-08-03,15399,5107843,8389,4615701,1108,442424,145,42818,39,9004,185,52064,0,0,25081,19880,10218062,10166240,0
2021-08-04,17253,5125096,8130,4623831,1452,443876,182,43000,36,9040,218,52282,0,0,27053,20720.71,10245115,10193075,0
2021-08-05,17873,5142969,7934,4631765,1367,445243,161,43161,21,9061,182,52464,0,0,27356,21840.43,10272471,10220249,0
2021-08-06,18170,5161139,8418,4640183,1228,446471,166,43327,33,9094,199,52663,0,0,28015,22367.43,10300486,10248065,0
2021-08-07,13374,5174513,6018,4646201,799,447270,104,43431,29,9123,133,52796,0,0,20324,22843,10320810,10268256,0
2021-08-08,9308,5183821,3832,4650033,399,447669,84,43515,10,9133,94,52890,0,0,13633,23294.71,10334443,10281795,0
2021-08-09,21324,5205145,8531,4658564,963,448632,177,43692,33,9166,211,53101,0,0,31029,24641.57,10365472,10312614,0
2021-08-10,18942,5224087,9330,4667894,944,449576,180,43872,34,9200,215,53316,0,0,29431,25263,10394903,10341831,0
2021-08-11,15637,5239724,8312,4676206,852,450428,130,44002,44,9244,175,53491,0,0,24976,24966.29,10419879,10366633,0
2021-08-12,15044,5254768,8985,4685191,939,451367,177,44179,37,9281,216,53707,0,0,25184,24656,10445063,10391603,0
2021-08-13,14912,5269680,9290,4694481,919,452286,246,44425,38,9319,285,53992,0,0,25407,24283.43,10470470,10416726,0
2021-08-14,10390,5280070,6410,4700891,625,452911,533,44958,41,9360,577,54569,0,0,18002,23951.71,10488472,10434154,0
2021-08-15,6685,5286755,4478,4705369,674,453585,563,45521,32,9392,600,55169,0,0,12437,23780.86,10500909,10445996,0
2021-08-16,15688,5302443,9315,4714684,1149,454734,1320,46841,64,9456,1389,56558,0,0,27541,23282.57,10528450,10472153,0
2021-08-17,17749,5320192,10458,4725142,1228,455962,1763,48604,86,9542,1864,58422,0,0,31299,23549.43,10559749,10501603,0
2021-08-18,17470,5337662,10379,4735521,1262,457224,1991,50595,89,9631,2091,60513,0,0,31202,24438.86,10590951,10530725,0
2021-08-19,16277,5353939,9535,4745056,1313,458537,1938,52533,69,9700,2021,62534,0,0,29146,25004.86,10620097,10557864,0
2021-08-20,16253,5370192,11535,4756591,1251,459788,1863,54396,88,9788,1965,64499,0,0,31004,25804.43,10651101,10586917,0
2021-08-21,11143,5381335,8036,4764627,877,460665,1059,55455,52,9840,1118,65617,0,0,21174,26257.57,10672275,10606980,0
2021-08-22,4077,5385412,3901,4768528,261,460926,510,55965,32,9872,546,66163,0,0,8785,25735.86,10681060,10615223,0
2021-08-23,15568,5400980,11802,4780330,1021,461947,1546,57511,77,9949,1636,67799,0,0,30028,26091.14,10711088,10643628,0
2021-08-24,16896,5417876,12596,4792926,1004,462951,1765,59276,81,10030,1855,69654,0,0,32351,26241.43,10743439,10674133,0
2021-08-25,14559,5432435,12448,4805374,1108,464059,1571,60847,81,10111,1667,71321,0,0,29782,26038.57,10773221,10702263,0
2021-08-26,16134,5448569,14101,4819475,1070,465129,1773,62620,70,10181,1853,73174,0,0,33158,26611.71,10806379,10733578,0
2021-08-27,14863,5463432,14822,4834297,968,466097,1676,64296,75,10256,1759,74933,0,0,32412,26812.86,10838791,10764239,0
2021-08-28,10673,5474105,11523,4845820,835,466932,1014,65310,46,10302,1061,75994,0,0,24092,27229.71,10862883,10787271,0
2021-08-29,7204,5481309,7498,4853318,541,467473,781,66091,57,10359,847,76841,0,0,16090,28273.29,10878973,10802523,0
2021-08-30,15503,5496812,16927,4870245,1075,468548,1790,67881,97,10456,1896,78737,0,0,35401,29040.86,10914374,10836037,0
2021-08-31,15495,5512307,15958,4886203,952,469500,1972,69853,88,10544,2070,80807,0,0,34475,29344.29,10948849,10868452,0
2021-09-01,14819,5527126,14114,4900317,1017,470517,1804,71657,58,10602,1872,82679,0,0,31822,29635.71,10980671,10898412,0
2021-09-02,14307,5541433,12523,4912840,895,471412,1713,73370,65,10667,1794,84473,0,0,29519,29115.86,11010190,10926153,0
2021-09-03,14990,5556423,14321,4927161,973,472385,1887,75257,73,10740,1964,86437,0,0,32248,29092.43,11042438,10956441,0
2021-09-04,9641,5566064,9404,4936565,687,473072,977,76234,35,10775,1017,87454,0,0,20749,28614.86,11063187,10976178,0
2021-09-05,6790,5572854,5514,4942079,438,473510,712,76946,19,10794,732,88186,0,0,13474,28241.14,11076661,10988921,0
2021-09-06,5194,5578048,4510,4946589,356,473866,274,77220,11,10805,287,88473,0,0,10347,24662,11087008,10998983,0
2021-09-07,15547,5593595,17699,4964288,912,474778,1558,78778,95,10900,1662,90135,0,0,35820,24854.14,11122828,11033150,0
2021-09-08,16142,5609737,14830,4979118,1069,475847,1781,80559,83,10983,1875,92010,0,0,33916,25153.29,11156744,11065202,0
2021-09-09,16088,5625825,14757,4993875,1047,476894,1912,82471,77,11060,2001,94011,0,0,33893,25778.14,11190637,11097106,0
2021-09-10,18342,5644167,15405,5009280,1207,478101,1972,84443,83,11143,2062,96073,0,0,37016,26459.29,11227653,11132067,0
2021-09-11,12625,5656792,10349,5019629,957,479058,1034,85477,47,11190,1087,97160,0,0,25018,27069.14,11252671,11156004,0
2021-09-12,8529,5665321,5054,5024683,765,479823,692,86169,33,11223,726,97886,0,0,15074,27297.71,11267745,11170353,0
2021-09-13,16913,5682234,12964,5037647,975,480798,1656,87825,53,11276,1719,99605,0,0,32571,30472.57,11300316,11201215,0
2021-09-14,16253,5698487,13679,5051326,885,481683,1595,89420,56,11332,1663,101268,0,0,32481,29995.57,11332797,11232045,0
2021-09-15,15502,5713989,12897,5064223,726,482409,1572,90992,83,11415,1664,102932,0,0,30789,29548.86,11363586,11261179,0
2021-09-16,15317,5729306,13914,5078137,1207,483616,1470,92462,67,11482,1544,104476,0,0,31982,29275.86,11395568,11291624,0
2021-09-17,14420,5743726,13957,5092094,922,484538,1838,94300,62,11544,1901,106377,0,0,31200,28445,11426768,11320924,0
2021-09-18,9981,5753707,10191,5102285,913,485451,1044,95344,44,11588,1092,107469,0,0,22177,28039.14,11448945,11342013,0
2021-09-19,6164,5759871,6077,5108362,557,486008,743,96087,29,11617,777,108246,0,0,13575,27825,11462520,11354816,0
2021-09-20,12663,5772534,12632,5120994,1066,487074,1916,98003,63,11680,1988,110234,0,0,28350,27222,11490870,11381187,0
2021-09-21,12213,5784747,12768,5133762,1108,488182,2031,100034,82,11762,2129,112363,0,0,28218,26613,11519088,11407292,0
2021-09-22,12807,5797554,12011,5145773,1089,489271,1684,101718,68,11830,1757,114120,0,0,27664,26166.57,11546752,11433204,0
2021-09-23,14900,5812454,12768,5158541,1638,490909,2271,103989,75,11905,2353,116473,0,0,31659,26120.43,11578411,11462517,0
2021-09-24,16419,5828873,13364,5171905,1634,492543,4594,108583,126,12031,4738,121211,0,0,36155,26828.29,11614566,11493952,0
2021-09-25,10517,5839390,9032,5180937,1016,493559,3422,112005,84,12115,3522,124733,0,0,24087,27101.14,11638653,11514533,0
2021-09-26,6276,5845666,5767,5186704,772,494331,2401,114406,60,12175,2473,127206,0,0,15288,27345.86,11653941,11527360,0
2021-09-27,14110,5859776,8066,5194770,1155,495486,9025,123431,165,12340,9239,136445,0,0,32571,27948.86,11686512,11550741,0
2021-09-28,11089,5870865,11787,5206557,900,496386,9882,133313,185,12525,10106,146551,0,0,33882,28758,11720394,11574556,0
2021-09-29,11570,5882435,12194,5218751,1202,497588,9415,142728,181,12706,9630,156181,0,0,34596,29748.29,11754990,11599556,0
2021-09-30,12195,5894630,12610,5231361,1335,498923,9719,152447,185,12891,9935,166116,0,0,36075,30379.14,11791065,11625727,0
2021-10-01,12603,5907233,13434,5244795,1284,500207,10218,162665,157,13048,10412,176528,0,0,37733,30604.57,11828798,11653085,0
2021-10-02,7704,5914937,9981,5254776,865,501072,4214,166879,84,13132,4322,180850,0,0,22872,30431,11851670,11671659,0
2021-10-03,5050,5919987,6158,5260934,592,501664,2602,169481,59,13191,2671,183521,0,0,14471,30314.29,11866141,11683469,0
2021-10-04,9886,5929873,11017,5271951,912,502576,9465,178946,153,13344,9652,193173,0,0,31467,30156.57,11897608,11705318,0
2021-10-05,10120,5939993,11735,5283686,971,503547,9906,188852,183,13527,10131,203304,0,0,32957,30024.43,11930565,11728186,0
2021-10-06,9853,5949846,11045,5294731,936,504483,9912,198764,164,13691,10113,213417,0,0,31948,29646.14,11962513,11750058,0
2021-10-07,9574,5959420,12154,5306885,850,505333,10125,208889,188,13879,10344,223761,0,0,32922,29195.71,11995435,11772667,0
2021-10-08,9413,5968833,12181,5319066,939,506272,10853,219742,165,14044,11056,234817,0,0,33589,28603.71,12029024,11795238,0
2021-10-09,6213,5975046,8243,5327309,641,506913,4099,223841,93,14137,4208,239025,0,0,19305,28094.14,12048329,11810351,0
2021-10-10,3524,5978570,5029,5332338,458,507371,2410,226251,50,14187,2468,241493,0,0,11479,27666.71,12059808,11819370,0
2021-10-11,7581,5986151,9335,5341673,728,508099,8862,235113,165,14352,9051,250544,0,0,26695,26985,12086503,11837038,0
2021-10-12,8036,5994187,10996,5352669,891,508990,10481,245594,189,14541,10711,261255,0,0,30634,26653.14,12117137,11857002,0
2021-10-13,7123,6001310,10150,5362819,866,509856,8768,254362,188,14729,8984,270239,0,0,27123,25963.86,12144260,11875169,0
2021-10-14,7393,6008703,11121,5373940,836,510692,10093,264455,169,14898,10303,280542,0,0,29653,25496.86,12173913,11894560,0
2021-10-15,7692,6016395,11863,5385803,820,511512,10789,275244,173,15071,10994,291536,0,0,31369,25179.71,12205282,11914967,0
2021-10-16,4849,6021244,7462,5393265,664,512176,3823,279067,66,15137,3900,295436,0,0,16875,24832.57,12222157,11927953,0
2021-10-17,3043,6024287,4469,5397734,411,512587,2446,281513,47,15184,2499,297935,0,0,10422,24681.57,12232579,11935882,0
2021-10-18,7003,6031290,10675,5408409,796,513383,9453,290966,190,15374,9676,307611,0,0,28150,24889.43,12260729,11954389,0
2021-10-19,6534,6037824,8939,5417348,802,514185,9068,300034,183,15557,9291,316902,0,0,25566,24165.43,12286295,11970704,0
2021-10-20,6488,6044312,9374,5426722,974,515159,9958,309992,182,15739,10178,327080,0,0,27014,24149.86,12313309,11987578,0
2021-10-21,6985,6051297,9383,5436105,856,516015,10836,320828,157,15896,11027,338107,0,0,28251,23949.57,12341560,12004836,0
2021-10-22,8072,6059369,10341,5446446,1024,517039,16282,337110,230,16126,16566,354673,0,0,36003,24611.57,12377563,12024327,0
2021-10-23,5160,6064529,6447,5452893,689,517728,9054,346164,115,16241,9189,363862,0,0,21485,25270.14,12399048,12036643,0
2021-10-24,3253,6067782,3962,5456855,765,518493,6128,352292,84,16325,6236,370098,0,0,14216,25812.14,12413264,12044647,0
2021-10-25,8733,6076515,8748,5465603,1150,519643,19161,371453,302,16627,19533,389631,0,0,38164,27242.71,12451428,12063348,0
2021-10-26,8174,6084689,7728,5473331,1255,520898,17207,388660,282,16909,17555,407186,0,0,34712,28549.29,12486140,12080571,0
2021-10-27,10502,6095191,8396,5481727,1601,522499,20768,409428,339,17248,21175,428361,0,0,41674,30643.57,12527814,12101138,0
2021-10-28,11265,6106456,8031,5489758,1792,524291,20788,430216,324,17572,21181,449542,0,0,42269,32646.14,12570083,12122295,0
2021-10-29,11806,6118262,8229,5497987,1967,526258,22463,452679,352,17924,22885,472427,0,0,44888,33915.43,12614971,12144368,0
2021-10-30,4598,6122860,5058,5503045,929,527187,11145,463824,160,18084,11347,483774,0,0,21932,33979.29,12636903,12154995,0
2021-10-31,2645,6125505,2698,5505743,544,527731,6614,470438,104,18188,6741,490515,0,0,12628,33752.43,12649531,12160905,0
2021-11-01,7079,6132584,6956,5512699,1082,528813,20318,490756,341,18529,20716,511231,0,0,35833,33419.43,12685364,12176079,0
2021-11-02,6522,6139106,6584,5519283,1055,529868,20736,511492,278,18807,21093,532324,0,0,35255,33497,12720619,12190320,0
2021-11-03,6772,6145878,6675,5525958,1023,530891,20597,532089,312,19119,20986,553310,0,0,35458,32609,12756077,12204869,0
2021-11-04,9234,6155112,6265,5532223,996,531887,22334,554423,360,19479,22767,576077,0,0,39262,32179.43,12795339,12221437,0
2021-11-05,11006,6166118,6709,5538932,1047,532934,23702,578125,359,19838,24143,600220,0,0,42905,31896.14,12838244,12240281,0
2021-11-06,11093,6177211,4047,5542979,593,533527,12551,590676,176,20014,12765,612985,0,0,28498,32834.14,12866742,12256052,0
2021-11-07,7198,6184409,2289,5545268,576,534103,7077,597753,98,20112,7190,620175,0,0,17253,33494.86,12883995,12266130,0
2021-11-08,14999,6199408,5676,5550944,859,534962,19452,617205,287,20399,19804,639979,0,0,41338,34281.29,12925333,12287729,0
2021-11-09,16081,6215489,5382,5556326,658,535620,20495,637700,287,20686,20861,660840,0,0,42982,35385.14,12968315,12309929,0
2021-11-10,16829,6232318,5319,5561645,682,536302,22642,660342,295,20981,23009,683849,0,0,45839,36868.14,13014154,12332831,0
2021-11-11,12469,6244787,5190,5566835,759,537061,22078,682420,296,21277,22444,706293,0,0,40862,37096.71,13055016,12351319,0
2021-11-12,16798,6261585,5682,5572517,705,537766,23413,705833,353,21630,23843,730136,0,0,47028,37685.71,13102044,12374581,0
2021-11-13,9896,6271481,3658,5576175,463,538229,13319,719152,181,21811,13542,743678,0,0,27559,37551.57,13129603,12388640,0
2021-11-14,5960,6277441,2285,5578460,324,538553,7924,727076,80,21891,8025,751703,0,0,16594,37457.43,13146197,12397230,0
2021-11-15,13153,6290594,5963,5584423,687,539240,25086,752162,373,22264,25537,777240,0,0,45340,38029.14,13191537,12417111,0
2021-11-16,9853,6300447,5784,5590207,651,539891,30623,782785,447,22711,31145,808385,0,0,47435,38665.29,13238972,12433476,0
2021-11-17,10175,6310622,6659,5596866,678,540569,31406,814191,426,23137,31924,840309,0,0,49436,39179.14,13288408,12451080,0
2021-11-18,10600,6321222,6518,5603384,853,541422,33015,847206,465,23602,33577,873886,0,0,51548,40705.71,13339956,12469148,0
2021-11-19,11889,6333111,6549,5609933,706,542128,36206,883412,479,24081,36774,910660,0,0,55918,41975.71,13395874,12488381,0
2021-11-20,9274,6342385,3401,5613334,511,542639,22495,905907,266,24347,22811,933471,0,0,35997,43181.14,13431871,12501617,0
2021-11-21,4877,6347262,1883,5615217,287,542926,13167,919074,159,24506,13351,946822,0,0,20398,43724.57,13452269,12508689,0
2021-11-22,10308,6357570,5771,5620988,746,543672,35914,954988,455,24961,36456,983278,0,0,53281,44859,13505550,12525601,0
2021-11-23,9660,6367230,4773,5625761,629,544301,33492,988480,400,25361,33959,1017237,0,0,49022,45085.71,13554572,12540731,0
2021-11-24,8604,6375834,4732,5630493,646,544947,25930,1014410,297,25658,26296,1043533,0,0,40278,43777.43,13594850,12554782,0
2021-11-25,446,6376280,330,5630823,80,545027,998,1015408,9,25667,1007,1044540,0,0,1863,36679.57,13596713,12555638,0
2021-11-26,7971,6384251,6977,5637800,526,545553,26558,1041966,313,25980,26925,1071465,0,0,42399,34748.29,13639112,12571166,0
2021-11-27,6624,6390875,6824,5644624,369,545922,18834,1060800,225,26205,19095,1090560,0,0,32913,34307.71,13672025,12585020,0
2021-11-28,4023,6394898,5774,5650398,278,546200,11898,1072698,120,26325,12039,1102599,0,0,22114,34552.86,13694139,12595116,0
2021-11-29,8991,6403889,10992,5661390,683,546883,35078,1107776,462,26787,35615,1138214,0,0,56281,34981.43,13750420,12615857,0
2021-11-30,10363,6414252,11428,5672818,509,547392,37806,1145582,504,27291,38424,1176638,0,0,60724,36653.14,13811144,12638271,0
2021-12-01,11054,6425306,10966,5683784,720,548112,40389,1185971,446,27737,40932,1217570,0,0,63674,39995.43,13874818,12661110,0
2021-12-02,11490,6436796,11044,5694828,624,548736,42262,1228233,478,28215,42833,1260403,0,0,65991,49156.57,13940809,12684361,0
2021-12-03,13319,6450115,12895,5707723,662,549398,48029,1276262,545,28760,48678,1309081,0,0,75554,53893,14016363,12711341,0
2021-12-04,9727,6459842,11303,5719026,564,549962,30720,1306982,312,29072,31084,1340165,0,0,52678,56716.57,14069041,12732987,0
2021-12-05,5689,6465531,5682,5724708,268,550230,16677,1323659,132,29204,16846,1357011,0,0,28485,57626.71,14097526,12744663,0
2021-12-06,12186,6477717,9974,5734682,597,550827,43313,1366972,474,29678,43879,1400890,0,0,66637,59106.14,14164163,12767513,0
2021-12-07,12465,6490182,9245,5743927,621,551448,43141,1410113,525,30203,43753,1444643,0,0,66084,59871.86,14230247,12789931,0
2021-12-08,13413,6503595,8773,5752700,555,552003,40852,1450965,500,30703,41437,1486080,0,0,64178,59943.86,14294425,12812757,0
2021-12-09,13342,6516937,8743,5761443,550,552553,40946,1491911,504,31207,41548,1527628,0,0,64184,59685.71,14358609,12835491,0
2021-12-10,13912,6530849,10154,5771597,663,553216,43754,1535665,542,31749,44383,1572011,0,0,69113,58765.57,14427722,12860308,0
2021-12-11,10177,6541026,8152,5779749,404,553620,26753,1562418,297,32046,27094,1599105,0,0,45828,57787,14473550,12879086,0
2021-12-12,5958,6546984,3857,5783606,287,553907,15187,1577605,143,32189,15353,1614458,0,0,25455,57354.14,14499005,12889211,0
2021-12-13,12096,6559080,7426,5791032,653,554560,37984,1615589,403,32592,38466,1652924,0,0,58641,56211.86,14557646,12909465,0
2021-12-14,12120,6571200,6953,5797985,726,555286,38247,1653836,454,33046,38768,1691692,0,0,58568,55138.14,14616214,12929332,0
2021-12-15,11969,6583169,6236,5804221,754,556040,38247,1692083,499,33545,38826,1730518,0,0,57786,54225,14674000,12948372,0
2021-12-16,13036,6596205,4269,5808490,735,556775,41229,1733312,469,34014,41768,1772286,0,0,59808,53599.86,14733808,12966482,0
2021-12-17,15818,6612023,6947,5815437,616,557391,46902,1780214,490,34504,47488,1819774,0,0,70869,53850.71,14804677,12989959,0
2021-12-18,12936,6624959,5724,5821161,432,557823,30671,1810885,280,34784,31010,1850784,0,0,50102,54461.29,14854779,13009110,0
2021-12-19,6949,6631908,2997,5824158,327,558150,18041,1828926,180,34964,18251,1869035,0,0,28524,54899.71,14883303,13019413,0
2021-12-20,16685,6648593,5855,5830013,745,558895,47609,1876535,586,35550,48273,1917308,0,0,71558,56745,14954861,13042776,0
2021-12-21,17816,6666409,6568,5836581,805,559700,49040,1925575,614,36164,49733,1967041,0,0,74923,59081.43,15029784,13068045,0
2021-12-22,18476,6684885,6550,5843131,937,560637,49803,1975378,553,36717,50431,2017472,0,0,76394,61739.71,15106178,13094083,0
2021-12-23,18925,6703810,6489,5849620,929,561566,45994,2021372,546,37263,46607,2064079,0,0,72950,63617.14,15179128,13120493,0
2021-12-24,9176,6712986,2957,5852577,598,562164,20647,2042019,213,37476,20892,2084971,0,0,33623,58296.29,15212751,13133256,0
2021-12-25,342,6713328,63,5852640,31,562195,428,2042447,7,37483,436,2085407,0,0,872,51263.43,15213623,13133693,0
2021-12-26,7915,6721243,3932,5856572,341,562536,17306,2059753,178,37661,17514,2102921,0,0,29702,51431.71,15243325,13145911,0
2021-12-27,21675,6742918,9218,5865790,934,563470,43550,2103303,568,38229,44191,2147112,0,0,76018,52068.86,15319343,13177811,0
2021-12-28,20029,6762947,8337,5874127,698,564168,47710,2151013,624,38853,48419,2195531,0,0,77483,52434.57,15396826,13206960,0
2021-12-29,18398,6781345,7678,5881805,606,564774,45673,2196686,504,39357,46250,2241781,0,0,72932,51940,15469758,13233715,0
2021-12-30,16788,6798133,7450,5889255,588,565362,44926,2241612,611,39968,45625,2287406,0,0,70452,51583.14,15540210,13258630,0
2021-12-31,5333,6803466,2822,5892077,193,565555,14793,2256405,191,40159,15006,2302412,0,0,23354,50116.14,15563564,13267000,0
2022-01-01,245,6803711,148,5892225,12,565567,503,2256908,36,40195,543,2302955,0,0,948,50127,15564512,13267409,0
2022-01-02,6396,6810107,5021,5897246,153,565720,11011,2267919,111,40306,11137,2314092,0,0,22707,49127.71,15587219,13278994,0
2022-01-03,14059,6824166,8532,5905778,514,566234,27025,2294944,351,40657,27420,2341512,0,0,50525,45485.86,15637744,13302143,0
2022-01-04,12759,6836925,8128,5913906,414,566648,27306,2322250,374,41031,27738,2369250,0,0,49039,41422.43,15686783,13323502,0
2022-01-05,11268,6848193,7053,5920959,386,567034,26028,2348278,323,41354,26394,2395644,0,0,45101,37446.57,15731884,13342252,0
2022-01-06,11296,6859489,7404,5928363,484,567518,27677,2375955,363,41717,28092,2423736,0,0,47276,34135.71,15779160,13361488,0
2022-01-07,10106,6869595,8466,5936829,339,567857,25234,2401189,339,42056,25605,2449341,0,0,44517,37159,15823677,13380432,0
2022-01-08,7640,6877235,8604,5945433,311,568168,19624,2420813,189,42245,19831,2469172,0,0,36387,42221.71,15860064,13397006,0
2022-01-09,4092,6881327,3845,5949278,214,568382,10076,2430889,100,42345,10187,2479359,0,0,18340,41597.86,15878404,13405170,0
2022-01-10,10128,6891455,8206,5957484,490,568872,24644,2455533,309,42654,25005,2504364,0,0,43829,40641.29,15922233,13424046,0
2022-01-11,8822,6900277,7990,5965474,521,569393,21078,2476611,298,42952,21421,2525785,0,0,38758,39172.57,15960991,13441428,0
2022-01-12,8885,6909162,8341,5973815,427,569820,22396,2499007,292,43244,22724,2548509,0,0,40378,38497.86,16001369,13459118,0
2022-01-13,8969,6918131,8878,5982693,451,570271,22960,2521967,338,43582,23334,2571843,0,0,41633,37691.71,16043002,13477453,0
2022-01-14,10060,6928191,8128,5990821,473,570744,26477,2548444,344,43926,26861,2598704,0,0,45522,37835.29,16088524,13496154,0
2022-01-15,6176,6934367,4328,5995149,180,570924,15157,2563601,183,44109,15363,2614067,0,0,26047,36358.14,16114571,13506861,0
2022-01-16,2887,6937254,3251,5998400,95,571019,7839,2571440,91,44200,7940,2622007,0,0,14174,35763,16128745,13513105,0
2022-01-17,6030,6943284,6760,6005160,363,571382,14723,2586163,221,44421,14963,2636970,0,0,28116,33518.29,16156861,13526277,0
2022-01-18,8106,6951390,10330,6015490,393,571775,19706,2605869,329,44750,20063,2657033,0,0,38892,33537.43,16195753,13545134,0
2022-01-19,7403,6958793,9268,6024758,303,572078,17754,2623623,284,45034,18072,2675105,0,0,35046,32775.71,16230799,13562142,0
2022-01-20,6222,6965015,8574,6033332,303,572381,15296,2638919,254,45288,15577,2690682,0,0,30677,31210.57,16261476,13577269,0
2022-01-21,7502,6972517,7528,6040860,276,572657,18554,2657473,287,45575,18866,2709548,0,0,34172,29589.14,16295648,13592600,0
2022-01-22,5164,6977681,4958,6045818,132,572789,11345,2668818,130,45705,11499,2721047,0,0,21753,28975.71,16317401,13602878,0
2022-01-23,2778,6980459,3340,6049158,97,572886,6247,2675065,78,45783,6333,2727380,0,0,12548,28743.43,16329949,13609101,0
2022-01-24,6312,6986771,8220,6057378,262,573148,15097,2690162,251,46034,15374,2742754,0,0,30169,29036.71,16360118,13623922,0
2022-01-25,6135,6992906,7964,6065342,229,573377,14732,2704894,295,46329,15061,2757815,0,0,29389,27679.14,16389507,13638284,0
2022-01-26,5708,6998614,7190,6072532,287,573664,14049,2718943,226,46555,14304,2772119,0,0,27489,26599.57,16416996,13651498,0
2022-01-27,5201,7003815,7112,6079644,320,573984,14116,2733059,237,46792,14392,2786511,0,0,27025,26077.86,16444021,13664170,0
2022-01-28,6206,7010021,7890,6087534,205,574189,16152,2749211,249,47041,16421,2802932,0,0,30722,25585,16474743,13678491,0
2022-01-29,834,7010855,730,6088264,28,574217,2538,2751749,40,47081,2581,2805513,0,0,4173,23073.57,16478916,13680086,0
2022-01-30,2071,7012926,3026,6091290,103,574320,4554,2756303,63,47144,4622,2810135,0,0,9822,22684.14,16488738,13685291,0
2022-01-31,4967,7017893,6608,6097898,219,574539,11400,2767703,209,47353,11624,2821759,0,0,23418,21719.71,16512156,13697100,0
2022-02-01,4795,7022688,6464,6104362,220,574759,10732,2778435,223,47576,10972,2832731,0,0,22452,20728.71,16534608,13708597,0
2022-02-02,4242,7026930,5942,6110304,211,574970,11254,2789689,239,47815,11511,2844242,0,0,21906,19931.14,16556514,13719010,0
2022-02-03,4193,7031123,5825,6116129,216,575186,11235,2800924,206,48021,11467,2855709,0,0,21702,19170.71,16578216,13729271,0
2022-02-04,4729,7035852,7125,6123254,214,575400,13248,2814172,239,48260,13514,2869223,0,0,25582,18436.43,16603798,13741366,0
2022-02-05,3555,7039407,6093,6129347,109,575509,8593,2822765,158,48418,8766,2877989,0,0,18523,20486.43,16622321,13751138,0
2022-02-06,2043,7041450,2137,6131484,120,575629,4656,2827421,105,48523,4765,2882754,0,0,9066,20378.43,16631387,13755443,0
2022-02-07,4114,7045564,4752,6136236,205,575834,10156,2837577,236,48759,10417,2893171,0,0,19488,19817,16650875,13764539,0
2022-02-08,4184,7049748,5602,6141838,214,576048,11354,2848931,311,49070,11690,2904861,0,0,21690,19708.14,16672565,13774564,0
2022-02-09,4102,7053850,5405,6147243,220,576268,11685,2860616,258,49328,11967,2916828,0,0,21694,19677.86,16694259,13784315,0
2022-02-10,3966,7057816,5134,6152377,241,576509,12206,2872822,292,49620,12527,2929355,0,0,21868,19701.57,16716127,13793685,0
2022-02-11,4486,7062302,5817,6158194,195,576704,13748,2886570,319,49939,14098,2943453,0,0,24596,19560.71,16740723,13804214,0
2022-02-12,3229,7065531,4359,6162553,97,576801,8821,2895391,218,50157,9050,2952503,0,0,16735,19305.29,16757458,13811910,0
2022-02-13,1506,7067037,1547,6164100,41,576842,4885,2900276,113,50270,5002,2957505,0,0,8096,19166.71,16765554,13815008,0
2022-02-14,2957,7069994,3631,6167731,167,577009,10584,2910860,332,50602,10943,2968448,0,0,17699,18911.14,16783253,13821791,0
2022-02-15,3516,7073510,4078,6171809,174,577183,12793,2923653,294,50896,13103,2981551,0,0,20871,18794.14,16804124,13829575,0
2022-02-16,3607,7077117,3918,6175727,199,577382,15764,2939417,297,51193,16096,2997647,0,0,23820,19097.86,16827944,13837334,0
2022-02-17,3984,7081101,4091,6179818,162,577544,18360,2957777,377,51570,18765,3016412,0,0,27002,19831.29,16854946,13845599,0
2022-02-18,4420,7085521,4797,6184615,190,577734,21555,2979332,463,52033,22043,3038455,0,0,31450,20810.43,16886396,13855031,0
2022-02-19,3229,7088750,2190,6186805,65,577799,11204,2990536,219,52252,11434,3049889,0,0,16918,20836.57,16903314,13860526,0
2022-02-20,1841,7090591,1447,6188252,59,577858,6598,2997134,116,52368,6721,3056610,0,0,10068,21118.29,16913382,13863880,0
2022-02-21,3071,7093662,2695,6190947,93,577951,8367,3005501,233,52601,8613,3065223,0,0,14472,20657.29,16927854,13869752,0
2022-02-22,4353,7098015,4273,6195220,174,578125,10846,3016347,255,52856,11120,3076343,0,0,19920,20521.43,16947774,13878571,0
2022-02-23,4231,7102246,3794,6199014,145,578270,10687,3027034,241,53097,10945,3087288,0,0,19115,19849.29,16966889,13886758,0
2022-02-24,3780,7106026,3658,6202672,108,578378,10209,3037243,239,53336,10466,3097754,0,0,18012,18565,16984901,13894322,0
2022-02-25,3580,7109606,3643,6206315,135,578513,9994,3047237,244,53580,10249,3108003,0,0,17607,16587.43,17002508,13901691,0
2022-02-26,2808,7112414,2596,6208911,73,578586,9527,3056764,162,53742,9697,3117700,0,0,15174,16338.29,17017682,13907176,0
2022-02-27,1757,7114171,1376,6210287,52,578638,6272,3063036,104,53846,6383,3124083,0,0,9568,16266.86,17027250,13910368,0
2022-02-28,3764,7117935,3140,6213427,140,578778,13158,3076194,256,54102,13437,3137520,0,0,20481,17125.29,17047731,13917435,0
2022-03-01,2112,7120047,2634,6216061,103,578881,5196,3081390,179,54281,5381,3142901,0,0,10230,15741,17057961,13922290,0
2022-03-02,1823,7121870,2448,6218509,107,578988,4149,3085539,208,54489,4368,3147269,0,0,8746,14259.71,17066707,13926679,0
2022-03-03,1924,7123794,2568,6221077,106,579094,3805,3089344,170,54659,3989,3151258,0,0,8587,12913.29,17075294,13931291,0
2022-03-04,2106,7125900,2885,6223962,66,579160,4336,3093680,211,54870,4560,3155818,0,0,9617,11771.86,17084911,13936361,0
2022-03-05,1606,7127506,2130,6226092,43,579203,3319,3096999,116,54986,3438,3159256,0,0,7217,10635.14,17092128,13940143,0
2022-03-06,792,7128298,882,6226974,30,579233,1622,3098621,54,55040,1679,3160935,0,0,3383,9751.57,17095511,13941850,0
2022-03-07,1658,7129956,1789,6228763,87,579320,3504,3102125,162,55202,3680,3164615,0,0,7214,7856.29,17102725,13945398,0
2022-03-08,1540,7131496,1902,6230665,81,579401,3126,3105251,153,55355,3291,3167906,0,0,6814,7368.29,17109539,13948933,0
2022-03-09,1260,7132756,1682,6232347,79,579480,2597,3107848,126,55481,2729,3170635,0,0,5750,6940.29,17115289,13951960,0
2022-03-10,1407,7134163,2100,6234447,84,579564,2974,3110822,163,55644,3146,3173781,0,0,6737,6676,17122026,13955560,0
2022-03-11,1596,7135759,2283,6236730,81,579645,3215,3114037,188,55832,3420,3177201,0,0,7380,6356.43,17129406,13959537,0
2022-03-12,871,7136630,1423,6238153,42,579687,2009,3116046,73,55905,2085,3179286,0,0,4421,5957,17133827,13961876,0
2022-03-13,623,7137253,758,6238911,27,579714,1292,3117338,49,55954,1344,3180630,0,0,2752,5866.86,17136579,13963287,0
2022-03-14,1361,7138614,1615,6240526,84,579798,2996,3120334,207,56161,3225,3183855,0,0,6285,5734.14,17142864,13966369,0
2022-03-15,1353,7139967,1925,6242451,63,579861,3071,3123405,233,56394,3312,3187167,0,0,6653,5711.14,17149517,13969718,0
2022-03-16,1397,7141364,2063,6244514,94,579955,3140,3126545,294,56688,3450,3190617,0,0,7004,5890.29,17156521,13973288,0
2022-03-17,1191,7142555,1813,6246327,71,580026,2760,3129305,266,56954,3040,3193657,0,0,6115,5801.43,17162636,13976377,0
2022-03-18,1579,7144134,2221,6248548,79,580105,3776,3133081,418,57372,4200,3197857,0,0,8079,5901.29,17170715,13980262,0
2022-03-19,1098,7145232,1737,6250285,54,580159,2609,3135690,230,57602,2844,3200701,0,0,5733,6088.71,17176448,13983156,0
2022-03-20,603,7145835,630,6250915,33,580192,1468,3137158,185,57787,1657,3202358,0,0,2923,6113.14,17179371,13984426,0
2022-03-21,1408,7147243,1560,6252475,73,580265,3062,3140220,361,58148,3444,3205802,0,0,6485,6141.71,17185856,13987488,0
2022-03-22,1339,7148582,1550,6254025,101,580366,2907,3143127,349,58497,3266,3209068,0,0,6256,6085,17192112,13990488,0
2022-03-23,1256,7149838,1359,6255384,65,580431,2925,3146052,372,58869,3308,3212376,0,0,5988,5939.86,17198100,13993179,0
2022-03-24,1204,7151042,1299,6256683,90,580521,2517,3148569,278,59147,2803,3215179,0,0,5396,5837.14,17203496,13995780,0
2022-03-25,1378,7152420,1639,6258322,61,580582,3271,3151840,383,59530,3666,3218845,0,0,6744,5646.43,17210240,13998870,0
2022-03-26,920,7153340,1170,6259492,36,580618,2308,3154148,253,59783,2569,3221414,0,0,4695,5498.14,17214935,14001004,0
2022-03-27,578,7153918,522,6260014,29,580647,1314,3155462,202,59985,1518,3222932,0,0,2647,5458.71,17217582,14002135,0
2022-03-28,1072,7154990,1174,6261188,69,580716,2443,3157905,361,60346,2823,3225755,0,0,5138,5266.29,17222720,14004469,0
2022-03-29,1040,7156030,1104,6262292,84,580800,2513,3160418,875,61221,3410,3229165,0,0,5638,5178,17228358,14006719,0
2022-03-30,1230,7157260,1136,6263428,98,580898,3063,3163481,3391,64612,6544,3235709,0,0,9008,5609.43,17237366,14009273,0
2022-03-31,1278,7158538,1232,6264660,57,580955,3160,3166641,5511,70123,8813,3244522,0,0,11381,6464.43,17248747,14011983,0
2022-04-01,1428,7159966,1475,6266135,77,581032,3240,3169881,6895,77018,10294,3254816,0,0,13274,7397.29,17262021,14015122,0
2022-04-02,905,7160871,906,6267041,33,581065,2085,3171966,4518,81536,6696,3261512,0,0,8540,7946.57,17270561,14017059,0
2022-04-03,555,7161426,485,6267526,28,581093,1212,3173178,3048,84584,4326,3265838,0,0,5394,8339,17275955,14018193,0
2022-04-04,1342,7162768,1290,6268816,62,581155,2721,3175899,7698,92282,10575,3276413,0,0,13269,9500.57,17289224,14021043,0
2022-04-05,1295,7164063,1148,6269964,66,581221,2840,3178739,7477,99759,10494,3286907,0,0,13003,10552.71,17302227,14023729,0
2022-04-06,1335,7165398,1167,6271131,61,581282,2627,3181366,6932,106691,9722,3296629,0,0,12285,11020.86,17314512,14026455,0
2022-04-07,1201,7166599,1054,6272185,57,581339,2373,3183739,6609,113300,9137,3305766,0,0,11449,11030.57,17325961,14028922,0
2022-04-08,1475,7168074,1402,6273587,61,581400,3167,3186906,8761,122061,12127,3317893,0,0,15065,11286.43,17341026,14032059,0
2022-04-09,914,7168988,920,6274507,29,581429,2081,3188987,4942,127003,7112,3325005,0,0,8975,11348.57,17350001,14034011,0
2022-04-10,579,7169567,455,6274962,25,581454,1166,3190153,2895,129898,4125,3329130,0,0,5184,11318.57,17355185,14035134,0
2022-04-11,1311,7170878,1222,6276184,60,581514,2644,3192797,7828,137726,10629,3339759,0,0,13222,11311.86,17368407,14037884,0
2022-04-12,1209,7172087,1056,6277240,73,581587,2507,3195304,7426,145152,10106,3349865,0,0,12444,11232,17380851,14040395,0
2022-04-13,1230,7173317,1070,6278310,61,581648,2507,3197811,7536,152688,10194,3360059,0,0,12555,11270.57,17393406,14042907,0
2022-04-14,1262,7174579,1095,6279405,58,581706,2439,3200250,6584,159272,9155,3369214,0,0,11570,11287.86,17404976,14045454,0
2022-04-15,1334,7175913,1090,6280495,53,581759,2550,3202800,6611,165883,9295,3378509,0,0,11772,10817.43,17416748,14048065,0
2022-04-16,856,7176769,649,6281144,34,581793,1640,3204440,3686,169569,5394,3383903,0,0,6933,10525.71,17423681,14049672,0
2022-04-17,345,7177114,201,6281345,27,581820,636,3205076,1156,170725,1817,3385720,0,0,2390,10126.57,17426071,14050270,0
2022-04-18,1380,7178494,1099,6282444,82,581902,2577,3207653,6413,177138,9130,3394850,0,0,11691,9907.86,17437762,14052971,0
2022-04-19,1410,7179904,927,6283371,71,581973,2567,3210220,5759,182897,8427,3403277,0,0,10835,9678,17448597,14055480,0
2022-04-20,1295,7181199,1149,6284520,66,582039,2705,3212925,6641,189538,9486,3412763,0,0,11996,9598.14,17460593,14058130,0
2022-04-21,1226,7182425,1059,6285579,53,582092,2340,3215265,5391,194929,7849,3420612,0,0,10187,9400.57,17470780,14060586,0
2022-04-22,1231,7183656,1032,6286611,46,582138,2235,3217500,5778,200707,8127,3428739,0,0,10436,9209.71,17481216,14063009,0
2022-04-23,710,7184366,756,6287367,59,582197,1419,3218919,3347,204054,4831,3433570,0,0,6356,9127.29,17487572,14064599,0
2022-04-24,446,7184812,344,6287711,27,582224,810,3219729,1834,205888,2677,3436247,0,0,3494,9285,17491066,14065449,0
2022-04-25,1040,7185852,911,6288622,63,582287,1852,3221581,5081,210969,7046,3443293,0,0,9061,8909.29,17500127,14067577,0
2022-04-26,948,7186800,855,6289477,76,582363,1746,3223327,4689,215658,6526,3449819,0,0,8405,8562.14,17508532,14069547,0
2022-04-27,1035,7187835,1023,6290500,80,582443,1920,3225247,5211,220869,7253,3457072,0,0,9391,8190,17517923,14071807,0
2022-04-28,1088,7188923,985,6291485,50,582493,2005,3227252,4736,225605,6855,3463927,0,0,8979,8017.43,17526902,14074045,0
2022-04-29,1172,7190095,1100,6292585,60,582553,2154,3229406,5426,231031,7696,3471623,0,0,10028,7959.14,17536930,14076493,0
2022-04-30,726,7190821,737,6293322,50,582603,1390,3230796,2958,233989,4398,3476021,0,0,5911,7895.57,17542841,14078056,0
2022-05-01,446,7191267,365,6293687,20,582623,765,3231561,1651,235640,2448,3478469,0,0,3279,7864.86,17546120,14078919,0
2022-05-02,1046,7192313,791,6294478,52,582675,1673,3233234,3809,239449,5553,3484022,0,0,7442,7633.57,17553562,14080879,0
2022-05-03,1116,7193429,861,6295339,61,582736,1994,3235228,4857,244306,6948,3490970,0,0,8986,7716.57,17562548,14083014,0
2022-05-04,1002,7194431,878,6296217,47,582783,1922,3237150,4677,248983,6692,3497662,0,0,8619,7606.29,17571167,14085034,0
2022-05-05,1075,7195506,947,6297164,86,582869,1927,3239077,4882,253865,6910,3504572,0,0,9018,7611.86,17580185,14087243,0
2022-05-06,1098,7196604,956,6298120,51,582920,1852,3240929,4398,258263,6330,3510902,0,0,8435,7384.29,17588620,14089428,0
2022-05-07,661,7197265,584,6298704,32,582952,1205,3242134,2426,260689,3671,3514573,0,0,4948,7246.71,17593568,14090745,0
2022-05-08,411,7197676,241,6298945,17,582969,665,3242799,1386,262075,2073,3516646,0,0,2742,7170,17596310,14091436,0
2022-05-09,1079,7198755,943,6299888,60,583029,1884,3244683,4429,266504,6410,3523056,0,0,8492,7320,17604802,14093615,0
2022-05-10,1097,7199852,925,6300813,54,583083,1971,3246654,4712,271216,6789,3529845,0,0,8865,7302.71,17613667,14095797,0
2022-05-11,1095,7200947,963,6301776,44,583127,1940,3248594,4829,276045,6873,3536718,0,0,8975,7353.57,17622642,14098003,0
2022-05-12,1103,7202050,945,6302721,60,583187,2000,3250594,4662,280707,6763,3543481,0,0,8871,7332.57,17631513,14100212,0
2022-05-13,1152,7203202,1036,6303757,44,583231,2071,3252665,4797,285504,6959,3550440,0,0,9191,7440.57,17640704,14102535,0
2022-05-14,827,7204029,671,6304428,31,583262,1469,3254134,2955,288459,4467,3554907,0,0,5996,7590.29,17646700,14104107,0
2022-05-15,510,7204539,355,6304783,22,583284,918,3255052,1643,290102,2586,3557493,0,0,3473,7694.71,17650173,14105019,0
2022-05-16,1226,7205765,859,6305642,62,583346,1827,3256879,3862,293964,5753,3563246,0,0,7900,7610.14,17658073,14107230,0
2022-05-17,1295,7207060,910,6306552,79,583425,2046,3258925,4888,298852,7028,3570274,0,0,9312,7674,17667385,14109608,0
2022-05-18,1242,7208302,894,6307446,82,583507,2053,3260978,4939,303791,7107,3577381,0,0,9325,7724,17676710,14111941,0
2022-05-19,1163,7209465,877,6308323,36,583543,2116,3263094,4724,308515,6928,3584309,0,0,9004,7743,17685714,14114105,0
2022-05-20,1193,7210658,952,6309275,73,583616,2359,3265453,5204,313719,7673,3591982,0,0,9893,7843.29,17695607,14116435,0
2022-05-21,833,7211491,640,6309915,24,583640,1720,3267173,3305,317024,5085,3597067,0,0,6582,7927,17702189,14117992,0
2022-05-22,508,7211999,292,6310207,22,583662,1125,3268298,1828,318852,2989,3600056,0,0,3811,7975.29,17706000,14118850,0
2022-05-23,1219,7213218,882,6311089,52,583714,2182,3270480,4705,323557,6989,3607045,0,0,9142,8152.71,17715142,14121105,0
2022-05-24,1397,7214615,929,6312018,66,583780,2305,3272785,4488,328045,6900,3613945,0,0,9293,8150,17724435,14123605,0
2022-05-25,1415,7216030,942,6312960,57,583837,2267,3275052,4262,332307,6632,3620577,0,0,9047,8110.29,17733482,14126123,0
2022-05-26,1166,7217196,885,6313845,60,583897,2264,3277316,4144,336451,6477,3627054,0,0,8589,8051,17742071,14128304,0
2022-05-27,1244,7218440,952,6314797,38,583935,2491,3279807,3917,340368,6488,3633542,0,0,8723,7883.86,17750794,14130619,0
2022-05-28,710,7219150,514,6315311,19,583954,1776,3281583,2063,342431,3877,3637419,0,0,5120,7675,17755914,14131900,0
2022-05-29,470,7219620,211,6315522,11,583965,761,3282344,1126,343557,1905,3639324,0,0,2597,7501.57,17758511,14132610,0
2022-05-30,94,7219714,61,6315583,6,583971,136,3282480,144,343701,282,3639606,0,0,443,6258.86,17758954,14132773,0
2022-05-31,1138,7220852,915,6316498,51,584022,1902,3284382,3041,346742,5003,3644609,0,0,7107,5946.57,17766061,14134937,0
2022-06-01,1153,7222005,857,6317355,63,584085,1968,3286350,3421,350163,5463,3650072,0,0,7536,5730.71,17773597,14137084,0
2022-06-02,1029,7223034,799,6318154,71,584156,1824,3288174,3171,353334,5057,3655129,0,0,6956,5497.43,17780553,14139045,0
2022-06-03,1155,7224189,896,6319050,47,584203,2068,3290242,3492,356826,5627,3660756,0,0,7725,5354.86,17788278,14141210,0
2022-06-04,719,7224908,584,6319634,26,584229,1555,3291797,1907,358733,3497,3664253,0,0,4828,5313.14,17793106,14142576,0
2022-06-05,445,7225353,298,6319932,1,584230,877,3292674,975,359708,1861,3666114,0,0,2605,5314.29,17795711,14143329,0
2022-06-06,1124,7226477,824,6320756,65,584295,1757,3294431,2742,362450,4548,3670662,0,0,6561,6188.29,17802272,14145391,0
2022-06-07,1020,7227497,776,6321532,70,584365,1789,3296220,2569,365019,4405,3675067,0,0,6272,6069,17808544,14147305,0
2022-06-08,1093,7228590,834,6322366,75,584440,1875,3298095,2745,367764,4685,3679752,0,0,6687,5947.71,17815231,14149372,0
2022-06-09,1133,7229723,845,6323211,62,584502,2225,3300320,2695,370459,4970,3684722,0,0,7010,5955.43,17822241,14151462,0
2022-06-10,1049,7230772,814,6324025,76,584578,1884,3302204,2832,373291,4774,3689496,0,0,6713,5810.86,17828954,14153459,0
2022-06-11,681,7231453,505,6324530,25,584603,1330,3303534,1505,374796,2862,3692358,0,0,4073,5703,17833027,14154697,0
2022-06-12,350,7231803,288,6324818,21,584624,872,3304406,770,375566,1652,3694010,0,0,2311,5661,17835338,14155366,0
2022-06-13,1026,7232829,767,6325585,62,584686,1576,3305982,2183,377749,3799,3697809,0,0,5655,5531.57,17840993,14157262,0
2022-06-14,975,7233804,836,6326421,65,584751,1692,3307674,2500,380249,4256,3702065,0,0,6132,5511.57,17847125,14159202,0
2022-06-15,968,7234772,862,6327283,39,584790,1662,3309336,2421,382670,4143,3706208,0,0,6012,5415.14,17853137,14161131,0
2022-06-16,959,7235731,776,6328059,59,584849,1839,3311175,2359,385029,4253,3710461,0,0,6047,5277.57,17859184,14162980,0
2022-06-17,896,7236627,802,6328861,48,584897,1771,3312946,2405,387434,4218,3714679,0,0,5965,5170.71,17865149,14164769,0
2022-06-18,652,7237279,523,6329384,26,584923,1286,3314232,1296,388730,2612,3717291,0,0,3813,5133.57,17868962,14166000,0
2022-06-19,343,7237622,228,6329612,16,584939,726,3314958,611,389341,1349,3718640,0,0,1936,5080,17870898,14166599,0
2022-06-20,831,7238453,488,6330100,41,584980,1583,3316541,1613,390954,3235,3721875,0,0,4595,4928.57,17875493,14167998,0
2022-06-21,1132,7239585,743,6330843,49,585029,1694,3318235,2136,393090,3886,3725761,0,0,5812,4882.86,17881305,14169980,0
2022-06-22,1968,7241553,837,6331680,47,585076,1709,3319944,1993,395083,3744,3729505,0,0,6596,4966.29,17887901,14172874,0
2022-06-23,2121,7243674,766,6332446,66,585142,1705,3321649,2154,397237,3912,3733417,0,0,6865,5083.14,17894766,14175880,0
2022-06-24,2172,7245846,761,6333207,48,585190,1627,3323276,2155,399392,3828,3737245,0,0,6809,5203.71,17901575,14178907,0
2022-06-25,2137,7247983,498,6333705,15,585205,1238,3324514,1140,400532,2393,3739638,0,0,5046,5379.86,17906621,14181575,0
2022-06-26,1209,7249192,247,6333952,14,585219,686,3325200,530,401062,1222,3740860,0,0,2692,5487.86,17909313,14183051,0
2022-06-27,1531,7250723,658,6334610,60,585279,1470,3326670,1657,402719,3166,3744026,0,0,5416,5605.14,17914729,14185340,0
2022-06-28,1688,7252411,832,6335442,57,585336,1871,3328541,2139,404858,4055,3748081,0,0,6632,5722.29,17921361,14187962,0
2022-06-29,1854,7254265,777,6336219,48,585384,1719,3330260,1926,406784,3684,3751765,0,0,6363,5689,17927724,14190680,0
2022-06-30,1865,7256130,809,6337028,46,585430,1730,3331990,2134,408918,3908,3755673,0,0,6628,5655.14,17934352,14193444,0
2022-07-01,1609,7257739,599,6337627,26,585456,1400,3333390,1725,410643,3158,3758831,0,0,5392,5452.71,17939744,14195711,0
2022-07-02,980,7258719,391,6338018,19,585475,840,3334230,939,411582,1797,3760628,0,0,3187,5187.14,17942931,14197119,0
2022-07-03,530,7259249,205,6338223,7,585482,460,3334690,485,412067,948,3761576,0,0,1690,5044,17944621,14197864,0
2022-07-04,36,7259285,26,6338249,1,585483,29,3334719,38,412105,67,3761643,0,0,130,4288.86,17944751,14197927,0
2022-07-05,1298,7260583,757,6339006,35,585518,1403,3336122,1737,413842,3171,3764814,0,0,5261,4093,17950012,14200048,0
2022-07-06,1617,7262200,678,6339684,44,585562,1440,3337562,1839,415681,3321,3768135,0,0,5660,3992.57,17955672,14202429,0
2022-07-07,1599,7263799,711,6340395,48,585610,1525,3339087,2000,417681,3564,3771699,0,0,5922,3891.71,17961594,14204826,0
2022-07-08,1639,7265438,650,6341045,37,585647,1471,3340558,1972,419653,3490,3775189,0,0,5817,3952.43,17967411,14207200,0
2022-07-09,985,7266423,436,6341481,26,585673,879,3341437,1339,420992,2249,3777438,0,0,3696,4025.14,17971107,14208678,0
2022-07-10,638,7267061,187,6341668,17,585690,429,3341866,656,421648,1094,3778532,0,0,1936,4060.29,17973043,14209529,0
2022-07-11,1398,7268459,634,6342302,49,585739,1445,3343311,2210,423858,3690,3782222,0,0,5771,4866.14,17978814,14211645,0
2022-07-12,1406,7269865,689,6342991,45,585784,1402,3344713,2509,426367,3984,3786206,0,0,6124,4989.43,17984938,14213858,0
2022-07-13,1615,7271480,731,6343722,37,585821,1524,3346237,2826,429193,4415,3790621,0,0,6798,5152,17991736,14216306,0
2022-07-14,1592,7273072,841,6344563,47,585868,1602,3347839,3063,432256,4741,3795362,0,0,7222,5337.71,17998958,14218863,0
2022-07-15,1616,7274688,936,6345499,47,585915,1576,3349415,3048,435304,4685,3800047,0,0,7284,5547.29,18006242,14221523,0
2022-07-16,883,7275571,580,6346079,9,585924,985,3350400,1702,437006,2715,3802762,0,0,4187,5617.43,18010429,14223023,0
2022-07-17,549,7276120,289,6346368,16,585940,525,3350925,1167,438173,1718,3804480,0,0,2572,5708.29,18013001,14223903,0
2022-07-18,1403,7277523,843,6347211,45,585985,1431,3352356,2454,440627,3942,3808422,0,0,6233,5774.29,18019234,14226251,0
2022-07-19,1448,7278971,978,6348189,51,586036,1541,3353897,2798,443425,4431,3812853,0,0,6908,5886.29,18026142,14228820,0
2022-07-20,1381,7280352,1483,6349672,50,586086,1351,3355248,2389,445814,3803,3816656,0,0,6718,5874.86,18032860,14231798,0
2022-07-21,1334,7281686,1431,6351103,50,586136,1393,3356641,2357,448171,3798,3820454,0,0,6613,5787.86,18039473,14234661,0
2022-07-22,1433,7283119,1570,6352673,42,586178,1556,3358197,2850,451021,4488,3824942,0,0,7533,5823.43,18047006,14237788,0
2022-07-23,909,7284028,1104,6353777,17,586195,995,3359192,1551,452572,2583,3827525,0,0,4613,5884.29,18051619,14239855,0
2022-07-24,485,7284513,645,6354422,14,586209,501,3359693,800,453372,1311,3828836,0,0,2456,5867.71,18054075,14241010,0
2022-07-25,1229,7285742,765,6355187,59,586268,1265,3360958,2060,455432,3379,3832215,0,0,5432,5753.29,18059507,14243117,0
2022-07-26,1238,7286980,1017,6356204,41,586309,1477,3362435,2441,457873,3980,3836195,0,0,6276,5663,18065783,14245475,0
2022-07-27,1319,7288299,1275,6357479,42,586351,1391,3363826,2195,460068,3646,3839841,0,0,6283,5600.86,18072066,14248172,0
2022-07-28,1315,7289614,1423,6358902,72,586423,1424,3365250,2218,462286,3692,3843533,0,0,6502,5585,18078568,14251032,0
2022-07-29,1322,7290936,1427,6360329,64,586487,1360,3366610,2153,464439,3557,3847090,0,0,6370,5418.86,18084938,14253889,0
2022-07-30,743,7291679,716,6361045,25,586512,794,3367404,960,465399,1778,3848868,0,0,3265,5226.29,18088203,14255400,0
2022-07-31,422,7292101,589,6361634,14,586526,488,3367892,568,465967,1062,3849930,0,0,2087,5173.57,18090290,14256431,0
2022-08-01,1251,7293352,914,6362548,55,586581,1330,3369222,1510,467477,2884,3852814,0,0,5104,5126.71,18095394,14258695,0
2022-08-02,1234,7294586,1015,6363563,73,586654,1352,3370574,1602,469079,2999,3855813,0,0,5321,4990.29,18100715,14261062,0
2022-08-03,1264,7295850,1194,6364757,41,586695,1344,3371918,1528,470607,2911,3858724,0,0,5410,4865.57,18106125,14263600,0
2022-08-04,1196,7297046,1185,6365942,58,586753,1291,3373209,1458,472065,2779,3861503,0,0,5218,4682.14,18111343,14266069,0
2022-08-05,1314,7298360,1447,6367389,49,586802,1316,3374525,1443,473508,2783,3864286,0,0,5593,4571.14,18116936,14268903,0
2022-08-06,694,7299054,846,6368235,14,586816,765,3375290,777,474285,1566,3865852,0,0,3121,4550.57,18120057,14270482,0
2022-08-07,389,7299443,453,6368688,14,586830,428,3375718,357,474642,796,3866648,0,0,1652,4488.43,18121709,14271349,0
2022-08-08,1190,7300633,936,6369624,70,586900,1279,3376997,1189,475831,2498,3869146,0,0,4694,4429.86,18126403,14273575,0
2022-08-09,1137,7301770,889,6370513,38,586938,1228,3378225,1159,476990,2422,3871568,0,0,4486,4310.57,18130889,14275674,0
2022-08-10,1227,7302997,1117,6371630,59,586997,1256,3379481,1241,478231,2532,3874100,0,0,4935,4242.71,18135824,14278112,0
2022-08-11,1273,7304270,1070,6372700,84,587081,1211,3380692,1276,479507,2527,3876627,0,0,4954,4205,18140778,14280579,0
2022-08-12,1295,7305565,1413,6374113,55,587136,1267,3381959,1245,480752,2545,3879172,0,0,5308,4164.29,18146086,14283375,0
2022-08-13,756,7306321,793,6374906,15,587151,763,3382722,629,481381,1410,3880582,0,0,2974,4143.29,18149060,14284957,0
2022-08-14,466,7306787,477,6375383,20,587171,405,3383127,282,481663,690,3881272,0,0,1653,4143.43,18150713,14285923,0
2022-08-15,1246,7308033,1068,6376451,60,587231,1324,3384451,983,482646,2348,3883620,0,0,4722,4147.43,18155435,14288338,0
2022-08-16,1304,7309337,874,6377325,50,587281,1371,3385822,1077,483723,2480,3886100,0,0,4709,4179.29,18160144,14290599,0
2022-08-17,1213,7310550,962,6378287,39,587320,1235,3387057,1004,484727,2278,3888378,0,0,4492,4116,18164636,14292852,0
2022-08-18,1170,7311720,948,6379235,44,587364,1267,3388324,946,485673,2238,3890616,0,0,4400,4036.86,18169036,14295039,0
2022-08-19,1256,7312976,1130,6380365,34,587398,1119,3389443,980,486653,2128,3892744,0,0,4548,3928.29,18173584,14297488,0
2022-08-20,591,7313567,489,6380854,16,587414,634,3390077,516,487169,1163,3893907,0,0,2259,3826.14,18175843,14298597,0
2022-08-21,356,7313923,245,6381099,9,587423,380,3390457,267,487436,650,3894557,0,0,1260,3770,18177103,14299210,0
2022-08-22,1223,7315146,921,6382020,40,587463,1249,3391706,887,488323,2163,3896720,0,0,4347,3716.43,18181450,14301421,0
2022-08-23,1240,7316386,1049,6383069,48,587511,1385,3393091,957,489280,2370,3899090,0,0,4708,3716.29,18186158,14303787,0
2022-08-24,1266,7317652,1016,6384085,29,587540,1298,3394389,819,490099,2143,3901233,0,0,4455,3711,18190613,14306125,0
2022-08-25,1219,7318871,994,6385079,66,587606,1198,3395587,813,490912,2028,3903261,0,0,4307,3697.71,18194920,14308421,0
2022-08-26,1188,7320059,1178,6386257,56,587662,1189,3396776,781,491693,1992,3905253,0,0,4414,3678.57,18199334,14310865,0
2022-08-27,696,7320755,544,6386801,14,587676,681,3397457,404,492097,1098,3906351,0,0,2352,3691.86,18201686,14312132,0
2022-08-28,382,7321137,236,6387037,10,587686,442,3397899,228,492325,673,3907024,0,0,1301,3697.71,18202987,14312763,0
2022-08-29,1257,7322394,979,6388016,41,587727,1235,3399134,689,493014,1945,3908969,0,0,4223,3680,18207210,14315062,0
2022-08-30,1269,7323663,942,6388958,36,587763,1273,3400407,765,493779,2068,3911037,0,0,4315,3623.86,18211525,14317339,0
2022-08-31,1158,7324821,1012,6389970,42,587805,1110,3401517,571,494350,1702,3912739,0,0,3915,3546.71,18215440,14319573,0
2022-09-01,1030,7325851,966,6390936,51,587856,809,3402326,457,494807,1280,3914019,0,0,3328,3406.86,18218768,14321635,0
2022-09-02,978,7326829,1025,6391961,32,587888,594,3402920,176,494983,777,3914796,92,92,2887,3188.71,18221655,14323660,0
2022-09-03,558,7327387,448,6392409,12,587900,370,3403290,51,495034,424,3915220,314,406,1683,3093.14,18223338,14324608,0
2022-09-04,288,7327675,209,6392618,10,587910,188,3403478,26,495060,216,3915436,312,718,959,3044.29,18224297,14325041,0
2022-09-05,78,7327753,71,6392689,7,587917,44,3403522,16,495076,61,3915497,9,727,226,2473.29,18224523,14325198,0
2022-09-06,1183,7328936,1227,6393916,51,587968,640,3404162,130,495206,779,3916276,1269,1996,4242,2462.86,18228765,14327401,0
2022-09-07,1610,7330546,1384,6395300,38,588006,486,3404648,156,495362,662,3916938,6431,8427,9111,3205.14,18237876,14329439,0
2022-09-08,1656,7332202,1203,6396503,36,588042,253,3404901,110,495472,379,3917317,7812,16239,9830,4134,18247706,14331094,0
2022-09-09,1708,7333910,1621,6398124,49,588091,285,3405186,123,495595,439,3917756,9878,26117,12364,5487.86,18260070,14333172,0
2022-09-10,925,7334835,848,6398972,12,588103,271,3405457,44,495639,328,3918084,5312,31429,6754,6212.29,18266824,14334299,0
2022-09-11,555,7335390,438,6399410,11,588114,87,3405544,31,495670,127,3918211,3936,35365,4524,6721.57,18271348,14334769,0
2022-09-12,1820,7337210,1422,6400832,39,588153,205,3405749,92,495762,330,3918541,11635,47000,13516,8620.14,18284864,14336353,0
2022-09-13,1485,7338695,1292,6402124,33,588186,221,3405970,118,495880,388,3918929,9725,56725,11734,9690.43,18296598,14338023,0
2022-09-14,1488,7340183,1273,6403397,32,588218,222,3406192,126,496006,387,3919316,11023,67748,13073,10256.43,18309671,14339725,0
2022-09-15,1659,7341842,1289,6404686,23,588241,224,3406416,109,496115,368,3919684,12073,79821,14095,10865.71,18323766,14341414,0
2022-09-16,1785,7343627,1644,6406330,27,588268,269,3406685,157,496272,481,3920165,13790,93611,16255,11421.57,18340021,14343453,0
2022-09-17,855,7344482,869,6407199,12,588280,275,3406960,78,496350,376,3920541,6998,100609,8407,11657.71,18348428,14344509,0
2022-09-18,560,7345042,417,6407616,7,588287,73,3407033,26,496376,112,3920653,4480,105089,4972,11721.71,18353400,14344902,0
2022-09-19,1637,7346679,1314,6408930,29,588316,228,3407261,98,496474,352,3921005,13788,118877,15490,12003.71,18368890,14346278,0
2022-09-20,1515,7348194,1265,6410195,27,588343,221,3407482,92,496566,358,3921363,13205,132082,15007,12471.29,18383897,14347767,0
2022-09-21,1756,7349950,1367,6411562,31,588374,258,3407740,131,496697,423,3921786,14930,147012,16839,13009.29,18400736,14349287,0
2022-09-22,1569,7351519,1264,6412826,28,588402,173,3407913,138,496835,356,3922142,13219,160231,15037,13143.86,18415773,14350794,0
2022-09-23,1879,7353398,1637,6414463,24,588426,252,3408165,145,496980,460,3922602,16947,177178,19249,13571.57,18435022,14352699,0
2022-09-24,853,7354251,883,6415346,8,588434,270,3408435,69,497049,358,3922960,7497,184675,8846,13634.29,18443868,14353709,0
2022-09-25,519,7354770,392,6415738,1,588435,71,3408506,47,497096,127,3923087,4503,189178,4990,13636.86,18448858,14354078,0
2022-09-26,1646,7356416,1257,6416995,16,588451,289,3408795,146,497242,493,3923580,15010,204188,16711,13811.29,18465569,14355344,0
2022-09-27,1628,7358044,1311,6418306,26,588477,283,3409078,173,497415,492,3924072,14152,218340,16147,13974.14,18481716,14356883,0
2022-09-28,1698,7359742,1295,6419601,18,588495,188,3409266,186,497601,428,3924500,15501,233841,17281,14037.29,18498997,14358289,0
2022-09-29,1757,7361499,1310,6420911,19,588514,177,3409443,97,497698,310,3924810,15371,249212,17223,14349.57,18516220,14359867,0
2022-09-30,1723,7363222,1565,6422476,13,588527,182,3409625,179,497877,407,3925217,16481,265693,18652,14264.29,18534872,14361677,0
2022-10-01,769,7363991,678,6423154,5,588532,138,3409763,34,497911,181,3925398,7056,272749,7946,14135.71,18542818,14362395,0
2022-10-02,530,7364521,424,6423578,5,588537,47,3409810,45,497956,106,3925504,4419,277168,4830,14112.86,18547648,14362714,0
2022-10-03,1635,7366156,1199,6424777,23,588560,154,3409964,113,498069,314,3925818,14560,291728,15967,14006.57,18563615,14363854,0
2022-10-04,1453,7367609,1164,6425941,15,588575,150,3410114,121,498190,299,3926117,13408,305136,14803,13814.57,18578418,14364978,0
2022-10-05,1660,7369269,1309,6427250,17,588592,283,3410397,163,498353,500,3926617,14868,320004,16694,13730.71,18595112,14366358,0
2022-10-06,1557,7370826,1260,6428510,20,588612,166,3410563,159,498512,385,3927002,14951,334955,16617,13644.14,18611729,14367699,0
2022-10-07,1761,7372587,1444,6429954,15,588627,170,3410733,136,498648,367,3927369,17109,352064,19075,13704.57,18630804,14369359,0
2022-10-08,806,7373393,692,6430646,4,588631,146,3410879,62,498710,225,3927594,7713,359777,8642,13804,18639446,14370080,0
2022-10-09,517,7373910,412,6431058,5,588636,47,3410926,55,498765,120,3927714,4693,364470,5118,13845.14,18644564,14370403,0
2022-10-10,1614,7375524,1273,6432331,14,588650,175,3411101,119,498884,333,3928047,15198,379668,16502,13921.57,18661066,14371413,0
2022-10-11,1729,7377253,1107,6433438,19,588669,181,3411282,153,499037,390,3928437,14314,393982,15848,14070.86,18676914,14372613,0
2022-10-12,1937,7379190,1341,6434779,17,588686,135,3411417,186,499223,387,3928824,16276,410258,17883,14240.71,18694797,14373899,0
2022-10-13,1667,7380857,1184,6435963,28,588714,132,3411549,201,499424,404,3929228,14030,424288,15567,14090.71,18710364,14375103,0
2022-10-14,1882,7382739,1558,6437521,25,588739,129,3411678,181,499605,364,3929592,17201,441489,19185,14106.43,18729549,14376777,0
2022-10-15,819,7383558,635,6438156,9,588748,93,3411771,68,499673,182,3929774,7609,449098,8469,14081.71,18738018,14377476,0
2022-10-16,589,7384147,417,6438573,3,588751,26,3411797,65,499738,122,3929896,4721,453819,5164,14088.29,18743182,14377828,0
2022-10-17,1900,7386047,1269,6439842,18,588769,83,3411880,116,499854,236,3930132,16066,469885,17388,14214.86,18760570,14378951,0
2022-10-18,1756,7387803,1180,6441022,20,588789,100,3411980,135,499989,282,3930414,14631,484516,16003,14237,18776573,14380088,0
2022-10-19,2152,7389955,1340,6442362,21,588810,83,3412063,142,500131,288,3930702,16221,500737,17696,14210.29,18794269,14381338,0
2022-10-20,1741,7391696,1171,6443533,11,588821,88,3412151,147,500278,302,3931004,15395,516132,16845,14392.86,18811114,14382553,0
2022-10-21,1876,7393572,1356,6444889,12,588833,90,3412241,150,500428,295,3931299,16724,532856,18399,14280.57,18829513,14383988,0
2022-10-22,794,7394366,673,6445562,9,588842,44,3412285,46,500474,100,3931399,7688,540544,8417,14273.14,18837930,14384627,0
2022-10-23,548,7394914,358,6445920,3,588845,21,3412306,39,500513,69,3931468,4801,545345,5078,14260.86,18843008,14384844,0
2022-10-24,1820,7396734,1227,6447147,19,588864,70,3412376,111,500624,223,3931691,15558,560903,16844,14183.14,18859852,14385949,0
2022-10-25,1728,7398462,1181,6448328,12,588876,94,3412470,109,500733,232,3931923,15032,575935,16337,14230.86,18876189,14387051,0
2022-10-26,1944,7400406,1341,6449669,11,588887,90,3412560,167,500900,333,3932256,16810,592745,18282,14314.57,18894471,14388266,0
2022-10-27,1648,7402054,1080,6450749,13,588900,90,3412650,128,501028,271,3932527,15115,607860,16415,14253.14,18910886,14389348,0
2022-10-28,1792,7403846,1431,6452180,17,588917,108,3412758,152,501180,319,3932846,16757,624617,18572,14277.86,18929458,14390903,0
2022-10-29,745,7404591,544,6452724,9,588926,69,3412827,58,501238,141,3932987,7747,632364,8417,14277.86,18937875,14391446,0
2022-10-30,539,7405130,305,6453029,3,588929,19,3412846,57,501295,92,3933079,4490,636854,4778,14235,18942653,14391658,0
2022-10-31,1751,7406881,1115,6454144,8,588937,48,3412894,126,501421,217,3933296,14584,651438,15530,14047.29,18958183,14392430,0
2022-11-01,1742,7408623,1036,6455180,18,588955,79,3412973,127,501548,238,3933534,13621,665059,14943,13848.14,18973126,14393546,0
2022-11-02,1801,7410424,1143,6456323,17,588972,89,3413062,123,501671,254,3933788,14867,679926,16139,13542,18989265,14394606,0
2022-11-03,1492,7411916,1035,6457358,14,588986,83,3413145,167,501838,327,3934115,12617,692543,13900,13182.71,19003165,14395639,0
2022-11-04,1797,7413713,1225,6458583,14,589000,102,3413247,139,501977,276,3934391,15425,707968,17024,12961.57,19020189,14396997,0
2022-11-05,867,7414580,538,6459121,6,589006,65,3413312,82,502059,161,3934552,7043,715011,7756,12867.14,19027945,14397563,0
2022-11-06,428,7415008,334,6459455,4,589010,20,3413332,50,502109,107,3934659,4070,719081,4410,12814.57,19032355,14397833,0
2022-11-07,1692,7416700,1077,6460532,14,589024,72,3413404,101,502210,210,3934869,13224,732305,14387,12651.29,19046742,14398823,0
2022-11-08,1581,7418281,1016,6461548,8,589032,97,3413501,131,502341,269,3935138,12066,744371,13331,12421,19060073,14399860,0
2022-11-09,1623,7419904,1068,6462616,9,589041,85,3413586,114,502455,246,3935384,12186,756557,13451,12037,19073524,14400926,0
2022-11-10,1540,7421444,1019,6463635,14,589055,73,3413659,147,502602,276,3935660,12353,768910,13630,11998.43,19087154,14401983,0
2022-11-11,1549,7422993,1092,6464727,11,589066,99,3413758,102,502704,222,3935882,12872,781782,14298,11609,19101452,14403208,0
2022-11-12,711,7423704,511,6465238,2,589068,55,3413813,62,502766,127,3936009,6427,788209,7044,11507.29,19108496,14403708,0
2022-11-13,517,7424221,339,6465577,4,589072,15,3413828,68,502834,98,3936107,3891,792100,4208,11478.43,19112704,14403942,0
2022-11-14,1496,7425717,1040,6466617,19,589091,57,3413885,113,502947,201,3936308,11630,803730,12747,11244.14,19125451,14404889,0
2022-11-15,1533,7427250,1008,6467625,15,589106,103,3413988,165,503112,294,3936602,11280,815010,12663,11148.71,19138114,14406004,0
2022-11-16,1626,7428876,1052,6468677,21,589127,64,3414052,146,503258,246,3936848,11558,826568,12804,11056.29,19150918,14407040,0
2022-11-17,1464,7430340,994,6469671,10,589137,72,3414124,191,503449,304,3937152,10540,837108,11870,10804.86,19162788,14408107,0
2022-11-18,1628,7431968,1109,6470780,12,589149,68,3414192,118,503567,216,3937368,12398,849506,13990,10760.86,19176778,14409513,0
2022-11-19,700,7432668,442,6471222,4,589153,56,3414248,63,503630,128,3937496,5913,855419,6570,10693.14,19183348,14410051,0
2022-11-20,489,7433157,305,6471527,4,589157,12,3414260,35,503665,64,3937560,3538,858957,3838,10640.29,19187186,14410304,0
2022-11-21,1559,7434716,925,6472452,4,589161,50,3414310,81,503746,148,3937708,10387,869344,11366,10443,19198552,14411152,0
2022-11-22,1315,7436031,824,6473276,7,589168,53,3414363,92,503838,163,3937871,9265,878609,10293,10104.43,19208845,14412035,0
2022-11-23,1313,7437344,739,6474015,11,589179,63,3414426,80,503918,169,3938040,8675,887284,9614,9648.71,19218459,14412831,0
2022-11-24,18,7437362,10,6474025,2,589181,0,3414426,6,503924,8,3938048,112,887396,137,7972.57,19218596,14412850,0
2022-11-25,714,7438076,488,6474513,14,589195,36,3414462,55,503979,110,3938158,5683,893079,6420,6891.14,19225016,14413496,0
2022-11-26,615,7438691,384,6474897,2,589197,15,3414477,43,504022,62,3938220,4896,897975,5331,6714.14,19230347,14413873,0
2022-11-27,418,7439109,220,6475117,1,589198,10,3414487,24,504046,49,3938269,3174,901149,3356,6645.29,19233703,14414021,0
2022-11-28,988,7440097,706,6475823,10,589208,60,3414547,65,504111,146,3938415,6950,908099,7919,6152.86,19241622,14414865,0
2022-11-29,949,7441046,717,6476540,8,589216,44,3414591,72,504183,141,3938556,6928,915027,7965,5820.29,19249587,14415786,0
2022-11-30,1242,7442288,880,6477420,16,589232,51,3414642,55,504238,125,3938681,8723,923750,9732,5837.14,19259319,14416689,0
2022-12-01,1157,7443445,784,6478204,13,589245,60,3414702,96,504334,182,3938863,8470,932220,9543,7180.86,19268862,14417606,0
2022-12-02,1355,7444800,980,6479184,14,589259,70,3414772,104,504438,195,3939058,10217,942437,11544,7912.86,19280406,14418759,0
2022-12-03,640,7445440,426,6479610,12,589271,42,3414814,42,504480,87,3939145,4949,947386,5476,7933.57,19285882,14419202,0
2022-12-04,432,7445872,284,6479894,4,589275,7,3414821,26,504506,40,3939185,3268,950654,3495,7953.43,19289377,14419396,0
2022-12-05,1199,7447071,766,6480660,15,589290,62,3414883,71,504577,149,3939334,8604,959258,9614,8195.57,19298991,14420273,0
2022-12-06,1193,7448264,769,6481429,13,589303,69,3414952,89,504666,176,3939510,8131,967389,9131,8362.14,19308122,14421115,0
2022-12-07,1245,7449509,766,6482195,12,589315,61,3415013,82,504748,163,3939673,8296,975685,9314,8302.43,19317436,14421990,0
2022-12-08,1135,7450644,745,6482940,14,589329,69,3415082,77,504825,166,3939839,8674,984359,9707,8325.86,19327143,14422877,0
2022-12-09,1274,7451918,981,6483921,13,589342,80,3415162,103,504928,209,3940048,10403,994762,11768,8357.86,19338911,14424059,0
2022-12-10,698,7452616,469,6484390,7,589349,36,3415198,74,505002,128,3940176,6142,1000904,6711,8534.29,19345622,14424518,0
2022-12-11,444,7453060,263,6484653,4,589353,11,3415209,35,505037,56,3940232,3682,1004586,3884,8589.86,19349506,14424674,0
2022-12-12,1380,7454440,819,6485472,19,589372,75,3415284,104,505141,205,3940437,9969,1014555,11016,8790.14,19360522,14425542,0
2022-12-13,1318,7455758,857,6486329,17,589389,54,3415338,101,505242,190,3940627,9695,1024250,10754,9022,19371276,14426446,0
2022-12-14,1239,7456997,844,6487173,12,589401,68,3415406,99,505341,194,3940821,9639,1033889,10622,9208.86,19381898,14427262,0
2022-12-15,1220,7458217,705,6487878,11,589412,61,3415467,109,505450,185,3941006,8482,1042371,9454,9172.71,19391352,14428064,0
2022-12-16,1242,7459459,812,6488690,12,589424,70,3415537,126,505576,218,3941224,9362,1051733,10538,8997,19401890,14429044,0
2022-12-17,681,7460140,466,6489156,8,589432,32,3415569,36,505612,81,3941305,5831,1057564,6306,8939.14,19408196,14429451,0
2022-12-18,454,7460594,230,6489386,2,589434,15,3415584,23,505635,48,3941353,3404,1060968,3611,8900.14,19411807,14429620,0
2022-12-19,1252,7461846,787,6490173,8,589442,55,3415639,83,505718,153,3941506,8912,1069880,9849,8733.43,19421656,14430419,0
2022-12-20,1237,7463083,768,6490941,18,589460,84,3415723,138,505856,278,3941784,8583,1078463,9718,8585.43,19431374,14431332,0
2022-12-21,1110,7464193,710,6491651,16,589476,55,3415778,95,505951,181,3941965,8279,1086742,9157,8376.14,19440531,14432060,0
2022-12-22,1009,7465202,597,6492248,4,589480,43,3415821,73,506024,133,3942098,6941,1093683,7676,8122.14,19448207,14432679,0
2022-12-23,859,7466061,504,6492752,11,589491,41,3415862,58,506082,112,3942210,5915,1099598,6522,7548.43,19454729,14433187,0
2022-12-24,194,7466255,115,6492867,1,589492,2,3415864,16,506098,20,3942230,1377,1100975,1495,6861.14,19456224,14433287,0
2022-12-25,8,7466263,3,6492870,0,589492,2,3415866,0,506098,2,3942232,29,1101004,37,6350.57,19456261,14433293,0
2022-12-26,584,7466847,277,6493147,16,589508,19,3415885,22,506120,44,3942276,3308,1104312,3620,5460.71,19459881,14433564,0
2022-12-27,1102,7467949,618,6493765,13,589521,54,3415939,60,506180,123,3942399,7238,1111550,8037,5220.57,19467918,14434249,0
2022-12-28,1081,7469030,575,6494340,8,589529,59,3415998,64,506244,133,3942532,6991,1118541,7788,5025,19475706,14434923,0
2022-12-29,1028,7470058,600,6494940,9,589538,50,3416048,90,506334,163,3942695,6594,1125135,7428,4989.57,19483134,14435617,0
2022-12-30,972,7471030,546,6495486,9,589547,48,3416096,48,506382,106,3942801,6133,1131268,6861,5038,19489995,14436249,0
2022-12-31,312,7471342,169,6495655,4,589551,17,3416113,10,506392,30,3942831,1814,1133082,1992,5109,19491987,14436400,0
2023-01-01,22,7471364,9,6495664,0,589551,3,3416116,5,506397,8,3942839,59,1133141,89,5116.43,19492076,14436422,0
2023-01-02,672,7472036,332,6495996,10,589561,14,3416130,24,506421,44,3942883,3659,1136800,4008,5171.86,19496084,14436733,0
2023-01-03,983,7473019,608,6496604,9,589570,42,3416172,57,506478,111,3942994,5480,1142280,6272,4919.71,19502356,14437426,0
2023-01-04,1121,7474140,682,6497286,17,589587,53,3416225,63,506541,134,3943128,6183,1148463,7068,4816.86,19509424,14438195,0
2023-01-05,1027,7475167,604,6497890,23,589610,35,3416260,90,506631,143,3943271,5777,1154240,6711,4714.43,19516135,14439004,0
2023-01-06,1078,7476245,789,6498679,17,589627,50,3416310,80,506711,141,3943412,6504,1160744,7559,4814.14,19523694,14439929,0
2023-01-07,612,7476857,433,6499112,8,589635,22,3416332,34,506745,62,3943474,4455,1165199,4914,5231.57,19528608,14440332,0
2023-01-08,389,7477246,247,6499359,4,589639,12,3416344,29,506774,45,3943519,2562,1167761,2772,5614.86,19531380,14440501,0
2023-01-09,978,7478224,588,6499947,17,589656,51,3416395,41,506815,101,3943620,5617,1173378,6463,5965.57,19537843,14441255,0
2023-01-10,869,7479093,653,6500600,8,589664,49,3416444,85,506900,151,3943771,5347,1178725,6258,5963.57,19544101,14442032,0
2023-01-11,898,7479991,555,6501155,21,589685,45,3416489,69,506969,137,3943908,5171,1183896,5985,5808.86,19550086,14442732,0
2023-01-12,794,7480785,500,6501655,24,589709,54,3416543,121,507090,198,3944106,4537,1188433,5484,5633.57,19555570,14443504,0
2023-01-13,814,7481599,562,6502217,11,589720,70,3416613,58,507148,144,3944250,5384,1193817,6276,5450.29,19561846,14444268,0
2023-01-14,526,7482125,287,6502504,10,589730,28,3416641,30,507178,60,3944310,3230,1197047,3635,5267.57,19565481,14444615,0
2023-01-15,294,7482419,155,6502659,6,589736,14,3416655,23,507201,52,3944362,1793,1198840,1999,5157.14,19567480,14444784,0
2023-01-16,510,7482929,314,6502973,11,589747,32,3416687,27,507228,64,3944426,2782,1201622,3223,4694.29,19570703,14445166,0
2023-01-17,813,7483742,482,6503455,19,589766,49,3416736,73,507301,135,3944561,3835,1205457,4703,4472.14,19575406,14445912,0
2023-01-18,818,7484560,487,6503942,16,589782,48,3416784,60,507361,116,3944677,3736,1209193,4544,4266.29,19579950,14446612,0
2023-01-19,668,7485228,440,6504382,6,589788,49,3416833,33,507394,100,3944777,3174,1212367,3921,4043,19583871,14447277,0
2023-01-20,722,7485950,498,6504880,23,589811,40,3416873,39,507433,86,3944863,3751,1216118,4538,3794.71,19588409,14447985,0
2023-01-21,376,7486326,201,6505081,12,589823,20,3416893,11,507444,33,3944896,1897,1218015,2209,3591,19590618,14448266,0
2023-01-22,236,7486562,61,6505142,5,589828,0,3416893,2,507446,3,3944899,865,1218880,971,3444.14,19591589,14448370,0
2023-01-23,651,7487213,337,6505479,12,589840,15,3416908,44,507490,66,3944965,2713,1221593,3377,3466.14,19594966,14448975,0
2023-01-24,582,7487795,400,6505879,17,589857,38,3416946,34,507524,85,3945050,3058,1224651,3712,3324.57,19598678,14449557,0
2023-01-25,612,7488407,373,6506252,21,589878,32,3416978,41,507565,85,3945135,2709,1227360,3391,3159.86,19602069,14450166,0
2023-01-26,565,7488972,359,6506611,18,589896,34,3417012,51,507616,101,3945236,2698,1230058,3362,3080,19605431,14450745,0
2023-01-27,574,7489546,443,6507054,11,589907,35,3417047,49,507665,91,3945327,2830,1232888,3569,2941.57,19609000,14451400,0
2023-01-28,368,7489914,191,6507245,5,589912,24,3417071,38,507703,69,3945396,1592,1234480,1931,2901.86,19610931,14451677,0
2023-01-29,239,7490153,122,6507367,4,589916,11,3417082,10,507713,25,3945421,991,1235471,1143,2926.43,19612074,14451808,0
2023-01-30,606,7490759,404,6507771,18,589934,39,3417121,36,507749,78,3945499,2508,1237979,3233,2905.86,19615307,14452458,0
2023-01-31,523,7491282,361,6508132,12,589946,32,3417153,49,507798,93,3945592,2443,1240422,3077,2815.14,19618384,14453011,0
2023-02-01,494,7491776,344,6508476,16,589962,41,3417194,44,507842,93,3945685,2327,1242749,2977,2756,19621361,14453576,0
2023-02-02,463,7492239,360,6508836,13,589975,37,3417231,35,507877,80,3945765,2159,1244908,2784,2673.43,19624145,14454129,0
2023-02-03,552,7492791,397,6509233,14,589989,27,3417258,36,507913,69,3945834,2366,1247274,3072,2602.43,19627217,14454772,0
2023-02-04,252,7493043,160,6509393,12,590001,14,3417272,16,507929,31,3945865,1142,1248416,1405,2527.29,19628622,14455005,0
2023-02-05,202,7493245,100,6509493,0,590001,2,3417274,16,507945,20,3945885,856,1249272,975,2503.29,19629597,14455106,0
2023-02-06,608,7493853,323,6509816,9,590010,29,3417303,27,507972,65,3945950,2255,1251527,2836,2446.57,19632433,14455631,0
2023-02-07,490,7494343,367,6510183,5,590015,27,3417330,35,508007,70,3946020,2338,1253865,2939,2426.86,19635372,14456170,0
2023-02-08,463,7494806,326,6510509,4,590019,26,3417356,36,508043,68,3946088,2318,1256183,2884,2413.57,19638256,14456674,0
2023-02-09,484,7495290,358,6510867,3,590022,39,3417395,46,508089,99,3946187,2059,1258242,2716,2403.86,19640972,14457246,0
2023-02-10,505,7495795,396,6511263,2,590024,28,3417423,33,508122,85,3946272,2283,1260525,2974,2389.86,19643946,14457876,0
2023-02-11,301,7496096,197,6511460,7,590031,21,3417444,25,508147,47,3946319,1350,1261875,1668,2427.43,19645614,14458148,0
2023-02-12,185,7496281,82,6511542,0,590031,6,3417450,0,508147,10,3946329,707,1262582,820,2405.29,19646434,14458255,0
2023-02-13,450,7496731,300,6511842,4,590035,21,3417471,27,508174,52,3946381,1761,1264343,2328,2332.71,19648762,14458774,0
2023-02-14,407,7497138,276,6512118,6,590041,32,3417503,22,508196,59,3946440,1699,1266042,2234,2232,19650996,14459255,0
2023-02-15,410,7497548,298,6512416,10,590051,23,3417526,29,508225,65,3946505,1747,1267789,2268,2144,19653264,14459724,0
2023-02-16,364,7497912,251,6512667,6,590057,27,3417553,19,508244,51,3946556,1631,1269420,2110,2057.43,19655374,14460157,0
2023-02-17,401,7498313,316,6512983,6,590063,25,3417578,32,508276,64,3946620,1698,1271118,2271,1957,19657645,14460673,0
2023-02-18,202,7498515,119,6513102,5,590068,12,3417590,4,508280,17,3946637,1005,1272123,1192,1889,19658837,14460844,0
2023-02-19,120,7498635,57,6513159,2,590070,6,3417596,6,508286,14,3946651,540,1272663,611,1859.14,19659448,14460903,0
2023-02-20,319,7498954,160,6513319,3,590073,10,3417606,17,508303,28,3946679,1163,1273826,1429,1730.71,19660877,14461142,0
2023-02-21,384,7499338,291,6513610,5,590078,26,3417632,34,508337,65,3946744,1542,1275368,2083,1709.14,19662960,14461623,0
2023-02-22,410,7499748,282,6513892,8,590086,40,3417672,26,508363,70,3946814,1643,1277011,2186,1697.43,19665146,14462100,0
2023-02-23,392,7500140,256,6514148,10,590096,26,3417698,31,508394,71,3946885,1481,1278492,2032,1686.29,19667178,14462594,0
2023-02-24,374,7500514,329,6514477,4,590100,30,3417728,24,508418,61,3946946,1737,1280229,2299,1690.29,19669477,14463102,0
2023-02-25,166,7500680,122,6514599,2,590102,12,3417740,13,508431,27,3946973,779,1281008,976,1659.43,19670453,14463274,0
2023-02-26,94,7500774,51,6514650,0,590102,8,3417748,4,508435,16,3946989,473,1281481,540,1649.29,19670993,14463329,0
2023-02-27,380,7501154,305,6514955,4,590106,32,3417780,20,508455,55,3947044,1499,1282980,2022,1734,19673015,14463800,0
2023-02-28,356,7501510,240,6515195,8,590114,32,3417812,27,508482,64,3947108,1336,1284316,1821,1696.57,19674836,14464226,0
2023-03-01,390,7501900,300,6515495,7,590121,26,3417838,20,508502,52,3947160,1446,1285762,1986,1668,19676822,14464720,0
2023-03-02,380,7502280,299,6515794,11,590132,20,3417858,23,508525,50,3947210,1335,1287097,1882,1646.57,19678704,14465224,0
2023-03-03,410,7502690,324,6516118,10,590142,25,3417883,26,508551,58,3947268,1603,1288700,2199,1632.29,19680903,14465769,0
2023-03-04,202,7502892,124,6516242,4,590146,11,3417894,15,508566,28,3947296,801,1289501,1035,1640.71,19681938,14465977,0
2023-03-05,125,7503017,62,6516304,2,590148,4,3417898,6,508572,14,3947310,464,1289965,558,1643.29,19682496,14466061,0
2023-03-06,412,7503429,268,6516572,12,590160,22,3417920,16,508588,41,3947351,1387,1291352,1897,1625.43,19684393,14466533,0
2023-03-07,365,7503794,246,6516818,6,590166,23,3417943,30,508618,62,3947413,1306,1292658,1774,1618.71,19686167,14466948,0
2023-03-08,375,7504169,248,6517066,3,590169,33,3417976,30,508648,67,3947480,1355,1294013,1851,1599.43,19688018,14467381,0
2023-03-09,370,7504539,248,6517314,4,590173,16,3417992,24,508672,46,3947526,1272,1295285,1762,1582.29,19689780,14467831,0
2023-03-10,306,7504845,285,6517599,3,590176,10,3418002,20,508692,38,3947564,1401,1296686,1859,1533.71,19691639,14468259,0
2023-03-11,190,7505035,89,6517688,3,590179,18,3418020,4,508696,23,3947587,687,1297373,872,1510.43,19692511,14468422,0
2023-03-12,111,7505146,49,6517737,1,590180,5,3418025,6,508702,17,3947604,435,1297808,517,1504.57,19693028,14468493,0
2023-03-13,338,7505484,206,6517943,7,590187,12,3418037,13,508715,26,3947630,1134,1298942,1531,1452.29,19694559,14468865,0
2023-03-14,292,7505776,185,6518128,5,590192,17,3418054,11,508726,34,3947664,1065,1300007,1421,1401.86,19695980,14469193,0
2023-03-15,334,7506110,278,6518406,3,590195,10,3418064,13,508739,24,3947688,1233,1301240,1687,1378.43,19697667,14469624,0
2023-03-16,306,7506416,248,6518654,9,590204,14,3418078,15,508754,35,3947723,1169,1302409,1597,1354.86,19699264,14470023,0
2023-03-17,330,7506746,267,6518921,5,590209,20,3418098,8,508762,29,3947752,1284,1303693,1717,1334.57,19700981,14470428,0
2023-03-18,161,7506907,103,6519024,2,590211,8,3418106,4,508766,13,3947765,674,1304367,843,1330.43,19701824,14470585,0
2023-03-19,115,7507022,56,6519080,1,590212,3,3418109,3,508769,9,3947774,366,1304733,451,1321,19702275,14470664,0
2023-03-20,348,7507370,218,6519298,7,590219,29,3418138,15,508784,45,3947819,1223,1305956,1623,1334.14,19703898,14471020,0
2023-03-21,345,7507715,193,6519491,7,590226,23,3418161,18,508802,43,3947862,1128,1307084,1537,1350.71,19705435,14471388,0
2023-03-22,315,7508030,231,6519722,6,590232,12,3418173,11,508813,25,3947887,1131,1308215,1530,1328.29,19706965,14471764,0
2023-03-23,274,7508304,203,6519925,1,590233,21,3418194,12,508825,37,3947924,1017,1309232,1414,1302.14,19708379,14472128,0
2023-03-24,318,7508622,261,6520186,8,590241,18,3418212,19,508844,40,3947964,1133,1310365,1600,1285.43,19709979,14472558,0
2023-03-25,134,7508756,120,6520306,1,590242,9,3418221,9,508853,18,3947982,593,1310958,742,1271,19710721,14472689,0
2023-03-26,94,7508850,44,6520350,2,590244,4,3418225,4,508857,9,3947991,390,1311348,452,1271.14,19711173,14472743,0
2023-03-27,289,7509139,235,6520585,3,590247,14,3418239,11,508868,26,3948017,1013,1312361,1410,1240.71,19712583,14473115,0
2023-03-28,287,7509426,183,6520768,10,590257,20,3418259,9,508877,32,3948049,1021,1313382,1376,1217.71,19713959,14473441,0
2023-03-29,307,7509733,189,6520957,5,590262,13,3418272,9,508886,22,3948071,1078,1314460,1439,1204.71,19715398,14473780,0
2023-03-30,262,7509995,185,6521142,2,590264,17,3418289,10,508896,32,3948103,981,1315441,1329,1192.57,19716727,14474101,0
2023-03-31,300,7510295,261,6521403,7,590271,26,3418315,19,508915,46,3948149,1033,1316474,1499,1178.14,19718226,14474522,0
2023-04-01,123,7510418,67,6521470,3,590274,8,3418323,5,508920,15,3948164,530,1317004,661,1166.57,19718887,14474640,0
2023-04-02,96,7510514,37,6521507,0,590274,5,3418328,3,508923,10,3948174,275,1317279,342,1150.86,19719229,14474699,0
2023-04-03,283,7510797,160,6521667,8,590282,19,3418347,15,508938,40,3948214,904,1318183,1225,1124.43,19720454,14474986,0
2023-04-04,285,7511082,196,6521863,3,590285,13,3418360,10,508948,26,3948240,872,1319055,1225,1102.86,19721679,14475316,0
2023-04-05,271,7511353,158,6522021,8,590293,18,3418378,7,508955,28,3948268,992,1320047,1287,1081.14,19722966,14475586,0
2023-04-06,350,7511703,163,6522184,9,590302,17,3418395,5,508960,22,3948290,989,1321036,1326,1080.71,19724292,14475901,0
2023-04-07,248,7511951,147,6522331,5,590307,12,3418407,9,508969,21,3948311,754,1321790,1051,1016.71,19725343,14476177,0
2023-04-08,173,7512124,106,6522437,1,590308,5,3418412,10,508979,17,3948328,556,1322346,699,1022.14,19726042,14476305,0
2023-04-09,69,7512193,25,6522462,0,590308,0,3418412,4,508983,4,3948332,205,1322551,247,1008.57,19726289,14476343,0
2023-04-10,292,7512485,182,6522644,6,590314,19,3418431,9,508992,29,3948361,892,1323443,1220,1007.86,19727509,14476643,0
2023-04-11,273,7512758,156,6522800,5,590319,15,3418446,9,509001,28,3948389,918,1324361,1224,1007.71,19728733,14476925,0
2023-04-12,290,7513048,169,6522969,5,590324,15,3418461,8,509009,25,3948414,828,1325189,1181,992.57,19729914,14477255,0
2023-04-13,251,7513299,142,6523111,8,590332,13,3418474,7,509016,21,3948435,853,1326042,1158,968.57,19731072,14477540,0
2023-04-14,244,7513543,199,6523310,2,590334,6,3418480,10,509026,18,3948453,854,1326896,1182,987.29,19732254,14477852,0
2023-04-15,122,7513665,98,6523408,6,590340,3,3418483,7,509033,11,3948464,408,1327304,556,966.86,19732810,14477990,0
2023-04-16,76,7513741,31,6523439,0,590340,0,3418483,1,509034,1,3948465,266,1327570,307,975.43,19733117,14478030,0
2023-04-17,234,7513975,143,6523582,3,590343,6,3418489,3,509037,10,3948475,716,1328286,999,943.86,19734116,14478304,0
2023-04-18,220,7514195,130,6523712,6,590349,9,3418498,10,509047,22,3948497,758,1329044,990,910.43,19735106,14478517,0
2023-04-19,204,7514399,94,6523806,5,590354,7,3418505,9,509056,16,3948513,927,1329971,1067,894.14,19736173,14478641,0
2023-04-20,237,7514636,114,6523920,2,590356,14,3418519,20,509076,38,3948551,1271,1331242,1421,931.71,19737594,14478757,0
2023-04-21,239,7514875,113,6524033,6,590362,14,3418533,9,509085,29,3948580,1754,1332996,1865,1029.29,19739459,14478845,0
2023-04-22,114,7514989,41,6524074,3,590365,8,3418541,4,509089,13,3948593,942,1333938,996,1092.14,19740455,14478887,0
2023-04-23,76,7515065,36,6524110,1,590366,1,3418542,2,509091,4,3948597,596,1334534,617,1136.43,19741072,14478905,0
2023-04-24,246,7515311,113,6524223,2,590368,11,3418553,7,509098,22,3948619,1788,1336322,1877,1261.86,19742949,14478976,0
2023-04-25,250,7515561,123,6524346,6,590374,12,3418565,11,509109,27,3948646,1777,1338099,1874,1388.14,19744823,14479050,0
2023-04-26,230,7515791,111,6524457,5,590379,7,3418572,5,509114,21,3948667,1645,1339744,1714,1480.57,19746537,14479107,0
2023-04-27,283,7516074,141,6524598,1,590380,11,3418583,17,509131,45,3948712,1809,1341553,1901,1549.14,19748438,14479171,0
2023-04-28,262,7516336,160,6524758,2,590382,11,3418594,17,509148,36,3948748,2032,1343585,2112,1584.43,19750550,14479223,0
2023-04-29,143,7516479,62,6524820,2,590384,5,3418599,6,509154,12,3948760,908,1344493,959,1579.14,19751509,14479263,0
2023-04-30,97,7516576,26,6524846,1,590385,6,3418605,3,509157,10,3948770,546,1345039,566,1571.86,19752075,14479274,0
2023-05-01,317,7516893,130,6524976,2,590387,11,3418616,9,509166,22,3948792,1926,1346965,2006,1590.29,19754081,14479334,0
2023-05-02,256,7517149,117,6525093,3,590390,11,3418627,6,509172,21,3948813,1772,1348737,1822,1582.86,19755903,14479367,0
2023-05-03,264,7517413,130,6525223,1,590391,14,3418641,10,509182,26,3948839,1736,1350473,1808,1596.29,19757711,14479415,0
2023-05-04,247,7517660,138,6525361,0,590391,13,3418654,8,509190,28,3948867,1969,1352442,2034,1615.29,19759745,14479459,0
2023-05-05,310,7517970,142,6525503,1,590392,6,3418660,11,509201,19,3948886,2115,1354557,2163,1622.57,19761908,14479490,0
2023-05-06,136,7518106,67,6525570,0,590392,13,3418673,8,509209,24,3948910,965,1355522,1027,1632.29,19762935,14479531,0
2023-05-07,79,7518185,32,6525602,0,590392,0,3418673,6,509215,7,3948917,625,1356147,640,1642.86,19763575,14479540,0
2023-05-08,274,7518459,127,6525729,0,590392,8,3418681,10,509225,19,3948936,1990,1358137,2042,1648,19765617,14479574,0
2023-05-09,261,7518720,107,6525836,0,590392,5,3418686,4,509229,18,3948954,1734,1359871,1776,1641.43,19767393,14479607,0
2023-05-10,248,7518968,109,6525945,1,590393,6,3418692,13,509242,26,3948980,1879,1361750,1934,1659.43,19769327,14479643,0
2023-05-11,236,7519204,111,6526056,1,590394,11,3418703,23,509265,41,3949021,1813,1363563,1881,1637.57,19771208,14479677,0
2023-05-12,171,7519375,115,6526171,1,590395,5,3418708,10,509275,26,3949047,1553,1365116,1595,1556.43,19772803,14479704,0
2023-05-13,101,7519476,43,6526214,0,590395,1,3418709,4,509279,8,3949055,702,1365818,723,1513,19773526,14479720,0
2023-05-14,59,7519535,18,6526232,0,590395,2,3418711,0,509279,3,3949058,360,1366178,370,1474.43,19773896,14479728,0
2023-05-15,214,7519749,120,6526352,0,590395,4,3418715,8,509287,18,3949076,1453,1367631,1510,1398.43,19775406,14479773,0
2023-05-16,251,7520000,85,6526437,0,590395,6,3418721,7,509294,15,3949091,1346,1368977,1382,1342.14,19776788,14479796,0
2023-05-17,211,7520211,102,6526539,0,590395,4,3418725,4,509298,12,3949103,1405,1370382,1450,1273,19778238,14479833,0
2023-05-18,224,7520435,99,6526638,0,590395,12,3418737,13,509311,32,3949135,1256,1371638,1317,1192.43,19779555,14479869,0
2023-05-19,197,7520632,116,6526754,0,590395,9,3418746,10,509321,28,3949163,1491,1373129,1540,1184.57,19781095,14479899,0
2023-05-20,130,7520762,38,6526792,0,590395,3,3418749,5,509326,9,3949172,687,1373816,715,1183.43,19781810,14479919,0
2023-05-21,65,7520827,17,6526809,0,590395,1,3418750,1,509327,3,3949175,351,1374167,359,1181.86,19782169,14479925,0
2023-05-22,225,7521052,94,6526903,0,590395,4,3418754,3,509330,7,3949182,1311,1375478,1333,1156.57,19783502,14479940,0
2023-05-23,221,7521273,98,6527001,0,590395,12,3418766,6,509336,21,3949203,1248,1376726,1305,1145.57,19784807,14479979,0
2023-05-24,219,7521492,120,6527121,2,590397,11,3418777,8,509344,25,3949228,1226,1377952,1278,1121,19786085,14480012,0
2023-05-25,189,7521681,89,6527210,1,590398,4,3418781,6,509350,15,3949243,1207,1379159,1232,1108.86,19787317,14480027,0
2023-05-26,180,7521861,130,6527340,0,590398,8,3418789,6,509356,17,3949260,1227,1380386,1273,1070.71,19788590,14480059,0
2023-05-27,110,7521971,43,6527383,0,590398,3,3418792,6,509362,13,3949273,530,1380916,562,1048.86,19789152,14480082,0
2023-05-28,56,7522027,15,6527398,1,590399,0,3418792,0,509362,0,3949273,312,1381228,317,1042.86,19789469,14480087,0
2023-05-29,12,7522039,5,6527403,0,590399,1,3418793,0,509362,1,3949274,62,1381290,66,861.86,19789535,14480090,0
2023-05-30,224,7522263,104,6527507,0,590399,4,3418797,2,509364,8,3949282,1238,1382528,1263,855.86,19790798,14480109,0
2023-05-31,186,7522449,105,6527612,0,590399,8,3418805,2,509366,13,3949295,1121,1383649,1146,837,19791944,14480124,0
2023-06-01,188,7522637,79,6527691,1,590400,1,3418806,6,509372,8,3949303,1158,1384807,1178,829.29,19793122,14480137,0
2023-06-02,231,7522868,99,6527790,0,590400,8,3418814,2,509374,10,3949313,1167,1385974,1195,818.14,19794317,14480155,0
2023-06-03,91,7522959,38,6527828,0,590400,1,3418815,0,509374,1,3949314,549,1386523,564,818.43,19794881,14480169,0
2023-06-04,65,7523024,15,6527843,0,590400,1,3418816,3,509377,4,3949318,304,1386827,315,818.14,19795196,14480176,0
2023-06-05,205,7523229,93,6527936,0,590400,4,3418820,4,509381,12,3949330,1108,1387935,1140,971.57,19796336,14480200,0
2023-06-06,170,7523399,104,6528040,0,590400,8,3418828,3,509384,13,3949343,1012,1388947,1037,939.29,19797373,14480214,0
2023-06-07,179,7523578,94,6528134,2,590402,7,3418835,7,509391,15,3949358,975,1389922,1003,918.86,19798376,14480228,0
2023-06-08,180,7523758,72,6528206,1,590403,4,3418839,10,509401,14,3949372,819,1390741,848,871.71,19799224,14480243,0
2023-06-09,169,7523927,99,6528305,0,590403,11,3418850,10,509411,24,3949396,1020,1391761,1060,852.43,19800284,14480262,0
2023-06-10,115,7524042,32,6528337,0,590403,2,3418852,2,509413,5,3949401,425,1392186,444,835.29,19800728,14480277,0
2023-06-11,54,7524096,13,6528350,0,590403,0,3418852,0,509413,0,3949401,251,1392437,258,827.14,19800986,14480284,0
2023-06-12,169,7524265,84,6528434,1,590404,8,3418860,1,509414,11,3949412,969,1393406,989,805.57,19801975,14480295,0
2023-06-13,174,7524439,86,6528520,0,590404,1,3418861,3,509417,4,3949416,917,1394323,931,790.43,19802906,14480305,0
2023-06-14,201,7524640,104,6528624,0,590404,9,3418870,1,509418,11,3949427,1047,1395370,1079,801.29,19803985,14480327,0
2023-06-15,162,7524802,84,6528708,2,590406,7,3418877,3,509421,11,3949438,969,1396339,990,821.57,19804975,14480338,0
2023-06-16,206,7525008,88,6528796,0,590406,3,3418880,0,509421,4,3949442,915,1397254,936,803.86,19805911,14480356,0
2023-06-17,83,7525091,21,6528817,0,590406,2,3418882,2,509423,5,3949447,402,1397656,415,799.71,19806326,14480365,0
2023-06-18,59,7525150,15,6528832,0,590406,1,3418883,0,509423,1,3949448,225,1397881,229,795.57,19806555,14480368,0
2023-06-19,100,7525250,35,6528867,0,590406,2,3418885,2,509425,5,3949453,632,1398513,640,745.71,19807195,14480372,0
2023-06-20,175,7525425,92,6528959,1,590407,5,3418890,1,509426,6,3949459,918,1399431,930,745.57,19808125,14480378,0
2023-06-21,158,7525583,80,6529039,0,590407,10,3418900,1,509427,12,3949471,875,1400306,901,720.14,19809026,14480393,0
2023-06-22,186,7525769,52,6529091,0,590407,5,3418905,2,509429,7,3949478,816,1401122,832,697.57,19809858,14480402,0
2023-06-23,150,7525919,77,6529168,0,590407,5,3418910,0,509429,7,3949485,795,1401917,808,679.29,19810666,14480410,0
2023-06-24,67,7525986,28,6529196,0,590407,1,3418911,3,509432,5,3949490,333,1402250,346,669.43,19811012,14480419,0
2023-06-25,40,7526026,8,6529204,0,590407,2,3418913,4,509436,6,3949496,175,1402425,194,664.43,19811206,14480432,0
2023-06-26,134,7526160,60,6529264,1,590408,9,3418922,1,509437,11,3949507,770,1403195,796,686.71,19812002,14480448,0
2023-06-27,134,7526294,63,6529327,0,590408,6,3418928,0,509437,7,3949514,718,1403913,736,659,19812738,14480460,0
2023-06-28,156,7526450,66,6529393,0,590408,7,3418935,2,509439,9,3949523,808,1404721,828,648.57,19813566,14480471,0
2023-06-29,162,7526612,65,6529458,0,590408,3,3418938,5,509444,8,3949531,757,1405478,777,640.71,19814343,14480483,0
2023-06-30,169,7526781,67,6529525,0,590408,3,3418941,4,509448,8,3949539,694,1406172,709,626.57,19815052,14480491,0
2023-07-01,56,7526837,27,6529552,0,590408,3,3418944,0,509448,3,3949542,288,1406460,302,620.29,19815354,14480502,0
2023-07-02,40,7526877,10,6529562,0,590408,0,3418944,0,509448,0,3949542,164,1406624,170,616.86,19815524,14480508,0
2023-07-03,124,7527001,52,6529614,0,590408,8,3418952,2,509450,10,3949552,572,1407196,590,587.43,19816114,14480516,0
2023-07-04,1,7527002,2,6529616,1,590409,0,3418952,0,509450,0,3949552,9,1407205,10,483.71,19816124,14480517,0
2023-07-05,145,7527147,53,6529669,1,590410,4,3418956,0,509450,4,3949556,617,1407822,627,455,19816751,14480523,0
2023-07-06,151,7527298,56,6529725,0,590410,6,3418962,2,509452,8,3949564,627,1408449,645,436.14,19817396,14480533,0
2023-07-07,158,7527456,78,6529803,0,590410,4,3418966,1,509453,6,3949570,688,1409137,696,434.29,19818092,14480536,0
2023-07-08,80,7527536,22,6529825,0,590410,1,3418967,4,509457,5,3949575,259,1409396,278,430.86,19818370,14480550,0
2023-07-09,23,7527559,8,6529833,0,590410,0,3418967,0,509457,0,3949575,115,1409511,115,423,19818485,14480550,0
2023-07-10,150,7527709,58,6529891,1,590411,3,3418970,1,509458,5,3949580,618,1410129,642,430.43,19819127,14480570,0
2023-07-11,134,7527843,68,6529959,0,590411,5,3418975,2,509460,7,3949587,615,1410744,632,519.29,19819759,14480580,0
2023-07-12,157,7528000,63,6530022,0,590411,2,3418977,2,509462,4,3949591,657,1411401,669,525.29,19820428,14480588,0
2023-07-13,128,7528128,47,6530069,0,590411,3,3418980,3,509465,7,3949598,506,1411907,519,507.29,19820947,14480595,0
2023-07-14,143,7528271,70,6530139,0,590411,4,3418984,2,509467,8,3949606,612,1412519,628,497.57,19821575,14480605,0
2023-07-15,77,7528348,18,6530157,0,590411,1,3418985,2,509469,3,3949609,245,1412764,257,494.57,19821832,14480614,0
2023-07-16,39,7528387,4,6530161,0,590411,0,3418985,0,509469,0,3949609,114,1412878,114,494.43,19821946,14480614,0
2023-07-17,139,7528526,60,6530221,0,590411,2,3418987,1,509470,4,3949613,564,1413442,577,485.14,19822523,14480624,0
2023-07-18,128,7528654,63,6530284,0,590411,3,3418990,2,509472,5,3949618,549,1413991,561,475,19823084,14480631,0
2023-07-19,115,7528769,75,6530359,1,590412,2,3418992,4,509476,6,3949624,554,1414545,570,460.86,19823654,14480641,0
2023-07-20,157,7528926,56,6530415,0,590412,12,3419004,3,509479,17,3949641,538,1415083,565,467.43,19824219,14480653,0
2023-07-21,143,7529069,74,6530489,0,590412,1,3419005,0,509479,2,3949643,591,1415674,596,462.86,19824815,14480657,0
2023-07-22,82,7529151,20,6530509,0,590412,3,3419008,0,509479,3,3949646,197,1415871,234,459.57,19825049,14480691,0
2023-07-23,30,7529181,11,6530520,0,590412,1,3419009,0,509479,1,3949647,101,1415972,102,457.86,19825151,14480691,0
2023-07-24,159,7529340,44,6530564,0,590412,6,3419015,0,509479,7,3949654,587,1416559,597,460.71,19825748,14480695,0
2023-07-25,108,7529448,33,6530597,0,590412,0,3419015,1,509480,1,3949655,487,1417046,491,450.71,19826239,14480698,0
2023-07-26,139,7529587,53,6530650,1,590413,6,3419021,2,509482,8,3949663,567,1417613,582,452.43,19826821,14480705,0
2023-07-27,135,7529722,51,6530701,1,590414,6,3419027,1,509483,7,3949670,495,1418108,509,444.43,19827330,14480712,0
2023-07-28,116,7529838,63,6530764,0,590414,3,3419030,2,509485,5,3949675,491,1418599,503,431.14,19827833,14480719,0
2023-07-29,58,7529896,12,6530776,0,590414,0,3419030,4,509489,4,3949679,211,1418810,226,430,19828059,14480730,0
2023-07-30,38,7529934,14,6530790,0,590414,0,3419030,0,509489,0,3949679,151,1418961,153,437.29,19828212,14480732,0
2023-07-31,149,7530083,72,6530862,0,590414,1,3419031,2,509491,4,3949683,591,1419552,612,439.43,19828824,14480750,0
2023-08-01,122,7530205,58,6530920,0,590414,2,3419033,2,509493,4,3949687,579,1420131,586,453,19829410,14480753,0
2023-08-02,153,7530358,49,6530969,0,590414,2,3419035,2,509495,4,3949691,572,1420703,586,453.57,19829996,14480763,0
2023-08-03,126,7530484,63,6531032,0,590414,4,3419039,1,509496,5,3949696,555,1421258,566,461.71,19830562,14480769,0
2023-08-04,125,7530609,54,6531086,0,590414,1,3419040,1,509497,3,3949699,632,1421890,641,481.43,19831203,14480776,0
2023-08-05,72,7530681,7,6531093,0,590414,5,3419045,2,509499,8,3949707,295,1422185,311,493.57,19831514,14480785,0
2023-08-06,37,7530718,5,6531098,0,590414,0,3419045,0,509499,0,3949707,166,1422351,166,495.43,19831680,14480785,0
2023-08-07,198,7530916,55,6531153,0,590414,3,3419048,3,509502,8,3949715,716,1423067,729,512.14,19832409,14480792,0
2023-08-08,189,7531105,62,6531215,1,590415,6,3419054,1,509503,7,3949722,716,1423783,728,532.43,19833137,14480797,0
2023-08-09,165,7531270,53,6531268,0,590415,6,3419060,2,509505,8,3949730,708,1424491,727,552.57,19833864,14480808,0
2023-08-10,167,7531437,55,6531323,0,590415,3,3419063,0,509505,3,3949733,650,1425141,661,566.14,19834525,14480816,0
2023-08-11,179,7531616,68,6531391,0,590415,1,3419064,1,509506,2,3949735,715,1425856,730,578.86,19835255,14480829,0
2023-08-12,96,7531712,24,6531415,0,590415,0,3419064,0,509506,1,3949736,303,1426159,316,579.57,19835571,14480842,0
2023-08-13,66,7531778,6,6531421,0,590415,0,3419064,1,509507,1,3949737,163,1426322,167,579.71,19835738,14480845,0
2023-08-14,195,7531973,68,6531489,0,590415,5,3419069,0,509507,5,3949742,702,1427024,710,577,19836448,14480848,0
2023-08-15,179,7532152,53,6531542,0,590415,3,3419072,2,509509,7,3949749,624,1427648,635,563.71,19837083,14480854,0
2023-08-16,147,7532299,62,6531604,0,590415,2,3419074,4,509513,10,3949759,670,1428318,694,559,19837777,14480872,0
2023-08-17,170,7532469,56,6531660,0,590415,6,3419080,3,509516,12,3949771,608,1428926,630,554.57,19838407,14480885,0
2023-08-18,191,7532660,60,6531720,0,590415,2,3419082,3,509519,7,3949778,729,1429655,739,555.86,19839146,14480890,0
2023-08-19,74,7532734,19,6531739,0,590415,0,3419082,1,509520,1,3949779,288,1429943,295,552.86,19839441,14480896,0
2023-08-20,55,7532789,13,6531752,0,590415,2,3419084,6,509526,15,3949794,172,1430115,192,556.43,19839633,14480908,0
2023-08-21,179,7532968,59,6531811,0,590415,2,3419086,6,509532,13,3949807,588,1430703,605,541.43,19840238,14480917,0
2023-08-22,130,7533098,64,6531875,0,590415,2,3419088,3,509535,5,3949812,486,1431189,502,522.43,19840740,14480928,0
2023-08-23,167,7533265,73,6531948,0,590415,4,3419092,5,509540,9,3949821,642,1431831,660,517.57,19841400,14480937,0
2023-08-24,152,7533417,57,6532005,0,590415,3,3419095,2,509542,8,3949829,527,1432358,551,506.29,19841951,14480956,0
2023-08-25,155,7533572,52,6532057,0,590415,1,3419096,4,509546,9,3949838,487,1432845,505,472.86,19842456,14480969,0
2023-08-26,61,7533633,27,6532084,0,590415,2,3419098,0,509546,2,3949840,253,1433098,262,468.14,19842718,14480976,0
2023-08-27,53,7533686,13,6532097,0,590415,0,3419098,1,509547,1,3949841,158,1433256,161,463.71,19842879,14480978,0
2023-08-28,191,7533877,71,6532168,0,590415,3,3419101,5,509552,13,3949854,590,1433846,611,464.57,19843490,14480991,0
2023-08-29,189,7534066,44,6532212,0,590415,3,3419104,3,509555,10,3949864,551,1434397,569,474.14,19844059,14481003,0
2023-08-30,185,7534251,59,6532271,0,590415,1,3419105,3,509558,6,3949870,555,1434952,577,462.29,19844636,14481021,0
2023-08-31,171,7534422,50,6532321,0,590415,5,3419110,2,509560,9,3949879,560,1435512,585,467.14,19845221,14481039,0
2023-09-01,151,7534573,62,6532383,0,590415,1,3419111,5,509565,10,3949889,582,1436094,600,480.71,19845821,14481051,0
2023-09-02,86,7534659,19,6532402,0,590415,2,3419113,0,509565,4,3949893,309,1436403,316,488.43,19846137,14481056,0
2023-09-03,49,7534708,5,6532407,0,590415,0,3419113,1,509566,5,3949898,165,1436568,170,489.71,19846307,14481060,0
2023-09-04,11,7534719,1,6532408,0,590415,0,3419113,0,509566,0,3949898,34,1436602,34,407.29,19846341,14481060,0
2023-09-05,192,7534911,54,6532462,0,590415,5,3419118,5,509571,14,3949912,556,1437158,579,408.71,19846920,14481073,0
2023-09-06,183,7535094,62,6532524,0,590415,12,3419130,2,509573,15,3949927,583,1437741,605,412.71,19847525,14481081,0
2023-09-07,144,7535238,50,6532574,0,590415,4,3419134,1,509574,6,3949933,463,1438204,474,396.86,19847999,14481087,0
2023-09-08,133,7535371,82,6532656,0,590415,3,3419137,4,509578,7,3949940,409,1438613,420,371.14,19848419,14481091,0
2023-09-09,76,7535447,12,6532668,0,590415,4,3419141,1,509579,7,3949947,213,1438826,225,358.14,19848644,14481098,0
2023-09-10,45,7535492,11,6532679,0,590415,1,3419142,0,509579,3,3949950,114,1438940,118,350.71,19848762,14481101,0
2023-09-11,114,7535606,38,6532717,0,590415,0,3419142,0,509579,0,3949950,350,1439290,351,396,19849113,14481102,0
2023-09-12,50,7535656,27,6532744,0,590415,1,3419143,0,509579,2,3949952,145,1439435,153,335.14,19849266,14481109,0
