"DATE","ADMIN_DOSE1_DAILY","ADMIN_DOSE1_CUMULATIVE","ADMIN_DOSE2_DAILY","ADMIN_DOSE2_CUMULATIVE","ADMIN_SINGLE_DAILY","ADMIN_SINGLE_CUMULATIVE","ADMIN_ADDITIONAL1_DAILY","ADMIN_ADDITIONAL1_CUMULATIVE","ADMIN_ADDITIONAL2_DAILY","ADMIN_ADDITIONAL2_CUMULATIVE","ADMIN_ADDITIONAL_DAILY","ADMIN_ADDITIONAL_CUMULATIVE","ADMIN_ALLDOSES_DAILY","ADMIN_ALLDOSES_7DAYAVG","ADMIN_ALLDOSES_CUMULATIVE","INCOMPLETE"
"2020-12-14",79,79,0,0,0,0,0,0,0,0,0,0,79,,79,0
"2020-12-15",2052,2131,6,6,4,4,0,0,0,0,0,0,2062,,2141,0
"2020-12-16",4603,6734,13,19,1,5,1,1,0,0,1,1,4618,,6759,0
"2020-12-17",4656,11390,17,36,0,5,1,2,0,0,1,2,4674,,11433,0
"2020-12-18",5833,17223,19,55,2,7,2,4,0,0,2,4,5856,,17289,0
"2020-12-19",1689,18912,7,62,3,10,0,4,0,0,0,4,1699,,18988,0
"2020-12-20",1116,20028,2,64,1,11,0,4,0,0,0,4,1119,2872.43,20107,0
"2020-12-21",6339,26367,20,84,0,11,5,9,0,0,5,9,6364,3770.29,26471,0
"2020-12-22",9794,36161,27,111,2,13,1,10,0,0,1,10,9824,4879.14,36295,0
"2020-12-23",14277,50438,34,145,3,16,1,11,0,0,1,11,14315,6264.43,50610,0
"2020-12-24",7200,57638,24,169,1,17,0,11,0,0,0,11,7225,6628.86,57835,0
"2020-12-25",180,57818,0,169,0,17,1,12,0,0,1,12,181,5818.14,58016,0
"2020-12-26",4387,62205,44,213,0,17,1,13,0,0,1,13,4432,6208.57,62448,0
"2020-12-27",3869,66074,14,227,0,17,1,14,0,0,1,14,3884,6603.57,66332,0
"2020-12-28",10994,77068,49,276,1,18,2,16,0,0,2,16,11046,7272.43,77378,0
"2020-12-29",10720,87788,34,310,2,20,2,18,0,0,2,18,10758,7405.86,88136,0
"2020-12-30",12826,100614,44,354,0,20,0,18,0,0,0,18,12870,7199.43,101006,0
"2020-12-31",7260,107874,33,387,1,21,0,18,0,0,0,18,7294,7209.29,108300,0
"2021-01-01",181,108055,2,389,1,22,3,21,0,0,3,21,187,7210.14,108487,0
"2021-01-02",3809,111864,10,399,2,24,2,23,0,0,2,23,3823,7123.14,112310,0
"2021-01-03",3541,115405,24,423,2,26,1,24,0,0,1,24,3568,7078,115878,0
"2021-01-04",12255,127660,806,1229,2,28,6,30,0,0,6,30,13069,7367,128947,0
"2021-01-05",14082,141742,2193,3422,2,30,12,42,1,1,13,43,16290,8157.29,145237,0
"2021-01-06",17802,159544,3927,7349,1,31,30,72,6,7,36,79,21766,9428.14,167003,0
"2021-01-07",16552,176096,5171,12520,4,35,44,116,3,10,47,126,21774,11496.71,188777,0
"2021-01-08",16619,192715,5455,17975,0,35,33,149,4,14,37,163,22111,14628.71,210888,0
"2021-01-09",7652,200367,1462,19437,1,36,7,156,2,16,9,172,9124,15386,220012,0
"2021-01-10",7881,208248,983,20420,0,36,10,166,0,16,10,182,8874,16144,228886,0
"2021-01-11",25825,234073,7454,27874,2,38,49,215,8,24,57,239,33338,19039.57,262224,0
"2021-01-12",28263,262336,7857,35731,1,39,45,260,2,26,47,286,36168,21879.29,298392,0
"2021-01-13",31722,294058,9388,45119,1,40,56,316,4,30,60,346,41171,24651.43,339563,0
"2021-01-14",35812,329870,5319,50438,1,41,29,345,7,37,36,382,41168,27422,380731,0
"2021-01-15",29268,359138,3703,54141,2,43,32,377,5,42,37,419,33010,28979,413741,0
"2021-01-16",30290,389428,2380,56521,0,43,25,402,5,47,30,449,32700,32347,446441,0
"2021-01-17",23752,413180,1623,58144,0,43,18,420,1,48,19,468,25394,34707,471835,0
"2021-01-18",27107,440287,2412,60556,1,44,34,454,7,55,41,509,29561,34167.43,501396,0
"2021-01-19",34296,474583,9626,70182,1,45,70,524,5,60,75,584,43998,35286,545394,0
"2021-01-20",34871,509454,9494,79676,1,46,59,583,4,64,63,647,44429,35751.43,589823,0
"2021-01-21",25593,535047,8092,87768,2,48,49,632,5,69,54,701,33741,34690.43,623564,0
"2021-01-22",24754,559801,4382,92150,1,49,32,664,7,76,39,740,29176,34142.71,652740,0
"2021-01-23",15744,575545,3223,95373,0,49,9,673,2,78,11,751,18978,32182.43,671718,0
"2021-01-24",7174,582719,3454,98827,0,49,19,692,1,79,20,771,10648,30075.86,682366,0
"2021-01-25",13412,596131,11820,110647,0,49,66,758,11,90,77,848,25309,29468.43,707675,0
"2021-01-26",16766,612897,10751,121398,0,49,68,826,2,92,70,918,27587,27124,735262,0
"2021-01-27",20836,633733,12355,133753,0,49,51,877,8,100,59,977,33250,25527,768512,0
"2021-01-28",30763,664496,12848,146601,0,49,80,957,16,116,96,1073,43707,26950.71,812219,0
"2021-01-29",31695,696191,11502,158103,0,49,78,1035,10,126,88,1161,43285,28966.29,855504,0
"2021-01-30",18709,714900,3742,161845,0,49,20,1055,2,128,22,1183,22473,29465.57,877977,0
"2021-01-31",13021,727921,2920,164765,1,50,28,1083,4,132,32,1215,15974,30226.43,893951,0
"2021-02-01",1180,729101,5367,170132,4,54,35,1118,5,137,40,1255,6591,27552.43,900542,0
"2021-02-02",2827,731928,9476,179608,2,56,46,1164,4,141,50,1305,12355,25376.43,912897,0
"2021-02-03",16350,748278,21243,200851,4,60,202,1366,19,160,221,1526,37818,26029,950715,0
"2021-02-04",27047,775325,19653,220504,3,63,197,1563,10,170,207,1733,46910,26486.57,997625,0
"2021-02-05",27601,802926,20031,240535,0,63,183,1746,15,185,198,1931,47830,27135.86,1045455,0
"2021-02-06",22990,825916,11249,251784,0,63,110,1856,11,196,121,2052,34360,28834,1079815,0
"2021-02-07",12043,837959,8282,260066,1,64,91,1947,13,209,104,2156,20430,29470.57,1100245,0
"2021-02-08",16969,854928,23510,283576,2,66,234,2181,33,242,267,2423,40748,34350.14,1140993,0
"2021-02-09",17193,872121,28108,311684,2,68,334,2515,42,284,376,2799,45679,39110.71,1186672,0
"2021-02-10",19590,891711,29280,340964,2,70,289,2804,51,335,340,3139,49212,40738.43,1235884,0
"2021-02-11",27846,919557,33472,374436,2,72,341,3145,57,392,398,3537,61718,42853.86,1297602,0
"2021-02-12",38394,957951,30796,405232,3,75,355,3500,38,430,393,3930,69586,45961.86,1367188,0
"2021-02-13",28009,985960,25308,430540,2,77,311,3811,50,480,361,4291,53680,48721.86,1420868,0
"2021-02-14",16282,1002242,23731,454271,0,77,259,4070,31,511,290,4581,40303,51560.86,1461171,0
"2021-02-15",12795,1015037,10528,464799,2,79,168,4238,24,535,192,4773,23517,49099.29,1484688,0
"2021-02-16",14240,1029277,26733,491532,0,79,320,4558,35,570,355,5128,41328,48477.71,1526016,0
"2021-02-17",16394,1045671,22192,513724,1,80,283,4841,37,607,320,5448,38907,47005.57,1564923,0
"2021-02-18",12152,1057823,24993,538717,21,101,285,5126,43,650,328,5776,37494,43545,1602417,0
"2021-02-19",13265,1071088,23933,562650,39,140,302,5428,44,694,346,6122,37583,38973.14,1640000,0
"2021-02-20",11352,1082440,26075,588725,6,146,325,5753,78,772,403,6525,37836,36709.71,1677836,0
"2021-02-21",6362,1088802,17420,606145,15,161,285,6038,42,814,327,6852,24124,34398.43,1701960,0
"2021-02-22",13043,1101845,11846,617991,2,163,125,6163,20,834,145,6997,25036,34615.43,1726996,0
"2021-02-23",25244,1127089,14148,632139,1,164,160,6323,35,869,195,7192,39588,34366.86,1766584,0
"2021-02-24",36364,1163453,20388,652527,0,164,224,6547,36,905,260,7452,57012,36953.29,1823596,0
"2021-02-25",54618,1218071,30387,682914,6,170,395,6942,65,970,460,7912,85471,43807.14,1909067,0
"2021-02-26",62873,1280944,31870,714784,5,175,409,7351,75,1045,484,8396,95232,52042.71,2004299,0
"2021-02-27",51295,1332239,22753,737537,47,222,332,7683,51,1096,383,8779,74478,57277.29,2078777,0
"2021-02-28",44596,1376835,13821,751358,7,229,204,7887,33,1129,237,9016,58661,62211.14,2137438,0
"2021-03-01",39320,1416155,12778,764136,10,239,165,8052,25,1154,190,9206,52298,66105.71,2189736,0
"2021-03-02",47083,1463238,12577,776713,7,246,158,8210,15,1169,173,9379,59840,68998.86,2249576,0
"2021-03-03",48607,1511845,16154,792867,17,263,147,8357,21,1190,168,9547,64946,70132.29,2314522,0
"2021-03-04",59817,1571662,22821,815688,1092,1355,271,8628,35,1225,306,9853,84036,69927.29,2398558,0
"2021-03-05",60990,1632652,24281,839969,3109,4464,328,8956,35,1260,363,10216,88743,69000.29,2487301,0
"2021-03-06",47180,1679832,18883,858852,5450,9914,238,9194,34,1294,272,10488,71785,68615.57,2559086,0
"2021-03-07",36045,1715877,14880,873732,6245,16159,227,9421,20,1314,247,10735,57417,68437.86,2616503,0
"2021-03-08",39626,1755503,14678,888410,8564,24723,313,9734,91,1405,404,11139,63272,70005.57,2679775,0
"2021-03-09",39109,1794612,12845,901255,7764,32487,179,9913,33,1438,212,11351,59930,70018.43,2739705,0
"2021-03-10",51832,1846444,15340,916595,5067,37554,228,10141,31,1469,259,11610,72498,71097.29,2812203,0
"2021-03-11",59992,1906436,21807,938402,4618,42172,251,10392,49,1518,300,11910,86717,71480.29,2898920,0
"2021-03-12",52206,1958642,30309,968711,4183,46355,371,10763,81,1599,452,12362,87150,71252.71,2986070,0
"2021-03-13",40653,1999295,26685,995396,5109,51464,324,11087,51,1650,375,12737,72822,71400.86,3058892,0
"2021-03-14",30717,2030012,15966,1011362,4527,55991,239,11326,28,1678,267,13004,51477,70552.29,3110369,0
"2021-03-15",33591,2063603,17251,1028613,4717,60708,234,11560,32,1710,266,13270,55825,69488.43,3166194,0
"2021-03-16",38679,2102282,20501,1049114,4925,65633,258,11818,35,1745,293,13563,64398,70126.71,3230592,0
"2021-03-17",42619,2144901,24791,1073905,4246,69879,338,12156,36,1781,374,13937,72030,70059.86,3302622,0
"2021-03-18",50455,2195356,26799,1100704,5238,75117,365,12521,61,1842,426,14363,82918,69517.14,3385540,0
"2021-03-19",47796,2243152,29953,1130657,5624,80741,391,12912,69,1911,460,14823,83833,69043.29,3469373,0
"2021-03-20",38713,2281865,25829,1156486,4687,85428,297,13209,62,1973,359,15182,69588,68581.29,3538961,0
"2021-03-21",29301,2311166,19358,1175844,770,86198,219,13428,42,2015,261,15443,49690,68326,3588651,0
"2021-03-22",33870,2345036,26733,1202577,4037,90235,260,13688,37,2052,297,15740,64937,69627.71,3653588,0
"2021-03-23",38437,2383473,32839,1235416,4219,94454,292,13980,55,2107,347,16087,75842,71262.57,3729430,0
"2021-03-24",41498,2424971,37596,1273012,4848,99302,328,14308,62,2169,390,16477,84332,73020,3813762,0
"2021-03-25",43416,2468387,50781,1323793,5055,104357,469,14777,86,2255,555,17032,99807,75432.71,3913569,0
"2021-03-26",38509,2506896,55504,1379297,4310,108667,524,15301,96,2351,620,17652,98943,77591.29,4012512,0
"2021-03-27",35739,2542635,45750,1425047,2939,111606,412,15713,82,2433,494,18146,84922,79781.86,4097434,0
"2021-03-28",26391,2569026,34454,1459501,1482,113088,329,16042,62,2495,391,18537,62718,81643,4160152,0
"2021-03-29",34820,2603846,38861,1498362,3247,116335,340,16382,111,2606,451,18988,77379,83420.43,4237531,0
"2021-03-30",40514,2644360,41917,1540279,3714,120049,335,16717,66,2672,401,19389,86546,84949.57,4324077,0
"2021-03-31",49398,2693758,44858,1585137,7442,127491,398,17115,85,2757,483,19872,102181,87499.43,4426258,0
"2021-04-01",50784,2744542,53944,1639081,11274,138765,500,17615,81,2838,581,20453,116583,89896,4542841,0
"2021-04-02",43762,2788304,53881,1692962,11971,150736,545,18160,69,2907,614,21067,110228,91508.14,4653069,0
"2021-04-03",39257,2827561,39209,1732171,9860,160596,337,18497,57,2964,394,21461,88720,92050.71,4741789,0
"2021-04-04",26561,2854122,24777,1756948,3902,164498,224,18721,49,3013,273,21734,55513,91021.43,4797302,0
"2021-04-05",41889,2896011,34483,1791431,11197,175695,372,19093,60,3073,432,22166,88001,92538.86,4885303,0
"2021-04-06",53269,2949280,35617,1827048,13220,188915,428,19521,71,3144,499,22665,102605,94833,4987908,0
"2021-04-07",55516,3004796,40691,1867739,14390,203305,394,19915,77,3221,471,23136,111068,96102.57,5098976,0
"2021-04-08",59270,3064066,46586,1914325,16340,219645,514,20429,77,3298,591,23727,122787,96988.86,5221763,0
"2021-04-09",56647,3120713,44962,1959287,17551,237196,511,20940,77,3375,588,24315,119748,98348.86,5341511,0
"2021-04-10",49350,3170063,35645,1994932,12728,249924,386,21326,60,3435,446,24761,98169,99698.71,5439680,0
"2021-04-11",38186,3208249,28820,2023752,7683,257607,291,21617,56,3491,347,25108,75036,102487.71,5514716,0
"2021-04-12",46641,3254890,31849,2055601,13497,271104,462,22079,64,3555,526,25634,92513,103132.29,5607229,0
"2021-04-13",52542,3307432,33798,2089399,368,271472,393,22472,59,3614,452,26086,87160,100925.86,5694389,0
"2021-04-14",50149,3357581,39960,2129359,20,271492,366,22838,67,3681,433,26519,90562,97996.43,5784951,0
"2021-04-15",52129,3409710,43677,2173036,16,271508,452,23290,103,3784,555,27074,96377,94223.57,5881328,0
"2021-04-16",51187,3460897,42216,2215252,32,271540,420,23710,65,3849,485,27559,93920,90533.86,5975248,0
"2021-04-17",43842,3504739,35690,2250942,3,271543,365,24075,83,3932,448,28007,79983,87935.86,6055231,0
"2021-04-18",28612,3533351,29371,2280313,7,271550,249,24324,61,3993,310,28317,58300,85545,6113531,0
"2021-04-19",37474,3570825,36448,2316761,22,271572,324,24648,61,4054,385,28702,74329,82947.29,6187860,0
"2021-04-20",40812,3611637,39623,2356384,19,271591,315,24963,75,4129,390,29092,80844,82045,6268704,0
"2021-04-21",38907,3650544,46010,2402394,16,271607,492,25455,95,4224,587,29679,85520,81324.71,6354224,0
"2021-04-22",38499,3689043,48962,2451356,9,271616,336,25791,73,4297,409,30088,87879,80110.71,6442103,0
"2021-04-23",39704,3728747,44383,2495739,4,271620,344,26135,69,4366,413,30501,84504,78765.57,6526607,0
"2021-04-24",31952,3760699,41603,2537342,44,271664,276,26411,59,4425,335,30836,73934,77901.43,6600541,0
"2021-04-25",18423,3779122,31231,2568573,86,271750,191,26602,54,4479,245,31081,49985,76713.57,6650526,0
"2021-04-26",26972,3806094,40739,2609312,1013,272763,281,26883,82,4561,363,31444,69087,75964.71,6719613,0
"2021-04-27",28573,3834667,47144,2656456,1697,274460,348,27231,92,4653,440,31884,77854,75537.57,6797467,0
"2021-04-28",27046,3861713,56836,2713292,2148,276608,426,27657,98,4751,524,32408,86554,75685.29,6884021,0
"2021-04-29",28612,3890325,57202,2770494,2148,278756,363,28020,98,4849,461,32869,88423,75763,6972444,0
"2021-04-30",30126,3920451,51987,2822481,2056,280812,280,28300,72,4921,352,33221,84521,75765.43,7056965,0
"2021-05-01",22481,3942932,44548,2867029,1177,281989,224,28524,63,4984,287,33508,68493,74988.14,7125458,0
"2021-05-02",11927,3954859,36653,2903682,1080,283069,138,28662,55,5039,193,33701,49853,74969.29,7175311,0
"2021-05-03",18031,3972890,53026,2956708,2383,285452,255,28917,88,5127,343,34044,73783,75640.14,7249094,0
"2021-05-04",22739,3995629,56646,3013354,2330,287782,266,29183,114,5241,380,34424,82095,76246,7331189,0
"2021-05-05",21479,4017108,48796,3062150,2313,290095,312,29495,98,5339,410,34834,72998,74309.43,7404187,0
"2021-05-06",20684,4037792,50179,3112329,2507,292602,270,29765,82,5421,352,35186,73722,72209.29,7477909,0
"2021-05-07",21258,4059050,52098,3164427,2813,295415,306,30071,70,5491,376,35562,76545,71069.86,7554454,0
"2021-05-08",16634,4075684,41868,3206295,1835,297250,228,30299,67,5558,295,35857,60632,69946.86,7615086,0
"2021-05-09",7977,4083661,29413,3235708,1260,298510,148,30447,56,5614,204,36061,38854,68375.57,7653940,0
"2021-05-10",14390,4098051,38538,3274246,2355,300865,233,30680,87,5701,320,36381,55603,65778.43,7709543,0
"2021-05-11",19916,4117967,43059,3317305,2514,303379,279,30959,83,5784,362,36743,65851,63457.86,7775394,0
"2021-05-12",17811,4135778,40536,3357841,3596,306975,228,31187,76,5860,304,37047,62247,61922,7837641,0
"2021-05-13",24974,4160752,40433,3398274,3230,310205,261,31448,74,5934,335,37382,68972,61243.43,7906613,0
"2021-05-14",27025,4187777,42916,3441190,3537,313742,280,31728,93,6027,373,37755,73851,60858.57,7980464,0
"2021-05-15",23651,4211428,34915,3476105,3366,317108,248,31976,74,6101,322,38077,62254,61090.29,8042718,0
"2021-05-16",15529,4226957,19443,3495548,2497,319605,125,32101,46,6147,171,38248,37640,60916.86,8080358,0
"2021-05-17",22676,4249633,29138,3524686,3257,322862,178,32279,67,6214,245,38493,55316,60875.86,8135674,0
"2021-05-18",24635,4274268,31909,3556595,3404,326266,237,32516,70,6284,307,38800,60255,60076.43,8195929,0
"2021-05-19",24195,4298463,29717,3586312,3040,329306,221,32737,46,6330,267,39067,57219,59358.14,8253148,0
"2021-05-20",24156,4322619,30084,3616396,3162,332468,272,33009,99,6429,371,39438,57773,57758.29,8310921,0
"2021-05-21",24686,4347305,32004,3648400,3060,335528,251,33260,60,6489,311,39749,60061,55788.29,8370982,0
"2021-05-22",20023,4367328,24358,3672758,2525,338053,162,33422,47,6536,209,39958,47115,53625.57,8418097,0
"2021-05-23",11236,4378564,13732,3686490,1411,339464,93,33515,32,6568,125,40083,26504,52034.71,8444601,0
"2021-05-24",18878,4397442,23156,3709646,2757,342221,213,33728,53,6621,266,40349,45057,50569.14,8489658,0
"2021-05-25",19433,4416875,23376,3733022,2601,344822,179,33907,70,6691,249,40598,45659,48484,8535317,0
"2021-05-26",18786,4435661,21086,3754108,2696,347518,199,34106,54,6745,253,40851,42821,46427.14,8578138,0
"2021-05-27",18472,4454133,21274,3775382,2529,350047,189,34295,63,6808,252,41103,42527,44249.14,8620665,0
"2021-05-28",17863,4471996,22888,3798270,2751,352798,186,34481,53,6861,239,41342,43741,41917.71,8664406,0
"2021-05-29",12710,4484706,17808,3816078,1755,354553,106,34587,39,6900,145,41487,32418,39818.14,8696824,0
"2021-05-30",7032,4491738,8949,3825027,1074,355627,47,34634,17,6917,64,41551,17119,38477.43,8713943,0
"2021-05-31",4743,4496481,6925,3831952,1012,356639,64,34698,16,6933,80,41631,12760,33863.57,8726703,0
"2021-06-01",16046,4512527,25196,3857148,2175,358814,151,34849,40,6973,191,41822,43608,33570.57,8770311,0
"2021-06-02",15352,4527879,20391,3877539,2094,360908,138,34987,46,7019,184,42006,38021,32884.86,8808332,0
"2021-06-03",15008,4542887,23819,3901358,2280,363188,128,35115,44,7063,172,42178,41279,32706.57,8849611,0
"2021-06-04",14730,4557617,25985,3927343,2492,365680,141,35256,39,7102,180,42358,43387,32656,8892998,0
"2021-06-05",10992,4568609,22084,3949427,1806,367486,113,35369,30,7132,143,42501,35025,33028.43,8928023,0
"2021-06-06",6444,4575053,14470,3963897,1222,368708,86,35455,13,7145,99,42600,22235,33759.29,8950258,0
"2021-06-07",11710,4586763,21788,3985685,2379,371087,138,35593,36,7181,174,42774,36051,37086.57,8986309,0
"2021-06-08",12643,4599406,24024,4009709,2072,373159,118,35711,44,7225,162,42936,38901,36414.14,9025210,0
"2021-06-09",11140,4610546,23026,4032735,2298,375457,133,35844,39,7264,172,43108,36636,36216.29,9061846,0
"2021-06-10",12070,4622616,22233,4054968,2462,377919,140,35984,56,7320,196,43304,36961,35599.43,9098807,0
"2021-06-11",12704,4635320,25122,4080090,2483,380402,152,36136,58,7378,210,43514,40519,35189.71,9139326,0
"2021-06-12",10167,4645487,19306,4099396,1888,382290,94,36230,39,7417,133,43647,31494,34685.29,9170820,0
"2021-06-13",4257,4649744,10936,4110332,1219,383509,42,36272,21,7438,63,43710,16475,33862.43,9187295,0
"2021-06-14",10207,4659951,19246,4129578,2042,385551,126,36398,51,7489,177,43887,31672,33236.86,9218967,0
"2021-06-15",11887,4671838,21010,4150588,1943,387494,131,36529,41,7530,172,44059,35012,32681.29,9253979,0
"2021-06-16",11590,4683428,19410,4169998,1956,389450,138,36667,66,7596,204,44263,33160,32184.71,9287139,0
"2021-06-17",11026,4694454,18763,4188761,1972,391422,121,36788,34,7630,155,44418,31916,31464,9319055,0
"2021-06-18",12167,4706621,18499,4207260,2116,393538,112,36900,35,7665,147,44565,32929,30379.71,9351984,0
"2021-06-19",8499,4715120,13519,4220779,1459,394997,81,36981,21,7686,102,44667,23579,29249,9375563,0
"2021-06-20",4335,4719455,7159,4227938,924,395921,36,37017,17,7703,53,44720,12471,28677,9388034,0
"2021-06-21",10162,4729617,10008,4237946,1806,397727,68,37085,28,7731,96,44816,22072,27305.57,9410106,0
"2021-06-22",9836,4739453,15641,4253587,1589,399316,104,37189,27,7758,131,44947,27197,26189.14,9437303,0
"2021-06-23",10314,4749767,15187,4268774,1860,401176,101,37290,29,7787,130,45077,27491,25379.29,9464794,0
"2021-06-24",9689,4759456,14695,4283469,1800,402976,119,37409,27,7814,146,45223,26330,24581.29,9491124,0
"2021-06-25",10589,4770045,14384,4297853,1722,404698,112,37521,37,7851,149,45372,26844,23712,9517968,0
"2021-06-26",7805,4777850,10465,4308318,1247,405945,74,37595,23,7874,97,45469,19614,23145.57,9537582,0
"2021-06-27",5001,4782851,6001,4314319,795,406740,33,37628,14,7888,47,45516,11844,23056,9549426,0
"2021-06-28",9031,4791882,10346,4324665,1524,408264,106,37734,26,7914,132,45648,21033,22907.57,9570459,0
"2021-06-29",9749,4801631,12316,4336981,1347,409611,123,37857,28,7942,151,45799,23563,22388.43,9594022,0
"2021-06-30",9431,4811062,10926,4347907,1481,411092,147,38004,16,7958,163,45962,22001,21604.14,9616023,0
"2021-07-01",9397,4820459,10928,4358835,1431,412523,126,38130,24,7982,150,46112,21906,20972.14,9637929,0
"2021-07-02",9694,4830153,11442,4370277,1541,414064,120,38250,23,8005,143,46255,22820,20397.29,9660749,0
"2021-07-03",7058,4837211,8423,4378700,1193,415257,75,38325,16,8021,91,46346,16765,19990.29,9677514,0
"2021-07-04",1288,4838499,1336,4380036,567,415824,8,38333,3,8024,11,46357,3202,18755.71,9680716,0
"2021-07-05",6495,4844994,7105,4387141,1208,417032,64,38397,20,8044,84,46441,14892,17878.43,9695608,0
"2021-07-06",9512,4854506,12852,4399993,1316,418348,115,38512,34,8078,149,46590,23829,17916.43,9719437,0
"2021-07-07",8672,4863178,11107,4411100,1419,419767,121,38633,18,8096,139,46729,21337,17821.57,9740774,0
"2021-07-08",8208,4871386,10191,4421291,1260,421027,107,38740,21,8117,128,46857,19787,17518.86,9760561,0
"2021-07-09",8377,4879763,10832,4432123,1279,422306,88,38828,17,8134,105,46962,20593,17200.71,9781154,0
"2021-07-10",7107,4886870,8629,4440752,1132,423438,62,38890,20,8154,82,47044,16950,17227.14,9798104,0
"2021-07-11",4105,4890975,4539,4445291,703,424141,34,38924,6,8160,40,47084,9387,18110.71,9807491,0
"2021-07-12",8455,4899430,9554,4454845,1250,425391,81,39005,20,8180,101,47185,19360,18749,9826851,0
"2021-07-13",9462,4908892,9390,4464235,951,426342,105,39110,33,8213,138,47323,19941,18193.57,9846792,0
"2021-07-14",9001,4917893,9533,4473768,1009,427351,102,39212,19,8232,121,47444,19664,17954.57,9866456,0
"2021-07-15",8791,4926684,9153,4482921,1051,428402,82,39294,17,8249,99,47543,19094,17855.57,9885550,0
"2021-07-16",9243,4935927,9760,4492681,978,429380,102,39396,31,8280,133,47676,20114,17787.14,9905664,0
"2021-07-17",6844,4942771,7386,4500067,802,430182,79,39475,19,8299,98,47774,15130,17527.14,9920794,0
"2021-07-18",4258,4947029,4283,4504350,569,430751,35,39510,14,8313,49,47823,9159,17494.57,9929953,0
"2021-07-19",9126,4956155,8466,4512816,999,431750,91,39601,20,8333,111,47934,18702,17400.57,9948655,0
"2021-07-20",10651,4966806,8758,4521574,991,432741,92,39693,24,8357,116,48050,20516,17482.71,9969171,0
"2021-07-21",10052,4976858,8763,4530337,903,433644,145,39838,30,8387,175,48225,19893,17515.43,9989064,0
"2021-07-22",10687,4987545,8584,4538921,1045,434689,142,39980,25,8412,167,48392,20483,17713.86,10009547,0
"2021-07-23",11254,4998799,8880,4547801,1114,435803,137,40117,22,8434,159,48551,21407,17898.57,10030954,0
"2021-07-24",7404,5006203,6735,4554536,670,436473,81,40198,22,8456,103,48654,14912,17867.43,10045866,0
"2021-07-25",5477,5011680,2126,4556662,509,436982,59,40257,4,8460,63,48717,8175,17726.86,10054041,0
"2021-07-26",10875,5022555,6999,4563661,859,437841,109,40366,16,8476,125,48842,18858,17749.14,10072899,0
"2021-07-27",12057,5034612,8566,4572227,857,438698,132,40498,34,8510,166,49008,21646,17910.57,10094545,0
"2021-07-28",11994,5046606,8048,4580275,950,439648,131,40629,24,8534,155,49163,21147,18089.71,10115692,0
"2021-07-29",10935,5057541,7428,4587703,984,440632,132,40761,39,8573,171,49334,19518,17951.86,10135210,0
"2021-07-30",14955,5072496,8008,4595711,1150,441782,181,40942,28,8601,209,49543,24322,18368.29,10159532,0
"2021-07-31",9731,5082227,6311,4602022,816,442598,119,41061,20,8621,139,49682,16997,18666.14,10176529,0
"2021-08-01",6503,5088730,3308,4605330,564,443162,81,41142,19,8640,100,49782,10475,18994.71,10187004,0
"2021-08-02",13451,5102181,7153,4612483,847,444009,144,41286,18,8658,162,49944,21613,19388.29,10208617,0
"2021-08-03",15415,5117596,8381,4620864,1109,445118,144,41430,32,8690,176,50120,25081,19879,10233698,0
"2021-08-04",17259,5134855,8125,4628989,1454,446572,180,41610,30,8720,210,50330,27048,20722,10260746,0
"2021-08-05",17865,5152720,7927,4636916,1366,447938,161,41771,17,8737,178,50508,27336,21838.86,10288082,0
"2021-08-06",18178,5170898,8412,4645328,1233,449171,163,41934,31,8768,194,50702,28017,22366.71,10316099,0
"2021-08-07",13388,5184286,6013,4651341,799,449970,101,42035,27,8795,128,50830,20328,22842.57,10336427,0
"2021-08-08",9309,5193595,3835,4655176,399,450369,82,42117,9,8804,91,50921,13634,23293.86,10350061,0
"2021-08-09",21341,5214936,8525,4663701,964,451333,168,42285,34,8838,202,51123,31032,24639.43,10381093,0
"2021-08-10",18921,5233857,9331,4673032,947,452280,174,42459,32,8870,206,51329,29405,25257.14,10410498,0
"2021-08-11",15649,5249506,8307,4681339,853,453133,129,42588,38,8908,167,51496,24976,24961.14,10435474,0
"2021-08-12",15046,5264552,8978,4690317,940,454073,169,42757,32,8940,201,51697,25165,24651,10460639,0
"2021-08-13",14926,5279478,9291,4699608,921,454994,238,42995,35,8975,273,51970,25411,24278.71,10486050,0
"2021-08-14",10409,5289887,6406,4706014,625,455619,529,43524,38,9013,567,52537,18007,23947.14,10504057,0
"2021-08-15",6696,5296583,4475,4710489,676,456295,567,44091,30,9043,597,53134,12444,23777.14,10516501,0
"2021-08-16",15723,5312306,9296,4719785,1149,457444,1318,45409,62,9105,1380,54514,27548,23279.43,10544049,0
"2021-08-17",17777,5330083,10436,4730221,1223,458667,1764,47173,76,9181,1840,56354,31276,23546.71,10575325,0
"2021-08-18",17509,5347592,10360,4740581,1261,459928,1985,49158,90,9271,2075,58429,31205,24436.57,10606530,0
"2021-08-19",16305,5363897,9517,4750098,1315,461243,1947,51105,63,9334,2010,60439,29147,25005.43,10635677,0
"2021-08-20",16286,5380183,11537,4761635,1254,462497,1851,52956,81,9415,1932,62371,31009,25805.14,10666686,0
"2021-08-21",11152,5391335,8041,4769676,878,463375,1053,54009,52,9467,1105,63476,21176,26257.86,10687862,0
"2021-08-22",4081,5395416,3901,4773577,262,463637,514,54523,31,9498,545,64021,8789,25735.71,10696651,0
"2021-08-23",15581,5410997,11790,4785367,1023,464660,1548,56071,72,9570,1620,65641,30014,26088,10726665,0
"2021-08-24",16917,5427914,12595,4797962,1006,465666,1771,57842,73,9643,1844,67485,32362,26243.14,10759027,0
"2021-08-25",14588,5442502,12440,4810402,1110,466776,1563,59405,75,9718,1638,69123,29776,26039,10788803,0
"2021-08-26",16170,5458672,14081,4824483,1072,467848,1766,61171,66,9784,1832,70955,33155,26611.57,10821958,0
"2021-08-27",14886,5473558,14819,4839302,971,468819,1665,62836,74,9858,1739,72694,32415,26812.43,10854373,0
"2021-08-28",10685,5484243,11522,4850824,836,469655,1008,63844,42,9900,1050,73744,24093,27229.14,10878466,0
"2021-08-29",7220,5491463,7495,4858319,541,470196,774,64618,55,9955,829,74573,16085,28271.43,10894551,0
"2021-08-30",15524,5506987,16925,4875244,1077,471273,1791,66409,81,10036,1872,76445,35398,29040.57,10929949,0
"2021-08-31",15521,5522508,15950,4891194,951,472224,1968,68377,85,10121,2053,78498,34475,29342.43,10964424,0
"2021-09-01",14833,5537341,14098,4905292,1020,473244,1805,70182,59,10180,1864,80362,31815,29633.71,10996239,0
"2021-09-02",14337,5551678,12518,4917810,896,474140,1698,71880,61,10241,1759,82121,29510,29113,11025749,0
"2021-09-03",15016,5566694,14300,4932110,974,475114,1892,73772,68,10309,1960,84081,32250,29089.43,11057999,0
"2021-09-04",9646,5576340,9407,4941517,688,475802,968,74740,34,10343,1002,85083,20743,28610.86,11078742,0
"2021-09-05",6802,5583142,5514,4947031,438,476240,707,75447,13,10356,720,85803,13474,28237.86,11092216,0
"2021-09-06",5196,5588338,4513,4951544,358,476598,270,75717,11,10367,281,86084,10348,24659.29,11102564,0
"2021-09-07",15572,5603910,17691,4969235,912,477510,1546,77263,85,10452,1631,87715,35806,24849.43,11138370,0
"2021-09-08",16164,5620074,14823,4984058,1072,478582,1764,79027,76,10528,1840,89555,33899,25147.14,11172269,0
"2021-09-09",16118,5636192,14746,4998804,1047,479629,1907,80934,69,10597,1976,91531,33887,25772.43,11206156,0
"2021-09-10",18369,5654561,15394,5014198,1208,480837,1966,82900,79,10676,2045,93576,37016,26453.29,11243172,0
"2021-09-11",12632,5667193,10346,5024544,958,481795,1024,83924,46,10722,1070,94646,25006,27062.29,11268178,0
"2021-09-12",8533,5675726,5051,5029595,766,482561,688,84612,28,10750,716,95362,15066,27289.71,11283244,0
"2021-09-13",16935,5692661,12945,5042540,976,483537,1647,86259,54,10804,1701,97063,32557,30462.43,11315801,0
"2021-09-14",16272,5708933,13676,5056216,886,484423,1592,87851,49,10853,1641,98704,32475,29986.57,11348276,0
"2021-09-15",15545,5724478,12875,5069091,727,485150,1565,89416,79,10932,1644,100348,30791,29542.57,11379067,0
"2021-09-16",15343,5739821,13905,5082996,1210,486360,1453,90869,63,10995,1516,101864,31974,29269.29,11411041,0
"2021-09-17",14435,5754256,13962,5096958,922,487282,1825,92694,54,11049,1879,103743,31198,28438.14,11442239,0
"2021-09-18",10004,5764260,10174,5107132,913,488195,1046,93740,38,11087,1084,104827,22175,28033.71,11464414,0
"2021-09-19",6178,5770438,6071,5113203,558,488753,744,94484,28,11115,772,105599,13579,27821.29,11477993,0
"2021-09-20",12679,5783117,12628,5125831,1068,489821,1919,96403,55,11170,1974,107573,28349,27220.14,11506342,0
"2021-09-21",12238,5795355,12767,5138598,1110,490931,2019,98422,74,11244,2093,109666,28208,26610.57,11534550,0
"2021-09-22",12824,5808179,11999,5150597,1089,492020,1683,100105,66,11310,1749,111415,27661,26163.43,11562211,0
"2021-09-23",14944,5823123,12756,5163353,1639,493659,2261,102366,73,11383,2334,113749,31673,26120.43,11593884,0
"2021-09-24",16450,5839573,13367,5176720,1633,495292,4622,106988,109,11492,4731,118480,36181,26832.29,11630065,0
"2021-09-25",10546,5850119,9023,5185743,1018,496310,3451,110439,76,11568,3527,122007,24114,27109.29,11654179,0
"2021-09-26",6304,5856423,5764,5191507,774,497084,2420,112859,54,11622,2474,124481,15316,27357.43,11669495,0
"2021-09-27",14163,5870586,8053,5199560,1155,498239,9045,121904,157,11779,9202,133683,32573,27960.86,11702068,0
"2021-09-28",11154,5881740,11774,5211334,901,499140,9895,131799,170,11949,10065,143748,33894,28773.14,11735962,0
"2021-09-29",11607,5893347,12193,5223527,1206,500346,9442,141241,155,12104,9597,153345,34603,29764.86,11770565,0
"2021-09-30",12246,5905593,12602,5236129,1339,501685,9723,150964,167,12271,9890,163235,36077,30394,11806642,0
"2021-10-01",12649,5918242,13428,5249557,1284,502969,10254,161218,144,12415,10398,173633,37759,30619.43,11844401,0
"2021-10-02",7738,5925980,9970,5259527,865,503834,4232,165450,77,12492,4309,177942,22882,30443.43,11867283,0
"2021-10-03",5081,5931061,6155,5265682,593,504427,2609,168059,52,12544,2661,180603,14490,30325.43,11881773,0
"2021-10-04",9916,5940977,11021,5276703,913,505340,9508,177567,139,12683,9647,190250,31497,30171.71,11913270,0
"2021-10-05",10172,5951149,11731,5288434,972,506312,9927,187494,168,12851,10095,200345,32970,30039.71,11946240,0
"2021-10-06",9925,5961074,11055,5299489,937,507249,9917,197411,149,13000,10066,210411,31983,29665.43,11978223,0
"2021-10-07",9669,5970743,12191,5311680,852,508101,10184,207595,165,13165,10349,220760,33061,29234.57,12011284,0
"2021-10-08",9468,5980211,12172,5323852,942,509043,10896,218491,155,13320,11051,231811,33633,28645.14,12044917,0
"2021-10-09",6265,5986476,8276,5332128,649,509692,4111,222602,88,13408,4199,236010,19389,28146.14,12064306,0
"2021-10-10",3545,5990021,5023,5337151,458,510150,2433,225035,40,13448,2473,238483,11499,27718.86,12075805,0
"2021-10-11",7628,5997649,9330,5346481,728,510878,8880,233915,151,13599,9031,247514,26717,27036,12102522,0
"2021-10-12",8080,6005729,11000,5357481,891,511769,10499,244414,178,13777,10677,258191,30648,26704.29,12133170,0
"2021-10-13",7164,6012893,10143,5367624,869,512638,8786,253200,172,13949,8958,267149,27134,26011.57,12160304,0
"2021-10-14",7452,6020345,11111,5378735,836,513474,10101,263301,156,14105,10257,277406,29656,25525.14,12189960,0
"2021-10-15",7734,6028079,11863,5390598,823,514297,10796,274097,160,14265,10956,288362,31376,25202.71,12221336,0
"2021-10-16",4869,6032948,7465,5398063,666,514963,3834,277931,65,14330,3899,292261,16899,24847,12238235,0
"2021-10-17",3061,6036009,4474,5402537,411,515374,2448,280379,40,14370,2488,294749,10434,24694.86,12248669,0
"2021-10-18",7059,6043068,10663,5413200,796,516170,9461,289840,161,14531,9622,304371,28140,24898.14,12276809,0
"2021-10-19",6581,6049649,8943,5422143,804,516974,9070,298910,160,14691,9230,313601,25558,24171,12302367,0
"2021-10-20",6544,6056193,9375,5431518,975,517949,9970,308880,165,14856,10135,323736,27029,24156,12329396,0
"2021-10-21",7035,6063228,9378,5440896,858,518807,10831,319711,145,15001,10976,334712,28247,23954.71,12357643,0
"2021-10-22",8138,6071366,10343,5451239,1027,519834,16330,336041,206,15207,16536,351248,36044,24621.57,12393687,0
"2021-10-23",5176,6076542,6457,5457696,690,520524,9116,345157,109,15316,9225,360473,21548,25285.71,12415235,0
"2021-10-24",3276,6079818,3972,5461668,770,521294,6147,351304,74,15390,6221,366694,14239,25829.29,12429474,0
"2021-10-25",8785,6088603,8742,5470410,1149,522443,19239,370543,278,15668,19517,386211,38193,27265.43,12467667,0
"2021-10-26",8211,6096814,7722,5478132,1258,523701,17277,387820,254,15922,17531,403742,34722,28574.57,12502389,0
"2021-10-27",10576,6107390,8393,5486525,1604,525305,20837,408657,300,16222,21137,424879,41710,30671.86,12544099,0
"2021-10-28",11341,6118731,8041,5494566,1793,527098,20823,429480,307,16529,21130,446009,42305,32680.14,12586404,0
"2021-10-29",11847,6130578,8241,5502807,1963,529061,22518,451998,310,16839,22828,468837,44879,33942.29,12631283,0
"2021-10-30",4634,6135212,5058,5507865,932,529993,11157,463155,158,16997,11315,480152,21939,33998.14,12653222,0
"2021-10-31",2666,6137878,2702,5510567,544,530537,6634,469789,93,17090,6727,486879,12639,33769.57,12665861,0
"2021-11-01",7151,6145029,6959,5517526,1089,531626,20364,490153,308,17398,20672,507551,35871,33437.86,12701732,0
"2021-11-02",6594,6151623,6589,5524115,1055,532681,20757,510910,260,17658,21017,528568,35255,33514,12736987,0
"2021-11-03",6860,6158483,6681,5530796,1026,533707,20615,531525,286,17944,20901,549469,35468,32622.29,12772455,0
"2021-11-04",9318,6167801,6280,5537076,995,534702,22339,553864,336,18280,22675,572144,39268,32188.43,12811723,0
"2021-11-05",11071,6178872,6724,5543800,1051,535753,23750,577614,331,18611,24081,596225,42927,31909.57,12854650,0
"2021-11-06",11136,6190008,4051,5547851,594,536347,12584,590198,159,18770,12743,608968,28524,32850.29,12883174,0
"2021-11-07",7261,6197269,2286,5550137,577,536924,7100,597298,88,18858,7188,616156,17312,33517.86,12900486,0
"2021-11-08",15062,6212331,5680,5555817,866,537790,19498,616796,265,19123,19763,635919,41371,34303.57,12941857,0
"2021-11-09",16161,6228492,5388,5561205,661,538451,20503,637299,257,19380,20760,656679,42970,35405.71,12984827,0
"2021-11-10",16947,6245439,5324,5566529,683,539134,22623,659922,277,19657,22900,679579,45854,36889.43,13030681,0
"2021-11-11",12589,6258028,5190,5571719,760,539894,22066,681988,277,19934,22343,701922,40882,37120,13071563,0
"2021-11-12",16908,6274936,5687,5577406,707,540601,23373,705361,349,20283,23722,725644,47024,37705.29,13118587,0
"2021-11-13",9951,6284887,3662,5581068,465,541066,13313,718674,172,20455,13485,739129,27563,37568,13146150,0
"2021-11-14",6024,6290911,2293,5583361,325,541391,7922,726596,72,20527,7994,747123,16636,37471.43,13162786,0
"2021-11-15",13245,6304156,5971,5589332,690,542081,25089,751685,334,20861,25423,772546,45329,38036.86,13208115,0
"2021-11-16",9991,6314147,5785,5595117,656,542737,30643,782328,401,21262,31044,803590,47476,38680.57,13255591,0
"2021-11-17",10325,6324472,6679,5601796,681,543418,31388,813716,392,21654,31780,835370,49465,39196.43,13305056,0
"2021-11-18",10746,6335218,6547,5608343,860,544278,32980,846696,424,22078,33404,868774,51557,40721.43,13356613,0
"2021-11-19",12040,6347258,6557,5614900,715,544993,36228,882924,431,22509,36659,905433,55971,41999.57,13412584,0
"2021-11-20",9344,6356602,3419,5618319,513,545506,22500,905424,243,22752,22743,928176,36019,43207.57,13448603,0
"2021-11-21",4969,6361571,1887,5620206,288,545794,13188,918612,143,22895,13331,941507,20475,43756,13469078,0
"2021-11-22",10464,6372035,5794,5626000,752,546546,35894,954506,415,23310,36309,977816,53319,44897.43,13522397,0
"2021-11-23",9825,6381860,4780,5630780,636,547182,33494,988000,354,23664,33848,1011664,49089,45127.86,13571486,0
"2021-11-24",8726,6390586,4753,5635533,651,547833,25898,1013898,262,23926,26160,1037824,40290,43817.14,13611776,0
"2021-11-25",449,6391035,325,5635858,80,547913,1003,1014901,8,23934,1011,1038835,1865,36718.29,13613641,0
"2021-11-26",8075,6399110,6989,5642847,531,548444,26570,1041471,277,24211,26847,1065682,42442,34785.57,13656083,0
"2021-11-27",6695,6405805,6835,5649682,371,548815,18830,1060301,207,24418,19037,1084719,32938,34345.43,13689021,0
"2021-11-28",4087,6409892,5781,5655463,281,549096,11870,1072171,113,24531,11983,1096702,22132,34582.14,13711153,0
"2021-11-29",9116,6419008,10983,5666446,687,549783,35004,1107175,406,24937,35410,1132112,56196,34993.14,13767349,0
"2021-11-30",10536,6429544,11433,5677879,513,550296,37766,1144941,463,25400,38229,1170341,60711,36653.43,13828060,0
"2021-12-01",11207,6440751,10984,5688863,723,551019,40315,1185256,415,25815,40730,1211071,63644,39989.71,13891704,0
"2021-12-02",11686,6452437,11027,5699890,626,551645,42124,1227380,438,26253,42562,1253633,65901,49137.71,13957605,0
"2021-12-03",13526,6465963,12888,5712778,677,552322,47889,1275269,492,26745,48381,1302014,75472,53856.29,14033077,0
"2021-12-04",9868,6475831,11289,5724067,567,552889,30659,1305928,287,27032,30946,1332960,52670,56675.14,14085747,0
"2021-12-05",5766,6481597,5706,5729773,270,553159,16647,1322575,120,27152,16767,1349727,28509,57586.14,14114256,0
"2021-12-06",12371,6493968,9956,5739729,601,553760,43209,1365784,418,27570,43627,1393354,66555,59066,14180811,0
"2021-12-07",12629,6506597,9258,5748987,624,554384,43010,1408794,475,28045,43485,1436839,65996,59821,14246807,0
"2021-12-08",13566,6520163,8764,5757751,554,554938,40763,1449557,449,28494,41212,1478051,64096,59885.57,14310903,0
"2021-12-09",13539,6533702,8759,5766510,555,555493,40786,1490343,462,28956,41248,1519299,64101,59628.43,14375004,0
"2021-12-10",14067,6547769,10138,5776648,670,556163,43630,1533973,472,29428,44102,1563401,68977,58700.57,14443981,0
"2021-12-11",10286,6558055,8115,5784763,405,556568,26687,1560660,260,29688,26947,1590348,45753,57712.43,14489734,0
"2021-12-12",6032,6564087,3853,5788616,288,556856,15155,1575815,128,29816,15283,1605631,25456,57276.29,14515190,0
"2021-12-13",12260,6576347,7428,5796044,657,557513,37851,1613666,373,30189,38224,1643855,58569,56135.43,14573759,0
"2021-12-14",12270,6588617,6953,5802997,731,558244,38114,1651780,412,30601,38526,1682381,58480,55061.71,14632239,0
"2021-12-15",12136,6600753,6240,5809237,756,559000,38088,1689868,465,31066,38553,1720934,57685,54145.86,14689924,0
"2021-12-16",13151,6613904,4274,5813511,742,559742,41022,1730890,421,31487,41443,1762377,59610,53504.29,14749534,0
"2021-12-17",15976,6629880,6934,5820445,621,560363,46725,1777615,446,31933,47171,1809548,70702,53750.71,14820236,0
"2021-12-18",13043,6642923,5721,5826166,432,560795,30588,1808203,252,32185,30840,1840388,50036,54362.57,14870272,0
"2021-12-19",7031,6649954,2997,5829163,326,561121,17989,1826192,160,32345,18149,1858537,28503,54797.86,14898775,0
"2021-12-20",16891,6666845,5863,5835026,747,561868,47403,1873595,529,32874,47932,1906469,71433,56635.57,14970208,0
"2021-12-21",17989,6684834,6572,5841598,806,562674,48858,1922453,553,33427,49411,1955880,74778,58963.86,15044986,0
"2021-12-22",18560,6703394,6560,5848158,938,563612,49624,1972077,502,33929,50126,2006006,76184,61606.57,15121170,0
"2021-12-23",19068,6722462,6481,5854639,929,564541,45789,2017866,494,34423,46283,2052289,72761,63485.29,15193931,0
"2021-12-24",9243,6731705,2952,5857591,598,565139,20588,2038454,198,34621,20786,2073075,33579,58182,15227510,0
"2021-12-25",343,6732048,64,5857655,31,565170,426,2038880,8,34629,434,2073509,872,51158.57,15228382,0
"2021-12-26",7977,6740025,3927,5861582,341,565511,17268,2056148,164,34793,17432,2090941,29677,51326.29,15258059,0
"2021-12-27",21803,6761828,9206,5870788,932,566443,43407,2099555,523,35316,43930,2134871,75871,51960.29,15333930,0
"2021-12-28",20174,6782002,8326,5879114,698,567141,47552,2147107,580,35896,48132,2183003,77330,52324.86,15411260,0
"2021-12-29",18515,6800517,7667,5886781,607,567748,45508,2192615,459,36355,45967,2228970,72756,51835.14,15484016,0
"2021-12-30",16892,6817409,7416,5894197,584,568332,44794,2237409,557,36912,45351,2274321,70243,51475.43,15554259,0
"2021-12-31",5362,6822771,2809,5897006,193,568525,14754,2252163,168,37080,14922,2289243,23286,50005,15577545,0
"2022-01-01",242,6823013,146,5897152,11,568536,498,2252661,13,37093,511,2289754,910,50010.43,15578455,0
"2022-01-02",6437,6829450,5019,5902171,153,568689,10974,2263635,100,37193,11074,2300828,22683,49011.29,15601138,0
"2022-01-03",14174,6843624,8473,5910644,515,569204,26865,2290500,283,37476,27148,2327976,50310,45359.71,15651448,0
"2022-01-04",13078,6856702,8080,5918724,412,569616,27012,2317512,337,37813,27349,2355325,48919,41301,15700367,0
"2022-01-05",11590,6868292,6982,5925706,384,570000,25758,2343270,286,38099,26044,2381369,45000,37335.86,15745367,0
"2022-01-06",11524,6879816,7380,5933086,485,570485,27447,2370717,314,38413,27761,2409130,47150,34036.86,15792517,0
"2022-01-07",10450,6890266,8418,5941504,337,570822,24970,2395687,297,38710,25267,2434397,44472,37063.43,15836989,0
"2022-01-08",7916,6898182,8557,5950061,310,571132,19413,2415100,167,38877,19580,2453977,36363,42128.14,15873352,0
"2022-01-09",4137,6902319,3845,5953906,214,571346,10054,2425154,88,38965,10142,2464119,18338,41507.43,15891690,0
"2022-01-10",10179,6912498,8190,5962096,490,571836,24592,2449746,280,39245,24872,2488991,43731,40567.57,15935421,0
"2022-01-11",8902,6921400,7993,5970089,520,572356,20985,2470731,270,39515,21255,2510246,38670,39103.43,15974091,0
"2022-01-12",8948,6930348,8315,5978404,428,572784,22310,2493041,278,39793,22588,2532834,40279,38429,16014370,0
"2022-01-13",9058,6939406,8860,5987264,449,573233,22854,2515895,296,40089,23150,2555984,41517,37624.29,16055887,0
"2022-01-14",10124,6949530,8119,5995383,476,573709,26411,2542306,304,40393,26715,2582699,45434,37761.71,16101321,0
"2022-01-15",6209,6955739,4306,5999689,178,573887,15148,2557454,165,40558,15313,2598012,26006,36282.14,16127327,0
"2022-01-16",2923,6958662,3249,6002938,95,573982,7813,2565267,78,40636,7891,2605903,14158,35685,16141485,0
"2022-01-17",6085,6964747,6762,6009700,363,574345,14653,2579920,206,40842,14859,2620762,28069,33447.57,16169554,0
"2022-01-18",8176,6972923,10309,6020009,397,574742,19647,2599567,311,41153,19958,2640720,38840,33471.86,16208394,0
"2022-01-19",7485,6980408,9244,6029253,305,575047,17688,2617255,259,41412,17947,2658667,34981,32715,16243375,0
"2022-01-20",6291,6986699,8561,6037814,305,575352,15235,2632490,226,41638,15461,2674128,30618,31158,16273993,0
"2022-01-21",7578,6994277,7493,6045307,276,575628,18480,2650970,269,41907,18749,2692877,34096,29538.29,16308089,0
"2022-01-22",5196,6999473,4932,6050239,131,575759,11297,2662267,119,42026,11416,2704293,21675,28919.57,16329764,0
"2022-01-23",2815,7002288,3328,6053567,97,575856,6224,2668491,75,42101,6299,2710592,12539,28688.29,16342303,0
"2022-01-24",6378,7008666,8191,6061758,262,576118,15063,2683554,229,42330,15292,2725884,30123,28981.71,16372426,0
"2022-01-25",6200,7014866,7927,6069685,232,576350,14673,2698227,252,42582,14925,2740809,29284,27616.57,16401710,0
"2022-01-26",5757,7020623,7164,6076849,289,576639,14006,2712233,201,42783,14207,2755016,27417,26536,16429127,0
"2022-01-27",5269,7025892,7084,6083933,321,576960,14063,2726296,223,43006,14286,2769302,26960,26013.43,16456087,0
"2022-01-28",6268,7032160,7858,6091791,203,577163,16107,2742403,227,43233,16334,2785636,30663,25523,16486750,0
"2022-01-29",842,7033002,727,6092518,28,577191,2535,2744938,38,43271,2573,2788209,4170,23022.29,16490920,0
"2022-01-30",2099,7035101,3022,6095540,103,577294,4532,2749470,61,43332,4593,2792802,9817,22633.43,16500737,0
"2022-01-31",5005,7040106,6591,6102131,220,577514,11360,2760830,192,43524,11552,2804354,23368,21668.43,16524105,0
"2022-02-01",4845,7044951,6435,6108566,219,577733,10690,2771520,204,43728,10894,2815248,22393,20684,16546498,0
"2022-02-02",4251,7049202,5916,6114482,214,577947,11213,2782733,232,43960,11445,2826693,21826,19885.29,16568324,0
"2022-02-03",4238,7053440,5799,6120281,216,578163,11207,2793940,192,44152,11399,2838092,21652,19127,16589976,0
"2022-02-04",4786,7058226,7103,6127384,214,578377,13199,2807139,232,44384,13431,2851523,25534,18394.29,16615510,0
"2022-02-05",3588,7061814,6044,6133428,110,578487,8560,2815699,144,44528,8704,2860227,18446,20433.71,16633956,0
"2022-02-06",2064,7063878,2135,6135563,121,578608,4630,2820329,102,44630,4732,2864959,9052,20324.43,16643008,0
"2022-02-07",4156,7068034,4723,6140286,205,578813,10125,2830454,226,44856,10351,2875310,19435,19762.57,16662443,0
"2022-02-08",4229,7072263,5608,6145894,214,579027,11314,2841768,299,45155,11613,2886923,21664,19658.43,16684107,0
"2022-02-09",4144,7076407,5396,6151290,222,579249,11650,2853418,241,45396,11891,2898814,21653,19633.71,16705760,0
"2022-02-10",3999,7080406,5117,6156407,245,579494,12188,2865606,273,45669,12461,2911275,21822,19658,16727582,0
"2022-02-11",4521,7084927,5803,6162210,195,579689,13720,2879326,308,45977,14028,2925303,24547,19517,16752129,0
"2022-02-12",3253,7088180,4341,6166551,97,579786,8796,2888122,210,46187,9006,2934309,16697,19267.14,16768826,0
"2022-02-13",1519,7089699,1542,6168093,41,579827,4880,2893002,102,46289,4982,2939291,8084,19128.86,16776910,0
"2022-02-14",2989,7092688,3618,6171711,166,579993,10556,2903558,317,46606,10873,2950164,17646,18873.29,16794556,0
"2022-02-15",3567,7096255,4068,6175779,176,580169,12758,2916316,274,46880,13032,2963196,20843,18756,16815399,0
"2022-02-16",3673,7099928,3898,6179677,200,580369,15687,2932003,284,47164,15971,2979167,23742,19054.43,16839141,0
"2022-02-17",4053,7103981,4081,6183758,162,580531,18252,2950255,348,47512,18600,2997767,26896,19779.29,16866037,0
"2022-02-18",4480,7108461,4776,6188534,190,580721,21524,2971779,443,47955,21967,3019734,31413,20760.14,16897450,0
"2022-02-19",3257,7111718,2178,6190712,65,580786,11166,2982945,210,48165,11376,3031110,16876,20785.71,16914326,0
"2022-02-20",1863,7113581,1444,6192156,59,580845,6575,2989520,110,48275,6685,3037795,10051,21066.71,16924377,0
"2022-02-21",3092,7116673,2687,6194843,95,580940,8348,2997868,219,48494,8567,3046362,14441,20608.86,16938818,0
"2022-02-22",4389,7121062,4245,6199088,175,581115,10818,3008686,244,48738,11062,3057424,19871,20470,16958689,0
"2022-02-23",4276,7125338,3786,6202874,145,581260,10649,3019335,232,48970,10881,3068305,19088,19805.14,16977777,0
"2022-02-24",3789,7129127,3651,6206525,108,581368,10173,3029508,226,49196,10399,3078704,17947,18526.71,16995724,0
"2022-02-25",3622,7132749,3620,6210145,134,581502,9972,3039480,225,49421,10197,3088901,17573,16549.57,17013297,0
"2022-02-26",2845,7135594,2578,6212723,74,581576,9503,3048983,149,49570,9652,3098553,15149,16302.86,17028446,0
"2022-02-27",1776,7137370,1372,6214095,52,581628,6263,3055246,97,49667,6360,3104913,9560,16232.71,17038006,0
"2022-02-28",3811,7141181,3129,6217224,140,581768,13113,3068359,244,49911,13357,3118270,20437,17089.29,17058443,0
"2022-03-01",2135,7143316,2613,6219837,103,581871,5159,3073518,181,50092,5340,3123610,10191,15706.43,17068634,0
"2022-03-02",1835,7145151,2434,6222271,106,581977,4116,3077634,204,50296,4320,3127930,8695,14221.71,17077329,0
"2022-03-03",1937,7147088,2557,6224828,106,582083,3792,3081426,167,50463,3959,3131889,8559,12880.57,17085888,0
"2022-03-04",2120,7149208,2870,6227698,66,582149,4322,3085748,205,50668,4527,3136416,9583,11739.14,17095471,0
"2022-03-05",1611,7150819,2124,6229822,43,582192,3310,3089058,109,50777,3419,3139835,7197,10603.14,17102668,0
"2022-03-06",801,7151620,878,6230700,30,582222,1621,3090679,54,50831,1675,3141510,3384,9720.86,17106052,0
"2022-03-07",1665,7153285,1784,6232484,86,582308,3491,3094170,159,50990,3650,3145160,7185,7827.71,17113237,0
"2022-03-08",1549,7154834,1892,6234376,80,582388,3121,3097291,145,51135,3266,3148426,6787,7341.43,17120024,0
"2022-03-09",1268,7156102,1665,6236041,79,582467,2575,3099866,129,51264,2704,3151130,5716,6915.86,17125740,0
"2022-03-10",1422,7157524,2097,6238138,85,582552,2948,3102814,157,51421,3105,3154235,6709,6651.57,17132449,0
"2022-03-11",1607,7159131,2267,6240405,81,582633,3207,3106021,184,51605,3391,3157626,7346,6332,17139795,0
"2022-03-12",878,7160009,1411,6241816,40,582673,1999,3108020,70,51675,2069,3159695,4398,5932.14,17144193,0
"2022-03-13",626,7160635,757,6242573,27,582700,1291,3109311,47,51722,1338,3161033,2748,5841.29,17146941,0
"2022-03-14",1376,7162011,1600,6244173,83,582783,2985,3112296,205,51927,3190,3164223,6249,5707.57,17153190,0
"2022-03-15",1361,7163372,1922,6246095,63,582846,3069,3115365,225,52152,3294,3167517,6640,5686.57,17159830,0
"2022-03-16",1398,7164770,2064,6248159,94,582940,3127,3118492,292,52444,3419,3170936,6975,5866.43,17166805,0
"2022-03-17",1183,7165953,1808,6249967,70,583010,2753,3121245,262,52706,3015,3173951,6076,5776,17172881,0
"2022-03-18",1586,7167539,2192,6252159,80,583090,3764,3125009,413,53119,4177,3178128,8035,5874.43,17180916,0
"2022-03-19",1113,7168652,1731,6253890,54,583144,2591,3127600,223,53342,2814,3180942,5712,6062.14,17186628,0
"2022-03-20",613,7169265,627,6254517,33,583177,1460,3129060,183,53525,1643,3182585,2916,6086.14,17189544,0
"2022-03-21",1421,7170686,1552,6256069,73,583250,3048,3132108,349,53874,3397,3185982,6443,6113.86,17195987,0
"2022-03-22",1345,7172031,1548,6257617,101,583351,2896,3135004,337,54211,3233,3189215,6227,6054.86,17202214,0
"2022-03-23",1263,7173294,1353,6258970,66,583417,2911,3137915,370,54581,3281,3192496,5963,5910.29,17208177,0
"2022-03-24",1210,7174504,1298,6260268,89,583506,2513,3140428,263,54844,2776,3195272,5373,5809.86,17213550,0
"2022-03-25",1389,7175893,1626,6261894,62,583568,3258,3143686,372,55216,3630,3198902,6707,5620.14,17220257,0
"2022-03-26",930,7176823,1162,6263056,36,583604,2295,3145981,249,55465,2544,3201446,4672,5471.57,17224929,0
"2022-03-27",573,7177396,527,6263583,29,583633,1312,3147293,201,55666,1513,3202959,2642,5432.43,17227571,0
"2022-03-28",1086,7178482,1159,6264742,68,583701,2439,3149732,354,56020,2793,3205752,5106,5241.43,17232677,0
"2022-03-29",1052,7179534,1105,6265847,85,583786,2510,3152242,870,56890,3380,3209132,5622,5155,17238299,0
"2022-03-30",1247,7180781,1141,6266988,98,583884,3056,3155298,3364,60254,6420,3215552,8906,5575.43,17247205,0
"2022-03-31",1289,7182070,1256,6268244,57,583941,3156,3158454,5439,65693,8595,3224147,11197,6407.43,17258402,0
"2022-04-01",1439,7183509,1494,6269738,76,584017,3244,3161698,6830,72523,10074,3234221,13083,7318.29,17271485,0
"2022-04-02",915,7184424,912,6270650,33,584050,2092,3163790,4471,76994,6563,3240784,8423,7854.14,17279908,0
"2022-04-03",559,7184983,500,6271150,28,584078,1224,3165014,3032,80026,4256,3245040,5343,8240,17285251,0
"2022-04-04",1355,7186338,1309,6272459,60,584138,2729,3167743,7619,87645,10348,3255388,13072,9378,17298323,0
"2022-04-05",1303,7187641,1161,6273620,66,584204,2854,3170597,7402,95047,10256,3265644,12786,10401.43,17311109,0
"2022-04-06",1321,7188962,1183,6274803,58,584262,2616,3173213,6875,101922,9491,3275135,12053,10851,17323162,0
"2022-04-07",1213,7190175,1061,6275864,54,584316,2372,3175585,6546,108468,8918,3284053,11246,10858,17334408,0
"2022-04-08",1502,7191677,1403,6277267,62,584378,3157,3178742,8665,117133,11822,3295875,14789,11101.71,17349197,0
"2022-04-09",937,7192614,917,6278184,28,584406,2057,3180799,4878,122011,6935,3302810,8817,11158,17358014,0
"2022-04-10",591,7193205,461,6278645,25,584431,1168,3181967,2861,124872,4029,3306839,5106,11124.14,17363120,0
"2022-04-11",1339,7194544,1228,6279873,59,584490,2651,3184618,7694,132566,10345,3317184,12971,11109.71,17376091,0
"2022-04-12",1215,7195759,1054,6280927,73,584563,2524,3187142,7328,139894,9852,3327036,12194,11025.14,17388285,0
"2022-04-13",1265,7197024,1065,6281992,59,584622,2496,3189638,7449,147343,9945,3336981,12334,11065.29,17400619,0
"2022-04-14",1280,7198304,1095,6283087,59,584681,2425,3192063,6506,153849,8931,3345912,11365,11082.29,17411984,0
"2022-04-15",1349,7199653,1092,6284179,53,584734,2555,3194618,6536,160385,9091,3355003,11585,10624.57,17423569,0
"2022-04-16",873,7200526,652,6284831,33,584767,1636,3196254,3620,164005,5256,3360259,6814,10338.43,17430383,0
"2022-04-17",348,7200874,203,6285034,27,584794,638,3196892,1139,165144,1777,3362036,2355,9945.43,17432738,0
"2022-04-18",1388,7202262,1111,6286145,82,584876,2581,3199473,6326,171470,8907,3370943,11488,9733.57,17444226,0
"2022-04-19",1415,7203677,934,6287079,72,584948,2570,3202043,5672,177142,8242,3379185,10663,9514.86,17454889,0
"2022-04-20",1319,7204996,1141,6288220,65,585013,2675,3204718,6557,183699,9232,3388417,11757,9432.43,17466646,0
"2022-04-21",1227,7206223,1063,6289283,53,585066,2321,3207039,5267,188966,7588,3396005,9931,9227.57,17476577,0
"2022-04-22",1218,7207441,1023,6290306,46,585112,2200,3209239,5552,194518,7752,3403757,10039,9006.71,17486616,0
"2022-04-23",719,7208160,748,6291054,59,585171,1425,3210664,3290,197808,4715,3408472,6241,8924.86,17492857,0
"2022-04-24",443,7208603,338,6291392,27,585198,811,3211475,1797,199605,2608,3411080,3416,9076.43,17496273,0
"2022-04-25",1030,7209633,910,6292302,64,585262,1849,3213324,5022,204627,6871,3417951,8875,8703.14,17505148,0
"2022-04-26",946,7210579,855,6293157,76,585338,1750,3215074,4628,209255,6378,3424329,8255,8359.14,17513403,0
"2022-04-27",1042,7211621,1000,6294157,79,585417,1930,3217004,5150,214405,7080,3431409,9201,7994,17522604,0
"2022-04-28",1086,7212707,987,6295144,50,585467,1999,3219003,4676,219081,6675,3438084,8798,7832.14,17531402,0
"2022-04-29",1191,7213898,1102,6296246,60,585527,2156,3221159,5302,224383,7458,3445542,9811,7799.57,17541213,0
"2022-04-30",727,7214625,743,6296989,43,585570,1390,3222549,2915,227298,4305,3449847,5818,7739.14,17547031,0
"2022-05-01",450,7215075,368,6297357,20,585590,758,3223307,1628,228926,2386,3452233,3224,7711.71,17550255,0
"2022-05-02",1055,7216130,791,6298148,52,585642,1672,3224979,3757,232683,5429,3457662,7327,7490.57,17557582,0
"2022-05-03",1120,7217250,857,6299005,61,585703,1985,3226964,4788,237471,6773,3464435,8811,7570,17566393,0
"2022-05-04",1020,7218270,884,6299889,48,585751,1910,3228874,4579,242050,6489,3470924,8441,7461.43,17574834,0
"2022-05-05",1048,7219318,952,6300841,86,585837,1920,3230794,4799,246849,6719,3477643,8805,7462.43,17583639,0
"2022-05-06",1093,7220411,956,6301797,50,585887,1861,3232655,4308,251157,6169,3483812,8268,7242,17591907,0
"2022-05-07",660,7221071,588,6302385,31,585918,1201,3233856,2394,253551,3595,3487407,4874,7107.14,17596781,0
"2022-05-08",414,7221485,247,6302632,17,585935,668,3234524,1358,254909,2026,3489433,2704,7032.86,17599485,0
"2022-05-09",1079,7222564,941,6303573,60,585995,1879,3236403,4373,259282,6252,3495685,8332,7176.43,17607817,0
"2022-05-10",1096,7223660,927,6304500,54,586049,1983,3238386,4648,263930,6631,3502316,8708,7161.71,17616525,0
"2022-05-11",1092,7224752,976,6305476,44,586093,1930,3240316,4761,268691,6691,3509007,8803,7213.43,17625328,0
"2022-05-12",1097,7225849,947,6306423,58,586151,1991,3242307,4578,273269,6569,3515576,8671,7194.29,17633999,0
"2022-05-13",1161,7227010,1036,6307459,44,586195,2053,3244360,4718,277987,6771,3522347,9012,7300.57,17643011,0
"2022-05-14",827,7227837,667,6308126,30,586225,1467,3245827,2884,280871,4351,3526698,5875,7443.57,17648886,0
"2022-05-15",511,7228348,354,6308480,21,586246,911,3246738,1624,282495,2535,3529233,3421,7546,17652307,0
"2022-05-16",1233,7229581,854,6309334,60,586306,1819,3248557,3797,286292,5616,3534849,7763,7464.71,17660070,0
"2022-05-17",1296,7230877,920,6310254,79,586385,2038,3250595,4804,291096,6842,3541691,9137,7526,17669207,0
"2022-05-18",1245,7232122,904,6311158,81,586466,2058,3252653,4855,295951,6913,3548604,9143,7574.57,17678350,0
"2022-05-19",1170,7233292,871,6312029,35,586501,2099,3254752,4635,300586,6734,3555338,8810,7594.43,17687160,0
"2022-05-20",1191,7234483,947,6312976,73,586574,2358,3257110,5100,305686,7458,3562796,9669,7688.29,17696829,0
"2022-05-21",835,7235318,646,6313622,23,586597,1701,3258811,3228,308914,4929,3567725,6433,7768,17703262,0
"2022-05-22",511,7235829,287,6313909,21,586618,1131,3259942,1816,310730,2947,3570672,3766,7817.29,17707028,0
"2022-05-23",1224,7237053,888,6314797,45,586663,2162,3262104,4623,315353,6785,3577457,8942,7985.71,17715970,0
"2022-05-24",1428,7238481,926,6315723,66,586729,2221,3264325,4379,319732,6600,3584057,9020,7969,17724990,0
"2022-05-25",1429,7239910,956,6316679,56,586785,2243,3266568,4167,323899,6410,3590467,8851,7927.29,17733841,0
"2022-05-26",1174,7241084,859,6317538,59,586844,2249,3268817,4054,327953,6303,3596770,8395,7868,17742236,0
"2022-05-27",1240,7242324,947,6318485,38,586882,2472,3271289,3792,331745,6264,3603034,8489,7699.43,17750725,0
"2022-05-28",710,7243034,512,6318997,19,586901,1752,3273041,2018,333763,3770,3606804,5011,7496.29,17755736,0
"2022-05-29",475,7243509,215,6319212,11,586912,761,3273802,1109,334872,1870,3608674,2571,7325.57,17758307,0
"2022-05-30",86,7243595,55,6319267,6,586918,137,3273939,142,335014,279,3608953,426,6109,17758733,0
"2022-05-31",1125,7244720,898,6320165,50,586968,1859,3275798,2945,337959,4804,3613757,6877,5802.86,17765610,0
"2022-06-01",1131,7245851,838,6321003,61,587029,1948,3277746,3350,341309,5298,3619055,7328,5585.29,17772938,0
"2022-06-02",1017,7246868,794,6321797,71,587100,1794,3279540,3117,344426,4911,3623966,6793,5356.43,17779731,0
"2022-06-03",1165,7248033,883,6322680,48,587148,2038,3281578,3455,347881,5493,3629459,7589,5227.86,17787320,0
"2022-06-04",723,7248756,574,6323254,23,587171,1546,3283124,1877,349758,3423,3632882,4743,5189.57,17792063,0
"2022-06-05",447,7249203,295,6323549,1,587172,873,3283997,963,350721,1836,3634718,2579,5190.71,17794642,0
"2022-06-06",1118,7250321,815,6324364,62,587234,1737,3285734,2663,353384,4400,3639118,6395,6043.43,17801037,0
"2022-06-07",1005,7251326,757,6325121,69,587303,1743,3287477,2498,355882,4241,3643359,6072,5928.43,17807109,0
"2022-06-08",1077,7252403,807,6325928,72,587375,1845,3289322,2637,358519,4482,3647841,6438,5801.29,17813547,0
"2022-06-09",1124,7253527,814,6326742,63,587438,2177,3291499,2609,361128,4786,3652627,6787,5800.43,17820334,0
"2022-06-10",1041,7254568,803,6327545,65,587503,1847,3293346,2711,363839,4558,3657185,6467,5640.14,17826801,120000
"2022-06-11",676,7255244,504,6328049,20,587523,1302,3294648,1480,365319,2782,3659967,3982,5531.43,17830783,120000
"2022-06-12",351,7255595,280,6328329,19,587542,858,3295506,760,366079,1618,3661585,2268,5487,17833051,120000
"2022-06-13",1017,7256612,737,6329066,57,587599,1529,3297035,2096,368175,3625,3665210,5436,5350,17838487,120000
"2022-06-14",909,7257521,773,6329839,48,587647,1597,3298632,2402,370577,3999,3669209,5729,5301,17844216,120000
"2022-06-15",913,7258434,797,6330636,27,587674,1531,3300163,2224,372801,3755,3672964,5492,5165.86,17849708,120000
"2022-06-16",271,7258705,242,6330878,20,587694,502,3300665,814,373615,1316,3674280,1849,4460.43,17851557,120000
