"DATE","ADMIN_DOSE1_DAILY","ADMIN_DOSE1_CUMULATIVE","ADMIN_DOSE2_DAILY","ADMIN_DOSE2_CUMULATIVE","ADMIN_SINGLE_DAILY","ADMIN_SINGLE_CUMULATIVE","ADMIN_ADDITIONAL1_DAILY","ADMIN_ADDITIONAL1_CUMULATIVE","ADMIN_ADDITIONAL2_DAILY","ADMIN_ADDITIONAL2_CUMULATIVE","ADMIN_ADDITIONAL_DAILY","ADMIN_ADDITIONAL_CUMULATIVE","ADMIN_ALLDOSES_DAILY","ADMIN_ALLDOSES_7DAYAVG","ADMIN_ALLDOSES_CUMULATIVE","INCOMPLETE"
"2020-12-14",79,79,0,0,0,0,0,0,0,0,0,0,79,,79,0
"2020-12-15",2051,2130,6,6,4,4,0,0,0,0,0,0,2061,,2140,0
"2020-12-16",4607,6737,14,20,1,5,1,1,0,0,1,1,4623,,6763,0
"2020-12-17",4657,11394,18,38,0,5,1,2,0,0,1,2,4676,,11439,0
"2020-12-18",5832,17226,18,56,2,7,2,4,0,0,2,4,5854,,17293,0
"2020-12-19",1689,18915,7,63,3,10,0,4,0,0,0,4,1699,,18992,0
"2020-12-20",1116,20031,2,65,1,11,0,4,0,0,0,4,1119,2873,20111,0
"2020-12-21",6343,26374,20,85,0,11,5,9,0,0,5,9,6368,3771.43,26479,0
"2020-12-22",9795,36169,27,112,2,13,1,10,0,0,1,10,9825,4880.57,36304,0
"2020-12-23",14273,50442,35,147,3,16,1,11,0,0,1,11,14312,6264.71,50616,0
"2020-12-24",7195,57637,26,173,1,17,0,11,0,0,0,11,7222,6628.43,57838,0
"2020-12-25",180,57817,0,173,0,17,1,12,0,0,1,12,181,5818,58019,0
"2020-12-26",4388,62205,45,218,0,17,1,13,0,0,1,13,4434,6208.71,62453,0
"2020-12-27",3870,66075,14,232,0,17,1,14,0,0,1,14,3885,6603.86,66338,0
"2020-12-28",10992,77067,49,281,1,18,2,16,0,0,2,16,11044,7271.86,77382,0
"2020-12-29",10717,87784,35,316,2,20,2,18,0,0,2,18,10756,7404.86,88138,0
"2020-12-30",12824,100608,44,360,0,20,0,18,0,0,0,18,12868,7198.57,101006,0
"2020-12-31",7262,107870,34,394,1,21,0,18,0,0,0,18,7297,7209.29,108303,0
"2021-01-01",181,108051,2,396,1,22,3,21,0,0,3,21,187,7210.14,108490,0
"2021-01-02",3809,111860,10,406,3,25,2,23,0,0,2,23,3824,7123,112314,0
"2021-01-03",3542,115402,24,430,2,27,1,24,0,0,1,24,3569,7077.86,115883,0
"2021-01-04",12256,127658,806,1236,2,29,7,31,0,0,7,31,13071,7367.43,128954,0
"2021-01-05",14091,141749,2191,3427,2,31,12,43,1,1,13,44,16297,8159,145251,0
"2021-01-06",17801,159550,3925,7352,1,32,29,72,8,9,37,81,21764,9429.86,167015,0
"2021-01-07",16550,176100,5171,12523,4,36,45,117,3,12,48,129,21773,11497.86,188788,0
"2021-01-08",16617,192717,5456,17979,0,36,34,151,4,16,38,167,22111,14629.86,210899,0
"2021-01-09",7651,200368,1462,19441,1,37,7,158,2,18,9,176,9123,15386.86,220022,0
"2021-01-10",7882,208250,982,20423,0,37,10,168,0,18,10,186,8874,16144.71,228896,0
"2021-01-11",25825,234075,7454,27877,2,39,49,217,8,26,57,243,33338,19040,262234,0
"2021-01-12",28257,262332,7859,35736,1,40,44,261,4,30,48,291,36165,21878.29,298399,0
"2021-01-13",31723,294055,9390,45126,1,41,57,318,4,34,61,352,41175,24651.29,339574,0
"2021-01-14",35815,329870,5313,50439,1,42,30,348,7,41,37,389,41166,27421.71,380740,0
"2021-01-15",29266,359136,3703,54142,2,44,31,379,5,46,36,425,33007,28978.29,413747,0
"2021-01-16",30289,389425,2378,56520,0,44,24,403,6,52,30,455,32697,32346,446444,0
"2021-01-17",23749,413174,1629,58149,0,44,19,422,1,53,20,475,25398,34706.57,471842,0
"2021-01-18",27102,440276,2413,60562,0,44,36,458,7,60,43,518,29558,34166.57,501400,0
"2021-01-19",34296,474572,9629,70191,1,45,69,527,6,66,75,593,44001,35286,545401,0
"2021-01-20",34868,509440,9493,79684,1,46,58,585,4,70,62,655,44424,35750.14,589825,0
"2021-01-21",25590,535030,8093,87777,2,48,49,634,5,75,54,709,33739,34689.14,623564,0
"2021-01-22",24754,559784,4382,92159,1,49,32,666,7,82,39,748,29176,34141.86,652740,0
"2021-01-23",15743,575527,3224,95383,0,49,10,676,2,84,12,760,18979,32182.14,671719,0
"2021-01-24",7179,582706,3453,98836,0,49,19,695,1,85,20,780,10652,30075.57,682371,0
"2021-01-25",13412,596118,11819,110655,0,49,65,760,12,97,77,857,25308,29468.43,707679,0
"2021-01-26",16764,612882,10752,121407,0,49,68,828,2,99,70,927,27586,27123.43,735265,0
"2021-01-27",20836,633718,12355,133762,0,49,53,881,8,107,61,988,33252,25527.43,768517,0
"2021-01-28",30764,664482,12846,146608,0,49,81,962,16,123,97,1085,43707,26951.43,812224,0
"2021-01-29",31692,696174,11507,158115,0,49,79,1041,10,133,89,1174,43288,28967.43,855512,0
"2021-01-30",18706,714880,3743,161858,0,49,20,1061,2,135,22,1196,22471,29466.29,877983,0
"2021-01-31",13017,727897,2923,164781,1,50,29,1090,4,139,33,1229,15974,30226.57,893957,0
"2021-02-01",1179,729076,5370,170151,4,54,35,1125,4,143,39,1268,6592,27552.86,900549,0
"2021-02-02",2827,731903,9475,179626,2,56,47,1172,4,147,51,1319,12355,25377,912904,0
"2021-02-03",16348,748251,21246,200872,4,60,202,1374,19,166,221,1540,37819,26029.43,950723,0
"2021-02-04",27045,775296,19650,220522,3,63,200,1574,10,176,210,1750,46908,26486.71,997631,0
"2021-02-05",27591,802887,20040,240562,0,63,179,1753,15,191,194,1944,47825,27134.86,1045456,0
"2021-02-06",22991,825878,11246,251808,0,63,110,1863,12,203,122,2066,34359,28833.14,1079815,0
"2021-02-07",12041,837919,8283,260091,1,64,91,1954,14,217,105,2171,20430,29469.71,1100245,0
"2021-02-08",16956,854875,23518,283609,2,66,235,2189,34,251,269,2440,40745,34348.71,1140990,0
"2021-02-09",17190,872065,28109,311718,2,68,337,2526,42,293,379,2819,45680,39109.43,1186670,0
"2021-02-10",19591,891656,29313,341031,2,70,253,2779,49,342,302,3121,49208,40736.43,1235878,0
"2021-02-11",27849,919505,33472,374503,2,72,337,3116,56,398,393,3514,61716,42851.86,1297594,0
"2021-02-12",38389,957894,30804,405307,3,75,352,3468,38,436,390,3904,69586,45960.57,1367180,0
"2021-02-13",28005,985899,25316,430623,2,77,304,3772,52,488,356,4260,53679,48720.57,1420859,0
"2021-02-14",16277,1002176,23735,454358,0,77,263,4035,31,519,294,4554,40306,51560,1461165,0
"2021-02-15",12795,1014971,10526,464884,2,79,173,4208,23,542,196,4750,23519,49099.14,1484684,0
"2021-02-16",14242,1029213,26730,491614,0,79,322,4530,35,577,357,5107,41329,48477.57,1526013,0
"2021-02-17",16392,1045605,22196,513810,1,80,281,4811,37,614,318,5425,38907,47006,1564920,0
"2021-02-18",12150,1057755,24995,538805,21,101,288,5099,42,656,330,5755,37496,43546,1602416,0
"2021-02-19",13261,1071016,23937,562742,39,140,303,5402,44,700,347,6102,37584,38974.29,1640000,0
"2021-02-20",11354,1082370,26073,588815,6,146,327,5729,78,778,405,6507,37838,36711.29,1677838,0
"2021-02-21",6360,1088730,17420,606235,15,161,287,6016,44,822,331,6838,24126,34399.86,1701964,0
"2021-02-22",13045,1101775,11847,618082,2,163,125,6141,19,841,144,6982,25038,34616.86,1727002,0
"2021-02-23",25249,1127024,14146,632228,1,164,156,6297,34,875,190,7172,39586,34367.86,1766588,0
"2021-02-24",36359,1163383,20396,652624,0,164,226,6523,38,913,264,7436,57019,36955.29,1823607,0
"2021-02-25",54619,1218002,30394,683018,6,170,397,6920,63,976,460,7896,85479,43810,1909086,0
"2021-02-26",62864,1280866,31870,714888,4,174,415,7335,78,1054,493,8389,95231,52045.29,2004317,0
"2021-02-27",51301,1332167,22747,737635,47,221,334,7669,52,1106,386,8775,74481,57280,2078798,0
"2021-02-28",44588,1376755,13829,751464,7,228,204,7873,34,1140,238,9013,58662,62213.71,2137460,0
"2021-03-01",39318,1416073,12779,764243,10,238,168,8041,25,1165,193,9206,52300,66108.29,2189760,0
"2021-03-02",47083,1463156,12578,776821,7,245,159,8200,14,1179,173,9379,59841,69001.86,2249601,0
"2021-03-03",48606,1511762,16156,792977,17,262,147,8347,21,1200,168,9547,64947,70134.43,2314548,0
"2021-03-04",59819,1571581,22823,815800,1092,1354,269,8616,34,1234,303,9850,84037,69928.43,2398585,0
"2021-03-05",60987,1632568,24284,840084,3109,4463,333,8949,35,1269,368,10218,88748,69002.29,2487333,0
"2021-03-06",47175,1679743,18882,858966,5451,9914,241,9190,36,1305,277,10495,71785,68617.14,2559118,0
"2021-03-07",36042,1715785,14883,873849,6246,16160,228,9418,20,1325,248,10743,57419,68439.57,2616537,0
"2021-03-08",39630,1755415,14680,888529,8563,24723,314,9732,91,1416,405,11148,63278,70007.86,2679815,0
"2021-03-09",39106,1794521,12855,901384,7762,32485,180,9912,34,1450,214,11362,59937,70021.57,2739752,0
"2021-03-10",51828,1846349,15358,916742,5066,37551,225,10137,32,1482,257,11619,72509,71101.86,2812261,0
"2021-03-11",59989,1906338,21823,938565,4619,42170,247,10384,48,1530,295,11914,86726,71486,2898987,0
"2021-03-12",52201,1958539,30312,968877,4182,46352,376,10760,85,1615,461,12375,87156,71258.57,2986143,0
"2021-03-13",40650,1999189,26689,995566,5110,51462,324,11084,51,1666,375,12750,72824,71407,3058967,0
"2021-03-14",30718,2029907,15969,1011535,4525,55987,243,11327,27,1693,270,13020,51482,70558.86,3110449,0
"2021-03-15",33589,2063496,17259,1028794,4711,60698,235,11562,33,1726,268,13288,55827,69494.43,3166276,0
"2021-03-16",38671,2102167,20515,1049309,4927,65625,256,11818,35,1761,291,13579,64404,70132.57,3230680,0
"2021-03-17",42619,2144786,24796,1074105,4244,69869,342,12160,37,1798,379,13958,72038,70065.29,3302718,0
"2021-03-18",50448,2195234,26808,1100913,5236,75105,370,12530,60,1858,430,14388,82922,69521.86,3385640,0
"2021-03-19",47795,2243029,29964,1130877,5625,80730,389,12919,70,1928,459,14847,83843,69048.57,3469483,0
"2021-03-20",38713,2281742,25838,1156715,4686,85416,296,13215,59,1987,355,15202,69592,68586.86,3539075,0
"2021-03-21",29304,2311046,19355,1176070,769,86185,224,13439,44,2031,268,15470,49696,68331.71,3588771,0
"2021-03-22",33866,2344912,26742,1202812,4037,90222,262,13701,38,2069,300,15770,64945,69634.29,3653716,0
"2021-03-23",38435,2383347,32844,1235656,4218,94440,294,13995,55,2124,349,16119,75846,71268.86,3729562,0
"2021-03-24",41498,2424845,37607,1273263,4848,99288,329,14324,62,2186,391,16510,84344,73026.86,3813906,0
"2021-03-25",43403,2468248,50806,1324069,5055,104343,473,14797,86,2272,559,17069,99823,75441.29,3913729,0
"2021-03-26",38504,2506752,55517,1379586,4309,108652,527,15324,97,2369,624,17693,98954,77600,4012683,0
"2021-03-27",35737,2542489,45759,1425345,2939,111591,417,15741,82,2451,499,18192,84934,79791.71,4097617,0
"2021-03-28",26390,2568879,34459,1459804,1482,113073,334,16075,66,2517,400,18592,62731,81653.86,4160348,0
"2021-03-29",34816,2603695,38872,1498676,3246,116319,343,16418,111,2628,454,19046,77388,83431.43,4237736,0
"2021-03-30",40512,2644207,41925,1540601,3714,120033,340,16758,65,2693,405,19451,86556,84961.43,4324292,0
"2021-03-31",49397,2693604,44875,1585476,7440,127473,403,17161,87,2780,490,19941,102202,87512.57,4426494,0
"2021-04-01",50781,2744385,53956,1639432,11276,138749,499,17660,84,2864,583,20524,116596,89908.71,4543090,0
"2021-04-02",43757,2788142,53890,1693322,11971,150720,548,18208,72,2936,620,21144,110238,91520.71,4653328,0
"2021-04-03",39251,2827393,39220,1732542,9859,160579,333,18541,58,2994,391,21535,88721,92061.71,4742049,0
"2021-04-04",26557,2853950,24789,1757331,3903,164482,224,18765,49,3043,273,21808,55522,91031.86,4797571,0
"2021-04-05",41885,2895835,34489,1791820,11198,175680,371,19136,61,3104,432,22240,88004,92548.43,4885575,0
"2021-04-06",53267,2949102,35617,1827437,13218,188898,432,19568,74,3178,506,22746,102608,94841.57,4988183,0
"2021-04-07",55509,3004611,40698,1868135,14389,203287,402,19970,80,3258,482,23228,111078,96109.57,5099261,0
"2021-04-08",59262,3063873,46599,1914734,16341,219628,520,20490,85,3343,605,23833,122807,96996.86,5222068,0
"2021-04-09",56651,3120524,44961,1959695,17559,237187,517,21007,76,3419,593,24426,119764,98357.71,5341832,0
"2021-04-10",49347,3169871,35650,1995345,12726,249913,388,21395,60,3479,448,24874,98171,99707.71,5440003,0
"2021-04-11",38181,3208052,28820,2024165,7682,257595,294,21689,57,3536,351,25225,75034,102495.14,5515037,0
"2021-04-12",46637,3254689,31844,2056009,13501,271096,466,22155,65,3601,531,25756,92513,103139.29,5607550,0
"2021-04-13",52548,3307237,33790,2089799,368,271464,394,22549,63,3664,457,26213,87163,100932.86,5694713,0
"2021-04-14",50147,3357384,39959,2129758,20,271484,369,22918,72,3736,441,26654,90567,98002.71,5785280,0
"2021-04-15",52119,3409503,43686,2173444,16,271500,454,23372,104,3840,558,27212,96379,94227.29,5881659,0
"2021-04-16",51189,3460692,42213,2215657,32,271532,428,23800,68,3908,496,27708,93930,90536.71,5975589,0
"2021-04-17",43835,3504527,35699,2251356,3,271535,363,24163,83,3991,446,28154,79983,87938.43,6055572,0
"2021-04-18",28607,3533134,29369,2280725,7,271542,252,24415,64,4055,316,28470,58299,85547.71,6113871,0
"2021-04-19",37468,3570602,36453,2317178,22,271564,323,24738,64,4119,387,28857,74330,82950.14,6188201,0
"2021-04-20",40813,3611415,39629,2356807,19,271583,314,25052,78,4197,392,29249,80853,82048.71,6269054,0
"2021-04-21",38898,3650313,46017,2402824,16,271599,498,25550,97,4294,595,29844,85526,81328.57,6354580,0
"2021-04-22",38492,3688805,48961,2451785,9,271608,340,25890,74,4368,414,30258,87876,80113.86,6442456,0
"2021-04-23",39696,3728501,44381,2496166,3,271611,350,26240,73,4441,423,30681,84503,78767.14,6526959,0
"2021-04-24",31948,3760449,41604,2537770,44,271655,276,26516,63,4504,339,31020,73935,77903.14,6600894,0
"2021-04-25",18423,3778872,31227,2568997,86,271741,196,26712,57,4561,253,31273,49989,76716,6650883,0
"2021-04-26",26968,3805840,40740,2609737,1013,272754,284,26996,86,4647,370,31643,69091,75967.57,6719974,0
"2021-04-27",28575,3834415,47144,2656881,1698,274452,350,27346,92,4739,442,32085,77859,75539.86,6797833,0
"2021-04-28",27032,3861447,56846,2713727,2147,276599,429,27775,100,4839,529,32614,86554,75686.71,6884387,0
"2021-04-29",28613,3890060,57201,2770928,2149,278748,366,28141,100,4939,466,33080,88429,75765.71,6972816,0
"2021-04-30",30119,3920179,51995,2822923,2055,280803,282,28423,74,5013,356,33436,84525,75768.86,7057341,0
"2021-05-01",22478,3942657,44542,2867465,1177,281980,232,28655,64,5077,296,33732,68493,74991.43,7125834,0
"2021-05-02",11922,3954579,36657,2904122,1081,283061,140,28795,54,5131,194,33926,49854,74972.14,7175688,0
"2021-05-03",18024,3972603,53032,2957154,2383,285444,252,29047,92,5223,344,34270,73783,75642.43,7249471,0
"2021-05-04",22741,3995344,56650,3013804,2331,287775,267,29314,116,5339,383,34653,82105,76249,7331576,0
"2021-05-05",21479,4016823,48769,3062573,2313,290088,309,29623,100,5439,409,35062,72970,74308.43,7404546,0
"2021-05-06",20679,4037502,50182,3112755,2508,292596,271,29894,88,5527,359,35421,73728,72208.29,7478274,0
"2021-05-07",21252,4058754,52098,3164853,2813,295409,308,30202,76,5603,384,35805,76547,71068.57,7554821,0
"2021-05-08",16630,4075384,41869,3206722,1835,297244,231,30433,68,5671,299,36104,60633,69945.71,7615454,0
"2021-05-09",7973,4083357,29414,3236136,1260,298504,149,30582,56,5727,205,36309,38852,68374,7654306,0
"2021-05-10",14385,4097742,38537,3274673,2355,300859,233,30815,90,5817,323,36632,55600,65776.43,7709906,0
"2021-05-11",19913,4117655,43063,3317736,2514,303373,281,31096,85,5902,366,36998,65856,63455.14,7775762,0
"2021-05-12",17820,4135475,40548,3358284,3596,306969,227,31323,79,5981,306,37304,62270,61926.57,7838032,0
"2021-05-13",24974,4160449,40432,3398716,3230,310199,260,31583,76,6057,336,37640,68972,61247.14,7907004,0
"2021-05-14",27038,4187487,42927,3441643,3537,313736,261,31844,96,6153,357,37997,73859,60863.14,7980863,0
"2021-05-15",23651,4211138,34920,3476563,3365,317101,252,32096,75,6228,327,38324,62263,61096,8043126,0
"2021-05-16",15523,4226661,19455,3496018,2496,319597,121,32217,45,6273,166,38490,37640,60922.86,8080766,0
"2021-05-17",22673,4249334,29146,3525164,3255,322852,178,32395,67,6340,245,38735,55319,60882.71,8136085,0
"2021-05-18",24638,4273972,31911,3557075,3406,326258,238,32633,72,6412,310,39045,60265,60084,8196350,0
"2021-05-19",24193,4298165,29719,3586794,3040,329298,227,32860,47,6459,274,39319,57226,59363.43,8253576,0
"2021-05-20",24152,4322317,30100,3616894,3162,332460,262,33122,86,6545,348,39667,57762,57762,8311338,0
"2021-05-21",24679,4346996,32002,3648896,3056,335516,245,33367,58,6603,303,39970,60040,55787.86,8371378,0
"2021-05-22",20021,4367017,24365,3673261,2525,338041,163,33530,48,6651,211,40181,47122,53624.86,8418500,0
"2021-05-23",11233,4378250,13733,3686994,1411,339452,93,33623,32,6683,125,40306,26502,52033.71,8445002,0
"2021-05-24",18875,4397125,23160,3710154,2756,342208,213,33836,56,6739,269,40575,45060,50568.14,8490062,0
"2021-05-25",19429,4416554,23383,3733537,2603,344811,171,34007,57,6796,228,40803,45643,48479.29,8535705,0
"2021-05-26",18787,4435341,21092,3754629,2696,347507,199,34206,48,6844,247,41050,42822,46421.57,8578527,0
"2021-05-27",18471,4453812,21279,3775908,2529,350036,180,34386,60,6904,240,41290,42519,44244,8621046,0
"2021-05-28",17862,4471674,22886,3798794,2751,352787,187,34573,54,6958,241,41531,43740,41915.43,8664786,0
"2021-05-29",12709,4484383,17810,3816604,1755,354542,105,34678,39,6997,144,41675,32418,39814.86,8697204,0
"2021-05-30",7030,4491413,8949,3825553,1074,355616,48,34726,17,7014,65,41740,17118,38474.29,8714322,0
"2021-05-31",4742,4496155,6924,3832477,1012,356628,64,34790,17,7031,81,41821,12759,33859.86,8727081,0
"2021-06-01",16046,4512201,25198,3857675,2177,358805,151,34941,43,7074,194,42015,43615,33570.14,8770696,0
"2021-06-02",15356,4527557,20396,3878071,2095,360900,139,35080,48,7122,187,42202,38034,32886.14,8808730,0
"2021-06-03",15004,4542561,23825,3901896,2281,363181,128,35208,43,7165,171,42373,41281,32709.29,8850011,0
"2021-06-04",14722,4557283,25998,3927894,2492,365673,144,35352,40,7205,184,42557,43396,32660.14,8893407,0
"2021-06-05",10992,4568275,22091,3949985,1806,367479,115,35467,28,7233,143,42700,35032,33033.57,8928439,0
"2021-06-06",6443,4574718,14484,3964469,1222,368701,89,35556,13,7246,102,42802,22251,33766.86,8950690,0
"2021-06-07",11704,4586422,21783,3986252,2378,371079,139,35695,37,7283,176,42978,36041,37092.86,8986731,0
"2021-06-08",12636,4599058,24024,4010276,2072,373151,120,35815,46,7329,166,43144,38898,36419,9025629,0
"2021-06-09",11134,4610192,23028,4033304,2299,375450,135,35950,40,7369,175,43319,36636,36219.29,9062265,0
"2021-06-10",12064,4622256,22236,4055540,2462,377912,139,36089,59,7428,198,43517,36960,35602,9099225,0
"2021-06-11",12710,4634966,25123,4080663,2484,380396,156,36245,58,7486,214,43731,40531,35192.71,9139756,0
"2021-06-12",10165,4645131,19316,4099979,1888,382284,93,36338,42,7528,135,43866,31504,34688.71,9171260,0
"2021-06-13",4257,4649388,10936,4110915,1219,383503,41,36379,22,7550,63,43929,16475,33863.57,9187735,0
"2021-06-14",10209,4659597,19240,4130155,2043,385546,128,36507,51,7601,179,44108,31671,33239.29,9219406,0
"2021-06-15",11884,4671481,21017,4151172,1943,387489,131,36638,40,7641,171,44279,35015,32684.57,9254421,0
"2021-06-16",11586,4683067,19413,4170585,1957,389446,140,36778,68,7709,208,44487,33164,32188.57,9287585,0
"2021-06-17",11025,4694092,18761,4189346,1973,391419,123,36901,35,7744,158,44645,31917,31468.14,9319502,0
"2021-06-18",12166,4706258,18501,4207847,2116,393535,114,37015,36,7780,150,44795,32933,30382.71,9352435,0
"2021-06-19",8498,4714756,13517,4221364,1459,394994,83,37098,21,7801,104,44899,23578,29250.43,9376013,0
"2021-06-20",4336,4719092,7158,4228522,924,395918,36,37134,17,7818,53,44952,12471,28678.43,9388484,0
"2021-06-21",10162,4729254,10011,4238533,1807,397725,68,37202,27,7845,95,45047,22075,27307.57,9410559,0
"2021-06-22",9839,4739093,15640,4254173,1589,399314,105,37307,28,7873,133,45180,27201,26191.29,9437760,0
"2021-06-23",10311,4749404,15187,4269360,1863,401177,102,37409,30,7903,132,45312,27493,25381.14,9465253,0
"2021-06-24",9685,4759089,14700,4284060,1799,402976,119,37528,26,7929,145,45457,26329,24582.86,9491582,0
"2021-06-25",10589,4769678,14388,4298448,1721,404697,112,37640,38,7967,150,45607,26848,23713.57,9518430,0
"2021-06-26",7801,4777479,10465,4308913,1251,405948,74,37714,24,7991,98,45705,19615,23147.43,9538045,0
"2021-06-27",5001,4782480,6002,4314915,795,406743,33,37747,14,8005,47,45752,11845,23058,9549890,0
"2021-06-28",9035,4791515,10346,4325261,1526,408269,108,37855,26,8031,134,45886,21041,22910.29,9570931,0
"2021-06-29",9739,4801254,12326,4337587,1347,409616,123,37978,31,8062,154,46040,23566,22391,9594497,0
"2021-06-30",9434,4810688,10931,4348518,1487,411103,147,38125,16,8078,163,46203,22015,21608.43,9616512,0
"2021-07-01",9395,4820083,10929,4359447,1434,412537,127,38252,24,8102,151,46354,21909,20977,9638421,0
"2021-07-02",9693,4829776,11452,4370899,1541,414078,118,38370,22,8124,140,46494,22826,20402.43,9661247,0
"2021-07-03",7056,4836832,8421,4379320,1193,415271,77,38447,17,8141,94,46588,16764,19995.14,9678011,0
"2021-07-04",1288,4838120,1335,4380655,567,415838,9,38456,3,8144,12,46600,3202,18760.43,9681213,0
"2021-07-05",6497,4844617,7106,4387761,1208,417046,63,38519,22,8166,85,46685,14896,17882.57,9696109,0
"2021-07-06",9512,4854129,12851,4400612,1316,418362,114,38633,37,8203,151,46836,23830,17920.29,9719939,0
"2021-07-07",8666,4862795,11110,4411722,1419,419781,123,38756,19,8222,142,46978,21337,17823.43,9741276,0
"2021-07-08",8220,4871015,10192,4421914,1260,421041,108,38864,21,8243,129,47107,19801,17522.29,9761077,0
"2021-07-09",8373,4879388,10835,4432749,1278,422319,90,38954,18,8261,108,47215,20594,17203.43,9781671,0
"2021-07-10",7103,4886491,8634,4441383,1132,423451,62,39016,20,8281,82,47297,16951,17230.14,9798622,0
"2021-07-11",4105,4890596,4540,4445923,703,424154,34,39050,6,8287,40,47337,9388,18113.86,9808010,0
"2021-07-12",8450,4899046,9560,4455483,1251,425405,82,39132,23,8310,105,47442,19366,18752.43,9827376,0
"2021-07-13",9462,4908508,9393,4464876,952,426357,105,39237,34,8344,139,47581,19946,18197.57,9847322,0
"2021-07-14",9001,4917509,9531,4474407,1011,427368,105,39342,21,8365,126,47707,19669,17959.29,9866991,0
"2021-07-15",8793,4926302,9157,4483564,1054,428422,79,39421,19,8384,98,47805,19102,17859.43,9886093,0
"2021-07-16",9247,4935549,9762,4493326,981,429403,102,39523,29,8413,131,47936,20121,17791.86,9906214,0
"2021-07-17",6841,4942390,7387,4500713,803,430206,80,39603,19,8432,99,48035,15130,17531.71,9921344,0
"2021-07-18",4256,4946646,4284,4504997,576,430782,35,39638,13,8445,48,48083,9164,17499.71,9930508,0
"2021-07-19",9120,4955766,8478,4513475,999,431781,91,39729,22,8467,113,48196,18710,17406,9949218,0
"2021-07-20",10648,4966414,8758,4522233,991,432772,95,39824,25,8492,120,48316,20517,17487.57,9969735,0
"2021-07-21",10060,4976474,8766,4530999,904,433676,146,39970,33,8525,179,48495,19909,17521.86,9989644,0
"2021-07-22",10689,4987163,8588,4539587,1046,434722,144,40114,25,8550,169,48664,20492,17720.43,10010136,0
"2021-07-23",11252,4998415,8881,4548468,1114,435836,139,40253,23,8573,162,48826,21409,17904.43,10031545,0
"2021-07-24",7403,5005818,6738,4555206,670,436506,82,40335,24,8597,106,48932,14917,17874,10046462,0
"2021-07-25",5477,5011295,2126,4557332,509,437015,58,40393,4,8601,62,48994,8174,17732.57,10054636,0
"2021-07-26",10873,5022168,7005,4564337,859,437874,109,40502,20,8621,129,49123,18866,17754.86,10073502,0
"2021-07-27",12068,5034236,8567,4572904,857,438731,134,40636,38,8659,172,49295,21664,17918.71,10095166,0
"2021-07-28",12017,5046253,8051,4580955,950,439681,132,40768,27,8686,159,49454,21177,18099.86,10116343,0
"2021-07-29",10934,5057187,7431,4588386,984,440665,133,40901,38,8724,171,49625,19520,17961,10135863,0
"2021-07-30",14954,5072141,8014,4596400,1151,441816,181,41082,31,8755,212,49837,24331,18378.43,10160194,0
"2021-07-31",9725,5081866,6316,4602716,815,442631,121,41203,20,8775,141,49978,16997,18675.57,10177191,0
"2021-08-01",6501,5088367,3311,4606027,564,443195,81,41284,20,8795,101,50079,10477,19004.57,10187668,0
"2021-08-02",13449,5101816,7157,4613184,846,444041,145,41429,18,8813,163,50242,21615,19397.29,10209283,0
"2021-08-03",15411,5117227,8387,4621571,1109,445150,144,41573,38,8851,182,50424,25089,19886.57,10234372,0
"2021-08-04",17263,5134490,8127,4629698,1454,446604,181,41754,34,8885,215,50639,27059,20726.86,10261431,0
"2021-08-05",17887,5152377,7929,4637627,1370,447974,160,41914,20,8905,180,50819,27366,21847.71,10288797,0
"2021-08-06",18182,5170559,8415,4646042,1233,449207,165,42079,32,8937,197,51016,28027,22375.71,10316824,0
"2021-08-07",13387,5183946,6015,4652057,799,450006,99,42178,28,8965,127,51143,20328,22851.57,10337152,0
"2021-08-08",9310,5193256,3835,4655892,400,450406,82,42260,10,8975,92,51235,13637,23303,10350789,0
"2021-08-09",21347,5214603,8525,4664417,965,451371,169,42429,34,9009,203,51438,31040,24649.43,10381829,0
"2021-08-10",18949,5233552,9330,4673747,946,452317,179,42608,33,9042,212,51650,29437,25270.57,10411266,0
"2021-08-11",15648,5249200,8311,4682058,853,453170,128,42736,45,9087,173,51823,24985,24974.29,10436251,0
"2021-08-12",15061,5264261,8985,4691043,942,454112,171,42907,34,9121,205,52028,25193,24663.86,10461444,0
"2021-08-13",14929,5279190,9289,4700332,920,455032,240,43147,37,9158,277,52305,25415,24290.71,10486859,0
"2021-08-14",10403,5289593,6407,4706739,625,455657,530,43677,40,9198,570,52875,18005,23958.86,10504864,0
"2021-08-15",6694,5296287,4478,4711217,676,456333,567,44244,33,9231,600,53475,12448,23789,10517312,0
"2021-08-16",15721,5312008,9301,4720518,1150,457483,1318,45562,65,9296,1383,54858,27555,23291.14,10544867,0
"2021-08-17",17774,5329782,10456,4730974,1229,458712,1769,47331,84,9380,1853,56711,31312,23559,10576179,0
"2021-08-18",17498,5347280,10374,4741348,1260,459972,1986,49317,95,9475,2081,58792,31213,24448.71,10607392,0
"2021-08-19",16296,5363576,9527,4750875,1315,461287,1955,51272,65,9540,2020,60812,29158,25015.14,10636550,0
"2021-08-20",16283,5379859,11539,4762414,1254,462541,1859,53131,84,9624,1943,62755,31019,25815.71,10667569,0
"2021-08-21",11148,5391007,8040,4770454,878,463419,1057,54188,56,9680,1113,63868,21179,26269.14,10688748,0
"2021-08-22",4080,5395087,3901,4774355,262,463681,515,54703,34,9714,549,64417,8792,25746.86,10697540,0
"2021-08-23",15585,5410672,11804,4786159,1023,464704,1547,56250,75,9789,1622,66039,30034,26101,10727574,0
"2021-08-24",16913,5427585,12596,4798755,1006,465710,1775,58025,76,9865,1851,67890,32366,26251.57,10759940,0
"2021-08-25",14579,5442164,12449,4811204,1111,466821,1565,59590,76,9941,1641,69531,29780,26046.86,10789720,0
"2021-08-26",16157,5458321,14095,4825299,1071,467892,1772,61362,67,10008,1839,71370,33162,26618.86,10822882,0
"2021-08-27",14880,5473201,14825,4840124,971,468863,1671,63033,74,10082,1745,73115,32421,26819.14,10855303,0
"2021-08-28",10682,5483883,11523,4851647,835,469698,1014,64047,45,10127,1059,74174,24099,27236.29,10879402,0
"2021-08-29",7218,5491101,7495,4859142,541,470239,778,64825,57,10184,835,75009,16089,28278.71,10895491,0
"2021-08-30",15524,5506625,16927,4876069,1076,471315,1791,66616,86,10270,1877,76886,35404,29045.86,10930895,0
"2021-08-31",15514,5522139,15959,4892028,951,472266,1971,68587,87,10357,2058,78944,34482,29348.14,10965377,0
"2021-09-01",14829,5536968,14103,4906131,1020,473286,1809,70396,61,10418,1870,80814,31822,29639.86,10997199,0
"2021-09-02",14323,5551291,12527,4918658,896,474182,1706,72102,61,10479,1767,82581,29513,29118.57,11026712,0
"2021-09-03",15015,5566306,14308,4932966,974,475156,1895,73997,69,10548,1964,84545,32261,29095.71,11058973,0
"2021-09-04",9647,5575953,9404,4942370,688,475844,975,74972,34,10582,1009,85554,20748,28617,11079721,0
"2021-09-05",6803,5582756,5515,4947885,438,476282,711,75683,16,10598,727,86281,13483,28244.71,11093204,0
"2021-09-06",5196,5587952,4512,4952397,358,476640,270,75953,11,10609,281,86562,10347,24665.14,11103551,0
"2021-09-07",15575,5603527,17705,4970102,912,477552,1553,77506,87,10696,1640,88202,35832,24858,11139383,0
"2021-09-08",16161,5619688,14826,4984928,1072,478624,1771,79277,83,10779,1854,90056,33913,25156.71,11173296,0
"2021-09-09",16109,5635797,14752,4999680,1047,479671,1914,81191,74,10853,1988,92044,33896,25782.86,11207192,0
"2021-09-10",18372,5654169,15392,5015072,1208,480879,1971,83162,82,10935,2053,94097,37025,26463.43,11244217,0
"2021-09-11",12637,5666806,10348,5025420,958,481837,1028,84190,48,10983,1076,95173,25019,27073.57,11269236,0
"2021-09-12",8540,5675346,5052,5030472,766,482603,690,84880,29,11012,719,95892,15077,27301.29,11284313,0
"2021-09-13",16931,5692277,12962,5043434,976,483579,1653,86533,53,11065,1706,97598,32575,30476.71,11316888,0
"2021-09-14",16268,5708545,13676,5057110,886,484465,1595,88128,55,11120,1650,99248,32480,29997.86,11349368,0
"2021-09-15",15542,5724087,12880,5069990,727,485192,1570,89698,78,11198,1648,100896,30797,29552.71,11380165,0
"2021-09-16",15342,5739429,13909,5083899,1209,486401,1458,91156,66,11264,1524,102420,31984,29279.57,11412149,0
"2021-09-17",14435,5753864,13964,5097863,922,487323,1828,92984,57,11321,1885,104305,31206,28448.29,11443355,0
"2021-09-18",10000,5763864,10182,5108045,913,488236,1046,94030,41,11362,1087,105392,22182,28043,11465537,0
"2021-09-19",6178,5770042,6072,5114117,558,488794,747,94777,29,11391,776,106168,13584,27829.71,11479121,0
"2021-09-20",12676,5782718,12629,5126746,1068,489862,1922,96699,58,11449,1980,108148,28353,27226.57,11507474,0
"2021-09-21",12233,5794951,12769,5139515,1109,490971,2025,98724,78,11527,2103,110251,28214,26617.14,11535688,0
"2021-09-22",12822,5807773,12008,5151523,1089,492060,1683,100407,67,11594,1750,112001,27669,26170.29,11563357,0
"2021-09-23",14938,5822711,12760,5164283,1639,493699,2266,102673,73,11667,2339,114340,31676,26126.29,11595033,0
"2021-09-24",16447,5839158,13367,5177650,1636,495335,4626,107299,113,11780,4739,119079,36189,26838.14,11631222,0
"2021-09-25",10541,5849699,9024,5186674,1018,496353,3463,110762,75,11855,3538,122617,24121,27115.14,11655343,0
"2021-09-26",6301,5856000,5762,5192436,773,497126,2425,113187,56,11911,2481,125098,15317,27362.71,11670660,0
"2021-09-27",14161,5870161,8054,5200490,1155,498281,9064,122251,157,12068,9221,134319,32591,27968.14,11703251,0
"2021-09-28",11144,5881305,11782,5212272,902,499183,9912,132163,175,12243,10087,144406,33915,28782.57,11737166,0
"2021-09-29",11606,5892911,12194,5224466,1205,500388,9454,141617,162,12405,9616,154022,34621,29775.71,11771787,0
"2021-09-30",12239,5905150,12605,5237071,1338,501726,9747,151364,173,12578,9920,163942,36102,30408,11807889,0
"2021-10-01",12643,5917793,13432,5250503,1284,503010,10270,161634,147,12725,10417,174359,37776,30634.71,11845665,0
"2021-10-02",7730,5925523,9975,5260478,865,503875,4243,165877,75,12800,4318,178677,22888,30458.57,11868553,0
"2021-10-03",5076,5930599,6156,5266634,593,504468,2613,168490,56,12856,2669,181346,14494,30341,11883047,0
"2021-10-04",9908,5940507,11023,5277657,913,505381,9527,178017,140,12996,9667,191013,31511,30186.71,11914558,0
"2021-10-05",10157,5950664,11739,5289396,972,506353,9938,187955,175,13171,10113,201126,32981,30053.29,11947539,0
"2021-10-06",9903,5960567,11052,5300448,936,507289,9930,197885,155,13326,10085,211211,31976,29675.43,11979515,0
"2021-10-07",9618,5970185,12154,5312602,850,508139,10178,208063,167,13493,10345,221556,32967,29227.57,12012482,0
"2021-10-08",9457,5979642,12175,5324777,941,509080,10908,218971,163,13656,11071,232627,33644,28637.29,12046126,0
"2021-10-09",6245,5985887,8237,5333014,643,509723,4116,223087,87,13743,4203,236830,19328,28128.71,12065454,0
"2021-10-10",3542,5989429,5030,5338044,458,510181,2433,225520,43,13786,2476,239306,11506,27701.86,12076960,0
"2021-10-11",7620,5997049,9328,5347372,728,510909,8891,234411,160,13946,9051,248357,26727,27018.43,12103687,0
"2021-10-12",8074,6005123,10998,5358370,891,511800,10514,244925,180,14126,10694,259051,30657,26686.43,12134344,0
"2021-10-13",7151,6012274,10148,5368518,869,512669,8797,253722,178,14304,8975,268026,27143,25996,12161487,0
"2021-10-14",7441,6019715,11114,5379632,836,513505,10119,263841,160,14464,10279,278305,29670,25525,12191157,0
"2021-10-15",7723,6027438,11851,5391483,823,514328,10823,274664,167,14631,10990,289295,31387,25202.57,12222544,0
"2021-10-16",4863,6032301,7469,5398952,666,514994,3844,278508,65,14696,3909,293204,16907,24856.71,12239451,0
"2021-10-17",3061,6035362,4473,5403425,411,515405,2452,280960,41,14737,2493,295697,10438,24704.14,12249889,0
"2021-10-18",7049,6042411,10666,5414091,796,516201,9485,290445,173,14910,9658,305355,28169,24910.14,12278058,0
"2021-10-19",6577,6048988,8947,5423038,804,517005,9088,299533,168,15078,9256,314611,25584,24185.43,12303642,0
"2021-10-20",6534,6055522,9375,5432413,975,517980,9993,309526,170,15248,10163,324774,27047,24171.71,12330689,0
"2021-10-21",7028,6062550,9384,5441797,858,518838,10844,320370,150,15398,10994,335768,28264,23970.86,12358953,0
"2021-10-22",8121,6070671,10342,5452139,1026,519864,16353,336723,211,15609,16564,352332,36053,24637.43,12395006,0
"2021-10-23",5168,6075839,6457,5458596,690,520554,9127,345850,112,15721,9239,361571,21554,25301.29,12416560,0
"2021-10-24",3274,6079113,3972,5462568,769,521323,6155,352005,75,15796,6230,367801,14245,25845.14,12430805,0
"2021-10-25",8767,6087880,8741,5471309,1150,522473,19249,371254,291,16087,19540,387341,38198,27277.86,12469003,0
"2021-10-26",8200,6096080,7722,5479031,1258,523731,17292,388546,260,16347,17552,404893,34732,28584.71,12503735,0
"2021-10-27",10558,6106638,8392,5487423,1604,525335,20860,409406,310,16657,21170,426063,41724,30681.43,12545459,0
"2021-10-28",11329,6117967,8033,5495456,1793,527128,20848,430254,313,16970,21161,447224,42316,32688.86,12587775,0
"2021-10-29",11856,6129823,8239,5503695,1957,529085,22540,452794,318,17288,22858,470082,44910,33954.14,12632685,0
"2021-10-30",4633,6134456,5061,5508756,930,530015,11172,463966,161,17449,11333,481415,21957,34011.71,12654642,0
"2021-10-31",2664,6137120,2702,5511458,544,530559,6637,470603,98,17547,6735,488150,12645,33783.14,12667287,0
"2021-11-01",7139,6144259,6956,5518414,1089,531648,20383,490986,317,17864,20700,508850,35884,33452.57,12703171,0
"2021-11-02",6582,6150841,6591,5525005,1054,532702,20785,511771,263,18127,21048,529898,35275,33530.14,12738446,0
"2021-11-03",6851,6157692,6680,5531685,1026,533728,20633,532404,300,18427,20933,550831,35490,32639.57,12773936,0
"2021-11-04",9312,6167004,6278,5537963,995,534723,22366,554770,343,18770,22709,573540,39294,32207.86,12813230,0
"2021-11-05",11056,6178060,6723,5544686,1051,535774,23764,578534,344,19114,24108,597648,42938,31926.14,12856168,0
"2021-11-06",11134,6189194,4051,5548737,594,536368,12594,591128,165,19279,12759,610407,28538,32866.29,12884706,0
"2021-11-07",7257,6196451,2286,5551023,577,536945,7108,598236,93,19372,7201,617608,17321,33534.29,12902027,0
"2021-11-08",15056,6211507,5679,5556702,864,537809,19517,617753,272,19644,19789,637397,41388,34320.57,12943415,0
"2021-11-09",16149,6227656,5389,5562091,660,538469,20517,638270,267,19911,20784,658181,42982,35421.57,12986397,0
"2021-11-10",16935,6244591,5320,5567411,683,539152,22652,660922,288,20199,22940,681121,45878,36905.57,13032275,0
"2021-11-11",12573,6257164,5188,5572599,759,539911,22087,683009,279,20478,22366,703487,40886,37133,13073161,0
"2021-11-12",16898,6274062,5686,5578285,705,540616,23404,706413,350,20828,23754,727241,47043,37719.43,13120204,0
"2021-11-13",9940,6284002,3663,5581948,463,541079,13327,719740,179,21007,13506,740747,27572,37581.43,13147776,0
"2021-11-14",6011,6290013,2292,5584240,325,541404,7935,727675,75,21082,8010,748757,16638,37483.86,13164414,0
"2021-11-15",13213,6303226,5975,5590215,690,542094,25115,752790,351,21433,25466,774223,45344,38049,13209758,0
"2021-11-16",9966,6313192,5782,5595997,656,542750,30670,783460,414,21847,31084,805307,47488,38692.71,13257246,0
"2021-11-17",10305,6323497,6670,5602667,681,543431,31427,814887,403,22250,31830,837137,49486,39208.14,13306732,0
"2021-11-18",10730,6334227,6542,5609209,857,544288,33017,847904,440,22690,33457,870594,51586,40736.71,13358318,0
"2021-11-19",12025,6346252,6550,5615759,715,545003,36243,884147,447,23137,36690,907284,55980,42013.43,13414298,0
"2021-11-20",9329,6355581,3418,5619177,513,545516,22516,906663,251,23388,22767,930051,36027,43221.29,13450325,0
"2021-11-21",4947,6360528,1888,5621065,288,545804,13206,919869,146,23534,13352,943403,20475,43769.43,13470800,0
"2021-11-22",10435,6370963,5788,5626853,750,546554,35933,955802,431,23965,36364,979767,53337,44911.29,13524137,0
"2021-11-23",9791,6380754,4781,5631634,636,547190,33526,989328,364,24329,33890,1013657,49098,45141.29,13573235,0
"2021-11-24",8709,6389463,4751,5636385,650,547840,25925,1015253,277,24606,26202,1039859,40312,43830.71,13613547,0
"2021-11-25",448,6389911,326,5636711,80,547920,1003,1016256,9,24615,1012,1040871,1866,36727.86,13615413,0
"2021-11-26",8060,6397971,6988,5643699,528,548448,26597,1042853,285,24900,26882,1067753,42458,34796.14,13657871,0
"2021-11-27",6683,6404654,6832,5650531,371,548819,18842,1061695,220,25120,19062,1086815,32948,34356.29,13690819,0
"2021-11-28",4083,6408737,5792,5656323,282,549101,11890,1073585,116,25236,12006,1098821,22163,34597.43,13712982,0
"2021-11-29",9114,6417851,11002,5667325,687,549788,35079,1108664,422,25658,35501,1134322,56304,35021.29,13769286,0
"2021-11-30",10515,6428366,11436,5678761,512,550300,37785,1146449,484,26142,38269,1172591,60732,36683.29,13830018,0
"2021-12-01",11194,6439560,10983,5689744,724,551024,40352,1186801,432,26574,40784,1213375,63685,40022.29,13893703,0
"2021-12-02",11658,6451218,11040,5700784,626,551650,42168,1228969,445,27019,42613,1255988,65937,49175.29,13959640,0
"2021-12-03",13487,6464705,12891,5713675,675,552325,47947,1276916,508,27527,48455,1304443,75508,53896.71,14035148,0
"2021-12-04",9858,6474563,11292,5724967,567,552892,30678,1307594,298,27825,30976,1335419,52693,56717.43,14087841,0
"2021-12-05",5759,6480322,5706,5730673,270,553162,16661,1324255,126,27951,16787,1352206,28522,57625.86,14116363,0
"2021-12-06",12343,6492665,9955,5740628,600,553762,43246,1367501,436,28387,43682,1395888,66580,59093.86,14182943,0
"2021-12-07",12590,6505255,9259,5749887,625,554387,43048,1410549,488,28875,43536,1439424,66010,59847.86,14248953,0
"2021-12-08",13532,6518787,8775,5758662,554,554941,40797,1451346,459,29334,41256,1480680,64117,59909.57,14313070,0
"2021-12-09",13497,6532284,8752,5767414,555,555496,40829,1492175,478,29812,41307,1521987,64111,59648.71,14377181,0
"2021-12-10",14035,6546319,10146,5777560,670,556166,43674,1535849,483,30295,44157,1566144,69008,58720.14,14446189,0
"2021-12-11",10282,6556601,8127,5785687,405,556571,26698,1562547,273,30568,26971,1593115,45785,57733.29,14491974,0
"2021-12-12",6018,6562619,3854,5789541,288,556859,15172,1577719,131,30699,15303,1608418,25463,57296.29,14517437,0
"2021-12-13",12231,6574850,7431,5796972,658,557517,37884,1615603,387,31086,38271,1646689,58591,56155,14576028,0
"2021-12-14",12236,6587086,6959,5803931,731,558248,38158,1653761,421,31507,38579,1685268,58505,55082.86,14634533,0
"2021-12-15",12106,6599192,6242,5810173,755,559003,38137,1691898,480,31987,38617,1723885,57720,54169,14692253,0
"2021-12-16",13144,6612336,4270,5814443,740,559743,41055,1732953,433,32420,41488,1765373,59642,53530.57,14751895,0
"2021-12-17",15950,6628286,6931,5821374,620,560363,46786,1779739,469,32889,47255,1812628,70756,53780.29,14822651,0
"2021-12-18",13027,6641313,5718,5827092,432,560795,30623,1810362,265,33154,30888,1843516,50065,54391.71,14872716,0
"2021-12-19",7019,6648332,2994,5830086,326,561121,18008,1828370,170,33324,18178,1861694,28517,54828,14901233,0
"2021-12-20",16862,6665194,5868,5835954,746,561867,47459,1875829,560,33884,48019,1909713,71495,56671.43,14972728,0
"2021-12-21",17971,6683165,6572,5842526,806,562673,48919,1924748,574,34458,49493,1959206,74842,59005.29,15047570,0
"2021-12-22",18550,6701715,6564,5849090,939,563612,49713,1974461,521,34979,50234,2009440,76287,61657.71,15123857,0
"2021-12-23",19042,6720757,6486,5855576,930,564542,45865,2020326,511,35490,46376,2055816,72834,63542.29,15196691,0
"2021-12-24",9238,6729995,2954,5858530,598,565140,20600,2040926,211,35701,20811,2076627,33601,58234.43,15230292,0
"2021-12-25",344,6730339,63,5858593,31,565171,427,2041353,8,35709,435,2077062,873,51207,15231165,0
"2021-12-26",7965,6738304,3926,5862519,340,565511,17284,2058637,172,35881,17456,2094518,29687,51374.14,15260852,0
"2021-12-27",21790,6760094,9204,5871723,934,566445,43449,2102086,539,36420,43988,2138506,75916,52005.71,15336768,0
"2021-12-28",20161,6780255,8329,5880052,699,567144,47585,2149671,598,37018,48183,2186689,77372,52367.14,15414140,0
"2021-12-29",18503,6798758,7671,5887723,607,567751,45572,2195243,472,37490,46044,2232733,72825,51872.57,15486965,0
"2021-12-30",16889,6815647,7420,5895143,587,568338,44850,2240093,571,38061,45421,2278154,70317,51513,15557282,0
"2021-12-31",5357,6821004,2808,5897951,193,568531,14771,2254864,177,38238,14948,2293102,23306,50042.29,15580588,0
"2022-01-01",243,6821247,147,5898098,12,568543,501,2255365,21,38259,522,2293624,924,50049.57,15581512,0
"2022-01-02",6432,6827679,5021,5903119,153,568696,10978,2266343,110,38369,11088,2304712,22694,49050.57,15604206,0
"2022-01-03",14135,6841814,8497,5911616,514,569210,26936,2293279,322,38691,27258,2331970,50404,45406,15654610,0
"2022-01-04",12847,6854661,8112,5919728,414,569624,27211,2320490,351,39042,27562,2359532,48935,41343.57,15703545,0
"2022-01-05",11408,6866069,7001,5926729,382,570006,25923,2346413,302,39344,26225,2385757,45016,37370.86,15748561,0
"2022-01-06",11468,6877537,7383,5934112,483,570489,27538,2373951,329,39673,27867,2413624,47201,34068.57,15795762,0
"2022-01-07",10386,6887923,8418,5942530,338,570827,25035,2398986,312,39985,25347,2438971,44489,37094.71,15840251,0
"2022-01-08",7854,6895777,8565,5951095,310,571137,19468,2418454,176,40161,19644,2458615,36373,42158.86,15876624,0
"2022-01-09",4129,6899906,3841,5954936,214,571351,10066,2428520,91,40252,10157,2468772,18341,41537,15894965,0
"2022-01-10",10177,6910083,8190,5963126,490,571841,24609,2453129,298,40550,24907,2493679,43764,40588.43,15938729,0
"2022-01-11",8891,6918974,7986,5971112,521,572362,21029,2474158,278,40828,21307,2514986,38705,39127,15977434,0
"2022-01-12",8939,6927913,8321,5979433,427,572789,22337,2496495,286,41114,22623,2537609,40310,38454.71,16017744,0
"2022-01-13",9043,6936956,8866,5988299,451,573240,22875,2519370,314,41428,23189,2560798,41549,37647.29,16059293,0
"2022-01-14",10106,6947062,8119,5996418,476,573716,26440,2545810,317,41745,26757,2587555,45458,37785.71,16104751,0
"2022-01-15",6209,6953271,4307,6000725,178,573894,15144,2560954,175,41920,15319,2602874,26013,36305.71,16130764,0
"2022-01-16",2918,6956189,3249,6003974,95,573989,7825,2568779,83,42003,7908,2610782,14170,35709.86,16144934,0
"2022-01-17",6078,6962267,6756,6010730,363,574352,14682,2583461,214,42217,14896,2625678,28093,33471.14,16173027,0
"2022-01-18",8159,6970426,10321,6021051,396,574748,19669,2603130,314,42531,19983,2645661,38859,33493.14,16211886,0
"2022-01-19",7460,6977886,9251,6030302,304,575052,17721,2620851,268,42799,17989,2663650,35004,32735.14,16246890,0
"2022-01-20",6280,6984166,8560,6038862,305,575357,15254,2636105,241,43040,15495,2679145,30640,31176.71,16277530,0
"2022-01-21",7569,6991735,7506,6046368,276,575633,18512,2654617,280,43320,18792,2697937,34143,29560.29,16311673,0
"2022-01-22",5188,6996923,4938,6051306,131,575764,11321,2665938,126,43446,11447,2709384,21704,28944.71,16333377,0
"2022-01-23",2811,6999734,3327,6054633,97,575861,6229,2672167,76,43522,6305,2715689,12540,28711.86,16345917,0
"2022-01-24",6369,7006103,8204,6062837,262,576123,15074,2687241,235,43757,15309,2730998,30144,29004.86,16376061,0
"2022-01-25",6186,7012289,7932,6070769,233,576356,14696,2701937,255,44012,14951,2745949,29302,27639.57,16405363,0
"2022-01-26",5751,7018040,7172,6077941,289,576645,14020,2715957,209,44221,14229,2760178,27441,26559.14,16432804,0
"2022-01-27",5256,7023296,7092,6085033,321,576966,14086,2730043,228,44449,14314,2774492,26983,26036.71,16459787,0
"2022-01-28",6257,7029553,7872,6092905,203,577169,16135,2746178,234,44683,16369,2790861,30701,25545,16490488,0
"2022-01-29",840,7030393,728,6093633,28,577197,2539,2748717,39,44722,2578,2793439,4174,23040.71,16494662,0
"2022-01-30",2097,7032490,3022,6096655,103,577300,4536,2753253,63,44785,4599,2798038,9821,22652.29,16504483,0
"2022-01-31",5004,7037494,6593,6103248,220,577520,11388,2764641,197,44982,11585,2809623,23402,21689.14,16527885,0
"2022-02-01",4832,7042326,6435,6109683,219,577739,10718,2775359,216,45198,10934,2820557,22420,20706,16550305,0
"2022-02-02",4257,7046583,5929,6115612,213,577952,11236,2786595,239,45437,11475,2832032,21874,19910.71,16572179,0
"2022-02-03",4226,7050809,5814,6121426,216,578168,11219,2797814,199,45636,11418,2843450,21674,19152.29,16593853,0
"2022-02-04",4768,7055577,7112,6128538,214,578382,13216,2811030,238,45874,13454,2856904,25548,18416.14,16619401,0
"2022-02-05",3583,7059160,6049,6134587,110,578492,8577,2819607,149,46023,8726,2865630,18468,20458.14,16637869,0
"2022-02-06",2064,7061224,2137,6136724,121,578613,4635,2824242,102,46125,4737,2870367,9059,20349.29,16646928,0
"2022-02-07",4158,7065382,4727,6141451,205,578818,10131,2834373,231,46356,10362,2880729,19452,19785,16666380,0
"2022-02-08",4219,7069601,5610,6147061,214,579032,11330,2845703,300,46656,11630,2892359,21673,19678.29,16688053,0
"2022-02-09",4134,7073735,5404,6152465,222,579254,11663,2857366,251,46907,11914,2904273,21674,19649.71,16709727,0
"2022-02-10",3996,7077731,5123,6157588,245,579499,12198,2869564,283,47190,12481,2916754,21845,19674.14,16731572,0
"2022-02-11",4521,7082252,5803,6163391,195,579694,13730,2883294,317,47507,14047,2930801,24566,19533.86,16756138,0
"2022-02-12",3258,7085510,4341,6167732,97,579791,8810,2892104,213,47720,9023,2939824,16719,19284,16772857,0
"2022-02-13",1522,7087032,1544,6169276,41,579832,4880,2896984,109,47829,4989,2944813,8096,19146.43,16780953,0
"2022-02-14",2984,7090016,3624,6172900,167,579999,10569,2907553,323,48152,10892,2955705,17667,18891.43,16798620,0
"2022-02-15",3560,7093576,4071,6176971,175,580174,12784,2920337,278,48430,13062,2968767,20868,18776.43,16819488,0
"2022-02-16",3661,7097237,3907,6180878,200,580374,15721,2936058,291,48721,16012,2984779,23780,19077.29,16843268,0
"2022-02-17",4037,7101274,4080,6184958,162,580536,18278,2954336,355,49076,18633,3003412,26912,19801.14,16870180,0
"2022-02-18",4472,7105746,4784,6189742,190,580726,21534,2975870,449,49525,21983,3025395,31429,20781.57,16901609,0
"2022-02-19",3254,7109000,2180,6191922,65,580791,11179,2987049,216,49741,11395,3036790,16894,20806.57,16918503,0
"2022-02-20",1861,7110861,1444,6193366,59,580850,6582,2993631,112,49853,6694,3043484,10058,21086.86,16928561,0
"2022-02-21",3085,7113946,2695,6196061,95,580945,8350,3001981,228,50081,8578,3052062,14453,20627.71,16943014,0
"2022-02-22",4382,7118328,4252,6200313,175,581120,10833,3012814,249,50330,11082,3063144,19891,20488.14,16962905,0
"2022-02-23",4265,7122593,3788,6204101,145,581265,10669,3023483,238,50568,10907,3074051,19105,19820.29,16982010,0
"2022-02-24",3796,7126389,3657,6207758,108,581373,10193,3033676,227,50795,10420,3084471,17981,18544.43,16999991,0
"2022-02-25",3617,7130006,3627,6211385,134,581507,9978,3043654,238,51033,10216,3094687,17594,16568,17017585,0
"2022-02-26",2838,7132844,2578,6213963,74,581581,9512,3053166,153,51186,9665,3104352,15155,16319.57,17032740,0
"2022-02-27",1773,7134617,1373,6215336,52,581633,6266,3059432,100,51286,6366,3110718,9564,16249,17042304,0
"2022-02-28",3802,7138419,3132,6218468,141,581774,13133,3072565,246,51532,13379,3124097,20454,17106.29,17062758,0
"2022-03-01",2137,7140556,2626,6221094,103,581877,5173,3077738,185,51717,5358,3129455,10224,15725.29,17072982,0
"2022-03-02",1841,7142397,2439,6223533,106,581983,4129,3081867,208,51925,4337,3133792,8723,14242.14,17081705,0
"2022-03-03",1935,7144332,2556,6226089,106,582089,3797,3085664,169,52094,3966,3137758,8563,12896.71,17090268,0
"2022-03-04",2123,7146455,2874,6228963,66,582155,4330,3089994,206,52300,4536,3142294,9599,11754.57,17099867,0
"2022-03-05",1612,7148067,2124,6231087,43,582198,3318,3093312,115,52415,3433,3145727,7212,10619.86,17107079,0
"2022-03-06",799,7148866,879,6231966,30,582228,1621,3094933,56,52471,1677,3147404,3385,9737.14,17110464,0
"2022-03-07",1668,7150534,1786,6233752,86,582314,3497,3098430,161,52632,3658,3151062,7198,7843.43,17117662,0
"2022-03-08",1550,7152084,1893,6235645,79,582393,3125,3101555,149,52781,3274,3154336,6796,7353.71,17124458,0
"2022-03-09",1267,7153351,1677,6237322,79,582472,2585,3104140,130,52911,2715,3157051,5738,6927.29,17130196,0
"2022-03-10",1420,7154771,2100,6239422,85,582557,2956,3107096,162,53073,3118,3160169,6723,6664.43,17136919,0
"2022-03-11",1601,7156372,2274,6241696,81,582638,3213,3110309,187,53260,3400,3163569,7356,6344,17144275,0
"2022-03-12",880,7157252,1414,6243110,40,582678,2005,3112314,75,53335,2080,3165649,4414,5944.29,17148689,0
"2022-03-13",624,7157876,757,6243867,28,582706,1292,3113606,47,53382,1339,3166988,2748,5853.29,17151437,0
"2022-03-14",1372,7159248,1607,6245474,83,582789,2989,3116595,207,53589,3196,3170184,6258,5719,17157695,0
"2022-03-15",1361,7160609,1926,6247400,63,582852,3067,3119662,230,53819,3297,3173481,6647,5697.71,17164342,0
"2022-03-16",1400,7162009,2066,6249466,94,582946,3133,3122795,296,54115,3429,3176910,6989,5876.43,17171331,0
"2022-03-17",1191,7163200,1808,6251274,70,583016,2759,3125554,266,54381,3025,3179935,6094,5786.57,17177425,0
"2022-03-18",1593,7164793,2218,6253492,80,583096,3770,3129324,415,54796,4185,3184120,8076,5889.43,17185501,0
"2022-03-19",1114,7165907,1734,6255226,54,583150,2600,3131924,226,55022,2826,3186946,5728,6077.14,17191229,0
"2022-03-20",614,7166521,627,6255853,33,583183,1461,3133385,187,55209,1648,3188594,2922,6102,17194151,0
"2022-03-21",1419,7167940,1553,6257406,72,583255,3056,3136441,357,55566,3413,3192007,6457,6130.43,17200608,0
"2022-03-22",1346,7169286,1555,6258961,101,583356,2903,3139344,344,55910,3247,3195254,6249,6073.57,17206857,0
"2022-03-23",1261,7170547,1361,6260322,66,583422,2919,3142263,374,56284,3293,3198547,5981,5929.57,17212838,0
"2022-03-24",1213,7171760,1297,6261619,90,583512,2520,3144783,267,56551,2787,3201334,5387,5828.57,17218225,0
"2022-03-25",1391,7173151,1630,6263249,62,583574,3263,3148046,379,56930,3642,3204976,6725,5635.57,17224950,0
"2022-03-26",927,7174078,1162,6264411,36,583610,2308,3150354,250,57180,2558,3207534,4683,5486.29,17229633,0
"2022-03-27",574,7174652,528,6264939,29,583639,1312,3151666,204,57384,1516,3209050,2647,5447,17232280,0
"2022-03-28",1086,7175738,1164,6266103,69,583708,2438,3154104,365,57749,2803,3211853,5122,5256.29,17237402,0
"2022-03-29",1052,7176790,1105,6267208,85,583793,2514,3156618,880,58629,3394,3215247,5636,5168.71,17243038,0
"2022-03-30",1249,7178039,1141,6268349,98,583891,3067,3159685,3403,62032,6470,3221717,8958,5594,17251996,0
"2022-03-31",1290,7179329,1259,6269608,57,583948,3165,3162850,5508,67540,8673,3230390,11279,6435.71,17263275,0
"2022-04-01",1431,7180760,1499,6271107,76,584024,3249,3166099,6900,74440,10149,3240539,13155,7354.29,17276430,0
"2022-04-02",912,7181672,912,6272019,33,584057,2096,3168195,4525,78965,6621,3247160,8478,7896.43,17284908,0
"2022-04-03",560,7182232,499,6272518,28,584085,1222,3169417,3050,82015,4272,3251432,5359,8283.86,17290267,0
"2022-04-04",1355,7183587,1307,6273825,61,584146,2736,3172153,7697,89712,10433,3261865,13156,9431.57,17303423,0
"2022-04-05",1305,7184892,1162,6274987,66,584212,2856,3175009,7480,97192,10336,3272201,12869,10464.86,17316292,0
"2022-04-06",1345,7186237,1181,6276168,61,584273,2625,3177634,6948,104140,9573,3281774,12160,10922.29,17328452,0
"2022-04-07",1210,7187447,1067,6277235,57,584330,2378,3180012,6604,110744,8982,3290756,11316,10927.57,17339768,0
"2022-04-08",1485,7188932,1406,6278641,61,584391,3176,3183188,8776,119520,11952,3302708,14904,11177.43,17354672,0
"2022-04-09",917,7189849,924,6279565,29,584420,2081,3185269,4940,124460,7021,3309729,8891,11236.43,17363563,0
"2022-04-10",585,7190434,460,6280025,25,584445,1171,3186440,2893,127353,4064,3313793,5134,11204.29,17368697,0
"2022-04-11",1315,7191749,1238,6281263,59,584504,2669,3189109,7794,135147,10463,3324256,13075,11192.71,17381772,0
"2022-04-12",1223,7192972,1059,6282322,73,584577,2526,3191635,7411,142558,9937,3334193,12292,11110.29,17394064,0
"2022-04-13",1240,7194212,1080,6283402,59,584636,2518,3194153,7537,150095,10055,3344248,12434,11149.43,17406498,0
"2022-04-14",1276,7195488,1101,6284503,59,584695,2446,3196599,6570,156665,9016,3353264,11452,11168.86,17417950,0
"2022-04-15",1341,7196829,1099,6285602,53,584748,2569,3199168,6618,163283,9187,3362451,11680,10708.29,17429630,0
"2022-04-16",862,7197691,654,6286256,33,584781,1644,3200812,3678,166961,5322,3367773,6871,10419.71,17436501,0
"2022-04-17",347,7198038,202,6286458,27,584808,640,3201452,1154,168115,1794,3369567,2370,10024.86,17438871,0
"2022-04-18",1393,7199431,1118,6287576,82,584890,2586,3204038,6410,174525,8996,3378563,11589,9812.57,17450460,0
"2022-04-19",1425,7200856,939,6288515,72,584962,2573,3206611,5739,180264,8312,3386875,10748,9592,17461208,0
"2022-04-20",1320,7202176,1160,6289675,65,585027,2716,3209327,6621,186885,9337,3396212,11882,9513.14,17473090,0
"2022-04-21",1230,7203406,1066,6290741,53,585080,2331,3211658,5335,192220,7666,3403878,10015,9307.86,17483105,0
"2022-04-22",1218,7204624,1025,6291766,46,585126,2203,3213861,5635,197855,7838,3411716,10127,9086,17493232,0
"2022-04-23",718,7205342,751,6292517,59,585185,1427,3215288,3345,201200,4772,3416488,6300,9004.43,17499532,0
"2022-04-24",442,7205784,338,6292855,27,585212,813,3216101,1811,203011,2624,3419112,3431,9156,17502963,0
"2022-04-25",1032,7206816,918,6293773,64,585276,1853,3217954,5088,208099,6941,3426053,8955,8779.71,17511918,0
"2022-04-26",952,7207768,860,6294633,76,585352,1752,3219706,4686,212785,6438,3432491,8326,8433.71,17520244,0
"2022-04-27",1041,7208809,1025,6295658,80,585432,1929,3221635,5203,217988,7132,3439623,9278,8061.71,17529522,0
"2022-04-28",1092,7209901,989,6296647,50,585482,2007,3223642,4726,222714,6733,3446356,8864,7897.29,17538386,0
"2022-04-29",1190,7211091,1108,6297755,60,585542,2162,3225804,5387,228101,7549,3453905,9907,7865.86,17548293,0
"2022-04-30",730,7211821,741,6298496,43,585585,1396,3227200,2952,231053,4348,3458253,5862,7803.29,17554155,0
"2022-05-01",445,7212266,366,6298862,20,585605,767,3227967,1655,232708,2422,3460675,3253,7777.86,17557408,0
"2022-05-02",1061,7213327,796,6299658,52,585657,1671,3229638,3812,236520,5483,3466158,7392,7554.57,17564800,0
"2022-05-03",1126,7214453,864,6300522,61,585718,1999,3231637,4858,241378,6857,3473015,8908,7637.71,17573708,0
"2022-05-04",1022,7215475,885,6301407,48,585766,1916,3233553,4642,246020,6558,3479573,8513,7528.43,17582221,0
"2022-05-05",1070,7216545,953,6302360,86,585852,1923,3235476,4868,250888,6791,3486364,8900,7533.57,17591121,0
"2022-05-06",1093,7217638,961,6303321,51,585903,1868,3237344,4384,255272,6252,3492616,8357,7312.14,17599478,0
"2022-05-07",661,7218299,592,6303913,32,585935,1203,3238547,2426,257698,3629,3496245,4914,7176.71,17604392,0
"2022-05-08",417,7218716,247,6304160,17,585952,665,3239212,1381,259079,2046,3498291,2727,7101.57,17607119,0
"2022-05-09",1087,7219803,948,6305108,60,586012,1888,3241100,4420,263499,6308,3504599,8403,7246,17615522,0
"2022-05-10",1098,7220901,931,6306039,54,586066,1986,3243086,4712,268211,6698,3511297,8781,7227.86,17624303,0
"2022-05-11",1095,7221996,982,6307021,44,586110,1940,3245026,4826,273037,6766,3518063,8887,7281.29,17633190,0
"2022-05-12",1107,7223103,951,6307972,60,586170,2002,3247028,4656,277693,6658,3524721,8776,7263.57,17641966,0
"2022-05-13",1164,7224267,1041,6309013,44,586214,2061,3249089,4782,282475,6843,3531564,9092,7368.57,17651058,0
"2022-05-14",832,7225099,670,6309683,31,586245,1471,3250560,2943,285418,4414,3535978,5947,7516.14,17657005,0
"2022-05-15",512,7225611,357,6310040,21,586266,924,3251484,1644,287062,2568,3538546,3458,7620.57,17660463,0
"2022-05-16",1233,7226844,861,6310901,62,586328,1827,3253311,3853,290915,5680,3544226,7836,7539.57,17668299,0
"2022-05-17",1302,7228146,927,6311828,79,586407,2051,3255362,4871,295786,6922,3551148,9230,7603.71,17677529,0
"2022-05-18",1250,7229396,902,6312730,82,586489,2064,3257426,4916,300702,6980,3558128,9214,7650.43,17686743,0
"2022-05-19",1173,7230569,883,6313613,36,586525,2119,3259545,4712,305414,6831,3564959,8923,7671.43,17695666,0
"2022-05-20",1206,7231775,960,6314573,74,586599,2365,3261910,5186,310600,7551,3572510,9791,7771.29,17705457,0
"2022-05-21",839,7232614,649,6315222,23,586622,1725,3263635,3287,313887,5012,3577522,6523,7853.57,17711980,0
"2022-05-22",513,7233127,291,6315513,22,586644,1134,3264769,1839,315726,2973,3580495,3799,7902.29,17715779,0
"2022-05-23",1227,7234354,892,6316405,47,586691,2187,3266956,4693,320419,6880,3587375,9046,8075.14,17724825,0
"2022-05-24",1438,7235792,941,6317346,66,586757,2294,3269250,4467,324886,6761,3594136,9206,8071.71,17734031,0
"2022-05-25",1441,7237233,960,6318306,56,586813,2262,3271512,4236,329122,6498,3600634,8955,8034.71,17742986,0
"2022-05-26",1184,7238417,880,6319186,60,586873,2262,3273774,4129,333251,6391,3607025,8515,7976.43,17751501,0
"2022-05-27",1258,7239675,958,6320144,38,586911,2491,3276265,3892,337143,6383,3613408,8637,7811.57,17760138,0
"2022-05-28",720,7240395,518,6320662,19,586930,1779,3278044,2060,339203,3839,3617247,5096,7607.71,17765234,0
"2022-05-29",476,7240871,218,6320880,11,586941,761,3278805,1117,340320,1878,3619125,2583,7434,17767817,0
"2022-05-30",91,7240962,57,6320937,6,586947,139,3278944,145,340465,284,3619409,438,6204.29,17768255,0
"2022-05-31",1143,7242105,919,6321856,51,586998,1882,3280826,3056,343521,4938,3624347,7051,5896.43,17775306,0
"2022-06-01",1160,7243265,849,6322705,63,587061,1966,3282792,3407,346928,5373,3629720,7445,5680.71,17782751,0
"2022-06-02",1038,7244303,802,6323507,72,587133,1822,3284614,3158,350086,4980,3634700,6892,5448.86,17789643,0
"2022-06-03",1170,7245473,891,6324398,47,587180,2056,3286670,3478,353564,5534,3640234,7642,5306.71,17797285,0
"2022-06-04",729,7246202,583,6324981,26,587206,1548,3288218,1893,355457,3441,3643675,4779,5261.43,17802064,0
"2022-06-05",450,7246652,297,6325278,1,587207,880,3289098,978,356435,1858,3645533,2606,5264.71,17804670,0
"2022-06-06",1127,7247779,826,6326104,64,587271,1752,3290850,2727,359162,4479,3650012,6496,6130.14,17811166,0
"2022-06-07",1030,7248809,767,6326871,70,587341,1770,3292620,2554,361716,4324,3654336,6191,6007.29,17817357,0
"2022-06-08",1099,7249908,835,6327706,75,587416,1871,3294491,2729,364445,4600,3658936,6609,5887.86,17823966,0
"2022-06-09",1147,7251055,839,6328545,61,587477,2216,3296707,2680,367125,4896,3663832,6943,5895.14,17830909,0
"2022-06-10",1055,7252110,820,6329365,75,587552,1879,3298586,2812,369937,4691,3668523,6641,5752.14,17837550,0
"2022-06-11",682,7252792,507,6329872,25,587577,1318,3299904,1502,371439,2820,3671343,4034,5645.71,17841584,0
"2022-06-12",352,7253144,285,6330157,21,587598,880,3300784,768,372207,1648,3672991,2306,5602.86,17843890,0
"2022-06-13",1038,7254182,766,6330923,63,587661,1566,3302350,2177,374384,3743,3676734,5610,5476.29,17849500,0
"2022-06-14",955,7255137,825,6331748,55,587716,1673,3304023,2487,376871,4160,3680894,5995,5448.29,17855495,0
"2022-06-15",982,7256119,863,6332611,39,587755,1651,3305674,2402,379273,4053,3684947,5937,5352.29,17861432,0
"2022-06-16",954,7257073,780,6333391,59,587814,1823,3307497,2347,381620,4170,3689117,5963,5212.29,17867395,0
"2022-06-17",903,7257976,795,6334186,47,587861,1746,3309243,2386,384006,4132,3693249,5877,5103.14,17873272,0
"2022-06-18",665,7258641,521,6334707,26,587887,1274,3310517,1291,385297,2565,3695814,3777,5066.43,17877049,0
"2022-06-19",353,7258994,236,6334943,16,587903,725,3311242,603,385900,1328,3697142,1933,5013.14,17878982,0
"2022-06-20",838,7259832,489,6335432,41,587944,1565,3312807,1611,387511,3176,3700318,4544,4860.86,17883526,0
"2022-06-21",1137,7260969,733,6336165,50,587994,1689,3314496,2121,389632,3810,3704128,5730,4823,17889256,0
"2022-06-22",1972,7262941,821,6336986,46,588040,1690,3316186,1981,391613,3671,3707799,6510,4904.86,17895766,0
"2022-06-23",2127,7265068,758,6337744,64,588104,1694,3317880,2141,393754,3835,3711634,6784,5022.14,17902550,0
"2022-06-24",2177,7267245,756,6338500,48,588152,1618,3319498,2134,395888,3752,3715386,6733,5144.43,17909283,0
"2022-06-25",2141,7269386,487,6338987,15,588167,1232,3320730,1133,397021,2365,3717751,5008,5320.29,17914291,0
"2022-06-26",1213,7270599,249,6339236,14,588181,680,3321410,530,397551,1210,3718961,2686,5427.86,17916977,0
"2022-06-27",1530,7272129,651,6339887,60,588241,1455,3322865,1619,399170,3074,3722035,5315,5538,17922292,0
"2022-06-28",1690,7273819,831,6340718,53,588294,1843,3324708,2122,401292,3965,3726000,6539,5653.57,17928831,0
"2022-06-29",1856,7275675,767,6341485,48,588342,1707,3326415,1912,403204,3619,3729619,6290,5622.14,17935121,0
"2022-06-30",1860,7277535,800,6342285,46,588388,1730,3328145,2107,405311,3837,3733456,6543,5587.71,17941664,0
"2022-07-01",1581,7279116,592,6342877,25,588413,1383,3329528,1715,407026,3098,3736554,5296,5382.43,17946960,0
"2022-07-02",972,7280088,379,6343256,18,588431,830,3330358,925,407951,1755,3738309,3124,5113.29,17950084,0
"2022-07-03",529,7280617,205,6343461,7,588438,459,3330817,484,408435,943,3739252,1684,4970.14,17951768,0
"2022-07-04",35,7280652,26,6343487,1,588439,30,3330847,38,408473,68,3739320,130,4229.43,17951898,0
"2022-07-05",1276,7281928,748,6344235,35,588474,1390,3332237,1731,410204,3121,3742441,5180,4035.29,17957078,0
"2022-07-06",1608,7283536,677,6344912,44,588518,1439,3333676,1816,412020,3255,3745696,5584,3934.43,17962662,0
"2022-07-07",1579,7285115,716,6345628,48,588566,1513,3335189,1983,414003,3496,3749192,5839,3833.86,17968501,0
"2022-07-08",1622,7286737,642,6346270,37,588603,1462,3336651,1959,415962,3421,3752613,5722,3894.71,17974223,0
"2022-07-09",980,7287717,411,6346681,26,588629,876,3337527,1339,417301,2215,3754828,3632,3967.29,17977855,0
"2022-07-10",642,7288359,184,6346865,17,588646,426,3337953,658,417959,1084,3755912,1927,4002,17979782,0
"2022-07-11",1387,7289746,630,6347495,49,588695,1423,3339376,2189,420148,3612,3759524,5678,4794.57,17985460,0
"2022-07-12",1394,7291140,684,6348179,45,588740,1389,3340765,2493,422641,3882,3763406,6005,4912.43,17991465,0
"2022-07-13",1600,7292740,720,6348899,36,588776,1497,3342262,2769,425410,4266,3767672,6622,5060.71,17998087,0
"2022-07-14",1575,7294315,834,6349733,47,588823,1584,3343846,3038,428448,4622,3772294,7078,5237.71,18005165,0
"2022-07-15",1602,7295917,917,6350650,44,588867,1548,3345394,3028,431476,4576,3776870,7139,5440.14,18012304,0
"2022-07-16",879,7296796,576,6351226,9,588876,970,3346364,1685,433161,2655,3779525,4119,5509.71,18016423,0
"2022-07-17",546,7297342,291,6351517,16,588892,529,3346893,1163,434324,1692,3781217,2545,5598,18018968,0
"2022-07-18",1387,7298729,838,6352355,45,588937,1417,3348310,2421,436745,3838,3785055,6108,5659.43,18025076,0
"2022-07-19",1426,7300155,967,6353322,51,588988,1530,3349840,2763,439508,4293,3789348,6737,5764,18031813,0
"2022-07-20",1362,7301517,1468,6354790,50,589038,1329,3351169,2347,441855,3676,3793024,6556,5754.57,18038369,0
"2022-07-21",1327,7302844,1424,6356214,46,589084,1380,3352549,2337,444192,3717,3796741,6514,5674,18044883,0
"2022-07-22",1417,7304261,1547,6357761,41,589125,1535,3354084,2826,447018,4361,3801102,7366,5706.43,18052249,0
"2022-07-23",902,7305163,1088,6358849,16,589141,991,3355075,1546,448564,2537,3803639,4543,5767,18056792,0
"2022-07-24",490,7305653,638,6359487,14,589155,500,3355575,799,449363,1299,3804938,2441,5752.14,18059233,0
"2022-07-25",1204,7306857,764,6360251,57,589212,1250,3356825,2036,451399,3286,3808224,5311,5638.29,18064544,0
"2022-07-26",1207,7308064,1008,6361259,40,589252,1444,3358269,2395,453794,3839,3812063,6094,5546.43,18070638,0
"2022-07-27",1299,7309363,1259,6362518,40,589292,1373,3359642,2154,455948,3527,3815590,6125,5484.86,18076763,0
"2022-07-28",1287,7310650,1398,6363916,69,589361,1398,3361040,2160,458108,3558,3819148,6312,5456,18083075,0
"2022-07-29",1306,7311956,1409,6365325,64,589425,1326,3362366,2097,460205,3423,3822571,6202,5289.71,18089277,0
"2022-07-30",717,7312673,711,6366036,23,589448,781,3363147,938,461143,1719,3824290,3170,5093.57,18092447,0
"2022-07-31",415,7313088,586,6366622,14,589462,486,3363633,568,461711,1054,3825344,2069,5040.43,18094516,0
"2022-08-01",1206,7314294,894,6367516,54,589516,1307,3364940,1463,463174,2770,3828114,4924,4985.14,18099440,0
"2022-08-02",1206,7315500,999,6368515,72,589588,1321,3366261,1565,464739,2886,3831000,5163,4852.14,18104603,0
"2022-08-03",1231,7316731,1156,6369671,41,589629,1298,3367559,1416,466155,2714,3833714,5142,4711.71,18109745,0
"2022-08-04",1149,7317880,1146,6370817,52,589681,1226,3368785,1335,467490,2561,3836275,4908,4511.14,18114653,0
"2022-08-05",1256,7319136,1390,6372207,43,589724,1259,3370044,1311,468801,2570,3838845,5259,4376.43,18119912,0
"2022-08-06",660,7319796,827,6373034,14,589738,726,3370770,694,469495,1420,3840265,2921,4340.86,18122833,0
"2022-08-07",382,7320178,452,6373486,12,589750,416,3371186,335,469830,751,3841016,1597,4273.43,18124430,0
"2022-08-08",1136,7321314,894,6374380,63,589813,1199,3372385,1082,470912,2281,3843297,4374,4194.86,18128804,0
"2022-08-09",1095,7322409,864,6375244,33,589846,1146,3373531,1059,471971,2205,3845502,4197,4056.86,18133001,120000
"2022-08-10",1169,7323578,1073,6376317,54,589900,1197,3374728,1102,473073,2299,3847801,4595,3978.71,18137596,120000
"2022-08-11",1253,7324831,997,6377314,71,589971,1063,3375791,1074,474147,2137,3849938,4458,3914.43,18142054,120000
"2022-08-12",1254,7326085,1337,6378651,43,590014,1162,3376953,1100,475247,2262,3852200,4896,3862.57,18146950,120000
"2022-08-13",731,7326816,752,6379403,13,590027,713,3377666,539,475786,1252,3853452,2748,3837.86,18149698,120000
"2022-08-14",424,7327240,412,6379815,20,590047,310,3377976,227,476013,537,3853989,1393,3808.71,18151091,120000
"2022-08-15",363,7327603,371,6380186,18,590065,390,3378366,301,476314,691,3854680,1443,3390,18152534,120000
