"DATE","ADMIN_DOSE1_DAILY","ADMIN_DOSE1_CUMULATIVE","ADMIN_DOSE2_DAILY","ADMIN_DOSE2_CUMULATIVE","ADMIN_SINGLE_DAILY","ADMIN_SINGLE_CUMULATIVE","ADMIN_ADDITIONAL_DAILY","ADMIN_ADDITIONAL_CUMULATIVE","ADMIN_ALLDOSES_DAILY","ADMIN_ALLDOSES_7DAYAVG","ADMIN_ALLDOSES_CUMULATIVE","INCOMPLETE"
"2020-12-14",79,79,0,0,0,0,0,0,79,,79,0
"2020-12-15",2051,2130,7,7,4,4,0,0,2062,,2141,0
"2020-12-16",4603,6733,13,20,1,5,1,1,4618,,6759,0
"2020-12-17",4655,11388,17,37,0,5,1,2,4673,,11432,0
"2020-12-18",5834,17222,19,56,2,7,2,4,5857,,17289,0
"2020-12-19",1689,18911,7,63,3,10,0,4,1699,,18988,0
"2020-12-20",1116,20027,2,65,1,11,0,4,1119,2872.43,20107,0
"2020-12-21",6339,26366,18,83,0,11,5,9,6362,3770,26469,0
"2020-12-22",9795,36161,27,110,2,13,1,10,9825,4879,36294,0
"2020-12-23",14275,50436,35,145,3,16,1,11,14314,6264.14,50608,0
"2020-12-24",7201,57637,24,169,1,17,0,11,7226,6628.86,57834,0
"2020-12-25",180,57817,0,169,0,17,1,12,181,5818,58015,0
"2020-12-26",4389,62206,42,211,0,17,1,13,4432,6208.43,62447,0
"2020-12-27",3868,66074,14,225,0,17,1,14,3883,6603.29,66330,0
"2020-12-28",10995,77069,49,274,1,18,2,16,11047,7272.57,77377,0
"2020-12-29",10719,87788,34,308,2,20,2,18,10757,7405.71,88134,0
"2020-12-30",12823,100611,46,354,0,20,0,18,12869,7199.29,101003,0
"2020-12-31",7262,107873,31,385,1,21,0,18,7294,7209,108297,0
"2021-01-01",181,108054,2,387,1,22,3,21,187,7209.86,108484,0
"2021-01-02",3809,111863,10,397,2,24,2,23,3823,7122.86,112307,0
"2021-01-03",3542,115405,24,421,2,26,1,24,3569,7078,115876,0
"2021-01-04",12257,127662,805,1226,2,28,7,31,13071,7367.14,128947,0
"2021-01-05",14085,141747,2190,3416,2,30,12,43,16289,8157.43,145236,0
"2021-01-06",17803,159550,3926,7342,1,31,30,73,21760,9427.57,166996,0
"2021-01-07",16550,176100,5169,12511,4,35,45,118,21768,11495.29,188764,0
"2021-01-08",16618,192718,5456,17967,0,35,33,151,22107,14626.71,210871,0
"2021-01-09",7652,200370,1462,19429,1,36,7,158,9122,15383.71,219993,0
"2021-01-10",7882,208252,983,20412,0,36,10,168,8875,16141.71,228868,0
"2021-01-11",25828,234080,7454,27866,2,38,48,216,33332,19036.14,262200,0
"2021-01-12",28263,262343,7857,35723,1,39,44,260,36165,21875.57,298365,0
"2021-01-13",31728,294071,9385,45108,1,40,52,312,41166,24647.86,339531,0
"2021-01-14",35809,329880,5324,50432,1,41,29,341,41163,27418.57,380694,0
"2021-01-15",29269,359149,3704,54136,2,43,32,373,33007,28975.71,413701,0
"2021-01-16",30291,389440,2381,56517,0,43,24,397,32696,32343.43,446397,0
"2021-01-17",23752,413192,1624,58141,0,43,18,415,25394,34703.29,471791,0
"2021-01-18",27107,440299,2413,60554,1,44,34,449,29555,34163.71,501346,0
"2021-01-19",34298,474597,9624,70178,1,45,71,520,43994,35282.14,545340,0
"2021-01-20",34869,509466,9493,79671,1,46,59,579,44422,35747.29,589762,0
"2021-01-21",25591,535057,8093,87764,2,48,47,626,33733,34685.86,623495,0
"2021-01-22",24756,559813,4382,92146,1,49,31,657,29170,34137.71,652665,0
"2021-01-23",15743,575556,3222,95368,0,49,10,667,18975,32177.57,671640,0
"2021-01-24",7176,582732,3452,98820,0,49,19,686,10647,30070.86,682287,0
"2021-01-25",13414,596146,11817,110637,0,49,66,752,25297,29462.57,707584,0
"2021-01-26",16765,612911,10752,121389,0,49,68,820,27585,27118.43,735169,0
"2021-01-27",20836,633747,12358,133747,0,49,49,869,33243,25521.43,768412,0
"2021-01-28",30761,664508,12849,146596,0,49,79,948,43689,26943.71,812101,0
"2021-01-29",31694,696202,11499,158095,0,49,81,1029,43274,28958.57,855375,0
"2021-01-30",18711,714913,3741,161836,0,49,20,1049,22472,29458.14,877847,0
"2021-01-31",13022,727935,2918,164754,1,50,28,1077,15969,30218.43,893816,0
"2021-02-01",1180,729115,5369,170123,4,54,35,1112,6588,27545.71,900404,0
"2021-02-02",2828,731943,9472,179595,2,56,48,1160,12350,25369.29,912754,0
"2021-02-03",16348,748291,21241,200836,4,60,202,1362,37795,26019.57,950549,0
"2021-02-04",27047,775338,19649,220485,3,63,199,1561,46898,26478,997447,0
"2021-02-05",27601,802939,20032,240517,0,63,183,1744,47816,27126.86,1045263,0
"2021-02-06",22992,825931,11247,251764,0,63,109,1853,34348,28823.43,1079611,0
"2021-02-07",12044,837975,8282,260046,1,64,90,1943,20417,29458.86,1100028,0
"2021-02-08",16967,854942,23513,283559,2,66,231,2174,40713,34333.86,1140741,0
"2021-02-09",17196,872138,28110,311669,2,68,330,2504,45638,39089.29,1186379,0
"2021-02-10",19592,891730,29310,340979,2,70,258,2762,49162,40713.14,1235541,0
"2021-02-11",27849,919579,33467,374446,2,72,343,3105,61661,42822.14,1297202,0
"2021-02-12",38399,957978,30796,405242,3,75,352,3457,69550,45927,1366752,0
"2021-02-13",28005,985983,25308,430550,2,77,311,3768,53626,48681,1420378,0
"2021-02-14",16281,1002264,23729,454279,0,77,260,4028,40270,51517.14,1460648,0
"2021-02-15",12797,1015061,10528,464807,2,79,165,4193,23492,49057,1484140,0
"2021-02-16",14240,1029301,26731,491538,0,79,319,4512,41290,48435.86,1525430,0
"2021-02-17",16398,1045699,22185,513723,1,80,284,4796,38868,46965.29,1564298,0
"2021-02-18",12155,1057854,24987,538710,21,101,288,5084,37451,43506.71,1601749,0
"2021-02-19",13265,1071119,23931,562641,39,140,305,5389,37540,38933.86,1639289,0
"2021-02-20",11352,1082471,26070,588711,6,146,325,5714,37753,36666.29,1677042,0
"2021-02-21",6363,1088834,17421,606132,15,161,283,5997,24082,34353.71,1701124,0
"2021-02-22",13042,1101876,11846,617978,2,163,126,6123,25016,34571.43,1726140,0
"2021-02-23",25244,1127120,14145,632123,1,164,161,6284,39551,34323,1765691,0
"2021-02-24",36360,1163480,20386,652509,0,164,221,6505,56967,36908.57,1822658,0
"2021-02-25",54618,1218098,30380,682889,6,170,394,6899,85398,43758.14,1908056,0
"2021-02-26",62873,1280971,31869,714758,4,174,408,7307,95154,51988.71,2003210,0
"2021-02-27",51300,1332271,22746,737504,47,221,331,7638,74424,57227.43,2077634,0
"2021-02-28",44597,1376868,13814,751318,7,228,206,7844,58624,62162,2136258,0
"2021-03-01",39316,1416184,12776,764094,10,238,165,8009,52267,66055,2188525,0
"2021-03-02",47082,1463266,12573,776667,7,245,161,8170,59823,68951,2248348,0
"2021-03-03",48605,1511871,16152,792819,17,262,146,8316,64920,70087.14,2313268,0
"2021-03-04",59819,1571690,22815,815634,1092,1354,271,8587,83997,69887,2397265,0
"2021-03-05",60991,1632681,24276,839910,3109,4463,329,8916,88705,68965.71,2485970,0
"2021-03-06",47181,1679862,18877,858787,5451,9914,237,9153,71746,68583.14,2557716,0
"2021-03-07",36045,1715907,14876,873663,6245,16159,227,9380,57393,68407.29,2615109,0
"2021-03-08",39629,1755536,14669,888332,8564,24723,313,9693,63175,69965.57,2678284,0
"2021-03-09",39106,1794642,12841,901173,7764,32487,177,9870,59888,69974.86,2738172,0
"2021-03-10",51831,1846473,15328,916501,5067,37554,229,10099,72455,71051.29,2810627,0
"2021-03-11",59993,1906466,21799,938300,4618,42172,254,10353,86664,71432.29,2897291,0
"2021-03-12",52207,1958673,30307,968607,4183,46355,369,10722,87066,71198.14,2984357,0
"2021-03-13",40654,1999327,26685,995292,5108,51463,322,11044,72769,71344.29,3057126,0
"2021-03-14",30717,2030044,15966,1011258,4527,55990,237,11281,51447,70494.86,3108573,0
"2021-03-15",33590,2063634,17245,1028503,4716,60706,233,11514,55784,69439,3164357,0
"2021-03-16",38679,2102313,20490,1048993,4925,65631,261,11775,64355,70077.14,3228712,0
"2021-03-17",42623,2144936,24773,1073766,4248,69879,336,12111,71980,70009.29,3300692,0
"2021-03-18",50459,2195395,26792,1100558,5240,75119,364,12475,82855,69465.14,3383547,0
"2021-03-19",47800,2243195,29936,1130494,5625,80744,389,12864,83750,68991.43,3467297,0
"2021-03-20",38710,2281905,25827,1156321,4687,85431,296,13160,69520,68527.29,3536817,0
"2021-03-21",29301,2311206,19351,1175672,770,86201,219,13379,49641,68269.29,3586458,0
"2021-03-22",33872,2345078,26725,1202397,4037,90238,260,13639,64894,69570.71,3651352,0
"2021-03-23",38437,2383515,32833,1235230,4219,94457,288,13927,75777,71202.43,3727129,0
"2021-03-24",41503,2425018,37579,1272809,4849,99306,328,14255,84259,72956.57,3811388,0
"2021-03-25",43418,2468436,50772,1323581,5055,104361,467,14722,99712,75364.71,3911100,0
"2021-03-26",38506,2506942,55496,1379077,4310,108671,523,15245,98835,77519.71,4009935,0
"2021-03-27",35739,2542681,45735,1424812,2939,111610,411,15656,84824,79706,4094759,0
"2021-03-28",26393,2569074,34439,1459251,1482,113092,328,15984,62642,81563.29,4157401,0
"2021-03-29",34822,2603896,38852,1498103,3248,116340,342,16326,77264,83330.43,4234665,0
"2021-03-30",40516,2644412,41907,1540010,3713,120053,333,16659,86469,84857.86,4321134,0
"2021-03-31",49403,2693815,44843,1584853,7441,127494,398,17057,102085,87404.43,4423219,0
"2021-04-01",50787,2744602,53929,1638782,11277,138771,500,17557,116493,89801.71,4539712,0
"2021-04-02",43761,2788363,53875,1692657,11970,150741,546,18103,110152,91418.43,4649864,0
"2021-04-03",39260,2827623,39200,1731857,9861,160602,334,18437,88655,91965.71,4738519,0
"2021-04-04",26561,2854184,24769,1756626,3902,164504,224,18661,55456,90939.14,4793975,0
"2021-04-05",41885,2896069,34478,1791104,11196,175700,368,19029,87927,92462.43,4881902,0
"2021-04-06",53274,2949343,35605,1826709,13222,188922,423,19452,102524,94756,4984426,0
"2021-04-07",55523,3004866,40683,1867392,14389,203311,394,19846,110989,96028,5095415,0
"2021-04-08",59273,3064139,46572,1913964,16340,219651,513,20359,122698,96914.43,5218113,0
"2021-04-09",56648,3120787,44955,1958919,17551,237202,512,20871,119666,98273.57,5337779,0
"2021-04-10",49354,3170141,35640,1994559,12728,249930,386,21257,98108,99624,5435887,0
"2021-04-11",38187,3208328,28814,2023373,7684,257614,294,21551,74979,102413,5510866,0
"2021-04-12",46643,3254971,31848,2055221,13496,271110,462,22013,92449,103059,5603315,0
"2021-04-13",52548,3307519,33790,2089011,368,271478,391,22404,87097,100855.14,5690412,0
"2021-04-14",50150,3357669,39960,2128971,20,271498,364,22768,90494,97927.29,5780906,0
"2021-04-15",52130,3409799,43673,2172644,16,271514,452,23220,96271,94152,5877177,0
"2021-04-16",51190,3460989,42217,2214861,32,271546,414,23634,93853,90464.43,5971030,0
"2021-04-17",43844,3504833,35689,2250550,3,271549,364,23998,79900,87863.29,6050930,0
"2021-04-18",28610,3533443,29372,2279922,7,271556,249,24247,58238,85471.71,6109168,0
"2021-04-19",37476,3570919,36449,2316371,22,271578,321,24568,74268,82874.43,6183436,0
"2021-04-20",40812,3611731,39629,2356000,19,271597,311,24879,80771,81970.71,6264207,0
"2021-04-21",38910,3650641,46009,2402009,16,271613,488,25367,85423,81246.29,6349630,0
"2021-04-22",38502,3689143,48960,2450969,9,271622,334,25701,87805,80036.86,6437435,0
"2021-04-23",39703,3728846,44380,2495349,4,271626,345,26046,84432,78691,6521867,0
"2021-04-24",31954,3760800,41602,2536951,44,271670,274,26320,73874,77830.14,6595741,0
"2021-04-25",18424,3779224,31229,2568180,86,271756,191,26511,49930,76643.29,6645671,0
"2021-04-26",26974,3806198,40735,2608915,1013,272769,284,26795,69006,75891.57,6714677,0
"2021-04-27",28571,3834769,47144,2656059,1697,274466,348,27143,77760,75461.43,6792437,0
"2021-04-28",27050,3861819,56838,2712897,2148,276614,423,27566,86459,75609.43,6878896,0
"2021-04-29",28614,3890433,57200,2770097,2148,278762,360,27926,88322,75683.29,6967218,0
"2021-04-30",30127,3920560,51988,2822085,2056,280818,277,28203,84448,75685.57,7051666,0
"2021-05-01",22482,3943042,44550,2866635,1177,281995,223,28426,68432,74908.14,7120098,0
"2021-05-02",11928,3954970,36656,2903291,1080,283075,135,28561,49799,74889.43,7169897,0
"2021-05-03",18034,3973004,53022,2956313,2383,285458,252,28813,73691,75558.71,7243588,0
"2021-05-04",22739,3995743,56648,3012961,2330,287788,261,29074,81978,76161.29,7325566,0
"2021-05-05",21478,4017221,48800,3061761,2312,290100,307,29381,72897,74223.86,7398463,0
"2021-05-06",20684,4037905,50184,3111945,2507,292607,266,29647,73641,72126.57,7472104,0
"2021-05-07",21257,4059162,52097,3164042,2813,295420,304,29951,76471,70987,7548575,0
"2021-05-08",16635,4075797,41866,3205908,1835,297255,230,30181,60566,69863.29,7609141,0
"2021-05-09",7977,4083774,29413,3235321,1260,298515,148,30329,38798,68291.71,7647939,0
"2021-05-10",14391,4098165,38539,3273860,2356,300871,231,30560,55517,65695.43,7703456,0
"2021-05-11",19916,4118081,43057,3316917,2514,303385,281,30841,65768,63379.71,7769224,0
"2021-05-12",17812,4135893,40534,3357451,3596,306981,229,31070,62171,61847.43,7831395,0
"2021-05-13",24975,4160868,40432,3397883,3230,310211,259,31329,68896,61169.57,7900291,0
"2021-05-14",27026,4187894,42916,3440799,3537,313748,279,31608,73758,60782,7974049,0
"2021-05-15",23652,4211546,34912,3475711,3366,317114,247,31855,62177,61012.14,8036226,0
"2021-05-16",15533,4227079,19441,3495152,2497,319611,125,31980,37596,60840.43,8073822,0
"2021-05-17",22676,4249755,29139,3524291,3258,322869,176,32156,55249,60802.14,8129071,0
"2021-05-18",24638,4274393,31908,3556199,3404,326273,235,32391,60185,60004.57,8189256,0
"2021-05-19",24197,4298590,29711,3585910,3040,329313,223,32614,57171,59290.29,8246427,0
"2021-05-20",24157,4322747,30084,3615994,3162,332475,271,32885,57674,57687.14,8304101,0
"2021-05-21",24686,4347433,32006,3648000,3060,335535,249,33134,60001,55721.86,8364102,0
"2021-05-22",20024,4367457,24357,3672357,2525,338060,161,33295,47067,53563.29,8411169,0
"2021-05-23",11237,4378694,13732,3686089,1411,339471,93,33388,26473,51974.29,8437642,0
"2021-05-24",18882,4397576,23153,3709242,2757,342228,214,33602,45006,50511,8482648,0
"2021-05-25",19434,4417010,23380,3732622,2601,344829,177,33779,45592,48426.29,8528240,0
"2021-05-26",18786,4435796,21086,3753708,2696,347525,199,33978,42767,46368.57,8571007,0
"2021-05-27",18472,4454268,21268,3774976,2529,350054,191,34169,42460,44195.14,8613467,0
"2021-05-28",17867,4472135,22888,3797864,2752,352806,188,34357,43695,41865.71,8657162,0
"2021-05-29",12710,4484845,17809,3815673,1755,354561,103,34460,32377,39767.14,8689539,0
"2021-05-30",7032,4491877,8949,3824622,1074,355635,47,34507,17102,38428.43,8706641,0
"2021-05-31",4742,4496619,6925,3831547,1012,356647,65,34572,12744,33819.57,8719385,0
"2021-06-01",16042,4512661,25196,3856743,2175,358822,151,34723,43564,33529.86,8762949,0
"2021-06-02",15353,4528014,20390,3877133,2093,360915,137,34860,37973,32845,8800922,0
"2021-06-03",15009,4543023,23818,3900951,2280,363195,125,34985,41232,32669.57,8842154,0
"2021-06-04",14732,4557755,25984,3926935,2493,365688,141,35126,43350,32620.29,8885504,0
"2021-06-05",10993,4568748,22086,3949021,1806,367494,112,35238,34997,32994.57,8920501,0
"2021-06-06",6446,4575194,14467,3963488,1222,368716,86,35324,22221,33725.86,8942722,0
"2021-06-07",11710,4586904,21787,3985275,2380,371096,137,35461,36014,37050.14,8978736,0
"2021-06-08",12650,4599554,24021,4009296,2072,373168,116,35577,38859,36378,9017595,0
"2021-06-09",11144,4610698,23022,4032318,2298,375466,132,35709,36596,36181.29,9054191,0
"2021-06-10",12070,4622768,22233,4054551,2462,377928,139,35848,36904,35563,9091095,0
"2021-06-11",12705,4635473,25122,4079673,2483,380411,150,35998,40460,35150.14,9131555,0
"2021-06-12",10166,4645639,19305,4098978,1888,382299,95,36093,31454,34644,9163009,0
"2021-06-13",4259,4649898,10934,4109912,1219,383518,41,36134,16453,33820,9179462,0
"2021-06-14",10210,4660108,19244,4129156,2042,385560,128,36262,31624,33192.86,9211086,0
"2021-06-15",11886,4671994,21008,4150164,1943,387503,130,36392,34967,32636.86,9246053,0
"2021-06-16",11590,4683584,19410,4169574,1956,389459,138,36530,33094,32136.57,9279147,0
"2021-06-17",11026,4694610,18763,4188337,1971,391430,119,36649,31879,31418.71,9311026,0
"2021-06-18",12169,4706779,18499,4206836,2116,393546,112,36761,32896,30338.14,9343922,0
"2021-06-19",8501,4715280,13516,4220352,1459,395005,82,36843,23558,29210.14,9367480,0
"2021-06-20",4335,4719615,7159,4227511,924,395929,37,36880,12455,28639,9379935,0
"2021-06-21",10164,4729779,10007,4237518,1806,397735,68,36948,22045,27270.57,9401980,0
"2021-06-22",9835,4739614,15641,4253159,1589,399324,105,37053,27170,26156.71,9429150,0
"2021-06-23",10315,4749929,15186,4268345,1860,401184,101,37154,27462,25352.14,9456612,0
"2021-06-24",9690,4759619,14696,4283041,1799,402983,118,37272,26303,24555.57,9482915,0
"2021-06-25",10592,4770211,14385,4297426,1718,404701,109,37381,26804,23685.29,9509719,0
"2021-06-26",7805,4778016,10465,4307891,1247,405948,74,37455,19591,23118.57,9529310,0
"2021-06-27",5002,4783018,6001,4313892,795,406743,32,37487,11830,23029.29,9541140,0
"2021-06-28",9033,4792051,10344,4324236,1524,408267,106,37593,21007,22881,9562147,0
"2021-06-29",9749,4801800,12313,4336549,1347,409614,127,37720,23536,22361.86,9585683,0
"2021-06-30",9430,4811230,10927,4347476,1481,411095,146,37866,21984,21579.29,9607667,0
"2021-07-01",9398,4820628,10928,4358404,1431,412526,125,37991,21882,20947.71,9629549,0
"2021-07-02",9696,4830324,11437,4369841,1541,414067,121,38112,22795,20375,9652344,0
"2021-07-03",7059,4837383,8420,4378261,1193,415260,75,38187,16747,19968.71,9669091,0
"2021-07-04",1288,4838671,1336,4379597,567,415827,8,38195,3199,18735.71,9672290,0
"2021-07-05",6495,4845166,7104,4386701,1208,417035,64,38259,14871,17859.14,9687161,0
"2021-07-06",9511,4854677,12851,4399552,1316,418351,116,38375,23794,17896,9710955,0
"2021-07-07",8673,4863350,11105,4410657,1419,419770,122,38497,21319,17801,9732274,0
"2021-07-08",8209,4871559,10189,4420846,1260,421030,108,38605,19766,17498.71,9752040,0
"2021-07-09",8377,4879936,10834,4431680,1279,422309,88,38693,20578,17182,9772618,0
"2021-07-10",7108,4887044,8628,4440308,1132,423441,62,38755,16930,17208.14,9789548,0
"2021-07-11",4104,4891148,4539,4444847,703,424144,34,38789,9380,18091.14,9798928,0
"2021-07-12",8454,4899602,9555,4454402,1250,425394,80,38869,19339,18729.43,9818267,0
"2021-07-13",9466,4909068,9385,4463787,951,426345,104,38973,19906,18174,9838173,0
"2021-07-14",9002,4918070,9528,4473315,1009,427354,103,39076,19642,17934.43,9857815,0
"2021-07-15",8791,4926861,9153,4482468,1051,428405,82,39158,19077,17836,9876892,0
"2021-07-16",9243,4936104,9762,4492230,978,429383,101,39259,20084,17765.43,9896976,0
"2021-07-17",6845,4942949,7385,4499615,802,430185,78,39337,15110,17505.43,9912086,0
"2021-07-18",4259,4947208,4283,4503898,569,430754,35,39372,9146,17472,9921232,0
"2021-07-19",9127,4956335,8468,4512366,999,431753,87,39459,18681,17378,9939913,0
"2021-07-20",10652,4966987,8757,4521123,991,432744,93,39552,20493,17461.86,9960406,0
"2021-07-21",10053,4977040,8762,4529885,903,433647,145,39697,19863,17493.43,9980269,0
"2021-07-22",10687,4987727,8582,4538467,1045,434692,142,39839,20456,17690.43,10000725,0
"2021-07-23",11255,4998982,8879,4547346,1114,435806,137,39976,21385,17876.29,10022110,0
"2021-07-24",7403,5006385,6736,4554082,670,436476,81,40057,14890,17844.86,10037000,0
"2021-07-25",5477,5011862,2126,4556208,509,436985,59,40116,8171,17705.57,10045171,0
"2021-07-26",10879,5022741,6998,4563206,859,437844,109,40225,18845,17729,10064016,0
"2021-07-27",12057,5034798,8567,4571773,857,438701,132,40357,21613,17889,10085629,0
"2021-07-28",11996,5046794,8047,4579820,950,439651,130,40487,21123,18069,10106752,0
"2021-07-29",10936,5057730,7427,4587247,983,440634,132,40619,19478,17929.29,10126230,0
"2021-07-30",14955,5072685,8011,4595258,1150,441784,179,40798,24295,18345,10150525,0
"2021-07-31",9730,5082415,6311,4601569,816,442600,119,40917,16976,18643,10167501,0
"2021-08-01",6504,5088919,3308,4604877,564,443164,79,40996,10455,18969.29,10177956,0
"2021-08-02",13450,5102369,7154,4612031,847,444011,145,41141,21596,19362.29,10199552,0
"2021-08-03",15415,5117784,8383,4620414,1109,445120,143,41284,25050,19853.29,10224602,0
"2021-08-04",17262,5135046,8120,4628534,1454,446574,180,41464,27016,20695.14,10251618,0
"2021-08-05",17864,5152910,7928,4636462,1366,447940,161,41625,27319,21815.29,10278937,0
"2021-08-06",18182,5171092,8412,4644874,1233,449173,162,41787,27989,22343,10306926,0
"2021-08-07",13388,5184480,6015,4650889,799,449972,99,41886,20301,22818,10327227,0
"2021-08-08",9308,5193788,3838,4654727,399,450371,82,41968,13627,23271.14,10340854,0
"2021-08-09",21342,5215130,8526,4663253,963,451334,169,42137,31000,24614.57,10371854,0
"2021-08-10",18923,5234053,9330,4672583,949,452283,172,42309,29374,25232.29,10401228,0
"2021-08-11",15650,5249703,8308,4680891,853,453136,128,42437,24939,24935.57,10426167,0
"2021-08-12",15048,5264751,8976,4689867,940,454076,170,42607,25134,24623.43,10451301,0
"2021-08-13",14926,5279677,9292,4699159,921,454997,237,42844,25376,24250.14,10476677,0
"2021-08-14",10411,5290088,6403,4705562,625,455622,529,43373,17968,23916.86,10494645,0
"2021-08-15",6697,5296785,4475,4710037,676,456298,567,43940,12415,23743.71,10507060,0
"2021-08-16",15728,5312513,9293,4719330,1149,457447,1318,45258,27488,23242,10534548,0
"2021-08-17",17778,5330291,10436,4729766,1223,458670,1764,47022,31201,23503,10565749,0
"2021-08-18",17510,5347801,10362,4740128,1261,459931,1982,49004,31115,24385.29,10596864,0
"2021-08-19",16307,5364108,9518,4749646,1315,461246,1945,50949,29085,24949.71,10625949,0
"2021-08-20",16287,5380395,11537,4761183,1254,462500,1850,52799,30928,25742.86,10656877,0
"2021-08-21",11153,5391548,8041,4769224,878,463378,1053,53852,21125,26193.86,10678002,0
"2021-08-22",4082,5395630,3900,4773124,262,463640,514,54366,8758,25671.43,10686760,0
"2021-08-23",15582,5411212,11793,4784917,1023,464663,1545,55911,29943,26022.14,10716703,0
"2021-08-24",16917,5428129,12597,4797514,1006,465669,1771,57682,32291,26177.86,10748994,0
"2021-08-25",14587,5442716,12440,4809954,1110,466779,1563,59245,29700,25975.71,10778694,0
"2021-08-26",16170,5458886,14084,4824038,1072,467851,1766,61011,33092,26548.14,10811786,0
"2021-08-27",14888,5473774,14821,4838859,971,468822,1663,62674,32343,26750.29,10844129,0
"2021-08-28",10686,5484460,11519,4850378,836,469658,1009,63683,24050,27168.14,10868179,0
"2021-08-29",7220,5491680,7494,4857872,541,470199,776,64459,16031,28207.14,10884210,0
"2021-08-30",15527,5507207,16925,4874797,1077,471276,1790,66249,35319,28975.14,10919529,0
"2021-08-31",15520,5522727,15951,4890748,951,472227,1968,68217,34390,29275,10953919,0
"2021-09-01",14832,5537559,14097,4904845,1021,473248,1801,70018,31751,29568,10985670,0
"2021-09-02",14338,5551897,12521,4917366,896,474144,1697,71715,29452,29048,11015122,0
"2021-09-03",15017,5566914,14296,4931662,974,475118,1892,73607,32179,29024.57,11047301,0
"2021-09-04",9649,5576563,9405,4941067,688,475806,963,74570,20705,28546.71,11068006,0
"2021-09-05",6803,5583366,5514,4946581,438,476244,707,75277,13462,28179.71,11081468,0
"2021-09-06",5198,5588564,4511,4951092,358,476602,270,75547,10337,24610.86,11091805,0
"2021-09-07",15574,5604138,17695,4968787,912,477514,1542,77089,35723,24801.29,11127528,0
"2021-09-08",16166,5620304,14821,4983608,1073,478587,1764,78853,33824,25097.43,11161352,0
"2021-09-09",16120,5636424,14746,4998354,1047,479634,1903,80756,33816,25720.86,11195168,0
"2021-09-10",18371,5654795,15391,5013745,1208,480842,1967,82723,36937,26400.57,11232105,0
"2021-09-11",12637,5667432,10345,5024090,958,481800,1021,83744,24961,27008.57,11257066,0
"2021-09-12",8534,5675966,5051,5029141,766,482566,689,84433,15040,27234,11272106,0
"2021-09-13",16937,5692903,12949,5042090,976,483542,1643,86076,32505,30400.86,11304611,0
"2021-09-14",16275,5709178,13677,5055767,886,484428,1589,87665,32427,29930,11337038,0
"2021-09-15",15545,5724723,12872,5068639,727,485155,1565,89230,30709,29485,11367747,0
"2021-09-16",15345,5740068,13902,5082541,1211,486366,1451,90681,31909,29212.57,11399656,0
"2021-09-17",14438,5754506,13963,5096504,922,487288,1822,92503,31145,28385.14,11430801,0
"2021-09-18",10005,5764511,10173,5106677,913,488201,1046,93549,22137,27981.71,11452938,0
"2021-09-19",6178,5770689,6071,5112748,558,488759,743,94292,13550,27768.86,11466488,0
"2021-09-20",12679,5783368,12630,5125378,1068,489827,1918,96210,28295,27167.43,11494783,0
"2021-09-21",12239,5795607,12767,5138145,1110,490937,2017,98227,28133,26554,11522916,0
"2021-09-22",12825,5808432,11998,5150143,1089,492026,1679,99906,27591,26108.57,11550507,0
"2021-09-23",14946,5823378,12756,5162899,1639,493665,2259,102165,31600,26064.43,11582107,0
"2021-09-24",16452,5839830,13366,5176265,1633,495298,4622,106787,36073,26768.43,11618180,0
"2021-09-25",10546,5850376,9023,5185288,1018,496316,3449,110236,24036,27039.71,11642216,0
"2021-09-26",6303,5856679,5764,5191052,774,497090,2417,112653,15258,27283.71,11657474,0
"2021-09-27",14167,5870846,8053,5199105,1155,498245,9029,121682,32404,27870.71,11689878,0
"2021-09-28",11154,5882000,11775,5210880,901,499146,9877,131559,33707,28667,11723585,0
"2021-09-29",11609,5893609,12193,5223073,1206,500352,9427,140986,34435,29644.71,11758020,0
"2021-09-30",12246,5905855,12600,5235673,1338,501690,9705,150691,35889,30257.43,11793909,0
"2021-10-01",12653,5918508,13428,5249101,1284,502974,10243,160934,37608,30476.71,11831517,0
"2021-10-02",7738,5926246,9973,5259074,865,503839,4225,165159,22801,30300.29,11854318,0
"2021-10-03",5079,5931325,6155,5265229,593,504432,2607,167766,14434,30182.57,11868752,0
"2021-10-04",9916,5941241,11025,5276254,913,505345,9498,177264,31352,30032.29,11900104,0
"2021-10-05",10179,5951420,11734,5287988,972,506317,9908,187172,32793,29901.71,11932897,0
"2021-10-06",9929,5961349,11054,5299042,937,507254,9905,197077,31825,29528.86,11964722,0
"2021-10-07",9674,5971023,12189,5311231,852,508106,10168,207245,32883,29099.43,11997605,0
"2021-10-08",9472,5980495,12171,5323402,942,509048,10887,218132,33472,28508.57,12031077,0
"2021-10-09",6268,5986763,8275,5331677,649,509697,4107,222239,19299,28008.29,12050376,0
"2021-10-10",3546,5990309,5022,5336699,458,510155,2421,224660,11447,27581.57,12061823,0
"2021-10-11",7628,5997937,9330,5346029,728,510883,8880,233540,26566,26897.86,12088389,0
"2021-10-12",8080,6006017,11002,5357031,891,511774,10476,244016,30449,26563,12118838,0
"2021-10-13",7170,6013187,10139,5367170,869,512643,8761,252777,26939,25865,12145777,0
"2021-10-14",7456,6020643,11110,5378280,835,513478,10087,262864,29488,25380,12175265,0
"2021-10-15",7739,6028382,11866,5390146,823,514301,10770,273634,31198,25055.14,12206463,0
"2021-10-16",4871,6033253,7463,5397609,666,514967,3821,277455,16821,24701.14,12223284,0
"2021-10-17",3060,6036313,4474,5402083,411,515378,2442,279897,10387,24549.71,12233671,0
"2021-10-18",7062,6043375,10663,5412746,796,516174,9437,289334,27958,24748.57,12261629,0
"2021-10-19",6585,6049960,8943,5421689,805,516979,9056,298390,25389,24025.71,12287018,0
"2021-10-20",6550,6056510,9377,5431066,975,517954,9954,308344,26856,24013.86,12313874,0
"2021-10-21",7038,6063548,9377,5440443,859,518813,10824,319168,28098,23815.29,12341972,0
"2021-10-22",8142,6071690,10346,5450789,1027,519840,16315,335483,35830,24477,12377802,0
"2021-10-23",5179,6076869,6457,5457246,690,520530,9107,344590,21433,25135.86,12399235,0
"2021-10-24",3277,6080146,3971,5461217,770,521300,6145,350735,14163,25675.29,12413398,0
"2021-10-25",8795,6088941,8745,5469962,1148,522448,19223,369958,37911,27097.14,12451309,0
"2021-10-26",8217,6097158,7726,5477688,1259,523707,17268,387226,34470,28394.43,12485779,0
"2021-10-27",10582,6107740,8395,5486083,1604,525311,20819,408045,41400,30472.14,12527179,0
"2021-10-28",11351,6119091,8038,5494121,1793,527104,20812,428857,41994,32457.29,12569173,0
"2021-10-29",11852,6130943,8243,5502364,1963,529067,22503,451360,44561,33704.57,12613734,0
"2021-10-30",4640,6135583,5058,5507422,932,529999,11151,462511,21781,33754.29,12635515,0
"2021-10-31",2668,6138251,2703,5510125,544,530543,6616,469127,12531,33521.14,12648046,0
"2021-11-01",7161,6145412,6956,5517081,1089,531632,20349,489476,35555,33184.57,12683601,0
"2021-11-02",6598,6152010,6589,5523670,1055,532687,20742,510218,34984,33258,12718585,0
"2021-11-03",6865,6158875,6680,5530350,1026,533713,20602,530820,35173,32368.43,12753758,0
"2021-11-04",9323,6168198,6279,5536629,995,534708,22333,553153,38930,31930.71,12792688,0
"2021-11-05",11078,6179276,6725,5543354,1051,535759,23736,576889,42590,31649.14,12835278,0
"2021-11-06",11135,6190411,4053,5547407,594,536353,12579,589468,28361,32589.14,12863639,0
"2021-11-07",7262,6197673,2286,5549693,577,536930,7098,596566,17223,33259.43,12880862,0
"2021-11-08",15069,6212742,5680,5555373,866,537796,19488,616054,41103,34052,12921965,0
"2021-11-09",16171,6228913,5388,5560761,661,538457,20489,636543,42709,35155.57,12964674,0
"2021-11-10",16955,6245868,5324,5566085,684,539141,22616,659159,45579,36642.14,13010253,0
"2021-11-11",12601,6258469,5190,5571275,760,539901,22048,681207,40599,36880.57,13050852,0
"2021-11-12",16911,6275380,5688,5576963,707,540608,23361,704568,46667,37463,13097519,0
"2021-11-13",9955,6285335,3665,5580628,465,541073,13307,717875,27392,37324.57,13124911,0
"2021-11-14",6029,6291364,2296,5582924,325,541398,7913,725788,16563,37230.29,13141474,0
"2021-11-15",13256,6304620,5970,5588894,690,542088,25077,750865,44993,37786,13186467,0
"2021-11-16",9993,6314613,5788,5594682,655,542743,30630,781495,47066,38408.43,13233533,0
"2021-11-17",10333,6324946,6677,5601359,681,543424,31378,812873,49069,38907,13282602,0
"2021-11-18",10759,6335705,6549,5607908,860,544284,32961,845834,51129,40411.29,13333731,0
"2021-11-19",12051,6347756,6558,5614466,716,545000,36213,882047,55538,41678.57,13389269,0
"2021-11-20",9357,6357113,3422,5617888,514,545514,22482,904529,35775,42876.14,13425044,0
"2021-11-21",4976,6362089,1891,5619779,287,545801,13181,917710,20335,43415,13445379,0
"2021-11-22",10480,6372569,5791,5625570,752,546553,35877,953587,52900,44544.57,13498279,0
"2021-11-23",9840,6382409,4780,5630350,637,547190,33478,987065,48735,44783,13547014,0
"2021-11-24",8741,6391150,4754,5635104,651,547841,25885,1012950,40031,43491.86,13587045,0
"2021-11-25",452,6391602,325,5635429,80,547921,1000,1013950,1857,36453,13588902,0
"2021-11-26",8082,6399684,6987,5642416,528,548449,26555,1040505,42152,34540.71,13631054,0
"2021-11-27",6700,6406384,6834,5649250,372,548821,18815,1059320,32721,34104.43,13663775,0
"2021-11-28",4090,6410474,5780,5655030,281,549102,11862,1071182,22013,34344.14,13685788,0
"2021-11-29",9122,6419596,10985,5666015,687,549789,34981,1106163,55775,34754.86,13741563,0
"2021-11-30",10553,6430149,11433,5677448,513,550302,37740,1143903,60239,36398.29,13801802,0
"2021-12-01",11220,6441369,10984,5688432,723,551025,40295,1184198,63222,39711.29,13865024,0
"2021-12-02",11701,6453070,11023,5699455,626,551651,42102,1226300,65452,48796.29,13930476,0
"2021-12-03",13539,6466609,12877,5712332,677,552328,47874,1274174,74967,53484.14,14005443,0
"2021-12-04",9876,6476485,11287,5723619,567,552895,30636,1304810,52366,56290.57,14057809,0
"2021-12-05",5775,6482260,5700,5729319,269,553164,16639,1321449,28383,57200.57,14086192,0
"2021-12-06",12388,6494648,9951,5739270,601,553765,43193,1364642,66133,58680.29,14152325,0
"2021-12-07",12651,6507299,9254,5748524,624,554389,42992,1407634,65521,59434.86,14217846,0
"2021-12-08",13583,6520882,8760,5757284,554,554943,40746,1448380,63643,59495,14281489,0
"2021-12-09",13555,6534437,8760,5766044,557,555500,40765,1489145,63637,59235.71,14345126,0
"2021-12-10",14084,6548521,10136,5776180,671,556171,43609,1532754,68500,58311.86,14413626,0
"2021-12-11",10292,6558813,8117,5784297,405,556576,26683,1559437,45497,57330.57,14459123,0
"2021-12-12",6036,6564849,3855,5788152,288,556864,15150,1574587,25329,56894.29,14484452,0
"2021-12-13",12274,6577123,7419,5795571,656,557520,37835,1612422,58184,55758.71,14542636,0
"2021-12-14",12282,6589405,6958,5802529,731,558251,38097,1650519,58068,54694,14600704,0
"2021-12-15",12151,6601556,6237,5808766,756,559007,38076,1688595,57220,53776.43,14657924,0
"2021-12-16",13172,6614728,4273,5813039,742,559749,40978,1729573,59165,53137.57,14717089,0
"2021-12-17",15999,6630727,6934,5819973,621,560370,46704,1776277,70258,53388.71,14787347,0
"2021-12-18",13054,6643781,5716,5825689,432,560802,30567,1806844,49769,53999,14837116,0
"2021-12-19",7041,6650822,2994,5828683,326,561128,17986,1824830,28347,54430.14,14865463,0
"2021-12-20",16905,6667727,5865,5834548,747,561875,47380,1872210,70897,56246.29,14936360,0
"2021-12-21",18005,6685732,6570,5841118,806,562681,48846,1921056,74227,58554.71,15010587,0
"2021-12-22",18588,6704320,6564,5847682,938,563619,49594,1970650,75684,61192.43,15086271,0
"2021-12-23",19080,6723400,6482,5854164,929,564548,45779,2016429,72270,63064.57,15158541,0
"2021-12-24",9248,6732648,2950,5857114,598,565146,20587,2037016,33383,57796.71,15191924,0
"2021-12-25",343,6732991,64,5857178,31,565177,425,2037441,863,50810.14,15192787,0
"2021-12-26",7982,6740973,3926,5861104,341,565518,17264,2054705,29513,50976.71,15222300,0
"2021-12-27",21824,6762797,9203,5870307,933,566451,43386,2098091,75346,51612.29,15297646,0
"2021-12-28",20187,6782984,8327,5878634,698,567149,47535,2145626,76747,51972.29,15374393,0
"2021-12-29",18526,6801510,7666,5886300,607,567756,45498,2191124,72297,51488.43,15446690,0
"2021-12-30",16897,6818407,7417,5893717,584,568340,44790,2235914,69688,51119.57,15516378,0
"2021-12-31",5365,6823772,2808,5896525,193,568533,14751,2250665,23117,49653,15539495,0
"2022-01-01",240,6824012,146,5896671,11,568544,498,2251163,895,49657.57,15540390,0
"2022-01-02",6441,6830453,5015,5901686,153,568697,10973,2262136,22582,48667.43,15562972,0
"2022-01-03",14187,6844640,8475,5910161,515,569212,26853,2288989,50030,45050.86,15613002,0
"2022-01-04",13100,6857740,8073,5918234,412,569624,26989,2315978,48574,41026.14,15661576,0
"2022-01-05",11620,6869360,6977,5925211,385,570009,25734,2341712,44716,37086,15706292,0
"2022-01-06",11545,6880905,7374,5932585,485,570494,27436,2369148,46840,33822,15753132,0
"2022-01-07",10473,6891378,8415,5941000,337,570831,24952,2394100,44177,36830.57,15797309,0
"2022-01-08",7937,6899315,8551,5949551,310,571141,19396,2413496,36194,41873.29,15833503,0
"2022-01-09",4142,6903457,3843,5953394,214,571355,10053,2423549,18252,41254.71,15851755,0
"2022-01-10",10186,6913643,8185,5961579,490,571845,24589,2448138,43450,40314.71,15895205,0
"2022-01-11",8911,6922554,7992,5969571,520,572365,20984,2469122,38407,38862.29,15933612,0
"2022-01-12",8958,6931512,8313,5977884,428,572793,22301,2491423,40000,38188.57,15973612,0
"2022-01-13",9050,6940562,8853,5986737,451,573244,22823,2514246,41177,37379.57,16014789,0
"2022-01-14",10129,6950691,8121,5994858,475,573719,26397,2540643,45122,37514.57,16059911,0
"2022-01-15",6214,6956905,4303,5999161,178,573897,15146,2555789,25841,36035.57,16085752,0
"2022-01-16",2925,6959830,3252,6002413,95,573992,7811,2563600,14083,35440,16099835,0
"2022-01-17",6092,6965922,6758,6009171,363,574355,14647,2578247,27860,33212.86,16127695,0
"2022-01-18",8178,6974100,10298,6019469,396,574751,19617,2597864,38489,33224.57,16166184,0
"2022-01-19",7496,6981596,9240,6028709,306,575057,17682,2615546,34724,32470.86,16200908,0
"2022-01-20",6298,6987894,8561,6037270,305,575362,15229,2630775,30393,30930.29,16231301,0
"2022-01-21",7585,6995479,7490,6044760,276,575638,18475,2649250,33826,29316.57,16265127,0
"2022-01-22",5196,7000675,4934,6049694,131,575769,11295,2660545,21556,28704.43,16286683,0
"2022-01-23",2819,7003494,3326,6053020,97,575866,6219,2666764,12461,28472.71,16299144,0
"2022-01-24",6381,7009875,8191,6061211,262,576128,15052,2681816,29886,28762.14,16329030,0
"2022-01-25",6202,7016077,7925,6069136,232,576360,14667,2696483,29026,27410.29,16358056,0
"2022-01-26",5763,7021840,7160,6076296,289,576649,14002,2710485,27214,26337.43,16385270,0
"2022-01-27",5278,7027118,7082,6083378,321,576970,14051,2724536,26732,25814.43,16412002,0
"2022-01-28",6273,7033391,7855,6091233,203,577173,16100,2740636,30431,25329.43,16442433,0
"2022-01-29",843,7034234,727,6091960,28,577201,2534,2743170,4132,22840.29,16446565,0
"2022-01-30",2099,7036333,3022,6094982,103,577304,4530,2747700,9754,22453.57,16456319,0
"2022-01-31",5011,7041344,6590,6101572,219,577523,11353,2759053,23173,21494.57,16479492,0
"2022-02-01",4847,7046191,6434,6108006,219,577742,10688,2769741,22188,20517.71,16501680,0
"2022-02-02",4254,7050445,5918,6113924,214,577956,11210,2780951,21596,19715.14,16523276,0
"2022-02-03",4238,7054683,5796,6119720,216,578172,11208,2792159,21458,18961.71,16544734,0
"2022-02-04",4789,7059472,7107,6126827,214,578386,13193,2805352,25303,18229.14,16570037,0
"2022-02-05",3591,7063063,6042,6132869,110,578496,8558,2813910,18301,20253.29,16588338,0
"2022-02-06",2066,7065129,2136,6135005,121,578617,4627,2818537,8950,20138.43,16597288,0
"2022-02-07",4156,7069285,4724,6139729,205,578822,10120,2828657,19205,19571.57,16616493,0
"2022-02-08",4234,7073519,5601,6145330,214,579036,11290,2839947,21339,19450.29,16637832,0
"2022-02-09",4143,7077662,5396,6150726,222,579258,11647,2851594,21408,19423.43,16659240,0
"2022-02-10",4006,7081668,5115,6155841,245,579503,12174,2863768,21540,19435.14,16680780,0
"2022-02-11",4529,7086197,5800,6161641,194,579697,13716,2877484,24239,19283.14,16705019,0
"2022-02-12",3260,7089457,4336,6165977,96,579793,8792,2886276,16484,19023.57,16721503,0
"2022-02-13",1520,7090977,1542,6167519,41,579834,4878,2891154,7981,18885.14,16729484,0
"2022-02-14",2990,7093967,3618,6171137,165,579999,10556,2901710,17329,18617.14,16746813,0
"2022-02-15",3568,7097535,4066,6175203,176,580175,12757,2914467,20567,18506.86,16767380,0
"2022-02-16",3671,7101206,3895,6179098,200,580375,15683,2930150,23449,18798.43,16790829,0
"2022-02-17",4055,7105261,4078,6183176,162,580537,18249,2948399,26544,19513.29,16817373,0
"2022-02-18",4486,7109747,4775,6187951,190,580727,21519,2969918,30970,20474.86,16848343,0
"2022-02-19",3260,7113007,2178,6190129,63,580790,11157,2981075,16658,20499.71,16865001,0
"2022-02-20",1865,7114872,1445,6191574,59,580849,6567,2987642,9936,20779,16874937,0
"2022-02-21",3093,7117965,2687,6194261,95,580944,8347,2995989,14222,20335.14,16889159,0
"2022-02-22",4403,7122368,4240,6198501,175,581119,10809,3006798,19627,20200.86,16908786,0
"2022-02-23",4277,7126645,3787,6202288,145,581264,10645,3017443,18854,19544.43,16927640,0
"2022-02-24",3784,7130429,3649,6205937,108,581372,10172,3027615,17713,18282.86,16945353,0
"2022-02-25",3625,7134054,3618,6209555,134,581506,9966,3037581,17343,16336.14,16962696,0
"2022-02-26",2849,7136903,2578,6212133,74,581580,9501,3047082,15002,16099.57,16977698,0
"2022-02-27",1777,7138680,1373,6213506,52,581632,6265,3053347,9467,16032.57,16987165,0
"2022-02-28",3816,7142496,3126,6216632,141,581773,13106,3066453,20189,16885,17007354,0
"2022-03-01",2134,7144630,2613,6219245,103,581876,5159,3071612,10009,15511,17017363,0
"2022-03-02",1834,7146464,2435,6221680,106,581982,4116,3075728,8491,14030.57,17025854,0
"2022-03-03",1935,7148399,2557,6224237,106,582088,3789,3079517,8387,12698.29,17034241,0
"2022-03-04",2119,7150518,2868,6227105,66,582154,4320,3083837,9373,11559.71,17043614,0
"2022-03-05",1611,7152129,2122,6229227,43,582197,3309,3087146,7085,10428.71,17050699,0
"2022-03-06",799,7152928,878,6230105,30,582227,1621,3088767,3328,9551.71,17054027,0
"2022-03-07",1669,7154597,1780,6231885,86,582313,3489,3092256,7024,7671,17061051,0
"2022-03-08",1549,7156146,1893,6233778,80,582393,3117,3095373,6639,7189.57,17067690,0
"2022-03-09",1265,7157411,1665,6235443,79,582472,2574,3097947,5583,6774.14,17073273,0
"2022-03-10",1422,7158833,2098,6237541,85,582557,2944,3100891,6549,6511.57,17079822,0
"2022-03-11",1606,7160439,2267,6239808,81,582638,3207,3104098,7161,6195.57,17086983,0
"2022-03-12",879,7161318,1411,6241219,40,582678,1998,3106096,4328,5801.71,17091311,0
"2022-03-13",625,7161943,757,6241976,26,582704,1292,3107388,2700,5712,17094011,0
"2022-03-14",1378,7163321,1598,6243574,83,582787,2984,3110372,6043,5571.86,17100054,0
"2022-03-15",1360,7164681,1923,6245497,63,582850,3068,3113440,6414,5539.71,17106468,0
"2022-03-16",1397,7166078,2064,6247561,94,582944,3124,3116564,6679,5696.29,17113147,0
"2022-03-17",1181,7167259,1808,6249369,70,583014,2751,3119315,5810,5590.71,17118957,0
"2022-03-18",1587,7168846,2178,6251547,80,583094,3757,3123072,7602,5653.71,17126559,0
"2022-03-19",1114,7169960,1729,6253276,54,583148,2587,3125659,5484,5818.86,17132043,0
"2022-03-20",613,7170573,627,6253903,33,583181,1461,3127120,2734,5823.71,17134777,0
"2022-03-21",1422,7171995,1549,6255452,73,583254,3043,3130163,6087,5830,17140864,0
"2022-03-22",1342,7173337,1546,6256998,101,583355,2892,3133055,5881,5753.86,17146745,0
"2022-03-23",1256,7174593,1350,6258348,66,583421,2908,3135963,5580,5596.86,17152325,0
"2022-03-24",1215,7175808,1296,6259644,89,583510,2508,3138471,5108,5496.57,17157433,0
"2022-03-25",1389,7177197,1620,6261264,62,583572,3253,3141724,6324,5314,17163757,0
"2022-03-26",929,7178126,1157,6262421,36,583608,2289,3144013,4411,5160.71,17168168,0
"2022-03-27",574,7178700,525,6262946,29,583637,1311,3145324,2439,5118.57,17170607,0
"2022-03-28",1084,7179784,1153,6264099,68,583705,2436,3147760,4741,4926.29,17175348,0
"2022-03-29",1053,7180837,1107,6265206,85,583790,2503,3150263,4748,4764.43,17180096,0
"2022-03-30",1246,7182083,1139,6266345,98,583888,3049,3153312,5532,4757.57,17185628,0
"2022-03-31",1266,7183349,1247,6267592,57,583945,3148,3156460,5718,4844.71,17191346,0
"2022-04-01",1425,7184774,1491,6269083,74,584019,3239,3159699,6229,4831.14,17197575,0
"2022-04-02",909,7185683,911,6269994,33,584052,2090,3161789,3943,4764.29,17201518,0
"2022-04-03",553,7186236,496,6270490,28,584080,1224,3163013,2301,4744.57,17203819,0
"2022-04-04",1350,7187586,1306,6271796,60,584140,2722,3165735,5438,4844.14,17209257,0
"2022-04-05",1294,7188880,1156,6272952,68,584208,2851,3168586,5369,4932.86,17214626,0
"2022-04-06",1299,7190179,1184,6274136,58,584266,2611,3171197,5152,4878.57,17219778,0
"2022-04-07",1207,7191386,1059,6275195,54,584320,2365,3173562,4685,4731,17224463,0
"2022-04-08",1490,7192876,1395,6276590,57,584377,3152,3176714,6094,4711.71,17230557,0
"2022-04-09",936,7193812,916,6277506,28,584405,2056,3178770,3936,4710.71,17234493,0
"2022-04-10",592,7194404,462,6277968,25,584430,1169,3179939,2248,4703.14,17236741,0
"2022-04-11",1336,7195740,1227,6279195,59,584489,2644,3182583,5266,4678.57,17242007,0
"2022-04-12",1208,7196948,1046,6280241,73,584562,2511,3185094,4838,4602.71,17246845,0
"2022-04-13",1261,7198209,1062,6281303,58,584620,2492,3187586,4873,4562.86,17251718,0
"2022-04-14",1279,7199488,1088,6282391,59,584679,2419,3190005,4845,4585.71,17256563,0
"2022-04-15",1339,7200827,1088,6283479,52,584731,2553,3192558,5032,4434,17261595,0
"2022-04-16",875,7201702,648,6284127,31,584762,1633,3194191,3187,4327,17264782,0
"2022-04-17",349,7202051,203,6284330,27,584789,635,3194826,1214,4179.29,17265996,0
"2022-04-18",1382,7203433,1109,6285439,82,584871,2575,3197401,5148,4162.43,17271144,0
"2022-04-19",1407,7204840,929,6286368,70,584941,2564,3199965,4970,4181.29,17276114,0
"2022-04-20",1311,7206151,1135,6287503,65,585006,2670,3202635,5181,4225.29,17281295,0
"2022-04-21",1219,7207370,1059,6288562,52,585058,2313,3204948,4643,4196.43,17285938,0
"2022-04-22",1218,7208588,1015,6289577,46,585104,2192,3207140,4471,4116.29,17290409,0
"2022-04-23",720,7209308,746,6290323,59,585163,1422,3208562,2947,4082,17293356,0
"2022-04-24",442,7209750,338,6290661,27,585190,808,3209370,1615,4139.29,17294971,0
"2022-04-25",1023,7210773,908,6291569,64,585254,1845,3211215,3840,3952.43,17298811,0
"2022-04-26",927,7211700,849,6292418,76,585330,1742,3212957,3594,3755.86,17302405,0
"2022-04-27",1029,7212729,978,6293396,78,585408,1916,3214873,4001,3587.29,17306406,0
"2022-04-28",1079,7213808,980,6294376,49,585457,1987,3216860,4095,3509,17310501,0
"2022-04-29",1184,7214992,1091,6295467,60,585517,2115,3218975,4450,3506,17314951,0
"2022-04-30",721,7215713,742,6296209,43,585560,1390,3220365,2896,3498.71,17317847,0
"2022-05-01",449,7216162,371,6296580,20,585580,757,3221122,1597,3496.14,17319444,0
"2022-05-02",1043,7217205,791,6297371,52,585632,1662,3222784,3548,3454.43,17322992,0
"2022-05-03",1108,7218313,851,6298222,60,585692,1961,3224745,3980,3509.57,17326972,0
"2022-05-04",1008,7219321,875,6299097,48,585740,1896,3226641,3827,3484.71,17330799,0
"2022-05-05",1040,7220361,943,6300040,80,585820,1921,3228562,3984,3468.86,17334783,0
"2022-05-06",1077,7221438,931,6300971,47,585867,1851,3230413,3906,3391.14,17338689,0
"2022-05-07",649,7222087,587,6301558,29,585896,1194,3231607,2459,3328.71,17341148,0
"2022-05-08",416,7222503,247,6301805,17,585913,668,3232275,1348,3293.14,17342496,0
"2022-05-09",1070,7223573,935,6302740,61,585974,1861,3234136,3927,3347.29,17346423,0
"2022-05-10",1087,7224660,920,6303660,50,586024,1967,3236103,4024,3353.57,17350447,0
"2022-05-11",1081,7225741,969,6304629,42,586066,1912,3238015,4004,3378.86,17354451,0
"2022-05-12",1084,7226825,937,6305566,56,586122,1982,3239997,4059,3389.57,17358510,0
"2022-05-13",1151,7227976,1026,6306592,43,586165,2030,3242027,4250,3438.71,17362760,0
"2022-05-14",819,7228795,661,6307253,28,586193,1456,3243483,2964,3510.86,17365724,0
"2022-05-15",510,7229305,353,6307606,20,586213,913,3244396,1796,3574.86,17367520,0
"2022-05-16",1214,7230519,841,6308447,59,586272,1789,3246185,3903,3571.43,17371423,0
"2022-05-17",1289,7231808,907,6309354,79,586351,2019,3248204,4294,3610,17375717,0
"2022-05-18",1217,7233025,893,6310247,81,586432,2032,3250236,4223,3641.29,17379940,0
"2022-05-19",1149,7234174,860,6311107,32,586464,2068,3252304,4109,3648.43,17384049,0
"2022-05-20",1171,7235345,938,6312045,72,586536,2316,3254620,4497,3683.71,17388546,120000
"2022-05-21",825,7236170,642,6312687,21,586557,1684,3256304,3172,3713.43,17391718,120000
"2022-05-22",514,7236684,286,6312973,16,586573,1121,3257425,1937,3733.57,17393655,120000
"2022-05-23",1198,7237882,866,6313839,37,586610,2122,3259547,4223,3779.29,17397878,120000
"2022-05-24",1402,7239284,903,6314742,59,586669,2164,3261711,4528,3812.71,17402406,120000
"2022-05-25",1386,7240670,892,6315634,40,586709,2120,3263831,4438,3843.43,17406844,120000
"2022-05-26",349,7241019,280,6315914,14,586723,660,3264491,1303,3442.57,17408147,120000
