"DATE","ADMIN_DOSE1_DAILY","ADMIN_DOSE1_CUMULATIVE","ADMIN_DOSE2_DAILY","ADMIN_DOSE2_CUMULATIVE","ADMIN_SINGLE_DAILY","ADMIN_SINGLE_CUMULATIVE","ADMIN_ADDITIONAL_DAILY","ADMIN_ADDITIONAL_CUMULATIVE","ADMIN_ALLDOSES_DAILY","ADMIN_ALLDOSES_7DAYAVG","ADMIN_ALLDOSES_CUMULATIVE","INCOMPLETE"
"2020-12-14",79,79,0,0,0,0,0,0,79,,79,0
"2020-12-15",2053,2132,5,5,4,4,0,0,2062,,2141,0
"2020-12-16",4598,6730,13,18,1,5,1,1,4613,,6754,0
"2020-12-17",4652,11382,18,36,0,5,1,2,4671,,11425,0
"2020-12-18",5831,17213,20,56,2,7,2,4,5855,,17280,0
"2020-12-19",1688,18901,6,62,3,10,0,4,1697,,18977,0
"2020-12-20",1112,20013,2,64,1,11,0,4,1115,2870.29,20092,0
"2020-12-21",6332,26345,15,79,1,12,5,9,6353,3766.57,26445,0
"2020-12-22",9798,36143,24,103,2,14,1,10,9825,4875.57,36270,0
"2020-12-23",14270,50413,33,136,3,17,1,11,14307,6260.43,50577,0
"2020-12-24",7206,57619,24,160,1,18,0,11,7231,6626.14,57808,0
"2020-12-25",180,57799,0,160,0,18,1,12,181,5815.57,57989,0
"2020-12-26",4365,62164,40,200,0,18,1,13,4406,6202.57,62395,0
"2020-12-27",3855,66019,11,211,0,18,0,13,3866,6595.57,66261,0
"2020-12-28",10993,77012,43,254,1,19,3,16,11040,7265.14,77301,0
"2020-12-29",10723,87735,30,284,2,21,2,18,10757,7398.29,88058,0
"2020-12-30",12842,100577,40,324,0,21,0,18,12882,7194.71,100940,0
"2020-12-31",7266,107843,31,355,1,22,0,18,7298,7204.29,108238,0
"2021-01-01",187,108030,2,357,1,23,3,21,193,7206,108431,0
"2021-01-02",3815,111845,10,367,2,25,1,22,3828,7123.43,112259,0
"2021-01-03",3536,115381,22,389,2,27,1,23,3561,7079.86,115820,0
"2021-01-04",12253,127634,805,1194,2,29,6,29,13066,7369.29,128886,0
"2021-01-05",14077,141711,2186,3380,2,31,9,38,16274,8157.43,145160,0
"2021-01-06",17811,159522,3911,7291,1,32,30,68,21753,9424.71,166913,0
"2021-01-07",16532,176054,5174,12465,4,36,41,109,21751,11489.43,188664,0
"2021-01-08",16621,192675,5445,17910,0,36,29,138,22095,14618.29,210759,0
"2021-01-09",7658,200333,1456,19366,1,37,8,146,9123,15374.71,219882,0
"2021-01-10",7895,208228,971,20337,0,37,9,155,8875,16133.86,228757,0
"2021-01-11",25850,234078,7433,27770,1,38,47,202,33331,19028.86,262088,0
"2021-01-12",28268,262346,7840,35610,1,39,40,242,36149,21868.14,298237,0
"2021-01-13",31731,294077,9358,44968,1,40,49,291,41139,24637.57,339376,0
"2021-01-14",35820,329897,5307,50275,1,41,25,316,41153,27409.29,380529,0
"2021-01-15",29281,359178,3700,53975,2,43,24,340,33007,28968.14,413536,0
"2021-01-16",30315,389493,2362,56337,0,43,20,360,32697,32335.86,446233,0
"2021-01-17",23798,413291,1603,57940,0,43,15,375,25416,34698.86,471649,0
"2021-01-18",27146,440437,2386,60326,0,43,33,408,29565,34160.86,501214,0
"2021-01-19",34333,474770,9603,69929,1,44,63,471,44000,35282.43,545214,0
"2021-01-20",34916,509686,9477,79406,1,45,57,528,44451,35755.57,589665,0
"2021-01-21",25632,535318,8076,87482,0,45,46,574,33754,34698.57,623419,0
"2021-01-22",24771,560089,4371,91853,1,46,26,600,29169,34150.29,652588,0
"2021-01-23",15762,575851,3196,95049,0,46,11,611,18969,32189.14,671557,0
"2021-01-24",7191,583042,3437,98486,0,46,12,623,10640,30078.29,682197,0
"2021-01-25",13428,596470,11795,110281,0,46,61,684,25284,29466.71,707481,0
"2021-01-26",16788,613258,10730,121011,0,46,62,746,27580,27121,735061,0
"2021-01-27",20860,634118,12328,133339,0,46,45,791,33233,25518.43,768294,0
"2021-01-28",30796,664914,12822,146161,0,46,74,865,43692,26938.14,811986,0
"2021-01-29",31718,696632,11463,157624,0,46,69,934,43250,28949.71,855236,0
"2021-01-30",18740,715372,3725,161349,0,46,19,953,22484,29451.86,877720,0
"2021-01-31",13033,728405,2900,164249,0,46,23,976,15956,30211.29,893676,0
"2021-02-01",1182,729587,5366,169615,3,49,30,1006,6581,27539.43,900257,0
"2021-02-02",2817,732404,9476,179091,2,51,44,1050,12339,25362.14,912596,0
"2021-02-03",16390,748794,21216,200307,3,54,183,1233,37792,26013.43,950388,0
"2021-02-04",27058,775852,19631,219938,2,56,183,1416,46874,26468,997262,0
"2021-02-05",27628,803480,20004,239942,0,56,162,1578,47794,27117.14,1045056,0
"2021-02-06",22999,826479,11230,251172,0,56,101,1679,34330,28809.43,1079386,0
"2021-02-07",12057,838536,8275,259447,0,56,75,1754,20407,29445.29,1099793,0
"2021-02-08",17016,855552,23481,282928,2,58,211,1965,40710,34320.86,1140503,0
"2021-02-09",17221,872773,28104,311032,2,60,302,2267,45629,39076.57,1186132,0
"2021-02-10",19621,892394,29301,340333,2,62,244,2511,49168,40701.71,1235300,0
"2021-02-11",27885,920279,33490,373823,2,64,300,2811,61677,42816.43,1296977,0
"2021-02-12",38453,958732,30773,404596,3,67,320,3131,69549,45924.29,1366526,0
"2021-02-13",28036,986768,25303,429899,2,69,281,3412,53622,48680.29,1420148,0
"2021-02-14",16309,1003077,23730,453629,0,69,232,3644,40271,51518,1460419,0
"2021-02-15",12813,1015890,10518,464147,1,70,152,3796,23484,49057.14,1483903,0
"2021-02-16",14266,1030156,26735,490882,0,70,294,4090,41295,48438,1525198,0
"2021-02-17",16427,1046583,22167,513049,1,71,259,4349,38854,46964.57,1564052,0
"2021-02-18",12179,1058762,24970,538019,20,91,262,4611,37431,43500.86,1601483,0
"2021-02-19",13307,1072069,23927,561946,39,130,267,4878,37540,38928.14,1639023,0
"2021-02-20",11351,1083420,26088,588034,6,136,299,5177,37744,36659.86,1676767,0
"2021-02-21",6367,1089787,17437,605471,15,151,261,5438,24080,34346.86,1700847,0
"2021-02-22",13050,1102837,11832,617303,2,153,118,5556,25002,34563.71,1725849,0
"2021-02-23",25247,1128084,14158,631461,1,154,149,5705,39555,34315.14,1765404,0
"2021-02-24",36385,1164469,20343,651804,0,154,197,5902,56925,36896.71,1822329,0
"2021-02-25",54609,1219078,30334,682138,6,160,358,6260,85307,43736.14,1907636,0
"2021-02-26",62925,1282003,31789,713927,4,164,365,6625,95083,51956.57,2002719,0
"2021-02-27",51337,1333340,22695,736622,47,211,307,6932,74386,57191.14,2077105,0
"2021-02-28",44640,1377980,13741,750363,6,217,186,7118,58573,62118.71,2135678,0
"2021-03-01",39318,1417298,12724,763087,9,226,155,7273,52206,66005,2187884,0
"2021-03-02",47095,1464393,12511,775598,7,233,148,7421,59761,68891.57,2247645,0
"2021-03-03",48601,1512994,16112,791710,17,250,135,7556,64865,70025.86,2312510,0
"2021-03-04",59845,1572839,22749,814459,1092,1342,252,7808,83938,69830.29,2396448,0
"2021-03-05",61016,1633855,24230,838689,3111,4453,301,8109,88658,68912.43,2485106,0
"2021-03-06",47176,1681031,18838,857527,5450,9903,219,8328,71683,68526.29,2556789,0
"2021-03-07",36051,1717082,14822,872349,6247,16150,219,8547,57339,68350,2614128,0
"2021-03-08",39622,1756704,14650,886999,8568,24718,297,8844,63137,69911.57,2677265,0
"2021-03-09",39110,1795814,12765,899764,7769,32487,168,9012,59812,69918.86,2737077,0
"2021-03-10",51842,1847656,15222,914986,5066,37553,198,9210,72328,70985,2809405,0
"2021-03-11",60011,1907667,21721,936707,4615,42168,230,9440,86577,71362,2895982,0
"2021-03-12",52217,1959884,30247,966954,4183,46351,346,9786,86993,71124.14,2982975,0
"2021-03-13",40668,2000552,26668,993622,5111,51462,297,10083,72744,71275.71,3055719,0
"2021-03-14",30732,2031284,15904,1009526,4537,55999,216,10299,51389,70425.71,3107108,0
"2021-03-15",33584,2064868,17190,1026716,4739,60738,212,10511,55725,69366.86,3162833,0
"2021-03-16",38698,2103566,20396,1047112,4925,65663,238,10749,64257,70001.86,3227090,0
"2021-03-17",42642,2146208,24693,1071805,4247,69910,304,11053,71886,69938.71,3298976,0
"2021-03-18",50506,2196714,26672,1098477,5243,75153,332,11385,82753,69392.43,3381729,0
"2021-03-19",47825,2244539,29811,1128288,5622,80775,357,11742,83615,68909.86,3465344,0
"2021-03-20",38741,2283280,25700,1153988,4689,85464,268,12010,69398,68431.86,3534742,0
"2021-03-21",29310,2312590,19266,1173254,771,86235,193,12203,49540,68167.71,3584282,0
"2021-03-22",33883,2346473,26600,1199854,4024,90259,244,12447,64751,69457.14,3649033,0
"2021-03-23",38448,2384921,32702,1232556,4222,94481,260,12707,75632,71082.14,3724665,0
"2021-03-24",41519,2426440,37441,1269997,4847,99328,295,13002,84102,72827.29,3808767,0
"2021-03-25",43441,2469881,50567,1320564,5050,104378,415,13417,99473,75215.86,3908240,0
"2021-03-26",38524,2508405,55249,1375813,4309,108687,489,13906,98571,77352.43,4006811,0
"2021-03-27",35766,2544171,45500,1421313,2940,111627,365,14271,84571,79520,4091382,0
"2021-03-28",26418,2570589,34215,1455528,1480,113107,311,14582,62424,81360.57,4153806,0
"2021-03-29",34847,2605436,38573,1494101,3250,116357,316,14898,76986,83108.43,4230792,0
"2021-03-30",40569,2646005,41719,1535820,3714,120071,300,15198,86302,84632.71,4317094,0
"2021-03-31",49450,2695455,44655,1580475,7439,127510,359,15557,101903,87175.71,4418997,0
"2021-04-01",50771,2746226,53843,1634318,11278,138788,456,16013,116348,89586.43,4535345,0
"2021-04-02",43747,2789973,53800,1688118,11968,150756,502,16515,110017,91221.57,4645362,0
"2021-04-03",39281,2829254,39078,1727196,9858,160614,316,16831,88533,91787.57,4733895,0
"2021-04-04",26561,2855815,24575,1751771,3901,164515,212,17043,55249,90762.57,4789144,0
"2021-04-05",41877,2897692,34344,1786115,11189,175704,346,17389,87756,92301.14,4876900,0
"2021-04-06",53279,2950971,35412,1821527,13175,188879,400,17789,102266,94581.71,4979166,0
"2021-04-07",55556,3006527,40532,1862059,14379,203258,365,18154,110832,95857.29,5089998,0
"2021-04-08",59288,3065815,46424,1908483,16325,219583,473,18627,122510,96737.57,5212508,0
"2021-04-09",56643,3122458,44793,1953276,17523,237106,473,19100,119432,98082.57,5331940,0
"2021-04-10",49375,3171833,35630,1988906,12731,249837,345,19445,98081,99446.57,5430021,0
"2021-04-11",38186,3210019,28806,2017712,7683,257520,264,19709,74939,102259.43,5504960,0
"2021-04-12",46659,3256678,31817,2049529,13478,270998,430,20139,92384,102920.57,5597344,0
"2021-04-13",52569,3309247,33740,2083269,368,271366,373,20512,87050,100746.86,5684394,0
"2021-04-14",50196,3359443,39921,2123190,20,271386,336,20848,90473,97838.43,5774867,0
"2021-04-15",52150,3411593,43660,2166850,15,271401,419,21267,96244,94086.14,5871111,0
"2021-04-16",51202,3462795,42205,2209055,30,271431,389,21656,93826,90428.14,5964937,0
"2021-04-17",43864,3506659,35662,2244717,3,271434,334,21990,79863,87825.57,6044800,0
"2021-04-18",28623,3535282,29341,2274058,7,271441,228,22218,58199,85434.14,6102999,0
"2021-04-19",37485,3572767,36427,2310485,22,271463,286,22504,74220,82839.29,6177219,0
"2021-04-20",40820,3613587,39639,2350124,19,271482,267,22771,80745,81938.57,6257964,0
"2021-04-21",38927,3652514,45910,2396034,15,271497,453,23224,85305,81200.29,6343269,0
"2021-04-22",38531,3691045,48917,2444951,9,271506,300,23524,87757,79987.86,6431026,0
"2021-04-23",39721,3730766,44326,2489277,5,271511,327,23851,84379,78638.29,6515405,0
"2021-04-24",31974,3762740,41591,2530868,44,271555,251,24102,73860,77780.71,6589265,0
"2021-04-25",18433,3781173,31229,2562097,86,271641,170,24272,49918,76597.71,6639183,0
"2021-04-26",26980,3808153,40700,2602797,1014,272655,257,24529,68951,75845,6708134,0
"2021-04-27",28587,3836740,47096,2649893,1694,274349,322,24851,77699,75409.86,6785833,0
"2021-04-28",27083,3863823,56806,2706699,2140,276489,402,25253,86431,75570.71,6872264,0
"2021-04-29",28654,3892477,57123,2763822,2142,278631,330,25583,88249,75641,6960513,0
"2021-04-30",30155,3922632,51920,2815742,2054,280685,268,25851,84397,75643.57,7044910,0
"2021-05-01",22491,3945123,44521,2860263,1175,281860,214,26065,68401,74863.71,7113311,0
"2021-05-02",11933,3957056,36625,2896888,1080,282940,125,26190,49763,74841.57,7163074,0
"2021-05-03",18049,3975105,52975,2949863,2381,285321,233,26423,73638,75511.14,7236712,0
"2021-05-04",22761,3997866,56599,3006462,2326,287647,232,26655,81918,76113.86,7318630,0
"2021-05-05",21491,4019357,48777,3055239,2311,289958,283,26938,72862,74175.43,7391492,0
"2021-05-06",20716,4040073,50129,3105368,2509,292467,251,27189,73605,72083.43,7465097,0
"2021-05-07",21284,4061357,52068,3157436,2809,295276,268,27457,76429,70945.14,7541526,0
"2021-05-08",16642,4077999,41862,3199298,1835,297111,204,27661,60543,69822.57,7602069,0
"2021-05-09",7981,4085980,29409,3228707,1260,298371,133,27794,38783,68254,7640852,0
"2021-05-10",14409,4100389,38498,3267205,2354,300725,209,28003,55470,65658.57,7696322,0
"2021-05-11",19963,4120352,42996,3310201,2509,303234,264,28267,65732,63346.29,7762054,0
"2021-05-12",17817,4138169,40523,3350724,3589,306823,211,28478,62140,61814.57,7824194,0
"2021-05-13",24984,4163153,40398,3391122,3225,310048,244,28722,68851,61135.43,7893045,0
"2021-05-14",27031,4190184,42882,3434004,3533,313581,260,28982,73706,60746.43,7966751,0
"2021-05-15",23664,4213848,34904,3468908,3363,316944,221,29203,62152,60976.29,8028903,0
"2021-05-16",15548,4229396,19411,3488319,2498,319442,114,29317,37571,60803.14,8066474,0
"2021-05-17",22670,4252066,29109,3517428,3253,322695,159,29476,55191,60763.29,8121665,0
"2021-05-18",24643,4276709,31878,3549306,3401,326096,216,29692,60138,59964.14,8181803,0
"2021-05-19",24212,4300921,29688,3578994,3037,329133,208,29900,57145,59250.57,8238948,0
"2021-05-20",24196,4325117,30042,3609036,3156,332289,244,30144,57638,57648.71,8296586,0
"2021-05-21",24697,4349814,31919,3640955,3062,335351,232,30376,59910,55677.86,8356496,0
"2021-05-22",20019,4369833,24337,3665292,2525,337876,150,30526,47031,53517.71,8403527,0
"2021-05-23",11238,4381071,13711,3679003,1411,339287,91,30617,26451,51929.14,8429978,0
"2021-05-24",18884,4399955,23119,3702122,2757,342044,200,30817,44960,50467.57,8474938,0
"2021-05-25",19443,4419398,23352,3725474,2601,344645,174,30991,45570,48386.43,8520508,0
"2021-05-26",18789,4438187,21054,3746528,2694,347339,192,31183,42729,46327,8563237,0
"2021-05-27",18486,4456673,21192,3767720,2528,349867,181,31364,42387,44148.29,8605624,0
"2021-05-28",17885,4474558,22875,3790595,2750,352617,162,31526,43672,41828.57,8649296,0
"2021-05-29",12707,4487265,17794,3808389,1755,354372,95,31621,32351,39731.43,8681647,0
"2021-05-30",7034,4494299,8946,3817335,1072,355444,39,31660,17091,38394.29,8698738,0
"2021-05-31",4749,4499048,6917,3824252,1011,356455,57,31717,12734,33790.57,8711472,0
"2021-06-01",16063,4515111,25161,3849413,2172,358627,138,31855,43534,33499.71,8755006,0
"2021-06-02",15364,4530475,20361,3869774,2094,360721,131,31986,37950,32817,8792956,0
"2021-06-03",15015,4545490,23795,3893569,2283,363004,111,32097,41204,32648,8834160,0
"2021-06-04",14745,4560235,25921,3919490,2492,365496,142,32239,43300,32594.86,8877460,0
"2021-06-05",10990,4571225,22039,3941529,1806,367302,116,32355,34951,32966.29,8912411,0
"2021-06-06",6455,4577680,14437,3955966,1221,368523,83,32438,22196,33695.57,8934607,0
"2021-06-07",11726,4589406,21746,3977712,2377,370900,136,32574,35985,37017.14,8970592,0
"2021-06-08",12676,4602082,23963,4001675,2071,372971,117,32691,38827,36344.71,9009419,0
"2021-06-09",11164,4613246,22966,4024641,2297,375268,130,32821,36557,36145.71,9045976,0
"2021-06-10",12089,4625335,22181,4046822,2461,377729,128,32949,36859,35525,9082835,0
"2021-06-11",12724,4638059,25068,4071890,2479,380208,150,33099,40421,35113.71,9123256,0
"2021-06-12",10184,4648243,19273,4091163,1890,382098,87,33186,31434,34611.29,9154690,0
"2021-06-13",4255,4652498,10922,4102085,1219,383317,39,33225,16435,33788.29,9171125,0
"2021-06-14",10225,4662723,19189,4121274,2044,385361,146,33371,31604,33162.43,9202729,0
"2021-06-15",11899,4674622,20975,4142249,1942,387303,117,33488,34933,32606.14,9237662,0
"2021-06-16",11602,4686224,19378,4161627,1956,389259,130,33618,33066,32107.43,9270728,0
"2021-06-17",11039,4697263,18729,4180356,1969,391228,109,33727,31846,31391.29,9302574,0
"2021-06-18",12172,4709435,18470,4198826,2114,393342,104,33831,32860,30311.14,9335434,0
"2021-06-19",8507,4717942,13511,4212337,1458,394800,70,33901,23546,29184.29,9358980,0
"2021-06-20",4336,4722278,7163,4219500,923,395723,33,33934,12455,28615.71,9371435,0
"2021-06-21",10175,4732453,9982,4229482,1805,397528,63,33997,22025,27247.29,9393460,0
"2021-06-22",9849,4742302,15614,4245096,1583,399111,94,34091,27140,26134,9420600,0
"2021-06-23",10327,4752629,15155,4260251,1861,400972,97,34188,27440,25330.29,9448040,0
"2021-06-24",9707,4762336,14674,4274925,1797,402769,110,34298,26288,24536.29,9474328,0
"2021-06-25",10600,4772936,14366,4289291,1715,404484,104,34402,26785,23668.43,9501113,0
"2021-06-26",7807,4780743,10426,4299717,1243,405727,74,34476,19550,23097.57,9520663,0
"2021-06-27",5014,4785757,5981,4305698,796,406523,33,34509,11824,23007.43,9532487,0
"2021-06-28",9049,4794806,10314,4316012,1523,408046,102,34611,20988,22859.29,9553475,0
"2021-06-29",9763,4804569,12291,4328303,1347,409393,117,34728,23518,22341.86,9576993,0
"2021-06-30",9427,4813996,10908,4339211,1480,410873,145,34873,21960,21559,9598953,0
"2021-07-01",9391,4823387,10886,4350097,1428,412301,112,34985,21817,20920.29,9620770,0
"2021-07-02",9698,4833085,11416,4361513,1537,413838,116,35101,22767,20346.29,9643537,0
"2021-07-03",7060,4840145,8405,4369918,1194,415032,75,35176,16734,19944,9660271,0
"2021-07-04",1291,4841436,1331,4371249,567,415599,8,35184,3197,18711.57,9663468,0
"2021-07-05",6498,4847934,7088,4378337,1207,416806,65,35249,14858,17835.86,9678326,0
"2021-07-06",9528,4857462,12818,4391155,1313,418119,113,35362,23772,17872.14,9702098,0
"2021-07-07",8678,4866140,11081,4402236,1413,419532,115,35477,21287,17776,9723385,0
"2021-07-08",8206,4874346,10173,4412409,1259,420791,99,35576,19737,17478.86,9743122,0
"2021-07-09",8381,4882727,10800,4423209,1278,422069,91,35667,20550,17162.14,9763672,0
"2021-07-10",7112,4889839,8614,4431823,1130,423199,59,35726,16915,17188,9780587,0
"2021-07-11",4107,4893946,4532,4436355,702,423901,31,35757,9372,18070.14,9789959,0
"2021-07-12",8460,4902406,9528,4445883,1246,425147,71,35828,19305,18705.43,9809264,0
"2021-07-13",9470,4911876,9363,4455246,949,426096,99,35927,19881,18149.57,9829145,0
"2021-07-14",9010,4920886,9504,4464750,1008,427104,97,36024,19619,17911.29,9848764,0
"2021-07-15",8791,4929677,9131,4473881,1052,428156,80,36104,19054,17813.71,9867818,0
"2021-07-16",9258,4938935,9738,4483619,978,429134,92,36196,20066,17744.57,9887884,0
"2021-07-17",6855,4945790,7366,4490985,799,429933,75,36271,15095,17484.57,9902979,0
"2021-07-18",4261,4950051,4282,4495267,569,430502,33,36304,9145,17452.14,9912124,0
"2021-07-19",9120,4959171,8447,4503714,997,431499,82,36386,18646,17358,9930770,0
"2021-07-20",10663,4969834,8739,4512453,992,432491,82,36468,20476,17443,9951246,0
"2021-07-21",10066,4979900,8735,4521188,906,433397,137,36605,19844,17475.14,9971090,0
"2021-07-22",10693,4990593,8551,4529739,1045,434442,139,36744,20428,17671.43,9991518,0
"2021-07-23",11239,5001832,8865,4538604,1111,435553,129,36873,21344,17854,10012862,0
"2021-07-24",7414,5009246,6725,4545329,669,436222,80,36953,14888,17824.43,10027750,0
"2021-07-25",5486,5014732,2113,4547442,509,436731,58,37011,8166,17684.57,10035916,0
"2021-07-26",10892,5025624,6969,4554411,856,437587,100,37111,18817,17709,10054733,0
"2021-07-27",12065,5037689,8551,4562962,856,438443,129,37240,21601,17869.71,10076334,0
"2021-07-28",11993,5049682,8028,4570990,949,439392,129,37369,21099,18049,10097433,0
"2021-07-29",10945,5060627,7410,4578400,983,440375,126,37495,19464,17911.29,10116897,0
"2021-07-30",14959,5075586,7992,4586392,1147,441522,171,37666,24269,18329.14,10141166,0
"2021-07-31",9743,5085329,6295,4592687,816,442338,113,37779,16967,18626.14,10158133,0
"2021-08-01",6509,5091838,3304,4595991,564,442902,77,37856,10454,18953,10168587,0
"2021-08-02",13462,5105300,7136,4603127,847,443749,141,37997,21586,19348.57,10190173,0
"2021-08-03",15424,5120724,8343,4611470,1097,444846,143,38140,25007,19835.14,10215180,0
"2021-08-04",17265,5137989,8103,4619573,1450,446296,167,38307,26985,20676,10242165,0
"2021-08-05",17881,5155870,7895,4627468,1365,447661,152,38459,27293,21794.43,10269458,0
"2021-08-06",18194,5174064,8386,4635854,1231,448892,156,38615,27967,22322.71,10297425,0
"2021-08-07",13383,5187447,5992,4641846,792,449684,96,38711,20263,22793.57,10317688,0
"2021-08-08",9324,5196771,3821,4645667,398,450082,77,38788,13620,23245.86,10331308,0
"2021-08-09",21326,5218097,8509,4654176,965,451047,162,38950,30962,24585.29,10362270,0
"2021-08-10",18936,5237033,9302,4663478,946,451993,164,39114,29348,25205.43,10391618,0
"2021-08-11",15658,5252691,8295,4671773,850,452843,116,39230,24919,24910.29,10416537,0
"2021-08-12",15056,5267747,8959,4680732,937,453780,161,39391,25113,24598.86,10441650,0
"2021-08-13",14941,5282688,9244,4689976,918,454698,231,39622,25334,24222.71,10466984,0
"2021-08-14",10431,5293119,6393,4696369,624,455322,516,40138,17964,23894.29,10484948,0
"2021-08-15",6706,5299825,4461,4700830,675,455997,563,40701,12405,23720.71,10497353,0
"2021-08-16",15737,5315562,9270,4710100,1149,457146,1298,41999,27454,23219.57,10524807,0
"2021-08-17",17793,5333355,10432,4720532,1217,458363,1738,43737,31180,23481.29,10555987,0
"2021-08-18",17500,5350855,10319,4730851,1253,459616,1964,45701,31036,24355.14,10587023,0
"2021-08-19",16341,5367196,9489,4740340,1316,460932,1921,47622,29067,24920,10616090,0
"2021-08-20",16305,5383501,11513,4751853,1253,462185,1835,49457,30906,25716,10646996,0
"2021-08-21",11163,5394664,8026,4759879,876,463061,1044,50501,21109,26165.29,10668105,0
"2021-08-22",4095,5398759,3898,4763777,260,463321,507,51008,8760,25644.57,10676865,0
"2021-08-23",15601,5414360,11779,4775556,1022,464343,1521,52529,29923,25997.29,10706788,0
"2021-08-24",16935,5431295,12585,4788141,1006,465349,1753,54282,32279,26154.29,10739067,0
"2021-08-25",14602,5445897,12410,4800551,1109,466458,1535,55817,29656,25957.14,10768723,0
"2021-08-26",16196,5462093,14042,4814593,1073,467531,1745,57562,33056,26527,10801779,0
"2021-08-27",14852,5476945,14796,4829389,970,468501,1642,59204,32260,26720.43,10834039,0
"2021-08-28",10723,5487668,11486,4840875,836,469337,996,60200,24041,27139.29,10858080,0
"2021-08-29",7232,5494900,7493,4848368,541,469878,757,60957,16023,28176.86,10874103,0
"2021-08-30",15557,5510457,16876,4865244,1075,470953,1777,62734,35285,28942.86,10909388,0
"2021-08-31",15552,5526009,15906,4881150,950,471903,1942,64676,34350,29238.71,10943738,0
"2021-09-01",14856,5540865,14073,4895223,1019,472922,1771,66447,31719,29533.43,10975457,0
"2021-09-02",14367,5555232,12498,4907721,898,473820,1667,68114,29430,29015.43,11004887,0
"2021-09-03",15032,5570264,14279,4922000,973,474793,1863,69977,32147,28999.29,11037034,0
"2021-09-04",9656,5579920,9398,4931398,687,475480,948,70925,20689,28520.43,11057723,0
"2021-09-05",6824,5586744,5503,4936901,438,475918,693,71618,13458,28154,11071181,0
"2021-09-06",5207,5591951,4501,4941402,358,476276,263,71881,10329,24588.86,11081510,0
"2021-09-07",15596,5607547,17663,4959065,912,477188,1519,73400,35690,24780.29,11117200,0
"2021-09-08",16218,5623765,14770,4973835,1072,478260,1728,75128,33788,25075.86,11150988,0
"2021-09-09",16139,5639904,14718,4988553,1046,479306,1876,77004,33779,25697.14,11184767,0
"2021-09-10",18405,5658309,15341,5003894,1206,480512,1939,78943,36891,26374.86,11221658,0
"2021-09-11",12651,5670960,10331,5014225,959,481471,1008,79951,24949,26983.43,11246607,0
"2021-09-12",8549,5679509,5039,5019264,766,482237,685,80636,15039,27209.29,11261646,0
"2021-09-13",16956,5696465,12938,5032202,970,483207,1610,82246,32474,30372.86,11294120,0
"2021-09-14",16300,5712765,13638,5045840,883,484090,1572,83818,32393,29901.86,11326513,0
"2021-09-15",15599,5728364,12802,5058642,731,484821,1553,85371,30685,29458.57,11357198,0
"2021-09-16",15379,5743743,13880,5072522,1210,486031,1418,86789,31887,29188.29,11389085,0
"2021-09-17",14481,5758224,13890,5086412,908,486939,1802,88591,31081,28358.29,11420166,0
"2021-09-18",10023,5768247,10162,5096574,913,487852,1030,89621,22128,27955.29,11442294,0
"2021-09-19",6193,5774440,6060,5102634,557,488409,733,90354,13543,27741.57,11455837,0
"2021-09-20",12706,5787146,12609,5115243,1067,489476,1889,92243,28271,27141.14,11484108,0
"2021-09-21",12249,5799395,12748,5127991,1111,490587,1983,94226,28091,26526.57,11512199,0
"2021-09-22",12854,5812249,11955,5139946,1086,491673,1636,95862,27531,26076,11539730,0
"2021-09-23",14932,5827181,12724,5152670,1637,493310,2213,98075,31506,26021.57,11571236,0
"2021-09-24",16483,5843664,13317,5165987,1630,494940,4504,102579,35934,26714.86,11607170,0
"2021-09-25",10589,5854253,9004,5174991,1016,495956,3373,105952,23982,26979.71,11631152,0
"2021-09-26",6342,5860595,5744,5180735,770,496726,2373,108325,15229,27220.57,11646381,0
"2021-09-27",14198,5874793,8035,5188770,1153,497879,8842,117167,32228,27785.86,11678609,0
"2021-09-28",11202,5885995,11731,5200501,887,498766,9661,126828,33481,28555.86,11712090,0
"2021-09-29",11644,5897639,12161,5212662,1199,499965,9204,136032,34208,29509.71,11746298,0
"2021-09-30",12283,5909922,12560,5225222,1340,501305,9526,145558,35709,30110.14,11782007,0
"2021-10-01",12676,5922598,13377,5238599,1280,502585,10104,155662,37437,30324.86,11819444,0
"2021-10-02",7747,5930345,9954,5248553,864,503449,4156,159818,22721,30144.71,11842165,0
"2021-10-03",5086,5935431,6147,5254700,594,504043,2557,162375,14384,30024,11856549,0
"2021-10-04",9937,5945368,10994,5265694,913,504956,9365,171740,31209,29878.43,11887758,0
"2021-10-05",10203,5955571,11740,5277434,972,505928,9810,181550,32725,29770.43,11920483,0
"2021-10-06",9951,5965522,11025,5288459,936,506864,9798,191348,31710,29413.57,11952193,0
"2021-10-07",9698,5975220,12148,5300607,850,507714,10040,201388,32736,28988.86,11984929,0
"2021-10-08",9485,5984705,12113,5312720,939,508653,10766,212154,33303,28398.29,12018232,0
"2021-10-09",6290,5990995,8267,5320987,647,509300,4035,216189,19239,27900.86,12037471,0
"2021-10-10",3552,5994547,5006,5325993,457,509757,2391,218580,11406,27475.43,12048877,0
"2021-10-11",7653,6002200,9325,5335318,724,510481,8797,227377,26499,26802.57,12075376,0
"2021-10-12",8096,6010296,10976,5346294,891,511372,10378,237755,30341,26462,12105717,0
"2021-10-13",7213,6017509,10115,5356409,868,512240,8595,246350,26791,25759.29,12132508,0
"2021-10-14",7493,6025002,11071,5367480,833,513073,9899,256249,29296,25267.86,12161804,0
"2021-10-15",7777,6032779,11826,5379306,819,513892,10589,266838,31011,24940.43,12192815,0
"2021-10-16",4884,6037663,7450,5386756,662,514554,3746,270584,16742,24583.71,12209557,0
"2021-10-17",3073,6040736,4468,5391224,409,514963,2399,272983,10349,24432.71,12219906,0
"2021-10-18",7103,6047839,10634,5401858,796,515759,9270,282253,27803,24619,12247709,0
"2021-10-19",6674,6054513,8919,5410777,805,516564,8858,291111,25256,23892.57,12272965,0
"2021-10-20",6573,6061086,9343,5420120,969,517533,9774,300885,26659,23873.71,12299624,0
"2021-10-21",7068,6068154,9332,5429452,853,518386,10560,311445,27813,23661.86,12327437,0
"2021-10-22",8183,6076337,10303,5439755,1018,519404,15973,327418,35477,24299.86,12362914,0
"2021-10-23",5213,6081550,6443,5446198,688,520092,8990,336408,21334,24955.86,12384248,0
"2021-10-24",3303,6084853,3948,5450146,748,520840,6069,342477,14068,25487.14,12398316,0
"2021-10-25",8860,6093713,8756,5458902,1142,521982,19021,361498,37779,26912.29,12436095,0
"2021-10-26",8260,6101973,7735,5466637,1257,523239,17094,378592,34346,28210.86,12470441,0
"2021-10-27",10646,6112619,8390,5475027,1596,524835,20499,399091,41131,30278.29,12511572,0
"2021-10-28",11407,6124026,8030,5483057,1772,526607,20548,419639,41757,32270.29,12553329,0
"2021-10-29",11930,6135956,8233,5491290,1955,528562,22275,441914,44393,33544,12597722,0
"2021-10-30",4669,6140625,5056,5496346,914,529476,11037,452951,21676,33592.86,12619398,0
"2021-10-31",2701,6143326,2700,5499046,544,530020,6564,459515,12509,33370.14,12631907,0
"2021-11-01",7215,6150541,6946,5505992,1075,531095,20063,479578,35299,33015.86,12667206,0
"2021-11-02",6668,6157209,6569,5512561,1051,532146,20517,500095,34805,33081.43,12702011,0
"2021-11-03",6940,6164149,6657,5519218,1023,533169,20370,520465,34990,32204.14,12737001,0
"2021-11-04",9369,6173518,6268,5525486,991,534160,22032,542497,38660,31761.71,12775661,0
"2021-11-05",11174,6184692,6734,5532220,1052,535212,23496,565993,42456,31485,12818117,0
"2021-11-06",11175,6195867,4045,5536265,592,535804,12487,578480,28299,32431.14,12846416,0
"2021-11-07",7281,6203148,2258,5538523,576,536380,7035,585515,17150,33094.14,12863566,0
"2021-11-08",15130,6218278,5658,5544181,865,537245,19279,604794,40932,33898.86,12904498,0
"2021-11-09",16241,6234519,5346,5549527,659,537904,20309,625103,42555,35006,12947053,0
"2021-11-10",17031,6251550,5325,5554852,682,538586,22325,647428,45363,36487.86,12992416,0
"2021-11-11",12666,6264216,5203,5560055,756,539342,21753,669181,40378,36733.29,13032794,0
"2021-11-12",16984,6281200,5687,5565742,701,540043,23145,692326,46517,37313.43,13079311,0
"2021-11-13",9985,6291185,3680,5569422,461,540504,13201,705527,27327,37174.57,13106638,0
"2021-11-14",6122,6297307,2294,5571716,320,540824,7832,713359,16568,37091.43,13123206,0
"2021-11-15",13322,6310629,5977,5577693,684,541508,24827,738186,44810,37645.43,13168016,0
"2021-11-16",10192,6320821,5795,5583488,644,542152,30073,768259,46704,38238.14,13214720,0
"2021-11-17",10622,6331443,6676,5590164,688,542840,30733,798992,48719,38717.57,13263439,0
"2021-11-18",11058,6342501,6532,5596696,864,543704,32396,831388,50850,40213.57,13314289,0
"2021-11-19",12345,6354846,6545,5603241,718,544422,35704,867092,55312,41470,13369601,0
"2021-11-20",9553,6364399,3427,5606668,511,544933,22148,889240,35639,42657.43,13405240,0
"2021-11-21",5095,6369494,1895,5608563,287,545220,12933,902173,20210,43177.71,13425450,0
"2021-11-22",10746,6380240,5772,5614335,748,545968,35226,937399,52492,44275.14,13477942,0
"2021-11-23",9994,6390234,4798,5619133,636,546604,33014,970413,48442,44523.43,13526384,0
"2021-11-24",8826,6399060,4734,5623867,650,547254,25611,996024,39821,43252.29,13566205,0
"2021-11-25",457,6399517,323,5624190,79,547333,965,996989,1824,36248.57,13568029,0
"2021-11-26",8356,6407873,6909,5631099,526,547859,26002,1022991,41793,34317.29,13609822,0
"2021-11-27",6866,6414739,6777,5637876,377,548236,18350,1041341,32370,33850.29,13642192,0
"2021-11-28",4226,6418965,5726,5643602,287,548523,11523,1052864,21762,34072,13663954,0
"2021-11-29",9516,6428481,10914,5654516,685,549208,34154,1087018,55269,34468.71,13719223,0
"2021-11-30",10505,6438986,10927,5665443,511,549719,36150,1123168,58093,35847.43,13777316,0
"2021-12-01",11410,6450396,10884,5676327,712,550431,39579,1162747,62585,39099.43,13839901,0
"2021-12-02",11986,6462382,10985,5687312,619,551050,41085,1203832,64675,48078.14,13904576,0
"2021-12-03",14008,6476390,12739,5700051,675,551725,46556,1250388,73978,52676,13978554,0
"2021-12-04",10086,6486476,11149,5711200,568,552293,29886,1280274,51689,55435.86,14030243,0
"2021-12-05",5729,6492205,5756,5716956,267,552560,16303,1296577,28055,56334.86,14058298,0
"2021-12-06",12821,6505026,9879,5726835,603,553163,42256,1338833,65559,57804.86,14123857,0
"2021-12-07",13069,6518095,9153,5735988,622,553785,41775,1380608,64619,58737.14,14188476,0
"2021-12-08",13981,6532076,8629,5744617,548,554333,39477,1420085,62635,58744.29,14251111,0
"2021-12-09",13824,6545900,8691,5753308,553,554886,39493,1459578,62561,58442.29,14313672,0
"2021-12-10",14469,6560369,10030,5763338,654,555540,42264,1501842,67417,57505,14381089,0
"2021-12-11",10424,6570793,7955,5771293,404,555944,26256,1528098,45039,56555,14426128,0
"2021-12-12",6040,6576833,3821,5775114,279,556223,14875,1542973,25015,56120.71,14451143,0
"2021-12-13",12359,6589192,7366,5782480,642,556865,36998,1579971,57365,54950.14,14508508,0
"2021-12-14",12396,6601588,6835,5789315,726,557591,36907,1616878,56864,53842.29,14565372,0
"2021-12-15",12446,6614034,6158,5795473,748,558339,36409,1653287,55761,52860.29,14621133,0
"2021-12-16",13476,6627510,4160,5799633,736,559075,39439,1692726,57811,52181.71,14678944,0
"2021-12-17",16333,6643843,6794,5806427,610,559685,44612,1737338,68349,52314.86,14747293,0
"2021-12-18",13134,6656977,5636,5812063,419,560104,29560,1766898,48749,52844.86,14796042,0
"2021-12-19",7051,6664028,2957,5815020,328,560432,17367,1784265,27703,53228.86,14823745,0
"2021-12-20",17155,6681183,5752,5820772,731,561163,45218,1829483,68856,54870.43,14892601,0
"2021-12-21",18236,6699419,6313,5827085,777,561940,46545,1876028,71871,57014.29,14964472,0
"2021-12-22",18661,6718080,6383,5833468,896,562836,47223,1923251,73163,59500.29,15037635,0
"2021-12-23",19094,6737174,6343,5839811,894,563730,44030,1967281,70361,61293.14,15107996,0
"2021-12-24",9256,6746430,2890,5842701,571,564301,19894,1987175,32611,56187.71,15140607,0
"2021-12-25",310,6746740,62,5842763,22,564323,389,1987564,783,49335.43,15141390,0
"2021-12-26",8141,6754881,3848,5846611,333,564656,16889,2004453,29211,49550.86,15170601,0
"2021-12-27",21163,6776044,9021,5855632,899,565555,41975,2046428,73058,50151.14,15243659,0
"2021-12-28",19435,6795479,8157,5863789,660,566215,45813,2092241,74065,50464.57,15317724,0
"2021-12-29",17771,6813250,7346,5871135,570,566785,43794,2136035,69481,49938.57,15387205,0
"2021-12-30",16462,6829712,7174,5878309,549,567334,43400,2179435,67585,49542,15454790,0
"2021-12-31",5090,6834802,2700,5881009,173,567507,14171,2193606,22134,48045.29,15476924,0
"2022-01-01",224,6835026,126,5881135,11,567518,479,2194085,840,48053.43,15477764,0
"2022-01-02",6317,6841343,4928,5886063,128,567646,10346,2204431,21719,46983.14,15499483,0
"2022-01-03",13518,6854861,8091,5894154,475,568121,24623,2229054,46707,43218.71,15546190,120000
"2022-01-04",12604,6867465,7764,5901918,339,568460,24864,2253918,45571,39148.14,15591761,120000
"2022-01-05",11327,6878792,6591,5908509,352,568812,23356,2277274,41626,35168.86,15633387,120000
"2022-01-06",11288,6890080,6973,5915482,424,569236,24625,2301899,43310,31701,15676697,120000
"2022-01-07",9991,6900071,7668,5923150,283,569519,21918,2323817,39860,34233.29,15716557,120000
"2022-01-08",7142,6907213,7908,5931058,266,569785,14792,2338609,30108,38414.43,15746665,120000
"2022-01-09",1941,6909154,2141,5933199,108,569893,3847,2342456,8037,36459.86,15754702,120000
