"DATE","ADMIN_DOSE1_DAILY","ADMIN_DOSE1_CUMULATIVE","ADMIN_DOSE2_DAILY","ADMIN_DOSE2_CUMULATIVE","ADMIN_SINGLE_DAILY","ADMIN_SINGLE_CUMULATIVE","ADMIN_ADDITIONAL_DAILY","ADMIN_ADDITIONAL_CUMULATIVE","ADMIN_ALLDOSES_DAILY","ADMIN_ALLDOSES_7DAYAVG","ADMIN_ALLDOSES_CUMULATIVE","INCOMPLETE"
"2020-12-14",79,79,0,0,0,0,0,0,79,,79,0
"2020-12-15",2052,2131,6,6,4,4,0,0,2062,,2141,0
"2020-12-16",4603,6734,13,19,1,5,1,1,4618,,6759,0
"2020-12-17",4655,11389,17,36,0,5,1,2,4673,,11432,0
"2020-12-18",5833,17222,20,56,2,7,2,4,5857,,17289,0
"2020-12-19",1689,18911,7,63,3,10,0,4,1699,,18988,0
"2020-12-20",1116,20027,2,65,1,11,0,4,1119,2872.43,20107,0
"2020-12-21",6338,26365,18,83,0,11,6,10,6362,3770,26469,0
"2020-12-22",9795,36160,28,111,2,13,1,11,9826,4879.14,36295,0
"2020-12-23",14274,50434,35,146,3,16,1,12,14313,6264.14,50608,0
"2020-12-24",7201,57635,24,170,1,17,0,12,7226,6628.86,57834,0
"2020-12-25",180,57815,0,170,0,17,1,13,181,5818,58015,0
"2020-12-26",4389,62204,42,212,0,17,1,14,4432,6208.43,62447,0
"2020-12-27",3868,66072,14,226,0,17,1,15,3883,6603.29,66330,0
"2020-12-28",10994,77066,50,276,1,18,2,17,11047,7272.57,77377,0
"2020-12-29",10720,87786,33,309,2,20,2,19,10757,7405.57,88134,0
"2020-12-30",12824,100610,45,354,0,20,0,19,12869,7199.29,101003,0
"2020-12-31",7263,107873,30,384,1,21,0,19,7294,7209,108297,0
"2021-01-01",181,108054,2,386,1,22,3,22,187,7209.86,108484,0
"2021-01-02",3810,111864,10,396,2,24,2,24,3824,7123,112308,0
"2021-01-03",3543,115407,23,419,2,26,1,25,3569,7078.14,115877,0
"2021-01-04",12257,127664,806,1225,2,28,6,31,13071,7367.29,128948,0
"2021-01-05",14085,141749,2191,3416,2,30,11,42,16289,8157.57,145237,0
"2021-01-06",17807,159556,3924,7340,1,31,30,72,21762,9428,166999,0
"2021-01-07",16549,176105,5169,12509,4,35,46,118,21768,11495.71,188767,0
"2021-01-08",16618,192723,5456,17965,0,35,32,150,22106,14627,210873,0
"2021-01-09",7649,200372,1462,19427,1,36,8,158,9120,15383.57,219993,0
"2021-01-10",7883,208255,981,20408,0,36,10,168,8874,16141.43,228867,0
"2021-01-11",25825,234080,7456,27864,2,38,48,216,33331,19035.71,262198,0
"2021-01-12",28264,262344,7858,35722,1,39,43,259,36166,21875.29,298364,0
"2021-01-13",31728,294072,9385,45107,1,40,51,310,41165,24647.14,339529,0
"2021-01-14",35806,329878,5327,50434,1,41,28,338,41162,27417.71,380691,0
"2021-01-15",29266,359144,3707,54141,2,43,32,370,33007,28975,413698,0
"2021-01-16",30292,389436,2380,56521,0,43,25,395,32697,32343.14,446395,0
"2021-01-17",23752,413188,1624,58145,0,43,18,413,25394,34703.14,471789,0
"2021-01-18",27107,440295,2413,60558,0,43,35,448,29555,34163.71,501344,0
"2021-01-19",34299,474594,9625,70183,1,44,70,518,43995,35282.14,545339,0
"2021-01-20",34868,509462,9494,79677,1,45,59,577,44422,35747.43,589761,0
"2021-01-21",25591,535053,8092,87769,2,47,48,625,33733,34686.14,623494,0
"2021-01-22",24755,559808,4381,92150,1,48,33,658,29170,34138,652664,0
"2021-01-23",15743,575551,3222,95372,0,48,10,668,18975,32177.71,671639,0
"2021-01-24",7177,582728,3451,98823,0,48,19,687,10647,30071,682286,0
"2021-01-25",13415,596143,11820,110643,0,48,63,750,25298,29462.86,707584,0
"2021-01-26",16765,612908,10752,121395,0,48,67,817,27584,27118.43,735168,0
"2021-01-27",20835,633743,12356,133751,0,48,50,867,33241,25521.14,768409,0
"2021-01-28",30763,664506,12848,146599,0,48,79,946,43690,26943.57,812099,0
"2021-01-29",31691,696197,11498,158097,0,48,79,1025,43268,28957.57,855367,0
"2021-01-30",18716,714913,3737,161834,0,48,21,1046,22474,29457.43,877841,0
"2021-01-31",13024,727937,2916,164750,1,49,28,1074,15969,30217.71,893810,0
"2021-02-01",1180,729117,5369,170119,4,53,35,1109,6588,27544.86,900398,0
"2021-02-02",2828,731945,9471,179590,2,55,49,1158,12350,25368.57,912748,0
"2021-02-03",16348,748293,21237,200827,4,59,202,1360,37791,26018.57,950539,0
"2021-02-04",27046,775339,19651,220478,3,62,198,1558,46898,26476.86,997437,0
"2021-02-05",27601,802940,20032,240510,0,62,182,1740,47815,27126.43,1045252,0
"2021-02-06",22993,825933,11245,251755,0,62,110,1850,34348,28822.71,1079600,0
"2021-02-07",12045,837978,8282,260037,1,63,89,1939,20417,29458.14,1100017,0
"2021-02-08",16967,854945,23512,283549,2,65,231,2170,40712,34333,1140729,0
"2021-02-09",17195,872140,28111,311660,2,67,331,2501,45639,39088.57,1186368,0
"2021-02-10",19596,891736,29304,340964,2,69,258,2759,49160,40712.71,1235528,0
"2021-02-11",27848,919584,33467,374431,2,71,345,3104,61662,42821.86,1297190,0
"2021-02-12",38403,957987,30791,405222,3,74,355,3459,69552,45927.14,1366742,0
"2021-02-13",28003,985990,25309,430531,2,76,309,3768,53623,48680.71,1420365,0
"2021-02-14",16280,1002270,23730,454261,0,76,260,4028,40270,51516.86,1460635,0
"2021-02-15",12796,1015066,10530,464791,2,78,165,4193,23493,49057,1484128,0
"2021-02-16",14240,1029306,26732,491523,0,78,318,4511,41290,48435.71,1525418,0
"2021-02-17",16398,1045704,22186,513709,1,79,285,4796,38870,46965.71,1564288,0
"2021-02-18",12156,1057860,24986,538695,21,100,286,5082,37449,43506.71,1601737,0
"2021-02-19",13265,1071125,23933,562628,39,139,302,5384,37539,38933.43,1639276,0
"2021-02-20",11353,1082478,26071,588699,6,145,323,5707,37753,36666.29,1677029,0
"2021-02-21",6364,1088842,17424,606123,15,160,282,5989,24085,34354.14,1701114,0
"2021-02-22",13041,1101883,11847,617970,2,162,126,6115,25016,34571.71,1726130,0
"2021-02-23",25245,1127128,14148,632118,1,163,158,6273,39552,34323.43,1765682,0
"2021-02-24",36359,1163487,20378,652496,0,163,220,6493,56957,36907.29,1822639,0
"2021-02-25",54619,1218106,30374,682870,6,169,393,6886,85392,43756.29,1908031,0
"2021-02-26",62876,1280982,31856,714726,4,173,406,7292,95142,51985.29,2003173,0
"2021-02-27",51302,1332284,22740,737466,47,220,331,7623,74420,57223.43,2077593,0
"2021-02-28",44597,1376881,13812,751278,7,227,204,7827,58620,62157,2136213,0
"2021-03-01",39314,1416195,12770,764048,10,237,166,7993,52260,66049,2188473,0
"2021-03-02",47082,1463277,12567,776615,7,244,162,8155,59818,68944.14,2248291,0
"2021-03-03",48606,1511883,16149,792764,17,261,145,8300,64917,70081.29,2313208,0
"2021-03-04",59823,1571706,22812,815576,1092,1353,268,8568,83995,69881.71,2397203,0
"2021-03-05",60989,1632695,24271,839847,3109,4462,331,8899,88700,68961.43,2485903,0
"2021-03-06",47177,1679872,18879,858726,5450,9912,236,9135,71742,68578.86,2557645,0
"2021-03-07",36047,1715919,14865,873591,6246,16158,228,9363,57386,68402.57,2615031,0
"2021-03-08",39630,1755549,14663,888254,8564,24722,312,9675,63169,69961,2678200,0
"2021-03-09",39106,1794655,12832,901086,7766,32488,176,9851,59880,69969.86,2738080,0
"2021-03-10",51832,1846487,15321,916407,5067,37555,225,10076,72445,71045.29,2810525,0
"2021-03-11",59996,1906483,21794,938201,4618,42173,254,10330,86662,71426.29,2897187,0
"2021-03-12",52202,1958685,30300,968501,4183,46356,373,10703,87058,71191.71,2984245,0
"2021-03-13",40658,1999343,26678,995179,5108,51464,327,11030,72771,71338.71,3057016,0
"2021-03-14",30719,2030062,15956,1011135,4528,55992,238,11268,51441,70489.43,3108457,0
"2021-03-15",33592,2063654,17232,1028367,4716,60708,240,11508,55780,69433.86,3164237,0
"2021-03-16",38680,2102334,20486,1048853,4925,65633,260,11768,64351,70072.57,3228588,0
"2021-03-17",42624,2144958,24768,1073621,4247,69880,335,12103,71974,70005.29,3300562,0
"2021-03-18",50468,2195426,26777,1100398,5241,75121,366,12469,82852,69461,3383414,0
"2021-03-19",47805,2243231,29924,1130322,5625,80746,388,12857,83742,68987.29,3467156,0
"2021-03-20",38712,2281943,25822,1156144,4690,85436,292,13149,69516,68522.29,3536672,0
"2021-03-21",29302,2311245,19342,1175486,770,86206,220,13369,49634,68264.14,3586306,0
"2021-03-22",33870,2345115,26720,1202206,4037,90243,262,13631,64889,69565.43,3651195,0
"2021-03-23",38437,2383552,32825,1235031,4221,94464,285,13916,75768,71196.43,3726963,0
"2021-03-24",41508,2425060,37567,1272598,4849,99313,326,14242,84250,72950.14,3811213,0
"2021-03-25",43419,2468479,50751,1323349,5055,104368,465,14707,99690,75355.57,3910903,0
"2021-03-26",38508,2506987,55468,1378817,4310,108678,528,15235,98814,77508.71,4009717,0
"2021-03-27",35745,2542732,45722,1424539,2939,111617,406,15641,84812,79693.86,4094529,0
"2021-03-28",26397,2569129,34422,1458961,1481,113098,327,15968,62627,81550,4157156,0
"2021-03-29",34826,2603955,38827,1497788,3248,116346,344,16312,77245,83315.14,4234401,0
"2021-03-30",40517,2644472,41899,1539687,3714,120060,329,16641,86459,84842.43,4320860,0
"2021-03-31",49405,2693877,44839,1584526,7440,127500,395,17036,102079,87389.43,4422939,0
"2021-04-01",50787,2744664,53924,1638450,11276,138776,502,17538,116489,89789.29,4539428,0
"2021-04-02",43765,2788429,53860,1692310,11972,150748,548,18086,110145,91408,4649573,0
"2021-04-03",39261,2827690,39190,1731500,9862,160610,335,18421,88648,91956,4738221,0
"2021-04-04",26562,2854252,24754,1756254,3902,164512,220,18641,55438,90929,4793659,0
"2021-04-05",41886,2896138,34459,1790713,11194,175706,366,19007,87905,92451.86,4881564,0
"2021-04-06",53280,2949418,35588,1826301,13224,188930,424,19431,102516,94745.71,4984080,0
"2021-04-07",55516,3004934,40681,1866982,14389,203319,390,19821,110976,96016.71,5095056,0
"2021-04-08",59279,3064213,46560,1913542,16338,219657,510,20331,122687,96902.14,5217743,0
"2021-04-09",56651,3120864,44947,1958489,17548,237205,509,20840,119655,98260.71,5337398,0
"2021-04-10",49359,3170223,35638,1994127,12728,249933,384,21224,98109,99612.29,5435507,0
"2021-04-11",38188,3208411,28810,2022937,7685,257618,292,21516,74975,102403.29,5510482,0
"2021-04-12",46647,3255058,31848,2054785,13494,271112,457,21973,92446,103052,5602928,0
"2021-04-13",52553,3307611,33785,2088570,368,271480,389,22362,87095,100849,5690023,0
"2021-04-14",50152,3357763,39961,2128531,20,271500,363,22725,90496,97923.29,5780519,0
"2021-04-15",52130,3409893,43675,2172206,16,271516,452,23177,96273,94149.86,5876792,0
"2021-04-16",51193,3461086,42218,2214424,32,271548,412,23589,93855,90464.14,5970647,0
"2021-04-17",43844,3504930,35687,2250111,3,271551,363,23952,79897,87862.43,6050544,0
"2021-04-18",28609,3533539,29374,2279485,7,271558,249,24201,58239,85471.57,6108783,0
"2021-04-19",37480,3571019,36449,2315934,22,271580,316,24517,74267,82874.57,6183050,0
"2021-04-20",40812,3611831,39629,2355563,19,271599,308,24825,80768,81970.71,6263818,0
"2021-04-21",38912,3650743,46006,2401569,15,271614,489,25314,85422,81245.86,6349240,0
"2021-04-22",38509,3689252,48953,2450522,9,271623,332,25646,87803,80035.86,6437043,0
"2021-04-23",39709,3728961,44372,2494894,4,271627,347,25993,84432,78689.71,6521475,0
"2021-04-24",31960,3760921,41597,2536491,44,271671,277,26270,73878,77829.86,6595353,0
"2021-04-25",18424,3779345,31229,2567720,86,271757,190,26460,49929,76642.71,6645282,0
"2021-04-26",26977,3806322,40729,2608449,1013,272770,285,26745,69004,75890.86,6714286,0
"2021-04-27",28578,3834900,47140,2655589,1697,274467,347,27092,77762,75461.43,6792048,0
"2021-04-28",27057,3861957,56829,2712418,2148,276615,422,27514,86456,75609.14,6878504,0
"2021-04-29",28615,3890572,57199,2769617,2147,278762,360,27874,88321,75683.14,6966825,0
"2021-04-30",30127,3920699,51984,2821601,2056,280818,280,28154,84447,75685.29,7051272,0
"2021-05-01",22484,3943183,44551,2866152,1177,281995,221,28375,68433,74907.43,7119705,0
"2021-05-02",11929,3955112,36659,2902811,1080,283075,131,28506,49799,74888.86,7169504,0
"2021-05-03",18037,3973149,53017,2955828,2383,285458,251,28757,73688,75558,7243192,0
"2021-05-04",22745,3995894,56643,3012471,2330,287788,259,29016,81977,76160.14,7325169,0
"2021-05-05",21479,4017373,48795,3061266,2312,290100,311,29327,72897,74223.14,7398066,0
"2021-05-06",20687,4038060,50177,3111443,2508,292608,268,29595,73640,72125.86,7471706,0
"2021-05-07",21258,4059318,52101,3163544,2813,295421,303,29898,76475,70987,7548181,0
"2021-05-08",16637,4075955,41868,3205412,1835,297256,226,30124,60566,69863.14,7608747,0
"2021-05-09",7976,4083931,29412,3234824,1260,298516,149,30273,38797,68291.43,7647544,0
"2021-05-10",14398,4098329,38536,3273360,2356,300872,226,30499,55516,65695.43,7703060,0
"2021-05-11",19925,4118254,43050,3316410,2514,303386,277,30776,65766,63379.57,7768826,0
"2021-05-12",17818,4136072,40528,3356938,3596,306982,228,31004,62170,61847.14,7830996,0
"2021-05-13",24981,4161053,40428,3397366,3230,310212,257,31261,68896,61169.43,7899892,0
"2021-05-14",27029,4188082,42907,3440273,3537,313749,279,31540,73752,60780.43,7973644,0
"2021-05-15",23653,4211735,34916,3475189,3366,317115,246,31786,62181,61011.14,8035825,0
"2021-05-16",15537,4227272,19436,3494625,2497,319612,125,31911,37595,60839.43,8073420,0
"2021-05-17",22679,4249951,29138,3523763,3258,322870,174,32085,55249,60801.29,8128669,0
"2021-05-18",24643,4274594,31901,3555664,3404,326274,237,32322,60185,60004,8188854,0
"2021-05-19",24205,4298799,29703,3585367,3040,329314,223,32545,57171,59289.86,8246025,0
"2021-05-20",24163,4322962,30079,3615446,3161,332475,270,32815,57673,57686.57,8303698,0
"2021-05-21",24693,4347655,31996,3647442,3060,335535,249,33064,59998,55721.71,8363696,0
"2021-05-22",20028,4367683,24353,3671795,2525,338060,160,33224,47066,53562.43,8410762,0
"2021-05-23",11238,4378921,13731,3685526,1411,339471,94,33318,26474,51973.71,8437236,0
"2021-05-24",18881,4397802,23152,3708678,2757,342228,214,33532,45004,50510.14,8482240,0
"2021-05-25",19442,4417244,23371,3732049,2601,344829,176,33708,45590,48425.14,8527830,0
"2021-05-26",18790,4436034,21081,3753130,2696,347525,198,33906,42765,46367.14,8570595,0
"2021-05-27",18476,4454510,21266,3774396,2530,350055,190,34096,42462,44194.14,8613057,0
"2021-05-28",17869,4472379,22886,3797282,2752,352807,186,34282,43693,41864.86,8656750,0
"2021-05-29",12715,4485094,17804,3815086,1755,354562,104,34386,32378,39766.57,8689128,0
"2021-05-30",7033,4492127,8947,3824033,1074,355636,46,34432,17100,38427.43,8706228,0
"2021-05-31",4742,4496869,6925,3830958,1012,356648,64,34496,12743,33818.71,8718971,0
"2021-06-01",16040,4512909,25198,3856156,2175,358823,150,34646,43563,33529.14,8762534,0
"2021-06-02",15355,4528264,20389,3876545,2093,360916,137,34783,37974,32844.71,8800508,0
"2021-06-03",15011,4543275,23817,3900362,2280,363196,125,34908,41233,32669.14,8841741,0
"2021-06-04",14733,4558008,25982,3926344,2492,365688,142,35050,43349,32620,8885090,0
"2021-06-05",10994,4569002,22084,3948428,1806,367494,111,35161,34995,32993.86,8920085,0
"2021-06-06",6449,4575451,14465,3962893,1222,368716,84,35245,22220,33725.29,8942305,0
"2021-06-07",11714,4587165,21782,3984675,2380,371096,136,35381,36012,37049.43,8978317,0
"2021-06-08",12657,4599822,24013,4008688,2072,373168,117,35498,38859,36377.43,9017176,0
"2021-06-09",11151,4610973,23023,4031711,2297,375465,128,35626,36599,36181,9053775,0
"2021-06-10",12074,4623047,22228,4053939,2462,377927,139,35765,36903,35562.43,9090678,0
"2021-06-11",12709,4635756,25118,4079057,2483,380410,150,35915,40460,35149.71,9131138,0
"2021-06-12",10170,4645926,19305,4098362,1888,382298,92,36007,31455,34644,9162593,0
"2021-06-13",4260,4650186,10935,4109297,1219,383517,40,36047,16454,33820.29,9179047,0
"2021-06-14",10218,4660404,19237,4128534,2042,385559,127,36174,31624,33193.43,9210671,0
"2021-06-15",11893,4672297,21004,4149538,1943,387502,126,36300,34966,32637.29,9245637,0
"2021-06-16",11593,4683890,19406,4168944,1956,389458,138,36438,33093,32136.43,9278730,0
"2021-06-17",11024,4694914,18761,4187705,1971,391429,119,36557,31875,31418.14,9310605,0
"2021-06-18",12173,4707087,18494,4206199,2115,393544,113,36670,32895,30337.43,9343500,0
"2021-06-19",8504,4715591,13518,4219717,1459,395003,79,36749,23560,29209.57,9367060,0
"2021-06-20",4336,4719927,7159,4226876,924,395927,36,36785,12455,28638.29,9379515,0
"2021-06-21",10164,4730091,10006,4236882,1806,397733,68,36853,22044,27269.71,9401559,0
"2021-06-22",9838,4739929,15638,4252520,1589,399322,104,36957,27169,26155.86,9428728,0
"2021-06-23",10320,4750249,15181,4267701,1862,401184,100,37057,27463,25351.57,9456191,0
"2021-06-24",9692,4759941,14697,4282398,1799,402983,115,37172,26303,24555.57,9482494,0
"2021-06-25",10593,4770534,14384,4296782,1718,404701,109,37281,26804,23685.43,9509298,0
"2021-06-26",7807,4778341,10464,4307246,1246,405947,73,37354,19590,23118.29,9528888,0
"2021-06-27",5004,4783345,5999,4313245,796,406743,31,37385,11830,23029,9540718,0
"2021-06-28",9036,4792381,10344,4323589,1524,408267,104,37489,21008,22881,9561726,0
"2021-06-29",9751,4802132,12310,4335899,1347,409614,127,37616,23535,22361.86,9585261,0
"2021-06-30",9432,4811564,10926,4346825,1481,411095,146,37762,21985,21579.29,9607246,0
"2021-07-01",9399,4820963,10925,4357750,1431,412526,125,37887,21880,20947.43,9629126,0
"2021-07-02",9697,4830660,11435,4369185,1541,414067,121,38008,22794,20374.57,9651920,0
"2021-07-03",7060,4837720,8421,4377606,1193,415260,74,38082,16748,19968.57,9668668,0
"2021-07-04",1288,4839008,1336,4378942,567,415827,8,38090,3199,18735.57,9671867,0
"2021-07-05",6494,4845502,7105,4386047,1208,417035,64,38154,14871,17858.86,9686738,0
"2021-07-06",9514,4855016,12849,4398896,1317,418352,114,38268,23794,17895.86,9710532,0
"2021-07-07",8673,4863689,11104,4410000,1419,419771,121,38389,21317,17800.43,9731849,0
"2021-07-08",8211,4871900,10190,4420190,1260,421031,106,38495,19767,17498.57,9751616,0
"2021-07-09",8379,4880279,10829,4431019,1279,422310,87,38582,20574,17181.43,9772190,0
"2021-07-10",7110,4887389,8626,4439645,1132,423442,63,38645,16931,17207.57,9789121,0
"2021-07-11",4104,4891493,4539,4444184,703,424145,34,38679,9380,18090.57,9798501,0
"2021-07-12",8452,4899945,9555,4453739,1250,425395,80,38759,19337,18728.57,9817838,0
"2021-07-13",9468,4909413,9383,4463122,951,426346,104,38863,19906,18173.14,9837744,0
"2021-07-14",9004,4918417,9527,4472649,1009,427355,102,38965,19642,17933.86,9857386,0
"2021-07-15",8793,4927210,9149,4481798,1051,428406,83,39048,19076,17835.14,9876462,0
"2021-07-16",9242,4936452,9761,4491559,978,429384,101,39149,20082,17764.86,9896544,0
"2021-07-17",6845,4943297,7387,4498946,802,430186,77,39226,15111,17504.86,9911655,0
"2021-07-18",4260,4947557,4284,4503230,569,430755,33,39259,9146,17471.43,9920801,0
"2021-07-19",9127,4956684,8468,4511698,999,431754,87,39346,18681,17377.71,9939482,0
"2021-07-20",10653,4967337,8757,4520455,991,432745,92,39438,20493,17461.57,9959975,0
"2021-07-21",10053,4977390,8764,4529219,903,433648,144,39582,19864,17493.29,9979839,0
"2021-07-22",10687,4988077,8582,4537801,1044,434692,142,39724,20455,17690.29,10000294,0
"2021-07-23",11257,4999334,8877,4546678,1114,435806,136,39860,21384,17876.29,10021678,0
"2021-07-24",7406,5006740,6733,4553411,670,436476,81,39941,14890,17844.71,10036568,0
"2021-07-25",5480,5012220,2123,4555534,509,436985,59,40000,8171,17705.43,10044739,0
"2021-07-26",10878,5023098,6998,4562532,859,437844,110,40110,18845,17728.86,10063584,0
"2021-07-27",12059,5035157,8564,4571096,857,438701,132,40242,21612,17888.71,10085196,0
"2021-07-28",11999,5047156,8044,4579140,950,439651,129,40371,21122,18068.43,10106318,0
"2021-07-29",10939,5058095,7425,4586565,983,440634,132,40503,19479,17929,10125797,0
"2021-07-30",14957,5073052,8008,4594573,1150,441784,179,40682,24294,18344.71,10150091,0
"2021-07-31",9731,5082783,6312,4600885,816,442600,117,40799,16976,18642.71,10167067,0
"2021-08-01",6504,5089287,3309,4604194,564,443164,79,40878,10456,18969.14,10177523,0
"2021-08-02",13452,5102739,7153,4611347,847,444011,145,41023,21597,19362.29,10199120,0
"2021-08-03",15418,5118157,8382,4619729,1109,445120,142,41165,25051,19853.57,10224171,0
"2021-08-04",17263,5135420,8120,4627849,1454,446574,180,41345,27017,20695.71,10251188,0
"2021-08-05",17868,5153288,7921,4635770,1366,447940,163,41508,27318,21815.57,10278506,0
"2021-08-06",18184,5171472,8410,4644180,1233,449173,162,41670,27989,22343.43,10306495,0
"2021-08-07",13389,5184861,6016,4650196,799,449972,97,41767,20301,22818.43,10326796,0
"2021-08-08",9311,5194172,3836,4654032,399,450371,81,41848,13627,23271.43,10340423,0
"2021-08-09",21342,5215514,8526,4662558,963,451334,169,42017,31000,24614.71,10371423,0
"2021-08-10",18925,5234439,9329,4671887,950,452284,171,42188,29375,25232.43,10400798,0
"2021-08-11",15652,5250091,8305,4680192,853,453137,128,42316,24938,24935.43,10425736,0
"2021-08-12",15053,5265144,8976,4689168,939,454076,167,42483,25135,24623.57,10450871,0
"2021-08-13",14927,5280071,9290,4698458,920,454996,238,42721,25375,24250.14,10476246,0
"2021-08-14",10415,5290486,6401,4704859,626,455622,527,43248,17969,23917,10494215,0
"2021-08-15",6698,5297184,4475,4709334,676,456298,566,43814,12415,23743.86,10506630,0
"2021-08-16",15728,5312912,9290,4718624,1149,457447,1318,45132,27485,23241.71,10534115,0
"2021-08-17",17779,5330691,10437,4729061,1224,458671,1760,46892,31200,23502.43,10565315,0
"2021-08-18",17512,5348203,10359,4739420,1261,459932,1979,48871,31111,24384.29,10596426,0
"2021-08-19",16307,5364510,9517,4748937,1315,461247,1947,50818,29086,24948.71,10625512,0
"2021-08-20",16290,5380800,11537,4760474,1254,462501,1845,52663,30926,25741.71,10656438,0
"2021-08-21",11157,5391957,8038,4768512,877,463378,1050,53713,21122,26192.14,10677560,0
"2021-08-22",4085,5396042,3898,4772410,262,463640,514,54227,8759,25669.86,10686319,0
"2021-08-23",15586,5411628,11794,4784204,1023,464663,1541,55768,29944,26021.14,10716263,0
"2021-08-24",16921,5428549,12592,4796796,1006,465669,1771,57539,32290,26176.86,10748553,0
"2021-08-25",14590,5443139,12437,4809233,1110,466779,1564,59103,29701,25975.43,10778254,0
"2021-08-26",16171,5459310,14084,4823317,1072,467851,1764,60867,33091,26547.57,10811345,0
"2021-08-27",14892,5474202,14821,4838138,972,468823,1658,62525,32343,26750,10843688,0
"2021-08-28",10690,5484892,11516,4849654,836,469659,1009,63534,24051,27168.43,10867739,0
"2021-08-29",7221,5492113,7494,4857148,541,470200,776,64310,16032,28207.43,10883771,0
"2021-08-30",15532,5507645,16923,4874071,1077,471277,1788,66098,35320,28975.43,10919091,0
"2021-08-31",15529,5523174,15947,4890018,952,472229,1962,68060,34390,29275.43,10953481,0
"2021-09-01",14839,5538013,14094,4904112,1021,473250,1798,69858,31752,29568.43,10985233,0
"2021-09-02",14349,5552362,12516,4916628,896,474146,1692,71550,29453,29048.71,11014686,0
"2021-09-03",15018,5567380,14297,4930925,974,475120,1890,73440,32179,29025.29,11046865,0
"2021-09-04",9650,5577030,9406,4940331,688,475808,962,74402,20706,28547.43,11067571,0
"2021-09-05",6805,5583835,5513,4945844,438,476246,706,75108,13462,28180.29,11081033,0
"2021-09-06",5201,5589036,4508,4950352,358,476604,270,75378,10337,24611.29,11091370,0
"2021-09-07",15579,5604615,17689,4968041,912,477516,1540,76918,35720,24801.29,11127090,0
"2021-09-08",16177,5620792,14819,4982860,1073,478589,1755,78673,33824,25097.29,11160914,0
"2021-09-09",16125,5636917,14743,4997603,1047,479636,1900,80573,33815,25720.43,11194729,0
"2021-09-10",18375,5655292,15388,5012991,1208,480844,1965,82538,36936,26400,11231665,0
"2021-09-11",12642,5667934,10344,5023335,958,481802,1017,83555,24961,27007.86,11256626,0
"2021-09-12",8537,5676471,5049,5028384,766,482568,688,84243,15040,27233.29,11271666,0
"2021-09-13",16941,5693412,12947,5041331,975,483543,1640,85883,32503,30399.86,11304169,0
"2021-09-14",16278,5709690,13674,5055005,886,484429,1588,87471,32426,29929.29,11336595,0
"2021-09-15",15550,5725240,12869,5067874,728,485157,1561,89032,30708,29484.14,11367303,0
"2021-09-16",15348,5740588,13903,5081777,1211,486368,1446,90478,31908,29211.71,11399211,0
"2021-09-17",14440,5755028,13962,5095739,922,487290,1820,92298,31144,28384.29,11430355,0
"2021-09-18",10006,5765034,10172,5105911,913,488203,1046,93344,22137,27980.86,11452492,0
"2021-09-19",6180,5771214,6070,5111981,558,488761,743,94087,13551,27768.14,11466043,0
"2021-09-20",12684,5783898,12631,5124612,1069,489830,1912,95999,28296,27167.14,11494339,0
"2021-09-21",12243,5796141,12769,5137381,1110,490940,2013,98012,28135,26554.14,11522474,0
"2021-09-22",12832,5808973,11995,5149376,1090,492030,1675,99687,27592,26109,11550066,0
"2021-09-23",14954,5823927,12756,5162132,1639,493669,2247,101934,31596,26064.43,11581662,0
"2021-09-24",16461,5840388,13365,5175497,1632,495301,4607,106541,36065,26767.43,11617727,0
"2021-09-25",10552,5850940,9024,5184521,1018,496319,3441,109982,24035,27038.57,11641762,0
"2021-09-26",6310,5857250,5761,5190282,773,497092,2413,112395,15257,27282.29,11657019,0
"2021-09-27",14179,5871429,8051,5198333,1155,498247,8997,121392,32382,27866,11689401,0
"2021-09-28",11163,5882592,11767,5210100,901,499148,9851,131243,33682,28658.43,11723083,0
"2021-09-29",11618,5894210,12191,5222291,1206,500354,9397,140640,34412,29632.71,11757495,0
"2021-09-30",12258,5906468,12596,5234887,1339,501693,9685,150325,35878,30244.43,11793373,0
"2021-10-01",12663,5919131,13426,5248313,1284,502977,10223,160548,37596,30463.14,11830969,0
"2021-10-02",7739,5926870,9974,5258287,865,503842,4209,164757,22787,30284.86,11853756,0
"2021-10-03",5081,5931951,6153,5264440,593,504435,2602,167359,14429,30166.57,11868185,0
"2021-10-04",9923,5941874,11025,5275465,913,505348,9475,176834,31336,30017.14,11899521,0
"2021-10-05",10185,5952059,11731,5287196,972,506320,9899,186733,32787,29889.29,11932308,0
"2021-10-06",9932,5961991,11054,5298250,937,507257,9892,196625,31815,29518.29,11964123,0
"2021-10-07",9681,5971672,12187,5310437,852,508109,10159,206784,32879,29089.86,11997002,0
"2021-10-08",9478,5981150,12172,5322609,943,509052,10860,217644,33453,28498,12030455,0
"2021-10-09",6273,5987423,8274,5330883,649,509701,4097,221741,19293,27998.86,12049748,0
"2021-10-10",3546,5990969,5023,5335906,458,510159,2418,224159,11445,27572.57,12061193,0
"2021-10-11",7641,5998610,9329,5345235,728,510887,8864,233023,26562,26890.57,12087755,0
"2021-10-12",8087,6006697,11002,5356237,891,511778,10463,243486,30443,26555.71,12118198,0
"2021-10-13",7177,6013874,10139,5366376,869,512647,8744,252230,26929,25857.71,12145127,0
"2021-10-14",7462,6021336,11111,5377487,836,513483,10059,262289,29468,25370.43,12174595,0
"2021-10-15",7746,6029082,11864,5389351,823,514306,10752,273041,31185,25046.43,12205780,0
"2021-10-16",4872,6033954,7465,5396816,666,514972,3811,276852,16814,24692.29,12222594,0
"2021-10-17",3062,6037016,4473,5401289,411,515383,2433,279285,10379,24540,12232973,0
"2021-10-18",7069,6044085,10660,5411949,796,516179,9406,288691,27931,24735.57,12260904,0
"2021-10-19",6594,6050679,8941,5420890,805,516984,9041,297732,25381,24012.43,12286285,0
"2021-10-20",6559,6057238,9378,5430268,975,517959,9927,307659,26839,23999.57,12313124,0
"2021-10-21",7051,6064289,9379,5439647,859,518818,10794,318453,28083,23801.71,12341207,0
"2021-10-22",8148,6072437,10343,5449990,1026,519844,16301,334754,35818,24463.57,12377025,0
"2021-10-23",5190,6077627,6459,5456449,690,520534,9094,343848,21433,25123.43,12398458,0
"2021-10-24",3281,6080908,3973,5460422,770,521304,6139,349987,14163,25664,12412621,0
"2021-10-25",8808,6089716,8743,5469165,1148,522452,19207,369194,37906,27089,12450527,0
"2021-10-26",8227,6097943,7726,5476891,1259,523711,17259,386453,34471,28387.57,12484998,0
"2021-10-27",10596,6108539,8395,5485286,1604,525315,20804,407257,41399,30467.57,12526397,0
"2021-10-28",11367,6119906,8037,5493323,1792,527107,20790,428047,41986,32453.71,12568383,0
"2021-10-29",11873,6131779,8243,5501566,1962,529069,22480,450527,44558,33702.29,12612941,0
"2021-10-30",4645,6136424,5056,5506622,934,530003,11141,461668,21776,33751.29,12634717,0
"2021-10-31",2672,6139096,2705,5509327,545,530548,6608,468276,12530,33518,12647247,0
"2021-11-01",7179,6146275,6952,5516279,1089,531637,20329,488605,35549,33181.29,12682796,0
"2021-11-02",6620,6152895,6589,5522868,1055,532692,20706,509311,34970,33252.57,12717766,0
"2021-11-03",6888,6159783,6681,5529549,1028,533720,20571,529882,35168,32362.43,12752934,0
"2021-11-04",9338,6169121,6276,5535825,997,534717,22307,552189,38918,31924.14,12791852,0
"2021-11-05",11101,6180222,6720,5542545,1052,535769,23718,575907,42591,31643.14,12834443,0
"2021-11-06",11145,6191367,4051,5546596,593,536362,12571,588478,28360,32583.71,12862803,0
"2021-11-07",7276,6198643,2281,5548877,577,536939,7089,595567,17223,33254.14,12880026,0
"2021-11-08",15087,6213730,5678,5554555,867,537806,19458,615025,41090,34045.71,12921116,0
"2021-11-09",16188,6229918,5382,5559937,661,538467,20476,635501,42707,35151,12963823,0
"2021-11-10",16984,6246902,5324,5565261,685,539152,22584,658085,45577,36638,13009400,0
"2021-11-11",12613,6259515,5195,5570456,761,539913,22027,680112,40596,36877.71,13049996,0
"2021-11-12",16928,6276443,5685,5576141,708,540621,23350,703462,46671,37460.57,13096667,0
"2021-11-13",9965,6286408,3665,5579806,465,541086,13299,716761,27394,37322.57,13124061,0
"2021-11-14",6034,6292442,2294,5582100,325,541411,7913,724674,16566,37228.71,13140627,0
"2021-11-15",13268,6305710,5969,5588069,690,542101,25058,749732,44985,37785.14,13185612,0
"2021-11-16",10017,6315727,5791,5593860,655,542756,30599,780331,47062,38407.29,13232674,0
"2021-11-17",10365,6326092,6675,5600535,681,543437,31342,811673,49063,38905.29,13281737,0
"2021-11-18",10781,6336873,6548,5607083,861,544298,32934,844607,51124,40409.29,13332861,0
"2021-11-19",12074,6348947,6556,5613639,716,545014,36187,880794,55533,41675.29,13388394,0
"2021-11-20",9381,6358328,3422,5617061,514,545528,22457,903251,35774,42872.43,13424168,0
"2021-11-21",4992,6363320,1892,5618953,288,545816,13165,916416,20337,43411.14,13444505,0
"2021-11-22",10501,6373821,5796,5624749,752,546568,35859,952275,52908,44543,13497413,0
"2021-11-23",9869,6383690,4779,5629528,637,547205,33442,985717,48727,44780.86,13546140,0
"2021-11-24",8761,6392451,4754,5634282,651,547856,25864,1011581,40030,43490.43,13586170,0
"2021-11-25",452,6392903,325,5634607,80,547936,999,1012580,1856,36452.14,13588026,0
"2021-11-26",8103,6401006,6991,5641598,528,548464,26537,1039117,42159,34541.57,13630185,0
"2021-11-27",6713,6407719,6833,5648431,373,548837,18790,1057907,32709,34103.71,13662894,0
"2021-11-28",4102,6411821,5782,5654213,282,549119,11846,1069753,22012,34343,13684906,0
"2021-11-29",9147,6420968,10991,5665204,688,549807,34941,1104694,55767,34751.43,13740673,0
"2021-11-30",10576,6431544,11433,5676637,513,550320,37706,1142400,60228,36394.43,13800901,0
"2021-12-01",11251,6442795,10983,5687620,723,551043,40260,1182660,63217,39706.86,13864118,0
"2021-12-02",11725,6454520,11026,5698646,626,551669,42062,1224722,65439,48790.14,13929557,0
"2021-12-03",13563,6468083,12880,5711526,676,552345,47849,1272571,74968,53477.14,14004525,0
"2021-12-04",9898,6477981,11284,5722810,567,552912,30609,1303180,52358,56284.14,14056883,0
"2021-12-05",5783,6483764,5703,5728513,269,553181,16628,1319808,28383,57194.29,14085266,0
"2021-12-06",12416,6496180,9949,5738462,602,553783,43160,1362968,66127,58674.29,14151393,0
"2021-12-07",12673,6508853,9255,5747717,625,554408,42965,1405933,65518,59430,14216911,0
"2021-12-08",13634,6522487,8759,5756476,555,554963,40694,1446627,63642,59490.71,14280553,0
"2021-12-09",13586,6536073,8764,5765240,558,555521,40729,1487356,63637,59233.29,14344190,0
"2021-12-10",14118,6550191,10135,5775375,671,556192,43575,1530931,68499,58309.14,14412689,0
"2021-12-11",10309,6560500,8116,5783491,405,556597,26667,1557598,45497,57329,14458186,0
"2021-12-12",6053,6566553,3855,5787346,288,556885,15138,1572736,25334,56893.43,14483520,0
"2021-12-13",12287,6578840,7422,5794768,656,557541,37825,1610561,58190,55759.57,14541710,0
"2021-12-14",12302,6591142,6960,5801728,731,558272,38078,1648639,58071,54695.71,14599781,0
"2021-12-15",12200,6603342,6238,5807966,755,559027,38031,1686670,57224,53778.86,14657005,0
"2021-12-16",13203,6616545,4273,5812239,742,559769,40936,1727606,59154,53138.43,14716159,0
"2021-12-17",16036,6632581,6936,5819175,620,560389,46663,1774269,70255,53389.29,14786414,0
"2021-12-18",13075,6645656,5713,5824888,432,560821,30546,1804815,49766,53999.14,14836180,0
"2021-12-19",7060,6652716,2993,5827881,326,561147,17972,1822787,28351,54430.14,14864531,0
"2021-12-20",16948,6669664,5870,5833751,747,561894,47339,1870126,70904,56246.43,14935435,0
"2021-12-21",18049,6687713,6566,5840317,806,562700,48807,1918933,74228,58554.57,15009663,0
"2021-12-22",18652,6706365,6563,5846880,938,563638,49535,1968468,75688,61192.29,15085351,0
"2021-12-23",19106,6725471,6479,5853359,930,564568,45751,2014219,72266,63065.43,15157617,0
"2021-12-24",9254,6734725,2949,5856308,598,565166,20580,2034799,33381,57797.71,15190998,0
"2021-12-25",344,6735069,64,5856372,31,565197,424,2035223,863,50811.57,15191861,0
"2021-12-26",7993,6743062,3928,5860300,341,565538,17251,2052474,29513,50977.57,15221374,0
"2021-12-27",21861,6764923,9202,5869502,933,566471,43354,2095828,75350,51612.71,15296724,0
"2021-12-28",20223,6785146,8326,5877828,698,567169,47493,2143321,76740,51971.57,15373464,0
"2021-12-29",18548,6803694,7663,5885491,607,567776,45473,2188794,72291,51486.29,15445755,0
"2021-12-30",16923,6820617,7416,5892907,582,568358,44762,2233556,69683,51117.29,15515438,0
"2021-12-31",5371,6825988,2808,5895715,193,568551,14742,2248298,23114,49650.57,15538552,0
"2022-01-01",237,6826225,146,5895861,11,568562,498,2248796,892,49654.71,15539444,0
"2022-01-02",6451,6832676,5013,5900874,153,568715,10968,2259764,22585,48665,15562029,0
"2022-01-03",14206,6846882,8481,5909355,515,569230,26823,2286587,50025,45047.14,15612054,0
"2022-01-04",13121,6860003,8068,5917423,412,569642,26958,2313545,48559,41021.29,15660613,0
"2022-01-05",11645,6871648,6971,5924394,385,570027,25707,2339252,44708,37080.86,15705321,0
"2022-01-06",11571,6883219,7368,5931762,485,570512,27418,2366670,46842,33817.86,15752163,0
"2022-01-07",10493,6893712,8414,5940176,337,570849,24934,2391604,44178,36827,15796341,0
"2022-01-08",7953,6901665,8548,5948724,310,571159,19383,2410987,36194,41870.14,15832535,0
"2022-01-09",4153,6905818,3843,5952567,214,571373,10044,2421031,18254,41251.43,15850789,0
"2022-01-10",10194,6916012,8184,5960751,490,571863,24570,2445601,43438,40310.43,15894227,0
"2022-01-11",8929,6924941,7988,5968739,521,572384,20966,2466567,38404,38859.71,15932631,0
"2022-01-12",8983,6933924,8318,5977057,428,572812,22273,2488840,40002,38187.43,15972633,0
"2022-01-13",9083,6943007,8857,5985914,451,573263,22794,2511634,41185,37379.29,16013818,0
"2022-01-14",10145,6953152,8112,5994026,476,573739,26379,2538013,45112,37512.71,16058930,0
"2022-01-15",6222,6959374,4304,5998330,178,573917,15125,2553138,25829,36032,16084759,0
"2022-01-16",2931,6962305,3252,6001582,93,574010,7807,2560945,14083,35436.14,16098842,0
"2022-01-17",6103,6968408,6757,6008339,363,574373,14639,2575584,27862,33211,16126704,0
"2022-01-18",8185,6976593,10300,6018639,396,574769,19604,2595188,38485,33222.57,16165189,0
"2022-01-19",7524,6984117,9234,6027873,306,575075,17657,2612845,34721,32468.14,16199910,0
"2022-01-20",6331,6990448,8563,6036436,304,575379,15169,2628014,30367,30922.71,16230277,0
"2022-01-21",7596,6998044,7488,6043924,276,575655,18458,2646472,33818,29309.29,16264095,0
"2022-01-22",5204,7003248,4932,6048856,131,575786,11291,2657763,21558,28699.14,16285653,0
"2022-01-23",2819,7006067,3326,6052182,97,575883,6220,2663983,12462,28467.57,16298115,0
"2022-01-24",6406,7012473,8192,6060374,262,576145,15014,2678997,29874,28755,16327989,0
"2022-01-25",6215,7018688,7920,6068294,232,576377,14656,2693653,29023,27403.29,16357012,0
"2022-01-26",5776,7024464,7159,6075453,290,576667,13979,2707632,27204,26329.43,16384216,0
"2022-01-27",5279,7029743,7080,6082533,321,576988,14037,2721669,26717,25808,16410933,0
"2022-01-28",6305,7036048,7852,6090385,204,577192,16072,2737741,30433,25324.43,16441366,0
"2022-01-29",847,7036895,728,6091113,28,577220,2522,2740263,4125,22834,16445491,0
"2022-01-30",2100,7038995,3021,6094134,103,577323,4529,2744792,9753,22447,16455244,0
"2022-01-31",5033,7044028,6589,6100723,219,577542,11325,2756117,23166,21488.71,16478410,0
"2022-02-01",4855,7048883,6436,6107159,219,577761,10668,2766785,22178,20510.86,16500588,0
"2022-02-02",4266,7053149,5922,6113081,214,577975,11191,2777976,21593,19709.29,16522181,0
"2022-02-03",4243,7057392,5792,6118873,217,578192,11185,2789161,21437,18955,16543618,0
"2022-02-04",4804,7062196,7103,6125976,214,578406,13176,2802337,25297,18221.29,16568915,0
"2022-02-05",3596,7065792,6045,6132021,110,578516,8553,2810890,18304,20246.86,16587219,0
"2022-02-06",2067,7067859,2135,6134156,121,578637,4627,2815517,8950,20132.14,16596169,0
"2022-02-07",4167,7072026,4723,6138879,205,578842,10113,2825630,19208,19566.71,16615377,0
"2022-02-08",4240,7076266,5603,6144482,214,579056,11280,2836910,21337,19446.57,16636714,0
"2022-02-09",4149,7080415,5393,6149875,222,579278,11636,2848546,21400,19419,16658114,0
"2022-02-10",4005,7084420,5113,6154988,244,579522,12159,2860705,21521,19431,16679635,0
"2022-02-11",4538,7088958,5800,6160788,194,579716,13704,2874409,24236,19279.43,16703871,0
"2022-02-12",3268,7092226,4335,6165123,96,579812,8783,2883192,16482,19019.14,16720353,0
"2022-02-13",1523,7093749,1542,6166665,41,579853,4878,2888070,7984,18881.14,16728337,0
"2022-02-14",3004,7096753,3619,6170284,165,580018,10541,2898611,17329,18612.71,16745666,0
"2022-02-15",3577,7100330,4064,6174348,176,580194,12750,2911361,20567,18502.71,16766233,0
"2022-02-16",3677,7104007,3891,6178239,198,580392,15675,2927036,23441,18794.29,16789674,0
"2022-02-17",4061,7108068,4078,6182317,164,580556,18234,2945270,26537,19510.86,16816211,0
"2022-02-18",4496,7112564,4777,6187094,190,580746,21509,2966779,30972,20473.14,16847183,0
"2022-02-19",3266,7115830,2180,6189274,65,580811,11153,2977932,16664,20499.14,16863847,0
"2022-02-20",1865,7117695,1445,6190719,59,580870,6570,2984502,9939,20778.43,16873786,0
"2022-02-21",3100,7120795,2687,6193406,95,580965,8342,2992844,14224,20334.86,16888010,0
"2022-02-22",4405,7125200,4243,6197649,175,581140,10804,3003648,19627,20200.57,16907637,0
"2022-02-23",4283,7129483,3783,6201432,145,581285,10639,3014287,18850,19544.71,16926487,0
"2022-02-24",3785,7133268,3652,6205084,108,581393,10164,3024451,17709,18283.57,16944196,0
"2022-02-25",3629,7136897,3617,6208701,135,581528,9960,3034411,17341,16336.29,16961537,0
"2022-02-26",2852,7139749,2578,6211279,74,581602,9495,3043906,14999,16098.43,16976536,0
"2022-02-27",1780,7141529,1372,6212651,52,581654,6260,3050166,9464,16030.57,16986000,0
"2022-02-28",3830,7145359,3126,6215777,141,581795,13094,3063260,20191,16883,17006191,0
"2022-03-01",2136,7147495,2608,6218385,103,581898,5157,3068417,10004,15508.29,17016195,0
"2022-03-02",1837,7149332,2426,6220811,105,582003,4106,3072523,8474,14026,17024669,0
"2022-03-03",1940,7151272,2557,6223368,106,582109,3786,3076309,8389,12694.57,17033058,0
"2022-03-04",2115,7153387,2867,6226235,66,582175,4314,3080623,9362,11554.71,17042420,0
"2022-03-05",1613,7155000,2124,6228359,43,582218,3305,3083928,7085,10424.14,17049505,0
"2022-03-06",802,7155802,878,6229237,30,582248,1619,3085547,3329,9547.71,17052834,0
"2022-03-07",1677,7157479,1780,6231017,86,582334,3480,3089027,7023,7666.57,17059857,0
"2022-03-08",1553,7159032,1891,6232908,81,582415,3115,3092142,6640,7186,17066497,0
"2022-03-09",1269,7160301,1664,6234572,78,582493,2571,3094713,5582,6772.86,17072079,0
"2022-03-10",1427,7161728,2095,6236667,85,582578,2943,3097656,6550,6510.14,17078629,0
"2022-03-11",1608,7163336,2266,6238933,81,582659,3201,3100857,7156,6195,17085785,0
"2022-03-12",880,7164216,1412,6240345,40,582699,1996,3102853,4328,5801.14,17090113,0
"2022-03-13",626,7164842,757,6241102,26,582725,1291,3104144,2700,5711.29,17092813,0
"2022-03-14",1384,7166226,1597,6242699,83,582808,2980,3107124,6044,5571.43,17098857,0
"2022-03-15",1355,7167581,1923,6244622,63,582871,3069,3110193,6410,5538.57,17105267,0
"2022-03-16",1401,7168982,2061,6246683,94,582965,3122,3113315,6678,5695.14,17111945,0
"2022-03-17",1182,7170164,1811,6248494,70,583035,2748,3116063,5811,5589.57,17117756,0
"2022-03-18",1590,7171754,2175,6250669,80,583115,3753,3119816,7598,5652.71,17125354,0
"2022-03-19",1116,7172870,1726,6252395,54,583169,2586,3122402,5482,5817.57,17130836,0
"2022-03-20",613,7173483,629,6253024,32,583201,1459,3123861,2733,5822.29,17133569,0
"2022-03-21",1424,7174907,1551,6254575,73,583274,3039,3126900,6087,5828.43,17139656,0
"2022-03-22",1342,7176249,1546,6256121,101,583375,2890,3129790,5879,5752.57,17145535,0
"2022-03-23",1259,7177508,1350,6257471,66,583441,2907,3132697,5582,5596,17151117,0
"2022-03-24",1216,7178724,1295,6258766,89,583530,2505,3135202,5105,5495.14,17156222,0
"2022-03-25",1390,7180114,1616,6260382,61,583591,3250,3138452,6317,5312.14,17162539,0
"2022-03-26",928,7181042,1156,6261538,36,583627,2290,3140742,4410,5159,17166949,0
"2022-03-27",577,7181619,525,6262063,29,583656,1310,3142052,2441,5117.29,17169390,0
"2022-03-28",1087,7182706,1149,6263212,68,583724,2430,3144482,4734,4924,17174124,0
"2022-03-29",1059,7183765,1105,6264317,86,583810,2497,3146979,4747,4762.29,17178871,0
"2022-03-30",1253,7185018,1135,6265452,98,583908,3051,3150030,5537,4755.86,17184408,0
"2022-03-31",1266,7186284,1250,6266702,57,583965,3144,3153174,5717,4843.29,17190125,0
"2022-04-01",1411,7187695,1489,6268191,74,584039,3237,3156411,6211,4828.14,17196336,0
"2022-04-02",903,7188598,916,6269107,33,584072,2089,3158500,3941,4761.14,17200277,0
"2022-04-03",552,7189150,494,6269601,28,584100,1223,3159723,2297,4740.57,17202574,0
"2022-04-04",1343,7190493,1305,6270906,60,584160,2715,3162438,5423,4839,17207997,0
"2022-04-05",1288,7191781,1151,6272057,68,584228,2856,3165294,5363,4927,17213360,0
"2022-04-06",1288,7193069,1179,6273236,58,584286,2615,3167909,5140,4870.29,17218500,0
"2022-04-07",1204,7194273,1062,6274298,54,584340,2370,3170279,4690,4723.57,17223190,0
"2022-04-08",1487,7195760,1391,6275689,56,584396,3147,3173426,6081,4705,17229271,0
"2022-04-09",937,7196697,918,6276607,28,584424,2046,3175472,3929,4703.29,17233200,0
"2022-04-10",595,7197292,461,6277068,25,584449,1170,3176642,2251,4696.71,17235451,0
"2022-04-11",1342,7198634,1228,6278296,59,584508,2643,3179285,5272,4675.14,17240723,0
"2022-04-12",1205,7199839,1049,6279345,73,584581,2517,3181802,4844,4601,17245567,0
"2022-04-13",1263,7201102,1065,6280410,58,584639,2496,3184298,4882,4564.14,17250449,0
"2022-04-14",1290,7202392,1089,6281499,59,584698,2404,3186702,4842,4585.86,17255291,0
"2022-04-15",1336,7203728,1090,6282589,52,584750,2548,3189250,5026,4435.14,17260317,0
"2022-04-16",875,7204603,650,6283239,31,584781,1633,3190883,3189,4329.43,17263506,0
"2022-04-17",350,7204953,202,6283441,27,584808,636,3191519,1215,4181.43,17264721,0
"2022-04-18",1372,7206325,1107,6284548,82,584890,2577,3194096,5138,4162.29,17269859,0
"2022-04-19",1407,7207732,933,6285481,70,584960,2557,3196653,4967,4179.86,17274826,0
"2022-04-20",1309,7209041,1126,6286607,65,585025,2613,3199266,5113,4212.86,17279939,0
"2022-04-21",1210,7210251,1056,6287663,51,585076,2301,3201567,4618,4180.86,17284557,0
"2022-04-22",1212,7211463,1011,6288674,44,585120,2186,3203753,4453,4099,17289010,0
"2022-04-23",718,7212181,745,6289419,59,585179,1414,3205167,2936,4062.86,17291946,0
"2022-04-24",441,7212622,339,6289758,27,585206,809,3205976,1616,4120.14,17293562,0
"2022-04-25",1016,7213638,907,6290665,61,585267,1831,3207807,3815,3931.14,17297377,0
"2022-04-26",919,7214557,849,6291514,74,585341,1744,3209551,3586,3733.86,17300963,0
"2022-04-27",1018,7215575,966,6292480,75,585416,1896,3211447,3955,3568.43,17304918,0
"2022-04-28",1063,7216638,966,6293446,48,585464,1948,3213395,4025,3483.71,17308943,0
"2022-04-29",923,7217561,946,6294392,57,585521,1715,3215110,3641,3367.71,17312584,0
"2022-04-30",714,7218275,724,6295116,42,585563,1383,3216493,2863,3357.29,17315447,0
"2022-05-01",442,7218717,367,6295483,20,585583,749,3217242,1578,3351.86,17317025,0
"2022-05-02",1028,7219745,793,6296276,49,585632,1645,3218887,3515,3309,17320540,0
"2022-05-03",1077,7220822,834,6297110,58,585690,1917,3220804,3886,3351.86,17324426,0
"2022-05-04",989,7221811,860,6297970,47,585737,1851,3222655,3747,3322.14,17328173,0
"2022-05-05",1018,7222829,931,6298901,73,585810,1882,3224537,3904,3304.86,17332077,120000
"2022-05-06",1064,7223893,910,6299811,46,585856,1831,3226368,3851,3334.86,17335928,120000
"2022-05-07",638,7224531,579,6300390,27,585883,1183,3227551,2427,3272.57,17338355,120000
"2022-05-08",406,7224937,244,6300634,17,585900,654,3228205,1321,3235.86,17339676,120000
"2022-05-09",1044,7225981,915,6301549,52,585952,1816,3230021,3827,3280.43,17343503,120000
"2022-05-10",1041,7227022,868,6302417,43,585995,1863,3231884,3815,3270.29,17347318,120000
"2022-05-11",354,7227376,338,6302755,13,586008,605,3232489,1310,2922.14,17348628,120000
