"DATE","ADMIN_DOSE1_DAILY","ADMIN_DOSE1_CUMULATIVE","ADMIN_DOSE2_DAILY","ADMIN_DOSE2_CUMULATIVE","ADMIN_SINGLE_DAILY","ADMIN_SINGLE_CUMULATIVE","ADMIN_ADDITIONAL_DAILY","ADMIN_ADDITIONAL_CUMULATIVE","ADMIN_ALLDOSES_DAILY","ADMIN_ALLDOSES_7DAYAVG","ADMIN_ALLDOSES_CUMULATIVE","INCOMPLETE"
"2020-12-14",79,79,0,0,0,0,0,0,79,,79,0
"2020-12-15",2053,2132,5,5,4,4,0,0,2062,,2141,0
"2020-12-16",4602,6734,13,18,1,5,1,1,4617,,6758,0
"2020-12-17",4655,11389,17,35,0,5,1,2,4673,,11431,0
"2020-12-18",5833,17222,20,55,2,7,2,4,5857,,17288,0
"2020-12-19",1689,18911,7,62,3,10,0,4,1699,,18987,0
"2020-12-20",1116,20027,2,64,1,11,0,4,1119,2872.29,20106,0
"2020-12-21",6339,26366,17,81,0,11,6,10,6362,3769.86,26468,0
"2020-12-22",9797,36163,27,108,2,13,1,11,9827,4879.14,36295,0
"2020-12-23",14273,50436,35,143,3,16,1,12,14312,6264.14,50607,0
"2020-12-24",7200,57636,25,168,1,17,0,12,7226,6628.86,57833,0
"2020-12-25",180,57816,0,168,0,17,1,13,181,5818,58014,0
"2020-12-26",4390,62206,43,211,0,17,1,14,4434,6208.71,62448,0
"2020-12-27",3868,66074,13,224,0,17,1,15,3882,6603.43,66330,0
"2020-12-28",10992,77066,50,274,1,18,3,18,11046,7272.57,77376,0
"2020-12-29",10722,87788,33,307,2,20,2,20,10759,7405.71,88135,0
"2020-12-30",12826,100614,44,351,0,20,0,20,12870,7199.71,101005,0
"2020-12-31",7262,107876,30,381,1,21,0,20,7293,7209.29,108298,0
"2021-01-01",181,108057,2,383,1,22,3,23,187,7210.14,108485,0
"2021-01-02",3810,111867,10,393,2,24,1,24,3823,7122.86,112308,0
"2021-01-03",3543,115410,23,416,2,26,1,25,3569,7078.14,115877,0
"2021-01-04",12257,127667,805,1221,2,28,6,31,13070,7367.29,128947,0
"2021-01-05",14083,141750,2193,3414,2,30,10,41,16288,8157.14,145235,0
"2021-01-06",17808,159558,3923,7337,1,31,29,70,21761,9427.29,166996,0
"2021-01-07",16548,176106,5173,12510,4,35,45,115,21770,11495.43,188766,0
"2021-01-08",16620,192726,5454,17964,0,35,32,147,22106,14626.71,210872,0
"2021-01-09",7649,200375,1464,19428,1,36,7,154,9121,15383.57,219993,0
"2021-01-10",7884,208259,981,20409,0,36,10,164,8875,16141.57,228868,0
"2021-01-11",25818,234077,7457,27866,2,38,47,211,33324,19035,262192,0
"2021-01-12",28265,262342,7859,35725,1,39,43,254,36168,21875,298360,0
"2021-01-13",31722,294064,9377,45102,1,40,54,308,41154,24645.43,339514,0
"2021-01-14",35805,329869,5328,50430,1,41,28,336,41162,27415.71,380676,0
"2021-01-15",29269,359138,3703,54133,2,43,32,368,33006,28972.86,413682,0
"2021-01-16",30291,389429,2380,56513,0,43,23,391,32694,32340.43,446376,0
"2021-01-17",23757,413186,1619,58132,0,43,18,409,25394,34700.29,471770,0
"2021-01-18",27109,440295,2410,60542,0,43,34,443,29553,34161.57,501323,0
"2021-01-19",34302,474597,9620,70162,1,44,67,510,43990,35279,545313,0
"2021-01-20",34866,509463,9494,79656,1,45,58,568,44419,35745.43,589732,0
"2021-01-21",25595,535058,8090,87746,2,47,48,616,33735,34684.43,623467,0
"2021-01-22",24755,559813,4385,92131,1,48,29,645,29170,34136.43,652637,0
"2021-01-23",15742,575555,3224,95355,0,48,10,655,18976,32176.71,671613,0
"2021-01-24",7180,582735,3448,98803,0,48,19,674,10647,30070,682260,0
"2021-01-25",13415,596150,11815,110618,0,48,63,737,25293,29461.43,707553,0
"2021-01-26",16769,612919,10744,121362,0,48,67,804,27580,27117.14,735133,0
"2021-01-27",20831,633750,12357,133719,0,48,50,854,33238,25519.86,768371,0
"2021-01-28",30764,664514,12845,146564,0,48,80,934,43689,26941.86,812060,0
"2021-01-29",31694,696208,11497,158061,0,48,76,1010,43267,28955.71,855327,0
"2021-01-30",18715,714923,3738,161799,0,48,20,1030,22473,29455.29,877800,0
"2021-01-31",13025,727948,2915,164714,1,49,30,1060,15971,30215.86,893771,0
"2021-02-01",1178,729126,5368,170082,4,53,35,1095,6585,27543.29,900356,0
"2021-02-02",2827,731953,9467,179549,2,55,50,1145,12346,25367,912702,0
"2021-02-03",16351,748304,21235,200784,4,59,201,1346,37791,26017.43,950493,0
"2021-02-04",27043,775347,19646,220430,3,62,200,1546,46892,26475,997385,0
"2021-02-05",27603,802950,20023,240453,0,62,181,1727,47807,27123.57,1045192,0
"2021-02-06",22990,825940,11247,251700,0,62,107,1834,34344,28819.43,1079536,0
"2021-02-07",12045,837985,8280,259980,1,63,87,1921,20413,29454,1099949,0
"2021-02-08",16970,854955,23509,283489,2,65,231,2152,40712,34329.29,1140661,0
"2021-02-09",17200,872155,28109,311598,2,67,326,2478,45637,39085.14,1186298,0
"2021-02-10",19596,891751,29302,340900,2,69,259,2737,49159,40709.14,1235457,0
"2021-02-11",27849,919600,33464,374364,2,71,346,3083,61661,42819,1297118,0
"2021-02-12",38411,958011,30789,405153,3,74,347,3430,69550,45925.14,1366668,0
"2021-02-13",28010,986021,25301,430454,2,76,305,3735,53618,48678.57,1420286,0
"2021-02-14",16286,1002307,23725,454179,0,76,257,3992,40268,51515,1460554,0
"2021-02-15",12798,1015105,10522,464701,2,78,166,4158,23488,49054.43,1484042,0
"2021-02-16",14241,1029346,26727,491428,0,78,315,4473,41283,48432.43,1525325,0
"2021-02-17",16408,1045754,22170,513598,1,79,287,4760,38866,46962,1564191,0
"2021-02-18",12155,1057909,24990,538588,21,100,278,5038,37444,43502.43,1601635,0
"2021-02-19",13269,1071178,23926,562514,39,139,296,5334,37530,38928.14,1639165,0
"2021-02-20",11352,1082530,26074,588588,6,145,323,5657,37755,36662,1676920,0
"2021-02-21",6360,1088890,17425,606013,15,160,281,5938,24081,34349.57,1701001,0
"2021-02-22",13040,1101930,11848,617861,2,162,122,6060,25012,34567.29,1726013,0
"2021-02-23",25243,1127173,14150,632011,1,163,157,6217,39551,34319.86,1765564,0
"2021-02-24",36357,1163530,20357,652368,0,163,216,6433,56930,36900.43,1822494,0
"2021-02-25",54618,1218148,30347,682715,6,169,389,6822,85360,43745.57,1907854,0
"2021-02-26",62882,1281030,31839,714554,4,173,396,7218,95121,51972.86,2002975,0
"2021-02-27",51300,1332330,22732,737286,47,220,330,7548,74409,57209.14,2077384,0
"2021-02-28",44603,1376933,13789,751075,7,227,202,7750,58601,62140.57,2135985,0
"2021-03-01",39315,1416248,12749,763824,10,237,168,7918,52242,66030.57,2188227,0
"2021-03-02",47082,1463330,12546,776370,7,244,157,8075,59792,68922.14,2248019,0
"2021-03-03",48607,1511937,16125,792495,17,261,148,8223,64897,70060.29,2312916,0
"2021-03-04",59824,1571761,22791,815286,1092,1353,262,8485,83969,69861.57,2396885,0
"2021-03-05",60991,1632752,24249,839535,3109,4462,329,8814,88678,68941.14,2485563,0
"2021-03-06",47178,1679930,18867,858402,5448,9910,233,9047,71726,68557.86,2557289,0
"2021-03-07",36040,1715970,14858,873260,6247,16157,226,9273,57371,68382.14,2614660,0
"2021-03-08",39617,1755587,14662,887922,8566,24723,306,9579,63151,69940.57,2677811,0
"2021-03-09",39102,1794689,12792,900714,7765,32488,181,9760,59840,69947.43,2737651,0
"2021-03-10",51833,1846522,15275,915989,5068,37556,221,9981,72397,71018.86,2810048,0
"2021-03-11",60003,1906525,21763,937752,4618,42174,249,10230,86633,71399.43,2896681,0
"2021-03-12",52200,1958725,30275,968027,4183,46357,369,10599,87027,71163.57,2983708,0
"2021-03-13",40661,1999386,26670,994697,5109,51466,322,10921,72762,71311.57,3056470,0
"2021-03-14",30723,2030109,15939,1010636,4528,55994,236,11157,51426,70462.29,3107896,0
"2021-03-15",33590,2063699,17220,1027856,4721,60715,235,11392,55766,69407.29,3163662,0
"2021-03-16",38673,2102372,20463,1048319,4925,65640,257,11649,64318,70047,3227980,0
"2021-03-17",42623,2144995,24743,1073062,4247,69887,336,11985,71949,69983,3299929,0
"2021-03-18",50474,2195469,26738,1099800,5239,75126,364,12349,82815,69437.57,3382744,0
"2021-03-19",47809,2243278,29892,1129692,5624,80750,387,12736,83712,68964,3466456,0
"2021-03-20",38713,2281991,25779,1155471,4690,85440,289,13025,69471,68493.86,3535927,0
"2021-03-21",29307,2311298,19304,1174775,771,86211,216,13241,49598,68232.71,3585525,0
"2021-03-22",33866,2345164,26691,1201466,4038,90249,259,13500,64854,69531,3650379,0
"2021-03-23",38443,2383607,32788,1234254,4221,94470,282,13782,75734,71161.86,3726113,0
"2021-03-24",41512,2425119,37539,1271793,4849,99319,320,14102,84220,72914.86,3810333,0
"2021-03-25",43424,2468543,50707,1322500,5053,104372,457,14559,99641,75318.57,3909974,0
"2021-03-26",38514,2507057,55411,1377911,4311,108683,515,15074,98751,77467,4008725,0
"2021-03-27",35754,2542811,45658,1423569,2939,111622,407,15481,84758,79650.86,4093483,0
"2021-03-28",26399,2569210,34368,1457937,1481,113103,323,15804,62571,81504.14,4156054,0
"2021-03-29",34836,2604046,38768,1496705,3248,116351,338,16142,77190,83266.43,4233244,0
"2021-03-30",40518,2644564,41880,1538585,3714,120065,319,16461,86431,84794.57,4319675,0
"2021-03-31",49411,2693975,44812,1583397,7441,127506,392,16853,102056,87342.57,4421731,0
"2021-04-01",50784,2744759,53912,1637309,11273,138779,495,17348,116464,89745.86,4538195,0
"2021-04-02",43766,2788525,53839,1691148,11973,150752,543,17891,110121,91370.14,4648316,0
"2021-04-03",39265,2827790,39174,1730322,9861,160613,334,18225,88634,91923.86,4736950,0
"2021-04-04",26565,2854355,24688,1755010,3901,164514,221,18446,55375,90895.86,4792325,0
"2021-04-05",41885,2896240,34413,1789423,11195,175709,363,18809,87856,92419.57,4880181,0
"2021-04-06",53284,2949524,35537,1824960,13221,188930,423,19232,102465,94710.14,4982646,0
"2021-04-07",55519,3005043,40663,1865623,14386,203316,388,19620,110956,95981.57,5093602,0
"2021-04-08",59281,3064324,46542,1912165,16336,219652,505,20125,122664,96867.29,5216266,0
"2021-04-09",56653,3120977,44926,1957091,17549,237201,497,20622,119625,98225,5335891,0
"2021-04-10",49364,3170341,35636,1992727,12727,249928,376,20998,98103,99577.71,5433994,0
"2021-04-11",38194,3208535,28811,2021538,7686,257614,285,21283,74976,102377.86,5508970,0
"2021-04-12",46649,3255184,31838,2053376,13494,271108,455,21738,92436,103032.14,5601406,0
"2021-04-13",52561,3307745,33777,2087153,368,271476,384,22122,87090,100835.71,5688496,0
"2021-04-14",50161,3357906,39954,2127107,20,271496,357,22479,90492,97912.29,5778988,0
"2021-04-15",52136,3410042,43667,2170774,16,271512,451,22930,96270,94141.71,5875258,0
"2021-04-16",51193,3461235,42219,2212993,32,271544,407,23337,93851,90459.71,5969109,0
"2021-04-17",43850,3505085,35682,2248675,3,271547,361,23698,79896,87858.71,6049005,0
"2021-04-18",28612,3533697,29370,2278045,7,271554,247,23945,58236,85467.29,6107241,0
"2021-04-19",37486,3571183,36442,2314487,22,271576,307,24252,74257,82870.29,6181498,0
"2021-04-20",40816,3611999,39630,2354117,19,271595,296,24548,80761,81966.14,6262259,0
"2021-04-21",38912,3650911,45957,2400074,15,271610,482,25030,85366,81233.86,6347625,0
"2021-04-22",38520,3689431,48944,2449018,9,271619,331,25361,87804,80024.43,6435429,0
"2021-04-23",39714,3729145,44369,2493387,4,271623,346,25707,84433,78679,6519862,0
"2021-04-24",31966,3761111,41595,2534982,44,271667,274,25981,73879,77819.43,6593741,0
"2021-04-25",18428,3779539,31228,2566210,86,271753,186,26167,49928,76632.57,6643669,0
"2021-04-26",26979,3806518,40724,2606934,1013,272766,283,26450,68999,75881.43,6712668,0
"2021-04-27",28574,3835092,47124,2654058,1696,274462,344,26794,77738,75449.57,6790406,0
"2021-04-28",27055,3862147,56832,2710890,2146,276608,421,27215,86454,75605,6876860,0
"2021-04-29",28621,3890768,57179,2768069,2145,278753,361,27576,88306,75676.71,6965166,0
"2021-04-30",30131,3920899,51982,2820051,2056,280809,274,27850,84443,75678.14,7049609,0
"2021-05-01",22485,3943384,44548,2864599,1176,281985,224,28074,68433,74900.14,7118042,0
"2021-05-02",11931,3955315,36652,2901251,1080,283065,132,28206,49795,74881.14,7167837,0
"2021-05-03",18038,3973353,53018,2954269,2383,285448,244,28450,73683,75550.29,7241520,0
"2021-05-04",22750,3996103,56642,3010911,2330,287778,256,28706,81978,76156,7323498,0
"2021-05-05",21480,4017583,48790,3059701,2310,290088,310,29016,72890,74218.29,7396388,0
"2021-05-06",20694,4038277,50173,3109874,2509,292597,261,29277,73637,72122.71,7470025,0
"2021-05-07",21265,4059542,52095,3161969,2813,295410,299,29576,76472,70984,7546497,0
"2021-05-08",16636,4076178,41876,3203845,1835,297245,221,29797,60568,69860.43,7607065,0
"2021-05-09",7976,4084154,29410,3233255,1260,298505,150,29947,38796,68289.14,7645861,0
"2021-05-10",14402,4098556,38538,3271793,2356,300861,221,30168,55517,65694,7701378,0
"2021-05-11",19929,4118485,43048,3314841,2514,303375,279,30447,65770,63378.57,7767148,0
"2021-05-12",17815,4136300,40534,3355375,3595,306970,226,30673,62170,61847.14,7829318,0
"2021-05-13",24984,4161284,40429,3395804,3230,310200,255,30928,68898,61170.14,7898216,0
"2021-05-14",27035,4188319,42903,3438707,3536,313736,278,31206,73752,60781.57,7971968,0
"2021-05-15",23661,4211980,34917,3473624,3366,317102,244,31450,62188,61013,8034156,0
"2021-05-16",15546,4227526,19433,3493057,2497,319599,124,31574,37600,60842.14,8071756,0
"2021-05-17",22680,4250206,29142,3522199,3257,322856,173,31747,55252,60804.29,8127008,0
"2021-05-18",24645,4274851,31900,3554099,3404,326260,234,31981,60183,60006.14,8187191,0
"2021-05-19",24210,4299061,29708,3583807,3039,329299,219,32200,57176,59292.71,8244367,0
"2021-05-20",24166,4323227,30084,3613891,3160,332459,264,32464,57674,57689.29,8302041,0
"2021-05-21",24695,4347922,32000,3645891,3059,335518,242,32706,59996,55724.14,8362037,0
"2021-05-22",20031,4367953,24356,3670247,2525,338043,155,32861,47067,53564,8409104,0
"2021-05-23",11239,4379192,13725,3683972,1411,339454,97,32958,26472,51974.29,8435576,0
"2021-05-24",18887,4398079,23146,3707118,2757,342211,216,33174,45006,50510.57,8480582,0
"2021-05-25",19445,4417524,23373,3730491,2601,344812,174,33348,45593,48426.29,8526175,0
"2021-05-26",18789,4436313,21078,3751569,2695,347507,201,33549,42763,46367.29,8568938,0
"2021-05-27",18479,4454792,21264,3772833,2530,350037,191,33740,42464,44194.43,8611402,0
"2021-05-28",17876,4472668,22888,3795721,2752,352789,183,33923,43699,41866.29,8655101,0
"2021-05-29",12715,4485383,17804,3813525,1755,354544,102,34025,32376,39767.57,8687477,0
"2021-05-30",7033,4492416,8949,3822474,1074,355618,44,34069,17100,38428.71,8704577,0
"2021-05-31",4741,4497157,6926,3829400,1011,356629,63,34132,12741,33819.43,8717318,0
"2021-06-01",16049,4513206,25197,3854597,2174,358803,149,34281,43569,33530.29,8760887,0
"2021-06-02",15357,4528563,20385,3874982,2092,360895,139,34420,37973,32846,8798860,0
"2021-06-03",15011,4543574,23815,3898797,2280,363175,121,34541,41227,32669.29,8840087,0
"2021-06-04",14735,4558309,25980,3924777,2492,365667,142,34683,43349,32619.29,8883436,0
"2021-06-05",10998,4569307,22080,3946857,1806,367473,112,34795,34996,32993.57,8918432,0
"2021-06-06",6451,4575758,14467,3961324,1222,368695,81,34876,22221,33725.14,8940653,0
"2021-06-07",11718,4587476,21781,3983105,2379,371074,139,35015,36017,37050.29,8976670,0
"2021-06-08",12660,4600136,24014,4007119,2072,373146,116,35131,38862,36377.86,9015532,0
"2021-06-09",11154,4611290,23022,4030141,2298,375444,130,35261,36604,36182.29,9052136,0
"2021-06-10",12078,4623368,22227,4052368,2462,377906,137,35398,36904,35564.71,9089040,0
"2021-06-11",12714,4636082,25110,4077478,2482,380388,151,35549,40457,35151.57,9129497,0
"2021-06-12",10170,4646252,19303,4096781,1888,382276,93,35642,31454,34645.57,9160951,0
"2021-06-13",4259,4650511,10935,4107716,1220,383496,41,35683,16455,33821.86,9177406,0
"2021-06-14",10219,4660730,19237,4126953,2042,385538,124,35807,31622,33194,9209028,0
"2021-06-15",11894,4672624,21007,4147960,1943,387481,123,35930,34967,32637.57,9243995,0
"2021-06-16",11593,4684217,19401,4167361,1958,389439,138,36068,33090,32135.57,9277085,0
"2021-06-17",11027,4695244,18757,4186118,1970,391409,117,36185,31871,31416.57,9308956,0
"2021-06-18",12171,4707415,18496,4204614,2115,393524,113,36298,32895,30336.29,9341851,0
"2021-06-19",8505,4715920,13520,4218134,1460,394984,79,36377,23564,29209.14,9365415,0
"2021-06-20",4336,4720256,7162,4225296,924,395908,36,36413,12458,28638.14,9377873,0
"2021-06-21",10166,4730422,10003,4235299,1806,397714,67,36480,22042,27269.57,9399915,0
"2021-06-22",9842,4740264,15639,4250938,1590,399304,102,36582,27173,26156.14,9427088,0
"2021-06-23",10321,4750585,15182,4266120,1861,401165,102,36684,27466,25352.71,9454554,0
"2021-06-24",9694,4760279,14694,4280814,1799,402964,116,36800,26303,24557.29,9480857,0
"2021-06-25",10594,4770873,14383,4295197,1718,404682,109,36909,26804,23687.14,9507661,0
"2021-06-26",7811,4778684,10459,4305656,1246,405928,74,36983,19590,23119.43,9527251,0
"2021-06-27",5004,4783688,5998,4311654,796,406724,32,37015,11830,23029.71,9539081,0
"2021-06-28",9035,4792723,10344,4321998,1524,408248,104,37119,21007,22881.86,9560088,0
"2021-06-29",9752,4802475,12311,4334309,1348,409596,123,37242,23534,22362,9583622,0
"2021-06-30",9430,4811905,10927,4345236,1480,411076,146,37388,21983,21578.71,9605605,0
"2021-07-01",9401,4821306,10925,4356161,1431,412507,124,37512,21881,20947,9627486,0
"2021-07-02",9695,4831001,11436,4367597,1541,414048,122,37634,22794,20374.14,9650280,0
"2021-07-03",7062,4838063,8419,4376016,1193,415241,76,37710,16750,19968.43,9667030,0
"2021-07-04",1288,4839351,1335,4377351,567,415808,8,37718,3198,18735.29,9670228,0
"2021-07-05",6495,4845846,7101,4384452,1208,417016,66,37784,14870,17858.57,9685098,0
"2021-07-06",9518,4855364,12847,4397299,1317,418333,113,37897,23795,17895.86,9708893,0
"2021-07-07",8677,4864041,11107,4408406,1419,419752,119,38016,21322,17801.43,9730215,0
"2021-07-08",8211,4872252,10194,4418600,1260,421012,107,38123,19772,17500.14,9749987,0
"2021-07-09",8381,4880633,10827,4429427,1279,422291,87,38210,20574,17183,9770561,0
"2021-07-10",7112,4887745,8623,4438050,1133,423424,65,38275,16933,17209.14,9787494,0
"2021-07-11",4105,4891850,4539,4442589,703,424127,35,38310,9382,18092.57,9796876,0
"2021-07-12",8454,4900304,9552,4452141,1250,425377,79,38389,19335,18730.43,9816211,0
"2021-07-13",9471,4909775,9382,4461523,951,426328,103,38492,19907,18175,9836118,0
"2021-07-14",9007,4918782,9525,4471048,1009,427337,103,38595,19644,17935.29,9855762,0
"2021-07-15",8796,4927578,9149,4480197,1052,428389,80,38675,19077,17836,9874839,0
"2021-07-16",9245,4936823,9762,4489959,978,429367,101,38776,20086,17766.29,9894925,0
"2021-07-17",6847,4943670,7385,4497344,802,430169,78,38854,15112,17506.14,9910037,0
"2021-07-18",4260,4947930,4284,4501628,569,430738,34,38888,9147,17472.57,9919184,0
"2021-07-19",9129,4957059,8469,4510097,999,431737,88,38976,18685,17379.71,9937869,0
"2021-07-20",10656,4967715,8753,4518850,991,432728,91,39067,20491,17463.14,9958360,0
"2021-07-21",10055,4977770,8763,4527613,903,433631,141,39208,19862,17494.29,9978222,0
"2021-07-22",10687,4988457,8580,4536193,1044,434675,142,39350,20453,17690.86,9998675,0
"2021-07-23",11260,4999717,8879,4545072,1114,435789,134,39484,21387,17876.71,10020062,0
"2021-07-24",7406,5007123,6734,4551806,670,436459,83,39567,14893,17845.43,10034955,0
"2021-07-25",5481,5012604,2122,4553928,509,436968,59,39626,8171,17706,10043126,0
"2021-07-26",10880,5023484,6999,4560927,859,437827,109,39735,18847,17729.14,10061973,0
"2021-07-27",12059,5035543,8565,4569492,857,438684,131,39866,21612,17889.29,10083585,0
"2021-07-28",11999,5047542,8047,4577539,950,439634,130,39996,21126,18069.86,10104711,0
"2021-07-29",10940,5058482,7427,4584966,983,440617,129,40125,19479,17930.71,10124190,0
"2021-07-30",14957,5073439,8005,4592971,1149,441766,180,40305,24291,18345.57,10148481,0
"2021-07-31",9736,5083175,6310,4599281,816,442582,116,40421,16978,18643.43,10165459,0
"2021-08-01",6506,5089681,3308,4602589,564,443146,79,40500,10457,18970,10175916,0
"2021-08-02",13454,5103135,7154,4609743,848,443994,143,40643,21599,19363.14,10197515,0
"2021-08-03",15424,5118559,8380,4618123,1107,445101,145,40788,25056,19855.14,10222571,0
"2021-08-04",17265,5135824,8122,4626245,1454,446555,177,40965,27018,20696.86,10249589,0
"2021-08-05",17869,5153693,7921,4634166,1365,447920,161,41126,27316,21816.43,10276905,0
"2021-08-06",18185,5171878,8409,4642575,1233,449153,164,41290,27991,22345,10304896,0
"2021-08-07",13390,5185268,6014,4648589,799,449952,97,41387,20300,22819.57,10325196,0
"2021-08-08",9312,5194580,3833,4652422,399,450351,79,41466,13623,23271.86,10338819,0
"2021-08-09",21340,5215920,8529,4660951,963,451314,169,41635,31001,24615,10369820,0
"2021-08-10",18927,5234847,9328,4670279,950,452264,168,41803,29373,25231.71,10399193,0
"2021-08-11",15654,5250501,8307,4678586,852,453116,125,41928,24938,24934.57,10424131,0
"2021-08-12",15055,5265556,8976,4687562,938,454054,167,42095,25136,24623.14,10449267,0
"2021-08-13",14930,5280486,9286,4696848,921,454975,236,42331,25373,24249.14,10474640,0
"2021-08-14",10416,5290902,6407,4703255,626,455601,523,42854,17972,23916.57,10492612,0
"2021-08-15",6697,5297599,4474,4707729,677,456278,567,43421,12415,23744,10505027,0
"2021-08-16",15726,5313325,9289,4717018,1149,457427,1315,44736,27479,23240.86,10532506,0
"2021-08-17",17784,5331109,10438,4727456,1221,458648,1752,46488,31195,23501.14,10563701,0
"2021-08-18",17519,5348628,10355,4737811,1260,459908,1977,48465,31111,24383,10594812,0
"2021-08-19",16313,5364941,9518,4747329,1316,461224,1943,50408,29090,24947.86,10623902,0
"2021-08-20",16294,5381235,11534,4758863,1254,462478,1846,52254,30928,25741.43,10654830,0
"2021-08-21",11160,5392395,8040,4766903,877,463355,1047,53301,21124,26191.71,10675954,0
"2021-08-22",4086,5396481,3904,4770807,262,463617,511,53812,8763,25670,10684717,0
"2021-08-23",15584,5412065,11796,4782603,1023,464640,1540,55352,29943,26022,10714660,0
"2021-08-24",16922,5428987,12593,4795196,1006,465646,1767,57119,32288,26178.14,10746948,0
"2021-08-25",14587,5443574,12435,4807631,1111,466757,1561,58680,29694,25975.71,10776642,0
"2021-08-26",16173,5459747,14082,4821713,1072,467829,1757,60437,33084,26546.29,10809726,0
"2021-08-27",14892,5474639,14817,4836530,972,468801,1650,62087,32331,26746.71,10842057,0
"2021-08-28",10689,5485328,11512,4848042,836,469637,1009,63096,24046,27164.14,10866103,0
"2021-08-29",7220,5492548,7494,4855536,541,470178,769,63865,16024,28201.43,10882127,0
"2021-08-30",15532,5508080,16919,4872455,1077,471255,1781,65646,35309,28968,10917436,0
"2021-08-31",15530,5523610,15942,4888397,952,472207,1954,67600,34378,29266.57,10951814,0
"2021-09-01",14839,5538449,14099,4902496,1021,473228,1787,69387,31746,29559.71,10983560,0
"2021-09-02",14347,5552796,12517,4915013,896,474124,1686,71073,29446,29040,11013006,0
"2021-09-03",15016,5567812,14298,4929311,974,475098,1887,72960,32175,29017.71,11045181,0
"2021-09-04",9655,5577467,9405,4938716,688,475786,957,73917,20705,28540.43,11065886,0
"2021-09-05",6808,5584275,5512,4944228,438,476224,701,74618,13459,28174,11079345,0
"2021-09-06",5203,5589478,4507,4948735,358,476582,267,74885,10335,24606.29,11089680,0
"2021-09-07",15585,5605063,17687,4966422,913,477495,1529,76414,35714,24797.14,11125394,0
"2021-09-08",16181,5621244,14823,4981245,1073,478568,1748,78162,33825,25094.14,11159219,0
"2021-09-09",16127,5637371,14741,4995986,1048,479616,1896,80058,33812,25717.86,11193031,0
"2021-09-10",18378,5655749,15391,5011377,1209,480825,1959,82017,36937,26398.14,11229968,0
"2021-09-11",12647,5668396,10343,5021720,958,481783,1015,83032,24963,27006.43,11254931,0
"2021-09-12",8544,5676940,5047,5026767,766,482549,683,83715,15040,27232.29,11269971,0
"2021-09-13",16946,5693886,12945,5039712,974,483523,1634,85349,32499,30398.57,11302470,0
"2021-09-14",16283,5710169,13668,5053380,886,484409,1585,86934,32422,29928.29,11334892,0
"2021-09-15",15559,5725728,12864,5066244,728,485137,1561,88495,30712,29483.57,11365604,0
"2021-09-16",15353,5741081,13904,5080148,1211,486348,1437,89932,31905,29211.14,11397509,0
"2021-09-17",14441,5755522,13961,5094109,922,487270,1817,91749,31141,28383.14,11428650,0
"2021-09-18",10013,5765535,10168,5104277,913,488183,1043,92792,22137,27979.43,11450787,0
"2021-09-19",6184,5771719,6067,5110344,557,488740,742,93534,13550,27766.57,11464337,0
"2021-09-20",12691,5784410,12627,5122971,1069,489809,1904,95438,28291,27165.43,11492628,0
"2021-09-21",12248,5796658,12767,5135738,1111,490920,2005,97443,28131,26552.43,11520759,0
"2021-09-22",12849,5809507,11986,5147724,1091,492011,1654,99097,27580,26105,11548339,0
"2021-09-23",14964,5824471,12748,5160472,1639,493650,2233,101330,31584,26059.14,11579923,0
"2021-09-24",16470,5840941,13356,5173828,1632,495282,4562,105892,36020,26756.14,11615943,0
"2021-09-25",10558,5851499,9020,5182848,1018,496300,3396,109288,23992,27021.14,11639935,0
"2021-09-26",6321,5857820,5754,5188602,773,497073,2387,111675,15235,27261.86,11655170,0
"2021-09-27",14188,5872008,8046,5196648,1155,498228,8895,120570,32284,27832.29,11687454,0
"2021-09-28",11174,5883182,11769,5208417,901,499129,9720,130290,33564,28608.43,11721018,0
"2021-09-29",11630,5894812,12183,5220600,1205,500334,9286,139576,34304,29569,11755322,0
"2021-09-30",12263,5907075,12588,5233188,1338,501672,9598,149174,35787,30169.43,11791109,0
"2021-10-01",12672,5919747,13424,5246612,1284,502956,10155,159329,37535,30385.86,11828644,0
"2021-10-02",7743,5927490,9974,5256586,864,503820,4174,163503,22755,30209.14,11851399,0
"2021-10-03",5083,5932573,6159,5262745,594,504414,2578,166081,14414,30091.86,11865813,0
"2021-10-04",9931,5942504,11029,5273774,913,505327,9411,175492,31284,29949,11897097,0
"2021-10-05",10192,5952696,11745,5285519,972,506299,9846,185338,32755,29833.43,11929852,0
"2021-10-06",9937,5962633,11052,5296571,937,507236,9845,195183,31771,29471.57,11961623,0
"2021-10-07",9692,5972325,12182,5308753,852,508088,10103,205286,32829,29049,11994452,0
"2021-10-08",9494,5981819,12167,5320920,943,509031,10803,216089,33407,28459.29,12027859,0
"2021-10-09",6282,5988101,8273,5329193,649,509680,4054,220143,19258,27959.71,12047117,0
"2021-10-10",3550,5991651,5021,5334214,458,510138,2400,222543,11429,27533.29,12058546,0
"2021-10-11",7644,5999295,9330,5343544,728,510866,8838,231381,26540,26855.57,12085086,0
"2021-10-12",8096,6007391,11001,5354545,890,511756,10407,241788,30394,26518.29,12115480,0
"2021-10-13",7190,6014581,10143,5364688,869,512625,8669,250457,26871,25818.29,12142351,0
"2021-10-14",7467,6022048,11107,5375795,836,513461,9986,260443,29396,25327.86,12171747,0
"2021-10-15",7753,6029801,11866,5387661,823,514284,10673,271116,31115,25000.43,12202862,0
"2021-10-16",4876,6034677,7462,5395123,666,514950,3778,274894,16782,24646.71,12219644,0
"2021-10-17",3064,6037741,4475,5399598,411,515361,2412,277306,10362,24494.29,12230006,0
"2021-10-18",7089,6044830,10658,5410256,797,516158,9327,286633,27871,24684.43,12257877,0
"2021-10-19",6601,6051431,8942,5419198,806,516964,8964,295597,25313,23958.57,12283190,0
"2021-10-20",6570,6058001,9372,5428570,975,517939,9869,305466,26786,23946.43,12309976,0
"2021-10-21",7064,6065065,9378,5437948,859,518798,10724,316190,28025,23750.57,12338001,0
"2021-10-22",8173,6073238,10347,5448295,1026,519824,16253,332443,35799,24419.71,12373800,0
"2021-10-23",5205,6078443,6459,5454754,690,520514,9071,341514,21425,25083,12395225,0
"2021-10-24",3288,6081731,3968,5458722,770,521284,6130,347644,14156,25625,12409381,0
"2021-10-25",8832,6090563,8751,5467473,1148,522432,19174,366818,37905,27058.43,12447286,0
"2021-10-26",8253,6098816,7726,5475199,1259,523691,17217,384035,34455,28364.43,12481741,0
"2021-10-27",10630,6109446,8397,5483596,1604,525295,20756,404791,41387,30450.29,12523128,0
"2021-10-28",11381,6120827,8041,5491637,1794,527089,20739,425530,41955,32440.29,12565083,0
"2021-10-29",11902,6132729,8246,5499883,1964,529053,22437,447967,44549,33690.29,12609632,0
"2021-10-30",4657,6137386,5051,5504934,934,529987,11116,459083,21758,33737.86,12631390,0
"2021-10-31",2677,6140063,2703,5507637,545,530532,6598,465681,12523,33504.57,12643913,0
"2021-11-01",7201,6147264,6952,5514589,1090,531622,20284,485965,35527,33164.86,12679440,0
"2021-11-02",6642,6153906,6585,5521174,1053,532675,20658,506623,34938,33233.86,12714378,0
"2021-11-03",6909,6160815,6677,5527851,1028,533703,20524,527147,35138,32341.14,12749516,0
"2021-11-04",9360,6170175,6275,5534126,996,534699,22251,549398,38882,31902.14,12788398,0
"2021-11-05",11127,6181302,6724,5540850,1052,535751,23676,573074,42579,31620.71,12830977,0
"2021-11-06",11147,6192449,4052,5544902,593,536344,12559,585633,28351,32562.57,12859328,0
"2021-11-07",7284,6199733,2283,5547185,576,536920,7073,592706,17216,33233,12876544,0
"2021-11-08",15116,6214849,5678,5552863,867,537787,19422,612128,41083,34026.71,12917627,0
"2021-11-09",16214,6231063,5379,5558242,661,538448,20454,632582,42708,35136.71,12960335,0
"2021-11-10",17011,6248074,5330,5563572,684,539132,22538,655120,45563,36626,13005898,0
"2021-11-11",12636,6260710,5194,5568766,760,539892,21976,677096,40566,36866.57,13046464,0
"2021-11-12",16958,6277668,5682,5574448,709,540601,23324,700420,46673,37451.43,13093137,0
"2021-11-13",9976,6287644,3665,5578113,465,541066,13284,713704,27390,37314.14,13120527,0
"2021-11-14",6043,6293687,2294,5580407,325,541391,7902,721606,16564,37221,13137091,0
"2021-11-15",13301,6306988,5972,5586379,690,542081,25001,746607,44964,37775.43,13182055,0
"2021-11-16",10037,6317025,5795,5592174,655,542736,30546,777153,47033,38393.29,13229088,0
"2021-11-17",10390,6327415,6675,5598849,682,543418,31268,808421,49015,38886.43,13278103,0
"2021-11-18",10798,6338213,6548,5605397,861,544279,32906,841327,51113,40393.14,13329216,0
"2021-11-19",12105,6350318,6551,5611948,717,544996,36141,877468,55514,41656.14,13384730,0
"2021-11-20",9385,6359703,3421,5615369,514,545510,22424,899892,35744,42849.57,13420474,0
"2021-11-21",5006,6364709,1893,5617262,288,545798,13152,913044,20339,43388.86,13440813,0
"2021-11-22",10544,6375253,5790,5623052,753,546551,35740,948784,52827,44512.14,13493640,0
"2021-11-23",9886,6385139,4781,5627833,635,547186,33375,982159,48677,44747,13542317,0
"2021-11-24",8779,6393918,4761,5632594,651,547837,25836,1007995,40027,43463,13582344,0
"2021-11-25",452,6394370,324,5632918,80,547917,997,1008992,1853,36425.86,13584197,0
"2021-11-26",8120,6402490,6988,5639906,528,548445,26506,1035498,42142,34515.57,13626339,0
"2021-11-27",6728,6409218,6809,5646715,373,548818,18751,1054249,32661,34075.14,13659000,0
"2021-11-28",4116,6413334,5782,5652497,282,549100,11821,1066070,22001,34312.57,13681001,0
"2021-11-29",9194,6422528,10987,5663484,688,549788,34861,1100931,55730,34727.29,13736731,0
"2021-11-30",10603,6433131,11419,5674903,512,550300,37615,1138546,60149,36366.14,13796880,0
"2021-12-01",11314,6444445,10961,5685864,723,551023,40188,1178734,63186,39674.57,13860066,0
"2021-12-02",11756,6456201,11015,5696879,626,551649,41964,1220698,65361,48747.14,13925427,0
"2021-12-03",13624,6469825,12853,5709732,676,552325,47762,1268460,74915,53429,14000342,0
"2021-12-04",9920,6479745,11234,5720966,567,552892,30559,1299019,52280,56231.71,14052622,0
"2021-12-05",5797,6485542,5705,5726671,270,553162,16611,1315630,28383,57143.43,14081005,0
"2021-12-06",12466,6498008,9940,5736611,603,553765,43092,1358722,66101,58625,14147106,0
"2021-12-07",12701,6510709,9212,5745823,625,554390,42902,1401624,65440,59380.86,14212546,0
"2021-12-08",13678,6524387,8745,5754568,556,554946,40623,1442247,63602,59440.29,14276148,0
"2021-12-09",13618,6538005,8751,5763319,558,555504,40676,1482923,63603,59189.14,14339751,0
"2021-12-10",14167,6552172,10108,5773427,672,556176,43477,1526400,68424,58261.86,14408175,0
"2021-12-11",10331,6562503,8052,5781479,405,556581,26639,1553039,45427,57282.86,14453602,0
"2021-12-12",6070,6568573,3856,5785335,288,556869,15114,1568153,25328,56846.43,14478930,0
"2021-12-13",12345,6580918,7412,5792747,657,557526,37754,1605907,58168,55713.14,14537098,0
"2021-12-14",12327,6593245,6942,5799689,734,558260,38041,1643948,58044,54656.57,14595142,0
"2021-12-15",12257,6605502,6239,5805928,755,559015,37966,1681914,57217,53744.43,14652359,0
"2021-12-16",13244,6618746,4249,5810177,734,559749,40862,1722776,59089,53099.57,14711448,0
"2021-12-17",16130,6634876,6922,5817099,620,560369,46532,1769308,70204,53353.86,14781652,0
"2021-12-18",13091,6647967,5716,5822815,432,560801,30481,1799789,49720,53967.14,14831372,0
"2021-12-19",7074,6655041,2987,5825802,327,561128,17944,1817733,28332,54396.29,14859704,0
"2021-12-20",17014,6672055,5867,5831669,746,561874,47254,1864987,70881,56212.43,14930585,0
"2021-12-21",18078,6690133,6553,5838222,808,562682,48717,1913704,74156,58514.14,15004741,0
"2021-12-22",18672,6708805,6549,5844771,938,563620,49459,1963163,75618,61142.86,15080359,0
"2021-12-23",19135,6727940,6474,5851245,929,564549,45688,2008851,72226,63019.57,15152585,0
"2021-12-24",9262,6737202,2952,5854197,598,565147,20554,2029405,33366,57757,15185951,0
"2021-12-25",343,6737545,65,5854262,31,565178,422,2029827,861,50777.14,15186812,0
"2021-12-26",8000,6745545,3925,5858187,341,565519,17243,2047070,29509,50945.29,15216321,0
"2021-12-27",21890,6767435,9199,5867386,933,566452,43315,2090385,75337,51581.86,15291658,0
"2021-12-28",20233,6787668,8317,5875703,698,567150,47451,2137836,76699,51945.14,15368357,0
"2021-12-29",18557,6806225,7650,5883353,607,567757,45409,2183245,72223,51460.14,15440580,0
"2021-12-30",16930,6823155,7406,5890759,579,568336,44712,2227957,69627,51088.86,15510207,0
"2021-12-31",5374,6828529,2791,5893550,193,568529,14703,2242660,23061,49616.71,15533268,0
"2022-01-01",237,6828766,145,5893695,11,568540,498,2243158,891,49621,15534159,0
"2022-01-02",6457,6835223,5008,5898703,153,568693,10965,2254123,22583,48631.57,15556742,0
"2022-01-03",14214,6849437,8473,5907176,515,569208,26796,2280919,49998,45011.71,15606740,0
"2022-01-04",13158,6862595,8056,5915232,412,569620,26907,2307826,48533,40988,15655273,0
"2022-01-05",11685,6874280,6951,5922183,385,570005,25657,2333483,44678,37053,15699951,0
"2022-01-06",11616,6885896,7349,5929532,480,570485,27362,2360845,46807,33793,15746758,0
"2022-01-07",10521,6896417,8412,5937944,337,570822,24877,2385722,44147,36805.29,15790905,0
"2022-01-08",7979,6904396,8529,5946473,310,571132,19346,2405068,36164,41844.29,15827069,0
"2022-01-09",4160,6908556,3841,5950314,214,571346,10036,2415104,18251,41225.43,15845320,0
"2022-01-10",10222,6918778,8173,5958487,489,571835,24514,2439618,43398,40282.57,15888718,0
"2022-01-11",8963,6927741,7968,5966455,520,572355,20928,2460546,38379,38832,15927097,0
"2022-01-12",9013,6936754,8304,5974759,428,572783,22237,2482783,39982,38161.14,15967079,0
"2022-01-13",9112,6945866,8829,5983588,449,573232,22726,2505509,41116,37348.14,16008195,0
"2022-01-14",10130,6955996,8063,5991651,475,573707,26161,2531670,44829,37445.57,16053024,0
"2022-01-15",6205,6962201,4259,5995910,178,573885,14924,2546594,25566,35931.57,16078590,0
"2022-01-16",2938,6965139,3252,5999162,93,573978,7800,2554394,14083,35336.14,16092673,0
"2022-01-17",6115,6971254,6748,6005910,363,574341,14605,2568999,27831,33112.29,16120504,0
"2022-01-18",8144,6979398,10146,6016056,397,574738,19327,2588326,38014,33060.14,16158518,0
"2022-01-19",7551,6986949,9224,6025280,305,575043,17616,2605942,34696,32305,16193214,0
"2022-01-20",6350,6993299,8558,6033838,303,575346,15140,2621082,30351,30767.14,16223565,0
"2022-01-21",7659,7000958,7485,6041323,277,575623,18377,2639459,33798,29191.29,16257363,0
"2022-01-22",5221,7006179,4921,6046244,131,575754,11271,2650730,21544,28616.71,16278907,0
"2022-01-23",2827,7009006,3325,6049569,97,575851,6210,2656940,12459,28384.71,16291366,0
"2022-01-24",6425,7015431,8183,6057752,261,576112,14988,2671928,29857,28674.14,16321223,0
"2022-01-25",6225,7021656,7917,6065669,232,576344,14632,2686560,29006,27387.29,16350229,0
"2022-01-26",5800,7027456,7145,6072814,291,576635,13954,2700514,27190,26315,16377419,0
"2022-01-27",5284,7032740,7072,6079886,320,576955,14024,2714538,26700,25793.43,16404119,0
"2022-01-28",6318,7039058,7847,6087733,205,577160,16057,2730595,30427,25311.86,16434546,0
"2022-01-29",848,7039906,724,6088457,28,577188,2522,2733117,4122,22823,16438668,0
"2022-01-30",2107,7042013,3016,6091473,103,577291,4526,2737643,9752,22436.29,16448420,0
"2022-01-31",5042,7047055,6582,6098055,218,577509,11310,2748953,23152,21478.43,16471572,0
"2022-02-01",4860,7051915,6433,6104488,219,577728,10656,2759609,22168,20501.57,16493740,0
"2022-02-02",4279,7056194,5920,6110408,214,577942,11175,2770784,21588,19701.29,16515328,0
"2022-02-03",4245,7060439,5785,6116193,217,578159,11162,2781946,21409,18945.43,16536737,0
"2022-02-04",4802,7065241,7088,6123281,214,578373,13149,2795095,25253,18206.29,16561990,0
"2022-02-05",3604,7068845,6034,6129315,110,578483,8548,2803643,18296,20231.14,16580286,0
"2022-02-06",2072,7070917,2131,6131446,121,578604,4623,2808266,8947,20116.14,16589233,0
"2022-02-07",4176,7075093,4718,6136164,205,578809,10102,2818368,19201,19551.71,16608434,0
"2022-02-08",4250,7079343,5591,6141755,213,579022,11256,2829624,21310,19429.14,16629744,0
"2022-02-09",4153,7083496,5381,6147136,222,579244,11607,2841231,21363,19397,16651107,0
"2022-02-10",4007,7087503,5097,6152233,243,579487,12104,2853335,21451,19403,16672558,0
"2022-02-11",4544,7092047,5796,6158029,194,579681,13678,2867013,24212,19254.29,16696770,0
"2022-02-12",3274,7095321,4328,6162357,96,579777,8771,2875784,16469,18993.29,16713239,0
"2022-02-13",1527,7096848,1542,6163899,41,579818,4871,2880655,7981,18855.29,16721220,0
"2022-02-14",3002,7099850,3613,6167512,165,579983,10530,2891185,17310,18585.14,16738530,0
"2022-02-15",3587,7103437,4055,6171567,177,580160,12718,2903903,20537,18474.71,16759067,0
"2022-02-16",3695,7107132,3886,6175453,195,580355,15624,2919527,23400,18765.71,16782467,0
"2022-02-17",4051,7111183,4077,6179530,160,580515,18150,2937677,26438,19478.14,16808905,0
"2022-02-18",4504,7115687,4773,6184303,189,580704,21488,2959165,30954,20441.29,16839859,0
"2022-02-19",3270,7118957,2177,6186480,65,580769,11134,2970299,16646,20466.57,16856505,0
"2022-02-20",1868,7120825,1444,6187924,59,580828,6564,2976863,9935,20745.71,16866440,0
"2022-02-21",3120,7123945,2683,6190607,95,580923,8312,2985175,14210,20302.86,16880650,0
"2022-02-22",4418,7128363,4238,6194845,174,581097,10781,2995956,19611,20170.57,16900261,0
"2022-02-23",4292,7132655,3773,6198618,144,581241,10620,3006576,18829,19517.57,16919090,0
"2022-02-24",3773,7136428,3647,6202265,105,581346,10146,3016722,17671,18265.14,16936761,0
"2022-02-25",3637,7140065,3601,6205866,135,581481,9942,3026664,17315,16316.71,16954076,0
"2022-02-26",2856,7142921,2572,6208438,74,581555,9487,3036151,14989,16080,16969065,0
"2022-02-27",1781,7144702,1367,6209805,52,581607,6260,3042411,9460,16012.14,16978525,0
"2022-02-28",3825,7148527,3115,6212920,140,581747,13081,3055492,20161,16862.29,16998686,0
"2022-03-01",2125,7150652,2604,6215524,102,581849,5145,3060637,9976,15485.86,17008662,0
"2022-03-02",1832,7152484,2413,6217937,105,581954,4099,3064736,8449,14003,17017111,0
"2022-03-03",1937,7154421,2544,6220481,106,582060,3774,3068510,8361,12673,17025472,0
"2022-03-04",2099,7156520,2852,6223333,67,582127,4302,3072812,9320,11530.86,17034792,0
"2022-03-05",1610,7158130,2112,6225445,43,582170,3293,3076105,7058,10397.86,17041850,0
"2022-03-06",802,7158932,877,6226322,30,582200,1616,3077721,3325,9521.43,17045175,0
"2022-03-07",1670,7160602,1772,6228094,85,582285,3467,3081188,6994,7640.43,17052169,0
"2022-03-08",1542,7162144,1891,6229985,77,582362,3106,3084294,6616,7160.43,17058785,0
"2022-03-09",1261,7163405,1661,6231646,77,582439,2566,3086860,5565,6748.43,17064350,0
"2022-03-10",1428,7164833,2084,6233730,85,582524,2936,3089796,6533,6487.29,17070883,0
"2022-03-11",1601,7166434,2259,6235989,80,582604,3181,3092977,7121,6173.14,17078004,0
"2022-03-12",879,7167313,1408,6237397,39,582643,1994,3094971,4320,5782,17082324,0
"2022-03-13",625,7167938,754,6238151,26,582669,1288,3096259,2693,5691.71,17085017,0
"2022-03-14",1384,7169322,1588,6239739,83,582752,2967,3099226,6022,5552.86,17091039,0
"2022-03-15",1342,7170664,1914,6241653,62,582814,3061,3102287,6379,5519,17097418,0
"2022-03-16",1395,7172059,2046,6243699,94,582908,3114,3105401,6649,5673.86,17104067,0
"2022-03-17",1173,7173232,1799,6245498,69,582977,2731,3108132,5772,5565.14,17109839,0
"2022-03-18",1573,7174805,2148,6247646,80,583057,3740,3111872,7541,5625.14,17117380,0
"2022-03-19",1110,7175915,1722,6249368,53,583110,2582,3114454,5467,5789,17122847,0
"2022-03-20",613,7176528,629,6249997,32,583142,1457,3115911,2731,5794.43,17125578,0
"2022-03-21",1419,7177947,1532,6251529,72,583214,3013,3118924,6036,5796.43,17131614,0
"2022-03-22",1328,7179275,1533,6253062,101,583315,2862,3121786,5824,5717.14,17137438,0
"2022-03-23",1257,7180532,1332,6254394,66,583381,2883,3124669,5538,5558.43,17142976,0
"2022-03-24",1205,7181737,1280,6255674,82,583463,2484,3127153,5051,5455.43,17148027,0
"2022-03-25",1379,7183116,1593,6257267,61,583524,3227,3130380,6260,5272.43,17154287,0
"2022-03-26",923,7184039,1145,6258412,38,583562,2274,3132654,4380,5117.14,17158667,0
"2022-03-27",573,7184612,526,6258938,24,583586,1307,3133961,2430,5074.14,17161097,0
"2022-03-28",1078,7185690,1131,6260069,62,583648,2413,3136374,4684,4881,17165781,0
"2022-03-29",1039,7186729,1095,6261164,80,583728,2481,3138855,4695,4719.71,17170476,0
"2022-03-30",1236,7187965,1115,6262279,89,583817,3009,3141864,5449,4707,17175925,0
"2022-03-31",1221,7189186,1219,6263498,52,583869,3088,3144952,5580,4782.57,17181505,0
"2022-04-01",1368,7190554,1444,6264942,65,583934,3168,3148120,6045,4751.86,17187550,120000
"2022-04-02",875,7191429,897,6265839,30,583964,2069,3150189,3871,4679.14,17191421,120000
"2022-04-03",541,7191970,487,6266326,27,583991,1198,3151387,2253,4653.86,17193674,120000
"2022-04-04",1296,7193266,1262,6267588,53,584044,2635,3154022,5246,4734.14,17198920,120000
"2022-04-05",1256,7194522,1097,6268685,61,584105,2755,3156777,5169,4801.86,17204089,120000
"2022-04-06",1241,7195763,1109,6269794,49,584154,2451,3159228,4850,4716.29,17208939,120000
"2022-04-07",331,7196094,326,6270120,16,584170,663,3159891,1336,4110,17210275,120000
