"DATE","ADMIN_DOSE1_DAILY","ADMIN_DOSE1_CUMULATIVE","ADMIN_DOSE2_DAILY","ADMIN_DOSE2_CUMULATIVE","ADMIN_SINGLE_DAILY","ADMIN_SINGLE_CUMULATIVE","ADMIN_ADDITIONAL1_DAILY","ADMIN_ADDITIONAL1_CUMULATIVE","ADMIN_ADDITIONAL2_DAILY","ADMIN_ADDITIONAL2_CUMULATIVE","ADMIN_ADDITIONAL_DAILY","ADMIN_ADDITIONAL_CUMULATIVE","ADMIN_BIVALENT_ADDITIONAL_DAILY","ADMIN_BIVALENT_ADDITIONAL_CUMULATIVE","ADMIN_ALLDOSES_DAILY","ADMIN_ALLDOSES_7DAYAVG","ADMIN_ALLDOSES_CUMULATIVE","ADMIN_ALLDOSES_PRIMARY","INCOMPLETE"
2020-12-14,79,79,0,0,2,2,0,0,0,0,0,0,0,0,81,,81,81,0
2020-12-15,2052,2131,7,7,5,7,0,0,0,0,0,0,0,0,2064,,2145,2145,0
2020-12-16,4605,6736,16,23,4,11,1,1,0,0,1,1,0,0,4626,,6771,6770,0
2020-12-17,4661,11397,18,41,2,13,1,2,0,0,1,2,0,0,4682,,11453,11451,0
2020-12-18,5835,17232,19,60,2,15,2,4,0,0,2,4,0,0,5858,,17311,17307,0
2020-12-19,1688,18920,9,69,3,18,0,4,0,0,0,4,0,0,1700,,19011,19007,0
2020-12-20,1117,20037,2,71,1,19,0,4,0,0,0,4,0,0,1120,2875.86,20131,20127,0
2020-12-21,6390,26427,22,93,0,19,5,9,0,0,5,9,0,0,6417,3781,26548,26539,0
2020-12-22,9765,36192,28,121,2,21,1,10,0,0,1,10,0,0,9796,4885.57,36344,36334,0
2020-12-23,14276,50468,37,158,3,24,0,10,0,0,0,10,0,0,14316,6269.86,50660,50650,0
2020-12-24,7170,57638,28,186,1,25,0,10,0,0,0,10,0,0,7199,6629.43,57859,57849,0
2020-12-25,180,57818,0,186,0,25,1,11,0,0,1,11,0,0,181,5818.43,58040,58029,0
2020-12-26,4393,62211,45,231,0,25,1,12,0,0,1,12,0,0,4439,6209.71,62479,62467,0
2020-12-27,3870,66081,14,245,0,25,1,13,0,0,1,13,0,0,3885,6604.71,66364,66351,0
2020-12-28,10992,77073,51,296,1,26,3,16,0,0,3,16,0,0,11047,7266.14,77411,77395,0
2020-12-29,10712,87785,37,333,2,28,3,19,0,0,3,19,0,0,10754,7403,88165,88146,0
2020-12-30,12822,100607,44,377,0,28,0,19,0,0,0,19,0,0,12866,7195.86,101031,101012,0
2020-12-31,7258,107865,38,415,1,29,0,19,0,0,0,19,0,0,7297,7209.86,108328,108309,0
2021-01-01,178,108043,2,417,1,30,3,22,0,0,3,22,0,0,184,7210.29,108512,108490,0
2021-01-02,3809,111852,10,427,3,33,2,24,0,0,2,24,0,0,3824,7122.43,112336,112312,0
2021-01-03,3542,115394,24,451,2,35,1,25,0,0,1,25,0,0,3569,7077.29,115905,115880,0
2021-01-04,12251,127645,811,1262,2,37,7,32,0,0,7,32,0,0,13071,7366.43,128976,128944,0
2021-01-05,14091,141736,2195,3457,2,39,14,46,1,1,15,47,0,0,16303,8159.14,145279,145232,0
2021-01-06,17796,159532,3930,7387,1,40,31,77,8,9,39,86,0,0,21766,9430.57,167045,166959,0
2021-01-07,16539,176071,5183,12570,4,44,46,123,3,12,49,135,0,0,21775,11498.86,188820,188685,0
2021-01-08,16609,192680,5461,18031,0,44,37,160,4,16,41,176,0,0,22111,14631.29,210931,210755,0
2021-01-09,7649,200329,1465,19496,1,45,7,167,2,18,9,185,0,0,9124,15388.43,220055,219870,0
2021-01-10,7880,208209,980,20476,0,45,13,180,0,18,13,198,0,0,8873,16146.14,228928,228730,0
2021-01-11,25809,234018,7459,27935,2,47,56,236,8,26,64,262,0,0,33334,19040.86,262262,262000,0
2021-01-12,28244,262262,7866,35801,1,48,45,281,4,30,49,311,0,0,36160,21877.57,298422,298111,0
2021-01-13,31705,293967,9421,45222,1,49,59,340,5,35,64,375,0,0,41191,24652.57,339613,339238,0
2021-01-14,35798,329765,5301,50523,1,50,34,374,7,42,41,416,0,0,41141,27419.14,380754,380338,0
2021-01-15,29249,359014,3716,54239,2,52,32,406,5,47,37,453,0,0,33004,28975.29,413758,413305,0
2021-01-16,30266,389280,2396,56635,0,52,24,430,6,53,30,483,0,0,32692,32342.14,446450,445967,0
2021-01-17,23731,413011,1644,58279,0,52,20,450,1,54,21,504,0,0,25396,34702.57,471846,471342,0
2021-01-18,27088,440099,2425,60704,0,52,37,487,7,61,44,548,0,0,29558,34163.14,501404,500856,0
2021-01-19,34274,474373,9642,70346,1,53,71,558,7,68,78,626,0,0,43995,35282.43,545399,544773,0
2021-01-20,34852,509225,9504,79850,1,54,61,619,3,71,64,690,0,0,44421,35743.86,589820,589130,0
2021-01-21,25577,534802,8098,87948,2,56,54,673,5,76,59,749,0,0,33736,34686,623556,622807,0
2021-01-22,24743,559545,4386,92334,1,57,32,705,7,83,39,788,0,0,29169,34138.14,652725,651937,0
2021-01-23,15740,575285,3225,95559,0,57,11,716,2,85,13,801,0,0,18978,32179,671703,670902,0
2021-01-24,7174,582459,3458,99017,0,57,19,735,1,86,20,821,0,0,10652,30072.71,682355,681534,0
2021-01-25,13400,595859,11828,110845,0,57,68,803,13,99,81,902,0,0,25309,29465.71,707664,706762,0
2021-01-26,16749,612608,10764,121609,0,57,70,873,3,102,74,976,0,0,27587,27121.71,735251,734276,0
2021-01-27,20829,633437,12357,133966,0,57,53,926,9,111,62,1038,0,0,33250,25525.86,768501,767464,0
2021-01-28,30749,664186,12858,146824,0,57,82,1008,16,127,98,1136,0,0,43708,26950.43,812209,811074,0
2021-01-29,31676,695862,11512,158336,0,57,84,1092,11,138,95,1231,0,0,43283,28966.71,855492,854262,0
2021-01-30,18704,714566,3745,162081,0,57,22,1114,2,140,25,1256,0,0,22474,29466.14,877966,876712,0
2021-01-31,13006,727572,2929,165010,1,58,29,1143,5,145,34,1290,0,0,15970,30225.86,893936,892648,0
2021-02-01,1180,728752,5401,170411,4,62,36,1179,4,149,40,1330,0,0,6625,27556.71,900561,899233,0
2021-02-02,2822,731574,9445,179856,2,64,51,1230,3,152,54,1384,0,0,12323,25376.14,912884,911502,0
2021-02-03,16342,747916,21235,201091,4,68,213,1443,24,176,237,1621,0,0,37818,26028.71,950702,949083,0
2021-02-04,27035,774951,19649,220740,3,71,209,1652,11,187,220,1841,0,0,46907,26485.71,997609,995770,0
2021-02-05,27577,802528,20032,240772,0,71,192,1844,15,202,208,2049,0,0,47817,27133.43,1045426,1043380,0
2021-02-06,22975,825503,11251,252023,0,71,116,1960,12,214,128,2177,0,0,34354,28830.57,1079780,1077606,0
2021-02-07,12030,837533,8285,260308,1,72,97,2057,13,227,111,2288,0,0,20427,29467.29,1100207,1097923,0
2021-02-08,16943,854476,23521,283829,2,74,240,2297,35,262,276,2564,0,0,40742,34341.14,1140949,1138390,0
2021-02-09,17313,871789,28090,311919,2,76,354,2651,42,304,399,2963,0,0,45804,39124.14,1186753,1183798,0
2021-02-10,19584,891373,29303,341222,2,78,270,2921,52,356,325,3288,0,0,49215,40752.29,1235968,1232691,0
2021-02-11,27830,919203,33461,374683,2,80,351,3272,58,414,409,3697,0,0,61704,42866.14,1297672,1293986,0
2021-02-12,38352,957555,30812,405495,3,83,361,3633,41,455,403,4100,0,0,69570,45973.71,1367242,1363154,0
2021-02-13,27987,985542,25312,430807,2,85,314,3947,57,512,372,4472,0,0,53674,48733.71,1420916,1416457,0
2021-02-14,16261,1001803,23720,454527,0,85,279,4226,35,547,314,4786,0,0,40295,51572,1461211,1456438,0
2021-02-15,12792,1014595,10526,465053,2,87,178,4404,24,571,203,4989,0,0,23523,49112.14,1484734,1479759,0
2021-02-16,14233,1028828,26709,491762,0,87,342,4746,40,611,383,5372,0,0,41325,48472.29,1526059,1520702,0
2021-02-17,16382,1045210,22194,513956,1,88,288,5034,40,651,328,5700,0,0,38905,46999.43,1564964,1559279,0
2021-02-18,12138,1057348,24983,538939,21,109,303,5337,45,696,348,6048,0,0,37490,43540.29,1602454,1596421,0
2021-02-19,13246,1070594,23925,562864,38,147,316,5653,48,744,364,6412,0,0,37573,38969.29,1640027,1633630,0
2021-02-20,11347,1081941,26067,588931,7,154,337,5990,78,822,417,6829,0,0,37839,36707.14,1677866,1671054,0
2021-02-21,6357,1088298,17408,606339,15,169,296,6286,46,868,343,7172,0,0,24123,34396.86,1701989,1694835,0
2021-02-22,13041,1101339,11837,618176,2,171,134,6420,20,888,154,7326,0,0,25034,34612.71,1727023,1719715,0
2021-02-23,25240,1126579,14136,632312,1,172,166,6586,35,923,202,7528,0,0,39580,34363.43,1766603,1759094,0
2021-02-24,36337,1162916,20398,652710,0,172,231,6817,42,965,274,7802,0,0,57009,36949.71,1823612,1815830,0
2021-02-25,54575,1217491,30401,683111,6,178,410,7227,64,1029,475,8277,0,0,85457,43802.14,1909069,1900813,0
2021-02-26,62828,1280319,31875,714986,4,182,420,7647,78,1107,501,8778,0,0,95208,52035.71,2004277,1995523,0
2021-02-27,51263,1331582,22751,737737,47,229,353,8000,53,1160,407,9185,0,0,74468,57268.43,2078745,2069585,0
2021-02-28,44557,1376139,13846,751583,7,236,206,8206,37,1197,243,9428,0,0,58653,62201.29,2137398,2127995,0
2021-03-01,39305,1415444,12784,764367,10,246,170,8376,24,1221,194,9622,0,0,52293,66095.43,2189691,2180094,0
2021-03-02,47072,1462516,12583,776950,7,253,158,8534,14,1235,172,9794,0,0,59834,68988.86,2249525,2239756,0
2021-03-03,48590,1511106,16153,793103,17,270,155,8689,21,1256,176,9970,0,0,64936,70121.29,2314461,2304516,0
2021-03-04,59801,1570907,22816,815919,1092,1362,275,8964,37,1293,313,10283,0,0,84022,69916.29,2398483,2388226,0
2021-03-05,60952,1631859,24287,840206,3107,4469,337,9301,37,1330,376,10659,0,0,88722,68989.71,2487205,2476574,0
2021-03-06,47152,1679011,18882,859088,5451,9920,245,9546,41,1371,286,10945,0,0,71771,68604.43,2558976,2548059,0
2021-03-07,36025,1715036,14880,873968,6244,16164,239,9785,21,1392,262,11207,0,0,57411,68427,2616387,2605210,0
2021-03-08,39608,1754644,14685,888653,8558,24722,319,10104,92,1484,416,11623,0,0,63267,69994.71,2679654,2668066,0
2021-03-09,39082,1793726,12859,901512,7759,32481,185,10289,35,1519,221,11844,0,0,59921,70007.14,2739575,2727767,0
2021-03-10,51811,1845537,15364,916876,5064,37545,228,10517,35,1554,265,12109,0,0,72504,71088.29,2812079,2800008,0
2021-03-11,59961,1905498,21824,938700,4619,42164,258,10775,48,1602,308,12417,0,0,86712,71472.57,2898791,2886414,0
2021-03-12,52176,1957674,30305,969005,4182,46346,389,11164,86,1688,475,12892,0,0,87138,71246.29,2985929,2973077,0
2021-03-13,40637,1998311,26684,995689,5110,51456,333,11497,54,1742,387,13279,0,0,72819,71396,3058748,3045509,0
2021-03-14,30696,2029007,15973,1011662,4523,55979,250,11747,28,1770,280,13559,0,0,51473,70547.71,3110221,3096704,0
2021-03-15,33709,2062716,17260,1028922,4705,60684,240,11987,33,1803,273,13832,0,0,55947,69502,3166168,3152378,0
2021-03-16,38658,2101374,20517,1049439,4925,65609,264,12251,36,1839,301,14133,0,0,64401,70142,3230569,3216479,0
2021-03-17,42600,2143974,24788,1074227,4243,69852,353,12604,41,1880,395,14528,0,0,72026,70073.71,3302595,3288111,0
2021-03-18,50414,2194388,26806,1101033,5228,75080,386,12990,64,1944,450,14978,0,0,82898,69528.86,3385493,3370559,0
2021-03-19,47767,2242155,29967,1131000,5624,80704,403,13393,73,2017,476,15454,0,0,83835,69057,3469328,3453918,0
2021-03-20,38695,2280850,25831,1156831,4683,85387,307,13700,60,2077,368,15822,0,0,69577,68593.86,3538905,3523128,0
2021-03-21,29284,2310134,19358,1176189,769,86156,230,13930,44,2121,274,16096,0,0,49685,68338.43,3588590,3572539,0
2021-03-22,33850,2343984,26747,1202936,4037,90193,267,14197,39,2160,307,16403,0,0,64942,69623.43,3653532,3637175,0
2021-03-23,38415,2382399,32848,1235784,4215,94408,302,14499,55,2215,361,16764,0,0,75839,71257.43,3729371,3712657,0
2021-03-24,41473,2423872,37615,1273399,4843,99251,337,14836,64,2279,404,17168,0,0,84335,73015.86,3813706,3796591,0
2021-03-25,43387,2467259,50782,1324181,5050,104301,492,15328,89,2368,585,17753,0,0,99804,75431,3913510,3895814,0
2021-03-26,38488,2505747,55494,1379675,4307,108608,546,15874,103,2471,653,18406,0,0,98942,77589.14,4012452,3994107,0
2021-03-27,35725,2541472,45740,1425415,2938,111546,436,16310,84,2555,521,18927,0,0,84924,79781.57,4097376,4078511,0
2021-03-28,26374,2567846,34452,1459867,1482,113028,345,16655,65,2620,414,19341,0,0,62722,81644,4160098,4140823,0
2021-03-29,34806,2602652,38858,1498725,3245,116273,359,17014,114,2734,474,19815,0,0,77383,83421.29,4237481,4217733,0
2021-03-30,40488,2643140,41921,1540646,3712,119985,351,17365,66,2800,418,20233,0,0,86539,84949.86,4324020,4303855,0
2021-03-31,49368,2692508,44877,1585523,7438,127423,418,17783,85,2885,503,20736,0,0,102186,87500,4426206,4405538,0
2021-04-01,50762,2743270,53951,1639474,11272,138695,507,18290,85,2970,596,21332,0,0,116581,89896.71,4542787,4521527,0
2021-04-02,43750,2787020,53870,1693344,11967,150662,560,18850,72,3042,637,21969,0,0,110224,91508.43,4653011,4631119,0
2021-04-03,39235,2826255,39213,1732557,9860,160522,345,19195,60,3102,406,22375,0,0,88714,92049.86,4741725,4719428,0
2021-04-04,26549,2852804,24781,1757338,3902,164424,229,19424,50,3152,279,22654,0,0,55511,91019.71,4797236,4774660,0
2021-04-05,41862,2894666,34482,1791820,11195,175619,390,19814,60,3212,451,23105,0,0,87990,92535,4885226,4862200,0
2021-04-06,53243,2947909,35613,1827433,13215,188834,447,20261,79,3291,527,23632,0,0,102598,94829.14,4987824,4964272,0
2021-04-07,55479,3003388,40707,1868140,14385,203219,414,20675,82,3373,498,24130,0,0,111069,96098.14,5098893,5074845,0
2021-04-08,59237,3062625,46584,1914724,16337,219556,537,21212,87,3460,625,24755,0,0,122783,96984.14,5221676,5197004,0
2021-04-09,56627,3119252,44952,1959676,17556,237112,539,21751,80,3540,624,25379,0,0,119759,98346.29,5341435,5316144,0
2021-04-10,49329,3168581,35642,1995318,12718,249830,402,22153,62,3602,468,25847,0,0,98157,99695.29,5439592,5413837,0
2021-04-11,38160,3206741,28825,2024143,7679,257509,298,22451,62,3664,361,26208,0,0,75025,102483,5514617,5488502,0
2021-04-12,46621,3253362,31838,2055981,13497,271006,477,22928,68,3732,545,26753,0,0,92501,103127.43,5607118,5580458,0
2021-04-13,52535,3305897,33795,2089776,369,271375,404,23332,64,3796,469,27222,0,0,87168,100923.14,5694286,5667158,0
2021-04-14,50130,3356027,39957,2129733,20,271395,371,23703,79,3875,451,27673,0,0,90558,97993,5784844,5757266,0
2021-04-15,52109,3408136,43689,2173422,16,271411,460,24163,109,3984,574,28247,0,0,96389,94222.43,5881233,5853086,0
2021-04-16,51178,3459314,42203,2215625,32,271443,443,24606,72,4056,518,28765,0,0,93931,90532.71,5975164,5946502,0
2021-04-17,43827,3503141,35692,2251317,3,271446,372,24978,84,4140,458,29223,0,0,79980,87936,6055144,6026026,0
2021-04-18,28595,3531736,29362,2280679,7,271453,265,25243,66,4206,332,29555,0,0,58296,85546.14,6113440,6083991,0
2021-04-19,37447,3569183,36452,2317131,22,271475,337,25580,68,4274,407,29962,0,0,74328,82950,6187768,6157914,0
2021-04-20,40800,3609983,39625,2356756,19,271494,320,25900,81,4355,402,30364,0,0,80846,82046.86,6268614,6238359,0
2021-04-21,38877,3648860,46025,2402781,17,271511,508,26408,97,4452,606,30970,0,0,85525,81327.86,6354139,6323279,0
2021-04-22,38479,3687339,48961,2451742,9,271520,351,26759,77,4529,430,31400,0,0,87880,80112.29,6442019,6410731,0
2021-04-23,39684,3727023,44388,2496130,3,271523,357,27116,75,4604,434,31834,0,0,84509,78766.29,6526528,6494808,0
2021-04-24,31926,3758949,41604,2537734,44,271567,287,27403,62,4666,350,32184,0,0,73924,77901.14,6600452,6568383,0
2021-04-25,18413,3777362,31220,2568954,87,271654,201,27604,62,4728,263,32447,0,0,49983,76713.57,6650435,6618103,0
2021-04-26,26956,3804318,40722,2609676,1012,272666,304,27908,93,4821,402,32849,0,0,69092,75965.57,6719527,6686798,0
2021-04-27,28555,3832873,47132,2656808,1697,274363,371,28279,97,4918,473,33322,0,0,77857,75538.57,6797384,6764187,0
2021-04-28,27009,3859882,56844,2713652,2145,276508,450,28729,100,5018,553,33875,0,0,86552,75685.29,6883936,6850189,0
2021-04-29,28586,3888468,57206,2770858,2149,278657,376,29105,100,5118,478,34353,0,0,88419,75762.29,6972355,6938132,0
2021-04-30,30101,3918569,51994,2822852,2059,280716,293,29398,75,5193,369,34722,0,0,84524,75764.43,7056879,7022288,0
2021-05-01,22474,3941043,44536,2867388,1177,281893,236,29634,66,5259,304,35026,0,0,68491,74988.29,7125370,7090477,0
2021-05-02,11917,3952960,36642,2904030,1081,282974,153,29787,55,5314,210,35236,0,0,49850,74969.29,7175220,7140119,0
2021-05-03,18008,3970968,53026,2957056,2381,285355,265,30052,92,5406,359,35595,0,0,73776,75638.43,7248996,7213538,0
2021-05-04,22728,3993696,56644,3013700,2331,287686,274,30326,116,5522,391,35986,0,0,82094,76243.71,7331090,7295242,0
2021-05-05,21475,4015171,48752,3062452,2313,289999,319,30645,104,5626,424,36410,0,0,72965,74302.71,7404055,7367784,0
2021-05-06,20670,4035841,50176,3112628,2507,292506,283,30928,91,5717,378,36788,0,0,73731,72204.43,7477786,7441141,0
2021-05-07,21234,4057075,52105,3164733,2812,295318,319,31247,79,5796,399,37187,0,0,76550,71065.29,7554336,7517293,0
2021-05-08,16620,4073695,41866,3206599,1835,297153,236,31483,72,5868,308,37495,0,0,60629,69942.14,7614965,7577614,0
2021-05-09,7969,4081664,29405,3236004,1260,298413,154,31637,56,5924,210,37705,0,0,38844,68369.86,7653809,7616248,0
2021-05-10,14375,4096039,38523,3274527,2356,300769,251,31888,93,6017,348,38053,0,0,55602,65773.57,7709411,7671506,0
2021-05-11,19897,4115936,43065,3317592,2513,303282,288,32176,88,6105,381,38434,0,0,65856,63453.86,7775267,7736986,0
2021-05-12,17811,4133747,40539,3358131,3595,306877,240,32416,80,6185,320,38754,0,0,62265,61925.29,7837532,7798931,0
2021-05-13,24958,4158705,40422,3398553,3229,310106,272,32688,80,6265,354,39108,0,0,68963,61244.14,7906495,7867542,0
2021-05-14,27005,4185710,42944,3441497,3536,313642,276,32964,95,6360,373,39481,0,0,73858,60859.57,7980353,7941029,0
2021-05-15,23637,4209347,34921,3476418,3364,317006,261,33225,75,6435,337,39818,0,0,62259,61092.43,8042612,8002952,0
2021-05-16,15519,4224866,19456,3495874,2496,319502,123,33348,47,6482,171,39989,0,0,37642,60920.71,8080254,8040424,0
2021-05-17,22665,4247531,29140,3525014,3253,322755,187,33535,71,6553,258,40247,0,0,55316,60879.86,8135570,8095482,0
2021-05-18,24616,4272147,31909,3556923,3402,326157,244,33779,81,6634,325,40572,0,0,60252,60079.29,8195822,8155409,0
2021-05-19,24176,4296323,29724,3586647,3041,329198,233,34012,49,6683,283,40855,0,0,57224,59359.14,8253046,8212351,0
2021-05-20,24136,4320459,30104,3616751,3163,332361,272,34284,89,6772,366,41221,0,0,57769,57760,8310815,8269759,0
2021-05-21,24665,4345124,32005,3648756,3057,335418,251,34535,61,6833,315,41536,0,0,60042,55786.29,8370857,8329489,0
2021-05-22,20013,4365137,24373,3673129,2523,337941,167,34702,48,6881,216,41752,0,0,47125,53624.29,8417982,8376399,0
2021-05-23,11226,4376363,13734,3686863,1411,339352,94,34796,32,6913,128,41880,0,0,26499,52032.43,8444481,8402772,0
2021-05-24,18858,4395221,23163,3710026,2757,342109,221,35017,56,6969,280,42160,0,0,45058,50567,8489539,8447553,0
2021-05-25,19422,4414643,23385,3733411,2602,344711,175,35192,59,7028,234,42394,0,0,45643,48480,8535182,8492962,0
2021-05-26,18776,4433419,21089,3754500,2698,347409,204,35396,49,7077,255,42649,0,0,42818,46422,8578000,8535527,0
2021-05-27,18455,4451874,21282,3775782,2531,349940,182,35578,62,7139,245,42894,0,0,42513,44242.57,8620513,8577796,0
2021-05-28,17854,4469728,22879,3798661,2751,352691,191,35769,59,7198,251,43145,0,0,43735,41913,8664248,8621281,0
2021-05-29,12703,4482431,17815,3816476,1754,354445,106,35875,39,7237,146,43291,0,0,32418,39812,8696666,8653554,0
2021-05-30,7025,4489456,8951,3825427,1074,355519,49,35924,16,7253,65,43356,0,0,17115,38471.43,8713781,8670604,0
2021-05-31,4740,4494196,6922,3832349,1011,356530,65,35989,18,7271,83,43439,0,0,12756,33856.86,8726537,8683277,0
2021-06-01,16047,4510243,25190,3857539,2177,358707,158,36147,42,7313,204,43643,0,0,43618,33567.57,8770155,8726695,0
2021-06-02,15350,4525593,20400,3877939,2095,360802,141,36288,47,7360,188,43831,0,0,38033,32884,8808188,8764540,0
2021-06-03,14997,4540590,23823,3901762,2280,363082,131,36419,45,7405,178,44009,0,0,41278,32707.57,8849466,8805642,0
2021-06-04,14708,4555298,26003,3927765,2492,365574,151,36570,42,7447,194,44203,0,0,43397,32659.29,8892863,8848846,0
2021-06-05,10979,4566277,22103,3949868,1806,367380,115,36685,29,7476,145,44348,0,0,35033,33032.86,8927896,8883735,0
2021-06-06,6444,4572721,14486,3964354,1222,368602,88,36773,13,7489,102,44450,0,0,22254,33767,8950150,8905888,0
2021-06-07,11695,4584416,21789,3986143,2378,370980,143,36916,37,7526,183,44633,0,0,36045,37094,8986195,8941753,0
2021-06-08,12624,4597040,24021,4010164,2071,373051,126,37042,48,7574,175,44808,0,0,38891,36418.71,9025086,8980470,0
2021-06-09,11126,4608166,23028,4033192,2300,375351,139,37181,42,7616,183,44991,0,0,36637,36219.29,9061723,9016926,0
2021-06-10,12053,4620219,22241,4055433,2462,377813,142,37323,60,7676,202,45193,0,0,36958,35602.14,9098681,9053682,0
2021-06-11,12698,4632917,25124,4080557,2483,380296,159,37482,62,7738,222,45415,0,0,40527,35192.14,9139208,9093988,0
2021-06-12,10158,4643075,19318,4099875,1888,382184,96,37578,43,7781,141,45556,0,0,31505,34688.14,9170713,9125354,0
2021-06-13,4251,4647326,10938,4110813,1219,383403,42,37620,21,7802,63,45619,0,0,16471,33862,9187184,9141762,0
2021-06-14,10204,4657530,19238,4130051,2041,385444,132,37752,53,7855,185,45804,0,0,31668,33236.71,9218852,9173245,0
2021-06-15,11880,4669410,21020,4151071,1942,387386,131,37883,41,7896,173,45977,0,0,35015,32683,9253867,9208088,0
2021-06-16,11581,4680991,19403,4170474,1956,389342,149,38032,75,7971,224,46201,0,0,33164,32186.86,9287031,9241028,0
2021-06-17,11020,4692011,18760,4189234,1973,391315,127,38159,35,8006,164,46365,0,0,31917,31466.71,9318948,9272783,0
2021-06-18,12166,4704177,18494,4207728,2115,393430,120,38279,37,8043,158,46523,0,0,32933,30381.86,9351881,9305559,0
2021-06-19,8493,4712670,13517,4221245,1459,394889,88,38367,21,8064,109,46632,0,0,23578,29249.43,9375459,9329028,0
2021-06-20,4333,4717003,7159,4228404,924,395813,38,38405,16,8080,54,46686,0,0,12470,28677.86,9387929,9341444,0
2021-06-21,10153,4727156,10013,4238417,1806,397619,72,38477,28,8108,101,46787,0,0,22073,27307.14,9410002,9363417,0
2021-06-22,9829,4736985,15647,4254064,1588,399207,106,38583,30,8138,136,46923,0,0,27200,26190.71,9437202,9390481,0
2021-06-23,10306,4747291,15189,4269253,1863,401070,103,38686,31,8169,135,47058,0,0,27493,25380.57,9464695,9417840,0
2021-06-24,9681,4756972,14702,4283955,1798,402868,123,38809,26,8195,151,47209,0,0,26332,24582.71,9491027,9444023,0
2021-06-25,10584,4767556,14387,4298342,1721,404589,116,38925,38,8233,154,47363,0,0,26846,23713.14,9517873,9470715,0
2021-06-26,7797,4775353,10465,4308807,1249,405838,78,39003,23,8256,102,47465,0,0,19613,23146.71,9537486,9490227,0
2021-06-27,4998,4780351,6002,4314809,795,406633,34,39037,14,8270,49,47514,0,0,11844,23057.29,9549330,9502023,0
2021-06-28,9031,4789382,10348,4325157,1526,408159,110,39147,26,8296,137,47651,0,0,21042,22910,9570372,9522929,0
2021-06-29,9731,4799113,12332,4337489,1347,409506,126,39273,32,8328,160,47811,0,0,23570,22391.43,9593942,9546341,0
2021-06-30,9425,4808538,10934,4348423,1486,410992,149,39422,18,8346,170,47981,0,0,22015,21608.86,9615957,9568189,0
2021-07-01,9393,4817931,10925,4359348,1434,412426,133,39555,25,8371,160,48141,0,0,21912,20977.43,9637869,9589943,0
2021-07-02,9688,4827619,11458,4370806,1541,413967,119,39674,21,8392,140,48281,0,0,22828,20403.43,9660697,9612631,0
2021-07-03,7056,4834675,8421,4379227,1192,415159,80,39754,17,8409,97,48378,0,0,16766,19996.71,9677463,9629300,0
2021-07-04,1288,4835963,1334,4380561,567,415726,10,39764,3,8412,13,48391,0,0,3202,18762.14,9680665,9632489,0
2021-07-05,6492,4842455,7108,4387669,1207,416933,67,39831,22,8434,89,48480,0,0,14896,17884.14,9695561,9647296,0
2021-07-06,9508,4851963,12853,4400522,1315,418248,117,39948,39,8473,157,48637,0,0,23833,17921.71,9719394,9670973,0
2021-07-07,8661,4860624,11110,4411632,1418,419666,128,40076,21,8494,149,48786,0,0,21338,17825,9740732,9692162,0
2021-07-08,8218,4868842,10195,4421827,1258,420924,108,40184,22,8516,132,48918,0,0,19803,17523.71,9760535,9711835,0
2021-07-09,8370,4877212,10833,4432660,1280,422204,90,40274,20,8536,110,49028,0,0,20593,17204.43,9781128,9732318,0
2021-07-10,7098,4884310,8637,4441297,1131,423335,66,40340,20,8556,87,49115,0,0,16953,17231.14,9798081,9749185,0
2021-07-11,4103,4888413,4539,4445836,701,424036,38,40378,6,8562,44,49159,0,0,9387,18114.71,9807468,9758528,0
2021-07-12,8447,4896860,9564,4455400,1251,425287,84,40462,23,8585,107,49266,0,0,19369,18753.71,9826837,9777790,0
2021-07-13,9458,4906318,9393,4464793,952,426239,109,40571,35,8620,146,49412,0,0,19949,18198.86,9846786,9797595,0
2021-07-14,8993,4915311,9536,4474329,1010,427249,107,40678,22,8642,133,49545,0,0,19672,17960.86,9866458,9817138,0
2021-07-15,8793,4924104,9156,4483485,1052,428301,83,40761,20,8662,104,49649,0,0,19105,17861.14,9885563,9836140,0
2021-07-16,9247,4933351,9763,4493248,981,429282,102,40863,29,8691,131,49780,0,0,20122,17793.86,9905685,9856131,0
2021-07-17,6839,4940190,7386,4500634,803,430085,80,40943,20,8711,100,49880,0,0,15128,17533.14,9920813,9871159,0
2021-07-18,4253,4944443,4285,4504919,575,430660,36,40979,14,8725,50,49930,0,0,9163,17501.14,9929976,9880272,0
2021-07-19,9121,4953564,8482,4513401,999,431659,92,41071,23,8748,116,50046,0,0,18718,17408.14,9948694,9898875,0
2021-07-20,10641,4964205,8761,4522162,991,432650,96,41167,25,8773,122,50168,0,0,20515,17489,9969209,9919269,0
2021-07-21,10055,4974260,8768,4530930,904,433554,150,41317,33,8806,183,50351,0,0,19910,17523,9989119,9938996,0
2021-07-22,10686,4984946,8584,4539514,1046,434600,146,41463,27,8833,174,50525,0,0,20490,17720.86,10009609,9959313,0
2021-07-23,11247,4996193,8888,4548402,1114,435714,138,41601,23,8856,163,50688,0,0,21412,17905.14,10031021,9980564,0
2021-07-24,7399,5003592,6739,4555141,670,436384,82,41683,26,8882,109,50797,0,0,14917,17875,10045938,9995373,0
2021-07-25,5473,5009065,2129,4557270,509,436893,58,41741,4,8886,62,50859,0,0,8173,17733.57,10054111,10003484,0
2021-07-26,10865,5019930,7009,4564279,856,437749,112,41853,20,8906,132,50991,0,0,18862,17754.14,10072973,10022214,0
2021-07-27,12064,5031994,8572,4572851,856,438605,138,41991,41,8947,180,51171,0,0,21672,17919.43,10094645,10043707,0
2021-07-28,12011,5044005,8053,4580904,950,439555,136,42127,29,8976,166,51337,0,0,21180,18100.86,10115825,10064722,0
2021-07-29,10929,5054934,7433,4588337,983,440538,136,42263,40,9016,180,51517,0,0,19525,17963,10135350,10084071,0
2021-07-30,14948,5069882,8016,4596353,1151,441689,186,42449,31,9047,219,51736,0,0,24334,18380.43,10159684,10108188,0
2021-07-31,9720,5079602,6321,4602674,815,442504,122,42571,20,9067,143,51879,0,0,16999,18677.86,10176683,10125045,0
2021-08-01,6498,5086100,3313,4605987,564,443068,81,42652,21,9088,102,51981,0,0,10477,19007,10187160,10135420,0
2021-08-02,13447,5099547,7154,4613141,846,443914,150,42802,19,9107,169,52150,0,0,21616,19400.43,10208776,10156867,0
2021-08-03,15405,5114952,8391,4621532,1109,445023,144,42946,39,9146,184,52334,0,0,25089,19888.57,10233865,10181773,0
2021-08-04,17259,5132211,8130,4629662,1454,446477,183,43129,36,9182,219,52553,0,0,27062,20728.86,10260927,10208616,0
2021-08-05,17884,5150095,7934,4637596,1371,447848,159,43288,21,9203,180,52733,0,0,27369,21849.43,10288296,10235805,0
2021-08-06,18174,5168269,8418,4646014,1231,449079,171,43459,32,9235,203,52936,0,0,28026,22376.86,10316322,10263628,0
2021-08-07,13379,5181648,6019,4652033,799,449878,102,43561,29,9264,131,53067,0,0,20328,22852.43,10336650,10283825,0
2021-08-08,9309,5190957,3834,4655867,400,450278,84,43645,10,9274,94,53161,0,0,13637,23303.86,10350287,10297368,0
2021-08-09,21333,5212290,8532,4664399,965,451243,175,43820,34,9308,210,53371,0,0,31040,24650.14,10381327,10328199,0
2021-08-10,18945,5231235,9333,4673732,946,452189,180,44000,33,9341,214,53585,0,0,29438,25271.43,10410765,10357424,0
2021-08-11,15643,5246878,8313,4682045,853,453042,131,44131,45,9386,177,53762,0,0,24986,24974.86,10435751,10382234,0
2021-08-12,15052,5261930,8989,4691034,942,453984,178,44309,35,9421,215,53977,0,0,25198,24664.71,10460949,10407219,0
2021-08-13,14916,5276846,9291,4700325,919,454903,248,44557,38,9459,287,54264,0,0,25414,24291.57,10486363,10432347,0
2021-08-14,10393,5287239,6411,4706736,625,455528,536,45093,41,9500,580,54844,0,0,18009,23960.29,10504372,10449779,0
2021-08-15,6689,5293928,4484,4711220,676,456204,567,45660,33,9533,604,55448,0,0,12453,23791.14,10516825,10461632,0
2021-08-16,15705,5309633,9308,4720528,1149,457353,1329,46989,66,9599,1400,56848,0,0,27562,23294.29,10544387,10487799,0
2021-08-17,17757,5327390,10461,4730989,1229,458582,1773,48762,85,9684,1873,58721,0,0,31320,23563.14,10575707,10517261,0
2021-08-18,17481,5344871,10381,4741370,1261,459843,2001,50763,91,9775,2103,60824,0,0,31226,24454.57,10606933,10546395,0
2021-08-19,16284,5361155,9531,4750901,1315,461158,1961,52724,67,9842,2041,62865,0,0,29171,25022.14,10636104,10573538,0
2021-08-20,16265,5377420,11541,4762442,1252,462410,1869,54593,86,9928,1969,64834,0,0,31027,25824,10667131,10602610,0
2021-08-21,11142,5388562,8041,4770483,878,463288,1065,55658,54,9982,1126,65960,0,0,21187,26278,10688318,10622678,0
2021-08-22,4077,5392639,3903,4774386,261,463549,519,56177,33,10015,556,66516,0,0,8797,25755.71,10697115,10630923,0
2021-08-23,15573,5408212,11811,4786197,1022,464571,1552,57729,77,10092,1642,68158,0,0,30049,26111,10727164,10659343,0
2021-08-24,16912,5425124,12597,4798794,1007,465578,1777,59506,81,10173,1866,70024,0,0,32382,26262.71,10759546,10689867,0
2021-08-25,14564,5439688,12456,4811250,1112,466690,1569,61075,81,10254,1665,71689,0,0,29797,26058.57,10789343,10718014,0
2021-08-26,16146,5455834,14100,4825350,1071,467761,1780,62855,69,10323,1861,73550,0,0,33178,26631,10822521,10749343,0
2021-08-27,14873,5470707,14827,4840177,971,468732,1676,64531,75,10398,1759,75309,0,0,32430,26831.43,10854951,10780022,0
2021-08-28,10674,5481381,11523,4851700,835,469567,1021,65552,46,10444,1068,76377,0,0,24100,27247.57,10879051,10803055,0
2021-08-29,7209,5488590,7499,4859199,541,470108,782,66334,58,10502,849,77226,0,0,16098,28290.57,10895149,10818313,0
2021-08-30,15511,5504101,16926,4876125,1076,471184,1800,68134,94,10596,1902,79128,0,0,35415,29057.14,10930564,10851834,0
2021-08-31,15502,5519603,15961,4892086,951,472135,1982,70116,90,10686,2082,81210,0,0,34496,29359.14,10965060,10884258,0
2021-09-01,14825,5534428,14112,4906198,1020,473155,1814,71930,62,10748,1886,83096,0,0,31843,29651.43,10996903,10914225,0
2021-09-02,14311,5548739,12526,4918724,896,474051,1715,73645,64,10812,1795,84891,0,0,29528,29130,11026431,10941974,0
2021-09-03,14997,5563736,14316,4933040,974,475025,1901,75546,72,10884,1979,86870,0,0,32266,29106.57,11058697,10972267,0
2021-09-04,9643,5573379,9404,4942444,688,475713,979,76525,34,10918,1018,87888,0,0,20753,28628.43,11079450,10992007,0
2021-09-05,6794,5580173,5511,4947955,438,476151,720,77245,17,10935,738,88626,0,0,13481,28254.57,11092931,11004751,0
2021-09-06,5194,5585367,4511,4952466,358,476509,274,77519,11,10946,287,88913,0,0,10350,24673.86,11103281,11014816,0
2021-09-07,15563,5600930,17703,4970169,912,477421,1562,79081,93,11039,1663,90576,0,0,35841,24866,11139122,11049002,0
2021-09-08,16150,5617080,14831,4985000,1070,478491,1782,80863,83,11122,1877,92453,0,0,33928,25163.86,11173050,11081065,0
2021-09-09,16093,5633173,14757,4999757,1047,479538,1922,82785,78,11200,2011,94464,0,0,33908,25789.57,11206958,11112973,0
2021-09-10,18351,5651524,15404,5015161,1207,480745,1980,84765,83,11283,2070,96534,0,0,37032,26470.43,11243990,11147942,0
2021-09-11,12631,5664155,10351,5025512,958,481703,1031,85796,49,11332,1086,97620,0,0,25026,27080.86,11269016,11171888,0
2021-09-12,8533,5672688,5052,5030564,765,482468,695,86491,31,11363,727,98347,0,0,15077,27308.86,11284093,11186239,0
2021-09-13,16920,5689608,12966,5043530,976,483444,1662,88153,52,11415,1724,100071,0,0,32586,30485.43,11316679,11217111,0
2021-09-14,16260,5705868,13678,5057208,886,484330,1603,89756,57,11472,1672,101743,0,0,32496,30007.57,11349175,11247947,0
2021-09-15,15512,5721380,12895,5070103,727,485057,1577,91333,83,11555,1669,103412,0,0,30803,29561.14,11379978,11277090,0
2021-09-16,15332,5736712,13916,5084019,1210,486267,1470,92803,68,11623,1545,104957,0,0,32003,29289,11411981,11307555,0
2021-09-17,14427,5751139,13954,5097973,922,487189,1845,94648,58,11681,1905,106862,0,0,31208,28457,11443189,11336860,0
2021-09-18,9990,5761129,10187,5108160,913,488102,1052,95700,42,11723,1098,107960,0,0,22188,28051.57,11465377,11357954,0
2021-09-19,6169,5767298,6078,5114238,558,488660,748,96448,28,11751,781,108741,0,0,13586,27838.57,11478963,11370764,0
2021-09-20,12664,5779962,12632,5126870,1068,489728,1926,98374,62,11813,1997,110738,0,0,28361,27235,11507324,11397137,0
2021-09-21,12216,5792178,12774,5139644,1108,490836,2037,100411,79,11892,2131,112869,0,0,28229,26625.43,11535553,11423250,0
2021-09-22,12818,5804996,12007,5151651,1090,491926,1691,102102,69,11961,1766,114635,0,0,27681,26179.43,11563234,11449171,0
2021-09-23,14919,5819915,12767,5164418,1639,493565,2274,104376,76,12037,2357,116992,0,0,31682,26133.57,11594916,11478503,0
2021-09-24,16503,5836418,13367,5177785,1636,495201,4629,109005,127,12164,4775,121767,0,0,36281,26858.29,11631197,11510028,0
2021-09-25,10521,5846939,9031,5186816,1017,496218,3465,112470,81,12245,3562,125329,0,0,24131,27135.86,11655328,11530613,0
2021-09-26,6288,5853227,5768,5192584,773,496991,2425,114895,61,12306,2497,127826,0,0,15326,27384.43,11670654,11543453,0
2021-09-27,14131,5867358,8064,5200648,1155,498146,9086,123981,162,12468,9298,137124,0,0,32649,27997,11703303,11566854,0
2021-09-28,11107,5878465,11788,5212436,901,499047,9936,133917,182,12650,10157,147281,0,0,33953,28814.71,11737256,11590689,0
2021-09-29,11592,5890057,12195,5224631,1205,500252,9462,143379,173,12823,9669,156950,0,0,34662,29812,11771918,11615716,0
2021-09-30,12213,5902270,12611,5237242,1338,501590,9768,153147,181,13004,9983,166933,0,0,36145,30449.57,11808063,11641912,0
2021-10-01,12617,5914887,13431,5250673,1284,502874,10292,163439,154,13158,10482,177415,0,0,37814,30668.57,11845877,11669280,0
2021-10-02,7719,5922606,9981,5260654,865,503739,4247,167686,81,13239,4352,181767,0,0,22917,30495.14,11868794,11687869,0
2021-10-03,5056,5927662,6160,5266814,593,504332,2622,170308,60,13299,2692,184459,1,1,14502,30377.43,11883296,11699688,0
2021-10-04,9899,5937561,11019,5277833,914,505246,9537,179845,151,13450,9725,194184,0,1,31557,30221.43,11914853,11721557,0
2021-10-05,10132,5947693,11736,5289569,972,506218,9963,189808,179,13629,10184,204368,1,2,33025,30088.86,11947878,11744439,0
2021-10-06,9867,5957560,11053,5300622,937,507155,9954,199762,161,13790,10151,214519,0,2,32008,29709.71,11979886,11766332,0
2021-10-07,9592,5967152,12160,5312782,850,508005,10185,209947,177,13967,10395,224914,0,2,32997,29260,12012883,11788967,0
2021-10-08,9428,5976580,12184,5324966,941,508946,10922,220869,165,14132,11126,236040,0,2,33679,28669.29,12046562,11811559,0
2021-10-09,6226,5982806,8240,5333206,643,509589,4133,225002,89,14221,4239,240279,0,2,19348,28159.43,12065910,11826685,0
2021-10-10,3529,5986335,5028,5338234,458,510047,2440,227442,47,14268,2495,242774,0,2,11510,27732,12077420,11835708,0
2021-10-11,7593,5993928,9338,5347572,728,510775,8906,236348,165,14433,9095,251869,0,2,26754,27045.86,12104174,11853391,0
2021-10-12,8050,6001978,10994,5358566,891,511666,10534,246882,187,14620,10762,262631,0,2,30697,26713.29,12134871,11873367,0
2021-10-13,7128,6009106,10147,5368713,869,512535,8816,255698,183,14803,9029,271660,0,2,27173,26022.57,12162044,11891541,0
2021-10-14,7404,6016510,11121,5379834,837,513372,10134,265832,165,14968,10339,281999,0,2,29701,25551.71,12191745,11910943,0
2021-10-15,7704,6024214,11857,5391691,823,514195,10861,276693,176,15144,11070,293069,0,2,31454,25233.86,12223199,11931360,0
2021-10-16,4853,6029067,7467,5399158,665,514860,3852,280545,67,15211,3931,297000,0,2,16916,24886.43,12240115,11944357,0
2021-10-17,3049,6032116,4472,5403630,411,515271,2459,283004,44,15255,2510,299510,0,2,10442,24733.86,12250557,11952296,0
2021-10-18,7016,6039132,10670,5414300,797,516068,9503,292507,186,15441,9723,309233,0,2,28206,24941.29,12278763,11970813,0
2021-10-19,6547,6045679,8947,5423247,803,516871,9109,301616,177,15618,9326,318559,1,3,25624,24216.57,12304387,11987150,0
2021-10-20,6517,6052196,9370,5432617,975,517846,10004,311620,180,15798,10222,328781,3,6,27086,24204.14,12331473,12004049,0
2021-10-21,7008,6059204,9387,5442004,858,518704,10868,322488,159,15957,11060,339841,1,7,28314,24006,12359787,12021335,0
2021-10-22,8083,6067287,10344,5452348,1026,519730,16376,338864,222,16179,16652,356493,0,7,36105,24670.43,12395892,12040842,0
2021-10-23,5150,6072437,6456,5458804,690,520420,9137,348001,118,16297,9275,365768,0,7,21571,25335.43,12417463,12053158,0
2021-10-24,3247,6075684,3966,5462770,767,521187,6178,354179,81,16378,6284,372052,1,8,14265,25881.57,12431728,12061163,0
2021-10-25,8788,6084472,8746,5471516,1152,522339,19289,373468,302,16680,19660,391712,0,8,38346,27330.14,12470074,12079918,0
2021-10-26,8151,6092623,7721,5479237,1258,523597,17320,390788,279,16959,17669,409381,0,8,34799,28640.86,12504873,12097118,0
2021-10-27,10502,6103125,8394,5487631,1605,525202,20900,411688,329,17288,21298,430679,0,8,41799,30742.71,12546672,12117688,0
2021-10-28,11261,6114386,8028,5495659,1793,526995,20903,432591,326,17614,21296,451975,0,8,42378,32751.86,12589050,12138837,0
2021-10-29,11806,6126192,8227,5503886,1968,528963,22581,455172,348,17962,23001,474976,1,9,45004,34023.14,12634054,12160911,0
2021-10-30,4599,6130791,5064,5508950,932,529895,11198,466370,169,18131,11405,486381,0,9,22000,34084.43,12656054,12171544,0
2021-10-31,2646,6133437,2700,5511650,544,530439,6650,473020,105,18236,6778,493159,1,10,12668,33856.29,12668722,12177456,0
2021-11-01,7072,6140509,6956,5518606,1085,531524,20435,493455,334,18570,20828,513987,1,11,35942,33512.86,12704664,12192628,0
2021-11-02,6527,6147036,6585,5525191,1055,532579,20822,514277,279,18849,21177,535164,0,11,35344,33590.71,12740008,12206871,0
2021-11-03,6789,6153825,6682,5531873,1026,533605,20681,534958,315,19164,21071,556235,0,11,35570,32700.86,12775578,12221445,0
2021-11-04,9257,6163082,6279,5538152,994,534599,22414,557372,353,19517,22850,579085,0,11,39380,32272.57,12814958,12238058,0
2021-11-05,11003,6174085,6719,5544871,1050,535649,23804,581176,360,19877,24246,603331,0,11,43018,31988.86,12857976,12256912,0
2021-11-06,11100,6185185,4049,5548920,594,536243,12617,593793,176,20053,12830,616161,0,11,28573,32927.86,12886549,12272692,0
2021-11-07,7227,6192412,2287,5551207,577,536820,7123,600916,97,20150,7235,623396,0,11,17326,33593.29,12903875,12282798,0
2021-11-08,15020,6207432,5679,5556886,862,537682,19540,620456,287,20437,19894,643290,1,12,41456,34381,12945331,12304426,0
2021-11-09,16107,6223539,5385,5562271,659,538341,20567,641023,278,20715,20927,664217,0,12,43078,35485.86,12988409,12326659,0
2021-11-10,16873,6240412,5323,5567594,682,539023,22717,663740,293,21008,23080,687297,0,12,45958,36969.86,13034367,12349607,0
2021-11-11,12503,6252915,5181,5572775,760,539783,22158,685898,290,21298,22517,709814,0,12,40961,37195.71,13075328,12368120,0
2021-11-12,16951,6269866,5686,5578461,705,540488,23480,709378,359,21657,23916,733730,1,13,47259,37801.57,13122587,12391539,0
2021-11-13,9905,6279771,3662,5582123,464,540952,13363,722741,185,21842,13591,747321,0,13,27622,37665.71,13150209,12405613,0
2021-11-14,5984,6285755,2283,5584406,324,541276,7955,730696,82,21924,8058,755379,0,13,16649,37569,13166858,12414225,0
2021-11-15,13170,6298925,5978,5590384,689,541965,25175,755871,369,22293,25624,781003,0,13,45461,38141.14,13212319,12434142,0
2021-11-16,9889,6308814,5782,5596166,653,542618,30731,786602,441,22734,31249,812252,0,13,47574,38783.43,13259893,12450544,0
2021-11-17,10217,6319031,6667,5602833,681,543299,31513,818115,426,23160,32029,844281,0,13,49594,39302.86,13309487,12468199,0
2021-11-18,10645,6329676,6528,5609361,855,544154,33107,851222,461,23621,33664,877945,0,13,51692,40835.86,13361179,12486323,0
2021-11-19,11903,6341579,6551,5615912,708,544862,36356,887578,466,24087,36913,914858,0,13,56075,42095.29,13417254,12505576,0
2021-11-20,9262,6350841,3415,5619327,512,545374,22579,910157,261,24348,22892,937750,0,13,36081,43303.71,13453335,12518817,0
2021-11-21,4899,6355740,1886,5621213,288,545662,13247,923404,155,24503,13427,951177,1,14,20501,43854,13473836,12525915,0
2021-11-22,10332,6366072,5781,5626994,749,546411,36026,959430,446,24949,36563,987740,0,14,53426,44991.86,13527262,12542869,0
2021-11-23,9696,6375768,4781,5631775,632,547043,33609,993039,388,25337,34069,1021809,0,14,49179,45221.14,13576441,12558051,0
2021-11-24,8617,6384385,4748,5636523,648,547691,26000,1019039,287,25624,26357,1048166,1,15,40371,43903.57,13616812,12572134,0
2021-11-25,447,6384832,328,5636851,80,547771,1004,1020043,9,25633,1013,1049179,0,15,1868,36785.86,13618680,12572989,0
2021-11-26,8007,6392839,6990,5643841,528,548299,26647,1046690,307,25940,27011,1076190,0,15,42536,34851.71,13661216,12588571,0
2021-11-27,6638,6399477,6833,5650674,370,548669,18899,1065589,226,26166,19162,1095352,0,15,33004,34412.14,13694220,12602450,0
2021-11-28,4034,6403511,5791,5656465,281,548950,11940,1077529,122,26288,12081,1107433,0,15,22187,34653,13716407,12612575,0
2021-11-29,9003,6412514,11011,5667476,684,549634,35159,1112688,454,26742,35691,1143124,1,16,56390,35076.43,13772797,12633351,0
2021-11-30,10405,6422919,11445,5678921,511,550145,37894,1150582,500,27242,38507,1181631,0,16,60868,36746.29,13833665,12655825,0
2021-12-01,11070,6433989,10984,5689905,724,550869,40486,1191068,443,27685,41028,1222659,0,16,63807,40094.29,13897472,12678703,0
2021-12-02,11538,6445527,11049,5700954,624,551493,42305,1233373,457,28142,42860,1265519,0,16,66071,49266.14,13963543,12702012,0
2021-12-03,13365,6458892,12904,5713858,664,552157,48093,1281466,530,28672,48727,1314246,1,17,75661,53998.29,14039204,12729049,0
2021-12-04,9760,6468652,11295,5725153,564,552721,30769,1312235,311,28983,31134,1345380,0,17,52753,56819.57,14091957,12750722,0
2021-12-05,5701,6474353,5701,5730854,270,552991,16712,1328947,130,29113,16877,1362257,0,17,28549,57728.43,14120506,12762429,0
2021-12-06,12231,6486584,9984,5740838,599,553590,43388,1372335,459,29572,43938,1406195,0,17,66752,59208.71,14187258,12785334,0
2021-12-07,12483,6499067,9256,5750094,623,554213,43177,1415512,516,30088,43781,1449976,0,17,66143,59962.29,14253401,12807784,0
2021-12-08,13432,6512499,8777,5758871,555,554768,40917,1456429,485,30573,41482,1491458,0,17,64246,60025,14317647,12830628,0
2021-12-09,13382,6525881,8757,5767628,551,555319,40962,1497391,498,31071,41556,1533014,0,17,64246,59764.29,14381893,12853414,0
2021-12-10,13935,6539816,10149,5777777,666,555985,43800,1541191,509,31580,44397,1577411,0,17,69147,58833.71,14451040,12878252,0
2021-12-11,10201,6550017,8131,5785908,405,556390,26766,1567957,287,31867,27103,1604514,0,17,45841,57846.29,14496881,12897040,0
2021-12-12,5977,6555994,3857,5789765,287,556677,15204,1583161,137,32004,15365,1619879,0,17,25486,57408.71,14522367,12907185,0
2021-12-13,12112,6568106,7431,5797196,655,557332,38031,1621192,406,32410,38519,1658398,0,17,58717,56260.86,14581084,12927465,0
2021-12-14,12154,6580260,6948,5804144,730,558062,38279,1659471,445,32855,38790,1697188,0,17,58622,55186.43,14639706,12947363,0
2021-12-15,12004,6592264,6244,5810388,755,558817,38265,1697736,495,33350,38842,1736030,0,17,57846,54272.14,14697552,12966449,0
2021-12-16,13079,6605343,4270,5814658,737,559554,41241,1738977,469,33819,41783,1777813,0,17,59869,53646.86,14757421,12984608,0
2021-12-17,15844,6621187,6944,5821602,618,560172,46936,1785913,485,34304,47517,1825330,0,17,70923,53900.57,14828344,13008110,0
2021-12-18,12945,6634132,5719,5827321,432,560604,30697,1816610,279,34583,31033,1856363,1,18,50129,54513.14,14878473,13027262,0
2021-12-19,6965,6641097,2995,5830316,326,560930,18058,1834668,175,34758,18264,1874627,0,18,28550,54950.86,14907023,13037579,0
2021-12-20,16739,6657836,5855,5836171,745,561675,47626,1882294,578,35336,48284,1922911,0,18,71623,56794.57,14978646,13060998,0
2021-12-21,17866,6675702,6578,5842749,806,562481,49053,1931347,597,35933,49729,1972640,0,18,74979,59131.29,15053625,13086327,0
2021-12-22,18481,6694183,6556,5849305,938,563419,49836,1981183,540,36473,50456,2023096,1,19,76432,61786.43,15130057,13112382,0
2021-12-23,18941,6713124,6487,5855792,930,564349,46008,2027191,534,37007,46609,2069705,0,19,72967,63657.57,15203024,13138807,0
2021-12-24,9184,6722308,2955,5858747,598,564947,20652,2047843,213,37220,20898,2090603,0,19,33635,58330.71,15236659,13151577,0
2021-12-25,342,6722650,63,5858810,31,564978,427,2048270,8,37228,436,2091039,0,19,872,51294,15237531,13152014,0
2021-12-26,7921,6730571,3931,5862741,341,565319,17314,2065584,178,37406,17524,2108563,0,19,29717,51460.71,15267248,13164239,0
2021-12-27,21695,6752266,9205,5871946,931,566250,43553,2109137,564,37970,44190,2152753,0,19,76021,52089,15343269,13196143,0
2021-12-28,20048,6772314,8338,5880284,700,566950,47700,2156837,623,38593,48411,2201164,0,19,77497,52448.71,15420766,13225317,0
2021-12-29,18424,6790738,7669,5887953,606,567556,45671,2202508,492,39085,46237,2247401,0,19,72936,51949.29,15493702,13252090,0
2021-12-30,16815,6807553,7435,5895388,588,568144,44934,2247442,592,39677,45612,2293013,0,19,70450,51589.71,15564152,13277014,0
2021-12-31,5338,6812891,2811,5898199,192,568336,14791,2262233,188,39865,15001,2308014,0,19,23342,50119.29,15587494,13285377,0
2022-01-01,244,6813135,147,5898346,12,568348,502,2262735,22,39887,528,2308542,0,19,931,50127.71,15588425,13285784,0
2022-01-02,6405,6819540,5020,5903366,153,568501,11005,2273740,111,39998,11132,2319674,0,19,22710,49126.71,15611135,13297378,0
2022-01-03,14089,6833629,8512,5911878,515,569016,27022,2300762,345,40343,27411,2347085,2,21,50529,45485,15661664,13320538,0
2022-01-04,12786,6846415,8131,5920009,415,569431,27303,2328065,371,40714,27733,2374818,77,98,49129,41432.43,15710793,13341916,0
2022-01-05,11282,6857697,7024,5927033,384,569815,26036,2354101,317,41031,26394,2401212,0,98,45084,37453.57,15755877,13360647,0
2022-01-06,11316,6869013,7397,5934430,485,570300,27666,2381767,357,41388,28075,2429287,2,100,47274,34142.71,15803151,13379896,0
2022-01-07,10117,6879130,8456,5942886,339,570639,25239,2407006,333,41721,25606,2454893,0,100,44519,37168,15847670,13398843,0
2022-01-08,7651,6886781,8592,5951478,311,570950,19632,2426638,189,41910,19838,2474731,0,100,36393,42234,15884063,13415415,0
2022-01-09,4107,6890888,3845,5955323,214,571164,10080,2436718,97,42007,10188,2484919,1,101,18355,41611.86,15902418,13423592,0
2022-01-10,10138,6901026,8198,5963521,490,571654,24640,2461358,311,42318,25002,2509921,1,102,43828,40654.57,15946246,13442468,0
2022-01-11,8836,6909862,7991,5971512,522,572176,21079,2482437,296,42614,21419,2531340,0,102,38770,39174.71,15985016,13459863,0
2022-01-12,8896,6918758,8329,5979841,428,572604,22399,2504836,290,42904,22724,2554064,1,103,40378,38502.43,16025394,13477551,0
2022-01-13,8998,6927756,8870,5988711,451,573055,22951,2527787,338,43242,23324,2577388,1,104,41645,37698.29,16067039,13495906,0
2022-01-14,10063,6937819,8126,5996837,474,573529,26475,2554262,341,43583,26858,2604246,0,104,45521,37841.43,16112560,13514611,0
2022-01-15,6184,6944003,4314,6001151,179,573708,15166,2569428,183,43766,15371,2619617,0,104,26048,36363.57,16138608,13525310,0
2022-01-16,2895,6946898,3248,6004399,95,573803,7840,2577268,88,43854,7938,2627555,0,104,14176,35766.57,16152784,13531558,0
2022-01-17,6037,6952935,6754,6011153,363,574166,14716,2591984,223,44077,14957,2642512,0,104,28111,33521.29,16180895,13544730,0
2022-01-18,8121,6961056,10323,6021476,394,574560,19709,2611693,324,44401,20062,2662574,0,104,38900,33539.86,16219795,13563597,0
2022-01-19,7418,6968474,9261,6030737,303,574863,17751,2629444,280,44681,18063,2680637,0,104,35046,32778.14,16254841,13580612,0
2022-01-20,6236,6974710,8562,6039299,305,575168,15296,2644740,253,44934,15576,2696213,0,104,30679,31211.57,16285520,13595742,0
2022-01-21,7525,6982235,7518,6046817,276,575444,18539,2663279,292,45226,18855,2715068,1,105,34174,29590.57,16319694,13611084,0
2022-01-22,5171,6987406,4935,6051752,132,575576,11341,2674620,131,45357,11497,2726565,0,105,21735,28974.43,16341429,13621347,0
2022-01-23,2786,6990192,3333,6055085,97,575673,6248,2680868,77,45434,6333,2732898,0,105,12549,28742,16353978,13627571,0
2022-01-24,6333,6996525,8209,6063294,262,575935,15095,2695963,246,45680,15368,2748266,0,105,30172,29036.43,16384150,13642402,0
2022-01-25,6148,7002673,7947,6071241,231,576166,14729,2710692,263,45943,15024,2763290,0,105,29350,27672.14,16413500,13656760,0
2022-01-26,5723,7008396,7183,6078424,288,576454,14037,2724729,215,46158,14279,2777569,0,105,27473,26590.29,16440973,13669981,0
2022-01-27,5225,7013621,7095,6085519,320,576774,14113,2738842,237,46395,14389,2791958,0,105,27029,26068.86,16468002,13682660,0
2022-01-28,6217,7019838,7882,6093401,205,576979,16155,2754997,241,46636,16419,2808377,1,106,30724,25576,16498726,13696987,0
2022-01-29,836,7020674,729,6094130,28,577007,2542,2757539,40,46676,2585,2810962,0,106,4178,23067.86,16502904,13698583,0
2022-01-30,2074,7022748,3024,6097154,103,577110,4555,2762094,63,46739,4622,2815584,0,106,9823,22678.43,16512727,13703788,0
2022-01-31,4983,7027731,6595,6103749,219,577329,11410,2773504,201,46940,11626,2827210,0,106,23423,21714.29,16536150,13715600,0
2022-02-01,4805,7032536,6453,6110202,220,577549,10732,2784236,222,47162,10972,2838182,1,107,22450,20728.57,16558600,13727095,0
2022-02-02,4250,7036786,5939,6116141,212,577761,11255,2795491,244,47406,11517,2849699,0,107,21918,19935,16580518,13737514,0
2022-02-03,4206,7040992,5819,6121960,216,577977,11236,2806727,206,47612,11468,2861167,1,108,21709,19175,16602227,13747780,0
2022-02-04,4734,7045726,7118,6129078,214,578191,13246,2819973,240,47852,13511,2874678,0,108,25577,18439.71,16627804,13759871,0
2022-02-05,3560,7049286,6060,6135138,110,578301,8592,2828565,158,48010,8765,2883443,0,108,18495,20485,16646299,13769616,0
2022-02-06,2053,7051339,2139,6137277,120,578421,4648,2833213,104,48114,4756,2888199,0,108,9069,20377.29,16655368,13773933,0
2022-02-07,4124,7055463,4749,6142026,205,578626,10147,2843360,237,48351,10409,2898608,0,108,19487,19815,16674855,13783036,0
2022-02-08,4191,7059654,5609,6147635,214,578840,11347,2854707,313,48664,11685,2910293,0,108,21699,19707.71,16696554,13793075,0
2022-02-09,4111,7063765,5405,6153040,221,579061,11679,2866386,260,48924,11963,2922256,0,108,21700,19676.57,16718254,13802836,0
2022-02-10,3966,7067731,5127,6158167,243,579304,12211,2878597,292,49216,12532,2934788,0,108,21868,19699.29,16740122,13812201,0
2022-02-11,4495,7072226,5816,6163983,195,579499,13746,2892343,327,49543,14104,2948892,0,108,24610,19561.14,16764732,13822738,0
2022-02-12,3241,7075467,4342,6168325,97,579596,8822,2901165,215,49758,9048,2957940,0,108,16728,19308.71,16781460,13830429,0
2022-02-13,1511,7076978,1543,6169868,41,579637,4889,2906054,113,49871,5007,2962947,0,108,8102,19170.57,16789562,13833529,0
2022-02-14,2964,7079942,3624,6173492,167,579804,10591,2916645,327,50198,10945,2973892,1,109,17701,18915.43,16807263,13840311,0
2022-02-15,3521,7083463,4075,6177567,174,579978,12809,2929454,288,50486,13113,2987005,0,109,20883,18798.86,16828146,13848097,0
2022-02-16,3622,7087085,3909,6181476,199,580177,15764,2945218,297,50783,16096,3003101,0,109,23826,19102.57,16851972,13855862,0
2022-02-17,4122,7091207,4079,6185555,161,580338,18363,2963581,371,51154,18764,3021865,0,109,27126,19853.71,16879098,13864254,0
2022-02-18,4433,7095640,4789,6190344,191,580529,21560,2985141,462,51616,22044,3043909,0,109,31457,20831.86,16910555,13873689,0
2022-02-19,3237,7098877,2183,6192527,65,580594,11197,2996338,219,51835,11427,3055336,0,109,16912,20858.14,16927467,13879185,0
2022-02-20,1844,7100721,1445,6193972,59,580653,6598,3002936,114,51949,6719,3062055,0,109,10067,21138.86,16937534,13882540,0
2022-02-21,3075,7103796,2694,6196666,94,580747,8363,3011299,235,52184,8611,3070666,0,109,14474,20677.86,16952008,13888416,0
2022-02-22,4362,7108158,4258,6200924,174,580921,10847,3022146,257,52441,11121,3081787,0,109,19915,20539.57,16971923,13897227,0
2022-02-23,4234,7112392,3790,6204714,145,581066,10688,3032834,246,52687,10950,3092737,1,110,19120,19867.29,16991043,13905412,0
2022-02-24,3781,7116173,3663,6208377,108,581174,10203,3043037,233,52920,10455,3103192,0,110,18007,18564.57,17009050,13912983,0
2022-02-25,3595,7119768,3633,6212010,135,581309,9994,3053031,245,53165,10252,3113444,0,110,17615,16587.14,17026665,13920359,0
2022-02-26,2818,7122586,2584,6214594,74,581383,9527,3062558,161,53326,9696,3123140,0,110,15172,16338.57,17041837,13925843,0
2022-02-27,1764,7124350,1373,6215967,52,581435,6273,3068831,102,53428,6382,3129522,0,110,9571,16267.71,17051408,13929039,0
2022-02-28,3769,7128119,3136,6219103,140,581575,13155,3081986,255,53683,13433,3142955,0,110,20478,17125.43,17071886,13936107,0
2022-03-01,2116,7130235,2631,6221734,103,581678,5192,3087178,186,53869,5385,3148340,0,110,10235,15742.57,17082121,13940964,0
2022-03-02,1824,7132059,2448,6224182,107,581785,4146,3091324,211,54080,4368,3152708,0,110,8747,14260.71,17090868,13945354,0
2022-03-03,1932,7133991,2562,6226744,106,581891,3805,3095129,172,54252,3990,3156698,0,110,8590,12915.43,17099458,13949967,0
2022-03-04,2115,7136106,2879,6229623,66,581957,4333,3099462,211,54463,4556,3161254,0,110,9616,11772.71,17109074,13955039,0
2022-03-05,1612,7137718,2124,6231747,43,582000,3318,3102780,119,54582,3440,3164694,0,110,7219,10636.57,17116293,13958821,0
2022-03-06,793,7138511,881,6232628,30,582030,1627,3104407,55,54637,1685,3166379,0,110,3389,9753.43,17119682,13960528,0
2022-03-07,1660,7140171,1789,6234417,87,582117,3506,3107913,161,54798,3681,3170060,0,110,7217,7859,17126899,13964078,0
2022-03-08,1544,7141715,1899,6236316,80,582197,3129,3111042,152,54950,3293,3173353,0,110,6816,7370.57,17133715,13967613,0
2022-03-09,1259,7142974,1684,6238000,80,582277,2595,3113637,130,55080,2730,3176083,0,110,5753,6942.86,17139468,13970641,0
2022-03-10,1409,7144383,2098,6240098,85,582362,2973,3116610,164,55244,3146,3179229,0,110,6738,6678.29,17146206,13974242,0
2022-03-11,1594,7145977,2278,6242376,81,582443,3217,3119827,190,55434,3425,3182654,0,110,7378,6358.57,17153584,13978213,0
2022-03-12,874,7146851,1417,6243793,42,582485,2011,3121838,75,55509,2089,3184743,0,110,4422,5959,17158006,13980549,0
2022-03-13,624,7147475,756,6244549,28,582513,1292,3123130,49,55558,1344,3186087,0,110,2752,5868,17160758,13981960,0
2022-03-14,1363,7148838,1615,6246164,84,582597,2998,3126128,207,55765,3226,3189313,0,110,6288,5735.29,17167046,13985043,0
2022-03-15,1353,7150191,1925,6248089,63,582660,3072,3129200,236,56001,3315,3192628,0,110,6656,5712.43,17173702,13988391,0
2022-03-16,1394,7151585,2060,6250149,94,582754,3149,3132349,296,56297,3461,3196089,0,110,7009,5891.86,17180711,13991955,0
2022-03-17,1190,7152775,1808,6251957,71,582825,2765,3135114,268,56565,3047,3199136,0,110,6116,5803,17186827,13995038,0
2022-03-18,1579,7154354,2219,6254176,79,582904,3779,3138893,421,56986,4206,3203342,0,110,8083,5903.71,17194910,13998921,0
2022-03-19,1104,7155458,1734,6255910,54,582958,2606,3141499,229,57215,2840,3206182,0,110,5732,6090.86,17200642,14001818,0
2022-03-20,604,7156062,631,6256541,33,582991,1470,3142969,186,57401,1660,3207842,0,110,2928,6116,17203570,14003090,0
2022-03-21,1414,7157476,1558,6258099,73,583064,3062,3146031,359,57760,3443,3211285,1,111,6489,6144.71,17210059,14006157,0
2022-03-22,1341,7158817,1553,6259652,101,583165,2907,3148938,350,58110,3267,3214552,0,111,6262,6088.43,17216321,14009162,0
2022-03-23,1257,7160074,1360,6261012,66,583231,2921,3151859,375,58485,3306,3217858,0,111,5989,5942.71,17222310,14011855,0
2022-03-24,1208,7161282,1300,6262312,90,583321,2521,3154380,273,58758,2804,3220662,0,111,5402,5840.71,17227712,14014463,0
2022-03-25,1377,7162659,1633,6263945,62,583383,3270,3157650,385,59143,3668,3224330,0,111,6740,5648.86,17234452,14017548,0
2022-03-26,923,7163582,1167,6265112,36,583419,2309,3159959,253,59396,2571,3226901,0,111,4697,5501,17239149,14019683,0
2022-03-27,574,7164156,528,6265640,29,583448,1315,3161274,202,59598,1519,3228420,0,111,2650,5461.29,17241799,14020816,0
2022-03-28,1073,7165229,1170,6266810,69,583517,2442,3163716,367,59965,2827,3231247,0,111,5139,5268.43,17246938,14023146,0
2022-03-29,1045,7166274,1106,6267916,84,583601,2516,3166232,886,60851,3422,3234669,1,112,5657,5182,17252595,14025400,0
2022-03-30,1237,7167511,1138,6269054,99,583700,3064,3169296,3410,64261,6564,3241233,0,112,9038,5617.57,17261633,14027964,0
2022-03-31,1275,7168786,1248,6270302,57,583757,3165,3172461,5533,69794,8834,3250067,0,112,11415,6476.57,17273048,14030681,0
2022-04-01,1422,7170208,1487,6271789,77,583834,3245,3175706,6923,76717,10324,3260391,0,112,13310,7415.14,17286358,14033823,0
2022-04-02,905,7171113,909,6272698,33,583867,2086,3177792,4540,81257,6723,3267114,0,112,8570,7968.43,17294928,14035767,0
2022-04-03,553,7171666,492,6273190,28,583895,1222,3179014,3058,84315,4342,3271456,0,112,5415,8363.43,17300343,14036902,0
2022-04-04,1346,7173012,1303,6274493,61,583956,2721,3181735,7720,92035,10596,3282052,0,112,13306,9530.14,17313649,14039767,0
2022-04-05,1292,7174304,1154,6275647,66,584022,2845,3184580,7500,99535,10520,3292572,0,112,13032,10583.71,17326681,14042454,0
2022-04-06,1331,7175635,1174,6276821,61,584083,2624,3187204,6966,106501,9750,3302322,0,112,12316,11052,17338997,14045180,0
2022-04-07,1203,7176838,1060,6277881,57,584140,2377,3189581,6629,113130,9153,3311475,1,113,11474,11060.43,17350471,14047647,0
2022-04-08,1475,7178313,1407,6279288,61,584201,3166,3192747,8794,121924,12153,3323628,0,113,15096,11315.57,17365567,14050783,0
2022-04-09,907,7179220,925,6280213,29,584230,2080,3194827,4958,126882,7121,3330749,0,113,8982,11374.43,17374549,14052727,0
2022-04-10,576,7179796,461,6280674,25,584255,1167,3195994,2903,129785,4131,3334880,0,113,5193,11342.71,17379742,14053850,0
2022-04-11,1305,7181101,1225,6281899,61,584316,2654,3198648,7840,137625,10647,3345527,0,113,13238,11333,17392980,14056594,0
2022-04-12,1213,7182314,1056,6282955,73,584389,2520,3201168,7447,145072,10140,3355667,0,113,12482,11254.43,17405462,14059109,0
2022-04-13,1229,7183543,1074,6284029,60,584449,2511,3203679,7550,152622,10211,3365878,0,113,12574,11291.29,17418036,14061622,0
2022-04-14,1261,7184804,1095,6285124,58,584507,2443,3206122,6599,159221,9169,3375047,0,113,11583,11306.86,17429619,14064163,0
2022-04-15,1331,7186135,1094,6286218,53,584560,2554,3208676,6635,165856,9318,3384365,0,113,11796,10835.43,17441415,14066770,0
2022-04-16,855,7186990,652,6286870,34,584594,1643,3210319,3691,169547,5400,3389765,0,113,6941,10543.86,17448356,14068377,0
2022-04-17,345,7187335,201,6287071,27,584621,637,3210956,1159,170706,1819,3391584,0,113,2392,10143.71,17450748,14068973,0
2022-04-18,1380,7188715,1113,6288184,82,584703,2583,3213539,6418,177124,9141,3400725,0,113,11716,9926.29,17462464,14071688,0
2022-04-19,1411,7190126,935,6289119,71,584774,2575,3216114,5762,182886,8439,3409164,0,113,10856,9694,17473320,14074207,0
2022-04-20,1298,7191424,1152,6290271,65,584839,2708,3218822,6648,189534,9498,3418662,0,113,12013,9613.86,17485333,14076864,0
2022-04-21,1225,7192649,1061,6291332,53,584892,2338,3221160,5397,194931,7854,3426516,1,114,10194,9415.43,17495527,14079322,0
2022-04-22,1234,7193883,1040,6292372,46,584938,2239,3223399,5783,200714,8135,3434651,0,114,10456,9224,17505983,14081756,0
2022-04-23,710,7194593,749,6293121,59,584997,1428,3224827,3351,204065,4846,3439497,0,114,6365,9141.71,17512348,14083342,0
2022-04-24,439,7195032,336,6293457,27,585024,809,3225636,1820,205885,2661,3442158,0,114,3463,9294.71,17515811,14084176,0
2022-04-25,1037,7196069,916,6294373,64,585088,1850,3227486,5092,210977,7055,3449213,0,114,9072,8917,17524883,14086306,0
2022-04-26,948,7197017,857,6295230,76,585164,1747,3229233,4697,215674,6538,3455751,0,114,8419,8568.86,17533302,14088281,0
2022-04-27,1034,7198051,1020,6296250,80,585244,1926,3231159,5217,220891,7264,3463015,0,114,9398,8195.29,17542700,14090536,0
2022-04-28,1081,7199132,988,6297238,50,585294,2002,3233161,4743,225634,6857,3469872,0,114,8976,8021.29,17551676,14092767,0
2022-04-29,1174,7200306,1101,6298339,60,585354,2155,3235316,5436,231070,7706,3477578,0,114,10041,7962,17561717,14095217,0
2022-04-30,723,7201029,743,6299082,50,585404,1391,3236707,2967,234037,4404,3481982,0,114,5920,7898.43,17567637,14096779,0
2022-05-01,445,7201474,366,6299448,20,585424,766,3237473,1656,235693,2454,3484436,0,114,3285,7873,17570922,14097642,0
2022-05-02,1045,7202519,792,6300240,52,585476,1677,3239150,3820,239513,5566,3490002,2,116,7456,7642.14,17578378,14099599,0
2022-05-03,1117,7203636,862,6301102,61,585537,1995,3241145,4872,244385,6963,3496965,0,116,9003,7725.57,17587381,14101735,0
2022-05-04,1004,7204640,881,6301983,48,585585,1926,3243071,4682,249067,6697,3503662,0,116,8630,7615.86,17596011,14103757,0
2022-05-05,1071,7205711,953,6302936,86,585671,1928,3244999,4883,253950,6911,3510573,0,116,9021,7622.29,17605032,14105967,0
2022-05-06,1095,7206806,955,6303891,51,585722,1861,3246860,4402,258352,6340,3516913,2,118,8441,7393.71,17613473,14108143,0
2022-05-07,659,7207465,591,6304482,32,585754,1204,3248064,2435,260787,3678,3520591,1,119,4960,7256.57,17618433,14109463,0
2022-05-08,411,7207876,243,6304725,17,585771,665,3248729,1388,262175,2075,3522666,0,119,2746,7179.57,17621179,14110156,0
2022-05-09,1077,7208953,943,6305668,60,585831,1894,3250623,4428,266603,6414,3529080,0,119,8494,7327.86,17629673,14112328,0
2022-05-10,1094,7210047,929,6306597,54,585885,1980,3252603,4720,271323,6808,3535888,0,119,8885,7311,17638558,14114513,0
2022-05-11,1084,7211131,972,6307569,44,585929,1943,3254546,4844,276167,6887,3542775,0,119,8987,7362,17647545,14116713,0
2022-05-12,1098,7212229,949,6308518,60,585989,2001,3256547,4667,280834,6768,3549543,0,119,8875,7341.14,17656420,14118920,0
2022-05-13,1153,7213382,1039,6309557,44,586033,2074,3258621,4810,285644,6976,3556519,0,119,9212,7451.29,17665632,14121248,0
2022-05-14,823,7214205,669,6310226,31,586064,1468,3260089,2955,288599,4465,3560984,0,119,5988,7598.14,17671620,14122813,0
2022-05-15,508,7214713,355,6310581,22,586086,924,3261013,1650,290249,2600,3563584,0,119,3485,7703.71,17675105,14123724,0
2022-05-16,1227,7215940,853,6311434,62,586148,1831,3262844,3867,294116,5762,3569346,1,120,7905,7619.57,17683010,14125930,0
2022-05-17,1285,7217225,932,6312366,79,586227,2046,3264890,4897,299013,7037,3576383,1,121,9334,7683.71,17692344,14128320,0
2022-05-18,1236,7218461,899,6313265,82,586309,2062,3266952,4943,303956,7117,3583500,1,122,9335,7733.43,17701679,14130649,0
2022-05-19,1157,7219618,882,6314147,36,586345,2118,3269070,4730,308686,6934,3590434,0,122,9009,7752.57,17710688,14132810,0
2022-05-20,1194,7220812,960,6315107,73,586418,2370,3271440,5209,313895,7692,3598126,1,123,9922,7854,17720610,14135152,0
2022-05-21,830,7221642,648,6315755,23,586441,1721,3273161,3307,317202,5089,3603215,0,123,6591,7940.14,17727201,14136715,0
2022-05-22,507,7222149,291,6316046,22,586463,1135,3274296,1841,319043,3010,3606225,0,123,3830,7989.43,17731031,14137569,0
2022-05-23,1217,7223366,884,6316930,52,586515,2189,3276485,4715,323758,7003,3613228,1,124,9157,8168.29,17740188,14139821,0
2022-05-24,1405,7224771,935,6317865,66,586581,2306,3278791,4493,328251,6902,3620130,0,124,9309,8164.71,17749497,14142331,0
2022-05-25,1411,7226182,955,6318820,56,586637,2264,3281055,4275,332526,6640,3626770,0,124,9063,8125.86,17758560,14144855,0
2022-05-26,1170,7227352,889,6319709,60,586697,2272,3283327,4154,336680,6494,3633264,1,125,8615,8069.57,17767175,14147043,0
2022-05-27,1242,7228594,957,6320666,38,586735,2498,3285825,3924,340604,6497,3639761,0,125,8735,7900,17775910,14149356,0
2022-05-28,711,7229305,517,6321183,19,586754,1783,3287608,2064,342668,3887,3643648,0,125,5134,7691.86,17781044,14150643,0
2022-05-29,472,7229777,216,6321399,11,586765,760,3288368,1126,343794,1906,3645554,0,125,2605,7516.86,17783649,14151362,0
2022-05-30,91,7229868,61,6321460,6,586771,139,3288507,144,343938,285,3645839,1,126,444,6272.14,17784093,14151522,0
2022-05-31,1137,7231005,918,6322378,51,586822,1899,3290406,3055,346993,5014,3650853,0,126,7120,5959.43,17791213,14153688,0
2022-06-01,1153,7232158,851,6323229,63,586885,1972,3292378,3428,350421,5475,3656328,0,126,7542,5742.14,17798755,14155830,0
2022-06-02,1030,7233188,800,6324029,72,586957,1826,3294204,3176,353597,5063,3661391,0,126,6965,5506.43,17805720,14157793,0
2022-06-03,1160,7234348,894,6324923,47,587004,2069,3296273,3498,357095,5633,3667024,0,126,7734,5363.43,17813454,14159960,0
2022-06-04,723,7235071,584,6325507,26,587030,1555,3297828,1906,359001,3496,3670520,0,126,4831,5320.14,17818285,14161330,0
2022-06-05,449,7235520,297,6325804,1,587031,880,3298708,981,359982,1870,3672390,0,126,2617,5321.86,17820902,14162086,0
2022-06-06,1124,7236644,826,6326630,64,587095,1755,3300463,2747,362729,4552,3676942,0,126,6566,6196.43,17827468,14164150,0
2022-06-07,1019,7237663,771,6327401,70,587165,1793,3302256,2568,365297,4408,3681350,0,126,6268,6074.71,17833736,14166057,0
2022-06-08,1094,7238757,836,6328237,75,587240,1876,3304132,2750,368047,4688,3686038,1,127,6694,5953.57,17840430,14168124,0
2022-06-09,1139,7239896,838,6329075,62,587302,2230,3306362,2695,370742,4977,3691015,0,127,7016,5960.86,17847446,14170215,0
2022-06-10,1048,7240944,816,6329891,75,587377,1879,3308241,2832,373574,4767,3695782,0,127,6706,5814,17854152,14172210,0
2022-06-11,678,7241622,508,6330399,25,587402,1328,3309569,1504,375078,2859,3698641,0,127,4070,5705.29,17858222,14173448,0
2022-06-12,351,7241973,287,6330686,21,587423,877,3310446,773,375851,1660,3700301,0,127,2319,5662.71,17860541,14174117,0
2022-06-13,1028,7243001,769,6331455,62,587485,1579,3312025,2187,378038,3806,3704107,0,127,5666,5534.14,17866207,14176017,0
2022-06-14,970,7243971,832,6332287,64,587549,1693,3313718,2506,380544,4260,3708367,0,127,6126,5513.86,17872333,14177944,0
2022-06-15,969,7244940,865,6333152,39,587588,1666,3315384,2426,382970,4151,3712518,0,127,6024,5418.14,17878357,14179876,0
2022-06-16,961,7245901,775,6333927,59,587647,1834,3317218,2370,385340,4257,3716775,1,128,6052,5280.43,17884409,14181723,0
2022-06-17,898,7246799,798,6334725,48,587695,1774,3318992,2402,387742,4220,3720995,0,128,5965,5174.57,17890374,14183512,0
2022-06-18,658,7247457,521,6335246,26,587721,1280,3320272,1297,389039,2605,3723600,1,129,3810,5137.43,17894184,14184744,0
2022-06-19,346,7247803,234,6335480,16,587737,728,3321000,609,389648,1349,3724949,0,129,1945,5084,17896129,14185352,0
2022-06-20,832,7248635,487,6335967,41,587778,1577,3322577,1613,391261,3228,3728177,0,129,4588,4930,17900717,14186750,0
2022-06-21,1133,7249768,741,6336708,49,587827,1698,3324275,2143,393404,3898,3732075,0,129,5822,4886.57,17906539,14188731,0
2022-06-22,1960,7251728,833,6337541,46,587873,1709,3325984,1996,395400,3748,3735823,0,129,6587,4967,17913126,14191613,0
2022-06-23,2118,7253846,763,6338304,65,587938,1704,3327688,2156,397556,3911,3739734,0,129,6858,5082.14,17919984,14194611,0
2022-06-24,2172,7256018,761,6339065,48,587986,1624,3329312,2158,399714,3830,3743564,0,129,6811,5203,17926795,14197640,0
2022-06-25,2137,7258155,496,6339561,15,588001,1234,3330546,1144,400858,2392,3745956,0,129,5044,5379.29,17931839,14200306,0
2022-06-26,1210,7259365,248,6339809,14,588015,686,3331232,532,401390,1224,3747180,0,129,2696,5486.57,17934535,14201784,0
2022-06-27,1532,7260897,654,6340463,60,588075,1468,3332700,1654,403044,3164,3750344,0,129,5410,5604,17939945,14204072,0
2022-06-28,1691,7262588,829,6341292,57,588132,1861,3334561,2143,405187,4049,3754393,0,129,6626,5718.86,17946571,14206694,0
2022-06-29,1858,7264446,777,6342069,48,588180,1716,3336277,1926,407113,3682,3758075,0,129,6365,5687.14,17952936,14209417,0
2022-06-30,1868,7266314,807,6342876,46,588226,1734,3338011,2133,409246,3911,3761986,0,129,6632,5654.86,17959568,14212182,0
2022-07-01,1603,7267917,597,6343473,26,588252,1395,3339406,1729,410975,3157,3765143,0,129,5383,5450.86,17964951,14214441,0
2022-07-02,977,7268894,389,6343862,18,588270,836,3340242,940,411915,1794,3766937,0,129,3178,5184.29,17968129,14215843,0
2022-07-03,530,7269424,205,6344067,7,588277,460,3340702,486,412401,949,3767886,0,129,1691,5040.71,17969820,14216588,0
2022-07-04,36,7269460,25,6344092,1,588278,31,3340733,38,412439,69,3767955,0,129,131,4286.57,17969951,14216650,0
2022-07-05,1297,7270757,758,6344850,35,588313,1405,3342138,1738,414177,3174,3771129,0,129,5264,4092,17975215,14218771,0
2022-07-06,1612,7272369,679,6345529,44,588357,1443,3343581,1841,416018,3325,3774454,0,129,5660,3991.29,17980875,14221147,0
2022-07-07,1592,7273961,712,6346241,48,588405,1528,3345109,2001,418019,3568,3778022,0,129,5920,3889.57,17986795,14223538,0
2022-07-08,1633,7275594,650,6346891,37,588442,1473,3346582,1979,419998,3501,3781523,0,129,5823,3952.43,17992618,14225909,0
2022-07-09,983,7276577,433,6347324,26,588468,882,3347464,1347,421345,2260,3783783,0,129,3702,4027.29,17996320,14227382,0
2022-07-10,637,7277214,187,6347511,17,588485,430,3347894,659,422004,1099,3784882,0,129,1940,4062.86,17998260,14228233,0
2022-07-11,1396,7278610,634,6348145,49,588534,1441,3349335,2212,424216,3687,3788569,0,129,5766,4867.86,18004026,14230346,0
2022-07-12,1404,7280014,687,6348832,45,588579,1403,3350738,2512,426728,3990,3792559,0,129,6126,4991,18010152,14232557,0
2022-07-13,1618,7281632,725,6349557,37,588616,1522,3352260,2837,429565,4424,3796983,0,129,6804,5154.43,18016956,14235002,0
2022-07-14,1585,7283217,841,6350398,47,588663,1602,3353862,3061,432626,4738,3801721,0,129,7212,5339,18024168,14237551,0
2022-07-15,1614,7284831,939,6351337,47,588710,1572,3355434,3053,435679,4684,3806405,0,129,7284,5547.71,18031452,14240210,0
2022-07-16,882,7285713,584,6351921,9,588719,979,3356413,1698,437377,2707,3809112,1,130,4183,5616.43,18035635,14241715,0
2022-07-17,550,7286263,289,6352210,16,588735,527,3356940,1168,438545,1719,3810831,0,130,2574,5707,18038209,14242594,0
2022-07-18,1405,7287668,845,6353055,45,588780,1428,3358368,2468,441013,3952,3814783,0,130,6247,5775.71,18044456,14244945,0
2022-07-19,1441,7289109,975,6354030,51,588831,1538,3359906,2802,443815,4433,3819216,0,130,6900,5886.29,18051356,14247505,0
2022-07-20,1380,7290489,1485,6355515,50,588881,1352,3361258,2395,446210,3808,3823024,0,130,6724,5874.86,18058080,14250482,0
2022-07-21,1334,7291823,1436,6356951,50,588931,1395,3362653,2363,448573,3806,3826830,0,130,6626,5791.14,18064706,14253350,0
2022-07-22,1428,7293251,1567,6358518,41,588972,1564,3364217,2853,451426,4499,3831329,0,130,7535,5827,18072241,14256468,0
2022-07-23,903,7294154,1099,6359617,17,588989,994,3365211,1555,452981,2584,3833913,3,133,4606,5887.43,18076847,14258522,0
2022-07-24,483,7294637,642,6360259,14,589003,504,3365715,805,453786,1317,3835230,0,133,2457,5870.71,18079304,14259670,0
2022-07-25,1230,7295867,766,6361025,59,589062,1261,3366976,2064,455850,3378,3838608,0,133,5433,5754.43,18084737,14261778,0
2022-07-26,1233,7297100,1021,6362046,41,589103,1473,3368449,2443,458293,3975,3842583,0,133,6271,5664.57,18091008,14264133,0
2022-07-27,1319,7298419,1279,6363325,42,589145,1390,3369839,2190,460483,3641,3846224,2,135,6285,5601.86,18097293,14266836,0
2022-07-28,1311,7299730,1422,6364747,72,589217,1425,3371264,2217,462700,3692,3849916,1,136,6498,5583.57,18103791,14269691,0
2022-07-29,1319,7301049,1430,6366177,64,589281,1358,3372622,2158,464858,3560,3853476,0,136,6374,5417.71,18110165,14272549,0
2022-07-30,739,7301788,717,6366894,25,589306,792,3373414,962,465820,1774,3855250,0,136,3258,5225.14,18113423,14274053,0
2022-07-31,422,7302210,589,6367483,14,589320,488,3373902,571,466391,1065,3856315,0,136,2090,5172.71,18115513,14275084,0
2022-08-01,1243,7303453,913,6368396,55,589375,1328,3375230,1510,467901,2883,3859198,1,137,5095,5124.43,18120608,14277340,0
2022-08-02,1231,7304684,1014,6369410,73,589448,1346,3376576,1599,469500,2990,3862188,0,137,5308,4986.86,18125916,14279703,0
2022-08-03,1268,7305952,1190,6370600,41,589489,1341,3377917,1531,471031,2911,3865099,1,138,5411,4862,18131327,14282241,0
2022-08-04,1192,7307144,1188,6371788,57,589546,1287,3379204,1456,472487,2773,3867872,0,138,5210,4678,18136537,14284708,0
2022-08-05,1318,7308462,1450,6373238,49,589595,1313,3380517,1441,473928,2778,3870650,0,138,5595,4566.71,18142132,14287549,0
2022-08-06,695,7309157,843,6374081,14,589609,764,3381281,777,474705,1566,3872216,0,138,3119,4546.86,18145251,14289127,0
2022-08-07,390,7309547,457,6374538,14,589623,425,3381706,358,475063,794,3873010,0,138,1655,4484.71,18146906,14289999,0
2022-08-08,1196,7310743,932,6375470,70,589693,1276,3382982,1184,476247,2490,3875500,0,138,4688,4426.57,18151594,14292227,0
2022-08-09,1136,7311879,893,6376363,38,589731,1228,3384210,1160,477407,2420,3877920,0,138,4487,4309.29,18156081,14294326,0
2022-08-10,1222,7313101,1113,6377476,59,589790,1260,3385470,1247,478654,2542,3880462,0,138,4936,4241.43,18161017,14296755,0
2022-08-11,1282,7314383,1068,6378544,84,589874,1212,3386682,1278,479932,2529,3882991,0,138,4963,4206.14,18165980,14299228,0
2022-08-12,1299,7315682,1407,6379951,55,589929,1267,3387949,1248,481180,2547,3885538,0,138,5308,4165.14,18171288,14302021,0
2022-08-13,758,7316440,786,6380737,15,589944,762,3388711,631,481811,1412,3886950,0,138,2971,4144,18174259,14303599,0
2022-08-14,470,7316910,476,6381213,20,589964,406,3389117,282,482093,691,3887641,0,138,1657,4144.29,18175916,14304568,0
2022-08-15,1246,7318156,1063,6382276,60,590024,1315,3390432,990,483083,2346,3889987,1,139,4716,4148.29,18180632,14306978,0
2022-08-16,1310,7319466,868,6383144,50,590074,1366,3391798,1078,484161,2476,3892463,0,139,4705,4179.43,18185337,14309239,0
2022-08-17,1213,7320679,958,6384102,39,590113,1236,3393034,1005,485166,2280,3894743,1,140,4491,4115.86,18189828,14311488,0
2022-08-18,1169,7321848,945,6385047,45,590158,1267,3394301,948,486114,2240,3896983,0,140,4399,4035.29,18194227,14313672,0
2022-08-19,1255,7323103,1132,6386179,34,590192,1116,3395417,978,487092,2124,3899107,6,146,4551,3927.14,18198778,14316123,0
2022-08-20,591,7323694,493,6386672,16,590208,634,3396051,514,487606,1161,3900268,1,147,2262,3825.86,18201040,14317236,0
2022-08-21,358,7324052,243,6386915,9,590217,382,3396433,267,487873,652,3900920,0,147,1262,3769.43,18202302,14317849,0
2022-08-22,1221,7325273,924,6387839,40,590257,1233,3397666,889,488762,2149,3903069,0,147,4334,3714.86,18206636,14320061,0
2022-08-23,1242,7326515,1050,6388889,48,590305,1379,3399045,962,489724,2369,3905438,3,150,4712,3715.86,18211348,14322429,0
2022-08-24,1267,7327782,1016,6389905,29,590334,1295,3400340,821,490545,2142,3907580,0,150,4455,3710.71,18215803,14324768,0
2022-08-25,1222,7329004,994,6390899,66,590400,1186,3401526,813,491358,2015,3909595,4,154,4300,3696.57,18220103,14327065,0
2022-08-26,1189,7330193,1179,6392078,56,590456,1193,3402719,780,492138,1994,3911589,1,155,4418,3677.57,18224521,14329509,0
2022-08-27,696,7330889,541,6392619,14,590470,673,3403392,405,492543,1091,3912680,3,158,2345,3689.43,18226866,14330773,0
2022-08-28,381,7331270,236,6392855,10,590480,443,3403835,228,492771,674,3913354,0,158,1301,3695,18228167,14331403,0
2022-08-29,1259,7332529,980,6393835,41,590521,1220,3405055,688,493459,1929,3915283,0,158,4210,3677.29,18232377,14333705,0
2022-08-30,1268,7333797,942,6394777,36,590557,1270,3406325,766,494225,2067,3917350,2,160,4315,3620.57,18236692,14335982,0
2022-08-31,1155,7334952,1015,6395792,43,590600,1102,3407427,572,494797,1695,3919045,0,160,3909,3542.57,18240601,14338217,0
2022-09-01,1027,7335979,962,6396754,51,590651,809,3408236,456,495253,1279,3920324,5,165,3325,3403.29,18243926,14340272,0
2022-09-02,977,7336956,1021,6397775,32,590683,592,3408828,175,495428,774,3921098,92,257,2881,3183.71,18246807,14342294,0
2022-09-03,530,7337486,448,6398223,12,590695,369,3409197,50,495478,423,3921521,314,571,1678,3088.43,18248485,14343239,0
2022-09-04,252,7337738,212,6398435,10,590705,189,3409386,25,495503,216,3921737,312,883,959,3039.57,18249444,14343672,0
2022-09-05,78,7337816,71,6398506,7,590712,44,3409430,16,495519,61,3921798,9,892,226,2470.43,18249670,14343829,0
2022-09-06,1127,7338943,1227,6399733,51,590763,634,3410064,130,495649,773,3922571,1269,2161,4226,2457.71,18253896,14346022,0
2022-09-07,1476,7340419,1383,6401116,38,590801,482,3410546,155,495804,657,3923228,6445,8606,9115,3201.43,18263011,14348055,0
2022-09-08,1527,7341946,1198,6402314,36,590837,251,3410797,111,495915,378,3923606,7797,16403,9815,4128.57,18272826,14349711,0
2022-09-09,1554,7343500,1610,6403924,49,590886,283,3411080,122,496037,436,3924042,9884,26287,12368,5483.86,18285194,14351790,0
2022-09-10,847,7344347,836,6404760,12,590898,264,3411344,44,496081,321,3924363,5316,31603,6749,6208.29,18291943,14352915,0
2022-09-11,494,7344841,441,6405201,11,590909,86,3411430,30,496111,125,3924488,3942,35545,4530,6718.43,18296473,14353387,0
2022-09-12,1676,7346517,1440,6406641,39,590948,205,3411635,91,496202,330,3924818,11658,47203,13538,8620.14,18310011,14354971,0
2022-09-13,1401,7347918,1272,6407913,33,590981,220,3411855,114,496316,383,3925201,9731,56934,11731,9692.29,18321742,14356637,0
2022-09-14,1410,7349328,1271,6409184,31,591012,225,3412080,123,496439,387,3925588,11027,67961,13069,10257.14,18334811,14358331,0
2022-09-15,1567,7350895,1284,6410468,22,591034,227,3412307,112,496551,374,3925962,12084,80045,14108,10870.43,18348919,14360016,0
2022-09-16,1691,7352586,1634,6412102,27,591061,270,3412577,155,496706,480,3926442,13804,93849,16264,11427,18365183,14362051,0
2022-09-17,801,7353387,868,6412970,12,591073,272,3412849,77,496783,371,3926813,7000,100849,8410,11664.29,18373593,14363112,0
2022-09-18,522,7353909,413,6413383,7,591080,74,3412923,26,496809,113,3926926,4480,105329,4972,11727.43,18378565,14363504,0
2022-09-19,1559,7355468,1325,6414708,29,591109,226,3413149,96,496905,348,3927274,13812,119141,15514,12009.71,18394079,14364884,0
2022-09-20,1442,7356910,1252,6415960,27,591136,220,3413369,90,496995,358,3927632,13215,132356,15014,12478.71,18409093,14366373,0
2022-09-21,1668,7358578,1353,6417313,31,591167,261,3413630,131,497126,426,3928058,14935,147291,16842,13017.71,18425935,14367888,0
2022-09-22,1470,7360048,1263,6418576,28,591195,174,3413804,138,497264,360,3928418,13226,160517,15046,13151.71,18440981,14369396,0
2022-09-23,1745,7361793,1652,6420228,24,591219,252,3414056,143,497407,458,3928876,16931,177448,19233,13575.86,18460214,14371303,0
2022-09-24,802,7362595,888,6421116,8,591227,268,3414324,67,497474,354,3929230,7491,184939,8843,13637.71,18469057,14372320,0
2022-09-25,485,7363080,395,6421511,1,591228,72,3414396,47,497521,128,3929358,4508,189447,4994,13640.86,18474051,14372687,0
2022-09-26,1576,7364656,1251,6422762,16,591244,284,3414680,144,497665,485,3929843,15013,204460,16710,13811.71,18490761,14373956,0
2022-09-27,1540,7366196,1307,6424069,26,591270,281,3414961,168,497833,485,3930328,14155,218615,16138,13972.29,18506899,14375490,0
2022-09-28,1617,7367813,1304,6425373,18,591288,190,3415151,185,498018,429,3930757,15508,234123,17284,14035.43,18524183,14376891,0
2022-09-29,1681,7369494,1302,6426675,19,591307,176,3415327,101,498119,313,3931070,15367,249490,17222,14346.29,18541405,14378469,0
2022-09-30,1645,7371139,1557,6428232,13,591320,181,3415508,174,498293,401,3931471,16484,265974,18648,14262.71,18560053,14380278,0
2022-10-01,720,7371859,668,6428900,5,591325,132,3415640,35,498328,176,3931647,7044,273018,7934,14132.86,18567987,14381001,0
2022-10-02,512,7372371,428,6429328,5,591330,48,3415688,45,498373,107,3931754,4428,277446,4837,14110.43,18572824,14381317,0
2022-10-03,1557,7373928,1191,6430519,23,591353,156,3415844,113,498486,315,3932069,14567,292013,15972,14005,18588796,14382453,0
2022-10-04,1382,7375310,1155,6431674,15,591368,150,3415994,120,498606,298,3932367,13401,305414,14798,13813.57,18603594,14383580,0
2022-10-05,1595,7376905,1287,6432961,17,591385,280,3416274,164,498770,497,3932864,14865,320279,16689,13728.57,18620283,14384960,0
2022-10-06,1495,7378400,1249,6434210,19,591404,166,3416440,161,498931,385,3933249,14954,335233,16622,13642.86,18636905,14386301,0
2022-10-07,1664,7380064,1427,6435637,15,591419,170,3416610,134,499065,365,3933614,17101,352334,19062,13702,18655967,14387958,0
2022-10-08,764,7380828,680,6436317,4,591423,144,3416754,62,499127,223,3933837,7700,360034,8630,13801.43,18664597,14388682,0
2022-10-09,492,7381320,410,6436727,5,591428,47,3416801,54,499181,119,3933956,4693,364727,5117,13841.43,18669714,14389005,0
2022-10-10,1549,7382869,1251,6437978,14,591442,175,3416976,119,499300,333,3934289,15195,379922,16497,13916.43,18686211,14390013,0
2022-10-11,1642,7384511,1104,6439082,19,591461,178,3417154,154,499454,388,3934677,14306,394228,15839,14065.14,18702050,14391214,0
2022-10-12,1867,7386378,1322,6440404,17,591478,134,3417288,186,499640,387,3935064,16267,410495,17870,14233.86,18719920,14392497,0
2022-10-13,1621,7387999,1151,6441555,28,591506,135,3417423,199,499839,405,3935469,14020,424515,15554,14081.29,18735474,14393697,0
2022-10-14,1817,7389816,1542,6443097,25,591531,130,3417553,179,500018,362,3935831,17198,441713,19183,14098.57,18754657,14395373,0
2022-10-15,772,7390588,638,6443735,9,591540,90,3417643,68,500086,179,3936010,7602,449315,8460,14074.29,18763117,14396073,0
2022-10-16,565,7391153,411,6444146,3,591543,25,3417668,65,500151,121,3936131,4725,454040,5168,14081.57,18768285,14396426,0
2022-10-17,1819,7392972,1253,6445399,18,591561,82,3417750,117,500268,236,3936367,16067,470107,17388,14208.86,18785673,14397548,0
2022-10-18,1691,7394663,1171,6446570,20,591581,101,3417851,141,500409,289,3936656,14627,484734,16012,14233.57,18801685,14398691,0
2022-10-19,2094,7396757,1329,6447899,21,591602,84,3417935,142,500551,289,3936945,16224,500958,17697,14208.86,18819382,14399938,0
2022-10-20,1694,7398451,1168,6449067,10,591612,88,3418023,151,500702,307,3937252,15389,516347,16843,14393,18836225,14401153,0
2022-10-21,1808,7400259,1346,6450413,11,591623,93,3418116,150,500852,299,3937551,16730,533077,18394,14280.29,18854619,14402574,0
2022-10-22,747,7401006,668,6451081,9,591632,44,3418160,46,500898,100,3937651,7675,540752,8406,14272.57,18863025,14403215,0
2022-10-23,522,7401528,369,6451450,3,591635,21,3418181,39,500937,69,3937720,4806,545558,5083,14260.43,18868108,14403432,0
2022-10-24,1747,7403275,1211,6452661,19,591654,71,3418252,112,501049,224,3937944,15541,561099,16828,14180.43,18884936,14404536,0
2022-10-25,1664,7404939,1189,6453850,12,591666,94,3418346,111,501160,234,3938178,15022,576121,16331,14226,18901267,14405640,0
2022-10-26,1859,7406798,1328,6455178,11,591677,90,3418436,171,501331,339,3938517,16802,592923,18277,14308.86,18919544,14406854,0
2022-10-27,1586,7408384,1075,6456253,13,591690,96,3418532,138,501469,289,3938806,15064,607987,16390,14244.14,18935934,14407946,0
2022-10-28,1704,7410088,1421,6457674,17,591707,107,3418639,154,501623,319,3939125,16749,624736,18564,14268.43,18954498,14409500,0
2022-10-29,697,7410785,544,6458218,9,591716,69,3418708,58,501681,141,3939266,7733,632469,8410,14269,18962908,14410050,0
2022-10-30,522,7411307,305,6458523,3,591719,19,3418727,57,501738,92,3939358,4490,636959,4778,14225.43,18967686,14410262,0
2022-10-31,1676,7412983,1110,6459633,8,591727,47,3418774,127,501865,218,3939576,14571,651530,15519,14038.43,18983205,14411036,0
2022-11-01,1668,7414651,1023,6460656,18,591745,78,3418852,129,501994,238,3939814,13606,665136,14924,13837.43,18998129,14412147,0
2022-11-02,1742,7416393,1127,6461783,17,591762,89,3418941,122,502116,253,3940067,14868,680004,16140,13532.14,19014269,14413208,0
2022-11-03,1422,7417815,1035,6462818,14,591776,84,3419025,165,502281,326,3940393,12613,692617,13888,13174.71,19028157,14414234,0
2022-11-04,1744,7419559,1221,6464039,14,591790,101,3419126,141,502422,275,3940668,15429,708046,17034,12956.14,19045191,14415597,0
2022-11-05,826,7420385,533,6464572,6,591796,67,3419193,80,502502,161,3940829,7037,715083,7760,12863.29,19052951,14416173,0
2022-11-06,408,7420793,330,6464902,4,591800,20,3419213,49,502551,106,3940935,4070,719153,4413,12811.14,19057364,14416447,0
2022-11-07,1640,7422433,1068,6465970,14,591814,75,3419288,100,502651,211,3941146,13215,732368,14377,12648,19071741,14417434,0
2022-11-08,1535,7423968,1011,6466981,8,591822,97,3419385,131,502782,269,3941415,12064,744432,13329,12420.14,19085070,14418471,0
2022-11-09,1570,7425538,1059,6468040,9,591831,85,3419470,114,502896,246,3941661,12190,756622,13453,12036.29,19098523,14419535,0
2022-11-10,1486,7427024,1010,6469050,14,591845,73,3419543,147,503043,277,3941938,12276,768898,13560,11989.43,19112083,14420599,0
2022-11-11,1507,7428531,1079,6470129,11,591856,98,3419641,101,503144,220,3942158,12834,781732,14266,11594,19126349,14421832,0
2022-11-12,673,7429204,517,6470646,2,591858,57,3419698,61,503205,128,3942286,6433,788165,7057,11493.57,19133406,14422338,0
2022-11-13,496,7429700,343,6470989,4,591862,15,3419713,68,503273,98,3942384,3894,792059,4212,11464.86,19137618,14422573,0
2022-11-14,1447,7431147,1027,6472016,19,591881,59,3419772,114,503387,204,3942588,11632,803691,12747,11232,19150365,14423515,0
2022-11-15,1490,7432637,1005,6473021,15,591896,103,3419875,165,503552,293,3942881,11279,814970,12659,11136.29,19163024,14424627,0
2022-11-16,1609,7434246,1035,6474056,21,591917,67,3419942,145,503697,248,3943129,11569,826539,12815,11045.14,19175839,14425661,0
2022-11-17,1401,7435647,972,6475028,10,591927,66,3420008,166,503863,273,3943402,10531,837070,11808,10794.86,19187647,14426706,0
2022-11-18,1573,7437220,1098,6476126,12,591939,68,3420076,117,503980,216,3943618,12343,849413,13935,10747.57,19201582,14428113,0
2022-11-19,679,7437899,439,6476565,4,591943,57,3420133,61,504041,127,3943745,5906,855319,6573,10678.43,19208155,14428662,0
2022-11-20,474,7438373,309,6476874,4,591947,12,3420145,35,504076,65,3943810,3541,858860,3840,10625.29,19211995,14428914,0
2022-11-21,1521,7439894,918,6477792,4,591951,51,3420196,81,504157,149,3943959,10404,869264,11378,10429.71,19223373,14429756,0
2022-11-22,1269,7441163,818,6478610,7,591958,53,3420249,88,504245,157,3944116,9262,878526,10276,10089.29,19233649,14430629,0
2022-11-23,1293,7442456,734,6479344,11,591969,64,3420313,75,504320,165,3944281,8679,887205,9612,9631.71,19243261,14431423,0
2022-11-24,18,7442474,10,6479354,2,591971,0,3420313,6,504326,8,3944289,113,887318,138,7964.57,19243399,14431442,0
2022-11-25,680,7443154,474,6479828,13,591984,36,3420349,54,504380,110,3944399,5687,893005,6418,6890.71,19249817,14432083,0
2022-11-26,590,7443744,379,6480207,2,591986,15,3420364,42,504422,62,3944461,4894,897899,5332,6713.43,19255149,14432464,0
2022-11-27,399,7444143,219,6480426,1,591987,10,3420374,23,504445,48,3944509,3172,901071,3361,6645,19258510,14432620,0
2022-11-28,952,7445095,699,6481125,10,591997,57,3420431,63,504508,140,3944649,6965,908036,7927,6152,19266437,14433462,0
2022-11-29,926,7446021,708,6481833,8,592005,45,3420476,73,504581,144,3944793,6943,914979,7979,5823.86,19274416,14434380,0
2022-11-30,1213,7447234,870,6482703,16,592021,50,3420526,53,504634,124,3944917,8743,923722,9750,5843.57,19284166,14435284,0
2022-12-01,1131,7448365,768,6483471,11,592032,60,3420586,96,504730,183,3945100,8485,932207,9552,7188.43,19293718,14436195,0
2022-12-02,1318,7449683,972,6484443,14,592046,70,3420656,103,504833,194,3945294,10232,942439,11559,7922.86,19305277,14437349,0
2022-12-03,614,7450297,421,6484864,12,592058,42,3420698,41,504874,86,3945380,4941,947380,5469,7942.43,19310746,14437794,0
2022-12-04,418,7450715,282,6485146,4,592062,7,3420705,26,504900,40,3945420,3278,950658,3503,7962.71,19314249,14437986,0
2022-12-05,1161,7451876,769,6485915,15,592077,57,3420762,70,504970,143,3945563,8616,959274,9617,8204.14,19323866,14438860,0
2022-12-06,1172,7453048,765,6486680,13,592090,63,3420825,87,505057,169,3945732,8155,967429,9147,8371,19333013,14439702,0
2022-12-07,1213,7454261,754,6487434,12,592102,64,3420889,80,505137,166,3945898,8319,975748,9343,8312.86,19342356,14440582,0
2022-12-08,1105,7455366,742,6488176,14,592116,68,3420957,77,505214,167,3946065,8704,984452,9734,8338.86,19352090,14441467,0
2022-12-09,1246,7456612,972,6489148,13,592129,81,3421038,101,505315,208,3946273,10435,994887,11801,8373.43,19363891,14442651,0
2022-12-10,681,7457293,461,6489609,7,592136,38,3421076,75,505390,131,3946404,6144,1001031,6723,8552.57,19370614,14443117,0
2022-12-11,431,7457724,263,6489872,4,592140,11,3421087,35,505425,56,3946460,3686,1004717,3889,8607.71,19374503,14443274,0
2022-12-12,1337,7459061,803,6490675,19,592159,78,3421165,105,505530,208,3946668,9996,1014713,11042,8811.29,19385545,14444137,0
2022-12-13,1268,7460329,843,6491518,17,592176,50,3421215,98,505628,177,3946845,9735,1024448,10766,9042.57,19396311,14445020,0
2022-12-14,1195,7461524,829,6492347,12,592188,67,3421282,99,505727,193,3947038,9648,1034096,10627,9226,19406938,14445833,0
2022-12-15,1194,7462718,698,6493045,11,592199,57,3421339,108,505835,181,3947219,8456,1042552,9418,9180.86,19416356,14446630,0
2022-12-16,1201,7463919,806,6493851,12,592211,67,3421406,124,505959,214,3947433,9382,1051934,10552,9002.43,19426908,14447609,0
2022-12-17,656,7464575,461,6494312,8,592219,29,3421435,35,505994,78,3947511,5805,1057739,6278,8938.86,19433186,14448018,0
2022-12-18,454,7465029,235,6494547,2,592221,14,3421449,23,506017,47,3947558,3463,1061202,3668,8907.29,19436854,14448186,0
2022-12-19,1215,7466244,781,6495328,7,592228,51,3421500,80,506097,145,3947703,8926,1070128,9837,8735.14,19446691,14448966,0
2022-12-20,1214,7467458,760,6496088,18,592246,82,3421582,138,506235,277,3947980,8584,1078712,9715,8585,19456406,14449877,0
2022-12-21,1096,7468554,695,6496783,16,592262,50,3421632,94,506329,174,3948154,8289,1087001,9161,8375.57,19465567,14450605,0
2022-12-22,996,7469550,587,6497370,4,592266,42,3421674,72,506401,132,3948286,6931,1093932,7662,8124.71,19473229,14451222,0
2022-12-23,832,7470382,508,6497878,11,592277,40,3421714,57,506458,110,3948396,5886,1099818,6489,7544.29,19479718,14451728,0
2022-12-24,191,7470573,112,6497990,1,592278,2,3421716,15,506473,20,3948416,1380,1101198,1501,6861.86,19481219,14451832,0
2022-12-25,5,7470578,3,6497993,0,592278,0,3421716,0,506473,0,3948416,29,1101227,32,6342.43,19481251,14451835,0
2022-12-26,571,7471149,268,6498261,16,592294,14,3421730,22,506495,41,3948457,3294,1104521,3599,5451.29,19484850,14452104,0
2022-12-27,1088,7472237,606,6498867,13,592307,55,3421785,58,506553,123,3948580,7221,1111742,8020,5209.14,19492870,14452790,0
2022-12-28,1064,7473301,563,6499430,8,592315,55,3421840,62,506615,127,3948707,6983,1118725,7770,5010.43,19500640,14453460,0
2022-12-29,1015,7474316,584,6500014,9,592324,47,3421887,87,506702,158,3948865,6584,1125309,7406,4973.86,19508046,14454148,0
2022-12-30,953,7475269,538,6500552,9,592333,47,3421934,47,506749,104,3948969,6125,1131434,6844,5024.57,19514890,14454773,0
2022-12-31,305,7475574,167,6500719,4,592337,16,3421950,10,506759,29,3948998,1807,1133241,1985,5093.71,19516875,14454925,0
2023-01-01,15,7475589,9,6500728,0,592337,1,3421951,5,506764,6,3949004,54,1133295,76,5100,19516951,14454941,0
2023-01-02,653,7476242,328,6501056,10,592347,14,3421965,23,506787,43,3949047,3665,1136960,4010,5158.71,19520961,14455249,0
2023-01-03,967,7477209,589,6501645,9,592356,41,3422006,55,506842,110,3949157,5467,1142427,6249,4905.71,19527210,14455935,0
2023-01-04,1092,7478301,674,6502319,17,592373,50,3422056,60,506902,129,3949286,6108,1148535,6974,4792,19534184,14456691,0
2023-01-05,1011,7479312,588,6502907,23,592396,34,3422090,87,506989,141,3949427,5740,1154275,6666,4686.29,19540850,14457496,0
2023-01-06,1052,7480364,777,6503684,17,592413,49,3422139,81,507070,142,3949569,6499,1160774,7547,4786.71,19548397,14458414,0
2023-01-07,604,7480968,430,6504114,8,592421,18,3422157,34,507104,58,3949627,4434,1165208,4895,5202.43,19553292,14458823,0
2023-01-08,379,7481347,245,6504359,4,592425,12,3422169,29,507133,48,3949675,2564,1167772,2776,5588.14,19556068,14458994,0
2023-01-09,950,7482297,571,6504930,17,592442,50,3422219,40,507173,100,3949775,5612,1173384,6440,5935.29,19562508,14459732,0
2023-01-10,845,7483142,640,6505570,8,592450,47,3422266,65,507238,125,3949900,5307,1178691,6173,5924.43,19568681,14460486,0
2023-01-11,865,7484007,548,6506118,21,592471,45,3422311,53,507291,118,3950018,5170,1183861,5947,5777.71,19574628,14461165,0
2023-01-12,745,7484752,488,6506606,24,592495,46,3422357,79,507370,142,3950160,4509,1188370,5357,5590.71,19579985,14461888,0
2023-01-13,806,7485558,555,6507161,11,592506,66,3422423,56,507426,139,3950299,5358,1193728,6245,5404.71,19586230,14462653,0
2023-01-14,511,7486069,281,6507442,10,592516,25,3422448,30,507456,57,3950356,3217,1196945,3622,5222.86,19589852,14463003,0
2023-01-15,286,7486355,150,6507592,6,592522,15,3422463,22,507478,52,3950408,1791,1198736,1992,5110.86,19591844,14463167,0
2023-01-16,505,7486860,304,6507896,11,592533,31,3422494,26,507504,64,3950472,2768,1201504,3203,4648.43,19595047,14463545,0
2023-01-17,799,7487659,476,6508372,19,592552,48,3422542,74,507578,135,3950607,3816,1205320,4678,4434.86,19599725,14464285,0
2023-01-18,805,7488464,477,6508849,16,592568,47,3422589,61,507639,115,3950722,3741,1209061,4549,4235.14,19604274,14464985,0
2023-01-19,658,7489122,429,6509278,6,592574,49,3422638,32,507671,100,3950822,3157,1212218,3898,4026.71,19608172,14465645,0
2023-01-20,685,7489807,465,6509743,23,592597,38,3422676,38,507709,83,3950905,3605,1215823,4375,3759.57,19612547,14466339,0
2023-01-21,367,7490174,193,6509936,12,592609,16,3422692,12,507721,29,3950934,1868,1217691,2168,3551.86,19614715,14466611,0
2023-01-22,221,7490395,63,6509999,5,592614,0,3422692,2,507723,3,3950937,865,1218556,965,3405.14,19615680,14466709,0
2023-01-23,640,7491035,333,6510332,12,592626,14,3422706,45,507768,67,3951004,2719,1221275,3381,3430.57,19619061,14467312,0
2023-01-24,575,7491610,392,6510724,17,592643,36,3422742,33,507801,82,3951086,3028,1224303,3677,3287.57,19622738,14467892,0
2023-01-25,598,7492208,353,6511077,21,592664,31,3422773,36,507837,80,3951166,2683,1226986,3342,3115.14,19626080,14468484,0
2023-01-26,557,7492765,350,6511427,18,592682,33,3422806,50,507887,100,3951266,2677,1229663,3333,3034.43,19629413,14469057,0
2023-01-27,562,7493327,438,6511865,11,592693,34,3422840,45,507932,87,3951353,2811,1232474,3543,2915.57,19632956,14469710,0
2023-01-28,357,7493684,181,6512046,5,592698,21,3422861,38,507970,67,3951420,1539,1234013,1877,2874,19634833,14469989,0
2023-01-29,236,7493920,118,6512164,3,592701,10,3422871,10,507980,24,3951444,979,1234992,1129,2897.43,19635962,14470119,0
2023-01-30,598,7494518,389,6512553,18,592719,37,3422908,35,508015,75,3951519,2473,1237465,3183,2869.14,19639145,14470757,0
2023-01-31,501,7495019,350,6512903,12,592731,28,3422936,47,508062,87,3951606,2418,1239883,3031,2776.86,19642176,14471295,0
2023-02-01,473,7495492,332,6513235,15,592746,39,3422975,42,508104,89,3951695,2296,1242179,2923,2717,19645099,14471841,0
2023-02-02,463,7495955,341,6513576,13,592759,34,3423009,34,508138,78,3951773,2136,1244315,2751,2633.86,19647850,14472388,0
2023-02-03,534,7496489,390,6513966,12,592771,25,3423034,31,508169,63,3951836,2347,1246662,3026,2560,19650876,14473011,0
2023-02-04,238,7496727,153,6514119,8,592779,13,3423047,14,508183,28,3951864,1141,1247803,1394,2491,19652270,14473237,0
2023-02-05,203,7496930,96,6514215,0,592779,2,3423049,14,508197,18,3951882,856,1248659,973,2468.71,19653243,14473338,0
2023-02-06,582,7497512,309,6514524,9,592788,27,3423076,27,508224,63,3951945,2245,1250904,2809,2415.29,19656052,14473848,0
2023-02-07,467,7497979,361,6514885,4,592792,26,3423102,31,508255,64,3952009,2294,1253198,2872,2392.57,19658924,14474369,0
2023-02-08,445,7498424,319,6515204,3,592795,27,3423129,29,508284,61,3952070,2287,1255485,2834,2379.86,19661758,14474860,0
2023-02-09,459,7498883,343,6515547,3,592798,34,3423163,36,508320,80,3952150,2030,1257515,2644,2364.57,19664402,14475404,0
2023-02-10,487,7499370,388,6515935,2,592800,29,3423192,32,508352,85,3952235,2236,1259751,2914,2348.57,19667316,14476021,0
2023-02-11,290,7499660,194,6516129,7,592807,21,3423213,23,508375,47,3952282,1320,1261071,1634,2382.86,19668950,14476291,0
2023-02-12,175,7499835,80,6516209,0,592807,5,3423218,0,508375,9,3952291,704,1261775,809,2359.43,19669759,14476391,0
2023-02-13,435,7500270,291,6516500,4,592811,18,3423236,24,508399,48,3952339,1737,1263512,2284,2284.43,19672043,14476896,0
2023-02-14,399,7500669,261,6516761,6,592817,22,3423258,20,508419,47,3952386,1647,1265159,2162,2183,19674205,14477369,0
2023-02-15,396,7501065,280,6517041,9,592826,24,3423282,27,508446,64,3952450,1717,1266876,2221,2095.43,19676426,14477822,0
2023-02-16,348,7501413,234,6517275,4,592830,26,3423308,17,508463,49,3952499,1592,1268468,2048,2010.29,19678474,14478235,0
2023-02-17,385,7501798,305,6517580,3,592833,24,3423332,31,508494,62,3952561,1659,1270127,2212,1910,19680686,14478733,120000
2023-02-18,186,7501984,112,6517692,5,592838,16,3423348,3,508497,22,3952583,970,1271097,1149,1840.71,19681835,14478893,120000
2023-02-19,119,7502103,55,6517747,2,592840,6,3423354,6,508503,16,3952599,523,1271620,597,1810.43,19682432,14478955,120000
2023-02-20,296,7502399,149,6517896,2,592842,8,3423362,16,508519,27,3952626,1111,1272731,1355,1677.71,19683787,14479175,120000
2023-02-21,356,7502755,276,6518172,4,592846,22,3423384,32,508551,59,3952685,1461,1274192,1973,1650.71,19685760,14479633,120000
2023-02-22,351,7503106,253,6518425,5,592851,38,3423422,26,508577,68,3952753,1524,1275716,1999,1619,19687759,14480044,120000
2023-02-23,119,7503225,92,6518517,0,592851,11,3423433,14,508591,36,3952789,562,1276278,781,1438,19688540,14480238,120000
