"DATE","ADMIN_DOSE1_DAILY","ADMIN_DOSE1_CUMULATIVE","ADMIN_DOSE2_DAILY","ADMIN_DOSE2_CUMULATIVE","ADMIN_SINGLE_DAILY","ADMIN_SINGLE_CUMULATIVE","ADMIN_ADDITIONAL1_DAILY","ADMIN_ADDITIONAL1_CUMULATIVE","ADMIN_ADDITIONAL2_DAILY","ADMIN_ADDITIONAL2_CUMULATIVE","ADMIN_ADDITIONAL_DAILY","ADMIN_ADDITIONAL_CUMULATIVE","ADMIN_ALLDOSES_DAILY","ADMIN_ALLDOSES_7DAYAVG","ADMIN_ALLDOSES_CUMULATIVE","INCOMPLETE"
"2020-12-14",79,79,0,0,0,0,0,0,0,0,0,0,79,,79,0
"2020-12-15",2051,2130,6,6,4,4,0,0,0,0,0,0,2061,,2140,0
"2020-12-16",4605,6735,13,19,1,5,1,1,0,0,1,1,4620,,6760,0
"2020-12-17",4657,11392,17,36,0,5,1,2,0,0,1,2,4675,,11435,0
"2020-12-18",5833,17225,18,54,2,7,2,4,0,0,2,4,5855,,17290,0
"2020-12-19",1689,18914,7,61,3,10,0,4,0,0,0,4,1699,,18989,0
"2020-12-20",1116,20030,2,63,1,11,0,4,0,0,0,4,1119,2872.57,20108,0
"2020-12-21",6340,26370,19,82,0,11,5,9,0,0,5,9,6364,3770.43,26472,0
"2020-12-22",9794,36164,27,109,2,13,1,10,0,0,1,10,9824,4879.43,36296,0
"2020-12-23",14277,50441,34,143,3,16,1,11,0,0,1,11,14315,6264.43,50611,0
"2020-12-24",7200,57641,24,167,1,17,0,11,0,0,0,11,7225,6628.71,57836,0
"2020-12-25",180,57821,0,167,0,17,1,12,0,0,1,12,181,5818.14,58017,0
"2020-12-26",4387,62208,44,211,0,17,1,13,0,0,1,13,4432,6208.57,62449,0
"2020-12-27",3869,66077,14,225,0,17,1,14,0,0,1,14,3884,6603.57,66333,0
"2020-12-28",10994,77071,49,274,1,18,2,16,0,0,2,16,11046,7272.43,77379,0
"2020-12-29",10718,87789,34,308,2,20,2,18,0,0,2,18,10756,7405.57,88135,0
"2020-12-30",12825,100614,45,353,0,20,0,18,0,0,0,18,12870,7199.14,101005,0
"2020-12-31",7261,107875,33,386,1,21,0,18,0,0,0,18,7295,7209.14,108300,0
"2021-01-01",181,108056,2,388,1,22,3,21,0,0,3,21,187,7210,108487,0
"2021-01-02",3809,111865,10,398,2,24,2,23,0,0,2,23,3823,7123,112310,0
"2021-01-03",3541,115406,24,422,2,26,1,24,0,0,1,24,3568,7077.86,115878,0
"2021-01-04",12255,127661,806,1228,2,28,6,30,0,0,6,30,13069,7366.86,128947,0
"2021-01-05",14084,141745,2192,3420,2,30,12,42,1,1,13,43,16291,8157.57,145238,0
"2021-01-06",17801,159546,3927,7347,1,31,29,71,6,7,35,78,21764,9428.14,167002,0
"2021-01-07",16552,176098,5171,12518,4,35,44,115,3,10,47,125,21774,11496.57,188776,0
"2021-01-08",16620,192718,5455,17973,0,35,33,148,4,14,37,162,22112,14628.71,210888,0
"2021-01-09",7652,200370,1462,19435,1,36,7,155,2,16,9,171,9124,15386,220012,0
"2021-01-10",7881,208251,983,20418,0,36,10,165,0,16,10,181,8874,16144,228886,0
"2021-01-11",25826,234077,7454,27872,2,38,48,213,8,24,56,237,33338,19039.57,262224,0
"2021-01-12",28263,262340,7857,35729,1,39,45,258,2,26,47,284,36168,21879.14,298392,0
"2021-01-13",31724,294064,9388,45117,1,40,55,313,4,30,59,343,41172,24651.71,339564,0
"2021-01-14",35813,329877,5320,50437,1,41,28,341,7,37,35,378,41169,27422.43,380733,0
"2021-01-15",29266,359143,3704,54141,2,43,32,373,5,42,37,415,33009,28979.14,413742,0
"2021-01-16",30290,389433,2380,56521,0,43,25,398,5,47,30,445,32700,32347.14,446442,0
"2021-01-17",23750,413183,1625,58146,0,43,18,416,1,48,19,464,25394,34707.14,471836,0
"2021-01-18",27107,440290,2411,60557,1,44,34,450,7,55,41,505,29560,34167.43,501396,0
"2021-01-19",34296,474586,9626,70183,1,45,70,520,5,60,75,580,43998,35286,545394,0
"2021-01-20",34870,509456,9492,79675,1,46,59,579,5,65,64,644,44427,35751,589821,0
"2021-01-21",25591,535047,8094,87769,2,48,49,628,5,70,54,698,33741,34689.86,623562,0
"2021-01-22",24754,559801,4381,92150,1,49,32,660,7,77,39,737,29175,34142.14,652737,0
"2021-01-23",15744,575545,3223,95373,0,49,9,669,2,79,11,748,18978,32181.86,671715,0
"2021-01-24",7176,582721,3453,98826,0,49,19,688,1,80,20,768,10649,30075.43,682364,0
"2021-01-25",13412,596133,11819,110645,0,49,67,755,11,91,78,846,25309,29468.14,707673,0
"2021-01-26",16766,612899,10752,121397,0,49,67,822,2,93,69,915,27587,27123.71,735260,0
"2021-01-27",20836,633735,12355,133752,0,49,51,873,8,101,59,974,33250,25527,768510,0
"2021-01-28",30762,664497,12848,146600,0,49,82,955,16,117,98,1072,43708,26950.86,812218,0
"2021-01-29",31695,696192,11503,158103,0,49,78,1033,10,127,88,1160,43286,28966.71,855504,0
"2021-01-30",18709,714901,3741,161844,0,49,20,1053,2,129,22,1182,22472,29465.86,877976,0
"2021-01-31",13022,727923,2920,164764,1,50,28,1081,4,133,32,1214,15975,30226.71,893951,0
"2021-02-01",1180,729103,5369,170133,4,54,35,1116,4,137,39,1253,6592,27552.86,900543,0
"2021-02-02",2827,731930,9476,179609,2,56,46,1162,4,141,50,1303,12355,25376.86,912898,0
"2021-02-03",16349,748279,21245,200854,4,60,201,1363,19,160,220,1523,37818,26029.43,950716,0
"2021-02-04",27048,775327,19650,220504,3,63,198,1561,11,171,209,1732,46910,26486.86,997626,0
"2021-02-05",27600,802927,20034,240538,0,63,181,1742,15,186,196,1928,47830,27136,1045456,0
"2021-02-06",22991,825918,11247,251785,0,63,110,1852,11,197,121,2049,34359,28834.14,1079815,0
"2021-02-07",12043,837961,8282,260067,1,64,91,1943,13,210,104,2153,20430,29470.57,1100245,0
"2021-02-08",16966,854927,23516,283583,2,66,231,2174,33,243,264,2417,40748,34350,1140993,0
"2021-02-09",17192,872119,28110,311693,2,68,333,2507,41,284,374,2791,45678,39110.43,1186671,0
"2021-02-10",19592,891711,29310,341003,2,70,259,2766,50,334,309,3100,49213,40738.29,1235884,0
"2021-02-11",27847,919558,33471,374474,2,72,340,3106,57,391,397,3497,61717,42853.57,1297601,0
"2021-02-12",38395,957953,30795,405269,3,75,355,3461,38,429,393,3890,69586,45961.57,1367187,0
"2021-02-13",28009,985962,25308,430577,2,77,311,3772,50,479,361,4251,53680,48721.71,1420867,0
"2021-02-14",16282,1002244,23732,454309,0,77,259,4031,31,510,290,4541,40304,51560.86,1461171,0
"2021-02-15",12795,1015039,10527,464836,2,79,169,4200,24,534,193,4734,23517,49099.29,1484688,0
"2021-02-16",14241,1029280,26734,491570,0,79,319,4519,35,569,354,5088,41329,48478,1526017,0
"2021-02-17",16394,1045674,22192,513762,1,80,282,4801,38,607,320,5408,38907,47005.71,1564924,0
"2021-02-18",12153,1057827,24993,538755,21,101,286,5087,43,650,329,5737,37496,43545.57,1602420,0
"2021-02-19",13264,1071091,23934,562689,39,140,303,5390,43,693,346,6083,37583,38973.71,1640003,0
"2021-02-20",11352,1082443,26076,588765,6,146,324,5714,78,771,402,6485,37836,36710.29,1677839,0
"2021-02-21",6362,1088805,17422,606187,15,161,284,5998,42,813,326,6811,24125,34399,1701964,0
"2021-02-22",13043,1101848,11847,618034,3,164,125,6123,19,832,144,6955,25037,34616.14,1727001,0
"2021-02-23",25244,1127092,14147,632181,1,165,159,6282,34,866,193,7148,39585,34367,1766586,0
"2021-02-24",36364,1163456,20392,652573,0,165,224,6506,37,903,261,7409,57017,36954.14,1823603,0
"2021-02-25",54616,1218072,30391,682964,6,171,396,6902,64,967,460,7869,85473,43808,1909076,0
"2021-02-26",62874,1280946,31869,714833,4,175,407,7309,78,1045,485,8354,95232,52043.57,2004308,0
"2021-02-27",51295,1332241,22753,737586,47,222,332,7641,51,1096,383,8737,74478,57278.14,2078786,0
"2021-02-28",44596,1376837,13822,751408,7,229,205,7846,33,1129,238,8975,58663,62212.14,2137449,0
"2021-03-01",39320,1416157,12779,764187,10,239,165,8011,25,1154,190,9165,52299,66106.71,2189748,0
"2021-03-02",47082,1463239,12578,776765,7,246,159,8170,14,1168,173,9338,59840,69000.29,2249588,0
"2021-03-03",48606,1511845,16158,792923,17,263,145,8315,21,1189,166,9504,64947,70133.14,2314535,0
"2021-03-04",59819,1571664,22820,815743,1092,1355,273,8588,34,1223,307,9811,84038,69928.14,2398573,0
"2021-03-05",60991,1632655,24281,840024,3109,4464,329,8917,34,1257,363,10174,88744,69001.29,2487317,0
"2021-03-06",47180,1679835,18883,858907,5451,9915,237,9154,34,1291,271,10445,71785,68616.57,2559102,0
"2021-03-07",36046,1715881,14878,873785,6245,16160,229,9383,20,1311,249,10694,57418,68438.71,2616520,0
"2021-03-08",39628,1755509,14677,888462,8564,24724,313,9696,91,1402,404,11098,63273,70006.43,2679793,0
"2021-03-09",39108,1794617,12852,901314,7764,32488,177,9873,33,1435,210,11308,59934,70019.86,2739727,0
"2021-03-10",51833,1846450,15340,916654,5067,37555,228,10101,31,1466,259,11567,72499,71098.71,2812226,0
"2021-03-11",59992,1906442,21811,938465,4619,42174,251,10352,49,1515,300,11867,86722,71482.14,2898948,0
"2021-03-12",52206,1958648,30311,968776,4183,46357,370,10722,81,1596,451,12318,87151,71254.57,2986099,0
"2021-03-13",40653,1999301,26684,995460,5109,51466,324,11046,51,1647,375,12693,72821,71402.57,3058920,0
"2021-03-14",30717,2030018,15968,1011428,4527,55993,238,11284,28,1675,266,12959,51478,70554,3110398,0
"2021-03-15",33591,2063609,17253,1028681,4717,60710,233,11517,33,1708,266,13225,55827,69490.29,3166225,0
"2021-03-16",38679,2102288,20502,1049183,4925,65635,257,11774,35,1743,292,13517,64398,70128,3230623,0
"2021-03-17",42619,2144907,24792,1073975,4247,69882,337,12111,37,1780,374,13891,72032,70061.29,3302655,0
"2021-03-18",50454,2195361,26801,1100776,5238,75120,365,12476,61,1841,426,14317,82919,69518,3385574,0
"2021-03-19",47795,2243156,29957,1130733,5624,80744,390,12866,69,1910,459,14776,83835,69044.29,3469409,0
"2021-03-20",38713,2281869,25832,1156565,4687,85431,297,13163,60,1970,357,15133,69589,68582.57,3538998,0
"2021-03-21",29301,2311170,19360,1175925,770,86201,220,13383,42,2012,262,15395,49693,68327.57,3588691,0
"2021-03-22",33871,2345041,26733,1202658,4037,90238,260,13643,37,2049,297,15692,64938,69629.14,3653629,0
"2021-03-23",38436,2383477,32839,1235497,4219,94457,292,13935,56,2105,348,16040,75842,71264,3729471,0
"2021-03-24",41497,2424974,37600,1273097,4848,99305,329,14264,62,2167,391,16431,84336,73021.71,3813807,0
"2021-03-25",43416,2468390,50785,1323882,5054,104359,470,14734,85,2252,555,16986,99810,75434.71,3913617,0
"2021-03-26",38508,2506898,55510,1379392,4310,108669,522,15256,96,2348,618,17604,98946,77593.43,4012563,0
"2021-03-27",35739,2542637,45751,1425143,2938,111607,413,15669,82,2430,495,18099,84923,79784,4097486,0
"2021-03-28",26391,2569028,34458,1459601,1482,113089,329,15998,63,2493,392,18491,62723,81645.43,4160209,0
"2021-03-29",34820,2603848,38864,1498465,3247,116336,340,16338,111,2604,451,18942,77382,83423.14,4237591,0
"2021-03-30",40514,2644362,41923,1540388,3714,120050,335,16673,66,2670,401,19343,86552,84953.14,4324143,0
"2021-03-31",49398,2693760,44863,1585251,7442,127492,396,17069,86,2756,482,19825,102185,87503,4426328,0
"2021-04-01",50785,2744545,53947,1639198,11275,138767,500,17569,81,2837,581,20406,116588,89899.86,4542916,0
"2021-04-02",43762,2788307,53885,1693083,11971,150738,545,18114,69,2906,614,21020,110232,91512.14,4653148,0
"2021-04-03",39256,2827563,39215,1732298,9859,160597,333,18447,57,2963,390,21410,88720,92054.57,4741868,0
"2021-04-04",26561,2854124,24779,1757077,3902,164499,223,18670,49,3012,272,21682,55514,91024.71,4797382,0
"2021-04-05",41891,2896015,34485,1791562,11194,175693,370,19040,60,3072,430,22112,88000,92541.57,4885382,0
"2021-04-06",53271,2949286,35618,1827180,13221,188914,426,19466,71,3143,497,22609,102607,94835.14,4987989,0
"2021-04-07",55515,3004801,40695,1867875,14390,203304,393,19859,77,3220,470,23079,111070,96104.43,5099059,0
"2021-04-08",59268,3064069,46586,1914461,16340,219644,514,20373,80,3300,594,23673,122788,96990.14,5221847,0
"2021-04-09",56648,3120717,44963,1959424,17551,237195,512,20885,77,3377,589,24262,119751,98350,5341598,0
"2021-04-10",49352,3170069,35642,1995066,12728,249923,387,21272,60,3437,447,24709,98169,99699.86,5439767,0
"2021-04-11",38186,3208255,28820,2023886,7683,257606,291,21563,56,3493,347,25056,75036,102488.71,5514803,0
"2021-04-12",46642,3254897,31850,2055736,13497,271103,463,22026,63,3556,526,25582,92515,103133.71,5607318,0
"2021-04-13",52544,3307441,33795,2089531,368,271471,392,22418,59,3615,451,26033,87158,100926.71,5694476,0
"2021-04-14",50150,3357591,39957,2129488,20,271491,366,22784,69,3684,435,26468,90562,97997,5785038,0
"2021-04-15",52129,3409720,43678,2173166,16,271507,452,23236,102,3786,554,27022,96377,94224,5881415,0
"2021-04-16",51188,3460908,42217,2215383,32,271539,420,23656,65,3851,485,27507,93922,90534.14,5975337,0
"2021-04-17",43843,3504751,35691,2251074,3,271542,363,24019,83,3934,446,27953,79983,87936.14,6055320,0
"2021-04-18",28609,3533360,29373,2280447,7,271549,249,24268,61,3995,310,28263,58299,85545.14,6113619,0
"2021-04-19",37474,3570834,36450,2316897,22,271571,322,24590,61,4056,383,28646,74329,82947.14,6187948,0
"2021-04-20",40811,3611645,39625,2356522,19,271590,314,24904,75,4131,389,29035,80844,82045.14,6268792,0
"2021-04-21",38907,3650552,46012,2402534,16,271606,491,25395,96,4227,587,29622,85522,81325.14,6354314,0
"2021-04-22",38499,3689051,48962,2451496,9,271615,336,25731,73,4300,409,30031,87879,80111.14,6442193,0
"2021-04-23",39702,3728753,44384,2495880,4,271619,343,26074,69,4369,412,30443,84502,78765.43,6526695,0
"2021-04-24",31952,3760705,41605,2537485,44,271663,274,26348,58,4427,332,30775,73933,77901.14,6600628,0
"2021-04-25",18423,3779128,31231,2568716,86,271749,191,26539,55,4482,246,31021,49986,76713.57,6650614,0
"2021-04-26",26973,3806101,40739,2609455,1013,272762,281,26820,82,4564,363,31384,69088,75964.86,6719702,0
"2021-04-27",28576,3834677,47142,2656597,1697,274459,348,27168,92,4656,440,31824,77855,75537.86,6797557,0
"2021-04-28",27044,3861721,56838,2713435,2148,276607,427,27595,98,4754,525,32349,86555,75685.43,6884112,0
"2021-04-29",28612,3890333,57203,2770638,2148,278755,363,27958,98,4852,461,32810,88424,75763.29,6972536,0
"2021-04-30",30126,3920459,51987,2822625,2056,280811,280,28238,72,4924,352,33162,84521,75766,7057057,0
"2021-05-01",22481,3942940,44546,2867171,1177,281988,226,28464,63,4987,289,33451,68493,74988.86,7125550,0
"2021-05-02",11926,3954866,36657,2903828,1080,283068,137,28601,55,5042,192,33643,49855,74970.14,7175405,0
"2021-05-03",18030,3972896,53026,2956854,2383,285451,255,28856,89,5131,344,33987,73783,75640.86,7249188,0
"2021-05-04",22739,3995635,56647,3013501,2330,287781,265,29121,113,5244,378,34365,82094,76246.43,7331282,0
"2021-05-05",21480,4017115,48797,3062298,2313,290094,311,29432,98,5342,409,34774,72999,74309.86,7404281,0
"2021-05-06",20684,4037799,50178,3112476,2507,292601,270,29702,83,5425,353,35127,73722,72209.57,7478003,0
"2021-05-07",21258,4059057,52099,3164575,2813,295414,305,30007,70,5495,375,35502,76545,71070.14,7554548,0
"2021-05-08",16634,4075691,41869,3206444,1835,297249,226,30233,68,5563,294,35796,60632,69947.14,7615180,0
"2021-05-09",7977,4083668,29411,3235855,1260,298509,149,30382,56,5619,205,36001,38853,68375.43,7654033,0
"2021-05-10",14389,4098057,38541,3274396,2355,300864,231,30613,87,5706,318,36319,55603,65778.29,7709636,0
"2021-05-11",19916,4117973,43058,3317454,2514,303378,280,30893,83,5789,363,36682,65851,63457.86,7775487,0
"2021-05-12",17810,4135783,40539,3357993,3596,306974,229,31122,75,5864,304,36986,62249,61922.14,7837736,0
"2021-05-13",24975,4160758,40432,3398425,3230,310204,260,31382,74,5938,334,37320,68971,61243.43,7906707,0
"2021-05-14",27035,4187793,42915,3441340,3537,313741,280,31662,93,6031,373,37693,73860,60859.86,7980567,0
"2021-05-15",23649,4211442,34916,3476256,3366,317107,249,31911,74,6105,323,38016,62254,61091.57,8042821,0
"2021-05-16",15529,4226971,19445,3495701,2497,319604,125,32036,45,6150,170,38186,37641,60918.43,8080462,0
"2021-05-17",22674,4249645,29140,3524841,3257,322861,177,32213,67,6217,244,38430,55315,60877.29,8135777,0
"2021-05-18",24635,4274280,31910,3556751,3404,326265,236,32449,70,6287,306,38736,60255,60077.86,8196032,0
"2021-05-19",24197,4298477,29717,3586468,3039,329304,221,32670,46,6333,267,39003,57220,59359.43,8253252,0
"2021-05-20",24154,4322631,30086,3616554,3162,332466,271,32941,99,6432,370,39373,57772,57759.57,8311024,0
"2021-05-21",24686,4347317,32003,3648557,3060,335526,252,33193,60,6492,312,39685,60061,55788.29,8371085,0
"2021-05-22",20023,4367340,24358,3672915,2525,338051,162,33355,48,6540,210,39895,47116,53625.71,8418201,0
"2021-05-23",11236,4378576,13732,3686647,1411,339462,93,33448,32,6572,125,40020,26504,52034.71,8444705,0
"2021-05-24",18879,4397455,23156,3709803,2756,342218,214,33662,53,6625,267,40287,45058,50569.43,8489763,0
"2021-05-25",19433,4416888,23378,3733181,2601,344819,177,33839,70,6695,247,40534,45659,48484.29,8535422,0
"2021-05-26",18786,4435674,21089,3754270,2696,347515,199,34038,52,6747,251,40785,42822,46427.43,8578244,0
"2021-05-27",18472,4454146,21274,3775544,2529,350044,189,34227,63,6810,252,41037,42527,44249.57,8620771,0
"2021-05-28",17864,4472010,22888,3798432,2751,352795,186,34413,53,6863,239,41276,43742,41918.29,8664513,0
"2021-05-29",12710,4484720,17808,3816240,1755,354550,106,34519,39,6902,145,41421,32418,39818.57,8696931,0
"2021-05-30",7032,4491752,8949,3825189,1074,355624,47,34566,17,6919,64,41485,17119,38477.86,8714050,0
"2021-05-31",4743,4496495,6925,3832114,1012,356636,64,34630,16,6935,80,41565,12760,33863.86,8726810,0
"2021-06-01",16046,4512541,25197,3857311,2176,358812,151,34781,40,6975,191,41756,43610,33571.14,8770420,0
"2021-06-02",15351,4527892,20390,3877701,2094,360906,139,34920,46,7021,185,41941,38020,32885.14,8808440,0
"2021-06-03",15008,4542900,23819,3901520,2280,363186,128,35048,44,7065,172,42113,41279,32706.86,8849719,0
"2021-06-04",14731,4557631,25994,3927514,2492,365678,141,35189,39,7104,180,42293,43397,32657.57,8893116,0
"2021-06-05",10991,4568622,22085,3949599,1806,367484,113,35302,30,7134,143,42436,35025,33030,8928141,0
"2021-06-06",6444,4575066,14470,3964069,1222,368706,86,35388,13,7147,99,42535,22235,33760.86,8950376,0
"2021-06-07",11710,4586776,21788,3985857,2379,371085,139,35527,36,7183,175,42710,36052,37088.29,8986428,0
"2021-06-08",12643,4599419,24022,4009879,2072,373157,120,35647,44,7227,164,42874,38901,36415.57,9025329,0
"2021-06-09",11139,4610558,23029,4032908,2298,375455,133,35780,39,7266,172,43046,36638,36218.14,9061967,0
"2021-06-10",12070,4622628,22233,4055141,2462,377917,141,35921,56,7322,197,43243,36962,35601.43,9098929,0
"2021-06-11",12708,4635336,25122,4080263,2484,380401,153,36074,59,7381,212,43455,40526,35191.29,9139455,0
"2021-06-12",10167,4645503,19306,4099569,1888,382289,94,36168,40,7421,134,43589,31495,34687,9170950,0
"2021-06-13",4257,4649760,10936,4110505,1219,383508,42,36210,21,7442,63,43652,16475,33864.14,9187425,0
"2021-06-14",10209,4659969,19245,4129750,2042,385550,125,36335,51,7493,176,43828,31672,33238.43,9219097,0
"2021-06-15",11886,4671855,21011,4150761,1943,387493,131,36466,41,7534,172,44000,35012,32682.86,9254109,0
"2021-06-16",11589,4683444,19411,4170172,1956,389449,138,36604,66,7600,204,44204,33160,32186,9287269,0
"2021-06-17",11025,4694469,18764,4188936,1972,391421,121,36725,34,7634,155,44359,31916,31465.14,9319185,0
"2021-06-18",12167,4706636,18500,4207436,2116,393537,112,36837,35,7669,147,44506,32930,30380,9352115,0
"2021-06-19",8499,4715135,13520,4220956,1459,394996,82,36919,20,7689,102,44608,23580,29249.29,9375695,0
"2021-06-20",4335,4719470,7159,4228115,924,395920,36,36955,17,7706,53,44661,12471,28677.29,9388166,0
"2021-06-21",10163,4729633,10008,4238123,1806,397726,68,37023,28,7734,96,44757,22073,27306,9410239,0
"2021-06-22",9836,4739469,15641,4253764,1589,399315,105,37128,27,7761,132,44889,27198,26189.71,9437437,0
"2021-06-23",10314,4749783,15187,4268951,1860,401175,101,37229,29,7790,130,45019,27491,25379.86,9464928,0
"2021-06-24",9690,4759473,14697,4283648,1799,402974,118,37347,26,7816,144,45163,26330,24581.86,9491258,0
"2021-06-25",10592,4770065,14385,4298033,1719,404693,110,37457,37,7853,147,45310,26843,23712.29,9518101,0
"2021-06-26",7804,4777869,10465,4308498,1247,405940,74,37531,23,7876,97,45407,19613,23145.57,9537714,0
"2021-06-27",5001,4782870,6001,4314499,795,406735,33,37564,14,7890,47,45454,11844,23056,9549558,0
"2021-06-28",9032,4791902,10345,4324844,1524,408259,107,37671,26,7916,133,45587,21034,22907.57,9570592,0
"2021-06-29",9749,4801651,12316,4337160,1347,409606,123,37794,28,7944,151,45738,23563,22388.29,9594155,0
"2021-06-30",9431,4811082,10926,4348086,1481,411087,147,37941,16,7960,163,45901,22001,21604,9616156,0
"2021-07-01",9398,4820480,10929,4359015,1431,412518,125,38066,24,7984,149,46050,21907,20972.14,9638063,0
"2021-07-02",9694,4830174,11448,4370463,1541,414059,120,38186,23,8007,143,46193,22826,20398.29,9660889,0
"2021-07-03",7057,4837231,8424,4378887,1193,415252,75,38261,16,8023,91,46284,16765,19991.43,9677654,0
"2021-07-04",1288,4838519,1336,4380223,567,415819,8,38269,3,8026,11,46295,3202,18756.86,9680856,0
"2021-07-05",6495,4845014,7105,4387328,1208,417027,64,38333,20,8046,84,46379,14892,17879.43,9695748,0
"2021-07-06",9512,4854526,12851,4400179,1316,418343,116,38449,35,8081,151,46530,23830,17917.57,9719578,0
"2021-07-07",8671,4863197,11107,4411286,1419,419762,121,38570,18,8099,139,46669,21336,17822.57,9740914,0
"2021-07-08",8208,4871405,10191,4421477,1260,421022,108,38678,21,8120,129,46798,19788,17519.86,9760702,0
"2021-07-09",8375,4879780,10831,4432308,1279,422301,90,38768,17,8137,107,46905,20592,17200.71,9781294,0
"2021-07-10",7106,4886886,8629,4440937,1132,423433,62,38830,20,8157,82,46987,16949,17227,9798243,0
"2021-07-11",4105,4890991,4539,4445476,703,424136,34,38864,6,8163,40,47027,9387,18110.57,9807630,0
"2021-07-12",8454,4899445,9555,4455031,1250,425386,81,38945,21,8184,102,47129,19361,18749,9826991,0
"2021-07-13",9463,4908908,9389,4464420,951,426337,105,39050,33,8217,138,47267,19941,18193.43,9846932,0
"2021-07-14",9000,4917908,9533,4473953,1009,427346,103,39153,19,8236,122,47389,19664,17954.57,9866596,0
"2021-07-15",8791,4926699,9154,4483107,1051,428397,81,39234,17,8253,98,47487,19094,17855.43,9885690,0
"2021-07-16",9243,4935942,9760,4492867,978,429375,102,39336,31,8284,133,47620,20114,17787.14,9905804,0
"2021-07-17",6845,4942787,7385,4500252,802,430177,79,39415,19,8303,98,47718,15130,17527.29,9920934,0
"2021-07-18",4257,4947044,4284,4504536,569,430746,35,39450,14,8317,49,47767,9159,17494.71,9930093,0
"2021-07-19",9125,4956169,8467,4513003,999,431745,91,39541,20,8337,111,47878,18702,17400.57,9948795,0
"2021-07-20",10651,4966820,8758,4521761,991,432736,92,39633,24,8361,116,47994,20516,17482.71,9969311,0
"2021-07-21",10053,4976873,8762,4530523,903,433639,146,39779,30,8391,176,48170,19894,17515.57,9989205,0
"2021-07-22",10686,4987559,8585,4539108,1046,434685,142,39921,25,8416,167,48337,20484,17714.14,10009689,0
"2021-07-23",11254,4998813,8880,4547988,1114,435799,137,40058,22,8438,159,48496,21407,17898.86,10031096,0
"2021-07-24",7405,5006218,6735,4554723,670,436469,81,40139,22,8460,103,48599,14913,17867.86,10046009,0
"2021-07-25",5477,5011695,2126,4556849,509,436978,59,40198,4,8464,63,48662,8175,17727.29,10054184,0
"2021-07-26",10874,5022569,6999,4563848,859,437837,109,40307,16,8480,125,48787,18857,17749.43,10073041,0
"2021-07-27",12057,5034626,8567,4572415,857,438694,132,40439,34,8514,166,48953,21647,17911,10094688,0
"2021-07-28",11994,5046620,8048,4580463,950,439644,131,40570,24,8538,155,49108,21147,18090,10115835,0
"2021-07-29",10937,5057557,7428,4587891,984,440628,132,40702,40,8578,172,49280,19521,17952.43,10135356,0
"2021-07-30",14955,5072512,8010,4595901,1150,441778,181,40883,28,8606,209,49489,24324,18369.14,10159680,0
"2021-07-31",9731,5082243,6311,4602212,816,442594,119,41002,20,8626,139,49628,16997,18666.86,10176677,0
"2021-08-01",6503,5088746,3308,4605520,564,443158,81,41083,19,8645,100,49728,10475,18995.43,10187152,0
"2021-08-02",13452,5102198,7153,4612673,847,444005,144,41227,18,8663,162,49890,21614,19389.29,10208766,0
"2021-08-03",15415,5117613,8382,4621055,1109,445114,144,41371,32,8695,176,50066,25082,19880,10233848,0
"2021-08-04",17262,5134875,8124,4629179,1454,446568,180,41551,30,8725,210,50276,27050,20723.29,10260898,0
"2021-08-05",17865,5152740,7927,4637106,1366,447934,161,41712,17,8742,178,50454,27336,21839.71,10288234,0
"2021-08-06",18179,5170919,8413,4645519,1233,449167,162,41874,30,8772,192,50646,28017,22367.29,10316251,0
"2021-08-07",13387,5184306,6015,4651534,799,449966,100,41974,27,8799,127,50773,20328,22843.14,10336579,0
"2021-08-08",9309,5193615,3836,4655370,399,450365,82,42056,8,8807,90,50863,13634,23294.43,10350213,0
"2021-08-09",21341,5214956,8525,4663895,964,451329,168,42224,33,8840,201,51064,31031,24639.71,10381244,0
"2021-08-10",18921,5233877,9331,4673226,947,452276,174,42398,32,8872,206,51270,29405,25257.29,10410649,0
"2021-08-11",15649,5249526,8307,4681533,853,453129,128,42526,39,8911,167,51437,24976,24961,10435625,0
"2021-08-12",15047,5264573,8977,4690510,940,454069,169,42695,32,8943,201,51638,25165,24650.86,10460790,0
"2021-08-13",14926,5279499,9291,4699801,921,454990,238,42933,35,8978,273,51911,25411,24278.57,10486201,0
"2021-08-14",10409,5289908,6406,4706207,625,455615,529,43462,39,9017,568,52479,18008,23947.14,10504209,0
"2021-08-15",6695,5296603,4476,4710683,676,456291,567,44029,30,9047,597,53076,12444,23777.14,10516653,0
"2021-08-16",15725,5312328,9296,4719979,1149,457440,1318,45347,62,9109,1380,54456,27550,23279.86,10544203,0
"2021-08-17",17777,5330105,10436,4730415,1223,458663,1764,47111,77,9186,1841,56297,31277,23547.29,10575480,0
"2021-08-18",17509,5347614,10360,4740775,1261,459924,1985,49096,90,9276,2075,58372,31205,24437.14,10606685,0
"2021-08-19",16305,5363919,9516,4750291,1315,461239,1948,51044,63,9339,2011,60383,29147,25006,10635832,0
"2021-08-20",16286,5380205,11537,4761828,1254,462493,1851,52895,81,9420,1932,62315,31009,25805.71,10666841,0
"2021-08-21",11151,5391356,8042,4769870,878,463371,1053,53948,52,9472,1105,63420,21176,26258.29,10688017,0
"2021-08-22",4081,5395437,3901,4773771,262,463633,514,54462,31,9503,545,63965,8789,25736.14,10696806,0
"2021-08-23",15577,5411014,11795,4785566,1023,464656,1546,56008,72,9575,1618,65583,30013,26088,10726819,0
"2021-08-24",16917,5427931,12595,4798161,1006,465662,1772,57780,72,9647,1844,67427,32362,26243,10759181,0
"2021-08-25",14589,5442520,12441,4810602,1110,466772,1563,59343,75,9722,1638,69065,29778,26039.14,10788959,0
"2021-08-26",16170,5458690,14082,4824684,1072,467844,1766,61109,66,9788,1832,70897,33156,26611.86,10822115,0
"2021-08-27",14885,5473575,14821,4839505,971,468815,1667,62776,72,9860,1739,72636,32416,26812.86,10854531,0
"2021-08-28",10685,5484260,11521,4851026,836,469651,1009,63785,42,9902,1051,73687,24093,27229.57,10878624,0
"2021-08-29",7220,5491480,7495,4858521,541,470192,776,64561,54,9956,830,74517,16086,28272,10894710,0
"2021-08-30",15524,5507004,16925,4875446,1077,471269,1792,66353,80,10036,1872,76389,35398,29041.29,10930108,0
"2021-08-31",15523,5522527,15950,4891396,951,472220,1969,68322,84,10120,2053,78442,34477,29343.43,10964585,0
"2021-09-01",14832,5537359,14098,4905494,1020,473240,1806,70128,59,10179,1865,80307,31815,29634.43,10996400,0
"2021-09-02",14336,5551695,12519,4918013,896,474136,1700,71828,59,10238,1759,82066,29510,29113.57,11025910,0
"2021-09-03",15017,5566712,14300,4932313,974,475110,1892,73720,68,10306,1960,84026,32251,29090,11058161,0
"2021-09-04",9645,5576357,9407,4941720,688,475798,968,74688,34,10340,1002,85028,20742,28611.29,11078903,0
"2021-09-05",6802,5583159,5514,4947234,438,476236,707,75395,13,10353,720,85748,13474,28238.14,11092377,0
"2021-09-06",5196,5588355,4512,4951746,358,476594,270,75665,11,10364,281,86029,10347,24659.43,11102724,0
"2021-09-07",15572,5603927,17692,4969438,912,477506,1546,77211,85,10449,1631,87660,35807,24849.43,11138531,0
"2021-09-08",16164,5620091,14823,4984261,1072,478578,1764,78975,76,10525,1840,89500,33899,25147.14,11172430,0
"2021-09-09",16118,5636209,14748,4999009,1047,479625,1906,80881,69,10594,1975,91475,33888,25772.57,11206318,0
"2021-09-10",18370,5654579,15394,5014403,1208,480833,1966,82847,79,10673,2045,93520,37017,26453.43,11243335,0
"2021-09-11",12633,5667212,10346,5024749,958,481791,1023,83870,46,10719,1069,94589,25006,27062.57,11268341,0
"2021-09-12",8532,5675744,5050,5029799,766,482557,689,84559,28,10747,717,95306,15065,27289.86,11283406,0
"2021-09-13",16935,5692679,12946,5042745,976,483533,1648,86207,53,10800,1701,97007,32558,30462.86,11315964,0
"2021-09-14",16272,5708951,13676,5056421,886,484419,1592,87799,49,10849,1641,98648,32475,29986.86,11348439,0
"2021-09-15",15545,5724496,12875,5069296,727,485146,1566,89365,79,10928,1645,100293,30792,29543,11379231,0
"2021-09-16",15341,5739837,13905,5083201,1210,486356,1453,90818,63,10991,1516,101809,31972,29269.29,11411203,0
"2021-09-17",14434,5754271,13962,5097163,922,487278,1825,92643,54,11045,1879,103688,31197,28437.86,11442400,0
"2021-09-18",10004,5764275,10174,5107337,913,488191,1046,93689,38,11083,1084,104772,22175,28033.43,11464575,0
"2021-09-19",6178,5770453,6072,5113409,558,488749,744,94433,28,11111,772,105544,13580,27821.29,11478155,0
"2021-09-20",12679,5783132,12628,5126037,1068,489817,1918,96351,56,11167,1974,107518,28349,27220,11506504,0
"2021-09-21",12238,5795370,12767,5138804,1110,490927,2019,98370,76,11243,2095,109613,28210,26610.71,11534714,0
"2021-09-22",12824,5808194,11999,5150803,1089,492016,1683,100053,65,11308,1748,111361,27660,26163.29,11562374,0
"2021-09-23",14945,5823139,12755,5163558,1639,493655,2261,102314,73,11381,2334,113695,31673,26120.57,11594047,0
"2021-09-24",16450,5839589,13367,5176925,1633,495288,4623,106937,109,11490,4732,118427,36182,26832.71,11630229,0
"2021-09-25",10545,5850134,9021,5185946,1018,496306,3453,110390,77,11567,3530,121957,24114,27109.71,11654343,0
"2021-09-26",6304,5856438,5764,5191710,774,497080,2421,112811,54,11621,2475,124432,15317,27357.86,11669660,0
"2021-09-27",14162,5870600,8052,5199762,1155,498235,9050,121861,157,11778,9207,133639,32576,27961.71,11702236,0
"2021-09-28",11154,5881754,11774,5211536,901,499136,9897,131758,171,11949,10068,143707,33897,28774.14,11736133,0
"2021-09-29",11606,5893360,12193,5223729,1206,500342,9441,141199,158,12107,9599,153306,34604,29766.14,11770737,0
"2021-09-30",12245,5905605,12602,5236331,1338,501680,9733,150932,167,12274,9900,163206,36085,30396.43,11806822,0
"2021-10-01",12650,5918255,13429,5249760,1284,502964,10257,161189,144,12418,10401,173607,37764,30622.43,11844586,0
"2021-10-02",7738,5925993,9971,5259731,865,503829,4235,165424,76,12494,4311,177918,22885,30446.86,11867471,0
"2021-10-03",5080,5931073,6156,5265887,593,504422,2609,168033,53,12547,2662,180580,14491,30328.86,11881962,0
"2021-10-04",9914,5940987,11022,5276909,913,505335,9513,177546,138,12685,9651,190231,31500,30175.14,11913462,0
"2021-10-05",10172,5951159,11731,5288640,972,506307,9932,187478,168,12853,10100,200331,32975,30043.43,11946437,0
"2021-10-06",9924,5961083,11056,5299696,937,507244,9920,197398,149,13002,10069,210400,31986,29669.43,11978423,0
"2021-10-07",9669,5970752,12191,5311887,852,508096,10186,207584,165,13167,10351,220751,33063,29237.71,12011486,0
"2021-10-08",9467,5980219,12173,5324060,942,509038,10902,218486,155,13322,11057,231808,33639,28648.43,12045125,0
"2021-10-09",6264,5986483,8276,5332336,649,509687,4113,222599,88,13410,4201,236009,19390,28149.14,12064515,0
"2021-10-10",3546,5990029,5023,5337359,458,510145,2434,225033,40,13450,2474,238483,11501,27722,12076016,0
"2021-10-11",7628,5997657,9330,5346689,728,510873,8881,233914,153,13603,9034,247517,26720,27039.14,12102736,0
"2021-10-12",8080,6005737,11001,5357690,891,511764,10502,244416,177,13780,10679,258196,30651,26707.14,12133387,0
"2021-10-13",7164,6012901,10142,5367832,869,512633,8790,253206,174,13954,8964,267160,27139,26014.71,12160526,0
"2021-10-14",7452,6020353,11110,5378942,836,513469,10106,263312,156,14110,10262,277422,29660,25528.57,12190186,0
"2021-10-15",7734,6028087,11863,5390805,823,514292,10800,274112,160,14270,10960,288382,31380,25205.86,12221566,0
"2021-10-16",4868,6032955,7465,5398270,666,514958,3834,277946,66,14336,3900,292282,16899,24850,12238465,0
"2021-10-17",3061,6036016,4474,5402744,411,515369,2448,280394,40,14376,2488,294770,10434,24697.57,12248899,0
"2021-10-18",7058,6043074,10662,5413406,796,516165,9469,289863,163,14539,9632,304402,28148,24901.57,12277047,0
"2021-10-19",6580,6049654,8944,5422350,804,516969,9080,298943,161,14700,9241,313643,25569,24175.57,12302616,0
"2021-10-20",6542,6056196,9375,5431725,975,517944,9975,308918,166,14866,10141,323784,27033,24160.43,12329649,0
"2021-10-21",7035,6063231,9377,5441102,858,518802,10836,319754,144,15010,10980,334764,28250,23959,12357899,0
"2021-10-22",8135,6071366,10344,5451446,1027,519829,16333,336087,206,15216,16539,351303,36045,24625.43,12393944,0
"2021-10-23",5176,6076542,6457,5457903,690,520519,9118,345205,109,15325,9227,360530,21550,25289.86,12415494,0
"2021-10-24",3276,6079818,3971,5461874,770,521289,6150,351355,73,15398,6223,366753,14240,25833.57,12429734,0
"2021-10-25",8783,6088601,8742,5470616,1149,522438,19241,370596,278,15676,19519,386272,38193,27268.57,12467927,0
"2021-10-26",8211,6096812,7724,5478340,1258,523696,17277,387873,253,15929,17530,403802,34723,28576.29,12502650,0
"2021-10-27",10575,6107387,8393,5486733,1604,525300,20839,408712,300,16229,21139,424941,41711,30673.14,12544361,0
"2021-10-28",11342,6118729,8041,5494774,1793,527093,20824,429536,310,16539,21134,446075,42310,32681.71,12586671,0
"2021-10-29",11847,6130576,8241,5503015,1963,529056,22519,452055,310,16849,22829,468904,44880,33943.86,12631551,0
"2021-10-30",4634,6135210,5058,5508073,932,529988,11158,463213,159,17008,11317,480221,21941,33999.71,12653492,0
"2021-10-31",2666,6137876,2702,5510775,544,530532,6635,469848,93,17101,6728,486949,12640,33771.14,12666132,0
"2021-11-01",7151,6145027,6957,5517732,1089,531621,20366,490214,309,17410,20675,507624,35872,33439.57,12702004,0
"2021-11-02",6593,6151620,6591,5524323,1056,532677,20764,510978,260,17670,21024,528648,35264,33516.86,12737268,0
"2021-11-03",6860,6158480,6681,5531004,1026,533703,20618,531596,286,17956,20904,549552,35471,32625.43,12772739,0
"2021-11-04",9317,6167797,6280,5537284,995,534698,22340,553936,336,18292,22676,572228,39268,32190.86,12812007,0
"2021-11-05",11068,6178865,6724,5544008,1051,535749,23753,577689,332,18624,24085,596313,42928,31912,12854935,0
"2021-11-06",11135,6190000,4052,5548060,594,536343,12584,590273,159,18783,12743,609056,28524,32852.43,12883459,0
"2021-11-07",7261,6197261,2285,5550345,577,536920,7102,597375,88,18871,7190,616246,17313,33520,12900772,0
"2021-11-08",15063,6212324,5680,5556025,865,537785,19500,616875,264,19135,19764,636010,41372,34305.71,12942144,0
"2021-11-09",16160,6228484,5388,5561413,661,538446,20503,637378,258,19393,20761,656771,42970,35406.57,12985114,0
"2021-11-10",16948,6245432,5324,5566737,683,539129,22624,660002,277,19670,22901,679672,45856,36890.14,13030970,0
"2021-11-11",12586,6258018,5190,5571927,760,539889,22070,682072,277,19947,22347,702019,40883,37120.86,13071853,0
"2021-11-12",16904,6274922,5687,5577614,707,540596,23377,705449,347,20294,23724,725743,47022,37705.71,13118875,0
"2021-11-13",9951,6284873,3662,5581276,465,541061,13315,718764,172,20466,13487,739230,27565,37568.71,13146440,0
"2021-11-14",6023,6290896,2294,5583570,325,541386,7921,726685,72,20538,7993,747223,16635,37471.86,13163075,0
"2021-11-15",13244,6304140,5971,5589541,690,542076,25089,751774,336,20874,25425,772648,45330,38037.29,13208405,0
"2021-11-16",9991,6314131,5784,5595325,656,542732,30645,782419,400,21274,31045,803693,47476,38681,13255881,0
"2021-11-17",10323,6324454,6679,5602004,681,543413,31391,813810,393,21667,31784,835477,49467,39196.86,13305348,0
"2021-11-18",10745,6335199,6546,5608550,860,544273,32990,846800,424,22091,33414,868891,51565,40722.86,13356913,0
"2021-11-19",12039,6347238,6558,5615108,715,544988,36228,883028,430,22521,36658,905549,55970,42001.14,13412883,0
"2021-11-20",9344,6356582,3419,5618527,513,545501,22501,905529,244,22765,22745,928294,36021,43209.14,13448904,0
"2021-11-21",4969,6361551,1887,5620414,288,545789,13190,918719,142,22907,13332,941626,20476,43757.86,13469380,0
"2021-11-22",10463,6372014,5793,5626207,752,546541,35895,954614,419,23326,36314,977940,53322,44899.57,13522702,0
"2021-11-23",9824,6381838,4779,5630986,636,547177,33497,988111,354,23680,33851,1011791,49090,45130.14,13571792,0
"2021-11-24",8725,6390563,4754,5635740,651,547828,25899,1014010,263,23943,26162,1037953,40292,43819.43,13612084,0
"2021-11-25",449,6391012,325,5636065,80,547908,1003,1015013,8,23951,1011,1038964,1865,36719.43,13613949,0
"2021-11-26",8074,6399086,6987,5643052,531,548439,26572,1041585,278,24229,26850,1065814,42442,34786.86,13656391,0
"2021-11-27",6694,6405780,6835,5649887,370,548809,18832,1060417,207,24436,19039,1084853,32938,34346.43,13689329,0
"2021-11-28",4086,6409866,5784,5655671,282,549091,11872,1072289,112,24548,11984,1096837,22136,34583.57,13711465,0
"2021-11-29",9115,6418981,10984,5666655,687,549778,35007,1107296,405,24953,35412,1132249,56198,34994.43,13767663,0
"2021-11-30",10535,6429516,11435,5678090,513,550291,37768,1145064,465,25418,38233,1170482,60716,36655.29,13828379,0
"2021-12-01",11206,6440722,10984,5689074,723,551014,40318,1185382,416,25834,40734,1211216,63647,39991.71,13892026,0
"2021-12-02",11687,6452409,11028,5700102,626,551640,42131,1227513,436,26270,42567,1253783,65908,49140.71,13957934,0
"2021-12-03",13527,6465936,12890,5712992,677,552317,47893,1275406,494,26764,48387,1302170,75481,53860.57,14033415,0
"2021-12-04",9866,6475802,11293,5724285,567,552884,30661,1306067,287,27051,30948,1333118,52674,56680,14086089,0
"2021-12-05",5763,6481565,5707,5729992,270,553154,16648,1322715,121,27172,16769,1349887,28509,57590.43,14114598,0
"2021-12-06",12368,6493933,9956,5739948,601,553755,43214,1365929,420,27592,43634,1393521,66559,59070.57,14181157,0
"2021-12-07",12627,6506560,9259,5749207,624,554379,43009,1408938,477,28069,43486,1437007,65996,59824.86,14247153,0
"2021-12-08",13560,6520120,8765,5757972,554,554933,40766,1449704,449,28518,41215,1478222,64094,59888.71,14311247,0
"2021-12-09",13535,6533655,8764,5766736,555,555488,40786,1490490,463,28981,41249,1519471,64103,59630.86,14375350,0
"2021-12-10",14065,6547720,10137,5776873,670,556158,43633,1534123,472,29453,44105,1563576,68977,58701.71,14444327,0
"2021-12-11",10285,6558005,8117,5784990,405,556563,26688,1560811,260,29713,26948,1590524,45755,57713.29,14490082,0
"2021-12-12",6032,6564037,3853,5788843,288,556851,15155,1575966,128,29841,15283,1605807,25456,57277.14,14515538,0
"2021-12-13",12258,6576295,7429,5796272,657,557508,37854,1613820,373,30214,38227,1644034,58571,56136,14574109,0
"2021-12-14",12268,6588563,6955,5803227,731,558239,38116,1651936,412,30626,38528,1682562,58482,55062.57,14632591,0
"2021-12-15",12134,6600697,6240,5809467,756,558995,38093,1690029,465,31091,38558,1721120,57688,54147.43,14690279,0
"2021-12-16",13151,6613848,4274,5813741,742,559737,41026,1731055,420,31511,41446,1762566,59613,53506,14749892,0
"2021-12-17",15970,6629818,6934,5820675,621,560358,46733,1777788,448,31959,47181,1809747,70706,53753,14820598,0
"2021-12-18",13042,6642860,5720,5826395,432,560790,30589,1808377,254,32213,30843,1840590,50037,54364.71,14870635,0
"2021-12-19",7030,6649890,2996,5829391,326,561116,17990,1826367,161,32374,18151,1858741,28503,54800,14899138,0
"2021-12-20",16887,6666777,5863,5835254,747,561863,47407,1873774,530,32904,47937,1906678,71434,56637.57,14970572,0
"2021-12-21",17988,6684765,6571,5841825,806,562669,48866,1922640,549,33453,49415,1956093,74780,58965.86,15045352,0
"2021-12-22",18559,6703324,6560,5848385,938,563607,49624,1972264,504,33957,50128,2006221,76185,61608.29,15121537,0
"2021-12-23",19061,6722385,6481,5854866,929,564536,45794,2018058,495,34452,46289,2052510,72760,63486.43,15194297,0
"2021-12-24",9241,6731626,2953,5857819,598,565134,20589,2038647,198,34650,20787,2073297,33579,58182.57,15227876,0
"2021-12-25",343,6731969,64,5857883,31,565165,426,2039073,8,34658,434,2073731,872,51159,15228748,0
"2021-12-26",7978,6739947,3927,5861810,341,565506,17268,2056341,164,34822,17432,2091163,29678,51326.86,15258426,0
"2021-12-27",21802,6761749,9207,5871017,932,566438,43410,2099751,524,35346,43934,2135097,75875,51961.29,15334301,0
"2021-12-28",20170,6781919,8328,5879345,698,567136,47551,2147302,581,35927,48132,2183229,77328,52325.29,15411629,0
"2021-12-29",18510,6800429,7668,5887013,607,567743,45515,2192817,457,36384,45972,2229201,72757,51835.57,15484386,0
"2021-12-30",16889,6817318,7417,5894430,584,568327,44798,2237615,557,36941,45355,2274556,70245,51476.29,15554631,0
"2021-12-31",5362,6822680,2808,5897238,193,568520,14757,2252372,169,37110,14926,2289482,23289,50006.29,15577920,0
"2022-01-01",242,6822922,146,5897384,11,568531,498,2252870,13,37123,511,2289993,910,50011.71,15578830,0
"2022-01-02",6435,6829357,5020,5902404,153,568684,10975,2263845,100,37223,11075,2301068,22683,49012.43,15601513,0
"2022-01-03",14170,6843527,8475,5910879,515,569199,26866,2290711,285,37508,27151,2328219,50311,45360.43,15651824,0
"2022-01-04",13070,6856597,8079,5918958,412,569611,27022,2317733,336,37844,27358,2355577,48919,41302,15700743,0
"2022-01-05",11587,6868184,6983,5925941,384,569995,25762,2343495,287,38131,26049,2381626,45003,37337.14,15745746,0
"2022-01-06",11517,6879701,7379,5933320,485,570480,27456,2370951,315,38446,27771,2409397,47152,34038.14,15792898,0
"2022-01-07",10448,6890149,8418,5941738,337,570817,24972,2395923,299,38745,25271,2434668,44474,37064.57,15837372,0
"2022-01-08",7914,6898063,8558,5950296,310,571127,19415,2415338,168,38913,19583,2454251,36365,42129.57,15873737,0
"2022-01-09",4137,6902200,3845,5954141,214,571341,10056,2425394,86,38999,10142,2464393,18338,41508.86,15892075,0
"2022-01-10",10178,6912378,8189,5962330,490,571831,24591,2449985,282,39281,24873,2489266,43730,40568.71,15935805,0
"2022-01-11",8904,6921282,7993,5970323,521,572352,20991,2470976,269,39550,21260,2510526,38678,39105.71,15974483,0
"2022-01-12",8947,6930229,8316,5978639,428,572780,22318,2493294,278,39828,22596,2533122,40287,38432,16014770,0
"2022-01-13",9053,6939282,8861,5987500,449,573229,22866,2516160,299,40127,23165,2556287,41528,37628.57,16056298,0
"2022-01-14",10124,6949406,8119,5995619,476,573705,26413,2542573,304,40431,26717,2583004,45436,37766,16101734,0
"2022-01-15",6210,6955616,4307,5999926,178,573883,15145,2557718,167,40598,15312,2598316,26007,36286.29,16127741,0
"2022-01-16",2921,6958537,3250,6003176,95,573978,7816,2565534,78,40676,7894,2606210,14160,35689.43,16141901,0
"2022-01-17",6085,6964622,6762,6009938,363,574341,14665,2580199,205,40881,14870,2621080,28080,33453.71,16169981,0
"2022-01-18",8175,6972797,10310,6020248,397,574738,19650,2599849,309,41190,19959,2641039,38841,33477,16208822,0
"2022-01-19",7488,6980285,9245,6029493,305,575043,17690,2617539,258,41448,17948,2658987,34986,32719.71,16243808,0
"2022-01-20",6289,6986574,8561,6038054,305,575348,15237,2632776,227,41675,15464,2674451,30619,31161.29,16274427,0
"2022-01-21",7578,6994152,7493,6045547,276,575624,18481,2651257,269,41944,18750,2693201,34097,29541.43,16308524,0
"2022-01-22",5194,6999346,4935,6050482,131,575755,11298,2662555,119,42063,11417,2704618,21677,28922.86,16330201,0
"2022-01-23",2814,7002160,3328,6053810,97,575852,6226,2668781,74,42137,6300,2710918,12539,28691.29,16342740,0
"2022-01-24",6377,7008537,8193,6062003,262,576114,15063,2683844,229,42366,15292,2726210,30124,28983.29,16372864,0
"2022-01-25",6200,7014737,7927,6069930,232,576346,14673,2698517,252,42618,14925,2741135,29284,27618,16402148,0
"2022-01-26",5755,7020492,7165,6077095,289,576635,14007,2712524,201,42819,14208,2755343,27417,26536.71,16429565,0
"2022-01-27",5266,7025758,7086,6084181,321,576956,14065,2726589,223,43042,14288,2769631,26961,26014.14,16456526,0
"2022-01-28",6267,7032025,7857,6092038,203,577159,16108,2742697,227,43269,16335,2785966,30662,25523.43,16487188,0
"2022-01-29",842,7032867,727,6092765,28,577187,2535,2745232,38,43307,2573,2788539,4170,23022.43,16491358,0
"2022-01-30",2099,7034966,3022,6095787,103,577290,4531,2749763,62,43369,4593,2793132,9817,22633.57,16501175,0
"2022-01-31",5005,7039971,6590,6102377,220,577510,11359,2761122,192,43561,11551,2804683,23366,21668.14,16524541,0
"2022-02-01",4847,7044818,6435,6108812,219,577729,10691,2771813,206,43767,10897,2815580,22398,20684.43,16546939,0
"2022-02-02",4252,7049070,5915,6114727,214,577943,11213,2783026,232,43999,11445,2827025,21826,19885.71,16568765,0
"2022-02-03",4237,7053307,5801,6120528,216,578159,11208,2794234,192,44191,11400,2838425,21654,19127.57,16590419,0
"2022-02-04",4784,7058091,7103,6127631,214,578373,13200,2807434,232,44423,13432,2851857,25533,18394.86,16615952,0
"2022-02-05",3589,7061680,6045,6133676,110,578483,8561,2815995,144,44567,8705,2860562,18449,20434.71,16634401,0
"2022-02-06",2064,7063744,2135,6135811,121,578604,4630,2820625,102,44669,4732,2865294,9052,20325.43,16643453,0
"2022-02-07",4156,7067900,4723,6140534,205,578809,10125,2830750,226,44895,10351,2875645,19435,19763.86,16662888,0
"2022-02-08",4228,7072128,5608,6146142,214,579023,11315,2842065,299,45194,11614,2887259,21664,19659,16684552,0
"2022-02-09",4144,7076272,5400,6151542,222,579245,11651,2853716,241,45435,11892,2899151,21658,19635,16706210,0
"2022-02-10",3999,7080271,5117,6156659,245,579490,12189,2865905,273,45708,12462,2911613,21823,19659.14,16728033,0
"2022-02-11",4521,7084792,5803,6162462,195,579685,13721,2879626,309,46017,14030,2925643,24549,19518.57,16752582,0
"2022-02-12",3254,7088046,4341,6166803,97,579782,8797,2888423,210,46227,9007,2934650,16699,19268.57,16769281,0
"2022-02-13",1521,7089567,1542,6168345,41,579823,4878,2893301,102,46329,4980,2939630,8084,19130.29,16777365,0
"2022-02-14",2988,7092555,3618,6171963,166,579989,10558,2903859,317,46646,10875,2950505,17647,18874.86,16795012,0
"2022-02-15",3566,7096121,4066,6176029,176,580165,12766,2916625,274,46920,13040,2963545,20848,18758.29,16815860,0
"2022-02-16",3668,7099789,3896,6179925,200,580365,15691,2932316,284,47204,15975,2979520,23739,19055.57,16839599,0
"2022-02-17",4047,7103836,4082,6184007,162,580527,18259,2950575,349,47553,18608,2998128,26899,19780.71,16866498,0
"2022-02-18",4480,7108316,4776,6188783,190,580717,21524,2972099,444,47997,21968,3020096,31414,20761.43,16897912,0
"2022-02-19",3255,7111571,2179,6190962,65,580782,11168,2983267,210,48207,11378,3031474,16877,20786.86,16914789,0
"2022-02-20",1863,7113434,1444,6192406,59,580841,6571,2989838,111,48318,6682,3038156,10048,21067.43,16924837,0
"2022-02-21",3089,7116523,2689,6195095,95,580936,8345,2998183,220,48538,8565,3046721,14438,20609,16939275,0
"2022-02-22",4382,7120905,4247,6199342,175,581111,10827,3009010,244,48782,11071,3057792,19875,20470,16959150,0
"2022-02-23",4274,7125179,3789,6203131,145,581256,10653,3019663,232,49014,10885,3068677,19093,19806.29,16978243,0
"2022-02-24",3785,7128964,3653,6206784,108,581364,10177,3029840,227,49241,10404,3079081,17950,18527.86,16996193,0
"2022-02-25",3623,7132587,3620,6210404,134,581498,9972,3039812,226,49467,10198,3089279,17575,16550.86,17013768,0
"2022-02-26",2846,7135433,2579,6212983,74,581572,9503,3049315,149,49616,9652,3098931,15151,16304.29,17028919,0
"2022-02-27",1775,7137208,1373,6214356,52,581624,6265,3055580,97,49713,6362,3105293,9562,16234.86,17038481,0
"2022-02-28",3809,7141017,3129,6217485,140,581764,13112,3068692,245,49958,13357,3118650,20435,17091.57,17058916,0
"2022-03-01",2135,7143152,2613,6220098,103,581867,5159,3073851,181,50139,5340,3123990,10191,15708.14,17069107,0
"2022-03-02",1836,7144988,2435,6222533,106,581973,4117,3077968,204,50343,4321,3128311,8698,14223.14,17077805,0
"2022-03-03",1938,7146926,2557,6225090,106,582079,3792,3081760,167,50510,3959,3132270,8560,12881.71,17086365,0
"2022-03-04",2120,7149046,2870,6227960,66,582145,4322,3086082,205,50715,4527,3136797,9583,11740,17095948,0
"2022-03-05",1611,7150657,2122,6230082,43,582188,3309,3089391,111,50826,3420,3140217,7196,10603.57,17103144,0
"2022-03-06",801,7151458,878,6230960,30,582218,1621,3091012,54,50880,1675,3141892,3384,9721,17106528,0
"2022-03-07",1667,7153125,1784,6232744,86,582304,3491,3094503,159,51039,3650,3145542,7187,7828.43,17113715,0
"2022-03-08",1549,7154674,1892,6234636,80,582384,3121,3097624,145,51184,3266,3148808,6787,7342.14,17120502,0
"2022-03-09",1268,7155942,1665,6236301,79,582463,2575,3100199,129,51313,2704,3151512,5716,6916.14,17126218,0
"2022-03-10",1422,7157364,2097,6238398,85,582548,2948,3103147,157,51470,3105,3154617,6709,6651.71,17132927,0
"2022-03-11",1608,7158972,2268,6240666,81,582629,3207,3106354,184,51654,3391,3158008,7348,6332.43,17140275,0
"2022-03-12",878,7159850,1411,6242077,40,582669,1999,3108353,71,51725,2070,3160078,4399,5932.86,17144674,0
"2022-03-13",626,7160476,757,6242834,27,582696,1292,3109645,47,51772,1339,3161417,2749,5842.14,17147423,0
"2022-03-14",1376,7161852,1600,6244434,83,582779,2986,3112631,204,51976,3190,3164607,6249,5708.14,17153672,0
"2022-03-15",1363,7163215,1922,6246356,63,582842,3069,3115700,226,52202,3295,3167902,6643,5687.57,17160315,0
"2022-03-16",1399,7164614,2065,6248421,94,582936,3128,3118828,292,52494,3420,3171322,6978,5867.86,17167293,0
"2022-03-17",1183,7165797,1808,6250229,70,583006,2753,3121581,262,52756,3015,3174337,6076,5777.43,17173369,0
"2022-03-18",1589,7167386,2195,6252424,80,583086,3764,3125345,413,53169,4177,3178514,8041,5876.43,17181410,0
"2022-03-19",1113,7168499,1731,6254155,54,583140,2592,3127937,223,53392,2815,3181329,5713,6064.14,17187123,0
"2022-03-20",612,7169111,627,6254782,33,583173,1463,3129400,183,53575,1646,3182975,2918,6088.29,17190041,0
"2022-03-21",1422,7170533,1552,6256334,73,583246,3048,3132448,349,53924,3397,3186372,6444,6116.14,17196485,0
"2022-03-22",1345,7171878,1548,6257882,101,583347,2896,3135344,337,54261,3233,3189605,6227,6056.71,17202712,0
"2022-03-23",1263,7173141,1353,6259235,66,583413,2911,3138255,370,54631,3281,3192886,5963,5911.71,17208675,0
"2022-03-24",1210,7174351,1298,6260533,89,583502,2513,3140768,263,54894,2776,3195662,5373,5811.29,17214048,0
"2022-03-25",1390,7175741,1626,6262159,62,583564,3258,3144026,372,55266,3630,3199292,6708,5620.86,17220756,0
"2022-03-26",930,7176671,1162,6263321,36,583600,2296,3146322,249,55515,2545,3201837,4673,5472.29,17225429,0
"2022-03-27",574,7177245,527,6263848,29,583629,1312,3147634,201,55716,1513,3203350,2643,5433,17228072,0
"2022-03-28",1088,7178333,1159,6265007,68,583697,2440,3150074,353,56069,2793,3206143,5108,5242.14,17233180,0
"2022-03-29",1052,7179385,1105,6266112,85,583782,2511,3152585,869,56938,3380,3209523,5622,5155.71,17238802,0
"2022-03-30",1248,7180633,1141,6267253,98,583880,3056,3155641,3370,60308,6426,3215949,8913,5577.14,17247715,0
"2022-03-31",1289,7181922,1257,6268510,57,583937,3156,3158797,5441,65749,8597,3224546,11200,6409.57,17258915,0
"2022-04-01",1437,7183359,1496,6270006,76,584013,3244,3162041,6832,72581,10076,3234622,13085,7320.57,17272000,0
"2022-04-02",916,7184275,912,6270918,33,584046,2093,3164134,4472,77053,6565,3241187,8426,7856.71,17280426,0
"2022-04-03",559,7184834,500,6271418,28,584074,1224,3165358,3033,80086,4257,3245444,5344,8242.57,17285770,0
"2022-04-04",1355,7186189,1309,6272727,60,584134,2729,3168087,7620,87706,10349,3255793,13073,9380.43,17298843,0
"2022-04-05",1302,7187491,1162,6273889,66,584200,2856,3170943,7408,95114,10264,3266057,12794,10405,17311637,0
"2022-04-06",1321,7188812,1183,6275072,58,584258,2614,3173557,6878,101992,9492,3275549,12054,10853.71,17323691,0
"2022-04-07",1213,7190025,1061,6276133,54,584312,2374,3175931,6546,108538,8920,3284469,11248,10860.57,17334939,0
"2022-04-08",1500,7191525,1403,6277536,62,584374,3159,3179090,8668,117206,11827,3296296,14792,11104.43,17349731,0
"2022-04-09",936,7192461,918,6278454,28,584402,2059,3181149,4880,122086,6939,3303235,8821,11160.86,17358552,0
"2022-04-10",591,7193052,461,6278915,25,584427,1168,3182317,2863,124949,4031,3307266,5108,11127.14,17363660,0
"2022-04-11",1338,7194390,1228,6280143,59,584486,2651,3184968,7699,132648,10350,3317616,12975,11113.14,17376635,0
"2022-04-12",1216,7195606,1054,6281197,73,584559,2524,3187492,7329,139977,9853,3327469,12196,11027.71,17388831,0
"2022-04-13",1264,7196870,1070,6282267,59,584618,2496,3189988,7450,147427,9946,3337415,12339,11068.43,17401170,0
"2022-04-14",1280,7198150,1095,6283362,59,584677,2426,3192414,6509,153936,8935,3346350,11369,11085.71,17412539,0
"2022-04-15",1352,7199502,1093,6284455,53,584730,2556,3194970,6537,160473,9093,3355443,11591,10628.43,17424130,0
"2022-04-16",873,7200375,652,6285107,33,584763,1636,3196606,3622,164095,5258,3360701,6816,10342,17430946,0
"2022-04-17",348,7200723,203,6285310,27,584790,638,3197244,1139,165234,1777,3362478,2355,9948.71,17433301,0
"2022-04-18",1388,7202111,1114,6286424,82,584872,2582,3199826,6330,171564,8912,3371390,11496,9737.43,17444797,0
"2022-04-19",1416,7203527,934,6287358,72,584944,2570,3202396,5672,177236,8242,3379632,10664,9518.57,17455461,0
"2022-04-20",1316,7204843,1141,6288499,65,585009,2679,3205075,6562,183798,9241,3388873,11763,9436.29,17467224,0
"2022-04-21",1224,7206067,1063,6289562,53,585062,2324,3207399,5267,189065,7591,3396464,9931,9230.86,17477155,0
"2022-04-22",1219,7207286,1024,6290586,46,585108,2200,3209599,5557,194622,7757,3404221,10046,9010.14,17487201,0
"2022-04-23",718,7208004,750,6291336,59,585167,1425,3211024,3291,197913,4716,3408937,6243,8928.29,17493444,0
"2022-04-24",443,7208447,338,6291674,27,585194,813,3211837,1798,199711,2611,3411548,3419,9080.29,17496863,0
"2022-04-25",1031,7209478,911,6292585,64,585258,1848,3213685,5026,204737,6874,3418422,8880,8706.57,17505743,0
"2022-04-26",946,7210424,856,6293441,76,585334,1750,3215435,4633,209370,6383,3424805,8261,8363.29,17514004,0
"2022-04-27",1041,7211465,1002,6294443,80,585414,1930,3217365,5154,214524,7084,3431889,9207,7998.14,17523211,0
"2022-04-28",1086,7212551,987,6295430,50,585464,1999,3219364,4678,219202,6677,3438566,8800,7836.57,17532011,0
"2022-04-29",1190,7213741,1104,6296534,60,585524,2157,3221521,5301,224503,7458,3446024,9812,7803.14,17541823,0
"2022-04-30",727,7214468,743,6297277,43,585567,1391,3222912,2915,227418,4306,3450330,5819,7742.57,17547642,0
"2022-05-01",452,7214920,368,6297645,20,585587,758,3223670,1629,229047,2387,3452717,3227,7715.14,17550869,0
"2022-05-02",1055,7215975,791,6298436,52,585639,1671,3225341,3762,232809,5433,3458150,7331,7493.86,17558200,0
"2022-05-03",1119,7217094,858,6299294,61,585700,1985,3227326,4791,237600,6776,3464926,8814,7572.86,17567014,0
"2022-05-04",1022,7218116,884,6300178,48,585748,1910,3229236,4579,242179,6489,3471415,8443,7463.71,17575457,0
"2022-05-05",1048,7219164,953,6301131,86,585834,1921,3231157,4803,246982,6724,3478139,8811,7465.29,17584268,0
"2022-05-06",1093,7220257,958,6302089,50,585884,1860,3233017,4310,251292,6170,3484309,8271,7245.14,17592539,0
"2022-05-07",661,7220918,588,6302677,31,585915,1202,3234219,2394,253686,3596,3487905,4876,7110.43,17597415,0
"2022-05-08",414,7221332,247,6302924,17,585932,669,3234888,1360,255046,2029,3489934,2707,7036.14,17600122,0
"2022-05-09",1082,7222414,944,6303868,60,585992,1880,3236768,4375,259421,6255,3496189,8341,7180.43,17608463,0
"2022-05-10",1098,7223512,927,6304795,54,586046,1983,3238751,4647,264068,6630,3502819,8709,7165.43,17617172,0
"2022-05-11",1093,7224605,977,6305772,44,586090,1934,3240685,4770,268838,6704,3509523,8818,7219,17625990,0
"2022-05-12",1097,7225702,948,6306720,58,586148,1991,3242676,4581,273419,6572,3516095,8675,7199.57,17634665,0
"2022-05-13",1162,7226864,1036,6307756,44,586192,2054,3244730,4721,278140,6775,3522870,9017,7306.14,17643682,0
"2022-05-14",828,7227692,670,6308426,31,586223,1469,3246199,2890,281030,4359,3527229,5888,7450.71,17649570,0
"2022-05-15",513,7228205,355,6308781,21,586244,916,3247115,1628,282658,2544,3529773,3433,7554.43,17653003,0
"2022-05-16",1232,7229437,856,6309637,60,586304,1819,3248934,3801,286459,5620,3535393,7768,7472.57,17660771,0
"2022-05-17",1296,7230733,920,6310557,79,586383,2044,3250978,4814,291273,6858,3542251,9153,7536,17669924,0
"2022-05-18",1246,7231979,903,6311460,81,586464,2057,3253035,4860,296133,6917,3549168,9147,7583,17679071,0
"2022-05-19",1170,7233149,871,6312331,35,586499,2100,3255135,4640,300773,6740,3555908,8816,7603.14,17687887,0
"2022-05-20",1195,7234344,949,6313280,74,586573,2359,3257494,5103,305876,7462,3563370,9680,7697.86,17697567,0
"2022-05-21",837,7235181,646,6313926,23,586596,1706,3259200,3241,309117,4947,3568317,6453,7778.57,17704020,0
"2022-05-22",512,7235693,292,6314218,21,586617,1132,3260332,1819,310936,2951,3571268,3776,7827.57,17707796,0
"2022-05-23",1227,7236920,890,6315108,47,586664,2168,3262500,4636,315572,6804,3578072,8968,7999,17716764,0
"2022-05-24",1431,7238351,930,6316038,66,586730,2223,3264723,4389,319961,6612,3584684,9039,7982.71,17725803,0
"2022-05-25",1429,7239780,956,6316994,56,586786,2246,3266969,4175,324136,6421,3591105,8862,7942,17734665,0
"2022-05-26",1178,7240958,859,6317853,60,586846,2250,3269219,4057,328193,6307,3597412,8404,7883.14,17743069,0
"2022-05-27",1245,7242203,947,6318800,38,586884,2471,3271690,3794,331987,6265,3603677,8495,7713.86,17751564,0
"2022-05-28",717,7242920,513,6319313,19,586903,1752,3273442,2026,334013,3778,3607455,5027,7510.14,17756591,0
"2022-05-29",474,7243394,215,6319528,11,586914,761,3274203,1111,335124,1872,3609327,2572,7338.14,17759163,0
"2022-05-30",88,7243482,55,6319583,6,586920,137,3274340,143,335267,280,3609607,429,6118.29,17759592,0
"2022-05-31",1124,7244606,904,6320487,50,586970,1867,3276207,3008,338275,4875,3614482,6953,5820.29,17766545,0
"2022-06-01",1135,7245741,838,6321325,62,587032,1952,3278159,3356,341631,5308,3619790,7343,5603.29,17773888,0
"2022-06-02",1020,7246761,794,6322119,71,587103,1799,3279958,3122,344753,4921,3624711,6806,5375,17780694,0
"2022-06-03",1165,7247926,882,6323001,48,587151,2041,3281999,3463,348216,5504,3630215,7599,5247,17788293,0
"2022-06-04",723,7248649,578,6323579,23,587174,1547,3283546,1881,350097,3428,3633643,4752,5207.71,17793045,0
"2022-06-05",449,7249098,295,6323874,1,587175,874,3284420,966,351063,1840,3635483,2585,5209.57,17795630,0
"2022-06-06",1120,7250218,820,6324694,62,587237,1736,3286156,2692,353755,4428,3639911,6430,6066.86,17802060,0
"2022-06-07",1011,7251229,761,6325455,69,587306,1748,3287904,2514,356269,4262,3644173,6103,5945.43,17808163,0
"2022-06-08",1082,7252311,815,6326270,76,587382,1853,3289757,2683,358952,4536,3648709,6509,5826.29,17814672,0
"2022-06-09",1134,7253445,829,6327099,61,587443,2191,3291948,2657,361609,4848,3653557,6872,5835.71,17821544,0
"2022-06-10",1044,7254489,807,6327906,74,587517,1853,3293801,2742,364351,4595,3658152,6520,5681.57,17828064,0
"2022-06-11",684,7255173,506,6328412,21,587538,1305,3295106,1491,365842,2796,3660948,4007,5575.14,17832071,0
"2022-06-12",352,7255525,285,6328697,19,587557,874,3295980,765,366607,1639,3662587,2295,5533.71,17834366,0
"2022-06-13",1020,7256545,754,6329451,58,587615,1546,3297526,2130,368737,3676,3666263,5508,5402,17839874,0
"2022-06-14",924,7257469,798,6330249,54,587669,1630,3299156,2457,371194,4087,3670350,5863,5367.71,17845737,0
"2022-06-15",944,7258413,827,6331076,38,587707,1609,3300765,2309,373503,3918,3674268,5727,5256,17851464,120000
"2022-06-16",895,7259308,728,6331804,55,587762,1650,3302415,1996,375499,3646,3677914,5324,5034.86,17856788,120000
"2022-06-17",867,7260175,760,6332564,38,587800,1669,3304084,2202,377701,3871,3681785,5536,4894.29,17862324,120000
"2022-06-18",658,7260833,508,6333072,25,587825,1244,3305328,1259,378960,2503,3684288,3694,4849.57,17866018,120000
"2022-06-19",351,7261184,224,6333296,16,587841,705,3306033,587,379547,1292,3685580,1883,4790.71,17867901,120000
"2022-06-20",807,7261991,456,6333752,37,587878,1479,3307512,1541,381088,3020,3688600,4320,4621,17872221,120000
"2022-06-21",334,7262325,255,6334007,13,587891,592,3308104,860,381948,1452,3690052,2054,4076.86,17874275,120000
