"DATE","ADMIN_DOSE1_DAILY","ADMIN_DOSE1_CUMULATIVE","ADMIN_DOSE2_DAILY","ADMIN_DOSE2_CUMULATIVE","ADMIN_SINGLE_DAILY","ADMIN_SINGLE_CUMULATIVE","ADMIN_ADDITIONAL_DAILY","ADMIN_ADDITIONAL_CUMULATIVE","ADMIN_ALLDOSES_DAILY","ADMIN_ALLDOSES_7DAYAVG","ADMIN_ALLDOSES_CUMULATIVE","INCOMPLETE"
"2020-12-14",79,79,0,0,0,0,0,0,79,,79,0
"2020-12-15",2053,2132,5,5,4,4,0,0,2062,,2141,0
"2020-12-16",4602,6734,13,18,1,5,1,1,4617,,6758,0
"2020-12-17",4655,11389,17,35,0,5,1,2,4673,,11431,0
"2020-12-18",5833,17222,20,55,2,7,2,4,5857,,17288,0
"2020-12-19",1689,18911,7,62,3,10,0,4,1699,,18987,0
"2020-12-20",1116,20027,2,64,1,11,0,4,1119,2872.29,20106,0
"2020-12-21",6339,26366,17,81,0,11,6,10,6362,3769.86,26468,0
"2020-12-22",9797,36163,27,108,2,13,1,11,9827,4879.14,36295,0
"2020-12-23",14272,50435,37,145,3,16,1,12,14313,6264.29,50608,0
"2020-12-24",7200,57635,25,170,1,17,0,12,7226,6629,57834,0
"2020-12-25",180,57815,0,170,0,17,1,13,181,5818.14,58015,0
"2020-12-26",4390,62205,43,213,0,17,1,14,4434,6208.86,62449,0
"2020-12-27",3868,66073,14,227,0,17,1,15,3883,6603.71,66332,0
"2020-12-28",10993,77066,50,277,1,18,2,17,11046,7272.86,77378,0
"2020-12-29",10722,87788,33,310,2,20,2,19,10759,7406,88137,0
"2020-12-30",12825,100613,44,354,0,20,0,19,12869,7199.71,101006,0
"2020-12-31",7264,107877,30,384,1,21,0,19,7295,7209.57,108301,0
"2021-01-01",181,108058,2,386,1,22,3,22,187,7210.43,108488,0
"2021-01-02",3810,111868,10,396,2,24,1,23,3823,7123.14,112311,0
"2021-01-03",3544,115412,23,419,2,26,1,24,3570,7078.43,115881,0
"2021-01-04",12257,127669,805,1224,2,28,6,30,13070,7367.57,128951,0
"2021-01-05",14083,141752,2193,3417,2,30,10,40,16288,8157.43,145239,0
"2021-01-06",17808,159560,3921,7338,1,31,30,70,21760,9427.57,166999,0
"2021-01-07",16547,176107,5172,12510,4,35,46,116,21769,11495.29,188768,0
"2021-01-08",16621,192728,5454,17964,0,35,32,148,22107,14626.71,210875,0
"2021-01-09",7649,200377,1463,19427,1,36,7,155,9120,15383.43,219995,0
"2021-01-10",7883,208260,981,20408,0,36,10,165,8874,16141.14,228869,0
"2021-01-11",25817,234077,7458,27866,2,38,47,212,33324,19034.57,262193,0
"2021-01-12",28265,262342,7859,35725,1,39,43,255,36168,21874.57,298361,0
"2021-01-13",31722,294064,9378,45103,1,40,55,310,41156,24645.43,339517,0
"2021-01-14",35806,329870,5327,50430,1,41,29,339,41163,27416,380680,0
"2021-01-15",29267,359137,3705,54135,2,43,32,371,33006,28973,413686,0
"2021-01-16",30289,389426,2381,56516,0,43,24,395,32694,32340.71,446380,0
"2021-01-17",23754,413180,1621,58137,0,43,19,414,25394,34700.71,471774,0
"2021-01-18",27107,440287,2413,60550,0,43,34,448,29554,34162.14,501328,0
"2021-01-19",34304,474591,9619,70169,1,44,67,515,43991,35279.71,545319,0
"2021-01-20",34865,509456,9495,79664,1,45,58,573,44419,35745.86,589738,0
"2021-01-21",25593,535049,8090,87754,2,47,49,622,33734,34684.57,623472,0
"2021-01-22",24754,559803,4384,92138,1,48,31,653,29170,34136.57,652642,0
"2021-01-23",15742,575545,3224,95362,0,48,10,663,18976,32176.86,671618,0
"2021-01-24",7180,582725,3447,98809,0,48,20,683,10647,30070.14,682265,0
"2021-01-25",13416,596141,11816,110625,0,48,64,747,25296,29461.86,707561,0
"2021-01-26",16768,612909,10748,121373,0,48,67,814,27583,27117.86,735144,0
"2021-01-27",20831,633740,12359,133732,0,48,49,863,33239,25520.71,768383,0
"2021-01-28",30766,664506,12842,146574,0,48,79,942,43687,26942.57,812070,0
"2021-01-29",31694,696200,11497,158071,0,48,77,1019,43268,28956.57,855338,0
"2021-01-30",18715,714915,3739,161810,0,48,20,1039,22474,29456.29,877812,0
"2021-01-31",13026,727941,2917,164727,1,49,27,1066,15971,30216.86,893783,0
"2021-02-01",1178,729119,5367,170094,4,53,36,1102,6585,27543.86,900368,0
"2021-02-02",2828,731947,9468,179562,2,55,50,1152,12348,25367.43,912716,0
"2021-02-03",16352,748299,21234,200796,4,59,202,1354,37792,26017.86,950508,0
"2021-02-04",27044,775343,19647,220443,3,62,199,1553,46893,26475.86,997401,0
"2021-02-05",27606,802949,20023,240466,0,62,182,1735,47811,27124.86,1045212,0
"2021-02-06",22993,825942,11246,251712,0,62,108,1843,34347,28821,1079559,0
"2021-02-07",12044,837986,8281,259993,1,63,87,1930,20413,29455.57,1099972,0
"2021-02-08",16970,854956,23508,283501,2,65,231,2161,40711,34330.71,1140683,0
"2021-02-09",17199,872155,28111,311612,2,67,325,2486,45637,39086.29,1186320,0
"2021-02-10",19596,891751,29299,340911,2,69,260,2746,49157,40709.86,1235477,0
"2021-02-11",27846,919597,33466,374377,2,71,347,3093,61661,42819.57,1297138,0
"2021-02-12",38409,958006,30784,405161,3,74,352,3445,69548,45924.86,1366686,0
"2021-02-13",28008,986014,25303,430464,2,76,307,3752,53620,48678.14,1420306,0
"2021-02-14",16287,1002301,23724,454188,0,76,258,4010,40269,51514.71,1460575,0
"2021-02-15",12798,1015099,10525,464713,2,78,165,4175,23490,49054.57,1484065,0
"2021-02-16",14240,1029339,26730,491443,0,78,315,4490,41285,48432.86,1525350,0
"2021-02-17",16407,1045746,22169,513612,1,79,289,4779,38866,46962.71,1564216,0
"2021-02-18",12157,1057903,24989,538601,21,100,280,5059,37447,43503.57,1601663,0
"2021-02-19",13268,1071171,23934,562535,39,139,294,5353,37535,38930.29,1639198,0
"2021-02-20",11352,1082523,26070,588605,6,145,326,5679,37754,36663.71,1676952,0
"2021-02-21",6360,1088883,17425,606030,15,160,281,5960,24081,34351.14,1701033,0
"2021-02-22",13040,1101923,11844,617874,2,162,126,6086,25012,34568.57,1726045,0
"2021-02-23",25243,1127166,14148,632022,1,163,160,6246,39552,34321,1765597,0
"2021-02-24",36355,1163521,20358,652380,0,163,222,6468,56935,36902.29,1822532,0
"2021-02-25",54620,1218141,30352,682732,6,169,392,6860,85370,43748.43,1907902,0
"2021-02-26",62884,1281025,31844,714576,4,173,400,7260,95132,51976.57,2003034,0
"2021-02-27",51302,1332327,22737,737313,47,220,326,7586,74412,57213.43,2077446,0
"2021-02-28",44604,1376931,13793,751106,7,227,202,7788,58606,62145.57,2136052,0
"2021-03-01",39314,1416245,12759,763865,10,237,166,7954,52249,66036.57,2188301,0
"2021-03-02",47082,1463327,12552,776417,7,244,159,8113,59800,68929.14,2248101,0
"2021-03-03",48605,1511932,16135,792552,17,261,146,8259,64903,70067.43,2313004,0
"2021-03-04",59823,1571755,22793,815345,1092,1353,265,8524,83973,69867.86,2396977,0
"2021-03-05",60994,1632749,24251,839596,3109,4462,329,8853,88683,68946.57,2485660,0
"2021-03-06",47178,1679927,18871,858467,5448,9910,236,9089,71733,68563.86,2557393,0
"2021-03-07",36042,1715969,14862,873329,6247,16157,226,9315,57377,68388.29,2614770,0
"2021-03-08",39621,1755590,14662,887991,8565,24722,307,9622,63155,69946.29,2677925,0
"2021-03-09",39103,1794693,12800,900791,7767,32489,179,9801,59849,69953.29,2737774,0
"2021-03-10",51831,1846524,15287,916078,5068,37557,222,10023,72408,71025.43,2810182,0
"2021-03-11",60004,1906528,21773,937851,4617,42174,251,10274,86645,71407.14,2896827,0
"2021-03-12",52200,1958728,30283,968134,4183,46357,371,10645,87037,71172,2983864,0
"2021-03-13",40660,1999388,26669,994803,5109,51466,326,10971,72764,71319.29,3056628,0
"2021-03-14",30721,2030109,15943,1010746,4527,55993,240,11211,51431,70469.86,3108059,0
"2021-03-15",33591,2063700,17222,1027968,4720,60713,237,11448,55770,69414.86,3163829,0
"2021-03-16",38677,2102377,20471,1048439,4925,65638,258,11706,64331,70055.14,3228160,0
"2021-03-17",42626,2145003,24754,1073193,4247,69885,333,12039,71960,69991.14,3300120,0
"2021-03-18",50469,2195472,26757,1099950,5240,75125,363,12402,82829,69446,3382949,0
"2021-03-19",47807,2243279,29901,1129851,5623,80748,387,12789,83718,68971.86,3466667,0
"2021-03-20",38712,2281991,25798,1155649,4690,85438,289,13078,69489,68504,3536156,0
"2021-03-21",29303,2311294,19314,1174963,771,86209,218,13296,49606,68243.29,3585762,0
"2021-03-22",33868,2345162,26701,1201664,4037,90246,262,13558,64868,69543,3650630,0
"2021-03-23",38441,2383603,32797,1234461,4222,94468,283,13841,75743,71173.29,3726373,0
"2021-03-24",41511,2425114,37543,1272004,4850,99318,322,14163,84226,72925.57,3810599,0
"2021-03-25",43424,2468538,50715,1322719,5054,104372,460,14623,99653,75329,3910252,0
"2021-03-26",38515,2507053,55425,1378144,4311,108683,519,15142,98770,77479.29,4009022,0
"2021-03-27",35752,2542805,45681,1423825,2939,111622,406,15548,84778,79663.43,4093800,0
"2021-03-28",26401,2569206,34384,1458209,1481,113103,321,15869,62587,81517.86,4156387,0
"2021-03-29",34831,2604037,38785,1496994,3248,116351,337,16206,77201,83279.71,4233588,0
"2021-03-30",40517,2644554,41886,1538880,3715,120066,320,16526,86438,84807.57,4320026,0
"2021-03-31",49411,2693965,44819,1583699,7441,127507,392,16918,102063,87355.71,4422089,0
"2021-04-01",50784,2744749,53914,1637613,11274,138781,499,17417,116471,89758.29,4538560,0
"2021-04-02",43765,2788514,53845,1691458,11973,150754,544,17961,110127,91380.71,4648687,0
"2021-04-03",39264,2827778,39176,1730634,9861,160615,336,18297,88637,91932,4737324,0
"2021-04-04",26566,2854344,24710,1755344,3901,164516,221,18518,55398,90905,4792722,0
"2021-04-05",41885,2896229,34422,1789766,11195,175711,364,18882,87866,92428.57,4880588,0
"2021-04-06",53283,2949512,35550,1825316,13221,188932,422,19304,102476,94719.71,4983064,0
"2021-04-07",55518,3005030,40670,1865986,14387,203319,388,19692,110963,95991.14,5094027,0
"2021-04-08",59281,3064311,46551,1912537,16336,219655,505,20197,122673,96877.14,5216700,0
"2021-04-09",56652,3120963,44932,1957469,17548,237203,496,20693,119628,98234.43,5336328,0
"2021-04-10",49361,3170324,35638,1993107,12727,249930,377,21070,98103,99586.71,5434431,0
"2021-04-11",38190,3208514,28812,2021919,7686,257616,288,21358,74976,102383.57,5509407,0
"2021-04-12",46649,3255163,31842,2053761,13494,271110,456,21814,92441,103037.14,5601848,0
"2021-04-13",52560,3307723,33777,2087538,368,271478,387,22201,87092,100839.43,5688940,0
"2021-04-14",50162,3357885,39953,2127491,20,271498,358,22559,90493,97915.14,5779433,0
"2021-04-15",52133,3410018,43669,2171160,16,271514,455,23014,96273,94143.71,5875706,0
"2021-04-16",51194,3461212,42219,2213379,32,271546,408,23422,93853,90461.57,5969559,0
"2021-04-17",43851,3505063,35681,2249060,3,271549,361,23783,79896,87860.57,6049455,0
"2021-04-18",28613,3533676,29369,2278429,7,271556,247,24030,58236,85469.14,6107691,0
"2021-04-19",37485,3571161,36447,2314876,22,271578,309,24339,74263,82872.29,6181954,0
"2021-04-20",40815,3611976,39630,2354506,19,271597,301,24640,80765,81968.43,6262719,0
"2021-04-21",38911,3650887,45957,2400463,15,271612,483,25123,85366,81236,6348085,0
"2021-04-22",38516,3689403,48949,2449412,9,271621,329,25452,87803,80026,6435888,0
"2021-04-23",39714,3729117,44368,2493780,4,271625,349,25801,84435,78680.57,6520323,0
"2021-04-24",31969,3761086,41595,2535375,44,271669,273,26074,73881,77821.29,6594204,0
"2021-04-25",18427,3779513,31230,2566605,86,271755,186,26260,49929,76634.57,6644133,0
"2021-04-26",26978,3806491,40723,2607328,1013,272768,285,26545,68999,75882.57,6713132,0
"2021-04-27",28574,3835065,47123,2654451,1699,274467,344,26889,77740,75450.43,6790872,0
"2021-04-28",27056,3862121,56831,2711282,2147,276614,421,27310,86455,75606,6877327,0
"2021-04-29",28618,3890739,57183,2768465,2145,278759,360,27670,88306,75677.86,6965633,0
"2021-04-30",30131,3920870,51985,2820450,2056,280815,273,27943,84445,75679.29,7050078,0
"2021-05-01",22485,3943355,44547,2864997,1176,281991,224,28167,68432,74900.86,7118510,0
"2021-05-02",11929,3955284,36653,2901650,1080,283071,132,28299,49794,74881.57,7168304,0
"2021-05-03",18037,3973321,53015,2954665,2383,285454,247,28546,73682,75550.57,7241986,0
"2021-05-04",22748,3996069,56642,3011307,2330,287784,256,28802,81976,76155.71,7323962,0
"2021-05-05",21480,4017549,48791,3060098,2311,290095,310,29112,72892,74218.14,7396854,0
"2021-05-06",20695,4038244,50174,3110272,2508,292603,263,29375,73640,72123,7470494,0
"2021-05-07",21263,4059507,52097,3162369,2813,295416,302,29677,76475,70984.43,7546969,0
"2021-05-08",16635,4076142,41874,3204243,1835,297251,223,29900,60567,69860.86,7607536,0
"2021-05-09",7976,4084118,29410,3233653,1260,298511,150,30050,38796,68289.71,7646332,0
"2021-05-10",14401,4098519,38536,3272189,2356,300867,223,30273,55516,65694.57,7701848,0
"2021-05-11",19929,4118448,43046,3315235,2514,303381,280,30553,65769,63379.29,7767617,0
"2021-05-12",17814,4136262,40534,3355769,3596,306977,227,30780,62171,61847.71,7829788,0
"2021-05-13",24983,4161245,40429,3396198,3230,310207,255,31035,68897,61170.14,7898685,0
"2021-05-14",27034,4188279,42907,3439105,3538,313745,277,31312,73756,60781.71,7972441,0
"2021-05-15",23659,4211938,34921,3474026,3366,317111,243,31555,62189,61013.43,8034630,0
"2021-05-16",15545,4227483,19433,3493459,2497,319608,125,31680,37600,60842.57,8072230,0
"2021-05-17",22679,4250162,29143,3522602,3257,322865,173,31853,55252,60804.86,8127482,0
"2021-05-18",24644,4274806,31900,3554502,3404,326269,235,32088,60183,60006.86,8187665,0
"2021-05-19",24209,4299015,29710,3584212,3040,329309,219,32307,57178,59293.57,8244843,0
"2021-05-20",24165,4323180,30084,3614296,3160,332469,265,32572,57674,57690.29,8302517,0
"2021-05-21",24696,4347876,32002,3646298,3060,335529,243,32815,60001,55725.29,8362518,0
"2021-05-22",20029,4367905,24359,3670657,2525,338054,155,32970,47068,53565.14,8409586,0
"2021-05-23",11239,4379144,13725,3684382,1411,339465,99,33069,26474,51975.71,8436060,0
"2021-05-24",18887,4398031,23147,3707529,2757,342222,215,33284,45006,50512,8481066,0
"2021-05-25",19444,4417475,23374,3730903,2601,344823,174,33458,45593,48427.71,8526659,0
"2021-05-26",18791,4436266,21080,3751983,2695,347518,198,33656,42764,46368.57,8569423,0
"2021-05-27",18478,4454744,21263,3773246,2530,350048,193,33849,42464,44195.71,8611887,0
"2021-05-28",17874,4472618,22888,3796134,2752,352800,183,34032,43697,41866.57,8655584,0
"2021-05-29",12713,4485331,17804,3813938,1755,354555,103,34135,32375,39767.57,8687959,0
"2021-05-30",7033,4492364,8949,3822887,1075,355630,45,34180,17102,38428.71,8705061,0
"2021-05-31",4741,4497105,6925,3829812,1012,356642,63,34243,12741,33819.43,8717802,0
"2021-06-01",16047,4513152,25198,3855010,2174,358816,149,34392,43568,33530.14,8761370,0
"2021-06-02",15358,4528510,20386,3875396,2093,360909,139,34531,37976,32846.14,8799346,0
"2021-06-03",15011,4543521,23816,3899212,2280,363189,121,34652,41228,32669.57,8840574,0
"2021-06-04",14735,4558256,25980,3925192,2492,365681,144,34796,43351,32620.14,8883925,0
"2021-06-05",10996,4569252,22080,3947272,1806,367487,115,34911,34997,32994.71,8918922,0
"2021-06-06",6450,4575702,14467,3961739,1222,368709,82,34993,22221,33726,8941143,0
"2021-06-07",11718,4587420,21780,3983519,2379,371088,139,35132,36016,37051,8977159,0
"2021-06-08",12660,4600080,24015,4007534,2072,373160,116,35248,38863,36378.86,9016022,0
"2021-06-09",11152,4611232,23023,4030557,2298,375458,131,35379,36604,36182.86,9052626,0
"2021-06-10",12076,4623308,22228,4052785,2462,377920,138,35517,36904,35565.14,9089530,0
"2021-06-11",12713,4636021,25111,4077896,2482,380402,150,35667,40456,35151.57,9129986,0
"2021-06-12",10170,4646191,19304,4097200,1888,382290,92,35759,31454,34645.43,9161440,0
"2021-06-13",4259,4650450,10936,4108136,1220,383510,41,35800,16456,33821.86,9177896,0
"2021-06-14",10219,4660669,19237,4127373,2042,385552,124,35924,31622,33194.14,9209518,0
"2021-06-15",11894,4672563,21006,4148379,1943,387495,123,36047,34966,32637.43,9244484,0
"2021-06-16",11593,4684156,19402,4167781,1957,389452,140,36187,33092,32135.71,9277576,0
"2021-06-17",11026,4695182,18759,4186540,1970,391422,118,36305,31873,31417,9309449,0
"2021-06-18",12171,4707353,18495,4205035,2115,393537,114,36419,32895,30336.86,9342344,0
"2021-06-19",8504,4715857,13521,4218556,1459,394996,80,36499,23564,29209.71,9365908,0
"2021-06-20",4336,4720193,7162,4225718,924,395920,36,36535,12458,28638.57,9378366,0
"2021-06-21",10166,4730359,10003,4235721,1806,397726,67,36602,22042,27270,9400408,0
"2021-06-22",9839,4740198,15641,4251362,1589,399315,103,36705,27172,26156.57,9427580,0
"2021-06-23",10320,4750518,15184,4266546,1862,401177,101,36806,27467,25353,9455047,0
"2021-06-24",9694,4760212,14695,4281241,1799,402976,116,36922,26304,24557.43,9481351,0
"2021-06-25",10594,4770806,14383,4295624,1718,404694,109,37031,26804,23687.29,9508155,0
"2021-06-26",7810,4778616,10460,4306084,1246,405940,73,37104,19589,23119.43,9527744,0
"2021-06-27",5004,4783620,5998,4312082,796,406736,32,37136,11830,23029.71,9539574,0
"2021-06-28",9036,4792656,10344,4322426,1524,408260,104,37240,21008,22882,9560582,0
"2021-06-29",9752,4802408,12311,4334737,1348,409608,123,37363,23534,22362.29,9584116,0
"2021-06-30",9430,4811838,10927,4345664,1481,411089,146,37509,21984,21579,9606100,0
"2021-07-01",9401,4821239,10924,4356588,1431,412520,125,37634,21881,20947.14,9627981,0
"2021-07-02",9697,4830936,11437,4368025,1541,414061,122,37756,22797,20374.71,9650778,0
"2021-07-03",7062,4837998,8419,4376444,1193,415254,76,37832,16750,19969.14,9667528,0
"2021-07-04",1288,4839286,1335,4377779,567,415821,8,37840,3198,18736,9670726,0
"2021-07-05",6495,4845781,7102,4384881,1208,417029,66,37906,14871,17859.29,9685597,0
"2021-07-06",9517,4855298,12848,4397729,1317,418346,113,38019,23795,17896.57,9709392,0
"2021-07-07",8676,4863974,11107,4408836,1419,419765,120,38139,21322,17802,9730714,0
"2021-07-08",8211,4872185,10194,4419030,1260,421025,106,38245,19771,17500.57,9750485,0
"2021-07-09",8381,4880566,10827,4429857,1279,422304,87,38332,20574,17183,9771059,0
"2021-07-10",7111,4887677,8625,4438482,1133,423437,64,38396,16933,17209.14,9787992,0
"2021-07-11",4104,4891781,4540,4443022,703,424140,35,38431,9382,18092.57,9797374,0
"2021-07-12",8454,4900235,9553,4452575,1250,425390,79,38510,19336,18730.43,9816710,0
"2021-07-13",9472,4909707,9382,4461957,951,426341,103,38613,19908,18175.14,9836618,0
"2021-07-14",9007,4918714,9525,4471482,1009,427350,103,38716,19644,17935.43,9856262,0
"2021-07-15",8796,4927510,9149,4480631,1052,428402,80,38796,19077,17836.29,9875339,0
"2021-07-16",9245,4936755,9762,4490393,978,429380,102,38898,20087,17766.71,9895426,0
"2021-07-17",6846,4943601,7385,4497778,802,430182,78,38976,15111,17506.43,9910537,0
"2021-07-18",4260,4947861,4285,4502063,569,430751,33,39009,9147,17472.86,9919684,0
"2021-07-19",9129,4956990,8471,4510534,999,431750,86,39095,18685,17379.86,9938369,0
"2021-07-20",10657,4967647,8755,4519289,991,432741,90,39185,20493,17463.43,9958862,0
"2021-07-21",10055,4977702,8762,4528051,903,433644,142,39327,19862,17494.57,9978724,0
"2021-07-22",10687,4988389,8580,4536631,1044,434688,142,39469,20453,17691.14,9999177,0
"2021-07-23",11260,4999649,8879,4545510,1114,435802,134,39603,21387,17876.86,10020564,0
"2021-07-24",7406,5007055,6733,4552243,670,436472,83,39686,14892,17845.57,10035456,0
"2021-07-25",5481,5012536,2122,4554365,509,436981,59,39745,8171,17706.14,10043627,0
"2021-07-26",10880,5023416,6999,4561364,859,437840,110,39855,18848,17729.43,10062475,0
"2021-07-27",12059,5035475,8566,4569930,857,438697,131,39986,21613,17889.43,10084088,0
"2021-07-28",11998,5047473,8049,4577979,950,439647,129,40115,21126,18070,10105214,0
"2021-07-29",10942,5058415,7425,4585404,983,440630,130,40245,19480,17931,10124694,0
"2021-07-30",14956,5073371,8006,4593410,1149,441779,180,40425,24291,18345.86,10148985,0
"2021-07-31",9734,5083105,6309,4599719,816,442595,117,40542,16976,18643.57,10165961,0
"2021-08-01",6506,5089611,3308,4603027,564,443159,79,40621,10457,18970.14,10176418,0
"2021-08-02",13453,5103064,7155,4610182,848,444007,143,40764,21599,19363.14,10198017,0
"2021-08-03",15422,5118486,8382,4618564,1107,445114,145,40909,25056,19855,10223073,0
"2021-08-04",17264,5135750,8123,4626687,1454,446568,177,41086,27018,20696.71,10250091,0
"2021-08-05",17869,5153619,7921,4634608,1365,447933,161,41247,27316,21816.14,10277407,0
"2021-08-06",18185,5171804,8409,4643017,1233,449166,164,41411,27991,22344.71,10305398,0
"2021-08-07",13389,5185193,6015,4649032,799,449965,97,41508,20300,22819.57,10325698,0
"2021-08-08",9312,5194505,3833,4652865,399,450364,79,41587,13623,23271.86,10339321,0
"2021-08-09",21342,5215847,8529,4661394,963,451327,169,41756,31003,24615.29,10370324,0
"2021-08-10",18928,5234775,9329,4670723,950,452277,167,41923,29374,25232.14,10399698,0
"2021-08-11",15653,5250428,8309,4679032,853,453130,125,42048,24940,24935.29,10424638,0
"2021-08-12",15054,5265482,8977,4688009,938,454068,168,42216,25137,24624,10449775,0
"2021-08-13",14929,5280411,9287,4697296,921,454989,237,42453,25374,24250.14,10475149,0
"2021-08-14",10417,5290828,6408,4703704,626,455615,522,42975,17973,23917.71,10493122,0
"2021-08-15",6697,5297525,4475,4708179,677,456292,566,43541,12415,23745.14,10505537,0
"2021-08-16",15725,5313250,9292,4717471,1149,457441,1315,44856,27481,23242,10533018,0
"2021-08-17",17784,5331034,10437,4727908,1221,458662,1754,46610,31196,23502.29,10564214,0
"2021-08-18",17516,5348550,10357,4738265,1260,459922,1977,48587,31110,24383.71,10595324,0
"2021-08-19",16312,5364862,9519,4747784,1316,461238,1942,50529,29089,24948.29,10624413,0
"2021-08-20",16292,5381154,11536,4759320,1254,462492,1846,52375,30928,25741.71,10655341,0
"2021-08-21",11159,5392313,8040,4767360,877,463369,1048,53423,21124,26191.86,10676465,0
"2021-08-22",4086,5396399,3903,4771263,262,463631,512,53935,8763,25670.14,10685228,0
"2021-08-23",15584,5411983,11796,4783059,1023,464654,1542,55477,29945,26022.14,10715173,0
"2021-08-24",16922,5428905,12591,4795650,1006,465660,1769,57246,32288,26178.14,10747461,0
"2021-08-25",14589,5443494,12434,4808084,1111,466771,1561,58807,29695,25976,10777156,0
"2021-08-26",16170,5459664,14083,4822167,1072,467843,1760,60567,33085,26546.86,10810241,0
"2021-08-27",14889,5474553,14819,4836986,972,468815,1652,62219,32332,26747.43,10842573,0
"2021-08-28",10688,5485241,11513,4848499,836,469651,1010,63229,24047,27165,10866620,0
"2021-08-29",7219,5492460,7494,4855993,541,470192,770,63999,16024,28202.29,10882644,0
"2021-08-30",15530,5507990,16922,4872915,1077,471269,1781,65780,35310,28968.71,10917954,0
"2021-08-31",15528,5523518,15944,4888859,952,472221,1956,67736,34380,29267.57,10952334,0
"2021-09-01",14842,5538360,14095,4902954,1021,473242,1791,69527,31749,29561,10984083,0
"2021-09-02",14346,5552706,12515,4915469,896,474138,1689,71216,29446,29041.14,11013529,0
"2021-09-03",15017,5567723,14298,4929767,974,475112,1888,73104,32177,29019,11045706,0
"2021-09-04",9655,5577378,9404,4939171,688,475800,960,74064,20707,28541.86,11066413,0
"2021-09-05",6808,5584186,5512,4944683,438,476238,701,74765,13459,28175.43,11079872,0
"2021-09-06",5202,5589388,4506,4949189,358,476596,269,75034,10335,24607.57,11090207,0
"2021-09-07",15583,5604971,17688,4966877,913,477509,1533,76567,35717,24798.57,11125924,0
"2021-09-08",16176,5621147,14822,4981699,1073,478582,1749,78316,33820,25094.43,11159744,0
"2021-09-09",16127,5637274,14743,4996442,1048,479630,1898,80214,33816,25718.71,11193560,0
"2021-09-10",18379,5655653,15391,5011833,1209,480839,1957,82171,36936,26398.57,11230496,0
"2021-09-11",12647,5668300,10342,5022175,958,481797,1016,83187,24963,27006.57,11255459,0
"2021-09-12",8541,5676841,5049,5027224,766,482563,684,83871,15040,27232.43,11270499,0
"2021-09-13",16945,5693786,12945,5040169,974,483537,1635,85506,32499,30398.71,11302998,0
"2021-09-14",16280,5710066,13669,5053838,886,484423,1585,87091,32420,29927.71,11335418,0
"2021-09-15",15558,5725624,12866,5066704,728,485151,1560,88651,30712,29483.71,11366130,0
"2021-09-16",15353,5740977,13904,5080608,1211,486362,1439,90090,31907,29211,11398037,0
"2021-09-17",14440,5755417,13963,5094571,922,487284,1818,91908,31143,28383.43,11429180,0
"2021-09-18",10012,5765429,10170,5104741,913,488197,1043,92951,22138,27979.86,11451318,0
"2021-09-19",6183,5771612,6069,5110810,557,488754,742,93693,13551,27767.14,11464869,0
"2021-09-20",12692,5784304,12629,5123439,1069,489823,1902,95595,28292,27166.14,11493161,0
"2021-09-21",12246,5796550,12769,5136208,1111,490934,2007,97602,28133,26553.71,11521294,0
"2021-09-22",12846,5809396,11988,5148196,1091,492025,1659,99261,27584,26106.86,11548878,0
"2021-09-23",14963,5824359,12748,5160944,1639,493664,2235,101496,31585,26060.86,11580463,0
"2021-09-24",16469,5840828,13357,5174301,1632,495296,4586,106082,36044,26761,11616507,0
"2021-09-25",10554,5851382,9020,5183321,1018,496314,3419,109501,24011,27028.57,11640518,0
"2021-09-26",6319,5857701,5755,5189076,773,497087,2399,111900,15246,27270.71,11655764,0
"2021-09-27",14185,5871886,8048,5197124,1155,498242,8946,120846,32334,27848.14,11688098,0
"2021-09-28",11172,5883058,11771,5208895,901,499143,9769,130615,33613,28631,11721711,0
"2021-09-29",11629,5894687,12185,5221080,1205,500348,9329,139944,34348,29597.29,11756059,0
"2021-09-30",12261,5906948,12594,5233674,1338,501686,9617,149561,35810,30200.86,11791869,0
"2021-10-01",12668,5919616,13425,5247099,1284,502970,10173,159734,37550,30416,11829419,0
"2021-10-02",7738,5927354,9975,5257074,864,503834,4185,163919,22762,30237.57,11852181,0
"2021-10-03",5084,5932438,6159,5263233,594,504428,2594,166513,14431,30121.14,11866612,0
"2021-10-04",9929,5942367,11028,5274261,913,505341,9427,175940,31297,29973,11897909,0
"2021-10-05",10192,5952559,11743,5286004,972,506313,9856,185796,32763,29851.57,11930672,0
"2021-10-06",9937,5962496,11052,5297056,937,507250,9859,195655,31785,29485.43,11962457,0
"2021-10-07",9688,5972184,12180,5309236,852,508102,10121,205776,32841,29061.29,11995298,0
"2021-10-08",9490,5981674,12167,5321403,943,509045,10823,216599,33423,28471.71,12028721,0
"2021-10-09",6280,5987954,8276,5329679,649,509694,4063,220662,19268,27972.57,12047989,0
"2021-10-10",3548,5991502,5022,5334701,458,510152,2406,223068,11434,27544.43,12059423,0
"2021-10-11",7644,5999146,9329,5344030,728,510880,8843,231911,26544,26865.43,12085967,0
"2021-10-12",8092,6007238,11004,5355034,891,511771,10420,242331,30407,26528.86,12116374,0
"2021-10-13",7188,6014426,10143,5365177,869,512640,8687,251018,26887,25829.14,12143261,0
"2021-10-14",7467,6021893,11109,5376286,836,513476,10005,261023,29417,25340,12172678,0
"2021-10-15",7751,6029644,11867,5388153,823,514299,10687,271710,31128,25012.14,12203806,0
"2021-10-16",4874,6034518,7463,5395616,666,514965,3790,275500,16793,24658.57,12220599,0
"2021-10-17",3063,6037581,4474,5400090,411,515376,2418,277918,10366,24506,12230965,0
"2021-10-18",7087,6044668,10656,5410746,797,516173,9355,287273,27895,24699,12258860,0
"2021-10-19",6601,6051269,8941,5419687,806,516979,8985,296258,25333,23974.14,12284193,0
"2021-10-20",6567,6057836,9373,5429060,975,517954,9880,306138,26795,23961,12310988,0
"2021-10-21",7063,6064899,9377,5438437,859,518813,10736,316874,28035,23763.57,12339023,0
"2021-10-22",8171,6073070,10349,5448786,1026,519839,16258,333132,35804,24431.57,12374827,0
"2021-10-23",5203,6078273,6459,5455245,690,520529,9076,342208,21428,25093.71,12396255,0
"2021-10-24",3287,6081560,3969,5459214,770,521299,6138,348346,14164,25636.29,12410419,0
"2021-10-25",8831,6090391,8750,5467964,1148,522447,19181,367527,37910,27067,12448329,0
"2021-10-26",8247,6098638,7727,5475691,1259,523706,17226,384753,34459,28370.71,12482788,0
"2021-10-27",10624,6109262,8398,5484089,1604,525310,20765,405518,41391,30455.86,12524179,0
"2021-10-28",11378,6120640,8043,5492132,1793,527103,20753,426271,41967,32446.14,12566146,0
"2021-10-29",11899,6132539,8246,5500378,1963,529066,22441,448712,44549,33695.43,12610695,0
"2021-10-30",4656,6137195,5051,5505429,934,530000,11121,459833,21762,33743.14,12632457,0
"2021-10-31",2677,6139872,2704,5508133,545,530545,6601,466434,12527,33509.29,12644984,0
"2021-11-01",7199,6147071,6953,5515086,1090,531635,20293,486727,35535,33170,12680519,0
"2021-11-02",6632,6153703,6585,5521671,1053,532688,20674,507401,34944,33239.29,12715463,0
"2021-11-03",6907,6160610,6678,5528349,1028,533716,20530,527931,35143,32346.71,12750606,0
"2021-11-04",9352,6169962,6276,5534625,997,534713,22260,550191,38885,31906.43,12789491,0
"2021-11-05",11123,6181085,6723,5541348,1052,535765,23681,573872,42579,31625,12832070,0
"2021-11-06",11151,6192236,4051,5545399,593,536358,12561,586433,28356,32567,12860426,0
"2021-11-07",7282,6199518,2282,5547681,576,536934,7076,593509,17216,33236.86,12877642,0
"2021-11-08",15109,6214627,5678,5553359,867,537801,19425,612934,41079,34028.86,12918721,0
"2021-11-09",16208,6230835,5381,5558740,661,538462,20459,633393,42709,35138.14,12961430,0
"2021-11-10",17005,6247840,5331,5564071,684,539146,22543,655936,45563,36626.71,13006993,0
"2021-11-11",12634,6260474,5194,5569265,761,539907,21985,677921,40574,36868,13047567,0
"2021-11-12",16951,6277425,5684,5574949,708,540615,23329,701250,46672,37452.71,13094239,0
"2021-11-13",9973,6287398,3666,5578615,465,541080,13289,714539,27393,37315.14,13121632,0
"2021-11-14",6040,6293438,2294,5580909,325,541405,7905,722444,16564,37222,13138196,0
"2021-11-15",13298,6306736,5971,5586880,690,542095,25010,747454,44969,37777.71,13183165,0
"2021-11-16",10033,6316769,5796,5592676,655,542750,30550,778004,47034,38395.57,13230199,0
"2021-11-17",10380,6327149,6679,5599355,682,543432,31279,809283,49020,38889.43,13279219,0
"2021-11-18",10799,6337948,6550,5605905,861,544293,32908,842191,51118,40395.71,13330337,0
"2021-11-19",12108,6350056,6553,5612458,717,545010,36144,878335,55522,41660,13385859,0
"2021-11-20",9391,6359447,3422,5615880,514,545524,22426,900761,35753,42854.29,13421612,0
"2021-11-21",5001,6364448,1893,5617773,288,545812,13157,913918,20339,43393.57,13441951,0
"2021-11-22",10537,6374985,5790,5623563,752,546564,35755,949673,52834,44517.14,13494785,0
"2021-11-23",9886,6384871,4782,5628345,635,547199,33379,983052,48682,44752.57,13543467,0
"2021-11-24",8777,6393648,4760,5633105,651,547850,25835,1008887,40023,43467.29,13583490,0
"2021-11-25",453,6394101,324,5633429,80,547930,997,1009884,1854,36429.57,13585344,0
"2021-11-26",8116,6402217,6989,5640418,528,548458,26506,1036390,42139,34517.71,13627483,0
"2021-11-27",6724,6408941,6828,5647246,373,548831,18755,1055145,32680,34078.71,13660163,0
"2021-11-28",4107,6413048,5783,5653029,282,549113,11829,1066974,22001,34316.14,13682164,0
"2021-11-29",9190,6422238,10985,5664014,688,549801,34876,1101850,55739,34731.14,13737903,0
"2021-11-30",10596,6432834,11429,5675443,512,550313,37638,1139488,60175,36373,13798078,0
"2021-12-01",11305,6444139,10960,5686403,723,551036,40204,1179692,63192,39682.86,13861270,0
"2021-12-02",11743,6455882,11024,5697427,626,551662,41986,1221678,65379,48757.86,13926649,0
"2021-12-03",13617,6469499,12869,5710296,676,552338,47773,1269451,74935,53443,14001584,0
"2021-12-04",9917,6479416,11276,5721572,567,552905,30575,1300026,52335,56250.86,14053919,0
"2021-12-05",5794,6485210,5702,5727274,270,553175,16614,1316640,28380,57162.14,14082299,0
"2021-12-06",12464,6497674,9939,5737213,603,553778,43103,1359743,66109,58643.57,14148408,0
"2021-12-07",12700,6510374,9242,5746455,626,554404,42938,1402681,65506,59405.14,14213914,0
"2021-12-08",13675,6524049,8746,5755201,556,554960,40639,1443320,63616,59465.71,14277530,0
"2021-12-09",13608,6537657,8757,5763958,558,555518,40691,1484011,63614,59213.57,14341144,0
"2021-12-10",14166,6551823,10125,5774083,672,556190,43501,1527512,68464,58289.14,14409608,0
"2021-12-11",10328,6562151,8104,5782187,405,556595,26644,1554156,45481,57310,14455089,0
"2021-12-12",6063,6568214,3856,5786043,288,556883,15120,1569276,25327,56873.86,14480416,0
"2021-12-13",12337,6580551,7413,5793456,657,557540,37761,1607037,58168,55739.43,14538584,0
"2021-12-14",12318,6592869,6957,5800413,732,558272,38046,1645083,58053,54674.71,14596637,0
"2021-12-15",12243,6605112,6237,5806650,755,559027,37975,1683058,57210,53759.57,14653847,0
"2021-12-16",13238,6618350,4264,5810914,734,559761,40875,1723933,59111,53116.29,14712958,0
"2021-12-17",16123,6634473,6928,5817842,620,560381,46551,1770484,70222,53367.43,14783180,0
"2021-12-18",13093,6647566,5717,5823559,432,560813,30506,1800990,49748,53977,14832928,0
"2021-12-19",7067,6654633,2988,5826547,327,561140,17950,1818940,28332,54406.29,14861260,0
"2021-12-20",17008,6671641,5866,5832413,746,561886,47273,1866213,70893,56224.14,14932153,0
"2021-12-21",18073,6689714,6555,5838968,808,562694,48735,1914948,74171,58526.71,15006324,0
"2021-12-22",18673,6708387,6556,5845524,938,563632,49469,1964417,75636,61159,15081960,0
"2021-12-23",19126,6727513,6479,5852003,930,564562,45705,2010122,72240,63034.57,15154200,0
"2021-12-24",9258,6736771,2952,5854955,598,565160,20562,2030684,33370,57770,15187570,0
"2021-12-25",343,6737114,65,5855020,31,565191,422,2031106,861,50786.14,15188431,0
"2021-12-26",7996,6745110,3925,5858945,341,565532,17247,2048353,29509,50954.29,15217940,0
"2021-12-27",21881,6766991,9200,5868145,933,566465,43326,2091679,75340,51589.57,15293280,0
"2021-12-28",20231,6787222,8322,5876467,698,567163,47463,2139142,76714,51952.86,15369994,0
"2021-12-29",18549,6805771,7658,5884125,607,567770,45429,2184571,72243,51468.14,15442237,0
"2021-12-30",16934,6822705,7413,5891538,582,568352,44736,2229307,69665,51100.29,15511902,0
"2021-12-31",5379,6828084,2798,5894336,193,568545,14716,2244023,23086,49631.14,15534988,0
"2022-01-01",236,6828320,146,5894482,11,568556,498,2244521,891,49635.43,15535879,0
"2022-01-02",6458,6834778,5009,5899491,153,568709,10962,2255483,22582,48645.86,15558461,0
"2022-01-03",14210,6848988,8479,5907970,515,569224,26810,2282293,50014,45027.86,15608475,0
"2022-01-04",13147,6862135,8060,5916030,412,569636,26922,2309215,48541,41003.14,15657016,0
"2022-01-05",11681,6873816,6957,5922987,385,570021,25675,2334890,44698,37068.14,15701714,0
"2022-01-06",11606,6885422,7356,5930343,480,570501,27377,2362267,46819,33804.43,15748533,0
"2022-01-07",10513,6895935,8415,5938758,337,570838,24887,2387154,44152,36813.86,15792685,0
"2022-01-08",7972,6903907,8542,5947300,310,571148,19354,2406508,36178,41854.86,15828863,0
"2022-01-09",4158,6908065,3842,5951142,214,571362,10039,2416547,18253,41236.43,15847116,0
"2022-01-10",10219,6918284,8174,5959316,490,571852,24523,2441070,43406,40292.43,15890522,0
"2022-01-11",8959,6927243,7972,5967288,520,572372,20936,2462006,38387,38841.86,15928909,0
"2022-01-12",9014,6936257,8305,5975593,428,572800,22249,2484255,39996,38170.14,15968905,0
"2022-01-13",9109,6945366,8840,5984433,449,573249,22733,2506988,41131,37357.57,16010036,0
"2022-01-14",10127,6955493,8064,5992497,475,573724,26167,2533155,44833,37454.86,16054869,0
"2022-01-15",6201,6961694,4264,5996761,178,573902,14927,2548082,25570,35939.43,16080439,0
"2022-01-16",2938,6964632,3251,6000012,93,573995,7798,2555880,14080,35343.29,16094519,0
"2022-01-17",6112,6970744,6751,6006763,363,574358,14611,2570491,27837,33119.14,16122356,0
"2022-01-18",8143,6978887,10148,6016911,397,574755,19330,2589821,38018,33066.43,16160374,0
"2022-01-19",7544,6986431,9224,6026135,306,575061,17629,2607450,34703,32310.29,16195077,0
"2022-01-20",6347,6992778,8563,6034698,304,575365,15142,2622592,30356,30771,16225433,0
"2022-01-21",7659,7000437,7484,6042182,277,575642,18389,2640981,33809,29196.14,16259242,0
"2022-01-22",5217,7005654,4924,6047106,131,575773,11278,2652259,21550,28621.86,16280792,0
"2022-01-23",2824,7008478,3326,6050432,97,575870,6214,2658473,12461,28390.57,16293253,0
"2022-01-24",6423,7014901,8182,6058614,261,576131,14993,2673466,29859,28679.43,16323112,0
"2022-01-25",6225,7021126,7918,6066532,232,576363,14634,2688100,29009,27392.43,16352121,0
"2022-01-26",5799,7026925,7147,6073679,290,576653,13958,2702058,27194,26319.71,16379315,0
"2022-01-27",5282,7032207,7075,6080754,320,576973,14023,2716081,26700,25797.43,16406015,0
"2022-01-28",6317,7038524,7847,6088601,205,577178,16059,2732140,30428,25314.43,16436443,0
"2022-01-29",848,7039372,726,6089327,28,577206,2521,2734661,4123,22824.86,16440566,0
"2022-01-30",2107,7041479,3016,6092343,103,577309,4527,2739188,9753,22438,16450319,0
"2022-01-31",5038,7046517,6585,6098928,219,577528,11313,2750501,23155,21480.29,16473474,0
"2022-02-01",4859,7051376,6440,6105368,219,577747,10658,2761159,22176,20504.14,16495650,0
"2022-02-02",4278,7055654,5921,6111289,214,577961,11171,2772330,21584,19702.71,16517234,0
"2022-02-03",4245,7059899,5787,6117076,217,578178,11167,2783497,21416,18947.86,16538650,0
"2022-02-04",4801,7064700,7087,6124163,214,578392,13149,2796646,25251,18208.29,16563901,0
"2022-02-05",3601,7068301,6039,6130202,110,578502,8549,2805195,18299,20233.43,16582200,0
"2022-02-06",2072,7070373,2132,6132334,121,578623,4622,2809817,8947,20118.29,16591147,0
"2022-02-07",4174,7074547,4719,6137053,205,578828,10106,2819923,19204,19553.86,16610351,0
"2022-02-08",4248,7078795,5595,6142648,213,579041,11259,2831182,21315,19430.86,16631666,0
"2022-02-09",4156,7082951,5388,6148036,222,579263,11607,2842789,21373,19400.71,16653039,0
"2022-02-10",4006,7086957,5102,6153138,243,579506,12111,2854900,21462,19407.29,16674501,0
"2022-02-11",4542,7091499,5795,6158933,194,579700,13685,2868585,24216,19259.43,16698717,0
"2022-02-12",3274,7094773,4332,6163265,96,579796,8774,2877359,16476,18999,16715193,0
"2022-02-13",1525,7096298,1543,6164808,41,579837,4870,2882229,7979,18860.71,16723172,0
"2022-02-14",3007,7099305,3616,6168424,165,580002,10537,2892766,17325,18592.29,16740497,0
"2022-02-15",3580,7102885,4056,6172480,176,580178,12732,2905498,20544,18482.14,16761041,0
"2022-02-16",3689,7106574,3887,6176367,196,580374,15641,2921139,23413,18773.57,16784454,0
"2022-02-17",4074,7110648,4080,6180447,165,580539,18196,2939335,26515,19495.43,16810969,0
"2022-02-18",4503,7115151,4773,6185220,189,580728,21501,2960836,30966,20459.71,16841935,0
"2022-02-19",3268,7118419,2176,6187396,65,580793,11147,2971983,16656,20485.43,16858591,0
"2022-02-20",1868,7120287,1444,6188840,59,580852,6559,2978542,9930,20764.14,16868521,0
"2022-02-21",3115,7123402,2684,6191524,95,580947,8323,2986865,14217,20320.14,16882738,0
"2022-02-22",4416,7127818,4241,6195765,175,581122,10788,2997653,19620,20188.14,16902358,0
"2022-02-23",4295,7132113,3776,6199541,144,581266,10623,3008276,18838,19534.57,16921196,0
"2022-02-24",3772,7135885,3652,6203193,108,581374,10156,3018432,17688,18273.57,16938884,0
"2022-02-25",3641,7139526,3604,6206797,135,581509,9949,3028381,17329,16325.43,16956213,0
"2022-02-26",2859,7142385,2574,6209371,74,581583,9490,3037871,14997,16088.43,16971210,0
"2022-02-27",1781,7144166,1368,6210739,52,581635,6264,3044135,9465,16022,16980675,0
"2022-02-28",3827,7147993,3120,6213859,140,581775,13084,3057219,20171,16872.57,17000846,0
"2022-03-01",2130,7150123,2605,6216464,102,581877,5150,3062369,9987,15496.43,17010833,0
"2022-03-02",1837,7151960,2418,6218882,105,581982,4100,3066469,8460,14013.86,17019293,0
"2022-03-03",1942,7153902,2548,6221430,106,582088,3780,3070249,8376,12683.57,17027669,0
"2022-03-04",2106,7156008,2863,6224293,67,582155,4307,3074556,9343,11542.71,17037012,0
"2022-03-05",1610,7157618,2118,6226411,43,582198,3301,3077857,7072,10410.57,17044084,0
"2022-03-06",802,7158420,877,6227288,30,582228,1615,3079472,3324,9533.29,17047408,0
"2022-03-07",1675,7160095,1774,6229062,85,582313,3473,3082945,7007,7652.71,17054415,0
"2022-03-08",1551,7161646,1894,6230956,79,582392,3112,3086057,6636,7174,17061051,0
"2022-03-09",1262,7162908,1662,6232618,78,582470,2567,3088624,5569,6761,17066620,0
"2022-03-10",1429,7164337,2095,6234713,85,582555,2936,3091560,6545,6499.43,17073165,0
"2022-03-11",1607,7165944,2261,6236974,81,582636,3192,3094752,7141,6184.86,17080306,0
"2022-03-12",882,7166826,1410,6238384,39,582675,1994,3096746,4325,5792.43,17084631,0
"2022-03-13",626,7167452,755,6239139,26,582701,1289,3098035,2696,5702.71,17087327,0
"2022-03-14",1384,7168836,1591,6240730,83,582784,2971,3101006,6029,5563,17093356,0
"2022-03-15",1345,7170181,1918,6242648,62,582846,3064,3104070,6389,5527.71,17099745,0
"2022-03-16",1396,7171577,2055,6244703,94,582940,3117,3107187,6662,5683.86,17106407,0
"2022-03-17",1184,7172761,1805,6246508,69,583009,2741,3109928,5799,5577.29,17112206,0
"2022-03-18",1578,7174339,2158,6248666,80,583089,3745,3113673,7561,5637.29,17119767,0
"2022-03-19",1113,7175452,1724,6250390,53,583142,2582,3116255,5472,5801.14,17125239,0
"2022-03-20",613,7176065,630,6251020,32,583174,1458,3117713,2733,5806.43,17127972,0
"2022-03-21",1424,7177489,1539,6252559,73,583247,3032,3120745,6068,5812,17134040,0
"2022-03-22",1333,7178822,1540,6254099,101,583348,2878,3123623,5852,5735.29,17139892,0
"2022-03-23",1258,7180080,1343,6255442,66,583414,2899,3126522,5566,5578.71,17145458,0
"2022-03-24",1215,7181295,1289,6256731,89,583503,2501,3129023,5094,5478,17150552,0
"2022-03-25",1383,7182678,1601,6258332,61,583564,3236,3132259,6281,5295.14,17156833,0
"2022-03-26",922,7183600,1146,6259478,36,583600,2281,3134540,4385,5139.86,17161218,0
"2022-03-27",573,7184173,526,6260004,29,583629,1308,3135848,2436,5097.43,17163654,0
"2022-03-28",1081,7185254,1144,6261148,67,583696,2424,3138272,4716,4904.29,17168370,0
"2022-03-29",1041,7186295,1100,6262248,86,583782,2492,3140764,4719,4742.43,17173089,0
"2022-03-30",1241,7187536,1126,6263374,95,583877,3034,3143798,5496,4732.43,17178585,0
"2022-03-31",1235,7188771,1232,6264606,57,583934,3120,3146918,5644,4811,17184229,0
"2022-04-01",1377,7190148,1468,6266074,67,584001,3208,3150126,6120,4788,17190349,0
"2022-04-02",880,7191028,909,6266983,31,584032,2080,3152206,3900,4718.71,17194249,0
"2022-04-03",544,7191572,495,6267478,28,584060,1214,3153420,2281,4696.57,17196530,0
"2022-04-04",1309,7192881,1291,6268769,56,584116,2676,3156096,5332,4784.57,17201862,0
"2022-04-05",1264,7194145,1131,6269900,66,584182,2821,3158917,5282,4865,17207144,0
"2022-04-06",1263,7195408,1151,6271051,55,584237,2567,3161484,5036,4799.29,17212180,0
"2022-04-07",1156,7196564,1034,6272085,53,584290,2301,3163785,4544,4642.14,17216724,0
"2022-04-08",1457,7198021,1370,6273455,51,584341,3044,3166829,5922,4613.86,17222646,120000
"2022-04-09",926,7198947,910,6274365,24,584365,2018,3168847,3878,4610.71,17226524,120000
"2022-04-10",591,7199538,453,6274818,24,584389,1156,3170003,2224,4602.57,17228748,120000
"2022-04-11",1319,7200857,1189,6276007,56,584445,2590,3172593,5154,4577.14,17233902,120000
"2022-04-12",1163,7202020,999,6277006,64,584509,2371,3174964,4597,4479.29,17238499,120000
"2022-04-13",1235,7203255,1016,6278022,46,584555,2372,3177336,4669,4426.86,17243168,120000
"2022-04-14",413,7203668,365,6278387,16,584571,817,3178153,1611,4007.86,17244779,120000
