"DATE","ADMIN_DOSE1_DAILY","ADMIN_DOSE1_CUMULATIVE","ADMIN_DOSE2_DAILY","ADMIN_DOSE2_CUMULATIVE","ADMIN_SINGLE_DAILY","ADMIN_SINGLE_CUMULATIVE","ADMIN_ADDITIONAL1_DAILY","ADMIN_ADDITIONAL1_CUMULATIVE","ADMIN_ADDITIONAL2_DAILY","ADMIN_ADDITIONAL2_CUMULATIVE","ADMIN_ADDITIONAL_DAILY","ADMIN_ADDITIONAL_CUMULATIVE","ADMIN_BIVALENT_ADDITIONAL_DAILY","ADMIN_BIVALENT_ADDITIONAL_CUMULATIVE","ADMIN_ALLDOSES_DAILY","ADMIN_ALLDOSES_7DAYAVG","ADMIN_ALLDOSES_CUMULATIVE","ADMIN_ALLDOSES_PRIMARY","INCOMPLETE"
2020-12-14,79,79,0,0,2,2,0,0,0,0,0,0,0,0,81,,81,81,0
2020-12-15,2052,2131,7,7,5,7,0,0,0,0,0,0,0,0,2064,,2145,2145,0
2020-12-16,4604,6735,17,24,4,11,1,1,0,0,1,1,0,0,4626,,6771,6770,0
2020-12-17,4661,11396,18,42,2,13,1,2,0,0,1,2,0,0,4682,,11453,11451,0
2020-12-18,5834,17230,22,64,2,15,2,4,0,0,2,4,0,0,5860,,17313,17309,0
2020-12-19,1688,18918,9,73,3,18,0,4,0,0,0,4,0,0,1700,,19013,19009,0
2020-12-20,1118,20036,2,75,1,19,0,4,0,0,0,4,0,0,1121,2876.29,20134,20130,0
2020-12-21,6391,26427,23,98,0,19,4,8,0,0,4,8,0,0,6418,3781.57,26552,26544,0
2020-12-22,9764,36191,30,128,2,21,1,9,0,0,1,9,0,0,9797,4886.29,36349,36340,0
2020-12-23,14274,50465,39,167,3,24,0,9,0,0,0,9,0,0,14316,6270.57,50665,50656,0
2020-12-24,7170,57635,28,195,1,25,0,9,0,0,0,9,0,0,7199,6630.14,57864,57855,0
2020-12-25,180,57815,0,195,0,25,1,10,0,0,1,10,0,0,181,5818.86,58045,58035,0
2020-12-26,4392,62207,48,243,0,25,1,11,0,0,1,11,0,0,4441,6210.43,62486,62475,0
2020-12-27,3869,66076,15,258,0,25,1,12,0,0,1,12,0,0,3885,6605.29,66371,66359,0
2020-12-28,10991,77067,51,309,1,26,3,15,0,0,3,15,0,0,11046,7266.43,77417,77402,0
2020-12-29,10712,87779,37,346,2,28,3,18,0,0,3,18,0,0,10754,7403.14,88171,88153,0
2020-12-30,12819,100598,45,391,0,28,0,18,0,0,0,18,0,0,12864,7195.71,101035,101017,0
2020-12-31,7257,107855,39,430,1,29,0,18,0,0,0,18,0,0,7297,7209.71,108332,108314,0
2021-01-01,178,108033,2,432,1,30,3,21,0,0,3,21,0,0,184,7210.14,108516,108495,0
2021-01-02,3810,111843,10,442,3,33,2,23,0,0,2,23,0,0,3825,7122.14,112341,112318,0
2021-01-03,3545,115388,24,466,2,35,1,24,0,0,1,24,0,0,3572,7077.43,115913,115889,0
2021-01-04,12248,127636,812,1278,2,37,7,31,0,0,7,31,0,0,13069,7366.43,128982,128951,0
2021-01-05,14086,141722,2197,3475,2,39,14,45,1,1,15,46,0,0,16300,8158.71,145282,145236,0
2021-01-06,17795,159517,3928,7403,1,40,33,78,8,9,41,87,0,0,21765,9430.29,167047,166960,0
2021-01-07,16538,176055,5186,12589,4,44,46,124,3,12,49,136,0,0,21777,11498.86,188824,188688,0
2021-01-08,16610,192665,5463,18052,0,44,37,161,5,17,42,178,0,0,22115,14631.86,210939,210761,0
2021-01-09,7647,200312,1464,19516,1,45,9,170,2,19,11,189,0,0,9123,15388.71,220062,219873,0
2021-01-10,7877,208189,980,20496,0,45,14,184,0,19,14,203,0,0,8871,16145.71,228933,228730,0
2021-01-11,25809,233998,7461,27957,2,47,60,244,6,25,66,269,0,0,33338,19041.29,262271,262002,0
2021-01-12,28241,262239,7866,35823,1,48,46,290,5,30,51,320,0,0,36159,21878.29,298430,298110,0
2021-01-13,31702,293941,9417,45240,1,49,61,351,6,36,67,387,0,0,41187,24652.86,339617,339230,0
2021-01-14,35792,329733,5306,50546,1,50,34,385,7,43,41,428,0,0,41140,27419,380757,380329,0
2021-01-15,29245,358978,3717,54263,2,52,33,418,6,49,39,467,0,0,33003,28974.43,413760,413293,0
2021-01-16,30257,389235,2398,56661,0,52,25,443,6,55,31,498,0,0,32686,32340.57,446446,445948,0
2021-01-17,23723,412958,1648,58309,0,52,20,463,1,56,21,519,0,0,25392,34700.71,471838,471319,0
2021-01-18,27076,440034,2431,60740,0,52,37,500,7,63,44,563,0,0,29552,34159.86,501390,500827,0
2021-01-19,34264,474298,9646,70386,1,53,73,573,8,71,81,644,0,0,43992,35278.86,545382,544738,0
2021-01-20,34844,509142,9505,79891,1,54,62,635,3,74,65,709,0,0,44415,35740,589797,589088,0
2021-01-21,25572,534714,8098,87989,2,56,55,690,5,79,60,769,0,0,33732,34681.71,623529,622760,0
2021-01-22,24738,559452,4388,92377,1,57,32,722,7,86,39,808,0,0,29166,34133.57,652695,651887,0
2021-01-23,15732,575184,3227,95604,0,57,12,734,2,88,14,822,0,0,18973,32174.57,671668,670846,0
2021-01-24,7167,582351,3462,99066,0,57,20,754,1,89,21,843,0,0,10650,30068.57,682318,681475,0
2021-01-25,13388,595739,11835,110901,0,57,70,824,13,102,83,926,0,0,25306,29462,707624,706698,0
2021-01-26,16747,612486,10764,121665,0,57,69,893,3,105,73,999,0,0,27584,27118,735208,734210,0
2021-01-27,20818,633304,12354,134019,0,57,56,949,9,114,65,1064,0,0,33237,25521.14,768445,767382,0
2021-01-28,30724,664028,12857,146876,0,57,88,1037,16,130,104,1168,0,0,43688,26943.43,812133,810966,0
2021-01-29,31665,695693,11515,158391,0,57,85,1122,11,141,96,1264,0,0,43276,28959.14,855409,854146,0
2021-01-30,18704,714397,3745,162136,0,57,23,1145,2,143,26,1290,0,0,22475,29459.43,877884,876596,0
2021-01-31,13004,727401,2932,165068,1,58,28,1173,5,148,33,1323,0,0,15970,30219.43,893854,892533,0
2021-02-01,1180,728581,5399,170467,4,62,38,1211,4,152,42,1365,0,0,6625,27550.71,900479,899116,0
2021-02-02,2823,731404,9442,179909,2,64,54,1265,3,155,57,1422,0,0,12324,25370.71,912803,911383,0
2021-02-03,16341,747745,21235,201144,4,68,214,1479,22,177,236,1658,0,0,37816,26024.86,950619,948963,0
2021-02-04,27030,774775,19652,220796,3,71,213,1692,11,188,224,1882,0,0,46909,26485,997528,995648,0
2021-02-05,27575,802350,20027,240823,0,71,199,1891,16,204,216,2098,0,0,47818,27133.86,1045346,1043251,0
2021-02-06,22970,825320,11253,252076,0,71,117,2008,13,217,130,2228,0,0,34353,28830.71,1079699,1077474,0
2021-02-07,12026,837346,8285,260361,1,72,99,2107,13,230,113,2341,0,0,20425,29467.14,1100124,1097787,0
2021-02-08,16933,854279,23524,283885,2,74,243,2350,38,268,282,2623,0,0,40741,34340.86,1140865,1138247,0
2021-02-09,17181,871460,28083,311968,2,76,365,2715,43,311,411,3034,0,0,45677,39105.57,1186542,1183516,0
2021-02-10,19577,891037,29303,341271,2,78,275,2990,52,363,330,3364,0,0,49213,40733.71,1235755,1232402,0
2021-02-11,27827,918864,33453,374724,2,80,358,3348,60,423,418,3782,0,0,61702,42847,1297457,1293686,0
2021-02-12,38346,957210,30804,405528,3,83,373,3721,42,465,416,4198,0,0,69569,45954.29,1367026,1362840,0
2021-02-13,27977,985187,25316,430844,2,85,318,4039,59,524,378,4576,0,0,53674,48714.43,1420700,1416137,0
2021-02-14,16256,1001443,23719,454563,0,85,283,4322,37,561,320,4896,0,0,40295,51553,1460995,1456112,0
2021-02-15,12787,1014230,10524,465087,2,87,184,4506,24,585,209,5105,0,0,23522,49093.14,1484517,1479426,0
2021-02-16,14229,1028459,26703,491790,0,87,347,4853,42,627,390,5495,0,0,41322,48471,1525839,1520359,0
2021-02-17,16376,1044835,22195,513985,1,88,289,5142,42,669,331,5826,0,0,38903,46998.14,1564742,1558931,0
2021-02-18,12130,1056965,24984,538969,21,109,308,5450,47,716,355,6181,0,0,37490,43539.29,1602232,1596066,0
2021-02-19,13234,1070199,23925,562894,38,147,317,5767,49,765,366,6547,0,0,37563,38967,1639795,1633263,0
2021-02-20,11339,1081538,26066,588960,7,154,344,6111,79,844,425,6972,0,0,37838,36704.71,1677633,1670678,0
2021-02-21,6345,1087883,17410,606370,15,169,306,6417,46,890,353,7325,0,0,24123,34394.43,1701756,1694449,0
2021-02-22,13040,1100923,11834,618204,2,171,134,6551,22,912,156,7481,0,0,25032,34610.14,1726788,1719325,0
2021-02-23,25221,1126144,14146,632350,1,172,171,6722,36,948,208,7689,0,0,39577,34360.86,1766365,1758695,0
2021-02-24,36316,1162460,20409,652759,0,172,234,6956,43,991,278,7967,0,0,57003,36946.57,1823368,1815421,0
2021-02-25,54509,1216969,30450,683209,6,178,417,7373,68,1059,486,8453,0,0,85451,43798.14,1908819,1900387,0
2021-02-26,62783,1279752,31900,715109,4,182,431,7804,79,1138,512,8965,0,0,95199,52031.86,2004018,1995076,0
2021-02-27,51254,1331006,22754,737863,47,229,358,8162,54,1192,413,9378,0,0,74468,57264.71,2078486,2069132,0
2021-02-28,44541,1375547,13853,751716,7,236,210,8372,38,1230,248,9626,0,0,58649,62197,2137135,2127533,0
2021-03-01,39295,1414842,12784,764500,10,246,174,8546,25,1255,199,9825,0,0,52288,66090.71,2189423,2179622,0
2021-03-02,47069,1461911,12575,777075,7,253,161,8707,19,1274,180,10005,0,0,59831,68984.14,2249254,2239273,0
2021-03-03,48589,1510500,16151,793226,17,270,158,8865,21,1295,179,10184,0,0,64936,70117.43,2314190,2304030,0
2021-03-04,59791,1570291,22819,816045,1092,1362,279,9144,38,1333,319,10503,0,0,84021,69913.14,2398211,2387734,0
2021-03-05,60940,1631231,24294,840339,3107,4469,339,9483,35,1368,376,10879,0,0,88717,68987.14,2486928,2476077,0
2021-03-06,47144,1678375,18886,859225,5451,9920,247,9730,42,1410,289,11168,0,0,71770,68601.71,2558698,2547558,0
2021-03-07,36012,1714387,14887,874112,6243,16163,243,9973,23,1433,268,11436,0,0,57410,68424.71,2616108,2604702,0
2021-03-08,39601,1753988,14682,888794,8554,24717,327,10300,95,1528,427,11863,0,0,63264,69992.71,2679372,2667544,0
2021-03-09,39079,1793067,12858,901652,7757,32474,190,10490,35,1563,226,12089,0,0,59920,70005.43,2739292,2727239,0
2021-03-10,51802,1844869,15368,917020,5064,37538,232,10722,34,1597,268,12357,0,0,72502,71086.29,2811794,2799475,0
2021-03-11,59957,1904826,21826,938846,4618,42156,260,10982,48,1645,310,12667,0,0,86711,71470.57,2898505,2885878,0
2021-03-12,52167,1956993,30306,969152,4181,46337,389,11371,92,1737,481,13148,0,0,87135,71244.57,2985640,2972532,0
2021-03-13,40633,1997626,26677,995829,5109,51446,343,11714,57,1794,400,13548,0,0,72819,71394.43,3058459,3044951,0
2021-03-14,30694,2028320,15968,1011797,4522,55968,258,11972,28,1822,288,13836,0,0,51473,70546.29,3109932,3096138,0
2021-03-15,33577,2061897,17257,1029054,4702,60670,247,12219,33,1855,280,14116,0,0,55816,69482.29,3165748,3151674,0
2021-03-16,38657,2100554,20508,1049562,4922,65592,273,12492,37,1892,311,14427,0,0,64398,70122,3230146,3215762,0
2021-03-17,42595,2143149,24782,1074344,4242,69834,359,12851,44,1936,404,14831,0,0,72023,70053.57,3302169,3287382,0
2021-03-18,50405,2193554,26811,1101155,5224,75058,390,13241,64,2000,454,15285,0,0,82894,69508.29,3385063,3369822,0
2021-03-19,47759,2241313,29964,1131119,5622,80680,410,13651,76,2076,486,15771,0,0,83832,69036.43,3468895,3453168,0
2021-03-20,38686,2279999,25837,1156956,4681,85361,312,13963,60,2136,373,16144,0,0,69577,68573.29,3538472,3522373,0
2021-03-21,29282,2309281,19350,1176306,769,86130,235,14198,46,2182,281,16425,0,0,49682,68317.43,3588154,3571774,0
2021-03-22,33846,2343127,26753,1203059,4037,90167,261,14459,38,2220,300,16725,0,0,64937,69620.43,3653091,3636412,0
2021-03-23,38412,2381539,32850,1235909,4213,94380,305,14764,56,2276,365,17090,0,0,75840,71255,3728931,3711891,0
2021-03-24,41467,2423006,37613,1273522,4843,99223,342,15106,66,2342,411,17501,0,0,84334,73013.71,3813265,3795817,0
2021-03-25,43382,2466388,50780,1324302,5050,104273,496,15602,90,2432,590,18091,0,0,99802,75429.14,3913067,3895033,0
2021-03-26,38480,2504868,55493,1379795,4307,108580,549,16151,106,2538,659,18750,0,0,98939,77587.29,4012006,3993317,0
2021-03-27,35716,2540584,45740,1425535,2938,111518,441,16592,87,2625,529,19279,0,0,84923,79779.57,4096929,4077712,0
2021-03-28,26370,2566954,34443,1459978,1480,112998,355,16947,69,2694,428,19707,0,0,62721,81642.29,4159650,4140009,0
2021-03-29,34797,2601751,38855,1498833,3243,116241,367,17314,116,2810,484,20191,0,0,77379,83419.71,4237029,4216905,0
2021-03-30,40481,2642232,41922,1540755,3712,119953,354,17668,67,2877,422,20613,0,0,86537,84947.86,4323566,4303021,0
2021-03-31,49364,2691596,44871,1585626,7438,127391,426,18094,89,2966,515,21128,0,0,102188,87498.43,4425754,4404694,0
2021-04-01,50755,2742351,53939,1639565,11272,138663,521,18615,87,3053,612,21740,0,0,116578,89895,4542332,4520664,0
2021-04-02,43744,2786095,53870,1693435,11964,150627,566,19181,72,3125,644,22384,0,0,110222,91506.86,4652554,4630248,0
2021-04-03,39236,2825331,39205,1732640,9859,160486,353,19534,60,3185,414,22798,0,0,88714,92048.43,4741268,4718549,0
2021-04-04,26547,2851878,24777,1757417,3902,164388,233,19767,51,3236,284,23082,0,0,55510,91018.29,4796778,4773775,0
2021-04-05,41856,2893734,34476,1791893,11194,175582,396,20163,61,3297,458,23540,0,0,87984,92533.29,4884762,4861302,0
2021-04-06,53231,2946965,35616,1827509,13212,188794,454,20617,80,3377,535,24075,0,0,102594,94827.14,4987356,4963362,0
2021-04-07,55468,3002433,40704,1868213,14386,203180,421,21038,83,3460,506,24581,0,0,111064,96095.14,5098420,5073922,0
2021-04-08,59233,3061666,46577,1914790,16335,219515,549,21587,88,3548,638,25219,0,0,122783,96981.57,5221203,5196068,0
2021-04-09,56620,3118286,44944,1959734,17555,237070,545,22132,82,3630,632,25851,0,0,119751,98342.86,5340954,5315192,0
2021-04-10,49323,3167609,35641,1995375,12716,249786,406,22538,66,3696,476,26327,0,0,98156,99691.71,5439110,5412876,0
2021-04-11,38156,3205765,28824,2024199,7680,257466,303,22841,61,3757,365,26692,0,0,75025,102479.57,5514135,5487537,0
2021-04-12,46614,3252379,31833,2056032,13493,270959,481,23322,69,3826,550,27242,0,0,92490,103123.29,5606625,5579477,0
2021-04-13,52529,3304908,33787,2089819,369,271328,415,23737,66,3892,482,27724,0,0,87167,100919.43,5693792,5666163,0
2021-04-14,50126,3355034,39954,2129773,20,271348,378,24115,79,3971,458,28182,0,0,90558,97990,5784350,5756264,0
2021-04-15,52102,3407136,43685,2173458,16,271364,466,24581,109,4080,580,28762,0,0,96384,94218.71,5880734,5852073,0
2021-04-16,51172,3458308,42199,2215657,31,271395,453,25034,75,4155,531,29293,0,0,93933,90530.43,5974667,5945478,0
2021-04-17,43822,3502130,35686,2251343,3,271398,379,25413,86,4241,467,29760,0,0,79978,87933.57,6054645,6024991,0
2021-04-18,28592,3530722,29361,2280704,7,271405,270,25683,66,4307,337,30097,0,0,58297,85543.86,6112942,6082952,0
2021-04-19,37439,3568161,36445,2317149,21,271426,348,26031,72,4379,422,30519,0,0,74327,82949.14,6187269,6156859,0
2021-04-20,40786,3608947,39622,2356771,19,271445,325,26356,84,4463,410,30929,0,0,80837,82044.86,6268106,6237287,0
2021-04-21,38872,3647819,46025,2402796,17,271462,512,26868,99,4562,612,31541,0,0,85526,81326,6353632,6322202,0
2021-04-22,38472,3686291,48954,2451750,9,271471,355,27223,80,4642,437,31978,0,0,87873,80110.14,6441505,6409640,0
2021-04-23,39679,3725970,44383,2496133,3,271474,364,27587,76,4718,442,32420,0,0,84507,78763.57,6526012,6493707,0
2021-04-24,31922,3757892,41600,2537733,44,271518,292,27879,62,4780,355,32775,0,0,73921,77898.29,6599933,6567274,0
2021-04-25,18412,3776304,31213,2568946,87,271605,207,28086,63,4843,270,33045,0,0,49982,76710.43,6649915,6616986,0
2021-04-26,26953,3803257,40715,2609661,1012,272617,308,28394,96,4939,410,33455,0,0,69090,75962.29,6719005,6685672,0
2021-04-27,28548,3831805,47129,2656790,1696,274313,378,28772,99,5038,482,33937,0,0,77855,75536.29,6796860,6763050,0
2021-04-28,27007,3858812,56838,2713628,2146,276459,459,29231,102,5140,564,34501,0,0,86555,75683.29,6883415,6849044,0
2021-04-29,28578,3887390,57198,2770826,2150,278609,382,29613,105,5245,489,34990,0,0,88415,75760.71,6971830,6936972,0
2021-04-30,30098,3917488,51990,2822816,2060,280669,293,29906,77,5322,371,35361,0,0,84520,75762.57,7056350,7021122,0
2021-05-01,22472,3939960,44532,2867348,1177,281846,239,30145,68,5390,309,35670,0,0,68490,74986.71,7124840,7089305,0
2021-05-02,11916,3951876,36636,2903984,1081,282927,155,30300,59,5449,216,35886,0,0,49849,74967.71,7174689,7138940,0
2021-05-03,18006,3969882,53016,2957000,2381,285308,270,30570,94,5543,366,36252,0,0,73771,75636.43,7248460,7212347,0
2021-05-04,22723,3992605,56639,3013639,2332,287640,278,30848,119,5662,398,36650,0,0,82093,76241.86,7330553,7294043,0
2021-05-05,21470,4014075,48754,3062393,2313,289953,319,31167,105,5767,425,37075,0,0,72963,74300.14,7403516,7366582,0
2021-05-06,20669,4034744,50176,3112569,2508,292461,284,31451,91,5858,379,37454,0,0,73732,72202.57,7477248,7439939,0
2021-05-07,21229,4055973,52103,3164672,2812,295273,323,31774,81,5939,405,37859,0,0,76549,71063.86,7553797,7516084,0
2021-05-08,16617,4072590,41863,3206535,1834,297107,238,32012,73,6012,311,38170,0,0,60625,69940.29,7614422,7576398,0
2021-05-09,7967,4080557,29399,3235934,1260,298367,160,32172,57,6069,217,38387,0,0,38843,68368,7653265,7615024,0
2021-05-10,14369,4094926,38526,3274460,2356,300723,252,32424,94,6163,350,38737,0,0,55602,65772.43,7708867,7670280,0
2021-05-11,19890,4114816,43057,3317517,2512,303235,294,32718,90,6253,389,39126,0,0,65849,63451.86,7774716,7735745,0
2021-05-12,17808,4132624,40532,3358049,3595,306830,244,32962,82,6335,326,39452,0,0,62261,61923,7836977,7797680,0
2021-05-13,24940,4157564,40428,3398477,3229,310059,275,33237,82,6417,359,39811,0,0,68957,61240.86,7905934,7866280,0
2021-05-14,27003,4184567,42943,3441420,3535,313594,278,33515,95,6512,375,40186,0,0,73856,60856.14,7979790,7939763,0
2021-05-15,23637,4208204,34921,3476341,3364,316958,262,33777,75,6587,338,40524,0,0,62260,61089.71,8042050,8001686,0
2021-05-16,15513,4223717,19461,3495802,2496,319454,123,33900,47,6634,171,40695,0,0,37641,60918,8079691,8039157,0
2021-05-17,22660,4246377,29135,3524937,3252,322706,191,34091,74,6708,265,40960,0,0,55312,60876.57,8135003,8094204,0
2021-05-18,24613,4270990,31900,3556837,3402,326108,251,34342,84,6792,335,41295,0,0,60250,60076.71,8195253,8154119,0
2021-05-19,24169,4295159,29730,3586567,3040,329148,234,34576,51,6843,286,41581,0,0,57225,59357.29,8252478,8211059,0
2021-05-20,24130,4319289,30106,3616673,3163,332311,274,34850,89,6932,368,41949,0,0,57767,57758.71,8310245,8268463,0
2021-05-21,24661,4343950,32004,3648677,3057,335368,253,35103,63,6995,319,42268,0,0,60041,55785.14,8370286,8328188,0
2021-05-22,20008,4363958,24374,3673051,2523,337891,170,35273,48,7043,219,42487,0,0,47124,53622.86,8417410,8375094,0
2021-05-23,11223,4375181,13735,3686786,1411,339302,95,35368,32,7075,129,42616,0,0,26498,52031,8443908,8401465,0
2021-05-24,18852,4394033,23165,3709951,2757,342059,225,35593,55,7130,283,42899,0,0,45057,50566,8488965,8446242,0
2021-05-25,19414,4413447,23383,3733334,2601,344660,179,35772,60,7190,239,43138,0,0,45637,48478.43,8534602,8491640,0
2021-05-26,18775,4432222,21086,3754420,2698,347358,205,35977,49,7239,256,43394,0,0,42815,46419.86,8577417,8534201,0
2021-05-27,18450,4450672,21284,3775704,2530,349888,185,36162,62,7301,248,43642,0,0,42512,44240.57,8619929,8576466,0
2021-05-28,17851,4468523,22876,3798580,2751,352639,193,36355,59,7360,253,43895,0,0,43731,41910.57,8663660,8619945,0
2021-05-29,12701,4481224,17815,3816395,1755,354394,107,36462,39,7399,147,44042,0,0,32418,39809.71,8696078,8652217,0
2021-05-30,7023,4488247,8952,3825347,1074,355468,49,36511,16,7415,65,44107,0,0,17114,38469.14,8713192,8669266,0
2021-05-31,4739,4492986,6922,3832269,1011,356479,66,36577,18,7433,84,44191,0,0,12756,33854.71,8725948,8681938,0
2021-06-01,16042,4509028,25190,3857459,2177,358656,159,36736,43,7476,206,44397,0,0,43615,33565.86,8769563,8725351,0
2021-06-02,15352,4524380,20399,3877858,2095,360751,141,36877,47,7523,188,44585,0,0,38034,32882.86,8807597,8763197,0
2021-06-03,14991,4539371,23823,3901681,2280,363031,135,37012,45,7568,183,44768,0,0,41277,32706.43,8848874,8804294,0
2021-06-04,14709,4554080,26001,3927682,2492,365523,153,37165,42,7610,196,44964,0,0,43399,32659,8892273,8847498,0
2021-06-05,10979,4565059,22103,3949785,1806,367329,117,37282,29,7639,147,45111,0,0,35035,33032.86,8927308,8882387,0
2021-06-06,6443,4571502,14482,3964267,1222,368551,92,37374,13,7652,106,45217,0,0,22253,33767,8949561,8904535,0
2021-06-07,11693,4583195,21782,3986049,2378,370929,146,37520,38,7690,187,45404,0,0,36040,37093.29,8985601,8940391,0
2021-06-08,12621,4595816,24018,4010067,2071,373000,129,37649,47,7737,177,45581,0,0,38887,36417.86,9024488,8979102,0
2021-06-09,11120,4606936,23024,4033091,2300,375300,142,37791,44,7781,188,45769,0,0,36632,36217.57,9061120,9015548,0
2021-06-10,12054,4618990,22233,4055324,2461,377761,148,37939,63,7844,211,45980,0,0,36960,35600.86,9098080,9052297,0
2021-06-11,12691,4631681,25127,4080451,2483,380244,160,38099,64,7908,225,46205,0,0,40526,35190.43,9138606,9092599,0
2021-06-12,10158,4641839,19317,4099768,1888,382132,97,38196,46,7954,145,46350,0,0,31508,34686.57,9170114,9123964,0
2021-06-13,4249,4646088,10939,4110707,1219,383351,42,38238,21,7975,63,46413,0,0,16472,33860.71,9186586,9140373,0
2021-06-14,10199,4656287,19239,4129946,2040,385391,136,38374,53,8028,189,46602,0,0,31667,33236,9218253,9171851,0
2021-06-15,11878,4668165,21012,4150958,1942,387333,133,38507,43,8071,177,46779,0,0,35010,32682.14,9253263,9206685,0
2021-06-16,11581,4679746,19402,4170360,1956,389289,152,38659,73,8144,225,47004,0,0,33164,32186.71,9286427,9239624,0
2021-06-17,11015,4690761,18757,4189117,1973,391262,133,38792,35,8179,170,47174,0,0,31915,31466,9318342,9271371,0
2021-06-18,12163,4702924,18494,4207611,2115,393377,121,38913,37,8216,159,47333,0,0,32932,30381.14,9351274,9304145,0
2021-06-19,8490,4711414,13517,4221128,1459,394836,91,39004,22,8238,113,47446,0,0,23579,29248.43,9374853,9327611,0
2021-06-20,4333,4715747,7159,4228287,924,395760,37,39041,16,8254,53,47499,0,0,12469,28676.57,9387322,9340027,0
2021-06-21,10151,4725898,10014,4238301,1806,397566,74,39115,28,8282,103,47602,0,0,22074,27306.14,9409396,9361999,0
2021-06-22,9828,4735726,15643,4253944,1588,399154,108,39223,29,8311,137,47739,0,0,27196,26189.86,9436592,9389058,0
2021-06-23,10303,4746029,15189,4269133,1862,401016,102,39325,31,8342,134,47873,0,0,27488,25379,9464080,9416413,0
2021-06-24,9677,4755706,14702,4283835,1798,402814,125,39450,27,8369,154,48027,0,0,26331,24581.29,9490411,9442592,0
2021-06-25,10583,4766289,14382,4298217,1720,404534,122,39572,38,8407,160,48187,0,0,26845,23711.71,9517256,9469277,0
2021-06-26,7798,4774087,10465,4308682,1249,405783,79,39651,23,8430,103,48290,0,0,19615,23145.43,9536871,9488790,0
2021-06-27,4998,4779085,6001,4314683,795,406578,34,39685,15,8445,50,48340,0,0,11844,23056.14,9548715,9500585,0
2021-06-28,9028,4788113,10351,4325034,1526,408104,110,39795,26,8471,137,48477,0,0,21042,22908.71,9569757,9521491,0
2021-06-29,9726,4797839,12332,4337366,1347,409451,126,39921,34,8505,161,48638,0,0,23566,22390.14,9593323,9544897,0
2021-06-30,9426,4807265,10929,4348295,1486,410937,151,40072,18,8523,172,48810,0,0,22013,21608,9615336,9566741,0
2021-07-01,9391,4816656,10927,4359222,1434,412371,132,40204,25,8548,159,48969,0,0,21911,20976.57,9637247,9588495,0
2021-07-02,9688,4826344,11456,4370678,1541,413912,119,40323,21,8569,140,49109,0,0,22826,20402.43,9660073,9611181,0
2021-07-03,7058,4833402,8423,4379101,1192,415104,79,40402,17,8586,96,49205,0,0,16769,19995.86,9676842,9627854,0
2021-07-04,1286,4834688,1335,4380436,567,415671,11,40413,3,8589,14,49219,0,0,3202,18761.29,9680044,9631042,0
2021-07-05,6491,4841179,7109,4387545,1207,416878,67,40480,22,8611,89,49308,0,0,14896,17883.29,9694940,9645849,0
2021-07-06,9505,4850684,12853,4400398,1315,418193,117,40597,38,8649,156,49464,0,0,23829,17920.86,9718769,9669523,0
2021-07-07,8661,4859345,11107,4411505,1418,419611,129,40726,21,8670,150,49614,0,0,21336,17824.14,9740105,9690709,0
2021-07-08,8216,4867561,10190,4421695,1258,420869,111,40837,23,8693,136,49750,0,0,19800,17522.57,9759905,9710375,0
2021-07-09,8370,4875931,10831,4432526,1280,422149,92,40929,20,8713,112,49862,0,0,20593,17203.57,9780498,9730856,0
2021-07-10,7097,4883028,8636,4441162,1131,423280,68,40997,21,8734,90,49952,0,0,16954,17230,9797452,9747721,0
2021-07-11,4104,4887132,4540,4445702,701,423981,38,41035,6,8740,44,49996,0,0,9389,18113.86,9806841,9757066,0
2021-07-12,8447,4895579,9562,4455264,1251,425232,85,41120,23,8763,108,50104,0,0,19368,18752.71,9826209,9776326,0
2021-07-13,9457,4905036,9394,4464658,952,426184,109,41229,36,8799,147,50251,0,0,19950,18198.57,9846159,9796131,0
2021-07-14,8990,4914026,9533,4474191,1010,427194,110,41339,22,8821,136,50387,0,0,19669,17960.43,9865828,9815668,0
2021-07-15,8789,4922815,9157,4483348,1052,428246,85,41424,20,8841,106,50493,0,0,19104,17861,9884932,9834667,0
2021-07-16,9246,4932061,9765,4493113,980,429226,104,41528,30,8871,134,50627,0,0,20125,17794.14,9905057,9854658,0
2021-07-17,6838,4938899,7388,4500501,803,430029,80,41608,21,8892,101,50728,0,0,15130,17533.57,9920187,9869687,0
2021-07-18,4252,4943151,4287,4504788,575,430604,36,41644,13,8905,49,50777,0,0,9163,17501.29,9929350,9878801,0
2021-07-19,9118,4952269,8486,4513274,999,431603,93,41737,22,8927,116,50893,0,0,18719,17408.57,9948069,9897405,0
2021-07-20,10637,4962906,8761,4522035,991,432594,96,41833,25,8952,122,51015,0,0,20511,17488.71,9968580,9917795,0
2021-07-21,10050,4972956,8776,4530811,904,433498,148,41981,34,8986,182,51197,0,0,19912,17523.43,9988492,9937525,0
2021-07-22,10685,4983641,8584,4539395,1045,434543,146,42127,27,9013,174,51371,0,0,20488,17721.14,10008980,9957840,0
2021-07-23,11245,4994886,8887,4548282,1114,435657,140,42267,23,9036,165,51536,0,0,21411,17904.86,10030391,9979088,0
2021-07-24,7400,5002286,6741,4555023,670,436327,82,42349,26,9062,109,51645,0,0,14920,17874.86,10045311,9993900,0
2021-07-25,5471,5007757,2130,4557153,509,436836,58,42407,4,9066,62,51707,0,0,8172,17733.29,10053483,10002010,0
2021-07-26,10865,5018622,7010,4564163,856,437692,113,42520,20,9086,133,51840,0,0,18864,17754,10072347,10020741,0
2021-07-27,12058,5030680,8572,4572735,856,438548,140,42660,41,9127,182,52022,0,0,21668,17919.29,10094015,10042228,0
2021-07-28,12002,5042682,8056,4580791,950,439498,139,42799,29,9156,169,52191,0,0,21177,18100,10115192,10063237,0
2021-07-29,10922,5053604,7437,4588228,983,440481,139,42938,41,9197,184,52375,0,0,19526,17962.57,10134718,10082583,0
2021-07-30,14945,5068549,8014,4596242,1151,441632,188,43126,32,9229,222,52597,0,0,24332,18379.86,10159050,10106695,0
2021-07-31,9718,5078267,6324,4602566,815,442447,122,43248,21,9250,144,52741,0,0,17001,18677.14,10176051,10123553,0
2021-08-01,6497,5084764,3313,4605879,564,443011,81,43329,22,9272,103,52844,0,0,10477,19006.43,10186528,10133927,0
2021-08-02,13448,5098212,7154,4613033,845,443856,150,43479,19,9291,169,53013,0,0,21616,19399.57,10208144,10155374,0
2021-08-03,15401,5113613,8393,4621426,1109,444965,145,43624,39,9330,185,53198,0,0,25088,19888.14,10233232,10180278,0
2021-08-04,17253,5130866,8135,4629561,1454,446419,183,43807,36,9366,219,53417,0,0,27061,20728.71,10260293,10207120,0
2021-08-05,17880,5148746,7935,4637496,1371,447790,162,43969,22,9388,184,53601,0,0,27370,21849.29,10287663,10234306,0
2021-08-06,18167,5166913,8421,4645917,1229,449019,173,44142,32,9420,205,53806,0,0,28022,22376.43,10315685,10262123,0
2021-08-07,13376,5180289,6019,4651936,800,449819,105,44247,29,9449,134,53940,0,0,20329,22851.86,10336014,10282318,0
2021-08-08,9308,5189597,3834,4655770,400,450219,84,44331,10,9459,94,54034,0,0,13636,23303.14,10349650,10295860,0
2021-08-09,21332,5210929,8529,4664299,965,451184,178,44509,34,9493,213,54247,0,0,31039,24649.29,10380689,10326687,0
2021-08-10,18942,5229871,9333,4673632,946,452130,182,44691,34,9527,217,54464,0,0,29438,25270.71,10410127,10355909,0
2021-08-11,15641,5245512,8314,4681946,853,452983,132,44823,46,9573,179,54643,0,0,24987,24974.43,10435114,10380718,0
2021-08-12,15047,5260559,8989,4690935,942,453925,179,45002,37,9610,218,54861,0,0,25196,24663.86,10460310,10405698,0
2021-08-13,14912,5275471,9294,4700229,919,454844,247,45249,38,9648,286,55147,0,0,25412,24291,10485722,10430825,0
2021-08-14,10392,5285863,6413,4706642,625,455469,537,45786,41,9689,581,55728,0,0,18011,23959.86,10503733,10448258,0
2021-08-15,6687,5292550,4483,4711125,676,456145,568,46354,33,9722,605,56333,0,0,12451,23790.57,10516184,10460108,0
2021-08-16,15697,5308247,9310,4720435,1149,457294,1330,47684,68,9790,1403,57736,0,0,27559,23293.43,10543743,10486269,0
2021-08-17,17754,5326001,10457,4730892,1229,458523,1778,49462,85,9875,1879,59615,0,0,31319,23562.14,10575062,10515725,0
2021-08-18,17477,5343478,10382,4741274,1262,459785,2003,51465,91,9966,2105,61720,0,0,31226,24453.43,10606288,10544857,0
2021-08-19,16282,5359760,9531,4750805,1315,461100,1963,53428,69,10035,2046,63766,0,0,29174,25021.71,10635462,10571999,0
2021-08-20,16257,5376017,11542,4762347,1252,462352,1872,55300,89,10124,1975,65741,0,0,31026,25823.71,10666488,10601064,0
2021-08-21,11143,5387160,8038,4770385,878,463230,1069,56369,53,10177,1129,66870,0,0,21188,26277.57,10687676,10621130,0
2021-08-22,4075,5391235,3903,4774288,261,463491,520,56889,33,10210,557,67427,0,0,8796,25755.43,10696472,10629373,0
2021-08-23,15570,5406805,11811,4786099,1022,464513,1552,58441,78,10288,1643,69070,0,0,30047,26110.86,10726519,10657790,0
2021-08-24,16900,5423705,12599,4798698,1007,465520,1777,60218,82,10370,1867,70937,0,0,32373,26261.43,10758892,10688304,0
2021-08-25,14559,5438264,12456,4811154,1112,466632,1573,61791,82,10452,1670,72607,0,0,29797,26057.29,10788689,10716446,0
2021-08-26,16141,5454405,14102,4825256,1070,467702,1782,63573,71,10523,1865,74472,0,0,33178,26629.29,10821867,10747771,0
2021-08-27,14865,5469270,14829,4840085,971,468673,1677,65250,76,10599,1762,76234,0,0,32427,26829.43,10854294,10778445,0
2021-08-28,10674,5479944,11522,4851607,835,469508,1022,66272,48,10647,1071,77305,0,0,24102,27245.71,10878396,10801477,0
2021-08-29,7208,5487152,7499,4859106,541,470049,782,67054,58,10705,849,78154,0,0,16097,28288.71,10894493,10816734,0
2021-08-30,15507,5502659,16932,4876038,1076,471125,1799,68853,95,10800,1902,80056,0,0,35417,29055.86,10929910,10850257,0
2021-08-31,15497,5518156,15961,4891999,952,472077,1982,70835,92,10892,2084,82140,0,0,34494,29358.86,10964404,10882677,0
2021-09-01,14820,5532976,14114,4906113,1020,473097,1815,72650,62,10954,1887,84027,0,0,31841,29650.86,10996245,10912641,0
2021-09-02,14307,5547283,12524,4918637,896,473993,1718,74368,65,11019,1799,85826,0,0,29526,29129.14,11025771,10940384,0
2021-09-03,14991,5562274,14314,4932951,974,474967,1901,76269,74,11093,1982,87808,0,0,32261,29105.43,11058032,10970670,0
2021-09-04,9640,5571914,9404,4942355,688,475655,982,77251,34,11127,1021,88829,0,0,20753,28627,11078785,10990407,0
2021-09-05,6790,5578704,5512,4947867,438,476093,720,77971,18,11145,739,89568,0,0,13479,28253,11092264,11003148,0
2021-09-06,5195,5583899,4511,4952378,358,476451,274,78245,11,11156,287,89855,0,0,10351,24672.14,11102615,11013214,0
2021-09-07,15556,5599455,17699,4970077,912,477363,1564,79809,95,11251,1667,91522,0,0,35834,24863.57,11138449,11047389,0
2021-09-08,16144,5615599,14829,4984906,1069,478432,1789,81598,83,11334,1883,93405,0,0,33925,25161.29,11172374,11079442,0
2021-09-09,16093,5631692,14758,4999664,1048,479480,1923,83521,78,11412,2012,95417,0,0,33911,25787.71,11206285,11111352,0
2021-09-10,18346,5650038,15403,5015067,1207,480687,1983,85504,82,11494,2072,97489,0,0,37028,26468.71,11243313,11146315,0
2021-09-11,12624,5662662,10350,5025417,958,481645,1037,86541,50,11544,1093,98582,0,0,25025,27079,11268338,11170253,0
2021-09-12,8532,5671194,5053,5030470,765,482410,694,87235,32,11576,727,99309,0,0,15077,27307.29,11283415,11184604,0
2021-09-13,16917,5688111,12968,5043438,976,483386,1663,88898,52,11628,1725,101034,0,0,32586,30483.71,11316001,11215475,0
2021-09-14,16257,5704368,13676,5057114,887,484273,1604,90502,57,11685,1673,102707,0,0,32494,30006.57,11348495,11246308,0
2021-09-15,15508,5719876,12897,5070011,727,485000,1575,92077,86,11771,1670,104377,0,0,30802,29560.43,11379297,11275449,0
2021-09-16,15322,5735198,13918,5083929,1209,486209,1474,93551,69,11840,1550,105927,0,0,31999,29287.29,11411296,11305905,0
2021-09-17,14424,5749622,13952,5097881,922,487131,1849,95400,61,11901,1912,107839,0,0,31210,28456.14,11442506,11335205,0
2021-09-18,9983,5759605,10191,5108072,913,488044,1053,96453,43,11944,1100,108939,0,0,22187,28050.71,11464693,11356296,0
2021-09-19,6166,5765771,6078,5114150,558,488602,749,97202,28,11972,782,109721,0,0,13584,27837.43,11478277,11369103,0
2021-09-20,12657,5778428,12634,5126784,1068,489670,1929,99131,62,12034,2000,111721,0,0,28360,27233.71,11506637,11395472,0
2021-09-21,12217,5790645,12772,5139556,1108,490778,2038,101169,81,12115,2135,113856,0,0,28232,26624.86,11534869,11421585,0
2021-09-22,12813,5803458,12008,5151564,1088,491866,1693,102862,69,12184,1768,115624,0,0,27677,26178.43,11562546,11447500,0
2021-09-23,14913,5818371,12770,5164334,1639,493505,2276,105138,76,12260,2359,117983,0,0,31681,26133,11594227,11476829,0
2021-09-24,16631,5835002,13362,5177696,1636,495141,4630,109768,129,12389,4777,122760,0,0,36406,26875.29,11630633,11508476,0
2021-09-25,10519,5845521,9033,5186729,1017,496158,3462,113230,83,12472,3562,126322,0,0,24131,27153,11654764,11529062,0
2021-09-26,6288,5851809,5768,5192497,773,496931,2423,115653,62,12534,2497,128819,0,0,15326,27401.86,11670090,11541903,0
2021-09-27,14127,5865936,8065,5200562,1155,498086,9085,124738,166,12700,9301,138120,0,0,32649,28014.57,11702739,11565301,0
2021-09-28,11097,5877033,11790,5212352,901,498987,9937,134675,184,12884,10160,148280,0,0,33948,28831.14,11736687,11589128,0
2021-09-29,11585,5888618,12195,5224547,1204,500191,9463,144138,180,13064,9677,157957,0,0,34661,29828.86,11771348,11614146,0
2021-09-30,12206,5900824,12611,5237158,1337,501528,9770,153908,183,13247,9987,167944,0,0,36141,30466,11807489,11640334,0
2021-10-01,12609,5913433,13429,5250587,1284,502812,10296,164204,159,13406,10492,178436,0,0,37814,30667.14,11845303,11667693,0
2021-10-02,7715,5921148,9982,5260569,865,503677,4249,168453,83,13489,4356,182792,0,0,22918,30493.86,11868221,11686279,0
2021-10-03,5052,5926200,6158,5266727,593,504270,2627,171080,60,13549,2697,185489,0,0,14500,30375.86,11882721,11698092,0
2021-10-04,9894,5936094,11016,5277743,914,505184,9543,180623,151,13700,9731,195220,0,0,31555,30219.57,11914276,11719953,0
2021-10-05,10129,5946223,11734,5289477,972,506156,9961,190584,181,13881,10185,205405,0,0,33020,30087,11947296,11742831,0
2021-10-06,9862,5956085,11051,5300528,937,507093,9957,200541,163,14044,10156,215561,0,0,32007,29707.86,11979303,11764718,0
2021-10-07,9591,5965676,12153,5312681,850,507943,10183,210724,183,14227,10401,225962,0,0,32995,29258.43,12012298,11787347,0
2021-10-08,9425,5975101,12181,5324862,940,508883,10928,221652,166,14393,11134,237096,0,0,33680,28667.86,12045978,11809933,0
2021-10-09,6223,5981324,8243,5333105,643,509526,4130,225782,92,14485,4239,241335,0,0,19348,28157.86,12065326,11825059,0
2021-10-10,3528,5984852,5028,5338133,458,509984,2440,228222,48,14533,2496,243831,0,0,11510,27730.71,12076836,11834081,0
2021-10-11,7587,5992439,9340,5347473,728,510712,8909,237131,167,14700,9101,252932,0,0,26756,27045.14,12103592,11851761,0
2021-10-12,8039,6000478,10998,5358471,891,511603,10543,247674,186,14886,10771,263703,0,0,30699,26713.57,12134291,11871731,0
2021-10-13,7121,6007599,10149,5368620,869,512472,8815,256489,187,15073,9032,272735,0,0,27171,26022.71,12161462,11889900,0
2021-10-14,7402,6015001,11116,5379736,837,513309,10132,266621,172,15245,10344,283079,0,0,29699,25551.86,12191161,11909295,0
2021-10-15,7700,6022701,11858,5391594,823,514132,10860,277481,175,15420,11071,294150,0,0,31452,25233.57,12222613,11929712,0
2021-10-16,4853,6027554,7464,5399058,665,514797,3855,281336,68,15488,3935,298085,0,0,16917,24886.29,12239530,11942706,0
2021-10-17,3047,6030601,4468,5403526,411,515208,2463,283799,46,15534,2516,300601,0,0,10442,24733.71,12249972,11950639,0
2021-10-18,7013,6037614,10671,5414197,797,516005,9500,293299,190,15724,9725,310326,0,0,28206,24940.86,12278178,11969155,0
2021-10-19,6544,6044158,8945,5423142,803,516808,9108,302407,183,15907,9333,319659,0,0,25625,24216,12303803,11985489,0
2021-10-20,6510,6050668,9372,5432514,975,517783,10003,312410,182,16089,10223,329882,0,0,27080,24203,12330883,12002384,0
2021-10-21,7000,6057668,9385,5441899,857,518640,10875,323285,157,16246,11069,340951,0,0,28311,24004.71,12359194,12019663,0
2021-10-22,8072,6065740,10342,5452241,1025,519665,16380,339665,230,16476,16664,357615,0,0,36103,24669.14,12395297,12039156,0
2021-10-23,5147,6070887,6453,5458694,690,520355,9140,348805,117,16593,9278,366893,0,0,21568,25333.57,12416865,12051467,0
2021-10-24,3246,6074133,3967,5462661,766,521121,6179,354984,81,16674,6285,373178,0,0,14264,25879.57,12431129,12059471,0
2021-10-25,8911,6083044,8746,5471407,1152,522273,19286,374270,307,16981,19668,392846,0,0,38477,27346.86,12469606,12078355,0
2021-10-26,8141,6091185,7725,5479132,1258,523531,17318,391588,284,17265,17672,410518,0,0,34796,28657,12504402,12095549,0
2021-10-27,10492,6101677,8391,5487523,1604,525135,20895,412483,336,17601,21305,431823,0,0,41792,30758.71,12546194,12116110,0
2021-10-28,11254,6112931,8026,5495549,1793,526928,20909,433392,332,17933,21309,453132,0,0,42382,32768.86,12588576,12137251,0
2021-10-29,11796,6124727,8226,5503775,1967,528895,22583,455975,356,18289,23012,476144,0,0,45002,34040.14,12633578,12159314,0
2021-10-30,4592,6129319,5062,5508837,932,529827,11205,467180,166,18455,11412,487556,0,0,21998,34101.57,12655576,12169941,0
2021-10-31,2642,6131961,2698,5511535,544,530371,6651,473831,106,18561,6782,494338,0,0,12666,33873.29,12668242,12175850,0
2021-11-01,7061,6139022,6954,5518489,1085,531456,20430,494261,344,18905,20837,515175,0,0,35937,33510.43,12704179,12191013,0
2021-11-02,6519,6145541,6587,5525076,1055,532511,20824,515085,283,19188,21185,536360,0,0,35347,33589.14,12739526,12205253,0
2021-11-03,6777,6152318,6675,5531751,1025,533536,20690,535775,316,19504,21083,557443,0,0,35562,32699.14,12775088,12219809,0
2021-11-04,9248,6161566,6275,5538026,997,534533,22431,558206,355,19859,22870,580313,0,0,39390,32271.71,12814478,12236413,0
2021-11-05,11009,6172575,6717,5544743,1049,535582,23816,582022,361,20220,24261,604574,0,0,43036,31990.86,12857514,12255272,0
2021-11-06,11134,6183709,4051,5548794,593,536175,12616,594638,179,20399,12832,617406,0,0,28610,32935.43,12886124,12271087,0
2021-11-07,7222,6190931,2287,5551081,577,536752,7121,601759,101,20500,7237,624643,0,0,17323,33600.71,12903447,12281188,0
2021-11-08,15014,6205945,5678,5556759,862,537614,19545,621304,290,20790,19902,644545,0,0,41456,34389.14,12944903,12302809,0
2021-11-09,16091,6222036,5384,5562143,658,538272,20564,641868,286,21076,20932,665477,0,0,43065,35491.71,12987968,12325024,0
2021-11-10,16856,6238892,5321,5567464,682,538954,22723,664591,296,21372,23090,688567,0,0,45949,36975.57,13033917,12347954,0
2021-11-11,12481,6251373,5188,5572652,760,539714,22158,686749,301,21673,22528,711095,0,0,40957,37199.43,13074874,12366452,0
2021-11-12,16815,6268188,5684,5578336,705,540419,23483,710232,364,22037,23927,735022,0,0,47131,37784.43,13122005,12389736,0
2021-11-13,9910,6278098,3660,5581996,464,540883,13371,723603,185,22222,13601,748623,0,0,27635,37645.14,13149640,12403815,0
2021-11-14,5975,6284073,2284,5584280,324,541207,7961,731564,83,22305,8065,756688,0,0,16648,37548.71,13166288,12412419,0
2021-11-15,13164,6297237,5974,5590254,688,541895,25182,756746,371,22676,25632,782320,0,0,45458,38120.43,13211746,12432324,0
2021-11-16,9868,6307105,5778,5596032,652,542547,30741,787487,446,23122,31267,813587,0,0,47567,38763.57,13259313,12448704,0
2021-11-17,10197,6317302,6669,5602701,680,543227,31521,819008,432,23554,32045,845632,0,0,49591,39283.86,13308904,12466342,0
2021-11-18,10621,6327923,6522,5609223,854,544081,33123,852131,480,24034,33701,879333,0,0,51698,40818.29,13360602,12484437,0
2021-11-19,11890,6339813,6550,5615773,707,544788,36372,888503,475,24509,36938,916271,0,0,56085,42097.43,13416687,12503675,0
2021-11-20,9270,6349083,3414,5619187,512,545300,22583,911086,266,24775,22901,939172,0,0,36097,43306.29,13452784,12516923,0
2021-11-21,4885,6353968,1886,5621073,288,545588,13257,924343,157,24932,13439,952611,0,0,20498,43856.29,13473282,12524007,0
2021-11-22,10314,6364282,5782,5626855,748,546336,36030,960373,454,25386,36576,989187,0,0,53420,44993.71,13526702,12540943,0
2021-11-23,9671,6373953,4778,5631633,631,546967,33619,993992,394,25780,34086,1023273,0,0,49167,45222.29,13575869,12556097,0
2021-11-24,8607,6382560,4746,5636379,648,547615,26003,1019995,295,26075,26369,1049642,0,0,40370,43905,13616239,12570169,0
2021-11-25,447,6383007,330,5636709,80,547695,1003,1020998,9,26084,1012,1050654,0,0,1869,36786.57,13618108,12571026,0
2021-11-26,7983,6390990,7005,5643714,528,548223,26659,1047657,313,26397,27029,1077683,0,0,42545,34852.29,13660653,12586599,0
2021-11-27,6631,6397621,6860,5650574,370,548593,18896,1066553,231,26628,19165,1096848,0,0,33027,34413.71,13693680,12600499,0
2021-11-28,4025,6401646,5792,5656366,280,548873,11945,1078498,124,26752,12089,1108937,0,0,22186,34654.86,13715866,12610616,0
2021-11-29,8986,6410632,11019,5667385,684,549557,35161,1113659,468,27220,35707,1144644,0,0,56396,35080,13772262,12631383,0
2021-11-30,10387,6421019,11447,5678832,510,550067,37878,1151537,513,27733,38505,1183149,0,0,60849,36748.86,13833111,12653841,0
2021-12-01,11051,6432070,10982,5689814,724,550791,40489,1192026,445,28178,41035,1224184,0,0,63794,40095.14,13896905,12676701,0
2021-12-02,11510,6443580,11055,5700869,625,551416,42345,1234371,475,28653,42919,1267103,0,0,66109,49272.29,13963014,12699990,0
2021-12-03,13328,6456908,12915,5713784,665,552081,48121,1282492,549,29202,48775,1315878,0,0,75683,54006.29,14038697,12727003,0
2021-12-04,9739,6466647,11322,5725106,564,552645,30776,1313268,314,29516,31144,1347022,0,0,52769,56826.57,14091466,12748682,0
2021-12-05,5685,6472332,5704,5730810,270,552915,16720,1329988,133,29649,16889,1363911,0,0,28548,57735.43,14120014,12760377,0
2021-12-06,12197,6484529,9992,5740802,599,553514,43387,1373375,472,30121,43955,1407866,0,0,66744,59213.71,14186758,12783262,0
2021-12-07,12472,6497001,9259,5750061,623,554137,43198,1416573,527,30648,43815,1451681,0,0,66169,59973.71,14252927,12805706,0
2021-12-08,13422,6510423,8778,5758839,555,554692,40922,1457495,503,31151,41508,1493189,0,0,64263,60040.71,14317190,12828544,0
2021-12-09,13356,6523779,8761,5767600,551,555243,40984,1498479,508,31659,41592,1534781,0,0,64261,59776.71,14381451,12851313,0
2021-12-10,13923,6537702,10161,5777761,666,555909,43823,1542302,543,32202,44456,1579237,0,0,69207,58851.57,14450658,12876154,0
2021-12-11,10187,6547889,8155,5785916,404,556313,26781,1569083,293,32495,27124,1606361,0,0,45871,57866.14,14496529,12894951,0
2021-12-12,5967,6553856,3857,5789773,287,556600,15211,1584294,137,32632,15374,1621735,0,0,25485,57428.57,14522014,12905088,0
2021-12-13,12093,6565949,7435,5797208,654,557254,38040,1622334,412,33044,38538,1660273,0,0,58720,56282.29,14580734,12925356,0
2021-12-14,12130,6578079,6947,5804155,729,557983,38284,1660618,458,33502,38814,1699087,0,0,58621,55204,14639355,12945235,0
2021-12-15,11974,6590053,6247,5810402,754,558737,38287,1698905,500,34002,38870,1737957,0,0,57846,54287.29,14697201,12964294,0
2021-12-16,13056,6603109,4265,5814667,737,559474,41260,1740165,470,34472,41805,1779762,0,0,59863,53659,14757064,12982427,0
2021-12-17,15817,6618926,6945,5821612,617,560091,46958,1787123,491,34963,47547,1827309,0,0,70926,53904.57,14827990,13005904,0
2021-12-18,12932,6631858,5732,5827344,432,560523,30711,1817834,283,35246,31052,1858361,0,0,50148,54515.57,14878138,13025058,0
2021-12-19,6952,6638810,2994,5830338,326,560849,18060,1835894,183,35429,18275,1876636,0,0,28547,54953,14906685,13035362,0
2021-12-20,16688,6655498,5856,5836194,745,561594,47665,1883559,586,36015,48332,1924968,0,0,71621,56796,14978306,13058732,0
2021-12-21,17821,6673319,6577,5842771,806,562400,49076,1932635,617,36632,49772,1974740,0,0,74977,59132.57,15053283,13084016,0
2021-12-22,18466,6691785,6553,5849324,938,563338,49851,1982486,549,37181,50480,2025220,0,0,76437,61788.43,15129720,13110053,0
2021-12-23,18923,6710708,6489,5855813,929,564267,46028,2028514,549,37730,46645,2071865,0,0,72986,63663.14,15202706,13136462,0
2021-12-24,9179,6719887,2957,5858770,598,564865,20661,2049175,213,37943,20908,2092773,0,0,33642,58336.86,15236348,13149230,0
2021-12-25,342,6720229,63,5858833,31,564896,427,2049602,8,37951,436,2093209,0,0,872,51297.43,15237220,13149667,0
2021-12-26,7913,6728142,3932,5862765,341,565237,17319,2066921,179,38130,17529,2110738,0,0,29715,51464.29,15266935,13161884,0
2021-12-27,21695,6749837,9213,5871978,934,566171,43565,2110486,576,38706,44214,2154952,0,0,76056,52097.86,15342991,13193799,0
2021-12-28,20037,6769874,8344,5880322,700,566871,47717,2158203,633,39339,48439,2203391,0,0,77520,52461.14,15420511,13222969,0
2021-12-29,18415,6788289,7676,5887998,606,567477,45704,2203907,498,39837,46277,2249668,0,0,72974,51966.43,15493485,13249741,0
2021-12-30,16803,6805092,7444,5895442,588,568065,44945,2248852,603,40440,45638,2295306,0,0,70474,51607.57,15563959,13274667,0
2021-12-31,5340,6810432,2817,5898259,193,568258,14800,2263652,190,40630,15012,2310318,0,0,23362,50139,15587321,13283039,0
2022-01-01,244,6810676,149,5898408,12,568270,504,2264156,36,40666,544,2310862,0,0,949,50150,15588270,13283448,0
2022-01-02,6401,6817077,5019,5903427,153,568423,11011,2275167,111,40777,11137,2321999,0,0,22710,49149.29,15610980,13295036,0
2022-01-03,14062,6831139,8526,5911953,515,568938,27039,2302206,353,41130,27438,2349437,0,0,50541,45504.29,15661521,13318185,0
2022-01-04,12761,6843900,8128,5920081,414,569352,27319,2329525,373,41503,27753,2377190,0,0,49056,41438,15710577,13339549,0
2022-01-05,11276,6855176,7035,5927116,386,569738,26037,2355562,322,41825,26403,2403593,0,0,45100,37456,15755677,13358290,0
2022-01-06,11300,6866476,7399,5934515,485,570223,27686,2383248,364,42189,28103,2431696,0,0,47287,34143.57,15802964,13377527,0
2022-01-07,10107,6876583,8458,5942973,339,570562,25247,2408495,335,42524,25616,2457312,0,0,44521,37166.29,15847485,13396466,0
2022-01-08,7637,6884220,8606,5951579,311,570873,19648,2428143,194,42718,19859,2477171,0,0,36414,42232.71,15883899,13413038,0
2022-01-09,4098,6888318,3845,5955424,214,571087,10085,2438228,99,42817,10195,2487366,0,0,18354,41610.43,15902253,13421208,0
2022-01-10,10123,6898441,8202,5963626,490,571577,24661,2462889,311,43128,25023,2512389,0,0,43838,40652.86,15946091,13440074,0
2022-01-11,8825,6907266,7989,5971615,522,572099,21086,2483975,297,43425,21428,2533817,0,0,38768,39183.14,15984859,13457459,0
2022-01-12,8884,6916150,8334,5979949,427,572526,22411,2506386,294,43719,22740,2556557,0,0,40386,38509.71,16025245,13475140,0
2022-01-13,8976,6925126,8873,5988822,451,572977,22964,2529350,344,44063,23346,2579903,0,0,41648,37704.14,16066893,13493480,0
2022-01-14,10052,6935178,8130,5996952,474,573451,26497,2555847,341,44404,26880,2606783,0,0,45536,37849.14,16112429,13512178,0
2022-01-15,6181,6941359,4321,6001273,180,573631,15172,2571019,185,44589,15380,2622163,0,0,26062,36370.29,16138491,13522883,0
2022-01-16,2887,6944246,3251,6004524,95,573726,7843,2578862,90,44679,7944,2630107,0,0,14178,35773.71,16152669,13529128,0
2022-01-17,6031,6950277,6761,6011285,363,574089,14726,2593588,224,44903,14969,2645076,0,0,28124,33528.86,16180793,13542302,0
2022-01-18,8105,6958382,10327,6021612,393,574482,19716,2613304,331,45234,20078,2665154,0,0,38903,33548.14,16219696,13561158,0
2022-01-19,7400,6965782,9268,6030880,303,574785,17764,2631068,284,45518,18081,2683235,0,0,35052,32786.14,16254748,13578162,0
2022-01-20,6218,6972000,8569,6039449,305,575090,15308,2646376,258,45776,15593,2698828,0,0,30686,31220.14,16285434,13593282,0
2022-01-21,7505,6979505,7523,6046972,276,575366,18557,2664933,293,46069,18876,2717704,0,0,34180,29597.86,16319614,13608612,0
2022-01-22,5166,6984671,4955,6051927,132,575498,11347,2676280,133,46202,11505,2729209,0,0,21758,28983,16341372,13618890,0
2022-01-23,2777,6987448,3338,6055265,97,575595,6250,2682530,80,46282,6338,2735547,0,0,12550,28750.43,16353922,13625110,0
2022-01-24,6316,6993764,8215,6063480,262,575857,15105,2697635,253,46535,15385,2750932,0,0,30179,29044,16384101,13639931,0
2022-01-25,6132,6999896,7961,6071441,230,576087,14744,2712379,294,46829,15072,2766004,0,0,29395,27685.71,16413496,13654288,0
2022-01-26,5706,7005602,7190,6078631,287,576374,14050,2726429,224,47053,14303,2780307,0,0,27486,26604.86,16440982,13667500,0
2022-01-27,5202,7010804,7101,6085732,320,576694,14127,2740556,241,47294,14407,2794714,0,0,27030,26082.57,16468012,13680162,0
2022-01-28,6206,7017010,7887,6093619,205,576899,16162,2756718,248,47542,16433,2811147,0,0,30731,25589.86,16498743,13694483,0
2022-01-29,833,7017843,729,6094348,28,576927,2544,2759262,40,47582,2587,2813734,0,0,4177,23078.29,16502920,13696076,0
2022-01-30,2070,7019913,3025,6097373,103,577030,4554,2763816,66,47648,4625,2818359,0,0,9823,22688.71,16512743,13701279,0
2022-01-31,4970,7024883,6599,6103972,219,577249,11414,2775230,207,47855,11636,2829995,0,0,23424,21723.71,16536167,13713082,0
2022-02-01,4796,7029679,6455,6110427,220,577469,10739,2785969,224,48079,10981,2840976,0,0,22453,20732,16558620,13724572,0
2022-02-02,4242,7033921,5937,6116364,212,577681,11260,2797229,243,48322,11521,2852497,0,0,21912,19935.71,16580532,13734981,0
2022-02-03,4198,7038119,5818,6122182,216,577897,11237,2808466,208,48530,11473,2863970,0,0,21706,19175.14,16602238,13745242,0
2022-02-04,4729,7042848,7121,6129303,214,578111,13257,2821723,242,48772,13526,2877496,0,0,25590,18440.71,16627828,13757333,0
2022-02-05,3551,7046399,6082,6135385,109,578220,8608,2830331,159,48931,8782,2886278,0,0,18524,20490.29,16646352,13767090,0
2022-02-06,2046,7048445,2138,6137523,120,578340,4654,2834985,105,49036,4763,2891041,0,0,9068,20382.43,16655420,13771399,0
2022-02-07,4117,7052562,4751,6142274,205,578545,10152,2845137,239,49275,10416,2901457,0,0,19489,19820.29,16674909,13780497,0
2022-02-08,4180,7056742,5607,6147881,214,578759,11356,2856493,316,49591,11697,2913154,0,0,21698,19712.43,16696607,13790523,0
2022-02-09,4104,7060846,5405,6153286,221,578980,11686,2868179,259,49850,11969,2925123,0,0,21699,19682,16718306,13800277,0
2022-02-10,3960,7064806,5130,6158416,243,579223,12213,2880392,296,50146,12539,2937662,0,0,21872,19705.71,16740178,13809640,0
2022-02-11,4487,7069293,5810,6164226,195,579418,13757,2894149,328,50474,14117,2951779,0,0,24609,19565.57,16764787,13820164,0
2022-02-12,3233,7072526,4352,6168578,97,579515,8827,2902976,220,50694,9058,2960837,0,0,16740,19310.71,16781527,13827857,0
2022-02-13,1508,7074034,1544,6170122,41,579556,4888,2907864,114,50808,5008,2965845,0,0,8101,19172.57,16789628,13830956,0
2022-02-14,2957,7076991,3633,6173755,167,579723,10589,2918453,332,51140,10948,2976793,0,0,17705,18917.71,16807333,13837740,0
2022-02-15,3514,7080505,4077,6177832,174,579897,12804,2931257,294,51434,13114,2989907,0,0,20879,18800.71,16828212,13845521,0
2022-02-16,3610,7084115,3912,6181744,199,580096,15768,2947025,300,51734,16104,3006011,0,0,23825,19104.43,16852037,13853278,0
2022-02-17,3985,7088100,4081,6185825,162,580258,18366,2965391,379,52113,18775,3024786,0,0,27003,19837.43,16879040,13861536,0
2022-02-18,4422,7092522,4794,6190619,190,580448,21560,2986951,469,52582,22053,3046839,0,0,31459,20816,16910499,13870966,0
2022-02-19,3231,7095753,2187,6192806,65,580513,11203,2998154,221,52803,11435,3058274,0,0,16918,20841.43,16927417,13876460,0
2022-02-20,1841,7097594,1446,6194252,59,580572,6600,3004754,115,52918,6723,3064997,0,0,10069,21122.57,16937486,13879814,0
2022-02-21,3070,7100664,2695,6196947,93,580665,8368,3013122,237,53155,8618,3073615,0,0,14476,20661.29,16951962,13885685,0
2022-02-22,4358,7105022,4267,6201214,174,580839,10847,3023969,257,53412,11124,3084739,0,0,19923,20524.71,16971885,13894504,0
2022-02-23,4230,7109252,3791,6205005,145,580984,10694,3034663,242,53654,10954,3095693,0,0,19120,19852.57,16991005,13902688,0
2022-02-24,3778,7113030,3659,6208664,108,581092,10209,3044872,241,53895,10468,3106161,0,0,18013,18568.29,17009018,13910251,0
2022-02-25,3583,7116613,3637,6212301,135,581227,9998,3054870,247,54142,10258,3116419,0,0,17613,16590.29,17026631,13917619,0
2022-02-26,2812,7119425,2592,6214893,73,581300,9530,3064400,162,54304,9701,3126120,0,0,15178,16341.71,17041809,13923105,0
2022-02-27,1760,7121185,1373,6216266,52,581352,6277,3070677,102,54406,6386,3132506,0,0,9571,16270.57,17051380,13926297,0
2022-02-28,3762,7124947,3137,6219403,140,581492,13160,3083837,259,54665,13443,3145949,0,0,20482,17128.57,17071862,13933360,0
2022-03-01,2112,7127059,2632,6222035,103,581595,5194,3089031,189,54854,5390,3151339,0,0,10237,15744.86,17082099,13938214,0
2022-03-02,1822,7128881,2448,6224483,107,581702,4149,3093180,211,55065,4371,3155710,0,0,8748,14263.14,17090847,13942602,0
2022-03-03,1926,7130807,2564,6227047,106,581808,3808,3096988,171,55236,3993,3159703,0,0,8589,12916.86,17099436,13947212,0
2022-03-04,2110,7132917,2884,6229931,66,581874,4338,3101326,213,55449,4563,3164266,0,0,9623,11775.43,17109059,13952284,0
2022-03-05,1609,7134526,2126,6232057,43,581917,3321,3104647,119,55568,3443,3167709,0,0,7221,10638.71,17116280,13956065,0
2022-03-06,792,7135318,881,6232938,30,581947,1625,3106272,56,55624,1684,3169393,0,0,3387,9755.29,17119667,13957771,0
2022-03-07,1657,7136975,1788,6234726,87,582034,3508,3109780,163,55787,3685,3173078,0,0,7217,7860.29,17126884,13961317,0
2022-03-08,1541,7138516,1898,6236624,81,582115,3127,3112907,157,55944,3296,3176374,0,0,6816,7371.57,17133700,13964849,0
2022-03-09,1260,7139776,1684,6238308,80,582195,2596,3115503,128,56072,2730,3179104,0,0,5754,6943.86,17139454,13967879,0
2022-03-10,1408,7141184,2097,6240405,84,582279,2977,3118480,165,56237,3151,3182255,0,0,6740,6679.71,17146194,13971477,0
2022-03-11,1594,7142778,2278,6242683,81,582360,3217,3121697,189,56426,3425,3185680,0,0,7378,6359,17153572,13975449,0
2022-03-12,875,7143653,1419,6244102,42,582402,2011,3123708,75,56501,2089,3187769,0,0,4425,5959.57,17157997,13977788,0
2022-03-13,624,7144277,757,6244859,28,582430,1292,3125000,48,56549,1343,3189112,0,0,2752,5868.86,17160749,13979200,0
2022-03-14,1358,7145635,1616,6246475,84,582514,3000,3128000,209,56758,3231,3192343,0,0,6289,5736.29,17167038,13982280,0
2022-03-15,1354,7146989,1924,6248399,63,582577,3070,3131070,238,56996,3315,3195658,0,0,6656,5713.43,17173694,13985628,0
2022-03-16,1395,7148384,2061,6250460,94,582671,3147,3134217,296,57292,3459,3199117,0,0,7009,5892.71,17180703,13989194,0
2022-03-17,1191,7149575,1808,6252268,71,582742,2764,3136981,269,57561,3047,3202164,0,0,6117,5803.71,17186820,13992278,0
2022-03-18,1577,7151152,2219,6254487,79,582821,3780,3140761,422,57983,4208,3206372,0,0,8083,5904.43,17194903,13996159,0
2022-03-19,1101,7152253,1737,6256224,54,582875,2607,3143368,230,58213,2843,3209215,0,0,5735,6091.57,17200638,13999057,0
2022-03-20,603,7152856,630,6256854,33,582908,1471,3144839,186,58399,1661,3210876,0,0,2927,6116.57,17203565,14000327,0
2022-03-21,1409,7154265,1561,6258415,73,582981,3064,3147903,362,58761,3447,3214323,0,0,6490,6145.29,17210055,14003391,0
2022-03-22,1340,7155605,1553,6259968,101,583082,2907,3150810,350,59111,3267,3217590,0,0,6261,6088.86,17216316,14006395,0
2022-03-23,1256,7156861,1358,6261326,66,583148,2926,3153736,374,59485,3311,3220901,0,0,5991,5943.43,17222307,14009086,0
2022-03-24,1207,7158068,1299,6262625,90,583238,2517,3156253,278,59763,2804,3223705,0,0,5400,5841,17227707,14011691,0
2022-03-25,1379,7159447,1638,6264263,62,583300,3270,3159523,385,60148,3668,3227373,0,0,6747,5650.14,17234454,14014783,0
2022-03-26,921,7160368,1169,6265432,36,583336,2311,3161834,254,60402,2573,3229946,0,0,4699,5502.14,17239153,14016917,0
2022-03-27,574,7160942,527,6265959,29,583365,1314,3163148,204,60606,1520,3231466,0,0,2650,5462.57,17241803,14018049,0
2022-03-28,1071,7162013,1170,6267129,69,583434,2444,3165592,366,60972,2829,3234295,0,0,5139,5269.57,17246942,14020378,0
2022-03-29,1041,7163054,1106,6268235,84,583518,2516,3168108,886,61858,3423,3237718,0,0,5654,5182.86,17252596,14022630,0
2022-03-30,1235,7164289,1139,6269374,99,583617,3064,3171172,3413,65271,6568,3244286,0,0,9041,5618.57,17261637,14025194,0
2022-03-31,1274,7165563,1250,6270624,58,583675,3163,3174335,5535,70806,8837,3253123,0,0,11420,6478.57,17273057,14027916,0
2022-04-01,1421,7166984,1487,6272111,77,583752,3243,3177578,6925,77731,10326,3263449,0,0,13311,7416.29,17286368,14031059,0
2022-04-02,904,7167888,909,6273020,33,583785,2084,3179662,4542,82273,6723,3270172,0,0,8569,7969.14,17294937,14033002,0
2022-04-03,553,7168441,489,6273509,28,583813,1219,3180881,3060,85333,4343,3274515,0,0,5413,8363.86,17300350,14034136,0
2022-04-04,1343,7169784,1299,6274808,62,583875,2724,3183605,7724,93057,10605,3285120,0,0,13309,9531,17313659,14036997,0
2022-04-05,1288,7171072,1152,6275960,66,583941,2844,3186449,7504,100561,10525,3295645,0,0,13031,10584.86,17326690,14039680,0
2022-04-06,1327,7172399,1174,6277134,61,584002,2628,3189077,6958,107519,9751,3305396,0,0,12313,11052.29,17339003,14042407,0
2022-04-07,1198,7173597,1060,6278194,57,584059,2379,3191456,6626,114145,9156,3314552,0,0,11471,11059.57,17350474,14044873,0
2022-04-08,1470,7175067,1410,6279604,61,584120,3170,3194626,8791,122936,12160,3326712,0,0,15101,11315.29,17365575,14048013,0
2022-04-09,906,7175973,925,6280529,29,584149,2081,3196707,4961,127897,7128,3333840,0,0,8988,11375.14,17374563,14049959,0
2022-04-10,573,7176546,459,6280988,25,584174,1168,3197875,2903,130800,4134,3337974,0,0,5191,11343.43,17379754,14051079,0
2022-04-11,1303,7177849,1223,6282211,61,584235,2654,3200529,7841,138641,10652,3348626,0,0,13239,11333.43,17392993,14053823,0
2022-04-12,1210,7179059,1054,6283265,73,584308,2513,3203042,7455,146096,10142,3358768,0,0,12479,11254.57,17405472,14056334,0
2022-04-13,1227,7180286,1073,6284338,61,584369,2511,3205553,7549,153645,10215,3368983,0,0,12576,11292.14,17418048,14058850,0
2022-04-14,1259,7181545,1095,6285433,58,584427,2443,3207996,6594,160239,9167,3378150,0,0,11579,11307.57,17429627,14061392,0
2022-04-15,1333,7182878,1092,6286525,53,584480,2553,3210549,6635,166874,9322,3387472,0,0,11800,10836,17441427,14064004,0
2022-04-16,853,7183731,652,6287177,34,584514,1641,3212190,3692,170566,5401,3392873,0,0,6940,10543.43,17448367,14065611,0
2022-04-17,345,7184076,201,6287378,27,584541,636,3212826,1159,171725,1819,3394692,0,0,2392,10143.57,17450759,14066208,0
2022-04-18,1376,7185452,1111,6288489,82,584623,2581,3215407,6417,178142,9141,3403833,0,0,11710,9925.14,17462469,14068920,0
2022-04-19,1406,7186858,933,6289422,71,584694,2569,3217976,5768,183910,8440,3412273,0,0,10850,9692.43,17473319,14071433,0
2022-04-20,1295,7188153,1151,6290573,66,584760,2711,3220687,6650,190560,9504,3421777,0,0,12016,9612.43,17485335,14074088,0
2022-04-21,1223,7189376,1061,6291634,53,584813,2339,3223026,5402,195962,7860,3429637,0,0,10197,9415,17495532,14076544,0
2022-04-22,1230,7190606,1038,6292672,46,584859,2238,3225264,5785,201747,8140,3437777,0,0,10454,9222.71,17505986,14078975,0
2022-04-23,710,7191316,751,6293423,59,584918,1427,3226691,3353,205100,4847,3442624,0,0,6367,9140.86,17512353,14080562,0
2022-04-24,445,7191761,344,6293767,27,584945,812,3227503,1845,206945,2690,3445314,0,0,3506,9300,17515859,14081411,0
2022-04-25,1036,7192797,917,6294684,64,585009,1849,3229352,5096,212041,7058,3452372,0,0,9076,8923.71,17524935,14083542,0
2022-04-26,946,7193743,856,6295540,76,585085,1748,3231100,4700,216741,6539,3458911,0,0,8417,8576.14,17533352,14085511,0
2022-04-27,1034,7194777,1020,6296560,80,585165,1924,3233024,5219,221960,7264,3466175,0,0,9398,8202.14,17542750,14087766,0
2022-04-28,1080,7195857,986,6297546,50,585215,2006,3235030,4749,226709,6868,3473043,0,0,8985,8029,17551735,14089996,0
2022-04-29,1170,7197027,1102,6298648,60,585275,2158,3237188,5437,232146,7713,3480756,0,0,10045,7970.57,17561780,14092446,0
2022-04-30,723,7197750,742,6299390,50,585325,1392,3238580,2965,235111,4407,3485163,0,0,5922,7907,17567702,14094011,0
2022-05-01,445,7198195,366,6299756,20,585345,766,3239346,1656,236767,2454,3487617,0,0,3285,7875.43,17570987,14094874,0
2022-05-02,1042,7199237,791,6300547,52,585397,1673,3241019,3822,240589,5564,3493181,0,0,7449,7643,17578436,14096828,0
2022-05-03,1115,7200352,864,6301411,61,585458,1994,3243013,4871,245460,6962,3500143,0,0,9002,7726.57,17587438,14098965,0
2022-05-04,1003,7201355,881,6302292,48,585506,1925,3244938,4677,250137,6696,3506839,0,0,8628,7616.57,17596066,14100991,0
2022-05-05,1070,7202425,952,6303244,86,585592,1928,3246866,4890,255027,6917,3513756,0,0,9025,7622.29,17605091,14103198,0
2022-05-06,1093,7203518,956,6304200,51,585643,1858,3248724,4403,259430,6339,3520095,0,0,8439,7392.86,17613530,14105376,0
2022-05-07,659,7204177,589,6304789,32,585675,1205,3249929,2434,261864,3679,3523774,0,0,4959,7255.29,17618489,14106696,0
2022-05-08,410,7204587,243,6305032,17,585692,665,3250594,1389,263253,2076,3525850,0,0,2746,7178.29,17621235,14107388,0
2022-05-09,1075,7205662,946,6305978,60,585752,1889,3252483,4436,267689,6420,3532270,0,0,8501,7328.57,17629736,14109564,0
2022-05-10,1093,7206755,928,6306906,54,585806,1978,3254461,4722,272411,6809,3539079,0,0,8884,7311.71,17638620,14111748,0
2022-05-11,1082,7207837,970,6307876,44,585850,1942,3256403,4842,277253,6888,3545967,0,0,8984,7362.57,17647604,14113948,0
2022-05-12,1098,7208935,950,6308826,60,585910,2001,3258404,4669,281922,6771,3552738,0,0,8879,7341.71,17656483,14116157,0
2022-05-13,1153,7210088,1037,6309863,44,585954,2074,3260478,4810,286732,6976,3559714,0,0,9210,7451.86,17665693,14118483,0
2022-05-14,826,7210914,671,6310534,31,585985,1469,3261947,2961,289693,4474,3564188,0,0,6002,7600.86,17671695,14120055,0
2022-05-15,508,7211422,355,6310889,22,586007,924,3262871,1649,291342,2599,3566787,0,0,3484,7706.29,17675179,14120966,0
2022-05-16,1223,7212645,855,6311744,62,586069,1831,3264702,3869,295211,5765,3572552,0,0,7905,7621.14,17683084,14123171,0
2022-05-17,1282,7213927,931,6312675,79,586148,2046,3266748,4899,300110,7039,3579591,0,0,9331,7685,17692415,14125557,0
2022-05-18,1233,7215160,898,6313573,82,586230,2062,3268810,4949,305059,7124,3586715,0,0,9337,7735.43,17701752,14127883,0
2022-05-19,1157,7216317,881,6314454,36,586266,2117,3270927,4731,309790,6935,3593650,0,0,9009,7754,17710761,14130044,0
2022-05-20,1195,7217512,958,6315412,73,586339,2369,3273296,5215,315005,7697,3601347,0,0,9925,7856.14,17720686,14132385,0
2022-05-21,830,7218342,647,6316059,24,586363,1727,3275023,3312,318317,5100,3606447,0,0,6601,7941.71,17727287,14133947,0
2022-05-22,506,7218848,292,6316351,22,586385,1135,3276158,1840,320157,3010,3609457,0,0,3830,7991.14,17731117,14134802,0
2022-05-23,1215,7220063,885,6317236,52,586437,2189,3278347,4710,324867,7003,3616460,0,0,9155,8169.71,17740272,14137058,0
2022-05-24,1402,7221465,934,6318170,66,586503,2306,3280653,4492,329359,6905,3623365,0,0,9308,8166.43,17749580,14139568,0
2022-05-25,1410,7222875,956,6319126,57,586560,2263,3282916,4278,333637,6643,3630008,0,0,9067,8127.86,17758647,14142094,0
2022-05-26,1166,7224041,889,6320015,60,586620,2274,3285190,4155,337792,6497,3636505,0,0,8613,8071.29,17767260,14144278,0
2022-05-27,1241,7225282,954,6320969,38,586658,2497,3287687,3926,341718,6502,3643007,0,0,8736,7901.43,17775996,14146591,0
2022-05-28,710,7225992,516,6321485,19,586677,1784,3289471,2068,343786,3892,3646899,0,0,5137,7692.29,17781133,14147876,0
2022-05-29,469,7226461,216,6321701,11,586688,761,3290232,1127,344913,1908,3648807,0,0,2604,7517.14,17783737,14148592,0
2022-05-30,91,7226552,62,6321763,6,586694,138,3290370,144,345057,284,3649091,0,0,443,6272.57,17784180,14148753,0
2022-05-31,1135,7227687,918,6322681,51,586745,1902,3292272,3053,348110,5016,3654107,0,0,7120,5960,17791300,14150918,0
2022-06-01,1151,7228838,851,6323532,63,586808,1969,3294241,3433,351543,5477,3659584,0,0,7542,5742.14,17798842,14153058,0
2022-06-02,1025,7229863,799,6324331,72,586880,1827,3296068,3179,354722,5068,3664652,0,0,6964,5506.57,17805806,14155016,0
2022-06-03,1154,7231017,894,6325225,47,586927,2073,3298141,3495,358217,5638,3670290,0,0,7733,5363.29,17813539,14157181,0
2022-06-04,720,7231737,584,6325809,26,586953,1560,3299701,1907,360124,3503,3673793,0,0,4835,5320.14,17818374,14158549,0
2022-06-05,447,7232184,297,6326106,1,586954,881,3300582,981,361105,1871,3675664,0,0,2616,5321.86,17820990,14159303,0
2022-06-06,1120,7233304,828,6326934,65,587019,1758,3302340,2747,363852,4558,3680222,0,0,6571,6197.29,17827561,14161369,0
2022-06-07,1017,7234321,773,6327707,70,587089,1794,3304134,2570,366422,4412,3684634,0,0,6273,6076.29,17833834,14163278,0
2022-06-08,1088,7235409,836,6328543,75,587164,1878,3306012,2751,369173,4694,3689328,0,0,6693,5955,17840527,14165342,0
2022-06-09,1134,7236543,840,6329383,62,587226,2231,3308243,2693,371866,4976,3694304,0,0,7012,5961.86,17847539,14167430,0
2022-06-10,1045,7237588,816,6330199,76,587302,1881,3310124,2834,374700,4772,3699076,0,0,6709,5815.57,17854248,14169424,0
2022-06-11,678,7238266,507,6330706,25,587327,1333,3311457,1504,376204,2865,3701941,0,0,4075,5707,17858323,14170662,0
2022-06-12,349,7238615,287,6330993,21,587348,876,3312333,776,376980,1661,3703602,0,0,2318,5664.43,17860641,14171328,0
2022-06-13,1027,7239642,768,6331761,62,587410,1584,3313917,2189,379169,3812,3707414,0,0,5670,5535.71,17866311,14173225,0
2022-06-14,972,7240614,833,6332594,65,587475,1693,3315610,2505,381674,4261,3711675,0,0,6131,5515.43,17872442,14175158,0
2022-06-15,968,7241582,865,6333459,39,587514,1666,3317276,2428,384102,4155,3715830,0,0,6027,5420.29,17878469,14177091,0
2022-06-16,959,7242541,777,6334236,59,587573,1835,3319111,2366,386468,4257,3720087,0,0,6052,5283.14,17884521,14178942,0
2022-06-17,897,7243438,797,6335033,48,587621,1771,3320882,2408,388876,4224,3724311,0,0,5967,5177.14,17890488,14180730,0
2022-06-18,655,7244093,523,6335556,26,587647,1284,3322166,1296,390172,2610,3726921,0,0,3814,5139.86,17894302,14181964,0
2022-06-19,345,7244438,231,6335787,16,587663,730,3322896,609,390781,1351,3728272,0,0,1943,5086.29,17896245,14182568,0
2022-06-20,828,7245266,489,6336276,41,587704,1581,3324477,1611,392392,3231,3731503,0,0,4589,4931.86,17900834,14183965,0
2022-06-21,1129,7246395,739,6337015,49,587753,1703,3326180,2143,394535,3904,3735407,0,0,5823,4887.86,17906657,14185942,0
2022-06-22,1957,7248352,836,6337851,47,587800,1710,3327890,1996,396531,3749,3739156,0,0,6589,4968.14,17913246,14188825,0
2022-06-23,2119,7250471,763,6338614,66,587866,1704,3329594,2157,398688,3913,3743069,0,0,6861,5083.71,17920107,14191825,0
2022-06-24,2167,7252638,760,6339374,48,587914,1626,3331220,2161,400849,3835,3746904,0,0,6810,5204.14,17926917,14194848,0
2022-06-25,2136,7254774,499,6339873,15,587929,1238,3332458,1143,401992,2396,3749300,0,0,5049,5380.57,17931966,14197516,0
2022-06-26,1208,7255982,248,6340121,14,587943,687,3333145,531,402523,1224,3750524,0,0,2694,5487.86,17934660,14198992,0
2022-06-27,1528,7257510,656,6340777,60,588003,1473,3334618,1657,404180,3170,3753694,0,0,5415,5605.86,17940075,14201277,0
2022-06-28,1686,7259196,830,6341607,57,588060,1867,3336485,2144,406324,4057,3757751,0,0,6630,5721.14,17946705,14203896,0
2022-06-29,1856,7261052,777,6342384,48,588108,1719,3338204,1928,408252,3686,3761437,0,0,6367,5689.43,17953072,14206616,0
2022-06-30,1866,7262918,807,6343191,46,588154,1736,3339940,2134,410386,3914,3765351,0,0,6633,5656.86,17959705,14209379,0
2022-07-01,1605,7264523,598,6343789,26,588180,1400,3341340,1729,412115,3162,3768513,0,0,5391,5454.14,17965096,14211641,0
2022-07-02,979,7265502,389,6344178,19,588199,841,3342181,940,413055,1799,3770312,0,0,3186,5188,17968282,14213046,0
2022-07-03,529,7266031,205,6344383,7,588206,461,3342642,486,413541,950,3771262,0,0,1691,5044.71,17969973,14213790,0
2022-07-04,36,7266067,25,6344408,1,588207,31,3342673,38,413579,69,3771331,0,0,131,4289.86,17970104,14213852,0
2022-07-05,1295,7267362,757,6345165,35,588242,1406,3344079,1740,415319,3177,3774508,0,0,5264,4094.71,17975368,14215970,0
2022-07-06,1612,7268974,677,6345842,44,588286,1443,3345522,1844,417163,3329,3777837,0,0,5662,3994,17981030,14218345,0
2022-07-07,1592,7270566,713,6346555,48,588334,1526,3347048,2002,419165,3566,3781403,0,0,5919,3892,17986949,14220736,0
2022-07-08,1633,7272199,651,6347206,37,588371,1476,3348524,1979,421144,3505,3784908,0,0,5827,3954.29,17992776,14223108,0
2022-07-09,985,7273184,435,6347641,26,588397,884,3349408,1347,422491,2262,3787170,0,0,3708,4028.86,17996484,14224585,0
2022-07-10,637,7273821,187,6347828,17,588414,430,3349838,659,423150,1099,3788269,0,0,1940,4064.43,17998424,14225436,0
2022-07-11,1395,7275216,634,6348462,49,588463,1446,3351284,2213,425363,3694,3791963,0,0,5772,4870.29,18004196,14227549,0
2022-07-12,1407,7276623,687,6349149,45,588508,1404,3352688,2515,427878,3993,3795956,0,0,6132,4994.29,18010328,14229762,0
2022-07-13,1614,7278237,726,6349875,37,588545,1525,3354213,2841,430719,4431,3800387,0,0,6808,5158,18017136,14232204,0
2022-07-14,1586,7279823,842,6350717,47,588592,1606,3355819,3064,433783,4748,3805135,0,0,7224,5344.43,18024360,14234758,0
2022-07-15,1615,7281438,937,6351654,47,588639,1577,3357396,3059,436842,4696,3809831,0,0,7295,5554.14,18031655,14237417,0
2022-07-16,881,7282319,586,6352240,9,588648,985,3358381,1702,438544,2717,3812548,0,0,4193,5623.43,18035848,14238923,0
2022-07-17,550,7282869,289,6352529,16,588664,527,3358908,1165,439709,1719,3814267,0,0,2574,5714,18038422,14239805,0
2022-07-18,1402,7284271,843,6353372,45,588709,1431,3360339,2464,442173,3953,3818220,0,0,6243,5781.29,18044665,14242153,0
2022-07-19,1440,7285711,976,6354348,51,588760,1544,3361883,2803,444976,4439,3822659,0,0,6906,5891.86,18051571,14244712,0
2022-07-20,1379,7287090,1483,6355831,50,588810,1355,3363238,2396,447372,3813,3826472,0,0,6726,5880.14,18058297,14247687,0
2022-07-21,1333,7288423,1435,6357266,50,588860,1395,3364633,2364,449736,3808,3830280,0,0,6626,5794.71,18064923,14250554,0
2022-07-22,1428,7289851,1569,6358835,42,588902,1563,3366196,2856,452592,4502,3834782,0,0,7541,5829.86,18072464,14253676,0
2022-07-23,906,7290757,1103,6359938,17,588919,999,3367195,1554,454146,2589,3837371,0,0,4615,5890.14,18077079,14255738,0
2022-07-24,483,7291240,642,6360580,14,588933,504,3367699,805,454951,1317,3838688,0,0,2457,5873.43,18079536,14256886,0
2022-07-25,1230,7292470,764,6361344,59,588992,1264,3368963,2063,457014,3381,3842069,0,0,5434,5757.86,18084970,14258993,0
2022-07-26,1232,7293702,1022,6362366,41,589033,1478,3370441,2445,459459,3983,3846052,0,0,6278,5668.14,18091248,14261348,0
2022-07-27,1318,7295020,1279,6363645,42,589075,1392,3371833,2195,461654,3647,3849699,0,0,6287,5605.43,18097535,14264048,0
2022-07-28,1311,7296331,1423,6365068,72,589147,1425,3373258,2217,463871,3692,3853391,0,0,6498,5587.14,18104033,14266904,0
2022-07-29,1319,7297650,1431,6366499,64,589211,1361,3374619,2161,466032,3565,3856956,0,0,6379,5421.14,18110412,14269761,0
2022-07-30,738,7298388,719,6367218,25,589236,796,3375415,961,466993,1780,3858736,0,0,3265,5228.29,18113677,14271269,0
2022-07-31,422,7298810,590,6367808,14,589250,488,3375903,571,467564,1065,3859801,0,0,2091,5176,18115768,14272301,0
2022-08-01,1245,7300055,914,6368722,55,589305,1333,3377236,1511,469075,2889,3862690,0,0,5103,5128.71,18120871,14274560,0
2022-08-02,1230,7301285,1013,6369735,73,589378,1350,3378586,1601,470676,2998,3865688,0,0,5314,4991,18126185,14276923,0
2022-08-03,1263,7302548,1190,6370925,41,589419,1344,3379930,1532,472208,2916,3868604,0,0,5410,4865.71,18131595,14279457,0
2022-08-04,1190,7303738,1187,6372112,58,589477,1288,3381218,1460,473668,2779,3871383,0,0,5214,4682.29,18136809,14281923,0
2022-08-05,1316,7305054,1452,6373564,49,589526,1316,3382534,1442,475110,2782,3874165,0,0,5599,4570.86,18142408,14284764,0
2022-08-06,696,7305750,844,6374408,14,589540,766,3383300,777,475887,1568,3875733,0,0,3123,4550.57,18145531,14286344,0
2022-08-07,389,7306139,454,6374862,14,589554,428,3383728,358,476245,797,3876530,0,0,1654,4488.14,18147185,14287212,0
2022-08-08,1191,7307330,935,6375797,70,589624,1279,3385007,1187,477432,2496,3879026,0,0,4692,4429.43,18151877,14289438,0
2022-08-09,1134,7308464,890,6376687,38,589662,1231,3386238,1163,478595,2427,3881453,0,0,4489,4311.57,18156366,14291533,0
2022-08-10,1222,7309686,1115,6377802,59,589721,1260,3387498,1247,479842,2542,3883995,0,0,4938,4244.14,18161304,14293964,0
2022-08-11,1277,7310963,1071,6378873,84,589805,1212,3388710,1279,481121,2530,3886525,0,0,4962,4208.14,18166266,14296435,0
2022-08-12,1293,7312256,1411,6380284,55,589860,1269,3389979,1247,482368,2548,3889073,0,0,5307,4166.43,18171573,14299226,0
2022-08-13,754,7313010,790,6381074,15,589875,763,3390742,634,483002,1415,3890488,0,0,2974,4145.14,18174547,14300803,0
2022-08-14,468,7313478,477,6381551,20,589895,405,3391147,283,483285,691,3891179,0,0,1656,4145.43,18176203,14301771,0
2022-08-15,1246,7314724,1067,6382618,60,589955,1318,3392465,991,484276,2349,3893528,0,0,4722,4149.71,18180925,14304184,0
2022-08-16,1304,7316028,869,6383487,50,590005,1371,3393836,1079,485355,2482,3896010,0,0,4706,4180.71,18185631,14306440,0
2022-08-17,1212,7317240,959,6384446,39,590044,1237,3395073,1005,486360,2281,3898291,0,0,4491,4116.86,18190122,14308689,0
2022-08-18,1168,7318408,945,6385391,45,590089,1268,3396341,949,487309,2242,3900533,0,0,4400,4036.57,18194522,14310872,0
2022-08-19,1254,7319662,1136,6386527,34,590123,1121,3397462,979,488288,2130,3902663,0,0,4554,3929,18199076,14313326,0
2022-08-20,590,7320252,492,6387019,16,590139,636,3398098,517,488805,1166,3903829,0,0,2264,3827.57,18201340,14314437,0
2022-08-21,358,7320610,243,6387262,9,590148,382,3398480,267,489072,652,3904481,0,0,1262,3771.29,18202602,14315050,0
2022-08-22,1221,7321831,923,6388185,40,590188,1238,3399718,888,489960,2153,3906634,0,0,4337,3716.29,18206939,14317261,0
2022-08-23,1237,7323068,1050,6389235,48,590236,1384,3401102,962,490922,2374,3909008,0,0,4710,3716.86,18211649,14319625,0
2022-08-24,1265,7324333,1017,6390252,29,590265,1296,3402398,822,491744,2144,3911152,0,0,4456,3711.86,18216105,14321963,0
2022-08-25,1220,7325553,995,6391247,66,590331,1194,3403592,813,492557,2023,3913175,0,0,4304,3698.14,18220409,14324260,0
2022-08-26,1187,7326740,1176,6392423,56,590387,1194,3404786,780,493337,1995,3915170,0,0,4414,3678.14,18224823,14326700,0
2022-08-27,694,7327434,543,6392966,14,590401,685,3405471,404,493741,1102,3916272,0,0,2353,3690.86,18227176,14327964,0
2022-08-28,378,7327812,240,6393206,10,590411,442,3405913,228,493969,673,3916945,0,0,1301,3696.43,18228477,14328595,0
2022-08-29,1253,7329065,981,6394187,41,590452,1231,3407144,689,494658,1941,3918886,0,0,4217,3679.29,18232694,14330892,0
2022-08-30,1267,7330332,942,6395129,36,590488,1273,3408417,767,495425,2070,3920956,0,0,4315,3622.86,18237009,14333167,0
2022-08-31,1152,7331484,1014,6396143,43,590531,1106,3409523,574,495999,1700,3922656,0,0,3910,3544.86,18240919,14335397,0
2022-09-01,1028,7332512,963,6397106,51,590582,809,3410332,456,496455,1279,3923935,0,0,3322,3404.57,18244241,14337454,0
2022-09-02,976,7333488,1022,6398128,32,590614,594,3410926,176,496631,777,3924712,92,92,2884,3186,18247125,14339476,0
2022-09-03,533,7334021,450,6398578,12,590626,370,3411296,50,496681,424,3925136,314,406,1684,3090.43,18248809,14340426,0
2022-09-04,252,7334273,212,6398790,10,590636,189,3411485,25,496706,216,3925352,312,718,959,3041.57,18249768,14340859,0
2022-09-05,78,7334351,71,6398861,7,590643,44,3411529,16,496722,61,3925413,9,727,226,2471.43,18249994,14341016,0
2022-09-06,1129,7335480,1229,6400090,51,590694,638,3412167,130,496852,777,3926190,1269,1996,4236,2460.14,18254230,14343215,0
2022-09-07,1473,7336953,1380,6401470,38,590732,486,3412653,156,497008,662,3926852,6446,8442,9122,3204.71,18263352,14345249,0
2022-09-08,1526,7338479,1197,6402667,36,590768,254,3412907,110,497118,380,3927232,7828,16270,9847,4136.86,18273199,14346904,0
2022-09-09,1549,7340028,1608,6404275,49,590817,285,3413192,122,497240,438,3927670,9890,26160,12372,5492.29,18285571,14348979,0
2022-09-10,843,7340871,839,6405114,12,590829,270,3413462,45,497285,328,3927998,5318,31478,6759,6217.29,18292330,14350105,0
2022-09-11,496,7341367,438,6405552,11,590840,86,3413548,30,497315,125,3928123,3941,35419,4529,6727.29,18296859,14350577,0
2022-09-12,1671,7343038,1437,6406989,39,590879,206,3413754,92,497407,332,3928455,11659,47078,13542,8629.57,18310401,14352162,0
2022-09-13,1397,7344435,1273,6408262,33,590912,221,3413975,118,497525,388,3928843,9734,56812,11739,9701.43,18322140,14353828,0
2022-09-14,1410,7345845,1270,6409532,32,590944,225,3414200,125,497650,389,3929232,11030,67842,13078,10266.57,18335218,14355526,0
2022-09-15,1560,7347405,1281,6410813,23,590967,227,3414427,109,497759,371,3929603,12085,79927,14108,10875.29,18349326,14357213,0
2022-09-16,1686,7349091,1627,6412440,27,590994,270,3414697,156,497915,481,3930084,13806,93733,16267,11431.71,18365593,14359248,0
2022-09-17,800,7349891,865,6413305,12,591006,275,3414972,78,497993,376,3930460,7003,100736,8412,11667.86,18374005,14360304,0
2022-09-18,518,7350409,411,6413716,7,591013,74,3415046,26,498019,113,3930573,4485,105221,4977,11731.86,18378982,14360696,0
2022-09-19,1550,7351959,1323,6415039,29,591042,227,3415273,98,498117,351,3930924,13813,119034,15517,12014,18394499,14362075,0
2022-09-20,1438,7353397,1252,6416291,27,591069,223,3415496,91,498208,360,3931284,13211,132245,15014,12481.86,18409513,14363564,0
2022-09-21,1666,7355063,1351,6417642,31,591100,261,3415757,131,498339,426,3931710,14941,147186,16850,13020.71,18426363,14365081,0
2022-09-22,1470,7356533,1259,6418901,28,591128,174,3415931,138,498477,358,3932068,13230,160416,15050,13155.29,18441413,14366589,0
2022-09-23,1732,7358265,1648,6420549,24,591152,252,3416183,145,498622,460,3932528,16947,177363,19248,13581.14,18460661,14368493,0
2022-09-24,799,7359064,888,6421437,8,591160,272,3416455,68,498690,359,3932887,7507,184870,8856,13644.57,18469517,14369502,0
2022-09-25,484,7359548,391,6421828,1,591161,72,3416527,47,498737,128,3933015,4508,189378,4995,13647.14,18474512,14369870,0
2022-09-26,1568,7361116,1245,6423073,16,591177,290,3416817,144,498881,492,3933507,15013,204391,16712,13817.86,18491224,14371135,0
2022-09-27,1531,7362647,1307,6424380,26,591203,283,3417100,172,499053,491,3933998,14157,218548,16148,13979.86,18507372,14372671,0
2022-09-28,1620,7364267,1293,6425673,18,591221,190,3417290,186,499239,430,3934428,15509,234057,17286,14042.14,18524658,14374072,0
2022-09-29,1672,7365939,1301,6426974,19,591240,178,3417468,96,499335,311,3934739,15375,249432,17224,14352.71,18541882,14375647,0
2022-09-30,1636,7367575,1550,6428524,13,591253,182,3417650,177,499512,405,3935144,16485,265917,18653,14267.71,18560535,14377456,0
2022-10-01,718,7368293,669,6429193,5,591258,138,3417788,34,499546,181,3935325,7052,272969,7941,14137,18568476,14378173,0
2022-10-02,511,7368804,428,6429621,5,591263,48,3417836,45,499591,107,3935432,4428,277397,4838,14114.57,18573314,14378490,0
2022-10-03,1550,7370354,1188,6430809,23,591286,156,3417992,113,499704,316,3935748,14572,291969,15976,14009.43,18589290,14379625,0
2022-10-04,1378,7371732,1157,6431966,15,591301,150,3418142,121,499825,299,3936047,13403,305372,14798,13816.57,18604088,14380749,0
2022-10-05,1588,7373320,1285,6433251,17,591318,283,3418425,164,499989,500,3936547,14867,320239,16692,13731.71,18620780,14382127,0
2022-10-06,1485,7374805,1248,6434499,19,591337,166,3418591,160,500149,385,3936932,14957,335196,16620,13645.43,18637400,14383464,0
2022-10-07,1661,7376466,1426,6435925,15,591352,171,3418762,135,500284,367,3937299,17112,352308,19073,13705.43,18656473,14385119,0
2022-10-08,760,7377226,680,6436605,4,591356,146,3418908,62,500346,225,3937524,7714,360022,8642,13805.57,18665115,14385839,0
2022-10-09,485,7377711,410,6437015,5,591361,47,3418955,55,500401,120,3937644,4694,364716,5119,13845.71,18670234,14386162,0
2022-10-10,1544,7379255,1253,6438268,14,591375,174,3419129,120,500521,333,3937977,15206,379922,16510,13922,18686744,14387172,0
2022-10-11,1637,7380892,1102,6439370,19,591394,180,3419309,152,500673,388,3938365,14321,394243,15855,14073,18702599,14388374,0
2022-10-12,1863,7382755,1324,6440694,17,591411,135,3419444,186,500859,387,3938752,16282,410525,17888,14243.86,18720487,14389659,0
2022-10-13,1612,7384367,1151,6441845,28,591439,135,3419579,201,501060,407,3939159,14036,424561,15573,14094.29,18736060,14390860,0
2022-10-14,1812,7386179,1538,6443383,25,591464,130,3419709,181,501241,364,3939523,17209,441770,19192,14111.29,18755252,14392532,0
2022-10-15,766,7386945,640,6444023,9,591473,90,3419799,68,501309,179,3939702,7616,449386,8473,14087.14,18763725,14393231,0
2022-10-16,564,7387509,410,6444433,3,591476,25,3419824,65,501374,121,3939823,4726,454112,5169,14094.29,18768894,14393584,0
2022-10-17,1815,7389324,1251,6445684,18,591494,83,3419907,116,501490,236,3940059,16072,470184,17393,14220.43,18786287,14394706,0
2022-10-18,1682,7391006,1172,6446856,20,591514,100,3420007,135,501625,282,3940341,14640,484824,16012,14242.86,18802299,14395843,0
2022-10-19,2087,7393093,1331,6448187,21,591535,84,3420091,142,501767,289,3940630,16233,501057,17706,14216.86,18820005,14397090,0
2022-10-20,1684,7394777,1166,6449353,11,591546,89,3420180,147,501914,303,3940933,15402,516459,16851,14399.43,18836856,14398303,0
2022-10-21,1801,7396578,1347,6450700,12,591558,92,3420272,150,502064,297,3941230,16739,533198,18407,14287.29,18855263,14399729,0
2022-10-22,740,7397318,668,6451368,9,591567,44,3420316,46,502110,100,3941330,7690,540888,8419,14279.57,18863682,14400368,0
2022-10-23,520,7397838,370,6451738,3,591570,21,3420337,39,502149,69,3941399,4803,545691,5080,14266.86,18868762,14400585,0
2022-10-24,1740,7399578,1207,6452945,19,591589,70,3420407,111,502260,223,3941622,15558,561249,16843,14188.29,18885605,14401689,0
2022-10-25,1659,7401237,1186,6454131,12,591601,94,3420501,109,502369,232,3941854,15039,576288,16343,14235.57,18901948,14402790,0
2022-10-26,1852,7403089,1330,6455461,11,591612,90,3420591,168,502537,334,3942188,16818,593106,18287,14318.57,18920235,14404001,0
2022-10-27,1581,7404670,1074,6456535,13,591625,91,3420682,127,502664,271,3942459,15115,608221,16413,14256,18936648,14405081,0
2022-10-28,1698,7406368,1426,6457961,17,591642,108,3420790,153,502817,320,3942779,16764,624985,18579,14280.57,18955227,14406635,0
2022-10-29,694,7407062,545,6458506,9,591651,69,3420859,57,502874,140,3942919,7748,632733,8417,14280.29,18963644,14407178,0
2022-10-30,519,7407581,306,6458812,3,591654,19,3420878,57,502931,92,3943011,4491,637224,4779,14237.29,18968423,14407390,0
2022-10-31,1674,7409255,1109,6459921,8,591662,48,3420926,126,503057,217,3943228,14596,651820,15542,14051.43,18983965,14408162,0
2022-11-01,1664,7410919,1021,6460942,18,591680,78,3421004,128,503185,238,3943466,13621,665441,14938,13850.71,18998903,14409273,0
2022-11-02,1732,7412651,1120,6462062,17,591697,90,3421094,123,503308,255,3943721,14874,680315,16146,13544.86,19015049,14410332,0
2022-11-03,1420,7414071,1032,6463094,14,591711,84,3421178,167,503475,328,3944049,12622,692937,13902,13186.14,19028951,14411361,0
2022-11-04,1736,7415807,1217,6464311,14,591725,101,3421279,139,503614,275,3944324,15433,708370,17032,12965.14,19045983,14412720,0
2022-11-05,824,7416631,529,6464840,6,591731,65,3421344,82,503696,161,3944485,7044,715414,7756,12870.71,19053739,14413285,0
2022-11-06,406,7417037,330,6465170,4,591735,20,3421364,49,503745,106,3944591,4072,719486,4412,12818.29,19058151,14413556,0
2022-11-07,1638,7418675,1065,6466235,14,591749,75,3421439,101,503846,213,3944804,13219,732705,14381,12652.43,19072532,14414542,0
2022-11-08,1530,7420205,1008,6467243,8,591757,97,3421536,132,503978,270,3945074,12068,744773,13332,12423,19085864,14415577,0
2022-11-09,1569,7421774,1057,6468300,9,591766,86,3421622,114,504092,247,3945321,12191,756964,13456,12038.71,19099320,14416642,0
2022-11-10,1484,7423258,1012,6469312,14,591780,73,3421695,147,504239,276,3945597,12352,769316,13627,11999.43,19112947,14417697,0
2022-11-11,1499,7424757,1073,6470385,11,591791,101,3421796,102,504341,224,3945821,12874,782190,14301,11609.29,19127248,14418921,0
2022-11-12,671,7425428,513,6470898,2,591793,57,3421853,61,504402,128,3945949,6430,788620,7049,11508.29,19134297,14419422,0
2022-11-13,495,7425923,341,6471239,4,591797,15,3421868,68,504470,98,3946047,3893,792513,4210,11479.43,19138507,14419656,0
2022-11-14,1441,7427364,1025,6472264,19,591816,59,3421927,113,504583,203,3946250,11628,804141,12741,11245.14,19151248,14420597,0
2022-11-15,1491,7428855,1000,6473264,15,591831,103,3422030,165,504748,294,3946544,11273,815414,12654,11148.29,19163902,14421710,0
2022-11-16,1596,7430451,1033,6474297,21,591852,66,3422096,146,504894,248,3946792,11561,826975,12808,11055.71,19176710,14422745,0
2022-11-17,1421,7431872,977,6475274,10,591862,72,3422168,189,505083,302,3947094,10539,837514,11869,10804.57,19188579,14423814,0
2022-11-18,1582,7433454,1103,6476377,12,591874,68,3422236,118,505201,216,3947310,12404,849918,13995,10760.86,19202574,14425219,0
2022-11-19,677,7434131,436,6476813,4,591878,57,3422293,62,505263,129,3947439,5911,855829,6568,10692.14,19209142,14425757,0
2022-11-20,475,7434606,304,6477117,4,591882,12,3422305,35,505298,64,3947503,3538,859367,3838,10639,19212980,14426010,0
2022-11-21,1516,7436122,920,6478037,4,591886,51,3422356,81,505379,149,3947652,10392,869759,11368,10442.86,19224348,14426854,0
2022-11-22,1269,7437391,817,6478854,7,591893,53,3422409,92,505471,163,3947815,9264,879023,10289,10105,19234637,14427734,0
2022-11-23,1290,7438681,733,6479587,11,591904,65,3422474,80,505551,171,3947986,8673,887696,9613,9648.57,19244250,14428529,0
2022-11-24,18,7438699,10,6479597,2,591906,0,3422474,6,505557,8,3947994,112,887808,137,7972.57,19244387,14428548,0
2022-11-25,679,7439378,475,6480072,14,591920,37,3422511,55,505612,111,3948105,5682,893490,6419,6890.29,19250806,14429193,0
2022-11-26,591,7439969,378,6480450,2,591922,15,3422526,43,505655,62,3948167,4896,898386,5331,6713.57,19256137,14429570,0
2022-11-27,396,7440365,219,6480669,1,591923,11,3422537,23,505678,49,3948216,3170,901556,3352,6644.14,19259489,14429718,0
2022-11-28,947,7441312,698,6481367,10,591933,59,3422596,65,505743,145,3948361,6950,908506,7918,6151.29,19267407,14430562,0
2022-11-29,925,7442237,709,6482076,8,591941,46,3422642,72,505815,144,3948505,6929,915435,7966,5819.43,19275373,14431481,0
2022-11-30,1211,7443448,866,6482942,16,591957,50,3422692,54,505869,123,3948628,8726,924161,9734,5836.71,19285107,14432385,0
2022-12-01,1128,7444576,770,6483712,13,591970,61,3422753,96,505965,183,3948811,8469,932630,9541,7180.14,19294648,14433300,0
2022-12-02,1314,7445890,971,6484683,14,591984,70,3422823,105,506070,195,3949006,10217,942847,11543,7912.14,19306191,14434451,0
2022-12-03,614,7446504,423,6485106,12,591996,42,3422865,42,506112,87,3949093,4951,947798,5477,7933,19311668,14434893,0
2022-12-04,418,7446922,284,6485390,4,592000,7,3422872,26,506138,40,3949133,3269,951067,3496,7953.57,19315164,14435087,0
2022-12-05,1161,7448083,766,6486156,15,592015,62,3422934,71,506209,149,3949282,8600,959667,9610,8195.29,19324774,14435964,0
2022-12-06,1163,7449246,766,6486922,13,592028,69,3423003,89,506298,176,3949458,8129,967796,9128,8361.29,19333902,14436805,0
2022-12-07,1207,7450453,752,6487674,12,592040,62,3423065,81,506379,163,3949621,8297,976093,9315,8301.43,19343217,14437680,0
2022-12-08,1101,7451554,741,6488415,14,592054,69,3423134,77,506456,166,3949787,8672,984765,9702,8324.43,19352919,14438564,0
2022-12-09,1229,7452783,975,6489390,13,592067,81,3423215,103,506559,210,3949997,10407,995172,11774,8357.43,19364693,14439747,0
2022-12-10,678,7453461,460,6489850,7,592074,36,3423251,74,506633,128,3950125,6146,1001318,6714,8534.14,19371407,14440205,0
2022-12-11,431,7453892,263,6490113,4,592078,11,3423262,35,506668,56,3950181,3683,1005001,3885,8589.71,19375292,14440361,0
2022-12-12,1334,7455226,803,6490916,19,592097,78,3423340,105,506773,209,3950390,9971,1014972,11018,8790.86,19386310,14441225,0
2022-12-13,1275,7456501,844,6491760,17,592114,54,3423394,101,506874,190,3950580,9696,1024668,10753,9023,19397063,14442127,0
2022-12-14,1194,7457695,830,6492590,12,592126,67,3423461,99,506973,192,3950772,9634,1034302,10614,9208.57,19407677,14442941,0
2022-12-15,1193,7458888,695,6493285,11,592137,60,3423521,109,507082,184,3950956,8445,1042747,9415,9167.57,19417092,14443742,0
2022-12-16,1203,7460091,804,6494089,12,592149,69,3423590,126,507208,217,3951173,9358,1052105,10532,8990.14,19427624,14444721,0
2022-12-17,651,7460742,464,6494553,8,592157,31,3423621,36,507244,80,3951253,5831,1057936,6305,8931.71,19433929,14445128,0
2022-12-18,440,7461182,231,6494784,2,592159,15,3423636,23,507267,48,3951301,3402,1061338,3609,8892.29,19437538,14445297,0
2022-12-19,1223,7462405,776,6495560,7,592166,56,3423692,84,507351,154,3951455,8907,1070245,9841,8724.14,19447379,14446091,0
2022-12-20,1209,7463614,762,6496322,18,592184,83,3423775,138,507489,277,3951732,8584,1078829,9717,8576.14,19457096,14447003,0
2022-12-21,1091,7464705,695,6497017,16,592200,54,3423829,95,507584,180,3951912,8283,1087112,9159,8368.29,19466255,14447730,0
2022-12-22,989,7465694,590,6497607,4,592204,44,3423873,73,507657,134,3952046,6940,1094052,7673,8119.43,19473928,14448346,0
2022-12-23,832,7466526,503,6498110,11,592215,41,3423914,58,507715,112,3952158,5915,1099967,6521,7546.43,19480449,14448853,0
2022-12-24,191,7466717,113,6498223,1,592216,2,3423916,15,507730,20,3952178,1378,1101345,1497,6859.57,19481946,14448955,0
2022-12-25,8,7466725,3,6498226,0,592216,2,3423918,0,507730,2,3952180,29,1101374,37,6349.29,19481983,14448961,0
2022-12-26,572,7467297,269,6498495,16,592232,19,3423937,22,507752,44,3952224,3305,1104679,3616,5460,19485599,14449231,0
2022-12-27,1085,7468382,607,6499102,13,592245,56,3423993,60,507812,125,3952349,7236,1111915,8036,5219.86,19493635,14449915,0
2022-12-28,1062,7469444,562,6499664,8,592253,58,3424051,64,507876,132,3952481,6989,1118904,7785,5023.57,19501420,14450589,0
2022-12-29,1013,7470457,585,6500249,9,592262,50,3424101,90,507966,163,3952644,6593,1125497,7425,4988.14,19508845,14451281,0
2022-12-30,950,7471407,539,6500788,9,592271,49,3424150,50,508016,109,3952753,6133,1131630,6859,5036.43,19515704,14451908,0
2022-12-31,307,7471714,168,6500956,4,592275,17,3424167,10,508026,30,3952783,1813,1133443,1991,5107,19517695,14452059,0
2023-01-01,20,7471734,9,6500965,0,592275,3,3424170,5,508031,8,3952791,59,1133502,87,5114.14,19517782,14452079,0
2023-01-02,654,7472388,329,6501294,10,592285,14,3424184,24,508055,44,3952835,3655,1137157,4003,5169.43,19521785,14452389,0
2023-01-03,968,7473356,592,6501886,9,592294,41,3424225,58,508113,111,3952946,5480,1142637,6268,4916.86,19528053,14453078,0
2023-01-04,1106,7474462,677,6502563,17,592311,53,3424278,63,508176,134,3953080,6179,1148816,7059,4813.14,19535112,14453842,0
2023-01-05,1009,7475471,589,6503152,23,592334,35,3424313,89,508265,143,3953223,5766,1154582,6696,4709,19541808,14454648,0
2023-01-06,1052,7476523,779,6503931,17,592351,49,3424362,81,508346,141,3953364,6502,1161084,7553,4808.14,19549361,14455569,0
2023-01-07,602,7477125,430,6504361,8,592359,23,3424385,34,508380,63,3953427,4454,1165538,4914,5225.71,19554275,14455972,0
2023-01-08,375,7477500,246,6504607,4,592363,12,3424397,29,508409,45,3953472,2560,1168098,2770,5609,19557045,14456141,0
2023-01-09,955,7478455,584,6505191,17,592380,52,3424449,41,508450,102,3953574,5608,1173706,6452,5958.86,19563497,14456892,0
2023-01-10,860,7479315,644,6505835,8,592388,49,3424498,85,508535,151,3953725,5342,1179048,6251,5956.43,19569748,14457667,0
2023-01-11,879,7480194,551,6506386,21,592409,46,3424544,68,508603,137,3953862,5165,1184213,5978,5802,19575726,14458366,0
2023-01-12,778,7480972,495,6506881,24,592433,54,3424598,120,508723,197,3954059,4536,1188749,5481,5628.43,19581207,14459137,0
2023-01-13,800,7481772,557,6507438,11,592444,69,3424667,58,508781,143,3954202,5377,1194126,6266,5444.57,19587473,14459899,0
2023-01-14,510,7482282,280,6507718,10,592454,27,3424694,31,508812,60,3954262,3228,1197354,3633,5261.57,19591106,14460246,0
2023-01-15,285,7482567,152,6507870,6,592460,16,3424710,23,508835,54,3954316,1793,1199147,1998,5151.29,19593104,14460412,0
2023-01-16,500,7483067,308,6508178,11,592471,32,3424742,27,508862,64,3954380,2776,1201923,3213,4688.57,19596317,14460790,0
2023-01-17,804,7483871,476,6508654,19,592490,49,3424791,73,508935,135,3954515,3832,1205755,4700,4467,19601017,14461536,0
2023-01-18,800,7484671,478,6509132,16,592506,48,3424839,61,508996,116,3954631,3732,1209487,4539,4261.43,19605556,14462234,0
2023-01-19,659,7485330,430,6509562,6,592512,50,3424889,34,509030,103,3954734,3167,1212654,3914,4037.57,19609470,14462897,0
2023-01-20,707,7486037,488,6510050,23,592535,40,3424929,39,509069,86,3954820,3746,1216400,4531,3789.71,19614001,14463603,0
2023-01-21,370,7486407,195,6510245,12,592547,20,3424949,12,509081,33,3954853,1895,1218295,2205,3585.71,19616206,14463881,0
2023-01-22,226,7486633,62,6510307,5,592552,0,3424949,2,509083,3,3954856,863,1219158,969,3438.71,19617175,14463985,0
2023-01-23,642,7487275,329,6510636,12,592564,14,3424963,45,509128,66,3954922,2707,1221865,3370,3461.14,19620545,14464589,0
2023-01-24,577,7487852,393,6511029,17,592581,38,3425001,33,509161,84,3955006,3058,1224923,3710,3319.71,19624255,14465170,0
2023-01-25,602,7488454,364,6511393,21,592602,33,3425034,41,509202,86,3955092,2708,1227631,3386,3155,19627641,14465774,0
2023-01-26,557,7489011,353,6511746,18,592620,35,3425069,51,509253,102,3955194,2696,1230327,3359,3075.71,19631000,14466351,0
2023-01-27,565,7489576,437,6512183,11,592631,35,3425104,49,509302,91,3955285,2820,1233147,3558,2936.71,19634558,14467005,0
2023-01-28,359,7489935,187,6512370,5,592636,24,3425128,39,509341,70,3955355,1589,1234736,1927,2897,19636485,14467280,0
2023-01-29,237,7490172,117,6512487,3,592639,13,3425141,10,509351,27,3955382,991,1235727,1144,2922,19637629,14467410,0
2023-01-30,600,7490772,401,6512888,18,592657,40,3425181,36,509387,79,3955461,2504,1238231,3227,2901.57,19640856,14468057,0
2023-01-31,512,7491284,356,6513244,12,592669,30,3425211,49,509436,91,3955552,2439,1240670,3069,2810,19643925,14468608,0
2023-02-01,485,7491769,340,6513584,16,592685,40,3425251,44,509480,92,3955644,2326,1242996,2972,2750.86,19646897,14469170,0
2023-02-02,462,7492231,349,6513933,13,592698,34,3425285,35,509515,77,3955721,2156,1245152,2777,2667.71,19649674,14469722,0
2023-02-03,544,7492775,394,6514327,14,592712,27,3425312,35,509550,69,3955790,2363,1247515,3068,2597.71,19652742,14470365,0
2023-02-04,243,7493018,158,6514485,11,592723,14,3425326,16,509566,31,3955821,1141,1248656,1403,2522.86,19654145,14470597,0
2023-02-05,201,7493219,97,6514582,0,592723,2,3425328,15,509581,19,3955840,855,1249511,973,2498.43,19655118,14470698,0
2023-02-06,598,7493817,313,6514895,9,592732,29,3425357,27,509608,65,3955905,2254,1251765,2831,2441.86,19657949,14471219,0
2023-02-07,480,7494297,362,6515257,5,592737,28,3425385,35,509643,71,3955976,2336,1254101,2936,2422.86,19660885,14471756,0
2023-02-08,454,7494751,320,6515577,4,592741,27,3425412,36,509679,69,3956045,2316,1256417,2879,2409.57,19663764,14472256,0
2023-02-09,477,7495228,348,6515925,3,592744,38,3425450,46,509725,98,3956143,2057,1258474,2712,2400.29,19666476,14472827,0
2023-02-10,496,7495724,388,6516313,2,592746,30,3425480,33,509758,87,3956230,2278,1260752,2967,2385.86,19669443,14473453,0
2023-02-11,294,7496018,197,6516510,7,592753,22,3425502,25,509783,48,3956278,1345,1262097,1663,2423,19671106,14473724,0
2023-02-12,184,7496202,81,6516591,0,592753,6,3425508,0,509783,10,3956288,707,1262804,820,2401.14,19671926,14473831,0
2023-02-13,443,7496645,293,6516884,4,592757,21,3425529,26,509809,51,3956339,1759,1264563,2321,2328.29,19674247,14474346,0
2023-02-14,399,7497044,272,6517156,6,592763,30,3425559,22,509831,57,3956396,1692,1266255,2222,2226.29,19676469,14474824,0
2023-02-15,405,7497449,289,6517445,10,592773,24,3425583,28,509859,64,3956460,1745,1268000,2262,2138.14,19678731,14475289,0
2023-02-16,361,7497810,244,6517689,5,592778,26,3425609,19,509878,50,3956510,1630,1269630,2106,2051.57,19680837,14475720,0
2023-02-17,398,7498208,313,6518002,6,592784,24,3425633,32,509910,63,3956573,1696,1271326,2268,1951.71,19683105,14476236,0
2023-02-18,199,7498407,117,6518119,5,592789,13,3425646,4,509914,18,3956591,1005,1272331,1191,1884.29,19684296,14476405,0
2023-02-19,120,7498527,55,6518174,2,592791,6,3425652,6,509920,14,3956605,540,1272871,611,1854.43,19684907,14476464,0
2023-02-20,314,7498841,160,6518334,3,592794,10,3425662,17,509937,28,3956633,1160,1274031,1425,1726.43,19686332,14476702,0
2023-02-21,378,7499219,286,6518620,5,592799,25,3425687,34,509971,64,3956697,1535,1275566,2073,1705.14,19688405,14477181,0
2023-02-22,401,7499620,277,6518897,8,592807,39,3425726,26,509997,69,3956766,1641,1277207,2175,1692.71,19690580,14477650,0
2023-02-23,388,7500008,252,6519149,10,592817,26,3425752,31,510028,71,3956837,1479,1278686,2024,1681,19692604,14478138,0
2023-02-24,366,7500374,324,6519473,4,592821,30,3425782,26,510054,63,3956900,1738,1280424,2298,1685.29,19694902,14478642,0
2023-02-25,163,7500537,123,6519596,2,592823,9,3425791,13,510067,24,3956924,778,1281202,973,1654.14,19695875,14478815,0
2023-02-26,92,7500629,49,6519645,0,592823,8,3425799,5,510072,17,3956941,472,1281674,539,1643.86,19696414,14478869,0
2023-02-27,376,7501005,300,6519945,4,592827,32,3425831,20,510092,55,3956996,1492,1283166,2012,1727.71,19698426,14479337,0
2023-02-28,356,7501361,239,6520184,8,592835,30,3425861,27,510119,62,3957058,1334,1284500,1817,1691.14,19700243,14479763,0
2023-03-01,387,7501748,291,6520475,7,592842,25,3425886,20,510139,51,3957109,1444,1285944,1982,1663.57,19702225,14480256,0
2023-03-02,374,7502122,293,6520768,10,592852,20,3425906,23,510162,50,3957159,1331,1287275,1874,1642.14,19704099,14480756,0
2023-03-03,404,7502526,316,6521084,10,592862,26,3425932,25,510187,58,3957217,1600,1288875,2193,1627.14,19706292,14481298,0
2023-03-04,199,7502725,123,6521207,4,592866,10,3425942,16,510203,28,3957245,799,1289674,1033,1635.71,19707325,14481506,0
2023-03-05,125,7502850,60,6521267,2,592868,4,3425946,6,510209,14,3957259,464,1290138,558,1638.43,19707883,14481590,0
2023-03-06,408,7503258,264,6521531,12,592880,22,3425968,16,510225,41,3957300,1385,1291523,1894,1621.57,19709777,14482061,0
2023-03-07,362,7503620,244,6521775,5,592885,22,3425990,30,510255,61,3957361,1306,1292829,1771,1615,19711548,14482474,0
2023-03-08,371,7503991,244,6522019,3,592888,35,3426025,30,510285,69,3957430,1340,1294169,1836,1594.14,19713384,14482905,0
2023-03-09,360,7504351,242,6522261,4,592892,16,3426041,24,510309,46,3957476,1263,1295432,1748,1576.14,19715132,14483350,0
2023-03-10,303,7504654,282,6522543,3,592895,9,3426050,20,510329,37,3957513,1397,1296829,1851,1527.29,19716983,14483775,0
2023-03-11,187,7504841,88,6522631,3,592898,18,3426068,4,510333,23,3957536,687,1297516,872,1504.29,19717855,14483938,0
2023-03-12,109,7504950,47,6522678,1,592899,4,3426072,7,510340,17,3957553,435,1297951,517,1498.43,19718372,14484009,0
2023-03-13,333,7505283,201,6522879,7,592906,11,3426083,13,510353,25,3957578,1127,1299078,1522,1445.29,19719894,14484380,0
2023-03-14,285,7505568,183,6523062,5,592911,15,3426098,11,510364,32,3957610,1065,1300143,1417,1394.71,19721311,14484706,0
2023-03-15,329,7505897,270,6523332,3,592914,9,3426107,13,510377,23,3957633,1230,1301373,1679,1372.29,19722990,14485133,0
2023-03-16,302,7506199,242,6523574,9,592923,14,3426121,15,510392,35,3957668,1164,1302537,1588,1349.43,19724578,14485528,0
2023-03-17,327,7506526,266,6523840,5,592928,20,3426141,8,510400,29,3957697,1275,1303812,1707,1328.86,19726285,14485932,0
2023-03-18,158,7506684,100,6523940,2,592930,8,3426149,5,510405,14,3957711,671,1304483,840,1324.29,19727125,14486088,0
2023-03-19,114,7506798,56,6523996,1,592931,3,3426152,3,510408,9,3957720,366,1304849,451,1314.86,19727576,14486167,0
2023-03-20,343,7507141,214,6524210,7,592938,29,3426181,15,510423,45,3957765,1219,1306068,1617,1328.43,19729193,14486521,0
2023-03-21,342,7507483,191,6524401,7,592945,23,3426204,18,510441,43,3957808,1125,1307193,1533,1345,19730726,14486888,0
2023-03-22,316,7507799,226,6524627,6,592951,12,3426216,11,510452,25,3957833,1131,1308324,1530,1323.71,19732256,14487264,0
2023-03-23,272,7508071,203,6524830,1,592952,21,3426237,12,510464,37,3957870,1016,1309340,1412,1298.57,19733668,14487627,0
2023-03-24,313,7508384,256,6525086,8,592960,19,3426256,19,510483,41,3957911,1129,1310469,1594,1282.43,19735262,14488054,0
2023-03-25,131,7508515,117,6525203,1,592961,9,3426265,9,510492,18,3957929,592,1311061,741,1268.29,19736003,14488185,0
2023-03-26,92,7508607,44,6525247,2,592963,4,3426269,4,510496,9,3957938,388,1311449,450,1268.14,19736453,14488239,0
2023-03-27,283,7508890,233,6525480,3,592966,14,3426283,11,510507,26,3957964,1012,1312461,1408,1238.29,19737861,14488610,0
2023-03-28,283,7509173,182,6525662,10,592976,20,3426303,9,510516,32,3957996,1019,1313480,1374,1215.57,19739235,14488936,0
2023-03-29,296,7509469,187,6525849,5,592981,13,3426316,9,510525,22,3958018,1070,1314550,1427,1200.86,19740662,14489271,0
2023-03-30,258,7509727,185,6526034,2,592983,17,3426333,10,510535,31,3958049,977,1315527,1324,1188.29,19741986,14489591,0
2023-03-31,296,7510023,259,6526293,7,592990,23,3426356,20,510555,44,3958093,1030,1316557,1492,1173.71,19743478,14490010,0
2023-04-01,122,7510145,66,6526359,3,592993,8,3426364,5,510560,15,3958108,528,1317085,659,1162,19744137,14490128,0
2023-04-02,92,7510237,35,6526394,0,592993,5,3426369,3,510563,10,3958118,273,1317358,340,1146.29,19744477,14490187,0
2023-04-03,275,7510512,157,6526551,8,593001,19,3426388,15,510578,40,3958158,891,1318249,1210,1118,19745687,14490472,0
2023-04-04,284,7510796,192,6526743,3,593004,13,3426401,10,510588,26,3958184,869,1319118,1222,1096.29,19746909,14490802,0
2023-04-05,269,7511065,155,6526898,8,593012,17,3426418,7,510595,27,3958211,989,1320107,1283,1075.71,19748192,14491072,0
2023-04-06,343,7511408,161,6527059,9,593021,17,3426435,5,510600,22,3958233,985,1321092,1320,1075.14,19749512,14491385,0
2023-04-07,246,7511654,146,6527205,5,593026,12,3426447,8,510608,20,3958253,751,1321843,1047,1011.57,19750559,14491661,0
2023-04-08,172,7511826,105,6527310,1,593027,5,3426452,10,510618,16,3958269,554,1322397,696,1016.86,19751255,14491788,0
2023-04-09,68,7511894,23,6527333,0,593027,0,3426452,4,510622,4,3958273,204,1322601,246,1003.43,19751501,14491826,0
2023-04-10,284,7512178,180,6527513,6,593033,19,3426471,9,510631,28,3958301,890,1323491,1217,1004.43,19752718,14492125,0
2023-04-11,272,7512450,153,6527666,5,593038,15,3426486,9,510640,28,3958329,913,1324404,1218,1003.86,19753936,14492406,0
2023-04-12,279,7512729,164,6527830,5,593043,15,3426501,8,510648,25,3958354,824,1325228,1165,987,19755101,14492724,0
2023-04-13,249,7512978,137,6527967,8,593051,12,3426513,7,510655,20,3958374,844,1326072,1147,962.29,19756248,14493008,0
2023-04-14,242,7513220,198,6528165,2,593053,6,3426519,10,510665,18,3958392,853,1326925,1179,981.14,19757427,14493318,0
2023-04-15,121,7513341,95,6528260,6,593059,3,3426522,7,510672,11,3958403,408,1327333,556,961.14,19757983,14493456,0
2023-04-16,76,7513417,31,6528291,0,593059,0,3426522,1,510673,1,3958404,266,1327599,307,969.86,19758290,14493496,0
2023-04-17,230,7513647,140,6528431,3,593062,7,3426529,3,510676,11,3958415,712,1328311,993,937.86,19759283,14493767,0
2023-04-18,217,7513864,127,6528558,6,593068,9,3426538,10,510686,22,3958437,753,1329064,983,904.29,19760266,14493978,0
2023-04-19,199,7514063,111,6528669,5,593073,7,3426545,9,510695,16,3958453,919,1329983,1076,891.57,19761342,14494119,0
2023-04-20,231,7514294,140,6528809,2,593075,14,3426559,19,510714,38,3958491,1256,1331239,1423,931,19762765,14494253,0
2023-04-21,232,7514526,135,6528944,6,593081,14,3426573,9,510723,28,3958519,1735,1332974,1859,1028.14,19764624,14494354,0
2023-04-22,107,7514633,58,6529002,3,593084,8,3426581,4,510727,13,3958532,922,1333896,986,1089.57,19765610,14494406,0
2023-04-23,73,7514706,46,6529048,1,593085,1,3426582,2,510729,4,3958536,590,1334486,617,1133.86,19766227,14494430,0
2023-04-24,236,7514942,147,6529195,2,593087,11,3426593,7,510736,22,3958558,1757,1336243,1866,1258.57,19768093,14494521,0
2023-04-25,245,7515187,140,6529335,6,593093,12,3426605,11,510747,27,3958585,1759,1338002,1861,1384,19769954,14494600,0
2023-04-26,220,7515407,129,6529464,5,593098,7,3426612,5,510752,21,3958606,1622,1339624,1698,1472.86,19771652,14494664,0
2023-04-27,279,7515686,159,6529623,1,593099,11,3426623,17,510769,45,3958651,1774,1341398,1877,1537.71,19773529,14494739,0
2023-04-28,251,7515937,174,6529797,2,593101,11,3426634,16,510785,35,3958686,1988,1343386,2076,1568.71,19775605,14494800,0
2023-04-29,142,7516079,63,6529860,2,593103,5,3426639,6,510791,12,3958698,896,1344282,953,1564,19776558,14494846,0
2023-04-30,97,7516176,27,6529887,1,593104,6,3426645,3,510794,10,3958708,530,1344812,551,1554.57,19777109,14494858,0
2023-05-01,309,7516485,152,6530039,2,593106,12,3426657,9,510803,23,3958731,1898,1346710,1990,1572.29,19779099,14494929,0
2023-05-02,251,7516736,138,6530177,3,593109,11,3426668,6,510809,21,3958752,1735,1348445,1790,1562.14,19780889,14494967,0
2023-05-03,256,7516992,142,6530319,1,593110,13,3426681,10,510819,25,3958777,1711,1350156,1787,1574.86,19782676,14495020,0
2023-05-04,237,7517229,155,6530474,0,593110,12,3426693,8,510827,27,3958804,1932,1352088,2003,1592.86,19784679,14495071,0
2023-05-05,303,7517532,156,6530630,1,593111,6,3426699,11,510838,19,3958823,2076,1354164,2129,1600.43,19786808,14495107,0
2023-05-06,132,7517664,74,6530704,0,593111,13,3426712,8,510846,24,3958847,942,1355106,1005,1607.86,19787813,14495149,0
2023-05-07,77,7517741,34,6530738,0,593111,0,3426712,6,510852,7,3958854,612,1355718,627,1618.71,19788440,14495158,0
2023-05-08,264,7518005,141,6530879,0,593111,8,3426720,10,510862,19,3958873,1957,1357675,2010,1621.57,19790450,14495193,0
2023-05-09,259,7518264,122,6531001,0,593111,5,3426725,4,510866,18,3958891,1719,1359394,1762,1617.57,19792212,14495227,0
2023-05-10,245,7518509,123,6531124,1,593112,6,3426731,13,510879,26,3958917,1852,1361246,1915,1635.86,19794127,14495271,0
2023-05-11,228,7518737,127,6531251,1,593113,11,3426742,23,510902,41,3958958,1794,1363040,1869,1616.71,19795996,14495312,0
2023-05-12,165,7518902,122,6531373,1,593114,5,3426747,10,510912,26,3958984,1530,1364570,1574,1537.43,19797570,14495341,0
2023-05-13,98,7519000,48,6531421,0,593114,1,3426748,4,510916,8,3958992,686,1365256,711,1495.43,19798281,14495361,0
2023-05-14,59,7519059,21,6531442,0,593114,2,3426750,0,510916,3,3958995,361,1365617,371,1458.86,19798652,14495369,0
2023-05-15,210,7519269,120,6531562,0,593114,4,3426754,8,510924,17,3959012,1424,1367041,1483,1383.57,19800135,14495416,0
2023-05-16,250,7519519,100,6531662,0,593114,6,3426760,7,510931,15,3959027,1330,1368371,1380,1329,19801515,14495453,0
2023-05-17,210,7519729,101,6531763,0,593114,4,3426764,4,510935,12,3959039,1388,1369759,1434,1260.29,19802949,14495491,0
2023-05-18,222,7519951,99,6531862,0,593114,12,3426776,13,510948,32,3959071,1243,1371002,1305,1179.71,19804254,14495528,0
2023-05-19,193,7520144,121,6531983,0,593114,9,3426785,10,510958,28,3959099,1458,1372460,1509,1170.43,19805763,14495560,0
2023-05-20,126,7520270,39,6532022,0,593114,4,3426789,5,510963,10,3959109,658,1373118,687,1167,19806450,14495580,0
2023-05-21,62,7520332,16,6532038,0,593114,2,3426791,1,510964,4,3959113,344,1373462,354,1164.57,19806804,14495587,0
2023-05-22,222,7520554,93,6532131,0,593114,4,3426795,3,510967,7,3959120,1277,1374739,1303,1138.86,19808107,14495606,0
2023-05-23,213,7520767,98,6532229,0,593114,12,3426807,5,510972,20,3959140,1221,1375960,1276,1124,19809383,14495644,0
2023-05-24,218,7520985,117,6532346,2,593116,11,3426818,8,510980,25,3959165,1202,1377162,1255,1098.43,19810638,14495678,0
2023-05-25,186,7521171,90,6532436,1,593117,4,3426822,6,510986,15,3959180,1172,1378334,1202,1083.71,19811840,14495698,0
2023-05-26,179,7521350,129,6532565,0,593117,8,3426830,6,510992,17,3959197,1199,1379533,1246,1046.14,19813086,14495731,0
2023-05-27,106,7521456,43,6532608,0,593117,5,3426835,6,510998,15,3959212,524,1380057,556,1027.43,19813642,14495752,0
2023-05-28,52,7521508,13,6532621,1,593118,0,3426835,0,510998,0,3959212,306,1380363,311,1021.29,19813953,14495757,0
2023-05-29,11,7521519,5,6532626,0,593118,1,3426836,0,510998,1,3959213,60,1380423,64,844.29,19814017,14495760,0
2023-05-30,220,7521739,102,6532728,0,593118,4,3426840,2,511000,8,3959221,1212,1381635,1241,839.29,19815258,14495783,0
2023-05-31,182,7521921,107,6532835,0,593118,8,3426848,2,511002,13,3959234,1102,1382737,1131,821.57,19816389,14495802,0
2023-06-01,183,7522104,83,6532918,1,593119,1,3426849,6,511008,8,3959242,1140,1383877,1162,815.86,19817551,14495817,0
2023-06-02,227,7522331,94,6533012,0,593119,8,3426857,2,511010,10,3959252,1147,1385024,1177,806,19818728,14495837,0
2023-06-03,89,7522420,33,6533045,0,593119,1,3426858,0,511010,1,3959253,538,1385562,553,805.57,19819281,14495851,0
2023-06-04,66,7522486,14,6533059,0,593119,2,3426860,3,511013,5,3959258,298,1385860,309,805.29,19819590,14495857,0
2023-06-05,202,7522688,88,6533147,0,593119,4,3426864,4,511017,12,3959270,1089,1386949,1121,956.29,19820711,14495881,0
2023-06-06,168,7522856,93,6533240,0,593119,8,3426872,3,511020,13,3959283,991,1387940,1016,924.14,19821727,14495895,0
2023-06-07,174,7523030,93,6533333,2,593121,7,3426879,7,511027,15,3959298,959,1388899,989,903.86,19822716,14495911,0
2023-06-08,177,7523207,72,6533405,1,593122,4,3426883,10,511037,14,3959312,805,1389704,837,857.43,19823553,14495929,0
2023-06-09,165,7523372,97,6533502,0,593122,11,3426894,10,511047,24,3959336,1003,1390707,1043,838.29,19824596,14495948,0
2023-06-10,112,7523484,33,6533535,0,593122,2,3426896,2,511049,5,3959341,407,1391114,429,820.57,19825025,14495966,0
2023-06-11,53,7523537,13,6533548,0,593122,0,3426896,0,511049,0,3959341,248,1391362,254,812.71,19825279,14495972,0
2023-06-12,164,7523701,81,6533629,1,593123,8,3426904,1,511050,11,3959352,950,1392312,970,791.14,19826249,14495983,0
2023-06-13,172,7523873,84,6533713,0,593123,1,3426905,3,511053,4,3959356,906,1393218,920,777.43,19827169,14495993,0
2023-06-14,167,7524040,97,6533810,0,593123,9,3426914,1,511054,11,3959367,999,1394217,1029,783.14,19828198,14496013,0
2023-06-15,157,7524197,82,6533892,2,593125,7,3426921,3,511057,11,3959378,947,1395164,968,801.86,19829166,14496024,0
2023-06-16,204,7524401,81,6533973,0,593125,3,3426924,0,511057,4,3959382,897,1396061,917,783.86,19830083,14496041,0
2023-06-17,80,7524481,22,6533995,0,593125,2,3426926,2,511059,5,3959387,392,1396453,405,780.43,19830488,14496050,0
2023-06-18,58,7524539,16,6534011,0,593125,1,3426927,0,511059,1,3959388,221,1396674,226,776.43,19830714,14496054,0
2023-06-19,98,7524637,34,6534045,0,593125,2,3426929,2,511061,5,3959393,622,1397296,630,727.86,19831344,14496058,0
2023-06-20,166,7524803,88,6534133,1,593126,4,3426933,1,511062,5,3959398,898,1398194,910,726.43,19832254,14496065,0
2023-06-21,156,7524959,74,6534207,0,593126,10,3426943,1,511063,12,3959410,867,1399061,893,707,19833147,14496080,0
2023-06-22,185,7525144,51,6534258,0,593126,5,3426948,2,511065,7,3959417,805,1399866,821,686,19833968,14496089,0
2023-06-23,150,7525294,75,6534333,0,593126,5,3426953,0,511065,7,3959424,775,1400641,789,667.71,19834757,14496098,0
2023-06-24,64,7525358,26,6534359,0,593126,1,3426954,3,511068,5,3959429,323,1400964,337,658,19835094,14496108,0
2023-06-25,39,7525397,10,6534369,0,593126,1,3426955,5,511073,6,3959435,170,1401134,191,653,19835285,14496123,0
2023-06-26,132,7525529,60,6534429,1,593127,9,3426964,1,511074,11,3959446,752,1401886,779,674.29,19836064,14496140,0
2023-06-27,128,7525657,61,6534490,0,593127,6,3426970,0,511074,7,3959453,698,1402584,717,646.71,19836781,14496153,0
2023-06-28,153,7525810,66,6534556,0,593127,7,3426977,2,511076,9,3959462,799,1403383,819,636.14,19837600,14496164,0
2023-06-29,158,7525968,62,6534618,0,593127,3,3426980,5,511081,8,3959470,746,1404129,766,628.29,19838366,14496176,0
2023-06-30,161,7526129,66,6534684,0,593127,3,3426983,4,511085,8,3959478,663,1404792,677,612.29,19839043,14496183,0
2023-07-01,53,7526182,26,6534710,0,593127,2,3426985,0,511085,2,3959480,282,1405074,294,606.14,19839337,14496193,0
2023-07-02,37,7526219,8,6534718,0,593127,0,3426985,0,511085,0,3959480,159,1405233,165,602.43,19839502,14496199,0
2023-07-03,122,7526341,50,6534768,0,593127,8,3426993,3,511088,11,3959491,559,1405792,577,573.57,19840079,14496206,0
2023-07-04,1,7526342,2,6534770,1,593128,0,3426993,0,511088,0,3959491,9,1405801,10,472.57,19840089,14496207,0
2023-07-05,137,7526479,48,6534818,1,593129,6,3426999,0,511088,6,3959497,593,1406394,602,441.57,19840691,14496210,0
2023-07-06,146,7526625,52,6534870,0,593129,6,3427005,2,511090,8,3959505,605,1406999,623,421.14,19841314,14496220,0
2023-07-07,157,7526782,76,6534946,0,593129,4,3427009,1,511091,6,3959511,675,1407674,684,422.14,19841998,14496224,0
2023-07-08,76,7526858,21,6534967,0,593129,1,3427010,4,511095,6,3959517,254,1407928,272,419,19842270,14496237,0
2023-07-09,23,7526881,7,6534974,0,593129,0,3427010,0,511095,0,3959517,113,1408041,113,411.57,19842383,14496237,0
2023-07-10,148,7527029,58,6535032,1,593130,3,3427013,1,511096,5,3959522,605,1408646,631,419.29,19843014,14496259,0
2023-07-11,126,7527155,63,6535095,0,593130,5,3427018,2,511098,7,3959529,599,1409245,615,505.71,19843629,14496268,0
2023-07-12,154,7527309,63,6535158,0,593130,2,3427020,1,511099,3,3959532,648,1409893,659,513.86,19844288,14496276,0
2023-07-13,126,7527435,42,6535200,0,593130,3,3427023,3,511102,7,3959539,498,1410391,511,497.86,19844799,14496283,0
2023-07-14,138,7527573,65,6535265,0,593130,4,3427027,2,511104,7,3959546,591,1410982,606,486.71,19845405,14496292,0
2023-07-15,77,7527650,17,6535282,0,593130,2,3427029,2,511106,4,3959550,237,1411219,251,483.71,19845656,14496302,0
2023-07-16,38,7527688,4,6535286,0,593130,0,3427029,0,511106,0,3959550,112,1411331,112,483.57,19845768,14496302,0
2023-07-17,136,7527824,54,6535340,0,593130,1,3427030,1,511107,3,3959553,550,1411881,563,473.86,19846331,14496313,0
2023-07-18,126,7527950,60,6535400,0,593130,4,3427034,2,511109,6,3959559,515,1412396,527,461.29,19846858,14496319,0
2023-07-19,111,7528061,69,6535469,1,593131,2,3427036,4,511113,6,3959565,538,1412934,555,446.43,19847413,14496330,0
2023-07-20,149,7528210,52,6535521,0,593131,11,3427047,3,511116,16,3959581,503,1413437,533,449.57,19847946,14496346,0
2023-07-21,137,7528347,69,6535590,0,593131,0,3427047,0,511116,0,3959581,561,1413998,564,443.57,19848510,14496349,120000
2023-07-22,76,7528423,18,6535608,0,593131,2,3427049,0,511116,2,3959583,188,1414186,223,439.57,19848733,14496382,120000
2023-07-23,27,7528450,11,6535619,0,593131,0,3427049,0,511116,0,3959583,96,1414282,96,437.29,19848829,14496382,120000
2023-07-24,151,7528601,40,6535659,0,593131,8,3427057,0,511116,9,3959592,555,1414837,566,437.71,19849395,14496385,120000
2023-07-25,101,7528702,33,6535692,0,593131,0,3427057,1,511117,1,3959593,441,1415278,446,426.14,19849841,14496389,120000
2023-07-26,130,7528832,50,6535742,0,593131,6,3427063,2,511119,8,3959601,505,1415783,524,421.71,19850365,14496400,120000
2023-07-27,46,7528878,27,6535769,1,593132,3,3427066,0,511119,3,3959604,187,1415970,194,373.29,19850559,14496404,120000
