"DATE","ADMIN_DOSE1_DAILY","ADMIN_DOSE1_CUMULATIVE","ADMIN_DOSE2_DAILY","ADMIN_DOSE2_CUMULATIVE","ADMIN_SINGLE_DAILY","ADMIN_SINGLE_CUMULATIVE","ADMIN_ADDITIONAL_DAILY","ADMIN_ADDITIONAL_CUMULATIVE","ADMIN_ALLDOSES_DAILY","ADMIN_ALLDOSES_7DAYAVG","ADMIN_ALLDOSES_CUMULATIVE","INCOMPLETE"
"2020-12-14",79,79,0,0,0,0,0,0,79,,79,0
"2020-12-15",2052,2131,5,5,4,4,0,0,2061,,2140,0
"2020-12-16",4602,6733,13,18,1,5,1,1,4617,,6757,0
"2020-12-17",4655,11388,17,35,0,5,1,2,4673,,11430,0
"2020-12-18",5833,17221,20,55,2,7,2,4,5857,,17287,0
"2020-12-19",1690,18911,6,61,3,10,0,4,1699,,18986,0
"2020-12-20",1116,20027,2,63,1,11,0,4,1119,2872.14,20105,0
"2020-12-21",6338,26365,17,80,0,11,6,10,6361,3769.57,26466,0
"2020-12-22",9797,36162,27,107,2,13,1,11,9827,4879,36293,0
"2020-12-23",14273,50435,35,142,3,16,1,12,14312,6264,50605,0
"2020-12-24",7200,57635,25,167,1,17,0,12,7226,6628.71,57831,0
"2020-12-25",180,57815,0,167,0,17,1,13,181,5817.86,58012,0
"2020-12-26",4390,62205,43,210,0,17,1,14,4434,6208.57,62446,0
"2020-12-27",3868,66073,13,223,0,17,1,15,3882,6603.29,66328,0
"2020-12-28",10992,77065,50,273,1,18,3,18,11046,7272.57,77374,0
"2020-12-29",10723,87788,32,305,2,20,2,20,10759,7405.71,88133,0
"2020-12-30",12826,100614,45,350,0,20,0,20,12871,7199.86,101004,0
"2020-12-31",7260,107874,31,381,1,21,0,20,7292,7209.29,108296,0
"2021-01-01",181,108055,2,383,1,22,3,23,187,7210.14,108483,0
"2021-01-02",3810,111865,10,393,2,24,1,24,3823,7122.86,112306,0
"2021-01-03",3542,115407,23,416,2,26,1,25,3568,7078,115874,0
"2021-01-04",12256,127663,806,1222,2,28,6,31,13070,7367.14,128944,0
"2021-01-05",14082,141745,2193,3415,2,30,10,41,16287,8156.86,145231,0
"2021-01-06",17810,159555,3920,7335,1,31,29,70,21760,9426.71,166991,0
"2021-01-07",16546,176101,5175,12510,4,35,45,115,21770,11495,188761,0
"2021-01-08",16621,192722,5454,17964,0,35,31,146,22106,14626.29,210867,0
"2021-01-09",7654,200376,1463,19427,1,36,7,153,9125,15383.71,219992,0
"2021-01-10",7886,208262,979,20406,0,36,11,164,8876,16142,228868,0
"2021-01-11",25822,234084,7456,27862,2,38,47,211,33327,19035.86,262195,0
"2021-01-12",28266,262350,7858,35720,1,39,43,254,36168,21876,298363,0
"2021-01-13",31721,294071,9377,45097,1,40,54,308,41153,24646.43,339516,0
"2021-01-14",35804,329875,5327,50424,1,41,27,335,41159,27416.29,380675,0
"2021-01-15",29269,359144,3704,54128,2,43,32,367,33007,28973.57,413682,0
"2021-01-16",30290,389434,2382,56510,0,43,23,390,32695,32340.71,446377,0
"2021-01-17",23760,413194,1617,58127,0,43,18,408,25395,34700.57,471772,0
"2021-01-18",27111,440305,2409,60536,0,43,34,442,29554,34161.57,501326,0
"2021-01-19",34307,474612,9616,70152,1,44,66,508,43990,35279,545316,0
"2021-01-20",34867,509479,9490,79642,1,45,61,569,44419,35745.57,589735,0
"2021-01-21",25597,535076,8086,87728,2,47,49,618,33734,34684.86,623469,0
"2021-01-22",24757,559833,4383,92111,1,48,29,647,29170,34136.71,652639,0
"2021-01-23",15743,575576,3223,95334,0,48,10,657,18976,32176.86,671615,0
"2021-01-24",7180,582756,3448,98782,0,48,18,675,10646,30069.86,682261,0
"2021-01-25",13415,596171,11814,110596,0,48,64,739,25293,29461.14,707554,0
"2021-01-26",16770,612941,10743,121339,0,48,66,805,27579,27116.71,735133,0
"2021-01-27",20833,633774,12358,133697,0,48,49,854,33240,25519.71,768373,0
"2021-01-28",30766,664540,12843,146540,0,48,80,934,43689,26941.86,812062,0
"2021-01-29",31694,696234,11498,158038,0,48,75,1009,43267,28955.71,855329,0
"2021-01-30",18714,714948,3739,161777,0,48,20,1029,22473,29455.29,877802,0
"2021-01-31",13024,727972,2919,164696,1,49,26,1055,15970,30215.86,893772,0
"2021-02-01",1178,729150,5367,170063,4,53,36,1091,6585,27543.29,900357,0
"2021-02-02",2826,731976,9467,179530,2,55,51,1142,12346,25367.14,912703,0
"2021-02-03",16353,748329,21232,200762,4,59,203,1345,37792,26017.43,950495,0
"2021-02-04",27044,775373,19642,220404,3,62,202,1547,46891,26474.86,997386,0
"2021-02-05",27605,802978,20017,240421,0,62,183,1730,47805,27123.14,1045191,0
"2021-02-06",22992,825970,11243,251664,0,62,107,1837,34342,28818.71,1079533,0
"2021-02-07",12047,838017,8277,259941,1,63,86,1923,20411,29453.14,1099944,0
"2021-02-08",16973,854990,23505,283446,2,65,230,2153,40710,34328.14,1140654,0
"2021-02-09",17200,872190,28107,311553,2,67,325,2478,45634,39083.57,1186288,0
"2021-02-10",19598,891788,29301,340854,2,69,256,2734,49157,40707.14,1235445,0
"2021-02-11",27849,919637,33466,374320,2,71,344,3078,61661,42817.14,1297106,0
"2021-02-12",38412,958049,30788,405108,3,74,345,3423,69548,45923.29,1366654,0
"2021-02-13",28013,986062,25304,430412,2,76,302,3725,53621,48677.43,1420275,0
"2021-02-14",16287,1002349,23723,454135,0,76,257,3982,40267,51514,1460542,0
"2021-02-15",12798,1015147,10521,464656,2,78,165,4147,23486,49053.43,1484028,0
"2021-02-16",14242,1029389,26728,491384,0,78,314,4461,41284,48432,1525312,0
"2021-02-17",16408,1045797,22170,513554,1,79,283,4744,38862,46961.29,1564174,0
"2021-02-18",12157,1057954,24984,538538,21,100,278,5022,37440,43501.14,1601614,0
"2021-02-19",13271,1071225,23928,562466,39,139,293,5315,37531,38927.29,1639145,0
"2021-02-20",11351,1082576,26076,588542,6,145,322,5637,37755,36660.71,1676900,0
"2021-02-21",6361,1088937,17426,605968,15,160,280,5917,24082,34348.57,1700982,0
"2021-02-22",13040,1101977,11847,617815,2,162,122,6039,25011,34566.43,1725993,0
"2021-02-23",25244,1127221,14147,631962,1,163,158,6197,39550,34318.71,1765543,0
"2021-02-24",36356,1163577,20355,652317,0,163,216,6413,56927,36899.43,1822470,0
"2021-02-25",54617,1218194,30343,682660,6,169,388,6801,85354,43744.29,1907824,0
"2021-02-26",62882,1281076,31836,714496,4,173,394,7195,95116,51970.71,2002940,0
"2021-02-27",51304,1332380,22732,737228,47,220,325,7520,74408,57206.86,2077348,0
"2021-02-28",44606,1376986,13783,751011,7,227,201,7721,58597,62137.57,2135945,0
"2021-03-01",39317,1416303,12746,763757,10,237,168,7889,52241,66027.57,2188186,0
"2021-03-02",47083,1463386,12543,776300,7,244,157,8046,59790,68919,2247976,0
"2021-03-03",48609,1511995,16123,792423,17,261,146,8192,64895,70057.29,2312871,0
"2021-03-04",59827,1571822,22787,815210,1092,1353,262,8454,83968,69859.29,2396839,0
"2021-03-05",60993,1632815,24245,839455,3109,4462,330,8784,88677,68939.43,2485516,0
"2021-03-06",47179,1679994,18865,858320,5449,9911,233,9017,71726,68556.29,2557242,0
"2021-03-07",36048,1716042,14848,873168,6247,16158,225,9242,57368,68380.71,2614610,0
"2021-03-08",39616,1755658,14660,887828,8565,24723,308,9550,63149,69939,2677759,0
"2021-03-09",39104,1794762,12790,900618,7767,32490,176,9726,59837,69945.71,2737596,0
"2021-03-10",51831,1846593,15268,915886,5069,37559,221,9947,72389,71016.29,2809985,0
"2021-03-11",60005,1906598,21754,937640,4618,42177,249,10196,86626,71396,2896611,0
"2021-03-12",52203,1958801,30268,967908,4183,46360,370,10566,87024,71159.86,2983635,0
"2021-03-13",40665,1999466,26666,994574,5110,51470,321,10887,72762,71307.86,3056397,0
"2021-03-14",30722,2030188,15934,1010508,4528,55998,236,11123,51420,70458.14,3107817,0
"2021-03-15",33588,2063776,17218,1027726,4722,60720,231,11354,55759,69402.43,3163576,0
"2021-03-16",38676,2102452,20466,1048192,4925,65645,250,11604,64317,70042.43,3227893,0
"2021-03-17",42625,2145077,24738,1072930,4246,69891,336,11940,71945,69979,3299838,0
"2021-03-18",50478,2195555,26735,1099665,5240,75131,359,12299,82812,69434.14,3382650,0
"2021-03-19",47809,2243364,29891,1129556,5624,80755,386,12685,83710,68960.71,3466360,0
"2021-03-20",38713,2282077,25773,1155329,4690,85445,289,12974,69465,68489.71,3535825,0
"2021-03-21",29306,2311383,19298,1174627,771,86216,216,13190,49591,68228.43,3585416,0
"2021-03-22",33866,2345249,26687,1201314,4038,90254,258,13448,64849,69527,3650265,0
"2021-03-23",38440,2383689,32786,1234100,4221,94475,277,13725,75724,71156.57,3725989,0
"2021-03-24",41511,2425200,37535,1271635,4849,99324,314,14039,84209,72908.57,3810198,0
"2021-03-25",43425,2468625,50689,1322324,5053,104377,458,14497,99625,75310.43,3909823,0
"2021-03-26",38518,2507143,55400,1377724,4311,108688,516,15013,98745,77458.29,4008568,0
"2021-03-27",35754,2542897,45635,1423359,2939,111627,403,15416,84731,79639.14,4093299,0
"2021-03-28",26400,2569297,34364,1457723,1481,113108,319,15735,62564,81492.43,4155863,0
"2021-03-29",34838,2604135,38746,1496469,3248,116356,327,16062,77159,83251,4233022,0
"2021-03-30",40520,2644655,41876,1538345,3713,120069,313,16375,86422,84779.29,4319444,0
"2021-03-31",49415,2694070,44801,1583146,7441,127510,390,16765,102047,87327.57,4421491,0
"2021-04-01",50777,2744847,53922,1637068,11273,138783,491,17256,116463,89733,4537954,0
"2021-04-02",43766,2788613,53846,1690914,11973,150756,534,17790,110119,91357.86,4648073,0
"2021-04-03",39265,2827878,39171,1730085,9861,160617,332,18122,88629,91914.71,4736702,0
"2021-04-04",26562,2854440,24687,1754772,3901,164518,222,18344,55372,90887.29,4792074,0
"2021-04-05",41886,2896326,34409,1789181,11195,175713,358,18702,87848,92414.29,4879922,0
"2021-04-06",53283,2949609,35535,1824716,13220,188933,418,19120,102456,94704.86,4982378,0
"2021-04-07",55522,3005131,40662,1865378,14383,203316,386,19506,110953,95977.14,5093331,0
"2021-04-08",59280,3064411,46544,1911922,16334,219650,500,20006,122658,96862.14,5215989,0
"2021-04-09",56657,3121068,44923,1956845,17549,237199,493,20499,119622,98219.71,5335611,0
"2021-04-10",49366,3170434,35638,1992483,12727,249926,373,20872,98104,99573.29,5433715,0
"2021-04-11",38196,3208630,28808,2021291,7686,257612,284,21156,74974,102373.57,5508689,0
"2021-04-12",46652,3255282,31837,2053128,13495,271107,452,21608,92436,103029,5601125,0
"2021-04-13",52565,3307847,33773,2086901,368,271475,387,21995,87093,100834.29,5688218,0
"2021-04-14",50167,3358014,39947,2126848,20,271495,357,22352,90491,97911.14,5778709,0
"2021-04-15",52143,3410157,43663,2170511,16,271511,447,22799,96269,94141.29,5874978,0
"2021-04-16",51192,3461349,42225,2212736,32,271543,401,23200,93850,90459.57,5968828,0
"2021-04-17",43852,3505201,35681,2248417,3,271546,363,23563,79899,87858.86,6048727,0
"2021-04-18",28614,3533815,29374,2277791,7,271553,241,23804,58236,85467.71,6106963,0
"2021-04-19",37486,3571301,36443,2314234,22,271575,304,24108,74255,82870.43,6181218,0
"2021-04-20",40817,3612118,39632,2353866,19,271594,294,24402,80762,81966,6261980,0
"2021-04-21",38914,3651032,45960,2399826,15,271609,480,24882,85369,81234.29,6347349,0
"2021-04-22",38524,3689556,48942,2448768,9,271618,325,25207,87800,80024.43,6435149,0
"2021-04-23",39716,3729272,44368,2493136,4,271622,344,25551,84432,78679,6519581,0
"2021-04-24",31969,3761241,41594,2534730,44,271666,272,25823,73879,77819,6593460,0
"2021-04-25",18428,3779669,31229,2565959,86,271752,184,26007,49927,76632,6643387,0
"2021-04-26",26981,3806650,40727,2606686,1013,272765,276,26283,68997,75880.86,6712384,0
"2021-04-27",28577,3835227,47118,2653804,1696,274461,343,26626,77734,75448.29,6790118,0
"2021-04-28",27056,3862283,56832,2710636,2146,276607,415,27041,86449,75602.57,6876567,0
"2021-04-29",28622,3890905,57175,2767811,2145,278752,355,27396,88297,75673.57,6964864,0
"2021-04-30",30130,3921035,51979,2819790,2056,280808,275,27671,84440,75674.71,7049304,0
"2021-05-01",22485,3943520,44549,2864339,1176,281984,222,27893,68432,74896.57,7117736,0
"2021-05-02",11932,3955452,36648,2900987,1080,283064,134,28027,49794,74877.57,7167530,0
"2021-05-03",18037,3973489,53018,2954005,2383,285447,241,28268,73679,75546.43,7241209,0
"2021-05-04",22748,3996237,56641,3010646,2330,287777,256,28524,81975,76152.29,7323184,0
"2021-05-05",21481,4017718,48792,3059438,2311,290088,308,28832,72892,74215.57,7396076,0
"2021-05-06",20695,4038413,50174,3109612,2509,292597,261,29093,73639,72121.57,7469715,0
"2021-05-07",21267,4059680,52090,3161702,2812,295409,302,29395,76471,70983.14,7546186,0
"2021-05-08",16634,4076314,41878,3203580,1835,297244,220,29615,60567,69859.57,7606753,0
"2021-05-09",7976,4084290,29412,3232992,1260,298504,149,29764,38797,68288.57,7645550,0
"2021-05-10",14402,4098692,38539,3271531,2356,300860,219,29983,55516,65693.86,7701066,0
"2021-05-11",19930,4118622,43047,3314578,2514,303374,278,30261,65769,63378.71,7766835,0
"2021-05-12",17815,4136437,40533,3355111,3596,306970,227,30488,62171,61847.14,7829006,0
"2021-05-13",24986,4161423,40427,3395538,3228,310198,257,30745,68898,61169.86,7897904,0
"2021-05-14",27037,4188460,42905,3438443,3536,313734,276,31021,73754,60781.71,7971658,0
"2021-05-15",23661,4212121,34925,3473368,3366,317100,235,31256,62187,61013.14,8033845,0
"2021-05-16",15547,4227668,19432,3492800,2497,319597,124,31380,37600,60842.14,8071445,0
"2021-05-17",22679,4250347,29141,3521941,3257,322854,173,31553,55250,60804.14,8126695,0
"2021-05-18",24644,4274991,31904,3553845,3404,326258,230,31783,60182,60006,8186877,0
"2021-05-19",24212,4299203,29707,3583552,3039,329297,219,32002,57177,59292.57,8244054,0
"2021-05-20",24170,4323373,30081,3613633,3160,332457,264,32266,57675,57689.29,8301729,0
"2021-05-21",24696,4348069,32000,3645633,3060,335517,240,32506,59996,55723.86,8361725,0
"2021-05-22",20031,4368100,24353,3669986,2525,338042,155,32661,47064,53563.43,8408789,0
"2021-05-23",11240,4379340,13724,3683710,1411,339453,97,32758,26472,51973.71,8435261,0
"2021-05-24",18886,4398226,23147,3706857,2757,342210,214,32972,45004,50510,8480265,0
"2021-05-25",19446,4417672,23371,3730228,2604,344814,173,33145,45594,48426,8525859,0
"2021-05-26",18793,4436465,21075,3751303,2696,347510,198,33343,42762,46366.71,8568621,0
"2021-05-27",18481,4454946,21263,3772566,2530,350040,189,33532,42463,44193.57,8611084,0
"2021-05-28",17877,4472823,22887,3795453,2752,352792,182,33714,43698,41865.29,8654782,0
"2021-05-29",12716,4485539,17801,3813254,1755,354547,102,33816,32374,39766.71,8687156,0
"2021-05-30",7033,4492572,8949,3822203,1074,355621,43,33859,17099,38427.71,8704255,0
"2021-05-31",4743,4497315,6923,3829126,1011,356632,64,33923,12741,33818.71,8716996,0
"2021-06-01",16050,4513365,25194,3854320,2174,358806,149,34072,43567,33529.14,8760563,0
"2021-06-02",15356,4528721,20386,3874706,2094,360900,138,34210,37974,32845.14,8798537,0
"2021-06-03",15013,4543734,23812,3898518,2280,363180,121,34331,41226,32668.43,8839763,0
"2021-06-04",14738,4558472,25979,3924497,2492,365672,142,34473,43351,32618.86,8883114,0
"2021-06-05",11001,4569473,22076,3946573,1806,367478,113,34586,34996,32993.43,8918110,0
"2021-06-06",6453,4575926,14466,3961039,1222,368700,80,34666,22221,33725.14,8940331,0
"2021-06-07",11717,4587643,21778,3982817,2379,371079,140,34806,36014,37049.86,8976345,0
"2021-06-08",12661,4600304,24013,4006830,2072,373151,116,34922,38862,36377.71,9015207,0
"2021-06-09",11158,4611462,23020,4029850,2298,375449,130,35052,36606,36182.29,9051813,0
"2021-06-10",12079,4623541,22227,4052077,2461,377910,138,35190,36905,35565,9088718,0
"2021-06-11",12714,4636255,25107,4077184,2482,380392,150,35340,40453,35151,9129171,0
"2021-06-12",10170,4646425,19302,4096486,1888,382280,93,35433,31453,34644.86,9160624,0
"2021-06-13",4259,4650684,10935,4107421,1220,383500,42,35475,16456,33821.29,9177080,0
"2021-06-14",10221,4660905,19233,4126654,2042,385542,123,35598,31619,33193.43,9208699,0
"2021-06-15",11894,4672799,21006,4147660,1943,387485,123,35721,34966,32636.86,9243665,0
"2021-06-16",11597,4684396,19399,4167059,1958,389443,138,35859,33092,32134.86,9276757,0
"2021-06-17",11028,4695424,18758,4185817,1969,391412,116,35975,31871,31415.71,9308628,0
"2021-06-18",12173,4707597,18494,4204311,2115,393527,112,36087,32894,30335.86,9341522,0
"2021-06-19",8505,4716102,13521,4217832,1460,394987,77,36164,23563,29208.71,9365085,0
"2021-06-20",4335,4720437,7161,4224993,924,395911,37,36201,12457,28637.43,9377542,0
"2021-06-21",10171,4730608,10003,4234996,1806,397717,65,36266,22045,27269.71,9399587,0
"2021-06-22",9844,4740452,15637,4250633,1590,399307,102,36368,27173,26156.43,9426760,0
"2021-06-23",10325,4750777,15173,4265806,1861,401168,103,36471,27462,25352.14,9454222,0
"2021-06-24",9695,4760472,14694,4280500,1798,402966,115,36586,26302,24556.57,9480524,0
"2021-06-25",10598,4771070,14378,4294878,1718,404684,109,36695,26803,23686.43,9507327,0
"2021-06-26",7812,4778882,10459,4305337,1246,405930,73,36768,19590,23118.86,9526917,0
"2021-06-27",5005,4783887,5997,4311334,796,406726,32,36800,11830,23029.29,9538747,0
"2021-06-28",9036,4792923,10342,4321676,1524,408250,104,36904,21006,22880.86,9559753,0
"2021-06-29",9753,4802676,12314,4333990,1347,409597,121,37025,23535,22361.14,9583288,0
"2021-06-30",9430,4812106,10927,4344917,1480,411077,145,37170,21982,21578.29,9605270,0
"2021-07-01",9401,4821507,10925,4355842,1430,412507,125,37295,21881,20946.71,9627151,0
"2021-07-02",9696,4831203,11433,4367275,1541,414048,123,37418,22793,20373.86,9649944,0
"2021-07-03",7062,4838265,8419,4375694,1193,415241,76,37494,16750,19968.14,9666694,0
"2021-07-04",1289,4839554,1335,4377029,567,415808,8,37502,3199,18735.14,9669893,0
"2021-07-05",6496,4846050,7101,4384130,1208,417016,65,37567,14870,17858.57,9684763,0
"2021-07-06",9517,4855567,12843,4396973,1317,418333,115,37682,23792,17895.29,9708555,0
"2021-07-07",8680,4864247,11103,4408076,1419,419752,119,37801,21321,17800.86,9729876,0
"2021-07-08",8210,4872457,10193,4418269,1260,421012,106,37907,19769,17499.14,9749645,0
"2021-07-09",8380,4880837,10827,4429096,1279,422291,88,37995,20574,17182.14,9770219,0
"2021-07-10",7113,4887950,8624,4437720,1133,423424,63,38058,16933,17208.29,9787152,0
"2021-07-11",4105,4892055,4539,4442259,703,424127,35,38093,9382,18091.57,9796534,0
"2021-07-12",8457,4900512,9550,4451809,1250,425377,78,38171,19335,18729.43,9815869,0
"2021-07-13",9471,4909983,9380,4461189,951,426328,103,38274,19905,18174.14,9835774,0
"2021-07-14",9007,4918990,9527,4470716,1009,427337,103,38377,19646,17934.86,9855420,0
"2021-07-15",8798,4927788,9146,4479862,1052,428389,80,38457,19076,17835.86,9874496,0
"2021-07-16",9246,4937034,9762,4489624,978,429367,101,38558,20087,17766.29,9894583,0
"2021-07-17",6849,4943883,7384,4497008,802,430169,78,38636,15113,17506.29,9909696,0
"2021-07-18",4260,4948143,4285,4501293,569,430738,33,38669,9147,17472.71,9918843,0
"2021-07-19",9130,4957273,8466,4509759,999,431737,90,38759,18685,17379.86,9937528,0
"2021-07-20",10658,4967931,8753,4518512,991,432728,90,38849,20492,17463.71,9958020,0
"2021-07-21",10061,4977992,8756,4527268,903,433631,141,38990,19861,17494.43,9977881,0
"2021-07-22",10685,4988677,8582,4535850,1044,434675,140,39130,20451,17690.86,9998332,0
"2021-07-23",11259,4999936,8876,4544726,1114,435789,134,39264,21383,17876,10019715,0
"2021-07-24",7408,5007344,6734,4551460,670,436459,81,39345,14893,17844.57,10034608,0
"2021-07-25",5481,5012825,2119,4553579,509,436968,59,39404,8168,17704.71,10042776,0
"2021-07-26",10882,5023707,6992,4560571,859,437827,109,39513,18842,17727.14,10061618,0
"2021-07-27",12064,5035771,8564,4569135,857,438684,129,39642,21614,17887.43,10083232,0
"2021-07-28",11999,5047770,8046,4577181,950,439634,129,39771,21124,18067.86,10104356,0
"2021-07-29",10945,5058715,7424,4584605,983,440617,128,39899,19480,17929.14,10123836,0
"2021-07-30",14957,5073672,8005,4592610,1149,441766,179,40078,24290,18344.43,10148126,0
"2021-07-31",9739,5083411,6307,4598917,816,442582,116,40194,16978,18642.29,10165104,0
"2021-08-01",6506,5089917,3308,4602225,564,443146,79,40273,10457,18969.29,10175561,0
"2021-08-02",13456,5103373,7151,4609376,848,443994,143,40416,21598,19363,10197159,0
"2021-08-03",15423,5118796,8383,4617759,1107,445101,144,40560,25057,19854.86,10222216,0
"2021-08-04",17263,5136059,8120,4625879,1455,446556,177,40737,27015,20696.43,10249231,0
"2021-08-05",17873,5153932,7919,4633798,1365,447921,161,40898,27318,21816.14,10276549,0
"2021-08-06",18180,5172112,8404,4642202,1233,449154,166,41064,27983,22343.71,10304532,0
"2021-08-07",13390,5185502,6014,4648216,799,449953,97,41161,20300,22818.29,10324832,0
"2021-08-08",9312,5194814,3833,4652049,399,450352,79,41240,13623,23270.57,10338455,0
"2021-08-09",21339,5216153,8530,4660579,963,451315,167,41407,30999,24613.57,10369454,0
"2021-08-10",18931,5235084,9325,4669904,950,452265,168,41575,29374,25230.29,10398828,0
"2021-08-11",15658,5250742,8307,4678211,852,453117,123,41698,24940,24933.86,10423768,0
"2021-08-12",15055,5265797,8973,4687184,937,454054,166,41864,25131,24621.43,10448899,0
"2021-08-13",14929,5280726,9279,4696463,921,454975,237,42101,25366,24247.57,10474265,0
"2021-08-14",10416,5291142,6406,4702869,625,455600,522,42623,17969,23914.57,10492234,0
"2021-08-15",6699,5297841,4474,4707343,677,456277,565,43188,12415,23742,10504649,0
"2021-08-16",15726,5313567,9285,4716628,1149,457426,1315,44503,27475,23238.57,10532124,0
"2021-08-17",17778,5331345,10439,4727067,1217,458643,1750,46253,31184,23497.14,10563308,0
"2021-08-18",17520,5348865,10357,4737424,1255,459898,1969,48222,31101,24377.29,10594409,0
"2021-08-19",16317,5365182,9517,4746941,1316,461214,1935,50157,29085,24942.14,10623494,0
"2021-08-20",16297,5381479,11533,4758474,1254,462468,1842,51999,30926,25736.43,10654420,0
"2021-08-21",11162,5392641,8041,4766515,877,463345,1047,53046,21127,26187.57,10675547,0
"2021-08-22",4087,5396728,3904,4770419,262,463607,512,53558,8765,25666.14,10684312,0
"2021-08-23",15583,5412311,11791,4782210,1023,464630,1540,55098,29937,26017.86,10714249,0
"2021-08-24",16923,5429234,12592,4794802,1006,465636,1768,56866,32289,26175.71,10746538,0
"2021-08-25",14590,5443824,12434,4807236,1111,466747,1556,58422,29691,25974.29,10776229,0
"2021-08-26",16178,5460002,14073,4821309,1072,467819,1758,60180,33081,26545.14,10809310,0
"2021-08-27",14880,5474882,14813,4836122,972,468791,1650,61830,32315,26743.57,10841625,0
"2021-08-28",10693,5485575,11514,4847636,836,469627,1002,62832,24045,27160.43,10865670,0
"2021-08-29",7221,5492796,7490,4855126,541,470168,771,63603,16023,28197.29,10881693,0
"2021-08-30",15535,5508331,16914,4872040,1078,471246,1777,65380,35304,28964,10916997,0
"2021-08-31",15531,5523862,15939,4887979,952,472198,1950,67330,34372,29261.57,10951369,0
"2021-09-01",14841,5538703,14095,4902074,1021,473219,1784,69114,31741,29554.43,10983110,0
"2021-09-02",14351,5553054,12515,4914589,896,474115,1681,70795,29443,29034.71,11012553,0
"2021-09-03",15028,5568082,14293,4928882,974,475089,1880,72675,32175,29014.71,11044728,0
"2021-09-04",9651,5577733,9403,4938285,688,475777,956,73631,20698,28536.57,11065426,0
"2021-09-05",6812,5584545,5511,4943796,438,476215,700,74331,13461,28170.57,11078887,0
"2021-09-06",5204,5589749,4506,4948302,358,476573,266,74597,10334,24603.43,11089221,0
"2021-09-07",15586,5605335,17682,4965984,913,477486,1527,76124,35708,24794.29,11124929,0
"2021-09-08",16180,5621515,14821,4980805,1073,478559,1748,77872,33822,25091.57,11158751,0
"2021-09-09",16123,5637638,14737,4995542,1047,479606,1895,79767,33802,25714.29,11192553,0
"2021-09-10",18378,5656016,15387,5010929,1209,480815,1956,81723,36930,26393.57,11229483,0
"2021-09-11",12648,5668664,10342,5021271,958,481773,1016,82739,24964,27003,11254447,0
"2021-09-12",8546,5677210,5047,5026318,766,482539,681,83420,15040,27228.57,11269487,0
"2021-09-13",16952,5694162,12940,5039258,973,483512,1630,85050,32495,30394.43,11301982,0
"2021-09-14",16285,5710447,13668,5052926,886,484398,1578,86628,32417,29924.29,11334399,0
"2021-09-15",15574,5726021,12850,5065776,728,485126,1561,88189,30713,29480.14,11365112,0
"2021-09-16",15357,5741378,13905,5079681,1212,486338,1434,89623,31908,29209.57,11397020,0
"2021-09-17",14440,5755818,13958,5093639,922,487260,1814,91437,31134,28381.57,11428154,0
"2021-09-18",10019,5765837,10165,5103804,913,488173,1041,92478,22138,27977.86,11450292,0
"2021-09-19",6187,5772024,6068,5109872,557,488730,738,93216,13550,27765,11463842,0
"2021-09-20",12697,5784721,12624,5122496,1069,489799,1903,95119,28293,27164.71,11492135,0
"2021-09-21",12251,5796972,12759,5135255,1111,490910,2001,97120,28122,26551.14,11520257,0
"2021-09-22",12854,5809826,11985,5147240,1090,492000,1651,98771,27580,26103.57,11547837,0
"2021-09-23",14963,5824789,12747,5159987,1638,493638,2224,100995,31572,26055.57,11579409,0
"2021-09-24",16473,5841262,13349,5173336,1632,495270,4539,105534,35993,26749.71,11615402,0
"2021-09-25",10566,5851828,9017,5182353,1017,496287,3387,108921,23987,27013.86,11639389,0
"2021-09-26",6327,5858155,5754,5188107,773,497060,2381,111302,15235,27254.57,11654624,0
"2021-09-27",14194,5872349,8046,5196153,1154,498214,8874,120176,32268,27822.43,11686892,0
"2021-09-28",11178,5883527,11765,5207918,901,499115,9693,129869,33537,28596,11720429,0
"2021-09-29",11636,5895163,12177,5220095,1205,500320,9262,139131,34280,29553.14,11754709,0
"2021-09-30",12271,5907434,12586,5232681,1338,501658,9574,148705,35769,30152.71,11790478,0
"2021-10-01",12678,5920112,13417,5246098,1284,502942,10148,158853,37527,30371.86,11828005,0
"2021-10-02",7747,5927859,9974,5256072,864,503806,4166,163019,22751,30195.29,11850756,0
"2021-10-03",5085,5932944,6158,5262230,594,504400,2573,165592,14410,30077.43,11865166,0
"2021-10-04",9939,5942883,11024,5273254,913,505313,9399,174991,31275,29935.57,11896441,0
"2021-10-05",10195,5953078,11744,5284998,972,506285,9842,184833,32753,29823.57,11929194,0
"2021-10-06",9945,5963023,11049,5296047,937,507222,9836,194669,31767,29464.57,11960961,0
"2021-10-07",9702,5972725,12177,5308224,852,508074,10094,204763,32825,29044,11993786,0
"2021-10-08",9507,5982232,12148,5320372,943,509017,10796,215559,33394,28453.57,12027180,0
"2021-10-09",6283,5988515,8276,5328648,649,509666,4050,219609,19258,27954.57,12046438,0
"2021-10-10",3552,5992067,5020,5333668,458,510124,2400,222009,11430,27528.86,12057868,0
"2021-10-11",7648,5999715,9328,5342996,728,510852,8830,230839,26534,26851.57,12084402,0
"2021-10-12",8102,6007817,10993,5353989,890,511742,10408,241247,30393,26514.43,12114795,0
"2021-10-13",7196,6015013,10147,5364136,870,512612,8653,249900,26866,25814.29,12141661,0
"2021-10-14",7474,6022487,11107,5375243,836,513448,9968,259868,29385,25322.86,12171046,0
"2021-10-15",7757,6030244,11859,5387102,823,514271,10663,270531,31102,24995.43,12202148,0
"2021-10-16",4877,6035121,7455,5394557,666,514937,3773,274304,16771,24640.14,12218919,0
"2021-10-17",3066,6038187,4476,5399033,411,515348,2409,276713,10362,24487.57,12229281,0
"2021-10-18",7092,6045279,10652,5409685,797,516145,9315,286028,27856,24676.43,12257137,0
"2021-10-19",6606,6051885,8939,5418624,806,516951,8949,294977,25300,23948.86,12282437,0
"2021-10-20",6573,6058458,9373,5427997,975,517926,9854,304831,26775,23935.86,12309212,0
"2021-10-21",7070,6065528,9376,5437373,859,518785,10715,315546,28020,23740.86,12337232,0
"2021-10-22",8174,6073702,10346,5447719,1027,519812,16219,331765,35766,24407.14,12372998,0
"2021-10-23",5202,6078904,6462,5454181,690,520502,9046,340811,21400,25068.43,12394398,0
"2021-10-24",3290,6082194,3966,5458147,770,521272,6129,346940,14155,25610.29,12408553,0
"2021-10-25",8832,6091026,8748,5466895,1148,522420,19130,366070,37858,27039.14,12446411,0
"2021-10-26",8243,6099269,7727,5474622,1259,523679,17176,383246,34405,28339.86,12480816,0
"2021-10-27",10632,6109901,8388,5483010,1604,525283,20720,403966,41344,30421.14,12522160,0
"2021-10-28",11392,6121293,8041,5491051,1794,527077,20727,424693,41954,32411.71,12564114,0
"2021-10-29",11897,6133190,8243,5499294,1964,529041,22396,447089,44500,33659.43,12608614,0
"2021-10-30",4657,6137847,5051,5504345,934,529975,11099,458188,21741,33708.14,12630355,0
"2021-10-31",2684,6140531,2702,5507047,545,530520,6592,464780,12523,33475,12642878,0
"2021-11-01",7205,6147736,6950,5513997,1090,531610,20237,485017,35482,33135.57,12678360,0
"2021-11-02",6641,6154377,6583,5520580,1053,532663,20619,505636,34896,33205.71,12713256,0
"2021-11-03",6911,6161288,6671,5527251,1028,533691,20492,526128,35102,32314,12748358,0
"2021-11-04",9362,6170650,6272,5533523,996,534687,22229,548357,38859,31871.86,12787217,0
"2021-11-05",11135,6181785,6721,5540244,1052,535739,23635,571992,42543,31592.29,12829760,0
"2021-11-06",11149,6192934,4050,5544294,593,536332,12538,584530,28330,32533.57,12858090,0
"2021-11-07",7287,6200221,2283,5546577,576,536908,7068,591598,17214,33203.71,12875304,0
"2021-11-08",15114,6215335,5674,5552251,868,537776,19392,610990,41048,33998.86,12916352,0
"2021-11-09",16206,6231541,5375,5557626,661,538437,20411,631401,42653,35107,12959005,0
"2021-11-10",17007,6248548,5327,5562953,684,539121,22507,653908,45525,36596,13004530,0
"2021-11-11",12638,6261186,5193,5568146,760,539881,21939,675847,40530,36834.71,13045060,0
"2021-11-12",16957,6278143,5676,5573822,709,540590,23273,699120,46615,37416.43,13091675,0
"2021-11-13",9977,6288120,3665,5577487,466,541056,13280,712400,27388,37281.86,13119063,0
"2021-11-14",6047,6294167,2292,5579779,325,541381,7900,720300,16564,37189,13135627,0
"2021-11-15",13311,6307478,5968,5585747,690,542071,24976,745276,44945,37745.71,13180572,0
"2021-11-16",10053,6317531,5791,5591538,656,542727,30529,775805,47029,38370.86,13227601,0
"2021-11-17",10395,6327926,6672,5598210,682,543409,31255,807060,49004,38867.86,13276605,0
"2021-11-18",10813,6338739,6548,5604758,861,544270,32877,839937,51099,40377.71,13327704,0
"2021-11-19",12116,6350855,6552,5611310,717,544987,36122,876059,55507,41648,13383211,0
"2021-11-20",9390,6360245,3423,5614733,514,545501,22418,898477,35745,42841.86,13418956,0
"2021-11-21",5014,6365259,1892,5616625,288,545789,13145,911622,20339,43381.14,13439295,0
"2021-11-22",10565,6375824,5788,5622413,753,546542,35719,947341,52825,44506.86,13492120,0
"2021-11-23",9905,6385729,4779,5627192,635,547177,33352,980693,48671,44741.43,13540791,0
"2021-11-24",8788,6394517,4760,5631952,651,547828,25825,1006518,40024,43458.57,13580815,0
"2021-11-25",455,6394972,324,5632276,80,547908,995,1007513,1854,36423.57,13582669,0
"2021-11-26",8126,6403098,6987,5639263,528,548436,26495,1034008,42136,34513.43,13624805,0
"2021-11-27",6733,6409831,6811,5646074,373,548809,18747,1052755,32664,34073.29,13657469,0
"2021-11-28",4118,6413949,5781,5651855,283,549092,11816,1064571,21998,34310.29,13679467,0
"2021-11-29",9210,6423159,10979,5662834,688,549780,34842,1099413,55719,34723.71,13735186,0
"2021-11-30",10612,6433771,11414,5674248,512,550292,37575,1136988,60113,36358.29,13795299,0
"2021-12-01",11326,6445097,10955,5685203,723,551015,40178,1177166,63182,39666.57,13858481,0
"2021-12-02",11771,6456868,11015,5696218,626,551641,41940,1219106,65352,48737.71,13923833,0
"2021-12-03",13647,6470515,12850,5709068,676,552317,47734,1266840,74907,53419.29,13998740,0
"2021-12-04",9931,6480446,11228,5720296,567,552884,30552,1297392,52278,56221.29,14051018,0
"2021-12-05",5802,6486248,5704,5726000,270,553154,16607,1313999,28383,57133.43,14079401,0
"2021-12-06",12481,6498729,9932,5735932,603,553757,43084,1357083,66100,58616.43,14145501,0
"2021-12-07",12712,6511441,9213,5745145,625,554382,42893,1399976,65443,59377.86,14210944,0
"2021-12-08",13698,6525139,8739,5753884,556,554938,40608,1440584,63601,59437.71,14274545,0
"2021-12-09",13635,6538774,8748,5762632,558,555496,40665,1481249,63606,59188.29,14338151,0
"2021-12-10",14181,6552955,10103,5772735,667,556163,43450,1524699,68401,58258.86,14406552,0
"2021-12-11",10337,6563292,8049,5780784,405,556568,26640,1551339,45431,57280.71,14451983,0
"2021-12-12",6076,6569368,3855,5784639,288,556856,15112,1566451,25331,56844.71,14477314,0
"2021-12-13",12366,6581734,7405,5792044,657,557513,37741,1604192,58169,55711.71,14535483,0
"2021-12-14",12345,6594079,6942,5798986,734,558247,38015,1642207,58036,54653.57,14593519,0
"2021-12-15",12270,6606349,6238,5805224,755,559002,37950,1680157,57213,53741,14650732,0
"2021-12-16",13269,6619618,4246,5809470,734,559736,40841,1720998,59090,53095.86,14709822,0
"2021-12-17",16155,6635773,6916,5816386,620,560356,46503,1767501,70194,53352,14780016,0
"2021-12-18",13101,6648874,5713,5822099,432,560788,30467,1797968,49713,53963.71,14829729,0
"2021-12-19",7087,6655961,2988,5825087,327,561115,17916,1815884,28318,54390.43,14858047,0
"2021-12-20",17039,6673000,5866,5830953,747,561862,47229,1863113,70881,56206.43,14928928,0
"2021-12-21",18088,6691088,6542,5837495,808,562670,48693,1911806,74131,58505.71,15003059,0
"2021-12-22",18675,6709763,6545,5844040,938,563608,49433,1961239,75591,61131.14,15078650,0
"2021-12-23",19142,6728905,6466,5850506,929,564537,45660,2006899,72197,63003.57,15150847,0
"2021-12-24",9265,6738170,2954,5853460,598,565135,20551,2027450,33368,57742.71,15184215,0
"2021-12-25",342,6738512,65,5853525,31,565166,423,2027873,861,50763.86,15185076,0
"2021-12-26",8002,6746514,3923,5857448,340,565506,17239,2045112,29504,50933.29,15214580,0
"2021-12-27",21896,6768410,9196,5866644,933,566439,43304,2088416,75329,51568.71,15289909,0
"2021-12-28",20246,6788656,8311,5874955,698,567137,47441,2135857,76696,51935.14,15366605,0
"2021-12-29",18561,6807217,7642,5882597,606,567743,45382,2181239,72191,51449.43,15438796,0
"2021-12-30",16928,6824145,7403,5890000,579,568322,44681,2225920,69591,51077.14,15508387,0
"2021-12-31",5374,6829519,2791,5892791,193,568515,14698,2240618,23056,49604,15531443,0
"2022-01-01",237,6829756,141,5892932,11,568526,493,2241111,882,49607,15532325,0
"2022-01-02",6463,6836219,5004,5897936,153,568679,10960,2252071,22580,48617.86,15554905,0
"2022-01-03",14213,6850432,8466,5906402,515,569194,26785,2278856,49979,44996.43,15604884,0
"2022-01-04",13181,6863613,8049,5914451,412,569606,26875,2305731,48517,40970.86,15653401,0
"2022-01-05",11706,6875319,6945,5921396,385,569991,25631,2331362,44667,37038.86,15698068,0
"2022-01-06",11631,6886950,7348,5928744,481,570472,27319,2358681,46779,33780,15744847,0
"2022-01-07",10543,6897493,8409,5937153,336,570808,24856,2383537,44144,36792.57,15788991,0
"2022-01-08",7990,6905483,8528,5945681,310,571118,19339,2402876,36167,41833.29,15825158,0
"2022-01-09",4161,6909644,3843,5949524,214,571332,10032,2412908,18250,41214.71,15843408,0
"2022-01-10",10240,6919884,8168,5957692,489,571821,24496,2437404,43393,40273.86,15886801,0
"2022-01-11",8973,6928857,7959,5965651,520,572341,20920,2458324,38372,38824.57,15925173,0
"2022-01-12",9011,6937868,8300,5973951,429,572770,22224,2480548,39964,38152.71,15965137,0
"2022-01-13",9113,6946981,8827,5982778,449,573219,22711,2503259,41100,37341.43,16006237,0
"2022-01-14",10132,6957113,8057,5990835,474,573693,26148,2529407,44811,37436.71,16051048,0
"2022-01-15",6210,6963323,4255,5995090,178,573871,14917,2544324,25560,35921.43,16076608,0
"2022-01-16",2940,6966263,3249,5998339,95,573966,7798,2552122,14082,35326,16090690,0
"2022-01-17",6122,6972385,6743,6005082,363,574329,14598,2566720,27826,33102.14,16118516,0
"2022-01-18",8149,6980534,10133,6015215,396,574725,19317,2586037,37995,33048.29,16156511,0
"2022-01-19",7552,6988086,9225,6024440,305,575030,17608,2603645,34690,32294.86,16191201,0
"2022-01-20",6351,6994437,8552,6032992,303,575333,15131,2618776,30337,30757.29,16221538,0
"2022-01-21",7660,7002097,7479,6040471,277,575610,18358,2637134,33774,29180.57,16255312,0
"2022-01-22",5225,7007322,4917,6045388,131,575741,11269,2648403,21542,28606.57,16276854,0
"2022-01-23",2830,7010152,3322,6048710,97,575838,6208,2654611,12457,28374.43,16289311,0
"2022-01-24",6429,7016581,8177,6056887,258,576096,14987,2669598,29851,28663.71,16319162,0
"2022-01-25",6229,7022810,7916,6064803,232,576328,14620,2684218,28997,27378.29,16348159,0
"2022-01-26",5799,7028609,7147,6071950,291,576619,13942,2698160,27179,26305.29,16375338,0
"2022-01-27",5269,7033878,7065,6079015,320,576939,13989,2712149,26643,25777.57,16401981,0
"2022-01-28",6321,7040199,7845,6086860,205,577144,16050,2728199,30421,25298.57,16432402,0
"2022-01-29",848,7041047,723,6087583,28,577172,2521,2730720,4120,22809.71,16436522,0
"2022-01-30",2106,7043153,3013,6090596,102,577274,4522,2735242,9743,22422,16446265,0
"2022-01-31",5044,7048197,6577,6097173,218,577492,11300,2746542,23139,21463.14,16469404,0
"2022-02-01",4858,7053055,6427,6103600,220,577712,10644,2757186,22149,20484.86,16491553,0
"2022-02-02",4272,7057327,5910,6109510,214,577926,11148,2768334,21544,19679.86,16513097,0
"2022-02-03",4249,7061576,5784,6115294,217,578143,11157,2779491,21407,18931.86,16534504,0
"2022-02-04",4798,7066374,7084,6122378,214,578357,13139,2792630,25235,18191,16559739,0
"2022-02-05",3605,7069979,6030,6128408,110,578467,8544,2801174,18289,20215.14,16578028,0
"2022-02-06",2070,7072049,2130,6130538,121,578588,4621,2805795,8942,20100.71,16586970,0
"2022-02-07",4180,7076229,4715,6135253,203,578791,10100,2815895,19198,19537.71,16606168,0
"2022-02-08",4246,7080475,5587,6140840,212,579003,11247,2827142,21292,19415.29,16627460,0
"2022-02-09",4151,7084626,5381,6146221,222,579225,11605,2838747,21359,19388.86,16648819,0
"2022-02-10",4003,7088629,5094,6151315,240,579465,12075,2850822,21412,19389.57,16670231,0
"2022-02-11",4533,7093162,5788,6157103,193,579658,13668,2864490,24182,19239.14,16694413,0
"2022-02-12",3273,7096435,4325,6161428,96,579754,8770,2873260,16464,18978.43,16710877,0
"2022-02-13",1531,7097966,1541,6162969,40,579794,4868,2878128,7980,18841,16718857,0
"2022-02-14",3005,7100971,3613,6166582,164,579958,10517,2888645,17299,18569.71,16736156,0
"2022-02-15",3589,7104560,4053,6170635,178,580136,12710,2901355,20530,18460.86,16756686,0
"2022-02-16",3701,7108261,3878,6174513,194,580330,15600,2916955,23373,18748.57,16780059,0
"2022-02-17",4044,7112305,4070,6178583,160,580490,18068,2935023,26342,19452.86,16806401,0
"2022-02-18",4490,7116795,4766,6183349,187,580677,21401,2956424,30844,20404.57,16837245,0
"2022-02-19",3269,7120064,2179,6185528,65,580742,11134,2967558,16647,20430.71,16853892,0
"2022-02-20",1870,7121934,1444,6186972,59,580801,6562,2974120,9935,20710,16863827,0
"2022-02-21",3117,7125051,2683,6189655,95,580896,8298,2982418,14193,20266.29,16878020,0
"2022-02-22",4420,7129471,4234,6193889,172,581068,10769,2993187,19595,20132.71,16897615,0
"2022-02-23",4287,7133758,3766,6197655,144,581212,10610,3003797,18807,19480.43,16916422,0
"2022-02-24",3766,7137524,3639,6201294,105,581317,10121,3013918,17631,18236,16934053,0
"2022-02-25",3616,7141140,3596,6204890,135,581452,9909,3023827,17256,16294.86,16951309,0
"2022-02-26",2852,7143992,2568,6207458,74,581526,9480,3033307,14974,16055.86,16966283,0
"2022-02-27",1784,7145776,1361,6208819,52,581578,6257,3039564,9454,15987.14,16975737,0
"2022-02-28",3824,7149600,3114,6211933,140,581718,13078,3052642,20156,16839,16995893,0
"2022-03-01",2112,7151712,2598,6214531,100,581818,5121,3057763,9931,15458.43,17005824,0
"2022-03-02",1827,7153539,2406,6216937,106,581924,4092,3061855,8431,13976.14,17014255,0
"2022-03-03",1922,7155461,2532,6219469,105,582029,3759,3065614,8318,12645.71,17022573,0
"2022-03-04",2090,7157551,2836,6222305,67,582096,4295,3069909,9288,11507.43,17031861,0
"2022-03-05",1606,7159157,2107,6224412,43,582139,3294,3073203,7050,10375.43,17038911,0
"2022-03-06",801,7159958,875,6225287,29,582168,1611,3074814,3316,9498.57,17042227,0
"2022-03-07",1665,7161623,1766,6227053,85,582253,3462,3078276,6978,7616,17049205,0
"2022-03-08",1535,7163158,1883,6228936,77,582330,3105,3081381,6600,7140.14,17055805,0
"2022-03-09",1245,7164403,1653,6230589,76,582406,2541,3083922,5515,6723.57,17061320,0
"2022-03-10",1413,7165816,2064,6232653,85,582491,2895,3086817,6457,6457.71,17067777,0
"2022-03-11",1588,7167404,2239,6234892,77,582568,3161,3089978,7065,6140.14,17074842,0
"2022-03-12",878,7168282,1407,6236299,36,582604,1985,3091963,4306,5748.14,17079148,0
"2022-03-13",623,7168905,755,6237054,24,582628,1282,3093245,2684,5657.86,17081832,0
"2022-03-14",1380,7170285,1574,6238628,83,582711,2942,3096187,5979,5515.14,17087811,0
"2022-03-15",1337,7171622,1888,6240516,62,582773,3040,3099227,6327,5476.14,17094138,0
"2022-03-16",1389,7173011,2014,6242530,93,582866,3092,3102319,6588,5629.43,17100726,0
"2022-03-17",1152,7174163,1771,6244301,68,582934,2687,3105006,5678,5518.14,17106404,0
"2022-03-18",1554,7175717,2108,6246409,78,583012,3696,3108702,7436,5571.14,17113840,120000
"2022-03-19",1095,7176812,1693,6248102,37,583049,2541,3111243,5366,5722.57,17119206,120000
"2022-03-20",609,7177421,620,6248722,32,583081,1446,3112689,2707,5725.86,17121913,120000
"2022-03-21",1396,7178817,1508,6250230,64,583145,2935,3115624,5903,5715,17127816,120000
"2022-03-22",1282,7180099,1472,6251702,91,583236,2764,3118388,5609,5612.43,17133425,120000
"2022-03-23",1217,7181316,1285,6252987,57,583293,2721,3121109,5280,5425.57,17138705,120000
"2022-03-24",421,7181737,449,6253436,23,583316,836,3121945,1729,4861.43,17140434,120000
