"DATE","ADMIN_DOSE1_DAILY","ADMIN_DOSE1_CUMULATIVE","ADMIN_DOSE2_DAILY","ADMIN_DOSE2_CUMULATIVE","ADMIN_SINGLE_DAILY","ADMIN_SINGLE_CUMULATIVE","ADMIN_ADDITIONAL_DAILY","ADMIN_ADDITIONAL_CUMULATIVE","ADMIN_ALLDOSES_DAILY","ADMIN_ALLDOSES_7DAYAVG","ADMIN_ALLDOSES_CUMULATIVE","INCOMPLETE"
"2020-12-14",79,79,0,0,0,0,0,0,79,,79,0
"2020-12-15",2051,2130,7,7,4,4,0,0,2062,,2141,0
"2020-12-16",4603,6733,13,20,1,5,1,1,4618,,6759,0
"2020-12-17",4655,11388,17,37,0,5,1,2,4673,,11432,0
"2020-12-18",5833,17221,20,57,2,7,2,4,5857,,17289,0
"2020-12-19",1689,18910,7,64,3,10,0,4,1699,,18988,0
"2020-12-20",1116,20026,2,66,1,11,0,4,1119,2872.43,20107,0
"2020-12-21",6338,26364,18,84,0,11,6,10,6362,3770,26469,0
"2020-12-22",9796,36160,27,111,2,13,1,11,9826,4879.14,36295,0
"2020-12-23",14274,50434,35,146,3,16,1,12,14313,6264.14,50608,0
"2020-12-24",7201,57635,24,170,1,17,0,12,7226,6628.86,57834,0
"2020-12-25",180,57815,0,170,0,17,1,13,181,5818,58015,0
"2020-12-26",4389,62204,42,212,0,17,1,14,4432,6208.43,62447,0
"2020-12-27",3868,66072,14,226,0,17,1,15,3883,6603.29,66330,0
"2020-12-28",10994,77066,50,276,1,18,2,17,11047,7272.57,77377,0
"2020-12-29",10720,87786,33,309,2,20,2,19,10757,7405.57,88134,0
"2020-12-30",12824,100610,45,354,0,20,0,19,12869,7199.29,101003,0
"2020-12-31",7263,107873,30,384,1,21,0,19,7294,7209,108297,0
"2021-01-01",181,108054,2,386,1,22,3,22,187,7209.86,108484,0
"2021-01-02",3810,111864,10,396,2,24,2,24,3824,7123,112308,0
"2021-01-03",3543,115407,23,419,2,26,1,25,3569,7078.14,115877,0
"2021-01-04",12257,127664,805,1224,2,28,7,32,13071,7367.29,128948,0
"2021-01-05",14085,141749,2191,3415,2,30,11,43,16289,8157.57,145237,0
"2021-01-06",17805,159554,3925,7340,1,31,30,73,21761,9427.86,166998,0
"2021-01-07",16549,176103,5169,12509,4,35,46,119,21768,11495.57,188766,0
"2021-01-08",16618,192721,5456,17965,0,35,32,151,22106,14626.86,210872,0
"2021-01-09",7649,200370,1463,19428,1,36,7,158,9120,15383.43,219992,0
"2021-01-10",7883,208253,981,20409,0,36,10,168,8874,16141.29,228866,0
"2021-01-11",25826,234079,7456,27865,2,38,48,216,33332,19035.71,262198,0
"2021-01-12",28264,262343,7858,35723,1,39,44,260,36167,21875.43,298365,0
"2021-01-13",31728,294071,9385,45108,1,40,51,311,41165,24647.43,339530,0
"2021-01-14",35807,329878,5325,50433,1,41,28,339,41161,27417.86,380691,0
"2021-01-15",29267,359145,3707,54140,2,43,31,370,33007,28975.14,413698,0
"2021-01-16",30291,389436,2380,56520,0,43,25,395,32696,32343.14,446394,0
"2021-01-17",23753,413189,1624,58144,0,43,18,413,25395,34703.29,471789,0
"2021-01-18",27108,440297,2413,60557,0,43,35,448,29556,34163.86,501345,0
"2021-01-19",34299,474596,9624,70181,1,44,71,519,43995,35282.14,545340,0
"2021-01-20",34869,509465,9493,79674,1,45,59,578,44422,35747.43,589762,0
"2021-01-21",25591,535056,8092,87766,2,47,48,626,33733,34686.29,623495,0
"2021-01-22",24756,559812,4381,92147,1,48,31,657,29169,34138,652664,0
"2021-01-23",15743,575555,3222,95369,0,48,10,667,18975,32177.86,671639,0
"2021-01-24",7176,582731,3452,98821,0,48,19,686,10647,30071,682286,0
"2021-01-25",13415,596146,11819,110640,0,48,64,750,25298,29462.71,707584,0
"2021-01-26",16765,612911,10752,121392,0,48,67,817,27584,27118.29,735168,0
"2021-01-27",20835,633746,12356,133748,0,48,50,867,33241,25521,768409,0
"2021-01-28",30764,664510,12847,146595,0,48,79,946,43690,26943.43,812099,0
"2021-01-29",31692,696202,11499,158094,0,48,78,1024,43269,28957.71,855368,0
"2021-01-30",18716,714918,3737,161831,0,48,21,1045,22474,29457.57,877842,0
"2021-01-31",13024,727942,2917,164748,1,49,28,1073,15970,30218,893812,0
"2021-02-01",1180,729122,5369,170117,4,53,35,1108,6588,27545.14,900400,0
"2021-02-02",2828,731950,9471,179588,2,55,49,1157,12350,25368.86,912750,0
"2021-02-03",16348,748298,21241,200829,4,59,201,1358,37794,26019.29,950544,0
"2021-02-04",27046,775344,19649,220478,3,62,198,1556,46896,26477.29,997440,0
"2021-02-05",27599,802943,20034,240512,0,62,182,1738,47815,27126.71,1045255,0
"2021-02-06",22993,825936,11246,251758,0,62,109,1847,34348,28823,1079603,0
"2021-02-07",12046,837982,8281,260039,1,63,89,1936,20417,29458.29,1100020,0
"2021-02-08",16967,854949,23513,283552,2,65,230,2166,40712,34333.14,1140732,0
"2021-02-09",17194,872143,28109,311661,2,67,333,2499,45638,39088.57,1186370,0
"2021-02-10",19596,891739,29306,340967,2,69,256,2755,49160,40712.29,1235530,0
"2021-02-11",27850,919589,33465,374432,2,71,343,3098,61660,42821.43,1297190,0
"2021-02-12",38403,957992,30791,405223,3,74,355,3453,69552,45926.71,1366742,0
"2021-02-13",28003,985995,25309,430532,2,76,310,3763,53624,48680.43,1420366,0
"2021-02-14",16280,1002275,23731,454263,0,76,259,4022,40270,51516.57,1460636,0
"2021-02-15",12796,1015071,10530,464793,2,78,165,4187,23493,49056.71,1484129,0
"2021-02-16",14241,1029312,26730,491523,0,78,320,4507,41291,48435.71,1525420,0
"2021-02-17",16398,1045710,22186,513709,1,79,285,4792,38870,46965.71,1564290,0
"2021-02-18",12155,1057865,24988,538697,21,100,285,5077,37449,43507,1601739,0
"2021-02-19",13265,1071130,23935,562632,39,139,301,5378,37540,38933.86,1639279,0
"2021-02-20",11353,1082483,26071,588703,6,145,324,5702,37754,36666.71,1677033,0
"2021-02-21",6364,1088847,17424,606127,15,160,282,5984,24085,34354.57,1701118,0
"2021-02-22",13041,1101888,11848,617975,2,162,125,6109,25016,34572.14,1726134,0
"2021-02-23",25245,1127133,14147,632122,1,163,159,6268,39552,34323.71,1765686,0
"2021-02-24",36359,1163492,20378,652500,0,163,220,6488,56957,36907.57,1822643,0
"2021-02-25",54620,1218112,30376,682876,6,169,391,6879,85393,43756.71,1908036,0
"2021-02-26",62875,1280987,31855,714731,4,173,407,7286,95141,51985.43,2003177,0
"2021-02-27",51300,1332287,22745,737476,47,220,329,7615,74421,57223.57,2077598,0
"2021-02-28",44598,1376885,13812,751288,7,227,204,7819,58621,62157.29,2136219,0
"2021-03-01",39315,1416200,12770,764058,10,237,166,7985,52261,66049.43,2188480,0
"2021-03-02",47082,1463282,12568,776626,7,244,161,8146,59818,68944.57,2248298,0
"2021-03-03",48606,1511888,16149,792775,17,261,145,8291,64917,70081.71,2313215,0
"2021-03-04",59822,1571710,22813,815588,1092,1353,267,8558,83994,69881.86,2397209,0
"2021-03-05",60989,1632699,24273,839861,3109,4462,329,8887,88700,68961.71,2485909,0
"2021-03-06",47179,1679878,18877,858738,5450,9912,236,9123,71742,68579,2557651,0
"2021-03-07",36047,1715925,14867,873605,6245,16157,228,9351,57387,68402.71,2615038,0
"2021-03-08",39631,1755556,14662,888267,8564,24721,312,9663,63169,69961,2678207,0
"2021-03-09",39107,1794663,12833,901100,7766,32487,175,9838,59881,69970,2738088,0
"2021-03-10",51831,1846494,15320,916420,5067,37554,226,10064,72444,71045.29,2810532,0
"2021-03-11",59995,1906489,21794,938214,4618,42172,255,10319,86662,71426.43,2897194,0
"2021-03-12",52204,1958693,30301,968515,4183,46355,371,10690,87059,71192,2984253,0
"2021-03-13",40657,1999350,26681,995196,5108,51463,325,11015,72771,71339,3057024,0
"2021-03-14",30720,2030070,15956,1011152,4528,55991,237,11252,51441,70489.57,3108465,0
"2021-03-15",33591,2063661,17238,1028390,4717,60708,236,11488,55782,69434.29,3164247,0
"2021-03-16",38680,2102341,20484,1048874,4925,65633,263,11751,64352,70073,3228599,0
"2021-03-17",42623,2144964,24769,1073643,4248,69881,334,12085,71974,70005.86,3300573,0
"2021-03-18",50467,2195431,26781,1100424,5240,75121,363,12448,82851,69461.43,3383424,0
"2021-03-19",47803,2243234,29924,1130348,5626,80747,389,12837,83742,68987.57,3467166,0
"2021-03-20",38712,2281946,25819,1156167,4689,85436,294,13131,69514,68522.29,3536680,0
"2021-03-21",29303,2311249,19343,1175510,770,86206,218,13349,49634,68264.14,3586314,0
"2021-03-22",33872,2345121,26720,1202230,4037,90243,260,13609,64889,69565.14,3651203,0
"2021-03-23",38437,2383558,32825,1235055,4219,94462,287,13896,75768,71196,3726971,0
"2021-03-24",41507,2425065,37567,1272622,4849,99311,326,14222,84249,72949.57,3811220,0
"2021-03-25",43420,2468485,50751,1323373,5055,104366,466,14688,99692,75355.43,3910912,0
"2021-03-26",38508,2506993,55471,1378844,4310,108676,524,15212,98813,77508.43,4009725,0
"2021-03-27",35745,2542738,45722,1424566,2939,111615,407,15619,84813,79694,4094538,0
"2021-03-28",26397,2569135,34422,1458988,1482,113097,327,15946,62628,81550.29,4157166,0
"2021-03-29",34824,2603959,38832,1497820,3248,116345,342,16288,77246,83315.57,4234412,0
"2021-03-30",40516,2644475,41901,1539721,3714,120059,328,16616,86459,84842.86,4320871,0
"2021-03-31",49406,2693881,44835,1584556,7440,127499,398,17014,102079,87390,4422950,0
"2021-04-01",50786,2744667,53927,1638483,11277,138776,502,17516,116492,89790,4539442,0
"2021-04-02",43764,2788431,53862,1692345,11971,150747,548,18064,110145,91408.86,4649587,0
"2021-04-03",39260,2827691,39193,1731538,9861,160608,335,18399,88649,91956.86,4738236,0
"2021-04-04",26562,2854253,24754,1756292,3902,164510,220,18619,55438,90929.71,4793674,0
"2021-04-05",41887,2896140,34458,1790750,11195,175705,367,18986,87907,92452.71,4881581,0
"2021-04-06",53278,2949418,35591,1826341,13224,188929,423,19409,102516,94746.57,4984097,0
"2021-04-07",55519,3004937,40680,1867021,14389,203318,392,19801,110980,96018.14,5095077,0
"2021-04-08",59279,3064216,46560,1913581,16339,219657,510,20311,122688,96903.29,5217765,0
"2021-04-09",56651,3120867,44949,1958530,17548,237205,509,20820,119657,98262.14,5337422,0
"2021-04-10",49358,3170225,35637,1994167,12728,249933,385,21205,98108,99613.43,5435530,0
"2021-04-11",38188,3208413,28812,2022979,7684,257617,292,21497,74976,102404.57,5510506,0
"2021-04-12",46645,3255058,31851,2054830,13495,271112,457,21954,92448,103053.29,5602954,0
"2021-04-13",52552,3307610,33786,2088616,368,271480,388,22342,87094,100850.14,5690048,0
"2021-04-14",50152,3357762,39960,2128576,20,271500,364,22706,90496,97923.86,5780544,0
"2021-04-15",52129,3409891,43675,2172251,16,271516,453,23159,96273,94150.29,5876817,0
"2021-04-16",51192,3461083,42221,2214472,32,271548,411,23570,93856,90464.43,5970673,0
"2021-04-17",43845,3504928,35685,2250157,3,271551,364,23934,79897,87862.86,6050570,0
"2021-04-18",28609,3533537,29374,2279531,7,271558,249,24183,58239,85471.86,6108809,0
"2021-04-19",37478,3571015,36447,2315978,22,271580,319,24502,74266,82874.43,6183075,0
"2021-04-20",40812,3611827,39629,2355607,19,271599,309,24811,80769,81970.86,6263844,0
"2021-04-21",38911,3650738,46006,2401613,15,271614,489,25300,85421,81245.86,6349265,0
"2021-04-22",38508,3689246,48956,2450569,9,271623,331,25631,87804,80036,6437069,0
"2021-04-23",39709,3728955,44371,2494940,4,271627,348,25979,84432,78689.71,6521501,0
"2021-04-24",31960,3760915,41598,2536538,44,271671,276,26255,73878,77829.86,6595379,0
"2021-04-25",18425,3779340,31228,2567766,86,271757,190,26445,49929,76642.71,6645308,0
"2021-04-26",26977,3806317,40731,2608497,1013,272770,284,26729,69005,75891.14,6714313,0
"2021-04-27",28578,3834895,47140,2655637,1697,274467,347,27076,77762,75461.57,6792075,0
"2021-04-28",27057,3861952,56830,2712467,2148,276615,422,27498,86457,75609.57,6878532,0
"2021-04-29",28615,3890567,57198,2769665,2147,278762,360,27858,88320,75683.29,6966852,0
"2021-04-30",30128,3920695,51985,2821650,2056,280818,278,28136,84447,75685.43,7051299,0
"2021-05-01",22484,3943179,44551,2866201,1177,281995,221,28357,68433,74907.57,7119732,0
"2021-05-02",11929,3955108,36659,2902860,1080,283075,131,28488,49799,74889,7169531,0
"2021-05-03",18036,3973144,53018,2955878,2383,285458,251,28739,73688,75558,7243219,0
"2021-05-04",22744,3995888,56642,3012520,2330,287788,261,29000,81977,76160.14,7325196,0
"2021-05-05",21481,4017369,48795,3061315,2312,290100,309,29309,72897,74223,7398093,0
"2021-05-06",20687,4038056,50180,3111495,2507,292607,268,29577,73642,72126.14,7471735,0
"2021-05-07",21258,4059314,52100,3163595,2813,295420,303,29880,76474,70987.14,7548209,0
"2021-05-08",16636,4075950,41867,3205462,1835,297255,227,30107,60565,69863.14,7608774,0
"2021-05-09",7976,4083926,29412,3234874,1260,298515,149,30256,38797,68291.43,7647571,0
"2021-05-10",14398,4098324,38534,3273408,2356,300871,227,30483,55515,65695.29,7703086,0
"2021-05-11",19922,4118246,43051,3316459,2514,303385,279,30762,65766,63379.43,7768852,0
"2021-05-12",17819,4136065,40529,3356988,3596,306981,227,30989,62171,61847.14,7831023,0
"2021-05-13",24980,4161045,40428,3397416,3230,310211,257,31246,68895,61169,7899918,0
"2021-05-14",27028,4188073,42908,3440324,3537,313748,279,31525,73752,60780.14,7973670,0
"2021-05-15",23653,4211726,34915,3475239,3366,317114,246,31771,62180,61010.86,8035850,0
"2021-05-16",15538,4227264,19436,3494675,2497,319611,125,31896,37596,60839.29,8073446,0
"2021-05-17",22679,4249943,29139,3523814,3258,322869,174,32070,55250,60801.43,8128696,0
"2021-05-18",24642,4274585,31902,3555716,3404,326273,236,32306,60184,60004,8188880,0
"2021-05-19",24203,4298788,29705,3585421,3040,329313,223,32529,57171,59289.71,8246051,0
"2021-05-20",24163,4322951,30079,3615500,3161,332474,270,32799,57673,57686.57,8303724,0
"2021-05-21",24693,4347644,31997,3647497,3060,335534,249,33048,59999,55721.86,8363723,0
"2021-05-22",20028,4367672,24353,3671850,2525,338059,160,33208,47066,53562.71,8410789,0
"2021-05-23",11238,4378910,13731,3685581,1411,339470,93,33301,26473,51973.71,8437262,0
"2021-05-24",18884,4397794,23150,3708731,2757,342227,214,33515,45005,50510.14,8482267,0
"2021-05-25",19442,4417236,23371,3732102,2601,344828,176,33691,45590,48425.29,8527857,0
"2021-05-26",18790,4436026,21082,3753184,2696,347524,198,33889,42766,46367.43,8570623,0
"2021-05-27",18475,4454501,21269,3774453,2530,350054,188,34077,42462,44194.43,8613085,0
"2021-05-28",17869,4472370,22886,3797339,2752,352806,186,34263,43693,41865,8656778,0
"2021-05-29",12714,4485084,17806,3815145,1755,354561,103,34366,32378,39766.71,8689156,0
"2021-05-30",7033,4492117,8947,3824092,1074,355635,46,34412,17100,38427.71,8706256,0
"2021-05-31",4742,4496859,6925,3831017,1012,356647,64,34476,12743,33818.86,8718999,0
"2021-06-01",16042,4512901,25195,3856212,2175,358822,150,34626,43562,33529.14,8762561,0
"2021-06-02",15355,4528256,20389,3876601,2093,360915,137,34763,37974,32844.57,8800535,0
"2021-06-03",15011,4543267,23817,3900418,2280,363195,125,34888,41233,32669,8841768,0
"2021-06-04",14733,4558000,25982,3926400,2492,365687,142,35030,43349,32619.86,8885117,0
"2021-06-05",10994,4568994,22085,3948485,1806,367493,111,35141,34996,32993.86,8920113,0
"2021-06-06",6449,4575443,14465,3962950,1222,368715,84,35225,22220,33725.29,8942333,0
"2021-06-07",11715,4587158,21783,3984733,2380,371095,136,35361,36014,37049.71,8978347,0
"2021-06-08",12656,4599814,24015,4008748,2072,373167,116,35477,38859,36377.86,9017206,0
"2021-06-09",11151,4610965,23020,4031768,2297,375464,129,35606,36597,36181.14,9053803,0
"2021-06-10",12073,4623038,22229,4053997,2462,377926,139,35745,36903,35562.57,9090706,0
"2021-06-11",12709,4635747,25118,4079115,2483,380409,150,35895,40460,35149.86,9131166,0
"2021-06-12",10170,4645917,19306,4098421,1888,382297,92,35987,31456,34644.14,9162622,0
"2021-06-13",4260,4650177,10935,4109356,1219,383516,40,36027,16454,33820.43,9179076,0
"2021-06-14",10215,4660392,19241,4128597,2042,385558,126,36153,31624,33193.29,9210700,0
"2021-06-15",11892,4672284,21005,4149602,1943,387501,126,36279,34966,32637.14,9245666,0
"2021-06-16",11592,4683876,19408,4169010,1956,389457,138,36417,33094,32136.71,9278760,0
"2021-06-17",11024,4694900,18761,4187771,1971,391428,119,36536,31875,31418.43,9310635,0
"2021-06-18",12170,4707070,18497,4206268,2115,393543,113,36649,32895,30337.71,9343530,0
"2021-06-19",8504,4715574,13518,4219786,1459,395002,79,36728,23560,29209.71,9367090,0
"2021-06-20",4336,4719910,7159,4226945,924,395926,36,36764,12455,28638.43,9379545,0
"2021-06-21",10164,4730074,10006,4236951,1806,397732,68,36832,22044,27269.86,9401589,0
"2021-06-22",9837,4739911,15641,4252592,1589,399321,105,36937,27172,26156.43,9428761,0
"2021-06-23",10318,4750229,15183,4267775,1862,401183,99,37036,27462,25351.86,9456223,0
"2021-06-24",9692,4759921,14696,4282471,1799,402982,116,37152,26303,24555.86,9482526,0
"2021-06-25",10593,4770514,14384,4296855,1718,404700,109,37261,26804,23685.71,9509330,0
"2021-06-26",7806,4778320,10465,4307320,1246,405946,73,37334,19590,23118.57,9528920,0
"2021-06-27",5004,4783324,5999,4313319,796,406742,31,37365,11830,23029.29,9540750,0
"2021-06-28",9035,4792359,10345,4323664,1524,408266,104,37469,21008,22881.29,9561758,0
"2021-06-29",9750,4802109,12311,4335975,1347,409613,127,37596,23535,22361.71,9585293,0
"2021-06-30",9432,4811541,10926,4346901,1481,411094,146,37742,21985,21579.29,9607278,0
"2021-07-01",9399,4820940,10925,4357826,1431,412525,125,37867,21880,20947.43,9629158,0
"2021-07-02",9697,4830637,11435,4369261,1541,414066,121,37988,22794,20374.57,9651952,0
"2021-07-03",7060,4837697,8420,4377681,1193,415259,75,38063,16748,19968.57,9668700,0
"2021-07-04",1288,4838985,1336,4379017,567,415826,8,38071,3199,18735.57,9671899,0
"2021-07-05",6496,4845481,7104,4386121,1208,417034,64,38135,14872,17859,9686771,0
"2021-07-06",9514,4854995,12849,4398970,1317,418351,114,38249,23794,17896,9710565,0
"2021-07-07",8673,4863668,11105,4410075,1419,419770,121,38370,21318,17800.71,9731883,0
"2021-07-08",8210,4871878,10190,4420265,1260,421030,106,38476,19766,17498.71,9751649,0
"2021-07-09",8378,4880256,10829,4431094,1279,422309,88,38564,20574,17181.57,9772223,0
"2021-07-10",7110,4887366,8626,4439720,1132,423441,63,38627,16931,17207.71,9789154,0
"2021-07-11",4104,4891470,4539,4444259,703,424144,34,38661,9380,18090.71,9798534,0
"2021-07-12",8452,4899922,9555,4453814,1250,425394,80,38741,19337,18728.57,9817871,0
"2021-07-13",9468,4909390,9383,4463197,951,426345,104,38845,19906,18173.14,9837777,0
"2021-07-14",9005,4918395,9526,4472723,1009,427354,102,38947,19642,17933.71,9857419,0
"2021-07-15",8793,4927188,9151,4481874,1051,428405,82,39029,19077,17835.29,9876496,0
"2021-07-16",9242,4936430,9761,4491635,978,429383,101,39130,20082,17765,9896578,0
"2021-07-17",6845,4943275,7386,4499021,802,430185,78,39208,15111,17505,9911689,0
"2021-07-18",4260,4947535,4284,4503305,569,430754,33,39241,9146,17471.57,9920835,0
"2021-07-19",9127,4956662,8467,4511772,999,431753,88,39329,18681,17377.86,9939516,0
"2021-07-20",10653,4967315,8756,4520528,991,432744,93,39422,20493,17461.71,9960009,0
"2021-07-21",10053,4977368,8764,4529292,903,433647,144,39566,19864,17493.43,9979873,0
"2021-07-22",10687,4988055,8582,4537874,1044,434691,142,39708,20455,17690.29,10000328,0
"2021-07-23",11257,4999312,8877,4546751,1114,435805,136,39844,21384,17876.29,10021712,0
"2021-07-24",7406,5006718,6733,4553484,670,436475,81,39925,14890,17844.71,10036602,0
"2021-07-25",5480,5012198,2123,4555607,509,436984,59,39984,8171,17705.43,10044773,0
"2021-07-26",10878,5023076,6999,4562606,859,437843,109,40093,18845,17728.86,10063618,0
"2021-07-27",12059,5035135,8564,4571170,857,438700,132,40225,21612,17888.71,10085230,0
"2021-07-28",11999,5047134,8044,4579214,950,439650,129,40354,21122,18068.43,10106352,0
"2021-07-29",10939,5058073,7424,4586638,983,440633,132,40486,19478,17928.86,10125830,0
"2021-07-30",14957,5073030,8007,4594645,1150,441783,180,40666,24294,18344.57,10150124,0
"2021-07-31",9730,5082760,6312,4600957,816,442599,118,40784,16976,18642.57,10167100,0
"2021-08-01",6504,5089264,3309,4604266,564,443163,79,40863,10456,18969,10177556,0
"2021-08-02",13451,5102715,7153,4611419,847,444010,145,41008,21596,19362,10199152,0
"2021-08-03",15418,5118133,8381,4619800,1109,445119,142,41150,25050,19853.14,10224202,0
"2021-08-04",17263,5135396,8121,4627921,1454,446573,179,41329,27017,20695.29,10251219,0
"2021-08-05",17868,5153264,7923,4635844,1366,447939,161,41490,27318,21815.29,10278537,0
"2021-08-06",18184,5171448,8410,4644254,1233,449172,162,41652,27989,22343.14,10306526,0
"2021-08-07",13389,5184837,6016,4650270,799,449971,97,41749,20301,22818.14,10326827,0
"2021-08-08",9311,5194148,3836,4654106,399,450370,81,41830,13627,23271.14,10340454,0
"2021-08-09",21342,5215490,8526,4662632,963,451333,169,41999,31000,24614.57,10371454,0
"2021-08-10",18924,5234414,9330,4671962,950,452283,171,42170,29375,25232.43,10400829,0
"2021-08-11",15652,5250066,8305,4680267,853,453136,128,42298,24938,24935.43,10425767,0
"2021-08-12",15053,5265119,8976,4689243,939,454075,167,42465,25135,24623.57,10450902,0
"2021-08-13",14927,5280046,9290,4698533,921,454996,237,42702,25375,24250.14,10476277,0
"2021-08-14",10415,5290461,6401,4704934,626,455622,527,43229,17969,23917,10494246,0
"2021-08-15",6698,5297159,4475,4709409,676,456298,566,43795,12415,23743.86,10506661,0
"2021-08-16",15728,5312887,9290,4718699,1149,457447,1318,45113,27485,23241.71,10534146,0
"2021-08-17",17780,5330667,10437,4729136,1224,458671,1760,46873,31201,23502.57,10565347,0
"2021-08-18",17511,5348178,10361,4739497,1261,459932,1979,48852,31112,24384.57,10596459,0
"2021-08-19",16307,5364485,9517,4749014,1315,461247,1947,50799,29086,24949,10625545,0
"2021-08-20",16289,5380774,11536,4760550,1254,462501,1849,52648,30928,25742.29,10656473,0
"2021-08-21",11156,5391930,8038,4768588,878,463379,1051,53699,21123,26192.86,10677596,0
"2021-08-22",4084,5396014,3898,4772486,262,463641,514,54213,8758,25670.43,10686354,0
"2021-08-23",15585,5411599,11794,4784280,1023,464664,1542,55755,29944,26021.71,10716298,0
"2021-08-24",16920,5428519,12594,4796874,1006,465670,1771,57526,32291,26177.43,10748589,0
"2021-08-25",14590,5443109,12438,4809312,1110,466780,1563,59089,29701,25975.86,10778290,0
"2021-08-26",16171,5459280,14084,4823396,1072,467852,1764,60853,33091,26548,10811381,0
"2021-08-27",14892,5474172,14821,4838217,972,468824,1659,62512,32344,26750.29,10843725,0
"2021-08-28",10690,5484862,11516,4849733,836,469660,1009,63521,24051,27168.57,10867776,0
"2021-08-29",7221,5492083,7494,4857227,541,470201,776,64297,16032,28207.71,10883808,0
"2021-08-30",15532,5507615,16923,4874150,1077,471278,1788,66085,35320,28975.71,10919128,0
"2021-08-31",15528,5523143,15948,4890098,951,472229,1963,68048,34390,29275.57,10953518,0
"2021-09-01",14838,5537981,14094,4904192,1021,473250,1799,69847,31752,29568.57,10985270,0
"2021-09-02",14347,5552328,12518,4916710,896,474146,1692,71539,29453,29048.86,11014723,0
"2021-09-03",15018,5567346,14297,4931007,974,475120,1891,73430,32180,29025.43,11046903,0
"2021-09-04",9650,5576996,9406,4940413,688,475808,962,74392,20706,28547.57,11067609,0
"2021-09-05",6804,5583800,5513,4945926,438,476246,707,75099,13462,28180.43,11081071,0
"2021-09-06",5201,5589001,4508,4950434,358,476604,270,75369,10337,24611.43,11091408,0
"2021-09-07",15579,5604580,17689,4968123,912,477516,1540,76909,35720,24801.43,11127128,0
"2021-09-08",16177,5620757,14820,4982943,1073,478589,1755,78664,33825,25097.57,11160953,0
"2021-09-09",16125,5636882,14743,4997686,1047,479636,1900,80564,33815,25720.71,11194768,0
"2021-09-10",18375,5655257,15389,5013075,1208,480844,1965,82529,36937,26400.29,11231705,0
"2021-09-11",12642,5667899,10344,5023419,958,481802,1017,83546,24961,27008.14,11256666,0
"2021-09-12",8537,5676436,5049,5028468,766,482568,688,84234,15040,27233.57,11271706,0
"2021-09-13",16939,5693375,12948,5041416,976,483544,1642,85876,32505,30400.43,11304211,0
"2021-09-14",16278,5709653,13674,5055090,886,484430,1589,87465,32427,29930,11336638,0
"2021-09-15",15550,5725203,12869,5067959,728,485158,1561,89026,30708,29484.71,11367346,0
"2021-09-16",15348,5740551,13902,5081861,1211,486369,1447,90473,31908,29212.29,11399254,0
"2021-09-17",14440,5754991,13963,5095824,922,487291,1819,92292,31144,28384.71,11430398,0
"2021-09-18",10006,5764997,10172,5105996,913,488204,1046,93338,22137,27981.29,11452535,0
"2021-09-19",6181,5771178,6069,5112065,558,488762,743,94081,13551,27768.57,11466086,0
"2021-09-20",12683,5783861,12631,5124696,1069,489831,1913,95994,28296,27167.29,11494382,0
"2021-09-21",12243,5796104,12769,5137465,1110,490941,2012,98006,28134,26554,11522516,0
"2021-09-22",12832,5808936,11995,5149460,1090,492031,1674,99680,27591,26108.71,11550107,0
"2021-09-23",14955,5823891,12755,5162215,1639,493670,2248,101928,31597,26064.29,11581704,0
"2021-09-24",16461,5840352,13365,5175580,1632,495302,4606,106534,36064,26767.14,11617768,0
"2021-09-25",10551,5850903,9024,5184604,1018,496320,3441,109975,24034,27038.14,11641802,0
"2021-09-26",6310,5857213,5761,5190365,773,497093,2413,112388,15257,27281.86,11657059,0
"2021-09-27",14180,5871393,8051,5198416,1155,498248,8996,121384,32382,27865.57,11689441,0
"2021-09-28",11162,5882555,11768,5210184,901,499149,9852,131236,33683,28658.29,11723124,0
"2021-09-29",11618,5894173,12191,5222375,1206,500355,9399,140635,34414,29633,11757538,0
"2021-09-30",12258,5906431,12595,5234970,1339,501694,9685,150320,35877,30244.43,11793415,0
"2021-10-01",12663,5919094,13426,5248396,1284,502978,10222,160542,37595,30463.14,11831010,0
"2021-10-02",7739,5926833,9973,5258369,865,503843,4210,164752,22787,30285,11853797,0
"2021-10-03",5080,5931913,6155,5264524,593,504436,2604,167356,14432,30167.14,11868229,0
"2021-10-04",9922,5941835,11025,5275549,913,505349,9475,176831,31335,30017.57,11899564,0
"2021-10-05",10183,5952018,11732,5287281,972,506321,9900,186731,32787,29889.57,11932351,0
"2021-10-06",9931,5961949,11054,5298335,937,507258,9894,196625,31816,29518.43,11964167,0
"2021-10-07",9682,5971631,12188,5310523,852,508110,10158,206783,32880,29090.29,11997047,0
"2021-10-08",9478,5981109,12172,5322695,943,509053,10860,217643,33453,28498.57,12030500,0
"2021-10-09",6273,5987382,8274,5330969,649,509702,4098,221741,19294,27999.57,12049794,0
"2021-10-10",3546,5990928,5023,5335992,458,510160,2418,224159,11445,27572.86,12061239,0
"2021-10-11",7640,5998568,9330,5345322,728,510888,8865,233024,26563,26891.14,12087802,0
"2021-10-12",8087,6006655,11000,5356322,891,511779,10465,243489,30443,26556.29,12118245,0
"2021-10-13",7177,6013832,10139,5366461,869,512648,8746,252235,26931,25858.43,12145176,0
"2021-10-14",7462,6021294,11111,5377572,835,513483,10059,262294,29467,25370.86,12174643,0
"2021-10-15",7746,6029040,11864,5389436,823,514306,10752,273046,31185,25046.86,12205828,0
"2021-10-16",4871,6033911,7466,5396902,666,514972,3810,276856,16813,24692.43,12222641,0
"2021-10-17",3062,6036973,4473,5401375,411,515383,2433,279289,10379,24540.14,12233020,0
"2021-10-18",7069,6044042,10660,5412035,796,516179,9407,288696,27932,24735.71,12260952,0
"2021-10-19",6593,6050635,8941,5420976,805,516984,9040,297736,25379,24012.29,12286331,0
"2021-10-20",6556,6057191,9379,5430355,975,517959,9929,307665,26839,23999.14,12313170,0
"2021-10-21",7050,6064241,9380,5439735,859,518818,10794,318459,28083,23801.43,12341253,0
"2021-10-22",8147,6072388,10343,5450078,1025,519843,16304,334763,35819,24463.43,12377072,0
"2021-10-23",5190,6077578,6457,5456535,690,520533,9096,343859,21433,25123.43,12398505,0
"2021-10-24",3281,6080859,3972,5460507,770,521303,6140,349999,14163,25664,12412668,0
"2021-10-25",8808,6089667,8744,5469251,1148,522451,19207,369206,37907,27089,12450575,0
"2021-10-26",8225,6097892,7727,5476978,1259,523710,17262,386468,34473,28388.14,12485048,0
"2021-10-27",10597,6108489,8395,5485373,1604,525314,20805,407273,41401,30468.43,12526449,0
"2021-10-28",11366,6119855,8036,5493409,1792,527106,20794,428067,41988,32454.86,12568437,0
"2021-10-29",11870,6131725,8244,5501653,1963,529069,22482,450549,44559,33703.43,12612996,0
"2021-10-30",4645,6136370,5056,5506709,934,530003,11142,461691,21777,33752.57,12634773,0
"2021-10-31",2670,6139040,2705,5509414,544,530547,6610,468301,12529,33519.14,12647302,0
"2021-11-01",7179,6146219,6952,5516366,1089,531636,20331,488632,35551,33182.57,12682853,0
"2021-11-02",6619,6152838,6590,5522956,1055,532691,20709,509341,34973,33254,12717826,0
"2021-11-03",6882,6159720,6681,5529637,1027,533718,20579,529920,35169,32363.71,12752995,0
"2021-11-04",9334,6169054,6276,5535913,997,534715,22313,552233,38920,31925.43,12791915,0
"2021-11-05",11098,6180152,6720,5542633,1052,535767,23720,575953,42590,31644.14,12834505,0
"2021-11-06",11144,6191296,4051,5546684,593,536360,12573,588526,28361,32584.71,12862866,0
"2021-11-07",7275,6198571,2282,5548966,577,536937,7090,595616,17224,33255.43,12880090,0
"2021-11-08",15088,6213659,5677,5554643,867,537804,19463,615079,41095,34047.43,12921185,0
"2021-11-09",16184,6229843,5383,5560026,661,538465,20479,635558,42707,35152.29,12963892,0
"2021-11-10",16974,6246817,5324,5565350,685,539150,22596,658154,45579,36639.43,13009471,0
"2021-11-11",12612,6259429,5194,5570544,760,539910,22033,680187,40599,36879.29,13050070,0
"2021-11-12",16926,6276355,5683,5576227,708,540618,23354,703541,46671,37462.29,13096741,0
"2021-11-13",9963,6286318,3666,5579893,465,541083,13298,716839,27392,37323.86,13124133,0
"2021-11-14",6032,6292350,2295,5582188,325,541408,7914,724753,16566,37229.86,13140699,0
"2021-11-15",13269,6305619,5969,5588157,690,542098,25059,749812,44987,37785.86,13185686,0
"2021-11-16",10015,6315634,5791,5593948,655,542753,30602,780414,47063,38408.14,13232749,0
"2021-11-17",10353,6325987,6679,5600627,681,543434,31357,811771,49070,38906.86,13281819,0
"2021-11-18",10777,6336764,6548,5607175,860,544294,32938,844709,51123,40410.29,13332942,0
"2021-11-19",12071,6348835,6556,5613731,716,545010,36191,880900,55534,41676.43,13388476,0
"2021-11-20",9381,6358216,3422,5617153,514,545524,22459,903359,35776,42874.14,13424252,0
"2021-11-21",4992,6363208,1892,5619045,288,545812,13164,916523,20336,43412.71,13444588,0
"2021-11-22",10498,6373706,5794,5624839,752,546564,35863,952386,52907,44544.14,13497495,0
"2021-11-23",9868,6383574,4779,5629618,637,547201,33445,985831,48729,44782.14,13546224,0
"2021-11-24",8760,6392334,4753,5634371,651,547852,25869,1011700,40033,43491.14,13586257,0
"2021-11-25",452,6392786,325,5634696,80,547932,1000,1012700,1857,36453.14,13588114,0
"2021-11-26",8100,6400886,6991,5641687,528,548460,26540,1039240,42159,34542.43,13630273,0
"2021-11-27",6711,6407597,6832,5648519,372,548832,18795,1058035,32710,34104.43,13662983,0
"2021-11-28",4101,6411698,5782,5654301,282,549114,11848,1069883,22013,34344,13684996,0
"2021-11-29",9145,6420843,10990,5665291,688,549802,34946,1104829,55769,34752.86,13740765,0
"2021-11-30",10573,6431416,11432,5676723,513,550315,37712,1142541,60230,36395.86,13800995,0
"2021-12-01",11248,6442664,10983,5687706,723,551038,40265,1182806,63219,39708.14,13864214,0
"2021-12-02",11723,6454387,11027,5698733,626,551664,42068,1224874,65444,48792,13929658,0
"2021-12-03",13560,6467947,12879,5711612,677,552341,47856,1272730,74972,53479.57,14004630,0
"2021-12-04",9897,6477844,11283,5722895,567,552908,30616,1303346,52363,56287.14,14056993,0
"2021-12-05",5782,6483626,5703,5728598,269,553177,16628,1319974,28382,57197,14085375,0
"2021-12-06",12414,6496040,9952,5738550,602,553779,43159,1363133,66127,58676.71,14151502,0
"2021-12-07",12674,6508714,9256,5747806,625,554404,42968,1406101,65523,59432.86,14217025,0
"2021-12-08",13621,6522335,8761,5756567,555,554959,40706,1446807,63643,59493.43,14280668,0
"2021-12-09",13583,6535918,8763,5765330,558,555517,40733,1487540,63637,59235.29,14344305,0
"2021-12-10",14118,6550036,10133,5775463,671,556188,43578,1531118,68500,58310.71,14412805,0
"2021-12-11",10308,6560344,8117,5783580,405,556593,26668,1557786,45498,57330,14458303,0
"2021-12-12",6052,6566396,3855,5787435,288,556881,15139,1572925,25334,56894.57,14483637,0
"2021-12-13",12287,6578683,7422,5794857,656,557537,37825,1610750,58190,55760.71,14541827,0
"2021-12-14",12302,6590985,6961,5801818,731,558268,38078,1648828,58072,54696.29,14599899,0
"2021-12-15",12196,6603181,6239,5808057,755,559023,38034,1686862,57224,53779.29,14657123,0
"2021-12-16",13200,6616381,4273,5812330,742,559765,40942,1727804,59157,53139.29,14716280,0
"2021-12-17",16030,6632411,6936,5819266,620,560385,46671,1774475,70257,53390.29,14786537,0
"2021-12-18",13075,6645486,5714,5824980,432,560817,30546,1805021,49767,54000.14,14836304,0
"2021-12-19",7056,6652542,2993,5827973,326,561143,17974,1822995,28349,54430.86,14864653,0
"2021-12-20",16945,6669487,5870,5833843,747,561890,47341,1870336,70903,56247,14935556,0
"2021-12-21",18044,6687531,6566,5840409,806,562696,48816,1919152,74232,58555.57,15009788,0
"2021-12-22",18643,6706174,6564,5846973,938,563634,49547,1968699,75692,61193.86,15085480,0
"2021-12-23",19104,6725278,6479,5853452,930,564564,45752,2014451,72265,63066.43,15157745,0
"2021-12-24",9254,6734532,2949,5856401,598,565162,20579,2035030,33380,57798.29,15191125,0
"2021-12-25",344,6734876,64,5856465,31,565193,424,2035454,863,50812,15191988,0
"2021-12-26",7991,6742867,3928,5860393,341,565534,17252,2052706,29512,50978.14,15221500,0
"2021-12-27",21858,6764725,9203,5869596,933,566467,43356,2096062,75350,51613.43,15296850,0
"2021-12-28",20218,6784943,8328,5877924,698,567165,47498,2143560,76742,51972,15373592,0
"2021-12-29",18547,6803490,7666,5885590,607,567772,45473,2189033,72293,51486.43,15445885,0
"2021-12-30",16919,6820409,7417,5893007,582,568354,44766,2233799,69684,51117.71,15515569,0
"2021-12-31",5371,6825780,2808,5895815,193,568547,14743,2248542,23115,49651.29,15538684,0
"2022-01-01",237,6826017,146,5895961,11,568558,498,2249040,892,49655.43,15539576,0
"2022-01-02",6450,6832467,5013,5900974,153,568711,10969,2260009,22585,48665.86,15562161,0
"2022-01-03",14205,6846672,8480,5909454,515,569226,26828,2286837,50028,45048.43,15612189,0
"2022-01-04",13117,6859789,8069,5917523,412,569638,26961,2313798,48559,41022.29,15660748,0
"2022-01-05",11643,6871432,6971,5924494,385,570023,25711,2339509,44710,37081.86,15705458,0
"2022-01-06",11571,6883003,7368,5931862,485,570508,27418,2366927,46842,33818.71,15752300,0
"2022-01-07",10491,6893494,8415,5940277,337,570845,24935,2391862,44178,36827.71,15796478,0
"2022-01-08",7952,6901446,8548,5948825,310,571155,19386,2411248,36196,41871.14,15832674,0
"2022-01-09",4151,6905597,3844,5952669,214,571369,10045,2421293,18254,41252.43,15850928,0
"2022-01-10",10195,6915792,8184,5960853,490,571859,24570,2445863,43439,40311.14,15894367,0
"2022-01-11",8929,6924721,7989,5968842,521,572380,20966,2466829,38405,38860.57,15932772,0
"2022-01-12",8974,6933695,8318,5977160,428,572808,22282,2489111,40002,38188,15972774,0
"2022-01-13",9076,6942771,8860,5986020,451,573259,22799,2511910,41186,37380,16013960,0
"2022-01-14",10144,6952915,8112,5994132,476,573735,26383,2538293,45115,37513.86,16059075,0
"2022-01-15",6222,6959137,4304,5998436,178,573913,15130,2553423,25834,36033.57,16084909,0
"2022-01-16",2931,6962068,3252,6001688,93,574006,7808,2561231,14084,35437.86,16098993,0
"2022-01-17",6104,6968172,6756,6008444,363,574369,14640,2575871,27863,33212.71,16126856,0
"2022-01-18",8187,6976359,10299,6018743,396,574765,19604,2595475,38486,33224.29,16165342,0
"2022-01-19",7517,6983876,9234,6027977,306,575071,17665,2613140,34722,32470,16200064,0
"2022-01-20",6316,6990192,8564,6036541,305,575376,15183,2628323,30368,30924.57,16230432,0
"2022-01-21",7596,6997788,7487,6044028,276,575652,18461,2646784,33820,29311,16264252,0
"2022-01-22",5203,7002991,4931,6048959,131,575783,11291,2658075,21556,28699.86,16285808,0
"2022-01-23",2821,7005812,3326,6052285,97,575880,6219,2664294,12463,28468.29,16298271,0
"2022-01-24",6404,7012216,8193,6060478,262,576142,15015,2679309,29874,28755.57,16328145,0
"2022-01-25",6213,7018429,7921,6068399,232,576374,14657,2693966,29023,27403.71,16357168,0
"2022-01-26",5773,7024202,7159,6075558,290,576664,13981,2707947,27203,26329.57,16384371,0
"2022-01-27",5279,7029481,7080,6082638,321,576985,14037,2721984,26717,25808,16411088,0
"2022-01-28",6304,7035785,7854,6090492,204,577189,16072,2738056,30434,25324.29,16441522,0
"2022-01-29",847,7036632,728,6091220,28,577217,2528,2740584,4131,22835,16445653,0
"2022-01-30",2100,7038732,3021,6094241,103,577320,4529,2745113,9753,22447.86,16455406,0
"2022-01-31",5033,7043765,6591,6100832,219,577539,11328,2756441,23171,21490.29,16478577,0
"2022-02-01",4853,7048618,6437,6107269,219,577758,10671,2767112,22180,20512.71,16500757,0
"2022-02-02",4263,7052881,5921,6113190,214,577972,11194,2778306,21592,19711.14,16522349,0
"2022-02-03",4243,7057124,5792,6118982,217,578189,11186,2789492,21438,18957,16543787,0
"2022-02-04",4803,7061927,7105,6126087,214,578403,13176,2802668,25298,18223.29,16569085,0
"2022-02-05",3595,7065522,6045,6132132,110,578513,8554,2811222,18304,20248,16587389,0
"2022-02-06",2066,7067588,2137,6134269,121,578634,4627,2815849,8951,20133.43,16596340,0
"2022-02-07",4165,7071753,4723,6138992,205,578839,10113,2825962,19206,19567,16615546,0
"2022-02-08",4241,7075994,5602,6144594,214,579053,11282,2837244,21339,19446.86,16636885,0
"2022-02-09",4146,7080140,5394,6149988,222,579275,11642,2848886,21404,19420,16658289,0
"2022-02-10",4008,7084148,5113,6155101,245,579520,12175,2861061,21541,19434.71,16679830,0
"2022-02-11",4538,7088686,5800,6160901,194,579714,13705,2874766,24237,19283.14,16704067,0
"2022-02-12",3266,7091952,4337,6165238,96,579810,8791,2883557,16490,19024,16720557,0
"2022-02-13",1523,7093475,1542,6166780,41,579851,4878,2888435,7984,18885.86,16728541,0
"2022-02-14",3005,7096480,3619,6170399,165,580016,10541,2898976,17330,18617.86,16745871,0
"2022-02-15",3576,7100056,4064,6174463,176,580192,12752,2911728,20568,18507.71,16766439,0
"2022-02-16",3675,7103731,3896,6178359,198,580390,15682,2927410,23451,18800.14,16789890,0
"2022-02-17",4059,7107790,4079,6182438,164,580554,18236,2945646,26538,19514,16816428,0
"2022-02-18",4495,7112285,4777,6187215,190,580744,21509,2967155,30971,20476,16847399,0
"2022-02-19",3264,7115549,2179,6189394,65,580809,11153,2978308,16661,20500.43,16864060,0
"2022-02-20",1867,7117416,1445,6190839,59,580868,6570,2984878,9941,20780,16874001,0
"2022-02-21",3100,7120516,2686,6193525,95,580963,8344,2993222,14225,20336.43,16888226,0
"2022-02-22",4405,7124921,4245,6197770,175,581138,10803,3004025,19628,20202.14,16907854,0
"2022-02-23",4285,7129206,3783,6201553,145,581283,10640,3014665,18853,19545.29,16926707,0
"2022-02-24",3786,7132992,3651,6205204,108,581391,10168,3024833,17713,18284.57,16944420,0
"2022-02-25",3629,7136621,3618,6208822,134,581525,9961,3034794,17342,16337.57,16961762,0
"2022-02-26",2851,7139472,2578,6211400,74,581599,9499,3044293,15002,16100.57,16976764,0
"2022-02-27",1779,7141251,1372,6212772,52,581651,6261,3050554,9464,16032.43,16986228,0
"2022-02-28",3830,7145081,3126,6215898,141,581792,13095,3063649,20192,16884.86,17006420,0
"2022-03-01",2137,7147218,2610,6218508,103,581895,5158,3068807,10008,15510.57,17016428,0
"2022-03-02",1834,7149052,2427,6220935,106,582001,4109,3072916,8476,14028.14,17024904,0
"2022-03-03",1940,7150992,2557,6223492,106,582107,3786,3076702,8389,12696.14,17033293,0
"2022-03-04",2118,7153110,2867,6226359,66,582173,4315,3081017,9366,11556.71,17042659,0
"2022-03-05",1613,7154723,2124,6228483,43,582216,3306,3084323,7086,10425.86,17049745,0
"2022-03-06",802,7155525,878,6229361,30,582246,1619,3085942,3329,9549.43,17053074,0
"2022-03-07",1676,7157201,1781,6231142,86,582332,3481,3089423,7024,7668.29,17060098,0
"2022-03-08",1553,7158754,1892,6233034,81,582413,3115,3092538,6641,7187.29,17066739,0
"2022-03-09",1269,7160023,1665,6234699,78,582491,2571,3095109,5583,6774,17072322,0
"2022-03-10",1428,7161451,2095,6236794,85,582576,2942,3098051,6550,6511.29,17078872,0
"2022-03-11",1607,7163058,2266,6239060,81,582657,3202,3101253,7156,6195.57,17086028,0
"2022-03-12",880,7163938,1412,6240472,40,582697,1996,3103249,4328,5801.57,17090356,0
"2022-03-13",626,7164564,757,6241229,26,582723,1291,3104540,2700,5711.71,17093056,0
"2022-03-14",1383,7165947,1597,6242826,83,582806,2981,3107521,6044,5571.71,17099100,0
"2022-03-15",1357,7167304,1923,6244749,63,582869,3067,3110588,6410,5538.71,17105510,0
"2022-03-16",1400,7168704,2063,6246812,94,582963,3123,3113711,6680,5695.43,17112190,0
"2022-03-17",1183,7169887,1811,6248623,70,583033,2749,3116460,5813,5590.14,17118003,0
"2022-03-18",1590,7171477,2179,6250802,80,583113,3756,3120216,7605,5654.29,17125608,0
"2022-03-19",1116,7172593,1726,6252528,54,583167,2586,3122802,5482,5819.14,17131090,0
"2022-03-20",613,7173206,629,6253157,32,583199,1459,3124261,2733,5823.86,17133823,0
"2022-03-21",1424,7174630,1551,6254708,73,583272,3040,3127301,6088,5830.14,17139911,0
"2022-03-22",1342,7175972,1546,6256254,101,583373,2890,3130191,5879,5754.29,17145790,0
"2022-03-23",1258,7177230,1351,6257605,66,583439,2908,3133099,5583,5597.57,17151373,0
"2022-03-24",1215,7178445,1295,6258900,89,583528,2506,3135605,5105,5496.43,17156478,0
"2022-03-25",1390,7179835,1617,6260517,61,583589,3252,3138857,6320,5312.86,17162798,0
"2022-03-26",928,7180763,1156,6261673,36,583625,2290,3141147,4410,5159.71,17167208,0
"2022-03-27",577,7181340,525,6262198,29,583654,1309,3142456,2440,5117.86,17169648,0
"2022-03-28",1087,7182427,1149,6263347,68,583722,2430,3144886,4734,4924.43,17174382,0
"2022-03-29",1059,7183486,1105,6264452,86,583808,2499,3147385,4749,4763,17179131,0
"2022-03-30",1251,7184737,1136,6265588,98,583906,3053,3150438,5538,4756.57,17184669,0
"2022-03-31",1270,7186007,1252,6266840,57,583963,3149,3153587,5728,4845.57,17190397,0
"2022-04-01",1423,7187430,1491,6268331,74,584037,3238,3156825,6226,4832.14,17196623,0
"2022-04-02",909,7188339,918,6269249,33,584070,2093,3158918,3953,4766.86,17200576,0
"2022-04-03",557,7188896,497,6269746,28,584098,1226,3160144,2308,4748,17202884,0
"2022-04-04",1356,7190252,1305,6271051,60,584158,2719,3162863,5440,4848.86,17208324,0
"2022-04-05",1297,7191549,1155,6272206,68,584226,2860,3165723,5380,4939,17213704,0
"2022-04-06",1292,7192841,1182,6273388,58,584284,2615,3168338,5147,4883.14,17218851,0
"2022-04-07",1211,7194052,1064,6274452,54,584338,2372,3170710,4701,4736.43,17223552,0
"2022-04-08",1486,7195538,1395,6275847,56,584394,3151,3173861,6088,4716.71,17229640,0
"2022-04-09",937,7196475,919,6276766,28,584422,2047,3175908,3931,4713.57,17233571,0
"2022-04-10",593,7197068,462,6277228,25,584447,1170,3177078,2250,4705.29,17235821,0
"2022-04-11",1343,7198411,1229,6278457,59,584506,2645,3179723,5276,4681.86,17241097,0
"2022-04-12",1207,7199618,1050,6279507,73,584579,2522,3182245,4852,4606.43,17245949,0
"2022-04-13",1264,7200882,1065,6280572,58,584637,2497,3184742,4884,4568.86,17250833,0
"2022-04-14",1277,7202159,1092,6281664,59,584696,2422,3187164,4850,4590.14,17255683,0
"2022-04-15",1336,7203495,1091,6282755,52,584748,2551,3189715,5030,4439,17260713,0
"2022-04-16",875,7204370,650,6283405,31,584779,1633,3191348,3189,4333,17263902,0
"2022-04-17",349,7204719,202,6283607,27,584806,636,3191984,1214,4185,17265116,0
"2022-04-18",1376,7206095,1108,6284715,82,584888,2578,3194562,5144,4166.14,17270260,0
"2022-04-19",1406,7207501,935,6285650,70,584958,2561,3197123,4972,4183.29,17275232,0
"2022-04-20",1302,7208803,1130,6286780,65,585023,2632,3199755,5129,4218.29,17280361,0
"2022-04-21",1214,7210017,1060,6287840,51,585074,2311,3202066,4636,4187.71,17284997,0
"2022-04-22",1216,7211233,1012,6288852,44,585118,2192,3204258,4464,4106.86,17289461,0
"2022-04-23",719,7211952,745,6289597,59,585177,1415,3205673,2938,4071,17292399,0
"2022-04-24",441,7212393,339,6289936,27,585204,810,3206483,1617,4128.57,17294016,0
"2022-04-25",1018,7213411,908,6290844,62,585266,1835,3208318,3823,3939.86,17297839,0
"2022-04-26",920,7214331,849,6291693,74,585340,1750,3210068,3593,3742.86,17301432,0
"2022-04-27",1019,7215350,968,6292661,78,585418,1899,3211967,3964,3576.43,17305396,0
"2022-04-28",1066,7216416,972,6293633,48,585466,1955,3213922,4041,3491.43,17309437,0
"2022-04-29",925,7217341,951,6294584,57,585523,1716,3215638,3649,3375,17313086,0
"2022-04-30",719,7218060,738,6295322,43,585566,1386,3217024,2886,3367.57,17315972,0
"2022-05-01",446,7218506,370,6295692,20,585586,751,3217775,1587,3363.29,17317559,0
"2022-05-02",1033,7219539,795,6296487,50,585636,1647,3219422,3525,3320.71,17321084,0
"2022-05-03",1076,7220615,843,6297330,59,585695,1929,3221351,3907,3365.57,17324991,0
"2022-05-04",998,7221613,866,6298196,47,585742,1883,3223234,3794,3341.29,17328785,0
"2022-05-05",1036,7222649,943,6299139,74,585816,1905,3225139,3958,3329.43,17332743,0
"2022-05-06",1069,7223718,917,6300056,45,585861,1842,3226981,3873,3361.43,17336616,0
"2022-05-07",643,7224361,583,6300639,27,585888,1188,3228169,2441,3297.86,17339057,0
"2022-05-08",414,7224775,245,6300884,17,585905,661,3228830,1337,3262.14,17340394,0
"2022-05-09",1062,7225837,930,6301814,56,585961,1843,3230673,3891,3314.43,17344285,120000
"2022-05-10",1059,7226896,904,6302718,48,586009,1937,3232610,3948,3320.29,17348233,120000
"2022-05-11",1062,7227958,945,6303663,40,586049,1869,3234479,3916,3337.71,17352149,120000
"2022-05-12",1015,7228973,884,6304547,54,586103,1829,3236308,3782,3312.57,17355931,120000
"2022-05-13",1117,7230090,990,6305537,40,586143,1957,3238265,4104,3345.57,17360035,120000
"2022-05-14",677,7230767,572,6306109,26,586169,1231,3239496,2506,3354.86,17362541,120000
"2022-05-15",101,7230868,92,6306201,7,586176,178,3239674,378,3217.86,17362919,120000
