"DATE","ADMIN_DOSE1_DAILY","ADMIN_DOSE1_CUMULATIVE","ADMIN_DOSE2_DAILY","ADMIN_DOSE2_CUMULATIVE","ADMIN_SINGLE_DAILY","ADMIN_SINGLE_CUMULATIVE","ADMIN_ADDITIONAL1_DAILY","ADMIN_ADDITIONAL1_CUMULATIVE","ADMIN_ADDITIONAL2_DAILY","ADMIN_ADDITIONAL2_CUMULATIVE","ADMIN_ADDITIONAL_DAILY","ADMIN_ADDITIONAL_CUMULATIVE","ADMIN_ALLDOSES_DAILY","ADMIN_ALLDOSES_7DAYAVG","ADMIN_ALLDOSES_CUMULATIVE","INCOMPLETE"
"2020-12-14",79,79,0,0,0,0,0,0,0,0,0,0,79,,79,0
"2020-12-15",2051,2130,6,6,4,4,0,0,0,0,0,0,2061,,2140,0
"2020-12-16",4605,6735,14,20,1,5,1,1,0,0,1,1,4621,,6761,0
"2020-12-17",4658,11393,17,37,0,5,1,2,0,0,1,2,4676,,11437,0
"2020-12-18",5833,17226,18,55,2,7,2,4,0,0,2,4,5855,,17292,0
"2020-12-19",1689,18915,7,62,3,10,0,4,0,0,0,4,1699,,18991,0
"2020-12-20",1116,20031,2,64,1,11,0,4,0,0,0,4,1119,2872.86,20110,0
"2020-12-21",6341,26372,19,83,0,11,5,9,0,0,5,9,6365,3770.86,26475,0
"2020-12-22",9794,36166,26,109,2,13,1,10,0,0,1,10,9823,4879.71,36298,0
"2020-12-23",14277,50443,34,143,3,16,1,11,0,0,1,11,14315,6264.57,50613,0
"2020-12-24",7198,57641,25,168,1,17,0,11,0,0,0,11,7224,6628.57,57837,0
"2020-12-25",180,57821,0,168,0,17,1,12,0,0,1,12,181,5818,58018,0
"2020-12-26",4387,62208,44,212,0,17,1,13,0,0,1,13,4432,6208.43,62450,0
"2020-12-27",3869,66077,14,226,0,17,1,14,0,0,1,14,3884,6603.43,66334,0
"2020-12-28",10995,77072,49,275,1,18,2,16,0,0,2,16,11047,7272.29,77381,0
"2020-12-29",10718,87790,34,309,2,20,2,18,0,0,2,18,10756,7405.57,88137,0
"2020-12-30",12826,100616,44,353,0,20,0,18,0,0,0,18,12870,7199.14,101007,0
"2020-12-31",7260,107876,34,387,1,21,0,18,0,0,0,18,7295,7209.29,108302,0
"2021-01-01",181,108057,2,389,1,22,3,21,0,0,3,21,187,7210.14,108489,0
"2021-01-02",3809,111866,10,399,2,24,2,23,0,0,2,23,3823,7123.14,112312,0
"2021-01-03",3541,115407,24,423,2,26,1,24,0,0,1,24,3568,7078,115880,0
"2021-01-04",12255,127662,807,1230,2,28,6,30,0,0,6,30,13070,7367,128950,0
"2021-01-05",14088,141750,2192,3422,2,30,12,42,1,1,13,43,16295,8158.29,145245,0
"2021-01-06",17802,159552,3926,7348,1,31,29,71,7,8,36,79,21765,9429,167010,0
"2021-01-07",16551,176103,5172,12520,4,35,45,116,3,11,48,127,21775,11497.57,188785,0
"2021-01-08",16619,192722,5456,17976,0,35,33,149,4,15,37,164,22112,14629.71,210897,0
"2021-01-09",7652,200374,1462,19438,1,36,7,156,2,17,9,173,9124,15387,220021,0
"2021-01-10",7881,208255,983,20421,0,36,10,166,0,17,10,183,8874,16145,228895,0
"2021-01-11",25825,234080,7456,27877,2,38,48,214,8,25,56,239,33339,19040.57,262234,0
"2021-01-12",28263,262343,7858,35735,1,39,44,258,2,27,46,285,36168,21879.57,298402,0
"2021-01-13",31722,294065,9389,45124,1,40,55,313,4,31,59,344,41171,24651.86,339573,0
"2021-01-14",35815,329880,5316,50440,1,41,30,343,7,38,37,381,41169,27422.43,380742,0
"2021-01-15",29265,359145,3703,54143,2,43,32,375,5,43,37,418,33007,28978.86,413749,0
"2021-01-16",30290,389435,2380,56523,0,43,25,400,5,48,30,448,32700,32346.86,446449,0
"2021-01-17",23749,413184,1627,58150,0,43,18,418,1,49,19,467,25395,34707,471844,0
"2021-01-18",27107,440291,2411,60561,1,44,34,452,7,56,41,508,29560,34167.14,501404,0
"2021-01-19",34294,474585,9627,70188,1,45,70,522,5,61,75,583,43997,35285.57,545401,0
"2021-01-20",34870,509455,9494,79682,1,46,59,581,4,65,63,646,44428,35750.86,589829,0
"2021-01-21",25592,535047,8093,87775,2,48,50,631,5,70,55,701,33742,34689.86,623571,0
"2021-01-22",24755,559802,4381,92156,1,49,32,663,7,77,39,740,29176,34142.57,652747,0
"2021-01-23",15742,575544,3224,95380,0,49,9,672,2,79,11,751,18977,32182.14,671724,0
"2021-01-24",7178,582722,3453,98833,0,49,19,691,1,80,20,771,10651,30075.86,682375,0
"2021-01-25",13411,596133,11821,110654,0,49,66,757,11,91,77,848,25309,29468.57,707684,0
"2021-01-26",16766,612899,10752,121406,0,49,67,824,2,93,69,917,27587,27124.29,735271,0
"2021-01-27",20835,633734,12356,133762,0,49,51,875,8,101,59,976,33250,25527.43,768521,0
"2021-01-28",30764,664498,12841,146603,0,49,89,964,15,116,104,1080,43709,26951.29,812230,0
"2021-01-29",31695,696193,11503,158106,0,49,78,1042,10,126,88,1168,43286,28967,855516,0
"2021-01-30",18708,714901,3742,161848,0,49,20,1062,2,128,22,1190,22472,29466.29,877988,0
"2021-01-31",13021,727922,2920,164768,1,50,28,1090,4,132,32,1222,15974,30226.71,893962,0
"2021-02-01",1180,729102,5369,170137,4,54,35,1125,4,136,39,1261,6592,27552.86,900554,0
"2021-02-02",2827,731929,9476,179613,2,56,46,1171,4,140,50,1311,12355,25376.86,912909,0
"2021-02-03",16348,748277,21242,200855,4,60,205,1376,19,159,224,1535,37818,26029.43,950727,0
"2021-02-04",27048,775325,19650,220505,3,63,199,1575,10,169,209,1744,46910,26486.71,997637,0
"2021-02-05",27600,802925,20037,240542,0,63,178,1753,15,184,193,1937,47830,27135.86,1045467,0
"2021-02-06",22989,825914,11248,251790,0,63,110,1863,12,196,122,2059,34359,28834,1079826,0
"2021-02-07",12042,837956,8283,260073,1,64,91,1954,13,209,104,2163,20430,29470.57,1100256,0
"2021-02-08",16964,854920,23516,283589,2,66,231,2185,34,243,265,2428,40747,34349.86,1141003,0
"2021-02-09",17189,872109,28112,311701,2,68,334,2519,41,284,375,2803,45678,39110.29,1186681,0
"2021-02-10",19592,891701,29309,341010,2,70,260,2779,50,334,310,3113,49213,40738.14,1235894,0
"2021-02-11",27847,919548,33473,374483,2,72,339,3118,57,391,396,3509,61718,42853.57,1297612,0
"2021-02-12",38395,957943,30795,405278,3,75,354,3472,38,429,392,3901,69585,45961.43,1367197,0
"2021-02-13",28009,985952,25309,430587,2,77,311,3783,50,479,361,4262,53681,48721.71,1420878,0
"2021-02-14",16280,1002232,23734,454321,0,77,261,4044,31,510,292,4554,40306,51561.14,1461184,0
"2021-02-15",12796,1015028,10527,464848,2,79,169,4213,24,534,193,4747,23518,49099.86,1484702,0
"2021-02-16",14241,1029269,26733,491581,0,79,319,4532,36,570,355,5102,41329,48478.57,1526031,0
"2021-02-17",16393,1045662,22196,513777,1,80,281,4813,37,607,318,5420,38908,47006.43,1564939,0
"2021-02-18",12153,1057815,24993,538770,21,101,286,5099,43,650,329,5749,37496,43546.14,1602435,0
"2021-02-19",13262,1071077,23936,562706,39,140,303,5402,44,694,347,6096,37584,38974.57,1640019,0
"2021-02-20",11351,1082428,26078,588784,6,146,324,5726,78,772,402,6498,37837,36711.14,1677856,0
"2021-02-21",6362,1088790,17421,606205,15,161,284,6010,43,815,327,6825,24125,34399.57,1701981,0
"2021-02-22",13044,1101834,11847,618052,2,163,126,6136,19,834,145,6970,25038,34616.71,1727019,0
"2021-02-23",25246,1127080,14145,632197,1,164,160,6296,34,868,194,7164,39586,34367.71,1766605,0
"2021-02-24",36364,1163444,20389,652586,0,164,226,6522,37,905,263,7427,57016,36954.57,1823621,0
"2021-02-25",54618,1218062,30387,682973,6,170,397,6919,65,970,462,7889,85473,43808.43,1909094,0
"2021-02-26",62873,1280935,31868,714841,4,174,411,7330,78,1048,489,8378,95234,52044.14,2004328,0
"2021-02-27",51296,1332231,22751,737592,47,221,332,7662,54,1102,386,8764,74480,57278.86,2078808,0
"2021-02-28",44596,1376827,13821,751413,7,228,204,7866,34,1136,238,9002,58662,62212.71,2137470,0
"2021-03-01",39320,1416147,12778,764191,10,238,164,8030,26,1162,190,9192,52298,66107,2189768,0
"2021-03-02",47082,1463229,12577,776768,7,245,160,8190,14,1176,174,9366,59840,69000.43,2249608,0
"2021-03-03",48607,1511836,16155,792923,17,262,146,8336,21,1197,167,9533,64946,70133.29,2314554,0
"2021-03-04",59818,1571654,22824,815747,1092,1354,270,8606,34,1231,304,9837,84038,69928.29,2398592,0
"2021-03-05",60989,1632643,24283,840030,3109,4463,329,8935,33,1264,362,10199,88743,69001,2487335,0
"2021-03-06",47179,1679822,18886,858916,5451,9914,235,9170,35,1299,270,10469,71786,68616.14,2559121,0
"2021-03-07",36046,1715868,14876,873792,6245,16159,232,9402,20,1319,252,10721,57419,68438.57,2616540,0
"2021-03-08",39628,1755496,14677,888469,8564,24723,314,9716,91,1410,405,11126,63274,70006.57,2679814,0
"2021-03-09",39105,1794601,12856,901325,7763,32486,178,9894,33,1443,211,11337,59935,70020.14,2739749,0
"2021-03-10",51833,1846434,15343,916668,5066,37552,230,10124,31,1474,261,11598,72503,71099.71,2812252,0
"2021-03-11",59992,1906426,21814,938482,4619,42171,250,10374,49,1523,299,11897,86724,71483.43,2898976,0
"2021-03-12",52204,1958630,30310,968792,4183,46354,372,10746,83,1606,455,12352,87152,71256.14,2986128,0
"2021-03-13",40653,1999283,26684,995476,5109,51463,324,11070,52,1658,376,12728,72822,71404.14,3058950,0
"2021-03-14",30716,2029999,15967,1011443,4527,55990,241,11311,27,1685,268,12996,51478,70555.43,3110428,0
"2021-03-15",33590,2063589,17251,1028694,4717,60707,235,11546,33,1718,268,13264,55826,69491.43,3166254,0
"2021-03-16",38678,2102267,20505,1049199,4925,65632,256,11802,36,1754,292,13556,64400,70129.29,3230654,0
"2021-03-17",42618,2144885,24796,1073995,4246,69878,340,12142,36,1790,376,13932,72036,70062.57,3302690,0
"2021-03-18",50454,2195339,26804,1100799,5238,75116,366,12508,60,1850,426,14358,82922,69519.43,3385612,0
"2021-03-19",47795,2243134,29957,1130756,5624,80740,389,12897,71,1921,460,14818,83836,69045.71,3469448,0
"2021-03-20",38713,2281847,25833,1156589,4687,85427,299,13196,60,1981,359,15177,69592,68584.29,3539040,0
"2021-03-21",29300,2311147,19363,1175952,769,86196,220,13416,42,2023,262,15439,49694,68329.43,3588734,0
"2021-03-22",33870,2345017,26735,1202687,4037,90233,260,13676,37,2060,297,15736,64939,69631.29,3653673,0
"2021-03-23",38434,2383451,32842,1235529,4219,94452,293,13969,56,2116,349,16085,75844,71266.14,3729517,0
"2021-03-24",41496,2424947,37603,1273132,4847,99299,329,14298,62,2178,391,16476,84337,73023.43,3813854,0
"2021-03-25",43416,2468363,50790,1323922,5054,104353,470,14768,85,2263,555,17031,99815,75436.71,3913669,0
"2021-03-26",38508,2506871,55511,1379433,4310,108663,522,15290,96,2359,618,17649,98947,77595.43,4012616,0
"2021-03-27",35737,2542608,45755,1425188,2938,111601,413,15703,82,2441,495,18144,84925,79785.86,4097541,0
"2021-03-28",26392,2569000,34458,1459646,1482,113083,331,16034,63,2504,394,18538,62726,81647.57,4160267,0
"2021-03-29",34819,2603819,38866,1498512,3246,116329,341,16375,110,2614,451,18989,77382,83425.14,4237649,0
"2021-03-30",40513,2644332,41921,1540433,3714,120043,336,16711,68,2682,404,19393,86552,84954.86,4324201,0
"2021-03-31",49398,2693730,44865,1585298,7442,127485,398,17109,85,2767,483,19876,102188,87505,4426389,0
"2021-04-01",50785,2744515,53945,1639243,11275,138760,502,17611,81,2848,583,20459,116588,89901.14,4542977,0
"2021-04-02",43762,2788277,53884,1693127,11971,150731,548,18159,70,2918,618,21077,110235,91513.71,4653212,0
"2021-04-03",39256,2827533,39216,1732343,9860,160591,335,18494,58,2976,393,21470,88725,92056.57,4741937,0
"2021-04-04",26561,2854094,24780,1757123,3902,164493,223,18717,49,3025,272,21742,55515,91026.43,4797452,0
"2021-04-05",41890,2895984,34487,1791610,11196,175689,369,19086,60,3085,429,22171,88002,92543.57,4885454,0
"2021-04-06",53273,2949257,35614,1827224,13219,188908,429,19515,72,3157,501,22672,102607,94837.14,4988061,0
"2021-04-07",55514,3004771,40697,1867921,14391,203299,394,19909,77,3234,471,23143,111073,96106.43,5099134,0
"2021-04-08",59269,3064040,46588,1914509,16343,219642,515,20424,80,3314,595,23738,122795,96993.14,5221929,0
"2021-04-09",56647,3120687,44962,1959471,17554,237196,516,20940,77,3391,593,24331,119756,98353.29,5341685,0
"2021-04-10",49349,3170036,35646,1995117,12728,249924,388,21328,60,3451,448,24779,98171,99702.71,5439856,0
"2021-04-11",38184,3208220,28818,2023935,7682,257606,296,21624,57,3508,353,25132,75037,102491.57,5514893,0
"2021-04-12",46639,3254859,31851,2055786,13499,271105,464,22088,63,3571,527,25659,92516,103136.43,5607409,0
"2021-04-13",52544,3307403,33793,2089579,368,271473,394,22482,60,3631,454,26113,87159,100929.57,5694568,0
"2021-04-14",50149,3357552,39955,2129534,20,271493,369,22851,70,3701,439,26552,90563,97999.57,5785131,0
"2021-04-15",52127,3409679,43679,2173213,16,271509,452,23303,103,3804,555,27107,96377,94225.57,5881508,0
"2021-04-16",51186,3460865,42219,2215432,32,271541,420,23723,66,3870,486,27593,93923,90535.14,5975431,0
"2021-04-17",43843,3504708,35691,2251123,3,271544,363,24086,82,3952,445,28038,79982,87936.71,6055413,0
"2021-04-18",28609,3533317,29372,2280495,7,271551,251,24337,61,4013,312,28350,58300,85545.71,6113713,0
"2021-04-19",37476,3570793,36449,2316944,22,271573,322,24659,62,4075,384,28734,74331,82947.86,6188044,0
"2021-04-20",40810,3611603,39625,2356569,19,271592,315,24974,76,4151,391,29125,80845,82045.86,6268889,0
"2021-04-21",38903,3650506,46015,2402584,16,271608,494,25468,95,4246,589,29714,85523,81325.86,6354412,0
"2021-04-22",38497,3689003,48962,2451546,9,271617,338,25806,73,4319,411,30125,87879,80111.86,6442291,0
"2021-04-23",39700,3728703,44385,2495931,4,271621,344,26150,69,4388,413,30538,84502,78766,6526793,0
"2021-04-24",31951,3760654,41605,2537536,44,271665,276,26426,58,4446,334,30872,73934,77902,6600727,0
"2021-04-25",18423,3779077,31229,2568765,86,271751,193,26619,55,4501,248,31120,49986,76714.29,6650713,0
"2021-04-26",26973,3806050,40738,2609503,1013,272764,281,26900,82,4583,363,31483,69087,75965.14,6719800,0
"2021-04-27",28577,3834627,47141,2656644,1697,274461,348,27248,93,4676,441,31924,77856,75538.14,6797656,0
"2021-04-28",27037,3861664,56843,2713487,2148,276609,428,27676,99,4775,527,32451,86555,75685.57,6884211,0
"2021-04-29",28612,3890276,57204,2770691,2148,278757,362,28038,99,4874,461,32912,88425,75763.57,6972636,0
"2021-04-30",30123,3920399,51990,2822681,2055,280812,281,28319,72,4946,353,33265,84521,75766.29,7057157,0
"2021-05-01",22478,3942877,44549,2867230,1177,281989,227,28546,63,5009,290,33555,68494,74989.14,7125651,0
"2021-05-02",11925,3954802,36654,2903884,1080,283069,140,28686,56,5065,196,33751,49855,74970.43,7175506,0
"2021-05-03",18029,3972831,53024,2956908,2383,285452,257,28943,90,5155,347,34098,73783,75641.29,7249289,0
"2021-05-04",22738,3995569,56648,3013556,2330,287782,265,29208,114,5269,379,34477,82095,76246.86,7331384,0
"2021-05-05",21481,4017050,48800,3062356,2313,290095,311,29519,98,5367,409,34886,73003,74310.86,7404387,0
"2021-05-06",20682,4037732,50183,3112539,2507,292602,269,29788,83,5450,352,35238,73724,72210.71,7478111,0
"2021-05-07",21257,4058989,52097,3164636,2813,295415,307,30095,71,5521,378,35616,76545,71071.29,7554656,0
"2021-05-08",16633,4075622,41866,3206502,1835,297250,228,30323,70,5591,298,35914,60632,69948.14,7615288,0
"2021-05-09",7976,4083598,29410,3235912,1260,298510,150,30473,56,5647,206,36120,38852,68376.29,7654140,0
"2021-05-10",14391,4097989,38539,3274451,2355,300865,232,30705,88,5735,320,36440,55605,65779.43,7709745,0
"2021-05-11",19911,4117900,43060,3317511,2514,303379,281,30986,83,5818,364,36804,65849,63458.57,7775594,0
"2021-05-12",17812,4135712,40536,3358047,3595,306974,232,31218,77,5895,309,37113,62252,61922.71,7837846,0
"2021-05-13",24975,4160687,40430,3398477,3230,310204,262,31480,74,5969,336,37449,68971,61243.71,7906817,0
"2021-05-14",27035,4187722,42914,3441391,3537,313741,282,31762,93,6062,375,37824,73861,60860.29,7980678,0
"2021-05-15",23651,4211373,34913,3476304,3366,317107,251,32013,75,6137,326,38150,62256,61092.29,8042934,0
"2021-05-16",15526,4226899,19446,3495750,2497,319604,125,32138,45,6182,170,38320,37639,60919,8080573,0
"2021-05-17",22675,4249574,29140,3524890,3257,322861,177,32315,67,6249,244,38564,55316,60877.71,8135889,0
"2021-05-18",24634,4274208,31912,3556802,3404,326265,236,32551,70,6319,306,38870,60256,60078.71,8196145,0
"2021-05-19",24195,4298403,29719,3586521,3039,329304,221,32772,46,6365,267,39137,57220,59359.86,8253365,0
"2021-05-20",24154,4322557,30086,3616607,3162,332466,270,33042,100,6465,370,39507,57772,57760,8311137,0
"2021-05-21",24685,4347242,32003,3648610,3060,335526,253,33295,60,6525,313,39820,60061,55788.57,8371198,0
"2021-05-22",20023,4367265,24357,3672967,2525,338051,165,33460,49,6574,214,40034,47119,53626.14,8418317,0
"2021-05-23",11234,4378499,13733,3686700,1411,339462,93,33553,32,6606,125,40159,26503,52035.29,8444820,0
"2021-05-24",18879,4397378,23157,3709857,2756,342218,214,33767,53,6659,267,40426,45059,50570,8489879,0
"2021-05-25",19434,4416812,23379,3733236,2601,344819,177,33944,70,6729,247,40673,45661,48485,8535540,0
"2021-05-26",18785,4435597,21090,3754326,2696,347515,199,34143,52,6781,251,40924,42822,46428.14,8578362,0
"2021-05-27",18473,4454070,21274,3775600,2529,350044,189,34332,63,6844,252,41176,42528,44250.43,8620890,0
"2021-05-28",17864,4471934,22888,3798488,2751,352795,186,34518,53,6897,239,41415,43742,41919.14,8664632,0
"2021-05-29",12710,4484644,17808,3816296,1755,354550,106,34624,39,6936,145,41560,32418,39819,8697050,0
"2021-05-30",7032,4491676,8949,3825245,1074,355624,47,34671,17,6953,64,41624,17119,38478.43,8714169,0
"2021-05-31",4743,4496419,6924,3832169,1012,356636,64,34735,17,6970,81,41705,12760,33864.29,8726929,0
"2021-06-01",16047,4512466,25197,3857366,2176,358812,152,34887,41,7011,193,41898,43613,33571.71,8770542,0
"2021-06-02",15354,4527820,20389,3877755,2094,360906,139,35026,47,7058,186,42084,38023,32886.14,8808565,0
"2021-06-03",15008,4542828,23820,3901575,2281,363187,128,35154,44,7102,172,42256,41281,32708,8849846,0
"2021-06-04",14727,4557555,25998,3927573,2492,365679,142,35296,39,7141,181,42437,43398,32658.86,8893244,0
"2021-06-05",10994,4568549,22090,3949663,1806,367485,114,35410,30,7171,144,42581,35034,33032.57,8928278,0
"2021-06-06",6446,4574995,14482,3964145,1222,368707,87,35497,13,7184,100,42681,22250,33765.57,8950528,0
"2021-06-07",11704,4586699,21788,3985933,2379,371086,139,35636,36,7220,175,42856,36046,37092.14,8986574,0
"2021-06-08",12639,4599338,24021,4009954,2072,373158,118,35754,45,7265,163,43019,38895,36418.14,9025469,0
"2021-06-09",11139,4610477,23029,4032983,2299,375457,133,35887,39,7304,172,43191,36639,36220.43,9062108,0
"2021-06-10",12067,4622544,22235,4055218,2462,377919,141,36028,57,7361,198,43389,36962,35603.43,9099070,0
"2021-06-11",12711,4635255,25121,4080339,2484,380403,153,36181,60,7421,213,43602,40529,35193.57,9139599,0
"2021-06-12",10168,4645423,19309,4099648,1888,382291,94,36275,40,7461,134,43736,31499,34688.57,9171098,0
"2021-06-13",4257,4649680,10936,4110584,1219,383510,42,36317,21,7482,63,43799,16475,33863.57,9187573,0
"2021-06-14",10209,4659889,19241,4129825,2043,385553,131,36448,51,7533,182,43981,31675,33239.14,9219248,0
"2021-06-15",11885,4671774,21012,4150837,1943,387496,132,36580,41,7574,173,44154,35013,32684.57,9254261,0
"2021-06-16",11589,4683363,19410,4170247,1956,389452,140,36720,67,7641,207,44361,33162,32187.86,9287423,0
"2021-06-17",11025,4694388,18764,4189011,1972,391424,121,36841,34,7675,155,44516,31916,31467,9319339,0
"2021-06-18",12166,4706554,18503,4207514,2116,393540,112,36953,35,7710,147,44663,32932,30381.71,9352271,0
"2021-06-19",8499,4715053,13520,4221034,1459,394999,82,37035,20,7730,102,44765,23580,29250.43,9375851,0
"2021-06-20",4335,4719388,7158,4228192,924,395923,36,37071,17,7747,53,44818,12470,28678.29,9388321,0
"2021-06-21",10164,4729552,10008,4238200,1806,397729,68,37139,27,7774,95,44913,22073,27306.57,9410394,0
"2021-06-22",9835,4739387,15642,4253842,1589,399318,105,37244,27,7801,132,45045,27198,26190.14,9437592,0
"2021-06-23",10313,4749700,15186,4269028,1860,401178,103,37347,29,7830,132,45177,27491,25380,9465083,0
"2021-06-24",9689,4759389,14698,4283726,1799,402977,118,37465,26,7856,144,45321,26330,24582,9491413,0
"2021-06-25",10591,4769980,14387,4298113,1719,404696,110,37575,37,7893,147,45468,26844,23712.29,9518257,0
"2021-06-26",7802,4777782,10465,4308578,1247,405943,74,37649,24,7917,98,45566,19612,23145.43,9537869,0
"2021-06-27",5001,4782783,6001,4314579,795,406738,33,37682,14,7931,47,45613,11844,23056,9549713,0
"2021-06-28",9036,4791819,10345,4324924,1524,408262,107,37789,26,7957,133,45746,21038,22908.14,9570751,0
"2021-06-29",9750,4801569,12319,4337243,1347,409609,122,37911,28,7985,150,45896,23566,22389.29,9594317,0
"2021-06-30",9430,4810999,10927,4348170,1481,411090,148,38059,16,8001,164,46060,22002,21605.14,9616319,0
"2021-07-01",9398,4820397,10928,4359098,1431,412521,126,38185,24,8025,150,46210,21907,20973.29,9638226,0
"2021-07-02",9694,4830091,11450,4370548,1541,414062,120,38305,23,8048,143,46353,22828,20399.57,9661054,0
"2021-07-03",7057,4837148,8420,4378968,1193,415255,78,38383,17,8065,95,46448,16765,19992.86,9677819,0
"2021-07-04",1288,4838436,1336,4380304,567,415822,8,38391,3,8068,11,46459,3202,18758.29,9681021,0
"2021-07-05",6495,4844931,7105,4387409,1208,417030,65,38456,20,8088,85,46544,14893,17880.43,9695914,0
"2021-07-06",9511,4854442,12852,4400261,1316,418346,116,38572,35,8123,151,46695,23830,17918.14,9719744,0
"2021-07-07",8670,4863112,11108,4411369,1419,419765,120,38692,19,8142,139,46834,21336,17823,9741080,0
"2021-07-08",8208,4871320,10191,4421560,1260,421025,107,38799,21,8163,128,46962,19787,17520.14,9760867,0
"2021-07-09",8375,4879695,10833,4432393,1278,422303,91,38890,17,8180,108,47070,20594,17201,9781461,0
"2021-07-10",7106,4886801,8630,4441023,1132,423435,62,38952,20,8200,82,47152,16950,17227.43,9798411,0
"2021-07-11",4105,4890906,4539,4445562,703,424138,34,38986,6,8206,40,47192,9387,18111,9807798,0
"2021-07-12",8453,4899359,9555,4455117,1250,425388,82,39068,22,8228,104,47296,19362,18749.43,9827160,0
"2021-07-13",9462,4908821,9391,4464508,951,426339,105,39173,33,8261,138,47434,19942,18194,9847102,0
"2021-07-14",9000,4917821,9531,4474039,1009,427348,105,39278,19,8280,124,47558,19664,17955.14,9866766,0
"2021-07-15",8791,4926612,9154,4483193,1051,428399,81,39359,17,8297,98,47656,19094,17856.14,9885860,0
"2021-07-16",9243,4935855,9760,4492953,978,429377,102,39461,31,8328,133,47789,20114,17787.57,9905974,0
"2021-07-17",6843,4942698,7387,4500340,802,430179,79,39540,19,8347,98,47887,15130,17527.57,9921104,0
"2021-07-18",4257,4946955,4282,4504622,569,430748,35,39575,14,8361,49,47936,9157,17494.71,9930261,0
"2021-07-19",9123,4956078,8475,4513097,999,431747,91,39666,20,8381,111,48047,18708,17401.29,9948969,0
"2021-07-20",10650,4966728,8759,4521856,991,432738,93,39759,24,8405,117,48164,20517,17483.43,9969486,0
"2021-07-21",10052,4976780,8762,4530618,903,433641,146,39905,31,8436,177,48341,19894,17516.29,9989380,0
"2021-07-22",10687,4987467,8583,4539201,1046,434687,143,40048,25,8461,168,48509,20484,17714.86,10009864,0
"2021-07-23",11253,4998720,8880,4548081,1114,435801,137,40185,22,8483,159,48668,21406,17899.43,10031270,0
"2021-07-24",7405,5006125,6735,4554816,670,436471,81,40266,22,8505,103,48771,14913,17868.43,10046183,0
"2021-07-25",5477,5011602,2126,4556942,509,436980,59,40325,4,8509,63,48834,8175,17728.14,10054358,0
"2021-07-26",10874,5022476,6999,4563941,859,437839,109,40434,16,8525,125,48959,18857,17749.43,10073215,0
"2021-07-27",12057,5034533,8566,4572507,857,438696,133,40567,34,8559,167,49126,21647,17910.86,10094862,0
"2021-07-28",11994,5046527,8048,4580555,950,439646,131,40698,24,8583,155,49281,21147,18089.86,10116009,0
"2021-07-29",10936,5057463,7428,4587983,984,440630,133,40831,39,8622,172,49453,19520,17952.14,10135529,0
"2021-07-30",14954,5072417,8013,4595996,1150,441780,181,41012,28,8650,209,49662,24326,18369.29,10159855,0
"2021-07-31",9729,5082146,6312,4602308,816,442596,120,41132,20,8670,140,49802,16997,18667,10176852,0
"2021-08-01",6504,5088650,3308,4605616,564,443160,81,41213,19,8689,100,49902,10476,18995.71,10187328,0
"2021-08-02",13451,5102101,7153,4612769,847,444007,144,41357,18,8707,162,50064,21613,19389.43,10208941,0
"2021-08-03",15414,5117515,8383,4621152,1109,445116,145,41502,33,8740,178,50242,25084,19880.43,10234025,0
"2021-08-04",17262,5134777,8124,4629276,1454,446570,180,41682,31,8771,211,50453,27051,20723.86,10261076,0
"2021-08-05",17865,5152642,7928,4637204,1366,447936,161,41843,17,8788,178,50631,27337,21840.57,10288413,0
"2021-08-06",18178,5170820,8413,4645617,1233,449169,162,42005,30,8818,192,50823,28016,22367.71,10316429,0
"2021-08-07",13387,5184207,6016,4651633,799,449968,100,42105,26,8844,126,50949,20328,22843.57,10336757,0
"2021-08-08",9309,5193516,3835,4655468,399,450367,82,42187,9,8853,91,51040,13634,23294.71,10350391,0
"2021-08-09",21340,5214856,8527,4663995,964,451331,168,42355,33,8886,201,51241,31032,24640.29,10381423,0
"2021-08-10",18921,5233777,9329,4673324,947,452278,176,42531,32,8918,208,51449,29405,25257.57,10410828,0
"2021-08-11",15648,5249425,8307,4681631,853,453131,128,42659,40,8958,168,51617,24976,24961.14,10435804,0
"2021-08-12",15045,5264470,8979,4690610,940,454071,169,42828,32,8990,201,51818,25165,24650.86,10460969,0
"2021-08-13",14926,5279396,9291,4699901,921,454992,238,43066,36,9026,274,52092,25412,24278.86,10486381,0
"2021-08-14",10408,5289804,6406,4706307,625,455617,529,43595,40,9066,569,52661,18008,23947.43,10504389,0
"2021-08-15",6693,5296497,4477,4710784,676,456293,568,44163,31,9097,599,53260,12445,23777.57,10516834,0
"2021-08-16",15723,5312220,9296,4720080,1150,457443,1319,45482,62,9159,1381,54641,27550,23280.14,10544384,0
"2021-08-17",17777,5329997,10435,4730515,1224,458667,1763,47245,79,9238,1842,56483,31278,23547.71,10575662,0
"2021-08-18",17510,5347507,10359,4740874,1261,459928,1986,49231,91,9329,2077,58560,31207,24437.86,10606869,0
"2021-08-19",16301,5363808,9518,4750392,1315,461243,1950,51181,63,9392,2013,60573,29147,25006.71,10636016,0
"2021-08-20",16285,5380093,11536,4761928,1254,462497,1853,53034,81,9473,1934,62507,31009,25806.29,10667025,0
"2021-08-21",11151,5391244,8040,4769968,878,463375,1055,54089,52,9525,1107,63614,21176,26258.86,10688201,0
"2021-08-22",4081,5395325,3901,4773869,262,463637,514,54603,32,9557,546,64160,8790,25736.71,10696991,0
"2021-08-23",15585,5410910,11795,4785664,1023,464660,1547,56150,72,9629,1619,65779,30022,26089.86,10727013,0
"2021-08-24",16916,5427826,12595,4798259,1006,465666,1771,57921,73,9702,1844,67623,32361,26244.57,10759374,0
"2021-08-25",14588,5442414,12442,4810701,1110,466776,1563,59484,76,9778,1639,69262,29779,26040.57,10789153,0
"2021-08-26",16168,5458582,14082,4824783,1072,467848,1768,61252,67,9845,1835,71097,33157,26613.43,10822310,0
"2021-08-27",14883,5473465,14823,4839606,971,468819,1667,62919,73,9918,1740,72837,32417,26814.57,10854727,0
"2021-08-28",10684,5484149,11521,4851127,836,469655,1011,63930,43,9961,1054,73891,24095,27231.57,10878822,0
"2021-08-29",7220,5491369,7495,4858622,541,470196,776,64706,54,10015,830,74721,16086,28273.86,10894908,0
"2021-08-30",15524,5506893,16926,4875548,1077,471273,1793,66499,80,10095,1873,76594,35400,29042.14,10930308,0
"2021-08-31",15523,5522416,15952,4891500,951,472224,1968,68467,84,10179,2052,78646,34478,29344.57,10964786,0
"2021-09-01",14831,5537247,14098,4905598,1020,473244,1806,70273,59,10238,1865,80511,31814,29635.29,10996600,0
"2021-09-02",14333,5551580,12518,4918116,896,474140,1703,71976,59,10297,1762,82273,29509,29114.14,11026109,0
"2021-09-03",15020,5566600,14300,4932416,974,475114,1895,73871,67,10364,1962,84235,32256,29091.14,11058365,0
"2021-09-04",9647,5576247,9406,4941822,688,475802,974,74845,33,10397,1007,85242,20748,28613,11079113,0
"2021-09-05",6806,5583053,5514,4947336,438,476240,708,75553,13,10410,721,85963,13479,28240.57,11092592,0
"2021-09-06",5196,5588249,4512,4951848,358,476598,270,75823,11,10421,281,86244,10347,24661.57,11102939,0
"2021-09-07",15578,5603827,17695,4969543,912,477510,1553,77376,86,10507,1639,87883,35824,24853.86,11138763,0
"2021-09-08",16168,5619995,14823,4984366,1072,478582,1766,79142,77,10584,1843,89726,33906,25152.71,11172669,0
"2021-09-09",16117,5636112,14750,4999116,1047,479629,1911,81053,69,10653,1980,91706,33894,25779.14,11206563,0
"2021-09-10",18375,5654487,15395,5014511,1208,480837,1968,83021,79,10732,2047,93753,37025,26460.43,11243588,0
"2021-09-11",12638,5667125,10348,5024859,958,481795,1025,84046,46,10778,1071,94824,25015,27070,11268603,0
"2021-09-12",8539,5675664,5050,5029909,766,482561,689,84735,29,10807,718,95542,15073,27297.71,11283676,0
"2021-09-13",16939,5692603,12955,5042864,976,483537,1652,86387,53,10860,1705,97247,32575,30473.14,11316251,0
"2021-09-14",16273,5708876,13676,5056540,886,484423,1592,87979,49,10909,1641,98888,32476,29994.86,11348727,0
"2021-09-15",15549,5724425,12877,5069417,727,485150,1564,89543,80,10989,1644,100532,30797,29550.71,11379524,0
"2021-09-16",15342,5739767,13907,5083324,1210,486360,1456,90999,63,11052,1519,102051,31978,29277,11411502,0
"2021-09-17",14438,5754205,13963,5097287,922,487282,1825,92824,55,11107,1880,103931,31203,28445.29,11442705,0
"2021-09-18",10005,5764210,10174,5107461,913,488195,1045,93869,39,11146,1084,105015,22176,28039.71,11464881,0
"2021-09-19",6179,5770389,6072,5113533,558,488753,745,94614,28,11174,773,105788,13582,27826.71,11478463,0
"2021-09-20",12679,5783068,12627,5126160,1068,489821,1918,96532,56,11230,1974,107762,28348,27222.86,11506811,0
"2021-09-21",12237,5795305,12768,5138928,1110,490931,2020,98552,76,11306,2096,109858,28211,26613.57,11535022,0
"2021-09-22",12824,5808129,12003,5150931,1089,492020,1681,100233,66,11372,1747,111605,27663,26165.86,11562685,0
"2021-09-23",14944,5823073,12758,5163689,1639,493659,2263,102496,71,11443,2334,113939,31675,26122.57,11594360,0
"2021-09-24",16450,5839523,13367,5177056,1633,495292,4624,107120,109,11552,4733,118672,36183,26834,11630543,0
"2021-09-25",10544,5850067,9023,5186079,1018,496310,3457,110577,77,11629,3534,122206,24119,27111.57,11654662,0
"2021-09-26",6304,5856371,5762,5191841,773,497083,2422,112999,55,11684,2477,124683,15316,27359.29,11669978,0
"2021-09-27",14161,5870532,8053,5199894,1155,498238,9055,122054,157,11841,9212,133895,32581,27964,11702559,0
"2021-09-28",11152,5881684,11774,5211668,901,499139,9906,131960,171,12012,10077,143972,33904,28777.29,11736463,0
"2021-09-29",11606,5893290,12191,5223859,1206,500345,9446,141406,158,12170,9604,153576,34607,29769.29,11771070,0
"2021-09-30",12244,5905534,12602,5236461,1338,501683,9734,151140,170,12340,9904,163480,36088,30399.71,11807158,0
"2021-10-01",12647,5918181,13431,5249892,1284,502967,10259,161399,144,12484,10403,173883,37765,30625.71,11844923,0
"2021-10-02",7736,5925917,9973,5259865,865,503832,4236,165635,77,12561,4313,178196,22887,30449.71,11867810,0
"2021-10-03",5079,5930996,6157,5266022,593,504425,2609,168244,53,12614,2662,180858,14491,30331.86,11882301,0
"2021-10-04",9913,5940909,11022,5277044,913,505338,9518,177762,138,12752,9656,190514,31504,30178,11913805,0
"2021-10-05",10166,5951075,11738,5288782,972,506310,9931,187693,171,12923,10102,200616,32978,30045.71,11946783,0
"2021-10-06",9918,5960993,11058,5299840,937,507247,9923,197616,150,13073,10073,210689,31986,29671.29,11978769,0
"2021-10-07",9668,5970661,12192,5312032,853,508100,10188,207804,165,13238,10353,221042,33066,29239.57,12011835,0
"2021-10-08",9465,5980126,12173,5324205,942,509042,10903,218707,157,13395,11060,232102,33640,28650.29,12045475,0
"2021-10-09",6261,5986387,8278,5332483,649,509691,4116,222823,86,13481,4202,236304,19390,28150.71,12064865,0
"2021-10-10",3541,5989928,5028,5337511,458,510149,2434,225257,40,13521,2474,238778,11501,27723.57,12076366,0
"2021-10-11",7625,5997553,9332,5346843,728,510877,8884,234141,152,13673,9036,247814,26721,27040.29,12103087,0
"2021-10-12",8079,6005632,11000,5357843,891,511768,10505,244646,178,13851,10683,258497,30653,26708.14,12133740,0
"2021-10-13",7156,6012788,10146,5367989,869,512637,8793,253439,175,14026,8968,267465,27139,26015.71,12160879,0
"2021-10-14",7448,6020236,11112,5379101,836,513473,10108,263547,158,14184,10266,277731,29662,25529.43,12190541,0
"2021-10-15",7731,6027967,11864,5390965,823,514296,10800,274347,160,14344,10960,288691,31378,25206.29,12221919,0
"2021-10-16",4866,6032833,7467,5398432,666,514962,3839,278186,65,14409,3904,292595,16903,24851,12238822,0
"2021-10-17",3061,6035894,4473,5402905,411,515373,2449,280635,40,14449,2489,295084,10434,24698.57,12249256,0
"2021-10-18",7058,6042952,10665,5413570,796,516169,9471,290106,163,14612,9634,304718,28153,24903.14,12277409,0
"2021-10-19",6580,6049532,8945,5422515,804,516973,9081,299187,163,14775,9244,313962,25573,24177.43,12302982,0
"2021-10-20",6541,6056073,9375,5431890,975,517948,9976,309163,168,14943,10144,324106,27035,24162.57,12330017,0
"2021-10-21",7035,6063108,9376,5441266,858,518806,10838,320001,145,15088,10983,335089,28252,23961.14,12358269,0
"2021-10-22",8134,6071242,10344,5451610,1026,519832,16334,336335,207,15295,16541,351630,36045,24627.86,12394314,0
"2021-10-23",5174,6076416,6457,5458067,690,520522,9119,345454,109,15404,9228,360858,21549,25291.57,12415863,0
"2021-10-24",3276,6079692,3971,5462038,770,521292,6151,351605,72,15476,6223,367081,14240,25835.29,12430103,0
"2021-10-25",8778,6088470,8742,5470780,1149,522441,19243,370848,282,15758,19525,386606,38194,27269.71,12468297,0
"2021-10-26",8207,6096677,7725,5478505,1258,523699,17280,388128,254,16012,17534,404140,34724,28577,12503021,0
"2021-10-27",10575,6107252,8393,5486898,1604,525303,20843,408971,301,16313,21144,425284,41716,30674.29,12544737,0
"2021-10-28",11338,6118590,8040,5494938,1793,527096,20832,429803,308,16621,21140,446424,42311,32682.71,12587048,0
"2021-10-29",11844,6130434,8240,5503178,1963,529059,22521,452324,313,16934,22834,469258,44881,33945,12631929,0
"2021-10-30",4631,6135065,5059,5508237,932,529991,11161,463485,158,17092,11319,480577,21941,34001,12653870,0
"2021-10-31",2664,6137729,2702,5510939,544,530535,6635,470120,95,17187,6730,487307,12640,33772.43,12666510,0
"2021-11-01",7144,6144873,6956,5517895,1089,531624,20376,490496,309,17496,20685,507992,35874,33441,12702384,0
"2021-11-02",6589,6151462,6593,5524488,1056,532680,20768,511264,260,17756,21028,529020,35266,33518.43,12737650,0
"2021-11-03",6856,6158318,6682,5531170,1025,533705,20623,531887,287,18043,20910,549930,35473,32626.57,12773123,0
"2021-11-04",9318,6167636,6280,5537450,995,534700,22342,554229,336,18379,22678,572608,39271,32192.29,12812394,0
"2021-11-05",11067,6178703,6723,5544173,1051,535751,23752,577981,334,18713,24086,596694,42927,31913.14,12855321,0
"2021-11-06",11134,6189837,4050,5548223,594,536345,12587,590568,160,18873,12747,609441,28525,32853.71,12883846,0
"2021-11-07",7257,6197094,2286,5550509,577,536922,7104,597672,88,18961,7192,616633,17312,33521.14,12901158,0
"2021-11-08",15059,6212153,5679,5556188,865,537787,19504,617176,267,19228,19771,636404,41374,34306.86,12942532,0
"2021-11-09",16159,6228312,5390,5561578,661,538448,20502,637678,258,19486,20760,657164,42970,35407.43,12985502,0
"2021-11-10",16942,6245254,5324,5566902,683,539131,22630,660308,277,19763,22907,680071,45856,36890.71,13031358,0
"2021-11-11",12583,6257837,5189,5572091,760,539891,22070,682378,277,20040,22347,702418,40879,37120.43,13072237,0
"2021-11-12",16901,6274738,5686,5577777,706,540597,23382,705760,347,20387,23729,726147,47022,37705.43,13119259,0
"2021-11-13",9948,6284686,3662,5581439,465,541062,13318,719078,173,20560,13491,739638,27566,37568.43,13146825,0
"2021-11-14",6022,6290708,2294,5583733,325,541387,7920,726998,74,20634,7994,747632,16635,37471.71,13163460,0
"2021-11-15",13231,6303939,5974,5589707,690,542077,25095,752093,338,20972,25433,773065,45328,38036.57,13208788,0
"2021-11-16",9987,6313926,5781,5595488,656,542733,30652,782745,401,21373,31053,804118,47477,38680.43,13256265,0
"2021-11-17",10319,6324245,6676,5602164,681,543414,31403,814148,395,21768,31798,835916,49474,39197.29,13305739,0
"2021-11-18",10745,6334990,6545,5608709,860,544274,32990,847138,427,22195,33417,869333,51567,40724.14,13357306,0
"2021-11-19",12035,6347025,6555,5615264,715,544989,36231,883369,436,22631,36667,906000,55972,42002.71,13413278,0
"2021-11-20",9344,6356369,3419,5618683,513,545502,22502,905871,243,22874,22745,928745,36021,43210.57,13449299,0
"2021-11-21",4963,6361332,1887,5620570,288,545790,13194,919065,143,23017,13337,942082,20475,43759.14,13469774,0
"2021-11-22",10462,6371794,5788,5626358,751,546541,35901,954966,422,23439,36323,978405,53324,44901.43,13523098,0
"2021-11-23",9816,6381610,4781,5631139,636,547177,33500,988466,354,23793,33854,1012259,49087,45131.43,13572185,0
"2021-11-24",8718,6390328,4753,5635892,651,547828,25905,1014371,265,24058,26170,1038429,40292,43819.71,13612477,0
"2021-11-25",449,6390777,325,5636217,80,547908,1003,1015374,9,24067,1012,1039441,1866,36719.57,13614343,0
"2021-11-26",8071,6398848,6988,5643205,530,548438,26573,1041947,278,24345,26851,1066292,42440,34786.43,13656783,0
"2021-11-27",6688,6405536,6834,5650039,371,548809,18834,1060781,210,24555,19044,1085336,32937,34345.86,13689720,0
"2021-11-28",4082,6409618,5783,5655822,282,549091,11875,1072656,113,24668,11988,1097324,22135,34583,13711855,0
"2021-11-29",9109,6418727,10986,5666808,687,549778,35012,1107668,409,25077,35421,1132745,56203,34994.29,13768058,0
"2021-11-30",10528,6429255,11435,5678243,513,550291,37777,1145445,466,25543,38243,1170988,60719,36656,13828777,0
"2021-12-01",11201,6440456,10985,5689228,723,551014,40328,1185773,419,25962,40747,1211735,63656,39993.71,13892433,0
"2021-12-02",11681,6452137,11032,5700260,627,551641,42138,1227911,436,26398,42574,1254309,65914,49143.43,13958347,0
"2021-12-03",13522,6465659,12889,5713149,677,552318,47898,1275809,497,26895,48395,1302704,75483,53863.86,14033830,0
"2021-12-04",9870,6475529,11295,5724444,567,552885,30663,1306472,287,27182,30950,1333654,52682,56684.57,14086512,0
"2021-12-05",5766,6481295,5708,5730152,271,553156,16648,1323120,123,27305,16771,1350425,28516,57596.14,14115028,0
"2021-12-06",12362,6493657,9955,5740107,602,553758,43222,1366342,426,27731,43648,1394073,66567,59076.71,14181595,0
"2021-12-07",12619,6506276,9255,5749362,624,554382,43015,1409357,478,28209,43493,1437566,65991,59829.86,14247586,0
"2021-12-08",13556,6519832,8768,5758130,554,554936,40770,1450127,449,28658,41219,1478785,64097,59892.86,14311683,0
"2021-12-09",13527,6533359,8758,5766888,555,555491,40798,1490925,468,29126,41266,1520051,64106,59634.57,14375789,0
"2021-12-10",14057,6547416,10142,5777030,671,556162,43647,1534572,476,29602,44123,1564174,68993,58707.43,14444782,0
"2021-12-11",10281,6557697,8120,5785150,405,556567,26691,1561263,261,29863,26952,1591126,45758,57718.29,14490540,0
"2021-12-12",6027,6563724,3854,5789004,288,556855,15160,1576423,128,29991,15288,1606414,25457,57281.29,14515997,0
"2021-12-13",12250,6575974,7427,5796431,657,557512,37861,1614284,374,30365,38235,1644649,58569,56138.71,14574566,0
"2021-12-14",12259,6588233,6956,5803387,731,558243,38124,1652408,414,30779,38538,1683187,58484,55066.29,14633050,0
"2021-12-15",12127,6600360,6239,5809626,756,558999,38102,1690510,467,31246,38569,1721756,57691,54151.14,14690741,0
"2021-12-16",13148,6613508,4275,5813901,741,559740,41029,1731539,422,31668,41451,1763207,59615,53509.57,14750356,0
"2021-12-17",15960,6629468,6936,5820837,620,560360,46741,1778280,451,32119,47192,1810399,70708,53754.57,14821064,0
"2021-12-18",13035,6642503,5719,5826556,432,560792,30598,1808878,256,32375,30854,1841253,50040,54366.29,14871104,0
"2021-12-19",7028,6649531,2996,5829552,326,561118,17989,1826867,163,32538,18152,1859405,28502,54801.29,14899606,0
"2021-12-20",16885,6666416,5864,5835416,747,561865,47408,1874275,538,33076,47946,1907351,71442,56640.29,14971048,0
"2021-12-21",17979,6684395,6571,5841987,806,562671,48878,1923153,554,33630,49432,1956783,74788,58969.43,15045836,0
"2021-12-22",18551,6702946,6560,5848547,938,563609,49629,1972782,510,34140,50139,2006922,76188,61611.86,15122024,0
"2021-12-23",19057,6722003,6478,5855025,929,564538,45804,2018586,500,34640,46304,2053226,72768,63490.86,15194792,0
"2021-12-24",9240,6731243,2953,5857978,598,565136,20587,2039173,200,34840,20787,2074013,33578,58186.57,15228370,0
"2021-12-25",343,6731586,64,5858042,31,565167,426,2039599,8,34848,434,2074447,872,51162.57,15229242,0
"2021-12-26",7972,6739558,3927,5861969,341,565508,17270,2056869,164,35012,17434,2091881,29674,51330,15258916,0
"2021-12-27",21800,6761358,9205,5871174,932,566440,43412,2100281,527,35539,43939,2135820,75876,51963.43,15334792,0
"2021-12-28",20167,6781525,8328,5879502,698,567138,47553,2147834,583,36122,48136,2183956,77329,52326.43,15412121,0
"2021-12-29",18500,6800025,7671,5887173,607,567745,45518,2193352,462,36584,45980,2229936,72758,51836.43,15484879,0
"2021-12-30",16886,6816911,7416,5894589,584,568329,44799,2238151,558,37142,45357,2275293,70243,51475.71,15555122,0
"2021-12-31",5360,6822271,2809,5897398,193,568522,14758,2252909,170,37312,14928,2290221,23290,50006,15578412,0
"2022-01-01",242,6822513,146,5897544,11,568533,498,2253407,13,37325,511,2290732,910,50011.43,15579322,0
"2022-01-02",6433,6828946,5022,5902566,153,568686,10970,2264377,104,37429,11074,2301806,22682,49012.57,15602004,0
"2022-01-03",14161,6843107,8477,5911043,515,569201,26886,2291263,286,37715,27172,2328978,50325,45362.43,15652329,0
"2022-01-04",13055,6856162,8085,5919128,414,569615,27040,2318303,337,38052,27377,2356355,48931,41305.57,15701260,0
"2022-01-05",11566,6867728,6986,5926114,384,569999,25785,2344088,291,38343,26076,2382431,45012,37341.86,15746272,0
"2022-01-06",11508,6879236,7383,5933497,485,570484,27490,2371578,322,38665,27812,2410243,47188,34048.29,15793460,0
"2022-01-07",10430,6889666,8416,5941913,337,570821,24989,2396567,300,38965,25289,2435532,44472,37074.29,15837932,0
"2022-01-08",7898,6897564,8561,5950474,310,571131,19428,2415995,169,39134,19597,2455129,36366,42139.43,15874298,0
"2022-01-09",4137,6901701,3844,5954318,214,571345,10056,2426051,86,39220,10142,2465271,18337,41518.71,15892635,0
"2022-01-10",10181,6911882,8189,5962507,490,571835,24599,2450650,285,39505,24884,2490155,43744,40578.57,15936379,0
"2022-01-11",8901,6920783,7995,5970502,521,572356,21011,2471661,271,39776,21282,2511437,38699,39116.86,15975078,0
"2022-01-12",8943,6929726,8316,5978818,428,572784,22319,2493980,280,40056,22599,2534036,40286,38441.71,16015364,0
"2022-01-13",9050,6938776,8864,5987682,450,573234,22865,2516845,302,40358,23167,2557203,41531,37633.57,16056895,0
"2022-01-14",10122,6948898,8121,5995803,476,573710,26416,2543261,307,40665,26723,2583926,45442,37772.14,16102337,0
"2022-01-15",6207,6955105,4309,6000112,179,573889,15147,2558408,165,40830,15312,2599238,26007,36292.29,16128344,0
"2022-01-16",2920,6958025,3250,6003362,95,573984,7816,2566224,79,40909,7895,2607133,14160,35695.57,16142504,0
"2022-01-17",6083,6964108,6761,6010123,363,574347,14670,2580894,206,41115,14876,2622009,28083,33458.29,16170587,0
"2022-01-18",8172,6972280,10314,6020437,397,574744,19657,2600551,308,41423,19965,2641974,38848,33479.57,16209435,0
"2022-01-19",7483,6979763,9246,6029683,305,575049,17699,2618250,263,41686,17962,2659936,34996,32723.86,16244431,0
"2022-01-20",6283,6986046,8560,6038243,305,575354,15244,2633494,226,41912,15470,2675406,30618,31164.86,16275049,0
"2022-01-21",7579,6993625,7501,6045744,276,575630,18500,2651994,272,42184,18772,2694178,34128,29548.57,16309177,0
"2022-01-22",5191,6998816,4939,6050683,131,575761,11314,2663308,121,42305,11435,2705613,21696,28932.71,16330873,0
"2022-01-23",2812,7001628,3328,6054011,97,575858,6227,2669535,74,42379,6301,2711914,12538,28701,16343411,0
"2022-01-24",6374,7008002,8195,6062206,262,576120,15071,2684606,231,42610,15302,2727216,30133,28993.86,16373544,0
"2022-01-25",6199,7014201,7933,6070139,233,576353,14682,2699288,253,42863,14935,2742151,29300,27629.86,16402844,0
"2022-01-26",5755,7019956,7168,6077307,289,576642,14014,2713302,203,43066,14217,2756368,27429,26548.86,16430273,0
"2022-01-27",5263,7025219,7089,6084396,321,576963,14075,2727377,225,43291,14300,2770668,26973,26028.14,16457246,0
"2022-01-28",6269,7031488,7863,6092259,203,577166,16125,2743502,229,43520,16354,2787022,30689,25536.86,16487935,0
"2022-01-29",841,7032329,727,6092986,28,577194,2537,2746039,38,43558,2575,2789597,4171,23033.29,16492106,0
"2022-01-30",2097,7034426,3022,6096008,103,577297,4534,2750573,61,43619,4595,2794192,9817,22644.57,16501923,0
"2022-01-31",5006,7039432,6597,6102605,220,577517,11370,2761943,196,43815,11566,2805758,23389,21681.14,16525312,0
"2022-02-01",4845,7044277,6438,6109043,219,577736,10705,2772648,207,44022,10912,2816670,22414,20697.43,16547726,0
"2022-02-02",4252,7048529,5921,6114964,213,577949,11221,2783869,234,44256,11455,2828125,21841,19899.14,16569567,0
"2022-02-03",4235,7052764,5804,6120768,216,578165,11208,2795077,193,44449,11401,2839526,21656,19139.57,16591223,0
"2022-02-04",4777,7057541,7109,6127877,214,578379,13209,2808286,232,44681,13441,2852967,25541,18404.14,16616764,0
"2022-02-05",3587,7061128,6049,6133926,110,578489,8570,2816856,145,44826,8715,2861682,18461,20445.57,16635225,0
"2022-02-06",2063,7063191,2135,6136061,121,578610,4634,2821490,102,44928,4736,2866418,9055,20336.71,16644280,0
"2022-02-07",4155,7067346,4722,6140783,205,578815,10132,2831622,227,45155,10359,2876777,19441,19772.71,16663721,0
"2022-02-08",4225,7071571,5609,6146392,214,579029,11320,2842942,300,45455,11620,2888397,21668,19666.14,16685389,0
"2022-02-09",4139,7075710,5402,6151794,222,579251,11659,2854601,243,45698,11902,2900299,21665,19641,16707054,0
"2022-02-10",4000,7079710,5118,6156912,245,579496,12195,2866796,275,45973,12470,2912769,21833,19666.29,16728887,0
"2022-02-11",4519,7084229,5806,6162718,195,579691,13731,2880527,311,46284,14042,2926811,24562,19526.43,16753449,0
"2022-02-12",3258,7087487,4341,6167059,97,579788,8805,2889332,212,46496,9017,2935828,16713,19276.71,16770162,0
"2022-02-13",1521,7089008,1542,6168601,41,579829,4879,2894211,103,46599,4982,2940810,8086,19138.29,16778248,0
"2022-02-14",2988,7091996,3620,6172221,167,579996,10565,2904776,320,46919,10885,2951695,17660,18883.86,16795908,0
"2022-02-15",3561,7095557,4069,6176290,176,580172,12772,2917548,273,47192,13045,2964740,20851,18767.14,16816759,0
"2022-02-16",3666,7099223,3898,6180188,200,580372,15699,2933247,286,47478,15985,2980725,23749,19064.86,16840508,0
"2022-02-17",4043,7103266,4081,6184269,162,580534,18268,2951515,350,47828,18618,2999343,26904,19789.29,16867412,0
"2022-02-18",4480,7107746,4779,6189048,190,580724,21527,2973042,445,48273,21972,3021315,31421,20769.14,16898833,0
"2022-02-19",3256,7111002,2180,6191228,65,580789,11173,2984215,212,48485,11385,3032700,16886,20793.86,16915719,0
"2022-02-20",1863,7112865,1445,6192673,59,580848,6574,2990789,111,48596,6685,3039385,10052,21074.71,16925771,0
"2022-02-21",3088,7115953,2690,6195363,95,580943,8353,2999142,220,48816,8573,3047958,14446,20615.57,16940217,0
"2022-02-22",4381,7120334,4244,6199607,175,581118,10828,3009970,245,49061,11073,3059031,19873,20475.86,16960090,0
"2022-02-23",4273,7124607,3794,6203401,145,581263,10655,3020625,232,49293,10887,3069918,19099,19811.57,16979189,0
"2022-02-24",3789,7128396,3655,6207056,108,581371,10179,3030804,229,49522,10408,3080326,17960,18533.86,16997149,0
"2022-02-25",3621,7132017,3619,6210675,134,581505,9973,3040777,228,49750,10201,3090527,17575,16555.86,17014724,0
"2022-02-26",2845,7134862,2579,6213254,74,581579,9506,3050283,150,49900,9656,3100183,15154,16308.43,17029878,0
"2022-02-27",1775,7136637,1372,6214626,52,581631,6265,3056548,97,49997,6362,3106545,9561,16238.29,17039439,0
"2022-02-28",3810,7140447,3131,6217757,140,581771,13118,3069666,245,50242,13363,3119908,20444,17095.14,17059883,0
"2022-03-01",2136,7142583,2621,6220378,103,581874,5169,3074835,182,50424,5351,3125259,10211,15714.86,17070094,0
"2022-03-02",1841,7144424,2437,6222815,106,581980,4121,3078956,204,50628,4325,3129584,8709,14230.57,17078803,0
"2022-03-03",1939,7146363,2557,6225372,106,582086,3794,3082750,168,50796,3962,3133546,8564,12888.29,17087367,0
"2022-03-04",2121,7148484,2871,6228243,66,582152,4326,3087076,204,51000,4530,3138076,9588,11747.29,17096955,0
"2022-03-05",1611,7150095,2124,6230367,43,582195,3314,3090390,111,51111,3425,3141501,7203,10611.43,17104158,0
"2022-03-06",799,7150894,878,6231245,30,582225,1622,3092012,54,51165,1676,3143177,3383,9728.86,17107541,0
"2022-03-07",1667,7152561,1784,6233029,86,582311,3495,3095507,159,51324,3654,3146831,7191,7835.57,17114732,0
"2022-03-08",1550,7154111,1892,6234921,80,582391,3123,3098630,145,51469,3268,3150099,6790,7346.86,17121522,0
"2022-03-09",1269,7155380,1667,6236588,79,582470,2582,3101212,129,51598,2711,3152810,5726,6920.71,17127248,0
"2022-03-10",1422,7156802,2099,6238687,85,582555,2951,3104163,159,51757,3110,3155920,6716,6656.71,17133964,0
"2022-03-11",1605,7158407,2271,6240958,81,582636,3210,3107373,186,51943,3396,3159316,7353,6337.43,17141317,0
"2022-03-12",879,7159286,1413,6242371,40,582676,2004,3109377,71,52014,2075,3161391,4407,5938,17145724,0
"2022-03-13",626,7159912,757,6243128,27,582703,1292,3110669,47,52061,1339,3162730,2749,5847.43,17148473,0
"2022-03-14",1376,7161288,1601,6244729,83,582786,2988,3113657,204,52265,3192,3165922,6252,5713.29,17154725,0
"2022-03-15",1363,7162651,1924,6246653,63,582849,3068,3116725,227,52492,3295,3169217,6645,5692.57,17161370,0
"2022-03-16",1401,7164052,2065,6248718,94,582943,3133,3119858,292,52784,3425,3172642,6985,5872.43,17168355,0
"2022-03-17",1183,7165235,1809,6250527,70,583013,2755,3122613,262,53046,3017,3175659,6079,5781.43,17174434,0
"2022-03-18",1592,7166827,2201,6252728,80,583093,3767,3126380,413,53459,4180,3179839,8053,5881.43,17182487,0
"2022-03-19",1113,7167940,1732,6254460,54,583147,2597,3128977,224,53683,2821,3182660,5720,6069,17188207,0
"2022-03-20",612,7168552,627,6255087,33,583180,1461,3130438,182,53865,1643,3184303,2915,6092.71,17191122,0
"2022-03-21",1423,7169975,1551,6256638,73,583253,3051,3133489,350,54215,3401,3187704,6448,6120.71,17197570,0
"2022-03-22",1344,7171319,1551,6258189,101,583354,2902,3136391,337,54552,3239,3190943,6235,6062.14,17203805,0
"2022-03-23",1263,7172582,1360,6259549,66,583420,2916,3139307,371,54923,3287,3194230,5976,5918,17209781,0
"2022-03-24",1209,7173791,1299,6260848,90,583510,2515,3141822,263,55186,2778,3197008,5376,5817.57,17215157,0
"2022-03-25",1391,7175182,1626,6262474,62,583572,3261,3145083,372,55558,3633,3200641,6712,5626,17221869,0
"2022-03-26",927,7176109,1163,6263637,36,583608,2300,3147383,249,55807,2549,3203190,4675,5476.71,17226544,0
"2022-03-27",574,7176683,527,6264164,29,583637,1312,3148695,203,56010,1515,3204705,2645,5438.14,17229189,0
"2022-03-28",1088,7177771,1159,6265323,68,583705,2439,3151134,354,56364,2793,3207498,5108,5246.71,17234297,0
"2022-03-29",1052,7178823,1105,6266428,85,583790,2515,3153649,871,57235,3386,3210884,5628,5160,17239925,0
"2022-03-30",1250,7180073,1142,6267570,98,583888,3062,3156711,3375,60610,6437,3217321,8927,5581.57,17248852,0
"2022-03-31",1290,7181363,1259,6268829,57,583945,3165,3159876,5472,66082,8637,3225958,11243,6419.71,17260095,0
"2022-04-01",1438,7182801,1497,6270326,76,584021,3246,3163122,6860,72942,10106,3236064,13117,7334.71,17273212,0
"2022-04-02",914,7183715,913,6271239,33,584054,2097,3165219,4485,77427,6582,3242646,8442,7872.86,17281654,0
"2022-04-03",561,7184276,499,6271738,28,584082,1223,3166442,3038,80465,4261,3246907,5349,8259.14,17287003,0
"2022-04-04",1359,7185635,1309,6273047,60,584142,2731,3169173,7639,88104,10370,3257277,13098,9400.57,17300101,0
"2022-04-05",1305,7186940,1163,6274210,66,584208,2858,3172031,7431,95535,10289,3267566,12823,10428.43,17312924,0
"2022-04-06",1326,7188266,1186,6275396,60,584268,2620,3174651,6904,102439,9524,3277090,12096,10881.14,17325020,0
"2022-04-07",1214,7189480,1061,6276457,54,584322,2373,3177024,6570,109009,8943,3286033,11272,10885.29,17336292,0
"2022-04-08",1498,7190978,1403,6277860,62,584384,3162,3180186,8713,117722,11875,3297908,14838,11131.14,17351130,0
"2022-04-09",935,7191913,918,6278778,29,584413,2064,3182250,4906,122628,6970,3304878,8852,11189.71,17359982,0
"2022-04-10",590,7192503,461,6279239,25,584438,1169,3183419,2868,125496,4037,3308915,5113,11156,17365095,0
"2022-04-11",1338,7193841,1232,6280471,59,584497,2660,3186079,7726,133222,10386,3319301,13015,11144.14,17378110,0
"2022-04-12",1222,7195063,1056,6281527,73,584570,2528,3188607,7358,140580,9886,3329187,12237,11060.43,17390347,0
"2022-04-13",1263,7196326,1076,6282603,59,584629,2502,3191109,7482,148062,9984,3339171,12382,11101.29,17402729,0
"2022-04-14",1282,7197608,1097,6283700,59,584688,2430,3193539,6519,154581,8949,3348120,11387,11117.71,17414116,0
"2022-04-15",1352,7198960,1095,6284795,53,584741,2561,3196100,6564,161145,9125,3357245,11625,10658.71,17425741,0
"2022-04-16",874,7199834,652,6285447,33,584774,1637,3197737,3634,164779,5271,3362516,6830,10369.86,17432571,0
"2022-04-17",347,7200181,203,6285650,27,584801,639,3198376,1142,165921,1781,3364297,2358,9976.29,17434929,0
"2022-04-18",1386,7201567,1116,6286766,82,584883,2586,3200962,6355,172276,8941,3373238,11525,9763.43,17446454,0
"2022-04-19",1416,7202983,938,6287704,72,584955,2572,3203534,5692,177968,8264,3381502,10690,9542.43,17457144,0
"2022-04-20",1315,7204298,1145,6288849,65,585020,2683,3206217,6574,184542,9257,3390759,11782,9456.71,17468926,0
"2022-04-21",1223,7205521,1062,6289911,53,585073,2327,3208544,5288,189830,7615,3398374,9953,9251.86,17478879,0
"2022-04-22",1220,7206741,1026,6290937,46,585119,2201,3210745,5572,195402,7773,3406147,10065,9029,17488944,0
"2022-04-23",718,7207459,750,6291687,59,585178,1426,3212171,3313,198715,4739,3410886,6266,8948.43,17495210,0
"2022-04-24",443,7207902,338,6292025,27,585205,813,3212984,1798,200513,2611,3413497,3419,9100,17498629,0
"2022-04-25",1032,7208934,913,6292938,64,585269,1850,3214834,5040,205553,6890,3420387,8899,8724.86,17507528,0
"2022-04-26",947,7209881,858,6293796,76,585345,1752,3216586,4644,210197,6396,3426783,8277,8380.14,17515805,0
"2022-04-27",1041,7210922,1010,6294806,80,585425,1932,3218518,5160,215357,7092,3433875,9223,8014.57,17525028,0
"2022-04-28",1092,7212014,986,6295792,50,585475,2004,3220522,4688,220045,6692,3440567,8820,7852.71,17533848,0
"2022-04-29",1191,7213205,1106,6296898,60,585535,2157,3222679,5321,225366,7478,3448045,9835,7819.86,17543683,0
"2022-04-30",727,7213932,741,6297639,43,585578,1392,3224071,2932,228298,4324,3452369,5835,7758.29,17549518,0
"2022-05-01",451,7214383,365,6298004,20,585598,761,3224832,1633,229931,2394,3454763,3230,7731.29,17552748,0
"2022-05-02",1055,7215438,791,6298795,52,585650,1672,3226504,3776,233707,5448,3460211,7346,7509.43,17560094,0
"2022-05-03",1127,7216565,860,6299655,61,585711,1987,3228491,4812,238519,6799,3467010,8847,7590.86,17568941,0
"2022-05-04",1023,7217588,883,6300538,48,585759,1912,3230403,4591,243110,6503,3473513,8457,7481.43,17577398,0
"2022-05-05",1055,7218643,953,6301491,86,585845,1921,3232324,4826,247936,6747,3480260,8841,7484.43,17586239,0
"2022-05-06",1095,7219738,959,6302450,50,585895,1865,3234189,4330,252266,6195,3486455,8299,7265,17594538,0
"2022-05-07",663,7220401,591,6303041,31,585926,1207,3235396,2407,254673,3614,3490069,4899,7131.29,17599437,0
"2022-05-08",415,7220816,247,6303288,17,585943,669,3236065,1365,256038,2034,3492103,2713,7057.43,17602150,0
"2022-05-09",1081,7221897,947,6304235,60,586003,1882,3237947,4388,260426,6270,3498373,8358,7202,17610508,0
"2022-05-10",1100,7222997,926,6305161,54,586057,1987,3239934,4660,265086,6647,3505020,8727,7184.86,17619235,0
"2022-05-11",1095,7224092,978,6306139,44,586101,1936,3241870,4784,269870,6720,3511740,8837,7239.14,17628072,0
"2022-05-12",1098,7225190,947,6307086,58,586159,1999,3243869,4600,274470,6599,3518339,8702,7219.29,17636774,0
"2022-05-13",1164,7226354,1038,6308124,44,586203,2057,3245926,4739,279209,6796,3525135,9042,7325.43,17645816,0
"2022-05-14",829,7227183,670,6308794,31,586234,1471,3247397,2908,282117,4379,3529514,5909,7469.71,17651725,0
"2022-05-15",513,7227696,355,6309149,21,586255,919,3248316,1629,283746,2548,3532062,3437,7573.14,17655162,0
"2022-05-16",1231,7228927,859,6310008,60,586315,1824,3250140,3815,287561,5639,3537701,7789,7491.86,17662951,0
"2022-05-17",1299,7230226,923,6310931,79,586394,2052,3252192,4827,292388,6879,3544580,9180,7556.57,17672131,0
"2022-05-18",1249,7231475,905,6311836,82,586476,2061,3254253,4869,297257,6930,3551510,9166,7603.57,17681297,0
"2022-05-19",1174,7232649,872,6312708,35,586511,2105,3256358,4654,301911,6759,3558269,8840,7623.29,17690137,0
"2022-05-20",1205,7233854,957,6313665,74,586585,2367,3258725,5124,307035,7491,3565760,9727,7721.14,17699864,0
"2022-05-21",837,7234691,647,6314312,23,586608,1726,3260451,3257,310292,4983,3570743,6490,7804.14,17706354,0
"2022-05-22",512,7235203,292,6314604,22,586630,1132,3261583,1821,312113,2953,3573696,3779,7853,17710133,0
"2022-05-23",1229,7236432,890,6315494,47,586677,2177,3263760,4652,316765,6829,3580525,8995,8025.29,17719128,0
"2022-05-24",1435,7237867,939,6316433,66,586743,2281,3266041,4421,321186,6702,3587227,9142,8019.86,17728270,0
"2022-05-25",1438,7239305,954,6317387,56,586799,2257,3268298,4190,325376,6447,3593674,8895,7981.14,17737165,0
"2022-05-26",1179,7240484,865,6318252,60,586859,2256,3270554,4078,329454,6334,3600008,8438,7923.71,17745603,0
"2022-05-27",1252,7241736,955,6319207,38,586897,2490,3273044,3842,333296,6332,3606340,8577,7759.43,17754180,0
"2022-05-28",720,7242456,516,6319723,19,586916,1769,3274813,2040,335336,3809,3610149,5064,7555.71,17759244,0
"2022-05-29",474,7242930,215,6319938,11,586927,762,3275575,1112,336448,1874,3612023,2574,7383.57,17761818,0
"2022-05-30",91,7243021,55,6319993,6,586933,137,3275712,143,336591,280,3612303,432,6160.29,17762250,0
"2022-05-31",1129,7244150,908,6320901,51,586984,1875,3277587,3027,339618,4902,3617205,6990,5852.86,17769240,0
"2022-06-01",1144,7245294,842,6321743,63,587047,1957,3279544,3371,342989,5328,3622533,7377,5636,17776617,0
"2022-06-02",1025,7246319,796,6322539,71,587118,1808,3281352,3133,346122,4941,3627474,6833,5406.71,17783450,0
"2022-06-03",1169,7247488,885,6323424,47,587165,2049,3283401,3471,349593,5520,3632994,7621,5270.14,17791071,0
"2022-06-04",724,7248212,579,6324003,26,587191,1548,3284949,1883,351476,3431,3636425,4760,5226.71,17795831,0
"2022-06-05",448,7248660,296,6324299,1,587192,875,3285824,967,352443,1842,3638267,2587,5228.57,17798418,0
"2022-06-06",1122,7249782,821,6325120,63,587255,1747,3287571,2713,355156,4460,3642727,6466,6090.57,17804884,0
"2022-06-07",1021,7250803,764,6325884,70,587325,1758,3289329,2533,357689,4291,3647018,6146,5970,17811030,0
"2022-06-08",1089,7251892,830,6326714,75,587400,1864,3291193,2698,360387,4562,3651580,6556,5852.71,17817586,0
"2022-06-09",1138,7253030,832,6327546,61,587461,2192,3293385,2662,363049,4854,3656434,6885,5860.14,17824471,0
"2022-06-10",1046,7254076,808,6328354,76,587537,1867,3295252,2775,365824,4642,3661076,6572,5710.29,17831043,0
"2022-06-11",686,7254762,508,6328862,24,587561,1310,3296562,1494,367318,2804,3663880,4022,5604.86,17835065,0
"2022-06-12",351,7255113,285,6329147,19,587580,877,3297439,765,368083,1642,3665522,2297,5563.43,17837362,0
"2022-06-13",1028,7256141,760,6329907,59,587639,1562,3299001,2167,370250,3729,3669251,5576,5436.29,17842938,0
"2022-06-14",936,7257077,808,6330715,54,587693,1651,3300652,2480,372730,4131,3673382,5929,5405.29,17848867,0
"2022-06-15",960,7258037,846,6331561,39,587732,1628,3302280,2381,375111,4009,3677391,5854,5305,17854721,0
"2022-06-16",931,7258968,764,6332325,57,587789,1784,3304064,2271,377382,4055,3681446,5807,5151,17860528,0
"2022-06-17",889,7259857,775,6333100,43,587832,1719,3305783,2282,379664,4001,3685447,5708,5027.57,17866236,0
"2022-06-18",662,7260519,521,6333621,26,587858,1265,3307048,1286,380950,2551,3687998,3760,4990.14,17869996,0
"2022-06-19",351,7260870,225,6333846,16,587874,706,3307754,593,381543,1299,3689297,1891,4932.14,17871887,0
"2022-06-20",821,7261691,480,6334326,41,587915,1538,3309292,1594,383137,3132,3692429,4474,4774.71,17876361,0
"2022-06-21",1051,7262742,715,6335041,50,587965,1647,3310939,2070,385207,3717,3696146,5533,4718.14,17881894,0
"2022-06-22",965,7263707,791,6335832,42,588007,1635,3312574,1901,387108,3536,3699682,5334,4643.86,17887228,0
"2022-06-23",918,7264625,733,6336565,64,588071,1646,3314220,2040,389148,3686,3703368,5401,4585.86,17892629,0
"2022-06-24",920,7265545,742,6337307,47,588118,1593,3315813,2086,391234,3679,3707047,5388,4540.14,17898017,120000
"2022-06-25",623,7266168,477,6337784,15,588133,1216,3317029,1103,392337,2319,3709366,3434,4493.57,17901451,120000
"2022-06-26",432,7266600,243,6338027,14,588147,667,3317696,521,392858,1188,3710554,1877,4491.57,17903328,120000
"2022-06-27",848,7267448,630,6338657,56,588203,1419,3319115,1559,394417,2978,3713532,4512,4497,17907840,120000
"2022-06-28",948,7268396,786,6339443,45,588248,1794,3320909,2024,396441,3818,3717350,5597,4506.14,17913437,120000
"2022-06-29",855,7269251,715,6340158,42,588290,1555,3322464,1678,398119,3233,3720583,4845,4436.29,17918282,120000
"2022-06-30",289,7269540,280,6340438,12,588302,626,3323090,766,398885,1392,3721975,1973,3946.57,17920255,120000
