"DATE","ADMIN_DOSE1_DAILY","ADMIN_DOSE1_CUMULATIVE","ADMIN_DOSE2_DAILY","ADMIN_DOSE2_CUMULATIVE","ADMIN_SINGLE_DAILY","ADMIN_SINGLE_CUMULATIVE","ADMIN_ADDITIONAL_DAILY","ADMIN_ADDITIONAL_CUMULATIVE","ADMIN_ALLDOSES_DAILY","ADMIN_ALLDOSES_7DAYAVG","ADMIN_ALLDOSES_CUMULATIVE","INCOMPLETE"
"2020-12-14",79,79,0,0,0,0,0,0,79,,79,0
"2020-12-15",2051,2130,7,7,4,4,0,0,2062,,2141,0
"2020-12-16",4603,6733,13,20,1,5,1,1,4618,,6759,0
"2020-12-17",4655,11388,17,37,0,5,1,2,4673,,11432,0
"2020-12-18",5832,17220,21,58,2,7,2,4,5857,,17289,0
"2020-12-19",1689,18909,7,65,3,10,0,4,1699,,18988,0
"2020-12-20",1116,20025,2,67,1,11,0,4,1119,2872.43,20107,0
"2020-12-21",6339,26364,18,85,0,11,5,9,6362,3770,26469,0
"2020-12-22",9794,36158,28,113,2,13,1,10,9825,4879,36294,0
"2020-12-23",14274,50432,35,148,3,16,1,11,14313,6264,50607,0
"2020-12-24",7201,57633,24,172,1,17,0,11,7226,6628.71,57833,0
"2020-12-25",180,57813,0,172,0,17,1,12,181,5817.86,58014,0
"2020-12-26",4389,62202,42,214,0,17,1,13,4432,6208.29,62446,0
"2020-12-27",3868,66070,14,228,0,17,1,14,3883,6603.14,66329,0
"2020-12-28",10994,77064,50,278,1,18,2,16,11047,7272.43,77376,0
"2020-12-29",10720,87784,33,311,2,20,2,18,10757,7405.57,88133,0
"2020-12-30",12824,100608,45,356,0,20,0,18,12869,7199.29,101002,0
"2020-12-31",7263,107871,30,386,1,21,0,18,7294,7209,108296,0
"2021-01-01",181,108052,2,388,1,22,3,21,187,7209.86,108483,0
"2021-01-02",3810,111862,10,398,2,24,2,23,3824,7123,112307,0
"2021-01-03",3543,115405,23,421,2,26,1,24,3569,7078.14,115876,0
"2021-01-04",12256,127661,806,1227,2,28,7,31,13071,7367.29,128947,0
"2021-01-05",14085,141746,2190,3417,2,30,12,43,16289,8157.57,145236,0
"2021-01-06",17804,159550,3925,7342,1,31,30,73,21760,9427.71,166996,0
"2021-01-07",16549,176099,5169,12511,4,35,46,119,21768,11495.43,188764,0
"2021-01-08",16618,192717,5457,17968,0,35,32,151,22107,14626.86,210871,0
"2021-01-09",7650,200367,1463,19431,1,36,7,158,9121,15383.57,219992,0
"2021-01-10",7882,208249,982,20413,0,36,10,168,8874,16141.43,228866,0
"2021-01-11",25827,234076,7455,27868,2,38,48,216,33332,19035.86,262198,0
"2021-01-12",28264,262340,7854,35722,1,39,47,263,36166,21875.43,298364,0
"2021-01-13",31728,294068,9385,45107,1,40,52,315,41166,24647.71,339530,0
"2021-01-14",35809,329877,5325,50432,1,41,28,343,41163,27418.43,380693,0
"2021-01-15",29268,359145,3706,54138,2,43,31,374,33007,28975.57,413700,0
"2021-01-16",30290,389435,2381,56519,0,43,25,399,32696,32343.43,446396,0
"2021-01-17",23754,413189,1623,58142,0,43,18,417,25395,34703.57,471791,0
"2021-01-18",27109,440298,2412,60554,0,43,35,452,29556,34164.14,501347,0
"2021-01-19",34300,474598,9624,70178,1,44,71,523,43996,35282.71,545343,0
"2021-01-20",34869,509467,9495,79673,1,45,59,582,44424,35748.14,589767,0
"2021-01-21",25590,535057,8093,87766,2,47,47,629,33732,34686.57,623499,0
"2021-01-22",24756,559813,4382,92148,1,48,31,660,29170,34138.43,652669,0
"2021-01-23",15743,575556,3222,95370,0,48,10,670,18975,32178.29,671644,0
"2021-01-24",7175,582731,3453,98823,0,48,19,689,10647,30071.43,682291,0
"2021-01-25",13414,596145,11819,110642,0,48,64,753,25297,29463,707588,0
"2021-01-26",16765,612910,10752,121394,0,48,67,820,27584,27118.43,735172,0
"2021-01-27",20836,633746,12357,133751,0,48,49,869,33242,25521,768414,0
"2021-01-28",30758,664504,12852,146603,0,48,79,948,43689,26943.43,812103,0
"2021-01-29",31693,696197,11497,158100,0,48,80,1028,43270,28957.71,855373,0
"2021-01-30",18715,714912,3737,161837,0,48,21,1049,22473,29457.43,877846,0
"2021-01-31",13022,727934,2919,164756,1,49,28,1077,15970,30217.86,893816,0
"2021-02-01",1180,729114,5369,170125,4,53,35,1112,6588,27545.14,900404,0
"2021-02-02",2828,731942,9471,179596,2,55,49,1161,12350,25368.86,912754,0
"2021-02-03",16349,748291,21242,200838,4,59,201,1362,37796,26019.43,950550,0
"2021-02-04",27046,775337,19647,220485,3,62,200,1562,46896,26477.57,997446,0
"2021-02-05",27599,802936,20033,240518,0,62,183,1745,47815,27126.86,1045261,0
"2021-02-06",22994,825930,11245,251763,0,62,108,1853,34347,28823.14,1079608,0
"2021-02-07",12046,837976,8280,260043,1,63,90,1943,20417,29458.43,1100025,0
"2021-02-08",16965,854941,23514,283557,2,65,231,2174,40712,34333.29,1140737,0
"2021-02-09",17194,872135,28110,311667,2,67,332,2506,45638,39088.71,1186375,0
"2021-02-10",19593,891728,29309,340976,2,69,257,2763,49161,40712.29,1235536,0
"2021-02-11",27850,919578,33465,374441,2,71,343,3106,61660,42821.43,1297196,0
"2021-02-12",38402,957980,30788,405229,3,74,357,3463,69550,45926.43,1366746,0
"2021-02-13",28001,985981,25311,430540,2,76,311,3774,53625,48680.43,1420371,0
"2021-02-14",16280,1002261,23728,454268,0,76,262,4036,40270,51516.57,1460641,0
"2021-02-15",12795,1015056,10529,464797,2,78,165,4201,23491,49056.43,1484132,0
"2021-02-16",14240,1029296,26730,491527,0,78,322,4523,41292,48435.57,1525424,0
"2021-02-17",16399,1045695,22183,513710,1,79,286,4809,38869,46965.29,1564293,0
"2021-02-18",12154,1057849,24988,538698,21,100,285,5094,37448,43506.43,1601741,0
"2021-02-19",13264,1071113,23935,562633,39,139,302,5396,37540,38933.57,1639281,0
"2021-02-20",11353,1082466,26072,588705,6,145,324,5720,37755,36666.43,1677036,0
"2021-02-21",6364,1088830,17424,606129,15,160,282,6002,24085,34354.29,1701121,0
"2021-02-22",13041,1101871,11848,617977,2,162,125,6127,25016,34572.14,1726137,0
"2021-02-23",25245,1127116,14147,632124,1,163,159,6286,39552,34323.57,1765689,0
"2021-02-24",36358,1163474,20382,652506,0,163,221,6507,56961,36908.14,1822650,0
"2021-02-25",54621,1218095,30372,682878,6,169,397,6904,85396,43757.86,1908046,0
"2021-02-26",62874,1280969,31858,714736,4,173,408,7312,95144,51987,2003190,0
"2021-02-27",51301,1332270,22744,737480,47,220,330,7642,74422,57225.14,2077612,0
"2021-02-28",44598,1376868,13811,751291,7,227,205,7847,58621,62158.86,2136233,0
"2021-03-01",39317,1416185,12773,764064,10,237,166,8013,52266,66051.71,2188499,0
"2021-03-02",47082,1463267,12570,776634,7,244,160,8173,59819,68947,2248318,0
"2021-03-03",48605,1511872,16153,792787,17,261,146,8319,64921,70084.14,2313239,0
"2021-03-04",59823,1571695,22812,815599,1092,1353,268,8587,83995,69884,2397234,0
"2021-03-05",60989,1632684,24276,839875,3109,4462,329,8916,88703,68963.86,2485937,0
"2021-03-06",47181,1679865,18876,858751,5451,9913,239,9155,71747,68581.71,2557684,0
"2021-03-07",36048,1715913,14869,873620,6245,16158,229,9384,57391,68406,2615075,0
"2021-03-08",39632,1755545,14664,888284,8564,24722,312,9696,63172,69964,2678247,0
"2021-03-09",39105,1794650,12835,901119,7766,32488,177,9873,59883,69973.14,2738130,0
"2021-03-10",51831,1846481,15327,916446,5067,37555,228,10101,72453,71049.14,2810583,0
"2021-03-11",59996,1906477,21795,938241,4617,42172,257,10358,86665,71430.57,2897248,0
"2021-03-12",52205,1958682,30304,968545,4183,46355,370,10728,87062,71196.14,2984310,0
"2021-03-13",40657,1999339,26681,995226,5108,51463,325,11053,72771,71342.43,3057081,0
"2021-03-14",30719,2030058,15959,1011185,4527,55990,239,11292,51444,70492.86,3108525,0
"2021-03-15",33589,2063647,17240,1028425,4717,60707,236,11528,55782,69437.14,3164307,0
"2021-03-16",38680,2102327,20486,1048911,4925,65632,263,11791,64354,70075.86,3228661,0
"2021-03-17",42624,2144951,24772,1073683,4248,69880,334,12125,71978,70008,3300639,0
"2021-03-18",50466,2195417,26789,1100472,5240,75120,363,12488,82858,69464.14,3383497,0
"2021-03-19",47800,2243217,29929,1130401,5625,80745,390,12878,83744,68990.14,3467241,0
"2021-03-20",38712,2281929,25821,1156222,4689,85434,293,13171,69515,68525,3536756,0
"2021-03-21",29304,2311233,19346,1175568,770,86204,219,13390,49639,68267.14,3586395,0
"2021-03-22",33872,2345105,26723,1202291,4037,90241,261,13651,64893,69568.71,3651288,0
"2021-03-23",38437,2383542,32828,1235119,4219,94460,287,13938,75771,71199.71,3727059,0
"2021-03-24",41505,2425047,37576,1272695,4849,99309,326,14264,84256,72953.71,3811315,0
"2021-03-25",43419,2468466,50761,1323456,5055,104364,468,14732,99703,75360.14,3911018,0
"2021-03-26",38507,2506973,55482,1378938,4310,108674,524,15256,98823,77514.29,4009841,0
"2021-03-27",35745,2542718,45729,1424667,2939,111613,409,15665,84822,79701,4094663,0
"2021-03-28",26397,2569115,34428,1459095,1482,113095,328,15993,62635,81557.57,4157298,0
"2021-03-29",34824,2603939,38841,1497936,3248,116343,340,16333,77253,83323.29,4234551,0
"2021-03-30",40517,2644456,41905,1539841,3713,120056,332,16665,86467,84851.29,4321018,0
"2021-03-31",49405,2693861,44838,1584679,7440,127496,398,17063,102081,87397.71,4423099,0
"2021-04-01",50787,2744648,53929,1638608,11277,138773,500,17563,116493,89796.29,4539592,0
"2021-04-02",43760,2788408,53869,1692477,11971,150744,548,18111,110148,91414.14,4649740,0
"2021-04-03",39260,2827668,39196,1731673,9861,160605,335,18446,88652,91961.29,4738392,0
"2021-04-04",26561,2854229,24762,1756435,3902,164507,221,18667,55446,90934.29,4793838,0
"2021-04-05",41888,2896117,34467,1790902,11196,175703,366,19033,87917,92457.71,4881755,0
"2021-04-06",53278,2949395,35597,1826499,13223,188926,423,19456,102521,94751.14,4984276,0
"2021-04-07",55520,3004915,40679,1867178,14389,203315,394,19850,110982,96022.71,5095258,0
"2021-04-08",59278,3064193,46565,1913743,16339,219654,510,20360,122692,96908.29,5217950,0
"2021-04-09",56651,3120844,44947,1958690,17547,237201,513,20873,119658,98266.86,5337608,0
"2021-04-10",49357,3170201,35637,1994327,12728,249929,386,21259,98108,99617.71,5435716,0
"2021-04-11",38187,3208388,28814,2023141,7685,257614,292,21551,74978,102408,5510694,0
"2021-04-12",46644,3255032,31851,2054992,13496,271110,459,22010,92450,103055.57,5603144,0
"2021-04-13",52548,3307580,33790,2088782,368,271478,389,22399,87095,100851.86,5690239,0
"2021-04-14",50150,3357730,39962,2128744,20,271498,364,22763,90496,97925.29,5780735,0
"2021-04-15",52129,3409859,43675,2172419,16,271514,454,23217,96274,94151.29,5877009,0
"2021-04-16",51191,3461050,42221,2214640,32,271546,411,23628,93855,90465.14,5970864,0
"2021-04-17",43846,3504896,35685,2250325,3,271549,364,23992,79898,87863.71,6050762,0
"2021-04-18",28609,3533505,29375,2279700,7,271556,249,24241,58240,85472.57,6109002,0
"2021-04-19",37478,3570983,36447,2316147,22,271578,320,24561,74267,82875,6183269,0
"2021-04-20",40813,3611796,39627,2355774,19,271597,311,24872,80770,81971.43,6264039,0
"2021-04-21",38910,3650706,46009,2401783,15,271612,488,25360,85422,81246.57,6349461,0
"2021-04-22",38507,3689213,48958,2450741,9,271621,331,25691,87805,80036.71,6437266,0
"2021-04-23",39707,3728920,44374,2495115,4,271625,348,26039,84433,78690.71,6521699,0
"2021-04-24",31958,3760878,41601,2536716,44,271669,274,26313,73877,77830.57,6595576,0
"2021-04-25",18425,3779303,31228,2567944,86,271755,190,26503,49929,76643.29,6645505,0
"2021-04-26",26975,3806278,40734,2608678,1013,272768,284,26787,69006,75891.71,6714511,0
"2021-04-27",28578,3834856,47140,2655818,1697,274465,347,27134,77762,75462,6792273,0
"2021-04-28",27054,3861910,56832,2712650,2148,276613,424,27558,86458,75610,6878731,0
"2021-04-29",28614,3890524,57198,2769848,2148,278761,359,27917,88319,75683.43,6967050,0
"2021-04-30",30129,3920653,51986,2821834,2056,280817,278,28195,84449,75685.71,7051499,0
"2021-05-01",22483,3943136,44550,2866384,1177,281994,222,28417,68432,74907.86,7119931,0
"2021-05-02",11929,3955065,36656,2903040,1080,283074,133,28550,49798,74889.14,7169729,0
"2021-05-03",18036,3973101,53019,2956059,2383,285457,251,28801,73689,75558.14,7243418,0
"2021-05-04",22744,3995845,56643,3012702,2330,287787,261,29062,81978,76160.43,7325396,0
"2021-05-05",21481,4017326,48794,3061496,2312,290099,309,29371,72896,74223,7398292,0
"2021-05-06",20687,4038013,50178,3111674,2507,292606,268,29639,73640,72126,7471932,0
"2021-05-07",21259,4059272,52100,3163774,2813,295419,303,29942,76475,70986.86,7548407,0
"2021-05-08",16636,4075908,41868,3205642,1835,297254,227,30169,60566,69863.14,7608973,0
"2021-05-09",7976,4083884,29412,3235054,1260,298514,149,30318,38797,68291.57,7647770,0
"2021-05-10",14398,4098282,38533,3273587,2356,300870,229,30547,55516,65695.43,7703286,0
"2021-05-11",19922,4118204,43050,3316637,2514,303384,281,30828,65767,63379.57,7769053,0
"2021-05-12",17818,4136022,40528,3357165,3596,306980,228,31056,62170,61847.29,7831223,0
"2021-05-13",24976,4160998,40426,3397591,3230,310210,261,31317,68893,61169.14,7900116,0
"2021-05-14",27027,4188025,42910,3440501,3537,313747,279,31596,73753,60780.29,7973869,0
"2021-05-15",23653,4211678,34913,3475414,3366,317113,247,31843,62179,61010.71,8036048,0
"2021-05-16",15536,4227214,19437,3494851,2497,319610,125,31968,37595,60839,8073643,0
"2021-05-17",22679,4249893,29137,3523988,3258,322868,176,32144,55250,60801,8128893,0
"2021-05-18",24643,4274536,31902,3555890,3404,326272,236,32380,60185,60003.57,8189078,0
"2021-05-19",24202,4298738,29706,3585596,3040,329312,223,32603,57171,59289.43,8246249,0
"2021-05-20",24162,4322900,30079,3615675,3162,332474,271,32874,57674,57686.71,8303923,0
"2021-05-21",24691,4347591,32000,3647675,3060,335534,249,33123,60000,55722,8363923,0
"2021-05-22",20028,4367619,24354,3672029,2525,338059,160,33283,47067,53563.14,8410990,0
"2021-05-23",11238,4378857,13730,3685759,1411,339470,93,33376,26472,51974.14,8437462,0
"2021-05-24",18884,4397741,23150,3708909,2757,342227,214,33590,45005,50510.57,8482467,0
"2021-05-25",19441,4417182,23373,3732282,2601,344828,177,33767,45592,48425.86,8528059,0
"2021-05-26",18790,4435972,21081,3753363,2696,347524,199,33966,42766,46368,8570825,0
"2021-05-27",18475,4454447,21267,3774630,2530,350054,189,34155,42461,44194.71,8613286,0
"2021-05-28",17869,4472316,22886,3797516,2752,352806,186,34341,43693,41865.14,8656979,0
"2021-05-29",12714,4485030,17806,3815322,1755,354561,103,34444,32378,39766.71,8689357,0
"2021-05-30",7033,4492063,8947,3824269,1074,355635,46,34490,17100,38427.86,8706457,0
"2021-05-31",4742,4496805,6925,3831194,1012,356647,64,34554,12743,33819,8719200,0
"2021-06-01",16042,4512847,25195,3856389,2175,358822,150,34704,43562,33529,8762762,0
"2021-06-02",15355,4528202,20389,3876778,2093,360915,137,34841,37974,32844.43,8800736,0
"2021-06-03",15011,4543213,23815,3900593,2280,363195,125,34966,41231,32668.71,8841967,0
"2021-06-04",14732,4557945,25982,3926575,2492,365687,143,35109,43349,32619.57,8885316,0
"2021-06-05",10993,4568938,22087,3948662,1806,367493,111,35220,34997,32993.71,8920313,0
"2021-06-06",6449,4575387,14466,3963128,1222,368715,84,35304,22221,33725.29,8942534,0
"2021-06-07",11715,4587102,21782,3984910,2380,371095,137,35441,36014,37049.71,8978548,0
"2021-06-08",12656,4599758,24015,4008925,2071,373166,117,35558,38859,36377.86,9017407,0
"2021-06-09",11151,4610909,23020,4031945,2297,375463,129,35687,36597,36181.14,9054004,0
"2021-06-10",12073,4622982,22230,4054175,2462,377925,138,35825,36903,35562.86,9090907,0
"2021-06-11",12709,4635691,25118,4079293,2483,380408,150,35975,40460,35150.14,9131367,0
"2021-06-12",10170,4645861,19305,4098598,1888,382296,93,36068,31456,34644.29,9162823,0
"2021-06-13",4260,4650121,10934,4109532,1219,383515,41,36109,16454,33820.43,9179277,0
"2021-06-14",10215,4660336,19241,4128773,2042,385557,126,36235,31624,33193.29,9210901,0
"2021-06-15",11892,4672228,21004,4149777,1943,387500,128,36363,34967,32637.29,9245868,0
"2021-06-16",11592,4683820,19407,4169184,1956,389456,138,36501,33093,32136.71,9278961,0
"2021-06-17",11025,4694845,18761,4187945,1971,391427,119,36620,31876,31418.57,9310837,0
"2021-06-18",12170,4707015,18498,4206443,2116,393543,113,36733,32897,30338.14,9343734,0
"2021-06-19",8503,4715518,13516,4219959,1459,395002,80,36813,23558,29209.86,9367292,0
"2021-06-20",4336,4719854,7159,4227118,924,395926,36,36849,12455,28638.57,9379747,0
"2021-06-21",10164,4730018,10006,4237124,1806,397732,68,36917,22044,27270,9401791,0
"2021-06-22",9835,4739853,15640,4252764,1589,399321,106,37023,27170,26156.14,9428961,0
"2021-06-23",10317,4750170,15184,4267948,1861,401182,100,37123,27462,25351.71,9456423,0
"2021-06-24",9692,4759862,14697,4282645,1799,402981,116,37239,26304,24555.71,9482727,0
"2021-06-25",10593,4770455,14383,4297028,1718,404699,110,37349,26804,23685.29,9509531,0
"2021-06-26",7806,4778261,10465,4307493,1246,405945,73,37422,19590,23118.43,9529121,0
"2021-06-27",5003,4783264,6000,4313493,796,406741,31,37453,11830,23029.14,9540951,0
"2021-06-28",9033,4792297,10347,4323840,1524,408265,104,37557,21008,22881.14,9561959,0
"2021-06-29",9750,4802047,12311,4336151,1347,409612,127,37684,23535,22361.86,9585494,0
"2021-06-30",9432,4811479,10926,4347077,1481,411093,146,37830,21985,21579.43,9607479,0
"2021-07-01",9399,4820878,10927,4358004,1431,412524,125,37955,21882,20947.71,9629361,0
"2021-07-02",9697,4830575,11435,4369439,1541,414065,121,38076,22794,20374.86,9652155,0
"2021-07-03",7060,4837635,8420,4377859,1193,415258,75,38151,16748,19968.86,9668903,0
"2021-07-04",1288,4838923,1336,4379195,567,415825,8,38159,3199,18735.86,9672102,0
"2021-07-05",6496,4845419,7104,4386299,1208,417033,64,38223,14872,17859.29,9686974,0
"2021-07-06",9513,4854932,12849,4399148,1317,418350,114,38337,23793,17896.14,9710767,0
"2021-07-07",8673,4863605,11105,4410253,1419,419769,121,38458,21318,17800.86,9732085,0
"2021-07-08",8210,4871815,10190,4420443,1260,421029,106,38564,19766,17498.57,9751851,0
"2021-07-09",8378,4880193,10830,4431273,1279,422308,88,38652,20575,17181.57,9772426,0
"2021-07-10",7110,4887303,8627,4439900,1132,423440,62,38714,16931,17207.71,9789357,0
"2021-07-11",4104,4891407,4539,4444439,703,424143,34,38748,9380,18090.71,9798737,0
"2021-07-12",8452,4899859,9554,4453993,1250,425393,80,38828,19336,18728.43,9818073,0
"2021-07-13",9468,4909327,9383,4463376,951,426344,104,38932,19906,18173.14,9837979,0
"2021-07-14",9003,4918330,9527,4472903,1009,427353,102,39034,19641,17933.57,9857620,0
"2021-07-15",8793,4927123,9151,4482054,1051,428404,82,39116,19077,17835.14,9876697,0
"2021-07-16",9242,4936365,9761,4491815,978,429382,101,39217,20082,17764.71,9896779,0
"2021-07-17",6845,4943210,7386,4499201,802,430184,78,39295,15111,17504.71,9911890,0
"2021-07-18",4260,4947470,4282,4503483,569,430753,35,39330,9146,17471.29,9921036,0
"2021-07-19",9127,4956597,8467,4511950,999,431752,88,39418,18681,17377.71,9939717,0
"2021-07-20",10653,4967250,8756,4520706,991,432743,93,39511,20493,17461.57,9960210,0
"2021-07-21",10053,4977303,8764,4529470,903,433646,144,39655,19864,17493.43,9980074,0
"2021-07-22",10687,4987990,8582,4538052,1045,434691,142,39797,20456,17690.43,10000530,0
"2021-07-23",11257,4999247,8877,4546929,1114,435805,135,39932,21383,17876.29,10021913,0
"2021-07-24",7406,5006653,6732,4553661,670,436475,82,40014,14890,17844.71,10036803,0
"2021-07-25",5480,5012133,2123,4555784,509,436984,59,40073,8171,17705.43,10044974,0
"2021-07-26",10877,5023010,6998,4562782,859,437843,110,40183,18844,17728.71,10063818,0
"2021-07-27",12059,5035069,8564,4571346,857,438700,132,40315,21612,17888.57,10085430,0
"2021-07-28",11998,5047067,8046,4579392,950,439650,129,40444,21123,18068.43,10106553,0
"2021-07-29",10939,5058006,7424,4586816,983,440633,132,40576,19478,17928.71,10126031,0
"2021-07-30",14956,5072962,8007,4594823,1150,441783,180,40756,24293,18344.43,10150324,0
"2021-07-31",9730,5082692,6311,4601134,816,442599,119,40875,16976,18642.43,10167300,0
"2021-08-01",6504,5089196,3309,4604443,564,443163,79,40954,10456,18968.86,10177756,0
"2021-08-02",13449,5102645,7154,4611597,847,444010,145,41099,21595,19361.86,10199351,0
"2021-08-03",15417,5118062,8380,4619977,1109,445119,143,41242,25049,19852.86,10224400,0
"2021-08-04",17263,5135325,8120,4628097,1454,446573,179,41421,27016,20694.71,10251416,0
"2021-08-05",17868,5153193,7923,4636020,1366,447939,161,41582,27318,21814.71,10278734,0
"2021-08-06",18184,5171377,8410,4644430,1233,449172,162,41744,27989,22342.71,10306723,0
"2021-08-07",13389,5184766,6016,4650446,799,449971,97,41841,20301,22817.71,10327024,0
"2021-08-08",9310,5194076,3836,4654282,399,450370,82,41923,13627,23270.71,10340651,0
"2021-08-09",21342,5215418,8526,4662808,963,451333,169,42092,31000,24614.29,10371651,0
"2021-08-10",18924,5234342,9330,4672138,950,452283,171,42263,29375,25232.29,10401026,0
"2021-08-11",15651,5249993,8307,4680445,853,453136,128,42391,24939,24935.57,10425965,0
"2021-08-12",15053,5265046,8975,4689420,939,454075,167,42558,25134,24623.57,10451099,0
"2021-08-13",14927,5279973,9290,4698710,921,454996,237,42795,25375,24250.14,10476474,0
"2021-08-14",10415,5290388,6401,4705111,626,455622,528,43323,17970,23917.14,10494444,0
"2021-08-15",6698,5297086,4475,4709586,676,456298,566,43889,12415,23744,10506859,0
"2021-08-16",15729,5312815,9290,4718876,1149,457447,1318,45207,27486,23242,10534345,0
"2021-08-17",17780,5330595,10436,4729312,1223,458670,1762,46969,31201,23502.86,10565546,0
"2021-08-18",17511,5348106,10361,4739673,1261,459931,1980,48949,31113,24384.86,10596659,0
"2021-08-19",16307,5364413,9517,4749190,1315,461246,1947,50896,29086,24949.43,10625745,0
"2021-08-20",16288,5380701,11536,4760726,1254,462500,1850,52746,30928,25742.71,10656673,0
"2021-08-21",11156,5391857,8038,4768764,878,463378,1051,53797,21123,26193.14,10677796,0
"2021-08-22",4084,5395941,3897,4772661,262,463640,515,54312,8758,25670.71,10686554,0
"2021-08-23",15584,5411525,11792,4784453,1023,464663,1544,55856,29943,26021.71,10716497,0
"2021-08-24",16919,5428444,12595,4797048,1006,465669,1771,57627,32291,26177.43,10748788,0
"2021-08-25",14589,5443033,12438,4809486,1110,466779,1563,59190,29700,25975.57,10778488,0
"2021-08-26",16170,5459203,14085,4823571,1072,467851,1765,60955,33092,26547.86,10811580,0
"2021-08-27",14890,5474093,14821,4838392,972,468823,1659,62614,32342,26749.86,10843922,0
"2021-08-28",10690,5484783,11516,4849908,836,469659,1009,63623,24051,27168.14,10867973,0
"2021-08-29",7221,5492004,7494,4857402,541,470200,775,64398,16031,28207.14,10884004,0
"2021-08-30",15532,5507536,16922,4874324,1077,471277,1788,66186,35319,28975.14,10919323,0
"2021-08-31",15528,5523064,15948,4890272,951,472228,1963,68149,34390,29275,10953713,0
"2021-09-01",14836,5537900,14095,4904367,1021,473249,1800,69949,31752,29568.14,10985465,0
"2021-09-02",14344,5552244,12518,4916885,896,474145,1694,71643,29452,29048.14,11014917,0
"2021-09-03",15018,5567262,14297,4931182,974,475119,1891,73534,32180,29025,11047097,0
"2021-09-04",9650,5576912,9406,4940588,688,475807,962,74496,20706,28547.14,11067803,0
"2021-09-05",6804,5583716,5513,4946101,438,476245,707,75203,13462,28180.14,11081265,0
"2021-09-06",5200,5588916,4509,4950610,358,476603,269,75472,10336,24611.14,11091601,0
"2021-09-07",15578,5604494,17692,4968302,912,477515,1541,77013,35723,24801.57,11127324,0
"2021-09-08",16177,5620671,14820,4983122,1073,478588,1755,78768,33825,25097.71,11161149,0
"2021-09-09",16125,5636796,14742,4997864,1047,479635,1901,80669,33815,25721,11194964,0
"2021-09-10",18375,5655171,15389,5013253,1208,480843,1966,82635,36938,26400.71,11231902,0
"2021-09-11",12642,5667813,10344,5023597,958,481801,1017,83652,24961,27008.57,11256863,0
"2021-09-12",8536,5676349,5050,5028647,766,482567,689,84341,15041,27234.14,11271904,0
"2021-09-13",16938,5693287,12949,5041596,976,483543,1642,85983,32505,30401.14,11304409,0
"2021-09-14",16277,5709564,13675,5055271,886,484429,1588,87571,32426,29930.14,11336835,0
"2021-09-15",15549,5725113,12869,5068140,729,485158,1561,89132,30708,29484.86,11367543,0
"2021-09-16",15348,5740461,13903,5082043,1211,486369,1447,90579,31909,29212.57,11399452,0
"2021-09-17",14440,5754901,13962,5096005,922,487291,1820,92399,31144,28384.86,11430596,0
"2021-09-18",10005,5764906,10173,5106178,913,488204,1047,93446,22138,27981.57,11452734,0
"2021-09-19",6181,5771087,6069,5112247,558,488762,743,94189,13551,27768.71,11466285,0
"2021-09-20",12683,5783770,12629,5124876,1069,489831,1914,96103,28295,27167.29,11494580,0
"2021-09-21",12243,5796013,12769,5137645,1110,490941,2012,98115,28134,26554.14,11522714,0
"2021-09-22",12832,5808845,11995,5149640,1090,492031,1675,99790,27592,26109,11550306,0
"2021-09-23",14954,5823799,12754,5162394,1639,493670,2252,102042,31599,26064.71,11581905,0
"2021-09-24",16459,5840258,13365,5175759,1633,495303,4610,106652,36067,26768,11617972,0
"2021-09-25",10551,5850809,9023,5184782,1018,496321,3444,110096,24036,27039.14,11642008,0
"2021-09-26",6308,5857117,5761,5190543,774,497095,2415,112511,15258,27283,11657266,0
"2021-09-27",14177,5871294,8053,5198596,1155,498250,9006,121517,32391,27868.14,11689657,0
"2021-09-28",11160,5882454,11768,5210364,901,499151,9868,131385,33697,28662.86,11723354,0
"2021-09-29",11617,5894071,12193,5222557,1206,500357,9412,140797,34428,29639.43,11757782,0
"2021-09-30",12256,5906327,12596,5235153,1339,501696,9692,150489,35883,30251.43,11793665,0
"2021-10-01",12661,5918988,13427,5248580,1284,502980,10226,160715,37598,30470.14,11831263,0
"2021-10-02",7740,5926728,9973,5258553,865,503845,4215,164930,22793,30292.57,11854056,0
"2021-10-03",5080,5931808,6155,5264708,593,504438,2605,167535,14433,30174.71,11868489,0
"2021-10-04",9921,5941729,11025,5275733,913,505351,9482,177017,31341,30024.71,11899830,0
"2021-10-05",10180,5951909,11734,5287467,972,506323,9907,186924,32793,29895.57,11932623,0
"2021-10-06",9931,5961840,11053,5298520,937,507260,9901,196825,31822,29523.29,11964445,0
"2021-10-07",9682,5971522,12187,5310707,852,508112,10160,206985,32881,29094.43,11997326,0
"2021-10-08",9478,5981000,12169,5322876,943,509055,10869,217854,33459,28503.14,12030785,0
"2021-10-09",6273,5987273,8273,5331149,649,509704,4103,221957,19298,28003.86,12050083,0
"2021-10-10",3546,5990819,5024,5336173,458,510162,2420,224377,11448,27577.43,12061531,0
"2021-10-11",7639,5998458,9330,5345503,728,510890,8868,233245,26565,26895.14,12088096,0
"2021-10-12",8086,6006544,11001,5356504,891,511781,10467,243712,30445,26559.71,12118541,0
"2021-10-13",7177,6013721,10139,5366643,869,512650,8752,252464,26937,25861.86,12145478,0
"2021-10-14",7463,6021184,11110,5377753,835,513485,10068,262532,29476,25375.43,12174954,0
"2021-10-15",7746,6028930,11864,5389617,823,514308,10757,273289,31190,25051.29,12206144,0
"2021-10-16",4871,6033801,7465,5397082,666,514974,3813,277102,16815,24696.57,12222959,0
"2021-10-17",3063,6036864,4474,5401556,411,515385,2437,279539,10385,24544.71,12233344,0
"2021-10-18",7067,6043931,10661,5412217,796,516181,9415,288954,27939,24741,12261283,0
"2021-10-19",6592,6050523,8940,5421157,805,516986,9044,297998,25381,24017.57,12286664,0
"2021-10-20",6555,6057078,9378,5430535,975,517961,9936,307934,26844,24004.29,12313508,0
"2021-10-21",7048,6064126,9379,5439914,859,518820,10807,318741,28093,23806.71,12341601,0
"2021-10-22",8144,6072270,10342,5450256,1025,519845,16307,335048,35818,24467.86,12377419,0
"2021-10-23",5188,6077458,6457,5456713,690,520535,9099,344147,21434,25127.71,12398853,0
"2021-10-24",3280,6080738,3971,5460684,770,521305,6142,350289,14163,25667.43,12413016,0
"2021-10-25",8805,6089543,8746,5469430,1148,522453,19214,369503,37913,27092.29,12450929,0
"2021-10-26",8223,6097766,7727,5477157,1259,523712,17261,386764,34470,28390.71,12485399,0
"2021-10-27",10594,6108360,8393,5485550,1604,525316,20811,407575,41402,30470.43,12526801,0
"2021-10-28",11361,6119721,8039,5493589,1793,527109,20801,428376,41994,32456.29,12568795,0
"2021-10-29",11867,6131588,8244,5501833,1963,529072,22483,450859,44557,33704.71,12613352,0
"2021-10-30",4645,6136233,5055,5506888,934,530006,11146,462005,21780,33754.14,12635132,0
"2021-10-31",2669,6138902,2705,5509593,544,530550,6611,468616,12529,33520.71,12647661,0
"2021-11-01",7179,6146081,6953,5516546,1089,531639,20334,488950,35555,33183.86,12683216,0
"2021-11-02",6615,6152696,6590,5523136,1055,532694,20723,509673,34983,33257.14,12718199,0
"2021-11-03",6872,6159568,6681,5529817,1027,533721,20593,530266,35173,32367.29,12753372,0
"2021-11-04",9333,6168901,6276,5536093,997,534718,22322,552588,38928,31929.29,12792300,0
"2021-11-05",11094,6179995,6721,5542814,1053,535771,23721,576309,42589,31648.14,12834889,0
"2021-11-06",11144,6191139,4051,5546865,593,536364,12574,588883,28362,32588.43,12863251,0
"2021-11-07",7271,6198410,2284,5549149,577,536941,7089,595972,17221,33258.71,12880472,0
"2021-11-08",15082,6213492,5679,5554828,867,537808,19478,615450,41106,34051.71,12921578,0
"2021-11-09",16179,6229671,5385,5560213,661,538469,20484,635934,42709,35155.43,12964287,0
"2021-11-10",16968,6246639,5324,5565537,685,539154,22608,658542,45585,36642.86,13009872,0
"2021-11-11",12608,6259247,5192,5570729,760,539914,22041,680583,40601,36881.86,13050473,0
"2021-11-12",16925,6276172,5682,5576411,708,540622,23358,703941,46673,37465.29,13097146,0
"2021-11-13",9962,6286134,3665,5580076,465,541087,13300,717241,27392,37326.71,13124538,0
"2021-11-14",6031,6292165,2296,5582372,325,541412,7914,725155,16566,37233.14,13141104,0
"2021-11-15",13269,6305434,5969,5588341,690,542102,25062,750217,44990,37788,13186094,0
"2021-11-16",10012,6315446,5789,5594130,655,542757,30608,780825,47064,38410.14,13233158,0
"2021-11-17",10349,6325795,6679,5600809,681,543438,31365,812190,49074,38908.57,13282232,0
"2021-11-18",10774,6336569,6547,5607356,860,544298,32941,845131,51122,40411.57,13333354,0
"2021-11-19",12066,6348635,6556,5613912,716,545014,36193,881324,55531,41677,13388885,0
"2021-11-20",9376,6358011,3422,5617334,514,545528,22469,903793,35781,42875.43,13424666,0
"2021-11-21",4990,6363001,1892,5619226,287,545815,13167,916960,20336,43414,13445002,0
"2021-11-22",10495,6373496,5793,5625019,752,546567,35866,952826,52906,44544.86,13497908,0
"2021-11-23",9864,6383360,4780,5629799,637,547204,33448,986274,48729,44782.71,13546637,0
"2021-11-24",8759,6392119,4751,5634550,651,547855,25873,1012147,40034,43491.29,13586671,0
"2021-11-25",452,6392571,325,5634875,80,547935,1000,1013147,1857,36453.43,13588528,0
"2021-11-26",8096,6400667,6991,5641866,528,548463,26545,1039692,42160,34543.29,13630688,0
"2021-11-27",6708,6407375,6833,5648699,372,548835,18799,1058491,32712,34104.86,13663400,0
"2021-11-28",4099,6411474,5782,5654481,282,549117,11849,1070340,22012,34344.29,13685412,0
"2021-11-29",9143,6420617,10989,5665470,688,549805,34951,1105291,55771,34753.57,13741183,0
"2021-11-30",10571,6431188,11432,5676902,513,550318,37712,1143003,60228,36396.29,13801411,0
"2021-12-01",11240,6442428,10983,5687885,723,551041,40273,1183276,63219,39708.43,13864630,0
"2021-12-02",11717,6454145,11026,5698911,626,551667,42071,1225347,65440,48791.71,13930070,0
"2021-12-03",13558,6467703,12879,5711790,677,552344,47860,1273207,74974,53479.43,14005044,0
"2021-12-04",9894,6477597,11285,5723075,567,552911,30616,1303823,52362,56286.57,14057406,0
"2021-12-05",5782,6483379,5703,5728778,269,553180,16628,1320451,28382,57196.57,14085788,0
"2021-12-06",12412,6495791,9951,5738729,602,553782,43161,1363612,66126,58675.86,14151914,0
"2021-12-07",12670,6508461,9257,5747986,624,554406,42974,1406586,65525,59432.57,14217439,0
"2021-12-08",13609,6522070,8760,5756746,555,554961,40719,1447305,63643,59493.14,14281082,0
"2021-12-09",13580,6535650,8761,5765507,557,555518,40739,1488044,63637,59235.57,14344719,0
"2021-12-10",14116,6549766,10134,5775641,671,556189,43573,1531617,68494,58309.86,14413213,0
"2021-12-11",10304,6560070,8117,5783758,405,556594,26671,1558288,45497,57329.14,14458710,0
"2021-12-12",6049,6566119,3856,5787614,288,556882,15139,1573427,25332,56893.43,14484042,0
"2021-12-13",12286,6578405,7422,5795036,656,557538,37826,1611253,58190,55759.71,14542232,0
"2021-12-14",12299,6590704,6962,5801998,731,558269,38080,1649333,58072,54695,14600304,0
"2021-12-15",12178,6602882,6240,5808238,756,559025,38050,1687383,57224,53778,14657528,0
"2021-12-16",13197,6616079,4273,5812511,742,559767,40948,1728331,59160,53138.43,14716688,0
"2021-12-17",16028,6632107,6933,5819444,620,560387,46676,1775007,70257,53390.29,14786945,0
"2021-12-18",13073,6645180,5714,5825158,432,560819,30548,1805555,49767,54000.29,14836712,0
"2021-12-19",7055,6652235,2993,5828151,326,561145,17974,1823529,28348,54431.14,14865060,0
"2021-12-20",16942,6669177,5871,5834022,747,561892,47343,1870872,70903,56247.29,14935963,0
"2021-12-21",18038,6687215,6568,5840590,806,562698,48823,1919695,74235,58556.29,15010198,0
"2021-12-22",18629,6705844,6564,5847154,938,563636,49559,1969254,75690,61194.29,15085888,0
"2021-12-23",19101,6724945,6478,5853632,929,564565,45754,2015008,72262,63066,15158150,0
"2021-12-24",9255,6734200,2950,5856582,598,565163,20579,2035587,33382,57798.14,15191532,0
"2021-12-25",344,6734544,64,5856646,31,565194,424,2036011,863,50811.86,15192395,0
"2021-12-26",7986,6742530,3927,5860573,341,565535,17256,2053267,29510,50977.86,15221905,0
"2021-12-27",21856,6764386,9205,5869778,933,566468,43357,2096624,75351,51613.29,15297256,0
"2021-12-28",20217,6784603,8328,5878106,698,567166,47498,2144122,76741,51971.29,15373997,0
"2021-12-29",18545,6803148,7665,5885771,607,567773,45473,2189595,72290,51485.57,15446287,0
"2021-12-30",16918,6820066,7418,5893189,583,568356,44766,2234361,69685,51117.43,15515972,0
"2021-12-31",5371,6825437,2808,5895997,193,568549,14742,2249103,23114,49650.57,15539086,0
"2022-01-01",237,6825674,146,5896143,11,568560,498,2249601,892,49654.71,15539978,0
"2022-01-02",6450,6832124,5013,5901156,153,568713,10969,2260570,22585,48665.43,15562563,0
"2022-01-03",14203,6846327,8480,5909636,515,569228,26830,2287400,50028,45047.86,15612591,0
"2022-01-04",13117,6859444,8070,5917706,412,569640,26964,2314364,48563,41022.43,15661154,0
"2022-01-05",11640,6871084,6972,5924678,385,570025,25712,2340076,44709,37082.29,15705863,0
"2022-01-06",11571,6882655,7368,5932046,485,570510,27416,2367492,46840,33818.71,15752703,0
"2022-01-07",10485,6893140,8415,5940461,337,570847,24939,2392431,44176,36827.57,15796879,0
"2022-01-08",7951,6901091,8549,5949010,310,571157,19386,2411817,36196,41871,15833075,0
"2022-01-09",4149,6905240,3844,5952854,214,571371,10045,2421862,18252,41252,15851327,0
"2022-01-10",10194,6915434,8184,5961038,490,571861,24572,2446434,43440,40310.86,15894767,0
"2022-01-11",8929,6924363,7989,5969027,521,572382,20967,2467401,38406,38859.86,15933173,0
"2022-01-12",8967,6933330,8316,5977343,428,572810,22291,2489692,40002,38187.43,15973175,0
"2022-01-13",9064,6942394,8860,5986203,451,573261,22809,2512501,41184,37379.43,16014359,0
"2022-01-14",10142,6952536,8119,5994322,476,573737,26383,2538884,45120,37514.29,16059479,0
"2022-01-15",6220,6958756,4305,5998627,178,573915,15132,2554016,25835,36034.14,16085314,0
"2022-01-16",2929,6961685,3252,6001879,95,574010,7809,2561825,14085,35438.86,16099399,0
"2022-01-17",6103,6967788,6756,6008635,363,574373,14641,2576466,27863,33213.57,16127262,0
"2022-01-18",8185,6975973,10299,6018934,396,574769,19606,2596072,38486,33225,16165748,0
"2022-01-19",7507,6983480,9236,6028170,306,575075,17674,2613746,34723,32470.86,16200471,0
"2022-01-20",6302,6989782,8564,6036734,305,575380,15194,2628940,30365,30925.29,16230836,0
"2022-01-21",7596,6997378,7488,6044222,276,575656,18462,2647402,33822,29311.29,16264658,0
"2022-01-22",5202,7002580,4931,6049153,131,575787,11291,2658693,21555,28699.86,16286213,0
"2022-01-23",2821,7005401,3326,6052479,97,575884,6219,2664912,12463,28468.14,16298676,0
"2022-01-24",6405,7011806,8192,6060671,262,576146,15016,2679928,29875,28755.57,16328551,0
"2022-01-25",6212,7018018,7923,6068594,232,576378,14658,2694586,29025,27404,16357576,0
"2022-01-26",5771,7023789,7159,6075753,290,576668,13985,2708571,27205,26330,16384781,0
"2022-01-27",5281,7029070,7083,6082836,321,576989,14051,2722622,26736,25811.57,16411517,0
"2022-01-28",6296,7035366,7855,6090691,204,577193,16077,2738699,30432,25327.29,16441949,0
"2022-01-29",848,7036214,728,6091419,28,577221,2528,2741227,4132,22838.29,16446081,0
"2022-01-30",2099,7038313,3021,6094440,103,577324,4529,2745756,9752,22451,16455833,0
"2022-01-31",5016,7043329,6593,6101033,219,577543,11344,2757100,23172,21493.43,16479005,0
"2022-02-01",4851,7048180,6437,6107470,219,577762,10677,2767777,22184,20516.14,16501189,0
"2022-02-02",4258,7052438,5922,6113392,214,577976,11202,2778979,21596,19714.86,16522785,0
"2022-02-03",4244,7056682,5796,6119188,217,578193,11200,2790179,21457,18960.71,16544242,0
"2022-02-04",4792,7061474,7107,6126295,214,578407,13185,2803364,25298,18227.29,16569540,0
"2022-02-05",3594,7065068,6045,6132340,110,578517,8554,2811918,18303,20251.71,16587843,0
"2022-02-06",2066,7067134,2136,6134476,121,578638,4627,2816545,8950,20137.14,16596793,0
"2022-02-07",4162,7071296,4723,6139199,205,578843,10116,2826661,19206,19570.57,16615999,0
"2022-02-08",4239,7075535,5603,6144802,214,579057,11283,2837944,21339,19449.86,16637338,0
"2022-02-09",4145,7079680,5394,6150196,222,579279,11644,2849588,21405,19422.57,16658743,0
"2022-02-10",4009,7083689,5114,6155310,245,579524,12175,2861763,21543,19434.86,16680286,0
"2022-02-11",4536,7088225,5800,6161110,194,579718,13706,2875469,24236,19283.14,16704522,0
"2022-02-12",3261,7091486,4337,6165447,96,579814,8794,2884263,16488,19023.86,16721010,0
"2022-02-13",1521,7093007,1543,6166990,41,579855,4877,2889140,7982,18885.57,16728992,0
"2022-02-14",2996,7096003,3619,6170609,165,580020,10549,2899689,17329,18617.43,16746321,0
"2022-02-15",3575,7099578,4064,6174673,176,580196,12749,2912438,20564,18506.71,16766885,0
"2022-02-16",3672,7103250,3897,6178570,198,580394,15683,2928121,23450,18798.86,16790335,0
"2022-02-17",4058,7107308,4079,6182649,164,580558,18240,2946361,26541,19512.86,16816876,0
"2022-02-18",4495,7111803,4776,6187425,190,580748,21508,2967869,30969,20474.71,16847845,0
"2022-02-19",3262,7115065,2180,6189605,65,580813,11152,2979021,16659,20499.14,16864504,0
"2022-02-20",1867,7116932,1445,6191050,59,580872,6568,2985589,9939,20778.71,16874443,0
"2022-02-21",3099,7120031,2687,6193737,95,580967,8344,2993933,14225,20335.29,16888668,0
"2022-02-22",4406,7124437,4245,6197982,175,581142,10803,3004736,19629,20201.71,16908297,0
"2022-02-23",4285,7128722,3782,6201764,145,581287,10641,3015377,18853,19545,16927150,0
"2022-02-24",3786,7132508,3650,6205414,108,581395,10165,3025542,17709,18283.29,16944859,0
"2022-02-25",3627,7136135,3618,6209032,134,581529,9962,3035504,17341,16336.43,16962200,0
"2022-02-26",2851,7138986,2578,6211610,74,581603,9499,3045003,15002,16099.71,16977202,0
"2022-02-27",1779,7140765,1372,6212982,52,581655,6264,3051267,9467,16032.29,16986669,0
"2022-02-28",3823,7144588,3127,6216109,141,581796,13100,3064367,20191,16884.57,17006860,0
"2022-03-01",2137,7146725,2611,6218720,103,581899,5157,3069524,10008,15510.14,17016868,0
"2022-03-02",1832,7148557,2428,6221148,106,582005,4112,3073636,8478,14028,17025346,0
"2022-03-03",1941,7150498,2557,6223705,106,582111,3784,3077420,8388,12696.43,17033734,0
"2022-03-04",2120,7152618,2867,6226572,66,582177,4316,3081736,9369,11557.57,17043103,0
"2022-03-05",1613,7154231,2124,6228696,43,582220,3304,3085040,7084,10426.43,17050187,0
"2022-03-06",802,7155033,878,6229574,30,582250,1619,3086659,3329,9549.57,17053516,0
"2022-03-07",1672,7156705,1781,6231355,86,582336,3485,3090144,7024,7668.57,17060540,0
"2022-03-08",1553,7158258,1891,6233246,81,582417,3113,3093257,6638,7187.14,17067178,0
"2022-03-09",1267,7159525,1665,6234911,78,582495,2573,3095830,5583,6773.57,17072761,0
"2022-03-10",1426,7160951,2095,6237006,85,582580,2943,3098773,6549,6510.86,17079310,0
"2022-03-11",1606,7162557,2269,6239275,81,582661,3204,3101977,7160,6195.29,17086470,0
"2022-03-12",880,7163437,1412,6240687,40,582701,1996,3103973,4328,5801.57,17090798,0
"2022-03-13",625,7164062,757,6241444,26,582727,1291,3105264,2699,5711.57,17093497,0
"2022-03-14",1383,7165445,1596,6243040,83,582810,2981,3108245,6043,5571.43,17099540,0
"2022-03-15",1358,7166803,1923,6244963,63,582873,3067,3111312,6411,5539,17105951,0
"2022-03-16",1399,7168202,2064,6247027,94,582967,3123,3114435,6680,5695.71,17112631,0
"2022-03-17",1183,7169385,1811,6248838,70,583037,2750,3117185,5814,5590.71,17118445,0
"2022-03-18",1590,7170975,2179,6251017,80,583117,3756,3120941,7605,5654.29,17126050,0
"2022-03-19",1116,7172091,1726,6252743,54,583171,2587,3123528,5483,5819.29,17131533,0
"2022-03-20",613,7172704,629,6253372,32,583203,1459,3124987,2733,5824.14,17134266,0
"2022-03-21",1424,7174128,1550,6254922,73,583276,3042,3128029,6089,5830.71,17140355,0
"2022-03-22",1342,7175470,1547,6256469,101,583377,2890,3130919,5880,5754.86,17146235,0
"2022-03-23",1257,7176727,1352,6257821,66,583443,2908,3133827,5583,5598.14,17151818,0
"2022-03-24",1214,7177941,1294,6259115,89,583532,2506,3136333,5103,5496.57,17156921,0
"2022-03-25",1390,7179331,1616,6260731,61,583593,3252,3139585,6319,5312.86,17163240,0
"2022-03-26",928,7180259,1156,6261887,36,583629,2291,3141876,4411,5159.71,17167651,0
"2022-03-27",576,7180835,525,6262412,29,583658,1310,3143186,2440,5117.86,17170091,0
"2022-03-28",1085,7181920,1151,6263563,68,583726,2433,3145619,4737,4924.71,17174828,0
"2022-03-29",1058,7182978,1104,6264667,86,583812,2499,3148118,4747,4762.86,17179575,0
"2022-03-30",1250,7184228,1139,6265806,98,583910,3054,3151172,5541,4756.86,17185116,0
"2022-03-31",1269,7185497,1253,6267059,57,583967,3150,3154322,5729,4846.29,17190845,0
"2022-04-01",1427,7186924,1491,6268550,74,584041,3239,3157561,6231,4833.71,17197076,0
"2022-04-02",909,7187833,918,6269468,33,584074,2094,3159655,3954,4768.43,17201030,0
"2022-04-03",557,7188390,497,6269965,28,584102,1226,3160881,2308,4749.57,17203338,0
"2022-04-04",1353,7189743,1306,6271271,60,584162,2722,3163603,5441,4850.14,17208779,0
"2022-04-05",1297,7191040,1156,6272427,68,584230,2860,3166463,5381,4940.71,17214160,0
"2022-04-06",1303,7192343,1185,6273612,58,584288,2620,3169083,5166,4887.14,17219326,0
"2022-04-07",1210,7193553,1065,6274677,54,584342,2372,3171455,4701,4740.29,17224027,0
"2022-04-08",1484,7195037,1395,6276072,56,584398,3152,3174607,6087,4719.71,17230114,0
"2022-04-09",937,7195974,919,6276991,28,584426,2048,3176655,3932,4716.57,17234046,0
"2022-04-10",593,7196567,462,6277453,25,584451,1169,3177824,2249,4708.14,17236295,0
"2022-04-11",1341,7197908,1229,6278682,59,584510,2646,3180470,5275,4684.43,17241570,0
"2022-04-12",1209,7199117,1050,6279732,73,584583,2522,3182992,4854,4609.14,17246424,0
"2022-04-13",1264,7200381,1065,6280797,58,584641,2497,3185489,4884,4568.86,17251308,0
"2022-04-14",1278,7201659,1092,6281889,59,584700,2419,3187908,4848,4589.86,17256156,0
"2022-04-15",1336,7202995,1091,6282980,52,584752,2552,3190460,5031,4439,17261187,0
"2022-04-16",874,7203869,651,6283631,31,584783,1633,3192093,3189,4332.86,17264376,0
"2022-04-17",349,7204218,203,6283834,27,584810,637,3192730,1216,4185.29,17265592,0
"2022-04-18",1380,7205598,1108,6284942,82,584892,2578,3195308,5148,4167.14,17270740,0
"2022-04-19",1410,7207008,935,6285877,70,584962,2565,3197873,4980,4185.14,17275720,0
"2022-04-20",1309,7208317,1135,6287012,66,585028,2663,3200536,5173,4226.43,17280893,0
"2022-04-21",1218,7209535,1060,6288072,52,585080,2321,3202857,4651,4198.29,17285544,0
"2022-04-22",1216,7210751,1014,6289086,46,585126,2194,3205051,4470,4118.14,17290014,0
"2022-04-23",721,7211472,747,6289833,59,585185,1419,3206470,2946,4083.43,17292960,0
"2022-04-24",441,7211913,339,6290172,27,585212,808,3207278,1615,4140.43,17294575,0
"2022-04-25",1022,7212935,909,6291081,64,585276,1843,3209121,3838,3953.29,17298413,0
"2022-04-26",925,7213860,849,6291930,76,585352,1750,3210871,3600,3756.14,17302013,0
"2022-04-27",1028,7214888,976,6292906,78,585430,1922,3212793,4004,3589.14,17306017,0
"2022-04-28",1082,7215970,973,6293879,48,585478,1971,3214764,4074,3506.71,17310091,0
"2022-04-29",926,7216896,953,6294832,58,585536,1719,3216483,3656,3390.43,17313747,0
"2022-04-30",719,7217615,739,6295571,43,585579,1389,3217872,2890,3382.43,17316637,0
"2022-05-01",447,7218062,372,6295943,20,585599,752,3218624,1591,3379,17318228,0
"2022-05-02",1035,7219097,795,6296738,51,585650,1653,3220277,3534,3335.57,17321762,0
"2022-05-03",1088,7220185,847,6297585,60,585710,1957,3222234,3952,3385.86,17325714,0
"2022-05-04",1010,7221195,874,6298459,47,585757,1892,3224126,3823,3360,17329537,0
"2022-05-05",1037,7222232,943,6299402,77,585834,1908,3226034,3965,3344.43,17333502,0
"2022-05-06",1074,7223306,921,6300323,47,585881,1845,3227879,3887,3377.43,17337389,0
"2022-05-07",645,7223951,584,6300907,29,585910,1189,3229068,2447,3314.14,17339836,0
"2022-05-08",416,7224367,247,6301154,17,585927,667,3229735,1347,3279.29,17341183,0
"2022-05-09",1065,7225432,930,6302084,61,585988,1858,3231593,3914,3333.57,17345097,0
"2022-05-10",1075,7226507,914,6302998,49,586037,1954,3233547,3992,3339.29,17349089,0
"2022-05-11",1081,7227588,961,6303959,39,586076,1904,3235451,3985,3362.43,17353074,0
"2022-05-12",1073,7228661,926,6304885,56,586132,1955,3237406,4010,3368.86,17357084,0
"2022-05-13",1150,7229811,1020,6305905,43,586175,2013,3239419,4226,3417.29,17361310,120000
"2022-05-14",802,7230613,655,6306560,27,586202,1446,3240865,2930,3486.29,17364240,120000
"2022-05-15",501,7231114,350,6306910,20,586222,908,3241773,1779,3548,17366019,120000
"2022-05-16",1205,7232319,824,6307734,59,586281,1767,3243540,3855,3539.57,17369874,120000
"2022-05-17",1242,7233561,886,6308620,74,586355,1968,3245508,4170,3565,17374044,120000
"2022-05-18",1189,7234750,864,6309484,64,586419,1950,3247458,4067,3576.71,17378111,120000
"2022-05-19",343,7235093,275,6309759,17,586436,640,3248098,1275,3186,17379386,120000
