"DATE","ADMIN_DOSE1_DAILY","ADMIN_DOSE1_CUMULATIVE","ADMIN_DOSE2_DAILY","ADMIN_DOSE2_CUMULATIVE","ADMIN_SINGLE_DAILY","ADMIN_SINGLE_CUMULATIVE","ADMIN_ALLDOSES_DAILY","ADMIN_ALLDOSES_7DAYAVG","ADMIN_ALLDOSES_CUMULATIVE","INCOMPLETE"
"2020-12-14",78,78,0,0,0,0,78,,78,0
"2020-12-15",2045,2123,2,2,3,3,2050,,2128,0
"2020-12-16",4549,6672,12,14,1,4,4562,,6690,0
"2020-12-17",4519,11191,12,26,0,4,4531,,11221,0
"2020-12-18",5779,16970,25,51,2,6,5806,,17027,0
"2020-12-19",1685,18655,6,57,3,9,1694,,18721,0
"2020-12-20",1108,19763,1,58,1,10,1110,2833,19831,0
"2020-12-21",6262,26025,12,70,1,11,6275,3718.29,26106,0
"2020-12-22",9764,35789,19,89,2,13,9785,4823.29,35891,0
"2020-12-23",14233,50022,31,120,2,15,14266,6209.57,50157,0
"2020-12-24",7199,57221,54,174,1,16,7254,6598.57,57411,0
"2020-12-25",179,57400,0,174,0,16,179,5794.71,57590,0
"2020-12-26",4327,61727,35,209,0,16,4362,6175.86,61952,0
"2020-12-27",3830,65557,7,216,0,16,3837,6565.43,65789,0
"2020-12-28",10967,76524,36,252,1,17,11004,7241,76793,0
"2020-12-29",10699,87223,24,276,2,19,10725,7375.29,87518,0
"2020-12-30",12774,99997,50,326,0,19,12824,7169.29,100342,0
"2020-12-31",7235,107232,19,345,0,19,7254,7169.29,107596,0
"2021-01-01",166,107398,2,347,1,20,169,7167.86,107765,0
"2021-01-02",3805,111203,8,355,2,22,3815,7089.71,111580,0
"2021-01-03",3526,114729,18,373,1,23,3545,7048,115125,0
"2021-01-04",12189,126918,791,1164,0,23,12980,7330.29,128105,0
"2021-01-05",13970,140888,2140,3304,0,23,16110,8099.57,144215,0
"2021-01-06",17723,158611,3876,7180,0,23,21599,9353.14,165814,0
"2021-01-07",16500,175111,5042,12222,3,26,21545,11394.71,187359,0
"2021-01-08",16472,191583,5326,17548,0,26,21798,14484.57,209157,0
"2021-01-09",7665,199248,1437,18985,1,27,9103,15240,218260,0
"2021-01-10",7849,207097,966,19951,0,27,8815,15992.86,227075,0
"2021-01-11",25635,232732,7294,27245,1,28,32930,18842.86,260005,0
"2021-01-12",27891,260623,7782,35027,0,28,35673,21637.57,295678,0
"2021-01-13",31426,292049,9307,44334,1,29,40734,24371.14,336412,0
"2021-01-14",35492,327541,5261,49595,1,30,40754,27115.29,377166,0
"2021-01-15",28965,356506,3559,53154,2,32,32526,28647.86,409692,0
"2021-01-16",30124,386630,2310,55464,0,32,32434,31980.86,442126,0
"2021-01-17",23824,410454,1560,57024,0,32,25384,34347.86,467510,0
"2021-01-18",26926,437380,2317,59341,0,32,29243,33821.14,496753,0
"2021-01-19",33922,471302,9514,68855,2,34,43438,34930.43,540191,0
"2021-01-20",34441,505743,9351,78206,1,35,43793,35367.43,583984,0
"2021-01-21",25175,530918,7965,86171,0,35,33140,34279.71,617124,0
"2021-01-22",24228,555146,4335,90506,0,35,28563,33713.57,645687,0
"2021-01-23",15302,570448,3183,93689,0,35,18485,31720.86,664172,0
"2021-01-24",6974,577422,3390,97079,0,35,10364,29575.14,674536,0
"2021-01-25",13023,590445,11685,108764,0,35,24708,28927.29,699244,0
"2021-01-26",16372,606817,10540,119304,0,35,26912,26566.43,726156,0
"2021-01-27",20370,627187,12152,131456,0,35,32522,24956.29,758678,0
"2021-01-28",30421,657608,12654,144110,0,35,43075,26375.57,801753,0
"2021-01-29",31354,688962,11241,155351,0,35,42595,28380.14,844348,0
"2021-01-30",18417,707379,3653,159004,0,35,22070,28892.29,866418,0
"2021-01-31",12936,720315,2847,161851,0,35,15783,29666.43,882201,0
"2021-02-01",1108,721423,5272,167123,2,37,6382,27048.43,888583,0
"2021-02-02",2769,724192,9240,176363,2,39,12011,24919.71,900594,0
"2021-02-03",16209,740401,20705,197068,3,42,36917,25547.57,937511,0
"2021-02-04",26743,767144,19156,216224,1,43,45900,25951.14,983411,0
"2021-02-05",27257,794401,19556,235780,0,43,46813,26553.71,1030224,0
"2021-02-06",22769,817170,11066,246846,0,43,33835,28234.43,1064059,0
"2021-02-07",12064,829234,8104,254950,0,43,20168,28860.86,1084227,0
"2021-02-08",16781,846015,23100,278050,2,45,39883,33646.71,1124110,0
"2021-02-09",16986,863001,27636,305686,2,47,44624,38305.71,1168734,0
"2021-02-10",19452,882453,28752,334438,1,48,48205,39918.29,1216939,0
"2021-02-11",27721,910174,32879,367317,2,50,60602,42018.57,1277541,0
"2021-02-12",38282,948456,30147,397464,3,53,68432,45107,1345973,0
"2021-02-13",27806,976262,24798,422262,2,55,52606,47788.57,1398579,0
"2021-02-14",16241,992503,23390,445652,0,55,39631,50569,1438210,0
"2021-02-15",12626,1005129,10292,455944,1,56,22919,48145.57,1461129,0
"2021-02-16",14058,1019187,26173,482117,0,56,40231,47518,1501360,0
"2021-02-17",16131,1035318,21635,503752,1,57,37767,46026.86,1539127,0
"2021-02-18",11997,1047315,24547,528299,22,79,36566,42593.14,1575693,0
"2021-02-19",13086,1060401,23534,551833,39,118,36659,38054.14,1612352,0
"2021-02-20",11166,1071567,25812,577645,6,124,36984,35822.43,1649336,0
"2021-02-21",6287,1077854,17290,594935,15,139,23592,33531.14,1672928,0
"2021-02-22",12676,1090530,11612,606547,2,141,24290,33727,1697218,0
"2021-02-23",24915,1115445,13930,620477,1,142,38846,33529.14,1736064,0
"2021-02-24",35994,1151439,19766,640243,0,142,55760,36099.57,1791824,0
"2021-02-25",54352,1205791,29406,669649,7,149,83765,42842.29,1875589,0
"2021-02-26",62683,1268474,30911,700560,4,153,93598,50976.43,1969187,0
"2021-02-27",51169,1319643,22055,722615,49,202,73273,56160.57,2042460,0
"2021-02-28",44668,1364311,13375,735990,3,205,58046,61082.57,2100506,0
"2021-03-01",39011,1403322,12049,748039,8,213,51068,64908,2151574,0
"2021-03-02",46802,1450124,11770,759809,6,219,58578,67726.86,2210152,0
"2021-03-03",48236,1498360,15378,775187,16,235,63630,68851.14,2273782,0
"2021-03-04",59485,1557845,22102,797289,1088,1323,82675,68695.43,2356457,0
"2021-03-05",60612,1618457,23636,820925,3111,4434,87359,67804.14,2443816,0
"2021-03-06",46897,1665354,18381,839306,5434,9868,70712,67438.29,2514528,0
"2021-03-07",35960,1701314,14514,853820,6246,16114,56720,67248.86,2571248,0
"2021-03-08",39350,1740664,14285,868105,8553,24667,62188,68837.43,2633436,0
"2021-03-09",38809,1779473,11998,880103,7770,32437,58577,68837.29,2692013,0
"2021-03-10",51375,1830848,14246,894349,5049,37486,70670,69843,2762683,0
"2021-03-11",59856,1890704,20669,915018,4566,42052,85091,70188.14,2847774,0
"2021-03-12",51948,1942652,29279,944297,4134,46186,85361,69902.71,2933135,0
"2021-03-13",40497,1983149,26327,970624,5098,51284,71922,70075.57,3005057,0
"2021-03-14",30667,2013816,15464,986088,4554,55838,50685,69213.43,3055742,0
"2021-03-15",33332,2047148,16232,1002320,4792,60630,54356,68094.57,3110098,0
"2021-03-16",38427,2085575,19364,1021684,4914,65544,62705,68684.29,3172803,0
"2021-03-17",42369,2127944,23629,1045313,4242,69786,70240,68622.86,3243043,0
"2021-03-18",50372,2178316,25648,1070961,5277,75063,81297,68080.86,3324340,0
"2021-03-19",47610,2225926,28726,1099687,5617,80680,81953,67594,3406293,0
"2021-03-20",38527,2264453,24877,1124564,4683,85363,68087,67046.14,3474380,0
"2021-03-21",29240,2293693,18489,1143053,770,86133,48499,66733.86,3522879,0
"2021-03-22",33725,2327418,25544,1168597,4018,90151,63287,68009.71,3586166,0
"2021-03-23",38215,2365633,31432,1200029,4201,94352,73848,69601.57,3660014,0
"2021-03-24",41346,2406979,36228,1236257,4804,99156,82378,71335.57,3742392,0
"2021-03-25",43248,2450227,48986,1285243,5022,104178,97256,73615.43,3839648,0
"2021-03-26",38341,2488568,53564,1338807,4253,108431,96158,75644.71,3935806,0
"2021-03-27",35648,2524216,43905,1382712,2920,111351,82473,77699.86,4018279,0
"2021-03-28",26389,2550605,32905,1415617,1470,112821,60764,79452,4079043,0
"2021-03-29",34673,2585278,37048,1452665,3232,116053,74953,81118.57,4153996,0
"2021-03-30",40280,2625558,40469,1493134,3683,119736,84432,82630.57,4238428,0
"2021-03-31",49249,2674807,43289,1536423,7422,127158,99960,85142.29,4338388,0
"2021-04-01",50528,2725335,52821,1589244,11139,138297,114488,87604,4452876,0
"2021-04-02",43548,2768883,52821,1642065,11851,150148,108220,89327.14,4561096,0
"2021-04-03",39109,2807992,38326,1680391,9772,159920,87207,90003.43,4648303,0
"2021-04-04",26501,2834493,23798,1704189,3854,163774,54153,89059,4702456,0
"2021-04-05",41716,2876209,33678,1737867,11083,174857,86477,90705.29,4788933,0
"2021-04-06",52953,2929162,34372,1772239,12994,187851,100319,92974.86,4889252,0
"2021-04-07",55361,2984523,39686,1811925,14239,202090,109286,94307.14,4998538,0
"2021-04-08",59025,3043548,45485,1857410,16152,218242,120662,95189.14,5119200,0
"2021-04-09",56416,3099964,43672,1901082,17239,235481,117327,96490.14,5236527,0
"2021-04-10",49202,3149166,35356,1936438,12557,248038,97115,97905.57,5333642,0
"2021-04-11",38128,3187294,28684,1965122,7513,255551,74325,100787.29,5407967,0
"2021-04-12",46495,3233789,31471,1996593,13355,268906,91321,101479.29,5499288,0
"2021-04-13",52347,3286136,33353,2029946,358,269264,86058,99442,5585346,0
"2021-04-14",50003,3336139,39486,2069432,9,269273,89498,96615.14,5674844,0
"2021-04-15",51986,3388125,43153,2112585,9,269282,95148,92970.29,5769992,0
"2021-04-16",51021,3439146,41822,2154407,24,269306,92867,89476,5862859,0
"2021-04-17",43838,3482984,35306,2189713,4,269310,79148,86909.29,5942007,0
"2021-04-18",28627,3511611,29244,2218957,4,269314,57875,84559.29,5999882,0
"2021-04-19",37356,3548967,36058,2255015,14,269328,73428,82003.14,6073310,0
"2021-04-20",40716,3589683,39245,2294260,16,269344,79977,81134.43,6153287,0
"2021-04-21",38927,3628610,45471,2339731,11,269355,84409,80407.43,6237696,0
"2021-04-22",38505,3667115,48435,2388166,5,269360,86945,79235.57,6324641,0
"2021-04-23",39629,3706744,43862,2432028,5,269365,83496,77896.86,6408137,0
"2021-04-24",31841,3738585,41214,2473242,45,269410,73100,77032.86,6481237,0
"2021-04-25",18403,3756988,31132,2504374,84,269494,49619,75853.43,6530856,0
"2021-04-26",26860,3783848,40360,2544734,1009,270503,68229,75110.71,6599085,0
"2021-04-27",28611,3812459,46645,2591379,1686,272189,76942,74677.14,6676027,0
"2021-04-28",27127,3839586,56376,2647755,2135,274324,85638,74852.71,6761665,0
"2021-04-29",28731,3868317,56676,2704431,2100,276424,87507,74933,6849172,0
"2021-04-30",30161,3898478,51430,2755861,2000,278424,83591,74946.57,6932763,0
"2021-05-01",22512,3920990,44193,2800054,1141,279565,67846,74196,7000609,0
"2021-05-02",11950,3932940,36515,2836569,1077,280642,49542,74185,7050151,0
"2021-05-03",18007,3950947,52666,2889235,2365,283007,73038,74872,7123189,0
"2021-05-04",22730,3973677,56238,2945473,2307,285314,81275,75491,7204464,0
"2021-05-05",21519,3995196,48434,2993907,2297,287611,72250,73578.43,7276714,0
"2021-05-06",20645,4015841,49749,3043656,2474,290085,72868,71487.14,7349582,0
"2021-05-07",21266,4037107,51716,3095372,2779,292864,75761,70368.57,7425343,0
"2021-05-08",16648,4053755,41607,3136979,1833,294697,60088,69260.29,7485431,0
"2021-05-09",7993,4061748,29348,3166327,1255,295952,38596,67696.57,7524027,0
"2021-05-10",14348,4076096,38231,3204558,2328,298280,54907,65106.43,7578934,0
"2021-05-11",19939,4096035,42704,3247262,2486,300766,65129,62799.86,7644063,0
"2021-05-12",17746,4113781,40138,3287400,3562,304328,61446,61256.43,7705509,0
"2021-05-13",24912,4138693,40106,3327506,3212,307540,68230,60593.86,7773739,0
"2021-05-14",26962,4165655,42541,3370047,3511,311051,73014,60201.43,7846753,0
"2021-05-15",23655,4189310,34605,3404652,3347,314398,61607,60418.43,7908360,0
"2021-05-16",15551,4204861,19309,3423961,2497,316895,37357,60241.43,7945717,0
"2021-05-17",22602,4227463,28836,3452797,3226,320121,54664,60206.71,8000381,0
"2021-05-18",24586,4252049,31574,3484371,3378,323499,59538,59408,8059919,0
"2021-05-19",24183,4276232,29385,3513756,3018,326517,56586,58713.71,8116505,0
"2021-05-20",24125,4300357,29702,3543458,3122,329639,56949,57102.14,8173454,0
"2021-05-21",24657,4325014,31594,3575052,3041,332680,59292,55141.86,8232746,0
"2021-05-22",19980,4344994,24117,3599169,2522,335202,46619,53000.71,8279365,0
"2021-05-23",11244,4356238,13667,3612836,1405,336607,26316,51423.43,8305681,0
"2021-05-24",18854,4375092,22897,3635733,2728,339335,44479,49968.43,8350160,0
"2021-05-25",19425,4394517,23139,3658872,2581,341916,45145,47912.29,8395305,0
"2021-05-26",18627,4413144,20809,3679681,2676,344592,42112,45844.57,8437417,0
"2021-05-27",18378,4431522,20948,3700629,2520,347112,41846,43687,8479263,0
"2021-05-28",17809,4449331,22636,3723265,2715,349827,43160,41382.43,8522423,0
"2021-05-29",12692,4462023,17611,3740876,1751,351578,32054,39301.71,8554477,0
"2021-05-30",7038,4469061,8911,3749787,1072,352650,17021,37973.86,8571498,0
"2021-05-31",4762,4473823,6862,3756649,1009,353659,12633,33424.43,8584131,0
"2021-06-01",16013,4489836,24942,3781591,2150,355809,43105,33133,8627236,0
"2021-06-02",15327,4505163,20122,3801713,2077,357886,37526,32477.86,8664762,0
"2021-06-03",14984,4520147,23477,3825190,2267,360153,40728,32318.14,8705490,0
"2021-06-04",14673,4534820,25635,3850825,2462,362615,42770,32262.43,8748260,0
"2021-06-05",10970,4545790,21852,3872677,1801,364416,34623,32629.43,8782883,0
"2021-06-06",6481,4552271,14348,3887025,1218,365634,22047,33347.43,8804930,0
"2021-06-07",11703,4563974,21536,3908561,2356,367990,35595,36627.71,8840525,0
"2021-06-08",12643,4576617,23776,3932337,2050,370040,38469,35965.43,8878994,0
"2021-06-09",11093,4587710,22698,3955035,2253,372293,36044,35753.71,8915038,0
"2021-06-10",12062,4599772,21915,3976950,2434,374727,36411,35137,8951449,0
"2021-06-11",12678,4612450,24825,4001775,2439,377166,39942,34733,8991391,0
"2021-06-12",10168,4622618,19115,4020890,1876,379042,31159,34238.14,9022550,0
"2021-06-13",4265,4626883,10889,4031779,1217,380259,16371,33427.29,9038921,0
"2021-06-14",10175,4637058,19000,4050779,2036,382295,31211,32801,9070132,0
"2021-06-15",11866,4648924,20805,4071584,1929,384224,34600,32248.29,9104732,0
"2021-06-16",11567,4660491,19175,4090759,1931,386155,32673,31766.71,9137405,0
"2021-06-17",10991,4671482,18457,4109216,1948,388103,31396,31050.29,9168801,0
"2021-06-18",12155,4683637,18170,4127386,2098,390201,32423,29976.14,9201224,0
"2021-06-19",8510,4692147,13308,4140694,1451,391652,23269,28849,9224493,0
"2021-06-20",4374,4696521,7120,4147814,919,392571,12413,28283.57,9236906,0
"2021-06-21",10152,4706673,9858,4157672,1774,394345,21784,26936.86,9258690,0
"2021-06-22",9837,4716510,15492,4173164,1566,395911,26895,25836.14,9285585,0
"2021-06-23",10304,4726814,14906,4188070,1837,397748,27047,25032.43,9312632,0
"2021-06-24",9605,4736419,14449,4202519,1779,399527,25833,24237.71,9338465,0
"2021-06-25",10561,4746980,14192,4216711,1682,401209,26435,23382.29,9364900,0
"2021-06-26",7810,4754790,10289,4227000,1225,402434,19324,22818.71,9384224,0
"2021-06-27",5044,4759834,5948,4232948,784,403218,11776,22727.71,9396000,0
"2021-06-28",9031,4768865,10163,4243111,1504,404722,20698,22572.57,9416698,0
"2021-06-29",9763,4778628,12118,4255229,1326,406048,23207,22045.71,9439905,0
"2021-06-30",9373,4788001,10727,4265956,1443,407491,21543,21259.43,9461448,0
"2021-07-01",9282,4797283,10675,4276631,1387,408878,21344,20618.14,9482792,0
"2021-07-02",9626,4806909,11178,4287809,1498,410376,22302,20027.71,9505094,0
"2021-07-03",7040,4813949,8239,4296048,1182,411558,16461,19618.71,9521555,0
"2021-07-04",1285,4815234,1318,4297366,562,412120,3165,18388.57,9524720,0
"2021-07-05",6490,4821724,7022,4304388,1186,413306,14698,17531.43,9539418,0
"2021-07-06",9491,4831215,12602,4316990,1277,414583,23370,17554.71,9562788,0
"2021-07-07",8615,4839830,10796,4327786,1374,415957,20785,17446.43,9583573,0
"2021-07-08",8152,4847982,9955,4337741,1221,417178,19328,17158.43,9602901,0
"2021-07-09",8303,4856285,10576,4348317,1236,418414,20115,16846,9623016,0
"2021-07-10",7099,4863384,8480,4356797,1117,419531,16696,16879.57,9639712,0
"2021-07-11",4116,4867500,4505,4361302,697,420228,9318,17758.57,9649030,0
"2021-07-12",8409,4875909,9376,4370678,1228,421456,19013,18375,9668043,0
"2021-07-13",9402,4885311,9210,4379888,933,422389,19545,17828.57,9687588,0
"2021-07-14",8901,4894212,9369,4389257,996,423385,19266,17611.57,9706854,0
"2021-07-15",8665,4902877,8901,4398158,1039,424424,18605,17508.29,9725459,0
"2021-07-16",9181,4912058,9603,4407761,960,425384,19744,17455.29,9745203,0
"2021-07-17",6809,4918867,7266,4415027,785,426169,14860,17193,9760063,0
"2021-07-18",4241,4923108,4257,4419284,566,426735,9064,17156.71,9769127,0
"2021-07-19",9023,4932131,8329,4427613,988,427723,18340,17060.57,9787467,0
"2021-07-20",10512,4942643,8618,4436231,981,428704,20111,17141.43,9807578,0
"2021-07-21",9949,4952592,8534,4444765,900,429604,19383,17158.14,9826961,0
"2021-07-22",10556,4963148,8314,4453079,1033,430637,19903,17343.57,9846864,0
"2021-07-23",11079,4974227,8663,4461742,1089,431726,20831,17498.86,9867695,0
"2021-07-24",7349,4981576,6611,4468353,665,432391,14625,17465.29,9882320,0
"2021-07-25",5483,4987059,2079,4470432,503,432894,8065,17322.57,9890385,0
"2021-07-26",10819,4997878,6877,4477309,845,433739,18541,17351.29,9908926,0
"2021-07-27",12017,5009895,8446,4485755,840,434579,21303,17521.57,9930229,0
"2021-07-28",11782,5021677,7818,4493573,926,435505,20526,17684.86,9950755,0
"2021-07-29",10766,5032443,7212,4500785,947,436452,18925,17545.14,9969680,0
"2021-07-30",14753,5047196,7777,4508562,1115,437567,23645,17947.14,9993325,0
"2021-07-31",9676,5056872,6153,4514715,800,438367,16629,18233.43,10009954,0
"2021-08-01",6396,5063268,3241,4517956,496,438863,10133,18528.86,10020087,0
"2021-08-02",13261,5076529,7027,4524983,781,439644,21069,18890,10041156,0
"2021-08-03",15104,5091633,8189,4533172,937,440581,24230,19308.14,10065386,0
"2021-08-04",16888,5108521,7833,4541005,1370,441951,26091,20103.14,10091477,0
"2021-08-05",17418,5125939,7571,4548576,1266,443217,26255,21150.29,10117732,120000
"2021-08-06",17590,5143529,7855,4556431,1129,444346,26574,21568.71,10144306,120000
"2021-08-07",12780,5156309,5650,4562081,705,445051,19135,21926.71,10163441,120000
"2021-08-08",8638,5164947,3478,4565559,372,445423,12488,22263.14,10175929,120000
"2021-08-09",16937,5181884,6072,4571631,822,446245,23831,22657.71,10199760,120000
"2021-08-10",14037,5195921,6351,4577982,755,447000,21143,22216.71,10220903,120000
"2021-08-11",5282,5201203,2424,4580406,365,447365,8071,19642.43,10228974,120000
