"DATE","ADMIN_DOSE1_DAILY","ADMIN_DOSE1_CUMULATIVE","ADMIN_DOSE2_DAILY","ADMIN_DOSE2_CUMULATIVE","ADMIN_SINGLE_DAILY","ADMIN_SINGLE_CUMULATIVE","ADMIN_ADDITIONAL_DAILY","ADMIN_ADDITIONAL_CUMULATIVE","ADMIN_ALLDOSES_DAILY","ADMIN_ALLDOSES_7DAYAVG","ADMIN_ALLDOSES_CUMULATIVE","INCOMPLETE"
"2020-12-14",79,79,0,0,0,0,0,0,79,,79,0
"2020-12-15",2053,2132,5,5,4,4,0,0,2062,,2141,0
"2020-12-16",4598,6730,13,18,1,5,1,1,4613,,6754,0
"2020-12-17",4652,11382,18,36,0,5,1,2,4671,,11425,0
"2020-12-18",5831,17213,20,56,2,7,2,4,5855,,17280,0
"2020-12-19",1689,18902,6,62,3,10,0,4,1698,,18978,0
"2020-12-20",1112,20014,2,64,1,11,0,4,1115,2870.43,20093,0
"2020-12-21",6332,26346,15,79,1,12,5,9,6353,3766.71,26446,0
"2020-12-22",9797,36143,25,104,2,14,1,10,9825,4875.71,36271,0
"2020-12-23",14269,50412,34,138,3,17,1,11,14307,6260.57,50578,0
"2020-12-24",7205,57617,25,163,1,18,0,11,7231,6626.29,57809,0
"2020-12-25",180,57797,0,163,0,18,1,12,181,5815.71,57990,0
"2020-12-26",4364,62161,41,204,0,18,1,13,4406,6202.57,62396,0
"2020-12-27",3854,66015,12,216,0,18,0,13,3866,6595.57,66262,0
"2020-12-28",10993,77008,43,259,1,19,3,16,11040,7265.14,77302,0
"2020-12-29",10725,87733,30,289,2,21,2,18,10759,7398.57,88061,0
"2020-12-30",12840,100573,41,330,0,21,0,18,12881,7194.86,100942,0
"2020-12-31",7266,107839,31,361,1,22,0,18,7298,7204.43,108240,0
"2021-01-01",187,108026,2,363,1,23,3,21,193,7206.14,108433,0
"2021-01-02",3815,111841,10,373,2,25,1,22,3828,7123.57,112261,0
"2021-01-03",3539,115380,22,395,2,27,1,23,3564,7080.43,115825,0
"2021-01-04",12252,127632,805,1200,2,29,6,29,13065,7369.71,128890,0
"2021-01-05",14078,141710,2187,3387,2,31,9,38,16276,8157.86,145166,0
"2021-01-06",17811,159521,3913,7300,1,32,30,68,21755,9425.57,166921,0
"2021-01-07",16538,176059,5174,12474,4,36,41,109,21757,11491.14,188678,0
"2021-01-08",16622,192681,5448,17922,0,36,29,138,22099,14620.57,210777,0
"2021-01-09",7659,200340,1455,19377,1,37,8,146,9123,15377,219900,0
"2021-01-10",7895,208235,971,20348,0,37,9,155,8875,16135.71,228775,0
"2021-01-11",25850,234085,7433,27781,1,38,47,202,33331,19030.86,262106,0
"2021-01-12",28265,262350,7842,35623,1,39,41,243,36149,21869.86,298255,0
"2021-01-13",31729,294079,9360,44983,1,40,50,293,41140,24639.14,339395,0
"2021-01-14",35820,329899,5308,50291,1,41,25,318,41154,27410.14,380549,0
"2021-01-15",29281,359180,3699,53990,2,43,26,344,33008,28968.57,413557,0
"2021-01-16",30316,389496,2366,56356,0,43,20,364,32702,32337,446259,0
"2021-01-17",23797,413293,1604,57960,0,43,15,379,25416,34700,471675,0
"2021-01-18",27145,440438,2387,60347,0,43,33,412,29565,34162,501240,0
"2021-01-19",34330,474768,9606,69953,1,44,64,476,44001,35283.71,545241,0
"2021-01-20",34914,509682,9478,79431,1,45,58,534,44451,35756.71,589692,0
"2021-01-21",25632,535314,8080,87511,0,45,44,578,33756,34699.86,623448,0
"2021-01-22",24769,560083,4373,91884,1,46,26,604,29169,34151.43,652617,0
"2021-01-23",15763,575846,3196,95080,0,46,11,615,18970,32189.71,671587,0
"2021-01-24",7191,583037,3438,98518,0,46,13,628,10642,30079.14,682229,0
"2021-01-25",13430,596467,11795,110313,0,46,61,689,25286,29467.86,707515,0
"2021-01-26",16789,613256,10731,121044,0,46,62,751,27582,27122.29,735097,0
"2021-01-27",20862,634118,12328,133372,0,46,44,795,33234,25519.86,768331,0
"2021-01-28",30798,664916,12822,146194,0,46,75,870,43695,26939.71,812026,0
"2021-01-29",31717,696633,11465,157659,0,46,69,939,43251,28951.43,855277,0
"2021-01-30",18739,715372,3726,161385,0,46,19,958,22484,29453.43,877761,0
"2021-01-31",13032,728404,2902,164287,0,46,23,981,15957,30212.71,893718,0
"2021-02-01",1182,729586,5365,169652,3,49,31,1012,6581,27540.57,900299,0
"2021-02-02",2816,732402,9477,179129,2,51,44,1056,12339,25363,912638,0
"2021-02-03",16390,748792,21213,200342,3,54,187,1243,37793,26014.29,950431,0
"2021-02-04",27059,775851,19634,219976,2,56,182,1425,46877,26468.86,997308,0
"2021-02-05",27630,803481,20004,239980,0,56,166,1591,47800,27118.71,1045108,0
"2021-02-06",22993,826474,11239,251219,0,56,100,1691,34332,28811.29,1079440,0
"2021-02-07",12054,838528,8278,259497,0,56,77,1768,20409,29447.29,1099849,0
"2021-02-08",17017,855545,23478,282975,2,58,213,1981,40710,34322.86,1140559,0
"2021-02-09",17219,872764,28106,311081,2,60,304,2285,45631,39078.86,1186190,0
"2021-02-10",19622,892386,29297,340378,2,62,247,2532,49168,40703.86,1235358,0
"2021-02-11",27886,920272,33489,373867,2,64,302,2834,61679,42818.43,1297037,0
"2021-02-12",38454,958726,30773,404640,3,67,324,3158,69554,45926.14,1366591,0
"2021-02-13",28037,986763,25303,429943,2,69,282,3440,53624,48682.14,1420215,0
"2021-02-14",16310,1003073,23723,453666,0,69,239,3679,40272,51519.71,1460487,0
"2021-02-15",12813,1015886,10518,464184,1,70,152,3831,23484,49058.86,1483971,0
"2021-02-16",14265,1030151,26737,490921,0,70,296,4127,41298,48439.86,1525269,0
"2021-02-17",16428,1046579,22170,513091,1,71,260,4387,38859,46967.14,1564128,0
"2021-02-18",12178,1058757,24972,538063,20,91,262,4649,37432,43503.29,1601560,0
"2021-02-19",13307,1072064,23926,561989,39,130,270,4919,37542,38930.14,1639102,0
"2021-02-20",11353,1083417,26088,588077,6,136,301,5220,37748,36662.14,1676850,0
"2021-02-21",6366,1089783,17435,605512,15,151,265,5485,24081,34349.14,1700931,0
"2021-02-22",13051,1102834,11834,617346,2,153,118,5603,25005,34566.43,1725936,0
"2021-02-23",25247,1128081,14158,631504,1,154,150,5753,39556,34317.57,1765492,0
"2021-02-24",36384,1164465,20347,651851,0,154,200,5953,56931,36899.29,1822423,0
"2021-02-25",54611,1219076,30340,682191,6,160,360,6313,85317,43740,1907740,0
"2021-02-26",62921,1281997,31795,713986,4,164,370,6683,95090,51961.14,2002830,0
"2021-02-27",51335,1333332,22700,736686,47,211,308,6991,74390,57195.71,2077220,0
"2021-02-28",44641,1377973,13744,750430,6,217,187,7178,58578,62123.86,2135798,0
"2021-03-01",39319,1417292,12728,763158,9,226,158,7336,52214,66010.86,2188012,0
"2021-03-02",47096,1464388,12516,775674,7,233,150,7486,59769,68898.43,2247781,0
"2021-03-03",48605,1512993,16115,791789,17,250,137,7623,64874,70033.14,2312655,0
"2021-03-04",59847,1572840,22758,814547,1092,1342,253,7876,83950,69837.86,2396605,0
"2021-03-05",61019,1633859,24236,838783,3112,4454,302,8178,88669,68920.57,2485274,0
"2021-03-06",47182,1681041,18842,857625,5450,9904,221,8399,71695,68535.57,2556969,0
"2021-03-07",36057,1717098,14821,872446,6246,16150,223,8622,57347,68359.71,2614316,0
"2021-03-08",39626,1756724,14656,887102,8568,24718,295,8917,63145,69921.29,2677461,0
"2021-03-09",39111,1795835,12771,899873,7769,32487,170,9087,59821,69928.71,2737282,0
"2021-03-10",51843,1847678,15231,915104,5066,37553,197,9284,72337,70994.86,2809619,0
"2021-03-11",60014,1907692,21736,936840,4615,42168,231,9515,86596,71372.86,2896215,0
"2021-03-12",52221,1959913,30249,967089,4183,46351,349,9864,87002,71134.71,2983217,0
"2021-03-13",40671,2000584,26669,993758,5111,51462,298,10162,72749,71285.29,3055966,0
"2021-03-14",30734,2031318,15908,1009666,4536,55998,219,10381,51397,70435.29,3107363,0
"2021-03-15",33587,2064905,17193,1026859,4739,60737,215,10596,55734,69376.57,3163097,0
"2021-03-16",38703,2103608,20404,1047263,4924,65661,241,10837,64272,70012.43,3227369,0
"2021-03-17",42647,2146255,24699,1071962,4248,69909,308,11145,71902,69950.29,3299271,0
"2021-03-18",50509,2196764,26682,1098644,5241,75150,335,11480,82767,69403.29,3382038,0
"2021-03-19",47826,2244590,29822,1128466,5625,80775,357,11837,83630,68921.57,3465668,0
"2021-03-20",38740,2283330,25713,1154179,4691,85466,271,12108,69415,68445.29,3535083,0
"2021-03-21",29311,2312641,19274,1173453,771,86237,196,12304,49552,68181.71,3584635,0
"2021-03-22",33881,2346522,26618,1200071,4024,90261,243,12547,64766,69472,3649401,0
"2021-03-23",38449,2384971,32722,1232793,4222,94483,259,12806,75652,71097.71,3725053,0
"2021-03-24",41521,2426492,37459,1270252,4848,99331,295,13101,84123,72843.57,3809176,0
"2021-03-25",43442,2469934,50603,1320855,5050,104381,417,13518,99512,75235.71,3908688,0
"2021-03-26",38523,2508457,55285,1376140,4308,108689,493,14011,98609,77375.57,4007297,0
"2021-03-27",35768,2544225,45542,1421682,2940,111629,365,14376,84615,79547,4091912,0
"2021-03-28",26414,2570639,34253,1455935,1480,113109,312,14688,62459,81390.86,4154371,0
"2021-03-29",34852,2605491,38603,1494538,3250,116359,317,15005,77022,83141.71,4231393,0
"2021-03-30",40569,2646060,41746,1536284,3714,120073,303,15308,86332,84667.43,4317725,0
"2021-03-31",49445,2695505,44686,1580970,7441,127514,368,15676,101940,87212.71,4419665,0
"2021-04-01",50774,2746279,53868,1634838,11278,138792,458,16134,116378,89622.14,4536043,0
"2021-04-02",43753,2790032,53811,1688649,11968,150760,506,16640,110038,91254.86,4646081,0
"2021-04-03",39278,2829310,39105,1727754,9858,160618,317,16957,88558,91818.14,4734639,0
"2021-04-04",26563,2855873,24594,1752348,3901,164519,214,17171,55272,90791.43,4789911,0
"2021-04-05",41879,2897752,34357,1786705,11188,175707,348,17519,87772,92327.14,4877683,0
"2021-04-06",53285,2951037,35426,1822131,13175,188882,405,17924,102291,94607,4979974,0
"2021-04-07",55560,3006597,40550,1862681,14383,203265,368,18292,110861,95881.43,5090835,0
"2021-04-08",59288,3065885,46444,1909125,16325,219590,476,18768,122533,96760.71,5213368,0
"2021-04-09",56652,3122537,44816,1953941,17525,237115,474,19242,119467,98107.71,5332835,0
"2021-04-10",49379,3171916,35629,1989570,12731,249846,350,19592,98089,99469.29,5430924,0
"2021-04-11",38188,3210104,28807,2018377,7683,257529,265,19857,74943,102279.43,5505867,0
"2021-04-12",46663,3256767,31817,2050194,13479,271008,433,20290,92392,102939.43,5598259,0
"2021-04-13",52574,3309341,33747,2083941,368,271376,371,20661,87060,100763.57,5685319,0
"2021-04-14",50199,3359540,39921,2123862,20,271396,339,21000,90479,97851.86,5775798,0
"2021-04-15",52152,3411692,43659,2167521,15,271411,425,21425,96251,94097.29,5872049,0
"2021-04-16",51209,3462901,42210,2209731,30,271441,390,21815,93839,90436.14,5965888,0
"2021-04-17",43867,3506768,35667,2245398,3,271444,336,22151,79873,87833.86,6045761,0
"2021-04-18",28624,3535392,29344,2274742,7,271451,228,22379,58203,85442.43,6103964,0
"2021-04-19",37487,3572879,36435,2311177,22,271473,288,22667,74232,82848.14,6178196,0
"2021-04-20",40827,3613706,39634,2350811,19,271492,272,22939,80752,81947,6258948,0
"2021-04-21",38922,3652628,45918,2396729,15,271507,457,23396,85312,81208.86,6344260,0
"2021-04-22",38530,3691158,48923,2445652,9,271516,303,23699,87765,79996.57,6432025,0
"2021-04-23",39717,3730875,44332,2489984,5,271521,329,24028,84383,78645.71,6516408,0
"2021-04-24",31975,3762850,41594,2531578,44,271565,252,24280,73865,77787.43,6590273,0
"2021-04-25",18432,3781282,31227,2562805,86,271651,173,24453,49918,76603.86,6640191,0
"2021-04-26",26981,3808263,40705,2603510,1014,272665,262,24715,68962,75851,6709153,0
"2021-04-27",28590,3836853,47097,2650607,1694,274359,327,25042,77708,75416.14,6786861,0
"2021-04-28",27085,3863938,56818,2707425,2140,276499,403,25445,86446,75578.14,6873307,0
"2021-04-29",28652,3892590,57127,2764552,2142,278641,330,25775,88251,75647.57,6961558,0
"2021-04-30",30154,3922744,51929,2816481,2054,280695,268,26043,84405,75650.71,7045963,0
"2021-05-01",22489,3945233,44528,2861009,1175,281870,214,26257,68406,74870.86,7114369,0
"2021-05-02",11933,3957166,36627,2897636,1080,282950,127,26384,49767,74849.29,7164136,0
"2021-05-03",18051,3975217,52982,2950618,2382,285332,234,26618,73649,75518.86,7237785,0
"2021-05-04",22764,3997981,56602,3007220,2327,287659,235,26853,81928,76121.71,7319713,0
"2021-05-05",21493,4019474,48781,3056001,2311,289970,283,27136,72868,74182,7392581,0
"2021-05-06",20714,4040188,50140,3106141,2509,292479,253,27389,73616,72091.29,7466197,0
"2021-05-07",21285,4061473,52072,3158213,2810,295289,270,27659,76437,70953,7542634,0
"2021-05-08",16640,4078113,41863,3200076,1835,297124,206,27865,60544,69829.86,7603178,0
"2021-05-09",7979,4086092,29412,3229488,1260,298384,132,27997,38783,68260.71,7641961,0
"2021-05-10",14409,4100501,38503,3267991,2354,300738,211,28208,55477,65664.71,7697438,0
"2021-05-11",19961,4120462,43005,3310996,2509,303247,266,28474,65741,63352.29,7763179,0
"2021-05-12",17818,4138280,40525,3351521,3590,306837,214,28688,62147,61820.71,7825326,0
"2021-05-13",24990,4163270,40400,3391921,3225,310062,244,28932,68859,61141.14,7894185,0
"2021-05-14",27035,4190305,42884,3434805,3533,313595,259,29191,73711,60751.71,7967896,0
"2021-05-15",23668,4213973,34908,3469713,3364,316959,221,29412,62161,60982.71,8030057,0
"2021-05-16",15554,4229527,19413,3489126,2497,319456,114,29526,37578,60810.57,8067635,0
"2021-05-17",22671,4252198,29114,3518240,3253,322709,159,29685,55197,60770.57,8122832,0
"2021-05-18",24643,4276841,31883,3550123,3401,326110,217,29902,60144,59971,8182976,0
"2021-05-19",24214,4301055,29689,3579812,3037,329147,209,30111,57149,59257,8240125,0
"2021-05-20",24196,4325251,30046,3609858,3156,332303,245,30356,57643,57654.71,8297768,0
"2021-05-21",24698,4349949,31923,3641781,3062,335365,231,30587,59914,55683.71,8357682,0
"2021-05-22",20019,4369968,24341,3666122,2525,337890,152,30739,47037,53523.14,8404719,0
"2021-05-23",11239,4381207,13711,3679833,1411,339301,92,30831,26453,51933.86,8431172,0
"2021-05-24",18887,4400094,23122,3702955,2757,342058,201,31032,44967,50472.43,8476139,0
"2021-05-25",19443,4419537,23355,3726310,2601,344659,175,31207,45574,48391,8521713,0
"2021-05-26",18789,4438326,21057,3747367,2696,347355,192,31399,42734,46331.71,8564447,0
"2021-05-27",18482,4456808,21198,3768565,2528,349883,182,31581,42390,44152.71,8606837,0
"2021-05-28",17888,4474696,22876,3791441,2749,352632,163,31744,43676,41833,8650513,0
"2021-05-29",12707,4487403,17795,3809236,1755,354387,93,31837,32350,39734.86,8682863,0
"2021-05-30",7034,4494437,8947,3818183,1072,355459,39,31876,17092,38397.57,8699955,0
"2021-05-31",4749,4499186,6918,3825101,1011,356470,57,31933,12735,33793,8712690,0
"2021-06-01",16061,4515247,25166,3850267,2172,358642,138,32071,43537,33502,8756227,0
"2021-06-02",15365,4530612,20363,3870630,2094,360736,130,32201,37952,32818.86,8794179,0
"2021-06-03",15015,4545627,23800,3894430,2283,363019,111,32312,41209,32650.14,8835388,0
"2021-06-04",14745,4560372,25925,3920355,2492,365511,140,32452,43302,32596.71,8878690,0
"2021-06-05",10991,4571363,22044,3942399,1806,367317,115,32567,34956,32969,8913646,0
"2021-06-06",6454,4577817,14445,3956844,1221,368538,82,32649,22202,33699,8935848,0
"2021-06-07",11729,4589546,21748,3978592,2377,370915,134,32783,35988,37020.86,8971836,0
"2021-06-08",12679,4602225,23965,4002557,2071,372986,118,32901,38833,36348.86,9010669,0
"2021-06-09",11162,4613387,22968,4025525,2298,375284,130,33031,36558,36149.71,9047227,0
"2021-06-10",12089,4625476,22184,4047709,2461,377745,130,33161,36864,35529,9084091,0
"2021-06-11",12724,4638200,25069,4072778,2479,380224,150,33311,40422,35117.57,9124513,0
"2021-06-12",10184,4648384,19274,4092052,1890,382114,87,33398,31435,34614.57,9155948,0
"2021-06-13",4255,4652639,10924,4102976,1219,383333,39,33437,16437,33791,9172385,0
"2021-06-14",10220,4662859,19194,4122170,2044,385377,123,33560,31581,33161.43,9203966,0
"2021-06-15",11901,4674760,20978,4143148,1942,387319,117,33677,34938,32605,9238904,0
"2021-06-16",11603,4686363,19379,4162527,1956,389275,132,33809,33070,32106.71,9271974,0
"2021-06-17",11039,4697402,18730,4181257,1968,391243,111,33920,31848,31390.14,9303822,0
"2021-06-18",12170,4709572,18474,4199731,2114,393357,104,34024,32862,30310.14,9336684,0
"2021-06-19",8507,4718079,13512,4213243,1458,394815,71,34095,23548,29183.43,9360232,0
"2021-06-20",4336,4722415,7162,4220405,923,395738,33,34128,12454,28614.43,9372686,0
"2021-06-21",10173,4732588,9984,4230389,1805,397543,63,34191,22025,27249.29,9394711,0
"2021-06-22",9851,4742439,15618,4246007,1583,399126,94,34285,27146,26136.14,9421857,0
"2021-06-23",10330,4752769,15155,4261162,1861,400987,98,34383,27444,25332.43,9449301,0
"2021-06-24",9706,4762475,14674,4275836,1797,402784,111,34494,26288,24538.14,9475589,0
"2021-06-25",10600,4773075,14366,4290202,1715,404499,104,34598,26785,23670,9502374,0
"2021-06-26",7807,4780882,10423,4300625,1243,405742,75,34673,19548,23098.57,9521922,0
"2021-06-27",5013,4785895,5984,4306609,796,406538,33,34706,11826,23008.86,9533748,0
"2021-06-28",9048,4794943,10320,4316929,1523,408061,102,34808,20993,22861.43,9554741,0
"2021-06-29",9761,4804704,12297,4329226,1347,409408,118,34926,23523,22343.86,9578264,0
"2021-06-30",9424,4814128,10912,4340138,1480,410888,143,35069,21959,21560.29,9600223,0
"2021-07-01",9392,4823520,10890,4351028,1429,412317,113,35182,21824,20922.57,9622047,0
"2021-07-02",9698,4833218,11416,4362444,1537,413854,117,35299,22768,20348.71,9644815,0
"2021-07-03",7059,4840277,8408,4370852,1194,415048,75,35374,16736,19947,9661551,0
"2021-07-04",1291,4841568,1331,4372183,567,415615,8,35382,3197,18714.29,9664748,0
"2021-07-05",6498,4848066,7090,4379273,1208,416823,65,35447,14861,17838.29,9679609,0
"2021-07-06",9527,4857593,12822,4392095,1314,418137,112,35559,23775,17874.29,9703384,0
"2021-07-07",8677,4866270,11082,4403177,1413,419550,115,35674,21287,17778.29,9724671,0
"2021-07-08",8204,4874474,10177,4413354,1259,420809,100,35774,19740,17480.57,9744411,0
"2021-07-09",8381,4882855,10798,4424152,1278,422087,92,35866,20549,17163.57,9764960,0
"2021-07-10",7111,4889966,8615,4432767,1130,423217,59,35925,16915,17189.14,9781875,0
"2021-07-11",4105,4894071,4533,4437300,702,423919,32,35957,9372,18071.29,9791247,0
"2021-07-12",8459,4902530,9528,4446828,1246,425165,72,36029,19305,18706.14,9810552,0
"2021-07-13",9470,4912000,9366,4456194,949,426114,99,36128,19884,18150.29,9830436,0
"2021-07-14",9011,4921011,9510,4465704,1008,427122,98,36226,19627,17913.14,9850063,0
"2021-07-15",8791,4929802,9132,4474836,1052,428174,80,36306,19055,17815.29,9869118,0
"2021-07-16",9256,4939058,9739,4484575,978,429152,93,36399,20066,17746.29,9889184,0
"2021-07-17",6855,4945913,7365,4491940,799,429951,75,36474,15094,17486.14,9904278,0
"2021-07-18",4260,4950173,4283,4496223,569,430520,33,36507,9145,17453.71,9913423,0
"2021-07-19",9120,4959293,8446,4504669,998,431518,82,36589,18646,17359.57,9932069,0
"2021-07-20",10661,4969954,8740,4513409,992,432510,83,36672,20476,17444.14,9952545,0
"2021-07-21",10065,4980019,8736,4522145,906,433416,136,36808,19843,17475,9972388,0
"2021-07-22",10691,4990710,8555,4530700,1045,434461,139,36947,20430,17671.43,9992818,0
"2021-07-23",11239,5001949,8865,4539565,1111,435572,129,37076,21344,17854,10014162,0
"2021-07-24",7414,5009363,6724,4546289,669,436241,79,37155,14886,17824.29,10029048,0
"2021-07-25",5485,5014848,2115,4548404,509,436750,58,37213,8167,17684.57,10037215,0
"2021-07-26",10892,5025740,6971,4555375,856,437606,101,37314,18820,17709.43,10056035,0
"2021-07-27",12063,5037803,8553,4563928,856,438462,129,37443,21601,17870.14,10077636,0
"2021-07-28",11993,5049796,8029,4571957,950,439412,129,37572,21101,18049.86,10098737,0
"2021-07-29",10946,5060742,7409,4579366,982,440394,127,37699,19464,17911.86,10118201,0
"2021-07-30",14956,5075698,7993,4587359,1147,441541,172,37871,24268,18329.57,10142469,0
"2021-07-31",9742,5085440,6295,4593654,816,442357,113,37984,16966,18626.71,10159435,0
"2021-08-01",6509,5091949,3303,4596957,564,442921,77,38061,10453,18953.29,10169888,0
"2021-08-02",13460,5105409,7137,4604094,847,443768,142,38203,21586,19348.43,10191474,0
"2021-08-03",15424,5120833,8343,4612437,1097,444865,143,38346,25007,19835,10216481,0
"2021-08-04",17264,5138097,8104,4620541,1451,446316,167,38513,26986,20675.71,10243467,0
"2021-08-05",17881,5155978,7898,4628439,1365,447681,152,38665,27296,21794.57,10270763,0
"2021-08-06",18196,5174174,8388,4636827,1231,448912,156,38821,27971,22323.57,10298734,0
"2021-08-07",13383,5187557,5992,4642819,792,449704,96,38917,20263,22794.57,10318997,0
"2021-08-08",9323,5196880,3820,4646639,398,450102,77,38994,13618,23246.71,10332615,0
"2021-08-09",21327,5218207,8509,4655148,964,451066,163,39157,30963,24586.29,10363578,0
"2021-08-10",18937,5237144,9302,4664450,946,452012,164,39321,29349,25206.57,10392927,0
"2021-08-11",15658,5252802,8295,4672745,850,452862,116,39437,24919,24911.29,10417846,0
"2021-08-12",15057,5267859,8958,4681703,937,453799,162,39599,25114,24599.57,10442960,0
"2021-08-13",14938,5282797,9247,4690950,918,454717,231,39830,25334,24222.86,10468294,0
"2021-08-14",10430,5293227,6394,4697344,624,455341,516,40346,17964,23894.43,10486258,0
"2021-08-15",6705,5299932,4460,4701804,675,456016,565,40911,12405,23721.14,10498663,0
"2021-08-16",15737,5315669,9269,4711073,1149,457165,1299,42210,27454,23219.86,10526117,0
"2021-08-17",17792,5333461,10433,4721506,1217,458382,1738,43948,31180,23481.43,10557297,0
"2021-08-18",17497,5350958,10319,4731825,1253,459635,1964,45912,31033,24354.86,10588330,0
"2021-08-19",16340,5367298,9489,4741314,1316,460951,1922,47834,29067,24919.57,10617397,0
"2021-08-20",16309,5383607,11514,4752828,1253,462204,1835,49669,30911,25716.29,10648308,0
"2021-08-21",11158,5394765,8028,4760856,876,463080,1046,50715,21108,26165.43,10669416,0
"2021-08-22",4093,5398858,3899,4764755,260,463340,508,51223,8760,25644.71,10678176,0
"2021-08-23",15600,5414458,11778,4776533,1022,464362,1521,52744,29921,25997.14,10708097,0
"2021-08-24",16936,5431394,12584,4789117,1006,465368,1754,54498,32280,26154.29,10740377,0
"2021-08-25",14604,5445998,12414,4801531,1109,466477,1536,56034,29663,25958.57,10770040,0
"2021-08-26",16196,5462194,14045,4815576,1072,467549,1747,57781,33060,26529,10803100,0
"2021-08-27",14855,5477049,14797,4830373,970,468519,1641,59422,32263,26722.14,10835363,0
"2021-08-28",10722,5487771,11488,4841861,836,469355,996,60418,24042,27141.29,10859405,0
"2021-08-29",7230,5495001,7493,4849354,541,469896,758,61176,16022,28178.71,10875427,0
"2021-08-30",15557,5510558,16878,4866232,1075,470971,1778,62954,35288,28945.43,10910715,0
"2021-08-31",15551,5526109,15907,4882139,950,471921,1940,64894,34348,29240.86,10945063,0
"2021-09-01",14855,5540964,14074,4896213,1019,472940,1772,66666,31720,29534.71,10976783,0
"2021-09-02",14368,5555332,12498,4908711,898,473838,1668,68334,29432,29016.43,11006215,0
"2021-09-03",15027,5570359,14284,4922995,973,474811,1862,70196,32146,28999.71,11038361,0
"2021-09-04",9656,5580015,9398,4932393,687,475498,948,71144,20689,28520.71,11059050,0
"2021-09-05",6822,5586837,5504,4937897,438,475936,694,71838,13458,28154.43,11072508,0
"2021-09-06",5207,5592044,4501,4942398,358,476294,264,72102,10330,24589,11082838,0
"2021-09-07",15593,5607637,17665,4960063,912,477206,1519,73621,35689,24780.57,11118527,0
"2021-09-08",16216,5623853,14768,4974831,1072,478278,1734,75355,33790,25076.29,11152317,0
"2021-09-09",16140,5639993,14718,4989549,1046,479324,1877,77232,33781,25697.57,11186098,0
"2021-09-10",18403,5658396,15345,5004894,1206,480530,1941,79173,36895,26376,11222993,0
"2021-09-11",12651,5671047,10331,5015225,959,481489,1009,80182,24950,26984.71,11247943,0
"2021-09-12",8549,5679596,5039,5020264,766,482255,685,80867,15039,27210.57,11262982,0
"2021-09-13",16956,5696552,12938,5033202,970,483225,1612,82479,32476,30374.29,11295458,0
"2021-09-14",16297,5712849,13642,5046844,883,484108,1571,84050,32393,29903.43,11327851,0
"2021-09-15",15595,5728444,12805,5059649,731,484839,1553,85603,30684,29459.71,11358535,0
"2021-09-16",15378,5743822,13880,5073529,1210,486049,1419,87022,31887,29189.14,11390422,0
"2021-09-17",14480,5758302,13894,5087423,913,486962,1802,88824,31089,28359.71,11421511,0
"2021-09-18",10023,5768325,10161,5097584,913,487875,1030,89854,22127,27956.43,11443638,0
"2021-09-19",6193,5774518,6059,5103643,557,488432,734,90588,13543,27742.71,11457181,0
"2021-09-20",12706,5787224,12611,5116254,1067,489499,1888,92476,28272,27142.14,11485453,0
"2021-09-21",12250,5799474,12749,5129003,1111,490610,1983,94459,28093,26527.86,11513546,0
"2021-09-22",12852,5812326,11957,5140960,1086,491696,1635,96094,27530,26077.29,11541076,0
"2021-09-23",14934,5827260,12724,5153684,1637,493333,2213,98307,31508,26023.14,11572584,0
"2021-09-24",16483,5843743,13317,5167001,1630,494963,4506,102813,35936,26715.57,11608520,0
"2021-09-25",10588,5854331,9005,5176006,1016,495979,3374,106187,23983,26980.71,11632503,0
"2021-09-26",6342,5860673,5743,5181749,773,496752,2372,108559,15230,27221.71,11647733,0
"2021-09-27",14198,5874871,8034,5189783,1153,497905,8846,117405,32231,27787.29,11679964,0
"2021-09-28",11201,5886072,11734,5201517,891,498796,9662,127067,33488,28558,11713452,0
"2021-09-29",11644,5897716,12158,5213675,1199,499995,9204,136271,34205,29511.57,11747657,0
"2021-09-30",12282,5909998,12562,5226237,1340,501335,9527,145798,35711,30112,11783368,0
"2021-10-01",12676,5922674,13379,5239616,1280,502615,10107,155905,37442,30327.14,11820810,0
"2021-10-02",7747,5930421,9955,5249571,864,503479,4157,160062,22723,30147.14,11843533,0
"2021-10-03",5086,5935507,6147,5255718,594,504073,2557,162619,14384,30026.29,11857917,0
"2021-10-04",9936,5945443,10995,5266713,913,504986,9367,171986,31211,29880.57,11889128,0
"2021-10-05",10203,5955646,11740,5278453,972,505958,9812,181798,32727,29771.86,11921855,0
"2021-10-06",9949,5965595,11024,5289477,936,506894,9801,191599,31710,29415.43,11953565,0
"2021-10-07",9692,5975287,12150,5301627,850,507744,10046,201645,32738,28990.71,11986303,0
"2021-10-08",9486,5984773,12114,5313741,939,508683,10767,212412,33306,28399.86,12019609,0
"2021-10-09",6289,5991062,8265,5322006,647,509330,4038,216450,19239,27902.14,12038848,0
"2021-10-10",3552,5994614,5006,5327012,457,509787,2391,218841,11406,27476.71,12050254,0
"2021-10-11",7651,6002265,9326,5336338,724,510511,8802,227643,26503,26804.14,12076757,0
"2021-10-12",8093,6010358,10978,5347316,891,511402,10379,238022,30341,26463.29,12107098,0
"2021-10-13",7211,6017569,10115,5357431,868,512270,8600,246622,26794,25761,12133892,0
"2021-10-14",7492,6025061,11076,5368507,833,513103,9907,256529,29308,25271,12163200,0
"2021-10-15",7776,6032837,11829,5380336,819,513922,10596,267125,31020,24944.43,12194220,0
"2021-10-16",4882,6037719,7449,5387785,662,514584,3750,270875,16743,24587.86,12210963,0
"2021-10-17",3073,6040792,4467,5392252,409,514993,2399,273274,10348,24436.71,12221311,0
"2021-10-18",7103,6047895,10632,5402884,796,515789,9273,282547,27804,24622.57,12249115,0
"2021-10-19",6674,6054569,8918,5411802,805,516594,8862,291409,25259,23896.57,12274374,0
"2021-10-20",6574,6061143,9343,5421145,969,517563,9778,301187,26664,23878,12301038,0
"2021-10-21",7067,6068210,9331,5430476,853,518416,10566,311753,27817,23665,12328855,0
"2021-10-22",8176,6076386,10305,5440781,1018,519434,15978,327731,35477,24301.71,12364332,0
"2021-10-23",5212,6081598,6442,5447223,688,520122,8992,336723,21334,24957.57,12385666,0
"2021-10-24",3301,6084899,3949,5451172,748,520870,6070,342793,14068,25489,12399734,0
"2021-10-25",8857,6093756,8755,5459927,1142,522012,19025,361818,37779,26914,12437513,0
"2021-10-26",8257,6102013,7737,5467664,1256,523268,17097,378915,34347,28212.29,12471860,0
"2021-10-27",10645,6112658,8390,5476054,1600,524868,20509,399424,41144,30280.86,12513004,0
"2021-10-28",11406,6124064,8041,5484095,1773,526641,20558,419982,41778,32275.29,12554782,0
"2021-10-29",11928,6135992,8235,5492330,1956,528597,22279,442261,44398,33549.71,12599180,0
"2021-10-30",4671,6140663,5056,5497386,927,529524,11036,453297,21690,33600.57,12620870,0
"2021-10-31",2699,6143362,2700,5500086,544,530068,6566,459863,12509,33377.86,12633379,0
"2021-11-01",7212,6150574,6955,5507041,1075,531143,20065,479928,35307,33024.71,12668686,0
"2021-11-02",6664,6157238,6574,5513615,1051,532194,20520,500448,34809,33090.71,12703495,0
"2021-11-03",6940,6164178,6666,5520281,1023,533217,20380,520828,35009,32214.29,12738504,0
"2021-11-04",9365,6173543,6267,5526548,991,534208,22041,542869,38664,31769.43,12777168,0
"2021-11-05",11174,6184717,6734,5533282,1052,535260,23496,566365,42456,31492,12819624,0
"2021-11-06",11179,6195896,4043,5537325,592,535852,12495,578860,28309,32437.57,12847933,0
"2021-11-07",7281,6203177,2273,5539598,576,536428,7038,585898,17168,33103.14,12865101,0
"2021-11-08",15125,6218302,5658,5545256,865,537293,19285,605183,40933,33906.86,12906034,0
"2021-11-09",16233,6234535,5387,5550643,659,537952,20314,625497,42593,35018.86,12948627,0
"2021-11-10",17031,6251566,5327,5555970,682,538634,22341,647838,45381,36500.57,12994008,0
"2021-11-11",12665,6264231,5206,5561176,756,539390,21760,669598,40387,36746.71,13034395,0
"2021-11-12",16981,6281212,5686,5566862,701,540091,23148,692746,46516,37326.71,13080911,0
"2021-11-13",9985,6291197,3680,5570542,463,540554,13200,705946,27328,37186.57,13108239,0
"2021-11-14",6130,6297327,2295,5572837,320,540874,7835,713781,16580,37102.57,13124819,0
"2021-11-15",13319,6310646,5981,5578818,685,541559,24834,738615,44819,37657.71,13169638,0
"2021-11-16",10183,6320829,5794,5584612,645,542204,30132,768747,46754,38252.14,13216392,0
"2021-11-17",10616,6331445,6677,5591289,689,542893,30745,799492,48727,38730.14,13265119,0
"2021-11-18",11063,6342508,6534,5597823,864,543757,32407,831899,50868,40227.43,13315987,0
"2021-11-19",12347,6354855,6548,5604371,718,544475,35714,867613,55327,41486.14,13371314,0
"2021-11-20",9547,6364402,3427,5607798,511,544986,22156,889769,35641,42673.71,13406955,0
"2021-11-21",5094,6369496,1895,5609693,287,545273,12935,902704,20211,43192.43,13427166,0
"2021-11-22",10738,6380234,5780,5615473,749,546022,35236,937940,52503,44290.14,13479669,0
"2021-11-23",9992,6390226,4800,5620273,636,546658,33020,970960,48448,44532.14,13528117,0
"2021-11-24",8831,6399057,4748,5625021,650,547308,25628,996588,39857,43265,13567974,0
"2021-11-25",457,6399514,324,5625345,79,547387,971,997559,1831,36259.71,13569805,0
"2021-11-26",8362,6407876,6939,5632284,526,547913,26053,1023612,41880,34338.71,13611685,0
"2021-11-27",6871,6414747,6794,5639078,377,548290,18382,1041994,32424,33879.14,13644109,0
"2021-11-28",4227,6418974,5726,5644804,287,548577,11524,1053518,21764,34101,13665873,0
"2021-11-29",9513,6428487,10930,5655734,685,549262,34181,1087699,55309,34501.86,13721182,0
"2021-11-30",10516,6439003,10934,5666668,511,549773,36172,1123871,58133,35885.43,13779315,0
"2021-12-01",11417,6450420,10886,5677554,712,550485,39593,1163464,62608,39135.57,13841923,0
"2021-12-02",11986,6462406,10985,5688539,619,551104,41114,1204578,64704,48117.43,13906627,0
"2021-12-03",14023,6476429,12754,5701293,675,551779,46674,1251252,74126,52724,13980753,0
"2021-12-04",10088,6486517,11149,5712442,568,552347,29906,1281158,51711,55479.29,14032464,0
"2021-12-05",5732,6492249,5757,5718199,268,552615,16308,1297466,28065,56379.43,14060529,0
"2021-12-06",12837,6505086,9883,5728082,603,553218,42288,1339754,65611,57851.14,14126140,0
"2021-12-07",13130,6518216,9162,5737244,625,553843,41927,1381681,64844,58809.86,14190984,0
"2021-12-08",14043,6532259,8647,5745891,552,554395,39587,1421268,62829,58841.43,14253813,0
"2021-12-09",13939,6546198,8706,5754597,555,554950,39656,1460924,62856,58577.43,14316669,0
"2021-12-10",14506,6560704,10041,5764638,656,555606,42510,1503434,67713,57661.29,14384382,0
"2021-12-11",10430,6571134,7994,5772632,405,556011,26289,1529723,45118,56719.43,14429500,0
"2021-12-12",6045,6577179,3828,5776460,284,556295,14888,1544611,25045,56288,14454545,0
"2021-12-13",12414,6589593,7375,5783835,649,556944,37291,1581902,57729,55162,14512274,0
"2021-12-14",12471,6602064,6853,5790688,728,557672,37235,1619137,57287,54082.43,14569561,0
"2021-12-15",12499,6614563,6181,5796869,751,558423,36723,1655860,56154,53128.86,14625715,0
"2021-12-16",13496,6628059,4185,5801054,739,559162,39670,1695530,58090,52448,14683805,0
"2021-12-17",16417,6644476,6816,5807870,616,559778,45169,1740699,69018,52634.43,14752823,0
"2021-12-18",13146,6657622,5646,5813516,419,560197,29599,1770298,48810,53161.86,14801633,0
"2021-12-19",7054,6664676,2961,5816477,329,560526,17391,1787689,27735,53546.14,14829368,0
"2021-12-20",17243,6681919,5790,5822267,734,561260,45634,1833323,69401,55213.57,14898769,0
"2021-12-21",18337,6700256,6367,5828634,783,562043,47032,1880355,72519,57389.57,14971288,0
"2021-12-22",18773,6719029,6428,5835062,911,562954,47631,1927986,73743,59902.29,15045031,0
"2021-12-23",19219,6738248,6383,5841445,903,563857,44369,1972355,70874,61728.57,15115905,0
"2021-12-24",9296,6747544,2902,5844347,572,564429,19920,1992275,32690,56538.86,15148595,0
"2021-12-25",315,6747859,63,5844410,22,564451,395,1992670,795,49679.57,15149390,0
"2021-12-26",8148,6756007,3849,5848259,336,564787,16912,2009582,29245,49895.29,15178635,0
"2021-12-27",21314,6777321,9087,5857346,917,565704,42445,2052027,73763,50518.43,15252398,0
"2021-12-28",19577,6796898,8223,5865569,673,566377,46292,2098319,74765,50839.29,15327163,0
"2021-12-29",18012,6814910,7432,5873001,582,566959,44244,2142563,70270,50343.14,15397433,0
"2021-12-30",16511,6831421,7247,5880248,563,567522,43703,2186266,68024,49936,15465457,0
"2021-12-31",5129,6836550,2721,5882969,177,567699,14259,2200525,22286,48449.71,15487743,0
"2022-01-01",225,6836775,126,5883095,11,567710,481,2201006,843,48456.57,15488586,0
"2022-01-02",6435,6843210,4971,5888066,145,567855,10860,2211866,22411,47480.29,15510997,0
"2022-01-03",13934,6857144,8315,5896381,500,568355,26057,2237923,48806,43915,15559803,0
"2022-01-04",12910,6870054,7944,5904325,375,568730,26148,2264071,47377,40002.43,15607180,0
"2022-01-05",11658,6881712,6768,5911093,371,569101,24608,2288679,43405,36164.57,15650585,0
"2022-01-06",11630,6893342,7166,5918259,455,569556,26215,2314894,45466,32942,15696051,120000
"2022-01-07",10261,6903603,8043,5926302,310,569866,23065,2337959,41679,35712.43,15737730,120000
"2022-01-08",7762,6911365,8174,5934476,285,570151,17544,2355503,33765,40415.57,15771495,120000
"2022-01-09",4141,6915506,3679,5938155,189,570340,9277,2364780,17286,39683.43,15788781,120000
"2022-01-10",10007,6925513,7709,5945864,393,570733,22391,2387171,40500,38496.86,15829281,120000
"2022-01-11",8500,6934013,7417,5953281,425,571158,18145,2405316,34487,36655.43,15863768,120000
"2022-01-12",2776,6936789,2954,5956235,141,571299,6573,2411889,12444,32232.43,15876212,120000
