"DATE","ADMIN_DOSE1_DAILY","ADMIN_DOSE1_CUMULATIVE","ADMIN_DOSE2_DAILY","ADMIN_DOSE2_CUMULATIVE","ADMIN_SINGLE_DAILY","ADMIN_SINGLE_CUMULATIVE","ADMIN_ADDITIONAL_DAILY","ADMIN_ADDITIONAL_CUMULATIVE","ADMIN_ALLDOSES_DAILY","ADMIN_ALLDOSES_7DAYAVG","ADMIN_ALLDOSES_CUMULATIVE","INCOMPLETE"
"2020-12-14",79,79,0,0,0,0,0,0,79,,79,0
"2020-12-15",2052,2131,5,5,4,4,0,0,2061,,2140,0
"2020-12-16",4602,6733,13,18,1,5,1,1,4617,,6757,0
"2020-12-17",4655,11388,17,35,0,5,1,2,4673,,11430,0
"2020-12-18",5833,17221,20,55,2,7,2,4,5857,,17287,0
"2020-12-19",1690,18911,6,61,3,10,0,4,1699,,18986,0
"2020-12-20",1116,20027,2,63,1,11,0,4,1119,2872.14,20105,0
"2020-12-21",6339,26366,17,80,0,11,6,10,6362,3769.71,26467,0
"2020-12-22",9796,36162,28,108,2,13,1,11,9827,4879.14,36294,0
"2020-12-23",14272,50434,36,144,3,16,1,12,14312,6264.14,50606,0
"2020-12-24",7200,57634,25,169,1,17,0,12,7226,6628.86,57832,0
"2020-12-25",180,57814,0,169,0,17,1,13,181,5818,58013,0
"2020-12-26",4390,62204,43,212,0,17,1,14,4434,6208.71,62447,0
"2020-12-27",3868,66072,13,225,0,17,1,15,3882,6603.43,66329,0
"2020-12-28",10992,77064,50,275,1,18,3,18,11046,7272.57,77375,0
"2020-12-29",10723,87787,32,307,2,20,2,20,10759,7405.71,88134,0
"2020-12-30",12827,100614,44,351,0,20,0,20,12871,7199.86,101005,0
"2020-12-31",7261,107875,31,382,1,21,0,20,7293,7209.43,108298,0
"2021-01-01",181,108056,2,384,1,22,3,23,187,7210.29,108485,0
"2021-01-02",3810,111866,10,394,2,24,1,24,3823,7123,112308,0
"2021-01-03",3542,115408,23,417,2,26,1,25,3568,7078.14,115876,0
"2021-01-04",12256,127664,806,1223,2,28,6,31,13070,7367.29,128946,0
"2021-01-05",14082,141746,2193,3416,2,30,10,41,16287,8157,145233,0
"2021-01-06",17809,159555,3922,7338,1,31,29,70,21761,9427,166994,0
"2021-01-07",16547,176102,5173,12511,4,35,45,115,21769,11495,188763,0
"2021-01-08",16621,192723,5454,17965,0,35,31,146,22106,14626.29,210869,0
"2021-01-09",7650,200373,1463,19428,1,36,7,153,9121,15383.14,219990,0
"2021-01-10",7885,208258,980,20408,0,36,10,163,8875,16141.29,228865,0
"2021-01-11",25818,234076,7457,27865,2,38,47,210,33324,19034.71,262189,0
"2021-01-12",28264,262340,7858,35723,1,39,43,253,36166,21874.57,298355,0
"2021-01-13",31721,294061,9377,45100,1,40,54,307,41153,24644.86,339508,0
"2021-01-14",35803,329864,5326,50426,1,41,28,335,41158,27414.71,380666,0
"2021-01-15",29270,359134,3702,54128,2,43,33,368,33007,28972,413673,0
"2021-01-16",30291,389425,2380,56508,0,43,23,391,32694,32339.57,446367,0
"2021-01-17",23760,413185,1617,58125,0,43,18,409,25395,34699.57,471762,0
"2021-01-18",27111,440296,2409,60534,0,43,34,443,29554,34161,501316,0
"2021-01-19",34303,474599,9619,70153,1,44,67,510,43990,35278.71,545306,0
"2021-01-20",34866,509465,9492,79645,1,45,58,568,44417,35745,589723,0
"2021-01-21",25594,535059,8089,87734,2,47,49,617,33734,34684.43,623457,0
"2021-01-22",24755,559814,4385,92119,1,48,29,646,29170,34136.29,652627,0
"2021-01-23",15743,575557,3223,95342,0,48,10,656,18976,32176.57,671603,0
"2021-01-24",7180,582737,3447,98789,0,48,19,675,10646,30069.57,682249,0
"2021-01-25",13414,596151,11815,110604,0,48,64,739,25293,29460.86,707542,0
"2021-01-26",16769,612920,10745,121349,0,48,66,805,27580,27116.57,735122,0
"2021-01-27",20832,633752,12357,133706,0,48,49,854,33238,25519.57,768360,0
"2021-01-28",30765,664517,12842,146548,0,48,82,936,43689,26941.71,812049,0
"2021-01-29",31693,696210,11498,158046,0,48,75,1011,43266,28955.43,855315,0
"2021-01-30",18714,714924,3739,161785,0,48,20,1031,22473,29455,877788,0
"2021-01-31",13024,727948,2919,164704,1,49,26,1057,15970,30215.57,893758,0
"2021-02-01",1178,729126,5367,170071,4,53,36,1093,6585,27543,900343,0
"2021-02-02",2826,731952,9466,179537,2,55,51,1144,12345,25366.57,912688,0
"2021-02-03",16353,748305,21232,200769,4,59,201,1345,37790,26016.86,950478,0
"2021-02-04",27044,775349,19646,220415,3,62,198,1543,46891,26474.29,997369,0
"2021-02-05",27603,802952,20023,240438,0,62,180,1723,47806,27122.86,1045175,0
"2021-02-06",22994,825946,11244,251682,0,62,107,1830,34345,28818.86,1079520,0
"2021-02-07",12045,837991,8279,259961,1,63,87,1917,20412,29453.43,1099932,0
"2021-02-08",16971,854962,23508,283469,2,65,231,2148,40712,34328.71,1140644,0
"2021-02-09",17199,872161,28108,311577,2,67,324,2472,45633,39084.14,1186277,0
"2021-02-10",19600,891761,29298,340875,2,69,258,2730,49158,40708.14,1235435,0
"2021-02-11",27849,919610,33464,374339,2,71,345,3075,61660,42818,1297095,0
"2021-02-12",38413,958023,30789,405128,3,74,344,3419,69549,45924.14,1366644,0
"2021-02-13",28012,986035,25305,430433,2,76,302,3721,53621,48677.86,1420265,0
"2021-02-14",16288,1002323,23723,454156,0,76,257,3978,40268,51514.43,1460533,0
"2021-02-15",12798,1015121,10522,464678,2,78,165,4143,23487,49053.71,1484020,0
"2021-02-16",14242,1029363,26727,491405,0,78,315,4458,41284,48432.43,1525304,0
"2021-02-17",16406,1045769,22172,513577,1,79,284,4742,38863,46961.71,1564167,0
"2021-02-18",12156,1057925,24984,538561,21,100,280,5022,37441,43501.86,1601608,0
"2021-02-19",13271,1071196,23927,562488,39,139,294,5316,37531,38927.86,1639139,0
"2021-02-20",11351,1082547,26077,588565,6,145,320,5636,37754,36661.14,1676893,0
"2021-02-21",6360,1088907,17423,605988,15,160,282,5918,24080,34348.57,1700973,0
"2021-02-22",13040,1101947,11847,617835,2,162,122,6040,25011,34566.29,1725984,0
"2021-02-23",25245,1127192,14147,631982,1,163,157,6197,39550,34318.57,1765534,0
"2021-02-24",36357,1163549,20356,652338,0,163,214,6411,56927,36899.14,1822461,0
"2021-02-25",54615,1218164,30347,682685,6,169,387,6798,85355,43744,1907816,0
"2021-02-26",62880,1281044,31838,714523,4,173,393,7191,95115,51970.29,2002931,0
"2021-02-27",51301,1332345,22736,737259,47,220,326,7517,74410,57206.86,2077341,0
"2021-02-28",44604,1376949,13788,751047,7,227,200,7717,58599,62138.14,2135940,0
"2021-03-01",39315,1416264,12749,763796,10,237,167,7884,52241,66028.14,2188181,0
"2021-03-02",47083,1463347,12543,776339,7,244,157,8041,59790,68919.57,2247971,0
"2021-03-03",48608,1511955,16126,792465,17,261,147,8188,64898,70058.29,2312869,0
"2021-03-04",59827,1571782,22788,815253,1092,1353,262,8450,83969,69860.29,2396838,0
"2021-03-05",60991,1632773,24248,839501,3109,4462,329,8779,88677,68940.57,2485515,0
"2021-03-06",47179,1679952,18864,858365,5448,9910,236,9015,71727,68557.29,2557242,0
"2021-03-07",36045,1715997,14850,873215,6247,16157,226,9241,57368,68381.43,2614610,0
"2021-03-08",39615,1755612,14660,887875,8564,24721,310,9551,63149,69939.71,2677759,0
"2021-03-09",39102,1794714,12793,900668,7767,32488,175,9726,59837,69946.43,2737596,0
"2021-03-10",51831,1846545,15269,915937,5069,37557,220,9946,72389,71016.57,2809985,0
"2021-03-11",60004,1906549,21756,937693,4618,42175,250,10196,86628,71396.43,2896613,0
"2021-03-12",52201,1958750,30273,967966,4183,46358,369,10565,87026,71160.57,2983639,0
"2021-03-13",40662,1999412,26668,994634,5110,51468,321,10886,72761,71308.29,3056400,0
"2021-03-14",30722,2030134,15937,1010571,4528,55996,235,11121,51422,70458.86,3107822,0
"2021-03-15",33589,2063723,17219,1027790,4722,60718,231,11352,55761,69403.43,3163583,0
"2021-03-16",38673,2102396,20465,1048255,4925,65643,253,11605,64316,70043.29,3227899,0
"2021-03-17",42623,2145019,24740,1072995,4245,69888,334,11939,71942,69979.43,3299841,0
"2021-03-18",50476,2195495,26736,1099731,5239,75127,361,12300,82812,69434.29,3382653,0
"2021-03-19",47809,2243304,29893,1129624,5624,80751,385,12685,83711,68960.71,3466364,0
"2021-03-20",38713,2282017,25775,1155399,4690,85441,290,12975,69468,68490.29,3535832,0
"2021-03-21",29306,2311323,19300,1174699,771,86212,217,13192,49594,68229.14,3585426,0
"2021-03-22",33866,2345189,26688,1201387,4038,90250,260,13452,64852,69527.86,3650278,0
"2021-03-23",38441,2383630,32782,1234169,4221,94471,283,13735,75727,71158,3726005,0
"2021-03-24",41511,2425141,37533,1271702,4849,99320,318,14053,84211,72910.71,3810216,0
"2021-03-25",43424,2468565,50695,1322397,5053,104373,456,14509,99628,75313,3909844,0
"2021-03-26",38517,2507082,55403,1377800,4311,108684,517,15026,98748,77461.14,4008592,0
"2021-03-27",35756,2542838,45647,1423447,2939,111623,407,15433,84749,79644.14,4093341,0
"2021-03-28",26400,2569238,34362,1457809,1481,113104,322,15755,62565,81497.14,4155906,0
"2021-03-29",34837,2604075,38761,1496570,3248,116352,334,16089,77180,83258.29,4233086,0
"2021-03-30",40519,2644594,41878,1538448,3714,120066,320,16409,86431,84787.43,4319517,0
"2021-03-31",49413,2694007,44808,1583256,7441,127507,392,16801,102054,87336.43,4421571,0
"2021-04-01",50780,2744787,53913,1637169,11273,138780,496,17297,116462,89741.29,4538033,0
"2021-04-02",43767,2788554,53839,1691008,11973,150753,541,17838,110120,91365.86,4648153,0
"2021-04-03",39265,2827819,39170,1730178,9861,160614,334,18172,88630,91920.29,4736783,0
"2021-04-04",26563,2854382,24686,1754864,3901,164515,221,18393,55371,90892.57,4792154,0
"2021-04-05",41887,2896269,34409,1789273,11195,175710,362,18755,87853,92417.29,4880007,0
"2021-04-06",53283,2949552,35535,1824808,13220,188930,421,19176,102459,94707,4982466,0
"2021-04-07",55522,3005074,40662,1865470,14384,203314,386,19562,110954,95978.43,5093420,0
"2021-04-08",59280,3064354,46544,1912014,16335,219649,503,20065,122662,96864.14,5216082,0
"2021-04-09",56655,3121009,44924,1956938,17549,237198,497,20562,119625,98222,5335707,0
"2021-04-10",49366,3170375,35636,1992574,12727,249925,375,20937,98104,99575.43,5433811,0
"2021-04-11",38195,3208570,28810,2021384,7686,257611,283,21220,74974,102375.86,5508785,0
"2021-04-12",46652,3255222,31838,2053222,13495,271106,452,21672,92437,103030.71,5601222,0
"2021-04-13",52565,3307787,33770,2086992,368,271474,389,22061,87092,100835.43,5688314,0
"2021-04-14",50163,3357950,39953,2126945,20,271494,355,22416,90491,97912.14,5778805,0
"2021-04-15",52140,3410090,43664,2170609,16,271510,451,22867,96271,94142,5875076,0
"2021-04-16",51194,3461284,42220,2212829,32,271542,404,23271,93850,90459.86,5968926,0
"2021-04-17",43851,3505135,35683,2248512,3,271545,362,23633,79899,87859.14,6048825,0
"2021-04-18",28613,3533748,29372,2277884,7,271552,244,23877,58236,85468,6107061,0
"2021-04-19",37489,3571237,36442,2314326,22,271574,306,24183,74259,82871.14,6181320,0
"2021-04-20",40816,3612053,39630,2353956,19,271593,297,24480,80762,81966.86,6262082,0
"2021-04-21",38910,3650963,45961,2399917,15,271608,479,24959,85365,81234.57,6347447,0
"2021-04-22",38523,3689486,48942,2448859,9,271617,329,25288,87803,80024.86,6435250,0
"2021-04-23",39713,3729199,44369,2493228,4,271621,347,25635,84433,78679.57,6519683,0
"2021-04-24",31968,3761167,41594,2534822,44,271665,273,25908,73879,77819.57,6593562,0
"2021-04-25",18428,3779595,31229,2566051,86,271751,185,26093,49928,76632.71,6643490,0
"2021-04-26",26980,3806575,40725,2606776,1013,272764,281,26374,68999,75881.29,6712489,0
"2021-04-27",28576,3835151,47121,2653897,1695,274459,342,26716,77734,75448.71,6790223,0
"2021-04-28",27055,3862206,56831,2710728,2146,276605,418,27134,86450,75603.71,6876673,0
"2021-04-29",28621,3890827,57176,2767904,2145,278750,362,27496,88304,75675.29,6964977,0
"2021-04-30",30129,3920956,51982,2819886,2056,280806,274,27770,84441,75676.43,7049418,0
"2021-05-01",22486,3943442,44550,2864436,1176,281982,223,27993,68435,74898.71,7117853,0
"2021-05-02",11932,3955374,36651,2901087,1080,283062,132,28125,49795,74879.71,7167648,0
"2021-05-03",18038,3973412,53019,2954106,2383,285445,242,28367,73682,75548.71,7241330,0
"2021-05-04",22750,3996162,56641,3010747,2330,287775,255,28622,81976,76154.71,7323306,0
"2021-05-05",21481,4017643,48791,3059538,2311,290086,308,28930,72891,74217.71,7396197,0
"2021-05-06",20696,4038339,50174,3109712,2509,292595,260,29190,73639,72122.71,7469836,0
"2021-05-07",21266,4059605,52092,3161804,2812,295407,302,29492,76472,70984.29,7546308,0
"2021-05-08",16635,4076240,41878,3203682,1835,297242,219,29711,60567,69860.29,7606875,0
"2021-05-09",7977,4084217,29410,3233092,1260,298502,150,29861,38797,68289.14,7645672,0
"2021-05-10",14402,4098619,38538,3271630,2356,300858,221,30082,55517,65694.14,7701189,0
"2021-05-11",19930,4118549,43047,3314677,2514,303372,278,30360,65769,63378.86,7766958,0
"2021-05-12",17816,4136365,40529,3355206,3596,306968,229,30589,62170,61847.29,7829128,0
"2021-05-13",24986,4161351,40428,3395634,3228,310196,256,30845,68898,61170,7898026,0
"2021-05-14",27036,4188387,42903,3438537,3536,313732,279,31124,73754,60781.71,7971780,0
"2021-05-15",23662,4212049,34919,3473456,3366,317098,241,31365,62188,61013.29,8033968,0
"2021-05-16",15547,4227596,19431,3492887,2497,319595,124,31489,37599,60842.14,8071567,0
"2021-05-17",22679,4250275,29141,3522028,3257,322852,175,31664,55252,60804.29,8126819,0
"2021-05-18",24645,4274920,31904,3553932,3404,326256,230,31894,60183,60006.29,8187002,0
"2021-05-19",24211,4299131,29707,3583639,3039,329295,219,32113,57176,59292.86,8244178,0
"2021-05-20",24168,4323299,30083,3613722,3160,332455,264,32377,57675,57689.57,8301853,0
"2021-05-21",24696,4347995,32000,3645722,3060,335515,240,32617,59996,55724.14,8361849,0
"2021-05-22",20031,4368026,24355,3670077,2525,338040,155,32772,47066,53563.86,8408915,0
"2021-05-23",11239,4379265,13725,3683802,1411,339451,97,32869,26472,51974.29,8435387,0
"2021-05-24",18887,4398152,23147,3706949,2757,342208,214,33083,45005,50510.43,8480392,0
"2021-05-25",19444,4417596,23372,3730321,2601,344809,174,33257,45591,48425.86,8525983,0
"2021-05-26",18793,4436389,21075,3751396,2695,347504,199,33456,42762,46366.71,8568745,0
"2021-05-27",18481,4454870,21263,3772659,2530,350034,190,33646,42464,44193.71,8611209,0
"2021-05-28",17876,4472746,22889,3795548,2752,352786,182,33828,43699,41865.57,8654908,0
"2021-05-29",12716,4485462,17802,3813350,1755,354541,103,33931,32376,39767,8687284,0
"2021-05-30",7033,4492495,8950,3822300,1074,355615,42,33973,17099,38428,8704383,0
"2021-05-31",4742,4497237,6925,3829225,1011,356626,63,34036,12741,33818.86,8717124,0
"2021-06-01",16049,4513286,25198,3854423,2174,358800,149,34185,43570,33530.14,8760694,0
"2021-06-02",15357,4528643,20385,3874808,2092,360892,138,34323,37972,32845.86,8798666,0
"2021-06-03",15010,4543653,23816,3898624,2280,363172,121,34444,41227,32669.14,8839893,0
"2021-06-04",14736,4558389,25980,3924604,2492,365664,142,34586,43350,32619.29,8883243,0
"2021-06-05",11000,4569389,22079,3946683,1806,367470,111,34697,34996,32993.57,8918239,0
"2021-06-06",6453,4575842,14465,3961148,1222,368692,81,34778,22221,33725.29,8940460,0
"2021-06-07",11717,4587559,21779,3982927,2379,371071,140,34918,36015,37050.14,8976475,0
"2021-06-08",12660,4600219,24014,4006941,2072,373143,116,35034,38862,36377.57,9015337,0
"2021-06-09",11155,4611374,23022,4029963,2298,375441,129,35163,36604,36182.14,9051941,0
"2021-06-10",12078,4623452,22228,4052191,2462,377903,138,35301,36906,35564.86,9088847,0
"2021-06-11",12714,4636166,25108,4077299,2482,380385,151,35452,40455,35151.29,9129302,0
"2021-06-12",10170,4646336,19303,4096602,1888,382273,93,35545,31454,34645.29,9160756,0
"2021-06-13",4259,4650595,10936,4107538,1220,383493,41,35586,16456,33821.71,9177212,0
"2021-06-14",10220,4660815,19235,4126773,2042,385535,124,35710,31621,33194,9208833,0
"2021-06-15",11894,4672709,21006,4147779,1943,387478,123,35833,34966,32637.43,9243799,0
"2021-06-16",11595,4684304,19402,4167181,1958,389436,138,35971,33093,32135.86,9276892,0
"2021-06-17",11028,4695332,18758,4185939,1970,391406,117,36088,31873,31416.86,9308765,0
"2021-06-18",12172,4707504,18494,4204433,2115,393521,114,36202,32895,30336.86,9341660,0
"2021-06-19",8505,4716009,13521,4217954,1460,394981,77,36279,23563,29209.57,9365223,0
"2021-06-20",4336,4720345,7162,4225116,924,395905,36,36315,12458,28638.43,9377681,0
"2021-06-21",10169,4730514,10001,4235117,1806,397711,67,36382,22043,27270.14,9399724,0
"2021-06-22",9843,4740357,15638,4250755,1590,399301,102,36484,27173,26156.86,9426897,0
"2021-06-23",10323,4750680,15177,4265932,1861,401162,102,36586,27463,25352.57,9454360,0
"2021-06-24",9695,4760375,14693,4280625,1798,402960,116,36702,26302,24556.71,9480662,0
"2021-06-25",10596,4770971,14380,4295005,1718,404678,109,36811,26803,23686.43,9507465,0
"2021-06-26",7811,4778782,10460,4305465,1246,405924,73,36884,19590,23118.86,9527055,0
"2021-06-27",5004,4783786,5998,4311463,796,406720,32,36916,11830,23029.14,9538885,0
"2021-06-28",9036,4792822,10343,4321806,1524,408244,104,37020,21007,22881.14,9559892,0
"2021-06-29",9750,4802572,12314,4334120,1348,409592,123,37143,23535,22361.43,9583427,0
"2021-06-30",9430,4812002,10928,4345048,1480,411072,145,37288,21983,21578.57,9605410,0
"2021-07-01",9402,4821404,10924,4355972,1431,412503,124,37412,21881,20947,9627291,0
"2021-07-02",9696,4831100,11434,4367406,1541,414044,122,37534,22793,20374.14,9650084,0
"2021-07-03",7062,4838162,8420,4375826,1193,415237,75,37609,16750,19968.43,9666834,0
"2021-07-04",1289,4839451,1335,4377161,567,415804,8,37617,3199,18735.43,9670033,0
"2021-07-05",6493,4845944,7102,4384263,1208,417012,66,37683,14869,17858.57,9684902,0
"2021-07-06",9517,4855461,12845,4397108,1317,418329,113,37796,23792,17895.29,9708694,0
"2021-07-07",8679,4864140,11104,4408212,1419,419748,119,37915,21321,17800.71,9730015,0
"2021-07-08",8210,4872350,10194,4418406,1260,421008,105,38020,19769,17499,9749784,0
"2021-07-09",8381,4880731,10827,4429233,1279,422287,87,38107,20574,17182,9770358,0
"2021-07-10",7112,4887843,8625,4437858,1133,423420,63,38170,16933,17208.14,9787291,0
"2021-07-11",4105,4891948,4538,4442396,703,424123,36,38206,9382,18091.43,9796673,0
"2021-07-12",8456,4900404,9551,4451947,1250,425373,78,38284,19335,18729.43,9816008,0
"2021-07-13",9470,4909874,9380,4461327,951,426324,104,38388,19905,18174.14,9835913,0
"2021-07-14",9007,4918881,9525,4470852,1009,427333,104,38492,19645,17934.71,9855558,0
"2021-07-15",8798,4927679,9147,4479999,1052,428385,80,38572,19077,17835.86,9874635,0
"2021-07-16",9245,4936924,9764,4489763,978,429363,101,38673,20088,17766.43,9894723,0
"2021-07-17",6848,4943772,7384,4497147,802,430165,78,38751,15112,17506.29,9909835,0
"2021-07-18",4260,4948032,4284,4501431,569,430734,34,38785,9147,17472.71,9918982,0
"2021-07-19",9129,4957161,8468,4509899,999,431733,88,38873,18684,17379.71,9937666,0
"2021-07-20",10657,4967818,8752,4518651,991,432724,91,38964,20491,17463.43,9958157,0
"2021-07-21",10059,4977877,8758,4527409,903,433627,141,39105,19861,17494.29,9978018,0
"2021-07-22",10687,4988564,8582,4535991,1044,434671,140,39245,20453,17690.86,9998471,0
"2021-07-23",11259,4999823,8877,4544868,1114,435785,134,39379,21384,17876,10019855,0
"2021-07-24",7407,5007230,6734,4551602,670,436455,82,39461,14893,17844.71,10034748,0
"2021-07-25",5481,5012711,2122,4553724,509,436964,59,39520,8171,17705.29,10042919,0
"2021-07-26",10881,5023592,6993,4560717,859,437823,109,39629,18842,17727.86,10061761,0
"2021-07-27",12061,5035653,8561,4569278,857,438680,132,39761,21611,17887.86,10083372,0
"2021-07-28",12000,5047653,8046,4577324,950,439630,129,39890,21125,18068.43,10104497,0
"2021-07-29",10943,5058596,7425,4584749,983,440613,129,40019,19480,17929.43,10123977,0
"2021-07-30",14957,5073553,8006,4592755,1149,441762,179,40198,24291,18344.71,10148268,0
"2021-07-31",9737,5083290,6309,4599064,816,442578,116,40314,16978,18642.57,10165246,0
"2021-08-01",6506,5089796,3308,4602372,564,443142,79,40393,10457,18969.14,10175703,0
"2021-08-02",13454,5103250,7153,4609525,848,443990,143,40536,21598,19362.86,10197301,0
"2021-08-03",15424,5118674,8381,4617906,1107,445097,145,40681,25057,19855.14,10222358,0
"2021-08-04",17263,5135937,8122,4626028,1454,446551,177,40858,27016,20696.71,10249374,0
"2021-08-05",17872,5153809,7918,4633946,1365,447916,163,41021,27318,21816.43,10276692,0
"2021-08-06",18186,5171995,8407,4642353,1233,449149,165,41186,27991,22345,10304683,0
"2021-08-07",13390,5185385,6012,4648365,799,449948,98,41284,20299,22819.43,10324982,0
"2021-08-08",9312,5194697,3833,4652198,399,450347,79,41363,13623,23271.71,10338605,0
"2021-08-09",21339,5216036,8530,4660728,963,451310,168,41531,31000,24614.86,10369605,0
"2021-08-10",18928,5234964,9325,4670053,950,452260,169,41700,29372,25231.29,10398977,0
"2021-08-11",15659,5250623,8306,4678359,852,453112,124,41824,24941,24934.86,10423918,0
"2021-08-12",15054,5265677,8976,4687335,937,454049,167,41991,25134,24622.86,10449052,0
"2021-08-13",14927,5280604,9285,4696620,921,454970,236,42227,25369,24248.29,10474421,0
"2021-08-14",10416,5291020,6408,4703028,626,455596,523,42750,17973,23916,10492394,0
"2021-08-15",6697,5297717,4475,4707503,677,456273,566,43316,12415,23743.43,10504809,0
"2021-08-16",15726,5313443,9288,4716791,1149,457422,1315,44631,27478,23240.29,10532287,0
"2021-08-17",17784,5331227,10438,4727229,1220,458642,1751,46382,31193,23500.43,10563480,0
"2021-08-18",17524,5348751,10354,4737583,1259,459901,1972,48354,31109,24381.57,10594589,0
"2021-08-19",16316,5365067,9516,4747099,1316,461217,1937,50291,29085,24946,10623674,0
"2021-08-20",16295,5381362,11533,4758632,1254,462471,1844,52135,30926,25739.86,10654600,0
"2021-08-21",11162,5392524,8040,4766672,877,463348,1047,53182,21126,26190.29,10675726,0
"2021-08-22",4087,5396611,3904,4770576,262,463610,512,53694,8765,25668.86,10684491,0
"2021-08-23",15582,5412193,11792,4782368,1023,464633,1541,55235,29938,26020.29,10714429,0
"2021-08-24",16923,5429116,12593,4794961,1006,465639,1767,57002,32289,26176.86,10746718,0
"2021-08-25",14589,5443705,12434,4807395,1111,466750,1557,58559,29691,25974.29,10776409,0
"2021-08-26",16177,5459882,14078,4821473,1072,467822,1758,60317,33085,26545.71,10809494,0
"2021-08-27",14890,5474772,14816,4836289,972,468794,1651,61968,32329,26746.14,10841823,0
"2021-08-28",10692,5485464,11513,4847802,836,469630,1004,62972,24045,27163.14,10865868,0
"2021-08-29",7220,5492684,7494,4855296,541,470171,769,63741,16024,28200.14,10881892,0
"2021-08-30",15533,5508217,16916,4872212,1077,471248,1780,65521,35306,28967,10917198,0
"2021-08-31",15530,5523747,15940,4888152,952,472200,1951,67472,34373,29264.71,10951571,0
"2021-09-01",14843,5538590,14094,4902246,1021,473221,1786,69258,31744,29558,10983315,0
"2021-09-02",14352,5552942,12515,4914761,896,474117,1682,70940,29445,29038,11012760,0
"2021-09-03",15025,5567967,14293,4929054,974,475091,1887,72827,32179,29016.57,11044939,0
"2021-09-04",9650,5577617,9405,4938459,688,475779,957,73784,20700,28538.71,11065639,0
"2021-09-05",6811,5584428,5510,4943969,438,476217,700,74484,13459,28172.29,11079098,0
"2021-09-06",5204,5589632,4506,4948475,358,476575,267,74751,10335,24605,11089433,0
"2021-09-07",15586,5605218,17689,4966164,913,477488,1526,76277,35714,24796.57,11125147,0
"2021-09-08",16180,5621398,14822,4980986,1073,478561,1749,78026,33824,25093.71,11158971,0
"2021-09-09",16133,5637531,14741,4995727,1048,479609,1892,79918,33814,25717.86,11192785,0
"2021-09-10",18382,5655913,15389,5011116,1209,480818,1956,81874,36936,26397.43,11229721,0
"2021-09-11",12648,5668561,10341,5021457,958,481776,1017,82891,24964,27006.57,11254685,0
"2021-09-12",8545,5677106,5046,5026503,766,482542,683,83574,15040,27232.43,11269725,0
"2021-09-13",16949,5694055,12944,5039447,974,483516,1631,85205,32498,30398.57,11302223,0
"2021-09-14",16285,5710340,13670,5053117,886,484402,1579,86784,32420,29928,11334643,0
"2021-09-15",15573,5725913,12855,5065972,728,485130,1560,88344,30716,29484,11365359,0
"2021-09-16",15358,5741271,13905,5079877,1212,486342,1434,89778,31909,29211.86,11397268,0
"2021-09-17",14440,5755711,13960,5093837,922,487264,1814,91592,31136,28383.29,11428404,0
"2021-09-18",10016,5765727,10167,5104004,913,488177,1042,92634,22138,27979.57,11450542,0
"2021-09-19",6187,5771914,6067,5110071,557,488734,739,93373,13550,27766.71,11464092,0
"2021-09-20",12697,5784611,12624,5122695,1069,489803,1904,95277,28294,27166.14,11492386,0
"2021-09-21",12251,5796862,12764,5135459,1111,490914,2001,97278,28127,26552.86,11520513,0
"2021-09-22",12853,5809715,11984,5147443,1091,492005,1650,98928,27578,26104.57,11548091,0
"2021-09-23",14963,5824678,12751,5160194,1637,493642,2229,101157,31580,26057.57,11579671,0
"2021-09-24",16475,5841153,13354,5173548,1632,495274,4539,105696,36000,26752.43,11615671,0
"2021-09-25",10563,5851716,9017,5182565,1018,496292,3388,109084,23986,27016.43,11639657,0
"2021-09-26",6326,5858042,5754,5188319,773,497065,2381,111465,15234,27257,11654891,0
"2021-09-27",14190,5872232,8048,5196367,1155,498220,8878,120343,32271,27825.14,11687162,0
"2021-09-28",11180,5883412,11768,5208135,901,499121,9702,130045,33551,28600,11720713,0
"2021-09-29",11636,5895048,12179,5220314,1205,500326,9267,139312,34287,29558.43,11755000,0
"2021-09-30",12269,5907317,12587,5232901,1338,501664,9579,148891,35773,30157.43,11790773,0
"2021-10-01",12678,5919995,13422,5246323,1284,502948,10148,159039,37532,30376.29,11828305,0
"2021-10-02",7745,5927740,9976,5256299,864,503812,4168,163207,22753,30200.14,11851058,0
"2021-10-03",5085,5932825,6158,5262457,594,504406,2572,165779,14409,30082.29,11865467,0
"2021-10-04",9939,5942764,11023,5273480,913,505319,9404,175183,31279,29940.57,11896746,0
"2021-10-05",10194,5952958,11745,5285225,972,506291,9843,185026,32754,29826.71,11929500,0
"2021-10-06",9942,5962900,11051,5296276,937,507228,9835,194861,31765,29466.43,11961265,0
"2021-10-07",9701,5972601,12175,5308451,852,508080,10097,204958,32825,29045.29,11994090,0
"2021-10-08",9504,5982105,12156,5320607,943,509023,10795,215753,33398,28454.71,12027488,0
"2021-10-09",6283,5988388,8277,5328884,649,509672,4050,219803,19259,27955.57,12046747,0
"2021-10-10",3551,5991939,5019,5333903,458,510130,2402,222205,11430,27530,12058177,0
"2021-10-11",7646,5999585,9326,5343229,728,510858,8837,231042,26537,26852.57,12084714,0
"2021-10-12",8101,6007686,10992,5354221,890,511748,10410,241452,30393,26515.29,12115107,0
"2021-10-13",7194,6014880,10145,5364366,869,512617,8659,250111,26867,25815.57,12141974,0
"2021-10-14",7472,6022352,11108,5375474,836,513453,9973,260084,29389,25324.71,12171363,0
"2021-10-15",7754,6030106,11863,5387337,823,514276,10667,270751,31107,24997.43,12202470,0
"2021-10-16",4875,6034981,7457,5394794,666,514942,3772,274523,16770,24641.86,12219240,0
"2021-10-17",3066,6038047,4476,5399270,411,515353,2412,276935,10365,24489.71,12229605,0
"2021-10-18",7090,6045137,10652,5409922,797,516150,9321,286256,27860,24678.71,12257465,0
"2021-10-19",6604,6051741,8943,5418865,806,516956,8952,295208,25305,23951.86,12282770,0
"2021-10-20",6569,6058310,9375,5428240,975,517931,9857,305065,26776,23938.86,12309546,0
"2021-10-21",7070,6065380,9377,5437617,859,518790,10717,315782,28023,23743.71,12337569,0
"2021-10-22",8173,6073553,10347,5447964,1027,519817,16224,332006,35771,24410,12373340,0
"2021-10-23",5200,6078753,6461,5454425,690,520507,9048,341054,21399,25071.29,12394739,0
"2021-10-24",3290,6082043,3966,5458391,770,521277,6130,347184,14156,25612.86,12408895,0
"2021-10-25",8827,6090870,8748,5467139,1148,522425,19135,366319,37858,27041.14,12446753,0
"2021-10-26",8240,6099110,7725,5474864,1259,523684,17183,383502,34407,28341.43,12481160,0
"2021-10-27",10629,6109739,8389,5483253,1604,525288,20719,404221,41341,30422.14,12522501,0
"2021-10-28",11385,6121124,8040,5491293,1794,527082,20732,424953,41951,32411.86,12564452,0
"2021-10-29",11897,6133021,8242,5499535,1964,529046,22397,447350,44500,33658.86,12608952,0
"2021-10-30",4655,6137676,5051,5504586,934,529980,11101,458451,21741,33707.71,12630693,0
"2021-10-31",2680,6140356,2704,5507290,545,530525,6593,465044,12522,33474.29,12643215,0
"2021-11-01",7202,6147558,6950,5514240,1090,531615,20241,485285,35483,33135,12678698,0
"2021-11-02",6637,6154195,6583,5520823,1053,532668,20620,505905,34893,33204.43,12713591,0
"2021-11-03",6906,6161101,6671,5527494,1028,533696,20495,526400,35100,32312.86,12748691,0
"2021-11-04",9359,6170460,6272,5533766,996,534692,22225,548625,38852,31870.14,12787543,0
"2021-11-05",11131,6181591,6720,5540486,1052,535744,23641,572266,42544,31590.71,12830087,0
"2021-11-06",11143,6192734,4050,5544536,593,536337,12542,584808,28328,32531.71,12858415,0
"2021-11-07",7285,6200019,2283,5546819,576,536913,7069,591877,17213,33201.86,12875628,0
"2021-11-08",15111,6215130,5677,5552496,868,537781,19391,611268,41047,33996.71,12916675,0
"2021-11-09",16207,6231337,5375,5557871,661,538442,20414,631682,42657,35105.86,12959332,0
"2021-11-10",17006,6248343,5327,5563198,684,539126,22506,654188,45523,36594.86,13004855,0
"2021-11-11",12637,6260980,5194,5568392,760,539886,21940,676128,40531,36834.71,13045386,0
"2021-11-12",16957,6277937,5676,5574068,709,540595,23272,699400,46614,37416.14,13092000,0
"2021-11-13",9977,6287914,3665,5577733,465,541060,13282,712682,27389,37282,13119389,0
"2021-11-14",6046,6293960,2292,5580025,325,541385,7900,720582,16563,37189.14,13135952,0
"2021-11-15",13308,6307268,5968,5585993,690,542075,24980,745562,44946,37746.14,13180898,0
"2021-11-16",10050,6317318,5795,5591788,656,542731,30531,776093,47032,38371.14,13227930,0
"2021-11-17",10397,6327715,6674,5598462,682,543413,31255,807348,49008,38869,13276938,0
"2021-11-18",10810,6338525,6548,5605010,861,544274,32887,840235,51106,40379.71,13328044,0
"2021-11-19",12115,6350640,6551,5611561,717,544991,36128,876363,55511,41650.71,13383555,0
"2021-11-20",9388,6360028,3422,5614983,514,545505,22419,898782,35743,42844.14,13419298,0
"2021-11-21",5011,6365039,1893,5616876,288,545793,13149,911931,20341,43383.86,13439639,0
"2021-11-22",10559,6375598,5789,5622665,753,546546,35726,947657,52827,44509.71,13492466,0
"2021-11-23",9901,6385499,4780,5627445,635,547181,33358,981015,48674,44744.29,13541140,0
"2021-11-24",8784,6394283,4760,5632205,651,547832,25831,1006846,40026,43461.14,13581166,0
"2021-11-25",455,6394738,324,5632529,80,547912,995,1007841,1854,36425.14,13583020,0
"2021-11-26",8125,6402863,6989,5639518,528,548440,26498,1034339,42140,34515,13625160,0
"2021-11-27",6733,6409596,6810,5646328,373,548813,18745,1053084,32661,34074.71,13657821,0
"2021-11-28",4119,6413715,5780,5652108,282,549095,11816,1064900,21997,34311.29,13679818,0
"2021-11-29",9203,6422918,10979,5663087,688,549783,34849,1099749,55719,34724.43,13735537,0
"2021-11-30",10610,6433528,11418,5674505,512,550295,37590,1137339,60130,36361,13795667,0
"2021-12-01",11318,6444846,10960,5685465,723,551018,40181,1177520,63182,39669,13858849,0
"2021-12-02",11769,6456615,11016,5696481,626,551644,41951,1219471,65362,48741.57,13924211,0
"2021-12-03",13640,6470255,12850,5709331,676,552320,47747,1267218,74913,53423.43,13999124,0
"2021-12-04",9927,6480182,11234,5720565,567,552887,30553,1297771,52281,56226.29,14051405,0
"2021-12-05",5800,6485982,5704,5726269,270,553157,16612,1314383,28386,57139,14079791,0
"2021-12-06",12480,6498462,9933,5736202,603,553760,43088,1357471,66104,58622.57,14145895,0
"2021-12-07",12709,6511171,9214,5745416,625,554385,42898,1400369,65446,59382,14211341,0
"2021-12-08",13687,6524858,8743,5754159,556,554941,40613,1440982,63599,59441.57,14274940,0
"2021-12-09",13629,6538487,8752,5762911,558,555499,40666,1481648,63605,59190.57,14338545,0
"2021-12-10",14177,6552664,10107,5773018,667,556166,43455,1525103,68406,58261,14406951,0
"2021-12-11",10334,6562998,8050,5781068,405,556571,26638,1551741,45427,57281.86,14452378,0
"2021-12-12",6076,6569074,3855,5784923,288,556859,15110,1566851,25329,56845.14,14477707,0
"2021-12-13",12354,6581428,7409,5792332,657,557516,37749,1604600,58169,55711.57,14535876,0
"2021-12-14",12340,6593768,6942,5799274,734,558250,38026,1642626,58042,54653.86,14593918,0
"2021-12-15",12265,6606033,6237,5805511,755,559005,37957,1680583,57214,53741.71,14651132,0
"2021-12-16",13259,6619292,4249,5809760,734,559739,40853,1721436,59095,53097.43,14710227,0
"2021-12-17",16146,6635438,6921,5816681,620,560359,46517,1767953,70204,53354.29,14780431,0
"2021-12-18",13095,6648533,5716,5822397,432,560791,30471,1798424,49714,53966.71,14830145,0
"2021-12-19",7086,6655619,2986,5825383,327,561118,17919,1816343,28318,54393.71,14858463,0
"2021-12-20",17033,6672652,5864,5831247,746,561864,47238,1863581,70881,56209.71,14929344,0
"2021-12-21",18079,6690731,6550,5837797,808,562672,48702,1912283,74139,58509.29,15003483,0
"2021-12-22",18670,6709401,6547,5844344,938,563610,49439,1961722,75594,61135,15079077,0
"2021-12-23",19138,6728539,6469,5850813,929,564539,45667,2007389,72203,63007.57,15151280,0
"2021-12-24",9263,6737802,2953,5853766,598,565137,20551,2027940,33365,57744.86,15184645,0
"2021-12-25",343,6738145,65,5853831,31,565168,422,2028362,861,50765.86,15185506,0
"2021-12-26",8002,6746147,3925,5857756,341,565509,17241,2045603,29509,50936,15215015,0
"2021-12-27",21896,6768043,9198,5866954,933,566442,43311,2088914,75338,51572.71,15290353,0
"2021-12-28",20241,6788284,8317,5875271,698,567140,47444,2136358,76700,51938.57,15367053,0
"2021-12-29",18557,6806841,7647,5882918,607,567747,45389,2181747,72200,51453.71,15439253,0
"2021-12-30",16934,6823775,7403,5890321,579,568326,44690,2226437,69606,51082.71,15508859,0
"2021-12-31",5373,6829148,2790,5893111,193,568519,14699,2241136,23055,49609.86,15531914,0
"2022-01-01",236,6829384,144,5893255,11,568530,495,2241631,886,49613.43,15532800,0
"2022-01-02",6460,6835844,5005,5898260,153,568683,10963,2252594,22581,48623.71,15555381,0
"2022-01-03",14207,6850051,8471,5906731,515,569198,26788,2279382,49981,45001.29,15605362,0
"2022-01-04",13176,6863227,8052,5914783,412,569610,26886,2306268,48526,40976.43,15653888,0
"2022-01-05",11699,6874926,6947,5921730,385,569995,25644,2331912,44675,37044.29,15698563,0
"2022-01-06",11631,6886557,7347,5929077,480,570475,27347,2359259,46805,33787,15745368,0
"2022-01-07",10535,6897092,8408,5937485,336,570811,24863,2384122,44142,36799.43,15789510,0
"2022-01-08",7989,6905081,8528,5946013,310,571121,19338,2403460,36165,41839.29,15825675,0
"2022-01-09",4160,6909241,3843,5949856,214,571335,10031,2413491,18248,41220.29,15843923,0
"2022-01-10",10236,6919477,8170,5958026,489,571824,24503,2437994,43398,40279.86,15887321,0
"2022-01-11",8969,6928446,7961,5965987,520,572344,20916,2458910,38366,38828.43,15925687,0
"2022-01-12",9013,6937459,8302,5974289,429,572773,22224,2481134,39968,38156,15965655,0
"2022-01-13",9111,6946570,8827,5983116,449,573222,22716,2503850,41103,37341.43,16006758,0
"2022-01-14",10128,6956698,8065,5991181,474,573696,26153,2530003,44820,37438.29,16051578,0
"2022-01-15",6208,6962906,4258,5995439,178,573874,14919,2544922,25563,35923.71,16077141,0
"2022-01-16",2938,6965844,3251,5998690,93,573967,7799,2552721,14081,35328.43,16091222,0
"2022-01-17",6120,6971964,6746,6005436,363,574330,14602,2567323,27831,33104.57,16119053,0
"2022-01-18",8146,6980110,10144,6015580,395,574725,19322,2586645,38007,33053.29,16157060,0
"2022-01-19",7550,6987660,9227,6024807,305,575030,17611,2604256,34693,32299.71,16191753,0
"2022-01-20",6353,6994013,8556,6033363,303,575333,15133,2619389,30345,30762.86,16222098,0
"2022-01-21",7659,7001672,7483,6040846,277,575610,18368,2637757,33787,29186.71,16255885,0
"2022-01-22",5225,7006897,4918,6045764,131,575741,11272,2649029,21546,28612.86,16277431,0
"2022-01-23",2828,7009725,3324,6049088,97,575838,6209,2655238,12458,28381,16289889,0
"2022-01-24",6427,7016152,8182,6057270,258,576096,14988,2670226,29855,28670.14,16319744,0
"2022-01-25",6226,7022378,7918,6065188,232,576328,14626,2684852,29002,27383.71,16348746,0
"2022-01-26",5797,7028175,7146,6072334,291,576619,13944,2698796,27178,26310.14,16375924,0
"2022-01-27",5284,7033459,7069,6079403,320,576939,14021,2712817,26694,25788.57,16402618,0
"2022-01-28",6320,7039779,7844,6087247,205,577144,16050,2728867,30419,25307.43,16433037,0
"2022-01-29",848,7040627,724,6087971,28,577172,2522,2731389,4122,22818.29,16437159,0
"2022-01-30",2108,7042735,3016,6090987,102,577274,4522,2735911,9748,22431.14,16446907,0
"2022-01-31",5043,7047778,6582,6097569,218,577492,11297,2747208,23140,21471.86,16470047,0
"2022-02-01",4861,7052639,6429,6103998,219,577711,10649,2757857,22158,20494.14,16492205,0
"2022-02-02",4283,7056922,5913,6109911,214,577925,11157,2769014,21567,19692.57,16513772,0
"2022-02-03",4252,7061174,5782,6115693,217,578142,11156,2780170,21407,18937.29,16535179,0
"2022-02-04",4804,7065978,7085,6122778,214,578356,13144,2793314,25247,18198.43,16560426,0
"2022-02-05",3602,7069580,6031,6128809,110,578466,8546,2801860,18289,20222.29,16578715,0
"2022-02-06",2075,7071655,2130,6130939,121,578587,4623,2806483,8949,20108.14,16587664,0
"2022-02-07",4178,7075833,4717,6135656,203,578790,10104,2816587,19202,19545.57,16606866,0
"2022-02-08",4251,7080084,5590,6141246,213,579003,11256,2827843,21310,19424.43,16628176,0
"2022-02-09",4153,7084237,5381,6146627,222,579225,11609,2839452,21365,19395.57,16649541,0
"2022-02-10",4006,7088243,5097,6151724,243,579468,12101,2851553,21447,19401.29,16670988,0
"2022-02-11",4533,7092776,5793,6157517,194,579662,13680,2865233,24200,19251.71,16695188,0
"2022-02-12",3274,7096050,4325,6161842,96,579758,8769,2874002,16464,18991,16711652,0
"2022-02-13",1530,7097580,1541,6163383,40,579798,4871,2878873,7982,18852.86,16719634,0
"2022-02-14",3003,7100583,3615,6166998,164,579962,10525,2889398,17307,18582.14,16736941,0
"2022-02-15",3591,7104174,4052,6171050,177,580139,12710,2902108,20530,18470.71,16757471,0
"2022-02-16",3697,7107871,3883,6174933,195,580334,15617,2917725,23392,18760.29,16780863,0
"2022-02-17",4049,7111920,4074,6179007,160,580494,18113,2935838,26396,19467.29,16807259,0
"2022-02-18",4501,7116421,4774,6183781,188,580682,21476,2957314,30939,20430,16838198,0
"2022-02-19",3269,7119690,2178,6185959,65,580747,11136,2968450,16648,20456.29,16854846,0
"2022-02-20",1868,7121558,1444,6187403,59,580806,6564,2975014,9935,20735.29,16864781,0
"2022-02-21",3113,7124671,2685,6190088,95,580901,8302,2983316,14195,20290.71,16878976,0
"2022-02-22",4421,7129092,4237,6194325,173,581074,10776,2994092,19607,20158.86,16898583,0
"2022-02-23",4289,7133381,3767,6198092,144,581218,10610,3004702,18810,19504.29,16917393,0
"2022-02-24",3775,7137156,3648,6201740,105,581323,10138,3014840,17666,18257.14,16935059,0
"2022-02-25",3627,7140783,3600,6205340,135,581458,9925,3024765,17287,16306.86,16952346,0
"2022-02-26",2854,7143637,2572,6207912,74,581532,9475,3034240,14975,16067.86,16967321,0
"2022-02-27",1781,7145418,1368,6209280,52,581584,6259,3040499,9460,16000,16976781,0
"2022-02-28",3826,7149244,3118,6212398,140,581724,13078,3053577,20162,16852.43,16996943,0
"2022-03-01",2119,7151363,2599,6214997,102,581826,5134,3058711,9954,15473.43,17006897,0
"2022-03-02",1832,7153195,2409,6217406,105,581931,4095,3062806,8441,13992.14,17015338,0
"2022-03-03",1935,7155130,2543,6219949,106,582037,3768,3066574,8352,12661.57,17023690,0
"2022-03-04",2092,7157222,2847,6222796,67,582104,4296,3070870,9302,11520.86,17032992,0
"2022-03-05",1607,7158829,2110,6224906,43,582147,3296,3074166,7056,10389.57,17040048,0
"2022-03-06",801,7159630,876,6225782,30,582177,1611,3075777,3318,9512.14,17043366,0
"2022-03-07",1666,7161296,1771,6227553,85,582262,3465,3079242,6987,7630,17050353,0
"2022-03-08",1543,7162839,1888,6229441,77,582339,3107,3082349,6615,7153,17056968,0
"2022-03-09",1256,7164095,1659,6231100,77,582416,2560,3084909,5552,6740.29,17062520,0
"2022-03-10",1428,7165523,2079,6233179,85,582501,2928,3087837,6520,6478.57,17069040,0
"2022-03-11",1591,7167114,2256,6235435,78,582579,3174,3091011,7099,6163.86,17076139,0
"2022-03-12",879,7167993,1410,6236845,37,582616,1986,3092997,4312,5771.86,17080451,0
"2022-03-13",623,7168616,755,6237600,25,582641,1285,3094282,2688,5681.86,17083139,0
"2022-03-14",1381,7169997,1578,6239178,83,582724,2956,3097238,5998,5540.57,17089137,0
"2022-03-15",1343,7171340,1904,6241082,62,582786,3052,3100290,6361,5504.29,17095498,0
"2022-03-16",1393,7172733,2031,6243113,94,582880,3106,3103396,6624,5657.43,17102122,0
"2022-03-17",1170,7173903,1790,6244903,69,582949,2717,3106113,5746,5546.86,17107868,0
"2022-03-18",1563,7175466,2136,6247039,79,583028,3720,3109833,7498,5603.86,17115366,0
"2022-03-19",1104,7176570,1706,6248745,37,583065,2573,3112406,5420,5762.14,17120786,0
"2022-03-20",610,7177180,624,6249369,32,583097,1457,3113863,2723,5767.14,17123509,0
"2022-03-21",1415,7178595,1530,6250899,71,583168,3000,3116863,6016,5769.71,17129525,0
"2022-03-22",1323,7179918,1526,6252425,100,583268,2853,3119716,5802,5689.86,17135327,0
"2022-03-23",1243,7181161,1329,6253754,65,583333,2869,3122585,5506,5530.14,17140833,0
"2022-03-24",1188,7182349,1267,6255021,72,583405,2458,3125043,4985,5421.43,17145818,0
"2022-03-25",1368,7183717,1576,6256597,58,583463,3197,3128240,6199,5235.86,17152017,120000
"2022-03-26",911,7184628,1131,6257728,37,583500,2257,3130497,4336,5081,17156353,120000
"2022-03-27",567,7185195,525,6258253,22,583522,1295,3131792,2409,5036.14,17158762,120000
"2022-03-28",1067,7186262,1120,6259373,57,583579,2373,3134165,4617,4836.29,17163379,120000
"2022-03-29",1019,7187281,1062,6260435,62,583641,2398,3136563,4541,4656.14,17167920,120000
"2022-03-30",899,7188180,873,6261308,70,583711,2113,3138676,3955,4434.57,17171875,120000
"2022-03-31",222,7188402,264,6261572,9,583720,669,3139345,1164,3888.71,17173039,120000
