"DATE","ADMIN_DOSE1_DAILY","ADMIN_DOSE1_CUMULATIVE","ADMIN_DOSE2_DAILY","ADMIN_DOSE2_CUMULATIVE","ADMIN_SINGLE_DAILY","ADMIN_SINGLE_CUMULATIVE","ADMIN_ADDITIONAL_DAILY","ADMIN_ADDITIONAL_CUMULATIVE","ADMIN_ALLDOSES_DAILY","ADMIN_ALLDOSES_7DAYAVG","ADMIN_ALLDOSES_CUMULATIVE","INCOMPLETE"
"2020-12-14",79,79,0,0,0,0,0,0,79,,79,0
"2020-12-15",2051,2130,7,7,4,4,0,0,2062,,2141,0
"2020-12-16",4603,6733,13,20,1,5,1,1,4618,,6759,0
"2020-12-17",4655,11388,17,37,0,5,1,2,4673,,11432,0
"2020-12-18",5833,17221,20,57,2,7,2,4,5857,,17289,0
"2020-12-19",1689,18910,7,64,3,10,0,4,1699,,18988,0
"2020-12-20",1116,20026,2,66,1,11,0,4,1119,2872.43,20107,0
"2020-12-21",6338,26364,18,84,0,11,6,10,6362,3770,26469,0
"2020-12-22",9794,36158,29,113,2,13,1,11,9826,4879.14,36295,0
"2020-12-23",14274,50432,35,148,3,16,1,12,14313,6264.14,50608,0
"2020-12-24",7201,57633,24,172,1,17,0,12,7226,6628.86,57834,0
"2020-12-25",180,57813,0,172,0,17,1,13,181,5818,58015,0
"2020-12-26",4389,62202,42,214,0,17,1,14,4432,6208.43,62447,0
"2020-12-27",3868,66070,14,228,0,17,1,15,3883,6603.29,66330,0
"2020-12-28",10994,77064,50,278,1,18,2,17,11047,7272.57,77377,0
"2020-12-29",10720,87784,33,311,2,20,2,19,10757,7405.57,88134,0
"2020-12-30",12824,100608,45,356,0,20,0,19,12869,7199.29,101003,0
"2020-12-31",7263,107871,30,386,1,21,0,19,7294,7209,108297,0
"2021-01-01",181,108052,2,388,1,22,3,22,187,7209.86,108484,0
"2021-01-02",3810,111862,10,398,2,24,2,24,3824,7123,112308,0
"2021-01-03",3543,115405,23,421,2,26,1,25,3569,7078.14,115877,0
"2021-01-04",12257,127662,805,1226,2,28,7,32,13071,7367.29,128948,0
"2021-01-05",14085,141747,2191,3417,2,30,11,43,16289,8157.57,145237,0
"2021-01-06",17805,159552,3925,7342,1,31,30,73,21761,9427.86,166998,0
"2021-01-07",16549,176101,5169,12511,4,35,46,119,21768,11495.57,188766,0
"2021-01-08",16618,192719,5456,17967,0,35,32,151,22106,14626.86,210872,0
"2021-01-09",7650,200369,1463,19430,1,36,7,158,9121,15383.57,219993,0
"2021-01-10",7883,208252,981,20411,0,36,10,168,8874,16141.43,228867,0
"2021-01-11",25827,234079,7455,27866,2,38,48,216,33332,19035.86,262199,0
"2021-01-12",28264,262343,7856,35722,1,39,46,262,36167,21875.57,298366,0
"2021-01-13",31728,294071,9384,45106,1,40,52,314,41165,24647.57,339531,0
"2021-01-14",35807,329878,5325,50431,1,41,28,342,41161,27418,380692,0
"2021-01-15",29267,359145,3707,54138,2,43,31,373,33007,28975.29,413699,0
"2021-01-16",30290,389435,2381,56519,0,43,25,398,32696,32343.14,446395,0
"2021-01-17",23753,413188,1624,58143,0,43,18,416,25395,34703.29,471790,0
"2021-01-18",27108,440296,2413,60556,0,43,35,451,29556,34163.86,501346,0
"2021-01-19",34299,474595,9624,70180,1,44,71,522,43995,35282.14,545341,0
"2021-01-20",34868,509463,9494,79674,1,45,59,581,44422,35747.43,589763,0
"2021-01-21",25591,535054,8092,87766,2,47,48,629,33733,34686.29,623496,0
"2021-01-22",24757,559811,4381,92147,1,48,31,660,29170,34138.14,652666,0
"2021-01-23",15743,575554,3222,95369,0,48,10,670,18975,32178,671641,0
"2021-01-24",7175,582729,3453,98822,0,48,19,689,10647,30071.14,682288,0
"2021-01-25",13415,596144,11819,110641,0,48,64,753,25298,29462.86,707586,0
"2021-01-26",16765,612909,10752,121393,0,48,67,820,27584,27118.43,735170,0
"2021-01-27",20835,633744,12356,133749,0,48,50,870,33241,25521.14,768411,0
"2021-01-28",30761,664505,12850,146599,0,48,79,949,43690,26943.57,812101,0
"2021-01-29",31693,696198,11499,158098,0,48,78,1027,43270,28957.86,855371,0
"2021-01-30",18716,714914,3737,161835,0,48,21,1048,22474,29457.71,877845,0
"2021-01-31",13024,727938,2917,164752,1,49,28,1076,15970,30218.14,893815,0
"2021-02-01",1180,729118,5369,170121,4,53,35,1111,6588,27545.29,900403,0
"2021-02-02",2828,731946,9471,179592,2,55,49,1160,12350,25369,912753,0
"2021-02-03",16349,748295,21241,200833,4,59,201,1361,37795,26019.57,950548,0
"2021-02-04",27047,775342,19649,220482,3,62,198,1559,46897,26477.71,997445,0
"2021-02-05",27600,802942,20034,240516,0,62,182,1741,47816,27127.14,1045261,0
"2021-02-06",22993,825935,11246,251762,0,62,109,1850,34348,28823.43,1079609,0
"2021-02-07",12046,837981,8281,260043,1,63,89,1939,20417,29458.71,1100026,0
"2021-02-08",16966,854947,23515,283558,2,65,229,2168,40712,34333.57,1140738,0
"2021-02-09",17194,872141,28110,311668,2,67,332,2500,45638,39089,1186376,0
"2021-02-10",19596,891737,29306,340974,2,69,256,2756,49160,40712.57,1235536,0
"2021-02-11",27850,919587,33465,374439,2,71,343,3099,61660,42821.57,1297196,0
"2021-02-12",38403,957990,30791,405230,3,74,355,3454,69552,45926.71,1366748,0
"2021-02-13",28003,985993,25310,430540,2,76,310,3764,53625,48680.57,1420373,0
"2021-02-14",16280,1002273,23729,454269,0,76,261,4025,40270,51516.71,1460643,0
"2021-02-15",12796,1015069,10528,464797,2,78,166,4191,23492,49056.71,1484135,0
"2021-02-16",14241,1029310,26731,491528,0,78,320,4511,41292,48435.86,1525427,0
"2021-02-17",16398,1045708,22184,513712,1,79,287,4798,38870,46965.86,1564297,0
"2021-02-18",12155,1057863,24988,538700,21,100,285,5083,37449,43507.14,1601746,0
"2021-02-19",13264,1071127,23936,562636,39,139,301,5384,37540,38934,1639286,0
"2021-02-20",11353,1082480,26072,588708,6,145,324,5708,37755,36666.86,1677041,0
"2021-02-21",6364,1088844,17424,606132,15,160,282,5990,24085,34354.71,1701126,0
"2021-02-22",13041,1101885,11848,617980,2,162,125,6115,25016,34572.43,1726142,0
"2021-02-23",25245,1127130,14147,632127,1,163,159,6274,39552,34323.86,1765694,0
"2021-02-24",36358,1163488,20382,652509,0,163,221,6495,56961,36908.29,1822655,0
"2021-02-25",54621,1218109,30375,682884,6,169,395,6890,85397,43758,1908052,0
"2021-02-26",62876,1280985,31856,714740,4,173,408,7298,95144,51987.14,2003196,0
"2021-02-27",51301,1332286,22745,737485,47,220,329,7627,74422,57225.29,2077618,0
"2021-02-28",44599,1376885,13812,751297,7,227,204,7831,58622,62159.14,2136240,0
"2021-03-01",39316,1416201,12773,764070,10,237,166,7997,52265,66051.86,2188505,0
"2021-03-02",47082,1463283,12569,776639,7,244,161,8158,59819,68947.14,2248324,0
"2021-03-03",48607,1511890,16152,792791,17,261,145,8303,64921,70084.29,2313245,0
"2021-03-04",59823,1571713,22813,815604,1092,1353,267,8570,83995,69884,2397240,0
"2021-03-05",60989,1632702,24276,839880,3109,4462,329,8899,88703,68963.86,2485943,0
"2021-03-06",47181,1679883,18877,858757,5451,9913,238,9137,71747,68581.71,2557690,0
"2021-03-07",36048,1715931,14870,873627,6245,16158,228,9365,57391,68405.86,2615081,0
"2021-03-08",39632,1755563,14664,888291,8564,24722,312,9677,63172,69964,2678253,0
"2021-03-09",39107,1794670,12836,901127,7766,32488,175,9852,59884,69973.29,2738137,0
"2021-03-10",51832,1846502,15326,916453,5067,37555,226,10078,72451,71049,2810588,0
"2021-03-11",59996,1906498,21795,938248,4618,42173,256,10334,86665,71430.43,2897253,0
"2021-03-12",52205,1958703,30303,968551,4183,46356,371,10705,87062,71196,2984315,0
"2021-03-13",40657,1999360,26681,995232,5108,51464,325,11030,72771,71342.29,3057086,0
"2021-03-14",30720,2030080,15959,1011191,4528,55992,237,11267,51444,70492.71,3108530,0
"2021-03-15",33591,2063671,17239,1028430,4717,60709,236,11503,55783,69437.14,3164313,0
"2021-03-16",38680,2102351,20485,1048915,4925,65634,264,11767,64354,70075.71,3228667,0
"2021-03-17",42624,2144975,24771,1073686,4248,69882,335,12102,71978,70008.14,3300645,0
"2021-03-18",50467,2195442,26789,1100475,5240,75122,363,12465,82859,69464.43,3383504,0
"2021-03-19",47803,2243245,29926,1130401,5626,80748,389,12854,83744,68990.43,3467248,0
"2021-03-20",38712,2281957,25820,1156221,4689,85437,294,13148,69515,68525.29,3536763,0
"2021-03-21",29304,2311261,19348,1175569,770,86207,218,13366,49640,68267.57,3586403,0
"2021-03-22",33872,2345133,26724,1202293,4037,90244,261,13627,64894,69569.14,3651297,0
"2021-03-23",38437,2383570,32828,1235121,4219,94463,287,13914,75771,71200.14,3727068,0
"2021-03-24",41506,2425076,37575,1272696,4849,99312,326,14240,84256,72954.14,3811324,0
"2021-03-25",43420,2468496,50762,1323458,5055,104367,466,14706,99703,75360.43,3911027,0
"2021-03-26",38508,2507004,55479,1378937,4310,108677,524,15230,98821,77514.29,4009848,0
"2021-03-27",35746,2542750,45729,1424666,2939,111616,407,15637,84821,79700.86,4094669,0
"2021-03-28",26397,2569147,34429,1459095,1482,113098,327,15964,62635,81557.29,4157304,0
"2021-03-29",34824,2603971,38839,1497934,3248,116346,342,16306,77253,83322.86,4234557,0
"2021-03-30",40518,2644489,41905,1539839,3714,120060,330,16636,86467,84850.86,4321024,0
"2021-03-31",49407,2693896,44837,1584676,7440,127500,398,17034,102082,87397.43,4423106,0
"2021-04-01",50786,2744682,53928,1638604,11277,138777,502,17536,116493,89796,4539599,0
"2021-04-02",43764,2788446,53866,1692470,11971,150748,548,18084,110149,91414.29,4649748,0
"2021-04-03",39260,2827706,39195,1731665,9861,160609,335,18419,88651,91961.43,4738399,0
"2021-04-04",26562,2854268,24763,1756428,3902,164511,220,18639,55447,90934.57,4793846,0
"2021-04-05",41887,2896155,34468,1790896,11195,175706,367,19006,87917,92458,4881763,0
"2021-04-06",53278,2949433,35597,1826493,13224,188930,423,19429,102522,94751.57,4984285,0
"2021-04-07",55520,3004953,40679,1867172,14389,203319,393,19822,110981,96022.86,5095266,0
"2021-04-08",59279,3064232,46564,1913736,16339,219658,510,20332,122692,96908.43,5217958,0
"2021-04-09",56651,3120883,44951,1958687,17547,237205,510,20842,119659,98267,5337617,0
"2021-04-10",49358,3170241,35637,1994324,12728,249933,385,21227,98108,99618,5435725,0
"2021-04-11",38188,3208429,28813,2023137,7684,257617,292,21519,74977,102408,5510702,0
"2021-04-12",46644,3255073,31852,2054989,13495,271112,459,21978,92450,103055.57,5603152,0
"2021-04-13",52551,3307624,33787,2088776,368,271480,388,22366,87094,100851.57,5690246,0
"2021-04-14",50151,3357775,39961,2128737,20,271500,364,22730,90496,97925.14,5780742,0
"2021-04-15",52130,3409905,43675,2172412,16,271516,453,23183,96274,94151.14,5877016,0
"2021-04-16",51192,3461097,42221,2214633,32,271548,411,23594,93856,90465,5970872,0
"2021-04-17",43846,3504943,35686,2250319,3,271551,364,23958,79899,87863.71,6050771,0
"2021-04-18",28609,3533552,29374,2279693,7,271558,249,24207,58239,85472.57,6109010,0
"2021-04-19",37479,3571031,36447,2316140,22,271580,319,24526,74267,82875,6183277,0
"2021-04-20",40812,3611843,39630,2355770,19,271599,310,24836,80771,81971.71,6264048,0
"2021-04-21",38911,3650754,46007,2401777,15,271614,489,25325,85422,81246.86,6349470,0
"2021-04-22",38508,3689262,48956,2450733,9,271623,331,25656,87804,80036.86,6437274,0
"2021-04-23",39709,3728971,44372,2495105,4,271627,348,26004,84433,78690.71,6521707,0
"2021-04-24",31960,3760931,41598,2536703,44,271671,276,26280,73878,77830.57,6595585,0
"2021-04-25",18425,3779356,31228,2567931,86,271757,190,26470,49929,76643.43,6645514,0
"2021-04-26",26977,3806333,40731,2608662,1013,272770,284,26754,69005,75891.71,6714519,0
"2021-04-27",28578,3834911,47140,2655802,1697,274467,347,27101,77762,75461.86,6792281,0
"2021-04-28",27057,3861968,56830,2712632,2148,276615,423,27524,86458,75609.86,6878739,0
"2021-04-29",28614,3890582,57199,2769831,2147,278762,360,27884,88320,75683.57,6967059,0
"2021-04-30",30129,3920711,51986,2821817,2056,280818,278,28162,84449,75685.86,7051508,0
"2021-05-01",22484,3943195,44551,2866368,1177,281995,220,28382,68432,74907.86,7119940,0
"2021-05-02",11929,3955124,36659,2903027,1080,283075,132,28514,49800,74889.43,7169740,0
"2021-05-03",18036,3973160,53019,2956046,2383,285458,251,28765,73689,75558.57,7243429,0
"2021-05-04",22744,3995904,56642,3012688,2330,287788,261,29026,81977,76160.71,7325406,0
"2021-05-05",21481,4017385,48795,3061483,2312,290100,309,29335,72897,74223.43,7398303,0
"2021-05-06",20687,4038072,50180,3111663,2507,292607,268,29603,73642,72126.57,7471945,0
"2021-05-07",21259,4059331,52100,3163763,2813,295420,303,29906,76475,70987.43,7548420,0
"2021-05-08",16636,4075967,41868,3205631,1835,297255,227,30133,60566,69863.71,7608986,0
"2021-05-09",7976,4083943,29412,3235043,1260,298515,149,30282,38797,68291.86,7647783,0
"2021-05-10",14398,4098341,38535,3273578,2356,300871,227,30509,55516,65695.71,7703299,0
"2021-05-11",19922,4118263,43050,3316628,2514,303385,280,30789,65766,63379.86,7769065,0
"2021-05-12",17819,4136082,40529,3357157,3596,306981,227,31016,62171,61847.57,7831236,0
"2021-05-13",24979,4161061,40430,3397587,3230,310211,257,31273,68896,61169.57,7900132,0
"2021-05-14",27028,4188089,42909,3440496,3537,313748,279,31552,73753,60780.71,7973885,0
"2021-05-15",23653,4211742,34915,3475411,3366,317114,246,31798,62180,61011.29,8036065,0
"2021-05-16",15537,4227279,19437,3494848,2497,319611,125,31923,37596,60839.71,8073661,0
"2021-05-17",22679,4249958,29139,3523987,3258,322869,174,32097,55250,60801.71,8128911,0
"2021-05-18",24642,4274600,31902,3555889,3404,326273,236,32333,60184,60004.29,8189095,0
"2021-05-19",24203,4298803,29705,3585594,3040,329313,223,32556,57171,59290,8246266,0
"2021-05-20",24163,4322966,30079,3615673,3161,332474,270,32826,57673,57686.71,8303939,0
"2021-05-21",24692,4347658,31999,3647672,3060,335534,249,33075,60000,55722,8363939,0
"2021-05-22",20028,4367686,24354,3672026,2525,338059,160,33235,47067,53563,8411006,0
"2021-05-23",11238,4378924,13731,3685757,1411,339470,93,33328,26473,51974,8437479,0
"2021-05-24",18884,4397808,23150,3708907,2757,342227,214,33542,45005,50510.43,8482484,0
"2021-05-25",19442,4417250,23371,3732278,2601,344828,176,33718,45590,48425.57,8528074,0
"2021-05-26",18790,4436040,21082,3753360,2696,347524,198,33916,42766,46367.71,8570840,0
"2021-05-27",18475,4454515,21268,3774628,2530,350054,188,34104,42461,44194.57,8613301,0
"2021-05-28",17870,4472385,22886,3797514,2752,352806,186,34290,43694,41865.14,8656995,0
"2021-05-29",12714,4485099,17806,3815320,1755,354561,103,34393,32378,39766.71,8689373,0
"2021-05-30",7033,4492132,8947,3824267,1074,355635,46,34439,17100,38427.71,8706473,0
"2021-05-31",4742,4496874,6926,3831193,1012,356647,64,34503,12744,33819,8719217,0
"2021-06-01",16042,4512916,25195,3856388,2175,358822,150,34653,43562,33529.29,8762779,0
"2021-06-02",15355,4528271,20389,3876777,2093,360915,137,34790,37974,32844.71,8800753,0
"2021-06-03",15011,4543282,23817,3900594,2280,363195,125,34915,41233,32669.29,8841986,0
"2021-06-04",14733,4558015,25981,3926575,2492,365687,143,35058,43349,32620,8885335,0
"2021-06-05",10994,4569009,22085,3948660,1806,367493,111,35169,34996,32994,8920331,0
"2021-06-06",6449,4575458,14466,3963126,1222,368715,84,35253,22221,33725.57,8942552,0
"2021-06-07",11715,4587173,21782,3984908,2380,371095,137,35390,36014,37049.86,8978566,0
"2021-06-08",12656,4599829,24015,4008923,2072,373167,116,35506,38859,36378,9017425,0
"2021-06-09",11151,4610980,23020,4031943,2297,375464,129,35635,36597,36181.29,9054022,0
"2021-06-10",12073,4623053,22229,4054172,2462,377926,139,35774,36903,35562.71,9090925,0
"2021-06-11",12709,4635762,25118,4079290,2483,380409,150,35924,40460,35150,9131385,0
"2021-06-12",10170,4645932,19306,4098596,1888,382297,92,36016,31456,34644.29,9162841,0
"2021-06-13",4260,4650192,10935,4109531,1219,383516,40,36056,16454,33820.43,9179295,0
"2021-06-14",10215,4660407,19241,4128772,2042,385558,126,36182,31624,33193.29,9210919,0
"2021-06-15",11892,4672299,21004,4149776,1943,387501,128,36310,34967,32637.29,9245886,0
"2021-06-16",11592,4683891,19408,4169184,1956,389457,138,36448,33094,32136.86,9278980,0
"2021-06-17",11024,4694915,18761,4187945,1971,391428,119,36567,31875,31418.57,9310855,0
"2021-06-18",12170,4707085,18498,4206443,2115,393543,113,36680,32896,30338,9343751,0
"2021-06-19",8504,4715589,13518,4219961,1459,395002,79,36759,23560,29210,9367311,0
"2021-06-20",4336,4719925,7159,4227120,924,395926,36,36795,12455,28638.71,9379766,0
"2021-06-21",10164,4730089,10006,4237126,1806,397732,68,36863,22044,27270.14,9401810,0
"2021-06-22",9837,4739926,15641,4252767,1589,399321,105,36968,27172,26156.57,9428982,0
"2021-06-23",10318,4750244,15183,4267950,1861,401182,100,37068,27462,25352,9456444,0
"2021-06-24",9692,4759936,14696,4282646,1799,402981,116,37184,26303,24556,9482747,0
"2021-06-25",10593,4770529,14384,4297030,1718,404699,109,37293,26804,23685.71,9509551,0
"2021-06-26",7806,4778335,10465,4307495,1246,405945,73,37366,19590,23118.57,9529141,0
"2021-06-27",5004,4783339,5999,4313494,796,406741,31,37397,11830,23029.29,9540971,0
"2021-06-28",9035,4792374,10345,4323839,1524,408265,104,37501,21008,22881.29,9561979,0
"2021-06-29",9750,4802124,12311,4336150,1347,409612,127,37628,23535,22361.71,9585514,0
"2021-06-30",9432,4811556,10926,4347076,1481,411093,146,37774,21985,21579.29,9607499,0
"2021-07-01",9399,4820955,10926,4358002,1431,412524,125,37899,21881,20947.57,9629380,0
"2021-07-02",9697,4830652,11435,4369437,1541,414065,121,38020,22794,20374.71,9652174,0
"2021-07-03",7060,4837712,8420,4377857,1193,415258,75,38095,16748,19968.71,9668922,0
"2021-07-04",1288,4839000,1336,4379193,567,415825,8,38103,3199,18735.71,9672121,0
"2021-07-05",6496,4845496,7104,4386297,1208,417033,64,38167,14872,17859.14,9686993,0
"2021-07-06",9514,4855010,12849,4399146,1317,418350,114,38281,23794,17896.14,9710787,0
"2021-07-07",8673,4863683,11105,4410251,1419,419769,121,38402,21318,17800.86,9732105,0
"2021-07-08",8210,4871893,10190,4420441,1260,421029,106,38508,19766,17498.71,9751871,0
"2021-07-09",8378,4880271,10829,4431270,1279,422308,88,38596,20574,17181.57,9772445,0
"2021-07-10",7110,4887381,8626,4439896,1132,423440,63,38659,16931,17207.71,9789376,0
"2021-07-11",4104,4891485,4539,4444435,703,424143,34,38693,9380,18090.71,9798756,0
"2021-07-12",8452,4899937,9555,4453990,1250,425393,80,38773,19337,18728.57,9818093,0
"2021-07-13",9468,4909405,9383,4463373,951,426344,104,38877,19906,18173.14,9837999,0
"2021-07-14",9005,4918410,9526,4472899,1009,427353,102,38979,19642,17933.71,9857641,0
"2021-07-15",8793,4927203,9151,4482050,1051,428404,82,39061,19077,17835.29,9876718,0
"2021-07-16",9242,4936445,9761,4491811,978,429382,101,39162,20082,17765,9896800,0
"2021-07-17",6845,4943290,7386,4499197,802,430184,78,39240,15111,17505,9911911,0
"2021-07-18",4260,4947550,4284,4503481,569,430753,33,39273,9146,17471.57,9921057,0
"2021-07-19",9127,4956677,8467,4511948,999,431752,88,39361,18681,17377.86,9939738,0
"2021-07-20",10653,4967330,8756,4520704,991,432743,93,39454,20493,17461.71,9960231,0
"2021-07-21",10053,4977383,8764,4529468,903,433646,144,39598,19864,17493.43,9980095,0
"2021-07-22",10687,4988070,8582,4538050,1044,434690,142,39740,20455,17690.29,10000550,0
"2021-07-23",11257,4999327,8877,4546927,1114,435804,136,39876,21384,17876.29,10021934,0
"2021-07-24",7406,5006733,6733,4553660,670,436474,81,39957,14890,17844.71,10036824,0
"2021-07-25",5480,5012213,2123,4555783,509,436983,59,40016,8171,17705.43,10044995,0
"2021-07-26",10878,5023091,6999,4562782,859,437842,109,40125,18845,17728.86,10063840,0
"2021-07-27",12059,5035150,8564,4571346,857,438699,132,40257,21612,17888.71,10085452,0
"2021-07-28",11999,5047149,8044,4579390,950,439649,129,40386,21122,18068.43,10106574,0
"2021-07-29",10939,5058088,7424,4586814,983,440632,132,40518,19478,17928.86,10126052,0
"2021-07-30",14957,5073045,8007,4594821,1150,441782,180,40698,24294,18344.57,10150346,0
"2021-07-31",9730,5082775,6312,4601133,816,442598,118,40816,16976,18642.57,10167322,0
"2021-08-01",6504,5089279,3309,4604442,564,443162,79,40895,10456,18969,10177778,0
"2021-08-02",13450,5102729,7153,4611595,847,444009,145,41040,21595,19361.86,10199373,0
"2021-08-03",15418,5118147,8381,4619976,1109,445118,142,41182,25050,19853,10224423,0
"2021-08-04",17263,5135410,8121,4628097,1454,446572,179,41361,27017,20695.14,10251440,0
"2021-08-05",17868,5153278,7923,4636020,1366,447938,161,41522,27318,21815.14,10278758,0
"2021-08-06",18184,5171462,8410,4644430,1233,449171,162,41684,27989,22343,10306747,0
"2021-08-07",13389,5184851,6016,4650446,799,449970,97,41781,20301,22818,10327048,0
"2021-08-08",9311,5194162,3836,4654282,399,450369,81,41862,13627,23271,10340675,0
"2021-08-09",21342,5215504,8526,4662808,963,451332,169,42031,31000,24614.57,10371675,0
"2021-08-10",18924,5234428,9330,4672138,950,452282,171,42202,29375,25232.43,10401050,0
"2021-08-11",15652,5250080,8305,4680443,853,453135,128,42330,24938,24935.43,10425988,0
"2021-08-12",15053,5265133,8975,4689418,939,454074,167,42497,25134,24623.43,10451122,0
"2021-08-13",14927,5280060,9290,4698708,921,454995,237,42734,25375,24250,10476497,0
"2021-08-14",10415,5290475,6401,4705109,626,455621,528,43262,17970,23917,10494467,0
"2021-08-15",6698,5297173,4475,4709584,676,456297,566,43828,12415,23743.86,10506882,0
"2021-08-16",15728,5312901,9290,4718874,1149,457446,1318,45146,27485,23241.71,10534367,0
"2021-08-17",17780,5330681,10437,4729311,1224,458670,1760,46906,31201,23502.57,10565568,0
"2021-08-18",17511,5348192,10362,4739673,1261,459931,1979,48885,31113,24384.71,10596681,0
"2021-08-19",16307,5364499,9517,4749190,1315,461246,1947,50832,29086,24949.29,10625767,0
"2021-08-20",16289,5380788,11536,4760726,1254,462500,1849,52681,30928,25742.57,10656695,0
"2021-08-21",11156,5391944,8038,4768764,878,463378,1051,53732,21123,26193,10677818,0
"2021-08-22",4084,5396028,3898,4772662,262,463640,514,54246,8758,25670.57,10686576,0
"2021-08-23",15584,5411612,11795,4784457,1023,464663,1542,55788,29944,26021.86,10716520,0
"2021-08-24",16920,5428532,12594,4797051,1006,465669,1771,57559,32291,26177.57,10748811,0
"2021-08-25",14589,5443121,12438,4809489,1110,466779,1563,59122,29700,25975.71,10778511,0
"2021-08-26",16171,5459292,14084,4823573,1072,467851,1765,60887,33092,26548,10811603,0
"2021-08-27",14892,5474184,14821,4838394,972,468823,1659,62546,32344,26750.29,10843947,0
"2021-08-28",10690,5484874,11516,4849910,836,469659,1009,63555,24051,27168.57,10867998,0
"2021-08-29",7221,5492095,7494,4857404,541,470200,776,64331,16032,28207.71,10884030,0
"2021-08-30",15532,5507627,16923,4874327,1077,471277,1788,66119,35320,28975.71,10919350,0
"2021-08-31",15528,5523155,15948,4890275,951,472228,1963,68082,34390,29275.57,10953740,0
"2021-09-01",14838,5537993,14094,4904369,1021,473249,1799,69881,31752,29568.71,10985492,0
"2021-09-02",14346,5552339,12518,4916887,896,474145,1693,71574,29453,29048.86,11014945,0
"2021-09-03",15018,5567357,14297,4931184,974,475119,1891,73465,32180,29025.43,11047125,0
"2021-09-04",9650,5577007,9406,4940590,688,475807,962,74427,20706,28547.57,11067831,0
"2021-09-05",6804,5583811,5513,4946103,438,476245,707,75134,13462,28180.43,11081293,0
"2021-09-06",5201,5589012,4508,4950611,358,476603,270,75404,10337,24611.43,11091630,0
"2021-09-07",15578,5604590,17690,4968301,912,477515,1541,76945,35721,24801.57,11127351,0
"2021-09-08",16177,5620767,14820,4983121,1073,478588,1755,78700,33825,25097.71,11161176,0
"2021-09-09",16125,5636892,14743,4997864,1047,479635,1900,80600,33815,25720.86,11194991,0
"2021-09-10",18375,5655267,15389,5013253,1208,480843,1965,82565,36937,26400.43,11231928,0
"2021-09-11",12642,5667909,10344,5023597,958,481801,1017,83582,24961,27008.29,11256889,0
"2021-09-12",8536,5676445,5050,5028647,766,482567,688,84270,15040,27233.71,11271929,0
"2021-09-13",16939,5693384,12948,5041595,976,483543,1642,85912,32505,30400.57,11304434,0
"2021-09-14",16278,5709662,13674,5055269,886,484429,1589,87501,32427,29930,11336861,0
"2021-09-15",15550,5725212,12868,5068137,728,485157,1561,89062,30707,29484.57,11367568,0
"2021-09-16",15348,5740560,13903,5082040,1211,486368,1447,90509,31909,29212.29,11399477,0
"2021-09-17",14440,5755000,13963,5096003,922,487290,1819,92328,31144,28384.71,11430621,0
"2021-09-18",10006,5765006,10172,5106175,913,488203,1047,93375,22138,27981.43,11452759,0
"2021-09-19",6181,5771187,6069,5112244,558,488761,743,94118,13551,27768.71,11466310,0
"2021-09-20",12683,5783870,12630,5124874,1069,489830,1914,96032,28296,27167.43,11494606,0
"2021-09-21",12243,5796113,12769,5137643,1110,490940,2012,98044,28134,26554.14,11522740,0
"2021-09-22",12832,5808945,11995,5149638,1090,492030,1675,99719,27592,26109.14,11550332,0
"2021-09-23",14955,5823900,12755,5162393,1639,493669,2250,101969,31599,26064.86,11581931,0
"2021-09-24",16461,5840361,13365,5175758,1632,495301,4610,106579,36068,26768.29,11617999,0
"2021-09-25",10551,5850912,9024,5184782,1018,496319,3443,110022,24036,27039.43,11642035,0
"2021-09-26",6310,5857222,5761,5190543,774,497093,2413,112435,15258,27283.29,11657293,0
"2021-09-27",14180,5871402,8052,5198595,1155,498248,9005,121440,32392,27868.43,11689685,0
"2021-09-28",11162,5882564,11767,5210362,901,499149,9866,131306,33696,28663,11723381,0
"2021-09-29",11618,5894182,12192,5222554,1206,500355,9412,140718,34428,29639.57,11757809,0
"2021-09-30",12258,5906440,12596,5235150,1339,501694,9692,150410,35885,30251.86,11793694,0
"2021-10-01",12663,5919103,13426,5248576,1284,502978,10226,160636,37599,30470.57,11831293,0
"2021-10-02",7739,5926842,9973,5258549,865,503843,4215,164851,22792,30292.86,11854085,0
"2021-10-03",5080,5931922,6155,5264704,593,504436,2604,167455,14432,30174.86,11868517,0
"2021-10-04",9922,5941844,11025,5275729,913,505349,9480,176935,31340,30024.57,11899857,0
"2021-10-05",10181,5952025,11733,5287462,972,506321,9907,186842,32793,29895.57,11932650,0
"2021-10-06",9931,5961956,11054,5298516,937,507258,9901,196743,31823,29523.43,11964473,0
"2021-10-07",9682,5971638,12188,5310704,852,508110,10160,206903,32882,29094.43,11997355,0
"2021-10-08",9478,5981116,12171,5322875,943,509053,10866,217769,33458,28502.86,12030813,0
"2021-10-09",6273,5987389,8274,5331149,649,509702,4102,221871,19298,28003.71,12050111,0
"2021-10-10",3546,5990935,5023,5336172,458,510160,2421,224292,11448,27577.43,12061559,0
"2021-10-11",7641,5998576,9330,5345502,728,510888,8868,233160,26567,26895.57,12088126,0
"2021-10-12",8086,6006662,11001,5356503,891,511779,10468,243628,30446,26560.29,12118572,0
"2021-10-13",7177,6013839,10139,5366642,869,512648,8753,252381,26938,25862.43,12145510,0
"2021-10-14",7462,6021301,11111,5377753,835,513483,10068,262449,29476,25375.86,12174986,0
"2021-10-15",7746,6029047,11864,5389617,823,514306,10757,273206,31190,25051.86,12206176,0
"2021-10-16",4871,6033918,7466,5397083,666,514972,3813,277019,16816,24697.29,12222992,0
"2021-10-17",3062,6036980,4473,5401556,411,515383,2438,279457,10384,24545.29,12233376,0
"2021-10-18",7069,6044049,10661,5412217,796,516179,9413,288870,27939,24741.29,12261315,0
"2021-10-19",6592,6050641,8941,5421158,805,516984,9045,297915,25383,24018,12286698,0
"2021-10-20",6556,6057197,9379,5430537,975,517959,9934,307849,26844,24004.57,12313542,0
"2021-10-21",7050,6064247,9379,5439916,859,518818,10804,318653,28092,23806.86,12341634,0
"2021-10-22",8147,6072394,10343,5450259,1025,519843,16303,334956,35818,24468,12377452,0
"2021-10-23",5190,6077584,6457,5456716,690,520533,9098,344054,21435,25127.86,12398887,0
"2021-10-24",3281,6080865,3972,5460688,770,521303,6140,350194,14163,25667.71,12413050,0
"2021-10-25",8806,6089671,8745,5469433,1148,522451,19210,369404,37909,27092,12450959,0
"2021-10-26",8225,6097896,7727,5477160,1259,523710,17262,386666,34473,28390.57,12485432,0
"2021-10-27",10596,6108492,8395,5485555,1604,525314,20806,407472,41401,30470.14,12526833,0
"2021-10-28",11365,6119857,8037,5493592,1792,527106,20802,428274,41996,32456.43,12568829,0
"2021-10-29",11868,6131725,8244,5501836,1963,529069,22484,450758,44559,33705.14,12613388,0
"2021-10-30",4645,6136370,5056,5506892,934,530003,11145,461903,21780,33754.43,12635168,0
"2021-10-31",2670,6139040,2705,5509597,544,530547,6610,468513,12529,33521,12647697,0
"2021-11-01",7179,6146219,6953,5516550,1089,531636,20335,488848,35556,33184.86,12683253,0
"2021-11-02",6617,6152836,6590,5523140,1055,532691,20717,509565,34979,33257.14,12718232,0
"2021-11-03",6880,6159716,6681,5529821,1027,533718,20586,530151,35174,32367.57,12753406,0
"2021-11-04",9334,6169050,6276,5536097,997,534715,22323,552474,38930,31929.57,12792336,0
"2021-11-05",11097,6180147,6720,5542817,1052,535767,23720,576194,42589,31648.14,12834925,0
"2021-11-06",11144,6191291,4051,5546868,593,536360,12572,588766,28360,32588.14,12863285,0
"2021-11-07",7275,6198566,2282,5549150,577,536937,7090,595856,17224,33258.86,12880509,0
"2021-11-08",15088,6213654,5677,5554827,867,537804,19463,615319,41095,34050.14,12921604,0
"2021-11-09",16183,6229837,5383,5560210,661,538465,20480,635799,42707,35154.14,12964311,0
"2021-11-10",16973,6246810,5324,5565534,685,539150,22598,658397,45580,36640.71,13009891,0
"2021-11-11",12612,6259422,5194,5570728,760,539910,22035,680432,40601,36879.43,13050492,0
"2021-11-12",16926,6276348,5683,5576411,708,540618,23355,703787,46672,37462.71,13097164,0
"2021-11-13",9963,6286311,3666,5580077,465,541083,13298,717085,27392,37324.43,13124556,0
"2021-11-14",6032,6292343,2295,5582372,325,541408,7914,724999,16566,37230.43,13141122,0
"2021-11-15",13269,6305612,5969,5588341,690,542098,25061,750060,44989,37786.71,13186111,0
"2021-11-16",10016,6315628,5791,5594132,655,542753,30604,780664,47066,38409.43,13233177,0
"2021-11-17",10352,6325980,6679,5600811,681,543434,31357,812021,49069,38907.86,13282246,0
"2021-11-18",10777,6336757,6548,5607359,860,544294,32939,844960,51124,40411.14,13333370,0
"2021-11-19",12070,6348827,6556,5613915,716,545010,36191,881151,55533,41677,13388903,0
"2021-11-20",9378,6358205,3422,5617337,514,545524,22464,903615,35778,42875,13424681,0
"2021-11-21",4992,6363197,1892,5619229,287,545811,13166,916781,20337,43413.71,13445018,0
"2021-11-22",10498,6373695,5794,5625023,752,546563,35864,952645,52908,44545,13497926,0
"2021-11-23",9865,6383560,4779,5629802,637,547200,33449,986094,48730,44782.71,13546656,0
"2021-11-24",8759,6392319,4752,5634554,651,547851,25873,1011967,40035,43492.14,13586691,0
"2021-11-25",452,6392771,325,5634879,80,547931,1000,1012967,1857,36454,13588548,0
"2021-11-26",8100,6400871,6990,5641869,528,548459,26543,1039510,42161,34543.71,13630709,0
"2021-11-27",6711,6407582,6832,5648701,372,548831,18799,1058309,32714,34106,13663423,0
"2021-11-28",4101,6411683,5782,5654483,282,549113,11848,1070157,22013,34345.43,13685436,0
"2021-11-29",9145,6420828,10990,5665473,688,549801,34948,1105105,55771,34754.43,13741207,0
"2021-11-30",10573,6431401,11432,5676905,513,550314,37714,1142819,60232,36397.57,13801439,0
"2021-12-01",11248,6442649,10982,5687887,723,551037,40270,1183089,63223,39710.14,13864662,0
"2021-12-02",11722,6454371,11027,5698914,626,551663,42071,1225160,65446,48794.29,13930108,0
"2021-12-03",13560,6467931,12879,5711793,677,552340,47856,1273016,74972,53481.57,14005080,0
"2021-12-04",9897,6477828,11283,5723076,567,552907,30616,1303632,52363,56288.57,14057443,0
"2021-12-05",5782,6483610,5703,5728779,269,553176,16628,1320260,28382,57198.43,14085825,0
"2021-12-06",12412,6496022,9951,5738730,602,553778,43161,1363421,66126,58677.71,14151951,0
"2021-12-07",12674,6508696,9257,5747987,625,554403,42969,1406390,65525,59433.86,14217476,0
"2021-12-08",13621,6522317,8761,5756748,555,554958,40706,1447096,63643,59493.86,14281119,0
"2021-12-09",13582,6535899,8763,5765511,558,555516,40734,1487830,63637,59235.43,14344756,0
"2021-12-10",14117,6550016,10133,5775644,671,556187,43578,1531408,68499,58310.71,14413255,0
"2021-12-11",10308,6560324,8117,5783761,405,556592,26668,1558076,45498,57330,14458753,0
"2021-12-12",6052,6566376,3855,5787616,288,556880,15138,1573214,25333,56894.43,14484086,0
"2021-12-13",12287,6578663,7422,5795038,656,557536,37825,1611039,58190,55760.71,14542276,0
"2021-12-14",12302,6590965,6961,5801999,731,558267,38079,1649118,58073,54696.14,14600349,0
"2021-12-15",12195,6603160,6239,5808238,755,559022,38034,1687152,57223,53779,14657572,0
"2021-12-16",13200,6616360,4273,5812511,742,559764,40944,1728096,59159,53139.29,14716731,0
"2021-12-17",16031,6632391,6934,5819445,620,560384,46673,1774769,70258,53390.57,14786989,0
"2021-12-18",13074,6645465,5714,5825159,432,560816,30547,1805316,49767,54000.43,14836756,0
"2021-12-19",7056,6652521,2993,5828152,326,561142,17974,1823290,28349,54431.29,14865105,0
"2021-12-20",16944,6669465,5870,5834022,747,561889,47343,1870633,70904,56247.57,14936009,0
"2021-12-21",18044,6687509,6565,5840587,806,562695,48817,1919450,74232,58556,15010241,0
"2021-12-22",18643,6706152,6564,5847151,938,563633,49548,1968998,75693,61194.57,15085934,0
"2021-12-23",19104,6725256,6479,5853630,930,564563,45753,2014751,72266,63067,15158200,0
"2021-12-24",9254,6734510,2949,5856579,598,565161,20579,2035330,33380,57798.71,15191580,0
"2021-12-25",344,6734854,64,5856643,31,565192,424,2035754,863,50812.43,15192443,0
"2021-12-26",7990,6742844,3928,5860571,341,565533,17252,2053006,29511,50978.43,15221954,0
"2021-12-27",21859,6764703,9203,5869774,933,566466,43357,2096363,75352,51613.86,15297306,0
"2021-12-28",20218,6784921,8328,5878102,698,567164,47497,2143860,76741,51972.29,15374047,0
"2021-12-29",18547,6803468,7666,5885768,607,567771,45473,2189333,72293,51486.57,15446340,0
"2021-12-30",16920,6820388,7417,5893185,583,568354,44766,2234099,69686,51118,15516026,0
"2021-12-31",5371,6825759,2808,5895993,193,568547,14744,2248843,23116,49651.71,15539142,0
"2022-01-01",237,6825996,146,5896139,11,568558,498,2249341,892,49655.86,15540034,0
"2022-01-02",6450,6832446,5013,5901152,153,568711,10969,2260310,22585,48666.43,15562619,0
"2022-01-03",14204,6846650,8480,5909632,515,569226,26829,2287139,50028,45048.71,15612647,0
"2022-01-04",13117,6859767,8069,5917701,412,569638,26961,2314100,48559,41022.71,15661206,0
"2022-01-05",11640,6871407,6973,5924674,385,570023,25712,2339812,44710,37082.29,15705916,0
"2022-01-06",11571,6882978,7368,5932042,485,570508,27418,2367230,46842,33818.86,15752758,0
"2022-01-07",10490,6893468,8415,5940457,337,570845,24935,2392165,44177,36827.57,15796935,0
"2022-01-08",7952,6901420,8549,5949006,310,571155,19385,2411550,36196,41871,15833131,0
"2022-01-09",4150,6905570,3844,5952850,214,571369,10046,2421596,18254,41252.29,15851385,0
"2022-01-10",10195,6915765,8184,5961034,490,571859,24570,2446166,43439,40311,15894824,0
"2022-01-11",8928,6924693,7989,5969023,521,572380,20967,2467133,38405,38860.43,15933229,0
"2022-01-12",8974,6933667,8317,5977340,428,572808,22282,2489415,40001,38187.71,15973230,0
"2022-01-13",9076,6942743,8860,5986200,451,573259,22798,2512213,41185,37379.57,16014415,0
"2022-01-14",10144,6952887,8112,5994312,476,573735,26383,2538596,45115,37513.57,16059530,0
"2022-01-15",6222,6959109,4305,5998617,178,573913,15130,2553726,25835,36033.43,16085365,0
"2022-01-16",2931,6962040,3252,6001869,93,574006,7807,2561533,14083,35437.57,16099448,0
"2022-01-17",6104,6968144,6756,6008625,363,574369,14640,2576173,27863,33212.43,16127311,0
"2022-01-18",8186,6976330,10299,6018924,396,574765,19605,2595778,38486,33224,16165797,0
"2022-01-19",7517,6983847,9234,6028158,306,575071,17665,2613443,34722,32469.86,16200519,0
"2022-01-20",6316,6990163,8564,6036722,305,575376,15183,2628626,30368,30924.57,16230887,0
"2022-01-21",7596,6997759,7487,6044209,276,575652,18461,2647087,33820,29311,16264707,0
"2022-01-22",5203,7002962,4931,6049140,131,575783,11291,2658378,21556,28699.71,16286263,0
"2022-01-23",2821,7005783,3326,6052466,97,575880,6219,2664597,12463,28468.29,16298726,0
"2022-01-24",6404,7012187,8192,6060658,262,576142,15016,2679613,29874,28755.57,16328600,0
"2022-01-25",6213,7018400,7921,6068579,232,576374,14657,2694270,29023,27403.71,16357623,0
"2022-01-26",5773,7024173,7159,6075738,290,576664,13981,2708251,27203,26329.57,16384826,0
"2022-01-27",5279,7029452,7080,6082818,321,576985,14037,2722288,26717,25808,16411543,0
"2022-01-28",6304,7035756,7854,6090672,204,577189,16071,2738359,30433,25324.14,16441976,0
"2022-01-29",847,7036603,728,6091400,28,577217,2528,2740887,4131,22834.86,16446107,0
"2022-01-30",2100,7038703,3021,6094421,103,577320,4529,2745416,9753,22447.71,16455860,0
"2022-01-31",5033,7043736,6591,6101012,219,577539,11328,2756744,23171,21490.14,16479031,0
"2022-02-01",4853,7048589,6437,6107449,219,577758,10671,2767415,22180,20512.57,16501211,0
"2022-02-02",4263,7052852,5921,6113370,214,577972,11194,2778609,21592,19711,16522803,0
"2022-02-03",4243,7057095,5792,6119162,217,578189,11186,2789795,21438,18956.86,16544241,0
"2022-02-04",4803,7061898,7105,6126267,214,578403,13176,2802971,25298,18223.29,16569539,0
"2022-02-05",3595,7065493,6045,6132312,110,578513,8554,2811525,18304,20248,16587843,0
"2022-02-06",2066,7067559,2137,6134449,121,578634,4627,2816152,8951,20133.43,16596794,0
"2022-02-07",4165,7071724,4723,6139172,205,578839,10113,2826265,19206,19567,16616000,0
"2022-02-08",4241,7075965,5602,6144774,214,579053,11281,2837546,21338,19446.71,16637338,0
"2022-02-09",4146,7080111,5394,6150168,222,579275,11642,2849188,21404,19419.86,16658742,0
"2022-02-10",4009,7084120,5113,6155281,245,579520,12174,2861362,21541,19434.57,16680283,0
"2022-02-11",4538,7088658,5800,6161081,194,579714,13705,2875067,24237,19283,16704520,0
"2022-02-12",3266,7091924,4337,6165418,96,579810,8791,2883858,16490,19023.86,16721010,0
"2022-02-13",1523,7093447,1542,6166960,41,579851,4878,2888736,7984,18885.71,16728994,0
"2022-02-14",3005,7096452,3619,6170579,165,580016,10541,2899277,17330,18617.71,16746324,0
"2022-02-15",3576,7100028,4064,6174643,176,580192,12751,2912028,20567,18507.57,16766891,0
"2022-02-16",3674,7103702,3897,6178540,198,580390,15681,2927709,23450,18799.86,16790341,0
"2022-02-17",4059,7107761,4079,6182619,164,580554,18236,2945945,26538,19513.71,16816879,0
"2022-02-18",4495,7112256,4777,6187396,190,580744,21509,2967454,30971,20475.71,16847850,0
"2022-02-19",3264,7115520,2179,6189575,65,580809,11153,2978607,16661,20500.14,16864511,0
"2022-02-20",1867,7117387,1445,6191020,59,580868,6570,2985177,9941,20779.71,16874452,0
"2022-02-21",3099,7120486,2686,6193706,95,580963,8345,2993522,14225,20336.14,16888677,0
"2022-02-22",4405,7124891,4245,6197951,175,581138,10803,3004325,19628,20202,16908305,0
"2022-02-23",4285,7129176,3783,6201734,145,581283,10640,3014965,18853,19545.29,16927158,0
"2022-02-24",3786,7132962,3651,6205385,108,581391,10168,3025133,17713,18284.57,16944871,0
"2022-02-25",3628,7136590,3618,6209003,134,581525,9962,3035095,17342,16337.57,16962213,0
"2022-02-26",2851,7139441,2578,6211581,74,581599,9499,3044594,15002,16100.57,16977215,0
"2022-02-27",1779,7141220,1372,6212953,52,581651,6265,3050859,9468,16033,16986683,0
"2022-02-28",3829,7145049,3127,6216080,141,581792,13095,3063954,20192,16885.43,17006875,0
"2022-03-01",2137,7147186,2610,6218690,103,581895,5157,3069111,10007,15511,17016882,0
"2022-03-02",1834,7149020,2427,6221117,106,582001,4109,3073220,8476,14028.57,17025358,0
"2022-03-03",1940,7150960,2557,6223674,106,582107,3785,3077005,8388,12696.43,17033746,0
"2022-03-04",2118,7153078,2867,6226541,66,582173,4315,3081320,9366,11557,17043112,0
"2022-03-05",1613,7154691,2124,6228665,43,582216,3306,3084626,7086,10426.14,17050198,0
"2022-03-06",802,7155493,878,6229543,30,582246,1619,3086245,3329,9549.14,17053527,0
"2022-03-07",1676,7157169,1781,6231324,86,582332,3481,3089726,7024,7668,17060551,0
"2022-03-08",1553,7158722,1892,6233216,81,582413,3115,3092841,6641,7187.14,17067192,0
"2022-03-09",1269,7159991,1665,6234881,78,582491,2571,3095412,5583,6773.86,17072775,0
"2022-03-10",1428,7161419,2095,6236976,85,582576,2942,3098354,6550,6511.29,17079325,0
"2022-03-11",1607,7163026,2266,6239242,81,582657,3202,3101556,7156,6195.57,17086481,0
"2022-03-12",880,7163906,1412,6240654,40,582697,1996,3103552,4328,5801.57,17090809,0
"2022-03-13",626,7164532,757,6241411,26,582723,1291,3104843,2700,5711.71,17093509,0
"2022-03-14",1383,7165915,1597,6243008,83,582806,2981,3107824,6044,5571.71,17099553,0
"2022-03-15",1357,7167272,1923,6244931,63,582869,3067,3110891,6410,5538.71,17105963,0
"2022-03-16",1400,7168672,2063,6246994,94,582963,3123,3114014,6680,5695.43,17112643,0
"2022-03-17",1183,7169855,1811,6248805,70,583033,2749,3116763,5813,5590.14,17118456,0
"2022-03-18",1590,7171445,2179,6250984,80,583113,3756,3120519,7605,5654.29,17126061,0
"2022-03-19",1116,7172561,1726,6252710,54,583167,2586,3123105,5482,5819.14,17131543,0
"2022-03-20",613,7173174,629,6253339,32,583199,1459,3124564,2733,5823.86,17134276,0
"2022-03-21",1424,7174598,1551,6254890,73,583272,3040,3127604,6088,5830.14,17140364,0
"2022-03-22",1342,7175940,1546,6256436,101,583373,2890,3130494,5879,5754.29,17146243,0
"2022-03-23",1258,7177198,1352,6257788,66,583439,2908,3133402,5584,5597.71,17151827,0
"2022-03-24",1215,7178413,1295,6259083,89,583528,2506,3135908,5105,5496.57,17156932,0
"2022-03-25",1390,7179803,1617,6260700,61,583589,3252,3139160,6320,5313,17163252,0
"2022-03-26",928,7180731,1156,6261856,36,583625,2290,3141450,4410,5159.86,17167662,0
"2022-03-27",577,7181308,525,6262381,29,583654,1309,3142759,2440,5118,17170102,0
"2022-03-28",1087,7182395,1149,6263530,68,583722,2430,3145189,4734,4924.57,17174836,0
"2022-03-29",1059,7183454,1105,6264635,86,583808,2499,3147688,4749,4763.14,17179585,0
"2022-03-30",1251,7184705,1136,6265771,98,583906,3053,3150741,5538,4756.57,17185123,0
"2022-03-31",1270,7185975,1252,6267023,57,583963,3150,3153891,5729,4845.71,17190852,0
"2022-04-01",1423,7187398,1492,6268515,74,584037,3238,3157129,6227,4832.43,17197079,0
"2022-04-02",909,7188307,918,6269433,33,584070,2093,3159222,3953,4767.14,17201032,0
"2022-04-03",557,7188864,497,6269930,28,584098,1227,3160449,2309,4748.43,17203341,0
"2022-04-04",1356,7190220,1305,6271235,60,584158,2719,3163168,5440,4849.29,17208781,0
"2022-04-05",1297,7191517,1155,6272390,68,584226,2860,3166028,5380,4939.43,17214161,0
"2022-04-06",1292,7192809,1182,6273572,58,584284,2615,3168643,5147,4883.57,17219308,0
"2022-04-07",1211,7194020,1064,6274636,54,584338,2371,3171014,4700,4736.57,17224008,0
"2022-04-08",1485,7195505,1394,6276030,56,584394,3152,3174166,6087,4716.57,17230095,0
"2022-04-09",937,7196442,919,6276949,28,584422,2047,3176213,3931,4713.43,17234026,0
"2022-04-10",593,7197035,462,6277411,25,584447,1170,3177383,2250,4705,17236276,0
"2022-04-11",1343,7198378,1229,6278640,59,584506,2645,3180028,5276,4681.57,17241552,0
"2022-04-12",1207,7199585,1050,6279690,73,584579,2522,3182550,4852,4606.14,17246404,0
"2022-04-13",1264,7200849,1065,6280755,58,584637,2497,3185047,4884,4568.57,17251288,0
"2022-04-14",1277,7202126,1092,6281847,59,584696,2422,3187469,4850,4590,17256138,0
"2022-04-15",1337,7203463,1091,6282938,52,584748,2552,3190021,5032,4439.29,17261170,0
"2022-04-16",875,7204338,650,6283588,31,584779,1634,3191655,3190,4333.43,17264360,0
"2022-04-17",349,7204687,203,6283791,27,584806,636,3192291,1215,4185.57,17265575,0
"2022-04-18",1376,7206063,1108,6284899,82,584888,2578,3194869,5144,4166.71,17270719,0
"2022-04-19",1408,7207471,935,6285834,70,584958,2561,3197430,4974,4184.14,17275693,0
"2022-04-20",1318,7208789,1130,6286964,65,585023,2635,3200065,5148,4221.86,17280841,0
"2022-04-21",1214,7210003,1060,6288024,51,585074,2310,3202375,4635,4191.14,17285476,0
"2022-04-22",1216,7211219,1012,6289036,44,585118,2193,3204568,4465,4110.14,17289941,0
"2022-04-23",719,7211938,745,6289781,59,585177,1415,3205983,2938,4074.14,17292879,0
"2022-04-24",441,7212379,339,6290120,27,585204,810,3206793,1617,4131.57,17294496,0
"2022-04-25",1020,7213399,908,6291028,62,585266,1835,3208628,3825,3943.14,17298321,0
"2022-04-26",920,7214319,849,6291877,74,585340,1750,3210378,3593,3745.86,17301914,0
"2022-04-27",1019,7215338,968,6292845,78,585418,1900,3212278,3965,3576.86,17305879,0
"2022-04-28",1066,7216404,972,6293817,48,585466,1955,3214233,4041,3492,17309920,0
"2022-04-29",925,7217329,951,6294768,57,585523,1717,3215950,3650,3375.57,17313570,0
"2022-04-30",719,7218048,739,6295507,43,585566,1389,3217339,2890,3368.71,17316460,0
"2022-05-01",447,7218495,370,6295877,20,585586,751,3218090,1588,3364.57,17318048,0
"2022-05-02",1033,7219528,795,6296672,50,585636,1648,3219738,3526,3321.86,17321574,0
"2022-05-03",1075,7220603,844,6297516,59,585695,1930,3221668,3908,3366.86,17325482,0
"2022-05-04",1000,7221603,866,6298382,47,585742,1886,3223554,3799,3343.14,17329281,0
"2022-05-05",1037,7222640,943,6299325,74,585816,1905,3225459,3959,3331.43,17333240,0
"2022-05-06",1070,7223710,919,6300244,45,585861,1843,3227302,3877,3363.86,17337117,0
"2022-05-07",645,7224355,583,6300827,29,585890,1188,3228490,2445,3300.29,17339562,0
"2022-05-08",417,7224772,246,6301073,17,585907,666,3229156,1346,3265.71,17340908,0
"2022-05-09",1063,7225835,930,6302003,59,585966,1848,3231004,3900,3319.14,17344808,0
"2022-05-10",1061,7226896,906,6302909,49,586015,1945,3232949,3961,3326.71,17348769,120000
"2022-05-11",1071,7227967,948,6303857,40,586055,1882,3234831,3941,3347,17352710,120000
"2022-05-12",1036,7229003,890,6304747,54,586109,1852,3236683,3832,3328.86,17356542,120000
"2022-05-13",1138,7230141,1005,6305752,41,586150,1983,3238666,4167,3370.29,17360709,120000
"2022-05-14",790,7230931,646,6306398,27,586177,1421,3240087,2884,3433,17363593,120000
"2022-05-15",501,7231432,348,6306746,16,586193,894,3240981,1759,3492,17365352,120000
"2022-05-16",287,7231719,255,6307001,28,586221,516,3241497,1086,3090,17366438,120000
