"DATE","ADMIN_DOSE1_DAILY","ADMIN_DOSE1_CUMULATIVE","ADMIN_DOSE2_DAILY","ADMIN_DOSE2_CUMULATIVE","ADMIN_SINGLE_DAILY","ADMIN_SINGLE_CUMULATIVE","ADMIN_ADDITIONAL1_DAILY","ADMIN_ADDITIONAL1_CUMULATIVE","ADMIN_ADDITIONAL2_DAILY","ADMIN_ADDITIONAL2_CUMULATIVE","ADMIN_ADDITIONAL_DAILY","ADMIN_ADDITIONAL_CUMULATIVE","ADMIN_ALLDOSES_DAILY","ADMIN_ALLDOSES_7DAYAVG","ADMIN_ALLDOSES_CUMULATIVE","INCOMPLETE"
"2020-12-14",79,79,0,0,0,0,0,0,0,0,0,0,79,,79,0
"2020-12-15",2051,2130,6,6,4,4,0,0,0,0,0,0,2061,,2140,0
"2020-12-16",4607,6737,14,20,1,5,1,1,0,0,1,1,4623,,6763,0
"2020-12-17",4657,11394,18,38,0,5,1,2,0,0,1,2,4676,,11439,0
"2020-12-18",5832,17226,18,56,2,7,2,4,0,0,2,4,5854,,17293,0
"2020-12-19",1689,18915,7,63,3,10,0,4,0,0,0,4,1699,,18992,0
"2020-12-20",1116,20031,2,65,1,11,0,4,0,0,0,4,1119,2873,20111,0
"2020-12-21",6340,26371,20,85,0,11,5,9,0,0,5,9,6365,3771,26476,0
"2020-12-22",9795,36166,26,111,2,13,1,10,0,0,1,10,9824,4880,36300,0
"2020-12-23",14272,50438,36,147,3,16,1,11,0,0,1,11,14312,6264.14,50612,0
"2020-12-24",7198,57636,25,172,1,17,0,11,0,0,0,11,7224,6628.14,57836,0
"2020-12-25",180,57816,0,172,0,17,1,12,0,0,1,12,181,5817.71,58017,0
"2020-12-26",4388,62204,45,217,0,17,1,13,0,0,1,13,4434,6208.43,62451,0
"2020-12-27",3870,66074,14,231,0,17,1,14,0,0,1,14,3885,6603.57,66336,0
"2020-12-28",10994,77068,49,280,1,18,2,16,0,0,2,16,11046,7272.29,77382,0
"2020-12-29",10717,87785,35,315,2,20,2,18,0,0,2,18,10756,7405.43,88138,0
"2020-12-30",12826,100611,44,359,0,20,0,18,0,0,0,18,12870,7199.43,101008,0
"2020-12-31",7262,107873,34,393,1,21,0,18,0,0,0,18,7297,7209.86,108305,0
"2021-01-01",181,108054,2,395,1,22,3,21,0,0,3,21,187,7210.71,108492,0
"2021-01-02",3809,111863,10,405,2,24,2,23,0,0,2,23,3823,7123.43,112315,0
"2021-01-03",3541,115404,25,430,2,26,1,24,0,0,1,24,3569,7078.29,115884,0
"2021-01-04",12255,127659,807,1237,2,28,6,30,0,0,6,30,13070,7367.43,128954,0
"2021-01-05",14091,141750,2190,3427,2,30,12,42,1,1,13,43,16296,8158.86,145250,0
"2021-01-06",17801,159551,3925,7352,1,31,29,71,8,9,37,80,21764,9429.43,167014,0
"2021-01-07",16551,176102,5171,12523,4,35,45,116,3,12,48,128,21774,11497.57,188788,0
"2021-01-08",16620,192722,5455,17978,0,35,33,149,4,16,37,165,22112,14629.71,210900,0
"2021-01-09",7652,200374,1462,19440,1,36,7,156,2,18,9,174,9124,15387,220024,0
"2021-01-10",7881,208255,983,20423,0,36,10,166,0,18,10,184,8874,16144.86,228898,0
"2021-01-11",25825,234080,7454,27877,2,38,48,214,8,26,56,240,33337,19040.14,262235,0
"2021-01-12",28258,262338,7861,35738,1,39,44,258,3,29,47,287,36167,21878.86,298402,0
"2021-01-13",31720,294058,9390,45128,1,40,56,314,4,33,60,347,41171,24651.29,339573,0
"2021-01-14",35815,329873,5316,50444,1,41,31,345,7,40,38,385,41170,27422.14,380743,0
"2021-01-15",29265,359138,3703,54147,2,43,32,377,5,45,37,422,33007,28978.57,413750,0
"2021-01-16",30291,389429,2377,56524,0,43,25,402,6,51,31,453,32699,32346.43,446449,0
"2021-01-17",23749,413178,1629,58153,0,43,19,421,1,52,20,473,25398,34707,471847,0
"2021-01-18",27106,440284,2411,60564,1,44,33,454,7,59,40,513,29558,34167.14,501405,0
"2021-01-19",34294,474578,9628,70192,1,45,69,523,6,65,75,588,43998,35285.86,545403,0
"2021-01-20",34868,509446,9494,79686,1,46,58,581,4,69,62,650,44425,35750.71,589828,0
"2021-01-21",25592,535038,8092,87778,2,48,49,630,5,74,54,704,33740,34689.29,623568,0
"2021-01-22",24755,559793,4382,92160,1,49,32,662,7,81,39,743,29177,34142.14,652745,0
"2021-01-23",15743,575536,3225,95385,0,49,9,671,2,83,11,754,18979,32182.14,671724,0
"2021-01-24",7178,582714,3452,98837,0,49,20,691,1,84,21,775,10651,30075.43,682375,0
"2021-01-25",13410,596124,11821,110658,0,49,65,756,12,96,77,852,25308,29468.29,707683,0
"2021-01-26",16766,612890,10750,121408,0,49,68,824,2,98,70,922,27586,27123.71,735269,0
"2021-01-27",20836,633726,12356,133764,0,49,52,876,8,106,60,982,33252,25527.57,768521,0
"2021-01-28",30764,664490,12848,146612,0,49,80,956,16,122,96,1078,43708,26951.57,812229,0
"2021-01-29",31693,696183,11507,158119,0,49,78,1034,10,132,88,1166,43288,28967.43,855517,0
"2021-01-30",18708,714891,3742,161861,0,49,20,1054,2,134,22,1188,22472,29466.43,877989,0
"2021-01-31",13018,727909,2921,164782,1,50,30,1084,4,138,34,1222,15974,30226.86,893963,0
"2021-02-01",1179,729088,5369,170151,4,54,35,1119,4,142,39,1261,6591,27553,900554,0
"2021-02-02",2827,731915,9475,179626,2,56,47,1166,4,146,51,1312,12355,25377.14,912909,0
"2021-02-03",16349,748264,21244,200870,4,60,204,1370,19,165,223,1535,37820,26029.71,950729,0
"2021-02-04",27047,775311,19649,220519,3,63,200,1570,10,175,210,1745,46909,26487,997638,0
"2021-02-05",27593,802904,20041,240560,0,63,177,1747,15,190,192,1937,47826,27135.29,1045464,0
"2021-02-06",22992,825896,11247,251807,0,63,109,1856,12,202,121,2058,34360,28833.57,1079824,0
"2021-02-07",12042,837938,8282,260089,1,64,92,1948,13,215,105,2163,20430,29470.14,1100254,0
"2021-02-08",16958,854896,23522,283611,2,66,230,2178,34,249,264,2427,40746,34349.43,1141000,0
"2021-02-09",17190,872086,28111,311722,2,68,334,2512,42,291,376,2803,45679,39110,1186679,0
"2021-02-10",19593,891679,29309,341031,2,70,256,2768,49,340,305,3108,49209,40737,1235888,0
"2021-02-11",27847,919526,33472,374503,2,72,338,3106,57,397,395,3503,61716,42852.29,1297604,0
"2021-02-12",38396,957922,30796,405299,3,75,354,3460,38,435,392,3895,69587,45961,1367191,0
"2021-02-13",28009,985931,25311,430610,2,77,306,3766,52,487,358,4253,53680,48721,1420871,0
"2021-02-14",16280,1002211,23734,454344,0,77,262,4028,31,518,293,4546,40307,51560.57,1461178,0
"2021-02-15",12795,1015006,10529,464873,2,79,170,4198,23,541,193,4739,23519,49099.57,1484697,0
"2021-02-16",14241,1029247,26732,491605,0,79,321,4519,35,576,356,5095,41329,48478.14,1526026,0
"2021-02-17",16393,1045640,22197,513802,1,80,281,4800,37,613,318,5413,38909,47006.71,1564935,0
"2021-02-18",12151,1057791,24995,538797,21,101,288,5088,43,656,331,5744,37498,43547,1602433,0
"2021-02-19",13261,1071052,23938,562735,39,140,303,5391,44,700,347,6091,37585,38975.29,1640018,0
"2021-02-20",11354,1082406,26076,588811,6,146,324,5715,78,778,402,6493,37838,36712.14,1677856,0
"2021-02-21",6360,1088766,17421,606232,15,161,285,6000,45,823,330,6823,24126,34400.57,1701982,0
"2021-02-22",13044,1101810,11846,618078,2,163,127,6127,19,842,146,6969,25038,34617.57,1727020,0
"2021-02-23",25250,1127060,14145,632223,1,164,157,6284,34,876,191,7160,39587,34368.71,1766607,0
"2021-02-24",36360,1163420,20395,652618,0,164,226,6510,38,914,264,7424,57019,36955.86,1823626,0
"2021-02-25",54619,1218039,30395,683013,6,170,395,6905,63,977,458,7882,85478,43810.14,1909104,0
"2021-02-26",62867,1280906,31873,714886,4,174,411,7316,78,1055,489,8371,95233,52045.57,2004337,0
"2021-02-27",51301,1332207,22747,737633,47,221,334,7650,52,1107,386,8757,74481,57280.29,2078818,0
"2021-02-28",44591,1376798,13826,751459,7,228,203,7853,34,1141,237,8994,58661,62213.86,2137479,0
"2021-03-01",39322,1416120,12778,764237,10,238,165,8018,26,1167,191,9185,52301,66108.57,2189780,0
"2021-03-02",47084,1463204,12576,776813,7,245,161,8179,14,1181,175,9360,59842,69002.14,2249622,0
"2021-03-03",48606,1511810,16156,792969,17,262,147,8326,20,1201,167,9527,64946,70134.57,2314568,0
"2021-03-04",59822,1571632,22823,815792,1092,1354,270,8596,34,1235,304,9831,84041,69929.29,2398609,0
"2021-03-05",60988,1632620,24285,840077,3109,4463,333,8929,34,1269,367,10198,88749,69003,2487358,0
"2021-03-06",47175,1679795,18885,858962,5451,9914,238,9167,36,1305,274,10472,71785,68617.86,2559143,0
"2021-03-07",36041,1715836,14883,873845,6246,16160,229,9396,20,1325,249,10721,57419,68440.43,2616562,0
"2021-03-08",39629,1755465,14681,888526,8563,24723,313,9709,91,1416,404,11125,63277,70008.43,2679839,0
"2021-03-09",39107,1794572,12857,901383,7763,32486,178,9887,34,1450,212,11337,59939,70022.29,2739778,0
"2021-03-10",51833,1846405,15352,916735,5066,37552,226,10113,32,1482,258,11595,72509,71102.71,2812287,0
"2021-03-11",59991,1906396,21819,938554,4619,42171,248,10361,50,1532,298,11893,86727,71486.43,2899014,0
"2021-03-12",52206,1958602,30309,968863,4183,46354,375,10736,84,1616,459,12352,87157,71259,2986171,0
"2021-03-13",40653,1999255,26687,995550,5110,51464,323,11059,51,1667,374,12726,72824,71407.43,3058995,0
"2021-03-14",30718,2029973,15969,1011519,4525,55989,242,11301,27,1694,269,12995,51481,70559.14,3110476,0
"2021-03-15",33591,2063564,17256,1028775,4712,60701,235,11536,33,1727,268,13263,55827,69494.86,3166303,0
"2021-03-16",38675,2102239,20511,1049286,4925,65626,258,11794,35,1762,293,13556,64404,70132.71,3230707,0
"2021-03-17",42621,2144860,24796,1074082,4246,69872,340,12134,36,1798,376,13932,72039,70065.57,3302746,0
"2021-03-18",50452,2195312,26809,1100891,5237,75109,366,12500,60,1858,426,14358,82924,69522.29,3385670,0
"2021-03-19",47796,2243108,29963,1130854,5624,80733,388,12888,71,1929,459,14817,83842,69048.71,3469512,0
"2021-03-20",38712,2281820,25841,1156695,4687,85420,295,13183,59,1988,354,15171,69594,68587.29,3539106,0
"2021-03-21",29302,2311122,19357,1176052,769,86189,223,13406,44,2032,267,15438,49695,68332.14,3588801,0
"2021-03-22",33867,2344989,26743,1202795,4037,90226,261,13667,37,2069,298,15736,64945,69634.71,3653746,0
"2021-03-23",38434,2383423,32846,1235641,4219,94445,294,13961,55,2124,349,16085,75848,71269.57,3729594,0
"2021-03-24",41497,2424920,37607,1273248,4848,99293,328,14289,62,2186,390,16475,84342,73027.14,3813936,0
"2021-03-25",43405,2468325,50805,1324053,5055,104348,472,14761,86,2272,558,17033,99823,75441.29,3913759,0
"2021-03-26",38504,2506829,55518,1379571,4310,108658,525,15286,97,2369,622,17655,98954,77600.14,4012713,0
"2021-03-27",35737,2542566,45760,1425331,2939,111597,415,15701,82,2451,497,18152,84933,79791.43,4097646,0
"2021-03-28",26391,2568957,34458,1459789,1482,113079,334,16035,66,2517,400,18552,62731,81653.71,4160377,0
"2021-03-29",34817,2603774,38870,1498659,3246,116325,345,16380,110,2627,455,19007,77388,83431.29,4237765,0
"2021-03-30",40513,2644287,41927,1540586,3715,120040,338,16718,65,2692,403,19410,86558,84961.29,4324323,0
"2021-03-31",49400,2693687,44872,1585458,7441,127481,401,17119,87,2779,488,19898,102201,87512.57,4426524,0
"2021-04-01",50783,2744470,53954,1639412,11276,138757,498,17617,84,2863,582,20480,116595,89908.57,4543119,0
"2021-04-02",43761,2788231,53891,1693303,11972,150729,544,18161,72,2935,616,21096,110240,91520.86,4653359,0
"2021-04-03",39253,2827484,39220,1732523,9860,160589,334,18495,58,2993,392,21488,88725,92062.57,4742084,0
"2021-04-04",26559,2854043,24787,1757310,3903,164492,224,18719,49,3042,273,21761,55522,91032.71,4797606,0
"2021-04-05",41890,2895933,34487,1791797,11198,175690,370,19089,60,3102,430,22191,88005,92549.43,4885611,0
"2021-04-06",53272,2949205,35616,1827413,13222,188912,426,19515,74,3176,500,22691,102610,94842.57,4988221,0
"2021-04-07",55514,3004719,40705,1868118,14392,203304,392,19907,79,3255,471,23162,111082,96111.29,5099303,0
"2021-04-08",59268,3063987,46599,1914717,16343,219647,517,20424,84,3339,601,23763,122811,96999.29,5222114,0
"2021-04-09",56653,3120640,44961,1959678,17557,237204,514,20938,77,3416,591,24354,119762,98359.57,5341876,0
"2021-04-10",49346,3169986,35648,1995326,12728,249932,389,21327,61,3477,450,24804,98172,99709.14,5440048,0
"2021-04-11",38182,3208168,28820,2024146,7682,257614,294,21621,58,3535,352,25156,75036,102496.86,5515084,0
"2021-04-12",46640,3254808,31846,2055992,13502,271116,465,22086,64,3599,529,25685,92517,103141.43,5607601,0
"2021-04-13",52548,3307356,33791,2089783,368,271484,394,22480,62,3661,456,26141,87163,100934.71,5694764,0
"2021-04-14",50150,3357506,39957,2129740,20,271504,369,22849,71,3732,440,26581,90567,98004,5785331,0
"2021-04-15",52123,3409629,43683,2173423,16,271520,452,23301,104,3836,556,27137,96378,94227.86,5881709,0
"2021-04-16",51191,3460820,42215,2215638,32,271552,424,23725,68,3904,492,27629,93930,90537.57,5975639,0
"2021-04-17",43840,3504660,35694,2251332,3,271555,364,24089,83,3987,447,28076,79984,87939.29,6055623,0
"2021-04-18",28608,3533268,29372,2280704,7,271562,251,24340,62,4049,313,28389,58300,85548.43,6113923,0
"2021-04-19",37473,3570741,36451,2317155,22,271584,322,24662,64,4113,386,28775,74332,82950.57,6188255,0
"2021-04-20",40814,3611555,39627,2356782,19,271603,315,24977,78,4191,393,29168,80853,82049.14,6269108,0
"2021-04-21",38901,3650456,46019,2402801,16,271619,495,25472,96,4287,591,29759,85527,81329.14,6354635,0
"2021-04-22",38495,3688951,48967,2451768,9,271628,334,25806,73,4360,407,30166,87878,80114.86,6442513,0
"2021-04-23",39698,3728649,44383,2496151,3,271631,347,26153,72,4432,419,30585,84503,78768.14,6527016,0
"2021-04-24",31950,3760599,41603,2537754,44,271675,278,26431,63,4495,341,30926,73938,77904.43,6600954,0
"2021-04-25",18425,3779024,31227,2568981,86,271761,194,26625,57,4552,251,31177,49989,76717.14,6650943,0
"2021-04-26",26971,3805995,40737,2609718,1013,272774,284,26909,85,4637,369,31546,69090,75968.29,6720033,0
"2021-04-27",28580,3834575,47143,2656861,1698,274472,346,27255,92,4729,438,31984,77859,75540.57,6797892,0
"2021-04-28",27038,3861613,56848,2713709,2148,276620,424,27679,101,4830,525,32509,86559,75688,6884451,0
"2021-04-29",28613,3890226,57204,2770913,2149,278769,365,28044,100,4930,465,32974,88431,75767,6972882,0
"2021-04-30",30122,3920348,51996,2822909,2054,280823,280,28324,72,5002,352,33326,84524,75770,7057406,0
"2021-05-01",22480,3942828,44543,2867452,1177,282000,231,28555,64,5066,295,33621,68495,74992.43,7125901,0
"2021-05-02",11925,3954753,36655,2904107,1081,283081,139,28694,55,5121,194,33815,49855,74973.29,7175756,0
"2021-05-03",18026,3972779,53031,2957138,2383,285464,251,28945,93,5214,344,34159,73784,75643.86,7249540,0
"2021-05-04",22738,3995517,56644,3013782,2330,287794,270,29215,115,5329,385,34544,82097,76249.29,7331637,0
"2021-05-05",21475,4016992,48767,3062549,2313,290107,308,29523,99,5428,407,34951,72962,74306.86,7404599,0
"2021-05-06",20680,4037672,50182,3112731,2508,292615,269,29792,88,5516,357,35308,73727,72206.29,7478326,0
"2021-05-07",21254,4058926,52097,3164828,2813,295428,306,30098,75,5591,381,35689,76545,71066.43,7554871,0
"2021-05-08",16632,4075558,41869,3206697,1835,297263,230,30328,68,5659,298,35987,60634,69943.43,7615505,0
"2021-05-09",7975,4083533,29413,3236110,1260,298523,147,30475,56,5715,203,36190,38851,68371.43,7654356,0
"2021-05-10",14388,4097921,38535,3274645,2355,300878,233,30708,90,5805,323,36513,55601,65773.86,7709957,0
"2021-05-11",19913,4117834,43067,3317712,2514,303392,280,30988,85,5890,365,36878,65859,63454.14,7775816,0
"2021-05-12",17813,4135647,40550,3358262,3596,306988,226,31214,78,5968,304,37182,62263,61925.71,7838079,0
"2021-05-13",24976,4160623,40433,3398695,3230,310218,258,31472,75,6043,333,37515,68972,61246.43,7907051,0
"2021-05-14",27040,4187663,42925,3441620,3536,313754,264,31736,94,6137,358,37873,73859,60862.71,7980910,0
"2021-05-15",23651,4211314,34921,3476541,3365,317119,252,31988,75,6212,327,38200,62264,61095.57,8043174,0
"2021-05-16",15526,4226840,19454,3495995,2496,319615,121,32109,45,6257,166,38366,37642,60922.86,8080816,0
"2021-05-17",22674,4249514,29144,3525139,3256,322871,177,32286,67,6324,244,38610,55318,60882.43,8136134,0
"2021-05-18",24641,4274155,31912,3557051,3406,326277,235,32521,72,6396,307,38917,60266,60083.43,8196400,0
"2021-05-19",24192,4298347,29724,3586775,3041,329318,223,32744,47,6443,270,39187,57227,59364,8253627,0
"2021-05-20",24155,4322502,30100,3616875,3163,332481,259,33003,86,6529,345,39532,57763,57762.71,8311390,0
"2021-05-21",24680,4347182,32003,3648878,3056,335537,242,33245,58,6587,300,39832,60039,55788.43,8371429,0
"2021-05-22",20022,4367204,24362,3673240,2525,338062,164,33409,49,6636,213,40045,47122,53625.29,8418551,0
"2021-05-23",11234,4378438,13733,3686973,1411,339473,92,33501,32,6668,124,40169,26502,52033.86,8445053,0
"2021-05-24",18878,4397316,23158,3710131,2756,342229,213,33714,55,6723,268,40437,45060,50568.43,8490113,0
"2021-05-25",19432,4416748,23381,3733512,2602,344831,171,33885,57,6780,228,40665,45643,48479.43,8535756,0
"2021-05-26",18784,4435532,21091,3754603,2696,347527,199,34084,48,6828,247,40912,42818,46421,8578574,0
"2021-05-27",18472,4454004,21278,3775881,2529,350056,181,34265,59,6887,240,41152,42519,44243.29,8621093,0
"2021-05-28",17864,4471868,22889,3798770,2751,352807,184,34449,53,6940,237,41389,43741,41915,8664834,0
"2021-05-29",12709,4484577,17810,3816580,1755,354562,106,34555,39,6979,145,41534,32419,39814.57,8697253,0
"2021-05-30",7030,4491607,8950,3825530,1074,355636,48,34603,18,6997,66,41600,17120,38474.29,8714373,0
"2021-05-31",4742,4496349,6925,3832455,1012,356648,64,34667,17,7014,81,41681,12760,33860,8727133,0
"2021-06-01",16047,4512396,25199,3857654,2177,358825,151,34818,43,7057,194,41875,43617,33570.57,8770750,0
"2021-06-02",15353,4527749,20391,3878045,2095,360920,139,34957,48,7105,187,42062,38026,32886,8808776,0
"2021-06-03",15008,4542757,23824,3901869,2281,363201,127,35084,43,7148,170,42232,41283,32709.43,8850059,0
"2021-06-04",14723,4557480,26001,3927870,2492,365693,142,35226,41,7189,183,42415,43399,32660.57,8893458,0
"2021-06-05",10995,4568475,22090,3949960,1806,367499,115,35341,28,7217,143,42558,35034,33034.14,8928492,0
"2021-06-06",6446,4574921,14483,3964443,1222,368721,88,35429,13,7230,101,42659,22252,33767.29,8950744,0
"2021-06-07",11706,4586627,21784,3986227,2378,371099,138,35567,37,7267,175,42834,36043,37093.43,8986787,0
"2021-06-08",12637,4599264,24028,4010255,2072,373171,119,35686,46,7313,165,42999,38902,36419.86,9025689,0
"2021-06-09",11138,4610402,23031,4033286,2299,375470,134,35820,39,7352,173,43172,36641,36222,9062330,0
"2021-06-10",12067,4622469,22237,4055523,2462,377932,139,35959,56,7408,195,43367,36961,35604.57,9099291,0
"2021-06-11",12712,4635181,25118,4080641,2484,380416,156,36115,58,7466,214,43581,40528,35194.43,9139819,0
"2021-06-12",10167,4645348,19313,4099954,1888,382304,94,36209,42,7508,136,43717,31504,34690.14,9171323,0
"2021-06-13",4257,4649605,10936,4110890,1219,383523,41,36250,22,7530,63,43780,16475,33864.86,9187798,0
"2021-06-14",10209,4659814,19240,4130130,2043,385566,127,36377,51,7581,178,43958,31670,33240.14,9219468,0
"2021-06-15",11888,4671702,21014,4151144,1943,387509,131,36508,40,7621,171,44129,35016,32685,9254484,0
"2021-06-16",11588,4683290,19412,4170556,1957,389466,139,36647,68,7689,207,44336,33164,32188.29,9287648,0
"2021-06-17",11026,4694316,18762,4189318,1973,391439,122,36769,35,7724,157,44493,31918,31467.86,9319566,0
"2021-06-18",12168,4706484,18502,4207820,2116,393555,113,36882,36,7760,149,44642,32935,30383.14,9352501,0
"2021-06-19",8498,4714982,13518,4221338,1459,395014,83,36965,21,7781,104,44746,23579,29251,9376080,0
"2021-06-20",4336,4719318,7158,4228496,924,395938,36,37001,17,7798,53,44799,12471,28679,9388551,0
"2021-06-21",10162,4729480,10011,4238507,1807,397745,68,37069,27,7825,95,44894,22075,27308.29,9410626,0
"2021-06-22",9837,4739317,15641,4254148,1589,399334,105,37174,28,7853,133,45027,27200,26191.71,9437826,0
"2021-06-23",10313,4749630,15189,4269337,1863,401197,102,37276,30,7883,132,45159,27497,25382.14,9465323,0
"2021-06-24",9687,4759317,14699,4284036,1799,402996,119,37395,25,7908,144,45303,26329,24583.71,9491652,0
"2021-06-25",10591,4769908,14386,4298422,1721,404717,111,37506,38,7946,149,45452,26847,23714,9518499,0
"2021-06-26",7802,4777710,10464,4308886,1251,405968,74,37580,24,7970,98,45550,19615,23147.71,9538114,0
"2021-06-27",5001,4782711,6002,4314888,795,406763,33,37613,14,7984,47,45597,11845,23058.29,9549959,0
"2021-06-28",9036,4791747,10347,4325235,1526,408289,106,37719,26,8010,132,45729,21041,22910.57,9571000,0
"2021-06-29",9745,4801492,12320,4337555,1347,409636,122,37841,31,8041,153,45882,23565,22391.29,9594565,0
"2021-06-30",9435,4810927,10928,4348483,1486,411122,147,37988,16,8057,163,46045,22012,21607.71,9616577,0
"2021-07-01",9399,4820326,10932,4359415,1434,412556,123,38111,24,8081,147,46192,21912,20976.71,9638489,0
"2021-07-02",9694,4830020,11451,4370866,1541,414097,118,38229,22,8103,140,46332,22826,20402.29,9661315,0
"2021-07-03",7056,4837076,8423,4379289,1193,415290,75,38304,17,8120,92,46424,16764,19995,9678079,0
"2021-07-04",1288,4838364,1336,4380625,567,415857,8,38312,3,8123,11,46435,3202,18760.29,9681281,0
"2021-07-05",6498,4844862,7105,4387730,1208,417065,63,38375,22,8145,85,46520,14896,17882.43,9696177,0
"2021-07-06",9513,4854375,12851,4400581,1316,418381,114,38489,38,8183,152,46672,23832,17920.57,9720009,0
"2021-07-07",8670,4863045,11108,4411689,1419,419800,121,38610,19,8202,140,46812,21337,17824.14,9741346,0
"2021-07-08",8210,4871255,10193,4421882,1260,421060,107,38717,21,8223,128,46940,19791,17521.14,9761137,0
"2021-07-09",8376,4879631,10832,4432714,1278,422338,90,38807,18,8241,108,47048,20594,17202.29,9781731,0
"2021-07-10",7105,4886736,8632,4441346,1132,423470,62,38869,20,8261,82,47130,16951,17229,9798682,0
"2021-07-11",4105,4890841,4539,4445885,703,424173,34,38903,6,8267,40,47170,9387,18112.57,9808069,0
"2021-07-12",8449,4899290,9558,4455443,1251,425424,82,38985,23,8290,105,47275,19363,18750.71,9827432,0
"2021-07-13",9460,4908750,9394,4464837,952,426376,105,39090,34,8324,139,47414,19945,18195.43,9847377,0
"2021-07-14",9000,4917750,9532,4474369,1011,427387,105,39195,21,8345,126,47540,19669,17957.14,9867046,0
"2021-07-15",8790,4926540,9156,4483525,1054,428441,81,39276,19,8364,100,47640,19100,17858.43,9886146,0
"2021-07-16",9242,4935782,9762,4493287,980,429421,102,39378,30,8394,132,47772,20116,17790.14,9906262,0
"2021-07-17",6842,4942624,7387,4500674,803,430224,80,39458,19,8413,99,47871,15131,17530.14,9921393,0
"2021-07-18",4256,4946880,4284,4504958,576,430800,35,39493,13,8426,48,47919,9164,17498.29,9930557,0
"2021-07-19",9121,4956001,8477,4513435,999,431799,91,39584,22,8448,113,48032,18710,17405,9949267,0
"2021-07-20",10649,4966650,8759,4522194,991,432790,94,39678,25,8473,119,48151,20518,17486.86,9969785,0
"2021-07-21",10049,4976699,8766,4530960,903,433693,145,39823,33,8506,178,48329,19896,17519.29,9989681,0
"2021-07-22",10687,4987386,8587,4539547,1046,434739,144,39967,25,8531,169,48498,20489,17717.71,10010170,0
"2021-07-23",11254,4998640,8880,4548427,1114,435853,137,40104,23,8554,160,48658,21408,17902.29,10031578,0
"2021-07-24",7404,5006044,6737,4555164,670,436523,81,40185,24,8578,105,48763,14916,17871.57,10046494,0
"2021-07-25",5479,5011523,2125,4557289,509,437032,58,40243,3,8581,61,48824,8174,17730.14,10054668,0
"2021-07-26",10873,5022396,7003,4564292,859,437891,109,40352,20,8601,129,48953,18864,17752.14,10073532,0
"2021-07-27",12056,5034452,8570,4572862,857,438748,133,40485,38,8639,171,49124,21654,17914.43,10095186,0
"2021-07-28",11992,5046444,8051,4580913,950,439698,131,40616,25,8664,156,49280,21149,18093.43,10116335,0
"2021-07-29",10936,5057380,7431,4588344,984,440682,133,40749,39,8703,172,49452,19523,17955.43,10135858,0
"2021-07-30",14954,5072334,8014,4596358,1150,441832,180,40929,31,8734,211,49663,24329,18372.71,10160187,0
"2021-07-31",9726,5082060,6315,4602673,816,442648,119,41048,21,8755,140,49803,16997,18670,10177184,0
"2021-08-01",6503,5088563,3309,4605982,564,443212,81,41129,20,8775,101,49904,10477,18999,10187661,0
"2021-08-02",13451,5102014,7155,4613137,848,444060,143,41272,17,8792,160,50064,21614,19391.86,10209275,0
"2021-08-03",15412,5117426,8388,4621525,1109,445169,144,41416,37,8829,181,50245,25090,19882.71,10234365,0
"2021-08-04",17264,5134690,8126,4629651,1454,446623,181,41597,34,8863,215,50460,27059,20727,10261424,0
"2021-08-05",17868,5152558,7932,4637583,1367,447990,160,41757,19,8882,179,50639,27346,21844.57,10288770,0
"2021-08-06",18174,5170732,8412,4645995,1233,449223,164,41921,32,8914,196,50835,28015,22371.14,10316785,0
"2021-08-07",13387,5184119,6014,4652009,799,450022,99,42020,28,8942,127,50962,20327,22846.86,10337112,0
"2021-08-08",9309,5193428,3835,4655844,400,450422,82,42102,10,8952,92,51054,13636,23298.14,10350748,0
"2021-08-09",21343,5214771,8528,4664372,964,451386,167,42269,34,8986,201,51255,31036,24644.14,10381784,0
"2021-08-10",18921,5233692,9328,4673700,947,452333,177,42446,33,9019,210,51465,29406,25260.71,10411190,0
"2021-08-11",15651,5249343,8306,4682006,853,453186,129,42575,45,9064,174,51639,24984,24964.29,10436174,0
"2021-08-12",15042,5264385,8981,4690987,940,454126,171,42746,36,9100,207,51846,25170,24653.43,10461344,0
"2021-08-13",14926,5279311,9290,4700277,920,455046,240,42986,37,9137,277,52123,25413,24281.71,10486757,0
"2021-08-14",10406,5289717,6406,4706683,625,455671,529,43515,40,9177,569,52692,18006,23950.14,10504763,0
"2021-08-15",6693,5296410,4480,4711163,676,456347,566,44081,33,9210,599,53291,12448,23780.43,10517211,0
"2021-08-16",15722,5312132,9300,4720463,1150,457497,1319,45400,64,9274,1383,54674,27555,23283.14,10544766,0
"2021-08-17",17773,5329905,10438,4730901,1225,458722,1763,47163,84,9358,1847,56521,31283,23551.29,10576049,0
"2021-08-18",17507,5347412,10362,4741263,1261,459983,1986,49149,94,9452,2080,58601,31210,24440.71,10607259,0
"2021-08-19",16299,5363711,9526,4750789,1315,461298,1949,51098,66,9518,2015,60616,29155,25010,10636414,0
"2021-08-20",16281,5379992,11537,4762326,1254,462552,1859,52957,83,9601,1942,62558,31014,25810.14,10667428,0
"2021-08-21",11150,5391142,8038,4770364,878,463430,1058,54015,56,9657,1114,63672,21180,26263.57,10688608,0
"2021-08-22",4081,5395223,3902,4774266,262,463692,513,54528,34,9691,547,64219,8792,25741.29,10697400,0
"2021-08-23",15585,5410808,11797,4786063,1023,464715,1547,56075,74,9765,1621,65840,30026,26094.29,10727426,0
"2021-08-24",16916,5427724,12595,4798658,1006,465721,1772,57847,77,9842,1849,67689,32366,26249,10759792,0
"2021-08-25",14587,5442311,12443,4811101,1110,466831,1564,59411,76,9918,1640,69329,29780,26044.71,10789572,0
"2021-08-26",16165,5458476,14084,4825185,1072,467903,1771,61182,67,9985,1838,71167,33159,26616.71,10822731,0
"2021-08-27",14883,5473359,14822,4840007,971,468874,1668,62850,73,10058,1741,72908,32417,26817.14,10855148,0
"2021-08-28",10683,5484042,11522,4851529,835,469709,1013,63863,45,10103,1058,73966,24098,27234,10879246,0
"2021-08-29",7218,5491260,7495,4859024,541,470250,778,64641,57,10160,835,74801,16089,28276.43,10895335,0
"2021-08-30",15522,5506782,16927,4875951,1077,471327,1793,66434,84,10244,1877,76678,35403,29044.57,10930738,0
"2021-08-31",15525,5522307,15952,4891903,951,472278,1969,68403,86,10330,2055,78733,34483,29347,10965221,0
"2021-09-01",14835,5537142,14098,4906001,1020,473298,1807,70210,60,10390,1867,80600,31820,29638.43,10997041,0
"2021-09-02",14332,5551474,12519,4918520,896,474194,1703,71913,61,10451,1764,82364,29511,29117.29,11026552,0
"2021-09-03",15019,5566493,14303,4932823,974,475168,1893,73806,69,10520,1962,84326,32258,29094.57,11058810,0
"2021-09-04",9647,5576140,9406,4942229,688,475856,974,74780,34,10554,1008,85334,20749,28616.14,11079559,0
"2021-09-05",6803,5582943,5515,4947744,438,476294,710,75490,16,10570,726,86060,13482,28243.71,11093041,0
"2021-09-06",5196,5588139,4513,4952257,358,476652,270,75760,11,10581,281,86341,10348,24664.43,11103389,0
"2021-09-07",15578,5603717,17695,4969952,912,477564,1555,77315,87,10668,1642,87983,35827,24856.43,11139216,0
"2021-09-08",16166,5619883,14823,4984775,1072,478636,1768,79083,83,10751,1851,89834,33912,25155.29,11173128,0
"2021-09-09",16113,5635996,14751,4999526,1047,479683,1913,80996,73,10824,1986,91820,33897,25781.86,11207025,0
"2021-09-10",18376,5654372,15393,5014919,1208,480891,1971,82967,80,10904,2051,93871,37028,26463.29,11244053,0
"2021-09-11",12639,5667011,10347,5025266,958,481849,1026,83993,48,10952,1074,94945,25018,27073.14,11269071,0
"2021-09-12",8539,5675550,5051,5030317,766,482615,690,84683,29,10981,719,95664,15075,27300.71,11284146,0
"2021-09-13",16931,5692481,12961,5043278,976,483591,1650,86333,54,11035,1704,97368,32572,30475.57,11316718,0
"2021-09-14",16271,5708752,13676,5056954,886,484477,1594,87927,55,11090,1649,99017,32482,29997.71,11349200,0
"2021-09-15",15549,5724301,12879,5069833,727,485204,1565,89492,78,11168,1643,100660,30798,29552.86,11379998,0
"2021-09-16",15342,5739643,13910,5083743,1210,486414,1455,90947,66,11234,1521,102181,31983,29279.43,11411981,0
"2021-09-17",14438,5754081,13963,5097706,922,487336,1826,92773,56,11290,1882,104063,31205,28447.57,11443186,0
"2021-09-18",10002,5764083,10177,5107883,913,488249,1046,93819,41,11331,1087,105150,22179,28042,11465365,0
"2021-09-19",6179,5770262,6071,5113954,558,488807,747,94566,29,11360,776,105926,13584,27829,11478949,0
"2021-09-20",12676,5782938,12629,5126583,1068,489875,1920,96486,59,11419,1979,107905,28352,27226.14,11507301,0
"2021-09-21",12236,5795174,12772,5139355,1109,490984,2018,98504,79,11498,2097,110002,28214,26616.43,11535515,0
"2021-09-22",12824,5807998,12008,5151363,1090,492074,1680,100184,67,11565,1747,111749,27669,26169.43,11563184,0
"2021-09-23",14944,5822942,12756,5164119,1639,493713,2265,102449,73,11638,2338,114087,31677,26125.71,11594861,0
"2021-09-24",16453,5839395,13367,5177486,1636,495349,4623,107072,113,11751,4736,118823,36192,26838.14,11631053,0
"2021-09-25",10541,5849936,9024,5186510,1018,496367,3463,110535,75,11826,3538,122361,24121,27115.57,11655174,0
"2021-09-26",6304,5856240,5760,5192270,773,497140,2425,112960,55,11881,2480,124841,15317,27363.14,11670491,0
"2021-09-27",14165,5870405,8053,5200323,1155,498295,9060,122020,157,12038,9217,134058,32590,27968.57,11703081,0
"2021-09-28",11149,5881554,11778,5212101,902,499197,9913,131933,174,12212,10087,144145,33916,28783.14,11736997,0
"2021-09-29",11608,5893162,12195,5224296,1205,500402,9451,141384,163,12375,9614,153759,34622,29776.43,11771619,0
"2021-09-30",12240,5905402,12606,5236902,1338,501740,9746,151130,172,12547,9918,163677,36102,30408.57,11807721,0
"2021-10-01",12650,5918052,13429,5250331,1284,503024,10266,161396,147,12694,10413,174090,37776,30634.86,11845497,0
"2021-10-02",7733,5925785,9976,5260307,865,503889,4240,165636,75,12769,4315,178405,22889,30458.86,11868386,0
"2021-10-03",5077,5930862,6156,5266463,593,504482,2612,168248,56,12825,2668,181073,14494,30341.29,11882880,0
"2021-10-04",9909,5940771,11023,5277486,913,505395,9523,177771,141,12966,9664,190737,31509,30186.86,11914389,0
"2021-10-05",10164,5950935,11740,5289226,972,506367,9930,187701,174,13140,10104,200841,32980,30053.14,11947369,0
"2021-10-06",9918,5960853,11059,5300285,937,507304,9931,197632,154,13294,10085,210926,31999,29678.43,11979368,0
"2021-10-07",9665,5970518,12197,5312482,853,508157,10191,207823,168,13462,10359,221285,33074,29245.86,12012442,0
"2021-10-08",9460,5979978,12175,5324657,942,509099,10904,218727,161,13623,11065,232350,33642,28655.29,12046084,0
"2021-10-09",6259,5986237,8277,5332934,649,509748,4120,222847,89,13712,4209,236559,19394,28156,12065478,0
"2021-10-10",3543,5989780,5029,5337963,458,510206,2435,225282,41,13753,2476,239035,11506,27729.14,12076984,0
"2021-10-11",7624,5997404,9331,5347294,728,510934,8886,234168,157,13910,9043,248078,26726,27045.86,12103710,0
"2021-10-12",8077,6005481,10998,5358292,891,511825,10512,244680,179,14089,10691,258769,30657,26714,12134367,0
"2021-10-13",7153,6012634,10150,5368442,869,512694,8800,253480,175,14264,8975,267744,27147,26020.86,12161514,0
"2021-10-14",7446,6020080,11114,5379556,836,513530,10114,263594,160,14424,10274,278018,29670,25534.57,12191184,0
"2021-10-15",7727,6027807,11865,5391421,823,514353,10815,274409,164,14588,10979,288997,31394,25213.43,12222578,0
"2021-10-16",4865,6032672,7468,5398889,666,515019,3843,278252,65,14653,3908,292905,16907,24858.14,12239485,0
"2021-10-17",3061,6035733,4473,5403362,411,515430,2452,280704,41,14694,2493,295398,10438,24705.57,12249923,0
"2021-10-18",7051,6042784,10666,5414028,796,516226,9483,290187,172,14866,9655,305053,28168,24911.57,12278091,0
"2021-10-19",6576,6049360,8944,5422972,804,517030,9089,299276,169,15035,9258,314311,25582,24186.57,12303673,0
"2021-10-20",6536,6055896,9375,5432347,975,518005,9987,309263,171,15206,10158,324469,27044,24171.86,12330717,0
"2021-10-21",7029,6062925,9384,5441731,858,518863,10842,320105,150,15356,10992,335461,28263,23970.86,12358980,0
"2021-10-22",8130,6071055,10342,5452073,1026,519889,16345,336450,210,15566,16555,352016,36053,24636.43,12395033,0
"2021-10-23",5171,6076226,6457,5458530,690,520579,9122,345572,112,15678,9234,361250,21552,25300,12416585,0
"2021-10-24",3278,6079504,3971,5462501,770,521349,6152,351724,75,15753,6227,367477,14246,25844,12430831,0
"2021-10-25",8773,6088277,8738,5471239,1150,522499,19250,370974,289,16042,19539,387016,38200,27277.14,12469031,0
"2021-10-26",8205,6096482,7723,5478962,1258,523757,17288,388262,258,16300,17546,404562,34732,28584.29,12503763,0
"2021-10-27",10568,6107050,8393,5487355,1604,525361,20853,409115,308,16608,21161,425723,41726,30681.71,12545489,0
"2021-10-28",11331,6118381,8039,5495394,1793,527154,20842,429957,310,16918,21152,446875,42315,32689.14,12587804,0
"2021-10-29",11842,6130223,8239,5503633,1957,529111,22532,452489,315,17233,22847,469722,44885,33950.86,12632689,0
"2021-10-30",4631,6134854,5058,5508691,930,530041,11169,463658,159,17392,11328,481050,21947,34007.29,12654636,0
"2021-10-31",2665,6137519,2702,5511393,544,530585,6636,470294,97,17489,6733,487783,12644,33778.43,12667280,0
"2021-11-01",7140,6144659,6955,5518348,1089,531674,20382,490676,317,17806,20699,508482,35883,33447.43,12703163,0
"2021-11-02",6588,6151247,6594,5524942,1054,532728,20777,511453,261,18067,21038,529520,35274,33524.86,12738437,0
"2021-11-03",6855,6158102,6680,5531622,1026,533754,20631,532084,298,18365,20929,550449,35490,32634,12773927,0
"2021-11-04",9321,6167423,6279,5537901,995,534749,22354,554438,342,18707,22696,573145,39291,32202,12813218,0
"2021-11-05",11065,6178488,6723,5544624,1051,535800,23759,578197,343,19050,24102,597247,42941,31924.29,12856159,0
"2021-11-06",11137,6189625,4050,5548674,594,536394,12588,590785,164,19214,12752,609999,28533,32865.14,12884692,0
"2021-11-07",7258,6196883,2287,5550961,577,536971,7105,597890,93,19307,7198,617197,17320,33533.14,12902012,0
"2021-11-08",15060,6211943,5678,5556639,865,537836,19507,617397,273,19580,19780,636977,41383,34318.86,12943395,0
"2021-11-09",16159,6228102,5390,5562029,660,538496,20510,637907,267,19847,20777,657754,42986,35420.57,12986381,0
"2021-11-10",16937,6245039,5325,5567354,683,539179,22642,660549,289,20136,22931,680685,45876,36904.29,13032257,0
"2021-11-11",12580,6257619,5189,5572543,759,539938,22080,682629,279,20415,22359,703044,40887,37132.29,13073144,0
"2021-11-12",16900,6274519,5689,5578232,705,540643,23392,706021,350,20765,23742,726786,47036,37717.29,13120180,0
"2021-11-13",9947,6284466,3664,5581896,463,541106,13322,719343,177,20942,13499,740285,27573,37580.14,13147753,0
"2021-11-14",6015,6290481,2292,5584188,325,541431,7931,727274,75,21017,8006,748291,16638,37482.71,13164391,0
"2021-11-15",13225,6303706,5975,5590163,690,542121,25105,752379,350,21367,25455,773746,45345,38048.71,13209736,0
"2021-11-16",9977,6313683,5781,5595944,656,542777,30666,783045,412,21779,31078,804824,47492,38692.43,13257228,0
"2021-11-17",10315,6323998,6675,5602619,681,543458,31416,814461,402,22181,31818,836642,49489,39208.57,13306717,0
"2021-11-18",10744,6334742,6544,5609163,858,544316,33006,847467,436,22617,33442,870084,51588,40737.29,13358305,0
"2021-11-19",12031,6346773,6550,5615713,715,545031,36241,883708,442,23059,36683,906767,55979,42014.86,13414284,0
"2021-11-20",9336,6356109,3419,5619132,513,545544,22510,906218,249,23308,22759,929526,36027,43222.57,13450311,0
"2021-11-21",4957,6361066,1887,5621019,288,545832,13201,919419,144,23452,13345,942871,20477,43771,13470788,0
"2021-11-22",10450,6371516,5792,5626811,751,546583,35914,955333,431,23883,36345,979216,53338,44912.86,13524126,0
"2021-11-23",9813,6381329,4782,5631593,636,547219,33507,988840,362,24245,33869,1013085,49100,45142.57,13573226,0
"2021-11-24",8715,6390044,4752,5636345,651,547870,25916,1014756,278,24523,26194,1039279,40312,43831.57,13613538,0
"2021-11-25",449,6390493,325,5636670,80,547950,1003,1015759,9,24532,1012,1040291,1866,36728.43,13615404,0
"2021-11-26",8067,6398560,6991,5643661,530,548480,26585,1042344,282,24814,26867,1067158,42455,34796.43,13657859,0
"2021-11-27",6688,6405248,6838,5650499,371,548851,18838,1061182,216,25030,19054,1086212,32951,34357,13690810,0
"2021-11-28",4089,6409337,5795,5656294,282,549133,11885,1073067,115,25145,12000,1098212,22166,34598.29,13712976,0
"2021-11-29",9131,6418468,11000,5667294,687,549820,35065,1108132,419,25564,35484,1133696,56302,35021.71,13769278,0
"2021-11-30",10525,6428993,11437,5678731,513,550333,37781,1145913,480,26044,38261,1171957,60736,36684,13830014,0
"2021-12-01",11206,6440199,10985,5689716,724,551057,40346,1186259,428,26472,40774,1212731,63689,40023.57,13893703,0
"2021-12-02",11674,6451873,11040,5700756,627,551684,42157,1228416,440,26912,42597,1255328,65938,49176.71,13959641,0
"2021-12-03",13510,6465383,12890,5713646,676,552360,47923,1276339,508,27420,48431,1303759,75507,53898.43,14035148,0
"2021-12-04",9863,6475246,11293,5724939,567,552927,30674,1307013,296,27716,30970,1334729,52693,56718.71,14087841,0
"2021-12-05",5763,6481009,5708,5730647,271,553198,16657,1323670,124,27840,16781,1351510,28523,57626.86,14116364,0
"2021-12-06",12355,6493364,9960,5740607,600,553798,43238,1366908,430,28270,43668,1395178,66583,59095.57,14182947,0
"2021-12-07",12613,6505977,9260,5749867,625,554423,43027,1409935,488,28758,43515,1438693,66013,59849.43,14248960,0
"2021-12-08",13546,6519523,8778,5758645,555,554978,40783,1450718,459,29217,41242,1479935,64121,59911.14,14313081,0
"2021-12-09",13519,6533042,8755,5767400,554,555532,40808,1491526,481,29698,41289,1521224,64117,59651,14377198,0
"2021-12-10",14048,6547090,10146,5777546,671,556203,43666,1535192,481,30179,44147,1565371,69012,58723.14,14446210,0
"2021-12-11",10286,6557376,8124,5785670,405,556608,26694,1561886,272,30451,26966,1592337,45781,57735.71,14491991,0
"2021-12-12",6022,6563398,3855,5789525,290,556898,15168,1577054,130,30581,15298,1607635,25465,57298.86,14517456,0
"2021-12-13",12251,6575649,7428,5796953,658,557556,37872,1614926,381,30962,38253,1645888,58590,56157,14576046,0
"2021-12-14",12245,6587894,6958,5803911,731,558287,38145,1653071,419,31381,38564,1684452,58498,55083.43,14634544,0
"2021-12-15",12124,6600018,6240,5810151,755,559042,38125,1691196,478,31859,38603,1723055,57722,54169.29,14692266,0
"2021-12-16",13146,6613164,4271,5814422,740,559782,41045,1732241,433,32292,41478,1764533,59635,53529,14751901,0
"2021-12-17",15961,6629125,6931,5821353,620,560402,46766,1779007,465,32757,47231,1811764,70743,53776.29,14822644,0
"2021-12-18",13036,6642161,5718,5827071,432,560834,30615,1809622,264,33021,30879,1842643,50065,54388.29,14872709,0
"2021-12-19",7023,6649184,2995,5830066,327,561161,18005,1827627,170,33191,18175,1860818,28520,54824.71,14901229,0
"2021-12-20",16880,6666064,5868,5835934,746,561907,47437,1875064,555,33746,47992,1908810,71486,56667,14972715,0
"2021-12-21",17984,6684048,6576,5842510,806,562713,48905,1923969,570,34316,49475,1958285,74841,59001.71,15047556,0
"2021-12-22",18549,6702597,6561,5849071,938,563651,49670,1973639,517,34833,50187,2008472,76235,61646.43,15123791,0
"2021-12-23",19052,6721649,6480,5855551,930,564581,45822,2019461,509,35342,46331,2054803,72793,63526.14,15196584,0
"2021-12-24",9248,6730897,2953,5858504,598,565179,20591,2040052,210,35552,20801,2075604,33600,58220,15230184,0
"2021-12-25",344,6731241,63,5858567,31,565210,427,2040479,8,35560,435,2076039,873,51192.57,15231057,0
"2021-12-26",7976,6739217,3931,5862498,340,565550,17274,2057753,171,35731,17445,2093484,29692,51360,15260749,0
"2021-12-27",21791,6761008,9204,5871702,933,566483,43433,2101186,537,36268,43970,2137454,75898,51990.29,15336647,0
"2021-12-28",20171,6781179,8328,5880030,699,567182,47567,2148753,596,36864,48163,2185617,77361,52350.29,15414008,0
"2021-12-29",18505,6799684,7669,5887699,607,567789,45545,2194298,470,37334,46015,2231632,72796,51859,15486804,0
"2021-12-30",16895,6816579,7420,5895119,587,568376,44839,2239137,571,37905,45410,2277042,70312,51504.57,15557116,0
"2021-12-31",5362,6821941,2808,5897927,193,568569,14767,2253904,176,38081,14943,2291985,23306,50034,15580422,0
"2022-01-01",243,6822184,147,5898074,12,568581,501,2254405,21,38102,522,2292507,924,50041.29,15581346,0
"2022-01-02",6435,6828619,5022,5903096,153,568734,10974,2265379,110,38212,11084,2303591,22694,49041.57,15604040,0
"2022-01-03",14141,6842760,8497,5911593,514,569248,26926,2292305,318,38530,27244,2330835,50396,45398.43,15654436,0
"2022-01-04",12891,6855651,8107,5919700,414,569662,27175,2319480,345,38875,27520,2358355,48932,41337.14,15703368,0
"2022-01-05",11485,6867136,6998,5926698,382,570044,25859,2345339,300,39175,26159,2384514,45024,37369.71,15748392,0
"2022-01-06",11487,6878623,7387,5934085,483,570527,27518,2372857,325,39500,27843,2412357,47200,34068,15795592,0
"2022-01-07",10402,6889025,8421,5942506,338,570865,25019,2397876,311,39811,25330,2437687,44491,37094.43,15840083,0
"2022-01-08",7875,6896900,8569,5951075,310,571175,19448,2417324,175,39986,19623,2457310,36377,42159.14,15876460,0
"2022-01-09",4134,6901034,3844,5954919,214,571389,10061,2427385,91,40077,10152,2467462,18344,41537.71,15894804,0
"2022-01-10",10185,6911219,8190,5963109,490,571879,24600,2451985,294,40371,24894,2492356,43759,40589.57,15938563,0
"2022-01-11",8901,6920120,7999,5971108,521,572400,21023,2473008,277,40648,21300,2513656,38721,39130.86,15977284,0
"2022-01-12",8937,6929057,8317,5979425,427,572827,22335,2495343,287,40935,22622,2536278,40303,38456.43,16017587,0
"2022-01-13",9046,6938103,8866,5988291,451,573278,22876,2518219,309,41244,23185,2559463,41548,37649,16059135,0
"2022-01-14",10113,6948216,8119,5996410,476,573754,26438,2544657,313,41557,26751,2586214,45459,37787.29,16104594,0
"2022-01-15",6210,6954426,4310,6000720,178,573932,15142,2559799,175,41732,15317,2601531,26015,36307,16130609,0
"2022-01-16",2921,6957347,3248,6003968,95,574027,7823,2567622,82,41814,7905,2609436,14169,35710.57,16144778,0
"2022-01-17",6083,6963430,6759,6010727,363,574390,14676,2582298,214,42028,14890,2624326,28095,33472.86,16172873,0
"2022-01-18",8168,6971598,10317,6021044,396,574786,19660,2601958,316,42344,19976,2644302,38857,33492.29,16211730,0
"2022-01-19",7471,6979069,9251,6030295,304,575090,17714,2619672,267,42611,17981,2662283,35007,32735.71,16246737,0
"2022-01-20",6282,6985351,8561,6038856,305,575395,15249,2634921,241,42852,15490,2677773,30638,31177.14,16277375,0
"2022-01-21",7579,6992930,7503,6046359,276,575671,18507,2653428,278,43130,18785,2696558,34143,29560.57,16311518,0
"2022-01-22",5192,6998122,4940,6051299,131,575802,11316,2664744,125,43255,11441,2707999,21704,28944.71,16333222,0
"2022-01-23",2812,7000934,3326,6054625,97,575899,6229,2670973,76,43331,6305,2714304,12540,28712,16345762,0
"2022-01-24",6373,7007307,8203,6062828,262,576161,15072,2686045,234,43565,15306,2729610,30144,29004.71,16375906,0
"2022-01-25",6190,7013497,7937,6070765,233,576394,14687,2700732,255,43820,14942,2744552,29302,27639.71,16405208,0
"2022-01-26",5756,7019253,7174,6077939,289,576683,14014,2714746,207,44027,14221,2758773,27440,26558.71,16432648,0
"2022-01-27",5262,7024515,7092,6085031,321,577004,14077,2728823,229,44256,14306,2773079,26981,26036.29,16459629,0
"2022-01-28",6264,7030779,7868,6092899,203,577207,16131,2744954,233,44489,16364,2789443,30699,25544.29,16490328,0
"2022-01-29",843,7031622,727,6093626,28,577235,2537,2747491,39,44528,2576,2792019,4174,23040,16494502,0
"2022-01-30",2096,7033718,3022,6096648,103,577338,4536,2752027,63,44591,4599,2796618,9820,22651.43,16504322,0
"2022-01-31",5008,7038726,6597,6103245,220,577558,11375,2763402,197,44788,11572,2808190,23397,21687.57,16527719,0
"2022-02-01",4836,7043562,6437,6109682,219,577777,10710,2774112,216,45004,10926,2819116,22418,20704.14,16550137,0
"2022-02-02",4259,7047821,5930,6115612,213,577990,11235,2785347,235,45239,11470,2830586,21872,19908.71,16572009,0
"2022-02-03",4230,7052051,5811,6121423,216,578206,11215,2796562,199,45438,11414,2842000,21671,19150.14,16593680,0
"2022-02-04",4775,7056826,7114,6128537,214,578420,13218,2809780,235,45673,13453,2855453,25556,18415.43,16619236,0
"2022-02-05",3587,7060413,6051,6134588,110,578530,8573,2818353,149,45822,8722,2864175,18470,20457.71,16637706,0
"2022-02-06",2064,7062477,2133,6136721,121,578651,4638,2822991,102,45924,4740,2868915,9058,20348.86,16646764,0
"2022-02-07",4159,7066636,4726,6141447,205,578856,10131,2833122,232,46156,10363,2879278,19453,19785.43,16666217,0
"2022-02-08",4223,7070859,5606,6147053,214,579070,11329,2844451,301,46457,11630,2890908,21673,19679,16687890,0
"2022-02-09",4139,7074998,5404,6152457,222,579292,11663,2856114,249,46706,11912,2902820,21677,19651.14,16709567,0
"2022-02-10",4001,7078999,5120,6157577,245,579537,12196,2868310,282,46988,12478,2915298,21844,19675.86,16731411,0
"2022-02-11",4520,7083519,5806,6163383,195,579732,13731,2882041,312,47300,14043,2929341,24564,19534.14,16755975,0
"2022-02-12",3259,7086778,4340,6167723,97,579829,8809,2890850,213,47513,9022,2938363,16718,19283.86,16772693,0
"2022-02-13",1522,7088300,1542,6169265,41,579870,4882,2895732,107,47620,4989,2943352,8094,19146.14,16780787,0
"2022-02-14",2985,7091285,3625,6172890,167,580037,10568,2906300,323,47943,10891,2954243,17668,18891.14,16798455,0
"2022-02-15",3560,7094845,4069,6176959,175,580212,12783,2919083,278,48221,13061,2967304,20865,18775.71,16819320,0
"2022-02-16",3666,7098511,3902,6180861,200,580412,15718,2934801,292,48513,16010,2983314,23778,19075.86,16843098,0
"2022-02-17",4038,7102549,4080,6184941,162,580574,18268,2953069,357,48870,18625,3001939,26905,19798.86,16870003,0
"2022-02-18",4477,7107026,4784,6189725,190,580764,21532,2974601,447,49317,21979,3023918,31430,20779.71,16901433,0
"2022-02-19",3256,7110282,2178,6191903,65,580829,11179,2985780,216,49533,11395,3035313,16894,20804.86,16918327,0
"2022-02-20",1862,7112144,1446,6193349,59,580888,6577,2992357,111,49644,6688,3042001,10055,21085,16928382,0
"2022-02-21",3089,7115233,2693,6196042,95,580983,8348,3000705,226,49870,8574,3050575,14451,20625.43,16942833,0
"2022-02-22",4383,7119616,4247,6200289,175,581158,10834,3011539,248,50118,11082,3061657,19887,20485.71,16962720,0
"2022-02-23",4270,7123886,3791,6204080,145,581303,10661,3022200,238,50356,10899,3072556,19105,19818.14,16981825,0
"2022-02-24",3794,7127680,3657,6207737,108,581411,10187,3032387,229,50585,10416,3082972,17975,18542.43,16999800,0
"2022-02-25",3619,7131299,3622,6211359,134,581545,9980,3042367,233,50818,10213,3093185,17588,16565,17017388,0
"2022-02-26",2840,7134139,2576,6213935,74,581619,9513,3051880,155,50973,9668,3102853,15158,16317,17032546,0
"2022-02-27",1774,7135913,1370,6215305,52,581671,6269,3058149,99,51072,6368,3109221,9564,16246.86,17042110,0
"2022-02-28",3807,7139720,3130,6218435,141,581812,13130,3071279,246,51318,13376,3122597,20454,17104.43,17062564,0
"2022-03-01",2139,7141859,2626,6221061,103,581915,5169,3076448,182,51500,5351,3127948,10219,15723.29,17072783,0
"2022-03-02",1842,7143701,2440,6223501,106,582021,4128,3080576,207,51707,4335,3132283,8723,14240.14,17081506,0
"2022-03-03",1938,7145639,2555,6226056,106,582127,3794,3084370,168,51875,3962,3136245,8561,12895.29,17090067,0
"2022-03-04",2122,7147761,2872,6228928,66,582193,4328,3088698,207,52082,4535,3140780,9595,11753.43,17099662,0
"2022-03-05",1612,7149373,2125,6231053,43,582236,3317,3092015,115,52197,3432,3144212,7212,10618.29,17106874,0
"2022-03-06",799,7150172,879,6231932,30,582266,1622,3093637,55,52252,1677,3145889,3385,9735.57,17110259,0
"2022-03-07",1669,7151841,1786,6233718,86,582352,3496,3097133,161,52413,3657,3149546,7198,7841.86,17117457,0
"2022-03-08",1550,7153391,1893,6235611,79,582431,3123,3100256,149,52562,3272,3152818,6794,7352.57,17124251,0
"2022-03-09",1269,7154660,1673,6237284,79,582510,2584,3102840,131,52693,2715,3155533,5736,6925.86,17129987,0
"2022-03-10",1421,7156081,2098,6239382,85,582595,2954,3105794,164,52857,3118,3158651,6722,6663.14,17136709,0
"2022-03-11",1603,7157684,2272,6241654,81,582676,3213,3109007,187,53044,3400,3162051,7356,6343.29,17144065,0
"2022-03-12",880,7158564,1414,6243068,40,582716,2004,3111011,75,53119,2079,3164130,4413,5943.43,17148478,0
"2022-03-13",626,7159190,757,6243825,27,582743,1292,3112303,47,53166,1339,3165469,2749,5852.57,17151227,0
"2022-03-14",1375,7160565,1605,6245430,83,582826,2987,3115290,205,53371,3192,3168661,6255,5717.86,17157482,0
"2022-03-15",1361,7161926,1924,6247354,63,582889,3068,3118358,229,53600,3297,3171958,6645,5696.57,17164127,0
"2022-03-16",1402,7163328,2065,6249419,94,582983,3132,3121490,296,53896,3428,3175386,6989,5875.57,17171116,0
"2022-03-17",1185,7164513,1806,6251225,70,583053,2758,3124248,266,54162,3024,3178410,6085,5784.57,17177201,0
"2022-03-18",1595,7166108,2211,6253436,80,583133,3770,3128018,414,54576,4184,3182594,8070,5886.57,17185271,0
"2022-03-19",1114,7167222,1734,6255170,54,583187,2599,3130617,225,54801,2824,3185418,5726,6074.14,17190997,0
"2022-03-20",614,7167836,627,6255797,33,583220,1463,3132080,185,54986,1648,3187066,2922,6098.86,17193919,0
"2022-03-21",1421,7169257,1550,6257347,72,583292,3056,3135136,355,55341,3411,3190477,6454,6127.29,17200373,0
"2022-03-22",1342,7170599,1553,6258900,101,583393,2902,3138038,344,55685,3246,3193723,6242,6069.71,17206615,0
"2022-03-23",1263,7171862,1361,6260261,66,583459,2917,3140955,374,56059,3291,3197014,5981,5925.71,17212596,0
"2022-03-24",1211,7173073,1299,6261560,90,583549,2520,3143475,266,56325,2786,3199800,5386,5825.86,17217982,0
"2022-03-25",1391,7174464,1629,6263189,62,583611,3262,3146737,379,56704,3641,3203441,6723,5633.43,17224705,0
"2022-03-26",928,7175392,1163,6264352,36,583647,2303,3149040,250,56954,2553,3205994,4680,5484,17229385,0
"2022-03-27",574,7175966,528,6264880,29,583676,1312,3150352,204,57158,1516,3207510,2647,5444.71,17232032,0
"2022-03-28",1087,7177053,1165,6266045,68,583744,2437,3152789,364,57522,2801,3210311,5121,5254.29,17237153,0
"2022-03-29",1052,7178105,1104,6267149,85,583829,2515,3155304,881,58403,3396,3213707,5637,5167.86,17242790,0
"2022-03-30",1250,7179355,1144,6268293,98,583927,3067,3158371,3399,61802,6466,3220173,8958,5593.14,17251748,0
"2022-03-31",1291,7180646,1262,6269555,57,583984,3165,3161536,5490,67292,8655,3228828,11265,6433,17263013,0
"2022-04-01",1435,7182081,1498,6271053,76,584060,3250,3164786,6895,74187,10145,3238973,13154,7351.71,17276167,0
"2022-04-02",913,7182994,914,6271967,33,584093,2096,3166882,4521,78708,6617,3245590,8477,7894.14,17284644,0
"2022-04-03",560,7183554,501,6272468,28,584121,1222,3168104,3051,81759,4273,3249863,5362,8282,17290006,0
"2022-04-04",1356,7184910,1308,6273776,62,584183,2735,3170839,7690,89449,10425,3260288,13151,9429.14,17303157,0
"2022-04-05",1306,7186216,1166,6274942,66,584249,2856,3173695,7475,96924,10331,3270619,12869,10462.29,17316026,0
"2022-04-06",1344,7187560,1184,6276126,61,584310,2624,3176319,6946,103870,9570,3280189,12159,10919.57,17328185,0
"2022-04-07",1216,7188776,1067,6277193,57,584367,2379,3178698,6598,110468,8977,3289166,11317,10927,17339502,0
"2022-04-08",1493,7190269,1406,6278599,62,584429,3170,3181868,8770,119238,11940,3301106,14901,11176.57,17354403,0
"2022-04-09",923,7191192,924,6279523,29,584458,2074,3183942,4940,124178,7014,3308120,8890,11235.57,17363293,0
"2022-04-10",588,7191780,461,6279984,25,584483,1169,3185111,2891,127069,4060,3312180,5134,11203,17368427,0
"2022-04-11",1333,7193113,1238,6281222,59,584542,2665,3187776,7781,134850,10446,3322626,13076,11192.29,17381503,0
"2022-04-12",1220,7194333,1065,6282287,73,584615,2532,3190308,7395,142245,9927,3332553,12285,11108.86,17393788,0
"2022-04-13",1251,7195584,1083,6283370,59,584674,2511,3192819,7525,149770,10036,3342589,12429,11147.43,17406217,0
"2022-04-14",1278,7196862,1104,6284474,59,584733,2437,3195256,6570,156340,9007,3351596,11448,11166.14,17417665,0
"2022-04-15",1352,7198214,1100,6285574,53,584786,2565,3197821,6609,162949,9174,3360770,11679,10705.86,17429344,0
"2022-04-16",871,7199085,656,6286230,33,584819,1640,3199461,3671,166620,5311,3366081,6871,10417.43,17436215,0
"2022-04-17",347,7199432,202,6286432,27,584846,639,3200100,1154,167774,1793,3367874,2369,10022.43,17438584,0
"2022-04-18",1393,7200825,1120,6287552,82,584928,2587,3202687,6406,174180,8993,3376867,11588,9809.86,17450172,0
"2022-04-19",1420,7202245,940,6288492,72,585000,2574,3205261,5735,179915,8309,3385176,10741,9589.29,17460913,0
"2022-04-20",1318,7203563,1150,6289642,65,585065,2678,3207939,6614,186529,9292,3394468,11825,9503,17472738,0
"2022-04-21",1229,7204792,1063,6290705,53,585118,2330,3210269,5331,191860,7661,3402129,10006,9297,17482744,0
"2022-04-22",1219,7206011,1027,6291732,46,585164,2202,3212471,5631,197491,7833,3409962,10125,9075,17492869,0
"2022-04-23",718,7206729,752,6292484,59,585223,1427,3213898,3344,200835,4771,3414733,6300,8993.43,17499169,0
"2022-04-24",443,7207172,339,6292823,27,585250,814,3214712,1806,202641,2620,3417353,3429,9144.86,17502598,0
"2022-04-25",1032,7208204,916,6293739,64,585314,1854,3216566,5086,207727,6940,3424293,8952,8768.29,17511550,0
"2022-04-26",949,7209153,859,6294598,76,585390,1754,3218320,4685,212412,6439,3430732,8323,8422.86,17519873,0
"2022-04-27",1042,7210195,1027,6295625,80,585470,1932,3220252,5195,217607,7127,3437859,9276,8058.71,17529149,0
"2022-04-28",1091,7211286,990,6296615,50,585520,2006,3222258,4723,222330,6729,3444588,8860,7895,17538009,0
"2022-04-29",1192,7212478,1108,6297723,60,585580,2161,3224419,5386,227716,7547,3452135,9907,7863.86,17547916,0
"2022-04-30",729,7213207,743,6298466,43,585623,1393,3225812,2949,230665,4342,3456477,5857,7800.57,17553773,0
"2022-05-01",447,7213654,366,6298832,20,585643,767,3226579,1654,232319,2421,3458898,3254,7775.57,17557027,0
"2022-05-02",1062,7214716,796,6299628,52,585695,1672,3228251,3811,236130,5483,3464381,7393,7552.86,17564420,0
"2022-05-03",1124,7215840,868,6300496,61,585756,1997,3230248,4849,240979,6846,3471227,8899,7635.14,17573319,0
"2022-05-04",1022,7216862,885,6301381,48,585804,1912,3232160,4627,245606,6539,3477766,8494,7523.43,17581813,0
"2022-05-05",1060,7217922,952,6302333,86,585890,1926,3234086,4863,250469,6789,3484555,8887,7527.29,17590700,0
"2022-05-06",1096,7219018,961,6303294,51,585941,1867,3235953,4381,254850,6248,3490803,8356,7305.71,17599056,0
"2022-05-07",662,7219680,592,6303886,32,585973,1204,3237157,2424,257274,3628,3494431,4914,7171,17603970,0
"2022-05-08",417,7220097,247,6304133,17,585990,668,3237825,1379,258653,2047,3496478,2728,7095.86,17606698,0
"2022-05-09",1087,7221184,951,6305084,60,586050,1886,3239711,4418,263071,6304,3502782,8402,7240,17615100,0
"2022-05-10",1098,7222282,939,6306023,54,586104,1988,3241699,4707,267778,6695,3509477,8786,7223.86,17623886,0
"2022-05-11",1095,7223377,981,6307004,44,586148,1941,3243640,4822,272600,6763,3516240,8883,7279.43,17632769,0
"2022-05-12",1104,7224481,951,6307955,58,586206,2003,3245643,4654,277254,6657,3522897,8770,7262.71,17641539,0
"2022-05-13",1166,7225647,1041,6308996,44,586250,2061,3247704,4782,282036,6843,3529740,9094,7368.14,17650633,0
"2022-05-14",832,7226479,671,6309667,31,586281,1472,3249176,2940,284976,4412,3534152,5946,7515.57,17656579,0
"2022-05-15",512,7226991,358,6310025,21,586302,923,3250099,1644,286620,2567,3536719,3458,7619.86,17660037,0
"2022-05-16",1232,7228223,862,6310887,62,586364,1826,3251925,3853,290473,5679,3542398,7835,7538.86,17667872,0
"2022-05-17",1300,7229523,928,6311815,79,586443,2053,3253978,4867,295340,6920,3549318,9227,7601.86,17677099,0
"2022-05-18",1249,7230772,903,6312718,82,586525,2063,3256041,4914,300254,6977,3556295,9211,7648.71,17686310,0
"2022-05-19",1171,7231943,880,6313598,35,586560,2118,3258159,4711,304965,6829,3563124,8915,7669.43,17695225,0
"2022-05-20",1205,7233148,963,6314561,74,586634,2367,3260526,5178,310143,7545,3570669,9787,7768.43,17705012,0
"2022-05-21",838,7233986,648,6315209,23,586657,1727,3262253,3285,313428,5012,3575681,6521,7850.57,17711533,0
"2022-05-22",514,7234500,291,6315500,22,586679,1135,3263388,1835,315263,2970,3578651,3797,7899,17715330,0
"2022-05-23",1229,7235729,892,6316392,47,586726,2187,3265575,4691,319954,6878,3585529,9046,8072,17724376,0
"2022-05-24",1436,7237165,940,6317332,66,586792,2294,3267869,4462,324416,6756,3592285,9198,8067.86,17733574,0
"2022-05-25",1442,7238607,959,6318291,56,586848,2263,3270132,4236,328652,6499,3598784,8956,8031.43,17742530,0
"2022-05-26",1184,7239791,872,6319163,60,586908,2261,3272393,4124,332776,6385,3605169,8501,7972.29,17751031,0
"2022-05-27",1259,7241050,960,6320123,38,586946,2491,3274884,3891,336667,6382,3611551,8639,7808.29,17759670,0
"2022-05-28",722,7241772,518,6320641,19,586965,1778,3276662,2059,338726,3837,3615388,5096,7604.71,17764766,0
"2022-05-29",476,7242248,216,6320857,11,586976,763,3277425,1116,339842,1879,3617267,2582,7431.14,17767348,0
"2022-05-30",92,7242340,57,6320914,6,586982,139,3277564,143,339985,282,3617549,437,6201.29,17767785,0
"2022-05-31",1144,7243484,916,6321830,51,587033,1881,3279445,3052,343037,4933,3622482,7044,5893.57,17774829,0
"2022-06-01",1161,7244645,849,6322679,63,587096,1962,3281407,3402,346439,5364,3627846,7437,5676.57,17782266,0
"2022-06-02",1035,7245680,804,6323483,72,587168,1823,3283230,3151,349590,4974,3632820,6885,5445.71,17789151,0
"2022-06-03",1172,7246852,892,6324375,47,587215,2053,3285283,3475,353065,5528,3638348,7639,5302.86,17796790,0
"2022-06-04",728,7247580,583,6324958,26,587241,1549,3286832,1891,354956,3440,3641788,4777,5257.29,17801567,0
"2022-06-05",450,7248030,297,6325255,1,587242,878,3287710,978,355934,1856,3643644,2604,5260.43,17804171,0
"2022-06-06",1127,7249157,830,6326085,64,587306,1752,3289462,2720,358654,4472,3648116,6493,6125.57,17810664,0
"2022-06-07",1029,7250186,769,6326854,70,587376,1767,3291229,2549,361203,4316,3652432,6184,6002.71,17816848,0
"2022-06-08",1095,7251281,835,6327689,75,587451,1867,3293096,2724,363927,4591,3657023,6596,5882.57,17823444,0
"2022-06-09",1148,7252429,837,6328526,61,587512,2212,3295308,2676,366603,4888,3661911,6934,5889.57,17830378,0
"2022-06-10",1057,7253486,815,6329341,75,587587,1882,3297190,2809,369412,4691,3666602,6638,5746.57,17837016,0
"2022-06-11",685,7254171,510,6329851,24,587611,1314,3298504,1499,370911,2813,3669415,4032,5640.14,17841048,0
"2022-06-12",351,7254522,286,6330137,20,587631,879,3299383,767,371678,1646,3671061,2303,5597.14,17843351,0
"2022-06-13",1038,7255560,765,6330902,63,587694,1567,3300950,2171,373849,3738,3674799,5604,5470.14,17848955,0
"2022-06-14",943,7256503,819,6331721,55,587749,1659,3302609,2484,376333,4143,3678942,5960,5438.14,17854915,0
"2022-06-15",982,7257485,853,6332574,39,587788,1636,3304245,2400,378733,4036,3682978,5910,5340.14,17860825,0
"2022-06-16",944,7258429,777,6333351,59,587847,1808,3306053,2336,381069,4144,3687122,5924,5195.86,17866749,0
"2022-06-17",903,7259332,791,6334142,44,587891,1746,3307799,2385,383454,4131,3691253,5869,5086,17872618,0
"2022-06-18",665,7259997,519,6334661,26,587917,1276,3309075,1289,384743,2565,3693818,3775,5049.29,17876393,0
"2022-06-19",354,7260351,236,6334897,16,587933,724,3309799,603,385346,1327,3695145,1933,4996.43,17878326,0
"2022-06-20",838,7261189,488,6335385,41,587974,1559,3311358,1607,386953,3166,3698311,4533,4843.43,17882859,0
"2022-06-21",1135,7262324,727,6336112,50,588024,1674,3313032,2114,389067,3788,3702099,5700,4806.29,17888559,0
"2022-06-22",1960,7264284,821,6336933,45,588069,1681,3314713,1977,391044,3658,3705757,6484,4888.29,17895043,0
"2022-06-23",2110,7266394,746,6337679,64,588133,1687,3316400,2139,393183,3826,3709583,6746,5005.71,17901789,0
"2022-06-24",2167,7268561,756,6338435,48,588181,1616,3318016,2125,395308,3741,3713324,6712,5126.14,17908501,0
"2022-06-25",2137,7270698,487,6338922,15,588196,1231,3319247,1131,396439,2362,3715686,5001,5301.29,17913502,0
"2022-06-26",1212,7271910,247,6339169,14,588210,679,3319926,529,396968,1208,3716894,2681,5408.14,17916183,0
"2022-06-27",1519,7273429,648,6339817,60,588270,1450,3321376,1602,398570,3052,3719946,5279,5514.71,17921462,0
"2022-06-28",1688,7275117,827,6340644,50,588320,1841,3323217,2116,400686,3957,3723903,6522,5632.14,17927984,0
"2022-06-29",1830,7276947,765,6341409,48,588368,1677,3324894,1908,402594,3585,3727488,6228,5595.57,17934212,0
"2022-06-30",1840,7278787,800,6342209,46,588414,1716,3326610,2081,404675,3797,3731285,6483,5558,17940695,0
"2022-07-01",1562,7280349,590,6342799,22,588436,1373,3327983,1712,406387,3085,3734370,5259,5350.43,17945954,0
"2022-07-02",971,7281320,378,6343177,16,588452,832,3328815,925,407312,1757,3736127,3122,5082,17949076,0
"2022-07-03",529,7281849,206,6343383,5,588457,459,3329274,482,407794,941,3737068,1681,4939.14,17950757,0
"2022-07-04",35,7281884,26,6343409,1,588458,30,3329304,38,407832,68,3737136,130,4203.57,17950887,0
"2022-07-05",1267,7283151,747,6344156,35,588493,1388,3330692,1726,409558,3114,3740250,5163,4009.43,17956050,0
"2022-07-06",1593,7284744,675,6344831,44,588537,1412,3332104,1791,411349,3203,3743453,5515,3907.57,17961565,0
"2022-07-07",1545,7286289,708,6345539,45,588582,1500,3333604,1963,413312,3463,3746916,5761,3804.43,17967326,0
"2022-07-08",1605,7287894,640,6346179,37,588619,1455,3335059,1949,415261,3404,3750320,5686,3865.43,17973012,0
"2022-07-09",966,7288860,406,6346585,25,588644,875,3335934,1335,416596,2210,3752530,3607,3934.71,17976619,0
"2022-07-10",643,7289503,184,6346769,16,588660,424,3336358,656,417252,1080,3753610,1923,3969.29,17978542,0
"2022-07-11",1364,7290867,624,6347393,48,588708,1411,3337769,2177,419429,3588,3757198,5624,4754.14,17984166,0
"2022-07-12",1384,7292251,681,6348074,45,588753,1385,3339154,2478,421907,3863,3761061,5973,4869.86,17990139,0
"2022-07-13",1579,7293830,715,6348789,35,588788,1469,3340623,2699,424606,4168,3765229,6497,5010.14,17996636,0
"2022-07-14",1544,7295374,815,6349604,47,588835,1487,3342110,2914,427520,4401,3769630,6807,5159.57,18003443,0
"2022-07-15",1581,7296955,916,6350520,41,588876,1543,3343653,3011,430531,4554,3774184,7092,5360.43,18010535,0
"2022-07-16",875,7297830,568,6351088,9,588885,960,3344613,1682,432213,2642,3776826,4094,5430,18014629,0
"2022-07-17",545,7298375,292,6351380,16,588901,526,3345139,1157,433370,1683,3778509,2536,5517.57,18017165,0
"2022-07-18",1370,7299745,830,6352210,43,588944,1409,3346548,2403,435773,3812,3782321,6055,5579.14,18023220,0
"2022-07-19",1420,7301165,958,6353168,48,588992,1516,3348064,2745,438518,4261,3786582,6687,5681.14,18029907,0
"2022-07-20",1357,7302522,1448,6354616,49,589041,1304,3349368,2329,440847,3633,3790215,6487,5679.71,18036394,120000
"2022-07-21",1302,7303824,1394,6356010,45,589086,1345,3350713,2271,443118,3616,3793831,6357,5615.43,18042751,120000
"2022-07-22",1375,7305199,1470,6357480,33,589119,1490,3352203,2764,445882,4254,3798085,7132,5621.14,18049883,120000
"2022-07-23",877,7306076,1066,6358546,15,589134,971,3353174,1518,447400,2489,3800574,4447,5671.57,18054330,120000
"2022-07-24",477,7306553,626,6359172,13,589147,483,3353657,786,448186,1269,3801843,2385,5650,18056715,120000
"2022-07-25",1187,7307740,724,6359896,44,589191,1213,3354870,1966,450152,3179,3805022,5134,5518.43,18061849,120000
"2022-07-26",446,7308186,412,6360308,9,589200,511,3355381,925,451077,1436,3806458,2303,4892.14,18064152,120000
