"DATE","ADMIN_DOSE1_DAILY","ADMIN_DOSE1_CUMULATIVE","ADMIN_DOSE2_DAILY","ADMIN_DOSE2_CUMULATIVE","ADMIN_SINGLE_DAILY","ADMIN_SINGLE_CUMULATIVE","ADMIN_ADDITIONAL1_DAILY","ADMIN_ADDITIONAL1_CUMULATIVE","ADMIN_ADDITIONAL2_DAILY","ADMIN_ADDITIONAL2_CUMULATIVE","ADMIN_ADDITIONAL_DAILY","ADMIN_ADDITIONAL_CUMULATIVE","ADMIN_BIVALENT_ADDITIONAL_DAILY","ADMIN_BIVALENT_ADDITIONAL_CUMULATIVE","ADMIN_ALLDOSES_DAILY","ADMIN_ALLDOSES_7DAYAVG","ADMIN_ALLDOSES_CUMULATIVE","ADMIN_ALLDOSES_PRIMARY","INCOMPLETE"
2020-12-14,79,79,0,0,2,2,0,0,0,0,0,0,0,0,81,,81,81,0
2020-12-15,2052,2131,7,7,5,7,0,0,0,0,0,0,0,0,2064,,2145,2145,0
2020-12-16,4605,6736,16,23,4,11,1,1,0,0,1,1,0,0,4626,,6771,6770,0
2020-12-17,4661,11397,18,41,2,13,1,2,0,0,1,2,0,0,4682,,11453,11451,0
2020-12-18,5836,17233,18,59,2,15,2,4,0,0,2,4,0,0,5858,,17311,17307,0
2020-12-19,1688,18921,9,68,3,18,0,4,0,0,0,4,0,0,1700,,19011,19007,0
2020-12-20,1117,20038,2,70,1,19,0,4,0,0,0,4,0,0,1120,2875.86,20131,20127,0
2020-12-21,6389,26427,23,93,0,19,5,9,0,0,5,9,0,0,6417,3781,26548,26539,0
2020-12-22,9765,36192,28,121,2,21,1,10,0,0,1,10,0,0,9796,4885.57,36344,36334,0
2020-12-23,14276,50468,37,158,3,24,0,10,0,0,0,10,0,0,14316,6269.86,50660,50650,0
2020-12-24,7170,57638,28,186,1,25,0,10,0,0,0,10,0,0,7199,6629.43,57859,57849,0
2020-12-25,180,57818,0,186,0,25,1,11,0,0,1,11,0,0,181,5818.43,58040,58029,0
2020-12-26,4391,62209,47,233,0,25,1,12,0,0,1,12,0,0,4439,6209.71,62479,62467,0
2020-12-27,3870,66079,14,247,0,25,1,13,0,0,1,13,0,0,3885,6604.71,66364,66351,0
2020-12-28,10992,77071,51,298,1,26,3,16,0,0,3,16,0,0,11047,7266.14,77411,77395,0
2020-12-29,10712,87783,37,335,2,28,3,19,0,0,3,19,0,0,10754,7403,88165,88146,0
2020-12-30,12822,100605,44,379,0,28,0,19,0,0,0,19,0,0,12866,7195.86,101031,101012,0
2020-12-31,7259,107864,37,416,1,29,0,19,0,0,0,19,0,0,7297,7209.86,108328,108309,0
2021-01-01,178,108042,2,418,1,30,3,22,0,0,3,22,0,0,184,7210.29,108512,108490,0
2021-01-02,3809,111851,10,428,3,33,2,24,0,0,2,24,0,0,3824,7122.43,112336,112312,0
2021-01-03,3542,115393,24,452,2,35,1,25,0,0,1,25,0,0,3569,7077.29,115905,115880,0
2021-01-04,12251,127644,811,1263,2,37,7,32,0,0,7,32,0,0,13071,7366.43,128976,128944,0
2021-01-05,14089,141733,2196,3459,2,39,15,47,1,1,16,48,0,0,16303,8159.14,145279,145231,0
2021-01-06,17795,159528,3930,7389,1,40,31,78,8,9,39,87,0,0,21765,9430.43,167044,166957,0
2021-01-07,16539,176067,5183,12572,4,44,46,124,3,12,49,136,0,0,21775,11498.71,188819,188683,0
2021-01-08,16609,192676,5462,18034,0,44,36,160,4,16,40,176,0,0,22111,14631.14,210930,210754,0
2021-01-09,7649,200325,1465,19499,1,45,7,167,2,18,9,185,0,0,9124,15388.29,220054,219869,0
2021-01-10,7879,208204,980,20479,0,45,13,180,0,18,13,198,0,0,8872,16145.86,228926,228728,0
2021-01-11,25808,234012,7460,27939,2,47,56,236,8,26,64,262,0,0,33334,19040.57,262260,261998,0
2021-01-12,28243,262255,7866,35805,1,48,45,281,5,31,50,312,0,0,36160,21877.29,298420,298108,0
2021-01-13,31703,293958,9422,45227,1,49,59,340,5,36,64,376,0,0,41190,24652.29,339610,339234,0
2021-01-14,35799,329757,5301,50528,1,50,34,374,7,43,41,417,0,0,41142,27419,380752,380335,0
2021-01-15,29248,359005,3716,54244,2,52,32,406,5,48,37,454,0,0,33003,28975,413755,413301,0
2021-01-16,30266,389271,2396,56640,0,52,24,430,6,54,30,484,0,0,32692,32341.86,446447,445963,0
2021-01-17,23730,413001,1645,58285,0,52,20,450,1,55,21,505,0,0,25396,34702.43,471843,471338,0
2021-01-18,27087,440088,2425,60710,0,52,37,487,7,62,44,549,0,0,29557,34162.86,501400,500851,0
2021-01-19,34275,474363,9640,70350,1,53,72,559,7,69,79,628,0,0,43995,35282.14,545395,544767,0
2021-01-20,34851,509214,9504,79854,1,54,62,621,3,72,65,693,0,0,44421,35743.71,589816,589123,0
2021-01-21,25577,534791,8097,87951,2,56,54,675,6,78,60,753,0,0,33736,34685.71,623552,622799,0
2021-01-22,24744,559535,4386,92337,1,57,31,706,7,85,38,791,0,0,29169,34138,652721,651930,0
2021-01-23,15740,575275,3224,95561,0,57,12,718,2,87,14,805,0,0,18978,32178.86,671699,670894,0
2021-01-24,7174,582449,3458,99019,0,57,19,737,1,88,20,825,0,0,10652,30072.57,682351,681526,0
2021-01-25,13399,595848,11829,110848,0,57,68,805,13,101,81,906,0,0,25309,29465.71,707660,706754,0
2021-01-26,16747,612595,10767,121615,0,57,69,874,3,104,73,979,0,0,27587,27121.71,735247,734269,0
2021-01-27,20827,633422,12358,133973,0,57,53,927,9,113,62,1041,0,0,33249,25525.71,768496,767456,0
2021-01-28,30748,664170,12857,146830,0,57,83,1010,16,129,99,1140,0,0,43707,26950.14,812203,811064,0
2021-01-29,31677,695847,11511,158341,0,57,84,1094,11,140,95,1235,0,0,43283,28966.43,855486,854252,0
2021-01-30,18705,714552,3744,162085,0,57,22,1116,2,142,25,1260,0,0,22474,29465.86,877960,876702,0
2021-01-31,13006,727558,2930,165015,1,58,28,1144,5,147,33,1293,0,0,15970,30225.57,893930,892639,0
2021-02-01,1180,728738,5400,170415,4,62,37,1181,4,151,41,1334,0,0,6625,27556.43,900555,899223,0
2021-02-02,2822,731560,9442,179857,2,64,54,1235,3,154,57,1391,0,0,12323,25375.86,912878,911489,0
2021-02-03,16342,747902,21235,201092,4,68,214,1449,22,176,236,1627,0,0,37817,26028.43,950695,949070,0
2021-02-04,27035,774937,19650,220742,3,71,210,1659,10,186,220,1847,0,0,46908,26485.71,997603,995758,0
2021-02-05,27576,802513,20030,240772,0,71,195,1854,15,201,211,2058,0,0,47817,27133.43,1045420,1043365,0
2021-02-06,22974,825487,11252,252024,0,71,116,1970,12,213,128,2186,0,0,34354,28830.57,1079774,1077591,0
2021-02-07,12030,837517,8284,260308,1,72,98,2068,12,225,111,2297,0,0,20426,29467.14,1100200,1097907,0
2021-02-08,16941,854458,23524,283832,2,74,239,2307,35,260,275,2572,0,0,40742,34341,1140942,1138375,0
2021-02-09,17187,871645,28091,311923,2,76,353,2660,42,302,398,2970,0,0,45678,39106,1186620,1183658,0
2021-02-10,19584,891229,29299,341222,2,78,273,2933,52,354,328,3298,0,0,49214,40734.14,1235834,1232547,0
2021-02-11,27830,919059,33459,374681,2,80,352,3285,58,412,410,3708,0,0,61703,42847.71,1297537,1293840,0
2021-02-12,38352,957411,30812,405493,3,83,361,3646,41,453,403,4111,0,0,69570,45955.29,1367107,1363008,0
2021-02-13,27987,985398,25311,430804,2,85,314,3960,58,511,373,4484,0,0,53674,48715.29,1420781,1416310,0
2021-02-14,16259,1001657,23722,454526,0,85,279,4239,35,546,314,4798,0,0,40295,51553.71,1461076,1456291,0
2021-02-15,12791,1014448,10525,465051,2,87,179,4418,25,571,205,5003,0,0,23523,49093.86,1484599,1479610,0
2021-02-16,14232,1028680,26706,491757,0,87,343,4761,41,612,385,5388,0,0,41323,48471.71,1525922,1520549,0
2021-02-17,16380,1045060,22196,513953,1,88,288,5049,40,652,328,5716,0,0,38905,46999,1564827,1559126,0
2021-02-18,12138,1057198,24982,538935,21,109,304,5353,45,697,349,6065,0,0,37490,43540,1602317,1596267,0
2021-02-19,13239,1070437,23926,562861,38,147,314,5667,48,745,362,6427,0,0,37565,38967.86,1639882,1633470,0
2021-02-20,11347,1081784,26067,588928,7,154,337,6004,78,823,417,6844,0,0,37839,36705.71,1677721,1670894,0
2021-02-21,6356,1088140,17407,606335,15,169,299,6303,45,868,345,7189,0,0,24123,34395.43,1701844,1694673,0
2021-02-22,13047,1101187,11829,618164,2,171,136,6439,20,888,156,7345,0,0,25034,34611.29,1726878,1719551,0
2021-02-23,25240,1126427,14136,632300,1,172,166,6605,35,923,202,7547,0,0,39580,34362.29,1766458,1758930,0
2021-02-24,36336,1162763,20397,652697,0,172,232,6837,42,965,275,7822,0,0,57008,36948.43,1823466,1815664,0
2021-02-25,54569,1217332,30406,683103,6,178,411,7248,64,1029,476,8298,0,0,85457,43800.86,1908923,1900646,0
2021-02-26,62820,1280152,31878,714981,4,182,422,7670,78,1107,503,8801,0,0,95205,52035.14,2004128,1995351,0
2021-02-27,51262,1331414,22751,737732,47,229,354,8024,53,1160,408,9209,0,0,74468,57267.86,2078596,2069412,0
2021-02-28,44555,1375969,13846,751578,7,236,206,8230,37,1197,243,9452,0,0,58651,62200.43,2137247,2127820,0
2021-03-01,39302,1415271,12785,764363,10,246,170,8400,24,1221,194,9646,0,0,52291,66094.29,2189538,2179917,0
2021-03-02,47072,1462343,12581,776944,7,253,158,8558,16,1237,174,9820,0,0,59834,68987.71,2249372,2239577,0
2021-03-03,48589,1510932,16154,793098,17,270,155,8713,21,1258,176,9996,0,0,64936,70120.29,2314308,2304337,0
2021-03-04,59800,1570732,22814,815912,1092,1362,278,8991,36,1294,315,10311,0,0,84021,69915.14,2398329,2388044,0
2021-03-05,60951,1631683,24288,840200,3107,4469,337,9328,36,1330,375,10686,0,0,88721,68988.86,2487050,2476392,0
2021-03-06,47148,1678831,18886,859086,5451,9920,245,9573,41,1371,286,10972,0,0,71771,68603.57,2558821,2547877,0
2021-03-07,36025,1714856,14880,873966,6244,16164,239,9812,21,1392,262,11234,0,0,57411,68426.43,2616232,2605028,0
2021-03-08,39607,1754463,14684,888650,8557,24721,320,10132,92,1484,417,11651,0,0,63265,69994.14,2679497,2667881,0
2021-03-09,39083,1793546,12857,901507,7759,32480,185,10317,36,1520,222,11873,0,0,59921,70006.57,2739418,2727581,0
2021-03-10,51812,1845358,15364,916871,5064,37544,228,10545,34,1554,264,12137,0,0,72504,71087.71,2811922,2799823,0
2021-03-11,59957,1905315,21827,938698,4619,42163,258,10803,48,1602,308,12445,0,0,86711,71472,2898633,2886228,0
2021-03-12,52171,1957486,30308,969006,4182,46345,389,11192,86,1688,475,12920,0,0,87136,71245.57,2985769,2972889,0
2021-03-13,40636,1998122,26684,995690,5110,51455,334,11526,54,1742,388,13308,0,0,72819,71395.29,3058588,3045320,0
2021-03-14,30696,2028818,15973,1011663,4523,55978,251,11777,28,1770,281,13589,0,0,51474,70547.14,3110062,3096515,0
2021-03-15,33582,2062400,17259,1028922,4703,60681,242,12019,33,1803,275,13864,0,0,55819,69483.43,3165881,3152059,0
2021-03-16,38656,2101056,20518,1049440,4925,65606,265,12284,36,1839,302,14166,0,0,64401,70123.43,3230282,3216159,0
2021-03-17,42599,2143655,24787,1074227,4243,69849,355,12639,41,1880,397,14563,0,0,72026,70055.14,3302308,3287789,0
2021-03-18,50412,2194067,26808,1101035,5226,75075,386,13025,64,1944,450,15013,0,0,82896,69510.14,3385204,3370235,0
2021-03-19,47766,2241833,29963,1130998,5623,80698,407,13432,74,2018,481,15494,0,0,83834,69038.43,3469038,3453588,0
2021-03-20,38694,2280527,25831,1156829,4683,85381,308,13740,60,2078,369,15863,0,0,69577,68575.29,3538615,3522797,0
2021-03-21,29284,2309811,19355,1176184,769,86150,231,13971,44,2122,275,16138,0,0,49683,68319.43,3588298,3572205,0
2021-03-22,33849,2343660,26754,1202938,4037,90187,260,14231,39,2161,300,16438,0,0,64941,69622.57,3653239,3636847,0
2021-03-23,38414,2382074,32848,1235786,4215,94402,304,14535,54,2215,362,16800,0,0,75839,71256.57,3729078,3712328,0
2021-03-24,41470,2423544,37617,1273403,4843,99245,338,14873,64,2279,405,17205,0,0,84335,73015,3813413,3796261,0
2021-03-25,43387,2466931,50779,1324182,5050,104295,495,15368,89,2368,588,17793,0,0,99804,75430.43,3913217,3895481,0
2021-03-26,38487,2505418,55492,1379674,4307,108602,547,15915,104,2472,655,18448,0,0,98941,77588.57,4012158,3993771,0
2021-03-27,35721,2541139,45740,1425414,2938,111540,439,16354,84,2556,524,18972,0,0,84923,79780.86,4097081,4078171,0
2021-03-28,26373,2567512,34453,1459867,1481,113021,345,16699,66,2622,415,19387,0,0,62722,81643.57,4159803,4140482,0
2021-03-29,34804,2602316,38858,1498725,3244,116265,361,17060,115,2737,477,19864,0,0,77383,83421,4237186,4217389,0
2021-03-30,40486,2642802,41922,1540647,3712,119977,351,17411,66,2803,418,20282,0,0,86538,84949.43,4323724,4303510,0
2021-03-31,49366,2692168,44877,1585524,7438,127415,419,17830,86,2889,505,20787,0,0,102186,87499.57,4425910,4405191,0
2021-04-01,50760,2742928,53948,1639472,11272,138687,510,18340,86,2975,600,21387,0,0,116580,89896.14,4542490,4521175,0
2021-04-02,43749,2786677,53872,1693344,11966,150653,558,18898,73,3048,636,22023,0,0,110223,91507.86,4652713,4630767,0
2021-04-03,39235,2825912,39205,1732549,9859,160512,353,19251,61,3109,415,22438,0,0,88714,92049.43,4741427,4719067,0
2021-04-04,26549,2852461,24779,1757328,3902,164414,231,19482,50,3159,281,22719,0,0,55511,91019.29,4796938,4774297,0
2021-04-05,41860,2894321,34483,1791811,11195,175609,391,19873,60,3219,452,23171,0,0,87990,92534.57,4884928,4861836,0
2021-04-06,53240,2947561,35616,1827427,13214,188823,446,20319,79,3298,526,23697,0,0,102596,94828.57,4987524,4963907,0
2021-04-07,55480,3003041,40704,1868131,14385,203208,415,20734,83,3381,500,24197,0,0,111069,96097.57,5098593,5074478,0
2021-04-08,59235,3062276,46584,1914715,16336,219544,538,21272,88,3469,627,24824,0,0,122782,96983.57,5221375,5196634,0
2021-04-09,56626,3118902,44950,1959665,17556,237100,541,21813,80,3549,626,25450,0,0,119758,98345.71,5341133,5315771,0
2021-04-10,49331,3168233,35640,1995305,12716,249816,403,22216,62,3611,469,25919,0,0,98156,99694.57,5439289,5413462,0
2021-04-11,38157,3206390,28824,2024129,7679,257495,302,22518,62,3673,365,26284,0,0,75025,102482.29,5514314,5488123,0
2021-04-12,46621,3253011,31836,2055965,13495,270990,477,22995,69,3742,546,26830,0,0,92498,103126.29,5606812,5580075,0
2021-04-13,52535,3305546,33793,2089758,369,271359,406,23401,64,3806,471,27301,0,0,87168,100922.29,5693980,5666773,0
2021-04-14,50131,3355677,39956,2129714,20,271379,371,23772,80,3886,452,27753,0,0,90559,97992.29,5784539,5756881,0
2021-04-15,52106,3407783,43690,2173404,16,271395,463,24235,107,3993,575,28328,0,0,96388,94221.71,5880927,5852699,0
2021-04-16,51178,3458961,42201,2215605,32,271427,444,24679,73,4066,520,28848,0,0,93931,90532.14,5974858,5946113,0
2021-04-17,43825,3502786,35694,2251299,3,271430,372,25051,84,4150,458,29306,0,0,79980,87935.57,6054838,6025637,0
2021-04-18,28595,3531381,29362,2280661,7,271437,266,25317,65,4215,332,29638,0,0,58296,85545.71,6113134,6083602,0
2021-04-19,37446,3568827,36450,2317111,22,271459,339,25656,68,4283,409,30047,0,0,74327,82949.86,6187461,6157522,0
2021-04-20,40798,3609625,39623,2356734,19,271478,320,25976,84,4367,405,30452,0,0,80845,82046.57,6268306,6237963,0
2021-04-21,38874,3648499,46028,2402762,17,271495,507,26483,98,4465,606,31058,0,0,85525,81327.43,6353831,6322883,0
2021-04-22,38479,3686978,48960,2451722,9,271504,350,26833,79,4544,431,31489,0,0,87880,80112,6441711,6410334,0
2021-04-23,39683,3726661,44389,2496111,3,271507,357,27190,75,4619,434,31923,0,0,84509,78766,6526220,6494411,0
2021-04-24,31924,3758585,41603,2537714,44,271551,287,27477,62,4681,350,32273,0,0,73921,77900.43,6600141,6567983,0
2021-04-25,18412,3776997,31218,2568932,87,271638,204,27681,61,4742,265,32538,0,0,49982,76712.71,6650123,6617700,0
2021-04-26,26956,3803953,40719,2609651,1012,272650,307,27988,93,4835,405,32943,0,0,69092,75964.86,6719215,6686392,0
2021-04-27,28553,3832506,47129,2656780,1696,274346,375,28363,97,4932,477,33420,0,0,77855,75537.71,6797070,6763775,0
2021-04-28,27009,3859515,56843,2713623,2146,276492,451,28814,100,5032,554,33974,0,0,86552,75684.43,6883622,6849776,0
2021-04-29,28585,3888100,57205,2770828,2149,278641,377,29191,101,5133,480,34454,0,0,88419,75761.43,6972041,6937717,0
2021-04-30,30100,3918200,51993,2822821,2059,280700,294,29485,76,5209,371,34825,0,0,84524,75763.57,7056565,7021871,0
2021-05-01,22474,3940674,44537,2867358,1177,281877,236,29721,66,5275,304,35129,0,0,68492,74988,7125057,7090061,0
2021-05-02,11915,3952589,36640,2903998,1081,282958,153,29874,58,5333,213,35342,0,0,49849,74969,7174906,7139699,0
2021-05-03,18008,3970597,53025,2957023,2381,285339,266,30140,92,5425,360,35702,0,0,73776,75638.14,7248682,7213117,0
2021-05-04,22726,3993323,56646,3013669,2331,287670,274,30414,116,5541,391,36093,0,0,82094,76243.71,7330776,7294821,0
2021-05-05,21473,4014796,48754,3062423,2313,289983,318,30732,104,5645,423,36516,0,0,72964,74302.57,7403740,7367363,0
2021-05-06,20670,4035466,50176,3112599,2507,292490,283,31015,91,5736,378,36894,0,0,73731,72204.29,7477471,7440720,0
2021-05-07,21233,4056699,52104,3164703,2812,295302,321,31336,79,5815,401,37295,0,0,76550,71065.14,7554021,7516870,0
2021-05-08,16617,4073316,41867,3206570,1834,297136,237,31573,72,5887,309,37604,0,0,60627,69941.57,7614648,7577188,0
2021-05-09,7968,4081284,29406,3235976,1260,298396,154,31727,56,5943,210,37814,0,0,38844,68369.43,7653492,7615822,0
2021-05-10,14374,4095658,38524,3274500,2356,300752,251,31978,93,6036,348,38162,0,0,55602,65773.14,7709094,7671080,0
2021-05-11,19897,4115555,43062,3317562,2512,303264,291,32269,89,6125,385,38547,0,0,65857,63453.57,7774951,7736557,0
2021-05-12,17811,4133366,40538,3358100,3595,306859,241,32510,80,6205,321,38868,0,0,62265,61925.14,7837216,7798501,0
2021-05-13,24954,4158320,40423,3398523,3229,310088,274,32784,81,6286,357,39225,0,0,68963,61244,7906179,7867109,0
2021-05-14,27005,4185325,42944,3441467,3536,313624,277,33061,95,6381,374,39599,0,0,73859,60859.57,7980038,7940596,0
2021-05-15,23638,4208963,34921,3476388,3364,316988,261,33322,74,6455,337,39936,0,0,62260,61092.86,8042298,8002521,0
2021-05-16,15519,4224482,19457,3495845,2496,319484,122,33444,47,6502,170,40106,0,0,37642,60921.14,8079940,8039994,0
2021-05-17,22663,4247145,29140,3524985,3253,322737,189,33633,71,6573,260,40366,0,0,55316,60880.29,8135256,8095050,0
2021-05-18,24614,4271759,31907,3556892,3402,326139,245,33878,83,6656,328,40694,0,0,60251,60079.43,8195507,8154973,0
2021-05-19,24176,4295935,29725,3586617,3041,329180,233,34111,49,6705,283,40977,0,0,57225,59359.43,8252732,8211916,0
2021-05-20,24135,4320070,30104,3616721,3163,332343,272,34383,88,6793,365,41342,0,0,57767,57760,8310499,8269323,0
2021-05-21,24666,4344736,32003,3648724,3057,335400,253,34636,62,6855,318,41660,0,0,60044,55786.43,8370543,8329052,0
2021-05-22,20014,4364750,24370,3673094,2523,337923,169,34805,48,6903,218,41878,0,0,47125,53624.29,8417668,8375960,0
2021-05-23,11226,4375976,13733,3686827,1411,339334,95,34900,32,6935,129,42007,0,0,26499,52032.43,8444167,8402332,0
2021-05-24,18858,4394834,23164,3709991,2757,342091,221,35121,55,6990,279,42286,0,0,45058,50567,8489225,8447114,0
2021-05-25,19421,4414255,23386,3733377,2601,344692,176,35297,59,7049,235,42521,0,0,45643,48480.14,8534868,8492522,0
2021-05-26,18774,4433029,21089,3754466,2698,347390,205,35502,49,7098,256,42777,0,0,42817,46421.86,8577685,8535085,0
2021-05-27,18454,4451483,21282,3775748,2531,349921,182,35684,63,7161,246,43023,0,0,42513,44242.71,8620198,8577353,0
2021-05-28,17855,4469338,22878,3798626,2751,352672,191,35875,59,7220,251,43274,0,0,43735,41912.86,8663933,8620838,0
2021-05-29,12702,4482040,17816,3816442,1754,354426,106,35981,39,7259,146,43420,0,0,32418,39811.86,8696351,8653111,0
2021-05-30,7024,4489064,8950,3825392,1074,355500,50,36031,16,7275,66,43486,0,0,17114,38471.14,8713465,8670159,0
2021-05-31,4740,4493804,6922,3832314,1011,356511,65,36096,18,7293,83,43569,0,0,12756,33856.57,8726221,8682832,0
2021-06-01,16046,4509850,25189,3857503,2177,358688,158,36254,44,7337,206,43775,0,0,43618,33567.29,8769839,8726248,0
2021-06-02,15351,4525201,20399,3877902,2095,360783,142,36396,48,7385,190,43965,0,0,38035,32884.14,8807874,8764093,0
2021-06-03,14996,4540197,23822,3901724,2280,363063,132,36528,45,7430,179,44144,0,0,41277,32707.57,8849151,8805193,0
2021-06-04,14710,4554907,26003,3927727,2492,365555,151,36679,42,7472,194,44338,0,0,43400,32659.71,8892551,8848400,0
2021-06-05,10979,4565886,22104,3949831,1806,367361,115,36794,29,7501,145,44483,0,0,35034,33033.43,8927585,8883290,0
2021-06-06,6443,4572329,14487,3964318,1222,368583,89,36883,12,7513,102,44585,0,0,22254,33767.71,8949839,8905443,0
2021-06-07,11695,4584024,21789,3986107,2378,370961,144,37027,37,7550,184,44769,0,0,36046,37094.86,8985885,8941308,0
2021-06-08,12625,4596649,24021,4010128,2071,373032,127,37154,46,7596,174,44943,0,0,38891,36419.57,9024776,8980026,0
2021-06-09,11124,4607773,23027,4033155,2300,375332,140,37294,43,7639,185,45128,0,0,36636,36219.71,9061412,9016479,0
2021-06-10,12054,4619827,22239,4055394,2462,377794,143,37437,61,7700,204,45332,0,0,36960,35603,9098372,9053235,0
2021-06-11,12697,4632524,25125,4080519,2483,380277,159,37596,62,7762,222,45554,0,0,40527,35192.57,9138899,9093541,0
2021-06-12,10158,4642682,19319,4099838,1888,382165,96,37692,43,7805,141,45695,0,0,31506,34688.57,9170405,9124908,0
2021-06-13,4251,4646933,10937,4110775,1219,383384,43,37735,21,7826,64,45759,0,0,16473,33862.71,9186878,9141317,0
2021-06-14,10201,4657134,19241,4130016,2041,385425,132,37867,53,7879,185,45944,0,0,31668,33237.29,9218546,9172800,0
2021-06-15,11880,4669014,21019,4151035,1942,387367,131,37998,42,7921,174,46118,0,0,35016,32683.71,9253562,9207643,0
2021-06-16,11581,4680595,19403,4170438,1956,389323,149,38147,74,7995,223,46341,0,0,33163,32187.57,9286725,9240583,0
2021-06-17,11019,4691614,18760,4189198,1973,391296,129,38276,35,8030,166,46507,0,0,31918,31467.29,9318643,9272337,0
2021-06-18,12166,4703780,18495,4207693,2115,393411,120,38396,37,8067,158,46665,0,0,32935,30382.71,9351578,9305115,0
2021-06-19,8492,4712272,13518,4221211,1459,394870,88,38484,21,8088,109,46774,0,0,23578,29250.14,9375156,9328584,0
2021-06-20,4333,4716605,7160,4228371,924,395794,37,38521,16,8104,53,46827,0,0,12470,28678.29,9387626,9341001,0
2021-06-21,10153,4726758,10013,4238384,1806,397600,72,38593,28,8132,101,46928,0,0,22073,27307.57,9409699,9362974,0
2021-06-22,9830,4736588,15647,4254031,1588,399188,106,38699,29,8161,135,47063,0,0,27200,26191,9436899,9390039,0
2021-06-23,10306,4746894,15189,4269220,1862,401050,104,38803,31,8192,136,47199,0,0,27493,25381,9464392,9417397,0
2021-06-24,9682,4756576,14701,4283921,1798,402848,124,38927,26,8218,152,47351,0,0,26333,24583.14,9490725,9443580,0
2021-06-25,10584,4767160,14387,4298308,1720,404568,117,39044,38,8256,155,47506,0,0,26846,23713.29,9517571,9470271,0
2021-06-26,7799,4774959,10465,4308773,1249,405817,78,39122,23,8279,102,47608,0,0,19615,23147.14,9537186,9489785,0
2021-06-27,4997,4779956,6002,4314775,795,406612,34,39156,15,8294,50,47658,0,0,11844,23057.71,9549030,9501580,0
2021-06-28,9032,4788988,10348,4325123,1526,408138,110,39266,26,8320,137,47795,0,0,21043,22910.57,9570073,9522487,0
2021-06-29,9730,4798718,12333,4337456,1347,409485,126,39392,33,8353,160,47955,0,0,23570,22392,9593643,9545898,0
2021-06-30,9424,4808142,10934,4348390,1486,410971,150,39542,18,8371,171,48126,0,0,22015,21609.43,9615658,9567745,0
2021-07-01,9392,4817534,10926,4359316,1434,412405,133,39675,25,8396,160,48286,0,0,21912,20977.86,9637570,9589499,0
2021-07-02,9688,4827222,11458,4370774,1541,413946,119,39794,21,8417,140,48426,0,0,22828,20403.86,9660398,9612187,0
2021-07-03,7057,4834279,8422,4379196,1192,415138,79,39873,17,8434,96,48522,0,0,16767,19997,9677165,9628858,0
2021-07-04,1286,4835565,1335,4380531,567,415705,11,39884,3,8437,14,48536,0,0,3202,18762.43,9680367,9632046,0
2021-07-05,6492,4842057,7108,4387639,1207,416912,67,39951,22,8459,89,48625,0,0,14896,17884.29,9695263,9646853,0
2021-07-06,9507,4851564,12854,4400493,1315,418227,118,40069,38,8497,157,48782,0,0,23833,17921.86,9719096,9670530,0
2021-07-07,8661,4860225,11110,4411603,1418,419645,128,40197,21,8518,149,48931,0,0,21338,17825.14,9740434,9691719,0
2021-07-08,8218,4868443,10195,4421798,1258,420903,108,40305,22,8540,132,49063,0,0,19803,17523.86,9760237,9711392,0
2021-07-09,8370,4876813,10834,4432632,1280,422183,90,40395,20,8560,110,49173,0,0,20594,17204.71,9780831,9731876,0
2021-07-10,7099,4883912,8636,4441268,1131,423314,67,40462,20,8580,88,49261,0,0,16954,17231.43,9797785,9748743,0
2021-07-11,4104,4888016,4540,4445808,701,424015,38,40500,6,8586,44,49305,0,0,9389,18115.29,9807174,9758088,0
2021-07-12,8449,4896465,9564,4455372,1251,425266,84,40584,23,8609,107,49412,0,0,19371,18754.57,9826545,9777352,0
2021-07-13,9456,4905921,9396,4464768,952,426218,109,40693,35,8644,146,49558,0,0,19950,18199.86,9846495,9797158,0
2021-07-14,8992,4914913,9537,4474305,1010,427228,107,40800,22,8666,133,49691,0,0,19672,17961.86,9866167,9816701,0
2021-07-15,8792,4923705,9158,4483463,1052,428280,83,40883,20,8686,104,49795,0,0,19106,17862.29,9885273,9835704,0
2021-07-16,9249,4932954,9763,4493226,981,429261,102,40985,29,8715,131,49926,0,0,20124,17795.14,9905397,9855697,0
2021-07-17,6838,4939792,7390,4500616,803,430064,79,41064,21,8736,100,50026,0,0,15131,17534.71,9920528,9870728,0
2021-07-18,4253,4944045,4285,4504901,575,430639,36,41100,14,8750,50,50076,0,0,9163,17502.43,9929691,9879841,0
2021-07-19,9119,4953164,8485,4513386,999,431638,93,41193,22,8772,116,50192,0,0,18719,17409.29,9948410,9898445,0
2021-07-20,10640,4963804,8761,4522147,991,432629,96,41289,25,8797,122,50314,0,0,20514,17489.86,9968924,9918838,0
2021-07-21,10052,4973856,8773,4530920,904,433533,149,41438,33,8830,182,50496,0,0,19911,17524,9988835,9938567,0
2021-07-22,10686,4984542,8584,4539504,1046,434579,146,41584,27,8857,174,50670,0,0,20490,17721.71,10009325,9958884,0
2021-07-23,11247,4995789,8886,4548390,1114,435693,140,41724,23,8880,165,50835,0,0,21412,17905.71,10030737,9980133,0
2021-07-24,7400,5003189,6740,4555130,670,436363,82,41806,26,8906,109,50944,0,0,14919,17875.43,10045656,9994944,0
2021-07-25,5471,5008660,2130,4557260,509,436872,58,41864,4,8910,62,51006,0,0,8172,17733.86,10053828,10003054,0
2021-07-26,10866,5019526,7009,4564269,856,437728,112,41976,20,8930,132,51138,0,0,18863,17754.43,10072691,10021785,0
2021-07-27,12063,5031589,8572,4572841,856,438584,138,42114,41,8971,180,51318,0,0,21671,17919.71,10094362,10043277,0
2021-07-28,12010,5043599,8054,4580895,950,439534,136,42250,29,9000,166,51484,0,0,21180,18101,10115542,10064292,0
2021-07-29,10929,5054528,7433,4588328,983,440517,136,42386,41,9041,181,51665,0,0,19526,17963.29,10135068,10083641,0
2021-07-30,14947,5069475,8016,4596344,1151,441668,186,42572,32,9073,220,51885,0,0,24334,18380.71,10159402,10107757,0
2021-07-31,9719,5079194,6323,4602667,815,442483,122,42694,20,9093,143,52028,0,0,17000,18678,10176402,10124615,0
2021-08-01,6498,5085692,3312,4605979,564,443047,81,42775,22,9115,103,52131,0,0,10477,19007.29,10186879,10134989,0
2021-08-02,13448,5099140,7156,4613135,846,443893,150,42925,19,9134,169,52300,0,0,21619,19401,10208498,10156439,0
2021-08-03,15405,5114545,8392,4621527,1109,445002,144,43069,39,9173,184,52484,0,0,25090,19889.43,10233588,10181346,0
2021-08-04,17258,5131803,8131,4629658,1454,446456,183,43252,36,9209,219,52703,0,0,27062,20729.71,10260650,10208189,0
2021-08-05,17884,5149687,7934,4637592,1371,447827,159,43411,21,9230,180,52883,0,0,27369,21850.14,10288019,10235378,0
2021-08-06,18173,5167860,8421,4646013,1230,449057,171,43582,32,9262,203,53086,0,0,28027,22377.71,10316046,10263202,0
2021-08-07,13377,5181237,6018,4652031,799,449856,105,43687,29,9291,134,53220,0,0,20328,22853.14,10336374,10283396,0
2021-08-08,9309,5190546,3834,4655865,400,450256,84,43771,10,9301,94,53314,0,0,13637,23304.57,10350011,10296939,0
2021-08-09,21334,5211880,8530,4664395,965,451221,177,43948,34,9335,212,53526,0,0,31041,24650.57,10381052,10327769,0
2021-08-10,18944,5230824,9334,4673729,946,452167,180,44128,33,9368,214,53740,0,0,29438,25271.71,10410490,10356994,0
2021-08-11,15644,5246468,8314,4682043,853,453020,131,44259,45,9413,177,53917,0,0,24988,24975.43,10435478,10381806,0
2021-08-12,15051,5261519,8989,4691032,942,453962,179,44438,35,9448,216,54133,0,0,25198,24665.29,10460676,10406790,0
2021-08-13,14916,5276435,9292,4700324,919,454881,247,44685,38,9486,286,54419,0,0,25414,24292,10486090,10431919,0
2021-08-14,10393,5286828,6412,4706736,625,455506,536,45221,41,9527,580,54999,0,0,18010,23960.86,10504100,10449352,0
2021-08-15,6688,5293516,4485,4711221,676,456182,567,45788,33,9560,604,55603,0,0,12453,23791.71,10516553,10461205,0
2021-08-16,15704,5309220,9310,4720531,1149,457331,1329,47117,66,9626,1400,57003,0,0,27563,23294.86,10544116,10487373,0
2021-08-17,17757,5326977,10458,4730989,1229,458560,1776,48893,85,9711,1876,58879,0,0,31320,23563.71,10575436,10516832,0
2021-08-18,17480,5344457,10382,4741371,1261,459821,2001,50894,91,9802,2103,60982,0,0,31226,24454.86,10606662,10545966,0
2021-08-19,16284,5360741,9530,4750901,1315,461136,1961,52855,68,9870,2042,63024,0,0,29171,25022.43,10635833,10573108,0
2021-08-20,16262,5377003,11543,4762444,1252,462388,1870,54725,86,9956,1970,64994,0,0,31027,25824.29,10666860,10602179,0
2021-08-21,11142,5388145,8041,4770485,878,463266,1067,55792,53,10009,1127,66121,0,0,21188,26278.29,10688048,10622247,0
2021-08-22,4076,5392221,3903,4774388,261,463527,519,56311,33,10042,556,66677,0,0,8796,25755.86,10696844,10630491,0
2021-08-23,15572,5407793,11811,4786199,1022,464549,1552,57863,77,10119,1642,68319,0,0,30048,26110.86,10726892,10658910,0
2021-08-24,16912,5424705,12597,4798796,1007,465556,1777,59640,81,10200,1866,70185,0,0,32382,26262.57,10759274,10689434,0
2021-08-25,14562,5439267,12457,4811253,1112,466668,1569,61209,82,10282,1666,71851,0,0,29797,26058.43,10789071,10717580,0
2021-08-26,16143,5455410,14101,4825354,1071,467739,1780,62989,70,10352,1862,73713,0,0,33177,26630.71,10822248,10748907,0
2021-08-27,14872,5470282,14825,4840179,971,468710,1678,64667,76,10428,1762,75475,0,0,32430,26831.14,10854678,10779583,0
2021-08-28,10674,5480956,11524,4851703,835,469545,1021,65688,46,10474,1068,76543,0,0,24101,27247.29,10878779,10802617,0
2021-08-29,7209,5488165,7499,4859202,541,470086,782,66470,58,10532,849,77392,0,0,16098,28290.43,10894877,10817875,0
2021-08-30,15511,5503676,16929,4876131,1076,471162,1800,68270,94,10626,1902,79294,0,0,35418,29057.57,10930295,10851399,0
2021-08-31,15502,5519178,15961,4892092,951,472113,1982,70252,90,10716,2082,81376,0,0,34496,29359.57,10964791,10883823,0
2021-09-01,14825,5534003,14111,4906203,1020,473133,1815,72067,63,10779,1888,83264,0,0,31844,29652,10996635,10913789,0
2021-09-02,14310,5548313,12525,4918728,896,474029,1716,73783,64,10843,1796,85060,0,0,29527,29130.57,11026162,10941536,0
2021-09-03,14997,5563310,14316,4933044,974,475003,1901,75684,72,10915,1979,87039,0,0,32266,29107.14,11058428,10971829,0
2021-09-04,9643,5572953,9405,4942449,688,475691,979,76663,34,10949,1018,88057,0,0,20754,28629,11079182,10991570,0
2021-09-05,6793,5579746,5512,4947961,438,476129,720,77383,17,10966,738,88795,0,0,13481,28255.14,11092663,11004314,0
2021-09-06,5194,5584940,4511,4952472,358,476487,274,77657,11,10977,287,89082,0,0,10350,24674,11103013,11014379,0
2021-09-07,15563,5600503,17702,4970174,912,477399,1563,79220,93,11070,1664,90746,0,0,35841,24866.14,11138854,11048564,0
2021-09-08,16148,5616651,14831,4985005,1070,478469,1782,81002,83,11153,1877,92623,0,0,33926,25163.57,11172780,11080625,0
2021-09-09,16092,5632743,14757,4999762,1047,479516,1922,82924,78,11231,2011,94634,0,0,33907,25789.29,11206687,11112532,0
2021-09-10,18349,5651092,15402,5015164,1207,480723,1983,84907,83,11314,2073,96707,0,0,37031,26470,11243718,11147497,0
2021-09-11,12630,5663722,10352,5025516,958,481681,1030,85937,50,11364,1086,97793,0,0,25026,27080.29,11268744,11171443,0
2021-09-12,8532,5672254,5053,5030569,765,482446,694,86631,32,11396,727,98520,0,0,15077,27308.29,11283821,11185794,0
2021-09-13,16920,5689174,12966,5043535,976,483422,1661,88292,52,11448,1724,100244,0,0,32586,30484.86,11316407,11216667,0
2021-09-14,16260,5705434,13678,5057213,886,484308,1603,89895,57,11505,1672,101916,0,0,32496,30007,11348903,11247503,0
2021-09-15,15510,5720944,12897,5070110,727,485035,1577,91472,83,11588,1669,103585,0,0,30803,29560.86,11379706,11276646,0
2021-09-16,15331,5736275,13915,5084025,1210,486245,1470,92942,68,11656,1545,105130,0,0,32001,29288.57,11411707,11307109,0
2021-09-17,14427,5750702,13954,5097979,922,487167,1846,94788,58,11714,1906,107036,0,0,31209,28456.86,11442916,11336414,0
2021-09-18,9988,5760690,10188,5108167,913,488080,1053,95841,42,11756,1099,108135,0,0,22188,28051.43,11465104,11357507,0
2021-09-19,6167,5766857,6079,5114246,558,488638,748,96589,28,11784,781,108916,0,0,13585,27838.29,11478689,11370316,0
2021-09-20,12663,5779520,12632,5126878,1068,489706,1927,98516,62,11846,1998,110914,0,0,28362,27234.86,11507051,11396689,0
2021-09-21,12216,5791736,12774,5139652,1108,490814,2036,100552,80,11926,2131,113045,0,0,28229,26625.29,11535280,11422802,0
2021-09-22,12817,5804553,12007,5151659,1090,491904,1691,102243,69,11995,1766,114811,0,0,27680,26179.14,11562960,11448722,0
2021-09-23,14917,5819470,12768,5164427,1639,493543,2273,104516,76,12071,2357,117168,0,0,31681,26133.43,11594641,11478054,0
2021-09-24,16520,5835990,13367,5177794,1636,495179,4629,109145,127,12198,4775,121943,0,0,36298,26860.43,11630939,11509596,0
2021-09-25,10520,5846510,9033,5186827,1017,496196,3465,112610,81,12279,3562,125505,0,0,24132,27138.14,11655071,11530182,0
2021-09-26,6288,5852798,5768,5192595,773,496969,2425,115035,61,12340,2497,128002,0,0,15326,27386.86,11670397,11543022,0
2021-09-27,14129,5866927,8066,5200661,1155,498124,9085,124120,163,12503,9298,137300,0,0,32649,27999.29,11703046,11566423,0
2021-09-28,11104,5878031,11789,5212450,901,499025,9936,134056,183,12686,10158,147458,0,0,33952,28816.86,11736998,11590256,0
2021-09-29,11591,5889622,12195,5224645,1205,500230,9463,143519,173,12859,9670,157128,0,0,34661,29814.14,11771659,11615281,0
2021-09-30,12211,5901833,12612,5237257,1338,501568,9766,153285,183,13042,9983,167111,0,0,36144,30451.71,11807803,11641476,0
2021-10-01,12617,5914450,13431,5250688,1284,502852,10291,163576,155,13197,10482,177593,0,0,37814,30668.29,11845617,11668844,0
2021-10-02,7717,5922167,9984,5260672,865,503717,4246,167822,82,13279,4352,181945,0,0,22918,30494.86,11868535,11687434,0
2021-10-03,5055,5927222,6158,5266830,593,504310,2625,170447,60,13339,2695,184640,1,1,14502,30377.14,11883037,11699250,0
2021-10-04,9899,5937121,11019,5277849,914,505224,9539,179986,150,13489,9725,194365,0,1,31557,30221.14,11914594,11721118,0
2021-10-05,10131,5947252,11735,5289584,972,506196,9963,189949,180,13669,10185,204550,1,2,33024,30088.57,11947618,11743998,0
2021-10-06,9868,5957120,11052,5300636,937,507133,9950,199899,163,13832,10150,214700,0,2,32008,29709.57,11979626,11765893,0
2021-10-07,9593,5966713,12159,5312795,850,507983,10185,210084,177,14009,10395,225095,0,2,32997,29260,12012623,11788528,0
2021-10-08,9427,5976140,12183,5324978,941,508924,10923,221007,166,14175,11128,236223,0,2,33679,28669.29,12046302,11811118,0
2021-10-09,6226,5982366,8239,5333217,643,509567,4133,225140,90,14265,4240,240463,0,2,19348,28159.29,12065650,11826243,0
2021-10-10,3529,5985895,5028,5338245,458,510025,2439,227579,48,14313,2495,242958,0,2,11510,27731.86,12077160,11835266,0
2021-10-11,7592,5993487,9339,5347584,728,510753,8905,236484,166,14479,9095,252053,0,2,26754,27045.71,12103914,11852949,0
2021-10-12,8049,6001536,10994,5358578,891,511644,10536,247020,187,14666,10764,262817,0,2,30698,26713.43,12134612,11872924,0
2021-10-13,7128,6008664,10147,5368725,869,512513,8815,255835,185,14851,9030,271847,0,2,27174,26022.86,12161786,11891098,0
2021-10-14,7402,6016066,11120,5379845,837,513350,10137,265972,165,15016,10342,282189,0,2,29701,25552,12191487,11910497,0
2021-10-15,7703,6023769,11858,5391703,823,514173,10862,276834,175,15191,11070,293259,0,2,31454,25234.14,12222941,11930914,0
2021-10-16,4852,6028621,7466,5399169,665,514838,3854,280688,67,15258,3933,297192,0,2,16916,24886.71,12239857,11943909,0
2021-10-17,3049,6031670,4471,5403640,411,515249,2460,283148,44,15302,2511,299703,0,2,10442,24734.14,12250299,11951847,0
2021-10-18,7015,6038685,10672,5414312,797,516046,9502,292650,187,15489,9723,309426,0,2,28207,24941.71,12278506,11970365,0
2021-10-19,6546,6045231,8947,5423259,803,516849,9109,301759,178,15667,9327,318753,1,3,25624,24216.86,12304130,11986701,0
2021-10-20,6516,6051747,9371,5432630,975,517824,10003,311762,180,15847,10222,328975,2,5,27085,24204.14,12331215,12003601,0
2021-10-21,7004,6058751,9387,5442017,858,518682,10870,322632,159,16006,11064,340039,1,6,28314,24006,12359529,12020885,0
2021-10-22,8080,6066831,10345,5452362,1026,519708,16377,339009,223,16229,16654,356693,0,6,36105,24670.43,12395634,12040390,0
2021-10-23,5150,6071981,6456,5458818,690,520398,9137,348146,118,16347,9275,365968,0,6,21571,25335.43,12417205,12052706,0
2021-10-24,3247,6075228,3966,5462784,766,521164,6179,354325,81,16428,6285,372253,0,6,14264,25881.43,12431469,12060710,0
2021-10-25,8803,6084031,8747,5471531,1152,522316,19291,373616,301,16729,19662,391915,0,6,38364,27332.43,12469833,12079482,0
2021-10-26,8148,6092179,7723,5479254,1258,523574,17320,390936,280,17009,17670,409585,0,6,34799,28643.14,12504632,12096681,0
2021-10-27,10501,6102680,8393,5487647,1604,525178,20901,411837,330,17339,21301,430886,0,6,41799,30745.14,12546431,12117249,0
2021-10-28,11259,6113939,8029,5495676,1793,526971,20905,432742,327,17666,21300,452186,0,6,42381,32754.71,12588812,12138398,0
2021-10-29,11804,6125743,8228,5503904,1968,528939,22580,455322,349,18015,23001,475187,1,7,45003,34025.86,12633815,12160471,0
2021-10-30,4598,6130341,5062,5508966,932,529871,11199,466521,169,18184,11407,486594,0,7,21999,34087,12655814,12171102,0
2021-10-31,2645,6132986,2700,5511666,544,530415,6649,473170,107,18291,6779,493373,1,8,12668,33859,12668482,12177013,0
2021-11-01,7069,6140055,6952,5518618,1085,531500,20437,493607,336,18627,20832,514205,1,9,35939,33512.57,12704421,12192178,0
2021-11-02,6523,6146578,6587,5525205,1055,532555,20823,514430,281,18908,21180,535385,0,9,35346,33590.71,12739767,12206420,0
2021-11-03,6788,6153366,6682,5531887,1026,533581,20681,535111,316,19224,21072,556457,0,9,35570,32700.86,12775337,12220993,0
2021-11-04,9260,6162626,6280,5538167,994,534575,22415,557526,353,19577,22851,579308,0,9,39385,32272.86,12814722,12237610,0
2021-11-05,11019,6173645,6719,5544886,1050,535625,23802,581328,362,19939,24248,603556,0,9,43036,31991.86,12857758,12256482,0
2021-11-06,11138,6184783,4050,5548936,594,536219,12617,593945,175,20114,12829,616385,0,9,28611,32936.43,12886369,12272301,0
2021-11-07,7225,6192008,2287,5551223,577,536796,7123,601068,99,20213,7237,623622,0,9,17326,33601.86,12903695,12282405,0
2021-11-08,15021,6207029,5679,5556902,862,537658,19539,620607,289,20502,19895,643517,1,10,41458,34390.29,12945153,12304034,0
2021-11-09,16104,6223133,5385,5562287,659,538317,20567,641174,281,20783,20929,664446,0,10,43077,35494.71,12988230,12326263,0
2021-11-10,16871,6240004,5322,5567609,682,538999,22718,663892,294,21077,23082,687528,0,10,45957,36978.57,13034187,12349208,0
2021-11-11,12499,6252503,5183,5572792,760,539759,22161,686053,291,21368,22521,710049,0,10,40963,37204,13075150,12367719,0
2021-11-12,16971,6269474,5687,5578479,705,540464,23481,709534,358,21726,23916,733965,1,11,47280,37810.29,13122430,12391159,0
2021-11-13,9919,6279393,3661,5582140,464,540928,13366,722900,184,21910,13593,747558,0,11,27637,37671.14,13150067,12405246,0
2021-11-14,5981,6285374,2283,5584423,324,541252,7956,730856,82,21992,8059,755617,0,11,16647,37574.14,13166714,12413855,0
2021-11-15,13169,6298543,5979,5590402,689,541941,25175,756031,371,22363,25626,781243,0,11,45463,38146.29,13212177,12433772,0
2021-11-16,9883,6308426,5779,5596181,653,542594,30737,786768,442,22805,31256,812499,0,11,47573,38788.57,13259750,12450166,0
2021-11-17,10215,6318641,6667,5602848,681,543275,31514,818282,428,23233,32031,844530,0,11,49594,39308.14,13309344,12467818,0
2021-11-18,10642,6329283,6528,5609376,855,544130,33106,851388,463,23696,33665,878195,0,11,51690,40840.57,13361034,12485939,0
2021-11-19,11908,6341191,6552,5615928,707,544837,36359,887747,469,24165,36919,915114,0,11,56086,42098.57,13417120,12505197,0
2021-11-20,9282,6350473,3415,5619343,512,545349,22580,910327,260,24425,22892,938006,0,11,36101,43307.71,13453221,12518458,0
2021-11-21,4895,6355368,1886,5621229,288,545637,13250,923577,156,24581,13431,951437,1,12,20501,43858.29,13473722,12525552,0
2021-11-22,10326,6365694,5781,5627010,748,546385,36029,959606,450,25031,36571,988008,0,12,53426,44995.86,13527148,12542499,0
2021-11-23,9689,6375383,4781,5631791,632,547017,33615,993221,388,25419,34075,1022083,0,12,49178,45225.14,13576326,12557674,0
2021-11-24,8619,6384002,4748,5636539,648,547665,26000,1019221,289,25708,26360,1048443,1,13,40376,43908.29,13616702,12571760,0
2021-11-25,447,6384449,328,5636867,80,547745,1004,1020225,9,25717,1013,1049456,0,13,1868,36790.86,13618570,12572615,0
2021-11-26,8000,6392449,7005,5643872,528,548273,26649,1046874,308,26025,27014,1076470,0,13,42547,34856.71,13661117,12588205,0
2021-11-27,6636,6399085,6860,5650732,370,548643,18899,1065773,225,26250,19163,1095633,0,13,33030,34418,13694147,12602111,0
2021-11-28,4033,6403118,5791,5656523,279,548922,11943,1077716,122,26372,12084,1107717,0,13,22187,34658.86,13716334,12612233,0
2021-11-29,9002,6412120,11019,5667542,684,549606,35161,1112877,454,26826,35691,1143408,1,14,56397,35083.29,13772731,12633014,0
2021-11-30,10403,6422523,11445,5678987,511,550117,37899,1150776,500,27326,38512,1181920,0,14,60871,36753.71,13833602,12655486,0
2021-12-01,11068,6433591,10986,5689973,724,550841,40491,1191267,443,27769,41032,1222952,0,14,63811,40101.57,13897413,12678363,0
2021-12-02,11529,6445120,11052,5701025,624,551465,42309,1233576,459,28228,42866,1265818,0,14,66071,49273.43,13963484,12701666,0
2021-12-03,13361,6458481,12906,5713931,664,552129,48102,1281678,532,28760,48737,1314555,1,15,75669,54005.14,14039153,12728700,0
2021-12-04,9757,6468238,11322,5725253,564,552693,30775,1312453,311,29071,31140,1345695,0,15,52783,56827,14091936,12750397,0
2021-12-05,5700,6473938,5703,5730956,270,552963,16711,1329164,131,29202,16878,1362573,0,15,28551,57736.14,14120487,12762106,0
2021-12-06,12224,6486162,9988,5740944,599,553562,43395,1372559,461,29663,43947,1406520,0,15,66759,59216.43,14187246,12785009,0
2021-12-07,12479,6498641,9255,5750199,623,554185,43175,1415734,521,30184,43785,1450305,0,15,66142,59969.43,14253388,12807455,0
2021-12-08,13438,6512079,8779,5758978,555,554740,40919,1456653,487,30671,41487,1491792,0,15,64260,60033.57,14317648,12830309,0
2021-12-09,13374,6525453,8757,5767735,551,555291,40964,1497617,499,31170,41561,1533353,0,15,64244,59772.57,14381892,12853090,0
2021-12-10,13932,6539385,10163,5777898,666,555957,43801,1541418,511,31681,44400,1577753,0,15,69161,58842.86,14451053,12877939,0
2021-12-11,10206,6549591,8159,5786057,405,556362,26772,1568190,287,31968,27109,1604862,0,15,45880,57856.71,14496933,12896760,0
2021-12-12,5974,6555565,3858,5789915,287,556649,15206,1583396,137,32105,15367,1620229,0,15,25486,57418.86,14522419,12906903,0
2021-12-13,12108,6567673,7435,5797350,655,557304,38033,1621429,407,32512,38525,1658754,0,15,58723,56270.86,14581142,12927186,0
2021-12-14,12140,6579813,6950,5804300,730,558034,38291,1659720,445,32957,38802,1697556,0,15,58623,55196.71,14639765,12947073,0
2021-12-15,12002,6591815,6247,5810547,755,558789,38273,1697993,497,33454,38850,1736406,0,15,57855,54281.71,14697620,12966158,0
2021-12-16,13073,6604888,4271,5814818,737,559526,41244,1739237,470,33924,41787,1778193,0,15,59868,53656.57,14757488,12984312,0
2021-12-17,15845,6620733,6949,5821767,618,560144,46937,1786174,486,34410,47519,1825712,0,15,70931,53909.43,14828419,13007820,0
2021-12-18,12947,6633680,5735,5827502,432,560576,30703,1816877,278,34688,31038,1856750,1,16,50152,54519.71,14878571,13026990,0
2021-12-19,6965,6640645,2995,5830497,326,560902,18057,1834934,176,34864,18264,1875014,0,16,28550,54957.43,14907121,13037307,0
2021-12-20,16738,6657383,5858,5836355,745,561647,47628,1882562,582,35446,48290,1923304,0,16,71631,56801.43,14978752,13060728,0
2021-12-21,17855,6675238,6579,5842934,806,562453,49065,1931627,599,36045,49743,1973047,0,16,74984,59138.71,15053736,13086048,0
2021-12-22,18479,6693717,6557,5849491,938,563391,49834,1981461,544,36589,50458,2023505,1,17,76433,61792.71,15130169,13112102,0
2021-12-23,18935,6712652,6488,5855979,930,564321,46013,2027474,535,37124,46614,2070119,0,17,72967,63664,15203136,13138521,0
2021-12-24,9185,6721837,2960,5858939,598,564919,20652,2048126,213,37337,20898,2091017,0,17,33641,58336.86,15236777,13151297,0
2021-12-25,342,6722179,63,5859002,31,564950,427,2048553,8,37345,436,2091453,0,17,872,51296.86,15237649,13151734,0
2021-12-26,7919,6730098,3932,5862934,341,565291,17316,2065869,178,37523,17525,2108978,0,17,29717,51463.57,15267366,13163957,0
2021-12-27,21696,6751794,9215,5872149,931,566222,43556,2109425,567,38090,44197,2153175,0,17,76039,52093.29,15343405,13195873,0
2021-12-28,20056,6771850,8344,5880493,700,566922,47702,2157127,626,38716,48417,2201592,0,17,77517,52455.14,15420922,13225062,0
2021-12-29,18424,6790274,7675,5888168,606,567528,45673,2202800,496,39212,46244,2247836,0,17,72949,51957.43,15493871,13251842,0
2021-12-30,16819,6807093,7444,5895612,588,568116,44936,2247736,594,39806,45617,2293453,0,17,70469,51600.57,15564340,13276781,0
2021-12-31,5339,6812432,2819,5898431,192,568308,14793,2262529,188,39994,15003,2308456,0,17,23353,50130.86,15587693,13285153,0
2022-01-01,244,6812676,147,5898578,12,568320,502,2263031,22,40016,528,2308984,0,17,931,50139.29,15588624,13285560,0
2022-01-02,6403,6819079,5021,5903599,153,568473,11008,2274039,111,40127,11135,2320119,0,17,22712,49138.57,15611336,13297153,0
2022-01-03,14086,6833165,8521,5912120,515,568988,27023,2301062,347,40474,27414,2347533,2,19,50538,45495.57,15661874,13320319,0
2022-01-04,12774,6845939,8130,5920250,414,569402,27304,2328366,372,40846,27736,2375269,12,31,49063,41430.71,15710937,13341694,0
2022-01-05,11284,6857223,7033,5927283,384,569786,26035,2354401,316,41162,26395,2401664,0,31,45096,37451.71,15756033,13360439,0
2022-01-06,11315,6868538,7398,5934681,485,570271,27666,2382067,358,41520,28076,2429740,2,33,47275,34138.29,15803308,13379688,0
2022-01-07,10119,6878657,8459,5943140,339,570610,25242,2407309,331,41851,25607,2455347,0,33,44525,37162.86,15847833,13398640,0
2022-01-08,7650,6886307,8609,5951749,311,570921,19637,2426946,190,42041,19844,2475191,0,33,36415,42232,15884248,13415228,0
2022-01-09,4106,6890413,3845,5955594,214,571135,10081,2437027,98,42139,10190,2485381,1,34,18358,41610,15902606,13423406,0
2022-01-10,10136,6900549,8202,5963796,490,571625,24645,2461672,309,42448,25005,2510386,1,35,43833,40652.14,15946439,13442284,0
2022-01-11,8835,6909384,7989,5971785,522,572147,21081,2482753,295,42743,21421,2531807,0,35,38771,39181.86,15985210,13459679,0
2022-01-12,8892,6918276,8330,5980115,428,572575,22404,2505157,292,43035,22731,2554538,1,36,40383,38508.57,16025593,13477365,0
2022-01-13,8997,6927273,8869,5988984,451,573026,22951,2528108,338,43373,23325,2577863,1,37,41645,37704.29,16067238,13495720,0
2022-01-14,10060,6937333,8125,5997109,474,573500,26484,2554592,340,43713,26866,2604729,0,37,45525,37847.14,16112763,13514421,0
2022-01-15,6187,6943520,4320,6001429,180,573680,15166,2569758,185,43898,15374,2620103,0,37,26061,36368,16138824,13525131,0
2022-01-16,2894,6946414,3249,6004678,95,573775,7839,2577597,88,43986,7938,2628041,0,37,14177,35770.71,16153001,13531381,0
2022-01-17,6039,6952453,6756,6011434,363,574138,14718,2592315,223,44209,14959,2643000,0,37,28117,33525.57,16181118,13544557,0
2022-01-18,8119,6960572,10324,6021758,394,574532,19707,2612022,326,44535,20063,2663063,0,37,38900,33544,16220018,13563424,0
2022-01-19,7414,6967986,9261,6031019,303,574835,17757,2629779,282,44817,18071,2681134,0,37,35049,32782,16255067,13580434,0
2022-01-20,6233,6974219,8561,6039580,305,575140,15294,2645073,257,45074,15578,2696712,0,37,30678,31215.29,16285745,13595561,0
2022-01-21,7522,6981741,7520,6047100,276,575416,18543,2663616,293,45367,18860,2715572,1,38,34178,29594.29,16319923,13610902,0
2022-01-22,5174,6986915,4954,6052054,132,575548,11342,2674958,131,45498,11498,2727070,0,38,21758,28979.57,16341681,13621187,0
2022-01-23,2784,6989699,3335,6055389,97,575645,6248,2681206,78,45576,6334,2733404,0,38,12550,28747.14,16354231,13627411,0
2022-01-24,6329,6996028,8212,6063601,262,575907,15098,2696304,247,45823,15372,2748776,0,38,30176,29041.29,16384407,13642242,0
2022-01-25,6146,7002174,7949,6071550,231,576138,14729,2711033,264,46087,15025,2763801,0,38,29351,27677.14,16413758,13656600,0
2022-01-26,5717,7007891,7184,6078734,288,576426,14041,2725074,216,46303,14284,2778085,0,38,27473,26594.86,16441231,13669816,0
2022-01-27,5219,7013110,7098,6085832,320,576746,14114,2739188,238,46541,14391,2792476,0,38,27028,26073.43,16468259,13682492,0
2022-01-28,6216,7019326,7886,6093718,205,576951,16157,2755345,241,46782,16422,2808898,1,39,30730,25580.86,16498989,13696823,0
2022-01-29,836,7020162,729,6094447,28,576979,2542,2757887,40,46822,2585,2811483,0,39,4178,23069.43,16503167,13698419,0
2022-01-30,2073,7022235,3024,6097471,103,577082,4555,2762442,64,46886,4623,2816106,0,39,9823,22679.86,16512990,13703623,0
2022-01-31,4981,7027216,6596,6104067,219,577301,11410,2773852,202,47088,11627,2827733,0,39,23423,21715.14,16536413,13715434,0
2022-02-01,4800,7032016,6455,6110522,220,577521,10735,2784587,222,47310,10975,2838708,1,40,22451,20729.43,16558864,13726927,0
2022-02-02,4248,7036264,5936,6116458,212,577733,11261,2795848,243,47553,11522,2850230,0,40,21918,19935.86,16580782,13737341,0
2022-02-03,4205,7040469,5818,6122276,216,577949,11236,2807084,206,47759,11468,2861698,1,41,21708,19175.86,16602490,13747606,0
2022-02-04,4734,7045203,7121,6129397,214,578163,13246,2820330,240,47999,13511,2875209,0,41,25580,18440.14,16628070,13759700,0
2022-02-05,3559,7048762,6079,6135476,110,578273,8598,2828928,159,48158,8772,2883981,0,41,18520,20489,16646590,13769463,0
2022-02-06,2051,7050813,2139,6137615,120,578393,4649,2833577,105,48263,4758,2888739,0,41,9069,20381.29,16655659,13773778,0
2022-02-07,4120,7054933,4750,6142365,205,578598,10151,2843728,237,48500,10413,2899152,0,41,19488,19819.14,16675147,13782878,0
2022-02-08,4190,7059123,5609,6147974,214,578812,11348,2855076,314,48814,11687,2910839,0,41,21700,19711.86,16696847,13792916,0
2022-02-09,4111,7063234,5405,6153379,221,579033,11680,2866756,260,49074,11964,2922803,0,41,21701,19680.86,16718548,13802677,0
2022-02-10,3966,7067200,5128,6158507,243,579276,12212,2878968,292,49366,12533,2935336,0,41,21870,19704,16740418,13812043,0
2022-02-11,4493,7071693,5815,6164322,195,579471,13752,2892720,327,49693,14111,2949447,0,41,24614,19566,16765032,13822578,0
2022-02-12,3243,7074936,4350,6168672,97,579568,8821,2901541,216,49909,9048,2958495,0,41,16738,19311.43,16781770,13830279,0
2022-02-13,1511,7076447,1543,6170215,41,579609,4889,2906430,113,50022,5007,2963502,0,41,8102,19173.29,16789872,13833379,0
2022-02-14,2964,7079411,3624,6173839,166,579775,10591,2917021,329,50351,10946,2974448,1,42,17701,18918,16807573,13840159,0
2022-02-15,3521,7082932,4074,6177913,174,579949,12809,2929830,289,50640,13114,2987562,0,42,20883,18801.29,16828456,13847944,0
2022-02-16,3618,7086550,3910,6181823,199,580148,15768,2945598,297,50937,16100,3003662,0,42,23827,19105,16852283,13855706,0
2022-02-17,3993,7090543,4080,6185903,161,580309,18366,2963964,371,51308,18767,3022429,0,42,27001,19838,16879284,13863970,0
2022-02-18,4430,7094973,4791,6190694,191,580500,21561,2985525,463,51771,22046,3044475,1,43,31459,20815.86,16910743,13873404,0
2022-02-19,3236,7098209,2186,6192880,65,580565,11200,2996725,219,51990,11430,3055905,0,43,16917,20841.43,16927660,13878902,0
2022-02-20,1844,7100053,1445,6194325,59,580624,6598,3003323,114,52104,6720,3062625,0,43,10068,21122.29,16937728,13882258,0
2022-02-21,3074,7103127,2695,6197020,94,580718,8367,3011690,234,52338,8615,3071240,0,43,14478,20661.86,16952206,13888135,0
2022-02-22,4361,7107488,4261,6201281,174,580892,10849,3022539,257,52595,11123,3082363,0,43,19919,20524.14,16972125,13896948,0
2022-02-23,4233,7111721,3793,6205074,145,581037,10690,3033229,245,52840,10951,3093314,1,44,19123,19852.14,16991248,13905135,0
2022-02-24,3780,7115501,3662,6208736,108,581145,10204,3043433,234,53074,10457,3103771,0,44,18007,18567.29,17009255,13912704,0
2022-02-25,3593,7119094,3636,6212372,135,581280,9994,3053427,245,53319,10252,3114023,0,44,17616,16589.71,17026871,13920081,0
2022-02-26,2818,7121912,2590,6214962,74,581354,9527,3062954,161,53480,9696,3123719,0,44,15178,16341.29,17042049,13925571,0
2022-02-27,1764,7123676,1373,6216335,52,581406,6274,3069228,101,53581,6382,3130101,0,44,9571,16270.29,17051620,13928767,0
2022-02-28,3770,7127446,3137,6219472,140,581546,13154,3082382,256,53837,13434,3143535,0,44,20481,17127.86,17072101,13935838,0
2022-03-01,2117,7129563,2631,6222103,103,581649,5192,3087574,186,54023,5385,3148920,0,44,10236,15744.57,17082337,13940696,0
2022-03-02,1823,7131386,2449,6224552,107,581756,4148,3091722,211,54234,4370,3153290,0,44,8749,14262.57,17091086,13945086,0
2022-03-03,1930,7133316,2564,6227116,106,581862,3805,3095527,171,54405,3990,3157280,0,44,8590,12917.29,17099676,13949700,0
2022-03-04,2115,7135431,2883,6229999,66,581928,4336,3099863,211,54616,4559,3161839,0,44,9623,11775.43,17109299,13954776,0
2022-03-05,1611,7137042,2126,6232125,43,581971,3317,3103180,120,54736,3440,3165279,0,44,7220,10638.57,17116519,13958559,0
2022-03-06,793,7137835,881,6233006,30,582001,1627,3104807,55,54791,1685,3166964,0,44,3389,9755.43,17119908,13960266,0
2022-03-07,1660,7139495,1788,6234794,87,582088,3506,3108313,162,54953,3682,3170646,0,44,7217,7860.57,17127125,13963815,0
2022-03-08,1544,7141039,1900,6236694,80,582168,3128,3111441,153,55106,3293,3173939,0,44,6817,7372.14,17133942,13967351,0
2022-03-09,1259,7142298,1684,6238378,80,582248,2595,3114036,131,55237,2731,3176670,0,44,5754,6944.29,17139696,13970379,0
2022-03-10,1409,7143707,2098,6240476,85,582333,2973,3117009,164,55401,3146,3179816,0,44,6738,6679.71,17146434,13973980,0
2022-03-11,1594,7145301,2278,6242754,81,582414,3217,3120226,190,55591,3425,3183241,0,44,7378,6359,17153812,13977951,0
2022-03-12,876,7146177,1419,6244173,42,582456,2011,3122237,75,55666,2089,3185330,0,44,4426,5959.86,17158238,13980291,0
2022-03-13,625,7146802,757,6244930,28,582484,1290,3123527,50,55716,1343,3186673,0,44,2753,5869,17160991,13981704,0
2022-03-14,1361,7148163,1616,6246546,84,582568,2999,3126526,208,55924,3228,3189901,0,44,6289,5736.43,17167280,13984786,0
2022-03-15,1354,7149517,1925,6248471,63,582631,3073,3129599,236,56160,3316,3193217,0,44,6658,5713.71,17173938,13988135,0
2022-03-16,1394,7150911,2061,6250532,94,582725,3150,3132749,295,56455,3461,3196678,0,44,7010,5893.14,17180948,13991700,0
2022-03-17,1191,7152102,1808,6252340,71,582796,2765,3135514,268,56723,3047,3199725,0,44,6117,5804.43,17187065,13994784,0
2022-03-18,1579,7153681,2221,6254561,79,582875,3779,3139293,422,57145,4207,3203932,1,45,8087,5905.71,17195152,13998669,0
2022-03-19,1103,7154784,1738,6256299,54,582929,2607,3141900,229,57374,2841,3206773,0,45,5736,6092.86,17200888,14001569,0
2022-03-20,604,7155388,631,6256930,33,582962,1469,3143369,186,57560,1659,3208432,0,45,2927,6117.71,17203815,14002841,0
2022-03-21,1412,7156800,1562,6258492,73,583035,3062,3146431,359,57919,3443,3211875,1,46,6491,6146.57,17210306,14005910,0
2022-03-22,1340,7158140,1553,6260045,101,583136,2908,3149339,350,58269,3268,3215143,0,46,6262,6090,17216568,14008914,0
2022-03-23,1257,7159397,1360,6261405,66,583202,2922,3152261,375,58644,3307,3218450,0,46,5990,5944.29,17222558,14011607,0
2022-03-24,1207,7160604,1300,6262705,90,583292,2521,3154782,274,58918,2805,3221255,0,46,5402,5842.14,17227960,14014214,0
2022-03-25,1379,7161983,1636,6264341,62,583354,3269,3158051,386,59304,3668,3224923,0,46,6745,5650.43,17234705,14017304,0
2022-03-26,923,7162906,1167,6265508,36,583390,2310,3160361,254,59558,2572,3227495,0,46,4698,5502.14,17239403,14019438,0
2022-03-27,574,7163480,528,6266036,29,583419,1314,3161675,203,59761,1519,3229014,0,46,2650,5462.57,17242053,14020571,0
2022-03-28,1073,7164553,1170,6267206,69,583488,2443,3164118,366,60127,2827,3231841,0,46,5139,5269.43,17247192,14022901,0
2022-03-29,1044,7165597,1106,6268312,84,583572,2516,3166634,886,61013,3422,3235263,1,47,5656,5182.86,17252848,14025154,0
2022-03-30,1236,7166833,1139,6269451,98,583670,3065,3169699,3412,64425,6566,3241829,0,47,9039,5618.43,17261887,14027716,0
2022-03-31,1274,7168107,1250,6270701,57,583727,3164,3172863,5531,69956,8833,3250662,0,47,11415,6477.43,17273302,14030436,0
2022-04-01,1423,7169530,1487,6272188,77,583804,3244,3176107,6922,76878,10324,3260986,0,47,13311,7415.43,17286613,14033581,0
2022-04-02,906,7170436,910,6273098,33,583837,2087,3178194,4540,81418,6723,3267709,0,47,8572,7968.86,17295185,14035526,0
2022-04-03,553,7170989,492,6273590,28,583865,1221,3179415,3058,84476,4342,3272051,0,47,5415,8363.86,17300600,14036662,0
2022-04-04,1346,7172335,1303,6274893,62,583927,2720,3182135,7721,92197,10596,3282647,0,47,13307,9530.71,17313907,14039528,0
2022-04-05,1292,7173627,1154,6276047,66,583993,2845,3184980,7500,99697,10520,3293167,0,47,13032,10584.43,17326939,14042215,0
2022-04-06,1330,7174957,1175,6277222,61,584054,2625,3187605,6964,106661,9751,3302918,0,47,12317,11052.71,17339256,14044943,0
2022-04-07,1202,7176159,1061,6278283,57,584111,2377,3189982,6627,113288,9150,3312068,1,48,11471,11060.71,17350727,14047409,0
2022-04-08,1473,7177632,1409,6279692,61,584172,3167,3193149,8790,122078,12155,3324223,0,48,15098,11316,17365825,14050550,0
2022-04-09,908,7178540,924,6280616,29,584201,2080,3195229,4957,127035,7123,3331346,0,48,8984,11374.86,17374809,14052497,0
2022-04-10,575,7179115,461,6281077,25,584226,1167,3196396,2901,129936,4131,3335477,0,48,5192,11343,17380001,14053621,0
2022-04-11,1306,7180421,1225,6282302,61,584287,2653,3199049,7840,137776,10647,3346124,0,48,13239,11333.29,17393240,14056367,0
2022-04-12,1213,7181634,1055,6283357,73,584360,2521,3201570,7446,145222,10140,3356264,0,48,12481,11254.57,17405721,14058881,0
2022-04-13,1229,7182863,1074,6284431,60,584420,2512,3204082,7550,152772,10212,3366476,0,48,12575,11291.43,17418296,14061394,0
2022-04-14,1261,7184124,1095,6285526,58,584478,2442,3206524,6599,159371,9169,3375645,1,49,11584,11307.57,17429880,14063936,0
2022-04-15,1333,7185457,1093,6286619,53,584531,2555,3209079,6634,166005,9320,3384965,0,49,11799,10836.29,17441679,14066546,0
2022-04-16,855,7186312,652,6287271,34,584565,1642,3210721,3693,169698,5401,3390366,0,49,6942,10544.57,17448621,14068153,0
2022-04-17,345,7186657,201,6287472,27,584592,637,3211358,1159,170857,1819,3392185,0,49,2392,10144.57,17451013,14068749,0
2022-04-18,1378,7188035,1112,6288584,82,584674,2583,3213941,6419,177276,9142,3401327,0,49,11714,9926.71,17462727,14071461,0
2022-04-19,1410,7189445,935,6289519,71,584745,2574,3216515,5763,183039,8438,3409765,0,49,10854,9694.29,17473581,14073978,0
2022-04-20,1297,7190742,1150,6290669,65,584810,2711,3219226,6649,189688,9502,3419267,0,49,12014,9614.14,17485595,14076632,0
2022-04-21,1224,7191966,1061,6291730,53,584863,2339,3221565,5397,195085,7855,3427122,1,50,10194,9415.57,17495789,14079089,0
2022-04-22,1233,7193199,1040,6292770,46,584909,2240,3223805,5784,200869,8138,3435260,0,50,10457,9223.86,17506246,14081522,0
2022-04-23,710,7193909,750,6293520,59,584968,1428,3225233,3352,204221,4846,3440106,0,50,6365,9141.43,17512611,14083107,0
2022-04-24,445,7194354,343,6293863,27,584995,812,3226045,1844,206065,2691,3442797,0,50,3506,9300.57,17516117,14083957,0
2022-04-25,1037,7195391,917,6294780,64,585059,1851,3227896,5092,211157,7056,3449853,0,50,9074,8923.43,17525191,14086088,0
2022-04-26,948,7196339,857,6295637,76,585135,1747,3229643,4697,215854,6539,3456392,0,50,8420,8575.71,17533611,14088064,0
2022-04-27,1034,7197373,1021,6296658,80,585215,1926,3231569,5215,221069,7264,3463656,0,50,9399,8202.14,17543010,14090322,0
2022-04-28,1081,7198454,988,6297646,50,585265,2006,3233575,4746,225815,6865,3470521,0,50,8985,8029.43,17551995,14092555,0
2022-04-29,1173,7199627,1102,6298748,60,585325,2156,3235731,5435,231250,7706,3478227,0,50,10041,7970,17562036,14095005,0
2022-04-30,724,7200351,744,6299492,50,585375,1391,3237122,2967,234217,4404,3482631,0,50,5922,7906.71,17567958,14096569,0
2022-05-01,445,7200796,366,6299858,20,585395,766,3237888,1656,235873,2454,3485085,0,50,3285,7875.14,17571243,14097432,0
2022-05-02,1045,7201841,792,6300650,52,585447,1678,3239566,3819,239692,5567,3490652,2,52,7457,7644.14,17578700,14099390,0
2022-05-03,1117,7202958,863,6301513,61,585508,1994,3241560,4872,244564,6963,3497615,0,52,9004,7727.57,17587704,14101528,0
2022-05-04,1003,7203961,882,6302395,48,585556,1927,3243487,4681,249245,6698,3504313,0,52,8631,7617.86,17596335,14103551,0
2022-05-05,1072,7205033,953,6303348,86,585642,1927,3245414,4884,254129,6910,3511223,0,52,9021,7623,17605356,14105761,0
2022-05-06,1095,7206128,957,6304305,51,585693,1859,3247273,4403,258532,6339,3517562,2,54,8442,7394.57,17613798,14107939,0
2022-05-07,659,7206787,591,6304896,32,585725,1205,3248478,2435,260967,3679,3521241,1,55,4961,7257.29,17618759,14109259,0
2022-05-08,411,7207198,243,6305139,17,585742,664,3249142,1389,262356,2075,3523316,0,55,2746,7180.29,17621505,14109952,0
2022-05-09,1077,7208275,943,6306082,60,585802,1893,3251035,4433,266789,6417,3529733,0,55,8497,7328.86,17630002,14112123,0
2022-05-10,1095,7209370,929,6307011,54,585856,1979,3253014,4721,271510,6807,3536540,0,55,8885,7311.86,17638887,14114308,0
2022-05-11,1084,7210454,972,6307983,44,585900,1943,3254957,4843,276353,6887,3543427,0,55,8987,7362.71,17647874,14116509,0
2022-05-12,1098,7211552,949,6308932,60,585960,2002,3256959,4665,281018,6768,3550195,0,55,8875,7341.86,17656749,14118717,0
2022-05-13,1153,7212705,1039,6309971,44,586004,2075,3259034,4811,285829,6978,3557173,0,55,9214,7452.14,17665963,14121045,0
2022-05-14,825,7213530,671,6310642,31,586035,1469,3260503,2955,288784,4466,3561639,0,55,5993,7599.57,17671956,14122614,0
2022-05-15,508,7214038,355,6310997,22,586057,924,3261427,1649,290433,2600,3564239,0,55,3485,7705.14,17675441,14123526,0
2022-05-16,1226,7215264,854,6311851,62,586119,1832,3263259,3868,294301,5763,3570002,1,56,7906,7620.71,17683347,14125731,0
2022-05-17,1285,7216549,932,6312783,79,586198,2047,3265306,4897,299198,7039,3577041,1,57,9336,7685.14,17692683,14128122,0
2022-05-18,1236,7217785,900,6313683,82,586280,2062,3267368,4945,304143,7119,3584160,1,58,9338,7735.29,17702021,14130452,0
2022-05-19,1157,7218942,881,6314564,36,586316,2118,3269486,4731,308874,6935,3591095,0,58,9009,7754.43,17711030,14132612,0
2022-05-20,1197,7220139,959,6315523,73,586389,2369,3271855,5211,314085,7692,3598787,1,59,9924,7855.86,17720954,14134955,0
2022-05-21,829,7220968,647,6316170,23,586412,1730,3273585,3307,317392,5098,3603885,0,59,6597,7942.14,17727551,14136515,0
2022-05-22,506,7221474,292,6316462,22,586434,1136,3274721,1841,319233,3010,3606895,0,59,3830,7991.43,17731381,14137368,0
2022-05-23,1217,7222691,885,6317347,52,586486,2190,3276911,4712,323945,7002,3613897,1,60,9157,8170.14,17740538,14139622,0
2022-05-24,1405,7224096,935,6318282,66,586552,2306,3279217,4492,328437,6901,3620798,0,60,9308,8166.14,17749846,14142132,0
2022-05-25,1411,7225507,955,6319237,56,586608,2264,3281481,4275,332712,6640,3627438,0,60,9063,8126.86,17758909,14144656,0
2022-05-26,1169,7226676,890,6320127,60,586668,2272,3283753,4154,336866,6495,3633933,1,61,8616,8070.71,17767525,14146845,0
2022-05-27,1243,7227919,957,6321084,38,586706,2498,3286251,3924,340790,6498,3640431,0,61,8737,7901.14,17776262,14149160,0
2022-05-28,711,7228630,517,6321601,19,586725,1786,3288037,2064,342854,3890,3644321,0,61,5137,7692.57,17781399,14150447,0
2022-05-29,472,7229102,216,6321817,11,586736,760,3288797,1126,343980,1906,3646227,0,61,2605,7517.57,17784004,14151166,0
2022-05-30,91,7229193,62,6321879,6,586742,139,3288936,144,344124,285,3646512,1,62,445,6273,17784449,14151327,0
2022-05-31,1135,7230328,918,6322797,51,586793,1901,3290837,3055,347179,5016,3651528,0,62,7120,5960.43,17791569,14153491,0
2022-06-01,1153,7231481,850,6323647,63,586856,1973,3292810,3430,350609,5477,3657005,0,62,7543,5743.29,17799112,14155631,0
2022-06-02,1029,7232510,798,6324445,72,586928,1829,3294639,3176,353785,5066,3662071,0,62,6965,5507.43,17806077,14157591,0
2022-06-03,1160,7233670,894,6325339,47,586975,2068,3296707,3499,357284,5633,3667704,0,62,7734,5364.14,17813811,14159758,0
2022-06-04,722,7234392,585,6325924,26,587001,1559,3298266,1907,359191,3501,3671205,0,62,4836,5321.14,17818647,14161128,0
2022-06-05,448,7234840,297,6326221,1,587002,880,3299146,981,360172,1870,3673075,0,62,2616,5322.71,17821263,14161883,0
2022-06-06,1123,7235963,826,6327047,64,587066,1757,3300903,2747,362919,4554,3677629,0,62,6567,6197.29,17827830,14163946,0
2022-06-07,1019,7236982,771,6327818,70,587136,1798,3302701,2568,365487,4413,3682042,0,62,6274,6076.43,17834104,14165854,0
2022-06-08,1093,7238075,834,6328652,75,587211,1877,3304578,2753,368240,4692,3686734,1,63,6694,5955.14,17840798,14167917,0
2022-06-09,1139,7239214,838,6329490,62,587273,2230,3306808,2693,370933,4976,3691710,0,63,7015,5962.29,17847813,14170009,0
2022-06-10,1046,7240260,817,6330307,75,587348,1880,3308688,2832,373765,4769,3696479,0,63,6707,5815.57,17854520,14172004,0
2022-06-11,678,7240938,508,6330815,25,587373,1333,3310021,1504,375269,2864,3699343,0,63,4075,5706.86,17858595,14173242,0
2022-06-12,351,7241289,287,6331102,21,587394,877,3310898,773,376042,1660,3701003,0,63,2319,5664.43,17860914,14173911,0
2022-06-13,1029,7242318,769,6331871,62,587456,1580,3312478,2188,378230,3808,3704811,0,63,5669,5536.14,17866583,14175812,0
2022-06-14,973,7243291,832,6332703,64,587520,1693,3314171,2506,380736,4260,3709071,0,63,6129,5515.43,17872712,14177742,0
2022-06-15,969,7244260,865,6333568,39,587559,1667,3315838,2426,383162,4152,3713223,0,63,6025,5419.86,17878737,14179674,0
2022-06-16,961,7245221,775,6334343,59,587618,1834,3317672,2370,385532,4257,3717480,1,64,6052,5282.29,17884789,14181521,0
2022-06-17,899,7246120,798,6335141,48,587666,1773,3319445,2403,387935,4220,3721700,0,64,5966,5176.43,17890755,14183311,0
2022-06-18,658,7246778,521,6335662,26,587692,1284,3320729,1297,389232,2609,3724309,1,65,3814,5139.14,17894569,14184543,0
2022-06-19,346,7247124,232,6335894,16,587708,728,3321457,610,389842,1350,3725659,0,65,1944,5085.57,17896513,14185149,0
2022-06-20,832,7247956,487,6336381,41,587749,1578,3323035,1613,391455,3229,3728888,0,65,4589,4931.29,17901102,14186547,0
2022-06-21,1133,7249089,741,6337122,49,587798,1698,3324733,2144,393599,3898,3732786,0,65,5822,4887.43,17906924,14188527,0
2022-06-22,1960,7251049,833,6337955,46,587844,1710,3326443,1996,395595,3749,3736535,0,65,6588,4967.86,17913512,14191409,0
2022-06-23,2118,7253167,763,6338718,65,587909,1702,3328145,2156,397751,3910,3740445,0,65,6856,5082.71,17920368,14194407,0
2022-06-24,2170,7255337,761,6339479,48,587957,1625,3329770,2157,399908,3830,3744275,0,65,6809,5203.14,17927177,14197434,0
2022-06-25,2138,7257475,497,6339976,15,587972,1238,3331008,1143,401051,2396,3746671,0,65,5049,5379.57,17932226,14200102,0
2022-06-26,1209,7258684,248,6340224,14,587986,687,3331695,532,401583,1225,3747896,0,65,2696,5487,17934922,14201579,0
2022-06-27,1532,7260216,652,6340876,60,588046,1473,3333168,1654,403237,3168,3751064,0,65,5413,5604.71,17940335,14203865,0
2022-06-28,1693,7261909,829,6341705,57,588103,1863,3335031,2142,405379,4050,3755114,0,65,6629,5720,17946964,14206489,0
2022-06-29,1858,7263767,775,6342480,48,588151,1719,3336750,1926,407305,3685,3758799,0,65,6366,5688.29,17953330,14209210,0
2022-06-30,1868,7265635,806,6343286,46,588197,1735,3338485,2134,409439,3913,3762712,0,65,6633,5656.43,17959963,14211974,0
2022-07-01,1605,7267240,597,6343883,26,588223,1396,3339881,1728,411167,3157,3765869,0,65,5385,5453,17965348,14214235,0
2022-07-02,979,7268219,389,6344272,18,588241,841,3340722,940,412107,1799,3767668,0,65,3185,5186.71,17968533,14215639,0
2022-07-03,530,7268749,204,6344476,7,588248,461,3341183,486,412593,950,3768618,0,65,1691,5043.14,17970224,14216383,0
2022-07-04,36,7268785,25,6344501,1,588249,31,3341214,38,412631,69,3768687,0,65,131,4288.57,17970355,14216445,0
2022-07-05,1296,7270081,758,6345259,35,588284,1406,3342620,1737,414368,3174,3771861,0,65,5263,4093.43,17975618,14218565,0
2022-07-06,1613,7271694,678,6345937,44,588328,1443,3344063,1842,416210,3326,3775187,0,65,5661,3992.71,17981279,14220941,0
2022-07-07,1592,7273286,712,6346649,48,588376,1526,3345589,2003,418213,3568,3778755,0,65,5920,3890.86,17987199,14223332,0
2022-07-08,1633,7274919,651,6347300,37,588413,1475,3347064,1979,420192,3503,3782258,0,65,5825,3953.71,17993024,14225703,0
2022-07-09,984,7275903,434,6347734,26,588439,883,3347947,1349,421541,2263,3784521,0,65,3707,4028.29,17996731,14227178,0
2022-07-10,637,7276540,187,6347921,17,588456,430,3348377,659,422200,1099,3785620,0,65,1940,4063.86,17998671,14228029,0
2022-07-11,1395,7277935,636,6348557,49,588505,1445,3349822,2213,424413,3692,3789312,0,65,5772,4869.71,18004443,14230143,0
2022-07-12,1407,7279342,687,6349244,45,588550,1405,3351227,2514,426927,3993,3793305,0,65,6132,4993.86,18010575,14232356,0
2022-07-13,1618,7280960,724,6349968,37,588587,1522,3352749,2840,429767,4427,3797732,0,65,6806,5157.43,18017381,14234800,0
2022-07-14,1588,7282548,842,6350810,47,588634,1606,3354355,3064,432831,4747,3802479,0,65,7225,5343.86,18024606,14237355,0
2022-07-15,1615,7284163,938,6351748,47,588681,1577,3355932,3054,435885,4690,3807169,0,65,7290,5553.14,18031896,14240014,0
2022-07-16,883,7285046,586,6352334,9,588690,985,3356917,1700,437585,2715,3809884,1,66,4194,5622.71,18036090,14241522,0
2022-07-17,550,7285596,289,6352623,16,588706,526,3357443,1169,438754,1719,3811603,0,66,2574,5713.29,18038664,14242401,0
2022-07-18,1405,7287001,844,6353467,45,588751,1429,3358872,2468,441222,3953,3815556,0,66,6247,5781.14,18044911,14244751,0
2022-07-19,1439,7288440,976,6354443,51,588802,1543,3360415,2805,444027,4441,3819997,0,66,6907,5891.86,18051818,14247310,0
2022-07-20,1383,7289823,1485,6355928,50,588852,1352,3361767,2395,446422,3808,3823805,0,66,6727,5880.57,18058545,14250290,0
2022-07-21,1334,7291157,1436,6357364,50,588902,1396,3363163,2364,448786,3808,3827613,0,66,6628,5795.29,18065173,14253158,0
2022-07-22,1429,7292586,1569,6358933,41,588943,1564,3364727,2854,451640,4501,3832114,0,66,7540,5831,18072713,14256280,0
2022-07-23,908,7293494,1102,6360035,17,588960,997,3365724,1555,453195,2587,3834701,3,69,4617,5891.43,18077330,14258342,0
2022-07-24,483,7293977,642,6360677,14,588974,504,3366228,805,454000,1317,3836018,0,69,2457,5874.71,18079787,14259490,0
2022-07-25,1230,7295207,766,6361443,59,589033,1263,3367491,2063,456063,3380,3839398,0,69,5435,5758.71,18085222,14261599,0
2022-07-26,1234,7296441,1024,6362467,41,589074,1478,3368969,2445,458508,3981,3843379,0,69,6280,5669.14,18091502,14263956,0
2022-07-27,1321,7297762,1279,6363746,42,589116,1394,3370363,2190,460698,3645,3847024,2,71,6290,5606.71,18097792,14266660,0
2022-07-28,1312,7299074,1423,6365169,72,589188,1425,3371788,2217,462915,3692,3850716,1,72,6500,5588.43,18104292,14269517,0
2022-07-29,1319,7300393,1432,6366601,64,589252,1360,3373148,2159,465074,3562,3854278,0,72,6377,5422.29,18110669,14272375,0
2022-07-30,739,7301132,720,6367321,25,589277,795,3373943,962,466036,1777,3856055,0,72,3264,5229,18113933,14273882,0
2022-07-31,422,7301554,590,6367911,14,589291,488,3374431,571,466607,1065,3857120,0,72,2091,5176.71,18116024,14274914,0
2022-08-01,1245,7302799,911,6368822,55,589346,1333,3375764,1510,468117,2889,3860009,1,73,5101,5129,18121125,14277171,0
2022-08-02,1230,7304029,1016,6369838,73,589419,1350,3377114,1599,469716,2994,3863003,0,73,5313,4990.86,18126438,14279535,0
2022-08-03,1265,7305294,1190,6371028,41,589460,1343,3378457,1532,471248,2914,3865917,1,74,5411,4865.29,18131849,14282070,0
2022-08-04,1192,7306486,1189,6372217,57,589517,1288,3379745,1459,472707,2777,3868694,0,74,5215,4681.71,18137064,14284538,0
2022-08-05,1318,7307804,1451,6373668,49,589566,1315,3381060,1441,474148,2780,3871474,0,74,5598,4570.43,18142662,14287380,0
2022-08-06,696,7308500,843,6374511,14,589580,766,3381826,777,474925,1568,3873042,0,74,3122,4550.14,18145784,14288959,0
2022-08-07,390,7308890,455,6374966,14,589594,426,3382252,358,475283,795,3873837,0,74,1654,4487.71,18147438,14289829,0
2022-08-08,1195,7310085,932,6375898,70,589664,1277,3383529,1184,476467,2491,3876328,0,74,4688,4428.71,18152126,14292056,0
2022-08-09,1136,7311221,893,6376791,38,589702,1231,3384760,1160,477627,2423,3878751,1,75,4491,4311.29,18156617,14294155,0
2022-08-10,1221,7312442,1115,6377906,59,589761,1261,3386021,1247,478874,2543,3881294,0,75,4938,4243.71,18161555,14296585,0
2022-08-11,1282,7313724,1069,6378975,84,589845,1213,3387234,1279,480153,2530,3883824,0,75,4965,4208,18166520,14299058,0
2022-08-12,1295,7315019,1409,6380384,55,589900,1268,3388502,1248,481401,2548,3886372,0,75,5307,4166.43,18171827,14301849,0
2022-08-13,759,7315778,789,6381173,15,589915,766,3389268,632,482033,1416,3887788,0,75,2979,4146,18174806,14303430,0
2022-08-14,470,7316248,476,6381649,20,589935,406,3389674,282,482315,691,3888479,0,75,1657,4146.43,18176463,14304399,0
2022-08-15,1247,7317495,1066,6382715,60,589995,1317,3390991,990,483305,2348,3890827,1,76,4722,4151.29,18181185,14306813,0
2022-08-16,1308,7318803,870,6383585,50,590045,1367,3392358,1079,484384,2478,3893305,0,76,4707,4182.14,18185892,14309074,0
2022-08-17,1213,7320016,959,6384544,39,590084,1236,3393594,1005,485389,2280,3895585,1,77,4492,4118.43,18190384,14311324,0
2022-08-18,1168,7321184,946,6385490,45,590129,1268,3394862,948,486337,2241,3897826,0,77,4400,4037.71,18194784,14313508,0
2022-08-19,1257,7322441,1134,6386624,34,590163,1120,3395982,979,487316,2129,3899955,6,83,4560,3931,18199344,14315963,0
2022-08-20,591,7323032,494,6387118,16,590179,636,3396618,514,487830,1163,3901118,1,84,2265,3829,18201609,14317077,0
2022-08-21,358,7323390,243,6387361,9,590188,382,3397000,267,488097,652,3901770,0,84,1262,3772.57,18202871,14317690,0
2022-08-22,1221,7324611,924,6388285,40,590228,1237,3398237,889,488986,2153,3903923,0,84,4338,3717.71,18207209,14319902,0
2022-08-23,1242,7325853,1050,6389335,48,590276,1383,3399620,962,489948,2373,3906296,3,87,4716,3719,18211925,14322270,0
2022-08-24,1267,7327120,1016,6390351,29,590305,1296,3400916,821,490769,2143,3908439,0,87,4456,3713.86,18216381,14324609,0
2022-08-25,1222,7328342,995,6391346,66,590371,1191,3402107,813,491582,2020,3910459,4,91,4306,3700.43,18220687,14326907,0
2022-08-26,1188,7329530,1179,6392525,56,590427,1193,3403300,780,492362,1994,3912453,1,92,4417,3680,18225104,14329350,0
2022-08-27,695,7330225,542,6393067,14,590441,685,3403985,404,492766,1102,3913555,3,95,2356,3693,18227460,14330614,0
2022-08-28,380,7330605,238,6393305,10,590451,442,3404427,228,492994,673,3914228,0,95,1301,3698.57,18228761,14331245,0
2022-08-29,1257,7331862,982,6394287,41,590492,1225,3405652,688,493682,1934,3916162,0,95,4215,3681,18232976,14333547,0
2022-08-30,1268,7333130,941,6395228,36,590528,1274,3406926,766,494448,2071,3918233,2,97,4318,3624.14,18237294,14335823,0
2022-08-31,1154,7334284,1014,6396242,43,590571,1106,3408032,573,495021,1700,3919933,0,97,3912,3546.43,18241206,14338056,0
2022-09-01,1026,7335310,962,6397204,51,590622,810,3408842,456,495477,1280,3921213,5,102,3325,3406.29,18244531,14340110,0
2022-09-02,977,7336287,1021,6398225,32,590654,594,3409436,175,495652,776,3921989,92,194,2883,3187.14,18247414,14342132,0
2022-09-03,532,7336819,449,6398674,12,590666,370,3409806,49,495701,423,3922412,314,508,1681,3090.71,18249095,14343080,0
2022-09-04,252,7337071,212,6398886,10,590676,189,3409995,25,495726,216,3922628,312,820,959,3041.86,18250054,14343513,0
2022-09-05,78,7337149,71,6398957,7,590683,44,3410039,16,495742,61,3922689,9,829,226,2472,18250280,14343670,0
2022-09-06,1129,7338278,1229,6400186,51,590734,634,3410673,130,495872,773,3923462,1269,2098,4231,2459.57,18254511,14345868,0
2022-09-07,1474,7339752,1383,6401569,38,590772,483,3411156,155,496027,658,3924120,6447,8545,9118,3203.29,18263629,14347901,0
2022-09-08,1525,7341277,1197,6402766,36,590808,253,3411409,111,496138,380,3924500,7796,16341,9816,4130.57,18273445,14349557,0
2022-09-09,1554,7342831,1612,6404378,49,590857,284,3411693,122,496260,437,3924937,9891,26232,12373,5486.29,18285818,14351633,0
2022-09-10,846,7343677,839,6405217,12,590869,270,3411963,45,496305,328,3925265,5316,31548,6758,6211.57,18292576,14352760,0
2022-09-11,494,7344171,441,6405658,11,590880,86,3412049,30,496335,125,3925390,3942,35490,4530,6721.71,18297106,14353232,0
2022-09-12,1676,7345847,1438,6407096,39,590919,205,3412254,91,496426,330,3925720,11657,47147,13537,8623.29,18310643,14354816,0
2022-09-13,1400,7347247,1274,6408370,33,590952,220,3412474,116,496542,385,3926105,9734,56881,11734,9695.14,18322377,14356480,0
2022-09-14,1409,7348656,1271,6409641,31,590983,225,3412699,123,496665,387,3926492,11027,67908,13070,10259.71,18335447,14358175,0
2022-09-15,1566,7350222,1284,6410925,22,591005,227,3412926,112,496777,374,3926866,12084,79992,14109,10873,18349556,14359861,0
2022-09-16,1688,7351910,1633,6412558,27,591032,270,3413196,157,496934,482,3927348,13803,93795,16264,11428.86,18365820,14361895,0
2022-09-17,801,7352711,868,6413426,12,591044,274,3413470,77,497011,374,3927722,7001,100796,8408,11664.57,18374228,14362951,0
2022-09-18,523,7353234,411,6413837,7,591051,74,3413544,26,497037,113,3927835,4482,105278,4975,11728.14,18379203,14363344,0
2022-09-19,1555,7354789,1324,6415161,29,591080,227,3413771,97,497134,350,3928185,13813,119091,15515,12010.71,18394718,14364722,0
2022-09-20,1442,7356231,1252,6416413,27,591107,221,3413992,90,497224,359,3928544,13215,132306,15015,12479.43,18409733,14366211,0
2022-09-21,1668,7357899,1351,6417764,31,591138,261,3414253,131,497355,426,3928970,14936,147242,16843,13018.43,18426576,14367726,0
2022-09-22,1472,7359371,1262,6419026,28,591166,174,3414427,139,497494,360,3929330,13226,160468,15048,13152.57,18441624,14369235,0
2022-09-23,1741,7361112,1654,6420680,24,591190,252,3414679,145,497639,460,3929790,16946,177414,19248,13578.86,18460872,14371140,0
2022-09-24,801,7361913,887,6421567,8,591198,272,3414951,68,497707,359,3930149,7503,184917,8852,13642.29,18469724,14372149,0
2022-09-25,485,7362398,395,6421962,1,591199,72,3415023,47,497754,128,3930277,4509,189426,4996,13645.29,18474720,14372517,0
2022-09-26,1573,7363971,1245,6423207,16,591215,289,3415312,144,497898,490,3930767,15013,204439,16711,13816.14,18491431,14373782,0
2022-09-27,1538,7365509,1310,6424517,26,591241,283,3415595,174,498072,493,3931260,14159,218598,16153,13978.71,18507584,14375319,0
2022-09-28,1618,7367127,1301,6425818,18,591259,190,3415785,186,498258,430,3931690,15513,234111,17289,14042.43,18524873,14376719,0
2022-09-29,1681,7368808,1300,6427118,19,591278,177,3415962,101,498359,315,3932005,15372,249483,17224,14353.29,18542097,14378293,0
2022-09-30,1645,7370453,1554,6428672,13,591291,181,3416143,177,498536,404,3932409,16486,265969,18653,14268.29,18560750,14380102,0
2022-10-01,721,7371174,668,6429340,5,591296,138,3416281,35,498571,182,3932591,7049,273018,7940,14138,18568690,14380820,0
2022-10-02,512,7371686,429,6429769,5,591301,48,3416329,45,498616,107,3932698,4428,277446,4838,14115.43,18573528,14381137,0
2022-10-03,1553,7373239,1192,6430961,23,591324,156,3416485,112,498728,315,3933013,14569,292015,15972,14009.86,18589500,14382272,0
2022-10-04,1380,7374619,1156,6432117,15,591339,150,3416635,120,498848,298,3933311,13399,305414,14792,13815.43,18604292,14383395,0
2022-10-05,1593,7376212,1287,6433404,17,591356,283,3416918,164,499012,500,3933811,14866,320280,16690,13729.86,18620982,14384772,0
2022-10-06,1492,7377704,1250,6434654,19,591375,166,3417084,161,499173,385,3934196,14955,335235,16617,13643.14,18637599,14386107,0
2022-10-07,1661,7379365,1427,6436081,15,591390,171,3417255,135,499308,367,3934563,17104,352339,19061,13701.43,18656660,14387758,0
2022-10-08,763,7380128,680,6436761,4,591394,146,3417401,62,499370,225,3934788,7706,360045,8633,13800.43,18665293,14388477,0
2022-10-09,491,7380619,410,6437171,5,591399,47,3417448,56,499426,121,3934909,4694,364739,5120,13840.71,18670413,14388800,0
2022-10-10,1548,7382167,1250,6438421,14,591413,174,3417622,120,499546,333,3935242,15204,379943,16506,13917,18686919,14389808,0
2022-10-11,1640,7383807,1104,6439525,19,591432,178,3417800,154,499700,388,3935630,14319,394262,15853,14068.57,18702772,14391010,0
2022-10-12,1867,7385674,1322,6440847,17,591449,134,3417934,186,499886,387,3936017,16277,410539,17880,14238.57,18720652,14392293,0
2022-10-13,1619,7387293,1150,6441997,28,591477,135,3418069,200,500086,406,3936423,14039,424578,15572,14089.29,18736224,14393491,0
2022-10-14,1817,7389110,1542,6443539,25,591502,130,3418199,179,500265,362,3936785,17202,441780,19184,14106.86,18755408,14395164,0
2022-10-15,768,7389878,639,6444178,9,591511,90,3418289,68,500333,179,3936964,7609,449389,8465,14082.86,18763873,14395862,0
2022-10-16,565,7390443,411,6444589,3,591514,25,3418314,65,500398,121,3937085,4726,454115,5169,14089.86,18769042,14396215,0
2022-10-17,1819,7392262,1251,6445840,18,591532,82,3418396,116,500514,235,3937320,16072,470187,17392,14216.43,18786434,14397337,0
2022-10-18,1691,7393953,1171,6447011,20,591552,102,3418498,139,500653,288,3937608,14634,484821,16013,14239.29,18802447,14398475,0
2022-10-19,2093,7396046,1329,6448340,21,591573,84,3418582,142,500795,289,3937897,16231,501052,17704,14214.14,18820151,14399722,0
2022-10-20,1690,7397736,1168,6449508,11,591584,88,3418670,152,500947,307,3938204,15395,516447,16850,14396.71,18837001,14400937,0
2022-10-21,1806,7399542,1348,6450856,12,591596,93,3418763,150,501097,299,3938503,16737,533184,18405,14285.43,18855406,14402362,0
2022-10-22,745,7400287,667,6451523,9,591605,44,3418807,46,501143,100,3938603,7687,540871,8415,14278.29,18863821,14403000,0
2022-10-23,521,7400808,369,6451892,3,591608,21,3418828,39,501182,69,3938672,4804,545675,5081,14265.71,18868902,14403217,0
2022-10-24,1747,7402555,1211,6453103,19,591627,71,3418899,112,501294,224,3938896,15556,561231,16843,14187.29,18885745,14404321,0
2022-10-25,1663,7404218,1189,6454292,12,591639,94,3418993,110,501404,233,3939129,15039,576270,16341,14234.14,18902086,14405419,0
2022-10-26,1857,7406075,1329,6455621,11,591650,90,3419083,171,501575,339,3939468,16812,593082,18286,14317.29,18920372,14406632,0
2022-10-27,1586,7407661,1075,6456696,13,591663,95,3419178,139,501714,288,3939756,15085,608167,16406,14253.86,18936778,14407719,0
2022-10-28,1703,7409364,1423,6458119,17,591680,107,3419285,153,501867,318,3940074,16765,624932,18571,14277.57,18955349,14409265,0
2022-10-29,697,7410061,544,6458663,9,591689,69,3419354,57,501924,140,3940214,7739,632671,8409,14276.71,18963758,14409809,0
2022-10-30,521,7410582,304,6458967,3,591692,19,3419373,57,501981,92,3940306,4489,637160,4777,14233.29,18968535,14410021,0
2022-10-31,1679,7412261,1109,6460076,8,591700,47,3419420,127,502108,218,3940524,14587,651747,15534,14046.29,18984069,14410794,0
2022-11-01,1668,7413929,1022,6461098,18,591718,78,3419498,132,502240,241,3940765,13615,665362,14934,13845.29,18999003,14411903,0
2022-11-02,1742,7415671,1127,6462225,17,591735,91,3419589,122,502362,255,3941020,14873,680235,16145,13539.43,19015148,14412962,0
2022-11-03,1422,7417093,1035,6463260,14,591749,84,3419673,167,502529,328,3941348,12620,692855,13897,13181,19029045,14413988,0
2022-11-04,1741,7418834,1222,6464482,14,591763,101,3419774,141,502670,275,3941623,15433,708288,17032,12961.14,19046077,14415345,0
2022-11-05,826,7419660,533,6465015,6,591769,67,3419841,80,502750,161,3941784,7038,715326,7751,12867.14,19053828,14415911,0
2022-11-06,408,7420068,330,6465345,4,591773,20,3419861,49,502799,106,3941890,4071,719397,4411,12814.86,19058239,14416182,0
2022-11-07,1641,7421709,1072,6466417,14,591787,75,3419936,101,502900,212,3942102,13220,732617,14381,12650.14,19072620,14417167,0
2022-11-08,1534,7423243,1011,6467428,8,591795,97,3420033,131,503031,269,3942371,12065,744682,13328,12420.71,19085948,14418202,0
2022-11-09,1571,7424814,1058,6468486,9,591804,85,3420118,114,503145,246,3942617,12190,756872,13453,12036.14,19099401,14419266,0
2022-11-10,1485,7426299,1008,6469494,14,591818,73,3420191,147,503292,276,3942893,12277,769149,13553,11987,19112954,14420322,0
2022-11-11,1505,7427804,1078,6470572,11,591829,99,3420290,102,503394,222,3943115,12836,781985,14263,11591.43,19127217,14421548,0
2022-11-12,672,7428476,515,6471087,2,591831,57,3420347,61,503455,128,3943243,6429,788414,7047,11490.86,19134264,14422048,0
2022-11-13,497,7428973,341,6471428,4,591835,15,3420362,68,503523,98,3943341,3893,792307,4210,11462.14,19138474,14422282,0
2022-11-14,1447,7430420,1027,6472455,19,591854,59,3420421,114,503637,204,3943545,11628,803935,12742,11228,19151216,14423223,0
2022-11-15,1490,7431910,1002,6473457,15,591869,103,3420524,164,503801,292,3943837,11274,815209,12652,11131.43,19163868,14424334,0
2022-11-16,1607,7433517,1034,6474491,21,591890,67,3420591,146,503947,249,3944086,11557,826766,12805,11038.86,19176673,14425369,0
2022-11-17,1423,7434940,977,6475468,10,591900,72,3420663,189,504136,302,3944388,10534,837300,11863,10797.43,19188536,14426437,0
2022-11-18,1587,7436527,1103,6476571,12,591912,68,3420731,117,504253,215,3944603,12401,849701,13991,10758.57,19202527,14427842,0
2022-11-19,681,7437208,439,6477010,4,591916,57,3420788,63,504316,129,3944732,5910,855611,6567,10690,19209094,14428379,0
2022-11-20,474,7437682,308,6477318,4,591920,12,3420800,35,504351,64,3944796,3538,859149,3836,10636.57,19212930,14428630,0
2022-11-21,1524,7439206,921,6478239,4,591924,51,3420851,81,504432,149,3944945,10395,869544,11372,10440.86,19224302,14429475,0
2022-11-22,1274,7440480,818,6479057,7,591931,53,3420904,92,504524,163,3945108,9263,878807,10288,10103.14,19234590,14430355,0
2022-11-23,1293,7441773,735,6479792,11,591942,65,3420969,79,504603,170,3945278,8669,887476,9609,9646.57,19244199,14431151,0
2022-11-24,18,7441791,10,6479802,2,591944,0,3420969,6,504609,8,3945286,112,887588,137,7971.43,19244336,14431170,0
2022-11-25,679,7442470,474,6480276,13,591957,36,3421005,54,504663,109,3945395,5683,893271,6411,6888.57,19250747,14431808,0
2022-11-26,590,7443060,379,6480655,2,591959,15,3421020,43,504706,62,3945457,4896,898167,5330,6711.86,19256077,14432184,0
2022-11-27,399,7443459,219,6480874,1,591960,11,3421031,23,504729,49,3945506,3170,901337,3351,6642.57,19259428,14432331,0
2022-11-28,952,7444411,697,6481571,10,591970,57,3421088,65,504794,142,3945648,6945,908282,7908,6147.71,19267336,14433172,0
2022-11-29,928,7445339,708,6482279,8,591978,46,3421134,73,504867,145,3945793,6930,915212,7968,5816.29,19275304,14434091,0
2022-11-30,1213,7446552,868,6483147,16,591994,50,3421184,54,504921,123,3945916,8725,923937,9731,5833.71,19285035,14434993,0
2022-12-01,1130,7447682,767,6483914,11,592005,61,3421245,96,505017,184,3946100,8464,932401,9532,7175.86,19294567,14435904,0
2022-12-02,1317,7448999,973,6484887,14,592019,70,3421315,105,505122,194,3946294,10208,942609,11534,7907.71,19306101,14437055,0
2022-12-03,619,7449618,422,6485309,12,592031,42,3421357,42,505164,87,3946381,4946,947555,5471,7927.86,19311572,14437496,0
2022-12-04,418,7450036,283,6485592,4,592035,7,3421364,26,505190,40,3946421,3270,950825,3496,7948.57,19315068,14437689,0
2022-12-05,1165,7451201,769,6486361,15,592050,62,3421426,71,505261,149,3946570,8601,959426,9613,8192.14,19324681,14438568,0
2022-12-06,1173,7452374,768,6487129,13,592063,67,3421493,89,505350,174,3946744,8125,967551,9125,8357.43,19333806,14439412,0
2022-12-07,1214,7453588,751,6487880,12,592075,63,3421556,81,505431,164,3946908,8291,975842,9311,8297.43,19343117,14440288,0
2022-12-08,1106,7454694,740,6488620,14,592089,69,3421625,76,505507,165,3947073,8665,984507,9694,8320.57,19352811,14441172,0
2022-12-09,1238,7455932,971,6489591,13,592102,81,3421706,102,505609,209,3947282,10403,994910,11767,8353.86,19364578,14442353,0
2022-12-10,679,7456611,461,6490052,7,592109,38,3421744,76,505685,132,3947414,6139,1001049,6711,8531,19371289,14442811,0
2022-12-11,432,7457043,263,6490315,4,592113,11,3421755,35,505720,56,3947470,3683,1004732,3885,8586.57,19375174,14442967,0
2022-12-12,1337,7458380,803,6491118,19,592132,78,3421833,105,505825,208,3947678,9968,1014700,11014,8786.71,19386188,14443830,0
2022-12-13,1277,7459657,847,6491965,17,592149,54,3421887,102,505927,189,3947867,9691,1024391,10747,9018.43,19396935,14444730,0
2022-12-14,1197,7460854,830,6492795,12,592161,68,3421955,100,506027,195,3948062,9631,1034022,10613,9204.43,19407548,14445544,0
2022-12-15,1193,7462047,697,6493492,11,592172,61,3422016,109,506136,185,3948247,8437,1042459,9404,9163,19416952,14446341,0
2022-12-16,1203,7463250,805,6494297,12,592184,69,3422085,126,506262,217,3948464,9359,1051818,10531,8986.43,19427483,14447318,0
2022-12-17,656,7463906,461,6494758,8,592192,31,3422116,36,506298,80,3948544,5831,1057649,6303,8928.14,19433786,14447723,0
2022-12-18,441,7464347,230,6494988,2,592194,15,3422131,24,506322,49,3948593,3402,1061051,3609,8888.71,19437395,14447891,0
2022-12-19,1218,7465565,783,6495771,7,592201,55,3422186,84,506406,153,3948746,8907,1069958,9833,8720,19447228,14448678,0
2022-12-20,1214,7466779,761,6496532,18,592219,83,3422269,138,506544,277,3949023,8587,1078545,9719,8573.14,19456947,14449589,0
2022-12-21,1096,7467875,696,6497228,16,592235,54,3422323,95,506639,179,3949202,8282,1086827,9159,8365.43,19466106,14450317,0
2022-12-22,994,7468869,587,6497815,4,592239,44,3422367,73,506712,135,3949337,6936,1093763,7670,8117.71,19473776,14450934,0
2022-12-23,831,7469700,507,6498322,11,592250,41,3422408,58,506770,112,3949449,5915,1099678,6520,7544.71,19480296,14451440,0
2022-12-24,191,7469891,112,6498434,1,592251,2,3422410,15,506785,20,3949469,1378,1101056,1497,6858.14,19481793,14451542,0
2022-12-25,5,7469896,3,6498437,0,592251,0,3422410,0,506785,0,3949469,29,1101085,32,6347.14,19481825,14451545,0
2022-12-26,571,7470467,269,6498706,16,592267,18,3422428,22,506807,43,3949512,3298,1104383,3606,5457.57,19485431,14451813,0
2022-12-27,1089,7471556,606,6499312,13,592280,55,3422483,58,506865,122,3949634,7229,1111612,8027,5215.86,19493458,14452498,0
2022-12-28,1065,7472621,561,6499873,8,592288,56,3422539,63,506928,129,3949763,6986,1118598,7778,5018.57,19501236,14453171,0
2022-12-29,1016,7473637,584,6500457,9,592297,50,3422589,89,507017,162,3949925,6591,1125189,7418,4982.57,19508654,14453859,0
2022-12-30,952,7474589,538,6500995,9,592306,49,3422638,51,507068,110,3950035,6130,1131319,6854,5030.29,19515508,14454483,0
2022-12-31,306,7474895,167,6501162,4,592310,16,3422654,10,507078,29,3950064,1811,1133130,1987,5100.29,19517495,14454633,0
2023-01-01,15,7474910,9,6501171,0,592310,2,3422656,5,507083,7,3950071,54,1133184,77,5106.71,19517572,14454649,0
2023-01-02,653,7475563,328,6501499,10,592320,14,3422670,23,507106,43,3950114,3652,1136836,3997,5162.57,19521569,14454957,0
2023-01-03,968,7476531,591,6502090,9,592329,41,3422711,57,507163,110,3950224,5477,1142313,6262,4910.43,19527831,14455644,0
2023-01-04,1101,7477632,677,6502767,17,592346,50,3422761,63,507226,131,3950355,6176,1148489,7046,4805.86,19534877,14456401,0
2023-01-05,1011,7478643,588,6503355,23,592369,34,3422795,89,507315,142,3950497,5764,1154253,6692,4702.14,19541569,14457206,0
2023-01-06,1056,7479699,777,6504132,17,592386,50,3422845,81,507396,142,3950639,6496,1160749,7548,4801.29,19549117,14458127,0
2023-01-07,606,7480305,429,6504561,8,592394,22,3422867,34,507430,62,3950701,4455,1165204,4914,5219.43,19554031,14458530,0
2023-01-08,380,7480685,245,6504806,4,592398,12,3422879,29,507459,45,3950746,2556,1167760,2766,5603.57,19556797,14458699,0
2023-01-09,951,7481636,576,6505382,17,592415,52,3422931,41,507500,102,3950848,5602,1173362,6433,5951.57,19563230,14459437,0
2023-01-10,858,7482494,643,6506025,8,592423,49,3422980,84,507584,150,3950998,5330,1178692,6236,5947.86,19569466,14460210,0
2023-01-11,874,7483368,553,6506578,21,592444,46,3423026,68,507652,137,3951135,5156,1183848,5966,5793.57,19575432,14460906,0
2023-01-12,777,7484145,495,6507073,24,592468,53,3423079,120,507772,196,3951331,4530,1188378,5471,5619.14,19580903,14461674,0
2023-01-13,805,7484950,553,6507626,11,592479,69,3423148,58,507830,143,3951474,5368,1193746,6258,5434.86,19587161,14462437,0
2023-01-14,511,7485461,282,6507908,10,592489,27,3423175,31,507861,60,3951534,3225,1196971,3628,5251.14,19590789,14462782,0
2023-01-15,288,7485749,150,6508058,6,592495,15,3423190,22,507883,52,3951586,1792,1198763,1995,5141,19592784,14462948,0
2023-01-16,501,7486250,306,6508364,11,592506,31,3423221,27,507910,63,3951649,2767,1201530,3201,4679.29,19595985,14463324,0
2023-01-17,804,7487054,477,6508841,19,592525,49,3423270,74,507984,136,3951785,3832,1205362,4700,4459.86,19600685,14464069,0
2023-01-18,802,7487856,476,6509317,16,592541,48,3423318,61,508045,116,3951901,3724,1209086,4530,4254.71,19605215,14464766,0
2023-01-19,657,7488513,430,6509747,6,592547,50,3423368,34,508079,103,3952004,3161,1212247,3905,4031,19609120,14465426,0
2023-01-20,701,7489214,486,6510233,23,592570,39,3423407,39,508118,85,3952089,3735,1215982,4512,3781.57,19613632,14466125,0
2023-01-21,369,7489583,195,6510428,12,592582,20,3423427,12,508130,33,3952122,1886,1217868,2190,3576.14,19615822,14466397,0
2023-01-22,227,7489810,63,6510491,5,592587,0,3423427,2,508132,3,3952125,862,1218730,968,3429.43,19616790,14466501,0
2023-01-23,642,7490452,333,6510824,12,592599,14,3423441,45,508177,66,3952191,2708,1221438,3371,3453.71,19620161,14467105,0
2023-01-24,579,7491031,392,6511216,17,592616,36,3423477,33,508210,82,3952273,3053,1224491,3704,3311.43,19623865,14467687,0
2023-01-25,599,7491630,355,6511571,21,592637,32,3423509,40,508250,84,3952357,2690,1227181,3355,3143.57,19627220,14468280,0
2023-01-26,560,7492190,350,6511921,18,592655,35,3423544,51,508301,102,3952459,2693,1229874,3353,3064.71,19630573,14468854,0
2023-01-27,563,7492753,439,6512360,11,592666,34,3423578,47,508348,88,3952547,2815,1232689,3549,2927.14,19634122,14469507,0
2023-01-28,359,7493112,186,6512546,5,592671,24,3423602,39,508387,70,3952617,1586,1234275,1923,2889,19636045,14469781,0
2023-01-29,237,7493349,118,6512664,3,592674,12,3423614,10,508397,26,3952643,993,1235268,1146,2914.43,19637191,14469912,0
2023-01-30,596,7493945,392,6513056,18,592692,40,3423654,37,508434,80,3952723,2500,1237768,3215,2892.14,19640406,14470550,0
2023-01-31,504,7494449,353,6513409,12,592704,28,3423682,48,508482,88,3952811,2438,1240206,3056,2799.57,19643462,14471092,0
2023-02-01,476,7494925,333,6513742,15,592719,40,3423722,43,508525,91,3952902,2315,1242521,2945,2741,19646407,14471639,0
2023-02-02,465,7495390,345,6514087,13,592732,34,3423756,35,508560,77,3952979,2152,1244673,2769,2657.57,19649176,14472187,0
2023-02-03,540,7495930,394,6514481,12,592744,26,3423782,34,508594,67,3953046,2358,1247031,3051,2586.43,19652227,14472820,0
2023-02-04,241,7496171,154,6514635,10,592754,13,3423795,14,508608,28,3953074,1141,1248172,1394,2510.86,19653621,14473046,0
2023-02-05,202,7496373,96,6514731,0,592754,2,3423797,15,508623,19,3953093,854,1249026,972,2486,19654593,14473147,0
2023-02-06,595,7496968,310,6515041,9,592763,28,3423825,27,508650,64,3953157,2249,1251275,2823,2430,19657416,14473666,0
2023-02-07,477,7497445,364,6515405,4,592767,28,3423853,34,508684,70,3953227,2328,1253603,2925,2411.29,19660341,14474201,0
2023-02-08,451,7497896,321,6515726,4,592771,27,3423880,37,508721,70,3953297,2313,1255916,2875,2401.29,19663216,14474699,0
2023-02-09,479,7498375,348,6516074,3,592774,38,3423918,46,508767,98,3953395,2053,1257969,2706,2392.29,19665922,14475268,0
2023-02-10,495,7498870,389,6516463,2,592776,30,3423948,34,508801,88,3953483,2267,1260236,2952,2378.14,19668874,14475889,0
2023-02-11,295,7499165,197,6516660,7,592783,21,3423969,25,508826,47,3953530,1339,1261575,1657,2415.71,19670531,14476161,0
2023-02-12,180,7499345,81,6516741,0,592783,6,3423975,0,508826,10,3953540,702,1262277,814,2393.14,19671345,14476267,0
2023-02-13,444,7499789,294,6517035,4,592787,20,3423995,25,508851,49,3953589,1757,1264034,2315,2320.57,19673660,14476780,0
2023-02-14,396,7500185,273,6517308,6,592793,29,3424024,22,508873,56,3953645,1686,1265720,2215,2219.14,19675875,14477258,0
2023-02-15,403,7500588,290,6517598,10,592803,24,3424048,27,508900,63,3953708,1743,1267463,2256,2130.71,19678131,14477720,0
2023-02-16,355,7500943,240,6517838,4,592807,26,3424074,19,508919,50,3953758,1622,1269085,2087,2042.29,19680218,14478140,0
2023-02-17,391,7501334,309,6518147,3,592810,24,3424098,32,508951,63,3953821,1684,1270769,2245,1941.29,19682463,14478645,0
2023-02-18,192,7501526,114,6518261,5,592815,13,3424111,4,508955,18,3953839,993,1271762,1171,1871.86,19683634,14478806,0
2023-02-19,122,7501648,54,6518315,2,592817,6,3424117,6,508961,14,3953853,536,1272298,607,1842.29,19684241,14478865,0
2023-02-20,306,7501954,154,6518469,3,592820,8,3424125,17,508978,26,3953879,1152,1273450,1402,1711.86,19685643,14479090,0
2023-02-21,371,7502325,281,6518750,4,592824,25,3424150,33,509011,63,3953942,1519,1274969,2046,1687.71,19687689,14479559,0
2023-02-22,386,7502711,270,6519020,6,592830,39,3424189,26,509037,69,3954011,1629,1276598,2143,1671.57,19689832,14480008,0
2023-02-23,381,7503092,248,6519268,10,592840,25,3424214,30,509067,69,3954080,1461,1278059,1995,1658.43,19691827,14480487,0
2023-02-24,356,7503448,321,6519589,4,592844,30,3424244,25,509092,62,3954142,1705,1279764,2257,1660.14,19694084,14480984,0
2023-02-25,159,7503607,121,6519710,2,592846,9,3424253,13,509105,24,3954166,768,1280532,960,1630,19695044,14481154,0
2023-02-26,90,7503697,43,6519753,0,592846,7,3424260,4,509109,15,3954181,460,1280992,518,1617.29,19695562,14481201,0
2023-02-27,373,7504070,292,6520045,4,592850,30,3424290,20,509129,53,3954234,1481,1282473,1991,1701.43,19697553,14481661,0
2023-02-28,351,7504421,237,6520282,8,592858,30,3424320,27,509156,62,3954296,1304,1283777,1781,1663.57,19699334,14482081,0
2023-03-01,381,7504802,275,6520557,6,592864,25,3424345,20,509176,51,3954347,1430,1285207,1947,1635.57,19701281,14482553,0
2023-03-02,358,7505160,292,6520849,9,592873,20,3424365,23,509199,50,3954397,1312,1286519,1841,1613.57,19703122,14483039,0
2023-03-03,387,7505547,311,6521160,10,592883,25,3424390,26,509225,57,3954454,1562,1288081,2137,1596.43,19705259,14483563,0
2023-03-04,195,7505742,118,6521278,4,592887,10,3424400,16,509241,28,3954482,783,1288864,1010,1603.57,19706269,14483764,0
2023-03-05,124,7505866,62,6521340,2,592889,4,3424404,5,509246,13,3954495,463,1289327,555,1608.86,19706824,14483847,0
2023-03-06,396,7506262,262,6521602,12,592901,23,3424427,16,509262,42,3954537,1375,1290702,1872,1591.86,19708696,14484305,0
2023-03-07,354,7506616,241,6521843,5,592906,22,3424449,29,509291,60,3954597,1294,1291996,1749,1587.29,19710445,14484709,0
2023-03-08,357,7506973,243,6522086,3,592909,33,3424482,29,509320,66,3954663,1317,1293313,1801,1566.43,19712246,14485131,0
2023-03-09,353,7507326,231,6522317,4,592913,16,3424498,24,509344,46,3954709,1236,1294549,1704,1546.86,19713950,14485559,0
2023-03-10,294,7507620,273,6522590,2,592915,10,3424508,19,509363,37,3954746,1359,1295908,1799,1498.57,19715749,14485970,120000
2023-03-11,177,7507797,83,6522673,3,592918,17,3424525,3,509366,21,3954767,654,1296562,830,1472.86,19716579,14486126,120000
2023-03-12,111,7507908,46,6522719,1,592919,4,3424529,8,509374,18,3954785,422,1296984,505,1465.71,19717084,14486197,120000
2023-03-13,329,7508237,195,6522914,6,592925,11,3424540,13,509387,25,3954810,1111,1298095,1498,1412.29,19718582,14486560,120000
2023-03-14,271,7508508,172,6523086,3,592928,17,3424557,11,509398,34,3954844,1013,1299108,1349,1355.14,19719931,14486868,120000
2023-03-15,303,7508811,253,6523339,2,592930,9,3424566,13,509411,23,3954867,1176,1300284,1591,1325.14,19721522,14487261,120000
2023-03-16,115,7508926,107,6523446,3,592933,6,3424572,5,509416,13,3954880,418,1300702,614,1169.43,19722136,14487446,120000
