"DATE","ADMIN_DOSE1_DAILY","ADMIN_DOSE1_CUMULATIVE","ADMIN_DOSE2_DAILY","ADMIN_DOSE2_CUMULATIVE","ADMIN_SINGLE_DAILY","ADMIN_SINGLE_CUMULATIVE","ADMIN_ADDITIONAL1_DAILY","ADMIN_ADDITIONAL1_CUMULATIVE","ADMIN_ADDITIONAL2_DAILY","ADMIN_ADDITIONAL2_CUMULATIVE","ADMIN_ADDITIONAL_DAILY","ADMIN_ADDITIONAL_CUMULATIVE","ADMIN_BIVALENT_ADDITIONAL_DAILY","ADMIN_BIVALENT_ADDITIONAL_CUMULATIVE","ADMIN_ALLDOSES_DAILY","ADMIN_ALLDOSES_7DAYAVG","ADMIN_ALLDOSES_CUMULATIVE","ADMIN_ALLDOSES_PRIMARY","INCOMPLETE"
2020-12-14,79,79,0,0,2,2,0,0,0,0,0,0,0,0,81,,81,81,0
2020-12-15,2052,2131,7,7,5,7,0,0,0,0,0,0,0,0,2064,,2145,2145,0
2020-12-16,4606,6737,15,22,4,11,1,1,0,0,1,1,0,0,4626,,6771,6770,0
2020-12-17,4660,11397,18,40,2,13,1,2,0,0,1,2,0,0,4681,,11452,11450,0
2020-12-18,5835,17232,18,58,2,15,2,4,0,0,2,4,0,0,5857,,17309,17305,0
2020-12-19,1687,18919,8,66,3,18,0,4,0,0,0,4,0,0,1698,,19007,19003,0
2020-12-20,1117,20036,2,68,1,19,0,4,0,0,0,4,0,0,1120,2875.29,20127,20123,0
2020-12-21,6392,26428,20,88,0,19,5,9,0,0,5,9,0,0,6417,3780.43,26544,26535,0
2020-12-22,9767,36195,28,116,2,21,1,10,0,0,1,10,0,0,9798,4885.29,36342,36332,0
2020-12-23,14278,50473,36,152,3,24,0,10,0,0,0,10,0,0,14317,6269.71,50659,50649,0
2020-12-24,7173,57646,25,177,1,25,0,10,0,0,0,10,0,0,7199,6629.43,57858,57848,0
2020-12-25,180,57826,0,177,0,25,1,11,0,0,1,11,0,0,181,5818.57,58039,58028,0
2020-12-26,4393,62219,45,222,0,25,1,12,0,0,1,12,0,0,4439,6210.14,62478,62466,0
2020-12-27,3870,66089,14,236,0,25,1,13,0,0,1,13,0,0,3885,6605.14,66363,66350,0
2020-12-28,10993,77082,51,287,1,26,3,16,0,0,3,16,0,0,11048,7266.71,77411,77395,0
2020-12-29,10714,87796,36,323,2,28,3,19,0,0,3,19,0,0,10755,7403.43,88166,88147,0
2020-12-30,12821,100617,46,369,0,28,0,19,0,0,0,19,0,0,12867,7196.29,101033,101014,0
2020-12-31,7260,107877,36,405,1,29,0,19,0,0,0,19,0,0,7297,7210.29,108330,108311,0
2021-01-01,180,108057,2,407,1,30,3,22,0,0,3,22,0,0,186,7211,108516,108494,0
2021-01-02,3809,111866,10,417,3,33,2,24,0,0,2,24,0,0,3824,7123.14,112340,112316,0
2021-01-03,3542,115408,24,441,2,35,1,25,0,0,1,25,0,0,3569,7078,115909,115884,0
2021-01-04,12255,127663,807,1248,2,37,7,32,0,0,7,32,0,0,13071,7367,128980,128948,0
2021-01-05,14090,141753,2196,3444,2,39,13,45,1,1,14,46,0,0,16302,8159.43,145282,145236,0
2021-01-06,17797,159550,3930,7374,1,40,31,76,8,9,39,85,0,0,21767,9430.86,167049,166964,0
2021-01-07,16539,176089,5183,12557,4,44,46,122,3,12,49,134,0,0,21775,11499.14,188824,188690,0
2021-01-08,16611,192700,5461,18018,0,44,35,157,4,16,39,173,0,0,22111,14631.29,210935,210762,0
2021-01-09,7649,200349,1466,19484,1,45,7,164,2,18,9,182,0,0,9125,15388.57,220060,219878,0
2021-01-10,7880,208229,983,20467,0,45,11,175,0,18,11,193,0,0,8874,16146.43,228934,228741,0
2021-01-11,25811,234040,7460,27927,2,47,55,230,8,26,63,256,0,0,33336,19041.43,262270,262014,0
2021-01-12,28246,262286,7862,35789,1,48,47,277,4,30,51,307,0,0,36160,21878.29,298430,298123,0
2021-01-13,31710,293996,9418,45207,1,49,59,336,5,35,64,371,0,0,41193,24653.43,339623,339252,0
2021-01-14,35800,329796,5301,50508,1,50,34,370,7,42,41,412,0,0,41143,27420.29,380766,380354,0
2021-01-15,29248,359044,3715,54223,2,52,33,403,5,47,38,450,0,0,33003,28976.29,413769,413319,0
2021-01-16,30271,389315,2393,56616,0,52,24,427,6,53,30,480,0,0,32694,32343.29,446463,445983,0
2021-01-17,23734,413049,1641,58257,0,52,20,447,1,54,21,501,0,0,25396,34703.57,471859,471358,0
2021-01-18,27088,440137,2425,60682,0,52,37,484,7,61,44,545,0,0,29558,34163.86,501417,500872,0
2021-01-19,34281,474418,9641,70323,1,53,70,554,6,67,76,621,0,0,43999,35283.71,545416,544795,0
2021-01-20,34857,509275,9500,79823,1,54,61,615,3,70,64,685,0,0,44422,35745,589838,589153,0
2021-01-21,25579,534854,8099,87922,2,56,51,666,5,75,56,741,0,0,33736,34686.86,623574,622833,0
2021-01-22,24743,559597,4386,92308,1,57,32,698,8,83,40,781,0,0,29170,34139.29,652744,651963,0
2021-01-23,15740,575337,3228,95536,0,57,10,708,2,85,12,793,0,0,18980,32180.14,671724,670931,0
2021-01-24,7175,582512,3457,98993,0,57,19,727,1,86,20,813,0,0,10652,30073.86,682376,681563,0
2021-01-25,13401,595913,11830,110823,0,57,65,792,13,99,78,891,0,0,25309,29466.86,707685,706794,0
2021-01-26,16752,612665,10761,121584,0,57,69,861,3,102,73,964,0,0,27586,27122.14,735271,734308,0
2021-01-27,20830,633495,12360,133944,0,57,53,914,9,111,62,1026,0,0,33253,25526.57,768524,767499,0
2021-01-28,30749,664244,12855,146799,0,57,82,996,17,128,99,1125,0,0,43706,26950.86,812230,811106,0
2021-01-29,31680,695924,11512,158311,0,57,84,1080,11,139,95,1220,0,0,43287,28967.57,855517,854298,0
2021-01-30,18710,714634,3742,162053,0,57,21,1101,2,141,24,1244,0,0,22476,29467,877993,876751,0
2021-01-31,13008,727642,2927,164980,1,58,30,1131,5,146,35,1279,0,0,15971,30226.86,893964,892687,0
2021-02-01,1180,728822,5400,170380,4,62,37,1168,4,150,41,1320,0,0,6625,27557.71,900589,899271,0
2021-02-02,2821,731643,9448,179828,2,64,49,1217,3,153,52,1372,0,0,12323,25377.29,912912,911542,0
2021-02-03,16343,747986,21238,201066,4,68,215,1432,21,174,236,1608,0,0,37821,26029.86,950733,949127,0
2021-02-04,27039,775025,19649,220715,3,71,207,1639,10,184,217,1825,0,0,46908,26487.29,997641,995818,0
2021-02-05,27580,802605,20032,240747,0,71,190,1829,15,199,206,2031,0,0,47818,27134.57,1045459,1043431,0
2021-02-06,22981,825586,11251,251998,0,71,116,1945,12,211,128,2159,0,0,34360,28832.29,1079819,1077663,0
2021-02-07,12032,837618,8283,260281,1,72,98,2043,14,225,113,2272,0,0,20429,29469.14,1100248,1097980,0
2021-02-08,16950,854568,23516,283797,2,74,240,2283,35,260,276,2548,0,0,40744,34343.29,1140992,1138449,0
2021-02-09,17251,871819,28092,311889,2,76,351,2634,43,303,397,2945,0,0,45742,39117.43,1186734,1183797,0
2021-02-10,19586,891405,29301,341190,2,78,269,2903,53,356,325,3270,0,0,49215,40745.14,1235949,1232690,0
2021-02-11,27834,919239,33465,374655,2,80,350,3253,57,413,407,3677,0,0,61710,42859.71,1297659,1293993,0
2021-02-12,38359,957598,30809,405464,3,83,363,3616,40,453,404,4081,0,0,69575,45967.86,1367234,1363165,0
2021-02-13,27993,985591,25309,430773,2,85,312,3928,57,510,371,4452,0,0,53676,48727.29,1420910,1416472,0
2021-02-14,16265,1001856,23721,454494,0,85,277,4205,34,544,311,4763,0,0,40297,51565.57,1461207,1456458,0
2021-02-15,12795,1014651,10524,465018,2,87,178,4383,24,568,203,4966,0,0,23524,49105.57,1484731,1479780,0
2021-02-16,14235,1028886,26711,491729,0,87,339,4722,40,608,380,5346,0,0,41326,48474.71,1526057,1520727,0
2021-02-17,16382,1045268,22196,513925,1,88,287,5009,39,647,326,5672,0,0,38905,47001.86,1564962,1559306,0
2021-02-18,12139,1057407,24986,538911,21,109,298,5307,46,693,344,6016,0,0,37490,43541.86,1602452,1596452,0
2021-02-19,13251,1070658,23929,562840,38,147,312,5619,47,740,359,6375,0,0,37577,38970.71,1640029,1633670,0
2021-02-20,11348,1082006,26072,588912,6,153,335,5954,77,817,414,6789,0,0,37841,36708.57,1677870,1671099,0
2021-02-21,6356,1088362,17411,606323,15,168,294,6248,46,863,341,7130,0,0,24123,34398,1701993,1694882,0
2021-02-22,13041,1101403,11839,618162,2,170,132,6380,21,884,153,7283,0,0,25035,34613.86,1727028,1719764,0
2021-02-23,25244,1126647,14136,632298,1,171,165,6545,35,919,201,7484,0,0,39583,34364.86,1766611,1759147,0
2021-02-24,36341,1162988,20396,652694,0,171,232,6777,42,961,275,7759,0,0,57012,36951.57,1823623,1815885,0
2021-02-25,54581,1217569,30403,683097,6,177,407,7184,65,1026,473,8232,0,0,85463,43804.86,1909086,1900876,0
2021-02-26,62834,1280403,31876,714973,4,181,418,7602,78,1104,499,8731,0,0,95213,52038.57,2004299,1995593,0
2021-02-27,51270,1331673,22753,737726,47,228,350,7952,53,1157,404,9135,0,0,74474,57271.86,2078773,2069664,0
2021-02-28,44566,1376239,13841,751567,7,235,206,8158,37,1194,243,9378,0,0,58657,62205.29,2137430,2128078,0
2021-03-01,39307,1415546,12784,764351,10,245,169,8327,24,1218,193,9571,0,0,52294,66099.43,2189724,2180179,0
2021-03-02,47071,1462617,12583,776934,7,252,158,8485,14,1232,172,9743,0,0,59833,68992.29,2249557,2239840,0
2021-03-03,48594,1511211,16156,793090,17,269,152,8637,21,1253,173,9916,0,0,64940,70124.86,2314497,2304607,0
2021-03-04,59806,1571017,22815,815905,1092,1361,276,8913,36,1289,313,10229,0,0,84026,69919.57,2398523,2388321,0
2021-03-05,60963,1631980,24284,840189,3107,4468,340,9253,36,1325,378,10607,0,0,88732,68993.71,2487255,2476677,0
2021-03-06,47159,1679139,18881,859070,5451,9919,246,9499,40,1365,286,10893,0,0,71777,68608.43,2559032,2548168,0
2021-03-07,36030,1715169,14882,873952,6244,16163,237,9736,21,1386,260,11153,0,0,57416,68431.14,2616448,2605326,0
2021-03-08,39612,1754781,14686,888638,8558,24721,318,10054,93,1479,416,11569,0,0,63272,69999.43,2679720,2668187,0
2021-03-09,39088,1793869,12854,901492,7758,32479,186,10240,35,1514,222,11791,0,0,59922,70012.14,2739642,2727888,0
2021-03-10,51815,1845684,15361,916853,5064,37543,228,10468,36,1550,266,12057,0,0,72506,71093,2812148,2800130,0
2021-03-11,59968,1905652,21824,938677,4619,42162,256,10724,48,1598,306,12363,0,0,86717,71477.43,2898865,2886543,0
2021-03-12,52184,1957836,30301,968978,4182,46344,389,11113,85,1683,474,12837,0,0,87141,71250.14,2986006,2973210,0
2021-03-13,40639,1998475,26683,995661,5110,51454,334,11447,54,1737,388,13225,0,0,72821,71399.29,3058827,3045643,0
2021-03-14,30705,2029180,15969,1011630,4524,55978,250,11697,28,1765,280,13505,0,0,51479,70551.14,3110306,3096844,0
2021-03-15,33649,2062829,17261,1028891,4707,60685,240,11937,33,1798,273,13778,0,0,55890,69496.57,3166196,3152461,0
2021-03-16,38663,2101492,20520,1049411,4924,65609,261,12198,35,1833,297,14075,0,0,64404,70136.86,3230600,3216569,0
2021-03-17,42605,2144097,24788,1074199,4244,69853,350,12548,42,1875,393,14468,0,0,72030,70068.86,3302630,3288207,0
2021-03-18,50420,2194517,26804,1101003,5231,75084,386,12934,62,1937,448,14916,0,0,82903,69524,3385533,3370662,0
2021-03-19,47773,2242290,29964,1130967,5625,80709,401,13335,74,2011,475,15391,0,0,83838,69052.14,3469371,3454025,0
2021-03-20,38700,2280990,25836,1156803,4684,85393,300,13635,61,2072,362,15753,0,0,69582,68589.43,3538953,3523246,0
2021-03-21,29288,2310278,19358,1176161,769,86162,230,13865,45,2117,275,16028,0,0,49690,68333.86,3588643,3572661,0
2021-03-22,33857,2344135,26740,1202901,4037,90199,268,14133,38,2155,307,16335,0,0,64942,69627,3653585,3637297,0
2021-03-23,38417,2382552,32849,1235750,4216,94415,301,14434,54,2209,359,16694,0,0,75841,71260.86,3729426,3712783,0
2021-03-24,41481,2424033,37612,1273362,4843,99258,339,14773,64,2273,406,17100,0,0,84342,73019.71,3813768,3796722,0
2021-03-25,43391,2467424,50788,1324150,5050,104308,489,15262,88,2361,581,17681,0,0,99810,75435,3913578,3895955,0
2021-03-26,38490,2505914,55499,1379649,4306,108614,544,15806,103,2464,651,18332,0,0,98946,77593.29,4012524,3994254,0
2021-03-27,35731,2541645,45740,1425389,2938,111552,432,16238,84,2548,518,18850,0,0,84927,79785.43,4097451,4078665,0
2021-03-28,26379,2568024,34457,1459846,1482,113034,342,16580,65,2613,411,19261,0,0,62729,81648.14,4160180,4140987,0
2021-03-29,34806,2602830,38861,1498707,3245,116279,358,16938,112,2725,471,19732,0,0,77383,83425.43,4237563,4217900,0
2021-03-30,40496,2643326,41923,1540630,3713,119992,348,17286,65,2790,414,20146,0,0,86546,84954.71,4324109,4304033,0
2021-03-31,49378,2692704,44869,1585499,7438,127430,417,17703,89,2879,506,20652,0,0,102191,87504.57,4426300,4405718,0
2021-04-01,50768,2743472,53953,1639452,11275,138705,503,18206,85,2964,592,21244,0,0,116588,89901.43,4542888,4521718,0
2021-04-02,43751,2787223,53877,1693329,11969,150674,555,18761,72,3036,632,21876,0,0,110229,91513.29,4653117,4631320,0
2021-04-03,39239,2826462,39217,1732546,9859,160533,341,19102,60,3096,402,22278,0,0,88717,92054.71,4741834,4719636,0
2021-04-04,26550,2853012,24782,1757328,3903,164436,230,19332,51,3147,281,22559,0,0,55516,91024.29,4797350,4774871,0
2021-04-05,41868,2894880,34482,1791810,11196,175632,384,19716,60,3207,445,23004,0,0,87991,92539.71,4885341,4862418,0
2021-04-06,53250,2948130,35615,1827425,13214,188846,442,20158,79,3286,522,23526,0,0,102601,94833.29,4987942,4964498,0
2021-04-07,55486,3003616,40704,1868129,14386,203232,411,20569,83,3369,496,24022,0,0,111072,96102,5099014,5075076,0
2021-04-08,59244,3062860,46591,1914720,16337,219569,531,21100,86,3455,618,24640,0,0,122790,96988,5221804,5197249,0
2021-04-09,56630,3119490,44956,1959676,17555,237124,532,21632,79,3534,616,25256,0,0,119757,98349.14,5341561,5316395,0
2021-04-10,49335,3168825,35646,1995322,12719,249843,399,22031,61,3595,464,25720,0,0,98164,99698.71,5439725,5414099,0
2021-04-11,38169,3206994,28824,2024146,7680,257523,297,22328,61,3656,359,26079,0,0,75032,102486.71,5514757,5488773,0
2021-04-12,46623,3253617,31841,2055987,13500,271023,472,22800,68,3724,540,26619,0,0,92504,103131.43,5607261,5580737,0
2021-04-13,52532,3306149,33793,2089780,369,271392,401,23201,64,3788,466,27085,0,0,87160,100925.57,5694421,5667432,0
2021-04-14,50123,3356272,39961,2129741,20,271412,370,23571,76,3864,447,27532,0,0,90551,97994,5784972,5757537,0
2021-04-15,52103,3408375,43685,2173426,16,271428,460,24031,107,3971,572,28104,0,0,96377,94220.71,5881349,5853347,0
2021-04-16,51179,3459554,42204,2215630,32,271460,441,24472,73,4044,517,28621,0,0,93932,90531.43,5975281,5946765,0
2021-04-17,43830,3503384,35694,2251324,3,271463,370,24842,84,4128,456,29077,0,0,79983,87934.14,6055264,6026294,0
2021-04-18,28599,3531983,29360,2280684,7,271470,265,25107,66,4194,332,29409,0,0,58298,85543.57,6113562,6084261,0
2021-04-19,37453,3569436,36453,2317137,22,271492,332,25439,67,4261,401,29810,0,0,74329,82947.14,6187891,6158191,0
2021-04-20,40803,3610239,39628,2356765,19,271511,318,25757,81,4342,400,30210,0,0,80850,82045.71,6268741,6238642,0
2021-04-21,38880,3649119,46024,2402789,16,271527,506,26263,97,4439,604,30814,0,0,85524,81327.57,6354265,6323563,0
2021-04-22,38480,3687599,48964,2451753,9,271536,349,26612,77,4516,428,31242,0,0,87882,80114,6442147,6411019,0
2021-04-23,39686,3727285,44385,2496138,3,271539,358,26970,74,4590,434,31676,0,0,84508,78767.71,6526655,6495095,0
2021-04-24,31928,3759213,41610,2537748,44,271583,281,27251,62,4652,343,32019,0,0,73925,77902.29,6600580,6568677,0
2021-04-25,18415,3777628,31224,2568972,87,271670,198,27449,61,4713,259,32278,0,0,49985,76714.71,6650565,6618403,0
2021-04-26,26962,3804590,40722,2609694,1012,272682,302,27751,91,4804,398,32676,0,0,69094,75966.86,6719659,6687104,0
2021-04-27,28564,3833154,47135,2656829,1699,274381,363,28114,95,4899,463,33139,0,0,77861,75539.86,6797520,6764507,0
2021-04-28,27017,3860171,56845,2713674,2144,276525,445,28559,100,4999,548,33687,0,0,86555,75687.14,6884075,6850517,0
2021-04-29,28592,3888763,57205,2770879,2149,278674,374,28933,100,5099,476,34163,0,0,88422,75764.29,6972497,6938465,0
2021-04-30,30110,3918873,51989,2822868,2058,280732,289,29222,74,5173,364,34527,0,0,84522,75766.29,7057019,7022624,0
2021-05-01,22473,3941346,44539,2867407,1177,281909,237,29459,66,5239,305,34832,0,0,68494,74990.43,7125513,7090815,0
2021-05-02,11918,3953264,36648,2904055,1081,282990,150,29609,54,5293,206,35038,0,0,49853,74971.57,7175366,7140464,0
2021-05-03,18008,3971272,53031,2957086,2382,285372,261,29870,92,5385,355,35393,0,0,73778,75640.71,7249144,7213889,0
2021-05-04,22732,3994004,56648,3013734,2331,287703,271,30141,115,5500,387,35780,0,0,82098,76246,7331242,7295601,0
2021-05-05,21475,4015479,48756,3062490,2313,290016,316,30457,104,5604,421,36201,0,0,72966,74304.71,7404208,7368147,0
2021-05-06,20673,4036152,50178,3112668,2508,292524,278,30735,90,5694,372,36573,0,0,73731,72206,7477939,7441510,0
2021-05-07,21238,4057390,52101,3164769,2812,295336,318,31053,79,5773,398,36971,0,0,76549,71067,7554488,7517662,0
2021-05-08,16626,4074016,41864,3206633,1835,297171,235,31288,72,5845,307,37278,0,0,60632,69943.86,7615120,7577987,0
2021-05-09,7968,4081984,29407,3236040,1260,298431,155,31443,56,5901,211,37489,0,0,38846,68371.43,7653966,7616622,0
2021-05-10,14378,4096362,38526,3274566,2356,300787,247,31690,93,5994,344,37833,0,0,55604,65775.14,7709570,7671886,0
2021-05-11,19898,4116260,43066,3317632,2514,303301,288,31978,88,6082,381,38214,0,0,65859,63455.29,7775429,7737369,0
2021-05-12,17815,4134075,40538,3358170,3595,306896,236,32214,80,6162,316,38530,0,0,62264,61926.43,7837693,7799317,0
2021-05-13,24957,4159032,40426,3398596,3229,310125,268,32482,78,6240,348,38878,0,0,68960,61244.86,7906653,7867931,0
2021-05-14,27010,4186042,42942,3441538,3536,313661,274,32756,96,6336,372,39250,0,0,73860,60860.71,7980513,7941421,0
2021-05-15,23640,4209682,34921,3476459,3364,317025,257,33013,77,6413,335,39585,0,0,62260,61093.29,8042773,8003347,0
2021-05-16,15519,4225201,19454,3495913,2496,319521,124,33137,47,6460,172,39757,0,0,37641,60921.14,8080414,8040817,0
2021-05-17,22666,4247867,29144,3525057,3253,322774,184,33321,70,6530,254,40011,0,0,55317,60880.14,8135731,8095880,0
2021-05-18,24619,4272486,31915,3556972,3405,326179,240,33561,76,6606,316,40327,0,0,60255,60079.57,8195986,8155819,0
2021-05-19,24178,4296664,29727,3586699,3041,329220,230,33791,49,6655,280,40607,0,0,57226,59359.86,8253212,8212766,0
2021-05-20,24140,4320804,30103,3616802,3163,332383,270,34061,89,6744,364,40971,0,0,57770,57761.29,8310982,8270177,0
2021-05-21,24669,4345473,32003,3648805,3057,335440,251,34312,61,6805,315,41286,0,0,60044,55787.57,8371026,8329909,0
2021-05-22,20014,4365487,24370,3673175,2523,337963,167,34479,49,6854,217,41503,0,0,47124,53625.29,8418150,8376817,0
2021-05-23,11227,4376714,13733,3686908,1411,339374,94,34573,32,6886,128,41631,0,0,26499,52033.57,8444649,8403190,0
2021-05-24,18862,4395576,23163,3710071,2757,342131,219,34792,55,6941,277,41908,0,0,45059,50568.14,8489708,8447975,0
2021-05-25,19424,4415000,23385,3733456,2602,344733,173,34965,59,7000,232,42140,0,0,45643,48480.71,8535351,8493386,0
2021-05-26,18777,4433777,21092,3754548,2697,347430,204,35169,48,7048,254,42394,0,0,42820,46422.71,8578171,8535954,0
2021-05-27,18456,4452233,21283,3775831,2531,349961,183,35352,60,7108,244,42638,0,0,42514,44243.29,8620685,8578225,0
2021-05-28,17853,4470086,22882,3798713,2751,352712,190,35542,58,7166,249,42887,0,0,43735,41913.43,8664420,8621712,0
2021-05-29,12703,4482789,17817,3816530,1755,354467,105,35647,39,7205,145,43032,0,0,32420,39812.86,8696840,8653988,0
2021-05-30,7023,4489812,8951,3825481,1074,355541,50,35697,17,7222,67,43099,0,0,17115,38472.29,8713955,8671036,0
2021-05-31,4740,4494552,6922,3832403,1012,356553,65,35762,17,7239,82,43181,0,0,12756,33857.57,8726711,8683710,0
2021-06-01,16048,4510600,25192,3857595,2177,358730,156,35918,43,7282,203,43384,0,0,43620,33568.57,8770331,8727131,0
2021-06-02,15351,4525951,20397,3877992,2095,360825,142,36060,47,7329,189,43573,0,0,38032,32884.57,8808363,8764974,0
2021-06-03,14998,4540949,23820,3901812,2280,363105,130,36190,45,7374,177,43750,0,0,41275,32707.57,8849638,8806074,0
2021-06-04,14710,4555659,26003,3927815,2492,365597,148,36338,42,7416,191,43941,0,0,43396,32659.14,8893034,8849280,0
2021-06-05,10983,4566642,22100,3949915,1806,367403,115,36453,28,7444,144,44085,0,0,35033,33032.43,8928067,8884170,0
2021-06-06,6444,4573086,14481,3964396,1222,368625,89,36542,13,7457,103,44188,0,0,22250,33766,8950317,8906318,0
2021-06-07,11695,4584781,21793,3986189,2378,371003,141,36683,37,7494,181,44369,0,0,36047,37093.29,8986364,8942187,0
2021-06-08,12627,4597408,24017,4010206,2071,373074,126,36809,48,7542,175,44544,0,0,38890,36417.57,9025254,8980903,0
2021-06-09,11130,4608538,23028,4033234,2299,375373,138,36947,40,7582,180,44724,0,0,36637,36218.29,9061891,9017362,0
2021-06-10,12055,4620593,22239,4055473,2462,377835,141,37088,60,7642,201,44925,0,0,36957,35601.43,9098848,9054118,0
2021-06-11,12699,4633292,25126,4080599,2483,380318,158,37246,61,7703,220,45145,0,0,40528,35191.71,9139376,9094427,0
2021-06-12,10159,4643451,19317,4099916,1888,382206,94,37340,43,7746,139,45284,0,0,31503,34687.43,9170879,9125793,0
2021-06-13,4253,4647704,10934,4110850,1219,383425,42,37382,22,7768,64,45348,0,0,16470,33861.71,9187349,9142199,0
2021-06-14,10202,4657906,19238,4130088,2043,385468,130,37512,53,7821,183,45531,0,0,31666,33235.86,9219015,9173682,0
2021-06-15,11879,4669785,21019,4151107,1943,387411,132,37644,41,7862,174,45705,0,0,35015,32682.29,9254030,9208524,0
2021-06-16,11581,4681366,19404,4170511,1956,389367,149,37793,74,7936,223,45928,0,0,33164,32186.14,9287194,9241465,0
2021-06-17,11019,4692385,18759,4189270,1973,391340,128,37921,35,7971,165,46093,0,0,31916,31466,9319110,9273218,0
2021-06-18,12167,4704552,18497,4207767,2115,393455,116,38037,37,8008,154,46247,0,0,32933,30381,9352043,9305998,0
2021-06-19,8493,4713045,13516,4221283,1459,394914,88,38125,21,8029,109,46356,0,0,23577,29248.71,9375620,9329466,0
2021-06-20,4335,4717380,7156,4228439,924,395838,37,38162,17,8046,54,46410,0,0,12469,28677.14,9388089,9341881,0
2021-06-21,10154,4727534,10013,4238452,1807,397645,69,38231,27,8073,97,46507,0,0,22071,27306.43,9410160,9363856,0
2021-06-22,9834,4737368,15645,4254097,1589,399234,104,38335,29,8102,133,46640,0,0,27201,26190.14,9437361,9390924,0
2021-06-23,10306,4747674,15190,4269287,1863,401097,102,38437,31,8133,134,46774,0,0,27493,25380,9464854,9418284,0
2021-06-24,9684,4757358,14700,4283987,1798,402895,121,38558,26,8159,149,46923,0,0,26331,24582.14,9491185,9444468,0
2021-06-25,10583,4767941,14388,4298375,1721,404616,116,38674,38,8197,154,47077,0,0,26846,23712.57,9518031,9471160,0
2021-06-26,7798,4775739,10464,4308839,1249,405865,78,38752,24,8221,103,47180,0,0,19614,23146.43,9537645,9490672,0
2021-06-27,4999,4780738,6001,4314840,795,406660,34,38786,14,8235,49,47229,0,0,11844,23057.14,9549489,9502468,0
2021-06-28,9033,4789771,10345,4325185,1526,408186,109,38895,26,8261,136,47365,0,0,21040,22909.86,9570529,9523373,0
2021-06-29,9733,4799504,12329,4337514,1347,409533,125,39020,32,8293,159,47524,0,0,23568,22390.86,9594097,9546784,0
2021-06-30,9429,4808933,10932,4348446,1486,411019,148,39168,17,8310,168,47692,0,0,22015,21608.29,9616112,9568634,0
2021-07-01,9395,4818328,10924,4359370,1434,412453,132,39300,26,8336,160,47852,0,0,21913,20977.14,9638025,9590389,0
2021-07-02,9688,4828016,11457,4370827,1541,413994,119,39419,21,8357,140,47992,0,0,22827,20403,9660852,9613076,0
2021-07-03,7055,4835071,8421,4379248,1192,415186,79,39498,17,8374,96,48088,0,0,16764,19995.86,9677616,9629744,0
2021-07-04,1288,4836359,1334,4380582,567,415753,10,39508,3,8377,13,48101,0,0,3202,18761.29,9680818,9632933,0
2021-07-05,6492,4842851,7108,4387690,1207,416960,66,39574,22,8399,88,48189,0,0,14895,17883.43,9695713,9647740,0
2021-07-06,9509,4852360,12851,4400541,1315,418275,118,39692,38,8437,157,48346,0,0,23832,17921.14,9719545,9671416,0
2021-07-07,8663,4861023,11111,4411652,1418,419693,126,39818,20,8457,146,48492,0,0,21338,17824.43,9740883,9692608,0
2021-07-08,8218,4869241,10195,4421847,1259,420952,108,39926,21,8478,132,48624,0,0,19804,17523.14,9760687,9712283,0
2021-07-09,8373,4877614,10832,4432679,1280,422232,90,40016,20,8498,110,48734,0,0,20595,17204.29,9781282,9732768,0
2021-07-10,7103,4884717,8633,4441312,1131,423363,65,40081,20,8518,86,48820,0,0,16953,17231.29,9798235,9749636,0
2021-07-11,4105,4888822,4539,4445851,701,424064,36,40117,6,8524,42,48862,0,0,9387,18114.86,9807622,9758981,0
2021-07-12,8445,4897267,9559,4455410,1251,425315,84,40201,23,8547,107,48969,0,0,19362,18753,9826984,9778236,0
2021-07-13,9460,4906727,9393,4464803,952,426267,109,40310,35,8582,146,49115,0,0,19951,18198.57,9846935,9798043,0
2021-07-14,8996,4915723,9534,4474337,1011,427278,106,40416,22,8604,132,49247,0,0,19673,17960.71,9866608,9817588,0
2021-07-15,8794,4924517,9155,4483492,1054,428332,80,40496,20,8624,101,49348,0,0,19104,17860.71,9885712,9836592,0
2021-07-16,9248,4933765,9760,4493252,981,429313,102,40598,29,8653,131,49479,0,0,20120,17792.86,9905832,9856581,0
2021-07-17,6839,4940604,7386,4500638,803,430116,80,40678,20,8673,100,49579,0,0,15128,17532.14,9920960,9871609,0
2021-07-18,4253,4944857,4286,4504924,576,430692,35,40713,13,8686,48,49627,0,0,9163,17500.14,9930123,9880724,0
2021-07-19,9120,4953977,8479,4513403,999,431691,92,40805,22,8708,115,49742,0,0,18713,17407.43,9948836,9899323,0
2021-07-20,10642,4964619,8759,4522162,991,432682,96,40901,26,8734,123,49865,0,0,20515,17488,9969351,9919716,0
2021-07-21,10055,4974674,8769,4530931,904,433586,149,41050,34,8768,183,50048,0,0,19911,17522,9989262,9939444,0
2021-07-22,10685,4985359,8584,4539515,1046,434632,146,41196,27,8795,174,50222,0,0,20489,17719.86,10009751,9959760,0
2021-07-23,11248,4996607,8883,4548398,1114,435746,138,41334,23,8818,163,50385,0,0,21408,17903.86,10031159,9981007,0
2021-07-24,7398,5004005,6739,4555137,670,436416,82,41416,26,8844,109,50494,0,0,14916,17873.57,10046075,9995815,0
2021-07-25,5473,5009478,2128,4557265,509,436925,58,41474,4,8848,62,50556,0,0,8172,17732,10054247,10003925,0
2021-07-26,10868,5020346,7006,4564271,859,437784,111,41585,20,8868,131,50687,0,0,18864,17753.57,10073111,10022658,0
2021-07-27,12065,5032411,8572,4572843,857,438641,136,41721,40,8908,177,50864,0,0,21671,17918.71,10094782,10044153,0
2021-07-28,12011,5044422,8053,4580896,950,439591,135,41856,28,8936,164,51028,0,0,21178,18099.71,10115960,10065168,0
2021-07-29,10931,5055353,7435,4588331,984,440575,134,41990,39,8975,176,51204,0,0,19526,17962.14,10135486,10084521,0
2021-07-30,14952,5070305,8014,4596345,1151,441726,186,42176,31,9006,219,51423,0,0,24336,18380.43,10159822,10108640,0
2021-07-31,9721,5080026,6321,4602666,815,442541,123,42299,20,9026,144,51567,0,0,17001,18678.29,10176823,10125498,0
2021-08-01,6499,5086525,3313,4605979,564,443105,81,42380,21,9047,102,51669,0,0,10478,19007.71,10187301,10135874,0
2021-08-02,13446,5099971,7153,4613132,846,443951,150,42530,19,9066,169,51838,0,0,21614,19400.57,10208915,10157319,0
2021-08-03,15407,5115378,8391,4621523,1109,445060,144,42674,39,9105,184,52022,0,0,25091,19889.14,10234006,10182227,0
2021-08-04,17261,5132639,8130,4629653,1454,446514,182,42856,35,9140,217,52239,0,0,27062,20729.71,10261068,10209072,0
2021-08-05,17885,5150524,7932,4637585,1370,447884,159,43015,21,9161,180,52419,0,0,27367,21849.86,10288435,10236259,0
2021-08-06,18177,5168701,8418,4646003,1231,449115,168,43183,32,9193,200,52619,0,0,28026,22377,10316461,10264085,0
2021-08-07,13379,5182080,6020,4652023,799,449914,101,43284,28,9221,129,52748,0,0,20327,22852.14,10336788,10284283,0
2021-08-08,9309,5191389,3834,4655857,400,450314,83,43367,10,9231,93,52841,0,0,13636,23303.29,10350424,10297826,0
2021-08-09,21344,5212733,8526,4664383,965,451279,172,43539,34,9265,207,53048,0,0,31042,24650.14,10381466,10328662,0
2021-08-10,18946,5231679,9330,4673713,946,452225,181,43720,33,9298,215,53263,0,0,29437,25271,10410903,10357885,0
2021-08-11,15642,5247321,8314,4682027,853,453078,130,43850,45,9343,176,53439,0,0,24985,24974.29,10435888,10382695,0
2021-08-12,15054,5262375,8989,4691016,942,454020,176,44026,35,9378,213,53652,0,0,25198,24664.43,10461086,10407682,0
2021-08-13,14918,5277293,9293,4700309,919,454939,245,44271,38,9416,284,53936,0,0,25415,24291.43,10486501,10432814,0
2021-08-14,10395,5287688,6409,4706718,625,455564,534,44805,41,9457,578,54514,0,0,18007,23960,10504508,10450246,0
2021-08-15,6689,5294377,4483,4711201,676,456240,567,45372,33,9490,604,55118,0,0,12452,23790.86,10516960,10462098,0
2021-08-16,15710,5310087,9305,4720506,1150,457390,1325,46697,67,9557,1397,56515,0,0,27562,23293.71,10544522,10488268,0
2021-08-17,17761,5327848,10459,4730965,1229,458619,1772,48469,86,9643,1872,58387,0,0,31321,23562.86,10575843,10517731,0
2021-08-18,17486,5345334,10377,4741342,1260,459879,1999,50468,92,9735,2102,60489,0,0,31225,24454.29,10607068,10546865,0
2021-08-19,16286,5361620,9530,4750872,1315,461194,1960,52428,67,9802,2040,62529,0,0,29171,25021.86,10636239,10574009,0
2021-08-20,16269,5377889,11540,4762412,1253,462447,1868,54296,86,9888,1968,64497,0,0,31030,25824,10667269,10603085,0
2021-08-21,11143,5389032,8039,4770451,878,463325,1065,55361,53,9941,1125,65622,0,0,21185,26278,10688454,10623152,0
2021-08-22,4077,5393109,3904,4774355,261,463586,517,55878,34,9975,555,66177,0,0,8797,25755.86,10697251,10631398,0
2021-08-23,15576,5408685,11809,4786164,1022,464608,1549,57427,77,10052,1639,67816,0,0,30047,26110.86,10727298,10659819,0
2021-08-24,16912,5425597,12596,4798760,1007,465615,1776,59203,80,10132,1864,69680,0,0,32379,26262,10759677,10690342,0
2021-08-25,14565,5440162,12456,4811216,1112,466727,1567,60770,79,10211,1661,71341,0,0,29794,26057.57,10789471,10718490,0
2021-08-26,16142,5456304,14100,4825316,1071,467798,1781,62551,68,10279,1860,73201,0,0,33173,26629.29,10822644,10749814,0
2021-08-27,14874,5471178,14826,4840142,971,468769,1675,64226,74,10353,1757,74958,0,0,32428,26829,10855072,10780493,0
2021-08-28,10675,5481853,11522,4851664,835,469604,1018,65244,45,10398,1064,76022,0,0,24096,27244.86,10879168,10803526,0
2021-08-29,7210,5489063,7499,4859163,541,470145,781,66025,57,10455,847,76869,0,0,16097,28287.71,10895265,10818785,0
2021-08-30,15516,5504579,16926,4876089,1076,471221,1794,67819,93,10548,1895,78764,0,0,35413,29054.29,10930678,10852311,0
2021-08-31,15505,5520084,15960,4892049,952,472173,1978,69797,89,10637,2077,80841,0,0,34494,29356.43,10965172,10884738,0
2021-09-01,14829,5534913,14109,4906158,1020,473193,1812,71609,63,10700,1885,82726,0,0,31843,29649.14,10997015,10914706,0
2021-09-02,14312,5549225,12528,4918686,896,474089,1715,73324,62,10762,1793,84519,0,0,29529,29128.57,11026544,10942458,0
2021-09-03,14999,5564224,14313,4932999,974,475063,1900,75224,72,10834,1978,86497,0,0,32264,29105.14,11058808,10972750,0
2021-09-04,9645,5573869,9405,4942404,688,475751,976,76200,35,10869,1016,87513,0,0,20754,28627.71,11079562,10992493,0
2021-09-05,6795,5580664,5513,4947917,438,476189,717,76917,17,10886,735,88248,0,0,13481,28254,11093043,11005240,0
2021-09-06,5195,5585859,4511,4952428,358,476547,273,77190,11,10897,286,88534,0,0,10350,24673.57,11103393,11015306,0
2021-09-07,15568,5601427,17700,4970128,912,477459,1560,78750,92,10989,1660,90194,0,0,35840,24865.86,11139233,11049494,0
2021-09-08,16150,5617577,14830,4984958,1070,478529,1780,80530,84,11073,1876,92070,0,0,33926,25163.43,11173159,11081556,0
2021-09-09,16096,5633673,14757,4999715,1047,479576,1921,82451,75,11148,2007,94077,0,0,33907,25788.86,11207066,11113467,0
2021-09-10,18355,5652028,15400,5015115,1207,480783,1979,84430,82,11230,2068,96145,0,0,37030,26469.71,11244096,11148436,0
2021-09-11,12630,5664658,10350,5025465,958,481741,1031,85461,49,11279,1086,97231,0,0,25024,27079.71,11269120,11172380,0
2021-09-12,8535,5673193,5052,5030517,765,482506,693,86154,31,11310,725,97956,0,0,15077,27307.71,11284197,11186733,0
2021-09-13,16919,5690112,12967,5043484,976,483482,1660,87814,53,11363,1722,99678,0,0,32584,30484,11316781,11217604,0
2021-09-14,16263,5706375,13678,5057162,885,484367,1601,89415,57,11420,1669,101347,0,0,32495,30006.14,11349276,11248441,0
2021-09-15,15520,5721895,12888,5070050,727,485094,1576,90991,82,11502,1667,103014,0,0,30802,29559.86,11380078,11277585,0
2021-09-16,15331,5737226,13916,5083966,1210,486304,1466,92457,68,11570,1540,104554,0,0,31997,29287,11412075,11308048,0
2021-09-17,14429,5751655,13957,5097923,922,487226,1842,94299,58,11628,1902,106456,0,0,31210,28455.57,11443285,11337358,0
2021-09-18,9990,5761645,10187,5108110,913,488139,1052,95351,42,11670,1098,107554,0,0,22188,28050.43,11465473,11358452,0
2021-09-19,6171,5767816,6076,5114186,558,488697,748,96099,28,11698,781,108335,0,0,13586,27837.43,11479059,11371262,0
2021-09-20,12663,5780479,12634,5126820,1068,489765,1926,98025,61,11759,1996,110331,0,0,28361,27234.14,11507420,11397636,0
2021-09-21,12218,5792697,12774,5139594,1108,490873,2035,100060,78,11837,2128,112459,0,0,28228,26624.57,11535648,11423751,0
2021-09-22,12819,5805516,12004,5151598,1090,491963,1690,101750,69,11906,1765,114224,0,0,27678,26178.29,11563326,11449670,0
2021-09-23,14921,5820437,12767,5164365,1639,493602,2272,104022,74,11980,2353,116577,0,0,31680,26133,11595006,11479004,0
2021-09-24,16446,5836883,13366,5177731,1636,495238,4627,108649,126,12106,4772,121349,0,0,36220,26848.71,11631226,11510471,0
2021-09-25,10524,5847407,9028,5186759,1017,496255,3466,112115,80,12186,3562,124911,0,0,24131,27126.29,11655357,11531056,0
2021-09-26,6290,5853697,5768,5192527,773,497028,2423,114538,61,12247,2495,127406,0,0,15326,27374.86,11670683,11543898,0
2021-09-27,14134,5867831,8063,5200590,1155,498183,9084,123622,160,12407,9294,136700,0,0,32647,27987.14,11703330,11567301,0
2021-09-28,11108,5878939,11787,5212377,901,499084,9940,133562,179,12586,10155,146855,0,0,33951,28804.71,11737281,11591133,0
2021-09-29,11596,5890535,12194,5224571,1205,500289,9459,143021,171,12757,9664,156519,0,0,34660,29802.14,11771941,11616163,0
2021-09-30,12214,5902749,12611,5237182,1338,501627,9764,152785,177,12934,9976,166495,0,0,36139,30439.14,11808080,11642361,0
2021-10-01,12624,5915373,13429,5250611,1284,502911,10289,163074,150,13084,10475,176970,0,0,37812,30666.57,11845892,11669734,0
2021-10-02,7720,5923093,9979,5260590,865,503776,4246,167320,80,13164,4351,181321,0,0,22915,30492.86,11868807,11688323,0
2021-10-03,5059,5928152,6157,5266747,593,504369,2623,169943,59,13223,2692,184013,1,1,14502,30375.14,11883309,11700142,0
2021-10-04,9903,5938055,11019,5277766,914,505283,9536,179479,147,13370,9720,193733,0,1,31556,30219.29,11914865,11722015,0
2021-10-05,10135,5948190,11738,5289504,972,506255,9961,189440,178,13548,10181,203914,1,2,33027,30087.29,11947892,11744902,0
2021-10-06,9878,5958068,11050,5300554,937,507192,9946,199386,160,13708,10141,214055,0,2,32006,29708.14,11979898,11766802,0
2021-10-07,9597,5967665,12157,5312711,850,508042,10186,209572,175,13883,10394,224449,0,2,32998,29259.43,12012896,11789439,0
2021-10-08,9431,5977096,12185,5324896,941,508983,10918,220490,166,14049,11123,235572,0,2,33680,28669.14,12046576,11812035,0
2021-10-09,6232,5983328,8238,5333134,643,509626,4128,224618,90,14139,4234,239806,0,2,19347,28159.43,12065923,11827164,0
2021-10-10,3529,5986857,5030,5338164,458,510084,2440,227058,47,14186,2495,242301,0,2,11512,27732.29,12077435,11836189,0
2021-10-11,7600,5994457,9336,5347500,728,510812,8901,235959,165,14351,9089,251390,0,2,26753,27046.14,12104188,11853876,0
2021-10-12,8055,6002512,10995,5358495,891,511703,10531,246490,184,14535,10756,262146,0,2,30697,26713.29,12134885,11873858,0
2021-10-13,7135,6009647,10148,5368643,869,512572,8810,255300,181,14716,9021,271167,0,2,27173,26022.86,12162058,11892040,0
2021-10-14,7410,6017057,11121,5379764,837,513409,10131,265431,165,14881,10334,281501,0,2,29702,25552,12191760,11911446,0
2021-10-15,7707,6024764,11856,5391620,823,514232,10860,276291,174,15055,11068,292569,0,2,31454,25234,12223214,11931866,0
2021-10-16,4858,6029622,7465,5399085,666,514898,3851,280142,66,15121,3929,296498,0,2,16918,24887,12240132,11944867,0
2021-10-17,3050,6032672,4473,5403558,411,515309,2457,282599,44,15165,2508,299006,0,2,10442,24734.14,12250574,11952808,0
2021-10-18,7022,6039694,10669,5414227,797,516106,9496,292095,186,15351,9716,308722,0,2,28204,24941.43,12278778,11971330,0
2021-10-19,6554,6046248,8944,5423171,804,516910,9107,301202,174,15525,9321,318043,1,3,25624,24216.71,12304402,11987672,0
2021-10-20,6522,6052770,9370,5432541,975,517885,10000,311202,179,15704,10218,328261,3,6,27087,24204.43,12331489,12004577,0
2021-10-21,7012,6059782,9386,5441927,858,518743,10861,322063,160,15864,11055,339316,1,7,28312,24005.86,12359801,12021867,0
2021-10-22,8094,6067876,10343,5452270,1026,519769,16367,338430,222,16086,16643,355959,0,7,36106,24670.43,12395907,12041384,0
2021-10-23,5151,6073027,6459,5458729,690,520459,9132,347562,117,16203,9268,365227,0,7,21568,25334.71,12417475,12053703,0
2021-10-24,3253,6076280,3966,5462695,769,521228,6174,353736,78,16281,6276,371503,1,8,14265,25880.86,12431740,12061715,0
2021-10-25,8732,6085012,8746,5471441,1150,522378,19283,373019,301,16582,19653,391156,0,8,38281,27320.43,12470021,12080412,0
2021-10-26,8164,6093176,7722,5479163,1258,523636,17310,390329,275,16857,17655,408811,0,8,34799,28631.14,12504820,12097626,0
2021-10-27,10512,6103688,8394,5487557,1605,525241,20891,411220,326,17183,21284,430095,0,8,41795,30732.29,12546615,12118204,0
2021-10-28,11270,6114958,8030,5495587,1794,527035,20895,432115,326,17509,21287,451382,0,8,42381,32742.14,12588996,12139364,0
2021-10-29,11817,6126775,8230,5503817,1968,529003,22576,454691,343,17852,22991,474373,1,9,45008,34013.86,12634004,12161452,0
2021-10-30,4604,6131379,5064,5508881,932,529935,11193,465884,168,18020,11399,485772,0,9,21999,34075.43,12656003,12172090,0
2021-10-31,2647,6134026,2700,5511581,544,530479,6649,472533,105,18125,6777,492549,1,10,12668,33847.29,12668671,12178003,0
2021-11-01,7084,6141110,6955,5518536,1086,531565,20428,492961,333,18458,20816,513365,0,10,35941,33513,12704612,12193183,0
2021-11-02,6537,6147647,6587,5525123,1055,532620,20813,513774,277,18735,21165,534530,0,10,35344,33590.86,12739956,12207437,0
2021-11-03,6807,6154454,6680,5531803,1026,533646,20668,534442,314,19049,21056,555586,0,10,35571,32701.71,12775527,12222026,0
2021-11-04,9265,6163719,6278,5538081,994,534640,22410,556852,348,19397,22841,578427,0,10,39378,32272.71,12814905,12238646,0
2021-11-05,11010,6174729,6719,5544800,1051,535691,23800,580652,356,19753,24236,602663,0,10,43016,31988.14,12857921,12257506,0
2021-11-06,11108,6185837,4048,5548848,594,536285,12614,593266,172,19925,12823,615486,0,10,28573,32927.29,12886494,12273293,0
2021-11-07,7231,6193068,2286,5551134,577,536862,7120,600386,98,20023,7233,622719,0,10,17327,33592.86,12903821,12283402,0
2021-11-08,15027,6208095,5677,5556811,863,537725,19540,619926,283,20306,19888,642607,1,11,41456,34380.71,12945277,12305034,0
2021-11-09,16112,6224207,5387,5562198,659,538384,20553,640479,277,20583,20910,663517,0,11,43068,35484.14,12988345,12327272,0
2021-11-10,16878,6241085,5321,5567519,682,539066,22702,663181,292,20875,23063,686580,0,11,45944,36966,13034289,12350222,0
2021-11-11,12512,6253597,5179,5572698,760,539826,22143,685324,288,21163,22501,709081,0,11,40952,37190.86,13075241,12368743,0
2021-11-12,16898,6270495,5688,5578386,705,540531,23467,708791,356,21519,23899,732980,1,12,47191,37787.29,13122432,12392110,0
2021-11-13,9906,6280401,3659,5582045,464,540995,13363,722154,183,21702,13589,746569,0,12,27618,37650.86,13150050,12406182,0
2021-11-14,5986,6286387,2285,5584330,324,541319,7952,730106,81,21783,8054,754623,1,13,16650,37554.14,13166700,12414798,0
2021-11-15,13188,6299575,5974,5590304,690,542009,25162,755268,366,22149,25609,780232,0,13,45461,38126.29,13212161,12434731,0
2021-11-16,9903,6309478,5781,5596085,653,542662,30725,785993,434,22583,31236,811468,0,13,47574,38770,13259735,12451146,0
2021-11-17,10230,6319708,6668,5602753,681,543343,31505,817498,420,23003,32013,843481,0,13,49592,39291.14,13309327,12468813,0
2021-11-18,10654,6330362,6531,5609284,855,544198,33095,850593,460,23463,33649,877130,0,13,51689,40825,13361016,12486947,0
2021-11-19,11925,6342287,6549,5615833,710,544908,36338,886931,465,23928,36894,914024,0,13,56078,42094.57,13417094,12506222,0
2021-11-20,9270,6351557,3415,5619248,513,545421,22569,909500,259,24187,22880,936904,0,13,36078,43303.14,13453172,12519472,0
2021-11-21,4906,6356463,1887,5621135,288,545709,13242,922742,153,24340,13419,950323,1,14,20501,43853.29,13473673,12526577,0
2021-11-22,10347,6366810,5781,5626916,750,546459,36011,958753,445,24785,36547,986870,0,14,53426,44991.14,13527099,12543547,0
2021-11-23,9716,6376526,4782,5631698,633,547092,33597,992350,379,25164,34048,1020918,0,14,49180,45220.57,13576279,12558751,0
2021-11-24,8633,6385159,4749,5636447,648,547740,25989,1018339,286,25450,26346,1047264,0,14,40376,43904,13616655,12572852,0
2021-11-25,447,6385606,328,5636775,80,547820,1003,1019342,9,25459,1012,1048276,0,14,1867,36786.57,13618522,12573707,0
2021-11-26,8014,6393620,6989,5643764,528,548348,26632,1045974,306,25765,26994,1075270,0,14,42525,34850.43,13661047,12589294,0
2021-11-27,6643,6400263,6831,5650595,370,548718,18889,1064863,226,25991,19150,1094420,0,14,32995,34410,13694042,12603174,0
2021-11-28,4044,6404307,5788,5656383,281,548999,11932,1076795,122,26113,12073,1106493,0,14,22186,34650.71,13716228,12613306,0
2021-11-29,9028,6413335,11007,5667390,685,549684,35144,1111939,446,26559,35665,1142158,1,15,56386,35073.57,13772614,12634101,0
2021-11-30,10427,6423762,11446,5678836,512,550196,37877,1149816,499,27058,38489,1180647,0,15,60874,36744.14,13833488,12656599,0
2021-12-01,11095,6434857,10985,5689821,724,550920,40452,1190268,439,27497,40993,1221640,0,15,63798,40090.14,13897286,12679506,0
2021-12-02,11580,6446437,11045,5700866,624,551544,42274,1232542,453,27950,42825,1264465,0,15,66074,49262.57,13963360,12702853,0
2021-12-03,13382,6459819,12906,5713772,667,552211,48075,1280617,522,28472,48700,1313165,1,16,75656,53995.57,14039016,12729911,0
2021-12-04,9776,6469595,11293,5725065,564,552775,30756,1311373,308,28780,31118,1344283,0,16,52751,56817.86,14091767,12751598,0
2021-12-05,5711,6475306,5704,5730769,270,553045,16701,1328074,131,28911,16867,1361150,0,16,28552,57727.29,14120319,12763318,0
2021-12-06,12257,6487563,9985,5740754,599,553644,43372,1371446,453,29364,43916,1405066,0,16,66757,59208.86,14187076,12786250,0
2021-12-07,12507,6500070,9257,5750011,623,554267,43163,1414609,511,29875,43760,1448826,0,16,66147,59962.14,14253223,12808723,0
2021-12-08,13446,6513516,8777,5758788,555,554822,40911,1455520,479,30354,41467,1490293,0,16,64245,60026,14317468,12831578,0
2021-12-09,13408,6526924,8756,5767544,554,555376,40935,1496455,494,30848,41525,1531818,0,16,64243,59764.43,14381711,12854392,0
2021-12-10,13956,6540880,10153,5777697,668,556044,43780,1540235,503,31351,44375,1576193,0,16,69152,58835.29,14450863,12879261,0
2021-12-11,10217,6551097,8129,5785826,405,556449,26754,1566989,284,31635,27087,1603280,0,16,45839,57847.86,14496702,12898062,0
2021-12-12,5984,6557081,3856,5789682,287,556736,15198,1582187,135,31770,15357,1618637,0,16,25484,57409.57,14522186,12908213,0
2021-12-13,12141,6569222,7431,5797113,655,557391,38006,1620193,403,32173,38491,1657128,0,16,58718,56261.14,14580904,12928522,0
2021-12-14,12172,6581394,6950,5804063,730,558121,38259,1658452,440,32613,38765,1695893,0,16,58617,55185.43,14639521,12948440,0
2021-12-15,12023,6593417,6249,5810312,756,558877,38246,1696698,491,33104,38816,1734709,0,16,57845,54271.14,14697366,12967548,0
2021-12-16,13105,6606522,4270,5814582,739,559616,41226,1737924,463,33567,41761,1776470,0,16,59875,53647.14,14757241,12985734,0
2021-12-17,15875,6622397,6941,5821523,618,560234,46911,1784835,482,34049,47489,1823959,0,16,70923,53900.14,14828164,13009264,0
2021-12-18,12959,6635356,5722,5827245,432,560666,30673,1815508,276,34325,31006,1854965,1,17,50119,54511.57,14878283,13028433,0
2021-12-19,6980,6642336,2994,5830239,326,560992,18045,1833553,172,34497,18249,1873214,0,17,28549,54949.43,14906832,13038765,0
2021-12-20,16766,6659102,5857,5836096,745,561737,47597,1881150,574,35071,48250,1921464,0,17,71618,56792.29,14978450,13062212,0
2021-12-21,17897,6676999,6576,5842672,805,562542,49015,1930165,594,35665,49689,1971153,0,17,74967,59128,15053417,13087570,0
2021-12-22,18503,6695502,6556,5849228,938,563480,49817,1979982,537,36202,50432,2021585,1,18,76430,61783,15129847,13113645,0
2021-12-23,18976,6714478,6486,5855714,930,564410,45973,2025955,530,36732,46568,2068153,0,18,72960,63652.29,15202807,13140102,0
2021-12-24,9197,6723675,2951,5858665,598,565008,20643,2046598,214,36946,20889,2089042,0,18,33635,58325.43,15236442,13152880,0
2021-12-25,344,6724019,63,5858728,31,565039,427,2047025,8,36954,436,2089478,0,18,874,51290.43,15237316,13153319,0
2021-12-26,7931,6731950,3929,5862657,341,565380,17309,2064334,175,37129,17516,2106994,0,18,29717,51457.29,15267033,13165552,0
2021-12-27,21716,6753666,9201,5871858,932,566312,43535,2107869,560,37689,44168,2151162,0,18,76017,52085.71,15343050,13197474,0
2021-12-28,20076,6773742,8341,5880199,702,567014,47663,2155532,622,38311,48373,2199535,0,18,77492,52446.43,15420542,13226681,0
2021-12-29,18449,6792191,7669,5887868,606,567620,45646,2201178,493,38804,46213,2245748,0,18,72937,51947.43,15493479,13253479,0
2021-12-30,16837,6809028,7428,5895296,588,568208,44917,2246095,590,39394,45593,2291341,0,18,70446,51588.29,15563925,13278418,0
2021-12-31,5343,6814371,2810,5898106,192,568400,14786,2260881,187,39581,14995,2306336,0,18,23340,50117.57,15587265,13286785,0
2022-01-01,244,6814615,147,5898253,12,568412,502,2261383,22,39603,528,2306864,0,18,931,50125.71,15588196,13287192,0
2022-01-02,6414,6821029,5022,5903275,153,568565,10996,2272379,111,39714,11123,2317987,0,18,22712,49125,15610908,13298797,0
2022-01-03,14102,6835131,8507,5911782,515,569080,27008,2299387,346,40060,27398,2345385,0,18,50522,45482.86,15661430,13321965,0
2022-01-04,12792,6847923,8127,5919909,415,569495,27292,2326679,367,40427,27716,2373101,0,18,49050,41419.71,15710480,13343356,0
2022-01-05,11292,6859215,7023,5926932,384,569879,26022,2352701,315,40742,26380,2399481,0,18,45079,37440,15755559,13362098,0
2022-01-06,11321,6870536,7397,5934329,485,570364,27665,2380366,348,41090,28065,2427546,0,18,47268,34128.86,15802827,13381353,0
2022-01-07,10128,6880664,8459,5942788,339,570703,25229,2405595,327,41417,25590,2453136,0,18,44517,37154.14,15847344,13400314,0
2022-01-08,7657,6888321,8590,5951378,311,571014,19628,2425223,184,41601,19829,2472965,0,18,36388,42219.43,15883732,13416890,0
2022-01-09,4111,6892432,3845,5955223,214,571228,10078,2435301,95,41696,10184,2483149,0,18,18354,41596.86,15902086,13425071,0
2022-01-10,10147,6902579,8194,5963417,490,571718,24637,2459938,305,42001,24992,2508141,1,19,43823,40639.86,15945909,13443951,0
2022-01-11,8850,6911429,7992,5971409,521,572239,21056,2480994,299,42300,21400,2529541,0,19,38765,39170.57,15984674,13461361,0
2022-01-12,8906,6920335,8330,5979739,428,572667,22391,2503385,291,42591,22717,2552258,1,20,40382,38499.57,16025056,13479060,0
2022-01-13,9002,6929337,8868,5988607,451,573118,22933,2526318,325,42916,23293,2575551,0,20,41615,37692,16066671,13497417,0
2022-01-14,10075,6939412,8127,5996734,475,573593,26466,2552784,336,43252,26844,2602395,0,20,45521,37835.43,16112192,13516136,0
2022-01-15,6189,6945601,4312,6001046,179,573772,15160,2567944,180,43432,15362,2617757,0,20,26042,36357.43,16138234,13526838,0
2022-01-16,2901,6948502,3248,6004294,95,573867,7838,2575782,87,43519,7934,2625691,0,20,14178,35760.86,16152412,13533091,0
2022-01-17,6038,6954540,6754,6011048,363,574230,14708,2590490,224,43743,14949,2640640,0,20,28104,33515.29,16180516,13546263,0
2022-01-18,8133,6962673,10322,6021370,395,574625,19699,2610189,322,44065,20050,2660690,0,20,38900,33534.57,16219416,13565142,0
2022-01-19,7427,6970100,9255,6030625,303,574928,17739,2627928,279,44344,18051,2678741,0,20,35037,32771,16254453,13582161,0
2022-01-20,6243,6976343,8561,6039186,305,575233,15292,2643220,250,44594,15568,2694309,0,20,30677,31208.43,16285130,13597296,0
2022-01-21,7534,6983877,7514,6046700,276,575509,18535,2661755,288,44882,18848,2713157,0,20,34172,29587.14,16319302,13612645,0
2022-01-22,5174,6989051,4936,6051636,131,575640,11337,2673092,130,45012,11491,2724648,0,20,21732,28971.43,16341034,13622910,0
2022-01-23,2792,6991843,3330,6054966,97,575737,6247,2679339,76,45088,6331,2730979,0,20,12550,28738.86,16353584,13629137,0
2022-01-24,6341,6998184,8207,6063173,262,575999,15090,2694429,245,45333,15362,2746341,0,20,30172,29034.29,16383756,13643974,0
2022-01-25,6157,7004341,7950,6071123,231,576230,14723,2709152,262,45595,15016,2761357,0,20,29354,27670.57,16413110,13658343,0
2022-01-26,5731,7010072,7180,6078303,289,576519,14030,2723182,213,45808,14270,2775627,0,20,27470,26589.57,16440580,13671570,0
2022-01-27,5234,7015306,7094,6085397,320,576839,14105,2737287,235,46043,14379,2790006,0,20,27027,26068.14,16467607,13684257,0
2022-01-28,6230,7021536,7881,6093278,205,577044,16146,2753433,240,46283,16409,2806415,0,20,30725,25575.71,16498332,13698596,0
2022-01-29,838,7022374,729,6094007,28,577072,2540,2755973,40,46323,2583,2808998,0,20,4178,23068,16502510,13700194,0
2022-01-30,2080,7024454,3023,6097030,103,577175,4552,2760525,62,46385,4617,2813615,0,20,9823,22678.43,16512333,13705403,0
2022-01-31,4988,7029442,6595,6103625,220,577395,11406,2771931,199,46584,11620,2825235,0,20,23423,21714.29,16535756,13717221,0
2022-02-01,4809,7034251,6449,6110074,220,577615,10728,2782659,221,46805,10967,2836202,0,20,22445,20727.29,16558201,13728717,0
2022-02-02,4250,7038501,5941,6116015,212,577827,11253,2793912,244,47049,11515,2847717,0,20,21918,19934.14,16580119,13739138,0
2022-02-03,4207,7042708,5817,6121832,216,578043,11235,2805147,201,47250,11461,2859178,0,20,21701,19173.29,16601820,13749403,0
2022-02-04,4743,7047451,7118,6128950,214,578257,13238,2818385,239,47489,13501,2872679,0,20,25576,18437.71,16627396,13761502,0
2022-02-05,3561,7051012,6053,6135003,110,578367,8589,2826974,157,47646,8761,2881440,0,20,18485,20481.57,16645881,13771241,0
2022-02-06,2057,7053069,2138,6137141,120,578487,4645,2831619,104,47750,4753,2886193,0,20,9069,20373.86,16654950,13775561,0
2022-02-07,4135,7057204,4740,6141881,205,578692,10146,2841765,235,47985,10406,2896599,0,20,19486,19811.43,16674436,13784666,0
2022-02-08,4201,7061405,5610,6147491,214,578906,11343,2853108,310,48295,11678,2908277,0,20,21703,19705.43,16696139,13794716,0
2022-02-09,4115,7065520,5403,6152894,222,579128,11677,2864785,259,48554,11960,2920237,0,20,21700,19674.29,16717839,13804480,0
2022-02-10,3971,7069491,5129,6158023,244,579372,12207,2876992,289,48843,12523,2932760,0,20,21867,19698,16739706,13813851,0
2022-02-11,4497,7073988,5811,6163834,195,579567,13745,2890737,325,49168,14101,2946861,0,20,24604,19559.14,16764310,13824385,0
2022-02-12,3245,7077233,4344,6168178,97,579664,8817,2899554,215,49383,9043,2955904,0,20,16729,19308.29,16781039,13832082,0
2022-02-13,1512,7078745,1543,6169721,41,579705,4888,2904442,112,49495,5005,2960909,0,20,8101,19170,16789140,13835183,0
2022-02-14,2973,7081718,3624,6173345,167,579872,10586,2915028,325,49820,10937,2971846,0,20,17701,18915,16806841,13841973,0
2022-02-15,3528,7085246,4079,6177424,174,580046,12801,2927829,286,50106,13103,2984949,0,20,20884,18798,16827725,13849770,0
2022-02-16,3631,7088877,3907,6181331,199,580245,15749,2943578,296,50402,16079,3001028,0,20,23816,19100.29,16851541,13857541,0
2022-02-17,4060,7092937,4083,6185414,161,580406,18361,2961939,364,50766,18755,3019783,0,20,27059,19842,16878600,13865875,0
2022-02-18,4441,7097378,4787,6190201,191,580597,21557,2983496,459,51225,22038,3041821,0,20,31457,20821,16910057,13875316,0
2022-02-19,3244,7100622,2183,6192384,65,580662,11193,2994689,216,51441,11420,3053241,0,20,16912,20847.14,16926969,13880819,0
2022-02-20,1846,7102468,1445,6193829,59,580721,6596,3001285,113,51554,6716,3059957,0,20,10066,21127.86,16937035,13884176,0
2022-02-21,3077,7105545,2696,6196525,95,580816,8355,3009640,234,51788,8602,3068559,0,20,14470,20666.29,16951505,13890057,0
2022-02-22,4364,7109909,4257,6200782,174,580990,10845,3020485,253,52041,11113,3079672,0,20,19908,20526.86,16971413,13898867,0
2022-02-23,4242,7114151,3795,6204577,145,581135,10679,3031164,243,52284,10938,3090610,0,20,19120,19856,16990533,13907065,0
2022-02-24,3783,7117934,3661,6208238,108,581243,10202,3041366,231,52515,10452,3101062,0,20,18004,18562.43,17008537,13914636,0
2022-02-25,3600,7121534,3634,6211872,135,581378,9988,3051354,244,52759,10244,3111306,0,20,17613,16584.71,17026150,13922017,0
2022-02-26,2823,7124357,2582,6214454,74,581452,9524,3060878,160,52919,9692,3120998,0,20,15171,16336,17041321,13927504,0
2022-02-27,1765,7126122,1373,6215827,52,581504,6273,3067151,101,53020,6381,3127379,0,20,9571,16265.29,17050892,13930701,0
2022-02-28,3775,7129897,3137,6218964,140,581644,13152,3080303,251,53271,13426,3140805,0,20,20478,17123.57,17071370,13937776,0
2022-03-01,2119,7132016,2631,6221595,103,581747,5190,3085493,187,53458,5384,3146189,0,20,10237,15742,17081607,13942636,0
2022-03-02,1829,7133845,2445,6224040,107,581854,4143,3089636,210,53668,4365,3150554,0,20,8746,14260,17090353,13947029,0
2022-03-03,1931,7135776,2560,6226600,106,581960,3802,3093438,172,53840,3987,3154541,0,20,8584,12914.29,17098937,13951639,0
2022-03-04,2119,7137895,2878,6229478,66,582026,4331,3097769,209,54049,4552,3159093,0,20,9615,11771.71,17108552,13956714,0
2022-03-05,1611,7139506,2123,6231601,43,582069,3317,3101086,119,54168,3439,3162532,0,20,7216,10635.29,17115768,13960494,0
2022-03-06,796,7140302,880,6232481,30,582099,1625,3102711,55,54223,1683,3164215,0,20,3389,9752.14,17119157,13962203,0
2022-03-07,1660,7141962,1789,6234270,87,582186,3505,3106216,160,54383,3680,3167895,0,20,7216,7857.57,17126373,13965754,0
2022-03-08,1548,7143510,1897,6236167,80,582266,3126,3109342,154,54537,3291,3171186,0,20,6816,7368.86,17133189,13969290,0
2022-03-09,1262,7144772,1682,6237849,80,582346,2594,3111936,129,54666,2728,3173914,0,20,5752,6941.14,17138941,13972319,0
2022-03-10,1412,7146184,2099,6239948,85,582431,2970,3114906,163,54829,3142,3177056,0,20,6738,6677.43,17145679,13975924,0
2022-03-11,1592,7147776,2277,6242225,81,582512,3213,3118119,191,55020,3422,3180478,0,20,7372,6357,17153051,13979892,0
2022-03-12,876,7148652,1416,6243641,42,582554,2009,3120128,76,55096,2088,3182566,0,20,4422,5957.86,17157473,13982229,0
2022-03-13,625,7149277,756,6244397,28,582582,1293,3121421,47,55143,1343,3183909,0,20,2752,5866.86,17160225,13983641,0
2022-03-14,1364,7150641,1614,6246011,83,582665,2996,3124417,208,55351,3224,3187133,0,20,6285,5733.86,17166510,13986722,0
2022-03-15,1354,7151995,1926,6247937,63,582728,3072,3127489,233,55584,3312,3190445,0,20,6655,5710.86,17173165,13990072,0
2022-03-16,1396,7153391,2063,6250000,94,582822,3146,3130635,295,55879,3457,3193902,0,20,7010,5890.57,17180175,13993641,0
2022-03-17,1192,7154583,1808,6251808,71,582893,2763,3133398,269,56148,3046,3196948,0,20,6117,5801.86,17186292,13996726,0
2022-03-18,1584,7156167,2219,6254027,79,582972,3775,3137173,420,56568,4202,3201150,0,20,8084,5903.57,17194376,14000615,0
2022-03-19,1106,7157273,1736,6255763,54,583026,2605,3139778,228,56796,2838,3203988,0,20,5734,6091,17200110,14003516,0
2022-03-20,606,7157879,630,6256393,33,583059,1469,3141247,186,56982,1659,3205647,0,20,2928,6116.14,17203038,14004789,0
2022-03-21,1416,7159295,1556,6257949,73,583132,3061,3144308,360,57342,3442,3209089,0,20,6487,6145,17209525,14007855,0
2022-03-22,1343,7160638,1554,6259503,101,583233,2908,3147216,346,57688,3264,3212353,0,20,6262,6088.86,17215787,14010863,0
2022-03-23,1258,7161896,1360,6260863,66,583299,2920,3150136,375,58063,3304,3215657,0,20,5988,5942.86,17221775,14013556,0
2022-03-24,1211,7163107,1299,6262162,90,583389,2522,3152658,270,58333,2802,3218459,0,20,5402,5840.71,17227177,14016166,0
2022-03-25,1380,7164487,1633,6263795,62,583451,3270,3155928,382,58715,3665,3222124,0,20,6740,5648.71,17233917,14019254,0
2022-03-26,926,7165413,1165,6264960,36,583487,2308,3158236,251,58966,2567,3224691,0,20,4694,5500.14,17238611,14021389,0
2022-03-27,574,7165987,528,6265488,29,583516,1315,3159551,202,59168,1519,3226210,0,20,2650,5460.43,17241261,14022522,0
2022-03-28,1079,7167066,1168,6266656,69,583585,2441,3161992,365,59533,2824,3229034,0,20,5140,5268,17246401,14024856,0
2022-03-29,1048,7168114,1104,6267760,85,583670,2514,3164506,885,60418,3419,3232453,1,21,5656,5181.43,17252057,14027112,0
2022-03-30,1238,7169352,1138,6268898,99,583769,3064,3167570,3411,63829,6563,3239016,0,21,9038,5617.14,17261095,14029675,0
2022-03-31,1276,7170628,1249,6270147,57,583826,3165,3170735,5524,69353,8828,3247844,0,21,11411,6475.57,17272506,14032397,0
2022-04-01,1420,7172048,1488,6271635,76,583902,3244,3173979,6919,76272,10321,3258165,0,21,13305,7413.43,17285811,14035539,0
2022-04-02,907,7172955,908,6272543,33,583935,2088,3176067,4539,80811,6723,3264888,0,21,8571,7967.29,17294382,14037483,0
2022-04-03,554,7173509,493,6273036,28,583963,1220,3177287,3058,83869,4341,3269229,0,21,5416,8362.43,17299798,14038621,0
2022-04-04,1349,7174858,1303,6274339,61,584024,2721,3180008,7717,91586,10593,3279822,0,21,13306,9529,17313104,14041489,0
2022-04-05,1293,7176151,1153,6275492,66,584090,2845,3182853,7501,99087,10520,3290342,0,21,13032,10582.71,17326136,14044175,0
2022-04-06,1335,7177486,1174,6276666,61,584151,2622,3185475,6968,106055,9746,3300088,0,21,12316,11051,17338452,14046901,0
2022-04-07,1205,7178691,1062,6277728,57,584208,2375,3187850,6624,112679,9145,3309233,0,21,11469,11059.29,17349921,14049371,0
2022-04-08,1478,7180169,1406,6279134,61,584269,3164,3191014,8797,121476,12148,3321381,0,21,15093,11314.71,17365014,14052503,0
2022-04-09,911,7181080,925,6280059,29,584298,2080,3193094,4952,126428,7117,3328498,0,21,8982,11373.43,17373996,14054453,0
2022-04-10,578,7181658,460,6280519,25,584323,1167,3194261,2903,129331,4130,3332628,0,21,5193,11341.57,17379189,14055576,0
2022-04-11,1307,7182965,1226,6281745,61,584384,2656,3196917,7838,137169,10644,3343272,0,21,13238,11331.86,17392427,14058320,0
2022-04-12,1213,7184178,1057,6282802,73,584457,2520,3199437,7447,144616,10137,3353409,0,21,12480,11253,17404907,14060833,0
2022-04-13,1231,7185409,1075,6283877,60,584517,2513,3201950,7545,152161,10207,3363616,0,21,12573,11289.71,17417480,14063348,0
2022-04-14,1261,7186670,1095,6284972,59,584576,2444,3204394,6590,158751,9156,3372772,0,21,11571,11304.29,17429051,14065885,0
2022-04-15,1332,7188002,1094,6286066,53,584629,2558,3206952,6633,165384,9319,3382091,0,21,11798,10833.57,17440849,14068492,0
2022-04-16,855,7188857,652,6286718,34,584663,1643,3208595,3689,169073,5400,3387491,0,21,6941,10542,17447790,14070101,0
2022-04-17,345,7189202,201,6286919,27,584690,638,3209233,1158,170231,1819,3389310,0,21,2392,10141.86,17450182,14070697,0
2022-04-18,1383,7190585,1116,6288035,82,584772,2581,3211814,6414,176645,9133,3398443,0,21,11714,9924.14,17461896,14073416,0
2022-04-19,1413,7191998,935,6288970,71,584843,2577,3214391,5756,182401,8436,3406879,0,21,10855,9692,17472751,14075938,0
2022-04-20,1305,7193303,1153,6290123,65,584908,2707,3217098,6644,189045,9489,3416368,0,21,12012,9611.86,17484763,14078599,0
2022-04-21,1225,7194528,1063,6291186,53,584961,2339,3219437,5395,194440,7852,3424220,0,21,10193,9415,17494956,14081058,0
2022-04-22,1236,7195764,1040,6292226,46,585007,2241,3221678,5778,200218,8133,3432353,0,21,10456,9223.29,17505412,14083495,0
2022-04-23,711,7196475,749,6292975,59,585066,1429,3223107,3350,203568,4846,3437199,0,21,6365,9141,17511777,14085081,0
2022-04-24,441,7196916,336,6293311,27,585093,808,3223915,1819,205387,2658,3439857,0,21,3462,9293.86,17515239,14085916,0
2022-04-25,1038,7197954,914,6294225,64,585157,1851,3225766,5092,210479,7055,3446912,0,21,9071,8916.29,17524310,14088044,0
2022-04-26,948,7198902,858,6295083,76,585233,1747,3227513,4691,215170,6533,3453445,0,21,8415,8567.71,17532725,14090021,0
2022-04-27,1037,7199939,1022,6296105,80,585313,1925,3229438,5213,220383,7257,3460702,0,21,9396,8194,17542121,14092279,0
2022-04-28,1082,7201021,987,6297092,50,585363,2003,3231441,4740,225123,6856,3467558,0,21,8975,8020,17551096,14094511,0
2022-04-29,1178,7202199,1097,6298189,60,585423,2157,3233598,5425,230548,7694,3475252,0,21,10029,7959,17561125,14096958,0
2022-04-30,724,7202923,742,6298931,50,585473,1390,3234988,2968,233516,4403,3479655,0,21,5919,7895.29,17567044,14098519,0
2022-05-01,445,7203368,366,6299297,20,585493,766,3235754,1656,235172,2453,3482108,0,21,3284,7869.86,17570328,14099381,0
2022-05-02,1047,7204415,792,6300089,52,585545,1675,3237429,3819,238991,5561,3487669,1,22,7453,7638.71,17577781,14101339,0
2022-05-03,1118,7205533,863,6300952,61,585606,1994,3239423,4872,243863,6961,3494630,0,22,9003,7722.71,17586784,14103476,0
2022-05-04,1007,7206540,884,6301836,48,585654,1923,3241346,4676,248539,6688,3501318,0,22,8627,7612.86,17595411,14105504,0
2022-05-05,1072,7207612,955,6302791,86,585740,1929,3243275,4880,253419,6908,3508226,0,22,9021,7619.43,17604432,14107716,0
2022-05-06,1094,7208706,954,6303745,51,585791,1860,3245135,4402,257821,6340,3514566,1,23,8439,7392.29,17612871,14109892,0
2022-05-07,661,7209367,590,6304335,32,585823,1202,3246337,2433,260254,3674,3518240,0,23,4957,7254.86,17617828,14111214,0
2022-05-08,411,7209778,243,6304578,17,585840,666,3247003,1388,261642,2076,3520316,0,23,2747,7178.14,17620575,14111907,0
2022-05-09,1077,7210855,943,6305521,60,585900,1893,3248896,4431,266073,6414,3526730,0,23,8494,7326.86,17629069,14114077,0
2022-05-10,1096,7211951,929,6306450,54,585954,1981,3250877,4719,270792,6805,3533535,0,23,8884,7309.86,17637953,14116261,0
2022-05-11,1086,7213037,972,6307422,44,585998,1942,3252819,4842,275634,6883,3540418,0,23,8985,7361,17646938,14118462,0
2022-05-12,1103,7214140,950,6308372,60,586058,2000,3254819,4666,280300,6764,3547182,0,23,8877,7340.43,17655815,14120673,0
2022-05-13,1157,7215297,1042,6309414,44,586102,2067,3256886,4801,285101,6958,3554140,0,23,9201,7449.29,17665016,14123006,0
2022-05-14,827,7216124,668,6310082,31,586133,1466,3258352,2953,288054,4461,3558601,0,23,5987,7596.43,17671003,14124574,0
2022-05-15,509,7216633,357,6310439,22,586155,923,3259275,1647,289701,2597,3561198,0,23,3485,7701.86,17674488,14125489,0
2022-05-16,1227,7217860,855,6311294,62,586217,1830,3261105,3864,293565,5758,3566956,1,24,7903,7617.43,17682391,14127697,0
2022-05-17,1289,7219149,932,6312226,79,586296,2044,3263149,4893,298458,7030,3573986,0,24,9330,7681.14,17691721,14130090,0
2022-05-18,1241,7220390,899,6313125,82,586378,2061,3265210,4938,303396,7109,3581095,1,25,9332,7730.71,17701053,14132422,0
2022-05-19,1160,7221550,881,6314006,36,586414,2117,3267327,4728,308124,6931,3588026,0,25,9008,7749.43,17710061,14134585,0
2022-05-20,1196,7222746,963,6314969,73,586487,2371,3269698,5202,313326,7687,3595713,0,25,9921,7852.29,17719982,14136933,0
2022-05-21,833,7223579,647,6315616,23,586510,1719,3271417,3304,316630,5084,3600797,0,25,6588,7938.14,17726570,14138498,0
2022-05-22,508,7224087,292,6315908,22,586532,1135,3272552,1839,318469,3008,3603805,0,25,3830,7987.43,17730400,14139354,0
2022-05-23,1221,7225308,886,6316794,52,586584,2186,3274738,4709,323178,6993,3610798,1,26,9153,8166,17739553,14141611,0
2022-05-24,1409,7226717,937,6317731,66,586650,2298,3277036,4491,327669,6890,3617688,0,26,9303,8162.14,17748856,14144125,0
2022-05-25,1416,7228133,954,6318685,56,586706,2258,3279294,4271,331940,6630,3624318,0,26,9057,8122.86,17757913,14146653,0
2022-05-26,1173,7229306,889,6319574,60,586766,2265,3281559,4152,336092,6485,3630803,1,27,8609,8065.86,17766522,14148844,0
2022-05-27,1243,7230549,959,6320533,38,586804,2498,3284057,3919,340011,6492,3637295,0,27,8733,7896.14,17775255,14151160,0
2022-05-28,712,7231261,517,6321050,19,586823,1784,3285841,2064,342075,3886,3641181,0,27,5134,7688.43,17780389,14152446,0
2022-05-29,473,7231734,215,6321265,11,586834,760,3286601,1126,343201,1905,3643086,0,27,2604,7513.29,17782993,14153164,0
2022-05-30,92,7231826,60,6321325,6,586840,139,3286740,144,343345,285,3643371,1,28,444,6269.14,17783437,14153324,0
2022-05-31,1138,7232964,919,6322244,51,586891,1894,3288634,3053,346398,5006,3648377,0,28,7114,5956.43,17790551,14155491,0
2022-06-01,1153,7234117,853,6323097,63,586954,1968,3290602,3427,349825,5468,3653845,0,28,7537,5739.29,17798088,14157633,0
2022-06-02,1033,7235150,799,6323896,72,587026,1823,3292425,3171,352996,5056,3658901,0,28,6960,5503.71,17805048,14159599,0
2022-06-03,1162,7236312,894,6324790,47,587073,2068,3294493,3496,356492,5630,3664531,0,28,7733,5360.86,17812781,14161768,0
2022-06-04,726,7237038,582,6325372,26,587099,1554,3296047,1905,358397,3494,3668025,0,28,4830,5317.43,17817611,14163139,0
2022-06-05,449,7237487,297,6325669,1,587100,880,3296927,979,359376,1868,3669893,0,28,2615,5319,17820226,14163895,0
2022-06-06,1125,7238612,827,6326496,64,587164,1753,3298680,2744,362120,4547,3674440,0,28,6563,6193.14,17826789,14165961,0
2022-06-07,1025,7239637,770,6327266,70,587234,1789,3300469,2564,364684,4400,3678840,0,28,6265,6071.86,17833054,14167873,0
2022-06-08,1094,7240731,835,6328101,75,587309,1877,3302346,2749,367433,4689,3683529,0,28,6694,5951.43,17839748,14169941,0
2022-06-09,1138,7241869,840,6328941,62,587371,2227,3304573,2692,370125,4971,3688500,0,28,7011,5958.71,17846759,14172033,0
2022-06-10,1048,7242917,817,6329758,75,587446,1881,3306454,2828,372953,4764,3693264,0,28,6704,5811.71,17853463,14174028,0
2022-06-11,680,7243597,508,6330266,25,587471,1325,3307779,1504,374457,2855,3696119,0,28,4068,5702.86,17857531,14175267,0
2022-06-12,351,7243948,287,6330553,21,587492,877,3308656,773,375230,1660,3697779,0,28,2319,5660.57,17859850,14175936,0
2022-06-13,1029,7244977,768,6331321,63,587555,1575,3310231,2187,377417,3801,3701580,0,28,5662,5531.86,17865512,14177836,0
2022-06-14,966,7245943,833,6332154,64,587619,1686,3311917,2503,379920,4250,3705830,0,28,6113,5510.14,17871625,14179760,0
2022-06-15,968,7246911,865,6333019,39,587658,1667,3313584,2419,382339,4144,3709974,0,28,6016,5413.29,17877641,14181690,0
2022-06-16,962,7247873,775,6333794,59,587717,1831,3315415,2369,384708,4252,3714226,1,29,6048,5275.71,17883689,14183537,0
2022-06-17,901,7248774,799,6334593,48,587765,1770,3317185,2397,387105,4211,3718437,0,29,5960,5169.43,17889649,14185330,0
2022-06-18,658,7249432,521,6335114,26,587791,1280,3318465,1296,388401,2604,3721041,1,30,3809,5132.43,17893458,14186562,0
2022-06-19,346,7249778,235,6335349,16,587807,727,3319192,608,389009,1347,3722388,0,30,1944,5078.86,17895402,14187171,0
2022-06-20,834,7250612,488,6335837,41,587848,1572,3320764,1615,390624,3224,3725612,0,30,4587,4925.29,17899989,14188571,0
2022-06-21,1134,7251746,740,6336577,50,587898,1698,3322462,2142,392766,3897,3729509,0,30,5822,4883.71,17905811,14190553,0
2022-06-22,1964,7253710,834,6337411,46,587944,1705,3324167,1992,394758,3740,3733249,0,30,6584,4964.86,17912395,14193440,0
2022-06-23,2119,7255829,763,6338174,65,588009,1698,3325865,2153,396911,3901,3737150,0,30,6849,5079.29,17919244,14196438,0
2022-06-24,2173,7258002,758,6338932,48,588057,1623,3327488,2158,399069,3829,3740979,0,30,6808,5200.43,17926052,14199465,0
2022-06-25,2139,7260141,497,6339429,15,588072,1234,3328722,1142,400211,2389,3743368,0,30,5044,5376.86,17931096,14202133,0
2022-06-26,1210,7261351,248,6339677,14,588086,686,3329408,530,400741,1223,3744591,0,30,2695,5484.14,17933791,14203612,0
2022-06-27,1532,7262883,654,6340331,60,588146,1462,3330870,1656,402397,3158,3747749,0,30,5404,5600.86,17939195,14205898,0
2022-06-28,1692,7264575,831,6341162,57,588203,1857,3332727,2144,404541,4046,3751795,0,30,6626,5715.71,17945821,14208523,0
2022-06-29,1859,7266434,777,6341939,48,588251,1717,3334444,1928,406469,3684,3755479,0,30,6368,5684.86,17952189,14211246,0
2022-06-30,1869,7268303,807,6342746,46,588297,1731,3336175,2133,408602,3908,3759387,0,30,6630,5653.57,17958819,14214012,0
2022-07-01,1602,7269905,598,6343344,26,588323,1394,3337569,1726,410328,3153,3762540,0,30,5379,5449.43,17964198,14216271,0
2022-07-02,978,7270883,390,6343734,18,588341,835,3338404,941,411269,1793,3764333,0,30,3179,5183,17967377,14217674,0
2022-07-03,530,7271413,205,6343939,7,588348,459,3338863,486,411755,949,3765282,0,30,1691,5039.57,17969068,14218420,0
2022-07-04,36,7271449,25,6343964,1,588349,31,3338894,38,411793,69,3765351,0,30,131,4286.29,17969199,14218482,0
2022-07-05,1295,7272744,759,6344723,35,588384,1404,3340298,1739,413532,3173,3768524,0,30,5262,4091.43,17974461,14220601,0
2022-07-06,1610,7274354,680,6345403,44,588428,1445,3341743,1840,415372,3325,3771849,0,30,5659,3990.14,17980120,14222975,0
2022-07-07,1592,7275946,713,6346116,48,588476,1529,3343272,2001,417373,3567,3775416,0,30,5920,3888.71,17986040,14225365,0
2022-07-08,1631,7277577,651,6346767,37,588513,1474,3344746,1976,419349,3499,3778915,0,30,5820,3951.71,17991860,14227735,0
2022-07-09,983,7278560,427,6347194,26,588539,879,3345625,1344,420693,2254,3781169,0,30,3690,4024.71,17995550,14229202,0
2022-07-10,638,7279198,187,6347381,17,588556,429,3346054,661,421354,1100,3782269,0,30,1942,4060.57,17997492,14230054,0
2022-07-11,1397,7280595,635,6348016,49,588605,1437,3347491,2212,423566,3686,3785955,0,30,5767,4865.71,18003259,14232172,0
2022-07-12,1404,7281999,688,6348704,45,588650,1399,3348890,2513,426079,3985,3789940,0,30,6122,4988.57,18009381,14234382,0
2022-07-13,1620,7283619,725,6349429,37,588687,1524,3350414,2831,428910,4419,3794359,0,30,6801,5151.71,18016182,14236828,0
2022-07-14,1590,7285209,842,6350271,47,588734,1602,3352016,3059,431969,4732,3799091,0,30,7212,5336.29,18023394,14239379,0
2022-07-15,1615,7286824,938,6351209,47,588781,1570,3353586,3052,435021,4680,3803771,0,30,7280,5544.86,18030674,14242037,0
2022-07-16,883,7287707,584,6351793,9,588790,981,3354567,1696,436717,2707,3806478,0,30,4183,5615.29,18034857,14243543,0
2022-07-17,550,7288257,290,6352083,16,588806,527,3355094,1168,437885,1719,3808197,0,30,2575,5705.71,18037432,14244423,0
2022-07-18,1404,7289661,841,6352924,45,588851,1431,3356525,2455,440340,3942,3812139,0,30,6232,5772.14,18043664,14246769,0
2022-07-19,1443,7291104,977,6353901,51,588902,1535,3358060,2800,443140,4427,3816566,0,30,6898,5883,18050562,14249332,0
2022-07-20,1381,7292485,1483,6355384,50,588952,1352,3359412,2394,445534,3804,3820370,0,30,6719,5871.29,18057281,14252305,0
2022-07-21,1334,7293819,1434,6356818,50,589002,1394,3360806,2362,447896,3804,3824174,0,30,6622,5787,18063903,14255171,0
2022-07-22,1429,7295248,1568,6358386,41,589043,1562,3362368,2853,450749,4496,3828670,0,30,7534,5823.29,18071437,14258290,0
2022-07-23,903,7296151,1099,6359485,17,589060,995,3363363,1555,452304,2584,3831254,3,33,4606,5883.71,18076043,14260343,0
2022-07-24,485,7296636,642,6360127,14,589074,503,3363866,804,453108,1315,3832569,0,33,2457,5866.86,18078500,14261493,0
2022-07-25,1227,7297863,766,6360893,59,589133,1262,3365128,2060,455168,3376,3835945,0,33,5428,5752,18083928,14263599,0
2022-07-26,1232,7299095,1021,6361914,41,589174,1471,3366599,2441,457609,3970,3839915,0,33,6265,5661.57,18090193,14265952,0
2022-07-27,1319,7300414,1277,6363191,42,589216,1387,3367986,2192,459801,3638,3843553,2,35,6280,5598.86,18096473,14268651,0
2022-07-28,1310,7301724,1421,6364612,71,589287,1424,3369410,2219,462020,3691,3847244,1,36,6494,5580.57,18102967,14271501,0
2022-07-29,1317,7303041,1428,6366040,64,589351,1360,3370770,2153,464173,3557,3850801,0,36,6367,5413.86,18109334,14274355,0
2022-07-30,737,7303778,713,6366753,25,589376,790,3371560,952,465125,1762,3852563,0,36,3240,5218.71,18112574,14275853,0
2022-07-31,423,7304201,590,6367343,14,589390,487,3372047,570,465695,1064,3853627,0,36,2091,5166.43,18114665,14276887,0
2022-08-01,1238,7305439,912,6368255,55,589445,1330,3373377,1506,467201,2881,3856508,1,37,5087,5117.71,18119752,14279137,0
2022-08-02,1230,7306669,1013,6369268,73,589518,1347,3374724,1598,468799,2990,3859498,0,37,5306,4980.71,18125058,14281498,0
2022-08-03,1265,7307934,1189,6370457,41,589559,1339,3376063,1528,470327,2906,3862404,0,37,5401,4855.14,18130459,14284032,0
2022-08-04,1191,7309125,1187,6371644,57,589616,1286,3377349,1456,471783,2772,3865176,0,37,5207,4671.29,18135666,14286497,0
2022-08-05,1318,7310443,1449,6373093,49,589665,1309,3378658,1440,473223,2773,3867949,0,37,5589,4560.14,18141255,14289337,0
2022-08-06,696,7311139,843,6373936,14,589679,761,3379419,777,474000,1563,3869512,0,37,3117,4542.57,18144372,14290916,0
2022-08-07,391,7311530,457,6374393,14,589693,423,3379842,354,474354,787,3870299,0,37,1649,4479.43,18146021,14291788,0
2022-08-08,1193,7312723,933,6375326,70,589763,1272,3381114,1174,475528,2476,3872775,0,37,4672,4420.14,18150693,14294014,0
2022-08-09,1135,7313858,893,6376219,38,589801,1227,3382341,1158,476686,2418,3875193,0,37,4484,4302.71,18155177,14296113,0
2022-08-10,1224,7315082,1110,6377329,59,589860,1257,3383598,1245,477931,2536,3877729,0,37,4929,4235.29,18160106,14298540,0
2022-08-11,1281,7316363,1069,6378398,84,589944,1211,3384809,1279,479210,2529,3880258,0,37,4963,4200.43,18165069,14301013,0
2022-08-12,1301,7317664,1407,6379805,55,589999,1266,3386075,1250,480460,2546,3882804,0,37,5309,4160.43,18170378,14303806,0
2022-08-13,759,7318423,786,6380591,15,590014,763,3386838,629,481089,1410,3884214,0,37,2970,4139.43,18173348,14305384,0
2022-08-14,474,7318897,477,6381068,20,590034,405,3387243,281,481370,689,3884903,0,37,1660,4141,18175008,14306358,0
2022-08-15,1246,7320143,1061,6382129,60,590094,1316,3388559,990,482360,2346,3887249,1,38,4714,4147,18179722,14308765,0
2022-08-16,1309,7321452,869,6382998,50,590144,1363,3389922,1075,483435,2470,3889719,0,38,4698,4177.57,18184420,14311025,0
2022-08-17,1215,7322667,957,6383955,39,590183,1235,3391157,1005,484440,2278,3891997,0,38,4489,4114.71,18188909,14313274,0
2022-08-18,1168,7323835,945,6384900,45,590228,1267,3392424,946,485386,2238,3894235,0,38,4396,4033.71,18193305,14315457,0
2022-08-19,1255,7325090,1131,6386031,34,590262,1115,3393539,978,486364,2123,3896358,6,44,4549,3925.14,18197854,14317907,0
2022-08-20,586,7325676,493,6386524,16,590278,630,3394169,504,486868,1147,3897505,0,44,2242,3821.14,18200096,14319015,0
2022-08-21,358,7326034,243,6386767,9,590287,382,3394551,267,487135,652,3898157,0,44,1262,3764.29,18201358,14319628,0
2022-08-22,1213,7327247,920,6387687,39,590326,1232,3395783,887,488022,2147,3900304,0,44,4319,3707.86,18205677,14321828,0
2022-08-23,1239,7328486,1049,6388736,48,590374,1377,3397160,962,488984,2367,3902671,3,47,4706,3709,18210383,14324192,0
2022-08-24,1266,7329752,1014,6389750,29,590403,1291,3398451,822,489806,2138,3904809,0,47,4448,3703.14,18214831,14326527,0
2022-08-25,1223,7330975,992,6390742,66,590469,1183,3399634,812,490618,2011,3906820,4,51,4295,3688.71,18219126,14328823,0
2022-08-26,1186,7332161,1179,6391921,53,590522,1192,3400826,778,491396,1991,3908811,1,52,4409,3668.71,18223535,14331261,0
2022-08-27,697,7332858,541,6392462,14,590536,670,3401496,404,491800,1087,3909898,2,54,2341,3682.86,18225876,14332526,0
2022-08-28,381,7333239,237,6392699,10,590546,443,3401939,227,492027,673,3910571,0,54,1301,3688.43,18227177,14333157,0
2022-08-29,1255,7334494,973,6393672,41,590587,1218,3403157,682,492709,1921,3912492,0,54,4191,3670.14,18231368,14335448,0
2022-08-30,1270,7335764,938,6394610,36,590623,1265,3404422,767,493476,2062,3914554,2,56,4308,3613.29,18235676,14337722,0
2022-08-31,1154,7336918,1012,6395622,43,590666,1103,3405525,572,494048,1696,3916250,0,56,3906,3535.86,18239582,14339953,0
2022-09-01,1025,7337943,962,6396584,51,590717,804,3406329,454,494502,1272,3917522,5,61,3315,3395.86,18242897,14342005,0
2022-09-02,977,7338920,1018,6397602,29,590746,590,3406919,172,494674,769,3918291,92,153,2870,3176,18245767,14344021,0
2022-09-03,530,7339450,447,6398049,12,590758,367,3407286,50,494724,421,3918712,312,465,1674,3080.71,18247441,14344966,0
2022-09-04,251,7339701,213,6398262,10,590768,188,3407474,25,494749,215,3918927,312,777,958,3031.71,18248399,14345399,0
2022-09-05,78,7339779,70,6398332,7,590775,44,3407518,16,494765,61,3918988,9,786,225,2465.14,18248624,14345555,0
2022-09-06,1122,7340901,1227,6399559,50,590825,629,3408147,130,494895,769,3919757,1269,2055,4216,2452,18252840,14347743,0
2022-09-07,1479,7342380,1382,6400941,38,590863,479,3408626,148,495043,646,3920403,6445,8500,9102,3194.29,18261942,14349773,0
2022-09-08,1530,7343910,1197,6402138,36,590899,251,3408877,111,495154,378,3920781,7794,16294,9806,4121.57,18271748,14351423,0
2022-09-09,1541,7345451,1603,6403741,48,590947,278,3409155,122,495276,431,3921212,9770,26064,12243,5460.57,18283991,14353496,0
2022-09-10,847,7346298,839,6404580,12,590959,263,3409418,44,495320,321,3921533,5315,31379,6745,6185,18290736,14354619,0
2022-09-11,497,7346795,441,6405021,11,590970,86,3409504,30,495350,125,3921658,3941,35320,4528,6695,18295264,14355090,0
2022-09-12,1683,7348478,1443,6406464,39,591009,204,3409708,90,495440,328,3921986,11660,46980,13542,8597.43,18308806,14356678,0
2022-09-13,1406,7349884,1272,6407736,32,591041,219,3409927,114,495554,382,3922368,9725,56705,11723,9669.86,18320529,14358343,0
2022-09-14,1415,7351299,1275,6409011,31,591072,224,3410151,123,495677,386,3922754,10999,67704,13043,10232.86,18333572,14360040,0
2022-09-15,1568,7352867,1280,6410291,22,591094,224,3410375,111,495788,370,3923124,12063,79767,14080,10843.43,18347652,14361722,0
2022-09-16,1692,7354559,1638,6411929,27,591121,266,3410641,154,495942,475,3923599,13784,93551,16237,11414,18363889,14363755,0
2022-09-17,805,7355364,867,6412796,12,591133,272,3410913,77,496019,372,3923971,6990,100541,8398,11650.14,18372287,14364814,0
2022-09-18,522,7355886,413,6413209,7,591140,74,3410987,26,496045,113,3924084,4480,105021,4972,11713.57,18377259,14365206,0
2022-09-19,1565,7357451,1324,6414533,29,591169,225,3411212,95,496140,346,3924430,13806,118827,15506,11994.14,18392765,14366586,0
2022-09-20,1441,7358892,1252,6415785,27,591196,218,3411430,90,496230,356,3924786,13176,132003,14970,12458,18407735,14368072,0
2022-09-21,1670,7360562,1345,6417130,31,591227,258,3411688,130,496360,421,3925207,14816,146819,16716,12982.71,18424451,14369584,0
2022-09-22,1473,7362035,1260,6418390,28,591255,171,3411859,138,496498,357,3925564,13201,160020,15013,13116,18439464,14371087,0
2022-09-23,1751,7363786,1650,6420040,24,591279,249,3412108,136,496634,447,3926011,16863,176883,19151,13532.29,18458615,14372990,0
2022-09-24,799,7364585,888,6420928,8,591287,267,3412375,67,496701,353,3926364,7475,184358,8825,13593.29,18467440,14374006,0
2022-09-25,486,7365071,395,6421323,1,591288,72,3412447,47,496748,128,3926492,4508,188866,4994,13596.43,18472434,14374373,0
2022-09-26,1580,7366651,1249,6422572,16,591304,284,3412731,144,496892,485,3926977,14996,203862,16688,13765.29,18489122,14375637,0
2022-09-27,1544,7368195,1306,6423878,26,591330,282,3413013,165,497057,483,3927460,14124,217986,16101,13926.86,18505223,14377167,0
2022-09-28,1619,7369814,1298,6425176,18,591348,188,3413201,184,497241,426,3927886,15479,233465,17248,14002.86,18522471,14378564,0
2022-09-29,1685,7371499,1299,6426475,19,591367,173,3413374,101,497342,310,3928196,15351,248816,17198,14315,18539669,14380137,0
2022-09-30,1651,7373150,1558,6428033,13,591380,181,3413555,175,497517,402,3928598,16477,265293,18639,14241.86,18558308,14381943,0
2022-10-01,717,7373867,667,6428700,5,591385,132,3413687,35,497552,176,3928774,7037,272330,7925,14113.29,18566233,14382664,0
2022-10-02,515,7374382,430,6429130,5,591390,46,3413733,45,497597,105,3928879,4430,276760,4838,14091,18571071,14382981,0
2022-10-03,1555,7375937,1186,6430316,23,591413,155,3413888,114,497711,315,3929194,14557,291317,15952,13985.86,18587023,14384107,0
2022-10-04,1387,7377324,1157,6431473,15,591428,150,3414038,120,497831,297,3929491,13368,304685,14763,13794.71,18601786,14385232,0
2022-10-05,1604,7378928,1287,6432760,17,591445,280,3414318,164,497995,497,3929988,14839,319524,16661,13710.86,18618447,14386610,0
2022-10-06,1491,7380419,1248,6434008,19,591464,167,3414485,161,498156,386,3930374,14937,334461,16600,13625.43,18635047,14387945,0
2022-10-07,1670,7382089,1427,6435435,15,591479,168,3414653,133,498289,363,3930737,17057,351518,19013,13678.86,18654060,14389600,0
2022-10-08,763,7382852,683,6436118,4,591483,143,3414796,62,498351,222,3930959,7689,359207,8618,13777.86,18662678,14390324,0
2022-10-09,494,7383346,409,6436527,5,591488,47,3414843,54,498405,119,3931078,4695,363902,5118,13817.86,18667796,14390646,0
2022-10-10,1551,7384897,1249,6437776,14,591502,173,3415016,117,498522,329,3931407,15175,379077,16466,13891.29,18684262,14391647,0
2022-10-11,1650,7386547,1105,6438881,19,591521,178,3415194,152,498674,385,3931792,14284,393361,15816,14041.71,18700078,14392849,0
2022-10-12,1862,7388409,1313,6440194,17,591538,133,3415327,182,498856,381,3932173,16188,409549,17775,14200.86,18717853,14394121,0
2022-10-13,1624,7390033,1138,6441332,28,591566,132,3415459,196,499052,400,3932573,13947,423496,15467,14039,18733320,14395313,0
2022-10-14,1817,7391850,1538,6442870,25,591591,130,3415589,179,499231,363,3932936,17113,440609,19092,14050.29,18752412,14396983,0
2022-10-15,771,7392621,639,6443509,9,591600,90,3415679,68,499299,179,3933115,7590,448199,8446,14025.71,18760858,14397681,0
2022-10-16,565,7393186,410,6443919,3,591603,25,3415704,65,499364,121,3933236,4729,452928,5169,14033,18766027,14398031,0
2022-10-17,1817,7395003,1249,6445168,18,591621,83,3415787,118,499482,237,3933473,16034,468962,17349,14159.14,18783376,14399145,0
2022-10-18,1697,7396700,1166,6446334,20,591641,101,3415888,140,499622,288,3933761,14604,483566,15983,14183,18799359,14400283,0
2022-10-19,2101,7398801,1321,6447655,21,591662,83,3415971,144,499766,290,3934051,16184,499750,17650,14165.14,18817009,14401522,0
2022-10-20,1697,7400498,1173,6448828,10,591672,85,3416056,153,499919,305,3934356,15364,515114,16813,14357.43,18833822,14402733,0
2022-10-21,1815,7402313,1348,6450176,11,591683,92,3416148,149,500068,293,3934649,16706,531820,18360,14252.86,18852182,14404146,0
2022-10-22,747,7403060,669,6450845,9,591692,43,3416191,45,500113,97,3934746,7665,539485,8392,14245.14,18860574,14404785,0
2022-10-23,523,7403583,368,6451213,3,591695,21,3416212,39,500152,69,3934815,4790,544275,5065,14230.29,18865639,14405000,0
2022-10-24,1750,7405333,1211,6452424,19,591714,70,3416282,114,500266,223,3935038,15522,559797,16803,14152.29,18882442,14406097,0
2022-10-25,1660,7406993,1186,6453610,12,591726,93,3416375,111,500377,233,3935271,14984,574781,16282,14195,18898724,14407191,0
2022-10-26,1865,7408858,1333,6454943,11,591737,90,3416465,169,500546,338,3935609,16747,591528,18218,14276.14,18916942,14408403,0
2022-10-27,1589,7410447,1071,6456014,13,591750,95,3416560,136,500682,285,3935894,15020,606548,16338,14208.29,18933280,14409490,0
2022-10-28,1706,7412153,1415,6457429,17,591767,104,3416664,150,500832,308,3936202,16730,623278,18527,14232.14,18951807,14411033,0
2022-10-29,697,7412850,545,6457974,9,591776,68,3416732,58,500890,140,3936342,7721,630999,8397,14232.86,18960204,14411583,0
2022-10-30,522,7413372,305,6458279,3,591779,19,3416751,57,500947,92,3936434,4484,635483,4770,14190.71,18964974,14411793,0
2022-10-31,1682,7415054,1112,6459391,8,591787,48,3416799,126,501073,217,3936651,14555,650038,15502,14004.86,18980476,14412566,0
2022-11-01,1668,7416722,1021,6460412,18,591805,75,3416874,129,501202,235,3936886,13570,663608,14877,13804.14,18995353,14413669,0
2022-11-02,1741,7418463,1125,6461537,17,591822,88,3416962,122,501324,252,3937138,14831,678439,16090,13500.14,19011443,14414718,0
2022-11-03,1420,7419883,1033,6462570,13,591835,83,3417045,163,501487,323,3937461,12546,690985,13814,13139.57,19025257,14415740,0
2022-11-04,1750,7421633,1220,6463790,14,591849,101,3417146,141,501628,275,3937736,15404,706389,17006,12922.29,19042263,14417100,0
2022-11-05,825,7422458,533,6464323,6,591855,67,3417213,80,501708,161,3937897,7027,713416,7746,12829.29,19050009,14417672,0
2022-11-06,407,7422865,330,6464653,4,591859,20,3417233,49,501757,106,3938003,4064,717480,4406,12777.29,19054415,14417945,0
2022-11-07,1641,7424506,1067,6465720,14,591873,75,3417308,99,501856,210,3938213,13200,730680,14354,12613.29,19068769,14418925,0
2022-11-08,1535,7426041,1005,6466725,7,591880,96,3417404,130,501986,260,3938473,11997,742677,13246,12380.29,19082015,14419948,0
2022-11-09,1569,7427610,1051,6467776,9,591889,85,3417489,113,502099,243,3938716,12131,754808,13382,11993.43,19095397,14421001,0
2022-11-10,1487,7429097,1005,6468781,14,591903,72,3417561,147,502246,276,3938992,12179,766987,13460,11942.86,19108857,14422063,0
2022-11-11,1499,7430596,1069,6469850,11,591914,97,3417658,100,502346,218,3939210,12735,779722,14161,11536.43,19123018,14423292,0
2022-11-12,670,7431266,514,6470364,2,591916,55,3417713,61,502407,126,3939336,6417,786139,7034,11434.71,19130052,14423793,0
2022-11-13,498,7431764,343,6470707,4,591920,16,3417729,68,502475,99,3939435,3882,790021,4201,11405.43,19134253,14424028,0
2022-11-14,1442,7433206,1021,6471728,19,591939,59,3417788,113,502588,203,3939638,11577,801598,12685,11167,19146938,14424964,0
2022-11-15,1479,7434685,1003,6472731,15,591954,103,3417891,166,502754,294,3939932,11165,812763,12542,11066.43,19159480,14426072,0
2022-11-16,1605,7436290,1030,6473761,20,591974,65,3417956,142,502896,242,3940174,11456,824219,12689,10967.43,19172169,14427098,0
2022-11-17,1378,7437668,966,6474727,10,591984,63,3418019,161,503057,263,3940437,10448,834667,11694,10715.14,19183863,14428120,0
2022-11-18,1561,7439229,1092,6475819,12,591996,67,3418086,118,503175,216,3940653,12187,846854,13771,10659.43,19197634,14429519,0
2022-11-19,679,7439908,439,6476258,4,592000,56,3418142,60,503235,125,3940778,5875,852729,6539,10588.71,19204173,14430067,0
2022-11-20,464,7440372,309,6476567,3,592003,12,3418154,35,503270,65,3940843,3521,856250,3818,10534,19207991,14430317,0
2022-11-21,1515,7441887,918,6477485,3,592006,51,3418205,81,503351,149,3940992,10384,866634,11347,10342.86,19219338,14431148,0
2022-11-22,1265,7443152,814,6478299,7,592013,52,3418257,88,503439,155,3941147,9216,875850,10219,10011,19229557,14432011,0
2022-11-23,1284,7444436,724,6479023,11,592024,63,3418320,74,503513,163,3941310,8632,884482,9545,9561.86,19239102,14432787,0
2022-11-24,18,7444454,10,6479033,1,592025,0,3418320,6,503519,8,3941318,110,884592,133,7910.29,19239235,14432804,0
2022-11-25,681,7445135,474,6479507,13,592038,35,3418355,53,503572,108,3941426,5661,890253,6388,6855.57,19245623,14433443,0
2022-11-26,586,7445721,376,6479883,2,592040,14,3418369,42,503614,61,3941487,4870,895123,5304,6679.14,19250927,14433821,0
2022-11-27,398,7446119,218,6480101,1,592041,10,3418379,23,503637,48,3941535,3166,898289,3353,6612.71,19254280,14433975,0
2022-11-28,937,7447056,691,6480792,9,592050,56,3418435,62,503699,137,3941672,6912,905201,7863,6115,19262143,14434808,0
2022-11-29,896,7447952,699,6481491,8,592058,44,3418479,74,503773,144,3941816,6785,911986,7804,5770,19269947,14435709,0
2022-11-30,1200,7449152,867,6482358,14,592072,49,3418528,53,503826,120,3941936,8620,920606,9615,5780,19279562,14436602,0
2022-12-01,1104,7450256,761,6483119,11,592083,57,3418585,95,503921,177,3942113,8350,928956,9385,7101.71,19288947,14437485,0
2022-12-02,1308,7451564,958,6484077,13,592096,69,3418654,101,504022,190,3942303,10124,939080,11419,7820.43,19300366,14438610,0
2022-12-03,585,7452149,416,6484493,12,592108,39,3418693,40,504062,82,3942385,4877,943957,5388,7832.43,19305754,14439042,0
2022-12-04,416,7452565,282,6484775,4,592112,6,3418699,26,504088,39,3942424,3259,947216,3480,7850.57,19309234,14439231,0
2022-12-05,1143,7453708,761,6485536,15,592127,55,3418754,69,504157,140,3942564,8509,955725,9491,8083.14,19318725,14440089,0
2022-12-06,1159,7454867,757,6486293,11,592138,61,3418815,86,504243,166,3942730,8048,963773,9018,8256.57,19327743,14440912,0
2022-12-07,1188,7456055,746,6487039,12,592150,64,3418879,79,504322,162,3942892,8137,971910,9145,8189.43,19336888,14441777,0
2022-12-08,1092,7457147,741,6487780,11,592161,65,3418944,73,504395,159,3943051,8572,980482,9575,8216.57,19346463,14442642,0
2022-12-09,1226,7458373,956,6488736,13,592174,82,3419026,100,504495,207,3943258,10196,990678,11541,8234,19358004,14443805,0
2022-12-10,666,7459039,459,6489195,7,592181,38,3419064,74,504569,130,3943388,6038,996716,6607,8408.14,19364611,14444262,0
2022-12-11,421,7459460,259,6489454,3,592184,11,3419075,35,504604,56,3943444,3637,1000353,3835,8458.86,19368446,14444414,0
2022-12-12,1310,7460770,787,6490241,17,592201,73,3419148,103,504707,201,3943645,9775,1010128,10796,8645.29,19379242,14445259,0
2022-12-13,1249,7462019,829,6491070,16,592217,51,3419199,91,504798,169,3943814,9579,1019707,10571,8867.14,19389813,14446109,0
2022-12-14,1167,7463186,813,6491883,11,592228,59,3419258,75,504873,157,3943971,9416,1029123,10324,9035.57,19400137,14446883,0
2022-12-15,1137,7464323,678,6492561,10,592238,53,3419311,88,504961,157,3944128,8201,1037324,9102,8968,19409239,14447643,0
2022-12-16,1172,7465495,789,6493350,12,592250,67,3419378,114,505075,203,3944331,9090,1046414,10228,8780.43,19419467,14448600,0
2022-12-17,646,7466141,447,6493797,8,592258,27,3419405,35,505110,75,3944406,5695,1052109,6149,8715,19425616,14448992,0
2022-12-18,430,7466571,229,6494026,2,592260,13,3419418,23,505133,46,3944452,3343,1055452,3541,8673,19429157,14449154,0
2022-12-19,1176,7467747,758,6494784,6,592266,60,3419478,71,505204,142,3944594,8646,1064098,9524,8491.29,19438681,14449901,0
2022-12-20,1147,7468894,719,6495503,16,592282,57,3419535,92,505296,179,3944773,8127,1072225,9108,8282.29,19447789,14450733,0
2022-12-21,1053,7469947,648,6496151,14,592296,48,3419583,88,505384,165,3944938,7800,1080025,8599,8035.86,19456388,14451396,0
2022-12-22,302,7470249,200,6496351,2,592298,19,3419602,50,505434,84,3945022,2292,1082317,2629,7111.14,19459017,14451664,120000
