"DATE","ADMIN_DOSE1_DAILY","ADMIN_DOSE1_CUMULATIVE","ADMIN_DOSE2_DAILY","ADMIN_DOSE2_CUMULATIVE","ADMIN_SINGLE_DAILY","ADMIN_SINGLE_CUMULATIVE","ADMIN_ADDITIONAL1_DAILY","ADMIN_ADDITIONAL1_CUMULATIVE","ADMIN_ADDITIONAL2_DAILY","ADMIN_ADDITIONAL2_CUMULATIVE","ADMIN_ADDITIONAL_DAILY","ADMIN_ADDITIONAL_CUMULATIVE","ADMIN_BIVALENT_ADDITIONAL_DAILY","ADMIN_BIVALENT_ADDITIONAL_CUMULATIVE","ADMIN_ALLDOSES_DAILY","ADMIN_ALLDOSES_7DAYAVG","ADMIN_ALLDOSES_CUMULATIVE","ADMIN_ALLDOSES_PRIMARY","INCOMPLETE"
2020-12-14,79,79,0,0,2,2,0,0,0,0,0,0,0,0,81,,81,81,0
2020-12-15,2052,2131,7,7,5,7,0,0,0,0,0,0,0,0,2064,,2145,2145,0
2020-12-16,4604,6735,17,24,4,11,1,1,0,0,1,1,0,0,4626,,6771,6770,0
2020-12-17,4661,11396,18,42,2,13,1,2,0,0,1,2,0,0,4682,,11453,11451,0
2020-12-18,5836,17232,20,62,2,15,2,4,0,0,2,4,0,0,5860,,17313,17309,0
2020-12-19,1688,18920,9,71,3,18,0,4,0,0,0,4,0,0,1700,,19013,19009,0
2020-12-20,1118,20038,2,73,1,19,0,4,0,0,0,4,0,0,1121,2876.29,20134,20130,0
2020-12-21,6392,26430,22,95,0,19,4,8,0,0,4,8,0,0,6418,3781.57,26552,26544,0
2020-12-22,9766,36196,28,123,2,21,1,9,0,0,1,9,0,0,9797,4886.29,36349,36340,0
2020-12-23,14276,50472,37,160,3,24,0,9,0,0,0,9,0,0,14316,6270.57,50665,50656,0
2020-12-24,7170,57642,28,188,1,25,0,9,0,0,0,9,0,0,7199,6630.14,57864,57855,0
2020-12-25,180,57822,0,188,0,25,1,10,0,0,1,10,0,0,181,5818.86,58045,58035,0
2020-12-26,4391,62213,48,236,0,25,1,11,0,0,1,11,0,0,4440,6210.29,62485,62474,0
2020-12-27,3869,66082,15,251,0,25,1,12,0,0,1,12,0,0,3885,6605.14,66370,66358,0
2020-12-28,10991,77073,52,303,1,26,3,15,0,0,3,15,0,0,11047,7266.43,77417,77402,0
2020-12-29,10712,87785,37,340,2,28,3,18,0,0,3,18,0,0,10754,7403.14,88171,88153,0
2020-12-30,12822,100607,44,384,0,28,0,18,0,0,0,18,0,0,12866,7196,101037,101019,0
2020-12-31,7259,107866,37,421,1,29,0,18,0,0,0,18,0,0,7297,7210,108334,108316,0
2021-01-01,178,108044,2,423,1,30,3,21,0,0,3,21,0,0,184,7210.43,108518,108497,0
2021-01-02,3809,111853,10,433,3,33,2,23,0,0,2,23,0,0,3824,7122.43,112342,112319,0
2021-01-03,3543,115396,24,457,2,35,1,24,0,0,1,24,0,0,3570,7077.43,115912,115888,0
2021-01-04,12251,127647,810,1267,2,37,7,31,0,0,7,31,0,0,13070,7366.43,128982,128951,0
2021-01-05,14088,141735,2197,3464,2,39,14,45,1,1,15,46,0,0,16302,8159,145284,145238,0
2021-01-06,17795,159530,3929,7393,1,40,32,77,8,9,40,86,0,0,21765,9430.29,167049,166963,0
2021-01-07,16539,176069,5185,12578,4,44,46,123,3,12,49,135,0,0,21777,11498.86,188826,188691,0
2021-01-08,16611,192680,5463,18041,0,44,36,159,5,17,41,176,0,0,22115,14631.86,210941,210765,0
2021-01-09,7649,200329,1465,19506,1,45,7,166,2,19,9,185,0,0,9124,15389,220065,219880,0
2021-01-10,7879,208208,980,20486,0,45,13,179,0,19,13,198,0,0,8872,16146.43,228937,228739,0
2021-01-11,25809,234017,7462,27948,2,47,58,237,6,25,64,262,0,0,33337,19041.71,262274,262012,0
2021-01-12,28240,262257,7868,35816,1,48,46,283,4,29,50,312,0,0,36159,21878.43,298433,298121,0
2021-01-13,31700,293957,9423,45239,1,49,59,342,5,34,64,376,0,0,41188,24653.14,339621,339245,0
2021-01-14,35796,329753,5305,50544,1,50,33,375,7,41,40,416,0,0,41142,27419.57,380763,380347,0
2021-01-15,29247,359000,3715,54259,2,52,33,408,6,47,39,455,0,0,33003,28975,413766,413311,0
2021-01-16,30258,389258,2397,56656,0,52,25,433,6,53,31,486,0,0,32686,32341,446452,445966,0
2021-01-17,23726,412984,1645,58301,0,52,20,453,1,54,21,507,0,0,25392,34701,471844,471337,0
2021-01-18,27082,440066,2425,60726,0,52,37,490,7,61,44,551,0,0,29552,34160.29,501396,500845,0
2021-01-19,34269,474335,9642,70368,1,53,72,562,8,69,80,631,0,0,43992,35279.29,545388,544757,0
2021-01-20,34848,509183,9504,79872,1,54,62,624,3,72,65,696,0,0,44418,35740.71,589806,589110,0
2021-01-21,25575,534758,8097,87969,2,56,55,679,5,77,60,756,0,0,33734,34682.43,623540,622784,0
2021-01-22,24741,559499,4387,92356,1,57,31,710,7,84,38,794,0,0,29167,34134.43,652707,651913,0
2021-01-23,15733,575232,3225,95581,0,57,13,723,2,86,15,809,0,0,18973,32175.43,671680,670871,0
2021-01-24,7169,582401,3459,99040,0,57,19,742,1,87,20,829,0,0,10648,30069.14,682328,681499,0
2021-01-25,13392,595793,11833,110873,0,57,68,810,13,100,81,910,0,0,25306,29462.57,707634,706724,0
2021-01-26,16746,612539,10763,121636,0,57,70,880,3,103,74,984,0,0,27583,27118.43,735217,734234,0
2021-01-27,20818,633357,12356,133992,0,57,55,935,9,112,64,1048,0,0,33240,25521.57,768457,767410,0
2021-01-28,30728,664085,12860,146852,0,57,84,1019,17,129,101,1149,0,0,43692,26944.14,812149,811001,0
2021-01-29,31668,695753,11512,158364,0,57,85,1104,11,140,96,1245,0,0,43276,28959.71,855425,854181,0
2021-01-30,18706,714459,3743,162107,0,57,23,1127,2,142,26,1271,0,0,22475,29460,877900,876631,0
2021-01-31,13006,727465,2929,165036,1,58,29,1156,5,147,34,1305,0,0,15970,30220.29,893870,892567,0
2021-02-01,1180,728645,5401,170437,4,62,36,1192,4,151,40,1345,0,0,6625,27551.57,900495,899152,0
2021-02-02,2823,731468,9442,179879,2,64,54,1246,3,154,57,1402,0,0,12324,25371.71,912819,911419,0
2021-02-03,16342,747810,21235,201114,4,68,214,1460,22,176,236,1638,0,0,37817,26025.57,950636,949000,0
2021-02-04,27032,774842,19654,220768,3,71,211,1671,10,186,221,1859,0,0,46910,26485.29,997546,995689,0
2021-02-05,27577,802419,20030,240798,0,71,195,1866,16,202,212,2071,0,0,47819,27134.29,1045365,1043297,0
2021-02-06,22974,825393,11251,252049,0,71,117,1983,12,214,129,2200,0,0,34354,28831.29,1079719,1077522,0
2021-02-07,12029,837422,8285,260334,1,72,98,2081,12,226,111,2311,0,0,20426,29467.86,1100145,1097838,0
2021-02-08,16936,854358,23526,283860,2,74,240,2321,37,263,278,2589,0,0,40742,34341.71,1140887,1138303,0
2021-02-09,17183,871541,28089,311949,2,76,359,2680,42,305,404,2993,0,0,45678,39106.57,1186565,1183580,0
2021-02-10,19577,891118,29304,341253,2,78,273,2953,53,358,329,3322,0,0,49213,40734.57,1235778,1232467,0
2021-02-11,27827,918945,33459,374712,2,80,354,3307,58,416,412,3734,0,0,61702,42847.71,1297480,1293757,0
2021-02-12,38348,957293,30811,405523,3,83,365,3672,41,457,407,4141,0,0,69569,45954.86,1367049,1362920,0
2021-02-13,27981,985274,25316,430839,2,85,315,3987,58,515,374,4515,0,0,53674,48714.86,1420723,1416221,0
2021-02-14,16257,1001531,23721,454560,0,85,282,4269,35,550,317,4832,0,0,40295,51553.29,1461018,1456199,0
2021-02-15,12789,1014320,10527,465087,2,87,179,4448,24,574,204,5036,0,0,23522,49093.29,1484540,1479518,0
2021-02-16,14229,1028549,26707,491794,0,87,343,4791,42,616,386,5422,0,0,41322,48471,1525862,1520455,0
2021-02-17,16378,1044927,22194,513988,1,88,289,5080,42,658,331,5753,0,0,38904,46998.29,1564766,1559028,0
2021-02-18,12134,1057061,24982,538970,21,109,307,5387,46,704,353,6106,0,0,37490,43539.43,1602256,1596165,0
2021-02-19,13238,1070299,23921,562891,38,147,317,5704,49,753,366,6472,0,0,37563,38967.14,1639819,1633362,0
2021-02-20,11340,1081639,26071,588962,7,154,339,6043,79,832,420,6892,0,0,37839,36705,1677658,1670783,0
2021-02-21,6346,1087985,17412,606374,15,169,303,6346,46,878,350,7242,0,0,24123,34394.71,1701781,1694557,0
2021-02-22,13041,1101026,11835,618209,2,171,133,6479,21,899,154,7396,0,0,25032,34610.43,1726813,1719435,0
2021-02-23,25225,1126251,14150,632359,1,172,168,6647,35,934,204,7600,0,0,39581,34361.71,1766394,1758813,0
2021-02-24,36323,1162574,20404,652763,0,172,234,6881,42,976,277,7877,0,0,57004,36947.43,1823398,1815541,0
2021-02-25,54511,1217085,30460,683223,6,178,414,7295,64,1040,479,8356,0,0,85456,43799.71,1908854,1900519,0
2021-02-26,62787,1279872,31905,715128,4,182,424,7719,79,1119,506,8862,0,0,95202,52033.86,2004056,1995218,0
2021-02-27,51258,1331130,22754,737882,47,229,355,8074,53,1172,409,9271,0,0,74468,57266.57,2078524,2069278,0
2021-02-28,44548,1375678,13852,751734,7,236,206,8280,37,1209,243,9514,0,0,58650,62199,2137174,2127685,0
2021-03-01,39302,1414980,12783,764517,10,246,172,8452,24,1233,196,9710,0,0,52291,66093.14,2189465,2179780,0
2021-03-02,47072,1462052,12579,777096,7,253,158,8610,17,1250,175,9885,0,0,59833,68986.29,2249298,2239438,0
2021-03-03,48590,1510642,16153,793249,17,270,156,8766,21,1271,177,10062,0,0,64937,70119.57,2314235,2304198,0
2021-03-04,59797,1570439,22815,816064,1092,1362,277,9043,37,1308,316,10378,0,0,84020,69914.43,2398255,2387904,0
2021-03-05,60948,1631387,24290,840354,3107,4469,337,9380,36,1344,375,10753,0,0,88720,68988.43,2486975,2476251,0
2021-03-06,47148,1678535,18883,859237,5451,9920,246,9626,42,1386,288,11041,0,0,71770,68603,2558745,2547733,0
2021-03-07,36022,1714557,14881,874118,6244,16164,239,9865,22,1408,263,11304,0,0,57410,68425.86,2616155,2604882,0
2021-03-08,39604,1754161,14686,888804,8557,24721,321,10186,92,1500,418,11722,0,0,63265,69993.57,2679420,2667734,0
2021-03-09,39080,1793241,12860,901664,7759,32480,187,10373,35,1535,223,11945,0,0,59922,70006.29,2739342,2727434,0
2021-03-10,51809,1845050,15364,917028,5065,37545,229,10602,34,1569,265,12210,0,0,72503,71087.14,2811845,2799674,0
2021-03-11,59961,1905011,21824,938852,4619,42164,258,10860,48,1617,308,12518,0,0,86712,71471.71,2898557,2886080,0
2021-03-12,52170,1957181,30307,969159,4182,46346,389,11249,87,1704,476,12994,0,0,87135,71245.29,2985692,2972739,0
2021-03-13,40634,1997815,26683,995842,5110,51456,336,11585,55,1759,391,13385,0,0,72819,71395.14,3058511,3045167,0
2021-03-14,30694,2028509,15972,1011814,4523,55979,254,11839,28,1787,284,13669,0,0,51474,70547.14,3109985,3096359,0
2021-03-15,33579,2062088,17259,1029073,4702,60681,243,12082,33,1820,276,13945,0,0,55816,69483,3165801,3151899,0
2021-03-16,38657,2100745,20516,1049589,4923,65604,267,12349,36,1856,304,14249,0,0,64400,70122.71,3230201,3215996,0
2021-03-17,42599,2143344,24787,1074376,4242,69846,354,12703,42,1898,397,14646,0,0,72025,70054.43,3302226,3287625,0
2021-03-18,50406,2193750,26811,1101187,5226,75072,388,13091,64,1962,452,15098,0,0,82895,69509.14,3385121,3370068,0
2021-03-19,47760,2241510,29967,1131154,5623,80695,407,13498,74,2036,481,15579,0,0,83832,69037.29,3468953,3453419,0
2021-03-20,38691,2280201,25832,1156986,4683,85378,310,13808,60,2096,371,15950,0,0,69577,68574.14,3538530,3522626,0
2021-03-21,29283,2309484,19356,1176342,769,86147,231,14039,44,2140,275,16225,0,0,49683,68318.29,3588213,3572034,0
2021-03-22,33849,2343333,26754,1203096,4036,90183,261,14300,37,2177,299,16524,0,0,64939,69621.57,3653152,3636675,0
2021-03-23,38414,2381747,32848,1235944,4214,94397,305,14605,54,2231,363,16887,0,0,75839,71255.71,3728991,3712155,0
2021-03-24,41469,2423216,37615,1273559,4843,99240,340,14945,64,2295,407,17294,0,0,84334,73014.14,3813325,3796085,0
2021-03-25,43385,2466601,50782,1324341,5050,104290,494,15439,88,2383,586,17880,0,0,99803,75429.57,3913128,3895306,0
2021-03-26,38483,2505084,55496,1379837,4307,108597,543,15982,107,2490,654,18534,0,0,98940,77587.86,4012068,3993596,0
2021-03-27,35717,2540801,45744,1425581,2938,111535,439,16421,84,2574,524,19058,0,0,84923,79780.14,4096991,4077996,0
2021-03-28,26371,2567172,34452,1460033,1481,113016,347,16768,66,2640,417,19475,0,0,62721,81642.71,4159712,4140304,0
2021-03-29,34802,2601974,38857,1498890,3244,116260,363,17131,115,2755,479,19954,0,0,77382,83420.29,4237094,4217208,0
2021-03-30,40482,2642456,41926,1540816,3712,119972,351,17482,65,2820,417,20371,0,0,86537,84948.57,4323631,4303329,0
2021-03-31,49365,2691821,44880,1585696,7438,127410,419,17901,86,2906,505,20876,0,0,102188,87499.14,4425819,4405012,0
2021-04-01,50757,2742578,53944,1639640,11272,138682,517,18418,85,2991,606,21482,0,0,116579,89895.71,4542398,4520989,0
2021-04-02,43749,2786327,53867,1693507,11965,150647,564,18982,72,3063,641,22123,0,0,110222,91507.43,4652620,4630575,0
2021-04-03,39236,2825563,39206,1732713,9859,160506,352,19334,60,3123,413,22536,0,0,88714,92049,4741334,4718877,0
2021-04-04,26547,2852110,24778,1757491,3902,164408,233,19567,50,3173,283,22819,0,0,55510,91018.86,4796844,4774104,0
2021-04-05,41858,2893968,34479,1791970,11194,175602,394,19961,61,3234,456,23275,0,0,87987,92533.86,4884831,4861636,0
2021-04-06,53238,2947206,35615,1827585,13213,188815,449,20410,80,3314,530,23805,0,0,102596,94828,4987427,4963703,0
2021-04-07,55472,3002678,40706,1868291,14387,203202,417,20827,82,3396,501,24306,0,0,111066,96096.29,5098493,5074270,0
2021-04-08,59233,3061911,46583,1914874,16336,219538,544,21371,87,3483,632,24938,0,0,122784,96982.71,5221277,5196423,0
2021-04-09,56624,3118535,44946,1959820,17555,237093,543,21914,81,3564,629,25567,0,0,119754,98344.43,5341031,5315553,0
2021-04-10,49329,3167864,35640,1995460,12716,249809,405,22319,62,3626,471,26038,0,0,98156,99693.29,5439187,5413242,0
2021-04-11,38156,3206020,28825,2024285,7679,257488,302,22621,62,3688,365,26403,0,0,75025,102481.14,5514212,5487903,0
2021-04-12,46617,3252637,31836,2056121,13494,270982,478,23099,69,3757,547,26950,0,0,92494,103125,5606706,5579850,0
2021-04-13,52530,3305167,33793,2089914,369,271351,410,23509,64,3821,475,27425,0,0,87167,100920.86,5693873,5666543,0
2021-04-14,50130,3355297,39955,2129869,20,271371,373,23882,80,3901,454,27879,0,0,90559,97991.29,5784432,5756649,0
2021-04-15,52104,3407401,43689,2173558,16,271387,464,24346,107,4008,576,28455,0,0,96386,94220.14,5880818,5852464,0
2021-04-16,51175,3458576,42200,2215758,32,271419,449,24795,73,4081,525,28980,0,0,93932,90531.29,5974750,5945874,0
2021-04-17,43825,3502401,35688,2251446,3,271422,378,25173,84,4165,464,29444,0,0,79980,87934.71,6054730,6025392,0
2021-04-18,28593,3530994,29364,2280810,7,271429,265,25438,67,4232,333,29777,0,0,58297,85545,6113027,6083357,0
2021-04-19,37442,3568436,36451,2317261,21,271450,344,25782,68,4300,414,30191,0,0,74328,82949.86,6187355,6157273,0
2021-04-20,40789,3609225,39624,2356885,19,271469,321,26103,84,4384,406,30597,0,0,80838,82045.71,6268193,6237706,0
2021-04-21,38873,3648098,46028,2402913,17,271486,509,26612,98,4482,608,31205,0,0,85526,81326.71,6353719,6322625,0
2021-04-22,38474,3686572,48957,2451870,9,271495,355,26967,79,4561,436,31641,0,0,87877,80111.14,6441596,6410068,0
2021-04-23,39681,3726253,44387,2496257,3,271498,360,27327,76,4637,438,32079,0,0,84509,78765,6526105,6494141,0
2021-04-24,31922,3758175,41603,2537860,44,271542,288,27615,63,4700,352,32431,0,0,73921,77899.43,6600026,6567711,0
2021-04-25,18411,3776586,31216,2569076,87,271629,206,27821,61,4761,267,32698,0,0,49981,76711.43,6650007,6617425,0
2021-04-26,26956,3803542,40718,2609794,1012,272641,308,28129,93,4854,406,33104,0,0,69092,75963.43,6719099,6686116,0
2021-04-27,28550,3832092,47127,2656921,1696,274337,377,28506,99,4953,481,33585,0,0,77854,75537.14,6796953,6763494,0
2021-04-28,27007,3859099,56841,2713762,2146,276483,454,28960,103,5056,560,34145,0,0,86554,75684,6883507,6849491,0
2021-04-29,28583,3887682,57204,2770966,2150,278633,378,29338,102,5158,482,34627,0,0,88419,75761.43,6971926,6937430,0
2021-04-30,30099,3917781,51992,2822958,2059,280692,294,29632,75,5233,371,34998,0,0,84522,75763.29,7056448,7021583,0
2021-05-01,22473,3940254,44537,2867495,1177,281869,236,29868,67,5300,305,35303,0,0,68492,74987.71,7124940,7089772,0
2021-05-02,11916,3952170,36638,2904133,1081,282950,155,30023,57,5357,214,35517,0,0,49849,74968.86,7174789,7139409,0
2021-05-03,18006,3970176,53022,2957155,2381,285331,267,30290,94,5451,363,35880,0,0,73774,75637.71,7248563,7212822,0
2021-05-04,22724,3992900,56644,3013799,2331,287662,275,30565,118,5569,394,36274,0,0,82094,76243.43,7330657,7294523,0
2021-05-05,21472,4014372,48755,3062554,2313,289975,319,30884,104,5673,424,36698,0,0,72965,74302.14,7403622,7367065,0
2021-05-06,20671,4035043,50178,3112732,2508,292483,282,31166,91,5764,377,37075,0,0,73734,72204.29,7477356,7440426,0
2021-05-07,21231,4056274,52104,3164836,2812,295295,321,31487,80,5844,402,37477,0,0,76549,71065.29,7553905,7516574,0
2021-05-08,16615,4072889,41865,3206701,1834,297129,238,31725,73,5917,311,37788,0,0,60625,69941.43,7614530,7576888,0
2021-05-09,7968,4080857,29403,3236104,1260,298389,157,31882,56,5973,213,38001,0,0,38844,68369.29,7653374,7615519,0
2021-05-10,14371,4095228,38523,3274627,2356,300745,252,32134,94,6067,350,38351,0,0,55601,65773.14,7708975,7670774,0
2021-05-11,19895,4115123,43058,3317685,2512,303257,294,32428,88,6155,387,38738,0,0,65853,63453,7774828,7736245,0
2021-05-12,17809,4132932,40535,3358220,3595,306852,243,32671,80,6235,323,39061,0,0,62262,61924,7837090,7798184,0
2021-05-13,24946,4157878,40426,3398646,3229,310081,274,32945,82,6317,358,39419,0,0,68959,61241.86,7906049,7866787,0
2021-05-14,27004,4184882,42943,3441589,3535,313616,278,33223,95,6412,375,39794,0,0,73857,60857.29,7979906,7940271,0
2021-05-15,23638,4208520,34922,3476511,3364,316980,261,33484,75,6487,337,40131,0,0,62261,61091,8042167,8002196,0
2021-05-16,15517,4224037,19458,3495969,2496,319476,123,33607,47,6534,171,40302,0,0,37642,60919.29,8079809,8039668,0
2021-05-17,22662,4246699,29138,3525107,3252,322728,191,33798,72,6606,263,40565,0,0,55315,60878.43,8135124,8094720,0
2021-05-18,24611,4271310,31903,3557010,3402,326130,248,34046,84,6690,332,40897,0,0,60248,60077.71,8195372,8154636,0
2021-05-19,24171,4295481,29729,3586739,3040,329170,234,34280,51,6741,286,41183,0,0,57226,59358.29,8252598,8211577,0
2021-05-20,24132,4319613,30103,3616842,3163,332333,275,34555,90,6831,370,41553,0,0,57768,57759.57,8310366,8268980,0
2021-05-21,24665,4344278,32003,3648845,3057,335390,253,34808,63,6894,319,41872,0,0,60044,55786.29,8370410,8328708,0
2021-05-22,20009,4364287,24374,3673219,2523,337913,169,34977,48,6942,218,42090,0,0,47124,53623.86,8417534,8375615,0
2021-05-23,11225,4375512,13733,3686952,1411,339324,95,35072,32,6974,129,42219,0,0,26498,52031.86,8444032,8401986,0
2021-05-24,18857,4394369,23166,3710118,2757,342081,221,35293,55,7029,279,42498,0,0,45059,50566.71,8489091,8446769,0
2021-05-25,19416,4413785,23385,3733503,2601,344682,179,35472,59,7088,238,42736,0,0,45640,48479.86,8534731,8492171,0
2021-05-26,18773,4432558,21090,3754593,2698,347380,205,35677,49,7137,256,42992,0,0,42817,46421.43,8577548,8534734,0
2021-05-27,18452,4451010,21283,3775876,2531,349911,184,35861,62,7199,247,43239,0,0,42513,44242.14,8620061,8577001,0
2021-05-28,17854,4468864,22876,3798752,2751,352662,192,36053,59,7258,252,43491,0,0,43733,41912,8663794,8620483,0
2021-05-29,12701,4481565,17815,3816567,1755,354417,107,36160,39,7297,147,43638,0,0,32418,39811.14,8696212,8652755,0
2021-05-30,7025,4488590,8951,3825518,1074,355491,49,36209,16,7313,65,43703,0,0,17115,38470.71,8713327,8669805,0
2021-05-31,4739,4493329,6923,3832441,1011,356502,65,36274,18,7331,83,43786,0,0,12756,33856,8726083,8682478,0
2021-06-01,16047,4509376,25189,3857630,2177,358679,159,36433,42,7373,205,43991,0,0,43618,33567.14,8769701,8725895,0
2021-06-02,15351,4524727,20401,3878031,2095,360774,141,36574,47,7420,188,44179,0,0,38035,32884,8807736,8763742,0
2021-06-03,14994,4539721,23825,3901856,2280,363054,133,36707,45,7465,180,44359,0,0,41279,32707.71,8849015,8804843,0
2021-06-04,14708,4554429,26005,3927861,2492,365546,151,36858,42,7507,194,44553,0,0,43400,32660.14,8892415,8848050,0
2021-06-05,10978,4565407,22105,3949966,1806,367352,115,36973,29,7536,145,44698,0,0,35034,33033.86,8927449,8882940,0
2021-06-06,6442,4571849,14486,3964452,1222,368574,90,37063,12,7548,103,44801,0,0,22253,33767.86,8949702,8905091,0
2021-06-07,11695,4583544,21782,3986234,2378,370952,146,37209,37,7585,186,44987,0,0,36041,37094.29,8985743,8940949,0
2021-06-08,12624,4596168,24018,4010252,2071,373023,127,37336,46,7631,174,45161,0,0,38887,36418.43,9024630,8979663,0
2021-06-09,11124,4607292,23024,4033276,2300,375323,142,37478,43,7674,187,45348,0,0,36635,36218.43,9061265,9016113,0
2021-06-10,12054,4619346,22234,4055510,2461,377784,147,37625,63,7737,210,45558,0,0,36960,35601.43,9098225,9052863,0
2021-06-11,12692,4632038,25128,4080638,2483,380267,162,37787,62,7799,225,45783,0,0,40528,35191.14,9138753,9093167,0
2021-06-12,10158,4642196,19318,4099956,1888,382155,97,37884,44,7843,143,45926,0,0,31507,34687.29,9170260,9124533,0
2021-06-13,4249,4646445,10939,4110895,1219,383374,42,37926,21,7864,63,45989,0,0,16472,33861.43,9186732,9140942,0
2021-06-14,10201,4656646,19240,4130135,2040,385414,135,38061,53,7917,188,46177,0,0,31669,33236.86,9218401,9172423,0
2021-06-15,11880,4668526,21016,4151151,1942,387356,132,38193,41,7958,175,46352,0,0,35014,32683.57,9253415,9207264,0
2021-06-16,11581,4680107,19402,4170553,1956,389312,152,38345,74,8032,226,46578,0,0,33165,32187.86,9286580,9240203,0
2021-06-17,11016,4691123,18761,4189314,1973,391285,131,38476,35,8067,168,46746,0,0,31918,31467.57,9318498,9271955,0
2021-06-18,12166,4703289,18494,4207808,2115,393400,120,38596,37,8104,158,46904,0,0,32934,30382.71,9351432,9304732,0
2021-06-19,8490,4711779,13516,4221324,1459,394859,90,38686,23,8127,113,47017,0,0,23578,29250,9375010,9328197,0
2021-06-20,4332,4716111,7161,4228485,924,395783,37,38723,16,8143,53,47070,0,0,12470,28678.29,9387480,9340614,0
2021-06-21,10153,4726264,10013,4238498,1806,397589,73,38796,28,8171,102,47172,0,0,22074,27307.57,9409554,9362587,0
2021-06-22,9828,4736092,15647,4254145,1588,399177,107,38903,29,8200,136,47308,0,0,27199,26191.14,9436753,9389650,0
2021-06-23,10305,4746397,15188,4269333,1862,401039,104,39007,31,8231,136,47444,0,0,27491,25380.57,9464244,9417006,0
2021-06-24,9679,4756076,14702,4284035,1798,402837,124,39131,27,8258,153,47597,0,0,26332,24582.57,9490576,9443187,0
2021-06-25,10584,4766660,14384,4298419,1720,404557,120,39251,38,8296,158,47755,0,0,26846,23712.86,9517422,9469875,0
2021-06-26,7798,4774458,10465,4308884,1249,405806,79,39330,23,8319,103,47858,0,0,19615,23146.71,9537037,9489388,0
2021-06-27,4997,4779455,6001,4314885,795,406601,34,39364,15,8334,50,47908,0,0,11843,23057.14,9548880,9501182,0
2021-06-28,9032,4788487,10348,4325233,1526,408127,110,39474,26,8360,137,48045,0,0,21043,22909.86,9569923,9522089,0
2021-06-29,9729,4798216,12333,4337566,1347,409474,126,39600,33,8393,160,48205,0,0,23569,22391.29,9593492,9545499,0
2021-06-30,9424,4807640,10933,4348499,1486,410960,151,39751,18,8411,172,48377,0,0,22015,21609,9615507,9567345,0
2021-07-01,9392,4817032,10927,4359426,1434,412394,132,39883,25,8436,159,48536,0,0,21912,20977.57,9637419,9589100,0
2021-07-02,9688,4826720,11458,4370884,1541,413935,119,40002,21,8457,140,48676,0,0,22828,20403.57,9660247,9611788,0
2021-07-03,7057,4833777,8422,4379306,1192,415127,79,40081,17,8474,96,48772,0,0,16767,19996.71,9677014,9628459,0
2021-07-04,1286,4835063,1335,4380641,567,415694,11,40092,3,8477,14,48786,0,0,3202,18762.29,9680216,9631647,0
2021-07-05,6491,4841554,7108,4387749,1207,416901,67,40159,22,8499,89,48875,0,0,14895,17884,9695111,9646453,0
2021-07-06,9507,4851061,12855,4400604,1315,418216,117,40276,38,8537,156,49031,0,0,23833,17921.71,9718944,9670131,0
2021-07-07,8661,4859722,11107,4411711,1418,419634,129,40405,21,8558,150,49181,0,0,21336,17824.71,9740280,9691317,0
2021-07-08,8217,4867939,10190,4421901,1258,420892,111,40516,23,8581,136,49317,0,0,19801,17523.14,9760081,9710984,0
2021-07-09,8369,4876308,10834,4432735,1280,422172,91,40607,20,8601,111,49428,0,0,20594,17204,9780675,9731467,0
2021-07-10,7098,4883406,8637,4441372,1131,423303,67,40674,20,8621,88,49516,0,0,16954,17230.71,9797629,9748334,0
2021-07-11,4104,4887510,4540,4445912,701,424004,38,40712,6,8627,44,49560,0,0,9389,18114.57,9807018,9757679,0
2021-07-12,8447,4895957,9564,4455476,1251,425255,84,40796,23,8650,107,49667,0,0,19369,18753.71,9826387,9776941,0
2021-07-13,9457,4905414,9394,4464870,952,426207,109,40905,36,8686,147,49814,0,0,19950,18199,9846337,9796746,0
2021-07-14,8990,4914404,9535,4474405,1010,427217,110,41015,22,8708,136,49950,0,0,19671,17961.14,9866008,9816285,0
2021-07-15,8792,4923196,9157,4483562,1052,428269,83,41098,20,8728,104,50054,0,0,19105,17861.71,9885113,9835287,0
2021-07-16,9247,4932443,9765,4493327,981,429250,103,41201,29,8757,132,50186,0,0,20125,17794.71,9905238,9855280,0
2021-07-17,6838,4939281,7389,4500716,803,430053,80,41281,21,8778,101,50287,0,0,15131,17534.29,9920369,9870310,0
2021-07-18,4253,4943534,4285,4505001,575,430628,36,41317,14,8792,50,50337,0,0,9163,17502,9929532,9879423,0
2021-07-19,9118,4952652,8487,4513488,999,431627,93,41410,22,8814,116,50453,0,0,18720,17409.29,9948252,9898028,0
2021-07-20,10639,4963291,8762,4522250,991,432618,96,41506,25,8839,122,50575,0,0,20514,17489.86,9968766,9918421,0
2021-07-21,10050,4973341,8775,4531025,904,433522,149,41655,33,8872,182,50757,0,0,19911,17524.14,9988677,9938150,0
2021-07-22,10686,4984027,8584,4539609,1046,434568,146,41801,27,8899,174,50931,0,0,20490,17722,10009167,9958467,0
2021-07-23,11246,4995273,8888,4548497,1114,435682,139,41940,23,8922,164,51095,0,0,21412,17905.86,10030579,9979717,0
2021-07-24,7400,5002673,6740,4555237,670,436352,82,42022,26,8948,109,51204,0,0,14919,17875.57,10045498,9994528,0
2021-07-25,5470,5008143,2130,4557367,509,436861,58,42080,4,8952,62,51266,0,0,8171,17733.86,10053669,10002637,0
2021-07-26,10865,5019008,7010,4564377,856,437717,112,42192,20,8972,132,51398,0,0,18863,17754.29,10072532,10021368,0
2021-07-27,12060,5031068,8573,4572950,856,438573,140,42332,41,9013,182,51580,0,0,21671,17919.57,10094203,10042858,0
2021-07-28,12006,5043074,8056,4581006,950,439523,137,42469,29,9042,167,51747,0,0,21179,18100.71,10115382,10063871,0
2021-07-29,10925,5053999,7437,4588443,983,440506,138,42607,41,9083,183,51930,0,0,19528,17963.29,10134910,10083220,0
2021-07-30,14947,5068946,8013,4596456,1151,441657,187,42794,33,9116,222,52152,0,0,24333,18380.57,10159243,10107333,0
2021-07-31,9718,5078664,6325,4602781,815,442472,122,42916,20,9136,143,52295,0,0,17001,18678,10176244,10124192,0
2021-08-01,6497,5085161,3313,4606094,564,443036,81,42997,22,9158,103,52398,0,0,10477,19007.43,10186721,10134566,0
2021-08-02,13448,5098609,7155,4613249,845,443881,150,43147,19,9177,169,52567,0,0,21617,19400.86,10208338,10156014,0
2021-08-03,15402,5114011,8393,4621642,1109,444990,145,43292,39,9216,185,52752,0,0,25089,19889.14,10233427,10180919,0
2021-08-04,17256,5131267,8133,4629775,1454,446444,182,43474,37,9253,219,52971,0,0,27062,20729.57,10260489,10207762,0
2021-08-05,17882,5149149,7933,4637708,1371,447815,161,43635,22,9275,183,53154,0,0,27369,21849.71,10287858,10234948,0
2021-08-06,18172,5167321,8420,4646128,1230,449045,172,43807,32,9307,204,53358,0,0,28026,22377.29,10315884,10262770,0
2021-08-07,13376,5180697,6019,4652147,800,449845,105,43912,29,9336,134,53492,0,0,20329,22852.71,10336213,10282965,0
2021-08-08,9309,5190006,3834,4655981,400,450245,84,43996,10,9346,94,53586,0,0,13637,23304.14,10349850,10296508,0
2021-08-09,21334,5211340,8529,4664510,965,451210,178,44174,34,9380,213,53799,0,0,31041,24650.43,10380891,10327337,0
2021-08-10,18947,5230287,9332,4673842,946,452156,180,44354,34,9414,215,54014,0,0,29440,25272,10410331,10356563,0
2021-08-11,15644,5245931,8312,4682154,853,453009,132,44486,46,9460,179,54193,0,0,24988,24975.71,10435319,10381373,0
2021-08-12,15048,5260979,8990,4691144,942,453951,179,44665,36,9496,217,54410,0,0,25197,24665.43,10460516,10406355,0
2021-08-13,14914,5275893,9293,4700437,919,454870,247,44912,38,9534,286,54696,0,0,25413,24292.14,10485929,10431483,0
2021-08-14,10392,5286285,6413,4706850,625,455495,536,45448,41,9575,580,55276,0,0,18010,23960.86,10503939,10448916,0
2021-08-15,6688,5292973,4484,4711334,676,456171,567,46015,33,9608,604,55880,0,0,12452,23791.57,10516391,10460768,0
2021-08-16,15697,5308670,9312,4720646,1149,457320,1331,47346,66,9674,1402,57282,0,0,27560,23294.29,10543951,10486931,0
2021-08-17,17756,5326426,10457,4731103,1229,458549,1776,49122,85,9759,1877,59159,0,0,31319,23562.71,10575270,10516389,0
2021-08-18,17478,5343904,10383,4741486,1262,459811,2002,51124,91,9850,2104,61263,0,0,31227,24454,10606497,10545523,0
2021-08-19,16283,5360187,9530,4751016,1315,461126,1961,53085,70,9920,2045,63308,0,0,29173,25022,10635670,10572665,0
2021-08-20,16260,5376447,11544,4762560,1252,462378,1869,54954,87,10007,1970,65278,0,0,31026,25823.86,10666696,10601735,0
2021-08-21,11141,5387588,8039,4770599,878,463256,1069,56023,53,10060,1129,66407,0,0,21187,26277.71,10687883,10621800,0
2021-08-22,4076,5391664,3902,4774501,261,463517,520,56543,33,10093,557,66964,0,0,8796,25755.43,10696679,10630043,0
2021-08-23,15570,5407234,11811,4786312,1022,464539,1553,58096,77,10170,1643,68607,0,0,30047,26110.71,10726726,10658460,0
2021-08-24,16908,5424142,12598,4798910,1007,465546,1778,59874,81,10251,1867,70474,0,0,32380,26262.29,10759106,10688981,0
2021-08-25,14561,5438703,12456,4811366,1112,466658,1571,61445,82,10333,1668,72142,0,0,29797,26058,10788903,10717125,0
2021-08-26,16143,5454846,14102,4825468,1071,467729,1779,63224,71,10404,1862,74004,0,0,33178,26630.14,10822081,10748453,0
2021-08-27,14871,5469717,14825,4840293,971,468700,1679,64903,76,10480,1763,75767,0,0,32430,26830.71,10854511,10779128,0
2021-08-28,10675,5480392,11522,4851815,835,469535,1022,65925,48,10528,1071,76838,0,0,24103,27247.29,10878614,10802161,0
2021-08-29,7209,5487601,7499,4859314,541,470076,782,66707,58,10586,849,77687,0,0,16098,28290.43,10894712,10817419,0
2021-08-30,15508,5503109,16932,4876246,1076,471152,1801,68508,93,10679,1903,79590,0,0,35419,29057.86,10930131,10850944,0
2021-08-31,15498,5518607,15961,4892207,952,472104,1983,70491,90,10769,2083,81673,0,0,34494,29359.86,10964625,10883365,0
2021-09-01,14825,5533432,14113,4906320,1020,473124,1815,72306,62,10831,1887,83560,0,0,31845,29652.43,10996470,10913333,0
2021-09-02,14308,5547740,12525,4918845,896,474020,1717,74023,65,10896,1798,85358,0,0,29527,29130.86,11025997,10941078,0
2021-09-03,14994,5562734,14314,4933159,974,474994,1904,75927,72,10968,1982,87340,0,0,32264,29107.14,11058261,10971366,0
2021-09-04,9641,5572375,9405,4942564,688,475682,981,76908,34,11002,1020,88360,0,0,20754,28628.71,11079015,10991105,0
2021-09-05,6790,5579165,5513,4948077,438,476120,719,77627,18,11020,738,89098,0,0,13479,28254.57,11092494,11003847,0
2021-09-06,5195,5584360,4511,4952588,358,476478,274,77901,11,11031,287,89385,0,0,10351,24673.43,11102845,11013913,0
2021-09-07,15560,5599920,17696,4970284,912,477390,1566,79467,95,11126,1669,91054,0,0,35837,24865.29,11138682,11048089,0
2021-09-08,16145,5616065,14831,4985115,1069,478459,1783,81250,84,11210,1879,92933,0,0,33924,25162.29,11172606,11080146,0
2021-09-09,16092,5632157,14760,4999875,1048,479507,1922,83172,78,11288,2011,94944,0,0,33911,25788.57,11206517,11112057,0
2021-09-10,18347,5650504,15403,5015278,1207,480714,1982,85154,83,11371,2072,97016,0,0,37029,26469.29,11243546,11147021,0
2021-09-11,12625,5663129,10351,5025629,958,481672,1035,86189,50,11421,1091,98107,0,0,25025,27079.43,11268571,11170961,0
2021-09-12,8532,5671661,5053,5030682,765,482437,694,86883,32,11453,727,98834,0,0,15077,27307.71,11283648,11185312,0
2021-09-13,16918,5688579,12967,5043649,976,483413,1663,88546,52,11505,1725,100559,0,0,32586,30484.14,11316234,11216183,0
2021-09-14,16259,5704838,13677,5057326,887,484300,1604,90150,57,11562,1673,102232,0,0,32496,30006.86,11348730,11247018,0
2021-09-15,15508,5720346,12899,5070225,727,485027,1575,91725,85,11647,1669,103901,0,0,30803,29561,11379533,11276161,0
2021-09-16,15327,5735673,13917,5084142,1209,486236,1473,93198,68,11715,1548,105449,0,0,32001,29288.14,11411534,11306621,0
2021-09-17,14424,5750097,13953,5098095,922,487158,1849,95047,60,11775,1911,107360,0,0,31210,28456.86,11442744,11335922,0
2021-09-18,9984,5760081,10189,5108284,913,488071,1055,96102,42,11817,1101,108461,0,0,22187,28051.43,11464931,11357012,0
2021-09-19,6168,5766249,6077,5114361,558,488629,749,96851,28,11845,782,109243,0,0,13585,27838.29,11478516,11369820,0
2021-09-20,12660,5778909,12633,5126994,1068,489697,1928,98779,62,11907,1999,111242,0,0,28361,27234.71,11506877,11396191,0
2021-09-21,12216,5791125,12771,5139765,1108,490805,2037,100816,82,11989,2135,113377,0,0,28230,26625.29,11535107,11422302,0
2021-09-22,12815,5803940,12009,5151774,1089,491894,1691,102507,69,12058,1766,115143,0,0,27679,26179,11562786,11448221,0
2021-09-23,14915,5818855,12770,5164544,1639,493533,2274,104781,76,12134,2357,117500,0,0,31681,26133.29,11594467,11477552,0
2021-09-24,16574,5835429,13366,5177910,1636,495169,4630,109411,127,12261,4776,122276,0,0,36352,26867.86,11630819,11509147,0
2021-09-25,10520,5845949,9034,5186944,1017,496186,3461,112872,84,12345,3561,125837,0,0,24132,27145.71,11654951,11529734,0
2021-09-26,6287,5852236,5768,5192712,773,496959,2426,115298,61,12406,2498,128335,0,0,15326,27394.43,11670277,11542573,0
2021-09-27,14126,5866362,8067,5200779,1155,498114,9086,124384,165,12571,9300,137635,0,0,32649,28007,11702926,11565971,0
2021-09-28,11100,5877462,11789,5212568,901,499015,9940,134324,182,12753,10161,147796,0,0,33951,28824.29,11736877,11589800,0
2021-09-29,11587,5889049,12196,5224764,1205,500220,9464,143788,175,12928,9673,157469,0,0,34661,29821.71,11771538,11614822,0
2021-09-30,12211,5901260,12611,5237375,1338,501558,9766,153554,185,13113,9985,167454,0,0,36145,30459.43,11807683,11641016,0
2021-10-01,12612,5913872,13431,5250806,1284,502842,10294,163848,157,13270,10488,177942,0,0,37815,30668.43,11845498,11668380,0
2021-10-02,7715,5921587,9983,5260789,865,503707,4248,168096,83,13353,4355,182297,0,0,22918,30495,11868416,11686967,0
2021-10-03,5054,5926641,6158,5266947,593,504300,2625,170721,60,13413,2695,184992,1,1,14501,30377.14,11882917,11698782,0
2021-10-04,9896,5936537,11019,5277966,914,505214,9538,180259,151,13564,9726,194718,0,1,31555,30220.86,11914472,11720648,0
2021-10-05,10132,5946669,11735,5289701,972,506186,9962,190221,180,13744,10185,204903,1,2,33025,30088.57,11947497,11743530,0
2021-10-06,9866,5956535,11052,5300753,937,507123,9953,200174,163,13907,10153,215056,0,2,32009,29709.71,11979506,11765423,0
2021-10-07,9592,5966127,12155,5312908,850,507973,10184,210358,181,14088,10399,225455,0,2,32996,29259.86,12012502,11788054,0
2021-10-08,9427,5975554,12181,5325089,940,508913,10927,221285,166,14254,11132,236587,0,2,33680,28669.14,12046182,11810641,0
2021-10-09,6224,5981778,8241,5333330,643,509556,4132,225417,91,14345,4240,240827,0,2,19348,28159.14,12065530,11825766,0
2021-10-10,3529,5985307,5028,5338358,458,510014,2439,227856,48,14393,2495,243322,0,2,11510,27731.86,12077040,11834789,0
2021-10-11,7588,5992895,9340,5347698,728,510742,8909,236765,166,14559,9099,252421,0,2,26755,27046.14,12103795,11852469,0
2021-10-12,8044,6000939,10997,5358695,891,511633,10538,247303,189,14748,10767,263188,0,2,30699,26713.86,12134494,11872441,0
2021-10-13,7126,6008065,10149,5368844,869,512502,8816,256119,184,14932,9030,272218,0,2,27174,26023.14,12161668,11890615,0
2021-10-14,7402,6015467,11117,5379961,837,513339,10138,266257,166,15098,10344,282562,0,2,29700,25552.29,12191368,11910011,0
2021-10-15,7702,6023169,11859,5391820,823,514162,10861,277118,176,15274,11070,293632,0,2,31454,25234.29,12222822,11930428,0
2021-10-16,4853,6028022,7466,5399286,665,514827,3854,280972,67,15341,3933,297565,0,2,16917,24887,12239739,11943424,0
2021-10-17,3047,6031069,4470,5403756,411,515238,2462,283434,45,15386,2514,300079,0,2,10442,24734.43,12250181,11951359,0
2021-10-18,7015,6038084,10672,5414428,797,516035,9501,292935,188,15574,9723,309802,0,2,28207,24941.86,12278388,11969877,0
2021-10-19,6545,6044629,8946,5423374,803,516838,9111,302046,179,15753,9331,319133,1,3,25626,24217.14,12304014,11986212,0
2021-10-20,6512,6051141,9373,5432747,975,517813,10006,312052,180,15933,10224,329357,2,5,27085,24204.43,12331099,12003109,0
2021-10-21,7001,6058142,9386,5442133,857,518670,10874,322926,159,16092,11068,340425,1,6,28313,24006.29,12359412,12020388,0
2021-10-22,8074,6066216,10345,5452478,1025,519695,16378,339304,229,16321,16661,357086,0,6,36105,24670.71,12395517,12039886,0
2021-10-23,5150,6071366,6452,5458930,690,520385,9141,348445,116,16437,9278,366364,0,6,21570,25335.43,12417087,12052199,0
2021-10-24,3247,6074613,3966,5462896,766,521151,6177,354622,82,16519,6285,372649,0,6,14264,25881.43,12431351,12060204,0
2021-10-25,8854,6083467,8747,5471643,1152,522303,19290,373912,303,16822,19664,392313,0,6,38417,27340,12469768,12079028,0
2021-10-26,8145,6091612,7724,5479367,1258,523561,17319,391231,282,17104,17671,409984,0,6,34798,28650.29,12504566,12096225,0
2021-10-27,10495,6102107,8392,5487759,1604,525165,20903,412134,334,17438,21307,431291,0,6,41798,30752.14,12546364,12116786,0
2021-10-28,11256,6113363,8030,5495789,1793,526958,20905,433039,328,17766,21303,452594,0,6,42382,32762,12588746,12137935,0
2021-10-29,11801,6125164,8228,5504017,1967,528925,22581,455620,353,18119,23006,475600,1,7,45004,34033.29,12633750,12160004,0
2021-10-30,4593,6129757,5061,5509078,932,529857,11205,466825,169,18288,11414,487014,0,7,22000,34094.71,12655750,12170630,0
2021-10-31,2643,6132400,2699,5511777,544,530401,6653,473478,106,18394,6782,493796,1,8,12668,33866.71,12668418,12176538,0
2021-11-01,7066,6139466,6953,5518730,1085,531486,20438,493916,339,18733,20836,514632,1,9,35941,33513,12704359,12191701,0
2021-11-02,6520,6145986,6587,5525317,1055,532541,20824,514740,282,19015,21183,535815,0,9,35346,33591.29,12739705,12205941,0
2021-11-03,6783,6152769,6677,5531994,1025,533566,20689,535429,315,19330,21080,556895,0,9,35567,32701.14,12775272,12220504,0
2021-11-04,9251,6162020,6275,5538269,995,534561,22430,557859,354,19684,22867,579762,0,9,39388,32273.43,12814660,12237108,0
2021-11-05,11013,6173033,6717,5544986,1049,535610,23811,581670,361,20045,24256,604018,0,9,43035,31992.14,12857695,12255971,0
2021-11-06,11136,6184169,4051,5549037,593,536203,12615,594285,179,20224,12832,616850,0,9,28612,32936.71,12886307,12271789,0
2021-11-07,7222,6191391,2287,5551324,577,536780,7125,601410,99,20323,7239,624089,0,9,17325,33602,12903632,12281890,0
2021-11-08,15015,6206406,5678,5557002,862,537642,19545,620955,290,20613,19902,643991,1,10,41458,34390.14,12945090,12303512,0
2021-11-09,16098,6222504,5385,5562387,658,538300,20566,641521,284,20897,20932,664923,0,10,43073,35494,12988163,12325735,0
2021-11-10,16858,6239362,5321,5567708,682,538982,22725,664246,294,21191,23090,688013,0,10,45951,36977.43,13034114,12348667,0
2021-11-11,12488,6251850,5185,5572893,760,539742,22163,686409,294,21485,22526,710539,0,10,40959,37201.86,13075073,12367169,0
2021-11-12,17016,6268866,5684,5578577,705,540447,23486,709895,360,21845,23924,734463,1,11,47330,37815.43,13122403,12390652,0
2021-11-13,9916,6278782,3661,5582238,464,540911,13368,723263,185,22030,13596,748059,0,11,27637,37676.14,13150040,12404736,0
2021-11-14,5977,6284759,2285,5584523,324,541235,7959,731222,82,22112,8062,756121,0,11,16648,37579.43,13166688,12413343,0
2021-11-15,13167,6297926,5974,5590497,688,541923,25183,756405,369,22481,25631,781752,0,11,45460,38151.14,13212148,12433251,0
2021-11-16,9877,6307803,5776,5596273,653,542576,30740,787145,445,22926,31262,813014,0,11,47570,38793.57,13259718,12449636,0
2021-11-17,10202,6318005,6668,5602941,680,543256,31524,818669,429,23355,32043,845057,0,11,49593,39313.86,13309311,12467276,0
2021-11-18,10630,6328635,6522,5609463,854,544110,33131,851800,467,23822,33695,878752,0,11,51701,40848.43,13361012,12485379,0
2021-11-19,11895,6340530,6549,5616012,707,544817,36373,888173,474,24296,36938,915690,0,11,56089,42099.71,13417101,12504621,0
2021-11-20,9277,6349807,3412,5619424,512,545329,22582,910755,262,24558,22896,938586,0,11,36097,43308.29,13453198,12517874,0
2021-11-21,4889,6354696,1887,5621311,288,545617,13252,924007,157,24715,13434,952020,1,12,20499,43858.43,13473697,12524963,0
2021-11-22,10318,6365014,5782,5627093,748,546365,36032,960039,452,25167,36576,988596,0,12,53424,44996.14,13527121,12541903,0
2021-11-23,9678,6374692,4780,5631873,632,546997,33623,993662,388,25555,34083,1022679,0,12,49174,45225.29,13576295,12557066,0
2021-11-24,8612,6383304,4748,5636621,648,547645,26004,1019666,291,25846,26366,1049045,1,13,40375,43908.43,13616670,12571145,0
2021-11-25,447,6383751,329,5636950,80,547725,1004,1020670,9,25855,1013,1050058,0,13,1869,36789.57,13618539,12572001,0
2021-11-26,7991,6391742,7005,5643955,528,548253,26654,1047324,312,26167,27023,1077081,0,13,42547,34855,13661086,12587582,0
2021-11-27,6635,6398377,6860,5650815,370,548623,18897,1066221,229,26396,19164,1096245,0,13,33030,34416.86,13694116,12601486,0
2021-11-28,4027,6402404,5792,5656607,279,548902,11946,1078167,122,26518,12089,1108334,0,13,22187,34658,13716303,12611605,0
2021-11-29,8995,6411399,11017,5667624,684,549586,35167,1113334,459,26977,35703,1144037,1,14,56400,35083.14,13772703,12632378,0
2021-11-30,10394,6421793,11445,5679069,510,550096,37892,1151226,505,27482,38510,1182547,0,14,60859,36752.43,13833562,12654840,0
2021-12-01,11056,6432849,10981,5690050,724,550820,40497,1191723,442,27924,41037,1223584,0,14,63800,40098.86,13897362,12677701,0
2021-12-02,11517,6444366,11056,5701106,625,551445,42347,1234070,474,28398,42919,1266503,0,14,66117,49277.14,13963479,12700997,0
2021-12-03,13345,6457711,12912,5714018,665,552110,48122,1282192,544,28942,48769,1315272,1,15,75692,54012.14,14039171,12728022,0
2021-12-04,9741,6467452,11322,5725340,564,552674,30774,1312966,313,29255,31141,1346413,0,15,52768,56831.86,14091939,12749703,0
2021-12-05,5691,6473143,5703,5731043,270,552944,16716,1329682,132,29387,16884,1363297,0,15,28549,57740.71,14120488,12761404,0
2021-12-06,12206,6485349,9988,5741031,599,553543,43391,1373073,469,29856,43952,1407249,0,15,66746,59218.71,14187234,12784290,0
2021-12-07,12476,6497825,9259,5750290,623,554166,43203,1416276,520,30376,43813,1451062,0,15,66171,59977.57,14253405,12806738,0
2021-12-08,13428,6511253,8780,5759070,555,554721,40926,1457202,494,30870,41503,1492565,0,15,64266,60044.14,14317671,12829584,0
2021-12-09,13369,6524622,8757,5767827,551,555272,40980,1498182,506,31376,41585,1534150,0,15,64263,59779.29,14381934,12852361,0
2021-12-10,13928,6538550,10162,5777989,666,555938,43820,1542002,542,31918,44450,1578600,0,15,69206,58852.71,14451140,12877205,0
2021-12-11,10196,6548746,8153,5786142,405,556343,26778,1568780,292,32210,27120,1605720,0,15,45875,57868,14497015,12896010,0
2021-12-12,5972,6554718,3856,5789998,287,556630,15207,1583987,137,32347,15368,1621088,0,15,25483,57430,14522498,12906149,0
2021-12-13,12101,6566819,7437,5797435,655,557285,38039,1622026,407,32754,38530,1659618,0,15,58723,56283.86,14581221,12926426,0
2021-12-14,12133,6578952,6948,5804383,730,558015,38297,1660323,448,33202,38813,1698431,0,15,58625,55205.86,14639846,12946306,0
2021-12-15,11981,6590933,6247,5810630,754,558769,38288,1698611,498,33700,38867,1737298,0,15,57850,54289.29,14697696,12965370,0
2021-12-16,13061,6603994,4266,5814896,736,559505,41259,1739870,469,34169,41802,1779100,0,15,59865,53661,14757561,12983507,0
2021-12-17,15826,6619820,6945,5821841,617,560122,46954,1786824,487,34656,47537,1826637,0,15,70925,53906.57,14828486,13006991,0
2021-12-18,12936,6632756,5734,5827575,432,560554,30712,1817536,279,34935,31048,1857685,1,16,50150,54517.29,14878636,13026149,0
2021-12-19,6958,6639714,2995,5830570,326,560880,18059,1835595,180,35115,18270,1875955,0,16,28549,54955.29,14907185,13036459,0
2021-12-20,16705,6656419,5856,5836426,745,561625,47654,1883249,586,35701,48321,1924276,0,16,71627,56798.71,14978812,13059846,0
2021-12-21,17834,6674253,6575,5843001,806,562431,49081,1932330,605,36306,49766,1974042,0,16,74982,59135.43,15053794,13085142,0
2021-12-22,18474,6692727,6557,5849558,938,563369,49840,1982170,550,36856,50470,2024512,1,17,76440,61791.14,15130234,13111191,0
2021-12-23,18930,6711657,6488,5856046,929,564298,46033,2028203,540,37396,46639,2071151,0,17,72986,63665.57,15203220,13137604,0
2021-12-24,9181,6720838,2958,5859004,598,564896,20660,2048863,212,37608,20906,2092057,0,17,33643,58339.57,15236863,13150375,0
2021-12-25,342,6721180,63,5859067,31,564927,427,2049290,8,37616,436,2092493,0,17,872,51299.86,15237735,13150812,0
2021-12-26,7914,6729094,3933,5863000,341,565268,17320,2066610,178,37794,17529,2110022,0,17,29717,51466.71,15267452,13163031,0
2021-12-27,21703,6750797,9215,5872215,934,566202,43571,2110181,569,38363,44213,2154235,0,17,76065,52100.71,15343517,13194956,0
2021-12-28,20049,6770846,8345,5880560,700,566902,47713,2157894,628,38991,48430,2202665,0,17,77524,52463.86,15421041,13224139,0
2021-12-29,18428,6789274,7675,5888235,606,567508,45700,2203594,498,39489,46272,2248937,0,17,72981,51969.71,15494022,13250922,0
2021-12-30,16814,6806088,7444,5895679,588,568096,44946,2248540,598,40087,45632,2294569,0,17,70479,51611.57,15564501,13275857,0
2021-12-31,5340,6811428,2819,5898498,193,568289,14801,2263341,188,40275,15011,2309580,0,17,23363,50143,15587864,13284231,0
2022-01-01,244,6811672,149,5898647,12,568301,504,2263845,36,40311,544,2310124,0,17,949,50154,15588813,13284640,0
2022-01-02,6402,6818074,5019,5903666,153,568454,11011,2274856,111,40422,11137,2321261,0,17,22711,49153.14,15611524,13296229,0
2022-01-03,14076,6832150,8528,5912194,515,568969,27035,2301891,349,40771,27428,2348689,2,19,50549,45508,15662073,13319392,0
2022-01-04,12771,6844921,8128,5920322,414,569383,27319,2329210,371,41142,27749,2376438,12,31,49071,41443.29,15711144,13340761,0
2022-01-05,11282,6856203,7032,5927354,386,569769,26041,2355251,316,41458,26400,2402838,0,31,45101,37460.43,15756245,13359505,0
2022-01-06,11307,6867510,7400,5934754,485,570254,27682,2382933,361,41819,28095,2430933,2,33,47289,34147.57,15803534,13378749,0
2022-01-07,10114,6877624,8459,5943213,339,570593,25245,2408178,332,42151,25611,2456544,0,33,44524,37170.57,15848058,13397696,0
2022-01-08,7640,6885264,8605,5951818,311,570904,19647,2427825,192,42343,19856,2476400,0,33,36413,42236.86,15884471,13414270,0
2022-01-09,4101,6889365,3844,5955662,214,571118,10084,2437909,98,42441,10193,2486593,1,34,18355,41614.57,15902826,13422442,0
2022-01-10,10134,6899499,8204,5963866,490,571608,24653,2462562,309,42750,25013,2511606,1,35,43841,40656.29,15946667,13441320,0
2022-01-11,8830,6908329,7991,5971857,522,572130,21084,2483646,298,43048,21426,2533032,0,35,38773,39185.14,15985440,13458711,0
2022-01-12,8887,6917216,8333,5980190,427,572557,22411,2506057,294,43342,22740,2555772,1,36,40389,38512,16025829,13476394,0
2022-01-13,8979,6926195,8874,5989064,451,573008,22963,2529020,341,43683,23342,2579114,1,37,41649,37706.29,16067478,13494738,0
2022-01-14,10055,6936250,8127,5997191,474,573482,26493,2555513,342,44025,26877,2605991,0,37,45533,37850.43,16113011,13513436,0
2022-01-15,6183,6942433,4320,6001511,180,573662,15172,2570685,185,44210,15381,2621372,0,37,26064,36372,16139075,13524143,0
2022-01-16,2887,6945320,3251,6004762,95,573757,7845,2578530,89,44299,7944,2629316,0,37,14178,35775.29,16153253,13530387,0
2022-01-17,6033,6951353,6760,6011522,363,574120,14726,2593256,225,44524,14969,2644285,0,37,28125,33530.14,16181378,13543561,0
2022-01-18,8109,6959462,10327,6021849,393,574513,19715,2612971,328,44852,20074,2664359,0,37,38903,33548.71,16220281,13562421,0
2022-01-19,7403,6966865,9266,6031115,303,574816,17763,2630734,285,45137,18080,2682439,1,38,35053,32786.43,16255334,13579425,0
2022-01-20,6221,6973086,8572,6039687,305,575121,15306,2646040,257,45394,15590,2698029,0,38,30689,31220.71,16286023,13594551,0
2022-01-21,7510,6980596,7524,6047211,276,575397,18551,2664591,294,45688,18871,2716900,1,39,34181,29599,16320204,13609886,0
2022-01-22,5172,6985768,4954,6052165,132,575529,11344,2675935,132,45820,11501,2728401,0,39,21759,28984,16341963,13620169,0
2022-01-23,2778,6988546,3337,6055502,97,575626,6252,2682187,78,45898,6338,2734739,0,39,12550,28751.43,16354513,13626389,0
2022-01-24,6320,6994866,8217,6063719,262,575888,15103,2697290,251,46149,15382,2750121,0,39,30182,29045.29,16384695,13641217,0
2022-01-25,6137,7001003,7961,6071680,230,576118,14742,2712032,292,46441,15068,2765189,0,39,29396,27687.14,16414091,13655579,0
2022-01-26,5708,7006711,7192,6078872,288,576406,14044,2726076,225,46666,14297,2779486,0,39,27485,26606,16441576,13668795,0
2022-01-27,5206,7011917,7099,6085971,320,576726,14125,2740201,240,46906,14404,2793890,0,39,27029,26083.14,16468605,13681459,0
2022-01-28,6209,7018126,7887,6093858,205,576931,16163,2756364,245,47151,16431,2810321,1,40,30733,25590.57,16499338,13695783,0
2022-01-29,834,7018960,729,6094587,28,576959,2544,2758908,40,47191,2587,2812908,0,40,4178,23079,16503516,13697377,0
2022-01-30,2072,7021032,3025,6097612,103,577062,4556,2763464,64,47255,4624,2817532,0,40,9824,22689.57,16513340,13702581,0
2022-01-31,4972,7026004,6597,6104209,219,577281,11414,2774878,206,47461,11635,2829167,0,40,23423,21724,16536763,13714384,0
2022-02-01,4796,7030800,6457,6110666,220,577501,10742,2785620,222,47683,10982,2840149,1,41,22456,20732.57,16559219,13725875,0
2022-02-02,4243,7035043,5938,6116604,212,577713,11262,2796882,243,47926,11523,2851672,0,41,21916,19937,16581135,13736286,0
2022-02-03,4201,7039244,5819,6122423,216,577929,11237,2808119,208,48134,11471,2863143,1,42,21708,19176.86,16602843,13746548,0
2022-02-04,4729,7043973,7120,6129543,214,578143,13251,2821370,240,48374,13517,2876660,0,42,25580,18440.71,16628423,13758637,0
2022-02-05,3556,7047529,6081,6135624,110,578253,8605,2829975,159,48533,8779,2885439,0,42,18526,20490.43,16646949,13768399,0
2022-02-06,2048,7049577,2138,6137762,120,578373,4652,2834627,105,48638,4761,2890200,0,42,9068,20382.43,16656017,13772710,0
2022-02-07,4119,7053696,4751,6142513,205,578578,10153,2844780,237,48875,10415,2900615,0,42,19490,19820.57,16675507,13781810,0
2022-02-08,4183,7057879,5608,6148121,214,578792,11352,2856132,317,49192,11694,2912309,0,42,21699,19712.43,16697206,13791840,0
2022-02-09,4106,7061985,5405,6153526,221,579013,11686,2867818,259,49451,11969,2924278,0,42,21701,19681.71,16718907,13801596,0
2022-02-10,3962,7065947,5129,6158655,243,579256,12216,2880034,292,49743,12538,2936816,0,42,21872,19705.14,16740779,13810960,0
2022-02-11,4490,7070437,5812,6164467,195,579451,13756,2893790,327,50070,14115,2950931,0,42,24612,19566.86,16765391,13821489,0
2022-02-12,3239,7073676,4353,6168820,97,579548,8826,2902616,218,50288,9055,2959986,0,42,16744,19312.29,16782135,13829189,0
2022-02-13,1510,7075186,1543,6170363,41,579589,4889,2907505,113,50401,5007,2964993,0,42,8101,19174.14,16790236,13832288,0
2022-02-14,2957,7078143,3634,6173997,167,579756,10591,2918096,331,50732,10949,2975942,1,43,17708,18919.57,16807944,13839073,0
2022-02-15,3515,7081658,4076,6178073,174,579930,12808,2930904,292,51024,13116,2989058,0,43,20881,18802.71,16828825,13846854,0
2022-02-16,3613,7085271,3911,6181984,199,580129,15769,2946673,300,51324,16104,3005162,0,43,23827,19106.43,16852652,13854612,0
2022-02-17,3987,7089258,4082,6186066,162,580291,18372,2965045,374,51698,18776,3023938,0,43,27007,19840,16879659,13862873,0
2022-02-18,4424,7093682,4792,6190858,190,580481,21565,2986610,469,52167,22057,3045995,1,44,31464,20818.86,16911123,13872302,0
2022-02-19,3233,7096915,2186,6193044,65,580546,11204,2997814,220,52387,11435,3057430,0,44,16919,20843.86,16928042,13877797,0
2022-02-20,1843,7098758,1446,6194490,59,580605,6599,3004413,115,52502,6721,3064151,0,44,10069,21125,16938111,13881152,0
2022-02-21,3071,7101829,2697,6197187,93,580698,8367,3012780,236,52738,8616,3072767,0,44,14477,20663.43,16952588,13887026,0
2022-02-22,4359,7106188,4266,6201453,174,580872,10851,3023631,258,52996,11126,3083893,0,44,19925,20526.86,16972513,13895842,0
2022-02-23,4230,7110418,3792,6205245,145,581017,10695,3034326,243,53239,10955,3094848,1,45,19123,19854.86,16991636,13904026,0
2022-02-24,3780,7114198,3663,6208908,108,581125,10203,3044529,241,53480,10462,3105310,1,46,18014,18570.14,17009650,13911595,0
2022-02-25,3586,7117784,3637,6212545,135,581260,9997,3054526,248,53728,10258,3115568,0,46,17616,16591.86,17027266,13918966,0
2022-02-26,2817,7120601,2591,6215136,74,581334,9526,3064052,161,53889,9696,3125264,0,46,15178,16343.14,17042444,13924457,0
2022-02-27,1761,7122362,1373,6216509,52,581386,6276,3070328,102,53991,6385,3131649,0,46,9571,16272,17052015,13927650,0
2022-02-28,3767,7126129,3139,6219648,140,581526,13155,3083483,258,54249,13437,3145086,0,46,20483,17130,17072498,13934720,0
2022-03-01,2114,7128243,2632,6222280,102,581628,5194,3088677,188,54437,5389,3150475,0,46,10237,15746,17082735,13939575,0
2022-03-02,1822,7130065,2449,6224729,107,581735,4149,3092826,211,54648,4371,3154846,0,46,8749,14264,17091484,13943964,0
2022-03-03,1928,7131993,2564,6227293,106,581841,3807,3096633,171,54819,3992,3158838,0,46,8590,12917.71,17100074,13948576,0
2022-03-04,2113,7134106,2883,6230176,66,581907,4338,3100971,211,55030,4561,3163399,0,46,9623,11775.86,17109697,13953650,0
2022-03-05,1609,7135715,2128,6232304,43,581950,3320,3104291,119,55149,3442,3166841,0,46,7222,10639.29,17116919,13957433,0
2022-03-06,793,7136508,881,6233185,30,581980,1627,3105918,55,55204,1685,3168526,0,46,3389,9756.14,17120308,13959140,0
2022-03-07,1658,7138166,1788,6234973,87,582067,3508,3109426,162,55366,3684,3172210,0,46,7217,7861,17127525,13962687,0
2022-03-08,1541,7139707,1898,6236871,80,582147,3132,3112558,154,55520,3298,3175508,0,46,6817,7372.43,17134342,13966218,0
2022-03-09,1260,7140967,1684,6238555,80,582227,2596,3115154,129,55649,2731,3178239,0,46,5755,6944.71,17140097,13969248,0
2022-03-10,1408,7142375,2098,6240653,85,582312,2974,3118128,165,55814,3148,3181387,0,46,6739,6680.29,17146836,13972848,0
2022-03-11,1595,7143970,2278,6242931,81,582393,3217,3121345,190,56004,3425,3184812,0,46,7379,6359.71,17154215,13976820,0
2022-03-12,876,7144846,1419,6244350,42,582435,2011,3123356,75,56079,2089,3186901,0,46,4426,5960.29,17158641,13979160,0
2022-03-13,624,7145470,757,6245107,28,582463,1292,3124648,49,56128,1344,3188245,0,46,2753,5869.43,17161394,13980572,0
2022-03-14,1359,7146829,1616,6246723,84,582547,2999,3127647,209,56337,3229,3191474,0,46,6288,5736.71,17167682,13983652,0
2022-03-15,1353,7148182,1924,6248647,63,582610,3072,3130719,236,56573,3316,3194790,0,46,6656,5713.71,17174338,13987000,0
2022-03-16,1395,7149577,2060,6250707,94,582704,3150,3133869,296,56869,3462,3198252,0,46,7011,5893.14,17181349,13990565,0
2022-03-17,1191,7150768,1808,6252515,70,582774,2766,3136635,268,57137,3048,3201300,0,46,6117,5804.29,17187466,13993648,0
2022-03-18,1578,7152346,2222,6254737,79,582853,3780,3140415,423,57560,4209,3205509,1,47,8089,5905.71,17195555,13997533,0
2022-03-19,1102,7153448,1736,6256473,54,582907,2607,3143022,231,57791,2843,3208352,0,47,5735,6092.71,17201290,14000430,0
2022-03-20,604,7154052,630,6257103,33,582940,1470,3144492,186,57977,1660,3210012,0,47,2927,6117.57,17204217,14001701,0
2022-03-21,1412,7155464,1560,6258663,73,583013,3062,3147554,361,58338,3445,3213457,1,48,6491,6146.57,17210708,14004768,0
2022-03-22,1340,7156804,1553,6260216,101,583114,2907,3150461,350,58688,3267,3216724,0,48,6261,6090.14,17216969,14007772,0
2022-03-23,1256,7158060,1360,6261576,66,583180,2924,3153385,375,59063,3309,3220033,0,48,5991,5944.43,17222960,14010464,0
2022-03-24,1207,7159267,1300,6262876,90,583270,2521,3155906,274,59337,2805,3222838,0,48,5402,5842.29,17228362,14013071,0
2022-03-25,1379,7160646,1638,6264514,62,583332,3269,3159175,386,59723,3668,3226506,0,48,6747,5650.57,17235109,14016163,0
2022-03-26,921,7161567,1169,6265683,36,583368,2311,3161486,254,59977,2573,3229079,0,48,4699,5502.57,17239808,14018297,0
2022-03-27,574,7162141,528,6266211,29,583397,1314,3162800,203,60180,1519,3230598,0,48,2650,5463,17242458,14019430,0
2022-03-28,1071,7163212,1170,6267381,69,583466,2445,3165245,366,60546,2829,3233427,0,48,5139,5269.86,17247597,14021758,0
2022-03-29,1044,7164256,1107,6268488,84,583550,2516,3167761,885,61431,3422,3236849,1,49,5657,5183.57,17253254,14024013,0
2022-03-30,1236,7165492,1139,6269627,99,583649,3065,3170826,3412,64843,6568,3243417,0,49,9042,5619.43,17262296,14026578,0
2022-03-31,1275,7166767,1251,6270878,58,583707,3163,3173989,5534,70377,8835,3252252,0,49,11420,6479.14,17273716,14029301,0
2022-04-01,1421,7168188,1488,6272366,77,583784,3244,3177233,6926,77303,10326,3262578,0,49,13312,7417,17287028,14032443,0
2022-04-02,905,7169093,911,6273277,33,583817,2085,3179318,4540,81843,6722,3269300,0,49,8571,7970.14,17295599,14034389,0
2022-04-03,553,7169646,491,6273768,28,583845,1219,3180537,3060,84903,4344,3273644,0,49,5416,8365.29,17301015,14035526,0
2022-04-04,1344,7170990,1300,6275068,62,583907,2723,3183260,7723,92626,10602,3284246,0,49,13308,9532.29,17314323,14038388,0
2022-04-05,1290,7172280,1154,6276222,66,583973,2846,3186106,7500,100126,10523,3294769,0,49,13033,10586,17327356,14041075,0
2022-04-06,1328,7173608,1174,6277396,61,584034,2628,3188734,6959,107085,9750,3304519,0,49,12313,11053.29,17339669,14043801,0
2022-04-07,1198,7174806,1061,6278457,57,584091,2378,3191112,6629,113714,9154,3313673,1,50,11471,11060.57,17351140,14046264,0
2022-04-08,1472,7176278,1411,6279868,61,584152,3168,3194280,8792,122506,12158,3325831,0,50,15102,11316.29,17366242,14049406,0
2022-04-09,907,7177185,925,6280793,29,584181,2083,3196363,4958,127464,7127,3332958,0,50,8988,11375.86,17375230,14051353,0
2022-04-10,573,7177758,459,6281252,25,584206,1169,3197532,2902,130366,4134,3337092,0,50,5191,11343.71,17380421,14052473,0
2022-04-11,1305,7179063,1225,6282477,61,584267,2652,3200184,7842,138208,10650,3347742,0,50,13241,11334.14,17393662,14055220,0
2022-04-12,1211,7180274,1054,6283531,73,584340,2518,3202702,7451,145659,10142,3357884,0,50,12480,11255.14,17406142,14057731,0
2022-04-13,1227,7181501,1074,6284605,60,584400,2511,3205213,7549,153208,10214,3368098,0,50,12575,11292.57,17418717,14060246,0
2022-04-14,1261,7182762,1095,6285700,58,584458,2442,3207655,6595,159803,9166,3377264,1,51,11581,11308.29,17430298,14062789,0
2022-04-15,1332,7184094,1093,6286793,53,584511,2554,3210209,6634,166437,9322,3386586,0,51,11800,10836.57,17442098,14065401,0
2022-04-16,853,7184947,651,6287444,34,584545,1642,3211851,3694,170131,5402,3391988,0,51,6940,10544,17449038,14067005,0
2022-04-17,345,7185292,201,6287645,27,584572,637,3212488,1159,171290,1819,3393807,0,51,2392,10144.14,17451430,14067601,0
2022-04-18,1378,7186670,1113,6288758,82,584654,2581,3215069,6419,177709,9142,3402949,0,51,11715,9926.14,17463145,14070316,0
2022-04-19,1406,7188076,933,6289691,71,584725,2572,3217641,5767,183476,8442,3411391,0,51,10852,9693.57,17473997,14072829,0
2022-04-20,1297,7189373,1150,6290841,66,584791,2711,3220352,6649,190125,9503,3420894,0,51,12016,9613.71,17486013,14075485,0
2022-04-21,1224,7190597,1062,6291903,53,584844,2339,3222691,5402,195527,7859,3428753,1,52,10199,9416.29,17496212,14077942,0
2022-04-22,1231,7191828,1038,6292941,46,584890,2240,3224931,5785,201312,8139,3436892,0,52,10454,9224,17506666,14080371,0
2022-04-23,711,7192539,751,6293692,59,584949,1428,3226359,3353,204665,4847,3441739,0,52,6368,9142.29,17513034,14081958,0
2022-04-24,445,7192984,344,6294036,27,584976,812,3227171,1845,206510,2690,3444429,0,52,3506,9301.43,17516540,14082807,0
2022-04-25,1037,7194021,916,6294952,64,585040,1849,3229020,5094,211604,7057,3451486,0,52,9075,8924.29,17525615,14084939,0
2022-04-26,947,7194968,856,6295808,76,585116,1748,3230768,4694,216298,6539,3458025,0,52,8418,8576.57,17534033,14086915,0
2022-04-27,1034,7196002,1021,6296829,80,585196,1924,3232692,5218,221516,7263,3465288,0,52,9398,8202.57,17543431,14089171,0
2022-04-28,1080,7197082,988,6297817,50,585246,2007,3234699,4746,226262,6866,3472154,1,53,8986,8029.29,17552417,14091403,0
2022-04-29,1173,7198255,1102,6298919,60,585306,2157,3236856,5439,231701,7711,3479865,0,53,10046,7971,17562463,14093853,0
2022-04-30,724,7198979,743,6299662,50,585356,1391,3238247,2967,234668,4405,3484270,0,53,5922,7907.29,17568385,14095417,0
2022-05-01,445,7199424,366,6300028,20,585376,766,3239013,1656,236324,2454,3486724,0,53,3285,7875.71,17571670,14096280,0
2022-05-02,1045,7200469,790,6300818,52,585428,1674,3240687,3821,240145,5566,3492290,2,55,7454,7644.14,17579124,14098237,0
2022-05-03,1118,7201587,863,6301681,61,585489,1993,3242680,4872,245017,6962,3499252,0,55,9004,7727.86,17588128,14100376,0
2022-05-04,1003,7202590,882,6302563,48,585537,1925,3244605,4682,249699,6698,3505950,0,55,8631,7618.29,17596759,14102400,0
2022-05-05,1070,7203660,952,6303515,86,585623,1928,3246533,4888,254587,6916,3512866,0,55,9024,7623.71,17605783,14104608,0
2022-05-06,1095,7204755,956,6304471,51,585674,1859,3248392,4401,258988,6339,3519205,2,57,8441,7394.43,17614224,14106787,0
2022-05-07,659,7205414,590,6305061,32,585706,1205,3249597,2434,261422,3680,3522885,1,58,4961,7257.14,17619185,14108108,0
2022-05-08,411,7205825,243,6305304,17,585723,664,3250261,1389,262811,2075,3524960,0,58,2746,7180.14,17621931,14108801,0
2022-05-09,1077,7206902,944,6306248,60,585783,1892,3252153,4438,267249,6423,3531383,0,58,8504,7330.14,17630435,14110975,0
2022-05-10,1093,7207995,928,6307176,54,585837,1977,3254130,4722,271971,6809,3538192,0,58,8884,7313,17639319,14113160,0
2022-05-11,1084,7209079,972,6308148,44,585881,1941,3256071,4844,276815,6888,3545080,0,58,8988,7364,17648307,14115363,0
2022-05-12,1099,7210178,949,6309097,60,585941,2001,3258072,4668,281483,6770,3551850,0,58,8878,7343.14,17657185,14117572,0
2022-05-13,1153,7211331,1039,6310136,44,585985,2074,3260146,4809,286292,6977,3558827,0,58,9213,7453.43,17666398,14119902,0
2022-05-14,827,7212158,671,6310807,31,586016,1468,3261614,2964,289256,4474,3563301,0,58,6003,7602.29,17672401,14121473,0
2022-05-15,508,7212666,355,6311162,22,586038,924,3262538,1650,290906,2600,3565901,0,58,3485,7707.86,17675886,14122384,0
2022-05-16,1223,7213889,855,6312017,62,586100,1831,3264369,3870,294776,5765,3571666,1,59,7906,7622.43,17683792,14124588,0
2022-05-17,1283,7215172,932,6312949,79,586179,2046,3266415,4899,299675,7039,3578705,1,60,9334,7686.71,17693126,14126976,0
2022-05-18,1234,7216406,898,6313847,82,586261,2062,3268477,4947,304622,7123,3585828,1,61,9338,7736.71,17702464,14129304,0
2022-05-19,1157,7217563,880,6314727,36,586297,2118,3270595,4733,309355,6937,3592765,0,61,9010,7755.57,17711474,14131463,0
2022-05-20,1196,7218759,960,6315687,73,586370,2370,3272965,5213,314568,7694,3600459,1,62,9926,7857.43,17721400,14133805,0
2022-05-21,831,7219590,647,6316334,23,586393,1726,3274691,3312,317880,5099,3605558,0,62,6600,7942.71,17728000,14135367,0
2022-05-22,506,7220096,292,6316626,22,586415,1136,3275827,1840,319720,3010,3608568,0,62,3830,7992,17731830,14136221,0
2022-05-23,1216,7221312,884,6317510,52,586467,2190,3278017,4713,324433,7005,3615573,1,63,9158,8170.86,17740988,14138475,0
2022-05-24,1403,7222715,935,6318445,66,586533,2305,3280322,4495,328928,6904,3622477,0,63,9309,8167.29,17750297,14140984,0
2022-05-25,1410,7224125,956,6319401,56,586589,2265,3282587,4276,333204,6641,3629118,0,63,9064,8128.14,17759361,14143507,0
2022-05-26,1167,7225292,890,6320291,60,586649,2273,3284860,4156,337360,6497,3635615,1,64,8616,8071.86,17767977,14145693,0
2022-05-27,1244,7226536,956,6321247,38,586687,2495,3287355,3927,341287,6499,3642114,0,64,8738,7902.14,17776715,14148009,0
2022-05-28,710,7227246,517,6321764,19,586706,1784,3289139,2066,343353,3891,3646005,0,64,5137,7693.14,17781852,14149296,0
2022-05-29,472,7227718,216,6321980,11,586717,760,3289899,1126,344479,1906,3647911,0,64,2605,7518.14,17784457,14150015,0
2022-05-30,91,7227809,62,6322042,6,586723,138,3290037,144,344623,284,3648195,2,66,445,6273.43,17784902,14150176,0
2022-05-31,1135,7228944,918,6322960,51,586774,1901,3291938,3053,347676,5016,3653211,0,66,7120,5960.71,17792022,14152342,0
2022-06-01,1152,7230096,850,6323810,63,586837,1969,3293907,3434,351110,5478,3658689,0,66,7543,5743.43,17799565,14154482,0
2022-06-02,1026,7231122,799,6324609,72,586909,1827,3295734,3178,354288,5067,3663756,0,66,6964,5507.43,17806529,14156441,0
2022-06-03,1156,7232278,895,6325504,47,586956,2071,3297805,3495,357783,5636,3669392,0,66,7734,5364,17814263,14158609,0
2022-06-04,721,7232999,584,6326088,26,586982,1559,3299364,1907,359690,3502,3672894,0,66,4835,5320.86,17819098,14159978,0
2022-06-05,448,7233447,297,6326385,1,586983,880,3300244,981,360671,1870,3674764,0,66,2616,5322.43,17821714,14160733,0
2022-06-06,1121,7234568,828,6327213,64,587047,1757,3302001,2747,363418,4555,3679319,0,66,6568,6197.14,17828282,14162797,0
2022-06-07,1016,7235584,773,6327986,70,587117,1797,3303798,2569,365987,4413,3683732,0,66,6273,6076.14,17834555,14164704,0
2022-06-08,1090,7236674,836,6328822,75,587192,1877,3305675,2754,368741,4693,3688425,1,67,6694,5954.86,17841249,14166766,0
2022-06-09,1138,7237812,839,6329661,62,587254,2230,3307905,2693,371434,4975,3693400,0,67,7014,5962,17848263,14168857,0
2022-06-10,1045,7238857,816,6330477,75,587329,1882,3309787,2833,374267,4772,3698172,0,67,6708,5815.43,17854971,14170850,0
2022-06-11,678,7239535,507,6330984,25,587354,1333,3311120,1505,375772,2865,3701037,0,67,4075,5706.86,17859046,14172087,0
2022-06-12,350,7239885,287,6331271,21,587375,876,3311996,775,376547,1661,3702698,0,67,2319,5664.43,17861365,14172755,0
2022-06-13,1028,7240913,768,6332039,62,587437,1582,3313578,2188,378735,3810,3706508,0,67,5669,5536,17867034,14174654,0
2022-06-14,973,7241886,833,6332872,64,587501,1692,3315270,2505,381240,4260,3710768,0,67,6130,5515.57,17873164,14176587,0
2022-06-15,969,7242855,865,6333737,39,587540,1666,3316936,2429,383669,4154,3714922,0,67,6027,5420.29,17879191,14178519,0
2022-06-16,960,7243815,776,6334513,59,587599,1835,3318771,2367,386036,4257,3719179,1,68,6052,5282.86,17885243,14180368,0
2022-06-17,898,7244713,797,6335310,48,587647,1772,3320543,2405,388441,4223,3723402,1,69,5968,5177.14,17891211,14182158,0
2022-06-18,659,7245372,522,6335832,26,587673,1284,3321827,1297,389738,2610,3726012,2,71,3817,5140.29,17895028,14183392,0
2022-06-19,346,7245718,231,6336063,16,587689,728,3322555,611,390349,1351,3727363,0,71,1944,5086.71,17896972,14183997,0
2022-06-20,828,7246546,489,6336552,41,587730,1581,3324136,1611,391960,3232,3730595,0,71,4590,4932.57,17901562,14185395,0
2022-06-21,1130,7247676,740,6337292,49,587779,1703,3325839,2143,394103,3902,3734497,0,71,5822,4888.57,17907384,14187371,0
2022-06-22,1956,7249632,836,6338128,46,587825,1711,3327550,1995,396098,3750,3738247,0,71,6588,4968.71,17913972,14190253,0
2022-06-23,2117,7251749,763,6338891,66,587891,1703,3329253,2158,398256,3913,3742160,0,71,6859,5084,17920831,14193251,0
2022-06-24,2168,7253917,761,6339652,48,587939,1624,3330877,2159,400415,3831,3745991,0,71,6808,5204,17927639,14196276,0
2022-06-25,2138,7256055,497,6340149,15,587954,1237,3332114,1143,401558,2396,3748387,0,71,5049,5380,17932688,14198945,0
2022-06-26,1209,7257264,248,6340397,14,587968,687,3332801,531,402089,1224,3749611,0,71,2695,5487.29,17935383,14200422,0
2022-06-27,1531,7258795,655,6341052,60,588028,1473,3334274,1654,403743,3168,3752779,0,71,5415,5605.14,17940798,14202710,0
2022-06-28,1688,7260483,829,6341881,57,588085,1866,3336140,2144,405887,4055,3756834,0,71,6629,5720.43,17947427,14205329,0
2022-06-29,1857,7262340,777,6342658,48,588133,1718,3337858,1928,407815,3686,3760520,0,71,6368,5689,17953795,14208051,0
2022-06-30,1866,7264206,807,6343465,46,588179,1735,3339593,2134,409949,3913,3764433,0,71,6632,5656.57,17960427,14210814,0
2022-07-01,1607,7265813,597,6344062,26,588205,1399,3340992,1728,411677,3160,3767593,0,71,5390,5454,17965817,14213077,0
2022-07-02,979,7266792,390,6344452,19,588224,841,3341833,940,412617,1799,3769392,1,72,3187,5188,17969004,14214482,0
2022-07-03,529,7267321,205,6344657,7,588231,461,3342294,486,413103,950,3770342,0,72,1691,5044.57,17970695,14215226,0
2022-07-04,36,7267357,25,6344682,1,588232,31,3342325,38,413141,69,3770411,0,72,131,4289.71,17970826,14215288,0
2022-07-05,1296,7268653,757,6345439,35,588267,1406,3343731,1739,414880,3175,3773586,0,72,5263,4094.57,17976089,14217406,0
2022-07-06,1612,7270265,677,6346116,44,588311,1443,3345174,1844,416724,3329,3776915,0,72,5662,3993.71,17981751,14219781,0
2022-07-07,1591,7271856,713,6346829,48,588359,1528,3346702,2001,418725,3568,3780483,0,72,5920,3892,17987671,14222172,0
2022-07-08,1634,7273490,651,6347480,37,588396,1475,3348177,1980,420705,3504,3783987,0,72,5827,3954.43,17993498,14224544,0
2022-07-09,985,7274475,435,6347915,26,588422,884,3349061,1347,422052,2262,3786249,0,72,3708,4028.86,17997206,14226021,0
2022-07-10,637,7275112,187,6348102,17,588439,430,3349491,659,422711,1099,3787348,0,72,1940,4064.43,17999146,14226872,0
2022-07-11,1395,7276507,634,6348736,49,588488,1446,3350937,2213,424924,3693,3791041,0,72,5771,4870.14,18004917,14228984,0
2022-07-12,1407,7277914,687,6349423,45,588533,1405,3352342,2513,427437,3993,3795034,0,72,6132,4994.29,18011049,14231198,0
2022-07-13,1614,7279528,725,6350148,37,588570,1525,3353867,2841,430278,4431,3799465,0,72,6807,5157.86,18017856,14233639,0
2022-07-14,1588,7281116,842,6350990,47,588617,1605,3355472,3063,433341,4746,3804211,0,72,7224,5344.14,18025080,14236195,0
2022-07-15,1615,7282731,937,6351927,47,588664,1579,3357051,3056,436397,4695,3808906,0,72,7294,5553.71,18032374,14238854,0
2022-07-16,881,7283612,587,6352514,9,588673,985,3358036,1701,438098,2716,3811622,1,73,4194,5623.14,18036568,14240361,0
2022-07-17,550,7284162,289,6352803,16,588689,527,3358563,1168,439266,1719,3813341,0,73,2574,5713.71,18039142,14241240,0
2022-07-18,1404,7285566,844,6353647,45,588734,1429,3359992,2465,441731,3951,3817292,0,73,6244,5781.29,18045386,14243590,0
2022-07-19,1439,7287005,976,6354623,51,588785,1542,3361534,2805,444536,4439,3821731,0,73,6905,5891.71,18052291,14246148,0
2022-07-20,1381,7288386,1485,6356108,50,588835,1353,3362887,2393,446929,3810,3825541,0,73,6727,5880.29,18059018,14249129,0
2022-07-21,1333,7289719,1436,6357544,50,588885,1397,3364284,2362,449291,3808,3829349,0,73,6627,5795,18065645,14251997,0
2022-07-22,1429,7291148,1569,6359113,42,588927,1562,3365846,2857,452148,4502,3833851,0,73,7542,5830.43,18073187,14255120,0
2022-07-23,907,7292055,1103,6360216,17,588944,998,3366844,1555,453703,2588,3836439,3,76,4618,5891,18077805,14257182,0
2022-07-24,483,7292538,642,6360858,14,588958,504,3367348,805,454508,1317,3837756,0,76,2457,5874.29,18080262,14258330,0
2022-07-25,1230,7293768,765,6361623,59,589017,1263,3368611,2065,456573,3381,3841137,0,76,5435,5758.71,18085697,14260437,0
2022-07-26,1234,7295002,1024,6362647,41,589058,1478,3370089,2445,459018,3981,3845118,0,76,6280,5669.43,18091977,14262794,0
2022-07-27,1319,7296321,1278,6363925,42,589100,1395,3371484,2192,461210,3648,3848766,3,79,6291,5607.14,18098268,14265495,0
2022-07-28,1312,7297633,1424,6365349,72,589172,1425,3372909,2216,463426,3691,3852457,1,80,6500,5589,18104768,14268353,0
2022-07-29,1318,7298951,1432,6366781,64,589236,1359,3374268,2161,465587,3563,3856020,0,80,6377,5422.57,18111145,14271210,0
2022-07-30,738,7299689,720,6367501,25,589261,795,3375063,961,466548,1778,3857798,0,80,3264,5229.14,18114409,14272718,0
2022-07-31,422,7300111,590,6368091,14,589275,488,3375551,571,467119,1065,3858863,0,80,2091,5176.86,18116500,14273750,0
2022-08-01,1245,7301356,913,6369004,55,589330,1334,3376885,1510,468629,2890,3861753,1,81,5104,5129.57,18121604,14276009,0
2022-08-02,1228,7302584,1015,6370019,73,589403,1349,3378234,1601,470230,2996,3864749,0,81,5312,4991.29,18126916,14278371,0
2022-08-03,1263,7303847,1191,6371210,41,589444,1343,3379577,1532,471762,2915,3867664,1,82,5411,4865.57,18132327,14280906,0
2022-08-04,1190,7305037,1188,6372398,58,589502,1288,3380865,1459,473221,2778,3870442,0,82,5214,4681.86,18137541,14283373,0
2022-08-05,1315,7306352,1452,6373850,49,589551,1316,3382181,1442,474663,2782,3873224,0,82,5598,4570.57,18143139,14286213,0
2022-08-06,696,7307048,844,6374694,14,589565,765,3382946,778,475441,1568,3874792,0,82,3123,4550.43,18146262,14287793,0
2022-08-07,390,7307438,454,6375148,14,589579,427,3383373,358,475799,796,3875588,0,82,1654,4488,18147916,14288662,0
2022-08-08,1193,7308631,934,6376082,70,589649,1279,3384652,1185,476984,2494,3878082,0,82,4691,4429,18152607,14290889,0
2022-08-09,1134,7309765,890,6376972,38,589687,1233,3385885,1163,478147,2428,3880510,1,83,4491,4311.71,18157098,14292983,0
2022-08-10,1222,7310987,1115,6378087,59,589746,1261,3387146,1247,479394,2543,3883053,0,83,4939,4244.29,18162037,14295414,0
2022-08-11,1279,7312266,1071,6379158,84,589830,1212,3388358,1280,480674,2530,3885583,0,83,4964,4208.57,18167001,14297886,0
2022-08-12,1293,7313559,1411,6380569,55,589885,1269,3389627,1249,481923,2550,3888133,0,83,5309,4167.29,18172310,14300677,0
2022-08-13,755,7314314,789,6381358,15,589900,764,3390391,634,482557,1416,3889549,0,83,2975,4146.14,18175285,14302254,0
2022-08-14,469,7314783,477,6381835,20,589920,406,3390797,282,482839,691,3890240,0,83,1657,4146.57,18176942,14303223,0
2022-08-15,1247,7316030,1066,6382901,60,589980,1318,3392115,992,483831,2351,3892591,1,84,4725,4151.43,18181667,14305637,0
2022-08-16,1307,7317337,869,6383770,50,590030,1370,3393485,1078,484909,2480,3895071,0,84,4707,4182.29,18186374,14307896,0
2022-08-17,1212,7318549,959,6384729,39,590069,1236,3394721,1005,485914,2280,3897351,1,85,4491,4118.29,18190865,14310145,0
2022-08-18,1168,7319717,944,6385673,45,590114,1269,3395990,949,486863,2243,3899594,0,85,4400,4037.71,18195265,14312327,0
2022-08-19,1254,7320971,1136,6386809,34,590148,1121,3397111,978,487841,2130,3901724,6,91,4560,3930.71,18199825,14314782,0
2022-08-20,591,7321562,493,6387302,16,590164,635,3397746,516,488357,1164,3902888,1,92,2265,3829.29,18202090,14315895,0
2022-08-21,358,7321920,243,6387545,9,590173,382,3398128,267,488624,652,3903540,0,92,1262,3772.86,18203352,14316508,0
2022-08-22,1221,7323141,924,6388469,40,590213,1237,3399365,889,489513,2153,3905693,0,92,4338,3717.57,18207690,14318720,0
2022-08-23,1239,7324380,1049,6389518,48,590261,1383,3400748,962,490475,2373,3908066,3,95,4712,3718.29,18212402,14321084,0
2022-08-24,1265,7325645,1016,6390534,29,590290,1296,3402044,820,491295,2143,3910209,0,95,4454,3713,18216856,14323422,0
2022-08-25,1221,7326866,995,6391529,66,590356,1192,3403236,813,492108,2021,3912230,4,99,4306,3699.57,18221162,14325719,0
2022-08-26,1188,7328054,1179,6392708,56,590412,1193,3404429,780,492888,1994,3914224,1,100,4417,3679.14,18225579,14328162,0
2022-08-27,695,7328749,542,6393250,14,590426,685,3405114,404,493292,1102,3915326,4,104,2357,3692.29,18227936,14329426,0
2022-08-28,377,7329126,240,6393490,10,590436,442,3405556,228,493520,673,3915999,0,104,1300,3697.71,18229236,14330056,0
2022-08-29,1253,7330379,982,6394472,41,590477,1230,3406786,689,494209,1940,3917939,0,104,4217,3680.43,18233453,14332354,0
2022-08-30,1267,7331646,942,6395414,36,590513,1273,3408059,766,494975,2070,3920009,2,106,4317,3624,18237770,14334630,0
2022-08-31,1154,7332800,1014,6396428,43,590556,1105,3409164,573,495548,1699,3921708,0,106,3911,3546.43,18241681,14336863,0
2022-09-01,1027,7333827,963,6397391,51,590607,810,3409974,456,496004,1280,3922988,5,111,3327,3406.57,18245008,14338919,0
2022-09-02,977,7334804,1020,6398411,32,590639,595,3410569,175,496179,777,3923765,92,203,2883,3187.43,18247891,14340940,0
2022-09-03,532,7335336,450,6398861,12,590651,370,3410939,50,496229,424,3924189,314,517,1683,3091.14,18249574,14341889,0
2022-09-04,252,7335588,212,6399073,10,590661,189,3411128,25,496254,216,3924405,312,829,959,3042.43,18250533,14342322,0
2022-09-05,78,7335666,71,6399144,7,590668,44,3411172,16,496270,61,3924466,9,838,226,2472.29,18250759,14342479,0
2022-09-06,1129,7336795,1228,6400372,51,590719,636,3411808,130,496400,775,3925241,1269,2107,4233,2460.29,18254992,14344677,0
2022-09-07,1474,7338269,1380,6401752,38,590757,485,3412293,156,496556,661,3925902,6445,8552,9120,3204.43,18264112,14346711,0
2022-09-08,1521,7339790,1196,6402948,36,590793,253,3412546,111,496667,380,3926282,7796,16348,9816,4131.43,18273928,14348367,0
2022-09-09,1550,7341340,1611,6404559,49,590842,285,3412831,122,496789,438,3926720,9888,26236,12371,5486.86,18286299,14350443,0
2022-09-10,844,7342184,839,6405398,12,590854,270,3413101,45,496834,328,3927048,5317,31553,6758,6211.86,18293057,14351569,0
2022-09-11,494,7342678,441,6405839,11,590865,86,3413187,30,496864,125,3927173,3941,35494,4529,6721.86,18297586,14352041,0
2022-09-12,1671,7344349,1437,6407276,39,590904,206,3413393,92,496956,332,3927505,11657,47151,13539,8623.71,18311125,14353625,0
2022-09-13,1398,7345747,1271,6408547,33,590937,221,3413614,118,497074,388,3927893,9734,56885,11738,9695.86,18322863,14355290,0
2022-09-14,1409,7347156,1271,6409818,32,590969,226,3413840,125,497199,390,3928283,11028,67913,13077,10261.14,18335940,14356988,0
2022-09-15,1561,7348717,1281,6411099,23,590992,227,3414067,109,497308,371,3928654,12084,79997,14108,10874.29,18350048,14358676,0
2022-09-16,1683,7350400,1630,6412729,27,591019,270,3414337,157,497465,482,3929136,13806,93803,16268,11431,18366316,14360711,0
2022-09-17,800,7351200,867,6413596,12,591031,275,3414612,78,497543,376,3929512,7003,100806,8412,11667.29,18374728,14361767,0
2022-09-18,519,7351719,410,6414006,7,591038,74,3414686,26,497569,113,3929625,4483,105289,4975,11731,18379703,14362159,0
2022-09-19,1549,7353268,1326,6415332,29,591067,227,3414913,98,497667,351,3929976,13812,119101,15516,12013.43,18395219,14363538,0
2022-09-20,1439,7354707,1250,6416582,27,591094,223,3415136,90,497757,360,3930336,13214,132315,15016,12481.71,18410235,14365027,0
2022-09-21,1665,7356372,1351,6417933,31,591125,260,3415396,131,497888,425,3930761,14939,147254,16845,13020,18427080,14366542,0
2022-09-22,1470,7357842,1261,6419194,28,591153,174,3415570,139,498027,358,3931119,13231,160485,15051,13154.71,18442131,14368049,0
2022-09-23,1735,7359577,1649,6420843,24,591177,252,3415822,145,498172,460,3931579,16945,177430,19248,13580.43,18461379,14369955,0
2022-09-24,799,7360376,887,6421730,8,591185,272,3416094,68,498240,359,3931938,7505,184935,8854,13643.57,18470233,14370964,0
2022-09-25,484,7360860,391,6422121,1,591186,72,3416166,47,498287,128,3932066,4508,189443,4995,13646.43,18475228,14371332,0
2022-09-26,1570,7362430,1245,6423366,16,591202,290,3416456,144,498431,492,3932558,15012,204455,16711,13817.14,18491939,14372597,0
2022-09-27,1533,7363963,1308,6424674,26,591228,283,3416739,174,498605,493,3933051,14158,218613,16151,13979.29,18508090,14374133,0
2022-09-28,1619,7365582,1299,6425973,18,591246,190,3416929,186,498791,429,3933480,15511,234124,17287,14042.43,18525377,14375533,0
2022-09-29,1678,7367260,1298,6427271,19,591265,179,3417108,96,498887,312,3933792,15374,249498,17222,14352.57,18542599,14377106,0
2022-09-30,1639,7368899,1553,6428824,13,591278,182,3417290,177,499064,405,3934197,16485,265983,18653,14267.57,18561252,14378915,0
2022-10-01,719,7369618,669,6429493,5,591283,138,3417428,34,499098,181,3934378,7053,273036,7942,14137.29,18569194,14379632,0
2022-10-02,511,7370129,428,6429921,5,591288,48,3417476,45,499143,107,3934485,4428,277464,4838,14114.86,18574032,14379949,0
2022-10-03,1551,7371680,1189,6431110,23,591311,156,3417632,113,499256,316,3934801,14571,292035,15975,14009.71,18590007,14381084,0
2022-10-04,1381,7373061,1157,6432267,15,591326,149,3417781,121,499377,298,3935099,13401,305436,14795,13816,18604802,14382208,0
2022-10-05,1590,7374651,1284,6433551,17,591343,283,3418064,164,499541,500,3935599,14866,320302,16691,13730.86,18621493,14383586,0
2022-10-06,1487,7376138,1249,6434800,19,591362,166,3418230,160,499701,385,3935984,14956,335258,16619,13644.71,18638112,14384923,0
2022-10-07,1662,7377800,1427,6436227,15,591377,171,3418401,135,499836,367,3936351,17110,352368,19071,13704.43,18657183,14386578,0
2022-10-08,762,7378562,680,6436907,4,591381,146,3418547,62,499898,225,3936576,7713,360081,8641,13804.29,18665824,14387298,0
2022-10-09,488,7379050,408,6437315,5,591386,47,3418594,55,499953,120,3936696,4693,364774,5118,13844.29,18670942,14387621,0
2022-10-10,1544,7380594,1251,6438566,14,591400,174,3418768,120,500073,333,3937029,15206,379980,16509,13920.57,18687451,14388630,0
2022-10-11,1637,7382231,1101,6439667,19,591419,178,3418946,154,500227,388,3937417,14320,394300,15854,14071.86,18703305,14389832,0
2022-10-12,1864,7384095,1321,6440988,17,591436,134,3419080,186,500413,387,3937804,16280,410580,17884,14242.29,18721189,14391116,0
2022-10-13,1615,7385710,1150,6442138,28,591464,135,3419215,201,500614,407,3938211,14038,424618,15575,14093.14,18736764,14392317,0
2022-10-14,1813,7387523,1539,6443677,25,591489,130,3419345,181,500795,364,3938575,17210,441828,19193,14110.57,18755957,14393989,0
2022-10-15,766,7388289,638,6444315,9,591498,90,3419435,68,500863,179,3938754,7614,449442,8471,14086.29,18764428,14394688,0
2022-10-16,564,7388853,410,6444725,3,591501,25,3419460,65,500928,121,3938875,4725,454167,5168,14093.43,18769596,14395041,0
2022-10-17,1814,7390667,1250,6445975,18,591519,83,3419543,116,501044,236,3939111,16074,470241,17395,14220,18786991,14396163,0
2022-10-18,1684,7392351,1170,6447145,20,591539,100,3419643,135,501179,282,3939393,14640,484881,16012,14242.57,18803003,14397300,0
2022-10-19,2087,7394438,1329,6448474,21,591560,84,3419727,142,501321,289,3939682,16232,501113,17704,14216.86,18820707,14398546,0
2022-10-20,1686,7396124,1166,6449640,11,591571,88,3419815,147,501468,302,3939984,15402,516515,16850,14399,18837557,14399759,0
2022-10-21,1802,7397926,1344,6450984,12,591583,93,3419908,150,501618,298,3940282,16738,533253,18406,14286.57,18855963,14401184,0
2022-10-22,742,7398668,668,6451652,9,591592,44,3419952,46,501664,100,3940382,7690,540943,8419,14279.14,18864382,14401823,0
2022-10-23,519,7399187,370,6452022,3,591595,21,3419973,39,501703,69,3940451,4803,545746,5080,14266.57,18869462,14402040,0
2022-10-24,1743,7400930,1207,6453229,19,591614,70,3420043,112,501815,224,3940675,15559,561305,16846,14188.14,18886308,14403145,0
2022-10-25,1661,7402591,1187,6454416,12,591626,96,3420139,110,501925,235,3940910,15044,576349,16352,14236.71,18902660,14404247,0
2022-10-26,1853,7404444,1330,6455746,11,591637,90,3420229,168,502093,334,3941244,16817,593166,18286,14319.86,18920946,14405458,0
2022-10-27,1581,7406025,1074,6456820,13,591650,91,3420320,128,502221,272,3941516,15116,608282,16415,14257.71,18937361,14406538,0
2022-10-28,1699,7407724,1424,6458244,17,591667,107,3420427,153,502374,319,3941835,16763,625045,18577,14282.14,18955938,14408092,0
2022-10-29,696,7408420,544,6458788,9,591676,69,3420496,57,502431,140,3941975,7744,632789,8414,14281.43,18964352,14408636,0
2022-10-30,521,7408941,305,6459093,3,591679,19,3420515,57,502488,92,3942067,4491,637280,4779,14238.43,18969131,14408848,0
2022-10-31,1676,7410617,1105,6460198,8,591687,47,3420562,126,502614,217,3942284,14593,651873,15538,14051.57,18984669,14409620,0
2022-11-01,1665,7412282,1021,6461219,18,591705,78,3420640,127,502741,237,3942521,13622,665495,14937,13849.43,18999606,14410730,0
2022-11-02,1735,7414017,1124,6462343,17,591722,91,3420731,122,502863,255,3942776,14874,680369,16145,13543.57,19015751,14411788,0
2022-11-03,1420,7415437,1032,6463375,14,591736,84,3420815,167,503030,328,3943104,12623,692992,13902,13184.57,19029653,14412816,0
2022-11-04,1739,7417176,1218,6464593,14,591750,101,3420916,140,503170,275,3943379,15432,708424,17030,12963.57,19046683,14414173,0
2022-11-05,824,7418000,529,6465122,6,591756,65,3420981,82,503252,161,3943540,7044,715468,7756,12869.57,19054439,14414738,0
2022-11-06,408,7418408,329,6465451,4,591760,20,3421001,49,503301,106,3943646,4071,719539,4410,12816.86,19058849,14415008,0
2022-11-07,1639,7420047,1068,6466519,14,591774,74,3421075,101,503402,212,3943858,13220,732759,14381,12651.57,19073230,14415994,0
2022-11-08,1531,7421578,1009,6467528,8,591782,97,3421172,132,503534,270,3944128,12065,744824,13329,12421.86,19086559,14417029,0
2022-11-09,1571,7423149,1058,6468586,9,591791,85,3421257,114,503648,246,3944374,12191,757015,13455,12037.57,19100014,14418094,0
2022-11-10,1485,7424634,1010,6469596,14,591805,73,3421330,147,503795,276,3944650,12342,769357,13618,11997,19113632,14419150,0
2022-11-11,1502,7426136,1076,6470672,11,591816,101,3421431,102,503897,224,3944874,12875,782232,14304,11607.57,19127936,14420376,0
2022-11-12,672,7426808,513,6471185,2,591818,57,3421488,61,503958,128,3945002,6430,788662,7049,11506.57,19134985,14420877,0
2022-11-13,496,7427304,340,6471525,4,591822,15,3421503,68,504026,98,3945100,3893,792555,4210,11478,19139195,14421111,0
2022-11-14,1443,7428747,1025,6472550,19,591841,59,3421562,114,504140,204,3945304,11628,804183,12742,11243.86,19151937,14422052,0
2022-11-15,1488,7430235,999,6473549,15,591856,103,3421665,164,504304,293,3945597,11272,815455,12651,11147,19164588,14423164,0
2022-11-16,1599,7431834,1034,6474583,21,591877,66,3421731,146,504450,248,3945845,11560,827015,12807,11054.43,19177395,14424199,0
2022-11-17,1420,7433254,976,6475559,10,591887,72,3421803,189,504639,302,3946147,10538,837553,11866,10804.14,19189261,14425266,0
2022-11-18,1585,7434839,1102,6476661,12,591899,68,3421871,118,504757,216,3946363,12405,849958,13996,10760.14,19203257,14426671,0
2022-11-19,677,7435516,437,6477098,4,591903,57,3421928,63,504820,129,3946492,5911,855869,6568,10691.43,19209825,14427208,0
2022-11-20,476,7435992,306,6477404,4,591907,12,3421940,35,504855,64,3946556,3538,859407,3838,10638.29,19213663,14427461,0
2022-11-21,1519,7437511,920,6478324,4,591911,51,3421991,81,504936,149,3946705,10395,869802,11371,10442.43,19225034,14428305,0
2022-11-22,1271,7438782,816,6479140,7,591918,53,3422044,92,505028,163,3946868,9265,879067,10290,10105.14,19235324,14429185,0
2022-11-23,1291,7440073,734,6479874,11,591929,65,3422109,79,505107,170,3947038,8670,887737,9610,9648.43,19244934,14429981,0
2022-11-24,18,7440091,10,6479884,2,591931,0,3422109,6,505113,8,3947046,112,887849,137,7972.86,19245071,14430000,0
2022-11-25,681,7440772,475,6480359,14,591945,37,3422146,55,505168,111,3947157,5683,893532,6420,6890.57,19251491,14430645,0
2022-11-26,591,7441363,378,6480737,2,591947,15,3422161,43,505211,62,3947219,4895,898427,5330,6713.71,19256821,14431022,0
2022-11-27,397,7441760,219,6480956,1,591948,11,3422172,23,505234,49,3947268,3170,901597,3351,6644.14,19260172,14431169,0
2022-11-28,950,7442710,697,6481653,10,591958,58,3422230,64,505298,143,3947411,6946,908543,7913,6150.14,19268085,14432014,0
2022-11-29,927,7443637,708,6482361,8,591966,46,3422276,73,505371,145,3947556,6930,915473,7968,5818.43,19276053,14432933,0
2022-11-30,1213,7444850,866,6483227,16,591982,50,3422326,54,505425,123,3947679,8725,924198,9731,5835.71,19285784,14433835,0
2022-12-01,1129,7445979,767,6483994,13,591995,61,3422387,96,505521,183,3947862,8468,932666,9537,7178.57,19295321,14434747,0
2022-12-02,1315,7447294,974,6484968,14,592009,70,3422457,105,505626,195,3948057,10211,942877,11538,7909.71,19306859,14435899,0
2022-12-03,615,7447909,422,6485390,12,592021,42,3422499,42,505668,87,3948144,4949,947826,5475,7930.43,19312334,14436341,0
2022-12-04,418,7448327,283,6485673,4,592025,7,3422506,26,505694,40,3948184,3268,951094,3494,7950.86,19315828,14436534,0
2022-12-05,1161,7449488,769,6486442,15,592040,62,3422568,71,505765,149,3948333,8603,959697,9613,8193.71,19325441,14437411,0
2022-12-06,1168,7450656,764,6487206,13,592053,69,3422637,89,505854,176,3948509,8130,967827,9129,8359.57,19334570,14438252,0
2022-12-07,1209,7451865,751,6487957,12,592065,62,3422699,81,505935,163,3948672,8296,976123,9314,8300,19343884,14439127,0
2022-12-08,1102,7452967,740,6488697,14,592079,69,3422768,77,506012,166,3948838,8670,984793,9700,8323.29,19353584,14440011,0
2022-12-09,1233,7454200,971,6489668,13,592092,81,3422849,103,506115,210,3949048,10404,995197,11770,8356.43,19365354,14441193,0
2022-12-10,678,7454878,461,6490129,7,592099,36,3422885,74,506189,128,3949176,6146,1001343,6714,8533.43,19372068,14441651,0
2022-12-11,432,7455310,263,6490392,4,592103,11,3422896,35,506224,56,3949232,3683,1005026,3885,8589.29,19375953,14441807,0
2022-12-12,1334,7456644,804,6491196,19,592122,78,3422974,105,506329,209,3949441,9969,1014995,11016,8789.71,19386969,14442671,0
2022-12-13,1276,7457920,846,6492042,17,592139,54,3423028,101,506430,190,3949631,9694,1024689,10751,9021.43,19397720,14443573,0
2022-12-14,1193,7459113,831,6492873,12,592151,67,3423095,99,506529,193,3949824,9633,1034322,10613,9207,19408333,14444387,0
2022-12-15,1192,7460305,697,6493570,11,592162,62,3423157,109,506638,186,3950010,8445,1042767,9415,9166.29,19417748,14445186,0
2022-12-16,1202,7461507,807,6494377,12,592174,69,3423226,126,506764,217,3950227,9359,1052126,10534,8989.71,19428282,14446166,0
2022-12-17,652,7462159,463,6494840,8,592182,31,3423257,36,506800,80,3950307,5832,1057958,6306,8931.43,19434588,14446573,0
2022-12-18,440,7462599,230,6495070,2,592184,15,3423272,23,506823,48,3950355,3402,1061360,3609,8892,19438197,14446742,0
2022-12-19,1224,7463823,776,6495846,7,592191,57,3423329,84,506907,155,3950510,8906,1070266,9840,8724,19448037,14447535,0
2022-12-20,1210,7465033,763,6496609,18,592209,83,3423412,138,507045,277,3950787,8586,1078852,9719,8576.57,19457756,14448447,0
2022-12-21,1092,7466125,695,6497304,16,592225,54,3423466,95,507140,180,3950967,8282,1087134,9159,8368.86,19466915,14449175,0
2022-12-22,990,7467115,589,6497893,4,592229,44,3423510,73,507213,134,3951101,6937,1094071,7671,8119.71,19474586,14449792,0
2022-12-23,831,7467946,505,6498398,11,592240,41,3423551,58,507271,112,3951213,5915,1099986,6520,7546.29,19481106,14450298,0
2022-12-24,191,7468137,112,6498510,1,592241,2,3423553,15,507286,20,3951233,1378,1101364,1497,6859.29,19482603,14450400,0
2022-12-25,5,7468142,3,6498513,0,592241,0,3423553,0,507286,0,3951233,29,1101393,32,6348.29,19482635,14450403,0
2022-12-26,573,7468715,269,6498782,16,592257,19,3423572,22,507308,44,3951277,3305,1104698,3616,5459.14,19486251,14450673,0
2022-12-27,1088,7469803,605,6499387,13,592270,55,3423627,59,507367,123,3951400,7232,1111930,8031,5218,19494282,14451358,0
2022-12-28,1062,7470865,560,6499947,8,592278,58,3423685,63,507430,131,3951531,6989,1118919,7783,5021.43,19502065,14452031,0
2022-12-29,1014,7471879,585,6500532,9,592287,50,3423735,89,507519,162,3951693,6591,1125510,7420,4985.57,19509485,14452721,0
2022-12-30,950,7472829,539,6501071,9,592296,49,3423784,51,507570,110,3951803,6134,1131644,6860,5034.14,19516345,14453347,0
2022-12-31,306,7473135,167,6501238,4,592300,16,3423800,10,507580,29,3951832,1812,1133456,1988,5104.29,19518333,14453497,0
2023-01-01,19,7473154,9,6501247,0,592300,3,3423803,5,507585,8,3951840,59,1133515,86,5112,19518419,14453516,0
2023-01-02,654,7473808,328,6501575,10,592310,14,3423817,24,507609,44,3951884,3653,1137168,4000,5166.86,19522419,14453825,0
2023-01-03,968,7474776,592,6502167,9,592319,41,3423858,58,507667,111,3951995,5479,1142647,6267,4914.86,19528686,14454514,0
2023-01-04,1107,7475883,676,6502843,17,592336,52,3423910,63,507730,133,3952128,6180,1148827,7060,4811.57,19535746,14455279,0
2023-01-05,1010,7476893,588,6503431,23,592359,35,3423945,89,507819,143,3952271,5764,1154591,6694,4707.86,19542440,14456085,0
2023-01-06,1050,7477943,780,6504211,17,592376,50,3423995,81,507900,142,3952413,6504,1161095,7555,4807.14,19549995,14457005,0
2023-01-07,604,7478547,429,6504640,8,592384,23,3424018,34,507934,63,3952476,4454,1165549,4914,5225.14,19554909,14457408,0
2023-01-08,376,7478923,246,6504886,4,592388,12,3424030,29,507963,45,3952521,2560,1168109,2770,5608.57,19557679,14457577,0
2023-01-09,955,7479878,583,6505469,17,592405,52,3424082,41,508004,102,3952623,5607,1173716,6450,5958.57,19564129,14458327,0
2023-01-10,856,7480734,643,6506112,8,592413,49,3424131,85,508089,151,3952774,5331,1179047,6240,5954.71,19570369,14459102,0
2023-01-11,877,7481611,553,6506665,21,592434,46,3424177,68,508157,137,3952911,5163,1184210,5976,5799.86,19576345,14459801,0
2023-01-12,777,7482388,496,6507161,24,592458,54,3424231,120,508277,197,3953108,4533,1188743,5478,5626.14,19581823,14460572,0
2023-01-13,800,7483188,555,6507716,11,592469,69,3424300,58,508335,143,3953251,5373,1194116,6262,5441.43,19588085,14461334,0
2023-01-14,512,7483700,281,6507997,10,592479,27,3424327,31,508366,60,3953311,3226,1197342,3631,5258.14,19591716,14461681,0
2023-01-15,286,7483986,151,6508148,6,592485,16,3424343,22,508388,53,3953364,1793,1199135,1997,5147.71,19593713,14461847,0
2023-01-16,500,7484486,307,6508455,11,592496,31,3424374,27,508415,63,3953427,2773,1201908,3208,4684.57,19596921,14462224,0
2023-01-17,801,7485287,476,6508931,19,592515,49,3424423,73,508488,135,3953562,3833,1205741,4698,4464.29,19601619,14462967,0
2023-01-18,799,7486086,479,6509410,16,592531,48,3424471,61,508549,116,3953678,3729,1209470,4536,4258.57,19606155,14463665,0
2023-01-19,657,7486743,430,6509840,6,592537,50,3424521,34,508583,103,3953781,3163,1212633,3908,4034.29,19610063,14464326,0
2023-01-20,706,7487449,488,6510328,23,592560,40,3424561,39,508622,86,3953867,3745,1216378,4528,3786.57,19614591,14465030,0
2023-01-21,371,7487820,195,6510523,12,592572,20,3424581,12,508634,33,3953900,1894,1218272,2204,3582.71,19616795,14465308,0
2023-01-22,226,7488046,63,6510586,5,592577,0,3424581,2,508636,3,3953903,863,1219135,969,3435.86,19617764,14465412,0
2023-01-23,642,7488688,333,6510919,12,592589,14,3424595,45,508681,66,3953969,2708,1221843,3372,3459.29,19621136,14466017,0
2023-01-24,578,7489266,392,6511311,17,592606,37,3424632,33,508714,83,3954052,3056,1224899,3707,3317.71,19624843,14466598,0
2023-01-25,602,7489868,361,6511672,21,592627,33,3424665,41,508755,86,3954138,2707,1227606,3381,3152.71,19628224,14467198,0
2023-01-26,558,7490426,352,6512024,18,592645,35,3424700,51,508806,102,3954240,2694,1230300,3356,3073.86,19631580,14467774,0
2023-01-27,562,7490988,437,6512461,11,592656,35,3424735,47,508853,89,3954329,2818,1233118,3553,2934.57,19635133,14468427,0
2023-01-28,359,7491347,187,6512648,5,592661,24,3424759,39,508892,70,3954399,1588,1234706,1926,2894.86,19637059,14468702,0
2023-01-29,237,7491584,118,6512766,3,592664,12,3424771,10,508902,26,3954425,992,1235698,1145,2920,19638204,14468833,0
2023-01-30,601,7492185,399,6513165,18,592682,40,3424811,37,508939,80,3954505,2505,1238203,3228,2899.43,19641432,14469479,0
2023-01-31,509,7492694,356,6513521,12,592694,29,3424840,48,508987,89,3954594,2438,1240641,3065,2807.71,19644497,14470029,0
2023-02-01,485,7493179,337,6513858,16,592710,40,3424880,44,509031,92,3954686,2321,1242962,2965,2748.29,19647462,14470589,0
2023-02-02,462,7493641,349,6514207,13,592723,34,3424914,35,509066,77,3954763,2155,1245117,2776,2665.43,19650238,14471141,0
2023-02-03,545,7494186,392,6514599,14,592737,27,3424941,35,509101,69,3954832,2360,1247477,3064,2595.57,19653302,14471783,0
2023-02-04,243,7494429,158,6514757,11,592748,14,3424955,16,509117,31,3954863,1141,1248618,1403,2520.86,19654705,14472015,0
2023-02-05,201,7494630,96,6514853,0,592748,2,3424957,15,509132,19,3954882,854,1249472,972,2496.14,19655677,14472116,0
2023-02-06,597,7495227,315,6515168,9,592757,27,3424984,27,509159,63,3954945,2253,1251725,2830,2439.29,19658507,14472639,0
2023-02-07,476,7495703,365,6515533,5,592762,28,3425012,35,509194,71,3955016,2334,1254059,2934,2420.57,19661441,14473176,0
2023-02-08,453,7496156,320,6515853,4,592766,27,3425039,37,509231,70,3955086,2315,1256374,2878,2408.14,19664319,14473675,0
2023-02-09,480,7496636,348,6516201,3,592769,38,3425077,46,509277,98,3955184,2054,1258428,2709,2398.57,19667028,14474246,0
2023-02-10,496,7497132,390,6516591,2,592771,30,3425107,34,509311,88,3955272,2271,1260699,2961,2383.86,19669989,14474872,0
2023-02-11,294,7497426,197,6516788,7,592778,22,3425129,25,509336,48,3955320,1343,1262042,1661,2420.71,19671650,14475143,0
2023-02-12,182,7497608,81,6516869,0,592778,6,3425135,0,509336,10,3955330,706,1262748,818,2398.71,19672468,14475249,0
2023-02-13,443,7498051,293,6517162,4,592782,21,3425156,26,509362,51,3955381,1758,1264506,2319,2325.71,19674787,14475763,0
2023-02-14,397,7498448,272,6517434,6,592788,29,3425185,22,509384,56,3955437,1688,1266194,2218,2223.43,19677005,14476242,0
2023-02-15,405,7498853,289,6517723,10,592798,24,3425209,28,509412,64,3955501,1746,1267940,2263,2135.57,19679268,14476707,0
2023-02-16,360,7499213,244,6517967,5,592803,27,3425236,19,509431,51,3955552,1630,1269570,2106,2049.43,19681374,14477137,0
2023-02-17,397,7499610,312,6518279,5,592808,24,3425260,32,509463,63,3955615,1696,1271266,2266,1950.14,19683640,14477651,0
2023-02-18,199,7499809,117,6518396,5,592813,13,3425273,4,509467,18,3955633,1003,1272269,1189,1882.71,19684829,14477820,0
2023-02-19,120,7499929,55,6518451,2,592815,6,3425279,6,509473,14,3955647,542,1272811,612,1853.29,19685441,14477878,0
2023-02-20,314,7500243,160,6518611,3,592818,10,3425289,17,509490,28,3955675,1159,1273970,1424,1725.43,19686865,14478116,0
2023-02-21,379,7500622,286,6518897,5,592823,25,3425314,34,509524,64,3955739,1534,1275504,2071,1704.43,19688936,14478594,0
2023-02-22,395,7501017,275,6519172,8,592831,39,3425353,26,509550,69,3955808,1638,1277142,2166,1690.57,19691102,14479057,0
2023-02-23,388,7501405,251,6519423,10,592841,26,3425379,31,509581,71,3955879,1478,1278620,2022,1678.57,19693124,14479544,0
2023-02-24,367,7501772,325,6519748,4,592845,30,3425409,26,509607,63,3955942,1737,1280357,2298,1683.14,19695422,14480049,0
2023-02-25,163,7501935,123,6519871,2,592847,9,3425418,13,509620,24,3955966,778,1281135,973,1652.29,19696395,14480222,0
2023-02-26,92,7502027,48,6519919,0,592847,8,3425426,5,509625,17,3955983,468,1281603,535,1641.29,19696930,14480276,0
2023-02-27,377,7502404,300,6520219,4,592851,31,3425457,20,509645,54,3956037,1490,1283093,2010,1725,19698940,14480745,0
2023-02-28,356,7502760,239,6520458,8,592859,30,3425487,27,509672,62,3956099,1331,1284424,1813,1688.14,19700753,14481170,0
2023-03-01,387,7503147,289,6520747,7,592866,25,3425512,21,509693,52,3956151,1443,1285867,1980,1661.57,19702733,14481661,0
2023-03-02,372,7503519,293,6521040,9,592875,20,3425532,23,509716,50,3956201,1328,1287195,1869,1639.71,19704602,14482159,0
2023-03-03,404,7503923,318,6521358,10,592885,26,3425558,25,509741,58,3956259,1599,1288794,2193,1624.71,19706795,14482702,0
2023-03-04,199,7504122,122,6521480,4,592889,10,3425568,16,509757,28,3956287,794,1289588,1027,1632.43,19707822,14482909,0
2023-03-05,125,7504247,60,6521540,2,592891,4,3425572,6,509763,14,3956301,464,1290052,558,1635.71,19708380,14482993,0
2023-03-06,402,7504649,264,6521804,12,592903,22,3425594,16,509779,41,3956342,1385,1291437,1888,1618.29,19710268,14483458,0
2023-03-07,362,7505011,244,6522048,5,592908,22,3425616,30,509809,61,3956403,1304,1292741,1769,1612,19712037,14483871,0
2023-03-08,370,7505381,245,6522293,3,592911,34,3425650,30,509839,68,3956471,1338,1294079,1834,1591.14,19713871,14484303,0
2023-03-09,360,7505741,242,6522535,4,592915,16,3425666,24,509863,46,3956517,1261,1295340,1746,1573.57,19715617,14484748,0
2023-03-10,301,7506042,282,6522817,3,592918,9,3425675,19,509882,36,3956553,1394,1296734,1847,1524.14,19717464,14485173,0
2023-03-11,188,7506230,88,6522905,3,592921,18,3425693,4,509886,23,3956576,686,1297420,871,1501.86,19718335,14485336,0
2023-03-12,109,7506339,47,6522952,1,592922,4,3425697,7,509893,17,3956593,435,1297855,517,1496,19718852,14485407,0
2023-03-13,332,7506671,200,6523152,7,592929,11,3425708,13,509906,25,3956618,1126,1298981,1519,1443.29,19720371,14485776,0
2023-03-14,283,7506954,181,6523333,5,592934,15,3425723,11,509917,32,3956650,1060,1300041,1412,1392.29,19721783,14486102,0
2023-03-15,329,7507283,269,6523602,3,592937,9,3425732,13,509930,23,3956673,1227,1301268,1676,1369.71,19723459,14486529,0
2023-03-16,298,7507581,236,6523838,9,592946,14,3425746,15,509945,35,3956708,1127,1302395,1544,1340.86,19725003,14486917,0
2023-03-17,327,7507908,263,6524101,5,592951,20,3425766,8,509953,29,3956737,1266,1303661,1697,1319.43,19726700,14487320,0
2023-03-18,158,7508066,100,6524201,2,592953,8,3425774,5,509958,14,3956751,668,1304329,832,1313.86,19727532,14487471,0
2023-03-19,114,7508180,56,6524257,1,592954,3,3425777,3,509961,9,3956760,365,1304694,450,1304.29,19727982,14487550,0
2023-03-20,341,7508521,211,6524468,7,592961,29,3425806,15,509976,45,3956805,1212,1305906,1608,1317,19729590,14487902,0
2023-03-21,341,7508862,190,6524658,7,592968,22,3425828,18,509994,42,3956847,1122,1307028,1528,1333.57,19731118,14488268,0
2023-03-22,316,7509178,226,6524884,6,592974,12,3425840,11,510005,25,3956872,1125,1308153,1524,1311.86,19732642,14488644,0
2023-03-23,263,7509441,203,6525087,1,592975,20,3425860,12,510017,35,3956907,995,1309148,1384,1289,19734026,14489001,0
2023-03-24,312,7509753,255,6525342,8,592983,19,3425879,18,510035,40,3956947,1120,1310268,1582,1272.57,19735608,14489426,0
2023-03-25,129,7509882,117,6525459,1,592984,9,3425888,9,510044,18,3956965,587,1310855,735,1258.71,19736343,14489556,0
2023-03-26,80,7509962,41,6525500,2,592986,4,3425892,4,510048,9,3956974,351,1311206,410,1253,19736753,14489607,0
2023-03-27,283,7510245,232,6525732,3,592989,14,3425906,11,510059,26,3957000,1000,1312206,1396,1222.71,19738149,14489978,0
2023-03-28,282,7510527,180,6525912,10,592999,20,3425926,9,510068,32,3957032,1007,1313213,1361,1198.86,19739510,14490303,0
2023-03-29,298,7510825,187,6526099,5,593004,13,3425939,9,510077,22,3957054,1055,1314268,1414,1183.14,19740924,14490640,0
2023-03-30,258,7511083,183,6526282,2,593006,17,3425956,10,510087,31,3957085,958,1315226,1306,1172,19742230,14490961,0
2023-03-31,295,7511378,260,6526542,7,593013,22,3425978,20,510107,43,3957128,1015,1316241,1477,1157,19743707,14491381,0
2023-04-01,121,7511499,66,6526608,3,593016,8,3425986,5,510112,15,3957143,526,1316767,653,1145.29,19744360,14491495,0
2023-04-02,92,7511591,35,6526643,0,593016,6,3425992,3,510115,10,3957153,271,1317038,338,1135,19744698,14491553,0
2023-04-03,273,7511864,154,6526797,8,593024,19,3426011,16,510131,41,3957194,885,1317923,1201,1107.14,19745899,14491834,0
2023-04-04,283,7512147,187,6526984,3,593027,13,3426024,10,510141,26,3957220,861,1318784,1208,1085.29,19747107,14492158,0
2023-04-05,269,7512416,152,6527136,8,593035,17,3426041,7,510148,26,3957246,980,1319764,1272,1065,19748379,14492426,0
2023-04-06,340,7512756,157,6527293,9,593044,17,3426058,5,510153,22,3957268,951,1320715,1283,1061.71,19749662,14492736,0
2023-04-07,246,7513002,148,6527441,5,593049,12,3426070,8,510161,20,3957288,747,1321462,1044,999.86,19750706,14493013,0
2023-04-08,172,7513174,104,6527545,1,593050,5,3426075,10,510171,16,3957304,552,1322014,689,1005,19751395,14493135,0
2023-04-09,68,7513242,23,6527568,0,593050,0,3426075,4,510175,4,3957308,203,1322217,245,991.71,19751640,14493173,0
2023-04-10,285,7513527,180,6527748,6,593056,19,3426094,9,510184,28,3957336,884,1323101,1211,993.14,19752851,14493472,0
2023-04-11,271,7513798,151,6527899,5,593061,15,3426109,9,510193,27,3957363,908,1324009,1209,993.29,19754060,14493749,0
2023-04-12,269,7514067,164,6528063,5,593066,15,3426124,8,510201,25,3957388,811,1324820,1146,975.29,19755206,14494061,0
2023-04-13,255,7514322,136,6528199,8,593074,12,3426136,7,510208,20,3957408,834,1325654,1143,955.29,19756349,14494351,0
2023-04-14,240,7514562,198,6528397,2,593076,6,3426142,10,510218,18,3957426,840,1326494,1166,972.71,19757515,14494661,0
2023-04-15,120,7514682,94,6528491,6,593082,3,3426145,7,510225,11,3957437,408,1326902,553,953.29,19758068,14494796,0
2023-04-16,75,7514757,31,6528522,0,593082,0,3426145,1,510226,1,3957438,263,1327165,304,961.71,19758372,14494836,0
2023-04-17,234,7514991,137,6528659,3,593085,7,3426152,3,510229,10,3957448,708,1327873,992,930.43,19759364,14495110,0
2023-04-18,212,7515203,128,6528787,6,593091,9,3426161,10,510239,20,3957468,732,1328605,959,894.71,19760323,14495318,0
2023-04-19,198,7515401,115,6528902,5,593096,6,3426167,9,510248,15,3957483,808,1329413,965,868.86,19761288,14495460,0
2023-04-20,229,7515630,143,6529045,2,593098,14,3426181,19,510267,35,3957518,907,1330320,1072,858.71,19762360,14495592,0
2023-04-21,231,7515861,147,6529192,6,593104,13,3426194,9,510276,24,3957542,1093,1331413,1214,865.57,19763574,14495691,0
2023-04-22,106,7515967,65,6529257,3,593107,9,3426203,4,510280,14,3957556,472,1331885,539,863.57,19764113,14495745,0
2023-04-23,73,7516040,47,6529304,1,593108,2,3426205,2,510282,5,3957561,281,1332166,310,864.43,19764423,14495770,0
2023-04-24,231,7516271,159,6529463,2,593110,11,3426216,7,510289,21,3957582,1007,1333173,1116,882.14,19765539,14495861,0
2023-04-25,242,7516513,147,6529610,6,593116,12,3426228,12,510301,27,3957609,1054,1334227,1159,910.71,19766698,14495942,0
2023-04-26,220,7516733,132,6529742,5,593121,6,3426234,5,510306,13,3957622,950,1335177,1017,918.14,19767715,14495998,0
2023-04-27,276,7517009,170,6529912,1,593122,11,3426245,18,510324,31,3957653,1066,1336243,1154,929.86,19768869,14496057,0
2023-04-28,248,7517257,188,6530100,2,593124,11,3426256,16,510340,32,3957685,1127,1337370,1219,930.57,19770088,14496122,0
2023-04-29,140,7517397,68,6530168,2,593126,4,3426260,6,510346,10,3957695,519,1337889,572,935.29,19770660,14496165,0
2023-04-30,97,7517494,29,6530197,1,593127,6,3426266,3,510349,10,3957705,307,1338196,327,937.71,19770987,14496176,0
2023-05-01,304,7517798,160,6530357,2,593129,7,3426273,9,510358,18,3957723,1078,1339274,1160,944,19772147,14496242,0
2023-05-02,251,7518049,146,6530503,3,593132,11,3426284,6,510364,19,3957742,1008,1340282,1063,930.29,19773210,14496280,0
2023-05-03,254,7518303,148,6530651,1,593133,13,3426297,11,510375,25,3957767,965,1341247,1041,933.71,19774251,14496332,0
2023-05-04,238,7518541,165,6530816,0,593133,12,3426309,8,510383,24,3957791,1051,1342298,1123,929.29,19775374,14496384,0
2023-05-05,303,7518844,160,6530976,1,593134,6,3426315,11,510394,18,3957809,1118,1343416,1170,922.29,19776544,14496419,0
2023-05-06,132,7518976,79,6531055,0,593134,13,3426328,8,510402,23,3957832,493,1343909,557,920.14,19777101,14496462,0
2023-05-07,77,7519053,36,6531091,0,593134,0,3426328,6,510408,7,3957839,296,1344205,311,917.86,19777412,14496471,0
2023-05-08,263,7519316,150,6531241,0,593134,8,3426336,10,510418,18,3957857,1003,1345208,1053,902.57,19778465,14496503,0
2023-05-09,251,7519567,129,6531370,0,593134,5,3426341,4,510422,13,3957870,987,1346195,1025,897.14,19779490,14496532,0
2023-05-10,242,7519809,128,6531498,1,593135,6,3426347,13,510435,20,3957890,1039,1347234,1096,905,19780586,14496570,0
2023-05-11,226,7520035,135,6531633,1,593136,11,3426358,23,510458,39,3957929,1033,1348267,1112,903.43,19781698,14496615,0
2023-05-12,166,7520201,132,6531765,1,593137,4,3426362,10,510468,17,3957946,868,1349135,905,865.57,19782603,14496638,0
2023-05-13,96,7520297,50,6531815,0,593137,1,3426363,5,510473,6,3957952,385,1349520,408,844.29,19783011,14496655,0
2023-05-14,59,7520356,23,6531838,0,593137,2,3426365,0,510473,3,3957955,193,1349713,203,828.86,19783214,14496663,0
2023-05-15,207,7520563,130,6531968,0,593137,4,3426369,9,510482,15,3957970,831,1350544,885,804.86,19784099,14496704,0
2023-05-16,250,7520813,109,6532077,0,593137,6,3426375,7,510489,14,3957984,799,1351343,846,779.29,19784945,14496738,0
2023-05-17,208,7521021,108,6532185,0,593137,4,3426379,5,510494,11,3957995,872,1352215,919,754,19785864,14496776,0
2023-05-18,215,7521236,106,6532291,0,593137,9,3426388,14,510508,26,3958021,751,1352966,807,710.43,19786671,14496809,0
2023-05-19,187,7521423,125,6532416,0,593137,9,3426397,10,510518,21,3958042,782,1353748,837,700.71,19787508,14496845,120000
2023-05-20,122,7521545,44,6532460,0,593137,3,3426400,5,510523,9,3958051,347,1354095,390,698.14,19787898,14496880,120000
2023-05-21,62,7521607,18,6532478,0,593137,2,3426402,1,510524,4,3958055,179,1354274,194,696.86,19788092,14496892,120000
2023-05-22,217,7521824,97,6532575,0,593137,3,3426405,2,510526,5,3958060,775,1355049,797,684.29,19788889,14496909,120000
2023-05-23,189,7522013,93,6532668,0,593137,11,3426416,6,510532,18,3958078,676,1355725,717,665.86,19789606,14496933,120000
2023-05-24,202,7522215,125,6532793,1,593138,11,3426427,10,510542,24,3958102,761,1356486,814,650.86,19790420,14496965,120000
2023-05-25,60,7522275,42,6532835,1,593139,2,3426429,2,510544,4,3958106,279,1356765,292,577.29,19790712,14496974,120000
