"DATE","ADMIN_DOSE1_DAILY","ADMIN_DOSE1_CUMULATIVE","ADMIN_DOSE2_DAILY","ADMIN_DOSE2_CUMULATIVE","ADMIN_SINGLE_DAILY","ADMIN_SINGLE_CUMULATIVE","ADMIN_ADDITIONAL_DAILY","ADMIN_ADDITIONAL_CUMULATIVE","ADMIN_ALLDOSES_DAILY","ADMIN_ALLDOSES_7DAYAVG","ADMIN_ALLDOSES_CUMULATIVE","INCOMPLETE"
"2020-12-14",79,79,0,0,0,0,0,0,79,,79,0
"2020-12-15",2053,2132,5,5,4,4,0,0,2062,,2141,0
"2020-12-16",4602,6734,13,18,1,5,1,1,4617,,6758,0
"2020-12-17",4655,11389,17,35,0,5,1,2,4673,,11431,0
"2020-12-18",5833,17222,20,55,2,7,2,4,5857,,17288,0
"2020-12-19",1689,18911,7,62,3,10,0,4,1699,,18987,0
"2020-12-20",1116,20027,2,64,1,11,0,4,1119,2872.29,20106,0
"2020-12-21",6339,26366,17,81,0,11,6,10,6362,3769.86,26468,0
"2020-12-22",9797,36163,27,108,2,13,1,11,9827,4879.14,36295,0
"2020-12-23",14271,50434,37,145,3,16,1,12,14312,6264.14,50607,0
"2020-12-24",7200,57634,25,170,1,17,0,12,7226,6628.86,57833,0
"2020-12-25",180,57814,0,170,0,17,1,13,181,5818,58014,0
"2020-12-26",4390,62204,43,213,0,17,1,14,4434,6208.71,62448,0
"2020-12-27",3868,66072,14,227,0,17,1,15,3883,6603.57,66331,0
"2020-12-28",10994,77066,50,277,1,18,2,17,11047,7272.86,77378,0
"2020-12-29",10720,87786,34,311,2,20,2,19,10758,7405.86,88136,0
"2020-12-30",12824,100610,45,356,0,20,0,19,12869,7199.71,101005,0
"2020-12-31",7264,107874,30,386,1,21,0,19,7295,7209.57,108300,0
"2021-01-01",181,108055,2,388,1,22,3,22,187,7210.43,108487,0
"2021-01-02",3810,111865,10,398,2,24,1,23,3823,7123.14,112310,0
"2021-01-03",3544,115409,23,421,2,26,1,24,3570,7078.43,115880,0
"2021-01-04",12257,127666,805,1226,2,28,6,30,13070,7367.43,128950,0
"2021-01-05",14084,141750,2193,3419,2,30,10,40,16289,8157.57,145239,0
"2021-01-06",17808,159558,3922,7341,1,31,30,70,21761,9427.86,167000,0
"2021-01-07",16548,176106,5172,12513,4,35,45,115,21769,11495.57,188769,0
"2021-01-08",16621,192727,5453,17966,0,35,33,148,22107,14627,210876,0
"2021-01-09",7649,200376,1463,19429,1,36,7,155,9120,15383.71,219996,0
"2021-01-10",7883,208259,981,20410,0,36,10,165,8874,16141.43,228870,0
"2021-01-11",25816,234075,7458,27868,2,38,47,212,33323,19034.71,262193,0
"2021-01-12",28264,262339,7860,35728,1,39,43,255,36168,21874.57,298361,0
"2021-01-13",31721,294060,9380,45108,1,40,54,309,41156,24645.29,339517,0
"2021-01-14",35807,329867,5325,50433,1,41,30,339,41163,27415.86,380680,0
"2021-01-15",29267,359134,3705,54138,2,43,32,371,33006,28972.86,413686,0
"2021-01-16",30291,389425,2378,56516,0,43,25,396,32694,32340.57,446380,0
"2021-01-17",23754,413179,1621,58137,0,43,19,415,25394,34700.57,471774,0
"2021-01-18",27107,440286,2414,60551,0,43,34,449,29555,34162.29,501329,0
"2021-01-19",34301,474587,9619,70170,1,44,70,519,43991,35279.86,545320,0
"2021-01-20",34865,509452,9496,79666,1,45,58,577,44420,35746.14,589740,0
"2021-01-21",25593,535045,8090,87756,2,47,48,625,33733,34684.71,623473,0
"2021-01-22",24753,559798,4384,92140,1,48,32,657,29170,34136.71,652643,0
"2021-01-23",15743,575541,3223,95363,0,48,10,667,18976,32177,671619,0
"2021-01-24",7180,582721,3448,98811,0,48,19,686,10647,30070.29,682266,0
"2021-01-25",13415,596136,11818,110629,0,48,63,749,25296,29461.86,707562,0
"2021-01-26",16769,612905,10747,121376,0,48,67,816,27583,27117.86,735145,0
"2021-01-27",20832,633737,12359,133735,0,48,49,865,33240,25520.71,768385,0
"2021-01-28",30765,664502,12844,146579,0,48,80,945,43689,26943,812074,0
"2021-01-29",31693,696195,11499,158078,0,48,77,1022,43269,28957.14,855343,0
"2021-01-30",18715,714910,3739,161817,0,48,20,1042,22474,29456.86,877817,0
"2021-01-31",13025,727935,2918,164735,1,49,27,1069,15971,30217.43,893788,0
"2021-02-01",1178,729113,5368,170103,4,53,35,1104,6585,27544.43,900373,0
"2021-02-02",2829,731942,9467,179570,2,55,50,1154,12348,25368,912721,0
"2021-02-03",16352,748294,21233,200803,4,59,203,1357,37792,26018.29,950513,0
"2021-02-04",27045,775339,19647,220450,3,62,199,1556,46894,26476.14,997407,0
"2021-02-05",27606,802945,20025,240475,0,62,182,1738,47813,27125.29,1045220,0
"2021-02-06",22994,825939,11246,251721,0,62,108,1846,34348,28821.57,1079568,0
"2021-02-07",12044,837983,8281,260002,1,63,87,1933,20413,29456.14,1099981,0
"2021-02-08",16970,854953,23508,283510,2,65,232,2165,40712,34331.43,1140693,0
"2021-02-09",17201,872154,28109,311619,2,67,326,2491,45638,39087.14,1186331,0
"2021-02-10",19597,891751,29303,340922,2,69,258,2749,49160,40711.14,1235491,0
"2021-02-11",27848,919599,33466,374388,2,71,346,3095,61662,42820.86,1297153,0
"2021-02-12",38408,958007,30785,405173,3,74,353,3448,69549,45926,1366702,0
"2021-02-13",28009,986016,25305,430478,2,76,305,3753,53621,48679.29,1420323,0
"2021-02-14",16287,1002303,23726,454204,0,76,257,4010,40270,51516,1460593,0
"2021-02-15",12799,1015102,10523,464727,2,78,166,4176,23490,49055.71,1484083,0
"2021-02-16",14241,1029343,26731,491458,0,78,316,4492,41288,48434.29,1525371,0
"2021-02-17",16408,1045751,22173,513631,1,79,286,4778,38868,46964,1564239,0
"2021-02-18",12156,1057907,24988,538619,21,100,281,5059,37446,43504.57,1601685,0
"2021-02-19",13270,1071177,23934,562553,39,139,294,5353,37537,38931.43,1639222,0
"2021-02-20",11352,1082529,26072,588625,6,145,323,5676,37753,36664.57,1676975,0
"2021-02-21",6360,1088889,17424,606049,15,160,283,5959,24082,34352,1701057,0
"2021-02-22",13040,1101929,11847,617896,2,162,124,6083,25013,34569.57,1726070,0
"2021-02-23",25244,1127173,14149,632045,1,163,158,6241,39552,34321.57,1765622,0
"2021-02-24",36358,1163531,20364,652409,0,163,217,6458,56939,36903.14,1822561,0
"2021-02-25",54621,1218152,30362,682771,6,169,390,6848,85379,43750.71,1907940,0
"2021-02-26",62882,1281034,31847,714618,4,173,400,7248,95133,51978.71,2003073,0
"2021-02-27",51303,1332337,22737,737355,47,220,326,7574,74413,57215.86,2077486,0
"2021-02-28",44605,1376942,13794,751149,7,227,202,7776,58608,62148.14,2136094,0
"2021-03-01",39313,1416255,12761,763910,10,237,166,7942,52250,66039.14,2188344,0
"2021-03-02",47084,1463339,12560,776470,7,244,158,8100,59809,68933,2248153,0
"2021-03-03",48604,1511943,16141,792611,17,261,145,8245,64907,70071.29,2313060,0
"2021-03-04",59825,1571768,22799,815410,1092,1353,263,8508,83979,69871.29,2397039,0
"2021-03-05",60994,1632762,24256,839666,3109,4462,328,8836,88687,68950.43,2485726,0
"2021-03-06",47180,1679942,18873,858539,5449,9911,236,9072,71738,68568.29,2557464,0
"2021-03-07",36042,1715984,14864,873403,6247,16158,226,9298,57379,68392.71,2614843,0
"2021-03-08",39625,1755609,14660,888063,8565,24723,309,9607,63159,69951.14,2678002,0
"2021-03-09",39105,1794714,12810,900873,7767,32490,175,9782,59857,69958,2737859,0
"2021-03-10",51832,1846546,15296,916169,5068,37558,222,10004,72418,71031,2810277,0
"2021-03-11",60003,1906549,21778,937947,4617,42175,249,10253,86647,71412.14,2896924,0
"2021-03-12",52199,1958748,30290,968237,4183,46358,368,10621,87040,71176.86,2983964,0
"2021-03-13",40661,1999409,26670,994907,5109,51467,326,10947,72766,71323.71,3056730,0
"2021-03-14",30722,2030131,15945,1010852,4528,55995,236,11183,51431,70474,3108161,0
"2021-03-15",33592,2063723,17228,1028080,4718,60713,233,11416,55771,69418.57,3163932,0
"2021-03-16",38678,2102401,20474,1048554,4925,65638,257,11673,64334,70058.14,3228266,0
"2021-03-17",42626,2145027,24757,1073311,4247,69885,332,12005,71962,69993,3300228,0
"2021-03-18",50469,2195496,26761,1100072,5240,75125,363,12368,82833,69448.14,3383061,0
"2021-03-19",47807,2243303,29910,1129982,5624,80749,384,12752,83725,68974.57,3466786,0
"2021-03-20",38711,2282014,25803,1155785,4690,85439,289,13041,69493,68507,3536279,0
"2021-03-21",29303,2311317,19325,1175110,771,86210,216,13257,49615,68247.57,3585894,0
"2021-03-22",33868,2345185,26704,1201814,4037,90247,262,13519,64871,69547.57,3650765,0
"2021-03-23",38443,2383628,32802,1234616,4222,94469,283,13802,75750,71178.43,3726515,0
"2021-03-24",41512,2425140,37544,1272160,4850,99319,322,14124,84228,72930.71,3810743,0
"2021-03-25",43423,2468563,50723,1322883,5054,104373,457,14581,99657,75334.14,3910400,0
"2021-03-26",38516,2507079,55432,1378315,4311,108684,519,15100,98778,77484.57,4009178,0
"2021-03-27",35753,2542832,45688,1424003,2939,111623,405,15505,84785,79669.14,4093963,0
"2021-03-28",26400,2569232,34387,1458390,1481,113104,322,15827,62590,81522.71,4156553,0
"2021-03-29",34830,2604062,38796,1497186,3248,116352,336,16163,77210,83285.43,4233763,0
"2021-03-30",40518,2644580,41892,1539078,3715,120067,319,16482,86444,84813.14,4320207,0
"2021-03-31",49411,2693991,44825,1583903,7441,127508,390,16872,102067,87361.57,4422274,0
"2021-04-01",50785,2744776,53920,1637823,11274,138782,495,17367,116474,89764,4538748,0
"2021-04-02",43766,2788542,53848,1691671,11973,150755,543,17910,110130,91385.71,4648878,0
"2021-04-03",39264,2827806,39179,1730850,9861,160616,335,18245,88639,91936.29,4737517,0
"2021-04-04",26566,2854372,24721,1755571,3901,164517,221,18466,55409,90910.43,4792926,0
"2021-04-05",41888,2896260,34429,1790000,11195,175712,366,18832,87878,92434.43,4880804,0
"2021-04-06",53283,2949543,35560,1825560,13223,188935,422,19254,102488,94726.43,4983292,0
"2021-04-07",55520,3005063,40672,1866232,14387,203322,388,19642,110967,95997.86,5094259,0
"2021-04-08",59282,3064345,46550,1912782,16335,219657,505,20147,122672,96883.29,5216931,0
"2021-04-09",56653,3120998,44936,1957718,17548,237205,498,20645,119635,98241.14,5336566,0
"2021-04-10",49361,3170359,35636,1993354,12727,249932,380,21025,98104,99593.29,5434670,0
"2021-04-11",38190,3208549,28811,2022165,7686,257618,289,21314,74976,102388.57,5509646,0
"2021-04-12",46649,3255198,31843,2054008,13495,271113,456,21770,92443,103040.71,5602089,0
"2021-04-13",52558,3307756,33779,2087787,368,271481,387,22157,87092,100841.29,5689181,0
"2021-04-14",50161,3357917,39955,2127742,20,271501,357,22514,90493,97916.43,5779674,0
"2021-04-15",52134,3410051,43669,2171411,16,271517,454,22968,96273,94145.14,5875947,0
"2021-04-16",51195,3461246,42220,2213631,32,271549,405,23373,93852,90461.86,5969799,0
"2021-04-17",43850,3505096,35684,2249315,3,271552,360,23733,79897,87860.86,6049696,0
"2021-04-18",28613,3533709,29372,2278687,7,271559,245,23978,58237,85469.57,6107933,0
"2021-04-19",37485,3571194,36448,2315135,22,271581,307,24285,74262,82872.29,6182195,0
"2021-04-20",40815,3612009,39635,2354770,19,271600,299,24584,80768,81968.86,6262963,0
"2021-04-21",38911,3650920,45958,2400728,15,271615,484,25068,85368,81236.71,6348331,0
"2021-04-22",38516,3689436,48949,2449677,9,271624,329,25397,87803,80026.71,6436134,0
"2021-04-23",39713,3729149,44370,2494047,4,271628,348,25745,84435,78681.43,6520569,0
"2021-04-24",31967,3761116,41596,2535643,44,271672,273,26018,73880,77821.86,6594449,0
"2021-04-25",18427,3779543,31230,2566873,86,271758,187,26205,49930,76635.14,6644379,0
"2021-04-26",26977,3806520,40727,2607600,1013,272771,286,26491,69003,75883.86,6713382,0
"2021-04-27",28576,3835096,47125,2654725,1699,274470,342,26833,77742,75451.57,6791124,0
"2021-04-28",27056,3862152,56835,2711560,2147,276617,418,27251,86456,75607,6877580,0
"2021-04-29",28618,3890770,57183,2768743,2145,278762,362,27613,88308,75679.14,6965888,0
"2021-04-30",30132,3920902,51986,2820729,2056,280818,274,27887,84448,75681,7050336,0
"2021-05-01",22486,3943388,44548,2865277,1177,281995,224,28111,68435,74903.14,7118771,0
"2021-05-02",11930,3955318,36656,2901933,1080,283075,130,28241,49796,74884,7168567,0
"2021-05-03",18037,3973355,53016,2954949,2383,285458,246,28487,73682,75552.43,7242249,0
"2021-05-04",22747,3996102,56642,3011591,2330,287788,257,28744,81976,76157.29,7324225,0
"2021-05-05",21480,4017582,48791,3060382,2311,290099,309,29053,72891,74219.43,7397116,0
"2021-05-06",20692,4038274,50178,3110560,2508,292607,263,29316,73641,72124.14,7470757,0
"2021-05-07",21263,4059537,52099,3162659,2813,295420,301,29617,76476,70985.29,7547233,0
"2021-05-08",16635,4076172,41876,3204535,1835,297255,221,29838,60567,69861.29,7607800,0
"2021-05-09",7976,4084148,29409,3233944,1260,298515,151,29989,38796,68289.86,7646596,0
"2021-05-10",14401,4098549,38537,3272481,2356,300871,222,30211,55516,65694.71,7702112,0
"2021-05-11",19928,4118477,43047,3315528,2515,303386,281,30492,65771,63379.71,7767883,0
"2021-05-12",17814,4136291,40534,3356062,3596,306982,227,30719,62171,61848.29,7830054,0
"2021-05-13",24983,4161274,40430,3396492,3230,310212,254,30973,68897,61170.57,7898951,0
"2021-05-14",27033,4188307,42907,3439399,3538,313750,277,31250,73755,60781.86,7972706,0
"2021-05-15",23659,4211966,34921,3474320,3366,317116,243,31493,62189,61013.57,8034895,0
"2021-05-16",15544,4227510,19433,3493753,2497,319613,126,31619,37600,60842.71,8072495,0
"2021-05-17",22679,4250189,29143,3522896,3257,322870,173,31792,55252,60805,8127747,0
"2021-05-18",24644,4274833,31901,3554797,3404,326274,236,32028,60185,60007,8187932,0
"2021-05-19",24208,4299041,29712,3584509,3040,329314,219,32247,57179,59293.86,8245111,0
"2021-05-20",24165,4323206,30085,3614594,3160,332474,264,32511,57674,57690.57,8302785,0
"2021-05-21",24696,4347902,32003,3646597,3060,335534,243,32754,60002,55725.86,8362787,0
"2021-05-22",20030,4367932,24358,3670955,2525,338059,155,32909,47068,53565.71,8409855,0
"2021-05-23",11239,4379171,13726,3684681,1411,339470,98,33007,26474,51976.29,8436329,0
"2021-05-24",18886,4398057,23150,3707831,2757,342227,214,33221,45007,50512.71,8481336,0
"2021-05-25",19444,4417501,23374,3731205,2601,344828,174,33395,45593,48428.14,8526929,0
"2021-05-26",18790,4436291,21079,3752284,2695,347523,200,33595,42764,46368.86,8569693,0
"2021-05-27",18477,4454768,21265,3773549,2530,350053,192,33787,42464,44196,8612157,0
"2021-05-28",17874,4472642,22888,3796437,2752,352805,183,33970,43697,41866.71,8655854,0
"2021-05-29",12714,4485356,17805,3814242,1755,354560,103,34073,32377,39768,8688231,0
"2021-05-30",7033,4492389,8949,3823191,1075,355635,45,34118,17102,38429.14,8705333,0
"2021-05-31",4741,4497130,6925,3830116,1012,356647,63,34181,12741,33819.71,8718074,0
"2021-06-01",16047,4513177,25196,3855312,2174,358821,149,34330,43566,33530.14,8761640,0
"2021-06-02",15359,4528536,20386,3875698,2093,360914,139,34469,37977,32846.29,8799617,0
"2021-06-03",15010,4543546,23818,3899516,2280,363194,122,34591,41230,32670,8840847,0
"2021-06-04",14736,4558282,25980,3925496,2492,365686,144,34735,43352,32620.71,8884199,0
"2021-06-05",10996,4569278,22080,3947576,1806,367492,115,34850,34997,32995,8919196,0
"2021-06-06",6450,4575728,14466,3962042,1222,368714,83,34933,22221,33726.29,8941417,0
"2021-06-07",11718,4587446,21780,3983822,2379,371093,139,35072,36016,37051.29,8977433,0
"2021-06-08",12661,4600107,24015,4007837,2072,373165,116,35188,38864,36379.57,9016297,0
"2021-06-09",11150,4611257,23025,4030862,2298,375463,131,35319,36604,36183.43,9052901,0
"2021-06-10",12076,4623333,22228,4053090,2462,377925,139,35458,36905,35565.57,9089806,0
"2021-06-11",12713,4636046,25113,4078203,2482,380407,151,35609,40459,35152.29,9130265,0
"2021-06-12",10170,4646216,19304,4097507,1888,382295,92,35701,31454,34646.14,9161719,0
"2021-06-13",4259,4650475,10936,4108443,1220,383515,41,35742,16456,33822.57,9178175,0
"2021-06-14",10219,4660694,19236,4127679,2042,385557,125,35867,31622,33194.86,9209797,0
"2021-06-15",11894,4672588,21006,4148685,1943,387500,123,35990,34966,32638,9244763,0
"2021-06-16",11593,4684181,19403,4168088,1957,389457,138,36128,33091,32136.14,9277854,0
"2021-06-17",11026,4695207,18759,4186847,1970,391427,118,36246,31873,31417.29,9309727,0
"2021-06-18",12172,4707379,18495,4205342,2115,393542,113,36359,32895,30336.71,9342622,0
"2021-06-19",8504,4715883,13521,4218863,1459,395001,80,36439,23564,29209.57,9366186,0
"2021-06-20",4336,4720219,7162,4226025,924,395925,36,36475,12458,28638.43,9378644,0
"2021-06-21",10166,4730385,10004,4236029,1806,397731,67,36542,22043,27270,9400687,0
"2021-06-22",9839,4740224,15641,4251670,1589,399320,103,36645,27172,26156.57,9427859,0
"2021-06-23",10320,4750544,15184,4266854,1862,401182,101,36746,27467,25353.14,9455326,0
"2021-06-24",9694,4760238,14695,4281549,1799,402981,115,36861,26303,24557.43,9481629,0
"2021-06-25",10595,4770833,14384,4295933,1718,404699,109,36970,26806,23687.57,9508435,0
"2021-06-26",7811,4778644,10460,4306393,1246,405945,73,37043,19590,23119.86,9528025,0
"2021-06-27",5004,4783648,5998,4312391,796,406741,32,37075,11830,23030.14,9539855,0
"2021-06-28",9036,4792684,10344,4322735,1524,408265,104,37179,21008,22882.29,9560863,0
"2021-06-29",9752,4802436,12312,4335047,1348,409613,123,37302,23535,22362.71,9584398,0
"2021-06-30",9429,4811865,10927,4345974,1481,411094,146,37448,21983,21579.29,9606381,0
"2021-07-01",9400,4821265,10926,4356900,1431,412525,124,37572,21881,20947.57,9628262,0
"2021-07-02",9698,4830963,11438,4368338,1541,414066,122,37694,22799,20375.14,9651061,0
"2021-07-03",7062,4838025,8420,4376758,1193,415259,75,37769,16750,19969.43,9667811,0
"2021-07-04",1288,4839313,1335,4378093,567,415826,8,37777,3198,18736.29,9671009,0
"2021-07-05",6495,4845808,7102,4385195,1208,417034,66,37843,14871,17859.57,9685880,0
"2021-07-06",9517,4855325,12848,4398043,1317,418351,113,37956,23795,17896.71,9709675,0
"2021-07-07",8675,4864000,11106,4409149,1419,419770,121,38077,21321,17802.14,9730996,0
"2021-07-08",8211,4872211,10195,4419344,1260,421030,105,38182,19771,17500.71,9750767,0
"2021-07-09",8380,4880591,10827,4430171,1279,422309,88,38270,20574,17182.86,9771341,0
"2021-07-10",7111,4887702,8626,4438797,1133,423442,63,38333,16933,17209,9788274,0
"2021-07-11",4104,4891806,4540,4443337,703,424145,35,38368,9382,18092.43,9797656,0
"2021-07-12",8454,4900260,9553,4452890,1250,425395,79,38447,19336,18730.29,9816992,0
"2021-07-13",9472,4909732,9382,4462272,951,426346,103,38550,19908,18175,9836900,0
"2021-07-14",9007,4918739,9525,4471797,1009,427355,103,38653,19644,17935.43,9856544,0
"2021-07-15",8796,4927535,9149,4480946,1052,428407,80,38733,19077,17836.29,9875621,0
"2021-07-16",9245,4936780,9763,4490709,978,429385,101,38834,20087,17766.71,9895708,0
"2021-07-17",6846,4943626,7387,4498096,802,430187,78,38912,15113,17506.71,9910821,0
"2021-07-18",4260,4947886,4285,4502381,569,430756,33,38945,9147,17473.14,9919968,0
"2021-07-19",9129,4957015,8471,4510852,999,431755,86,39031,18685,17380.14,9938653,0
"2021-07-20",10656,4967671,8756,4519608,991,432746,90,39121,20493,17463.71,9959146,0
"2021-07-21",10055,4977726,8761,4528369,903,433649,144,39265,19863,17495,9979009,0
"2021-07-22",10687,4988413,8580,4536949,1044,434693,142,39407,20453,17691.57,9999462,0
"2021-07-23",11260,4999673,8879,4545828,1114,435807,134,39541,21387,17877.29,10020849,0
"2021-07-24",7406,5007079,6733,4552561,670,436477,83,39624,14892,17845.71,10035741,0
"2021-07-25",5481,5012560,2122,4554683,509,436986,59,39683,8171,17706.29,10043912,0
"2021-07-26",10880,5023440,6999,4561682,859,437845,110,39793,18848,17729.57,10062760,0
"2021-07-27",12060,5035500,8565,4570247,857,438702,132,39925,21614,17889.71,10084374,0
"2021-07-28",11999,5047499,8048,4578295,950,439652,129,40054,21126,18070.14,10105500,0
"2021-07-29",10942,5058441,7426,4585721,983,440635,129,40183,19480,17931.14,10124980,0
"2021-07-30",14956,5073397,8006,4593727,1149,441784,180,40363,24291,18346,10149271,0
"2021-07-31",9733,5083130,6311,4600038,816,442600,117,40480,16977,18643.86,10166248,0
"2021-08-01",6506,5089636,3308,4603346,564,443164,79,40559,10457,18970.43,10176705,0
"2021-08-02",13453,5103089,7155,4610501,848,444012,143,40702,21599,19363.43,10198304,0
"2021-08-03",15424,5118513,8381,4618882,1109,445121,145,40847,25059,19855.57,10223363,0
"2021-08-04",17264,5135777,8123,4627005,1454,446575,177,41024,27018,20697.29,10250381,0
"2021-08-05",17870,5153647,7921,4634926,1365,447940,161,41185,27317,21816.86,10277698,0
"2021-08-06",18185,5171832,8409,4643335,1233,449173,164,41349,27991,22345.43,10305689,0
"2021-08-07",13388,5185220,6017,4649352,799,449972,97,41446,20301,22820.29,10325990,0
"2021-08-08",9312,5194532,3833,4653185,399,450371,79,41525,13623,23272.57,10339613,0
"2021-08-09",21342,5215874,8529,4661714,963,451334,169,41694,31003,24616,10370616,0
"2021-08-10",18927,5234801,9330,4671044,950,452284,168,41862,29375,25232.57,10399991,0
"2021-08-11",15653,5250454,8309,4679353,853,453137,125,41987,24940,24935.71,10424931,0
"2021-08-12",15054,5265508,8977,4688330,938,454075,168,42155,25137,24624.29,10450068,0
"2021-08-13",14930,5280438,9287,4697617,921,454996,236,42391,25374,24250.43,10475442,0
"2021-08-14",10415,5290853,6409,4704026,626,455622,523,42914,17973,23917.86,10493415,0
"2021-08-15",6697,5297550,4475,4708501,677,456299,566,43480,12415,23745.29,10505830,0
"2021-08-16",15726,5313276,9292,4717793,1149,457448,1315,44795,27482,23242.29,10533312,0
"2021-08-17",17785,5331061,10438,4728231,1222,458670,1754,46549,31199,23502.86,10564511,0
"2021-08-18",17517,5348578,10356,4738587,1260,459930,1978,48527,31111,24384.43,10595622,0
"2021-08-19",16310,5364888,9521,4748108,1316,461246,1942,50469,29089,24949,10624711,0
"2021-08-20",16292,5381180,11536,4759644,1254,462500,1846,52315,30928,25742.43,10655639,0
"2021-08-21",11159,5392339,8040,4767684,877,463377,1048,53363,21124,26192.57,10676763,0
"2021-08-22",4086,5396425,3903,4771587,262,463639,512,53875,8763,25670.86,10685526,0
"2021-08-23",15584,5412009,11795,4783382,1023,464662,1542,55417,29944,26022.57,10715470,0
"2021-08-24",16921,5428930,12592,4795974,1006,465668,1770,57187,32289,26178.29,10747759,0
"2021-08-25",14591,5443521,12436,4808410,1111,466779,1560,58747,29698,25976.43,10777457,0
"2021-08-26",16171,5459692,14083,4822493,1072,467851,1760,60507,33086,26547.43,10810543,0
"2021-08-27",14888,5474580,14819,4837312,972,468823,1653,62160,32332,26748,10842875,0
"2021-08-28",10688,5485268,11512,4848824,836,469659,1010,63170,24046,27165.43,10866921,0
"2021-08-29",7219,5492487,7494,4856318,541,470200,770,63940,16024,28202.71,10882945,0
"2021-08-30",15530,5508017,16922,4873240,1077,471277,1781,65721,35310,28969.29,10918255,0
"2021-08-31",15528,5523545,15945,4889185,952,472229,1956,67677,34381,29268.14,10952636,0
"2021-09-01",14842,5538387,14095,4903280,1021,473250,1791,69468,31749,29561.14,10984385,0
"2021-09-02",14346,5552733,12514,4915794,896,474146,1690,71158,29446,29041.14,11013831,0
"2021-09-03",15018,5567751,14298,4930092,974,475120,1887,73045,32177,29019,11046008,0
"2021-09-04",9654,5577405,9404,4939496,688,475808,961,74006,20707,28542,11066715,0
"2021-09-05",6807,5584212,5513,4945009,438,476246,701,74707,13459,28175.57,11080174,0
"2021-09-06",5201,5589413,4506,4949515,358,476604,270,74977,10335,24607.71,11090509,0
"2021-09-07",15583,5604996,17688,4967203,913,477517,1534,76511,35718,24798.71,11126227,0
"2021-09-08",16176,5621172,14820,4982023,1073,478590,1750,78261,33819,25094.43,11160046,0
"2021-09-09",16126,5637298,14744,4996767,1048,479638,1900,80161,33818,25719,11193864,0
"2021-09-10",18378,5655676,15391,5012158,1209,480847,1958,82119,36936,26398.86,11230800,0
"2021-09-11",12647,5668323,10342,5022500,958,481805,1016,83135,24963,27006.86,11255763,0
"2021-09-12",8539,5676862,5051,5027551,766,482571,685,83820,15041,27232.86,11270804,0
"2021-09-13",16945,5693807,12945,5040496,975,483546,1636,85456,32501,30399.43,11303305,0
"2021-09-14",16280,5710087,13669,5054165,886,484432,1585,87041,32420,29928.29,11335725,0
"2021-09-15",15555,5725642,12869,5067034,728,485160,1561,88602,30713,29484.57,11366438,0
"2021-09-16",15352,5740994,13905,5080939,1211,486371,1439,90041,31907,29211.57,11398345,0
"2021-09-17",14440,5755434,13963,5094902,922,487293,1818,91859,31143,28384,11429488,0
"2021-09-18",10012,5765446,10170,5105072,913,488206,1043,92902,22138,27980.43,11451626,0
"2021-09-19",6183,5771629,6069,5111141,557,488763,742,93644,13551,27767.57,11465177,0
"2021-09-20",12692,5784321,12629,5123770,1069,489832,1904,95548,28294,27166.57,11493471,0
"2021-09-21",12246,5796567,12769,5136539,1111,490943,2008,97556,28134,26554.29,11521605,0
"2021-09-22",12845,5809412,11987,5148526,1091,492034,1664,99220,27587,26107.71,11549192,0
"2021-09-23",14963,5824375,12749,5161275,1639,493673,2236,101456,31587,26062,11580779,0
"2021-09-24",16469,5840844,13358,5174633,1632,495305,4587,106043,36046,26762.43,11616825,0
"2021-09-25",10554,5851398,9020,5183653,1018,496323,3424,109467,24016,27030.71,11640841,0
"2021-09-26",6318,5857716,5755,5189408,773,497096,2404,111871,15250,27273.43,11656091,0
"2021-09-27",14184,5871900,8049,5197457,1155,498251,8964,120835,32352,27853.14,11688443,0
"2021-09-28",11169,5883069,11773,5209230,901,499152,9797,130632,33640,28639.71,11722083,0
"2021-09-29",11630,5894699,12187,5221417,1205,500357,9351,139983,34373,29609.14,11756456,0
"2021-09-30",12261,5906960,12594,5234011,1338,501695,9633,149616,35826,30214.71,11792282,0
"2021-10-01",12668,5919628,13425,5247436,1284,502979,10182,159798,37559,30430.86,11829841,0
"2021-10-02",7738,5927366,9975,5257411,864,503843,4190,163988,22767,30252.43,11852608,0
"2021-10-03",5084,5932450,6157,5263568,594,504437,2597,166585,14432,30135.57,11867040,0
"2021-10-04",9929,5942379,11028,5274596,913,505350,9432,176017,31302,29985.57,11898342,0
"2021-10-05",10191,5952570,11743,5286339,972,506322,9865,185882,32771,29861.43,11931113,0
"2021-10-06",9936,5962506,11052,5297391,937,507259,9865,195747,31790,29492.43,11962903,0
"2021-10-07",9688,5972194,12181,5309572,852,508111,10127,205874,32848,29067,11995751,0
"2021-10-08",9489,5981683,12169,5321741,943,509054,10827,216701,33428,28476.86,12029179,0
"2021-10-09",6280,5987963,8275,5330016,649,509703,4066,220767,19270,27977.29,12048449,0
"2021-10-10",3548,5991511,5022,5335038,458,510161,2410,223177,11438,27549.57,12059887,0
"2021-10-11",7642,5999153,9329,5344367,728,510889,8848,232025,26547,26870.29,12086434,0
"2021-10-12",8093,6007246,11005,5355372,891,511780,10429,242454,30418,26534.14,12116852,0
"2021-10-13",7188,6014434,10142,5365514,869,512649,8697,251151,26896,25835,12143748,0
"2021-10-14",7466,6021900,11110,5376624,836,513485,10016,261167,29428,25346.43,12173176,0
"2021-10-15",7750,6029650,11867,5388491,823,514308,10702,271869,31142,25019.86,12204318,0
"2021-10-16",4874,6034524,7464,5395955,666,514974,3792,275661,16796,24666.43,12221114,0
"2021-10-17",3063,6037587,4474,5400429,411,515385,2424,278085,10372,24514.14,12231486,0
"2021-10-18",7085,6044672,10657,5411086,797,516182,9366,287451,27905,24708.14,12259391,0
"2021-10-19",6599,6051271,8941,5420027,806,516988,8996,296447,25342,23983,12284733,0
"2021-10-20",6567,6057838,9374,5429401,975,517963,9887,306334,26803,23969.71,12311536,0
"2021-10-21",7061,6064899,9378,5438779,859,518822,10748,317082,28046,23772.29,12339582,0
"2021-10-22",8170,6073069,10348,5449127,1026,519848,16261,333343,35805,24438.43,12375387,0
"2021-10-23",5202,6078271,6460,5455587,690,520538,9076,342419,21428,25100.14,12396815,0
"2021-10-24",3287,6081558,3970,5459557,770,521308,6136,348555,14163,25641.71,12410978,0
"2021-10-25",8828,6090386,8749,5468306,1147,522455,19187,367742,37911,27071.14,12448889,0
"2021-10-26",8246,6098632,7727,5476033,1259,523714,17229,384971,34461,28373.86,12483350,0
"2021-10-27",10621,6109253,8399,5484432,1604,525318,20770,405741,41394,30458.29,12524744,0
"2021-10-28",11377,6120630,8043,5492475,1793,527111,20757,426498,41970,32447.43,12566714,0
"2021-10-29",11897,6132527,8244,5500719,1963,529074,22448,448946,44552,33697,12611266,0
"2021-10-30",4655,6137182,5053,5505772,934,530008,11124,460070,21766,33745.29,12633032,0
"2021-10-31",2676,6139858,2704,5508476,545,530553,6601,466671,12526,33511.43,12645558,0
"2021-11-01",7197,6147055,6955,5515431,1090,531643,20296,486967,35538,33172.43,12681096,0
"2021-11-02",6632,6153687,6585,5522016,1053,532696,20675,507642,34945,33241.57,12716041,0
"2021-11-03",6906,6160593,6679,5528695,1028,533724,20542,528184,35155,32350.29,12751196,0
"2021-11-04",9354,6169947,6276,5534971,997,534721,22266,550450,38893,31910.71,12790089,0
"2021-11-05",11120,6181067,6724,5541695,1052,535773,23684,574134,42580,31629,12832669,0
"2021-11-06",11152,6192219,4051,5545746,593,536366,12564,586698,28360,32571,12861029,0
"2021-11-07",7281,6199500,2282,5548028,576,536942,7079,593777,17218,33241.29,12878247,0
"2021-11-08",15111,6214611,5678,5553706,867,537809,19427,613204,41083,34033.43,12919330,0
"2021-11-09",16206,6230817,5380,5559086,661,538470,20463,633667,42710,35142.71,12962040,0
"2021-11-10",17003,6247820,5330,5564416,684,539154,22550,656217,45567,36630.14,13007607,0
"2021-11-11",12632,6260452,5195,5569611,761,539915,21989,678206,40577,36870.71,13048184,0
"2021-11-12",16950,6277402,5683,5575294,708,540623,23333,701539,46674,37455.57,13094858,0
"2021-11-13",9972,6287374,3666,5578960,465,541088,13289,714828,27392,37317.29,13122250,0
"2021-11-14",6041,6293415,2294,5581254,325,541413,7908,722736,16568,37224.43,13138818,0
"2021-11-15",13296,6306711,5971,5587225,690,542103,25014,747750,44971,37779.86,13183789,0
"2021-11-16",10032,6316743,5795,5593020,655,542758,30551,778301,47033,38397.43,13230822,0
"2021-11-17",10381,6327124,6679,5599699,682,543440,31281,809582,49023,38891.14,13279845,0
"2021-11-18",10797,6337921,6550,5606249,861,544301,32912,842494,51120,40397.29,13330965,0
"2021-11-19",12106,6350027,6553,5612802,716,545017,36151,878645,55526,41661.86,13386491,0
"2021-11-20",9390,6359417,3422,5616224,514,545531,22429,901074,35755,42856.57,13422246,0
"2021-11-21",5001,6364418,1893,5618117,288,545819,13157,914231,20339,43395.29,13442585,0
"2021-11-22",10535,6374953,5790,5623907,752,546571,35758,949989,52835,44518.71,13495420,0
"2021-11-23",9885,6384838,4782,5628689,635,547206,33380,983369,48682,44754.29,13544102,0
"2021-11-24",8778,6393616,4759,5633448,651,547857,25840,1009209,40028,43469.29,13584130,0
"2021-11-25",453,6394069,324,5633772,80,547937,997,1010206,1854,36431.29,13585984,0
"2021-11-26",8114,6402183,6990,5640762,528,548465,26511,1036717,42143,34519.43,13628127,0
"2021-11-27",6722,6408905,6831,5647593,373,548838,18759,1055476,32685,34080.86,13660812,0
"2021-11-28",4106,6413011,5783,5653376,282,549120,11833,1067309,22004,34318.71,13682816,0
"2021-11-29",9185,6422196,10988,5664364,688,549808,34881,1102190,55742,34734,13738558,0
"2021-11-30",10594,6432790,11430,5675794,513,550321,37648,1139838,60185,36377.29,13798743,0
"2021-12-01",11302,6444092,10963,5686757,723,551044,40208,1180046,63196,39687,13861939,0
"2021-12-02",11740,6455832,11023,5697780,626,551670,41998,1222044,65387,48763.14,13927326,0
"2021-12-03",13614,6469446,12873,5710653,676,552346,47775,1269819,74938,53448.14,14002264,0
"2021-12-04",9916,6479362,11279,5721932,567,552913,30578,1300397,52340,56256,14054604,0
"2021-12-05",5793,6485155,5704,5727636,270,553183,16615,1317012,28382,57167.14,14082986,0
"2021-12-06",12463,6497618,9941,5737577,603,553786,43109,1360121,66116,58649.14,14149102,0
"2021-12-07",12698,6510316,9247,5746824,626,554412,42942,1403063,65513,59410.29,14214615,0
"2021-12-08",13674,6523990,8749,5755573,556,554968,40644,1443707,63623,59471.29,14278238,0
"2021-12-09",13606,6537596,8756,5764329,558,555526,40694,1484401,63614,59218,14341852,0
"2021-12-10",14164,6551760,10128,5774457,672,556198,43506,1527907,68470,58294,14410322,0
"2021-12-11",10324,6562084,8109,5782566,405,556603,26648,1554555,45486,57314.86,14455808,0
"2021-12-12",6061,6568145,3856,5786422,288,556891,15124,1569679,25329,56878.71,14481137,0
"2021-12-13",12335,6580480,7415,5793837,657,557548,37763,1607442,58170,55743.57,14539307,0
"2021-12-14",12314,6592794,6959,5800796,731,558279,38050,1645492,58054,54678,14597361,0
"2021-12-15",12239,6605033,6238,5807034,755,559034,37979,1683471,57211,53762,14654572,0
"2021-12-16",13237,6618270,4269,5811303,734,559768,40876,1724347,59116,53119.43,14713688,0
"2021-12-17",16121,6634391,6930,5818233,620,560388,46555,1770902,70226,53370.29,14783914,0
"2021-12-18",13091,6647482,5717,5823950,432,560820,30510,1801412,49750,53979.43,14833664,0
"2021-12-19",7067,6654549,2991,5826941,327,561147,17956,1819368,28341,54409.71,14862005,0
"2021-12-20",17003,6671552,5867,5832808,746,561893,47277,1866645,70893,56227.29,14932898,0
"2021-12-21",18067,6689619,6557,5839365,808,562701,48737,1915382,74169,58529.43,15007067,0
"2021-12-22",18673,6708292,6556,5845921,938,563639,49475,1964857,75642,61162.43,15082709,0
"2021-12-23",19123,6727415,6481,5852402,930,564569,45714,2010571,72248,63038.43,15154957,0
"2021-12-24",9258,6736673,2952,5855354,598,565167,20561,2031132,33369,57773.14,15188326,0
"2021-12-25",343,6737016,65,5855419,31,565198,422,2031554,861,50789,15189187,0
"2021-12-26",7993,6745009,3927,5859346,341,565539,17250,2048804,29511,50956.14,15218698,0
"2021-12-27",21880,6766889,9199,5868545,933,566472,43328,2092132,75340,51591.43,15294038,0
"2021-12-28",20229,6787118,8322,5876867,698,567170,47465,2139597,76714,51955,15370752,0
"2021-12-29",18557,6805675,7657,5884524,607,567777,45434,2185031,72255,51471.14,15443007,0
"2021-12-30",16931,6822606,7414,5891938,582,568359,44740,2229771,69667,51102.43,15512674,0
"2021-12-31",5378,6827984,2800,5894738,193,568552,14716,2244487,23087,49633.57,15535761,0
"2022-01-01",236,6828220,146,5894884,11,568563,498,2244985,891,49637.86,15536652,0
"2022-01-02",6457,6834677,5010,5899894,153,568716,10963,2255948,22583,48648.14,15559235,0
"2022-01-03",14210,6848887,8480,5908374,515,569231,26811,2282759,50016,45030.43,15609251,0
"2022-01-04",13144,6862031,8060,5916434,412,569643,26927,2309686,48543,41006,15657794,0
"2022-01-05",11672,6873703,6959,5923393,385,570028,25680,2335366,44696,37069,15702490,0
"2022-01-06",11603,6885306,7357,5930750,480,570508,27381,2362747,46821,33805.29,15749311,0
"2022-01-07",10510,6895816,8412,5939162,337,570845,24891,2387638,44150,36814.29,15793461,0
"2022-01-08",7968,6903784,8544,5947706,310,571155,19359,2406997,36181,41855.71,15829642,0
"2022-01-09",4158,6907942,3842,5951548,214,571369,10040,2417037,18254,41237.29,15847896,0
"2022-01-10",10218,6918160,8174,5959722,490,571859,24525,2441562,43407,40293.14,15891303,0
"2022-01-11",8958,6927118,7972,5967694,520,572379,20939,2462501,38389,38842.57,15929692,0
"2022-01-12",9014,6936132,8305,5975999,428,572807,22248,2484749,39995,38171,15969687,0
"2022-01-13",9107,6945239,8840,5984839,449,573256,22734,2507483,41130,37358,16010817,0
"2022-01-14",10127,6955366,8064,5992903,475,573731,26168,2533651,44834,37455.71,16055651,0
"2022-01-15",6204,6961570,4268,5997171,178,573909,14927,2548578,25577,35940.86,16081228,0
"2022-01-16",2937,6964507,3251,6000422,93,574002,7800,2556378,14081,35344.71,16095309,0
"2022-01-17",6112,6970619,6752,6007174,363,574365,14613,2570991,27840,33120.86,16123149,0
"2022-01-18",8143,6978762,10149,6017323,397,574762,19330,2590321,38019,33068,16161168,0
"2022-01-19",7545,6986307,9227,6026550,306,575068,17630,2607951,34708,32312.71,16195876,0
"2022-01-20",6350,6992657,8563,6035113,304,575372,15143,2623094,30360,30774.14,16226236,0
"2022-01-21",7659,7000316,7484,6042597,277,575649,18392,2641486,33812,29199.57,16260048,0
"2022-01-22",5216,7005532,4924,6047521,131,575780,11278,2652764,21549,28624.14,16281597,0
"2022-01-23",2823,7008355,3326,6050847,97,575877,6215,2658979,12461,28392.71,16294058,0
"2022-01-24",6423,7014778,8183,6059030,261,576138,14993,2673972,29860,28681.29,16323918,0
"2022-01-25",6224,7021002,7920,6066950,232,576370,14636,2688608,29012,27394.57,16352930,0
"2022-01-26",5795,7026797,7148,6074098,290,576660,13961,2702569,27194,26321.14,16380124,0
"2022-01-27",5282,7032079,7076,6081174,320,576980,14024,2716593,26702,25798.57,16406826,0
"2022-01-28",6313,7038392,7848,6089022,205,577185,16061,2732654,30427,25315,16437253,0
"2022-01-29",847,7039239,726,6089748,28,577213,2522,2735176,4123,22825.57,16441376,0
"2022-01-30",2105,7041344,3018,6092766,103,577316,4527,2739703,9753,22438.71,16451129,0
"2022-01-31",5037,7046381,6586,6099352,219,577535,11316,2751019,23158,21481.29,16474287,0
"2022-02-01",4860,7051241,6440,6105792,219,577754,10658,2761677,22177,20504.86,16496464,0
"2022-02-02",4278,7055519,5921,6111713,214,577968,11175,2772852,21588,19704,16518052,0
"2022-02-03",4247,7059766,5787,6117500,217,578185,11170,2784022,21421,18949.57,16539473,0
"2022-02-04",4801,7064567,7089,6124589,214,578399,13148,2797170,25252,18210.29,16564725,0
"2022-02-05",3601,7068168,6040,6130629,110,578509,8549,2805719,18300,20235.57,16583025,0
"2022-02-06",2072,7070240,2132,6132761,121,578630,4624,2810343,8949,20120.71,16591974,0
"2022-02-07",4173,7074413,4717,6137478,205,578835,10107,2820450,19202,19555.57,16611176,0
"2022-02-08",4249,7078662,5595,6143073,213,579048,11261,2831711,21318,19432.86,16632494,0
"2022-02-09",4155,7082817,5390,6148463,222,579270,11610,2843321,21377,19402.71,16653871,0
"2022-02-10",4005,7086822,5106,6153569,243,579513,12116,2855437,21470,19409.71,16675341,0
"2022-02-11",4540,7091362,5800,6159369,194,579707,13687,2869124,24221,19262.43,16699562,0
"2022-02-12",3271,7094633,4333,6163702,96,579803,8777,2877901,16477,19002,16716039,0
"2022-02-13",1524,7096157,1542,6165244,41,579844,4874,2882775,7981,18863.71,16724020,0
"2022-02-14",3007,7099164,3616,6168860,165,580009,10536,2893311,17324,18595.43,16741344,0
"2022-02-15",3581,7102745,4057,6172917,176,580185,12732,2906043,20546,18485.14,16761890,0
"2022-02-16",3690,7106435,3887,6176804,195,580380,15643,2921686,23415,18776.29,16785305,0
"2022-02-17",4069,7110504,4079,6180883,164,580544,18204,2939890,26516,19497.14,16811821,0
"2022-02-18",4503,7115007,4773,6185656,189,580733,21501,2961391,30966,20460.71,16842787,0
"2022-02-19",3269,7118276,2176,6187832,65,580798,11148,2972539,16658,20486.57,16859445,0
"2022-02-20",1866,7120142,1445,6189277,59,580857,6567,2979106,9937,20766,16869382,0
"2022-02-21",3114,7123256,2684,6191961,95,580952,8326,2987432,14219,20322.43,16883601,0
"2022-02-22",4413,7127669,4241,6196202,175,581127,10795,2998227,19624,20190.71,16903225,0
"2022-02-23",4296,7131965,3778,6199980,144,581271,10623,3008850,18841,19537.29,16922066,0
"2022-02-24",3776,7135741,3651,6203631,108,581379,10157,3019007,17692,18276.71,16939758,0
"2022-02-25",3638,7139379,3606,6207237,135,581514,9950,3028957,17329,16328.57,16957087,0
"2022-02-26",2860,7142239,2574,6209811,74,581588,9490,3038447,14998,16091.43,16972085,0
"2022-02-27",1781,7144020,1368,6211179,52,581640,6262,3044709,9463,16023.71,16981548,0
"2022-02-28",3830,7147850,3120,6214299,140,581780,13087,3057796,20177,16874.86,17001725,0
"2022-03-01",2130,7149980,2606,6216905,102,581882,5151,3062947,9989,15498.43,17011714,0
"2022-03-02",1837,7151817,2418,6219323,105,581987,4102,3067049,8462,14015.71,17020176,0
"2022-03-03",1944,7153761,2548,6221871,106,582093,3785,3070834,8383,12685.86,17028559,0
"2022-03-04",2108,7155869,2863,6224734,67,582160,4307,3075141,9345,11545.29,17037904,0
"2022-03-05",1612,7157481,2119,6226853,43,582203,3304,3078445,7078,10413.86,17044982,0
"2022-03-06",802,7158283,877,6227730,30,582233,1617,3080062,3326,9537.14,17048308,0
"2022-03-07",1675,7159958,1777,6229507,85,582318,3474,3083536,7011,7656.29,17055319,0
"2022-03-08",1551,7161509,1894,6231401,79,582397,3112,3086648,6636,7177.29,17061955,0
"2022-03-09",1263,7162772,1662,6233063,78,582475,2567,3089215,5570,6764.14,17067525,0
"2022-03-10",1428,7164200,2095,6235158,85,582560,2938,3092153,6546,6501.71,17074071,0
"2022-03-11",1607,7165807,2261,6237419,81,582641,3192,3095345,7141,6186.86,17081212,0
"2022-03-12",882,7166689,1411,6238830,39,582680,1994,3097339,4326,5793.71,17085538,0
"2022-03-13",627,7167316,755,6239585,26,582706,1289,3098628,2697,5703.86,17088235,0
"2022-03-14",1384,7168700,1593,6241178,83,582789,2972,3101600,6032,5564,17094267,0
"2022-03-15",1346,7170046,1920,6243098,62,582851,3065,3104665,6393,5529.29,17100660,0
"2022-03-16",1397,7171443,2058,6245156,94,582945,3119,3107784,6668,5686.14,17107328,0
"2022-03-17",1184,7172627,1806,6246962,69,583014,2746,3110530,5805,5580.29,17113133,0
"2022-03-18",1582,7174209,2161,6249123,80,583094,3752,3114282,7575,5642.29,17120708,0
"2022-03-19",1113,7175322,1725,6250848,54,583148,2585,3116867,5477,5806.71,17126185,0
"2022-03-20",613,7175935,630,6251478,32,583180,1457,3118324,2732,5811.71,17128917,0
"2022-03-21",1423,7177358,1544,6253022,73,583253,3038,3121362,6078,5818.29,17134995,0
"2022-03-22",1337,7178695,1542,6254564,101,583354,2882,3124244,5862,5742.43,17140857,0
"2022-03-23",1260,7179955,1344,6255908,66,583420,2900,3127144,5570,5585.57,17146427,0
"2022-03-24",1216,7181171,1290,6257198,89,583509,2502,3129646,5097,5484.43,17151524,0
"2022-03-25",1386,7182557,1607,6258805,61,583570,3245,3132891,6299,5302.14,17157823,0
"2022-03-26",924,7183481,1151,6259956,36,583606,2285,3135176,4396,5147.71,17162219,0
"2022-03-27",573,7184054,525,6260481,29,583635,1311,3136487,2438,5105.71,17164657,0
"2022-03-28",1085,7185139,1146,6261627,68,583703,2426,3138913,4725,4912.43,17169382,0
"2022-03-29",1046,7186185,1099,6262726,86,583789,2495,3141408,4726,4750.14,17174108,0
"2022-03-30",1244,7187429,1128,6263854,96,583885,3040,3144448,5508,4741.29,17179616,0
"2022-03-31",1238,7188667,1239,6265093,57,583942,3134,3147582,5668,4822.86,17185284,0
"2022-04-01",1381,7190048,1474,6266567,68,584010,3218,3150800,6141,4800.29,17191425,0
"2022-04-02",880,7190928,909,6267476,31,584041,2082,3152882,3902,4729.71,17195327,0
"2022-04-03",544,7191472,495,6267971,28,584069,1215,3154097,2282,4707.43,17197609,0
"2022-04-04",1313,7192785,1293,6269264,56,584125,2688,3156785,5350,4796.71,17202959,0
"2022-04-05",1267,7194052,1132,6270396,67,584192,2830,3159615,5296,4878.14,17208255,0
"2022-04-06",1272,7195324,1155,6271551,57,584249,2580,3162195,5064,4814.71,17213319,0
"2022-04-07",1176,7196500,1041,6272592,53,584302,2317,3164512,4587,4660.29,17217906,0
"2022-04-08",1466,7197966,1375,6273967,54,584356,3078,3167590,5973,4636.29,17223879,0
"2022-04-09",932,7198898,915,6274882,26,584382,2030,3169620,3903,4636.43,17227782,0
"2022-04-10",592,7199490,458,6275340,24,584406,1165,3170785,2239,4630.29,17230021,0
"2022-04-11",1323,7200813,1202,6276542,58,584464,2604,3173389,5187,4607,17235208,0
"2022-04-12",1184,7201997,1022,6277564,71,584535,2416,3175805,4693,4520.86,17239901,120000
"2022-04-13",1237,7203234,1042,6278606,54,584589,2436,3178241,4769,4478.71,17244670,120000
"2022-04-14",1226,7204460,1045,6279651,51,584640,2285,3180526,4607,4481.57,17249277,120000
"2022-04-15",1308,7205768,1056,6280707,44,584684,2485,3183011,4893,4327.29,17254170,120000
"2022-04-16",861,7206629,624,6281331,22,584706,1596,3184607,3103,4213,17257273,120000
"2022-04-17",341,7206970,193,6281524,19,584725,604,3185211,1157,4058.43,17258430,120000
"2022-04-18",356,7207326,339,6281863,23,584748,802,3186013,1520,3534.57,17259950,120000
