"DATE","ADMIN_DOSE1_DAILY","ADMIN_DOSE1_CUMULATIVE","ADMIN_DOSE2_DAILY","ADMIN_DOSE2_CUMULATIVE","ADMIN_SINGLE_DAILY","ADMIN_SINGLE_CUMULATIVE","ADMIN_ADDITIONAL1_DAILY","ADMIN_ADDITIONAL1_CUMULATIVE","ADMIN_ADDITIONAL2_DAILY","ADMIN_ADDITIONAL2_CUMULATIVE","ADMIN_ADDITIONAL_DAILY","ADMIN_ADDITIONAL_CUMULATIVE","ADMIN_BIVALENT_ADDITIONAL_DAILY","ADMIN_BIVALENT_ADDITIONAL_CUMULATIVE","ADMIN_ALLDOSES_DAILY","ADMIN_ALLDOSES_7DAYAVG","ADMIN_ALLDOSES_CUMULATIVE","ADMIN_ALLDOSES_PRIMARY","INCOMPLETE"
2020-12-14,79,79,0,0,2,2,0,0,0,0,0,0,0,0,81,,81,81,0
2020-12-15,2052,2131,7,7,5,7,0,0,0,0,0,0,0,0,2064,,2145,2145,0
2020-12-16,4606,6737,15,22,4,11,1,1,0,0,1,1,0,0,4626,,6771,6770,0
2020-12-17,4660,11397,18,40,2,13,1,2,0,0,1,2,0,0,4681,,11452,11450,0
2020-12-18,5836,17233,18,58,2,15,2,4,0,0,2,4,0,0,5858,,17310,17306,0
2020-12-19,1687,18920,8,66,3,18,0,4,0,0,0,4,0,0,1698,,19008,19004,0
2020-12-20,1117,20037,2,68,1,19,0,4,0,0,0,4,0,0,1120,2875.43,20128,20124,0
2020-12-21,6391,26428,21,89,0,19,5,9,0,0,5,9,0,0,6417,3780.57,26545,26536,0
2020-12-22,9766,36194,29,118,2,21,1,10,0,0,1,10,0,0,9798,4885.43,36343,36333,0
2020-12-23,14278,50472,36,154,3,24,0,10,0,0,0,10,0,0,14317,6269.86,50660,50650,0
2020-12-24,7170,57642,28,182,1,25,0,10,0,0,0,10,0,0,7199,6629.57,57859,57849,0
2020-12-25,180,57822,0,182,0,25,1,11,0,0,1,11,0,0,181,5818.57,58040,58029,0
2020-12-26,4393,62215,45,227,0,25,1,12,0,0,1,12,0,0,4439,6210.14,62479,62467,0
2020-12-27,3870,66085,14,241,0,25,1,13,0,0,1,13,0,0,3885,6605.14,66364,66351,0
2020-12-28,10993,77078,51,292,1,26,3,16,0,0,3,16,0,0,11048,7266.71,77412,77396,0
2020-12-29,10713,87791,36,328,2,28,3,19,0,0,3,19,0,0,10754,7403.29,88166,88147,0
2020-12-30,12822,100613,44,372,0,28,0,19,0,0,0,19,0,0,12866,7196,101032,101013,0
2020-12-31,7259,107872,37,409,1,29,0,19,0,0,0,19,0,0,7297,7210,108329,108310,0
2021-01-01,178,108050,2,411,1,30,3,22,0,0,3,22,0,0,184,7210.43,108513,108491,0
2021-01-02,3809,111859,10,421,3,33,2,24,0,0,2,24,0,0,3824,7122.57,112337,112313,0
2021-01-03,3541,115400,25,446,2,35,1,25,0,0,1,25,0,0,3569,7077.43,115906,115881,0
2021-01-04,12252,127652,810,1256,2,37,7,32,0,0,7,32,0,0,13071,7366.43,128977,128945,0
2021-01-05,14090,141742,2196,3452,2,39,13,45,1,1,14,46,0,0,16302,8159,145279,145233,0
2021-01-06,17797,159539,3929,7381,1,40,31,76,8,9,39,85,0,0,21766,9430.43,167045,166960,0
2021-01-07,16539,176078,5182,12563,4,44,46,122,3,12,49,134,0,0,21774,11498.57,188819,188685,0
2021-01-08,16610,192688,5461,18024,0,44,36,158,4,16,40,174,0,0,22111,14631,210930,210756,0
2021-01-09,7648,200336,1466,19490,1,45,7,165,2,18,9,183,0,0,9124,15388.14,220054,219871,0
2021-01-10,7880,208216,982,20472,0,45,11,176,0,18,11,194,0,0,8873,16145.86,228927,228733,0
2021-01-11,25810,234026,7460,27932,2,47,55,231,8,26,63,257,0,0,33335,19040.71,262262,262005,0
2021-01-12,28245,262271,7864,35796,1,48,46,277,4,30,50,307,0,0,36160,21877.57,298422,298115,0
2021-01-13,31709,293980,9418,45214,1,49,59,336,5,35,64,371,0,0,41192,24652.71,339614,339243,0
2021-01-14,35799,329779,5300,50514,1,50,34,370,7,42,41,412,0,0,41141,27419.43,380755,380343,0
2021-01-15,29247,359026,3715,54229,2,52,32,402,5,47,37,449,0,0,33001,28975.14,413756,413307,0
2021-01-16,30268,389294,2395,56624,0,52,24,426,6,53,30,479,0,0,32693,32342.14,446449,445970,0
2021-01-17,23733,413027,1642,58266,0,52,20,446,1,54,21,500,0,0,25396,34702.57,471845,471345,0
2021-01-18,27087,440114,2426,60692,0,52,37,483,7,61,44,544,0,0,29558,34163,501403,500859,0
2021-01-19,34280,474394,9640,70332,1,53,70,553,6,67,76,620,0,0,43997,35282.57,545400,544780,0
2021-01-20,34857,509251,9501,79833,1,54,61,614,3,70,64,684,0,0,44423,35744.14,589823,589139,0
2021-01-21,25577,534828,8096,87929,2,56,53,667,7,77,60,744,0,0,33735,34686.14,623558,622814,0
2021-01-22,24744,559572,4386,92315,1,57,31,698,7,84,38,782,0,0,29169,34138.71,652727,651945,0
2021-01-23,15741,575313,3224,95539,0,57,11,709,2,86,13,795,0,0,18978,32179.43,671705,670910,0
2021-01-24,7174,582487,3458,98997,0,57,19,728,1,87,20,815,0,0,10652,30073.14,682357,681542,0
2021-01-25,13400,595887,11828,110825,0,57,68,796,13,100,81,896,0,0,25309,29466.14,707666,706770,0
2021-01-26,16751,612638,10762,121587,0,57,69,865,3,103,73,969,0,0,27586,27121.71,735252,734284,0
2021-01-27,20829,633467,12359,133946,0,57,51,916,10,113,61,1030,0,0,33251,25525.71,768503,767474,0
2021-01-28,30750,664217,12855,146801,0,57,82,998,16,129,98,1128,0,0,43706,26950.14,812209,811082,0
2021-01-29,31678,695895,11513,158314,0,57,84,1082,11,140,95,1223,0,0,43286,28966.86,855495,854273,0
2021-01-30,18709,714604,3743,162057,0,57,21,1103,2,142,24,1247,0,0,22476,29466.57,877971,876726,0
2021-01-31,13008,727612,2928,164985,1,58,29,1132,5,147,34,1281,0,0,15971,30226.43,893942,892663,0
2021-02-01,1180,728792,5399,170384,4,62,38,1170,4,151,42,1323,0,0,6625,27557.29,900567,899246,0
2021-02-02,2821,731613,9445,179829,2,64,50,1220,4,155,54,1377,0,0,12322,25376.71,912889,911514,0
2021-02-03,16344,747957,21238,201067,4,68,213,1433,21,176,234,1611,0,0,37820,26029.43,950709,949100,0
2021-02-04,27039,774996,19648,220715,3,71,207,1640,10,186,217,1828,0,0,46907,26486.71,997616,995790,0
2021-02-05,27579,802575,20031,240746,0,71,191,1831,15,201,207,2035,0,0,47817,27134,1045433,1043401,0
2021-02-06,22979,825554,11250,251996,0,71,117,1948,12,213,129,2164,0,0,34358,28831.43,1079791,1077630,0
2021-02-07,12030,837584,8285,260281,1,72,97,2045,13,226,111,2275,0,0,20427,29468,1100218,1097947,0
2021-02-08,16944,854528,23522,283803,2,74,239,2284,35,261,275,2550,0,0,40743,34342,1140961,1138416,0
2021-02-09,17271,871799,28092,311895,2,76,350,2634,43,304,396,2946,0,0,45761,39119,1186722,1183784,0
2021-02-10,19586,891385,29303,341198,2,78,269,2903,52,356,324,3270,0,0,49216,40747,1235938,1232679,0
2021-02-11,27833,919218,33462,374660,2,80,351,3254,57,413,408,3678,0,0,61707,42861.29,1297645,1293978,0
2021-02-12,38358,957576,30810,405470,3,83,361,3615,41,454,403,4081,0,0,69574,45969.43,1367219,1363150,0
2021-02-13,27991,985567,25311,430781,2,85,313,3928,57,511,371,4452,0,0,53676,48729.14,1420895,1416456,0
2021-02-14,16263,1001830,23719,454500,0,85,279,4207,34,545,313,4765,0,0,40295,51567.43,1461190,1456438,0
2021-02-15,12794,1014624,10524,465024,2,87,178,4385,25,570,204,4969,0,0,23524,49107.57,1484714,1479759,0
2021-02-16,14232,1028856,26713,491737,0,87,339,4724,40,610,380,5349,0,0,41325,48473.86,1526039,1520705,0
2021-02-17,16382,1045238,22198,513935,1,88,287,5011,38,648,325,5674,0,0,38906,47001,1564945,1559286,0
2021-02-18,12138,1057376,24986,538921,21,109,298,5309,46,694,344,6018,0,0,37489,43541.29,1602434,1596431,0
2021-02-19,13251,1070627,23928,562849,38,147,314,5623,46,740,360,6378,0,0,37577,38970.29,1640011,1633648,0
2021-02-20,11348,1081975,26070,588919,6,153,335,5958,78,818,415,6793,0,0,37840,36708,1677851,1671075,0
2021-02-21,6357,1088332,17410,606329,15,168,294,6252,46,864,341,7134,0,0,24123,34397.71,1701974,1694858,0
2021-02-22,13041,1101373,11838,618167,2,170,134,6386,20,884,154,7288,0,0,25035,34613.57,1727009,1719739,0
2021-02-23,25243,1126616,14136,632303,1,171,165,6551,35,919,201,7489,0,0,39582,34364.57,1766591,1759121,0
2021-02-24,36341,1162957,20395,652698,0,171,233,6784,42,961,276,7765,0,0,57012,36951.14,1823603,1815858,0
2021-02-25,54578,1217535,30403,683101,6,177,406,7190,65,1026,472,8237,0,0,85459,43804,1909062,1900846,0
2021-02-26,62828,1280363,31877,714978,4,181,419,7609,78,1104,500,8737,0,0,95209,52037.14,2004271,1995558,0
2021-02-27,51272,1331635,22746,737724,47,228,354,7963,53,1157,408,9145,0,0,74473,57270.43,2078744,2069624,0
2021-02-28,44563,1376198,13841,751565,7,235,206,8169,37,1194,243,9388,0,0,58654,62203.43,2137398,2128035,0
2021-03-01,39306,1415504,12784,764349,10,245,170,8339,24,1218,194,9582,0,0,52294,66097.57,2189692,2180135,0
2021-03-02,47074,1462578,12581,776930,7,252,158,8497,14,1232,172,9754,0,0,59834,68990.71,2249526,2239797,0
2021-03-03,48593,1511171,16154,793084,17,269,153,8650,21,1253,174,9928,0,0,64938,70123,2314464,2304561,0
2021-03-04,59805,1570976,22817,815901,1092,1361,275,8925,36,1289,312,10240,0,0,84026,69918.29,2398490,2388276,0
2021-03-05,60958,1631934,24288,840189,3107,4468,338,9263,36,1325,376,10616,0,0,88729,68992.57,2487219,2476631,0
2021-03-06,47155,1679089,18883,859072,5451,9919,246,9509,40,1365,286,10902,0,0,71775,68607.14,2558994,2548120,0
2021-03-07,36028,1715117,14879,873951,6243,16162,240,9749,21,1386,263,11165,0,0,57413,68429.86,2616407,2605272,0
2021-03-08,39611,1754728,14683,888634,8558,24720,318,10067,94,1480,417,11582,0,0,63269,69997.71,2679676,2668129,0
2021-03-09,39084,1793812,12856,901490,7758,32478,186,10253,36,1516,223,11805,0,0,59921,70010.14,2739597,2727828,0
2021-03-10,51814,1845626,15364,916854,5064,37542,228,10481,34,1550,264,12069,0,0,72506,71091.29,2812103,2800072,0
2021-03-11,59965,1905591,21826,938680,4619,42161,256,10737,48,1598,306,12375,0,0,86716,71475.57,2898819,2886484,0
2021-03-12,52184,1957775,30301,968981,4182,46343,388,11125,85,1683,473,12848,0,0,87140,71248.57,2985959,2973151,0
2021-03-13,40638,1998413,26685,995666,5110,51453,332,11457,55,1738,387,13235,0,0,72821,71398,3058780,3045585,0
2021-03-14,30703,2029116,15972,1011638,4524,55977,248,11705,27,1765,277,13512,0,0,51477,70550,3110257,3096787,0
2021-03-15,33669,2062785,17260,1028898,4707,60684,242,11947,33,1798,275,13787,0,0,55911,69498.86,3166168,3152423,0
2021-03-16,38661,2101446,20515,1049413,4925,65609,265,12212,37,1835,303,14090,0,0,64404,70139.29,3230572,3216525,0
2021-03-17,42603,2144049,24789,1074202,4244,69853,351,12563,40,1875,392,14482,0,0,72028,70071,3302600,3288162,0
2021-03-18,50417,2194466,26807,1101009,5231,75084,385,12948,62,1937,447,14929,0,0,82902,69526.14,3385502,3370617,0
2021-03-19,47771,2242237,29965,1130974,5624,80708,402,13350,73,2010,475,15404,0,0,83836,69054.14,3469338,3453978,0
2021-03-20,38696,2280933,25839,1156813,4683,85391,301,13651,60,2070,362,15766,0,0,69580,68591.14,3538918,3523197,0
2021-03-21,29288,2310221,19359,1176172,769,86160,229,13880,44,2114,274,16040,0,0,49690,68335.86,3588608,3572614,0
2021-03-22,33855,2344076,26744,1202916,4037,90197,266,14146,38,2152,305,16345,0,0,64942,69626,3653550,3637252,0
2021-03-23,38418,2382494,32849,1235765,4215,94412,301,14447,53,2205,358,16703,0,0,75840,71259.71,3729390,3712738,0
2021-03-24,41479,2423973,37614,1273379,4843,99255,338,14785,63,2268,404,17107,0,0,84340,73018.57,3813730,3796677,0
2021-03-25,43390,2467363,50787,1324166,5050,104305,489,15274,88,2356,581,17688,0,0,99808,75433.71,3913538,3895908,0
2021-03-26,38488,2505851,55498,1379664,4307,108612,545,15819,102,2458,651,18339,0,0,98944,77592,4012482,3994205,0
2021-03-27,35727,2541578,45742,1425406,2938,111550,432,16251,84,2542,517,18856,0,0,84924,79784,4097406,4078613,0
2021-03-28,26377,2567955,34455,1459861,1482,113032,341,16592,66,2608,411,19267,0,0,62725,81646.14,4160131,4140931,0
2021-03-29,34806,2602761,38860,1498721,3245,116277,359,16951,112,2720,472,19739,0,0,77383,83423.43,4237514,4217843,0
2021-03-30,40493,2643254,41923,1540644,3713,119990,348,17299,66,2786,415,20154,0,0,86544,84952.57,4324058,4303973,0
2021-03-31,49374,2692628,44875,1585519,7438,127428,417,17716,87,2873,504,20658,0,0,102191,87502.71,4426249,4405660,0
2021-04-01,50766,2743394,53952,1639471,11275,138703,504,18220,85,2958,593,21251,0,0,116586,89899.57,4542835,4521657,0
2021-04-02,43749,2787143,53875,1693346,11969,150672,558,18778,71,3029,634,21885,0,0,110227,91511.43,4653062,4631255,0
2021-04-03,39237,2826380,39214,1732560,9860,160532,342,19120,61,3090,404,22289,0,0,88715,92053,4741777,4719567,0
2021-04-04,26546,2852926,24785,1757345,3903,164435,228,19348,51,3141,279,22568,0,0,55513,91022.71,4797290,4774801,0
2021-04-05,41867,2894793,34482,1791827,11196,175631,385,19733,60,3201,446,23014,0,0,87991,92538.14,4885281,4862347,0
2021-04-06,53249,2948042,35615,1827442,13213,188844,443,20176,79,3280,523,23537,0,0,102600,94831.86,4987881,4964425,0
2021-04-07,55481,3003523,40704,1868146,14386,203230,414,20590,82,3362,498,24035,0,0,111069,96100.14,5098950,5074998,0
2021-04-08,59240,3062763,46589,1914735,16337,219567,534,21124,86,3448,621,24656,0,0,122787,96986,5221737,5197165,0
2021-04-09,56628,3119391,44957,1959692,17557,237124,533,21657,78,3526,616,25272,0,0,119758,98347.57,5341495,5316312,0
2021-04-10,49336,3168727,35641,1995333,12719,249843,400,22057,62,3588,466,25738,0,0,98162,99697.14,5439657,5414012,0
2021-04-11,38165,3206892,28827,2024160,7679,257522,296,22353,61,3649,358,26096,0,0,75029,102485.14,5514686,5488684,0
2021-04-12,46624,3253516,31839,2055999,13498,271020,474,22827,68,3717,542,26638,0,0,92503,103129.71,5607189,5580645,0
2021-04-13,52528,3306044,33797,2089796,369,271389,401,23228,64,3781,466,27104,0,0,87160,100924,5694349,5667340,0
2021-04-14,50120,3356164,39960,2129756,20,271409,370,23598,77,3858,448,27552,0,0,90548,97992.43,5784897,5757441,0
2021-04-15,52101,3408265,43686,2173442,16,271425,460,24058,107,3965,572,28124,0,0,96376,94219.43,5881273,5853250,0
2021-04-16,51176,3459441,42204,2215646,32,271457,443,24501,72,4037,518,28642,0,0,93930,90529.71,5975203,5946665,0
2021-04-17,43828,3503269,35693,2251339,3,271460,371,24872,84,4121,458,29100,0,0,79982,87932.57,6055185,6026192,0
2021-04-18,28597,3531866,29362,2280701,7,271467,264,25136,66,4187,331,29431,0,0,58297,85542.29,6113482,6084159,0
2021-04-19,37451,3569317,36455,2317156,22,271489,331,25467,67,4254,400,29831,0,0,74328,82945.86,6187810,6158089,0
2021-04-20,40802,3610119,39626,2356782,19,271508,320,25787,81,4335,402,30233,0,0,80849,82044.29,6268659,6238537,0
2021-04-21,38879,3648998,46024,2402806,16,271524,506,26293,97,4432,604,30837,0,0,85523,81326.43,6354182,6323457,0
2021-04-22,38480,3687478,48963,2451769,9,271533,349,26642,78,4510,429,31266,0,0,87882,80113,6442064,6410912,0
2021-04-23,39683,3727161,44385,2496154,3,271536,360,27002,74,4584,436,31702,0,0,84507,78766.86,6526571,6494985,0
2021-04-24,31927,3759088,41609,2537763,44,271580,282,27284,63,4647,345,32047,0,0,73925,77901.57,6600496,6568565,0
2021-04-25,18414,3777502,31219,2568982,87,271667,201,27485,62,4709,263,32310,0,0,49983,76713.86,6650479,6618285,0
2021-04-26,26960,3804462,40724,2609706,1012,272679,302,27787,91,4800,398,32708,0,0,69094,75966.14,6719573,6686986,0
2021-04-27,28559,3833021,47131,2656837,1699,274378,368,28155,96,4896,469,33177,0,0,77858,75538.86,6797431,6764380,0
2021-04-28,27015,3860036,56843,2713680,2144,276522,447,28602,100,4996,550,33727,0,0,86553,75686,6883984,6850386,0
2021-04-29,28588,3888624,57205,2770885,2149,278671,376,28978,100,5096,478,34205,0,0,88420,75762.86,6972404,6938330,0
2021-04-30,30108,3918732,51989,2822874,2059,280730,289,29267,76,5172,366,34571,0,0,84523,75765.14,7056927,7022488,0
2021-05-01,22474,3941206,44537,2867411,1177,281907,236,29503,65,5237,303,34874,0,0,68491,74988.86,7125418,7090678,0
2021-05-02,11917,3953123,36644,2904055,1081,282988,151,29654,56,5293,209,35083,0,0,49851,74970,7175269,7140322,0
2021-05-03,18009,3971132,53027,2957082,2381,285369,264,29918,92,5385,358,35441,0,0,73777,75639,7249046,7213743,0
2021-05-04,22731,3993863,56649,3013731,2331,287700,271,30189,115,5500,387,35828,0,0,82098,76244.71,7331144,7295455,0
2021-05-05,21476,4015339,48754,3062485,2313,290013,315,30504,105,5605,421,36249,0,0,72965,74303.57,7404109,7368000,0
2021-05-06,20670,4036009,50178,3112663,2508,292521,279,30783,90,5695,373,36622,0,0,73729,72204.86,7477838,7441360,0
2021-05-07,21236,4057245,52102,3164765,2812,295333,317,31100,80,5775,398,37020,0,0,76548,71065.57,7554386,7517511,0
2021-05-08,16625,4073870,41865,3206630,1835,297168,235,31335,72,5847,307,37327,0,0,60632,69942.86,7615018,7577836,0
2021-05-09,7968,4081838,29406,3236036,1260,298428,155,31490,57,5904,212,37539,0,0,38846,68370.71,7653864,7616470,0
2021-05-10,14376,4096214,38528,3274564,2356,300784,247,31737,92,5996,343,37882,0,0,55603,65774.43,7709467,7671734,0
2021-05-11,19897,4116111,43067,3317631,2513,303297,288,32025,88,6084,381,38263,0,0,65858,63454.43,7775325,7737216,0
2021-05-12,17815,4133926,40539,3358170,3595,306892,236,32261,80,6164,316,38579,0,0,62265,61925.86,7837590,7799165,0
2021-05-13,24960,4158886,40425,3398595,3229,310121,269,32530,79,6243,350,38929,0,0,68964,61245.14,7906554,7867781,0
2021-05-14,27009,4185895,42940,3441535,3536,313657,276,32806,96,6339,374,39303,0,0,73859,60861,7980413,7941268,0
2021-05-15,23638,4209533,34922,3476457,3364,317021,259,33065,76,6415,336,39639,0,0,62260,61093.57,8042673,8003193,0
2021-05-16,15520,4225053,19455,3495912,2496,319517,123,33188,47,6462,171,39810,0,0,37642,60921.57,8080315,8040665,0
2021-05-17,22666,4247719,29142,3525054,3253,322770,184,33372,72,6534,256,40066,0,0,55317,60880.71,8135632,8095726,0
2021-05-18,24619,4272338,31911,3556965,3404,326174,242,33614,78,6612,320,40386,0,0,60254,60080.14,8195886,8155660,0
2021-05-19,24178,4296516,29726,3586691,3041,329215,230,33844,49,6661,280,40666,0,0,57225,59360.14,8253111,8212606,0
2021-05-20,24138,4320654,30106,3616797,3163,332378,271,34115,88,6749,364,41030,0,0,57771,57761.14,8310882,8270018,0
2021-05-21,24669,4345323,32002,3648799,3057,335435,251,34366,61,6810,315,41345,0,0,60043,55787.43,8370925,8329749,0
2021-05-22,20014,4365337,24372,3673171,2523,337958,166,34532,49,6859,216,41561,0,0,47125,53625.29,8418050,8376659,0
2021-05-23,11227,4376564,13733,3686904,1411,339369,93,34625,32,6891,127,41688,0,0,26498,52033.29,8444548,8403032,0
2021-05-24,18862,4395426,23164,3710068,2757,342126,219,34844,55,6946,277,41965,0,0,45060,50568,8489608,8447818,0
2021-05-25,19423,4414849,23387,3733455,2602,344728,172,35016,59,7005,231,42196,0,0,45643,48480.71,8535251,8493230,0
2021-05-26,18777,4433626,21088,3754543,2697,347425,206,35222,48,7053,256,42452,0,0,42818,46422.57,8578069,8535794,0
2021-05-27,18456,4452082,21282,3775825,2531,349956,183,35405,60,7113,244,42696,0,0,42513,44242.86,8620582,8578064,0
2021-05-28,17853,4469935,22882,3798707,2751,352707,190,35595,58,7171,249,42945,0,0,43735,41913.14,8664317,8621551,0
2021-05-29,12702,4482637,17817,3816524,1755,354462,105,35700,39,7210,145,43090,0,0,32419,39812.29,8696736,8653826,0
2021-05-30,7025,4489662,8951,3825475,1074,355536,49,35749,17,7227,66,43156,0,0,17116,38472,8713852,8670876,0
2021-05-31,4740,4494402,6923,3832398,1012,356548,64,35813,17,7244,81,43237,0,0,12756,33857.14,8726608,8683551,0
2021-06-01,16049,4510451,25189,3857587,2177,358725,157,35970,42,7286,203,43440,0,0,43618,33567.86,8770226,8726970,0
2021-06-02,15350,4525801,20398,3877985,2095,360820,142,36112,47,7333,189,43629,0,0,38032,32884.14,8808258,8764813,0
2021-06-03,14998,4540799,23817,3901802,2280,363100,132,36244,44,7377,178,43807,0,0,41273,32707,8849531,8805910,0
2021-06-04,14710,4555509,26000,3927802,2492,365592,148,36392,42,7419,191,43998,0,0,43393,32658.14,8892924,8849113,0
2021-06-05,10982,4566491,22093,3949895,1806,367398,115,36507,29,7448,145,44143,0,0,35026,33030.57,8927950,8883995,0
2021-06-06,6444,4572935,14484,3964379,1222,368620,88,36595,13,7461,102,44245,0,0,22252,33764.29,8950202,8906146,0
2021-06-07,11695,4584630,21788,3986167,2378,370998,142,36737,37,7498,182,44427,0,0,36043,37091,8986245,8942010,0
2021-06-08,12626,4597256,24016,4010183,2071,373069,127,36864,48,7546,176,44603,0,0,38889,36415.43,9025134,8980724,0
2021-06-09,11129,4608385,23024,4033207,2299,375368,139,37003,40,7586,181,44784,0,0,36633,36215.57,9061767,9017178,0
2021-06-10,12054,4620439,22241,4055448,2462,377830,142,37145,60,7646,202,44986,0,0,36959,35599.29,9098726,9053935,0
2021-06-11,12698,4633137,25121,4080569,2483,380313,159,37304,62,7708,222,45208,0,0,40524,35189.43,9139250,9094238,0
2021-06-12,10159,4643296,19318,4099887,1888,382201,95,37399,43,7751,140,45348,0,0,31505,34686.43,9170755,9125605,0
2021-06-13,4254,4647550,10935,4110822,1219,383420,42,37441,21,7772,63,45411,0,0,16471,33860.57,9187226,9142013,0
2021-06-14,10203,4657753,19237,4130059,2042,385462,131,37572,53,7825,184,45595,0,0,31666,33235.29,9218892,9173495,0
2021-06-15,11880,4669633,21020,4151079,1943,387405,131,37703,41,7866,173,45768,0,0,35016,32682,9253908,9208339,0
2021-06-16,11580,4681213,19405,4170484,1956,389361,149,37852,74,7940,223,45991,0,0,33164,32186.43,9287072,9241280,0
2021-06-17,11019,4692232,18760,4189244,1973,391334,127,37979,35,7975,164,46155,0,0,31916,31466,9318988,9273034,0
2021-06-18,12167,4704399,18498,4207742,2115,393449,116,38095,36,8011,153,46308,0,0,32933,30381.57,9351921,9305815,0
2021-06-19,8492,4712891,13517,4221259,1459,394908,88,38183,21,8032,109,46417,0,0,23577,29249,9375498,9329283,0
2021-06-20,4334,4717225,7158,4228417,924,395832,37,38220,16,8048,53,46470,0,0,12469,28677.29,9387967,9341699,0
2021-06-21,10154,4727379,10014,4238431,1806,397638,70,38290,27,8075,98,46568,0,0,22072,27306.71,9410039,9363674,0
2021-06-22,9833,4737212,15646,4254077,1589,399227,105,38395,29,8104,134,46702,0,0,27202,26190.43,9437241,9390742,0
2021-06-23,10306,4747518,15190,4269267,1863,401090,102,38497,31,8135,134,46836,0,0,27493,25380.29,9464734,9418102,0
2021-06-24,9683,4757201,14700,4283967,1798,402888,123,38620,26,8161,151,46987,0,0,26332,24582.57,9491066,9444285,0
2021-06-25,10584,4767785,14387,4298354,1721,404609,116,38736,38,8199,154,47141,0,0,26846,23713,9517912,9470977,0
2021-06-26,7798,4775583,10463,4308817,1249,405858,79,38815,24,8223,104,47245,0,0,19614,23146.86,9537526,9490488,0
2021-06-27,4998,4780581,6002,4314819,795,406653,34,38849,14,8237,49,47294,0,0,11844,23057.57,9549370,9502284,0
2021-06-28,9032,4789613,10345,4325164,1526,408179,110,38959,26,8263,137,47431,0,0,21040,22910.14,9570410,9523188,0
2021-06-29,9731,4799344,12331,4337495,1347,409526,126,39085,32,8295,160,47591,0,0,23569,22391.14,9593979,9546599,0
2021-06-30,9428,4808772,10933,4348428,1486,411012,149,39234,17,8312,169,47760,0,0,22016,21608.71,9615995,9568449,0
2021-07-01,9395,4818167,10924,4359352,1434,412446,133,39367,25,8337,160,47920,0,0,21913,20977.43,9637908,9590204,0
2021-07-02,9688,4827855,11456,4370808,1541,413987,119,39486,21,8358,140,48060,0,0,22826,20403.14,9660734,9612890,0
2021-07-03,7055,4834910,8421,4379229,1192,415179,79,39565,17,8375,96,48156,0,0,16764,19996,9677498,9629558,0
2021-07-04,1288,4836198,1334,4380563,567,415746,10,39575,3,8378,13,48169,0,0,3202,18761.43,9680700,9632747,0
2021-07-05,6492,4842690,7109,4387672,1207,416953,66,39641,22,8400,88,48257,0,0,14896,17883.71,9695596,9647555,0
2021-07-06,9509,4852199,12852,4400524,1315,418268,117,39758,38,8438,156,48413,0,0,23832,17921.29,9719428,9671232,0
2021-07-07,8663,4860862,11111,4411635,1418,419686,126,39884,20,8458,146,48559,0,0,21338,17824.43,9740766,9692424,0
2021-07-08,8218,4869080,10194,4421829,1258,420944,108,39992,22,8480,132,48691,0,0,19802,17522.86,9760568,9712096,0
2021-07-09,8373,4877453,10832,4432661,1280,422224,90,40082,20,8500,110,48801,0,0,20595,17204.14,9781163,9732581,0
2021-07-10,7100,4884553,8635,4441296,1131,423355,65,40147,20,8520,86,48887,0,0,16952,17231,9798115,9749448,0
2021-07-11,4104,4888657,4539,4445835,701,424056,37,40184,6,8526,43,48930,0,0,9387,18114.57,9807502,9758792,0
2021-07-12,8445,4897102,9561,4455396,1251,425307,84,40268,23,8549,107,49037,0,0,19364,18752.86,9826866,9778049,0
2021-07-13,9460,4906562,9392,4464788,952,426259,110,40378,35,8584,147,49184,0,0,19951,18198.43,9846817,9797855,0
2021-07-14,8995,4915557,9533,4474321,1011,427270,108,40486,22,8606,134,49318,0,0,19673,17960.57,9866490,9817398,0
2021-07-15,8794,4924351,9155,4483476,1053,428323,81,40567,20,8626,102,49420,0,0,19104,17860.86,9885594,9836401,0
2021-07-16,9247,4933598,9760,4493236,981,429304,102,40669,29,8655,131,49551,0,0,20119,17792.86,9905713,9856389,0
2021-07-17,6839,4940437,7386,4500622,803,430107,80,40749,20,8675,100,49651,0,0,15128,17532.29,9920841,9871417,0
2021-07-18,4253,4944690,4285,4504907,575,430682,36,40785,14,8689,50,49701,0,0,9163,17500.29,9930004,9880530,0
2021-07-19,9120,4953810,8480,4513387,999,431681,91,40876,22,8711,114,49815,0,0,18713,17407.29,9948717,9899130,0
2021-07-20,10642,4964452,8759,4522146,991,432672,96,40972,26,8737,123,49938,0,0,20515,17487.86,9969232,9919523,0
2021-07-21,10055,4974507,8770,4530916,904,433576,149,41121,33,8770,182,50120,0,0,19911,17521.86,9989143,9939252,0
2021-07-22,10685,4985192,8584,4539500,1046,434622,146,41267,27,8797,174,50294,0,0,20489,17719.71,10009632,9959568,0
2021-07-23,11248,4996440,8883,4548383,1114,435736,138,41405,23,8820,163,50457,0,0,21408,17903.86,10031040,9980815,0
2021-07-24,7399,5003839,6739,4555122,670,436406,82,41487,26,8846,109,50566,0,0,14917,17873.71,10045957,9995624,0
2021-07-25,5472,5009311,2129,4557251,509,436915,58,41545,4,8850,62,50628,0,0,8172,17732.14,10054129,10003734,0
2021-07-26,10868,5020179,7006,4564257,859,437774,111,41656,20,8870,131,50759,0,0,18864,17753.71,10072993,10022467,0
2021-07-27,12065,5032244,8572,4572829,857,438631,136,41792,40,8910,177,50936,0,0,21671,17918.86,10094664,10043962,0
2021-07-28,12010,5044254,8054,4580883,950,439581,135,41927,28,8938,164,51100,0,0,21178,18099.86,10115842,10064977,0
2021-07-29,10931,5055185,7433,4588316,983,440564,134,42061,41,8979,179,51279,0,0,19526,17962.29,10135368,10084328,0
2021-07-30,14951,5070136,8015,4596331,1151,441715,186,42247,31,9010,219,51498,0,0,24336,18380.57,10159704,10108447,0
2021-07-31,9719,5079855,6321,4602652,815,442530,122,42369,20,9030,143,51641,0,0,16998,18677.86,10176702,10125303,0
2021-08-01,6498,5086353,3314,4605966,564,443094,81,42450,21,9051,102,51743,0,0,10478,19007.29,10187180,10135679,0
2021-08-02,13446,5099799,7153,4613119,846,443940,150,42600,19,9070,169,51912,0,0,21614,19400.14,10208794,10157124,0
2021-08-03,15406,5115205,8392,4621511,1109,445049,144,42744,39,9109,184,52096,0,0,25091,19888.71,10233885,10182032,0
2021-08-04,17261,5132466,8128,4629639,1454,446503,183,42927,36,9145,219,52315,0,0,27062,20729.29,10260947,10208875,0
2021-08-05,17885,5150351,7932,4637571,1371,447874,159,43086,21,9166,180,52495,0,0,27368,21849.57,10288315,10236063,0
2021-08-06,18176,5168527,8417,4645988,1231,449105,169,43255,32,9198,201,52696,0,0,28025,22376.57,10316340,10263887,0
2021-08-07,13378,5181905,6020,4652008,799,449904,101,43356,28,9226,129,52825,0,0,20326,22852,10336666,10284084,0
2021-08-08,9308,5191213,3834,4655842,400,450304,84,43440,10,9236,94,52919,0,0,13636,23303.14,10350302,10297626,0
2021-08-09,21341,5212554,8527,4664369,965,451269,173,43613,34,9270,208,53127,0,0,31041,24649.86,10381343,10328460,0
2021-08-10,18946,5231500,9332,4673701,946,452215,180,43793,33,9303,214,53341,0,0,29438,25270.86,10410781,10357685,0
2021-08-11,15641,5247141,8313,4682014,853,453068,130,43923,45,9348,176,53517,0,0,24983,24973.86,10435764,10382493,0
2021-08-12,15051,5262192,8989,4691003,942,454010,177,44100,35,9383,214,53731,0,0,25196,24663.57,10460960,10407477,0
2021-08-13,14918,5277110,9293,4700296,919,454929,245,44345,38,9421,284,54015,0,0,25415,24290.71,10486375,10432609,0
2021-08-14,10394,5287504,6410,4706706,625,455554,534,44879,41,9462,578,54593,0,0,18007,23959.43,10504382,10450041,0
2021-08-15,6689,5294193,4483,4711189,676,456230,567,45446,33,9495,604,55197,0,0,12452,23790.29,10516834,10461893,0
2021-08-16,15707,5309900,9306,4720495,1150,457380,1328,46774,66,9561,1399,56596,0,0,27562,23293.29,10544396,10488061,0
2021-08-17,17759,5327659,10459,4730954,1229,458609,1774,48548,85,9646,1873,58469,0,0,31320,23562.14,10575716,10517522,0
2021-08-18,17483,5345142,10379,4741333,1260,459869,2001,50549,91,9737,2103,60572,0,0,31225,24453.86,10606941,10546655,0
2021-08-19,16285,5361427,9529,4750862,1315,461184,1960,52509,68,9805,2041,62613,0,0,29170,25021.57,10636111,10573797,0
2021-08-20,16266,5377693,11540,4762402,1253,462437,1868,54377,86,9891,1968,64581,0,0,31027,25823.29,10667138,10602870,0
2021-08-21,11141,5388834,8040,4770442,878,463315,1067,55444,53,9944,1127,65708,0,0,21186,26277.43,10688324,10622936,0
2021-08-22,4077,5392911,3902,4774344,261,463576,518,55962,35,9979,557,66265,0,0,8797,25755.29,10697121,10631180,0
2021-08-23,15573,5408484,11811,4786155,1022,464598,1550,57512,77,10056,1640,67905,0,0,30047,26110.29,10727168,10659600,0
2021-08-24,16911,5425395,12595,4798750,1007,465605,1777,59289,81,10137,1866,69771,0,0,32379,26261.57,10759547,10690121,0
2021-08-25,14564,5439959,12456,4811206,1112,466717,1566,60855,80,10217,1661,71432,0,0,29793,26057,10789340,10718268,0
2021-08-26,16142,5456101,14100,4825306,1071,467788,1780,62635,68,10285,1860,73292,0,0,33173,26628.86,10822513,10749593,0
2021-08-27,14871,5470972,14829,4840135,971,468759,1674,64309,75,10360,1757,75049,0,0,32428,26829,10854941,10780272,0
2021-08-28,10675,5481647,11523,4851658,835,469594,1018,65327,45,10405,1064,76113,0,0,24097,27244.86,10879038,10803306,0
2021-08-29,7209,5488856,7498,4859156,541,470135,782,66109,58,10463,849,76962,0,0,16097,28287.71,10895135,10818563,0
2021-08-30,15515,5504371,16925,4876081,1076,471211,1795,67904,94,10557,1897,78859,0,0,35413,29054.29,10930548,10852087,0
2021-08-31,15502,5519873,15961,4892042,951,472162,1981,69885,89,10646,2080,80939,0,0,34494,29356.43,10965042,10884511,0
2021-09-01,14827,5534700,14111,4906153,1020,473182,1812,71697,63,10709,1885,82824,0,0,31843,29649.29,10996885,10914479,0
2021-09-02,14310,5549010,12525,4918678,896,474078,1715,73412,64,10773,1795,84619,0,0,29526,29128.29,11026411,10942226,0
2021-09-03,14999,5564009,14313,4932991,974,475052,1900,75312,72,10845,1978,86597,0,0,32264,29104.86,11058675,10972518,0
2021-09-04,9644,5573653,9405,4942396,688,475740,977,76289,35,10880,1017,87614,0,0,20754,28627.29,11079429,10992260,0
2021-09-05,6795,5580448,5513,4947909,438,476178,717,77006,17,10897,735,88349,0,0,13481,28253.57,11092910,11005007,0
2021-09-06,5195,5585643,4511,4952420,358,476536,273,77279,11,10908,286,88635,0,0,10350,24673.14,11103260,11015073,0
2021-09-07,15569,5601212,17701,4970121,912,477448,1559,78838,92,11000,1659,90294,0,0,35841,24865.57,11139101,11049263,0
2021-09-08,16149,5617361,14830,4984951,1070,478518,1781,80619,84,11084,1877,92171,0,0,33926,25163.14,11173027,11081324,0
2021-09-09,16095,5633456,14756,4999707,1047,479565,1923,82542,75,11159,2009,94180,0,0,33907,25789,11206934,11113233,0
2021-09-10,18354,5651810,15400,5015107,1207,480772,1979,84521,83,11242,2069,96249,0,0,37030,26469.86,11243964,11148201,0
2021-09-11,12630,5664440,10350,5025457,958,481730,1031,85552,49,11291,1086,97335,0,0,25024,27079.86,11268988,11172145,0
2021-09-12,8534,5672974,5052,5030509,765,482495,694,86246,31,11322,726,98061,0,0,15077,27307.86,11284065,11186497,0
2021-09-13,16919,5689893,12966,5043475,976,483471,1660,87906,53,11375,1723,99784,0,0,32584,30484.14,11316649,11217368,0
2021-09-14,16264,5706157,13677,5057152,885,484356,1601,89507,57,11432,1670,101454,0,0,32496,30006.29,11349145,11248206,0
2021-09-15,15517,5721674,12890,5070042,727,485083,1577,91084,82,11514,1668,103122,0,0,30802,29560,11379947,11277349,0
2021-09-16,15330,5737004,13913,5083955,1210,486293,1469,92553,69,11583,1544,104666,0,0,31997,29287.14,11411944,11307808,0
2021-09-17,14427,5751431,13956,5097911,922,487215,1844,94397,58,11641,1904,106570,0,0,31209,28455.57,11443153,11337115,0
2021-09-18,9990,5761421,10187,5108098,913,488128,1052,95449,42,11683,1098,107668,0,0,22188,28050.43,11465341,11358209,0
2021-09-19,6170,5767591,6077,5114175,558,488686,748,96197,28,11711,781,108449,0,0,13586,27837.43,11478927,11371019,0
2021-09-20,12664,5780255,12633,5126808,1068,489754,1925,98122,63,11774,1997,110446,0,0,28362,27234.29,11507289,11397393,0
2021-09-21,12216,5792471,12772,5139580,1108,490862,2035,100157,79,11853,2129,112575,0,0,28225,26624.14,11535514,11423504,0
2021-09-22,12818,5805289,12004,5151584,1090,491952,1691,101848,69,11922,1766,114341,0,0,27678,26177.86,11563192,11449422,0
2021-09-23,14920,5820209,12765,5164349,1639,493591,2274,104122,74,11996,2356,116697,0,0,31680,26132.57,11594872,11478754,0
2021-09-24,16464,5836673,13369,5177718,1636,495227,4627,108749,126,12122,4772,121469,0,0,36241,26851.43,11631113,11510242,0
2021-09-25,10524,5847197,9028,5186746,1017,496244,3463,112212,83,12205,3562,125031,0,0,24131,27129,11655244,11530827,0
2021-09-26,6290,5853487,5767,5192513,773,497017,2423,114635,62,12267,2496,127527,0,0,15326,27377.57,11670570,11543668,0
2021-09-27,14134,5867621,8063,5200576,1155,498172,9082,123717,162,12429,9294,136821,0,0,32647,27989.71,11703217,11567071,0
2021-09-28,11108,5878729,11787,5212363,901,499073,9937,133654,181,12610,10156,146977,0,0,33952,28807.86,11737169,11590905,0
2021-09-29,11595,5890324,12194,5224557,1205,500278,9461,143115,171,12781,9666,156643,0,0,34661,29805.43,11771830,11615934,0
2021-09-30,12212,5902536,12611,5237168,1338,501616,9767,152882,178,12959,9979,166622,0,0,36140,30442.57,11807970,11642129,0
2021-10-01,12622,5915158,13430,5250598,1284,502900,10289,163171,151,13110,10476,177098,0,0,37812,30667,11845782,11669501,0
2021-10-02,7719,5922877,9979,5260577,865,503765,4247,167418,80,13190,4351,181449,0,0,22914,30493.14,11868696,11688088,0
2021-10-03,5057,5927934,6159,5266736,593,504358,2623,170041,59,13249,2692,184141,1,1,14502,30375.43,11883198,11699907,0
2021-10-04,9900,5937834,11018,5277754,914,505272,9539,179580,148,13397,9724,193865,0,1,31556,30219.57,11914754,11721776,0
2021-10-05,10135,5947969,11735,5289489,972,506244,9963,189543,178,13575,10183,204048,1,2,33026,30087.29,11947780,11744660,0
2021-10-06,9872,5957841,11051,5300540,937,507181,9950,199493,160,13735,10145,214193,0,2,32005,29707.86,11979785,11766555,0
2021-10-07,9596,5967437,12158,5312698,850,508031,10188,209681,173,13908,10394,224587,0,2,32998,29259,12012783,11789192,0
2021-10-08,9428,5976865,12185,5324883,941,508972,10920,220601,166,14074,11125,235712,0,2,33679,28668.57,12046462,11811785,0
2021-10-09,6231,5983096,8238,5333121,643,509615,4130,224731,89,14163,4235,239947,0,2,19347,28159,12065809,11826913,0
2021-10-10,3529,5986625,5029,5338150,458,510073,2440,227171,47,14210,2495,242442,0,2,11511,27731.71,12077320,11835937,0
2021-10-11,7596,5994221,9338,5347488,728,510801,8904,236075,165,14375,9092,251534,0,2,26754,27045.71,12104074,11853622,0
2021-10-12,8055,6002276,10994,5358482,891,511692,10530,246605,186,14561,10757,262291,0,2,30697,26713,12134771,11873603,0
2021-10-13,7134,6009410,10147,5368629,869,512561,8810,255415,183,14744,9023,271314,0,2,27173,26022.71,12161944,11891783,0
2021-10-14,7409,6016819,11122,5379751,837,513398,10131,265546,164,14908,10334,281648,0,2,29702,25551.86,12191646,11911190,0
2021-10-15,7705,6024524,11857,5391608,823,514221,10858,276404,177,15085,11069,292717,0,2,31454,25234,12223100,11931609,0
2021-10-16,4857,6029381,7466,5399074,665,514886,3851,280255,66,15151,3929,296646,0,2,16917,24886.86,12240017,11944609,0
2021-10-17,3050,6032431,4473,5403547,411,515297,2458,282713,43,15194,2508,299154,0,2,10442,24734.14,12250459,11952550,0
2021-10-18,7017,6039448,10670,5414217,797,516094,9499,292212,187,15381,9720,308874,0,2,28204,24941.29,12278663,11971068,0
2021-10-19,6551,6045999,8945,5423162,803,516897,9106,301318,176,15557,9322,318196,1,3,25622,24216.29,12304285,11987407,0
2021-10-20,6519,6052518,9370,5432532,975,517872,10003,311321,180,15737,10221,328417,3,6,27087,24204,12331372,12004308,0
2021-10-21,7012,6059530,9386,5441918,858,518730,10862,322183,159,15896,11055,339472,1,7,28312,24005.43,12359684,12021598,0
2021-10-22,8090,6067620,10342,5452260,1026,519756,16372,338555,220,16116,16647,356119,0,7,36105,24669.86,12395789,12041111,0
2021-10-23,5152,6072772,6457,5458717,690,520446,9134,347689,118,16234,9272,365391,0,7,21571,25334.71,12417360,12053430,0
2021-10-24,3251,6076023,3965,5462682,769,521215,6176,353865,80,16314,6280,371671,1,8,14266,25881,12431626,12061439,0
2021-10-25,8750,6084773,8744,5471426,1152,522367,19287,373152,301,16615,19656,391327,0,8,38302,27323.57,12469928,12080153,0
2021-10-26,8158,6092931,7722,5479148,1258,523625,17314,390466,276,16891,17661,408988,0,8,34799,28634.57,12504727,12097362,0
2021-10-27,10507,6103438,8395,5487543,1605,525230,20894,411360,326,17217,21288,430276,0,8,41795,30735.71,12546522,12117937,0
2021-10-28,11268,6114706,8029,5495572,1794,527024,20892,432252,328,17545,21287,451563,0,8,42378,32745.14,12588900,12139095,0
2021-10-29,11814,6126520,8229,5503801,1968,528992,22575,454827,348,17893,22995,474558,1,9,45008,34017,12633908,12161179,0
2021-10-30,4604,6131124,5064,5508865,932,529924,11193,466020,169,18062,11400,485958,0,9,22000,34078.29,12655908,12171817,0
2021-10-31,2646,6133770,2700,5511565,544,530468,6651,472671,104,18166,6778,492736,1,10,12668,33850,12668576,12177729,0
2021-11-01,7080,6140850,6955,5518520,1085,531553,20432,493103,333,18499,20821,513557,1,11,35942,33512.86,12704518,12192905,0
2021-11-02,6530,6147380,6586,5525106,1055,532608,20820,513923,280,18779,21174,534731,0,11,35345,33590.86,12739863,12207150,0
2021-11-03,6802,6154182,6682,5531788,1026,533634,20671,534594,314,19093,21060,555791,0,11,35572,32701.86,12775435,12221737,0
2021-11-04,9263,6163445,6278,5538066,994,534628,22413,557007,346,19439,22843,578634,0,11,39378,32273.29,12814813,12238356,0
2021-11-05,11006,6174451,6718,5544784,1051,535679,23805,580812,357,19796,24242,602876,0,11,43017,31988.86,12857830,12257211,0
2021-11-06,11105,6185556,4049,5548833,594,536273,12614,593426,173,19969,12824,615700,0,11,28572,32927.71,12886402,12272996,0
2021-11-07,7231,6192787,2286,5551119,577,536850,7120,600546,98,20067,7233,622933,0,11,17327,33593.29,12903729,12283105,0
2021-11-08,15026,6207813,5675,5556794,863,537713,19542,620088,286,20353,19893,642826,1,12,41458,34381.29,12945187,12304734,0
2021-11-09,16110,6223923,5386,5562180,659,538372,20558,640646,277,20630,20915,663741,0,12,43070,35484.86,12988257,12326969,0
2021-11-10,16875,6240798,5321,5567501,681,539053,22705,663351,292,20922,23066,686807,0,12,45943,36966.43,13034200,12349915,0
2021-11-11,12508,6253306,5180,5572681,760,539813,22143,685494,289,21211,22504,709311,0,12,40952,37191.29,13075152,12368435,0
2021-11-12,16911,6270217,5686,5578367,705,540518,23470,708964,360,21571,23908,733219,1,13,47211,37790.43,13122363,12391815,0
2021-11-13,9904,6280121,3662,5582029,464,540982,13364,722328,184,21755,13591,746810,0,13,27621,37654.57,13149984,12405888,0
2021-11-14,5985,6286106,2286,5584315,324,541306,7953,730281,80,21835,8054,754864,1,14,16650,37557.86,13166634,12414504,0
2021-11-15,13184,6299290,5975,5590290,691,541997,25166,755447,367,22202,25613,780477,0,14,45463,38130,13212097,12434434,0
2021-11-16,9898,6309188,5780,5596070,653,542650,30727,786174,438,22640,31241,811718,0,14,47573,38773.29,13259670,12450842,0
2021-11-17,10228,6319416,6667,5602737,681,543331,31506,817680,422,23062,32016,843734,0,14,49592,39294.57,13309262,12468506,0
2021-11-18,10650,6330066,6531,5609268,855,544186,33096,850776,463,23525,33653,877387,0,14,51689,40828.43,13360951,12486636,0
2021-11-19,11918,6341984,6548,5615816,710,544896,36346,887122,466,23991,36902,914289,0,14,56078,42095.14,13417029,12505902,0
2021-11-20,9267,6351251,3415,5619231,513,545409,22574,909696,260,24251,22885,937174,0,14,36080,43303.57,13453109,12519148,0
2021-11-21,4905,6356156,1886,5621117,288,545697,13242,922938,154,24405,13421,950595,1,15,20501,43853.71,13473610,12526252,0
2021-11-22,10338,6366494,5782,5626899,750,546447,36018,958956,444,24849,36553,987148,0,15,53424,44991,13527034,12543214,0
2021-11-23,9712,6376206,4783,5631682,633,547080,33602,992558,379,25228,34053,1021201,0,15,49182,45220.86,13576216,12558415,0
2021-11-24,8626,6384832,4748,5636430,648,547728,25998,1018556,286,25514,26355,1047556,1,16,40378,43904.57,13616594,12572508,0
2021-11-25,447,6385279,328,5636758,80,547808,1003,1019559,9,25523,1012,1048568,0,16,1867,36787.14,13618461,12573363,0
2021-11-26,8006,6393285,6989,5643747,528,548336,26638,1046197,309,25832,27003,1075571,0,16,42526,34851.14,13660987,12588942,0
2021-11-27,6637,6399922,6832,5650579,370,548706,18894,1065091,225,26057,19155,1094726,0,16,32995,34410.43,13693982,12602818,0
2021-11-28,4038,6403960,5789,5656368,281,548987,11935,1077026,123,26180,12077,1106803,0,16,22185,34651,13716167,12612945,0
2021-11-29,9018,6412978,11009,5667377,684,549671,35147,1112173,449,26629,35672,1142475,1,17,56384,35073.86,13772551,12633732,0
2021-11-30,10419,6423397,11444,5678821,512,550183,37886,1150059,497,27126,38497,1180972,0,17,60872,36743.86,13833423,12656221,0
2021-12-01,11086,6434483,10984,5689805,724,550907,40465,1190524,440,27566,41004,1221976,0,17,63799,40089.71,13897222,12679115,0
2021-12-02,11574,6446057,11043,5700848,624,551531,42278,1232802,455,28021,42830,1264806,0,17,66071,49261.71,13963293,12702453,0
2021-12-03,13377,6459434,12904,5713752,666,552197,48081,1280883,523,28544,48707,1313513,1,18,75655,53994.43,14038948,12729503,0
2021-12-04,9768,6469202,11294,5725046,564,552761,30761,1311644,308,28852,31124,1344637,0,18,52750,56816.57,14091698,12751184,0
2021-12-05,5707,6474909,5704,5730750,270,553031,16707,1328351,130,28982,16871,1361508,0,18,28552,57726.14,14120250,12762899,0
2021-12-06,12248,6487157,9983,5740733,599,553630,43382,1371733,454,29436,43927,1405435,0,18,66757,59208,14187007,12785820,0
2021-12-07,12497,6499654,9258,5749991,623,554253,43170,1414903,511,29947,43768,1449203,0,18,66146,59961.43,14253153,12808285,0
2021-12-08,13442,6513096,8778,5758769,555,554808,40913,1455816,480,30427,41471,1490674,0,18,64246,60025.29,14317399,12831138,0
2021-12-09,13398,6526494,8759,5767528,551,555359,40943,1496759,497,30924,41537,1532211,0,18,64245,59764.43,14381644,12853943,0
2021-12-10,13947,6540441,10152,5777680,668,556027,43788,1540547,505,31429,44383,1576594,0,18,69150,58835.14,14450794,12878800,0
2021-12-11,10208,6550649,8128,5785808,405,556432,26763,1567310,285,31714,27097,1603691,0,18,45839,57847.86,14496633,12897591,0
2021-12-12,5982,6556631,3857,5789665,287,556719,15197,1582507,138,31852,15359,1619050,0,18,25485,57409.71,14522118,12907741,0
2021-12-13,12132,6568763,7431,5797096,655,557374,38014,1620521,403,32255,38499,1657549,0,18,58717,56261.14,14580835,12928041,0
2021-12-14,12163,6580926,6949,5804045,730,558104,38264,1658785,441,32696,38772,1696321,0,18,58614,55185.14,14639449,12947950,0
2021-12-15,12012,6592938,6245,5810290,756,558860,38260,1697045,493,33189,38833,1735154,0,18,57847,54271,14697296,12967044,0
2021-12-16,13100,6606038,4269,5814559,738,559598,41227,1738272,466,33655,41766,1776920,0,18,59873,53646.43,14757169,12985224,0
2021-12-17,15864,6621902,6942,5821501,618,560216,46923,1785195,480,34135,47499,1824419,0,18,70923,53899.71,14828092,13008744,0
2021-12-18,12953,6634855,5722,5827223,432,560648,30678,1815873,277,34412,31012,1855431,2,20,50120,54511.29,14878212,13027907,0
2021-12-19,6974,6641829,2994,5830217,326,560974,18049,1833922,175,34587,18255,1873686,0,20,28549,54949,14906761,13038232,0
2021-12-20,16752,6658581,5859,5836076,745,561719,47613,1881535,573,35160,48265,1921951,0,20,71621,56792.43,14978382,13061667,0
2021-12-21,17881,6676462,6578,5842654,805,562524,49031,1930566,594,35754,49704,1971655,0,20,74968,59128.71,15053350,13087010,0
2021-12-22,18490,6694952,6553,5849207,938,563462,49830,1980396,537,36291,50446,2022101,1,21,76428,61783.14,15129778,13113070,0
2021-12-23,18960,6713912,6487,5855694,930,564392,45990,2026386,530,36821,46585,2068686,0,21,72962,63653,15202740,13139512,0
2021-12-24,9190,6723102,2952,5858646,598,564990,20648,2047034,213,37034,20893,2089579,0,21,33633,58325.86,15236373,13152284,0
2021-12-25,344,6723446,63,5858709,31,565021,427,2047461,8,37042,436,2090015,0,21,874,51290.71,15237247,13152723,0
2021-12-26,7927,6731373,3930,5862639,341,565362,17310,2064771,177,37219,17519,2107534,0,21,29717,51457.57,15266964,13164953,0
2021-12-27,21704,6753077,9203,5871842,932,566294,43546,2108317,559,37778,44180,2151714,0,21,76019,52085.86,15342983,13196867,0
2021-12-28,20063,6773140,8340,5880182,702,566996,47677,2155994,623,38401,48388,2200102,0,21,77493,52446.57,15420476,13226060,0
2021-12-29,18433,6791573,7669,5887851,606,567602,45662,2201656,492,38893,46228,2246330,0,21,72936,51947.71,15493412,13252842,0
2021-12-30,16830,6808403,7431,5895282,588,568190,44922,2246578,591,39484,45599,2291929,0,21,70448,51588.57,15563860,13277777,0
2021-12-31,5343,6813746,2810,5898092,192,568382,14789,2261367,187,39671,14998,2306927,0,21,23343,50118.57,15587203,13286144,0
2022-01-01,244,6813990,147,5898239,12,568394,502,2261869,22,39693,528,2307455,0,21,931,50126.71,15588134,13286551,0
2022-01-02,6412,6820402,5020,5903259,153,568547,10999,2272868,112,39805,11127,2318582,0,21,22712,49126,15610846,13298152,0
2022-01-03,14096,6834498,8510,5911769,515,569062,27015,2299883,344,40149,27403,2345985,2,23,50526,45484.14,15661372,13321317,0
2022-01-04,12795,6847293,8130,5919899,415,569477,27296,2327179,369,40518,27722,2373707,77,100,49126,41431.71,15710498,13342701,0
2022-01-05,11287,6858580,7023,5926922,384,569861,26034,2353213,314,40832,26388,2400095,0,100,45082,37452.57,15755580,13361435,0
2022-01-06,11319,6869899,7395,5934317,485,570346,27665,2380878,352,41184,28069,2428164,2,102,47269,34141.29,15802849,13380685,0
2022-01-07,10126,6880025,8458,5942775,339,570685,25230,2406108,329,41513,25593,2453757,0,102,44517,37166.14,15847366,13399643,0
2022-01-08,7654,6887679,8595,5951370,311,570996,19624,2425732,187,41700,19828,2473585,0,102,36389,42231.57,15883755,13416221,0
2022-01-09,4110,6891789,3845,5955215,214,571210,10078,2435810,97,41797,10186,2483771,1,103,18356,41609.29,15902111,13424401,0
2022-01-10,10145,6901934,8196,5963411,490,571700,24634,2460444,308,42105,24993,2508764,1,104,43824,40651.86,15945935,13443282,0
2022-01-11,8843,6910777,7992,5971403,521,572221,21066,2481510,293,42398,21403,2530167,0,104,38761,39171.14,15984696,13460684,0
2022-01-12,8902,6919679,8329,5979732,428,572649,22395,2503905,289,42687,22719,2552886,1,105,40379,38499.29,16025075,13478378,0
2022-01-13,8998,6928677,8869,5988601,451,573100,22939,2526844,324,43011,23298,2576184,0,105,41617,37691.86,16066692,13496732,0
2022-01-14,10068,6938745,8123,5996724,475,573575,26473,2553317,337,43348,26852,2603036,0,105,45518,37834.86,16112210,13515440,0
2022-01-15,6186,6944931,4311,6001035,179,573754,15162,2568479,181,43529,15365,2618401,0,105,26041,36356.57,16138251,13526138,0
2022-01-16,2901,6947832,3248,6004283,95,573849,7838,2576317,86,43615,7933,2626334,0,105,14177,35759.57,16152428,13532391,0
2022-01-17,6038,6953870,6752,6011035,363,574212,14713,2591030,223,43838,14953,2641287,0,105,28106,33514.14,16180534,13545561,0
2022-01-18,8128,6961998,10323,6021358,394,574606,19704,2610734,322,44160,20055,2661342,0,105,38900,33534,16219434,13564435,0
2022-01-19,7425,6969423,9256,6030614,303,574909,17740,2628474,281,44441,18054,2679396,0,105,35039,32771.14,16254473,13581453,0
2022-01-20,6240,6975663,8563,6039177,305,575214,15293,2643767,251,44692,15570,2694966,0,105,30678,31208.43,16285151,13596587,0
2022-01-21,7531,6983194,7515,6046692,276,575490,18535,2662302,290,44982,18849,2713815,0,105,34171,29587.43,16319322,13611933,0
2022-01-22,5173,6988367,4936,6051628,131,575621,11340,2673642,128,45110,11492,2725307,0,105,21732,28971.86,16341054,13622197,0
2022-01-23,2790,6991157,3330,6054958,97,575718,6247,2679889,77,45187,6332,2731639,0,105,12549,28739.29,16353603,13628422,0
2022-01-24,6339,6997496,8207,6063165,262,575980,15089,2694978,245,45432,15361,2747000,0,105,30169,29034,16383772,13643257,0
2022-01-25,6154,7003650,7950,6071115,231,576211,14724,2709702,263,45695,15018,2762018,0,105,29353,27670.14,16413125,13657623,0
2022-01-26,5728,7009378,7180,6078295,289,576500,14033,2723735,214,45909,14274,2776292,0,105,27471,26589,16440596,13670847,0
2022-01-27,5234,7014612,7094,6085389,320,576820,14106,2737841,236,46145,14381,2790673,0,105,27029,26067.71,16467625,13683534,0
2022-01-28,6226,7020838,7884,6093273,205,577025,16147,2753988,240,46385,16410,2807083,0,105,30725,25575.43,16498350,13697872,0
2022-01-29,837,7021675,729,6094002,28,577053,2541,2756529,40,46425,2584,2809667,0,105,4178,23067.71,16502528,13699469,0
2022-01-30,2079,7023754,3025,6097027,103,577156,4551,2761080,62,46487,4616,2814283,0,105,9823,22678.29,16512351,13704679,0
2022-01-31,4984,7028738,6595,6103622,219,577375,11407,2772487,200,46687,11624,2825907,0,105,23422,21714.43,16535773,13716494,0
2022-02-01,4807,7033545,6450,6110072,220,577595,10730,2783217,221,46908,10969,2836876,0,105,22446,20727.71,16558219,13727989,0
2022-02-02,4250,7037795,5940,6116012,212,577807,11254,2794471,245,47153,11517,2848393,0,105,21919,19934.57,16580138,13738409,0
2022-02-03,4207,7042002,5817,6121829,216,578023,11234,2805705,203,47356,11462,2859855,0,105,21702,19173.57,16601840,13748674,0
2022-02-04,4741,7046743,7118,6128947,214,578237,13240,2818945,239,47595,13503,2873358,0,105,25576,18438,16627416,13760771,0
2022-02-05,3560,7050303,6052,6134999,110,578347,8589,2827534,156,47751,8760,2882118,0,105,18482,20481.43,16645898,13770508,0
2022-02-06,2056,7052359,2138,6137137,120,578467,4645,2832179,104,47855,4753,2886871,0,105,9068,20373.57,16654966,13774827,0
2022-02-07,4130,7056489,4743,6141880,205,578672,10144,2842323,237,48092,10406,2897277,0,105,19484,19811,16674450,13783930,0
2022-02-08,4199,7060688,5611,6147491,214,578886,11344,2853667,309,48401,11678,2908955,0,105,21702,19704.71,16696152,13793979,0
2022-02-09,4114,7064802,5404,6152895,222,579108,11679,2865346,258,48659,11961,2920916,0,105,21701,19673.57,16717853,13803743,0
2022-02-10,3971,7068773,5127,6158022,243,579351,12204,2877550,293,48952,12525,2933441,0,105,21866,19697,16739719,13813112,0
2022-02-11,4496,7073269,5812,6163834,195,579546,13743,2891293,326,49278,14100,2947541,0,105,24603,19558,16764322,13823646,0
2022-02-12,3245,7076514,4342,6168176,97,579643,8820,2900113,215,49493,9046,2956587,0,105,16730,19307.71,16781052,13831341,0
2022-02-13,1511,7078025,1543,6169719,41,579684,4889,2905002,112,49605,5006,2961593,0,105,8101,19169.57,16789153,13834441,0
2022-02-14,2971,7080996,3624,6173343,167,579851,10587,2915589,326,49931,10939,2972532,0,105,17701,18914.86,16806854,13841229,0
2022-02-15,3526,7084522,4080,6177423,174,580025,12801,2928390,286,50217,13103,2985635,0,105,20883,18797.86,16827737,13849025,0
2022-02-16,3628,7088150,3909,6181332,199,580224,15754,2944144,296,50513,16085,3001720,0,105,23821,19100.71,16851558,13856796,0
2022-02-17,4081,7092231,4081,6185413,161,580385,18362,2962506,365,50878,18757,3020477,0,105,27080,19845.57,16878638,13865149,0
2022-02-18,4437,7096668,4788,6190201,191,580576,21561,2984067,459,51337,22042,3042519,0,105,31458,20824.86,16910096,13874587,0
2022-02-19,3242,7099910,2183,6192384,65,580641,11192,2995259,218,51555,11421,3053940,0,105,16911,20850.71,16927007,13880088,0
2022-02-20,1844,7101754,1445,6193829,59,580700,6597,3001856,115,51670,6719,3060659,0,105,10067,21131.57,16937074,13883443,0
2022-02-21,3077,7104831,2695,6196524,95,580795,8357,3010213,234,51904,8604,3069263,0,105,14471,20670.14,16951545,13889323,0
2022-02-22,4364,7109195,4258,6200782,174,580969,10842,3021055,255,52159,11112,3080375,0,105,19908,20530.86,16971453,13898134,0
2022-02-23,4241,7113436,3794,6204576,145,581114,10680,3031735,242,52401,10938,3091313,0,105,19118,19859,16990571,13906330,0
2022-02-24,3781,7117217,3662,6208238,108,581222,10202,3041937,233,52634,10454,3101767,0,105,18005,18562.57,17008576,13913900,0
2022-02-25,3597,7120814,3634,6211872,135,581357,9989,3051926,247,52881,10249,3112016,0,105,17615,16585,17026191,13921279,0
2022-02-26,2820,7123634,2581,6214453,74,581431,9527,3061453,160,53041,9695,3121711,0,105,15170,16336.29,17041361,13926762,0
2022-02-27,1764,7125398,1373,6215826,52,581483,6275,3067728,101,53142,6383,3128094,0,105,9572,16265.57,17050933,13929958,0
2022-02-28,3773,7129171,3137,6218963,140,581623,13152,3080880,253,53395,13428,3141522,0,105,20478,17123.71,17071411,13937031,0
2022-03-01,2119,7131290,2632,6221595,103,581726,5189,3086069,187,53582,5383,3146905,0,105,10237,15742.14,17081648,13941892,0
2022-03-02,1827,7133117,2446,6224041,107,581833,4144,3090213,210,53792,4365,3151270,0,105,8745,14260.29,17090393,13946283,0
2022-03-03,1930,7135047,2560,6226601,106,581939,3805,3094018,171,53963,3989,3155259,0,105,8585,12914.57,17098978,13950892,0
2022-03-04,2117,7137164,2878,6229479,66,582005,4333,3098351,209,54172,4554,3159813,0,105,9615,11771.71,17108593,13955965,0
2022-03-05,1611,7138775,2123,6231602,43,582048,3317,3101668,119,54291,3439,3163252,0,105,7216,10635.43,17115809,13959745,0
2022-03-06,795,7139570,880,6232482,30,582078,1625,3103293,56,54347,1684,3164936,0,105,3389,9752.14,17119198,13961453,0
2022-03-07,1659,7141229,1790,6234272,87,582165,3505,3106798,161,54508,3680,3168616,0,105,7216,7857.57,17126414,13965003,0
2022-03-08,1548,7142777,1897,6236169,80,582245,3127,3109925,153,54661,3291,3171907,0,105,6816,7368.86,17133230,13968539,0
2022-03-09,1260,7144037,1682,6237851,80,582325,2594,3112519,130,54791,2729,3174636,0,105,5751,6941.14,17138981,13971566,0
2022-03-10,1411,7145448,2098,6239949,85,582410,2971,3115490,164,54955,3144,3177780,0,105,6738,6677.29,17145719,13975169,0
2022-03-11,1592,7147040,2276,6242225,81,582491,3215,3118705,190,55145,3423,3181203,0,105,7372,6356.86,17153091,13979136,0
2022-03-12,875,7147915,1417,6243642,42,582533,2010,3120715,75,55220,2088,3183291,0,105,4422,5957.71,17157513,13981473,0
2022-03-13,625,7148540,756,6244398,28,582561,1293,3122008,47,55267,1343,3184634,0,105,2752,5866.71,17160265,13982885,0
2022-03-14,1363,7149903,1615,6246013,83,582644,2997,3125005,208,55475,3225,3187859,0,105,6286,5733.86,17166551,13985966,0
2022-03-15,1354,7151257,1925,6247938,63,582707,3072,3128077,234,55709,3313,3191172,0,105,6655,5710.86,17173206,13989315,0
2022-03-16,1395,7152652,2062,6250000,94,582801,3148,3131225,295,56004,3459,3194631,0,105,7010,5890.71,17180216,13992882,0
2022-03-17,1192,7153844,1808,6251808,71,582872,2764,3133989,267,56271,3045,3197676,0,105,6116,5801.86,17186332,13995967,0
2022-03-18,1583,7155427,2219,6254027,79,582951,3776,3137765,421,56692,4203,3201879,0,105,8084,5903.57,17194416,13999854,0
2022-03-19,1106,7156533,1735,6255762,54,583005,2605,3140370,229,56921,2839,3204718,0,105,5734,6091,17200150,14002754,0
2022-03-20,606,7157139,630,6256392,33,583038,1469,3141839,186,57107,1659,3206377,0,105,2928,6116.14,17203078,14004027,0
2022-03-21,1414,7158553,1559,6257951,73,583111,3062,3144901,359,57466,3443,3209820,0,105,6489,6145.14,17209567,14007095,0
2022-03-22,1341,7159894,1555,6259506,101,583212,2908,3147809,347,57813,3265,3213085,0,105,6262,6089,17215829,14010102,0
2022-03-23,1258,7161152,1360,6260866,66,583278,2921,3150730,375,58188,3305,3216390,0,105,5989,5943.14,17221818,14012795,0
2022-03-24,1211,7162363,1299,6262165,90,583368,2522,3153252,270,58458,2802,3219192,0,105,5402,5841.14,17227220,14015405,0
2022-03-25,1380,7163743,1633,6263798,62,583430,3269,3156521,383,58841,3665,3222857,0,105,6740,5649.14,17233960,14018493,0
2022-03-26,924,7164667,1166,6264964,36,583466,2308,3158829,251,59092,2568,3225425,0,105,4694,5500.57,17238654,14020628,0
2022-03-27,574,7165241,528,6265492,29,583495,1315,3160144,202,59294,1519,3226944,0,105,2650,5460.86,17241304,14021761,0
2022-03-28,1077,7166318,1168,6266660,69,583564,2442,3162586,365,59659,2825,3229769,0,105,5139,5268,17246443,14024093,0
2022-03-29,1047,7167365,1106,6267766,85,583649,2514,3165100,885,60544,3419,3233188,1,106,5657,5181.57,17252100,14026350,0
2022-03-30,1238,7168603,1138,6268904,99,583748,3064,3168164,3410,63954,6562,3239750,0,106,9037,5617,17261137,14028913,0
2022-03-31,1276,7169879,1248,6270152,57,583805,3164,3171328,5527,69481,8828,3248578,0,106,11410,6475.29,17272547,14031632,0
2022-04-01,1422,7171301,1489,6271641,77,583882,3242,3174570,6920,76401,10319,3258897,0,106,13307,7413.43,17285854,14034777,0
2022-04-02,907,7172208,909,6272550,33,583915,2085,3176655,4541,80942,6722,3265619,0,106,8571,7967.29,17294425,14036722,0
2022-04-03,554,7172762,494,6273044,28,583943,1219,3177874,3057,83999,4340,3269959,0,106,5416,8362.43,17299841,14037862,0
2022-04-04,1347,7174109,1303,6274347,61,584004,2722,3180596,7717,91716,10595,3280554,0,106,13306,9529.14,17313147,14040729,0
2022-04-05,1294,7175403,1152,6275499,66,584070,2845,3183441,7502,99218,10521,3291075,0,106,13033,10582.86,17326180,14043415,0
2022-04-06,1333,7176736,1174,6276673,61,584131,2624,3186065,6964,106182,9748,3300823,0,106,12316,11051.29,17338496,14046143,0
2022-04-07,1205,7177941,1061,6277734,57,584188,2376,3188441,6627,112809,9148,3309971,0,106,11471,11060,17349967,14048611,0
2022-04-08,1478,7179419,1405,6279139,61,584249,3164,3191605,8793,121602,12149,3322120,0,106,15093,11315.14,17365060,14051747,0
2022-04-09,911,7180330,925,6280064,29,584278,2080,3193685,4953,126555,7118,3329238,0,106,8983,11374,17374043,14053697,0
2022-04-10,578,7180908,460,6280524,25,584303,1166,3194851,2902,129457,4130,3333368,0,106,5193,11342.14,17379236,14054822,0
2022-04-11,1305,7182213,1226,6281750,61,584364,2655,3197506,7838,137295,10644,3344012,0,106,13236,11332.14,17392472,14057565,0
2022-04-12,1213,7183426,1058,6282808,73,584437,2520,3200026,7446,144741,10136,3354148,0,106,12480,11253.14,17404952,14060079,0
2022-04-13,1231,7184657,1075,6283883,60,584497,2512,3202538,7548,152289,10208,3364356,0,106,12574,11290,17417526,14062593,0
2022-04-14,1261,7185918,1093,6284976,59,584556,2443,3204981,6592,158881,9157,3373513,0,106,11570,11304.14,17429096,14065128,0
2022-04-15,1332,7187250,1094,6286070,53,584609,2557,3207538,6634,165515,9319,3382832,0,106,11798,10833.43,17440894,14067735,0
2022-04-16,855,7188105,652,6286722,34,584643,1643,3209181,3690,169205,5400,3388232,0,106,6941,10541.71,17447835,14069343,0
2022-04-17,345,7188450,201,6286923,27,584670,638,3209819,1158,170363,1819,3390051,0,106,2392,10141.57,17450227,14069939,0
2022-04-18,1383,7189833,1114,6288037,82,584752,2583,3212402,6413,176776,9136,3399187,0,106,11715,9924.29,17461942,14072658,0
2022-04-19,1411,7191244,936,6288973,71,584823,2577,3214979,5758,182534,8438,3407625,0,106,10856,9692.29,17472798,14075179,0
2022-04-20,1303,7192547,1151,6290124,65,584888,2706,3217685,6650,189184,9494,3417119,0,106,12013,9612.14,17484811,14077836,0
2022-04-21,1225,7193772,1062,6291186,53,584941,2339,3220024,5396,194580,7854,3424973,0,106,10194,9415.57,17495005,14080295,0
2022-04-22,1235,7195007,1041,6292227,46,584987,2241,3222265,5780,200360,8133,3433106,0,106,10456,9223.86,17505461,14082730,0
2022-04-23,710,7195717,749,6292976,59,585046,1429,3223694,3351,203711,4847,3437953,0,106,6365,9141.57,17511826,14084315,0
2022-04-24,440,7196157,336,6293312,27,585073,808,3224502,1820,205531,2659,3440612,0,106,3462,9294.43,17515288,14085149,0
2022-04-25,1039,7197196,914,6294226,64,585137,1850,3226352,5091,210622,7054,3447666,0,106,9071,8916.71,17524359,14087279,0
2022-04-26,948,7198144,857,6295083,76,585213,1747,3228099,4696,215318,6537,3454203,0,106,8418,8568.43,17532777,14089254,0
2022-04-27,1036,7199180,1022,6296105,80,585293,1926,3230025,5211,220529,7259,3461462,0,106,9397,8194.71,17542174,14091514,0
2022-04-28,1082,7200262,986,6297091,50,585343,2003,3232028,4742,225271,6857,3468319,0,106,8975,8020.57,17551149,14093744,0
2022-04-29,1176,7201438,1097,6298188,60,585403,2156,3234184,5424,230695,7694,3476013,0,106,10027,7959.29,17561176,14096191,0
2022-04-30,724,7202162,743,6298931,50,585453,1390,3235574,2969,233664,4403,3480416,0,106,5920,7895.71,17567096,14097752,0
2022-05-01,446,7202608,366,6299297,20,585473,765,3236339,1657,235321,2453,3482869,0,106,3285,7870.43,17570381,14098615,0
2022-05-02,1046,7203654,792,6300089,52,585525,1676,3238015,3819,239140,5562,3488431,1,107,7453,7639.29,17577834,14100572,0
2022-05-03,1117,7204771,863,6300952,61,585586,1995,3240010,4869,244009,6962,3495393,0,107,9003,7722.86,17586837,14102711,0
2022-05-04,1009,7205780,883,6301835,48,585634,1924,3241934,4677,248686,6690,3502083,0,107,8630,7613.29,17595467,14104740,0
2022-05-05,1073,7206853,954,6302789,86,585720,1928,3243862,4881,253567,6909,3508992,0,107,9022,7620,17604489,14106953,0
2022-05-06,1094,7207947,955,6303744,51,585771,1860,3245722,4401,257968,6338,3515330,1,108,8438,7393,17612927,14109129,0
2022-05-07,660,7208607,590,6304334,32,585803,1203,3246925,2433,260401,3675,3519005,0,108,4957,7255.43,17617884,14110450,0
2022-05-08,411,7209018,243,6304577,17,585820,666,3247591,1388,261789,2076,3521081,0,108,2747,7178.57,17620631,14111143,0
2022-05-09,1077,7210095,943,6305520,60,585880,1894,3249485,4427,266216,6413,3527494,0,108,8493,7327.14,17629124,14113315,0
2022-05-10,1096,7211191,929,6306449,54,585934,1982,3251467,4719,270935,6805,3534299,0,108,8884,7310.14,17638008,14115498,0
2022-05-11,1086,7212277,972,6307421,44,585978,1943,3253410,4843,275778,6885,3541184,0,108,8987,7361.14,17646995,14117699,0
2022-05-12,1101,7213378,948,6308369,60,586038,2001,3255411,4666,280444,6766,3547950,0,108,8875,7340.14,17655870,14119907,0
2022-05-13,1156,7214534,1040,6309409,44,586082,2069,3257480,4804,285248,6963,3554913,0,108,9203,7449.43,17665073,14122237,0
2022-05-14,824,7215358,669,6310078,31,586113,1466,3258946,2955,288203,4463,3559376,0,108,5987,7596.57,17671060,14123803,0
2022-05-15,508,7215866,357,6310435,22,586135,924,3259870,1647,289850,2598,3561974,0,108,3485,7702,17674545,14124717,0
2022-05-16,1227,7217093,854,6311289,62,586197,1830,3261700,3863,293713,5759,3567733,1,109,7903,7617.71,17682448,14126926,0
2022-05-17,1287,7218380,931,6312220,79,586276,2046,3263746,4894,298607,7035,3574768,0,109,9332,7681.71,17691780,14129318,0
2022-05-18,1238,7219618,900,6313120,82,586358,2063,3265809,4940,303547,7115,3581883,1,110,9336,7731.57,17701116,14131650,0
2022-05-19,1159,7220777,881,6314001,36,586394,2117,3267926,4729,308276,6932,3588815,0,110,9008,7750.57,17710124,14133812,0
2022-05-20,1196,7221973,960,6314961,73,586467,2371,3270297,5205,313481,7691,3596506,0,110,9922,7853.29,17720046,14136158,0
2022-05-21,833,7222806,647,6315608,23,586490,1718,3272015,3305,316786,5084,3601590,0,110,6588,7939.14,17726634,14137723,0
2022-05-22,507,7223313,292,6315900,22,586512,1136,3273151,1839,318625,3009,3604599,0,110,3830,7988.43,17730464,14138578,0
2022-05-23,1219,7224532,885,6316785,52,586564,2188,3275339,4710,323335,6998,3611597,1,111,9155,8167.29,17739619,14140834,0
2022-05-24,1405,7225937,937,6317722,66,586630,2300,3277639,4493,327828,6894,3618491,0,111,9303,8163.14,17748922,14143344,0
2022-05-25,1415,7227352,954,6318676,56,586686,2259,3279898,4271,332099,6631,3625122,0,111,9057,8123.29,17757979,14145871,0
2022-05-26,1173,7228525,889,6319565,60,586746,2265,3282163,4152,336251,6486,3631608,1,112,8610,8066.43,17766589,14148063,0
2022-05-27,1242,7229767,959,6320524,38,586784,2497,3284660,3921,340172,6493,3638101,0,112,8733,7896.57,17775322,14150378,0
2022-05-28,711,7230478,517,6321041,19,586803,1784,3286444,2063,342235,3888,3641989,0,112,5135,7689,17780457,14151666,0
2022-05-29,473,7230951,216,6321257,11,586814,760,3287204,1125,343360,1904,3643893,0,112,2604,7513.86,17783061,14152385,0
2022-05-30,91,7231042,61,6321318,6,586820,139,3287343,144,343504,285,3644178,1,113,444,6269.43,17783505,14152545,0
2022-05-31,1138,7232180,918,6322236,51,586871,1895,3289238,3053,346557,5007,3649185,0,113,7114,5956.71,17790619,14154711,0
2022-06-01,1153,7233333,853,6323089,63,586934,1967,3291205,3429,349986,5469,3654654,0,113,7538,5739.71,17798157,14156853,0
2022-06-02,1032,7234365,800,6323889,72,587006,1822,3293027,3173,353159,5057,3659711,0,113,6961,5504.14,17805118,14158819,0
2022-06-03,1161,7235526,893,6324782,47,587053,2068,3295095,3498,356657,5632,3665343,0,113,7733,5361.29,17812851,14160986,0
2022-06-04,723,7236249,582,6325364,26,587079,1554,3296649,1908,358565,3497,3668840,0,113,4830,5317.71,17817681,14162354,0
2022-06-05,449,7236698,297,6325661,1,587080,880,3297529,981,359546,1870,3670710,0,113,2617,5319.57,17820298,14163110,0
2022-06-06,1125,7237823,827,6326488,64,587144,1753,3299282,2744,362290,4547,3675257,0,113,6563,6193.71,17826861,14165176,0
2022-06-07,1024,7238847,769,6327257,70,587214,1788,3301070,2565,364855,4400,3679657,0,113,6263,6072.14,17833124,14167086,0
2022-06-08,1094,7239941,835,6328092,75,587289,1877,3302947,2749,367604,4688,3684345,0,113,6693,5951.43,17839817,14169153,0
2022-06-09,1140,7241081,839,6328931,62,587351,2225,3305172,2694,370298,4971,3689316,0,113,7012,5958.71,17846829,14171246,0
2022-06-10,1048,7242129,817,6329748,75,587426,1878,3307050,2832,373130,4765,3694081,0,113,6705,5811.86,17853534,14173241,0
2022-06-11,679,7242808,508,6330256,25,587451,1326,3308376,1504,374634,2856,3696937,0,113,4068,5703,17857602,14174479,0
2022-06-12,351,7243159,287,6330543,21,587472,877,3309253,773,375407,1660,3698597,0,113,2319,5660.43,17859921,14175148,0
2022-06-13,1028,7244187,769,6331312,63,587535,1576,3310829,2186,377593,3802,3702399,0,113,5663,5531.86,17865584,14177049,0
2022-06-14,970,7245157,833,6332145,64,587599,1688,3312517,2505,380098,4253,3706652,0,113,6120,5511.43,17871704,14178976,0
2022-06-15,969,7246126,864,6333009,39,587638,1667,3314184,2424,382522,4150,3710802,0,113,6022,5415.57,17877726,14180907,0
2022-06-16,961,7247087,775,6333784,59,587697,1832,3316016,2370,384892,4254,3715056,1,114,6049,5278,17883775,14182753,0
2022-06-17,900,7247987,799,6334583,48,587745,1771,3317787,2398,387290,4213,3719269,0,114,5961,5171.71,17889736,14184545,0
2022-06-18,658,7248645,521,6335104,26,587771,1279,3319066,1298,388588,2605,3721874,1,115,3810,5134.86,17893546,14185777,0
2022-06-19,346,7248991,235,6335339,16,587787,727,3319793,608,389196,1347,3723221,0,115,1944,5081.29,17895490,14186386,0
2022-06-20,834,7249825,488,6335827,41,587828,1571,3321364,1615,390811,3224,3726445,0,115,4587,4927.57,17900077,14187787,0
2022-06-21,1134,7250959,742,6336569,50,587878,1697,3323061,2142,392953,3896,3730341,0,115,5823,4885.14,17905900,14189771,0
2022-06-22,1964,7252923,834,6337403,46,587924,1705,3324766,1993,394946,3741,3734082,0,115,6585,4965.57,17912485,14192658,0
2022-06-23,2121,7255044,763,6338166,65,587989,1698,3326464,2153,397099,3901,3737983,0,115,6851,5080.14,17919336,14195658,0
2022-06-24,2172,7257216,758,6338924,48,588037,1623,3328087,2158,399257,3829,3741812,0,115,6807,5201,17926143,14198684,0
2022-06-25,2139,7259355,497,6339421,15,588052,1234,3329321,1142,400399,2389,3744201,0,115,5044,5377.29,17931187,14201352,0
2022-06-26,1212,7260567,248,6339669,14,588066,686,3330007,531,400930,1223,3745424,0,115,2697,5484.86,17933884,14202832,0
2022-06-27,1533,7262100,654,6340323,60,588126,1463,3331470,1655,402585,3158,3748582,0,115,5405,5601.71,17939289,14205119,0
2022-06-28,1691,7263791,832,6341155,57,588183,1857,3333327,2144,404729,4046,3752628,0,115,6626,5716.43,17945915,14207744,0
2022-06-29,1859,7265650,777,6341932,48,588231,1717,3335044,1926,406655,3683,3756311,0,115,6367,5685.29,17952282,14210468,0
2022-06-30,1868,7267518,807,6342739,46,588277,1732,3336776,2133,408788,3909,3760220,0,115,6630,5653.71,17958912,14213233,0
2022-07-01,1601,7269119,597,6343336,26,588303,1394,3338170,1728,410516,3155,3763375,0,115,5379,5449.71,17964291,14215490,0
2022-07-02,978,7270097,389,6343725,18,588321,836,3339006,940,411456,1794,3765169,0,115,3179,5183.29,17967470,14216893,0
2022-07-03,530,7270627,205,6343930,7,588328,459,3339465,487,411943,949,3766118,0,115,1691,5039.57,17969161,14217638,0
2022-07-04,36,7270663,25,6343955,1,588329,31,3339496,38,411981,69,3766187,0,115,131,4286.14,17969292,14217700,0
2022-07-05,1296,7271959,758,6344713,35,588364,1404,3340900,1739,413720,3174,3769361,0,115,5263,4091.43,17974555,14219820,0
2022-07-06,1611,7273570,679,6345392,44,588408,1445,3342345,1842,415562,3326,3772687,0,115,5660,3990.43,17980215,14222193,0
2022-07-07,1592,7275162,712,6346104,48,588456,1529,3343874,2002,417564,3568,3776255,0,115,5920,3889,17986135,14224582,0
2022-07-08,1632,7276794,650,6346754,37,588493,1475,3345349,1976,419540,3500,3779755,0,115,5821,3952.14,17991956,14226952,0
2022-07-09,983,7277777,431,6347185,26,588519,878,3346227,1347,420887,2256,3782011,0,115,3696,4026,17995652,14228423,0
2022-07-10,638,7278415,187,6347372,17,588536,429,3346656,659,421546,1098,3783109,0,115,1940,4061.57,17997592,14229275,0
2022-07-11,1396,7279811,635,6348007,49,588585,1438,3348094,2213,423759,3685,3786794,0,115,5765,4866.43,18003357,14231389,0
2022-07-12,1404,7281215,687,6348694,45,588630,1399,3349493,2513,426272,3986,3790780,0,115,6122,4989.14,18009479,14233599,0
2022-07-13,1620,7282835,726,6349420,37,588667,1523,3351016,2831,429103,4418,3795198,0,115,6801,5152.14,18016280,14236046,0
2022-07-14,1587,7284422,842,6350262,47,588714,1603,3352619,3060,432163,4735,3799933,0,115,7212,5336.71,18023492,14238595,0
2022-07-15,1615,7286037,938,6351200,47,588761,1571,3354190,3051,435214,4681,3804614,0,115,7281,5545.29,18030773,14241254,0
2022-07-16,883,7286920,585,6351785,9,588770,979,3355169,1698,436912,2707,3807321,0,115,4184,5615,18034957,14242761,0
2022-07-17,550,7287470,290,6352075,16,588786,527,3355696,1167,438079,1718,3809039,0,115,2574,5705.57,18037531,14243641,0
2022-07-18,1406,7288876,842,6352917,45,588831,1430,3357126,2466,440545,3953,3812992,0,115,6246,5774.29,18043777,14245991,0
2022-07-19,1443,7290319,977,6353894,51,588882,1535,3358661,2798,443343,4427,3817419,0,115,6898,5885.14,18050675,14248556,0
2022-07-20,1380,7291699,1484,6355378,50,588932,1352,3360013,2395,445738,3806,3821225,0,115,6721,5873.71,18057396,14251530,0
2022-07-21,1334,7293033,1434,6356812,50,588982,1394,3361407,2362,448100,3804,3825029,0,115,6622,5789.43,18064018,14254396,0
2022-07-22,1428,7294461,1569,6358381,41,589023,1562,3362969,2853,450953,4496,3829525,0,115,7534,5825.57,18071552,14257515,0
2022-07-23,903,7295364,1098,6359479,17,589040,995,3363964,1555,452508,2584,3832109,3,118,4605,5885.71,18076157,14259567,0
2022-07-24,484,7295848,642,6360121,14,589054,503,3364467,805,453313,1316,3833425,0,118,2457,5869,18078614,14260716,0
2022-07-25,1228,7297076,766,6360887,59,589113,1261,3365728,2060,455373,3375,3836800,0,118,5428,5752.14,18084042,14262823,0
2022-07-26,1232,7298308,1021,6361908,41,589154,1471,3367199,2442,457815,3970,3840770,0,118,6265,5661.71,18090307,14265175,0
2022-07-27,1320,7299628,1278,6363186,42,589196,1387,3368586,2192,460007,3638,3844408,2,120,6282,5599,18096589,14267876,0
2022-07-28,1312,7300940,1422,6364608,71,589267,1424,3370010,2216,462223,3690,3848098,1,121,6496,5581,18103085,14270731,0
2022-07-29,1317,7302257,1430,6366038,64,589331,1359,3371369,2153,464376,3557,3851655,0,121,6369,5414.57,18109454,14273588,0
2022-07-30,741,7302998,715,6366753,25,589356,791,3372160,960,465336,1771,3853426,0,121,3255,5221.71,18112709,14275092,0
2022-07-31,422,7303420,590,6367343,14,589370,488,3372648,571,465907,1065,3854491,0,121,2091,5169.43,18114800,14276124,0
2022-08-01,1241,7304661,913,6368256,55,589425,1329,3373977,1507,467414,2881,3857372,1,122,5091,5121.29,18119891,14278378,0
2022-08-02,1229,7305890,1014,6369270,73,589498,1346,3375323,1598,469012,2989,3860361,0,122,5305,4984.14,18125196,14280739,0
2022-08-03,1264,7307154,1190,6370460,41,589539,1341,3376664,1528,470540,2909,3863270,0,122,5404,4858.71,18130600,14283274,0
2022-08-04,1191,7308345,1188,6371648,57,589596,1287,3377951,1457,471997,2773,3866043,0,122,5209,4674.86,18135809,14285739,0
2022-08-05,1318,7309663,1450,6373098,49,589645,1309,3379260,1440,473437,2774,3868817,0,122,5591,4563.71,18141400,14288581,0
2022-08-06,695,7310358,843,6373941,14,589659,762,3380022,777,474214,1564,3870381,0,122,3117,4544,18144517,14290159,0
2022-08-07,391,7310749,457,6374398,14,589673,424,3380446,359,474573,793,3871174,0,122,1655,4481.71,18146172,14291031,0
2022-08-08,1194,7311943,932,6375330,70,589743,1273,3381719,1178,475751,2481,3873655,0,122,4677,4422.57,18150849,14293257,0
2022-08-09,1134,7313077,892,6376222,38,589781,1227,3382946,1160,476911,2419,3876074,0,122,4483,4305.14,18155332,14295353,0
2022-08-10,1222,7314299,1111,6377333,59,589840,1258,3384204,1247,478158,2539,3878613,0,122,4931,4237.57,18160263,14297779,0
2022-08-11,1281,7315580,1069,6378402,84,589924,1211,3385415,1279,479437,2529,3881142,0,122,4963,4202.43,18165226,14300252,0
2022-08-12,1301,7316881,1408,6379810,55,589979,1267,3386682,1248,480685,2545,3883687,0,122,5309,4162.14,18170535,14303046,0
2022-08-13,760,7317641,786,6380596,15,589994,762,3387444,629,481314,1411,3885098,0,122,2972,4141.43,18173507,14304627,0
2022-08-14,473,7318114,478,6381074,20,590014,405,3387849,281,481595,689,3885787,0,122,1660,4142.14,18175167,14305601,0
2022-08-15,1246,7319360,1061,6382135,60,590074,1317,3389166,989,482584,2346,3888133,1,123,4714,4147.43,18179881,14308008,0
2022-08-16,1310,7320670,869,6383004,50,590124,1364,3390530,1075,483659,2471,3890604,0,123,4700,4178.43,18184581,14310269,0
2022-08-17,1215,7321885,957,6383961,39,590163,1235,3391765,1004,484663,2277,3892881,0,123,4488,4115.14,18189069,14312518,0
2022-08-18,1167,7323052,945,6384906,45,590208,1269,3393034,946,485609,2240,3895121,0,123,4397,4034.29,18193466,14314700,0
2022-08-19,1255,7324307,1129,6386035,34,590242,1116,3394150,978,486587,2124,3897245,6,129,4548,3925.57,18198014,14317148,0
2022-08-20,586,7324893,493,6386528,16,590258,630,3394780,504,487091,1147,3898392,0,129,2242,3821.29,18200256,14318256,0
2022-08-21,358,7325251,243,6386771,9,590267,381,3395161,268,487359,652,3899044,0,129,1262,3764.43,18201518,14318869,0
2022-08-22,1221,7326472,921,6387692,40,590307,1232,3396393,887,488246,2147,3901191,0,129,4329,3709.43,18205847,14321079,0
2022-08-23,1242,7327714,1049,6388741,48,590355,1378,3397771,961,489207,2368,3903559,3,132,4710,3710.86,18210557,14323447,0
2022-08-24,1269,7328983,1015,6389756,29,590384,1291,3399062,822,490029,2138,3905697,0,132,4452,3705.71,18215009,14325786,0
2022-08-25,1222,7330205,994,6390750,66,590450,1184,3400246,812,490841,2012,3907709,4,136,4297,3691.43,18219306,14328083,0
2022-08-26,1189,7331394,1179,6391929,53,590503,1192,3401438,778,491619,1991,3909700,1,137,4412,3672,18223718,14330524,0
2022-08-27,696,7332090,541,6392470,14,590517,673,3402111,404,492023,1090,3910790,2,139,2343,3686.43,18226061,14331788,0
2022-08-28,381,7332471,237,6392707,10,590527,443,3402554,227,492250,673,3911463,0,139,1301,3692,18227362,14332419,0
2022-08-29,1256,7333727,975,6393682,41,590568,1218,3403772,682,492932,1921,3913384,0,139,4194,3672.71,18231556,14334713,0
2022-08-30,1270,7334997,940,6394622,36,590604,1267,3405039,765,493697,2063,3915447,2,141,4311,3615.71,18235867,14336990,0
2022-08-31,1154,7336151,1012,6395634,43,590647,1103,3406142,571,494268,1695,3917142,0,141,3905,3537.57,18239772,14339221,0
2022-09-01,1026,7337177,961,6396595,51,590698,804,3406946,454,494722,1272,3918414,5,146,3316,3397.43,18243088,14341274,0
2022-09-02,977,7338154,1018,6397613,29,590727,591,3407537,175,494897,773,3919187,92,238,2874,3177.71,18245962,14343290,0
2022-09-03,530,7338684,447,6398060,12,590739,367,3407904,50,494947,421,3919608,312,550,1674,3082.14,18247636,14344235,0
2022-09-04,252,7338936,212,6398272,10,590749,188,3408092,25,494972,215,3919823,312,862,958,3033.14,18248594,14344668,0
2022-09-05,78,7339014,71,6398343,7,590756,44,3408136,16,494988,61,3919884,9,871,226,2466.29,18248820,14344825,0
2022-09-06,1123,7340137,1227,6399570,50,590806,630,3408766,130,495118,769,3920653,1269,2140,4217,2452.86,18253037,14347013,0
2022-09-07,1477,7341614,1381,6400951,38,590844,479,3409245,148,495266,647,3921300,6445,8585,9103,3195.43,18262140,14349044,0
2022-09-08,1529,7343143,1198,6402149,36,590880,251,3409496,111,495377,378,3921678,7797,16382,9811,4123.29,18271951,14350696,0
2022-09-09,1542,7344685,1604,6403753,48,590928,280,3409776,122,495499,433,3922111,9770,26152,12247,5462.29,18284198,14352771,0
2022-09-10,846,7345531,835,6404588,12,590940,263,3410039,44,495543,321,3922432,5314,31466,6744,6186.57,18290942,14353894,0
2022-09-11,496,7346027,442,6405030,11,590951,86,3410125,30,495573,125,3922557,3942,35408,4530,6696.86,18295472,14354366,0
2022-09-12,1683,7347710,1442,6406472,39,590990,205,3410330,90,495663,329,3922886,11660,47068,13543,8599.29,18309015,14355954,0
2022-09-13,1404,7349114,1271,6407743,32,591022,218,3410548,115,495778,382,3923268,9725,56793,11724,9671.71,18320739,14357620,0
2022-09-14,1415,7350529,1273,6409016,31,591053,224,3410772,123,495901,386,3923654,11001,67794,13044,10234.71,18333783,14359316,0
2022-09-15,1567,7352096,1282,6410298,22,591075,224,3410996,112,496013,371,3924025,12065,79859,14084,10845.14,18347867,14360999,0
2022-09-16,1691,7353787,1638,6411936,27,591102,266,3411262,154,496167,475,3924500,13785,93644,16237,11415.14,18364104,14363031,0
2022-09-17,804,7354591,869,6412805,12,591114,272,3411534,77,496244,372,3924872,6997,100641,8408,11652.86,18372512,14364093,0
2022-09-18,522,7355113,413,6413218,7,591121,74,3411608,26,496270,113,3924985,4480,105121,4972,11716,18377484,14364485,0
2022-09-19,1563,7356676,1324,6414542,29,591150,225,3411833,95,496365,346,3925331,13804,118925,15504,11996.14,18392988,14365865,0
2022-09-20,1443,7358119,1252,6415794,27,591177,218,3412051,90,496455,356,3925687,13175,132100,14970,12459.86,18407958,14367352,0
2022-09-21,1664,7359783,1346,6417140,31,591208,258,3412309,131,496586,423,3926110,14814,146914,16717,12984.57,18424675,14368866,0
2022-09-22,1470,7361253,1261,6418401,28,591236,171,3412480,138,496724,357,3926467,13199,160113,15013,13117.29,18439688,14370371,0
2022-09-23,1749,7363002,1650,6420051,24,591260,249,3412729,136,496860,447,3926914,16865,176978,19155,13534.14,18458843,14372276,0
2022-09-24,801,7363803,888,6420939,8,591268,267,3412996,67,496927,353,3927267,7478,184456,8829,13594.29,18467672,14373293,0
2022-09-25,485,7364288,395,6421334,1,591269,72,3413068,47,496974,128,3927395,4508,188964,4994,13597.43,18472666,14373660,0
2022-09-26,1578,7365866,1249,6422583,16,591285,284,3413352,144,497118,485,3927880,14994,203958,16686,13766.29,18489352,14374924,0
2022-09-27,1543,7367409,1306,6423889,26,591311,282,3413634,166,497284,484,3928364,14124,218082,16105,13928.43,18505457,14376457,0
2022-09-28,1619,7369028,1298,6425187,18,591329,189,3413823,184,497468,427,3928791,15482,233564,17254,14005.14,18522711,14377856,0
2022-09-29,1685,7370713,1299,6426486,19,591348,176,3413999,101,497569,313,3929104,15348,248912,17200,14317.57,18539911,14379431,0
2022-09-30,1649,7372362,1559,6428045,13,591361,181,3414180,175,497744,402,3929506,16479,265391,18643,14244.43,18558554,14381239,0
2022-10-01,717,7373079,666,6428711,5,591366,132,3414312,35,497779,176,3929682,7035,272426,7923,14115,18566477,14381960,0
2022-10-02,515,7373594,430,6429141,5,591371,48,3414360,45,497824,107,3929789,4430,276856,4840,14093,18571317,14382277,0
2022-10-03,1556,7375150,1188,6430329,23,591394,155,3414515,114,497938,315,3930104,14558,291414,15956,13988.71,18587273,14383406,0
2022-10-04,1385,7376535,1157,6431486,15,591409,150,3414665,121,498059,298,3930402,13368,304782,14763,13797,18602036,14384530,0
2022-10-05,1603,7378138,1284,6432770,17,591426,280,3414945,164,498223,497,3930899,14844,319626,16666,13713,18618702,14385908,0
2022-10-06,1494,7379632,1246,6434016,19,591445,167,3415112,161,498384,386,3931285,14939,334565,16604,13627.86,18635306,14387245,0
2022-10-07,1670,7381302,1427,6435443,15,591460,169,3415281,133,498517,364,3931649,17059,351624,19018,13681.43,18654324,14388902,0
2022-10-08,763,7382065,682,6436125,4,591464,143,3415424,62,498579,222,3931871,7693,359317,8622,13781.29,18662946,14389626,0
2022-10-09,493,7382558,410,6436535,5,591469,47,3415471,54,498633,119,3931990,4695,364012,5119,13821.14,18668065,14389949,0
2022-10-10,1549,7384107,1249,6437784,14,591483,174,3415645,116,498749,329,3932319,15178,379190,16471,13894.71,18684536,14390952,0
2022-10-11,1650,7385757,1105,6438889,19,591502,178,3415823,152,498901,385,3932704,14287,393477,15819,14045.57,18700355,14392154,0
2022-10-12,1863,7387620,1313,6440202,17,591519,133,3415956,182,499083,382,3933086,16193,409670,17784,14205.29,18718139,14393430,0
2022-10-13,1624,7389244,1145,6441347,28,591547,134,3416090,198,499281,403,3933489,13960,423630,15487,14045.71,18733626,14394625,0
2022-10-14,1820,7391064,1538,6442885,25,591572,130,3416220,179,499460,363,3933852,17121,440751,19104,14058,18752730,14396299,0
2022-10-15,771,7391835,638,6443523,9,591581,90,3416310,68,499528,179,3934031,7594,448345,8450,14033.43,18761180,14396997,0
2022-10-16,567,7392402,410,6443933,3,591584,25,3416335,65,499593,121,3934152,4729,453074,5171,14040.86,18766351,14397349,0
2022-10-17,1817,7394219,1249,6445182,18,591602,83,3416418,118,499711,238,3934390,16050,469124,17365,14168.57,18783716,14398463,0
2022-10-18,1695,7395914,1170,6446352,20,591622,101,3416519,141,499852,289,3934679,14608,483732,15993,14193.43,18799709,14399606,0
2022-10-19,2099,7398013,1320,6447672,21,591643,84,3416603,143,499995,290,3934969,16193,499925,17659,14175.57,18817368,14400845,0
2022-10-20,1698,7399711,1169,6448841,10,591653,87,3416690,152,500147,307,3935276,15375,515300,16829,14367.29,18834197,14402060,0
2022-10-21,1813,7401524,1347,6450188,11,591664,93,3416783,148,500295,293,3935569,16716,532016,18370,14262.43,18852567,14403473,0
2022-10-22,747,7402271,669,6450857,9,591673,43,3416826,46,500341,99,3935668,7668,539684,8397,14254.86,18860964,14404113,0
2022-10-23,524,7402795,368,6451225,3,591676,21,3416847,39,500380,69,3935737,4805,544489,5080,14241.86,18866044,14404328,0
2022-10-24,1749,7404544,1210,6452435,19,591695,71,3416918,114,500494,225,3935962,15527,560016,16810,14162.57,18882854,14405426,0
2022-10-25,1659,7406203,1187,6453622,12,591707,94,3417012,111,500605,234,3936196,14998,575014,16297,14206,18899151,14406520,0
2022-10-26,1864,7408067,1330,6454952,11,591718,91,3417103,169,500774,339,3936535,16757,591771,18229,14287.43,18917380,14407732,0
2022-10-27,1590,7409657,1069,6456021,13,591731,96,3417199,138,500912,287,3936822,15033,606804,16350,14219,18933730,14408815,0
2022-10-28,1706,7411363,1417,6457438,17,591748,105,3417304,151,501063,310,3937132,16729,623533,18531,14242,18952261,14410361,0
2022-10-29,697,7412060,545,6457983,9,591757,68,3417372,58,501121,140,3937272,7723,631256,8400,14242.43,18960661,14410912,0
2022-10-30,522,7412582,305,6458288,3,591760,19,3417391,57,501178,92,3937364,4486,635742,4772,14198.43,18965433,14411122,0
2022-10-31,1682,7414264,1113,6459401,8,591768,48,3417439,126,501304,217,3937581,14557,650299,15504,14011.86,18980937,14411895,0
2022-11-01,1670,7415934,1021,6460422,18,591786,76,3417515,128,501432,235,3937816,13574,663873,14884,13810,18995821,14413001,0
2022-11-02,1744,7417678,1124,6461546,17,591803,89,3417604,122,501554,253,3938069,14846,678719,16110,13507.29,19011931,14414054,0
2022-11-03,1422,7419100,1033,6462579,13,591816,84,3417688,165,501719,326,3938395,12573,691292,13845,13149.43,19025776,14415077,0
2022-11-04,1749,7420849,1222,6463801,14,591830,101,3417789,141,501860,275,3938670,15419,706711,17023,12934,19042799,14416439,0
2022-11-05,826,7421675,533,6464334,6,591836,67,3417856,80,501940,161,3938831,7028,713739,7748,12840.86,19050547,14417012,0
2022-11-06,407,7422082,330,6464664,4,591840,20,3417876,49,501989,106,3938937,4066,717805,4408,12788.86,19054955,14417285,0
2022-11-07,1637,7423719,1069,6465733,14,591854,75,3417951,99,502088,210,3939147,13198,731003,14354,12624.57,19069309,14418267,0
2022-11-08,1535,7425254,1005,6466738,7,591861,96,3418047,130,502218,260,3939407,12003,743006,13253,12391.57,19082562,14419291,0
2022-11-09,1566,7426820,1054,6467792,9,591870,85,3418132,114,502332,244,3939651,12135,755141,13388,12002.71,19095950,14420345,0
2022-11-10,1486,7428306,1009,6468801,14,591884,72,3418204,147,502479,276,3939927,12220,767361,13503,11953.86,19109453,14421409,0
2022-11-11,1501,7429807,1073,6469874,11,591895,97,3418301,101,502580,219,3940146,12750,780111,14178,11547.43,19123631,14422639,0
2022-11-12,672,7430479,514,6470388,2,591897,57,3418358,61,502641,128,3940274,6421,786532,7041,11446.43,19130672,14423141,0
2022-11-13,496,7430975,343,6470731,4,591901,16,3418374,68,502709,99,3940373,3892,790424,4211,11418.29,19134883,14423376,0
2022-11-14,1449,7432424,1024,6471755,19,591920,59,3418433,114,502823,204,3940577,11609,802033,12718,11184.57,19147601,14424312,0
2022-11-15,1485,7433909,1006,6472761,15,591935,103,3418536,166,502989,294,3940871,11249,813282,12628,11095.29,19160229,14425422,0
2022-11-16,1609,7435518,1032,6473793,21,591956,65,3418601,144,503133,244,3941115,11540,824822,12778,11008.14,19173007,14426451,0
2022-11-17,1394,7436912,970,6474763,10,591966,65,3418666,165,503298,271,3941386,10497,835319,11764,10759.71,19184771,14427488,0
2022-11-18,1567,7438479,1096,6475859,12,591978,67,3418733,118,503416,216,3941602,12297,847616,13886,10718,19198657,14428892,0
2022-11-19,680,7439159,438,6476297,4,591982,57,3418790,60,503476,126,3941728,5892,853508,6557,10648.86,19205214,14429440,0
2022-11-20,471,7439630,310,6476607,4,591986,12,3418802,35,503511,65,3941793,3536,857044,3834,10595,19209048,14429691,0
2022-11-21,1518,7441148,919,6477526,4,591990,51,3418853,81,503592,149,3941942,10390,867434,11362,10401.29,19220410,14430531,0
2022-11-22,1267,7442415,813,6478339,7,591997,53,3418906,88,503680,157,3942099,9236,876670,10246,10061,19230656,14431400,0
2022-11-23,1287,7443702,725,6479064,11,592008,63,3418969,74,503754,163,3942262,8642,885312,9557,9600.86,19240213,14432178,0
2022-11-24,18,7443720,10,6479074,2,592010,0,3418969,6,503760,8,3942270,110,885422,134,7939.43,19240347,14432196,0
2022-11-25,679,7444399,475,6479549,13,592023,36,3419005,54,503814,110,3942380,5676,891098,6405,6870.71,19246752,14432835,0
2022-11-26,587,7444986,378,6479927,2,592025,15,3419020,42,503856,62,3942442,4881,895979,5318,6693.71,19252070,14433215,0
2022-11-27,400,7445386,220,6480147,1,592026,9,3419029,23,503879,47,3942489,3174,899153,3361,6626.14,19255431,14433370,0
2022-11-28,948,7446334,694,6480841,9,592035,57,3419086,62,503941,139,3942628,6939,906092,7896,6131,19263327,14434208,0
2022-11-29,918,7447252,705,6481546,8,592043,45,3419131,73,504014,144,3942772,6902,912994,7932,5800.43,19271259,14435120,0
2022-11-30,1206,7448458,869,6482415,14,592057,49,3419180,53,504067,122,3942894,8700,921694,9700,5820.86,19280959,14436018,0
2022-12-01,1126,7449584,765,6483180,11,592068,60,3419240,95,504162,181,3943075,8439,930133,9494,7158,19290453,14436918,0
2022-12-02,1317,7450901,966,6484146,13,592081,70,3419310,103,504265,193,3943268,10190,940323,11504,7886.43,19301957,14438059,0
2022-12-03,608,7451509,420,6484566,12,592093,42,3419352,41,504306,86,3943354,4929,945252,5449,7905.14,19307406,14438496,0
2022-12-04,419,7451928,281,6484847,4,592097,6,3419358,26,504332,39,3943393,3268,948520,3490,7923.57,19310896,14438686,0
2022-12-05,1154,7453082,766,6485613,15,592112,55,3419413,69,504401,140,3943533,8574,957094,9564,8161.86,19320460,14439552,0
2022-12-06,1167,7454249,764,6486377,12,592124,62,3419475,86,504487,167,3943700,8125,965219,9107,8329.71,19329567,14440386,0
2022-12-07,1210,7455459,749,6487126,12,592136,64,3419539,80,504567,166,3943866,8278,973497,9294,8271.71,19338861,14441258,0
2022-12-08,1102,7456561,741,6487867,14,592150,66,3419605,74,504641,161,3944027,8669,982166,9688,8299.43,19348549,14442137,0
2022-12-09,1245,7457806,967,6488834,13,592163,82,3419687,102,504743,209,3944236,10377,992543,11739,8333,19360288,14443315,0
2022-12-10,672,7458478,462,6489296,7,592170,38,3419725,75,504818,131,3944367,6111,998654,6686,8509.71,19366974,14443777,0
2022-12-11,431,7458909,260,6489556,4,592174,11,3419736,35,504853,56,3944423,3683,1002337,3883,8565.86,19370857,14443931,0
2022-12-12,1330,7460239,800,6490356,19,592193,77,3419813,104,504957,206,3944629,9952,1012289,10986,8769,19381843,14444784,0
2022-12-13,1265,7461504,841,6491197,17,592210,50,3419863,97,505054,174,3944803,9703,1021992,10725,9000.14,19392568,14445659,0
2022-12-14,1191,7462695,827,6492024,12,592222,66,3419929,99,505153,192,3944995,9587,1031579,10558,9180.71,19403126,14446465,0
2022-12-15,1194,7463889,694,6492718,10,592232,56,3419985,106,505259,178,3945173,8437,1040016,9386,9137.57,19412512,14447252,0
2022-12-16,1191,7465080,798,6493516,12,592244,68,3420053,119,505378,209,3945382,9322,1049338,10477,8957.29,19422989,14448220,0
2022-12-17,655,7465735,456,6493972,8,592252,29,3420082,34,505412,76,3945458,5787,1055125,6253,8895.43,19429242,14448623,0
2022-12-18,452,7466187,236,6494208,2,592254,14,3420096,23,505435,47,3945505,3440,1058565,3644,8861.29,19432886,14448790,0
2022-12-19,1199,7467386,777,6494985,7,592261,50,3420146,79,505514,142,3945647,8868,1067433,9757,8685.71,19442643,14449550,0
2022-12-20,1201,7468587,753,6495738,18,592279,81,3420227,138,505652,275,3945922,8534,1075967,9647,8531.71,19452290,14450444,0
2022-12-21,1088,7469675,683,6496421,16,592295,49,3420276,93,505745,172,3946094,8204,1084171,9061,8317.86,19461351,14451159,0
2022-12-22,986,7470661,580,6497001,4,592299,41,3420317,72,505817,131,3946225,6875,1091046,7594,8061.86,19468945,14451765,0
2022-12-23,827,7471488,505,6497506,10,592309,38,3420355,57,505874,108,3946333,5855,1096901,6449,7486.43,19475394,14452264,0
2022-12-24,185,7471673,110,6497616,1,592310,2,3420357,16,505890,21,3946354,1358,1098259,1478,6804.29,19476872,14452366,0
2022-12-25,5,7471678,3,6497619,0,592310,0,3420357,0,505890,0,3946354,29,1098288,32,6288.29,19476904,14452369,0
2022-12-26,567,7472245,265,6497884,16,592326,14,3420371,22,505912,41,3946395,3276,1101564,3577,5405.43,19480481,14452634,0
2022-12-27,1080,7473325,596,6498480,13,592339,55,3420426,57,505969,122,3946517,7181,1108745,7965,5165.14,19488446,14453306,0
2022-12-28,1054,7474379,558,6499038,8,592347,52,3420478,62,506031,124,3946641,6920,1115665,7696,4970.14,19496142,14453968,0
2022-12-29,1008,7475387,578,6499616,9,592356,47,3420525,85,506116,156,3946797,6537,1122202,7349,4935.14,19503491,14454648,0
2022-12-30,947,7476334,532,6500148,9,592365,44,3420569,46,506162,100,3946897,6066,1128268,6772,4981.29,19510263,14455264,0
2022-12-31,302,7476636,164,6500312,4,592369,16,3420585,10,506172,29,3946926,1789,1130057,1965,5050.86,19512228,14455414,0
2023-01-01,14,7476650,9,6500321,0,592369,1,3420586,5,506177,6,3946932,47,1130104,69,5056.14,19512297,14455430,0
2023-01-02,648,7477298,320,6500641,9,592378,14,3420600,23,506200,43,3946975,3626,1133730,3961,5111,19516258,14455728,0
2023-01-03,954,7478252,576,6501217,9,592387,36,3420636,51,506251,101,3947076,5380,1139110,6132,4849.14,19522390,14456393,0
2023-01-04,1072,7479324,667,6501884,15,592402,51,3420687,57,506308,126,3947202,6012,1145122,6858,4729.43,19529248,14457131,0
2023-01-05,988,7480312,579,6502463,22,592424,34,3420721,85,506393,139,3947341,5640,1150762,6541,4614,19535789,14457913,0
2023-01-06,1029,7481341,765,6503228,16,592440,48,3420769,83,506476,143,3947484,6330,1157092,7353,4697,19543142,14458805,120000
2023-01-07,604,7481945,418,6503646,8,592448,20,3420789,34,506510,60,3947544,4352,1161444,4802,5102.29,19547944,14459201,120000
2023-01-08,374,7482319,243,6503889,4,592452,11,3420800,29,506539,47,3947591,2527,1163971,2734,5483,19550678,14459368,120000
2023-01-09,925,7483244,549,6504438,17,592469,48,3420848,38,506577,96,3947687,5417,1169388,6213,5804.71,19556891,14460078,120000
2023-01-10,821,7484065,615,6505053,8,592477,45,3420893,67,506644,124,3947811,5093,1174481,5929,5775.71,19562820,14460802,120000
2023-01-11,797,7484862,514,6505567,19,592496,43,3420936,51,506695,112,3947923,4810,1179291,5540,5587.43,19568360,14461438,120000
2023-01-12,249,7485111,186,6505753,4,592500,26,3420962,37,506732,78,3948001,1586,1180877,1958,4932.71,19570318,14461747,120000
