"DATE","ADMIN_DOSE1_DAILY","ADMIN_DOSE1_CUMULATIVE","ADMIN_DOSE2_DAILY","ADMIN_DOSE2_CUMULATIVE","ADMIN_SINGLE_DAILY","ADMIN_SINGLE_CUMULATIVE","ADMIN_ADDITIONAL1_DAILY","ADMIN_ADDITIONAL1_CUMULATIVE","ADMIN_ADDITIONAL2_DAILY","ADMIN_ADDITIONAL2_CUMULATIVE","ADMIN_ADDITIONAL_DAILY","ADMIN_ADDITIONAL_CUMULATIVE","ADMIN_BIVALENT_ADDITIONAL_DAILY","ADMIN_BIVALENT_ADDITIONAL_CUMULATIVE","ADMIN_ALLDOSES_DAILY","ADMIN_ALLDOSES_7DAYAVG","ADMIN_ALLDOSES_CUMULATIVE","ADMIN_ALLDOSES_PRIMARY","INCOMPLETE"
2020-12-14,79,79,0,0,2,2,0,0,0,0,0,0,0,0,81,,81,81,0
2020-12-15,2052,2131,7,7,5,7,0,0,0,0,0,0,0,0,2064,,2145,2145,0
2020-12-16,4603,6734,18,25,4,11,1,1,0,0,1,1,0,0,4626,,6771,6770,0
2020-12-17,4661,11395,18,43,2,13,1,2,0,0,1,2,0,0,4682,,11453,11451,0
2020-12-18,5834,17229,22,65,2,15,2,4,0,0,2,4,0,0,5860,,17313,17309,0
2020-12-19,1688,18917,9,74,3,18,0,4,0,0,0,4,0,0,1700,,19013,19009,0
2020-12-20,1118,20035,2,76,1,19,0,4,0,0,0,4,0,0,1121,2876.29,20134,20130,0
2020-12-21,6391,26426,23,99,0,19,4,8,0,0,4,8,0,0,6418,3781.57,26552,26544,0
2020-12-22,9764,36190,30,129,2,21,1,9,0,0,1,9,0,0,9797,4886.29,36349,36340,0
2020-12-23,14274,50464,39,168,3,24,0,9,0,0,0,9,0,0,14316,6270.57,50665,50656,0
2020-12-24,7170,57634,28,196,1,25,0,9,0,0,0,9,0,0,7199,6630.14,57864,57855,0
2020-12-25,180,57814,0,196,0,25,1,10,0,0,1,10,0,0,181,5818.86,58045,58035,0
2020-12-26,4391,62205,48,244,0,25,1,11,0,0,1,11,0,0,4440,6210.29,62485,62474,0
2020-12-27,3869,66074,15,259,0,25,1,12,0,0,1,12,0,0,3885,6605.14,66370,66358,0
2020-12-28,10991,77065,51,310,1,26,3,15,0,0,3,15,0,0,11046,7266.29,77416,77401,0
2020-12-29,10712,87777,37,347,2,28,3,18,0,0,3,18,0,0,10754,7403,88170,88152,0
2020-12-30,12819,100596,45,392,0,28,0,18,0,0,0,18,0,0,12864,7195.57,101034,101016,0
2020-12-31,7258,107854,38,430,1,29,0,18,0,0,0,18,0,0,7297,7209.57,108331,108313,0
2021-01-01,178,108032,2,432,1,30,3,21,0,0,3,21,0,0,184,7210,108515,108494,0
2021-01-02,3810,111842,10,442,3,33,2,23,0,0,2,23,0,0,3825,7122.14,112340,112317,0
2021-01-03,3545,115387,24,466,2,35,1,24,0,0,1,24,0,0,3572,7077.43,115912,115888,0
2021-01-04,12249,127636,811,1277,2,37,7,31,0,0,7,31,0,0,13069,7366.43,128981,128950,0
2021-01-05,14085,141721,2198,3475,2,39,14,45,1,1,15,46,0,0,16300,8158.71,145281,145235,0
2021-01-06,17794,159515,3928,7403,1,40,34,79,8,9,42,88,0,0,21765,9430.29,167046,166958,0
2021-01-07,16538,176053,5186,12589,4,44,46,125,3,12,49,137,0,0,21777,11498.86,188823,188686,0
2021-01-08,16609,192662,5464,18053,0,44,37,162,5,17,42,179,0,0,22115,14631.86,210938,210759,0
2021-01-09,7648,200310,1464,19517,1,45,8,170,2,19,10,189,0,0,9123,15388.71,220061,219872,0
2021-01-10,7878,208188,980,20497,0,45,14,184,0,19,14,203,0,0,8872,16145.86,228933,228730,0
2021-01-11,25809,233997,7462,27959,2,47,59,243,6,25,65,268,0,0,33338,19041.43,262271,262003,0
2021-01-12,28239,262236,7867,35826,1,48,48,291,4,29,52,320,0,0,36159,21878.43,298430,298110,0
2021-01-13,31696,293932,9426,45252,1,49,60,351,5,34,65,385,0,0,41188,24653.14,339618,339233,0
2021-01-14,35794,329726,5306,50558,1,50,33,384,7,41,40,425,0,0,41141,27419.43,380759,380334,0
2021-01-15,29247,358973,3715,54273,2,52,33,417,6,47,39,464,0,0,33003,28974.86,413762,413298,0
2021-01-16,30257,389230,2398,56671,0,52,25,442,6,53,31,495,0,0,32686,32341,446448,445953,0
2021-01-17,23725,412955,1646,58317,0,52,20,462,1,54,21,516,0,0,25392,34701,471840,471324,0
2021-01-18,27079,440034,2428,60745,0,52,37,499,7,61,44,560,0,0,29552,34160.14,501392,500832,0
2021-01-19,34262,474296,9648,70393,1,53,73,572,8,69,81,641,0,0,43992,35279.14,545384,544743,0
2021-01-20,34844,509140,9506,79899,1,54,62,634,3,72,65,706,0,0,44416,35740.29,589800,589094,0
2021-01-21,25570,534710,8100,87999,2,56,55,689,5,77,60,766,0,0,33732,34681.86,623532,622766,0
2021-01-22,24740,559450,4387,92386,1,57,31,720,7,84,38,804,0,0,29166,34133.71,652698,651894,0
2021-01-23,15732,575182,3227,95613,0,57,12,732,2,86,14,818,0,0,18973,32174.71,671671,670853,0
2021-01-24,7169,582351,3460,99073,0,57,20,752,1,87,21,839,0,0,10650,30068.71,682321,681482,0
2021-01-25,13390,595741,11833,110906,0,57,70,822,13,100,83,922,0,0,25306,29462.14,707627,706705,0
2021-01-26,16747,612488,10764,121670,0,57,69,891,3,103,73,995,0,0,27584,27118.14,735211,734217,0
2021-01-27,20818,633306,12354,134024,0,57,55,946,9,112,64,1059,0,0,33238,25521.29,768449,767391,0
2021-01-28,30724,664030,12860,146884,0,57,86,1032,16,128,102,1161,0,0,43689,26943.71,812138,810978,0
2021-01-29,31665,695695,11515,158399,0,57,85,1117,11,139,96,1257,0,0,43276,28959.43,855414,854158,0
2021-01-30,18704,714399,3744,162143,0,57,23,1140,2,141,26,1283,0,0,22474,29459.57,877888,876607,0
2021-01-31,13004,727403,2932,165075,1,58,28,1168,5,146,33,1316,0,0,15970,30219.57,893858,892544,0
2021-02-01,1180,728583,5400,170475,4,62,37,1205,4,150,41,1357,0,0,6625,27550.86,900483,899128,0
2021-02-02,2823,731406,9441,179916,2,64,55,1260,3,153,58,1415,0,0,12324,25370.86,912807,911394,0
2021-02-03,16340,747746,21232,201148,4,68,218,1478,22,175,240,1655,0,0,37816,26024.86,950623,948970,0
2021-02-04,27031,774777,19652,220800,3,71,213,1691,10,185,223,1878,0,0,46909,26484.86,997532,995656,0
2021-02-05,27574,802351,20029,240829,0,71,197,1888,17,202,215,2093,0,0,47818,27133.71,1045350,1043260,0
2021-02-06,22971,825322,11250,252079,0,71,119,2007,13,215,132,2225,0,0,34353,28830.71,1079703,1077481,0
2021-02-07,12029,837351,8284,260363,1,72,99,2106,12,227,112,2337,0,0,20426,29467.29,1100129,1097796,0
2021-02-08,16933,854284,23527,283890,2,74,241,2347,37,264,279,2616,0,0,40741,34341,1140870,1138259,0
2021-02-09,17181,871465,28089,311979,2,76,361,2708,42,306,406,3022,0,0,45678,39105.86,1186548,1183534,0
2021-02-10,19577,891042,29302,341281,2,78,273,2981,55,361,331,3353,0,0,49213,40734,1235761,1232419,0
2021-02-11,27826,918868,33453,374734,2,80,360,3341,59,420,419,3772,0,0,61702,42847.29,1297463,1293702,0
2021-02-12,38342,957210,30813,405547,3,83,368,3709,42,462,411,4183,0,0,69569,45954.57,1367032,1362861,0
2021-02-13,27977,985187,25315,430862,2,85,319,4028,59,521,379,4562,0,0,53674,48714.71,1420706,1416157,0
2021-02-14,16256,1001443,23722,454584,0,85,282,4310,35,556,317,4879,0,0,40295,51553.14,1461001,1456135,0
2021-02-15,12787,1014230,10526,465110,2,87,182,4492,24,580,207,5086,0,0,23522,49093.29,1484523,1479451,0
2021-02-16,14229,1028459,26705,491815,0,87,345,4837,42,622,388,5474,0,0,41322,48471,1525845,1520386,0
2021-02-17,16376,1044835,22192,514007,1,88,291,5128,43,665,334,5808,0,0,38903,46998.14,1564748,1558955,0
2021-02-18,12131,1056966,24980,538987,21,109,311,5439,47,712,358,6166,0,0,37490,43539.29,1602238,1596087,0
2021-02-19,13235,1070201,23924,562911,38,147,317,5756,49,761,366,6532,0,0,37563,38967,1639801,1633284,0
2021-02-20,11339,1081540,26070,588981,7,154,340,6096,79,840,421,6953,0,0,37838,36704.71,1677639,1670703,0
2021-02-21,6345,1087885,17412,606393,15,169,304,6400,46,886,351,7304,0,0,24123,34394.43,1701762,1694476,0
2021-02-22,13040,1100925,11834,618227,2,171,134,6534,22,908,156,7460,0,0,25032,34610.14,1726794,1719352,0
2021-02-23,25221,1126146,14150,632377,1,172,169,6703,35,943,205,7665,0,0,39578,34361,1766372,1758726,0
2021-02-24,36317,1162463,20407,652784,0,172,235,6938,44,987,280,7945,0,0,57004,36946.86,1823376,1815451,0
2021-02-25,54509,1216972,30452,683236,6,178,419,7357,65,1052,485,8430,0,0,85452,43798.57,1908828,1900419,0
2021-02-26,62783,1279755,31900,715136,4,182,429,7786,81,1133,513,8943,0,0,95200,52032.43,2004028,1995109,0
2021-02-27,51254,1331009,22754,737890,47,229,358,8144,54,1187,413,9356,0,0,74468,57265.29,2078496,2069165,0
2021-02-28,44542,1375551,13853,751743,7,236,209,8353,38,1225,247,9603,0,0,58649,62197.57,2137145,2127567,0
2021-03-01,39298,1414849,12785,764528,10,246,173,8526,24,1249,197,9800,0,0,52290,66091.57,2189435,2179660,0
2021-03-02,47068,1461917,12579,777107,7,253,161,8687,17,1266,178,9978,0,0,59832,68985,2249267,2239314,0
2021-03-03,48587,1510504,16151,793258,17,270,160,8847,21,1287,181,10159,0,0,64936,70118.14,2314203,2304069,0
2021-03-04,59793,1570297,22818,816076,1092,1362,278,9125,38,1325,318,10477,0,0,84021,69913.71,2398224,2387774,0
2021-03-05,60942,1631239,24294,840370,3107,4469,338,9463,36,1361,376,10853,0,0,88719,68987.86,2486943,2476119,0
2021-03-06,47144,1678383,18886,859256,5451,9920,247,9710,42,1403,289,11142,0,0,71770,68602.43,2558713,2547600,0
2021-03-07,36015,1714398,14885,874141,6243,16163,242,9952,23,1426,267,11409,0,0,57410,68425.43,2616123,2604745,0
2021-03-08,39601,1753999,14685,888826,8554,24717,326,10278,93,1519,424,11833,0,0,63264,69993.14,2679387,2667590,0
2021-03-09,39077,1793076,12859,901685,7758,32475,190,10468,35,1554,226,12059,0,0,59920,70005.71,2739307,2727285,0
2021-03-10,51804,1844880,15367,917052,5064,37539,231,10699,34,1588,267,12326,0,0,72502,71086.57,2811809,2799522,0
2021-03-11,59957,1904837,21826,938878,4618,42157,260,10959,48,1636,310,12636,0,0,86711,71470.86,2898520,2885925,0
2021-03-12,52168,1957005,30303,969181,4182,46339,391,11350,91,1727,482,13118,0,0,87135,71244.57,2985655,2972578,0
2021-03-13,40634,1997639,26676,995857,5110,51449,341,11691,57,1784,398,13516,0,0,72819,71394.43,3058474,3044999,0
2021-03-14,30695,2028334,15970,1011827,4522,55971,256,11947,28,1812,286,13802,0,0,51474,70546.43,3109948,3096189,0
2021-03-15,33577,2061911,17255,1029082,4702,60673,248,12195,34,1846,282,14084,0,0,55816,69482.43,3165764,3151723,0
2021-03-16,38657,2100568,20511,1049593,4922,65595,272,12467,36,1882,309,14393,0,0,64399,70122.29,3230163,3215814,0
2021-03-17,42597,2143165,24784,1074377,4241,69836,357,12824,43,1925,401,14794,0,0,72023,70053.86,3302186,3287437,0
2021-03-18,50404,2193569,26810,1101187,5224,75060,391,13215,65,1990,456,15250,0,0,82894,69508.57,3385080,3369875,0
2021-03-19,47758,2241327,29965,1131152,5621,80681,412,13627,75,2065,487,15737,0,0,83832,69036.71,3468912,3453220,0
2021-03-20,38688,2280015,25834,1156986,4681,85362,313,13940,60,2125,374,16111,0,0,69577,68573.57,3538489,3522424,0
2021-03-21,29282,2309297,19354,1176340,769,86131,233,14173,45,2170,278,16389,0,0,49683,68317.71,3588172,3571829,0
2021-03-22,33846,2343143,26754,1203094,4037,90168,261,14434,38,2208,300,16689,0,0,64938,69620.86,3653110,3636468,0
2021-03-23,38411,2381554,32849,1235943,4213,94381,307,14741,56,2264,367,17056,0,0,75840,71255.29,3728950,3711945,0
2021-03-24,41469,2423023,37611,1273554,4843,99224,342,15083,66,2330,411,17467,0,0,84334,73014,3813284,3795871,0
2021-03-25,43383,2466406,50780,1324334,5050,104274,497,15580,88,2418,589,18056,0,0,99802,75429.43,3913086,3895088,0
2021-03-26,38478,2504884,55495,1379829,4307,108581,547,16127,108,2526,659,18715,0,0,98939,77587.57,4012025,3993372,0
2021-03-27,35716,2540600,45742,1425571,2938,111519,439,16566,87,2613,527,19242,0,0,84923,79779.86,4096948,4077769,0
2021-03-28,26371,2566971,34447,1460018,1480,112999,352,16918,67,2680,423,19665,0,0,62721,81642.43,4159669,4140071,0
2021-03-29,34796,2601767,38857,1498875,3243,116242,367,17285,115,2795,483,20148,0,0,77379,83419.71,4237048,4216968,0
2021-03-30,40482,2642249,41921,1540796,3712,119954,355,17640,66,2861,422,20570,0,0,86537,84947.86,4323585,4303084,0
2021-03-31,49364,2691613,44874,1585670,7438,127392,424,18064,88,2949,512,21082,0,0,102188,87498.43,4425773,4404760,0
2021-04-01,50755,2742368,53941,1639611,11272,138664,519,18583,87,3036,610,21692,0,0,116578,89895,4542351,4520732,0
2021-04-02,43747,2786115,53867,1693478,11963,150627,569,19152,72,3108,646,22338,0,0,110223,91507,4652574,4630314,0
2021-04-03,39235,2825350,39206,1732684,9859,160486,353,19505,60,3168,414,22752,0,0,88714,92048.57,4741288,4718615,0
2021-04-04,26547,2851897,24777,1757461,3902,164388,233,19738,51,3219,284,23036,0,0,55510,91018.43,4796798,4773841,0
2021-04-05,41857,2893754,34473,1791934,11194,175582,398,20136,61,3280,460,23496,0,0,87984,92533.43,4884782,4861366,0
2021-04-06,53232,2946986,35616,1827550,13212,188794,453,20589,80,3360,534,24030,0,0,102594,94827.29,4987376,4963427,0
2021-04-07,55470,3002456,40703,1868253,14387,203181,418,21007,84,3444,504,24534,0,0,111064,96095.29,5098440,5073989,0
2021-04-08,59230,3061686,46580,1914833,16335,219516,548,21555,89,3533,638,25172,0,0,122783,96981.71,5221223,5196135,0
2021-04-09,56620,3118306,44944,1959777,17555,237071,547,22102,81,3614,633,25805,0,0,119752,98343,5340975,5315259,0
2021-04-10,49324,3167630,35641,1995418,12716,249787,405,22507,65,3679,474,26279,0,0,98155,99691.71,5439130,5412944,0
2021-04-11,38155,3205785,28826,2024244,7679,257466,303,22810,61,3740,365,26644,0,0,75025,102479.57,5514155,5487605,0
2021-04-12,46615,3252400,31834,2056078,13493,270959,480,23290,69,3809,549,27193,0,0,92491,103123.43,5606646,5579547,0
2021-04-13,52527,3304927,33788,2089866,369,271328,417,23707,65,3874,483,27676,0,0,87167,100919.57,5693813,5666232,0
2021-04-14,50128,3355055,39954,2129820,20,271348,377,24084,79,3953,457,28133,0,0,90559,97990.29,5784372,5756335,0
2021-04-15,52103,3407158,43688,2173508,16,271364,464,24548,108,4061,577,28710,0,0,96385,94219.14,5880757,5852148,0
2021-04-16,51172,3458330,42199,2215707,31,271395,453,25001,75,4136,531,29241,0,0,93933,90530.71,5974690,5945553,0
2021-04-17,43823,3502153,35688,2251395,3,271398,378,25379,85,4221,465,29706,0,0,79979,87934.14,6054669,6025069,0
2021-04-18,28594,3530747,29361,2280756,7,271405,268,25647,66,4287,335,30041,0,0,58297,85544.43,6112966,6083032,0
2021-04-19,37438,3568185,36447,2317203,21,271426,347,25994,71,4358,420,30461,0,0,74326,82949.43,6187292,6156940,0
2021-04-20,40785,3608970,39627,2356830,19,271445,321,26315,84,4442,406,30867,0,0,80837,82045.14,6268129,6237372,0
2021-04-21,38872,3647842,46026,2402856,17,271462,511,26826,99,4541,611,31478,0,0,85526,81326.14,6353655,6322288,0
2021-04-22,38472,3686314,48954,2451810,9,271471,356,27182,79,4620,437,31915,0,0,87873,80110.14,6441528,6409726,0
2021-04-23,39679,3725993,44383,2496193,3,271474,365,27547,76,4696,443,32358,0,0,84508,78763.71,6526036,6493793,0
2021-04-24,31921,3757914,41602,2537795,44,271518,291,27838,62,4758,354,32712,0,0,73921,77898.29,6599957,6567361,0
2021-04-25,18412,3776326,31214,2569009,87,271605,207,28045,62,4820,269,32981,0,0,49982,76710.43,6649939,6617074,0
2021-04-26,26953,3803279,40715,2609724,1012,272617,311,28356,95,4915,411,33392,0,0,69091,75962.57,6719030,6685759,0
2021-04-27,28549,3831828,47127,2656851,1696,274313,379,28735,99,5014,483,33875,0,0,77855,75536.57,6796885,6763136,0
2021-04-28,27006,3858834,56840,2713691,2146,276459,458,29193,102,5116,563,34438,0,0,86555,75683.57,6883440,6849131,0
2021-04-29,28581,3887415,57200,2770891,2150,278609,380,29573,104,5220,486,34924,0,0,88417,75761.29,6971857,6937064,0
2021-04-30,30098,3917513,51990,2822881,2060,280669,294,29867,76,5296,371,35295,0,0,84520,75763,7056377,7021214,0
2021-05-01,22472,3939985,44532,2867413,1177,281846,237,30104,69,5365,308,35603,0,0,68489,74987,7124866,7089397,0
2021-05-02,11916,3951901,36636,2904049,1081,282927,156,30260,58,5423,216,35819,0,0,49849,74968,7174715,7139032,0
2021-05-03,18006,3969907,53017,2957066,2380,285307,271,30531,94,5517,367,36186,0,0,73772,75636.71,7248487,7212439,0
2021-05-04,22723,3992630,56640,3013706,2332,287639,278,30809,118,5635,397,36583,0,0,82093,76242.14,7330580,7294136,0
2021-05-05,21471,4014101,48755,3062461,2313,289952,318,31127,105,5740,424,37007,0,0,72964,74300.57,7403544,7366677,0
2021-05-06,20669,4034770,50177,3112638,2508,292460,283,31410,91,5831,378,37385,0,0,73732,72202.71,7477276,7440035,0
2021-05-07,21230,4056000,52102,3164740,2812,295272,323,31733,81,5912,405,37790,0,0,76549,71064,7553825,7516180,0
2021-05-08,16616,4072616,41866,3206606,1834,297106,236,31969,74,5986,310,38100,0,0,60626,69940.71,7614451,7576496,0
2021-05-09,7966,4080582,29405,3236011,1260,298366,157,32126,56,6042,213,38313,0,0,38844,68368.57,7653295,7615127,0
2021-05-10,14369,4094951,38526,3274537,2356,300722,252,32378,94,6136,350,38663,0,0,55602,65772.86,7708897,7670383,0
2021-05-11,19890,4114841,43056,3317593,2512,303234,297,32675,89,6225,391,39054,0,0,65850,63452.43,7774747,7735847,0
2021-05-12,17809,4132650,40532,3358125,3595,306829,245,32920,81,6306,326,39380,0,0,62262,61923.57,7837009,7797783,0
2021-05-13,24943,4157593,40428,3398553,3229,310058,274,33194,81,6387,357,39737,0,0,68958,61241.57,7905967,7866386,0
2021-05-14,27003,4184596,42942,3441495,3535,313593,279,33473,95,6482,376,40113,0,0,73856,60856.86,7979823,7939868,0
2021-05-15,23637,4208233,34921,3476416,3364,316957,262,33735,75,6557,338,40451,0,0,62260,61090.29,8042083,8001791,0
2021-05-16,15513,4223746,19461,3495877,2496,319453,123,33858,47,6604,171,40622,0,0,37641,60918.43,8079724,8039262,0
2021-05-17,22660,4246406,29136,3525013,3252,322705,191,34049,74,6678,265,40887,0,0,55313,60877.14,8135037,8094310,0
2021-05-18,24613,4271019,31902,3556915,3402,326107,249,34298,84,6762,333,41220,0,0,60250,60077.14,8195287,8154227,0
2021-05-19,24169,4295188,29729,3586644,3040,329147,234,34532,52,6814,287,41507,0,0,57225,59357.57,8252512,8211166,0
2021-05-20,24131,4319319,30102,3616746,3163,332310,276,34808,90,6904,371,41878,0,0,57767,57758.86,8310279,8268567,0
2021-05-21,24662,4343981,32004,3648750,3057,335367,253,35061,63,6967,319,42197,0,0,60042,55785.43,8370321,8328293,0
2021-05-22,20008,4363989,24372,3673122,2523,337890,172,35233,48,7015,221,42418,0,0,47124,53623.14,8417445,8375197,0
2021-05-23,11223,4375212,13735,3686857,1411,339301,95,35328,32,7047,129,42547,0,0,26498,52031.29,8443943,8401568,0
2021-05-24,18854,4394066,23168,3710025,2757,342058,221,35549,55,7102,279,42826,0,0,45058,50566.29,8489001,8446350,0
2021-05-25,19414,4413480,23385,3733410,2601,344659,179,35728,59,7161,238,43064,0,0,45638,48478.86,8534639,8491750,0
2021-05-26,18771,4432251,21090,3754500,2698,347357,206,35934,49,7210,257,43321,0,0,42816,46420.43,8577455,8534311,0
2021-05-27,18450,4450701,21284,3775784,2530,349887,185,36119,62,7272,248,43569,0,0,42512,44241.14,8619967,8576576,0
2021-05-28,17851,4468552,22876,3798660,2751,352638,193,36312,59,7331,253,43822,0,0,43731,41911,8663698,8620055,0
2021-05-29,12701,4481253,17814,3816474,1755,354393,107,36419,40,7371,148,43970,0,0,32418,39810.14,8696116,8652326,0
2021-05-30,7024,4488277,8950,3825424,1074,355467,50,36469,16,7387,66,44036,0,0,17114,38469.57,8713230,8669374,0
2021-05-31,4739,4493016,6922,3832346,1011,356478,66,36535,18,7405,84,44120,0,0,12756,33855,8725986,8682046,0
2021-06-01,16041,4509057,25191,3857537,2177,358655,160,36695,43,7448,207,44327,0,0,43616,33566.14,8769602,8725459,0
2021-06-02,15352,4524409,20401,3877938,2095,360750,141,36836,47,7495,188,44515,0,0,38036,32883.29,8807638,8763307,0
2021-06-03,14991,4539400,23824,3901762,2280,363030,135,36971,45,7540,182,44697,0,0,41277,32706.86,8848915,8804404,0
2021-06-04,14708,4554108,26003,3927765,2492,365522,152,37123,42,7582,195,44892,0,0,43399,32659.43,8892314,8847609,0
2021-06-05,10979,4565087,22103,3949868,1806,367328,117,37240,29,7611,147,45039,0,0,35035,33033.29,8927349,8882498,0
2021-06-06,6443,4571530,14483,3964351,1222,368550,92,37332,13,7624,106,45145,0,0,22254,33767.57,8949603,8904647,0
2021-06-07,11694,4583224,21780,3986131,2378,370928,146,37478,39,7663,188,45333,0,0,36040,37093.86,8985643,8940502,0
2021-06-08,12621,4595845,24019,4010150,2071,372999,129,37607,46,7709,176,45509,0,0,38887,36418.29,9024530,8979214,0
2021-06-09,11120,4606965,23024,4033174,2300,375299,142,37749,44,7753,188,45697,0,0,36632,36217.71,9061162,9015660,0
2021-06-10,12054,4619019,22234,4055408,2461,377760,147,37896,63,7816,210,45907,0,0,36960,35601,9098122,9052410,0
2021-06-11,12691,4631710,25128,4080536,2483,380243,161,38057,63,7879,225,46132,0,0,40527,35190.71,9138649,9092713,0
2021-06-12,10158,4641868,19316,4099852,1888,382131,98,38155,45,7924,145,46277,0,0,31507,34686.71,9170156,9124077,0
2021-06-13,4248,4646116,10940,4110792,1219,383350,42,38197,21,7945,63,46340,0,0,16472,33860.71,9186628,9140486,0
2021-06-14,10199,4656315,19240,4130032,2040,385390,136,38333,53,7998,189,46529,0,0,31668,33236.14,9218296,9171965,0
2021-06-15,11879,4668194,21015,4151047,1942,387332,132,38465,41,8039,175,46704,0,0,35012,32682.57,9253308,9206804,0
2021-06-16,11581,4679775,19400,4170447,1956,389288,152,38617,75,8114,227,46931,0,0,33164,32187.14,9286472,9239741,0
2021-06-17,11015,4690790,18759,4189206,1973,391261,132,38749,35,8149,169,47100,0,0,31916,31466.57,9318388,9271490,0
2021-06-18,12163,4702953,18494,4207700,2115,393376,121,38870,37,8186,159,47259,0,0,32932,30381.57,9351320,9304264,0
2021-06-19,8490,4711443,13517,4221217,1459,394835,91,38961,22,8208,113,47372,0,0,23579,29249,9374899,9327730,0
2021-06-20,4333,4715776,7159,4228376,924,395759,37,38998,16,8224,53,47425,0,0,12469,28677.14,9387368,9340146,0
2021-06-21,10152,4725928,10014,4238390,1806,397565,73,39071,28,8252,102,47527,0,0,22074,27306.57,9409442,9362119,0
2021-06-22,9828,4735756,15643,4254033,1588,399153,108,39179,29,8281,137,47664,0,0,27196,26190,9436638,9389178,0
2021-06-23,10303,4746059,15188,4269221,1862,401015,104,39283,31,8312,136,47800,0,0,27489,25379.29,9464127,9416532,0
2021-06-24,9678,4755737,14702,4283923,1798,402813,125,39408,27,8339,154,47954,0,0,26332,24581.57,9490459,9442712,0
2021-06-25,10583,4766320,14382,4298305,1720,404533,122,39530,38,8377,160,48114,0,0,26845,23712,9517304,9469397,0
2021-06-26,7798,4774118,10465,4308770,1249,405782,79,39609,23,8400,103,48217,0,0,19615,23145.71,9536919,9488910,0
2021-06-27,4997,4779115,6001,4314771,795,406577,35,39644,15,8415,51,48268,0,0,11844,23056.43,9548763,9500704,0
2021-06-28,9028,4788143,10351,4325122,1526,408103,110,39754,26,8441,137,48405,0,0,21042,22909,9569805,9521610,0
2021-06-29,9727,4797870,12332,4337454,1347,409450,126,39880,34,8475,161,48566,0,0,23567,22390.57,9593372,9545017,0
2021-06-30,9424,4807294,10931,4348385,1486,410936,151,40031,18,8493,172,48738,0,0,22013,21608.29,9615385,9566861,0
2021-07-01,9391,4816685,10927,4359312,1434,412370,132,40163,25,8518,159,48897,0,0,21911,20976.71,9637296,9588615,0
2021-07-02,9688,4826373,11457,4370769,1541,413911,119,40282,21,8539,140,49037,0,0,22827,20402.71,9660123,9611302,0
2021-07-03,7058,4833431,8423,4379192,1192,415103,79,40361,17,8556,96,49133,0,0,16769,19996.14,9676892,9627975,0
2021-07-04,1286,4834717,1335,4380527,567,415670,11,40372,3,8559,14,49147,0,0,3202,18761.57,9680094,9631163,0
2021-07-05,6492,4841209,7108,4387635,1207,416877,67,40439,22,8581,89,49236,0,0,14896,17883.57,9694990,9645970,0
2021-07-06,9505,4850714,12854,4400489,1315,418192,117,40556,38,8619,156,49392,0,0,23830,17921.14,9718820,9669645,0
2021-07-07,8661,4859375,11107,4411596,1418,419610,129,40685,21,8640,150,49542,0,0,21336,17824.43,9740156,9690831,0
2021-07-08,8216,4867591,10190,4421786,1258,420868,111,40796,23,8663,136,49678,0,0,19800,17522.86,9759956,9710497,0
2021-07-09,8370,4875961,10831,4432617,1280,422148,92,40888,20,8683,112,49790,0,0,20593,17203.71,9780549,9730978,0
2021-07-10,7097,4883058,8636,4441253,1131,423279,68,40956,21,8704,90,49880,0,0,16954,17230.14,9797503,9747843,0
2021-07-11,4104,4887162,4540,4445793,701,423980,38,40994,6,8710,44,49924,0,0,9389,18114,9806892,9757188,0
2021-07-12,8445,4895607,9564,4455357,1251,425231,85,41079,23,8733,108,50032,0,0,19368,18752.86,9826260,9776448,0
2021-07-13,9457,4905064,9394,4464751,952,426183,109,41188,36,8769,147,50179,0,0,19950,18198.57,9846210,9796253,0
2021-07-14,8991,4914055,9534,4474285,1010,427193,110,41298,22,8791,136,50315,0,0,19671,17960.71,9865881,9815792,0
2021-07-15,8790,4922845,9156,4483441,1052,428245,85,41383,20,8811,106,50421,0,0,19104,17861.29,9884985,9834791,0
2021-07-16,9247,4932092,9764,4493205,980,429225,104,41487,30,8841,134,50555,0,0,20125,17794.43,9905110,9854782,0
2021-07-17,6838,4938930,7389,4500594,803,430028,80,41567,21,8862,101,50656,0,0,15131,17534,9920241,9869812,0
2021-07-18,4252,4943182,4286,4504880,575,430603,36,41603,14,8876,50,50706,0,0,9163,17501.71,9929404,9878925,0
2021-07-19,9118,4952300,8486,4513366,999,431602,93,41696,22,8898,116,50822,0,0,18719,17409,9948123,9897529,0
2021-07-20,10637,4962937,8761,4522127,991,432593,96,41792,25,8923,122,50944,0,0,20511,17489.14,9968634,9917919,0
2021-07-21,10050,4972987,8776,4530903,904,433497,149,41941,33,8956,182,51126,0,0,19912,17523.57,9988546,9937649,0
2021-07-22,10686,4983673,8584,4539487,1045,434542,146,42087,27,8983,174,51300,0,0,20489,17721.43,10009035,9957965,0
2021-07-23,11245,4994918,8887,4548374,1114,435656,140,42227,23,9006,165,51465,0,0,21411,17905.14,10030446,9979213,0
2021-07-24,7399,5002317,6741,4555115,670,436326,82,42309,26,9032,109,51574,0,0,14919,17874.86,10045365,9994024,0
2021-07-25,5470,5007787,2130,4557245,509,436835,58,42367,4,9036,62,51636,0,0,8171,17733.14,10053536,10002133,0
2021-07-26,10864,5018651,7011,4564256,856,437691,113,42480,20,9056,133,51769,0,0,18864,17753.86,10072400,10020864,0
2021-07-27,12058,5030709,8572,4572828,856,438547,140,42620,41,9097,182,51951,0,0,21668,17919.14,10094068,10042351,0
2021-07-28,12002,5042711,8057,4580885,950,439497,138,42758,29,9126,168,52119,0,0,21177,18099.86,10115245,10063361,0
2021-07-29,10922,5053633,7438,4588323,983,440480,139,42897,41,9167,184,52303,0,0,19527,17962.43,10134772,10082708,0
2021-07-30,14945,5068578,8014,4596337,1151,441631,188,43085,32,9199,222,52525,0,0,24332,18379.71,10159104,10106820,0
2021-07-31,9718,5078296,6324,4602661,815,442446,122,43207,21,9220,144,52669,0,0,17001,18677.14,10176105,10123678,0
2021-08-01,6497,5084793,3313,4605974,564,443010,81,43288,22,9242,103,52772,0,0,10477,19006.57,10186582,10134052,0
2021-08-02,13448,5098241,7153,4613127,845,443855,151,43439,19,9261,170,52942,0,0,21616,19399.71,10208198,10155498,0
2021-08-03,15401,5113642,8392,4621519,1109,444964,146,43585,39,9300,186,53128,0,0,25088,19888.29,10233286,10180401,0
2021-08-04,17253,5130895,8136,4629655,1454,446418,183,43768,36,9336,219,53347,0,0,27062,20729,10260348,10207244,0
2021-08-05,17879,5148774,7936,4637591,1371,447789,162,43930,22,9358,184,53531,0,0,27370,21849.43,10287718,10234430,0
2021-08-06,18169,5166943,8422,4646013,1230,449019,171,44101,32,9390,203,53734,0,0,28024,22376.86,10315742,10262251,0
2021-08-07,13376,5180319,6019,4652032,800,449819,105,44206,29,9419,134,53868,0,0,20329,22852.29,10336071,10282446,0
2021-08-08,9309,5189628,3834,4655866,400,450219,84,44290,10,9429,94,53962,0,0,13637,23303.71,10349708,10295989,0
2021-08-09,21333,5210961,8529,4664395,965,451184,178,44468,34,9463,213,54175,0,0,31040,24650,10380748,10326817,0
2021-08-10,18944,5229905,9333,4673728,946,452130,182,44650,33,9496,216,54391,0,0,29439,25271.57,10410187,10356041,0
2021-08-11,15640,5245545,8314,4682042,853,452983,132,44782,46,9542,179,54570,0,0,24986,24975,10435173,10380849,0
2021-08-12,15048,5260593,8989,4691031,942,453925,179,44961,37,9579,218,54788,0,0,25197,24664.57,10460370,10405830,0
2021-08-13,14912,5275505,9294,4700325,919,454844,247,45208,38,9617,286,55074,0,0,25412,24291.43,10485782,10430957,0
2021-08-14,10392,5285897,6412,4706737,625,455469,537,45745,41,9658,581,55655,0,0,18010,23960.14,10503792,10448389,0
2021-08-15,6687,5292584,4483,4711220,676,456145,568,46313,33,9691,605,56260,0,0,12451,23790.71,10516243,10460239,0
2021-08-16,15697,5308281,9310,4720530,1149,457294,1330,47643,68,9759,1403,57663,0,0,27559,23293.43,10543802,10486400,0
2021-08-17,17754,5326035,10457,4730987,1229,458523,1779,49422,85,9844,1879,59542,0,0,31319,23562,10575121,10515855,0
2021-08-18,17476,5343511,10382,4741369,1262,459785,2003,51425,91,9935,2105,61647,0,0,31225,24453.29,10606346,10544986,0
2021-08-19,16284,5359795,9530,4750899,1315,461100,1962,53387,69,10004,2045,63692,0,0,29174,25021.43,10635520,10572129,0
2021-08-20,16257,5376052,11543,4762442,1252,462352,1871,55258,89,10093,1974,65666,0,0,31026,25823.43,10666546,10601195,0
2021-08-21,11141,5387193,8039,4770481,878,463230,1069,56327,53,10146,1129,66795,0,0,21187,26277.29,10687733,10621260,0
2021-08-22,4075,5391268,3903,4774384,261,463491,520,56847,33,10179,557,67352,0,0,8796,25755.14,10696529,10629503,0
2021-08-23,15570,5406838,11811,4786195,1022,464513,1553,58400,77,10256,1643,68995,0,0,30047,26110.57,10726576,10657920,0
2021-08-24,16903,5423741,12599,4798794,1007,465520,1777,60177,82,10338,1867,70862,0,0,32376,26261.57,10758952,10688437,0
2021-08-25,14559,5438300,12456,4811250,1112,466632,1573,61750,82,10420,1670,72532,0,0,29797,26057.57,10788749,10716579,0
2021-08-26,16143,5454443,14100,4825350,1070,467702,1782,63532,71,10491,1865,74397,0,0,33178,26629.57,10821927,10747904,0
2021-08-27,14867,5469310,14828,4840178,971,468673,1678,65210,76,10567,1762,76159,0,0,32428,26829.86,10854355,10778578,0
2021-08-28,10674,5479984,11524,4851702,835,469508,1022,66232,47,10614,1070,77229,0,0,24103,27246.43,10878458,10801612,0
2021-08-29,7208,5487192,7500,4859202,541,470049,782,67014,58,10672,849,78078,0,0,16098,28289.57,10894556,10816870,0
2021-08-30,15508,5502700,16932,4876134,1076,471125,1799,68813,95,10767,1902,79980,0,0,35418,29056.86,10929974,10850394,0
2021-08-31,15497,5518197,15962,4892096,952,472077,1983,70796,91,10858,2084,82064,0,0,34495,29359.57,10964469,10882815,0
2021-09-01,14820,5533017,14113,4906209,1020,473097,1816,72612,62,10920,1888,83952,0,0,31841,29651.57,10996310,10912778,0
2021-09-02,14307,5547324,12525,4918734,896,473993,1717,74329,65,10985,1798,85750,0,0,29526,29129.86,11025836,10940522,0
2021-09-03,14992,5562316,14314,4933048,974,474967,1901,76230,74,11059,1981,87731,0,0,32261,29106,11058097,10970808,0
2021-09-04,9640,5571956,9405,4942453,688,475655,982,77212,34,11093,1021,88752,0,0,20754,28627.57,11078851,10990546,0
2021-09-05,6790,5578746,5511,4947964,438,476093,720,77932,18,11111,739,89491,0,0,13478,28253.29,11092329,11003286,0
2021-09-06,5195,5583941,4511,4952475,357,476450,275,78207,11,11122,288,89779,0,0,10351,24672.29,11102680,11013351,0
2021-09-07,15557,5599498,17699,4970174,912,477362,1564,79771,95,11217,1667,91446,0,0,35835,24863.71,11138515,11047527,0
2021-09-08,16145,5615643,14829,4985003,1069,478431,1787,81558,84,11301,1882,93328,0,0,33925,25161.43,11172440,11079581,0
2021-09-09,16093,5631736,14759,4999762,1048,479479,1921,83479,79,11380,2011,95339,0,0,33911,25787.86,11206351,11111492,0
2021-09-10,18347,5650083,15402,5015164,1207,480686,1982,85461,83,11463,2072,97411,0,0,37028,26468.86,11243379,11146455,0
2021-09-11,12624,5662707,10349,5025513,958,481644,1037,86498,51,11514,1094,98505,0,0,25025,27079,11268404,11170392,0
2021-09-12,8532,5671239,5053,5030566,765,482409,694,87192,32,11546,727,99232,0,0,15077,27307.43,11283481,11184743,0
2021-09-13,16917,5688156,12968,5043534,976,483385,1663,88855,52,11598,1725,100957,0,0,32586,30483.86,11316067,11215614,0
2021-09-14,16257,5704413,13676,5057210,887,484272,1604,90459,57,11655,1673,102630,0,0,32494,30006.57,11348561,11246447,0
2021-09-15,15508,5719921,12898,5070108,727,484999,1575,92034,85,11740,1669,104299,0,0,30802,29560.43,11379363,11275589,0
2021-09-16,15323,5735244,13920,5084028,1209,486208,1473,93507,68,11808,1548,105847,0,0,32000,29287.43,11411363,11306048,0
2021-09-17,14423,5749667,13953,5097981,922,487130,1849,95356,61,11869,1912,107759,0,0,31210,28456.29,11442573,11335348,0
2021-09-18,9983,5759650,10190,5108171,913,488043,1055,96411,42,11911,1101,108860,0,0,22187,28050.86,11464760,11356438,0
2021-09-19,6166,5765816,6079,5114250,558,488601,749,97160,28,11939,782,109642,0,0,13585,27837.71,11478345,11369246,0
2021-09-20,12657,5778473,12635,5126885,1068,489669,1929,99089,62,12001,2000,111642,0,0,28361,27234.14,11506706,11395616,0
2021-09-21,12217,5790690,12771,5139656,1108,490777,2037,101126,82,12083,2135,113777,0,0,28231,26625.14,11534937,11421728,0
2021-09-22,12813,5803503,12009,5151665,1088,491865,1693,102819,69,12152,1768,115545,0,0,27678,26178.86,11562615,11447644,0
2021-09-23,14912,5818415,12771,5164436,1639,493504,2275,105094,77,12229,2359,117904,0,0,31681,26133.29,11594296,11476973,0
2021-09-24,16618,5835033,13363,5177799,1636,495140,4631,109725,128,12357,4777,122681,0,0,36394,26873.86,11630690,11508608,0
2021-09-25,10519,5845552,9034,5186833,1017,496157,3462,113187,83,12440,3562,126243,0,0,24132,27151.71,11654822,11529195,0
2021-09-26,6287,5851839,5768,5192601,773,496930,2424,115611,62,12502,2498,128741,0,0,15326,27400.43,11670148,11542035,0
2021-09-27,14126,5865965,8066,5200667,1155,498085,9086,124697,166,12668,9301,138042,0,0,32649,28013,11702797,11565432,0
2021-09-28,11099,5877064,11790,5212457,901,498986,9936,134633,185,12853,10160,148202,0,0,33950,28830,11736747,11589261,0
2021-09-29,11585,5888649,12196,5224653,1204,500190,9461,144094,180,13033,9675,157877,0,0,34660,29827.43,11771407,11614280,0
2021-09-30,12206,5900855,12613,5237266,1337,501527,9767,153861,185,13218,9986,167863,0,0,36142,30464.71,11807549,11640470,0
2021-10-01,12608,5913463,13432,5250698,1284,502811,10294,164155,158,13376,10490,178353,0,0,37814,30667.57,11845363,11667832,0
2021-10-02,7715,5921178,9983,5260681,865,503676,4249,168404,82,13458,4355,182708,0,0,22918,30494.14,11868281,11686419,0
2021-10-03,5053,5926231,6158,5266839,593,504269,2626,171030,60,13518,2696,185404,1,1,14501,30376.29,11882782,11698233,0
2021-10-04,9894,5936125,11017,5277856,914,505183,9542,180572,152,13670,9730,195134,0,1,31555,30220,11914337,11720094,0
2021-10-05,10129,5946254,11734,5289590,972,506155,9961,190533,181,13851,10185,205319,1,2,33021,30087.29,11947358,11742972,0
2021-10-06,9862,5956116,11051,5300641,937,507092,9955,200488,163,14014,10155,215474,0,2,32006,29708.14,11979364,11764860,0
2021-10-07,9590,5965706,12154,5312795,850,507942,10184,210672,183,14197,10401,225875,0,2,32995,29258.57,12012359,11787488,0
2021-10-08,9425,5975131,12182,5324977,940,508882,10926,221598,168,14365,11133,237008,0,2,33680,28668,12046039,11810074,0
2021-10-09,6224,5981355,8242,5333219,643,509525,4129,225727,92,14457,4239,241247,0,2,19348,28158,12065387,11825201,0
2021-10-10,3528,5984883,5029,5338248,458,509983,2438,228165,49,14506,2495,243742,0,2,11510,27730.71,12076897,11834224,0
2021-10-11,7587,5992470,9340,5347588,728,510711,8911,237076,167,14673,9102,252844,0,2,26757,27045.29,12103654,11851903,0
2021-10-12,8040,6000510,10999,5358587,891,511602,10540,247616,188,14861,10769,263613,0,2,30699,26713.57,12134353,11871874,0
2021-10-13,7121,6007631,10149,5368736,869,512471,8818,256434,185,15046,9033,272646,0,2,27172,26023,12161525,11890043,0
2021-10-14,7402,6015033,11116,5379852,837,513308,10135,266569,170,15216,10345,282991,0,2,29700,25552.29,12191225,11909438,0
2021-10-15,7701,6022734,11859,5391711,823,514131,10860,277429,177,15393,11070,294061,0,2,31453,25234.14,12222678,11929854,0
2021-10-16,4853,6027587,7465,5399176,665,514796,3854,281283,68,15461,3934,297995,0,2,16917,24886.86,12239595,11942849,0
2021-10-17,3047,6030634,4468,5403644,411,515207,2463,283746,46,15507,2516,300511,0,2,10442,24734.29,12250037,11950782,0
2021-10-18,7013,6037647,10672,5414316,797,516004,9499,293245,188,15695,9722,310233,0,2,28204,24941,12278241,11969299,0
2021-10-19,6545,6044192,8944,5423260,803,516807,9109,302354,183,15878,9333,319566,1,3,25626,24216.29,12303867,11985632,0
2021-10-20,6511,6050703,9373,5432633,975,517782,10005,312359,181,16059,10224,329790,2,5,27084,24203.71,12330951,12002528,0
2021-10-21,7000,6057703,9385,5442018,857,518639,10874,323233,159,16218,11069,340859,1,6,28312,24005.43,12359263,12019806,0
2021-10-22,8073,6065776,10344,5452362,1025,519664,16377,339610,232,16450,16663,357522,0,6,36105,24670,12395368,12039302,0
2021-10-23,5146,6070922,6453,5458815,690,520354,9140,348750,119,16569,9280,366802,0,6,21569,25334.57,12416937,12051612,0
2021-10-24,3246,6074168,3967,5462782,766,521120,6177,354927,82,16651,6285,373087,0,6,14264,25880.57,12431201,12059617,0
2021-10-25,8897,6083065,8746,5471528,1152,522272,19286,374213,309,16960,19668,392755,0,6,38463,27346.14,12469664,12078485,0
2021-10-26,8141,6091206,7725,5479253,1258,523530,17317,391530,286,17246,17673,410428,0,6,34797,28656.29,12504461,12095679,0
2021-10-27,10493,6101699,8390,5487643,1604,525134,20899,412429,336,17582,21306,431734,0,6,41793,30757.57,12546254,12116237,0
2021-10-28,11255,6112954,8027,5495670,1793,526927,20906,433335,330,17912,21307,453041,0,6,42382,32767.57,12588636,12137383,0
2021-10-29,11797,6124751,8225,5503895,1967,528894,22581,455916,358,18270,23011,476052,1,7,45002,34038.57,12633638,12159445,0
2021-10-30,4592,6129343,5062,5508957,932,529826,11204,467120,168,18438,11412,487464,0,7,21998,34099.86,12655636,12170071,0
2021-10-31,2643,6131986,2699,5511656,544,530370,6651,473771,107,18545,6782,494246,1,8,12668,33871.86,12668304,12175980,0
2021-11-01,7061,6139047,6954,5518610,1085,531455,20430,494201,345,18890,20837,515083,1,9,35938,33511.14,12704242,12191142,0
2021-11-02,6520,6145567,6586,5525196,1055,532510,20823,515024,283,19173,21184,536267,0,9,35346,33589.57,12739588,12205382,0
2021-11-03,6777,6152344,6675,5531871,1025,533535,20691,535715,316,19489,21084,557351,0,9,35563,32699.57,12775151,12219938,0
2021-11-04,9248,6161592,6275,5538146,995,534530,22431,558146,355,19844,22869,580220,0,9,39387,32271.71,12814538,12236539,0
2021-11-05,11011,6172603,6717,5544863,1049,535579,23812,581958,362,20206,24258,604478,0,9,43035,31990.71,12857573,12255400,0
2021-11-06,11134,6183737,4051,5548914,593,536172,12616,594574,179,20385,12832,617310,0,9,28610,32935.29,12886183,12271215,0
2021-11-07,7222,6190959,2287,5551201,577,536749,7125,601699,99,20484,7239,624549,0,9,17325,33600.57,12903508,12281316,0
2021-11-08,15015,6205974,5678,5556879,862,537611,19543,621242,292,20776,19902,644451,1,10,41458,34389.14,12944966,12302938,0
2021-11-09,16096,6222070,5382,5562261,658,538269,20562,641804,286,21062,20930,665381,0,10,43066,35492,12988032,12325156,0
2021-11-10,16853,6238923,5322,5567583,682,538951,22722,664526,296,21358,23091,688472,0,10,45948,36975.57,13033980,12348086,0
2021-11-11,12483,6251406,5188,5572771,760,539711,22159,686685,300,21658,22529,711001,0,10,40960,37200.29,13074940,12366587,0
2021-11-12,16817,6268223,5684,5578455,705,540416,23487,710172,362,22020,23927,734928,1,11,47134,37785.86,13122074,12389871,0
2021-11-13,9909,6278132,3659,5582114,464,540880,13371,723543,187,22207,13602,748530,0,11,27634,37646.43,13149708,12403947,0
2021-11-14,5974,6284106,2285,5584399,324,541204,7962,731505,82,22289,8065,756595,0,11,16648,37549.71,13166356,12412551,0
2021-11-15,13165,6297271,5973,5590372,688,541892,25184,756689,370,22659,25633,782228,0,11,45459,38121.29,13211815,12432456,0
2021-11-16,9868,6307139,5777,5596149,652,542544,30741,787430,447,23106,31268,813496,0,11,47567,38764.29,13259382,12448835,0
2021-11-17,10197,6317336,6669,5602818,680,543224,31522,818952,432,23538,32045,845541,0,11,49591,39284.71,13308973,12466472,0
2021-11-18,10622,6327958,6523,5609341,854,544078,33125,852077,477,24015,33701,879242,0,11,51700,40819,13360673,12484570,0
2021-11-19,11890,6339848,6550,5615891,707,544785,36373,888450,476,24491,36940,916182,0,11,56087,42098,13416760,12503808,0
2021-11-20,9272,6349120,3413,5619304,512,545297,22583,911033,266,24757,22901,939083,0,11,36098,43307.14,13452858,12517057,0
2021-11-21,4888,6354008,1886,5621190,288,545585,13254,924287,157,24914,13436,952519,1,12,20499,43857.29,13473357,12524144,0
2021-11-22,10315,6364323,5781,5626971,748,546333,36028,960315,456,25370,36577,989096,0,12,53421,44994.71,13526778,12541081,0
2021-11-23,9670,6373993,4779,5631750,631,546964,33621,993936,394,25764,34087,1023183,0,12,49168,45223.43,13575946,12556234,0
2021-11-24,8607,6382600,4746,5636496,648,547612,26003,1019939,294,26058,26369,1049552,1,13,40371,43906.29,13616317,12570307,0
2021-11-25,447,6383047,329,5636825,80,547692,1004,1020943,9,26067,1013,1050565,0,13,1869,36787.57,13618186,12571163,0
2021-11-26,7985,6391032,7004,5643829,528,548220,26656,1047599,315,26382,27029,1077594,0,13,42546,34853.14,13660732,12586738,0
2021-11-27,6633,6397665,6859,5650688,370,548590,18898,1066497,230,26612,19166,1096760,0,13,33029,34414.71,13693761,12600639,0
2021-11-28,4026,6401691,5791,5656479,279,548869,11945,1078442,125,26737,12090,1108850,0,13,22186,34655.71,13715947,12610755,0
2021-11-29,8988,6410679,11018,5667497,684,549553,35164,1113606,464,27201,35706,1144556,1,14,56397,35080.86,13772344,12631523,0
2021-11-30,10389,6421068,11446,5678943,510,550063,37881,1151487,513,27714,38508,1183064,0,14,60853,36750.14,13833197,12653982,0
2021-12-01,11051,6432119,10982,5689925,724,550787,40493,1191980,444,28158,41036,1224100,0,14,63795,40096.43,13896992,12676840,0
2021-12-02,11512,6443631,11057,5700982,625,551412,42341,1234321,478,28636,42918,1267018,0,14,66112,49274,13963104,12700133,0
2021-12-03,13333,6456964,12913,5713895,665,552077,48120,1282441,550,29186,48775,1315793,1,15,75687,54008.43,14038791,12727149,0
2021-12-04,9739,6466703,11320,5725215,564,552641,30776,1313217,314,29500,31144,1346937,0,15,52767,56828.14,14091558,12748826,0
2021-12-05,5685,6472388,5703,5730918,270,552911,16719,1329936,133,29633,16888,1363825,0,15,28547,57736.86,14120105,12760521,0
2021-12-06,12198,6484586,9992,5740910,599,553510,43388,1373324,474,30107,43955,1407780,0,15,66745,59215.14,14186850,12783404,0
2021-12-07,12472,6497058,9259,5750169,623,554133,43200,1416524,528,30635,43817,1451597,0,15,66171,59974.86,14253021,12805847,0
2021-12-08,13420,6510478,8778,5758947,555,554688,40925,1457449,501,31136,41508,1493105,0,15,64261,60041.43,14317282,12828682,0
2021-12-09,13361,6523839,8759,5767706,551,555239,40981,1498430,506,31642,41586,1534691,0,15,64258,59776.57,14381540,12851453,0
2021-12-10,13922,6537761,10162,5777868,666,555905,43825,1542255,544,32186,44457,1579148,0,15,69208,58851,14450748,12876292,0
2021-12-11,10189,6547950,8156,5786024,404,556309,26781,1569036,294,32480,27125,1606273,0,15,45875,57866.43,14496623,12895092,0
2021-12-12,5969,6553919,3856,5789880,287,556596,15209,1584245,138,32618,15372,1621645,0,15,25484,57428.86,14522107,12905229,0
2021-12-13,12096,6566015,7435,5797315,655,557251,38043,1622288,410,33028,38536,1660181,0,15,58722,56282.71,14580829,12925498,0
2021-12-14,12132,6578147,6945,5804260,730,557981,38288,1660576,456,33484,38813,1698994,0,15,58621,55204.14,14639450,12945375,0
2021-12-15,11976,6590123,6245,5810505,754,558735,38289,1698865,499,33983,38869,1737863,0,15,57845,54287.57,14697295,12964432,0
2021-12-16,13057,6603180,4266,5814771,737,559472,41255,1740120,472,34455,41802,1779665,0,15,59862,53659.57,14757157,12982567,0
2021-12-17,15818,6618998,6945,5821716,617,560089,46957,1787077,489,34944,47544,1827209,0,15,70924,53904.71,14828081,13006045,0
2021-12-18,12931,6631929,5733,5827449,432,560521,30714,1817791,282,35226,31053,1858262,1,16,50149,54515.29,14878230,13025197,0
2021-12-19,6954,6638883,2994,5830443,326,560847,18059,1835850,182,35408,18273,1876535,0,16,28547,54952.86,14906777,13035503,0
2021-12-20,16691,6655574,5856,5836299,745,561592,47660,1883510,588,35996,48329,1924864,0,16,71621,56795.57,14978398,13058876,0
2021-12-21,17823,6673397,6579,5842878,806,562398,49072,1932582,616,36612,49767,1974631,0,16,74976,59132,15053374,13084164,0
2021-12-22,18465,6691862,6554,5849432,938,563336,49849,1982431,552,37164,50480,2025111,1,17,76438,61788.14,15129812,13110200,0
2021-12-23,18926,6710788,6489,5855921,929,564265,46029,2028460,545,37709,46641,2071752,0,17,72985,63662.86,15202797,13136611,0
2021-12-24,9179,6719967,2957,5858878,598,564863,20661,2049121,213,37922,20909,2092661,0,17,33643,58337,15236440,13149380,0
2021-12-25,342,6720309,63,5858941,31,564894,427,2049548,8,37930,436,2093097,0,17,872,51297.43,15237312,13149817,0
2021-12-26,7912,6728221,3932,5862873,341,565235,17321,2066869,179,38109,17531,2110628,0,17,29716,51464.43,15267028,13162033,0
2021-12-27,21696,6749917,9213,5872086,934,566169,43569,2110438,575,38684,44217,2154845,0,17,76060,52098.57,15343088,13193949,0
2021-12-28,20038,6769955,8344,5880430,700,566869,47716,2158154,631,39315,48437,2203282,0,17,77519,52461.86,15420607,13223121,0
2021-12-29,18418,6788373,7673,5888103,606,567475,45700,2203854,502,39817,46277,2249559,0,17,72974,51967,15493581,13249893,0
2021-12-30,16805,6805178,7443,5895546,588,568063,44943,2248797,602,40419,45635,2295194,0,17,70472,51608,15564053,13274820,0
2021-12-31,5339,6810517,2818,5898364,193,568256,14801,2263598,189,40608,15012,2310206,0,17,23362,50139.29,15587415,13283192,0
2022-01-01,244,6810761,149,5898513,12,568268,504,2264102,36,40644,544,2310750,0,17,949,50150.29,15588364,13283601,0
2022-01-02,6401,6817162,5020,5903533,153,568421,11011,2275113,111,40755,11137,2321887,0,17,22711,49149.57,15611075,13295190,0
2022-01-03,14064,6831226,8525,5912058,515,568936,27040,2302153,353,41108,27437,2349324,2,19,50543,45504.29,15661618,13318338,0
2022-01-04,12764,6843990,8129,5920187,414,569350,27318,2329471,373,41481,27751,2377075,12,31,49067,41439.71,15710685,13339702,0
2022-01-05,11276,6855266,7034,5927221,386,569736,26039,2355510,320,41801,26404,2403479,0,31,45101,37457.86,15755786,13358444,0
2022-01-06,11301,6866567,7399,5934620,485,570221,27688,2383198,362,42163,28102,2431581,2,33,47288,34145.86,15803074,13377680,0
2022-01-07,10108,6876675,8457,5943077,339,570560,25248,2408446,334,42497,25616,2457197,0,33,44521,37168.57,15847595,13396619,0
2022-01-08,7638,6884313,8605,5951682,311,570871,19649,2428095,193,42690,19859,2477056,0,33,36414,42235,15884009,13413191,0
2022-01-09,4098,6888411,3845,5955527,214,571085,10086,2438181,98,42788,10195,2487251,1,34,18355,41612.71,15902364,13421361,0
2022-01-10,10124,6898535,8202,5963729,490,571575,24660,2462841,311,43099,25022,2512273,1,35,43838,40654.86,15946202,13440227,0
2022-01-11,8826,6907361,7989,5971718,522,572097,21086,2483927,298,43397,21428,2533701,0,35,38769,39183.71,15984971,13457612,0
2022-01-12,8884,6916245,8334,5980052,427,572524,22411,2506338,295,43692,22741,2556442,1,36,40388,38510.43,16025359,13475293,0
2022-01-13,8976,6925221,8872,5988924,451,572975,22964,2529302,345,44037,23347,2579789,1,37,41649,37704.86,16067008,13493632,0
2022-01-14,10052,6935273,8131,5997055,474,573449,26494,2555796,343,44380,26878,2606667,0,37,45535,37849.71,16112543,13512330,0
2022-01-15,6181,6941454,4321,6001376,180,573629,15173,2570969,186,44566,15382,2622049,0,37,26064,36371.14,16138607,13523035,0
2022-01-16,2887,6944341,3251,6004627,95,573724,7844,2578813,90,44656,7944,2629993,0,37,14178,35774.43,16152785,13529279,0
2022-01-17,6031,6950372,6760,6011387,363,574087,14728,2593541,224,44880,14971,2644964,0,37,28125,33529.71,16180910,13542452,0
2022-01-18,8107,6958479,10328,6021715,393,574480,19715,2613256,330,45210,20076,2665040,0,37,38904,33549,16219814,13561311,0
2022-01-19,7400,6965879,9268,6030983,303,574783,17765,2631021,285,45495,18082,2683122,1,38,35054,32787,16254868,13578314,0
2022-01-20,6218,6972097,8569,6039552,305,575088,15309,2646330,258,45753,15594,2698716,0,38,30687,31221,16285555,13593434,0
2022-01-21,7506,6979603,7525,6047077,276,575364,18554,2664884,295,46048,18874,2717590,1,39,34181,29599,16319736,13608765,0
2022-01-22,5168,6984771,4954,6052031,132,575496,11346,2676230,133,46181,11504,2729094,0,39,21758,28983.86,16341494,13619044,0
2022-01-23,2777,6987548,3338,6055369,97,575593,6252,2682482,78,46259,6338,2735432,0,39,12550,28751.29,16354044,13625264,0
2022-01-24,6316,6993864,8215,6063584,262,575855,15106,2697588,254,46513,15387,2750819,0,39,30181,29045,16384225,13640085,0
2022-01-25,6130,6999994,7963,6071547,230,576085,14743,2712331,295,46808,15072,2765891,0,39,29395,27686.57,16413620,13654442,0
2022-01-26,5707,7005701,7190,6078737,287,576372,14049,2726380,225,47033,14302,2780193,0,39,27486,26605.43,16441106,13667654,0
2022-01-27,5202,7010903,7101,6085838,320,576692,14125,2740505,242,47275,14405,2794598,0,39,27028,26082.71,16468134,13680315,0
2022-01-28,6207,7017110,7887,6093725,205,576897,16165,2756670,246,47521,16434,2811032,1,40,30734,25590.29,16498868,13694637,0
2022-01-29,834,7017944,729,6094454,28,576925,2543,2759213,40,47561,2586,2813618,0,40,4177,23078.71,16503045,13696231,0
2022-01-30,2070,7020014,3025,6097479,103,577028,4557,2763770,64,47625,4625,2818243,0,40,9823,22689.14,16512868,13701433,0
2022-01-31,4970,7024984,6597,6104076,219,577247,11412,2775182,208,47833,11635,2829878,0,40,23421,21723.43,16536289,13713234,0
2022-02-01,4794,7029778,6457,6110533,220,577467,10742,2785924,223,48056,10983,2840861,1,41,22455,20732,16558744,13724723,0
2022-02-02,4242,7034020,5937,6116470,212,577679,11261,2797185,243,48299,11522,2852383,0,41,21913,19935.86,16580657,13735132,0
2022-02-03,4198,7038218,5819,6122289,216,577895,11239,2808424,206,48505,11473,2863856,1,42,21707,19175.71,16602364,13745393,0
2022-02-04,4729,7042947,7121,6129410,214,578109,13260,2821684,241,48746,13526,2877382,0,42,25590,18440.86,16627954,13757482,0
2022-02-05,3551,7046498,6083,6135493,109,578218,8606,2830290,159,48905,8781,2886163,0,42,18524,20490.43,16646478,13767241,0
2022-02-06,2048,7048546,2138,6137631,120,578338,4652,2834942,105,49010,4761,2890924,0,42,9068,20382.57,16655546,13771552,0
2022-02-07,4117,7052663,4751,6142382,205,578543,10153,2845095,238,49248,10416,2901340,0,42,19489,19820.86,16675035,13780650,0
2022-02-08,4180,7056843,5607,6147989,214,578757,11356,2856451,316,49564,11697,2913037,0,42,21698,19712.71,16696733,13790676,0
2022-02-09,4103,7060946,5405,6153394,221,578978,11686,2868137,259,49823,11970,2925007,0,42,21699,19682.14,16718432,13800430,0
2022-02-10,3961,7064907,5129,6158523,243,579221,12213,2880350,295,50118,12539,2937546,0,42,21872,19705.71,16740304,13809794,0
2022-02-11,4488,7069395,5811,6164334,195,579416,13757,2894107,327,50445,14116,2951662,0,42,24610,19565.71,16764914,13820320,0
2022-02-12,3234,7072629,4352,6168686,97,579513,8828,2902935,219,50664,9058,2960720,0,42,16741,19311,16781655,13828014,0
2022-02-13,1508,7074137,1544,6170230,41,579554,4888,2907823,115,50779,5008,2965728,0,42,8101,19172.86,16789756,13831112,0
2022-02-14,2956,7077093,3633,6173863,167,579721,10591,2918414,331,51110,10949,2976677,1,43,17706,18918.14,16807462,13837895,0
2022-02-15,3514,7080607,4075,6177938,174,579895,12804,2931218,294,51404,13114,2989791,0,43,20877,18800.86,16828339,13845674,0
2022-02-16,3610,7084217,3913,6181851,199,580094,15768,2946986,299,51703,16103,3005894,0,43,23825,19104.57,16852164,13853432,0
2022-02-17,3985,7088202,4081,6185932,162,580256,18368,2965354,377,52080,18775,3024669,0,43,27003,19837.57,16879167,13861690,0
2022-02-18,4422,7092624,4793,6190725,190,580446,21561,2986915,469,52549,22053,3046722,1,44,31459,20816,16910626,13871118,0
2022-02-19,3231,7095855,2187,6192912,65,580511,11203,2998118,221,52770,11435,3058157,0,44,16918,20841.29,16927544,13876612,0
2022-02-20,1842,7097697,1446,6194358,59,580570,6598,3004716,116,52886,6721,3064878,0,44,10068,21122.29,16937612,13879966,0
2022-02-21,3070,7100767,2695,6197053,93,580663,8369,3013085,236,53122,8618,3073496,0,44,14476,20660.86,16952088,13885837,0
2022-02-22,4358,7105125,4266,6201319,174,580837,10849,3023934,258,53380,11126,3084622,0,44,19924,20524.71,16972012,13894654,0
2022-02-23,4230,7109355,3791,6205110,145,580982,10696,3034630,241,53621,10955,3095577,1,45,19122,19852.86,16991134,13902838,0
2022-02-24,3778,7113133,3663,6208773,108,581090,10203,3044833,242,53863,10463,3106040,1,46,18013,18568.57,17009147,13910405,0
2022-02-25,3585,7116718,3637,6212410,135,581225,9998,3054831,249,54112,10260,3116300,0,46,17617,16591.14,17026764,13917775,0
2022-02-26,2814,7119532,2592,6215002,73,581298,9528,3064359,162,54274,9699,3125999,0,46,15178,16342.57,17041942,13923263,0
2022-02-27,1760,7121292,1373,6216375,52,581350,6277,3070636,102,54376,6386,3132385,0,46,9571,16271.57,17051513,13926455,0
2022-02-28,3764,7125056,3138,6219513,140,581490,13158,3083794,258,54634,13440,3145825,0,46,20482,17129.57,17071995,13933521,0
2022-03-01,2112,7127168,2632,6222145,103,581593,5194,3088988,189,54823,5390,3151215,0,46,10237,15745.71,17082232,13938375,0
2022-03-02,1822,7128990,2448,6224593,107,581700,4149,3093137,211,55034,4371,3155586,0,46,8748,14263.71,17090980,13942763,0
2022-03-03,1926,7130916,2564,6227157,106,581806,3807,3096944,171,55205,3992,3159578,0,46,8588,12917.29,17099568,13947373,0
2022-03-04,2111,7133027,2884,6230041,66,581872,4337,3101281,213,55418,4562,3164140,0,46,9623,11775.29,17109191,13952446,0
2022-03-05,1608,7134635,2128,6232169,43,581915,3321,3104602,119,55537,3443,3167583,0,46,7222,10638.71,17116413,13956228,0
2022-03-06,793,7135428,881,6233050,30,581945,1627,3106229,54,55591,1685,3169268,0,46,3389,9755.57,17119802,13957936,0
2022-03-07,1657,7137085,1788,6234838,87,582032,3508,3109737,163,55754,3685,3172953,0,46,7217,7860.57,17127019,13961482,0
2022-03-08,1541,7138626,1898,6236736,81,582113,3130,3112867,154,55908,3296,3176249,0,46,6816,7371.86,17133835,13965014,0
2022-03-09,1260,7139886,1684,6238420,80,582193,2596,3115463,128,56036,2730,3178979,0,46,5754,6944.14,17139589,13968044,0
2022-03-10,1408,7141294,2097,6240517,84,582277,2977,3118440,165,56201,3151,3182130,0,46,6740,6680.14,17146329,13971642,0
2022-03-11,1595,7142889,2278,6242795,81,582358,3217,3121657,190,56391,3425,3185555,0,46,7379,6359.57,17153708,13975614,0
2022-03-12,875,7143764,1419,6244214,42,582400,2012,3123669,75,56466,2090,3187645,0,46,4426,5960.14,17158134,13977953,0
2022-03-13,624,7144388,757,6244971,28,582428,1291,3124960,50,56516,1344,3188989,0,46,2753,5869.29,17160887,13979365,0
2022-03-14,1357,7145745,1616,6246587,84,582512,3002,3127962,208,56724,3232,3192221,0,46,6289,5736.71,17167176,13982444,0
2022-03-15,1353,7147098,1924,6248511,63,582575,3071,3131033,238,56962,3316,3195537,0,46,6656,5713.86,17173832,13985791,0
2022-03-16,1395,7148493,2059,6250570,94,582669,3148,3134181,296,57258,3460,3198997,0,46,7008,5893,17180840,13989355,0
2022-03-17,1191,7149684,1808,6252378,71,582740,2766,3136947,268,57526,3048,3202045,0,46,6118,5804.14,17186958,13992439,0
2022-03-18,1577,7151261,2223,6254601,79,582819,3781,3140728,422,57948,4209,3206254,1,47,8089,5905.57,17195047,13996324,0
2022-03-19,1102,7152363,1736,6256337,54,582873,2607,3143335,231,58179,2843,3209097,0,47,5735,6092.57,17200782,13999221,0
2022-03-20,604,7152967,630,6256967,33,582906,1470,3144805,186,58365,1660,3210757,0,47,2927,6117.43,17203709,14000492,0
2022-03-21,1409,7154376,1561,6258528,73,582979,3064,3147869,361,58726,3447,3214204,1,48,6491,6146.29,17210200,14003557,0
2022-03-22,1340,7155716,1553,6260081,101,583080,2907,3150776,350,59076,3267,3217471,0,48,6261,6089.86,17216461,14006561,0
2022-03-23,1256,7156972,1359,6261440,66,583146,2926,3153702,374,59450,3310,3220781,0,48,5991,5944.57,17222452,14009252,0
2022-03-24,1207,7158179,1299,6262739,90,583236,2518,3156220,277,59727,2805,3223586,0,48,5401,5842.14,17227853,14011858,0
2022-03-25,1379,7159558,1638,6264377,62,583298,3269,3159489,386,60113,3668,3227254,0,48,6747,5650.43,17234600,14014950,0
2022-03-26,921,7160479,1169,6265546,36,583334,2311,3161800,254,60367,2573,3229827,0,48,4699,5502.43,17239299,14017084,0
2022-03-27,574,7161053,528,6266074,29,583363,1314,3163114,203,60570,1519,3231346,0,48,2650,5462.86,17241949,14018217,0
2022-03-28,1071,7162124,1170,6267244,69,583432,2444,3165558,365,60935,2828,3234174,0,48,5138,5269.57,17247087,14020546,0
2022-03-29,1043,7163167,1107,6268351,84,583516,2515,3168073,887,61822,3423,3237597,1,49,5657,5183.29,17252744,14022800,0
2022-03-30,1235,7164402,1140,6269491,99,583615,3064,3171137,3412,65234,6567,3244164,0,49,9041,5619,17261785,14025365,0
2022-03-31,1274,7165676,1251,6270742,58,583673,3163,3174300,5531,70765,8836,3253000,0,49,11420,6478.86,17273205,14028091,0
2022-04-01,1421,7167097,1487,6272229,77,583750,3244,3177544,6925,77690,10325,3263325,0,49,13310,7416.43,17286515,14031232,0
2022-04-02,904,7168001,909,6273138,33,583783,2085,3179629,4542,82232,6724,3270049,0,49,8570,7969.43,17295085,14033175,0
2022-04-03,553,7168554,490,6273628,28,583811,1219,3180848,3061,85293,4344,3274393,0,49,5415,8364.43,17300500,14034310,0
2022-04-04,1343,7169897,1299,6274927,62,583873,2725,3183573,7722,93015,10604,3284997,0,49,13308,9531.57,17313808,14037171,0
2022-04-05,1289,7171186,1153,6276080,66,583939,2843,3186416,7503,100518,10523,3295520,0,49,13031,10585,17326839,14039856,0
2022-04-06,1327,7172513,1174,6277254,61,584000,2628,3189044,6956,107474,9749,3305269,0,49,12311,11052.14,17339150,14042583,0
2022-04-07,1198,7173711,1061,6278315,57,584057,2378,3191422,6627,114101,9155,3314424,1,50,11472,11059.57,17350622,14045049,0
2022-04-08,1470,7175181,1410,6279725,61,584118,3169,3194591,8791,122892,12160,3326584,0,50,15101,11315.43,17365723,14048190,0
2022-04-09,907,7176088,925,6280650,29,584147,2081,3196672,4959,127851,7127,3333711,0,50,8988,11375.14,17374711,14050138,0
2022-04-10,573,7176661,459,6281109,25,584172,1169,3197841,2902,130753,4134,3337845,0,50,5191,11343.14,17379902,14051258,0
2022-04-11,1305,7177966,1223,6282332,61,584233,2651,3200492,7843,138596,10650,3348495,0,50,13239,11333.29,17393141,14054003,0
2022-04-12,1210,7179176,1054,6283386,73,584306,2515,3203007,7453,146049,10142,3358637,0,50,12479,11254.43,17405620,14056514,0
2022-04-13,1227,7180403,1073,6284459,61,584367,2512,3205519,7552,153601,10217,3368854,0,50,12578,11292.57,17418198,14059028,0
2022-04-14,1259,7181662,1095,6285554,58,584425,2443,3207962,6596,160197,9168,3378022,1,51,11581,11308.14,17429779,14061569,0
2022-04-15,1333,7182995,1092,6286646,53,584478,2552,3210514,6637,166834,9322,3387344,0,51,11800,10836.57,17441579,14064180,0
2022-04-16,853,7183848,652,6287298,34,584512,1641,3212155,3691,170525,5401,3392745,0,51,6940,10544,17448519,14065788,0
2022-04-17,345,7184193,201,6287499,27,584539,636,3212791,1159,171684,1819,3394564,0,51,2392,10144.14,17450911,14066385,0
2022-04-18,1376,7185569,1111,6288610,82,584621,2581,3215372,6417,178101,9142,3403706,0,51,11711,9925.86,17462622,14069098,0
2022-04-19,1406,7186975,933,6289543,71,584692,2569,3217941,5768,183869,8440,3412146,0,51,10850,9693.14,17473472,14071611,0
2022-04-20,1295,7188270,1151,6290694,66,584758,2711,3220652,6648,190517,9502,3421648,0,51,12014,9612.57,17485486,14074266,0
2022-04-21,1224,7189494,1061,6291755,53,584811,2339,3222991,5401,195918,7859,3429507,1,52,10198,9415,17495684,14076723,0
2022-04-22,1231,7190725,1038,6292793,46,584857,2240,3225231,5784,201702,8140,3437647,0,52,10455,9222.86,17506139,14079154,0
2022-04-23,710,7191435,751,6293544,59,584916,1427,3226658,3353,205055,4847,3442494,0,52,6367,9141,17512506,14080741,0
2022-04-24,445,7191880,344,6293888,27,584943,812,3227470,1845,206900,2690,3445184,0,52,3506,9300.14,17516012,14081590,0
2022-04-25,1036,7192916,917,6294805,64,585007,1849,3229319,5094,211994,7058,3452242,0,52,9076,8923.71,17525088,14083723,0
2022-04-26,946,7193862,856,6295661,76,585083,1748,3231067,4696,216690,6539,3458781,0,52,8417,8576.14,17533505,14085696,0
2022-04-27,1034,7194896,1020,6296681,80,585163,1924,3232991,5219,221909,7264,3466045,0,52,9398,8202.43,17542903,14087951,0
2022-04-28,1080,7195976,986,6297667,50,585213,2006,3234997,4748,226657,6868,3472913,1,53,8986,8029.29,17551889,14090182,0
2022-04-29,1171,7197147,1102,6298769,60,585273,2157,3237154,5437,232094,7712,3480625,0,53,10045,7970.71,17561934,14092633,0
2022-04-30,723,7197870,742,6299511,50,585323,1392,3238546,2965,235059,4405,3485030,0,53,5920,7906.86,17567854,14094196,0
2022-05-01,445,7198315,366,6299877,20,585343,766,3239312,1656,236715,2454,3487484,0,53,3285,7875.29,17571139,14095059,0
2022-05-02,1042,7199357,791,6300668,52,585395,1674,3240986,3822,240537,5567,3493051,2,55,7453,7643.43,17578592,14097014,0
2022-05-03,1116,7200473,864,6301532,61,585456,1994,3242980,4871,245408,6963,3500014,0,55,9004,7727.29,17587596,14099153,0
2022-05-04,1003,7201476,881,6302413,48,585504,1924,3244904,4678,250086,6696,3506710,0,55,8628,7617.29,17596224,14101179,0
2022-05-05,1070,7202546,952,6303365,86,585590,1926,3246830,4891,254977,6916,3513626,0,55,9024,7622.71,17605248,14103386,0
2022-05-06,1095,7203641,956,6304321,51,585641,1858,3248688,4402,259379,6338,3519964,2,57,8440,7393.43,17613688,14105564,0
2022-05-07,659,7204300,590,6304911,32,585673,1205,3249893,2433,261812,3679,3523643,1,58,4960,7256.29,17618648,14106885,0
2022-05-08,410,7204710,243,6305154,17,585690,665,3250558,1389,263201,2076,3525719,0,58,2746,7179.29,17621394,14107577,0
2022-05-09,1076,7205786,945,6306099,60,585750,1889,3252447,4435,267636,6421,3532140,0,58,8502,7329.14,17629896,14109755,0
2022-05-10,1093,7206879,928,6307027,54,585804,1978,3254425,4721,272357,6808,3538948,0,58,8883,7311.86,17638779,14111939,0
2022-05-11,1083,7207962,969,6307996,44,585848,1941,3256366,4843,277200,6889,3545837,0,58,8985,7362.86,17647764,14114140,0
2022-05-12,1099,7209061,950,6308946,60,585908,2001,3258367,4668,281868,6770,3552607,0,58,8879,7342.14,17656643,14116350,0
2022-05-13,1153,7210214,1038,6309984,44,585952,2074,3260441,4810,286678,6976,3559583,0,58,9211,7452.29,17665854,14118677,0
2022-05-14,826,7211040,671,6310655,31,585983,1468,3261909,2965,289643,4475,3564058,0,58,6003,7601.29,17671857,14120247,0
2022-05-15,508,7211548,354,6311009,22,586005,924,3262833,1650,291293,2600,3566658,0,58,3484,7706.71,17675341,14121157,0
2022-05-16,1222,7212770,855,6311864,62,586067,1831,3264664,3870,295163,5766,3572424,1,59,7906,7621.57,17683247,14123361,0
2022-05-17,1282,7214052,931,6312795,79,586146,2046,3266710,4900,300063,7040,3579464,1,60,9333,7685.86,17692580,14125747,0
2022-05-18,1233,7215285,898,6313693,82,586228,2063,3268773,4947,305010,7124,3586588,1,61,9338,7736.29,17701918,14128074,0
2022-05-19,1157,7216442,881,6314574,36,586264,2117,3270890,4732,309742,6936,3593524,0,61,9010,7755,17710928,14130235,0
2022-05-20,1195,7217637,958,6315532,73,586337,2369,3273259,5216,314958,7697,3601221,1,62,9926,7857.14,17720854,14132575,0
2022-05-21,831,7218468,647,6316179,24,586361,1725,3274984,3312,318270,5099,3606320,0,62,6601,7942.57,17727455,14134139,0
2022-05-22,506,7218974,292,6316471,22,586383,1136,3276120,1839,320109,3010,3609330,0,62,3830,7992,17731285,14134994,0
2022-05-23,1215,7220189,885,6317356,52,586435,2189,3278309,4712,324821,7004,3616334,1,63,9157,8170.71,17740442,14137249,0
2022-05-24,1403,7221592,934,6318290,66,586501,2306,3280615,4491,329312,6904,3623238,0,63,9308,8167.14,17749750,14139760,0
2022-05-25,1410,7223002,956,6319246,57,586558,2264,3282879,4276,333588,6642,3629880,0,63,9066,8128.29,17758816,14142286,0
2022-05-26,1166,7224168,889,6320135,60,586618,2274,3285153,4155,337743,6497,3636377,1,64,8614,8071.71,17767430,14144470,0
2022-05-27,1242,7225410,954,6321089,38,586656,2496,3287649,3925,341668,6500,3642877,0,64,8735,7901.57,17776165,14146784,0
2022-05-28,710,7226120,515,6321604,19,586675,1783,3289432,2070,343738,3893,3646770,0,64,5137,7692.43,17781302,14148068,0
2022-05-29,470,7226590,216,6321820,11,586686,760,3290192,1127,344865,1907,3648677,0,64,2604,7517.29,17783906,14148785,0
2022-05-30,91,7226681,62,6321882,6,586692,138,3290330,144,345009,284,3648961,2,66,445,6272.71,17784351,14148946,0
2022-05-31,1135,7227816,918,6322800,51,586743,1901,3292231,3054,348063,5016,3653977,0,66,7120,5960.14,17791471,14151111,0
2022-06-01,1151,7228967,850,6323650,63,586806,1970,3294201,3434,351497,5479,3659456,0,66,7543,5742.57,17799014,14153250,0
2022-06-02,1026,7229993,798,6324448,72,586878,1827,3296028,3178,354675,5067,3664523,0,66,6963,5506.71,17805977,14155208,0
2022-06-03,1154,7231147,894,6325342,47,586925,2073,3298101,3494,358169,5637,3670160,0,66,7732,5363.43,17813709,14157373,0
2022-06-04,720,7231867,584,6325926,26,586951,1560,3299661,1907,360076,3503,3673663,0,66,4835,5320.29,17818544,14158741,0
2022-06-05,447,7232314,297,6326223,1,586952,881,3300542,981,361057,1871,3675534,0,66,2616,5322,17821160,14159495,0
2022-06-06,1120,7233434,829,6327052,65,587017,1757,3302299,2747,363804,4555,3680089,0,66,6569,6196.86,17827729,14161560,0
2022-06-07,1017,7234451,773,6327825,70,587087,1795,3304094,2569,366373,4412,3684501,0,66,6273,6075.86,17834002,14163469,0
2022-06-08,1089,7235540,836,6328661,75,587162,1878,3305972,2751,369124,4694,3689195,1,67,6694,5954.57,17840696,14165533,0
2022-06-09,1135,7236675,840,6329501,62,587224,2229,3308201,2693,371817,4975,3694170,0,67,7012,5961.57,17847708,14167623,0
2022-06-10,1045,7237720,816,6330317,76,587300,1881,3310082,2834,374651,4772,3698942,0,67,6709,5815.43,17854417,14169617,0
2022-06-11,678,7238398,507,6330824,25,587325,1333,3311415,1505,376156,2865,3701807,0,67,4075,5706.86,17858492,14170854,0
2022-06-12,349,7238747,287,6331111,21,587346,876,3312291,776,376932,1661,3703468,0,67,2318,5664.29,17860810,14171520,0
2022-06-13,1027,7239774,767,6331878,62,587408,1584,3313875,2189,379121,3813,3707281,0,67,5670,5535.86,17866480,14173417,0
2022-06-14,973,7240747,833,6332711,65,587473,1693,3315568,2504,381625,4260,3711541,0,67,6131,5515.57,17872611,14175351,0
2022-06-15,969,7241716,865,6333576,39,587512,1666,3317234,2426,384051,4153,3715694,0,67,6026,5420.14,17878637,14177285,0
2022-06-16,960,7242676,777,6334353,59,587571,1835,3319069,2365,386416,4257,3719951,1,68,6053,5283.14,17884690,14179137,0
2022-06-17,898,7243574,797,6335150,48,587619,1772,3320841,2405,388821,4223,3724174,1,69,5968,5177.29,17890658,14180927,0
2022-06-18,658,7244232,523,6335673,26,587645,1284,3322125,1296,390117,2610,3726784,2,71,3817,5140.43,17894475,14182162,0
2022-06-19,345,7244577,232,6335905,16,587661,728,3322853,610,390727,1350,3728134,0,71,1943,5086.86,17896418,14182767,0
2022-06-20,828,7245405,489,6336394,41,587702,1581,3324434,1610,392337,3231,3731365,0,71,4589,4932.43,17901007,14184165,0
2022-06-21,1129,7246534,739,6337133,49,587751,1704,3326138,2141,394478,3903,3735268,0,71,5822,4888.29,17906829,14186142,0
2022-06-22,1957,7248491,835,6337968,47,587798,1710,3327848,1995,396473,3748,3739016,0,71,6587,4968.43,17913416,14189024,0
2022-06-23,2119,7250610,763,6338731,66,587864,1703,3329551,2158,398631,3912,3742928,0,71,6860,5083.71,17920276,14192023,0
2022-06-24,2167,7252777,760,6339491,48,587912,1625,3331176,2162,400793,3835,3746763,0,71,6810,5204,17927086,14195046,0
2022-06-25,2136,7254913,498,6339989,15,587927,1238,3332414,1142,401935,2396,3749159,0,71,5048,5379.86,17932134,14197714,0
2022-06-26,1209,7256122,248,6340237,14,587941,687,3333101,531,402466,1224,3750383,0,71,2695,5487.29,17934829,14199191,0
2022-06-27,1530,7257652,656,6340893,60,588001,1472,3334573,1655,404121,3168,3753551,0,71,5415,5605.29,17940244,14201479,0
2022-06-28,1686,7259338,830,6341723,57,588058,1867,3336440,2144,406265,4057,3757608,0,71,6630,5720.71,17946874,14204098,0
2022-06-29,1855,7261193,777,6342500,48,588106,1719,3338159,1928,408193,3686,3761294,0,71,6366,5689.14,17953240,14206817,0
2022-06-30,1865,7263058,807,6343307,46,588152,1735,3339894,2134,410327,3913,3765207,0,71,6631,5656.43,17959871,14209579,0
2022-07-01,1605,7264663,597,6343904,26,588178,1400,3341294,1730,412057,3163,3768370,0,71,5391,5453.71,17965262,14211840,0
2022-07-02,979,7265642,390,6344294,19,588197,841,3342135,940,412997,1799,3770169,1,72,3187,5187.86,17968449,14213245,0
2022-07-03,529,7266171,205,6344499,7,588204,461,3342596,486,413483,950,3771119,0,72,1691,5044.43,17970140,14213989,0
2022-07-04,36,7266207,25,6344524,1,588205,31,3342627,38,413521,69,3771188,0,72,131,4289.57,17970271,14214051,0
2022-07-05,1296,7267503,757,6345281,35,588240,1406,3344033,1739,415260,3176,3774364,0,72,5264,4094.43,17975535,14216170,0
2022-07-06,1612,7269115,677,6345958,44,588284,1442,3345475,1845,417105,3329,3777693,0,72,5662,3993.86,17981197,14218545,0
2022-07-07,1591,7270706,713,6346671,48,588332,1527,3347002,2002,419107,3567,3781260,0,72,5919,3892.14,17987116,14220935,0
2022-07-08,1633,7272339,651,6347322,37,588369,1476,3348478,1980,421087,3505,3784765,0,72,5827,3954.43,17992943,14223306,0
2022-07-09,985,7273324,435,6347757,26,588395,884,3349362,1347,422434,2262,3787027,0,72,3708,4028.86,17996651,14224783,0
2022-07-10,637,7273961,187,6347944,17,588412,430,3349792,659,423093,1099,3788126,0,72,1940,4064.43,17998591,14225634,0
2022-07-11,1395,7275356,634,6348578,49,588461,1446,3351238,2212,425305,3693,3791819,0,72,5771,4870.14,18004362,14227747,0
2022-07-12,1407,7276763,687,6349265,45,588506,1404,3352642,2514,427819,3993,3795812,0,72,6132,4994.14,18010494,14229961,0
2022-07-13,1614,7278377,726,6349991,37,588543,1525,3354167,2841,430660,4431,3800243,0,72,6808,5157.86,18017302,14232403,0
2022-07-14,1587,7279964,842,6350833,47,588590,1605,3355772,3063,433723,4746,3804989,0,72,7223,5344.14,18024525,14234958,0
2022-07-15,1615,7281579,936,6351769,47,588637,1579,3357351,3058,436781,4697,3809686,0,72,7295,5553.86,18031820,14237616,0
2022-07-16,881,7282460,586,6352355,9,588646,986,3358337,1701,438482,2717,3812403,1,73,4194,5623.29,18036014,14239122,0
2022-07-17,550,7283010,289,6352644,16,588662,527,3358864,1166,439648,1719,3814122,0,73,2574,5713.86,18038588,14240003,0
2022-07-18,1403,7284413,844,6353488,45,588707,1430,3360294,2464,442112,3952,3818074,0,73,6244,5781.43,18044832,14242353,0
2022-07-19,1440,7285853,976,6354464,51,588758,1543,3361837,2803,444915,4438,3822512,0,73,6905,5891.86,18051737,14244912,0
2022-07-20,1380,7287233,1483,6355947,50,588808,1354,3363191,2397,447312,3813,3826325,0,73,6727,5880.29,18058464,14247888,0
2022-07-21,1333,7288566,1435,6357382,50,588858,1396,3364587,2364,449676,3809,3830134,0,73,6627,5795.14,18065091,14250755,0
2022-07-22,1428,7289994,1569,6358951,42,588900,1563,3366150,2857,452533,4503,3834637,0,73,7542,5830.43,18072633,14253877,0
2022-07-23,906,7290900,1102,6360053,17,588917,999,3367149,1554,454087,2589,3837226,3,76,4617,5890.86,18077250,14255938,0
2022-07-24,483,7291383,642,6360695,14,588931,504,3367653,805,454892,1317,3838543,0,76,2457,5874.14,18079707,14257086,0
2022-07-25,1230,7292613,765,6361460,59,588990,1263,3368916,2065,456957,3381,3841924,0,76,5435,5758.57,18085142,14259193,0
2022-07-26,1234,7293847,1022,6362482,41,589031,1478,3370394,2445,459402,3982,3845906,0,76,6279,5669.14,18091421,14261549,0
2022-07-27,1318,7295165,1279,6363761,42,589073,1393,3371787,2193,461595,3647,3849553,3,79,6290,5606.71,18097711,14264250,0
2022-07-28,1312,7296477,1424,6365185,72,589145,1425,3373212,2217,463812,3692,3853245,1,80,6501,5588.71,18104212,14267108,0
2022-07-29,1318,7297795,1430,6366615,64,589209,1361,3374573,2161,465973,3565,3856810,0,80,6377,5422.29,18110589,14269963,0
2022-07-30,738,7298533,720,6367335,25,589234,795,3375368,961,466934,1778,3858588,0,80,3264,5229,18113853,14271471,0
2022-07-31,422,7298955,590,6367925,14,589248,488,3375856,571,467505,1065,3859653,0,80,2091,5176.71,18115944,14272503,0
2022-08-01,1245,7300200,914,6368839,55,589303,1334,3377190,1510,469015,2890,3862543,1,81,5105,5129.57,18121049,14274763,0
2022-08-02,1230,7301430,1013,6369852,73,589376,1350,3378540,1602,470617,2998,3865541,0,81,5314,4991.71,18126363,14277125,0
2022-08-03,1263,7302693,1190,6371042,41,589417,1344,3379884,1532,472149,2916,3868457,1,82,5411,4866.14,18131774,14279659,0
2022-08-04,1190,7303883,1187,6372229,58,589475,1288,3381172,1460,473609,2779,3871236,0,82,5214,4682.29,18136988,14282125,0
2022-08-05,1315,7305198,1451,6373680,49,589524,1316,3382488,1442,475051,2782,3874018,0,82,5597,4570.86,18142585,14284964,0
2022-08-06,696,7305894,844,6374524,14,589538,766,3383254,777,475828,1568,3875586,0,82,3123,4550.71,18145708,14286544,0
2022-08-07,389,7306283,454,6374978,14,589552,428,3383682,358,476186,797,3876383,0,82,1654,4488.29,18147362,14287412,0
2022-08-08,1191,7307474,934,6375912,70,589622,1279,3384961,1187,477373,2496,3878879,0,82,4691,4429.14,18152053,14289637,0
2022-08-09,1133,7308607,890,6376802,38,589660,1232,3386193,1162,478535,2427,3881306,1,83,4489,4311.29,18156542,14291731,0
2022-08-10,1222,7309829,1115,6377917,59,589719,1260,3387453,1247,479782,2542,3883848,0,83,4938,4243.71,18161480,14294162,0
2022-08-11,1279,7311108,1071,6378988,84,589803,1212,3388665,1279,481061,2530,3886378,0,83,4964,4208,18166444,14296635,0
2022-08-12,1293,7312401,1411,6380399,55,589858,1269,3389934,1249,482310,2550,3888928,0,83,5309,4166.86,18171753,14299426,0
2022-08-13,755,7313156,789,6381188,15,589873,764,3390698,634,482944,1416,3890344,0,83,2975,4145.71,18174728,14301003,0
2022-08-14,468,7313624,477,6381665,20,589893,405,3391103,283,483227,691,3891035,0,83,1656,4146,18176384,14301971,0
2022-08-15,1246,7314870,1067,6382732,60,589953,1318,3392421,991,484218,2350,3893385,1,84,4724,4150.71,18181108,14304385,0
2022-08-16,1304,7316174,869,6383601,50,590003,1371,3393792,1079,485297,2482,3895867,0,84,4706,4181.71,18185814,14306641,0
2022-08-17,1212,7317386,959,6384560,39,590042,1237,3395029,1005,486302,2281,3898148,1,85,4492,4118,18190306,14308890,0
2022-08-18,1168,7318554,944,6385504,45,590087,1269,3396298,949,487251,2243,3900391,0,85,4400,4037.43,18194706,14311072,0
2022-08-19,1254,7319808,1136,6386640,34,590121,1121,3397419,978,488229,2130,3902521,6,91,4560,3930.43,18199266,14313527,0
2022-08-20,590,7320398,492,6387132,16,590137,636,3398055,517,488746,1166,3903687,1,92,2265,3829,18201531,14314638,0
2022-08-21,358,7320756,243,6387375,9,590146,382,3398437,267,489013,652,3904339,0,92,1262,3772.71,18202793,14315251,0
2022-08-22,1221,7321977,923,6388298,40,590186,1238,3399675,888,489901,2153,3906492,0,92,4337,3717.43,18207130,14317462,0
2022-08-23,1238,7323215,1050,6389348,48,590234,1384,3401059,962,490863,2374,3908866,3,95,4713,3718.43,18211843,14319826,0
2022-08-24,1265,7324480,1016,6390364,29,590263,1295,3402354,822,491685,2143,3911009,1,96,4455,3713.14,18216298,14322163,0
2022-08-25,1221,7325701,995,6391359,66,590329,1194,3403548,813,492498,2023,3913032,4,100,4308,3700,18220606,14324460,0
2022-08-26,1187,7326888,1179,6392538,56,590385,1194,3404742,780,493278,1995,3915027,1,101,4417,3679.57,18225023,14326902,0
2022-08-27,694,7327582,543,6393081,14,590399,685,3405427,404,493682,1102,3916129,4,105,2357,3692.71,18227380,14328166,0
2022-08-28,378,7327960,240,6393321,10,590409,442,3405869,228,493910,673,3916802,0,105,1301,3698.29,18228681,14328797,0
2022-08-29,1253,7329213,981,6394302,41,590450,1231,3407100,689,494599,1941,3918743,0,105,4217,3681.14,18232898,14331094,0
2022-08-30,1267,7330480,942,6395244,36,590486,1273,3408373,766,495365,2070,3920813,2,107,4317,3624.57,18237215,14333370,0
2022-08-31,1154,7331634,1014,6396258,43,590529,1105,3409478,573,495938,1699,3922512,0,107,3911,3546.86,18241126,14335603,0
2022-09-01,1026,7332660,963,6397221,51,590580,810,3410288,456,496394,1280,3923792,6,113,3327,3406.71,18244453,14337658,0
2022-09-02,977,7333637,1021,6398242,32,590612,595,3410883,176,496570,778,3924570,92,205,2885,3187.86,18247338,14339680,0
2022-09-03,533,7334170,450,6398692,12,590624,370,3411253,50,496620,424,3924994,314,519,1684,3091.71,18249022,14340630,0
2022-09-04,252,7334422,212,6398904,10,590634,189,3411442,25,496645,216,3925210,312,831,959,3042.86,18249981,14341063,0
2022-09-05,78,7334500,71,6398975,7,590641,44,3411486,16,496661,61,3925271,9,840,226,2472.71,18250207,14341220,0
2022-09-06,1129,7335629,1228,6400203,51,590692,638,3412124,130,496791,777,3926048,1269,2109,4235,2461,18254442,14343418,0
2022-09-07,1474,7337103,1380,6401583,38,590730,486,3412610,156,496947,662,3926710,6446,8555,9122,3205.43,18263564,14345452,0
2022-09-08,1526,7338629,1196,6402779,36,590766,253,3412863,111,497058,380,3927090,7827,16382,9846,4136.71,18273410,14347107,0
2022-09-09,1549,7340178,1609,6404388,49,590815,285,3413148,122,497180,438,3927528,9888,26270,12371,5491.86,18285781,14349183,0
2022-09-10,844,7341022,838,6405226,12,590827,270,3413418,45,497225,328,3927856,5318,31588,6759,6216.86,18292540,14350309,0
2022-09-11,495,7341517,440,6405666,11,590838,86,3413504,30,497255,125,3927981,3941,35529,4529,6726.86,18297069,14350781,0
2022-09-12,1670,7343187,1438,6407104,39,590877,206,3413710,92,497347,332,3928313,11659,47188,13542,8629.14,18310611,14352366,0
2022-09-13,1397,7344584,1271,6408375,33,590910,221,3413931,118,497465,388,3928701,9733,56921,11737,9700.86,18322348,14354031,0
2022-09-14,1410,7345994,1270,6409645,32,590942,226,3414157,125,497590,390,3929091,11029,67950,13078,10266,18335426,14355729,0
2022-09-15,1560,7347554,1280,6410925,23,590965,227,3414384,109,497699,371,3929462,12085,80035,14108,10874.86,18349534,14357416,0
2022-09-16,1682,7349236,1629,6412554,27,590992,270,3414654,157,497856,482,3929944,13805,93840,16267,11431.43,18365801,14359451,0
2022-09-17,800,7350036,866,6413420,12,591004,275,3414929,78,497934,376,3930320,7002,100842,8411,11667.43,18374212,14360507,0
2022-09-18,518,7350554,410,6413830,7,591011,74,3415003,26,497960,113,3930433,4482,105324,4974,11731,18379186,14360899,0
2022-09-19,1549,7352103,1325,6415155,29,591040,227,3415230,98,498058,351,3930784,13811,119135,15515,12012.86,18394701,14362278,0
2022-09-20,1438,7353541,1252,6416407,27,591067,223,3415453,91,498149,360,3931144,13211,132346,15014,12481,18409715,14363767,0
2022-09-21,1665,7355206,1352,6417759,31,591098,261,3415714,131,498280,426,3931570,14941,147287,16850,13019.86,18426565,14365284,0
2022-09-22,1470,7356676,1259,6419018,28,591126,174,3415888,139,498419,358,3931928,13231,160518,15051,13154.57,18441616,14366791,0
2022-09-23,1734,7358410,1648,6420666,24,591150,252,3416140,145,498564,460,3932388,16948,177466,19251,13580.86,18460867,14368697,0
2022-09-24,799,7359209,887,6421553,8,591158,272,3416412,68,498632,359,3932747,7504,184970,8853,13644,18469720,14369706,0
2022-09-25,484,7359693,391,6421944,1,591159,72,3416484,47,498679,128,3932875,4508,189478,4995,13647,18474715,14370074,0
2022-09-26,1568,7361261,1244,6423188,16,591175,290,3416774,144,498823,492,3933367,15012,204490,16711,13817.86,18491426,14371339,0
2022-09-27,1530,7362791,1307,6424495,26,591201,283,3417057,172,498995,491,3933858,14157,218647,16148,13979.86,18507574,14372875,0
2022-09-28,1619,7364410,1295,6425790,18,591219,190,3417247,186,499181,430,3934288,15509,234156,17286,14042.14,18524860,14374276,0
2022-09-29,1675,7366085,1298,6427088,19,591238,179,3417426,96,499277,312,3934600,15375,249531,17224,14352.57,18542084,14375850,0
2022-09-30,1636,7367721,1550,6428638,13,591251,183,3417609,177,499454,406,3935006,16485,266016,18654,14267.29,18560738,14377659,0
2022-10-01,719,7368440,669,6429307,5,591256,138,3417747,34,499488,181,3935187,7053,273069,7942,14137.14,18568680,14378376,0
2022-10-02,511,7368951,427,6429734,5,591261,48,3417795,45,499533,107,3935294,4428,277497,4838,14114.71,18573518,14378693,0
2022-10-03,1550,7370501,1188,6430922,23,591284,156,3417951,113,499646,316,3935610,14572,292069,15976,14009.71,18589494,14379828,0
2022-10-04,1377,7371878,1157,6432079,15,591299,150,3418101,121,499767,299,3935909,13403,305472,14798,13816.86,18604292,14380952,0
2022-10-05,1589,7373467,1283,6433362,17,591316,283,3418384,164,499931,500,3936409,14865,320337,16690,13731.71,18620982,14382330,0
2022-10-06,1485,7374952,1250,6434612,19,591335,166,3418550,160,500091,385,3936794,14956,335293,16619,13645.29,18637601,14383667,0
2022-10-07,1662,7376614,1426,6436038,15,591350,171,3418721,135,500226,367,3937161,17108,352401,19069,13704.57,18656670,14385322,0
2022-10-08,760,7377374,681,6436719,4,591354,146,3418867,62,500288,225,3937386,7714,360115,8642,13804.57,18665312,14386042,0
2022-10-09,485,7377859,409,6437128,5,591359,47,3418914,55,500343,120,3937506,4692,364807,5117,13844.43,18670429,14386365,0
2022-10-10,1543,7379402,1251,6438379,14,591373,174,3419088,120,500463,333,3937839,15205,380012,16509,13920.57,18686938,14387375,0
2022-10-11,1637,7381039,1100,6439479,19,591392,178,3419266,154,500617,388,3938227,14321,394333,15855,14071.57,18702793,14388577,0
2022-10-12,1863,7382902,1320,6440799,17,591409,134,3419400,186,500803,387,3938614,16280,410613,17885,14242.29,18720678,14389862,0
2022-10-13,1614,7384516,1150,6441949,28,591437,135,3419535,201,501004,407,3939021,14035,424648,15572,14092.71,18736250,14391063,0
2022-10-14,1812,7386328,1537,6443486,25,591462,130,3419665,181,501185,364,3939385,17208,441856,19192,14110.29,18755442,14392736,0
2022-10-15,766,7387094,638,6444124,9,591471,90,3419755,68,501253,179,3939564,7615,449471,8472,14086,18763914,14393435,0
2022-10-16,564,7387658,410,6444534,3,591474,25,3419780,65,501318,121,3939685,4726,454197,5169,14093.43,18769083,14393788,0
2022-10-17,1814,7389472,1250,6445784,18,591492,83,3419863,116,501434,236,3939921,16073,470270,17394,14219.86,18786477,14394910,0
2022-10-18,1682,7391154,1170,6446954,20,591512,100,3419963,135,501569,282,3940203,14639,484909,16011,14242.14,18802488,14396047,0
2022-10-19,2083,7393237,1330,6448284,21,591533,84,3420047,142,501711,289,3940492,16232,501141,17704,14216.29,18820192,14397293,0
2022-10-20,1683,7394920,1165,6449449,11,591544,89,3420136,147,501858,303,3940795,15402,516543,16851,14399,18837043,14398506,0
2022-10-21,1801,7396721,1345,6450794,12,591556,92,3420228,150,502008,297,3941092,16736,533279,18405,14286.57,18855448,14399933,0
2022-10-22,740,7397461,667,6451461,9,591565,44,3420272,46,502054,100,3941192,7690,540969,8419,14279,18863867,14400572,0
2022-10-23,519,7397980,370,6451831,3,591568,21,3420293,39,502093,69,3941261,4803,545772,5080,14266.29,18868947,14400789,0
2022-10-24,1739,7399719,1207,6453038,19,591587,70,3420363,112,502205,224,3941485,15557,561329,16842,14187.43,18885789,14401892,0
2022-10-25,1659,7401378,1187,6454225,12,591599,94,3420457,109,502314,232,3941717,15039,576368,16343,14234.86,18902132,14402993,0
2022-10-26,1854,7403232,1329,6455554,11,591610,90,3420547,168,502482,334,3942051,16817,593185,18287,14318.14,18920419,14404205,0
2022-10-27,1580,7404812,1074,6456628,13,591623,91,3420638,127,502609,271,3942322,15114,608299,16412,14255.43,18936831,14405285,0
2022-10-28,1696,7406508,1424,6458052,17,591640,108,3420746,153,502762,320,3942642,16762,625061,18577,14280,18955408,14406839,0
2022-10-29,693,7407201,542,6458594,9,591649,69,3420815,57,502819,140,3942782,7745,632806,8414,14279.29,18963822,14407382,0
2022-10-30,519,7407720,306,6458900,3,591652,19,3420834,57,502876,92,3942874,4491,637297,4779,14236.29,18968601,14407594,0
2022-10-31,1673,7409393,1105,6460005,8,591660,47,3420881,126,503002,217,3943091,14593,651890,15539,14050.14,18984140,14408367,0
2022-11-01,1665,7411058,1020,6461025,18,591678,78,3420959,127,503129,237,3943328,13619,665509,14936,13849.14,18999076,14409479,0
2022-11-02,1733,7412791,1121,6462146,17,591695,90,3421049,123,503252,255,3943583,14872,680381,16144,13543,19015220,14410538,0
2022-11-03,1421,7414212,1031,6463177,14,591709,84,3421133,167,503419,328,3943911,12624,693005,13904,13184.71,19029124,14411567,0
2022-11-04,1737,7415949,1216,6464393,14,591723,101,3421234,140,503559,275,3944186,15433,708438,17032,12964,19046156,14412925,0
2022-11-05,824,7416773,529,6464922,6,591729,65,3421299,82,503641,161,3944347,7045,715483,7757,12870.14,19053913,14413490,0
2022-11-06,407,7417180,331,6465253,4,591733,20,3421319,49,503690,106,3944453,4072,719555,4412,12817.71,19058325,14413761,0
2022-11-07,1638,7418818,1066,6466319,14,591747,75,3421394,101,503791,213,3944666,13220,732775,14382,12652.43,19072707,14414747,0
2022-11-08,1531,7420349,1008,6467327,8,591755,97,3421491,132,503923,270,3944936,12068,744843,13332,12423.29,19086039,14415782,0
2022-11-09,1571,7421920,1056,6468383,9,591764,86,3421577,114,504037,247,3945183,12191,757034,13456,12039.29,19099495,14416847,0
2022-11-10,1483,7423403,1010,6469393,14,591778,73,3421650,147,504184,276,3945459,12351,769385,13627,11999.71,19113122,14417903,0
2022-11-11,1499,7424902,1074,6470467,11,591789,101,3421751,102,504286,224,3945683,12873,782258,14301,11609.57,19127423,14419128,0
2022-11-12,671,7425573,513,6470980,2,591791,57,3421808,61,504347,128,3945811,6429,788687,7048,11508.29,19134471,14419629,0
2022-11-13,495,7426068,340,6471320,4,591795,15,3421823,68,504415,98,3945909,3892,792579,4209,11479.29,19138680,14419863,0
2022-11-14,1441,7427509,1023,6472343,19,591814,59,3421882,113,504528,203,3946112,11628,804207,12741,11244.86,19151421,14420804,0
2022-11-15,1488,7428997,999,6473342,15,591829,104,3421986,164,504692,294,3946406,11272,815479,12653,11147.86,19164074,14421917,0
2022-11-16,1599,7430596,1033,6474375,21,591850,66,3422052,146,504838,248,3946654,11561,827040,12808,11055.29,19176882,14422952,0
2022-11-17,1420,7432016,975,6475350,10,591860,72,3422124,189,505027,302,3946956,10539,837579,11868,10804,19188750,14424020,0
2022-11-18,1582,7433598,1101,6476451,12,591872,68,3422192,118,505145,216,3947172,12403,849982,13994,10760.14,19202744,14425425,0
2022-11-19,677,7434275,436,6476887,4,591876,57,3422249,63,505208,129,3947301,5912,855894,6569,10691.71,19209313,14425962,0
2022-11-20,475,7434750,304,6477191,4,591880,12,3422261,35,505243,64,3947365,3538,859432,3838,10638.71,19213151,14426215,0
2022-11-21,1516,7436266,918,6478109,4,591884,50,3422311,82,505325,149,3947514,10391,869823,11367,10442.43,19224518,14427059,0
2022-11-22,1269,7437535,817,6478926,7,591891,53,3422364,92,505417,163,3947677,9264,879087,10289,10104.71,19234807,14427939,0
2022-11-23,1289,7438824,734,6479660,11,591902,65,3422429,80,505497,171,3947848,8672,887759,9612,9648.14,19244419,14428734,0
2022-11-24,18,7438842,10,6479670,2,591904,0,3422429,6,505503,8,3947856,112,887871,137,7972.29,19244556,14428753,0
2022-11-25,679,7439521,475,6480145,14,591918,37,3422466,55,505558,111,3947967,5682,893553,6419,6890.14,19250975,14429398,0
2022-11-26,591,7440112,378,6480523,2,591920,15,3422481,43,505601,62,3948029,4896,898449,5331,6713.29,19256306,14429775,0
2022-11-27,396,7440508,218,6480741,1,591921,11,3422492,23,505624,49,3948078,3170,901619,3351,6643.71,19259657,14429922,0
2022-11-28,947,7441455,699,6481440,10,591931,59,3422551,65,505689,145,3948223,6950,908569,7918,6151,19267575,14430766,0
2022-11-29,925,7442380,709,6482149,8,591939,46,3422597,72,505761,144,3948367,6929,915498,7966,5819.14,19275541,14431685,0
2022-11-30,1212,7443592,865,6483014,16,591955,50,3422647,54,505815,123,3948490,8724,924222,9732,5836.29,19285273,14432589,0
2022-12-01,1128,7444720,767,6483781,13,591968,61,3422708,96,505911,183,3948673,8468,932690,9538,7179.29,19294811,14433502,0
2022-12-02,1315,7446035,971,6484752,14,591982,70,3422778,105,506016,195,3948868,10215,942905,11542,7911.14,19306353,14434654,0
2022-12-03,614,7446649,422,6485174,12,591994,42,3422820,42,506058,87,3948955,4950,947855,5476,7931.86,19311829,14435096,0
2022-12-04,418,7447067,283,6485457,4,591998,7,3422827,26,506084,40,3948995,3269,951124,3496,7952.57,19315325,14435290,0
2022-12-05,1161,7448228,768,6486225,15,592013,62,3422889,71,506155,149,3949144,8601,959725,9611,8194.43,19324936,14436167,0
2022-12-06,1163,7449391,764,6486989,13,592026,69,3422958,89,506244,176,3949320,8127,967852,9126,8360.14,19334062,14437008,0
2022-12-07,1207,7450598,751,6487740,12,592038,62,3423020,81,506325,163,3949483,8296,976148,9314,8300.43,19343376,14437883,0
2022-12-08,1101,7451699,740,6488480,14,592052,69,3423089,77,506402,166,3949649,8671,984819,9701,8323.71,19353077,14438767,0
2022-12-09,1231,7452930,971,6489451,13,592065,81,3423170,103,506505,210,3949859,10404,995223,11771,8356.43,19364848,14439950,0
2022-12-10,677,7453607,461,6489912,7,592072,36,3423206,74,506579,128,3949987,6144,1001367,6712,8533,19371560,14440408,0
2022-12-11,431,7454038,263,6490175,4,592076,11,3423217,35,506614,56,3950043,3683,1005050,3885,8588.57,19375445,14440564,0
2022-12-12,1333,7455371,803,6490978,19,592095,78,3423295,105,506719,209,3950252,9969,1015019,11016,8789.29,19386461,14441428,0
2022-12-13,1276,7456647,844,6491822,17,592112,54,3423349,101,506820,190,3950442,9696,1024715,10753,9021.71,19397214,14442330,0
2022-12-14,1192,7457839,831,6492653,12,592124,67,3423416,99,506919,192,3950634,9633,1034348,10613,9207.29,19407827,14443144,0
2022-12-15,1191,7459030,695,6493348,11,592135,62,3423478,109,507028,186,3950820,8445,1042793,9415,9166.43,19417242,14443943,0
2022-12-16,1202,7460232,805,6494153,12,592147,69,3423547,126,507154,217,3951037,9356,1052149,10531,8989.29,19427773,14444923,0
2022-12-17,651,7460883,464,6494617,8,592155,31,3423578,36,507190,80,3951117,5831,1057980,6305,8931.14,19434078,14445330,0
2022-12-18,440,7461323,230,6494847,2,592157,15,3423593,23,507213,48,3951165,3402,1061382,3609,8891.71,19437687,14445499,0
2022-12-19,1223,7462546,775,6495622,7,592164,57,3423650,84,507297,155,3951320,8907,1070289,9841,8723.86,19447528,14446292,0
2022-12-20,1208,7463754,762,6496384,18,592182,83,3423733,138,507435,277,3951597,8585,1078874,9717,8575.86,19457245,14447203,0
2022-12-21,1091,7464845,695,6497079,16,592198,54,3423787,95,507530,180,3951777,8281,1087155,9158,8368,19466403,14447931,0
2022-12-22,989,7465834,588,6497667,4,592202,44,3423831,73,507603,134,3951911,6938,1094093,7671,8118.86,19474074,14448547,0
2022-12-23,830,7466664,505,6498172,11,592213,41,3423872,58,507661,112,3952023,5915,1100008,6521,7546,19480595,14449054,0
2022-12-24,191,7466855,112,6498284,1,592214,2,3423874,15,507676,20,3952043,1377,1101385,1496,6859,19482091,14449156,0
2022-12-25,8,7466863,3,6498287,0,592214,2,3423876,0,507676,2,3952045,29,1101414,37,6348.71,19482128,14449162,0
2022-12-26,572,7467435,269,6498556,16,592230,19,3423895,22,507698,44,3952089,3305,1104719,3616,5459.43,19485744,14449432,0
2022-12-27,1085,7468520,604,6499160,13,592243,55,3423950,60,507758,124,3952213,7233,1111952,8032,5218.71,19493776,14450116,0
2022-12-28,1062,7469582,560,6499720,8,592251,58,3424008,64,507822,132,3952345,6988,1118940,7783,5022.29,19501559,14450789,0
2022-12-29,1014,7470596,585,6500305,9,592260,50,3424058,90,507912,163,3952508,6592,1125532,7424,4987,19508983,14451481,0
2022-12-30,950,7471546,538,6500843,9,592269,49,3424107,50,507962,109,3952617,6132,1131664,6857,5035,19515840,14452107,0
2022-12-31,307,7471853,167,6501010,4,592273,17,3424124,10,507972,30,3952647,1812,1133476,1990,5105.57,19517830,14452258,0
2023-01-01,19,7471872,9,6501019,0,592273,3,3424127,5,507977,8,3952655,59,1133535,86,5112.57,19517916,14452277,0
2023-01-02,654,7472526,328,6501347,10,592283,14,3424141,24,508001,44,3952699,3655,1137190,4002,5167.71,19521918,14452586,0
2023-01-03,967,7473493,592,6501939,9,592292,41,3424182,58,508059,111,3952810,5478,1142668,6266,4915.43,19528184,14453275,0
2023-01-04,1106,7474599,676,6502615,17,592309,52,3424234,63,508122,133,3952943,6179,1148847,7059,4812,19535243,14454040,0
2023-01-05,1009,7475608,587,6503202,23,592332,35,3424269,89,508211,143,3953086,5765,1154612,6695,4707.86,19541938,14454846,0
2023-01-06,1049,7476657,781,6503983,17,592349,50,3424319,81,508292,142,3953228,6502,1161114,7553,4807.29,19549491,14455766,0
2023-01-07,602,7477259,430,6504413,8,592357,23,3424342,34,508326,63,3953291,4454,1165568,4914,5225,19554405,14456169,0
2023-01-08,375,7477634,246,6504659,4,592361,12,3424354,29,508355,45,3953336,2560,1168128,2770,5608.43,19557175,14456338,0
2023-01-09,955,7478589,584,6505243,17,592378,52,3424406,41,508396,102,3953438,5608,1173736,6452,5958.43,19563627,14457089,0
2023-01-10,860,7479449,642,6505885,8,592386,49,3424455,85,508481,151,3953589,5340,1179076,6249,5956,19569876,14457864,0
2023-01-11,876,7480325,554,6506439,21,592407,46,3424501,68,508549,137,3953726,5166,1184242,5979,5801.71,19575855,14458563,0
2023-01-12,777,7481102,496,6506935,24,592431,54,3424555,120,508669,197,3953923,4536,1188778,5481,5628.29,19581336,14459334,0
2023-01-13,800,7481902,554,6507489,11,592442,69,3424624,58,508727,143,3954066,5376,1194154,6264,5444.14,19587600,14460095,0
2023-01-14,510,7482412,280,6507769,10,592452,27,3424651,31,508758,60,3954126,3228,1197382,3633,5261.14,19591233,14460442,0
2023-01-15,286,7482698,151,6507920,6,592458,16,3424667,23,508781,54,3954180,1793,1199175,1998,5150.86,19593231,14460608,0
2023-01-16,500,7483198,308,6508228,11,592469,31,3424698,27,508808,63,3954243,2776,1201951,3212,4688,19596443,14460986,0
2023-01-17,802,7484000,477,6508705,19,592488,49,3424747,73,508881,135,3954378,3832,1205783,4699,4466.57,19601142,14461731,0
2023-01-18,798,7484798,479,6509184,16,592504,48,3424795,61,508942,116,3954494,3732,1209515,4539,4260.86,19605681,14462429,0
2023-01-19,658,7485456,431,6509615,6,592510,50,3424845,34,508976,103,3954597,3166,1212681,3913,4036.86,19609594,14463092,0
2023-01-20,708,7486164,488,6510103,23,592533,40,3424885,39,509015,86,3954683,3746,1216427,4531,3789.29,19614125,14463798,0
2023-01-21,370,7486534,195,6510298,12,592545,20,3424905,12,509027,33,3954716,1895,1218322,2205,3585.29,19616330,14464076,0
2023-01-22,226,7486760,63,6510361,5,592550,0,3424905,2,509029,3,3954719,863,1219185,969,3438.29,19617299,14464180,0
2023-01-23,641,7487401,331,6510692,12,592562,14,3424919,45,509074,66,3954785,2707,1221892,3370,3460.86,19620669,14464784,0
2023-01-24,576,7487977,393,6511085,17,592579,37,3424956,33,509107,83,3954868,3057,1224949,3708,3319.29,19624377,14465365,0
2023-01-25,602,7488579,365,6511450,21,592600,33,3424989,41,509148,86,3954954,2708,1227657,3386,3154.57,19627763,14465969,0
2023-01-26,558,7489137,352,6511802,18,592618,35,3425024,51,509199,102,3955056,2695,1230352,3357,3075.14,19631120,14466545,0
2023-01-27,564,7489701,437,6512239,11,592629,35,3425059,49,509248,91,3955147,2820,1233172,3557,2936,19634677,14467198,0
2023-01-28,359,7490060,187,6512426,5,592634,24,3425083,39,509287,70,3955217,1588,1234760,1926,2896.14,19636603,14467473,0
2023-01-29,237,7490297,118,6512544,3,592637,12,3425095,10,509297,26,3955243,991,1235751,1144,2921.14,19637747,14467604,0
2023-01-30,601,7490898,400,6512944,18,592655,40,3425135,37,509334,80,3955323,2506,1238257,3230,2901.14,19640977,14468251,0
2023-01-31,512,7491410,356,6513300,12,592667,30,3425165,49,509383,91,3955414,2439,1240696,3069,2809.86,19644046,14468802,0
2023-02-01,487,7491897,337,6513637,16,592683,40,3425205,44,509427,92,3955506,2323,1243019,2969,2750.29,19647015,14469364,0
2023-02-02,462,7492359,350,6513987,13,592696,34,3425239,35,509462,77,3955583,2156,1245175,2778,2667.57,19649793,14469917,0
2023-02-03,545,7492904,393,6514380,14,592710,27,3425266,35,509497,69,3955652,2363,1247538,3068,2597.71,19652861,14470560,0
2023-02-04,243,7493147,158,6514538,11,592721,14,3425280,16,509513,31,3955683,1141,1248679,1403,2523,19654264,14470792,0
2023-02-05,201,7493348,96,6514634,0,592721,2,3425282,15,509528,19,3955702,855,1249534,973,2498.57,19655237,14470893,0
2023-02-06,598,7493946,313,6514947,9,592730,29,3425311,27,509555,65,3955767,2254,1251788,2831,2441.57,19658068,14471414,0
2023-02-07,476,7494422,364,6515311,5,592735,28,3425339,35,509590,71,3955838,2334,1254122,2934,2422.29,19661002,14471951,0
2023-02-08,453,7494875,320,6515631,4,592739,27,3425366,37,509627,70,3955908,2316,1256438,2879,2409.43,19663881,14472450,0
2023-02-09,477,7495352,348,6515979,3,592742,38,3425404,46,509673,98,3956006,2054,1258492,2709,2399.57,19666590,14473021,0
2023-02-10,496,7495848,389,6516368,2,592744,30,3425434,34,509707,88,3956094,2276,1260768,2966,2385,19669556,14473647,0
2023-02-11,294,7496142,197,6516565,7,592751,22,3425456,25,509732,48,3956142,1345,1262113,1663,2422.14,19671219,14473918,0
2023-02-12,184,7496326,81,6516646,0,592751,6,3425462,0,509732,10,3956152,707,1262820,820,2400.29,19672039,14474025,0
2023-02-13,443,7496769,293,6516939,4,592755,21,3425483,26,509758,51,3956203,1757,1264577,2319,2327.14,19674358,14474540,0
2023-02-14,398,7497167,272,6517211,6,592761,30,3425513,22,509780,57,3956260,1692,1266269,2222,2225.43,19676580,14475018,0
2023-02-15,405,7497572,289,6517500,10,592771,24,3425537,28,509808,64,3956324,1745,1268014,2262,2137.29,19678842,14475483,0
2023-02-16,360,7497932,244,6517744,5,592776,27,3425564,19,509827,51,3956375,1630,1269644,2106,2051.14,19680948,14475913,0
2023-02-17,397,7498329,313,6518057,5,592781,24,3425588,32,509859,63,3956438,1696,1271340,2267,1951.29,19683215,14476428,0
2023-02-18,199,7498528,117,6518174,5,592786,13,3425601,4,509863,18,3956456,1005,1272345,1191,1883.86,19684406,14476597,0
2023-02-19,120,7498648,55,6518229,2,592788,6,3425607,6,509869,14,3956470,541,1272886,612,1854.14,19685018,14476656,0
2023-02-20,314,7498962,160,6518389,3,592791,10,3425617,17,509886,28,3956498,1159,1274045,1424,1726.29,19686442,14476894,0
2023-02-21,378,7499340,285,6518674,5,592796,25,3425642,34,509920,64,3956562,1534,1275579,2071,1704.71,19688513,14477372,0
2023-02-22,399,7499739,277,6518951,8,592804,39,3425681,26,509946,69,3956631,1640,1277219,2172,1691.86,19690685,14477839,0
2023-02-23,388,7500127,251,6519202,10,592814,26,3425707,31,509977,71,3956702,1479,1278698,2023,1680,19692708,14478326,0
2023-02-24,365,7500492,325,6519527,4,592818,30,3425737,26,510003,63,3956765,1737,1280435,2297,1684.29,19695005,14478830,0
2023-02-25,163,7500655,123,6519650,2,592820,9,3425746,13,510016,24,3956789,778,1281213,973,1653.14,19695978,14479003,0
2023-02-26,92,7500747,48,6519698,0,592820,8,3425754,5,510021,17,3956806,468,1281681,535,1642.14,19696513,14479057,0
2023-02-27,377,7501124,300,6519998,4,592824,31,3425785,20,510041,54,3956860,1492,1283173,2012,1726.14,19698525,14479526,0
2023-02-28,355,7501479,238,6520236,8,592832,30,3425815,27,510068,62,3956922,1333,1284506,1814,1689.43,19700339,14479950,0
2023-03-01,387,7501866,291,6520527,7,592839,25,3425840,20,510088,51,3956973,1444,1285950,1982,1662.29,19702321,14480443,0
2023-03-02,374,7502240,293,6520820,9,592848,20,3425860,23,510111,50,3957023,1331,1287281,1873,1640.86,19704194,14480942,0
2023-03-03,404,7502644,316,6521136,10,592858,26,3425886,25,510136,58,3957081,1599,1288880,2193,1626,19706387,14481485,0
2023-03-04,199,7502843,122,6521258,4,592862,10,3425896,16,510152,28,3957109,795,1289675,1028,1633.86,19707415,14481692,0
2023-03-05,125,7502968,60,6521318,2,592864,4,3425900,6,510158,14,3957123,464,1290139,558,1637.14,19707973,14481776,0
2023-03-06,404,7503372,264,6521582,12,592876,22,3425922,16,510174,41,3957164,1385,1291524,1890,1619.71,19709863,14482243,0
2023-03-07,362,7503734,244,6521826,5,592881,22,3425944,30,510204,61,3957225,1306,1292830,1771,1613.57,19711634,14482656,0
2023-03-08,370,7504104,244,6522070,3,592884,35,3425979,30,510234,69,3957294,1340,1294170,1836,1592.71,19713470,14483087,0
2023-03-09,360,7504464,242,6522312,4,592888,16,3425995,24,510258,46,3957340,1262,1295432,1747,1574.71,19715217,14483532,0
2023-03-10,301,7504765,282,6522594,3,592891,9,3426004,20,510278,37,3957377,1395,1296827,1849,1525.57,19717066,14483957,0
2023-03-11,188,7504953,88,6522682,3,592894,18,3426022,4,510282,23,3957400,687,1297514,872,1503.29,19717938,14484120,0
2023-03-12,109,7505062,47,6522729,1,592895,4,3426026,7,510289,17,3957417,435,1297949,517,1497.43,19718455,14484191,0
2023-03-13,333,7505395,201,6522930,7,592902,11,3426037,13,510302,25,3957442,1127,1299076,1522,1444.86,19719977,14484562,0
2023-03-14,285,7505680,182,6523112,5,592907,15,3426052,11,510313,32,3957474,1064,1300140,1416,1394.14,19721393,14484888,0
2023-03-15,329,7506009,269,6523381,3,592910,9,3426061,13,510326,23,3957497,1229,1301369,1678,1371.57,19723071,14485315,0
2023-03-16,302,7506311,240,6523621,9,592919,14,3426075,15,510341,35,3957532,1164,1302533,1586,1348.57,19724657,14485708,0
2023-03-17,326,7506637,265,6523886,5,592924,20,3426095,8,510349,29,3957561,1269,1303802,1700,1327.29,19726357,14486111,0
2023-03-18,158,7506795,101,6523987,2,592926,8,3426103,5,510354,14,3957575,669,1304471,834,1321.86,19727191,14486263,0
2023-03-19,114,7506909,56,6524043,1,592927,3,3426106,3,510357,9,3957584,366,1304837,451,1312.43,19727642,14486342,0
2023-03-20,340,7507249,212,6524255,7,592934,29,3426135,15,510372,45,3957629,1213,1306050,1610,1325,19729252,14486695,0
2023-03-21,342,7507591,191,6524446,7,592941,23,3426158,18,510390,43,3957672,1123,1307173,1531,1341.43,19730783,14487062,0
2023-03-22,316,7507907,226,6524672,6,592947,12,3426170,11,510401,25,3957697,1127,1308300,1526,1319.71,19732309,14487438,0
2023-03-23,272,7508179,203,6524875,1,592948,20,3426190,12,510413,35,3957732,1014,1309314,1408,1294.29,19733717,14487800,0
2023-03-24,313,7508492,257,6525132,8,592956,19,3426209,19,510432,41,3957773,1122,1310436,1587,1278.14,19735304,14488227,0
2023-03-25,130,7508622,117,6525249,1,592957,9,3426218,9,510441,18,3957791,587,1311023,736,1264.14,19736040,14488358,0
2023-03-26,80,7508702,41,6525290,2,592959,4,3426222,4,510445,9,3957800,351,1311374,410,1258.29,19736450,14488409,0
2023-03-27,283,7508985,233,6525523,3,592962,14,3426236,11,510456,26,3957826,1008,1312382,1404,1228.86,19737854,14488780,0
2023-03-28,283,7509268,181,6525704,10,592972,20,3426256,9,510465,32,3957858,1010,1313392,1364,1205,19739218,14489105,0
2023-03-29,297,7509565,186,6525890,5,592977,13,3426269,9,510474,22,3957880,1061,1314453,1419,1189.71,19740637,14489441,0
2023-03-30,258,7509823,183,6526073,2,592979,17,3426286,10,510484,31,3957911,965,1315418,1312,1176,19741949,14489761,0
2023-03-31,296,7510119,260,6526333,7,592986,22,3426308,20,510504,43,3957954,1018,1316436,1480,1160.71,19743429,14490181,0
2023-04-01,122,7510241,66,6526399,3,592989,8,3426316,5,510509,15,3957969,526,1316962,654,1149,19744083,14490296,0
2023-04-02,92,7510333,35,6526434,0,592989,5,3426321,3,510512,9,3957978,273,1317235,339,1138.86,19744422,14490354,0
2023-04-03,275,7510608,154,6526588,8,592997,19,3426340,15,510527,40,3958018,886,1318121,1202,1110,19745624,14490636,0
2023-04-04,284,7510892,187,6526775,3,593000,13,3426353,10,510537,26,3958044,861,1318982,1209,1087.86,19746833,14490961,0
2023-04-05,269,7511161,155,6526930,8,593008,17,3426370,7,510544,26,3958070,983,1319965,1276,1067.43,19748109,14491230,0
2023-04-06,343,7511504,159,6527089,9,593017,17,3426387,5,510549,22,3958092,977,1320942,1311,1067.29,19749420,14491542,0
2023-04-07,246,7511750,146,6527235,5,593022,12,3426399,8,510557,20,3958112,748,1321690,1044,1005,19750464,14491818,0
2023-04-08,172,7511922,104,6527339,1,593023,5,3426404,10,510567,16,3958128,553,1322243,690,1010.14,19751154,14491940,0
2023-04-09,68,7511990,23,6527362,0,593023,0,3426404,4,510571,4,3958132,204,1322447,246,996.86,19751400,14491978,0
2023-04-10,285,7512275,180,6527542,6,593029,19,3426423,9,510580,28,3958160,884,1323331,1211,998.14,19752611,14492277,0
2023-04-11,271,7512546,153,6527695,5,593034,15,3426438,9,510589,27,3958187,908,1324239,1212,998.57,19753823,14492557,0
2023-04-12,268,7512814,164,6527859,5,593039,15,3426453,8,510597,25,3958212,812,1325051,1146,980,19754969,14492868,0
2023-04-13,250,7513064,137,6527996,8,593047,12,3426465,7,510604,20,3958232,837,1325888,1141,955.71,19756110,14493153,0
2023-04-14,241,7513305,198,6528194,2,593049,6,3426471,10,510614,18,3958250,841,1326729,1167,973.29,19757277,14493463,0
2023-04-15,121,7513426,95,6528289,6,593055,3,3426474,7,510621,11,3958261,408,1327137,554,953.86,19757831,14493599,0
2023-04-16,75,7513501,31,6528320,0,593055,0,3426474,1,510622,1,3958262,264,1327401,305,962.29,19758136,14493639,0
2023-04-17,230,7513731,139,6528459,3,593058,7,3426481,3,510625,10,3958272,710,1328111,990,930.71,19759126,14493909,0
2023-04-18,216,7513947,128,6528587,6,593064,9,3426490,10,510635,20,3958292,747,1328858,975,896.86,19760101,14494118,0
2023-04-19,199,7514146,116,6528703,5,593069,6,3426496,9,510644,15,3958307,808,1329666,967,871.29,19761068,14494262,0
2023-04-20,231,7514377,143,6528846,2,593071,14,3426510,19,510663,35,3958342,913,1330579,1078,862.29,19762146,14494394,0
2023-04-21,231,7514608,147,6528993,6,593077,14,3426524,9,510672,25,3958367,1093,1331672,1215,869.14,19763361,14494493,0
2023-04-22,107,7514715,66,6529059,3,593080,9,3426533,4,510676,14,3958381,473,1332145,541,867.29,19763902,14494548,0
2023-04-23,73,7514788,47,6529106,1,593081,2,3426535,2,510678,5,3958386,281,1332426,310,868,19764212,14494573,0
2023-04-24,235,7515023,158,6529264,2,593083,11,3426546,7,510685,21,3958407,1017,1333443,1126,887.43,19765338,14494664,0
2023-04-25,244,7515267,147,6529411,6,593089,12,3426558,12,510697,27,3958434,1064,1334507,1168,915,19766506,14494744,0
2023-04-26,221,7515488,133,6529544,5,593094,6,3426564,5,510702,13,3958447,960,1335467,1028,923.71,19767534,14494801,0
2023-04-27,278,7515766,169,6529713,1,593095,11,3426575,18,510720,31,3958478,1070,1336537,1159,935.29,19768693,14494861,0
2023-04-28,251,7516017,189,6529902,2,593097,11,3426586,16,510736,32,3958510,1143,1337680,1236,938.29,19769929,14494927,0
2023-04-29,141,7516158,67,6529969,2,593099,4,3426590,6,510742,10,3958520,519,1338199,573,942.86,19770502,14494971,0
2023-04-30,97,7516255,29,6529998,1,593100,6,3426596,3,510745,10,3958530,307,1338506,327,945.29,19770829,14494982,0
2023-05-01,309,7516564,162,6530160,2,593102,9,3426605,9,510754,20,3958550,1080,1339586,1171,951.71,19772000,14495055,0
2023-05-02,251,7516815,146,6530306,3,593105,11,3426616,6,510760,19,3958569,1016,1340602,1071,937.86,19773071,14495093,0
2023-05-03,254,7517069,148,6530454,1,593106,13,3426629,10,510770,24,3958593,971,1341573,1046,940.43,19774117,14495145,0
2023-05-04,237,7517306,164,6530618,0,593106,12,3426641,8,510778,24,3958617,1055,1342628,1125,935.57,19775242,14495195,0
2023-05-05,303,7517609,161,6530779,1,593107,6,3426647,11,510789,18,3958635,1122,1343750,1172,926.43,19776414,14495228,0
2023-05-06,132,7517741,79,6530858,0,593107,13,3426660,8,510797,23,3958658,494,1344244,557,924.14,19776971,14495270,0
2023-05-07,77,7517818,36,6530894,0,593107,0,3426660,6,510803,7,3958665,296,1344540,311,921.86,19777282,14495279,0
2023-05-08,264,7518082,150,6531044,0,593107,8,3426668,10,510813,18,3958683,1003,1345543,1055,905.29,19778337,14495313,0
2023-05-09,254,7518336,129,6531173,0,593107,5,3426673,4,510817,13,3958696,992,1346535,1030,899.43,19779367,14495342,0
2023-05-10,244,7518580,130,6531303,1,593108,6,3426679,14,510831,21,3958717,1044,1347579,1102,907.43,19780469,14495380,0
2023-05-11,228,7518808,133,6531436,1,593109,11,3426690,23,510854,39,3958756,1043,1348622,1118,906.43,19781587,14495421,0
2023-05-12,164,7518972,133,6531569,1,593110,4,3426694,10,510864,17,3958773,876,1349498,912,869.29,19782499,14495443,0
2023-05-13,98,7519070,50,6531619,0,593110,1,3426695,5,510869,6,3958779,388,1349886,411,848.43,19782910,14495460,0
2023-05-14,59,7519129,23,6531642,0,593110,2,3426697,0,510869,3,3958782,194,1350080,204,833.14,19783114,14495468,0
2023-05-15,209,7519338,133,6531775,0,593110,4,3426701,8,510877,13,3958795,837,1350917,894,810.14,19784008,14495513,0
2023-05-16,249,7519587,110,6531885,0,593110,6,3426707,7,510884,14,3958809,803,1351720,851,784.57,19784859,14495548,0
2023-05-17,210,7519797,110,6531995,0,593110,4,3426711,5,510889,11,3958820,884,1352604,931,760.14,19785790,14495586,0
2023-05-18,221,7520018,108,6532103,0,593110,12,3426723,14,510903,29,3958849,766,1353370,826,718.43,19786616,14495620,0
2023-05-19,192,7520210,125,6532228,0,593110,9,3426732,10,510913,21,3958870,814,1354184,868,712.14,19787484,14495655,0
2023-05-20,125,7520335,44,6532272,0,593110,4,3426736,5,510918,10,3958880,350,1354534,394,709.71,19787878,14495690,0
2023-05-21,62,7520397,18,6532290,0,593110,2,3426738,1,510919,4,3958884,180,1354714,195,708.43,19788073,14495702,0
2023-05-22,222,7520619,99,6532389,0,593110,4,3426742,3,510922,7,3958891,795,1355509,822,698.14,19788895,14495722,0
2023-05-23,213,7520832,103,6532492,0,593110,12,3426754,6,510928,19,3958910,734,1356243,788,689.14,19789683,14495758,0
2023-05-24,217,7521049,128,6532620,2,593112,11,3426765,8,510936,22,3958932,819,1357062,870,680.43,19790553,14495790,0
2023-05-25,186,7521235,99,6532719,1,593113,4,3426769,6,510942,10,3958942,737,1357799,762,671.29,19791315,14495805,0
2023-05-26,178,7521413,143,6532862,0,593113,8,3426777,6,510948,15,3958957,750,1358549,796,661,19792111,14495837,0
2023-05-27,106,7521519,47,6532909,0,593113,5,3426782,6,510954,14,3958971,340,1358889,372,657.86,19792483,14495858,0
2023-05-28,52,7521571,16,6532925,1,593114,0,3426782,0,510954,0,3958971,187,1359076,192,657.43,19792675,14495863,0
2023-05-29,11,7521582,10,6532935,0,593114,1,3426783,0,510954,1,3958972,37,1359113,44,546.29,19792719,14495869,0
2023-05-30,219,7521801,113,6533048,0,593114,4,3426787,2,510956,7,3958979,797,1359910,824,551.43,19793543,14495890,0
2023-05-31,181,7521982,114,6533162,0,593114,8,3426795,2,510958,10,3958989,731,1360641,758,535.43,19794301,14495907,0
2023-06-01,182,7522164,90,6533252,1,593115,1,3426796,6,510964,7,3958996,703,1361344,724,530,19795025,14495921,0
2023-06-02,227,7522391,105,6533357,0,593115,7,3426803,2,510966,9,3959005,749,1362093,792,529.43,19795817,14495955,0
2023-06-03,89,7522480,37,6533394,0,593115,2,3426805,0,510966,2,3959007,341,1362434,362,528,19796179,14495974,0
2023-06-04,66,7522546,18,6533412,0,593115,2,3426807,3,510969,5,3959012,202,1362636,215,531.29,19796394,14495982,0
2023-06-05,199,7522745,95,6533507,0,593115,4,3426811,4,510973,10,3959022,709,1363345,739,630.57,19797133,14496004,0
2023-06-06,168,7522913,101,6533608,0,593115,8,3426819,3,510976,12,3959034,673,1364018,697,612.43,19797830,14496017,0
2023-06-07,172,7523085,98,6533706,2,593117,7,3426826,7,510983,14,3959048,713,1364731,741,610,19798571,14496031,0
2023-06-08,177,7523262,76,6533782,1,593118,3,3426829,10,510993,13,3959061,563,1365294,607,593.29,19799178,14496062,0
2023-06-09,165,7523427,102,6533884,0,593118,13,3426842,10,511003,23,3959084,691,1365985,734,585,19799912,14496082,0
2023-06-10,112,7523539,35,6533919,0,593118,2,3426844,2,511005,5,3959089,301,1366286,326,579.86,19800238,14496103,0
2023-06-11,53,7523592,15,6533934,0,593118,0,3426844,0,511005,0,3959089,175,1366461,181,575,19800419,14496109,0
2023-06-12,163,7523755,92,6534026,1,593119,6,3426850,2,511007,9,3959098,654,1367115,673,565.57,19801092,14496120,0
2023-06-13,169,7523924,89,6534115,0,593119,1,3426851,4,511011,5,3959103,653,1367768,666,561.14,19801758,14496128,0
2023-06-14,166,7524090,103,6534218,0,593119,9,3426860,2,511013,11,3959114,727,1368495,756,563.29,19802514,14496146,0
2023-06-15,152,7524242,86,6534304,2,593121,7,3426867,3,511016,11,3959125,632,1369127,653,569.86,19803167,14496157,0
2023-06-16,204,7524446,88,6534392,0,593121,3,3426870,0,511016,3,3959128,627,1369754,656,558.71,19803823,14496183,0
2023-06-17,80,7524526,25,6534417,0,593121,2,3426872,2,511018,5,3959133,253,1370007,268,550.43,19804091,14496194,0
2023-06-18,61,7524587,14,6534431,0,593121,1,3426873,0,511018,1,3959134,142,1370149,156,546.86,19804247,14496207,0
2023-06-19,97,7524684,42,6534473,0,593121,2,3426875,2,511020,5,3959139,412,1370561,420,510.71,19804667,14496211,0
2023-06-20,166,7524850,91,6534564,1,593122,3,3426878,1,511021,4,3959143,641,1371202,651,508.57,19805318,14496217,0
2023-06-21,154,7525004,78,6534642,0,593122,10,3426888,1,511022,11,3959154,611,1371813,636,491.43,19805954,14496231,0
2023-06-22,184,7525188,56,6534698,0,593122,5,3426893,2,511024,7,3959161,571,1372384,594,483,19806548,14496247,0
2023-06-23,150,7525338,82,6534780,0,593122,5,3426898,0,511024,6,3959167,562,1372946,577,471.71,19807125,14496257,0
2023-06-24,64,7525402,27,6534807,0,593122,1,3426899,3,511027,5,3959172,229,1373175,251,469.29,19807376,14496275,0
2023-06-25,39,7525441,10,6534817,0,593122,1,3426900,5,511032,6,3959178,95,1373270,119,464,19807495,14496293,0
2023-06-26,130,7525571,67,6534884,1,593123,10,3426910,1,511033,11,3959189,505,1373775,533,480.14,19808028,14496310,0
2023-06-27,123,7525694,65,6534949,0,593123,6,3426916,1,511034,8,3959197,477,1374252,497,458.14,19808525,14496323,0
2023-06-28,149,7525843,75,6535024,0,593123,7,3426923,2,511036,9,3959206,617,1374869,639,458.57,19809164,14496336,0
2023-06-29,157,7526000,65,6535089,0,593123,3,3426926,5,511041,8,3959214,539,1375408,559,453.57,19809723,14496348,0
2023-06-30,159,7526159,68,6535157,0,593123,3,3426929,4,511045,8,3959222,529,1375937,543,448.71,19810266,14496355,0
2023-07-01,53,7526212,26,6535183,0,593123,1,3426930,0,511045,1,3959223,194,1376131,205,442.14,19810471,14496365,0
2023-07-02,37,7526249,8,6535191,0,593123,0,3426930,0,511045,0,3959223,112,1376243,118,442,19810589,14496371,0
2023-07-03,121,7526370,56,6535247,0,593123,8,3426938,3,511048,11,3959234,433,1376676,451,430.29,19811040,14496378,0
2023-07-04,1,7526371,2,6535249,0,593123,0,3426938,0,511048,0,3959234,4,1376680,4,359.86,19811044,14496378,0
2023-07-05,137,7526508,58,6535307,1,593124,6,3426944,1,511049,7,3959241,484,1377164,496,339.43,19811540,14496383,0
2023-07-06,141,7526649,60,6535367,0,593124,5,3426949,2,511051,7,3959248,430,1377594,447,323.43,19811987,14496393,0
2023-07-07,150,7526799,84,6535451,0,593124,4,3426953,1,511052,5,3959253,529,1378123,537,322.57,19812524,14496396,120000
2023-07-08,75,7526874,20,6535471,0,593124,1,3426954,4,511056,6,3959259,193,1378316,211,323.43,19812735,14496409,120000
2023-07-09,22,7526896,10,6535481,0,593124,0,3426954,0,511056,0,3959259,90,1378406,90,319.43,19812825,14496409,120000
2023-07-10,147,7527043,63,6535544,1,593125,3,3426957,2,511058,6,3959265,460,1378866,488,324.71,19813313,14496432,120000
2023-07-11,121,7527164,65,6535609,0,593125,5,3426962,2,511060,7,3959272,448,1379314,465,390.57,19813778,14496442,120000
2023-07-12,117,7527281,60,6535669,0,593125,2,3426964,1,511061,3,3959275,402,1379716,413,378.71,19814191,14496450,120000
2023-07-13,50,7527331,17,6535686,0,593125,1,3426965,2,511063,3,3959278,183,1379899,191,342.14,19814382,14496455,120000
