"DATE","ADMIN_DOSE1_DAILY","ADMIN_DOSE1_CUMULATIVE","ADMIN_DOSE2_DAILY","ADMIN_DOSE2_CUMULATIVE","ADMIN_SINGLE_DAILY","ADMIN_SINGLE_CUMULATIVE","ADMIN_ADDITIONAL1_DAILY","ADMIN_ADDITIONAL1_CUMULATIVE","ADMIN_ADDITIONAL2_DAILY","ADMIN_ADDITIONAL2_CUMULATIVE","ADMIN_ADDITIONAL_DAILY","ADMIN_ADDITIONAL_CUMULATIVE","ADMIN_ALLDOSES_DAILY","ADMIN_ALLDOSES_7DAYAVG","ADMIN_ALLDOSES_CUMULATIVE","INCOMPLETE"
"2020-12-14",79,79,0,0,0,0,0,0,0,0,0,0,79,,79,0
"2020-12-15",2051,2130,6,6,4,4,0,0,0,0,0,0,2061,,2140,0
"2020-12-16",4605,6735,14,20,1,5,1,1,0,0,1,1,4621,,6761,0
"2020-12-17",4658,11393,17,37,0,5,1,2,0,0,1,2,4676,,11437,0
"2020-12-18",5833,17226,18,55,2,7,2,4,0,0,2,4,5855,,17292,0
"2020-12-19",1689,18915,7,62,3,10,0,4,0,0,0,4,1699,,18991,0
"2020-12-20",1116,20031,2,64,1,11,0,4,0,0,0,4,1119,2872.86,20110,0
"2020-12-21",6341,26372,19,83,0,11,5,9,0,0,5,9,6365,3770.86,26475,0
"2020-12-22",9794,36166,26,109,2,13,1,10,0,0,1,10,9823,4879.71,36298,0
"2020-12-23",14275,50441,34,143,3,16,1,11,0,0,1,11,14313,6264.29,50611,0
"2020-12-24",7198,57639,25,168,1,17,0,11,0,0,0,11,7224,6628.29,57835,0
"2020-12-25",180,57819,0,168,0,17,1,12,0,0,1,12,181,5817.71,58016,0
"2020-12-26",4389,62208,44,212,0,17,1,13,0,0,1,13,4434,6208.43,62450,0
"2020-12-27",3870,66078,14,226,0,17,1,14,0,0,1,14,3885,6603.57,66335,0
"2020-12-28",10993,77071,49,275,1,18,2,16,0,0,2,16,11045,7272.14,77380,0
"2020-12-29",10718,87789,34,309,2,20,2,18,0,0,2,18,10756,7405.43,88136,0
"2020-12-30",12826,100615,44,353,0,20,0,18,0,0,0,18,12870,7199.29,101006,0
"2020-12-31",7262,107877,33,386,1,21,0,18,0,0,0,18,7296,7209.57,108302,0
"2021-01-01",181,108058,2,388,1,22,3,21,0,0,3,21,187,7210.43,108489,0
"2021-01-02",3809,111867,10,398,2,24,2,23,0,0,2,23,3823,7123.14,112312,0
"2021-01-03",3541,115408,24,422,2,26,1,24,0,0,1,24,3568,7077.86,115880,0
"2021-01-04",12255,127663,807,1229,2,28,6,30,0,0,6,30,13070,7367.14,128950,0
"2021-01-05",14089,141752,2192,3421,2,30,12,42,1,1,13,43,16296,8158.57,145246,0
"2021-01-06",17801,159553,3925,7346,1,31,29,71,7,8,36,79,21763,9429,167009,0
"2021-01-07",16550,176103,5173,12519,4,35,44,115,3,11,47,126,21774,11497.29,188783,0
"2021-01-08",16621,192724,5455,17974,0,35,33,148,4,15,37,163,22113,14629.57,210896,0
"2021-01-09",7652,200376,1462,19436,1,36,7,155,2,17,9,172,9124,15386.86,220020,0
"2021-01-10",7880,208256,984,20420,0,36,10,165,0,17,10,182,8874,16144.86,228894,0
"2021-01-11",25824,234080,7457,27877,2,38,48,213,8,25,56,238,33339,19040.43,262233,0
"2021-01-12",28261,262341,7859,35736,1,39,44,257,2,27,46,284,36167,21879.14,298400,0
"2021-01-13",31721,294062,9389,45125,1,40,56,313,4,31,60,344,41171,24651.71,339571,0
"2021-01-14",35814,329876,5317,50442,1,41,30,343,7,38,37,381,41169,27422.43,380740,0
"2021-01-15",29265,359141,3703,54145,2,43,32,375,5,43,37,418,33007,28978.71,413747,0
"2021-01-16",30290,389431,2379,56524,0,43,25,400,5,48,30,448,32699,32346.57,446446,0
"2021-01-17",23749,413180,1628,58152,0,43,18,418,1,49,19,467,25396,34706.86,471842,0
"2021-01-18",27107,440287,2411,60563,1,44,34,452,7,56,41,508,29560,34167,501402,0
"2021-01-19",34293,474580,9628,70191,1,45,70,522,6,62,76,584,43998,35285.71,545400,0
"2021-01-20",34869,509449,9494,79685,1,46,59,581,4,66,63,647,44427,35750.86,589827,0
"2021-01-21",25593,535042,8093,87778,2,48,49,630,5,71,54,701,33742,34689.86,623569,0
"2021-01-22",24756,559798,4381,92159,1,49,32,662,7,78,39,740,29177,34142.71,652746,0
"2021-01-23",15743,575541,3224,95383,0,49,9,671,2,80,11,751,18978,32182.57,671724,0
"2021-01-24",7178,582719,3453,98836,0,49,19,690,1,81,20,771,10651,30076.14,682375,0
"2021-01-25",13412,596131,11819,110655,0,49,66,756,12,93,78,849,25309,29468.86,707684,0
"2021-01-26",16766,612897,10752,121407,0,49,67,823,2,95,69,918,27587,27124.43,735271,0
"2021-01-27",20835,633732,12356,133763,0,49,51,874,8,103,59,977,33250,25527.71,768521,0
"2021-01-28",30764,664496,12846,146609,0,49,83,957,16,119,99,1076,43709,26951.57,812230,0
"2021-01-29",31693,696189,11507,158116,0,49,77,1034,10,129,87,1163,43287,28967.29,855517,0
"2021-01-30",18708,714897,3742,161858,0,49,20,1054,2,131,22,1185,22472,29466.43,877989,0
"2021-01-31",13021,727918,2919,164777,1,50,28,1082,5,136,33,1218,15974,30226.86,893963,0
"2021-02-01",1180,729098,5368,170145,4,54,35,1117,4,140,39,1257,6591,27552.86,900554,0
"2021-02-02",2828,731926,9476,179621,2,56,46,1163,4,144,50,1307,12356,25377,912910,0
"2021-02-03",16347,748273,21246,200867,4,60,203,1366,19,163,222,1529,37819,26029.71,950729,0
"2021-02-04",27048,775321,19649,220516,3,63,199,1565,10,173,209,1738,46909,26486.86,997638,0
"2021-02-05",27599,802920,20037,240553,0,63,178,1743,15,188,193,1931,47829,27135.71,1045467,0
"2021-02-06",22990,825910,11247,251800,0,63,110,1853,12,200,122,2053,34359,28833.86,1079826,0
"2021-02-07",12043,837953,8281,260081,1,64,91,1944,14,214,105,2158,20430,29470.43,1100256,0
"2021-02-08",16962,854915,23518,283599,2,66,231,2175,34,248,265,2423,40747,34349.86,1141003,0
"2021-02-09",17191,872106,28111,311710,2,68,333,2508,41,289,374,2797,45678,39110.14,1186681,0
"2021-02-10",19592,891698,29307,341017,2,70,260,2768,50,339,310,3107,49211,40737.57,1235892,0
"2021-02-11",27845,919543,33474,374491,2,72,340,3108,57,396,397,3504,61718,42853.14,1297610,0
"2021-02-12",38393,957936,30798,405289,3,75,352,3460,38,434,390,3894,69584,45961,1367194,0
"2021-02-13",28009,985945,25312,430601,2,77,308,3768,50,484,358,4252,53681,48721.29,1420875,0
"2021-02-14",16281,1002226,23734,454335,0,77,260,4028,31,515,291,4543,40306,51560.71,1461181,0
"2021-02-15",12796,1015022,10527,464862,2,79,170,4198,24,539,194,4737,23519,49099.57,1484700,0
"2021-02-16",14241,1029263,26731,491593,0,79,322,4520,35,574,357,5094,41329,48478.29,1526029,0
"2021-02-17",16393,1045656,22196,513789,1,80,281,4801,37,611,318,5412,38908,47006.43,1564937,0
"2021-02-18",12153,1057809,24994,538783,21,101,285,5086,43,654,328,5740,37496,43546.14,1602433,0
"2021-02-19",13262,1071071,23935,562718,39,140,304,5390,44,698,348,6088,37584,38974.71,1640017,0
"2021-02-20",11351,1082422,26078,588796,6,146,324,5714,78,776,402,6490,37837,36711.29,1677854,0
"2021-02-21",6361,1088783,17422,606218,15,161,284,5998,43,819,327,6817,24125,34399.71,1701979,0
"2021-02-22",13044,1101827,11848,618066,2,163,125,6123,19,838,144,6961,25038,34616.71,1727017,0
"2021-02-23",25246,1127073,14147,632213,1,164,158,6281,34,872,192,7153,39586,34367.71,1766603,0
"2021-02-24",36363,1163436,20389,652602,0,164,227,6508,37,909,264,7417,57016,36954.57,1823619,0
"2021-02-25",54618,1218054,30391,682993,6,170,393,6901,64,973,457,7874,85472,43808.29,1909091,0
"2021-02-26",62871,1280925,31873,714866,4,174,408,7309,77,1050,485,8359,95233,52043.86,2004324,0
"2021-02-27",51297,1332222,22749,737615,47,221,335,7644,52,1102,387,8746,74480,57278.57,2078804,0
"2021-02-28",44596,1376818,13823,751438,7,228,203,7847,33,1135,236,8982,58662,62212.43,2137466,0
"2021-03-01",39321,1416139,12777,764215,10,238,165,8012,25,1160,190,9172,52298,66106.71,2189764,0
"2021-03-02",47083,1463222,12576,776791,7,245,160,8172,14,1174,174,9346,59840,69000.14,2249604,0
"2021-03-03",48607,1511829,16156,792947,17,262,145,8317,21,1195,166,9512,64946,70133,2314550,0
"2021-03-04",59818,1571647,22824,815771,1092,1354,270,8587,34,1229,304,9816,84038,69928.14,2398588,0
"2021-03-05",60990,1632637,24278,840049,3109,4463,332,8919,34,1263,366,10182,88743,69001,2487331,0
"2021-03-06",47178,1679815,18886,858935,5451,9914,236,9155,35,1298,271,10453,71786,68616.14,2559117,0
"2021-03-07",36047,1715862,14878,873813,6245,16159,229,9384,20,1318,249,10702,57419,68438.57,2616536,0
"2021-03-08",39629,1755491,14677,888490,8564,24723,313,9697,91,1409,404,11106,63274,70006.57,2679810,0
"2021-03-09",39107,1794598,12854,901344,7763,32486,178,9875,33,1442,211,11317,59935,70020.14,2739745,0
"2021-03-10",51831,1846429,15349,916693,5066,37552,226,10101,31,1473,257,11574,72503,71099.71,2812248,0
"2021-03-11",59990,1906419,21816,938509,4619,42171,249,10350,49,1522,298,11872,86723,71483.29,2898971,0
"2021-03-12",52204,1958623,30310,968819,4183,46354,371,10721,84,1606,455,12327,87152,71256,2986123,0
"2021-03-13",40653,1999276,26681,995500,5110,51464,326,11047,51,1657,377,12704,72821,71403.86,3058944,0
"2021-03-14",30719,2029995,15969,1011469,4526,55990,240,11287,27,1684,267,12971,51481,70555.57,3110425,0
"2021-03-15",33590,2063585,17253,1028722,4717,60707,233,11520,33,1717,266,13237,55826,69491.57,3166251,0
"2021-03-16",38678,2102263,20505,1049227,4925,65632,257,11777,35,1752,292,13529,64400,70129.43,3230651,0
"2021-03-17",42618,2144881,24797,1074024,4247,69879,338,12115,36,1788,374,13903,72036,70062.71,3302687,0
"2021-03-18",50454,2195335,26803,1100827,5238,75117,365,12480,60,1848,425,14328,82920,69519.43,3385607,0
"2021-03-19",47794,2243129,29958,1130785,5624,80741,389,12869,71,1919,460,14788,83836,69045.71,3469443,0
"2021-03-20",38713,2281842,25835,1156620,4686,85427,298,13167,60,1979,358,15146,69592,68584.43,3539035,0
"2021-03-21",29300,2311142,19360,1175980,769,86196,220,13387,45,2024,265,15411,49694,68329.14,3588729,0
"2021-03-22",33870,2345012,26735,1202715,4037,90233,260,13647,37,2061,297,15708,64939,69631,3653668,0
"2021-03-23",38434,2383446,32842,1235557,4219,94452,293,13940,55,2116,348,16056,75843,71265.71,3729511,0
"2021-03-24",41496,2424942,37604,1273161,4848,99300,327,14267,62,2178,389,16445,84337,73023,3813848,0
"2021-03-25",43413,2468355,50793,1323954,5054,104354,469,14736,85,2263,554,16999,99814,75436.43,3913662,0
"2021-03-26",38508,2506863,55509,1379463,4310,108664,523,15259,97,2360,620,17619,98947,77595.14,4012609,0
"2021-03-27",35737,2542600,45757,1425220,2938,111602,412,15671,82,2442,494,18113,84926,79785.71,4097535,0
"2021-03-28",26392,2568992,34460,1459680,1482,113084,329,16000,63,2505,392,18505,62726,81647.43,4160261,0
"2021-03-29",34819,2603811,38864,1498544,3246,116330,342,16342,111,2616,453,18958,77382,83425,4237643,0
"2021-03-30",40513,2644324,41923,1540467,3714,120044,336,16678,66,2682,402,19360,86552,84954.86,4324195,0
"2021-03-31",49398,2693722,44867,1585334,7442,127486,397,17075,85,2767,482,19842,102189,87505.14,4426384,0
"2021-04-01",50785,2744507,53945,1639279,11275,138761,501,17576,81,2848,582,20424,116587,89901.29,4542971,0
"2021-04-02",43762,2788269,53886,1693165,11972,150733,546,18122,71,2919,617,21041,110237,91514.14,4653208,0
"2021-04-03",39254,2827523,39218,1732383,9860,160593,333,18455,59,2978,392,21433,88724,92056.71,4741932,0
"2021-04-04",26561,2854084,24781,1757164,3902,164495,224,18679,49,3027,273,21706,55517,91026.86,4797449,0
"2021-04-05",41891,2895975,34485,1791649,11196,175691,370,19049,60,3087,430,22136,88002,92544,4885451,0
"2021-04-06",53273,2949248,35616,1827265,13220,188911,426,19475,72,3159,498,22634,102607,94837.57,4988058,0
"2021-04-07",55513,3004761,40695,1867960,14391,203302,394,19869,76,3235,470,23104,111069,96106.14,5099127,0
"2021-04-08",59269,3064030,46587,1914547,16344,219646,515,20384,80,3315,595,23699,122795,96993,5221922,0
"2021-04-09",56647,3120677,44960,1959507,17554,237200,516,20900,77,3392,593,24292,119754,98352.57,5341676,0
"2021-04-10",49349,3170026,35647,1995154,12728,249928,387,21287,60,3452,447,24739,98171,99702.14,5439847,0
"2021-04-11",38185,3208211,28819,2023973,7682,257610,295,21582,56,3508,351,25090,75037,102490.71,5514884,0
"2021-04-12",46640,3254851,31847,2055820,13499,271109,466,22048,63,3571,529,25619,92515,103135.43,5607399,0
"2021-04-13",52545,3307396,33793,2089613,368,271477,394,22442,60,3631,454,26073,87160,100928.71,5694559,0
"2021-04-14",50149,3357545,39957,2129570,20,271497,367,22809,70,3701,437,26510,90563,97999.29,5785122,0
"2021-04-15",52127,3409672,43679,2173249,16,271513,451,23260,102,3803,553,27063,96375,94225,5881497,0
"2021-04-16",51187,3460859,42217,2215466,32,271545,421,23681,67,3870,488,27551,93924,90535,5975421,0
"2021-04-17",43842,3504701,35691,2251157,3,271548,364,24045,83,3953,447,27998,79983,87936.71,6055404,0
"2021-04-18",28608,3533309,29373,2280530,7,271555,251,24296,61,4014,312,28310,58300,85545.71,6113704,0
"2021-04-19",37475,3570784,36450,2316980,22,271577,322,24618,61,4075,383,28693,74330,82947.86,6188034,0
"2021-04-20",40810,3611594,39626,2356606,19,271596,314,24932,76,4151,390,29083,80845,82045.71,6268879,0
"2021-04-21",38904,3650498,46014,2402620,16,271612,494,25426,95,4246,589,29672,85523,81325.71,6354402,0
"2021-04-22",38494,3688992,48966,2451586,9,271621,337,25763,73,4319,410,30082,87879,80112,6442281,0
"2021-04-23",39699,3728691,44386,2495972,4,271625,344,26107,69,4388,413,30495,84502,78766,6526783,0
"2021-04-24",31950,3760641,41605,2537577,44,271669,275,26382,58,4446,333,30828,73932,77901.57,6600715,0
"2021-04-25",18423,3779064,31228,2568805,86,271755,194,26576,55,4501,249,31077,49986,76713.86,6650701,0
"2021-04-26",26972,3806036,40739,2609544,1013,272768,281,26857,83,4584,364,31441,69088,75965,6719789,0
"2021-04-27",28578,3834614,47144,2656688,1697,274465,345,27202,92,4676,437,31878,77856,75538,6797645,0
"2021-04-28",27037,3861651,56844,2713532,2148,276613,427,27629,98,4774,525,32403,86554,75685.29,6884199,0
"2021-04-29",28611,3890262,57205,2770737,2148,278761,362,27991,101,4875,463,32866,88427,75763.57,6972626,0
"2021-04-30",30120,3920382,51992,2822729,2055,280816,281,28272,72,4947,353,33219,84520,75766.14,7057146,0
"2021-05-01",22480,3942862,44547,2867276,1177,281993,227,28499,63,5010,290,33509,68494,74989.29,7125640,0
"2021-05-02",11925,3954787,36656,2903932,1080,283073,139,28638,55,5065,194,33703,49855,74970.57,7175495,0
"2021-05-03",18028,3972815,53028,2956960,2383,285456,253,28891,90,5155,343,34046,73782,75641.14,7249277,0
"2021-05-04",22738,3995553,56647,3013607,2330,287786,267,29158,113,5268,380,34426,82095,76246.71,7331372,0
"2021-05-05",21481,4017034,48800,3062407,2313,290099,310,29468,98,5366,408,34834,73002,74310.71,7404374,0
"2021-05-06",20682,4037716,50183,3112590,2507,292606,269,29737,83,5449,352,35186,73724,72210.29,7478098,0
"2021-05-07",21258,4058974,52095,3164685,2813,295419,308,30045,71,5520,379,35565,76545,71071,7554643,0
"2021-05-08",16633,4075607,41866,3206551,1835,297254,229,30274,69,5589,298,35863,60632,69947.86,7615275,0
"2021-05-09",7976,4083583,29409,3235960,1260,298514,151,30425,56,5645,207,36070,38852,68376,7654127,0
"2021-05-10",14391,4097974,38540,3274500,2355,300869,231,30656,89,5734,320,36390,55606,65779.43,7709733,0
"2021-05-11",19912,4117886,43061,3317561,2514,303383,281,30937,83,5817,364,36754,65851,63458.86,7775584,0
"2021-05-12",17813,4135699,40536,3358097,3595,306978,232,31169,77,5894,309,37063,62253,61923.29,7837837,0
"2021-05-13",24976,4160675,40431,3398528,3230,310208,261,31430,74,5968,335,37398,68972,61244.43,7906809,0
"2021-05-14",27037,4187712,42915,3441443,3537,313745,281,31711,93,6061,374,37772,73863,60861.29,7980672,0
"2021-05-15",23651,4211363,34913,3476356,3366,317111,251,31962,75,6136,326,38098,62256,61093.29,8042928,0
"2021-05-16",15527,4226890,19446,3495802,2497,319608,125,32087,45,6181,170,38268,37640,60920.14,8080568,0
"2021-05-17",22675,4249565,29139,3524941,3257,322865,177,32264,67,6248,244,38512,55315,60878.57,8135883,0
"2021-05-18",24639,4274204,31913,3556854,3404,326269,237,32501,70,6318,307,38819,60263,60080.29,8196146,0
"2021-05-19",24195,4298399,29718,3586572,3039,329308,221,32722,46,6364,267,39086,57219,59361.14,8253365,0
"2021-05-20",24155,4322554,30086,3616658,3162,332470,269,32991,100,6464,369,39455,57772,57761.14,8311137,0
"2021-05-21",24682,4347236,32002,3648660,3060,335530,256,33247,61,6525,317,39772,60061,55789.43,8371198,0
"2021-05-22",20023,4367259,24360,3673020,2525,338055,163,33410,48,6573,211,39983,47119,53627,8418317,0
"2021-05-23",11235,4378494,13732,3686752,1411,339466,93,33503,32,6605,125,40108,26503,52036,8444820,0
"2021-05-24",18879,4397373,23157,3709909,2756,342222,214,33717,53,6658,267,40375,45059,50570.86,8489879,0
"2021-05-25",19434,4416807,23381,3733290,2601,344823,176,33893,69,6727,245,40620,45661,48484.86,8535540,0
"2021-05-26",18785,4435592,21091,3754381,2696,347519,199,34092,52,6779,251,40871,42823,46428.29,8578363,0
"2021-05-27",18474,4454066,21274,3775655,2529,350048,189,34281,63,6842,252,41123,42529,44250.71,8620892,0
"2021-05-28",17863,4471929,22889,3798544,2751,352799,186,34467,53,6895,239,41362,43742,41919.43,8664634,0
"2021-05-29",12710,4484639,17808,3816352,1755,354554,106,34573,39,6934,145,41507,32418,39819.29,8697052,0
"2021-05-30",7032,4491671,8949,3825301,1074,355628,47,34620,17,6951,64,41571,17119,38478.71,8714171,0
"2021-05-31",4743,4496414,6924,3832225,1012,356640,64,34684,17,6968,81,41652,12760,33864.57,8726931,0
"2021-06-01",16047,4512461,25197,3857422,2176,358816,153,34837,40,7008,193,41845,43613,33572,8770544,0
"2021-06-02",15354,4527815,20389,3877811,2094,360910,139,34976,47,7055,186,42031,38023,32886.29,8808567,0
"2021-06-03",15008,4542823,23820,3901631,2281,363191,128,35104,44,7099,172,42203,41281,32708,8849848,0
"2021-06-04",14725,4557548,25999,3927630,2492,365683,143,35247,39,7138,182,42385,43398,32658.86,8893246,0
"2021-06-05",10993,4568541,22091,3949721,1806,367489,114,35361,30,7168,144,42529,35034,33032.57,8928280,0
"2021-06-06",6446,4574987,14483,3964204,1222,368711,87,35448,13,7181,100,42629,22251,33765.71,8950531,0
"2021-06-07",11704,4586691,21783,3985987,2379,371090,140,35588,35,7216,175,42804,36041,37091.57,8986572,0
"2021-06-08",12639,4599330,24025,4010012,2072,373162,118,35706,46,7262,164,42968,38900,36418.29,9025472,0
"2021-06-09",11138,4610468,23029,4033041,2299,375461,133,35839,39,7301,172,43140,36638,36220.43,9062110,0
"2021-06-10",12066,4622534,22236,4055277,2462,377923,141,35980,57,7358,198,43338,36962,35603.43,9099072,0
"2021-06-11",12710,4635244,25121,4080398,2484,380407,155,36135,60,7418,215,43553,40530,35193.71,9139602,0
"2021-06-12",10168,4645412,19309,4099707,1888,382295,94,36229,40,7458,134,43687,31499,34688.71,9171101,0
"2021-06-13",4257,4649669,10935,4110642,1219,383514,42,36271,22,7480,64,43751,16475,33863.57,9187576,0
"2021-06-14",10209,4659878,19241,4129883,2043,385557,126,36397,51,7531,177,43928,31670,33239.14,9219246,0
"2021-06-15",11886,4671764,21014,4150897,1943,387500,131,36528,41,7572,172,44100,35015,32684.14,9254261,0
"2021-06-16",11588,4683352,19411,4170308,1957,389457,140,36668,68,7640,208,44308,33164,32187.86,9287425,0
"2021-06-17",11025,4694377,18764,4189072,1972,391429,121,36789,34,7674,155,44463,31916,31467,9319341,0
"2021-06-18",12166,4706543,18502,4207574,2116,393545,113,36902,36,7710,149,44612,32933,30381.71,9352274,0
"2021-06-19",8498,4715041,13521,4221095,1459,395004,82,36984,20,7730,102,44714,23580,29250.43,9375854,0
"2021-06-20",4336,4719377,7158,4228253,924,395928,36,37020,17,7747,53,44767,12471,28678.43,9388325,0
"2021-06-21",10164,4729541,10008,4238261,1806,397734,68,37088,28,7775,96,44863,22074,27307.57,9410399,0
"2021-06-22",9836,4739377,15641,4253902,1589,399323,105,37193,27,7802,132,44995,27198,26190.86,9437597,0
"2021-06-23",10313,4749690,15187,4269089,1860,401183,102,37295,29,7831,131,45126,27491,25380.43,9465088,0
"2021-06-24",9689,4759379,14698,4283787,1799,402982,118,37413,26,7857,144,45270,26330,24582.43,9491418,0
"2021-06-25",10591,4769970,14384,4298171,1719,404701,111,37524,38,7895,149,45419,26843,23712.43,9518261,0
"2021-06-26",7803,4777773,10465,4308636,1247,405948,74,37598,24,7919,98,45517,19613,23145.71,9537874,0
"2021-06-27",5001,4782774,6001,4314637,795,406743,33,37631,14,7933,47,45564,11844,23056.14,9549718,0
"2021-06-28",9037,4791811,10343,4324980,1524,408267,108,37739,26,7959,134,45698,21038,22908.14,9570756,0
"2021-06-29",9747,4801558,12319,4337299,1347,409614,122,37861,29,7988,151,45849,23564,22389,9594320,0
"2021-06-30",9435,4810993,10927,4348226,1481,411095,147,38008,17,8005,164,46013,22007,21605.57,9616327,0
"2021-07-01",9398,4820391,10928,4359154,1431,412526,125,38133,25,8030,150,46163,21907,20973.71,9638234,0
"2021-07-02",9694,4830085,11451,4370605,1541,414067,120,38253,23,8053,143,46306,22829,20400.29,9661063,0
"2021-07-03",7057,4837142,8424,4379029,1193,415260,75,38328,16,8069,91,46397,16765,19993.43,9677828,0
"2021-07-04",1288,4838430,1336,4380365,567,415827,8,38336,3,8072,11,46408,3202,18758.86,9681030,0
"2021-07-05",6496,4844926,7106,4387471,1208,417035,64,38400,20,8092,84,46492,14894,17881.14,9695924,0
"2021-07-06",9511,4854437,12852,4400323,1316,418351,114,38514,35,8127,149,46641,23828,17918.86,9719752,0
"2021-07-07",8668,4863105,11109,4411432,1419,419770,121,38635,19,8146,140,46781,21336,17823,9741088,0
"2021-07-08",8209,4871314,10192,4421624,1260,421030,107,38742,21,8167,128,46909,19789,17520.43,9760877,0
"2021-07-09",8375,4879689,10834,4432458,1278,422308,90,38832,17,8184,107,47016,20594,17201.14,9781471,0
"2021-07-10",7104,4886793,8630,4441088,1132,423440,62,38894,20,8204,82,47098,16948,17227.29,9798419,0
"2021-07-11",4105,4890898,4539,4445627,703,424143,34,38928,6,8210,40,47138,9387,18110.86,9807806,0
"2021-07-12",8452,4899350,9555,4455182,1250,425393,82,39010,22,8232,104,47242,19361,18749,9827167,0
"2021-07-13",9461,4908811,9392,4464574,951,426344,105,39115,33,8265,138,47380,19942,18193.86,9847109,0
"2021-07-14",9000,4917811,9531,4474105,1009,427353,105,39220,19,8284,124,47504,19664,17955,9866773,0
"2021-07-15",8791,4926602,9154,4483259,1051,428404,81,39301,17,8301,98,47602,19094,17855.71,9885867,0
"2021-07-16",9243,4935845,9760,4493019,978,429382,102,39403,31,8332,133,47735,20114,17787.14,9905981,0
"2021-07-17",6843,4942688,7387,4500406,802,430184,79,39482,19,8351,98,47833,15130,17527.43,9921111,0
"2021-07-18",4257,4946945,4282,4504688,569,430753,36,39518,14,8365,50,47883,9158,17494.71,9930269,0
"2021-07-19",9122,4956067,8477,4513165,999,431752,90,39608,20,8385,110,47993,18708,17401.43,9948977,0
"2021-07-20",10650,4966717,8760,4521925,991,432743,92,39700,24,8409,116,48109,20517,17483.57,9969494,0
"2021-07-21",10052,4976769,8762,4530687,903,433646,146,39846,31,8440,177,48286,19894,17516.43,9989388,0
"2021-07-22",10688,4987457,8585,4539272,1046,434692,144,39990,26,8466,170,48456,20489,17715.71,10009877,0
"2021-07-23",11253,4998710,8881,4548153,1114,435806,137,40127,22,8488,159,48615,21407,17900.43,10031284,0
"2021-07-24",7406,5006116,6735,4554888,670,436476,81,40208,22,8510,103,48718,14914,17869.57,10046198,0
"2021-07-25",5477,5011593,2126,4557014,509,436985,59,40267,4,8514,63,48781,8175,17729.14,10054373,0
"2021-07-26",10873,5022466,7001,4564015,859,437844,109,40376,16,8530,125,48906,18858,17750.57,10073231,0
"2021-07-27",12057,5034523,8566,4572581,857,438701,133,40509,34,8564,167,49073,21647,17912,10094878,0
"2021-07-28",11992,5046515,8048,4580629,950,439651,132,40641,24,8588,156,49229,21146,18090.86,10116024,0
"2021-07-29",10935,5057450,7429,4588058,984,440635,133,40774,39,8627,172,49401,19520,17952.43,10135544,0
"2021-07-30",14954,5072404,8013,4596071,1150,441785,181,40955,28,8655,209,49610,24326,18369.43,10159870,0
"2021-07-31",9728,5082132,6313,4602384,816,442601,119,41074,20,8675,139,49749,16996,18666.86,10176866,0
"2021-08-01",6504,5088636,3308,4605692,564,443165,81,41155,19,8694,100,49849,10476,18995.57,10187342,0
"2021-08-02",13450,5102086,7153,4612845,847,444012,144,41299,18,8712,162,50011,21612,19389,10208954,0
"2021-08-03",15414,5117500,8384,4621229,1109,445121,145,41444,33,8745,178,50189,25085,19880.14,10234039,0
"2021-08-04",17262,5134762,8124,4629353,1454,446575,180,41624,31,8776,211,50400,27051,20723.71,10261090,0
"2021-08-05",17865,5152627,7928,4637281,1366,447941,161,41785,17,8793,178,50578,27337,21840.43,10288427,0
"2021-08-06",18177,5170804,8414,4645695,1233,449174,162,41947,30,8823,192,50770,28016,22367.57,10316443,0
"2021-08-07",13387,5184191,6015,4651710,799,449973,100,42047,26,8849,126,50896,20327,22843.43,10336770,0
"2021-08-08",9310,5193501,3835,4655545,399,450372,81,42128,9,8858,90,50986,13634,23294.57,10350404,0
"2021-08-09",21339,5214840,8528,4664073,964,451336,168,42296,34,8892,202,51188,31033,24640.43,10381437,0
"2021-08-10",18921,5233761,9329,4673402,947,452283,176,42472,32,8924,208,51396,29405,25257.57,10410842,0
"2021-08-11",15648,5249409,8307,4681709,853,453136,128,42600,40,8964,168,51564,24976,24961.14,10435818,0
"2021-08-12",15045,5264454,8979,4690688,940,454076,169,42769,33,8997,202,51766,25166,24651,10460984,0
"2021-08-13",14925,5279379,9292,4699980,921,454997,238,43007,36,9033,274,52040,25412,24279,10486396,0
"2021-08-14",10408,5289787,6406,4706386,625,455622,529,43536,40,9073,569,52609,18008,23947.71,10504404,0
"2021-08-15",6694,5296481,4477,4710863,676,456298,567,44103,31,9104,598,53207,12445,23777.86,10516849,0
"2021-08-16",15723,5312204,9299,4720162,1150,457448,1318,45421,62,9166,1380,54587,27552,23280.57,10544401,0
"2021-08-17",17776,5329980,10436,4730598,1224,458672,1763,47184,80,9246,1843,56430,31279,23548.29,10575680,0
"2021-08-18",17509,5347489,10359,4740957,1261,459933,1987,49171,91,9337,2078,58508,31207,24438.43,10606887,0
"2021-08-19",16301,5363790,9519,4750476,1315,461248,1950,51121,63,9400,2013,60521,29148,25007.29,10636035,0
"2021-08-20",16281,5380071,11537,4762013,1254,462502,1853,52974,83,9483,1936,62457,31008,25806.71,10667043,0
"2021-08-21",11150,5391221,8042,4770055,878,463380,1053,54027,52,9535,1105,63562,21175,26259.14,10688218,0
"2021-08-22",4081,5395302,3901,4773956,262,463642,514,54541,32,9567,546,64108,8790,25737,10697008,0
"2021-08-23",15585,5410887,11795,4785751,1023,464665,1547,56088,72,9639,1619,65727,30022,26089.86,10727030,0
"2021-08-24",16917,5427804,12595,4798346,1006,465671,1770,57858,73,9712,1843,67570,32361,26244.43,10759391,0
"2021-08-25",14588,5442392,12441,4810787,1110,466781,1564,59422,76,9788,1640,69210,29779,26040.43,10789170,0
"2021-08-26",16167,5458559,14081,4824868,1072,467853,1769,61191,67,9855,1836,71046,33156,26613,10822326,0
"2021-08-27",14883,5473442,14822,4839690,971,468824,1667,62858,73,9928,1740,72786,32416,26814.14,10854742,0
"2021-08-28",10683,5484125,11522,4851212,836,469660,1012,63870,42,9970,1054,73840,24095,27231.29,10878837,0
"2021-08-29",7220,5491345,7494,4858706,541,470201,777,64647,54,10024,831,74671,16086,28273.57,10894923,0
"2021-08-30",15524,5506869,16925,4875631,1077,471278,1793,66440,82,10106,1875,76546,35401,29042,10930324,0
"2021-08-31",15523,5522392,15952,4891583,951,472229,1968,68408,84,10190,2052,78598,34478,29344.43,10964802,0
"2021-09-01",14831,5537223,14097,4905680,1020,473249,1805,70213,61,10251,1866,80464,31814,29635.14,10996616,0
"2021-09-02",14332,5551555,12519,4918199,896,474145,1703,71916,59,10310,1762,82226,29509,29114.14,11026125,0
"2021-09-03",15019,5566574,14301,4932500,974,475119,1894,73810,69,10379,1963,84189,32257,29091.43,11058382,0
"2021-09-04",9647,5576221,9407,4941907,688,475807,973,74783,33,10412,1006,85195,20748,28613.29,11079130,0
"2021-09-05",6804,5583025,5516,4947423,438,476245,709,75492,13,10425,722,85917,13480,28241,11092610,0
"2021-09-06",5196,5588221,4513,4951936,358,476603,270,75762,11,10436,281,86198,10348,24662,11102958,0
"2021-09-07",15581,5603802,17695,4969631,912,477515,1553,77315,87,10523,1640,87838,35828,24854.86,11138786,0
"2021-09-08",16167,5619969,14822,4984453,1072,478587,1768,79083,77,10600,1845,89683,33906,25153.71,11172692,0
"2021-09-09",16117,5636086,14749,4999202,1047,479634,1912,80995,70,10670,1982,91665,33895,25780.29,11206587,0
"2021-09-10",18375,5654461,15395,5014597,1208,480842,1968,82963,79,10749,2047,93712,37025,26461.43,11243612,0
"2021-09-11",12638,5667099,10348,5024945,958,481800,1025,83988,46,10795,1071,94783,25015,27071,11268627,0
"2021-09-12",8539,5675638,5051,5029996,766,482566,689,84677,29,10824,718,95501,15074,27298.71,11283701,0
"2021-09-13",16937,5692575,12957,5042953,976,483542,1650,86327,53,10877,1703,97204,32573,30473.71,11316274,0
"2021-09-14",16272,5708847,13677,5056630,886,484428,1591,87918,52,10929,1643,98847,32478,29995.14,11348752,0
"2021-09-15",15549,5724396,12876,5069506,727,485155,1566,89484,79,11008,1645,100492,30797,29551,11379549,0
"2021-09-16",15343,5739739,13905,5083411,1210,486365,1456,90940,64,11072,1520,102012,31978,29277.14,11411527,0
"2021-09-17",14438,5754177,13962,5097373,922,487287,1827,92767,54,11126,1881,103893,31203,28445.43,11442730,0
"2021-09-18",10005,5764182,10175,5107548,913,488200,1044,93811,41,11167,1085,104978,22178,28040.14,11464908,0
"2021-09-19",6179,5770361,6072,5113620,558,488758,745,94556,28,11195,773,105751,13582,27827,11478490,0
"2021-09-20",12678,5783039,12627,5126247,1067,489825,1919,96475,55,11250,1974,107725,28346,27223.14,11506836,0
"2021-09-21",12237,5795276,12767,5139014,1110,490935,2021,98496,76,11326,2097,109822,28211,26613.57,11535047,0
"2021-09-22",12824,5808100,12003,5151017,1089,492024,1681,100177,66,11392,1747,111569,27663,26165.86,11562710,0
"2021-09-23",14943,5823043,12758,5163775,1639,493663,2263,102440,71,11463,2334,113903,31674,26122.43,11594384,0
"2021-09-24",16450,5839493,13367,5177142,1633,495296,4624,107064,109,11572,4733,118636,36183,26833.86,11630567,0
"2021-09-25",10544,5850037,9023,5186165,1018,496314,3457,110521,77,11649,3534,122170,24119,27111.14,11654686,0
"2021-09-26",6304,5856341,5761,5191926,773,497087,2421,112942,57,11706,2478,124648,15316,27358.86,11670002,0
"2021-09-27",14162,5870503,8052,5199978,1155,498242,9057,121999,156,11862,9213,133861,32582,27964,11702584,0
"2021-09-28",11150,5881653,11777,5211755,901,499143,9907,131906,171,12033,10078,143939,33906,28777.57,11736490,0
"2021-09-29",11605,5893258,12192,5223947,1206,500349,9445,141351,159,12192,9604,153543,34607,29769.57,11771097,0
"2021-09-30",12242,5905500,12604,5236551,1338,501687,9735,151086,171,12363,9906,163449,36090,30400.43,11807187,0
"2021-10-01",12648,5918148,13431,5249982,1284,502971,10261,161347,145,12508,10406,173855,37769,30627,11844956,0
"2021-10-02",7734,5925882,9975,5259957,865,503836,4239,165586,74,12582,4313,178168,22887,30451,11867843,0
"2021-10-03",5079,5930961,6156,5266113,593,504429,2610,168196,54,12636,2664,180832,14492,30333.29,11882335,0
"2021-10-04",9912,5940873,11023,5277136,913,505342,9518,177714,138,12774,9656,190488,31504,30179.29,11913839,0
"2021-10-05",10166,5951039,11738,5288874,972,506314,9932,187646,169,12943,10101,200589,32977,30046.57,11946816,0
"2021-10-06",9916,5960955,11057,5299931,937,507251,9926,197572,152,13095,10078,210667,31988,29672.43,11978804,0
"2021-10-07",9666,5970621,12195,5312126,853,508104,10188,207760,166,13261,10354,221021,33068,29240.71,12011872,0
"2021-10-08",9464,5980085,12173,5324299,942,509046,10904,218664,157,13418,11061,232082,33640,28650.86,12045512,0
"2021-10-09",6261,5986346,8276,5332575,649,509695,4116,222780,87,13505,4203,236285,19389,28151.14,12064901,0
"2021-10-10",3541,5989887,5029,5337604,458,510153,2433,225213,40,13545,2473,238758,11501,27723.86,12076402,0
"2021-10-11",7625,5997512,9331,5346935,728,510881,8884,234097,154,13699,9038,247796,26722,27040.71,12103124,0
"2021-10-12",8078,6005590,10999,5357934,891,511772,10508,244605,177,13876,10685,258481,30653,26708.71,12133777,0
"2021-10-13",7156,6012746,10145,5368079,869,512641,8795,253400,175,14051,8970,267451,27140,26016.14,12160917,0
"2021-10-14",7446,6020192,11113,5379192,836,513477,10108,263508,158,14209,10266,277717,29661,25529.43,12190578,0
"2021-10-15",7731,6027923,11864,5391056,823,514300,10800,274308,162,14371,10962,288679,31380,25206.57,12221958,0
"2021-10-16",4866,6032789,7467,5398523,666,514966,3839,278147,65,14436,3904,292583,16903,24851.43,12238861,0
"2021-10-17",3061,6035850,4473,5402996,411,515377,2449,280596,40,14476,2489,295072,10434,24699,12249295,0
"2021-10-18",7057,6042907,10665,5413661,796,516173,9472,290068,163,14639,9635,304707,28153,24903.43,12277448,0
"2021-10-19",6579,6049486,8945,5422606,804,516977,9081,299149,164,14803,9245,313952,25573,24177.71,12303021,0
"2021-10-20",6540,6056026,9375,5431981,975,517952,9975,309124,169,14972,10144,324096,27034,24162.57,12330055,0
"2021-10-21",7035,6063061,9376,5441357,858,518810,10839,319963,145,15117,10984,335080,28253,23961.43,12358308,0
"2021-10-22",8132,6071193,10343,5451700,1026,519836,16337,336300,207,15324,16544,351624,36045,24627.86,12394353,0
"2021-10-23",5174,6076367,6457,5458157,690,520526,9119,345419,109,15433,9228,360852,21549,25291.57,12415902,0
"2021-10-24",3276,6079643,3971,5462128,770,521296,6150,351569,72,15505,6222,367074,14239,25835.14,12430141,0
"2021-10-25",8777,6088420,8742,5470870,1149,522445,19244,370813,282,15787,19526,386600,38194,27269.57,12468335,0
"2021-10-26",8205,6096625,7725,5478595,1258,523703,17281,388094,255,16042,17536,404136,34724,28576.86,12503059,0
"2021-10-27",10574,6107199,8394,5486989,1603,525306,20846,408940,300,16342,21146,425282,41717,30674.43,12544776,0
"2021-10-28",11337,6118536,8038,5495027,1793,527099,20833,429773,308,16650,21141,446423,42309,32682.43,12587085,0
"2021-10-29",11844,6130380,8241,5503268,1963,529062,22520,452293,314,16964,22834,469257,44882,33944.86,12631967,0
"2021-10-30",4630,6135010,5057,5508325,932,529994,11166,463459,157,17121,11323,480580,21942,34001,12653909,0
"2021-10-31",2665,6137675,2702,5511027,544,530538,6636,470095,95,17216,6731,487311,12642,33772.86,12666551,0
"2021-11-01",7144,6144819,6956,5517983,1089,531627,20377,490472,309,17525,20686,507997,35875,33441.57,12702426,0
"2021-11-02",6588,6151407,6593,5524576,1055,532682,20771,511243,260,17785,21031,529028,35267,33519.14,12737693,0
"2021-11-03",6856,6158263,6682,5531258,1026,533708,20624,531867,290,18075,20914,549942,35478,32627.86,12773171,0
"2021-11-04",9313,6167576,6279,5537537,995,534703,22350,554217,339,18414,22689,572631,39276,32194.57,12812447,0
"2021-11-05",11066,6178642,6723,5544260,1051,535754,23753,577970,337,18751,24090,596721,42930,31915.71,12855377,0
"2021-11-06",11133,6189775,4050,5548310,594,536348,12589,590559,160,18911,12749,609470,28526,32856.29,12883903,0
"2021-11-07",7256,6197031,2287,5550597,577,536925,7107,597666,87,18998,7194,616664,17314,33523.71,12901217,0
"2021-11-08",15057,6212088,5680,5556277,865,537790,19504,617170,267,19265,19771,636435,41373,34309.14,12942590,0
"2021-11-09",16161,6228249,5391,5561668,661,538451,20502,637672,258,19523,20760,657195,42973,35410,12985563,0
"2021-11-10",16939,6245188,5322,5566990,683,539134,22634,660306,280,19803,22914,680109,45858,36892.86,13031421,0
"2021-11-11",12581,6257769,5187,5572177,760,539894,22072,682378,279,20082,22351,702460,40879,37121.86,13072300,0
"2021-11-12",16902,6274671,5688,5577865,706,540600,23383,705761,347,20429,23730,726190,47026,37707,13119326,0
"2021-11-13",9948,6284619,3662,5581527,464,541064,13320,719081,173,20602,13493,739683,27567,37570,13146893,0
"2021-11-14",6021,6290640,2293,5583820,325,541389,7924,727005,73,20675,7997,747680,16636,37473.14,13163529,0
"2021-11-15",13230,6303870,5973,5589793,690,542079,25096,752101,339,21014,25435,773115,45328,38038.14,13208857,0
"2021-11-16",9985,6313855,5781,5595574,656,542735,30655,782756,403,21417,31058,804173,47480,38682,13256337,0
"2021-11-17",10318,6324173,6675,5602249,681,543416,31405,814161,397,21814,31802,835975,49476,39198.86,13305813,0
"2021-11-18",10743,6334916,6546,5608795,859,544275,32996,847157,429,22243,33425,869400,51573,40726.57,13357386,0
"2021-11-19",12034,6346950,6554,5615349,715,544990,36235,883392,436,22679,36671,906071,55974,42004.86,13413360,0
"2021-11-20",9341,6356291,3417,5618766,513,545503,22507,905899,244,22923,22751,928822,36022,43212.71,13449382,0
"2021-11-21",4962,6361253,1887,5620653,288,545791,13196,919095,142,23065,13338,942160,20475,43761.14,13469857,0
"2021-11-22",10462,6371715,5789,5626442,751,546542,35902,954997,424,23489,36326,978486,53328,44904,13523185,0
"2021-11-23",9815,6381530,4781,5631223,636,547178,33503,988500,355,23844,33858,1012344,49090,45134,13572275,0
"2021-11-24",8715,6390245,4752,5635975,651,547829,25907,1014407,267,24111,26174,1038518,40292,43822,13612567,0
"2021-11-25",449,6390694,325,5636300,80,547909,1003,1015410,9,24120,1012,1039530,1866,36721,13614433,0
"2021-11-26",8068,6398762,6987,5643287,530,548439,26578,1041988,280,24400,26858,1066388,42443,34788,13656876,0
"2021-11-27",6688,6405450,6834,5650121,371,548810,18833,1060821,211,24611,19044,1085432,32937,34347.29,13689813,0
"2021-11-28",4082,6409532,5784,5655905,282,549092,11876,1072697,113,24724,11989,1097421,22137,34584.71,13711950,0
"2021-11-29",9107,6418639,10986,5666891,687,549779,35015,1107712,411,25135,35426,1132847,56206,34995.86,13768156,0
"2021-11-30",10526,6429165,11437,5678328,513,550292,37774,1145486,471,25606,38245,1171092,60721,36657.43,13828877,0
"2021-12-01",11200,6440365,10983,5689311,723,551015,40336,1185822,419,26025,40755,1211847,63661,39995.86,13892538,0
"2021-12-02",11676,6452041,11034,5700345,627,551642,42146,1227968,434,26459,42580,1254427,65917,49146,13958455,0
"2021-12-03",13518,6465559,12890,5713235,677,552319,47904,1275872,496,26955,48400,1302827,75485,53866.29,14033940,0
"2021-12-04",9869,6475428,11293,5724528,567,552886,30667,1306539,288,27243,30955,1333782,52684,56687.29,14086624,0
"2021-12-05",5765,6481193,5707,5730235,271,553157,16652,1323191,123,27366,16775,1350557,28518,57598.86,14115142,0
"2021-12-06",12359,6493552,9957,5740192,602,553759,43228,1366419,426,27792,43654,1394211,66572,59079.71,14181714,0
"2021-12-07",12617,6506169,9255,5749447,625,554384,43019,1409438,480,28272,43499,1437710,65996,59833.29,14247710,0
"2021-12-08",13553,6519722,8771,5758218,554,554938,40770,1450208,452,28724,41222,1478932,64100,59896,14311810,0
"2021-12-09",13526,6533248,8759,5766977,555,555493,40800,1491008,468,29192,41268,1520200,64108,59637.57,14375918,0
"2021-12-10",14053,6547301,10142,5777119,671,556164,43650,1534658,478,29670,44128,1564328,68994,58710.29,14444912,0
"2021-12-11",10283,6557584,8120,5785239,405,556569,26693,1561351,261,29931,26954,1591282,45762,57721.43,14490674,0
"2021-12-12",6026,6563610,3855,5789094,290,556859,15159,1576510,129,30060,15288,1606570,25459,57284.43,14516133,0
"2021-12-13",12249,6575859,7427,5796521,657,557516,37867,1614377,374,30434,38241,1644811,58574,56141.86,14574707,0
"2021-12-14",12256,6588115,6957,5803478,731,558247,38136,1652513,414,30848,38550,1683361,58494,55070.14,14633201,0
"2021-12-15",12124,6600239,6240,5809718,756,559003,38109,1690622,471,31319,38580,1721941,57700,54155.86,14690901,0
"2021-12-16",13145,6613384,4275,5813993,741,559744,41034,1731656,425,31744,41459,1763400,59620,53514.71,14750521,0
"2021-12-17",15962,6629346,6935,5820928,620,560364,46747,1778403,452,32196,47199,1810599,70716,53760.71,14821237,0
"2021-12-18",13032,6642378,5719,5826647,432,560796,30609,1809012,257,32453,30866,1841465,50049,54373.14,14871286,0
"2021-12-19",7031,6649409,2997,5829644,326,561122,17991,1827003,164,32617,18155,1859620,28509,54808.86,14899795,0
"2021-12-20",16885,6666294,5865,5835509,747,561869,47411,1874414,541,33158,47952,1907572,71449,56648.14,14971244,0
"2021-12-21",17981,6684275,6574,5842083,806,562675,48886,1923300,555,33713,49441,1957013,74802,58977.86,15046046,0
"2021-12-22",18550,6702825,6561,5848644,938,563613,49640,1972940,511,34224,50151,2007164,76200,61620.71,15122246,0
"2021-12-23",19053,6721878,6477,5855121,929,564542,45807,2018747,502,34726,46309,2053473,72768,63499,15195014,0
"2021-12-24",9239,6731117,2953,5858074,598,565140,20589,2039336,201,34927,20790,2074263,33580,58193.86,15228594,0
"2021-12-25",343,6731460,64,5858138,31,565171,426,2039762,8,34935,434,2074697,872,51168.57,15229466,0
"2021-12-26",7969,6739429,3927,5862065,341,565512,17273,2057035,165,35100,17438,2092135,29675,51335.14,15259141,0
"2021-12-27",21795,6761224,9205,5871270,932,566444,43416,2100451,529,35629,43945,2136080,75877,51967.71,15335018,0
"2021-12-28",20162,6781386,8330,5879600,698,567142,47557,2148008,584,36213,48141,2184221,77331,52329,15412349,0
"2021-12-29",18497,6799883,7671,5887271,607,567749,45524,2193532,461,36674,45985,2230206,72760,51837.57,15485109,0
"2021-12-30",16883,6816766,7418,5894689,584,568333,44804,2238336,556,37230,45360,2275566,70245,51477.14,15555354,0
"2021-12-31",5361,6822127,2808,5897497,193,568526,14758,2253094,172,37402,14930,2290496,23292,50007.43,15578646,0
"2022-01-01",242,6822369,146,5897643,11,568537,498,2253592,13,37415,511,2291007,910,50012.86,15579556,0
"2022-01-02",6433,6828802,5021,5902664,153,568690,10973,2264565,105,37520,11078,2302085,22685,49014.29,15602241,0
"2022-01-03",14155,6842957,8477,5911141,515,569205,26893,2291458,286,37806,27179,2329264,50326,45364.14,15652567,0
"2022-01-04",13014,6855971,8096,5919237,414,569619,27069,2318527,337,38143,27406,2356670,48930,41306.86,15701497,0
"2022-01-05",11557,6867528,6988,5926225,384,570003,25793,2344320,292,38435,26085,2382755,45014,37343.14,15746511,0
"2022-01-06",11503,6879031,7382,5933607,485,570488,27499,2371819,319,38754,27818,2410573,47188,34049.29,15793699,0
"2022-01-07",10423,6889454,8417,5942024,337,570825,24995,2396814,303,39057,25298,2435871,44475,37075.43,15838174,0
"2022-01-08",7890,6897344,8564,5950588,310,571135,19433,2416247,170,39227,19603,2455474,36367,42140.71,15874541,0
"2022-01-09",4136,6901480,3844,5954432,214,571349,10056,2426303,88,39315,10144,2465618,18338,41519.71,15892879,0
"2022-01-10",10181,6911661,8188,5962620,490,571839,24599,2450902,285,39600,24884,2490502,43743,40579.29,15936622,0
"2022-01-11",8899,6920560,7996,5970616,521,572360,21016,2471918,270,39870,21286,2511788,38702,39118.14,15975324,0
"2022-01-12",8938,6929498,8319,5978935,428,572788,22323,2494241,282,40152,22605,2534393,40290,38443.29,16015614,0
"2022-01-13",9049,6938547,8865,5987800,450,573238,22868,2517109,300,40452,23168,2557561,41532,37635.29,16057146,0
"2022-01-14",10118,6948665,8120,5995920,476,573714,26425,2543534,305,40757,26730,2584291,45444,37773.71,16102590,0
"2022-01-15",6206,6954871,4308,6000228,179,573893,15146,2558680,166,40923,15312,2599603,26005,36293.43,16128595,0
"2022-01-16",2918,6957789,3250,6003478,95,573988,7816,2566496,79,41002,7895,2607498,14158,35696.29,16142753,0
"2022-01-17",6084,6963873,6760,6010238,363,574351,14670,2581166,206,41208,14876,2622374,28083,33459.14,16170836,0
"2022-01-18",8170,6972043,10314,6020552,397,574748,19657,2600823,310,41518,19967,2642341,38848,33480,16209684,0
"2022-01-19",7478,6979521,9250,6029802,305,575053,17703,2618526,262,41780,17965,2660306,34998,32724,16244682,0
"2022-01-20",6282,6985803,8560,6038362,305,575358,15248,2633774,228,42008,15476,2675782,30623,31165.57,16275305,0
"2022-01-21",7578,6993381,7502,6045864,276,575634,18498,2652272,274,42282,18772,2694554,34128,29549,16309433,0
"2022-01-22",5192,6998573,4938,6050802,131,575765,11317,2663589,120,42402,11437,2705991,21698,28933.71,16331131,0
"2022-01-23",2813,7001386,3328,6054130,97,575862,6227,2669816,74,42476,6301,2712292,12539,28702.43,16343670,0
"2022-01-24",6373,7007759,8197,6062327,262,576124,15072,2684888,231,42707,15303,2727595,30135,28995.57,16373805,0
"2022-01-25",6193,7013952,7937,6070264,233,576357,14682,2699570,254,42961,14936,2742531,29299,27631.43,16403104,0
"2022-01-26",5754,7019706,7168,6077432,289,576646,14014,2713584,204,43165,14218,2756749,27429,26550.14,16430533,0
"2022-01-27",5264,7024970,7090,6084522,321,576967,14076,2727660,226,43391,14302,2771051,26977,26029.29,16457510,0
"2022-01-28",6262,7031232,7864,6092386,203,577170,16124,2743784,230,43621,16354,2787405,30683,25537.14,16488193,0
"2022-01-29",841,7032073,728,6093114,28,577198,2537,2746321,38,43659,2575,2789980,4172,23033.43,16492365,0
"2022-01-30",2097,7034170,3022,6096136,103,577301,4534,2750855,61,43720,4595,2794575,9817,22644.57,16502182,0
"2022-01-31",5002,7039172,6599,6102735,220,577521,11374,2762229,194,43914,11568,2806143,23389,21680.86,16525571,0
"2022-02-01",4844,7044016,6437,6109172,219,577740,10706,2772935,210,44124,10916,2817059,22416,20697.57,16547987,0
"2022-02-02",4252,7048268,5923,6115095,213,577953,11221,2784156,234,44358,11455,2828514,21843,19899.57,16569830,0
"2022-02-03",4233,7052501,5805,6120900,216,578169,11206,2795362,194,44552,11400,2839914,21654,19139.14,16591484,0
"2022-02-04",4777,7057278,7112,6128012,214,578383,13212,2808574,231,44783,13443,2853357,25546,18405.29,16617030,0
"2022-02-05",3589,7060867,6049,6134061,110,578493,8569,2817143,147,44930,8716,2862073,18464,20447,16635494,0
"2022-02-06",2061,7062928,2134,6136195,121,578614,4634,2821777,102,45032,4736,2866809,9052,20337.71,16644546,0
"2022-02-07",4158,7067086,4723,6140918,205,578819,10133,2831910,226,45258,10359,2877168,19445,19774.29,16663991,0
"2022-02-08",4224,7071310,5609,6146527,214,579033,11320,2843230,301,45559,11621,2888789,21668,19667.43,16685659,0
"2022-02-09",4140,7075450,5403,6151930,222,579255,11658,2854888,246,45805,11904,2900693,21669,19642.57,16707328,0
"2022-02-10",4000,7079450,5118,6157048,245,579500,12195,2867083,276,46081,12471,2913164,21834,19668.29,16729162,0
"2022-02-11",4518,7083968,5805,6162853,195,579695,13732,2880815,310,46391,14042,2927206,24560,19527.43,16753722,0
"2022-02-12",3258,7087226,4341,6167194,97,579792,8806,2889621,211,46602,9017,2936223,16713,19277.29,16770435,0
"2022-02-13",1520,7088746,1542,6168736,41,579833,4878,2894499,105,46707,4983,2941206,8086,19139.29,16778521,0
"2022-02-14",2986,7091732,3621,6172357,167,580000,10566,2905065,321,47028,10887,2952093,17661,18884.43,16796182,0
"2022-02-15",3562,7095294,4070,6176427,176,580176,12775,2917840,270,47298,13045,2965138,20853,18768,16817035,0
"2022-02-16",3666,7098960,3897,6180324,200,580376,15702,2933542,286,47584,15988,2981126,23751,19065.43,16840786,0
"2022-02-17",4041,7103001,4081,6184405,162,580538,18267,2951809,352,47936,18619,2999745,26903,19789.57,16867689,0
"2022-02-18",4479,7107480,4780,6189185,190,580728,21529,2973338,445,48381,21974,3021719,31423,20770,16899112,0
"2022-02-19",3256,7110736,2180,6191365,65,580793,11172,2984510,211,48592,11383,3033102,16884,20794.43,16915996,0
"2022-02-20",1861,7112597,1446,6192811,59,580852,6574,2991084,111,48703,6685,3039787,10051,21075.14,16926047,0
"2022-02-21",3088,7115685,2689,6195500,95,580947,8353,2999437,221,48924,8574,3048361,14446,20615.86,16940493,0
"2022-02-22",4381,7120066,4247,6199747,175,581122,10828,3010265,245,49169,11073,3059434,19876,20476.29,16960369,0
"2022-02-23",4272,7124338,3793,6203540,145,581267,10656,3020921,234,49403,10890,3070324,19100,19811.86,16979469,0
"2022-02-24",3794,7128132,3655,6207195,108,581375,10182,3031103,227,49630,10409,3080733,17966,18535.14,16997435,0
"2022-02-25",3621,7131753,3621,6210816,134,581509,9975,3041078,229,49859,10204,3090937,17580,16557.57,17015015,0
"2022-02-26",2843,7134596,2579,6213395,74,581583,9505,3050583,151,50010,9656,3100593,15152,16310.14,17030167,0
"2022-02-27",1775,7136371,1371,6214766,52,581635,6264,3056847,97,50107,6361,3106954,9559,16239.86,17039726,0
"2022-02-28",3806,7140177,3132,6217898,140,581775,13123,3069970,246,50353,13369,3120323,20447,17097.14,17060173,0
"2022-03-01",2138,7142315,2622,6220520,103,581878,5170,3075140,181,50534,5351,3125674,10214,15716.86,17070387,0
"2022-03-02",1842,7144157,2437,6222957,106,581984,4122,3079262,204,50738,4326,3130000,8711,14232.71,17079098,0
"2022-03-03",1939,7146096,2557,6225514,106,582090,3794,3083056,168,50906,3962,3133962,8564,12889.57,17087662,0
"2022-03-04",2122,7148218,2871,6228385,66,582156,4326,3087382,205,51111,4531,3138493,9590,11748.14,17097252,0
"2022-03-05",1611,7149829,2124,6230509,43,582199,3314,3090696,112,51223,3426,3141919,7204,10612.71,17104456,0
"2022-03-06",799,7150628,879,6231388,30,582229,1622,3092318,54,51277,1676,3143595,3384,9730.57,17107840,0
"2022-03-07",1667,7152295,1787,6233175,86,582315,3495,3095813,159,51436,3654,3147249,7194,7837.29,17115034,0
"2022-03-08",1550,7153845,1892,6235067,80,582395,3123,3098936,145,51581,3268,3150517,6790,7348.14,17121824,0
"2022-03-09",1269,7155114,1667,6236734,79,582474,2580,3101516,129,51710,2709,3153226,5724,6921.43,17127548,0
"2022-03-10",1421,7156535,2099,6238833,85,582559,2951,3104467,159,51869,3110,3156336,6715,6657.29,17134263,0
"2022-03-11",1605,7158140,2271,6241104,81,582640,3212,3107679,186,52055,3398,3159734,7355,6338,17141618,0
"2022-03-12",879,7159019,1413,6242517,40,582680,2004,3109683,72,52127,2076,3161810,4408,5938.57,17146026,0
"2022-03-13",626,7159645,757,6243274,27,582707,1292,3110975,47,52174,1339,3163149,2749,5847.86,17148775,0
"2022-03-14",1376,7161021,1601,6244875,83,582790,2988,3113963,204,52378,3192,3166341,6252,5713.29,17155027,0
"2022-03-15",1363,7162384,1924,6246799,63,582853,3068,3117031,227,52605,3295,3169636,6645,5692.57,17161672,0
"2022-03-16",1401,7163785,2065,6248864,94,582947,3133,3120164,292,52897,3425,3173061,6985,5872.71,17168657,0
"2022-03-17",1183,7164968,1809,6250673,70,583017,2755,3122919,262,53159,3017,3176078,6079,5781.86,17174736,0
"2022-03-18",1592,7166560,2207,6252880,80,583097,3767,3126686,413,53572,4180,3180258,8059,5882.43,17182795,0
"2022-03-19",1113,7167673,1733,6254613,54,583151,2597,3129283,224,53796,2821,3183079,5721,6070,17188516,0
"2022-03-20",612,7168285,627,6255240,33,583184,1463,3130746,183,53979,1646,3184725,2918,6094.14,17191434,0
"2022-03-21",1423,7169708,1550,6256790,73,583257,3052,3133798,352,54331,3404,3188129,6450,6122.43,17197884,0
"2022-03-22",1344,7171052,1551,6258341,101,583358,2902,3136700,338,54669,3240,3191369,6236,6064,17204120,0
"2022-03-23",1263,7172315,1361,6259702,66,583424,2916,3139616,371,55040,3287,3194656,5977,5920,17210097,0
"2022-03-24",1209,7173524,1298,6261000,90,583514,2515,3142131,264,55304,2779,3197435,5376,5819.57,17215473,0
"2022-03-25",1391,7174915,1628,6262628,62,583576,3261,3145392,372,55676,3633,3201068,6714,5627.43,17222187,0
"2022-03-26",927,7175842,1163,6263791,36,583612,2300,3147692,249,55925,2549,3203617,4675,5478,17226862,0
"2022-03-27",574,7176416,527,6264318,29,583641,1312,3149004,203,56128,1515,3205132,2645,5439,17229507,0
"2022-03-28",1088,7177504,1161,6265479,68,583709,2440,3151444,354,56482,2794,3207926,5111,5247.71,17234618,0
"2022-03-29",1052,7178556,1105,6266584,85,583794,2513,3153957,872,57354,3385,3211311,5627,5160.71,17240245,0
"2022-03-30",1250,7179806,1142,6267726,98,583892,3063,3157020,3375,60729,6438,3217749,8928,5582.29,17249173,0
"2022-03-31",1288,7181094,1261,6268987,57,583949,3165,3160185,5472,66201,8637,3226386,11243,6420.43,17260416,0
"2022-04-01",1439,7182533,1496,6270483,76,584025,3248,3163433,6862,73063,10110,3236496,13121,7335.71,17273537,0
"2022-04-02",913,7183446,913,6271396,33,584058,2098,3165531,4492,77555,6590,3243086,8449,7874.86,17281986,0
"2022-04-03",561,7184007,499,6271895,28,584086,1223,3166754,3040,80595,4263,3247349,5351,8261.43,17287337,0
"2022-04-04",1359,7185366,1308,6273203,60,584146,2732,3169486,7645,88240,10377,3257726,13104,9403.29,17300441,0
"2022-04-05",1306,7186672,1163,6274366,66,584212,2858,3172344,7433,95673,10291,3268017,12826,10431.71,17313267,0
"2022-04-06",1326,7187998,1185,6275551,61,584273,2621,3174965,6909,102582,9530,3277547,12102,10885.14,17325369,0
"2022-04-07",1210,7189208,1063,6276614,54,584327,2377,3177342,6571,109153,8948,3286495,11275,10889.71,17336644,0
"2022-04-08",1497,7190705,1403,6278017,62,584389,3163,3180505,8721,117874,11884,3298379,14846,11136.14,17351490,0
"2022-04-09",931,7191636,920,6278937,29,584418,2065,3182570,4908,122782,6973,3305352,8853,11193.86,17360343,0
"2022-04-10",589,7192225,461,6279398,25,584443,1170,3183740,2867,125649,4037,3309389,5112,11159.71,17365455,0
"2022-04-11",1333,7193558,1235,6280633,59,584502,2662,3186402,7728,133377,10390,3319779,13017,11147.29,17378472,0
"2022-04-12",1220,7194778,1057,6281690,73,584575,2530,3188932,7366,140743,9896,3329675,12246,11064.43,17390718,0
"2022-04-13",1262,7196040,1076,6282766,59,584634,2504,3191436,7481,148224,9985,3339660,12382,11104.43,17403100,0
"2022-04-14",1281,7197321,1098,6283864,59,584693,2430,3193866,6526,154750,8956,3348616,11394,11121.43,17414494,0
"2022-04-15",1350,7198671,1096,6284960,53,584746,2561,3196427,6566,161316,9127,3357743,11626,10661.43,17426120,0
"2022-04-16",872,7199543,653,6285613,33,584779,1638,3198065,3637,164953,5275,3363018,6833,10372.86,17432953,0
"2022-04-17",347,7199890,203,6285816,27,584806,639,3198704,1144,166097,1783,3364801,2360,9979.71,17435313,0
"2022-04-18",1387,7201277,1116,6286932,82,584888,2587,3201291,6359,172456,8946,3373747,11531,9767.43,17446844,0
"2022-04-19",1416,7202693,938,6287870,72,584960,2572,3203863,5695,178151,8267,3382014,10693,9545.57,17457537,0
"2022-04-20",1315,7204008,1143,6289013,65,585025,2684,3206547,6580,184731,9264,3391278,11787,9460.57,17469324,0
"2022-04-21",1225,7205233,1062,6290075,53,585078,2328,3208875,5291,190022,7619,3398897,9959,9255.57,17479283,0
"2022-04-22",1219,7206452,1026,6291101,46,585124,2199,3211074,5579,195601,7778,3406675,10069,9033.14,17489352,0
"2022-04-23",718,7207170,750,6291851,59,585183,1426,3212500,3322,198923,4748,3411423,6275,8953.43,17495627,0
"2022-04-24",443,7207613,338,6292189,27,585210,813,3213313,1797,200720,2610,3414033,3418,9104.57,17499045,0
"2022-04-25",1033,7208646,913,6293102,64,585274,1849,3215162,5043,205763,6892,3420925,8902,8729,17507947,0
"2022-04-26",947,7209593,858,6293960,76,585350,1752,3216914,4653,210416,6405,3427330,8286,8385.14,17516233,0
"2022-04-27",1041,7210634,1011,6294971,80,585430,1932,3218846,5163,215579,7095,3434425,9227,8019.43,17525460,0
"2022-04-28",1092,7211726,986,6295957,50,585480,2004,3220850,4692,220271,6696,3441121,8824,7857.29,17534284,0
"2022-04-29",1191,7212917,1106,6297063,60,585540,2157,3223007,5325,225596,7482,3448603,9839,7824.43,17544123,0
"2022-04-30",728,7213645,741,6297804,43,585583,1393,3224400,2933,228529,4326,3452929,5838,7762,17549961,0
"2022-05-01",448,7214093,368,6298172,20,585603,764,3225164,1637,230166,2401,3455330,3237,7736.14,17553198,0
"2022-05-02",1059,7215152,791,6298963,52,585655,1673,3226837,3777,233943,5450,3460780,7352,7514.71,17560550,0
"2022-05-03",1127,7216279,860,6299823,61,585716,1988,3228825,4818,238761,6806,3467586,8854,7595.86,17569404,0
"2022-05-04",1024,7217303,883,6300706,48,585764,1912,3230737,4592,243353,6504,3474090,8459,7486.14,17577863,0
"2022-05-05",1058,7218361,952,6301658,86,585850,1924,3232661,4835,248188,6759,3480849,8855,7490.57,17586718,0
"2022-05-06",1095,7219456,959,6302617,51,585901,1864,3234525,4334,252522,6198,3487047,8303,7271.14,17595021,0
"2022-05-07",662,7220118,592,6303209,31,585932,1208,3235733,2409,254931,3617,3490664,4902,7137.43,17599923,0
"2022-05-08",416,7220534,247,6303456,17,585949,669,3236402,1365,256296,2034,3492698,2714,7062.71,17602637,0
"2022-05-09",1083,7221617,948,6304404,60,586009,1883,3238285,4394,260690,6277,3498975,8368,7207.86,17611005,0
"2022-05-10",1099,7222716,926,6305330,54,586063,1987,3240272,4663,265353,6650,3505625,8729,7190,17619734,0
"2022-05-11",1095,7223811,978,6306308,44,586107,1938,3242210,4788,270141,6726,3512351,8843,7244.86,17628577,0
"2022-05-12",1101,7224912,948,6307256,58,586165,2002,3244212,4608,274749,6610,3518961,8717,7225.14,17637294,0
"2022-05-13",1164,7226076,1038,6308294,44,586209,2059,3246271,4745,279494,6804,3525765,9050,7331.86,17646344,0
"2022-05-14",829,7226905,670,6308964,31,586240,1469,3247740,2911,282405,4380,3530145,5910,7475.86,17652254,0
"2022-05-15",513,7227418,355,6309319,21,586261,922,3248662,1632,284037,2554,3532699,3443,7580,17655697,0
"2022-05-16",1232,7228650,860,6310179,60,586321,1824,3250486,3820,287857,5644,3538343,7796,7498.29,17663493,0
"2022-05-17",1299,7229949,923,6311102,79,586400,2053,3252539,4832,292689,6885,3545228,9186,7563.57,17672679,0
"2022-05-18",1247,7231196,906,6312008,82,586482,2061,3254600,4871,297560,6932,3552160,9167,7609.86,17681846,0
"2022-05-19",1177,7232373,872,6312880,35,586517,2110,3256710,4664,302224,6774,3558934,8858,7630,17690704,0
"2022-05-20",1206,7233579,956,6313836,74,586591,2366,3259076,5128,307352,7494,3566428,9730,7727.14,17700434,0
"2022-05-21",837,7234416,648,6314484,23,586614,1726,3260802,3262,310614,4988,3571416,6496,7810.86,17706930,0
"2022-05-22",513,7234929,292,6314776,22,586636,1132,3261934,1823,312437,2955,3574371,3782,7859.29,17710712,0
"2022-05-23",1227,7236156,891,6315667,47,586683,2181,3264115,4657,317094,6838,3581209,9003,8031.71,17719715,0
"2022-05-24",1435,7237591,939,6316606,66,586749,2287,3266402,4429,321523,6716,3587925,9156,8027.43,17728871,0
"2022-05-25",1441,7239032,958,6317564,56,586805,2259,3268661,4193,325716,6452,3594377,8907,7990.29,17737778,0
"2022-05-26",1181,7240213,869,6318433,60,586865,2259,3270920,4084,329800,6343,3600720,8453,7932.43,17746231,0
"2022-05-27",1252,7241465,955,6319388,38,586903,2491,3273411,3846,333646,6337,3607057,8582,7768.43,17754813,0
"2022-05-28",720,7242185,516,6319904,19,586922,1771,3275182,2043,335689,3814,3610871,5069,7564.57,17759882,0
"2022-05-29",474,7242659,215,6320119,11,586933,762,3275944,1112,336801,1874,3612745,2574,7392,17762456,0
"2022-05-30",91,7242750,56,6320175,6,586939,137,3276081,143,336944,280,3613025,433,6167.71,17762889,0
"2022-05-31",1131,7243881,910,6321085,51,586990,1875,3277956,3034,339978,4909,3617934,7001,5859.86,17769890,0
"2022-06-01",1149,7245030,844,6321929,63,587053,1959,3279915,3372,343350,5331,3623265,7387,5642.71,17777277,0
"2022-06-02",1032,7246062,797,6322726,72,587125,1818,3281733,3136,346486,4954,3628219,6855,5414.43,17784132,0
"2022-06-03",1169,7247231,886,6323612,47,587172,2050,3283783,3472,349958,5522,3633741,7624,5277.57,17791756,0
"2022-06-04",726,7247957,579,6324191,26,587198,1551,3285334,1885,351843,3436,3637177,4767,5234.43,17796523,0
"2022-06-05",448,7248405,297,6324488,1,587199,877,3286211,973,352816,1850,3639027,2596,5237.57,17799119,0
"2022-06-06",1124,7249529,823,6325311,64,587263,1749,3287960,2717,355533,4466,3643493,6477,6101,17805596,0
"2022-06-07",1019,7250548,767,6326078,70,587333,1762,3289722,2542,358075,4304,3647797,6160,5980.86,17811756,0
"2022-06-08",1092,7251640,832,6326910,75,587408,1866,3291588,2717,360792,4583,3652380,6582,5865.86,17818338,0
"2022-06-09",1143,7252783,835,6327745,61,587469,2196,3293784,2668,363460,4864,3657244,6903,5872.71,17825241,0
"2022-06-10",1048,7253831,809,6328554,76,587545,1869,3295653,2786,366246,4655,3661899,6588,5724.71,17831829,0
"2022-06-11",684,7254515,508,6329062,24,587569,1313,3296966,1498,367744,2811,3664710,4027,5619,17835856,0
"2022-06-12",351,7254866,285,6329347,19,587588,877,3297843,766,368510,1643,3666353,2298,5576.43,17838154,0
"2022-06-13",1032,7255898,761,6330108,61,587649,1566,3299409,2167,370677,3733,3670086,5587,5449.29,17843741,0
"2022-06-14",937,7256835,810,6330918,54,587703,1653,3301062,2481,373158,4134,3674220,5935,5417.14,17849676,0
"2022-06-15",970,7257805,848,6331766,39,587742,1634,3302696,2385,375543,4019,3678239,5876,5316.29,17855552,0
"2022-06-16",935,7258740,767,6332533,57,587799,1792,3304488,2285,377828,4077,3682316,5836,5163.86,17861388,0
"2022-06-17",890,7259630,778,6333311,44,587843,1726,3306214,2327,380155,4053,3686369,5765,5046.29,17867153,0
"2022-06-18",662,7260292,522,6333833,25,587868,1268,3307482,1288,381443,2556,3688925,3765,5008.86,17870918,0
"2022-06-19",355,7260647,235,6334068,16,587884,721,3308203,597,382040,1318,3690243,1924,4955.43,17872842,0
"2022-06-20",827,7261474,480,6334548,41,587925,1543,3309746,1599,383639,3142,3693385,4490,4798.71,17877332,0
"2022-06-21",1050,7262524,717,6335265,50,587975,1654,3311400,2078,385717,3732,3697117,5549,4743.57,17882881,0
"2022-06-22",981,7263505,797,6336062,44,588019,1655,3313055,1927,387644,3582,3700699,5404,4676.14,17888285,0
"2022-06-23",920,7264425,735,6336797,64,588083,1657,3314712,2046,389690,3703,3704402,5422,4617,17893707,0
"2022-06-24",921,7265346,748,6337545,47,588130,1601,3316313,2106,391796,3707,3708109,5423,4568.14,17899130,0
"2022-06-25",629,7265975,479,6338024,15,588145,1225,3317538,1116,392912,2341,3710450,3464,4525.14,17902594,0
"2022-06-26",437,7266412,247,6338271,14,588159,676,3318214,524,393436,1200,3711650,1898,4521.43,17904492,0
"2022-06-27",849,7267261,641,6338912,57,588216,1430,3319644,1575,395011,3005,3714655,4552,4530.29,17909044,0
"2022-06-28",970,7268231,805,6339717,50,588266,1820,3321464,2064,397075,3884,3718539,5709,4553.14,17914753,0
"2022-06-29",876,7269107,753,6340470,47,588313,1658,3323122,1863,398938,3521,3722060,5197,4523.57,17919950,0
"2022-06-30",866,7269973,782,6341252,44,588357,1686,3324808,2017,400955,3703,3725763,5395,4519.71,17925345,0
"2022-07-01",701,7270674,572,6341824,21,588378,1342,3326150,1676,402631,3018,3728781,4312,4361,17929657,120000
"2022-07-02",431,7271105,369,6342193,15,588393,808,3326958,908,403539,1716,3730497,2531,4227.71,17932188,120000
"2022-07-03",296,7271401,201,6342394,5,588398,451,3327409,476,404015,927,3731424,1429,4160.71,17933617,120000
"2022-07-04",29,7271430,24,6342418,1,588399,30,3327439,36,404051,66,3731490,120,3527.57,17933737,120000
"2022-07-05",800,7272230,724,6343142,31,588430,1349,3328788,1668,405719,3017,3734507,4572,3365.14,17938309,120000
"2022-07-06",792,7273022,628,6343770,39,588469,1315,3330103,1620,407339,2935,3737442,4394,3250.43,17942703,120000
"2022-07-07",228,7273250,232,6344002,17,588486,482,3330585,618,407957,1100,3738542,1577,2705,17944280,120000
