"DATE","ADMIN_DOSE1_DAILY","ADMIN_DOSE1_CUMULATIVE","ADMIN_DOSE2_DAILY","ADMIN_DOSE2_CUMULATIVE","ADMIN_SINGLE_DAILY","ADMIN_SINGLE_CUMULATIVE","ADMIN_ADDITIONAL1_DAILY","ADMIN_ADDITIONAL1_CUMULATIVE","ADMIN_ADDITIONAL2_DAILY","ADMIN_ADDITIONAL2_CUMULATIVE","ADMIN_ADDITIONAL_DAILY","ADMIN_ADDITIONAL_CUMULATIVE","ADMIN_ALLDOSES_DAILY","ADMIN_ALLDOSES_7DAYAVG","ADMIN_ALLDOSES_CUMULATIVE","INCOMPLETE"
"2020-12-14",79,79,0,0,0,0,0,0,0,0,0,0,79,,79,0
"2020-12-15",2051,2130,6,6,4,4,0,0,0,0,0,0,2061,,2140,0
"2020-12-16",4605,6735,13,19,1,5,1,1,0,0,1,1,4620,,6760,0
"2020-12-17",4657,11392,17,36,0,5,1,2,0,0,1,2,4675,,11435,0
"2020-12-18",5833,17225,18,54,2,7,2,4,0,0,2,4,5855,,17290,0
"2020-12-19",1689,18914,7,61,3,10,0,4,0,0,0,4,1699,,18989,0
"2020-12-20",1116,20030,2,63,1,11,0,4,0,0,0,4,1119,2872.57,20108,0
"2020-12-21",6340,26370,19,82,0,11,5,9,0,0,5,9,6364,3770.43,26472,0
"2020-12-22",9794,36164,27,109,2,13,1,10,0,0,1,10,9824,4879.43,36296,0
"2020-12-23",14277,50441,34,143,3,16,1,11,0,0,1,11,14315,6264.43,50611,0
"2020-12-24",7200,57641,24,167,1,17,0,11,0,0,0,11,7225,6628.71,57836,0
"2020-12-25",180,57821,0,167,0,17,1,12,0,0,1,12,181,5818.14,58017,0
"2020-12-26",4387,62208,44,211,0,17,1,13,0,0,1,13,4432,6208.57,62449,0
"2020-12-27",3869,66077,14,225,0,17,1,14,0,0,1,14,3884,6603.57,66333,0
"2020-12-28",10995,77072,49,274,1,18,2,16,0,0,2,16,11047,7272.57,77380,0
"2020-12-29",10717,87789,35,309,2,20,2,18,0,0,2,18,10756,7405.71,88136,0
"2020-12-30",12825,100614,45,354,0,20,0,18,0,0,0,18,12870,7199.29,101006,0
"2020-12-31",7261,107875,33,387,1,21,0,18,0,0,0,18,7295,7209.29,108301,0
"2021-01-01",181,108056,2,389,1,22,3,21,0,0,3,21,187,7210.14,108488,0
"2021-01-02",3809,111865,10,399,2,24,2,23,0,0,2,23,3823,7123.14,112311,0
"2021-01-03",3541,115406,24,423,2,26,1,24,0,0,1,24,3568,7078,115879,0
"2021-01-04",12255,127661,806,1229,2,28,6,30,0,0,6,30,13069,7366.86,128948,0
"2021-01-05",14084,141745,2192,3421,2,30,12,42,1,1,13,43,16291,8157.57,145239,0
"2021-01-06",17802,159547,3927,7348,1,31,29,71,6,7,35,78,21765,9428.29,167004,0
"2021-01-07",16552,176099,5171,12519,4,35,44,115,3,10,47,125,21774,11496.71,188778,0
"2021-01-08",16620,192719,5455,17974,0,35,33,148,4,14,37,162,22112,14628.86,210890,0
"2021-01-09",7652,200371,1462,19436,1,36,7,155,2,16,9,171,9124,15386.14,220014,0
"2021-01-10",7881,208252,983,20419,0,36,10,165,0,16,10,181,8874,16144.14,228888,0
"2021-01-11",25825,234077,7455,27874,2,38,48,213,8,24,56,237,33338,19039.71,262226,0
"2021-01-12",28263,262340,7857,35731,1,39,45,258,2,26,47,284,36168,21879.29,298394,0
"2021-01-13",31724,294064,9388,45119,1,40,55,313,4,30,59,343,41172,24651.71,339566,0
"2021-01-14",35813,329877,5320,50439,1,41,28,341,7,37,35,378,41169,27422.43,380735,0
"2021-01-15",29266,359143,3704,54143,2,43,32,373,5,42,37,415,33009,28979.14,413744,0
"2021-01-16",30290,389433,2380,56523,0,43,25,398,5,47,30,445,32700,32347.14,446444,0
"2021-01-17",23750,413183,1625,58148,0,43,18,416,1,48,19,464,25394,34707.14,471838,0
"2021-01-18",27107,440290,2411,60559,1,44,34,450,7,55,41,505,29560,34167.43,501398,0
"2021-01-19",34295,474585,9626,70185,1,45,71,521,5,60,76,581,43998,35286,545396,0
"2021-01-20",34868,509453,9495,79680,1,46,59,580,5,65,64,645,44428,35751.14,589824,0
"2021-01-21",25592,535045,8093,87773,2,48,49,629,5,70,54,699,33741,34690,623565,0
"2021-01-22",24755,559800,4381,92154,1,49,32,661,7,77,39,738,29176,34142.43,652741,0
"2021-01-23",15743,575543,3224,95378,0,49,9,670,2,79,11,749,18978,32182.14,671719,0
"2021-01-24",7176,582719,3453,98831,0,49,19,689,1,80,20,769,10649,30075.71,682368,0
"2021-01-25",13412,596131,11819,110650,0,49,67,756,11,91,78,847,25309,29468.43,707677,0
"2021-01-26",16766,612897,10752,121402,0,49,67,823,2,93,69,916,27587,27124,735264,0
"2021-01-27",20836,633733,12355,133757,0,49,51,874,8,101,59,975,33250,25527.14,768514,0
"2021-01-28",30763,664496,12847,146604,0,49,83,957,16,117,99,1074,43709,26951.14,812223,0
"2021-01-29",31695,696191,11504,158108,0,49,77,1034,10,127,87,1161,43286,28966.86,855509,0
"2021-01-30",18709,714900,3741,161849,0,49,20,1054,2,129,22,1183,22472,29466,877981,0
"2021-01-31",13022,727922,2920,164769,1,50,28,1082,4,133,32,1215,15975,30226.86,893956,0
"2021-02-01",1180,729102,5368,170137,4,54,35,1117,5,138,40,1255,6592,27553,900548,0
"2021-02-02",2827,731929,9474,179611,2,56,46,1163,6,144,52,1307,12355,25377,912903,0
"2021-02-03",16349,748278,21245,200856,4,60,201,1364,19,163,220,1527,37818,26029.57,950721,0
"2021-02-04",27048,775326,19650,220506,3,63,198,1562,11,174,209,1736,46910,26486.86,997631,0
"2021-02-05",27600,802926,20032,240538,0,63,182,1744,16,190,198,1934,47830,27136,1045461,0
"2021-02-06",22990,825916,11248,251786,0,63,110,1854,11,201,121,2055,34359,28834.14,1079820,0
"2021-02-07",12043,837959,8282,260068,1,64,91,1945,13,214,104,2159,20430,29470.57,1100250,0
"2021-02-08",16965,854924,23516,283584,2,66,231,2176,33,247,264,2423,40747,34349.86,1140997,0
"2021-02-09",17192,872116,28109,311693,2,68,334,2510,41,288,375,2798,45678,39110.29,1186675,0
"2021-02-10",19592,891708,29306,340999,2,70,263,2773,50,338,313,3111,49213,40738.14,1235888,0
"2021-02-11",27846,919554,33472,374471,2,72,340,3113,57,395,397,3508,61717,42853.43,1297605,0
"2021-02-12",38395,957949,30795,405266,3,75,356,3469,38,433,394,3902,69587,45961.57,1367192,0
"2021-02-13",28009,985958,25307,430573,2,77,311,3780,51,484,362,4264,53680,48721.71,1420872,0
"2021-02-14",16282,1002240,23731,454304,0,77,260,4040,31,515,291,4555,40304,51560.86,1461176,0
"2021-02-15",12795,1015035,10527,464831,2,79,169,4209,24,539,193,4748,23517,49099.43,1484693,0
"2021-02-16",14241,1029276,26733,491564,0,79,320,4529,35,574,355,5103,41329,48478.14,1526022,0
"2021-02-17",16394,1045670,22194,513758,1,80,281,4810,38,612,319,5422,38908,47006,1564930,0
"2021-02-18",12153,1057823,24992,538750,21,101,286,5096,44,656,330,5752,37496,43545.86,1602426,0
"2021-02-19",13264,1071087,23934,562684,39,140,302,5398,44,700,346,6098,37583,38973.86,1640009,0
"2021-02-20",11352,1082439,26076,588760,6,146,324,5722,78,778,402,6500,37836,36710.43,1677845,0
"2021-02-21",6362,1088801,17422,606182,15,161,284,6006,42,820,326,6826,24125,34399.14,1701970,0
"2021-02-22",13043,1101844,11848,618030,3,164,125,6131,19,839,144,6970,25038,34616.43,1727008,0
"2021-02-23",25245,1127089,14146,632176,1,165,159,6290,34,873,193,7163,39585,34367.29,1766593,0
"2021-02-24",36364,1163453,20392,652568,0,165,224,6514,37,910,261,7424,57017,36954.29,1823610,0
"2021-02-25",54616,1218069,30392,682960,6,171,395,6909,64,974,459,7883,85473,43808.14,1909083,0
"2021-02-26",62874,1280943,31869,714829,4,175,407,7316,78,1052,485,8368,95232,52043.71,2004315,0
"2021-02-27",51295,1332238,22752,737581,47,222,332,7648,52,1104,384,8752,74478,57278.29,2078793,0
"2021-02-28",44596,1376834,13822,751403,7,229,205,7853,33,1137,238,8990,58663,62212.29,2137456,0
"2021-03-01",39320,1416154,12779,764182,10,239,164,8017,25,1162,189,9179,52298,66106.57,2189754,0
"2021-03-02",47082,1463236,12578,776760,7,246,159,8176,14,1176,173,9352,59840,69000.14,2249594,0
"2021-03-03",48606,1511842,16157,792917,17,263,145,8321,21,1197,166,9518,64946,70132.86,2314540,0
"2021-03-04",59820,1571662,22818,815735,1092,1355,273,8594,34,1231,307,9825,84037,69927.71,2398577,0
"2021-03-05",60990,1632652,24282,840017,3109,4464,329,8923,33,1264,362,10187,88743,69000.71,2487320,0
"2021-03-06",47179,1679831,18884,858901,5451,9915,237,9160,34,1298,271,10458,71785,68616,2559105,0
"2021-03-07",36046,1715877,14878,873779,6245,16160,229,9389,20,1318,249,10707,57418,68438.14,2616523,0
"2021-03-08",39628,1755505,14677,888456,8564,24724,313,9702,91,1409,404,11111,63273,70006,2679796,0
"2021-03-09",39107,1794612,12853,901309,7764,32488,177,9879,33,1442,210,11321,59934,70019.43,2739730,0
"2021-03-10",51832,1846444,15341,916650,5067,37555,228,10107,31,1473,259,11580,72499,71098.43,2812229,0
"2021-03-11",59992,1906436,21813,938463,4619,42174,250,10357,49,1522,299,11879,86723,71482.14,2898952,0
"2021-03-12",52206,1958642,30311,968774,4183,46357,370,10727,81,1603,451,12330,87151,71254.71,2986103,0
"2021-03-13",40652,1999294,26683,995457,5109,51466,326,11053,51,1654,377,12707,72821,71402.71,3058924,0
"2021-03-14",30717,2030011,15968,1011425,4527,55993,238,11291,28,1682,266,12973,51478,70554.14,3110402,0
"2021-03-15",33590,2063601,17253,1028678,4717,60710,233,11524,33,1715,266,13239,55826,69490.29,3166228,0
"2021-03-16",38678,2102279,20504,1049182,4925,65635,256,11780,35,1750,291,13530,64398,70128,3230626,0
"2021-03-17",42619,2144898,24792,1073974,4247,69882,337,12117,37,1787,374,13904,72032,70061.29,3302658,0
"2021-03-18",50454,2195352,26801,1100775,5238,75120,365,12482,61,1848,426,14330,82919,69517.86,3385577,0
"2021-03-19",47795,2243147,29957,1130732,5624,80744,390,12872,69,1917,459,14789,83835,69044.14,3469412,0
"2021-03-20",38713,2281860,25831,1156563,4687,85431,298,13170,60,1977,358,15147,69589,68582.43,3539001,0
"2021-03-21",29301,2311161,19360,1175923,770,86201,220,13390,42,2019,262,15409,49693,68327.43,3588694,0
"2021-03-22",33871,2345032,26734,1202657,4037,90238,260,13650,37,2056,297,15706,64939,69629.29,3653633,0
"2021-03-23",38436,2383468,32839,1235496,4219,94457,292,13942,56,2112,348,16054,75842,71264.14,3729475,0
"2021-03-24",41497,2424965,37600,1273096,4848,99305,329,14271,62,2174,391,16445,84336,73021.86,3813811,0
"2021-03-25",43416,2468381,50785,1323881,5054,104359,470,14741,85,2259,555,17000,99810,75434.86,3913621,0
"2021-03-26",38508,2506889,55509,1379390,4310,108669,523,15264,96,2355,619,17619,98946,77593.57,4012567,0
"2021-03-27",35737,2542626,45750,1425140,2938,111607,414,15678,83,2438,497,18116,84922,79784,4097489,0
"2021-03-28",26392,2569018,34458,1459598,1482,113089,329,16007,63,2501,392,18508,62724,81645.57,4160213,0
"2021-03-29",34820,2603838,38863,1498461,3247,116336,341,16348,111,2612,452,18960,77382,83423.14,4237595,0
"2021-03-30",40513,2644351,41923,1540384,3714,120050,336,16684,66,2678,402,19362,86552,84953.14,4324147,0
"2021-03-31",49398,2693749,44862,1585246,7442,127492,397,17081,86,2764,483,19845,102185,87503,4426332,0
"2021-04-01",50785,2744534,53947,1639193,11275,138767,500,17581,81,2845,581,20426,116588,89899.86,4542920,0
"2021-04-02",43762,2788296,53884,1693077,11971,150738,546,18127,69,2914,615,21041,110232,91512.14,4653152,0
"2021-04-03",39256,2827552,39215,1732292,9859,160597,333,18460,58,2972,391,21432,88721,92054.86,4741873,0
"2021-04-04",26560,2854112,24779,1757071,3902,164499,223,18683,50,3022,273,21705,55514,91024.86,4797387,0
"2021-04-05",41891,2896003,34484,1791555,11194,175693,371,19054,60,3082,431,22136,88000,92541.71,4885387,0
"2021-04-06",53270,2949273,35618,1827173,13220,188913,426,19480,72,3154,498,22634,102606,94835.14,4987993,0
"2021-04-07",55514,3004787,40694,1867867,14390,203303,393,19873,78,3232,471,23105,111069,96104.29,5099062,0
"2021-04-08",59267,3064054,46588,1914455,16340,219643,514,20387,80,3312,594,23699,122789,96990.14,5221851,0
"2021-04-09",56648,3120702,44960,1959415,17551,237194,514,20901,78,3390,592,24291,119751,98350,5341602,0
"2021-04-10",49350,3170052,35644,1995059,12729,249923,387,21288,60,3450,447,24738,98170,99699.86,5439772,0
"2021-04-11",38186,3208238,28819,2023878,7682,257605,293,21581,56,3506,349,25087,75036,102488.71,5514808,0
"2021-04-12",46642,3254880,31849,2055727,13497,271102,464,22045,63,3569,527,25614,92515,103133.71,5607323,0
"2021-04-13",52544,3307424,33794,2089521,368,271470,393,22438,59,3628,452,26066,87158,100926.86,5694481,0
"2021-04-14",50150,3357574,39958,2129479,20,271490,366,22804,70,3698,436,26502,90564,97997.57,5785045,0
"2021-04-15",52129,3409703,43678,2173157,16,271506,452,23256,103,3801,555,27057,96378,94224.57,5881423,0
"2021-04-16",51187,3460890,42218,2215375,32,271538,420,23676,65,3866,485,27542,93922,90534.71,5975345,0
"2021-04-17",43843,3504733,35691,2251066,3,271541,363,24039,82,3948,445,27987,79982,87936.43,6055327,0
"2021-04-18",28609,3533342,29374,2280440,7,271548,249,24288,61,4009,310,28297,58300,85545.57,6113627,0
"2021-04-19",37474,3570816,36450,2316890,22,271570,322,24610,61,4070,383,28680,74329,82947.57,6187956,0
"2021-04-20",40811,3611627,39625,2356515,19,271589,313,24923,76,4146,389,29069,80844,82045.57,6268800,0
"2021-04-21",38904,3650531,46015,2402530,16,271605,491,25414,96,4242,587,29656,85522,81325.29,6354322,0
"2021-04-22",38498,3689029,48963,2451493,9,271614,336,25750,73,4315,409,30065,87879,80111.14,6442201,0
"2021-04-23",39701,3728730,44385,2495878,4,271618,343,26093,69,4384,412,30477,84502,78765.43,6526703,0
"2021-04-24",31952,3760682,41603,2537481,44,271662,276,26369,58,4442,334,30811,73933,77901.29,6600636,0
"2021-04-25",18423,3779105,31229,2568710,86,271748,191,26560,56,4498,247,31058,49985,76713.43,6650621,0
"2021-04-26",26973,3806078,40739,2609449,1013,272761,281,26841,82,4580,363,31421,69088,75964.71,6719709,0
"2021-04-27",28576,3834654,47141,2656590,1697,274458,349,27190,92,4672,441,31862,77855,75537.71,6797564,0
"2021-04-28",27038,3861692,56842,2713432,2148,276606,427,27617,98,4770,525,32387,86553,75685,6884117,0
"2021-04-29",28612,3890304,57203,2770635,2148,278754,363,27980,99,4869,462,32849,88425,75763,6972542,0
"2021-04-30",30126,3920430,51987,2822622,2054,280808,282,28262,72,4941,354,33203,84521,75765.71,7057063,0
"2021-05-01",22481,3942911,44546,2867168,1177,281985,226,28488,63,5004,289,33492,68493,74988.57,7125556,0
"2021-05-02",11926,3954837,36657,2903825,1080,283065,137,28625,55,5059,192,33684,49855,74970,7175411,0
"2021-05-03",18030,3972867,53026,2956851,2383,285448,255,28880,89,5148,344,34028,73783,75640.71,7249194,0
"2021-05-04",22739,3995606,56647,3013498,2330,287778,265,29145,113,5261,378,34406,82094,76246.29,7331288,0
"2021-05-05",21480,4017086,48798,3062296,2313,290091,311,29456,98,5359,409,34815,73000,74310.14,7404288,0
"2021-05-06",20682,4037768,50180,3112476,2507,292598,270,29726,83,5442,353,35168,73722,72209.71,7478010,0
"2021-05-07",21258,4059026,52098,3164574,2813,295411,306,30032,70,5512,376,35544,76545,71070.29,7554555,0
"2021-05-08",16634,4075660,41867,3206441,1835,297246,227,30259,69,5581,296,35840,60632,69947.29,7615187,0
"2021-05-09",7977,4083637,29411,3235852,1260,298506,149,30408,56,5637,205,36045,38853,68375.57,7654040,0
"2021-05-10",14389,4098026,38541,3274393,2355,300861,231,30639,87,5724,318,36363,55603,65778.43,7709643,0
"2021-05-11",19915,4117941,43058,3317451,2514,303375,280,30919,83,5807,363,36726,65850,63457.86,7775493,0
"2021-05-12",17811,4135752,40536,3357987,3596,306971,231,31150,76,5883,307,37033,62250,61922.14,7837743,0
"2021-05-13",24974,4160726,40432,3398419,3230,310201,260,31410,74,5957,334,37367,68970,61243.29,7906713,0
"2021-05-14",27035,4187761,42914,3441333,3537,313738,281,31691,93,6050,374,37741,73860,60859.71,7980573,0
"2021-05-15",23650,4211411,34915,3476248,3366,317104,249,31940,75,6125,324,38065,62255,61091.57,8042828,0
"2021-05-16",15529,4226940,19444,3495692,2497,319601,126,32066,45,6170,171,38236,37641,60918.43,8080469,0
"2021-05-17",22674,4249614,29140,3524832,3257,322858,177,32243,67,6237,244,38480,55315,60877.29,8135784,0
"2021-05-18",24635,4274249,31911,3556743,3404,326262,236,32479,70,6307,306,38786,60256,60078.14,8196040,0
"2021-05-19",24196,4298445,29718,3586461,3039,329301,221,32700,46,6353,267,39053,57220,59359.57,8253260,0
"2021-05-20",24154,4322599,30086,3616547,3162,332463,270,32970,99,6452,369,39422,57771,57759.71,8311031,0
"2021-05-21",24686,4347285,32004,3648551,3060,335523,252,33222,60,6512,312,39734,60062,55788.57,8371093,0
"2021-05-22",20023,4367308,24360,3672911,2525,338048,162,33384,48,6560,210,39944,47118,53626.14,8418211,0
"2021-05-23",11236,4378544,13732,3686643,1411,339459,93,33477,32,6592,125,40069,26504,52035.14,8444715,0
"2021-05-24",18879,4397423,23156,3709799,2756,342215,214,33691,53,6645,267,40336,45058,50569.86,8489773,0
"2021-05-25",19433,4416856,23378,3733177,2601,344816,177,33868,70,6715,247,40583,45659,48484.57,8535432,0
"2021-05-26",18786,4435642,21089,3754266,2696,347512,199,34067,52,6767,251,40834,42822,46427.71,8578254,0
"2021-05-27",18472,4454114,21274,3775540,2529,350041,189,34256,63,6830,252,41086,42527,44250,8620781,0
"2021-05-28",17864,4471978,22888,3798428,2751,352792,186,34442,53,6883,239,41325,43742,41918.57,8664523,0
"2021-05-29",12710,4484688,17808,3816236,1755,354547,106,34548,39,6922,145,41470,32418,39818.57,8696941,0
"2021-05-30",7032,4491720,8949,3825185,1074,355621,47,34595,17,6939,64,41534,17119,38477.86,8714060,0
"2021-05-31",4743,4496463,6925,3832110,1012,356633,64,34659,16,6955,80,41614,12760,33863.86,8726820,0
"2021-06-01",16046,4512509,25197,3857307,2176,358809,151,34810,40,6995,191,41805,43610,33571.14,8770430,0
"2021-06-02",15352,4527861,20390,3877697,2094,360903,139,34949,46,7041,185,41990,38021,32885.29,8808451,0
"2021-06-03",15008,4542869,23818,3901515,2279,363182,130,35079,44,7085,174,42164,41279,32707,8849730,0
"2021-06-04",14729,4557598,25995,3927510,2492,365674,142,35221,39,7124,181,42345,43397,32657.71,8893127,0
"2021-06-05",10992,4568590,22087,3949597,1806,367480,113,35334,30,7154,143,42488,35028,33030.57,8928155,0
"2021-06-06",6445,4575035,14471,3964068,1222,368702,86,35420,13,7167,99,42587,22237,33761.71,8950392,0
"2021-06-07",11708,4586743,21786,3985854,2379,371081,141,35561,36,7203,177,42764,36050,37088.86,8986442,0
"2021-06-08",12642,4599385,24023,4009877,2072,373153,120,35681,44,7247,164,42928,38901,36416.14,9025343,0
"2021-06-09",11139,4610524,23029,4032906,2299,375452,133,35814,39,7286,172,43100,36639,36218.71,9061982,0
"2021-06-10",12070,4622594,22233,4055139,2462,377914,141,35955,56,7342,197,43297,36962,35602,9098944,0
"2021-06-11",12708,4635302,25122,4080261,2484,380398,153,36108,59,7401,212,43509,40526,35191.86,9139470,0
"2021-06-12",10166,4645468,19306,4099567,1888,382286,94,36202,40,7441,134,43643,31494,34687,9170964,0
"2021-06-13",4257,4649725,10936,4110503,1219,383505,42,36244,21,7462,63,43706,16475,33863.86,9187439,0
"2021-06-14",10209,4659934,19245,4129748,2042,385547,125,36369,51,7513,176,43882,31672,33238.43,9219111,0
"2021-06-15",11886,4671820,21011,4150759,1943,387490,131,36500,41,7554,172,44054,35012,32682.86,9254123,0
"2021-06-16",11589,4683409,19411,4170170,1956,389446,139,36639,67,7621,206,44260,33162,32186.14,9287285,0
"2021-06-17",11025,4694434,18764,4188934,1972,391418,121,36760,34,7655,155,44415,31916,31465.29,9319201,0
"2021-06-18",12167,4706601,18502,4207436,2116,393534,112,36872,35,7690,147,44562,32932,30380.43,9352133,0
"2021-06-19",8499,4715100,13521,4220957,1459,394993,82,36954,20,7710,102,44664,23581,29250,9375714,0
"2021-06-20",4335,4719435,7158,4228115,924,395917,36,36990,17,7727,53,44717,12470,28677.86,9388184,0
"2021-06-21",10163,4729598,10007,4238122,1806,397723,68,37058,28,7755,96,44813,22072,27306.43,9410256,0
"2021-06-22",9836,4739434,15641,4253763,1589,399312,105,37163,27,7782,132,44945,27198,26190.14,9437454,0
"2021-06-23",10313,4749747,15187,4268950,1860,401172,102,37265,29,7811,131,45076,27491,25380,9464945,0
"2021-06-24",9690,4759437,14697,4283647,1799,402971,118,37383,26,7837,144,45220,26330,24582,9491275,0
"2021-06-25",10591,4770028,14387,4298034,1719,404690,110,37493,37,7874,147,45367,26844,23712.29,9518119,0
"2021-06-26",7804,4777832,10465,4308499,1247,405937,74,37567,23,7897,97,45464,19613,23145.43,9537732,0
"2021-06-27",5001,4782833,6001,4314500,795,406732,33,37600,14,7911,47,45511,11844,23056,9549576,0
"2021-06-28",9032,4791865,10345,4324845,1524,408256,107,37707,26,7937,133,45644,21034,22907.71,9570610,0
"2021-06-29",9750,4801615,12316,4337161,1347,409603,122,37829,28,7965,150,45794,23563,22388.43,9594173,0
"2021-06-30",9431,4811046,10926,4348087,1481,411084,147,37976,16,7981,163,45957,22001,21604.14,9616174,0
"2021-07-01",9398,4820444,10929,4359016,1431,412515,125,38101,24,8005,149,46106,21907,20972.29,9638081,0
"2021-07-02",9694,4830138,11448,4370464,1541,414056,120,38221,23,8028,143,46249,22826,20398.29,9660907,0
"2021-07-03",7057,4837195,8424,4378888,1193,415249,75,38296,16,8044,91,46340,16765,19991.43,9677672,0
"2021-07-04",1288,4838483,1336,4380224,567,415816,8,38304,3,8047,11,46351,3202,18756.86,9680874,0
"2021-07-05",6495,4844978,7104,4387328,1208,417024,64,38368,20,8067,84,46435,14891,17879.29,9695765,0
"2021-07-06",9512,4854490,12851,4400179,1316,418340,116,38484,35,8102,151,46586,23830,17917.43,9719595,0
"2021-07-07",8671,4863161,11107,4411286,1419,419759,121,38605,18,8120,139,46725,21336,17822.43,9740931,0
"2021-07-08",8208,4871369,10191,4421477,1260,421019,108,38713,21,8141,129,46854,19788,17519.71,9760719,0
"2021-07-09",8375,4879744,10832,4432309,1279,422298,91,38804,17,8158,108,46962,20594,17200.86,9781313,0
"2021-07-10",7106,4886850,8628,4440937,1132,423430,63,38867,20,8178,83,47045,16949,17227.14,9798262,0
"2021-07-11",4105,4890955,4539,4445476,703,424133,34,38901,6,8184,40,47085,9387,18110.71,9807649,0
"2021-07-12",8454,4899409,9554,4455030,1250,425383,82,38983,21,8205,103,47188,19361,18749.29,9827010,0
"2021-07-13",9463,4908872,9389,4464419,951,426334,105,39088,33,8238,138,47326,19941,18193.71,9846951,0
"2021-07-14",9000,4917872,9532,4473951,1009,427343,104,39192,19,8257,123,47449,19664,17954.86,9866615,0
"2021-07-15",8791,4926663,9154,4483105,1051,428394,81,39273,17,8274,98,47547,19094,17855.71,9885709,0
"2021-07-16",9243,4935906,9760,4492865,978,429372,102,39375,31,8305,133,47680,20114,17787.14,9905823,0
"2021-07-17",6845,4942751,7385,4500250,802,430174,79,39454,19,8324,98,47778,15130,17527.29,9920953,0
"2021-07-18",4257,4947008,4282,4504532,569,430743,35,39489,14,8338,49,47827,9157,17494.43,9930110,0
"2021-07-19",9125,4956133,8469,4513001,999,431742,90,39579,20,8358,110,47937,18703,17400.43,9948813,0
"2021-07-20",10651,4966784,8759,4521760,991,432733,92,39671,24,8382,116,48053,20517,17482.71,9969330,0
"2021-07-21",10051,4976835,8762,4530522,903,433636,146,39817,31,8413,177,48230,19893,17515.43,9989223,0
"2021-07-22",10686,4987521,8585,4539107,1046,434682,142,39959,25,8438,167,48397,20484,17714,10009707,0
"2021-07-23",11254,4998775,8880,4547987,1114,435796,137,40096,22,8460,159,48556,21407,17898.71,10031114,0
"2021-07-24",7405,5006180,6735,4554722,670,436466,81,40177,22,8482,103,48659,14913,17867.71,10046027,0
"2021-07-25",5477,5011657,2126,4556848,509,436975,59,40236,4,8486,63,48722,8175,17727.43,10054202,0
"2021-07-26",10874,5022531,6998,4563846,859,437834,109,40345,17,8503,126,48848,18857,17749.43,10073059,0
"2021-07-27",12057,5034588,8567,4572413,857,438691,132,40477,34,8537,166,49014,21647,17910.86,10094706,0
"2021-07-28",11994,5046582,8048,4580461,950,439641,131,40608,24,8561,155,49169,21147,18090,10115853,0
"2021-07-29",10936,5057518,7429,4587890,984,440625,132,40740,40,8601,172,49341,19521,17952.43,10135374,0
"2021-07-30",14955,5072473,8010,4595900,1150,441775,181,40921,28,8629,209,49550,24324,18369.14,10159698,0
"2021-07-31",9730,5082203,6312,4602212,816,442591,119,41040,20,8649,139,49689,16997,18666.86,10176695,0
"2021-08-01",6503,5088706,3308,4605520,564,443155,81,41121,19,8668,100,49789,10475,18995.43,10187170,0
"2021-08-02",13452,5102158,7153,4612673,847,444002,144,41265,18,8686,162,49951,21614,19389.29,10208784,0
"2021-08-03",15414,5117572,8382,4621055,1109,445111,145,41410,32,8718,177,50128,25082,19880,10233866,0
"2021-08-04",17262,5134834,8124,4629179,1454,446565,180,41590,31,8749,211,50339,27051,20723.43,10260917,0
"2021-08-05",17865,5152699,7927,4637106,1366,447931,161,41751,17,8766,178,50517,27336,21839.86,10288253,0
"2021-08-06",18178,5170877,8413,4645519,1233,449164,162,41913,30,8796,192,50709,28016,22367.29,10316269,0
"2021-08-07",13386,5184263,6015,4651534,799,449963,101,42014,27,8823,128,50837,20328,22843.14,10336597,0
"2021-08-08",9309,5193572,3836,4655370,399,450362,82,42096,8,8831,90,50927,13634,23294.43,10350231,0
"2021-08-09",21339,5214911,8527,4663897,964,451326,168,42264,33,8864,201,51128,31031,24639.71,10381262,0
"2021-08-10",18921,5233832,9331,4673228,947,452273,174,42438,32,8896,206,51334,29405,25257.29,10410667,0
"2021-08-11",15649,5249481,8306,4681534,853,453126,128,42566,39,8935,167,51501,24975,24960.71,10435642,0
"2021-08-12",15047,5264528,8977,4690511,940,454066,169,42735,32,8967,201,51702,25165,24650.57,10460807,0
"2021-08-13",14926,5279454,9291,4699802,921,454987,238,42973,36,9003,274,51976,25412,24278.57,10486219,0
"2021-08-14",10409,5289863,6406,4706208,625,455612,529,43502,39,9042,568,52544,18008,23947.14,10504227,0
"2021-08-15",6695,5296558,4476,4710684,676,456288,567,44069,30,9072,597,53141,12444,23777.14,10516671,0
"2021-08-16",15725,5312283,9296,4719980,1149,457437,1318,45387,62,9134,1380,54521,27550,23279.86,10544221,0
"2021-08-17",17777,5330060,10435,4730415,1223,458660,1763,47150,79,9213,1842,56363,31277,23547.29,10575498,0
"2021-08-18",17509,5347569,10359,4740774,1261,459921,1986,49136,91,9304,2077,58440,31206,24437.43,10606704,0
"2021-08-19",16304,5363873,9517,4750291,1315,461236,1948,51084,63,9367,2011,60451,29147,25006.29,10635851,0
"2021-08-20",16286,5380159,11537,4761828,1254,462490,1851,52935,81,9448,1932,62383,31009,25805.86,10666860,0
"2021-08-21",11151,5391310,8041,4769869,878,463368,1054,53989,52,9500,1106,63489,21176,26258.43,10688036,0
"2021-08-22",4081,5395391,3901,4773770,262,463630,514,54503,31,9531,545,64034,8789,25736.29,10696825,0
"2021-08-23",15576,5410967,11794,4785564,1023,464653,1547,56050,73,9604,1620,65654,30013,26088.14,10726838,0
"2021-08-24",16917,5427884,12596,4798160,1006,465659,1771,57821,72,9676,1843,67497,32362,26243.14,10759200,0
"2021-08-25",14589,5442473,12442,4810602,1110,466769,1563,59384,75,9751,1638,69135,29779,26039.29,10788979,0
"2021-08-26",16170,5458643,14082,4824684,1072,467841,1766,61150,66,9817,1832,70967,33156,26612,10822135,0
"2021-08-27",14885,5473528,14822,4839506,971,468812,1667,62817,72,9889,1739,72706,32417,26813.14,10854552,0
"2021-08-28",10685,5484213,11520,4851026,836,469648,1010,63827,42,9931,1052,73758,24093,27229.86,10878645,0
"2021-08-29",7220,5491433,7495,4858521,541,470189,776,64603,54,9985,830,74588,16086,28272.29,10894731,0
"2021-08-30",15524,5506957,16925,4875446,1077,471266,1792,66395,80,10065,1872,76460,35398,29041.57,10930129,0
"2021-08-31",15523,5522480,15950,4891396,951,472217,1969,68364,84,10149,2053,78513,34477,29343.71,10964606,0
"2021-09-01",14832,5537312,14098,4905494,1020,473237,1806,70170,59,10208,1865,80378,31815,29634.57,10996421,0
"2021-09-02",14335,5551647,12518,4918012,896,474133,1701,71871,59,10267,1760,82138,29509,29113.57,11025930,0
"2021-09-03",15017,5566664,14300,4932312,974,475107,1892,73763,68,10335,1960,84098,32251,29089.86,11058181,0
"2021-09-04",9645,5576309,9407,4941719,688,475795,968,74731,34,10369,1002,85100,20742,28611.14,11078923,0
"2021-09-05",6802,5583111,5514,4947233,438,476233,707,75438,13,10382,720,85820,13474,28238,11092397,0
"2021-09-06",5196,5588307,4512,4951745,358,476591,270,75708,11,10393,281,86101,10347,24659.29,11102744,0
"2021-09-07",15572,5603879,17692,4969437,912,477503,1546,77254,86,10479,1632,87733,35808,24849.43,11138552,0
"2021-09-08",16163,5620042,14823,4984260,1072,478575,1764,79018,76,10555,1840,89573,33898,25147,11172450,0
"2021-09-09",16118,5636160,14748,4999008,1047,479622,1906,80924,69,10624,1975,91548,33888,25772.57,11206338,0
"2021-09-10",18368,5654528,15394,5014402,1208,480830,1966,82890,79,10703,2045,93593,37015,26453.14,11243353,0
"2021-09-11",12632,5667160,10347,5024749,958,481788,1023,83913,46,10749,1069,94662,25006,27062.29,11268359,0
"2021-09-12",8531,5675691,5050,5029799,766,482554,689,84602,28,10777,717,95379,15064,27289.43,11283423,0
"2021-09-13",16934,5692625,12944,5042743,976,483530,1649,86251,53,10830,1702,97081,32556,30462.14,11315979,0
"2021-09-14",16272,5708897,13676,5056419,886,484416,1592,87843,49,10879,1641,98722,32475,29986,11348454,0
"2021-09-15",15544,5724441,12877,5069296,727,485143,1565,89408,79,10958,1644,100366,30792,29542.29,11379246,0
"2021-09-16",15341,5739782,13905,5083201,1210,486353,1453,90861,63,11021,1516,101882,31972,29268.57,11411218,0
"2021-09-17",14434,5754216,13962,5097163,922,487275,1826,92687,53,11074,1879,103761,31197,28437.43,11442415,0
"2021-09-18",10004,5764220,10174,5107337,913,488188,1046,93733,38,11112,1084,104845,22175,28033,11464590,0
"2021-09-19",6177,5770397,6072,5113409,558,488746,745,94478,28,11140,773,105618,13580,27821,11478170,0
"2021-09-20",12679,5783076,12628,5126037,1068,489814,1918,96396,56,11196,1974,107592,28349,27220,11506519,0
"2021-09-21",12237,5795313,12768,5138805,1110,490924,2019,98415,76,11272,2095,109687,28210,26610.71,11534729,0
"2021-09-22",12824,5808137,12001,5150806,1088,492012,1683,100098,65,11337,1748,111435,27661,26163.43,11562390,0
"2021-09-23",14945,5823082,12756,5163562,1639,493651,2262,102360,71,11408,2333,113768,31673,26120.71,11594063,0
"2021-09-24",16449,5839531,13368,5176930,1633,495284,4623,106983,109,11517,4732,118500,36182,26832.86,11630245,0
"2021-09-25",10545,5850076,9021,5185951,1018,496302,3453,110436,77,11594,3530,122030,24114,27109.86,11654359,0
"2021-09-26",6304,5856380,5763,5191714,773,497075,2422,112858,54,11648,2476,124506,15316,27357.86,11669675,0
"2021-09-27",14162,5870542,8052,5199766,1155,498230,9050,121908,157,11805,9207,133713,32576,27961.71,11702251,0
"2021-09-28",11154,5881696,11774,5211540,901,499131,9897,131805,171,11976,10068,143781,33897,28774.14,11736148,0
"2021-09-29",11606,5893302,12193,5223733,1206,500337,9441,141246,158,12134,9599,153380,34604,29766,11770752,0
"2021-09-30",12244,5905546,12602,5236335,1338,501675,9733,150979,169,12303,9902,163282,36086,30396.43,11806838,0
"2021-10-01",12650,5918196,13429,5249764,1284,502959,10256,161235,144,12447,10400,173682,37763,30622.29,11844601,0
"2021-10-02",7738,5925934,9970,5259734,865,503824,4236,165471,76,12523,4312,177994,22885,30446.71,11867486,0
"2021-10-03",5080,5931014,6156,5265890,593,504417,2609,168080,53,12576,2662,180656,14491,30328.86,11881977,0
"2021-10-04",9914,5940928,11022,5276912,913,505330,9512,177592,138,12714,9650,190306,31499,30175,11913476,0
"2021-10-05",10173,5951101,11731,5288643,972,506302,9932,187524,169,12883,10101,200407,32977,30043.57,11946453,0
"2021-10-06",9921,5961022,11056,5299699,937,507239,9923,197447,149,13032,10072,210479,31986,29669.57,11978439,0
"2021-10-07",9669,5970691,12191,5311890,852,508091,10186,207633,165,13197,10351,220830,33063,29237.71,12011502,0
"2021-10-08",9466,5980157,12173,5324063,942,509033,10902,218535,155,13352,11057,231887,33638,28648.43,12045140,0
"2021-10-09",6263,5986420,8276,5332339,649,509682,4114,222649,88,13440,4202,236089,19390,28149.14,12064530,0
"2021-10-10",3546,5989966,5023,5337362,458,510140,2434,225083,40,13480,2474,238563,11501,27722,12076031,0
"2021-10-11",7627,5997593,9331,5346693,728,510868,8881,233964,153,13633,9034,247597,26720,27039.29,12102751,0
"2021-10-12",8080,6005673,11000,5357693,891,511759,10504,244468,177,13810,10681,258278,30652,26707.14,12133403,0
"2021-10-13",7163,6012836,10142,5367835,869,512628,8791,253259,175,13985,8966,267244,27140,26014.86,12160543,0
"2021-10-14",7452,6020288,11110,5378945,836,513464,10104,263363,158,14143,10262,277506,29660,25528.71,12190203,0
"2021-10-15",7733,6028021,11863,5390808,823,514287,10801,274164,160,14303,10961,288467,31380,25206.14,12221583,0
"2021-10-16",4867,6032888,7466,5398274,666,514953,3834,277998,66,14369,3900,292367,16899,24850.29,12238482,0
"2021-10-17",3061,6035949,4473,5402747,411,515364,2449,280447,40,14409,2489,294856,10434,24697.86,12248916,0
"2021-10-18",7058,6043007,10662,5413409,796,516160,9468,289915,164,14573,9632,304488,28148,24901.86,12277064,0
"2021-10-19",6580,6049587,8945,5422354,804,516964,9078,298993,161,14734,9239,313727,25568,24175.57,12302632,0
"2021-10-20",6542,6056129,9375,5431729,975,517939,9976,308969,166,14900,10142,323869,27034,24160.43,12329666,0
"2021-10-21",7035,6063164,9377,5441106,858,518797,10836,319805,143,15043,10979,334848,28249,23958.86,12357915,0
"2021-10-22",8135,6071299,10344,5451450,1026,519823,16334,336139,206,15249,16540,351388,36045,24625.29,12393960,0
"2021-10-23",5175,6076474,6457,5457907,690,520513,9119,345258,108,15357,9227,360615,21549,25289.57,12415509,0
"2021-10-24",3276,6079750,3971,5461878,770,521283,6150,351408,73,15430,6223,366838,14240,25833.29,12429749,0
"2021-10-25",8783,6088533,8742,5470620,1149,522432,19239,370647,280,15710,19519,386357,38193,27268.29,12467942,0
"2021-10-26",8210,6096743,7725,5478345,1258,523690,17278,387925,253,15963,17531,403888,34724,28576.29,12502666,0
"2021-10-27",10575,6107318,8393,5486738,1604,525294,20839,408764,300,16263,21139,425027,41711,30673,12544377,0
"2021-10-28",11337,6118655,8040,5494778,1793,527087,20829,429593,311,16574,21140,446167,42310,32681.71,12586687,0
"2021-10-29",11846,6130501,8241,5503019,1963,529050,22521,452114,310,16884,22831,468998,44881,33944,12631568,0
"2021-10-30",4633,6135134,5059,5508078,932,529982,11158,463272,159,17043,11317,480315,21941,34000,12653509,0
"2021-10-31",2666,6137800,2701,5510779,544,530526,6635,469907,94,17137,6729,487044,12640,33771.43,12666149,0
"2021-11-01",7149,6144949,6957,5517736,1089,531615,20367,490274,310,17447,20677,507721,35872,33439.86,12702021,0
"2021-11-02",6593,6151542,6592,5524328,1056,532671,20764,511038,260,17707,21024,528745,35265,33517.14,12737286,0
"2021-11-03",6860,6158402,6681,5531009,1026,533697,20618,531656,287,17994,20905,549650,35472,32625.86,12772758,0
"2021-11-04",9317,6167719,6280,5537289,995,534692,22340,553996,336,18330,22676,572326,39268,32191.29,12812026,0
"2021-11-05",11068,6178787,6724,5544013,1051,535743,23753,577749,332,18662,24085,596411,42928,31912.29,12854954,0
"2021-11-06",11134,6189921,4050,5548063,594,536337,12586,590335,159,18821,12745,609156,28523,32852.57,12883477,0
"2021-11-07",7259,6197180,2285,5550348,577,536914,7104,597439,88,18909,7192,616348,17313,33520.14,12900790,0
"2021-11-08",15063,6212243,5680,5556028,865,537779,19499,616938,266,19175,19765,636113,41373,34306,12942163,0
"2021-11-09",16161,6228404,5388,5561416,661,538440,20502,637440,258,19433,20760,656873,42970,35406.71,12985133,0
"2021-11-10",16945,6245349,5324,5566740,683,539123,22625,660065,278,19711,22903,679776,45855,36890,13030988,0
"2021-11-11",12584,6257933,5189,5571929,760,539883,22070,682135,278,19989,22348,702124,40881,37120.43,13071869,0
"2021-11-12",16901,6274834,5686,5577615,706,540589,23382,705517,347,20336,23729,725853,47022,37705.29,13118891,0
"2021-11-13",9949,6284783,3661,5581276,465,541054,13317,718834,172,20508,13489,739342,27564,37568.29,13146455,0
"2021-11-14",6020,6290803,2294,5583570,325,541379,7921,726755,73,20581,7994,747336,16633,37471.14,13163088,0
"2021-11-15",13236,6304039,5971,5589541,690,542069,25092,751847,338,20919,25430,772766,45327,38036,13208415,0
"2021-11-16",9988,6314027,5784,5595325,656,542725,30648,782495,401,21320,31049,803815,47477,38679.86,13255892,0
"2021-11-17",10320,6324347,6678,5602003,681,543406,31396,813891,394,21714,31790,835605,49469,39196.14,13305361,0
"2021-11-18",10744,6335091,6545,5608548,860,544266,32991,846882,426,22140,33417,869022,51566,40722.57,13356927,0
"2021-11-19",12038,6347129,6558,5615106,715,544981,36229,883111,430,22570,36659,905681,55970,42000.86,13412897,0
"2021-11-20",9344,6356473,3419,5618525,513,545494,22502,905613,243,22813,22745,928426,36021,43209,13448918,0
"2021-11-21",4967,6361440,1887,5620412,288,545782,13192,918805,142,22955,13334,941760,20476,43758,13469394,0
"2021-11-22",10463,6371903,5791,5626203,752,546534,35896,954701,420,23375,36316,978076,53322,44900.14,13522716,0
"2021-11-23",9823,6381726,4779,5630982,636,547170,33498,988199,354,23729,33852,1011928,49090,45130.57,13571806,0
"2021-11-24",8724,6390450,4753,5635735,651,547821,25901,1014100,263,23992,26164,1038092,40292,43819.57,13612098,0
"2021-11-25",449,6390899,325,5636060,80,547901,1003,1015103,9,24001,1012,1039104,1866,36719.57,13613964,0
"2021-11-26",8072,6398971,6985,5643045,531,548432,26574,1041677,278,24279,26852,1065956,42440,34786.71,13656404,0
"2021-11-27",6693,6405664,6834,5649879,370,548802,18832,1060509,207,24486,19039,1084995,32936,34346,13689340,0
"2021-11-28",4085,6409749,5784,5655663,282,549084,11873,1072382,112,24598,11985,1096980,22136,34583.14,13711476,0
"2021-11-29",9113,6418862,10986,5666649,687,549771,35005,1107387,406,25004,35411,1132391,56197,34993.86,13767673,0
"2021-11-30",10535,6429397,11434,5678083,513,550284,37769,1145156,464,25468,38233,1170624,60715,36654.57,13828388,0
"2021-12-01",11205,6440602,10985,5689068,723,551007,40318,1185474,418,25886,40736,1211360,63649,39991.29,13892037,0
"2021-12-02",11684,6452286,11029,5700097,627,551634,42134,1227608,437,26323,42571,1253931,65911,49140.57,13957948,0
"2021-12-03",13525,6465811,12892,5712989,677,552311,47894,1275502,495,26818,48389,1302320,75483,53861,14033431,0
"2021-12-04",9866,6475677,11293,5724282,567,552878,30660,1306162,288,27106,30948,1333268,52674,56680.71,14086105,0
"2021-12-05",5763,6481440,5707,5729989,270,553148,16646,1322808,121,27227,16767,1350035,28507,57590.86,14114612,0
"2021-12-06",12363,6493803,9956,5739945,601,553749,43216,1366024,421,27648,43637,1393672,66557,59070.86,14181169,0
"2021-12-07",12625,6506428,9256,5749201,624,554373,43013,1409037,477,28125,43490,1437162,65995,59825.14,14247164,0
"2021-12-08",13560,6519988,8765,5757966,554,554927,40765,1449802,450,28575,41215,1478377,64094,59888.71,14311258,0
"2021-12-09",13533,6533521,8764,5766730,555,555482,40787,1490589,465,29040,41252,1519629,64104,59630.57,14375362,0
"2021-12-10",14060,6547581,10136,5776866,670,556152,43638,1534227,474,29514,44112,1563741,68978,58701.29,14444340,0
"2021-12-11",10284,6557865,8118,5784984,405,556557,26687,1560914,260,29774,26947,1590688,45754,57712.71,14490094,0
"2021-12-12",6031,6563896,3853,5788837,288,556845,15156,1576070,128,29902,15284,1605972,25456,57276.86,14515550,0
"2021-12-13",12255,6576151,7429,5796266,657,557502,37855,1613925,373,30275,38228,1644200,58569,56135.71,14574119,0
"2021-12-14",12264,6588415,6955,5803221,731,558233,38119,1652044,413,30688,38532,1682732,58482,55062.43,14632601,0
"2021-12-15",12133,6600548,6238,5809459,756,558989,38095,1690139,465,31153,38560,1721292,57687,54147.14,14690288,0
"2021-12-16",13149,6613697,4274,5813733,742,559731,41027,1731166,420,31573,41447,1762739,59612,53505.43,14749900,0
"2021-12-17",15964,6629661,6936,5820669,620,560351,46733,1777899,448,32021,47181,1809920,70701,53751.57,14820601,0
"2021-12-18",13039,6642700,5719,5826388,432,560783,30591,1808490,255,32276,30846,1840766,50036,54363.29,14870637,0
"2021-12-19",7030,6649730,2996,5829384,326,561109,17990,1826480,161,32437,18151,1858917,28503,54798.57,14899140,0
"2021-12-20",16886,6666616,5864,5835248,747,561856,47407,1873887,532,32969,47939,1906856,71436,56636.71,14970576,0
"2021-12-21",17984,6684600,6571,5841819,806,562662,48870,1922757,551,33520,49421,1956277,74782,58965.29,15045358,0
"2021-12-22",18558,6703158,6559,5848378,938,563600,49626,1972383,505,34025,50131,2006408,76186,61608,15121544,0
"2021-12-23",19060,6722218,6480,5854858,929,564529,45797,2018180,496,34521,46293,2052701,72762,63486.57,15194306,0
"2021-12-24",9240,6731458,2952,5857810,598,565127,20589,2038769,199,34720,20788,2073489,33578,58183.29,15227884,0
"2021-12-25",343,6731801,64,5857874,31,565158,426,2039195,8,34728,434,2073923,872,51159.86,15228756,0
"2021-12-26",7977,6739778,3926,5861800,341,565499,17268,2056463,164,34892,17432,2091355,29676,51327.43,15258432,0
"2021-12-27",21801,6761579,9206,5871006,932,566431,43411,2099874,525,35417,43936,2135291,75875,51961.57,15334307,0
"2021-12-28",20170,6781749,8327,5879333,698,567129,47551,2147425,580,35997,48131,2183422,77326,52325,15411633,0
"2021-12-29",18505,6800254,7669,5887002,607,567736,45515,2192940,459,36456,45974,2229396,72755,51834.86,15484388,0
"2021-12-30",16889,6817143,7416,5894418,584,568320,44799,2237739,557,37013,45356,2274752,70245,51475.29,15554633,0
"2021-12-31",5362,6822505,2808,5897226,193,568513,14757,2252496,170,37183,14927,2289679,23290,50005.57,15577923,0
"2022-01-01",242,6822747,146,5897372,11,568524,498,2252994,13,37196,511,2290190,910,50011,15578833,0
"2022-01-02",6434,6829181,5021,5902393,153,568677,10975,2263969,100,37296,11075,2301265,22683,49012,15601516,0
"2022-01-03",14168,6843349,8475,5910868,515,569192,26868,2290837,284,37580,27152,2328417,50310,45359.86,15651826,0
"2022-01-04",13066,6856415,8080,5918948,412,569604,27024,2317861,337,37917,27361,2355778,48919,41301.71,15700745,0
"2022-01-05",11588,6868003,6984,5925932,384,569988,25765,2343626,288,38205,26053,2381831,45009,37338,15745754,0
"2022-01-06",11529,6879532,7380,5933312,485,570473,27473,2371099,317,38522,27790,2409621,47184,34043.57,15792938,0
"2022-01-07",10441,6889973,8418,5941730,337,570810,24979,2396078,300,38822,25279,2434900,44475,37070,15837413,0
"2022-01-08",7912,6897885,8558,5950288,310,571120,19416,2415494,168,38990,19584,2454484,36364,42134.86,15873777,0
"2022-01-09",4137,6902022,3844,5954132,214,571334,10057,2425551,86,39076,10143,2464627,18338,41514.14,15892115,0
"2022-01-10",10176,6912198,8187,5962319,490,571824,24593,2450144,284,39360,24877,2489504,43730,40574.14,15935845,0
"2022-01-11",8904,6921102,7994,5970313,521,572345,21007,2471151,270,39630,21277,2510781,38696,39113.71,15974541,0
"2022-01-12",8945,6930047,8317,5978630,428,572773,22317,2493468,278,39908,22595,2533376,40285,38438.86,16014826,0
"2022-01-13",9051,6939098,8860,5987490,449,573222,22868,2516336,298,40206,23166,2556542,41526,37630.57,16056352,0
"2022-01-14",10123,6949221,8119,5995609,476,573698,26414,2542750,304,40510,26718,2583260,45436,37767.86,16101788,0
"2022-01-15",6210,6955431,4307,5999916,178,573876,15144,2557894,167,40677,15311,2598571,26006,36288.14,16127794,0
"2022-01-16",2921,6958352,3249,6003165,95,573971,7816,2565710,79,40756,7895,2606466,14160,35691.29,16141954,0
"2022-01-17",6085,6964437,6762,6009927,363,574334,14664,2580374,205,40961,14869,2621335,28079,33455.43,16170033,0
"2022-01-18",8174,6972611,10310,6020237,397,574731,19651,2600025,308,41269,19959,2641294,38840,33476,16208873,0
"2022-01-19",7486,6980097,9246,6029483,305,575036,17691,2617716,258,41527,17949,2659243,34986,32719,16243859,0
"2022-01-20",6288,6986385,8561,6038044,305,575341,15237,2632953,228,41755,15465,2674708,30619,31160.86,16274478,0
"2022-01-21",7581,6993966,7497,6045541,276,575617,18494,2651447,271,42026,18765,2693473,34119,29544.14,16308597,0
"2022-01-22",5195,6999161,4938,6050479,131,575748,11313,2662760,119,42145,11432,2704905,21696,28928.43,16330293,0
"2022-01-23",2813,7001974,3328,6053807,97,575845,6227,2668987,74,42219,6301,2711206,12539,28696.86,16342832,0
"2022-01-24",6378,7008352,8195,6062002,262,576107,15066,2684053,229,42448,15295,2726501,30130,28989.86,16372962,0
"2022-01-25",6201,7014553,7930,6069932,233,576340,14679,2698732,252,42700,14931,2741432,29295,27626.29,16402257,0
"2022-01-26",5756,7020309,7167,6077099,289,576629,14015,2712747,201,42901,14216,2755648,27428,26546.57,16429685,0
"2022-01-27",5267,7025576,7089,6084188,321,576950,14073,2726820,223,43124,14296,2769944,26973,26025.71,16456658,0
"2022-01-28",6270,7031846,7860,6092048,203,577153,16128,2742948,227,43351,16355,2786299,30688,25535.57,16487346,0
"2022-01-29",842,7032688,728,6092776,28,577181,2537,2745485,38,43389,2575,2788874,4173,23032.29,16491519,0
"2022-01-30",2099,7034787,3022,6095798,103,577284,4531,2750016,62,43451,4593,2793467,9817,22643.43,16501336,0
"2022-01-31",5007,7039794,6590,6102388,220,577504,11368,2761384,194,43645,11562,2805029,23379,21679,16524715,0
"2022-02-01",4847,7044641,6436,6108824,219,577723,10704,2772088,208,43853,10912,2815941,22414,20696,16547129,0
"2022-02-02",4255,7048896,5920,6114744,214,577937,11219,2783307,231,44084,11450,2827391,21839,19897.57,16568968,0
"2022-02-03",4237,7053133,5801,6120545,216,578153,11209,2794516,192,44276,11401,2838792,21655,19137.86,16590623,0
"2022-02-04",4784,7057917,7108,6127653,214,578367,13210,2807726,232,44508,13442,2852234,25548,18403.57,16616171,0
"2022-02-05",3591,7061508,6046,6133699,110,578477,8563,2816289,146,44654,8709,2860943,18456,20444,16634627,0
"2022-02-06",2064,7063572,2135,6135834,121,578598,4631,2820920,102,44756,4733,2865676,9053,20334.86,16643680,0
"2022-02-07",4157,7067729,4723,6140557,205,578803,10132,2831052,227,44983,10359,2876035,19444,19772.71,16663124,0
"2022-02-08",4229,7071958,5609,6146166,214,579017,11314,2842366,299,45282,11613,2887648,21665,19665.71,16684789,0
"2022-02-09",4143,7076101,5401,6151567,222,579239,11656,2854022,242,45524,11898,2899546,21664,19640.71,16706453,0
"2022-02-10",4001,7080102,5119,6156686,245,579484,12196,2866218,273,45797,12469,2912015,21834,19666.29,16728287,0
"2022-02-11",4521,7084623,5804,6162490,195,579679,13728,2879946,309,46106,14037,2926052,24557,19524.71,16752844,0
"2022-02-12",3257,7087880,4343,6166833,97,579776,8802,2888748,211,46317,9013,2935065,16710,19275.29,16769554,0
"2022-02-13",1521,7089401,1542,6168375,41,579817,4876,2893624,103,46420,4979,2940044,8083,19136.71,16777637,0
"2022-02-14",2988,7092389,3620,6171995,167,579984,10563,2904187,320,46740,10883,2950927,17658,18881.57,16795295,0
"2022-02-15",3564,7095953,4068,6176063,176,580160,12769,2916956,273,47013,13042,2963969,20850,18765.14,16816145,0
"2022-02-16",3669,7099622,3897,6179960,200,580360,15694,2932650,285,47298,15979,2979948,23745,19062.43,16839890,0
"2022-02-17",4048,7103670,4082,6184042,162,580522,18262,2950912,349,47647,18611,2998559,26903,19786.57,16866793,0
"2022-02-18",4482,7108152,4776,6188818,190,580712,21525,2972437,444,48091,21969,3020528,31417,20766.57,16898210,0
"2022-02-19",3257,7111409,2181,6190999,65,580777,11171,2983608,211,48302,11382,3031910,16885,20791.57,16915095,0
"2022-02-20",1863,7113272,1444,6192443,59,580836,6570,2990178,111,48413,6681,3038591,10047,21072.14,16925142,0
"2022-02-21",3088,7116360,2689,6195132,95,580931,8351,2998529,220,48633,8571,3047162,14443,20612.86,16939585,0
"2022-02-22",4382,7120742,4247,6199379,175,581106,10827,3009356,244,48877,11071,3058233,19875,20473.57,16959460,0
"2022-02-23",4275,7125017,3792,6203171,145,581251,10654,3020010,232,49109,10886,3069119,19098,19809.71,16978558,0
"2022-02-24",3785,7128802,3653,6206824,108,581359,10179,3030189,227,49336,10406,3079525,17952,18531,16996510,0
"2022-02-25",3621,7132423,3620,6210444,134,581493,9975,3040164,226,49562,10201,3089726,17576,16553.71,17014086,0
"2022-02-26",2845,7135268,2579,6213023,74,581567,9504,3049668,150,49712,9654,3099380,15152,16306.14,17029238,0
"2022-02-27",1775,7137043,1372,6214395,52,581619,6264,3055932,97,49809,6361,3105741,9560,16236.57,17038798,0
"2022-02-28",3809,7140852,3130,6217525,140,581759,13117,3069049,245,50054,13362,3119103,20441,17093.43,17059239,0
"2022-03-01",2136,7142988,2619,6220144,103,581862,5167,3074216,181,50235,5348,3124451,10206,15712.14,17069445,0
"2022-03-02",1836,7144824,2435,6222579,106,581968,4118,3078334,204,50439,4322,3128773,8699,14226.57,17078144,0
"2022-03-03",1938,7146762,2557,6225136,106,582074,3794,3082128,167,50606,3961,3132734,8562,12885.14,17086706,0
"2022-03-04",2120,7148882,2870,6228006,66,582140,4326,3086454,205,50811,4531,3137265,9587,11743.86,17096293,0
"2022-03-05",1610,7150492,2124,6230130,43,582183,3313,3089767,111,50922,3424,3140689,7201,10608,17103494,0
"2022-03-06",800,7151292,878,6231008,30,582213,1622,3091389,54,50976,1676,3142365,3384,9725.71,17106878,0
"2022-03-07",1667,7152959,1784,6232792,86,582299,3494,3094883,159,51135,3653,3146018,7190,7832.71,17114068,0
"2022-03-08",1550,7154509,1892,6234684,80,582379,3123,3098006,145,51280,3268,3149286,6790,7344.71,17120858,0
"2022-03-09",1268,7155777,1665,6236349,79,582458,2576,3100582,129,51409,2705,3151991,5717,6918.71,17126575,0
"2022-03-10",1421,7157198,2098,6238447,85,582543,2950,3103532,157,51566,3107,3155098,6711,6654.29,17133286,0
"2022-03-11",1608,7158806,2270,6240717,81,582624,3209,3106741,186,51752,3395,3158493,7354,6335.29,17140640,0
"2022-03-12",878,7159684,1411,6242128,40,582664,2004,3108745,71,51823,2075,3160568,4404,5935.71,17145044,0
"2022-03-13",626,7160310,757,6242885,27,582691,1292,3110037,47,51870,1339,3161907,2749,5845,17147793,0
"2022-03-14",1376,7161686,1600,6244485,83,582774,2988,3113025,204,52074,3192,3165099,6251,5710.86,17154044,0
"2022-03-15",1364,7163050,1923,6246408,63,582837,3070,3116095,226,52300,3296,3168395,6646,5690.29,17160690,0
"2022-03-16",1401,7164451,2065,6248473,94,582931,3130,3119225,292,52592,3422,3171817,6982,5871,17167672,0
"2022-03-17",1184,7165635,1809,6250282,70,583001,2754,3121979,262,52854,3016,3174833,6079,5780.71,17173751,0
"2022-03-18",1592,7167227,2196,6252478,80,583081,3766,3125745,413,53267,4179,3179012,8047,5879.71,17181798,0
"2022-03-19",1113,7168340,1731,6254209,54,583135,2597,3128342,224,53491,2821,3181833,5719,6067.57,17187517,0
"2022-03-20",612,7168952,627,6254836,33,583168,1463,3129805,183,53674,1646,3183479,2918,6091.71,17190435,0
"2022-03-21",1423,7170375,1552,6256388,73,583241,3050,3132855,350,54024,3400,3186879,6448,6119.86,17196883,0
"2022-03-22",1345,7171720,1548,6257936,101,583342,2898,3135753,337,54361,3235,3190114,6229,6060.29,17203112,0
"2022-03-23",1263,7172983,1353,6259289,66,583408,2915,3138668,370,54731,3285,3193399,5967,5915.29,17209079,0
"2022-03-24",1209,7174192,1299,6260588,89,583497,2514,3141182,263,54994,2777,3196176,5374,5814.57,17214453,0
"2022-03-25",1391,7175583,1625,6262213,62,583559,3260,3144442,372,55366,3632,3199808,6710,5623.57,17221163,0
"2022-03-26",929,7176512,1162,6263375,36,583595,2297,3146739,249,55615,2546,3202354,4673,5474.14,17225836,0
"2022-03-27",574,7177086,527,6263902,29,583624,1312,3148051,202,55817,1514,3203868,2644,5435,17228480,0
"2022-03-28",1088,7178174,1159,6265061,68,583692,2438,3150489,354,56171,2792,3206660,5107,5243.43,17233587,0
"2022-03-29",1052,7179226,1105,6266166,85,583777,2514,3153003,871,57042,3385,3210045,5627,5157.43,17239214,0
"2022-03-30",1250,7180476,1143,6267309,98,583875,3061,3156064,3372,60414,6433,3216478,8924,5579.86,17248138,0
"2022-03-31",1290,7181766,1260,6268569,57,583932,3165,3159229,5467,65881,8632,3225110,11239,6417.71,17259377,0
"2022-04-01",1438,7183204,1497,6270066,76,584008,3243,3162472,6862,72743,10105,3235215,13116,7332.86,17272493,0
"2022-04-02",916,7184120,912,6270978,33,584041,2097,3164569,4485,77228,6582,3241797,8443,7871.43,17280936,0
"2022-04-03",559,7184679,500,6271478,28,584069,1224,3165793,3033,80261,4257,3246054,5344,8257.14,17286280,0
"2022-04-04",1358,7186037,1309,6272787,60,584129,2733,3168526,7637,87898,10370,3256424,13097,9398.57,17299377,0
"2022-04-05",1305,7187342,1163,6273950,66,584195,2859,3171385,7427,95325,10286,3266710,12820,10426.14,17312197,0
"2022-04-06",1320,7188662,1186,6275136,58,584253,2619,3174004,6897,102222,9516,3276226,12080,10877,17324277,0
"2022-04-07",1214,7189876,1062,6276198,54,584307,2375,3176379,6567,108789,8942,3285168,11272,10881.71,17335549,0
"2022-04-08",1500,7191376,1405,6277603,62,584369,3160,3179539,8694,117483,11854,3297022,14821,11125.29,17350370,0
"2022-04-09",936,7192312,918,6278521,28,584397,2061,3181600,4898,122381,6959,3303981,8841,11182.14,17359211,0
"2022-04-10",591,7192903,461,6278982,25,584422,1168,3182768,2863,125244,4031,3308012,5108,11148.43,17364319,0
"2022-04-11",1340,7194243,1230,6280212,59,584481,2657,3185425,7716,132960,10373,3318385,13002,11134.86,17377321,0
"2022-04-12",1220,7195463,1056,6281268,73,584554,2525,3187950,7340,140300,9865,3328250,12214,11048.29,17389535,0
"2022-04-13",1264,7196727,1073,6282341,59,584613,2498,3190448,7464,147764,9962,3338212,12358,11088,17401893,0
"2022-04-14",1283,7198010,1097,6283438,59,584672,2429,3192877,6519,154283,8948,3347160,11387,11104.43,17413280,0
"2022-04-15",1352,7199362,1095,6284533,53,584725,2558,3195435,6557,160840,9115,3356275,11615,10646.43,17424895,0
"2022-04-16",872,7200234,652,6285185,33,584758,1638,3197073,3630,164470,5268,3361543,6825,10358.43,17431720,0
"2022-04-17",348,7200582,203,6285388,27,584785,638,3197711,1140,165610,1778,3363321,2356,9965.29,17434076,0
"2022-04-18",1387,7201969,1116,6286504,82,584867,2583,3200294,6355,171965,8938,3372259,11523,9754,17445599,0
"2022-04-19",1416,7203385,938,6287442,72,584939,2571,3202865,5683,177648,8254,3380513,10680,9534.86,17456279,0
"2022-04-20",1315,7204700,1143,6288585,65,585004,2682,3205547,6571,184219,9253,3389766,11776,9451.71,17468055,0
"2022-04-21",1225,7205925,1063,6289648,53,585057,2325,3207872,5282,189501,7607,3397373,9948,9246.14,17478003,0
"2022-04-22",1220,7207145,1024,6290672,46,585103,2200,3210072,5567,195068,7767,3405140,10057,9023.57,17488060,0
"2022-04-23",718,7207863,750,6291422,59,585162,1425,3211497,3308,198376,4733,3409873,6260,8942.86,17494320,0
"2022-04-24",443,7208306,338,6291760,27,585189,813,3212310,1797,200173,2610,3412483,3418,9094.57,17497738,0
"2022-04-25",1033,7209339,913,6292673,64,585253,1849,3214159,5034,205207,6883,3419366,8893,8718.86,17506631,0
"2022-04-26",947,7210286,856,6293529,76,585329,1751,3215910,4641,209848,6392,3425758,8271,8374.71,17514902,0
"2022-04-27",1040,7211326,1002,6294531,80,585409,1931,3217841,5160,215008,7091,3432849,9213,8008.57,17524115,0
"2022-04-28",1092,7212418,988,6295519,50,585459,2002,3219843,4687,219695,6689,3439538,8819,7847.29,17532934,0
"2022-04-29",1189,7213607,1105,6296624,60,585519,2159,3222002,5312,225007,7471,3447009,9825,7814.14,17542759,0
"2022-04-30",727,7214334,743,6297367,43,585562,1393,3223395,2926,227933,4319,3451328,5832,7753,17548591,0
"2022-05-01",452,7214786,366,6297733,20,585582,759,3224154,1630,229563,2389,3453717,3227,7725.71,17551818,0
"2022-05-02",1054,7215840,791,6298524,52,585634,1672,3225826,3776,233339,5448,3459165,7345,7504.57,17559163,0
"2022-05-03",1123,7216963,860,6299384,61,585695,1987,3227813,4807,238146,6794,3465959,8838,7585.57,17568001,0
"2022-05-04",1021,7217984,884,6300268,48,585743,1911,3229724,4586,242732,6497,3472456,8450,7476.57,17576451,0
"2022-05-05",1050,7219034,953,6301221,86,585829,1921,3231645,4822,247554,6743,3479199,8832,7478.43,17585283,0
"2022-05-06",1093,7220127,959,6302180,50,585879,1865,3233510,4325,251879,6190,3485389,8292,7259.43,17593575,0
"2022-05-07",662,7220789,588,6302768,31,585910,1201,3234711,2400,254279,3601,3488990,4882,7123.71,17598457,0
"2022-05-08",414,7221203,246,6303014,17,585927,669,3235380,1365,255644,2034,3491024,2711,7050,17601168,0
"2022-05-09",1080,7222283,945,6303959,60,585987,1881,3237261,4387,260031,6268,3497292,8353,7194,17609521,0
"2022-05-10",1100,7223383,926,6304885,54,586041,1984,3239245,4655,264686,6639,3503931,8719,7177,17618240,0
"2022-05-11",1097,7224480,977,6305862,44,586085,1936,3241181,4779,269465,6715,3510646,8833,7231.71,17627073,0
"2022-05-12",1097,7225577,949,6306811,58,586143,1999,3243180,4598,274063,6597,3517243,8701,7213,17635774,0
"2022-05-13",1163,7226740,1039,6307850,44,586187,2057,3245237,4732,278795,6789,3524032,9035,7319.14,17644809,0
"2022-05-14",829,7227569,671,6308521,31,586218,1472,3246709,2903,281698,4375,3528407,5906,7465.43,17650715,0
"2022-05-15",513,7228082,355,6308876,21,586239,918,3247627,1629,283327,2547,3530954,3436,7569,17654151,0
"2022-05-16",1231,7229313,860,6309736,60,586299,1822,3249449,3814,287141,5636,3536590,7787,7488.14,17661938,0
"2022-05-17",1298,7230611,922,6310658,79,586378,2050,3251499,4821,291962,6871,3543461,9170,7552.57,17671108,0
"2022-05-18",1250,7231861,903,6311561,81,586459,2059,3253558,4869,296831,6928,3550389,9162,7599.57,17680270,0
"2022-05-19",1172,7233033,871,6312432,35,586494,2103,3255661,4649,301480,6752,3557141,8830,7618,17689100,0
"2022-05-20",1198,7234231,951,6313383,74,586568,2365,3258026,5119,306599,7484,3564625,9707,7714,17698807,0
"2022-05-21",837,7235068,647,6314030,23,586591,1721,3259747,3250,309849,4971,3569596,6478,7795.71,17705285,0
"2022-05-22",512,7235580,292,6314322,21,586612,1132,3260879,1820,311669,2952,3572548,3777,7844.43,17709062,0
"2022-05-23",1227,7236807,890,6315212,47,586659,2177,3263056,4651,316320,6828,3579376,8992,8016.57,17718054,0
"2022-05-24",1432,7238239,936,6316148,66,586725,2239,3265295,4403,320723,6642,3586018,9076,8003.14,17727130,0
"2022-05-25",1433,7239672,955,6317103,56,586781,2257,3267552,4186,324909,6443,3592461,8887,7963.86,17736017,0
"2022-05-26",1180,7240852,859,6317962,60,586841,2257,3269809,4066,328975,6323,3598784,8422,7905.57,17744439,0
"2022-05-27",1246,7242098,953,6318915,38,586879,2485,3272294,3833,332808,6318,3605102,8555,7741,17752994,0
"2022-05-28",717,7242815,514,6319429,19,586898,1766,3274060,2035,334843,3801,3608903,5051,7537.14,17758045,0
"2022-05-29",474,7243289,215,6319644,11,586909,761,3274821,1111,335954,1872,3610775,2572,7365,17760617,0
"2022-05-30",89,7243378,55,6319699,6,586915,137,3274958,143,336097,280,3611055,430,6141.86,17761047,0
"2022-05-31",1130,7244508,905,6320604,50,586965,1875,3276833,3019,339116,4894,3615949,6979,5842.29,17768026,0
"2022-06-01",1144,7245652,841,6321445,62,587027,1956,3278789,3366,342482,5322,3621271,7369,5625.43,17775395,0
"2022-06-02",1024,7246676,796,6322241,71,587098,1806,3280595,3132,345614,4938,3626209,6829,5397.86,17782224,0
"2022-06-03",1166,7247842,882,6323123,48,587146,2049,3282644,3470,349084,5519,3631728,7615,5263.57,17789839,0
"2022-06-04",724,7248566,578,6323701,26,587172,1549,3284193,1882,350966,3431,3635159,4759,5221.86,17794598,0
"2022-06-05",449,7249015,295,6323996,1,587173,874,3285067,967,351933,1841,3637000,2586,5223.86,17797184,0
"2022-06-06",1118,7250133,821,6324817,62,587235,1744,3286811,2711,354644,4455,3641455,6456,6084.71,17803640,0
"2022-06-07",1014,7251147,763,6325580,69,587304,1755,3288566,2525,357169,4280,3645735,6126,5962.86,17809766,0
"2022-06-08",1089,7252236,821,6326401,76,587380,1863,3290429,2697,359866,4560,3650295,6546,5845.29,17816312,0
"2022-06-09",1134,7253370,830,6327231,61,587441,2192,3292621,2658,362524,4850,3655145,6875,5851.86,17823187,0
"2022-06-10",1047,7254417,807,6328038,75,587516,1863,3294484,2772,365296,4635,3659780,6564,5701.71,17829751,0
"2022-06-11",685,7255102,507,6328545,24,587540,1306,3295790,1492,366788,2798,3662578,4014,5595.29,17833765,0
"2022-06-12",351,7255453,285,6328830,19,587559,875,3296665,765,367553,1640,3664218,2295,5553.71,17836060,0
"2022-06-13",1022,7256475,756,6329586,58,587617,1556,3298221,2161,369714,3717,3667935,5553,5424.71,17841613,0
"2022-06-14",930,7257405,801,6330387,54,587671,1642,3299863,2468,372182,4110,3672045,5895,5391.71,17847508,0
"2022-06-15",955,7258360,833,6331220,38,587709,1618,3301481,2338,374520,3956,3676001,5782,5282.57,17853290,0
"2022-06-16",919,7259279,760,6331980,57,587766,1769,3303250,2226,376746,3995,3679996,5731,5119.14,17859021,0
"2022-06-17",874,7260153,772,6332752,39,587805,1707,3304957,2252,378998,3959,3683955,5644,4987.71,17864665,120000
"2022-06-18",657,7260810,512,6333264,25,587830,1258,3306215,1269,380267,2527,3686482,3721,4945.86,17868386,120000
"2022-06-19",351,7261161,224,6333488,16,587846,705,3306920,589,380856,1294,3687776,1885,4887.29,17870271,120000
"2022-06-20",811,7261972,473,6333961,38,587884,1513,3308433,1575,382431,3088,3690864,4410,4724,17874681,120000
"2022-06-21",1030,7263002,694,6334655,47,587931,1609,3310042,2023,384454,3632,3694496,5403,4653.71,17880084,120000
"2022-06-22",926,7263928,756,6335411,39,587970,1533,3311575,1766,386220,3299,3697795,5020,4544.86,17885104,120000
"2022-06-23",274,7264202,229,6335640,21,587991,449,3312024,766,386986,1215,3699010,1739,3974.57,17886843,120000
