"DATE","ADMIN_DOSE1_DAILY","ADMIN_DOSE1_CUMULATIVE","ADMIN_DOSE2_DAILY","ADMIN_DOSE2_CUMULATIVE","ADMIN_SINGLE_DAILY","ADMIN_SINGLE_CUMULATIVE","ADMIN_ADDITIONAL_DAILY","ADMIN_ADDITIONAL_CUMULATIVE","ADMIN_ALLDOSES_DAILY","ADMIN_ALLDOSES_7DAYAVG","ADMIN_ALLDOSES_CUMULATIVE","INCOMPLETE"
"2020-12-14",79,79,0,0,0,0,0,0,79,,79,0
"2020-12-15",2052,2131,6,6,4,4,0,0,2062,,2141,0
"2020-12-16",4603,6734,13,19,1,5,1,1,4618,,6759,0
"2020-12-17",4655,11389,17,36,0,5,1,2,4673,,11432,0
"2020-12-18",5833,17222,20,56,2,7,2,4,5857,,17289,0
"2020-12-19",1689,18911,7,63,3,10,0,4,1699,,18988,0
"2020-12-20",1116,20027,2,65,1,11,0,4,1119,2872.43,20107,0
"2020-12-21",6338,26365,18,83,0,11,6,10,6362,3770,26469,0
"2020-12-22",9796,36161,27,110,2,13,1,11,9826,4879.14,36295,0
"2020-12-23",14273,50434,36,146,3,16,1,12,14313,6264.14,50608,0
"2020-12-24",7200,57634,25,171,1,17,0,12,7226,6628.86,57834,0
"2020-12-25",180,57814,0,171,0,17,1,13,181,5818,58015,0
"2020-12-26",4389,62203,42,213,0,17,1,14,4432,6208.43,62447,0
"2020-12-27",3868,66071,14,227,0,17,1,15,3883,6603.29,66330,0
"2020-12-28",10995,77066,50,277,1,18,2,17,11048,7272.71,77378,0
"2020-12-29",10719,87785,34,311,2,20,2,19,10757,7405.71,88135,0
"2020-12-30",12824,100609,45,356,0,20,0,19,12869,7199.43,101004,0
"2020-12-31",7263,107872,30,386,1,21,0,19,7294,7209.14,108298,0
"2021-01-01",181,108053,2,388,1,22,3,22,187,7210,108485,0
"2021-01-02",3810,111863,10,398,2,24,2,24,3824,7123.14,112309,0
"2021-01-03",3543,115406,23,421,2,26,1,25,3569,7078.29,115878,0
"2021-01-04",12257,127663,805,1226,2,28,6,31,13070,7367.14,128948,0
"2021-01-05",14085,141748,2192,3418,2,30,11,42,16290,8157.57,145238,0
"2021-01-06",17807,159555,3924,7342,1,31,30,72,21762,9428,167000,0
"2021-01-07",16546,176101,5173,12515,4,35,45,117,21768,11495.71,188768,0
"2021-01-08",16618,192719,5456,17971,0,35,32,149,22106,14627,210874,0
"2021-01-09",7649,200368,1463,19434,1,36,7,156,9120,15383.57,219994,0
"2021-01-10",7883,208251,981,20415,0,36,10,166,8874,16141.43,228868,0
"2021-01-11",25825,234076,7458,27873,2,38,48,214,33333,19036.14,262201,0
"2021-01-12",28262,262338,7861,35734,1,39,43,257,36167,21875.71,298368,0
"2021-01-13",31730,294068,9382,45116,1,40,53,310,41166,24647.71,339534,0
"2021-01-14",35806,329874,5328,50444,1,41,28,338,41163,27418.43,380697,0
"2021-01-15",29266,359140,3707,54151,2,43,32,370,33007,28975.71,413704,0
"2021-01-16",30292,389432,2379,56530,0,43,25,395,32696,32343.71,446400,0
"2021-01-17",23752,413184,1622,58152,0,43,19,414,25393,34703.57,471793,0
"2021-01-18",27107,440291,2414,60566,0,43,35,449,29556,34164,501349,0
"2021-01-19",34299,474590,9624,70190,1,44,71,520,43995,35282.29,545344,0
"2021-01-20",34869,509459,9493,79683,1,45,59,579,44422,35747.43,589766,0
"2021-01-21",25593,535052,8091,87774,2,47,48,627,33734,34686.14,623500,0
"2021-01-22",24756,559808,4381,92155,1,48,32,659,29170,34138,652670,0
"2021-01-23",15743,575551,3223,95378,0,48,10,669,18976,32178,671646,0
"2021-01-24",7178,582729,3450,98828,0,48,19,688,10647,30071.43,682293,0
"2021-01-25",13415,596144,11820,110648,0,48,63,751,25298,29463.14,707591,0
"2021-01-26",16764,612908,10752,121400,0,48,67,818,27583,27118.57,735174,0
"2021-01-27",20835,633743,12356,133756,0,48,50,868,33241,25521.29,768415,0
"2021-01-28",30766,664509,12844,146600,0,48,80,948,43690,26943.57,812105,0
"2021-01-29",31694,696203,11496,158096,0,48,79,1027,43269,28957.71,855374,0
"2021-01-30",18715,714918,3739,161835,0,48,20,1047,22474,29457.43,877848,0
"2021-01-31",13024,727942,2917,164752,1,49,28,1075,15970,30217.86,893818,0
"2021-02-01",1180,729122,5369,170121,4,53,35,1110,6588,27545,900406,0
"2021-02-02",2828,731950,9470,179591,2,55,50,1160,12350,25368.86,912756,0
"2021-02-03",16346,748296,21241,200832,4,59,201,1361,37792,26019,950548,0
"2021-02-04",27046,775342,19649,220481,3,62,199,1560,46897,26477.14,997445,0
"2021-02-05",27603,802945,20028,240509,0,62,184,1744,47815,27126.57,1045260,0
"2021-02-06",22992,825937,11250,251759,0,62,109,1853,34351,28823.29,1079611,0
"2021-02-07",12047,837984,8281,260040,1,63,88,1941,20417,29458.57,1100028,0
"2021-02-08",16965,854949,23513,283553,2,65,232,2173,40712,34333.43,1140740,0
"2021-02-09",17193,872142,28112,311665,2,67,329,2502,45636,39088.57,1186376,0
"2021-02-10",19596,891738,29301,340966,2,69,261,2763,49160,40712.57,1235536,0
"2021-02-11",27847,919585,33467,374433,2,71,346,3109,61662,42821.86,1297198,0
"2021-02-12",38406,957991,30787,405220,3,74,357,3466,69553,45927.29,1366751,0
"2021-02-13",28005,985996,25309,430529,2,76,305,3771,53621,48680.14,1420372,0
"2021-02-14",16284,1002280,23727,454256,0,76,260,4031,40271,51516.43,1460643,0
"2021-02-15",12796,1015076,10528,464784,2,78,164,4195,23490,49056.14,1484133,0
"2021-02-16",14241,1029317,26729,491513,0,78,320,4515,41290,48435.29,1525423,0
"2021-02-17",16400,1045717,22182,513695,1,79,287,4802,38870,46965.29,1564293,0
"2021-02-18",12156,1057873,24988,538683,21,100,283,5085,37448,43506.14,1601741,0
"2021-02-19",13265,1071138,23935,562618,39,139,301,5386,37540,38932.86,1639281,0
"2021-02-20",11352,1082490,26073,588691,6,145,323,5709,37754,36666.14,1677035,0
"2021-02-21",6362,1088852,17422,606113,15,160,284,5993,24083,34353.57,1701118,0
"2021-02-22",13041,1101893,11847,617960,2,162,126,6119,25016,34571.57,1726134,0
"2021-02-23",25245,1127138,14146,632106,1,163,159,6278,39551,34323.14,1765685,0
"2021-02-24",36360,1163498,20369,652475,0,163,223,6501,56952,36906.29,1822637,0
"2021-02-25",54623,1218121,30374,682849,6,169,391,6892,85394,43755.71,1908031,0
"2021-02-26",62877,1280998,31857,714706,4,173,403,7295,95141,51984.43,2003172,0
"2021-02-27",51300,1332298,22740,737446,47,220,332,7627,74419,57222.29,2077591,0
"2021-02-28",44599,1376897,13807,751253,7,227,205,7832,58618,62155.86,2136209,0
"2021-03-01",39314,1416211,12766,764019,10,237,166,7998,52256,66047.29,2188465,0
"2021-03-02",47083,1463294,12565,776584,7,244,161,8159,59816,68942.29,2248281,0
"2021-03-03",48605,1511899,16146,792730,17,261,145,8304,64913,70079.57,2313194,0
"2021-03-04",59824,1571723,22808,815538,1092,1353,265,8569,83989,69878.86,2397183,0
"2021-03-05",60992,1632715,24260,839798,3109,4462,332,8901,88693,68957.71,2485876,0
"2021-03-06",47178,1679893,18877,858675,5449,9911,239,9140,71743,68575.43,2557619,0
"2021-03-07",36048,1715941,14863,873538,6247,16158,227,9367,57385,68399.29,2615004,0
"2021-03-08",39629,1755570,14662,888200,8564,24722,311,9678,63166,69957.86,2678170,0
"2021-03-09",39105,1794675,12818,901018,7767,32489,176,9854,59866,69965,2738036,0
"2021-03-10",51832,1846507,15313,916331,5068,37557,226,10080,72439,71040.14,2810475,0
"2021-03-11",60000,1906507,21786,938117,4618,42175,251,10331,86655,71421,2897130,0
"2021-03-12",52199,1958706,30296,968413,4183,46358,374,10705,87052,71186.57,2984182,0
"2021-03-13",40658,1999364,26674,995087,5109,51467,325,11030,72766,71332.71,3056948,0
"2021-03-14",30720,2030084,15953,1011040,4528,55995,237,11267,51438,70483.14,3108386,0
"2021-03-15",33590,2063674,17235,1028275,4717,60712,239,11506,55781,69428.14,3164167,0
"2021-03-16",38679,2102353,20480,1048755,4925,65637,262,11768,64346,70068.14,3228513,0
"2021-03-17",42626,2144979,24762,1073517,4247,69884,336,12104,71971,70001.29,3300484,0
"2021-03-18",50468,2195447,26775,1100292,5241,75125,364,12468,82848,69457.43,3383332,0
"2021-03-19",47806,2243253,29916,1130208,5623,80748,387,12855,83732,68983.14,3467064,0
"2021-03-20",38711,2281964,25817,1156025,4690,85438,293,13148,69511,68518.14,3536575,0
"2021-03-21",29302,2311266,19338,1175363,771,86209,217,13365,49628,68259.57,3586203,0
"2021-03-22",33868,2345134,26719,1202082,4037,90246,261,13626,64885,69560.14,3651088,0
"2021-03-23",38441,2383575,32820,1234902,4222,94468,284,13910,75767,71191.71,3726855,0
"2021-03-24",41510,2425085,37561,1272463,4849,99317,325,14235,84245,72945.14,3811100,0
"2021-03-25",43420,2468505,50744,1323207,5055,104372,463,14698,99682,75350,3910782,0
"2021-03-26",38514,2507019,55457,1378664,4310,108682,525,15223,98806,77503.43,4009588,0
"2021-03-27",35750,2542769,45709,1424373,2939,111621,408,15631,84806,79688.43,4094394,0
"2021-03-28",26398,2569167,34406,1458779,1481,113102,327,15958,62612,81543.29,4157006,0
"2021-03-29",34828,2603995,38814,1497593,3248,116350,344,16302,77234,83307.43,4234240,0
"2021-03-30",40514,2644509,41902,1539495,3714,120064,324,16626,86454,84834.14,4320694,0
"2021-03-31",49407,2693916,44834,1584329,7440,127504,395,17021,102076,87381.43,4422770,0
"2021-04-01",50786,2744702,53925,1638254,11275,138779,500,17521,116486,89782,4539256,0
"2021-04-02",43764,2788466,53851,1692105,11972,150751,550,18071,110137,91400.71,4649393,0
"2021-04-03",39262,2827728,39187,1731292,9861,160612,337,18408,88647,91949.43,4738040,0
"2021-04-04",26566,2854294,24743,1756035,3902,164514,220,18628,55431,90923.57,4793471,0
"2021-04-05",41886,2896180,34439,1790474,11196,175710,370,18998,87891,92446,4881362,0
"2021-04-06",53282,2949462,35574,1826048,13224,188934,424,19422,102504,94738.86,4983866,0
"2021-04-07",55517,3004979,40677,1866725,14389,203323,390,19812,110973,96009.86,5094839,0
"2021-04-08",59279,3064258,46560,1913285,16337,219660,510,20322,122686,96895.57,5217525,0
"2021-04-09",56653,3120911,44943,1958228,17548,237208,507,20829,119651,98254.71,5337176,0
"2021-04-10",49359,3170270,35637,1993865,12728,249936,385,21214,98109,99606.43,5435285,0
"2021-04-11",38188,3208458,28810,2022675,7685,257621,291,21505,74974,102398.29,5510259,0
"2021-04-12",46647,3255105,31846,2054521,13494,271115,457,21962,92444,103048.71,5602703,0
"2021-04-13",52553,3307658,33784,2088305,368,271483,390,22352,87095,100847.43,5689798,0
"2021-04-14",50159,3357817,39955,2128260,20,271503,362,22714,90496,97922.14,5780294,0
"2021-04-15",52133,3409950,43673,2171933,16,271519,453,23167,96275,94149.14,5876569,0
"2021-04-16",51195,3461145,42219,2214152,32,271551,411,23578,93857,90464.29,5970426,0
"2021-04-17",43847,3504992,35686,2249838,3,271554,361,23939,79897,87862.57,6050323,0
"2021-04-18",28610,3533602,29373,2279211,7,271561,249,24188,58239,85471.86,6108562,0
"2021-04-19",37481,3571083,36450,2315661,22,271583,314,24502,74267,82875.14,6182829,0
"2021-04-20",40813,3611896,39629,2355290,19,271602,305,24807,80766,81971,6263595,0
"2021-04-21",38917,3650813,46003,2401293,15,271617,489,25296,85424,81246.43,6349019,0
"2021-04-22",38513,3689326,48950,2450243,9,271626,330,25626,87802,80036,6436821,0
"2021-04-23",39713,3729039,44368,2494611,4,271630,350,25976,84435,78690,6521256,0
"2021-04-24",31962,3761001,41598,2536209,44,271674,274,26250,73878,77830.14,6595134,0
"2021-04-25",18426,3779427,31227,2567436,86,271760,191,26441,49930,76643.14,6645064,0
"2021-04-26",26976,3806403,40731,2608167,1013,272773,285,26726,69005,75891.43,6714069,0
"2021-04-27",28577,3834980,47144,2655311,1698,274471,344,27070,77763,75462.43,6791832,0
"2021-04-28",27056,3862036,56833,2712144,2147,276618,419,27489,86455,75609.71,6878287,0
"2021-04-29",28618,3890654,57195,2769339,2147,278765,362,27851,88322,75684,6966609,0
"2021-04-30",30129,3920783,51984,2821323,2056,280821,276,28127,84445,75685.43,7051054,0
"2021-05-01",22484,3943267,44551,2865874,1177,281998,223,28350,68435,74907.86,7119489,0
"2021-05-02",11929,3955196,36658,2902532,1080,283078,131,28481,49798,74889,7169287,0
"2021-05-03",18038,3973234,53018,2955550,2382,285460,251,28732,73689,75558.14,7242976,0
"2021-05-04",22747,3995981,56642,3012192,2330,287790,259,28991,81978,76160.29,7324954,0
"2021-05-05",21480,4017461,48794,3060986,2312,290102,310,29301,72896,74223.29,7397850,0
"2021-05-06",20685,4038146,50180,3111166,2508,292610,266,29567,73639,72125.71,7471489,0
"2021-05-07",21260,4059406,52101,3163267,2813,295423,303,29870,76477,70987.43,7547966,0
"2021-05-08",16636,4076042,41873,3205140,1835,297258,224,30094,60568,69863.57,7608534,0
"2021-05-09",7976,4084018,29412,3234552,1260,298518,149,30243,38797,68292,7647331,0
"2021-05-10",14398,4098416,38538,3273090,2356,300874,226,30469,55518,65696.14,7702849,0
"2021-05-11",19926,4118342,43049,3316139,2515,303389,279,30748,65769,63380.57,7768618,0
"2021-05-12",17817,4136159,40530,3356669,3596,306985,228,30976,62171,61848.43,7830789,0
"2021-05-13",24981,4161140,40431,3397100,3229,310214,257,31233,68898,61171.14,7899687,0
"2021-05-14",27029,4188169,42909,3440009,3537,313751,279,31512,73754,60782.14,7973441,0
"2021-05-15",23655,4211824,34915,3474924,3366,317117,249,31761,62185,61013.14,8035626,0
"2021-05-16",15539,4227363,19438,3494362,2497,319614,126,31887,37600,60842.14,8073226,0
"2021-05-17",22679,4250042,29141,3523503,3257,322871,175,32062,55252,60804.14,8128478,0
"2021-05-18",24641,4274683,31904,3555407,3404,326275,238,32300,60187,60006.71,8188665,0
"2021-05-19",24205,4298888,29704,3585111,3040,329315,223,32523,57172,59292.57,8245837,0
"2021-05-20",24164,4323052,30080,3615191,3160,332475,272,32795,57676,57689.43,8303513,0
"2021-05-21",24693,4347745,31999,3647190,3060,335535,248,33043,60000,55724.57,8363513,0
"2021-05-22",20028,4367773,24357,3671547,2525,338060,158,33201,47068,53565,8410581,0
"2021-05-23",11237,4379010,13732,3685279,1411,339471,94,33295,26474,51975.57,8437055,0
"2021-05-24",18884,4397894,23150,3708429,2757,342228,215,33510,45006,50511.86,8482061,0
"2021-05-25",19443,4417337,23371,3731800,2601,344829,177,33687,45592,48426.86,8527653,0
"2021-05-26",18789,4436126,21083,3752883,2695,347524,200,33887,42767,46369,8570420,0
"2021-05-27",18476,4454602,21267,3774150,2530,350054,191,34078,42464,44195.86,8612884,0
"2021-05-28",17869,4472471,22886,3797036,2752,352806,186,34264,43693,41866.29,8656577,0
"2021-05-29",12715,4485186,17805,3814841,1755,354561,103,34367,32378,39767.71,8688955,0
"2021-05-30",7033,4492219,8949,3823790,1074,355635,47,34414,17103,38429,8706058,0
"2021-05-31",4742,4496961,6925,3830715,1012,356647,64,34478,12743,33820,8718801,0
"2021-06-01",16042,4513003,25199,3855914,2175,358822,149,34627,43565,33530.43,8762366,0
"2021-06-02",15356,4528359,20387,3876301,2093,360915,138,34765,37974,32845.71,8800340,0
"2021-06-03",15011,4543370,23816,3900117,2280,363195,125,34890,41232,32669.71,8841572,0
"2021-06-04",14733,4558103,25980,3926097,2492,365687,144,35034,43349,32620.57,8884921,0
"2021-06-05",10995,4569098,22081,3948178,1806,367493,115,35149,34997,32994.71,8919918,0
"2021-06-06",6449,4575547,14462,3962640,1222,368715,86,35235,22219,33725.57,8942137,0
"2021-06-07",11714,4587261,21784,3984424,2379,371094,139,35374,36016,37050.29,8978153,0
"2021-06-08",12659,4599920,24014,4008438,2072,373166,117,35491,38862,36378.43,9017015,0
"2021-06-09",11151,4611071,23025,4031463,2297,375463,129,35620,36602,36182.43,9053617,0
"2021-06-10",12074,4623145,22230,4053693,2462,377925,139,35759,36905,35564.29,9090522,0
"2021-06-11",12709,4635854,25115,4078808,2482,380407,152,35911,40458,35151.29,9130980,0
"2021-06-12",10170,4646024,19301,4098109,1888,382295,96,36007,31455,34645.29,9162435,0
"2021-06-13",4259,4650283,10934,4109043,1219,383514,41,36048,16453,33821.57,9178888,0
"2021-06-14",10218,4660501,19239,4128282,2042,385556,127,36175,31626,33194.43,9210514,0
"2021-06-15",11892,4672393,21002,4149284,1943,387499,127,36302,34964,32637.57,9245478,0
"2021-06-16",11594,4683987,19402,4168686,1957,389456,140,36442,33093,32136.29,9278571,0
"2021-06-17",11024,4695011,18760,4187446,1971,391427,120,36562,31875,31417.71,9310446,0
"2021-06-18",12173,4707184,18495,4205941,2115,393542,114,36676,32897,30337.57,9343343,0
"2021-06-19",8504,4715688,13518,4219459,1459,395001,80,36756,23561,29209.86,9366904,0
"2021-06-20",4336,4720024,7158,4226617,924,395925,37,36793,12455,28638.71,9379359,0
"2021-06-21",10164,4730188,10006,4236623,1806,397731,68,36861,22044,27269.86,9401403,0
"2021-06-22",9839,4740027,15641,4252264,1589,399320,103,36964,27172,26156.71,9428575,0
"2021-06-23",10320,4750347,15181,4267445,1862,401182,101,37065,27464,25352.57,9456039,0
"2021-06-24",9693,4760040,14697,4282142,1799,402981,115,37180,26304,24556.71,9482343,0
"2021-06-25",10593,4770633,14383,4296525,1718,404699,110,37290,26804,23686.29,9509147,0
"2021-06-26",7807,4778440,10463,4306988,1246,405945,73,37363,19589,23118.86,9528736,0
"2021-06-27",5004,4783444,5998,4312986,796,406741,31,37394,11829,23029.43,9540565,0
"2021-06-28",9036,4792480,10344,4323330,1524,408265,104,37498,21008,22881.43,9561573,0
"2021-06-29",9750,4802230,12311,4335641,1347,409612,126,37624,23534,22361.71,9585107,0
"2021-06-30",9431,4811661,10926,4346567,1481,411093,147,37771,21985,21579,9607092,0
"2021-07-01",9399,4821060,10925,4357492,1431,412524,125,37896,21880,20947,9628972,0
"2021-07-02",9698,4830758,11435,4368927,1541,414065,121,38017,22795,20374.29,9651767,0
"2021-07-03",7062,4837820,8418,4377345,1193,415258,76,38093,16749,19968.57,9668516,0
"2021-07-04",1288,4839108,1336,4378681,567,415825,8,38101,3199,18735.71,9671715,0
"2021-07-05",6495,4845603,7102,4385783,1208,417033,66,38167,14871,17859,9686586,0
"2021-07-06",9515,4855118,12848,4398631,1317,418350,114,38281,23794,17896.14,9710380,0
"2021-07-07",8673,4863791,11106,4409737,1419,419769,122,38403,21320,17801.14,9731700,0
"2021-07-08",8211,4872002,10192,4419929,1260,421029,106,38509,19769,17499.57,9751469,0
"2021-07-09",8379,4880381,10830,4430759,1279,422308,87,38596,20575,17182.43,9772044,0
"2021-07-10",7110,4887491,8626,4439385,1132,423440,64,38660,16932,17208.57,9788976,0
"2021-07-11",4103,4891594,4541,4443926,703,424143,34,38694,9381,18091.71,9798357,0
"2021-07-12",8454,4900048,9553,4453479,1250,425393,80,38774,19337,18729.71,9817694,0
"2021-07-13",9471,4909519,9383,4462862,951,426344,104,38878,19909,18174.71,9837603,0
"2021-07-14",9006,4918525,9524,4472386,1009,427353,103,38981,19642,17935,9857245,0
"2021-07-15",8794,4927319,9150,4481536,1052,428405,81,39062,19077,17836.14,9876322,0
"2021-07-16",9243,4936562,9763,4491299,978,429383,101,39163,20085,17766.14,9896407,0
"2021-07-17",6845,4943407,7389,4498688,802,430185,79,39242,15115,17506.57,9911522,0
"2021-07-18",4260,4947667,4285,4502973,569,430754,33,39275,9147,17473.14,9920669,0
"2021-07-19",9127,4956794,8468,4511441,999,431753,88,39363,18682,17379.57,9939351,0
"2021-07-20",10653,4967447,8757,4520198,991,432744,92,39455,20493,17463,9959844,0
"2021-07-21",10053,4977500,8763,4528961,903,433647,144,39599,19863,17494.57,9979707,0
"2021-07-22",10687,4988187,8582,4537543,1044,434691,143,39742,20456,17691.57,10000163,0
"2021-07-23",11257,4999444,8881,4546424,1114,435805,135,39877,21387,17877.57,10021550,0
"2021-07-24",7406,5006850,6733,4553157,670,436475,83,39960,14892,17845.71,10036442,0
"2021-07-25",5480,5012330,2123,4555280,509,436984,59,40019,8171,17706.29,10044613,0
"2021-07-26",10879,5023209,6999,4562279,859,437843,110,40129,18847,17729.86,10063460,0
"2021-07-27",12060,5035269,8564,4570843,857,438700,133,40262,21614,17890,10085074,0
"2021-07-28",11999,5047268,8044,4578887,950,439650,129,40391,21122,18069.86,10106196,0
"2021-07-29",10939,5058207,7425,4586312,983,440633,132,40523,19479,17930.29,10125675,0
"2021-07-30",14958,5073165,8007,4594319,1150,441783,181,40704,24296,18345.86,10149971,0
"2021-07-31",9731,5082896,6312,4600631,816,442599,118,40822,16977,18643.71,10166948,0
"2021-08-01",6504,5089400,3308,4603939,564,443163,81,40903,10457,18970.29,10177405,0
"2021-08-02",13451,5102851,7155,4611094,847,444010,145,41048,21598,19363.29,10199003,0
"2021-08-03",15418,5118269,8383,4619477,1109,445119,144,41192,25054,19854.71,10224057,0
"2021-08-04",17262,5135531,8122,4627599,1454,446573,179,41371,27017,20696.86,10251074,0
"2021-08-05",17868,5153399,7922,4635521,1365,447938,162,41533,27317,21816.57,10278391,0
"2021-08-06",18183,5171582,8409,4643930,1233,449171,165,41698,27990,22344.29,10306381,0
"2021-08-07",13389,5184971,6016,4649946,799,449970,97,41795,20301,22819.14,10326682,0
"2021-08-08",9310,5194281,3836,4653782,399,450369,81,41876,13626,23271.86,10340308,0
"2021-08-09",21343,5215624,8527,4662309,963,451332,169,42045,31002,24615.29,10371310,0
"2021-08-10",18925,5234549,9330,4671639,950,452282,171,42216,29376,25232.71,10400686,0
"2021-08-11",15653,5250202,8305,4679944,853,453135,127,42343,24938,24935.71,10425624,0
"2021-08-12",15053,5265255,8975,4688919,939,454074,169,42512,25136,24624.14,10450760,0
"2021-08-13",14927,5280182,9287,4698206,921,454995,240,42752,25375,24250.57,10476135,0
"2021-08-14",10415,5290597,6403,4704609,626,455621,527,43279,17971,23917.71,10494106,0
"2021-08-15",6697,5297294,4474,4709083,676,456297,567,43846,12414,23744.57,10506520,0
"2021-08-16",15727,5313021,9290,4718373,1149,457446,1318,45164,27484,23242,10534004,0
"2021-08-17",17782,5330803,10436,4728809,1223,458669,1760,46924,31201,23502.71,10565205,0
"2021-08-18",17515,5348318,10358,4739167,1261,459930,1978,48902,31112,24384.71,10596317,0
"2021-08-19",16308,5364626,9517,4748684,1315,461245,1946,50848,29086,24949,10625403,0
"2021-08-20",16291,5380917,11539,4760223,1254,462499,1847,52695,30931,25742.71,10656334,0
"2021-08-21",11157,5392074,8038,4768261,877,463376,1050,53745,21122,26192.86,10677456,0
"2021-08-22",4085,5396159,3898,4772159,262,463638,514,54259,8759,25670.71,10686215,0
"2021-08-23",15586,5411745,11792,4783951,1023,464661,1541,55800,29942,26021.86,10716157,0
"2021-08-24",16921,5428666,12593,4796544,1006,465667,1773,57573,32293,26177.86,10748450,0
"2021-08-25",14590,5443256,12435,4808979,1110,466777,1565,59138,29700,25976.14,10778150,0
"2021-08-26",16172,5459428,14084,4823063,1072,467849,1764,60902,33092,26548.43,10811242,0
"2021-08-27",14893,5474321,14821,4837884,972,468821,1659,62561,32345,26750.43,10843587,0
"2021-08-28",10692,5485013,11513,4849397,836,469657,1011,63572,24052,27169,10867639,0
"2021-08-29",7221,5492234,7494,4856891,541,470198,776,64348,16032,28208,10883671,0
"2021-08-30",15532,5507766,16924,4873815,1077,471275,1789,66137,35322,28976.57,10918993,0
"2021-08-31",15530,5523296,15949,4889764,952,472227,1962,68099,34393,29276.57,10953386,0
"2021-09-01",14840,5538136,14095,4903859,1021,473248,1798,69897,31754,29570,10985140,0
"2021-09-02",14350,5552486,12514,4916373,896,474144,1693,71590,29453,29050.14,11014593,0
"2021-09-03",15018,5567504,14299,4930672,974,475118,1890,73480,32181,29026.71,11046774,0
"2021-09-04",9652,5577156,9405,4940077,688,475806,961,74441,20706,28548.71,11067480,0
"2021-09-05",6807,5583963,5511,4945588,438,476244,707,75148,13463,28181.71,11080943,0
"2021-09-06",5201,5589164,4507,4950095,358,476602,270,75418,10336,24612.29,11091279,0
"2021-09-07",15579,5604743,17690,4967785,912,477514,1541,76959,35722,24802.14,11127001,0
"2021-09-08",16177,5620920,14820,4982605,1073,478587,1752,78711,33822,25097.57,11160823,0
"2021-09-09",16123,5637043,14745,4997350,1047,479634,1901,80612,33816,25720.86,11194639,0
"2021-09-10",18376,5655419,15388,5012738,1208,480842,1966,82578,36938,26400.43,11231577,0
"2021-09-11",12642,5668061,10344,5023082,958,481800,1018,83596,24962,27008.43,11256539,0
"2021-09-12",8537,5676598,5051,5028133,766,482566,688,84284,15042,27234,11271581,0
"2021-09-13",16943,5693541,12943,5041076,975,483541,1643,85927,32504,30400.86,11304085,0
"2021-09-14",16278,5709819,13675,5054751,886,484427,1587,87514,32426,29930,11336511,0
"2021-09-15",15551,5725370,12870,5067621,728,485155,1561,89075,30710,29485.43,11367221,0
"2021-09-16",15349,5740719,13906,5081527,1211,486366,1444,90519,31910,29213.14,11399131,0
"2021-09-17",14440,5755159,13963,5095490,922,487288,1819,92338,31144,28385.43,11430275,0
"2021-09-18",10008,5765167,10172,5105662,913,488201,1045,93383,22138,27982,11452413,0
"2021-09-19",6183,5771350,6069,5111731,557,488758,743,94126,13552,27769.14,11465965,0
"2021-09-20",12686,5784036,12632,5124363,1069,489827,1909,96035,28296,27168,11494261,0
"2021-09-21",12244,5796280,12767,5137130,1111,490938,2014,98049,28136,26555.14,11522397,0
"2021-09-22",12833,5809113,11994,5149124,1090,492028,1671,99720,27588,26109.14,11549985,0
"2021-09-23",14956,5824069,12755,5161879,1639,493667,2244,101964,31594,26064,11581579,0
"2021-09-24",16460,5840529,13364,5175243,1632,495299,4604,106568,36060,26766.29,11617639,0
"2021-09-25",10551,5851080,9022,5184265,1018,496317,3438,110006,24029,27036.43,11641668,0
"2021-09-26",6310,5857390,5761,5190026,773,497090,2411,112417,15255,27279.71,11656923,0
"2021-09-27",14179,5871569,8054,5198080,1155,498245,8986,121403,32374,27862.29,11689297,0
"2021-09-28",11164,5882733,11766,5209846,901,499146,9836,131239,33667,28652.43,11722964,0
"2021-09-29",11625,5894358,12188,5222034,1206,500352,9385,140624,34404,29626.14,11757368,0
"2021-09-30",12259,5906617,12595,5234629,1338,501690,9678,150302,35870,30237,11793238,0
"2021-10-01",12667,5919284,13424,5248053,1284,502974,10210,160512,37585,30454.86,11830823,0
"2021-10-02",7738,5927022,9974,5258027,865,503839,4200,164712,22777,30276,11853600,0
"2021-10-03",5082,5932104,6156,5264183,593,504432,2601,167313,14432,30158.43,11868032,0
"2021-10-04",9923,5942027,11026,5275209,913,505345,9463,176776,31325,30008.57,11899357,0
"2021-10-05",10187,5952214,11730,5286939,972,506317,9889,186665,32778,29881.57,11932135,0
"2021-10-06",9934,5962148,11050,5297989,937,507254,9883,196548,31804,29510.14,11963939,0
"2021-10-07",9684,5971832,12182,5310171,852,508106,10147,206695,32865,29080.86,11996804,0
"2021-10-08",9484,5981316,12172,5322343,943,509049,10843,217538,33442,28489,12030246,0
"2021-10-09",6277,5987593,8276,5330619,649,509698,4090,221628,19292,27991.14,12049538,0
"2021-10-10",3546,5991139,5023,5335642,458,510156,2417,224045,11444,27564.29,12060982,0
"2021-10-11",7642,5998781,9328,5344970,728,510884,8860,232905,26558,26883.29,12087540,0
"2021-10-12",8088,6006869,11001,5355971,891,511775,10460,243365,30440,26549.29,12117980,0
"2021-10-13",7181,6014050,10140,5366111,869,512644,8725,252090,26915,25850.86,12144895,0
"2021-10-14",7464,6021514,11108,5377219,836,513480,10054,262144,29462,25364.71,12174357,0
"2021-10-15",7747,6029261,11864,5389083,823,514303,10736,272880,31170,25040.14,12205527,0
"2021-10-16",4874,6034135,7464,5396547,666,514969,3802,276682,16806,24685,12222333,0
"2021-10-17",3063,6037198,4473,5401020,411,515380,2429,279111,10376,24532.43,12232709,0
"2021-10-18",7070,6044268,10659,5411679,796,516176,9395,288506,27920,24727,12260629,0
"2021-10-19",6595,6050863,8943,5420622,805,516981,9025,297531,25368,24002.43,12285997,0
"2021-10-20",6561,6057424,9376,5429998,975,517956,9917,307448,26829,23990.14,12312826,0
"2021-10-21",7055,6064479,9379,5439377,859,518815,10780,318228,28073,23791.71,12340899,0
"2021-10-22",8157,6072636,10343,5449720,1027,519842,16292,334520,35819,24455.86,12376718,0
"2021-10-23",5193,6077829,6458,5456178,690,520532,9089,343609,21430,25116.43,12398148,0
"2021-10-24",3284,6081113,3972,5460150,770,521302,6136,349745,14162,25657.29,12412310,0
"2021-10-25",8810,6089923,8744,5468894,1148,522450,19205,368950,37907,27084,12450217,0
"2021-10-26",8230,6098153,7728,5476622,1259,523709,17253,386203,34470,28384.29,12484687,0
"2021-10-27",10605,6108758,8393,5485015,1604,525313,20794,406997,41396,30465.29,12526083,0
"2021-10-28",11373,6120131,8039,5493054,1793,527106,20777,427774,41982,32452.29,12568065,0
"2021-10-29",11878,6132009,8244,5501298,1962,529068,22469,450243,44553,33700,12612618,0
"2021-10-30",4648,6136657,5056,5506354,934,530002,11137,461380,21775,33749.29,12634393,0
"2021-10-31",2673,6139330,2706,5509060,545,530547,6604,467984,12528,33515.86,12646921,0
"2021-11-01",7188,6146518,6952,5516012,1089,531636,20315,488299,35544,33178.29,12682465,0
"2021-11-02",6625,6153143,6588,5522600,1055,532691,20696,508995,34964,33248.86,12717429,0
"2021-11-03",6901,6160044,6682,5529282,1028,533719,20555,529550,35166,32358.86,12752595,0
"2021-11-04",9345,6169389,6276,5535558,997,534716,22294,551844,38912,31920.29,12791507,0
"2021-11-05",11104,6180493,6720,5542278,1052,535768,23708,575552,42584,31639,12834091,0
"2021-11-06",11147,6191640,4051,5546329,593,536361,12568,588120,28359,32579.57,12862450,0
"2021-11-07",7277,6198917,2282,5548611,577,536938,7085,595205,17221,33250,12879671,0
"2021-11-08",15094,6214011,5679,5554290,867,537805,19451,614656,41091,34042.43,12920762,0
"2021-11-09",16195,6230206,5380,5559670,661,538466,20468,635124,42704,35148.14,12963466,0
"2021-11-10",16991,6247197,5328,5564998,685,539151,22569,657693,45573,36634.86,13009039,0
"2021-11-11",12620,6259817,5195,5570193,761,539912,22022,679715,40598,36875.71,13049637,0
"2021-11-12",16933,6276750,5683,5575876,708,540620,23345,703060,46669,37459.29,13096306,0
"2021-11-13",9969,6286719,3667,5579543,465,541085,13295,716355,27396,37321.71,13123702,0
"2021-11-14",6034,6292753,2295,5581838,325,541410,7912,724267,16566,37228.14,13140268,0
"2021-11-15",13274,6306027,5969,5587807,690,542100,25048,749315,44981,37783.86,13185249,0
"2021-11-16",10021,6316048,5791,5593598,655,542755,30593,779908,47060,38406.14,13232309,0
"2021-11-17",10373,6326421,6678,5600276,681,543436,31336,811244,49068,38905.43,13281377,0
"2021-11-18",10787,6337208,6552,5606828,861,544297,32924,844168,51124,40409.14,13332501,0
"2021-11-19",12075,6349283,6555,5613383,716,545013,36185,880353,55531,41675.14,13388032,0
"2021-11-20",9385,6358668,3421,5616804,514,545527,22454,902807,35774,42872,13423806,0
"2021-11-21",4993,6363661,1892,5618696,288,545815,13165,915972,20338,43410.86,13444144,0
"2021-11-22",10497,6374158,5796,5624492,752,546567,35798,951770,52843,44534,13496987,0
"2021-11-23",9872,6384030,4779,5629271,637,547204,33439,985209,48727,44772.14,13545714,0
"2021-11-24",8765,6392795,4757,5634028,651,547855,25862,1011071,40035,43481.71,13585749,0
"2021-11-25",451,6393246,325,5634353,80,547935,998,1012069,1854,36443.14,13587603,0
"2021-11-26",8107,6401353,6991,5641344,528,548463,26529,1038598,42155,34532.29,13629758,0
"2021-11-27",6715,6408068,6832,5648176,373,548836,18777,1057375,32697,34092.71,13662455,0
"2021-11-28",4104,6412172,5782,5653958,282,549118,11845,1069220,22013,34332,13684468,0
"2021-11-29",9170,6421342,10993,5664951,688,549806,34919,1104139,55770,34750.14,13740238,0
"2021-11-30",10576,6431918,11430,5676381,513,550319,37682,1141821,60201,36389.29,13800439,0
"2021-12-01",11265,6443183,10983,5687364,723,551042,40241,1182062,63212,39700.29,13863651,0
"2021-12-02",11730,6454913,11025,5698389,626,551668,42048,1224110,65429,48782.43,13929080,0
"2021-12-03",13591,6468504,12878,5711267,676,552344,47817,1271927,74962,53469.14,14004042,0
"2021-12-04",9904,6478408,11283,5722550,567,552911,30602,1302529,52356,56277.57,14056398,0
"2021-12-05",5788,6484196,5704,5728254,269,553180,16624,1319153,28385,57187.86,14084783,0
"2021-12-06",12442,6496638,9947,5738201,602,553782,43139,1362292,66130,58667.86,14150913,0
"2021-12-07",12680,6509318,9254,5747455,625,554407,42960,1405252,65519,59427.57,14216432,0
"2021-12-08",13649,6522967,8758,5756213,555,554962,40679,1445931,63641,59488.86,14280073,0
"2021-12-09",13593,6536560,8766,5764979,558,555520,40721,1486652,63638,59233,14343711,0
"2021-12-10",14148,6550708,10132,5775111,671,556191,43543,1530195,68494,58309,14412205,0
"2021-12-11",10315,6561023,8115,5783226,405,556596,26663,1556858,45498,57329.29,14457703,0
"2021-12-12",6056,6567079,3854,5787080,288,556884,15135,1571993,25333,56893.29,14483036,0
"2021-12-13",12317,6579396,7419,5794499,657,557541,37796,1609789,58189,55758.86,14541225,0
"2021-12-14",12308,6591704,6958,5801457,731,558272,38074,1647863,58071,54694.86,14599296,0
"2021-12-15",12220,6603924,6240,5807697,755,559027,38014,1685877,57229,53778.86,14656525,0
"2021-12-16",13206,6617130,4270,5811967,742,559769,40912,1726789,59130,53134.86,14715655,0
"2021-12-17",16101,6633231,6936,5818903,620,560389,46589,1773378,70246,53385.14,14785901,0
"2021-12-18",13083,6646314,5715,5824618,432,560821,30537,1803915,49767,53995,14835668,0
"2021-12-19",7062,6653376,2994,5827612,326,561147,17967,1821882,28349,54425.86,14864017,0
"2021-12-20",16986,6670362,5872,5833484,747,561894,47297,1869179,70902,56242,14934919,0
"2021-12-21",18053,6688415,6565,5840049,806,562700,48803,1917982,74227,58550,15009146,0
"2021-12-22",18665,6707080,6562,5846611,938,563638,49521,1967503,75686,61186.71,15084832,0
"2021-12-23",19114,6726194,6479,5853090,930,564568,45740,2013243,72263,63062.86,15157095,0
"2021-12-24",9256,6735450,2951,5856041,598,565166,20576,2033819,33381,57796.43,15190476,0
"2021-12-25",344,6735794,64,5856105,31,565197,424,2034243,863,50810.14,15191339,0
"2021-12-26",7993,6743787,3927,5860032,341,565538,17252,2051495,29513,50976.43,15220852,0
"2021-12-27",21865,6765652,9201,5869233,933,566471,43349,2094844,75348,51611.57,15296200,0
"2021-12-28",20226,6785878,8324,5877557,698,567169,47489,2142333,76737,51970.14,15372937,0
"2021-12-29",18556,6804434,7656,5885213,607,567776,45475,2187808,72294,51485.57,15445231,0
"2021-12-30",16925,6821359,7416,5892629,582,568358,44761,2232569,69684,51117.14,15514915,0
"2021-12-31",5375,6826734,2804,5895433,193,568551,14739,2247308,23111,49650,15538026,0
"2022-01-01",237,6826971,146,5895579,11,568562,498,2247806,892,49654.14,15538918,0
"2022-01-02",6453,6833424,5013,5900592,153,568715,10965,2258771,22584,48664.29,15561502,0
"2022-01-03",14208,6847632,8481,5909073,515,569230,26823,2285594,50027,45047,15611529,0
"2022-01-04",13124,6860756,8068,5917141,412,569642,26952,2312546,48556,41021.14,15660085,0
"2022-01-05",11649,6872405,6969,5924110,385,570027,25705,2338251,44708,37080.29,15704793,0
"2022-01-06",11579,6883984,7365,5931475,485,570512,27411,2365662,46840,33816.86,15751633,0
"2022-01-07",10497,6894481,8412,5939887,337,570849,24931,2390593,44177,36826.29,15795810,0
"2022-01-08",7956,6902437,8547,5948434,310,571159,19376,2409969,36189,41868.71,15831999,0
"2022-01-09",4155,6906592,3841,5952275,214,571373,10042,2420011,18252,41249.86,15850251,0
"2022-01-10",10207,6916799,8182,5960457,489,571862,24548,2444559,43426,40306.86,15893677,0
"2022-01-11",8943,6925742,7981,5968438,520,572382,20953,2465512,38397,38855.57,15932074,0
"2022-01-12",8997,6934739,8312,5976750,428,572810,22262,2487774,39999,38182.86,15972073,0
"2022-01-13",9103,6943842,8851,5985601,451,573261,22781,2510555,41186,37375.14,16013259,0
"2022-01-14",10156,6953998,8109,5993710,476,573737,26370,2536925,45111,37508.57,16058370,0
"2022-01-15",6225,6960223,4304,5998014,178,573915,15122,2552047,25829,36028.57,16084199,0
"2022-01-16",2936,6963159,3251,6001265,93,574008,7804,2559851,14084,35433.14,16098283,0
"2022-01-17",6106,6969265,6759,6008024,363,574371,14630,2574481,27858,33209.14,16126141,0
"2022-01-18",8216,6977481,10299,6018323,397,574768,19571,2594052,38483,33221.43,16164624,0
"2022-01-19",7541,6985022,9233,6027556,306,575074,17639,2611691,34719,32467.14,16199343,0
"2022-01-20",6345,6991367,8565,6036121,304,575378,15153,2626844,30367,30921.57,16229710,0
"2022-01-21",7650,6999017,7487,6043608,276,575654,18406,2645250,33819,29308.43,16263529,0
"2022-01-22",5208,7004225,4929,6048537,131,575785,11283,2656533,21551,28697.29,16285080,0
"2022-01-23",2821,7007046,3325,6051862,97,575882,6218,2662751,12461,28465.43,16297541,0
"2022-01-24",6420,7013466,8189,6060051,262,576144,15003,2677754,29874,28753.43,16327415,0
"2022-01-25",6218,7019684,7918,6067969,232,576376,14655,2692409,29023,27402,16356438,0
"2022-01-26",5786,7025470,7157,6075126,290,576666,13967,2706376,27200,26327.86,16383638,0
"2022-01-27",5280,7030750,7082,6082208,321,576987,14035,2720411,26718,25806.57,16410356,0
"2022-01-28",6307,7037057,7851,6090059,204,577191,16070,2736481,30432,25322.71,16440788,0
"2022-01-29",847,7037904,728,6090787,28,577219,2522,2739003,4125,22833.29,16444913,0
"2022-01-30",2101,7040005,3020,6093807,103,577322,4529,2743532,9753,22446.43,16454666,0
"2022-01-31",5035,7045040,6589,6100396,219,577541,11322,2754854,23165,21488,16477831,0
"2022-02-01",4857,7049897,6435,6106831,219,577760,10668,2765522,22179,20510.29,16500010,0
"2022-02-02",4273,7054170,5921,6112752,214,577974,11184,2776706,21592,19709.14,16521602,0
"2022-02-03",4244,7058414,5790,6118542,217,578191,11182,2787888,21433,18954.14,16543035,0
"2022-02-04",4804,7063218,7103,6125645,214,578405,13175,2801063,25296,18220.43,16568331,0
"2022-02-05",3598,7066816,6045,6131690,110,578515,8551,2809614,18304,20246,16586635,0
"2022-02-06",2068,7068884,2134,6133824,121,578636,4626,2814240,8949,20131.14,16595584,0
"2022-02-07",4169,7073053,4723,6138547,205,578841,10110,2824350,19207,19565.71,16614791,0
"2022-02-08",4244,7077297,5597,6144144,214,579055,11276,2835626,21331,19444.57,16636122,0
"2022-02-09",4153,7081450,5391,6149535,222,579277,11633,2847259,21399,19417,16657521,0
"2022-02-10",4010,7085460,5113,6154648,244,579521,12145,2859404,21512,19428.29,16679033,0
"2022-02-11",4539,7089999,5800,6160448,194,579715,13700,2873104,24233,19276.43,16703266,0
"2022-02-12",3268,7093267,4335,6164783,96,579811,8784,2881888,16483,19016.29,16719749,0
"2022-02-13",1524,7094791,1542,6166325,41,579852,4878,2886766,7985,18878.57,16727734,0
"2022-02-14",3004,7097795,3618,6169943,165,580017,10542,2897308,17329,18610.29,16745063,0
"2022-02-15",3578,7101373,4061,6174004,176,580193,12747,2910055,20562,18500.43,16765625,0
"2022-02-16",3681,7105054,3890,6177894,196,580389,15671,2925726,23438,18791.71,16789063,0
"2022-02-17",4064,7109118,4076,6181970,164,580553,18227,2943953,26531,19508.71,16815594,0
"2022-02-18",4499,7113617,4773,6186743,190,580743,21509,2965462,30971,20471.29,16846565,0
"2022-02-19",3265,7116882,2180,6188923,65,580808,11155,2976617,16665,20497.29,16863230,0
"2022-02-20",1866,7118748,1444,6190367,59,580867,6569,2983186,9938,20776.29,16873168,0
"2022-02-21",3104,7121852,2686,6193053,95,580962,8341,2991527,14226,20333,16887394,0
"2022-02-22",4406,7126258,4242,6197295,175,581137,10798,3002325,19621,20198.57,16907015,0
"2022-02-23",4284,7130542,3779,6201074,144,581281,10635,3012960,18842,19542,16925857,0
"2022-02-24",3785,7134327,3649,6204723,108,581389,10162,3023122,17704,18281,16943561,0
"2022-02-25",3633,7137960,3615,6208338,135,581524,9960,3033082,17343,16334.14,16960904,0
"2022-02-26",2854,7140814,2577,6210915,74,581598,9496,3042578,15001,16096.43,16975905,0
"2022-02-27",1780,7142594,1371,6212286,52,581650,6260,3048838,9463,16028.57,16985368,0
"2022-02-28",3834,7146428,3124,6215410,141,581791,13089,3061927,20188,16880.29,17005556,0
"2022-03-01",2135,7148563,2606,6218016,103,581894,5158,3067085,10002,15506.14,17015558,0
"2022-03-02",1840,7150403,2425,6220441,105,581999,4104,3071189,8474,14025,17024032,0
"2022-03-03",1942,7152345,2552,6222993,106,582105,3786,3074975,8386,12693.86,17032418,0
"2022-03-04",2114,7154459,2864,6225857,67,582172,4311,3079286,9356,11552.86,17041774,0
"2022-03-05",1612,7156071,2124,6227981,43,582215,3304,3082590,7083,10421.71,17048857,0
"2022-03-06",802,7156873,878,6228859,30,582245,1617,3084207,3327,9545.14,17052184,0
"2022-03-07",1674,7158547,1780,6230639,85,582330,3477,3087684,7016,7663.43,17059200,0
"2022-03-08",1552,7160099,1892,6232531,81,582411,3114,3090798,6639,7183,17065839,0
"2022-03-09",1268,7161367,1664,6234195,78,582489,2570,3093368,5580,6769.57,17071419,0
"2022-03-10",1426,7162793,2094,6236289,85,582574,2941,3096309,6546,6506.71,17077965,0
"2022-03-11",1608,7164401,2267,6238556,80,582654,3198,3099507,7153,6192,17085118,0
"2022-03-12",880,7165281,1412,6239968,40,582694,1995,3101502,4327,5798.29,17089445,0
"2022-03-13",626,7165907,757,6240725,26,582720,1291,3102793,2700,5708.71,17092145,0
"2022-03-14",1383,7167290,1596,6242321,83,582803,2977,3105770,6039,5569.14,17098184,0
"2022-03-15",1354,7168644,1922,6244243,63,582866,3069,3108839,6408,5536.14,17104592,0
"2022-03-16",1400,7170044,2060,6246303,94,582960,3120,3111959,6674,5692.43,17111266,0
"2022-03-17",1181,7171225,1810,6248113,70,583030,2748,3114707,5809,5587.14,17117075,0
"2022-03-18",1589,7172814,2175,6250288,80,583110,3753,3118460,7597,5650.57,17124672,0
"2022-03-19",1116,7173930,1726,6252014,54,583164,2586,3121046,5482,5815.57,17130154,0
"2022-03-20",612,7174542,630,6252644,32,583196,1459,3122505,2733,5820.29,17132887,0
"2022-03-21",1424,7175966,1548,6254192,73,583269,3040,3125545,6085,5826.86,17138972,0
"2022-03-22",1344,7177310,1546,6255738,101,583370,2887,3128432,5878,5751.14,17144850,0
"2022-03-23",1259,7178569,1348,6257086,66,583436,2907,3131339,5580,5594.86,17150430,0
"2022-03-24",1217,7179786,1292,6258378,89,583525,2503,3133842,5101,5493.71,17155531,0
"2022-03-25",1389,7181175,1612,6259990,61,583586,3249,3137091,6311,5310,17161842,0
"2022-03-26",927,7182102,1155,6261145,36,583622,2289,3139380,4407,5156.43,17166249,0
"2022-03-27",576,7182678,525,6261670,29,583651,1310,3140690,2440,5114.57,17168689,0
"2022-03-28",1087,7183765,1149,6262819,68,583719,2428,3143118,4732,4921.29,17173421,0
"2022-03-29",1056,7184821,1102,6263921,86,583805,2498,3145616,4742,4759,17178163,0
"2022-03-30",1252,7186073,1132,6265053,98,583903,3048,3148664,5530,4751.86,17183693,0
"2022-03-31",1250,7187323,1248,6266301,57,583960,3142,3151806,5697,4837,17189390,0
"2022-04-01",1399,7188722,1482,6267783,73,584033,3226,3155032,6180,4818.29,17195570,0
"2022-04-02",886,7189608,908,6268691,33,584066,2085,3157117,3912,4747.57,17199482,0
"2022-04-03",544,7190152,493,6269184,28,584094,1220,3158337,2285,4725.43,17201767,0
"2022-04-04",1323,7191475,1301,6270485,60,584154,2708,3161045,5392,4819.71,17207159,0
"2022-04-05",1274,7192749,1147,6271632,68,584222,2854,3163899,5343,4905.57,17212502,0
"2022-04-06",1277,7194026,1170,6272802,58,584280,2606,3166505,5111,4845.71,17217613,0
"2022-04-07",1192,7195218,1060,6273862,54,584334,2367,3168872,4673,4699.43,17222286,0
"2022-04-08",1488,7196706,1388,6275250,56,584390,3148,3172020,6080,4685.14,17228366,0
"2022-04-09",940,7197646,917,6276167,28,584418,2043,3174063,3928,4687.43,17232294,0
"2022-04-10",593,7198239,460,6276627,25,584443,1170,3175233,2248,4682.14,17234542,0
"2022-04-11",1332,7199571,1221,6277848,59,584502,2641,3177874,5253,4662.29,17239795,0
"2022-04-12",1200,7200771,1049,6278897,73,584575,2499,3180373,4821,4587.71,17244616,0
"2022-04-13",1261,7202032,1062,6279959,58,584633,2491,3182864,4872,4553.57,17249488,0
"2022-04-14",1265,7203297,1082,6281041,53,584686,2372,3185236,4772,4567.71,17254260,0
"2022-04-15",1334,7204631,1085,6282126,52,584738,2539,3187775,5010,4414.86,17259270,0
"2022-04-16",872,7205503,646,6282772,29,584767,1631,3189406,3178,4307.71,17262448,0
"2022-04-17",347,7205850,202,6282974,26,584793,631,3190037,1206,4158.86,17263654,0
"2022-04-18",1362,7207212,1102,6284076,81,584874,2566,3192603,5111,4138.57,17268765,0
"2022-04-19",1401,7208613,933,6285009,70,584944,2555,3195158,4959,4158.29,17273724,0
"2022-04-20",1297,7209910,1126,6286135,65,585009,2607,3197765,5095,4190.14,17278819,0
"2022-04-21",1208,7211118,1052,6287187,52,585061,2296,3200061,4608,4166.71,17283427,0
"2022-04-22",1205,7212323,1004,6288191,42,585103,2183,3202244,4434,4084.43,17287861,0
"2022-04-23",714,7213037,742,6288933,42,585145,1410,3203654,2908,4045.86,17290769,0
"2022-04-24",441,7213478,337,6289270,27,585172,809,3204463,1614,4104.14,17292383,0
"2022-04-25",1009,7214487,905,6290175,55,585227,1825,3206288,3794,3916,17296177,0
"2022-04-26",916,7215403,842,6291017,66,585293,1731,3208019,3555,3715.43,17299732,0
"2022-04-27",1004,7216407,965,6291982,69,585362,1887,3209906,3925,3548.29,17303657,0
"2022-04-28",1044,7217451,962,6292944,48,585410,1933,3211839,3987,3459.57,17307644,120000
"2022-04-29",921,7218372,937,6293881,52,585462,1689,3213528,3599,3340.29,17311243,120000
"2022-04-30",706,7219078,712,6294593,41,585503,1373,3214901,2832,3329.43,17314075,120000
"2022-05-01",441,7219519,363,6294956,20,585523,744,3215645,1568,3322.86,17315643,120000
"2022-05-02",1011,7220530,776,6295732,44,585567,1618,3217263,3449,3273.57,17319092,120000
"2022-05-03",1059,7221589,801,6296533,51,585618,1824,3219087,3735,3299.29,17322827,120000
"2022-05-04",294,7221883,275,6296808,15,585633,608,3219695,1192,2908.86,17324019,120000
